scripts/IMPROVE-2019_partial/data/US0041R.20040101060000.20191216000000.filterpack..pm25.52w.1w.US03L_filterpack_US0041.US03L_IMPROVE_Davis.lev2.nas
66 1001
MISSING INFORMATION
US03L, IMPROVE, , , , , , , 
MISSING INFORMATION
IMPROVE sel_HTAP
1 1
2004 01 01 2019 12 16
3.00
days from file reference point
27
1 1 1 1 1 1 1 1 1 1 1 1 1 1 1 1 1 1 1 1 1 1 1 1 1 1 1
999.99 9999.99 9.999 99.99 9.999999 9.999 9.999999 99.99 9.999 9.999 9.999999 99.999 9.999 99.999 9.999 999.99 9.999999 999.999 9.999 999.999 9.999 999.999 9.999 9.999 9.999 99.999 9.999999
end_time of measurement, days from the file reference point
iron, ng/m3, Revision date=20181210133000
numflag iron, no unit, Revision date=20181210133000
lead, ng/m3, Revision date=20181210133000
numflag lead, no unit, Revision date=20181210133000
magnesium, ug/m3, Revision date=20181210133000
numflag magnesium, no unit, Revision date=20181210133000
nickel, ng/m3, Revision date=20181210133000
numflag nickel, no unit, Revision date=20181210133000
nitrate, ug N/m3, Revision date=20181210133000
numflag nitrate, no unit, Revision date=20181210133000
organic_carbon, ug C/m3, Revision date=20181210133000
numflag organic_carbon, no unit, Revision date=20181210133000
organic_mass, ug/m3, Revision date=20181210133000
numflag organic_mass, no unit, Revision date=20181210133000
phosphorus, ng/m3, Revision date=20181210133000
numflag phosphorus, no unit, Revision date=20181210133000
pm10_mass, ug/m3, Version=2, Version description=Data extracted from http://views.cira.colostate.edu/fed/DataWizard 2019-12-16, Sample duration=1d, Orig. time res.=3d, Matrix=pm10, Blank correction=Blank corrected, Volume std. temperature=ambient, Volume std. pressure=ambient
numflag pm10_mass, no unit, Version=2, Version description=Data extracted from http://views.cira.colostate.edu/fed/DataWizard 2019-12-16, Sample duration=1d, Orig. time res.=3d, Matrix=pm10, Blank correction=Blank corrected, Volume std. temperature=ambient, Volume std. pressure=ambient
pm10_pm25_mass, ug/m3, Revision date=20181210133000, Matrix=pm10_pm25
numflag pm10_pm25_mass, no unit, Revision date=20181210133000, Matrix=pm10_pm25
pm25_mass, ug/m3, Version=2, Version description=Data extracted from http://views.cira.colostate.edu/fed/DataWizard 2019-12-16, Sample duration=1d, Orig. time res.=3d, Blank correction=Blank corrected, Volume std. temperature=ambient, Volume std. pressure=ambient
numflag pm25_mass, no unit, Version=2, Version description=Data extracted from http://views.cira.colostate.edu/fed/DataWizard 2019-12-16, Sample duration=1d, Orig. time res.=3d, Blank correction=Blank corrected, Volume std. temperature=ambient, Volume std. pressure=ambient
potassium, ug/m3, Revision date=20181210133000
numflag potassium, no unit, Revision date=20181210133000
sulphate_total, ug S/m3, Revision date=20181210133000
numflag sulphate_total, no unit, Revision date=20181210133000
0
25
Data definition:              EBAS_1.1
Set type code:                TU
Timezone:                     UTC
File name:                    US0041R.20040101060000.20191216000000.filterpack..pm25.52w.1w.US03L_filterpack_US0041.US03L_IMPROVE_Davis.lev2.nas
File creation:                20191218115758
Startdate:                    20040101060000
Revision date:                20191216000000
Statistics:                   arithmetic mean
Data level:                   2
Period code:                  52w
Resolution code:              1w
Station code:                 US0041R
Platform code:                US0041S
Station name:                 Breton
Station latitude:             29.1189
Station longitude:            -89.2066
Station altitude:             11.0 m
Regime:                       IMG
Component:                    
Matrix:                       pm25
Laboratory code:              US03L
Instrument type:              filterpack
Instrument name:              filterpack_US0041
Method ref:                   US03L_IMPROVE_Davis
starttime endtime Fe flag_Fe Pb flag_Pb Mg++ flag_Mg++ Ni flag_Ni NO3- flag_NO3- OC flag_OC OM flag_OM P flag_P PM10 flag_PM10 PM10-PM2.5 flag_PM10-PM2.5 PM2.5 flag_PM2.5 K+ flag_K+ SO4-- flag_SO4--
  0.25   1.25    7.57 0.000  0.21 0.000000 9.999 0.259000  0.38 0.000 9.999 0.999000  0.709 0.000  0.993 0.000 999.99 0.259000  10.908 0.000   5.916 0.000   4.991 0.000 0.043 0.000 99.999 0.999000
  3.25   4.25    4.11 0.000 99.99 0.259000 0.037 0.000000  1.22 0.000 9.999 0.999000  0.421 0.000  0.589 0.000 999.99 0.259000  11.962 0.000   6.450 0.000   5.512 0.000 0.041 0.000 99.999 0.999000
  6.25   7.25 9999.99 0.999 99.99 0.999000 9.999 0.999000 99.99 0.999 9.999 0.999000 99.999 0.999 99.999 0.999 999.99 0.999000 999.999 0.999 999.999 0.999 999.999 0.999 9.999 0.999 99.999 0.999000
  9.25  10.25   29.54 0.000  1.09 0.000000 9.999 0.259000 99.99 0.259 9.999 0.999000  1.466 0.000  2.052 0.000 999.99 0.259000  13.999 0.000   3.179 0.000  10.820 0.000 0.049 0.000 99.999 0.999000
 12.25  13.25   16.00 0.000  1.07 0.000000 9.999 0.259000  0.42 0.000 9.999 0.999000  1.156 0.000  1.618 0.000 999.99 0.259000  12.970 0.000   2.053 0.000  10.916 0.000 0.036 0.000 99.999 0.999000
 15.25  16.25   22.86 0.000  1.89 0.000000 9.999 0.259000  0.23 0.000 9.999 0.999000  2.760 0.000  3.864 0.000 999.99 0.259000  13.671 0.000   4.099 0.000   9.572 0.000 0.059 0.000 99.999 0.999000
 18.25  19.25    9.94 0.000  1.05 0.000000 9.999 0.259000  0.42 0.000 9.999 0.999000  1.118 0.000  1.565 0.000 999.99 0.259000   6.763 0.000   1.500 0.000   5.263 0.000 0.037 0.000 99.999 0.999000
 21.25  22.25   28.54 0.000  1.90 0.000000 9.999 0.259000  1.58 0.000 0.307 0.559000  3.028 0.000  4.239 0.000 999.99 0.259000  11.440 0.000   0.899 0.000  10.541 0.000 0.080 0.000  0.888 0.559000
 24.25  25.25    9.53 0.000  0.35 0.000000 0.106 0.000000  0.88 0.000 0.103 0.559000  0.950 0.000  1.330 0.000 999.99 0.259000  22.515 0.000  10.078 0.000  12.437 0.000 0.098 0.000  1.338 0.559000
 27.25  28.25   22.55 0.000  1.18 0.000000 0.038 0.000000  0.87 0.000 0.300 0.559000  1.054 0.000  1.475 0.000 999.99 0.259000   8.356 0.000   2.532 0.000   5.823 0.000 0.037 0.000  0.568 0.559000
 30.25  31.25   21.06 0.000  1.02 0.000000 0.056 0.000000  0.22 0.000 0.115 0.559000  1.857 0.000  2.599 0.000 999.99 0.259000  14.480 0.000   5.547 0.000   8.933 0.000 0.078 0.000  0.639 0.559000
 33.25  34.25   12.77 0.000  1.23 0.000000 9.999 0.259000  0.20 0.000 0.146 0.559000  0.955 0.000  1.337 0.000 999.99 0.259000   7.285 0.000   1.082 0.000   6.204 0.000 0.036 0.000  0.667 0.559000
 36.25  37.25   10.98 0.000  0.86 0.000000 9.999 0.259000  0.51 0.000 0.082 0.000000  0.987 0.000  1.382 0.000 999.99 0.259000   9.817 0.000   3.784 0.000   6.033 0.000 0.062 0.000  0.662 0.000000
 39.25  40.25    8.92 0.000  0.58 0.000000 9.999 0.259000  0.27 0.000 0.100 0.559000  0.646 0.000  0.905 0.000 999.99 0.259000  13.889 0.000   6.197 0.000   7.692 0.000 0.031 0.000  1.233 0.559000
 42.25  43.25    5.74 0.000  0.54 0.000000 9.999 0.259000  0.27 0.000 0.066 0.559000  0.758 0.000  1.062 0.000 999.99 0.259000   6.217 0.000   1.650 0.000   4.567 0.000 0.038 0.000  0.612 0.559000
 45.25  46.25   10.69 0.000  1.62 0.000000 9.999 0.259000  0.32 0.000 0.056 0.559000  0.809 0.000  1.132 0.000 999.99 0.259000   8.544 0.000   1.348 0.000   7.196 0.000 0.023 0.000  1.304 0.559000
 48.25  49.25   24.69 0.000  1.95 0.000000 0.041 0.000000  0.69 0.000 0.286 0.559000  1.714 0.000  2.400 0.000 999.99 0.259000  12.994 0.000   1.316 0.000  11.678 0.000 0.045 0.000  1.596 0.559000
 51.25  52.25   27.71 0.000  1.25 0.000000 9.999 0.259000  1.12 0.000 0.208 0.559000  1.509 0.000  2.113 0.000 999.99 0.259000  11.440 0.000   2.516 0.000   8.924 0.000 0.043 0.000  1.099 0.559000
 54.25  55.25   15.43 0.000  0.99 0.000000 9.999 0.259000  0.49 0.000 0.057 0.559000  1.931 0.000  2.704 0.000 999.99 0.259000   7.605 0.000   1.226 0.000   6.380 0.000 0.049 0.000  0.457 0.559000
 57.25  58.25   10.62 0.000  1.95 0.000000 9.999 0.259000  0.27 0.000 0.034 0.559000  0.711 0.000  0.995 0.000 999.99 0.259000  10.944 0.000   1.716 0.000   9.228 0.000 0.014 0.000  1.722 0.559000
 60.25  61.25    8.84 0.000  0.67 0.000000 0.139 0.000000  0.82 0.000 0.172 0.559000  1.620 0.000  2.269 0.000  42.31 0.000000  28.827 0.000  17.137 0.000  11.689 0.000 0.093 0.000  0.612 0.559000
 63.25  64.25    9.41 0.000  0.96 0.000000 0.123 0.000000  0.47 0.000 0.123 0.559000  0.662 0.000  0.927 0.000 999.99 0.259000  23.729 0.000  13.241 0.000  10.488 0.000 0.101 0.000  0.642 0.559000
 66.25  67.25   54.11 0.000  1.59 0.000000 9.999 0.259000  3.20 0.000 0.171 0.559000  2.190 0.000  3.066 0.000 999.99 0.259000  11.755 0.000   4.116 0.000   7.639 0.000 0.055 0.000  0.557 0.559000
 69.25  70.25   21.45 0.000  1.72 0.000000 0.136 0.000000  0.07 0.000 0.076 0.559000  1.014 0.000  1.419 0.000 999.99 0.259000  11.280 0.000   1.211 0.000  10.069 0.000 0.030 0.000  1.446 0.559000
 72.25  73.25   28.80 0.000  1.96 0.000000 9.999 0.259000  0.82 0.000 0.331 0.000000  2.787 0.000  3.901 0.000 999.99 0.259000  19.290 0.000   2.102 0.000  17.188 0.000 0.056 0.000  2.351 0.000000
 75.25  76.25   17.54 0.000  1.93 0.000000 9.999 0.259000  2.73 0.000 0.309 0.559000  1.993 0.000  2.791 0.000 999.99 0.259000  14.460 0.000   0.694 0.000  13.765 0.000 0.049 0.000  2.071 0.559000
 78.25  79.25   14.22 0.000  0.29 0.000000 9.999 0.259000  0.33 0.000 0.117 0.559000  0.671 0.000  0.939 0.000 999.99 0.259000   6.225 0.000   1.958 0.000   4.266 0.000 0.023 0.000  0.540 0.559000
 81.25  82.25   55.15 0.000  3.04 0.000000 9.999 0.259000  0.21 0.000 0.086 0.000000  0.962 0.000  1.347 0.000 999.99 0.259000  11.766 0.000   4.915 0.000   6.851 0.000 0.065 0.000  0.891 0.000000
 84.25  85.25   26.03 0.000  1.70 0.000000 0.087 0.000000  0.24 0.000 0.119 0.559000  0.477 0.000  0.668 0.000 999.99 0.259000  19.826 0.000  12.449 0.000   7.377 0.000 0.058 0.000  0.823 0.559000
 87.25  88.25   15.37 0.000  1.62 0.000000 0.030 0.000000  0.43 0.000 0.163 0.559000  0.591 0.000  0.827 0.000 999.99 0.259000  14.932 0.000   7.988 0.000   6.944 0.000 0.050 0.000  0.525 0.559000
 90.25  91.25   26.36 0.000  1.42 0.000000 9.999 0.259000  0.52 0.000 0.049 0.559000  1.911 0.000  2.676 0.000 999.99 0.259000   9.151 0.000   2.795 0.000   6.355 0.000 0.041 0.000  0.474 0.559000
 93.25  94.25   25.28 0.000  2.79 0.000000 9.999 0.259000  1.15 0.000 0.195 0.559000  3.508 0.000  4.911 0.000 999.99 0.259000  16.608 0.000   2.501 0.000  14.107 0.000 0.044 0.000  1.495 0.559000
 96.25  97.25   49.92 0.000  2.56 0.000000 9.999 0.259000  0.20 0.000 0.044 0.559000  0.858 0.000  1.201 0.000 999.99 0.259000  12.418 0.000   5.023 0.000   7.395 0.000 0.051 0.000  0.923 0.559000
 99.25 100.25   19.21 0.000  1.14 0.000000 9.999 0.259000  1.47 0.000 0.219 0.559000  2.472 0.000  3.461 0.000 999.99 0.259000  12.015 0.000   2.036 0.000   9.979 0.000 0.032 0.000  0.916 0.559000
102.25 103.25    9.42 0.394  1.70 0.394000 9.999 0.394259  0.73 0.394 0.119 0.559394  0.847 0.000  1.186 0.000 999.99 0.394259  14.955 0.000   5.312 0.000   9.643 0.000 0.029 0.394  1.600 0.559394
105.25 106.25   34.50 0.000  4.27 0.000000 9.999 0.259000  0.22 0.000 0.200 0.559000  2.054 0.000  2.875 0.000 999.99 0.259000  15.034 0.000   5.443 0.000   9.591 0.000 0.087 0.000  1.035 0.559000
108.25 109.25   37.32 0.000  1.89 0.000000 9.999 0.259000  0.48 0.000 0.089 0.559000  0.831 0.000  1.163 0.000 999.99 0.259000  14.907 0.000   5.378 0.000   9.529 0.000 0.054 0.000  1.514 0.559000
111.25 112.25   61.76 0.000  1.67 0.000000 9.999 0.259000  0.41 0.000 0.130 0.559000  0.471 0.000  0.659 0.000 999.99 0.259000  17.506 0.000  10.499 0.000   7.007 0.000 0.074 0.000  0.759 0.559000
114.25 115.25   29.36 0.394  0.67 0.394000 9.999 0.394259  0.88 0.394 0.163 0.559394  1.178 0.000  1.649 0.000 999.99 0.394259  22.948 0.000  12.909 0.000  10.038 0.000 0.094 0.394  0.977 0.559394
117.25 118.25   81.41 0.000  2.79 0.000000 9.999 0.259000  0.29 0.000 0.055 0.559000  1.089 0.000  1.524 0.000 999.99 0.259000 999.999 0.999 999.999 0.999   8.884 0.000 0.072 0.000  0.961 0.559000
120.25 121.25   16.70 0.000  0.51 0.000000 9.999 0.259000  0.22 0.000 0.074 0.559000  0.421 0.000  0.590 0.000 999.99 0.259000 999.999 0.999 999.999 0.999   4.302 0.000 0.045 0.000  0.337 0.559000
123.25 124.25   31.65 0.000  2.94 0.000000 9.999 0.259000  0.11 0.000 0.030 0.559000  1.078 0.000  1.509 0.000 999.99 0.259000 999.999 0.999 999.999 0.999   7.007 0.000 0.044 0.000  0.887 0.559000
126.25 127.25   27.89 0.000  1.70 0.000000 9.999 0.259000  0.39 0.000 0.050 0.559000  1.439 0.000  2.015 0.000 999.99 0.259000 999.999 0.999 999.999 0.999  10.681 0.000 0.043 0.000  1.502 0.559000
129.25 130.25   29.75 0.000  1.59 0.000000 9.999 0.259000  0.90 0.000 0.128 0.559000  1.264 0.000  1.770 0.000 999.99 0.259000 999.999 0.999 999.999 0.999  11.668 0.000 0.048 0.000  1.754 0.559000
132.25 133.25   67.04 0.000  1.21 0.000000 9.999 0.259000  0.54 0.000 0.158 0.559000  0.378 0.000  0.530 0.000 999.99 0.259000 999.999 0.999 999.999 0.999  11.149 0.000 0.088 0.000  1.419 0.559000
135.25 136.25   31.42 0.000  0.89 0.000000 9.999 0.259000  0.69 0.000 0.119 0.559000  0.491 0.000  0.687 0.000 999.99 0.259000 999.999 0.999 999.999 0.999   7.505 0.000 0.065 0.000  0.720 0.559000
138.25 139.25   28.66 0.000  0.78 0.000000 9.999 0.259000  0.50 0.000 0.144 0.559000  0.545 0.000  0.763 0.000 999.99 0.259000 999.999 0.999 999.999 0.999   7.741 0.000 0.054 0.000  0.837 0.559000
141.25 142.25   16.85 0.000  0.73 0.000000 0.078 0.000000  0.59 0.000 0.118 0.559000 99.999 0.999 99.999 0.999 999.99 0.259000 999.999 0.999 999.999 0.999   7.601 0.000 0.031 0.000  1.216 0.559000
144.25 145.25   18.52 0.000  0.53 0.000000 9.999 0.259000  0.55 0.000 0.095 0.559000 99.999 0.999 99.999 0.999 999.99 0.259000 999.999 0.999 999.999 0.999   5.740 0.000 0.034 0.000  0.911 0.559000
147.25 148.25   20.89 0.000  0.75 0.000000 9.999 0.259000  1.05 0.000 0.054 0.559000 99.999 0.999 99.999 0.999 999.99 0.259000 999.999 0.999 999.999 0.999   7.567 0.000 0.041 0.000  1.268 0.559000
150.25 151.25  147.17 0.000  0.86 0.000000 9.999 0.259000  1.12 0.000 0.025 0.559000 99.999 0.999 99.999 0.999 999.99 0.259000 999.999 0.999 999.999 0.999  11.249 0.000 0.136 0.000  0.825 0.559000
153.25 154.25   21.73 0.000  0.91 0.000000 9.999 0.259000  0.40 0.000 0.016 0.559000  0.404 0.000  0.566 0.000 999.99 0.259000 999.999 0.999 999.999 0.999   3.916 0.000 0.043 0.000  0.233 0.559000
156.25 157.25  135.50 0.000  1.22 0.000000 0.115 0.000000  1.62 0.000 0.034 0.559000  1.015 0.000  1.421 0.000 999.99 0.259000 999.999 0.999 999.999 0.999   8.595 0.000 0.098 0.000  0.655 0.559000
159.25 160.25   62.28 0.000  1.06 0.000000 9.999 0.259000  0.53 0.000 0.020 0.559000  0.332 0.000  0.465 0.000 999.99 0.259000 999.999 0.999 999.999 0.999   6.044 0.000 0.060 0.000  0.615 0.559000
162.25 163.25   56.81 0.000  0.55 0.000000 9.999 0.259000  1.12 0.000 0.024 0.559000  0.359 0.000  0.502 0.000 999.99 0.259000 999.999 0.999 999.999 0.999   7.283 0.000 0.042 0.000  0.835 0.559000
165.25 166.25   16.67 0.000 99.99 0.259000 9.999 0.259000  0.15 0.000 0.007 0.559000  0.298 0.000  0.417 0.000 999.99 0.259000 999.999 0.999 999.999 0.999   1.957 0.000 0.020 0.000  0.071 0.559000
168.25 169.25  179.17 0.000  0.23 0.000000 9.999 0.259000  1.19 0.000 0.021 0.559000  0.775 0.000  1.085 0.000 999.99 0.259000  17.862 0.000   6.047 0.000  11.815 0.000 0.152 0.000  1.001 0.559000
171.25 172.25   53.15 0.000  2.48 0.000000 0.122 0.000000  2.30 0.000 0.040 0.559000  2.548 0.000  3.567 0.000 999.99 0.259000  22.614 0.000   7.381 0.000  15.233 0.000 0.064 0.000  1.117 0.559000
174.25 175.25 9999.99 0.899 99.99 0.899000 9.999 0.899000 99.99 0.899 0.030 0.000000  0.551 0.000  0.772 0.000 999.99 0.899000 999.999 0.899 999.999 0.999 999.999 0.899 9.999 0.899  0.811 0.000000
177.25 178.25  171.18 0.000  0.73 0.000000 0.139 0.000000  0.96 0.000 0.022 0.000000  0.628 0.000  0.879 0.000 999.99 0.259000  13.636 0.000   7.630 0.000   6.006 0.000 0.076 0.000  0.291 0.000000
180.25 181.25  165.40 0.000  0.38 0.000000 9.999 0.259000  0.33 0.000 0.017 0.559000  0.473 0.000  0.662 0.000 999.99 0.259000  18.604 0.000  11.205 0.000   7.399 0.000 0.110 0.000  0.459 0.559000
183.25 184.25 9999.99 0.899 99.99 0.899000 9.999 0.899000 99.99 0.899 0.016 0.000000  0.349 0.000  0.488 0.000 999.99 0.899000 999.999 0.899 999.999 0.999 999.999 0.899 9.999 0.899  0.325 0.000000
186.25 187.25   21.07 0.000  0.83 0.000000 9.999 0.259000  0.73 0.000 0.013 0.559000  0.193 0.000  0.271 0.000 999.99 0.259000  11.046 0.000   6.406 0.000   4.640 0.000 0.026 0.000  0.569 0.559000
189.25 190.25   51.84 0.000  0.21 0.000000 9.999 0.259000  1.18 0.000 0.024 0.559000  0.389 0.000  0.545 0.000 999.99 0.259000 999.999 0.456 999.999 0.999   4.129 0.000 0.030 0.000  0.277 0.559000
192.25 193.25   81.90 0.000 99.99 0.259000 9.999 0.259000  0.36 0.000 0.028 0.000000  0.722 0.000  1.010 0.000 999.99 0.259000 999.999 0.456 999.999 0.999   4.978 0.000 0.058 0.000  0.479 0.000000
195.25 196.25  174.99 0.000  1.37 0.000000 9.999 0.259000  1.01 0.000 0.027 0.559000  1.093 0.000  1.530 0.000 999.99 0.259000  14.685 0.000   4.346 0.000  10.338 0.000 0.078 0.000  0.815 0.559000
198.25 199.25  217.99 0.000  0.82 0.000000 9.999 0.259000  0.87 0.000 0.050 0.559000  0.414 0.000  0.579 0.000 999.99 0.259000  15.544 0.000   5.809 0.000   9.735 0.000 0.090 0.000  0.992 0.559000
201.25 202.25   31.29 0.000  0.88 0.000000 9.999 0.259000 99.99 0.259 0.039 0.559000  3.151 0.000  4.411 0.000 999.99 0.259000  24.412 0.000   2.531 0.000  21.881 0.000 0.070 0.000  1.860 0.559000
204.25 205.25   89.31 0.000  0.98 0.000000 9.999 0.259000  2.52 0.000 0.132 0.000000  2.874 0.000  4.024 0.000 999.99 0.259000  21.226 0.000   2.899 0.000  18.327 0.000 0.081 0.000  1.811 0.000000
207.25 208.25   27.78 0.000  0.73 0.000000 9.999 0.259000  0.58 0.000 0.082 0.559000  2.452 0.000  3.433 0.000 999.99 0.259000  21.265 0.000   4.261 0.000  17.004 0.000 0.061 0.000  1.663 0.559000
210.25 211.25   28.98 0.000  1.05 0.000000 9.999 0.259000  0.91 0.000 0.233 0.559000  1.488 0.000  2.083 0.000 999.99 0.259000  18.256 0.000   1.122 0.000  17.134 0.000 0.043 0.000  2.037 0.559000
213.25 214.25   30.59 0.000  0.50 0.000000 9.999 0.259000  0.65 0.000 0.017 0.559000  0.478 0.000  0.670 0.000 999.99 0.259000   8.842 0.000   3.762 0.000   5.080 0.000 0.034 0.000  0.609 0.559000
216.25 217.25   29.42 0.559  1.65 0.559000 0.037 0.559000  1.52 0.559 0.050 0.559000  3.004 0.000  4.206 0.000 999.99 0.559259  25.031 0.000   1.689 0.000  23.342 0.559 0.046 0.559  2.212 0.559000
219.25 220.25   30.82 0.559  1.53 0.559000 0.055 0.559000  0.36 0.559 0.021 0.559000  2.676 0.000  3.746 0.000 999.99 0.559259  22.874 0.000   4.355 0.000  18.518 0.559 0.049 0.559  1.817 0.559000
222.25 223.25   28.07 0.559  1.06 0.559000 9.999 0.559259  0.94 0.559 0.016 0.559000  1.606 0.000  2.249 0.000 999.99 0.559259  16.422 0.000   1.663 0.000  14.760 0.559 0.041 0.559  1.684 0.559000
225.25 226.25   24.94 0.000  1.12 0.000000 9.999 0.259000  0.14 0.000 0.017 0.559000  1.493 0.000  2.091 0.000 999.99 0.259000  14.352 0.000   3.112 0.000  11.240 0.000 0.034 0.000  1.438 0.559000
228.25 229.25   30.28 0.000  1.94 0.000000 0.063 0.000000  0.22 0.000 0.030 0.000000  3.359 0.000  4.703 0.000 999.99 0.259000  21.296 0.000 999.999 0.259  22.813 0.000 0.044 0.000  2.524 0.000000
231.25 232.25   68.18 0.000  0.60 0.000000 9.999 0.259000  0.50 0.000 0.015 0.000000  0.676 0.000  0.946 0.000 999.99 0.259000  10.755 0.000   2.615 0.000   8.139 0.000 0.049 0.000  0.906 0.000000
234.25 235.25  400.64 0.000  0.26 0.000000 9.999 0.259000  1.09 0.000 0.024 0.559000  1.287 0.000  1.801 0.000 999.99 0.259000  20.054 0.000   8.242 0.000  11.812 0.000 0.155 0.000  0.632 0.559000
237.25 238.25  482.92 0.000  0.59 0.000000 0.184 0.000000  0.62 0.000 0.016 0.559000  0.461 0.000  0.645 0.000 999.99 0.259000  20.656 0.000   7.704 0.000  12.952 0.000 0.174 0.000  0.633 0.559000
240.25 241.25   26.83 0.394 99.99 0.394259 9.999 0.394259  0.96 0.394 0.017 0.394000  0.577 0.000  0.807 0.000 999.99 0.394259  19.835 0.000  11.046 0.000   8.790 0.000 0.036 0.394  0.748 0.394000
