scripts/IMPROVE-2019_partial/data/US0071R.20040101080000.20191216000000.filterpack..pm25.52w.1w.US03L_filterpack_US0071.US03L_IMPROVE_Davis.lev2.nas
66 1001
MISSING INFORMATION
US03L, IMPROVE, , , , , , , 
MISSING INFORMATION
IMPROVE sel_HTAP
1 1
2004 01 01 2019 12 16
3.000000
days from file reference point
27
1 1 1 1 1 1 1 1 1 1 1 1 1 1 1 1 1 1 1 1 1 1 1 1 1 1 1
999.999999 9999.99 9.999999 99.99 9.999999 9.999 9.999999 9.99 9.999999 99.999 9.999999 99.999 9.999 99.999 9.999 99.9 9.999999999 999.999 9.999 999.999 9.999 999.999 9.999 9.999 9.999999 9.999 9.999999
end_time of measurement, days from the file reference point
iron, ng/m3, Revision date=20181210133000
numflag iron, no unit, Revision date=20181210133000
lead, ng/m3, Revision date=20181210133000
numflag lead, no unit, Revision date=20181210133000
magnesium, ug/m3, Revision date=20181210133000
numflag magnesium, no unit, Revision date=20181210133000
nickel, ng/m3, Revision date=20181210133000
numflag nickel, no unit, Revision date=20181210133000
nitrate, ug N/m3, Revision date=20181210133000
numflag nitrate, no unit, Revision date=20181210133000
organic_carbon, ug C/m3, Revision date=20181210133000
numflag organic_carbon, no unit, Revision date=20181210133000
organic_mass, ug/m3, Revision date=20181210133000
numflag organic_mass, no unit, Revision date=20181210133000
phosphorus, ng/m3, Revision date=20181210133000
numflag phosphorus, no unit, Revision date=20181210133000
pm10_mass, ug/m3, Version=2, Version description=Data extracted from http://views.cira.colostate.edu/fed/DataWizard 2019-12-16, Sample duration=1d, Orig. time res.=3d, Matrix=pm10, Blank correction=Blank corrected, Volume std. temperature=ambient, Volume std. pressure=ambient
numflag pm10_mass, no unit, Version=2, Version description=Data extracted from http://views.cira.colostate.edu/fed/DataWizard 2019-12-16, Sample duration=1d, Orig. time res.=3d, Matrix=pm10, Blank correction=Blank corrected, Volume std. temperature=ambient, Volume std. pressure=ambient
pm10_pm25_mass, ug/m3, Revision date=20181210133000, Matrix=pm10_pm25
numflag pm10_pm25_mass, no unit, Revision date=20181210133000, Matrix=pm10_pm25
pm25_mass, ug/m3, Version=2, Version description=Data extracted from http://views.cira.colostate.edu/fed/DataWizard 2019-12-16, Sample duration=1d, Orig. time res.=3d, Blank correction=Blank corrected, Volume std. temperature=ambient, Volume std. pressure=ambient
numflag pm25_mass, no unit, Version=2, Version description=Data extracted from http://views.cira.colostate.edu/fed/DataWizard 2019-12-16, Sample duration=1d, Orig. time res.=3d, Blank correction=Blank corrected, Volume std. temperature=ambient, Volume std. pressure=ambient
potassium, ug/m3, Revision date=20181210133000
numflag potassium, no unit, Revision date=20181210133000
sulphate_total, ug S/m3, Revision date=20181210133000
numflag sulphate_total, no unit, Revision date=20181210133000
0
25
Data definition:              EBAS_1.1
Set type code:                TU
Timezone:                     UTC
File name:                    US0071R.20040101080000.20191216000000.filterpack..pm25.52w.1w.US03L_filterpack_US0071.US03L_IMPROVE_Davis.lev2.nas
File creation:                20191218120015
Startdate:                    20040101080000
Revision date:                20191216000000
Statistics:                   arithmetic mean
Data level:                   2
Period code:                  52w
Resolution code:              1w
Station code:                 US0071R
Platform code:                US0071S
Station name:                 Hells Canyon
Station latitude:             44.9702
Station longitude:            -116.8438
Station altitude:             655.0 m
Regime:                       IMG
Component:                    
Matrix:                       pm25
Laboratory code:              US03L
Instrument type:              filterpack
Instrument name:              filterpack_US0071
Method ref:                   US03L_IMPROVE_Davis
starttime endtime Fe flag_Fe Pb flag_Pb Mg++ flag_Mg++ Ni flag_Ni NO3- flag_NO3- OC flag_OC OM flag_OM P flag_P PM10 flag_PM10 PM10-PM2.5 flag_PM10-PM2.5 PM2.5 flag_PM2.5 K+ flag_K+ SO4-- flag_SO4--
  0.333333   1.333333    3.26 0.000000  1.72 0.000000 9.999 0.259000 9.99 0.259000  0.194 0.000000  0.806 0.000  1.129 0.000 99.9 0.259000000   2.397 0.000   0.314 0.000   2.083 0.000 0.017 0.000000 0.093 0.000000
  3.333333   4.333333    4.56 0.000000  0.20 0.000000 9.999 0.259000 0.11 0.000000  0.114 0.000000  0.501 0.000  0.702 0.000 99.9 0.259000000   1.849 0.000   0.538 0.000   1.311 0.000 0.010 0.000000 0.092 0.000000
  6.333333   7.333333    7.05 0.000000  0.36 0.000000 9.999 0.259000 0.10 0.000000  0.132 0.000000  0.742 0.000  1.039 0.000 99.9 0.259000000   2.893 0.000   0.568 0.000   2.325 0.000 0.013 0.000000 0.172 0.000000
  9.333333  10.333333    7.70 0.000000  0.46 0.000000 9.999 0.259000 0.06 0.000000  0.831 0.000000  0.903 0.000  1.264 0.000 99.9 0.259000000   5.588 0.000   1.373 0.000   4.215 0.000 0.011 0.000000 0.181 0.000000
 12.333333  13.333333   12.97 0.000000  1.18 0.000000 9.999 0.259000 9.99 0.259000  1.824 0.000000  1.668 0.000  2.335 0.000 99.9 0.259000000  15.831 0.000   1.765 0.000  14.066 0.000 0.037 0.000000 0.468 0.000000
 15.333333  16.333333    9.76 0.000000  0.44 0.000000 9.999 0.259000 9.99 0.259000  1.993 0.000000  1.418 0.000  1.986 0.000 99.9 0.259000000  16.204 0.000   1.726 0.000  14.478 0.000 0.032 0.000000 0.505 0.000000
 18.333333  19.333333    9.29 0.000000  0.31 0.000000 9.999 0.259000 0.07 0.000000  1.625 0.000000  1.359 0.000  1.903 0.000 99.9 0.259000000  12.656 0.000   1.153 0.000  11.503 0.000 0.015 0.000000 0.507 0.000000
 21.333333  22.333333    2.02 0.000000  0.22 0.000000 9.999 0.259000 9.99 0.259000  0.111 0.000000  0.104 0.000  0.146 0.000 99.9 0.259000000   1.103 0.000   0.348 0.000   0.755 0.000 0.004 0.000000 0.055 0.000000
 24.333333  25.333333    3.79 0.000000  0.38 0.000000 9.999 0.259000 9.99 0.259000  0.454 0.000000  0.417 0.000  0.583 0.000 99.9 0.259000000   3.452 0.000   0.531 0.000   2.921 0.000 0.008 0.000000 0.257 0.000000
 27.333333  28.333333    2.55 0.000000  0.15 0.000000 9.999 0.259000 9.99 0.259000  0.499 0.000000  0.384 0.000  0.538 0.000 99.9 0.259000000   3.064 0.000   0.381 0.000   2.683 0.000 0.007 0.000000 0.197 0.000000
 30.333333  31.333333    2.91 0.000000  0.18 0.000000 9.999 0.259000 0.08 0.000000  0.013 0.559000  0.082 0.000  0.115 0.000 99.9 0.259000000   1.226 0.000   0.786 0.000   0.440 0.000 0.004 0.000000 0.022 0.559000
 33.333333  34.333333    2.29 0.000000  0.28 0.000000 9.999 0.259000 9.99 0.259000  0.222 0.000000  0.383 0.000  0.535 0.000 99.9 0.259000000   1.692 0.000   0.241 0.000   1.452 0.000 0.004 0.000000 0.125 0.000000
 36.333333  37.333333    4.23 0.000000  0.28 0.000000 9.999 0.259000 9.99 0.259000  0.116 0.000000  0.561 0.000  0.785 0.000 99.9 0.259000000   2.042 0.000   0.630 0.000   1.413 0.000 0.006 0.000000 0.075 0.000000
 39.333333  40.333333    4.58 0.000000  0.31 0.000000 9.999 0.259000 9.99 0.259000  0.062 0.559000  0.523 0.000  0.732 0.000 99.9 0.259000000   3.082 0.000   1.188 0.000   1.894 0.000 0.008 0.000000 0.138 0.559000
 42.333333  43.333333    3.95 0.000000  0.18 0.000000 9.999 0.259000 9.99 0.259000  0.675 0.000000  0.592 0.000  0.829 0.000 99.9 0.259000000   5.219 0.000   0.528 0.000   4.691 0.000 0.007 0.000000 0.163 0.000000
 45.333333  46.333333    8.88 0.000000  0.87 0.000000 9.999 0.259000 0.05 0.000000  1.363 0.559000  0.893 0.000  1.250 0.000 99.9 0.259000000  12.410 0.000   1.753 0.000  10.656 0.000 0.017 0.000000 0.494 0.559000
 48.333333  49.333333   71.89 0.000000  0.31 0.000000 0.060 0.000000 9.99 0.259000  0.108 0.000000  0.602 0.000  0.843 0.000 99.9 0.259000000   9.681 0.000   6.645 0.000   3.036 0.000 0.049 0.000000 0.107 0.000000
 51.333333  52.333333    5.34 0.000000  0.31 0.000000 9.999 0.259000 0.04 0.000000  0.184 0.000000  0.755 0.000  1.057 0.000 99.9 0.259000000   2.574 0.000   0.957 0.000   1.616 0.000 0.005 0.000000 0.078 0.000000
 54.333333  55.333333    7.50 0.000000  0.48 0.000000 0.014 0.000000 0.07 0.000000  0.208 0.000000  0.748 0.000  1.047 0.000 99.9 0.259000000   3.220 0.000   0.779 0.000   2.441 0.000 0.009 0.000000 0.214 0.000000
 57.333333  58.333333    3.48 0.000000  0.55 0.000000 9.999 0.259000 9.99 0.259000  0.019 0.000000  0.307 0.000  0.430 0.000 99.9 0.259000000   1.218 0.000   0.524 0.000   0.694 0.000 0.004 0.000000 0.060 0.000000
 60.333333  61.333333    4.78 0.000000  0.28 0.000000 9.999 0.259000 9.99 0.259000  0.028 0.000000  0.405 0.000  0.567 0.000 99.9 0.259000000   2.083 0.000   0.706 0.000   1.377 0.000 0.006 0.000000 0.080 0.000000
 63.333333  64.333333    3.16 0.000000  0.32 0.000000 0.035 0.000000 9.99 0.259000  0.123 0.000000  0.263 0.000  0.368 0.000 99.9 0.259000000   1.266 0.000   0.001 0.000   1.265 0.000 0.007 0.000000 0.102 0.000000
 66.333333  67.333333   27.03 0.000000  3.89 0.000000 9.999 0.259000 9.99 0.259000  0.093 0.559000  0.445 0.000  0.623 0.000 99.9 0.259000000   6.250 0.000   2.629 0.000   3.621 0.000 0.041 0.000000 0.325 0.559000
 69.333333  70.333333   36.31 0.000000  1.73 0.000000 9.999 0.259000 9.99 0.259000  0.096 0.000000  0.812 0.000  1.136 0.000 99.9 0.259000000   5.964 0.000   2.380 0.000   3.584 0.000 0.029 0.000000 0.236 0.000000
 72.333333  73.333333   30.39 0.000000  0.57 0.000000 9.999 0.259000 0.10 0.000000  0.042 0.000000  0.583 0.000  0.816 0.000 99.9 0.259000000   5.767 0.000   2.995 0.000   2.772 0.000 0.022 0.000000 0.172 0.000000
 75.333333  76.333333   28.24 0.000000  0.76 0.000000 0.030 0.000000 9.99 0.259000  0.021 0.559000  0.471 0.000  0.659 0.000 99.9 0.259000000   4.954 0.000   2.797 0.000   2.157 0.000 0.020 0.000000 0.115 0.559000
 78.333333  79.333333   48.46 0.000000  0.63 0.000000 9.999 0.259000 9.99 0.259000  0.053 0.000000  0.426 0.000  0.596 0.000 99.9 0.259000000   7.635 0.000   5.038 0.000   2.597 0.000 0.029 0.000000 0.164 0.000000
 81.333333  82.333333   53.60 0.000000  1.20 0.000000 9.999 0.259000 9.99 0.259000  0.022 0.000000  1.546 0.000  2.164 0.000 99.9 0.259000000   8.600 0.000   4.201 0.000   4.399 0.000 0.043 0.000000 0.156 0.000000
 84.333333  85.333333   33.46 0.000000  0.56 0.000000 9.999 0.259000 9.99 0.259000  0.027 0.000000  0.482 0.000  0.675 0.000 99.9 0.259000000   5.198 0.000   3.219 0.000   1.980 0.000 0.023 0.000000 0.108 0.000000
 87.333333  88.333333   33.60 0.000000  0.28 0.000000 0.043 0.000000 9.99 0.259000  0.019 0.559000  0.260 0.000  0.365 0.000 99.9 0.259000000   3.736 0.000   2.170 0.000   1.566 0.000 0.017 0.000000 0.087 0.559000
 90.333333  91.333333    5.98 0.000000  0.37 0.000000 9.999 0.259000 9.99 0.259000  0.032 0.000000  0.165 0.000  0.232 0.000 99.9 0.259000000   1.909 0.000   1.124 0.000   0.785 0.000 0.006 0.000000 0.054 0.000000
 93.333333  94.333333   34.06 0.000000  0.68 0.000000 9.999 0.259000 9.99 0.259000  0.020 0.000000  1.133 0.000  1.586 0.000 99.9 0.259000000   6.823 0.000   3.181 0.000   3.642 0.000 0.033 0.000000 0.203 0.000000
 96.333333  97.333333   58.31 0.000000  1.39 0.000000 9.999 0.259000 9.99 0.259000  0.037 0.000000  1.973 0.000  2.762 0.000 99.9 0.259000000   9.057 0.000   3.324 0.000   5.733 0.000 0.047 0.000000 0.299 0.000000
 99.333333 100.333333   46.49 0.000000  1.01 0.000000 0.043 0.000000 9.99 0.259000  0.025 0.000000  0.959 0.000  1.342 0.000 99.9 0.259000000   8.406 0.000   4.416 0.000   3.991 0.000 0.034 0.000000 0.319 0.000000
102.333333 103.333333   63.72 0.000000  2.04 0.000000 9.999 0.259000 9.99 0.259000  0.020 0.000000  1.328 0.000  1.859 0.000 99.9 0.259000000   8.519 0.000   3.142 0.000   5.377 0.000 0.046 0.000000 0.490 0.000000
105.333333 106.333333   34.17 0.000000  0.67 0.000000 9.999 0.259000 0.07 0.000000  0.010 0.000000  0.252 0.000  0.353 0.000 99.9 0.259000000   2.152 0.000   0.782 0.000   1.371 0.000 0.016 0.000000 0.074 0.000000
108.333333 109.333333   13.92 0.000000  1.00 0.000000 9.999 0.259000 9.99 0.259000  0.012 0.000000  0.368 0.000  0.515 0.000 99.9 0.259000000   2.721 0.000   0.970 0.000   1.751 0.000 0.015 0.000000 0.181 0.000000
111.333333 112.333333    7.46 0.000000 99.99 0.259000 9.999 0.259000 9.99 0.259000  0.006 0.000000  0.242 0.000  0.339 0.000 99.9 0.259000000   0.975 0.000   0.242 0.000   0.733 0.000 0.005 0.000000 0.029 0.000000
114.333333 115.333333   35.52 0.000000  1.43 0.000000 9.999 0.259000 9.99 0.259000  0.039 0.000000  0.519 0.000  0.727 0.000 99.9 0.259000000   4.522 0.000   1.768 0.000   2.754 0.000 0.032 0.000000 0.287 0.000000
117.333333 118.333333  176.07 0.000000  5.78 0.000000 0.087 0.000000 9.99 0.259000  0.044 0.000000  1.110 0.000  1.554 0.000 99.9 0.259000000  19.714 0.000  11.708 0.000   8.006 0.000 0.113 0.000000 0.638 0.000000
120.333333 121.333333   41.05 0.000000  1.18 0.000000 9.999 0.259000 9.99 0.259000  0.014 0.000000  1.648 0.000  2.307 0.000 99.9 0.259000000   7.025 0.000   2.662 0.000   4.363 0.000 0.032 0.000000 0.228 0.000000
123.333333 124.333333   43.55 0.000000  1.50 0.000000 9.999 0.259000 0.05 0.000000  0.022 0.000000  2.817 0.000  3.944 0.000 99.9 0.259000000   8.229 0.000   2.877 0.000   5.352 0.000 0.031 0.000000 0.144 0.000000
126.333333 127.333333   63.23 0.000000  0.79 0.000000 9.999 0.259000 0.07 0.000000  0.032 0.000000  0.892 0.000  1.249 0.000 99.9 0.259000000   9.794 0.000   6.782 0.000   3.012 0.000 0.026 0.000000 0.118 0.000000
129.333333 130.333333   17.24 0.000000  0.65 0.000000 9.999 0.259000 0.08 0.000000  0.021 0.000000  0.381 0.000  0.533 0.000 99.9 0.259000000   3.091 0.000   1.548 0.000   1.543 0.000 0.013 0.000000 0.092 0.000000
132.333333 133.333333   12.62 0.000000  0.31 0.000000 9.999 0.259000 0.06 0.000000  0.006 0.000000  0.346 0.000  0.484 0.000 99.9 0.259000000   1.244 0.000   0.403 0.000   0.842 0.000 0.007 0.000000 0.056 0.000000
135.333333 136.333333   33.93 0.000000  1.46 0.000000 9.999 0.259000 9.99 0.259000  0.026 0.000000  1.284 0.000  1.797 0.000 99.9 0.259000000   6.342 0.000   2.013 0.000   4.329 0.000 0.038 0.000000 0.374 0.000000
138.333333 139.333333   38.93 0.000000  1.03 0.000000 0.038 0.000000 9.99 0.259000  0.020 0.559000  0.845 0.000  1.182 0.000 99.9 0.259000000   4.335 0.000   1.842 0.000   2.493 0.000 0.029 0.000000 0.137 0.559000
141.333333 142.333333   26.37 0.000000  2.31 0.000000 9.999 0.259000 0.07 0.000000  0.016 0.000000  0.869 0.000  1.216 0.000 99.9 0.259000000   3.773 0.000   1.128 0.000   2.646 0.000 0.022 0.000000 0.172 0.000000
144.333333 145.333333   21.03 0.000000  0.26 0.000000 0.030 0.000000 0.05 0.000000  0.005 0.000000  0.375 0.000  0.525 0.000 99.9 0.259000000   1.686 0.000   0.588 0.000   1.098 0.000 0.010 0.000000 0.045 0.000000
147.333333 148.333333   17.90 0.000000  0.60 0.000000 0.028 0.000000 0.06 0.000000  0.013 0.000000  0.648 0.000  0.907 0.000 99.9 0.259000000   2.518 0.000   0.915 0.000   1.603 0.000 0.016 0.000000 0.069 0.000000
150.333333 151.333333   11.86 0.000000  0.49 0.000000 9.999 0.259000 9.99 0.259000  0.017 0.000000  0.694 0.000  0.972 0.000 99.9 0.259000000   4.955 0.000   3.085 0.000   1.870 0.000 0.021 0.000000 0.128 0.000000
153.333333 154.333333   37.91 0.559000  0.89 0.559000 9.999 0.559259 9.99 0.559259  0.016 0.559000  0.798 0.000  1.117 0.000 99.9 0.559259000   5.330 0.000   2.526 0.000   2.804 0.559 0.028 0.559000 0.198 0.559000
156.333333 157.333333   49.41 0.000000  0.93 0.000000 0.031 0.000000 0.11 0.000000  0.028 0.000000  1.618 0.000  2.265 0.000 99.9 0.259000000   9.771 0.000   4.876 0.000   4.895 0.000 0.037 0.000000 0.255 0.000000
159.333333 160.333333   13.46 0.000000  0.34 0.000000 9.999 0.259000 9.99 0.259000  0.010 0.000000  0.350 0.000  0.490 0.000 99.9 0.259000000   2.196 0.000   1.127 0.000   1.069 0.000 0.009 0.000000 0.057 0.000000
162.333333 163.333333   39.58 0.000000  0.60 0.000000 9.999 0.259000 9.99 0.259000  0.037 0.559000  0.520 0.000  0.728 0.000 99.9 0.259000000   5.612 0.000   2.774 0.000   2.838 0.000 0.025 0.000000 0.195 0.559000
165.333333 166.333333   12.47 0.000000  0.42 0.000000 0.028 0.000000 0.07 0.000000  0.023 0.559000  0.283 0.000  0.397 0.000 99.9 0.259000000   4.078 0.000   2.707 0.000   1.371 0.000 0.011 0.000000 0.099 0.559000
168.333333 169.333333   80.82 0.559000  1.02 0.559000 9.999 0.559259 0.11 0.559000  0.010 0.000000  0.580 0.000  0.812 0.000 99.9 0.559259000   5.339 0.000   2.798 0.000   2.541 0.559 0.033 0.559000 0.097 0.000000
171.333333 172.333333   27.41 0.559000  0.88 0.559000 9.999 0.559259 0.13 0.559000  0.014 0.000000  0.783 0.000  1.096 0.000 99.9 0.559259000   5.218 0.000   2.706 0.000   2.512 0.559 0.024 0.559000 0.188 0.000000
174.333333 175.333333   69.25 0.559000  0.78 0.559000 9.999 0.559259 9.99 0.559259  0.012 0.000000  1.464 0.000  2.050 0.000 99.9 0.559259000   8.612 0.000   4.655 0.000   3.957 0.559 0.036 0.559000 0.166 0.000000
177.333333 178.333333   61.00 0.559000  1.06 0.559000 9.999 0.559259 0.11 0.559000  0.020 0.000000  1.907 0.000  2.669 0.000 99.9 0.559259000  11.893 0.000   7.207 0.000   4.686 0.559 0.038 0.559000 0.257 0.000000
180.333333 181.333333   56.47 0.559394  0.96 0.559394 0.092 0.559394 0.11 0.559394  0.019 0.559394  1.319 0.000  1.847 0.000 99.9 0.559394259   6.559 0.000   2.570 0.000   3.988 0.559 0.042 0.559394 0.178 0.559394
183.333333 184.333333   70.91 0.559000  0.62 0.559000 9.999 0.559259 0.09 0.559000  0.024 0.000000  1.198 0.000  1.677 0.000 99.9 0.559259000   7.346 0.000   3.504 0.000   3.842 0.559 0.033 0.559000 0.168 0.000000
186.333333 187.333333   34.37 0.559000  0.55 0.559000 9.999 0.559259 9.99 0.559259  0.014 0.000000  0.994 0.000  1.392 0.000 99.9 0.559259000   6.423 0.000   3.402 0.000   3.021 0.559 0.045 0.559000 0.151 0.000000
189.333333 190.333333   79.45 0.559000  0.55 0.559000 9.999 0.559259 0.12 0.559000  0.046 0.000000  1.467 0.000  2.054 0.000 99.9 0.559259000  13.158 0.000   8.462 0.000   4.696 0.559 0.048 0.559000 0.145 0.000000
192.333333 193.333333   62.85 0.559000  0.48 0.559000 9.999 0.559259 9.99 0.559259  0.014 0.000000  1.138 0.000  1.593 0.000 99.9 0.559259000   8.406 0.000   4.593 0.000   3.814 0.559 0.035 0.559000 0.156 0.000000
195.333333 196.333333  101.02 0.559000  0.42 0.559000 0.047 0.559000 0.06 0.559000  0.021 0.000000  1.892 0.000  2.649 0.000 99.9 0.559259000  15.454 0.000  10.445 0.000   5.009 0.559 0.051 0.559000 0.152 0.000000
198.333333 199.333333   56.94 0.559000  0.41 0.559000 9.999 0.559259 9.99 0.559259  0.016 0.000000  2.818 0.000  3.945 0.000 99.9 0.559259000  13.166 0.000   6.763 0.000   6.404 0.559 0.072 0.559000 0.225 0.000000
201.333333 202.333333   15.87 0.394000 99.99 0.394259 9.999 0.394259 9.99 0.394259  0.019 0.394000  1.286 0.000  1.801 0.000 99.9 0.394259000  11.460 0.000   8.554 0.000   2.905 0.000 0.029 0.394000 0.105 0.394000
204.333333 205.333333   59.77 0.000000 99.99 0.259000 9.999 0.259000 0.31 0.000000  0.013 0.000000  1.231 0.000  1.723 0.000 99.9 0.259000000   9.875 0.000   3.914 0.000   5.961 0.000 0.029 0.000000 0.107 0.000000
207.333333 208.333333   64.34 0.000000  0.34 0.000000 9.999 0.259000 0.10 0.000000  0.027 0.000000  2.751 0.000  3.851 0.000 99.9 0.259000000  16.069 0.000   8.828 0.000   7.241 0.000 0.051 0.000000 0.147 0.000000
210.333333 211.333333   92.98 0.000000  0.31 0.000000 9.999 0.259000 0.12 0.000000  0.025 0.000000  6.058 0.000  8.481 0.000 99.9 0.259000000  26.293 0.000  13.536 0.000  12.757 0.000 0.121 0.000000 0.138 0.000000
213.333333 214.333333   72.73 0.000000  1.05 0.000000 9.999 0.259000 0.08 0.000000  0.021 0.000000  2.796 0.000  3.915 0.000 99.9 0.259000000  14.049 0.000   7.194 0.000   6.854 0.000 0.060 0.000000 0.197 0.000000
216.333333 217.333333   55.48 0.000000  0.38 0.000000 0.035 0.000000 9.99 0.259000  0.024 0.000000  1.317 0.000  1.844 0.000 99.9 0.259000000  11.480 0.000   7.469 0.000   4.011 0.000 0.057 0.000000 0.159 0.000000
219.333333 220.333333   13.92 0.000000  0.27 0.000000 9.999 0.259000 9.99 0.259000  0.014 0.000000  0.418 0.000  0.586 0.000 99.9 0.259000000   4.159 0.000   2.681 0.000   1.478 0.000 0.013 0.000000 0.113 0.000000
