scripts/IMPROVE-2019_partial/data/US0082R.20030103050000.20191216000000.filterpack..pm25.1y.1w.US03L_filterpack_US0082.US03L_IMPROVE_Davis.lev2.nas
66 1001
MISSING INFORMATION
US03L, IMPROVE, , , , , , , 
MISSING INFORMATION
IMPROVE sel_HTAP
1 1
2003 01 01 2019 12 16
3.000000
days from file reference point
27
1 1 1 1 1 1 1 1 1 1 1 1 1 1 1 1 1 1 1 1 1 1 1 1 1 1 1
999.999999 999.99 9.999 99.99 9.999 9.999 9.999999 99.99 9.999 9.999 9.999 99.999 9.999 99.999 9.999 99.99 9.999999 999.999 9.999 99.999 9.999 999.999 9.999 9.999 9.999 99.999 9.999
end_time of measurement, days from the file reference point
iron, ng/m3, Revision date=20181210133000
numflag iron, no unit, Revision date=20181210133000
lead, ng/m3, Revision date=20181210133000
numflag lead, no unit, Revision date=20181210133000
magnesium, ug/m3, Revision date=20181210133000
numflag magnesium, no unit, Revision date=20181210133000
nickel, ng/m3, Revision date=20181210133000
numflag nickel, no unit, Revision date=20181210133000
nitrate, ug N/m3, Revision date=20181210133000
numflag nitrate, no unit, Revision date=20181210133000
organic_carbon, ug C/m3, Revision date=20181210133000
numflag organic_carbon, no unit, Revision date=20181210133000
organic_mass, ug/m3, Revision date=20181210133000
numflag organic_mass, no unit, Revision date=20181210133000
phosphorus, ng/m3, Revision date=20181210133000
numflag phosphorus, no unit, Revision date=20181210133000
pm10_mass, ug/m3, Version=2, Version description=Data extracted from http://views.cira.colostate.edu/fed/DataWizard 2019-12-16, Sample duration=1d, Orig. time res.=3d, Matrix=pm10, Blank correction=Blank corrected, Volume std. temperature=ambient, Volume std. pressure=ambient
numflag pm10_mass, no unit, Version=2, Version description=Data extracted from http://views.cira.colostate.edu/fed/DataWizard 2019-12-16, Sample duration=1d, Orig. time res.=3d, Matrix=pm10, Blank correction=Blank corrected, Volume std. temperature=ambient, Volume std. pressure=ambient
pm10_pm25_mass, ug/m3, Revision date=20181210133000, Matrix=pm10_pm25
numflag pm10_pm25_mass, no unit, Revision date=20181210133000, Matrix=pm10_pm25
pm25_mass, ug/m3, Version=2, Version description=Data extracted from http://views.cira.colostate.edu/fed/DataWizard 2019-12-16, Sample duration=1d, Orig. time res.=3d, Blank correction=Blank corrected, Volume std. temperature=ambient, Volume std. pressure=ambient
numflag pm25_mass, no unit, Version=2, Version description=Data extracted from http://views.cira.colostate.edu/fed/DataWizard 2019-12-16, Sample duration=1d, Orig. time res.=3d, Blank correction=Blank corrected, Volume std. temperature=ambient, Volume std. pressure=ambient
potassium, ug/m3, Revision date=20181210133000
numflag potassium, no unit, Revision date=20181210133000
sulphate_total, ug S/m3, Revision date=20181210133000
numflag sulphate_total, no unit, Revision date=20181210133000
0
25
Data definition:              EBAS_1.1
Set type code:                TU
Timezone:                     UTC
File name:                    US0082R.20030103050000.20191216000000.filterpack..pm25.1y.1w.US03L_filterpack_US0082.US03L_IMPROVE_Davis.lev2.nas
File creation:                20191218120056
Startdate:                    20030103050000
Revision date:                20191216000000
Statistics:                   arithmetic mean
Data level:                   2
Period code:                  1y
Resolution code:              1w
Station code:                 US0082R
Platform code:                US0082S
Station name:                 Lye Brook Wilderness
Station latitude:             43.1482
Station longitude:            -73.1268
Station altitude:             1015.0 m
Regime:                       IMG
Component:                    
Matrix:                       pm25
Laboratory code:              US03L
Instrument type:              filterpack
Instrument name:              filterpack_US0082
Method ref:                   US03L_IMPROVE_Davis
starttime endtime Fe flag_Fe Pb flag_Pb Mg++ flag_Mg++ Ni flag_Ni NO3- flag_NO3- OC flag_OC OM flag_OM P flag_P PM10 flag_PM10 PM10-PM2.5 flag_PM10-PM2.5 PM2.5 flag_PM2.5 K+ flag_K+ SO4-- flag_SO4--
  2.208333   3.208333   2.65 0.000  0.42 0.000 0.020 0.000000 99.99 0.259 0.021 0.000  0.222 0.000  0.311 0.000 99.99 0.259000   2.121 0.559  0.702 0.000   1.419 0.000 0.012 0.000  0.179 0.000
  5.208333   6.208333   2.96 0.000  0.70 0.000 9.999 0.259000 99.99 0.259 0.020 0.000  0.515 0.000  0.721 0.000 99.99 0.259000   5.364 0.559  0.543 0.000   4.822 0.000 0.013 0.000  0.764 0.000
  8.208333   9.208333   1.22 0.000  0.57 0.000 0.027 0.000000  0.14 0.000 0.036 0.000  0.214 0.000  0.299 0.000 99.99 0.259000   1.281 0.559  0.417 0.000   0.864 0.000 0.007 0.000  0.146 0.000
 11.208333  12.208333   4.19 0.000  0.50 0.000 0.013 0.000000  0.18 0.000 0.116 0.000  0.343 0.000  0.480 0.000 99.99 0.259000   1.123 0.559 99.999 0.259   1.285 0.000 0.009 0.000  0.212 0.000
 14.208333  15.208333   6.72 0.000  0.94 0.000 9.999 0.259000  0.40 0.000 0.146 0.000  0.441 0.000  0.618 0.000 99.99 0.259000   2.329 0.559  0.424 0.000   1.905 0.000 0.015 0.000  0.226 0.000
 17.208333  18.208333   6.49 0.000  1.03 0.000 9.999 0.259000  0.17 0.000 0.067 0.000  0.395 0.000  0.553 0.000 99.99 0.259000   2.050 0.559  0.527 0.000   1.523 0.000 0.017 0.000  0.169 0.000
 20.208333  21.208333   4.73 0.000  0.90 0.000 9.999 0.259000  0.31 0.000 0.050 0.000  0.419 0.000  0.586 0.000 99.99 0.259000   1.902 0.559  0.350 0.000   1.553 0.000 0.016 0.000  0.202 0.000
 23.208333  24.208333   5.47 0.000  0.83 0.000 9.999 0.259000  0.34 0.000 0.129 0.000  0.587 0.000  0.821 0.000 99.99 0.259000   3.012 0.559  0.667 0.000   2.345 0.000 0.027 0.000  0.175 0.000
 26.208333  27.208333   5.35 0.000  1.34 0.000 9.999 0.259000  0.26 0.000 0.082 0.000  0.454 0.000  0.635 0.000 99.99 0.259000   1.882 0.559 99.999 0.259   2.193 0.000 0.026 0.000  0.258 0.000
 29.208333  30.208333  18.17 0.000  1.92 0.000 9.999 0.259000  0.50 0.000 0.248 0.000  1.407 0.000  1.970 0.000 99.99 0.259000   7.358 0.559  0.684 0.000   6.674 0.000 0.036 0.000  0.895 0.000
 32.208333  33.208333   1.37 0.000  0.30 0.000 0.021 0.000000  0.14 0.000 0.040 0.000  0.333 0.000  0.466 0.000 99.99 0.259000   1.653 0.559  0.583 0.000   1.071 0.000 0.008 0.000  0.182 0.000
 35.208333  36.208333   6.60 0.000  0.43 0.000 9.999 0.259000 99.99 0.259 0.051 0.000  0.160 0.000  0.224 0.000 99.99 0.259000   2.218 0.559  0.938 0.000   1.280 0.000 0.011 0.000  0.206 0.000
 38.208333  39.208333  13.87 0.000  1.55 0.000 9.999 0.259000  0.27 0.000 0.230 0.000  0.788 0.000  1.103 0.000 99.99 0.259000   4.824 0.559  0.571 0.000   4.252 0.000 0.026 0.000  0.519 0.000
 41.208333  42.208333   6.28 0.000  1.03 0.000 9.999 0.259000  0.15 0.000 0.088 0.000  0.432 0.000  0.605 0.000 99.99 0.259000   2.731 0.559  0.682 0.000   2.049 0.000 0.015 0.000  0.258 0.000
 44.208333  45.208333   7.36 0.000  1.26 0.000 0.054 0.000000  0.29 0.000 0.111 0.000  0.485 0.000  0.679 0.000 99.99 0.259000   3.681 0.559  1.062 0.000   2.619 0.000 0.026 0.000  0.296 0.000
 47.208333  48.208333   4.52 0.000  0.57 0.000 0.027 0.000000  0.24 0.000 0.032 0.000  0.392 0.000  0.549 0.000 99.99 0.259000   2.994 0.559  1.152 0.000   1.842 0.000 0.019 0.000  0.240 0.000
 50.208333  51.208333  16.29 0.000  1.49 0.000 9.999 0.259000  0.20 0.000 0.389 0.000  0.900 0.000  1.260 0.000 99.99 0.259000   9.301 0.559  3.508 0.000   5.792 0.000 0.023 0.000  0.865 0.000
 53.208333  54.208333   1.46 0.000  0.31 0.000 9.999 0.259000 99.99 0.259 0.011 0.000  0.223 0.000  0.312 0.000 99.99 0.259000   1.356 0.559  0.403 0.000   0.953 0.000 0.007 0.000  0.109 0.000
 56.208333  57.208333  17.57 0.000  2.23 0.000 9.999 0.259000  0.20 0.000 0.052 0.000  0.626 0.000  0.876 0.000 99.99 0.259000   6.526 0.559  2.678 0.000   3.848 0.000 0.043 0.000  0.518 0.000
 59.208333  60.208333  26.79 0.000  2.32 0.000 0.047 0.000000  2.11 0.000 0.229 0.000  1.683 0.000  2.356 0.000 99.99 0.259000  13.310 0.559  4.101 0.000   9.209 0.000 0.041 0.000  1.547 0.000
 62.208333  63.208333  24.50 0.000  2.22 0.000 9.999 0.259000  1.79 0.000 0.201 0.000  0.879 0.000  1.230 0.000 99.99 0.259000   6.976 0.559  1.582 0.000   5.393 0.000 0.033 0.000  0.664 0.000
 65.208333  66.208333   9.08 0.000  0.85 0.000 9.999 0.259000  0.63 0.000 0.069 0.000  0.583 0.000  0.816 0.000 99.99 0.259000   4.134 0.559  1.477 0.000   2.657 0.000 0.018 0.000  0.248 0.000
 68.208333  69.208333  27.73 0.000  2.37 0.000 9.999 0.259000  0.23 0.000 0.191 0.000  0.729 0.000  1.021 0.000 99.99 0.259000   6.487 0.559  1.837 0.000   4.650 0.000 0.037 0.000  0.533 0.000
 71.208333  72.208333  17.98 0.000  1.69 0.000 9.999 0.259000  0.21 0.000 0.206 0.000  0.787 0.000  1.102 0.000 99.99 0.259000   6.695 0.559  1.852 0.000   4.843 0.000 0.029 0.000  0.654 0.000
 74.208333  75.208333  45.47 0.000  4.93 0.000 9.999 0.259000  0.36 0.000 0.508 0.000  2.145 0.000  3.003 0.000 99.99 0.259000  15.666 0.559  3.049 0.000  12.618 0.000 0.055 0.000  1.873 0.000
 77.208333  78.208333  15.75 0.000  1.01 0.000 9.999 0.259000  0.27 0.000 0.063 0.000  0.575 0.000  0.805 0.000 99.99 0.259000   4.630 0.559  2.184 0.000   2.446 0.000 0.023 0.000  0.248 0.000
 80.208333  81.208333  13.84 0.000  1.23 0.000 9.999 0.259000  0.29 0.000 0.164 0.000  0.666 0.000  0.933 0.000 99.99 0.259000   5.342 0.559  1.017 0.000   4.325 0.000 0.017 0.000  0.648 0.000
 83.208333  84.208333  55.95 0.000  3.41 0.000 9.999 0.259000  1.80 0.000 0.509 0.000  2.099 0.000  2.938 0.000 99.99 0.259000  17.149 0.559  3.301 0.000  13.849 0.000 0.039 0.000  2.094 0.000
 86.208333  87.208333  28.28 0.000  1.48 0.000 0.022 0.000000  0.50 0.000 0.242 0.000  0.903 0.000  1.265 0.000 99.99 0.259000   9.451 0.559  3.382 0.000   6.069 0.000 0.025 0.000  0.880 0.000
 89.208333  90.208333   7.94 0.000  0.79 0.000 9.999 0.259000  0.17 0.000 0.027 0.000  0.321 0.000  0.449 0.000 99.99 0.259000   2.893 0.559  0.721 0.000   2.172 0.000 0.011 0.000  0.348 0.000
 92.208333  93.208333   3.24 0.000  0.80 0.000 9.999 0.259000  0.11 0.000 0.033 0.000  0.367 0.000  0.514 0.000 99.99 0.259000   1.860 0.559  0.973 0.000   0.887 0.000 0.013 0.000  0.166 0.000
 95.208333  96.208333  15.04 0.000  0.83 0.000 9.999 0.259000  0.17 0.000 0.047 0.000  0.323 0.000  0.452 0.000 99.99 0.259000   3.803 0.559  1.589 0.000   2.214 0.000 0.021 0.000  0.363 0.000
 98.208333  99.208333   2.98 0.000  1.01 0.000 0.019 0.000000  0.16 0.000 0.004 0.000  0.081 0.000  0.114 0.000 99.99 0.259000   2.935 0.559  1.938 0.000   0.996 0.000 0.007 0.000  0.180 0.000
101.208333 102.208333  17.63 0.000  1.60 0.000 0.021 0.000000  0.16 0.000 0.080 0.000  0.622 0.000  0.870 0.000 99.99 0.259000   3.962 0.559  1.294 0.000   2.669 0.000 0.027 0.000  0.258 0.000
104.208333 105.208333  77.41 0.000  3.93 0.000 9.999 0.259000  0.53 0.000 0.171 0.000  2.578 0.000  3.609 0.000 99.99 0.259000  20.802 0.559  6.830 0.000  13.972 0.000 0.080 0.000  1.734 0.000
107.208333 108.208333  25.60 0.000  1.22 0.000 9.999 0.259000  0.36 0.000 0.097 0.000  0.807 0.000  1.129 0.000 99.99 0.259000   7.936 0.559  3.818 0.000   4.119 0.000 0.031 0.000  0.459 0.000
110.208333 111.208333  40.29 0.000  1.75 0.000 9.999 0.259000  0.32 0.000 0.063 0.000  0.786 0.000  1.101 0.000 99.99 0.259000   7.067 0.559  3.398 0.000   3.669 0.000 0.035 0.000  0.371 0.000
113.208333 114.208333   8.14 0.000  0.52 0.000 0.015 0.000000  0.09 0.000 0.023 0.000  0.268 0.000  0.375 0.000 99.99 0.259000   1.777 0.559  0.959 0.000   0.819 0.000 0.015 0.000  0.108 0.000
116.208333 117.208333  19.47 0.000  1.65 0.000 0.052 0.000000  0.25 0.000 0.040 0.000  0.832 0.000  1.165 0.000 99.99 0.259000   5.065 0.559  1.184 0.000   3.882 0.000 0.025 0.000  0.482 0.000
119.208333 120.208333  26.57 0.000  1.43 0.000 9.999 0.259000  0.23 0.000 0.049 0.000  0.739 0.000  1.035 0.000 99.99 0.259000   6.291 0.559  3.392 0.000   2.899 0.000 0.034 0.000  0.246 0.000
122.208333 123.208333  28.10 0.000  1.39 0.000 9.999 0.259000  0.09 0.000 0.051 0.000  0.518 0.000  0.725 0.000 99.99 0.259000   3.962 0.559  1.069 0.000   2.893 0.000 0.022 0.000  0.310 0.000
125.208333 126.208333  12.60 0.000  0.60 0.000 9.999 0.259000  0.18 0.000 0.052 0.000  0.540 0.000  0.755 0.000 99.99 0.259000   3.344 0.559  0.881 0.000   2.462 0.000 0.012 0.000  0.308 0.000
128.208333 129.208333  10.41 0.000  0.68 0.000 0.016 0.000000 99.99 0.259 0.038 0.000  0.433 0.000  0.606 0.000 99.99 0.259000   3.023 0.559  1.030 0.000   1.993 0.000 0.010 0.000  0.220 0.000
131.208333 132.208333   2.62 0.000  0.33 0.000 9.999 0.259000 99.99 0.259 0.016 0.000  0.200 0.000  0.279 0.000 99.99 0.259000   2.574 0.559  1.227 0.000   1.346 0.000 0.001 0.000  0.217 0.000
134.208333 135.208333  16.43 0.000  0.72 0.000 0.019 0.000000  0.25 0.000 0.021 0.000  0.696 0.000  0.975 0.000 99.99 0.259000   5.178 0.559  1.570 0.000   3.607 0.000 0.015 0.000  0.458 0.000
137.208333 138.208333  22.74 0.000  1.15 0.000 9.999 0.259000 99.99 0.259 0.015 0.000  0.752 0.000  1.052 0.000 99.99 0.259000   5.239 0.000  1.245 0.000   3.994 0.000 0.025 0.000  0.451 0.000
140.208333 141.208333  24.26 0.000  0.94 0.000 9.999 0.259000  0.44 0.000 0.117 0.000  1.057 0.000  1.480 0.000 99.99 0.259000   6.046 0.559  2.195 0.000   3.851 0.000 0.015 0.000  0.349 0.000
143.208333 144.208333   1.31 0.000  0.39 0.000 9.999 0.259000 99.99 0.259 0.003 0.000  0.052 0.000  0.072 0.000 99.99 0.259000   0.368 0.559  0.189 0.000   0.179 0.000 0.002 0.000  0.009 0.000
146.208333 147.208333   1.36 0.000  0.34 0.000 0.024 0.000000 99.99 0.259 0.011 0.000  0.241 0.000  0.337 0.000 99.99 0.259000   1.653 0.559  0.892 0.000   0.760 0.000 0.006 0.000  0.054 0.000
149.208333 150.208333  14.87 0.000  1.04 0.000 9.999 0.259000  0.15 0.000 0.070 0.000  1.975 0.000  2.765 0.000 99.99 0.259000   7.516 0.559  1.734 0.000   5.782 0.000 0.017 0.000  0.320 0.000
152.208333 153.208333  13.51 0.000  1.07 0.000 9.999 0.259000  0.24 0.000 0.013 0.000  1.258 0.000  1.761 0.000 99.99 0.259000   5.678 0.559  2.009 0.000   3.669 0.000 0.023 0.000  0.222 0.000
155.208333 156.208333   6.03 0.000  0.97 0.000 0.041 0.000000  0.22 0.000 0.037 0.000  0.483 0.000  0.676 0.000 99.99 0.259000   3.799 0.559  0.875 0.000   2.924 0.000 0.008 0.000  0.401 0.000
158.208333 159.208333   7.19 0.000  1.42 0.000 9.999 0.259000  0.28 0.000 0.026 0.000  0.763 0.000  1.068 0.000 99.99 0.259000   4.670 0.000  0.680 0.000   3.990 0.000 0.014 0.000  0.499 0.000
161.208333 162.208333  19.16 0.000  2.28 0.000 9.999 0.259000  0.73 0.000 0.088 0.559  1.373 0.000  1.923 0.000 99.99 0.259000  11.846 0.559  1.765 0.000  10.082 0.000 0.026 0.000  1.537 0.559
164.208333 165.208333   1.26 0.000  0.58 0.000 9.999 0.259000  0.09 0.000 0.033 0.000  0.171 0.000  0.239 0.000 99.99 0.259000   1.178 0.000  0.483 0.000   0.694 0.000 0.002 0.000  0.104 0.000
167.208333 168.208333  17.51 0.000  0.76 0.000 9.999 0.259000  0.70 0.000 0.047 0.000  1.098 0.000  1.537 0.000 99.99 0.259000   7.099 0.000  2.156 0.000   4.943 0.000 0.011 0.000  0.558 0.000
170.208333 171.208333  12.52 0.000  0.73 0.000 9.999 0.259000  0.17 0.000 0.045 0.000  1.205 0.000  1.687 0.000 99.99 0.259000   6.985 0.559  2.547 0.000   4.438 0.000 0.022 0.000  0.418 0.000
173.208333 174.208333  41.15 0.000  2.14 0.000 9.999 0.259000  0.50 0.000 0.023 0.000  4.721 0.000  6.609 0.000 99.99 0.259000  14.131 0.000  3.426 0.000  10.705 0.000 0.070 0.000  0.315 0.000
176.208333 177.208333  62.21 0.000  2.80 0.000 0.126 0.000000  0.28 0.000 0.090 0.000  4.886 0.000  6.841 0.000 99.99 0.259000  38.864 0.000  6.560 0.000  32.304 0.000 0.114 0.000  4.919 0.000
179.208333 180.208333  28.79 0.000  2.48 0.000 9.999 0.259000  1.15 0.000 0.079 0.000  4.537 0.000  6.352 0.000 99.99 0.259000  23.244 0.559  3.648 0.000  19.595 0.000 0.050 0.000  2.352 0.000
182.208333 183.208333  16.96 0.000  1.03 0.000 0.129 0.000000  0.42 0.000 0.031 0.000  1.853 0.000  2.594 0.000 99.99 0.259000   9.584 0.000  2.943 0.000   6.641 0.000 0.018 0.000  0.635 0.000
185.208333 186.208333  47.83 0.000  4.82 0.000 9.999 0.259000  0.08 0.000 0.148 0.000  2.909 0.000  4.073 0.000 99.99 0.259000  22.295 0.000  2.502 0.000  19.793 0.000 0.203 0.000  3.081 0.000
188.208333 189.208333  28.17 0.000  1.54 0.000 9.999 0.259000  0.36 0.000 0.060 0.000  1.495 0.000  2.093 0.000 99.99 0.259000  14.688 0.000  2.469 0.000  12.219 0.000 0.031 0.000  2.026 0.000
191.208333 192.208333  45.43 0.000  0.49 0.000 9.999 0.259000  0.11 0.000 0.033 0.000  0.638 0.000  0.893 0.000 99.99 0.259000   5.024 0.559  1.200 0.000   3.824 0.000 0.011 0.000  0.562 0.000
194.208333 195.208333  11.59 0.394  0.74 0.394 9.999 0.394259  0.17 0.394 0.021 0.394  1.825 0.000  2.556 0.000 99.99 0.394259   7.633 0.000  2.282 0.000   5.351 0.000 0.018 0.394  0.305 0.394
197.208333 198.208333   6.97 0.000  0.59 0.000 9.999 0.259000 99.99 0.259 0.051 0.000  0.906 0.000  1.269 0.000 99.99 0.259000   4.873 0.000  1.568 0.000   3.305 0.000 0.011 0.000  0.297 0.000
200.208333 201.208333  10.76 0.000  1.47 0.000 0.049 0.000000  0.07 0.000 0.022 0.000  1.364 0.000  1.910 0.000 99.99 0.259000   7.432 0.000  2.254 0.000   5.178 0.000 0.021 0.000  0.374 0.000
203.208333 204.208333  12.62 0.000  0.75 0.000 9.999 0.259000  0.97 0.000 0.035 0.000  0.791 0.000  1.108 0.000 99.99 0.259000  10.112 0.000  1.136 0.000   8.976 0.000 0.018 0.000  1.559 0.000
206.208333 207.208333  20.63 0.000  1.96 0.000 9.999 0.259000  0.15 0.000 0.026 0.000  1.533 0.000  2.146 0.000 99.99 0.259000  18.275 0.000  2.363 0.000  15.912 0.000 0.023 0.000  2.631 0.000
209.208333 210.208333   7.79 0.000  0.51 0.000 9.999 0.259000 99.99 0.259 0.021 0.000  2.443 0.000  3.421 0.000 99.99 0.259000   7.756 0.000  1.934 0.000   5.822 0.000 0.029 0.000  0.190 0.000
212.208333 213.208333   7.81 0.000  0.54 0.000 9.999 0.259000  0.16 0.000 0.018 0.000  0.503 0.000  0.704 0.000 99.99 0.259000   5.147 0.559  3.215 0.000   1.932 0.000 0.007 0.000  0.118 0.000
215.208333 216.208333  29.34 0.000  0.35 0.000 9.999 0.259000  0.60 0.000 0.051 0.000  0.329 0.000  0.460 0.000 99.99 0.259000   4.955 0.000  2.026 0.000   2.929 0.000 0.016 0.000  0.388 0.000
218.208333 219.208333  20.63 0.000  1.65 0.000 9.999 0.259000  0.98 0.000 0.059 0.000  1.006 0.000  1.408 0.000 99.99 0.259000  22.498 0.000  0.850 0.000  21.649 0.000 0.020 0.000  4.004 0.000
221.208333 222.208333   3.56 0.000  0.48 0.000 9.999 0.259000  0.16 0.000 0.020 0.000  0.336 0.000  0.471 0.000 99.99 0.259000   3.736 0.000  0.850 0.000   2.886 0.000 0.006 0.000  0.408 0.000
224.208333 225.208333   6.38 0.000  1.21 0.000 9.999 0.259000  0.65 0.000 0.045 0.000  1.123 0.000  1.572 0.000 99.99 0.259000   7.351 0.000  1.514 0.000   5.837 0.000 0.014 0.000  0.704 0.000
227.208333 228.208333  24.08 0.000  2.43 0.000 0.116 0.000000  0.60 0.000 0.095 0.000  2.252 0.000  3.153 0.000 99.99 0.259000  20.102 0.000  2.241 0.000  17.861 0.000 0.033 0.000  2.929 0.000
230.208333 231.208333  13.09 0.000  1.17 0.000 0.051 0.000000  0.81 0.000 0.068 0.000  3.035 0.000  4.249 0.000 99.99 0.259000  13.642 0.000  4.304 0.000   9.338 0.000 0.038 0.000  0.606 0.000
233.208333 234.208333  40.23 0.000  2.15 0.000 9.999 0.259000  0.37 0.000 0.038 0.000  3.191 0.000  4.468 0.000 99.99 0.259000  42.402 0.559  7.864 0.000  34.538 0.000 0.049 0.000  6.283 0.000
236.208333 237.208333  16.53 0.000  2.41 0.000 9.999 0.259000  0.17 0.000 0.077 0.000  1.725 0.000  2.415 0.000 99.99 0.259000  10.762 0.000  4.028 0.000   6.734 0.000 0.024 0.000  0.637 0.000
239.208333 240.208333   5.42 0.000  1.06 0.000 0.026 0.000000  0.19 0.000 0.011 0.000  0.496 0.000  0.695 0.000 99.99 0.259000   3.268 0.559  1.855 0.000   1.413 0.000 0.010 0.000  0.064 0.000
242.208333 243.208333   3.43 0.000  0.68 0.000 9.999 0.259000  0.08 0.000 0.011 0.000  0.470 0.000  0.657 0.000 99.99 0.259000   2.599 0.000  1.006 0.000   1.593 0.000 0.007 0.000  0.083 0.000
245.208333 246.208333  13.30 0.000  0.81 0.000 0.033 0.000000  0.15 0.000 0.033 0.000  0.678 0.000  0.949 0.000 99.99 0.259000   4.134 0.000  0.804 0.000   3.330 0.000 0.012 0.000  0.313 0.000
