scripts/IMPROVE-2019_partial/data/US0097R.19940101080000.20191216000000.filterpack...1y.3d.US03L_filterpack_US0097.US03L_IMPROVE_Davis.lev2.nas
51 1001
MISSING INFORMATION
US03L, IMPROVE, , , , , , , 
MISSING INFORMATION
IMPROVE sel_HTAP
1 1
1994 01 01 2019 12 16
0
days from file reference point
4
1 1 1 1
999.999999 999.999 999.999 9.999
end_time of measurement, days from the file reference point
pm10_mass, ug/m3, Matrix=pm10
pm25_mass, ug/m3, Matrix=pm25
numflag, no unit
0
33
Data definition:              EBAS_1.1
Set type code:                TI
Timezone:                     UTC
File name:                    US0097R.19940101080000.20191216000000.filterpack...1y.3d.US03L_filterpack_US0097.US03L_IMPROVE_Davis.lev2.nas
File creation:                20191218120159
Startdate:                    19940101080000
Revision date:                20191216000000
Version:                      2
Version description:          "Data extracted from http://views.cira.colostate.edu/fed/DataWizard 2019-12-16"
Statistics:                   arithmetic mean
Data level:                   2
Period code:                  1y
Resolution code:              3d
Sample duration:              1d
Orig. time res.:              3d
Station code:                 US0097R
Platform code:                US0097S
Station name:                 Redwood NP
Station latitude:             41.5608
Station longitude:            -124.0839
Station altitude:             243.0 m
Regime:                       IMG
Component:                    
Unit:                         ug/m3
Matrix:                       
Laboratory code:              US03L
Instrument type:              filterpack
Instrument name:              filterpack_US0097
Method ref:                   US03L_IMPROVE_Davis
Blank correction:             Blank corrected
Volume std. temperature:      ambient
Volume std. pressure:         ambient
starttime endtime PM10 PM2.5 flag
  0.333333   1.333333   2.282   0.727 0.000
  4.333333   5.333333   9.636   3.384 0.000
  7.333333   8.333333   9.595   1.758 0.000
 11.333333  12.333333   5.911   1.939 0.000
 14.333333  15.333333   9.216   4.849 0.000
 18.333333  19.333333   7.050   3.374 0.000
 21.333333  22.333333   5.328   2.805 0.000
 25.333333  26.333333   4.610   1.420 0.000
 28.333333  29.333333  10.000   4.864 0.000
 32.333333  33.333333  11.603   4.018 0.000
 35.333333  36.333333  11.489   6.369 0.000
 39.333333  40.333333   5.423   1.804 0.000
 42.333333  43.333333   6.914   2.844 0.000
 46.333333  47.333333   8.596   3.301 0.000
 49.333333  50.333333 999.999   2.006 0.000
 53.333333  54.333333   4.820 999.999 0.000
 56.333333  57.333333   2.931   1.081 0.000
 60.333333  61.333333 999.999 999.999 0.999
 63.333333  64.333333  16.493   7.033 0.000
 67.333333  68.333333  10.755   6.647 0.000
 70.333333  71.333333   7.750   3.772 0.000
 74.333333  75.333333   7.567   2.492 0.000
 77.333333  78.333333   9.727   3.567 0.000
 81.333333  82.333333   2.976 999.999 0.000
 84.333333  85.333333   8.715   4.548 0.000
 88.333333  89.333333   5.830   2.553 0.000
 91.333333  92.333333  16.280   8.415 0.000
 95.333333  96.333333   6.940   2.687 0.000
 98.333333  99.333333  14.701   2.857 0.000
102.333333 103.333333   8.777   3.483 0.000
105.333333 106.333333   8.441   4.358 0.000
109.333333 110.333333   3.923 999.999 0.000
112.333333 113.333333   5.000   2.156 0.000
116.333333 117.333333  15.538   6.212 0.000
119.333333 120.333333  13.043   4.864 0.000
123.333333 124.333333  10.562   1.084 0.000
126.333333 127.333333  10.962   2.319 0.000
130.333333 131.333333   9.252   3.394 0.000
133.333333 134.333333  16.560   5.732 0.000
137.333333 138.333333  14.082   6.505 0.000
140.333333 141.333333   6.402   2.918 0.000
144.333333 145.333333  17.110   7.848 0.000
147.333333 148.333333  13.333   4.121 0.000
151.333333 152.333333  17.472   5.529 0.000
154.333333 155.333333   8.505   3.249 0.000
158.333333 159.333333   5.198   2.628 0.000
161.333333 162.333333   5.198   3.384 0.000
165.333333 166.333333   6.852   3.033 0.000
168.333333 169.333333  12.259   3.964 0.000
172.333333 173.333333  29.640   3.136 0.000
175.333333 176.333333   4.932   2.624 0.000
179.333333 180.333333   7.158   3.343 0.000
182.333333 183.333333  12.546   4.629 0.000
186.333333 187.333333  20.112  11.657 0.000
189.333333 190.333333  28.115  15.317 0.000
193.333333 194.333333  15.551   7.917 0.000
196.333333 197.333333   7.286   4.256 0.000
200.333333 201.333333   4.124   0.751 0.000
203.333333 204.333333   5.399   0.896 0.000
207.333333 208.333333   7.276   2.763 0.000
210.333333 211.333333  10.074   6.228 0.000
214.333333 215.333333   2.800   1.493 0.000
217.333333 218.333333  11.045   4.072 0.000
221.333333 222.333333   6.487   3.443 0.000
224.333333 225.333333  12.636   5.804 0.000
228.333333 229.333333   9.161   4.273 0.000
231.333333 232.333333   5.543   3.314 0.000
235.333333 236.333333  13.432   8.657 0.000
238.333333 239.333333  12.348   7.620 0.000
242.333333 243.333333  11.265   6.375 0.000
245.333333 246.333333  21.345   2.979 0.000
249.333333 250.333333   4.093   3.353 0.000
252.333333 253.333333  12.653   3.860 0.000
256.333333 257.333333  10.787   3.720 0.000
259.333333 260.333333   9.615   5.774 0.000
263.333333 264.333333  20.562   6.061 0.000
266.333333 267.333333  14.791   4.880 0.000
270.333333 271.333333   6.443   5.015 0.000
273.333333 274.333333  16.769   3.647 0.000
277.333333 278.333333  12.536   5.902 0.000
280.333333 281.333333  10.000   6.177 0.000
284.333333 285.333333   8.387   5.168 0.000
287.333333 288.333333   9.886   4.142 0.000
291.333333 292.333333  14.623   9.696 0.000
294.333333 295.333333  16.268   8.056 0.000
298.333333 299.333333  16.741   4.049 0.000
301.333333 302.333333   7.283   6.933 0.000
305.333333 306.333333   8.127   4.771 0.000
308.333333 309.333333  18.794   4.321 0.000
312.333333 313.333333   7.117   2.848 0.000
315.333333 316.333333   7.132   3.156 0.000
319.333333 320.333333  10.198   4.321 0.000
322.333333 323.333333   3.904   1.543 0.000
326.333333 327.333333   7.344   2.609 0.000
329.333333 330.333333   4.585   1.173 0.000
333.333333 334.333333   5.000   1.053 0.000
336.333333 337.333333   4.258   1.176 0.000
340.333333 341.333333   7.718   2.112 0.000
343.333333 344.333333  12.193   2.100 0.000
347.333333 348.333333   6.930   2.240 0.000
350.333333 351.333333  14.305   5.503 0.000
354.333333 355.333333  20.565   9.099 0.000
357.333333 358.333333   6.535   2.062 0.000
361.333333 362.333333   8.405   3.406 0.000
364.333333 365.333333   3.973   2.000 0.000
