scripts/IMPROVE-2019_partial/data/US0018U.20050101080000.20191216000000.filterpack..pm25.52w.1w.US03L_filterpack_US0018.US03L_IMPROVE_Davis.lev2.nas
66 1001
MISSING INFORMATION
US03L, IMPROVE, , , , , , , 
MISSING INFORMATION
IMPROVE sel_HTAP
1 1
2005 01 01 2019 12 16
3.000000
days from file reference point
27
1 1 1 1 1 1 1 1 1 1 1 1 1 1 1 1 1 1 1 1 1 1 1 1 1 1 1
999.999999 9999.99 9.999 99.99 9.999 9.999 9.999999 99.99 9.999999 99.999 9.999 999.999 9.999 999.999 9.999 999.99 9.999999 999.999 9.999 999.999 9.999 999.999 9.999 9.999 9.999 99.999 9.999
end_time of measurement, days from the file reference point
iron, ng/m3, Revision date=20181210133000
numflag iron, no unit, Revision date=20181210133000
lead, ng/m3, Revision date=20181210133000
numflag lead, no unit, Revision date=20181210133000
magnesium, ug/m3, Revision date=20181210133000
numflag magnesium, no unit, Revision date=20181210133000
nickel, ng/m3, Revision date=20181210133000
numflag nickel, no unit, Revision date=20181210133000
nitrate, ug N/m3, Revision date=20181210133000
numflag nitrate, no unit, Revision date=20181210133000
organic_carbon, ug C/m3, Revision date=20181210133000
numflag organic_carbon, no unit, Revision date=20181210133000
organic_mass, ug/m3, Revision date=20181210133000
numflag organic_mass, no unit, Revision date=20181210133000
phosphorus, ng/m3, Revision date=20181210133000
numflag phosphorus, no unit, Revision date=20181210133000
pm10_mass, ug/m3, Version=2, Version description=Data extracted from http://views.cira.colostate.edu/fed/DataWizard 2019-12-16, Sample duration=1d, Orig. time res.=3d, Matrix=pm10, Blank correction=Blank corrected, Volume std. temperature=ambient, Volume std. pressure=ambient
numflag pm10_mass, no unit, Version=2, Version description=Data extracted from http://views.cira.colostate.edu/fed/DataWizard 2019-12-16, Sample duration=1d, Orig. time res.=3d, Matrix=pm10, Blank correction=Blank corrected, Volume std. temperature=ambient, Volume std. pressure=ambient
pm10_pm25_mass, ug/m3, Revision date=20181210133000, Matrix=pm10_pm25
numflag pm10_pm25_mass, no unit, Revision date=20181210133000, Matrix=pm10_pm25
pm25_mass, ug/m3, Version=2, Version description=Data extracted from http://views.cira.colostate.edu/fed/DataWizard 2019-12-16, Sample duration=1d, Orig. time res.=3d, Blank correction=Blank corrected, Volume std. temperature=ambient, Volume std. pressure=ambient
numflag pm25_mass, no unit, Version=2, Version description=Data extracted from http://views.cira.colostate.edu/fed/DataWizard 2019-12-16, Sample duration=1d, Orig. time res.=3d, Blank correction=Blank corrected, Volume std. temperature=ambient, Volume std. pressure=ambient
potassium, ug/m3, Revision date=20181210133000
numflag potassium, no unit, Revision date=20181210133000
sulphate_total, ug S/m3, Revision date=20181210133000
numflag sulphate_total, no unit, Revision date=20181210133000
0
25
Data definition:              EBAS_1.1
Set type code:                TU
Timezone:                     UTC
File name:                    US0018U.20050101080000.20191216000000.filterpack..pm25.52w.1w.US03L_filterpack_US0018.US03L_IMPROVE_Davis.lev2.nas
File creation:                20191218115633
Startdate:                    20050101080000
Revision date:                20191216000000
Statistics:                   arithmetic mean
Data level:                   2
Period code:                  52w
Resolution code:              1w
Station code:                 US0018U
Platform code:                US0018S
Station name:                 Fresno
Station latitude:             36.7818
Station longitude:            -119.7732
Station altitude:             100.0 m
Regime:                       IMG
Component:                    
Matrix:                       pm25
Laboratory code:              US03L
Instrument type:              filterpack
Instrument name:              filterpack_US0018
Method ref:                   US03L_IMPROVE_Davis
starttime endtime Fe flag_Fe Pb flag_Pb Mg++ flag_Mg++ Ni flag_Ni NO3- flag_NO3- OC flag_OC OM flag_OM P flag_P PM10 flag_PM10 PM10-PM2.5 flag_PM10-PM2.5 PM2.5 flag_PM2.5 K+ flag_K+ SO4-- flag_SO4--
  0.333333   1.333333   29.09 0.000  2.32 0.000 9.999 0.259000 99.99 0.259000  0.269 0.000   2.522 0.559   4.540 0.559 999.99 0.259000  10.603 0.000   3.435 0.000   7.167 0.000 0.100 0.000  0.183 0.000
  3.333333   4.333333   80.00 0.000  2.10 0.000 9.999 0.259000  0.07 0.000000  0.586 0.000   4.882 0.559   8.787 0.559 999.99 0.259000  15.953 0.000   2.130 0.000  13.829 0.000 0.098 0.000  0.172 0.000
  6.333333   7.333333   54.32 0.000  1.08 0.000 9.999 0.259000  0.12 0.000000  0.349 0.000   1.376 0.559   2.478 0.559 999.99 0.259000  13.408 0.000   7.749 0.000   5.657 0.000 0.050 0.000  0.112 0.000
  9.333333  10.333333   47.37 0.000  1.26 0.000 9.999 0.259000  0.10 0.000000  0.599 0.000   1.697 0.559   3.055 0.559 999.99 0.259000  10.571 0.000   1.648 0.000   8.921 0.000 0.031 0.000  0.278 0.000
 12.333333  13.333333  117.04 0.000  4.13 0.000 9.999 0.259000  0.24 0.000000  1.925 0.000   8.668 0.559  15.602 0.559 999.99 0.259000  35.745 0.000   5.125 0.000  30.611 0.000 0.187 0.000  0.427 0.000
 15.333333  16.333333   64.52 0.000  2.72 0.000 9.999 0.259000 99.99 0.259000  3.664 0.000   6.288 0.559  11.318 0.559 999.99 0.259000  45.962 0.000   4.539 0.000  41.416 0.000 0.095 0.000  1.291 0.000
 18.333333  19.333333   96.80 0.000  4.17 0.000 9.999 0.259000  0.22 0.000000  2.522 0.000   3.334 0.559   6.001 0.559 999.99 0.259000  40.335 0.000   8.206 0.000  32.125 0.000 0.063 0.000  1.290 0.000
 21.333333  22.333333   66.85 0.000  2.70 0.000 9.999 0.259000 99.99 0.259000  1.491 0.000   2.797 0.559   5.035 0.559 999.99 0.259000  29.717 0.000   4.233 0.000  25.480 0.000 0.046 0.000  1.499 0.000
 24.333333  25.333333  188.14 0.000  6.81 0.000 9.999 0.259000  0.18 0.000000  2.060 0.000   6.803 0.000  12.246 0.000 999.99 0.259000  44.046 0.000  11.153 0.000  32.922 0.000 0.163 0.000  0.884 0.000
 27.333333  28.333333   54.84 0.000  1.58 0.000 9.999 0.259000 99.99 0.259000  0.263 0.000   2.190 0.559   3.942 0.559 999.99 0.259000   9.644 0.000   2.802 0.000   6.842 0.000 0.049 0.000  0.118 0.000
 30.333333  31.333333  104.55 0.000  2.20 0.000 9.999 0.259000 99.99 0.259000  1.770 0.000   5.103 0.559   9.185 0.559 999.99 0.259000  32.026 0.000   6.571 0.000  25.450 0.000 0.119 0.000  0.459 0.000
 33.333333  34.333333  197.15 0.000  4.92 0.000 9.999 0.259000  0.11 0.000000  3.109 0.000   5.859 0.559  10.545 0.559 999.99 0.259000  50.912 0.000  13.940 0.000  36.967 0.000 0.110 0.000  0.486 0.000
 36.333333  37.333333   97.95 0.000  6.12 0.000 9.999 0.259000  0.11 0.000000  3.600 0.000   6.701 0.000  12.061 0.000 999.99 0.259000  51.173 0.000   8.022 0.000  43.147 0.000 0.127 0.000  0.485 0.000
 39.333333  40.333333  133.22 0.000  2.82 0.000 9.999 0.259000 99.99 0.259000  2.147 0.000   4.965 0.559   8.936 0.559 999.99 0.259000  38.213 0.000  10.514 0.000  27.693 0.000 0.119 0.000  0.462 0.000
 42.333333  43.333333   70.75 0.000  2.08 0.000 9.999 0.259000 99.99 0.259000  1.994 0.000   3.527 0.000   6.349 0.000 999.99 0.259000  24.023 0.000   2.300 0.000  21.722 0.000 0.077 0.000  0.284 0.000
 45.333333  46.333333   77.07 0.000  2.63 0.000 9.999 0.259000 99.99 0.259000  1.892 0.000   3.500 0.559   6.300 0.559 999.99 0.259000  27.875 0.000   1.888 0.000  26.008 0.000 0.118 0.000  0.551 0.000
 48.333333  49.333333   64.90 0.000  1.56 0.000 9.999 0.259000 99.99 0.259000  0.626 0.000   1.926 0.000   3.468 0.000 999.99 0.259000  11.534 0.000   2.704 0.000   8.829 0.000 0.045 0.000  0.185 0.000
 51.333333  52.333333   39.04 0.000  0.62 0.000 9.999 0.259000 99.99 0.259000  0.086 0.000   1.637 0.000   2.946 0.000 999.99 0.259000   6.405 0.000   2.258 0.000   4.147 0.000 0.044 0.000  0.037 0.000
 54.333333  55.333333   62.73 0.000  2.08 0.000 9.999 0.259000  0.21 0.000000  1.738 0.000   1.658 0.559   2.984 0.559 999.99 0.259000  25.092 0.000   6.722 0.000  18.367 0.000 0.039 0.000  0.654 0.000
 57.333333  58.333333   51.08 0.000  1.75 0.000 0.008 0.000000 99.99 0.259000  1.719 0.000   2.619 0.559   4.715 0.559 999.99 0.259000  26.622 0.000   5.995 0.000  20.624 0.000 0.052 0.000  0.769 0.000
 60.333333  61.333333   82.23 0.000  2.07 0.000 9.999 0.259000  0.18 0.000000  0.399 0.000   2.005 0.559   3.608 0.559 999.99 0.259000  12.489 0.000   5.355 0.000   7.133 0.000 0.049 0.000  0.244 0.000
 63.333333  64.333333   80.75 0.000  3.30 0.000 9.999 0.259000  0.06 0.000000  1.692 0.000   3.087 0.559   5.558 0.559 999.99 0.259000  21.675 0.000   4.949 0.000  16.724 0.000 0.050 0.000  0.566 0.000
 66.333333  67.333333  141.05 0.000  3.16 0.000 9.999 0.259000  0.07 0.000000  1.560 0.000   3.904 0.559   7.028 0.559  64.85 0.000000  25.237 0.000   8.516 0.000  16.838 0.000 0.060 0.000  0.538 0.000
 69.333333  70.333333  261.69 0.000  4.65 0.000 9.999 0.259000  0.68 0.000000  5.154 0.000   5.529 0.559   9.952 0.559 999.99 0.259000  61.818 0.000  20.008 0.000  41.805 0.000 0.089 0.000  1.452 0.000
 72.333333  73.333333  147.15 0.000  3.32 0.000 9.999 0.259000  0.19 0.000000  1.302 0.000   2.946 0.559   5.304 0.559 999.99 0.259000  27.918 0.000  13.440 0.000  14.477 0.000 0.075 0.000  0.814 0.000
 75.333333  76.333333  186.21 0.000  5.60 0.000 9.999 0.259000  0.08 0.000000  1.489 0.000   4.564 0.559   8.216 0.559 999.99 0.259000  41.829 0.000  19.731 0.000  22.097 0.000 0.132 0.000  0.597 0.000
 78.333333  79.333333   20.07 0.000  0.69 0.000 0.038 0.000000 99.99 0.259000  0.118 0.000   0.959 0.559   1.725 0.559 999.99 0.259000   8.781 0.000   5.084 0.000   3.696 0.000 0.033 0.000  0.212 0.000
 81.333333  82.333333   36.16 0.000  0.88 0.000 9.999 0.259000 99.99 0.259000  0.389 0.000   1.181 0.000   2.126 0.000 999.99 0.259000   8.603 0.000   4.623 0.000   3.980 0.000 0.027 0.000  0.111 0.000
 84.333333  85.333333   84.41 0.000  3.00 0.000 9.999 0.259000 99.99 0.259000  1.136 0.000   2.989 0.559   5.380 0.559 999.99 0.259000  19.535 0.000   7.074 0.000  12.458 0.000 0.071 0.000  0.397 0.000
 87.333333  88.333333   44.69 0.394  1.95 0.394 9.999 0.394259 99.99 0.394259  0.374 0.394 999.999 0.456 999.999 0.456 999.99 0.394259  14.015 0.000   7.453 0.000   6.191 0.000 0.058 0.394  0.321 0.394
 90.333333  91.333333  188.06 0.000  2.74 0.000 0.016 0.000000  1.82 0.000000  0.435 0.000 999.999 0.456 999.999 0.456 999.99 0.259000  22.754 0.000  13.475 0.000   9.277 0.000 0.065 0.000  0.487 0.000
 93.333333  94.333333   22.74 0.000  1.22 0.000 9.999 0.259000  0.16 0.000000  0.340 0.000   0.634 0.000   1.142 0.000 999.99 0.259000   6.766 0.000   3.703 0.000   3.062 0.000 0.020 0.000  0.303 0.000
 96.333333  97.333333   66.01 0.000  2.24 0.000 0.021 0.000000  0.21 0.000000  0.198 0.000   0.884 0.000   1.591 0.000 999.99 0.259000  11.420 0.000   7.298 0.000   4.123 0.000 0.050 0.000  0.318 0.000
 99.333333 100.333333   41.78 0.000  1.64 0.000 9.999 0.259000 99.99 0.259000  0.634 0.000   1.852 0.000   3.334 0.000 999.99 0.259000  13.249 0.000   6.171 0.000   7.077 0.000 0.046 0.000  0.446 0.000
102.333333 103.333333   24.37 0.000  0.82 0.000 0.025 0.000000  0.28 0.000000  0.123 0.000   0.692 0.000   1.246 0.000 999.99 0.259000  12.222 0.000   9.085 0.000   3.137 0.000 0.035 0.000  0.156 0.000
105.333333 106.333333  128.86 0.000  3.15 0.000 0.010 0.000000  0.09 0.000000  0.753 0.000   4.014 0.000   7.226 0.000 999.99 0.259000  26.752 0.000  13.913 0.000  12.837 0.000 0.076 0.000  0.623 0.000
108.333333 109.333333   72.87 0.000  1.67 0.000 0.037 0.000000 99.99 0.259000  0.195 0.000   1.049 0.000   1.888 0.000 999.99 0.259000  18.785 0.000  15.101 0.000   3.913 0.000 0.042 0.000  0.141 0.000
111.333333 112.333333  174.07 0.000  1.86 0.000 0.018 0.000000 99.99 0.259000  0.511 0.000   2.743 0.000   4.937 0.000 999.99 0.259000  36.398 0.000  25.541 0.000  10.858 0.000 0.071 0.000  0.447 0.000
114.333333 115.333333   57.96 0.000  1.69 0.000 9.999 0.259000  0.17 0.000000  0.536 0.000   0.959 0.000   1.725 0.000 999.99 0.259000  15.161 0.000   9.916 0.000   5.244 0.000 0.031 0.000  0.483 0.000
117.333333 118.333333   73.83 0.000  1.22 0.000 0.007 0.000000  0.22 0.000000  0.184 0.000   1.180 0.000   2.123 0.000 999.99 0.259000   9.676 0.000   5.873 0.000   3.803 0.000 0.030 0.000  0.208 0.000
120.333333 121.333333   47.02 0.000  1.85 0.000 9.999 0.259000  0.46 0.000000  0.359 0.000   0.974 0.000   1.754 0.000 999.99 0.259000  11.400 0.000   6.765 0.000   4.635 0.000 0.028 0.000  0.418 0.000
123.333333 124.333333  124.12 0.394  3.32 0.394 9.999 0.394259  0.39 0.394000  0.475 0.394   1.706 0.000   3.071 0.000 999.99 0.394259  27.564 0.000  18.668 0.000   9.148 0.000 0.066 0.394  0.887 0.394
126.333333 127.333333   45.90 0.000  1.37 0.000 9.999 0.259000 99.99 0.259000  0.233 0.000   0.783 0.000   1.409 0.000 999.99 0.259000   8.344 0.000   4.646 0.000   3.697 0.000 0.020 0.000  0.341 0.000
129.333333 130.333333   31.28 0.000  0.85 0.000 0.009 0.000000 99.99 0.259000  0.393 0.000   0.684 0.000   1.230 0.000 999.99 0.259000   7.831 0.000   4.695 0.000   3.185 0.000 0.020 0.000  0.301 0.000
132.333333 133.333333   93.66 0.000  2.07 0.000 9.999 0.259000  0.20 0.000000  0.521 0.000   2.908 0.000   5.234 0.000 999.99 0.259000  22.900 0.000  12.877 0.000  10.023 0.000 0.039 0.000  0.645 0.000
135.333333 136.333333   32.78 0.000  2.59 0.000 0.026 0.000000 99.99 0.259000  0.208 0.000   0.621 0.000   1.117 0.000 999.99 0.259000  10.443 0.000   5.728 0.000   4.715 0.000 0.038 0.000  0.578 0.000
138.333333 139.333333   40.86 0.000  0.87 0.000 0.011 0.000000  0.21 0.000000  0.109 0.000   1.049 0.000   1.889 0.000 999.99 0.259000  13.396 0.000   9.424 0.000   3.973 0.000 0.024 0.000  0.323 0.000
141.333333 142.333333   50.81 0.000  1.93 0.000 9.999 0.259000  0.18 0.000000  0.166 0.000   1.640 0.000   2.952 0.000 999.99 0.259000  16.995 0.000  11.376 0.000   5.618 0.000 0.032 0.000  0.362 0.000
144.333333 145.333333  132.51 0.000  2.62 0.000 9.999 0.259000  0.10 0.000000  0.349 0.000   3.234 0.000   5.820 0.000 999.99 0.259000  31.695 0.000  21.031 0.000  10.665 0.000 0.072 0.000  0.623 0.000
147.333333 148.333333   73.92 0.000  1.26 0.000 0.017 0.000000  0.41 0.000000  0.239 0.000   1.269 0.000   2.284 0.000 999.99 0.259000  25.791 0.000  19.794 0.000   5.997 0.000 0.051 0.000  0.524 0.000
150.333333 151.333333  107.44 0.000  3.33 0.000 0.013 0.000000 99.99 0.259000  0.322 0.000   2.995 0.000   5.390 0.000 999.99 0.259000  33.041 0.000  22.436 0.000  10.711 0.000 0.105 0.000  0.783 0.000
153.333333 154.333333  130.79 0.000  2.12 0.000 0.049 0.000000  0.24 0.000000  0.538 0.000   2.125 0.000   3.825 0.000 999.99 0.259000  35.768 0.000  26.015 0.000   9.754 0.000 0.085 0.000  0.424 0.000
156.333333 157.333333   59.54 0.000  1.02 0.000 0.024 0.000000 99.99 0.259000  0.231 0.000   0.938 0.000   1.688 0.000 999.99 0.259000  22.385 0.000  17.692 0.000   4.693 0.000 0.048 0.000  0.261 0.000
159.333333 160.333333   40.27 0.000  0.79 0.000 9.999 0.259000  0.08 0.000000  0.146 0.000   0.657 0.000   1.183 0.000 999.99 0.259000  20.396 0.000  16.562 0.000   3.834 0.000 0.019 0.000  0.388 0.000
162.333333 163.333333   53.79 0.000  1.56 0.000 0.040 0.000000  0.12 0.000000  0.285 0.000   1.456 0.000   2.621 0.000 999.99 0.259000  22.456 0.000  15.623 0.000   6.834 0.000 0.058 0.000  0.406 0.000
165.333333 166.333333  103.85 0.000  1.39 0.000 0.035 0.000000  0.16 0.000000  0.264 0.000   1.864 0.000   3.355 0.000 999.99 0.259000  28.537 0.000  22.126 0.000   6.412 0.000 0.064 0.000  0.345 0.000
168.333333 169.333333   40.54 0.000  1.27 0.000 0.027 0.000000  0.19 0.000000  0.279 0.000   0.891 0.000   1.604 0.000 999.99 0.259000  17.635 0.000  12.446 0.000   5.189 0.000 0.042 0.000  0.384 0.000
171.333333 172.333333   64.26 0.000  0.88 0.000 9.999 0.259000  0.16 0.000000  0.153 0.000   1.324 0.000   2.383 0.000 999.99 0.259000  24.504 0.000  18.494 0.000   6.294 0.000 0.036 0.000  0.646 0.000
174.333333 175.333333  104.85 0.000  1.13 0.000 0.040 0.000000  0.28 0.000000  0.391 0.000   1.532 0.000   2.757 0.000 999.99 0.259000  30.793 0.000  22.880 0.000   7.914 0.000 0.069 0.000  0.693 0.000
177.333333 178.333333   92.77 0.000  1.29 0.000 9.999 0.259000  0.23 0.000000  0.202 0.000   1.568 0.000   2.823 0.000 999.99 0.259000  25.480 0.000  18.767 0.000   6.714 0.000 0.051 0.000  0.588 0.000
180.333333 181.333333  183.73 0.000  2.46 0.000 9.999 0.259000  0.23 0.000000  0.259 0.000   3.547 0.000   6.385 0.000 999.99 0.259000  43.800 0.000  30.278 0.000  13.524 0.000 0.105 0.000  1.072 0.000
183.333333 184.333333   75.54 0.000  1.98 0.000 0.047 0.000000 99.99 0.259000  0.357 0.000   3.040 0.000   5.472 0.000 999.99 0.259000  26.110 0.000  15.465 0.000  10.645 0.000 0.517 0.000  0.719 0.000
186.333333 187.333333  134.63 0.000  1.83 0.000 9.999 0.259000  0.17 0.000000  0.271 0.000   2.325 0.000   4.184 0.000  59.25 0.000000  37.977 0.000  28.669 0.000   9.308 0.000 0.146 0.000  0.573 0.000
189.333333 190.333333   87.08 0.000  1.82 0.000 9.999 0.259000  0.14 0.000000  0.069 0.000   0.825 0.000   1.484 0.000  57.98 0.000000  18.760 0.000  13.643 0.000   5.117 0.000 0.060 0.000  0.481 0.000
192.333333 193.333333  146.58 0.000  1.65 0.000 9.999 0.259000 99.99 0.259000  0.159 0.000   3.270 0.000   5.885 0.000 999.99 0.259000  37.163 0.000  24.657 0.000  12.620 0.000 0.068 0.000  0.917 0.000
195.333333 196.333333  268.36 0.000  2.81 0.000 9.999 0.259000  0.29 0.000000  0.292 0.000   4.526 0.000   8.147 0.000 999.99 0.259000  53.988 0.000  35.996 0.000  17.996 0.000 0.125 0.000  1.176 0.000
198.333333 199.333333  164.46 0.000  1.62 0.000 9.999 0.259000  0.22 0.000000  0.187 0.000   3.322 0.000   5.979 0.000 999.99 0.259000  37.633 0.000  25.747 0.000  11.884 0.000 0.080 0.000  0.772 0.000
201.333333 202.333333  307.14 0.000  2.25 0.000 0.016 0.000000  0.40 0.000000  0.139 0.000   2.984 0.000   5.371 0.000 999.99 0.259000  57.561 0.000  43.635 0.000  13.929 0.000 0.146 0.000  0.905 0.000
204.333333 205.333333  145.85 0.000  2.48 0.000 0.016 0.000000 99.99 0.259000  0.200 0.000   3.149 0.000   5.669 0.000 999.99 0.259000  30.802 0.000  19.157 0.000  11.646 0.000 0.087 0.000  0.774 0.000
207.333333 208.333333  276.18 0.000  2.68 0.000 0.032 0.000000  0.26 0.000000  0.460 0.000   3.516 0.000   6.328 0.000 999.99 0.259000  51.139 0.000  36.312 0.000  14.825 0.000 0.134 0.000  0.769 0.000
210.333333 211.333333  142.54 0.000  2.81 0.000 9.999 0.259000  0.33 0.000000  0.121 0.000   2.110 0.000   3.797 0.000 999.99 0.259000  31.660 0.000  21.676 0.000   9.986 0.000 0.066 0.000  0.933 0.000
213.333333 214.333333  176.08 0.000  1.29 0.000 9.999 0.259000  0.20 0.000000  0.095 0.000   1.768 0.000   3.182 0.000 999.99 0.259000  30.125 0.000  23.147 0.000   7.095 0.000 0.081 0.000  0.356 0.000
216.333333 217.333333  293.28 0.000  2.46 0.000 9.999 0.259000  0.33 0.000000  0.285 0.000   3.080 0.000   5.544 0.000 999.99 0.259000  50.721 0.000  37.350 0.000  13.370 0.000 0.117 0.000  0.726 0.000
219.333333 220.333333  178.16 0.000  2.21 0.000 9.999 0.259000  0.17 0.000000  0.107 0.000   2.352 0.000   4.234 0.000 999.99 0.259000  35.217 0.000  25.993 0.000   9.227 0.000 0.075 0.000  0.466 0.000
222.333333 223.333333  242.12 0.000  2.30 0.000 0.020 0.000000  0.24 0.000000  0.157 0.000   2.608 0.000   4.695 0.000 999.99 0.259000  45.080 0.000  35.758 0.000   9.325 0.000 0.107 0.000  0.385 0.000
225.333333 226.333333   89.73 0.000  2.50 0.000 9.999 0.259000  0.18 0.000000  0.347 0.699   2.979 0.000   5.363 0.000 999.99 0.259000  28.831 0.000  19.384 0.000   9.837 0.000 0.074 0.000  0.547 0.699
228.333333 229.333333  150.05 0.000  2.26 0.000 9.999 0.259000  0.17 0.000000  0.316 0.000   3.082 0.000   5.547 0.000 999.99 0.259000  41.676 0.000  29.256 0.000  12.421 0.000 0.075 0.000  0.846 0.000
231.333333 232.333333  133.80 0.000  2.27 0.000 9.999 0.259000  0.22 0.000000  0.185 0.000   2.156 0.000   3.881 0.000 999.99 0.259000  31.697 0.000  22.618 0.000   9.079 0.000 0.075 0.000  0.650 0.000
234.333333 235.333333  228.10 0.000  2.67 0.000 9.999 0.259000  0.45 0.000000  0.438 0.000   3.337 0.000   6.007 0.000 999.99 0.259000  44.588 0.000  31.922 0.000  13.126 0.000 0.124 0.000  0.707 0.000
