scripts/IMPROVE-2019_partial/data/US0074R.19950104060000.20191216000000.filterpack...1y.3d.US03L_filterpack_US0074.US03L_IMPROVE_Davis.lev2.nas
51 1001
MISSING INFORMATION
US03L, IMPROVE, , , , , , , 
MISSING INFORMATION
IMPROVE sel_HTAP
1 1
1995 01 01 2019 12 16
0
days from file reference point
4
1 1 1 1
999.99 999.999 999.999 9.999
end_time of measurement, days from the file reference point
pm10_mass, ug/m3, Matrix=pm10
pm25_mass, ug/m3, Matrix=pm25
numflag, no unit
0
33
Data definition:              EBAS_1.1
Set type code:                TI
Timezone:                     UTC
File name:                    US0074R.19950104060000.20191216000000.filterpack...1y.3d.US03L_filterpack_US0074.US03L_IMPROVE_Davis.lev2.nas
File creation:                20191218120030
Startdate:                    19950104060000
Revision date:                20191216000000
Version:                      2
Version description:          "Data extracted from http://views.cira.colostate.edu/fed/DataWizard 2019-12-16"
Statistics:                   arithmetic mean
Data level:                   2
Period code:                  1y
Resolution code:              3d
Sample duration:              1d
Orig. time res.:              3d
Station code:                 US0074R
Platform code:                US0074S
Station name:                 Guadalupe Mountains NP
Station latitude:             31.833
Station longitude:            -104.8094
Station altitude:             1672.0 m
Regime:                       IMG
Component:                    
Unit:                         ug/m3
Matrix:                       
Laboratory code:              US03L
Instrument type:              filterpack
Instrument name:              filterpack_US0074
Method ref:                   US03L_IMPROVE_Davis
Blank correction:             Blank corrected
Volume std. temperature:      ambient
Volume std. pressure:         ambient
starttime endtime PM10 PM2.5 flag
  3.25   4.25 999.999 999.999 0.999
  6.25   7.25   7.863   3.000 0.000
 10.25  11.25   5.725   2.593 0.000
 13.25  14.25 999.999 999.999 0.999
 17.25  18.25 999.999 999.999 0.999
 20.25  21.25 999.999 999.999 0.999
 24.25  25.25 999.999 999.999 0.999
 27.25  28.25   5.485   1.707 0.000
 31.25  32.25   4.981   2.913 0.000
 34.25  35.25  38.550   6.456 0.000
 38.25  39.25  14.338 999.999 0.000
 41.25  42.25  10.967   2.849 0.000
 45.25  46.25 999.999 999.999 0.999
 48.25  49.25 999.999 999.999 0.999
 52.25  53.25   5.097   2.485 0.000
 55.25  56.25   8.919   6.135 0.000
 59.25  60.25   2.122   1.842 0.000
 62.25  63.25  22.267   5.655 0.000
 66.25  67.25   8.567   2.315 0.000
 69.25  70.25  14.767   5.428 0.000
 73.25  74.25   5.586   1.842 0.000
 76.25  77.25   7.888   4.136 0.000
 80.25  81.25  21.211   4.425 0.000
 83.25  84.25  17.245   4.117 0.000
 87.25  88.25   7.975   3.533 0.000
 90.25  91.25  14.118   6.914 0.000
 94.25  95.25   7.750   6.641 0.000
 97.25  98.25   4.500   4.344 0.000
101.25 102.25  10.803   4.640 0.000
104.25 105.25  10.918   3.103 0.000
108.25 109.25 999.999  12.137 0.000
111.25 112.25  47.268   9.526 0.000
115.25 116.25  33.364   9.249 0.000
118.25 119.25  11.171   3.973 0.000
122.25 123.25  22.427   3.990 0.000
125.25 126.25  30.927   7.932 0.000
129.25 130.25  10.305   4.028 0.000
132.25 133.25  30.279   6.644 0.000
136.25 137.25  36.290   7.308 0.000
139.25 140.25  29.167   8.003 0.000
143.25 144.25  14.966   6.543 0.000
146.25 147.25  15.597   4.568 0.000
150.25 151.25  10.971   4.344 0.000
153.25 154.25  16.054   5.518 0.000
157.25 158.25  17.667   9.150 0.000
160.25 161.25  26.554  11.452 0.000
164.25 165.25   8.096   5.231 0.000
167.25 168.25  17.290  10.832 0.000
171.25 172.25   6.695   4.400 0.000
174.25 175.25  12.607   7.124 0.000
178.25 179.25  34.926   5.374 0.000
181.25 182.25  14.211   5.193 0.000
185.25 186.25   8.757   5.034 0.000
188.25 189.25   6.054   3.293 0.000
192.25 193.25   9.838   5.737 0.000
195.25 196.25  21.520  11.483 0.000
199.25 200.25  10.803   6.024 0.000
202.25 203.25   8.593   3.073 0.000
206.25 207.25  18.261   6.176 0.000
209.25 210.25  12.823   4.960 0.000
213.25 214.25   9.223   4.689 0.000
216.25 217.25   7.921   5.437 0.000
220.25 221.25  18.311   4.913 0.000
223.25 224.25  10.271   5.610 0.000
227.25 228.25   2.577   1.963 0.000
230.25 231.25  10.944   7.337 0.000
234.25 235.25  15.456  11.644 0.000
237.25 238.25  15.028   9.100 0.000
241.25 242.25   8.893   6.796 0.000
244.25 245.25  11.657   9.515 0.000
248.25 249.25  10.344   6.046 0.000
251.25 252.25   6.800   4.640 0.000
255.25 256.25   9.017   7.335 0.000
258.25 259.25 999.999   3.547 0.000
262.25 263.25   6.011   2.911 0.000
265.25 266.25   6.795   2.425 0.000
269.25 270.25   7.708   4.660 0.000
272.25 273.25   5.068   1.919 0.000
276.25 277.25  26.998   7.096 0.000
279.25 280.25  16.941   4.801 0.000
283.25 284.25   7.593   4.306 0.000
286.25 287.25  19.040   4.600 0.000
290.25 291.25  14.630   6.256 0.000
293.25 294.25  26.035   6.307 0.000
297.25 298.25  14.535   6.202 0.000
300.25 301.25  14.563   5.279 0.000
304.25 305.25   8.895   3.410 0.000
307.25 308.25   7.510   3.675 0.000
311.25 312.25   5.238   4.545 0.000
314.25 315.25   6.823   1.925 0.000
318.25 319.25   9.167   4.713 0.000
321.25 322.25  11.151   3.457 0.000
325.25 326.25   9.300   5.161 0.000
328.25 329.25   8.929   4.960 0.000
332.25 333.25  10.838   3.205 0.000
335.25 336.25  14.090   5.192 0.000
339.25 340.25  18.135   4.682 0.000
342.25 343.25  35.238   9.473 0.000
346.25 347.25  11.290   4.793 0.000
349.25 350.25  12.452   2.628 0.000
353.25 354.25   7.426   4.460 0.000
356.25 357.25   1.508   0.951 0.000
360.25 361.25 999.999 999.999 0.999
363.25 364.25   7.328   3.298 0.000
