scripts/IMPROVE-2019_partial/data/US0097R.20020102080000.20191216000000.filterpack..pm25.52w.1w.US03L_filterpack_US0097.US03L_IMPROVE_Davis.lev2.nas
66 1001
MISSING INFORMATION
US03L, IMPROVE, , , , , , , 
MISSING INFORMATION
IMPROVE sel_HTAP
1 1
2002 01 01 2019 12 16
3.000000
days from file reference point
27
1 1 1 1 1 1 1 1 1 1 1 1 1 1 1 1 1 1 1 1 1 1 1 1 1 1 1
999.999999 9999.99 9.999 99.99 9.999 9.999 9.999999 9.99 9.999999 9.999 9.999 999.999 9.999 999.999 9.999 999.99 9.999999 999.999 9.999 999.999 9.999 999.999 9.999 9.999 9.999 9.999 9.999
end_time of measurement, days from the file reference point
iron, ng/m3, Revision date=20181210133000
numflag iron, no unit, Revision date=20181210133000
lead, ng/m3, Revision date=20181210133000
numflag lead, no unit, Revision date=20181210133000
magnesium, ug/m3, Revision date=20181210133000
numflag magnesium, no unit, Revision date=20181210133000
nickel, ng/m3, Revision date=20181210133000
numflag nickel, no unit, Revision date=20181210133000
nitrate, ug N/m3, Revision date=20181210133000
numflag nitrate, no unit, Revision date=20181210133000
organic_carbon, ug C/m3, Revision date=20181210133000
numflag organic_carbon, no unit, Revision date=20181210133000
organic_mass, ug/m3, Revision date=20181210133000
numflag organic_mass, no unit, Revision date=20181210133000
phosphorus, ng/m3, Revision date=20181210133000
numflag phosphorus, no unit, Revision date=20181210133000
pm10_mass, ug/m3, Version=2, Version description=Data extracted from http://views.cira.colostate.edu/fed/DataWizard 2019-12-16, Sample duration=1d, Orig. time res.=3d, Matrix=pm10, Blank correction=Blank corrected, Volume std. temperature=ambient, Volume std. pressure=ambient
numflag pm10_mass, no unit, Version=2, Version description=Data extracted from http://views.cira.colostate.edu/fed/DataWizard 2019-12-16, Sample duration=1d, Orig. time res.=3d, Matrix=pm10, Blank correction=Blank corrected, Volume std. temperature=ambient, Volume std. pressure=ambient
pm10_pm25_mass, ug/m3, Revision date=20181210133000, Matrix=pm10_pm25
numflag pm10_pm25_mass, no unit, Revision date=20181210133000, Matrix=pm10_pm25
pm25_mass, ug/m3, Version=2, Version description=Data extracted from http://views.cira.colostate.edu/fed/DataWizard 2019-12-16, Sample duration=1d, Orig. time res.=3d, Blank correction=Blank corrected, Volume std. temperature=ambient, Volume std. pressure=ambient
numflag pm25_mass, no unit, Version=2, Version description=Data extracted from http://views.cira.colostate.edu/fed/DataWizard 2019-12-16, Sample duration=1d, Orig. time res.=3d, Blank correction=Blank corrected, Volume std. temperature=ambient, Volume std. pressure=ambient
potassium, ug/m3, Revision date=20181210133000
numflag potassium, no unit, Revision date=20181210133000
sulphate_total, ug S/m3, Revision date=20181210133000
numflag sulphate_total, no unit, Revision date=20181210133000
0
25
Data definition:              EBAS_1.1
Set type code:                TU
Timezone:                     UTC
File name:                    US0097R.20020102080000.20191216000000.filterpack..pm25.52w.1w.US03L_filterpack_US0097.US03L_IMPROVE_Davis.lev2.nas
File creation:                20191218120201
Startdate:                    20020102080000
Revision date:                20191216000000
Statistics:                   arithmetic mean
Data level:                   2
Period code:                  52w
Resolution code:              1w
Station code:                 US0097R
Platform code:                US0097S
Station name:                 Redwood NP
Station latitude:             41.5608
Station longitude:            -124.0839
Station altitude:             243.0 m
Regime:                       IMG
Component:                    
Matrix:                       pm25
Laboratory code:              US03L
Instrument type:              filterpack
Instrument name:              filterpack_US0097
Method ref:                   US03L_IMPROVE_Davis
starttime endtime Fe flag_Fe Pb flag_Pb Mg++ flag_Mg++ Ni flag_Ni NO3- flag_NO3- OC flag_OC OM flag_OM P flag_P PM10 flag_PM10 PM10-PM2.5 flag_PM10-PM2.5 PM2.5 flag_PM2.5 K+ flag_K+ SO4-- flag_SO4--
  1.333333   2.333333 9999.99 0.999 99.99 0.999 9.999 0.999000 9.99 0.999000 9.999 0.999 999.999 0.999 999.999 0.999 999.99 0.999000 999.999 0.999 999.999 0.999 999.999 0.999 9.999 0.999 9.999 0.999
  4.333333   5.333333    1.29 0.000  0.20 0.000 9.999 0.259000 9.99 0.259000 9.999 0.259 999.999 0.999 999.999 0.999 999.99 0.259000   1.927 0.000   1.023 0.000   0.904 0.000 0.007 0.000 0.026 0.000
  7.333333   8.333333    1.48 0.000  0.15 0.000 0.036 0.000000 9.99 0.259000 0.006 0.000 999.999 0.999 999.999 0.999 999.99 0.259000   6.466 0.000   3.547 0.000   2.919 0.000 0.023 0.000 0.090 0.000
 10.333333  11.333333    3.29 0.000 99.99 0.259 9.999 0.259000 9.99 0.259000 0.006 0.000   0.864 0.000   1.209 0.000 999.99 0.259000   9.795 0.000   6.031 0.000   3.764 0.000 0.034 0.000 0.079 0.000
 13.333333  14.333333    1.89 0.000  0.97 0.000 9.999 0.259000 9.99 0.259000 0.016 0.000   0.477 0.000   0.668 0.000 999.99 0.259000   4.079 0.000   2.163 0.000   1.916 0.000 0.019 0.000 0.093 0.000
 16.333333  17.333333    2.02 0.559  0.26 0.559 9.999 0.559259 9.99 0.559259 0.008 0.559   0.362 0.000   0.507 0.000 999.99 0.559259   5.409 0.000   3.377 0.000   2.033 0.559 0.030 0.559 0.065 0.559
 19.333333  20.333333    5.71 0.000  1.07 0.000 9.999 0.259000 9.99 0.259000 0.024 0.000   0.393 0.000   0.550 0.000 999.99 0.259000   4.446 0.000   2.433 0.000   2.013 0.000 0.032 0.000 0.191 0.000
 22.333333  23.333333    2.43 0.000  0.37 0.000 9.999 0.259000 9.99 0.259000 9.999 0.259   0.185 0.000   0.259 0.000   2.36 0.000000   4.167 0.000   2.825 0.000   1.342 0.000 0.010 0.000 0.055 0.000
 25.333333  26.333333    0.71 0.000 99.99 0.259 0.107 0.000000 9.99 0.259000 9.999 0.259   0.067 0.000   0.094 0.000 999.99 0.259000   7.606 0.000   5.359 0.000   2.247 0.000 0.018 0.000 0.049 0.000
 28.333333  29.333333    1.85 0.000 99.99 0.259 9.999 0.259000 9.99 0.259000 9.999 0.259   0.438 0.000   0.614 0.000 999.99 0.259000   2.376 0.000   1.680 0.000   0.696 0.000 0.016 0.000 0.026 0.000
 31.333333  32.333333    0.70 0.000  0.30 0.000 9.999 0.259000 9.99 0.259000 9.999 0.259   0.252 0.000   0.353 0.000 999.99 0.259000   1.243 0.000   0.644 0.000   0.599 0.000 0.008 0.000 0.008 0.000
 34.333333  35.333333    2.68 0.000  0.41 0.000 9.999 0.259000 9.99 0.259000 0.015 0.000   0.463 0.000   0.647 0.000 999.99 0.259000   4.203 0.000   2.314 0.000   1.889 0.000 0.017 0.000 0.069 0.000
 37.333333  38.333333    1.57 0.000  0.25 0.000 9.999 0.259000 9.99 0.259000 9.999 0.259   0.131 0.000   0.184 0.000 999.99 0.259000   5.364 0.000   3.350 0.000   2.014 0.000 0.019 0.000 0.061 0.000
 40.333333  41.333333   12.44 0.000  0.39 0.000 9.999 0.259000 0.13 0.000000 0.057 0.559   0.621 0.000   0.869 0.000 999.99 0.259000  11.477 0.000   6.779 0.000   4.698 0.000 0.044 0.000 0.135 0.559
 43.333333  44.333333   13.69 0.000  1.28 0.000 0.035 0.000000 0.36 0.000000 0.204 0.559   1.277 0.000   1.788 0.000 999.99 0.259000  14.477 0.000   7.115 0.000   7.362 0.000 0.064 0.000 0.348 0.559
 46.333333  47.333333    8.09 0.000  0.77 0.000 9.999 0.259000 0.10 0.000000 0.073 0.559   0.839 0.000   1.174 0.000 999.99 0.259000   7.602 0.000   4.443 0.000   3.159 0.000 0.029 0.000 0.162 0.559
 49.333333  50.333333    1.68 0.000  0.35 0.000 9.999 0.259000 9.99 0.259000 0.005 0.559   0.051 0.000   0.072 0.000 999.99 0.259000   0.331 0.000   0.331 0.000 999.999 0.259 0.003 0.000 0.004 0.559
 52.333333  53.333333    5.43 0.000  0.30 0.000 9.999 0.259000 9.99 0.259000 9.999 0.699   0.539 0.000   0.755 0.000 999.99 0.259000   4.753 0.000   2.848 0.000   1.905 0.000 0.016 0.000 9.999 0.699
 55.333333  56.333333    7.21 0.000  0.60 0.000 9.999 0.259000 9.99 0.259000 0.054 0.559 999.999 0.999 999.999 0.999 999.99 0.259000   6.690 0.000   4.346 0.000   2.344 0.000 0.029 0.000 0.147 0.559
 58.333333  59.333333   15.26 0.000  0.80 0.000 9.999 0.259000 0.09 0.000000 0.082 0.000 999.999 0.999 999.999 0.999 999.99 0.259000  11.806 0.000   6.924 0.000   4.881 0.000 0.055 0.000 0.253 0.000
 61.333333  62.333333   14.88 0.000  0.71 0.000 9.999 0.259000 0.15 0.000000 0.020 0.559 999.999 0.999 999.999 0.999 999.99 0.259000   4.276 0.000   2.225 0.000   2.051 0.000 0.019 0.000 0.137 0.559
 64.333333  65.333333    1.26 0.000  0.20 0.000 9.999 0.259000 0.11 0.000000 0.007 0.000 999.999 0.999 999.999 0.999 999.99 0.259000   1.279 0.000   0.653 0.000   0.626 0.000 0.006 0.000 0.034 0.000
 67.333333  68.333333    6.67 0.000  0.39 0.000 9.999 0.259000 9.99 0.259000 0.012 0.559   0.308 0.000   0.432 0.000 999.99 0.259000   2.522 0.000   1.243 0.000   1.278 0.000 0.014 0.000 0.068 0.559
 70.333333  71.333333   17.20 0.000  0.39 0.000 9.999 0.259000 0.13 0.000000 0.018 0.000 999.999 0.999 999.999 0.999 999.99 0.259000  11.205 0.000   6.678 0.000   4.527 0.000 0.039 0.000 0.164 0.000
 73.333333  74.333333    7.80 0.000  0.33 0.000 9.999 0.259000 0.16 0.000000 0.027 0.000 999.999 0.999 999.999 0.999 999.99 0.259000   4.813 0.000   3.188 0.000   1.625 0.000 0.019 0.000 0.145 0.000
 76.333333  77.333333    5.14 0.000  0.50 0.000 9.999 0.259000 9.99 0.259000 0.036 0.000 999.999 0.999 999.999 0.999 999.99 0.259000   5.702 0.000   3.755 0.000   1.947 0.000 0.017 0.000 0.165 0.000
 79.333333  80.333333   28.79 0.000  1.01 0.000 9.999 0.259000 0.51 0.000000 0.208 0.000   0.841 0.000   1.177 0.000 999.99 0.259000  12.610 0.000   7.030 0.000   5.580 0.000 0.040 0.000 0.386 0.000
 82.333333  83.333333    2.58 0.000  0.21 0.000 9.999 0.259000 9.99 0.259000 0.019 0.000   0.122 0.000   0.171 0.000 999.99 0.259000   2.866 0.000   2.030 0.000   0.836 0.000 0.008 0.000 0.053 0.000
 85.333333  86.333333 9999.99 0.999 99.99 0.999 9.999 0.999000 9.99 0.999000 9.999 0.999 999.999 0.999 999.999 0.999 999.99 0.999000 999.999 0.999 999.999 0.999 999.999 0.999 9.999 0.999 9.999 0.999
 88.333333  89.333333 9999.99 0.999 99.99 0.999 9.999 0.999000 9.99 0.999000 9.999 0.999 999.999 0.999 999.999 0.999 999.99 0.999000 999.999 0.999 999.999 0.999 999.999 0.999 9.999 0.999 9.999 0.999
 91.333333  92.333333 9999.99 0.999 99.99 0.999 9.999 0.999000 9.99 0.999000 9.999 0.999 999.999 0.999 999.999 0.999 999.99 0.999000 999.999 0.999 999.999 0.999 999.999 0.999 9.999 0.999 9.999 0.999
 94.333333  95.333333    8.65 0.000  0.22 0.000 9.999 0.259000 9.99 0.259000 0.022 0.559   0.293 0.000   0.411 0.000 999.99 0.259000   2.303 0.000   1.230 0.000   1.073 0.000 0.014 0.000 0.087 0.559
 97.333333  98.333333   10.01 0.000  0.24 0.000 9.999 0.259000 0.34 0.000000 0.057 0.559   0.536 0.000   0.751 0.000 999.99 0.259000   6.689 0.000   3.460 0.000   3.229 0.000 0.032 0.000 0.225 0.559
100.333333 101.333333    2.54 0.559  0.24 0.559 9.999 0.559259 9.99 0.559259 0.004 0.559   0.240 0.000   0.337 0.000 999.99 0.559259   1.498 0.000   1.156 0.000   0.343 0.559 0.005 0.559 0.022 0.559
103.333333 104.333333    6.62 0.000  0.14 0.000 9.999 0.259000 0.14 0.000000 0.019 0.559   0.211 0.000   0.296 0.000 999.99 0.259000   9.921 0.000   6.170 0.000   3.751 0.000 0.032 0.000 0.142 0.559
106.333333 107.333333    0.78 0.000  0.11 0.000 9.999 0.259000 9.99 0.259000 0.011 0.559   0.150 0.000   0.210 0.000 999.99 0.259000   2.632 0.000   1.734 0.000   0.898 0.000 0.007 0.000 0.052 0.559
109.333333 110.333333  208.37 0.000  1.14 0.000 9.999 0.259000 0.16 0.000000 0.087 0.559   0.724 0.000   1.013 0.000 999.99 0.259000  19.298 0.000  10.009 0.000   9.289 0.000 0.136 0.000 0.467 0.559
112.333333 113.333333   86.02 0.000  2.04 0.000 9.999 0.259000 0.13 0.000000 0.059 0.559   0.844 0.000   1.181 0.000 999.99 0.259000  15.061 0.000   8.149 0.000   6.911 0.000 0.093 0.000 0.360 0.559
115.333333 116.333333   37.23 0.000  1.11 0.000 9.999 0.259000 0.33 0.000000 0.073 0.559   0.586 0.000   0.821 0.000 999.99 0.259000  11.133 0.000   5.398 0.000   5.735 0.000 0.056 0.000 0.431 0.559
118.333333 119.333333   11.88 0.000  0.63 0.000 9.999 0.259000 0.43 0.000000 0.086 0.559   0.771 0.000   1.080 0.000 999.99 0.259000   7.091 0.000   3.156 0.000   3.934 0.000 0.035 0.000 0.361 0.559
121.333333 122.333333   17.03 0.000  0.43 0.000 9.999 0.259000 0.52 0.000000 0.068 0.559   0.588 0.000   0.823 0.000 999.99 0.259000   6.798 0.000   2.499 0.000   4.299 0.000 0.030 0.000 0.484 0.559
124.333333 125.333333   11.76 0.000  0.32 0.000 9.999 0.259000 0.20 0.000000 0.035 0.559   0.297 0.000   0.415 0.000 999.99 0.259000   6.287 0.000   3.538 0.000   2.749 0.000 0.026 0.000 0.232 0.559
127.333333 128.333333   10.97 0.000  0.55 0.000 9.999 0.259000 9.99 0.259000 0.082 0.559   0.503 0.000   0.704 0.000 999.99 0.259000  10.729 0.000   6.168 0.000   4.561 0.000 0.041 0.000 0.296 0.559
130.333333 131.333333   20.27 0.000  0.92 0.000 9.999 0.259000 0.23 0.000000 0.109 0.559   1.260 0.000   1.764 0.000 999.99 0.259000  11.998 0.000   5.643 0.000   6.355 0.000 0.049 0.000 0.432 0.559
133.333333 134.333333   17.21 0.000  0.34 0.000 9.999 0.259000 0.18 0.000000 0.049 0.559   0.543 0.000   0.761 0.000 999.99 0.259000  11.757 0.000   6.872 0.000   4.886 0.000 0.046 0.000 0.275 0.559
136.333333 137.333333    5.94 0.000  0.57 0.000 9.999 0.259000 0.30 0.000000 0.087 0.559   0.579 0.000   0.810 0.000 999.99 0.259000  10.672 0.000   6.121 0.000   4.552 0.000 0.036 0.000 0.321 0.559
139.333333 140.333333    3.07 0.000  0.16 0.000 9.999 0.259000 9.99 0.259000 0.018 0.559   0.281 0.000   0.394 0.000  10.19 0.000000   5.636 0.000   4.031 0.000   1.605 0.000 0.017 0.000 0.071 0.559
142.333333 143.333333    7.19 0.559  0.43 0.559 0.036 0.559000 9.99 0.559259 0.062 0.559   0.632 0.000   0.885 0.000   4.82 0.559000   7.968 0.000   4.752 0.000   3.216 0.559 0.035 0.559 0.186 0.559
145.333333 146.333333    3.48 0.000  0.35 0.000 9.999 0.259000 0.16 0.000000 0.031 0.559   0.626 0.000   0.876 0.000 999.99 0.259000   3.563 0.000   1.326 0.000   2.237 0.000 0.011 0.000 0.203 0.559
148.333333 149.333333    1.38 0.000 99.99 0.259 9.999 0.259000 0.26 0.000000 0.009 0.559   0.282 0.000   0.395 0.000 999.99 0.259000   2.266 0.000   1.586 0.000   0.680 0.000 0.009 0.000 0.090 0.559
151.333333 152.333333    5.82 0.000  0.18 0.000 9.999 0.259000 0.17 0.000000 0.071 0.559   0.389 0.000   0.544 0.000 999.99 0.259000  16.755 0.000   9.489 0.000   7.265 0.000 0.063 0.000 0.455 0.559
154.333333 155.333333    4.39 0.559  0.39 0.559 9.999 0.559259 0.15 0.559000 0.037 0.559   0.466 0.000   0.653 0.000 999.99 0.559259   4.307 0.000   2.355 0.000   1.953 0.559 0.017 0.559 0.206 0.559
157.333333 158.333333   15.81 0.000  0.34 0.000 9.999 0.259000 0.19 0.000000 0.057 0.559   0.353 0.000   0.494 0.000 999.99 0.259000  15.114 0.000   9.008 0.000   6.106 0.000 0.042 0.000 0.298 0.559
160.333333 161.333333    7.73 0.000  0.22 0.000 0.023 0.000000 0.25 0.000000 0.101 0.559   0.526 0.000   0.736 0.000 999.99 0.259000 999.999 0.456 999.999 0.999   7.092 0.000 0.048 0.000 0.397 0.559
163.333333 164.333333    1.26 0.000  0.15 0.000 0.024 0.000000 9.99 0.259000 0.012 0.559   0.229 0.000   0.321 0.000 999.99 0.259000   2.401 0.000   1.384 0.000   1.017 0.000 0.010 0.000 0.060 0.559
166.333333 167.333333    8.90 0.000  0.28 0.000 9.999 0.259000 0.36 0.000000 0.051 0.559   0.314 0.000   0.439 0.000 999.99 0.259000   6.503 0.000   2.599 0.000   3.904 0.000 0.021 0.000 0.470 0.559
169.333333 170.333333    3.03 0.000  0.38 0.000 9.999 0.259000 0.08 0.000000 0.052 0.559   0.464 0.000   0.650 0.000 999.99 0.259000   8.207 0.000   4.911 0.000   3.296 0.000 0.031 0.000 0.213 0.559
172.333333 173.333333    2.32 0.000  0.25 0.000 9.999 0.259000 0.16 0.000000 0.026 0.559   0.405 0.000   0.566 0.000 999.99 0.259000   4.256 0.000   1.972 0.000   2.284 0.000 0.013 0.000 0.212 0.559
175.333333 176.333333    1.36 0.000  0.21 0.000 9.999 0.259000 0.35 0.000000 0.032 0.559   0.373 0.000   0.523 0.000 999.99 0.259000   4.654 0.000   2.036 0.000   2.619 0.000 0.017 0.000 0.260 0.559
178.333333 179.333333    1.21 0.000  0.23 0.000 9.999 0.259000 0.12 0.000000 0.032 0.559   0.207 0.000   0.290 0.000 999.99 0.259000   4.144 0.000   2.289 0.000   1.856 0.000 0.013 0.000 0.236 0.559
181.333333 182.333333   12.36 0.000  0.17 0.000 9.999 0.259000 0.21 0.000000 0.079 0.559   0.480 0.000   0.672 0.000 999.99 0.259000  16.844 0.000   9.993 0.000   6.851 0.000 0.057 0.000 0.323 0.559
184.333333 185.333333    3.89 0.000  0.09 0.000 9.999 0.259000 9.99 0.259000 0.033 0.559   0.293 0.000   0.410 0.000 999.99 0.259000   8.717 0.000   5.081 0.000   3.636 0.000 0.037 0.000 0.280 0.559
187.333333 188.333333    1.76 0.000  1.13 0.000 0.028 0.000000 0.16 0.000000 0.023 0.559   0.394 0.000   0.552 0.000 999.99 0.259000   4.406 0.000   1.696 0.000   2.709 0.000 0.062 0.000 0.278 0.559
190.333333 191.333333    6.76 0.000  0.42 0.000 9.999 0.259000 0.40 0.000000 0.045 0.559   0.731 0.000   1.023 0.000 999.99 0.259000   6.276 0.000   1.636 0.000   4.640 0.000 0.025 0.000 0.384 0.559
193.333333 194.333333   10.69 0.000  0.53 0.000 9.999 0.259000 0.31 0.000000 0.087 0.559   0.469 0.000   0.656 0.000 999.99 0.259000  11.549 0.000   4.880 0.000   6.669 0.000 0.037 0.000 0.755 0.559
196.333333 197.333333    2.72 0.000  0.13 0.000 9.999 0.259000 0.23 0.000000 0.042 0.559   0.285 0.000   0.399 0.000 999.99 0.259000   4.442 0.000   1.983 0.000   2.459 0.000 0.014 0.000 0.265 0.559
199.333333 200.333333    2.24 0.000  0.06 0.000 9.999 0.259000 9.99 0.259000 0.033 0.559   0.461 0.000   0.645 0.000 999.99 0.259000   6.310 0.000   3.356 0.000   2.954 0.000 0.017 0.000 0.231 0.559
202.333333 203.333333    1.46 0.000  0.12 0.000 9.999 0.259000 0.24 0.000000 0.022 0.559   0.221 0.000   0.309 0.000 999.99 0.259000   2.822 0.000   1.048 0.000   1.774 0.000 0.008 0.000 0.187 0.559
205.333333 206.333333    3.85 0.000  0.29 0.000 9.999 0.259000 0.29 0.000000 0.035 0.559   0.584 0.000   0.817 0.000 999.99 0.259000   3.472 0.000   0.892 0.000   2.580 0.000 0.011 0.000 0.249 0.559
208.333333 209.333333 9999.99 0.699 99.99 0.699 9.999 0.699000 9.99 0.699000 0.152 0.000   5.979 0.000   8.371 0.000 999.99 0.699000  25.676 0.000 999.999 0.999 999.999 0.699 9.999 0.699 0.428 0.000
211.333333 212.333333    9.48 0.000  0.09 0.000 0.034 0.000000 0.25 0.000000 0.117 0.000   1.277 0.000   1.787 0.000 999.99 0.259000  16.006 0.000   8.433 0.000   7.573 0.000 0.055 0.000 0.382 0.000
214.333333 215.333333    5.01 0.000  0.22 0.000 9.999 0.259000 0.39 0.000000 0.098 0.000   0.895 0.000   1.252 0.000 999.99 0.259000  13.291 0.000   6.031 0.000   7.260 0.000 0.038 0.000 0.466 0.000
217.333333 218.333333    7.42 0.000  0.30 0.000 0.030 0.000000 0.26 0.000000 0.074 0.000   2.943 0.000   4.121 0.000 999.99 0.259000  10.610 0.000   3.031 0.000   7.579 0.000 0.036 0.000 0.333 0.000
220.333333 221.333333 9999.99 0.699 99.99 0.699 9.999 0.699000 9.99 0.699000 0.276 0.000  24.414 0.000  34.179 0.000 999.99 0.699000 999.999 0.699 999.999 0.999 999.999 0.699 9.999 0.699 0.464 0.000
223.333333 224.333333 9999.99 0.699 99.99 0.699 9.999 0.699000 9.99 0.699000 0.325 0.000  13.999 0.000  19.598 0.000 999.99 0.699000  39.313 0.000 999.999 0.999 999.999 0.699 9.999 0.699 0.584 0.000
226.333333 227.333333   11.73 0.000  0.33 0.000 0.025 0.000000 0.41 0.000000 0.066 0.000   2.707 0.000   3.790 0.000 999.99 0.259000  11.611 0.000   4.007 0.000   7.604 0.000 0.058 0.000 0.240 0.000
229.333333 230.333333 9999.99 0.699 99.99 0.699 9.999 0.699000 9.99 0.699000 0.204 0.000  11.788 0.000  16.503 0.000 999.99 0.699000  25.858 0.559 999.999 0.999 999.999 0.699 9.999 0.699 0.378 0.000
232.333333 233.333333    7.13 0.559  0.10 0.559 0.015 0.559000 9.99 0.559259 0.082 0.000   4.255 0.000   5.957 0.000 999.99 0.559259  13.666 0.000   4.199 0.000   9.467 0.559 0.035 0.559 0.200 0.000
235.333333 236.333333    2.13 0.000  0.10 0.000 9.999 0.259000 9.99 0.259000 0.022 0.000   0.951 0.000   1.332 0.000   6.44 0.000000   3.842 0.000   1.206 0.000   2.635 0.000 0.008 0.000 0.094 0.000
238.333333 239.333333 9999.99 0.699 99.99 0.699 9.999 0.699000 9.99 0.699000 0.193 0.000   4.826 0.000   6.757 0.000 999.99 0.699000  21.958 0.000 999.999 0.999 999.999 0.699 9.999 0.699 0.318 0.000
