scripts/IMPROVE-2019_partial/data/US0038R.20040101060000.20191216000000.filterpack..pm25.52w.1w.US03L_filterpack_US0038.US03L_IMPROVE_Davis.lev2.nas
66 1001
MISSING INFORMATION
US03L, IMPROVE, , , , , , , 
MISSING INFORMATION
IMPROVE sel_HTAP
1 1
2004 01 01 2019 12 16
3.00
days from file reference point
27
1 1 1 1 1 1 1 1 1 1 1 1 1 1 1 1 1 1 1 1 1 1 1 1 1 1 1
999.99 9999.99 9.999 99.99 9.999 9.999 9.999 9.99 9.999 99.999 9.999 99.999 9.999 99.999 9.999 999.99 9.999999 999.999 9.999 999.999 9.999 999.999 9.999 9.999 9.999 99.999 9.999
end_time of measurement, days from the file reference point
iron, ng/m3, Revision date=20181210133000
numflag iron, no unit, Revision date=20181210133000
lead, ng/m3, Revision date=20181210133000
numflag lead, no unit, Revision date=20181210133000
magnesium, ug/m3, Revision date=20181210133000
numflag magnesium, no unit, Revision date=20181210133000
nickel, ng/m3, Revision date=20181210133000
numflag nickel, no unit, Revision date=20181210133000
nitrate, ug N/m3, Revision date=20181210133000
numflag nitrate, no unit, Revision date=20181210133000
organic_carbon, ug C/m3, Revision date=20181210133000
numflag organic_carbon, no unit, Revision date=20181210133000
organic_mass, ug/m3, Revision date=20181210133000
numflag organic_mass, no unit, Revision date=20181210133000
phosphorus, ng/m3, Revision date=20181210133000
numflag phosphorus, no unit, Revision date=20181210133000
pm10_mass, ug/m3, Version=2, Version description=Data extracted from http://views.cira.colostate.edu/fed/DataWizard 2019-12-16, Sample duration=1d, Orig. time res.=3d, Matrix=pm10, Blank correction=Blank corrected, Volume std. temperature=ambient, Volume std. pressure=ambient
numflag pm10_mass, no unit, Version=2, Version description=Data extracted from http://views.cira.colostate.edu/fed/DataWizard 2019-12-16, Sample duration=1d, Orig. time res.=3d, Matrix=pm10, Blank correction=Blank corrected, Volume std. temperature=ambient, Volume std. pressure=ambient
pm10_pm25_mass, ug/m3, Revision date=20181210133000, Matrix=pm10_pm25
numflag pm10_pm25_mass, no unit, Revision date=20181210133000, Matrix=pm10_pm25
pm25_mass, ug/m3, Version=2, Version description=Data extracted from http://views.cira.colostate.edu/fed/DataWizard 2019-12-16, Sample duration=1d, Orig. time res.=3d, Blank correction=Blank corrected, Volume std. temperature=ambient, Volume std. pressure=ambient
numflag pm25_mass, no unit, Version=2, Version description=Data extracted from http://views.cira.colostate.edu/fed/DataWizard 2019-12-16, Sample duration=1d, Orig. time res.=3d, Blank correction=Blank corrected, Volume std. temperature=ambient, Volume std. pressure=ambient
potassium, ug/m3, Revision date=20181210133000
numflag potassium, no unit, Revision date=20181210133000
sulphate_total, ug S/m3, Revision date=20181210133000
numflag sulphate_total, no unit, Revision date=20181210133000
0
25
Data definition:              EBAS_1.1
Set type code:                TU
Timezone:                     UTC
File name:                    US0038R.20040101060000.20191216000000.filterpack..pm25.52w.1w.US03L_filterpack_US0038.US03L_IMPROVE_Davis.lev2.nas
File creation:                20191218115750
Startdate:                    20040101060000
Revision date:                20191216000000
Statistics:                   arithmetic mean
Data level:                   2
Period code:                  52w
Resolution code:              1w
Station code:                 US0038R
Platform code:                US0038S
Station name:                 Cedar Bluff
Station latitude:             38.7701
Station longitude:            -99.7634
Station altitude:             665.0 m
Regime:                       IMG
Component:                    
Matrix:                       pm25
Laboratory code:              US03L
Instrument type:              filterpack
Instrument name:              filterpack_US0038
Method ref:                   US03L_IMPROVE_Davis
starttime endtime Fe flag_Fe Pb flag_Pb Mg++ flag_Mg++ Ni flag_Ni NO3- flag_NO3- OC flag_OC OM flag_OM P flag_P PM10 flag_PM10 PM10-PM2.5 flag_PM10-PM2.5 PM2.5 flag_PM2.5 K+ flag_K+ SO4-- flag_SO4--
[from data line 87]
261.25 262.25   35.07 0.000  0.37 0.000 9.999 0.259 0.21 0.000  0.057 0.000  1.087 0.000  1.523 0.000 999.99 0.259000  19.436 0.000  13.267 0.000   6.169 0.000 0.032 0.000  0.681 0.000
264.25 265.25   40.52 0.000  0.87 0.000 9.999 0.259 0.24 0.000  0.067 0.000  2.347 0.000  3.286 0.000 999.99 0.259000  21.345 0.000  10.505 0.000  10.840 0.000 0.064 0.000  1.193 0.000
267.25 268.25   13.54 0.000  0.68 0.000 0.154 0.000 9.99 0.259  0.069 0.000  0.798 0.000  1.117 0.000 999.99 0.259000   7.895 0.000   5.007 0.000   2.888 0.000 0.010 0.000  0.187 0.000
270.25 271.25   22.88 0.000  0.83 0.000 9.999 0.259 0.18 0.000  0.139 0.000  1.814 0.000  2.540 0.000 999.99 0.259000  11.851 0.000   2.117 0.000   9.735 0.000 0.040 0.000  1.105 0.000
273.25 274.25   47.50 0.000  1.24 0.000 9.999 0.259 9.99 0.259  0.108 0.000  1.754 0.000  2.456 0.000 999.99 0.259000  18.684 0.000   9.061 0.000   9.623 0.000 0.049 0.000  1.119 0.000
276.25 277.25   37.81 0.000  0.32 0.000 0.096 0.000 0.08 0.000  0.059 0.000  1.079 0.000  1.511 0.000 999.99 0.259000  10.045 0.000   6.142 0.000   3.902 0.000 0.037 0.000  0.277 0.000
279.25 280.25   50.49 0.000  1.39 0.000 9.999 0.259 0.19 0.000  0.411 0.000  3.697 0.000  5.176 0.000 999.99 0.259000  19.369 0.000   4.554 0.000  14.815 0.000 0.185 0.000  1.056 0.000
282.25 283.25   36.90 0.000  1.35 0.000 9.999 0.259 0.17 0.000  0.081 0.000  1.141 0.000  1.597 0.000 999.99 0.259000  12.533 0.000   7.369 0.000   5.164 0.000 0.036 0.000  0.396 0.000
285.25 286.25   25.64 0.000  1.12 0.000 9.999 0.259 0.74 0.000  0.095 0.000  0.852 0.000  1.193 0.000 999.99 0.259000  17.908 0.000  12.485 0.000   5.424 0.000 0.024 0.000  0.423 0.000
288.25 289.25   13.31 0.000  0.42 0.000 9.999 0.259 0.10 0.000  0.014 0.000  0.428 0.000  0.599 0.000 999.99 0.259000   3.575 0.000   2.133 0.000   1.442 0.000 0.013 0.000  0.100 0.000
291.25 292.25   33.01 0.000  1.57 0.000 9.999 0.259 0.13 0.000  0.233 0.000  1.995 0.000  2.793 0.000 999.99 0.259000  14.135 0.000   5.203 0.000   8.933 0.000 0.045 0.000  0.816 0.000
294.25 295.25   17.68 0.000  0.71 0.000 9.999 0.259 0.10 0.000  0.335 0.000  0.942 0.000  1.318 0.000 999.99 0.259000  10.090 0.000   4.606 0.000   5.484 0.000 0.027 0.000  0.593 0.000
297.25 298.25   15.30 0.000  0.26 0.000 9.999 0.259 0.09 0.000  0.033 0.000  0.660 0.000  0.925 0.000 999.99 0.259000   7.972 0.000   5.401 0.000   2.571 0.000 0.017 0.000  0.162 0.000
300.25 301.25   10.08 0.000  0.74 0.000 9.999 0.259 0.19 0.000  0.347 0.000  1.252 0.000  1.753 0.000 999.99 0.259000   7.232 0.000   1.831 0.000   5.401 0.000 0.016 0.000  0.650 0.000
303.25 304.25   21.40 0.000  0.40 0.000 9.999 0.259 0.13 0.000  0.030 0.000  0.761 0.000  1.065 0.000 999.99 0.259000   9.301 0.000   6.168 0.000   3.132 0.000 0.028 0.000  0.200 0.000
306.25 307.25   15.29 0.000  0.30 0.000 9.999 0.259 9.99 0.259  0.131 0.000  0.437 0.000  0.611 0.000 999.99 0.259000   6.182 0.000   4.109 0.000   2.073 0.000 0.026 0.000  0.168 0.000
309.25 310.25   34.97 0.000  0.52 0.000 9.999 0.259 0.09 0.000  0.111 0.000  0.542 0.000  0.759 0.000 999.99 0.259000  10.335 0.000   7.628 0.000   2.707 0.000 0.041 0.000  0.124 0.000
312.25 313.25   53.08 0.000  1.69 0.000 9.999 0.259 0.14 0.000  0.196 0.000  1.190 0.000  1.667 0.000  19.54 0.000000  15.594 0.000  10.407 0.000   5.186 0.000 0.066 0.000  0.313 0.000
315.25 316.25   15.22 0.000  0.63 0.000 9.999 0.259 0.16 0.000  0.136 0.000  0.571 0.000  0.799 0.000 999.99 0.259000   5.787 0.000   3.286 0.000   2.501 0.000 0.055 0.000  0.144 0.000
318.25 319.25   17.29 0.000  1.88 0.000 9.999 0.259 9.99 0.259  0.723 0.000  0.605 0.000  0.847 0.000 999.99 0.259000   7.316 0.000   1.377 0.000   5.940 0.000 0.019 0.000  0.511 0.000
321.25 322.25    9.53 0.000  0.65 0.000 9.999 0.259 0.96 0.000  0.239 0.000  0.676 0.000  0.946 0.000 999.99 0.259000   4.315 0.000   0.842 0.000   3.472 0.000 0.019 0.000  0.352 0.000
324.25 325.25   13.59 0.000  0.78 0.000 0.106 0.000 0.31 0.000  0.363 0.000  0.481 0.000  0.674 0.000 999.99 0.259000   5.697 0.000   2.048 0.000   3.649 0.000 0.020 0.000  0.297 0.000
327.25 328.25    8.93 0.000  0.45 0.000 9.999 0.259 9.99 0.259  0.305 0.000  0.295 0.000  0.414 0.000 999.99 0.259000   6.428 0.000   2.438 0.000   3.990 0.000 0.013 0.000  0.418 0.000
330.25 331.25    7.36 0.000  0.35 0.000 9.999 0.259 0.07 0.000  0.278 0.000  0.638 0.000  0.893 0.000 999.99 0.259000   4.134 0.000   1.077 0.000   3.057 0.000 0.008 0.000  0.262 0.000
333.25 334.25    3.21 0.000  0.70 0.000 9.999 0.259 9.99 0.259  0.418 0.000  0.257 0.000  0.360 0.000 999.99 0.259000   5.397 0.000   0.650 0.000   4.747 0.000 0.013 0.000  0.412 0.000
336.25 337.25    9.03 0.000  0.59 0.000 0.066 0.000 0.20 0.000  0.452 0.000  0.313 0.000  0.439 0.000 999.99 0.259000   4.754 0.000   1.017 0.000   3.737 0.000 0.013 0.000  0.160 0.000
339.25 340.25   14.15 0.000  1.61 0.000 9.999 0.259 0.19 0.000  0.924 0.000  0.807 0.000  1.130 0.000 999.99 0.259000   9.356 0.000   1.640 0.000   7.716 0.000 0.021 0.000  0.274 0.000
342.25 343.25   14.17 0.000  0.71 0.000 9.999 0.259 0.09 0.000  0.607 0.000  0.481 0.000  0.674 0.000 999.99 0.259000   5.311 0.000 999.999 0.259   5.401 0.000 0.014 0.000  0.275 0.000
345.25 346.25   15.60 0.000  1.30 0.000 9.999 0.259 0.14 0.000  0.130 0.000  0.302 0.000  0.423 0.000 999.99 0.259000   5.136 0.000   3.269 0.000   1.867 0.000 0.018 0.000  0.160 0.000
348.25 349.25   11.37 0.000  0.42 0.000 9.999 0.259 0.13 0.000  0.085 0.000  0.074 0.000  0.104 0.000 999.99 0.259000   3.857 0.000   2.961 0.000   0.896 0.000 0.009 0.000  0.044 0.000
351.25 352.25   12.23 0.000  0.42 0.000 9.999 0.259 9.99 0.259  0.052 0.000  0.292 0.000  0.409 0.000 999.99 0.259000   3.780 0.000   2.880 0.000   0.901 0.000 0.009 0.000  0.055 0.000
354.25 355.25   17.67 0.000  0.54 0.000 9.999 0.259 0.16 0.000  0.141 0.000  0.261 0.000  0.366 0.000 999.99 0.259000   9.962 0.000   8.332 0.000   1.630 0.000 0.017 0.000  0.082 0.000
357.25 358.25   13.65 0.000  0.87 0.000 0.055 0.000 0.24 0.000  0.333 0.000  0.301 0.000  0.421 0.000 999.99 0.259000   8.701 0.000   4.072 0.000   4.630 0.000 0.023 0.000  0.347 0.000
360.25 361.25   11.74 0.000  0.64 0.000 9.999 0.259 0.20 0.000  0.126 0.000  0.290 0.000  0.406 0.000 999.99 0.259000   5.002 0.000   3.251 0.000   1.751 0.000 0.012 0.000  0.124 0.000
363.25 364.25   25.64 0.394  1.06 0.394 0.072 0.394 0.16 0.394  0.373 0.394  0.453 0.000  0.635 0.000 999.99 0.394259   9.595 0.000   6.431 0.000   3.164 0.000 0.031 0.394  0.264 0.394
