scripts/IMPROVE-2019_partial/data/US0056R.20100102070000.20191216000000.filterpack...52w.3d.US03L_filterpack_US0056.US03L_IMPROVE_Davis.lev2.nas
52 1001
MISSING INFORMATION
US03L, IMPROVE, , , , , , , 
MISSING INFORMATION
IMPROVE sel_HTAP
1 1
2010 01 01 2019 12 16
3.000000
days from file reference point
5
1 1 1 1 1
999.999999 999.999 9.999 999.999 9.999
end_time of measurement, days from the file reference point
pm10_mass, ug/m3, Matrix=pm10
numflag pm10_mass, no unit, Matrix=pm10
pm25_mass, ug/m3, Matrix=pm25
numflag pm25_mass, no unit, Matrix=pm25
0
33
Data definition:              EBAS_1.1
Set type code:                TU
Timezone:                     UTC
File name:                    US0056R.20100102070000.20191216000000.filterpack...52w.3d.US03L_filterpack_US0056.US03L_IMPROVE_Davis.lev2.nas
File creation:                20191218115854
Startdate:                    20100102070000
Revision date:                20191216000000
Version:                      2
Version description:          "Data extracted from http://views.cira.colostate.edu/fed/DataWizard 2019-12-16"
Statistics:                   arithmetic mean
Data level:                   2
Period code:                  52w
Resolution code:              3d
Sample duration:              1d
Orig. time res.:              3d
Station code:                 US0056R
Platform code:                US0056S
Station name:                 Fort Peck (IMPROVE)
Station latitude:             48.308
Station longitude:            -105.1022
Station altitude:             638.0 m
Regime:                       IMG
Component:                    
Unit:                         ug/m3
Matrix:                       
Laboratory code:              US03L
Instrument type:              filterpack
Instrument name:              filterpack_US0056
Method ref:                   US03L_IMPROVE_Davis
Blank correction:             Blank corrected
Volume std. temperature:      ambient
Volume std. pressure:         ambient
starttime endtime PM10 flag_PM10 PM2.5 flag_PM2.5
  1.291667   2.291667  11.675 0.000   5.001 0.000
  4.291667   5.291667  21.866 0.000   8.454 0.000
  7.291667   8.291667   5.401 0.000   4.621 0.000
 10.291667  11.291667   2.061 0.000   1.336 0.000
 13.291667  14.291667 999.999 0.999 999.999 0.999
 16.291667  17.291667 999.999 0.999 999.999 0.999
 19.291667  20.291667 999.999 0.999 999.999 0.999
 22.291667  23.291667 999.999 0.999 999.999 0.999
 25.291667  26.291667 999.999 0.999 999.999 0.999
 28.291667  29.291667   9.471 0.000   8.407 0.000
 31.291667  32.291667  10.237 0.000   8.462 0.000
 34.291667  35.291667  21.082 0.000  17.439 0.000
 37.291667  38.291667   9.604 0.000   7.676 0.000
 40.291667  41.291667   8.395 0.000   4.844 0.000
 43.291667  44.291667   7.851 0.000 999.999 0.456
 46.291667  47.291667   5.656 0.000   4.844 0.000
 49.291667  50.291667  10.052 0.000   9.076 0.000
 52.291667  53.291667   7.497 0.000   6.529 0.000
 55.291667  56.291667  16.117 0.000   9.619 0.000
 58.291667  59.291667  16.381 0.000  14.531 0.000
 61.291667  62.291667 999.999 0.999 999.999 0.999
 64.291667  65.291667   8.493 0.000   5.438 0.000
 67.291667  68.291667   3.601 0.000   2.732 0.000
 70.291667  71.291667   7.493 0.000   2.970 0.000
 73.291667  74.291667 999.999 0.999 999.999 0.999
 76.291667  77.291667 999.999 0.999 999.999 0.999
 79.291667  80.291667 999.999 0.999 999.999 0.999
 82.291667  83.291667   7.268 0.000   4.002 0.000
 85.291667  86.291667   7.890 0.000   5.111 0.000
 88.291667  89.291667   2.495 0.000   1.369 0.000
 91.291667  92.291667   5.979 0.000   2.080 0.000
 94.291667  95.291667  10.749 0.000   4.778 0.000
 97.291667  98.291667  28.633 0.000   7.706 0.000
100.291667 101.291667  12.006 0.000   5.399 0.000
103.291667 104.291667 999.999 0.999 999.999 0.999
106.291667 107.291667 999.999 0.999 999.999 0.999
109.291667 110.291667 999.999 0.999 999.999 0.999
112.291667 113.291667   9.168 0.000   4.977 0.000
115.291667 116.291667   3.924 0.000   2.119 0.000
118.291667 119.291667   3.253 0.000   1.272 0.000
121.291667 122.291667   1.810 0.000   1.208 0.000
124.291667 125.291667 999.999 0.999 999.999 0.999
127.291667 128.291667   3.902 0.000   2.899 0.000
130.291667 131.291667   2.464 0.000   1.368 0.000
133.291667 134.291667   8.656 0.000   4.654 0.000
136.291667 137.291667   8.083 0.000   3.657 0.000
139.291667 140.291667  11.688 0.000   4.465 0.000
142.291667 143.291667   3.349 0.000   1.696 0.000
145.291667 146.291667   4.771 0.000   2.476 0.000
148.291667 149.291667   2.988 0.000   1.214 0.000
151.291667 152.291667   3.264 0.000   1.429 0.000
154.291667 155.291667   4.446 0.000   1.402 0.000
157.291667 158.291667   6.975 0.000   2.534 0.000
160.291667 161.291667   8.616 0.000   5.144 0.000
163.291667 164.291667   6.176 0.000   4.023 0.000
166.291667 167.291667  17.424 0.000   5.521 0.000
169.291667 170.291667  10.590 0.000   7.500 0.000
172.291667 173.291667   5.139 0.000   2.280 0.000
175.291667 176.291667 999.999 0.999 999.999 0.999
178.291667 179.291667 999.999 0.999 999.999 0.999
181.291667 182.291667   8.581 0.000   3.229 0.000
184.291667 185.291667   3.383 0.000   1.278 0.000
187.291667 188.291667 999.999 0.999 999.999 0.999
190.291667 191.291667   8.960 0.000   4.041 0.000
193.291667 194.291667  13.045 0.000   3.019 0.000
196.291667 197.291667   9.439 0.000   3.318 0.000
199.291667 200.291667   8.774 0.000   2.942 0.000
202.291667 203.291667   5.748 0.000   4.033 0.000
205.291667 206.291667   8.842 0.000   3.682 0.000
208.291667 209.291667  12.896 0.000   4.226 0.000
211.291667 212.291667  12.242 0.000   4.667 0.000
214.291667 215.291667  11.770 0.000   9.152 0.000
217.291667 218.291667  24.075 0.000  13.894 0.000
220.291667 221.291667  16.090 0.000   7.021 0.000
223.291667 224.291667   7.223 0.000   3.070 0.000
226.291667 227.291667   5.470 0.000   2.681 0.000
229.291667 230.291667  21.232 0.000   8.154 0.000
232.291667 233.291667  40.335 0.000  22.062 0.000
235.291667 236.291667   9.765 0.000   6.296 0.000
238.291667 239.291667  35.619 0.000   8.056 0.000
241.291667 242.291667   5.673 0.000   3.452 0.000
244.291667 245.291667   6.603 0.000   3.148 0.000
247.291667 248.291667   8.250 0.000   3.342 0.000
250.291667 251.291667 999.999 0.999 999.999 0.999
253.291667 254.291667   5.982 0.000   3.232 0.000
256.291667 257.291667  10.150 0.000   3.347 0.000
259.291667 260.291667   5.017 0.000   1.773 0.000
262.291667 263.291667   6.249 0.000   2.692 0.000
265.291667 266.291667   3.128 0.000   1.350 0.000
268.291667 269.291667   7.596 0.000   3.294 0.000
271.291667 272.291667   5.527 0.000   1.533 0.000
274.291667 275.291667  14.846 0.000   2.476 0.000
277.291667 278.291667  17.344 0.000   5.516 0.000
280.291667 281.291667  15.752 0.000   5.860 0.000
283.291667 284.291667   6.557 0.000   2.375 0.000
286.291667 287.291667   9.363 0.000   3.183 0.000
289.291667 290.291667  11.082 0.000   2.880 0.000
292.291667 293.291667  12.433 0.000   3.149 0.000
295.291667 296.291667  32.819 0.000  10.278 0.000
298.291667 299.291667   6.363 0.000   0.851 0.000
301.291667 302.291667   5.428 0.000   2.965 0.000
304.291667 305.291667   4.070 0.000   2.054 0.000
307.291667 308.291667   8.679 0.000   2.043 0.000
310.291667 311.291667   9.475 0.000   3.041 0.000
313.291667 314.291667   3.052 0.000   5.233 0.000
316.291667 317.291667  11.157 0.000   8.302 0.000
319.291667 320.291667   3.523 0.000   2.772 0.000
322.291667 323.291667   2.113 0.000   2.150 0.000
325.291667 326.291667   6.811 0.000   4.396 0.000
328.291667 329.291667  11.457 0.000 999.999 0.456
331.291667 332.291667   7.209 0.000   4.301 0.000
334.291667 335.291667  15.486 0.000   6.211 0.000
337.291667 338.291667   7.338 0.000   6.146 0.000
340.291667 341.291667   4.880 0.000   2.923 0.000
343.291667 344.291667  30.566 0.000   8.242 0.000
346.291667 347.291667   4.789 0.000   3.560 0.000
349.291667 350.291667 999.999 0.999 999.999 0.999
352.291667 353.291667 999.999 0.999 999.999 0.999
355.291667 356.291667 999.999 0.999 999.999 0.999
358.291667 359.291667 999.999 0.999 999.999 0.999
361.291667 362.291667 999.999 0.999 999.999 0.999
364.291667 365.291667 999.999 0.999 999.999 0.999
