scripts/IMPROVE-2019_partial/data/US0019R.20060102080000.20191216000000.filterpack..pm25.52w.1w.US03L_filterpack_US0019.US03L_IMPROVE_Davis.lev2.nas
66 1001
MISSING INFORMATION
US03L, IMPROVE, , , , , , , 
MISSING INFORMATION
IMPROVE sel_HTAP
1 1
2006 01 01 2019 12 16
3.000000
days from file reference point
27
1 1 1 1 1 1 1 1 1 1 1 1 1 1 1 1 1 1 1 1 1 1 1 1 1 1 1
999.999999 9999.99 9.999 99.99 9.999 9.999 9.999 9.99 9.999999 9.999 9.999 99.999 9.999 999.999 9.999 99.99 9.999999 999.999 9.999 99.999 9.999 999.999 9.999 9.999 9.999 9.999 9.999
end_time of measurement, days from the file reference point
iron, ng/m3, Revision date=20181210133000
numflag iron, no unit, Revision date=20181210133000
lead, ng/m3, Revision date=20181210133000
numflag lead, no unit, Revision date=20181210133000
magnesium, ug/m3, Revision date=20181210133000
numflag magnesium, no unit, Revision date=20181210133000
nickel, ng/m3, Revision date=20181210133000
numflag nickel, no unit, Revision date=20181210133000
nitrate, ug N/m3, Revision date=20181210133000
numflag nitrate, no unit, Revision date=20181210133000
organic_carbon, ug C/m3, Revision date=20181210133000
numflag organic_carbon, no unit, Revision date=20181210133000
organic_mass, ug/m3, Revision date=20181210133000
numflag organic_mass, no unit, Revision date=20181210133000
phosphorus, ng/m3, Revision date=20181210133000
numflag phosphorus, no unit, Revision date=20181210133000
pm10_mass, ug/m3, Version=2, Version description=Data extracted from http://views.cira.colostate.edu/fed/DataWizard 2019-12-16, Sample duration=1d, Orig. time res.=3d, Matrix=pm10, Blank correction=Blank corrected, Volume std. temperature=ambient, Volume std. pressure=ambient
numflag pm10_mass, no unit, Version=2, Version description=Data extracted from http://views.cira.colostate.edu/fed/DataWizard 2019-12-16, Sample duration=1d, Orig. time res.=3d, Matrix=pm10, Blank correction=Blank corrected, Volume std. temperature=ambient, Volume std. pressure=ambient
pm10_pm25_mass, ug/m3, Revision date=20181210133000, Matrix=pm10_pm25
numflag pm10_pm25_mass, no unit, Revision date=20181210133000, Matrix=pm10_pm25
pm25_mass, ug/m3, Version=2, Version description=Data extracted from http://views.cira.colostate.edu/fed/DataWizard 2019-12-16, Sample duration=1d, Orig. time res.=3d, Blank correction=Blank corrected, Volume std. temperature=ambient, Volume std. pressure=ambient
numflag pm25_mass, no unit, Version=2, Version description=Data extracted from http://views.cira.colostate.edu/fed/DataWizard 2019-12-16, Sample duration=1d, Orig. time res.=3d, Blank correction=Blank corrected, Volume std. temperature=ambient, Volume std. pressure=ambient
potassium, ug/m3, Revision date=20181210133000
numflag potassium, no unit, Revision date=20181210133000
sulphate_total, ug S/m3, Revision date=20181210133000
numflag sulphate_total, no unit, Revision date=20181210133000
0
25
Data definition:              EBAS_1.1
Set type code:                TU
Timezone:                     UTC
File name:                    US0019R.20060102080000.20191216000000.filterpack..pm25.52w.1w.US03L_filterpack_US0019.US03L_IMPROVE_Davis.lev2.nas
File creation:                20191218115640
Startdate:                    20060102080000
Revision date:                20191216000000
Statistics:                   arithmetic mean
Data level:                   2
Period code:                  52w
Resolution code:              1w
Station code:                 US0019R
Platform code:                US0019S
Station name:                 Bliss SP (TRPA)
Station latitude:             38.9761
Station longitude:            -120.1025
Station altitude:             2130.0 m
Regime:                       IMG
Component:                    
Matrix:                       pm25
Laboratory code:              US03L
Instrument type:              filterpack
Instrument name:              filterpack_US0019
Method ref:                   US03L_IMPROVE_Davis
starttime endtime Fe flag_Fe Pb flag_Pb Mg++ flag_Mg++ Ni flag_Ni NO3- flag_NO3- OC flag_OC OM flag_OM P flag_P PM10 flag_PM10 PM10-PM2.5 flag_PM10-PM2.5 PM2.5 flag_PM2.5 K+ flag_K+ SO4-- flag_SO4--
[from data line 83]
250.333333 251.333333   66.82 0.000  1.02 0.000 0.016 0.000 0.20 0.000000 0.079 0.559  2.066 0.000   3.718 0.000 99.99 0.259000  13.549 0.000  6.926 0.000   6.622 0.000 0.043 0.000 0.264 0.559
253.333333 254.333333   51.76 0.000  0.81 0.000 9.999 0.259 9.99 0.259000 0.092 0.559  8.761 0.000  15.770 0.000 99.99 0.259000  23.856 0.000  4.656 0.000  19.200 0.000 0.127 0.000 0.235 0.559
256.333333 257.333333   30.41 0.000  0.29 0.000 9.999 0.259 9.99 0.259000 0.034 0.000  0.695 0.000   1.251 0.000 99.99 0.259000   6.887 0.000  4.264 0.000   2.623 0.000 0.035 0.000 0.145 0.000
259.333333 260.333333   20.87 0.000  0.77 0.000 0.010 0.000 9.99 0.259000 0.036 0.559  1.724 0.000   3.102 0.000 99.99 0.259000   6.692 0.000  2.478 0.000   4.214 0.000 0.016 0.000 0.066 0.559
262.333333 263.333333   18.61 0.000  0.57 0.000 9.999 0.259 9.99 0.259000 0.020 0.559  0.656 0.000   1.182 0.000 99.99 0.259000   4.830 0.000  2.773 0.000   2.057 0.000 0.013 0.000 0.070 0.559
265.333333 266.333333   16.38 0.000  0.34 0.000 0.011 0.000 9.99 0.259000 0.016 0.559  0.421 0.000   0.759 0.000 99.99 0.259000   3.761 0.000  2.338 0.000   1.423 0.000 0.014 0.000 0.094 0.559
268.333333 269.333333   30.58 0.000  0.68 0.000 0.020 0.000 9.99 0.259000 0.033 0.000  1.586 0.000   2.854 0.000 99.99 0.259000   8.808 0.000  4.551 0.000   4.257 0.000 0.055 0.000 0.119 0.000
271.333333 272.333333   39.83 0.000  0.55 0.000 0.009 0.000 9.99 0.259000 0.027 0.000  1.261 0.000   2.270 0.000 99.99 0.259000   9.081 0.000  5.337 0.000   3.744 0.000 0.036 0.000 0.142 0.000
274.333333 275.333333    6.71 0.000  0.33 0.000 9.999 0.259 9.99 0.259000 0.006 0.000  0.523 0.000   0.941 0.000 99.99 0.259000   1.858 0.000  0.560 0.000   1.298 0.000 0.008 0.000 0.120 0.000
277.333333 278.333333   11.32 0.000  0.43 0.000 9.999 0.259 0.13 0.000000 0.022 0.000  0.567 0.000   1.020 0.000 99.99 0.259000   2.285 0.000  0.790 0.000   1.495 0.000 0.038 0.000 0.078 0.000
280.333333 281.333333   17.53 0.000  0.53 0.000 0.007 0.000 9.99 0.259000 0.028 0.000  0.900 0.000   1.621 0.000 99.99 0.259000   4.303 0.000  1.442 0.000   2.861 0.000 0.016 0.000 0.167 0.000
283.333333 284.333333   16.52 0.000  0.61 0.000 0.009 0.000 9.99 0.259000 0.045 0.000  0.724 0.000   1.303 0.000 99.99 0.259000   4.524 0.000  1.661 0.000   2.863 0.000 0.016 0.000 0.176 0.000
286.333333 287.333333   24.66 0.000  0.74 0.000 9.999 0.259 0.23 0.000000 0.023 0.000  0.675 0.000   1.214 0.000 99.99 0.259000   4.136 0.000  1.411 0.000   2.725 0.000 0.022 0.000 0.181 0.000
289.333333 290.333333    6.04 0.000  0.28 0.000 9.999 0.259 0.08 0.000000 0.010 0.000  0.212 0.000   0.382 0.000 99.99 0.259000   1.623 0.000  0.757 0.000   0.867 0.000 0.006 0.000 0.070 0.000
292.333333 293.333333   12.25 0.000  0.57 0.000 9.999 0.259 9.99 0.259000 0.010 0.000  0.449 0.000   0.809 0.000 99.99 0.259000   2.519 0.000  0.890 0.000   1.628 0.000 0.021 0.000 0.094 0.000
295.333333 296.333333   21.53 0.000  0.63 0.000 9.999 0.259 9.99 0.259000 0.010 0.000  0.779 0.000   1.403 0.000 99.99 0.259000   4.264 0.000  1.841 0.000   2.423 0.000 0.023 0.000 0.125 0.000
298.333333 299.333333   20.23 0.000  0.82 0.000 9.999 0.259 9.99 0.259000 0.014 0.000  0.128 0.000   0.230 0.000 99.99 0.259000   3.413 0.000  2.070 0.000   1.343 0.000 0.016 0.000 0.126 0.000
301.333333 302.333333   29.69 0.000  2.74 0.000 9.999 0.259 9.99 0.259000 0.016 0.000  0.484 0.000   0.871 0.000 99.99 0.259000   4.862 0.000  1.871 0.000   2.990 0.000 0.031 0.000 0.292 0.000
304.333333 305.333333   13.09 0.000  5.58 0.000 9.999 0.259 0.11 0.000000 0.039 0.000  3.691 0.000   6.644 0.000 99.99 0.259000   8.294 0.000  1.669 0.000   6.625 0.000 0.029 0.000 0.116 0.000
307.333333 308.333333    5.08 0.000  0.38 0.000 9.999 0.259 9.99 0.259000 0.022 0.000  2.115 0.000   3.807 0.000 99.99 0.259000   4.588 0.000  0.464 0.000   4.124 0.000 0.016 0.000 0.042 0.000
310.333333 311.333333    2.04 0.000  0.16 0.000 9.999 0.259 9.99 0.259000 0.020 0.000  0.912 0.000   1.641 0.000 99.99 0.259000   2.399 0.000  0.402 0.000   1.997 0.000 0.006 0.000 0.053 0.000
313.333333 314.333333    8.00 0.000  0.45 0.000 0.009 0.000 9.99 0.259000 0.015 0.000  0.517 0.000   0.931 0.000 99.99 0.259000   2.494 0.000  0.916 0.000   1.577 0.000 0.013 0.000 0.069 0.000
316.333333 317.333333    1.00 0.000 99.99 0.259 9.999 0.259 9.99 0.259000 0.001 0.000  0.107 0.000   0.193 0.000 99.99 0.259000   0.914 0.000  0.172 0.000   0.743 0.000 0.003 0.000 0.056 0.000
319.333333 320.333333    2.42 0.000  0.27 0.000 9.999 0.259 9.99 0.259000 0.006 0.000  1.035 0.000   1.863 0.000 99.99 0.259000   3.127 0.000  0.543 0.000   2.583 0.000 0.040 0.000 0.115 0.000
322.333333 323.333333    6.52 0.000  0.58 0.000 0.013 0.000 9.99 0.259000 0.004 0.000  0.610 0.000   1.098 0.000 99.99 0.259000   2.375 0.000  0.751 0.000   1.624 0.000 0.012 0.000 0.047 0.000
325.333333 326.333333    4.80 0.000  0.43 0.000 0.020 0.000 9.99 0.259000 0.017 0.000  0.257 0.000   0.462 0.000 99.99 0.259000   1.914 0.000  0.989 0.000   0.925 0.000 0.006 0.000 0.067 0.000
328.333333 329.333333    3.96 0.000  0.55 0.000 9.999 0.259 9.99 0.259000 0.003 0.000  0.475 0.000   0.855 0.000 99.99 0.259000   1.667 0.000  0.329 0.000   1.338 0.000 0.009 0.000 0.076 0.000
331.333333 332.333333    1.72 0.000  0.25 0.000 9.999 0.259 0.06 0.000000 0.018 0.000  0.448 0.000   0.807 0.000 99.99 0.259000   3.000 0.000  1.809 0.000   1.190 0.000 0.011 0.000 0.047 0.000
334.333333 335.333333    6.72 0.000  0.35 0.000 9.999 0.259 9.99 0.259000 0.040 0.000  1.502 0.000   2.704 0.000 99.99 0.259000   3.714 0.000  0.760 0.000   2.954 0.000 0.015 0.000 0.035 0.000
337.333333 338.333333    8.85 0.000  0.49 0.000 9.999 0.259 9.99 0.259000 0.032 0.000  1.756 0.000   3.160 0.000 99.99 0.259000   4.815 0.000  1.285 0.000   3.530 0.000 0.017 0.000 0.042 0.000
340.333333 341.333333    9.49 0.000  0.43 0.000 9.999 0.259 9.99 0.259000 0.022 0.000  1.197 0.000   2.155 0.000 99.99 0.259000   3.920 0.000  1.254 0.000   2.666 0.000 0.016 0.000 0.022 0.000
343.333333 344.333333    0.88 0.000  0.12 0.000 9.999 0.259 9.99 0.259000 0.002 0.000  0.180 0.000   0.323 0.000 99.99 0.259000   1.172 0.000  0.707 0.000   0.465 0.000 0.002 0.000 0.013 0.000
346.333333 347.333333    0.58 0.000  0.15 0.000 9.999 0.259 9.99 0.259000 0.000 0.000  0.185 0.000   0.332 0.000 99.99 0.259000   0.581 0.000  0.151 0.000   0.429 0.000 0.001 0.000 0.017 0.000
349.333333 350.333333    3.91 0.000  0.32 0.000 9.999 0.259 9.99 0.259000 0.023 0.000  0.393 0.000   0.708 0.000 99.99 0.259000   1.806 0.000  0.801 0.000   1.005 0.000 0.007 0.000 0.020 0.000
352.333333 353.333333    3.47 0.000  0.26 0.000 9.999 0.259 9.99 0.259000 0.008 0.000  0.145 0.000   0.261 0.000 99.99 0.259000   1.183 0.000  0.560 0.000   0.623 0.000 0.004 0.000 0.018 0.000
355.333333 356.333333    0.97 0.000  0.22 0.000 9.999 0.259 9.99 0.259000 0.030 0.000  0.195 0.000   0.351 0.000 99.99 0.259000   0.877 0.000  0.260 0.000   0.618 0.000 0.003 0.000 0.032 0.000
358.333333 359.333333    5.41 0.000  0.19 0.000 9.999 0.259 9.99 0.259000 0.001 0.000 99.999 0.259 999.999 0.259 99.99 0.259000   2.278 0.000  1.666 0.000   0.612 0.000 0.003 0.000 0.053 0.000
361.333333 362.333333    6.56 0.000  0.17 0.000 0.014 0.000 9.99 0.259000 0.039 0.000  0.205 0.000   0.369 0.000 99.99 0.259000   2.013 0.000  0.863 0.000   1.151 0.000 0.008 0.000 0.050 0.000
364.333333 365.333333    4.88 0.000  1.02 0.000 9.999 0.259 0.19 0.000000 0.018 0.000  0.926 0.000   1.668 0.000 99.99 0.259000   2.829 0.000  0.574 0.000   2.256 0.000 0.015 0.000 0.083 0.000
