scripts/IMPROVE-2019_partial/data/US0086R.19960103050000.20191216000000.filterpack...1y.3d.US03L_filterpack_US0086.US03L_IMPROVE_Davis.lev2.nas
51 1001
MISSING INFORMATION
US03L, IMPROVE, , , , , , , 
MISSING INFORMATION
IMPROVE sel_HTAP
1 1
1996 01 01 2019 12 16
0
days from file reference point
4
1 1 1 1
999.999999 999.999 999.999 9.999
end_time of measurement, days from the file reference point
pm10_mass, ug/m3, Matrix=pm10
pm25_mass, ug/m3, Matrix=pm25
numflag, no unit
0
33
Data definition:              EBAS_1.1
Set type code:                TI
Timezone:                     UTC
File name:                    US0086R.19960103050000.20191216000000.filterpack...1y.3d.US03L_filterpack_US0086.US03L_IMPROVE_Davis.lev2.nas
File creation:                20191218120111
Startdate:                    19960103050000
Revision date:                20191216000000
Version:                      2
Version description:          "Data extracted from http://views.cira.colostate.edu/fed/DataWizard 2019-12-16"
Statistics:                   arithmetic mean
Data level:                   2
Period code:                  1y
Resolution code:              3d
Sample duration:              1d
Orig. time res.:              3d
Station code:                 US0086R
Platform code:                US0086S
Station name:                 Dolly Sods Wilderness
Station latitude:             39.1053
Station longitude:            -79.4261
Station altitude:             1182.0 m
Regime:                       IMG
Component:                    
Unit:                         ug/m3
Matrix:                       
Laboratory code:              US03L
Instrument type:              filterpack
Instrument name:              filterpack_US0086
Method ref:                   US03L_IMPROVE_Davis
Blank correction:             Blank corrected
Volume std. temperature:      ambient
Volume std. pressure:         ambient
starttime endtime PM10 PM2.5 flag
  2.208333   3.208333 999.999 999.999 0.999
  5.208333   6.208333 999.999 999.999 0.999
  9.208333  10.208333   8.073   9.302 0.000
 12.208333  13.208333   7.639   8.512 0.000
 16.208333  17.208333  10.074  10.087 0.000
 19.208333  20.208333   6.644   4.085 0.000
 23.208333  24.208333   9.834   6.093 0.000
 26.208333  27.208333   6.944   4.587 0.000
 30.208333  31.208333  21.635  12.683 0.000
 33.208333  34.208333  22.493  18.606 0.000
 37.208333  38.208333  12.545   8.234 0.000
 40.208333  41.208333  15.054   8.971 0.000
 44.208333  45.208333  10.200   9.857 0.000
 47.208333  48.208333  10.200   7.390 0.000
 51.208333  52.208333   9.259   6.820 0.000
 54.208333  55.208333   7.110   5.090 0.000
 58.208333  59.208333   9.980  10.744 0.000
 61.208333  62.208333  14.554   8.284 0.000
 65.208333  66.208333   8.862   6.505 0.000
 68.208333  69.208333  13.930  12.349 0.000
 72.208333  73.208333  10.568   8.552 0.000
 75.208333  76.208333  12.422   9.601 0.000
 79.208333  80.208333   4.340   3.177 0.000
 82.208333  83.208333  13.021   7.665 0.000
 86.208333  87.208333  13.281   8.753 0.000
 89.208333  90.208333   7.162   5.071 0.000
 93.208333  94.208333   9.831   6.316 0.000
 96.208333  97.208333  16.859  15.657 0.000
100.208333 101.208333  15.442  11.240 0.000
103.208333 104.208333  21.178  12.656 0.000
107.208333 108.208333   8.294   8.481 0.000
110.208333 111.208333  10.992   8.097 0.000
114.208333 115.208333   8.812   6.446 0.000
117.208333 118.208333   8.461   6.290 0.000
121.208333 122.208333   8.722   9.091 0.000
124.208333 125.208333  14.520  11.277 0.000
128.208333 129.208333   7.506   7.380 0.000
131.208333 132.208333   8.528   6.072 0.000
135.208333 136.208333  13.187   6.335 0.000
138.208333 139.208333  24.269  14.040 0.000
142.208333 143.208333  17.361  10.830 0.000
145.208333 146.208333  24.268  14.164 0.000
149.208333 150.208333   8.605   4.094 0.000
152.208333 153.208333  20.984  12.265 0.000
156.208333 157.208333  23.382  14.480 0.000
159.208333 160.208333  22.179  17.167 0.000
163.208333 164.208333  22.666  13.081 0.000
166.208333 167.208333  27.566  25.604 0.000
170.208333 171.208333  20.870  19.742 0.000
173.208333 174.208333 999.999 999.999 0.999
177.208333 178.208333  14.527  11.809 0.000
180.208333 181.208333  43.651  42.276 0.000
184.208333 185.208333  10.815   9.280 0.000
187.208333 188.208333  20.146  16.204 0.000
191.208333 192.208333  12.587  11.141 0.000
194.208333 195.208333  18.193  18.008 0.000
198.208333 199.208333  21.725  19.802 0.000
201.208333 202.208333  10.490   8.552 0.000
205.208333 206.208333  41.667  36.474 0.000
208.208333 209.208333  15.842  13.070 0.000
212.208333 213.208333   8.262   5.817 0.000
215.208333 216.208333 999.999 999.999 0.999
219.208333 220.208333 999.999 999.999 0.999
222.208333 223.208333  17.940   8.241 0.000
226.208333 227.208333 999.999 999.999 0.999
229.208333 230.208333  29.043  23.742 0.000
233.208333 234.208333  50.136 999.999 0.000
236.208333 237.208333  33.325  25.247 0.000
240.208333 241.208333  36.136  30.945 0.000
243.208333 244.208333  24.617  21.229 0.000
247.208333 248.208333   2.821   2.158 0.000
250.208333 251.208333   8.947   6.976 0.000
254.208333 255.208333  28.640  26.826 0.000
257.208333 258.208333   8.215   5.713 0.000
261.208333 262.208333  10.131   7.208 0.000
264.208333 265.208333  16.965  13.005 0.000
268.208333 269.208333   8.252   6.244 0.000
271.208333 272.208333   8.658   6.116 0.000
275.208333 276.208333  10.280   4.928 0.000
278.208333 279.208333  10.999   7.936 0.000
282.208333 283.208333   8.681   5.888 0.000
285.208333 286.208333   9.658   6.148 0.000
289.208333 290.208333  34.918  22.943 0.000
292.208333 293.208333   6.944 999.999 0.000
296.208333 297.208333  15.228  10.159 0.000
299.208333 300.208333  12.401   8.301 0.000
303.208333 304.208333  19.710   8.565 0.000
306.208333 307.208333  19.384  11.195 0.000
310.208333 311.208333  17.388   9.259 0.000
313.208333 314.208333  12.346   5.004 0.000
317.208333 318.208333  15.571   3.506 0.000
320.208333 321.208333 999.999   8.639 0.000
324.208333 325.208333  20.182  15.820 0.000
327.208333 328.208333   9.860   7.280 0.000
331.208333 332.208333  12.974  10.617 0.000
334.208333 335.208333   3.946   2.671 0.000
338.208333 339.208333  12.626  11.619 0.000
341.208333 342.208333  12.311   7.842 0.000
345.208333 346.208333  14.625   7.727 0.000
348.208333 349.208333  17.334  16.103 0.000
352.208333 353.208333   6.544   6.911 0.000
355.208333 356.208333  12.375   3.791 0.000
359.208333 360.208333  13.577   5.952 0.000
362.208333 363.208333 999.999   5.208 0.000
