scripts/IMPROVE-2019_partial/data/US0061R.20100102050000.20191216000000.filterpack...52w.3d.US03L_filterpack_US0061.US03L_IMPROVE_Davis.lev2.nas
51 1001
MISSING INFORMATION
US03L, IMPROVE, , , , , , , 
MISSING INFORMATION
IMPROVE sel_HTAP
1 1
2010 01 01 2019 12 16
3.000000
days from file reference point
4
1 1 1 1
999.999999 999.999 999.999 9.999
end_time of measurement, days from the file reference point
pm10_mass, ug/m3, Matrix=pm10
pm25_mass, ug/m3, Matrix=pm25
numflag, no unit
0
33
Data definition:              EBAS_1.1
Set type code:                TU
Timezone:                     UTC
File name:                    US0061R.20100102050000.20191216000000.filterpack...52w.3d.US03L_filterpack_US0061.US03L_IMPROVE_Davis.lev2.nas
File creation:                20191218115919
Startdate:                    20100102050000
Revision date:                20191216000000
Version:                      2
Version description:          "Data extracted from http://views.cira.colostate.edu/fed/DataWizard 2019-12-16"
Statistics:                   arithmetic mean
Data level:                   2
Period code:                  52w
Resolution code:              3d
Sample duration:              1d
Orig. time res.:              3d
Station code:                 US0061R
Platform code:                US0061S
Station name:                 Brigantine NWR
Station latitude:             39.465
Station longitude:            -74.4492
Station altitude:             5.0 m
Regime:                       IMG
Component:                    
Unit:                         ug/m3
Matrix:                       
Laboratory code:              US03L
Instrument type:              filterpack
Instrument name:              filterpack_US0061
Method ref:                   US03L_IMPROVE_Davis
Blank correction:             Blank corrected
Volume std. temperature:      ambient
Volume std. pressure:         ambient
starttime endtime PM10 PM2.5 flag
  1.208333   2.208333   6.392   3.507 0.000
  4.208333   5.208333   7.339   3.835 0.000
  7.208333   8.208333  29.681  16.141 0.000
 10.208333  11.208333  36.956  14.306 0.000
 13.208333  14.208333  35.312  15.299 0.000
 16.208333  17.208333  23.514  17.911 0.000
 19.208333  20.208333   9.943   8.074 0.000
 22.208333  23.208333  14.730   6.482 0.000
 25.208333  26.208333   4.919   3.030 0.000
 28.208333  29.208333   8.960   3.522 0.000
 31.208333  32.208333  18.378  13.898 0.000
 34.208333  35.208333  42.632   8.953 0.000
 37.208333  38.208333   8.884   5.005 0.000
 40.208333  41.208333  27.493   3.118 0.000
 43.208333  44.208333  12.474   7.316 0.000
 46.208333  47.208333  14.355  11.553 0.000
 49.208333  50.208333   9.251   5.450 0.000
 52.208333  53.208333  10.210   5.363 0.000
 55.208333  56.208333   6.939   5.521 0.000
 58.208333  59.208333   7.800   6.310 0.000
 61.208333  62.208333   8.700   2.915 0.000
 64.208333  65.208333  10.199   3.807 0.000
 67.208333  68.208333  14.605   8.351 0.000
 70.208333  71.208333  36.743   6.720 0.000
 73.208333  74.208333   3.896   1.155 0.000
 76.208333  77.208333  22.690   6.757 0.000
 79.208333  80.208333  24.312  13.457 0.000
 82.208333  83.208333   8.862   3.495 0.000
 85.208333  86.208333  11.489   3.911 0.000
 88.208333  89.208333   1.425   1.510 0.000
 91.208333  92.208333   6.717   3.936 0.000
 94.208333  95.208333  14.238   8.920 0.000
 97.208333  98.208333  31.059  13.458 0.000
100.208333 101.208333  15.947   8.070 0.000
103.208333 104.208333  32.128   4.019 0.000
106.208333 107.208333  13.249   5.448 0.000
109.208333 110.208333  13.077   3.802 0.000
112.208333 113.208333  40.239   6.864 0.000
115.208333 116.208333   8.225   2.888 0.000
118.208333 119.208333  17.216   4.288 0.000
121.208333 122.208333  26.458  13.183 0.000
124.208333 125.208333  38.443   9.131 0.000
127.208333 128.208333  50.608   8.033 0.000
130.208333 131.208333  19.049   3.656 0.000
133.208333 134.208333  68.421   8.047 0.000
136.208333 137.208333  26.265   4.350 0.000
139.208333 140.208333  12.429   6.502 0.000
142.208333 143.208333  10.900   5.250 0.000
145.208333 146.208333  20.933   8.843 0.000
148.208333 149.208333  13.421   4.280 0.000
151.208333 152.208333  21.692   8.950 0.000
154.208333 155.208333  39.026  14.451 0.000
157.208333 158.208333  24.063   4.231 0.000
160.208333 161.208333  49.390  12.204 0.000
163.208333 164.208333  21.712  14.195 0.000
166.208333 167.208333  14.311   6.017 0.000
169.208333 170.208333  11.126   7.159 0.000
172.208333 173.208333  36.718  15.129 0.000
175.208333 176.208333  80.029   5.907 0.000
178.208333 179.208333  35.168  15.323 0.000
181.208333 182.208333  37.582   4.155 0.000
184.208333 185.208333  24.877   9.497 0.000
187.208333 188.208333  71.559  25.544 0.000
190.208333 191.208333  11.105   4.853 0.000
193.208333 194.208333  13.404   6.832 0.000
196.208333 197.208333  22.690  16.236 0.000
199.208333 200.208333  19.236  12.459 0.000
202.208333 203.208333  16.032   9.137 0.000
205.208333 206.208333  19.469  12.559 0.000
208.208333 209.208333  12.350   6.053 0.000
211.208333 212.208333  14.046   9.074 0.000
214.208333 215.208333  10.166   3.419 0.000
217.208333 218.208333  22.408  13.720 0.000
220.208333 221.208333  19.150  14.767 0.000
223.208333 224.208333  15.885   9.665 0.000
226.208333 227.208333  10.671   3.517 0.000
229.208333 230.208333  13.896   9.755 0.000
232.208333 233.208333  17.535  10.646 0.000
235.208333 236.208333   3.859   1.933 0.000
238.208333 239.208333   8.640   4.375 0.000
241.208333 242.208333  21.995  16.110 0.000
244.208333 245.208333  24.386  14.924 0.000
247.208333 248.208333   9.780   4.604 0.000
250.208333 251.208333  38.976   8.276 0.000
253.208333 254.208333   9.304   2.698 0.000
256.208333 257.208333  12.158   7.289 0.000
259.208333 260.208333  12.550   7.400 0.000
262.208333 263.208333   8.570   4.481 0.000
265.208333 266.208333  35.148   9.763 0.000
268.208333 269.208333  98.940   5.670 0.000
271.208333 272.208333  11.618   6.892 0.000
274.208333 275.208333   5.663   2.477 0.000
277.208333 278.208333   3.445   2.328 0.000
280.208333 281.208333   9.977   4.875 0.000
283.208333 284.208333  24.868  12.228 0.000
286.208333 287.208333   5.714   2.909 0.000
289.208333 290.208333  12.643   7.121 0.000
292.208333 293.208333  14.022  10.481 0.000
295.208333 296.208333  10.584   4.892 0.000
298.208333 299.208333  11.820   5.174 0.000
301.208333 302.208333   7.839   3.643 0.000
304.208333 305.208333   4.967   3.223 0.000
307.208333 308.208333  57.120   1.929 0.000
310.208333 311.208333  14.964   2.052 0.000
313.208333 314.208333   5.860   2.787 0.000
316.208333 317.208333  13.954   4.701 0.000
319.208333 320.208333  10.294   5.845 0.000
322.208333 323.208333   7.998   6.290 0.000
325.208333 326.208333  14.501   8.050 0.000
328.208333 329.208333   6.102   3.236 0.000
331.208333 332.208333   6.609   4.974 0.000
334.208333 335.208333  11.691   4.994 0.000
337.208333 338.208333   7.342   6.233 0.000
340.208333 341.208333   8.475   5.161 0.000
343.208333 344.208333  40.277   7.885 0.000
346.208333 347.208333   8.723   4.056 0.000
349.208333 350.208333  34.020   7.061 0.000
352.208333 353.208333  27.701  18.628 0.000
355.208333 356.208333  13.346   5.959 0.000
358.208333 359.208333   8.285   6.151 0.000
361.208333 362.208333   9.764   5.040 0.000
364.208333 365.208333 999.999 999.999 0.999
