scripts/IMPROVE-2019_partial/data/US0028R.20160101050000.20191216000000.filterpack...52w.3d.US03L_filterpack_US0028.US03L_IMPROVE_Davis.lev2.nas
51 1001
MISSING INFORMATION
US03L, IMPROVE, , , , , , , 
MISSING INFORMATION
IMPROVE sel_HTAP
1 1
2016 01 01 2019 12 16
3.000000
days from file reference point
4
1 1 1 1
999.999999 999.999 999.999 9.999
end_time of measurement, days from the file reference point
pm10_mass, ug/m3, Matrix=pm10
pm25_mass, ug/m3, Matrix=pm25
numflag, no unit
0
33
Data definition:              EBAS_1.1
Set type code:                TU
Timezone:                     UTC
File name:                    US0028R.20160101050000.20191216000000.filterpack...52w.3d.US03L_filterpack_US0028.US03L_IMPROVE_Davis.lev2.nas
File creation:                20191218115723
Startdate:                    20160101050000
Revision date:                20191216000000
Version:                      2
Version description:          "Data extracted from http://views.cira.colostate.edu/fed/DataWizard 2019-12-16"
Statistics:                   arithmetic mean
Data level:                   2
Period code:                  52w
Resolution code:              3d
Sample duration:              1d
Orig. time res.:              3d
Station code:                 US0028R
Platform code:                US0028S
Station name:                 Cohutta
Station latitude:             34.7852
Station longitude:            -84.6265
Station altitude:             735.0 m
Regime:                       IMG
Component:                    
Unit:                         ug/m3
Matrix:                       
Laboratory code:              US03L
Instrument type:              filterpack
Instrument name:              filterpack_US0028
Method ref:                   US03L_IMPROVE_Davis
Blank correction:             Blank corrected
Volume std. temperature:      ambient
Volume std. pressure:         ambient
starttime endtime PM10 PM2.5 flag
  0.208333   1.208333   5.355   4.187 0.000
  3.208333   4.208333   3.358   2.431 0.000
  6.208333   7.208333   2.612   1.030 0.000
  9.208333  10.208333   2.374   1.698 0.000
 12.208333  13.208333   2.174   1.318 0.000
 15.208333  16.208333   4.973   4.045 0.000
 18.208333  19.208333   4.080   2.618 0.000
 21.208333  22.208333   1.039   0.773 0.000
 24.208333  25.208333   4.850   3.334 0.000
 27.208333  28.208333   3.488   2.456 0.000
 30.208333  31.208333   7.570   4.788 0.000
 33.208333  34.208333 999.999 999.999 0.999
 36.208333  37.208333   2.938   1.540 0.000
 39.208333  40.208333   4.040   2.353 0.000
 42.208333  43.208333   8.429   5.012 0.000
 45.208333  46.208333   5.335   3.122 0.000
 48.208333  49.208333   4.685   3.427 0.000
 51.208333  52.208333   8.430   5.753 0.000
 54.208333  55.208333 999.999 999.999 0.999
 57.208333  58.208333   6.252   2.875 0.000
 60.208333  61.208333  11.068   6.416 0.000
 63.208333  64.208333   2.747   2.062 0.000
 66.208333  67.208333   9.862   7.096 0.000
 69.208333  70.208333 999.999 999.999 0.999
 72.208333  73.208333 999.999 999.999 0.999
 75.208333  76.208333  11.126   6.483 0.000
 78.208333  79.208333   7.634   5.346 0.000
 81.208333  82.208333  10.475   6.629 0.000
 84.208333  85.208333  16.196   8.804 0.000
 87.208333  88.208333   5.907   3.439 0.000
 90.208333  91.208333  11.306   5.656 0.000
 93.208333  94.208333   7.053   2.138 0.000
 96.208333  97.208333  11.894   5.516 0.000
 99.208333 100.208333   4.110   1.935 0.000
102.208333 103.208333   5.870   2.623 0.000
105.208333 106.208333  12.956   8.094 0.000
108.208333 109.208333 999.999 999.999 0.999
111.208333 112.208333 999.999 999.999 0.999
114.208333 115.208333 999.999 999.999 0.999
117.208333 118.208333  18.251   7.765 0.000
120.208333 121.208333  19.894   6.260 0.000
123.208333 124.208333  15.800   3.384 0.000
126.208333 127.208333  19.035   4.260 0.000
129.208333 130.208333  21.577   8.336 0.000
132.208333 133.208333  21.686   8.722 0.000
135.208333 136.208333   9.881   2.549 0.000
138.208333 139.208333  13.753   6.004 0.000
141.208333 142.208333   8.577   3.053 0.000
144.208333 145.208333  16.846   8.254 0.000
147.208333 148.208333  23.176  12.992 0.000
150.208333 151.208333  16.391   8.665 0.000
153.208333 154.208333  12.774   6.900 0.000
156.208333 157.208333   5.891   2.756 0.000
159.208333 160.208333   9.281   3.749 0.000
162.208333 163.208333  13.656   8.806 0.000
165.208333 166.208333  21.395  12.905 0.000
168.208333 169.208333  12.266   6.791 0.000
171.208333 172.208333  11.856   5.881 0.000
174.208333 175.208333  16.248  10.103 0.000
177.208333 178.208333  12.912   9.038 0.000
180.208333 181.208333  12.298   7.009 0.000
183.208333 184.208333   9.670   6.371 0.000
186.208333 187.208333  13.148   6.947 0.000
189.208333 190.208333  12.397   6.812 0.000
192.208333 193.208333   7.191   4.643 0.000
195.208333 196.208333  10.756   6.239 0.000
198.208333 199.208333   8.062   5.946 0.000
201.208333 202.208333  16.438  10.092 0.000
204.208333 205.208333  11.171   8.296 0.000
207.208333 208.208333  10.754   7.436 0.000
210.208333 211.208333   8.809   4.798 0.000
213.208333 214.208333   8.553   6.167 0.000
216.208333 217.208333   8.167   5.248 0.000
219.208333 220.208333  10.211   6.052 0.000
222.208333 223.208333   5.216   2.507 0.000
225.208333 226.208333   8.009   4.322 0.000
228.208333 229.208333   8.275   4.115 0.000
231.208333 232.208333   5.683   2.793 0.000
234.208333 235.208333   8.499   4.231 0.000
237.208333 238.208333  10.337   6.878 0.000
240.208333 241.208333  10.171   7.578 0.000
243.208333 244.208333 999.999 999.999 0.999
246.208333 247.208333   9.126   6.297 0.000
249.208333 250.208333  10.393   7.267 0.000
252.208333 253.208333  14.837  10.956 0.000
255.208333 256.208333   6.963   4.318 0.000
258.208333 259.208333   7.106   4.891 0.000
261.208333 262.208333   6.155   3.317 0.000
264.208333 265.208333 999.999 999.999 0.999
267.208333 268.208333 999.999 999.999 0.999
270.208333 271.208333 999.999 999.999 0.999
273.208333 274.208333   8.212   4.451 0.000
276.208333 277.208333   7.514   4.899 0.000
279.208333 280.208333   8.534   4.112 0.000
282.208333 283.208333   7.669   2.040 0.000
285.208333 286.208333 999.999 999.999 0.999
288.208333 289.208333  13.452   8.954 0.000
291.208333 292.208333  13.446   5.511 0.000
294.208333 295.208333   5.140   2.415 0.000
297.208333 298.208333  12.649   6.345 0.000
300.208333 301.208333 999.999 999.999 0.999
303.208333 304.208333 999.999 999.999 0.999
306.208333 307.208333 999.999 999.999 0.999
309.208333 310.208333 999.999 999.999 0.999
312.208333 313.208333 999.999 999.999 0.999
315.208333 316.208333 999.999 999.999 0.999
318.208333 319.208333 999.999 999.999 0.999
321.208333 322.208333  25.332  16.647 0.000
324.208333 325.208333   7.144   3.306 0.000
327.208333 328.208333  16.870   8.422 0.000
330.208333 331.208333   6.474   5.310 0.000
333.208333 334.208333   5.915   2.633 0.000
336.208333 337.208333   5.824   2.604 0.000
339.208333 340.208333   0.791   0.430 0.000
342.208333 343.208333   4.369   2.655 0.000
345.208333 346.208333   7.959   5.169 0.000
348.208333 349.208333 999.999 999.999 0.999
351.208333 352.208333   6.167   3.491 0.000
354.208333 355.208333   6.845   4.798 0.000
357.208333 358.208333   6.823   4.214 0.000
360.208333 361.208333   8.351   6.341 0.000
363.208333 364.208333   4.366   2.517 0.000
