scripts/IMPROVE-2019_partial/data/US0088R.20150103070000.20191216000000.filterpack...7mo.3d.US03L_filterpack_US0088.US03L_IMPROVE_Davis.lev2.nas
52 1001
MISSING INFORMATION
US03L, IMPROVE, , , , , , , 
MISSING INFORMATION
IMPROVE sel_HTAP
1 1
2015 01 01 2019 12 16
3.000000
days from file reference point
5
1 1 1 1 1
999.999999 999.999 9.999 999.999 9.999
end_time of measurement, days from the file reference point
pm10_mass, ug/m3, Matrix=pm10
numflag pm10_mass, no unit, Matrix=pm10
pm25_mass, ug/m3, Matrix=pm25
numflag pm25_mass, no unit, Matrix=pm25
0
33
Data definition:              EBAS_1.1
Set type code:                TU
Timezone:                     UTC
File name:                    US0088R.20150103070000.20191216000000.filterpack...7mo.3d.US03L_filterpack_US0088.US03L_IMPROVE_Davis.lev2.nas
File creation:                20191218120121
Startdate:                    20150103070000
Revision date:                20191216000000
Version:                      2
Version description:          "Data extracted from http://views.cira.colostate.edu/fed/DataWizard 2019-12-16"
Statistics:                   arithmetic mean
Data level:                   2
Period code:                  7mo
Resolution code:              3d
Sample duration:              1d
Orig. time res.:              3d
Station code:                 US0088R
Platform code:                US0088S
Station name:                 Cloud Peak
Station latitude:             44.3335
Station longitude:            -106.9565
Station altitude:             2470.0 m
Regime:                       IMG
Component:                    
Unit:                         ug/m3
Matrix:                       
Laboratory code:              US03L
Instrument type:              filterpack
Instrument name:              filterpack_US0088
Method ref:                   US03L_IMPROVE_Davis
Blank correction:             Blank corrected
Volume std. temperature:      ambient
Volume std. pressure:         ambient
starttime endtime PM10 flag_PM10 PM2.5 flag_PM2.5
  2.291667   3.291667   0.877 0.000   0.596 0.000
  5.291667   6.291667   1.259 0.000   0.589 0.000
  8.291667   9.291667   1.129 0.000   0.675 0.000
 11.291667  12.291667   0.474 0.000   0.306 0.000
 14.291667  15.291667   0.304 0.000 999.999 0.999
 17.291667  18.291667   0.609 0.000   0.279 0.000
 20.291667  21.291667   0.750 0.000 999.999 0.999
 23.291667  24.291667   0.609 0.000 999.999 0.999
 26.291667  27.291667   0.425 0.000 999.999 0.999
 29.291667  30.291667   1.169 0.000   0.520 0.000
 32.291667  33.291667   1.256 0.000   0.431 0.000
 35.291667  36.291667   1.199 0.000   0.431 0.000
 38.291667  39.291667   1.280 0.000   0.552 0.000
 41.291667  42.291667   0.691 0.000   0.214 0.000
 44.291667  45.291667   1.280 0.000   0.798 0.000
 47.291667  48.291667   1.931 0.000   0.600 0.000
 50.291667  51.291667   1.865 0.000   0.774 0.000
 53.291667  54.291667   0.780 0.000   0.370 0.000
 56.291667  57.291667   2.190 0.000   1.568 0.000
 59.291667  60.291667   3.414 0.000   1.736 0.000
 62.291667  63.291667   2.720 0.000   1.581 0.000
 65.291667  66.291667   2.977 0.000   1.476 0.000
 68.291667  69.291667   2.641 0.000   1.351 0.000
 71.291667  72.291667   1.591 0.000   1.008 0.000
 74.291667  75.291667   2.064 0.000 999.999 0.456
 77.291667  78.291667   1.502 0.000   1.016 0.000
 80.291667  81.291667   2.907 0.000   1.473 0.000
 83.291667  84.291667   1.587 0.000   0.738 0.000
 86.291667  87.291667  13.820 0.000   3.299 0.000
 89.291667  90.291667   4.617 0.000   2.411 0.000
 92.291667  93.291667   2.670 0.000   1.302 0.000
 95.291667  96.291667  11.528 0.000   4.124 0.000
 98.291667  99.291667   2.439 0.000   1.424 0.000
101.291667 102.291667   3.442 0.000   1.555 0.000
104.291667 105.291667   4.147 0.000   1.156 0.000
107.291667 108.291667   4.758 0.000   2.749 0.000
110.291667 111.291667   5.240 0.000   2.787 0.000
113.291667 114.291667   4.691 0.000   3.291 0.000
116.291667 117.291667   0.476 0.000   0.427 0.000
119.291667 120.291667   3.594 0.000   2.145 0.000
122.291667 123.291667  10.371 0.000   6.325 0.000
125.291667 126.291667   2.155 0.000   1.632 0.000
128.291667 129.291667   0.128 0.000   0.123 0.000
131.291667 132.291667   6.410 0.000   4.565 0.000
134.291667 135.291667   2.113 0.000   1.177 0.000
137.291667 138.291667 999.999 0.999 999.999 0.999
140.291667 141.291667 999.999 0.999 999.999 0.999
143.291667 144.291667 999.999 0.999 999.999 0.999
146.291667 147.291667 999.999 0.999 999.999 0.999
149.291667 150.291667   2.127 0.000   1.341 0.000
152.291667 153.291667   4.308 0.000   2.338 0.000
155.291667 156.291667   5.091 0.000   3.446 0.000
158.291667 159.291667   6.256 0.000   3.715 0.000
161.291667 162.291667   5.976 0.000   4.143 0.000
164.291667 165.291667   4.156 0.000   2.612 0.000
167.291667 168.291667   5.335 0.000   2.874 0.000
170.291667 171.291667   6.938 0.000   3.340 0.000
173.291667 174.291667  12.142 0.000   3.654 0.000
176.291667 177.291667  11.384 0.000   3.510 0.000
179.291667 180.291667  11.873 0.000   4.435 0.000
182.291667 183.291667  18.160 0.000  14.788 0.000
185.291667 186.291667   8.731 0.000   5.955 0.000
188.291667 189.291667  11.518 0.000   8.027 0.000
191.291667 192.291667   7.475 0.000   2.479 0.000
194.291667 195.291667   5.587 0.000   2.843 0.000
197.291667 198.291667   4.452 0.000 999.999 0.456
200.291667 201.291667   5.567 0.000   3.259 0.000
203.291667 204.291667 999.999 0.999 999.999 0.999
206.291667 207.291667 999.999 0.999 999.999 0.999
209.291667 210.291667 999.999 0.999 999.999 0.999
