scripts/IMPROVE-2019_partial/data/US0083R.19940101080000.20191216000000.filterpack...1y.3d.US03L_filterpack_US0083.US03L_IMPROVE_Davis.lev2.nas
51 1001
MISSING INFORMATION
US03L, IMPROVE, , , , , , , 
MISSING INFORMATION
IMPROVE sel_HTAP
1 1
1994 01 01 2019 12 16
0
days from file reference point
4
1 1 1 1
999.999999 999.999 999.999 9.999
end_time of measurement, days from the file reference point
pm10_mass, ug/m3, Matrix=pm10
pm25_mass, ug/m3, Matrix=pm25
numflag, no unit
0
33
Data definition:              EBAS_1.1
Set type code:                TI
Timezone:                     UTC
File name:                    US0083R.19940101080000.20191216000000.filterpack...1y.3d.US03L_filterpack_US0083.US03L_IMPROVE_Davis.lev2.nas
File creation:                20191218120101
Startdate:                    19940101080000
Revision date:                20191216000000
Version:                      2
Version description:          "Data extracted from http://views.cira.colostate.edu/fed/DataWizard 2019-12-16"
Statistics:                   arithmetic mean
Data level:                   2
Period code:                  1y
Resolution code:              3d
Sample duration:              1d
Orig. time res.:              3d
Station code:                 US0083R
Platform code:                US0083S
Station name:                 Columbia River Gorge
Station latitude:             45.6644
Station longitude:            -121.0008
Station altitude:             178.0 m
Regime:                       IMG
Component:                    
Unit:                         ug/m3
Matrix:                       
Laboratory code:              US03L
Instrument type:              filterpack
Instrument name:              filterpack_US0083
Method ref:                   US03L_IMPROVE_Davis
Blank correction:             Blank corrected
Volume std. temperature:      ambient
Volume std. pressure:         ambient
starttime endtime PM10 PM2.5 flag
  0.333333   1.333333  10.095   7.201 0.000
  4.333333   5.333333   3.009   2.031 0.000
  7.333333   8.333333  19.333  11.254 0.000
 11.333333  12.333333   5.463   3.282 0.000
 14.333333  15.333333   7.465   2.994 0.000
 18.333333  19.333333  17.602  10.748 0.000
 21.333333  22.333333  28.761  21.730 0.000
 25.333333  26.333333   9.772   5.373 0.000
 28.333333  29.333333  13.850  10.658 0.000
 32.333333  33.333333  12.500  10.594 0.000
 35.333333  36.333333  14.928   9.717 0.000
 39.333333  40.333333  13.041   7.368 0.000
 42.333333  43.333333  11.202   5.697 0.000
 46.333333  47.333333  14.658   8.423 0.000
 49.333333  50.333333   5.762   3.302 0.000
 53.333333  54.333333   9.444   1.472 0.000
 56.333333  57.333333  13.190   8.540 0.000
 60.333333  61.333333  13.304   8.190 0.000
 63.333333  64.333333   9.860   4.386 0.000
 67.333333  68.333333  13.273   7.747 0.000
 70.333333  71.333333   8.122   4.634 0.000
 74.333333  75.333333   7.177   1.827 0.000
 77.333333  78.333333   6.897   2.422 0.000
 81.333333  82.333333 999.999 999.999 0.999
 84.333333  85.333333  17.739   6.335 0.000
 88.333333  89.333333  11.651   5.508 0.000
 91.333333  92.333333  19.612   9.108 0.000
 95.333333  96.333333   5.024   2.652 0.000
 98.333333  99.333333   3.850   1.616 0.000
102.333333 103.333333   9.864   2.395 0.000
105.333333 106.333333  25.213   7.683 0.000
109.333333 110.333333  20.094   7.399 0.000
112.333333 113.333333  19.951   6.199 0.000
116.333333 117.333333  12.453   6.000 0.000
119.333333 120.333333   7.983   2.353 0.000
123.333333 124.333333  10.150   5.046 0.000
126.333333 127.333333  22.040   9.511 0.000
130.333333 131.333333  24.009  10.093 0.000
133.333333 134.333333  18.462   5.754 0.000
137.333333 138.333333  17.854   5.366 0.000
140.333333 141.333333   8.789   6.258 0.000
144.333333 145.333333  31.861   8.879 0.000
147.333333 148.333333  10.135   3.416 0.000
151.333333 152.333333   9.869   3.560 0.000
154.333333 155.333333   6.210   2.910 0.000
158.333333 159.333333  10.087   2.284 0.000
161.333333 162.333333  14.215   5.957 0.000
165.333333 166.333333  23.244   2.744 0.000
168.333333 169.333333  10.267   3.129 0.000
172.333333 173.333333  34.298  10.243 0.000
175.333333 176.333333  24.178   6.079 0.000
179.333333 180.333333  14.449   4.212 0.000
182.333333 183.333333   9.641   2.545 0.000
186.333333 187.333333  12.681   5.196 0.000
189.333333 190.333333  10.844   7.402 0.000
193.333333 194.333333  27.468   9.187 0.000
196.333333 197.333333  27.634  12.296 0.000
200.333333 201.333333  29.494   7.305 0.000
203.333333 204.333333  24.605  10.242 0.000
207.333333 208.333333  29.752  11.707 0.000
210.333333 211.333333  19.476   4.537 0.000
214.333333 215.333333  25.732   8.048 0.000
217.333333 218.333333  14.867   3.814 0.000
221.333333 222.333333  22.553   8.364 0.000
224.333333 225.333333  24.910  12.012 0.000
228.333333 229.333333   6.738   5.482 0.000
231.333333 232.333333   5.291   5.167 0.000
235.333333 236.333333 999.999 999.999 0.999
238.333333 239.333333  26.533   8.589 0.000
242.333333 243.333333 999.999 999.999 0.999
245.333333 246.333333   8.735   2.619 0.000
249.333333 250.333333  22.129   9.305 0.000
252.333333 253.333333  11.224   4.358 0.000
256.333333 257.333333   6.758   2.222 0.000
259.333333 260.333333  23.036   7.857 0.000
263.333333 264.333333  32.907   8.743 0.000
266.333333 267.333333  33.346  12.242 0.000
270.333333 271.333333  36.653  11.108 0.000
273.333333 274.333333  12.241   4.338 0.000
277.333333 278.333333  24.980   4.663 0.000
280.333333 281.333333  29.289  10.093 0.000
284.333333 285.333333  15.720   5.474 0.000
287.333333 288.333333   6.008   4.251 0.000
291.333333 292.333333  16.583   7.099 0.000
294.333333 295.333333  12.331   7.352 0.000
298.333333 299.333333  15.145   9.277 0.000
301.333333 302.333333  14.678   5.635 0.000
305.333333 306.333333  10.087   4.237 0.000
308.333333 309.333333  12.420   8.758 0.000
312.333333 313.333333  13.042   6.372 0.000
315.333333 316.333333   5.714   3.250 0.000
319.333333 320.333333   5.798   1.798 0.000
322.333333 323.333333   7.735   4.219 0.000
326.333333 327.333333  12.698   9.406 0.000
329.333333 330.333333   2.792   1.538 0.000
333.333333 334.333333   3.438   0.785 0.000
336.333333 337.333333 999.999 999.999 0.999
340.333333 341.333333 999.999 999.999 0.999
343.333333 344.333333 999.999 999.999 0.999
347.333333 348.333333 999.999 999.999 0.999
350.333333 351.333333 999.999 999.999 0.999
354.333333 355.333333 999.999 999.999 0.999
357.333333 358.333333 999.999 999.999 0.999
361.333333 362.333333 999.999 999.999 0.999
364.333333 365.333333 999.999 999.999 0.999
