scripts/IMPROVE-2019_partial/data/US0055R.20050101070000.20191216000000.filterpack..pm25.52w.1w.US03L_filterpack_US0055.US03L_IMPROVE_Davis.lev2.nas
66 1001
MISSING INFORMATION
US03L, IMPROVE, , , , , , , 
MISSING INFORMATION
IMPROVE sel_HTAP
1 1
2005 01 01 2019 12 16
3.000000
days from file reference point
27
1 1 1 1 1 1 1 1 1 1 1 1 1 1 1 1 1 1 1 1 1 1 1 1 1 1 1
999.999999 9999.99 9.999 99.99 9.999 9.999 9.999999 9.99 9.999999 9.999 9.999 99.999 9.999 99.999 9.999 99.99 9.999999 999.999 9.999 999.999 9.999 999.999 9.999 9.999 9.999 9.999 9.999
end_time of measurement, days from the file reference point
iron, ng/m3, Revision date=20181210133000
numflag iron, no unit, Revision date=20181210133000
lead, ng/m3, Revision date=20181210133000
numflag lead, no unit, Revision date=20181210133000
magnesium, ug/m3, Revision date=20181210133000
numflag magnesium, no unit, Revision date=20181210133000
nickel, ng/m3, Revision date=20181210133000
numflag nickel, no unit, Revision date=20181210133000
nitrate, ug N/m3, Revision date=20181210133000
numflag nitrate, no unit, Revision date=20181210133000
organic_carbon, ug C/m3, Revision date=20181210133000
numflag organic_carbon, no unit, Revision date=20181210133000
organic_mass, ug/m3, Revision date=20181210133000
numflag organic_mass, no unit, Revision date=20181210133000
phosphorus, ng/m3, Revision date=20181210133000
numflag phosphorus, no unit, Revision date=20181210133000
pm10_mass, ug/m3, Version=2, Version description=Data extracted from http://views.cira.colostate.edu/fed/DataWizard 2019-12-16, Sample duration=1d, Orig. time res.=3d, Matrix=pm10, Blank correction=Blank corrected, Volume std. temperature=ambient, Volume std. pressure=ambient
numflag pm10_mass, no unit, Version=2, Version description=Data extracted from http://views.cira.colostate.edu/fed/DataWizard 2019-12-16, Sample duration=1d, Orig. time res.=3d, Matrix=pm10, Blank correction=Blank corrected, Volume std. temperature=ambient, Volume std. pressure=ambient
pm10_pm25_mass, ug/m3, Revision date=20181210133000, Matrix=pm10_pm25
numflag pm10_pm25_mass, no unit, Revision date=20181210133000, Matrix=pm10_pm25
pm25_mass, ug/m3, Version=2, Version description=Data extracted from http://views.cira.colostate.edu/fed/DataWizard 2019-12-16, Sample duration=1d, Orig. time res.=3d, Blank correction=Blank corrected, Volume std. temperature=ambient, Volume std. pressure=ambient
numflag pm25_mass, no unit, Version=2, Version description=Data extracted from http://views.cira.colostate.edu/fed/DataWizard 2019-12-16, Sample duration=1d, Orig. time res.=3d, Blank correction=Blank corrected, Volume std. temperature=ambient, Volume std. pressure=ambient
potassium, ug/m3, Revision date=20181210133000
numflag potassium, no unit, Revision date=20181210133000
sulphate_total, ug S/m3, Revision date=20181210133000
numflag sulphate_total, no unit, Revision date=20181210133000
0
25
Data definition:              EBAS_1.1
Set type code:                TU
Timezone:                     UTC
File name:                    US0055R.20050101070000.20191216000000.filterpack..pm25.52w.1w.US03L_filterpack_US0055.US03L_IMPROVE_Davis.lev2.nas
File creation:                20191218115849
Startdate:                    20050101070000
Revision date:                20191216000000
Statistics:                   arithmetic mean
Data level:                   2
Period code:                  52w
Resolution code:              1w
Station code:                 US0055R
Platform code:                US0055S
Station name:                 Cabinet Mountains
Station latitude:             47.9549
Station longitude:            -115.6709
Station altitude:             1441.0 m
Regime:                       IMG
Component:                    
Matrix:                       pm25
Laboratory code:              US03L
Instrument type:              filterpack
Instrument name:              filterpack_US0055
Method ref:                   US03L_IMPROVE_Davis
starttime endtime Fe flag_Fe Pb flag_Pb Mg++ flag_Mg++ Ni flag_Ni NO3- flag_NO3- OC flag_OC OM flag_OM P flag_P PM10 flag_PM10 PM10-PM2.5 flag_PM10-PM2.5 PM2.5 flag_PM2.5 K+ flag_K+ SO4-- flag_SO4--
  0.291667   1.291667    6.42 0.000  0.78 0.000 9.999 0.259000 0.13 0.000000 0.086 0.000  0.778 0.000  1.401 0.000 99.99 0.259000   3.213 0.000   0.295 0.000   2.918 0.000 0.032 0.000 0.374 0.000
  3.291667   4.291667    3.33 0.000  0.42 0.000 9.999 0.259000 9.99 0.259000 0.030 0.559  0.707 0.000  1.272 0.000 99.99 0.259000   2.411 0.000   0.417 0.000   1.999 0.000 0.015 0.000 0.225 0.559
  6.291667   7.291667    6.00 0.000  0.22 0.000 9.999 0.259000 0.14 0.000000 0.017 0.000  0.422 0.000  0.759 0.000 99.99 0.259000   3.257 0.000   1.816 0.000   1.441 0.000 0.013 0.000 0.163 0.000
  9.291667  10.291667    1.31 0.000  0.25 0.000 9.999 0.259000 0.06 0.000000 0.014 0.000  0.191 0.000  0.344 0.000 99.99 0.259000   0.969 0.000   0.211 0.000   0.758 0.000 0.005 0.000 0.093 0.000
 12.291667  13.291667    3.90 0.000  0.43 0.000 9.999 0.259000 0.18 0.000000 0.035 0.000  0.385 0.000  0.692 0.000 99.99 0.259000   2.034 0.000   0.733 0.000   1.301 0.000 0.013 0.000 0.091 0.000
 15.291667  16.291667    3.57 0.000  0.48 0.000 9.999 0.259000 0.16 0.000000 0.014 0.559  0.313 0.000  0.564 0.000 99.99 0.259000   1.355 0.000   0.401 0.000   0.955 0.000 0.011 0.000 0.088 0.559
 18.291667  19.291667    2.50 0.000  0.19 0.000 9.999 0.259000 0.10 0.000000 0.010 0.559  0.150 0.000  0.270 0.000 99.99 0.259000   1.660 0.000   0.440 0.000   1.219 0.000 0.007 0.000 0.108 0.559
 21.291667  22.291667    3.24 0.000  0.39 0.000 9.999 0.259000 0.14 0.000000 0.006 0.000  0.192 0.000  0.346 0.000 99.99 0.259000   1.455 0.000   0.383 0.000   1.072 0.000 0.010 0.000 0.065 0.000
 24.291667  25.291667    7.10 0.000  0.24 0.000 9.999 0.259000 0.19 0.000000 0.012 0.000  0.452 0.000  0.813 0.000 99.99 0.259000   2.617 0.000   0.762 0.000   1.863 0.000 0.015 0.000 0.124 0.000
 27.291667  28.291667    2.18 0.000  0.36 0.000 9.999 0.259000 0.10 0.000000 0.009 0.000  0.211 0.000  0.380 0.000 99.99 0.259000   1.752 0.000   0.697 0.000   1.054 0.000 0.006 0.000 0.049 0.000
 30.291667  31.291667    4.84 0.000  0.65 0.000 9.999 0.259000 0.05 0.000000 0.032 0.559  0.222 0.000  0.399 0.000 99.99 0.259000   1.752 0.000   0.254 0.000   1.498 0.000 0.009 0.000 0.118 0.559
 33.291667  34.291667   13.12 0.000  1.17 0.000 0.008 0.000000 9.99 0.259000 0.007 0.000  0.298 0.000  0.536 0.000 99.99 0.259000   2.529 0.000   1.154 0.000   1.375 0.000 0.016 0.000 0.099 0.000
 36.291667  37.291667    3.03 0.000  0.27 0.000 0.015 0.000000 0.12 0.000000 0.078 0.000  0.121 0.000  0.219 0.000 99.99 0.259000   1.632 0.000   0.513 0.000   1.118 0.000 0.013 0.000 0.094 0.000
 39.291667  40.291667   30.93 0.000  0.37 0.000 9.999 0.259000 9.99 0.259000 0.089 0.000  0.744 0.000  1.340 0.000 99.99 0.259000   3.360 0.000   1.200 0.000   2.159 0.000 0.020 0.000 0.153 0.000
 42.291667  43.291667   24.81 0.000  0.32 0.000 9.999 0.259000 9.99 0.259000 0.055 0.000  0.644 0.000  1.160 0.000 99.99 0.259000   3.461 0.000   1.278 0.000   2.182 0.000 0.023 0.000 0.114 0.000
 45.291667  46.291667    9.84 0.000  0.41 0.000 9.999 0.259000 0.11 0.000000 0.014 0.000  0.282 0.000  0.507 0.000 99.99 0.259000   1.427 0.000   0.027 0.000   1.401 0.000 0.015 0.000 0.125 0.000
 48.291667  49.291667   24.55 0.000  0.77 0.000 0.009 0.000000 9.99 0.259000 0.022 0.000  0.812 0.000  1.461 0.000 99.99 0.259000   3.179 0.000   1.290 0.000   1.888 0.000 0.026 0.000 0.131 0.000
 51.291667  52.291667   17.56 0.000  1.04 0.000 0.006 0.000000 9.99 0.259000 0.053 0.000  1.304 0.000  2.348 0.000 99.99 0.259000   4.381 0.000   1.106 0.000   3.274 0.000 0.035 0.000 0.187 0.000
 54.291667  55.291667   23.47 0.000  0.97 0.000 9.999 0.259000 9.99 0.259000 0.015 0.000  0.924 0.000  1.664 0.000 99.99 0.259000   3.578 0.000   1.312 0.000   2.265 0.000 0.029 0.000 0.110 0.000
 57.291667  58.291667   23.35 0.000  0.61 0.000 9.999 0.259000 9.99 0.259000 0.012 0.000  0.833 0.000  1.499 0.000 99.99 0.259000   3.276 0.000   1.065 0.000   2.211 0.000 0.026 0.000 0.087 0.000
 60.291667  61.291667   16.45 0.000  0.57 0.000 9.999 0.259000 9.99 0.259000 0.020 0.000  0.898 0.000  1.616 0.000 99.99 0.259000   5.519 0.000   3.519 0.000   2.000 0.000 0.021 0.000 0.062 0.000
 63.291667  64.291667   20.46 0.000  0.74 0.000 9.999 0.259000 9.99 0.259000 0.071 0.000  0.983 0.000  1.769 0.000 99.99 0.259000   5.755 0.000   3.067 0.000   2.688 0.000 0.029 0.000 0.122 0.000
 66.291667  67.291667   27.01 0.000  0.89 0.000 0.007 0.000000 9.99 0.259000 0.025 0.000  0.656 0.000  1.181 0.000 99.99 0.259000   5.813 0.000   3.802 0.000   2.064 0.000 0.025 0.000 0.123 0.000
 69.291667  70.291667   49.90 0.000  0.63 0.000 9.999 0.259000 9.99 0.259000 0.023 0.000  0.816 0.000  1.469 0.000 99.99 0.259000   7.381 0.000   4.402 0.000   2.978 0.000 0.032 0.000 0.060 0.000
 72.291667  73.291667   22.47 0.000  0.63 0.000 9.999 0.259000 9.99 0.259000 0.013 0.000  0.536 0.000  0.965 0.000 99.99 0.259000   3.199 0.000   1.113 0.000   2.085 0.000 0.020 0.000 0.132 0.000
 75.291667  76.291667   24.90 0.000  0.60 0.000 9.999 0.259000 0.03 0.000000 0.034 0.000  0.353 0.000  0.635 0.000 99.99 0.259000   2.211 0.000   0.694 0.000   1.517 0.000 0.016 0.000 0.106 0.000
 78.291667  79.291667   11.57 0.000  0.36 0.000 9.999 0.259000 9.99 0.259000 0.027 0.000  0.394 0.000  0.709 0.000 99.99 0.259000   2.086 0.000   0.319 0.000   1.767 0.000 0.011 0.000 0.243 0.000
 81.291667  82.291667    7.31 0.000  0.62 0.000 9.999 0.259000 9.99 0.259000 0.034 0.000  0.489 0.000  0.881 0.000 99.99 0.259000   5.699 0.000   2.249 0.000   3.450 0.000 0.014 0.000 0.659 0.000
 84.291667  85.291667    7.61 0.000  0.67 0.000 9.999 0.259000 9.99 0.259000 0.089 0.000  0.557 0.000  1.002 0.000 99.99 0.259000   3.473 0.000   0.794 0.000   2.679 0.000 0.014 0.000 0.414 0.000
 87.291667  88.291667   17.07 0.000  0.40 0.000 9.999 0.259000 9.99 0.259000 0.027 0.000  0.022 0.000  0.040 0.000 99.99 0.259000   1.546 0.000   0.707 0.000   0.848 0.000 0.010 0.000 0.081 0.000
 90.291667  91.291667   14.50 0.000  0.73 0.000 9.999 0.259000 9.99 0.259000 0.021 0.000  0.195 0.000  0.350 0.000 99.99 0.259000   2.798 0.000   1.359 0.000   1.440 0.000 0.015 0.000 0.183 0.000
 93.291667  94.291667    2.47 0.000  0.51 0.000 9.999 0.259000 9.99 0.259000 0.005 0.000  0.029 0.000  0.053 0.000 99.99 0.259000   0.625 0.000   0.081 0.000   0.543 0.000 0.004 0.000 0.082 0.000
 96.291667  97.291667   25.61 0.000  1.31 0.000 9.999 0.259000 9.99 0.259000 0.018 0.000  0.655 0.000  1.179 0.000 99.99 0.259000   3.815 0.000   1.097 0.000   2.718 0.000 0.033 0.000 0.185 0.000
 99.291667 100.291667   19.75 0.000  1.10 0.000 9.999 0.259000 9.99 0.259000 0.056 0.000  0.474 0.000  0.853 0.000 99.99 0.259000   5.038 0.000   2.586 0.000   2.452 0.000 0.025 0.000 0.240 0.000
102.291667 103.291667   23.70 0.000  0.43 0.000 9.999 0.259000 0.10 0.000000 0.021 0.000  0.265 0.000  0.477 0.000 99.99 0.259000   2.915 0.000   1.532 0.000   1.383 0.000 0.012 0.000 0.117 0.000
105.291667 106.291667   37.18 0.000  1.48 0.000 0.017 0.000000 0.11 0.000000 0.013 0.000  0.228 0.000  0.410 0.000 99.99 0.259000   3.927 0.000   1.761 0.000   2.165 0.000 0.030 0.000 0.171 0.000
108.291667 109.291667   14.81 0.000  0.50 0.000 9.999 0.259000 0.19 0.000000 0.022 0.000  0.083 0.000  0.150 0.000 99.99 0.259000   4.350 0.000   1.592 0.000   2.776 0.000 0.012 0.000 0.418 0.000
111.291667 112.291667   33.87 0.000  0.37 0.000 0.013 0.000000 9.99 0.259000 0.021 0.000  1.404 0.000  2.526 0.000 99.99 0.259000   6.816 0.000   2.697 0.000   4.118 0.000 0.035 0.000 0.193 0.000
114.291667 115.291667   65.15 0.000  1.05 0.000 0.014 0.000000 0.12 0.000000 0.028 0.000  0.766 0.000  1.380 0.000 99.99 0.259000   8.489 0.000   3.945 0.000   4.543 0.000 0.040 0.000 0.410 0.000
117.291667 118.291667   30.33 0.000  1.19 0.000 9.999 0.259000 0.26 0.000000 0.035 0.000  0.299 0.000  0.537 0.000 99.99 0.259000   5.203 0.000   1.653 0.000   3.550 0.000 0.030 0.000 0.500 0.000
120.291667 121.291667   27.70 0.000  0.98 0.000 9.999 0.259000 9.99 0.259000 0.015 0.000  0.726 0.000  1.307 0.000 99.99 0.259000   7.129 0.000   2.494 0.000   4.635 0.000 0.028 0.000 0.549 0.000
123.291667 124.291667   34.12 0.000  0.82 0.000 9.999 0.259000 9.99 0.259000 0.019 0.000  0.616 0.000  1.109 0.000 99.99 0.259000   4.963 0.000   2.184 0.000   2.779 0.000 0.023 0.000 0.238 0.000
126.291667 127.291667   12.74 0.000  0.85 0.000 0.008 0.000000 0.12 0.000000 0.064 0.000  0.444 0.000  0.798 0.000 99.99 0.259000   2.038 0.000   0.079 0.000   1.959 0.000 0.017 0.000 0.173 0.000
129.291667 130.291667   28.83 0.000  1.12 0.000 9.999 0.259000 9.99 0.259000 0.020 0.000  0.542 0.000  0.976 0.000 99.99 0.259000   6.020 0.000   2.190 0.000   3.854 0.000 0.042 0.000 0.521 0.000
132.291667 133.291667   46.11 0.000  0.76 0.000 9.999 0.259000 9.99 0.259000 0.022 0.000  0.830 0.000  1.494 0.000 99.99 0.259000   7.598 0.000   3.412 0.000   4.186 0.000 0.040 0.000 0.344 0.000
135.291667 136.291667   12.43 0.000  0.45 0.000 9.999 0.259000 9.99 0.259000 0.010 0.000  0.094 0.000  0.168 0.000 99.99 0.259000   2.112 0.000   0.720 0.000   1.391 0.000 0.014 0.000 0.152 0.000
138.291667 139.291667   12.58 0.000  0.46 0.000 9.999 0.259000 0.12 0.000000 0.014 0.000  0.048 0.000  0.086 0.000 99.99 0.259000   1.992 0.000   0.863 0.000   1.129 0.000 0.012 0.000 0.081 0.000
141.291667 142.291667   11.19 0.000  1.12 0.000 0.007 0.000000 9.99 0.259000 0.022 0.000  0.187 0.000  0.336 0.000 99.99 0.259000   2.658 0.000   1.052 0.000   1.606 0.000 0.014 0.000 0.132 0.000
144.291667 145.291667   11.05 0.000  0.38 0.000 9.999 0.259000 9.99 0.259000 0.008 0.000  0.522 0.000  0.939 0.000 99.99 0.259000   2.474 0.000   0.998 0.000   1.476 0.000 0.010 0.000 0.054 0.000
147.291667 148.291667   29.83 0.000  1.20 0.000 0.008 0.000000 9.99 0.259000 0.011 0.000  1.158 0.000  2.085 0.000 99.99 0.259000   6.895 0.000   2.525 0.000   4.369 0.000 0.024 0.000 0.263 0.000
150.291667 151.291667   56.15 0.000  1.12 0.000 9.999 0.259000 0.09 0.000000 0.041 0.000  1.131 0.000  2.036 0.000 99.99 0.259000  10.896 0.000   6.292 0.000   4.690 0.000 0.031 0.000 0.323 0.000
153.291667 154.291667   24.10 0.000  0.55 0.000 0.007 0.000000 9.99 0.259000 0.067 0.000  0.755 0.000  1.360 0.000 99.99 0.259000   5.723 0.000   2.907 0.000   2.814 0.000 0.018 0.000 0.196 0.000
156.291667 157.291667    5.56 0.000  0.52 0.000 9.999 0.259000 9.99 0.259000 0.012 0.000  0.042 0.000  0.076 0.000 99.99 0.259000   2.273 0.000   1.172 0.000   1.101 0.000 0.007 0.000 0.092 0.000
159.291667 160.291667   17.33 0.000  0.73 0.000 9.999 0.259000 9.99 0.259000 0.013 0.000  0.617 0.000  1.110 0.000 99.99 0.259000   5.058 0.000   2.706 0.000   2.351 0.000 0.011 0.000 0.180 0.000
162.291667 163.291667   33.60 0.000  0.49 0.000 9.999 0.259000 9.99 0.259000 0.015 0.000  0.135 0.000  0.243 0.000 99.99 0.259000   6.247 0.000   4.459 0.000   1.787 0.000 0.017 0.000 0.125 0.000
165.291667 166.291667   30.17 0.000  0.89 0.000 9.999 0.259000 9.99 0.259000 0.039 0.000  0.601 0.000  1.081 0.000 99.99 0.259000 999.999 0.456   2.314 0.000   2.957 0.000 0.022 0.000 0.232 0.000
168.291667 169.291667    4.84 0.394  0.45 0.394 9.999 0.394259 9.99 0.394259 0.003 0.394  0.289 0.000  0.520 0.000 99.99 0.394259 999.999 0.456   2.314 0.000   0.975 0.000 0.006 0.394 0.056 0.394
171.291667 172.291667   91.76 0.000  0.64 0.000 9.999 0.259000 0.30 0.000000 0.014 0.000  1.588 0.000  2.858 0.000 99.99 0.259000  18.947 0.000  13.571 0.000   5.526 0.000 0.053 0.000 0.186 0.000
174.291667 175.291667   15.71 0.000  0.71 0.000 9.999 0.259000 9.99 0.259000 0.012 0.000  0.777 0.000  1.400 0.000 99.99 0.259000   4.451 0.000   2.293 0.000   2.158 0.000 0.014 0.000 0.087 0.000
177.291667 178.291667   28.97 0.000  0.67 0.000 9.999 0.259000 0.10 0.000000 0.013 0.000  0.915 0.000  1.647 0.000 99.99 0.259000   6.046 0.000   3.073 0.000   2.972 0.000 0.029 0.000 0.150 0.000
180.291667 181.291667   18.80 0.000  0.57 0.000 9.999 0.259000 9.99 0.259000 0.008 0.000  1.171 0.000  2.107 0.000 99.99 0.259000   6.077 0.000   2.930 0.000   3.147 0.000 0.018 0.000 0.156 0.000
183.291667 184.291667   12.95 0.000  0.31 0.000 0.007 0.000000 9.99 0.259000 0.004 0.000  0.515 0.000  0.926 0.000 99.99 0.259000   3.556 0.000   1.886 0.000   1.670 0.000 0.011 0.000 0.072 0.000
186.291667 187.291667   61.69 0.000  0.60 0.000 9.999 0.259000 9.99 0.259000 0.017 0.000  0.672 0.000  1.210 0.000 99.99 0.259000  11.854 0.000   8.406 0.000   3.448 0.000 0.069 0.000 0.200 0.000
189.291667 190.291667    2.97 0.000  0.39 0.000 9.999 0.259000 9.99 0.259000 0.005 0.000 99.999 0.259 99.999 0.259 99.99 0.259000   1.107 0.000   0.433 0.000   0.673 0.000 0.006 0.000 0.051 0.000
192.291667 193.291667   18.73 0.000  0.47 0.000 9.999 0.259000 9.99 0.259000 0.010 0.000  1.016 0.000  1.828 0.000 99.99 0.259000   5.374 0.000   2.689 0.000   2.719 0.000 0.014 0.000 0.090 0.000
195.291667 196.291667   53.38 0.000  0.39 0.000 9.999 0.259000 9.99 0.259000 0.014 0.000  2.044 0.000  3.679 0.000 99.99 0.259000  11.721 0.000   6.087 0.000   5.634 0.000 0.069 0.000 0.148 0.000
198.291667 199.291667   15.36 0.000  0.20 0.000 9.999 0.259000 9.99 0.259000 0.006 0.000  0.786 0.000  1.415 0.000  5.02 0.000000   4.405 0.000   2.148 0.000   2.257 0.000 0.011 0.000 0.034 0.000
201.291667 202.291667   70.08 0.000  0.47 0.000 9.999 0.259000 9.99 0.259000 0.028 0.000  1.020 0.000  1.835 0.000 99.99 0.259000   8.883 0.000   4.920 0.000   3.963 0.000 0.061 0.000 0.159 0.000
204.291667 205.291667   32.91 0.000  0.44 0.000 9.999 0.259000 9.99 0.259000 0.028 0.000  0.727 0.000  1.309 0.000 99.99 0.259000   6.708 0.000   3.748 0.000   2.960 0.000 0.030 0.000 0.169 0.000
207.291667 208.291667   65.84 0.000  0.30 0.000 9.999 0.259000 0.07 0.000000 0.007 0.000  1.108 0.000  1.994 0.000 99.99 0.259000   8.813 0.000   5.105 0.000   3.708 0.000 0.040 0.000 0.052 0.000
210.291667 211.291667   47.72 0.000  0.41 0.000 9.999 0.259000 9.99 0.259000 0.006 0.000  0.512 0.559  0.922 0.559 99.99 0.259000   8.600 0.000   6.184 0.000   2.416 0.000 0.026 0.000 0.082 0.000
213.291667 214.291667   53.83 0.000  0.28 0.000 0.011 0.000000 9.99 0.259000 0.008 0.000  0.920 0.000  1.657 0.000 99.99 0.259000   8.153 0.000   5.233 0.000   3.001 0.000 0.036 0.000 0.056 0.000
216.291667 217.291667  100.53 0.000  0.59 0.000 9.999 0.259000 9.99 0.259000 0.015 0.000  2.129 0.000  3.832 0.000 99.99 0.259000  13.796 0.000   8.059 0.000   5.737 0.000 0.067 0.000 0.098 0.000
219.291667 220.291667   64.33 0.000  0.56 0.000 9.999 0.259000 0.09 0.000000 0.015 0.000  1.065 0.559  1.918 0.559 99.99 0.259000  10.020 0.000   6.034 0.000   4.049 0.000 0.028 0.000 0.166 0.000
222.291667 223.291667  106.76 0.000  0.28 0.000 9.999 0.259000 0.09 0.000000 0.018 0.000  1.465 0.000  2.637 0.000 99.99 0.259000  11.175 0.000   6.055 0.000   5.120 0.000 0.070 0.000 0.175 0.000
225.291667 226.291667    9.08 0.000  0.17 0.000 9.999 0.259000 0.06 0.000000 0.015 0.000  1.684 0.559  3.032 0.559 99.99 0.259000   5.940 0.000   1.409 0.000   4.530 0.000 0.034 0.000 0.116 0.000
228.291667 229.291667  121.52 0.000  0.38 0.000 9.999 0.259000 9.99 0.259000 0.018 0.000  1.164 0.000  2.094 0.000 99.99 0.259000  13.976 0.000   9.652 0.000   4.325 0.000 0.054 0.000 0.121 0.000
231.291667 232.291667   21.90 0.000  0.12 0.000 9.999 0.259000 9.99 0.259000 0.010 0.000  1.166 0.559  2.099 0.559 99.99 0.259000   5.942 0.000   2.710 0.000   3.232 0.000 0.024 0.000 0.070 0.000
234.291667 235.291667   69.45 0.000  0.51 0.000 9.999 0.259000 9.99 0.259000 0.025 0.000  1.474 0.000  2.653 0.000 99.99 0.259000  12.858 0.000   7.934 0.000   4.947 0.000 0.070 0.000 0.197 0.000
237.291667 238.291667   83.72 0.000  0.31 0.000 0.013 0.000000 9.99 0.259000 0.026 0.000  1.963 0.000  3.533 0.000 99.99 0.259000  12.170 0.000   6.557 0.000   5.612 0.000 0.098 0.000 0.088 0.000
240.291667 241.291667  164.47 0.000  0.44 0.000 9.999 0.259000 9.99 0.259000 0.029 0.000  0.934 0.000  1.680 0.000 99.99 0.259000  19.191 0.000  13.761 0.000   5.431 0.000 0.089 0.000 0.166 0.000
