scripts/IMPROVE-2019_partial/data/US0068R.20090101060000.20191216000000.filterpack...52w.3d.US03L_filterpack_US0068.US03L_IMPROVE_Davis.lev2.nas
51 1001
MISSING INFORMATION
US03L, IMPROVE, , , , , , , 
MISSING INFORMATION
IMPROVE sel_HTAP
1 1
2009 01 01 2019 12 16
3.00
days from file reference point
4
1 1 1 1
999.99 999.999 999.999 9.999
end_time of measurement, days from the file reference point
pm10_mass, ug/m3, Matrix=pm10
pm25_mass, ug/m3, Matrix=pm25
numflag, no unit
0
33
Data definition:              EBAS_1.1
Set type code:                TU
Timezone:                     UTC
File name:                    US0068R.20090101060000.20191216000000.filterpack...52w.3d.US03L_filterpack_US0068.US03L_IMPROVE_Davis.lev2.nas
File creation:                20191218115953
Startdate:                    20090101060000
Revision date:                20191216000000
Version:                      2
Version description:          "Data extracted from http://views.cira.colostate.edu/fed/DataWizard 2019-12-16"
Statistics:                   arithmetic mean
Data level:                   2
Period code:                  52w
Resolution code:              3d
Sample duration:              1d
Orig. time res.:              3d
Station code:                 US0068R
Platform code:                US0068S
Station name:                 Cherokee Nation
Station latitude:             36.9562
Station longitude:            -97.0313
Station altitude:             342.0 m
Regime:                       IMG
Component:                    
Unit:                         ug/m3
Matrix:                       
Laboratory code:              US03L
Instrument type:              filterpack
Instrument name:              filterpack_US0068
Method ref:                   US03L_IMPROVE_Davis
Blank correction:             Blank corrected
Volume std. temperature:      ambient
Volume std. pressure:         ambient
starttime endtime PM10 PM2.5 flag
  0.25   1.25  18.950   6.434 0.000
  3.25   4.25   9.472   4.845 0.000
  6.25   7.25  19.747   2.603 0.000
  9.25  10.25  18.463   7.744 0.000
 12.25  13.25  19.370   3.256 0.000
 15.25  16.25  36.502   6.581 0.000
 18.25  19.25  14.778   5.356 0.000
 21.25  22.25  41.236   8.829 0.000
 24.25  25.25  20.527   6.268 0.000
 27.25  28.25 999.999 999.999 0.999
 30.25  31.25  24.125   3.515 0.000
 33.25  34.25  13.119   3.363 0.000
 36.25  37.25  43.067   7.130 0.000
 39.25  40.25   7.887   2.242 0.000
 42.25  43.25   9.171   4.168 0.000
 45.25  46.25  13.146   9.894 0.000
 48.25  49.25  17.242   6.301 0.000
 51.25  52.25  12.107   3.494 0.000
 54.25  55.25  47.604  16.023 0.000
 57.25  58.25  17.469   7.203 0.000
 60.25  61.25  32.963  11.960 0.000
 63.25  64.25  41.069   7.889 0.000
 66.25  67.25  15.799   5.621 0.000
 69.25  70.25   7.061   3.630 0.000
 72.25  73.25  21.664   9.599 0.000
 75.25  76.25  28.466  14.433 0.000
 78.25  79.25  44.864  14.838 0.000
 81.25  82.25  27.476   9.836 0.000
 84.25  85.25  22.698  14.103 0.000
 87.25  88.25   8.003   4.424 0.000
 90.25  91.25  23.544   6.493 0.000
 93.25  94.25  40.655  10.596 0.000
 96.25  97.25  37.247  13.598 0.000
 99.25 100.25  12.570   6.095 0.000
102.25 103.25   6.265   4.782 0.000
105.25 106.25  24.190  12.651 0.000
108.25 109.25   5.426   3.295 0.000
111.25 112.25  27.703  10.589 0.000
114.25 115.25  27.791  13.544 0.000
117.25 118.25 999.999 999.999 0.999
120.25 121.25 999.999 999.999 0.999
123.25 124.25 999.999 999.999 0.999
126.25 127.25  16.714  10.229 0.000
129.25 130.25   7.771   3.472 0.000
132.25 133.25  24.117   9.744 0.000
135.25 136.25  10.991   3.323 0.000
138.25 139.25  29.553   7.352 0.000
141.25 142.25  64.185  14.018 0.000
144.25 145.25  26.599  10.501 0.000
147.25 148.25  28.084   5.224 0.000
150.25 151.25  36.712   8.056 0.000
153.25 154.25  14.018   4.587 0.000
156.25 157.25  38.674  11.181 0.000
159.25 160.25  47.279   7.815 0.000
162.25 163.25  10.847   3.938 0.000
165.25 166.25  19.684   7.803 0.000
168.25 169.25  30.669   8.124 0.000
171.25 172.25  18.725   7.152 0.000
174.25 175.25  44.780  12.042 0.000
177.25 178.25  55.780  20.025 0.000
180.25 181.25 999.999 999.999 0.999
183.25 184.25 999.999 999.999 0.999
186.25 187.25 999.999 999.999 0.999
189.25 190.25  16.458   8.669 0.000
192.25 193.25  34.679  10.368 0.000
195.25 196.25  31.983   9.618 0.000
198.25 199.25  16.810   5.103 0.000
201.25 202.25   7.482   3.449 0.000
204.25 205.25  32.473   9.121 0.000
207.25 208.25  34.551   9.558 0.000
210.25 211.25  20.516   5.986 0.000
213.25 214.25  15.854   4.638 0.000
216.25 217.25  24.177   9.263 0.000
219.25 220.25  31.239   7.969 0.000
222.25 223.25  19.767   3.720 0.000
225.25 226.25  60.884  15.005 0.000
228.25 229.25   9.486   5.104 0.000
231.25 232.25  10.421   3.714 0.000
234.25 235.25  17.423   5.481 0.000
237.25 238.25  65.844  16.092 0.000
240.25 241.25  23.940   6.427 0.000
243.25 244.25  27.296   8.435 0.000
246.25 247.25  27.329  11.912 0.000
249.25 250.25  35.951  14.243 0.000
252.25 253.25  13.731   8.426 0.000
255.25 256.25  23.187  16.424 0.000
258.25 259.25  26.685  13.379 0.000
261.25 262.25 999.999 999.999 0.999
264.25 265.25 999.999 999.999 0.999
267.25 268.25  29.814   4.554 0.000
270.25 271.25  23.917   4.048 0.000
273.25 274.25 999.999 999.999 0.999
276.25 277.25 999.999 999.999 0.999
279.25 280.25  10.943   2.371 0.000
282.25 283.25   6.007   3.299 0.000
285.25 286.25   3.030   2.300 0.000
288.25 289.25   6.126   2.751 0.000
291.25 292.25  13.706   6.927 0.000
294.25 295.25   2.288   0.817 0.000
297.25 298.25   7.248   3.476 0.000
300.25 301.25  11.687   4.240 0.000
303.25 304.25   5.879   2.057 0.000
306.25 307.25  20.822   3.664 0.000
309.25 310.25  25.986   8.361 0.000
312.25 313.25  23.150  10.717 0.000
315.25 316.25  25.169  15.713 0.000
318.25 319.25   5.405   3.699 0.000
321.25 322.25  13.781   5.688 0.000
324.25 325.25  15.255  12.037 0.000
327.25 328.25   4.877   0.971 0.000
330.25 331.25  23.583   3.058 0.000
333.25 334.25  24.454   3.724 0.000
336.25 337.25  17.426   3.174 0.000
339.25 340.25  12.659   6.884 0.000
342.25 343.25   6.303   2.973 0.000
345.25 346.25  13.515   7.899 0.000
348.25 349.25  16.671   3.342 0.000
351.25 352.25  14.156   8.609 0.000
354.25 355.25  19.928   5.797 0.000
357.25 358.25  42.618   5.631 0.000
360.25 361.25   7.244   3.096 0.000
363.25 364.25  27.102   7.603 0.000
