scripts/IMPROVE-2019_partial/data/US0055R.20060102070000.20191216000000.filterpack..pm25.52w.1w.US03L_filterpack_US0055.US03L_IMPROVE_Davis.lev2.nas
66 1001
MISSING INFORMATION
US03L, IMPROVE, , , , , , , 
MISSING INFORMATION
IMPROVE sel_HTAP
1 1
2006 01 01 2019 12 16
3.000000
days from file reference point
27
1 1 1 1 1 1 1 1 1 1 1 1 1 1 1 1 1 1 1 1 1 1 1 1 1 1 1
999.999999 9999.99 9.999 99.99 9.999 9.999 9.999 99.99 9.999 9.999 9.999 999.999 9.999 999.999 9.999 999.99 9.999 999.999 9.999 999.999 9.999 999.999 9.999 9.999 9.999 9.999 9.999
end_time of measurement, days from the file reference point
iron, ng/m3, Revision date=20181210133000
numflag iron, no unit, Revision date=20181210133000
lead, ng/m3, Revision date=20181210133000
numflag lead, no unit, Revision date=20181210133000
magnesium, ug/m3, Revision date=20181210133000
numflag magnesium, no unit, Revision date=20181210133000
nickel, ng/m3, Revision date=20181210133000
numflag nickel, no unit, Revision date=20181210133000
nitrate, ug N/m3, Revision date=20181210133000
numflag nitrate, no unit, Revision date=20181210133000
organic_carbon, ug C/m3, Revision date=20181210133000
numflag organic_carbon, no unit, Revision date=20181210133000
organic_mass, ug/m3, Revision date=20181210133000
numflag organic_mass, no unit, Revision date=20181210133000
phosphorus, ng/m3, Revision date=20181210133000
numflag phosphorus, no unit, Revision date=20181210133000
pm10_mass, ug/m3, Version=2, Version description=Data extracted from http://views.cira.colostate.edu/fed/DataWizard 2019-12-16, Sample duration=1d, Orig. time res.=3d, Matrix=pm10, Blank correction=Blank corrected, Volume std. temperature=ambient, Volume std. pressure=ambient
numflag pm10_mass, no unit, Version=2, Version description=Data extracted from http://views.cira.colostate.edu/fed/DataWizard 2019-12-16, Sample duration=1d, Orig. time res.=3d, Matrix=pm10, Blank correction=Blank corrected, Volume std. temperature=ambient, Volume std. pressure=ambient
pm10_pm25_mass, ug/m3, Revision date=20181210133000, Matrix=pm10_pm25
numflag pm10_pm25_mass, no unit, Revision date=20181210133000, Matrix=pm10_pm25
pm25_mass, ug/m3, Version=2, Version description=Data extracted from http://views.cira.colostate.edu/fed/DataWizard 2019-12-16, Sample duration=1d, Orig. time res.=3d, Blank correction=Blank corrected, Volume std. temperature=ambient, Volume std. pressure=ambient
numflag pm25_mass, no unit, Version=2, Version description=Data extracted from http://views.cira.colostate.edu/fed/DataWizard 2019-12-16, Sample duration=1d, Orig. time res.=3d, Blank correction=Blank corrected, Volume std. temperature=ambient, Volume std. pressure=ambient
potassium, ug/m3, Revision date=20181210133000
numflag potassium, no unit, Revision date=20181210133000
sulphate_total, ug S/m3, Revision date=20181210133000
numflag sulphate_total, no unit, Revision date=20181210133000
0
25
Data definition:              EBAS_1.1
Set type code:                TU
Timezone:                     UTC
File name:                    US0055R.20060102070000.20191216000000.filterpack..pm25.52w.1w.US03L_filterpack_US0055.US03L_IMPROVE_Davis.lev2.nas
File creation:                20191218115850
Startdate:                    20060102070000
Revision date:                20191216000000
Statistics:                   arithmetic mean
Data level:                   2
Period code:                  52w
Resolution code:              1w
Station code:                 US0055R
Platform code:                US0055S
Station name:                 Cabinet Mountains
Station latitude:             47.9549
Station longitude:            -115.6709
Station altitude:             1441.0 m
Regime:                       IMG
Component:                    
Matrix:                       pm25
Laboratory code:              US03L
Instrument type:              filterpack
Instrument name:              filterpack_US0055
Method ref:                   US03L_IMPROVE_Davis
starttime endtime Fe flag_Fe Pb flag_Pb Mg++ flag_Mg++ Ni flag_Ni NO3- flag_NO3- OC flag_OC OM flag_OM P flag_P PM10 flag_PM10 PM10-PM2.5 flag_PM10-PM2.5 PM2.5 flag_PM2.5 K+ flag_K+ SO4-- flag_SO4--
[from data line 84]
253.291667 254.291667   54.80 0.000  0.88 0.000 9.999 0.259 99.99 0.259 0.020 0.000   3.348 0.000   6.027 0.000 999.99 0.259  12.220 0.000   4.751 0.000   7.469 0.000 0.060 0.000 0.105 0.000
256.291667 257.291667   76.99 0.000  0.36 0.000 0.011 0.000  0.24 0.000 0.063 0.000   1.621 0.000   2.918 0.000 999.99 0.259   9.618 0.000   3.841 0.000   5.777 0.000 0.086 0.000 0.210 0.000
259.291667 260.291667   20.95 0.000  0.55 0.000 9.999 0.259  0.14 0.000 0.044 0.000   0.903 0.000   1.625 0.000  15.23 0.000   5.441 0.000   2.796 0.000   2.645 0.000 0.014 0.000 0.125 0.000
262.291667 263.291667   20.23 0.000  0.44 0.000 0.007 0.000 99.99 0.259 0.056 0.000   0.632 0.000   1.138 0.000 999.99 0.259   3.155 0.000   1.039 0.000   2.116 0.000 0.020 0.000 0.090 0.000
265.291667 266.291667    8.06 0.000  0.43 0.000 9.999 0.259 99.99 0.259 0.043 0.000   0.746 0.000   1.343 0.000 999.99 0.259   3.147 0.000   1.344 0.000   1.803 0.000 0.010 0.000 0.051 0.000
268.291667 269.291667   35.08 0.000  0.31 0.000 9.999 0.259 99.99 0.259 0.018 0.000   1.411 0.000   2.541 0.000 999.99 0.259   8.948 0.000   5.238 0.000   3.711 0.000 0.028 0.000 0.068 0.000
271.291667 272.291667  104.91 0.000  0.89 0.000 9.999 0.259 99.99 0.259 0.025 0.000   1.468 0.000   2.643 0.000 999.99 0.259  13.105 0.000   7.756 0.000   5.349 0.000 0.066 0.000 0.136 0.000
274.291667 275.291667  128.60 0.000  0.89 0.000 0.027 0.000  0.32 0.000 0.026 0.000   1.167 0.000   2.100 0.000 999.99 0.259   8.062 0.000   2.423 0.000   5.640 0.000 0.091 0.000 0.179 0.000
277.291667 278.291667   80.50 0.000  0.54 0.000 9.999 0.259  0.20 0.000 0.020 0.000   2.468 0.000   4.443 0.000 999.99 0.259   9.548 0.000   2.523 0.000   7.025 0.000 0.062 0.000 0.168 0.000
280.291667 281.291667   28.99 0.000  1.37 0.000 9.999 0.259 99.99 0.259 0.017 0.000   0.617 0.000   1.111 0.000 999.99 0.259   5.599 0.000   3.512 0.000   2.087 0.000 0.027 0.000 0.090 0.000
283.291667 284.291667   54.27 0.000  0.49 0.000 0.016 0.000 99.99 0.259 0.018 0.000   1.024 0.000   1.844 0.000 999.99 0.259   7.973 0.000   4.395 0.000   3.578 0.000 0.035 0.000 0.127 0.000
286.291667 287.291667   61.71 0.000  0.57 0.000 0.015 0.000 99.99 0.259 0.020 0.000   3.204 0.000   5.766 0.000 999.99 0.259  12.496 0.000   4.597 0.000   7.899 0.000 0.063 0.000 0.080 0.000
289.291667 290.291667 9999.99 0.999 99.99 0.999 9.999 0.999 99.99 0.999 9.999 0.999 999.999 0.999 999.999 0.999 999.99 0.999 999.999 0.999 999.999 0.999 999.999 0.999 9.999 0.999 9.999 0.999
292.291667 293.291667   26.64 0.000  0.63 0.000 9.999 0.259 99.99 0.259 0.014 0.000   1.745 0.000   3.141 0.000 999.99 0.259   4.319 0.000   0.450 0.000   3.869 0.000 0.036 0.000 0.048 0.000
295.291667 296.291667   10.57 0.000  0.87 0.000 9.999 0.259 99.99 0.259 0.019 0.000   2.488 0.000   4.478 0.000 999.99 0.259   6.490 0.000   1.006 0.000   5.484 0.000 0.042 0.000 0.093 0.000
298.291667 299.291667   13.11 0.000  0.60 0.000 0.027 0.000 99.99 0.259 0.150 0.000   1.832 0.000   3.298 0.000 999.99 0.259   7.041 0.000   2.269 0.000   4.772 0.000 0.044 0.000 0.120 0.000
301.291667 302.291667   24.39 0.000  1.38 0.000 0.011 0.000 99.99 0.259 0.041 0.000   1.762 0.000   3.171 0.000 999.99 0.259   7.381 0.000   2.187 0.000   5.194 0.000 0.056 0.000 0.264 0.000
304.291667 305.291667   11.36 0.000  1.72 0.000 9.999 0.259 99.99 0.259 0.285 0.000  10.665 0.000  19.197 0.000 999.99 0.259  22.227 0.000   1.844 0.000  20.384 0.000 0.196 0.000 0.244 0.000
307.291667 308.291667    3.30 0.000  0.25 0.000 9.999 0.259 99.99 0.259 0.010 0.000   0.860 0.000   1.548 0.000 999.99 0.259   1.673 0.000   0.209 0.000   1.464 0.000 0.018 0.000 0.022 0.000
310.291667 311.291667    3.28 0.000  0.14 0.000 9.999 0.259 99.99 0.259 0.002 0.000   0.237 0.000   0.426 0.000 999.99 0.259   0.769 0.000   0.410 0.000   0.359 0.000 0.009 0.000 0.009 0.000
313.291667 314.291667    2.86 0.000  0.35 0.000 9.999 0.259  0.24 0.000 0.028 0.000   0.678 0.000   1.221 0.000 999.99 0.259   1.554 0.000   0.269 0.000   1.285 0.000 0.012 0.000 0.054 0.000
316.291667 317.291667    2.85 0.000  0.33 0.000 9.999 0.259 99.99 0.259 0.008 0.000   0.155 0.000   0.278 0.000 999.99 0.259   0.981 0.000   0.315 0.000   0.666 0.000 0.006 0.000 0.089 0.000
319.291667 320.291667    4.94 0.000  0.36 0.000 0.011 0.000 99.99 0.259 0.025 0.000   0.576 0.000   1.037 0.000 999.99 0.259   2.070 0.000   0.604 0.000   1.466 0.000 0.016 0.000 0.053 0.000
322.291667 323.291667    4.33 0.000  0.65 0.000 9.999 0.259 99.99 0.259 0.012 0.000   1.328 0.000   2.390 0.000 999.99 0.259   3.152 0.000   0.464 0.000   2.688 0.000 0.020 0.000 0.133 0.000
325.291667 326.291667    1.95 0.000 99.99 0.259 9.999 0.259  0.05 0.000 0.009 0.000   0.199 0.000   0.358 0.000 999.99 0.259   1.104 0.000   0.541 0.000   0.563 0.000 0.005 0.000 0.028 0.000
328.291667 329.291667    1.03 0.000  0.32 0.000 9.999 0.259 99.99 0.259 0.008 0.000   0.037 0.000   0.067 0.000 999.99 0.259   0.449 0.000   0.061 0.000   0.388 0.000 0.004 0.000 0.073 0.000
331.291667 332.291667    2.24 0.000  0.20 0.000 0.015 0.000 99.99 0.259 0.026 0.000   0.548 0.000   0.986 0.000 999.99 0.259   1.685 0.000   0.004 0.000   1.681 0.000 0.012 0.000 0.125 0.000
334.291667 335.291667    4.15 0.000  0.44 0.000 9.999 0.259 99.99 0.259 0.093 0.000   0.660 0.000   1.188 0.000 999.99 0.259 999.999 0.456 999.999 0.999   2.250 0.000 0.015 0.000 0.191 0.000
337.291667 338.291667    6.45 0.000  0.59 0.000 9.999 0.259 99.99 0.259 0.032 0.000   0.250 0.000   0.449 0.000 999.99 0.259 999.999 0.456 999.999 0.999   0.828 0.000 0.007 0.000 0.090 0.000
340.291667 341.291667   11.28 0.000  0.53 0.000 9.999 0.259 99.99 0.259 0.007 0.000   0.350 0.000   0.630 0.000 999.99 0.259   1.921 0.000   0.920 0.000   1.001 0.000 0.011 0.000 0.070 0.000
343.291667 344.291667    4.28 0.000  0.31 0.000 9.999 0.259 99.99 0.259 0.007 0.000   0.321 0.000   0.578 0.000 999.99 0.259   0.898 0.000   0.419 0.000   0.478 0.000 0.005 0.000 0.026 0.000
346.291667 347.291667    1.66 0.000  0.24 0.000 9.999 0.259 99.99 0.259 0.013 0.000   0.062 0.000   0.112 0.000 999.99 0.259   1.711 0.000   0.664 0.000   1.046 0.000 0.007 0.000 0.045 0.000
349.291667 350.291667    1.23 0.000  0.20 0.000 0.015 0.000 99.99 0.259 0.024 0.000   0.176 0.000   0.316 0.000 999.99 0.259   1.349 0.000   0.660 0.000   0.689 0.000 0.004 0.000 0.031 0.000
352.291667 353.291667    2.00 0.000  0.22 0.000 0.008 0.000 99.99 0.259 0.007 0.000   0.164 0.000   0.294 0.000 999.99 0.259   0.815 0.000   0.252 0.000   0.563 0.000 0.004 0.000 0.017 0.000
355.291667 356.291667    1.94 0.000  0.35 0.000 9.999 0.259 99.99 0.259 0.039 0.000   0.161 0.000   0.290 0.000 999.99 0.259   3.761 0.000   2.098 0.000   1.663 0.000 0.011 0.000 0.139 0.000
358.291667 359.291667    0.41 0.000  0.14 0.000 9.999 0.259 99.99 0.259 0.002 0.000 999.999 0.259 999.999 0.259 999.99 0.259   0.694 0.000   0.546 0.000   0.238 0.000 0.002 0.000 0.013 0.000
361.291667 362.291667    1.76 0.000  0.27 0.000 9.999 0.259 99.99 0.259 0.008 0.000   0.170 0.000   0.305 0.000 999.99 0.259   0.982 0.000   0.065 0.000   0.917 0.000 0.005 0.000 0.071 0.000
364.291667 365.291667    2.52 0.000  0.48 0.000 9.999 0.259 99.99 0.259 0.038 0.000   0.546 0.000   0.983 0.000 999.99 0.259   1.642 0.000   0.359 0.000   1.284 0.000 0.008 0.000 0.069 0.000
