scripts/IMPROVE-2019_partial/data/US0056R.20150103070000.20191216000000.filterpack...1y.3d.US03L_filterpack_US0056.US03L_IMPROVE_Davis.lev2.nas
51 1001
MISSING INFORMATION
US03L, IMPROVE, , , , , , , 
MISSING INFORMATION
IMPROVE sel_HTAP
1 1
2015 01 01 2019 12 16
3.000000
days from file reference point
4
1 1 1 1
999.999999 999.999 999.999 9.999
end_time of measurement, days from the file reference point
pm10_mass, ug/m3, Matrix=pm10
pm25_mass, ug/m3, Matrix=pm25
numflag, no unit
0
33
Data definition:              EBAS_1.1
Set type code:                TU
Timezone:                     UTC
File name:                    US0056R.20150103070000.20191216000000.filterpack...1y.3d.US03L_filterpack_US0056.US03L_IMPROVE_Davis.lev2.nas
File creation:                20191218115854
Startdate:                    20150103070000
Revision date:                20191216000000
Version:                      2
Version description:          "Data extracted from http://views.cira.colostate.edu/fed/DataWizard 2019-12-16"
Statistics:                   arithmetic mean
Data level:                   2
Period code:                  1y
Resolution code:              3d
Sample duration:              1d
Orig. time res.:              3d
Station code:                 US0056R
Platform code:                US0056S
Station name:                 Fort Peck (IMPROVE)
Station latitude:             48.308
Station longitude:            -105.1022
Station altitude:             638.0 m
Regime:                       IMG
Component:                    
Unit:                         ug/m3
Matrix:                       
Laboratory code:              US03L
Instrument type:              filterpack
Instrument name:              filterpack_US0056
Method ref:                   US03L_IMPROVE_Davis
Blank correction:             Blank corrected
Volume std. temperature:      ambient
Volume std. pressure:         ambient
starttime endtime PM10 PM2.5 flag
  2.291667   3.291667   6.087   1.526 0.000
  5.291667   6.291667   7.499   2.555 0.000
  8.291667   9.291667  10.139   1.602 0.000
 11.291667  12.291667   4.604   2.286 0.000
 14.291667  15.291667   1.459   0.887 0.000
 17.291667  18.291667   1.282   0.677 0.000
 20.291667  21.291667   3.080   2.161 0.000
 23.291667  24.291667   0.975   0.397 0.000
 26.291667  27.291667   1.547   0.743 0.000
 29.291667  30.291667   6.151   4.180 0.000
 32.291667  33.291667 999.999 999.999 0.999
 35.291667  36.291667   5.682   3.931 0.000
 38.291667  39.291667  15.360  11.453 0.000
 41.291667  42.291667   6.378   3.746 0.000
 44.291667  45.291667   9.931   3.651 0.000
 47.291667  48.291667   3.690   2.075 0.000
 50.291667  51.291667   4.082   1.705 0.000
 53.291667  54.291667   3.391   1.314 0.000
 56.291667  57.291667 999.999 999.999 0.999
 59.291667  60.291667 999.999 999.999 0.999
 62.291667  63.291667 999.999 999.999 0.999
 65.291667  66.291667 999.999 999.999 0.999
 68.291667  69.291667 999.999 999.999 0.999
 71.291667  72.291667   4.571   1.454 0.000
 74.291667  75.291667   2.641   1.305 0.000
 77.291667  78.291667   3.831   2.092 0.000
 80.291667  81.291667   4.698   1.975 0.000
 83.291667  84.291667   4.226   2.790 0.000
 86.291667  87.291667   5.183   1.760 0.000
 89.291667  90.291667   4.719   2.052 0.000
 92.291667  93.291667   2.918   1.441 0.000
 95.291667  96.291667   6.308   3.188 0.000
 98.291667  99.291667 999.999 999.999 0.999
101.291667 102.291667 999.999 999.999 0.999
104.291667 105.291667 999.999 999.999 0.999
107.291667 108.291667  12.522   2.755 0.000
110.291667 111.291667   7.611   1.996 0.000
113.291667 114.291667 999.999 999.999 0.999
116.291667 117.291667 999.999 999.999 0.999
119.291667 120.291667   8.002   2.467 0.000
122.291667 123.291667   5.979   1.844 0.000
125.291667 126.291667  10.443   4.089 0.000
128.291667 129.291667  12.003   4.356 0.000
131.291667 132.291667  23.198   7.748 0.000
134.291667 135.291667  14.670   4.460 0.000
137.291667 138.291667   5.062   2.555 0.000
140.291667 141.291667  11.606   4.215 0.000
143.291667 144.291667  14.889   5.132 0.000
146.291667 147.291667   6.934   2.470 0.000
149.291667 150.291667  11.814   3.341 0.000
152.291667 153.291667  11.270   6.520 0.000
155.291667 156.291667 999.999 999.999 0.999
158.291667 159.291667 999.999 999.999 0.999
161.291667 162.291667  16.381   7.847 0.000
164.291667 165.291667   7.110   2.706 0.000
167.291667 168.291667   8.415   2.740 0.000
170.291667 171.291667   6.966   1.586 0.000
173.291667 174.291667   9.348   3.392 0.000
176.291667 177.291667  10.246   3.870 0.000
179.291667 180.291667  67.359  51.385 0.000
182.291667 183.291667  32.841  22.409 0.000
185.291667 186.291667  46.608  38.355 0.000
188.291667 189.291667  48.709  39.659 0.000
191.291667 192.291667  12.507   5.669 0.000
194.291667 195.291667  12.263   6.302 0.000
197.291667 198.291667   5.695   1.375 0.000
200.291667 201.291667   6.193   2.172 0.000
203.291667 204.291667  10.447   4.084 0.000
206.291667 207.291667  10.212   3.722 0.000
209.291667 210.291667 999.999 999.999 0.999
212.291667 213.291667  16.359   4.234 0.000
215.291667 216.291667  20.227   5.517 0.000
218.291667 219.291667   5.975   2.203 0.000
221.291667 222.291667  15.311   3.985 0.000
224.291667 225.291667  20.570   8.945 0.000
227.291667 228.291667   6.934   2.082 0.000
230.291667 231.291667  10.533   3.265 0.000
233.291667 234.291667   6.821   1.717 0.000
236.291667 237.291667  26.819  15.131 0.000
239.291667 240.291667  82.598  57.853 0.000
242.291667 243.291667  13.490   7.760 0.000
245.291667 246.291667 999.999 999.999 0.999
248.291667 249.291667 999.999 999.999 0.999
251.291667 252.291667   7.485   2.825 0.000
254.291667 255.291667   9.644   3.471 0.000
257.291667 258.291667  15.530   4.764 0.000
260.291667 261.291667   4.625   2.105 0.000
263.291667 264.291667   6.387   1.439 0.000
266.291667 267.291667  13.643   4.484 0.000
269.291667 270.291667  13.738   3.828 0.000
272.291667 273.291667  13.004   4.485 0.000
275.291667 276.291667   5.593   2.627 0.000
278.291667 279.291667   4.174   1.378 0.000
281.291667 282.291667   7.282   2.905 0.000
284.291667 285.291667   3.107   1.014 0.000
287.291667 288.291667   3.845   1.093 0.000
290.291667 291.291667  18.383   4.751 0.000
293.291667 294.291667   3.908   1.553 0.000
296.291667 297.291667   4.231   1.450 0.000
299.291667 300.291667   3.155   2.137 0.000
302.291667 303.291667   2.567   1.237 0.000
305.291667 306.291667   1.079   0.736 0.000
308.291667 309.291667   2.896   2.063 0.000
311.291667 312.291667   2.305   1.205 0.000
314.291667 315.291667   3.002   2.106 0.000
317.291667 318.291667   1.744   0.677 0.000
320.291667 321.291667   2.464   1.055 0.000
323.291667 324.291667   4.074   1.970 0.000
326.291667 327.291667   5.112   2.060 0.000
329.291667 330.291667  12.329   7.071 0.000
332.291667 333.291667   8.251   3.885 0.000
335.291667 336.291667   3.942   1.459 0.000
338.291667 339.291667   1.856   0.647 0.000
341.291667 342.291667   2.275   0.530 0.000
344.291667 345.291667   4.231   3.480 0.000
347.291667 348.291667   2.620   2.025 0.000
350.291667 351.291667   2.405   1.863 0.000
353.291667 354.291667   2.290   2.078 0.000
356.291667 357.291667 999.999 999.999 0.999
359.291667 360.291667 999.999 999.999 0.999
362.291667 363.291667 999.999 999.999 0.999
