scripts/IMPROVE-2019_partial/data/US0027R.19980103070000.20191216000000.filterpack...1y.3d.US03L_filterpack_US0027.US03L_IMPROVE_Davis.lev2.nas
51 1001
MISSING INFORMATION
US03L, IMPROVE, , , , , , , 
MISSING INFORMATION
IMPROVE sel_HTAP
1 1
1998 01 01 2019 12 16
0
days from file reference point
4
1 1 1 1
999.999999 999.999 99.999 9.999
end_time of measurement, days from the file reference point
pm10_mass, ug/m3, Matrix=pm10
pm25_mass, ug/m3, Matrix=pm25
numflag, no unit
0
33
Data definition:              EBAS_1.1
Set type code:                TI
Timezone:                     UTC
File name:                    US0027R.19980103070000.20191216000000.filterpack...1y.3d.US03L_filterpack_US0027.US03L_IMPROVE_Davis.lev2.nas
File creation:                20191218115715
Startdate:                    19980103070000
Revision date:                20191216000000
Version:                      2
Version description:          "Data extracted from http://views.cira.colostate.edu/fed/DataWizard 2019-12-16"
Statistics:                   arithmetic mean
Data level:                   2
Period code:                  1y
Resolution code:              3d
Sample duration:              1d
Orig. time res.:              3d
Station code:                 US0027R
Platform code:                US0027S
Station name:                 Great Sand Dunes NM
Station latitude:             37.7249
Station longitude:            -105.5185
Station altitude:             2498.0 m
Regime:                       IMG
Component:                    
Unit:                         ug/m3
Matrix:                       
Laboratory code:              US03L
Instrument type:              filterpack
Instrument name:              filterpack_US0027
Method ref:                   US03L_IMPROVE_Davis
Blank correction:             Blank corrected
Volume std. temperature:      ambient
Volume std. pressure:         ambient
starttime endtime PM10 PM2.5 flag
  2.291667   3.291667   8.745  2.577 0.000
  6.291667   7.291667   7.600  3.739 0.000
  9.291667  10.291667   5.927  3.598 0.000
 13.291667  14.291667   8.760  1.625 0.000
 16.291667  17.291667   2.451  2.253 0.000
 20.291667  21.291667   4.346  1.212 0.000
 23.291667  24.291667   5.283  2.623 0.000
 27.291667  28.291667   5.415  2.388 0.000
 30.291667  31.291667   4.051  2.939 0.000
 34.291667  35.291667   5.062  3.363 0.000
 37.291667  38.291667   3.891  3.050 0.000
 41.291667  42.291667   2.104  1.556 0.000
 44.291667  45.291667   2.744  1.594 0.000
 48.291667  49.291667   2.926  3.119 0.000
 51.291667  52.291667   3.014  2.122 0.000
 55.291667  56.291667   5.496  2.270 0.000
 58.291667  59.291667   2.940  1.970 0.000
 62.291667  63.291667   5.112  3.384 0.000
 65.291667  66.291667   5.165  2.468 0.000
 69.291667  70.291667   7.997  1.215 0.000
 72.291667  73.291667   6.355  5.640 0.000
 76.291667  77.291667   3.353  1.417 0.000
 79.291667  80.291667   5.509  2.861 0.000
 83.291667  84.291667   6.270  1.927 0.000
 86.291667  87.291667   4.805  1.909 0.000
 90.291667  91.291667   3.515  2.541 0.000
 93.291667  94.291667   4.944  2.425 0.000
 97.291667  98.291667   6.692  2.326 0.000
100.291667 101.291667  14.310  5.610 0.000
104.291667 105.291667   7.224  3.898 0.000
107.291667 108.291667   3.392  1.794 0.000
111.291667 112.291667  13.413  7.278 0.000
114.291667 115.291667   7.792  4.107 0.000
118.291667 119.291667  11.339  5.200 0.000
121.291667 122.291667  15.929  4.891 0.000
125.291667 126.291667   5.754  2.370 0.000
128.291667 129.291667   4.246  2.850 0.000
132.291667 133.291667  12.897  5.966 0.000
135.291667 136.291667   5.913  2.304 0.000
139.291667 140.291667   9.117  5.021 0.000
142.291667 143.291667   7.643  4.244 0.000
146.291667 147.291667   8.140  3.520 0.000
149.291667 150.291667   9.607  3.840 0.000
153.291667 154.291667  12.114  2.797 0.000
156.291667 157.291667   4.514  2.228 0.000
160.291667 161.291667   7.914  3.585 0.000
163.291667 164.291667  23.937  6.715 0.000
167.291667 168.291667  11.357  2.960 0.000
170.291667 171.291667   7.958  2.673 0.000
174.291667 175.291667  13.595  5.904 0.000
177.291667 178.291667   6.402  2.509 0.000
181.291667 182.291667  14.771  7.820 0.000
184.291667 185.291667   6.944  5.662 0.000
188.291667 189.291667   4.982  3.046 0.000
191.291667 192.291667   4.642  2.772 0.000
195.291667 196.291667   7.700  4.038 0.000
198.291667 199.291667   6.261  4.287 0.000
202.291667 203.291667   8.296  5.654 0.000
205.291667 206.291667   3.363  2.581 0.000
209.291667 210.291667   5.478 99.999 0.000
212.291667 213.291667   4.841  2.052 0.000
216.291667 217.291667   6.597  3.706 0.000
219.291667 220.291667   6.748  3.612 0.000
223.291667 224.291667   5.170  3.208 0.000
226.291667 227.291667   5.170  3.675 0.000
230.291667 231.291667   6.944  3.780 0.000
233.291667 234.291667   3.129  1.888 0.000
237.291667 238.291667   4.294  3.273 0.000
240.291667 241.291667   4.667  3.518 0.000
244.291667 245.291667   3.344  2.539 0.000
247.291667 248.291667   9.553  6.186 0.000
251.291667 252.291667  14.919  5.952 0.000
254.291667 255.291667  12.988  7.726 0.000
258.291667 259.291667   9.416  3.502 0.000
261.291667 262.291667   7.565  3.868 0.000
265.291667 266.291667   8.934  4.271 0.000
268.291667 269.291667   4.253  1.426 0.000
272.291667 273.291667   5.115  3.344 0.000
275.291667 276.291667   5.614  2.443 0.000
279.291667 280.291667   3.788  2.031 0.000
282.291667 283.291667   6.445  2.784 0.000
286.291667 287.291667   9.538  5.084 0.000
289.291667 290.291667   1.590  0.964 0.000
293.291667 294.291667   6.445  3.675 0.000
296.291667 297.291667   4.449  2.697 0.000
300.291667 301.291667   5.126  2.303 0.000
303.291667 304.291667   0.842 99.999 0.000
307.291667 308.291667   1.990  1.539 0.000
310.291667 311.291667   1.902  1.314 0.000
314.291667 315.291667   2.958  2.177 0.000
317.291667 318.291667   0.635 99.999 0.000
321.291667 322.291667   5.138  2.106 0.000
324.291667 325.291667   3.613  1.995 0.000
328.291667 329.291667   3.145  1.219 0.000
331.291667 332.291667   5.229  2.831 0.000
335.291667 336.291667   4.319  1.995 0.000
338.291667 339.291667   9.789  3.031 0.000
342.291667 343.291667  17.361  2.724 0.000
345.291667 346.291667   5.122  1.803 0.000
349.291667 350.291667   8.493  1.062 0.000
352.291667 353.291667   8.831  3.880 0.000
356.291667 357.291667   5.721  2.642 0.000
359.291667 360.291667   3.451  0.906 0.000
363.291667 364.291667   2.625  0.987 0.000
