scripts/IMPROVE-2019_partial/data/US0097R.20080101080000.20191216000000.filterpack...52w.3d.US03L_filterpack_US0097.US03L_IMPROVE_Davis.lev2.nas
52 1001
MISSING INFORMATION
US03L, IMPROVE, , , , , , , 
MISSING INFORMATION
IMPROVE sel_HTAP
1 1
2008 01 01 2019 12 16
3.000000
days from file reference point
5
1 1 1 1 1
999.999999 999.999 9.999 999.999 9.999
end_time of measurement, days from the file reference point
pm10_mass, ug/m3, Matrix=pm10
numflag pm10_mass, no unit, Matrix=pm10
pm25_mass, ug/m3, Matrix=pm25
numflag pm25_mass, no unit, Matrix=pm25
0
33
Data definition:              EBAS_1.1
Set type code:                TU
Timezone:                     UTC
File name:                    US0097R.20080101080000.20191216000000.filterpack...52w.3d.US03L_filterpack_US0097.US03L_IMPROVE_Davis.lev2.nas
File creation:                20191218120202
Startdate:                    20080101080000
Revision date:                20191216000000
Version:                      2
Version description:          "Data extracted from http://views.cira.colostate.edu/fed/DataWizard 2019-12-16"
Statistics:                   arithmetic mean
Data level:                   2
Period code:                  52w
Resolution code:              3d
Sample duration:              1d
Orig. time res.:              3d
Station code:                 US0097R
Platform code:                US0097S
Station name:                 Redwood NP
Station latitude:             41.5608
Station longitude:            -124.0839
Station altitude:             243.0 m
Regime:                       IMG
Component:                    
Unit:                         ug/m3
Matrix:                       
Laboratory code:              US03L
Instrument type:              filterpack
Instrument name:              filterpack_US0097
Method ref:                   US03L_IMPROVE_Davis
Blank correction:             Blank corrected
Volume std. temperature:      ambient
Volume std. pressure:         ambient
starttime endtime PM10 flag_PM10 PM2.5 flag_PM2.5
  0.333333   1.333333   3.154 0.000   1.647 0.000
  3.333333   4.333333 999.999 0.999 999.999 0.999
  6.333333   7.333333   1.901 0.000   0.717 0.000
  9.333333  10.333333   2.233 0.000   0.748 0.000
 12.333333  13.333333   4.081 0.000   1.458 0.000
 15.333333  16.333333   5.058 0.000   1.855 0.000
 18.333333  19.333333   4.784 0.000   2.875 0.000
 21.333333  22.333333   2.305 0.000   1.194 0.000
 24.333333  25.333333   2.808 0.000   0.694 0.000
 27.333333  28.333333   3.093 0.000   0.756 0.000
 30.333333  31.333333   3.111 0.000   0.939 0.000
 33.333333  34.333333   6.863 0.000   2.003 0.000
 36.333333  37.333333  14.096 0.000   5.223 0.000
 39.333333  40.333333  11.033 0.000   4.437 0.000
 42.333333  43.333333   8.622 0.000   4.729 0.000
 45.333333  46.333333  16.026 0.000   6.339 0.000
 48.333333  49.333333   5.093 0.000   4.592 0.000
 51.333333  52.333333   3.760 0.000   1.602 0.000
 54.333333  55.333333   0.985 0.000   0.328 0.000
 57.333333  58.333333   6.039 0.000   2.695 0.000
 60.333333  61.333333   7.782 0.000   3.240 0.000
 63.333333  64.333333   9.351 0.000   4.075 0.000
 66.333333  67.333333   7.724 0.000   3.494 0.000
 69.333333  70.333333   6.104 0.000   2.720 0.000
 72.333333  73.333333   3.107 0.000   1.597 0.000
 75.333333  76.333333   8.186 0.000   3.387 0.000
 78.333333  79.333333   4.450 0.000   2.659 0.000
 81.333333  82.333333   8.377 0.000   3.955 0.000
 84.333333  85.333333   8.245 0.000   3.521 0.000
 87.333333  88.333333   4.497 0.000   2.225 0.000
 90.333333  91.333333   4.582 0.000   2.171 0.000
 93.333333  94.333333  10.556 0.000   5.313 0.000
 96.333333  97.333333   3.888 0.000   1.718 0.000
 99.333333 100.333333   4.649 0.000   2.087 0.000
102.333333 103.333333   8.699 0.000   5.148 0.000
105.333333 106.333333   5.141 0.000   2.587 0.000
108.333333 109.333333  13.991 0.000   7.254 0.000
111.333333 112.333333   6.284 0.000   3.179 0.000
114.333333 115.333333   7.187 0.000   2.976 0.000
117.333333 118.333333   5.131 0.000   3.133 0.000
120.333333 121.333333   4.397 0.000   1.824 0.000
123.333333 124.333333  14.180 0.000   7.706 0.000
126.333333 127.333333   8.010 0.000   4.351 0.000
129.333333 130.333333  10.525 0.000   4.735 0.000
132.333333 133.333333  11.747 0.000   4.881 0.000
135.333333 136.333333  11.255 0.000   4.705 0.000
138.333333 139.333333   9.036 0.000   5.163 0.000
141.333333 142.333333   6.846 0.000   3.091 0.000
144.333333 145.333333   6.248 0.000   3.371 0.000
147.333333 148.333333   3.554 0.000   2.951 0.000
150.333333 151.333333   8.965 0.000   4.473 0.000
153.333333 154.333333   3.615 0.000   2.018 0.000
156.333333 157.333333   4.724 0.000   1.993 0.000
159.333333 160.333333   8.358 0.000   4.112 0.000
162.333333 163.333333  13.604 0.000   6.936 0.000
165.333333 166.333333  10.587 0.000   5.386 0.000
168.333333 169.333333   5.489 0.000   2.796 0.000
171.333333 172.333333 999.999 0.999 999.999 0.999
174.333333 175.333333 999.999 0.999 999.999 0.999
177.333333 178.333333  13.753 0.000   6.206 0.000
180.333333 181.333333   6.364 0.000   5.641 0.000
183.333333 184.333333   1.978 0.000   1.525 0.000
186.333333 187.333333   2.219 0.000   1.330 0.000
189.333333 190.333333  25.011 0.000  15.152 0.000
192.333333 193.333333  31.817 0.000  14.641 0.000
195.333333 196.333333   1.600 0.000   0.961 0.000
198.333333 199.333333   4.043 0.000   2.944 0.000
201.333333 202.333333   3.382 0.000   2.685 0.000
204.333333 205.333333  13.688 0.000   6.069 0.000
207.333333 208.333333   5.541 0.000   4.582 0.000
210.333333 211.333333   4.655 0.000   3.491 0.000
213.333333 214.333333   4.748 0.000   3.387 0.000
216.333333 217.333333   4.330 0.000   3.797 0.000
219.333333 220.333333   2.431 0.000   1.581 0.000
222.333333 223.333333  11.965 0.000   9.518 0.000
225.333333 226.333333  21.036 0.000  20.299 0.000
228.333333 229.333333   4.968 0.000   3.820 0.000
231.333333 232.333333   3.763 0.000   1.711 0.000
234.333333 235.333333   3.669 0.000   2.320 0.000
237.333333 238.333333   6.269 0.000   2.361 0.000
240.333333 241.333333  15.762 0.000   7.836 0.000
243.333333 244.333333   7.365 0.000   3.446 0.000
246.333333 247.333333  31.218 0.000  19.330 0.000
249.333333 250.333333  20.875 0.000  12.801 0.000
252.333333 253.333333   8.543 0.000   5.039 0.000
255.333333 256.333333   2.117 0.000   1.617 0.000
258.333333 259.333333   0.869 0.000   0.496 0.000
261.333333 262.333333  10.617 0.000   8.066 0.000
264.333333 265.333333   7.053 0.000   4.846 0.000
267.333333 268.333333  12.451 0.000   9.391 0.000
270.333333 271.333333 999.999 0.456   7.169 0.000
273.333333 274.333333   7.253 0.000 999.999 0.999
276.333333 277.333333   3.147 0.000 999.999 0.999
279.333333 280.333333   2.495 0.000 999.999 0.999
282.333333 283.333333   6.052 0.000 999.999 0.999
285.333333 286.333333   7.276 0.000 999.999 0.999
288.333333 289.333333   8.340 0.000 999.999 0.999
291.333333 292.333333   3.452 0.000   2.582 0.000
294.333333 295.333333   7.358 0.000   3.390 0.000
297.333333 298.333333  12.650 0.000   7.200 0.000
300.333333 301.333333   3.049 0.000   2.331 0.000
303.333333 304.333333   7.992 0.000   3.863 0.000
306.333333 307.333333   6.061 0.000   2.277 0.000
309.333333 310.333333   1.799 0.000   0.663 0.000
312.333333 313.333333   3.622 0.000   1.575 0.000
315.333333 316.333333   8.462 0.000   0.955 0.000
318.333333 319.333333 999.999 0.456   2.057 0.000
321.333333 322.333333 999.999 0.456   3.825 0.000
324.333333 325.333333   8.531 0.000   3.440 0.000
327.333333 328.333333   4.671 0.000   2.089 0.000
330.333333 331.333333  11.456 0.000   6.365 0.000
333.333333 334.333333   5.224 0.000   2.769 0.000
336.333333 337.333333   6.225 0.000   3.079 0.000
339.333333 340.333333   4.948 0.000   2.532 0.000
342.333333 343.333333   5.049 0.000   2.394 0.000
345.333333 346.333333  15.138 0.000   8.784 0.000
348.333333 349.333333   0.505 0.000   0.217 0.000
351.333333 352.333333   2.929 0.000   1.852 0.000
354.333333 355.333333   1.895 0.000   1.065 0.000
357.333333 358.333333   0.758 0.000   0.338 0.000
360.333333 361.333333   1.478 0.000   0.731 0.000
363.333333 364.333333   4.887 0.000   1.740 0.000
