scripts/IMPROVE-2019_partial/data/US0042R.20170101050000.20191216000000.filterpack...52w.3d.US03L_filterpack_US0042.US03L_IMPROVE_Davis.lev2.nas
52 1001
MISSING INFORMATION
US03L, IMPROVE, , , , , , , 
MISSING INFORMATION
IMPROVE sel_HTAP
1 1
2017 01 01 2019 12 16
3.000000
days from file reference point
5
1 1 1 1 1
999.999999 999.999 9.999 999.999 9.999
end_time of measurement, days from the file reference point
pm10_mass, ug/m3, Matrix=pm10
numflag pm10_mass, no unit, Matrix=pm10
pm25_mass, ug/m3, Matrix=pm25
numflag pm25_mass, no unit, Matrix=pm25
0
33
Data definition:              EBAS_1.1
Set type code:                TU
Timezone:                     UTC
File name:                    US0042R.20170101050000.20191216000000.filterpack...52w.3d.US03L_filterpack_US0042.US03L_IMPROVE_Davis.lev2.nas
File creation:                20191218115803
Startdate:                    20170101050000
Revision date:                20191216000000
Version:                      2
Version description:          "Data extracted from http://views.cira.colostate.edu/fed/DataWizard 2019-12-16"
Statistics:                   arithmetic mean
Data level:                   2
Period code:                  52w
Resolution code:              3d
Sample duration:              1d
Orig. time res.:              3d
Station code:                 US0042R
Platform code:                US0042S
Station name:                 Cape Cod
Station latitude:             41.9758
Station longitude:            -70.0242
Station altitude:             49.0 m
Regime:                       IMG
Component:                    
Unit:                         ug/m3
Matrix:                       
Laboratory code:              US03L
Instrument type:              filterpack
Instrument name:              filterpack_US0042
Method ref:                   US03L_IMPROVE_Davis
Blank correction:             Blank corrected
Volume std. temperature:      ambient
Volume std. pressure:         ambient
starttime endtime PM10 flag_PM10 PM2.5 flag_PM2.5
  0.208333   1.208333   9.334 0.000   4.349 0.000
  3.208333   4.208333   3.947 0.000   1.957 0.000
  6.208333   7.208333   5.323 0.000   2.515 0.000
  9.208333  10.208333   6.977 0.000   2.571 0.000
 12.208333  13.208333  12.001 0.000   4.864 0.000
 15.208333  16.208333   7.397 0.000   3.941 0.000
 18.208333  19.208333  15.761 0.000   5.390 0.000
 21.208333  22.208333   7.941 0.000   4.309 0.000
 24.208333  25.208333 999.999 0.999 999.999 0.999
 27.208333  28.208333   4.106 0.000 999.999 0.456
 30.208333  31.208333   4.367 0.000   2.387 0.000
 33.208333  34.208333   5.266 0.000   2.379 0.000
 36.208333  37.208333   8.050 0.000   3.746 0.000
 39.208333  40.208333  12.845 0.000   5.409 0.000
 42.208333  43.208333  12.199 0.000   5.717 0.000
 45.208333  46.208333  15.050 0.000   6.495 0.000
 48.208333  49.208333  10.058 0.000   4.880 0.000
 51.208333  52.208333   9.630 0.000   2.496 0.000
 54.208333  55.208333   9.058 0.000   3.910 0.000
 57.208333  58.208333   9.858 0.000   4.717 0.000
 60.208333  61.208333  15.712 0.000   6.319 0.000
 63.208333  64.208333   7.488 0.000   2.419 0.000
 66.208333  67.208333  11.416 0.000   5.771 0.000
 69.208333  70.208333   7.383 0.000   3.173 0.000
 72.208333  73.208333  13.854 0.000   6.048 0.000
 75.208333  76.208333   6.484 0.000   2.820 0.000
 78.208333  79.208333  25.840 0.000   7.554 0.000
 81.208333  82.208333   7.349 0.000   3.212 0.000
 84.208333  85.208333  13.184 0.000   4.364 0.000
 87.208333  88.208333   5.207 0.000   2.023 0.000
 90.208333  91.208333  13.592 0.000   5.432 0.000
 93.208333  94.208333  15.370 0.000   5.503 0.000
 96.208333  97.208333  14.478 0.000   6.763 0.000
 99.208333 100.208333  10.925 0.000   4.899 0.000
102.208333 103.208333   5.901 0.000   2.420 0.000
105.208333 106.208333  14.088 0.000   8.070 0.000
108.208333 109.208333  11.967 0.000   4.468 0.000
111.208333 112.208333   5.228 0.000   2.438 0.000
114.208333 115.208333   9.182 0.000   4.190 0.000
117.208333 118.208333   9.119 0.000   7.850 0.000
120.208333 121.208333   5.610 0.000   2.271 0.000
123.208333 124.208333   4.773 0.000   2.116 0.000
126.208333 127.208333   7.733 0.000   3.579 0.000
129.208333 130.208333   6.027 0.000   2.313 0.000
132.208333 133.208333   6.664 0.000   2.484 0.000
135.208333 136.208333   7.616 0.000   3.297 0.000
138.208333 139.208333 999.999 0.999 999.999 0.999
141.208333 142.208333 999.999 0.999 999.999 0.999
144.208333 145.208333   6.530 0.000   2.620 0.000
147.208333 148.208333   8.028 0.000   2.122 0.000
150.208333 151.208333 999.999 0.999 999.999 0.999
153.208333 154.208333 999.999 0.999 999.999 0.999
156.208333 157.208333 999.999 0.999 999.999 0.999
159.208333 160.208333  15.531 0.000 999.999 0.456
162.208333 163.208333  24.096 0.000  12.226 0.000
165.208333 166.208333   7.732 0.000   2.089 0.000
168.208333 169.208333   8.099 0.000   4.396 0.000
171.208333 172.208333  20.339 0.000   7.970 0.000
174.208333 175.208333  18.013 0.000   8.880 0.000
177.208333 178.208333  11.937 0.000   4.609 0.000
180.208333 181.208333  19.986 0.000   7.787 0.000
183.208333 184.208333  13.964 0.000   7.296 0.000
186.208333 187.208333   8.360 0.000   3.120 0.000
189.208333 190.208333  10.005 0.000   4.955 0.000
192.208333 193.208333 999.999 0.456  12.676 0.000
195.208333 196.208333 999.999 0.456   6.495 0.000
198.208333 199.208333 999.999 0.456   4.614 0.000
201.208333 202.208333 999.999 0.456  13.024 0.000
204.208333 205.208333 999.999 0.456   5.165 0.000
207.208333 208.208333 999.999 0.456   3.072 0.000
210.208333 211.208333 999.999 0.456   3.803 0.000
213.208333 214.208333 999.999 0.456   6.766 0.000
216.208333 217.208333 999.999 0.456   2.762 0.000
219.208333 220.208333 999.999 0.456   3.402 0.000
222.208333 223.208333   7.883 0.000   2.979 0.000
225.208333 226.208333   7.015 0.000   3.728 0.000
228.208333 229.208333   7.807 0.000   2.826 0.000
231.208333 232.208333   9.884 0.000   5.363 0.000
234.208333 235.208333  13.456 0.000   6.546 0.000
237.208333 238.208333   8.442 0.000   3.696 0.000
240.208333 241.208333   8.856 0.000   3.667 0.000
243.208333 244.208333   9.542 0.000   2.805 0.000
246.208333 247.208333  11.718 0.000   5.984 0.000
249.208333 250.208333   9.393 0.000   4.480 0.000
252.208333 253.208333   8.359 0.000   3.803 0.000
255.208333 256.208333  10.183 0.000   5.216 0.000
258.208333 259.208333   6.284 0.000   4.757 0.000
261.208333 262.208333   5.055 0.000   3.048 0.000
264.208333 265.208333  16.520 0.000   7.481 0.000
267.208333 268.208333   2.815 0.000   1.131 0.000
270.208333 271.208333   8.793 0.000   3.446 0.000
273.208333 274.208333   6.341 0.000   2.522 0.000
276.208333 277.208333  12.747 0.000   4.510 0.000
279.208333 280.208333   7.994 0.000   3.859 0.000
282.208333 283.208333   7.408 0.000   2.941 0.000
285.208333 286.208333  12.269 0.000   2.485 0.000
288.208333 289.208333   8.945 0.000   3.380 0.000
291.208333 292.208333  11.724 0.000   5.173 0.000
294.208333 295.208333  10.634 0.000   4.990 0.000
297.208333 298.208333  11.572 0.000   5.343 0.000
300.208333 301.208333   8.307 0.000   4.234 0.000
303.208333 304.208333  11.074 0.000   3.391 0.000
306.208333 307.208333   7.548 0.000   3.444 0.000
309.208333 310.208333  11.877 0.000   5.673 0.000
312.208333 313.208333   8.743 0.000   2.529 0.000
315.208333 316.208333   4.353 0.000   1.830 0.000
318.208333 319.208333   9.603 0.000   2.716 0.000
321.208333 322.208333   6.818 0.000   2.337 0.000
324.208333 325.208333  13.818 0.000   4.939 0.000
327.208333 328.208333   5.985 0.000   3.470 0.000
330.208333 331.208333   5.724 0.000   2.966 0.000
333.208333 334.208333   9.558 0.000   2.325 0.000
336.208333 337.208333   7.183 0.000   3.592 0.000
339.208333 340.208333   8.050 0.000   3.430 0.000
342.208333 343.208333   4.059 0.000   2.256 0.000
345.208333 346.208333   9.972 0.000   4.460 0.000
348.208333 349.208333   4.277 0.000   1.927 0.000
351.208333 352.208333   5.957 0.000   2.759 0.000
354.208333 355.208333   5.518 0.000   2.274 0.000
357.208333 358.208333   7.190 0.000   3.046 0.000
360.208333 361.208333   5.681 0.000   2.610 0.000
363.208333 364.208333   4.132 0.000   2.490 0.000
