scripts/IMPROVE-2019_partial/data/US0022R.20020102080000.20191216000000.filterpack..pm25.52w.1w.US03L_filterpack_US0022.US03L_IMPROVE_Davis.lev2.nas
66 1001
MISSING INFORMATION
US03L, IMPROVE, , , , , , , 
MISSING INFORMATION
IMPROVE sel_HTAP
1 1
2002 01 01 2019 12 16
3.000000
days from file reference point
27
1 1 1 1 1 1 1 1 1 1 1 1 1 1 1 1 1 1 1 1 1 1 1 1 1 1 1
999.999999 9999.99 9.999 99.99 9.999999 9.999 9.999999 9.99 9.999999 99.999 9.999 999.999 9.999 999.999 9.999 999.99 9.999999 9999.999 9.999 999.999 9.999 999.999 9.999 9.999 9.999 9.999 9.999
end_time of measurement, days from the file reference point
iron, ng/m3, Revision date=20181210133000
numflag iron, no unit, Revision date=20181210133000
lead, ng/m3, Revision date=20181210133000
numflag lead, no unit, Revision date=20181210133000
magnesium, ug/m3, Revision date=20181210133000
numflag magnesium, no unit, Revision date=20181210133000
nickel, ng/m3, Revision date=20181210133000
numflag nickel, no unit, Revision date=20181210133000
nitrate, ug N/m3, Revision date=20181210133000
numflag nitrate, no unit, Revision date=20181210133000
organic_carbon, ug C/m3, Revision date=20181210133000
numflag organic_carbon, no unit, Revision date=20181210133000
organic_mass, ug/m3, Revision date=20181210133000
numflag organic_mass, no unit, Revision date=20181210133000
phosphorus, ng/m3, Revision date=20181210133000
numflag phosphorus, no unit, Revision date=20181210133000
pm10_mass, ug/m3, Version=2, Version description=Data extracted from http://views.cira.colostate.edu/fed/DataWizard 2019-12-16, Sample duration=1d, Orig. time res.=3d, Matrix=pm10, Blank correction=Blank corrected, Volume std. temperature=ambient, Volume std. pressure=ambient
numflag pm10_mass, no unit, Version=2, Version description=Data extracted from http://views.cira.colostate.edu/fed/DataWizard 2019-12-16, Sample duration=1d, Orig. time res.=3d, Matrix=pm10, Blank correction=Blank corrected, Volume std. temperature=ambient, Volume std. pressure=ambient
pm10_pm25_mass, ug/m3, Revision date=20181210133000, Matrix=pm10_pm25
numflag pm10_pm25_mass, no unit, Revision date=20181210133000, Matrix=pm10_pm25
pm25_mass, ug/m3, Version=2, Version description=Data extracted from http://views.cira.colostate.edu/fed/DataWizard 2019-12-16, Sample duration=1d, Orig. time res.=3d, Blank correction=Blank corrected, Volume std. temperature=ambient, Volume std. pressure=ambient
numflag pm25_mass, no unit, Version=2, Version description=Data extracted from http://views.cira.colostate.edu/fed/DataWizard 2019-12-16, Sample duration=1d, Orig. time res.=3d, Blank correction=Blank corrected, Volume std. temperature=ambient, Volume std. pressure=ambient
potassium, ug/m3, Revision date=20181210133000
numflag potassium, no unit, Revision date=20181210133000
sulphate_total, ug S/m3, Revision date=20181210133000
numflag sulphate_total, no unit, Revision date=20181210133000
0
25
Data definition:              EBAS_1.1
Set type code:                TU
Timezone:                     UTC
File name:                    US0022R.20020102080000.20191216000000.filterpack..pm25.52w.1w.US03L_filterpack_US0022.US03L_IMPROVE_Davis.lev2.nas
File creation:                20191218115650
Startdate:                    20020102080000
Revision date:                20191216000000
Statistics:                   arithmetic mean
Data level:                   2
Period code:                  52w
Resolution code:              1w
Station code:                 US0022R
Platform code:                US0022S
Station name:                 Dome Lands Wilderness
Station latitude:             35.7278
Station longitude:            -118.1377
Station altitude:             927.0 m
Regime:                       IMG
Component:                    
Matrix:                       pm25
Laboratory code:              US03L
Instrument type:              filterpack
Instrument name:              filterpack_US0022
Method ref:                   US03L_IMPROVE_Davis
starttime endtime Fe flag_Fe Pb flag_Pb Mg++ flag_Mg++ Ni flag_Ni NO3- flag_NO3- OC flag_OC OM flag_OM P flag_P PM10 flag_PM10 PM10-PM2.5 flag_PM10-PM2.5 PM2.5 flag_PM2.5 K+ flag_K+ SO4-- flag_SO4--
[from data line 79]
238.333333 239.333333  116.85 0.699  0.81 0.699000 0.021 0.699000 0.07 0.699000  0.119 0.000   5.567 0.000   7.795 0.000 999.99 0.699259   31.668 0.000  17.212 0.000  14.456 0.699 0.086 0.699 0.353 0.000
241.333333 242.333333  114.28 0.559  0.93 0.559000 0.028 0.559000 0.16 0.559000  0.124 0.000   3.392 0.000   4.749 0.000 999.99 0.559259   29.709 0.000  18.578 0.000  11.131 0.559 0.086 0.559 0.403 0.000
244.333333 245.333333   49.26 0.559  0.78 0.559000 9.999 0.559259 0.19 0.559000  0.034 0.000   1.662 0.000   2.327 0.000 999.99 0.559259   11.119 0.000   4.473 0.000   6.647 0.559 0.039 0.559 0.524 0.000
247.333333 248.333333 9999.99 0.999 99.99 0.999000 9.999 0.999000 9.99 0.999000 99.999 0.999 999.999 0.999 999.999 0.999 999.99 0.999000 9999.999 0.999 999.999 0.999 999.999 0.999 9.999 0.999 9.999 0.999
250.333333 251.333333   53.71 0.000  0.92 0.000000 0.030 0.000000 9.99 0.259000  0.221 0.000   1.299 0.000   1.819 0.000 999.99 0.259000   16.601 0.000  11.257 0.000   5.344 0.000 0.073 0.000 0.293 0.000
253.333333 254.333333   77.09 0.000  1.18 0.000000 0.020 0.000000 0.17 0.000000  0.055 0.000   1.289 0.000   1.804 0.000 999.99 0.259000   16.724 0.000  11.238 0.000   5.486 0.000 0.051 0.000 0.304 0.000
256.333333 257.333333   74.18 0.559  0.98 0.559000 9.999 0.559259 9.99 0.559259  0.054 0.000   1.439 0.000   2.014 0.000 999.99 0.559259   16.395 0.000  10.462 0.000   5.933 0.559 0.048 0.559 0.349 0.000
259.333333 260.333333  204.76 0.559  1.56 0.559000 0.033 0.559000 0.42 0.559000  0.252 0.000   3.306 0.000   4.628 0.000 999.99 0.559259   48.868 0.000  36.465 0.000  12.402 0.559 0.205 0.559 0.352 0.000
262.333333 263.333333   84.03 0.000  0.70 0.000000 9.999 0.259000 0.06 0.000000  0.033 0.559   0.915 0.000   1.281 0.000 999.99 0.259000   17.402 0.000  12.958 0.000   4.444 0.000 0.058 0.000 0.199 0.559
265.333333 266.333333  243.35 0.000  1.14 0.000000 9.999 0.259000 0.93 0.000000  0.034 0.000   1.149 0.000   1.608 0.000 999.99 0.259000   14.998 0.000   6.659 0.000   8.340 0.000 0.128 0.000 0.255 0.000
268.333333 269.333333  169.69 0.559  1.23 0.559000 9.999 0.559259 0.33 0.559000  0.101 0.000   1.878 0.000   2.629 0.000 999.99 0.559259   27.034 0.000  18.948 0.000   8.086 0.559 0.103 0.559 0.289 0.000
271.333333 272.333333   63.21 0.000  0.82 0.000000 0.026 0.000000 0.22 0.000000  0.323 0.000   1.374 0.000   1.924 0.000 999.99 0.259000   21.329 0.000  14.197 0.000   7.132 0.000 0.056 0.000 0.524 0.000
274.333333 275.333333 9999.99 0.456 99.99 0.456000 9.999 0.456000 9.99 0.456000  0.116 0.000   0.829 0.000   1.161 0.000 999.99 0.456000   26.703 0.000 999.999 0.999 999.999 0.456 9.999 0.456 0.122 0.000
277.333333 278.333333 9999.99 0.456 99.99 0.456000 9.999 0.456000 9.99 0.456000  0.076 0.000   0.939 0.000   1.314 0.000 999.99 0.456000   14.178 0.000 999.999 0.999 999.999 0.456 9.999 0.456 0.203 0.000
280.333333 281.333333  109.99 0.000  0.82 0.000000 9.999 0.259000 0.05 0.000000  0.028 0.000   1.238 0.000   1.733 0.000 999.99 0.259000   11.128 0.000   5.873 0.000   5.255 0.000 0.065 0.000 0.143 0.000
283.333333 284.333333 9999.99 0.456 99.99 0.456000 9.999 0.456000 9.99 0.456000  0.478 0.000   1.460 0.000   2.044 0.000 999.99 0.456000   29.307 0.000 999.999 0.999 999.999 0.456 9.999 0.456 0.342 0.000
286.333333 287.333333 9999.99 0.456 99.99 0.456000 9.999 0.456000 9.99 0.456000  0.023 0.000   0.467 0.000   0.654 0.000 999.99 0.456000    8.917 0.000 999.999 0.999 999.999 0.456 9.999 0.456 0.164 0.000
289.333333 290.333333  170.26 0.559  1.59 0.559000 0.022 0.559000 0.36 0.559000  0.807 0.000   1.899 0.000   2.658 0.000 999.99 0.559259   28.476 0.000  16.442 0.000  12.035 0.559 0.100 0.559 0.607 0.000
292.333333 293.333333  143.22 0.559  2.59 0.559000 0.026 0.559000 0.23 0.559000  1.005 0.000   1.898 0.000   2.658 0.000 999.99 0.559259   28.108 0.000  15.050 0.000  13.058 0.559 0.112 0.559 0.674 0.000
295.333333 296.333333   97.74 0.000  1.71 0.000000 9.999 0.259000 0.29 0.000000  1.012 0.000   2.775 0.000   3.885 0.000 999.99 0.259000   29.059 0.000  15.232 0.000  13.827 0.000 0.088 0.000 0.638 0.000
298.333333 299.333333 9999.99 0.699 99.99 0.699000 9.999 0.699000 9.99 0.699000  3.525 0.000   3.636 0.000   5.091 0.000 999.99 0.699000   52.662 0.000 999.999 0.999 999.999 0.699 9.999 0.699 0.995 0.000
301.333333 302.333333  151.08 0.559  1.99 0.559000 9.999 0.559259 0.20 0.559000  1.328 0.000   2.675 0.000   3.745 0.000 999.99 0.559259   33.011 0.000  14.323 0.000  18.689 0.559 0.134 0.559 0.663 0.000
304.333333 305.333333  176.73 0.559  1.24 0.559000 0.029 0.559000 0.12 0.559000  1.774 0.000   2.042 0.000   2.858 0.000 999.99 0.559259   32.901 0.000  15.933 0.000  16.968 0.559 0.171 0.559 0.273 0.000
307.333333 308.333333   98.79 0.000  0.94 0.000000 0.009 0.000000 0.04 0.000000  1.209 0.000   1.505 0.000   2.106 0.000 999.99 0.259000   23.092 0.000  12.753 0.000  10.339 0.000 0.084 0.000 0.207 0.000
310.333333 311.333333   75.44 0.394  0.40 0.394000 9.999 0.394259 0.08 0.394000  0.066 0.394   0.599 0.000   0.838 0.000  10.48 0.394000    7.247 0.000   4.586 0.000   2.661 0.000 0.041 0.394 0.094 0.394
313.333333 314.333333   68.55 0.000  0.42 0.000000 9.999 0.259000 0.10 0.000000  0.129 0.000   0.733 0.000   1.026 0.000 999.99 0.259000    7.358 0.000   3.372 0.000   3.986 0.000 0.046 0.000 0.156 0.000
316.333333 317.333333   37.21 0.000  0.49 0.000000 9.999 0.259000 0.12 0.000000  0.611 0.000   0.923 0.000   1.292 0.000 999.99 0.259000    8.756 0.000   2.703 0.000   6.053 0.000 0.022 0.000 0.244 0.000
319.333333 320.333333   14.41 0.000  0.76 0.000000 9.999 0.259000 0.06 0.000000  0.011 0.000   0.301 0.000   0.421 0.000 999.99 0.259000    2.358 0.000   0.629 0.000   1.728 0.000 0.015 0.000 0.148 0.000
322.333333 323.333333   15.76 0.000  0.43 0.000000 9.999 0.259000 0.07 0.000000  0.014 0.000   0.626 0.000   0.877 0.000 999.99 0.259000    2.696 0.000   1.353 0.000   1.343 0.000 0.013 0.000 0.085 0.000
325.333333 326.333333   24.34 0.000  0.54 0.000000 9.999 0.259000 9.99 0.259000  0.021 0.000   0.433 0.000   0.606 0.000   5.07 0.000000    4.027 0.000   2.261 0.000   1.766 0.000 0.024 0.000 0.055 0.000
328.333333 329.333333   47.83 0.000  0.78 0.000000 0.019 0.000000 0.07 0.000000  0.953 0.000   1.123 0.000   1.572 0.000 999.99 0.259000   21.040 0.000  10.478 0.000  10.562 0.000 0.047 0.000 0.309 0.000
331.333333 332.333333   11.75 0.000  0.66 0.000000 9.999 0.259000 0.07 0.000000  0.013 0.000   0.009 0.000   0.012 0.000 999.99 0.259000    3.717 0.000   2.347 0.000   1.370 0.000 0.012 0.000 0.143 0.000
334.333333 335.333333    3.31 0.000  0.31 0.000000 9.999 0.259000 9.99 0.259000  0.026 0.000   0.903 0.000   1.265 0.000 999.99 0.259000    2.893 0.000   0.931 0.000   1.963 0.000 0.006 0.000 0.095 0.000
337.333333 338.333333    3.26 0.000  0.40 0.000000 9.999 0.259000 9.99 0.259000  0.028 0.000   0.761 0.000   1.066 0.000 999.99 0.259000    2.162 0.000   0.521 0.000   1.641 0.000 0.011 0.000 0.079 0.000
340.333333 341.333333    8.83 0.000  0.46 0.000000 9.999 0.259000 9.99 0.259000  0.147 0.000   0.671 0.000   0.939 0.000 999.99 0.259000    2.794 0.000   1.081 0.000   1.713 0.000 0.015 0.000 0.077 0.000
343.333333 344.333333    9.74 0.000  0.55 0.000000 9.999 0.259000 0.04 0.000000  0.484 0.000   0.725 0.000   1.016 0.000 999.99 0.259000    6.099 0.000   1.907 0.000   4.192 0.000 0.023 0.000 0.179 0.000
346.333333 347.333333   35.60 0.000  0.79 0.000000 9.999 0.259000 9.99 0.259000  0.034 0.000   0.571 0.000   0.799 0.000 999.99 0.259000    6.531 0.000   4.374 0.000   2.157 0.000 0.036 0.000 0.112 0.000
349.333333 350.333333    6.66 0.000  0.15 0.000000 0.013 0.000000 9.99 0.259000  0.026 0.000   0.220 0.000   0.307 0.000 999.99 0.259000    3.142 0.000   2.028 0.000   1.113 0.000 0.012 0.000 0.048 0.000
352.333333 353.333333    6.90 0.000  0.46 0.000000 9.999 0.259000 0.08 0.000000  0.078 0.000   0.371 0.000   0.519 0.000 999.99 0.259000    1.943 0.000   0.829 0.000   1.113 0.000 0.006 0.000 0.105 0.000
355.333333 356.333333    1.93 0.000  0.30 0.000000 9.999 0.259000 9.99 0.259000  0.051 0.000   0.428 0.000   0.600 0.000 999.99 0.259000    1.736 0.000   0.559 0.000   1.177 0.000 0.006 0.000 0.087 0.000
358.333333 359.333333    2.01 0.000  0.22 0.000000 9.999 0.259000 9.99 0.259000  0.009 0.000   0.264 0.000   0.369 0.000 999.99 0.259000    0.986 0.000   0.415 0.000   0.571 0.000 0.004 0.000 0.035 0.000
361.333333 362.333333   13.52 0.000  0.35 0.000000 9.999 0.259000 9.99 0.259000  0.020 0.000   0.380 0.000   0.532 0.000 999.99 0.259000    1.438 0.000   0.729 0.000   0.709 0.000 0.008 0.000 0.038 0.000
364.333333 365.333333    3.02 0.000  0.25 0.000000 0.014 0.000000 9.99 0.259000  0.023 0.000   0.224 0.000   0.313 0.000 999.99 0.259000    2.387 0.000   1.447 0.000   0.941 0.000 0.009 0.000 0.064 0.000
