scripts/IMPROVE-2019_partial/data/US0096R.20050101070000.20191216000000.filterpack..pm25.52w.1w.US03L_filterpack_US0096.US03L_IMPROVE_Davis.lev2.nas
66 1001
MISSING INFORMATION
US03L, IMPROVE, , , , , , , 
MISSING INFORMATION
IMPROVE sel_HTAP
1 1
2005 01 01 2019 12 16
3.000000
days from file reference point
27
1 1 1 1 1 1 1 1 1 1 1 1 1 1 1 1 1 1 1 1 1 1 1 1 1 1 1
999.999999 9999.99 9.999 999.99 9.999 9.999 9.999 99.99 9.999 99.999 9.999 99.999 9.999 99.999 9.999 999.99 9.999 999.999 9.999 999.999 9.999 999.999 9.999 9.999 9.999 9.999 9.999
end_time of measurement, days from the file reference point
iron, ng/m3, Revision date=20181210133000
numflag iron, no unit, Revision date=20181210133000
lead, ng/m3, Revision date=20181210133000
numflag lead, no unit, Revision date=20181210133000
magnesium, ug/m3, Revision date=20181210133000
numflag magnesium, no unit, Revision date=20181210133000
nickel, ng/m3, Revision date=20181210133000
numflag nickel, no unit, Revision date=20181210133000
nitrate, ug N/m3, Revision date=20181210133000
numflag nitrate, no unit, Revision date=20181210133000
organic_carbon, ug C/m3, Revision date=20181210133000
numflag organic_carbon, no unit, Revision date=20181210133000
organic_mass, ug/m3, Revision date=20181210133000
numflag organic_mass, no unit, Revision date=20181210133000
phosphorus, ng/m3, Revision date=20181210133000
numflag phosphorus, no unit, Revision date=20181210133000
pm10_mass, ug/m3, Version=2, Version description=Data extracted from http://views.cira.colostate.edu/fed/DataWizard 2019-12-16, Sample duration=1d, Orig. time res.=3d, Matrix=pm10, Blank correction=Blank corrected, Volume std. temperature=ambient, Volume std. pressure=ambient
numflag pm10_mass, no unit, Version=2, Version description=Data extracted from http://views.cira.colostate.edu/fed/DataWizard 2019-12-16, Sample duration=1d, Orig. time res.=3d, Matrix=pm10, Blank correction=Blank corrected, Volume std. temperature=ambient, Volume std. pressure=ambient
pm10_pm25_mass, ug/m3, Revision date=20181210133000, Matrix=pm10_pm25
numflag pm10_pm25_mass, no unit, Revision date=20181210133000, Matrix=pm10_pm25
pm25_mass, ug/m3, Version=2, Version description=Data extracted from http://views.cira.colostate.edu/fed/DataWizard 2019-12-16, Sample duration=1d, Orig. time res.=3d, Blank correction=Blank corrected, Volume std. temperature=ambient, Volume std. pressure=ambient
numflag pm25_mass, no unit, Version=2, Version description=Data extracted from http://views.cira.colostate.edu/fed/DataWizard 2019-12-16, Sample duration=1d, Orig. time res.=3d, Blank correction=Blank corrected, Volume std. temperature=ambient, Volume std. pressure=ambient
potassium, ug/m3, Revision date=20181210133000
numflag potassium, no unit, Revision date=20181210133000
sulphate_total, ug S/m3, Revision date=20181210133000
numflag sulphate_total, no unit, Revision date=20181210133000
0
25
Data definition:              EBAS_1.1
Set type code:                TU
Timezone:                     UTC
File name:                    US0096R.20050101070000.20191216000000.filterpack..pm25.52w.1w.US03L_filterpack_US0096.US03L_IMPROVE_Davis.lev2.nas
File creation:                20191218120155
Startdate:                    20050101070000
Revision date:                20191216000000
Statistics:                   arithmetic mean
Data level:                   2
Period code:                  52w
Resolution code:              1w
Station code:                 US0096R
Platform code:                US0096S
Station name:                 Queen Valley
Station latitude:             33.2939
Station longitude:            -111.2858
Station altitude:             661.0 m
Regime:                       IMG
Component:                    
Matrix:                       pm25
Laboratory code:              US03L
Instrument type:              filterpack
Instrument name:              filterpack_US0096
Method ref:                   US03L_IMPROVE_Davis
starttime endtime Fe flag_Fe Pb flag_Pb Mg++ flag_Mg++ Ni flag_Ni NO3- flag_NO3- OC flag_OC OM flag_OM P flag_P PM10 flag_PM10 PM10-PM2.5 flag_PM10-PM2.5 PM2.5 flag_PM2.5 K+ flag_K+ SO4-- flag_SO4--
  0.291667   1.291667 9999.99 0.999 999.99 0.999 9.999 0.999 99.99 0.999 99.999 0.999 99.999 0.999 99.999 0.999 999.99 0.999 999.999 0.999 999.999 0.999 999.999 0.999 9.999 0.999 9.999 0.999
  3.291667   4.291667 9999.99 0.999 999.99 0.999 9.999 0.999 99.99 0.999 99.999 0.999 99.999 0.999 99.999 0.999 999.99 0.999 999.999 0.999 999.999 0.999 999.999 0.999 9.999 0.999 9.999 0.999
  6.291667   7.291667 9999.99 0.999 999.99 0.999 9.999 0.999 99.99 0.999 99.999 0.999 99.999 0.999 99.999 0.999 999.99 0.999 999.999 0.999 999.999 0.999 999.999 0.999 9.999 0.999 9.999 0.999
  9.291667  10.291667 9999.99 0.999 999.99 0.999 9.999 0.999 99.99 0.999 99.999 0.999 99.999 0.999 99.999 0.999 999.99 0.999 999.999 0.999 999.999 0.999 999.999 0.999 9.999 0.999 9.999 0.999
 12.291667  13.291667 9999.99 0.999 999.99 0.999 9.999 0.999 99.99 0.999 99.999 0.999 99.999 0.999 99.999 0.999 999.99 0.999 999.999 0.999 999.999 0.999 999.999 0.999 9.999 0.999 9.999 0.999
 15.291667  16.291667 9999.99 0.999 999.99 0.999 9.999 0.999 99.99 0.999 99.999 0.999 99.999 0.999 99.999 0.999 999.99 0.999 999.999 0.999 999.999 0.999 999.999 0.999 9.999 0.999 9.999 0.999
 18.291667  19.291667   29.10 0.000   1.73 0.000 9.999 0.259  0.18 0.000  0.018 0.000  0.481 0.000  0.867 0.000 999.99 0.259   4.862 0.000   2.239 0.000   2.624 0.000 0.035 0.000 0.207 0.000
 21.291667  22.291667   29.58 0.000   2.93 0.000 9.999 0.259  0.23 0.000  0.134 0.000  1.052 0.000  1.893 0.000 999.99 0.259   8.786 0.000   4.163 0.000   4.622 0.000 0.051 0.000 0.468 0.000
 24.291667  25.291667   14.70 0.000   5.55 0.000 9.999 0.259  0.20 0.000  0.020 0.000  0.536 0.000  0.966 0.000 999.99 0.259   5.196 0.000   2.253 0.000   2.977 0.000 0.021 0.000 0.338 0.000
 27.291667  28.291667   10.31 0.000   0.93 0.000 9.999 0.259  0.13 0.000  0.068 0.000 99.999 0.899 99.999 0.899 999.99 0.259   4.430 0.000   2.122 0.000   2.308 0.000 0.014 0.000 0.263 0.000
 30.291667  31.291667   10.84 0.000   1.09 0.000 9.999 0.259 99.99 0.259  0.320 0.000  0.657 0.000  1.182 0.000 999.99 0.259   3.762 0.000   0.294 0.000   3.467 0.000 0.009 0.000 0.264 0.000
 33.291667  34.291667   16.16 0.000   0.78 0.000 9.999 0.259  0.11 0.000  0.035 0.000  0.363 0.000  0.653 0.000 999.99 0.259   7.229 0.000   4.958 0.000   2.270 0.000 0.013 0.000 0.276 0.000
 36.291667  37.291667   21.82 0.000   1.21 0.000 0.007 0.000  0.26 0.000  0.142 0.000  0.763 0.000  1.373 0.000 999.99 0.259   7.081 0.000   3.553 0.000   3.530 0.000 0.022 0.000 0.356 0.000
 39.291667  40.291667   13.60 0.000   2.58 0.000 0.005 0.000 99.99 0.259  0.042 0.000  0.402 0.000  0.724 0.000 999.99 0.259   3.933 0.000   1.843 0.000   2.090 0.000 0.017 0.000 0.189 0.000
 42.291667  43.291667    6.18 0.000   0.36 0.000 9.999 0.259 99.99 0.259  0.058 0.000  0.536 0.000  0.966 0.000 999.99 0.259   1.800 0.000   0.567 0.000   1.232 0.000 0.007 0.000 0.087 0.000
 45.291667  46.291667   22.54 0.000   1.53 0.000 9.999 0.259  0.11 0.000  0.077 0.000  0.769 0.000  1.384 0.000 999.99 0.259   5.481 0.000   3.004 0.000   2.535 0.000 0.011 0.000 0.148 0.000
 48.291667  49.291667    7.67 0.000   0.69 0.000 9.999 0.259 99.99 0.259  0.101 0.000  0.559 0.000  1.006 0.000 999.99 0.259   3.083 0.000   0.807 0.000   2.276 0.000 0.012 0.000 0.185 0.000
 51.291667  52.291667    9.47 0.000   0.51 0.000 9.999 0.259 99.99 0.259  0.046 0.000  0.354 0.000  0.636 0.000 999.99 0.259   3.213 0.000   1.689 0.000   1.524 0.000 0.013 0.000 0.097 0.000
 54.291667  55.291667   12.12 0.000   0.69 0.000 9.999 0.259 99.99 0.259  0.249 0.000  0.615 0.000  1.107 0.000 999.99 0.259   3.648 0.000   1.981 0.000   1.667 0.000 0.010 0.000 0.106 0.000
 57.291667  58.291667   20.00 0.000   1.75 0.000 9.999 0.259 99.99 0.259  0.231 0.000  0.843 0.000  1.517 0.000 999.99 0.259   5.393 0.000   2.610 0.000   2.783 0.000 0.014 0.000 0.212 0.000
 60.291667  61.291667   48.97 0.000   2.91 0.000 9.999 0.259  0.27 0.000  0.619 0.000  1.075 0.000  1.935 0.000 999.99 0.259  11.728 0.000   6.432 0.000   5.296 0.000 0.028 0.000 0.456 0.000
 63.291667  64.291667   12.67 0.000   1.25 0.000 9.999 0.259 99.99 0.259  0.025 0.000  0.353 0.000  0.636 0.000 999.99 0.259   2.281 0.000   0.843 0.000   1.438 0.000 0.012 0.000 0.137 0.000
 66.291667  67.291667   41.89 0.000   2.92 0.000 9.999 0.259  0.19 0.000  1.279 0.000  1.092 0.000  1.966 0.000 999.99 0.259  12.133 0.000   4.972 0.000   7.184 0.000 0.020 0.000 0.281 0.000
 69.291667  70.291667   45.61 0.000   2.15 0.000 9.999 0.259 99.99 0.259  0.018 0.000  0.818 0.000  1.472 0.000 999.99 0.259   8.318 0.000   5.083 0.000   3.234 0.000 0.043 0.000 0.178 0.000
 72.291667  73.291667   43.60 0.000   1.42 0.000 9.999 0.259  0.25 0.000  0.077 0.000  0.497 0.000  0.894 0.000 999.99 0.259   9.629 0.000   6.130 0.000   3.499 0.000 0.040 0.000 0.295 0.000
 75.291667  76.291667   93.25 0.000   3.28 0.000 9.999 0.259 99.99 0.259  0.131 0.000  0.796 0.000  1.433 0.000 999.99 0.259  14.087 0.000  10.193 0.000   3.894 0.000 0.053 0.000 0.284 0.000
 78.291667  79.291667   26.54 0.000   1.89 0.000 0.017 0.000 99.99 0.259  0.109 0.000  0.729 0.000  1.313 0.000 999.99 0.259   7.626 0.000   4.715 0.000   2.910 0.000 0.028 0.000 0.223 0.000
 81.291667  82.291667   63.07 0.000   1.16 0.000 0.021 0.000  0.18 0.000  0.064 0.000  0.518 0.000  0.932 0.000 999.99 0.259  13.879 0.000  11.079 0.000   2.799 0.000 0.043 0.000 0.126 0.000
 84.291667  85.291667   25.44 0.000   1.19 0.000 9.999 0.259 99.99 0.259  0.020 0.000  0.446 0.000  0.803 0.000 999.99 0.259   6.079 0.000   4.581 0.000   1.498 0.000 0.019 0.000 0.119 0.000
 87.291667  88.291667  113.63 0.000   0.97 0.000 9.999 0.259  0.13 0.000  0.087 0.000  0.535 0.000  0.964 0.000 999.99 0.259  22.478 0.000  18.714 0.000   4.038 0.000 0.072 0.000 0.209 0.000
 90.291667  91.291667   48.13 0.000   2.25 0.000 9.999 0.259 99.99 0.259  0.013 0.000  0.246 0.000  0.443 0.000 999.99 0.259  11.150 0.000   9.118 0.000   2.032 0.000 0.029 0.000 0.163 0.000
 93.291667  94.291667  126.45 0.000   1.40 0.000 0.035 0.000  0.18 0.000  0.052 0.000  0.701 0.000  1.262 0.000 999.99 0.259  24.590 0.000  19.665 0.000   4.926 0.000 0.084 0.000 0.324 0.000
 96.291667  97.291667  125.14 0.000   1.95 0.000 0.031 0.000  0.09 0.000  0.034 0.000  0.743 0.000  1.337 0.000 999.99 0.259  18.221 0.000  12.795 0.000   5.425 0.000 0.086 0.000 0.311 0.000
 99.291667 100.291667   66.13 0.000   1.11 0.000 9.999 0.259 99.99 0.259  0.066 0.000  0.687 0.000  1.236 0.000 999.99 0.259  11.498 0.000   8.851 0.000   2.647 0.000 0.044 0.000 0.134 0.000
102.291667 103.291667  183.73 0.000   4.97 0.000 9.999 0.259 99.99 0.259  0.054 0.000  1.029 0.000  1.852 0.000 999.99 0.259  18.702 0.000  11.741 0.000   6.960 0.000 0.110 0.000 0.359 0.000
105.291667 106.291667  275.32 0.000   5.42 0.000 0.090 0.000  0.11 0.000  0.102 0.000  1.415 0.000  2.546 0.000 999.99 0.259  24.536 0.000  13.849 0.000  10.687 0.000 0.196 0.000 0.717 0.000
108.291667 109.291667  159.06 0.000   2.58 0.000 0.062 0.000  0.16 0.000  0.127 0.000  0.600 0.000  1.080 0.000 999.99 0.259  19.862 0.000  13.119 0.000   6.933 0.000 0.115 0.000 0.521 0.000
111.291667 112.291667  176.23 0.000   2.19 0.000 0.057 0.000 99.99 0.259  0.123 0.000  1.376 0.000  2.477 0.000 999.99 0.259  24.451 0.000  17.530 0.000   6.921 0.000 0.111 0.000 0.320 0.000
114.291667 115.291667   50.28 0.000   1.19 0.000 0.016 0.000 99.99 0.259  0.075 0.000  0.594 0.000  1.068 0.000 999.99 0.259  10.204 0.000   7.392 0.000   2.812 0.000 0.034 0.000 0.198 0.000
117.291667 118.291667  104.73 0.000   1.71 0.000 0.038 0.000 99.99 0.259  0.075 0.000  0.491 0.000  0.884 0.000 999.99 0.259  13.934 0.000   9.094 0.000   4.840 0.000 0.073 0.000 0.398 0.000
120.291667 121.291667   52.45 0.000   1.53 0.000 0.011 0.000 99.99 0.259  0.049 0.000  0.661 0.000  1.190 0.000 999.99 0.259  10.574 0.000   7.314 0.000   3.259 0.000 0.038 0.000 0.224 0.000
123.291667 124.291667  129.29 0.000   2.81 0.000 9.999 0.259  0.11 0.000  0.051 0.000  0.846 0.000  1.523 0.000 999.99 0.259  15.721 0.000   9.368 0.000   6.352 0.000 0.081 0.000 0.568 0.000
126.291667 127.291667   86.01 0.000   2.16 0.000 9.999 0.259 99.99 0.259  0.064 0.000  0.442 0.000  0.795 0.000 999.99 0.259  13.350 0.000   9.159 0.000   4.192 0.000 0.058 0.000 0.406 0.000
129.291667 130.291667  168.55 0.000   1.61 0.000 9.999 0.259 99.99 0.259  0.073 0.000  0.418 0.000  0.753 0.000 999.99 0.259  16.503 0.000  11.270 0.000   5.388 0.000 0.110 0.000 0.333 0.000
132.291667 133.291667  132.51 0.000   1.46 0.000 0.012 0.000 99.99 0.259  0.032 0.000  0.764 0.000  1.374 0.000 999.99 0.259  14.252 0.000   9.703 0.000   4.550 0.000 0.082 0.000 0.235 0.000
135.291667 136.291667  149.84 0.000   2.05 0.000 0.050 0.000 99.99 0.259  0.061 0.000  1.017 0.000  1.831 0.000 999.99 0.259  19.396 0.000  12.841 0.000   6.555 0.000 0.128 0.000 0.435 0.000
138.291667 139.291667  204.56 0.000   2.37 0.000 0.038 0.000  0.24 0.000  0.126 0.000  1.433 0.000  2.580 0.000 999.99 0.259  36.742 0.000  27.426 0.000   9.315 0.000 0.142 0.000 0.528 0.000
141.291667 142.291667  143.54 0.000   1.75 0.000 0.037 0.000  1.83 0.000  0.081 0.000  2.397 0.000  4.315 0.000 999.99 0.259  20.109 0.000  11.064 0.000   8.925 0.000 0.142 0.000 0.418 0.000
144.291667 145.291667  117.26 0.000   1.09 0.000 0.036 0.000  0.50 0.000  0.146 0.000  1.129 0.000  2.033 0.000 999.99 0.259  21.422 0.000  13.320 0.000   7.959 0.000 0.151 0.000 0.504 0.000
147.291667 148.291667   43.37 0.000   2.22 0.000 9.999 0.259 99.99 0.259  0.044 0.000  0.966 0.000  1.738 0.000 999.99 0.259  11.118 0.000   5.982 0.000   5.071 0.000 0.054 0.000 0.509 0.000
150.291667 151.291667   99.73 0.000   0.96 0.000 0.029 0.000 99.99 0.259  0.082 0.000  0.996 0.000  1.793 0.000 999.99 0.259  17.775 0.000  12.014 0.000   5.863 0.000 0.090 0.000 0.442 0.000
153.291667 154.291667   72.52 0.000   0.88 0.000 0.020 0.000  0.26 0.000  0.091 0.000  0.571 0.000  1.029 0.000 999.99 0.259  15.920 0.000  10.738 0.000   5.067 0.000 0.064 0.000 0.413 0.000
156.291667 157.291667   76.28 0.000   1.01 0.000 0.026 0.000  0.21 0.000  0.087 0.000  0.546 0.000  0.983 0.000 999.99 0.259  15.873 0.000  10.618 0.000   5.254 0.000 0.071 0.000 0.475 0.000
159.291667 160.291667 9999.99 0.456 999.99 0.456 9.999 0.456 99.99 0.456  0.109 0.559 99.999 0.456 99.999 0.456 999.99 0.456  18.070 0.000 999.999 0.456 999.999 0.456 9.999 0.456 0.340 0.559
162.291667 163.291667 9999.99 0.456 999.99 0.456 9.999 0.456 99.99 0.456  0.090 0.000 99.999 0.456 99.999 0.456 999.99 0.456  16.221 0.000 999.999 0.456 999.999 0.456 9.999 0.456 0.322 0.000
165.291667 166.291667 9999.99 0.456 999.99 0.456 9.999 0.456 99.99 0.456  0.085 0.000 99.999 0.456 99.999 0.456 999.99 0.456  22.740 0.000 999.999 0.456 999.999 0.456 9.999 0.456 0.731 0.000
168.291667 169.291667 9999.99 0.456 999.99 0.456 9.999 0.456 99.99 0.456  0.050 0.000 99.999 0.456 99.999 0.456 999.99 0.456  15.171 0.000 999.999 0.456 999.999 0.456 9.999 0.456 0.405 0.000
171.291667 172.291667 9999.99 0.456 999.99 0.456 9.999 0.456 99.99 0.456  0.044 0.559 99.999 0.456 99.999 0.456 999.99 0.456  27.359 0.000 999.999 0.456 999.999 0.456 9.999 0.456 0.883 0.559
174.291667 175.291667  116.36 0.000   1.53 0.000 0.020 0.000  0.26 0.000  0.066 0.000  2.226 0.000  4.007 0.000 999.99 0.259  20.363 0.000   9.717 0.000  10.540 0.000 0.188 0.000 0.744 0.000
177.291667 178.291667   57.47 0.000   0.87 0.000 9.999 0.259  0.08 0.000  0.024 0.559  0.558 0.000  1.004 0.000 999.99 0.259  12.948 0.000   8.259 0.000   4.600 0.000 0.055 0.000 0.490 0.559
180.291667 181.291667  108.00 0.000   1.94 0.000 9.999 0.259  0.15 0.000  0.061 0.000  1.677 0.000  3.018 0.000 999.99 0.259  17.661 0.000   9.982 0.000   7.572 0.000 0.297 0.000 0.423 0.000
183.291667 184.291667   61.59 0.000   0.88 0.000 0.026 0.000  0.15 0.000  0.060 0.559  1.394 0.000  2.509 0.000 999.99 0.259  19.244 0.000  11.521 0.000   7.599 0.000 0.688 0.000 0.448 0.559
186.291667 187.291667   98.75 0.000   0.58 0.000 0.025 0.000  0.12 0.000  0.033 0.559  0.824 0.000  1.483 0.000 999.99 0.259  17.825 0.000  11.655 0.000   6.046 0.000 0.156 0.000 0.418 0.559
189.291667 190.291667   77.65 0.000   0.78 0.000 9.999 0.259  0.13 0.000  0.048 0.559  0.743 0.000  1.338 0.000 999.99 0.259  15.220 0.000   9.794 0.000   5.321 0.000 0.115 0.000 0.417 0.559
192.291667 193.291667  110.72 0.000   1.22 0.000 0.029 0.000  0.12 0.000  0.040 0.559  0.743 0.000  1.337 0.000 999.99 0.259  19.125 0.000  14.276 0.000   5.003 0.000 0.085 0.000 0.293 0.559
195.291667 196.291667  151.26 0.000   0.87 0.000 0.033 0.000  0.38 0.000  0.084 0.559  1.066 0.000  1.919 0.000 999.99 0.259  29.166 0.000  19.711 0.000   9.244 0.000 0.156 0.000 0.704 0.559
198.291667 199.291667  122.86 0.000   1.38 0.000 9.999 0.259  0.09 0.000  0.055 0.559  2.392 0.000  4.306 0.000 999.99 0.259  31.948 0.000  21.887 0.000  10.050 0.000 0.223 0.000 0.599 0.559
201.291667 202.291667  160.15 0.000   1.31 0.000 0.026 0.000  0.11 0.000  0.062 0.559  2.955 0.000  5.319 0.000 999.99 0.259  32.276 0.000  20.884 0.000  11.168 0.000 0.212 0.000 0.568 0.559
204.291667 205.291667   37.31 0.000   0.51 0.000 9.999 0.259 99.99 0.259  0.046 0.559  1.224 0.000  2.203 0.000 999.99 0.259  11.462 0.000   7.125 0.000   4.260 0.000 0.033 0.000 0.248 0.559
207.291667 208.291667   26.40 0.000   0.73 0.000 9.999 0.259 99.99 0.259  0.026 0.559  0.739 0.559  1.330 0.559 999.99 0.259  10.709 0.000   7.456 0.000   3.250 0.000 0.033 0.000 0.235 0.559
210.291667 211.291667   47.87 0.000   0.81 0.000 0.008 0.000 99.99 0.259  0.017 0.000  0.549 0.559  0.988 0.559 999.99 0.259   6.131 0.000   3.147 0.000   2.950 0.000 0.027 0.000 0.283 0.000
213.291667 214.291667   94.53 0.000   0.72 0.000 9.999 0.259  0.08 0.000  0.036 0.559  0.850 0.559  1.531 0.559 999.99 0.259  13.297 0.000   8.656 0.000   4.548 0.000 0.054 0.000 0.351 0.559
216.291667 217.291667   79.02 0.000   0.89 0.000 9.999 0.259  0.07 0.000  0.023 0.559  0.591 0.559  1.063 0.559 999.99 0.259  10.873 0.000   5.656 0.000   5.156 0.000 0.043 0.000 0.559 0.559
219.291667 220.291667   74.17 0.000   0.81 0.000 9.999 0.259  0.10 0.000  0.090 0.559  0.955 0.000  1.718 0.000 999.99 0.259  10.835 0.000   5.779 0.000   4.994 0.000 0.046 0.000 0.479 0.559
222.291667 223.291667   39.16 0.000   0.84 0.000 9.999 0.259  0.33 0.000  0.075 0.000  1.169 0.000  2.104 0.000 999.99 0.259  12.378 0.000   6.423 0.000   5.885 0.000 0.034 0.000 0.824 0.000
225.291667 226.291667   36.59 0.000   1.51 0.000 0.011 0.000  0.17 0.000  0.037 0.000  0.489 0.000  0.880 0.000 999.99 0.259   7.741 0.000   3.843 0.000   3.856 0.000 0.027 0.000 0.481 0.000
228.291667 229.291667   71.41 0.000   1.57 0.000 9.999 0.259  0.28 0.000  0.052 0.559  0.604 0.559  1.087 0.559 999.99 0.259  14.315 0.000   8.551 0.000   5.672 0.000 0.045 0.000 0.626 0.559
231.291667 232.291667   22.40 0.000   0.81 0.000 9.999 0.259  0.12 0.000  0.018 0.559  0.270 0.559  0.486 0.559 999.99 0.259   5.965 0.000   3.538 0.000   2.389 0.000 0.060 0.000 0.273 0.559
234.291667 235.291667   27.50 0.000   1.54 0.000 9.999 0.259  0.13 0.000  0.018 0.000  0.569 0.000  1.024 0.000 999.99 0.259   7.310 0.000   3.771 0.000   3.557 0.000 0.029 0.000 0.410 0.000
237.291667 238.291667   72.11 0.000   1.20 0.000 9.999 0.259  0.13 0.000  0.044 0.559  0.648 0.000  1.166 0.000 999.99 0.259  15.633 0.000  10.354 0.000   5.168 0.000 0.042 0.000 0.445 0.559
240.291667 241.291667   63.48 0.000   0.90 0.000 9.999 0.259 99.99 0.259  0.028 0.000  0.860 0.000  1.548 0.000 999.99 0.259  15.636 0.000  10.644 0.000   4.878 0.000 0.046 0.000 0.349 0.000
243.291667 244.291667  182.65 0.000   2.10 0.000 0.038 0.000  0.21 0.000  0.056 0.559  0.675 0.000  1.216 0.000 999.99 0.259  31.277 0.000  23.877 0.000   7.146 0.000 0.135 0.000 0.419 0.559
246.291667 247.291667   38.20 0.000   2.27 0.000 0.006 0.000 99.99 0.259  0.018 0.559  1.089 0.000  1.960 0.000 999.99 0.259  13.604 0.000   6.736 0.000   6.795 0.000 0.035 0.000 0.879 0.559
