scripts/IMPROVE-2019_partial/data/US0061R.20000101050000.20191216000000.filterpack..pm25.52w.1w.US03L_filterpack_US0061.US03L_IMPROVE_Davis.lev2.nas
64 1001
MISSING INFORMATION
US03L, IMPROVE, , , , , , , 
MISSING INFORMATION
IMPROVE sel_HTAP
1 1
2000 01 01 2019 12 16
0
days from file reference point
25
1 1 1 1 1 1 1 1 1 1 1 1 1 1 1 1 1 1 1 1 1 1 1 1 1
999.999999 9999.99 9.999 99.99 9.999 9.999 9.999999 99.99 9.999 99.999 9.999 99.999 9.999 99.999 9.999 999.999 9.999 999.999 9.999 999.999 9.999 9.999 9.999 99.999 9.999
end_time of measurement, days from the file reference point
iron, ng/m3, Revision date=20181210133000
numflag iron, no unit, Revision date=20181210133000
lead, ng/m3, Revision date=20181210133000
numflag lead, no unit, Revision date=20181210133000
magnesium, ug/m3, Revision date=20181210133000
numflag magnesium, no unit, Revision date=20181210133000
nickel, ng/m3, Revision date=20181210133000
numflag nickel, no unit, Revision date=20181210133000
nitrate, ug N/m3, Revision date=20181210133000
numflag nitrate, no unit, Revision date=20181210133000
organic_carbon, ug C/m3, Revision date=20181210133000
numflag organic_carbon, no unit, Revision date=20181210133000
organic_mass, ug/m3, Revision date=20181210133000
numflag organic_mass, no unit, Revision date=20181210133000
pm10_mass, ug/m3, Version=2, Version description=Data extracted from http://views.cira.colostate.edu/fed/DataWizard 2019-12-16, Sample duration=1d, Orig. time res.=3d, Matrix=pm10, Blank correction=Blank corrected, Volume std. temperature=ambient, Volume std. pressure=ambient
numflag pm10_mass, no unit, Version=2, Version description=Data extracted from http://views.cira.colostate.edu/fed/DataWizard 2019-12-16, Sample duration=1d, Orig. time res.=3d, Matrix=pm10, Blank correction=Blank corrected, Volume std. temperature=ambient, Volume std. pressure=ambient
pm10_pm25_mass, ug/m3, Revision date=20181210133000, Matrix=pm10_pm25
numflag pm10_pm25_mass, no unit, Revision date=20181210133000, Matrix=pm10_pm25
pm25_mass, ug/m3, Version=2, Version description=Data extracted from http://views.cira.colostate.edu/fed/DataWizard 2019-12-16, Sample duration=1d, Orig. time res.=3d, Blank correction=Blank corrected, Volume std. temperature=ambient, Volume std. pressure=ambient
numflag pm25_mass, no unit, Version=2, Version description=Data extracted from http://views.cira.colostate.edu/fed/DataWizard 2019-12-16, Sample duration=1d, Orig. time res.=3d, Blank correction=Blank corrected, Volume std. temperature=ambient, Volume std. pressure=ambient
potassium, ug/m3, Revision date=20181210133000
numflag potassium, no unit, Revision date=20181210133000
sulphate_total, ug S/m3, Revision date=20181210133000
numflag sulphate_total, no unit, Revision date=20181210133000
0
25
Data definition:              EBAS_1.1
Set type code:                TI
Timezone:                     UTC
File name:                    US0061R.20000101050000.20191216000000.filterpack..pm25.52w.1w.US03L_filterpack_US0061.US03L_IMPROVE_Davis.lev2.nas
File creation:                20191218115917
Startdate:                    20000101050000
Revision date:                20191216000000
Statistics:                   arithmetic mean
Data level:                   2
Period code:                  52w
Resolution code:              1w
Station code:                 US0061R
Platform code:                US0061S
Station name:                 Brigantine NWR
Station latitude:             39.465
Station longitude:            -74.4492
Station altitude:             5.0 m
Regime:                       IMG
Component:                    
Matrix:                       pm25
Laboratory code:              US03L
Instrument type:              filterpack
Instrument name:              filterpack_US0061
Method ref:                   US03L_IMPROVE_Davis
starttime endtime Fe flag_Fe Pb flag_Pb Mg++ flag_Mg++ Ni flag_Ni NO3- flag_NO3- OC flag_OC OM flag_OM PM10 flag_PM10 PM10-PM2.5 flag_PM10-PM2.5 PM2.5 flag_PM2.5 K+ flag_K+ SO4-- flag_SO4--
  0.208333   1.208333   32.80 0.000  6.46 0.000 9.999 0.259000  0.92 0.000  0.377 0.559  3.406 0.000  4.769 0.000  17.546 0.000   4.404 0.000  13.142 0.000 0.180 0.000  1.079 0.559
  4.208333   5.208333   23.38 0.000  3.08 0.000 0.008 0.000000 99.99 0.259 99.999 0.699  0.735 0.000  1.029 0.000   5.998 0.000   1.068 0.000   4.929 0.000 0.019 0.000 99.999 0.699
  7.208333   8.208333   40.95 0.000  4.65 0.000 9.999 0.259000  0.51 0.000  0.614 0.699  1.651 0.000  2.312 0.000  12.891 0.000   1.898 0.000  10.993 0.000 0.047 0.000  0.876 0.699
 11.208333  12.208333   44.62 0.000  4.19 0.000 9.999 0.259000 99.99 0.259  0.272 0.699  1.101 0.000  1.541 0.000  11.875 0.000   4.365 0.000   7.510 0.000 0.045 0.000  0.843 0.699
 14.208333  15.208333   20.20 0.000  2.32 0.000 9.999 0.259000  1.45 0.000  0.157 0.699  1.167 0.000  1.634 0.000   8.911 0.000   3.977 0.000   4.933 0.000 0.034 0.000  0.405 0.699
 18.208333  19.208333   83.72 0.559  8.74 0.559 9.999 0.559259  2.90 0.559 99.999 0.699  3.688 0.000  5.163 0.000  20.669 0.000   6.030 0.000  14.639 0.559 0.096 0.559 99.999 0.699
 21.208333  22.208333   40.89 0.000  6.50 0.000 9.999 0.259000  2.15 0.000  0.628 0.699  2.247 0.000  3.145 0.000  17.785 0.000   5.696 0.000  12.088 0.000 0.070 0.000  0.783 0.699
 25.208333  26.208333 9999.99 0.999 99.99 0.999 9.999 0.999000 99.99 0.999 99.999 0.999 99.999 0.999 99.999 0.999 999.999 0.999 999.999 0.999 999.999 0.999 9.999 0.999 99.999 0.999
 28.208333  29.208333 9999.99 0.999 99.99 0.999 9.999 0.999000 99.99 0.999 99.999 0.999 99.999 0.999 99.999 0.999 999.999 0.999 999.999 0.999 999.999 0.999 9.999 0.999 99.999 0.999
 32.208333  33.208333   29.21 0.000  2.61 0.000 9.999 0.259000  1.11 0.000  0.230 0.559  0.647 0.000  0.905 0.000   9.706 0.000   5.216 0.000   4.490 0.000 0.028 0.000  0.468 0.559
 35.208333  36.208333   68.54 0.559  9.72 0.559 9.999 0.559259  2.34 0.559  1.016 0.699  2.847 0.000  3.986 0.000  29.786 0.000   9.637 0.000  20.149 0.559 0.070 0.559  1.913 0.699
 39.208333  40.208333   31.21 0.000  2.16 0.000 9.999 0.259000  1.30 0.000  0.401 0.559  2.142 0.000  2.999 0.000  19.476 0.000   7.210 0.000  12.266 0.000 0.051 0.000  1.153 0.559
 42.208333  43.208333   17.83 0.000  1.63 0.000 9.999 0.259000  1.33 0.000  0.123 0.559  1.172 0.000  1.641 0.000   9.978 0.000   3.290 0.000   6.687 0.000 0.031 0.000  0.634 0.559
 46.208333  47.208333   45.95 0.000  3.30 0.000 9.999 0.259000 99.99 0.259  0.493 0.699  1.847 0.000  2.586 0.000  22.806 0.000   5.574 0.000  17.233 0.000 0.059 0.000  2.075 0.699
 49.208333  50.208333   23.97 0.000  3.98 0.000 9.999 0.259000  2.01 0.000  0.102 0.559  1.822 0.000  2.550 0.000  25.095 0.000  15.174 0.000   9.921 0.000 0.035 0.000  1.606 0.559
 53.208333  54.208333   35.10 0.000  1.86 0.000 9.999 0.259000  1.77 0.000  0.446 0.559  1.836 0.000  2.571 0.000  20.290 0.000   7.421 0.000  12.870 0.000 0.034 0.000  1.512 0.559
 56.208333  57.208333    7.19 0.000  0.97 0.000 9.999 0.259000  1.24 0.000  0.098 0.559  0.666 0.000  0.932 0.000  14.204 0.000   6.492 0.000   7.713 0.000 0.020 0.000  1.362 0.559
 60.208333  61.208333   49.33 0.000  3.20 0.000 9.999 0.259000 99.99 0.259  0.277 0.559  1.680 0.000  2.352 0.000  18.703 0.000  11.758 0.000   6.944 0.000 0.054 0.000  0.576 0.559
 63.208333  64.208333   36.55 0.000  4.04 0.000 9.999 0.259000 99.99 0.259  0.190 0.559  1.156 0.000  1.619 0.000  12.863 0.000   7.647 0.000   5.216 0.000 0.035 0.000  0.394 0.559
 67.208333  68.208333   86.98 0.000  7.32 0.000 9.999 0.259000  1.73 0.000  0.415 0.559  3.973 0.000  5.562 0.000  29.751 0.000  12.357 0.000  17.393 0.000 0.109 0.000  1.497 0.559
 70.208333  71.208333   16.88 0.000  0.54 0.000 9.999 0.259000  1.05 0.000  0.247 0.559  2.105 0.000  2.947 0.000  23.707 0.000  12.294 0.000  11.413 0.000 0.071 0.000  1.469 0.559
 74.208333  75.208333   30.29 0.000  1.19 0.000 9.999 0.259000  1.99 0.000  0.234 0.699  1.044 0.000  1.461 0.000  16.001 0.000   8.477 0.000   7.523 0.000 0.044 0.000  0.994 0.699
 77.208333  78.208333   14.84 0.000  1.16 0.000 0.066 0.000000 99.99 0.259  0.112 0.559  0.669 0.000  0.937 0.000  13.645 0.000   9.382 0.000   4.264 0.000 0.030 0.000  0.460 0.559
 81.208333  82.208333    6.69 0.000  0.43 0.000 9.999 0.259000  0.92 0.000  0.112 0.000  0.279 0.000  0.391 0.000  26.541 0.000  19.921 0.000   6.620 0.000 0.038 0.000  0.713 0.000
 84.208333  85.208333   44.36 0.000  2.79 0.000 9.999 0.259000  3.07 0.000  0.390 0.559  1.903 0.000  2.665 0.000  33.079 0.000  18.705 0.000  14.373 0.000 0.065 0.000  1.848 0.559
 88.208333  89.208333   38.22 0.000  2.16 0.000 9.999 0.259000  0.13 0.000  0.109 0.000  0.821 0.000  1.149 0.000  22.491 0.000  13.778 0.000   8.713 0.000 0.026 0.000  1.389 0.000
 91.208333  92.208333   43.73 0.000  2.73 0.000 9.999 0.259000 99.99 0.259  0.210 0.000  3.187 0.000  4.461 0.000  31.960 0.000  22.949 0.000   9.012 0.000 0.036 0.000  1.087 0.000
 95.208333  96.208333   32.47 0.000  1.81 0.000 9.999 0.259000 99.99 0.259  0.104 0.000  0.803 0.000  1.124 0.000  15.441 0.000   9.254 0.000   6.187 0.000 0.020 0.000  0.787 0.000
 98.208333  99.208333   65.24 0.000  1.02 0.000 9.999 0.259000 99.99 0.259  0.260 0.000  2.380 0.000  3.332 0.000  41.548 0.000  25.123 0.000  16.426 0.000 0.130 0.000  1.180 0.000
102.208333 103.208333   37.05 0.000  2.57 0.000 9.999 0.259000 99.99 0.259  0.214 0.000  1.129 0.000  1.581 0.000  16.949 0.000   9.045 0.000   7.904 0.000 0.050 0.000  1.099 0.000
105.208333 106.208333   27.12 0.000  1.58 0.000 9.999 0.259000 99.99 0.259  0.103 0.000  0.515 0.000  0.722 0.000  13.566 0.000   9.214 0.000   4.352 0.000 0.036 0.000  0.522 0.000
109.208333 110.208333   14.56 0.559  0.82 0.559 9.999 0.559259  0.99 0.559  0.055 0.000  0.401 0.000  0.561 0.000  12.853 0.000   8.895 0.000   3.958 0.559 0.015 0.559  0.520 0.000
112.208333 113.208333   13.23 0.559  2.04 0.559 0.012 0.559000  0.53 0.559  0.064 0.000  0.745 0.000  1.042 0.000  10.589 0.000   5.763 0.000   4.826 0.559 0.016 0.559  0.647 0.000
116.208333 117.208333   11.44 0.000 99.99 0.259 9.999 0.259000 99.99 0.259  0.093 0.000  0.381 0.000  0.534 0.000  12.029 0.000   8.230 0.000   3.799 0.000 0.024 0.000  0.533 0.000
119.208333 120.208333   52.18 0.000  2.73 0.000 9.999 0.259000  2.50 0.000  0.163 0.000  2.069 0.000  2.897 0.000  24.818 0.000  13.349 0.000  11.469 0.000 0.032 0.000  1.682 0.000
123.208333 124.208333   51.24 0.000  2.28 0.000 9.999 0.259000  1.66 0.000  0.085 0.000  1.770 0.000  2.477 0.000  27.703 0.000  17.627 0.000  10.076 0.000 0.038 0.000  1.422 0.000
126.208333 127.208333   90.04 0.000  2.96 0.000 9.999 0.259000 99.99 0.259  0.096 0.000  3.763 0.000  5.269 0.000  50.888 0.000  23.173 0.000  27.715 0.000 0.097 0.000  4.300 0.000
130.208333 131.208333   70.97 0.000  0.84 0.000 9.999 0.259000  1.28 0.000  0.268 0.000  2.487 0.000  3.482 0.000  26.732 0.000  11.399 0.000  15.333 0.000 0.102 0.000  1.548 0.000
133.208333 134.208333   43.94 0.000  1.04 0.000 9.999 0.259000  2.66 0.000  0.087 0.000  1.916 0.000  2.682 0.000  23.993 0.000   8.993 0.000  15.000 0.000 0.052 0.000  2.335 0.000
137.208333 138.208333   48.28 0.000  2.04 0.000 0.043 0.000000  0.50 0.000  0.122 0.000  1.340 0.000  1.875 0.000  32.855 0.000  20.181 0.000  12.674 0.000 0.048 0.000  1.925 0.000
140.208333 141.208333   15.04 0.000 99.99 0.259 9.999 0.259000  0.30 0.000  0.112 0.000  1.003 0.000  1.405 0.000  12.799 0.000   7.056 0.000   5.743 0.000 0.040 0.000  0.492 0.000
144.208333 145.208333   38.95 0.000  1.51 0.000 9.999 0.259000 99.99 0.259  0.123 0.000  2.110 0.000  2.954 0.000  25.476 0.000  11.409 0.000  14.068 0.000 0.043 0.000  1.941 0.000
147.208333 148.208333   41.06 0.000  2.66 0.000 9.999 0.259000 99.99 0.259  0.157 0.000  2.188 0.000  3.063 0.000  15.908 0.000   7.308 0.000   8.599 0.000 0.029 0.000  0.950 0.000
151.208333 152.208333    8.50 0.000  0.27 0.000 0.099 0.000000 99.99 0.259  0.113 0.559  0.836 0.000  1.170 0.000  13.149 0.000   8.429 0.000   4.720 0.000 0.024 0.000  0.461 0.559
154.208333 155.208333   39.59 0.000  0.95 0.000 9.999 0.259000 99.99 0.259  0.096 0.559  2.056 0.000  2.878 0.000  19.847 0.000   7.882 0.000  11.965 0.000 0.033 0.000  1.740 0.559
158.208333 159.208333   21.98 0.000  1.86 0.000 9.999 0.259000  2.29 0.000  0.052 0.559  1.128 0.000  1.580 0.000  12.475 0.000   6.999 0.000   5.476 0.000 0.019 0.000  0.526 0.559
161.208333 162.208333   71.59 0.000  2.12 0.000 9.999 0.259000  1.22 0.000  0.368 0.699  5.923 0.000  8.292 0.000  45.451 0.000  10.327 0.000  35.123 0.000 0.148 0.000  5.003 0.699
165.208333 166.208333    5.16 0.000 99.99 0.259 9.999 0.259000  1.03 0.000  0.089 0.559  0.567 0.000  0.794 0.000  10.174 0.000   5.064 0.000   5.111 0.000 0.022 0.000  0.693 0.559
168.208333 169.208333   54.52 0.000  0.87 0.000 9.999 0.259000  1.06 0.000  0.163 0.559  2.747 0.000  3.845 0.000  23.215 0.000   8.094 0.000  15.121 0.000 0.096 0.000  2.212 0.559
172.208333 173.208333   17.77 0.000  1.99 0.000 0.061 0.000000  1.38 0.000  0.117 0.559  1.116 0.000  1.562 0.000  17.523 0.000   8.620 0.000   8.902 0.000 0.032 0.000  1.376 0.559
175.208333 176.208333 9999.99 0.456 99.99 0.456 9.999 0.456000 99.99 0.456  0.094 0.559  2.618 0.000  3.664 0.000  31.372 0.000 999.999 0.999 999.999 0.456 9.999 0.456  3.927 0.559
179.208333 180.208333   31.12 0.000  0.50 0.000 9.999 0.259000  1.36 0.000  0.100 0.559  1.351 0.000  1.892 0.000  14.171 0.000   5.057 0.000   9.115 0.000 0.026 0.000  1.402 0.559
182.208333 183.208333   40.92 0.000  2.85 0.000 9.999 0.259000  1.96 0.000  0.113 0.559  2.354 0.000  3.295 0.000  15.827 0.000   4.697 0.000  11.130 0.000 0.044 0.000  1.598 0.559
186.208333 187.208333   49.59 0.000  6.44 0.000 9.999 0.259000  0.23 0.000  0.138 0.559  3.384 0.000  4.737 0.000  27.696 0.000   5.505 0.000  22.191 0.000 0.149 0.000  3.564 0.559
189.208333 190.208333   32.78 0.000  1.30 0.000 0.009 0.000000 99.99 0.259  0.042 0.559  1.449 0.000  2.029 0.000  10.253 0.000   5.613 0.000   4.640 0.000 0.036 0.000  0.318 0.559
193.208333 194.208333   30.55 0.000  1.58 0.000 9.999 0.259000  0.34 0.000  0.056 0.559  1.663 0.000  2.328 0.000  10.576 0.000   5.045 0.000   5.532 0.000 0.022 0.000  0.305 0.559
196.208333 197.208333   11.23 0.000 99.99 0.259 9.999 0.259000 99.99 0.259  0.101 0.559  0.741 0.000  1.038 0.000  12.851 0.000   8.672 0.000   4.179 0.000 0.019 0.000  0.498 0.559
200.208333 201.208333   35.23 0.000  1.33 0.000 9.999 0.259000  0.46 0.000  0.060 0.559  2.061 0.000  2.885 0.000  15.327 0.000   4.019 0.000  11.308 0.000 0.025 0.000  1.328 0.559
203.208333 204.208333   37.13 0.000  2.21 0.000 9.999 0.259000  0.37 0.000  0.204 0.559  2.313 0.000  3.238 0.000  22.682 0.000   4.980 0.000  17.702 0.000 0.028 0.000  3.253 0.559
207.208333 208.208333    4.85 0.000 99.99 0.259 9.999 0.259000 99.99 0.259  0.028 0.559  0.257 0.000  0.360 0.000   6.659 0.000   3.385 0.000   3.273 0.000 0.014 0.000  0.195 0.559
210.208333 211.208333    8.26 0.000 99.99 0.259 9.999 0.259000  1.70 0.000  0.049 0.559  0.564 0.000  0.790 0.000  13.848 0.000   3.141 0.000  10.707 0.000 0.010 0.000  1.863 0.559
214.208333 215.208333  219.60 0.000 99.99 0.259 9.999 0.259000 99.99 0.259  0.159 0.559  1.610 0.000  2.253 0.000  23.134 0.000  10.881 0.000  12.253 0.000 0.108 0.000  1.351 0.559
217.208333 218.208333   22.15 0.000  1.81 0.000 9.999 0.259000  0.75 0.000  0.085 0.559  2.031 0.000  2.844 0.000  12.492 0.000   4.066 0.000   8.426 0.000 0.028 0.000  1.014 0.559
221.208333 222.208333   86.68 0.000  0.93 0.000 9.999 0.259000 99.99 0.259  0.105 0.559  3.072 0.000  4.300 0.000  33.654 0.000   5.625 0.000  28.029 0.000 0.063 0.000  4.964 0.559
224.208333 225.208333   21.98 0.000  0.52 0.000 9.999 0.259000  1.80 0.000  0.162 0.559  1.478 0.000  2.069 0.000  14.834 0.000   2.925 0.000  11.909 0.000 0.030 0.000  1.744 0.559
228.208333 229.208333   54.20 0.000  2.47 0.000 9.999 0.259000 99.99 0.259  0.118 0.559  2.806 0.000  3.929 0.000  33.905 0.000  10.850 0.000  23.056 0.000 0.048 0.000  3.900 0.559
231.208333 232.208333   31.94 0.000  4.49 0.000 9.999 0.259000 99.99 0.259  0.147 0.559  2.169 0.000  3.037 0.000  15.482 0.000   4.093 0.000  11.389 0.000 0.037 0.000  1.481 0.559
235.208333 236.208333   17.80 0.000  1.56 0.000 9.999 0.259000  1.35 0.000  0.104 0.559  0.679 0.000  0.950 0.000  17.198 0.000   9.060 0.000   8.137 0.000 0.020 0.000  1.120 0.559
238.208333 239.208333   31.18 0.000  2.00 0.000 9.999 0.259000  0.74 0.000  0.082 0.559  2.236 0.000  3.130 0.000  17.443 0.000   5.206 0.000  12.237 0.000 0.039 0.000  1.498 0.559
243.208333 244.208333 9999.99 0.999 99.99 0.999 9.999 0.999000 99.99 0.999 99.999 0.999 99.999 0.999 99.999 0.999 999.999 0.999 999.999 0.999 999.999 0.999 9.999 0.999 99.999 0.999
246.208333 247.208333 9999.99 0.999 99.99 0.999 9.999 0.999000 99.99 0.999 99.999 0.999 99.999 0.999 99.999 0.999 999.999 0.999 999.999 0.999 999.999 0.999 9.999 0.999 99.999 0.999
249.208333 250.208333 9999.99 0.999 99.99 0.999 9.999 0.999000 99.99 0.999 99.999 0.999 99.999 0.999 99.999 0.999 999.999 0.999 999.999 0.999 999.999 0.999 9.999 0.999 99.999 0.999
252.208333 253.208333   16.52 0.000  0.57 0.000 9.999 0.259000  0.74 0.000  0.140 0.000  1.441 0.000  2.018 0.000  17.960 0.000   9.508 0.000   8.451 0.000 0.034 0.000  1.149 0.000
255.208333 256.208333   22.36 0.000  1.93 0.000 9.999 0.259000  0.47 0.000  0.058 0.000  0.803 0.000  1.125 0.000  21.107 0.000   5.698 0.000  15.409 0.000 0.029 0.000  3.314 0.000
258.208333 259.208333   26.69 0.000  1.32 0.000 9.999 0.259000 99.99 0.259  0.073 0.000  1.527 0.000  2.138 0.000  14.168 0.000   5.386 0.000   8.783 0.000 0.027 0.000  1.401 0.000
261.208333 262.208333   30.51 0.000  1.91 0.000 9.999 0.259000 99.99 0.259  0.084 0.000  1.866 0.000  2.613 0.000  16.403 0.000   4.498 0.000  11.905 0.000 0.027 0.000  1.738 0.000
264.208333 265.208333   42.10 0.000  2.29 0.000 9.999 0.259000 99.99 0.259  0.061 0.000  1.744 0.000  2.441 0.000  18.970 0.000   8.070 0.000  10.900 0.000 0.042 0.000  1.397 0.000
267.208333 268.208333   24.00 0.000  1.10 0.000 9.999 0.259000 99.99 0.259  0.096 0.000  0.882 0.000  1.235 0.000  13.931 0.000   2.814 0.000  11.117 0.000 0.022 0.000  2.199 0.000
270.208333 271.208333   32.26 0.000  3.29 0.000 9.999 0.259000  0.58 0.000  0.082 0.000  1.461 0.000  2.046 0.000   9.232 0.000   3.323 0.000   5.909 0.000 0.036 0.000  0.656 0.000
273.208333 274.208333   11.67 0.000  1.19 0.000 9.999 0.259000  0.15 0.000  0.063 0.000  0.809 0.000  1.132 0.000  12.517 0.000   9.075 0.000   3.442 0.000 0.030 0.000  0.340 0.000
276.208333 277.208333   88.25 0.000  3.18 0.000 9.999 0.259000 99.99 0.259  0.184 0.000  3.214 0.000  4.500 0.000  43.902 0.000  23.765 0.000  20.137 0.000 0.063 0.000  2.911 0.000
279.208333 280.208333   26.26 0.000  1.73 0.000 9.999 0.259000  0.51 0.000  0.209 0.000  2.034 0.000  2.847 0.000  25.876 0.000  11.181 0.000  14.695 0.000 0.051 0.000  2.227 0.000
282.208333 283.208333   19.17 0.000  1.74 0.000 9.999 0.259000 99.99 0.259  0.062 0.000  0.880 0.000  1.232 0.000   8.333 0.000   4.321 0.000   4.012 0.000 0.026 0.000  0.451 0.000
285.208333 286.208333 9999.99 0.999 99.99 0.999 9.999 0.999000 99.99 0.999 99.999 0.999 99.999 0.999 99.999 0.999 999.999 0.999 999.999 0.999 999.999 0.999 9.999 0.999 99.999 0.999
288.208333 289.208333   77.44 0.000  6.22 0.000 9.999 0.259000 99.99 0.259  0.202 0.559  4.645 0.000  6.503 0.000  33.018 0.000  10.169 0.000  22.849 0.000 0.105 0.000  3.167 0.559
291.208333 292.208333   14.15 0.000  0.72 0.000 9.999 0.259000  0.60 0.000  0.127 0.000  0.715 0.000  1.001 0.000  18.405 0.000  11.824 0.000   6.580 0.000 0.041 0.000  0.771 0.000
294.208333 295.208333   51.80 0.000  2.32 0.000 9.999 0.259000  0.74 0.000  0.346 0.000  3.053 0.000  4.274 0.000  27.092 0.000   7.680 0.000  19.412 0.000 0.090 0.000  2.765 0.000
297.208333 298.208333   33.08 0.000  1.48 0.000 9.999 0.259000 99.99 0.259  0.140 0.000  1.563 0.000  2.189 0.000  13.294 0.000   7.489 0.000   5.805 0.000 0.038 0.000  0.481 0.000
