scripts/IMPROVE-2019_partial/data/US0074R.19960103060000.20191216000000.filterpack...1y.3d.US03L_filterpack_US0074.US03L_IMPROVE_Davis.lev2.nas
51 1001
MISSING INFORMATION
US03L, IMPROVE, , , , , , , 
MISSING INFORMATION
IMPROVE sel_HTAP
1 1
1996 01 01 2019 12 16
0
days from file reference point
4
1 1 1 1
999.99 999.999 999.999 9.999
end_time of measurement, days from the file reference point
pm10_mass, ug/m3, Matrix=pm10
pm25_mass, ug/m3, Matrix=pm25
numflag, no unit
0
33
Data definition:              EBAS_1.1
Set type code:                TI
Timezone:                     UTC
File name:                    US0074R.19960103060000.20191216000000.filterpack...1y.3d.US03L_filterpack_US0074.US03L_IMPROVE_Davis.lev2.nas
File creation:                20191218120030
Startdate:                    19960103060000
Revision date:                20191216000000
Version:                      2
Version description:          "Data extracted from http://views.cira.colostate.edu/fed/DataWizard 2019-12-16"
Statistics:                   arithmetic mean
Data level:                   2
Period code:                  1y
Resolution code:              3d
Sample duration:              1d
Orig. time res.:              3d
Station code:                 US0074R
Platform code:                US0074S
Station name:                 Guadalupe Mountains NP
Station latitude:             31.833
Station longitude:            -104.8094
Station altitude:             1672.0 m
Regime:                       IMG
Component:                    
Unit:                         ug/m3
Matrix:                       
Laboratory code:              US03L
Instrument type:              filterpack
Instrument name:              filterpack_US0074
Method ref:                   US03L_IMPROVE_Davis
Blank correction:             Blank corrected
Volume std. temperature:      ambient
Volume std. pressure:         ambient
starttime endtime PM10 PM2.5 flag
  2.25   3.25 999.999 999.999 0.999
  5.25   6.25 999.999 999.999 0.259
  9.25  10.25   7.087   4.051 0.000
 12.25  13.25   9.972   3.776 0.000
 16.25  17.25 999.999 999.999 0.999
 19.25  20.25   8.096   8.065 0.000
 23.25  24.25   7.017   2.688 0.000
 26.25  27.25  31.923   9.069 0.000
 30.25  31.25  16.242   5.670 0.000
 33.25  34.25   4.297   2.548 0.000
 37.25  38.25   7.969   3.377 0.000
 40.25  41.25  34.525   8.303 0.000
 44.25  45.25  19.051   7.945 0.000
 47.25  48.25  11.883   4.035 0.000
 51.25  52.25   8.535   2.262 0.000
 54.25  55.25  31.231   8.728 0.000
 58.25  59.25  37.166   9.484 0.000
 61.25  62.25   4.733   2.125 0.000
 65.25  66.25  13.105   6.530 0.000
 68.25  69.25   8.454   4.104 0.000
 72.25  73.25 999.999  18.377 0.000
 75.25  76.25   3.795   3.669 0.000
 79.25  80.25  14.201   4.808 0.000
 82.25  83.25  20.794 999.999 0.000
 86.25  87.25 999.999   7.877 0.000
 89.25  90.25   9.813   4.790 0.000
 93.25  94.25   7.369   5.159 0.000
 96.25  97.25   4.205   4.348 0.000
100.25 101.25   8.319   5.708 0.000
103.25 104.25  23.099  21.417 0.000
107.25 108.25  16.832  13.287 0.000
110.25 111.25  16.390   8.170 0.000
114.25 115.25 999.999  15.271 0.000
117.25 118.25 999.999  12.058 0.000
121.25 122.25  11.648   9.407 0.000
124.25 125.25   7.973   7.450 0.000
128.25 129.25 999.999  12.671 0.000
131.25 132.25  17.703  11.389 0.000
135.25 136.25 999.999   7.567 0.000
138.25 139.25 999.999   7.128 0.000
142.25 143.25 999.999  10.573 0.000
145.25 146.25 999.999  12.997 0.000
149.25 150.25  16.489   7.879 0.000
152.25 153.25  15.278   6.883 0.000
156.25 157.25  13.287   7.848 0.000
159.25 160.25  12.649   7.284 0.000
163.25 164.25 999.999 999.999 0.999
166.25 167.25 999.999 999.999 0.999
170.25 171.25 999.999 999.999 0.999
173.25 174.25 999.999 999.999 0.999
177.25 178.25  18.340  10.187 0.000
180.25 181.25  17.878  10.891 0.000
184.25 185.25  13.349   8.193 0.000
187.25 188.25   7.160   4.378 0.000
191.25 192.25   6.838   7.219 0.000
194.25 195.25  13.924   8.528 0.000
198.25 199.25   5.957   4.257 0.000
201.25 202.25   6.134   3.353 0.000
205.25 206.25  21.496   6.765 0.000
208.25 209.25  17.727   6.766 0.000
212.25 213.25  13.180   6.699 0.000
215.25 216.25  14.412   5.162 0.000
219.25 220.25   6.667   3.043 0.000
222.25 223.25   5.563   4.087 0.000
226.25 227.25  11.794   6.761 0.000
229.25 230.25   4.772   3.182 0.000
233.25 234.25   7.572   3.504 0.000
236.25 237.25   1.940   0.782 0.000
240.25 241.25   4.198   4.098 0.000
243.25 244.25   3.065   1.752 0.000
247.25 248.25   8.681   3.754 0.000
250.25 251.25   9.324   5.130 0.000
254.25 255.25   6.789   5.898 0.000
257.25 258.25   3.613   2.096 0.000
261.25 262.25   6.591   2.664 0.000
264.25 265.25   6.595   2.917 0.000
268.25 269.25  13.035   6.976 0.000
271.25 272.25   7.536   2.149 0.000
275.25 276.25  13.889   4.683 0.000
278.25 279.25  11.654   4.852 0.000
282.25 283.25  14.165   9.620 0.000
285.25 286.25   9.904   5.303 0.000
289.25 290.25  16.906   5.820 0.000
292.25 293.25  34.178   6.713 0.000
296.25 297.25   8.670   3.803 0.000
299.25 300.25  24.705   8.102 0.000
303.25 304.25   3.669   2.090 0.000
306.25 307.25   4.455   3.344 0.000
310.25 311.25   9.259   5.354 0.000
313.25 314.25 999.999 999.999 0.999
317.25 318.25  20.712   6.880 0.000
320.25 321.25  49.378   9.755 0.000
324.25 325.25  15.236   5.821 0.000
327.25 328.25  14.520   4.227 0.000
331.25 332.25   9.517   4.854 0.000
334.25 335.25   4.673   1.921 0.000
338.25 339.25   8.659   5.938 0.000
341.25 342.25   6.241   2.778 0.000
345.25 346.25   9.264   2.965 0.000
348.25 349.25  15.523   4.725 0.000
352.25 353.25   6.944   3.555 0.000
355.25 356.25  12.543   4.349 0.000
359.25 360.25   9.481   4.134 0.000
362.25 363.25   8.982   4.832 0.000
