scripts/IMPROVE-2019_partial/data/US0070R.19920101080000.20191216000000.filterpack...1y.3d.US03L_filterpack_US0070.US03L_IMPROVE_Davis.lev2.nas
52 1001
MISSING INFORMATION
US03L, IMPROVE, , , , , , , 
MISSING INFORMATION
IMPROVE sel_HTAP
1 1
1992 01 01 2019 12 16
0
days from file reference point
5
1 1 1 1 1
999.999999 999.999 9.999 99.999 9.999999
end_time of measurement, days from the file reference point
pm10_mass, ug/m3, Matrix=pm10
numflag pm10_mass, no unit, Matrix=pm10
pm25_mass, ug/m3, Matrix=pm25
numflag pm25_mass, no unit, Matrix=pm25
0
33
Data definition:              EBAS_1.1
Set type code:                TI
Timezone:                     UTC
File name:                    US0070R.19920101080000.20191216000000.filterpack...1y.3d.US03L_filterpack_US0070.US03L_IMPROVE_Davis.lev2.nas
File creation:                20191218120008
Startdate:                    19920101080000
Revision date:                20191216000000
Version:                      2
Version description:          "Data extracted from http://views.cira.colostate.edu/fed/DataWizard 2019-12-16"
Statistics:                   arithmetic mean
Data level:                   2
Period code:                  1y
Resolution code:              3d
Sample duration:              1d
Orig. time res.:              3d
Station code:                 US0070R
Platform code:                US0070S
Station name:                 Crater Lake NP
Station latitude:             42.8958
Station longitude:            -122.1361
Station altitude:             1996.0 m
Regime:                       IMG
Component:                    
Unit:                         ug/m3
Matrix:                       
Laboratory code:              US03L
Instrument type:              filterpack
Instrument name:              filterpack_US0070
Method ref:                   US03L_IMPROVE_Davis
Blank correction:             Blank corrected
Volume std. temperature:      ambient
Volume std. pressure:         ambient
starttime endtime PM10 flag_PM10 PM2.5 flag_PM2.5
  0.333333   1.333333 999.999 0.999  0.814 0.559000
  3.333333   4.333333 999.999 0.999  0.749 0.559000
  7.333333   8.333333 999.999 0.999  0.791 0.559000
 10.333333  11.333333 999.999 0.999  0.601 0.559000
 14.333333  15.333333 999.999 0.999  0.943 0.559000
 17.333333  18.333333 999.999 0.999  0.867 0.559000
 21.333333  22.333333 999.999 0.999  1.199 0.559000
 24.333333  25.333333 999.999 0.999  0.978 0.559000
 28.333333  29.333333   5.061 0.000  0.502 0.559000
 31.333333  32.333333   5.858 0.000  1.483 0.559000
 35.333333  36.333333  11.327 0.000  3.099 0.559000
 38.333333  39.333333   7.702 0.000  3.452 0.559000
 42.333333  43.333333   9.432 0.000 99.999 0.559259
 45.333333  46.333333   9.447 0.000  3.355 0.559000
 49.333333  50.333333   2.735 0.000  0.721 0.559000
 52.333333  53.333333   1.532 0.000  0.717 0.559000
 56.333333  57.333333   5.085 0.000  1.708 0.559000
 59.333333  60.333333  13.562 0.000 99.999 0.999000
 63.333333  64.333333  11.244 0.000  2.298 0.000000
 66.333333  67.333333   6.364 0.000  1.708 0.000000
 70.333333  71.333333  14.937 0.000  4.935 0.000000
 73.333333  74.333333  16.033 0.000  5.227 0.000000
 77.333333  78.333333 999.999 0.999 99.999 0.999000
 80.333333  81.333333  14.322 0.000  7.016 0.000000
 84.333333  85.333333 999.999 0.999 99.999 0.999000
 87.333333  88.333333   7.569 0.000  4.338 0.000000
 91.333333  92.333333   6.092 0.000  2.298 0.000000
 94.333333  95.333333   2.490 0.000  1.118 0.000000
 98.333333  99.333333   6.996 0.000  3.887 0.000000
101.333333 102.333333  10.567 0.000  3.704 0.000000
105.333333 106.333333   5.185 0.000  2.748 0.000000
108.333333 109.333333   3.210 0.000  0.990 0.000000
112.333333 113.333333   5.234 0.000 99.999 0.999000
115.333333 116.333333   7.992 0.000 99.999 0.999000
119.333333 120.333333 999.999 0.999 99.999 0.999000
122.333333 123.333333  11.383 0.000  6.123 0.000000
126.333333 127.333333 999.999 0.999 99.999 0.999000
129.333333 130.333333   3.145 0.000  2.074 0.000000
133.333333 134.333333  13.487 0.000  7.413 0.000000
136.333333 137.333333  12.521 0.000  2.747 0.000000
140.333333 141.333333   6.223 0.000  3.482 0.000000
143.333333 144.333333   7.555 0.000  4.495 0.000000
147.333333 148.333333   5.675 0.000  4.438 0.000000
150.333333 151.333333   9.098 0.000 99.999 0.999000
154.333333 155.333333   7.613 0.000  3.750 0.000000
157.333333 158.333333   9.588 0.000  4.954 0.000000
161.333333 162.333333   9.492 0.000  3.880 0.000000
164.333333 165.333333   0.730 0.000  0.500 0.000000
168.333333 169.333333   5.484 0.000  2.988 0.000000
171.333333 172.333333  10.661 0.000  5.505 0.000000
175.333333 176.333333  13.715 0.000  7.729 0.000000
178.333333 179.333333  15.768 0.000  5.402 0.000000
182.333333 183.333333   4.979 0.000  1.641 0.000000
185.333333 186.333333   3.475 0.000  1.981 0.000000
189.333333 190.333333   5.698 0.000  3.404 0.000000
192.333333 193.333333   4.833 0.000  3.152 0.000000
196.333333 197.333333   5.730 0.000  2.622 0.000000
199.333333 200.333333   5.693 0.000  2.923 0.000000
203.333333 204.333333   2.751 0.000  1.777 0.000000
206.333333 207.333333   6.283 0.000  3.384 0.000000
210.333333 211.333333   6.540 0.000  4.092 0.000000
213.333333 214.333333   9.848 0.000  3.945 0.000000
217.333333 218.333333   5.564 0.000  3.033 0.000000
220.333333 221.333333   5.267 0.000  1.879 0.000000
224.333333 225.333333  12.190 0.000  4.601 0.000000
227.333333 228.333333  14.818 0.000  6.451 0.000000
231.333333 232.333333  11.569 0.000  4.428 0.000000
234.333333 235.333333   5.593 0.000  3.040 0.000000
238.333333 239.333333   7.318 0.000  5.406 0.000000
241.333333 242.333333   8.238 0.000  2.578 0.000000
245.333333 246.333333   7.808 0.000  3.723 0.000000
248.333333 249.333333   3.154 0.000  1.193 0.000000
252.333333 253.333333   5.273 0.000  3.859 0.000000
255.333333 256.333333   8.254 0.000  1.994 0.000000
259.333333 260.333333   6.772 0.000  3.333 0.000000
262.333333 263.333333   4.055 0.000  2.138 0.000000
266.333333 267.333333  11.028 0.000  2.453 0.000000
269.333333 270.333333   2.183 0.000  1.269 0.000000
273.333333 274.333333  26.653 0.000  7.325 0.000000
276.333333 277.333333   1.053 0.000  0.818 0.000000
280.333333 281.333333   8.153 0.000  4.239 0.000000
283.333333 284.333333   4.699 0.000  1.133 0.000000
287.333333 288.333333   5.040 0.000  2.984 0.000000
290.333333 291.333333   2.944 0.000  1.442 0.000000
294.333333 295.333333   3.425 0.000  1.115 0.000000
297.333333 298.333333   6.102 0.000  3.467 0.000000
301.333333 302.333333   3.840 0.000  3.596 0.000000
304.333333 305.333333 999.999 0.999 99.999 0.999000
308.333333 309.333333   1.935 0.000  1.310 0.000000
311.333333 312.333333   6.532 0.000  1.438 0.000000
315.333333 316.333333   2.389 0.000  1.325 0.000000
318.333333 319.333333   5.304 0.000  2.834 0.000000
322.333333 323.333333   1.935 0.000  1.821 0.000000
325.333333 326.333333   1.573 0.000  1.054 0.000000
329.333333 330.333333   5.000 0.000  3.930 0.000000
332.333333 333.333333   5.560 0.000  1.397 0.000000
336.333333 337.333333   3.375 0.000  2.426 0.000000
339.333333 340.333333   3.750 0.000  1.869 0.000000
343.333333 344.333333   1.837 0.000 99.999 0.999000
346.333333 347.333333   1.564 0.000 99.999 0.999000
350.333333 351.333333   1.606 0.000  1.356 0.000000
353.333333 354.333333   2.073 0.000  0.599 0.000000
357.333333 358.333333   1.687 0.000  1.154 0.000000
360.333333 361.333333   2.167 0.000 99.999 0.259000
364.333333 365.333333   2.669 0.000  1.809 0.000000
