scripts/IMPROVE-2019_partial/data/US0013R.20030103070000.20191216000000.filterpack..pm25.1y.1w.US03L_filterpack_US0013.US03L_IMPROVE_Davis.lev2.nas
66 1001
MISSING INFORMATION
US03L, IMPROVE, , , , , , , 
MISSING INFORMATION
IMPROVE sel_HTAP
1 1
2003 01 01 2019 12 16
3.000000
days from file reference point
27
1 1 1 1 1 1 1 1 1 1 1 1 1 1 1 1 1 1 1 1 1 1 1 1 1 1 1
999.999999 9999.99 9.999 99.99 9.999 9.999 9.999999 9.99 9.999999 9.999 9.999 999.999 9.999 999.999 9.999 999.99 9.999999 999.999 9.999 999.999 9.999 999.999 9.999 9.999 9.999 9.999 9.999
end_time of measurement, days from the file reference point
iron, ng/m3, Revision date=20181210133000
numflag iron, no unit, Revision date=20181210133000
lead, ng/m3, Revision date=20181210133000
numflag lead, no unit, Revision date=20181210133000
magnesium, ug/m3, Revision date=20181210133000
numflag magnesium, no unit, Revision date=20181210133000
nickel, ng/m3, Revision date=20181210133000
numflag nickel, no unit, Revision date=20181210133000
nitrate, ug N/m3, Revision date=20181210133000
numflag nitrate, no unit, Revision date=20181210133000
organic_carbon, ug C/m3, Revision date=20181210133000
numflag organic_carbon, no unit, Revision date=20181210133000
organic_mass, ug/m3, Revision date=20181210133000
numflag organic_mass, no unit, Revision date=20181210133000
phosphorus, ng/m3, Revision date=20181210133000
numflag phosphorus, no unit, Revision date=20181210133000
pm10_mass, ug/m3, Version=2, Version description=Data extracted from http://views.cira.colostate.edu/fed/DataWizard 2019-12-16, Sample duration=1d, Orig. time res.=3d, Matrix=pm10, Blank correction=Blank corrected, Volume std. temperature=ambient, Volume std. pressure=ambient
numflag pm10_mass, no unit, Version=2, Version description=Data extracted from http://views.cira.colostate.edu/fed/DataWizard 2019-12-16, Sample duration=1d, Orig. time res.=3d, Matrix=pm10, Blank correction=Blank corrected, Volume std. temperature=ambient, Volume std. pressure=ambient
pm10_pm25_mass, ug/m3, Revision date=20181210133000, Matrix=pm10_pm25
numflag pm10_pm25_mass, no unit, Revision date=20181210133000, Matrix=pm10_pm25
pm25_mass, ug/m3, Version=2, Version description=Data extracted from http://views.cira.colostate.edu/fed/DataWizard 2019-12-16, Sample duration=1d, Orig. time res.=3d, Blank correction=Blank corrected, Volume std. temperature=ambient, Volume std. pressure=ambient
numflag pm25_mass, no unit, Version=2, Version description=Data extracted from http://views.cira.colostate.edu/fed/DataWizard 2019-12-16, Sample duration=1d, Orig. time res.=3d, Blank correction=Blank corrected, Volume std. temperature=ambient, Volume std. pressure=ambient
potassium, ug/m3, Revision date=20181210133000
numflag potassium, no unit, Revision date=20181210133000
sulphate_total, ug S/m3, Revision date=20181210133000
numflag sulphate_total, no unit, Revision date=20181210133000
0
25
Data definition:              EBAS_1.1
Set type code:                TU
Timezone:                     UTC
File name:                    US0013R.20030103070000.20191216000000.filterpack..pm25.1y.1w.US03L_filterpack_US0013.US03L_IMPROVE_Davis.lev2.nas
File creation:                20191218115613
Startdate:                    20030103070000
Revision date:                20191216000000
Statistics:                   arithmetic mean
Data level:                   2
Period code:                  1y
Resolution code:              1w
Station code:                 US0013R
Platform code:                US0013S
Station name:                 Hance Camp at Grand Canyon NP
Station latitude:             35.9731
Station longitude:            -111.9841
Station altitude:             2267.0 m
Regime:                       IMG
Component:                    
Matrix:                       pm25
Laboratory code:              US03L
Instrument type:              filterpack
Instrument name:              filterpack_US0013
Method ref:                   US03L_IMPROVE_Davis
starttime endtime Fe flag_Fe Pb flag_Pb Mg++ flag_Mg++ Ni flag_Ni NO3- flag_NO3- OC flag_OC OM flag_OM P flag_P PM10 flag_PM10 PM10-PM2.5 flag_PM10-PM2.5 PM2.5 flag_PM2.5 K+ flag_K+ SO4-- flag_SO4--
[from data line 81]
245.291667 246.291667   12.58 0.000  0.17 0.000 9.999 0.259000 9.99 0.259000 0.009 0.000   0.726 0.000   1.016 0.000 999.99 0.259000   3.803 0.000   1.548 0.000   2.255 0.000 0.010 0.000 0.158 0.000
248.291667 249.291667   23.29 0.000  0.27 0.000 9.999 0.259000 0.06 0.000000 0.023 0.000   0.625 0.000   0.876 0.000 999.99 0.259000   5.332 0.000   2.531 0.000   2.801 0.000 0.019 0.000 0.231 0.000
251.291667 252.291667   40.89 0.394  0.40 0.394 9.999 0.394259 0.09 0.394000 0.045 0.394   0.309 0.000   0.433 0.000 999.99 0.394259   6.880 0.000   4.104 0.000   2.776 0.000 0.032 0.394 0.209 0.394
254.291667 255.291667   30.46 0.000  0.20 0.000 0.019 0.000000 9.99 0.259000 0.007 0.000   0.525 0.000   0.735 0.000  21.20 0.000000   8.660 0.000   6.246 0.000   2.414 0.000 0.015 0.000 0.063 0.000
257.291667 258.291667   26.96 0.000  0.25 0.000 9.999 0.259000 9.99 0.259000 0.013 0.000   1.000 0.000   1.400 0.000 999.99 0.259000   6.495 0.000   3.292 0.000   3.203 0.000 0.025 0.000 0.145 0.000
260.291667 261.291667   65.77 0.000  0.39 0.000 0.040 0.000000 0.07 0.000000 9.999 0.259   0.673 0.000   0.942 0.000  25.41 0.000000  18.587 0.000  14.471 0.000   4.115 0.000 0.050 0.000 0.080 0.000
263.291667 264.291667   77.32 0.000  0.62 0.000 9.999 0.259000 0.12 0.000000 9.999 0.259   1.102 0.000   1.543 0.000 999.99 0.259000  19.847 0.000  14.349 0.000   5.498 0.000 0.051 0.000 0.092 0.000
266.291667 267.291667  201.84 0.559  0.93 0.559 9.999 0.559259 0.07 0.559000 9.999 0.259   3.641 0.000   5.097 0.000 999.99 0.559259  29.555 0.000  18.385 0.000  11.170 0.559 0.150 0.559 0.144 0.000
269.291667 270.291667   54.35 0.559  0.45 0.559 9.999 0.559259 9.99 0.559259 9.999 0.259   4.446 0.000   6.224 0.000 999.99 0.559259  16.395 0.000   7.781 0.000   8.615 0.559 0.050 0.559 0.070 0.000
272.291667 273.291667   23.62 0.000  0.55 0.000 9.999 0.259000 9.99 0.259000 0.007 0.000   0.496 0.000   0.695 0.000 999.99 0.259000   6.196 0.000   3.566 0.000   2.630 0.000 0.020 0.000 0.197 0.000
275.291667 276.291667   17.26 0.000  0.21 0.000 9.999 0.259000 0.07 0.000000 0.023 0.000   0.202 0.000   0.283 0.000 999.99 0.259000   1.849 0.000   0.430 0.000   1.419 0.000 0.013 0.000 0.082 0.000
278.291667 279.291667   20.14 0.000  0.21 0.000 9.999 0.259000 0.07 0.000000 0.009 0.000   0.568 0.000   0.795 0.000 999.99 0.259000   7.523 0.000   4.660 0.000   2.863 0.000 0.013 0.000 0.214 0.000
281.291667 282.291667   16.33 0.000  0.22 0.000 9.999 0.259000 0.05 0.000000 0.012 0.000   0.698 0.000   0.977 0.000 999.99 0.259000   6.699 0.000   3.663 0.000   3.036 0.000 0.011 0.000 0.214 0.000
284.291667 285.291667   38.38 0.000  0.47 0.000 0.039 0.000000 0.04 0.000000 0.028 0.000   0.433 0.000   0.606 0.000 999.99 0.259000   8.300 0.000   5.070 0.000   3.231 0.000 0.028 0.000 0.194 0.000
287.291667 288.291667   33.01 0.000  0.85 0.000 9.999 0.259000 9.99 0.259000 0.032 0.000   0.436 0.000   0.610 0.000 999.99 0.259000   7.314 0.000   4.016 0.000   3.298 0.000 0.025 0.000 0.238 0.000
290.291667 291.291667   27.46 0.000  0.57 0.000 9.999 0.259000 9.99 0.259000 0.013 0.000   0.419 0.000   0.587 0.000 999.99 0.259000   5.002 0.000   2.539 0.000   2.463 0.000 0.018 0.000 0.141 0.000
293.291667 294.291667   28.38 0.000  0.71 0.000 9.999 0.259000 9.99 0.259000 0.010 0.000   0.617 0.000   0.863 0.000 999.99 0.259000   5.757 0.000   2.746 0.000   3.011 0.000 0.019 0.000 0.193 0.000
296.291667 297.291667   40.23 0.699  0.68 0.699 0.036 0.699000 0.05 0.699000 0.072 0.000   6.363 0.000   8.908 0.000 999.99 0.699259  15.530 0.000   2.672 0.000  12.859 0.699 0.074 0.699 0.138 0.000
299.291667 300.291667   14.54 0.699  0.42 0.699 0.020 0.699000 9.99 0.699259 0.069 0.000  13.430 0.000  18.802 0.000 999.99 0.699259  24.598 0.000   4.685 0.000  19.914 0.699 0.051 0.699 0.082 0.000
302.291667 303.291667 9999.99 0.999 99.99 0.999 9.999 0.999000 9.99 0.999000 9.999 0.999 999.999 0.999 999.999 0.999 999.99 0.999000 999.999 0.999 999.999 0.999 999.999 0.999 9.999 0.999 9.999 0.999
305.291667 306.291667   23.15 0.000  0.95 0.000 9.999 0.259000 9.99 0.259000 0.116 0.000   1.296 0.000   1.814 0.000  15.13 0.000000   7.029 0.000   2.716 0.000   4.314 0.000 0.111 0.000 0.198 0.000
308.291667 309.291667   15.02 0.000  0.20 0.000 0.026 0.000000 0.07 0.000000 0.036 0.000   0.853 0.000   1.194 0.000 999.99 0.259000   4.767 0.000   2.300 0.000   2.467 0.000 0.012 0.000 0.116 0.000
311.291667 312.291667   15.10 0.000  0.38 0.000 9.999 0.259000 0.04 0.000000 0.019 0.000   0.685 0.000   0.959 0.000 999.99 0.259000   3.246 0.000   1.594 0.000   1.652 0.000 0.013 0.000 0.070 0.000
314.291667 315.291667   23.89 0.000  1.45 0.000 9.999 0.259000 0.07 0.000000 0.061 0.000   0.902 0.000   1.263 0.000 999.99 0.259000   4.503 0.000   1.956 0.000   2.547 0.000 0.024 0.000 0.126 0.000
317.291667 318.291667    6.81 0.000  0.26 0.000 0.027 0.000000 0.06 0.000000 0.076 0.000   0.446 0.000   0.625 0.000 999.99 0.259000   1.894 0.000   0.408 0.000   1.486 0.000 0.006 0.000 0.079 0.000
320.291667 321.291667    2.49 0.000  0.18 0.000 0.034 0.000000 0.08 0.000000 0.077 0.000   0.386 0.000   0.540 0.000 999.99 0.259000   1.010 0.000 999.999 0.259   1.027 0.000 0.003 0.000 0.057 0.000
323.291667 324.291667    7.25 0.000  0.90 0.000 9.999 0.259000 0.03 0.000000 0.009 0.000   0.256 0.000   0.358 0.000 999.99 0.259000   1.901 0.000   0.824 0.000   1.078 0.000 0.004 0.000 0.044 0.000
326.291667 327.291667    4.29 0.000  0.34 0.000 9.999 0.259000 9.99 0.259000 0.007 0.559   0.031 0.000   0.044 0.000 999.99 0.259000   1.356 0.000   0.525 0.000   0.831 0.000 0.006 0.000 0.048 0.559
329.291667 330.291667   22.41 0.000  0.90 0.000 9.999 0.259000 9.99 0.259000 0.238 0.000   0.314 0.000   0.439 0.000 999.99 0.259000   4.158 0.000   1.495 0.000   2.664 0.000 0.019 0.000 0.098 0.000
332.291667 333.291667    5.90 0.000  0.59 0.000 9.999 0.259000 9.99 0.259000 0.003 0.559   0.028 0.000   0.039 0.000 999.99 0.259000   1.040 0.000   0.245 0.000   0.794 0.000 0.005 0.000 0.053 0.559
335.291667 336.291667   16.87 0.000  0.98 0.000 0.015 0.000000 9.99 0.259000 0.010 0.000   0.201 0.000   0.282 0.000 999.99 0.259000   2.673 0.000   1.394 0.000   1.280 0.000 0.015 0.000 0.081 0.000
338.291667 339.291667   15.21 0.000  0.33 0.000 0.030 0.000000 0.04 0.000000 0.009 0.000   0.316 0.000   0.443 0.000 999.99 0.259000   2.852 0.000   1.366 0.000   1.486 0.000 0.012 0.000 0.076 0.000
341.291667 342.291667    6.22 0.000  0.54 0.000 9.999 0.259000 9.99 0.259000 0.044 0.000   0.203 0.000   0.284 0.000 999.99 0.259000   1.860 0.000   1.022 0.000   0.838 0.000 0.007 0.000 0.062 0.000
344.291667 345.291667    9.37 0.000  0.32 0.000 9.999 0.259000 0.09 0.000000 0.096 0.000   0.242 0.000   0.339 0.000 999.99 0.259000   2.272 0.000   1.354 0.000   0.918 0.000 0.014 0.000 0.055 0.000
347.291667 348.291667    4.70 0.000  0.50 0.000 9.999 0.259000 9.99 0.259000 0.022 0.000   0.204 0.000   0.285 0.000 999.99 0.259000   1.029 0.000   0.606 0.000   0.423 0.000 0.006 0.000 0.040 0.000
350.291667 351.291667    3.82 0.000  0.19 0.000 9.999 0.259000 9.99 0.259000 0.008 0.000   0.026 0.000   0.037 0.000 999.99 0.259000   0.980 0.000   0.832 0.000   0.148 0.000 0.003 0.000 0.028 0.000
353.291667 354.291667   20.61 0.000  0.45 0.000 9.999 0.259000 9.99 0.259000 0.007 0.000   0.272 0.000   0.381 0.000 999.99 0.259000   2.258 0.000   1.394 0.000   0.864 0.000 0.018 0.000 0.038 0.000
356.291667 357.291667    6.44 0.000  0.17 0.000 9.999 0.259000 9.99 0.259000 0.008 0.000   0.225 0.000   0.316 0.000 999.99 0.259000   1.429 0.000   0.712 0.000   0.717 0.000 0.005 0.000 0.101 0.000
359.291667 360.291667    2.31 0.000  0.18 0.000 9.999 0.259000 9.99 0.259000 0.019 0.000   0.081 0.000   0.113 0.000 999.99 0.259000   0.809 0.000   0.630 0.000   0.180 0.000 0.007 0.000 0.045 0.000
362.291667 363.291667    7.72 0.000  0.24 0.000 9.999 0.259000 9.99 0.259000 0.002 0.000   0.120 0.000   0.168 0.000 999.99 0.259000   0.298 0.000   0.298 0.000 999.999 0.259 0.003 0.000 0.026 0.000
