scripts/IMPROVE-2019_partial/data/US0052R.20040101060000.20191216000000.filterpack..pm25.52w.1w.US03L_filterpack_US0052.US03L_IMPROVE_Davis.lev2.nas
64 1001
MISSING INFORMATION
US03L, IMPROVE, , , , , , , 
MISSING INFORMATION
IMPROVE sel_HTAP
1 1
2004 01 01 2019 12 16
3.00
days from file reference point
25
1 1 1 1 1 1 1 1 1 1 1 1 1 1 1 1 1 1 1 1 1 1 1 1 1
999.99 9999.99 9.999 99.99 9.999 9.999 9.999 9.99 9.999 99.999 9.999 999.999 9.999 999.999 9.999 999.999 9.999 999.999 9.999 999.999 9.999 9.999 9.999 99.999 9.999
end_time of measurement, days from the file reference point
iron, ng/m3, Revision date=20181210133000
numflag iron, no unit, Revision date=20181210133000
lead, ng/m3, Revision date=20181210133000
numflag lead, no unit, Revision date=20181210133000
magnesium, ug/m3, Revision date=20181210133000
numflag magnesium, no unit, Revision date=20181210133000
nickel, ng/m3, Revision date=20181210133000
numflag nickel, no unit, Revision date=20181210133000
nitrate, ug N/m3, Revision date=20181210133000
numflag nitrate, no unit, Revision date=20181210133000
organic_carbon, ug C/m3, Revision date=20181210133000
numflag organic_carbon, no unit, Revision date=20181210133000
organic_mass, ug/m3, Revision date=20181210133000
numflag organic_mass, no unit, Revision date=20181210133000
pm10_mass, ug/m3, Version=2, Version description=Data extracted from http://views.cira.colostate.edu/fed/DataWizard 2019-12-16, Sample duration=1d, Orig. time res.=3d, Matrix=pm10, Blank correction=Blank corrected, Volume std. temperature=ambient, Volume std. pressure=ambient
numflag pm10_mass, no unit, Version=2, Version description=Data extracted from http://views.cira.colostate.edu/fed/DataWizard 2019-12-16, Sample duration=1d, Orig. time res.=3d, Matrix=pm10, Blank correction=Blank corrected, Volume std. temperature=ambient, Volume std. pressure=ambient
pm10_pm25_mass, ug/m3, Revision date=20181210133000, Matrix=pm10_pm25
numflag pm10_pm25_mass, no unit, Revision date=20181210133000, Matrix=pm10_pm25
pm25_mass, ug/m3, Version=2, Version description=Data extracted from http://views.cira.colostate.edu/fed/DataWizard 2019-12-16, Sample duration=1d, Orig. time res.=3d, Blank correction=Blank corrected, Volume std. temperature=ambient, Volume std. pressure=ambient
numflag pm25_mass, no unit, Version=2, Version description=Data extracted from http://views.cira.colostate.edu/fed/DataWizard 2019-12-16, Sample duration=1d, Orig. time res.=3d, Blank correction=Blank corrected, Volume std. temperature=ambient, Volume std. pressure=ambient
potassium, ug/m3, Revision date=20181210133000
numflag potassium, no unit, Revision date=20181210133000
sulphate_total, ug S/m3, Revision date=20181210133000
numflag sulphate_total, no unit, Revision date=20181210133000
0
25
Data definition:              EBAS_1.1
Set type code:                TU
Timezone:                     UTC
File name:                    US0052R.20040101060000.20191216000000.filterpack..pm25.52w.1w.US03L_filterpack_US0052.US03L_IMPROVE_Davis.lev2.nas
File creation:                20191218115834
Startdate:                    20040101060000
Revision date:                20191216000000
Statistics:                   arithmetic mean
Data level:                   2
Period code:                  52w
Resolution code:              1w
Station code:                 US0052R
Platform code:                US0052S
Station name:                 Hercules-Glades
Station latitude:             36.6138
Station longitude:            -92.9221
Station altitude:             404.0 m
Regime:                       IMG
Component:                    
Matrix:                       pm25
Laboratory code:              US03L
Instrument type:              filterpack
Instrument name:              filterpack_US0052
Method ref:                   US03L_IMPROVE_Davis
starttime endtime Fe flag_Fe Pb flag_Pb Mg++ flag_Mg++ Ni flag_Ni NO3- flag_NO3- OC flag_OC OM flag_OM PM10 flag_PM10 PM10-PM2.5 flag_PM10-PM2.5 PM2.5 flag_PM2.5 K+ flag_K+ SO4-- flag_SO4--
  0.25   1.25   14.68 0.000  1.83 0.000 9.999 0.259 0.25 0.000  0.096 0.000   2.108 0.000   2.951 0.000  11.037 0.000   2.624 0.000   8.413 0.000 0.073 0.000  0.901 0.000
  3.25   4.25   14.72 0.000  1.76 0.000 0.033 0.000 9.99 0.259  0.158 0.000   1.089 0.000   1.525 0.000   6.570 0.000   1.523 0.000   5.048 0.000 0.030 0.000  0.597 0.000
  6.25   7.25   15.45 0.000  0.98 0.000 9.999 0.259 0.15 0.000  0.378 0.000   1.383 0.000   1.936 0.000   7.407 0.000   2.637 0.000   4.771 0.000 0.050 0.000  0.161 0.000
  9.25  10.25   46.31 0.000  7.33 0.000 9.999 0.259 0.15 0.000  1.664 0.000   2.584 0.000   3.618 0.000  23.359 0.000   4.861 0.000  18.498 0.000 0.085 0.000  1.216 0.000
 12.25  13.25   27.66 0.000  2.96 0.000 9.999 0.259 0.15 0.000  0.866 0.000   3.500 0.000   4.899 0.000  17.082 0.000   5.591 0.000  11.491 0.000 0.082 0.000  0.701 0.000
 15.25  16.25   16.66 0.000  1.95 0.000 9.999 0.259 9.99 0.259  0.511 0.000   4.198 0.000   5.877 0.000  14.475 0.000   2.160 0.000  12.315 0.000 0.060 0.000  0.871 0.000
 18.25  19.25   17.62 0.000  1.48 0.000 9.999 0.259 0.13 0.000  0.295 0.000   0.838 0.000   1.173 0.000   7.239 0.000   2.721 0.000   4.518 0.000 0.033 0.000  0.302 0.000
 21.25  22.25   21.91 0.000  1.29 0.000 9.999 0.259 0.15 0.000  0.675 0.000   1.903 0.000   2.664 0.000  12.079 0.000   3.906 0.000   8.174 0.000 0.054 0.000  0.356 0.000
 24.25  25.25    6.37 0.000  1.52 0.000 0.049 0.000 9.99 0.259  0.187 0.000   0.757 0.000   1.060 0.000   4.225 0.000   0.521 0.000   3.704 0.000 0.020 0.000  0.448 0.000
 27.25  28.25   19.72 0.000  1.83 0.000 9.999 0.259 9.99 0.259  0.606 0.000   1.747 0.000   2.445 0.000  11.044 0.000   3.736 0.000   7.308 0.000 0.059 0.000  0.405 0.000
 30.25  31.25   17.54 0.000  2.72 0.000 9.999 0.259 0.12 0.000  0.378 0.000   1.565 0.000   2.191 0.000   8.375 0.000   2.192 0.000   6.183 0.000 0.056 0.000  0.415 0.000
 33.25  34.25   18.66 0.000  3.14 0.000 9.999 0.259 0.14 0.000  1.139 0.000   1.185 0.000   1.659 0.000  13.173 0.000   2.361 0.000  10.813 0.000 0.029 0.000  0.788 0.000
 36.25  37.25   22.18 0.000  2.12 0.000 9.999 0.259 0.15 0.000  0.487 0.000   1.544 0.000   2.161 0.000  12.458 0.000   0.601 0.000  11.857 0.000 0.029 0.000  1.912 0.000
 39.25  40.25    8.88 0.000  1.70 0.000 9.999 0.259 0.06 0.000  0.282 0.000   1.945 0.000   2.723 0.000   9.413 0.000   0.740 0.000   8.673 0.000 0.040 0.000  1.152 0.000
 42.25  43.25   43.64 0.000  1.25 0.000 9.999 0.259 0.11 0.000  0.540 0.000   1.128 0.000   1.579 0.000  10.710 0.000   3.765 0.000   6.944 0.000 0.039 0.000  0.578 0.000
 45.25  46.25   27.76 0.000  2.37 0.000 9.999 0.259 9.99 0.259  1.600 0.000   1.605 0.000   2.246 0.000  17.929 0.000   3.856 0.000  14.073 0.000 0.038 0.000  0.752 0.000
 48.25  49.25   17.92 0.000  1.91 0.000 9.999 0.259 9.99 0.259  1.191 0.000   2.302 0.000   3.223 0.000  19.160 0.000   5.730 0.000  13.430 0.000 0.049 0.000  1.182 0.000
 51.25  52.25   13.00 0.000  0.75 0.000 9.999 0.259 9.99 0.259  0.333 0.000   0.984 0.000   1.377 0.000   6.487 0.000   2.755 0.000   3.732 0.000 0.026 0.000  0.332 0.000
 54.25  55.25   14.34 0.000  2.23 0.000 9.999 0.259 9.99 0.259  1.097 0.000   1.528 0.000   2.139 0.000  19.193 0.000   6.182 0.000  13.010 0.000 0.026 0.000  1.600 0.000
 57.25  58.25  152.02 0.000  4.85 0.000 9.999 0.259 0.27 0.000  0.687 0.000   7.561 0.000  10.585 0.000  24.348 0.000   0.750 0.000  23.598 0.000 0.131 0.000  1.354 0.000
 60.25  61.25   38.73 0.000  0.42 0.000 9.999 0.259 0.08 0.000  0.059 0.000   0.651 0.000   0.912 0.000  60.350 0.000  45.819 0.000  14.531 0.000 0.043 0.000  0.269 0.000
 63.25  64.25    7.15 0.000  0.95 0.000 9.999 0.259 0.26 0.000  0.098 0.000   1.236 0.000   1.730 0.000   8.846 0.000   2.951 0.000   5.895 0.000 0.068 0.000  0.757 0.000
 66.25  67.25   13.94 0.000  0.92 0.000 9.999 0.259 9.99 0.259  0.066 0.000   0.728 0.000   1.019 0.000   5.946 0.000   3.377 0.000   2.570 0.000 0.020 0.000  0.186 0.000
 69.25  70.25   20.18 0.000  1.43 0.000 9.999 0.259 9.99 0.259  0.762 0.000  18.596 0.000  26.034 0.000  41.878 0.000   3.858 0.000  38.020 0.000 0.097 0.000  1.035 0.000
 72.25  73.25 9999.99 0.699 99.99 0.699 9.999 0.699 9.99 0.699  0.854 0.000  10.992 0.000  15.389 0.000  29.924 0.000 999.999 0.999 999.999 0.699 9.999 0.699  0.497 0.000
 75.25  76.25   10.92 0.000  1.21 0.000 9.999 0.259 0.15 0.000  0.471 0.000   1.101 0.000   1.541 0.000   8.433 0.000   3.059 0.000   5.374 0.000 0.019 0.000  0.869 0.000
 78.25  79.25   32.97 0.000  3.20 0.000 9.999 0.259 0.09 0.000  0.168 0.000   4.675 0.000   6.545 0.000  16.452 0.000   4.671 0.000  11.781 0.000 0.068 0.000  0.696 0.000
 81.25  82.25   23.75 0.000  3.07 0.000 9.999 0.259 9.99 0.259  0.228 0.000   1.974 0.000   2.764 0.000  10.710 0.000   3.919 0.000   6.791 0.000 0.057 0.000  0.557 0.000
 84.25  85.25   39.23 0.000  2.21 0.000 9.999 0.259 0.28 0.000  0.192 0.000   2.812 0.000   3.936 0.000  20.627 0.000   7.229 0.000  13.397 0.000 0.096 0.000  1.527 0.000
 87.25  88.25   13.61 0.000  0.96 0.000 9.999 0.259 9.99 0.259  0.071 0.000   0.986 0.000   1.381 0.000   6.696 0.000   3.040 0.000   3.657 0.000 0.028 0.000  0.365 0.000
 90.25  91.25   10.80 0.000  1.27 0.000 0.089 0.000 9.99 0.259  0.186 0.000   0.710 0.000   0.993 0.000   7.402 0.000   1.398 0.000   6.004 0.000 0.018 0.000  1.042 0.000
 93.25  94.25   34.16 0.000  3.35 0.000 9.999 0.259 0.11 0.000  0.310 0.000   3.975 0.000   5.565 0.000  17.673 0.000   7.735 0.000   9.938 0.000 0.068 0.000  0.590 0.000
 96.25  97.25   61.74 0.000  3.16 0.000 9.999 0.259 0.08 0.000  0.141 0.000   5.147 0.000   7.206 0.000  24.498 0.000  11.425 0.000  13.074 0.000 0.106 0.000  0.772 0.000
 99.25 100.25   38.75 0.000  2.63 0.000 9.999 0.259 9.99 0.259  0.159 0.000   2.464 0.000   3.450 0.000  15.253 0.000   7.971 0.000   7.282 0.000 0.062 0.000  0.504 0.000
102.25 103.25   31.19 0.000  2.77 0.000 0.047 0.000 9.99 0.259  0.364 0.000   1.126 0.000   1.576 0.000  10.354 0.000   3.685 0.000   6.669 0.000 0.033 0.000  0.858 0.000
105.25 106.25   50.37 0.000  2.12 0.000 9.999 0.259 9.99 0.259  0.172 0.000   4.734 0.000   6.627 0.000  21.536 0.000   8.304 0.000  13.232 0.000 0.078 0.000  1.018 0.000
108.25 109.25   44.44 0.000  1.88 0.000 9.999 0.259 0.36 0.000  0.090 0.000   2.261 0.000   3.166 0.000  20.094 0.000   9.278 0.000  10.816 0.000 0.076 0.000  1.413 0.000
111.25 112.25   62.92 0.000  1.78 0.000 0.066 0.000 9.99 0.259  0.104 0.000   1.215 0.000   1.701 0.000  14.218 0.000   7.211 0.000   7.006 0.000 0.071 0.000  0.765 0.000
114.25 115.25   10.84 0.000  0.60 0.000 9.999 0.259 9.99 0.259  0.046 0.000   0.521 0.000   0.729 0.000   3.698 0.000   2.054 0.000   1.645 0.000 0.015 0.000  0.089 0.000
117.25 118.25   38.65 0.000  1.93 0.000 9.999 0.259 9.99 0.259  0.055 0.000   0.851 0.000   1.191 0.000  12.208 0.000   8.078 0.000   4.130 0.000 0.048 0.000  0.340 0.000
120.25 121.25   45.88 0.000  2.10 0.000 9.999 0.259 0.13 0.000  0.069 0.000   1.241 0.000   1.738 0.000  13.517 0.000   6.511 0.000   7.006 0.000 0.056 0.000  0.854 0.000
123.25 124.25   32.03 0.000  1.74 0.000 0.069 0.000 0.10 0.000  0.246 0.000   0.707 0.000   0.989 0.000   8.060 0.000   3.930 0.000   4.130 0.000 0.027 0.000  0.499 0.000
126.25 127.25   55.02 0.000  2.12 0.000 9.999 0.259 0.18 0.000  0.058 0.000   2.710 0.000   3.793 0.000  17.998 0.000   8.257 0.000   9.741 0.000 0.052 0.000  1.093 0.000
129.25 130.25   65.33 0.000  2.06 0.000 0.077 0.000 0.43 0.000  0.082 0.000   2.243 0.000   3.140 0.000  23.231 0.000   7.544 0.000  15.687 0.000 0.073 0.000  2.123 0.000
132.25 133.25   12.00 0.000  0.61 0.000 0.045 0.000 0.15 0.000  0.042 0.000   0.845 0.000   1.183 0.000   7.150 0.000   3.396 0.000   3.754 0.000 0.033 0.000  0.490 0.000
135.25 136.25   11.06 0.000  1.82 0.000 0.053 0.000 9.99 0.259  0.125 0.000   0.830 0.000   1.162 0.000  12.566 0.000   7.342 0.000   5.224 0.000 0.022 0.000  0.832 0.000
138.25 139.25   24.27 0.000  0.96 0.000 9.999 0.259 0.33 0.000  0.095 0.000   1.130 0.000   1.582 0.000  13.457 0.000   5.819 0.000   7.639 0.000 0.047 0.000  1.186 0.000
141.25 142.25   35.42 0.000  0.77 0.000 9.999 0.259 0.40 0.000  0.109 0.000   1.411 0.000   1.975 0.000  15.605 0.000   6.025 0.000   9.580 0.000 0.047 0.000  1.455 0.000
144.25 145.25   31.44 0.000  0.84 0.000 9.999 0.259 0.28 0.000  0.103 0.000   1.628 0.000   2.279 0.000  18.327 0.000   5.902 0.000  12.425 0.000 0.059 0.000  1.934 0.000
147.25 148.25   29.14 0.000  1.01 0.000 0.195 0.000 0.24 0.000  0.141 0.000   2.475 0.000   3.465 0.000  20.669 0.000   6.623 0.000  14.046 0.000 0.107 0.000  1.840 0.000
150.25 151.25   40.33 0.000  0.73 0.000 9.999 0.259 0.43 0.000  0.076 0.000   3.115 0.000   4.362 0.000  22.753 0.000   7.845 0.000  14.908 0.000 0.168 0.000  1.895 0.000
153.25 154.25   39.66 0.000  1.07 0.000 9.999 0.259 9.99 0.259  0.026 0.000   1.296 0.000   1.814 0.000  13.276 0.000   8.316 0.000   4.960 0.000 0.045 0.000  0.365 0.000
156.25 157.25   41.07 0.000  2.50 0.000 9.999 0.259 0.11 0.000  0.042 0.000   2.488 0.000   3.483 0.000  17.710 0.000   5.721 0.000  11.989 0.000 0.102 0.000  1.404 0.000
159.25 160.25   94.72 0.000  0.67 0.000 9.999 0.259 0.37 0.000  0.072 0.000   1.177 0.000   1.648 0.000  13.333 0.000   5.812 0.000   7.521 0.000 0.089 0.000  0.851 0.000
162.25 163.25   93.48 0.000  1.25 0.000 9.999 0.259 0.34 0.000  0.103 0.000   1.518 0.000   2.125 0.000  15.820 0.000   6.530 0.000   9.290 0.000 0.091 0.000  1.171 0.000
165.25 166.25   71.03 0.000  0.74 0.000 9.999 0.259 0.20 0.000  0.061 0.000   1.521 0.000   2.129 0.000  11.969 0.000   4.333 0.000   7.636 0.000 0.050 0.000  0.799 0.000
168.25 169.25   34.83 0.000  1.01 0.000 9.999 0.259 0.12 0.000  0.039 0.000   1.587 0.000   2.222 0.000  12.368 0.000   4.742 0.000   7.627 0.000 0.078 0.000  0.935 0.000
171.25 172.25   29.93 0.000  3.86 0.000 0.066 0.000 0.15 0.000  0.034 0.000   1.954 0.000   2.735 0.000  15.005 0.000   5.022 0.000   9.983 0.000 0.057 0.000  1.132 0.000
174.25 175.25   19.53 0.000  1.50 0.000 0.050 0.000 0.12 0.000  0.025 0.000   0.852 0.000   1.192 0.000   8.211 0.000   4.225 0.000   3.986 0.000 0.029 0.000  0.407 0.000
177.25 178.25   28.78 0.000  3.13 0.000 9.999 0.259 9.99 0.259  0.037 0.000   1.242 0.000   1.739 0.000  14.300 0.000   5.501 0.000   8.798 0.000 0.041 0.000  1.252 0.000
180.25 181.25   33.22 0.000  5.52 0.000 9.999 0.259 9.99 0.259  0.055 0.000   2.706 0.000   3.789 0.000  21.948 0.000   5.073 0.000  16.875 0.000 0.079 0.000  2.389 0.000
183.25 184.25   14.26 0.000  0.59 0.000 9.999 0.259 9.99 0.259  0.034 0.000   0.859 0.000   1.202 0.000   7.889 0.000   3.187 0.000   4.702 0.000 0.036 0.000  0.618 0.000
186.25 187.25  564.41 0.000  2.73 0.000 9.999 0.259 9.99 0.259  0.119 0.000   1.893 0.000   2.651 0.000  35.301 0.000  17.158 0.000  18.143 0.000 0.422 0.000  1.167 0.000
189.25 190.25   35.56 0.000  0.60 0.000 0.030 0.000 9.99 0.259  0.044 0.000   1.411 0.000   1.975 0.000  10.375 0.000   3.777 0.000   6.599 0.000 0.044 0.000  0.684 0.000
192.25 193.25   56.01 0.000  1.09 0.000 9.999 0.259 0.29 0.000  0.054 0.000   1.616 0.000   2.263 0.000  13.437 0.000   3.927 0.000   9.509 0.000 0.057 0.000  1.159 0.000
195.25 196.25  289.93 0.000  1.35 0.000 0.117 0.000 0.14 0.000  0.098 0.000   1.795 0.000   2.513 0.000  24.061 0.000  13.269 0.000  10.792 0.000 0.154 0.000  0.624 0.000
198.25 199.25   50.30 0.000  1.74 0.000 9.999 0.259 9.99 0.259  0.060 0.000   2.152 0.000   3.013 0.000  12.903 0.000   5.487 0.000   7.416 0.000 0.063 0.000  0.600 0.000
201.25 202.25   52.77 0.000  1.41 0.000 9.999 0.259 9.99 0.259  0.042 0.000   4.887 0.000   6.842 0.000  24.149 0.000   8.367 0.000  15.781 0.000 0.101 0.000  1.038 0.000
204.25 205.25   45.64 0.000  1.78 0.000 9.999 0.259 0.07 0.000  0.047 0.000   8.112 0.000  11.357 0.000  36.926 0.000   5.897 0.000  31.029 0.000 0.143 0.000  3.178 0.000
207.25 208.25   22.00 0.000  3.25 0.000 9.999 0.259 9.99 0.259  0.026 0.000   1.876 0.000   2.626 0.000  15.005 0.000   4.353 0.000  10.652 0.000 0.036 0.000  1.439 0.000
210.25 211.25   39.51 0.000  3.47 0.000 9.999 0.259 0.08 0.000  0.038 0.000   3.397 0.000   4.755 0.000  20.376 0.000   3.077 0.000  17.299 0.000 0.056 0.000  2.190 0.000
213.25 214.25   20.06 0.000  1.47 0.000 9.999 0.259 9.99 0.259  0.021 0.000   2.206 0.000   3.088 0.000  12.862 0.000   2.429 0.000  10.432 0.000 0.047 0.000  1.236 0.000
216.25 217.25   60.79 0.000  0.82 0.000 9.999 0.259 0.12 0.000  0.045 0.000   3.504 0.000   4.906 0.000  21.655 0.000   3.687 0.000  17.968 0.000 0.062 0.000  2.297 0.000
219.25 220.25   23.73 0.000  1.59 0.000 9.999 0.259 9.99 0.259  0.030 0.000   1.851 0.000   2.591 0.000  15.832 0.000   4.289 0.000  11.543 0.000 0.033 0.000  1.606 0.000
222.25 223.25   32.06 0.000  1.45 0.000 9.999 0.259 0.10 0.000  0.044 0.000   2.577 0.000   3.608 0.000  19.641 0.000   8.158 0.000  11.483 0.000 0.051 0.000  1.409 0.000
225.25 226.25   16.12 0.000  1.33 0.000 9.999 0.259 9.99 0.259  0.027 0.000   0.771 0.000   1.079 0.000   8.432 0.000   5.146 0.000   3.286 0.000 0.021 0.000  0.340 0.000
228.25 229.25   29.59 0.000  2.60 0.000 9.999 0.259 0.07 0.000  0.046 0.000   2.804 0.000   3.925 0.000  18.697 0.000   4.713 0.000  13.984 0.000 0.064 0.000  1.771 0.000
231.25 232.25   46.05 0.000  1.61 0.000 9.999 0.259 0.17 0.000  0.037 0.000   3.844 0.000   5.382 0.000  21.203 0.000   4.670 0.000  16.533 0.000 0.082 0.000  1.858 0.000
234.25 235.25   15.58 0.000  1.20 0.000 9.999 0.259 9.99 0.259  0.025 0.559   1.515 0.000   2.120 0.000  12.914 0.000   2.529 0.000  10.385 0.000 0.033 0.000  1.743 0.559
237.25 238.25   73.64 0.000  0.51 0.000 9.999 0.259 0.39 0.000  0.051 0.000   1.754 0.000   2.455 0.000  16.285 0.000   4.783 0.000  11.502 0.000 0.077 0.000  1.517 0.000
240.25 241.25  343.07 0.000  1.17 0.000 9.999 0.259 0.13 0.000  0.081 0.000   1.696 0.000   2.374 0.000  21.532 0.000   9.356 0.000  12.176 0.000 0.185 0.000  0.695 0.000
243.25 244.25   19.77 0.000  3.08 0.000 9.999 0.259 0.41 0.000  0.018 0.000   1.165 0.000   1.631 0.000  14.248 0.000   5.395 0.000   8.854 0.000 0.024 0.000  1.177 0.000
246.25 247.25   50.61 0.000  1.93 0.000 9.999 0.259 0.16 0.000  0.023 0.000   2.760 0.000   3.864 0.000  27.285 0.000   4.801 0.000  22.484 0.000 0.066 0.000  3.628 0.000
249.25 250.25   20.86 0.000  0.97 0.000 0.086 0.000 9.99 0.259  0.018 0.000   1.410 0.000   1.974 0.000  10.662 0.000   4.674 0.000   5.988 0.000 0.042 0.000  0.734 0.000
252.25 253.25   31.91 0.000  2.04 0.000 9.999 0.259 0.18 0.000  0.037 0.000   1.142 0.000   1.599 0.000  13.889 0.000   7.805 0.000   6.084 0.000 0.030 0.000  0.632 0.000
255.25 256.25   52.99 0.000  2.00 0.000 9.999 0.259 0.08 0.000  0.030 0.000   3.560 0.000   4.984 0.000  27.116 0.000   6.500 0.000  20.616 0.000 0.142 0.000  2.846 0.000
258.25 259.25   24.45 0.000  1.19 0.000 9.999 0.259 0.29 0.000  0.049 0.000   2.606 0.000   3.649 0.000  14.951 0.000   4.426 0.000  10.525 0.000 0.102 0.000  1.115 0.000
261.25 262.25   47.24 0.000  2.04 0.000 0.099 0.000 9.99 0.259  0.036 0.000   2.172 0.000   3.041 0.000  15.400 0.000   8.302 0.000   7.099 0.000 0.159 0.000  0.484 0.000
264.25 265.25   35.61 0.000  1.41 0.000 9.999 0.259 0.11 0.000  0.046 0.000   3.534 0.000   4.948 0.000  17.954 0.000   7.416 0.000  10.537 0.000 0.132 0.000  0.719 0.000
267.25 268.25   52.82 0.000  0.69 0.000 0.068 0.000 0.22 0.000  0.120 0.000   4.075 0.000   5.705 0.000  21.446 0.000   9.370 0.000  12.076 0.000 0.245 0.000  0.714 0.000
270.25 271.25   55.59 0.000  3.96 0.000 9.999 0.259 9.99 0.259  0.043 0.000   1.254 0.000   1.756 0.000  21.825 0.000  12.587 0.000   9.239 0.000 0.050 0.000  0.956 0.000
273.25 274.25   58.58 0.000  1.70 0.000 0.238 0.000 0.16 0.000  0.099 0.000   3.772 0.000   5.281 0.000  28.734 0.000  16.550 0.000  12.184 0.000 0.289 0.000  0.595 0.000
276.25 277.25   26.17 0.000  1.09 0.000 9.999 0.259 0.08 0.000  0.028 0.000   1.419 0.000   1.987 0.000  11.916 0.000   7.074 0.000   4.843 0.000 0.065 0.000  0.380 0.000
