scripts/IMPROVE-2019_partial/data/US0025R.20060102080000.20191216000000.filterpack..pm25.52w.1w.US03L_filterpack_US0025.US03L_IMPROVE_Davis.lev2.nas
66 1001
MISSING INFORMATION
US03L, IMPROVE, , , , , , , 
MISSING INFORMATION
IMPROVE sel_HTAP
1 1
2006 01 01 2019 12 16
3.000000
days from file reference point
27
1 1 1 1 1 1 1 1 1 1 1 1 1 1 1 1 1 1 1 1 1 1 1 1 1 1 1
999.999999 9999.99 9.999 99.99 9.999 9.999 9.999999 99.99 9.999999 9.999 9.999 999.999 9.999 999.999 9.999 999.9 9.999999 999.999 9.999 999.999 9.999 999.999 9.999 9.999 9.999 99.999 9.999
end_time of measurement, days from the file reference point
iron, ng/m3, Revision date=20181210133000
numflag iron, no unit, Revision date=20181210133000
lead, ng/m3, Revision date=20181210133000
numflag lead, no unit, Revision date=20181210133000
magnesium, ug/m3, Revision date=20181210133000
numflag magnesium, no unit, Revision date=20181210133000
nickel, ng/m3, Revision date=20181210133000
numflag nickel, no unit, Revision date=20181210133000
nitrate, ug N/m3, Revision date=20181210133000
numflag nitrate, no unit, Revision date=20181210133000
organic_carbon, ug C/m3, Revision date=20181210133000
numflag organic_carbon, no unit, Revision date=20181210133000
organic_mass, ug/m3, Revision date=20181210133000
numflag organic_mass, no unit, Revision date=20181210133000
phosphorus, ng/m3, Revision date=20181210133000
numflag phosphorus, no unit, Revision date=20181210133000
pm10_mass, ug/m3, Version=2, Version description=Data extracted from http://views.cira.colostate.edu/fed/DataWizard 2019-12-16, Sample duration=1d, Orig. time res.=3d, Matrix=pm10, Blank correction=Blank corrected, Volume std. temperature=ambient, Volume std. pressure=ambient
numflag pm10_mass, no unit, Version=2, Version description=Data extracted from http://views.cira.colostate.edu/fed/DataWizard 2019-12-16, Sample duration=1d, Orig. time res.=3d, Matrix=pm10, Blank correction=Blank corrected, Volume std. temperature=ambient, Volume std. pressure=ambient
pm10_pm25_mass, ug/m3, Revision date=20181210133000, Matrix=pm10_pm25
numflag pm10_pm25_mass, no unit, Revision date=20181210133000, Matrix=pm10_pm25
pm25_mass, ug/m3, Version=2, Version description=Data extracted from http://views.cira.colostate.edu/fed/DataWizard 2019-12-16, Sample duration=1d, Orig. time res.=3d, Blank correction=Blank corrected, Volume std. temperature=ambient, Volume std. pressure=ambient
numflag pm25_mass, no unit, Version=2, Version description=Data extracted from http://views.cira.colostate.edu/fed/DataWizard 2019-12-16, Sample duration=1d, Orig. time res.=3d, Blank correction=Blank corrected, Volume std. temperature=ambient, Volume std. pressure=ambient
potassium, ug/m3, Revision date=20181210133000
numflag potassium, no unit, Revision date=20181210133000
sulphate_total, ug S/m3, Revision date=20181210133000
numflag sulphate_total, no unit, Revision date=20181210133000
0
25
Data definition:              EBAS_1.1
Set type code:                TU
Timezone:                     UTC
File name:                    US0025R.20060102080000.20191216000000.filterpack..pm25.52w.1w.US03L_filterpack_US0025.US03L_IMPROVE_Davis.lev2.nas
File creation:                20191218115706
Startdate:                    20060102080000
Revision date:                20191216000000
Statistics:                   arithmetic mean
Data level:                   2
Period code:                  52w
Resolution code:              1w
Station code:                 US0025R
Platform code:                US0025S
Station name:                 Agua Tibia
Station latitude:             33.4636
Station longitude:            -116.9706
Station altitude:             507.0 m
Regime:                       IMG
Component:                    
Matrix:                       pm25
Laboratory code:              US03L
Instrument type:              filterpack
Instrument name:              filterpack_US0025
Method ref:                   US03L_IMPROVE_Davis
starttime endtime Fe flag_Fe Pb flag_Pb Mg++ flag_Mg++ Ni flag_Ni NO3- flag_NO3- OC flag_OC OM flag_OM P flag_P PM10 flag_PM10 PM10-PM2.5 flag_PM10-PM2.5 PM2.5 flag_PM2.5 K+ flag_K+ SO4-- flag_SO4--
  1.333333   2.333333 9999.99 0.999 99.99 0.999 9.999 0.999000 99.99 0.999000 9.999 0.999 999.999 0.999 999.999 0.999 999.9 0.999000 999.999 0.999 999.999 0.999 999.999 0.999 9.999 0.999 99.999 0.999
  4.333333   5.333333 9999.99 0.999 99.99 0.999 9.999 0.999000 99.99 0.999000 9.999 0.999 999.999 0.999 999.999 0.999 999.9 0.999000 999.999 0.999 999.999 0.999 999.999 0.999 9.999 0.999 99.999 0.999
  7.333333   8.333333   16.45 0.659  0.68 0.659 0.006 0.659000 99.99 0.659259 0.020 0.659   0.400 0.659   0.560 0.659 999.9 0.659259   3.552 0.659   2.265 0.659   1.287 0.659 0.012 0.659  0.055 0.659
 10.333333  11.333333 9999.99 0.999 99.99 0.999 9.999 0.999000 99.99 0.999000 9.999 0.999 999.999 0.999 999.999 0.999 999.9 0.999000 999.999 0.999 999.999 0.999 999.999 0.999 9.999 0.999 99.999 0.999
 13.333333  14.333333   90.82 0.659  1.95 0.659 0.028 0.659000  0.15 0.659000 0.333 0.659   0.905 0.659   1.268 0.659 999.9 0.659259  12.787 0.659   8.880 0.659   3.906 0.659 0.053 0.659  0.115 0.659
 16.333333  17.333333    9.48 0.659  0.32 0.659 0.021 0.659000  0.58 0.659000 0.105 0.659   0.497 0.659   0.695 0.659 999.9 0.659259   5.057 0.659   2.808 0.659   2.249 0.659 0.013 0.659  0.177 0.659
 19.333333  20.333333   62.27 0.659  1.40 0.659 0.027 0.659000  0.11 0.659000 0.053 0.659   0.589 0.659   0.824 0.659 999.9 0.659259  11.637 0.659   8.460 0.659   3.177 0.659 0.046 0.659  0.183 0.659
 22.333333  23.333333   35.42 0.659  2.55 0.659 9.999 0.659259  0.80 0.659000 0.320 0.659   1.010 0.659   1.414 0.659 999.9 0.659259  10.172 0.659   4.307 0.659   5.865 0.659 0.033 0.659  0.542 0.659
 25.333333  26.333333 9999.99 0.999 99.99 0.999 9.999 0.999000 99.99 0.999000 9.999 0.999 999.999 0.999 999.999 0.999 999.9 0.999000 999.999 0.999 999.999 0.999 999.999 0.999 9.999 0.999 99.999 0.999
 28.333333  29.333333 9999.99 0.999 99.99 0.999 9.999 0.999000 99.99 0.999000 9.999 0.999 999.999 0.999 999.999 0.999 999.9 0.999000 999.999 0.999 999.999 0.999 999.999 0.999 9.999 0.999 99.999 0.999
 31.333333  32.333333 9999.99 0.999 99.99 0.999 9.999 0.999000 99.99 0.999000 9.999 0.999 999.999 0.999 999.999 0.999 999.9 0.999000 999.999 0.999 999.999 0.999 999.999 0.999 9.999 0.999 99.999 0.999
 34.333333  35.333333   53.77 0.000  2.23 0.000 9.999 0.259000  0.42 0.000000 0.095 0.000   1.289 0.000   1.805 0.000 999.9 0.259000  10.434 0.000   5.963 0.000   4.471 0.000 0.035 0.000  0.238 0.000
 37.333333  38.333333   29.45 0.000  0.60 0.000 0.011 0.000000 99.99 0.259000 0.011 0.000   0.187 0.000   0.262 0.000 999.9 0.259000   3.829 0.000   2.824 0.000   1.005 0.000 0.017 0.000  0.058 0.000
 40.333333  41.333333   75.37 0.000  2.35 0.000 9.999 0.259000  0.52 0.000000 0.176 0.000   1.207 0.000   1.690 0.000 999.9 0.259000  13.403 0.000   8.774 0.000   4.629 0.000 0.040 0.000  0.160 0.000
 43.333333  44.333333   42.89 0.000  0.89 0.000 9.999 0.259000 99.99 0.259000 0.018 0.000   0.340 0.000   0.477 0.000 999.9 0.259000   3.731 0.000   2.058 0.000   1.672 0.000 0.022 0.000  0.066 0.000
 46.333333  47.333333   29.57 0.000  0.84 0.000 0.031 0.000000  0.47 0.000000 0.294 0.000   0.592 0.000   0.828 0.000 999.9 0.259000  14.521 0.000   9.440 0.000   5.082 0.000 0.037 0.000  0.297 0.000
 49.333333  50.333333    3.46 0.000  0.37 0.000 9.999 0.259000 99.99 0.259000 0.066 0.000   0.525 0.000   0.735 0.000 999.9 0.259000   2.387 0.000   1.100 0.000   1.287 0.000 0.011 0.000  0.080 0.000
 52.333333  53.333333   40.33 0.000  2.09 0.000 9.999 0.259000  0.41 0.000000 0.450 0.000   0.755 0.000   1.057 0.000 999.9 0.259000   8.197 0.000   4.117 0.000   4.081 0.000 0.026 0.000  0.191 0.000
 55.333333  56.333333   58.59 0.000  2.27 0.000 9.999 0.259000  0.74 0.000000 0.381 0.000   1.039 0.000   1.455 0.000 999.9 0.259000   9.640 0.000   4.516 0.000   5.124 0.000 0.039 0.000  0.277 0.000
 58.333333  59.333333    3.67 0.000  0.36 0.000 9.999 0.259000  0.28 0.000000 0.078 0.000   0.404 0.000   0.566 0.000 999.9 0.259000   4.545 0.000   2.771 0.000   1.774 0.000 0.012 0.000  0.092 0.000
 61.333333  62.333333   11.67 0.000  1.11 0.000 9.999 0.259000  0.39 0.000000 0.086 0.000   0.471 0.000   0.660 0.000 999.9 0.259000   4.413 0.000   2.474 0.000   1.940 0.000 0.015 0.000  0.149 0.000
 64.333333  65.333333   28.49 0.000  2.69 0.000 9.999 0.259000  0.52 0.000000 0.178 0.000   1.163 0.000   1.628 0.000 999.9 0.259000   8.096 0.000   4.047 0.000   4.048 0.000 0.027 0.000  0.188 0.000
 67.333333  68.333333   23.03 0.000  1.59 0.000 9.999 0.259000  0.54 0.000000 0.271 0.000   0.667 0.000   0.934 0.000 999.9 0.259000  11.137 0.000   6.129 0.000   5.008 0.000 0.033 0.000  0.351 0.000
 70.333333  71.333333    4.76 0.000  0.36 0.000 9.999 0.259000  0.38 0.000000 0.056 0.000   0.189 0.000   0.264 0.000 999.9 0.259000   5.392 0.000   3.303 0.000   2.089 0.000 0.013 0.000  0.149 0.000
 73.333333  74.333333   64.64 0.000  1.96 0.000 9.999 0.259000  0.45 0.000000 0.242 0.000   0.700 0.000   0.980 0.000 999.9 0.259000  10.127 0.000   5.360 0.000   4.767 0.000 0.048 0.000  0.392 0.000
 76.333333  77.333333   14.16 0.000  0.30 0.000 9.999 0.259000  0.37 0.000000 0.086 0.000   0.232 0.000   0.324 0.000 999.9 0.259000   6.637 0.000   3.727 0.000   2.910 0.000 0.022 0.000  0.227 0.000
 79.333333  80.333333   15.42 0.000  0.32 0.000 0.025 0.000000 99.99 0.259000 0.069 0.000   0.235 0.000   0.329 0.000 999.9 0.259000   5.399 0.000   3.124 0.000   2.275 0.000 0.020 0.000  0.134 0.000
 82.333333  83.333333   76.67 0.000  1.92 0.000 9.999 0.259000  0.69 0.000000 0.226 0.000   1.129 0.000   1.580 0.000 999.9 0.259000  10.234 0.000   5.633 0.000   4.601 0.000 0.034 0.000  0.191 0.000
 85.333333  86.333333   32.60 0.000  1.89 0.000 9.999 0.259000  0.51 0.000000 0.461 0.000   1.111 0.000   1.555 0.000 999.9 0.259000  12.815 0.000   7.084 0.000   5.731 0.000 0.036 0.000  0.391 0.000
 88.333333  89.333333   15.54 0.000  1.10 0.000 9.999 0.259000  0.50 0.000000 0.162 0.000   0.363 0.000   0.508 0.000 999.9 0.259000   6.078 0.000   3.146 0.000   2.933 0.000 0.021 0.000  0.263 0.000
 91.333333  92.333333   72.03 0.000  3.15 0.000 0.027 0.000000  0.22 0.000000 0.123 0.000   0.566 0.000   0.792 0.000 999.9 0.259000   8.695 0.000   3.341 0.000   5.353 0.000 0.068 0.000  0.579 0.000
 94.333333  95.333333 9999.99 0.999 99.99 0.999 9.999 0.999000 99.99 0.999000 9.999 0.999 999.999 0.999 999.999 0.999 999.9 0.999000 999.999 0.999 999.999 0.999 999.999 0.999 9.999 0.999 99.999 0.999
 97.333333  98.333333   20.97 0.000  1.39 0.000 0.014 0.000000  0.50 0.000000 0.151 0.000   0.610 0.000   0.854 0.000 999.9 0.259000   6.500 0.000   3.120 0.000   3.380 0.000 0.018 0.000  0.332 0.000
100.333333 101.333333   21.26 0.000  1.30 0.000 0.014 0.000000  0.28 0.000000 0.102 0.000   0.465 0.000   0.651 0.000 999.9 0.259000   5.407 0.000   2.976 0.000   2.431 0.000 0.016 0.000  0.187 0.000
103.333333 104.333333   31.96 0.000  1.41 0.000 9.999 0.259000  0.46 0.000000 0.106 0.000   0.692 0.000   0.969 0.000 999.9 0.259000   5.572 0.000   2.615 0.000   2.957 0.000 0.021 0.000  0.252 0.000
106.333333 107.333333   35.72 0.000  0.39 0.000 0.032 0.000000  0.46 0.000000 0.115 0.000   0.330 0.000   0.462 0.000 999.9 0.259000   7.386 0.000   4.150 0.000   3.236 0.000 0.029 0.000  0.338 0.000
109.333333 110.333333  118.48 0.000  2.51 0.000 0.046 0.000000  0.95 0.000000 0.195 0.000   1.347 0.000   1.885 0.000 999.9 0.259000  14.950 0.000   8.651 0.000   6.300 0.000 0.060 0.000  0.335 0.000
112.333333 113.333333   24.79 0.000  0.52 0.000 0.022 0.000000  0.19 0.000000 0.052 0.000   0.311 0.000   0.435 0.000 999.9 0.259000   4.229 0.000   2.139 0.000   2.090 0.000 0.025 0.000  0.143 0.000
115.333333 116.333333   71.37 0.000  1.09 0.000 0.035 0.000000  0.33 0.000000 0.078 0.000   0.347 0.000   0.486 0.000 999.9 0.259000   7.704 0.000   4.096 0.000   3.609 0.000 0.047 0.000  0.349 0.000
118.333333 119.333333   62.00 0.000  1.84 0.000 0.042 0.000000  1.80 0.000000 0.514 0.000   1.215 0.000   1.700 0.000 999.9 0.259000  15.031 0.000   6.161 0.000   8.870 0.000 0.051 0.000  1.033 0.000
121.333333 122.333333   39.70 0.000  1.66 0.000 9.999 0.259000  0.88 0.000000 0.528 0.000   1.331 0.000   1.864 0.000 999.9 0.259000  12.636 0.000   4.255 0.000   8.381 0.000 0.022 0.000  0.767 0.000
124.333333 125.333333   73.46 0.000  1.70 0.000 9.999 0.259000  1.12 0.000000 0.458 0.000   0.874 0.000   1.223 0.000 999.9 0.259000  16.974 0.000   8.713 0.000   8.261 0.000 0.065 0.000  0.874 0.000
127.333333 128.333333   61.11 0.000  1.81 0.000 9.999 0.259000  1.27 0.000000 0.616 0.000   1.717 0.000   2.403 0.000 999.9 0.259000  18.831 0.000   7.008 0.000  11.823 0.000 0.050 0.000  1.190 0.000
130.333333 131.333333  116.04 0.000  2.37 0.000 9.999 0.259000  1.54 0.000000 0.628 0.559   1.904 0.000   2.666 0.000 999.9 0.259000  23.833 0.000   9.298 0.000  14.535 0.000 0.057 0.000  1.596 0.559
133.333333 134.333333  120.22 0.000  2.86 0.000 9.999 0.259000  1.26 0.000000 0.289 0.559   1.934 0.000   2.707 0.000 999.9 0.259000  23.203 0.000  11.082 0.000  12.121 0.000 0.084 0.000  1.170 0.559
136.333333 137.333333   82.60 0.000  1.73 0.000 9.999 0.259000  2.33 0.000000 0.447 0.000   1.648 0.000   2.307 0.000 999.9 0.259000  22.113 0.000   7.724 0.000  14.389 0.000 0.061 0.000  1.856 0.000
139.333333 140.333333   77.66 0.000  2.45 0.000 9.999 0.259000  1.15 0.000000 0.210 0.559   1.413 0.000   1.978 0.000 999.9 0.259000  17.880 0.000   8.389 0.000   9.491 0.000 0.052 0.000  1.136 0.559
142.333333 143.333333 9999.99 0.699 99.99 0.699 9.999 0.699000 99.99 0.699000 9.999 0.699 999.999 0.699 999.999 0.699 999.9 0.699000   3.292 0.000 999.999 0.699 999.999 0.699 9.999 0.699 99.999 0.699
145.333333 146.333333   47.75 0.000  1.66 0.000 9.999 0.259000  0.95 0.000000 0.546 0.000   1.416 0.000   1.983 0.000 999.9 0.259000  18.293 0.000   8.941 0.000   9.352 0.000 0.054 0.000  0.895 0.000
148.333333 149.333333   59.38 0.000  1.62 0.000 9.999 0.259000  1.06 0.000000 0.247 0.559   1.586 0.000   2.221 0.000 999.9 0.259000  15.991 0.000   8.728 0.000   7.262 0.000 0.052 0.000  0.387 0.559
151.333333 152.333333   82.02 0.000  2.39 0.000 0.048 0.000000  1.26 0.000000 0.234 0.000   1.940 0.000   2.716 0.000 999.9 0.259000  20.919 0.000  11.556 0.000   9.363 0.000 0.070 0.000  0.756 0.000
154.333333 155.333333   64.75 0.000  2.13 0.000 0.029 0.000000  1.28 0.000000 0.099 0.559   1.879 0.000   2.631 0.000 999.9 0.259000  16.920 0.000   7.569 0.000   9.352 0.000 0.049 0.000  0.874 0.559
157.333333 158.333333   36.74 0.000  1.06 0.000 9.999 0.259000  0.92 0.000000 0.816 0.559   1.435 0.000   2.009 0.000 999.9 0.259000  13.318 0.000   4.265 0.000   9.053 0.000 0.022 0.000  0.750 0.559
160.333333 161.333333   30.33 0.000  1.31 0.000 0.028 0.000000  0.52 0.000000 0.248 0.000   1.150 0.000   1.610 0.000 999.9 0.259000  10.922 0.000   5.270 0.000   5.652 0.000 0.031 0.000  0.502 0.000
163.333333 164.333333 9999.99 0.456 99.99 0.456 9.999 0.456000 99.99 0.456000 9.999 0.456 999.999 0.456 999.999 0.456 999.9 0.456000 999.999 0.456 999.999 0.456 999.999 0.456 9.999 0.456 99.999 0.456
166.333333 167.333333 9999.99 0.456 99.99 0.456 9.999 0.456000 99.99 0.456000 9.999 0.456 999.999 0.456 999.999 0.456 999.9 0.456000 999.999 0.456 999.999 0.456 999.999 0.456 9.999 0.456 99.999 0.456
169.333333 170.333333 9999.99 0.456 99.99 0.456 9.999 0.456000 99.99 0.456000 9.999 0.456 999.999 0.456 999.999 0.456 999.9 0.456000 999.999 0.456 999.999 0.456 999.999 0.456 9.999 0.456 99.999 0.456
172.333333 173.333333   86.96 0.000  1.84 0.000 0.068 0.000000  1.08 0.000000 0.271 0.559   1.904 0.000   2.665 0.000 999.9 0.259000  23.576 0.000  12.303 0.000  11.273 0.000 0.089 0.000  1.041 0.559
175.333333 176.333333  106.29 0.000  1.87 0.000 0.053 0.000000  1.53 0.000000 0.128 0.559   2.826 0.000   3.956 0.000 999.9 0.259000  29.251 0.000  15.120 0.000  14.131 0.000 0.120 0.000  1.123 0.559
178.333333 179.333333  105.34 0.000  1.63 0.000 0.037 0.000000  0.53 0.000000 0.083 0.559   1.671 0.000   2.340 0.000 999.9 0.259000  26.808 0.000  18.664 0.000   8.144 0.000 0.147 0.000  0.494 0.559
181.333333 182.333333   63.83 0.000  2.77 0.000 9.999 0.259000  0.95 0.000000 0.139 0.559   1.517 0.000   2.730 0.000 999.9 0.259000  20.259 0.000  10.413 0.000   9.846 0.000 0.211 0.000  0.706 0.559
184.333333 185.333333   48.30 0.000  1.84 0.000 9.999 0.259000  1.38 0.000000 0.374 0.559   1.350 0.000   2.431 0.000 999.9 0.259000  21.659 0.000  11.074 0.000  10.585 0.000 0.104 0.000  1.065 0.559
187.333333 188.333333   51.82 0.000  1.40 0.000 9.999 0.259000  0.76 0.000000 0.203 0.559   0.968 0.000   1.742 0.000 999.9 0.259000  18.281 0.000  11.055 0.000   7.226 0.000 0.071 0.000  0.584 0.559
190.333333 191.333333   49.69 0.000  1.21 0.000 9.999 0.259000  1.41 0.000000 0.131 0.559   1.154 0.000   2.077 0.000 999.9 0.259000  18.227 0.000   9.504 0.000   8.723 0.000 0.066 0.000  0.935 0.559
193.333333 194.333333 9999.99 0.999 99.99 0.999 9.999 0.999000 99.99 0.999000 9.999 0.999 999.999 0.999 999.999 0.999 999.9 0.999000 999.999 0.999 999.999 0.999 999.999 0.999 9.999 0.999 99.999 0.999
196.333333 197.333333   53.54 0.000  1.65 0.000 9.999 0.259000  1.41 0.000000 9.999 0.999   1.980 0.000   3.564 0.000 999.9 0.259000  21.096 0.000  12.651 0.000   8.445 0.000 0.052 0.000 99.999 0.999
199.333333 200.333333   64.19 0.000  2.09 0.000 9.999 0.259000  2.12 0.000000 0.203 0.559   1.227 0.000   2.209 0.000 999.9 0.259000  23.657 0.000  12.317 0.000  11.339 0.000 0.077 0.000  1.380 0.559
202.333333 203.333333  132.16 0.000  1.94 0.000 9.999 0.259000  0.83 0.000000 0.095 0.559   1.963 0.000   3.533 0.000 999.9 0.259000  23.835 0.000  13.281 0.000  10.554 0.000 0.100 0.000  0.812 0.559
205.333333 206.333333   77.58 0.000  1.89 0.000 9.999 0.259000  1.65 0.000000 0.131 0.559   2.549 0.000   4.588 0.000 999.9 0.259000  23.639 0.000   9.564 0.000  14.075 0.000 0.094 0.000  1.424 0.559
208.333333 209.333333   54.56 0.000  0.96 0.000 9.999 0.259000  0.66 0.000000 0.081 0.559   0.490 0.000   0.883 0.000 999.9 0.259000  14.512 0.000   9.345 0.000   5.167 0.000 0.038 0.000  0.581 0.559
211.333333 212.333333   20.70 0.000  0.74 0.000 0.013 0.000000  0.43 0.000000 0.053 0.559   0.352 0.000   0.633 0.000 999.9 0.259000   7.435 0.000   4.169 0.000   3.267 0.000 0.017 0.000  0.427 0.559
214.333333 215.333333 9999.99 0.999 99.99 0.999 9.999 0.999000 99.99 0.999000 9.999 0.999 999.999 0.999 999.999 0.999 999.9 0.999000 999.999 0.999 999.999 0.999 999.999 0.999 9.999 0.999 99.999 0.999
217.333333 218.333333 9999.99 0.999 99.99 0.999 9.999 0.999000 99.99 0.999000 9.999 0.999 999.999 0.999 999.999 0.999 999.9 0.999000 999.999 0.999 999.999 0.999 999.999 0.999 9.999 0.999 99.999 0.999
220.333333 221.333333 9999.99 0.999 99.99 0.999 9.999 0.999000 99.99 0.999000 9.999 0.999 999.999 0.999 999.999 0.999 999.9 0.999000 999.999 0.999 999.999 0.999 999.999 0.999 9.999 0.999 99.999 0.999
223.333333 224.333333   43.46 0.000  1.38 0.000 0.068 0.000000  1.24 0.000000 0.234 0.559   1.071 0.000   1.928 0.000 999.9 0.259000  19.192 0.000   9.458 0.000   9.733 0.000 0.048 0.000  1.153 0.559
226.333333 227.333333   39.16 0.000  1.02 0.000 0.054 0.000000  1.04 0.000000 0.202 0.559   0.833 0.559   1.499 0.559 999.9 0.259000  16.378 0.000   8.956 0.000   7.422 0.000 0.041 0.000  0.844 0.559
229.333333 230.333333   51.23 0.000  1.13 0.000 0.024 0.000000  0.62 0.000000 0.071 0.559   0.722 0.000   1.299 0.000 999.9 0.259000  13.705 0.000   8.288 0.000   5.417 0.000 0.027 0.000  0.575 0.559
232.333333 233.333333   77.99 0.000  2.13 0.000 0.037 0.000000  2.10 0.000000 0.152 0.559   1.584 0.000   2.851 0.000 999.9 0.259000  23.473 0.000  11.542 0.000  11.931 0.000 0.057 0.000  1.388 0.559
235.333333 236.333333   58.10 0.000  1.70 0.000 0.027 0.000000  0.65 0.000000 0.101 0.559   0.500 0.000   0.900 0.000 999.9 0.259000  11.726 0.000   7.161 0.000   4.566 0.000 0.035 0.000  0.425 0.559
238.333333 239.333333   44.67 0.000  1.22 0.000 0.022 0.000000  0.73 0.000000 0.080 0.559   1.131 0.000   2.036 0.000 999.9 0.259000  11.609 0.000   5.722 0.000   5.887 0.000 0.085 0.000  0.435 0.559
