scripts/IMPROVE-2019_partial/data/US0073R.20020102050000.20191216000000.filterpack...52w.3d.US03L_filterpack_US0073_GRSM1.US03L_IMPROVE_Davis.lev2.nas
52 1001
MISSING INFORMATION
US03L, IMPROVE, , , , , , , 
MISSING INFORMATION
IMPROVE sel_HTAP
1 1
2002 01 01 2019 12 16
3.000000
days from file reference point
5
1 1 1 1 1
999.999999 999.999 9.999 999.999 9.999
end_time of measurement, days from the file reference point
pm10_mass, ug/m3, Matrix=pm10
numflag pm10_mass, no unit, Matrix=pm10
pm25_mass, ug/m3, Matrix=pm25
numflag pm25_mass, no unit, Matrix=pm25
0
33
Data definition:              EBAS_1.1
Set type code:                TU
Timezone:                     UTC
File name:                    US0073R.20020102050000.20191216000000.filterpack...52w.3d.US03L_filterpack_US0073_GRSM1.US03L_IMPROVE_Davis.lev2.nas
File creation:                20191218120025
Startdate:                    20020102050000
Revision date:                20191216000000
Version:                      2
Version description:          "Data extracted from http://views.cira.colostate.edu/fed/DataWizard 2019-12-16"
Statistics:                   arithmetic mean
Data level:                   2
Period code:                  52w
Resolution code:              3d
Sample duration:              1d
Orig. time res.:              3d
Station code:                 US0073R
Platform code:                US0073S
Station name:                 Great Smoky Mountains NP
Station latitude:             35.6334
Station longitude:            -83.9416
Station altitude:             810.0 m
Regime:                       IMG
Component:                    
Unit:                         ug/m3
Matrix:                       
Laboratory code:              US03L
Instrument type:              filterpack
Instrument name:              filterpack_US0073_GRSM1
Method ref:                   US03L_IMPROVE_Davis
Blank correction:             Blank corrected
Volume std. temperature:      ambient
Volume std. pressure:         ambient
starttime endtime PM10 flag_PM10 PM2.5 flag_PM2.5
  1.208333   2.208333  14.101 0.000  11.047 0.000
  4.208333   5.208333   6.944 0.000   6.040 0.000
  7.208333   8.208333   4.848 0.000   3.852 0.000
 10.208333  11.208333   4.476 0.000   3.080 0.000
 13.208333  14.208333   6.819 0.000   4.765 0.000
 16.208333  17.208333  12.676 0.000   9.054 0.000
 19.208333  20.208333   9.806 0.000   8.117 0.000
 22.208333  23.208333   5.572 0.000   4.427 0.000
 25.208333  26.208333   6.362 0.000   5.585 0.000
 28.208333  29.208333   8.730 0.000   7.076 0.000
 31.208333  32.208333   5.863 0.000   4.010 0.000
 34.208333  35.208333   6.145 0.000   5.143 0.000
 37.208333  38.208333   2.928 0.000   1.963 0.000
 40.208333  41.208333  10.022 0.000   8.287 0.000
 43.208333  44.208333  10.207 0.000   4.823 0.000
 46.208333  47.208333  10.584 0.000   7.794 0.000
 49.208333  50.208333   6.723 0.000   4.600 0.000
 52.208333  53.208333  11.953 0.000   9.950 0.000
 55.208333  56.208333  19.662 0.000  17.450 0.000
 58.208333  59.208333   7.071 0.000   4.668 0.000
 61.208333  62.208333   5.556 0.000   4.435 0.000
 64.208333  65.208333  10.793 0.000   8.049 0.000
 67.208333  68.208333   8.722 0.000   5.869 0.000
 70.208333  71.208333 999.999 0.456   7.224 0.000
 73.208333  74.208333 999.999 0.456   5.427 0.000
 76.208333  77.208333 999.999 0.456   7.351 0.000
 79.208333  80.208333  10.584 0.000   8.520 0.000
 82.208333  83.208333   9.564 0.000   7.179 0.000
 85.208333  86.208333   9.126 0.000   7.629 0.000
 88.208333  89.208333   3.026 0.000   2.284 0.000
 91.208333  92.208333  10.485 0.000   8.187 0.000
 94.208333  95.208333  12.592 0.000   8.107 0.000
 97.208333  98.208333  19.586 0.000  13.215 0.000
100.208333 101.208333  12.360 0.000   9.937 0.000
103.208333 104.208333   9.714 0.000   6.536 0.000
106.208333 107.208333  17.816 0.000  12.051 0.000
109.208333 110.208333  14.300 0.000   9.483 0.000
112.208333 113.208333   8.939 0.000   5.901 0.000
115.208333 116.208333  11.103 0.000   4.855 0.000
118.208333 119.208333   9.590 0.000   6.173 0.000
121.208333 122.208333  28.233 0.000  20.085 0.000
124.208333 125.208333  12.153 0.000   7.538 0.000
127.208333 128.208333  24.595 0.000  18.904 0.000
130.208333 131.208333  20.585 0.000  14.987 0.000
133.208333 134.208333  12.480 0.000   8.948 0.000
136.208333 137.208333  23.037 0.000  16.504 0.000
139.208333 140.208333  10.324 0.000   7.553 0.000
142.208333 143.208333  19.004 0.000  15.489 0.000
145.208333 146.208333  21.495 0.000  17.496 0.000
148.208333 149.208333  19.097 0.000  11.853 0.000
151.208333 152.208333  21.778 0.000  18.759 0.000
154.208333 155.208333 999.999 0.999 999.999 0.999
157.208333 158.208333  14.385 0.000   9.022 0.000
160.208333 161.208333  20.094 0.000  16.989 0.000
163.208333 164.208333  28.353 0.000  22.487 0.000
166.208333 167.208333  12.979 0.000   8.531 0.000
169.208333 170.208333 999.999 0.456  22.950 0.000
172.208333 173.208333 999.999 0.456  12.777 0.000
175.208333 176.208333 999.999 0.456   7.530 0.000
178.208333 179.208333  13.145 0.000   8.232 0.000
181.208333 182.208333  29.545 0.000  26.816 0.000
184.208333 185.208333  19.015 0.000  17.117 0.000
187.208333 188.208333  30.795 0.000  23.300 0.000
190.208333 191.208333  23.561 0.000  21.713 0.000
193.208333 194.208333   8.525 0.000   6.730 0.000
196.208333 197.208333  28.363 0.000  28.223 0.000
199.208333 200.208333  10.375 0.000   7.523 0.000
202.208333 203.208333  20.667 0.000  19.645 0.000
205.208333 206.208333  17.568 0.000  17.453 0.000
208.208333 209.208333  13.180 0.000  11.417 0.000
211.208333 212.208333  17.485 0.000  14.950 0.000
214.208333 215.208333  29.721 0.000  28.634 0.000
217.208333 218.208333  32.122 0.000  27.478 0.000
220.208333 221.208333  28.318 0.000  24.137 0.000
223.208333 224.208333  36.900 0.000  36.130 0.000
226.208333 227.208333  17.706 0.000  16.356 0.000
229.208333 230.208333   8.731 0.000   6.609 0.000
232.208333 233.208333  20.506 0.000  18.080 0.000
235.208333 236.208333  13.807 0.000  12.176 0.000
238.208333 239.208333  10.296 0.000   8.514 0.000
241.208333 242.208333  10.127 0.000   9.095 0.000
244.208333 245.208333  10.665 0.000   9.218 0.000
247.208333 248.208333  19.518 0.000  19.358 0.000
250.208333 251.208333  25.476 0.000  23.850 0.000
253.208333 254.208333  33.632 0.000  27.390 0.000
256.208333 257.208333   5.652 0.000   3.487 0.000
259.208333 260.208333  23.215 0.000  21.128 0.000
262.208333 263.208333  11.749 0.000   9.887 0.000
265.208333 266.208333  18.036 0.000  13.767 0.000
268.208333 269.208333   4.670 0.000   2.208 0.000
271.208333 272.208333  12.971 0.000   9.124 0.000
274.208333 275.208333  16.594 0.000  11.926 0.000
277.208333 278.208333  15.665 0.000  10.093 0.000
280.208333 281.208333  16.087 0.000  11.548 0.000
283.208333 284.208333  10.843 0.000   6.621 0.000
286.208333 287.208333  10.131 0.000   6.124 0.000
289.208333 290.208333  12.245 0.000   8.717 0.000
292.208333 293.208333  14.297 0.000  10.446 0.000
295.208333 296.208333  11.655 0.000   8.228 0.000
298.208333 299.208333   4.873 0.000   2.060 0.000
301.208333 302.208333   7.140 0.000   3.643 0.000
304.208333 305.208333  11.875 0.000  10.446 0.000
307.208333 308.208333   4.453 0.000   3.472 0.000
310.208333 311.208333   8.905 0.000   8.204 0.000
313.208333 314.208333   9.341 0.000   5.851 0.000
316.208333 317.208333   8.300 0.000   6.886 0.000
319.208333 320.208333   1.593 0.000   1.236 0.000
322.208333 323.208333  10.155 0.000   8.054 0.000
325.208333 326.208333   4.890 0.000   4.090 0.000
328.208333 329.208333  11.683 0.000   8.769 0.000
331.208333 332.208333   8.060 0.000   7.090 0.000
334.208333 335.208333  14.220 0.000   9.318 0.000
337.208333 338.208333   8.383 0.000   7.033 0.000
340.208333 341.208333   4.479 0.000   3.777 0.000
343.208333 344.208333   6.233 0.000   5.561 0.000
346.208333 347.208333   2.655 0.000   1.854 0.000
349.208333 350.208333 999.999 0.999 999.999 0.999
352.208333 353.208333   7.978 0.000   6.075 0.000
355.208333 356.208333   7.557 0.000   4.231 0.000
358.208333 359.208333   4.960 0.000   4.630 0.000
361.208333 362.208333   6.903 0.000   5.098 0.000
364.208333 365.208333   7.551 0.000   5.524 0.000
