scripts/IMPROVE-2019_partial/data/US0086R.20080101050000.20191216000000.filterpack...52w.3d.US03L_filterpack_US0086.US03L_IMPROVE_Davis.lev2.nas
52 1001
MISSING INFORMATION
US03L, IMPROVE, , , , , , , 
MISSING INFORMATION
IMPROVE sel_HTAP
1 1
2008 01 01 2019 12 16
3.000000
days from file reference point
5
1 1 1 1 1
999.999999 999.999 9.999 999.999 9.999
end_time of measurement, days from the file reference point
pm10_mass, ug/m3, Matrix=pm10
numflag pm10_mass, no unit, Matrix=pm10
pm25_mass, ug/m3, Matrix=pm25
numflag pm25_mass, no unit, Matrix=pm25
0
33
Data definition:              EBAS_1.1
Set type code:                TU
Timezone:                     UTC
File name:                    US0086R.20080101050000.20191216000000.filterpack...52w.3d.US03L_filterpack_US0086.US03L_IMPROVE_Davis.lev2.nas
File creation:                20191218120114
Startdate:                    20080101050000
Revision date:                20191216000000
Version:                      2
Version description:          "Data extracted from http://views.cira.colostate.edu/fed/DataWizard 2019-12-16"
Statistics:                   arithmetic mean
Data level:                   2
Period code:                  52w
Resolution code:              3d
Sample duration:              1d
Orig. time res.:              3d
Station code:                 US0086R
Platform code:                US0086S
Station name:                 Dolly Sods Wilderness
Station latitude:             39.1053
Station longitude:            -79.4261
Station altitude:             1182.0 m
Regime:                       IMG
Component:                    
Unit:                         ug/m3
Matrix:                       
Laboratory code:              US03L
Instrument type:              filterpack
Instrument name:              filterpack_US0086
Method ref:                   US03L_IMPROVE_Davis
Blank correction:             Blank corrected
Volume std. temperature:      ambient
Volume std. pressure:         ambient
starttime endtime PM10 flag_PM10 PM2.5 flag_PM2.5
  0.208333   1.208333   8.107 0.000   5.144 0.000
  3.208333   4.208333   2.715 0.000   1.726 0.000
  6.208333   7.208333   6.673 0.000   4.601 0.000
  9.208333  10.208333   4.474 0.000   1.835 0.000
 12.208333  13.208333  10.275 0.000   8.321 0.000
 15.208333  16.208333   6.262 0.000   5.703 0.000
 18.208333  19.208333   7.921 0.000   5.575 0.000
 21.208333  22.208333   3.869 0.000   2.321 0.000
 24.208333  25.208333   4.959 0.000   3.794 0.000
 27.208333  28.208333   9.550 0.000   7.298 0.000
 30.208333  31.208333   5.999 0.000   3.304 0.000
 33.208333  34.208333   8.809 0.000   5.842 0.000
 36.208333  37.208333   3.735 0.000   2.678 0.000
 39.208333  40.208333   8.091 0.000   5.912 0.000
 42.208333  43.208333  12.613 0.000  10.051 0.000
 45.208333  46.208333 999.999 0.456   5.176 0.000
 48.208333  49.208333   4.216 0.000   3.168 0.000
 51.208333  52.208333   8.785 0.000   7.851 0.000
 54.208333  55.208333   6.595 0.000   6.294 0.000
 57.208333  58.208333   6.079 0.000   5.106 0.000
 60.208333  61.208333   8.109 0.000   7.235 0.000
 63.208333  64.208333   7.120 0.000   5.414 0.000
 66.208333  67.208333   7.527 0.000   6.146 0.000
 69.208333  70.208333   8.746 0.000   6.219 0.000
 72.208333  73.208333  13.939 0.000   8.921 0.000
 75.208333  76.208333   7.907 0.000   7.332 0.000
 78.208333  79.208333   8.040 0.000   6.350 0.000
 81.208333  82.208333   9.483 0.000   7.629 0.000
 84.208333  85.208333  11.030 0.000   8.383 0.000
 87.208333  88.208333   8.269 0.000   5.949 0.000
 90.208333  91.208333   1.480 0.000   1.019 0.000
 93.208333  94.208333   5.956 0.000   3.453 0.000
 96.208333  97.208333   3.102 0.000   2.781 0.000
 99.208333 100.208333   9.560 0.000   7.312 0.000
102.208333 103.208333   8.169 0.000   4.787 0.000
105.208333 106.208333   7.055 0.000   4.576 0.000
108.208333 109.208333  16.195 0.000  11.873 0.000
111.208333 112.208333   3.245 0.000   2.566 0.000
114.208333 115.208333  15.609 0.000  11.953 0.000
117.208333 118.208333   9.790 0.000   6.546 0.000
120.208333 121.208333  12.638 0.000  10.059 0.000
123.208333 124.208333  17.655 0.000  11.116 0.000
126.208333 127.208333  17.296 0.000  11.546 0.000
129.208333 130.208333   6.112 0.000   5.298 0.000
132.208333 133.208333   4.785 0.000   4.614 0.000
135.208333 136.208333   9.368 0.000   7.737 0.000
138.208333 139.208333  10.693 0.000   5.708 0.000
141.208333 142.208333   9.965 0.000   6.095 0.000
144.208333 145.208333  10.372 0.000   6.269 0.000
147.208333 148.208333   8.094 0.000   6.351 0.000
150.208333 151.208333  16.964 0.000  11.828 0.000
153.208333 154.208333   8.494 0.000   5.866 0.000
156.208333 157.208333  11.163 0.000 999.999 0.999
159.208333 160.208333  22.759 0.000 999.999 0.999
162.208333 163.208333  12.425 0.000   8.671 0.000
165.208333 166.208333  20.810 0.000  17.588 0.000
168.208333 169.208333  10.347 0.000   6.361 0.000
171.208333 172.208333  11.104 0.000   7.821 0.000
174.208333 175.208333  12.713 0.000   8.852 0.000
177.208333 178.208333  21.287 0.000  14.282 0.000
180.208333 181.208333   8.745 0.000   5.443 0.000
183.208333 184.208333   9.861 0.000   7.478 0.000
186.208333 187.208333   6.330 0.000   5.397 0.000
189.208333 190.208333  16.533 0.000  13.328 0.000
192.208333 193.208333  12.367 0.000  10.273 0.000
195.208333 196.208333  10.989 0.000   7.526 0.000
198.208333 199.208333  28.443 0.000  24.533 0.000
201.208333 202.208333  24.262 0.000  20.896 0.000
204.208333 205.208333   9.512 0.000   7.786 0.000
207.208333 208.208333  16.619 0.000  13.288 0.000
210.208333 211.208333  22.612 0.000  19.830 0.000
213.208333 214.208333  17.304 0.000  13.933 0.000
216.208333 217.208333  12.465 0.000  10.380 0.000
219.208333 220.208333  13.769 0.000  11.348 0.000
222.208333 223.208333  11.758 0.000   9.653 0.000
225.208333 226.208333  14.895 0.000  11.859 0.000
228.208333 229.208333  12.104 0.000  10.648 0.000
231.208333 232.208333  20.516 0.000  16.323 0.000
234.208333 235.208333  13.029 0.000   8.273 0.000
237.208333 238.208333  19.076 0.000  14.695 0.000
240.208333 241.208333   0.987 0.000   0.620 0.000
243.208333 244.208333  12.260 0.000   9.506 0.000
246.208333 247.208333  22.210 0.000  18.483 0.000
249.208333 250.208333   8.775 0.000   6.713 0.000
252.208333 253.208333  11.062 0.000   9.448 0.000
255.208333 256.208333   6.162 0.000   5.020 0.000
258.208333 259.208333   4.721 0.000   3.604 0.000
261.208333 262.208333  15.362 0.000  11.213 0.000
264.208333 265.208333  19.145 0.000  16.118 0.000
267.208333 268.208333  10.989 0.000   7.087 0.000
270.208333 271.208333   1.764 0.000   1.244 0.000
273.208333 274.208333  10.684 0.000   8.247 0.000
276.208333 277.208333   8.013 0.000   4.498 0.000
279.208333 280.208333  10.625 0.000   7.389 0.000
282.208333 283.208333   6.137 0.000   5.103 0.000
285.208333 286.208333   7.147 0.000   3.610 0.000
288.208333 289.208333  13.482 0.000  10.392 0.000
291.208333 292.208333   5.030 0.000   3.290 0.000
294.208333 295.208333   8.703 0.000   6.266 0.000
297.208333 298.208333   6.950 0.000   4.009 0.000
300.208333 301.208333  11.167 0.000   4.560 0.000
303.208333 304.208333   5.899 0.000   4.993 0.000
306.208333 307.208333  23.205 0.000  15.995 0.000
309.208333 310.208333   5.144 0.000   3.521 0.000
312.208333 313.208333   7.739 0.000   4.642 0.000
315.208333 316.208333   8.267 0.000   6.081 0.000
318.208333 319.208333   5.575 0.000   4.264 0.000
321.208333 322.208333   5.981 0.000   5.193 0.000
324.208333 325.208333   9.628 0.000   7.121 0.000
327.208333 328.208333 999.999 0.456   2.552 0.000
330.208333 331.208333   6.790 0.000   4.395 0.000
333.208333 334.208333  12.111 0.000   4.625 0.000
336.208333 337.208333   5.878 0.000   3.912 0.000
339.208333 340.208333   6.928 0.000   5.713 0.000
342.208333 343.208333   3.584 0.000   1.693 0.000
345.208333 346.208333   0.456 0.000   0.378 0.000
348.208333 349.208333   4.652 0.000   2.873 0.000
351.208333 352.208333   1.347 0.000   0.983 0.000
354.208333 355.208333   2.525 0.000   1.886 0.000
357.208333 358.208333   3.418 0.000   2.249 0.000
360.208333 361.208333   3.805 0.000   2.499 0.000
363.208333 364.208333   4.632 0.000   2.988 0.000
