scripts/IMPROVE-2019_partial/data/US0098R.20050101080000.20191216000000.filterpack..pm25.52w.1w.US03L_filterpack_US0098.US03L_IMPROVE_Davis.lev2.nas
66 1001
MISSING INFORMATION
US03L, IMPROVE, , , , , , , 
MISSING INFORMATION
IMPROVE sel_HTAP
1 1
2005 01 01 2019 12 16
3.000000
days from file reference point
27
1 1 1 1 1 1 1 1 1 1 1 1 1 1 1 1 1 1 1 1 1 1 1 1 1 1 1
999.999999 999.99 9.999 999.99 9.999 9.999 9.999 99.99 9.999 99.999 9.999 99.999 9.999 99.999 9.999 999.99 9.999 999.999 9.999 999.999 9.999 999.999 9.999 9.999 9.999 99.999 9.999
end_time of measurement, days from the file reference point
iron, ng/m3, Revision date=20181210133000
numflag iron, no unit, Revision date=20181210133000
lead, ng/m3, Revision date=20181210133000
numflag lead, no unit, Revision date=20181210133000
magnesium, ug/m3, Revision date=20181210133000
numflag magnesium, no unit, Revision date=20181210133000
nickel, ng/m3, Revision date=20181210133000
numflag nickel, no unit, Revision date=20181210133000
nitrate, ug N/m3, Revision date=20181210133000
numflag nitrate, no unit, Revision date=20181210133000
organic_carbon, ug C/m3, Revision date=20181210133000
numflag organic_carbon, no unit, Revision date=20181210133000
organic_mass, ug/m3, Revision date=20181210133000
numflag organic_mass, no unit, Revision date=20181210133000
phosphorus, ng/m3, Revision date=20181210133000
numflag phosphorus, no unit, Revision date=20181210133000
pm10_mass, ug/m3, Version=2, Version description=Data extracted from http://views.cira.colostate.edu/fed/DataWizard 2019-12-16, Sample duration=1d, Orig. time res.=3d, Matrix=pm10, Blank correction=Blank corrected, Volume std. temperature=ambient, Volume std. pressure=ambient
numflag pm10_mass, no unit, Version=2, Version description=Data extracted from http://views.cira.colostate.edu/fed/DataWizard 2019-12-16, Sample duration=1d, Orig. time res.=3d, Matrix=pm10, Blank correction=Blank corrected, Volume std. temperature=ambient, Volume std. pressure=ambient
pm10_pm25_mass, ug/m3, Revision date=20181210133000, Matrix=pm10_pm25
numflag pm10_pm25_mass, no unit, Revision date=20181210133000, Matrix=pm10_pm25
pm25_mass, ug/m3, Version=2, Version description=Data extracted from http://views.cira.colostate.edu/fed/DataWizard 2019-12-16, Sample duration=1d, Orig. time res.=3d, Blank correction=Blank corrected, Volume std. temperature=ambient, Volume std. pressure=ambient
numflag pm25_mass, no unit, Version=2, Version description=Data extracted from http://views.cira.colostate.edu/fed/DataWizard 2019-12-16, Sample duration=1d, Orig. time res.=3d, Blank correction=Blank corrected, Volume std. temperature=ambient, Volume std. pressure=ambient
potassium, ug/m3, Revision date=20181210133000
numflag potassium, no unit, Revision date=20181210133000
sulphate_total, ug S/m3, Revision date=20181210133000
numflag sulphate_total, no unit, Revision date=20181210133000
0
25
Data definition:              EBAS_1.1
Set type code:                TU
Timezone:                     UTC
File name:                    US0098R.20050101080000.20191216000000.filterpack..pm25.52w.1w.US03L_filterpack_US0098.US03L_IMPROVE_Davis.lev2.nas
File creation:                20191218120208
Startdate:                    20050101080000
Revision date:                20191216000000
Statistics:                   arithmetic mean
Data level:                   2
Period code:                  52w
Resolution code:              1w
Station code:                 US0098R
Platform code:                US0098S
Station name:                 Point Reyes National Seashore
Station latitude:             38.1224
Station longitude:            -122.9085
Station altitude:             97.0 m
Regime:                       IMG
Component:                    
Matrix:                       pm25
Laboratory code:              US03L
Instrument type:              filterpack
Instrument name:              filterpack_US0098
Method ref:                   US03L_IMPROVE_Davis
starttime endtime Fe flag_Fe Pb flag_Pb Mg++ flag_Mg++ Ni flag_Ni NO3- flag_NO3- OC flag_OC OM flag_OM P flag_P PM10 flag_PM10 PM10-PM2.5 flag_PM10-PM2.5 PM2.5 flag_PM2.5 K+ flag_K+ SO4-- flag_SO4--
[from data line 84]
252.333333 253.333333   1.40 0.000   0.29 0.000 0.297 0.000  0.25 0.000  0.073 0.000  0.196 0.000  0.353 0.000 999.99 0.259  22.293 0.000  14.381 0.000   7.706 0.000 0.053 0.000  0.402 0.000
255.333333 256.333333   2.35 0.000   0.28 0.000 9.999 0.259  0.37 0.000  0.069 0.000  0.091 0.000  0.165 0.000 999.99 0.259 999.999 0.456   4.768 0.000   2.534 0.000 0.010 0.000  0.367 0.000
258.333333 259.333333   2.17 0.000   0.26 0.000 9.999 0.259  0.32 0.000  0.067 0.000  0.077 0.000  0.139 0.000 999.99 0.259  10.315 0.000   6.606 0.000   3.725 0.000 0.025 0.000  0.360 0.000
261.333333 262.333333   2.67 0.000   0.42 0.000 9.999 0.259 99.99 0.259  0.027 0.000  0.219 0.000  0.393 0.000 999.99 0.259   3.356 0.000   2.171 0.000   1.191 0.000 0.006 0.000  0.094 0.000
264.333333 265.333333   3.61 0.000   0.44 0.000 0.029 0.000  0.70 0.000  0.099 0.000  0.260 0.000  0.468 0.000 999.99 0.259   9.291 0.000   4.851 0.000   4.460 0.000 0.021 0.000  0.673 0.000
267.333333 268.333333  26.83 0.000   1.13 0.000 0.024 0.000  0.96 0.000  0.308 0.000  0.984 0.000  1.771 0.000 999.99 0.259  19.156 0.000  12.103 0.000   7.085 0.000 0.058 0.000  0.348 0.000
270.333333 271.333333 999.99 0.456 999.99 0.456 9.999 0.456 99.99 0.456  0.100 0.000  0.761 0.000  1.370 0.000 999.99 0.456  16.414 0.000 999.999 0.456 999.999 0.456 9.999 0.456  0.601 0.000
273.333333 274.333333   1.11 0.000   0.22 0.000 0.011 0.000  0.36 0.000  0.020 0.000  0.054 0.000  0.098 0.000 999.99 0.259   2.906 0.000   1.614 0.000   1.298 0.000 0.006 0.000  0.123 0.000
276.333333 277.333333  12.28 0.000   0.15 0.000 0.084 0.000 99.99 0.259  0.048 0.000  0.171 0.000  0.308 0.000 999.99 0.259 999.999 0.456   6.389 0.000   4.462 0.000 0.040 0.000  0.168 0.000
279.333333 280.333333   4.05 0.000   0.15 0.000 0.186 0.000  0.28 0.000  0.062 0.000  0.249 0.000  0.448 0.000  45.98 0.000  21.407 0.000  14.146 0.000   7.293 0.000 0.060 0.000  0.298 0.000
282.333333 283.333333   4.79 0.000 999.99 0.259 0.204 0.000  0.76 0.000  0.168 0.000  0.375 0.000  0.675 0.000 999.99 0.259  19.647 0.000  11.902 0.000   7.780 0.000 0.060 0.000  0.289 0.000
285.333333 286.333333  21.50 0.000   0.48 0.000 0.073 0.000  0.47 0.000  0.239 0.000  1.074 0.000  1.934 0.000 999.99 0.259  23.450 0.000  16.066 0.000   7.417 0.000 0.059 0.000  0.298 0.000
288.333333 289.333333   4.37 0.000   0.14 0.000 0.198 0.000 99.99 0.259  0.038 0.000  0.594 0.000  1.070 0.000 999.99 0.259  24.399 0.000  17.187 0.000   7.245 0.000 0.058 0.000  0.179 0.000
291.333333 292.333333   5.89 0.000   0.32 0.000 0.063 0.000  1.96 0.000  0.191 0.000  0.370 0.000  0.665 0.000 999.99 0.259  10.172 0.000   5.788 0.000   4.325 0.000 0.026 0.000  0.672 0.000
294.333333 295.333333   2.00 0.000   0.23 0.000 0.040 0.000  0.45 0.000  0.056 0.000  0.631 0.000  1.136 0.000 999.99 0.259   6.421 0.000   3.602 0.000   2.791 0.000 0.025 0.000  0.152 0.000
297.333333 298.333333   2.84 0.000   0.20 0.000 0.050 0.000  1.08 0.000  0.113 0.000  0.206 0.000  0.372 0.000 999.99 0.259   7.732 0.000   4.204 0.000   3.461 0.000 0.023 0.000  0.391 0.000
300.333333 301.333333   1.70 0.000   0.18 0.000 0.028 0.000  0.86 0.000  0.096 0.000  0.244 0.000  0.438 0.000 999.99 0.259   4.784 0.000   2.703 0.000   2.054 0.000 0.017 0.000  0.148 0.000
303.333333 304.333333  10.48 0.000   0.60 0.000 9.999 0.259 99.99 0.259  0.064 0.000  0.844 0.000  1.519 0.000 999.99 0.259   8.303 0.000   5.199 0.000   3.072 0.000 0.026 0.000  0.142 0.000
306.333333 307.333333   3.08 0.000   0.25 0.000 9.999 0.259  0.65 0.000  0.049 0.000 99.999 0.259 99.999 0.259 999.99 0.259   7.576 0.000   5.611 0.000   1.951 0.000 0.018 0.000  0.205 0.000
309.333333 310.333333   0.95 0.000   0.16 0.000 9.999 0.259  0.91 0.000  0.035 0.000  0.130 0.000  0.233 0.000 999.99 0.259   2.577 0.000   1.306 0.000   1.272 0.000 0.007 0.000  0.222 0.000
312.333333 313.333333  12.74 0.000   0.45 0.000 9.999 0.259  0.93 0.000  0.151 0.000  1.320 0.000  2.376 0.000 999.99 0.259   9.836 0.000   5.635 0.000   4.081 0.000 0.036 0.000  0.185 0.000
315.333333 316.333333   1.36 0.000   0.43 0.000 9.999 0.259 99.99 0.259  0.052 0.000  0.984 0.000  1.772 0.000 999.99 0.259  18.312 0.000  11.887 0.000   6.202 0.000 0.057 0.000  0.144 0.000
318.333333 319.333333  19.41 0.000   0.34 0.000 9.999 0.259  0.63 0.000  0.095 0.000  0.895 0.000  1.611 0.000 999.99 0.259 999.999 0.456   6.389 0.000   4.680 0.000 0.039 0.000  0.165 0.000
321.333333 322.333333  40.07 0.000   1.21 0.000 9.999 0.259  0.54 0.000  0.055 0.000  2.445 0.000  4.401 0.000 999.99 0.259  14.757 0.000   8.146 0.000   6.700 0.000 0.044 0.000  0.290 0.000
324.333333 325.333333  34.21 0.000   1.44 0.000 9.999 0.259  0.49 0.000  0.331 0.000  2.961 0.000  5.329 0.000 999.99 0.259  17.040 0.000   8.765 0.000   8.287 0.000 0.055 0.000  0.282 0.000
327.333333 328.333333   9.83 0.000   0.88 0.000 9.999 0.259  1.00 0.000  0.258 0.000  0.880 0.000  1.583 0.000 999.99 0.259   9.426 0.000   4.498 0.000   4.887 0.000 0.026 0.000  0.483 0.000
330.333333 331.333333   1.68 0.000   0.38 0.000 9.999 0.259 99.99 0.259  0.039 0.000  0.553 0.000  0.996 0.000 999.99 0.259   8.199 0.000   5.738 0.000   2.393 0.000 0.024 0.000  0.082 0.000
333.333333 334.333333  10.12 0.000   0.41 0.000 0.009 0.000  0.59 0.000  0.065 0.000  0.754 0.000  1.357 0.000 999.99 0.259   6.601 0.000   3.877 0.000   2.693 0.000 0.029 0.000  0.133 0.000
336.333333 337.333333   1.82 0.000   0.23 0.000 0.076 0.000 99.99 0.259  0.020 0.000  0.270 0.000  0.485 0.000  18.87 0.000  12.129 0.000   9.021 0.000   3.082 0.000 0.028 0.000  0.079 0.000
339.333333 340.333333   8.63 0.000   0.47 0.000 0.010 0.000  0.31 0.000  0.059 0.000  1.092 0.000  1.966 0.000 999.99 0.259   6.846 0.000   4.006 0.000   2.785 0.000 0.028 0.000  0.076 0.000
342.333333 343.333333  10.89 0.000   0.76 0.000 9.999 0.259  0.47 0.000  0.078 0.000  1.727 0.000  3.108 0.000 999.99 0.259   9.255 0.000   5.353 0.000   3.922 0.000 0.032 0.000  0.108 0.000
345.333333 346.333333   7.45 0.000   0.64 0.000 0.070 0.000  0.65 0.000  0.126 0.000  0.974 0.000  1.753 0.000 999.99 0.259  15.929 0.000   9.602 0.000   6.296 0.000 0.052 0.000  0.377 0.000
348.333333 349.333333  32.17 0.000   1.76 0.000 0.014 0.000  0.40 0.000  1.355 0.000  1.986 0.000  3.575 0.000 999.99 0.259  23.452 0.000   7.409 0.000  15.889 0.000 0.064 0.000  0.409 0.000
351.333333 352.333333 999.99 0.999 999.99 0.999 9.999 0.999 99.99 0.999 99.999 0.999 99.999 0.999 99.999 0.999 999.99 0.999 999.999 0.999 999.999 0.999 999.999 0.999 9.999 0.999 99.999 0.999
354.333333 355.333333   1.13 0.000   0.20 0.000 0.013 0.000  0.68 0.000  0.018 0.000  0.015 0.000  0.027 0.000 999.99 0.259   1.938 0.000   1.149 0.000   0.774 0.000 0.007 0.000  0.100 0.000
357.333333 358.333333   8.71 0.000   0.37 0.000 9.999 0.259  0.49 0.000  0.540 0.000  0.466 0.000  0.840 0.000 999.99 0.259  10.881 0.000   2.766 0.000   8.114 0.000 0.014 0.000  1.345 0.000
360.333333 361.333333   1.30 0.000   0.28 0.000 0.071 0.000  0.62 0.000  0.058 0.000  0.045 0.000  0.082 0.000 999.99 0.259  11.421 0.000   7.470 0.000   4.055 0.000 0.030 0.000  0.185 0.000
363.333333 364.333333   1.48 0.000   0.13 0.000 0.052 0.000  0.72 0.000  0.061 0.000  0.134 0.000  0.242 0.000 999.99 0.259   5.462 0.000   2.601 0.000   2.860 0.000 0.021 0.000  0.118 0.000
