scripts/IMPROVE-2019_partial/data/US0074R.19900103060000.20191216000000.filterpack...1y.3d.US03L_filterpack_US0074.US03L_IMPROVE_Davis.lev2.nas
52 1001
MISSING INFORMATION
US03L, IMPROVE, , , , , , , 
MISSING INFORMATION
IMPROVE sel_HTAP
1 1
1990 01 01 2019 12 16
0
days from file reference point
5
1 1 1 1 1
999.99 999.999 9.999 999.999 9.999999
end_time of measurement, days from the file reference point
pm10_mass, ug/m3, Matrix=pm10
numflag pm10_mass, no unit, Matrix=pm10
pm25_mass, ug/m3, Matrix=pm25
numflag pm25_mass, no unit, Matrix=pm25
0
33
Data definition:              EBAS_1.1
Set type code:                TI
Timezone:                     UTC
File name:                    US0074R.19900103060000.20191216000000.filterpack...1y.3d.US03L_filterpack_US0074.US03L_IMPROVE_Davis.lev2.nas
File creation:                20191218120029
Startdate:                    19900103060000
Revision date:                20191216000000
Version:                      2
Version description:          "Data extracted from http://views.cira.colostate.edu/fed/DataWizard 2019-12-16"
Statistics:                   arithmetic mean
Data level:                   2
Period code:                  1y
Resolution code:              3d
Sample duration:              1d
Orig. time res.:              3d
Station code:                 US0074R
Platform code:                US0074S
Station name:                 Guadalupe Mountains NP
Station latitude:             31.833
Station longitude:            -104.8094
Station altitude:             1672.0 m
Regime:                       IMG
Component:                    
Unit:                         ug/m3
Matrix:                       
Laboratory code:              US03L
Instrument type:              filterpack
Instrument name:              filterpack_US0074
Method ref:                   US03L_IMPROVE_Davis
Blank correction:             Blank corrected
Volume std. temperature:      ambient
Volume std. pressure:         ambient
starttime endtime PM10 flag_PM10 PM2.5 flag_PM2.5
  2.25   3.25  13.590 0.000   4.560 0.000000
  5.25   6.25   4.677 0.000   1.780 0.000000
  9.25  10.25  30.840 0.000   6.720 0.000000
 12.25  13.25  14.367 0.000   4.904 0.000000
 16.25  17.25 999.999 0.999   3.386 0.000000
 19.25  20.25   6.134 0.000   3.386 0.000000
 23.25  24.25   6.513 0.000   2.987 0.000000
 26.25  27.25  15.168 0.000   4.335 0.000000
 30.25  31.25   7.705 0.000   2.866 0.000000
 33.25  34.25   5.738 0.000   3.333 0.000000
 37.25  38.25  13.222 0.000   5.113 0.000000
 40.25  41.25   8.117 0.000   2.613 0.000000
 44.25  45.25   8.059 0.000   4.369 0.000000
 47.25  48.25   7.564 0.000   3.355 0.000000
 51.25  52.25  17.592 0.000   3.642 0.000000
 54.25  55.25  10.336 0.000   4.437 0.000000
 58.25  59.25 999.999 0.999   1.917 0.000000
 61.25  62.25 999.999 0.999  11.022 0.000000
 65.25  66.25  16.960 0.000   4.114 0.000000
 68.25  69.25   4.089 0.000   1.645 0.000000
 72.25  73.25 999.999 0.999   3.079 0.000000
 75.25  76.25   7.880 0.000   2.857 0.000000
 79.25  80.25  17.437 0.000   6.329 0.000000
 82.25  83.25   2.689 0.000   0.438 0.000000
 86.25  87.25  13.306 0.000   3.197 0.000000
 89.25  90.25   9.298 0.000   4.263 0.000000
 93.25  94.25   9.710 0.000   5.619 0.000000
 96.25  97.25  11.452 0.000   8.444 0.000000
100.25 101.25   9.917 0.000   3.817 0.000000
103.25 104.25  10.921 0.000   6.947 0.000000
107.25 108.25   8.099 0.000   3.856 0.000000
110.25 111.25  14.211 0.000   8.707 0.000000
114.25 115.25  19.915 0.000   4.903 0.000000
117.25 118.25  44.286 0.000  10.556 0.000000
121.25 122.25  24.619 0.000   7.468 0.000000
124.25 125.25 999.999 0.999   6.289 0.000000
128.25 129.25  11.618 0.000   6.211 0.000000
131.25 132.25  14.856 0.000   7.767 0.000000
135.25 136.25  11.345 0.000   4.632 0.000000
138.25 139.25  81.798 0.000  16.740 0.000000
142.25 143.25  11.826 0.000   5.862 0.000000
145.25 146.25  21.471 0.000   5.857 0.000000
149.25 150.25  21.617 0.000  11.323 0.000000
152.25 153.25  23.184 0.000   6.697 0.000000
156.25 157.25  29.502 0.000   9.969 0.000000
159.25 160.25  17.821 0.000   7.547 0.000000
163.25 164.25  38.719 0.000   9.756 0.000000
166.25 167.25  12.155 0.000   3.140 0.000000
170.25 171.25  24.686 0.000   6.227 0.000000
173.25 174.25  26.444 0.000   9.264 0.000000
177.25 178.25  11.660 0.000   8.119 0.000000
180.25 181.25  15.574 0.000   6.850 0.000000
184.25 185.25 999.999 0.999  11.238 0.000000
187.25 188.25 999.999 0.999   9.034 0.000000
191.25 192.25  75.140 0.000 999.999 0.999000
194.25 195.25  16.561 0.000  10.703 0.000000
198.25 199.25  12.570 0.000 999.999 0.999000
201.25 202.25 999.999 0.999   7.690 0.000000
205.25 206.25  10.321 0.000   8.000 0.000000
208.25 209.25  35.882 0.000   5.857 0.000000
212.25 213.25  14.566 0.000 999.999 0.999000
215.25 216.25  25.763 0.000   4.322 0.000000
219.25 220.25  12.523 0.000 999.999 0.999000
222.25 223.25  28.690 0.000   9.009 0.000000
226.25 227.25  11.169 0.000 999.999 0.999000
229.25 230.25  13.771 0.000   9.164 0.000000
233.25 234.25  12.500 0.000   6.575 0.000000
236.25 237.25  11.667 0.000   7.069 0.000000
240.25 241.25  19.748 0.000  10.312 0.000000
243.25 244.25  22.478 0.000   9.151 0.559000
247.25 248.25   5.708 0.000 999.999 0.559259
250.25 251.25 999.999 0.999 999.999 0.999000
254.25 255.25 999.999 0.999 999.999 0.999000
257.25 258.25 999.999 0.999 999.999 0.999000
261.25 262.25 999.999 0.999 999.999 0.999000
264.25 265.25 999.999 0.999 999.999 0.999000
268.25 269.25 999.999 0.999 999.999 0.999000
271.25 272.25 999.999 0.999   7.190 0.559000
275.25 276.25   4.632 0.000   4.084 0.559000
278.25 279.25  13.117 0.000   5.081 0.559000
282.25 283.25 999.999 0.999   4.794 0.559000
285.25 286.25  16.926 0.000   5.238 0.559000
289.25 290.25  14.221 0.000   5.931 0.559000
292.25 293.25  37.705 0.000   6.000 0.559000
296.25 297.25  23.197 0.000   6.709 0.559000
299.25 300.25  25.492 0.000 999.999 0.559259
303.25 304.25  16.612 0.000  12.736 0.559000
306.25 307.25   3.633 0.000 999.999 0.559259
310.25 311.25   2.258 0.000   1.698 0.559000
313.25 314.25   5.840 0.000   2.889 0.559000
317.25 318.25   5.654 0.000   4.904 0.559000
320.25 321.25  16.379 0.000   9.231 0.559000
324.25 325.25   4.059 0.000 999.999 0.559259
327.25 328.25  16.527 0.000 999.999 0.559259
331.25 332.25  24.239 0.000  13.639 0.559000
334.25 335.25  15.473 0.000  10.462 0.559000
338.25 339.25  13.160 0.000   8.623 0.559000
341.25 342.25   7.835 0.000   4.525 0.559000
345.25 346.25   7.811 0.000   4.967 0.559000
348.25 349.25   7.479 0.000   4.404 0.559000
352.25 353.25   3.537 0.000   2.673 0.559000
355.25 356.25   4.762 0.000   3.531 0.559000
359.25 360.25   5.319 0.000   3.681 0.559000
362.25 363.25   3.783 0.000   3.689 0.559000
