scripts/IMPROVE-2019_partial/data/US0042R.20130101050000.20191216000000.filterpack...52w.3d.US03L_filterpack_US0042.US03L_IMPROVE_Davis.lev2.nas
52 1001
MISSING INFORMATION
US03L, IMPROVE, , , , , , , 
MISSING INFORMATION
IMPROVE sel_HTAP
1 1
2013 01 01 2019 12 16
3.000000
days from file reference point
5
1 1 1 1 1
999.999999 999.999 9.999 999.999 9.999
end_time of measurement, days from the file reference point
pm10_mass, ug/m3, Matrix=pm10
numflag pm10_mass, no unit, Matrix=pm10
pm25_mass, ug/m3, Matrix=pm25
numflag pm25_mass, no unit, Matrix=pm25
0
33
Data definition:              EBAS_1.1
Set type code:                TU
Timezone:                     UTC
File name:                    US0042R.20130101050000.20191216000000.filterpack...52w.3d.US03L_filterpack_US0042.US03L_IMPROVE_Davis.lev2.nas
File creation:                20191218115802
Startdate:                    20130101050000
Revision date:                20191216000000
Version:                      2
Version description:          "Data extracted from http://views.cira.colostate.edu/fed/DataWizard 2019-12-16"
Statistics:                   arithmetic mean
Data level:                   2
Period code:                  52w
Resolution code:              3d
Sample duration:              1d
Orig. time res.:              3d
Station code:                 US0042R
Platform code:                US0042S
Station name:                 Cape Cod
Station latitude:             41.9758
Station longitude:            -70.0242
Station altitude:             49.0 m
Regime:                       IMG
Component:                    
Unit:                         ug/m3
Matrix:                       
Laboratory code:              US03L
Instrument type:              filterpack
Instrument name:              filterpack_US0042
Method ref:                   US03L_IMPROVE_Davis
Blank correction:             Blank corrected
Volume std. temperature:      ambient
Volume std. pressure:         ambient
starttime endtime PM10 flag_PM10 PM2.5 flag_PM2.5
  0.208333   1.208333   6.781 0.000 999.999 0.456
  3.208333   4.208333  10.195 0.000   7.005 0.000
  6.208333   7.208333  11.420 0.000   8.177 0.000
  9.208333  10.208333   6.766 0.000   3.137 0.000
 12.208333  13.208333   1.582 0.000   1.145 0.000
 15.208333  16.208333 999.999 0.999 999.999 0.999
 18.208333  19.208333 999.999 0.999 999.999 0.999
 21.208333  22.208333  37.759 0.000  17.933 0.000
 24.208333  25.208333 999.999 0.999 999.999 0.999
 27.208333  28.208333 999.999 0.999 999.999 0.999
 30.208333  31.208333  11.718 0.000   6.169 0.000
 33.208333  34.208333   6.457 0.000   4.571 0.000
 36.208333  37.208333   6.329 0.000   4.766 0.000
 39.208333  40.208333 999.999 0.999 999.999 0.999
 42.208333  43.208333   5.749 0.000   3.390 0.000
 45.208333  46.208333  10.000 0.000   6.618 0.000
 48.208333  49.208333   6.996 0.000   2.719 0.000
 51.208333  52.208333   6.175 0.000   3.155 0.000
 54.208333  55.208333   9.015 0.000   4.031 0.000
 57.208333  58.208333  16.141 0.000   7.291 0.000
 60.208333  61.208333   4.341 0.000   2.215 0.000
 63.208333  64.208333   7.317 0.000   2.890 0.000
 66.208333  67.208333  18.512 0.000   9.057 0.000
 69.208333  70.208333  12.784 0.000   5.844 0.000
 72.208333  73.208333   6.336 0.000   3.392 0.000
 75.208333  76.208333   7.056 0.000   3.320 0.000
 78.208333  79.208333 999.999 0.456   4.157 0.000
 81.208333  82.208333   4.775 0.000   2.177 0.000
 84.208333  85.208333 999.999 0.456   3.342 0.000
 87.208333  88.208333   5.127 0.000   2.768 0.000
 90.208333  91.208333   8.244 0.000   5.315 0.000
 93.208333  94.208333   7.418 0.000   3.530 0.000
 96.208333  97.208333   9.444 0.000   3.891 0.000
 99.208333 100.208333   7.106 0.000   4.189 0.000
102.208333 103.208333   7.216 0.000   2.970 0.000
105.208333 106.208333   5.529 0.000   2.810 0.000
108.208333 109.208333   7.047 0.000   3.519 0.000
111.208333 112.208333  13.223 0.000   4.937 0.000
114.208333 115.208333  10.600 0.000   5.716 0.000
117.208333 118.208333   9.540 0.000   5.490 0.000
120.208333 121.208333   6.996 0.000   3.360 0.000
123.208333 124.208333  18.624 0.000   7.541 0.000
126.208333 127.208333   5.421 0.000   1.928 0.000
129.208333 130.208333   7.986 0.000   4.522 0.000
132.208333 133.208333   7.100 0.000   3.041 0.000
135.208333 136.208333  18.238 0.000   8.199 0.000
138.208333 139.208333   5.869 0.000   2.609 0.000
141.208333 142.208333  10.004 0.000   3.938 0.000
144.208333 145.208333   3.184 0.000   1.076 0.000
147.208333 148.208333  16.296 0.000   6.026 0.000
150.208333 151.208333  30.099 0.000  15.783 0.000
153.208333 154.208333   7.163 0.000   3.659 0.000
156.208333 157.208333   9.882 0.000   2.597 0.000
159.208333 160.208333   9.372 0.000   3.992 0.000
162.208333 163.208333   7.747 0.000   1.766 0.000
165.208333 166.208333  11.340 0.000   5.300 0.000
168.208333 169.208333  10.452 0.000   5.427 0.000
171.208333 172.208333  16.620 0.000   6.918 0.000
174.208333 175.208333  16.133 0.000  10.000 0.000
177.208333 178.208333  10.370 0.000   7.445 0.000
180.208333 181.208333  14.807 0.000   9.023 0.000
183.208333 184.208333  15.357 0.000   8.733 0.000
186.208333 187.208333  16.121 0.000  10.710 0.000
189.208333 190.208333  12.007 0.000   9.680 0.000
192.208333 193.208333  13.576 0.000   7.192 0.000
195.208333 196.208333  14.562 0.000   9.255 0.000
198.208333 199.208333  16.334 0.000  10.687 0.000
201.208333 202.208333  14.364 0.000   7.481 0.000
204.208333 205.208333  14.048 0.000   9.153 0.000
207.208333 208.208333  12.352 0.000   7.123 0.000
210.208333 211.208333  10.300 0.000   5.884 0.000
213.208333 214.208333  10.568 0.000   5.986 0.000
216.208333 217.208333   5.825 0.000   2.340 0.000
219.208333 220.208333   8.759 0.000   3.600 0.000
222.208333 223.208333   7.897 0.000   3.014 0.000
225.208333 226.208333   8.438 0.000   4.624 0.000
228.208333 229.208333   9.757 0.000   6.246 0.000
231.208333 232.208333  16.382 0.000  11.107 0.000
234.208333 235.208333   9.572 0.000   4.893 0.000
237.208333 238.208333  14.207 0.000   7.067 0.000
240.208333 241.208333   8.523 0.000   4.458 0.000
243.208333 244.208333  13.376 0.000   7.234 0.000
246.208333 247.208333   8.384 0.000   3.562 0.000
249.208333 250.208333   7.480 0.000   2.896 0.000
252.208333 253.208333   8.871 0.000   3.330 0.000
255.208333 256.208333   8.108 0.000   4.179 0.000
258.208333 259.208333   6.266 0.000   3.497 0.000
261.208333 262.208333  11.776 0.000   4.339 0.000
264.208333 265.208333   7.321 0.000   2.753 0.000
267.208333 268.208333   6.377 0.000   1.887 0.000
270.208333 271.208333   6.425 0.000   2.888 0.000
273.208333 274.208333   7.621 0.000   3.602 0.000
276.208333 277.208333   9.505 0.000   5.556 0.000
279.208333 280.208333  13.805 0.000   6.893 0.000
282.208333 283.208333   9.211 0.000   2.363 0.000
285.208333 286.208333  12.338 0.000   3.507 0.000
288.208333 289.208333 999.999 0.999 999.999 0.999
291.208333 292.208333 999.999 0.999 999.999 0.999
294.208333 295.208333 999.999 0.999 999.999 0.999
297.208333 298.208333 999.999 0.999 999.999 0.999
300.208333 301.208333 999.999 0.999 999.999 0.999
303.208333 304.208333 999.999 0.999 999.999 0.999
306.208333 307.208333 999.999 0.999 999.999 0.999
309.208333 310.208333   6.141 0.000   2.925 0.000
312.208333 313.208333   3.301 0.000   1.780 0.000
315.208333 316.208333   7.137 0.000   2.856 0.000
318.208333 319.208333  15.561 0.000   7.022 0.000
321.208333 322.208333   7.266 0.000   3.353 0.000
324.208333 325.208333  11.827 0.000   2.675 0.000
327.208333 328.208333   8.229 0.000   1.959 0.000
330.208333 331.208333   7.906 0.000   3.946 0.000
333.208333 334.208333   4.018 0.000   1.944 0.000
336.208333 337.208333   7.841 0.000   4.795 0.000
339.208333 340.208333   4.388 0.000   2.696 0.000
342.208333 343.208333   3.229 0.000   1.711 0.000
345.208333 346.208333   5.644 0.000   2.666 0.000
348.208333 349.208333   6.392 0.000   3.018 0.000
351.208333 352.208333   7.192 0.000   3.993 0.000
354.208333 355.208333  15.788 0.000   8.645 0.000
357.208333 358.208333   6.507 0.000   3.376 0.000
360.208333 361.208333   9.273 0.000   6.506 0.000
363.208333 364.208333   6.195 0.000   3.178 0.000
