scripts/IMPROVE-2019_partial/data/US0032R.20000101100000.20191216000000.filterpack..pm25.52w.1w.US03L_filterpack_US0032.US03L_IMPROVE_Davis.lev2.nas
66 1001
MISSING INFORMATION
US03L, IMPROVE, , , , , , , 
MISSING INFORMATION
IMPROVE sel_HTAP
1 1
2000 01 01 2019 12 16
0
days from file reference point
27
1 1 1 1 1 1 1 1 1 1 1 1 1 1 1 1 1 1 1 1 1 1 1 1 1 1 1
999.999999 999.99 9.999 99.99 9.999 9.999 9.999 99.99 9.999 9.999 9.999 9.999 9.999 9.999 9.999 999.99 9.999 99.999 9.999 99.999 9.999 999.999 9.999 9.999 9.999 9.999 9.999
end_time of measurement, days from the file reference point
iron, ng/m3, Revision date=20181210133000
numflag iron, no unit, Revision date=20181210133000
lead, ng/m3, Revision date=20181210133000
numflag lead, no unit, Revision date=20181210133000
magnesium, ug/m3, Revision date=20181210133000
numflag magnesium, no unit, Revision date=20181210133000
nickel, ng/m3, Revision date=20181210133000
numflag nickel, no unit, Revision date=20181210133000
nitrate, ug N/m3, Revision date=20181210133000
numflag nitrate, no unit, Revision date=20181210133000
organic_carbon, ug C/m3, Revision date=20181210133000
numflag organic_carbon, no unit, Revision date=20181210133000
organic_mass, ug/m3, Revision date=20181210133000
numflag organic_mass, no unit, Revision date=20181210133000
phosphorus, ng/m3, Revision date=20181210133000
numflag phosphorus, no unit, Revision date=20181210133000
pm10_mass, ug/m3, Version=2, Version description=Data extracted from http://views.cira.colostate.edu/fed/DataWizard 2019-12-16, Sample duration=1d, Orig. time res.=3d, Matrix=pm10, Blank correction=Blank corrected, Volume std. temperature=ambient, Volume std. pressure=ambient
numflag pm10_mass, no unit, Version=2, Version description=Data extracted from http://views.cira.colostate.edu/fed/DataWizard 2019-12-16, Sample duration=1d, Orig. time res.=3d, Matrix=pm10, Blank correction=Blank corrected, Volume std. temperature=ambient, Volume std. pressure=ambient
pm10_pm25_mass, ug/m3, Revision date=20181210133000, Matrix=pm10_pm25
numflag pm10_pm25_mass, no unit, Revision date=20181210133000, Matrix=pm10_pm25
pm25_mass, ug/m3, Version=2, Version description=Data extracted from http://views.cira.colostate.edu/fed/DataWizard 2019-12-16, Sample duration=1d, Orig. time res.=3d, Blank correction=Blank corrected, Volume std. temperature=ambient, Volume std. pressure=ambient
numflag pm25_mass, no unit, Version=2, Version description=Data extracted from http://views.cira.colostate.edu/fed/DataWizard 2019-12-16, Sample duration=1d, Orig. time res.=3d, Blank correction=Blank corrected, Volume std. temperature=ambient, Volume std. pressure=ambient
potassium, ug/m3, Revision date=20181210133000
numflag potassium, no unit, Revision date=20181210133000
sulphate_total, ug S/m3, Revision date=20181210133000
numflag sulphate_total, no unit, Revision date=20181210133000
0
25
Data definition:              EBAS_1.1
Set type code:                TI
Timezone:                     UTC
File name:                    US0032R.20000101100000.20191216000000.filterpack..pm25.52w.1w.US03L_filterpack_US0032.US03L_IMPROVE_Davis.lev2.nas
File creation:                20191218115733
Startdate:                    20000101100000
Revision date:                20191216000000
Statistics:                   arithmetic mean
Data level:                   2
Period code:                  52w
Resolution code:              1w
Station code:                 US0032R
Platform code:                US0032S
Station name:                 Haleakala NP
Station latitude:             20.8086
Station longitude:            -156.2823
Station altitude:             1153.0 m
Regime:                       IMG
Component:                    
Matrix:                       pm25
Laboratory code:              US03L
Instrument type:              filterpack
Instrument name:              filterpack_US0032
Method ref:                   US03L_IMPROVE_Davis
starttime endtime Fe flag_Fe Pb flag_Pb Mg++ flag_Mg++ Ni flag_Ni NO3- flag_NO3- OC flag_OC OM flag_OM P flag_P PM10 flag_PM10 PM10-PM2.5 flag_PM10-PM2.5 PM2.5 flag_PM2.5 K+ flag_K+ SO4-- flag_SO4--
[from data line 87]
305.416667 306.416667  11.92 0.000  0.34 0.000 9.999 0.259 99.99 0.259 9.999 0.999 9.999 0.999 9.999 0.999 999.99 0.259 99.999 0.999 99.999 0.999   3.737 0.000 0.080 0.000 9.999 0.999
308.416667 309.416667   3.98 0.000  0.24 0.000 0.021 0.000 99.99 0.259 9.999 0.999 9.999 0.999 9.999 0.999  15.79 0.000 99.999 0.999 99.999 0.999   2.604 0.000 0.023 0.000 9.999 0.999
312.416667 313.416667 999.99 0.999 99.99 0.999 9.999 0.999 99.99 0.999 9.999 0.999 9.999 0.999 9.999 0.999 999.99 0.999 99.999 0.999 99.999 0.999 999.999 0.999 9.999 0.999 9.999 0.999
315.416667 316.416667  11.16 0.000  0.21 0.000 9.999 0.259  1.28 0.000 0.054 0.000 0.571 0.000 0.799 0.000 999.99 0.259  5.250 0.000  2.778 0.000   2.472 0.000 0.017 0.000 0.200 0.000
318.416667 319.416667   3.89 0.000  0.16 0.000 0.012 0.000 99.99 0.259 0.020 0.000 0.583 0.000 0.816 0.000   4.26 0.000  3.696 0.000  2.264 0.000   1.432 0.000 0.013 0.000 0.074 0.000
321.416667 322.416667   6.49 0.000  0.24 0.000 9.999 0.259 99.99 0.259 0.053 0.000 0.379 0.000 0.530 0.000 999.99 0.259  5.374 0.000  3.089 0.000   2.284 0.000 0.016 0.000 0.150 0.000
324.416667 325.416667  19.39 0.000  0.41 0.000 9.999 0.259 99.99 0.259 0.087 0.000 0.422 0.000 0.590 0.000 999.99 0.259  8.515 0.000  4.891 0.000   3.625 0.000 0.027 0.000 0.350 0.000
327.416667 328.416667 999.99 0.456 99.99 0.456 9.999 0.456 99.99 0.456 9.999 0.456 9.999 0.999 9.999 0.999 999.99 0.456 99.999 0.456 99.999 0.999 999.999 0.456 9.999 0.456 9.999 0.456
330.416667 331.416667 999.99 0.456 99.99 0.456 9.999 0.456 99.99 0.456 9.999 0.456 9.999 0.999 9.999 0.999 999.99 0.456 99.999 0.456 99.999 0.999 999.999 0.456 9.999 0.456 9.999 0.456
333.416667 334.416667  13.68 0.000  0.18 0.000 9.999 0.259 99.99 0.259 0.092 0.000 0.433 0.000 0.606 0.000 999.99 0.259  7.225 0.000  4.548 0.000   2.678 0.000 0.026 0.000 0.277 0.000
336.416667 337.416667   9.38 0.000  0.19 0.000 9.999 0.259  0.10 0.000 0.032 0.559 0.406 0.000 0.568 0.000 999.99 0.259  3.512 0.000  2.172 0.000   1.340 0.000 0.007 0.000 0.165 0.559
339.416667 340.416667  12.90 0.000  0.33 0.000 9.999 0.259 99.99 0.259 0.054 0.559 0.433 0.000 0.606 0.000 999.99 0.259  7.436 0.000  4.938 0.000   2.498 0.000 0.016 0.000 0.332 0.559
342.416667 343.416667   8.63 0.000 99.99 0.259 9.999 0.259 99.99 0.259 0.028 0.559 0.356 0.000 0.499 0.000 999.99 0.259  4.094 0.000  2.711 0.000   1.383 0.000 0.010 0.000 0.217 0.559
345.416667 346.416667   4.87 0.000 99.99 0.259 9.999 0.259 99.99 0.259 0.018 0.559 0.276 0.000 0.387 0.000 999.99 0.259  2.754 0.000  1.871 0.000   0.883 0.000 0.006 0.000 0.122 0.559
348.416667 349.416667  15.64 0.000  0.76 0.000 9.999 0.259  0.70 0.000 0.093 0.559 0.499 0.000 0.698 0.000 999.99 0.259  6.785 0.000  4.379 0.000   2.406 0.000 0.016 0.000 0.328 0.559
351.416667 352.416667   9.90 0.000  0.15 0.000 9.999 0.259  0.67 0.000 0.086 0.559 0.406 0.000 0.568 0.000 999.99 0.259  6.944 0.000  4.107 0.000   2.837 0.000 0.014 0.000 0.396 0.559
354.416667 355.416667   1.52 0.000 99.99 0.259 9.999 0.259  0.19 0.000 0.007 0.559 0.321 0.000 0.449 0.000 999.99 0.259  2.953 0.000  1.644 0.000   1.310 0.000 0.005 0.000 0.213 0.559
357.416667 358.416667   8.59 0.000 99.99 0.259 9.999 0.259  0.39 0.000 0.075 0.559 0.347 0.000 0.486 0.000 999.99 0.259  5.660 0.000  3.718 0.000   1.942 0.000 0.010 0.000 0.218 0.559
360.416667 361.416667   8.03 0.000  0.66 0.000 9.999 0.259  0.36 0.000 0.040 0.559 0.379 0.000 0.530 0.000 999.99 0.259  7.058 0.000  4.059 0.000   2.999 0.000 0.011 0.000 0.608 0.559
363.416667 364.416667   9.61 0.000  0.20 0.000 9.999 0.259  0.51 0.000 0.071 0.559 0.542 0.000 0.758 0.000 999.99 0.259  4.415 0.000  2.436 0.000   1.980 0.000 0.014 0.000 0.321 0.559
