scripts/IMPROVE-2019_partial/data/US0064R.20020102080000.20191216000000.filterpack..pm25.52w.1w.US03L_filterpack_US0064.US03L_IMPROVE_Davis.lev2.nas
66 1001
MISSING INFORMATION
US03L, IMPROVE, , , , , , , 
MISSING INFORMATION
IMPROVE sel_HTAP
1 1
2002 01 01 2019 12 16
3.000000
days from file reference point
27
1 1 1 1 1 1 1 1 1 1 1 1 1 1 1 1 1 1 1 1 1 1 1 1 1 1 1
999.999999 9999.99 9.999 99.99 9.999 9.999 9.999999 99.99 9.999999 9.999 9.999999 99.999 9.999 99.999 9.999 99.99 9.999999 999.999 9.999 999.999 9.999 999.999 9.999 9.999 9.999 9.999 9.999999
end_time of measurement, days from the file reference point
iron, ng/m3, Revision date=20181210133000
numflag iron, no unit, Revision date=20181210133000
lead, ng/m3, Revision date=20181210133000
numflag lead, no unit, Revision date=20181210133000
magnesium, ug/m3, Revision date=20181210133000
numflag magnesium, no unit, Revision date=20181210133000
nickel, ng/m3, Revision date=20181210133000
numflag nickel, no unit, Revision date=20181210133000
nitrate, ug N/m3, Revision date=20181210133000
numflag nitrate, no unit, Revision date=20181210133000
organic_carbon, ug C/m3, Revision date=20181210133000
numflag organic_carbon, no unit, Revision date=20181210133000
organic_mass, ug/m3, Revision date=20181210133000
numflag organic_mass, no unit, Revision date=20181210133000
phosphorus, ng/m3, Revision date=20181210133000
numflag phosphorus, no unit, Revision date=20181210133000
pm10_mass, ug/m3, Version=2, Version description=Data extracted from http://views.cira.colostate.edu/fed/DataWizard 2019-12-16, Sample duration=1d, Orig. time res.=3d, Matrix=pm10, Blank correction=Blank corrected, Volume std. temperature=ambient, Volume std. pressure=ambient
numflag pm10_mass, no unit, Version=2, Version description=Data extracted from http://views.cira.colostate.edu/fed/DataWizard 2019-12-16, Sample duration=1d, Orig. time res.=3d, Matrix=pm10, Blank correction=Blank corrected, Volume std. temperature=ambient, Volume std. pressure=ambient
pm10_pm25_mass, ug/m3, Revision date=20181210133000, Matrix=pm10_pm25
numflag pm10_pm25_mass, no unit, Revision date=20181210133000, Matrix=pm10_pm25
pm25_mass, ug/m3, Version=2, Version description=Data extracted from http://views.cira.colostate.edu/fed/DataWizard 2019-12-16, Sample duration=1d, Orig. time res.=3d, Blank correction=Blank corrected, Volume std. temperature=ambient, Volume std. pressure=ambient
numflag pm25_mass, no unit, Version=2, Version description=Data extracted from http://views.cira.colostate.edu/fed/DataWizard 2019-12-16, Sample duration=1d, Orig. time res.=3d, Blank correction=Blank corrected, Volume std. temperature=ambient, Volume std. pressure=ambient
potassium, ug/m3, Revision date=20181210133000
numflag potassium, no unit, Revision date=20181210133000
sulphate_total, ug S/m3, Revision date=20181210133000
numflag sulphate_total, no unit, Revision date=20181210133000
0
25
Data definition:              EBAS_1.1
Set type code:                TU
Timezone:                     UTC
File name:                    US0064R.20020102080000.20191216000000.filterpack..pm25.52w.1w.US03L_filterpack_US0064.US03L_IMPROVE_Davis.lev2.nas
File creation:                20191218115936
Startdate:                    20020102080000
Revision date:                20191216000000
Statistics:                   arithmetic mean
Data level:                   2
Period code:                  52w
Resolution code:              1w
Station code:                 US0064R
Platform code:                US0064S
Station name:                 Jarbidge Wilderness
Station latitude:             41.8926
Station longitude:            -115.4261
Station altitude:             1869.0 m
Regime:                       IMG
Component:                    
Matrix:                       pm25
Laboratory code:              US03L
Instrument type:              filterpack
Instrument name:              filterpack_US0064
Method ref:                   US03L_IMPROVE_Davis
starttime endtime Fe flag_Fe Pb flag_Pb Mg++ flag_Mg++ Ni flag_Ni NO3- flag_NO3- OC flag_OC OM flag_OM P flag_P PM10 flag_PM10 PM10-PM2.5 flag_PM10-PM2.5 PM2.5 flag_PM2.5 K+ flag_K+ SO4-- flag_SO4--
  1.333333   2.333333    1.87 0.559  0.08 0.559 9.999 0.559259 99.99 0.559259 9.999 0.259000  0.223 0.000  0.312 0.000 99.99 0.559259   0.677 0.000   0.344 0.000   0.333 0.559 0.003 0.559 0.023 0.000000
  4.333333   5.333333    1.59 0.559  0.18 0.559 9.999 0.559259 99.99 0.559259 9.999 0.259000  0.155 0.000  0.217 0.000 99.99 0.559259   0.343 0.000   0.094 0.000   0.249 0.559 0.003 0.559 0.026 0.000000
  7.333333   8.333333    2.41 0.559  0.23 0.559 9.999 0.559259 99.99 0.559259 9.999 0.259000  0.531 0.000  0.744 0.000 99.99 0.559259   0.720 0.000   0.331 0.000   0.389 0.559 0.006 0.559 0.029 0.000000
 10.333333  11.333333    1.07 0.000  0.18 0.000 9.999 0.259000 99.99 0.259000 9.999 0.259000  0.077 0.000  0.108 0.000 99.99 0.259000   0.457 0.000   0.188 0.000   0.269 0.000 0.006 0.000 0.023 0.000000
 13.333333  14.333333    2.74 0.000  0.37 0.000 9.999 0.259000 99.99 0.259000 0.198 0.000000  0.253 0.000  0.353 0.000 99.99 0.259000   2.552 0.000   0.306 0.000   2.246 0.000 0.006 0.000 0.129 0.000000
 16.333333  17.333333    2.13 0.000  0.31 0.000 9.999 0.259000 99.99 0.259000 0.023 0.000000  0.115 0.000  0.161 0.000 99.99 0.259000   1.088 0.000   0.396 0.000   0.691 0.000 0.005 0.000 0.072 0.000000
 19.333333  20.333333    7.26 0.000  0.40 0.000 9.999 0.259000 99.99 0.259000 9.999 0.259000  0.081 0.000  0.113 0.000 99.99 0.259000   2.468 0.000   1.807 0.000   0.661 0.000 0.007 0.000 0.061 0.000000
 22.333333  23.333333 9999.99 0.999 99.99 0.999 9.999 0.999000 99.99 0.999000 9.999 0.999000 99.999 0.999 99.999 0.999 99.99 0.999000 999.999 0.999 999.999 0.999 999.999 0.999 9.999 0.999 9.999 0.999000
 25.333333  26.333333   27.19 0.000  0.40 0.000 9.999 0.259000 99.99 0.259000 9.999 0.559259  0.160 0.000  0.224 0.000 99.99 0.259000   7.399 0.000   5.747 0.000   1.652 0.000 0.022 0.000 0.070 0.559000
 28.333333  29.333333    0.85 0.000  0.20 0.000 9.999 0.259000 99.99 0.259000 9.999 0.559259  0.374 0.000  0.524 0.000 99.99 0.259000 999.999 0.259 999.999 0.259   0.205 0.000 0.003 0.000 0.004 0.559000
 31.333333  32.333333    2.27 0.000  0.13 0.000 9.999 0.259000  0.07 0.000000 9.999 0.559259  0.131 0.000  0.184 0.000 99.99 0.259000   0.915 0.000   0.369 0.000   0.546 0.000 0.004 0.000 0.047 0.559000
 34.333333  35.333333    2.77 0.000  0.27 0.000 9.999 0.259000 99.99 0.259000 0.002 0.000000  0.141 0.000  0.198 0.000 99.99 0.259000   0.962 0.000   0.309 0.000   0.653 0.000 0.006 0.000 0.055 0.000000
 37.333333  38.333333   23.99 0.000  0.37 0.000 9.999 0.259000 99.99 0.259000 0.013 0.559000  0.065 0.000  0.091 0.000 99.99 0.259000   9.797 0.000   8.431 0.000   1.365 0.000 0.020 0.000 0.072 0.559000
 40.333333  41.333333   13.42 0.000  0.35 0.000 9.999 0.259000 99.99 0.259000 0.008 0.559000  0.096 0.000  0.134 0.000 99.99 0.259000   1.497 0.000   0.577 0.000   0.920 0.000 0.012 0.000 0.067 0.559000
 43.333333  44.333333   24.57 0.000  2.03 0.000 9.999 0.259000  0.05 0.000000 0.014 0.559000  0.197 0.000  0.276 0.000 99.99 0.259000   3.535 0.000   1.695 0.000   1.840 0.000 0.026 0.000 0.167 0.559000
 46.333333  47.333333   21.43 0.000  0.68 0.000 9.999 0.259000  0.10 0.000000 0.070 0.559000  0.305 0.000  0.427 0.000 99.99 0.259000   4.630 0.000   2.924 0.000   1.706 0.000 0.026 0.000 0.125 0.559000
 49.333333  50.333333    5.00 0.000  0.27 0.000 9.999 0.259000 99.99 0.259000 0.018 0.559000  0.093 0.000  0.130 0.000 99.99 0.259000   1.345 0.000   0.321 0.000   1.024 0.000 0.008 0.000 0.098 0.559000
 52.333333  53.333333    9.27 0.000  0.24 0.000 9.999 0.259000 99.99 0.259000 0.008 0.559000  0.160 0.000  0.224 0.000 99.99 0.259000   1.479 0.000   0.630 0.000   0.849 0.000 0.010 0.000 0.038 0.559000
 55.333333  56.333333    1.98 0.000  0.18 0.000 9.999 0.259000 99.99 0.259000 0.012 0.559000  0.121 0.000  0.170 0.000 99.99 0.259000   1.213 0.000   0.435 0.000   0.778 0.000 0.005 0.000 0.079 0.559000
 58.333333  59.333333   20.74 0.000  0.51 0.000 9.999 0.259000 99.99 0.259000 0.078 0.000000  0.224 0.000  0.314 0.000 99.99 0.259000   5.401 0.000   3.665 0.000   1.736 0.000 0.017 0.000 0.135 0.000000
 61.333333  62.333333   28.79 0.000  1.19 0.000 9.999 0.259000 99.99 0.259000 0.025 0.559000  0.459 0.000  0.643 0.000 99.99 0.259000   2.794 0.000   0.938 0.000   1.856 0.000 0.024 0.000 0.156 0.559000
 64.333333  65.333333   24.23 0.000  0.29 0.000 9.999 0.259000 99.99 0.259000 0.013 0.000000  0.189 0.000  0.264 0.000 99.99 0.259000   4.340 0.000   3.138 0.000   1.203 0.000 0.019 0.000 0.056 0.000000
 67.333333  68.333333   27.42 0.000  0.62 0.000 9.999 0.259000  0.09 0.000000 0.016 0.000000 99.999 0.999 99.999 0.999 99.99 0.259000   2.911 0.000   1.449 0.000   1.462 0.000 0.018 0.000 0.109 0.000000
 70.333333  71.333333   26.17 0.000  0.90 0.000 9.999 0.259000 99.99 0.259000 0.018 0.559000  0.271 0.000  0.380 0.000 99.99 0.259000   3.867 0.000   1.833 0.000   2.034 0.000 0.024 0.000 0.178 0.559000
 73.333333  74.333333    1.57 0.000  0.12 0.000 9.999 0.259000 99.99 0.259000 0.020 0.000000  0.129 0.000  0.180 0.000 99.99 0.259000   0.502 0.000   0.079 0.000   0.423 0.000 0.005 0.000 0.032 0.000000
 76.333333  77.333333    4.37 0.000 99.99 0.259 9.999 0.259000 99.99 0.259000 0.024 0.000000  0.098 0.000  0.138 0.000 99.99 0.259000   1.046 0.000   0.204 0.000   0.842 0.000 0.006 0.000 0.071 0.000000
 79.333333  80.333333    6.90 0.000  0.43 0.000 9.999 0.259000  0.11 0.000000 0.004 0.559000  0.125 0.000  0.176 0.000 99.99 0.259000   0.951 0.000   0.389 0.000   0.561 0.000 0.009 0.000 0.062 0.559000
 82.333333  83.333333    6.60 0.000  0.16 0.000 9.999 0.259000 99.99 0.259000 0.013 0.000000  0.200 0.000  0.279 0.000 99.99 0.259000   1.248 0.000   0.646 0.000   0.601 0.000 0.006 0.000 0.057 0.000000
 85.333333  86.333333   34.67 0.000  0.62 0.000 9.999 0.259000 99.99 0.259000 0.016 0.000000  0.254 0.000  0.356 0.000 99.99 0.259000 999.999 0.456 999.999 0.999   1.655 0.000 0.023 0.000 0.102 0.000000
 88.333333  89.333333  122.42 0.000  1.53 0.000 9.999 0.259000  0.06 0.000000 0.030 0.000000  0.335 0.000  0.470 0.000 99.99 0.259000 999.999 0.456 999.999 0.999   4.314 0.000 0.073 0.000 0.278 0.000000
 91.333333  92.333333   24.11 0.000  0.34 0.000 9.999 0.259000 99.99 0.259000 0.015 0.000000 99.999 0.999 99.999 0.999 99.99 0.259000 999.999 0.456 999.999 0.999   1.452 0.000 0.019 0.000 0.095 0.000000
 94.333333  95.333333   42.36 0.000  0.97 0.000 9.999 0.259000  0.13 0.000000 0.042 0.000000  0.445 0.000  0.623 0.000 99.99 0.259000   6.283 0.000   3.530 0.000   2.753 0.000 0.034 0.000 0.204 0.000000
 97.333333  98.333333   47.64 0.000  0.58 0.000 9.999 0.259000 99.99 0.259000 0.020 0.000000  0.229 0.000  0.320 0.000 99.99 0.259000   4.754 0.000   2.878 0.000   1.875 0.000 0.026 0.000 0.131 0.000000
100.333333 101.333333   44.77 0.000  0.80 0.000 9.999 0.259000  0.07 0.000000 0.028 0.000000  0.248 0.000  0.347 0.000 99.99 0.259000   4.630 0.000   2.175 0.000   2.454 0.000 0.025 0.000 0.120 0.000000
103.333333 104.333333   48.92 0.000 99.99 0.259 0.046 0.000000 99.99 0.259000 0.033 0.000000  0.388 0.000  0.542 0.000 99.99 0.259000   7.111 0.000   5.220 0.000   1.891 0.000 0.030 0.000 0.082 0.000000
106.333333 107.333333    6.97 0.000  0.26 0.000 9.999 0.259000  0.17 0.000000 0.006 0.000000  0.035 0.000  0.049 0.000 99.99 0.259000   1.004 0.000   0.495 0.000   0.509 0.000 0.005 0.000 0.045 0.000000
109.333333 110.333333 9999.99 0.999 99.99 0.999 9.999 0.999000 99.99 0.999000 9.999 0.999000 99.999 0.999 99.999 0.999 99.99 0.999000 999.999 0.999 999.999 0.999 999.999 0.999 9.999 0.999 9.999 0.999000
112.333333 113.333333   75.09 0.000  1.97 0.000 9.999 0.259000  0.17 0.000000 0.050 0.559000  0.554 0.000  0.776 0.000 99.99 0.259000 999.999 0.456 999.999 0.999   3.817 0.000 0.061 0.000 0.276 0.559000
115.333333 116.333333  105.72 0.000  1.86 0.000 9.999 0.259000  0.13 0.000000 0.094 0.000000  0.858 0.000  1.201 0.000 99.99 0.259000  12.350 0.000   6.932 0.000   5.418 0.000 0.069 0.000 0.310 0.000000
118.333333 119.333333   33.47 0.394  0.24 0.394 9.999 0.394259 99.99 0.394259 0.024 0.559394  0.214 0.000  0.300 0.000 99.99 0.394259   2.550 0.000   1.036 0.000   1.514 0.000 0.023 0.394 0.095 0.559394
121.333333 122.333333   47.32 0.394  0.65 0.394 9.999 0.394259  0.17 0.394000 0.024 0.559394  0.546 0.000  0.764 0.000 99.99 0.394259   4.505 0.000   1.523 0.000   2.982 0.000 0.031 0.394 0.136 0.559394
124.333333 125.333333   76.05 0.000  0.78 0.000 9.999 0.259000  0.13 0.000000 0.027 0.559000  0.203 0.000  0.285 0.000 99.99 0.259000   5.250 0.000   2.702 0.000   2.547 0.000 0.047 0.000 0.108 0.559000
127.333333 128.333333 9999.99 0.999 99.99 0.999 9.999 0.999000 99.99 0.999000 9.999 0.999000 99.999 0.999 99.999 0.999 99.99 0.999000 999.999 0.999 999.999 0.999 999.999 0.999 9.999 0.999 9.999 0.999000
130.333333 131.333333 9999.99 0.999 99.99 0.999 9.999 0.999000 99.99 0.999000 9.999 0.999000 99.999 0.999 99.999 0.999 99.99 0.999000 999.999 0.999 999.999 0.999 999.999 0.999 9.999 0.999 9.999 0.999000
133.333333 134.333333   31.76 0.394  0.60 0.394 9.999 0.394259 99.99 0.394259 0.010 0.394000  0.397 0.000  0.556 0.000 99.99 0.394259   5.836 0.000   3.849 0.000   1.986 0.000 0.022 0.394 0.102 0.394000
136.333333 137.333333   54.47 0.000  0.47 0.000 9.999 0.259000 99.99 0.259000 0.019 0.559000  0.836 0.000  1.171 0.000 99.99 0.259000   8.794 0.000   5.606 0.000   3.188 0.000 0.036 0.000 0.153 0.559000
139.333333 140.333333   30.46 0.000  0.16 0.000 9.999 0.259000 99.99 0.259000 0.010 0.000000  0.379 0.000  0.531 0.000 99.99 0.259000   8.233 0.000   6.644 0.000   1.589 0.000 0.023 0.000 0.045 0.000000
142.333333 143.333333    8.83 0.000  0.14 0.000 9.999 0.259000  0.09 0.000000 0.006 0.000000  0.214 0.000  0.299 0.000 99.99 0.259000   2.480 0.000   1.393 0.000   1.087 0.000 0.007 0.000 0.048 0.000000
145.333333 146.333333   77.13 0.000  0.62 0.000 9.999 0.259000 99.99 0.259000 0.013 0.000000  0.629 0.000  0.881 0.000 99.99 0.259000  19.387 0.000  15.343 0.000   4.043 0.000 0.062 0.000 0.110 0.000000
148.333333 149.333333   62.70 0.394  0.37 0.394 9.999 0.394259  0.13 0.394000 0.011 0.559394  0.501 0.000  0.701 0.000 99.99 0.394259 999.999 0.456 999.999 0.999   2.755 0.000 0.044 0.394 0.108 0.559394
151.333333 152.333333 9999.99 0.999 99.99 0.999 9.999 0.999000 99.99 0.999000 9.999 0.999000 99.999 0.999 99.999 0.999 99.99 0.999000 999.999 0.999 999.999 0.999 999.999 0.999 9.999 0.999 9.999 0.999000
154.333333 155.333333 9999.99 0.456 99.99 0.456 9.999 0.456000 99.99 0.456000 0.022 0.559000  0.653 0.000  0.914 0.000 99.99 0.456000 999.999 0.456 999.999 0.999 999.999 0.456 9.999 0.456 0.176 0.559000
157.333333 158.333333   53.82 0.000  0.45 0.000 9.999 0.259000 99.99 0.259000 0.024 0.559000  0.543 0.000  0.761 0.000 99.99 0.259000   9.466 0.000   6.639 0.000   2.827 0.000 0.035 0.000 0.107 0.559000
160.333333 161.333333    2.08 0.394  0.28 0.394 9.999 0.394259 99.99 0.394259 0.007 0.559394  0.262 0.000  0.367 0.000 99.99 0.394259   1.569 0.000   0.562 0.000   1.007 0.000 0.003 0.394 0.043 0.559394
163.333333 164.333333 9999.99 0.456 99.99 0.456 9.999 0.456000 99.99 0.456000 9.999 0.456000 99.999 0.999 99.999 0.999 99.99 0.456000 999.999 0.456 999.999 0.999 999.999 0.456 9.999 0.456 9.999 0.456000
166.333333 167.333333 9999.99 0.456 99.99 0.456 9.999 0.456000 99.99 0.456000 9.999 0.456000 99.999 0.999 99.999 0.999 99.99 0.456000 999.999 0.456 999.999 0.999 999.999 0.456 9.999 0.456 9.999 0.456000
169.333333 170.333333   44.36 0.000  0.31 0.000 9.999 0.259000  0.06 0.000000 0.023 0.000000  0.530 0.000  0.743 0.000 99.99 0.259000  13.250 0.000  10.937 0.000   2.313 0.000 0.040 0.000 0.076 0.000000
172.333333 173.333333   33.11 0.000  0.25 0.000 9.999 0.259000 99.99 0.259000 0.021 0.000000  0.855 0.000  1.196 0.000 99.99 0.259000   5.835 0.000   2.833 0.000   3.002 0.000 0.030 0.000 0.168 0.000000
175.333333 176.333333   66.32 0.000  0.76 0.000 9.999 0.259000 99.99 0.259000 0.027 0.000000  0.841 0.000  1.178 0.000 99.99 0.259000  15.281 0.000  10.950 0.000   4.331 0.000 0.062 0.000 0.234 0.000000
178.333333 179.333333   64.82 0.000  0.65 0.000 9.999 0.259000 99.99 0.259000 0.020 0.000000  1.217 0.000  1.704 0.000 99.99 0.259000  11.588 0.000   7.227 0.000   4.361 0.000 0.047 0.000 0.193 0.000000
181.333333 182.333333  100.14 0.000  0.17 0.000 9.999 0.259000 99.99 0.259000 0.015 0.000000  0.575 0.000  0.805 0.000 99.99 0.259000  17.940 0.000  13.950 0.000   3.990 0.000 0.066 0.000 0.083 0.000000
184.333333 185.333333 9999.99 0.999 99.99 0.999 9.999 0.999000 99.99 0.999000 9.999 0.999000 99.999 0.999 99.999 0.999 99.99 0.999000 999.999 0.999 999.999 0.999 999.999 0.999 9.999 0.999 9.999 0.999000
187.333333 188.333333  139.75 0.559  0.65 0.559 0.028 0.559000  0.71 0.559000 0.042 0.000000  1.202 0.000  1.683 0.000 99.99 0.559259  17.402 0.000  10.949 0.000   6.453 0.559 0.182 0.559 0.236 0.000000
190.333333 191.333333  127.21 0.000  0.44 0.000 9.999 0.259000  0.59 0.000000 0.009 0.559000  0.913 0.000  1.278 0.000 99.99 0.259000  14.257 0.000   9.120 0.000   5.137 0.000 0.102 0.000 0.056 0.559000
193.333333 194.333333  784.38 0.559  0.72 0.559 0.258 0.559000  0.28 0.559000 0.045 0.559000  2.027 0.000  2.837 0.000 99.99 0.559259  48.327 0.000  27.357 0.000  20.970 0.559 0.491 0.559 0.174 0.559000
196.333333 197.333333  288.79 0.000  0.44 0.000 9.999 0.259000  1.46 0.000000 0.024 0.000000  1.479 0.000  2.070 0.000 99.99 0.259000  15.397 0.000   5.427 0.000   9.971 0.000 0.245 0.000 0.273 0.000000
199.333333 200.333333  301.93 0.000  0.32 0.000 9.999 0.259000  0.48 0.000000 0.056 0.000000  1.675 0.000  2.345 0.000 99.99 0.259000  16.871 0.000   7.091 0.000   9.780 0.000 0.222 0.000 0.192 0.000000
202.333333 203.333333  243.52 0.699  0.69 0.699 9.999 0.699259  0.34 0.699000 0.024 0.000000  5.210 0.000  7.294 0.000 99.99 0.699259  25.066 0.000   9.266 0.000  15.800 0.699 0.235 0.699 0.157 0.000000
205.333333 206.333333  228.88 0.000  0.43 0.000 9.999 0.259000  0.43 0.000000 0.023 0.000000  2.370 0.000  3.318 0.000 99.99 0.259000  21.199 0.000  11.650 0.000   9.549 0.000 0.171 0.000 0.162 0.000000
208.333333 209.333333  103.27 0.000  0.31 0.000 9.999 0.259000  0.39 0.000000 0.015 0.000000  2.136 0.000  2.991 0.000 99.99 0.259000   8.894 0.000   2.785 0.000   6.109 0.000 0.081 0.000 0.114 0.000000
211.333333 212.333333  174.97 0.699  0.65 0.699 9.999 0.699259  0.27 0.699000 0.029 0.000000  6.652 0.000  9.313 0.000 99.99 0.699259  22.783 0.000   6.237 0.000  16.546 0.699 0.188 0.699 0.147 0.000000
214.333333 215.333333 9999.99 0.999 99.99 0.999 9.999 0.999000 99.99 0.999000 9.999 0.999000 99.999 0.999 99.999 0.999 99.99 0.999000 999.999 0.999 999.999 0.999 999.999 0.999 9.999 0.999 9.999 0.999000
217.333333 218.333333 9999.99 0.999 99.99 0.999 9.999 0.999000 99.99 0.999000 9.999 0.999000 99.999 0.999 99.999 0.999 99.99 0.999000 999.999 0.999 999.999 0.999 999.999 0.999 9.999 0.999 9.999 0.999000
220.333333 221.333333  124.31 0.559  0.45 0.559 9.999 0.559259  0.33 0.559000 0.021 0.000000  1.464 0.000  2.050 0.000 99.99 0.559259  11.696 0.000   5.953 0.000   5.742 0.559 0.124 0.559 0.106 0.000000
223.333333 224.333333  112.18 0.000  0.30 0.000 9.999 0.259000  0.45 0.000000 0.013 0.000000  1.112 0.000  1.557 0.000 99.99 0.259000   9.868 0.000   5.187 0.000   4.681 0.000 0.091 0.000 0.073 0.000000
226.333333 227.333333  134.00 0.000  0.26 0.000 9.999 0.259000  0.31 0.000000 0.011 0.000000  0.766 0.000  1.072 0.000 99.99 0.259000  11.356 0.000   6.027 0.000   5.330 0.000 0.103 0.000 0.063 0.000000
229.333333 230.333333  217.93 0.559  0.47 0.559 9.999 0.559259  0.17 0.559000 0.030 0.000000  2.095 0.000  2.933 0.000 99.99 0.559259  22.528 0.000  13.360 0.000   9.168 0.559 0.137 0.559 0.091 0.000000
232.333333 233.333333  138.31 0.559  0.27 0.559 9.999 0.559259  0.20 0.559000 0.027 0.000000  2.992 0.000  4.189 0.000 99.99 0.559259  14.922 0.000   4.643 0.000  10.279 0.559 0.180 0.559 0.119 0.000000
