scripts/IMPROVE-2019_partial/data/US0086R.20100102050000.20191216000000.filterpack...52w.3d.US03L_filterpack_US0086.US03L_IMPROVE_Davis.lev2.nas
51 1001
MISSING INFORMATION
US03L, IMPROVE, , , , , , , 
MISSING INFORMATION
IMPROVE sel_HTAP
1 1
2010 01 01 2019 12 16
3.000000
days from file reference point
4
1 1 1 1
999.999999 999.999 999.999 9.999
end_time of measurement, days from the file reference point
pm10_mass, ug/m3, Matrix=pm10
pm25_mass, ug/m3, Matrix=pm25
numflag, no unit
0
33
Data definition:              EBAS_1.1
Set type code:                TU
Timezone:                     UTC
File name:                    US0086R.20100102050000.20191216000000.filterpack...52w.3d.US03L_filterpack_US0086.US03L_IMPROVE_Davis.lev2.nas
File creation:                20191218120114
Startdate:                    20100102050000
Revision date:                20191216000000
Version:                      2
Version description:          "Data extracted from http://views.cira.colostate.edu/fed/DataWizard 2019-12-16"
Statistics:                   arithmetic mean
Data level:                   2
Period code:                  52w
Resolution code:              3d
Sample duration:              1d
Orig. time res.:              3d
Station code:                 US0086R
Platform code:                US0086S
Station name:                 Dolly Sods Wilderness
Station latitude:             39.1053
Station longitude:            -79.4261
Station altitude:             1182.0 m
Regime:                       IMG
Component:                    
Unit:                         ug/m3
Matrix:                       
Laboratory code:              US03L
Instrument type:              filterpack
Instrument name:              filterpack_US0086
Method ref:                   US03L_IMPROVE_Davis
Blank correction:             Blank corrected
Volume std. temperature:      ambient
Volume std. pressure:         ambient
starttime endtime PM10 PM2.5 flag
  1.208333   2.208333   5.451   5.636 0.000
  4.208333   5.208333   7.155   6.442 0.000
  7.208333   8.208333  10.160  10.501 0.000
 10.208333  11.208333   3.838   3.462 0.000
 13.208333  14.208333   2.139   1.663 0.000
 16.208333  17.208333   0.836   1.066 0.000
 19.208333  20.208333   5.576   5.141 0.000
 22.208333  23.208333   1.073   0.906 0.000
 25.208333  26.208333   4.364   3.538 0.000
 28.208333  29.208333   5.444   4.796 0.000
 31.208333  32.208333   5.674   4.494 0.000
 34.208333  35.208333   8.227   7.753 0.000
 37.208333  38.208333   7.562   7.302 0.000
 40.208333  41.208333   5.881   5.367 0.000
 43.208333  44.208333   7.252   7.130 0.000
 46.208333  47.208333   8.342   7.603 0.000
 49.208333  50.208333   8.639   8.425 0.000
 52.208333  53.208333   6.300   6.447 0.000
 55.208333  56.208333   9.213   8.692 0.000
 58.208333  59.208333   5.384   6.255 0.000
 61.208333  62.208333  10.291  10.428 0.000
 64.208333  65.208333  10.718   8.744 0.000
 67.208333  68.208333   8.814   7.299 0.000
 70.208333  71.208333   1.535   0.285 0.000
 73.208333  74.208333   3.762   1.527 0.000
 76.208333  77.208333   9.655   6.598 0.000
 79.208333  80.208333  12.646  10.904 0.000
 82.208333  83.208333   9.182   5.725 0.000
 85.208333  86.208333   5.205   3.169 0.000
 88.208333  89.208333   8.981   6.880 0.000
 91.208333  92.208333  16.725  10.503 0.000
 94.208333  95.208333  13.493   9.498 0.000
 97.208333  98.208333  10.474   5.808 0.000
100.208333 101.208333  13.079   9.076 0.000
103.208333 104.208333   6.435   4.616 0.000
106.208333 107.208333   7.359   5.113 0.000
109.208333 110.208333  12.854   5.554 0.000
112.208333 113.208333  22.489  12.212 0.000
115.208333 116.208333   1.973   1.542 0.000
118.208333 119.208333   7.400   4.689 0.000
121.208333 122.208333  12.920   7.998 0.000
124.208333 125.208333  12.062   5.781 0.000
127.208333 128.208333  16.035   6.279 0.000
130.208333 131.208333  11.108   5.715 0.000
133.208333 134.208333  22.904  11.870 0.000
136.208333 137.208333   2.591   1.553 0.000
139.208333 140.208333  13.509   7.299 0.000
142.208333 143.208333  14.267   7.167 0.000
145.208333 146.208333  14.230   7.662 0.000
148.208333 149.208333  15.899  12.606 0.000
151.208333 152.208333  11.553   7.663 0.000
154.208333 155.208333  15.583  10.168 0.000
157.208333 158.208333   7.379   5.654 0.000
160.208333 161.208333  13.808   7.626 0.000
163.208333 164.208333  14.838   7.039 0.000
166.208333 167.208333  11.827   9.387 0.000
169.208333 170.208333  13.860  11.674 0.000
172.208333 173.208333  14.804  11.690 0.000
175.208333 176.208333  13.298  10.582 0.000
178.208333 179.208333   9.984   8.916 0.000
181.208333 182.208333   7.685   5.143 0.000
184.208333 185.208333  15.646  12.686 0.000
187.208333 188.208333  29.736  26.730 0.000
190.208333 191.208333   6.959   5.585 0.000
193.208333 194.208333   7.922   6.974 0.000
196.208333 197.208333  16.676  15.038 0.000
199.208333 200.208333  11.084   9.951 0.000
202.208333 203.208333  14.449  11.843 0.000
205.208333 206.208333  18.852  12.204 0.000
208.208333 209.208333  17.472  16.397 0.000
211.208333 212.208333  13.525  12.212 0.000
214.208333 215.208333  16.253  14.460 0.000
217.208333 218.208333  17.666  14.919 0.000
220.208333 221.208333  19.840  17.568 0.000
223.208333 224.208333  15.317  14.558 0.000
226.208333 227.208333  12.114  10.168 0.000
229.208333 230.208333  11.264   8.797 0.000
232.208333 233.208333  15.604  12.355 0.000
235.208333 236.208333   1.094   1.135 0.000
238.208333 239.208333  11.565   8.716 0.000
241.208333 242.208333  14.983  12.806 0.000
244.208333 245.208333  14.080   8.282 0.000
247.208333 248.208333   5.232   3.044 0.000
250.208333 251.208333  11.368   5.630 0.000
253.208333 254.208333   6.064   3.966 0.000
256.208333 257.208333   7.942   4.920 0.000
259.208333 260.208333   5.503   4.873 0.000
262.208333 263.208333   8.748   6.530 0.000
265.208333 266.208333  19.792  15.296 0.000
268.208333 269.208333   7.639   5.380 0.000
271.208333 272.208333   7.545   6.514 0.000
274.208333 275.208333   4.544   3.295 0.000
277.208333 278.208333   2.573   2.423 0.000
280.208333 281.208333   8.405   4.539 0.000
283.208333 284.208333  18.731  11.960 0.000
286.208333 287.208333   8.119   4.885 0.000
289.208333 290.208333  13.491   7.283 0.000
292.208333 293.208333   8.329   5.438 0.000
295.208333 296.208333   9.381   4.379 0.000
298.208333 299.208333   4.585   3.556 0.000
301.208333 302.208333   5.007   3.880 0.000
304.208333 305.208333   4.606   3.262 0.000
307.208333 308.208333   4.382   3.519 0.000
310.208333 311.208333   5.160   4.365 0.000
313.208333 314.208333 999.999 999.999 0.456
316.208333 317.208333 999.999 999.999 0.456
319.208333 320.208333 999.999 999.999 0.456
322.208333 323.208333   6.701   6.155 0.000
325.208333 326.208333   8.241   6.702 0.000
328.208333 329.208333   5.725   4.786 0.000
331.208333 332.208333   5.411   4.908 0.000
334.208333 335.208333   5.508   4.024 0.000
337.208333 338.208333   9.544   8.825 0.000
340.208333 341.208333   6.623   6.797 0.000
343.208333 344.208333   7.184   5.683 0.000
346.208333 347.208333   5.444   5.254 0.000
349.208333 350.208333   4.037   3.337 0.000
352.208333 353.208333  10.505  10.483 0.000
355.208333 356.208333   6.970   6.721 0.000
358.208333 359.208333   7.010   7.498 0.000
361.208333 362.208333   5.071   4.298 0.000
364.208333 365.208333   5.994   4.277 0.000
