scripts/IMPROVE-2019_partial/data/US0060R.20060102050000.20191216000000.filterpack..pm25.52w.1w.US03L_filterpack_US0060.US03L_IMPROVE_Davis.lev2.nas
66 1001
MISSING INFORMATION
US03L, IMPROVE, , , , , , , 
MISSING INFORMATION
IMPROVE sel_HTAP
1 1
2006 01 01 2019 12 16
3.000000
days from file reference point
27
1 1 1 1 1 1 1 1 1 1 1 1 1 1 1 1 1 1 1 1 1 1 1 1 1 1 1
999.999999 999.99 9.999 99.99 9.999 9.999 9.999999 99.99 9.999999 9.999 9.999999 99.999 9.999 99.999 9.999 99.9 9.999999 999.999 9.999 999.999 9.999 999.999 9.999 9.999 9.999 99.999 9.999999
end_time of measurement, days from the file reference point
iron, ng/m3, Revision date=20181210133000
numflag iron, no unit, Revision date=20181210133000
lead, ng/m3, Revision date=20181210133000
numflag lead, no unit, Revision date=20181210133000
magnesium, ug/m3, Revision date=20181210133000
numflag magnesium, no unit, Revision date=20181210133000
nickel, ng/m3, Revision date=20181210133000
numflag nickel, no unit, Revision date=20181210133000
nitrate, ug N/m3, Revision date=20181210133000
numflag nitrate, no unit, Revision date=20181210133000
organic_carbon, ug C/m3, Revision date=20181210133000
numflag organic_carbon, no unit, Revision date=20181210133000
organic_mass, ug/m3, Revision date=20181210133000
numflag organic_mass, no unit, Revision date=20181210133000
phosphorus, ng/m3, Revision date=20181210133000
numflag phosphorus, no unit, Revision date=20181210133000
pm10_mass, ug/m3, Version=2, Version description=Data extracted from http://views.cira.colostate.edu/fed/DataWizard 2019-12-16, Sample duration=1d, Orig. time res.=3d, Matrix=pm10, Blank correction=Blank corrected, Volume std. temperature=ambient, Volume std. pressure=ambient
numflag pm10_mass, no unit, Version=2, Version description=Data extracted from http://views.cira.colostate.edu/fed/DataWizard 2019-12-16, Sample duration=1d, Orig. time res.=3d, Matrix=pm10, Blank correction=Blank corrected, Volume std. temperature=ambient, Volume std. pressure=ambient
pm10_pm25_mass, ug/m3, Revision date=20181210133000, Matrix=pm10_pm25
numflag pm10_pm25_mass, no unit, Revision date=20181210133000, Matrix=pm10_pm25
pm25_mass, ug/m3, Version=2, Version description=Data extracted from http://views.cira.colostate.edu/fed/DataWizard 2019-12-16, Sample duration=1d, Orig. time res.=3d, Blank correction=Blank corrected, Volume std. temperature=ambient, Volume std. pressure=ambient
numflag pm25_mass, no unit, Version=2, Version description=Data extracted from http://views.cira.colostate.edu/fed/DataWizard 2019-12-16, Sample duration=1d, Orig. time res.=3d, Blank correction=Blank corrected, Volume std. temperature=ambient, Volume std. pressure=ambient
potassium, ug/m3, Revision date=20181210133000
numflag potassium, no unit, Revision date=20181210133000
sulphate_total, ug S/m3, Revision date=20181210133000
numflag sulphate_total, no unit, Revision date=20181210133000
0
25
Data definition:              EBAS_1.1
Set type code:                TU
Timezone:                     UTC
File name:                    US0060R.20060102050000.20191216000000.filterpack..pm25.52w.1w.US03L_filterpack_US0060.US03L_IMPROVE_Davis.lev2.nas
File creation:                20191218115913
Startdate:                    20060102050000
Revision date:                20191216000000
Statistics:                   arithmetic mean
Data level:                   2
Period code:                  52w
Resolution code:              1w
Station code:                 US0060R
Platform code:                US0060S
Station name:                 Great Gulf Wilderness
Station latitude:             44.3082
Station longitude:            -71.2177
Station altitude:             453.0 m
Regime:                       IMG
Component:                    
Matrix:                       pm25
Laboratory code:              US03L
Instrument type:              filterpack
Instrument name:              filterpack_US0060
Method ref:                   US03L_IMPROVE_Davis
starttime endtime Fe flag_Fe Pb flag_Pb Mg++ flag_Mg++ Ni flag_Ni NO3- flag_NO3- OC flag_OC OM flag_OM P flag_P PM10 flag_PM10 PM10-PM2.5 flag_PM10-PM2.5 PM2.5 flag_PM2.5 K+ flag_K+ SO4-- flag_SO4--
  1.208333   2.208333   4.02 0.559  0.98 0.559 9.999 0.559259  0.35 0.559000 0.027 0.000000  0.596 0.000  0.835 0.000 99.9 0.559259   3.370 0.000   0.573 0.559   2.797 0.659 0.018 0.559  0.446 0.000000
  4.208333   5.208333  10.49 0.000  1.26 0.000 9.999 0.259000  1.33 0.000000 0.076 0.000000  1.191 0.000  1.667 0.000 99.9 0.259000   6.148 0.000   1.328 0.000   4.819 0.000 0.043 0.000  0.611 0.000000
  7.208333   8.208333   5.62 0.559  0.97 0.559 9.999 0.559259  0.79 0.559000 0.034 0.000000  0.527 0.000  0.738 0.000 99.9 0.559259   3.220 0.000   0.949 0.559   2.271 0.659 0.036 0.559  0.358 0.000000
 10.208333  11.208333  12.32 0.000  0.89 0.000 9.999 0.259000  0.57 0.000000 0.054 0.000000  0.760 0.000  1.064 0.000 99.9 0.259000   7.060 0.000   2.889 0.000   4.171 0.000 0.027 0.000  0.639 0.000000
 13.208333  14.208333   4.84 0.000  0.29 0.000 9.999 0.259000  0.31 0.000000 0.004 0.000000  0.310 0.000  0.433 0.000 99.9 0.259000   2.829 0.000   1.103 0.000   1.726 0.000 0.011 0.000  0.231 0.000000
 16.208333  17.208333   6.66 0.000  1.22 0.000 0.006 0.000000  1.20 0.000000 0.050 0.000000  0.534 0.000  0.747 0.000 99.9 0.259000   3.800 0.000   2.173 0.000   1.627 0.000 0.042 0.000  0.162 0.000000
 19.208333  20.208333  24.69 0.000  1.31 0.000 9.999 0.259000  0.21 0.000000 0.077 0.000000  0.807 0.000  1.130 0.000 99.9 0.259000   9.720 0.000   4.279 0.000   5.441 0.000 0.030 0.000  0.819 0.000000
 22.208333  23.208333   3.93 0.559  0.76 0.559 9.999 0.559259 99.99 0.559259 0.010 0.000000  0.521 0.000  0.730 0.000 99.9 0.559259   2.363 0.000   0.627 0.559   1.736 0.659 0.013 0.559  0.207 0.000000
 25.208333  26.208333   8.34 0.000  1.10 0.000 9.999 0.259000  0.55 0.000000 0.066 0.000000  0.645 0.000  0.903 0.000 99.9 0.259000   4.763 0.000   0.824 0.000   3.939 0.000 0.023 0.000  0.616 0.000000
 28.208333  29.208333  21.90 0.000  2.35 0.000 9.999 0.259000  1.26 0.000000 0.200 0.000000  1.047 0.000  1.465 0.000 99.9 0.259000   8.909 0.000   3.865 0.000   5.045 0.000 0.093 0.000  0.605 0.000000
 31.208333  32.208333   6.65 0.000  1.00 0.000 9.999 0.259000  1.27 0.000000 0.082 0.000000  0.660 0.000  0.925 0.000 99.9 0.259000   4.696 0.000   0.699 0.000   3.997 0.000 0.092 0.000  0.703 0.000000
 34.208333  35.208333  12.43 0.000  1.31 0.000 9.999 0.259000  0.35 0.000000 0.009 0.000000  0.527 0.559  0.738 0.559 99.9 0.259000   5.979 0.000   0.628 0.000   5.352 0.000 0.018 0.000  1.012 0.000000
 37.208333  38.208333   2.82 0.000  0.75 0.000 0.031 0.000000  0.10 0.000000 0.073 0.000000  0.214 0.559  0.300 0.559 99.9 0.259000   4.019 0.000   1.245 0.000   2.774 0.000 0.021 0.000  0.265 0.000000
 40.208333  41.208333  18.53 0.000  3.45 0.000 9.999 0.259000  0.16 0.000000 0.048 0.559000  0.391 0.559  0.548 0.559 99.9 0.259000   5.316 0.000   2.372 0.000   2.943 0.000 0.029 0.000  0.375 0.559000
 43.208333  44.208333  10.82 0.000  1.38 0.000 9.999 0.259000  0.19 0.000000 0.032 0.559000  0.287 0.559  0.402 0.559 99.9 0.259000   3.471 0.000   1.450 0.000   2.021 0.000 0.016 0.000  0.249 0.559000
 46.208333  47.208333  45.53 0.000  3.58 0.000 9.999 0.259000  1.12 0.000000 0.158 0.559000  1.695 0.559  2.373 0.559 99.9 0.259000  14.683 0.000   4.692 0.000   9.991 0.000 0.070 0.000  1.024 0.559000
 49.208333  50.208333   8.67 0.000  0.97 0.000 0.018 0.000000 99.99 0.259000 0.045 0.559000  0.387 0.559  0.541 0.559 99.9 0.259000   4.007 0.000   1.655 0.000   2.352 0.000 0.022 0.000  0.339 0.559000
 52.208333  53.208333  16.53 0.000  1.42 0.000 9.999 0.259000  0.24 0.000000 0.293 0.559000  0.931 0.559  1.303 0.559 99.9 0.259000   7.886 0.000   1.218 0.000   6.668 0.000 0.027 0.000  0.830 0.559000
 55.208333  56.208333  11.62 0.000  1.43 0.000 9.999 0.259000  1.05 0.000000 0.077 0.559000  0.464 0.559  0.650 0.559 99.9 0.259000   5.879 0.000   3.333 0.000   2.546 0.000 0.068 0.000  0.261 0.559000
 58.208333  59.208333   6.63 0.000  1.09 0.000 0.016 0.000000 99.99 0.259000 0.038 0.559000  0.252 0.559  0.353 0.559 99.9 0.259000   3.028 0.000   1.354 0.000   1.673 0.000 0.016 0.000  0.176 0.559000
 61.208333  62.208333   7.60 0.000  0.69 0.000 9.999 0.259000  0.26 0.000000 0.106 0.559000  0.496 0.559  0.695 0.559 99.9 0.259000   5.556 0.000   2.590 0.000   2.966 0.000 0.033 0.000  0.243 0.559000
 64.208333  65.208333   8.54 0.000  0.74 0.000 9.999 0.259000  0.43 0.000000 0.034 0.559000  0.355 0.559  0.497 0.559 99.9 0.259000   2.544 0.000   0.725 0.000   1.819 0.000 0.017 0.000  0.240 0.559000
 67.208333  68.208333  15.39 0.000  2.11 0.000 9.999 0.259000  0.94 0.000000 0.082 0.559000  0.870 0.559  1.218 0.559 99.9 0.259000   5.656 0.000   1.574 0.000   4.082 0.000 0.038 0.000  0.453 0.559000
 70.208333  71.208333  18.48 0.000  2.25 0.000 9.999 0.259000  0.29 0.000000 0.052 0.559000  0.599 0.559  0.839 0.559 99.9 0.259000   6.016 0.000   1.099 0.000   4.918 0.000 0.039 0.000  0.701 0.559000
 73.208333  74.208333 999.99 0.999 99.99 0.999 9.999 0.999000 99.99 0.999000 9.999 0.999000 99.999 0.999 99.999 0.999 99.9 0.999000 999.999 0.999 999.999 0.999 999.999 0.999 9.999 0.999 99.999 0.999000
 76.208333  77.208333 999.99 0.999 99.99 0.999 9.999 0.999000 99.99 0.999000 9.999 0.999000 99.999 0.999 99.999 0.999 99.9 0.999000 999.999 0.999 999.999 0.999 999.999 0.999 9.999 0.999 99.999 0.999000
 79.208333  80.208333   6.50 0.000  0.49 0.000 9.999 0.259000 99.99 0.259000 0.047 0.559000  0.379 0.559  0.530 0.559 99.9 0.259000   2.873 0.000   0.852 0.000   2.021 0.000 0.019 0.000  0.264 0.559000
 82.208333  83.208333  10.12 0.000  1.27 0.000 9.999 0.259000  0.52 0.000000 0.024 0.559000  0.732 0.559  1.025 0.559 99.9 0.259000   4.228 0.000   0.729 0.000   3.499 0.000 0.032 0.000  0.453 0.559000
 85.208333  86.208333  26.03 0.000  0.89 0.000 9.999 0.259000  0.25 0.000000 0.053 0.559000  0.350 0.559  0.490 0.559 99.9 0.259000   4.269 0.000   1.742 0.000   2.526 0.000 0.031 0.000  0.298 0.559000
 88.208333  89.208333  34.38 0.000  1.53 0.000 9.999 0.259000  0.25 0.000000 0.044 0.559000  0.857 0.559  1.200 0.559 99.9 0.259000   8.351 0.000   3.001 0.000   5.350 0.000 0.038 0.000  0.599 0.559000
 91.208333  92.208333  21.44 0.000  1.29 0.000 0.013 0.000000  0.16 0.000000 0.016 0.559000  0.231 0.559  0.324 0.559 99.9 0.259000   3.253 0.000   0.814 0.000   2.439 0.000 0.017 0.000  0.277 0.559000
 94.208333  95.208333  10.81 0.000  1.01 0.000 0.017 0.000000  0.15 0.000000 0.012 0.559000  0.214 0.559  0.300 0.559 99.9 0.259000   4.022 0.000   0.741 0.000   3.281 0.000 0.016 0.000  0.505 0.559000
 97.208333  98.208333  25.47 0.000  1.54 0.000 0.012 0.000000  0.22 0.000000 0.031 0.559000  0.317 0.559  0.444 0.559 99.9 0.259000   4.377 0.000   1.033 0.000   3.344 0.000 0.027 0.000  0.490 0.559000
100.208333 101.208333  40.88 0.000  1.43 0.000 9.999 0.259000  0.18 0.000000 0.022 0.559000  0.767 0.559  1.074 0.559 99.9 0.259000   6.905 0.000   1.982 0.000   4.923 0.000 0.036 0.000  0.581 0.559000
103.208333 104.208333  17.33 0.000  1.37 0.000 9.999 0.259000  0.31 0.000000 0.017 0.559000  0.577 0.559  0.808 0.559 99.9 0.259000   6.758 0.000   1.984 0.000   4.774 0.000 0.023 0.000  0.648 0.559000
106.208333 107.208333   0.92 0.000  0.21 0.000 9.999 0.259000 99.99 0.259000 0.003 0.000000  0.041 0.559  0.058 0.559 99.9 0.259000   1.648 0.000   1.127 0.000   0.521 0.000 0.004 0.000  0.039 0.000000
109.208333 110.208333  33.72 0.000  0.70 0.000 0.015 0.000000  0.20 0.000000 0.011 0.559000  0.679 0.559  0.950 0.559 99.9 0.259000   4.915 0.000   2.277 0.000   2.639 0.000 0.031 0.000  0.197 0.559000
112.208333 113.208333  25.37 0.000  0.96 0.000 0.013 0.000000 99.99 0.259000 0.012 0.559000  0.407 0.559  0.570 0.559 99.9 0.259000   3.644 0.000   1.610 0.000   2.034 0.000 0.021 0.000  0.163 0.559000
115.208333 116.208333  29.29 0.000  0.99 0.000 0.012 0.000000  0.13 0.000000 0.017 0.559000  0.368 0.559  0.515 0.559 99.9 0.259000   4.023 0.000   1.607 0.000   2.416 0.000 0.023 0.000  0.219 0.559000
118.208333 119.208333  16.82 0.000  0.58 0.000 0.014 0.000000  0.30 0.000000 0.016 0.559000  0.334 0.559  0.468 0.559 99.9 0.259000   2.740 0.000   1.009 0.000   1.730 0.000 0.021 0.000  0.113 0.559000
121.208333 122.208333  16.23 0.000  0.68 0.000 0.012 0.000000 99.99 0.259000 0.004 0.559000  0.185 0.559  0.259 0.559 99.9 0.259000   1.897 0.000   0.794 0.000   1.103 0.000 0.016 0.000  0.083 0.559000
124.208333 125.208333  44.11 0.000  1.44 0.000 9.999 0.259000  0.10 0.000000 0.021 0.559000  0.988 0.559  1.383 0.559 99.9 0.259000  12.543 0.000   5.532 0.000   7.012 0.000 0.080 0.000  0.867 0.559000
127.208333 128.208333  49.03 0.000  1.19 0.000 9.999 0.259000  0.15 0.000000 0.017 0.559000  0.544 0.559  0.762 0.559 99.9 0.259000   6.448 0.000   3.520 0.000   2.928 0.000 0.037 0.000  0.231 0.559000
130.208333 131.208333   1.26 0.000 99.99 0.259 9.999 0.259000 99.99 0.259000 0.004 0.559000  0.373 0.559  0.522 0.559 99.9 0.259000   2.713 0.000   2.148 0.000   0.565 0.000 0.007 0.000  0.030 0.559000
133.208333 134.208333  18.18 0.000  1.22 0.000 9.999 0.259000  0.21 0.000000 0.041 0.559000  0.746 0.559  1.045 0.559 99.9 0.259000   7.605 0.000   3.133 0.000   4.472 0.000 0.047 0.000  0.484 0.559000
136.208333 137.208333   7.36 0.000  0.89 0.000 9.999 0.259000  0.13 0.000000 0.005 0.559000  0.621 0.559  0.870 0.559 99.9 0.259000   7.372 0.000   1.077 0.000   6.295 0.000 0.014 0.000  1.135 0.559000
139.208333 140.208333   5.78 0.000  0.69 0.000 9.999 0.259000 99.99 0.259000 0.004 0.559000  0.341 0.559  0.478 0.559 99.9 0.259000   4.155 0.000   1.835 0.000   2.320 0.000 0.010 0.000  0.373 0.559000
142.208333 143.208333   3.03 0.000  0.38 0.000 9.999 0.259000 99.99 0.259000 0.004 0.559000  0.145 0.559  0.204 0.559 99.9 0.259000   1.707 0.000   0.900 0.000   0.806 0.000 0.006 0.000  0.107 0.559000
145.208333 146.208333  49.14 0.000  2.49 0.000 9.999 0.259000  0.61 0.000000 0.024 0.559000  3.214 0.559  4.500 0.559 99.9 0.259000  22.365 0.000   8.537 0.000  13.829 0.000 0.048 0.000  1.334 0.559000
148.208333 149.208333  28.38 0.000  1.59 0.000 9.999 0.259000 99.99 0.259000 0.007 0.559000  1.711 0.559  2.396 0.559 99.9 0.259000  15.584 0.000   8.356 0.000   7.227 0.000 0.039 0.000  0.665 0.559000
151.208333 152.208333  31.86 0.000  1.23 0.000 9.999 0.259000  0.48 0.000000 0.011 0.559000  1.323 0.559  1.852 0.559 99.9 0.259000  23.385 0.000   7.590 0.000  15.795 0.000 0.036 0.000  2.664 0.559000
154.208333 155.208333   3.90 0.000  0.34 0.000 9.999 0.259000 99.99 0.259000 0.001 0.559000  0.212 0.000  0.297 0.000 99.9 0.259000   2.604 0.000   1.596 0.000   1.008 0.000 0.008 0.000  0.057 0.559000
157.208333 158.208333   7.76 0.000  0.49 0.000 0.010 0.000000  0.43 0.000000 0.005 0.559000  1.600 0.559  2.240 0.559 99.9 0.259000   9.563 0.000   3.488 0.000   6.076 0.000 0.047 0.000  0.425 0.559000
160.208333 161.208333   0.59 0.000  0.21 0.000 9.999 0.259000 99.99 0.259000 0.002 0.559000  0.203 0.000  0.284 0.000  6.6 0.000000   2.459 0.000   1.653 0.000   0.807 0.000 0.007 0.000  0.021 0.559000
163.208333 164.208333  16.11 0.000  0.75 0.000 0.006 0.000000 99.99 0.259000 0.010 0.559000  1.434 0.000  2.008 0.000 99.9 0.259000   9.602 0.000   4.600 0.000   5.001 0.000 0.044 0.000  0.233 0.559000
166.208333 167.208333  20.93 0.000  0.51 0.000 9.999 0.259000  0.22 0.000000 0.004 0.559000  1.999 0.559  2.799 0.559 99.9 0.259000   9.941 0.000   4.464 0.000   5.477 0.000 0.028 0.000  0.127 0.559000
169.208333 170.208333  37.41 0.000  1.88 0.000 9.999 0.259000 99.99 0.259000 0.010 0.559000  2.936 0.000  4.110 0.000 99.9 0.259000  37.721 0.000   8.654 0.000  29.066 0.000 0.045 0.000  4.115 0.559000
172.208333 173.208333  17.76 0.000  1.37 0.000 0.031 0.000000  0.28 0.000000 0.008 0.559000  1.215 0.559  1.701 0.559 99.9 0.259000  14.235 0.000   4.778 0.000   9.457 0.000 0.025 0.000  1.257 0.559000
175.208333 176.208333  11.36 0.000  1.36 0.000 9.999 0.259000  0.22 0.000000 0.010 0.559000  1.571 0.559  2.199 0.559 99.9 0.259000  10.813 0.000   5.027 0.000   5.786 0.000 0.030 0.000  0.400 0.559000
178.208333 179.208333   6.06 0.000  0.26 0.000 0.019 0.000000  0.29 0.000000 0.022 0.559000  0.332 0.559  0.465 0.559 99.9 0.259000   6.773 0.000   3.804 0.000   2.969 0.000 0.015 0.000  0.436 0.559000
181.208333 182.208333   8.35 0.000  1.04 0.000 9.999 0.259000  0.12 0.000000 0.005 0.559000  2.808 0.000  5.055 0.000 99.9 0.259000  13.209 0.000   4.730 0.000   8.478 0.000 0.055 0.000  0.354 0.559000
184.208333 185.208333  23.65 0.000  1.83 0.000 9.999 0.259000 99.99 0.259000 0.010 0.559000  5.059 0.000  9.107 0.000 99.9 0.259000  20.644 0.000   4.995 0.000  15.649 0.000 0.122 0.000  0.939 0.559000
187.208333 188.208333  18.08 0.000  1.95 0.000 9.999 0.259000 99.99 0.259000 0.007 0.559000  1.828 0.000  3.290 0.000 99.9 0.259000  10.562 0.000   5.290 0.000   5.272 0.000 0.037 0.000  0.146 0.559000
190.208333 191.208333  23.92 0.000  2.64 0.000 9.999 0.259000  0.20 0.000000 0.009 0.559000  2.153 0.000  3.875 0.000 99.9 0.259000  24.780 0.000   4.912 0.000  19.868 0.000 0.048 0.000  2.883 0.559000
193.208333 194.208333   8.91 0.000  0.80 0.000 9.999 0.259000  0.26 0.000000 0.005 0.559000  0.944 0.559  1.700 0.559 99.9 0.259000  10.358 0.000   4.560 0.000   5.798 0.000 0.023 0.000  0.669 0.559000
196.208333 197.208333  14.77 0.000  1.41 0.000 9.999 0.259000  0.27 0.000000 0.006 0.559000  1.763 0.000  3.173 0.000 99.9 0.259000  15.494 0.000   4.977 0.000  10.517 0.000 0.025 0.000  1.154 0.559000
199.208333 200.208333   7.85 0.000  0.46 0.000 9.999 0.259000  0.27 0.000000 0.005 0.559000  1.136 0.000  2.045 0.000 99.9 0.259000   8.353 0.000   4.998 0.000   3.355 0.000 0.019 0.000  0.079 0.559000
202.208333 203.208333  11.84 0.000  1.20 0.000 9.999 0.259000  0.32 0.000000 0.010 0.559000  1.521 0.000  2.739 0.000 99.9 0.259000  10.694 0.000   3.344 0.000   7.350 0.000 0.032 0.000  0.673 0.559000
205.208333 206.208333  17.48 0.000  1.72 0.000 9.999 0.259000  0.25 0.000000 0.008 0.559000  1.250 0.000  2.251 0.000 99.9 0.259000  24.706 0.000  11.028 0.000  13.678 0.000 0.027 0.000  1.932 0.559000
208.208333 209.208333  39.76 0.000  1.29 0.000 0.015 0.000000  0.30 0.000000 0.011 0.559000  1.573 0.000  2.832 0.000 99.9 0.259000  22.320 0.000   6.761 0.000  15.559 0.000 0.031 0.000  2.384 0.559000
211.208333 212.208333  11.14 0.000  0.74 0.000 9.999 0.259000 99.99 0.259000 0.007 0.559000  1.230 0.000  2.215 0.000 99.9 0.259000   9.274 0.000   4.060 0.000   5.214 0.000 0.021 0.000  0.488 0.559000
214.208333 215.208333   9.33 0.000  0.93 0.000 9.999 0.259000  0.16 0.000000 0.008 0.559000  1.048 0.000  1.886 0.000 99.9 0.259000  10.382 0.000   5.245 0.000   5.137 0.000 0.024 0.000  0.491 0.559000
217.208333 218.208333   9.28 0.000  1.04 0.000 9.999 0.259000  0.24 0.000000 0.005 0.559000  0.744 0.000  1.340 0.000 99.9 0.259000   5.350 0.000   2.715 0.000   2.635 0.000 0.013 0.000  0.125 0.559000
220.208333 221.208333  16.57 0.000  0.85 0.000 0.007 0.000000  0.14 0.000000 0.009 0.559000  0.722 0.000  1.300 0.000 99.9 0.259000   6.304 0.000   3.864 0.000   2.440 0.000 0.020 0.000  0.066 0.559000
223.208333 224.208333   6.84 0.000  0.75 0.000 9.999 0.259000 99.99 0.259000 0.011 0.559000  0.525 0.000  0.944 0.000 99.9 0.259000   4.157 0.000   2.290 0.000   1.866 0.000 0.013 0.000  0.082 0.559000
226.208333 227.208333  21.45 0.000  2.06 0.000 9.999 0.259000  0.17 0.000000 0.009 0.559000  1.189 0.000  2.141 0.000 99.9 0.259000  13.368 0.000   2.835 0.000  10.533 0.000 0.022 0.000  1.675 0.559000
229.208333 230.208333  25.86 0.000  1.13 0.000 0.006 0.000000  0.24 0.000000 0.007 0.559000  2.115 0.000  3.807 0.000 99.9 0.259000  14.251 0.000   7.817 0.000   6.434 0.000 0.024 0.000  0.328 0.559000
232.208333 233.208333   1.76 0.000  0.57 0.000 9.999 0.259000  0.12 0.000000 0.004 0.559000  0.525 0.000  0.945 0.000 99.9 0.259000   3.755 0.000   2.130 0.000   1.624 0.000 0.009 0.000  0.117 0.559000
235.208333 236.208333   7.70 0.000  1.66 0.000 9.999 0.259000 99.99 0.259000 0.006 0.559000  0.594 0.000  1.070 0.000 99.9 0.259000   5.008 0.000   2.469 0.000   2.538 0.000 0.014 0.000  0.113 0.559000
