scripts/IMPROVE-2019_partial/data/US0054R.20070103070000.20191216000000.filterpack...1y.3d.US03L_filterpack_US0054.US03L_IMPROVE_Davis.lev2.nas
52 1001
MISSING INFORMATION
US03L, IMPROVE, , , , , , , 
MISSING INFORMATION
IMPROVE sel_HTAP
1 1
2007 01 01 2019 12 16
3.000000
days from file reference point
5
1 1 1 1 1
999.999999 9999.999 9.999 999.999 9.999
end_time of measurement, days from the file reference point
pm10_mass, ug/m3, Matrix=pm10
numflag pm10_mass, no unit, Matrix=pm10
pm25_mass, ug/m3, Matrix=pm25
numflag pm25_mass, no unit, Matrix=pm25
0
33
Data definition:              EBAS_1.1
Set type code:                TU
Timezone:                     UTC
File name:                    US0054R.20070103070000.20191216000000.filterpack...1y.3d.US03L_filterpack_US0054.US03L_IMPROVE_Davis.lev2.nas
File creation:                20191218115845
Startdate:                    20070103070000
Revision date:                20191216000000
Version:                      2
Version description:          "Data extracted from http://views.cira.colostate.edu/fed/DataWizard 2019-12-16"
Statistics:                   arithmetic mean
Data level:                   2
Period code:                  1y
Resolution code:              3d
Sample duration:              1d
Orig. time res.:              3d
Station code:                 US0054R
Platform code:                US0054S
Station name:                 Gates of the Mountains
Station latitude:             46.8262
Station longitude:            -111.7107
Station altitude:             2387.0 m
Regime:                       IMG
Component:                    
Unit:                         ug/m3
Matrix:                       
Laboratory code:              US03L
Instrument type:              filterpack
Instrument name:              filterpack_US0054
Method ref:                   US03L_IMPROVE_Davis
Blank correction:             Blank corrected
Volume std. temperature:      ambient
Volume std. pressure:         ambient
starttime endtime PM10 flag_PM10 PM2.5 flag_PM2.5
  2.291667   3.291667    0.904 0.000   0.669 0.000
  5.291667   6.291667    1.481 0.000   0.717 0.000
  8.291667   9.291667    1.219 0.000   0.657 0.000
 11.291667  12.291667    0.881 0.000   0.410 0.000
 14.291667  15.291667    1.352 0.000   1.196 0.000
 17.291667  18.291667    1.470 0.000   0.599 0.000
 20.291667  21.291667    0.793 0.000   0.566 0.000
 23.291667  24.291667    0.709 0.000   0.527 0.000
 26.291667  27.291667    1.029 0.000   0.823 0.000
 29.291667  30.291667    1.382 0.000   0.987 0.000
 32.291667  33.291667    0.794 0.000   0.581 0.000
 35.291667  36.291667    0.392 0.000   0.341 0.000
 38.291667  39.291667    1.224 0.000   0.824 0.000
 41.291667  42.291667    1.024 0.000   0.797 0.000
 44.291667  45.291667    0.713 0.000   0.670 0.000
 47.291667  48.291667    0.989 0.000   0.757 0.000
 50.291667  51.291667    1.220 0.000   0.579 0.000
 53.291667  54.291667    0.396 0.000   0.512 0.000
 56.291667  57.291667    0.597 0.000   0.573 0.000
 59.291667  60.291667    0.516 0.000   0.584 0.000
 62.291667  63.291667    0.592 0.000   0.595 0.000
 65.291667  66.291667    2.562 0.000   1.543 0.000
 68.291667  69.291667    1.707 0.000   1.312 0.000
 71.291667  72.291667    1.692 0.000   1.042 0.000
 74.291667  75.291667    1.265 0.000   1.106 0.000
 77.291667  78.291667    2.164 0.000   1.554 0.000
 80.291667  81.291667    1.820 0.000   1.037 0.000
 83.291667  84.291667    2.086 0.000   1.422 0.000
 86.291667  87.291667    1.430 0.000   1.328 0.000
 89.291667  90.291667    3.167 0.000   2.591 0.000
 92.291667  93.291667    2.252 0.000   2.110 0.000
 95.291667  96.291667    1.190 0.000   1.304 0.000
 98.291667  99.291667    2.838 0.000   2.024 0.000
101.291667 102.291667 9999.999 0.456   1.285 0.000
104.291667 105.291667    1.660 0.000   1.374 0.000
107.291667 108.291667    0.353 0.000   0.586 0.000
110.291667 111.291667    2.886 0.000   2.173 0.000
113.291667 114.291667    3.299 0.000   2.471 0.000
116.291667 117.291667    3.619 0.000   2.558 0.000
119.291667 120.291667    7.559 0.000   5.671 0.000
122.291667 123.291667    0.878 0.000   0.884 0.000
125.291667 126.291667    2.496 0.000   1.734 0.000
128.291667 129.291667    5.088 0.000   3.253 0.000
131.291667 132.291667    6.361 0.000   3.951 0.000
134.291667 135.291667    5.668 0.000 999.999 0.999
137.291667 138.291667   11.872 0.000 999.999 0.999
140.291667 141.291667    0.514 0.000   0.364 0.000
143.291667 144.291667    2.060 0.000   1.993 0.000
146.291667 147.291667    3.621 0.000   2.290 0.000
149.291667 150.291667    3.843 0.000   2.623 0.000
152.291667 153.291667    6.363 0.000 999.999 0.999
155.291667 156.291667    3.604 0.000   2.156 0.000
158.291667 159.291667    1.594 0.000   1.091 0.000
161.291667 162.291667    1.975 0.000   1.055 0.000
164.291667 165.291667    4.696 0.000   3.065 0.000
167.291667 168.291667    2.569 0.000   1.583 0.000
170.291667 171.291667    4.247 0.000 999.999 0.999
173.291667 174.291667    8.561 0.000 999.999 0.999
176.291667 177.291667 9999.999 0.999 999.999 0.999
179.291667 180.291667   13.433 0.000 999.999 0.999
182.291667 183.291667    5.077 0.000 999.999 0.999
185.291667 186.291667   10.734 0.000 999.999 0.999
188.291667 189.291667 9999.999 0.999 999.999 0.999
191.291667 192.291667    3.756 0.000 999.999 0.999
194.291667 195.291667    8.526 0.000 999.999 0.999
197.291667 198.291667    5.165 0.000 999.999 0.999
200.291667 201.291667   14.235 0.000 999.999 0.999
203.291667 204.291667   21.700 0.000 999.999 0.999
206.291667 207.291667   18.415 0.000 999.999 0.999
209.291667 210.291667   19.727 0.000 999.999 0.999
212.291667 213.291667   34.626 0.000 999.999 0.999
215.291667 216.291667   20.697 0.000 999.999 0.999
218.291667 219.291667 9999.999 0.999 999.999 0.999
221.291667 222.291667   21.259 0.000 999.999 0.999
224.291667 225.291667  103.098 0.000 999.999 0.999
227.291667 228.291667   36.716 0.000  24.215 0.000
230.291667 231.291667   56.688 0.000  33.381 0.000
233.291667 234.291667    5.179 0.000 999.999 0.699
236.291667 237.291667   13.822 0.000 999.999 0.699
239.291667 240.291667    7.336 0.000   3.630 0.000
242.291667 243.291667   46.155 0.000  39.993 0.000
245.291667 246.291667   18.832 0.000  14.353 0.000
248.291667 249.291667    9.549 0.000   4.214 0.000
251.291667 252.291667    2.615 0.000   1.846 0.000
254.291667 255.291667   14.157 0.000  10.839 0.000
257.291667 258.291667   19.866 0.000  14.659 0.000
260.291667 261.291667    6.029 0.000   4.419 0.000
263.291667 264.291667    7.976 0.000   2.465 0.000
266.291667 267.291667    1.447 0.000   0.883 0.000
269.291667 270.291667    5.586 0.000   3.311 0.000
272.291667 273.291667    2.697 0.000   1.688 0.000
275.291667 276.291667    1.933 0.000   1.228 0.000
278.291667 279.291667    1.325 0.000   1.015 0.000
281.291667 282.291667    2.250 0.000   1.560 0.000
284.291667 285.291667    2.460 0.000   1.336 0.000
287.291667 288.291667    4.145 0.000   2.973 0.000
290.291667 291.291667    2.417 0.000   2.184 0.000
293.291667 294.291667    1.242 0.000   0.706 0.000
296.291667 297.291667    2.358 0.000   1.354 0.000
299.291667 300.291667    2.688 0.000   2.046 0.000
302.291667 303.291667    6.199 0.000   4.771 0.000
305.291667 306.291667    5.153 0.000   3.894 0.000
308.291667 309.291667    1.825 0.000   1.375 0.000
311.291667 312.291667    4.377 0.000   3.092 0.000
314.291667 315.291667    1.904 0.000   1.391 0.000
317.291667 318.291667    2.664 0.000   1.763 0.000
320.291667 321.291667    0.534 0.000   0.398 0.000
323.291667 324.291667    3.043 0.000 999.999 0.456
326.291667 327.291667    1.918 0.000   1.416 0.000
329.291667 330.291667    1.804 0.000   1.484 0.000
332.291667 333.291667    2.668 0.000   1.611 0.000
335.291667 336.291667    4.586 0.000   1.438 0.000
338.291667 339.291667    0.705 0.000   0.555 0.000
341.291667 342.291667    1.430 0.000   0.780 0.000
344.291667 345.291667    1.846 0.000   0.936 0.000
347.291667 348.291667    1.230 0.000   0.654 0.000
350.291667 351.291667    1.927 0.000   0.625 0.000
353.291667 354.291667    0.790 0.000   0.282 0.000
356.291667 357.291667    1.168 0.000   0.498 0.000
359.291667 360.291667 9999.999 0.999 999.999 0.999
362.291667 363.291667 9999.999 0.999 999.999 0.999
