scripts/IMPROVE-2019_partial/data/US0040R.20060102060000.20191216000000.filterpack..pm25.52w.1w.US03L_filterpack_US0040.US03L_IMPROVE_Davis.lev2.nas
66 1001
MISSING INFORMATION
US03L, IMPROVE, , , , , , , 
MISSING INFORMATION
IMPROVE sel_HTAP
1 1
2006 01 01 2019 12 16
3.00
days from file reference point
27
1 1 1 1 1 1 1 1 1 1 1 1 1 1 1 1 1 1 1 1 1 1 1 1 1 1 1
999.99 9999.99 9.999 999.99 9.999 9.999 9.999999 99.99 9.999999 99.999 9.999 99.999 9.999 99.999 9.999 999.99 9.999999 999.999 9.999 999.999 9.999 999.999 9.999 9.999 9.999 99.999 9.999
end_time of measurement, days from the file reference point
iron, ng/m3, Revision date=20181210133000
numflag iron, no unit, Revision date=20181210133000
lead, ng/m3, Revision date=20181210133000
numflag lead, no unit, Revision date=20181210133000
magnesium, ug/m3, Revision date=20181210133000
numflag magnesium, no unit, Revision date=20181210133000
nickel, ng/m3, Revision date=20181210133000
numflag nickel, no unit, Revision date=20181210133000
nitrate, ug N/m3, Revision date=20181210133000
numflag nitrate, no unit, Revision date=20181210133000
organic_carbon, ug C/m3, Revision date=20181210133000
numflag organic_carbon, no unit, Revision date=20181210133000
organic_mass, ug/m3, Revision date=20181210133000
numflag organic_mass, no unit, Revision date=20181210133000
phosphorus, ng/m3, Revision date=20181210133000
numflag phosphorus, no unit, Revision date=20181210133000
pm10_mass, ug/m3, Version=2, Version description=Data extracted from http://views.cira.colostate.edu/fed/DataWizard 2019-12-16, Sample duration=1d, Orig. time res.=3d, Matrix=pm10, Blank correction=Blank corrected, Volume std. temperature=ambient, Volume std. pressure=ambient
numflag pm10_mass, no unit, Version=2, Version description=Data extracted from http://views.cira.colostate.edu/fed/DataWizard 2019-12-16, Sample duration=1d, Orig. time res.=3d, Matrix=pm10, Blank correction=Blank corrected, Volume std. temperature=ambient, Volume std. pressure=ambient
pm10_pm25_mass, ug/m3, Revision date=20181210133000, Matrix=pm10_pm25
numflag pm10_pm25_mass, no unit, Revision date=20181210133000, Matrix=pm10_pm25
pm25_mass, ug/m3, Version=2, Version description=Data extracted from http://views.cira.colostate.edu/fed/DataWizard 2019-12-16, Sample duration=1d, Orig. time res.=3d, Blank correction=Blank corrected, Volume std. temperature=ambient, Volume std. pressure=ambient
numflag pm25_mass, no unit, Version=2, Version description=Data extracted from http://views.cira.colostate.edu/fed/DataWizard 2019-12-16, Sample duration=1d, Orig. time res.=3d, Blank correction=Blank corrected, Volume std. temperature=ambient, Volume std. pressure=ambient
potassium, ug/m3, Revision date=20181210133000
numflag potassium, no unit, Revision date=20181210133000
sulphate_total, ug S/m3, Revision date=20181210133000
numflag sulphate_total, no unit, Revision date=20181210133000
0
25
Data definition:              EBAS_1.1
Set type code:                TU
Timezone:                     UTC
File name:                    US0040R.20060102060000.20191216000000.filterpack..pm25.52w.1w.US03L_filterpack_US0040.US03L_IMPROVE_Davis.lev2.nas
File creation:                20191218115754
Startdate:                    20060102060000
Revision date:                20191216000000
Statistics:                   arithmetic mean
Data level:                   2
Period code:                  52w
Resolution code:              1w
Station code:                 US0040R
Platform code:                US0040S
Station name:                 Cadiz
Station latitude:             36.7842
Station longitude:            -87.8501
Station altitude:             191.0 m
Regime:                       IMG
Component:                    
Matrix:                       pm25
Laboratory code:              US03L
Instrument type:              filterpack
Instrument name:              filterpack_US0040
Method ref:                   US03L_IMPROVE_Davis
starttime endtime Fe flag_Fe Pb flag_Pb Mg++ flag_Mg++ Ni flag_Ni NO3- flag_NO3- OC flag_OC OM flag_OM P flag_P PM10 flag_PM10 PM10-PM2.5 flag_PM10-PM2.5 PM2.5 flag_PM2.5 K+ flag_K+ SO4-- flag_SO4--
[from data line 83]
250.25 251.25   67.24 0.000   2.59 0.000 9.999 0.259000  1.01 0.000000  0.080 0.000  2.872 0.000  5.169 0.000 999.99 0.259000  26.782 0.000   5.134 0.000  21.648 0.000 0.067 0.000  3.258 0.000
253.25 254.25   19.33 0.000   1.53 0.000 9.999 0.259000  0.32 0.000000  0.168 0.000  2.365 0.000  4.257 0.000 999.99 0.259000  29.239 0.000  11.798 0.000  17.441 0.000 0.046 0.000  2.565 0.000
256.25 257.25   16.15 0.000   2.21 0.000 9.999 0.259000  0.12 0.000000  0.088 0.000  1.073 0.000  1.931 0.000 999.99 0.259000  15.754 0.000   5.462 0.000  10.292 0.000 0.024 0.000  1.881 0.000
259.25 260.25   25.38 0.000   1.82 0.000 9.999 0.259000  0.15 0.000000  0.025 0.000  3.509 0.000  6.315 0.000 999.99 0.259000  22.982 0.000   3.603 0.000  19.379 0.000 0.075 0.000  2.375 0.000
262.25 263.25   10.46 0.000   1.25 0.000 0.006 0.000000 99.99 0.259000  0.040 0.000  0.609 0.000  1.096 0.000 999.99 0.259000   8.877 0.000   5.502 0.000   3.375 0.000 0.017 0.000  0.301 0.000
265.25 266.25   24.37 0.000   0.34 0.000 0.004 0.000000 99.99 0.259000  0.024 0.000  0.427 0.000  0.768 0.000 999.99 0.259000   5.269 0.000   2.641 0.000   2.628 0.000 0.024 0.000  0.217 0.000
268.25 269.25 9999.99 0.456 999.99 0.456 9.999 0.456000 99.99 0.456000  0.033 0.000  1.559 0.000  2.807 0.000 999.99 0.456000  10.701 0.000 999.999 0.456 999.999 0.456 9.999 0.456  0.483 0.000
271.25 272.25   13.18 0.000   1.51 0.000 9.999 0.259000  0.18 0.000000  0.051 0.000  0.885 0.000  1.593 0.000 999.99 0.259000 999.999 0.456 999.999 0.999   4.119 0.000 0.024 0.000  0.448 0.000
274.25 275.25   22.00 0.000   1.41 0.000 9.999 0.259000  0.09 0.000000  0.021 0.000  1.419 0.000  2.555 0.000 999.99 0.259000  12.038 0.000   4.954 0.000   7.084 0.000 0.034 0.000  0.696 0.000
277.25 278.25   32.01 0.000   1.88 0.000 9.999 0.259000  0.26 0.000000  0.119 0.000  1.656 0.000  2.981 0.000 999.99 0.259000  19.683 0.000   8.252 0.000  11.432 0.000 0.036 0.000  1.720 0.000
280.25 281.25   27.09 0.000   2.33 0.000 9.999 0.259000  0.27 0.000000  0.129 0.000  2.636 0.000  4.744 0.000 999.99 0.259000 999.999 0.456 999.999 0.999   9.398 0.000 0.052 0.000  0.779 0.000
283.25 284.25   26.61 0.000   1.47 0.000 0.020 0.000000 99.99 0.259000  0.094 0.000  2.440 0.000  4.391 0.000 999.99 0.259000 999.999 0.999 999.999 0.999  11.370 0.000 0.087 0.000  1.058 0.000
286.25 287.25   18.51 0.000   1.53 0.000 0.008 0.000000 99.99 0.259000  0.044 0.000  1.373 0.000  2.471 0.000 999.99 0.259000 999.999 0.999 999.999 0.999   4.007 0.000 0.046 0.000  0.193 0.000
289.25 290.25    5.01 0.000   0.53 0.000 0.016 0.000000 99.99 0.259000  0.104 0.000  1.048 0.000  1.887 0.000 999.99 0.259000 999.999 0.999 999.999 0.999   5.449 0.000 0.023 0.000  0.690 0.000
292.25 293.25   12.95 0.000   1.54 0.000 0.013 0.000000 99.99 0.259000  0.112 0.000  0.767 0.000  1.380 0.000 999.99 0.259000 999.999 0.999 999.999 0.999   6.738 0.000 0.016 0.000  1.194 0.000
295.25 296.25   16.05 0.000   1.74 0.000 9.999 0.259000 99.99 0.259000  0.097 0.000  0.902 0.000  1.624 0.000 999.99 0.259000 999.999 0.999 999.999 0.999   5.550 0.000 0.030 0.000  0.796 0.000
298.25 299.25   27.73 0.000   1.94 0.000 9.999 0.259000  0.19 0.000000  0.118 0.000  1.384 0.000  2.492 0.000 999.99 0.259000 999.999 0.999 999.999 0.999   6.726 0.000 0.040 0.000  0.618 0.000
301.25 302.25   28.30 0.000   2.15 0.000 9.999 0.259000 99.99 0.259000  0.042 0.000  1.671 0.000  3.008 0.000 999.99 0.259000 999.999 0.999 999.999 0.999   5.252 0.000 0.048 0.000  0.297 0.000
304.25 305.25   27.15 0.000   2.45 0.000 9.999 0.259000 99.99 0.259000  0.484 0.000  0.988 0.000  1.777 0.000 999.99 0.259000 999.999 0.999 999.999 0.999   8.110 0.000 0.053 0.000  0.688 0.000
307.25 308.25   26.53 0.000   1.94 0.000 9.999 0.259000  0.13 0.000000  0.266 0.000  1.805 0.000  3.248 0.000 999.99 0.259000 999.999 0.999 999.999 0.999   6.690 0.000 0.049 0.000  0.481 0.000
310.25 311.25   15.33 0.000   2.30 0.000 9.999 0.259000  0.31 0.000000  0.128 0.000  2.341 0.000  4.214 0.000 999.99 0.259000 999.999 0.999 999.999 0.999  10.184 0.000 0.048 0.000  1.042 0.000
313.25 314.25   20.11 0.000   1.49 0.000 9.999 0.259000  0.53 0.000000  0.068 0.000  2.404 0.000  4.326 0.000 999.99 0.259000  14.846 0.000   5.119 0.000   9.726 0.000 0.081 0.000  0.973 0.000
316.25 317.25   14.37 0.000   3.66 0.000 9.999 0.259000  0.13 0.000000  0.411 0.000  2.142 0.000  3.855 0.000 999.99 0.259000  14.180 0.000   2.518 0.000  11.662 0.000 0.045 0.000  1.456 0.000
319.25 320.25    9.88 0.000   1.36 0.000 9.999 0.259000 99.99 0.259000  0.116 0.000  0.528 0.000  0.950 0.000 999.99 0.259000   5.068 0.000   1.845 0.000   3.223 0.000 0.013 0.000  0.488 0.000
322.25 323.25   16.05 0.000   3.36 0.000 9.999 0.259000 99.99 0.259000  1.387 0.000  1.345 0.000  2.421 0.000 999.99 0.259000  19.828 0.000   3.090 0.000  16.738 0.000 0.047 0.000  1.584 0.000
325.25 326.25   41.29 0.000   4.05 0.000 9.999 0.259000  0.21 0.000000  0.360 0.000  2.436 0.000  4.384 0.000 999.99 0.259000  14.298 0.000   5.162 0.000   9.136 0.000 0.046 0.000  0.864 0.000
328.25 329.25   30.44 0.000   4.29 0.000 9.999 0.259000  0.19 0.000000  0.101 0.000  2.676 0.000  4.817 0.000 999.99 0.259000  15.230 0.000   3.216 0.000  12.014 0.000 0.150 0.000  1.301 0.000
331.25 332.25   29.12 0.000   2.62 0.000 9.999 0.259000  0.41 0.000000  0.165 0.000  3.971 0.000  7.148 0.000 999.99 0.259000  18.550 0.000   6.305 0.000  12.245 0.000 0.084 0.000  0.903 0.000
334.25 335.25   16.57 0.000   0.99 0.000 9.999 0.259000  0.39 0.000000  0.160 0.000  0.567 0.000  1.020 0.000 999.99 0.259000   6.591 0.000   3.107 0.000   3.484 0.000 0.055 0.000  0.343 0.000
337.25 338.25   16.78 0.000   1.59 0.000 9.999 0.259000  0.19 0.000000  0.382 0.000  1.072 0.000  1.929 0.000 999.99 0.259000  13.601 0.000   7.946 0.000   5.655 0.000 0.031 0.000  0.315 0.000
340.25 341.25 9999.99 0.456 999.99 0.456 9.999 0.456000 99.99 0.456000 99.999 0.456 99.999 0.456 99.999 0.456 999.99 0.456000 999.999 0.456 999.999 0.456 999.999 0.456 9.999 0.456 99.999 0.456
343.25 344.25 9999.99 0.456 999.99 0.456 9.999 0.456000 99.99 0.456000 99.999 0.456 99.999 0.456 99.999 0.456 999.99 0.456000 999.999 0.456 999.999 0.456 999.999 0.456 9.999 0.456 99.999 0.456
346.25 347.25   20.87 0.000   1.35 0.000 9.999 0.259000 99.99 0.259000  0.224 0.000  1.636 0.000  2.944 0.000 999.99 0.259000   8.913 0.000   3.170 0.000   5.743 0.000 0.032 0.000  0.608 0.000
349.25 350.25   31.68 0.000   2.85 0.000 9.999 0.259000  0.28 0.000000  0.154 0.000  2.724 0.000  4.902 0.000 999.99 0.259000  15.100 0.000   3.780 0.000  11.320 0.000 0.120 0.000  1.361 0.000
352.25 353.25   63.23 0.394   4.31 0.394 9.999 0.394259  0.22 0.394000  0.699 0.000  1.347 0.000  2.424 0.000 999.99 0.394259  11.790 0.000   4.504 0.394   7.286 0.000 0.049 0.394  0.590 0.000
355.25 356.25 9999.99 0.999 999.99 0.999 9.999 0.999000 99.99 0.999000  0.090 0.000  1.261 0.000  2.270 0.000 999.99 0.999000   7.858 0.000 999.999 0.999 999.999 0.999 9.999 0.999  0.534 0.000
358.25 359.25   10.42 0.000   2.32 0.000 9.999 0.259000 99.99 0.259000  0.432 0.000  0.854 0.000  1.537 0.000 999.99 0.259000   8.138 0.000   1.279 0.000   6.859 0.000 0.024 0.000  0.733 0.000
361.25 362.25   22.48 0.000   1.79 0.000 9.999 0.259000  0.15 0.000000  0.109 0.000  1.297 0.000  2.335 0.000 999.99 0.259000   9.952 0.000   2.577 0.000   7.375 0.000 0.054 0.000  1.000 0.000
364.25 365.25    8.27 0.000   1.31 0.000 9.999 0.259000  0.17 0.000000  0.039 0.000  0.729 0.000  1.311 0.000 999.99 0.259000   6.756 0.000   2.596 0.000   4.160 0.000 0.021 0.000  0.562 0.000
