scripts/IMPROVE-2019_partial/data/US0089R.20020102070000.20191216000000.filterpack..pm25.52w.1w.US03L_filterpack_US0089.US03L_IMPROVE_Davis.lev2.nas
66 1001
MISSING INFORMATION
US03L, IMPROVE, , , , , , , 
MISSING INFORMATION
IMPROVE sel_HTAP
1 1
2002 01 01 2019 12 16
3.000000
days from file reference point
27
1 1 1 1 1 1 1 1 1 1 1 1 1 1 1 1 1 1 1 1 1 1 1 1 1 1 1
999.999999 9999.99 9.999 99.99 9.999999 9.999 9.999999 9.99 9.999999 9.999 9.999 99.999 9.999 99.999 9.999 999.99 9.999999 999.999 9.999 999.999 9.999 99.999 9.999 9.999 9.999 9.999 9.999
end_time of measurement, days from the file reference point
iron, ng/m3, Revision date=20181210133000
numflag iron, no unit, Revision date=20181210133000
lead, ng/m3, Revision date=20181210133000
numflag lead, no unit, Revision date=20181210133000
magnesium, ug/m3, Revision date=20181210133000
numflag magnesium, no unit, Revision date=20181210133000
nickel, ng/m3, Revision date=20181210133000
numflag nickel, no unit, Revision date=20181210133000
nitrate, ug N/m3, Revision date=20181210133000
numflag nitrate, no unit, Revision date=20181210133000
organic_carbon, ug C/m3, Revision date=20181210133000
numflag organic_carbon, no unit, Revision date=20181210133000
organic_mass, ug/m3, Revision date=20181210133000
numflag organic_mass, no unit, Revision date=20181210133000
phosphorus, ng/m3, Revision date=20181210133000
numflag phosphorus, no unit, Revision date=20181210133000
pm10_mass, ug/m3, Version=2, Version description=Data extracted from http://views.cira.colostate.edu/fed/DataWizard 2019-12-16, Sample duration=1d, Orig. time res.=3d, Matrix=pm10, Blank correction=Blank corrected, Volume std. temperature=ambient, Volume std. pressure=ambient
numflag pm10_mass, no unit, Version=2, Version description=Data extracted from http://views.cira.colostate.edu/fed/DataWizard 2019-12-16, Sample duration=1d, Orig. time res.=3d, Matrix=pm10, Blank correction=Blank corrected, Volume std. temperature=ambient, Volume std. pressure=ambient
pm10_pm25_mass, ug/m3, Revision date=20181210133000, Matrix=pm10_pm25
numflag pm10_pm25_mass, no unit, Revision date=20181210133000, Matrix=pm10_pm25
pm25_mass, ug/m3, Version=2, Version description=Data extracted from http://views.cira.colostate.edu/fed/DataWizard 2019-12-16, Sample duration=1d, Orig. time res.=3d, Blank correction=Blank corrected, Volume std. temperature=ambient, Volume std. pressure=ambient
numflag pm25_mass, no unit, Version=2, Version description=Data extracted from http://views.cira.colostate.edu/fed/DataWizard 2019-12-16, Sample duration=1d, Orig. time res.=3d, Blank correction=Blank corrected, Volume std. temperature=ambient, Volume std. pressure=ambient
potassium, ug/m3, Revision date=20181210133000
numflag potassium, no unit, Revision date=20181210133000
sulphate_total, ug S/m3, Revision date=20181210133000
numflag sulphate_total, no unit, Revision date=20181210133000
0
25
Data definition:              EBAS_1.1
Set type code:                TU
Timezone:                     UTC
File name:                    US0089R.20020102070000.20191216000000.filterpack..pm25.52w.1w.US03L_filterpack_US0089.US03L_IMPROVE_Davis.lev2.nas
File creation:                20191218120125
Startdate:                    20020102070000
Revision date:                20191216000000
Statistics:                   arithmetic mean
Data level:                   2
Period code:                  52w
Resolution code:              1w
Station code:                 US0089R
Platform code:                US0089S
Station name:                 Bridger Wilderness
Station latitude:             42.9749
Station longitude:            -109.7579
Station altitude:             2626.0 m
Regime:                       IMG
Component:                    
Matrix:                       pm25
Laboratory code:              US03L
Instrument type:              filterpack
Instrument name:              filterpack_US0089
Method ref:                   US03L_IMPROVE_Davis
starttime endtime Fe flag_Fe Pb flag_Pb Mg++ flag_Mg++ Ni flag_Ni NO3- flag_NO3- OC flag_OC OM flag_OM P flag_P PM10 flag_PM10 PM10-PM2.5 flag_PM10-PM2.5 PM2.5 flag_PM2.5 K+ flag_K+ SO4-- flag_SO4--
  1.291667   2.291667 9999.99 0.999 99.99 0.999000 9.999 0.999000 9.99 0.999000 9.999 0.999 99.999 0.999 99.999 0.999 999.99 0.999000 999.999 0.999 999.999 0.999 99.999 0.999 9.999 0.999 9.999 0.999
  4.291667   5.291667    0.61 0.000  0.60 0.000000 9.999 0.259000 9.99 0.259000 0.009 0.000  0.139 0.000  0.195 0.000 999.99 0.259000   0.460 0.000   0.052 0.000  0.408 0.000 0.005 0.000 0.026 0.000
  7.291667   8.291667    0.96 0.000 99.99 0.259000 9.999 0.259000 9.99 0.259000 0.006 0.000  0.188 0.000  0.263 0.000 999.99 0.259000   1.471 0.000   0.849 0.000  0.622 0.000 0.004 0.000 0.028 0.000
 10.291667  11.291667    1.51 0.000  0.70 0.000000 9.999 0.259000 9.99 0.259000 0.006 0.000  0.125 0.000  0.175 0.000 999.99 0.259000   0.499 0.000   0.038 0.000  0.461 0.000 0.006 0.000 0.046 0.000
 13.291667  14.291667    1.33 0.000  0.13 0.000000 9.999 0.259000 9.99 0.259000 0.025 0.000  0.092 0.000  0.130 0.000 999.99 0.259000   0.724 0.000   0.158 0.000  0.566 0.000 0.003 0.000 0.120 0.000
 16.291667  17.291667    2.62 0.000  0.37 0.000000 9.999 0.259000 9.99 0.259000 0.026 0.000  0.220 0.000  0.308 0.000 999.99 0.259000   0.677 0.000 999.999 0.259  0.842 0.000 0.006 0.000 0.090 0.000
 19.291667  20.291667    3.19 0.000  0.23 0.000000 9.999 0.259000 9.99 0.259000 0.040 0.000  0.159 0.000  0.223 0.000 999.99 0.259000   1.052 0.000   0.318 0.000  0.734 0.000 0.005 0.000 0.094 0.000
 22.291667  23.291667    3.29 0.000  0.36 0.000000 9.999 0.259000 9.99 0.259000 0.051 0.559  0.083 0.000  0.117 0.000 999.99 0.259000   1.355 0.000   0.157 0.000  1.198 0.000 0.016 0.000 0.104 0.559
 25.291667  26.291667   13.62 0.000  0.60 0.000000 9.999 0.259000 9.99 0.259000 0.056 0.000  0.312 0.000  0.437 0.000  10.88 0.000000   3.932 0.000   1.965 0.000  1.967 0.000 0.182 0.000 0.086 0.000
 28.291667  29.291667    1.38 0.000 99.99 0.259000 9.999 0.259000 9.99 0.259000 0.033 0.000  0.115 0.000  0.162 0.000 999.99 0.259000   0.642 0.000   0.072 0.000  0.570 0.000 0.004 0.000 0.027 0.000
 31.291667  32.291667    2.98 0.000  0.25 0.000000 9.999 0.259000 9.99 0.259000 0.005 0.000  0.091 0.000  0.128 0.000 999.99 0.259000   0.926 0.000   0.362 0.000  0.564 0.000 0.005 0.000 0.039 0.000
 34.291667  35.291667    1.36 0.000  0.19 0.000000 9.999 0.259000 9.99 0.259000 0.007 0.559  0.061 0.000  0.086 0.000 999.99 0.259000   0.968 0.000   0.240 0.000  0.728 0.000 0.003 0.000 0.079 0.559
 37.291667  38.291667    6.49 0.000 99.99 0.259000 9.999 0.259000 9.99 0.259000 0.014 0.559  0.095 0.000  0.133 0.000 999.99 0.259000   1.799 0.000   1.184 0.000  0.615 0.000 0.014 0.000 0.044 0.559
 40.291667  41.291667   16.28 0.000 99.99 0.259000 9.999 0.259000 9.99 0.259000 0.009 0.000  0.236 0.000  0.330 0.000 999.99 0.259000   1.924 0.000   0.553 0.000  1.371 0.000 0.013 0.000 0.099 0.000
 43.291667  44.291667   14.38 0.000  1.64 0.000000 9.999 0.259000 9.99 0.259000 0.043 0.000  0.263 0.000  0.368 0.000 999.99 0.259000   2.803 0.000   0.909 0.000  1.894 0.000 0.020 0.000 0.199 0.000
 46.291667  47.291667   15.45 0.000  0.31 0.000000 9.999 0.259000 9.99 0.259000 0.012 0.000  0.164 0.000  0.230 0.000 999.99 0.259000   2.385 0.000   1.449 0.000  0.936 0.000 0.012 0.000 0.055 0.000
 49.291667  50.291667    5.94 0.000  0.32 0.000000 9.999 0.259000 9.99 0.259000 0.065 0.000  0.225 0.000  0.315 0.000 999.99 0.259000   2.254 0.000   0.705 0.000  1.549 0.000 0.008 0.000 0.162 0.000
 52.291667  53.291667    8.35 0.000  0.31 0.000000 9.999 0.259000 9.99 0.259000 0.011 0.000  0.066 0.000  0.093 0.000 999.99 0.259000   1.455 0.000   0.635 0.000  0.820 0.000 0.007 0.000 0.054 0.000
 55.291667  56.291667    3.58 0.000 99.99 0.259000 9.999 0.259000 9.99 0.259000 0.012 0.559  0.091 0.000  0.127 0.000 999.99 0.259000   1.990 0.000   0.714 0.000  1.276 0.000 0.006 0.000 0.161 0.559
 58.291667  59.291667   12.45 0.000  0.34 0.000000 9.999 0.259000 9.99 0.259000 0.045 0.000  0.315 0.000  0.441 0.000 999.99 0.259000   3.619 0.000   2.120 0.000  1.499 0.000 0.013 0.000 0.147 0.000
 61.291667  62.291667   16.15 0.000  0.59 0.000000 9.999 0.259000 9.99 0.259000 0.013 0.000  0.226 0.000  0.316 0.000 999.99 0.259000   2.879 0.000   0.575 0.000  2.305 0.000 0.018 0.000 0.236 0.000
 64.291667  65.291667   26.32 0.000  0.81 0.000000 9.999 0.259000 0.14 0.000000 0.057 0.559  0.253 0.000  0.354 0.000 999.99 0.259000   3.305 0.000   1.705 0.000  1.600 0.000 0.024 0.000 0.096 0.559
 67.291667  68.291667   45.95 0.000  2.01 0.000000 9.999 0.259000 9.99 0.259000 0.049 0.559  0.284 0.000  0.398 0.000 999.99 0.259000   4.461 0.000   1.316 0.000  3.146 0.000 0.044 0.000 0.337 0.559
 70.291667  71.291667   10.15 0.000  0.44 0.000000 9.999 0.259000 0.11 0.000000 0.045 0.000  0.190 0.000  0.266 0.000 999.99 0.259000   1.353 0.000   0.494 0.000  0.859 0.000 0.008 0.000 0.093 0.000
 73.291667  74.291667    2.68 0.000  0.28 0.000000 9.999 0.259000 9.99 0.259000 0.024 0.000  0.262 0.000  0.367 0.000 999.99 0.259000   1.726 0.000   0.159 0.000  1.567 0.000 0.014 0.000 0.149 0.000
 76.291667  77.291667    5.36 0.000  0.33 0.000000 9.999 0.259000 9.99 0.259000 0.033 0.000  0.109 0.000  0.152 0.000 999.99 0.259000   2.020 0.000   0.276 0.000  1.744 0.000 0.006 0.000 0.104 0.000
 79.291667  80.291667   10.65 0.000  0.57 0.000000 9.999 0.259000 9.99 0.259000 0.065 0.000  0.253 0.000  0.355 0.000 999.99 0.259000   1.871 0.000   0.628 0.000  1.243 0.000 0.013 0.000 0.109 0.000
 82.291667  83.291667   16.62 0.000  0.54 0.000000 9.999 0.259000 9.99 0.259000 0.184 0.000  0.323 0.000  0.452 0.000 999.99 0.259000   4.016 0.000   1.316 0.000  2.701 0.000 0.016 0.000 0.244 0.000
 85.291667  86.291667   25.34 0.000  0.68 0.000000 9.999 0.259000 0.07 0.000000 0.134 0.000  0.241 0.000  0.338 0.000 999.99 0.259000   4.602 0.000   2.137 0.000  2.465 0.000 0.043 0.000 0.180 0.000
 88.291667  89.291667   34.58 0.000  1.07 0.000000 9.999 0.259000 0.12 0.000000 0.073 0.000  0.304 0.000  0.426 0.000 999.99 0.259000   3.743 0.000   1.527 0.000  2.215 0.000 0.028 0.000 0.190 0.000
 91.291667  92.291667   42.27 0.000  0.60 0.000000 9.999 0.259000 9.99 0.259000 0.063 0.000  0.310 0.000  0.434 0.000 999.99 0.259000   5.799 0.000   3.016 0.000  2.783 0.000 0.027 0.000 0.259 0.000
 94.291667  95.291667   75.51 0.000  1.10 0.000000 9.999 0.259000 9.99 0.259000 0.069 0.000  0.397 0.000  0.556 0.000 999.99 0.259000   6.778 0.000   3.468 0.000  3.310 0.000 0.054 0.000 0.199 0.000
 97.291667  98.291667   41.20 0.000  0.41 0.000000 9.999 0.259000 9.99 0.259000 0.036 0.000  0.306 0.000  0.428 0.000 999.99 0.259000   5.323 0.000   3.127 0.000  2.196 0.000 0.024 0.000 0.158 0.000
100.291667 101.291667   15.44 0.000  0.22 0.000000 9.999 0.259000 9.99 0.259000 0.049 0.000  0.175 0.000  0.245 0.000 999.99 0.259000   2.038 0.000   0.685 0.000  1.353 0.000 0.010 0.000 0.149 0.000
103.291667 104.291667   77.40 0.000  0.59 0.000000 9.999 0.259000 9.99 0.259000 0.045 0.000  0.279 0.000  0.391 0.000 999.99 0.259000   5.374 0.000   3.079 0.000  2.295 0.000 0.085 0.000 0.087 0.000
106.291667 107.291667   42.35 0.000  1.23 0.000000 9.999 0.259000 9.99 0.259000 0.040 0.559  0.207 0.000  0.290 0.000 999.99 0.259000   5.397 0.000   2.735 0.000  2.662 0.000 0.034 0.000 0.214 0.559
109.291667 110.291667   16.50 0.000  0.42 0.000000 9.999 0.259000 0.11 0.000000 0.027 0.000  0.203 0.000  0.285 0.000 999.99 0.259000   2.928 0.000   0.940 0.000  1.988 0.000 0.019 0.000 0.293 0.000
112.291667 113.291667  223.58 0.000  2.69 0.000000 9.999 0.259000 0.12 0.000000 0.072 0.000  0.545 0.000  0.764 0.000 999.99 0.259000  24.120 0.000  16.623 0.000  7.497 0.000 0.135 0.000 0.305 0.000
115.291667 116.291667   72.05 0.000  2.35 0.000000 9.999 0.259000 0.14 0.000000 0.109 0.000  0.461 0.000  0.646 0.000 999.99 0.259000   6.909 0.000   2.894 0.000  4.014 0.000 0.064 0.000 0.300 0.000
118.291667 119.291667 9999.99 0.999 99.99 0.999000 9.999 0.999000 9.99 0.999000 9.999 0.999 99.999 0.999 99.999 0.999 999.99 0.999000 999.999 0.999 999.999 0.999 99.999 0.999 9.999 0.999 9.999 0.999
121.291667 122.291667 9999.99 0.999 99.99 0.999000 9.999 0.999000 9.99 0.999000 9.999 0.999 99.999 0.999 99.999 0.999 999.99 0.999000 999.999 0.999 999.999 0.999 99.999 0.999 9.999 0.999 9.999 0.999
124.291667 125.291667 9999.99 0.999 99.99 0.999000 9.999 0.999000 9.99 0.999000 9.999 0.999 99.999 0.999 99.999 0.999 999.99 0.999000 999.999 0.999 999.999 0.999 99.999 0.999 9.999 0.999 9.999 0.999
127.291667 128.291667 9999.99 0.999 99.99 0.999000 9.999 0.999000 9.99 0.999000 9.999 0.999 99.999 0.999 99.999 0.999 999.99 0.999000 999.999 0.999 999.999 0.999 99.999 0.999 9.999 0.999 9.999 0.999
130.291667 131.291667    9.56 0.000  0.20 0.000000 9.999 0.259000 0.16 0.000000 0.012 0.000  0.275 0.000  0.385 0.000 999.99 0.259000   1.350 0.000   0.119 0.000  1.231 0.000 0.008 0.000 0.105 0.000
133.291667 134.291667   49.36 0.000  0.64 0.000000 9.999 0.259000 9.99 0.259000 0.032 0.000  0.392 0.000  0.549 0.000 999.99 0.259000   4.971 0.000   2.272 0.000  2.699 0.000 0.033 0.000 0.176 0.000
136.291667 137.291667   33.74 0.000  0.37 0.000000 9.999 0.259000 9.99 0.259000 0.043 0.000  0.818 0.000  1.146 0.000 999.99 0.259000   6.035 0.000   2.939 0.000  3.096 0.000 0.032 0.000 0.143 0.000
139.291667 140.291667   79.52 0.000  0.56 0.000000 9.999 0.259000 0.13 0.000000 0.037 0.000  0.613 0.000  0.858 0.000 999.99 0.259000  11.834 0.000   7.631 0.000  4.203 0.000 0.055 0.000 0.236 0.000
142.291667 143.291667    9.66 0.000  0.18 0.000000 9.999 0.259000 9.99 0.259000 0.066 0.000  0.329 0.000  0.460 0.000 999.99 0.259000   1.871 0.000   1.037 0.000  0.835 0.000 0.006 0.000 0.057 0.000
145.291667 146.291667   25.07 0.000  0.51 0.000000 9.999 0.259000 9.99 0.259000 0.022 0.000  0.569 0.000  0.796 0.000 999.99 0.259000   4.134 0.000   2.059 0.000  2.074 0.000 0.016 0.000 0.126 0.000
148.291667 149.291667   33.09 0.000  0.30 0.000000 9.999 0.259000 0.15 0.000000 0.016 0.000  0.438 0.000  0.613 0.000 999.99 0.259000   3.739 0.000   2.338 0.000  1.401 0.000 0.018 0.000 0.100 0.000
151.291667 152.291667   70.13 0.000  0.58 0.000000 9.999 0.259000 9.99 0.259000 0.044 0.000  0.955 0.000  1.337 0.000 999.99 0.259000  10.191 0.000   5.788 0.000  4.403 0.000 0.060 0.000 0.254 0.000
154.291667 155.291667   28.05 0.394  0.63 0.394000 0.026 0.394000 9.99 0.394259 0.020 0.394  0.694 0.000  0.971 0.000 999.99 0.394259   3.681 0.000   0.785 0.000  2.897 0.000 0.023 0.394 0.208 0.394
157.291667 158.291667   26.95 0.000  0.43 0.000000 9.999 0.259000 9.99 0.259000 0.017 0.000  0.758 0.000  1.061 0.000 999.99 0.259000   4.684 0.000   2.370 0.000  2.315 0.000 0.021 0.000 0.113 0.000
160.291667 161.291667    7.67 0.456 99.99 0.456259 9.999 0.456259 9.99 0.456259 0.022 0.559  0.172 0.000  0.241 0.000 999.99 0.456259   2.121 0.000 999.999 0.999 99.999 0.456 0.006 0.456 0.090 0.559
163.291667 164.291667   15.21 0.000  0.26 0.000000 9.999 0.259000 9.99 0.259000 0.015 0.559  0.633 0.000  0.887 0.000 999.99 0.259000   4.191 0.000   1.622 0.000  2.570 0.000 0.015 0.000 0.125 0.559
166.291667 167.291667   37.66 0.000  0.53 0.000000 9.999 0.259000 9.99 0.259000 0.020 0.559  0.841 0.000  1.178 0.000 999.99 0.259000   6.287 0.000   2.668 0.000  3.619 0.000 0.028 0.000 0.200 0.559
169.291667 170.291667   17.39 0.000  0.20 0.000000 9.999 0.259000 9.99 0.259000 0.010 0.000  0.220 0.000  0.308 0.000 999.99 0.259000   2.604 0.000   1.482 0.000  1.122 0.000 0.012 0.000 0.053 0.000
172.291667 173.291667   65.30 0.000  0.55 0.000000 9.999 0.259000 9.99 0.259000 0.034 0.000  1.399 0.000  1.959 0.000 999.99 0.259000   7.647 0.000   2.660 0.000  4.987 0.000 0.060 0.000 0.193 0.000
175.291667 176.291667   67.55 0.000  0.72 0.000000 9.999 0.259000 9.99 0.259000 0.042 0.000  0.685 0.000  0.959 0.000 999.99 0.259000   7.267 0.000   3.436 0.000  3.830 0.000 0.069 0.000 0.227 0.000
178.291667 179.291667   45.71 0.000  0.52 0.000000 9.999 0.259000 9.99 0.259000 0.036 0.000  1.160 0.000  1.624 0.000 999.99 0.259000   8.506 0.000   3.626 0.000  4.880 0.000 0.057 0.000 0.294 0.000
181.291667 182.291667   34.67 0.000  0.29 0.000000 9.999 0.259000 0.11 0.000000 0.011 0.559  0.637 0.000  0.892 0.000 999.99 0.259000   5.876 0.000   3.362 0.000  2.514 0.000 0.021 0.000 0.103 0.559
184.291667 185.291667   54.24 0.559  0.38 0.559000 9.999 0.559259 0.60 0.559000 0.039 0.559  2.007 0.000  2.810 0.000 999.99 0.559259  10.356 0.000   4.031 0.000  6.325 0.559 0.067 0.559 0.337 0.559
187.291667 188.291667   41.15 0.000  0.51 0.000000 9.999 0.259000 0.57 0.000000 0.020 0.000  0.700 0.000  0.980 0.000 999.99 0.259000   6.579 0.000   2.950 0.000  3.629 0.000 0.050 0.000 0.282 0.000
190.291667 191.291667   33.20 0.000  0.28 0.000000 9.999 0.259000 0.45 0.000000 0.023 0.000  1.907 0.000  2.669 0.000 999.99 0.259000   6.699 0.000   2.675 0.000  4.024 0.000 0.059 0.000 0.088 0.000
193.291667 194.291667   25.63 0.559  0.19 0.559000 9.999 0.559259 0.18 0.559000 0.023 0.000  4.028 0.000  5.639 0.000 999.99 0.559259   9.011 0.000   1.919 0.000  7.092 0.559 0.079 0.559 0.077 0.000
196.291667 197.291667   69.13 0.559  0.48 0.559000 9.999 0.559259 0.87 0.559000 0.039 0.000  4.588 0.000  6.423 0.000 999.99 0.559259  13.782 0.000   5.275 0.000  8.507 0.559 0.128 0.559 0.294 0.000
199.291667 200.291667   27.63 0.000  0.23 0.000000 9.999 0.259000 9.99 0.259000 0.034 0.000  1.710 0.000  2.395 0.000 999.99 0.259000   6.046 0.000   0.924 0.000  5.122 0.000 0.068 0.000 0.262 0.000
202.291667 203.291667   29.10 0.000  0.12 0.000000 9.999 0.259000 9.99 0.259000 0.023 0.559  2.355 0.000  3.297 0.000 999.99 0.259000   7.476 0.000   1.523 0.000  5.952 0.000 0.040 0.000 0.188 0.559
205.291667 206.291667   20.26 0.559  0.36 0.559000 9.999 0.559259 0.18 0.559000 0.025 0.000  1.422 0.000  1.991 0.000   9.52 0.559000   5.311 0.000   1.438 0.000  3.873 0.559 0.065 0.559 0.140 0.000
208.291667 209.291667   33.01 0.000  0.29 0.000000 9.999 0.259000 0.22 0.000000 0.013 0.000  1.565 0.000  2.191 0.000 999.99 0.259000   7.189 0.000   2.813 0.000  4.376 0.000 0.037 0.000 0.087 0.000
211.291667 212.291667   29.23 0.559  0.54 0.559000 9.999 0.559259 9.99 0.559259 0.024 0.000  3.213 0.000  4.499 0.000 999.99 0.559259  10.172 0.000   3.193 0.000  6.978 0.559 0.056 0.559 0.116 0.000
214.291667 215.291667   44.92 0.000  0.35 0.000000 9.999 0.259000 9.99 0.259000 0.117 0.000  2.334 0.000  3.267 0.000  15.93 0.000000   9.681 0.000   2.737 0.000  6.944 0.000 0.376 0.000 0.218 0.000
217.291667 218.291667   35.23 0.000  0.25 0.000000 0.021 0.000000 9.99 0.259000 0.068 0.559  1.837 0.000  2.572 0.000 999.99 0.259000   8.875 0.000   3.522 0.000  5.353 0.000 0.133 0.000 0.195 0.559
220.291667 221.291667   26.57 0.000  0.83 0.000000 9.999 0.259000 9.99 0.259000 0.019 0.559  0.652 0.000  0.913 0.000 999.99 0.259000   5.392 0.000   2.952 0.000  2.440 0.000 0.034 0.000 0.080 0.559
223.291667 224.291667   34.31 0.000  0.15 0.000000 9.999 0.259000 0.22 0.000000 0.026 0.000  0.954 0.000  1.336 0.000 999.99 0.259000   6.863 0.000   3.517 0.000  3.346 0.000 0.103 0.000 0.082 0.000
226.291667 227.291667   62.18 0.559  0.26 0.559000 9.999 0.559259 9.99 0.559259 0.017 0.000  1.664 0.000  2.329 0.000 999.99 0.559259   9.845 0.000   5.326 0.000  4.519 0.559 0.057 0.559 0.063 0.000
229.291667 230.291667   70.51 0.699  0.20 0.699000 0.038 0.699000 0.11 0.699000 0.041 0.000  4.204 0.000  5.886 0.000   9.28 0.699000  13.911 0.000   4.144 0.000  9.767 0.699 0.078 0.699 0.093 0.000
232.291667 233.291667   60.27 0.559  0.33 0.559000 0.037 0.559000 0.20 0.559000 0.049 0.000  2.416 0.000  3.382 0.000 999.99 0.559259  10.498 0.000   3.387 0.000  7.111 0.559 0.059 0.559 0.249 0.000
235.291667 236.291667   21.25 0.000  0.33 0.000000 9.999 0.259000 9.99 0.259000 0.027 0.000  1.079 0.000  1.510 0.000 999.99 0.259000   5.482 0.000   2.103 0.000  3.380 0.000 0.031 0.000 0.201 0.000
238.291667 239.291667 9999.99 0.456 99.99 0.456000 9.999 0.456000 9.99 0.456000 9.999 0.456 99.999 0.999 99.999 0.999 999.99 0.456000 999.999 0.456 999.999 0.999 99.999 0.456 9.999 0.456 9.999 0.456
