scripts/IMPROVE-2019_partial/data/US0098R.20060102080000.20191216000000.filterpack..pm25.52w.1w.US03L_filterpack_US0098.US03L_IMPROVE_Davis.lev2.nas
64 1001
MISSING INFORMATION
US03L, IMPROVE, , , , , , , 
MISSING INFORMATION
IMPROVE sel_HTAP
1 1
2006 01 01 2019 12 16
3.000000
days from file reference point
25
1 1 1 1 1 1 1 1 1 1 1 1 1 1 1 1 1 1 1 1 1 1 1 1 1
999.999999 999.99 9.999 99.99 9.999 9.999 9.999 99.99 9.999 99.999 9.999 99.999 9.999 99.999 9.999 999.999 9.999 999.999 9.999 999.999 9.999 9.999 9.999 99.999 9.999
end_time of measurement, days from the file reference point
iron, ng/m3, Revision date=20181210133000
numflag iron, no unit, Revision date=20181210133000
lead, ng/m3, Revision date=20181210133000
numflag lead, no unit, Revision date=20181210133000
magnesium, ug/m3, Revision date=20181210133000
numflag magnesium, no unit, Revision date=20181210133000
nickel, ng/m3, Revision date=20181210133000
numflag nickel, no unit, Revision date=20181210133000
nitrate, ug N/m3, Revision date=20181210133000
numflag nitrate, no unit, Revision date=20181210133000
organic_carbon, ug C/m3, Revision date=20181210133000
numflag organic_carbon, no unit, Revision date=20181210133000
organic_mass, ug/m3, Revision date=20181210133000
numflag organic_mass, no unit, Revision date=20181210133000
pm10_mass, ug/m3, Version=2, Version description=Data extracted from http://views.cira.colostate.edu/fed/DataWizard 2019-12-16, Sample duration=1d, Orig. time res.=3d, Matrix=pm10, Blank correction=Blank corrected, Volume std. temperature=ambient, Volume std. pressure=ambient
numflag pm10_mass, no unit, Version=2, Version description=Data extracted from http://views.cira.colostate.edu/fed/DataWizard 2019-12-16, Sample duration=1d, Orig. time res.=3d, Matrix=pm10, Blank correction=Blank corrected, Volume std. temperature=ambient, Volume std. pressure=ambient
pm10_pm25_mass, ug/m3, Revision date=20181210133000, Matrix=pm10_pm25
numflag pm10_pm25_mass, no unit, Revision date=20181210133000, Matrix=pm10_pm25
pm25_mass, ug/m3, Version=2, Version description=Data extracted from http://views.cira.colostate.edu/fed/DataWizard 2019-12-16, Sample duration=1d, Orig. time res.=3d, Blank correction=Blank corrected, Volume std. temperature=ambient, Volume std. pressure=ambient
numflag pm25_mass, no unit, Version=2, Version description=Data extracted from http://views.cira.colostate.edu/fed/DataWizard 2019-12-16, Sample duration=1d, Orig. time res.=3d, Blank correction=Blank corrected, Volume std. temperature=ambient, Volume std. pressure=ambient
potassium, ug/m3, Revision date=20181210133000
numflag potassium, no unit, Revision date=20181210133000
sulphate_total, ug S/m3, Revision date=20181210133000
numflag sulphate_total, no unit, Revision date=20181210133000
0
25
Data definition:              EBAS_1.1
Set type code:                TU
Timezone:                     UTC
File name:                    US0098R.20060102080000.20191216000000.filterpack..pm25.52w.1w.US03L_filterpack_US0098.US03L_IMPROVE_Davis.lev2.nas
File creation:                20191218120209
Startdate:                    20060102080000
Revision date:                20191216000000
Statistics:                   arithmetic mean
Data level:                   2
Period code:                  52w
Resolution code:              1w
Station code:                 US0098R
Platform code:                US0098S
Station name:                 Point Reyes National Seashore
Station latitude:             38.1224
Station longitude:            -122.9085
Station altitude:             97.0 m
Regime:                       IMG
Component:                    
Matrix:                       pm25
Laboratory code:              US03L
Instrument type:              filterpack
Instrument name:              filterpack_US0098
Method ref:                   US03L_IMPROVE_Davis
starttime endtime Fe flag_Fe Pb flag_Pb Mg++ flag_Mg++ Ni flag_Ni NO3- flag_NO3- OC flag_OC OM flag_OM PM10 flag_PM10 PM10-PM2.5 flag_PM10-PM2.5 PM2.5 flag_PM2.5 K+ flag_K+ SO4-- flag_SO4--
  1.333333   2.333333   2.00 0.000  0.23 0.000 0.107 0.000  0.26 0.000  0.061 0.000  0.308 0.000  0.431 0.000  13.817 0.000   9.142 0.000   4.675 0.000 0.039 0.000  0.172 0.000
  4.333333   5.333333  15.05 0.000  0.99 0.000 9.999 0.259  0.38 0.000  0.253 0.000  0.901 0.000  1.262 0.000   6.549 0.000   3.438 0.000   3.111 0.000 0.023 0.000  0.151 0.000
  7.333333   8.333333   1.73 0.000  0.33 0.000 0.144 0.000 99.99 0.259  0.029 0.000  0.409 0.000  0.573 0.000  20.240 0.000  15.218 0.000   5.023 0.000 0.043 0.000  0.127 0.000
 10.333333  11.333333   2.14 0.000  0.20 0.000 0.138 0.000  0.29 0.000  0.037 0.000  0.221 0.000  0.309 0.000  14.975 0.000  10.121 0.000   4.854 0.000 0.041 0.000  0.136 0.000
 13.333333  14.333333   2.53 0.000  0.13 0.000 0.069 0.000  0.15 0.000  0.012 0.000  0.091 0.000  0.127 0.000   9.142 0.000   6.633 0.000   2.509 0.000 0.021 0.000  0.087 0.000
 16.333333  17.333333  17.73 0.000  0.93 0.000 0.016 0.000  0.82 0.000  0.124 0.000  0.786 0.000  1.100 0.000   6.058 0.000   3.249 0.000   2.809 0.000 0.022 0.000  0.147 0.000
 19.333333  20.333333   2.14 0.000  0.13 0.000 0.054 0.000  0.35 0.000  0.062 0.000  0.368 0.000  0.516 0.000  10.443 0.000   7.732 0.000   2.710 0.000 0.023 0.000  0.113 0.000
 22.333333  23.333333  15.47 0.000  0.91 0.000 0.034 0.000  0.33 0.000  0.056 0.000  0.575 0.000  0.804 0.000   7.062 0.000   3.801 0.000   3.260 0.000 0.035 0.000  0.188 0.000
 25.333333  26.333333   1.04 0.000 99.99 0.259 0.076 0.000  0.29 0.000  0.035 0.000  0.159 0.000  0.222 0.000  23.485 0.000  20.535 0.000   2.950 0.000 0.025 0.000  0.123 0.000
 28.333333  29.333333   6.68 0.000  0.27 0.000 0.095 0.000  0.39 0.000  0.081 0.000  0.329 0.000  0.461 0.000  16.386 0.000  11.975 0.000   4.411 0.000 0.041 0.000  0.188 0.000
 31.333333  32.333333   2.14 0.000  0.20 0.000 0.017 0.000  0.42 0.000  0.020 0.000  0.075 0.000  0.105 0.000   3.874 0.000   2.676 0.000   1.198 0.000 0.009 0.000  0.077 0.000
 34.333333  35.333333   4.37 0.000  0.35 0.000 0.199 0.000  0.32 0.000  0.044 0.000  0.256 0.000  0.358 0.000  22.738 0.000  16.241 0.000   6.497 0.000 0.062 0.000  0.220 0.000
 37.333333  38.333333  23.57 0.000  1.07 0.000 0.046 0.000  0.54 0.000  0.202 0.000  1.321 0.000  1.850 0.000  24.239 0.000  17.394 0.000   6.845 0.000 0.063 0.000  0.282 0.000
 40.333333  41.333333  34.23 0.000  1.86 0.000 9.999 0.259  0.97 0.000  1.159 0.000  1.662 0.000  2.326 0.000  13.845 0.000   2.152 0.000  11.693 0.000 0.041 0.000  0.681 0.000
 43.333333  44.333333  17.06 0.000  0.95 0.000 0.202 0.000  0.19 0.000  0.116 0.000  1.064 0.000  1.490 0.000  21.179 0.000  12.678 0.000   8.501 0.000 0.088 0.000  0.278 0.000
 46.333333  47.333333   5.90 0.000  0.42 0.000 0.031 0.000  0.23 0.000  0.088 0.000  0.464 0.000  0.649 0.000   9.777 0.000   6.754 0.000   3.023 0.000 0.025 0.000  0.206 0.000
 49.333333  50.333333   7.93 0.000  0.67 0.000 9.999 0.259 99.99 0.259  0.155 0.000  0.761 0.000  1.065 0.000   4.876 0.000   2.239 0.000   2.638 0.000 0.024 0.000  0.195 0.000
 52.333333  53.333333  17.81 0.000  1.20 0.000 0.023 0.000  0.62 0.000  0.156 0.000  1.491 0.000  2.088 0.000  16.367 0.000  11.748 0.000   4.619 0.000 0.046 0.000  0.201 0.000
 55.333333  56.333333  34.08 0.000  1.91 0.000 9.999 0.259  1.63 0.000  0.557 0.000  1.404 0.000  1.965 0.000  14.874 0.000   6.022 0.000   8.852 0.000 0.051 0.000  0.966 0.000
 58.333333  59.333333   5.42 0.000  0.58 0.000 9.999 0.259 99.99 0.259  0.026 0.000  0.186 0.000  0.261 0.000  15.532 0.000  11.591 0.000   3.941 0.000 0.038 0.000  0.212 0.000
 61.333333  62.333333   3.56 0.000  0.59 0.000 9.999 0.259 99.99 0.259  0.019 0.000  0.136 0.000  0.190 0.000  11.140 0.000   8.701 0.000   2.439 0.000 0.026 0.000  0.133 0.000
 64.333333  65.333333   6.09 0.000  0.59 0.000 9.999 0.259 99.99 0.259  0.030 0.000  0.133 0.000  0.186 0.000   8.625 0.000   5.822 0.000   2.803 0.000 0.028 0.000  0.130 0.000
 67.333333  68.333333   8.80 0.000  0.66 0.000 0.094 0.000 99.99 0.259  0.020 0.000  0.159 0.000  0.223 0.000  12.488 0.000   8.545 0.000   3.943 0.000 0.035 0.000  0.227 0.000
 70.333333  71.333333   1.70 0.000  0.23 0.000 9.999 0.259 99.99 0.259  0.018 0.000  0.085 0.000  0.119 0.000   5.317 0.000   4.080 0.000   1.236 0.000 0.012 0.000  0.069 0.000
 73.333333  74.333333  10.46 0.000 99.99 0.259 9.999 0.259  0.44 0.000  0.088 0.000  0.162 0.000  0.227 0.000   8.011 0.000   5.860 0.000   2.151 0.000 0.022 0.000  0.115 0.000
 76.333333  77.333333  35.87 0.000  0.28 0.000 9.999 0.259  1.82 0.000  0.034 0.000  0.306 0.000  0.428 0.000  18.117 0.000  13.326 0.000   4.791 0.000 0.043 0.000  0.195 0.000
 79.333333  80.333333  13.23 0.000  0.29 0.000 0.068 0.000  0.65 0.000  0.210 0.000  0.312 0.000  0.437 0.000  10.939 0.000   7.287 0.000   3.651 0.000 0.027 0.000  0.189 0.000
 82.333333  83.333333  15.46 0.000  0.29 0.000 9.999 0.259  0.84 0.000  0.051 0.000  0.064 0.000  0.089 0.000   3.206 0.000   1.517 0.000   1.689 0.000 0.014 0.000  0.201 0.000
 85.333333  86.333333   9.74 0.000  0.69 0.000 0.069 0.000  0.58 0.000  0.113 0.000  0.282 0.000  0.395 0.000   8.574 0.000   5.295 0.000   3.279 0.000 0.029 0.000  0.212 0.000
 88.333333  89.333333   7.34 0.000  0.24 0.000 0.034 0.000  0.66 0.000  0.151 0.000  0.302 0.000  0.422 0.000   6.961 0.000   4.133 0.000   2.828 0.000 0.022 0.000  0.264 0.000
 91.333333  92.333333  14.10 0.000  0.33 0.000 0.024 0.000  0.64 0.000  0.123 0.000  0.364 0.000  0.510 0.000   7.374 0.000   4.313 0.000   3.061 0.000 0.028 0.000  0.258 0.000
 94.333333  95.333333 999.99 0.999 99.99 0.999 9.999 0.999 99.99 0.999 99.999 0.999 99.999 0.999 99.999 0.999 999.999 0.999 999.999 0.999 999.999 0.999 9.999 0.999 99.999 0.999
 97.333333  98.333333   2.93 0.000 99.99 0.259 0.066 0.000  0.52 0.000  0.082 0.000  0.112 0.000  0.157 0.000  11.053 0.000   7.879 0.000   3.174 0.000 0.028 0.000  0.164 0.000
100.333333 101.333333   7.57 0.000  0.15 0.000 0.035 0.000  0.35 0.000  0.027 0.000  0.112 0.000  0.157 0.000   5.208 0.000   3.115 0.000   2.093 0.000 0.021 0.000  0.161 0.000
103.333333 104.333333  16.15 0.000 99.99 0.259 0.044 0.000  0.18 0.000  0.052 0.000  0.139 0.000  0.194 0.000  10.560 0.000   7.137 0.000   3.423 0.000 0.036 0.000  0.207 0.000
106.333333 107.333333   9.11 0.000 99.99 0.259 0.051 0.000  0.35 0.000  0.041 0.000  0.088 0.000  0.123 0.000  10.241 0.000   7.882 0.000   2.359 0.000 0.026 0.000  0.117 0.000
109.333333 110.333333  40.08 0.000  0.43 0.000 0.055 0.000 99.99 0.259  0.076 0.000  0.196 0.000  0.274 0.000  14.860 0.000  10.450 0.000   4.411 0.000 0.053 0.000  0.315 0.000
112.333333 113.333333  17.13 0.000  0.37 0.000 0.185 0.000  1.42 0.000  0.254 0.000  0.365 0.000  0.511 0.000  23.139 0.000  14.519 0.000   8.619 0.000 0.074 0.000  0.505 0.000
115.333333 116.333333  42.03 0.000  0.36 0.000 0.143 0.000  0.46 0.000  0.113 0.559  0.450 0.000  0.630 0.000  26.819 0.000  18.054 0.000   8.765 0.000 0.093 0.000  0.490 0.559
118.333333 119.333333  27.11 0.000  0.31 0.000 0.087 0.000  0.52 0.000  0.087 0.559  0.319 0.000  0.447 0.000  17.986 0.000  11.322 0.000   6.665 0.000 0.064 0.000  0.409 0.559
121.333333 122.333333  32.79 0.000  0.66 0.000 0.523 0.000  0.87 0.000  0.226 0.559  0.508 0.000  0.712 0.000  39.350 0.000  24.031 0.000  15.319 0.000 0.125 0.000  0.542 0.559
124.333333 125.333333  28.40 0.000  0.87 0.000 9.999 0.259  1.01 0.000  0.162 0.559  0.525 0.000  0.735 0.000  15.837 0.000   8.966 0.000   6.871 0.000 0.056 0.000  0.720 0.559
127.333333 128.333333  20.56 0.000  0.36 0.000 0.147 0.000  0.40 0.000  0.079 0.559  0.185 0.000  0.259 0.000  31.545 0.000  20.599 0.000  10.946 0.000 0.093 0.000  0.459 0.559
130.333333 131.333333  34.11 0.000  0.55 0.000 0.141 0.000  1.02 0.000  0.205 0.559  0.319 0.000  0.447 0.000  29.841 0.000  17.723 0.000  12.118 0.000 0.101 0.000  0.642 0.559
133.333333 134.333333  37.85 0.000  0.75 0.000 0.114 0.000  0.42 0.000  0.200 0.559  0.963 0.000  1.348 0.000  27.939 0.000  17.575 0.000  10.364 0.000 0.098 0.000  0.481 0.559
136.333333 137.333333  11.30 0.000  0.27 0.000 0.028 0.000  0.60 0.000  0.052 0.559  0.338 0.000  0.472 0.000   7.276 0.000   3.400 0.000   3.876 0.000 0.027 0.000  0.488 0.559
139.333333 140.333333  18.16 0.000  0.31 0.000 0.018 0.000  1.24 0.000  0.139 0.000  0.482 0.000  0.675 0.000   7.888 0.000   4.169 0.000   3.719 0.000 0.029 0.000  0.475 0.000
142.333333 143.333333   4.44 0.000  0.14 0.000 9.999 0.259  1.46 0.000  0.099 0.559  0.216 0.000  0.303 0.000   8.991 0.000   5.150 0.000   3.840 0.000 0.026 0.000  0.432 0.559
145.333333 146.333333   3.92 0.000  0.38 0.000 9.999 0.259  0.13 0.000  0.033 0.559  0.232 0.000  0.325 0.000  13.828 0.000  10.175 0.000   3.654 0.000 0.030 0.000  0.252 0.559
148.333333 149.333333   7.93 0.000  0.06 0.000 9.999 0.259  0.53 0.000  0.060 0.559  0.278 0.000  0.389 0.000  12.033 0.000   8.538 0.000   3.495 0.000 0.026 0.000  0.194 0.559
151.333333 152.333333   2.31 0.000  0.15 0.000 9.999 0.259  0.77 0.000  0.034 0.559 99.999 0.259 99.999 0.259   2.215 0.000   1.225 0.000   0.990 0.000 0.003 0.000  0.153 0.559
154.333333 155.333333   7.79 0.000  0.34 0.000 0.032 0.000  0.31 0.000  0.043 0.559  0.100 0.000  0.140 0.000   7.559 0.000   4.881 0.000   2.678 0.000 0.022 0.000  0.239 0.559
157.333333 158.333333   8.89 0.000  0.26 0.000 0.146 0.000  0.73 0.000  0.081 0.559 99.999 0.456 99.999 0.456 999.999 0.456 999.999 0.999   7.109 0.000 0.052 0.000  0.434 0.559
160.333333 161.333333   8.13 0.000  0.11 0.000 0.127 0.000  0.55 0.000  0.095 0.559 99.999 0.456 99.999 0.456 999.999 0.456 999.999 0.999   7.649 0.000 0.055 0.000  0.553 0.559
163.333333 164.333333   5.48 0.000  0.37 0.000 0.021 0.000  1.22 0.000  0.069 0.559 99.999 0.456 99.999 0.456 999.999 0.456 999.999 0.999   3.225 0.000 0.013 0.000  0.404 0.559
166.333333 167.333333   7.75 0.000  0.34 0.000 0.200 0.000  0.31 0.000 99.999 0.699  0.290 0.000  0.406 0.000  22.959 0.000  15.774 0.000   7.184 0.000 0.060 0.000 99.999 0.699
169.333333 170.333333   8.98 0.000  0.57 0.000 0.457 0.000  0.22 0.000 99.999 0.699  0.351 0.000  0.491 0.000  39.998 0.000  26.245 0.000  13.754 0.000 0.109 0.000 99.999 0.699
172.333333 173.333333  18.78 0.000  0.19 0.000 0.482 0.000  0.63 0.000  0.184 0.559  0.839 0.000  1.175 0.000  46.590 0.000  29.442 0.000  17.148 0.000 0.139 0.000  0.614 0.559
175.333333 176.333333   6.23 0.000  0.48 0.000 0.044 0.000  1.76 0.000 99.999 0.999  0.219 0.000  0.306 0.000   8.049 0.000   2.842 0.000   5.207 0.000 0.021 0.000 99.999 0.999
178.333333 179.333333   3.93 0.000  0.23 0.000 0.025 0.000  1.32 0.000 99.999 0.999  0.240 0.000  0.336 0.000   6.235 0.000   2.044 0.000   4.190 0.000 0.011 0.000 99.999 0.999
181.333333 182.333333   2.58 0.000  0.35 0.000 0.090 0.000  0.49 0.000 99.999 0.999  0.303 0.000  0.545 0.000  12.771 0.000   7.911 0.000   4.861 0.000 0.029 0.000 99.999 0.999
184.333333 185.333333   2.70 0.000  0.42 0.000 0.083 0.000  0.70 0.000 99.999 0.999  0.188 0.000  0.339 0.000  18.562 0.000  12.119 0.000   6.443 0.000 0.041 0.000 99.999 0.999
187.333333 188.333333   5.24 0.000  0.59 0.000 0.214 0.000  0.27 0.000  0.083 0.559  0.215 0.000  0.387 0.000  17.861 0.000  11.345 0.000   6.516 0.000 0.052 0.000  0.303 0.559
190.333333 191.333333   0.99 0.000  0.27 0.000 0.086 0.000  0.42 0.000  0.050 0.559 99.999 0.259 99.999 0.259   8.578 0.000   5.512 0.000   3.066 0.000 0.024 0.000  0.217 0.559
193.333333 194.333333   0.79 0.000  0.23 0.000 0.017 0.000  0.15 0.000  0.010 0.559 99.999 0.259 99.999 0.259   3.102 0.000   1.831 0.000   1.271 0.000 0.006 0.000  0.061 0.559
196.333333 197.333333   3.27 0.000  0.55 0.000 0.364 0.000  0.61 0.000  0.070 0.559  0.338 0.000  0.608 0.000  17.997 0.000   8.181 0.000   9.816 0.000 0.076 0.000  0.485 0.559
199.333333 200.333333  22.23 0.559  0.73 0.559 0.388 0.559  3.09 0.559  0.403 0.559  0.289 0.000  0.520 0.000  30.648 0.000  12.166 0.559  18.483 0.659 0.131 0.559  0.831 0.559
202.333333 203.333333  12.42 0.000 99.99 0.259 0.065 0.000  1.48 0.000  0.109 0.559  0.285 0.000  0.514 0.000  14.579 0.000   7.463 0.000   7.116 0.000 0.041 0.000  0.559 0.559
205.333333 206.333333   8.27 0.000  0.56 0.000 0.316 0.000  1.43 0.000  0.196 0.559  0.191 0.000  0.344 0.000  23.220 0.000  10.117 0.000  13.103 0.000 0.093 0.000  0.566 0.559
208.333333 209.333333   4.09 0.000  0.44 0.000 9.999 0.259  0.67 0.000  0.033 0.559  0.001 0.000  0.002 0.000   4.619 0.000   1.499 0.000   3.120 0.000 0.012 0.000  0.436 0.559
211.333333 212.333333   2.48 0.000  0.25 0.000 0.319 0.000  0.66 0.000  0.075 0.559  0.064 0.000  0.115 0.000  19.630 0.000  11.743 0.000   7.887 0.000 0.055 0.000  0.365 0.559
214.333333 215.333333   6.62 0.000  0.51 0.000 0.332 0.000  0.83 0.000  0.139 0.559  0.185 0.000  0.332 0.000  23.712 0.000  12.168 0.000  11.544 0.000 0.085 0.000  0.553 0.559
217.333333 218.333333   9.81 0.000  0.80 0.000 0.072 0.000  1.10 0.000  0.172 0.559  0.268 0.000  0.482 0.000  11.199 0.000   4.809 0.000   6.391 0.000 0.035 0.000  0.680 0.559
220.333333 221.333333  15.41 0.000  0.67 0.000 0.078 0.000  0.96 0.000  0.107 0.559  0.742 0.000  1.335 0.000  19.800 0.000  12.113 0.000   7.687 0.000 0.062 0.000  0.513 0.559
223.333333 224.333333   6.39 0.000  0.49 0.000 0.246 0.000  0.62 0.000  0.152 0.559  0.273 0.000  0.492 0.000  26.097 0.000  13.326 0.000  12.771 0.000 0.095 0.000  0.745 0.559
226.333333 227.333333   3.87 0.000  0.28 0.000 0.035 0.000  0.97 0.000  0.066 0.559  0.098 0.000  0.177 0.000   8.327 0.000   3.868 0.000   4.459 0.000 0.026 0.000  0.547 0.559
229.333333 230.333333   6.18 0.000  0.37 0.000 9.999 0.259  0.82 0.000  0.102 0.559  0.938 0.000  1.688 0.000   9.357 0.000   2.739 0.000   6.618 0.000 0.039 0.000  0.534 0.559
232.333333 233.333333   7.70 0.000  0.43 0.000 0.036 0.000  0.76 0.000  0.093 0.559  0.510 0.000  0.918 0.000   9.232 0.000   3.984 0.000   5.248 0.000 0.030 0.000  0.495 0.559
235.333333 236.333333   7.72 0.000  0.35 0.000 0.137 0.000  0.65 0.000  0.092 0.559  0.183 0.000  0.329 0.000  13.805 0.000   6.944 0.000   6.861 0.000 0.054 0.000  0.337 0.559
238.333333 239.333333   3.92 0.000  0.34 0.000 9.999 0.259  0.64 0.000  0.087 0.559  0.196 0.000  0.354 0.000   3.230 0.000   0.710 0.000   2.520 0.000 0.008 0.000  0.339 0.559
241.333333 242.333333 999.99 0.999 99.99 0.999 9.999 0.999 99.99 0.999 99.999 0.999 99.999 0.999 99.999 0.999 999.999 0.999 999.999 0.999 999.999 0.999 9.999 0.999 99.999 0.999
244.333333 245.333333  11.63 0.000  0.43 0.000 0.074 0.000  1.59 0.000  0.142 0.559  0.821 0.000  1.478 0.000  12.023 0.000   4.692 0.000   7.332 0.000 0.045 0.000  0.816 0.559
247.333333 248.333333   6.65 0.000  0.46 0.000 0.013 0.000  0.34 0.000  0.041 0.559  0.428 0.000  0.770 0.000   5.596 0.000   2.626 0.000   2.970 0.000 0.013 0.000  0.244 0.559
250.333333 251.333333   4.63 0.000  0.21 0.000 0.221 0.000  0.47 0.000  0.062 0.000  0.127 0.000  0.228 0.000  14.447 0.000   7.741 0.000   6.706 0.000 0.050 0.000  0.435 0.000
253.333333 254.333333  12.92 0.000  0.32 0.000 9.999 0.259 99.99 0.259  0.050 0.559  0.133 0.000  0.240 0.000   6.315 0.000   4.363 0.000   1.952 0.000 0.009 0.000  0.144 0.559
256.333333 257.333333   7.51 0.000 99.99 0.259 0.453 0.000  0.64 0.000  0.081 0.559  0.558 0.000  1.005 0.000  35.784 0.000  22.510 0.000  13.274 0.000 0.098 0.000  0.466 0.559
259.333333 260.333333   9.52 0.000  0.55 0.000 0.249 0.000  0.39 0.000  0.116 0.559  0.171 0.000  0.307 0.000  25.314 0.000  16.081 0.000   9.233 0.000 0.073 0.000  0.238 0.559
262.333333 263.333333  30.09 0.394  0.31 0.394 0.247 0.394  0.26 0.394  0.086 0.394  0.511 0.394  0.920 0.394  60.019 0.000  49.122 0.394  10.897 0.000 0.092 0.394  0.333 0.394
265.333333 266.333333  20.03 0.000  0.70 0.000 0.060 0.000  2.06 0.000  0.289 0.000  0.961 0.000  1.730 0.000  17.077 0.000  10.023 0.000   7.054 0.000 0.054 0.000  0.968 0.000
268.333333 269.333333  20.27 0.000  0.98 0.000 9.999 0.259  2.40 0.000  0.122 0.000  0.917 0.000  1.650 0.000  11.498 0.000   3.927 0.000   7.571 0.000 0.032 0.000  1.138 0.000
