scripts/IMPROVE-2019_partial/data/US0097R.20010101080000.20191216000000.filterpack..pm25.52w.1w.US03L_filterpack_US0097.US03L_IMPROVE_Davis.lev2.nas
64 1001
MISSING INFORMATION
US03L, IMPROVE, , , , , , , 
MISSING INFORMATION
IMPROVE sel_HTAP
1 1
2001 01 01 2019 12 16
3.000000
days from file reference point
25
1 1 1 1 1 1 1 1 1 1 1 1 1 1 1 1 1 1 1 1 1 1 1 1 1
999.999999 9999.99 9.999 99.99 9.999999 9.999 9.999999 99.99 9.999999 9.999 9.999999 99.999 9.999 99.999 9.999 999.999 9.999 999.999 9.999 999.999 9.999 9.999 9.999 9.999 9.999
end_time of measurement, days from the file reference point
iron, ng/m3, Revision date=20181210133000
numflag iron, no unit, Revision date=20181210133000
lead, ng/m3, Revision date=20181210133000
numflag lead, no unit, Revision date=20181210133000
magnesium, ug/m3, Revision date=20181210133000
numflag magnesium, no unit, Revision date=20181210133000
nickel, ng/m3, Revision date=20181210133000
numflag nickel, no unit, Revision date=20181210133000
nitrate, ug N/m3, Revision date=20181210133000
numflag nitrate, no unit, Revision date=20181210133000
organic_carbon, ug C/m3, Revision date=20181210133000
numflag organic_carbon, no unit, Revision date=20181210133000
organic_mass, ug/m3, Revision date=20181210133000
numflag organic_mass, no unit, Revision date=20181210133000
pm10_mass, ug/m3, Version=2, Version description=Data extracted from http://views.cira.colostate.edu/fed/DataWizard 2019-12-16, Sample duration=1d, Orig. time res.=3d, Matrix=pm10, Blank correction=Blank corrected, Volume std. temperature=ambient, Volume std. pressure=ambient
numflag pm10_mass, no unit, Version=2, Version description=Data extracted from http://views.cira.colostate.edu/fed/DataWizard 2019-12-16, Sample duration=1d, Orig. time res.=3d, Matrix=pm10, Blank correction=Blank corrected, Volume std. temperature=ambient, Volume std. pressure=ambient
pm10_pm25_mass, ug/m3, Revision date=20181210133000, Matrix=pm10_pm25
numflag pm10_pm25_mass, no unit, Revision date=20181210133000, Matrix=pm10_pm25
pm25_mass, ug/m3, Version=2, Version description=Data extracted from http://views.cira.colostate.edu/fed/DataWizard 2019-12-16, Sample duration=1d, Orig. time res.=3d, Blank correction=Blank corrected, Volume std. temperature=ambient, Volume std. pressure=ambient
numflag pm25_mass, no unit, Version=2, Version description=Data extracted from http://views.cira.colostate.edu/fed/DataWizard 2019-12-16, Sample duration=1d, Orig. time res.=3d, Blank correction=Blank corrected, Volume std. temperature=ambient, Volume std. pressure=ambient
potassium, ug/m3, Revision date=20181210133000
numflag potassium, no unit, Revision date=20181210133000
sulphate_total, ug S/m3, Revision date=20181210133000
numflag sulphate_total, no unit, Revision date=20181210133000
0
25
Data definition:              EBAS_1.1
Set type code:                TU
Timezone:                     UTC
File name:                    US0097R.20010101080000.20191216000000.filterpack..pm25.52w.1w.US03L_filterpack_US0097.US03L_IMPROVE_Davis.lev2.nas
File creation:                20191218120200
Startdate:                    20010101080000
Revision date:                20191216000000
Statistics:                   arithmetic mean
Data level:                   2
Period code:                  52w
Resolution code:              1w
Station code:                 US0097R
Platform code:                US0097S
Station name:                 Redwood NP
Station latitude:             41.5608
Station longitude:            -124.0839
Station altitude:             243.0 m
Regime:                       IMG
Component:                    
Matrix:                       pm25
Laboratory code:              US03L
Instrument type:              filterpack
Instrument name:              filterpack_US0097
Method ref:                   US03L_IMPROVE_Davis
starttime endtime Fe flag_Fe Pb flag_Pb Mg++ flag_Mg++ Ni flag_Ni NO3- flag_NO3- OC flag_OC OM flag_OM PM10 flag_PM10 PM10-PM2.5 flag_PM10-PM2.5 PM2.5 flag_PM2.5 K+ flag_K+ SO4-- flag_SO4--
[from data line 86]
258.333333 259.333333    1.09 0.000 99.99 0.259000 9.999 0.259000  0.09 0.000000 0.018 0.000000  0.106 0.000  0.148 0.000   1.572 0.000   0.467 0.000   1.105 0.000 0.008 0.000 0.093 0.000
261.333333 262.333333   14.18 0.000  0.31 0.000000 9.999 0.259000 99.99 0.259000 0.138 0.000000  1.273 0.000  1.782 0.000  13.085 0.000   6.263 0.000   6.822 0.000 0.077 0.000 0.335 0.000
264.333333 265.333333    9.86 0.000  0.66 0.000000 9.999 0.259000  0.20 0.000000 0.043 0.559000  0.945 0.000  1.323 0.000   4.665 0.000   1.076 0.000   3.588 0.000 0.032 0.000 0.247 0.559
267.333333 268.333333    3.45 0.000  0.39 0.000000 9.999 0.259000  0.14 0.000000 0.059 0.000000  0.329 0.000  0.460 0.000   6.760 0.000   4.216 0.000   2.544 0.000 0.017 0.000 0.219 0.000
270.333333 271.333333    2.87 0.000  0.10 0.000000 9.999 0.259000 99.99 0.259000 0.072 0.000000  0.708 0.000  0.991 0.000   6.835 0.000   3.690 0.000   3.145 0.000 0.018 0.000 0.197 0.000
273.333333 274.333333   23.20 0.000  0.71 0.000000 9.999 0.259000  0.12 0.000000 0.142 0.559000  2.860 0.000  4.004 0.000  12.762 0.000   4.597 0.000   8.164 0.000 0.051 0.000 0.239 0.559
276.333333 277.333333   10.09 0.000  0.61 0.000000 9.999 0.259000  0.70 0.000000 0.173 0.000000  0.977 0.000  1.368 0.000  10.490 0.000   3.173 0.000   7.316 0.000 0.045 0.000 0.594 0.000
279.333333 280.333333    7.20 0.000  0.48 0.000000 9.999 0.259000  0.24 0.000000 0.098 0.000000  1.170 0.000  1.638 0.000   7.599 0.000   2.587 0.000   5.012 0.000 0.038 0.000 0.403 0.000
282.333333 283.333333 9999.99 0.999 99.99 0.999000 9.999 0.999000 99.99 0.999000 9.999 0.999000 99.999 0.999 99.999 0.999 999.999 0.999 999.999 0.999 999.999 0.999 9.999 0.999 9.999 0.999
285.333333 286.333333   16.65 0.559  0.48 0.559000 9.999 0.559259  0.44 0.559000 0.062 0.559000  2.120 0.000  2.968 0.000  14.507 0.000   6.421 0.000   8.086 0.559 0.062 0.559 0.169 0.559
288.333333 289.333333   14.28 0.000  0.69 0.000000 9.999 0.259000  1.17 0.000000 0.312 0.000000  0.900 0.000  1.260 0.000  12.573 0.000   5.097 0.000   7.476 0.000 0.048 0.000 0.545 0.000
291.333333 292.333333   28.28 0.000  0.76 0.000000 9.999 0.259000 99.99 0.259000 0.254 0.000000  3.542 0.000  4.959 0.000  16.703 0.000   5.269 0.000  11.434 0.000 0.075 0.000 0.234 0.000
294.333333 295.333333    3.45 0.000  0.23 0.000000 9.999 0.259000 99.99 0.259000 0.027 0.000000  1.067 0.000  1.494 0.000   3.874 0.000   1.338 0.000   2.536 0.000 0.035 0.000 0.100 0.000
297.333333 298.333333   12.01 0.000  0.79 0.000000 9.999 0.259000  0.05 0.000000 0.070 0.000000  1.501 0.000  2.102 0.000  10.746 0.000   5.633 0.000   5.112 0.000 0.027 0.000 0.127 0.000
300.333333 301.333333    1.09 0.000  0.39 0.000000 9.999 0.259000 99.99 0.259000 0.021 0.559000  0.423 0.000  0.592 0.000   2.156 0.000   0.797 0.000   1.359 0.000 0.018 0.000 0.053 0.559
303.333333 304.333333    3.26 0.000  0.21 0.000000 9.999 0.259000  0.07 0.000000 0.018 0.000000  0.366 0.000  0.513 0.000   3.999 0.000   2.670 0.000   1.330 0.000 0.020 0.000 0.086 0.000
306.333333 307.333333    2.74 0.000  1.39 0.000000 9.999 0.259000 99.99 0.259000 0.029 0.559000  1.997 0.000  2.796 0.000   6.725 0.000   1.710 0.000   5.015 0.000 0.061 0.000 0.092 0.559
309.333333 310.333333    3.20 0.000  0.65 0.000000 9.999 0.259000 99.99 0.259000 0.071 0.559000  1.504 0.000  2.105 0.000  12.939 0.000   7.157 0.000   5.782 0.000 0.060 0.000 0.124 0.559
312.333333 313.333333 9999.99 0.999 99.99 0.999000 9.999 0.999000 99.99 0.999000 9.999 0.999000 99.999 0.999 99.999 0.999 999.999 0.999 999.999 0.999 999.999 0.999 9.999 0.999 9.999 0.999
315.333333 316.333333 9999.99 0.999 99.99 0.999000 9.999 0.999000 99.99 0.999000 9.999 0.999000 99.999 0.999 99.999 0.999 999.999 0.999 999.999 0.999 999.999 0.999 9.999 0.999 9.999 0.999
318.333333 319.333333    4.03 0.000  0.17 0.000000 9.999 0.259000 99.99 0.259000 0.009 0.000000  0.531 0.000  0.744 0.000   3.070 0.000   1.963 0.000   1.107 0.000 0.025 0.000 0.042 0.000
321.333333 322.333333    4.57 0.000  1.03 0.000000 9.999 0.259000 99.99 0.259000 0.008 0.000000  0.820 0.000  1.147 0.000   4.240 0.000   1.815 0.000   2.425 0.000 0.021 0.000 0.168 0.000
324.333333 325.333333    1.87 0.000  0.18 0.000000 9.999 0.259000 99.99 0.259000 0.017 0.000000  0.546 0.000  0.764 0.000   9.737 0.000   5.382 0.000   4.355 0.000 0.039 0.000 0.119 0.000
327.333333 328.333333    0.92 0.000  0.08 0.000000 9.999 0.259000 99.99 0.259000 0.005 0.559000  0.073 0.000  0.102 0.000   4.861 0.000   3.436 0.000   1.425 0.000 0.009 0.000 0.042 0.559
330.333333 331.333333    1.32 0.000  0.15 0.000000 9.999 0.259000 99.99 0.259000 0.008 0.559000  0.635 0.000  0.890 0.000 999.999 0.456 999.999 0.999   1.367 0.000 0.029 0.000 0.025 0.559
333.333333 334.333333    2.09 0.000 99.99 0.259000 9.999 0.259000 99.99 0.259000 0.011 0.000000  0.214 0.000  0.300 0.000   2.609 0.000   1.446 0.000   1.162 0.000 0.014 0.000 0.068 0.000
336.333333 337.333333 9999.99 0.999 99.99 0.999000 9.999 0.999000 99.99 0.999000 9.999 0.999000 99.999 0.999 99.999 0.999 999.999 0.999 999.999 0.999 999.999 0.999 9.999 0.999 9.999 0.999
339.333333 340.333333    1.59 0.559  0.08 0.559000 9.999 0.559259 99.99 0.559259 0.018 0.559000  0.176 0.000  0.246 0.000   8.809 0.000   5.507 0.000   3.301 0.559 0.025 0.559 0.086 0.559
342.333333 343.333333    1.69 0.000  0.39 0.000000 9.999 0.259000  0.05 0.000000 0.024 0.559000  0.195 0.000  0.272 0.000   3.197 0.000   1.767 0.000   1.430 0.000 0.013 0.000 0.054 0.559
345.333333 346.333333    0.47 0.000 99.99 0.259000 9.999 0.259000 99.99 0.259000 0.008 0.000000  0.226 0.000  0.316 0.000   1.133 0.000   0.808 0.000   0.325 0.000 0.008 0.000 0.007 0.000
348.333333 349.333333    1.66 0.000  0.20 0.000000 9.999 0.259000  0.08 0.000000 0.008 0.000000  0.328 0.000  0.459 0.000   1.359 0.000   0.893 0.000   0.467 0.000 0.008 0.000 0.012 0.000
351.333333 352.333333    1.40 0.000 99.99 0.259000 9.999 0.259000  0.05 0.000000 0.012 0.000000  0.178 0.000  0.249 0.000   2.585 0.000   1.716 0.000   0.870 0.000 0.010 0.000 0.037 0.000
354.333333 355.333333    0.87 0.000  0.40 0.000000 9.999 0.259000 99.99 0.259000 0.009 0.000000  0.446 0.000  0.624 0.000   2.229 0.000   1.520 0.000   0.709 0.000 0.007 0.000 0.013 0.000
357.333333 358.333333    1.82 0.000 99.99 0.259000 9.999 0.259000 99.99 0.259000 0.010 0.559000  0.349 0.000  0.488 0.000   1.718 0.000   1.029 0.000   0.689 0.000 0.007 0.000 0.019 0.559
360.333333 361.333333    1.20 0.000 99.99 0.259000 9.999 0.259000 99.99 0.259000 0.015 0.000000  0.303 0.000  0.424 0.000   7.054 0.000   4.252 0.000   2.802 0.000 0.020 0.000 0.065 0.000
363.333333 364.333333    0.28 0.000 99.99 0.259000 9.999 0.259000 99.99 0.259000 9.999 0.559259  0.194 0.000  0.272 0.000   2.266 0.000   1.734 0.000   0.532 0.000 0.007 0.000 0.008 0.559
