scripts/IMPROVE-2019_partial/data/US0060R.20150103050000.20191216000000.filterpack...1y.3d.US03L_filterpack_US0060.US03L_IMPROVE_Davis.lev2.nas
52 1001
MISSING INFORMATION
US03L, IMPROVE, , , , , , , 
MISSING INFORMATION
IMPROVE sel_HTAP
1 1
2015 01 01 2019 12 16
3.000000
days from file reference point
5
1 1 1 1 1
999.999999 999.999 9.999 999.999 9.999
end_time of measurement, days from the file reference point
pm10_mass, ug/m3, Matrix=pm10
numflag pm10_mass, no unit, Matrix=pm10
pm25_mass, ug/m3, Matrix=pm25
numflag pm25_mass, no unit, Matrix=pm25
0
33
Data definition:              EBAS_1.1
Set type code:                TU
Timezone:                     UTC
File name:                    US0060R.20150103050000.20191216000000.filterpack...1y.3d.US03L_filterpack_US0060.US03L_IMPROVE_Davis.lev2.nas
File creation:                20191218115914
Startdate:                    20150103050000
Revision date:                20191216000000
Version:                      2
Version description:          "Data extracted from http://views.cira.colostate.edu/fed/DataWizard 2019-12-16"
Statistics:                   arithmetic mean
Data level:                   2
Period code:                  1y
Resolution code:              3d
Sample duration:              1d
Orig. time res.:              3d
Station code:                 US0060R
Platform code:                US0060S
Station name:                 Great Gulf Wilderness
Station latitude:             44.3082
Station longitude:            -71.2177
Station altitude:             453.0 m
Regime:                       IMG
Component:                    
Unit:                         ug/m3
Matrix:                       
Laboratory code:              US03L
Instrument type:              filterpack
Instrument name:              filterpack_US0060
Method ref:                   US03L_IMPROVE_Davis
Blank correction:             Blank corrected
Volume std. temperature:      ambient
Volume std. pressure:         ambient
starttime endtime PM10 flag_PM10 PM2.5 flag_PM2.5
  2.208333   3.208333   4.787 0.000   1.911 0.000
  5.208333   6.208333   2.332 0.000   1.481 0.000
  8.208333   9.208333   4.966 0.000   3.695 0.000
 11.208333  12.208333   5.937 0.000   4.967 0.000
 14.208333  15.208333   3.984 0.000   2.961 0.000
 17.208333  18.208333   3.621 0.000   2.710 0.000
 20.208333  21.208333 999.999 0.999 999.999 0.999
 23.208333  24.208333   4.981 0.000   3.569 0.000
 26.208333  27.208333 999.999 0.999 999.999 0.999
 29.208333  30.208333 999.999 0.999 999.999 0.999
 32.208333  33.208333 999.999 0.999 999.999 0.999
 35.208333  36.208333   4.208 0.000   3.719 0.000
 38.208333  39.208333 999.999 0.999 999.999 0.999
 41.208333  42.208333 999.999 0.999 999.999 0.999
 44.208333  45.208333   6.559 0.000   5.501 0.000
 47.208333  48.208333   5.310 0.000   2.859 0.000
 50.208333  51.208333   6.101 0.000   4.391 0.000
 53.208333  54.208333   6.195 0.000   4.771 0.000
 56.208333  57.208333   6.406 0.000   3.962 0.000
 59.208333  60.208333   4.245 0.000   3.061 0.000
 62.208333  63.208333   4.492 0.000   3.628 0.000
 65.208333  66.208333   8.611 0.000   6.543 0.000
 68.208333  69.208333   5.714 0.000   4.035 0.000
 71.208333  72.208333   2.345 0.000   1.341 0.000
 74.208333  75.208333   2.323 0.000   1.671 0.000
 77.208333  78.208333 999.999 0.456   1.610 0.000
 80.208333  81.208333 999.999 0.456   3.377 0.000
 83.208333  84.208333   5.056 0.000   3.531 0.000
 86.208333  87.208333   3.764 0.000   2.512 0.000
 89.208333  90.208333   3.540 0.000   1.998 0.000
 92.208333  93.208333   3.920 0.000   2.780 0.000
 95.208333  96.208333   4.026 0.000   3.023 0.000
 98.208333  99.208333   1.906 0.000   1.551 0.000
101.208333 102.208333   4.223 0.000   2.432 0.000
104.208333 105.208333   2.350 0.000   1.361 0.000
107.208333 108.208333   3.895 0.000   3.082 0.000
110.208333 111.208333   1.138 0.000   0.693 0.000
113.208333 114.208333   1.641 0.000   1.228 0.000
116.208333 117.208333   0.878 0.000   0.687 0.000
119.208333 120.208333   1.203 0.000   0.650 0.000
122.208333 123.208333   6.782 0.000   4.073 0.000
125.208333 126.208333   5.715 0.000   2.633 0.000
128.208333 129.208333  11.289 0.000   5.219 0.000
131.208333 132.208333   4.879 0.000   2.946 0.000
134.208333 135.208333   6.311 0.000   3.721 0.000
137.208333 138.208333   6.028 0.000   3.571 0.000
140.208333 141.208333   6.445 0.000   3.394 0.000
143.208333 144.208333  16.000 0.000   5.778 0.000
146.208333 147.208333 999.999 0.999 999.999 0.999
149.208333 150.208333   9.744 0.000   6.791 0.000
152.208333 153.208333   4.041 0.659   0.989 0.000
155.208333 156.208333   7.822 0.000   4.196 0.000
158.208333 159.208333   8.832 0.000   6.125 0.000
161.208333 162.208333  13.244 0.000   9.867 0.000
164.208333 165.208333   6.751 0.000   3.386 0.000
167.208333 168.208333   5.134 0.000   2.098 0.000
170.208333 171.208333   5.152 0.000   3.176 0.000
173.208333 174.208333   9.108 0.000   4.866 0.000
176.208333 177.208333   7.159 0.000   3.389 0.000
179.208333 180.208333   3.076 0.000   1.038 0.000
182.208333 183.208333   3.742 0.000   1.678 0.000
185.208333 186.208333  11.292 0.000   6.975 0.000
188.208333 189.208333  15.662 0.000  10.407 0.000
191.208333 192.208333  13.158 0.000   7.776 0.000
194.208333 195.208333  12.410 0.000   9.279 0.000
197.208333 198.208333 999.999 0.456   4.518 0.000
200.208333 201.208333 999.999 0.456   5.438 0.000
203.208333 204.208333   4.757 0.000   2.203 0.000
206.208333 207.208333   4.342 0.000   2.955 0.000
209.208333 210.208333  14.946 0.000   8.783 0.000
212.208333 213.208333   7.004 0.000   3.288 0.000
215.208333 216.208333   7.938 0.000   4.079 0.000
218.208333 219.208333   5.902 0.000   2.362 0.000
221.208333 222.208333   8.413 0.000   4.888 0.000
224.208333 225.208333   5.340 0.000   1.818 0.000
227.208333 228.208333  13.046 0.000   6.842 0.000
230.208333 231.208333  17.054 0.000  11.736 0.000
233.208333 234.208333   9.798 0.000   4.056 0.000
236.208333 237.208333   6.473 0.000   3.847 0.000
239.208333 240.208333   5.472 0.000   2.420 0.000
242.208333 243.208333  15.946 0.000  12.003 0.000
245.208333 246.208333  17.555 0.000  12.758 0.000
248.208333 249.208333  12.385 0.000   7.245 0.000
251.208333 252.208333  14.720 0.000   9.634 0.000
254.208333 255.208333  10.240 0.000   5.517 0.000
257.208333 258.208333   8.258 0.000   4.167 0.000
260.208333 261.208333  13.368 0.000   7.913 0.000
263.208333 264.208333   3.336 0.000   1.560 0.000
266.208333 267.208333   6.828 0.000   3.573 0.000
269.208333 270.208333   3.127 0.000   1.693 0.000
272.208333 273.208333   1.547 0.000   0.429 0.000
275.208333 276.208333   1.613 0.000   0.856 0.000
278.208333 279.208333   4.435 0.000   2.632 0.000
281.208333 282.208333   1.907 0.000   0.718 0.000
284.208333 285.208333   7.981 0.000   4.543 0.000
287.208333 288.208333   1.647 0.000   0.781 0.000
290.208333 291.208333   1.204 0.000   0.748 0.000
293.208333 294.208333   9.298 0.000   4.752 0.000
296.208333 297.208333   2.268 0.000   1.488 0.000
299.208333 300.208333   1.854 0.000   1.333 0.000
302.208333 303.208333   1.745 0.000   0.970 0.000
305.208333 306.208333   2.832 0.000   1.955 0.000
308.208333 309.208333   6.543 0.000   4.008 0.000
311.208333 312.208333   1.361 0.000   1.162 0.000
314.208333 315.208333   4.558 0.000   3.608 0.000
317.208333 318.208333   0.765 0.000   0.601 0.000
320.208333 321.208333   1.059 0.000   0.866 0.000
323.208333 324.208333   2.525 0.000   1.288 0.000
326.208333 327.208333   1.927 0.000   1.016 0.000
329.208333 330.208333 999.999 0.456   3.790 0.000
332.208333 333.208333 999.999 0.456   2.105 0.000
335.208333 336.208333   0.636 0.000   0.346 0.000
338.208333 339.208333   2.984 0.000   2.264 0.000
341.208333 342.208333   4.784 0.000   3.929 0.000
344.208333 345.208333   4.617 0.000   4.113 0.000
347.208333 348.208333   2.070 0.000   1.482 0.000
350.208333 351.208333   0.723 0.000   0.347 0.000
353.208333 354.208333   2.290 0.000   1.172 0.000
356.208333 357.208333   2.195 0.000   1.712 0.000
359.208333 360.208333   1.793 0.000   1.221 0.000
362.208333 363.208333   1.909 0.000   0.718 0.000
