scripts/IMPROVE-2019_partial/data/US0026R.20000329080000.20191216000000.filterpack..pm25.9mo.1w.US03L_filterpack_US0026.US03L_IMPROVE_Davis.lev2.nas
64 1001
MISSING INFORMATION
US03L, IMPROVE, , , , , , , 
MISSING INFORMATION
IMPROVE sel_HTAP
1 1
2000 01 01 2019 12 16
0
days from file reference point
25
1 1 1 1 1 1 1 1 1 1 1 1 1 1 1 1 1 1 1 1 1 1 1 1 1
999.999999 9999.99 9.999 99.99 9.999999 9.999 9.999999 99.99 9.999999 9.999 9.999 99.999 9.999 99.999 9.999 999.999 9.999 99.999 9.999 99.999 9.999 9.999 9.999 9.999 9.999
end_time of measurement, days from the file reference point
iron, ng/m3, Revision date=20181210133000
numflag iron, no unit, Revision date=20181210133000
lead, ng/m3, Revision date=20181210133000
numflag lead, no unit, Revision date=20181210133000
magnesium, ug/m3, Revision date=20181210133000
numflag magnesium, no unit, Revision date=20181210133000
nickel, ng/m3, Revision date=20181210133000
numflag nickel, no unit, Revision date=20181210133000
nitrate, ug N/m3, Revision date=20181210133000
numflag nitrate, no unit, Revision date=20181210133000
organic_carbon, ug C/m3, Revision date=20181210133000
numflag organic_carbon, no unit, Revision date=20181210133000
organic_mass, ug/m3, Revision date=20181210133000
numflag organic_mass, no unit, Revision date=20181210133000
pm10_mass, ug/m3, Version=2, Version description=Data extracted from http://views.cira.colostate.edu/fed/DataWizard 2019-12-16, Sample duration=1d, Orig. time res.=3d, Matrix=pm10, Blank correction=Blank corrected, Volume std. temperature=ambient, Volume std. pressure=ambient
numflag pm10_mass, no unit, Version=2, Version description=Data extracted from http://views.cira.colostate.edu/fed/DataWizard 2019-12-16, Sample duration=1d, Orig. time res.=3d, Matrix=pm10, Blank correction=Blank corrected, Volume std. temperature=ambient, Volume std. pressure=ambient
pm10_pm25_mass, ug/m3, Revision date=20181210133000, Matrix=pm10_pm25
numflag pm10_pm25_mass, no unit, Revision date=20181210133000, Matrix=pm10_pm25
pm25_mass, ug/m3, Version=2, Version description=Data extracted from http://views.cira.colostate.edu/fed/DataWizard 2019-12-16, Sample duration=1d, Orig. time res.=3d, Blank correction=Blank corrected, Volume std. temperature=ambient, Volume std. pressure=ambient
numflag pm25_mass, no unit, Version=2, Version description=Data extracted from http://views.cira.colostate.edu/fed/DataWizard 2019-12-16, Sample duration=1d, Orig. time res.=3d, Blank correction=Blank corrected, Volume std. temperature=ambient, Volume std. pressure=ambient
potassium, ug/m3, Revision date=20181210133000
numflag potassium, no unit, Revision date=20181210133000
sulphate_total, ug S/m3, Revision date=20181210133000
numflag sulphate_total, no unit, Revision date=20181210133000
0
25
Data definition:              EBAS_1.1
Set type code:                TI
Timezone:                     UTC
File name:                    US0026R.20000329080000.20191216000000.filterpack..pm25.9mo.1w.US03L_filterpack_US0026.US03L_IMPROVE_Davis.lev2.nas
File creation:                20191218115710
Startdate:                    20000329080000
Revision date:                20191216000000
Statistics:                   arithmetic mean
Data level:                   2
Period code:                  9mo
Resolution code:              1w
Station code:                 US0026R
Platform code:                US0026S
Station name:                 Lava Beds NM
Station latitude:             41.7117
Station longitude:            -121.5068
Station altitude:             1459.0 m
Regime:                       IMG
Component:                    
Matrix:                       pm25
Laboratory code:              US03L
Instrument type:              filterpack
Instrument name:              filterpack_US0026
Method ref:                   US03L_IMPROVE_Davis
starttime endtime Fe flag_Fe Pb flag_Pb Mg++ flag_Mg++ Ni flag_Ni NO3- flag_NO3- OC flag_OC OM flag_OM PM10 flag_PM10 PM10-PM2.5 flag_PM10-PM2.5 PM2.5 flag_PM2.5 K+ flag_K+ SO4-- flag_SO4--
 88.333333  89.333333   45.05 0.000  0.56 0.000000 0.025 0.000000 99.99 0.259000 0.034 0.000  0.853 0.000  1.194 0.000   4.167 0.000  1.798 0.000  2.369 0.000 0.031 0.000 0.121 0.000
 91.333333  92.333333 9999.99 0.999 99.99 0.999000 9.999 0.999000 99.99 0.999000 9.999 0.999 99.999 0.999 99.999 0.999 999.999 0.999 99.999 0.999 99.999 0.999 9.999 0.999 9.999 0.999
 95.333333  96.333333  103.19 0.559  1.94 0.559000 9.999 0.559259 99.99 0.559259 0.059 0.000  1.820 0.000  2.547 0.000   9.381 0.000  3.325 0.000  6.056 0.559 0.077 0.559 0.272 0.000
 98.333333  99.333333   56.59 0.000  1.12 0.000000 9.999 0.259000 99.99 0.259000 0.060 0.000  1.227 0.000  1.718 0.000   6.902 0.000  2.899 0.000  4.003 0.000 0.044 0.000 0.230 0.000
102.333333 103.333333   46.85 0.559  0.96 0.559000 9.999 0.559259 99.99 0.559259 0.047 0.000  1.752 0.000  2.452 0.000   7.360 0.000  2.630 0.000  4.730 0.559 0.039 0.559 0.287 0.000
105.333333 106.333333   14.60 0.559  0.43 0.559000 9.999 0.559259  1.21 0.559000 0.033 0.000  0.419 0.000  0.586 0.000   1.996 0.000  0.399 0.000  1.598 0.559 0.012 0.559 0.147 0.000
109.333333 110.333333    5.29 0.000  0.26 0.000000 9.999 0.259000 99.99 0.259000 0.013 0.000  0.644 0.000  0.901 0.000   1.389 0.000  0.415 0.000  0.974 0.000 0.004 0.000 0.048 0.000
112.333333 113.333333   41.11 0.000  0.66 0.000000 9.999 0.259000 99.99 0.259000 0.032 0.000  0.617 0.000  0.863 0.000   4.779 0.000  1.927 0.000  2.852 0.000 0.033 0.000 0.179 0.000
116.333333 117.333333   52.74 0.559  1.19 0.559000 9.999 0.559259 99.99 0.559259 0.046 0.000  1.340 0.000  1.877 0.000   6.579 0.000  1.471 0.000  5.108 0.559 0.047 0.559 0.182 0.000
119.333333 120.333333   28.81 0.559  0.50 0.559000 9.999 0.559259 99.99 0.559259 0.017 0.000  0.973 0.000  1.363 0.000   3.899 0.000  1.428 0.000  2.471 0.559 0.029 0.559 0.119 0.000
123.333333 124.333333   58.18 0.559  0.66 0.559000 0.021 0.559000 99.99 0.559259 0.059 0.000  1.048 0.000  1.467 0.000   6.861 0.000  2.982 0.000  3.880 0.559 0.045 0.559 0.206 0.000
126.333333 127.333333   29.55 0.000  0.76 0.000000 9.999 0.259000 99.99 0.259000 0.026 0.000  1.017 0.000  1.424 0.000   3.992 0.000  0.938 0.000  3.054 0.000 0.029 0.000 0.130 0.000
130.333333 131.333333 9999.99 0.999 99.99 0.999000 9.999 0.999000 99.99 0.999000 9.999 0.999 99.999 0.999 99.999 0.999 999.999 0.999 99.999 0.999 99.999 0.999 9.999 0.999 9.999 0.999
133.333333 134.333333   22.89 0.000  0.80 0.000000 9.999 0.259000 99.99 0.259000 0.039 0.000  0.749 0.000  1.049 0.000   4.134 0.000  1.903 0.000  2.231 0.000 0.022 0.000 0.106 0.000
137.333333 138.333333   21.90 0.000  0.51 0.000000 9.999 0.259000  0.10 0.000000 0.040 0.000  0.751 0.000  1.052 0.000   5.392 0.000  2.000 0.000  3.392 0.000 0.023 0.000 0.314 0.000
140.333333 141.333333   57.49 0.000  1.08 0.000000 9.999 0.259000 99.99 0.259000 0.029 0.000  2.270 0.000  3.178 0.000   8.415 0.000  2.702 0.000  5.713 0.000 0.053 0.000 0.212 0.000
144.333333 145.333333   22.26 0.000  0.32 0.000000 9.999 0.259000 99.99 0.259000 0.014 0.559  1.432 0.000  2.004 0.000   5.126 0.000  2.925 0.000  2.201 0.000 0.023 0.000 0.061 0.559
147.333333 148.333333   38.28 0.000  1.02 0.000000 9.999 0.259000 99.99 0.259000 0.030 0.559  1.142 0.000  1.599 0.000   6.583 0.000  4.072 0.000  2.511 0.000 0.027 0.000 0.136 0.559
151.333333 152.333333   24.87 0.000  0.50 0.000000 9.999 0.259000 99.99 0.259000 0.017 0.000  0.806 0.000  1.129 0.000   5.342 0.000  3.309 0.000  2.033 0.000 0.015 0.000 0.105 0.000
154.333333 155.333333   32.08 0.000  0.51 0.000000 9.999 0.259000 99.99 0.259000 0.028 0.000  1.055 0.000  1.477 0.000   6.903 0.000  3.431 0.000  3.472 0.000 0.029 0.000 0.154 0.000
158.333333 159.333333   30.82 0.000  0.41 0.000000 9.999 0.259000 99.99 0.259000 0.039 0.000  0.629 0.000  0.880 0.000   9.122 0.000  6.142 0.000  2.981 0.000 0.024 0.000 0.189 0.000
161.333333 162.333333    7.56 0.000  0.15 0.000000 9.999 0.259000 99.99 0.259000 0.014 0.000  0.213 0.000  0.298 0.000   4.109 0.000  2.682 0.000  1.427 0.000 0.008 0.000 0.060 0.000
165.333333 166.333333   45.78 0.000  1.64 0.000000 9.999 0.259000 99.99 0.259000 0.013 0.000  0.898 0.000  1.258 0.000   7.561 0.000  3.846 0.000  3.715 0.000 0.048 0.000 0.204 0.000
168.333333 169.333333   43.10 0.000 99.99 0.259000 9.999 0.259000 99.99 0.259000 0.008 0.559  0.616 0.000  0.862 0.000   6.369 0.000  3.679 0.000  2.690 0.000 0.022 0.000 0.080 0.559
172.333333 173.333333   41.36 0.000  0.23 0.000000 9.999 0.259000 99.99 0.259000 0.038 0.559  1.456 0.000  2.039 0.000   9.040 0.000  4.886 0.000  4.154 0.000 0.030 0.000 0.129 0.559
175.333333 176.333333   40.84 0.000 99.99 0.259000 9.999 0.259000 99.99 0.259000 0.041 0.000  1.437 0.000  2.012 0.000   8.259 0.000  4.042 0.000  4.217 0.000 0.026 0.000 0.129 0.000
179.333333 180.333333   56.96 0.000  0.24 0.000000 9.999 0.259000 99.99 0.259000 0.015 0.559  1.793 0.000  2.511 0.000  10.766 0.000  5.502 0.000  5.264 0.000 0.037 0.000 0.122 0.559
182.333333 183.333333   38.12 0.559  0.24 0.559000 9.999 0.559259 99.99 0.559259 0.041 0.559  1.748 0.000  2.447 0.000   9.122 0.000  4.199 0.000  4.923 0.559 0.047 0.559 0.172 0.559
186.333333 187.333333   11.27 0.000 99.99 0.259000 9.999 0.259000  0.07 0.000000 0.014 0.559  0.521 0.000  0.729 0.000   1.797 0.000  0.321 0.000  1.477 0.000 0.016 0.000 0.053 0.559
189.333333 190.333333   13.24 0.000 99.99 0.259000 9.999 0.259000 99.99 0.259000 0.014 0.559  0.799 0.000  1.119 0.000   4.453 0.000  2.127 0.000  2.325 0.000 0.018 0.000 0.106 0.559
193.333333 194.333333   27.86 0.559 99.99 0.559259 9.999 0.559259 99.99 0.559259 0.025 0.559  1.218 0.000  1.705 0.000   7.026 0.000  3.407 0.000  3.619 0.559 0.024 0.559 0.205 0.559
196.333333 197.333333   24.02 0.559 99.99 0.559259 9.999 0.559259 99.99 0.559259 0.013 0.559  0.764 0.000  1.069 0.000   5.065 0.000  2.653 0.000  2.413 0.559 0.016 0.559 0.132 0.559
200.333333 201.333333   43.39 0.000  0.16 0.000000 9.999 0.259000  0.11 0.000000 0.033 0.559  1.462 0.000  2.046 0.000  10.008 0.000  5.326 0.000  4.682 0.000 0.030 0.000 0.210 0.559
203.333333 204.333333   38.06 0.000  0.21 0.000000 9.999 0.259000 99.99 0.259000 0.022 0.559  2.362 0.000  3.307 0.000  10.090 0.000  4.308 0.000  5.782 0.000 0.036 0.000 0.186 0.559
207.333333 208.333333   29.47 0.000 99.99 0.259000 9.999 0.259000 99.99 0.259000 0.013 0.559  0.870 0.000  1.217 0.000   6.295 0.000  3.428 0.000  2.867 0.000 0.027 0.000 0.092 0.559
210.333333 211.333333   44.76 0.000 99.99 0.259000 9.999 0.259000 99.99 0.259000 0.015 0.559  1.423 0.000  1.992 0.000  11.534 0.000  7.857 0.000  3.676 0.000 0.030 0.000 0.080 0.559
214.333333 215.333333   39.13 0.000  0.24 0.000000 9.999 0.259000 99.99 0.259000 0.013 0.559  1.592 0.000  2.229 0.000   8.569 0.000  4.491 0.000  4.077 0.000 0.040 0.000 0.138 0.559
217.333333 218.333333   43.93 0.000  0.39 0.000000 9.999 0.259000 99.99 0.259000 0.028 0.559  1.218 0.000  1.706 0.000   8.853 0.000  4.537 0.000  4.316 0.000 0.054 0.000 0.256 0.559
221.333333 222.333333   32.34 0.000 99.99 0.259000 9.999 0.259000 99.99 0.259000 0.017 0.559  0.927 0.000  1.298 0.000   6.862 0.000  3.564 0.000  3.298 0.000 0.039 0.000 0.184 0.559
224.333333 225.333333   25.86 0.559 99.99 0.559259 9.999 0.559259 99.99 0.559259 0.026 0.559  1.150 0.000  1.610 0.000   6.492 0.000  3.362 0.000  3.130 0.559 0.033 0.559 0.117 0.559
228.333333 229.333333   58.73 0.000 99.99 0.259000 9.999 0.259000 99.99 0.259000 0.040 0.000  1.301 0.000  1.821 0.000   8.470 0.000  4.223 0.000  4.247 0.000 0.047 0.000 0.146 0.000
231.333333 232.333333   14.97 0.000 99.99 0.259000 9.999 0.259000 99.99 0.259000 0.020 0.000  0.508 0.000  0.712 0.000   4.456 0.000  2.627 0.000  1.829 0.000 0.017 0.000 0.104 0.000
235.333333 236.333333   42.88 0.559  0.47 0.559000 9.999 0.559259 99.99 0.559259 0.071 0.559  3.003 0.000  4.204 0.000  11.668 0.000  4.472 0.000  7.196 0.559 0.051 0.559 0.175 0.559
238.333333 239.333333   51.78 0.559 99.99 0.559259 9.999 0.559259 99.99 0.559259 0.023 0.000  1.365 0.000  1.910 0.000   9.367 0.000  4.954 0.000  4.413 0.559 0.038 0.559 0.173 0.000
243.333333 244.333333 9999.99 0.999 99.99 0.999000 9.999 0.999000 99.99 0.999000 9.999 0.999 99.999 0.999 99.999 0.999 999.999 0.999 99.999 0.999 99.999 0.999 9.999 0.999 9.999 0.999
246.333333 247.333333   10.42 0.559  0.21 0.559000 9.999 0.559259 99.99 0.559259 0.037 0.000  0.585 0.000  0.819 0.000   2.456 0.000  0.653 0.000  1.803 0.559 0.010 0.559 0.160 0.000
249.333333 250.333333    7.22 0.559  0.36 0.559000 9.999 0.559259 99.99 0.559259 0.023 0.000  0.758 0.000  1.061 0.000   4.882 0.000  0.795 0.000  4.087 0.559 0.012 0.559 0.612 0.000
252.333333 253.333333   10.70 0.559  0.26 0.559000 9.999 0.559259 99.99 0.559259 0.036 0.000  0.595 0.000  0.833 0.000   3.325 0.000  1.398 0.000  1.927 0.559 0.013 0.559 0.161 0.000
255.333333 256.333333   32.98 0.559  0.56 0.559000 9.999 0.559259 99.99 0.559259 0.027 0.000  1.330 0.000  1.862 0.000   5.355 0.000  1.899 0.000  3.456 0.559 0.030 0.559 0.167 0.000
258.333333 259.333333   17.56 0.559 99.99 0.559259 9.999 0.559259 99.99 0.559259 0.041 0.000  0.882 0.000  1.235 0.000   5.020 0.000  2.275 0.000  2.745 0.559 0.039 0.559 0.239 0.000
261.333333 262.333333   27.15 0.559  0.24 0.559000 9.999 0.559259 99.99 0.559259 0.021 0.000  1.202 0.000  1.683 0.000   6.819 0.000  3.166 0.000  3.653 0.559 0.035 0.559 0.264 0.000
264.333333 265.333333   24.66 0.559  0.85 0.559000 9.999 0.559259 99.99 0.559259 0.019 0.000  0.717 0.000  1.004 0.000   4.672 0.000  1.993 0.000  2.679 0.559 0.024 0.559 0.234 0.000
267.333333 268.333333   20.01 0.000  0.35 0.000000 0.012 0.000000 99.99 0.259000 0.012 0.000  0.604 0.000  0.846 0.000   3.535 0.000  1.943 0.000  1.593 0.000 0.013 0.000 0.117 0.000
270.333333 271.333333   32.72 0.559  0.39 0.559000 9.999 0.559259 99.99 0.559259 0.023 0.000  0.769 0.000  1.077 0.000   5.934 0.000  2.760 0.000  3.175 0.559 0.029 0.559 0.280 0.000
273.333333 274.333333   28.60 0.559  0.34 0.559000 9.999 0.559259 99.99 0.559259 0.015 0.000  0.662 0.000  0.927 0.000   3.807 0.000  1.525 0.000  2.282 0.559 0.025 0.559 0.223 0.000
276.333333 277.333333   61.85 0.559  0.74 0.559000 9.999 0.559259 99.99 0.559259 0.024 0.000  0.702 0.000  0.982 0.000   6.947 0.000  3.616 0.000  3.331 0.559 0.081 0.559 0.255 0.000
279.333333 280.333333  101.51 0.559  0.44 0.559000 9.999 0.559259 99.99 0.559259 0.037 0.000  1.062 0.000  1.486 0.000  11.742 0.000  6.664 0.000  5.079 0.559 0.052 0.559 0.323 0.000
282.333333 283.333333   60.31 0.559  0.87 0.559000 9.999 0.559259 99.99 0.559259 0.077 0.000  1.280 0.000  1.793 0.000   8.257 0.000  3.049 0.000  5.208 0.559 0.053 0.559 0.397 0.000
285.333333 286.333333    3.98 0.000 99.99 0.259000 9.999 0.259000 99.99 0.259000 0.029 0.000  1.243 0.000  1.740 0.000   2.812 0.000  0.401 0.000  2.411 0.000 9.999 0.259 0.053 0.000
288.333333 289.333333   15.37 0.559  0.32 0.559000 9.999 0.559259 99.99 0.559259 0.035 0.000  1.438 0.000  2.013 0.000   5.420 0.000  1.200 0.000  4.220 0.559 0.037 0.559 0.176 0.000
291.333333 292.333333   35.44 0.559  0.63 0.559000 9.999 0.559259 99.99 0.559259 0.041 0.000  1.393 0.000  1.951 0.000   7.534 0.000  2.731 0.000  4.802 0.559 0.039 0.559 0.258 0.000
294.333333 295.333333    2.35 0.000  0.14 0.000000 9.999 0.259000 99.99 0.259000 0.014 0.000  0.229 0.000  0.320 0.000   0.852 0.000  0.271 0.000  0.581 0.000 0.010 0.000 0.053 0.000
297.333333 298.333333   41.15 0.559  0.29 0.559000 9.999 0.559259 99.99 0.559259 0.049 0.000  1.152 0.000  1.613 0.000   7.069 0.000  3.607 0.000  3.463 0.559 0.047 0.559 0.135 0.000
300.333333 301.333333    5.76 0.559 99.99 0.559259 0.022 0.559000 99.99 0.559259 0.042 0.000  1.774 0.000  2.483 0.000   4.047 0.000  0.488 0.000  3.559 0.559 0.023 0.559 0.062 0.000
303.333333 304.333333    1.89 0.000 99.99 0.259000 0.008 0.000000 99.99 0.259000 0.017 0.000  0.445 0.000  0.622 0.000   1.150 0.000  0.246 0.000  0.904 0.000 0.014 0.000 0.041 0.000
306.333333 307.333333   10.41 0.559  0.18 0.559000 9.999 0.559259 99.99 0.559259 0.044 0.000  1.821 0.000  2.550 0.000   4.431 0.000  0.558 0.000  3.873 0.559 0.036 0.559 0.077 0.000
309.333333 310.333333    6.05 0.000  0.07 0.000000 9.999 0.259000  0.06 0.000000 9.999 0.456  0.277 0.000  0.388 0.000   2.002 0.000  0.749 0.000  1.254 0.000 0.011 0.000 9.999 0.456
312.333333 313.333333    4.25 0.000  0.15 0.000000 9.999 0.259000 99.99 0.259000 0.031 0.000  0.425 0.000  0.596 0.000   1.704 0.000  0.477 0.000  1.227 0.000 0.021 0.000 0.079 0.000
315.333333 316.333333    3.40 0.559 99.99 0.559259 9.999 0.559259 99.99 0.559259 0.088 0.000  1.620 0.000  2.268 0.000   4.158 0.000 99.999 0.259  4.214 0.559 0.032 0.559 0.211 0.000
318.333333 319.333333    1.42 0.559  0.23 0.559000 9.999 0.559259 99.99 0.559259 0.024 0.000  0.620 0.000  0.868 0.000   1.738 0.000 99.999 0.259  1.743 0.559 0.023 0.559 0.095 0.000
321.333333 322.333333    6.33 0.559  0.52 0.559000 9.999 0.559259 99.99 0.559259 0.193 0.000  2.915 0.000  4.081 0.000   6.344 0.000 99.999 0.259  6.371 0.559 0.046 0.559 0.144 0.000
324.333333 325.333333   14.93 0.559  1.00 0.559000 9.999 0.559259 99.99 0.559259 0.136 0.000  2.151 0.000  3.011 0.000   5.411 0.000  0.290 0.000  5.121 0.559 0.041 0.559 0.148 0.000
327.333333 328.333333    9.03 0.559  0.67 0.559000 9.999 0.559259 99.99 0.559259 0.060 0.000  2.573 0.000  3.602 0.000   6.614 0.000  1.146 0.000  5.468 0.559 0.036 0.559 0.155 0.000
330.333333 331.333333    4.95 0.559 99.99 0.559259 0.024 0.559000 99.99 0.559259 0.011 0.000  0.295 0.000  0.413 0.000   0.868 0.000 99.999 0.259  0.921 0.559 0.014 0.559 0.083 0.000
333.333333 334.333333    2.03 0.559  0.18 0.559000 9.999 0.559259 99.99 0.559259 0.010 0.000  0.165 0.000  0.231 0.000   1.736 0.000  1.300 0.000  0.436 0.559 0.007 0.559 0.046 0.000
336.333333 337.333333    6.17 0.559  0.36 0.559000 9.999 0.559259 99.99 0.559259 0.046 0.000  0.789 0.000  1.104 0.000   3.749 0.000  1.703 0.000  2.046 0.559 0.016 0.559 0.118 0.000
339.333333 340.333333   13.89 0.559  0.96 0.559000 9.999 0.559259 99.99 0.559259 0.154 0.000  2.086 0.000  2.920 0.000   6.736 0.000  1.965 0.000  4.771 0.559 0.046 0.559 0.176 0.000
342.333333 343.333333   17.88 0.559  1.18 0.559000 9.999 0.559259 99.99 0.559259 0.111 0.000  1.446 0.000  2.024 0.000   7.370 0.000  3.602 0.000  3.769 0.559 0.049 0.559 0.185 0.000
345.333333 346.333333    2.75 0.000  0.34 0.000000 9.999 0.259000 99.99 0.259000 0.024 0.000  0.553 0.000  0.775 0.000   3.348 0.000  2.083 0.000  1.266 0.000 0.012 0.000 0.116 0.000
348.333333 349.333333    0.49 0.559  0.06 0.559000 0.014 0.559000 99.99 0.559259 0.007 0.000  0.128 0.000  0.179 0.000   0.537 0.000  0.403 0.000  0.135 0.559 0.006 0.559 0.032 0.000
351.333333 352.333333    0.66 0.000 99.99 0.259000 9.999 0.259000  0.06 0.000000 0.014 0.559  0.137 0.000  0.192 0.000   1.653 0.000  0.875 0.000  0.779 0.000 0.007 0.000 0.052 0.559
354.333333 355.333333   15.82 0.000  0.60 0.000000 9.999 0.259000 99.99 0.259000 0.020 0.000  0.573 0.000  0.802 0.000   3.411 0.000  1.803 0.000  1.607 0.000 0.014 0.000 0.137 0.000
357.333333 358.333333    2.23 0.000  0.13 0.000000 0.016 0.000000  0.11 0.000000 0.022 0.000  0.200 0.000  0.280 0.000   1.653 0.000  1.169 0.000  0.484 0.000 0.005 0.000 0.066 0.000
360.333333 361.333333    3.85 0.000  0.16 0.000000 9.999 0.259000 99.99 0.259000 0.022 0.000  0.291 0.000  0.407 0.000   1.465 0.000  0.582 0.000  0.883 0.000 0.010 0.000 0.059 0.000
363.333333 364.333333   10.24 0.559  0.46 0.559000 9.999 0.559259 99.99 0.559259 0.056 0.000  0.723 0.000  1.012 0.000   2.687 0.000  0.640 0.000  2.046 0.559 0.020 0.559 0.068 0.000
