scripts/IMPROVE-2019_partial/data/US0062R.20000101070000.20191216000000.filterpack..pm25.52w.1w.US03L_filterpack_US0062.US03L_IMPROVE_Davis.lev2.nas
64 1001
MISSING INFORMATION
US03L, IMPROVE, , , , , , , 
MISSING INFORMATION
IMPROVE sel_HTAP
1 1
2000 01 01 2019 12 16
0
days from file reference point
25
1 1 1 1 1 1 1 1 1 1 1 1 1 1 1 1 1 1 1 1 1 1 1 1 1
999.999999 9999.99 9.999999 99.99 9.999999 9.999 9.999999 99.99 9.999999999 9.999 9.999999 999.999 9.999 999.999 9.999 999.999 9.999 99.999 9.999 999.999 9.999 9.999 9.999999 9.999 9.999999
end_time of measurement, days from the file reference point
iron, ng/m3, Revision date=20181210133000
numflag iron, no unit, Revision date=20181210133000
lead, ng/m3, Revision date=20181210133000
numflag lead, no unit, Revision date=20181210133000
magnesium, ug/m3, Revision date=20181210133000
numflag magnesium, no unit, Revision date=20181210133000
nickel, ng/m3, Revision date=20181210133000
numflag nickel, no unit, Revision date=20181210133000
nitrate, ug N/m3, Revision date=20181210133000
numflag nitrate, no unit, Revision date=20181210133000
organic_carbon, ug C/m3, Revision date=20181210133000
numflag organic_carbon, no unit, Revision date=20181210133000
organic_mass, ug/m3, Revision date=20181210133000
numflag organic_mass, no unit, Revision date=20181210133000
pm10_mass, ug/m3, Version=2, Version description=Data extracted from http://views.cira.colostate.edu/fed/DataWizard 2019-12-16, Sample duration=1d, Orig. time res.=3d, Matrix=pm10, Blank correction=Blank corrected, Volume std. temperature=ambient, Volume std. pressure=ambient
numflag pm10_mass, no unit, Version=2, Version description=Data extracted from http://views.cira.colostate.edu/fed/DataWizard 2019-12-16, Sample duration=1d, Orig. time res.=3d, Matrix=pm10, Blank correction=Blank corrected, Volume std. temperature=ambient, Volume std. pressure=ambient
pm10_pm25_mass, ug/m3, Revision date=20181210133000, Matrix=pm10_pm25
numflag pm10_pm25_mass, no unit, Revision date=20181210133000, Matrix=pm10_pm25
pm25_mass, ug/m3, Version=2, Version description=Data extracted from http://views.cira.colostate.edu/fed/DataWizard 2019-12-16, Sample duration=1d, Orig. time res.=3d, Blank correction=Blank corrected, Volume std. temperature=ambient, Volume std. pressure=ambient
numflag pm25_mass, no unit, Version=2, Version description=Data extracted from http://views.cira.colostate.edu/fed/DataWizard 2019-12-16, Sample duration=1d, Orig. time res.=3d, Blank correction=Blank corrected, Volume std. temperature=ambient, Volume std. pressure=ambient
potassium, ug/m3, Revision date=20181210133000
numflag potassium, no unit, Revision date=20181210133000
sulphate_total, ug S/m3, Revision date=20181210133000
numflag sulphate_total, no unit, Revision date=20181210133000
0
25
Data definition:              EBAS_1.1
Set type code:                TI
Timezone:                     UTC
File name:                    US0062R.20000101070000.20191216000000.filterpack..pm25.52w.1w.US03L_filterpack_US0062.US03L_IMPROVE_Davis.lev2.nas
File creation:                20191218115924
Startdate:                    20000101070000
Revision date:                20191216000000
Statistics:                   arithmetic mean
Data level:                   2
Period code:                  52w
Resolution code:              1w
Station code:                 US0062R
Platform code:                US0062S
Station name:                 Bandelier NM
Station latitude:             35.7797
Station longitude:            -106.2664
Station altitude:             1988.0 m
Regime:                       IMG
Component:                    
Matrix:                       pm25
Laboratory code:              US03L
Instrument type:              filterpack
Instrument name:              filterpack_US0062
Method ref:                   US03L_IMPROVE_Davis
starttime endtime Fe flag_Fe Pb flag_Pb Mg++ flag_Mg++ Ni flag_Ni NO3- flag_NO3- OC flag_OC OM flag_OM PM10 flag_PM10 PM10-PM2.5 flag_PM10-PM2.5 PM2.5 flag_PM2.5 K+ flag_K+ SO4-- flag_SO4--
  0.291667   1.291667   18.26 0.559000  1.20 0.559000 9.999 0.559259 99.99 0.559259000 0.143 0.699000   0.813 0.000   1.138 0.000   5.401 0.559  2.103 0.000   3.299 0.559 0.036 0.559000 0.225 0.699000
  4.291667   5.291667    5.66 0.559000 99.99 0.559259 9.999 0.559259 99.99 0.559259000 0.027 0.699000   0.713 0.000   0.998 0.000   2.989 0.000  1.034 0.000   1.955 0.559 0.015 0.559000 0.057 0.699000
  7.291667   8.291667   10.45 0.559000  0.31 0.559000 9.999 0.559259 99.99 0.559259000 0.032 0.699000   1.054 0.000   1.475 0.000   3.450 0.000  1.257 0.000   2.193 0.559 0.025 0.559000 0.111 0.699000
 11.291667  12.291667 9999.99 0.456000 99.99 0.456000 9.999 0.456000 99.99 0.456000000 0.022 0.559000   0.732 0.000   1.024 0.000   6.088 0.000 99.999 0.999 999.999 0.456 9.999 0.456000 0.062 0.559000
 14.291667  15.291667 9999.99 0.456000 99.99 0.456000 9.999 0.456000 99.99 0.456000000 0.031 0.559000   0.874 0.000   1.223 0.000   6.854 0.000 99.999 0.999 999.999 0.456 9.999 0.456000 0.116 0.559000
 18.291667  19.291667   30.47 0.559000  1.02 0.559000 9.999 0.559259 99.99 0.559259000 0.032 0.559000   0.794 0.000   1.111 0.000   9.081 0.000  3.729 0.000   5.352 0.559 0.072 0.559000 0.676 0.559000
 21.291667  22.291667   18.74 0.559000  0.25 0.559000 9.999 0.559259 99.99 0.559259000 0.026 0.559000   0.440 0.000   0.616 0.000   3.606 0.000  1.369 0.000   2.237 0.559 0.017 0.559000 0.119 0.559000
 25.291667  26.291667   11.23 0.559000  0.48 0.559000 9.999 0.559259 99.99 0.559259000 0.044 0.559000   0.914 0.000   1.280 0.000   3.072 0.000  0.812 0.000   2.259 0.559 0.017 0.559000 0.101 0.559000
 28.291667  29.291667    6.72 0.559000  0.29 0.559000 9.999 0.559259 99.99 0.559259000 0.026 0.699000   0.257 0.000   0.359 0.000   2.582 0.000  1.120 0.000   1.462 0.559 0.010 0.559000 0.088 0.699000
 32.291667  33.291667    9.57 0.559000  0.27 0.559000 9.999 0.559259 99.99 0.559259000 0.016 0.559000   0.568 0.000   0.795 0.000   2.908 0.000  1.074 0.000   1.834 0.559 0.012 0.559000 0.137 0.559000
 35.291667  36.291667   18.75 0.000000  0.56 0.000000 9.999 0.259000  0.09 0.000000000 0.281 0.559000   0.900 0.000   1.260 0.000   7.812 0.000  3.367 0.000   4.446 0.000 0.026 0.000000 0.406 0.559000
 39.291667  40.291667   24.58 0.559000  1.19 0.559000 9.999 0.559259 99.99 0.559259000 0.023 0.559000   0.646 0.000   0.904 0.000   5.122 0.000  2.534 0.000   2.588 0.559 0.028 0.559000 0.199 0.559000
 42.291667  43.291667   19.34 0.559000  0.38 0.559000 9.999 0.559259 99.99 0.559259000 0.016 0.559000   0.374 0.000   0.524 0.000   4.210 0.000  2.671 0.000   1.540 0.559 0.014 0.559000 0.108 0.559000
 46.291667  47.291667   30.59 0.559000  0.18 0.559000 9.999 0.559259 99.99 0.559259000 0.018 0.559000   0.536 0.000   0.750 0.000   5.546 0.000  3.423 0.000   2.124 0.559 0.024 0.559000 0.083 0.559000
 49.291667  50.291667    6.79 0.559000  0.33 0.559000 9.999 0.559259 99.99 0.559259000 0.015 0.000000   1.563 0.000   2.189 0.000   3.517 0.000  1.136 0.000   2.381 0.559 0.014 0.559000 0.150 0.000000
 53.291667  54.291667   10.77 0.559000 99.99 0.559259 9.999 0.559259 99.99 0.559259000 0.035 0.699000   0.367 0.000   0.514 0.000   2.833 0.000  1.681 0.000   1.152 0.559 0.016 0.559000 0.064 0.699000
 56.291667  57.291667   12.51 0.559000  0.44 0.559000 9.999 0.559259  0.08 0.559000000 0.017 0.699000   0.253 0.000   0.354 0.000   2.706 0.000  1.297 0.000   1.409 0.559 0.012 0.559000 0.121 0.699000
 60.291667  61.291667   27.68 0.559000  0.66 0.559000 9.999 0.559259 99.99 0.559259000 0.035 0.699000   0.254 0.000   0.355 0.000   5.105 0.000  3.308 0.000   1.797 0.559 0.027 0.559000 0.131 0.699000
 63.291667  64.291667   21.74 0.559000  0.48 0.559000 9.999 0.559259 99.99 0.559259000 9.999 0.456000   0.666 0.000   0.932 0.000   5.289 0.000  2.663 0.000   2.626 0.559 0.033 0.559000 9.999 0.456000
 67.291667  68.291667    6.78 0.559000  0.18 0.559000 9.999 0.559259 99.99 0.559259000 0.041 0.000000   0.397 0.000   0.556 0.000   3.674 0.000  1.449 0.000   2.225 0.559 0.008 0.559000 0.231 0.000000
 70.291667  71.291667    6.36 0.559000  0.39 0.559000 9.999 0.559259 99.99 0.559259000 0.011 0.699000   0.261 0.000   0.366 0.000   2.151 0.000  0.876 0.000   1.275 0.559 0.009 0.559000 0.114 0.699000
 74.291667  75.291667   33.63 0.559000  0.79 0.559000 0.019 0.559000 99.99 0.559259000 0.020 0.699000   0.341 0.000   0.477 0.000   5.129 0.000  3.000 0.000   2.129 0.559 0.024 0.559000 0.150 0.699000
 77.291667  78.291667   15.11 0.559394  0.54 0.559394 0.019 0.559394 99.99 0.559394259 0.017 0.699394   0.329 0.000   0.460 0.000   4.568 0.000  2.987 0.000   1.581 0.559 0.015 0.559394 0.142 0.699394
 81.291667  82.291667   12.55 0.559000  0.24 0.559000 9.999 0.559259 99.99 0.559259000 0.031 0.559000   0.465 0.000   0.651 0.000   2.632 0.000  1.115 0.000   1.517 0.559 0.016 0.559000 0.106 0.559000
 84.291667  85.291667   26.46 0.559000  0.67 0.559000 9.999 0.559259 99.99 0.559259000 0.031 0.559000   0.738 0.000   1.033 0.000   5.401 0.000  1.845 0.000   3.556 0.559 0.026 0.559000 0.335 0.559000
 88.291667  89.291667   34.16 0.559000  0.93 0.559000 0.025 0.559000 99.99 0.559259000 0.030 0.559000   0.392 0.000   0.549 0.000   4.967 0.000  1.494 0.000   3.472 0.559 0.023 0.559000 0.444 0.559000
 91.291667  92.291667    6.76 0.456000  0.27 0.456000 0.016 0.456000  0.19 0.456000000 0.022 0.699000   0.323 0.000   0.452 0.000   2.242 0.000 99.999 0.999 999.999 0.456 0.009 0.456000 0.139 0.699000
 95.291667  96.291667   38.05 0.559000  0.73 0.559000 9.999 0.559259 99.99 0.559259000 0.016 0.000000   0.619 0.000   0.867 0.000   4.689 0.000  2.118 0.000   2.571 0.559 0.027 0.559000 0.128 0.000000
 98.291667  99.291667 9999.99 0.999000 99.99 0.999000 9.999 0.999000 99.99 0.999000000 9.999 0.999000 999.999 0.999 999.999 0.999 999.999 0.999 99.999 0.999 999.999 0.999 9.999 0.999000 9.999 0.999000
102.291667 103.291667   31.59 0.000000  0.50 0.000000 9.999 0.259000  1.61 0.000000000 0.026 0.000000   1.090 0.000   1.525 0.000   4.562 0.000  1.735 0.000   2.827 0.000 0.026 0.000000 0.238 0.000000
105.291667 106.291667 9999.99 0.999000 99.99 0.999000 9.999 0.999000 99.99 0.999000000 9.999 0.999000 999.999 0.999 999.999 0.999 999.999 0.999 99.999 0.999 999.999 0.999 9.999 0.999000 9.999 0.999000
109.291667 110.291667   24.93 0.000000  0.36 0.000000 0.009 0.000000 99.99 0.259000000 0.019 0.000000   0.398 0.000   0.557 0.000   3.411 0.000  2.053 0.000   1.358 0.000 0.017 0.000000 0.088 0.000000
112.291667 113.291667  135.50 0.000000  0.48 0.000000 9.999 0.259000 99.99 0.259000000 0.056 0.000000   0.923 0.000   1.292 0.000  15.067 0.000  8.982 0.000   6.084 0.000 0.096 0.000000 0.368 0.000000
116.291667 117.291667  176.07 0.559000  1.88 0.559000 9.999 0.559259 99.99 0.559259000 0.092 0.000000  10.613 0.000  14.858 0.000  25.422 0.000  6.019 0.000  19.404 0.559 0.145 0.559000 0.395 0.000000
119.291667 120.291667 9999.99 0.456000 99.99 0.456000 9.999 0.456000 99.99 0.456000000 0.082 0.000000   3.451 0.000   4.832 0.000  17.788 0.000 99.999 0.999 999.999 0.456 9.999 0.456000 0.399 0.000000
123.291667 124.291667   70.64 0.000000  0.54 0.000000 9.999 0.259000  0.26 0.000000000 0.037 0.000000   1.562 0.000   2.186 0.000   7.828 0.000  3.440 0.000   4.388 0.000 0.042 0.000000 0.232 0.000000
126.291667 127.291667   68.13 0.559000  0.42 0.559000 9.999 0.559259 99.99 0.559259000 0.053 0.559000   4.237 0.000   5.931 0.000  12.163 0.000  3.829 0.000   8.333 0.559 0.071 0.559000 0.161 0.559000
130.291667 131.291667   96.63 0.000000  0.58 0.000000 9.999 0.259000 99.99 0.259000000 0.041 0.000000   1.680 0.000   2.352 0.000  11.962 0.000  7.701 0.000   4.261 0.000 0.058 0.000000 0.137 0.000000
133.291667 134.291667   39.27 0.699000  1.24 0.699000 9.999 0.699259 99.99 0.699259000 0.214 0.559000  44.881 0.000  62.833 0.000  77.558 0.559  3.224 0.000  74.334 0.699 0.101 0.699000 0.153 0.559000
137.291667 138.291667   71.16 0.000000  0.32 0.000000 9.999 0.259000 99.99 0.259000000 0.039 0.000000   1.213 0.000   1.698 0.000  12.765 0.000  9.033 0.000   3.732 0.000 0.048 0.000000 0.133 0.000000
140.291667 141.291667   32.62 0.000000  0.40 0.000000 9.999 0.259000 99.99 0.259000000 0.031 0.000000   3.025 0.000   4.235 0.000   9.674 0.000  3.617 0.000   6.057 0.000 0.031 0.000000 0.298 0.000000
144.291667 145.291667   69.13 0.000000  0.55 0.000000 9.999 0.259000 99.99 0.259000000 0.028 0.000000   1.886 0.000   2.640 0.000   9.112 0.000  4.338 0.000   4.774 0.000 0.047 0.000000 0.196 0.000000
147.291667 148.291667   35.78 0.000000  1.13 0.000000 9.999 0.259000 99.99 0.259000000 0.019 0.000000   1.620 0.000   2.269 0.000   6.101 0.000  2.102 0.000   3.999 0.000 0.041 0.000000 0.317 0.000000
151.291667 152.291667   62.23 0.000000  0.58 0.000000 9.999 0.259000 99.99 0.259000000 0.039 0.000000   2.241 0.000   3.137 0.000  10.758 0.000  5.649 0.000   5.109 0.000 0.068 0.000000 0.289 0.000000
154.291667 155.291667   45.33 0.000000  0.51 0.000000 9.999 0.259000 99.99 0.259000000 0.037 0.000000   1.318 0.000   1.845 0.000   7.948 0.000  2.962 0.000   4.987 0.000 0.049 0.000000 0.361 0.000000
158.291667 159.291667   43.14 0.000000  0.24 0.000000 9.999 0.259000 99.99 0.259000000 0.021 0.000000   1.605 0.000   2.247 0.000   9.448 0.000  5.054 0.000   4.394 0.000 0.030 0.000000 0.315 0.000000
161.291667 162.291667   48.02 0.000000  0.28 0.000000 9.999 0.259000 99.99 0.259000000 0.057 0.000000   0.728 0.000   1.019 0.000   9.165 0.000  5.391 0.000   3.774 0.000 0.039 0.000000 0.314 0.000000
165.291667 166.291667   52.58 0.000000 99.99 0.259000 9.999 0.259000 99.99 0.259000000 0.021 0.559000   0.978 0.000   1.369 0.000  13.525 0.000  9.913 0.000   3.612 0.000 0.038 0.000000 0.144 0.559000
168.291667 169.291667   43.51 0.000000  0.10 0.000000 9.999 0.259000 99.99 0.259000000 0.049 0.559000   1.422 0.000   1.990 0.000  13.808 0.000  8.732 0.000   5.076 0.000 0.047 0.000000 0.343 0.559000
172.291667 173.291667   39.21 0.000000 99.99 0.259000 9.999 0.259000 99.99 0.259000000 0.029 0.559000   1.012 0.000   1.417 0.000   7.187 0.000  3.790 0.000   3.396 0.000 0.045 0.000000 0.201 0.559000
175.291667 176.291667   80.76 0.000000 99.99 0.259000 9.999 0.259000 99.99 0.259000000 0.027 0.559000   0.943 0.000   1.320 0.000   7.348 0.000  2.410 0.000   4.938 0.000 0.045 0.000000 0.288 0.559000
179.291667 180.291667   21.94 0.000000  0.15 0.000000 9.999 0.259000 99.99 0.259000000 0.017 0.559000   1.031 0.000   1.443 0.000   4.936 0.000  2.039 0.000   2.897 0.000 0.018 0.000000 0.226 0.559000
182.291667 183.291667   15.58 0.000000 99.99 0.259000 9.999 0.259000 99.99 0.259000000 0.013 0.559000   1.308 0.000   1.831 0.000   5.627 0.000  2.474 0.000   3.154 0.000 0.029 0.000000 0.183 0.559000
186.291667 187.291667   28.55 0.000000  1.93 0.000000 9.999 0.259000 99.99 0.259000000 0.026 0.559000   0.755 0.000   1.057 0.000 999.999 0.999 99.999 0.999   3.534 0.000 0.065 0.000000 0.310 0.559000
189.291667 190.291667   64.97 0.000000 99.99 0.259000 9.999 0.259000 99.99 0.259000000 0.049 0.559000   0.836 0.000   1.171 0.000 999.999 0.999 99.999 0.999   5.261 0.000 0.055 0.000000 0.444 0.559000
193.291667 194.291667   14.36 0.000000 99.99 0.259000 9.999 0.259000 99.99 0.259000000 0.010 0.559000   0.966 0.000   1.352 0.000   4.603 0.000  1.855 0.000   2.748 0.000 0.014 0.000000 0.247 0.559000
196.291667 197.291667   12.57 0.000000 99.99 0.259000 9.999 0.259000 99.99 0.259000000 0.012 0.559000   1.127 0.000   1.577 0.000   4.603 0.000  1.684 0.000   2.919 0.000 0.010 0.000000 0.220 0.559000
200.291667 201.291667   15.58 0.000000 99.99 0.259000 9.999 0.259000 99.99 0.259000000 0.015 0.559000   0.683 0.000   0.956 0.000   5.218 0.000  2.312 0.000   2.906 0.000 0.019 0.000000 0.275 0.559000
203.291667 204.291667   49.69 0.000000 99.99 0.259000 9.999 0.259000 99.99 0.259000000 0.026 0.559000   1.025 0.000   1.435 0.000   8.349 0.000  3.851 0.000   4.499 0.000 0.038 0.000000 0.363 0.559000
207.291667 208.291667   12.36 0.000000 99.99 0.259000 9.999 0.259000 99.99 0.259000000 0.011 0.559000   1.297 0.000   1.817 0.000   5.006 0.000  2.057 0.000   2.950 0.000 0.024 0.000000 0.150 0.559000
210.291667 211.291667   20.58 0.000000 99.99 0.259000 9.999 0.259000 99.99 0.259000000 0.017 0.559000   1.622 0.000   2.271 0.000   6.137 0.000  1.774 0.000   4.363 0.000 0.050 0.000000 0.261 0.559000
214.291667 215.291667   24.62 0.000000 99.99 0.259000 9.999 0.259000 99.99 0.259000000 0.028 0.559000   3.820 0.000   5.347 0.000  12.233 0.000  2.705 0.000   9.528 0.000 0.095 0.000000 0.341 0.559000
217.291667 218.291667   26.92 0.000000  0.13 0.000000 9.999 0.259000 99.99 0.259000000 0.024 0.559000   3.233 0.000   4.526 0.000  10.578 0.000  2.600 0.000   7.978 0.000 0.063 0.000000 0.376 0.559000
221.291667 222.291667   25.88 0.000000 99.99 0.259000 9.999 0.259000 99.99 0.259000000 0.014 0.000000   1.308 0.000   1.831 0.000   6.827 0.000  3.058 0.000   3.769 0.000 0.037 0.000000 0.261 0.000000
224.291667 225.291667 9999.99 0.999000 99.99 0.999000 9.999 0.999000 99.99 0.999000000 9.999 0.999000 999.999 0.999 999.999 0.999 999.999 0.999 99.999 0.999 999.999 0.999 9.999 0.999000 9.999 0.999000
228.291667 229.291667 9999.99 0.999000 99.99 0.999000 9.999 0.999000 99.99 0.999000000 9.999 0.999000 999.999 0.999 999.999 0.999 999.999 0.999 99.999 0.999 999.999 0.999 9.999 0.999000 9.999 0.999000
231.291667 232.291667   17.97 0.000000 99.99 0.259000 9.999 0.259000 99.99 0.259000000 0.023 0.559000   1.263 0.000   1.768 0.000   4.441 0.000  0.553 0.000   3.888 0.000 0.022 0.000000 0.266 0.559000
234.291667 235.291667   16.37 0.000000 99.99 0.259000 9.999 0.259000 99.99 0.259000000 0.017 0.559000   0.880 0.000   1.233 0.000   7.026 0.000  3.830 0.000   3.197 0.000 0.019 0.000000 0.270 0.559000
237.291667 238.291667   39.48 0.000000 99.99 0.259000 0.007 0.000000 99.99 0.259000000 0.026 0.559000   0.853 0.000   1.194 0.000   7.026 0.000  2.294 0.000   4.732 0.000 0.029 0.000000 0.455 0.559000
240.291667 241.291667   33.55 0.000000  0.26 0.000000 9.999 0.259000 99.99 0.259000000 0.022 0.559000   0.888 0.000   1.244 0.000   7.838 0.000  3.248 0.000   4.590 0.000 0.021 0.000000 0.479 0.559000
243.291667 244.291667 9999.99 0.999000 99.99 0.999000 9.999 0.999000 99.99 0.999000000 9.999 0.999000 999.999 0.999 999.999 0.999 999.999 0.999 99.999 0.999 999.999 0.999 9.999 0.999000 9.999 0.999000
246.291667 247.291667   20.21 0.000000  0.30 0.000000 9.999 0.259000 99.99 0.259000000 0.013 0.559000   0.604 0.000   0.846 0.000   3.696 0.000  1.851 0.000   1.844 0.000 9.999 0.259000 0.199 0.559000
249.291667 250.291667   43.66 0.000000  0.32 0.000000 9.999 0.259000 99.99 0.259000000 0.023 0.559000   1.061 0.000   1.486 0.000  11.655 0.000  5.724 0.000   5.931 0.000 0.043 0.000000 0.597 0.559000
252.291667 253.291667   17.16 0.000000  0.21 0.000000 9.999 0.259000 99.99 0.259000000 0.020 0.559000   0.707 0.000   0.990 0.000   5.767 0.000  2.192 0.000   3.575 0.000 0.022 0.000000 0.411 0.559000
255.291667 256.291667   17.62 0.000000  0.20 0.000000 9.999 0.259000 99.99 0.259000000 0.032 0.559000   0.433 0.000   0.607 0.000 999.999 0.999 99.999 0.999   2.227 0.000 0.021 0.000000 0.203 0.559000
258.291667 259.291667   74.69 0.000000  0.46 0.000000 9.999 0.259000 99.99 0.259000000 0.037 0.559000   1.026 0.000   1.437 0.000 999.999 0.999 99.999 0.999   5.676 0.000 0.079 0.000000 0.371 0.559000
261.291667 262.291667   29.78 0.000000  0.45 0.000000 9.999 0.259000 99.99 0.259000000 0.047 0.559000   0.868 0.000   1.215 0.000 999.999 0.999 99.999 0.999   4.392 0.000 0.031 0.000000 0.438 0.559000
264.291667 265.291667   65.09 0.000000  0.24 0.000000 9.999 0.259000 99.99 0.259000000 0.049 0.559000   0.942 0.000   1.319 0.000 999.999 0.999 99.999 0.999   4.819 0.000 0.065 0.000000 0.270 0.559000
267.291667 268.291667   13.67 0.000000  0.23 0.000000 9.999 0.259000  0.08 0.000000000 0.014 0.559000   0.396 0.000   0.555 0.000 999.999 0.999 99.999 0.999   1.511 0.000 0.017 0.000000 0.123 0.559000
