scripts/IMPROVE-2019_partial/data/US0052R.20080101060000.20191216000000.filterpack...52w.3d.US03L_filterpack_US0052.US03L_IMPROVE_Davis.lev2.nas
52 1001
MISSING INFORMATION
US03L, IMPROVE, , , , , , , 
MISSING INFORMATION
IMPROVE sel_HTAP
1 1
2008 01 01 2019 12 16
3.00
days from file reference point
5
1 1 1 1 1
999.99 999.999 9.999 999.999 9.999
end_time of measurement, days from the file reference point
pm10_mass, ug/m3, Matrix=pm10
numflag pm10_mass, no unit, Matrix=pm10
pm25_mass, ug/m3, Matrix=pm25
numflag pm25_mass, no unit, Matrix=pm25
0
33
Data definition:              EBAS_1.1
Set type code:                TU
Timezone:                     UTC
File name:                    US0052R.20080101060000.20191216000000.filterpack...52w.3d.US03L_filterpack_US0052.US03L_IMPROVE_Davis.lev2.nas
File creation:                20191218115835
Startdate:                    20080101060000
Revision date:                20191216000000
Version:                      2
Version description:          "Data extracted from http://views.cira.colostate.edu/fed/DataWizard 2019-12-16"
Statistics:                   arithmetic mean
Data level:                   2
Period code:                  52w
Resolution code:              3d
Sample duration:              1d
Orig. time res.:              3d
Station code:                 US0052R
Platform code:                US0052S
Station name:                 Hercules-Glades
Station latitude:             36.6138
Station longitude:            -92.9221
Station altitude:             404.0 m
Regime:                       IMG
Component:                    
Unit:                         ug/m3
Matrix:                       
Laboratory code:              US03L
Instrument type:              filterpack
Instrument name:              filterpack_US0052
Method ref:                   US03L_IMPROVE_Davis
Blank correction:             Blank corrected
Volume std. temperature:      ambient
Volume std. pressure:         ambient
starttime endtime PM10 flag_PM10 PM2.5 flag_PM2.5
  0.25   1.25   4.270 0.000   2.500 0.000
  3.25   4.25  10.358 0.000   6.120 0.000
  6.25   7.25   9.111 0.000   5.742 0.000
  9.25  10.25  10.274 0.000   7.171 0.000
 12.25  13.25  13.639 0.000  11.321 0.000
 15.25  16.25  11.358 0.000   7.820 0.000
 18.25  19.25   6.849 0.000   4.678 0.000
 21.25  22.25  14.804 0.000  11.546 0.000
 24.25  25.25   7.260 0.000   4.030 0.000
 27.25  28.25   8.544 0.000   6.172 0.000
 30.25  31.25   5.761 0.000   3.806 0.000
 33.25  34.25  15.558 0.000  10.543 0.000
 36.25  37.25 999.999 0.999 999.999 0.999
 39.25  40.25 999.999 0.999 999.999 0.999
 42.25  43.25 999.999 0.999 999.999 0.999
 45.25  46.25  26.731 0.000  22.440 0.000
 48.25  49.25   3.234 0.000   1.883 0.000
 51.25  52.25   9.579 0.000   7.120 0.000
 54.25  55.25  12.334 0.000  10.044 0.000
 57.25  58.25 999.999 0.999 999.999 0.999
 60.25  61.25 999.999 0.999 999.999 0.999
 63.25  64.25 999.999 0.999 999.999 0.999
 66.25  67.25   6.949 0.000   4.290 0.000
 69.25  70.25  12.698 0.000   7.996 0.000
 72.25  73.25  16.296 0.000   6.864 0.000
 75.25  76.25   7.662 0.000   6.138 0.000
 78.25  79.25 999.999 0.999 999.999 0.999
 81.25  82.25   8.573 0.000   5.571 0.000
 84.25  85.25  18.570 0.000  11.334 0.000
 87.25  88.25   6.956 0.000   5.665 0.000
 90.25  91.25   8.113 0.000   5.311 0.000
 93.25  94.25   5.829 0.000   4.964 0.000
 96.25  97.25  14.629 0.000  12.370 0.000
 99.25 100.25   4.872 0.000   3.620 0.000
102.25 103.25   3.655 0.000   2.136 0.000
105.25 106.25  12.328 0.000   8.101 0.000
108.25 109.25   9.152 0.000   6.059 0.000
111.25 112.25  19.126 0.000  12.151 0.000
114.25 115.25  11.024 0.000   6.708 0.000
117.25 118.25   8.015 0.000   5.175 0.000
120.25 121.25  20.915 0.000  10.682 0.000
123.25 124.25  14.768 0.000   4.249 0.000
126.25 127.25  20.176 0.000   9.890 0.000
129.25 130.25  12.588 0.000   6.130 0.000
132.25 133.25   8.690 0.000   3.808 0.000
135.25 136.25   9.806 0.000   4.800 0.000
138.25 139.25  20.067 0.000   6.836 0.000
141.25 142.25  19.546 0.000   5.698 0.000
144.25 145.25  14.956 0.000   8.002 0.000
147.25 148.25   7.964 0.000   2.947 0.000
150.25 151.25  17.409 0.000  11.983 0.000
153.25 154.25 999.999 0.999 999.999 0.999
156.25 157.25 999.999 0.999 999.999 0.999
159.25 160.25 999.999 0.999 999.999 0.999
162.25 163.25  10.564 0.000   6.588 0.000
165.25 166.25   8.382 0.000   3.346 0.000
168.25 169.25   9.038 0.000   3.792 0.000
171.25 172.25   6.976 0.000   4.737 0.000
174.25 175.25   7.173 0.000   3.366 0.000
177.25 178.25  26.451 0.000  15.117 0.000
180.25 181.25  12.580 0.000   5.313 0.000
183.25 184.25  18.355 0.000  10.376 0.000
186.25 187.25  16.125 0.000  11.561 0.000
189.25 190.25  31.590 0.000  17.421 0.000
192.25 193.25  14.908 0.000   8.137 0.000
195.25 196.25 999.999 0.999 999.999 0.999
198.25 199.25  21.439 0.000  15.283 0.000
201.25 202.25  22.551 0.000  17.299 0.000
204.25 205.25  10.538 0.000   6.643 0.000
207.25 208.25  18.273 0.000   9.563 0.000
210.25 211.25  40.287 0.000  20.949 0.000
213.25 214.25  20.486 0.000  12.626 0.000
216.25 217.25  25.490 0.000  17.031 0.000
219.25 220.25  11.339 0.000   7.405 0.000
222.25 223.25  10.227 0.000   7.794 0.000
225.25 226.25  14.845 0.000  10.867 0.000
228.25 229.25  16.293 0.000  10.378 0.000
231.25 232.25  22.926 0.000  16.731 0.000
234.25 235.25  12.909 0.000   7.448 0.000
237.25 238.25 999.999 0.999 999.999 0.999
240.25 241.25  21.575 0.000  15.186 0.000
243.25 244.25  22.898 0.000  16.384 0.000
246.25 247.25   7.802 0.000   5.754 0.000
249.25 250.25   7.838 0.000   4.603 0.000
252.25 253.25   9.692 0.000   5.308 0.000
255.25 256.25  15.414 0.000   7.924 0.000
258.25 259.25   6.729 0.000   2.049 0.000
261.25 262.25  13.763 0.000   9.307 0.000
264.25 265.25  17.473 0.000  14.126 0.000
267.25 268.25  22.384 0.000  16.095 0.000
270.25 271.25  18.858 0.000  13.054 0.000
273.25 274.25  11.598 0.000   4.241 0.000
276.25 277.25   9.597 0.000   3.557 0.000
279.25 280.25 999.999 0.999 999.999 0.999
282.25 283.25   6.731 0.000   3.612 0.000
285.25 286.25  11.326 0.000   7.948 0.000
288.25 289.25   9.566 0.000   5.537 0.000
291.25 292.25   9.732 0.000   5.956 0.000
294.25 295.25  20.401 0.000  13.235 0.000
297.25 298.25   5.095 0.000   3.057 0.000
300.25 301.25  11.456 0.000   1.989 0.000
303.25 304.25  18.283 0.000   8.943 0.000
306.25 307.25  19.065 0.000  13.986 0.000
309.25 310.25  13.770 0.000   8.693 0.000
312.25 313.25   6.362 0.000   3.068 0.000
315.25 316.25  10.070 0.000   7.868 0.000
318.25 319.25  10.787 0.000 999.999 0.456
321.25 322.25   4.936 0.000 999.999 0.456
324.25 325.25  10.682 0.000   4.903 0.000
327.25 328.25  22.079 0.000  13.130 0.000
330.25 331.25  14.699 0.000   6.620 0.000
333.25 334.25  11.914 0.000   7.699 0.000
336.25 337.25   6.402 0.000   3.408 0.000
339.25 340.25   7.368 0.000   3.597 0.000
342.25 343.25  11.184 0.000   6.739 0.000
345.25 346.25   6.503 0.000   4.772 0.000
348.25 349.25  10.092 0.000   6.239 0.000
351.25 352.25   9.421 0.000   8.281 0.000
354.25 355.25  11.308 0.000   8.905 0.000
357.25 358.25   5.533 0.000   3.748 0.000
360.25 361.25   5.901 0.000   3.996 0.000
363.25 364.25   5.149 0.000   2.316 0.000
