scripts/IMPROVE-2019_partial/data/US0058R.20120101060000.20191216000000.filterpack...52w.3d.US03L_filterpack_US0058.US03L_IMPROVE_Davis.lev2.nas
51 1001
MISSING INFORMATION
US03L, IMPROVE, , , , , , , 
MISSING INFORMATION
IMPROVE sel_HTAP
1 1
2012 01 01 2019 12 16
3.00
days from file reference point
4
1 1 1 1
999.99 999.999 999.999 9.999
end_time of measurement, days from the file reference point
pm10_mass, ug/m3, Matrix=pm10
pm25_mass, ug/m3, Matrix=pm25
numflag, no unit
0
33
Data definition:              EBAS_1.1
Set type code:                TU
Timezone:                     UTC
File name:                    US0058R.20120101060000.20191216000000.filterpack...52w.3d.US03L_filterpack_US0058.US03L_IMPROVE_Davis.lev2.nas
File creation:                20191218115904
Startdate:                    20120101060000
Revision date:                20191216000000
Version:                      2
Version description:          "Data extracted from http://views.cira.colostate.edu/fed/DataWizard 2019-12-16"
Statistics:                   arithmetic mean
Data level:                   2
Period code:                  52w
Resolution code:              3d
Sample duration:              1d
Orig. time res.:              3d
Station code:                 US0058R
Platform code:                US0058S
Station name:                 Lostwood
Station latitude:             48.6419
Station longitude:            -102.4022
Station altitude:             696.0 m
Regime:                       IMG
Component:                    
Unit:                         ug/m3
Matrix:                       
Laboratory code:              US03L
Instrument type:              filterpack
Instrument name:              filterpack_US0058
Method ref:                   US03L_IMPROVE_Davis
Blank correction:             Blank corrected
Volume std. temperature:      ambient
Volume std. pressure:         ambient
starttime endtime PM10 PM2.5 flag
  0.25   1.25   2.678   0.760 0.000
  3.25   4.25   3.252   1.133 0.000
  6.25   7.25   5.304   1.293 0.000
  9.25  10.25   4.488   1.614 0.000
 12.25  13.25   7.029   3.854 0.000
 15.25  16.25   6.001   2.997 0.000
 18.25  19.25   8.280   4.423 0.000
 21.25  22.25  18.439   9.344 0.000
 24.25  25.25  10.081   1.220 0.000
 27.25  28.25   5.810   1.665 0.000
 30.25  31.25   6.744   3.232 0.000
 33.25  34.25  10.518   7.237 0.000
 36.25  37.25   5.705   3.917 0.000
 39.25  40.25 999.999 999.999 0.999
 42.25  43.25  19.929   4.931 0.000
 45.25  46.25   5.442   2.908 0.000
 48.25  49.25  15.010   4.434 0.000
 51.25  52.25  13.415   4.718 0.000
 54.25  55.25   6.669   3.005 0.000
 57.25  58.25   5.626   4.900 0.000
 60.25  61.25  24.973  18.905 0.000
 63.25  64.25   9.188   7.431 0.000
 66.25  67.25   5.817   3.325 0.000
 69.25  70.25  16.707   4.494 0.000
 72.25  73.25  29.834   5.670 0.000
 75.25  76.25  31.559   5.415 0.000
 78.25  79.25  26.815   6.749 0.000
 81.25  82.25  30.357   4.912 0.000
 84.25  85.25   7.748   4.675 0.000
 87.25  88.25   4.220   3.668 0.000
 90.25  91.25  13.777   2.198 0.000
 93.25  94.25  20.941   3.968 0.000
 96.25  97.25  23.703   5.799 0.000
 99.25 100.25   4.340   2.267 0.000
102.25 103.25  32.759  10.450 0.000
105.25 106.25   4.782   3.151 0.000
108.25 109.25   5.742   4.235 0.000
111.25 112.25   3.764   2.013 0.000
114.25 115.25  21.629   5.929 0.000
117.25 118.25   6.008   3.269 0.000
120.25 121.25   6.429   2.899 0.000
123.25 124.25   8.556   4.116 0.000
126.25 127.25   5.175   1.240 0.000
129.25 130.25  20.249   5.850 0.000
132.25 133.25  15.996   3.712 0.000
135.25 136.25  28.755   5.649 0.000
138.25 139.25  27.570   7.421 0.000
141.25 142.25  24.730   6.309 0.000
144.25 145.25 999.999 999.999 0.999
147.25 148.25   2.992   0.964 0.000
150.25 151.25  11.326   7.377 0.000
153.25 154.25  14.358   3.770 0.000
156.25 157.25  21.071   5.845 0.000
159.25 160.25   7.462   3.822 0.000
162.25 163.25  10.639   1.984 0.000
165.25 166.25   9.135   2.454 0.000
168.25 169.25   9.793   2.792 0.000
171.25 172.25   6.250   3.899 0.000
174.25 175.25  13.637   4.089 0.000
177.25 178.25  30.241  12.919 0.000
180.25 181.25  18.712   4.683 0.000
183.25 184.25  15.464   6.509 0.000
186.25 187.25 999.999 999.999 0.999
189.25 190.25 999.999 999.999 0.999
192.25 193.25 999.999 999.999 0.999
195.25 196.25 999.999 999.999 0.999
198.25 199.25 999.999 999.999 0.999
201.25 202.25  24.913   6.833 0.000
204.25 205.25  11.950   4.510 0.000
207.25 208.25 999.999 999.999 0.999
210.25 211.25 999.999 999.999 0.999
213.25 214.25  19.990   6.605 0.000
216.25 217.25   5.849   2.499 0.000
219.25 220.25 999.999 999.999 0.456
222.25 223.25 999.999 999.999 0.456
225.25 226.25 999.999 999.999 0.456
228.25 229.25  10.884   3.349 0.000
231.25 232.25  22.527   6.742 0.000
234.25 235.25  46.478  12.838 0.000
237.25 238.25 999.999 999.999 0.999
240.25 241.25 999.999 999.999 0.999
243.25 244.25  34.196   9.053 0.000
246.25 247.25  22.952   6.329 0.000
249.25 250.25  15.495   4.494 0.000
252.25 253.25  25.089   4.831 0.000
255.25 256.25  25.217   4.228 0.000
258.25 259.25  30.273   8.205 0.000
261.25 262.25  17.924   4.503 0.000
264.25 265.25 999.999 999.999 0.999
267.25 268.25 999.999 999.999 0.999
270.25 271.25 999.999 999.999 0.999
273.25 274.25  22.173   8.843 0.000
276.25 277.25   7.580   2.609 0.000
279.25 280.25  12.087   3.670 0.000
282.25 283.25   4.473   2.011 0.000
285.25 286.25  40.202   5.870 0.000
288.25 289.25  18.804   4.061 0.000
291.25 292.25   3.392   1.504 0.000
294.25 295.25   6.771   3.091 0.000
297.25 298.25   4.953   3.963 0.000
300.25 301.25   4.734   2.033 0.000
303.25 304.25 999.999 999.999 0.999
306.25 307.25 999.999 999.999 0.999
309.25 310.25 999.999 999.999 0.999
312.25 313.25   3.743   3.019 0.000
315.25 316.25   1.316   1.738 0.000
318.25 319.25   6.772   5.333 0.000
321.25 322.25  10.989   9.094 0.000
324.25 325.25   4.125   1.514 0.000
327.25 328.25   8.582   5.994 0.000
330.25 331.25   9.280   6.274 0.000
333.25 334.25 999.999 999.999 0.999
336.25 337.25 999.999 999.999 0.999
339.25 340.25 999.999 999.999 0.999
342.25 343.25 999.999 999.999 0.999
345.25 346.25 999.999 999.999 0.999
348.25 349.25 999.999 999.999 0.999
351.25 352.25 999.999 999.999 0.999
354.25 355.25 999.999 999.999 0.999
357.25 358.25 999.999 999.999 0.999
360.25 361.25 999.999 999.999 0.999
363.25 364.25 999.999 999.999 0.999
