scripts/IMPROVE-2019_partial/data/US0080R.20060102050000.20191216000000.filterpack..pm25.52w.1w.US03L_filterpack_US0080.US03L_IMPROVE_Davis.lev2.nas
64 1001
MISSING INFORMATION
US03L, IMPROVE, , , , , , , 
MISSING INFORMATION
IMPROVE sel_HTAP
1 1
2006 01 01 2019 12 16
3.000000
days from file reference point
25
1 1 1 1 1 1 1 1 1 1 1 1 1 1 1 1 1 1 1 1 1 1 1 1 1
999.999999 9999.99 9.999 999.99 9.999 9.999 9.999999 99.99 9.999 9.999 9.999 999.999 9.999 999.999 9.999 999.999 9.999 999.999 9.999 999.999 9.999 9.999 9.999 99.999 9.999
end_time of measurement, days from the file reference point
iron, ng/m3, Revision date=20181210133000
numflag iron, no unit, Revision date=20181210133000
lead, ng/m3, Revision date=20181210133000
numflag lead, no unit, Revision date=20181210133000
magnesium, ug/m3, Revision date=20181210133000
numflag magnesium, no unit, Revision date=20181210133000
nickel, ng/m3, Revision date=20181210133000
numflag nickel, no unit, Revision date=20181210133000
nitrate, ug N/m3, Revision date=20181210133000
numflag nitrate, no unit, Revision date=20181210133000
organic_carbon, ug C/m3, Revision date=20181210133000
numflag organic_carbon, no unit, Revision date=20181210133000
organic_mass, ug/m3, Revision date=20181210133000
numflag organic_mass, no unit, Revision date=20181210133000
pm10_mass, ug/m3, Version=2, Version description=Data extracted from http://views.cira.colostate.edu/fed/DataWizard 2019-12-16, Sample duration=1d, Orig. time res.=3d, Matrix=pm10, Blank correction=Blank corrected, Volume std. temperature=ambient, Volume std. pressure=ambient
numflag pm10_mass, no unit, Version=2, Version description=Data extracted from http://views.cira.colostate.edu/fed/DataWizard 2019-12-16, Sample duration=1d, Orig. time res.=3d, Matrix=pm10, Blank correction=Blank corrected, Volume std. temperature=ambient, Volume std. pressure=ambient
pm10_pm25_mass, ug/m3, Revision date=20181210133000, Matrix=pm10_pm25
numflag pm10_pm25_mass, no unit, Revision date=20181210133000, Matrix=pm10_pm25
pm25_mass, ug/m3, Version=2, Version description=Data extracted from http://views.cira.colostate.edu/fed/DataWizard 2019-12-16, Sample duration=1d, Orig. time res.=3d, Blank correction=Blank corrected, Volume std. temperature=ambient, Volume std. pressure=ambient
numflag pm25_mass, no unit, Version=2, Version description=Data extracted from http://views.cira.colostate.edu/fed/DataWizard 2019-12-16, Sample duration=1d, Orig. time res.=3d, Blank correction=Blank corrected, Volume std. temperature=ambient, Volume std. pressure=ambient
potassium, ug/m3, Revision date=20181210133000
numflag potassium, no unit, Revision date=20181210133000
sulphate_total, ug S/m3, Revision date=20181210133000
numflag sulphate_total, no unit, Revision date=20181210133000
0
25
Data definition:              EBAS_1.1
Set type code:                TU
Timezone:                     UTC
File name:                    US0080R.20060102050000.20191216000000.filterpack..pm25.52w.1w.US03L_filterpack_US0080.US03L_IMPROVE_Davis.lev2.nas
File creation:                20191218120051
Startdate:                    20060102050000
Revision date:                20191216000000
Statistics:                   arithmetic mean
Data level:                   2
Period code:                  52w
Resolution code:              1w
Station code:                 US0080R
Platform code:                US0080S
Station name:                 James River Face Wilderness
Station latitude:             37.6266
Station longitude:            -79.5125
Station altitude:             289.0 m
Regime:                       IMG
Component:                    
Matrix:                       pm25
Laboratory code:              US03L
Instrument type:              filterpack
Instrument name:              filterpack_US0080
Method ref:                   US03L_IMPROVE_Davis
starttime endtime Fe flag_Fe Pb flag_Pb Mg++ flag_Mg++ Ni flag_Ni NO3- flag_NO3- OC flag_OC OM flag_OM PM10 flag_PM10 PM10-PM2.5 flag_PM10-PM2.5 PM2.5 flag_PM2.5 K+ flag_K+ SO4-- flag_SO4--
[from data line 88]
265.208333 266.208333   52.42 0.000   6.39 0.000 9.999 0.259000  0.34 0.000 0.072 0.000   2.968 0.000   5.341 0.000  20.783 0.000   3.606 0.000  17.177 0.000 0.086 0.000  2.555 0.000
268.208333 269.208333   34.02 0.000   1.87 0.000 9.999 0.259000 99.99 0.259 0.038 0.000   1.066 0.000   1.919 0.000  13.308 0.000   4.382 0.000   8.926 0.000 0.044 0.000  1.232 0.000
271.208333 272.208333   17.34 0.000   0.75 0.000 9.999 0.259000 99.99 0.259 0.022 0.000   0.571 0.000   1.027 0.000   7.939 0.000   3.297 0.000   4.643 0.000 0.020 0.000  0.625 0.000
274.208333 275.208333   44.02 0.000   1.95 0.000 9.999 0.259000 99.99 0.259 0.041 0.000   1.346 0.000   2.423 0.000  11.950 0.000   3.717 0.000   8.234 0.000 0.068 0.000  0.911 0.000
277.208333 278.208333   50.02 0.000   1.69 0.000 0.017 0.000000  0.28 0.000 0.055 0.000   2.159 0.000   3.885 0.000  18.333 0.000   5.841 0.000  12.492 0.000 0.069 0.000  1.542 0.000
280.208333 281.208333   16.66 0.000   1.16 0.000 9.999 0.259000 99.99 0.259 0.045 0.000   0.722 0.000   1.299 0.000   6.870 0.000   2.716 0.000   4.154 0.000 0.035 0.000  0.533 0.000
283.208333 284.208333   45.06 0.000   2.46 0.000 9.999 0.259000  0.32 0.000 0.070 0.000   1.858 0.000   3.345 0.000  14.929 0.000   4.899 0.000  10.030 0.000 0.114 0.000  1.050 0.000
286.208333 287.208333   28.45 0.000   1.22 0.000 9.999 0.259000 99.99 0.259 0.035 0.000   1.007 0.000   1.812 0.000   7.995 0.000   4.139 0.000   3.856 0.000 0.038 0.000  0.256 0.000
289.208333 290.208333   24.70 0.000   1.14 0.000 9.999 0.259000  0.23 0.000 0.115 0.000   1.780 0.000   3.204 0.000   9.927 0.000   2.007 0.000   7.920 0.000 0.078 0.000  0.715 0.000
292.208333 293.208333   17.93 0.000   0.68 0.000 0.025 0.000000 99.99 0.259 0.029 0.000   0.836 0.000   1.505 0.000   7.744 0.000   2.261 0.000   5.483 0.000 0.070 0.000  0.784 0.000
295.208333 296.208333   13.19 0.000   1.73 0.000 0.026 0.000000 99.99 0.259 0.016 0.000   0.536 0.000   0.964 0.000   9.781 0.000   1.937 0.000   7.844 0.000 0.021 0.000  1.518 0.000
298.208333 299.208333   42.20 0.000   2.32 0.000 9.999 0.259000  0.17 0.000 0.074 0.000   2.073 0.000   3.732 0.000  11.721 0.000   3.894 0.000   7.827 0.000 0.101 0.000  0.498 0.000
301.208333 302.208333   18.03 0.000   1.40 0.000 0.017 0.000000 99.99 0.259 0.042 0.000   0.946 0.000   1.703 0.000   8.081 0.000   4.222 0.000   3.859 0.000 0.049 0.000  0.260 0.000
304.208333 305.208333   61.02 0.000   1.97 0.000 0.021 0.000000 99.99 0.259 0.052 0.000   2.087 0.000   3.757 0.000  13.606 0.000   4.191 0.000   9.416 0.000 0.052 0.000  0.824 0.000
307.208333 308.208333   30.33 0.000   1.79 0.000 9.999 0.259000  0.22 0.000 0.166 0.000   2.284 0.000   4.112 0.000  11.828 0.000   3.812 0.000   8.016 0.000 0.127 0.000  0.664 0.000
310.208333 311.208333   95.32 0.000   5.52 0.000 9.999 0.259000  1.09 0.000 0.286 0.000   4.075 0.000   7.336 0.000  18.244 0.000   3.229 0.000  15.015 0.000 0.366 0.000  0.897 0.000
313.208333 314.208333   71.11 0.000   2.50 0.000 9.999 0.259000  0.30 0.000 0.058 0.000   2.578 0.000   4.641 0.000  18.568 0.000   5.932 0.000  12.636 0.000 0.204 0.000  1.306 0.000
316.208333 317.208333   21.58 0.000   1.04 0.000 9.999 0.259000  0.15 0.000 0.046 0.000   0.817 0.000   1.471 0.000   7.896 0.000   2.060 0.000   5.836 0.000 0.023 0.000  0.771 0.000
319.208333 320.208333   14.19 0.394   1.06 0.394 9.999 0.394259  0.25 0.394 0.030 0.394   1.233 0.394   2.219 0.394   8.129 0.000   3.007 0.394   5.122 0.000 0.033 0.394  0.536 0.394
322.208333 323.208333   38.56 0.000   3.09 0.000 9.999 0.259000  0.18 0.000 0.167 0.000   2.305 0.000   4.150 0.000  12.241 0.000   2.048 0.000  10.193 0.000 0.104 0.000  1.279 0.000
325.208333 326.208333   15.95 0.000   1.95 0.000 9.999 0.259000  0.37 0.000 0.281 0.000   0.822 0.000   1.479 0.000   5.798 0.000   1.964 0.000   3.834 0.000 0.031 0.000  0.338 0.000
328.208333 329.208333   37.57 0.000   4.63 0.000 9.999 0.259000  0.20 0.000 0.063 0.000   2.606 0.000   4.692 0.000   9.728 0.000   1.730 0.000   7.998 0.000 0.105 0.000  0.481 0.000
331.208333 332.208333   66.49 0.000   4.91 0.000 9.999 0.259000  0.11 0.000 0.118 0.000   4.874 0.000   8.774 0.000  18.664 0.000   3.486 0.000  15.178 0.000 0.152 0.000  0.976 0.000
334.208333 335.208333    6.96 0.000   0.85 0.000 9.999 0.259000  0.12 0.000 0.043 0.000   0.625 0.000   1.125 0.000   7.346 0.000   3.099 0.000   4.246 0.000 0.018 0.000  0.605 0.000
337.208333 338.208333   23.12 0.000   2.75 0.000 9.999 0.259000  0.14 0.000 0.100 0.000   1.095 0.000   1.970 0.000   8.071 0.000   2.612 0.000   5.459 0.000 0.041 0.000  0.580 0.000
340.208333 341.208333   27.17 0.000   1.45 0.000 9.999 0.259000  0.15 0.000 0.198 0.000   2.101 0.000   3.783 0.000  11.134 0.000   4.451 0.000   6.683 0.000 0.052 0.000  0.534 0.000
343.208333 344.208333   45.54 0.000   3.16 0.000 9.999 0.259000 99.99 0.259 0.139 0.000   3.959 0.000   7.125 0.000  12.729 0.000   3.887 0.000   8.842 0.000 0.142 0.000  0.262 0.000
346.208333 347.208333   66.93 0.000   4.58 0.000 9.999 0.259000  0.41 0.000 0.490 0.000  13.890 0.000  25.002 0.000  36.246 0.000   3.159 0.000  33.088 0.000 0.349 0.000  1.143 0.000
349.208333 350.208333   41.28 0.000   2.38 0.000 9.999 0.259000  0.30 0.000 0.073 0.000   2.199 0.000   3.958 0.000   9.899 0.000   3.928 0.000   5.971 0.000 0.074 0.000  0.341 0.000
352.208333 353.208333   53.53 0.000   3.80 0.000 9.999 0.259000  0.37 0.000 0.093 0.000   2.250 0.000   4.050 0.000  12.298 0.000   3.742 0.000   8.556 0.000 0.128 0.000  0.836 0.000
355.208333 356.208333   46.13 0.000   4.44 0.000 9.999 0.259000  0.46 0.000 0.128 0.000   2.942 0.000   5.295 0.000  10.803 0.000   2.250 0.000   8.553 0.000 0.165 0.000  0.637 0.000
358.208333 359.208333    9.58 0.000   2.73 0.000 9.999 0.259000 99.99 0.259 0.183 0.000   2.458 0.000   4.425 0.000   9.202 0.000   0.660 0.000   8.542 0.000 0.167 0.000  0.911 0.000
361.208333 362.208333   42.68 0.000   1.91 0.000 9.999 0.259000  0.11 0.000 0.083 0.000   4.311 0.000   7.759 0.000  13.115 0.000   2.490 0.000  10.625 0.000 0.123 0.000  0.616 0.000
364.208333 365.208333   42.26 0.000   6.45 0.000 9.999 0.259000  0.46 0.000 0.197 0.000   3.896 0.000   7.013 0.000  16.879 0.000   2.745 0.000  14.134 0.000 0.202 0.000  1.256 0.000
