scripts/IMPROVE-2019_partial/data/US0048R.20030103060000.20191216000000.filterpack..pm25.1y.1w.US03L_filterpack_US0048.US03L_IMPROVE_Davis.lev2.nas
64 1001
MISSING INFORMATION
US03L, IMPROVE, , , , , , , 
MISSING INFORMATION
IMPROVE sel_HTAP
1 1
2003 01 01 2019 12 16
3.00
days from file reference point
25
1 1 1 1 1 1 1 1 1 1 1 1 1 1 1 1 1 1 1 1 1 1 1 1 1
999.99 999.99 9.999 99.99 9.999 9.999 9.999999 9.99 9.999999 99.999 9.999999 99.999 9.999 99.999 9.999 999.999 9.999 999.999 9.999 999.999 9.999 9.999 9.999 99.999 9.999
end_time of measurement, days from the file reference point
iron, ng/m3, Revision date=20181210133000
numflag iron, no unit, Revision date=20181210133000
lead, ng/m3, Revision date=20181210133000
numflag lead, no unit, Revision date=20181210133000
magnesium, ug/m3, Revision date=20181210133000
numflag magnesium, no unit, Revision date=20181210133000
nickel, ng/m3, Revision date=20181210133000
numflag nickel, no unit, Revision date=20181210133000
nitrate, ug N/m3, Revision date=20181210133000
numflag nitrate, no unit, Revision date=20181210133000
organic_carbon, ug C/m3, Revision date=20181210133000
numflag organic_carbon, no unit, Revision date=20181210133000
organic_mass, ug/m3, Revision date=20181210133000
numflag organic_mass, no unit, Revision date=20181210133000
pm10_mass, ug/m3, Version=2, Version description=Data extracted from http://views.cira.colostate.edu/fed/DataWizard 2019-12-16, Sample duration=1d, Orig. time res.=3d, Matrix=pm10, Blank correction=Blank corrected, Volume std. temperature=ambient, Volume std. pressure=ambient
numflag pm10_mass, no unit, Version=2, Version description=Data extracted from http://views.cira.colostate.edu/fed/DataWizard 2019-12-16, Sample duration=1d, Orig. time res.=3d, Matrix=pm10, Blank correction=Blank corrected, Volume std. temperature=ambient, Volume std. pressure=ambient
pm10_pm25_mass, ug/m3, Revision date=20181210133000, Matrix=pm10_pm25
numflag pm10_pm25_mass, no unit, Revision date=20181210133000, Matrix=pm10_pm25
pm25_mass, ug/m3, Version=2, Version description=Data extracted from http://views.cira.colostate.edu/fed/DataWizard 2019-12-16, Sample duration=1d, Orig. time res.=3d, Blank correction=Blank corrected, Volume std. temperature=ambient, Volume std. pressure=ambient
numflag pm25_mass, no unit, Version=2, Version description=Data extracted from http://views.cira.colostate.edu/fed/DataWizard 2019-12-16, Sample duration=1d, Orig. time res.=3d, Blank correction=Blank corrected, Volume std. temperature=ambient, Volume std. pressure=ambient
potassium, ug/m3, Revision date=20181210133000
numflag potassium, no unit, Revision date=20181210133000
sulphate_total, ug S/m3, Revision date=20181210133000
numflag sulphate_total, no unit, Revision date=20181210133000
0
25
Data definition:              EBAS_1.1
Set type code:                TU
Timezone:                     UTC
File name:                    US0048R.20030103060000.20191216000000.filterpack..pm25.1y.1w.US03L_filterpack_US0048.US03L_IMPROVE_Davis.lev2.nas
File creation:                20191218115818
Startdate:                    20030103060000
Revision date:                20191216000000
Statistics:                   arithmetic mean
Data level:                   2
Period code:                  1y
Resolution code:              1w
Station code:                 US0048R
Platform code:                US0048S
Station name:                 Boundary Waters Canoe Area
Station latitude:             47.9466
Station longitude:            -91.4955
Station altitude:             526.0 m
Regime:                       IMG
Component:                    
Matrix:                       pm25
Laboratory code:              US03L
Instrument type:              filterpack
Instrument name:              filterpack_US0048
Method ref:                   US03L_IMPROVE_Davis
starttime endtime Fe flag_Fe Pb flag_Pb Mg++ flag_Mg++ Ni flag_Ni NO3- flag_NO3- OC flag_OC OM flag_OM PM10 flag_PM10 PM10-PM2.5 flag_PM10-PM2.5 PM2.5 flag_PM2.5 K+ flag_K+ SO4-- flag_SO4--
  2.25   3.25   5.55 0.000  0.65 0.000 9.999 0.259000 9.99 0.259000  0.015 0.559000  0.205 0.000  0.288 0.000   1.255 0.000   0.357 0.000   0.898 0.000 0.013 0.000  0.085 0.559
  5.25   6.25  20.13 0.000  0.38 0.000 9.999 0.259000 9.99 0.259000  0.048 0.559000  0.468 0.000  0.655 0.000   3.704 0.000   1.230 0.000   2.474 0.000 0.014 0.000  0.341 0.559
  8.25   9.25   2.95 0.000  0.20 0.000 9.999 0.259000 0.06 0.000000  0.019 0.000000  0.244 0.000  0.342 0.000   2.273 0.000   1.364 0.000   0.908 0.000 0.011 0.000  0.138 0.000
 11.25  12.25  55.20 0.000  0.75 0.000 0.033 0.000000 9.99 0.259000  0.164 0.559000  0.488 0.000  0.683 0.000   3.877 0.000   1.036 0.000   2.841 0.000 0.027 0.000  0.139 0.559
 14.25  15.25   8.04 0.000  1.50 0.000 9.999 0.259000 0.07 0.000000  0.063 0.559000  0.448 0.000  0.627 0.000   2.964 0.000   0.948 0.000   2.016 0.000 0.022 0.000  0.160 0.559
 17.25  18.25   6.05 0.000  0.46 0.000 0.011 0.000000 9.99 0.259000  0.052 0.559000  0.363 0.000  0.508 0.000   2.964 0.000   0.957 0.000   2.007 0.000 0.020 0.000  0.248 0.559
 20.25  21.25 999.99 0.999 99.99 0.999 9.999 0.999000 9.99 0.999000  0.065 0.559000 99.999 0.999 99.999 0.999 999.999 0.999 999.999 0.999 999.999 0.999 9.999 0.999  0.214 0.559
 23.25  24.25 999.99 0.999 99.99 0.999 9.999 0.999000 9.99 0.999000  0.194 0.559000 99.999 0.999 99.999 0.999 999.999 0.999 999.999 0.999 999.999 0.999 9.999 0.999  0.304 0.559
 26.25  27.25 999.99 0.999 99.99 0.999 9.999 0.999000 9.99 0.999000  0.329 0.559000 99.999 0.999 99.999 0.999 999.999 0.999 999.999 0.999 999.999 0.999 9.999 0.999  0.357 0.559
 29.25  30.25  28.90 0.559  1.07 0.559 0.017 0.559000 0.12 0.559000  0.787 0.559000  0.758 0.000  1.062 0.000   8.660 0.000 999.999 0.259   8.853 0.559 0.023 0.559  0.775 0.559
 32.25  33.25  10.09 0.000  0.64 0.000 9.999 0.259000 9.99 0.259000  0.071 0.559000  0.971 0.000  1.359 0.000   4.142 0.000 999.999 0.259   4.416 0.000 0.028 0.000  0.700 0.559
 35.25  36.25  41.79 0.000  0.70 0.000 9.999 0.259000 0.12 0.000000  0.054 0.000000  0.553 0.000  0.774 0.000   2.160 0.000   0.415 0.000   1.744 0.000 0.020 0.000  0.162 0.000
 38.25  39.25  10.10 0.559  0.97 0.559 9.999 0.559259 9.99 0.559259  0.052 0.000000  0.421 0.000  0.590 0.000   2.329 0.000   0.484 0.000   1.845 0.559 0.018 0.559  0.254 0.000
 41.25  42.25 999.99 0.999 99.99 0.999 9.999 0.999000 9.99 0.999000  0.123 0.559000 99.999 0.999 99.999 0.999 999.999 0.999 999.999 0.999 999.999 0.999 9.999 0.999  0.197 0.559
 44.25  45.25 999.99 0.999 99.99 0.999 9.999 0.999000 9.99 0.999000  0.119 0.559000 99.999 0.999 99.999 0.999 999.999 0.999 999.999 0.999 999.999 0.999 9.999 0.999  0.324 0.559
 47.25  48.25 999.99 0.999 99.99 0.999 9.999 0.999000 9.99 0.999000  0.039 0.000000 99.999 0.999 99.999 0.999 999.999 0.999 999.999 0.999 999.999 0.999 9.999 0.999  0.306 0.000
 50.25  51.25  29.27 0.000  1.52 0.000 0.012 0.000000 0.05 0.000000  0.452 0.000000  0.886 0.000  1.241 0.000   4.895 0.000 999.999 0.259   5.009 0.000 0.030 0.000  0.604 0.000
 53.25  54.25   8.99 0.000  1.75 0.000 9.999 0.259000 0.40 0.000000  0.012 0.559000  0.536 0.000  0.750 0.000   2.244 0.000 999.999 0.259   2.476 0.000 0.018 0.000  0.409 0.559
 56.25  57.25  42.30 0.559  1.57 0.559 9.999 0.559259 9.99 0.559259  1.107 0.559000  0.968 0.000  1.356 0.000  12.963 0.000   2.452 0.000  10.511 0.559 0.048 0.559  0.633 0.559
 59.25  60.25  58.51 0.559  1.52 0.559 0.015 0.559000 9.99 0.559259  0.620 0.000000  0.989 0.000  1.385 0.000   8.712 0.000   1.658 0.000   7.054 0.559 0.041 0.559  0.574 0.000
 62.25  63.25 999.99 0.999 99.99 0.999 9.999 0.999000 9.99 0.999000  0.057 0.559000 99.999 0.999 99.999 0.999 999.999 0.999 999.999 0.999 999.999 0.999 9.999 0.999  0.415 0.559
 65.25  66.25 999.99 0.999 99.99 0.999 9.999 0.999000 9.99 0.999000  0.241 0.000000 99.999 0.999 99.999 0.999 999.999 0.999 999.999 0.999 999.999 0.999 9.999 0.999  0.545 0.000
 68.25  69.25 999.99 0.999 99.99 0.999 9.999 0.999000 9.99 0.999000  0.158 0.559000 99.999 0.999 99.999 0.999 999.999 0.999 999.999 0.999 999.999 0.999 9.999 0.999  0.389 0.559
 71.25  72.25  14.34 0.000  0.85 0.000 9.999 0.259000 9.99 0.259000  0.054 0.559000  0.469 0.000  0.656 0.000   3.054 0.000   0.637 0.000   2.417 0.000 0.022 0.000  0.306 0.559
 74.25  75.25  73.26 0.000  3.13 0.000 9.999 0.259000 0.06 0.000000  2.083 0.559000  2.740 0.000  3.837 0.000  20.418 0.000   4.042 0.000  16.375 0.000 0.065 0.000  1.534 0.559
 77.25  78.25  15.33 0.000  1.95 0.000 9.999 0.259000 9.99 0.259000  0.060 0.559000  0.700 0.000  0.980 0.000   3.202 0.000   0.835 0.000   2.367 0.000 0.021 0.000  0.316 0.559
 80.25  81.25  10.43 0.000  4.87 0.000 9.999 0.259000 0.09 0.000000  0.033 0.000000  0.952 0.000  1.332 0.000   4.602 0.000   0.620 0.000   3.982 0.000 0.023 0.000  0.496 0.000
 83.25  84.25 999.99 0.999 99.99 0.999 9.999 0.999000 9.99 0.999000 99.999 0.999000 99.999 0.999 99.999 0.999 999.999 0.999 999.999 0.999 999.999 0.999 9.999 0.999 99.999 0.999
 86.25  87.25  19.35 0.000  0.63 0.000 9.999 0.259000 0.13 0.000000  0.043 0.000000  0.661 0.000  0.925 0.000   2.510 0.000 999.999 0.259   2.735 0.000 0.018 0.000  0.314 0.000
 89.25  90.25  25.75 0.000  1.17 0.000 9.999 0.259000 0.17 0.000000  0.166 0.000000  0.864 0.000  1.209 0.000   5.020 0.000   0.073 0.000   4.947 0.000 0.027 0.000  0.762 0.000
 92.25  93.25  17.29 0.000  1.07 0.000 9.999 0.259000 0.07 0.000000  0.017 0.559000  0.333 0.000  0.466 0.000   3.681 0.000   1.616 0.000   2.065 0.000 0.029 0.000  0.312 0.559
 95.25  96.25  15.80 0.000  0.89 0.000 9.999 0.259000 0.09 0.000000  0.025 0.559000  0.417 0.000  0.585 0.000   3.012 0.000   0.729 0.000   2.283 0.000 0.022 0.000  0.340 0.559
 98.25  99.25  42.98 0.559  1.89 0.559 9.999 0.559259 0.09 0.559000  0.232 0.000000  1.091 0.000  1.528 0.000   5.746 0.000   2.396 0.000   3.350 0.559 0.039 0.559  0.325 0.000
101.25 102.25   7.31 0.000  0.49 0.000 9.999 0.259000 9.99 0.259000  0.020 0.000000  0.668 0.000  0.935 0.000   2.578 0.000   0.064 0.000   2.514 0.000 0.015 0.000  0.370 0.000
104.25 105.25 999.99 0.999 99.99 0.999 9.999 0.999000 9.99 0.999000  0.016 0.559000 99.999 0.999 99.999 0.999 999.999 0.999 999.999 0.999 999.999 0.999 9.999 0.999  0.222 0.559
107.25 108.25 999.99 0.999 99.99 0.999 9.999 0.999000 9.99 0.999000  0.025 0.000000 99.999 0.999 99.999 0.999 999.999 0.999 999.999 0.999 999.999 0.999 9.999 0.999  0.481 0.000
110.25 111.25 999.99 0.999 99.99 0.999 9.999 0.999000 9.99 0.999000  0.006 0.559000 99.999 0.999 99.999 0.999 999.999 0.999 999.999 0.999 999.999 0.999 9.999 0.999  0.177 0.559
113.25 114.25  44.82 0.000  1.51 0.000 9.999 0.259000 0.09 0.000000  0.196 0.559000  1.454 0.000  2.035 0.000   8.084 0.000   3.557 0.000   4.527 0.000 0.043 0.000  0.418 0.559
116.25 117.25  49.94 0.000  1.54 0.000 9.999 0.259000 9.99 0.259000  0.120 0.559000  1.750 0.000  2.451 0.000  12.525 0.000   6.448 0.000   6.076 0.000 0.041 0.000  0.528 0.559
119.25 120.25  53.71 0.000  0.85 0.000 9.999 0.259000 0.06 0.000000  0.031 0.559000  1.215 0.000  1.701 0.000   5.911 0.000   1.995 0.000   3.916 0.000 0.046 0.000  0.372 0.559
122.25 123.25  45.16 0.000  1.15 0.000 9.999 0.259000 9.99 0.259000  0.035 0.000000  1.217 0.000  1.704 0.000   6.328 0.000   2.064 0.000   4.264 0.000 0.045 0.000  0.315 0.000
125.25 126.25 999.99 0.999 99.99 0.999 9.999 0.999000 9.99 0.999000  0.009 0.000000 99.999 0.999 99.999 0.999 999.999 0.999 999.999 0.999 999.999 0.999 9.999 0.999  0.267 0.000
128.25 129.25 999.99 0.999 99.99 0.999 9.999 0.999000 9.99 0.999000  0.007 0.559000 99.999 0.999 99.999 0.999 999.999 0.999 999.999 0.999 999.999 0.999 9.999 0.999  0.329 0.559
131.25 132.25 999.99 0.999 99.99 0.999 9.999 0.999000 9.99 0.999000  0.028 0.559000 99.999 0.999 99.999 0.999 999.999 0.999 999.999 0.999 999.999 0.999 9.999 0.999  0.622 0.559
134.25 135.25  20.68 0.000  1.06 0.000 9.999 0.259000 9.99 0.259000  0.010 0.559000  1.837 0.000  2.572 0.000   6.735 0.000   2.235 0.000   4.500 0.000 0.024 0.000  0.343 0.559
137.25 138.25  30.09 0.559  1.99 0.559 0.015 0.559000 0.21 0.559000  0.016 0.559000  1.793 0.000  2.510 0.000  18.202 0.000   4.313 0.000  13.889 0.559 0.024 0.559  2.773 0.559
140.25 141.25  12.85 0.000  0.79 0.000 9.999 0.259000 9.99 0.259000  0.012 0.559000  1.484 0.000  2.077 0.000   4.836 0.000   1.987 0.000   2.849 0.000 0.015 0.000  0.256 0.559
143.25 144.25  17.75 0.000  0.95 0.000 9.999 0.259000 0.06 0.000000  0.010 0.559000  1.867 0.000  2.613 0.000   5.663 0.000   2.058 0.000   3.605 0.000 0.019 0.000  0.252 0.559
146.25 147.25 999.99 0.999 99.99 0.999 9.999 0.999000 9.99 0.999000  0.025 0.559000 99.999 0.999 99.999 0.999 999.999 0.456 999.999 0.999 999.999 0.999 9.999 0.999  0.350 0.559
149.25 150.25 999.99 0.999 99.99 0.999 9.999 0.999000 9.99 0.999000  0.025 0.559000 99.999 0.999 99.999 0.999 999.999 0.456 999.999 0.999 999.999 0.999 9.999 0.999  0.226 0.559
152.25 153.25 999.99 0.999 99.99 0.999 9.999 0.999000 9.99 0.999000  0.014 0.559000 99.999 0.999 99.999 0.999 999.999 0.456 999.999 0.999 999.999 0.999 9.999 0.999  0.368 0.559
155.25 156.25  49.57 0.000  1.13 0.000 9.999 0.259000 9.99 0.259000  0.024 0.000000  3.909 0.000  5.472 0.000  13.104 0.000   3.885 0.000   9.219 0.000 0.045 0.000  0.644 0.000
158.25 159.25  21.70 0.000  1.16 0.000 9.999 0.259000 0.05 0.000000  0.043 0.000000  2.258 0.000  3.161 0.000   7.068 0.000   1.206 0.000   5.862 0.000 0.024 0.000  0.598 0.000
161.25 162.25  11.93 0.000  0.33 0.000 9.999 0.259000 9.99 0.259000  0.008 0.000000  2.620 0.000  3.668 0.000   6.779 0.000   2.564 0.000   4.215 0.000 0.017 0.000  0.188 0.000
164.25 165.25   6.56 0.000 99.99 0.259 9.999 0.259000 0.05 0.000000  0.005 0.000000  2.366 0.000  3.312 0.000   5.299 0.000   2.062 0.000   3.237 0.000 0.012 0.000  0.142 0.000
167.25 168.25 999.99 0.999 99.99 0.999 9.999 0.999000 9.99 0.999000  0.034 0.000000 99.999 0.999 99.999 0.999 999.999 0.999 999.999 0.999 999.999 0.999 9.999 0.999  0.622 0.000
170.25 171.25 999.99 0.999 99.99 0.999 9.999 0.999000 9.99 0.999000  0.013 0.000000 99.999 0.999 99.999 0.999 999.999 0.999 999.999 0.999 999.999 0.999 9.999 0.999  0.189 0.000
173.25 174.25 999.99 0.999 99.99 0.999 9.999 0.999000 9.99 0.999000  0.018 0.000000 99.999 0.999 99.999 0.999 999.999 0.999 999.999 0.999 999.999 0.999 9.999 0.999  0.682 0.000
176.25 177.25   1.89 0.000  0.30 0.000 0.017 0.000000 9.99 0.259000  0.013 0.559000  2.497 0.000  3.495 0.000   5.994 0.000   1.566 0.000   4.428 0.000 0.018 0.000  0.079 0.559
179.25 180.25  12.37 0.000  0.54 0.000 9.999 0.259000 9.99 0.259000  0.010 0.559000  1.354 0.000  1.896 0.000   3.986 0.000   1.528 0.000   2.458 0.000 0.013 0.000  0.201 0.559
182.25 183.25  30.22 0.000  1.28 0.000 9.999 0.259000 9.99 0.259000  0.038 0.000000  2.459 0.000  3.442 0.000  13.762 0.000   5.896 0.000   7.865 0.000 0.041 0.000  0.835 0.000
185.25 186.25  32.58 0.000  1.11 0.000 9.999 0.259000 9.99 0.259000  0.024 0.000000  1.864 0.000  2.610 0.000   7.680 0.000   4.207 0.000   3.472 0.000 0.071 0.000  0.191 0.000
188.25 189.25 999.99 0.999 99.99 0.999 9.999 0.999000 9.99 0.999000  0.005 0.559000 99.999 0.999 99.999 0.999 999.999 0.999 999.999 0.999 999.999 0.999 9.999 0.999  0.017 0.559
191.25 192.25 999.99 0.999 99.99 0.999 9.999 0.999000 9.99 0.999000  0.007 0.559000 99.999 0.999 99.999 0.999 999.999 0.999 999.999 0.999 999.999 0.999 9.999 0.999  0.055 0.559
194.25 195.25 999.99 0.999 99.99 0.999 9.999 0.999000 9.99 0.999000  0.025 0.559000 99.999 0.999 99.999 0.999 999.999 0.999 999.999 0.999 999.999 0.999 9.999 0.999  0.487 0.559
197.25 198.25   2.64 0.000  0.13 0.000 0.040 0.000000 9.99 0.259000 99.999 0.559259  1.040 0.000  1.456 0.000   2.474 0.000   1.193 0.000   1.282 0.000 0.009 0.000  0.043 0.559
200.25 201.25  28.43 0.559  0.50 0.559 9.999 0.559259 9.99 0.559259  0.024 0.559000  2.241 0.000  3.137 0.000   8.062 0.000   3.395 0.000   4.667 0.559 0.027 0.559  0.220 0.559
203.25 204.25   9.93 0.000  0.15 0.000 9.999 0.259000 0.04 0.000000  0.001 0.559000  1.361 0.000  1.905 0.000   3.512 0.000   1.574 0.000   1.937 0.000 0.008 0.000  0.058 0.559
206.25 207.25  55.07 0.559  1.25 0.559 9.999 0.559259 9.99 0.559259  0.064 0.559000  3.705 0.000  5.188 0.000  21.631 0.000  10.076 0.000  11.555 0.559 0.048 0.559  0.974 0.559
209.25 210.25 999.99 0.999 99.99 0.999 9.999 0.999000 9.99 0.999000  0.021 0.559000 99.999 0.999 99.999 0.999 999.999 0.999 999.999 0.999 999.999 0.999 9.999 0.999  0.372 0.559
212.25 213.25 999.99 0.999 99.99 0.999 9.999 0.999000 9.99 0.999000 99.999 0.559259 99.999 0.999 99.999 0.999 999.999 0.999 999.999 0.999 999.999 0.999 9.999 0.999  0.063 0.559
215.25 216.25 999.99 0.999 99.99 0.999 9.999 0.999000 9.99 0.999000  0.010 0.559000 99.999 0.999 99.999 0.999 999.999 0.999 999.999 0.999 999.999 0.999 9.999 0.999  0.455 0.559
218.25 219.25   8.54 0.000  0.46 0.000 9.999 0.259000 9.99 0.259000  0.008 0.559000  3.980 0.000  5.571 0.000  11.670 0.000   3.360 0.000   8.310 0.000 0.047 0.000  0.179 0.559
221.25 222.25  21.21 0.000  0.93 0.000 9.999 0.259000 0.31 0.000000  0.011 0.000000  3.451 0.000  4.832 0.000  11.450 0.000   2.713 0.000   8.737 0.000 0.045 0.000  0.306 0.000
224.25 225.25 999.99 0.999 99.99 0.999 9.999 0.999000 9.99 0.999000 99.999 0.999000 99.999 0.999 99.999 0.999 999.999 0.999 999.999 0.999 999.999 0.999 9.999 0.999 99.999 0.999
227.25 228.25  39.09 0.000  0.72 0.000 9.999 0.259000 9.99 0.259000  0.016 0.000000  3.452 0.000  4.832 0.000  15.460 0.000   4.742 0.000  10.718 0.000 0.043 0.000  0.772 0.000
230.25 231.25  69.03 0.000  1.60 0.000 9.999 0.259000 0.08 0.000000  0.053 0.000000  2.135 0.000  2.989 0.000  18.976 0.000   7.240 0.000  11.737 0.000 0.045 0.000  1.362 0.000
233.25 234.25  13.33 0.000  0.32 0.000 9.999 0.259000 9.99 0.259000  0.006 0.000000  1.307 0.000  1.829 0.000   5.870 0.000   2.484 0.000   3.386 0.000 0.013 0.000  0.180 0.000
236.25 237.25  27.05 0.000  0.76 0.000 9.999 0.259000 9.99 0.259000  0.014 0.000000  6.527 0.000  9.137 0.000  19.800 0.000   4.175 0.000  15.625 0.000 0.081 0.000  0.553 0.000
239.25 240.25  12.88 0.559  0.57 0.559 9.999 0.559259 9.99 0.559259  0.024 0.000000  1.230 0.000  1.723 0.000   7.394 0.000   2.915 0.000   4.479 0.559 0.021 0.559  0.279 0.000
242.25 243.25  36.91 0.559  0.98 0.559 9.999 0.559259 9.99 0.559259  0.020 0.000000  1.044 0.000  1.462 0.000  10.008 0.000   5.163 0.000   4.845 0.559 0.028 0.559  0.525 0.000
245.25 246.25   4.12 0.559  0.16 0.559 9.999 0.559259 9.99 0.559259  0.007 0.000000  0.537 0.000  0.752 0.000   3.472 0.000   1.885 0.000   1.587 0.559 0.013 0.559  0.063 0.000
248.25 249.25  64.28 0.559  0.74 0.559 9.999 0.559259 9.99 0.559259  0.033 0.000000  2.168 0.000  3.035 0.000  16.462 0.000   9.949 0.000   6.514 0.559 0.058 0.559  0.341 0.000
251.25 252.25  22.85 0.559  1.19 0.559 9.999 0.559259 0.09 0.559000 99.999 0.456000  1.591 0.000  2.227 0.000  12.773 0.000   5.262 0.000   7.511 0.559 0.026 0.559 99.999 0.456
254.25 255.25  14.18 0.559  0.83 0.559 9.999 0.559259 9.99 0.559259 99.999 0.456000  1.414 0.000  1.980 0.000  10.376 0.000   3.375 0.000   7.001 0.559 0.021 0.559 99.999 0.456
257.25 258.25   8.76 0.559  0.62 0.559 0.023 0.559000 9.99 0.559259 99.999 0.456000  0.812 0.000  1.136 0.000   7.271 0.000   3.099 0.000   4.172 0.559 0.013 0.559 99.999 0.456
260.25 261.25  22.97 0.000  1.14 0.000 0.024 0.000000 9.99 0.259000  0.030 0.000000  1.564 0.000  2.190 0.000  15.469 0.000   5.346 0.000  10.123 0.000 0.024 0.000  1.348 0.000
263.25 264.25  18.89 0.000  1.82 0.000 9.999 0.259000 0.04 0.000000  0.030 0.000000  0.994 0.000  1.391 0.000   7.614 0.000   3.243 0.000   4.371 0.000 0.019 0.000  0.409 0.000
266.25 267.25   7.85 0.000  0.33 0.000 9.999 0.259000 0.07 0.000000  0.015 0.000000  0.396 0.000  0.554 0.000   5.187 0.000   3.444 0.000   1.744 0.000 0.017 0.000  0.100 0.000
269.25 270.25   0.79 0.000  0.19 0.000 9.999 0.259000 9.99 0.259000 99.999 0.259000  0.152 0.000  0.212 0.000   1.966 0.000   1.437 0.000   0.530 0.000 0.004 0.000  0.033 0.000
