scripts/IMPROVE-2019_partial/data/US0097R.20100102080000.20191216000000.filterpack...52w.3d.US03L_filterpack_US0097.US03L_IMPROVE_Davis.lev2.nas
52 1001
MISSING INFORMATION
US03L, IMPROVE, , , , , , , 
MISSING INFORMATION
IMPROVE sel_HTAP
1 1
2010 01 01 2019 12 16
3.000000
days from file reference point
5
1 1 1 1 1
999.999999 999.999 9.999 999.999 9.999
end_time of measurement, days from the file reference point
pm10_mass, ug/m3, Matrix=pm10
numflag pm10_mass, no unit, Matrix=pm10
pm25_mass, ug/m3, Matrix=pm25
numflag pm25_mass, no unit, Matrix=pm25
0
33
Data definition:              EBAS_1.1
Set type code:                TU
Timezone:                     UTC
File name:                    US0097R.20100102080000.20191216000000.filterpack...52w.3d.US03L_filterpack_US0097.US03L_IMPROVE_Davis.lev2.nas
File creation:                20191218120202
Startdate:                    20100102080000
Revision date:                20191216000000
Version:                      2
Version description:          "Data extracted from http://views.cira.colostate.edu/fed/DataWizard 2019-12-16"
Statistics:                   arithmetic mean
Data level:                   2
Period code:                  52w
Resolution code:              3d
Sample duration:              1d
Orig. time res.:              3d
Station code:                 US0097R
Platform code:                US0097S
Station name:                 Redwood NP
Station latitude:             41.5608
Station longitude:            -124.0839
Station altitude:             243.0 m
Regime:                       IMG
Component:                    
Unit:                         ug/m3
Matrix:                       
Laboratory code:              US03L
Instrument type:              filterpack
Instrument name:              filterpack_US0097
Method ref:                   US03L_IMPROVE_Davis
Blank correction:             Blank corrected
Volume std. temperature:      ambient
Volume std. pressure:         ambient
starttime endtime PM10 flag_PM10 PM2.5 flag_PM2.5
  1.333333   2.333333   5.923 0.000   2.250 0.000
  4.333333   5.333333   4.885 0.000   2.056 0.000
  7.333333   8.333333   9.293 0.000   3.603 0.000
 10.333333  11.333333  19.377 0.000   7.171 0.000
 13.333333  14.333333   5.231 0.000   1.425 0.000
 16.333333  17.333333   8.768 0.000   3.709 0.000
 19.333333  20.333333   0.801 0.000   0.125 0.000
 22.333333  23.333333   2.109 0.000   0.615 0.000
 25.333333  26.333333   3.921 0.000   1.603 0.000
 28.333333  29.333333  13.692 0.000   5.337 0.000
 31.333333  32.333333   1.383 0.000   0.520 0.000
 34.333333  35.333333 999.999 0.999 999.999 0.999
 37.333333  38.333333 999.999 0.999 999.999 0.999
 40.333333  41.333333 999.999 0.999 999.999 0.999
 43.333333  44.333333 999.999 0.999 999.999 0.999
 46.333333  47.333333 999.999 0.999 999.999 0.999
 49.333333  50.333333   4.840 0.000   2.387 0.000
 52.333333  53.333333   7.537 0.000   3.252 0.000
 55.333333  56.333333   3.134 0.000   1.242 0.000
 58.333333  59.333333  10.047 0.000   3.874 0.000
 61.333333  62.333333   5.551 0.000   2.130 0.000
 64.333333  65.333333   9.451 0.000   4.570 0.000
 67.333333  68.333333   5.261 0.000   2.153 0.000
 70.333333  71.333333   5.119 0.000   2.203 0.000
 73.333333  74.333333  11.822 0.000   4.355 0.000
 76.333333  77.333333 999.999 0.999 999.999 0.999
 79.333333  80.333333 999.999 0.999 999.999 0.999
 82.333333  83.333333   9.881 0.000   4.256 0.000
 85.333333  86.333333   9.454 0.000   3.951 0.000
 88.333333  89.333333  11.815 0.000   4.196 0.000
 91.333333  92.333333  13.501 0.000   4.836 0.000
 94.333333  95.333333   6.265 0.000   2.964 0.000
 97.333333  98.333333   7.081 0.000   3.273 0.000
100.333333 101.333333   6.380 0.000   3.644 0.000
103.333333 104.333333   7.882 0.000   3.616 0.000
106.333333 107.333333   7.722 0.000   3.025 0.000
109.333333 110.333333   3.555 0.000   1.738 0.000
112.333333 113.333333  13.900 0.000   5.867 0.000
115.333333 116.333333  10.156 0.000   5.208 0.000
118.333333 119.333333   4.806 0.000   1.656 0.000
121.333333 122.333333   6.007 0.000   2.224 0.000
124.333333 125.333333   6.528 0.000   2.353 0.000
127.333333 128.333333  11.857 0.000   4.258 0.000
130.333333 131.333333   8.716 0.000   2.957 0.000
133.333333 134.333333   6.870 0.000   3.686 0.000
136.333333 137.333333   3.704 0.000   2.569 0.000
139.333333 140.333333  10.960 0.000   3.543 0.000
142.333333 143.333333   5.250 0.000   1.715 0.000
145.333333 146.333333 999.999 0.999 999.999 0.999
148.333333 149.333333 999.999 0.999 999.999 0.999
151.333333 152.333333 999.999 0.999 999.999 0.999
154.333333 155.333333 999.999 0.999 999.999 0.999
157.333333 158.333333 999.999 0.999 999.999 0.999
160.333333 161.333333  10.650 0.000   4.646 0.000
163.333333 164.333333   6.837 0.000   2.756 0.000
166.333333 167.333333 999.999 0.999 999.999 0.999
169.333333 170.333333 999.999 0.999 999.999 0.999
172.333333 173.333333 999.999 0.999 999.999 0.999
175.333333 176.333333   2.869 0.000   1.510 0.000
178.333333 179.333333   2.912 0.000   1.585 0.000
181.333333 182.333333   7.019 0.000   2.992 0.000
184.333333 185.333333  17.265 0.000   7.741 0.000
187.333333 188.333333   1.244 0.000   0.855 0.000
190.333333 191.333333   4.919 0.000   3.136 0.000
193.333333 194.333333  21.228 0.000   8.911 0.000
196.333333 197.333333 999.999 0.999 999.999 0.999
199.333333 200.333333 999.999 0.999 999.999 0.999
202.333333 203.333333   9.598 0.000   4.388 0.000
205.333333 206.333333 999.999 0.456   1.557 0.000
208.333333 209.333333   2.086 0.000   0.925 0.000
211.333333 212.333333 999.999 0.999 999.999 0.999
214.333333 215.333333 999.999 0.999 999.999 0.999
217.333333 218.333333   1.351 0.000   0.579 0.000
220.333333 221.333333   1.471 0.000   0.488 0.000
223.333333 224.333333   1.310 0.000   0.554 0.000
226.333333 227.333333   1.025 0.000   0.428 0.000
229.333333 230.333333   3.027 0.000   1.704 0.000
232.333333 233.333333   3.744 0.000   2.400 0.000
235.333333 236.333333  18.192 0.000  12.572 0.000
238.333333 239.333333  14.531 0.000   4.095 0.000
241.333333 242.333333   3.932 0.000   1.789 0.000
244.333333 245.333333   5.280 0.000   2.598 0.000
247.333333 248.333333  12.600 0.000   4.668 0.000
250.333333 251.333333   1.899 0.000   1.137 0.000
253.333333 254.333333 999.999 0.456   2.121 0.000
256.333333 257.333333   0.911 0.000   0.417 0.000
259.333333 260.333333   1.893 0.000   0.807 0.000
262.333333 263.333333   4.903 0.000   1.858 0.000
265.333333 266.333333   5.822 0.000   2.886 0.000
268.333333 269.333333   9.734 0.000   3.778 0.000
271.333333 272.333333  12.698 0.000   6.546 0.000
274.333333 275.333333   1.158 0.000   0.480 0.000
277.333333 278.333333   8.756 0.000   4.238 0.000
280.333333 281.333333   8.118 0.000   3.765 0.000
283.333333 284.333333  10.750 0.000   4.114 0.000
286.333333 287.333333  11.967 0.000   6.254 0.000
289.333333 290.333333   9.032 0.000   4.603 0.000
292.333333 293.333333 999.999 0.999 999.999 0.999
295.333333 296.333333   5.377 0.000   1.976 0.000
298.333333 299.333333 999.999 0.999 999.999 0.999
301.333333 302.333333 999.999 0.999 999.999 0.999
304.333333 305.333333 999.999 0.999 999.999 0.999
307.333333 308.333333   3.577 0.000   4.222 0.000
310.333333 311.333333   7.904 0.000   1.258 0.000
313.333333 314.333333   7.364 0.000   2.538 0.000
316.333333 317.333333  13.905 0.000   6.186 0.000
319.333333 320.333333  10.842 0.000   4.494 0.000
322.333333 323.333333   3.336 0.000   1.510 0.000
325.333333 326.333333   2.413 0.000   0.932 0.000
328.333333 329.333333   2.882 0.000   1.830 0.000
331.333333 332.333333   3.902 0.000   1.351 0.000
334.333333 335.333333   1.076 0.000   0.417 0.000
337.333333 338.333333   3.139 0.000   1.686 0.000
340.333333 341.333333   7.876 0.000   3.095 0.000
343.333333 344.333333   1.523 0.000   0.630 0.000
346.333333 347.333333   1.605 0.000   0.539 0.000
349.333333 350.333333   2.846 0.000   1.146 0.000
352.333333 353.333333   3.802 0.000   1.500 0.000
355.333333 356.333333   2.448 0.000   0.845 0.000
358.333333 359.333333   5.456 0.000   1.738 0.000
361.333333 362.333333   0.623 0.000   0.273 0.000
364.333333 365.333333   0.669 0.000   0.574 0.000
