scripts/IMPROVE-2019_partial/data/US0064R.19930102080000.20191216000000.filterpack...1y.3d.US03L_filterpack_US0064.US03L_IMPROVE_Davis.lev2.nas
51 1001
MISSING INFORMATION
US03L, IMPROVE, , , , , , , 
MISSING INFORMATION
IMPROVE sel_HTAP
1 1
1993 01 01 2019 12 16
0
days from file reference point
4
1 1 1 1
999.999999 999.999 99.999 9.999
end_time of measurement, days from the file reference point
pm10_mass, ug/m3, Matrix=pm10
pm25_mass, ug/m3, Matrix=pm25
numflag, no unit
0
33
Data definition:              EBAS_1.1
Set type code:                TI
Timezone:                     UTC
File name:                    US0064R.19930102080000.20191216000000.filterpack...1y.3d.US03L_filterpack_US0064.US03L_IMPROVE_Davis.lev2.nas
File creation:                20191218115935
Startdate:                    19930102080000
Revision date:                20191216000000
Version:                      2
Version description:          "Data extracted from http://views.cira.colostate.edu/fed/DataWizard 2019-12-16"
Statistics:                   arithmetic mean
Data level:                   2
Period code:                  1y
Resolution code:              3d
Sample duration:              1d
Orig. time res.:              3d
Station code:                 US0064R
Platform code:                US0064S
Station name:                 Jarbidge Wilderness
Station latitude:             41.8926
Station longitude:            -115.4261
Station altitude:             1869.0 m
Regime:                       IMG
Component:                    
Unit:                         ug/m3
Matrix:                       
Laboratory code:              US03L
Instrument type:              filterpack
Instrument name:              filterpack_US0064
Method ref:                   US03L_IMPROVE_Davis
Blank correction:             Blank corrected
Volume std. temperature:      ambient
Volume std. pressure:         ambient
starttime endtime PM10 PM2.5 flag
  1.333333   2.333333   4.120  0.519 0.000
  5.333333   6.333333   2.500  1.502 0.000
  8.333333   9.333333   0.979  0.965 0.000
 12.333333  13.333333   3.333  1.392 0.000
 15.333333  16.333333   3.392 99.999 0.000
 19.333333  20.333333 999.999 99.999 0.999
 22.333333  23.333333 999.999 99.999 0.999
 26.333333  27.333333   2.669  1.028 0.000
 29.333333  30.333333   5.325  4.206 0.000
 33.333333  34.333333   3.962  1.524 0.000
 36.333333  37.333333   3.705  1.885 0.000
 40.333333  41.333333   1.176  0.615 0.000
 43.333333  44.333333   1.581  0.744 0.000
 47.333333  48.333333   5.617  2.816 0.000
 50.333333  51.333333   2.783  0.841 0.000
 54.333333  55.333333   1.336  1.188 0.000
 57.333333  58.333333 999.999 99.999 0.999
 61.333333  62.333333   2.570  1.076 0.000
 64.333333  65.333333   1.566  0.633 0.000
 68.333333  69.333333   4.722  1.719 0.000
 71.333333  72.333333   6.429  2.812 0.000
 75.333333  76.333333   3.258 99.999 0.000
 78.333333  79.333333   2.846  1.358 0.000
 82.333333  83.333333   7.849  3.166 0.000
 85.333333  86.333333   2.154  1.693 0.000
 89.333333  90.333333   7.262  4.281 0.000
 92.333333  93.333333   3.909 99.999 0.000
 96.333333  97.333333   7.573  0.797 0.000
 99.333333 100.333333   6.215  1.772 0.000
103.333333 104.333333   3.008  1.869 0.000
106.333333 107.333333  12.763  4.671 0.000
110.333333 111.333333   6.364  1.122 0.000
113.333333 114.333333   3.602  0.650 0.000
117.333333 118.333333   7.960  3.698 0.000
120.333333 121.333333   8.360  4.695 0.000
124.333333 125.333333 999.999  0.459 0.000
127.333333 128.333333   2.121  1.896 0.000
131.333333 132.333333  11.745  4.489 0.000
134.333333 135.333333  16.943  4.582 0.000
138.333333 139.333333 999.999 99.999 0.999
141.333333 142.333333   5.000  2.209 0.000
145.333333 146.333333 999.999 99.999 0.999
148.333333 149.333333  16.015  4.814 0.000
152.333333 153.333333 999.999 99.999 0.999
155.333333 156.333333   5.586  0.849 0.000
159.333333 160.333333   3.835  2.191 0.000
162.333333 163.333333   8.359  2.141 0.000
166.333333 167.333333   4.218  1.902 0.000
169.333333 170.333333   9.887  2.879 0.000
173.333333 174.333333   6.863  1.728 0.000
176.333333 177.333333  11.374  3.210 0.000
180.333333 181.333333   7.011  2.329 0.000
183.333333 184.333333   4.361  2.099 0.000
187.333333 188.333333 999.999 99.999 0.999
190.333333 191.333333  13.233  4.414 0.000
194.333333 195.333333 999.999 99.999 0.999
197.333333 198.333333 999.999 99.999 0.999
201.333333 202.333333 999.999 99.999 0.999
204.333333 205.333333   7.008  2.879 0.000
208.333333 209.333333 999.999 99.999 0.999
211.333333 212.333333 999.999 99.999 0.999
215.333333 216.333333 999.999 99.999 0.999
218.333333 219.333333  12.302  3.758 0.000
222.333333 223.333333   4.706  2.818 0.000
225.333333 226.333333  17.262  4.509 0.000
229.333333 230.333333  16.182  4.620 0.000
232.333333 233.333333   7.273  3.252 0.000
236.333333 237.333333  13.741  4.055 0.000
239.333333 240.333333  11.673  4.338 0.000
243.333333 244.333333  12.477 99.999 0.000
246.333333 247.333333  13.446  6.189 0.000
250.333333 251.333333  10.500  4.574 0.000
253.333333 254.333333  15.538  4.700 0.000
257.333333 258.333333 999.999 99.999 0.999
260.333333 261.333333   9.183  5.441 0.000
264.333333 265.333333 999.999 99.999 0.999
267.333333 268.333333  12.198  3.731 0.000
271.333333 272.333333  10.830  4.785 0.000
274.333333 275.333333  32.205  5.123 0.000
278.333333 279.333333  12.192  5.929 0.000
281.333333 282.333333 999.999  2.862 0.000
285.333333 286.333333   5.534  4.673 0.000
288.333333 289.333333   2.459  1.495 0.000
292.333333 293.333333 999.999 99.999 0.999
295.333333 296.333333   6.964  2.681 0.000
299.333333 300.333333 999.999 99.999 0.999
302.333333 303.333333  15.188  3.055 0.000
306.333333 307.333333  10.248  2.771 0.000
309.333333 310.333333   4.711  2.240 0.000
313.333333 314.333333   9.881  3.599 0.000
316.333333 317.333333   6.296  4.241 0.000
320.333333 321.333333   3.953 99.999 0.000
323.333333 324.333333   2.811  1.818 0.000
327.333333 328.333333   2.845  1.672 0.000
330.333333 331.333333   2.468  1.022 0.000
334.333333 335.333333   1.752  0.871 0.000
337.333333 338.333333   5.652  0.839 0.000
341.333333 342.333333  17.185  5.083 0.000
344.333333 345.333333  30.931  9.344 0.000
348.333333 349.333333   5.021  2.774 0.000
351.333333 352.333333   2.176  1.419 0.000
355.333333 356.333333   2.531  1.266 0.000
358.333333 359.333333   3.544  0.895 0.000
362.333333 363.333333   1.595  0.743 0.000
