scripts/IMPROVE-2019_partial/data/US0082R.19970101050000.20191216000000.filterpack...1y.3d.US03L_filterpack_US0082.US03L_IMPROVE_Davis.lev2.nas
51 1001
MISSING INFORMATION
US03L, IMPROVE, , , , , , , 
MISSING INFORMATION
IMPROVE sel_HTAP
1 1
1997 01 01 2019 12 16
0
days from file reference point
4
1 1 1 1
999.999999 999.999 999.999 9.999
end_time of measurement, days from the file reference point
pm10_mass, ug/m3, Matrix=pm10
pm25_mass, ug/m3, Matrix=pm25
numflag, no unit
0
33
Data definition:              EBAS_1.1
Set type code:                TI
Timezone:                     UTC
File name:                    US0082R.19970101050000.20191216000000.filterpack...1y.3d.US03L_filterpack_US0082.US03L_IMPROVE_Davis.lev2.nas
File creation:                20191218120055
Startdate:                    19970101050000
Revision date:                20191216000000
Version:                      2
Version description:          "Data extracted from http://views.cira.colostate.edu/fed/DataWizard 2019-12-16"
Statistics:                   arithmetic mean
Data level:                   2
Period code:                  1y
Resolution code:              3d
Sample duration:              1d
Orig. time res.:              3d
Station code:                 US0082R
Platform code:                US0082S
Station name:                 Lye Brook Wilderness
Station latitude:             43.1482
Station longitude:            -73.1268
Station altitude:             1015.0 m
Regime:                       IMG
Component:                    
Unit:                         ug/m3
Matrix:                       
Laboratory code:              US03L
Instrument type:              filterpack
Instrument name:              filterpack_US0082
Method ref:                   US03L_IMPROVE_Davis
Blank correction:             Blank corrected
Volume std. temperature:      ambient
Volume std. pressure:         ambient
starttime endtime PM10 PM2.5 flag
  0.208333   1.208333 999.999   6.439 0.000
  3.208333   4.208333   8.681   8.013 0.000
  7.208333   8.208333   3.296 999.999 0.000
 10.208333  11.208333   7.177   6.131 0.000
 14.208333  15.208333  11.574   7.314 0.000
 17.208333  18.208333   7.755   6.777 0.000
 21.208333  22.208333  11.173 999.999 0.000
 24.208333  25.208333 999.999 999.999 0.999
 28.208333  29.208333 999.999 999.999 0.999
 31.208333  32.208333 999.999 999.999 0.999
 35.208333  36.208333 999.999 999.999 0.999
 38.208333  39.208333 999.999 999.999 0.999
 42.208333  43.208333 999.999  13.258 0.000
 45.208333  46.208333 999.999 999.999 0.999
 49.208333  50.208333  13.226   8.730 0.000
 52.208333  53.208333   9.323   6.481 0.000
 56.208333  57.208333  14.614  13.005 0.000
 59.208333  60.208333 999.999   8.091 0.000
 63.208333  64.208333  12.027  11.289 0.000
 66.208333  67.208333   7.720 999.999 0.000
 70.208333  71.208333   4.448   4.126 0.000
 73.208333  74.208333  10.651   4.898 0.000
 77.208333  78.208333   7.296   4.663 0.000
 80.208333  81.208333   4.911   4.332 0.000
 84.208333  85.208333   5.563   5.896 0.000
 87.208333  88.208333  12.891  11.301 0.000
 91.208333  92.208333   6.906   3.734 0.000
 94.208333  95.208333   7.975   5.700 0.000
 98.208333  99.208333   3.854   3.112 0.000
101.208333 102.208333   8.356   6.191 0.000
105.208333 106.208333  13.323  11.033 0.000
108.208333 109.208333   4.944   4.748 0.000
112.208333 113.208333   8.822   3.300 0.000
115.208333 116.208333   6.001   4.695 0.000
119.208333 120.208333  15.436  11.877 0.000
122.208333 123.208333   3.623 999.999 0.000
126.208333 127.208333  12.162  10.224 0.000
129.208333 130.208333   6.719   4.758 0.000
133.208333 134.208333  17.548  15.068 0.000
136.208333 137.208333  14.524   8.378 0.000
140.208333 141.208333  13.926  14.849 0.000
143.208333 144.208333  12.116  10.528 0.000
147.208333 148.208333  15.142  12.349 0.000
150.208333 151.208333  21.087 999.999 0.000
154.208333 155.208333   6.526   3.920 0.000
157.208333 158.208333  10.643   6.451 0.000
161.208333 162.208333  18.273  14.327 0.000
164.208333 165.208333  10.031   9.228 0.000
168.208333 169.208333  16.274  13.982 0.000
171.208333 172.208333  42.754  42.730 0.000
175.208333 176.208333  28.387  23.434 0.000
178.208333 179.208333   8.028   5.629 0.000
182.208333 183.208333  18.740  13.430 0.000
185.208333 186.208333   5.848   3.868 0.000
189.208333 190.208333  21.511  20.680 0.000
192.208333 193.208333   8.875   8.976 0.000
196.208333 197.208333  12.239   9.815 0.000
199.208333 200.208333 999.999 999.999 0.999
203.208333 204.208333   6.418   4.340 0.000
206.208333 207.208333  10.913   8.426 0.000
210.208333 211.208333   3.854   4.012 0.000
213.208333 214.208333  26.354  23.747 0.000
217.208333 218.208333 999.999 999.999 0.999
220.208333 221.208333  14.916  10.634 0.000
224.208333 225.208333   8.979   6.104 0.000
227.208333 228.208333  13.994  11.802 0.000
231.208333 232.208333   5.822   4.464 0.000
234.208333 235.208333 999.999   7.069 0.000
238.208333 239.208333  25.579  24.477 0.000
241.208333 242.208333  11.655   7.068 0.000
245.208333 246.208333   5.226   4.080 0.000
248.208333 249.208333   9.715   7.407 0.000
252.208333 253.208333 999.999 999.999 0.999
255.208333 256.208333 999.999 999.999 0.999
259.208333 260.208333  10.453   6.410 0.000
262.208333 263.208333   8.269   5.028 0.000
266.208333 267.208333   6.834   4.128 0.000
269.208333 270.208333   6.149   2.588 0.000
273.208333 274.208333   5.972 999.999 0.000
276.208333 277.208333  33.403  24.991 0.000
280.208333 281.208333 999.999 999.999 0.999
283.208333 284.208333 999.999 999.999 0.999
287.208333 288.208333   1.979   1.621 0.000
290.208333 291.208333   5.414   4.191 0.000
294.208333 295.208333   6.708   4.473 0.000
297.208333 298.208333   9.815   7.820 0.000
301.208333 302.208333 999.999 999.999 0.999
304.208333 305.208333   2.683   1.962 0.000
308.208333 309.208333   7.880   5.422 0.000
311.208333 312.208333   3.730   2.304 0.000
315.208333 316.208333   5.392   3.904 0.000
318.208333 319.208333   3.064 999.999 0.000
322.208333 323.208333  14.579  10.770 0.000
325.208333 326.208333   6.782   5.288 0.000
329.208333 330.208333  18.614 999.999 0.000
332.208333 333.208333   9.040 999.999 0.000
336.208333 337.208333   1.068   0.932 0.000
339.208333 340.208333   2.630   2.325 0.000
343.208333 344.208333   6.118   4.587 0.000
346.208333 347.208333   7.838   4.992 0.000
350.208333 351.208333  14.220   8.979 0.000
353.208333 354.208333   4.545   3.844 0.000
357.208333 358.208333 999.999 999.999 0.999
360.208333 361.208333 999.999 999.999 0.999
364.208333 365.208333   6.985   4.525 0.000
