scripts/IMPROVE-2019_partial/data/US0096R.20070103070000.20191216000000.filterpack...1y.3d.US03L_filterpack_US0096.US03L_IMPROVE_Davis.lev2.nas
51 1001
MISSING INFORMATION
US03L, IMPROVE, , , , , , , 
MISSING INFORMATION
IMPROVE sel_HTAP
1 1
2007 01 01 2019 12 16
3.000000
days from file reference point
4
1 1 1 1
999.999999 999.999 999.999 9.999
end_time of measurement, days from the file reference point
pm10_mass, ug/m3, Matrix=pm10
pm25_mass, ug/m3, Matrix=pm25
numflag, no unit
0
33
Data definition:              EBAS_1.1
Set type code:                TU
Timezone:                     UTC
File name:                    US0096R.20070103070000.20191216000000.filterpack...1y.3d.US03L_filterpack_US0096.US03L_IMPROVE_Davis.lev2.nas
File creation:                20191218120155
Startdate:                    20070103070000
Revision date:                20191216000000
Version:                      2
Version description:          "Data extracted from http://views.cira.colostate.edu/fed/DataWizard 2019-12-16"
Statistics:                   arithmetic mean
Data level:                   2
Period code:                  1y
Resolution code:              3d
Sample duration:              1d
Orig. time res.:              3d
Station code:                 US0096R
Platform code:                US0096S
Station name:                 Queen Valley
Station latitude:             33.2939
Station longitude:            -111.2858
Station altitude:             661.0 m
Regime:                       IMG
Component:                    
Unit:                         ug/m3
Matrix:                       
Laboratory code:              US03L
Instrument type:              filterpack
Instrument name:              filterpack_US0096
Method ref:                   US03L_IMPROVE_Davis
Blank correction:             Blank corrected
Volume std. temperature:      ambient
Volume std. pressure:         ambient
starttime endtime PM10 PM2.5 flag
  2.291667   3.291667   9.451   4.163 0.000
  5.291667   6.291667   3.691   1.377 0.000
  8.291667   9.291667   9.679   1.751 0.000
 11.291667  12.291667  13.939   3.579 0.000
 14.291667  15.291667   6.508   2.383 0.000
 17.291667  18.291667   6.457   2.352 0.000
 20.291667  21.291667   4.360   2.909 0.000
 23.291667  24.291667   3.499   1.713 0.000
 26.291667  27.291667   7.541   2.055 0.000
 29.291667  30.291667   4.905   2.123 0.000
 32.291667  33.291667   9.236   4.093 0.000
 35.291667  36.291667   2.374   0.935 0.000
 38.291667  39.291667   6.475   2.133 0.000
 41.291667  42.291667   9.876   3.448 0.000
 44.291667  45.291667  22.898   4.612 0.000
 47.291667  48.291667   6.586   0.932 0.000
 50.291667  51.291667   7.663   1.998 0.000
 53.291667  54.291667  18.341   2.987 0.000
 56.291667  57.291667   8.750   2.232 0.000
 59.291667  60.291667  13.870   2.776 0.000
 62.291667  63.291667   7.994   1.669 0.000
 65.291667  66.291667  10.314   3.298 0.000
 68.291667  69.291667  16.878   4.278 0.000
 71.291667  72.291667  13.706   3.414 0.000
 74.291667  75.291667  15.954   3.710 0.000
 77.291667  78.291667  12.080   3.111 0.000
 80.291667  81.291667   3.757   1.274 0.000
 83.291667  84.291667   5.026   3.082 0.000
 86.291667  87.291667  31.309   8.108 0.000
 89.291667  90.291667  11.058   3.294 0.000
 92.291667  93.291667  12.116   4.047 0.000
 95.291667  96.291667  17.984   5.101 0.000
 98.291667  99.291667  38.598  11.229 0.000
101.291667 102.291667 999.999 999.999 0.999
104.291667 105.291667  26.494   7.789 0.000
107.291667 108.291667  49.121  12.616 0.000
110.291667 111.291667   9.948   4.248 0.000
113.291667 114.291667   7.503   2.172 0.000
116.291667 117.291667  17.333   5.485 0.000
119.291667 120.291667  16.686   5.944 0.000
122.291667 123.291667  26.653   8.920 0.000
125.291667 126.291667   7.870   2.734 0.000
128.291667 129.291667  16.742   5.539 0.000
131.291667 132.291667  19.092   6.259 0.000
134.291667 135.291667  16.772   8.047 0.000
137.291667 138.291667  15.990   8.250 0.000
140.291667 141.291667  31.242  12.415 0.000
143.291667 144.291667  18.949   6.419 0.000
146.291667 147.291667  15.630   4.561 0.000
149.291667 150.291667  13.747   5.311 0.000
152.291667 153.291667  17.465   6.289 0.000
155.291667 156.291667  20.559   7.042 0.000
158.291667 159.291667  37.317   9.584 0.000
161.291667 162.291667  16.048   3.766 0.000
164.291667 165.291667  22.636   7.135 0.000
167.291667 168.291667  13.119   5.027 0.000
170.291667 171.291667  24.065   7.153 0.000
173.291667 174.291667  16.557   6.136 0.000
176.291667 177.291667  17.971   5.997 0.000
179.291667 180.291667  16.517   5.964 0.000
182.291667 183.291667  17.996   6.899 0.000
185.291667 186.291667  41.069   8.633 0.000
188.291667 189.291667  51.488  17.190 0.000
191.291667 192.291667 999.999 999.999 0.999
194.291667 195.291667  20.587   7.291 0.000
197.291667 198.291667  16.804   6.162 0.000
200.291667 201.291667  27.472   6.551 0.000
203.291667 204.291667 999.999 999.999 0.999
206.291667 207.291667  11.380   4.237 0.000
209.291667 210.291667   9.446   4.488 0.000
212.291667 213.291667  11.997   5.194 0.000
215.291667 216.291667   8.045   3.896 0.000
218.291667 219.291667  12.696   4.721 0.000
221.291667 222.291667  21.734   6.534 0.000
224.291667 225.291667  16.952   6.103 0.000
227.291667 228.291667  14.559   6.878 0.000
230.291667 231.291667  22.935   9.074 0.000
233.291667 234.291667  21.113   7.629 0.000
236.291667 237.291667  37.906   7.196 0.000
239.291667 240.291667  11.159   4.710 0.000
242.291667 243.291667  12.440   4.402 0.000
245.291667 246.291667  12.586   6.379 0.000
248.291667 249.291667  16.006   5.731 0.000
251.291667 252.291667  16.695   5.978 0.000
254.291667 255.291667   9.309   3.454 0.000
257.291667 258.291667 999.999 999.999 0.999
260.291667 261.291667  16.773   4.050 0.000
263.291667 264.291667  13.715   4.605 0.000
266.291667 267.291667 999.999 999.999 0.999
269.291667 270.291667  11.833   3.673 0.000
272.291667 273.291667 999.999 999.999 0.999
275.291667 276.291667  16.014   5.268 0.000
278.291667 279.291667 999.999 999.999 0.999
281.291667 282.291667  25.885   7.314 0.000
284.291667 285.291667  21.870   4.542 0.000
287.291667 288.291667 999.999 999.999 0.999
290.291667 291.291667  39.413   6.594 0.000
293.291667 294.291667 999.999 999.999 0.999
296.291667 297.291667   8.053   2.260 0.000
299.291667 300.291667 999.999   2.935 0.000
302.291667 303.291667 999.999   5.013 0.000
305.291667 306.291667 999.999   5.981 0.000
308.291667 309.291667 999.999   7.417 0.000
311.291667 312.291667 999.999  12.053 0.000
314.291667 315.291667 999.999   6.976 0.000
317.291667 318.291667 999.999   4.521 0.000
320.291667 321.291667 999.999   9.182 0.000
323.291667 324.291667 999.999   4.638 0.000
326.291667 327.291667 999.999   6.004 0.000
329.291667 330.291667 999.999   4.444 0.000
332.291667 333.291667  10.249   3.358 0.000
335.291667 336.291667  11.611   3.758 0.000
338.291667 339.291667   8.500   4.627 0.000
341.291667 342.291667   3.990   1.992 0.000
344.291667 345.291667   1.877   1.196 0.000
347.291667 348.291667  11.631   8.242 0.000
350.291667 351.291667   5.277   2.272 0.000
353.291667 354.291667   6.509   3.079 0.000
356.291667 357.291667   5.256   2.224 0.000
359.291667 360.291667   4.816   1.351 0.000
362.291667 363.291667   9.193   3.097 0.000
