scripts/IMPROVE-2019_partial/data/US0035R.20170101060000.20191216000000.filterpack...52w.3d.US03L_filterpack_US0035.US03L_IMPROVE_Davis.lev2.nas
51 1001
MISSING INFORMATION
US03L, IMPROVE, , , , , , , 
MISSING INFORMATION
IMPROVE sel_HTAP
1 1
2017 01 01 2019 12 16
3.00
days from file reference point
4
1 1 1 1
999.99 999.999 999.999 9.999
end_time of measurement, days from the file reference point
pm10_mass, ug/m3, Matrix=pm10
pm25_mass, ug/m3, Matrix=pm25
numflag, no unit
0
33
Data definition:              EBAS_1.1
Set type code:                TU
Timezone:                     UTC
File name:                    US0035R.20170101060000.20191216000000.filterpack...52w.3d.US03L_filterpack_US0035.US03L_IMPROVE_Davis.lev2.nas
File creation:                20191218115742
Startdate:                    20170101060000
Revision date:                20191216000000
Version:                      2
Version description:          "Data extracted from http://views.cira.colostate.edu/fed/DataWizard 2019-12-16"
Statistics:                   arithmetic mean
Data level:                   2
Period code:                  52w
Resolution code:              3d
Sample duration:              1d
Orig. time res.:              3d
Station code:                 US0035R
Platform code:                US0035S
Station name:                 Bondville
Station latitude:             40.05
Station longitude:            -88.36667
Station altitude:             213.0 m
Regime:                       IMG
Component:                    
Unit:                         ug/m3
Matrix:                       
Laboratory code:              US03L
Instrument type:              filterpack
Instrument name:              filterpack_US0035
Method ref:                   US03L_IMPROVE_Davis
Blank correction:             Blank corrected
Volume std. temperature:      ambient
Volume std. pressure:         ambient
starttime endtime PM10 PM2.5 flag
  0.25   1.25  11.585   7.640 0.000
  3.25   4.25   4.940   2.385 0.000
  6.25   7.25  12.875   8.177 0.000
  9.25  10.25  10.113   6.559 0.000
 12.25  13.25  12.425   7.690 0.000
 15.25  16.25  18.680  15.294 0.000
 18.25  19.25  11.857   9.636 0.000
 21.25  22.25  14.909  11.803 0.000
 24.25  25.25   8.574   6.012 0.000
 27.25  28.25  13.399  10.591 0.000
 30.25  31.25   5.552   3.662 0.000
 33.25  34.25   9.783   4.914 0.000
 36.25  37.25  20.665  15.682 0.000
 39.25  40.25  10.448   4.772 0.000
 42.25  43.25  12.414   8.888 0.000
 45.25  46.25   4.619   1.704 0.000
 48.25  49.25  16.281  10.212 0.000
 51.25  52.25  20.444  14.540 0.000
 54.25  55.25  10.567   5.781 0.000
 57.25  58.25  12.474   8.322 0.000
 60.25  61.25   6.668   4.486 0.000
 63.25  64.25   8.930   5.612 0.000
 66.25  67.25   7.703   1.334 0.000
 69.25  70.25   6.581   3.217 0.000
 72.25  73.25   9.946   6.782 0.000
 75.25  76.25  18.135  10.471 0.000
 78.25  79.25  15.837  10.208 0.000
 81.25  82.25  14.055   6.800 0.000
 84.25  85.25   8.145   4.250 0.000
 87.25  88.25   8.755   5.271 0.000
 90.25  91.25   6.499   4.111 0.000
 93.25  94.25   7.288   4.364 0.000
 96.25  97.25   2.943   1.393 0.000
 99.25 100.25  17.353   8.370 0.000
102.25 103.25  23.471   8.220 0.000
105.25 106.25  10.565   3.970 0.000
108.25 109.25  29.415   7.524 0.000
111.25 112.25  13.148   2.141 0.000
114.25 115.25  39.409   5.845 0.000
117.25 118.25  15.881   7.515 0.000
120.25 121.25   7.605   1.785 0.000
123.25 124.25   6.271   2.603 0.000
126.25 127.25   6.316   3.235 0.000
129.25 130.25  20.149   7.373 0.000
132.25 133.25  18.542   6.150 0.000
135.25 136.25  28.182  10.370 0.000
138.25 139.25  10.489   4.330 0.000
141.25 142.25   9.038   3.125 0.000
144.25 145.25  12.245   8.932 0.000
147.25 148.25  10.241   6.283 0.000
150.25 151.25  12.541   2.209 0.000
153.25 154.25  22.149   8.626 0.000
156.25 157.25  12.377   2.607 0.000
159.25 160.25  23.268   5.194 0.000
162.25 163.25  15.578   7.781 0.000
165.25 166.25   7.878   3.638 0.000
168.25 169.25   5.967   2.880 0.000
171.25 172.25  14.406   6.071 0.000
174.25 175.25  10.768   2.661 0.000
177.25 178.25  12.855   2.862 0.000
180.25 181.25   9.810   5.201 0.000
183.25 184.25  13.164   8.074 0.000
186.25 187.25  14.479   8.839 0.000
189.25 190.25  13.423   6.556 0.000
192.25 193.25  18.477  10.274 0.000
195.25 196.25   7.251   4.039 0.000
198.25 199.25  15.031   8.016 0.000
201.25 202.25  16.427   9.744 0.000
204.25 205.25  12.412   6.466 0.000
207.25 208.25  12.197   8.092 0.000
210.25 211.25  10.303   6.137 0.000
213.25 214.25  16.426  11.052 0.000
216.25 217.25   9.062   3.922 0.000
219.25 220.25  12.037   5.752 0.000
222.25 223.25   8.765   5.003 0.000
225.25 226.25  12.049   7.649 0.000
228.25 229.25   9.551   4.074 0.000
231.25 232.25  15.692   9.788 0.000
234.25 235.25  10.662   4.068 0.000
237.25 238.25  12.030   7.267 0.000
240.25 241.25  10.198   6.077 0.000
243.25 244.25  15.027   5.014 0.000
246.25 247.25  26.950  13.275 0.000
249.25 250.25  11.095   2.543 0.000
252.25 253.25   6.717   3.471 0.000
255.25 256.25   5.678   3.035 0.000
258.25 259.25  19.578  11.489 0.000
261.25 262.25  11.322   6.146 0.000
264.25 265.25  28.424   9.846 0.000
267.25 268.25  25.447   9.005 0.000
270.25 271.25  28.383   4.087 0.000
273.25 274.25  16.830   4.384 0.000
276.25 277.25  22.572   7.291 0.000
279.25 280.25  30.306   5.581 0.000
282.25 283.25  16.008   6.825 0.000
285.25 286.25  20.795   6.845 0.000
288.25 289.25  13.490   2.916 0.000
291.25 292.25  29.534   9.130 0.000
294.25 295.25   9.195   3.806 0.000
297.25 298.25  16.126   3.238 0.000
300.25 301.25   6.015   2.403 0.000
303.25 304.25   8.524   2.178 0.000
306.25 307.25  18.495  12.020 0.000
309.25 310.25   9.854   6.695 0.000
312.25 313.25  15.452   7.927 0.000
315.25 316.25  17.655  13.888 0.000
318.25 319.25   9.313   6.606 0.000
321.25 322.25   9.940   7.377 0.000
324.25 325.25  11.062   5.197 0.000
327.25 328.25  14.678   7.268 0.000
330.25 331.25  14.911   7.083 0.000
333.25 334.25  14.047   5.852 0.000
336.25 337.25  22.041  11.171 0.000
339.25 340.25   7.648   3.011 0.000
342.25 343.25  11.155   5.537 0.000
345.25 346.25   6.176   3.401 0.000
348.25 349.25  10.026   5.288 0.000
351.25 352.25  10.378   6.867 0.000
354.25 355.25  14.580   8.639 0.000
357.25 358.25  13.948  10.076 0.000
360.25 361.25  15.865   8.553 0.000
363.25 364.25  14.392   9.979 0.000
