scripts/IMPROVE-2019_partial/data/US0032R.19980103100000.20191216000000.filterpack.pm25_mass.pm25.1y.3d.US03L_filterpack_US0032.US03L_IMPROVE_Davis.lev2.nas
50 1001
MISSING INFORMATION
US03L, IMPROVE, , , , , , , 
MISSING INFORMATION
IMPROVE sel_HTAP
1 1
1998 01 01 2019 12 16
0
days from file reference point
3
1 1 1
999.999999 999.999 9.999
end_time of measurement, days from the file reference point
pm25_mass, ug/m3
numflag pm25_mass, no unit
0
33
Data definition:              EBAS_1.1
Set type code:                TI
Timezone:                     UTC
File name:                    US0032R.19980103100000.20191216000000.filterpack.pm25_mass.pm25.1y.3d.US03L_filterpack_US0032.US03L_IMPROVE_Davis.lev2.nas
File creation:                20191218115735
Startdate:                    19980103100000
Revision date:                20191216000000
Version:                      2
Version description:          "Data extracted from http://views.cira.colostate.edu/fed/DataWizard 2019-12-16"
Statistics:                   arithmetic mean
Data level:                   2
Period code:                  1y
Resolution code:              3d
Sample duration:              1d
Orig. time res.:              3d
Station code:                 US0032R
Platform code:                US0032S
Station name:                 Haleakala NP
Station latitude:             20.8086
Station longitude:            -156.2823
Station altitude:             1153.0 m
Regime:                       IMG
Component:                    pm25_mass
Unit:                         ug/m3
Matrix:                       pm25
Laboratory code:              US03L
Instrument type:              filterpack
Instrument name:              filterpack_US0032
Method ref:                   US03L_IMPROVE_Davis
Blank correction:             Blank corrected
Volume std. temperature:      ambient
Volume std. pressure:         ambient
starttime endtime PM2.5 flag_PM2.5
  2.416667   3.416667   5.668 0.000
  6.416667   7.416667   2.963 0.000
  9.416667  10.416667  22.517 0.000
 13.416667  14.416667   8.629 0.000
 16.416667  17.416667   7.683 0.000
 20.416667  21.416667   5.526 0.000
 23.416667  24.416667   3.162 0.000
 27.416667  28.416667   4.326 0.000
 30.416667  31.416667   2.295 0.000
 34.416667  35.416667   4.214 0.000
 37.416667  38.416667   2.604 0.000
 41.416667  42.416667   3.532 0.000
 44.416667  45.416667   2.933 0.000
 48.416667  49.416667   3.793 0.000
 51.416667  52.416667   1.955 0.000
 55.416667  56.416667   2.989 0.000
 58.416667  59.416667   4.630 0.000
 62.416667  63.416667   2.157 0.000
 65.416667  66.416667   4.443 0.000
 69.416667  70.416667   3.119 0.000
 72.416667  73.416667   4.267 0.000
 76.416667  77.416667   4.392 0.000
 79.416667  80.416667   3.027 0.000
 83.416667  84.416667   2.901 0.000
 86.416667  87.416667   2.737 0.000
 90.416667  91.416667   1.271 0.000
 93.416667  94.416667   7.423 0.000
 97.416667  98.416667   2.997 0.000
100.416667 101.416667   3.264 0.000
104.416667 105.416667   1.751 0.000
107.416667 108.416667   3.338 0.000
111.416667 112.416667   1.321 0.000
114.416667 115.416667   2.346 0.000
118.416667 119.416667   4.659 0.000
121.416667 122.416667   5.901 0.000
125.416667 126.416667   1.034 0.000
128.416667 129.416667   2.807 0.000
132.416667 133.416667 999.999 0.999
135.416667 136.416667 999.999 0.999
139.416667 140.416667 999.999 0.999
142.416667 143.416667 999.999 0.999
146.416667 147.416667 999.999 0.999
149.416667 150.416667   2.664 0.000
153.416667 154.416667   3.308 0.000
156.416667 157.416667   2.976 0.000
160.416667 161.416667   3.845 0.000
163.416667 164.416667   2.612 0.000
167.416667 168.416667   1.662 0.000
170.416667 171.416667   2.065 0.000
174.416667 175.416667   1.959 0.000
177.416667 178.416667   1.721 0.000
181.416667 182.416667   3.146 0.000
184.416667 185.416667   4.179 0.000
188.416667 189.416667   2.226 0.000
191.416667 192.416667 999.999 0.999
195.416667 196.416667   2.187 0.000
198.416667 199.416667   2.814 0.000
202.416667 203.416667   5.335 0.000
205.416667 206.416667   3.324 0.000
209.416667 210.416667   1.295 0.000
212.416667 213.416667   3.428 0.000
216.416667 217.416667   2.305 0.000
219.416667 220.416667   1.781 0.000
223.416667 224.416667   5.374 0.000
226.416667 227.416667   2.407 0.000
230.416667 231.416667   1.788 0.000
233.416667 234.416667   4.397 0.000
237.416667 238.416667   0.861 0.000
240.416667 241.416667   2.405 0.000
244.416667 245.416667   0.566 0.000
247.416667 248.416667   1.707 0.000
251.416667 252.416667   2.325 0.000
254.416667 255.416667   1.692 0.000
258.416667 259.416667   1.298 0.000
261.416667 262.416667   1.872 0.000
265.416667 266.416667   3.774 0.000
268.416667 269.416667   2.833 0.000
272.416667 273.416667   0.683 0.000
275.416667 276.416667   2.018 0.000
279.416667 280.416667   1.217 0.000
282.416667 283.416667   0.906 0.000
286.416667 287.416667   1.148 0.000
289.416667 290.416667   1.905 0.000
293.416667 294.416667   3.828 0.000
296.416667 297.416667   0.950 0.000
300.416667 301.416667   3.323 0.000
303.416667 304.416667   2.080 0.000
307.416667 308.416667   2.949 0.000
310.416667 311.416667   4.820 0.000
314.416667 315.416667   4.448 0.000
317.416667 318.416667   0.637 0.000
321.416667 322.416667   0.701 0.000
324.416667 325.416667   1.274 0.000
328.416667 329.416667   1.420 0.000
331.416667 332.416667   1.813 0.000
335.416667 336.416667   1.157 0.000
338.416667 339.416667   0.979 0.000
342.416667 343.416667   2.335 0.000
345.416667 346.416667   1.330 0.000
349.416667 350.416667   1.448 0.000
352.416667 353.416667   3.132 0.000
356.416667 357.416667   2.010 0.000
359.416667 360.416667   1.950 0.000
363.416667 364.416667   3.083 0.000
