scripts/IMPROVE-2019_partial/data/US0028R.20060102050000.20191216000000.filterpack..pm25.52w.1w.US03L_filterpack_US0028.US03L_IMPROVE_Davis.lev2.nas
64 1001
MISSING INFORMATION
US03L, IMPROVE, , , , , , , 
MISSING INFORMATION
IMPROVE sel_HTAP
1 1
2006 01 01 2019 12 16
3.000000
days from file reference point
25
1 1 1 1 1 1 1 1 1 1 1 1 1 1 1 1 1 1 1 1 1 1 1 1 1
999.999999 9999.99 9.999 99.99 9.999 9.999 9.999999 9.99 9.999999 9.999 9.999999 99.999 9.999 99.999 9.999 999.999 9.999 999.999 9.999 999.999 9.999 9.999 9.999 99.999 9.999999
end_time of measurement, days from the file reference point
iron, ng/m3, Revision date=20181210133000
numflag iron, no unit, Revision date=20181210133000
lead, ng/m3, Revision date=20181210133000
numflag lead, no unit, Revision date=20181210133000
magnesium, ug/m3, Revision date=20181210133000
numflag magnesium, no unit, Revision date=20181210133000
nickel, ng/m3, Revision date=20181210133000
numflag nickel, no unit, Revision date=20181210133000
nitrate, ug N/m3, Revision date=20181210133000
numflag nitrate, no unit, Revision date=20181210133000
organic_carbon, ug C/m3, Revision date=20181210133000
numflag organic_carbon, no unit, Revision date=20181210133000
organic_mass, ug/m3, Revision date=20181210133000
numflag organic_mass, no unit, Revision date=20181210133000
pm10_mass, ug/m3, Version=2, Version description=Data extracted from http://views.cira.colostate.edu/fed/DataWizard 2019-12-16, Sample duration=1d, Orig. time res.=3d, Matrix=pm10, Blank correction=Blank corrected, Volume std. temperature=ambient, Volume std. pressure=ambient
numflag pm10_mass, no unit, Version=2, Version description=Data extracted from http://views.cira.colostate.edu/fed/DataWizard 2019-12-16, Sample duration=1d, Orig. time res.=3d, Matrix=pm10, Blank correction=Blank corrected, Volume std. temperature=ambient, Volume std. pressure=ambient
pm10_pm25_mass, ug/m3, Revision date=20181210133000, Matrix=pm10_pm25
numflag pm10_pm25_mass, no unit, Revision date=20181210133000, Matrix=pm10_pm25
pm25_mass, ug/m3, Version=2, Version description=Data extracted from http://views.cira.colostate.edu/fed/DataWizard 2019-12-16, Sample duration=1d, Orig. time res.=3d, Blank correction=Blank corrected, Volume std. temperature=ambient, Volume std. pressure=ambient
numflag pm25_mass, no unit, Version=2, Version description=Data extracted from http://views.cira.colostate.edu/fed/DataWizard 2019-12-16, Sample duration=1d, Orig. time res.=3d, Blank correction=Blank corrected, Volume std. temperature=ambient, Volume std. pressure=ambient
potassium, ug/m3, Revision date=20181210133000
numflag potassium, no unit, Revision date=20181210133000
sulphate_total, ug S/m3, Revision date=20181210133000
numflag sulphate_total, no unit, Revision date=20181210133000
0
25
Data definition:              EBAS_1.1
Set type code:                TU
Timezone:                     UTC
File name:                    US0028R.20060102050000.20191216000000.filterpack..pm25.52w.1w.US03L_filterpack_US0028.US03L_IMPROVE_Davis.lev2.nas
File creation:                20191218115722
Startdate:                    20060102050000
Revision date:                20191216000000
Statistics:                   arithmetic mean
Data level:                   2
Period code:                  52w
Resolution code:              1w
Station code:                 US0028R
Platform code:                US0028S
Station name:                 Cohutta
Station latitude:             34.7852
Station longitude:            -84.6265
Station altitude:             735.0 m
Regime:                       IMG
Component:                    
Matrix:                       pm25
Laboratory code:              US03L
Instrument type:              filterpack
Instrument name:              filterpack_US0028
Method ref:                   US03L_IMPROVE_Davis
starttime endtime Fe flag_Fe Pb flag_Pb Mg++ flag_Mg++ Ni flag_Ni NO3- flag_NO3- OC flag_OC OM flag_OM PM10 flag_PM10 PM10-PM2.5 flag_PM10-PM2.5 PM2.5 flag_PM2.5 K+ flag_K+ SO4-- flag_SO4--
[from data line 86]
259.208333 260.208333   26.64 0.000  4.84 0.000 9.999 0.259000 9.99 0.259000 0.030 0.559000  3.094 0.000  5.570 0.000 999.999 0.999 999.999 0.999  20.855 0.000 0.037 0.000  3.218 0.559000
262.208333 263.208333 9999.99 0.999 99.99 0.999 9.999 0.999000 9.99 0.999000 9.999 0.999000 99.999 0.999 99.999 0.999 999.999 0.999 999.999 0.999 999.999 0.999 9.999 0.999 99.999 0.999000
265.208333 266.208333  177.31 0.000  0.97 0.000 9.999 0.259000 0.53 0.000000 0.048 0.559000  1.418 0.000  2.552 0.000  18.992 0.000   6.082 0.000  12.911 0.000 0.087 0.000  1.628 0.559000
268.208333 269.208333   10.91 0.000  1.69 0.000 9.999 0.259000 9.99 0.259000 0.015 0.559000  0.867 0.000  1.561 0.000  10.683 0.000   3.277 0.000   7.406 0.000 0.021 0.000  1.246 0.559000
271.208333 272.208333   14.64 0.000  1.06 0.000 9.999 0.259000 9.99 0.259000 0.037 0.559000  0.658 0.000  1.184 0.000   7.226 0.000   2.479 0.000   4.747 0.000 0.014 0.000  0.622 0.559000
274.208333 275.208333   29.30 0.000  1.75 0.000 9.999 0.259000 9.99 0.259000 0.029 0.559000  2.453 0.000  4.416 0.000  16.291 0.000   4.263 0.000  12.028 0.000 0.058 0.000  1.318 0.559000
277.208333 278.208333   44.70 0.000  2.25 0.000 9.999 0.259000 0.27 0.000000 0.056 0.559000  3.836 0.000  6.905 0.000  24.305 0.000   5.120 0.000  19.185 0.000 0.072 0.000  2.452 0.559000
280.208333 281.208333    9.29 0.000  0.67 0.000 0.014 0.000000 9.99 0.259000 0.016 0.559000  0.678 0.000  1.220 0.000   5.487 0.000   1.427 0.000   4.060 0.000 0.018 0.000  0.641 0.559000
283.208333 284.208333   39.92 0.000  1.72 0.000 0.019 0.000000 0.23 0.000000 0.099 0.559000  2.393 0.000  4.306 0.000  16.878 0.000   3.688 0.000  13.190 0.000 0.048 0.000  1.642 0.559000
286.208333 287.208333   21.22 0.000  1.58 0.000 9.999 0.259000 0.28 0.000000 0.065 0.559000  0.988 0.000  1.778 0.000   6.479 0.000   3.446 0.000   3.033 0.000 0.038 0.000  0.190 0.559000
289.208333 290.208333 9999.99 0.999 99.99 0.999 9.999 0.999000 9.99 0.999000 9.999 0.999000 99.999 0.999 99.999 0.999 999.999 0.999 999.999 0.999 999.999 0.999 9.999 0.999 99.999 0.999000
292.208333 293.208333 9999.99 0.999 99.99 0.999 9.999 0.999000 9.99 0.999000 9.999 0.999000 99.999 0.999 99.999 0.999 999.999 0.999 999.999 0.999 999.999 0.999 9.999 0.999 99.999 0.999000
295.208333 296.208333 9999.99 0.999 99.99 0.999 9.999 0.999000 9.99 0.999000 9.999 0.999000 99.999 0.999 99.999 0.999 999.999 0.999 999.999 0.999 999.999 0.999 9.999 0.999 99.999 0.999000
298.208333 299.208333 9999.99 0.999 99.99 0.999 9.999 0.999000 9.99 0.999000 9.999 0.999000 99.999 0.999 99.999 0.999 999.999 0.999 999.999 0.999 999.999 0.999 9.999 0.999 99.999 0.999000
301.208333 302.208333 9999.99 0.999 99.99 0.999 9.999 0.999000 9.99 0.999000 9.999 0.999000 99.999 0.999 99.999 0.999 999.999 0.999 999.999 0.999 999.999 0.999 9.999 0.999 99.999 0.999000
304.208333 305.208333 9999.99 0.999 99.99 0.999 9.999 0.999000 9.99 0.999000 9.999 0.999000 99.999 0.999 99.999 0.999 999.999 0.999 999.999 0.999 999.999 0.999 9.999 0.999 99.999 0.999000
307.208333 308.208333   21.68 0.000  1.41 0.000 9.999 0.259000 0.13 0.000000 0.278 0.559000  1.150 0.000  2.069 0.000   8.223 0.000   3.420 0.000   4.803 0.000 0.030 0.000  0.419 0.559000
310.208333 311.208333    8.94 0.000  1.08 0.000 9.999 0.259000 0.30 0.000000 0.116 0.559000  0.875 0.000  1.575 0.000   5.212 0.000   1.631 0.000   3.581 0.000 0.021 0.000  0.382 0.559000
313.208333 314.208333   38.13 0.000  2.87 0.000 9.999 0.259000 0.43 0.000000 0.141 0.559000  3.633 0.000  6.540 0.000  16.619 0.000   3.357 0.000  13.262 0.000 0.059 0.000  1.062 0.559000
316.208333 317.208333    9.52 0.000  1.00 0.000 9.999 0.259000 9.99 0.259000 0.018 0.559000  0.678 0.000  1.221 0.000   4.639 0.000   0.958 0.000   3.681 0.000 0.017 0.000  0.471 0.559000
319.208333 320.208333   23.73 0.000  0.36 0.000 9.999 0.259000 0.14 0.000000 0.068 0.559000  0.673 0.000  1.211 0.000   3.192 0.000   1.066 0.000   2.126 0.000 0.011 0.000  0.241 0.559000
322.208333 323.208333   30.34 0.000  3.54 0.000 9.999 0.259000 0.36 0.000000 0.568 0.559000  1.869 0.000  3.365 0.000  13.964 0.000   1.966 0.000  11.998 0.000 0.054 0.000  1.881 0.559000
325.208333 326.208333   13.34 0.000  1.85 0.000 9.999 0.259000 0.22 0.000000 0.022 0.559000  0.758 0.000  1.365 0.000  11.086 0.000   7.220 0.000   3.866 0.000 0.030 0.000  0.501 0.559000
328.208333 329.208333   11.77 0.000  1.65 0.000 9.999 0.259000 0.17 0.000000 0.047 0.559000  1.660 0.000  2.989 0.000   5.980 0.000   1.543 0.000   4.437 0.000 0.034 0.000  0.292 0.559000
331.208333 332.208333   48.97 0.000  1.75 0.000 9.999 0.259000 0.37 0.000000 0.284 0.559000  2.162 0.000  3.892 0.000  15.863 0.000  11.439 0.000   4.425 0.000 0.039 0.000  0.768 0.559000
334.208333 335.208333   13.22 0.000  0.41 0.000 9.999 0.259000 0.17 0.000000 0.099 0.559000  1.021 0.000  1.839 0.000   6.135 0.000   2.102 0.000   4.033 0.000 0.023 0.000  0.430 0.559000
337.208333 338.208333   15.66 0.000  1.34 0.000 9.999 0.259000 9.99 0.259000 0.309 0.559000  1.178 0.000  2.119 0.000   6.785 0.000   1.654 0.000   5.131 0.000 0.032 0.000  0.427 0.559000
340.208333 341.208333   20.09 0.000  1.52 0.000 9.999 0.259000 9.99 0.259000 0.304 0.000000  4.199 0.000  7.558 0.000  14.216 0.000   5.439 0.000   8.777 0.000 0.049 0.000  0.481 0.000000
343.208333 344.208333   37.39 0.000  2.01 0.000 9.999 0.259000 0.12 0.000000 0.217 0.000000  2.308 0.000  4.154 0.000   9.511 0.000   2.543 0.000   6.969 0.000 0.047 0.000  0.469 0.000000
346.208333 347.208333   23.17 0.000  1.16 0.000 9.999 0.259000 0.33 0.000000 0.334 0.000000  2.810 0.000  5.058 0.000  13.491 0.000   2.889 0.000  10.602 0.000 0.047 0.000  1.145 0.000000
349.208333 350.208333   39.14 0.000  1.39 0.000 0.006 0.000000 0.12 0.000000 0.066 0.000000  1.872 0.000  3.369 0.000  10.675 0.000   5.162 0.000   5.513 0.000 0.039 0.000  0.356 0.000000
352.208333 353.208333   34.71 0.000  2.32 0.000 9.999 0.259000 0.21 0.000000 0.196 0.000000  2.794 0.000  5.030 0.000  16.275 0.000   3.427 0.000  12.848 0.000 0.074 0.000  1.501 0.000000
355.208333 356.208333    4.55 0.000  0.76 0.000 9.999 0.259000 9.99 0.259000 0.057 0.000000  0.904 0.000  1.627 0.000   3.074 0.000   0.409 0.000   2.665 0.000 0.014 0.000  0.288 0.000000
358.208333 359.208333    3.29 0.000  0.43 0.000 9.999 0.259000 9.99 0.259000 0.048 0.000000  0.790 0.000  1.422 0.000   3.133 0.000   0.565 0.000   2.568 0.000 0.010 0.000  0.285 0.000000
361.208333 362.208333   18.35 0.000  1.17 0.000 9.999 0.259000 9.99 0.259000 0.374 0.000000  1.612 0.000  2.901 0.000   8.409 0.000   1.646 0.000   6.763 0.000 0.039 0.000  0.778 0.000000
364.208333 365.208333    1.83 0.000  0.92 0.000 9.999 0.259000 0.15 0.000000 0.044 0.000000  0.473 0.000  0.852 0.000   2.628 0.000   0.714 0.000   1.914 0.000 0.010 0.000  0.230 0.000000
