scripts/IMPROVE-2019_partial/data/US0031R.20040101100000.20191216000000.filterpack..pm25.52w.1w.US03L_filterpack_US0031.US03L_IMPROVE_Davis.lev2.nas
66 1001
MISSING INFORMATION
US03L, IMPROVE, , , , , , , 
MISSING INFORMATION
IMPROVE sel_HTAP
1 1
2004 01 01 2019 12 16
3.000000
days from file reference point
27
1 1 1 1 1 1 1 1 1 1 1 1 1 1 1 1 1 1 1 1 1 1 1 1 1 1 1
999.999999 999.99 9.999 99.99 9.999 9.999 9.999999 9.99 9.999999 9.999 9.999 9.999 9.999 99.999 9.999 99.99 9.999999 999.999 9.999 99.999 9.999 999.999 9.999 9.999 9.999 99.999 9.999
end_time of measurement, days from the file reference point
iron, ng/m3, Revision date=20181210133000
numflag iron, no unit, Revision date=20181210133000
lead, ng/m3, Revision date=20181210133000
numflag lead, no unit, Revision date=20181210133000
magnesium, ug/m3, Revision date=20181210133000
numflag magnesium, no unit, Revision date=20181210133000
nickel, ng/m3, Revision date=20181210133000
numflag nickel, no unit, Revision date=20181210133000
nitrate, ug N/m3, Revision date=20181210133000
numflag nitrate, no unit, Revision date=20181210133000
organic_carbon, ug C/m3, Revision date=20181210133000
numflag organic_carbon, no unit, Revision date=20181210133000
organic_mass, ug/m3, Revision date=20181210133000
numflag organic_mass, no unit, Revision date=20181210133000
phosphorus, ng/m3, Revision date=20181210133000
numflag phosphorus, no unit, Revision date=20181210133000
pm10_mass, ug/m3, Version=2, Version description=Data extracted from http://views.cira.colostate.edu/fed/DataWizard 2019-12-16, Sample duration=1d, Orig. time res.=3d, Matrix=pm10, Blank correction=Blank corrected, Volume std. temperature=ambient, Volume std. pressure=ambient
numflag pm10_mass, no unit, Version=2, Version description=Data extracted from http://views.cira.colostate.edu/fed/DataWizard 2019-12-16, Sample duration=1d, Orig. time res.=3d, Matrix=pm10, Blank correction=Blank corrected, Volume std. temperature=ambient, Volume std. pressure=ambient
pm10_pm25_mass, ug/m3, Revision date=20181210133000, Matrix=pm10_pm25
numflag pm10_pm25_mass, no unit, Revision date=20181210133000, Matrix=pm10_pm25
pm25_mass, ug/m3, Version=2, Version description=Data extracted from http://views.cira.colostate.edu/fed/DataWizard 2019-12-16, Sample duration=1d, Orig. time res.=3d, Blank correction=Blank corrected, Volume std. temperature=ambient, Volume std. pressure=ambient
numflag pm25_mass, no unit, Version=2, Version description=Data extracted from http://views.cira.colostate.edu/fed/DataWizard 2019-12-16, Sample duration=1d, Orig. time res.=3d, Blank correction=Blank corrected, Volume std. temperature=ambient, Volume std. pressure=ambient
potassium, ug/m3, Revision date=20181210133000
numflag potassium, no unit, Revision date=20181210133000
sulphate_total, ug S/m3, Revision date=20181210133000
numflag sulphate_total, no unit, Revision date=20181210133000
0
25
Data definition:              EBAS_1.1
Set type code:                TU
Timezone:                     UTC
File name:                    US0031R.20040101100000.20191216000000.filterpack..pm25.52w.1w.US03L_filterpack_US0031.US03L_IMPROVE_Davis.lev2.nas
File creation:                20191218115729
Startdate:                    20040101100000
Revision date:                20191216000000
Statistics:                   arithmetic mean
Data level:                   2
Period code:                  52w
Resolution code:              1w
Station code:                 US0031R
Platform code:                US0031S
Station name:                 Hawaii Volcanoes NP
Station latitude:             19.4309
Station longitude:            -155.2579
Station altitude:             1258.0 m
Regime:                       IMG
Component:                    
Matrix:                       pm25
Laboratory code:              US03L
Instrument type:              filterpack
Instrument name:              filterpack_US0031
Method ref:                   US03L_IMPROVE_Davis
starttime endtime Fe flag_Fe Pb flag_Pb Mg++ flag_Mg++ Ni flag_Ni NO3- flag_NO3- OC flag_OC OM flag_OM P flag_P PM10 flag_PM10 PM10-PM2.5 flag_PM10-PM2.5 PM2.5 flag_PM2.5 K+ flag_K+ SO4-- flag_SO4--
[from data line 83]
249.416667 250.416667   3.39 0.000  0.54 0.000 0.098 0.000000 9.99 0.259000 0.008 0.000 0.230 0.000  0.323 0.000 99.99 0.259000   3.596 0.000  1.004 0.000   2.592 0.000 0.008 0.000  0.469 0.000
252.416667 253.416667   7.41 0.000  0.16 0.000 9.999 0.259000 0.31 0.000000 0.019 0.000 0.170 0.000  0.238 0.000 99.99 0.259000   3.368 0.000  2.141 0.000   1.227 0.000 0.007 0.000  0.097 0.000
255.416667 256.416667   5.22 0.559  0.10 0.559 0.034 0.559000 9.99 0.559259 0.029 0.000 0.766 0.000  1.072 0.000 99.99 0.559259   3.701 0.000  1.908 0.000   1.793 0.559 0.014 0.559  0.151 0.000
258.416667 259.416667   1.56 0.000 99.99 0.259 9.999 0.259000 0.18 0.000000 0.032 0.000 0.130 0.000  0.182 0.000 99.99 0.259000   3.927 0.000  2.042 0.000   1.885 0.000 0.008 0.000  0.248 0.000
261.416667 262.416667   2.19 0.000 99.99 0.259 9.999 0.259000 0.21 0.000000 0.025 0.000 0.036 0.000  0.051 0.000 99.99 0.259000   3.803 0.000  2.130 0.000   1.673 0.000 0.010 0.000  0.173 0.000
264.416667 265.416667   6.37 0.000  0.17 0.000 9.999 0.259000 0.23 0.000000 0.039 0.000 0.086 0.000  0.120 0.000  5.18 0.000000   5.531 0.000  3.122 0.000   2.409 0.000 0.013 0.000  0.223 0.000
267.416667 268.416667 999.99 0.999 99.99 0.999 9.999 0.999000 9.99 0.999000 9.999 0.999 9.999 0.999 99.999 0.999 99.99 0.999000 999.999 0.999 99.999 0.999 999.999 0.999 9.999 0.999 99.999 0.999
270.416667 271.416667 999.99 0.999 99.99 0.999 9.999 0.999000 9.99 0.999000 9.999 0.999 9.999 0.999 99.999 0.999 99.99 0.999000 999.999 0.999 99.999 0.999 999.999 0.999 9.999 0.999 99.999 0.999
273.416667 274.416667   2.54 0.000 99.99 0.259 0.062 0.000000 0.19 0.000000 0.011 0.000 0.003 0.000  0.004 0.000 99.99 0.259000   2.480 0.000  1.529 0.000   0.951 0.000 0.006 0.000  0.103 0.000
276.416667 277.416667   3.28 0.000  0.25 0.000 0.042 0.000000 0.20 0.000000 0.016 0.000 0.129 0.000  0.180 0.000  3.28 0.000000   2.703 0.000  1.376 0.000   1.327 0.000 0.006 0.000  0.171 0.000
279.416667 280.416667   6.16 0.000  0.28 0.000 9.999 0.259000 0.10 0.000000 0.026 0.000 0.201 0.000  0.281 0.000 99.99 0.259000   3.662 0.000  1.886 0.000   1.776 0.000 0.010 0.000  0.275 0.000
282.416667 283.416667   1.74 0.000 99.99 0.259 9.999 0.259000 0.17 0.000000 0.026 0.000 0.128 0.000  0.179 0.000 99.99 0.259000   3.886 0.000  2.206 0.000   1.680 0.000 0.011 0.000  0.133 0.000
285.416667 286.416667   3.37 0.699  2.83 0.699 9.999 0.699259 0.08 0.699000 0.007 0.000 0.185 0.000  0.258 0.000 99.99 0.699259  17.635 0.000  1.383 0.000  16.251 0.699 0.019 0.699  3.175 0.000
288.416667 289.416667 999.99 0.999 99.99 0.999 9.999 0.999000 9.99 0.999000 9.999 0.999 9.999 0.999 99.999 0.999 99.99 0.999000 999.999 0.999 99.999 0.999 999.999 0.999 9.999 0.999 99.999 0.999
291.416667 292.416667 999.99 0.999 99.99 0.999 9.999 0.999000 9.99 0.999000 9.999 0.999 9.999 0.999 99.999 0.999 99.99 0.999000 999.999 0.999 99.999 0.999 999.999 0.999 9.999 0.999 99.999 0.999
294.416667 295.416667 999.99 0.999 99.99 0.999 9.999 0.999000 9.99 0.999000 9.999 0.999 9.999 0.999 99.999 0.999 99.99 0.999000 999.999 0.999 99.999 0.999 999.999 0.999 9.999 0.999 99.999 0.999
297.416667 298.416667 999.99 0.999 99.99 0.999 9.999 0.999000 9.99 0.999000 9.999 0.999 9.999 0.999 99.999 0.999 99.99 0.999000 999.999 0.999 99.999 0.999 999.999 0.999 9.999 0.999 99.999 0.999
300.416667 301.416667   0.81 0.000  0.17 0.000 9.999 0.259000 0.19 0.000000 0.017 0.000 0.164 0.000  0.230 0.000 99.99 0.259000   3.348 0.000  1.833 0.000   1.515 0.000 0.012 0.000  0.141 0.000
303.416667 304.416667   1.25 0.000  0.92 0.000 0.051 0.000000 9.99 0.259000 0.005 0.000 0.081 0.000  0.113 0.000 99.99 0.259000   3.968 0.000  1.019 0.000   2.949 0.000 0.007 0.000  0.594 0.000
306.416667 307.416667   0.62 0.000  0.27 0.000 0.092 0.000000 0.12 0.000000 0.013 0.000 0.140 0.000  0.196 0.000 99.99 0.259000   2.439 0.000  1.246 0.000   1.193 0.000 0.008 0.000  0.108 0.000
309.416667 310.416667   3.00 0.559  0.85 0.559 9.999 0.559259 9.99 0.559259 0.014 0.000 0.310 0.000  0.434 0.000 99.99 0.559259   7.194 0.000  1.208 0.000   5.985 0.559 0.026 0.559  1.235 0.000
312.416667 313.416667   2.37 0.559  0.46 0.559 9.999 0.559259 0.13 0.559000 0.006 0.000 0.313 0.000  0.438 0.000 99.99 0.559259   5.731 0.000  1.037 0.000   4.695 0.559 0.014 0.559  0.944 0.000
315.416667 316.416667   1.86 0.000  0.34 0.000 0.070 0.000000 0.34 0.000000 0.034 0.000 0.135 0.000  0.189 0.000 99.99 0.259000   4.158 0.000  2.367 0.000   1.791 0.000 0.012 0.000  0.235 0.000
318.416667 319.416667   0.88 0.000  0.34 0.000 0.055 0.000000 0.10 0.000000 0.029 0.000 0.077 0.000  0.109 0.000 99.99 0.259000   4.242 0.000  1.691 0.000   2.550 0.000 0.007 0.000  0.531 0.000
321.416667 322.416667   0.72 0.000  0.21 0.000 9.999 0.259000 9.99 0.259000 0.025 0.000 0.941 0.000  1.318 0.000 99.99 0.259000   3.012 0.000  1.585 0.000   1.427 0.000 0.009 0.000  0.161 0.000
324.416667 325.416667   3.18 0.559  0.51 0.559 9.999 0.559259 0.26 0.559000 0.012 0.000 0.155 0.000  0.217 0.000 99.99 0.559259   6.903 0.000  1.196 0.000   5.707 0.559 0.008 0.559  1.033 0.000
327.416667 328.416667   3.98 0.559  2.15 0.559 9.999 0.559259 0.13 0.559000 0.012 0.000 0.308 0.000  0.431 0.000 99.99 0.559259  11.227 0.000  1.438 0.000   9.790 0.559 0.016 0.559  1.731 0.000
330.416667 331.416667   1.35 0.559  0.28 0.559 9.999 0.559259 0.47 0.559000 0.017 0.000 0.121 0.000  0.169 0.000 99.99 0.559259   3.867 0.000  1.781 0.000   2.087 0.559 0.017 0.559  0.153 0.000
333.416667 334.416667   0.85 0.000 99.99 0.259 0.083 0.000000 9.99 0.259000 0.010 0.000 0.134 0.000  0.188 0.000 99.99 0.259000   2.287 0.000  1.277 0.000   1.010 0.000 0.008 0.000  0.054 0.000
336.416667 337.416667   0.73 0.000  0.10 0.000 9.999 0.259000 0.22 0.000000 0.014 0.000 0.018 0.000  0.025 0.000 99.99 0.259000   2.886 0.000  1.441 0.000   1.446 0.000 0.012 0.000  0.088 0.000
339.416667 340.416667   2.71 0.000  0.19 0.000 9.999 0.259000 0.21 0.000000 0.028 0.000 0.042 0.000  0.059 0.000 99.99 0.259000   5.187 0.000  2.787 0.000   2.400 0.000 0.022 0.000  0.152 0.000
342.416667 343.416667   1.30 0.000 99.99 0.259 0.038 0.000000 0.26 0.000000 0.014 0.000 0.347 0.000  0.486 0.000 99.99 0.259000   4.258 0.000  1.361 0.000   2.896 0.000 0.008 0.000  0.577 0.000
345.416667 346.416667   3.50 0.000  0.10 0.000 0.042 0.000000 0.13 0.000000 0.021 0.000 0.056 0.000  0.078 0.000 99.99 0.259000   3.659 0.000  2.240 0.000   1.420 0.000 0.011 0.000  0.138 0.000
348.416667 349.416667   6.57 0.000  1.44 0.000 9.999 0.259000 0.12 0.000000 0.010 0.000 0.262 0.000  0.367 0.000 99.99 0.259000  16.508 0.000  1.941 0.000  14.566 0.000 0.014 0.000  2.779 0.000
351.416667 352.416667   0.67 0.000 99.99 0.259 9.999 0.259000 9.99 0.259000 0.006 0.000 0.060 0.000  0.084 0.000 99.99 0.259000   1.075 0.000  0.614 0.000   0.461 0.000 0.003 0.000  0.114 0.000
354.416667 355.416667   1.22 0.000  0.13 0.000 0.040 0.000000 0.10 0.000000 0.006 0.000 0.578 0.000  0.809 0.000 99.99 0.259000   3.638 0.000  1.041 0.000   2.596 0.000 0.015 0.000  0.400 0.000
357.416667 358.416667   2.47 0.000 99.99 0.259 9.999 0.259000 9.99 0.259000 0.024 0.000 0.120 0.000  0.168 0.000 99.99 0.259000   3.555 0.000  2.160 0.000   1.395 0.000 0.014 0.000  0.116 0.000
360.416667 361.416667   2.85 0.000  1.52 0.000 0.106 0.000000 9.99 0.259000 0.006 0.000 0.101 0.000  0.141 0.000 99.99 0.259000   4.630 0.000  0.819 0.000   3.810 0.000 0.014 0.000  0.677 0.000
363.416667 364.416667 999.99 0.999 99.99 0.999 9.999 0.999000 9.99 0.999000 9.999 0.999 9.999 0.999 99.999 0.999 99.99 0.999000 999.999 0.999 99.999 0.999 999.999 0.999 9.999 0.999 99.999 0.999
