scripts/IMPROVE-2019_partial/data/US0028R.20070103050000.20191216000000.filterpack...1y.3d.US03L_filterpack_US0028.US03L_IMPROVE_Davis.lev2.nas
52 1001
MISSING INFORMATION
US03L, IMPROVE, , , , , , , 
MISSING INFORMATION
IMPROVE sel_HTAP
1 1
2007 01 01 2019 12 16
3.000000
days from file reference point
5
1 1 1 1 1
999.999999 999.999 9.999 999.999 9.999
end_time of measurement, days from the file reference point
pm10_mass, ug/m3, Matrix=pm10
numflag pm10_mass, no unit, Matrix=pm10
pm25_mass, ug/m3, Matrix=pm25
numflag pm25_mass, no unit, Matrix=pm25
0
33
Data definition:              EBAS_1.1
Set type code:                TU
Timezone:                     UTC
File name:                    US0028R.20070103050000.20191216000000.filterpack...1y.3d.US03L_filterpack_US0028.US03L_IMPROVE_Davis.lev2.nas
File creation:                20191218115722
Startdate:                    20070103050000
Revision date:                20191216000000
Version:                      2
Version description:          "Data extracted from http://views.cira.colostate.edu/fed/DataWizard 2019-12-16"
Statistics:                   arithmetic mean
Data level:                   2
Period code:                  1y
Resolution code:              3d
Sample duration:              1d
Orig. time res.:              3d
Station code:                 US0028R
Platform code:                US0028S
Station name:                 Cohutta
Station latitude:             34.7852
Station longitude:            -84.6265
Station altitude:             735.0 m
Regime:                       IMG
Component:                    
Unit:                         ug/m3
Matrix:                       
Laboratory code:              US03L
Instrument type:              filterpack
Instrument name:              filterpack_US0028
Method ref:                   US03L_IMPROVE_Davis
Blank correction:             Blank corrected
Volume std. temperature:      ambient
Volume std. pressure:         ambient
starttime endtime PM10 flag_PM10 PM2.5 flag_PM2.5
  2.208333   3.208333 999.999 0.999 999.999 0.999
  5.208333   6.208333   9.899 0.000   7.711 0.000
  8.208333   9.208333   4.110 0.000   2.384 0.000
 11.208333  12.208333  11.835 0.000   7.157 0.000
 14.208333  15.208333   7.899 0.000   4.728 0.000
 17.208333  18.208333   4.937 0.000   4.821 0.000
 20.208333  21.208333   4.323 0.000   3.495 0.000
 23.208333  24.208333   8.077 0.000   7.241 0.000
 26.208333  27.208333   8.173 0.000   6.615 0.000
 29.208333  30.208333   6.170 0.000   4.088 0.000
 32.208333  33.208333   5.911 0.000   5.596 0.000
 35.208333  36.208333   5.114 0.000   3.768 0.000
 38.208333  39.208333   8.636 0.000   6.665 0.000
 41.208333  42.208333   7.807 0.000   5.339 0.000
 44.208333  45.208333   6.876 0.000   5.964 0.000
 47.208333  48.208333  11.824 0.000   9.400 0.000
 50.208333  51.208333  12.951 0.000  10.431 0.000
 53.208333  54.208333   3.215 0.000   1.856 0.000
 56.208333  57.208333   4.686 0.000   3.778 0.000
 59.208333  60.208333 999.999 0.999 999.999 0.999
 62.208333  63.208333 999.999 0.999 999.999 0.999
 65.208333  66.208333 999.999 0.999 999.999 0.999
 68.208333  69.208333  20.831 0.000  16.439 0.000
 71.208333  72.208333  24.063 0.000  19.068 0.000
 74.208333  75.208333   6.676 0.000   5.550 0.000
 77.208333  78.208333  12.778 0.000  10.134 0.000
 80.208333  81.208333  15.175 0.000   8.512 0.000
 83.208333  84.208333  22.051 0.000  14.218 0.000
 86.208333  87.208333 999.999 0.999 999.999 0.999
 89.208333  90.208333 999.999 0.999  15.502 0.000
 92.208333  93.208333 999.999 0.999  13.425 0.000
 95.208333  96.208333   8.667 0.000   5.895 0.000
 98.208333  99.208333   7.828 0.000   5.734 0.000
101.208333 102.208333   8.756 0.000   5.266 0.000
104.208333 105.208333   4.148 0.000   3.214 0.000
107.208333 108.208333  10.979 0.000   6.721 0.000
110.208333 111.208333  22.438 0.000  18.816 0.000
113.208333 114.208333  19.950 0.000  14.102 0.000
116.208333 117.208333 999.999 0.999 999.999 0.999
119.208333 120.208333  13.201 0.000   7.966 0.000
122.208333 123.208333  29.899 0.000  21.706 0.000
125.208333 126.208333  21.578 0.000  15.527 0.000
128.208333 129.208333 999.999 0.999 999.999 0.999
131.208333 132.208333  23.008 0.000  16.584 0.000
134.208333 135.208333  40.915 0.000 999.999 0.456
137.208333 138.208333  18.002 0.000   7.609 0.000
140.208333 141.208333  12.465 0.000   9.382 0.000
143.208333 144.208333  23.479 0.000   9.786 0.000
146.208333 147.208333  64.043 0.000  50.316 0.000
149.208333 150.208333 999.999 0.999 999.999 0.999
152.208333 153.208333 999.999 0.999 999.999 0.999
155.208333 156.208333 999.999 0.999 999.999 0.999
158.208333 159.208333 999.999 0.999   7.535 0.000
161.208333 162.208333 999.999 0.999  23.428 0.000
164.208333 165.208333  24.253 0.000  16.494 0.000
167.208333 168.208333  30.477 0.000  23.630 0.000
170.208333 171.208333  16.869 0.000   9.308 0.000
173.208333 174.208333  22.145 0.000  16.337 0.000
176.208333 177.208333  27.817 0.000  20.514 0.000
179.208333 180.208333  21.727 0.000  17.477 0.000
182.208333 183.208333  17.163 0.000  14.185 0.000
185.208333 186.208333 999.999 0.999 999.999 0.999
188.208333 189.208333 999.999 0.999 999.999 0.999
191.208333 192.208333  10.160 0.000   7.019 0.000
194.208333 195.208333  21.651 0.000  18.104 0.000
197.208333 198.208333  18.745 0.000  15.585 0.000
200.208333 201.208333  14.124 0.000   8.492 0.000
203.208333 204.208333  19.419 0.000  16.489 0.000
206.208333 207.208333  18.109 0.000  15.113 0.000
209.208333 210.208333  16.715 0.000  13.625 0.000
212.208333 213.208333 999.999 0.999 999.999 0.999
215.208333 216.208333  32.251 0.000  30.357 0.000
218.208333 219.208333  27.046 0.000  21.200 0.000
221.208333 222.208333  23.733 0.000  15.367 0.000
224.208333 225.208333  24.761 0.000  19.909 0.000
227.208333 228.208333 999.999 0.999 999.999 0.999
230.208333 231.208333  33.002 0.000  28.224 0.000
233.208333 234.208333  10.307 0.000 999.999 0.999
236.208333 237.208333  13.792 0.000 999.999 0.999
239.208333 240.208333  16.158 0.000 999.999 0.999
242.208333 243.208333  22.996 0.000  21.579 0.000
245.208333 246.208333  24.556 0.000  21.010 0.000
248.208333 249.208333  25.944 0.000  20.231 0.000
251.208333 252.208333  21.105 0.000  16.346 0.000
254.208333 255.208333  17.328 0.000  12.882 0.659
257.208333 258.208333  16.014 0.000   9.176 0.000
260.208333 261.208333  18.125 0.000 999.999 0.999
263.208333 264.208333   6.547 0.000 999.999 0.999
266.208333 267.208333  11.189 0.000   8.812 0.000
269.208333 270.208333  22.604 0.000  16.792 0.000
272.208333 273.208333  12.494 0.000   6.358 0.000
275.208333 276.208333 999.999 0.999 999.999 0.999
278.208333 279.208333   7.693 0.000   5.101 0.000
281.208333 282.208333  16.846 0.000  12.745 0.000
284.208333 285.208333   9.518 0.000   6.164 0.000
287.208333 288.208333  17.459 0.000  12.660 0.000
290.208333 291.208333 999.999 0.999 999.999 0.999
293.208333 294.208333   7.688 0.000   5.275 0.000
296.208333 297.208333   5.950 0.000   5.145 0.000
299.208333 300.208333   6.723 0.000   5.366 0.000
302.208333 303.208333   9.075 0.000   6.098 0.000
305.208333 306.208333  18.288 0.000  14.035 0.000
308.208333 309.208333  17.375 0.000  10.550 0.000
311.208333 312.208333  10.892 0.000   6.947 0.000
314.208333 315.208333  16.243 0.000  11.219 0.000
317.208333 318.208333 999.999 0.999 999.999 0.999
320.208333 321.208333  12.105 0.000   7.972 0.000
323.208333 324.208333  13.830 0.000  10.371 0.000
326.208333 327.208333   5.064 0.000   4.168 0.000
329.208333 330.208333   2.851 0.000   1.704 0.000
332.208333 333.208333   9.796 0.000   7.800 0.000
335.208333 336.208333  13.462 0.000   8.767 0.000
338.208333 339.208333   6.961 0.000   4.862 0.000
341.208333 342.208333  20.271 0.000  16.617 0.000
344.208333 345.208333  12.924 0.000   9.614 0.000
347.208333 348.208333   5.092 0.000   3.801 0.000
350.208333 351.208333   3.954 0.000   3.467 0.000
353.208333 354.208333  10.570 0.000   8.591 0.000
356.208333 357.208333   2.692 0.000   1.961 0.000
359.208333 360.208333 999.999 0.999 999.999 0.999
362.208333 363.208333   4.943 0.000   2.788 0.000
