scripts/IMPROVE-2019_partial/data/US0061R.20140102050000.20191216000000.filterpack...52w.3d.US03L_filterpack_US0061.US03L_IMPROVE_Davis.lev2.nas
52 1001
MISSING INFORMATION
US03L, IMPROVE, , , , , , , 
MISSING INFORMATION
IMPROVE sel_HTAP
1 1
2014 01 01 2019 12 16
3.000000
days from file reference point
5
1 1 1 1 1
999.999999 9999.999 9.999 999.999 9.999
end_time of measurement, days from the file reference point
pm10_mass, ug/m3, Matrix=pm10
numflag pm10_mass, no unit, Matrix=pm10
pm25_mass, ug/m3, Matrix=pm25
numflag pm25_mass, no unit, Matrix=pm25
0
33
Data definition:              EBAS_1.1
Set type code:                TU
Timezone:                     UTC
File name:                    US0061R.20140102050000.20191216000000.filterpack...52w.3d.US03L_filterpack_US0061.US03L_IMPROVE_Davis.lev2.nas
File creation:                20191218115920
Startdate:                    20140102050000
Revision date:                20191216000000
Version:                      2
Version description:          "Data extracted from http://views.cira.colostate.edu/fed/DataWizard 2019-12-16"
Statistics:                   arithmetic mean
Data level:                   2
Period code:                  52w
Resolution code:              3d
Sample duration:              1d
Orig. time res.:              3d
Station code:                 US0061R
Platform code:                US0061S
Station name:                 Brigantine NWR
Station latitude:             39.465
Station longitude:            -74.4492
Station altitude:             5.0 m
Regime:                       IMG
Component:                    
Unit:                         ug/m3
Matrix:                       
Laboratory code:              US03L
Instrument type:              filterpack
Instrument name:              filterpack_US0061
Method ref:                   US03L_IMPROVE_Davis
Blank correction:             Blank corrected
Volume std. temperature:      ambient
Volume std. pressure:         ambient
starttime endtime PM10 flag_PM10 PM2.5 flag_PM2.5
  1.208333   2.208333   13.449 0.000   7.471 0.000
  4.208333   5.208333    8.792 0.000   3.462 0.000
  7.208333   8.208333    9.824 0.000   6.041 0.000
 10.208333  11.208333    2.590 0.000   1.295 0.000
 13.208333  14.208333    8.521 0.000   5.093 0.000
 16.208333  17.208333   18.514 0.000   8.712 0.000
 19.208333  20.208333   10.499 0.000   5.557 0.000
 22.208333  23.208333 9999.999 0.999 999.999 0.999
 25.208333  26.208333 9999.999 0.999 999.999 0.999
 28.208333  29.208333 9999.999 0.999 999.999 0.999
 31.208333  32.208333 9999.999 0.999 999.999 0.999
 34.208333  35.208333 9999.999 0.999 999.999 0.999
 37.208333  38.208333  126.835 0.659  85.912 0.659
 40.208333  41.208333 9999.999 0.999 999.999 0.999
 43.208333  44.208333    6.693 0.000   1.974 0.000
 46.208333  47.208333   13.517 0.000  10.012 0.000
 49.208333  50.208333   19.747 0.000  12.623 0.000
 52.208333  53.208333    8.753 0.000   3.343 0.000
 55.208333  56.208333   10.400 0.000   6.842 0.000
 58.208333  59.208333    9.273 0.000   3.981 0.000
 61.208333  62.208333   10.099 0.000   5.850 0.000
 64.208333  65.208333   13.992 0.000   5.536 0.000
 67.208333  68.208333   20.316 0.000  15.477 0.000
 70.208333  71.208333   28.091 0.000  16.535 0.000
 73.208333  74.208333   16.296 0.000   5.464 0.000
 76.208333  77.208333   19.791 0.000   4.085 0.000
 79.208333  80.208333   21.903 0.000   8.018 0.000
 82.208333  83.208333   13.647 0.000   5.653 0.000
 85.208333  86.208333   13.752 0.000   4.175 0.000
 88.208333  89.208333    1.710 0.000   1.050 0.000
 91.208333  92.208333    7.378 0.000   3.133 0.000
 94.208333  95.208333    7.760 0.000   5.436 0.000
 97.208333  98.208333    6.128 0.000   3.849 0.000
100.208333 101.208333   25.146 0.000  13.641 0.000
103.208333 104.208333   16.886 0.000   6.980 0.000
106.208333 107.208333   14.662 0.000   4.750 0.000
109.208333 110.208333   14.145 0.000   5.767 0.000
112.208333 113.208333    8.400 0.000   3.331 0.000
115.208333 116.208333    9.176 0.000   5.229 0.000
118.208333 119.208333   17.049 0.000   4.564 0.000
121.208333 122.208333   14.830 0.000   6.691 0.000
124.208333 125.208333    6.816 0.000   3.186 0.000
127.208333 128.208333   18.626 0.000   6.628 0.000
130.208333 131.208333   13.177 0.000   5.458 0.000
133.208333 134.208333   23.172 0.000   7.449 0.000
136.208333 137.208333   17.543 0.000   8.036 0.000
139.208333 140.208333   25.876 0.000   8.816 0.000
142.208333 143.208333   24.464 0.000   8.719 0.000
145.208333 146.208333   24.962 0.000   9.486 0.000
148.208333 149.208333   38.607 0.000   4.136 0.000
151.208333 152.208333   29.955 0.000   4.366 0.000
154.208333 155.208333   31.749 0.000  11.418 0.000
157.208333 158.208333   18.668 0.000   4.859 0.000
160.208333 161.208333   20.194 0.000   6.390 0.000
163.208333 164.208333   11.555 0.000   6.354 0.000
166.208333 167.208333   15.472 0.000   8.749 0.000
169.208333 170.208333   14.959 0.000   8.389 0.000
172.208333 173.208333   11.061 0.000   4.704 0.000
175.208333 176.208333   11.473 0.000   4.921 0.000
178.208333 179.208333    9.810 0.000   4.145 0.000
181.208333 182.208333   15.293 0.000   4.403 0.000
184.208333 185.208333   13.969 0.000   6.776 0.000
187.208333 188.208333   27.244 0.000  12.252 0.000
190.208333 191.208333   12.948 0.000   7.202 0.000
193.208333 194.208333   12.521 0.000   6.944 0.000
196.208333 197.208333   16.494 0.000   7.542 0.000
199.208333 200.208333   12.783 0.000   5.844 0.000
202.208333 203.208333   13.313 0.000   5.814 0.000
205.208333 206.208333   14.671 0.000   5.331 0.000
208.208333 209.208333   13.554 0.000   6.091 0.000
211.208333 212.208333   17.160 0.000   9.772 0.000
214.208333 215.208333    6.599 0.000   3.502 0.000
217.208333 218.208333   13.307 0.000   9.696 0.000
220.208333 221.208333   15.837 0.000   8.032 0.000
223.208333 224.208333   15.898 0.000   4.625 0.000
226.208333 227.208333   14.037 0.000   6.452 0.000
229.208333 230.208333    9.844 0.000   5.037 0.000
232.208333 233.208333   11.912 0.000   4.113 0.000
235.208333 236.208333   10.629 0.000   3.386 0.000
238.208333 239.208333   14.841 0.000   5.522 0.000
241.208333 242.208333   10.938 0.000   4.316 0.000
244.208333 245.208333   23.824 0.000  11.615 0.000
247.208333 248.208333   16.837 0.000   7.434 0.000
250.208333 251.208333   17.588 0.000   4.204 0.000
253.208333 254.208333   18.353 0.000   5.652 0.000
256.208333 257.208333    7.574 0.000   3.144 0.000
259.208333 260.208333    7.830 0.000   3.873 0.000
262.208333 263.208333   18.790 0.000   6.022 0.000
265.208333 266.208333    7.438 0.000   3.624 0.000
268.208333 269.208333   13.562 0.000   6.215 0.000
271.208333 272.208333   15.357 0.000   8.859 0.000
274.208333 275.208333    5.633 0.000   2.113 0.000
277.208333 278.208333    9.016 0.000   4.492 0.000
280.208333 281.208333   10.014 0.000   4.641 0.000
283.208333 284.208333    6.448 0.000   3.492 0.000
286.208333 287.208333 9999.999 0.456   3.486 0.000
289.208333 290.208333 9999.999 0.456   6.039 0.000
292.208333 293.208333 9999.999 0.456   3.247 0.000
295.208333 296.208333   17.563 0.000   2.182 0.000
298.208333 299.208333   18.065 0.000   5.314 0.000
301.208333 302.208333   26.336 0.000   8.857 0.000
304.208333 305.208333    7.554 0.000   2.511 0.000
307.208333 308.208333   16.627 0.000   7.825 0.000
310.208333 311.208333    7.887 0.000   3.423 0.000
313.208333 314.208333   11.058 0.000   7.332 0.000
316.208333 317.208333    9.394 0.000   5.193 0.000
319.208333 320.208333   12.449 0.000   9.915 0.000
322.208333 323.208333   12.018 0.000   5.049 0.000
325.208333 326.208333   19.046 0.000  10.212 0.000
328.208333 329.208333   15.454 0.000   7.141 0.000
331.208333 332.208333    9.957 0.000   7.320 0.000
334.208333 335.208333   15.145 0.000   9.405 0.000
337.208333 338.208333   14.680 0.000   9.053 0.000
340.208333 341.208333    4.675 0.000   2.588 0.000
343.208333 344.208333    2.199 0.000   1.357 0.000
346.208333 347.208333    8.928 0.000   7.161 0.000
349.208333 350.208333   14.200 0.000  11.236 0.000
352.208333 353.208333    5.371 0.000   3.491 0.000
355.208333 356.208333   11.956 0.000   8.498 0.000
358.208333 359.208333 9999.999 0.999 999.999 0.999
361.208333 362.208333 9999.999 0.999 999.999 0.999
364.208333 365.208333   11.882 0.000   9.089 0.000
