scripts/IMPROVE-2019_partial/data/US0065R.20010404050000.20191216000000.filterpack..pm25.9mo.1w.US03L_filterpack_US0065.US03L_IMPROVE_Davis.lev2.nas
64 1001
MISSING INFORMATION
US03L, IMPROVE, , , , , , , 
MISSING INFORMATION
IMPROVE sel_HTAP
1 1
2001 01 01 2019 12 16
3.000000
days from file reference point
25
1 1 1 1 1 1 1 1 1 1 1 1 1 1 1 1 1 1 1 1 1 1 1 1 1
999.999999 9999.99 9.999 999.99 9.999 9.999 9.999999 99.99 9.999999 9.999 9.999 99.999 9.999 99.999 9.999 999.999 9.999 999.999 9.999 999.999 9.999 9.999 9.999 99.999 9.999
end_time of measurement, days from the file reference point
iron, ng/m3, Revision date=20181210133000
numflag iron, no unit, Revision date=20181210133000
lead, ng/m3, Revision date=20181210133000
numflag lead, no unit, Revision date=20181210133000
magnesium, ug/m3, Revision date=20181210133000
numflag magnesium, no unit, Revision date=20181210133000
nickel, ng/m3, Revision date=20181210133000
numflag nickel, no unit, Revision date=20181210133000
nitrate, ug N/m3, Revision date=20181210133000
numflag nitrate, no unit, Revision date=20181210133000
organic_carbon, ug C/m3, Revision date=20181210133000
numflag organic_carbon, no unit, Revision date=20181210133000
organic_mass, ug/m3, Revision date=20181210133000
numflag organic_mass, no unit, Revision date=20181210133000
pm10_mass, ug/m3, Version=2, Version description=Data extracted from http://views.cira.colostate.edu/fed/DataWizard 2019-12-16, Sample duration=1d, Orig. time res.=3d, Matrix=pm10, Blank correction=Blank corrected, Volume std. temperature=ambient, Volume std. pressure=ambient
numflag pm10_mass, no unit, Version=2, Version description=Data extracted from http://views.cira.colostate.edu/fed/DataWizard 2019-12-16, Sample duration=1d, Orig. time res.=3d, Matrix=pm10, Blank correction=Blank corrected, Volume std. temperature=ambient, Volume std. pressure=ambient
pm10_pm25_mass, ug/m3, Revision date=20181210133000, Matrix=pm10_pm25
numflag pm10_pm25_mass, no unit, Revision date=20181210133000, Matrix=pm10_pm25
pm25_mass, ug/m3, Version=2, Version description=Data extracted from http://views.cira.colostate.edu/fed/DataWizard 2019-12-16, Sample duration=1d, Orig. time res.=3d, Blank correction=Blank corrected, Volume std. temperature=ambient, Volume std. pressure=ambient
numflag pm25_mass, no unit, Version=2, Version description=Data extracted from http://views.cira.colostate.edu/fed/DataWizard 2019-12-16, Sample duration=1d, Orig. time res.=3d, Blank correction=Blank corrected, Volume std. temperature=ambient, Volume std. pressure=ambient
potassium, ug/m3, Revision date=20181210133000
numflag potassium, no unit, Revision date=20181210133000
sulphate_total, ug S/m3, Revision date=20181210133000
numflag sulphate_total, no unit, Revision date=20181210133000
0
25
Data definition:              EBAS_1.1
Set type code:                TU
Timezone:                     UTC
File name:                    US0065R.20010404050000.20191216000000.filterpack..pm25.9mo.1w.US03L_filterpack_US0065.US03L_IMPROVE_Davis.lev2.nas
File creation:                20191218115941
Startdate:                    20010404050000
Revision date:                20191216000000
Statistics:                   arithmetic mean
Data level:                   2
Period code:                  9mo
Resolution code:              1w
Station code:                 US0065R
Platform code:                US0065S
Station name:                 Addison Pinnacle
Station latitude:             42.0912
Station longitude:            -77.2099
Station altitude:             512.0 m
Regime:                       IMG
Component:                    
Matrix:                       pm25
Laboratory code:              US03L
Instrument type:              filterpack
Instrument name:              filterpack_US0065
Method ref:                   US03L_IMPROVE_Davis
starttime endtime Fe flag_Fe Pb flag_Pb Mg++ flag_Mg++ Ni flag_Ni NO3- flag_NO3- OC flag_OC OM flag_OM PM10 flag_PM10 PM10-PM2.5 flag_PM10-PM2.5 PM2.5 flag_PM2.5 K+ flag_K+ SO4-- flag_SO4--
 93.208333  94.208333 9999.99 0.999 999.99 0.999 9.999 0.999000 99.99 0.999000 9.999 0.999 99.999 0.999 99.999 0.999 999.999 0.999 999.999 0.999 999.999 0.999 9.999 0.999 99.999 0.999
 96.208333  97.208333 9999.99 0.999 999.99 0.999 9.999 0.999000 99.99 0.999000 9.999 0.999 99.999 0.999 99.999 0.999 999.999 0.999 999.999 0.999 999.999 0.999 9.999 0.999 99.999 0.999
 99.208333 100.208333 9999.99 0.999 999.99 0.999 9.999 0.999000 99.99 0.999000 9.999 0.999 99.999 0.999 99.999 0.999 999.999 0.999 999.999 0.999 999.999 0.999 9.999 0.999 99.999 0.999
102.208333 103.208333   21.23 0.559   1.73 0.559 9.999 0.559259  0.24 0.559000 0.053 0.559  0.429 0.000  0.601 0.000   6.903 0.000   2.448 0.000   4.455 0.559 0.018 0.559  0.555 0.559
105.208333 106.208333   21.27 0.559   3.54 0.559 9.999 0.559259 99.99 0.559259 0.127 0.559  0.898 0.000  1.257 0.000   6.572 0.000   1.339 0.000   5.233 0.559 0.037 0.559  0.479 0.559
108.208333 109.208333   46.96 0.559   3.99 0.559 9.999 0.559259 99.99 0.559259 0.208 0.559  0.690 0.000  0.966 0.000   9.730 0.000   3.438 0.000   6.292 0.559 0.043 0.559  0.604 0.559
111.208333 112.208333  188.35 0.000   5.20 0.000 9.999 0.259000 99.99 0.259000 0.177 0.559  1.527 0.000  2.138 0.000  21.943 0.000   7.275 0.000  14.668 0.000 0.122 0.000  1.448 0.559
114.208333 115.208333   48.70 0.000   3.59 0.000 9.999 0.259000  0.51 0.000000 0.081 0.559  0.650 0.000  0.910 0.000  10.479 0.000   4.540 0.000   5.939 0.000 0.041 0.000  0.653 0.559
117.208333 118.208333   52.64 0.000   3.31 0.000 9.999 0.259000 99.99 0.259000 0.055 0.559  0.614 0.000  0.860 0.000   7.441 0.000   3.468 0.000   3.973 0.000 0.046 0.000  0.304 0.559
120.208333 121.208333  178.80 0.559   8.18 0.559 9.999 0.559259 99.99 0.559259 0.056 0.000  1.770 0.000  2.478 0.000  31.328 0.000  14.386 0.000  16.942 0.559 0.105 0.559  2.082 0.000
123.208333 124.208333  201.73 0.559   4.26 0.559 9.999 0.559259 99.99 0.559259 0.119 0.559  2.507 0.000  3.509 0.000  44.173 0.000  12.063 0.000  32.110 0.559 0.119 0.559  4.354 0.559
126.208333 127.208333   83.08 0.000   2.21 0.000 9.999 0.259000  0.45 0.000000 0.212 0.559  1.080 0.000  1.512 0.000  22.032 0.000  15.964 0.000   6.068 0.000 0.058 0.000  0.324 0.559
129.208333 130.208333  144.02 0.559   5.27 0.559 9.999 0.559259 99.99 0.559259 0.119 0.000  1.631 0.000  2.284 0.000  21.495 0.000   6.849 0.000  14.646 0.559 0.085 0.559  1.632 0.000
132.208333 133.208333   29.64 0.559   2.85 0.559 9.999 0.559259 99.99 0.559259 0.034 0.559  0.644 0.000  0.901 0.000   5.870 0.000   2.772 0.000   3.097 0.559 0.025 0.559  0.209 0.559
135.208333 136.208333   90.44 0.559   5.95 0.559 9.999 0.559259 99.99 0.559259 0.048 0.559  1.014 0.000  1.419 0.000  16.576 0.000  10.227 0.000   6.349 0.559 0.045 0.559  0.466 0.559
138.208333 139.208333   62.78 0.559   4.73 0.559 9.999 0.559259  0.81 0.559000 0.391 0.559  0.998 0.000  1.398 0.000  11.657 0.000   0.532 0.000  11.124 0.559 0.038 0.559  1.126 0.559
141.208333 142.208333   10.42 0.559   2.39 0.559 9.999 0.559259 99.99 0.559259 0.058 0.559  0.600 0.000  0.839 0.000   8.935 0.000   2.211 0.000   6.724 0.559 0.013 0.559  0.933 0.559
144.208333 145.208333   38.94 0.559   3.15 0.559 9.999 0.559259  0.45 0.559000 0.132 0.559  1.258 0.000  1.762 0.000  19.108 0.000   4.629 0.000  14.479 0.559 0.023 0.559  1.940 0.559
147.208333 148.208333   10.77 0.559   1.97 0.559 9.999 0.559259 99.99 0.559259 0.019 0.559  0.764 0.000  1.070 0.000   9.944 0.000   1.190 0.000   8.755 0.559 0.014 0.559  1.411 0.559
150.208333 151.208333   33.27 0.559   3.09 0.559 9.999 0.559259 99.99 0.559259 0.044 0.559  0.771 0.000  1.079 0.000   8.019 0.000   4.744 0.000   3.276 0.559 0.021 0.559  0.204 0.559
153.208333 154.208333   10.27 0.559   2.13 0.559 9.999 0.559259 99.99 0.559259 0.032 0.000  0.560 0.000  0.784 0.000   8.054 0.000   1.932 0.000   6.122 0.559 0.021 0.559  0.857 0.000
156.208333 157.208333   38.65 0.559   1.60 0.559 9.999 0.559259 99.99 0.559259 0.057 0.000  0.749 0.000  1.048 0.000   9.845 0.000   2.203 0.000   7.642 0.559 0.024 0.559  0.794 0.000
159.208333 160.208333   31.92 0.559   2.98 0.559 9.999 0.559259  0.22 0.559000 0.040 0.000  1.442 0.000  2.019 0.000  11.356 0.000   3.227 0.000   8.129 0.559 0.032 0.559  0.555 0.000
162.208333 163.208333   21.89 0.559   2.79 0.559 9.999 0.559259  0.34 0.559000 0.116 0.000  0.900 0.000  1.260 0.000  16.326 0.000   3.006 0.000  13.320 0.559 0.022 0.559  1.863 0.000
165.208333 166.208333   89.79 0.559   3.03 0.559 9.999 0.559259  2.02 0.559000 0.100 0.000  2.032 0.000  2.845 0.000  39.379 0.000   2.946 0.000  36.433 0.559 0.069 0.559  5.461 0.000
168.208333 169.208333   21.55 0.559   2.42 0.559 9.999 0.559259 99.99 0.559259 0.066 0.000  1.970 0.000  2.758 0.000  12.868 0.000   3.265 0.000   9.603 0.559 0.041 0.559  0.730 0.000
171.208333 172.208333   27.27 0.559   4.71 0.559 9.999 0.559259  0.67 0.559000 0.144 0.000  2.284 0.000  3.198 0.000  16.953 0.000   2.765 0.000  14.188 0.559 0.049 0.559  1.240 0.000
174.208333 175.208333   10.04 0.559   2.58 0.559 9.999 0.559259  0.31 0.559000 0.038 0.000  1.062 0.000  1.487 0.000   8.742 0.000   1.600 0.000   7.142 0.559 0.024 0.559  0.610 0.000
177.208333 178.208333   34.24 0.559   2.91 0.559 9.999 0.559259  0.39 0.559000 0.030 0.000  1.795 0.000  2.513 0.000  30.539 0.000   0.758 0.000  29.781 0.559 0.044 0.559  4.372 0.000
180.208333 181.208333   55.48 0.559   2.87 0.559 9.999 0.559259  0.27 0.559000 0.047 0.000  2.015 0.000  2.822 0.000  35.088 0.000   3.295 0.000  31.793 0.559 0.041 0.559  4.943 0.000
183.208333 184.208333   18.00 0.559   3.04 0.559 9.999 0.559259 99.99 0.559259 0.037 0.000  1.105 0.000  1.546 0.000  10.984 0.000   2.298 0.000   8.687 0.559 0.035 0.559  1.008 0.000
186.208333 187.208333   18.05 0.559   0.92 0.559 9.999 0.559259 99.99 0.559259 0.018 0.000  0.815 0.000  1.141 0.000   7.432 0.000   4.008 0.000   3.423 0.559 0.021 0.559  0.309 0.000
189.208333 190.208333   38.58 0.559   3.20 0.559 9.999 0.559259 99.99 0.559259 0.077 0.000  2.784 0.000  3.898 0.000  21.239 0.000   5.394 0.000  15.845 0.559 0.054 0.559  1.816 0.000
192.208333 193.208333   20.22 0.559   1.20 0.559 9.999 0.559259  0.32 0.559000 0.024 0.000  0.799 0.000  1.119 0.000   8.853 0.000   3.735 0.000   5.119 0.559 0.021 0.559  0.599 0.000
195.208333 196.208333   19.74 0.559   3.86 0.559 9.999 0.559259  0.21 0.559000 0.030 0.000  2.115 0.000  2.961 0.000  12.143 0.000   3.470 0.000   8.672 0.559 0.034 0.559  0.780 0.000
198.208333 199.208333   21.08 0.559  14.00 0.559 9.999 0.559259 99.99 0.559259 0.117 0.000  1.862 0.000  2.607 0.000  13.117 0.000   1.771 0.000  11.346 0.559 0.027 0.559  1.245 0.000
201.208333 202.208333   48.90 0.559   7.85 0.559 9.999 0.559259  0.83 0.559000 0.048 0.000  2.567 0.000  3.593 0.000  22.417 0.000   7.420 0.000  14.997 0.559 0.059 0.559  1.607 0.000
204.208333 205.208333   58.26 0.559   2.02 0.559 9.999 0.559259  0.44 0.559000 0.055 0.559  2.248 0.000  3.147 0.000  50.998 0.000   1.942 0.000  49.056 0.559 0.039 0.559  6.472 0.559
207.208333 208.208333   13.93 0.559   2.12 0.559 9.999 0.559259 99.99 0.559259 0.039 0.000  0.491 0.000  0.688 0.000   5.604 0.000   2.708 0.000   2.896 0.559 0.024 0.559  0.136 0.000
210.208333 211.208333   14.87 0.559   0.93 0.559 9.999 0.559259  0.48 0.559000 0.030 0.000  0.406 0.000  0.568 0.000  12.792 0.000   2.524 0.000  10.269 0.559 0.014 0.559  1.460 0.000
213.208333 214.208333   45.97 0.559   3.26 0.559 9.999 0.559259  0.42 0.559000 0.024 0.000  1.581 0.000  2.213 0.000  55.840 0.000   0.350 0.000  55.490 0.559 0.037 0.559  8.643 0.000
216.208333 217.208333   20.63 0.559   4.71 0.559 9.999 0.559259 99.99 0.559259 0.021 0.000  1.839 0.000  2.575 0.000   8.812 0.000   3.283 0.000   5.529 0.559 0.033 0.559  0.142 0.000
219.208333 220.208333   45.87 0.559   2.18 0.559 9.999 0.559259 99.99 0.559259 0.076 0.000  2.452 0.000  3.433 0.000  22.539 0.000   3.175 0.000  19.364 0.559 0.037 0.559  2.325 0.000
222.208333 223.208333   32.52 0.559   3.54 0.559 9.999 0.559259  0.21 0.559000 0.046 0.000  1.627 0.000  2.277 0.000  13.564 0.000   4.316 0.000   9.248 0.559 0.038 0.559  0.741 0.000
225.208333 226.208333   18.09 0.559   1.72 0.559 9.999 0.559259  0.14 0.559000 0.158 0.000  1.731 0.000  2.424 0.000  14.669 0.000   1.715 0.000  12.954 0.559 0.024 0.559  1.499 0.000
228.208333 229.208333   19.47 0.559   1.76 0.559 9.999 0.559259  0.29 0.559000 0.027 0.000  1.270 0.000  1.778 0.000  16.894 0.000   1.837 0.000  15.057 0.559 0.025 0.559  2.206 0.000
231.208333 232.208333   18.43 0.559   2.26 0.559 9.999 0.559259  0.29 0.559000 0.027 0.000  0.863 0.000  1.209 0.000  12.061 0.000   0.576 0.000  11.485 0.559 0.025 0.559  1.836 0.000
234.208333 235.208333   26.18 0.559   6.45 0.559 9.999 0.559259  0.48 0.559000 0.056 0.000  1.708 0.000  2.391 0.000  21.118 0.000   0.251 0.000  20.867 0.559 0.037 0.559  3.066 0.000
237.208333 238.208333   30.98 0.559   3.25 0.559 9.999 0.559259  0.72 0.559000 0.059 0.000  2.036 0.000  2.851 0.000  27.331 0.000   2.591 0.000  24.740 0.559 0.038 0.559  3.568 0.000
240.208333 241.208333   12.34 0.559   1.27 0.559 9.999 0.559259  0.34 0.559000 0.061 0.000  1.173 0.000  1.642 0.000   9.868 0.000   2.957 0.000   6.911 0.559 0.026 0.559  0.700 0.000
243.208333 244.208333    5.77 0.559   2.19 0.559 0.018 0.559000 99.99 0.559259 0.029 0.000  0.373 0.000  0.521 0.000   6.010 0.000   2.424 0.000   3.586 0.559 0.019 0.559  0.453 0.000
246.208333 247.208333   22.29 0.559   2.91 0.559 9.999 0.559259  0.13 0.559000 0.043 0.000  1.196 0.000  1.674 0.000  18.165 0.000   1.748 0.000  16.417 0.559 0.033 0.559  2.765 0.000
249.208333 250.208333   37.22 0.559   2.27 0.559 9.999 0.559259  0.13 0.559000 0.065 0.559  1.487 0.000  2.082 0.000  24.001 0.000   4.896 0.000  19.105 0.559 0.041 0.559  2.992 0.559
252.208333 253.208333   11.10 0.559   0.91 0.559 9.999 0.559259  0.38 0.559000 0.035 0.000  0.623 0.000  0.872 0.000   8.934 0.000   3.099 0.000   5.836 0.559 0.024 0.559  0.899 0.000
255.208333 256.208333   31.17 0.559   2.20 0.559 9.999 0.559259  0.15 0.559000 0.066 0.000  1.215 0.000  1.701 0.000  14.011 0.000   3.708 0.000  10.303 0.559 0.031 0.559  1.344 0.000
258.208333 259.208333   14.63 0.559   3.46 0.559 9.999 0.559259  0.10 0.559000 0.070 0.000  1.165 0.000  1.632 0.000   7.472 0.000   2.386 0.000   5.086 0.559 0.032 0.559  0.494 0.000
261.208333 262.208333   52.81 0.559   7.03 0.559 9.999 0.559259  0.44 0.559000 0.137 0.000  1.456 0.000  2.038 0.000  25.138 0.000   5.218 0.000  19.920 0.559 0.043 0.559  2.955 0.000
264.208333 265.208333   12.99 0.559   2.21 0.559 0.059 0.559000 99.99 0.559259 0.036 0.000  0.705 0.000  0.987 0.000  10.924 0.000   1.404 0.000   9.520 0.559 0.021 0.559  1.604 0.000
267.208333 268.208333    5.25 0.559   1.05 0.559 9.999 0.559259 99.99 0.559259 0.021 0.000  0.200 0.000  0.280 0.000   3.321 0.000   1.153 0.000   2.168 0.559 0.006 0.559  0.340 0.000
270.208333 271.208333    7.99 0.559   0.88 0.559 9.999 0.559259 99.99 0.559259 0.128 0.000  0.559 0.000  0.782 0.000   4.711 0.000   0.603 0.000   4.108 0.559 0.016 0.559  0.564 0.000
273.208333 274.208333   15.47 0.559   2.99 0.559 9.999 0.559259  0.19 0.559000 0.045 0.000  1.202 0.000  1.683 0.000   7.513 0.000   2.199 0.000   5.314 0.559 0.023 0.559  0.396 0.000
276.208333 277.208333   75.53 0.000   3.30 0.000 9.999 0.259000  0.15 0.000000 0.075 0.000  4.017 0.000  5.624 0.000  29.534 0.000  10.608 0.000  18.926 0.000 0.122 0.000  1.977 0.000
279.208333 280.208333    5.60 0.000   0.81 0.000 9.999 0.259000 99.99 0.259000 0.022 0.000  0.328 0.000  0.459 0.000   3.246 0.000   1.607 0.000   1.639 0.000 0.013 0.000  0.177 0.000
282.208333 283.208333   37.54 0.000   1.94 0.000 9.999 0.259000 99.99 0.259000 0.062 0.000  1.279 0.000  1.791 0.000  12.410 0.000   5.963 0.000   6.446 0.000 0.040 0.000  0.732 0.000
285.208333 286.208333   23.89 0.000   2.25 0.000 9.999 0.259000 99.99 0.259000 0.156 0.000  1.680 0.000  2.352 0.000  13.235 0.000   4.643 0.000   8.592 0.000 0.037 0.000  1.036 0.000
288.208333 289.208333   20.65 0.000   2.59 0.000 9.999 0.259000  0.18 0.000000 0.045 0.000  0.787 0.000  1.102 0.000   7.682 0.000   3.173 0.000   4.509 0.000 0.024 0.000  0.535 0.000
291.208333 292.208333   28.50 0.000   2.92 0.000 9.999 0.259000 99.99 0.259000 0.110 0.000  1.287 0.000  1.802 0.000   9.533 0.000   3.091 0.000   6.442 0.000 0.045 0.000  0.733 0.000
294.208333 295.208333   23.90 0.000   5.63 0.000 9.999 0.259000  0.14 0.000000 0.302 0.000  1.473 0.000  2.062 0.000   7.972 0.000   1.527 0.000   6.444 0.000 0.039 0.000  0.535 0.000
297.208333 298.208333   24.79 0.000   0.85 0.000 9.999 0.259000  0.13 0.000000 0.067 0.000  1.358 0.000  1.902 0.000  10.592 0.000   4.595 0.000   5.997 0.000 0.035 0.000  0.730 0.000
300.208333 301.208333    4.54 0.000   1.19 0.000 9.999 0.259000  0.08 0.000000 0.048 0.000  0.452 0.000  0.633 0.000   3.472 0.000   0.567 0.000   2.906 0.000 0.017 0.000  0.460 0.000
303.208333 304.208333   35.96 0.000   4.01 0.000 9.999 0.259000  1.27 0.000000 0.515 0.000  1.269 0.000  1.776 0.000  13.558 0.000   6.147 0.000   7.411 0.000 0.037 0.000  0.593 0.000
306.208333 307.208333   19.77 0.000   1.60 0.000 9.999 0.259000  0.13 0.000000 0.155 0.000  1.257 0.000  1.760 0.000   7.766 0.000   2.404 0.000   5.362 0.000 0.034 0.000  0.552 0.000
309.208333 310.208333    7.75 0.000   1.48 0.000 9.999 0.259000 99.99 0.259000 0.049 0.000  0.428 0.000  0.600 0.000   3.550 0.000   1.507 0.000   2.043 0.000 0.014 0.000  0.217 0.000
312.208333 313.208333    6.25 0.000   2.23 0.000 0.028 0.000000 99.99 0.259000 0.018 0.000  0.275 0.000  0.385 0.000   2.439 0.000   0.593 0.000   1.846 0.000 0.008 0.000  0.248 0.000
315.208333 316.208333   12.57 0.000   1.55 0.000 9.999 0.259000  0.29 0.000000 0.158 0.000  0.719 0.000  1.006 0.000   4.754 0.000   0.889 0.000   3.865 0.000 0.024 0.000  0.434 0.000
318.208333 319.208333   61.96 0.000   5.52 0.000 9.999 0.259000  0.19 0.000000 0.325 0.000  4.530 0.000  6.342 0.000  24.491 0.000   4.130 0.000  20.360 0.000 0.098 0.000  2.240 0.000
321.208333 322.208333   29.51 0.000   3.75 0.000 9.999 0.259000 99.99 0.259000 0.181 0.000  1.525 0.000  2.134 0.000  13.807 0.000   5.578 0.000   8.228 0.000 0.067 0.000  0.926 0.000
324.208333 325.208333   15.55 0.000   1.55 0.000 9.999 0.259000  0.13 0.000000 0.122 0.000  0.541 0.000  0.758 0.000   4.795 0.000   1.146 0.000   3.649 0.000 0.028 0.000  0.504 0.000
327.208333 328.208333   15.36 0.000   1.59 0.000 9.999 0.259000  0.93 0.000000 0.393 0.000  1.183 0.000  1.656 0.000  11.341 0.000   1.530 0.000   9.811 0.000 0.025 0.000  1.625 0.000
330.208333 331.208333   15.40 0.000   7.77 0.000 9.999 0.259000  0.14 0.000000 0.439 0.000  0.830 0.000  1.161 0.000   9.649 0.000   0.631 0.000   9.018 0.000 0.033 0.000  1.105 0.000
333.208333 334.208333    9.44 0.000   1.23 0.000 0.051 0.000000  0.41 0.000000 0.113 0.000  0.893 0.000  1.251 0.000   7.721 0.000   1.101 0.000   6.619 0.000 0.024 0.000  1.031 0.000
336.208333 337.208333   22.44 0.000   2.21 0.000 9.999 0.259000  0.17 0.000000 0.116 0.000  1.016 0.000  1.422 0.000   7.027 0.000   1.074 0.000   5.952 0.000 0.023 0.000  0.785 0.000
339.208333 340.208333   15.90 0.000   2.05 0.000 9.999 0.259000 99.99 0.259000 0.031 0.000  0.772 0.000  1.081 0.000   5.958 0.000   1.956 0.000   4.002 0.000 0.020 0.000  0.479 0.000
342.208333 343.208333    7.43 0.000   2.38 0.000 9.999 0.259000  0.20 0.000000 0.255 0.559  0.823 0.000  1.152 0.000   5.250 0.000   0.239 0.000   5.011 0.000 0.018 0.000  0.518 0.559
345.208333 346.208333   59.00 0.000   7.06 0.000 9.999 0.259000  1.24 0.000000 0.595 0.000  1.878 0.000  2.629 0.000  16.162 0.000   2.244 0.000  13.918 0.000 0.062 0.000  1.403 0.000
348.208333 349.208333    5.82 0.000   1.40 0.000 9.999 0.259000  0.13 0.000000 0.126 0.000  0.498 0.000  0.698 0.000   3.720 0.000   0.365 0.000   3.356 0.000 0.013 0.000  0.403 0.000
351.208333 352.208333    4.15 0.000   1.24 0.000 0.067 0.000000  0.08 0.000000 0.070 0.000  0.498 0.000  0.697 0.000   2.256 0.000   0.276 0.000   1.979 0.000 0.010 0.000  0.230 0.000
354.208333 355.208333    8.29 0.000   1.12 0.000 9.999 0.259000  0.09 0.000000 0.071 0.000  0.292 0.000  0.409 0.000   2.315 0.000   0.469 0.000   1.846 0.000 0.007 0.000  0.226 0.000
357.208333 358.208333    8.96 0.000   1.57 0.000 9.999 0.259000 99.99 0.259000 0.192 0.000  0.766 0.000  1.073 0.000   5.198 0.000   0.677 0.000   4.521 0.000 0.016 0.000  0.577 0.000
360.208333 361.208333   16.03 0.000   2.04 0.000 9.999 0.259000 99.99 0.259000 0.292 0.000  0.933 0.000  1.307 0.000   8.525 0.000   2.325 0.000   6.199 0.000 0.026 0.000  0.673 0.000
363.208333 364.208333   25.95 0.000   1.51 0.000 9.999 0.259000 99.99 0.259000 0.340 0.000  0.752 0.000  1.053 0.000  13.094 0.000   7.361 0.000   5.733 0.000 0.027 0.000  0.538 0.000
