scripts/IMPROVE-2019_partial/data/US0074R.19910102060000.20191216000000.filterpack...1y.3d.US03L_filterpack_US0074.US03L_IMPROVE_Davis.lev2.nas
52 1001
MISSING INFORMATION
US03L, IMPROVE, , , , , , , 
MISSING INFORMATION
IMPROVE sel_HTAP
1 1
1991 01 01 2019 12 16
0
days from file reference point
5
1 1 1 1 1
999.99 999.999 9.999 999.999 9.999999
end_time of measurement, days from the file reference point
pm10_mass, ug/m3, Matrix=pm10
numflag pm10_mass, no unit, Matrix=pm10
pm25_mass, ug/m3, Matrix=pm25
numflag pm25_mass, no unit, Matrix=pm25
0
33
Data definition:              EBAS_1.1
Set type code:                TI
Timezone:                     UTC
File name:                    US0074R.19910102060000.20191216000000.filterpack...1y.3d.US03L_filterpack_US0074.US03L_IMPROVE_Davis.lev2.nas
File creation:                20191218120029
Startdate:                    19910102060000
Revision date:                20191216000000
Version:                      2
Version description:          "Data extracted from http://views.cira.colostate.edu/fed/DataWizard 2019-12-16"
Statistics:                   arithmetic mean
Data level:                   2
Period code:                  1y
Resolution code:              3d
Sample duration:              1d
Orig. time res.:              3d
Station code:                 US0074R
Platform code:                US0074S
Station name:                 Guadalupe Mountains NP
Station latitude:             31.833
Station longitude:            -104.8094
Station altitude:             1672.0 m
Regime:                       IMG
Component:                    
Unit:                         ug/m3
Matrix:                       
Laboratory code:              US03L
Instrument type:              filterpack
Instrument name:              filterpack_US0074
Method ref:                   US03L_IMPROVE_Davis
Blank correction:             Blank corrected
Volume std. temperature:      ambient
Volume std. pressure:         ambient
starttime endtime PM10 flag_PM10 PM2.5 flag_PM2.5
  1.25   2.25   8.361 0.000   4.566 0.559000
  4.25   5.25   8.933 0.000 999.999 0.559259
  8.25   9.25   7.782 0.000   2.704 0.559000
 11.25  12.25   2.969 0.000   2.671 0.559000
 15.25  16.25 999.999 0.999 999.999 0.999000
 18.25  19.25 999.999 0.999 999.999 0.999000
 22.25  23.25 999.999 0.999 999.999 0.999000
 25.25  26.25 999.999 0.999 999.999 0.999000
 29.25  30.25   9.253 0.000   2.168 0.559000
 32.25  33.25  23.817 0.000   8.274 0.559000
 36.25  37.25  10.040 0.000   4.560 0.559000
 39.25  40.25 999.999 0.999   5.189 0.559000
 43.25  44.25   5.000 0.000   4.319 0.559000
 46.25  47.25  16.261 0.000   4.884 0.559000
 50.25  51.25 999.999 0.999   4.810 0.559000
 53.25  54.25   9.571 0.000   3.228 0.559000
 57.25  58.25   6.653 0.000   6.226 0.559000
 60.25  61.25  11.472 0.000   2.635 0.559000
 64.25  65.25 999.999 0.999   5.321 0.559000
 67.25  68.25   7.043 0.000 999.999 0.559259
 71.25  72.25  15.365 0.000 999.999 0.559259
 74.25  75.25  31.760 0.000 999.999 0.559259
 78.25  79.25   5.526 0.000   2.921 0.559000
 81.25  82.25   3.671 0.000   2.476 0.559000
 85.25  86.25 999.999 0.999   5.556 0.559000
 88.25  89.25  15.768 0.000   4.887 0.559000
 92.25  93.25  10.422 0.000   5.305 0.559000
 95.25  96.25  11.405 0.000   7.303 0.559000
 99.25 100.25  15.496 0.000   6.127 0.559000
102.25 103.25  22.218 0.000   6.095 0.559000
106.25 107.25  21.208 0.000   3.333 0.559000
109.25 110.25  18.646 0.000   9.365 0.559000
113.25 114.25  12.346 0.000   4.469 0.559000
116.25 117.25  15.197 0.000   6.102 0.559000
120.25 121.25  28.734 0.000   9.357 0.559000
123.25 124.25  12.190 0.000   5.302 0.559000
127.25 128.25  16.333 0.000   7.925 0.559000
130.25 131.25  19.876 0.000   6.824 0.559000
134.25 135.25  28.831 0.000 999.999 0.559259
137.25 138.25  17.213 0.000 999.999 0.559259
141.25 142.25  16.885 0.000   5.723 0.559000
144.25 145.25   8.912 0.000   7.452 0.559000
148.25 149.25  13.708 0.000   8.062 0.559000
151.25 152.25  20.400 0.000   7.454 0.559000
155.25 156.25 999.999 0.999   7.662 0.559000
158.25 159.25 999.999 0.999   3.477 0.559000
162.25 163.25   8.411 0.000   6.962 0.559000
165.25 166.25   9.309 0.000   4.927 0.559000
169.25 170.25   6.812 0.000   6.246 0.559000
172.25 173.25  12.718 0.000   5.405 0.559000
176.25 177.25  14.340 0.000 999.999 0.559259
179.25 180.25  13.321 0.000   6.328 0.559000
183.25 184.25   9.288 0.000   5.552 0.559000
186.25 187.25   9.349 0.000   4.125 0.559000
190.25 191.25   7.049 0.000   4.832 0.559000
193.25 194.25   4.238 0.000 999.999 0.559259
197.25 198.25  31.126 0.000  14.908 0.559000
200.25 201.25  14.105 0.000   6.413 0.559000
204.25 205.25 999.999 0.999   3.544 0.559000
207.25 208.25  12.258 0.000   5.212 0.559000
211.25 212.25  10.456 0.000   6.515 0.559000
214.25 215.25   6.982 0.000   5.788 0.559000
218.25 219.25   7.061 0.000   3.994 0.559000
221.25 222.25   9.362 0.000   3.969 0.559000
225.25 226.25   4.251 0.000   3.077 0.559000
228.25 229.25   8.571 0.000   7.024 0.559000
232.25 233.25   9.859 0.000   6.465 0.559000
235.25 236.25  17.123 0.000   8.882 0.559000
239.25 240.25  10.976 0.000   7.951 0.559000
242.25 243.25  12.983 0.000   7.872 0.559000
246.25 247.25   8.924 0.000   3.720 0.559000
249.25 250.25  11.837 0.000   6.159 0.559000
253.25 254.25   9.324 0.000   7.462 0.559000
256.25 257.25   9.829 0.000   4.025 0.559000
260.25 261.25   1.549 0.000   1.043 0.559000
263.25 264.25 999.999 0.999   1.626 0.559000
267.25 268.25  21.064 0.000   5.198 0.559000
270.25 271.25   7.957 0.000   3.070 0.559000
274.25 275.25   8.905 0.000   5.573 0.559000
277.25 278.25  26.374 0.000   6.656 0.559000
281.25 282.25 999.999 0.999   6.782 0.559000
284.25 285.25   8.640 0.000 999.999 0.559259
288.25 289.25  25.438 0.000   8.781 0.559000
291.25 292.25  38.297 0.000  10.506 0.559000
295.25 296.25 999.999 0.999   4.259 0.559000
298.25 299.25 999.999 0.999   3.048 0.559000
302.25 303.25 999.999 0.999   1.519 0.559000
305.25 306.25 999.999 0.999   6.115 0.559000
309.25 310.25 999.999 0.999   3.460 0.559000
312.25 313.25 999.999 0.999   6.889 0.559000
316.25 317.25 999.999 0.999 999.999 0.999000
319.25 320.25 999.999 0.999 999.999 0.999000
323.25 324.25 999.999 0.999 999.999 0.999000
326.25 327.25 999.999 0.999 999.999 0.999000
330.25 331.25   6.958 0.000   4.300 0.559000
333.25 334.25  11.504 0.000   4.253 0.559000
337.25 338.25   4.467 0.000   2.595 0.559000
340.25 341.25  12.420 0.000   6.710 0.559000
344.25 345.25   7.604 0.000   3.248 0.559000
347.25 348.25  11.194 0.000   1.917 0.559000
351.25 352.25   9.182 0.000   3.059 0.559000
354.25 355.25   5.302 0.000   1.667 0.559000
358.25 359.25   5.420 0.000   1.306 0.559000
361.25 362.25  13.428 0.000   2.596 0.559000
