scripts/IMPROVE-2019_partial/data/US0084R.20020102080000.20191216000000.filterpack..pm25.52w.1w.US03L_filterpack_US0084.US03L_IMPROVE_Davis.lev2.nas
66 1001
MISSING INFORMATION
US03L, IMPROVE, , , , , , , 
MISSING INFORMATION
IMPROVE sel_HTAP
1 1
2002 01 01 2019 12 16
3.000000
days from file reference point
27
1 1 1 1 1 1 1 1 1 1 1 1 1 1 1 1 1 1 1 1 1 1 1 1 1 1 1
999.999999 9999.99 9.999 99.99 9.999 9.999 9.999999 99.99 9.999 99.999 9.999 99.999 9.999 999.999 9.999 999.99 9.999999 999.999 9.999 999.999 9.999 999.999 9.999 9.999 9.999 9.999 9.999
end_time of measurement, days from the file reference point
iron, ng/m3, Revision date=20181210133000
numflag iron, no unit, Revision date=20181210133000
lead, ng/m3, Revision date=20181210133000
numflag lead, no unit, Revision date=20181210133000
magnesium, ug/m3, Revision date=20181210133000
numflag magnesium, no unit, Revision date=20181210133000
nickel, ng/m3, Revision date=20181210133000
numflag nickel, no unit, Revision date=20181210133000
nitrate, ug N/m3, Revision date=20181210133000
numflag nitrate, no unit, Revision date=20181210133000
organic_carbon, ug C/m3, Revision date=20181210133000
numflag organic_carbon, no unit, Revision date=20181210133000
organic_mass, ug/m3, Revision date=20181210133000
numflag organic_mass, no unit, Revision date=20181210133000
phosphorus, ng/m3, Revision date=20181210133000
numflag phosphorus, no unit, Revision date=20181210133000
pm10_mass, ug/m3, Version=2, Version description=Data extracted from http://views.cira.colostate.edu/fed/DataWizard 2019-12-16, Sample duration=1d, Orig. time res.=3d, Matrix=pm10, Blank correction=Blank corrected, Volume std. temperature=ambient, Volume std. pressure=ambient
numflag pm10_mass, no unit, Version=2, Version description=Data extracted from http://views.cira.colostate.edu/fed/DataWizard 2019-12-16, Sample duration=1d, Orig. time res.=3d, Matrix=pm10, Blank correction=Blank corrected, Volume std. temperature=ambient, Volume std. pressure=ambient
pm10_pm25_mass, ug/m3, Revision date=20181210133000, Matrix=pm10_pm25
numflag pm10_pm25_mass, no unit, Revision date=20181210133000, Matrix=pm10_pm25
pm25_mass, ug/m3, Version=2, Version description=Data extracted from http://views.cira.colostate.edu/fed/DataWizard 2019-12-16, Sample duration=1d, Orig. time res.=3d, Blank correction=Blank corrected, Volume std. temperature=ambient, Volume std. pressure=ambient
numflag pm25_mass, no unit, Version=2, Version description=Data extracted from http://views.cira.colostate.edu/fed/DataWizard 2019-12-16, Sample duration=1d, Orig. time res.=3d, Blank correction=Blank corrected, Volume std. temperature=ambient, Volume std. pressure=ambient
potassium, ug/m3, Revision date=20181210133000
numflag potassium, no unit, Revision date=20181210133000
sulphate_total, ug S/m3, Revision date=20181210133000
numflag sulphate_total, no unit, Revision date=20181210133000
0
25
Data definition:              EBAS_1.1
Set type code:                TU
Timezone:                     UTC
File name:                    US0084R.20020102080000.20191216000000.filterpack..pm25.52w.1w.US03L_filterpack_US0084.US03L_IMPROVE_Davis.lev2.nas
File creation:                20191218120107
Startdate:                    20020102080000
Revision date:                20191216000000
Statistics:                   arithmetic mean
Data level:                   2
Period code:                  52w
Resolution code:              1w
Station code:                 US0084R
Platform code:                US0084S
Station name:                 Columbia Gorge #1
Station latitude:             45.5693
Station longitude:            -122.2103
Station altitude:             230.0 m
Regime:                       IMG
Component:                    
Matrix:                       pm25
Laboratory code:              US03L
Instrument type:              filterpack
Instrument name:              filterpack_US0084
Method ref:                   US03L_IMPROVE_Davis
starttime endtime Fe flag_Fe Pb flag_Pb Mg++ flag_Mg++ Ni flag_Ni NO3- flag_NO3- OC flag_OC OM flag_OM P flag_P PM10 flag_PM10 PM10-PM2.5 flag_PM10-PM2.5 PM2.5 flag_PM2.5 K+ flag_K+ SO4-- flag_SO4--
[from data line 82]
247.333333 248.333333  109.86 0.000  2.10 0.000 9.999 0.259000  1.27 0.000  0.217 0.000  1.215 0.000   1.701 0.000 999.99 0.259000  24.326 0.000  18.408 0.000   5.918 0.000 0.071 0.000 0.411 0.000
250.333333 251.333333   77.68 0.000  1.68 0.000 9.999 0.259000  2.21 0.000  0.052 0.000  0.863 0.000   1.208 0.000 999.99 0.259000   9.780 0.000   5.915 0.000   3.865 0.000 0.026 0.000 0.251 0.000
253.333333 254.333333  100.42 0.000  4.15 0.000 9.999 0.259000  0.83 0.000  0.172 0.000  2.176 0.000   3.047 0.000 999.99 0.259000  17.991 0.000   9.700 0.000   8.290 0.000 0.090 0.000 0.584 0.000
256.333333 257.333333  146.31 0.000  3.22 0.000 0.038 0.000000  1.16 0.000  0.100 0.000  3.047 0.000   4.266 0.000 999.99 0.259000  26.797 0.000  17.033 0.000   9.765 0.000 0.068 0.000 0.409 0.000
259.333333 260.333333   37.20 0.000  1.73 0.000 9.999 0.259000  0.35 0.000  0.171 0.000  0.665 0.000   0.931 0.000 999.99 0.259000   5.191 0.000   1.728 0.000   3.463 0.000 0.027 0.000 0.300 0.000
262.333333 263.333333   37.59 0.000  2.02 0.000 0.026 0.000000  0.20 0.000  0.180 0.000  0.783 0.000   1.096 0.000  19.44 0.000000  12.533 0.000   8.556 0.000   3.977 0.000 0.047 0.000 0.262 0.000
265.333333 266.333333  108.23 0.000  2.28 0.000 9.999 0.259000  0.32 0.000  0.052 0.000  1.807 0.000   2.530 0.000 999.99 0.259000  18.219 0.000  12.211 0.000   6.008 0.000 0.060 0.000 0.249 0.000
268.333333 269.333333   82.11 0.000  1.46 0.000 9.999 0.259000  0.30 0.000  0.078 0.000  3.093 0.000   4.330 0.000  12.85 0.000000  17.016 0.000   9.860 0.000   7.156 0.000 0.047 0.000 0.240 0.000
271.333333 272.333333   10.92 0.000  1.02 0.000 9.999 0.259000 99.99 0.259  0.103 0.000  0.579 0.000   0.811 0.000 999.99 0.259000   5.889 0.000   2.658 0.000   3.231 0.000 0.036 0.000 0.294 0.000
274.333333 275.333333   29.04 0.000  2.98 0.000 9.999 0.259000  0.21 0.000  0.200 0.000  1.525 0.000   2.135 0.000 999.99 0.259000   5.652 0.000   1.391 0.000   4.262 0.000 0.038 0.000 0.290 0.000
277.333333 278.333333 9999.99 0.999 99.99 0.999 9.999 0.999000 99.99 0.999 99.999 0.999 99.999 0.999 999.999 0.999 999.99 0.999000 999.999 0.999 999.999 0.999 999.999 0.999 9.999 0.999 9.999 0.999
280.333333 281.333333   15.91 0.559  2.66 0.559 9.999 0.559259  0.22 0.559  0.148 0.559  1.852 0.000   2.593 0.000 999.99 0.559259   6.460 0.000   1.051 0.000   5.409 0.559 0.059 0.559 0.488 0.559
283.333333 284.333333   35.88 0.000  1.63 0.000 0.014 0.000000  0.49 0.000  0.170 0.000  1.147 0.000   1.606 0.000 999.99 0.259000  10.458 0.000   6.020 0.000   4.438 0.000 0.044 0.000 0.325 0.000
286.333333 287.333333  135.96 0.000  1.48 0.000 0.019 0.000000  0.06 0.000  0.108 0.000  1.923 0.000   2.692 0.000 999.99 0.259000  25.628 0.000  19.499 0.000   6.129 0.000 0.105 0.000 0.176 0.000
289.333333 290.333333  142.24 0.000  2.31 0.000 9.999 0.259000  0.17 0.000  0.090 0.000  2.105 0.000   2.947 0.000 999.99 0.259000  20.792 0.000  14.246 0.000   6.547 0.000 0.094 0.000 0.220 0.000
292.333333 293.333333   41.63 0.000  6.96 0.000 9.999 0.259000  0.35 0.000  0.528 0.000  2.332 0.000   3.265 0.000 999.99 0.259000  10.582 0.000   3.304 0.000   7.278 0.000 0.132 0.000 0.489 0.000
295.333333 296.333333  132.84 0.000  1.07 0.000 9.999 0.259000 99.99 0.259  0.032 0.000  1.536 0.000   2.151 0.000 999.99 0.259000  22.611 0.000  17.380 0.000   5.231 0.000 0.053 0.000 0.252 0.000
298.333333 299.333333  274.72 0.000  3.51 0.000 9.999 0.259000  0.45 0.000  0.338 0.000  4.049 0.000   5.669 0.000 999.99 0.259000  17.132 0.000   6.900 0.000  10.232 0.000 0.114 0.000 0.496 0.000
301.333333 302.333333   69.02 0.000  1.66 0.000 9.999 0.259000  0.12 0.000  0.159 0.000  1.643 0.000   2.300 0.000 999.99 0.259000  22.765 0.000  18.056 0.000   4.709 0.000 0.058 0.000 0.440 0.000
304.333333 305.333333   60.13 0.000  1.04 0.000 9.999 0.259000 99.99 0.259  0.490 0.000  2.685 0.000   3.759 0.000 999.99 0.259000  22.256 0.000  14.057 0.000   8.199 0.000 0.089 0.000 0.324 0.000
307.333333 308.333333   96.50 0.000  2.09 0.000 9.999 0.259000 99.99 0.259  1.236 0.000  4.827 0.000   6.758 0.000 999.99 0.259000  33.059 0.000  17.009 0.000  16.049 0.000 0.102 0.000 0.443 0.000
310.333333 311.333333  119.86 0.000  3.21 0.000 9.999 0.259000  0.06 0.000  1.608 0.000  5.859 0.000   8.202 0.000 999.99 0.259000  30.314 0.000  10.291 0.000  20.024 0.000 0.165 0.000 0.355 0.000
313.333333 314.333333    5.04 0.000  1.77 0.000 9.999 0.259000 99.99 0.259  0.042 0.000  2.362 0.000   3.307 0.000 999.99 0.259000   5.332 0.000   0.988 0.000   4.344 0.000 0.037 0.000 0.039 0.000
316.333333 317.333333    9.65 0.000  0.89 0.000 9.999 0.259000 99.99 0.259  0.150 0.000  5.903 0.000   8.264 0.000 999.99 0.259000  13.556 0.000   2.145 0.000  11.411 0.000 0.134 0.000 0.142 0.000
319.333333 320.333333   19.85 0.000  2.40 0.000 9.999 0.259000  0.12 0.000  0.250 0.000  9.919 0.000  13.887 0.000 999.99 0.259000  21.419 0.000   1.862 0.000  19.557 0.000 0.170 0.000 0.316 0.000
322.333333 323.333333    8.21 0.000  0.71 0.000 9.999 0.259000 99.99 0.259  0.028 0.000  1.739 0.000   2.435 0.000 999.99 0.259000   4.971 0.000   2.011 0.000   2.960 0.000 0.033 0.000 0.122 0.000
325.333333 326.333333   26.27 0.000  2.83 0.000 0.009 0.000000 99.99 0.259  0.376 0.000  7.699 0.000  10.779 0.000 999.99 0.259000  16.286 0.000   0.783 0.000  15.503 0.000 0.111 0.000 0.534 0.000
328.333333 329.333333   20.27 0.000  1.62 0.000 9.999 0.259000 99.99 0.259  0.100 0.000  2.405 0.000   3.367 0.000 999.99 0.259000   8.026 0.000   3.486 0.000   4.539 0.000 0.040 0.000 0.139 0.000
331.333333 332.333333   67.35 0.000  1.58 0.000 9.999 0.259000 99.99 0.259  1.803 0.000  3.420 0.000   4.787 0.000 999.99 0.259000  21.879 0.000   3.248 0.000  18.631 0.000 0.091 0.000 0.591 0.000
334.333333 335.333333   16.33 0.000  2.78 0.000 9.999 0.259000 99.99 0.259  0.449 0.000  7.221 0.000  10.110 0.000 999.99 0.259000  16.943 0.000   1.897 0.000  15.046 0.000 0.097 0.000 0.646 0.000
337.333333 338.333333    6.02 0.000  0.49 0.000 9.999 0.259000 99.99 0.259  0.312 0.000  1.317 0.000   1.844 0.000 999.99 0.259000   5.239 0.000   0.630 0.000   4.609 0.000 0.032 0.000 0.387 0.000
340.333333 341.333333    6.31 0.000  0.52 0.000 0.024 0.000000 99.99 0.259  0.068 0.000  0.990 0.000   1.386 0.000 999.99 0.259000   4.449 0.000   1.447 0.000   3.002 0.000 0.013 0.000 0.283 0.000
343.333333 344.333333    6.16 0.000  0.69 0.000 0.018 0.000000  0.09 0.000  0.215 0.000  1.765 0.000   2.470 0.000 999.99 0.259000   6.722 0.000   2.301 0.000   4.421 0.000 0.050 0.000 0.225 0.000
346.333333 347.333333    6.78 0.000  0.40 0.000 9.999 0.259000 99.99 0.259  0.036 0.000  1.152 0.000   1.613 0.000   6.22 0.000000   2.646 0.000   0.670 0.000   1.975 0.000 0.012 0.000 0.022 0.000
349.333333 350.333333    3.47 0.000  0.22 0.000 0.021 0.000000 99.99 0.259  0.035 0.000  0.602 0.000   0.843 0.000   5.47 0.000000   3.307 0.000   1.726 0.000   1.581 0.000 0.015 0.000 0.039 0.000
352.333333 353.333333   10.97 0.000  0.50 0.000 9.999 0.259000  0.06 0.000  0.301 0.000  1.077 0.000   1.508 0.000 999.99 0.259000   4.325 0.000   1.266 0.000   3.059 0.000 0.024 0.000 0.109 0.000
355.333333 356.333333    5.83 0.000  1.05 0.000 0.025 0.000000 99.99 0.259  0.044 0.000  1.096 0.000   1.535 0.000 999.99 0.259000   3.368 0.000   0.942 0.000   2.426 0.000 0.020 0.000 0.125 0.000
358.333333 359.333333    3.72 0.000  1.19 0.000 9.999 0.259000 99.99 0.259  0.222 0.000  1.467 0.000   2.054 0.000 999.99 0.259000 999.999 0.259 999.999 0.259   4.142 0.000 0.025 0.000 0.291 0.000
361.333333 362.333333    5.68 0.000  0.37 0.000 9.999 0.259000 99.99 0.259  0.031 0.000  0.682 0.000   0.955 0.000 999.99 0.259000   0.703 0.000 999.999 0.259   1.071 0.000 0.010 0.000 0.029 0.000
364.333333 365.333333    6.39 0.000  1.03 0.000 9.999 0.259000  0.26 0.000  0.135 0.000  1.206 0.000   1.689 0.000 999.99 0.259000   4.370 0.000   1.897 0.000   2.473 0.000 0.023 0.000 0.115 0.000
