scripts/IMPROVE-2019_partial/data/US0018U.20100102080000.20191216000000.filterpack...52w.3d.US03L_filterpack_US0018.US03L_IMPROVE_Davis.lev2.nas
52 1001
MISSING INFORMATION
US03L, IMPROVE, , , , , , , 
MISSING INFORMATION
IMPROVE sel_HTAP
1 1
2010 01 01 2019 12 16
3.000000
days from file reference point
5
1 1 1 1 1
999.999999 999.999 9.999 999.999 9.999
end_time of measurement, days from the file reference point
pm10_mass, ug/m3, Matrix=pm10
numflag pm10_mass, no unit, Matrix=pm10
pm25_mass, ug/m3, Matrix=pm25
numflag pm25_mass, no unit, Matrix=pm25
0
33
Data definition:              EBAS_1.1
Set type code:                TU
Timezone:                     UTC
File name:                    US0018U.20100102080000.20191216000000.filterpack...52w.3d.US03L_filterpack_US0018.US03L_IMPROVE_Davis.lev2.nas
File creation:                20191218115634
Startdate:                    20100102080000
Revision date:                20191216000000
Version:                      2
Version description:          "Data extracted from http://views.cira.colostate.edu/fed/DataWizard 2019-12-16"
Statistics:                   arithmetic mean
Data level:                   2
Period code:                  52w
Resolution code:              3d
Sample duration:              1d
Orig. time res.:              3d
Station code:                 US0018U
Platform code:                US0018S
Station name:                 Fresno
Station latitude:             36.7818
Station longitude:            -119.7732
Station altitude:             100.0 m
Regime:                       IMG
Component:                    
Unit:                         ug/m3
Matrix:                       
Laboratory code:              US03L
Instrument type:              filterpack
Instrument name:              filterpack_US0018
Method ref:                   US03L_IMPROVE_Davis
Blank correction:             Blank corrected
Volume std. temperature:      ambient
Volume std. pressure:         ambient
starttime endtime PM10 flag_PM10 PM2.5 flag_PM2.5
  1.333333   2.333333  34.229 0.000  33.021 0.000
  4.333333   5.333333  23.846 0.000  19.887 0.000
  7.333333   8.333333  48.716 0.000  37.292 0.000
 10.333333  11.333333  34.021 0.000  28.490 0.000
 13.333333  14.333333  26.036 0.000  19.348 0.000
 16.333333  17.333333  16.871 0.000  13.113 0.000
 19.333333  20.333333 999.999 0.999 999.999 0.999
 22.333333  23.333333  20.370 0.000  15.773 0.000
 25.333333  26.333333  18.093 0.000  10.858 0.000
 28.333333  29.333333  28.796 0.000  21.311 0.000
 31.333333  32.333333  27.225 0.000  19.599 0.000
 34.333333  35.333333  35.506 0.000  30.595 0.000
 37.333333  38.333333   9.871 0.000   7.640 0.000
 40.333333  41.333333  19.610 0.000  14.614 0.000
 43.333333  44.333333  25.160 0.000  19.952 0.000
 46.333333  47.333333  27.794 0.000  20.844 0.000
 49.333333  50.333333  34.869 0.000  30.128 0.000
 52.333333  53.333333  11.503 0.000   8.438 0.000
 55.333333  56.333333  17.136 0.000  12.694 0.000
 58.333333  59.333333  13.005 0.000   9.393 0.000
 61.333333  62.333333   7.485 0.000   4.568 0.000
 64.333333  65.333333  17.535 0.000  12.986 0.000
 67.333333  68.333333   7.832 0.000   3.604 0.000
 70.333333  71.333333  16.426 0.000  10.891 0.000
 73.333333  74.333333  18.509 0.000   9.357 0.000
 76.333333  77.333333  23.009 0.000  11.911 0.000
 79.333333  80.333333  24.082 0.000  10.283 0.000
 82.333333  83.333333  28.929 0.000  10.617 0.000
 85.333333  86.333333  20.818 0.000   7.741 0.000
 88.333333  89.333333  11.530 0.000   3.574 0.000
 91.333333  92.333333  12.493 0.000   4.608 0.000
 94.333333  95.333333   5.842 0.000   2.742 0.000
 97.333333  98.333333  14.913 0.000   6.482 0.000
100.333333 101.333333  18.829 0.000   7.438 0.000
103.333333 104.333333  10.617 0.000   5.310 0.000
106.333333 107.333333  10.120 0.000   4.256 0.000
109.333333 110.333333  11.679 0.000   2.102 0.000
112.333333 113.333333  14.576 0.000   4.748 0.000
115.333333 116.333333  23.877 0.000  11.689 0.000
118.333333 119.333333   9.223 0.000   2.663 0.000
121.333333 122.333333  14.250 0.000   4.997 0.000
124.333333 125.333333  25.181 0.000   5.716 0.000
127.333333 128.333333  13.153 0.000   3.167 0.000
130.333333 131.333333   8.034 0.000   2.763 0.000
133.333333 134.333333  21.430 0.000   7.429 0.000
136.333333 137.333333  14.115 0.000   6.405 0.000
139.333333 140.333333  17.886 0.000   3.817 0.000
142.333333 143.333333  10.778 0.000   2.649 0.000
145.333333 146.333333  11.503 0.000   3.659 0.000
148.333333 149.333333  14.451 0.000   4.898 0.000
151.333333 152.333333  12.011 0.000   2.813 0.000
154.333333 155.333333  13.014 0.000   2.897 0.000
157.333333 158.333333  15.345 0.000   3.665 0.000
160.333333 161.333333  23.254 0.000   3.760 0.000
163.333333 164.333333  22.387 0.000   6.269 0.000
166.333333 167.333333  36.043 0.000   8.439 0.000
169.333333 170.333333  17.852 0.000   4.278 0.000
172.333333 173.333333  25.631 0.000   6.752 0.000
175.333333 176.333333  23.515 0.000   5.051 0.000
178.333333 179.333333  36.361 0.000  13.293 0.000
181.333333 182.333333  32.384 0.000   7.357 0.000
184.333333 185.333333  51.175 0.000  35.128 0.000
187.333333 188.333333  32.764 0.000   7.622 0.000
190.333333 191.333333  30.200 0.000  10.835 0.000
193.333333 194.333333  27.530 0.000   8.070 0.000
196.333333 197.333333  35.596 0.000  10.254 0.000
199.333333 200.333333  23.238 0.000   6.675 0.000
202.333333 203.333333  41.481 0.000  10.613 0.000
205.333333 206.333333  26.989 0.000   8.903 0.000
208.333333 209.333333  29.635 0.000   6.923 0.000
211.333333 212.333333  24.113 0.000   7.229 0.000
214.333333 215.333333  25.759 0.000   6.474 0.000
217.333333 218.333333  30.321 0.000   7.037 0.000
220.333333 221.333333  23.716 0.000   5.163 0.000
223.333333 224.333333  23.347 0.000   4.798 0.000
226.333333 227.333333  19.038 0.000   4.660 0.000
229.333333 230.333333  32.390 0.000   7.282 0.000
232.333333 233.333333  28.140 0.000   6.496 0.000
235.333333 236.333333  54.360 0.000  12.436 0.000
238.333333 239.333333  42.129 0.000   7.802 0.000
241.333333 242.333333  26.380 0.000   5.796 0.000
244.333333 245.333333  57.103 0.000  14.585 0.000
247.333333 248.333333  35.105 0.000   8.179 0.000
250.333333 251.333333  28.921 0.000   3.419 0.000
253.333333 254.333333  40.628 0.000   9.604 0.000
256.333333 257.333333  33.153 0.000   8.098 0.000
259.333333 260.333333  32.628 0.000   7.216 0.000
262.333333 263.333333  17.016 0.000   4.631 0.000
265.333333 266.333333  43.314 0.000   8.651 0.000
268.333333 269.333333  50.768 0.000  16.416 0.000
271.333333 272.333333  82.730 0.000  21.990 0.000
274.333333 275.333333  43.877 0.000  10.263 0.000
277.333333 278.333333  22.753 0.000  10.561 0.000
280.333333 281.333333  34.752 0.000   9.830 0.000
283.333333 284.333333  41.557 0.000  12.521 0.000
286.333333 287.333333  52.484 0.000  15.650 0.000
289.333333 290.333333  38.041 0.000   7.283 0.000
292.333333 293.333333  23.194 0.000  10.114 0.000
295.333333 296.333333  14.672 0.000   4.409 0.000
298.333333 299.333333   8.494 0.000   4.719 0.000
301.333333 302.333333  31.598 0.000   8.963 0.000
304.333333 305.333333  21.895 0.000  11.756 0.000
307.333333 308.333333  38.657 0.000  18.058 0.000
310.333333 311.333333  17.797 0.000  10.137 0.000
313.333333 314.333333  18.529 0.000  12.992 0.000
316.333333 317.333333  47.008 0.000  38.898 0.000
319.333333 320.333333  49.706 0.000 999.999 0.456
322.333333 323.333333  30.937 0.000  20.317 0.000
325.333333 326.333333  19.099 0.000  14.719 0.000
328.333333 329.333333  54.603 0.659  32.227 0.659
331.333333 332.333333  13.095 0.000  11.396 0.000
334.333333 335.333333  42.669 0.000  31.617 0.000
337.333333 338.333333  56.197 0.000  52.356 0.000
340.333333 341.333333  38.508 0.000  28.578 0.000
343.333333 344.333333  39.337 0.000  32.310 0.000
346.333333 347.333333  34.077 0.000  27.880 0.000
349.333333 350.333333  25.714 0.000  21.179 0.000
352.333333 353.333333   4.862 0.000   3.474 0.000
355.333333 356.333333   7.243 0.000   6.045 0.000
358.333333 359.333333  16.827 0.000  11.998 0.000
361.333333 362.333333  26.682 0.000  20.964 0.000
364.333333 365.333333  24.859 0.000  20.473 0.000
