scripts/IMPROVE-2019_partial/data/US0052R.20010302060000.20191216000000.filterpack..pm25.10mo.1w.US03L_filterpack_US0052.US03L_IMPROVE_Davis.lev2.nas
66 1001
MISSING INFORMATION
US03L, IMPROVE, , , , , , , 
MISSING INFORMATION
IMPROVE sel_HTAP
1 1
2001 01 01 2019 12 16
3.00
days from file reference point
27
1 1 1 1 1 1 1 1 1 1 1 1 1 1 1 1 1 1 1 1 1 1 1 1 1 1 1
999.99 9999.99 9.999 99.99 9.999 9.999 9.999999 9.99 9.999999 99.999 9.999 99.999 9.999 99.999 9.999 999.99 9.999999 999.999 9.999 999.999 9.999 999.999 9.999 9.999 9.999 99.999 9.999
end_time of measurement, days from the file reference point
iron, ng/m3, Revision date=20181210133000
numflag iron, no unit, Revision date=20181210133000
lead, ng/m3, Revision date=20181210133000
numflag lead, no unit, Revision date=20181210133000
magnesium, ug/m3, Revision date=20181210133000
numflag magnesium, no unit, Revision date=20181210133000
nickel, ng/m3, Revision date=20181210133000
numflag nickel, no unit, Revision date=20181210133000
nitrate, ug N/m3, Revision date=20181210133000
numflag nitrate, no unit, Revision date=20181210133000
organic_carbon, ug C/m3, Revision date=20181210133000
numflag organic_carbon, no unit, Revision date=20181210133000
organic_mass, ug/m3, Revision date=20181210133000
numflag organic_mass, no unit, Revision date=20181210133000
phosphorus, ng/m3, Revision date=20181210133000
numflag phosphorus, no unit, Revision date=20181210133000
pm10_mass, ug/m3, Version=2, Version description=Data extracted from http://views.cira.colostate.edu/fed/DataWizard 2019-12-16, Sample duration=1d, Orig. time res.=3d, Matrix=pm10, Blank correction=Blank corrected, Volume std. temperature=ambient, Volume std. pressure=ambient
numflag pm10_mass, no unit, Version=2, Version description=Data extracted from http://views.cira.colostate.edu/fed/DataWizard 2019-12-16, Sample duration=1d, Orig. time res.=3d, Matrix=pm10, Blank correction=Blank corrected, Volume std. temperature=ambient, Volume std. pressure=ambient
pm10_pm25_mass, ug/m3, Revision date=20181210133000, Matrix=pm10_pm25
numflag pm10_pm25_mass, no unit, Revision date=20181210133000, Matrix=pm10_pm25
pm25_mass, ug/m3, Version=2, Version description=Data extracted from http://views.cira.colostate.edu/fed/DataWizard 2019-12-16, Sample duration=1d, Orig. time res.=3d, Blank correction=Blank corrected, Volume std. temperature=ambient, Volume std. pressure=ambient
numflag pm25_mass, no unit, Version=2, Version description=Data extracted from http://views.cira.colostate.edu/fed/DataWizard 2019-12-16, Sample duration=1d, Orig. time res.=3d, Blank correction=Blank corrected, Volume std. temperature=ambient, Volume std. pressure=ambient
potassium, ug/m3, Revision date=20181210133000
numflag potassium, no unit, Revision date=20181210133000
sulphate_total, ug S/m3, Revision date=20181210133000
numflag sulphate_total, no unit, Revision date=20181210133000
0
25
Data definition:              EBAS_1.1
Set type code:                TU
Timezone:                     UTC
File name:                    US0052R.20010302060000.20191216000000.filterpack..pm25.10mo.1w.US03L_filterpack_US0052.US03L_IMPROVE_Davis.lev2.nas
File creation:                20191218115833
Startdate:                    20010302060000
Revision date:                20191216000000
Statistics:                   arithmetic mean
Data level:                   2
Period code:                  10mo
Resolution code:              1w
Station code:                 US0052R
Platform code:                US0052S
Station name:                 Hercules-Glades
Station latitude:             36.6138
Station longitude:            -92.9221
Station altitude:             404.0 m
Regime:                       IMG
Component:                    
Matrix:                       pm25
Laboratory code:              US03L
Instrument type:              filterpack
Instrument name:              filterpack_US0052
Method ref:                   US03L_IMPROVE_Davis
starttime endtime Fe flag_Fe Pb flag_Pb Mg++ flag_Mg++ Ni flag_Ni NO3- flag_NO3- OC flag_OC OM flag_OM P flag_P PM10 flag_PM10 PM10-PM2.5 flag_PM10-PM2.5 PM2.5 flag_PM2.5 K+ flag_K+ SO4-- flag_SO4--
[from data line 84]
312.25 313.25   16.54 0.559  1.87 0.559 0.053 0.559000 9.99 0.559259  0.676 0.000  1.667 0.000  2.333 0.000 999.99 0.559259  18.229 0.000  10.485 0.000   7.745 0.559 0.075 0.559  0.672 0.000
315.25 316.25   29.15 0.000  2.49 0.000 9.999 0.259000 9.99 0.259000  0.202 0.000  1.895 0.000  2.653 0.000 999.99 0.259000  14.798 0.000   6.849 0.000   7.949 0.000 0.082 0.000  0.765 0.000
318.25 319.25   42.89 0.000  1.87 0.000 9.999 0.259000 0.14 0.000000  0.123 0.000  3.813 0.000  5.339 0.000 999.99 0.259000  26.445 0.000   8.080 0.000  18.366 0.000 0.104 0.000  2.277 0.000
321.25 322.25   50.16 0.559  2.23 0.559 9.999 0.559259 9.99 0.559259  0.148 0.000  4.105 0.000  5.747 0.000 999.99 0.559259  26.365 0.000   8.962 0.000  17.402 0.559 0.106 0.559  2.076 0.000
324.25 325.25   14.68 0.000  1.04 0.000 9.999 0.259000 9.99 0.259000  0.191 0.000  1.134 0.000  1.588 0.000 999.99 0.259000   6.407 0.000   3.224 0.000   3.183 0.000 0.060 0.000  0.105 0.000
327.25 328.25   16.52 0.000  0.51 0.000 9.999 0.259000 9.99 0.259000  0.062 0.000  0.648 0.000  0.907 0.000 999.99 0.259000   6.534 0.000   3.750 0.000   2.784 0.000 0.027 0.000  0.320 0.000
330.25 331.25    8.75 0.559  1.08 0.559 9.999 0.559259 9.99 0.559259  0.151 0.000  0.467 0.000  0.654 0.000 999.99 0.559259   6.539 0.000   4.374 0.000   2.166 0.559 0.019 0.559  0.143 0.000
333.25 334.25   10.61 0.000  1.18 0.000 9.999 0.259000 0.11 0.000000  0.428 0.000  0.943 0.000  1.321 0.000 999.99 0.259000   5.870 0.000   1.450 0.000   4.419 0.000 0.026 0.000  0.513 0.000
336.25 337.25   17.34 0.559  1.78 0.559 9.999 0.559259 0.19 0.559000  0.102 0.559  2.844 0.000  3.982 0.000 999.99 0.559259  12.410 0.000   2.619 0.000   9.790 0.559 0.059 0.559  0.867 0.559
339.25 340.25   14.51 0.559  1.07 0.559 9.999 0.559259 0.11 0.559000  0.159 0.559  0.986 0.000  1.380 0.000 999.99 0.559259   7.725 0.000   3.627 0.000   4.098 0.559 0.028 0.559  0.404 0.559
342.25 343.25    7.05 0.559  1.69 0.559 9.999 0.559259 9.99 0.559259  0.279 0.000  1.560 0.000  2.183 0.000 999.99 0.559259   6.196 0.000   2.183 0.000   4.013 0.559 0.025 0.559  0.149 0.000
345.25 346.25    3.65 0.559  0.80 0.559 0.100 0.559000 9.99 0.559259  0.175 0.559  0.606 0.000  0.849 0.000 999.99 0.559259   2.687 0.000   0.429 0.000   2.258 0.559 0.015 0.559  0.209 0.559
348.25 349.25    5.22 0.559  0.76 0.559 9.999 0.559259 9.99 0.559259  0.190 0.000  1.163 0.000  1.628 0.000 999.99 0.559259   4.919 0.000   0.764 0.000   4.155 0.559 0.019 0.559  0.404 0.000
351.25 352.25   11.34 0.559  0.68 0.559 9.999 0.559259 9.99 0.559259  0.306 0.000  1.107 0.000  1.550 0.000 999.99 0.559259   5.138 0.000   2.019 0.000   3.119 0.559 0.023 0.559  0.249 0.000
354.25 355.25   21.18 0.559  1.66 0.559 9.999 0.559259 9.99 0.559259  0.249 0.559  1.827 0.000  2.558 0.000  18.94 0.559000   8.383 0.000   3.744 0.000   4.639 0.559 0.040 0.559  0.222 0.559
357.25 358.25    8.70 0.559  0.80 0.559 9.999 0.559259 9.99 0.559259  0.212 0.000  0.541 0.000  0.758 0.000 999.99 0.559259   6.487 0.000   3.199 0.000   3.288 0.559 0.015 0.559  0.339 0.000
360.25 361.25   13.99 0.000  1.29 0.000 9.999 0.259000 9.99 0.259000  0.417 0.000  1.259 0.000  1.762 0.000 999.99 0.259000   9.356 0.000   4.351 0.000   5.006 0.000 0.026 0.000  0.343 0.000
363.25 364.25   21.35 0.000  2.50 0.000 9.999 0.259000 0.24 0.000000  0.633 0.000  1.644 0.000  2.301 0.000 999.99 0.259000  13.010 0.000   4.861 0.000   8.150 0.000 0.055 0.000  0.375 0.000
