scripts/IMPROVE-2019_partial/data/US0017R.20080101070000.20191216000000.filterpack...52w.3d.US03L_filterpack_US0017.US03L_IMPROVE_Davis.lev2.nas
52 1001
MISSING INFORMATION
US03L, IMPROVE, , , , , , , 
MISSING INFORMATION
IMPROVE sel_HTAP
1 1
2008 01 01 2019 12 16
3.000000
days from file reference point
5
1 1 1 1 1
999.999999 9999.999 9.999 999.999 9.999
end_time of measurement, days from the file reference point
pm10_mass, ug/m3, Matrix=pm10
numflag pm10_mass, no unit, Matrix=pm10
pm25_mass, ug/m3, Matrix=pm25
numflag pm25_mass, no unit, Matrix=pm25
0
33
Data definition:              EBAS_1.1
Set type code:                TU
Timezone:                     UTC
File name:                    US0017R.20080101070000.20191216000000.filterpack...52w.3d.US03L_filterpack_US0017.US03L_IMPROVE_Davis.lev2.nas
File creation:                20191218115631
Startdate:                    20080101070000
Revision date:                20191216000000
Version:                      2
Version description:          "Data extracted from http://views.cira.colostate.edu/fed/DataWizard 2019-12-16"
Statistics:                   arithmetic mean
Data level:                   2
Period code:                  52w
Resolution code:              3d
Sample duration:              1d
Orig. time res.:              3d
Station code:                 US0017R
Platform code:                US0017S
Station name:                 Douglas
Station latitude:             31.3492
Station longitude:            -109.5397
Station altitude:             1230.0 m
Regime:                       IMG
Component:                    
Unit:                         ug/m3
Matrix:                       
Laboratory code:              US03L
Instrument type:              filterpack
Instrument name:              filterpack_US0017
Method ref:                   US03L_IMPROVE_Davis
Blank correction:             Blank corrected
Volume std. temperature:      ambient
Volume std. pressure:         ambient
starttime endtime PM10 flag_PM10 PM2.5 flag_PM2.5
  0.291667   1.291667   18.694 0.000   4.601 0.000
  3.291667   4.291667   20.592 0.000   8.073 0.000
  6.291667   7.291667   13.813 0.000   2.097 0.000
  9.291667  10.291667   24.415 0.000   7.694 0.000
 12.291667  13.291667   10.664 0.000   3.198 0.000
 15.291667  16.291667 9999.999 0.999  12.242 0.000
 18.291667  19.291667 9999.999 0.999   6.568 0.000
 21.291667  22.291667 9999.999 0.999  12.807 0.000
 24.291667  25.291667   29.084 0.000   8.889 0.000
 27.291667  28.291667    4.746 0.000   2.571 0.000
 30.291667  31.291667   12.302 0.000   5.530 0.000
 33.291667  34.291667   20.123 0.000   6.003 0.000
 36.291667  37.291667 9999.999 0.999 999.999 0.999
 39.291667  40.291667 9999.999 0.999 999.999 0.999
 42.291667  43.291667 9999.999 0.999 999.999 0.999
 45.291667  46.291667    7.814 0.000   4.154 0.000
 48.291667  49.291667   15.437 0.000   5.221 0.000
 51.291667  52.291667   13.870 0.000   5.718 0.000
 54.291667  55.291667   18.283 0.000   7.506 0.000
 57.291667  58.291667   23.800 0.000  10.292 0.000
 60.291667  61.291667   23.248 0.000   8.281 0.000
 63.291667  64.291667   23.925 0.000   7.259 0.000
 66.291667  67.291667   27.100 0.000  11.248 0.000
 69.291667  70.291667   29.810 0.000   7.982 0.000
 72.291667  73.291667   67.095 0.000  13.066 0.000
 75.291667  76.291667   32.648 0.000   6.582 0.000
 78.291667  79.291667   32.282 0.000  11.049 0.000
 81.291667  82.291667   20.422 0.000   5.754 0.000
 84.291667  85.291667   43.801 0.000  11.649 0.000
 87.291667  88.291667   39.746 0.000  14.998 0.000
 90.291667  91.291667   26.373 0.000   6.923 0.000
 93.291667  94.291667   50.589 0.000  16.837 0.000
 96.291667  97.291667   30.602 0.000   8.400 0.000
 99.291667 100.291667   58.175 0.000  22.928 0.000
102.291667 103.291667   23.404 0.000   5.383 0.000
105.291667 106.291667   58.270 0.000  14.966 0.000
108.291667 109.291667   49.749 0.000  15.832 0.000
111.291667 112.291667   25.038 0.000   8.376 0.000
114.291667 115.291667   52.899 0.000  14.220 0.000
117.291667 118.291667   86.541 0.000  21.314 0.000
120.291667 121.291667   68.852 0.000  18.110 0.000
123.291667 124.291667   24.983 0.000   7.181 0.000
126.291667 127.291667   54.346 0.000  12.677 0.000
129.291667 130.291667   37.134 0.000  12.821 0.000
132.291667 133.291667   51.937 0.000  16.636 0.000
135.291667 136.291667   56.531 0.000  11.704 0.000
138.291667 139.291667   44.843 0.000  14.488 0.000
141.291667 142.291667  129.071 0.000  24.103 0.000
144.291667 145.291667   22.345 0.000   9.035 0.000
147.291667 148.291667   22.807 0.000   6.097 0.000
150.291667 151.291667   32.126 0.000   9.020 0.000
153.291667 154.291667   22.462 0.000   7.269 0.000
156.291667 157.291667   48.708 0.000  10.238 0.000
159.291667 160.291667   26.490 0.000   9.011 0.000
162.291667 163.291667   50.850 0.000  10.221 0.000
165.291667 166.291667   24.576 0.000  12.448 0.000
168.291667 169.291667   35.011 0.000  12.118 0.000
171.291667 172.291667   63.792 0.000  15.962 0.000
174.291667 175.291667   48.105 0.000  29.119 0.000
177.291667 178.291667   36.564 0.000  13.158 0.000
180.291667 181.291667   28.568 0.000   7.956 0.000
183.291667 184.291667   44.005 0.000  13.224 0.000
186.291667 187.291667   24.081 0.000 999.999 0.456
189.291667 190.291667    9.146 0.000   3.653 0.000
192.291667 193.291667   19.641 0.000   5.307 0.000
195.291667 196.291667   11.984 0.000   3.262 0.000
198.291667 199.291667   15.947 0.000   5.644 0.000
201.291667 202.291667    5.916 0.000   2.767 0.000
204.291667 205.291667   10.175 0.000   3.166 0.000
207.291667 208.291667   12.381 0.000   5.265 0.000
210.291667 211.291667   24.519 0.000   6.695 0.000
213.291667 214.291667   22.055 0.000   7.315 0.000
216.291667 217.291667   14.460 0.000   4.003 0.000
219.291667 220.291667   30.862 0.000   8.367 0.000
222.291667 223.291667   12.441 0.000   5.268 0.000
225.291667 226.291667   13.202 0.000   3.820 0.000
228.291667 229.291667   17.904 0.000   4.738 0.000
231.291667 232.291667   17.043 0.000   4.933 0.000
234.291667 235.291667   27.710 0.000   7.138 0.000
237.291667 238.291667   15.809 0.000   3.821 0.000
240.291667 241.291667   12.642 0.000   4.469 0.000
243.291667 244.291667    6.998 0.000   2.558 0.000
246.291667 247.291667   13.811 0.000   4.021 0.000
249.291667 250.291667   15.607 0.000   5.336 0.000
252.291667 253.291667   15.397 0.000   4.534 0.000
255.291667 256.291667   17.849 0.000   7.071 0.000
258.291667 259.291667   10.953 0.000   3.174 0.000
261.291667 262.291667   14.562 0.000   3.487 0.000
264.291667 265.291667   34.015 0.000   8.420 0.000
267.291667 268.291667   33.794 0.000   8.447 0.000
270.291667 271.291667   13.643 0.000   5.160 0.000
273.291667 274.291667   24.356 0.000  12.103 0.000
276.291667 277.291667   41.626 0.000  11.796 0.000
279.291667 280.291667   32.931 0.000   6.931 0.000
282.291667 283.291667   60.613 0.000  12.929 0.000
285.291667 286.291667   23.107 0.000   6.205 0.000
288.291667 289.291667   22.493 0.000   7.055 0.000
291.291667 292.291667   20.445 0.000   5.392 0.000
294.291667 295.291667   29.886 0.000   6.471 0.000
297.291667 298.291667   43.197 0.000   9.406 0.000
300.291667 301.291667   61.593 0.000  10.503 0.000
303.291667 304.291667   57.037 0.000  14.331 0.000
306.291667 307.291667   35.394 0.000   8.298 0.000
309.291667 310.291667   31.147 0.000   8.964 0.000
312.291667 313.291667   63.599 0.000  13.510 0.000
315.291667 316.291667   33.035 0.000   7.406 0.000
318.291667 319.291667   53.612 0.000  12.821 0.000
321.291667 322.291667   27.941 0.000   6.350 0.000
324.291667 325.291667   66.091 0.000  15.513 0.000
327.291667 328.291667   45.070 0.000  12.458 0.000
330.291667 331.291667   44.065 0.000  10.738 0.000
333.291667 334.291667    8.802 0.000   4.906 0.000
336.291667 337.291667   33.215 0.000   8.168 0.000
339.291667 340.291667   32.465 0.000   9.315 0.000
342.291667 343.291667   22.580 0.000   5.797 0.000
345.291667 346.291667  105.014 0.000  15.330 0.000
348.291667 349.291667   20.553 0.000   4.770 0.000
351.291667 352.291667   13.835 0.000   6.291 0.000
354.291667 355.291667   20.069 0.000   6.538 0.000
357.291667 358.291667   22.389 0.000   5.104 0.000
360.291667 361.291667   15.606 0.000   4.014 0.000
363.291667 364.291667   14.711 0.000   5.295 0.000
