scripts/IMPROVE-2019_partial/data/US0095R.20020102070000.20191216000000.filterpack..pm25.52w.1w.US03L_filterpack_US0095.US03L_IMPROVE_Davis.lev2.nas
64 1001
MISSING INFORMATION
US03L, IMPROVE, , , , , , , 
MISSING INFORMATION
IMPROVE sel_HTAP
1 1
2002 01 01 2019 12 16
3.000000
days from file reference point
25
1 1 1 1 1 1 1 1 1 1 1 1 1 1 1 1 1 1 1 1 1 1 1 1 1
999.999999 9999.99 9.999 99.99 9.999 9.999 9.999999 99.99 9.999999 9.999 9.999 999.999 9.999 999.999 9.999 9999.999 9.999 999.999 9.999 999.999 9.999 9.999 9.999 9.999 9.999
end_time of measurement, days from the file reference point
iron, ng/m3, Revision date=20181210133000
numflag iron, no unit, Revision date=20181210133000
lead, ng/m3, Revision date=20181210133000
numflag lead, no unit, Revision date=20181210133000
magnesium, ug/m3, Revision date=20181210133000
numflag magnesium, no unit, Revision date=20181210133000
nickel, ng/m3, Revision date=20181210133000
numflag nickel, no unit, Revision date=20181210133000
nitrate, ug N/m3, Revision date=20181210133000
numflag nitrate, no unit, Revision date=20181210133000
organic_carbon, ug C/m3, Revision date=20181210133000
numflag organic_carbon, no unit, Revision date=20181210133000
organic_mass, ug/m3, Revision date=20181210133000
numflag organic_mass, no unit, Revision date=20181210133000
pm10_mass, ug/m3, Version=2, Version description=Data extracted from http://views.cira.colostate.edu/fed/DataWizard 2019-12-16, Sample duration=1d, Orig. time res.=3d, Matrix=pm10, Blank correction=Blank corrected, Volume std. temperature=ambient, Volume std. pressure=ambient
numflag pm10_mass, no unit, Version=2, Version description=Data extracted from http://views.cira.colostate.edu/fed/DataWizard 2019-12-16, Sample duration=1d, Orig. time res.=3d, Matrix=pm10, Blank correction=Blank corrected, Volume std. temperature=ambient, Volume std. pressure=ambient
pm10_pm25_mass, ug/m3, Revision date=20181210133000, Matrix=pm10_pm25
numflag pm10_pm25_mass, no unit, Revision date=20181210133000, Matrix=pm10_pm25
pm25_mass, ug/m3, Version=2, Version description=Data extracted from http://views.cira.colostate.edu/fed/DataWizard 2019-12-16, Sample duration=1d, Orig. time res.=3d, Blank correction=Blank corrected, Volume std. temperature=ambient, Volume std. pressure=ambient
numflag pm25_mass, no unit, Version=2, Version description=Data extracted from http://views.cira.colostate.edu/fed/DataWizard 2019-12-16, Sample duration=1d, Orig. time res.=3d, Blank correction=Blank corrected, Volume std. temperature=ambient, Volume std. pressure=ambient
potassium, ug/m3, Revision date=20181210133000
numflag potassium, no unit, Revision date=20181210133000
sulphate_total, ug S/m3, Revision date=20181210133000
numflag sulphate_total, no unit, Revision date=20181210133000
0
25
Data definition:              EBAS_1.1
Set type code:                TU
Timezone:                     UTC
File name:                    US0095R.20020102070000.20191216000000.filterpack..pm25.52w.1w.US03L_filterpack_US0095.US03L_IMPROVE_Davis.lev2.nas
File creation:                20191218120149
Startdate:                    20020102070000
Revision date:                20191216000000
Statistics:                   arithmetic mean
Data level:                   2
Period code:                  52w
Resolution code:              1w
Station code:                 US0095R
Platform code:                US0095S
Station name:                 Petrified Forest NP
Station latitude:             35.0777
Station longitude:            -109.7692
Station altitude:             1766.0 m
Regime:                       IMG
Component:                    
Matrix:                       pm25
Laboratory code:              US03L
Instrument type:              filterpack
Instrument name:              filterpack_US0095
Method ref:                   US03L_IMPROVE_Davis
starttime endtime Fe flag_Fe Pb flag_Pb Mg++ flag_Mg++ Ni flag_Ni NO3- flag_NO3- OC flag_OC OM flag_OM PM10 flag_PM10 PM10-PM2.5 flag_PM10-PM2.5 PM2.5 flag_PM2.5 K+ flag_K+ SO4-- flag_SO4--
[from data line 87]
262.291667 263.291667   20.64 0.000  0.41 0.000 9.999 0.259000 99.99 0.259000 0.016 0.559   0.254 0.000   0.356 0.000    3.109 0.000   1.598 0.000   1.511 0.000 0.007 0.000 0.135 0.559
265.291667 266.291667   33.81 0.000  0.44 0.000 9.999 0.259000 99.99 0.259000 0.019 0.000   0.505 0.000   0.707 0.000    5.540 0.000   3.150 0.000   2.389 0.000 0.020 0.000 0.171 0.000
268.291667 269.291667  113.00 0.559  1.37 0.559 9.999 0.559259  0.16 0.559000 0.045 0.000   1.609 0.000   2.252 0.000   26.082 0.000  18.867 0.000   7.215 0.559 0.106 0.559 0.318 0.000
271.291667 272.291667   57.60 0.000  0.90 0.000 0.019 0.000000  0.16 0.000000 0.041 0.000   0.423 0.000   0.592 0.000   13.485 0.000   9.286 0.000   4.199 0.000 0.035 0.000 0.412 0.000
274.291667 275.291667   80.53 0.559  1.03 0.559 0.023 0.559000  0.14 0.559000 0.080 0.000   0.536 0.000   0.751 0.000   15.827 0.000  10.915 0.000   4.912 0.559 0.061 0.559 0.337 0.000
277.291667 278.291667   52.33 0.559  1.28 0.559 9.999 0.559259 99.99 0.559259 0.028 0.000   1.040 0.000   1.456 0.000    6.660 0.000   2.533 0.000   4.127 0.559 0.030 0.559 0.238 0.000
280.291667 281.291667   30.62 0.000  0.45 0.000 9.999 0.259000  0.08 0.000000 0.015 0.000   0.526 0.000   0.737 0.000    3.876 0.000   1.392 0.000   2.484 0.000 0.019 0.000 0.178 0.000
283.291667 284.291667   76.42 0.699  1.93 0.699 9.999 0.699259  0.08 0.699000 0.042 0.000   2.527 0.000   3.537 0.000   11.070 0.000   4.349 0.000   6.722 0.699 0.045 0.699 0.212 0.000
286.291667 287.291667   64.32 0.000  0.67 0.000 9.999 0.259000  0.07 0.000000 0.033 0.000   0.973 0.000   1.362 0.000   10.762 0.000   6.186 0.000   4.576 0.000 0.045 0.000 0.342 0.000
289.291667 290.291667   60.64 0.699  1.08 0.699 9.999 0.699259 99.99 0.699259 0.034 0.000   0.771 0.000   1.080 0.000    8.992 0.000   4.968 0.000   4.024 0.699 0.034 0.699 0.277 0.000
292.291667 293.291667   56.53 0.000  1.00 0.000 9.999 0.259000  0.06 0.000000 0.039 0.000   0.771 0.000   1.079 0.000    4.817 0.000   1.001 0.000   3.816 0.000 0.024 0.000 0.300 0.000
295.291667 296.291667   44.95 0.559  1.72 0.559 0.013 0.559000  0.12 0.559000 0.074 0.000   0.330 0.000   0.462 0.000    4.094 0.000   0.458 0.000   3.636 0.559 0.031 0.559 0.474 0.000
298.291667 299.291667   34.39 0.559  1.64 0.559 9.999 0.559259  0.10 0.559000 0.034 0.000   0.402 0.000   0.563 0.000    5.459 0.000   2.532 0.000   2.928 0.559 0.028 0.559 0.329 0.000
301.291667 302.291667   50.24 0.000  1.45 0.000 9.999 0.259000  0.11 0.000000 0.251 0.000   0.718 0.000   1.005 0.000    5.041 0.000   0.863 0.000   4.179 0.000 0.033 0.000 0.351 0.000
304.291667 305.291667   98.55 0.559  1.51 0.559 0.020 0.559000  0.37 0.559000 0.051 0.559   0.409 0.000   0.573 0.000    4.401 0.000 999.999 0.259   4.416 0.559 0.053 0.559 0.256 0.559
307.291667 308.291667   46.75 0.000  0.85 0.000 9.999 0.259000  0.06 0.000000 0.033 0.000   0.455 0.000   0.637 0.000    3.733 0.000   1.377 0.000   2.356 0.000 0.023 0.000 0.173 0.000
310.291667 311.291667   85.85 0.000  0.92 0.000 9.999 0.259000  0.10 0.000000 0.030 0.000   1.450 0.000   2.030 0.000    6.785 0.000   1.746 0.000   5.039 0.000 0.048 0.000 0.153 0.000
313.291667 314.291667   32.62 0.000  0.13 0.000 0.011 0.000000  0.13 0.000000 0.015 0.000 999.999 0.259 999.999 0.259    1.956 0.000   0.548 0.000   1.408 0.000 0.017 0.000 0.073 0.000
316.291667 317.291667   61.75 0.559  0.44 0.559 9.999 0.559259  0.16 0.559000 0.017 0.000   0.407 0.000   0.570 0.000    2.529 0.000   0.191 0.000   2.338 0.559 0.027 0.559 0.092 0.000
319.291667 320.291667   67.55 0.000  0.64 0.000 9.999 0.259000  0.28 0.000000 0.024 0.000   0.624 0.000   0.874 0.000    2.794 0.000 999.999 0.259   3.272 0.000 0.038 0.000 0.221 0.000
322.291667 323.291667   32.20 0.000  0.56 0.000 0.021 0.000000 99.99 0.259000 0.022 0.000   0.428 0.000   0.599 0.000    3.326 0.000   1.299 0.000   2.027 0.000 0.019 0.000 0.130 0.000
325.291667 326.291667   45.84 0.559  0.55 0.559 9.999 0.559259  0.06 0.559000 0.025 0.000   1.363 0.000   1.908 0.000    5.308 0.000   1.472 0.000   3.836 0.559 0.019 0.559 0.124 0.000
328.291667 329.291667   85.07 0.559  1.28 0.559 9.999 0.559259  0.17 0.559000 0.057 0.000   1.001 0.000   1.402 0.000    5.419 0.000   1.432 0.000   3.987 0.559 0.040 0.559 0.178 0.000
331.291667 332.291667   74.28 0.559  0.63 0.559 9.999 0.559259  0.05 0.559000 0.053 0.000   0.723 0.000   1.012 0.000    4.869 0.000   1.163 0.000   3.706 0.559 0.032 0.559 0.226 0.000
334.291667 335.291667   31.49 0.000  0.41 0.000 9.999 0.259000  0.24 0.000000 0.074 0.000   0.515 0.000   0.721 0.000 9999.999 0.999 999.999 0.999   2.244 0.000 0.014 0.000 0.181 0.000
337.291667 338.291667   20.46 0.000  0.26 0.000 9.999 0.259000 99.99 0.259000 0.118 0.000   0.752 0.000   1.052 0.000 9999.999 0.999 999.999 0.999   3.441 0.000 0.008 0.000 0.342 0.000
340.291667 341.291667   18.65 0.000  0.47 0.000 9.999 0.259000 99.99 0.259000 0.098 0.000   1.074 0.000   1.504 0.000 9999.999 0.999 999.999 0.999   3.142 0.000 0.009 0.000 0.210 0.000
343.291667 344.291667   19.31 0.000  0.66 0.000 9.999 0.259000 99.99 0.259000 0.090 0.000   1.061 0.000   1.486 0.000 9999.999 0.999 999.999 0.999   3.633 0.000 0.010 0.000 0.247 0.000
346.291667 347.291667   42.11 0.000  0.72 0.000 0.017 0.000000 99.99 0.259000 0.027 0.000   0.494 0.000   0.692 0.000    2.554 0.000   0.345 0.000   2.210 0.000 0.018 0.000 0.099 0.000
349.291667 350.291667  148.18 0.000  3.02 0.000 9.999 0.259000  0.10 0.000000 0.039 0.000   0.624 0.000   0.873 0.000    8.261 0.000   2.990 0.000   5.271 0.000 0.101 0.000 0.152 0.000
352.291667 353.291667   42.10 0.000  0.18 0.000 9.999 0.259000  0.16 0.000000 0.068 0.000   0.420 0.000   0.588 0.000    1.726 0.000   0.058 0.000   1.668 0.000 0.021 0.000 0.054 0.000
355.291667 356.291667   18.41 0.000  0.80 0.000 9.999 0.259000 99.99 0.259000 0.068 0.000   0.752 0.000   1.053 0.000    2.696 0.000   0.944 0.000   1.752 0.000 0.010 0.000 0.077 0.000
358.291667 359.291667    6.59 0.559  0.19 0.559 0.013 0.559000 99.99 0.559259 0.050 0.000   0.548 0.000   0.768 0.000    4.051 0.000   1.559 0.000   2.492 0.559 0.006 0.559 0.337 0.000
361.291667 362.291667   28.58 0.000  0.35 0.000 9.999 0.259000 99.99 0.259000 0.150 0.000   1.083 0.000   1.516 0.000    3.886 0.000   0.803 0.000   3.083 0.000 0.010 0.000 0.125 0.000
364.291667 365.291667   11.60 0.000  0.33 0.000 0.013 0.000000 99.99 0.259000 0.043 0.559   0.405 0.000   0.566 0.000    2.882 0.000   1.580 0.000   1.302 0.000 0.006 0.000 0.100 0.559
