scripts/IMPROVE-2019_partial/data/US0097R.19900103080000.20191216000000.filterpack...1y.3d.US03L_filterpack_US0097.US03L_IMPROVE_Davis.lev2.nas
52 1001
MISSING INFORMATION
US03L, IMPROVE, , , , , , , 
MISSING INFORMATION
IMPROVE sel_HTAP
1 1
1990 01 01 2019 12 16
0
days from file reference point
5
1 1 1 1 1
999.999999 999.999 9.999 999.999 9.999
end_time of measurement, days from the file reference point
pm10_mass, ug/m3, Matrix=pm10
numflag pm10_mass, no unit, Matrix=pm10
pm25_mass, ug/m3, Matrix=pm25
numflag pm25_mass, no unit, Matrix=pm25
0
33
Data definition:              EBAS_1.1
Set type code:                TI
Timezone:                     UTC
File name:                    US0097R.19900103080000.20191216000000.filterpack...1y.3d.US03L_filterpack_US0097.US03L_IMPROVE_Davis.lev2.nas
File creation:                20191218120159
Startdate:                    19900103080000
Revision date:                20191216000000
Version:                      2
Version description:          "Data extracted from http://views.cira.colostate.edu/fed/DataWizard 2019-12-16"
Statistics:                   arithmetic mean
Data level:                   2
Period code:                  1y
Resolution code:              3d
Sample duration:              1d
Orig. time res.:              3d
Station code:                 US0097R
Platform code:                US0097S
Station name:                 Redwood NP
Station latitude:             41.5608
Station longitude:            -124.0839
Station altitude:             243.0 m
Regime:                       IMG
Component:                    
Unit:                         ug/m3
Matrix:                       
Laboratory code:              US03L
Instrument type:              filterpack
Instrument name:              filterpack_US0097
Method ref:                   US03L_IMPROVE_Davis
Blank correction:             Blank corrected
Volume std. temperature:      ambient
Volume std. pressure:         ambient
starttime endtime PM10 flag_PM10 PM2.5 flag_PM2.5
  2.333333   3.333333   5.556 0.000   1.935 0.000
  5.333333   6.333333   4.248 0.000   1.433 0.000
  9.333333  10.333333   5.304 0.000   3.015 0.000
 12.333333  13.333333   3.142 0.000   0.954 0.000
 16.333333  17.333333  10.486 0.000   2.470 0.000
 19.333333  20.333333  11.772 0.000   4.740 0.000
 23.333333  24.333333   8.423 0.000   2.242 0.000
 26.333333  27.333333   5.126 0.000   1.512 0.000
 30.333333  31.333333   7.371 0.000   2.997 0.000
 33.333333  34.333333   7.956 0.000   1.865 0.000
 37.333333  38.333333   2.477 0.000   0.646 0.000
 40.333333  41.333333   4.152 0.000   2.652 0.000
 44.333333  45.333333 999.999 0.999 999.999 0.999
 47.333333  48.333333   3.117 0.000   2.036 0.000
 51.333333  52.333333 999.999 0.999 999.999 0.999
 54.333333  55.333333  13.277 0.000   4.590 0.000
 58.333333  59.333333  10.413 0.000   2.568 0.000
 61.333333  62.333333  25.688 0.000   5.684 0.000
 65.333333  66.333333   7.379 0.000   3.404 0.000
 68.333333  69.333333  11.565 0.000   1.545 0.000
 72.333333  73.333333   7.081 0.000   3.493 0.000
 75.333333  76.333333  23.734 0.000   5.982 0.000
 79.333333  80.333333   9.466 0.000   2.143 0.000
 82.333333  83.333333   8.755 0.000   5.689 0.000
 86.333333  87.333333 999.999 0.999 999.999 0.999
 89.333333  90.333333  25.602 0.000  12.635 0.000
 93.333333  94.333333  27.262 0.000 999.999 0.999
 96.333333  97.333333  10.386 0.000   7.039 0.000
100.333333 101.333333   7.073 0.000   5.921 0.000
103.333333 104.333333  11.967 0.000   8.273 0.000
107.333333 108.333333  15.085 0.000   2.061 0.000
110.333333 111.333333  14.198 0.000   3.879 0.000
114.333333 115.333333 999.999 0.999 999.999 0.999
117.333333 118.333333 999.999 0.999   4.006 0.000
121.333333 122.333333  19.738 0.000   7.879 0.000
124.333333 125.333333  13.600 0.000   5.616 0.000
128.333333 129.333333  32.431 0.000  13.958 0.000
131.333333 132.333333  10.351 0.000   5.196 0.000
135.333333 136.333333  12.611 0.000   7.143 0.000
138.333333 139.333333  14.027 0.000   2.620 0.000
142.333333 143.333333   8.967 0.000   2.754 0.000
145.333333 146.333333   4.175 0.000   1.198 0.000
149.333333 150.333333   9.202 0.000   2.119 0.000
152.333333 153.333333  10.614 0.000   5.194 0.000
156.333333 157.333333 999.999 0.999 999.999 0.999
159.333333 160.333333   8.712 0.000   1.596 0.000
163.333333 164.333333 999.999 0.999 999.999 0.999
166.333333 167.333333   9.339 0.000   3.443 0.000
170.333333 171.333333 999.999 0.999  12.636 0.000
173.333333 174.333333  21.561 0.000   4.895 0.000
177.333333 178.333333   9.217 0.000   3.204 0.000
180.333333 181.333333   7.848 0.000   2.515 0.000
184.333333 185.333333   7.759 0.000   5.848 0.000
187.333333 188.333333  14.723 0.000 999.999 0.999
191.333333 192.333333  23.750 0.000   8.636 0.000
194.333333 195.333333  26.344 0.000  10.121 0.000
198.333333 199.333333   9.932 0.000   3.672 0.000
201.333333 202.333333 999.999 0.999   9.042 0.000
205.333333 206.333333  11.519 0.000   6.314 0.000
208.333333 209.333333  28.708 0.000 999.999 0.999
212.333333 213.333333  20.912 0.000   9.705 0.000
215.333333 216.333333   5.050 0.000   2.639 0.000
219.333333 220.333333 999.999 0.999 999.999 0.999
222.333333 223.333333  18.875 0.000   6.717 0.000
226.333333 227.333333  11.234 0.000   4.281 0.000
229.333333 230.333333   7.101 0.000   2.964 0.000
233.333333 234.333333  37.945 0.000   6.928 0.000
236.333333 237.333333 999.999 0.999   6.344 0.000
240.333333 241.333333   7.695 0.000   4.880 0.000
243.333333 244.333333  10.593 0.000   5.015 0.559
247.333333 248.333333   8.248 0.000   5.120 0.559
250.333333 251.333333  10.946 0.000   8.072 0.559
254.333333 255.333333  10.409 0.000   5.502 0.559
257.333333 258.333333   8.370 0.000   4.772 0.559
261.333333 262.333333  19.081 0.000   9.699 0.559
264.333333 265.333333  15.000 0.000   8.875 0.559
268.333333 269.333333  17.491 0.000   8.228 0.559
271.333333 272.333333  20.147 0.000  12.121 0.559
275.333333 276.333333   8.885 0.000   4.421 0.559
278.333333 279.333333  15.551 0.000   5.479 0.559
282.333333 283.333333 999.999 0.999 999.999 0.999
285.333333 286.333333  12.667 0.000   7.177 0.559
289.333333 290.333333   9.379 0.000   5.793 0.559
292.333333 293.333333   9.860 0.000   7.774 0.559
296.333333 297.333333 999.999 0.999 999.999 0.999
299.333333 300.333333 999.999 0.999 999.999 0.999
303.333333 304.333333   6.316 0.000   5.135 0.559
306.333333 307.333333   8.383 0.000   5.211 0.559
310.333333 311.333333   7.739 0.000   5.701 0.559
313.333333 314.333333  10.616 0.000   5.137 0.559
317.333333 318.333333   4.665 0.000   2.438 0.559
320.333333 321.333333  11.610 0.000   7.685 0.559
324.333333 325.333333   9.298 0.000   2.561 0.559
327.333333 328.333333   6.469 0.000   3.089 0.559
331.333333 332.333333  10.096 0.000   2.439 0.559
334.333333 335.333333   6.462 0.000   4.212 0.559
338.333333 339.333333  10.974 0.000   5.167 0.559
341.333333 342.333333   8.881 0.000   4.772 0.559
345.333333 346.333333   5.756 0.000   2.630 0.559
348.333333 349.333333 999.999 0.999 999.999 0.999
352.333333 353.333333   6.194 0.000   3.040 0.559
355.333333 356.333333   5.265 0.000   3.435 0.559
359.333333 360.333333   6.323 0.000   3.018 0.559
362.333333 363.333333   9.450 0.000   4.116 0.559
