scripts/IMPROVE-2019_partial/data/US0062R.19890104070000.20191216000000.filterpack...1y.3d.US03L_filterpack_US0062.US03L_IMPROVE_Davis.lev2.nas
51 1001
MISSING INFORMATION
US03L, IMPROVE, , , , , , , 
MISSING INFORMATION
IMPROVE sel_HTAP
1 1
1989 01 01 2019 12 16
0
days from file reference point
4
1 1 1 1
999.999999 999.999 999.999 9.999
end_time of measurement, days from the file reference point
pm10_mass, ug/m3, Matrix=pm10
pm25_mass, ug/m3, Matrix=pm25
numflag, no unit
0
33
Data definition:              EBAS_1.1
Set type code:                TI
Timezone:                     UTC
File name:                    US0062R.19890104070000.20191216000000.filterpack...1y.3d.US03L_filterpack_US0062.US03L_IMPROVE_Davis.lev2.nas
File creation:                20191218115923
Startdate:                    19890104070000
Revision date:                20191216000000
Version:                      2
Version description:          "Data extracted from http://views.cira.colostate.edu/fed/DataWizard 2019-12-16"
Statistics:                   arithmetic mean
Data level:                   2
Period code:                  1y
Resolution code:              3d
Sample duration:              1d
Orig. time res.:              3d
Station code:                 US0062R
Platform code:                US0062S
Station name:                 Bandelier NM
Station latitude:             35.7797
Station longitude:            -106.2664
Station altitude:             1988.0 m
Regime:                       IMG
Component:                    
Unit:                         ug/m3
Matrix:                       
Laboratory code:              US03L
Instrument type:              filterpack
Instrument name:              filterpack_US0062
Method ref:                   US03L_IMPROVE_Davis
Blank correction:             Blank corrected
Volume std. temperature:      ambient
Volume std. pressure:         ambient
starttime endtime PM10 PM2.5 flag
  3.291667   4.291667   8.517   3.966 0.000
  6.291667   7.291667   1.983   0.787 0.000
 10.291667  11.291667 999.999 999.999 0.999
 13.291667  14.291667 999.999 999.999 0.999
 17.291667  18.291667 999.999 999.999 0.999
 20.291667  21.291667 999.999 999.999 0.999
 24.291667  25.291667   6.802   2.072 0.000
 27.291667  28.291667   3.787   2.763 0.000
 31.291667  32.291667   4.275   2.857 0.000
 34.291667  35.291667   3.724   2.658 0.000
 38.291667  39.291667   9.662   6.456 0.000
 41.291667  42.291667   5.021   3.196 0.000
 45.291667  46.291667   7.563   3.943 0.000
 48.291667  49.291667   7.564   4.700 0.000
 52.291667  53.291667   4.122   2.050 0.000
 55.291667  56.291667   3.240   1.852 0.000
 59.291667  60.291667 999.999   2.610 0.000
 62.291667  63.291667   7.061   4.088 0.000
 66.291667  67.291667   7.377   3.233 0.000
 69.291667  70.291667   9.377   4.025 0.000
 73.291667  74.291667  11.959   2.342 0.000
 76.291667  77.291667  19.551   5.475 0.000
 80.291667  81.291667   5.418   2.972 0.000
 83.291667  84.291667   6.255   2.830 0.000
 87.291667  88.291667   5.620   2.092 0.000
 90.291667  91.291667  12.358   3.815 0.000
 94.291667  95.291667  14.122   3.642 0.000
 97.291667  98.291667   7.837   1.651 0.000
101.291667 102.291667  22.806   5.798 0.000
104.291667 105.291667  13.238   5.542 0.000
108.291667 109.291667  19.650   4.146 0.000
111.291667 112.291667  17.626   8.805 0.000
115.291667 116.291667  22.326   6.176 0.000
118.291667 119.291667   7.849   3.588 0.000
122.291667 123.291667  13.436   5.344 0.000
125.291667 126.291667  10.148   4.377 0.000
129.291667 130.291667   9.157   7.138 0.000
132.291667 133.291667   8.067   5.975 0.000
136.291667 137.291667   7.216   3.556 0.000
139.291667 140.291667  12.973   6.258 0.000
143.291667 144.291667  15.188   3.405 0.000
146.291667 147.291667  24.086   7.546 0.000
150.291667 151.291667   9.252   4.169 0.000
153.291667 154.291667  10.611   7.706 0.000
157.291667 158.291667  12.222   4.605 0.000
160.291667 161.291667  16.471   8.259 0.000
164.291667 165.291667   7.212   2.715 0.000
167.291667 168.291667  14.609   6.382 0.000
171.291667 172.291667  22.457 999.999 0.000
174.291667 175.291667  17.500 999.999 0.000
178.291667 179.291667  17.173   9.932 0.000
181.291667 182.291667  10.871   5.051 0.000
185.291667 186.291667  18.028   7.569 0.000
188.291667 189.291667  17.366  10.210 0.000
192.291667 193.291667   9.455   4.671 0.000
195.291667 196.291667  10.259   4.983 0.000
199.291667 200.291667  17.220   6.516 0.000
202.291667 203.291667   9.409   5.190 0.000
206.291667 207.291667  18.195   8.893 0.000
209.291667 210.291667  13.423   5.121 0.000
213.291667 214.291667  16.520   3.677 0.000
216.291667 217.291667  13.568   3.540 0.000
220.291667 221.291667  13.235   7.474 0.000
223.291667 224.291667   8.755   5.709 0.000
227.291667 228.291667   7.719   3.525 0.000
230.291667 231.291667   8.523   2.102 0.000
234.291667 235.291667   5.360   2.671 0.000
237.291667 238.291667   8.053   3.630 0.000
241.291667 242.291667   5.023   2.931 0.000
244.291667 245.291667   8.976 999.999 0.000
248.291667 249.291667 999.999 999.999 0.999
251.291667 252.291667 999.999 999.999 0.999
255.291667 256.291667 999.999 999.999 0.999
258.291667 259.291667 999.999 999.999 0.999
262.291667 263.291667   7.930   4.876 0.000
265.291667 266.291667   9.648   3.794 0.000
269.291667 270.291667  10.857   5.449 0.000
272.291667 273.291667  11.592   6.438 0.000
276.291667 277.291667   3.130   2.043 0.000
279.291667 280.291667   6.652 999.999 0.000
283.291667 284.291667   6.769   3.303 0.000
286.291667 287.291667   9.039   4.500 0.000
290.291667 291.291667   7.083   2.132 0.000
293.291667 294.291667  11.333   7.210 0.000
297.291667 298.291667  10.830   3.882 0.000
300.291667 301.291667   9.390   3.912 0.000
304.291667 305.291667   6.554   2.879 0.000
307.291667 308.291667   6.275   2.710 0.000
311.291667 312.291667   6.126   2.888 0.000
314.291667 315.291667  12.716   2.484 0.000
318.291667 319.291667   8.782   2.804 0.000
321.291667 322.291667   8.655 999.999 0.000
325.291667 326.291667  23.486   3.885 0.000
328.291667 329.291667   6.927   2.739 0.000
332.291667 333.291667 999.999   2.947 0.000
335.291667 336.291667 999.999   2.696 0.000
339.291667 340.291667 999.999 999.999 0.999
342.291667 343.291667 999.999   3.819 0.000
346.291667 347.291667 999.999   2.652 0.000
349.291667 350.291667 999.999   3.163 0.000
353.291667 354.291667 999.999 999.999 0.999
356.291667 357.291667 999.999 999.999 0.999
360.291667 361.291667 999.999 999.999 0.999
363.291667 364.291667 999.999 999.999 0.999
