scripts/IMPROVE-2019_partial/data/US0086R.20000101050000.20191216000000.filterpack..pm25.52w.1w.US03L_filterpack_US0086.US03L_IMPROVE_Davis.lev2.nas
68 1001
MISSING INFORMATION
US03L, IMPROVE, , , , , , , 
MISSING INFORMATION
IMPROVE sel_HTAP
1 1
2000 01 01 2019 12 16
0
days from file reference point
29
1 1 1 1 1 1 1 1 1 1 1 1 1 1 1 1 1 1 1 1 1 1 1 1 1 1 1 1 1
999.999999 99.999 9.999 9999.99 9.999 999.99 9.999 9.999 9.999999 99.99 9.999999 9.999 9.999 99.999 9.999 99.999 9.999 99.99 9.999999 999.999 9.999 999.999 9.999 999.999 9.999 9.999 9.999 99.999 9.999
end_time of measurement, days from the file reference point
ammonium, ug N/m3, Revision date=20181210133000
numflag ammonium, no unit, Revision date=20181210133000
iron, ng/m3, Revision date=20181210133000
numflag iron, no unit, Revision date=20181210133000
lead, ng/m3, Revision date=20181210133000
numflag lead, no unit, Revision date=20181210133000
magnesium, ug/m3, Revision date=20181210133000
numflag magnesium, no unit, Revision date=20181210133000
nickel, ng/m3, Revision date=20181210133000
numflag nickel, no unit, Revision date=20181210133000
nitrate, ug N/m3, Revision date=20181210133000
numflag nitrate, no unit, Revision date=20181210133000
organic_carbon, ug C/m3, Revision date=20181210133000
numflag organic_carbon, no unit, Revision date=20181210133000
organic_mass, ug/m3, Revision date=20181210133000
numflag organic_mass, no unit, Revision date=20181210133000
phosphorus, ng/m3, Revision date=20181210133000
numflag phosphorus, no unit, Revision date=20181210133000
pm10_mass, ug/m3, Version=2, Version description=Data extracted from http://views.cira.colostate.edu/fed/DataWizard 2019-12-16, Sample duration=1d, Orig. time res.=3d, Matrix=pm10, Blank correction=Blank corrected, Volume std. temperature=ambient, Volume std. pressure=ambient
numflag pm10_mass, no unit, Version=2, Version description=Data extracted from http://views.cira.colostate.edu/fed/DataWizard 2019-12-16, Sample duration=1d, Orig. time res.=3d, Matrix=pm10, Blank correction=Blank corrected, Volume std. temperature=ambient, Volume std. pressure=ambient
pm10_pm25_mass, ug/m3, Revision date=20181210133000, Matrix=pm10_pm25
numflag pm10_pm25_mass, no unit, Revision date=20181210133000, Matrix=pm10_pm25
pm25_mass, ug/m3, Version=2, Version description=Data extracted from http://views.cira.colostate.edu/fed/DataWizard 2019-12-16, Sample duration=1d, Orig. time res.=3d, Blank correction=Blank corrected, Volume std. temperature=ambient, Volume std. pressure=ambient
numflag pm25_mass, no unit, Version=2, Version description=Data extracted from http://views.cira.colostate.edu/fed/DataWizard 2019-12-16, Sample duration=1d, Orig. time res.=3d, Blank correction=Blank corrected, Volume std. temperature=ambient, Volume std. pressure=ambient
potassium, ug/m3, Revision date=20181210133000
numflag potassium, no unit, Revision date=20181210133000
sulphate_total, ug S/m3, Revision date=20181210133000
numflag sulphate_total, no unit, Revision date=20181210133000
0
25
Data definition:              EBAS_1.1
Set type code:                TI
Timezone:                     UTC
File name:                    US0086R.20000101050000.20191216000000.filterpack..pm25.52w.1w.US03L_filterpack_US0086.US03L_IMPROVE_Davis.lev2.nas
File creation:                20191218120111
Startdate:                    20000101050000
Revision date:                20191216000000
Statistics:                   arithmetic mean
Data level:                   2
Period code:                  52w
Resolution code:              1w
Station code:                 US0086R
Platform code:                US0086S
Station name:                 Dolly Sods Wilderness
Station latitude:             39.1053
Station longitude:            -79.4261
Station altitude:             1182.0 m
Regime:                       IMG
Component:                    
Matrix:                       pm25
Laboratory code:              US03L
Instrument type:              filterpack
Instrument name:              filterpack_US0086
Method ref:                   US03L_IMPROVE_Davis
starttime endtime NH4+ flag_NH4+ Fe flag_Fe Pb flag_Pb Mg++ flag_Mg++ Ni flag_Ni NO3- flag_NO3- OC flag_OC OM flag_OM P flag_P PM10 flag_PM10 PM10-PM2.5 flag_PM10-PM2.5 PM2.5 flag_PM2.5 K+ flag_K+ SO4-- flag_SO4--
[from data line 76]
264.208333 265.208333  0.506 0.000   11.70 0.000   0.81 0.000 9.999 0.259000 99.99 0.259000 0.037 0.000  2.019 0.000  2.827 0.000 99.99 0.259000   9.549 0.000   1.799 0.000   7.749 0.000 0.020 0.000  0.851 0.000
267.208333 268.208333  0.214 0.000 9999.99 0.456 999.99 0.456 9.999 0.456000 99.99 0.456000 0.016 0.000  2.041 0.000  2.858 0.000 99.99 0.456000   8.547 0.000 999.999 0.999 999.999 0.456 9.999 0.456  0.619 0.000
270.208333 271.208333  0.734 0.000   20.07 0.000   2.84 0.000 9.999 0.259000 99.99 0.259000 0.120 0.000  2.249 0.000  3.148 0.000 99.99 0.259000  10.458 0.000   0.760 0.000   9.698 0.000 0.032 0.000  1.094 0.000
273.208333 274.208333  1.817 0.000   39.73 0.000   1.53 0.000 9.999 0.259000  3.74 0.000000 0.095 0.000  0.805 0.000  1.127 0.000 99.99 0.259000  14.550 0.000   1.198 0.000  13.352 0.000 0.023 0.000  2.475 0.000
276.208333 277.208333  1.344 0.000   28.21 0.000   0.64 0.000 9.999 0.259000 99.99 0.259000 0.081 0.000  2.611 0.000  3.656 0.000 99.99 0.259000  21.966 0.000   5.052 0.000  16.914 0.000 0.067 0.000  2.351 0.000
279.208333 280.208333  0.948 0.000   19.84 0.000   1.04 0.000 9.999 0.259000 99.99 0.259000 0.046 0.000  1.802 0.000  2.522 0.000 99.99 0.259000  14.385 0.000   2.076 0.000  12.309 0.000 0.042 0.000  1.613 0.000
282.208333 283.208333  0.247 0.000    8.94 0.000   1.98 0.000 9.999 0.259000 99.99 0.259000 0.130 0.000  1.394 0.000  1.951 0.000 99.99 0.259000   6.526 0.000   0.695 0.000   5.831 0.000 0.029 0.000  1.116 0.000
285.208333 286.208333  0.648 0.000   66.80 0.000   2.23 0.000 9.999 0.259000 99.99 0.259000 0.493 0.000  1.976 0.000  2.766 0.000 99.99 0.259000  18.518 0.000  11.053 0.000   7.465 0.000 0.069 0.000  1.367 0.000
288.208333 289.208333  1.985 0.000   49.25 0.000   1.20 0.000 9.999 0.259000 99.99 0.259000 0.048 0.000  3.018 0.000  4.225 0.000 99.99 0.259000  20.751 0.000   4.726 0.000  16.026 0.000 0.085 0.000  2.491 0.000
291.208333 292.208333  1.594 0.000   30.75 0.000   2.45 0.000 9.999 0.259000 99.99 0.259000 0.084 0.000  3.283 0.000  4.596 0.000 99.99 0.259000  19.717 0.000   0.672 0.000  19.045 0.000 0.045 0.000  2.903 0.000
294.208333 295.208333  2.088 0.000   35.83 0.000   0.79 0.000 9.999 0.259000 99.99 0.259000 0.033 0.000  2.656 0.000  3.718 0.000 99.99 0.259000  23.189 0.000   3.573 0.000  19.617 0.000 0.058 0.000  3.158 0.000
297.208333 298.208333  1.827 0.000   26.91 0.000   2.75 0.000 9.999 0.259000 99.99 0.259000 0.045 0.000  1.874 0.000  2.623 0.000 99.99 0.259000  18.599 0.000   2.847 0.000  15.752 0.000 0.061 0.000  2.752 0.000
300.208333 301.208333  2.356 0.000   30.41 0.000   1.81 0.000 9.999 0.259000 99.99 0.259000 0.038 0.000  1.938 0.000  2.714 0.000 99.99 0.259000  26.846 0.000   3.490 0.000  23.356 0.000 0.062 0.000  4.357 0.000
303.208333 304.208333  0.416 0.000   23.91 0.000   2.02 0.000 0.032 0.000000 99.99 0.259000 0.233 0.000  3.251 0.000  4.551 0.000 99.99 0.259000  11.144 0.000   3.328 0.000   7.816 0.000 0.037 0.000  0.603 0.000
306.208333 307.208333  0.240 0.000   19.28 0.000   0.46 0.000 9.999 0.259000 99.99 0.259000 0.038 0.000  0.437 0.000  0.612 0.000 99.99 0.259000   4.712 0.000   1.821 0.000   2.891 0.000 0.018 0.000  0.350 0.000
309.208333 310.208333  0.716 0.000   24.71 0.000   2.24 0.000 9.999 0.259000 99.99 0.259000 0.343 0.000  3.119 0.000  4.366 0.000 99.99 0.259000  12.101 0.000   3.443 0.000   8.658 0.000 0.039 0.000  0.600 0.000
312.208333 313.208333  0.827 0.000    7.52 0.000   0.40 0.000 9.999 0.259000 99.99 0.259000 0.044 0.000  2.371 0.000  3.320 0.000 99.99 0.259000  11.615 0.000   1.184 0.000  10.432 0.000 0.037 0.000  1.322 0.000
315.208333 316.208333  0.424 0.000   16.36 0.000   1.15 0.000 9.999 0.259000 99.99 0.259000 0.082 0.000  2.423 0.000  3.392 0.000 99.99 0.259000   8.325 0.000   0.505 0.000   7.820 0.000 0.025 0.000  0.708 0.000
318.208333 319.208333  0.553 0.000    8.60 0.000   1.75 0.000 9.999 0.259000 99.99 0.259000 0.082 0.000  0.930 0.000  1.302 0.000 99.99 0.259000   6.722 0.000   0.253 0.000   6.468 0.000 0.016 0.000  0.878 0.000
321.208333 322.208333  0.999 0.000   14.48 0.000   2.24 0.000 9.999 0.259000 99.99 0.259000 0.169 0.000  1.565 0.000  2.191 0.000 99.99 0.259000  10.059 0.000   1.295 0.000   8.764 0.000 0.038 0.000  1.248 0.000
324.208333 325.208333  0.677 0.000   13.62 0.000   1.13 0.000 9.999 0.259000 99.99 0.259000 0.243 0.000  1.045 0.000  1.463 0.000 99.99 0.259000   8.207 0.000   2.536 0.000   5.671 0.000 0.029 0.000  0.728 0.000
327.208333 328.208333  0.585 0.000   17.16 0.000   1.53 0.000 9.999 0.259000 99.99 0.259000 0.335 0.000  2.155 0.000  3.017 0.000 99.99 0.259000   7.786 0.000   0.842 0.000   6.944 0.000 0.055 0.000  0.562 0.000
330.208333 331.208333  0.085 0.000    1.26 0.000 999.99 0.259 9.999 0.259000 99.99 0.259000 0.011 0.000  0.393 0.000  0.550 0.000 99.99 0.259000   1.841 0.000   0.119 0.000   1.722 0.000 0.011 0.000  0.225 0.000
333.208333 334.208333  0.646 0.000   11.51 0.000   1.33 0.000 9.999 0.259000 99.99 0.259000 0.320 0.000  1.372 0.000  1.920 0.000 99.99 0.259000   6.903 0.000   1.511 0.000   5.391 0.000 0.030 0.000  0.536 0.000
336.208333 337.208333  0.573 0.000   16.76 0.000   1.72 0.000 9.999 0.259000  0.16 0.000000 0.134 0.000  1.406 0.000  1.969 0.000 99.99 0.259000   7.071 0.000   0.362 0.000   6.709 0.000 0.024 0.000  0.959 0.000
339.208333 340.208333  0.791 0.000   14.24 0.000   1.76 0.000 9.999 0.259000 99.99 0.259000 0.177 0.000  2.043 0.000  2.860 0.000 99.99 0.259000  10.207 0.000   1.852 0.000   8.356 0.000 0.032 0.000  1.052 0.000
342.208333 343.208333  0.858 0.000   19.94 0.000   1.99 0.000 9.999 0.259000 99.99 0.259000 0.323 0.000  1.804 0.000  2.525 0.000 99.99 0.259000   8.965 0.000   1.579 0.000   7.386 0.000 0.044 0.000  0.759 0.000
345.208333 346.208333  0.785 0.000   13.25 0.000   1.88 0.000 9.999 0.259000 99.99 0.259000 0.115 0.000  1.475 0.000  2.066 0.000 99.99 0.259000   9.873 0.000   0.623 0.000   9.249 0.000 0.042 0.000  1.410 0.000
348.208333 349.208333  0.082 0.000    1.47 0.000   0.55 0.000 9.999 0.259000  0.13 0.000000 0.016 0.000  0.708 0.000  0.992 0.000 99.99 0.259000   2.468 0.000   0.153 0.000   2.315 0.000 0.014 0.000  0.263 0.000
351.208333 352.208333  0.560 0.000   35.07 0.000   2.11 0.000 9.999 0.259000 99.99 0.259000 0.183 0.000  1.115 0.000  1.560 0.000 99.99 0.259000   5.934 0.000   0.865 0.000   5.069 0.000 0.040 0.000  0.575 0.000
354.208333 355.208333  0.678 0.000   24.60 0.000   2.03 0.000 9.999 0.259000 99.99 0.259000 0.212 0.000  1.960 0.000  2.744 0.000 99.99 0.259000   7.918 0.000 999.999 0.259   8.369 0.000 0.051 0.000  0.846 0.000
357.208333 358.208333  0.256 0.000   14.89 0.000   1.39 0.000 9.999 0.259000 99.99 0.259000 0.104 0.000  1.466 0.000  2.053 0.000 99.99 0.259000   5.378 0.000   0.986 0.000   4.392 0.000 0.043 0.000  0.376 0.000
360.208333 361.208333  0.315 0.000   17.24 0.000   1.16 0.000 9.999 0.259000 99.99 0.259000 0.153 0.000  1.562 0.000  2.187 0.000 99.99 0.259000   5.691 0.000   1.193 0.000   4.498 0.000 0.042 0.000  0.440 0.000
363.208333 364.208333  0.149 0.000    7.08 0.000   0.79 0.000 9.999 0.259000 99.99 0.259000 0.046 0.000  0.957 0.000  1.340 0.000 99.99 0.259000   3.872 0.000   1.253 0.000   2.619 0.000 0.042 0.000  0.199 0.000
