scripts/IMPROVE-2019_partial/data/US0032R.20050101100000.20191216000000.filterpack..pm25.52w.1w.US03L_filterpack_US0032.US03L_IMPROVE_Davis.lev2.nas
66 1001
MISSING INFORMATION
US03L, IMPROVE, , , , , , , 
MISSING INFORMATION
IMPROVE sel_HTAP
1 1
2005 01 01 2019 12 16
3.000000
days from file reference point
27
1 1 1 1 1 1 1 1 1 1 1 1 1 1 1 1 1 1 1 1 1 1 1 1 1 1 1
999.999999 9999.99 9.999 99.99 9.999 9.999 9.999999 9.99 9.999 9.999 9.999 99.999 9.999 99.999 9.999 999.99 9.999999 999.999 9.999 99.999 9.999 99.999 9.999 9.999 9.999 99.999 9.999
end_time of measurement, days from the file reference point
iron, ng/m3, Revision date=20181210133000
numflag iron, no unit, Revision date=20181210133000
lead, ng/m3, Revision date=20181210133000
numflag lead, no unit, Revision date=20181210133000
magnesium, ug/m3, Revision date=20181210133000
numflag magnesium, no unit, Revision date=20181210133000
nickel, ng/m3, Revision date=20181210133000
numflag nickel, no unit, Revision date=20181210133000
nitrate, ug N/m3, Revision date=20181210133000
numflag nitrate, no unit, Revision date=20181210133000
organic_carbon, ug C/m3, Revision date=20181210133000
numflag organic_carbon, no unit, Revision date=20181210133000
organic_mass, ug/m3, Revision date=20181210133000
numflag organic_mass, no unit, Revision date=20181210133000
phosphorus, ng/m3, Revision date=20181210133000
numflag phosphorus, no unit, Revision date=20181210133000
pm10_mass, ug/m3, Version=2, Version description=Data extracted from http://views.cira.colostate.edu/fed/DataWizard 2019-12-16, Sample duration=1d, Orig. time res.=3d, Matrix=pm10, Blank correction=Blank corrected, Volume std. temperature=ambient, Volume std. pressure=ambient
numflag pm10_mass, no unit, Version=2, Version description=Data extracted from http://views.cira.colostate.edu/fed/DataWizard 2019-12-16, Sample duration=1d, Orig. time res.=3d, Matrix=pm10, Blank correction=Blank corrected, Volume std. temperature=ambient, Volume std. pressure=ambient
pm10_pm25_mass, ug/m3, Revision date=20181210133000, Matrix=pm10_pm25
numflag pm10_pm25_mass, no unit, Revision date=20181210133000, Matrix=pm10_pm25
pm25_mass, ug/m3, Version=2, Version description=Data extracted from http://views.cira.colostate.edu/fed/DataWizard 2019-12-16, Sample duration=1d, Orig. time res.=3d, Blank correction=Blank corrected, Volume std. temperature=ambient, Volume std. pressure=ambient
numflag pm25_mass, no unit, Version=2, Version description=Data extracted from http://views.cira.colostate.edu/fed/DataWizard 2019-12-16, Sample duration=1d, Orig. time res.=3d, Blank correction=Blank corrected, Volume std. temperature=ambient, Volume std. pressure=ambient
potassium, ug/m3, Revision date=20181210133000
numflag potassium, no unit, Revision date=20181210133000
sulphate_total, ug S/m3, Revision date=20181210133000
numflag sulphate_total, no unit, Revision date=20181210133000
0
25
Data definition:              EBAS_1.1
Set type code:                TU
Timezone:                     UTC
File name:                    US0032R.20050101100000.20191216000000.filterpack..pm25.52w.1w.US03L_filterpack_US0032.US03L_IMPROVE_Davis.lev2.nas
File creation:                20191218115734
Startdate:                    20050101100000
Revision date:                20191216000000
Statistics:                   arithmetic mean
Data level:                   2
Period code:                  52w
Resolution code:              1w
Station code:                 US0032R
Platform code:                US0032S
Station name:                 Haleakala NP
Station latitude:             20.8086
Station longitude:            -156.2823
Station altitude:             1153.0 m
Regime:                       IMG
Component:                    
Matrix:                       pm25
Laboratory code:              US03L
Instrument type:              filterpack
Instrument name:              filterpack_US0032
Method ref:                   US03L_IMPROVE_Davis
starttime endtime Fe flag_Fe Pb flag_Pb Mg++ flag_Mg++ Ni flag_Ni NO3- flag_NO3- OC flag_OC OM flag_OM P flag_P PM10 flag_PM10 PM10-PM2.5 flag_PM10-PM2.5 PM2.5 flag_PM2.5 K+ flag_K+ SO4-- flag_SO4--
  0.416667   1.416667    1.89 0.000  0.51 0.000 0.018 0.000000 0.17 0.000 0.025 0.000  0.175 0.000  0.315 0.000 999.99 0.259000   5.834 0.000  2.783 0.000  3.049 0.000 0.054 0.000  0.423 0.000
  3.416667   4.416667    2.50 0.000  0.34 0.000 9.999 0.259000 0.10 0.000 0.024 0.000  0.198 0.000  0.357 0.000 999.99 0.259000   5.443 0.000  3.465 0.000  1.977 0.000 0.014 0.000  0.084 0.000
  6.416667   7.416667   10.28 0.000  0.12 0.000 9.999 0.259000 0.18 0.000 0.015 0.559  0.154 0.000  0.277 0.000 999.99 0.259000   2.872 0.000  1.827 0.000  1.044 0.000 0.010 0.000  0.069 0.559
  9.416667  10.416667    7.41 0.000  0.31 0.000 9.999 0.259000 0.11 0.000 0.028 0.000  0.119 0.000  0.214 0.000 999.99 0.259000   4.365 0.000  2.683 0.000  1.681 0.000 0.016 0.000  0.096 0.000
 12.416667  13.416667   10.42 0.000  0.89 0.000 0.018 0.000000 0.12 0.000 0.031 0.559  0.096 0.000  0.173 0.000 999.99 0.259000   5.838 0.000  3.457 0.000  2.379 0.000 0.019 0.000  0.174 0.559
 15.416667  16.416667    2.47 0.000  0.35 0.000 9.999 0.259000 0.17 0.000 0.010 0.000  0.096 0.000  0.173 0.000 999.99 0.259000   2.544 0.000  1.444 0.000  1.100 0.000 0.005 0.000  0.093 0.000
 18.416667  19.416667 9999.99 0.999 99.99 0.999 9.999 0.999000 9.99 0.999 9.999 0.999 99.999 0.999 99.999 0.999 999.99 0.999000 999.999 0.999 99.999 0.999 99.999 0.999 9.999 0.999 99.999 0.999
 21.416667  22.416667 9999.99 0.999 99.99 0.999 9.999 0.999000 9.99 0.999 9.999 0.999 99.999 0.999 99.999 0.999 999.99 0.999000 999.999 0.999 99.999 0.999 99.999 0.999 9.999 0.999 99.999 0.999
 24.416667  25.416667 9999.99 0.999 99.99 0.999 9.999 0.999000 9.99 0.999 9.999 0.999 99.999 0.999 99.999 0.999 999.99 0.999000 999.999 0.999 99.999 0.999 99.999 0.999 9.999 0.999 99.999 0.999
 27.416667  28.416667    8.29 0.000  0.43 0.000 9.999 0.259000 0.25 0.000 0.057 0.000  0.413 0.000  0.744 0.000 999.99 0.259000   8.442 0.000  3.187 0.000  5.253 0.000 0.020 0.000  0.926 0.000
 30.416667  31.416667    7.27 0.000  0.15 0.000 0.030 0.000000 0.17 0.000 0.057 0.000  0.408 0.000  0.735 0.000 999.99 0.259000   8.199 0.000  3.698 0.000  4.499 0.000 0.021 0.000  0.804 0.000
 33.416667  34.416667    1.21 0.000  0.21 0.000 9.999 0.259000 0.21 0.000 0.003 0.000  0.443 0.000  0.797 0.000 999.99 0.259000   3.286 0.000  1.784 0.000  1.502 0.000 0.013 0.000  0.174 0.000
 36.416667  37.416667    8.37 0.000  0.28 0.000 0.014 0.000000 0.16 0.000 0.031 0.000  0.331 0.000  0.596 0.000 999.99 0.259000   5.882 0.000  2.570 0.000  3.310 0.000 0.014 0.000  0.558 0.000
 39.416667  40.416667   10.22 0.456  0.40 0.456 0.018 0.456000 0.28 0.456 0.092 0.000  0.390 0.000  0.702 0.000 999.99 0.456259   6.921 0.000 99.999 0.456 99.999 0.456 0.018 0.456  0.352 0.000
 42.416667  43.416667   12.97 0.394  0.26 0.394 9.999 0.394259 0.07 0.394 0.008 0.394  0.203 0.000  0.365 0.000 999.99 0.394259   2.369 0.000  1.492 0.000  0.894 0.000 0.014 0.394  0.069 0.394
 45.416667  46.416667   18.20 0.000  0.26 0.000 9.999 0.259000 0.11 0.000 0.036 0.000  0.311 0.000  0.560 0.000 999.99 0.259000   4.831 0.000  3.036 0.000  1.830 0.000 0.019 0.000  0.150 0.000
 48.416667  49.416667   21.94 0.000  0.39 0.000 9.999 0.259000 0.12 0.000 0.075 0.000  0.610 0.000  1.099 0.000 999.99 0.259000   7.681 0.000  4.141 0.000  3.538 0.000 0.045 0.000  0.240 0.000
 51.416667  52.416667   19.89 0.000  0.46 0.000 9.999 0.259000 0.16 0.000 0.032 0.000  0.260 0.000  0.468 0.000 999.99 0.259000   6.279 0.000  2.741 0.000  3.537 0.000 0.018 0.000  0.699 0.000
 54.416667  55.416667   11.83 0.000  0.39 0.000 9.999 0.259000 0.10 0.000 0.013 0.000  0.209 0.000  0.377 0.000 999.99 0.259000   2.616 0.000  1.411 0.000  1.220 0.000 0.010 0.000  0.168 0.000
 57.416667  58.416667   11.00 0.000  0.23 0.000 0.015 0.000000 9.99 0.259 0.027 0.000  0.248 0.000  0.446 0.000 999.99 0.259000   4.182 0.000  2.381 0.000  1.801 0.000 0.020 0.000  0.117 0.000
 60.416667  61.416667 9999.99 0.999 99.99 0.999 9.999 0.999000 9.99 0.999 9.999 0.999 99.999 0.999 99.999 0.999 999.99 0.999000 999.999 0.999 99.999 0.999 99.999 0.999 9.999 0.999 99.999 0.999
 63.416667  64.416667 9999.99 0.999 99.99 0.999 9.999 0.999000 9.99 0.999 9.999 0.999 99.999 0.999 99.999 0.999 999.99 0.999000 999.999 0.999 99.999 0.999 99.999 0.999 9.999 0.999 99.999 0.999
 66.416667  67.416667 9999.99 0.999 99.99 0.999 9.999 0.999000 9.99 0.999 9.999 0.999 99.999 0.999 99.999 0.999 999.99 0.999000 999.999 0.999 99.999 0.999 99.999 0.999 9.999 0.999 99.999 0.999
 69.416667  70.416667   26.43 0.000  0.36 0.000 0.025 0.000000 0.03 0.000 0.059 0.000  0.402 0.000  0.723 0.000 999.99 0.259000   1.861 0.000 99.999 0.259  2.976 0.000 0.029 0.000  0.166 0.000
 72.416667  73.416667   10.77 0.000  0.91 0.000 0.026 0.000000 0.05 0.000 0.032 0.000  0.310 0.000  0.558 0.000 999.99 0.259000   2.589 0.000 99.999 0.259  2.757 0.000 0.027 0.000  0.259 0.000
 75.416667  76.416667   26.25 0.000  0.37 0.000 0.021 0.000000 0.04 0.000 0.031 0.000  0.474 0.000  0.854 0.000 999.99 0.259000   2.104 0.000 99.999 0.259  3.069 0.000 0.050 0.000  0.160 0.000
 78.416667  79.416667   14.64 0.000  0.64 0.000 9.999 0.259000 9.99 0.259 0.023 0.000  0.255 0.000  0.458 0.000 999.99 0.259000   1.940 0.000 99.999 0.259  2.205 0.000 0.022 0.000  0.294 0.000
 81.416667  82.416667   14.60 0.000  0.31 0.000 9.999 0.259000 0.13 0.000 0.064 0.000  1.067 0.000  1.921 0.000 999.99 0.259000   2.423 0.000 99.999 0.259  3.571 0.000 0.052 0.000  0.371 0.000
 84.416667  85.416667 9999.99 0.259  0.16 0.000 9.999 0.259000 9.99 0.259 9.999 0.259  0.077 0.000  0.139 0.000   2.17 0.000000   0.288 0.000  0.166 0.000  0.122 0.000 0.003 0.000  0.002 0.000
 87.416667  88.416667    0.41 0.000  0.18 0.000 9.999 0.259000 9.99 0.259 9.999 0.259  0.107 0.000  0.192 0.000   2.06 0.000000   0.494 0.000  0.189 0.000  0.307 0.000 0.005 0.000  0.007 0.000
 90.416667  91.416667    1.30 0.000  0.20 0.000 9.999 0.259000 0.27 0.000 9.999 0.259  0.102 0.000  0.184 0.000 999.99 0.259000   1.030 0.000  0.305 0.000  0.725 0.000 0.008 0.000  0.045 0.000
 93.416667  94.416667   26.58 0.000  0.50 0.000 0.010 0.000000 0.16 0.000 0.039 0.000  0.253 0.000  0.456 0.000 999.99 0.259000   4.904 0.000  2.691 0.000  2.212 0.000 0.022 0.000  0.161 0.000
 96.416667  97.416667   14.96 0.000  0.49 0.000 0.011 0.000000 0.19 0.000 0.056 0.000  0.394 0.000  0.710 0.000 999.99 0.259000   3.670 0.000  1.632 0.000  2.038 0.000 0.027 0.000  0.186 0.000
 99.416667 100.416667   14.84 0.000  0.42 0.000 9.999 0.259000 0.30 0.000 0.085 0.000  0.297 0.000  0.534 0.000 999.99 0.259000   5.050 0.000  2.396 0.000  2.654 0.000 0.022 0.000  0.241 0.000
102.416667 103.416667   63.91 0.000  1.75 0.000 0.017 0.000000 0.18 0.000 0.109 0.000  0.535 0.000  0.963 0.000 999.99 0.259000   8.754 0.000  4.263 0.000  4.489 0.000 0.063 0.000  0.394 0.000
105.416667 106.416667   15.85 0.000  0.48 0.000 9.999 0.259000 0.30 0.000 0.049 0.000  0.385 0.000  0.693 0.000 999.99 0.259000   4.481 0.000  2.273 0.000  2.208 0.000 0.023 0.000  0.234 0.000
108.416667 109.416667   21.03 0.000  0.85 0.000 0.006 0.000000 9.99 0.259 0.049 0.000  0.165 0.000  0.298 0.000 999.99 0.259000   5.644 0.000  3.177 0.000  2.468 0.000 0.025 0.000  0.239 0.000
111.416667 112.416667   50.88 0.000  0.65 0.000 0.014 0.000000 0.09 0.000 0.045 0.000  0.259 0.000  0.466 0.000 999.99 0.259000   5.875 0.000  3.378 0.000  2.496 0.000 0.036 0.000  0.195 0.000
114.416667 115.416667   38.93 0.000  0.47 0.000 0.014 0.000000 0.21 0.000 0.063 0.000  0.429 0.000  0.773 0.000 999.99 0.259000   6.439 0.000  3.355 0.000  3.083 0.000 0.053 0.000  0.267 0.000
117.416667 118.416667   17.71 0.000  0.29 0.000 9.999 0.259000 0.16 0.000 0.025 0.000  0.155 0.000  0.279 0.000 999.99 0.259000   5.137 0.000  1.347 0.000  3.789 0.000 0.021 0.000  0.708 0.000
120.416667 121.416667   50.04 0.000  2.36 0.000 9.999 0.259000 0.21 0.000 0.060 0.000  0.221 0.000  0.397 0.000 999.99 0.259000   8.245 0.000  2.476 0.000  5.768 0.000 0.049 0.000  0.988 0.000
123.416667 124.416667   48.76 0.000  0.91 0.000 0.010 0.000000 0.39 0.000 0.050 0.000  0.273 0.000  0.491 0.000 999.99 0.259000   8.512 0.000  2.787 0.000  5.724 0.000 0.030 0.000  1.085 0.000
126.416667 127.416667   27.63 0.000  0.64 0.000 9.999 0.259000 9.99 0.259 0.042 0.000  0.487 0.000  0.877 0.000 999.99 0.259000   5.558 0.000  2.949 0.000  2.608 0.000 0.037 0.000  0.285 0.000
129.416667 130.416667   54.37 0.000  0.84 0.000 0.012 0.000000 0.11 0.000 0.069 0.000  0.288 0.000  0.518 0.000 999.99 0.259000   8.135 0.000  4.554 0.000  3.634 0.000 0.046 0.000  0.404 0.000
132.416667 133.416667   49.51 0.000  0.79 0.000 0.013 0.000000 9.99 0.259 0.041 0.000  0.281 0.000  0.506 0.000 999.99 0.259000   6.065 0.000  3.349 0.000  2.716 0.000 0.045 0.000  0.239 0.000
135.416667 136.416667  152.23 0.000  1.39 0.000 0.042 0.000000 0.06 0.000 0.143 0.000  0.291 0.000  0.525 0.000 999.99 0.259000  14.086 0.000  7.824 0.000  6.260 0.000 0.101 0.000  0.414 0.000
138.416667 139.416667    2.78 0.000  0.09 0.000 9.999 0.259000 9.99 0.259 0.002 0.000  0.047 0.000  0.085 0.000 999.99 0.259000   0.702 0.000  0.394 0.000  0.308 0.000 0.005 0.000  0.031 0.000
141.416667 142.416667   11.71 0.000  0.37 0.000 0.006 0.000000 0.39 0.000 0.045 0.000  0.304 0.000  0.547 0.000 999.99 0.259000   5.076 0.000  2.246 0.000  2.830 0.000 0.020 0.000  0.400 0.000
144.416667 145.416667   32.33 0.000  0.46 0.000 9.999 0.259000 0.13 0.000 0.037 0.000  0.344 0.000  0.619 0.000 999.99 0.259000   4.971 0.000  2.509 0.000  2.462 0.000 0.024 0.000  0.286 0.000
147.416667 148.416667   23.73 0.000  0.38 0.000 0.010 0.000000 0.29 0.000 0.073 0.000  0.437 0.000  0.786 0.000 999.99 0.259000   6.332 0.000  3.264 0.000  3.068 0.000 0.029 0.000  0.351 0.000
150.416667 151.416667   18.37 0.000  0.23 0.000 9.999 0.259000 0.20 0.000 0.071 0.000  0.162 0.000  0.292 0.000 999.99 0.259000   6.756 0.000  3.865 0.000  2.939 0.000 0.017 0.000  0.374 0.000
153.416667 154.416667   15.74 0.000  0.24 0.000 0.007 0.000000 0.19 0.000 0.059 0.000  0.252 0.000  0.454 0.000 999.99 0.259000   5.786 0.000  3.067 0.000  2.718 0.000 0.024 0.000  0.330 0.000
156.416667 157.416667    3.42 0.000  0.11 0.000 9.999 0.259000 9.99 0.259 0.015 0.000  0.043 0.000  0.077 0.000 999.99 0.259000   2.375 0.000  1.211 0.000  1.163 0.000 0.009 0.000  0.094 0.000
159.416667 160.416667    6.71 0.000  0.32 0.000 9.999 0.259000 9.99 0.259 0.020 0.000  0.154 0.000  0.276 0.000 999.99 0.259000   3.494 0.000  1.888 0.000  1.606 0.000 0.014 0.000  0.138 0.000
162.416667 163.416667    7.43 0.000  0.15 0.000 0.010 0.000000 9.99 0.259 0.034 0.000  0.218 0.000  0.392 0.000 999.99 0.259000   4.014 0.000  2.109 0.000  1.905 0.000 0.016 0.000  0.178 0.000
165.416667 166.416667   40.97 0.000  0.29 0.000 0.015 0.000000 9.99 0.259 0.094 0.000  0.265 0.000  0.477 0.000 999.99 0.259000   9.346 0.000  5.509 0.000  3.836 0.000 0.040 0.000  0.461 0.000
168.416667 169.416667   10.07 0.000  0.24 0.000 0.007 0.000000 0.12 0.000 0.030 0.000  0.217 0.000  0.391 0.000 999.99 0.259000   4.271 0.000  2.388 0.000  1.882 0.000 0.015 0.000  0.287 0.000
171.416667 172.416667    3.91 0.000  0.12 0.000 9.999 0.259000 9.99 0.259 0.022 0.000  0.234 0.000  0.421 0.000 999.99 0.259000   2.919 0.000  1.406 0.000  1.530 0.000 0.013 0.000  0.182 0.000
174.416667 175.416667    4.94 0.000 99.99 0.259 9.999 0.259000 9.99 0.259 0.014 0.000  0.025 0.000  0.045 0.000 999.99 0.259000   2.437 0.000  1.468 0.000  0.969 0.000 0.012 0.000  0.106 0.000
177.416667 178.416667    8.43 0.000 99.99 0.259 0.006 0.000000 0.16 0.000 0.029 0.000  0.196 0.000  0.354 0.000 999.99 0.259000   3.679 0.000  1.879 0.000  1.800 0.000 0.016 0.000  0.237 0.000
180.416667 181.416667    5.85 0.000  0.11 0.000 0.006 0.000000 0.07 0.000 0.012 0.000  0.149 0.000  0.269 0.000 999.99 0.259000   2.022 0.000  1.248 0.000  0.775 0.000 0.008 0.000  0.098 0.000
183.416667 184.416667    7.22 0.000  0.15 0.000 0.004 0.000000 0.21 0.000 0.015 0.000 99.999 0.259 99.999 0.259 999.99 0.259000   2.812 0.000  1.686 0.000  1.126 0.000 0.018 0.000  0.168 0.000
186.416667 187.416667   42.93 0.000  0.18 0.000 9.999 0.259000 0.08 0.000 0.062 0.000  0.309 0.000  0.557 0.000 999.99 0.259000   8.960 0.000  6.008 0.000  2.951 0.000 0.031 0.000  0.302 0.000
189.416667 190.416667    2.14 0.000  0.09 0.000 9.999 0.259000 9.99 0.259 0.011 0.000  0.102 0.000  0.183 0.000 999.99 0.259000   2.202 0.000  1.413 0.000  0.789 0.000 0.010 0.000  0.057 0.000
192.416667 193.416667    2.73 0.000  0.19 0.000 9.999 0.259000 0.03 0.000 0.009 0.000  0.198 0.000  0.357 0.000 999.99 0.259000   2.169 0.000  1.402 0.000  0.768 0.000 0.012 0.000  0.078 0.000
195.416667 196.416667    4.84 0.000  0.16 0.000 9.999 0.259000 9.99 0.259 0.013 0.000  0.129 0.000  0.232 0.000   7.52 0.000000   2.334 0.000  1.422 0.000  0.913 0.000 0.013 0.000  0.102 0.000
198.416667 199.416667    8.32 0.000  0.37 0.000 0.006 0.000000 0.08 0.000 0.023 0.000  0.080 0.000  0.144 0.000 999.99 0.259000   3.225 0.000  2.013 0.000  1.212 0.000 0.014 0.000  0.126 0.000
201.416667 202.416667    7.24 0.000  0.15 0.000 9.999 0.259000 9.99 0.259 0.012 0.000  0.071 0.000  0.129 0.000 999.99 0.259000   2.131 0.000  1.275 0.000  0.856 0.000 0.007 0.000  0.079 0.000
204.416667 205.416667   29.37 0.000  0.14 0.000 0.011 0.000000 0.30 0.000 0.078 0.000  0.270 0.000  0.486 0.000 999.99 0.259000   7.854 0.000  4.835 0.000  3.018 0.000 0.026 0.000  0.358 0.000
207.416667 208.416667    8.96 0.000  0.21 0.000 0.038 0.000000 0.10 0.000 0.049 0.000 99.999 0.259 99.999 0.259 999.99 0.259000   5.181 0.000  2.908 0.000  2.273 0.000 0.020 0.000  0.226 0.000
210.416667 211.416667   13.70 0.000  0.13 0.000 9.999 0.259000 0.14 0.000 0.027 0.000  0.084 0.000  0.151 0.000 999.99 0.259000   3.328 0.000  1.753 0.000  1.574 0.000 0.014 0.000  0.206 0.000
213.416667 214.416667   17.71 0.000  0.14 0.000 9.999 0.259000 0.09 0.000 0.051 0.000  0.189 0.000  0.341 0.000 999.99 0.259000   5.476 0.000  3.259 0.000  2.252 0.000 0.032 0.000  0.214 0.000
216.416667 217.416667   29.15 0.000  0.18 0.000 9.999 0.259000 9.99 0.259 0.070 0.000  0.197 0.000  0.354 0.000 999.99 0.259000   7.628 0.000  4.895 0.000  2.732 0.000 0.022 0.000  0.229 0.000
219.416667 220.416667    6.92 0.000  0.09 0.000 9.999 0.259000 9.99 0.259 0.010 0.000  0.259 0.000  0.466 0.000 999.99 0.259000   2.868 0.000  1.947 0.000  0.921 0.000 0.011 0.000  0.067 0.000
222.416667 223.416667    7.79 0.000  0.15 0.000 0.011 0.000000 0.10 0.000 0.023 0.000  0.172 0.000  0.309 0.000 999.99 0.259000   3.454 0.000  1.842 0.000  1.612 0.000 0.011 0.000  0.219 0.000
225.416667 226.416667   11.81 0.000 99.99 0.259 9.999 0.259000 0.11 0.000 0.024 0.000 99.999 0.259 99.999 0.259 999.99 0.259000   3.506 0.000  1.856 0.000  1.650 0.000 0.009 0.000  0.205 0.000
228.416667 229.416667   35.79 0.000  0.25 0.000 9.999 0.259000 0.12 0.000 0.047 0.000  0.078 0.000  0.140 0.000 999.99 0.259000   7.757 0.000  5.444 0.000  2.313 0.000 0.019 0.000  0.229 0.000
231.416667 232.416667   23.24 0.000  0.32 0.000 9.999 0.259000 0.19 0.000 0.043 0.000  0.203 0.000  0.365 0.000 999.99 0.259000   5.215 0.000  3.142 0.000  2.073 0.000 0.017 0.000  0.291 0.000
234.416667 235.416667    8.24 0.000  0.18 0.000 9.999 0.259000 9.99 0.259 0.008 0.000 99.999 0.259 99.999 0.259 999.99 0.259000   1.749 0.000  1.130 0.000  0.632 0.000 0.006 0.000  0.100 0.000
237.416667 238.416667   10.07 0.000  0.18 0.000 9.999 0.259000 9.99 0.259 0.006 0.000  0.222 0.000  0.399 0.000 999.99 0.259000   2.090 0.000  1.386 0.000  0.704 0.000 0.006 0.000  0.064 0.000
240.416667 241.416667   16.34 0.000  0.25 0.000 9.999 0.259000 0.26 0.000 0.032 0.000  0.241 0.000  0.435 0.000 999.99 0.259000   4.222 0.000  2.401 0.000  1.820 0.000 0.017 0.000  0.204 0.000
243.416667 244.416667    9.54 0.000  0.21 0.000 9.999 0.259000 0.12 0.000 0.018 0.000  0.191 0.000  0.344 0.000 999.99 0.259000   2.876 0.000  1.669 0.000  1.207 0.000 0.012 0.000  0.129 0.000
