scripts/IMPROVE-2019_partial/data/US0026R.20010101080000.20191216000000.filterpack..pm25.52w.1w.US03L_filterpack_US0026.US03L_IMPROVE_Davis.lev2.nas
66 1001
MISSING INFORMATION
US03L, IMPROVE, , , , , , , 
MISSING INFORMATION
IMPROVE sel_HTAP
1 1
2001 01 01 2019 12 16
3.000000
days from file reference point
27
1 1 1 1 1 1 1 1 1 1 1 1 1 1 1 1 1 1 1 1 1 1 1 1 1 1 1
999.999999 9999.99 9.999 99.99 9.999999 9.999 9.999999 99.99 9.999999 9.999 9.999999 99.999 9.999 99.999 9.999 99.99 9.999999 999.999 9.999 999.999 9.999 999.999 9.999 9.999 9.999999 9.999 9.999
end_time of measurement, days from the file reference point
iron, ng/m3, Revision date=20181210133000
numflag iron, no unit, Revision date=20181210133000
lead, ng/m3, Revision date=20181210133000
numflag lead, no unit, Revision date=20181210133000
magnesium, ug/m3, Revision date=20181210133000
numflag magnesium, no unit, Revision date=20181210133000
nickel, ng/m3, Revision date=20181210133000
numflag nickel, no unit, Revision date=20181210133000
nitrate, ug N/m3, Revision date=20181210133000
numflag nitrate, no unit, Revision date=20181210133000
organic_carbon, ug C/m3, Revision date=20181210133000
numflag organic_carbon, no unit, Revision date=20181210133000
organic_mass, ug/m3, Revision date=20181210133000
numflag organic_mass, no unit, Revision date=20181210133000
phosphorus, ng/m3, Revision date=20181210133000
numflag phosphorus, no unit, Revision date=20181210133000
pm10_mass, ug/m3, Version=2, Version description=Data extracted from http://views.cira.colostate.edu/fed/DataWizard 2019-12-16, Sample duration=1d, Orig. time res.=3d, Matrix=pm10, Blank correction=Blank corrected, Volume std. temperature=ambient, Volume std. pressure=ambient
numflag pm10_mass, no unit, Version=2, Version description=Data extracted from http://views.cira.colostate.edu/fed/DataWizard 2019-12-16, Sample duration=1d, Orig. time res.=3d, Matrix=pm10, Blank correction=Blank corrected, Volume std. temperature=ambient, Volume std. pressure=ambient
pm10_pm25_mass, ug/m3, Revision date=20181210133000, Matrix=pm10_pm25
numflag pm10_pm25_mass, no unit, Revision date=20181210133000, Matrix=pm10_pm25
pm25_mass, ug/m3, Version=2, Version description=Data extracted from http://views.cira.colostate.edu/fed/DataWizard 2019-12-16, Sample duration=1d, Orig. time res.=3d, Blank correction=Blank corrected, Volume std. temperature=ambient, Volume std. pressure=ambient
numflag pm25_mass, no unit, Version=2, Version description=Data extracted from http://views.cira.colostate.edu/fed/DataWizard 2019-12-16, Sample duration=1d, Orig. time res.=3d, Blank correction=Blank corrected, Volume std. temperature=ambient, Volume std. pressure=ambient
potassium, ug/m3, Revision date=20181210133000
numflag potassium, no unit, Revision date=20181210133000
sulphate_total, ug S/m3, Revision date=20181210133000
numflag sulphate_total, no unit, Revision date=20181210133000
0
25
Data definition:              EBAS_1.1
Set type code:                TU
Timezone:                     UTC
File name:                    US0026R.20010101080000.20191216000000.filterpack..pm25.52w.1w.US03L_filterpack_US0026.US03L_IMPROVE_Davis.lev2.nas
File creation:                20191218115710
Startdate:                    20010101080000
Revision date:                20191216000000
Statistics:                   arithmetic mean
Data level:                   2
Period code:                  52w
Resolution code:              1w
Station code:                 US0026R
Platform code:                US0026S
Station name:                 Lava Beds NM
Station latitude:             41.7117
Station longitude:            -121.5068
Station altitude:             1459.0 m
Regime:                       IMG
Component:                    
Matrix:                       pm25
Laboratory code:              US03L
Instrument type:              filterpack
Instrument name:              filterpack_US0026
Method ref:                   US03L_IMPROVE_Davis
starttime endtime Fe flag_Fe Pb flag_Pb Mg++ flag_Mg++ Ni flag_Ni NO3- flag_NO3- OC flag_OC OM flag_OM P flag_P PM10 flag_PM10 PM10-PM2.5 flag_PM10-PM2.5 PM2.5 flag_PM2.5 K+ flag_K+ SO4-- flag_SO4--
[from data line 78]
234.333333 235.333333   30.77 0.559  0.30 0.559000 9.999 0.559259 99.99 0.559259 0.012 0.000000  0.309 0.000  0.433 0.000 99.99 0.559259   4.464 0.000   1.767 0.000   2.697 0.559 0.018 0.559000 0.081 0.000
237.333333 238.333333   26.00 0.559  0.40 0.559000 9.999 0.559259 99.99 0.559259 0.029 0.000000  1.220 0.000  1.708 0.000 99.99 0.559259   5.958 0.000   2.370 0.000   3.588 0.559 0.030 0.559000 0.133 0.000
240.333333 241.333333   43.81 0.559  0.52 0.559000 9.999 0.559259  0.12 0.559000 0.028 0.000000  1.131 0.000  1.584 0.000 99.99 0.559259   8.013 0.000   3.973 0.000   4.040 0.559 0.058 0.559000 0.182 0.000
243.333333 244.333333   38.94 0.559  0.48 0.559000 9.999 0.559259 99.99 0.559259 0.023 0.000000  1.095 0.000  1.532 0.000 99.99 0.559259   7.647 0.000   3.602 0.000   4.045 0.559 0.042 0.559000 0.193 0.000
246.333333 247.333333   52.61 0.559  0.61 0.559000 9.999 0.559259  1.38 0.559000 0.027 0.000000  0.627 0.000  0.878 0.000 99.99 0.559259   6.015 0.000   2.874 0.000   3.141 0.559 0.037 0.559000 0.146 0.000
249.333333 250.333333   51.35 0.000 99.99 0.259000 9.999 0.259000  1.11 0.000000 0.024 0.000000  0.790 0.000  1.106 0.000 99.99 0.259000   7.557 0.000   5.090 0.000   2.467 0.000 0.022 0.000000 0.108 0.000
252.333333 253.333333  126.15 0.699  0.87 0.699000 9.999 0.699259  5.57 0.699000 0.116 0.000000  2.886 0.000  4.041 0.000 99.99 0.699259  15.039 0.000   4.513 0.000  10.526 0.699 0.085 0.699000 0.328 0.000
255.333333 256.333333   20.71 0.000 99.99 0.259000 9.999 0.259000  0.05 0.000000 0.021 0.000000  1.195 0.000  1.674 0.000 99.99 0.259000   4.438 0.000   1.462 0.000   2.976 0.000 0.020 0.000000 0.127 0.000
258.333333 259.333333   23.98 0.000 99.99 0.259000 9.999 0.259000 99.99 0.259000 0.020 0.000000  1.635 0.000  2.288 0.000 99.99 0.259000   6.780 0.000   2.327 0.000   4.453 0.000 0.032 0.000000 0.192 0.000
261.333333 262.333333   29.67 0.000  0.95 0.000000 9.999 0.259000 99.99 0.259000 0.016 0.000000  0.873 0.000  1.222 0.000 99.99 0.259000   4.820 0.000   2.017 0.000   2.803 0.000 0.034 0.000000 0.176 0.000
264.333333 265.333333   47.27 0.000  0.85 0.000000 9.999 0.259000 99.99 0.259000 0.020 0.000000  1.449 0.000  2.029 0.000 99.99 0.259000   6.822 0.000   2.992 0.000   3.830 0.000 0.040 0.000000 0.231 0.000
267.333333 268.333333    6.52 0.000  0.18 0.000000 9.999 0.259000 99.99 0.259000 0.006 0.000000  0.382 0.000  0.535 0.000 99.99 0.259000   1.869 0.000   0.673 0.000   1.195 0.000 0.010 0.000000 0.051 0.000
270.333333 271.333333   19.16 0.000  0.74 0.000000 9.999 0.259000 99.99 0.259000 0.044 0.000000  0.958 0.000  1.341 0.000 99.99 0.259000   4.849 0.000   1.701 0.000   3.148 0.000 0.023 0.000000 0.159 0.000
273.333333 274.333333   26.16 0.000  0.65 0.000000 9.999 0.259000 99.99 0.259000 0.017 0.000000  0.831 0.000  1.163 0.000 99.99 0.259000   5.841 0.000   2.657 0.000   3.184 0.000 0.025 0.000000 0.282 0.000
276.333333 277.333333   57.43 0.000  0.39 0.000000 9.999 0.259000 99.99 0.259000 0.029 0.000000  3.352 0.000  4.693 0.000 99.99 0.259000  11.506 0.000   4.001 0.000   7.505 0.000 0.045 0.000000 0.230 0.000
279.333333 280.333333   49.55 0.000  0.53 0.000000 9.999 0.259000 99.99 0.259000 0.021 0.000000  1.134 0.000  1.588 0.000 99.99 0.259000   6.575 0.000   2.727 0.000   3.848 0.000 0.043 0.000000 0.176 0.000
282.333333 283.333333   20.81 0.000  0.27 0.000000 9.999 0.259000 99.99 0.259000 0.021 0.000000  0.796 0.000  1.114 0.000 99.99 0.259000   4.109 0.000   2.035 0.000   2.074 0.000 0.035 0.000000 0.092 0.000
285.333333 286.333333   18.70 0.000  0.25 0.000000 9.999 0.259000 99.99 0.259000 0.015 0.000000  0.298 0.000  0.417 0.000 99.99 0.259000   2.794 0.000   1.717 0.000   1.078 0.000 0.014 0.000000 0.056 0.000
288.333333 289.333333   55.69 0.000  0.81 0.000000 9.999 0.259000 99.99 0.259000 0.099 0.000000  1.387 0.000  1.942 0.000 99.99 0.259000   9.301 0.000   5.128 0.000   4.173 0.000 0.050 0.000000 0.135 0.000
291.333333 292.333333   53.25 0.559  0.36 0.559000 9.999 0.559259 99.99 0.559259 0.052 0.000000  3.955 0.000  5.538 0.000 99.99 0.559259  12.483 0.000   3.947 0.000   8.537 0.559 0.057 0.559000 0.096 0.000
294.333333 295.333333   16.35 0.000  0.16 0.000000 9.999 0.259000 99.99 0.259000 0.012 0.000000  0.813 0.000  1.138 0.000 99.99 0.259000   3.205 0.000   1.100 0.000   2.105 0.000 0.022 0.000000 0.059 0.000
297.333333 298.333333   29.97 0.000  0.70 0.000000 9.999 0.259000 99.99 0.259000 0.032 0.559000  0.714 0.000  0.999 0.000 99.99 0.259000   5.167 0.000   2.647 0.000   2.520 0.000 0.047 0.000000 0.090 0.559
300.333333 301.333333   21.06 0.000  0.84 0.000000 9.999 0.259000  0.18 0.000000 0.179 0.000000  1.364 0.000  1.910 0.000 99.99 0.259000   7.027 0.000   2.062 0.000   4.965 0.000 0.049 0.000000 0.357 0.000
303.333333 304.333333    4.04 0.000  0.18 0.000000 9.999 0.259000 99.99 0.259000 0.006 0.000000  0.339 0.000  0.474 0.000 99.99 0.259000   1.240 0.000   0.287 0.000   0.953 0.000 0.012 0.000000 0.055 0.000
306.333333 307.333333   10.68 0.000  0.79 0.000000 9.999 0.259000 99.99 0.259000 0.071 0.000000  1.159 0.000  1.623 0.000 99.99 0.259000   4.588 0.000   1.007 0.000   3.581 0.000 0.032 0.000000 0.176 0.000
309.333333 310.333333    8.79 0.000  0.65 0.000000 9.999 0.259000 99.99 0.259000 0.041 0.000000  1.298 0.000  1.817 0.000 99.99 0.259000 999.999 0.456 999.999 0.999   3.405 0.000 0.024 0.000000 0.095 0.000
312.333333 313.333333   20.65 0.559  0.63 0.559000 9.999 0.559259 99.99 0.559259 0.044 0.000000  3.893 0.000  5.451 0.000 99.99 0.559259 999.999 0.456 999.999 0.999   7.507 0.559 0.026 0.559000 0.245 0.000
315.333333 316.333333    0.92 0.000  0.19 0.000000 9.999 0.259000 99.99 0.259000 0.005 0.000000  0.413 0.000  0.579 0.000 99.99 0.259000 999.999 0.456 999.999 0.999   0.485 0.000 0.006 0.000000 0.016 0.000
318.333333 319.333333    6.00 0.000  0.48 0.000000 9.999 0.259000 99.99 0.259000 0.033 0.000000  3.689 0.000  5.164 0.000 99.99 0.259000   7.561 0.000   1.192 0.000   6.368 0.000 0.031 0.000000 0.067 0.000
321.333333 322.333333    4.63 0.000  0.99 0.000000 0.023 0.000000  0.05 0.000000 0.053 0.000000  5.039 0.000  7.055 0.000 99.99 0.259000   9.328 0.000   0.840 0.000   8.488 0.000 0.022 0.000000 0.183 0.000
324.333333 325.333333    2.04 0.000  0.14 0.000000 9.999 0.259000 99.99 0.259000 0.022 0.000000  0.399 0.000  0.558 0.000 99.99 0.259000   1.796 0.000   0.753 0.000   1.043 0.000 0.009 0.000000 0.038 0.000
327.333333 328.333333    1.33 0.000  0.13 0.000000 9.999 0.259000 99.99 0.259000 0.007 0.000000  0.934 0.000  1.308 0.000 99.99 0.259000   1.931 0.000   0.501 0.000   1.431 0.000 0.005 0.000000 0.017 0.000
330.333333 331.333333    1.63 0.000 99.99 0.259000 9.999 0.259000 99.99 0.259000 0.034 0.559000  0.753 0.000  1.055 0.000 99.99 0.259000   1.860 0.000   0.372 0.000   1.488 0.000 0.007 0.000000 0.024 0.559
333.333333 334.333333    3.38 0.000  0.11 0.000000 9.999 0.259000 99.99 0.259000 0.013 0.000000  0.040 0.000  0.056 0.000 99.99 0.259000   0.934 0.000   0.145 0.000   0.788 0.000 0.007 0.000000 0.029 0.000
336.333333 337.333333    1.44 0.000 99.99 0.259000 9.999 0.259000 99.99 0.259000 0.013 0.000000  0.134 0.000  0.187 0.000 99.99 0.259000   0.718 0.000   0.112 0.000   0.607 0.000 0.008 0.000000 0.028 0.000
339.333333 340.333333    3.32 0.000  0.23 0.000000 9.999 0.259000 99.99 0.259000 0.013 0.559000 99.999 0.999 99.999 0.999 99.99 0.259000 999.999 0.999 999.999 0.999   0.814 0.000 0.005 0.000000 0.047 0.559
342.333333 343.333333    1.85 0.000  0.28 0.000000 9.999 0.259000 99.99 0.259000 0.004 0.559000 99.999 0.999 99.999 0.999 99.99 0.259000 999.999 0.999 999.999 0.999   0.775 0.000 0.011 0.000000 0.015 0.559
345.333333 346.333333    1.18 0.000  0.17 0.000000 9.999 0.259000  0.14 0.000000 0.010 0.559000 99.999 0.999 99.999 0.999 99.99 0.259000 999.999 0.999 999.999 0.999   0.694 0.000 0.003 0.000000 0.007 0.559
348.333333 349.333333    0.76 0.000 99.99 0.259000 9.999 0.259000 99.99 0.259000 0.005 0.559000  0.249 0.000  0.348 0.000 99.99 0.259000   1.248 0.000   0.681 0.000   0.566 0.000 0.005 0.000000 0.009 0.559
351.333333 352.333333    2.92 0.000  0.43 0.000000 9.999 0.259000 99.99 0.259000 0.015 0.000000  0.107 0.000  0.150 0.000 99.99 0.259000   0.800 0.000   0.528 0.000   0.272 0.000 0.003 0.000000 0.016 0.000
354.333333 355.333333    0.57 0.000  0.17 0.000000 9.999 0.259000 99.99 0.259000 0.023 0.559000  0.245 0.000  0.344 0.000 99.99 0.259000   0.686 0.000   0.248 0.000   0.438 0.000 9.999 0.259000 0.012 0.559
357.333333 358.333333    0.80 0.000  0.18 0.000000 9.999 0.259000 99.99 0.259000 0.016 0.559000  0.281 0.000  0.393 0.000 99.99 0.259000   1.331 0.000   0.592 0.000   0.739 0.000 0.002 0.000000 0.041 0.559
360.333333 361.333333    1.19 0.000  0.22 0.000000 9.999 0.259000 99.99 0.259000 0.013 0.559000  0.408 0.000  0.571 0.000 99.99 0.259000   1.240 0.000   0.479 0.000   0.761 0.000 0.003 0.000000 0.029 0.559
363.333333 364.333333    0.43 0.000  0.14 0.000000 9.999 0.259000 99.99 0.259000 9.999 0.559259  0.371 0.000  0.519 0.000 99.99 0.259000   0.661 0.000   0.336 0.000   0.325 0.000 9.999 0.259000 0.001 0.559
