scripts/IMPROVE-2019_partial/data/US0048R.20060102060000.20191216000000.filterpack..pm25.52w.1w.US03L_filterpack_US0048.US03L_IMPROVE_Davis.lev2.nas
66 1001
MISSING INFORMATION
US03L, IMPROVE, , , , , , , 
MISSING INFORMATION
IMPROVE sel_HTAP
1 1
2006 01 01 2019 12 16
3.00
days from file reference point
27
1 1 1 1 1 1 1 1 1 1 1 1 1 1 1 1 1 1 1 1 1 1 1 1 1 1 1
999.99 999.99 9.999 99.99 9.999 9.999 9.999999 9.99 9.999999 99.999 9.999999 99.999 9.999999 999.999 9.999999 99.99 9.999999 999.999 9.999 999.999 9.999 999.999 9.999 9.999 9.999 99.999 9.999999
end_time of measurement, days from the file reference point
iron, ng/m3, Revision date=20181210133000
numflag iron, no unit, Revision date=20181210133000
lead, ng/m3, Revision date=20181210133000
numflag lead, no unit, Revision date=20181210133000
magnesium, ug/m3, Revision date=20181210133000
numflag magnesium, no unit, Revision date=20181210133000
nickel, ng/m3, Revision date=20181210133000
numflag nickel, no unit, Revision date=20181210133000
nitrate, ug N/m3, Revision date=20181210133000
numflag nitrate, no unit, Revision date=20181210133000
organic_carbon, ug C/m3, Revision date=20181210133000
numflag organic_carbon, no unit, Revision date=20181210133000
organic_mass, ug/m3, Revision date=20181210133000
numflag organic_mass, no unit, Revision date=20181210133000
phosphorus, ng/m3, Revision date=20181210133000
numflag phosphorus, no unit, Revision date=20181210133000
pm10_mass, ug/m3, Version=2, Version description=Data extracted from http://views.cira.colostate.edu/fed/DataWizard 2019-12-16, Sample duration=1d, Orig. time res.=3d, Matrix=pm10, Blank correction=Blank corrected, Volume std. temperature=ambient, Volume std. pressure=ambient
numflag pm10_mass, no unit, Version=2, Version description=Data extracted from http://views.cira.colostate.edu/fed/DataWizard 2019-12-16, Sample duration=1d, Orig. time res.=3d, Matrix=pm10, Blank correction=Blank corrected, Volume std. temperature=ambient, Volume std. pressure=ambient
pm10_pm25_mass, ug/m3, Revision date=20181210133000, Matrix=pm10_pm25
numflag pm10_pm25_mass, no unit, Revision date=20181210133000, Matrix=pm10_pm25
pm25_mass, ug/m3, Version=2, Version description=Data extracted from http://views.cira.colostate.edu/fed/DataWizard 2019-12-16, Sample duration=1d, Orig. time res.=3d, Blank correction=Blank corrected, Volume std. temperature=ambient, Volume std. pressure=ambient
numflag pm25_mass, no unit, Version=2, Version description=Data extracted from http://views.cira.colostate.edu/fed/DataWizard 2019-12-16, Sample duration=1d, Orig. time res.=3d, Blank correction=Blank corrected, Volume std. temperature=ambient, Volume std. pressure=ambient
potassium, ug/m3, Revision date=20181210133000
numflag potassium, no unit, Revision date=20181210133000
sulphate_total, ug S/m3, Revision date=20181210133000
numflag sulphate_total, no unit, Revision date=20181210133000
0
25
Data definition:              EBAS_1.1
Set type code:                TU
Timezone:                     UTC
File name:                    US0048R.20060102060000.20191216000000.filterpack..pm25.52w.1w.US03L_filterpack_US0048.US03L_IMPROVE_Davis.lev2.nas
File creation:                20191218115819
Startdate:                    20060102060000
Revision date:                20191216000000
Statistics:                   arithmetic mean
Data level:                   2
Period code:                  52w
Resolution code:              1w
Station code:                 US0048R
Platform code:                US0048S
Station name:                 Boundary Waters Canoe Area
Station latitude:             47.9466
Station longitude:            -91.4955
Station altitude:             526.0 m
Regime:                       IMG
Component:                    
Matrix:                       pm25
Laboratory code:              US03L
Instrument type:              filterpack
Instrument name:              filterpack_US0048
Method ref:                   US03L_IMPROVE_Davis
starttime endtime Fe flag_Fe Pb flag_Pb Mg++ flag_Mg++ Ni flag_Ni NO3- flag_NO3- OC flag_OC OM flag_OM P flag_P PM10 flag_PM10 PM10-PM2.5 flag_PM10-PM2.5 PM2.5 flag_PM2.5 K+ flag_K+ SO4-- flag_SO4--
[from data line 80]
241.25 242.25  25.13 0.000  0.40 0.000 0.018 0.000000 0.07 0.000000  0.006 0.559000  0.315 0.000000   0.567 0.000000 99.99 0.259000   8.398 0.000   6.473 0.000   1.924 0.000 0.010 0.000  0.042 0.559000
244.25 245.25  28.99 0.000  0.46 0.000 0.010 0.000000 9.99 0.259000  0.011 0.559000  0.972 0.000000   1.749 0.000000 99.99 0.259000   8.116 0.000   4.982 0.000   3.135 0.000 0.022 0.000  0.122 0.559000
247.25 248.25  25.85 0.000  0.49 0.000 0.016 0.000000 0.11 0.000000  0.007 0.559000  2.555 0.000000   4.599 0.000000 99.99 0.259000  10.526 0.000   3.927 0.000   6.599 0.000 0.043 0.000  0.153 0.559000
250.25 251.25  11.41 0.394  0.17 0.394 9.999 0.394259 9.99 0.394259  0.001 0.559394  0.147 0.394000   0.265 0.394000 99.99 0.394259   2.078 0.000   1.277 0.394   0.801 0.000 0.006 0.394  0.022 0.559394
253.25 254.25   7.37 0.000  1.08 0.000 9.999 0.259000 0.13 0.000000  0.006 0.559000  0.449 0.000000   0.808 0.000000 99.99 0.259000   3.369 0.000   1.337 0.000   2.033 0.000 0.008 0.000  0.175 0.559000
256.25 257.25  48.30 0.000  1.40 0.000 9.999 0.259000 9.99 0.259000  0.013 0.559000  0.716 0.000000   1.289 0.000000 99.99 0.259000   8.319 0.000   4.361 0.000   3.958 0.000 0.030 0.000  0.234 0.559000
259.25 260.25  31.39 0.000  1.41 0.000 0.011 0.000000 0.16 0.000000  0.033 0.559000  1.105 0.000000   1.989 0.000000 99.99 0.259000  11.180 0.000   3.152 0.000   8.029 0.000 0.041 0.000  1.001 0.559000
262.25 263.25   2.43 0.000  0.42 0.000 9.999 0.259000 9.99 0.259000  0.003 0.559000  0.365 0.000000   0.657 0.000000 99.99 0.259000   3.087 0.000   1.060 0.000   2.027 0.000 0.013 0.000  0.235 0.559000
265.25 266.25  10.96 0.000  0.70 0.000 0.006 0.000000 9.99 0.259000  0.007 0.559000  0.697 0.000000   1.255 0.000000 99.99 0.259000   4.755 0.000   1.550 0.000   3.205 0.000 0.013 0.000  0.310 0.559000
268.25 269.25  29.67 0.000  0.65 0.000 0.009 0.000000 9.99 0.259000  0.010 0.559000  0.486 0.000000   0.875 0.000000 99.99 0.259000   1.585 0.000 999.999 0.259   2.013 0.000 0.022 0.000  0.129 0.559000
271.25 272.25   9.95 0.000  0.77 0.000 9.999 0.259000 9.99 0.259000  0.025 0.559000  0.256 0.000000   0.461 0.000000 99.99 0.259000   3.131 0.000   0.991 0.000   2.141 0.000 0.012 0.000  0.205 0.559000
274.25 275.25  19.04 0.000  1.13 0.000 0.013 0.000000 9.99 0.259000  0.015 0.559000  0.980 0.000000   1.763 0.000000 99.99 0.259000   7.939 0.000   4.540 0.000   3.399 0.000 0.027 0.000  0.171 0.559000
277.25 278.25  29.19 0.000  0.53 0.000 0.013 0.000000 9.99 0.259000  0.008 0.559000  0.574 0.000000   1.033 0.000000 99.99 0.259000   3.311 0.000   1.387 0.000   1.924 0.000 0.016 0.000  0.100 0.559000
280.25 281.25  32.75 0.000  0.78 0.000 0.020 0.000000 0.11 0.000000  0.014 0.559000  1.030 0.000000   1.855 0.000000 99.99 0.259000  14.706 0.000  10.257 0.000   4.449 0.000 0.039 0.000  0.286 0.559000
283.25 284.25   5.56 0.394  0.16 0.394 9.999 0.394259 9.99 0.394259  0.013 0.559394 99.999 0.394259 999.999 0.394259 99.99 0.394259   1.486 0.000   0.872 0.394   0.613 0.000 0.004 0.394  0.039 0.559394
286.25 287.25   1.75 0.000  0.29 0.000 9.999 0.259000 0.10 0.000000  0.003 0.559000  0.015 0.000000   0.027 0.000000 99.99 0.259000   1.067 0.000   0.362 0.000   0.705 0.000 0.005 0.000  0.071 0.559000
289.25 290.25   3.32 0.000  0.85 0.000 9.999 0.259000 9.99 0.259000  0.016 0.559000  0.225 0.000000   0.406 0.000000 99.99 0.259000   2.199 0.000   0.173 0.000   2.026 0.000 0.011 0.000  0.130 0.559000
292.25 293.25  21.04 0.000  0.77 0.000 9.999 0.259000 0.21 0.000000  0.018 0.000000  0.640 0.000000   1.152 0.000000 99.99 0.259000   3.846 0.000   0.099 0.000   3.747 0.000 0.023 0.000  0.498 0.000000
295.25 296.25   0.43 0.000 99.99 0.259 0.021 0.000000 9.99 0.259000 99.999 0.259000  0.014 0.000000   0.025 0.000000 99.99 0.259000   1.046 0.000   0.890 0.000   0.156 0.000 0.003 0.000  0.041 0.000000
298.25 299.25  17.79 0.000  1.07 0.000 9.999 0.259000 0.14 0.000000  0.143 0.000000  0.688 0.000000   1.238 0.000000 99.99 0.259000   2.970 0.000   0.411 0.000   2.559 0.000 0.016 0.000  0.161 0.000000
301.25 302.25   3.40 0.000  0.42 0.000 9.999 0.259000 9.99 0.259000  0.009 0.000000  0.282 0.000000   0.508 0.000000 99.99 0.259000   1.502 0.000   0.243 0.000   1.258 0.000 0.017 0.000  0.089 0.000000
304.25 305.25   6.04 0.000  0.68 0.000 9.999 0.259000 9.99 0.259000  0.086 0.000000  0.139 0.000000   0.250 0.000000 99.99 0.259000   2.655 0.000   0.589 0.000   2.065 0.000 0.019 0.000  0.211 0.000000
307.25 308.25  41.31 0.000  0.83 0.000 9.999 0.259000 9.99 0.259000  0.129 0.000000  0.508 0.000000   0.914 0.000000 99.99 0.259000   4.257 0.000   1.798 0.000   2.459 0.000 0.044 0.000  0.183 0.000000
310.25 311.25  30.90 0.000  2.10 0.000 9.999 0.259000 0.24 0.000000  1.046 0.000000  1.417 0.000000   2.551 0.000000 99.99 0.259000  14.365 0.000 999.999 0.259  15.974 0.000 0.052 0.000  1.063 0.000000
313.25 314.25   1.71 0.000  0.40 0.000 9.999 0.259000 9.99 0.259000  0.006 0.000000  0.783 0.000000   1.410 0.000000 99.99 0.259000   3.277 0.000   0.192 0.000   3.084 0.000 0.021 0.000  0.327 0.000000
316.25 317.25  12.32 0.000  1.64 0.000 9.999 0.259000 9.99 0.259000  0.682 0.000000  0.889 0.000000   1.601 0.000000 99.99 0.259000   6.202 0.000 999.999 0.259   7.386 0.000 0.032 0.000  0.540 0.000000
319.25 320.25   4.18 0.000  0.34 0.000 9.999 0.259000 9.99 0.259000  0.087 0.000000  1.257 0.000000   2.263 0.000000 99.99 0.259000   4.152 0.000 999.999 0.259   4.439 0.000 0.042 0.000  0.384 0.000000
322.25 323.25  10.19 0.000  0.83 0.000 9.999 0.259000 9.99 0.259000  0.043 0.000000  1.151 0.000000   2.072 0.000000 99.99 0.259000   4.398 0.000   0.321 0.000   4.077 0.000 0.059 0.000  0.390 0.000000
325.25 326.25  61.58 0.000  2.79 0.000 9.999 0.259000 0.17 0.000000  0.964 0.000000  1.567 0.000000   2.821 0.000000 99.99 0.259000  12.484 0.000   3.408 0.000   9.076 0.000 0.066 0.000  0.405 0.000000
328.25 329.25  29.77 0.000  0.92 0.000 9.999 0.259000 9.99 0.259000  0.076 0.000000  0.670 0.000000   1.207 0.000000 99.99 0.259000   3.381 0.000   1.066 0.000   2.314 0.000 0.061 0.000  0.112 0.000000
331.25 332.25 999.99 0.999 99.99 0.999 9.999 0.999000 9.99 0.999000 99.999 0.999000 99.999 0.999000 999.999 0.999000 99.99 0.999000 999.999 0.999 999.999 0.999 999.999 0.999 9.999 0.999 99.999 0.999000
334.25 335.25 999.99 0.999 99.99 0.999 9.999 0.999000 9.99 0.999000 99.999 0.999000 99.999 0.999000 999.999 0.999000 99.99 0.999000 999.999 0.999 999.999 0.999 999.999 0.999 9.999 0.999 99.999 0.999000
337.25 338.25 999.99 0.999 99.99 0.999 9.999 0.999000 9.99 0.999000 99.999 0.999000 99.999 0.999000 999.999 0.999000 99.99 0.999000 999.999 0.999 999.999 0.999 999.999 0.999 9.999 0.999 99.999 0.999000
340.25 341.25 999.99 0.999 99.99 0.999 9.999 0.999000 9.99 0.999000 99.999 0.999000 99.999 0.999000 999.999 0.999000 99.99 0.999000 999.999 0.999 999.999 0.999 999.999 0.999 9.999 0.999 99.999 0.999000
343.25 344.25 999.99 0.999 99.99 0.999 9.999 0.999000 9.99 0.999000 99.999 0.999000 99.999 0.999000 999.999 0.999000 99.99 0.999000 999.999 0.999 999.999 0.999 999.999 0.999 9.999 0.999 99.999 0.999000
346.25 347.25 999.99 0.999 99.99 0.999 9.999 0.999000 9.99 0.999000 99.999 0.999000 99.999 0.999000 999.999 0.999000 99.99 0.999000 999.999 0.999 999.999 0.999 999.999 0.999 9.999 0.999 99.999 0.999000
349.25 350.25  18.41 0.000  1.07 0.000 9.999 0.259000 9.99 0.259000  0.484 0.000000  0.678 0.000000   1.220 0.000000 99.99 0.259000   4.457 0.000 999.999 0.259   4.967 0.000 0.029 0.000  0.429 0.000000
352.25 353.25 999.99 0.999 99.99 0.999 9.999 0.999000 9.99 0.999000 99.999 0.999000 99.999 0.999000 999.999 0.999000 99.99 0.999000 999.999 0.999 999.999 0.999 999.999 0.999 9.999 0.999 99.999 0.999000
355.25 356.25 999.99 0.456 99.99 0.456 9.999 0.456000 9.99 0.456000 99.999 0.456000 99.999 0.456000 999.999 0.456000 99.99 0.456000 999.999 0.456 999.999 0.456 999.999 0.456 9.999 0.456 99.999 0.456000
358.25 359.25 999.99 0.999 99.99 0.999 9.999 0.999000 9.99 0.999000 99.999 0.999000 99.999 0.999000 999.999 0.999000 99.99 0.999000 999.999 0.999 999.999 0.999 999.999 0.999 9.999 0.999 99.999 0.999000
361.25 362.25 999.99 0.999 99.99 0.999 9.999 0.999000 9.99 0.999000 99.999 0.999000 99.999 0.999000 999.999 0.999000 99.99 0.999000 999.999 0.999 999.999 0.999 999.999 0.999 9.999 0.999 99.999 0.999000
364.25 365.25 999.99 0.999 99.99 0.999 9.999 0.999000 9.99 0.999000 99.999 0.999000 99.999 0.999000 999.999 0.999000 99.99 0.999000 999.999 0.999 999.999 0.999 999.999 0.999 9.999 0.999 99.999 0.999000
