scripts/IMPROVE-2019_partial/data/US0126R.20090101050000.20191216000000.filterpack...52w.3d.US03L_filterpack_US0126.US03L_IMPROVE_Davis.lev2.nas
53 1001
MISSING INFORMATION
US03L, IMPROVE, , , , , , , 
MISSING INFORMATION
IMPROVE sel_HTAP
1 1
2009 01 01 2019 12 16
3.000000
days from file reference point
4
1 1 1 1
999.999999 999.999 999.999 9.999
end_time of measurement, days from the file reference point
pm10_mass, ug/m3, Matrix=pm10
pm25_mass, ug/m3, Matrix=pm25
numflag, no unit
0
35
Data definition:              EBAS_1.1
Set type code:                TU
Timezone:                     UTC
File name:                    US0126R.20090101050000.20191216000000.filterpack...52w.3d.US03L_filterpack_US0126.US03L_IMPROVE_Davis.lev2.nas
File creation:                20191218120220
Startdate:                    20090101050000
Revision date:                20191216000000
Version:                      2
Version description:          "Data extracted from http://views.cira.colostate.edu/fed/DataWizard 2019-12-16"
Statistics:                   arithmetic mean
Data level:                   2
Period code:                  52w
Resolution code:              3d
Sample duration:              1d
Orig. time res.:              3d
Station code:                 US0126R
Platform code:                US0126S
Station name:                 Penobscot
Station land use:             Forest
Station setting:              Rural
Station latitude:             44.94798
Station longitude:            -68.64786
Station altitude:             45.0 m
Regime:                       IMG
Component:                    
Unit:                         ug/m3
Matrix:                       
Laboratory code:              US03L
Instrument type:              filterpack
Instrument name:              filterpack_US0126
Method ref:                   US03L_IMPROVE_Davis
Blank correction:             Blank corrected
Volume std. temperature:      ambient
Volume std. pressure:         ambient
starttime endtime PM10 PM2.5 flag
  0.208333   1.208333   7.389   3.427 0.000
  3.208333   4.208333   6.497   3.723 0.000
  6.208333   7.208333  10.351   3.365 0.000
  9.208333  10.208333  12.105   8.330 0.000
 12.208333  13.208333  21.003  16.880 0.000
 15.208333  16.208333  37.376  17.682 0.000
 18.208333  19.208333   6.564   5.368 0.000
 21.208333  22.208333  14.199   9.930 0.000
 24.208333  25.208333  10.110   5.707 0.000
 27.208333  28.208333 999.999 999.999 0.999
 30.208333  31.208333 999.999 999.999 0.999
 33.208333  34.208333 999.999 999.999 0.999
 36.208333  37.208333  31.140  12.813 0.000
 39.208333  40.208333   6.067   3.551 0.000
 42.208333  43.208333   8.174   5.446 0.000
 45.208333  46.208333   2.533   1.508 0.000
 48.208333  49.208333   8.341   3.761 0.000
 51.208333  52.208333   5.193   3.493 0.000
 54.208333  55.208333   3.133   2.091 0.000
 57.208333  58.208333  15.821   6.356 0.000
 60.208333  61.208333   5.514   2.156 0.000
 63.208333  64.208333  18.436   6.238 0.000
 66.208333  67.208333   8.469   6.070 0.000
 69.208333  70.208333   8.313   2.829 0.000
 72.208333  73.208333  20.336   8.132 0.000
 75.208333  76.208333  20.928   7.974 0.000
 78.208333  79.208333  11.013   3.337 0.000
 81.208333  82.208333   6.846   2.440 0.000
 84.208333  85.208333  23.256   6.830 0.000
 87.208333  88.208333   5.219   3.273 0.000
 90.208333  91.208333  16.326   6.553 0.000
 93.208333  94.208333   7.572   4.969 0.000
 96.208333  97.208333   6.403   3.969 0.000
 99.208333 100.208333  16.256   7.411 0.000
102.208333 103.208333   6.556   2.417 0.000
105.208333 106.208333  11.715   4.126 0.000
108.208333 109.208333   6.783   4.111 0.000
111.208333 112.208333   5.460   3.368 0.000
114.208333 115.208333  16.569  10.707 0.000
117.208333 118.208333  11.062   5.361 0.000
120.208333 121.208333  13.512   8.328 0.000
123.208333 124.208333  13.832   7.952 0.000
126.208333 127.208333   5.591   2.686 0.000
129.208333 130.208333   3.369   1.683 0.000
132.208333 133.208333  19.794   7.606 0.000
135.208333 136.208333  38.867   4.143 0.000
138.208333 139.208333  16.654   3.536 0.000
141.208333 142.208333  25.570   7.898 0.000
144.208333 145.208333  11.482   3.649 0.000
147.208333 148.208333   6.258   1.653 0.000
150.208333 151.208333  10.182   4.724 0.000
153.208333 154.208333   9.685   3.846 0.000
156.208333 157.208333   6.507   3.771 0.000
159.208333 160.208333   6.136   1.874 0.000
162.208333 163.208333   6.915   1.433 0.000
165.208333 166.208333   7.327   3.275 0.000
168.208333 169.208333  10.184   3.655 0.000
171.208333 172.208333   9.055   6.941 0.000
174.208333 175.208333   6.941   2.652 0.000
177.208333 178.208333  11.257   9.839 0.000
180.208333 181.208333  13.040   9.726 0.000
183.208333 184.208333   8.705   4.861 0.000
186.208333 187.208333   6.199   3.083 0.000
189.208333 190.208333   7.753   3.421 0.000
192.208333 193.208333   7.315   5.032 0.000
195.208333 196.208333 999.999 999.999 0.999
198.208333 199.208333   9.120   7.475 0.000
201.208333 202.208333  10.540   5.816 0.000
204.208333 205.208333   2.979   1.208 0.000
207.208333 208.208333  10.781   8.073 0.000
210.208333 211.208333  11.507   8.207 0.000
213.208333 214.208333  11.671   8.447 0.000
216.208333 217.208333  18.427  12.084 0.000
219.208333 220.208333   3.811   2.136 0.000
222.208333 223.208333   7.325   4.764 0.000
225.208333 226.208333  12.391   7.345 0.000
228.208333 229.208333  28.561  23.596 0.000
231.208333 232.208333  11.774   5.454 0.000
234.208333 235.208333  16.008  12.385 0.000
237.208333 238.208333  14.299   7.090 0.000
240.208333 241.208333   2.739   1.619 0.000
243.208333 244.208333   7.510   3.537 0.000
246.208333 247.208333  12.710   7.328 0.000
249.208333 250.208333   4.580   2.216 0.000
252.208333 253.208333   8.499   2.374 0.000
255.208333 256.208333   6.295   3.443 0.000
258.208333 259.208333 999.999 999.999 0.999
261.208333 262.208333   3.105   1.135 0.000
264.208333 265.208333  11.426   7.510 0.000
267.208333 268.208333   4.574   1.830 0.000
270.208333 271.208333   6.096   2.220 0.000
273.208333 274.208333   5.538   2.075 0.000
276.208333 277.208333   3.297   1.729 0.000
279.208333 280.208333   4.526   2.452 0.000
282.208333 283.208333   2.822   1.851 0.000
285.208333 286.208333   4.417   3.147 0.000
288.208333 289.208333   4.553   2.149 0.000
291.208333 292.208333   6.502   3.954 0.000
294.208333 295.208333   2.309   1.999 0.000
297.208333 298.208333   3.349   1.695 0.000
300.208333 301.208333   6.393   3.281 0.000
303.208333 304.208333   8.648   4.929 0.000
306.208333 307.208333   9.628   4.413 0.000
309.208333 310.208333   3.543   3.237 0.000
312.208333 313.208333  16.482   9.575 0.000
315.208333 316.208333  27.272  14.451 0.000
318.208333 319.208333   1.363   0.697 0.000
321.208333 322.208333  23.347  13.837 0.000
324.208333 325.208333   7.068   5.332 0.000
327.208333 328.208333   9.012   3.272 0.000
330.208333 331.208333   1.125   0.704 0.000
333.208333 334.208333   4.624   4.077 0.000
336.208333 337.208333   6.746   5.017 0.000
339.208333 340.208333   3.627   3.076 0.000
342.208333 343.208333   3.336   2.177 0.000
345.208333 346.208333   5.226   2.256 0.000
348.208333 349.208333   6.505   6.070 0.000
351.208333 352.208333   5.476   1.845 0.000
354.208333 355.208333   3.567   1.290 0.000
357.208333 358.208333 999.999 999.999 0.999
360.208333 361.208333 999.999 999.999 0.999
363.208333 364.208333 999.999 999.999 0.999
