scripts/IMPROVE-2019_partial/data/US0112R.20100102070000.20191216000000.filterpack...52w.3d.US03L_filterpack_US0112.US03L_IMPROVE_Davis.lev2.nas
54 1001
MISSING INFORMATION
US03L, IMPROVE, , , , , , , 
MISSING INFORMATION
IMPROVE sel_HTAP
1 1
2010 01 01 2019 12 16
3.000000
days from file reference point
5
1 1 1 1 1
999.999999 999.999 9.999 999.999 9.999
end_time of measurement, days from the file reference point
pm10_mass, ug/m3, Matrix=pm10
numflag pm10_mass, no unit, Matrix=pm10
pm25_mass, ug/m3, Matrix=pm25
numflag pm25_mass, no unit, Matrix=pm25
0
35
Data definition:              EBAS_1.1
Set type code:                TU
Timezone:                     UTC
File name:                    US0112R.20100102070000.20191216000000.filterpack...52w.3d.US03L_filterpack_US0112.US03L_IMPROVE_Davis.lev2.nas
File creation:                20191218120213
Startdate:                    20100102070000
Revision date:                20191216000000
Version:                      2
Version description:          "Data extracted from http://views.cira.colostate.edu/fed/DataWizard 2019-12-16"
Statistics:                   arithmetic mean
Data level:                   2
Period code:                  52w
Resolution code:              3d
Sample duration:              1d
Orig. time res.:              3d
Station code:                 US0112R
Platform code:                US0112S
Station name:                 Breton Island
Station land use:             Wetland
Station setting:              Coastal
Station latitude:             30.10863
Station longitude:            -89.76168
Station altitude:             -7.0 m
Regime:                       IMG
Component:                    
Unit:                         ug/m3
Matrix:                       
Laboratory code:              US03L
Instrument type:              filterpack
Instrument name:              filterpack_US0112
Method ref:                   US03L_IMPROVE_Davis
Blank correction:             Blank corrected
Volume std. temperature:      ambient
Volume std. pressure:         ambient
starttime endtime PM10 flag_PM10 PM2.5 flag_PM2.5
  1.291667   2.291667   9.366 0.000   5.343 0.000
  4.291667   5.291667  14.342 0.000   9.251 0.000
  7.291667   8.291667   8.141 0.000   5.901 0.000
 10.291667  11.291667  12.074 0.000   7.943 0.000
 13.291667  14.291667  16.565 0.000  13.343 0.000
 16.291667  17.291667   9.032 0.000   7.800 0.000
 19.291667  20.291667   6.932 0.000   5.122 0.000
 22.291667  23.291667  10.379 0.000   5.769 0.000
 25.291667  26.291667  12.290 0.000   5.484 0.000
 28.291667  29.291667  11.485 0.000   5.626 0.000
 31.291667  32.291667  14.578 0.000  12.073 0.000
 34.291667  35.291667  11.629 0.000   9.775 0.000
 37.291667  38.291667  10.868 0.000   9.337 0.000
 40.291667  41.291667   8.717 0.000   7.340 0.000
 43.291667  44.291667   6.872 0.000   5.312 0.000
 46.291667  47.291667   4.924 0.000   2.944 0.000
 49.291667  50.291667  15.731 0.000  12.819 0.000
 52.291667  53.291667   8.952 0.000   6.442 0.000
 55.291667  56.291667   5.977 0.000   3.498 0.000
 58.291667  59.291667  13.768 0.000  10.747 0.000
 61.291667  62.291667   9.350 0.000 999.999 0.456
 64.291667  65.291667  16.196 0.000 999.999 0.456
 67.291667  68.291667  14.153 0.000   8.603 0.000
 70.291667  71.291667  10.927 0.000   6.844 0.000
 73.291667  74.291667   8.347 0.000   5.226 0.000
 76.291667  77.291667 999.999 0.999 999.999 0.999
 79.291667  80.291667 999.999 0.999 999.999 0.999
 82.291667  83.291667 999.999 0.999 999.999 0.999
 85.291667  86.291667 999.999 0.999 999.999 0.999
 88.291667  89.291667 999.999 0.999 999.999 0.999
 91.291667  92.291667 999.999 0.999 999.999 0.999
 94.291667  95.291667 999.999 0.999 999.999 0.999
 97.291667  98.291667 999.999 0.999 999.999 0.999
100.291667 101.291667 999.999 0.999 999.999 0.999
103.291667 104.291667  16.009 0.000   6.601 0.000
106.291667 107.291667  16.170 0.000   8.987 0.000
109.291667 110.291667  15.953 0.000   8.748 0.000
112.291667 113.291667  21.614 0.000   7.654 0.000
115.291667 116.291667  15.041 0.000   5.888 0.000
118.291667 119.291667  17.915 0.000   7.314 0.000
121.291667 122.291667  55.384 0.000  26.694 0.000
124.291667 125.291667  18.497 0.000  12.388 0.000
127.291667 128.291667  17.947 0.000  10.318 0.000
130.291667 131.291667  17.470 0.000  11.585 0.000
133.291667 134.291667  22.499 0.000   8.631 0.000
136.291667 137.291667  21.219 0.000   6.720 0.000
139.291667 140.291667  11.449 0.000   6.500 0.000
142.291667 143.291667 999.999 0.999   8.618 0.000
145.291667 146.291667  17.306 0.000  10.298 0.000
148.291667 149.291667  23.692 0.000  16.912 0.000
151.291667 152.291667 999.999 0.999   9.983 0.000
154.291667 155.291667  12.562 0.000   4.174 0.000
157.291667 158.291667  21.802 0.000  14.160 0.000
160.291667 161.291667  19.169 0.000  15.422 0.000
163.291667 164.291667 999.999 0.999  15.280 0.000
166.291667 167.291667  19.307 0.000  12.863 0.000
169.291667 170.291667  17.306 0.000   7.898 0.000
172.291667 173.291667  13.388 0.000   8.201 0.000
175.291667 176.291667 999.999 0.999   7.524 0.000
178.291667 179.291667  11.797 0.000   4.431 0.000
181.291667 182.291667 999.999 0.999 999.999 0.999
184.291667 185.291667  12.754 0.000   6.449 0.000
187.291667 188.291667 999.999 0.999 999.999 0.999
190.291667 191.291667  19.206 0.000  13.386 0.000
193.291667 194.291667  56.037 0.000  18.929 0.000
196.291667 197.291667  23.539 0.000  11.988 0.000
199.291667 200.291667  32.762 0.000  10.880 0.000
202.291667 203.291667  40.691 0.000  12.882 0.000
205.291667 206.291667  10.516 0.000   5.107 0.000
208.291667 209.291667  26.177 0.000  10.190 0.000
211.291667 212.291667  26.514 0.000  14.181 0.000
214.291667 215.291667  18.335 0.000  17.619 0.000
217.291667 218.291667  16.867 0.000  12.957 0.000
220.291667 221.291667  11.856 0.000   7.516 0.000
223.291667 224.291667  11.664 0.000   4.680 0.000
226.291667 227.291667  14.947 0.000   6.966 0.000
229.291667 230.291667  13.159 0.000   6.040 0.000
232.291667 233.291667  13.219 0.000   5.298 0.000
235.291667 236.291667  20.161 0.000  13.158 0.000
238.291667 239.291667   8.798 0.000   4.711 0.000
241.291667 242.291667   8.035 0.000   2.809 0.000
244.291667 245.291667  15.983 0.000  10.002 0.000
247.291667 248.291667  14.522 0.000   8.635 0.000
250.291667 251.291667   7.394 0.000   4.485 0.000
253.291667 254.291667   9.418 0.000   5.632 0.000
256.291667 257.291667  14.594 0.000   9.390 0.000
259.291667 260.291667  14.351 0.000   6.449 0.000
262.291667 263.291667  17.182 0.000  10.764 0.000
265.291667 266.291667  15.098 0.000   7.043 0.000
268.291667 269.291667   9.648 0.000   6.117 0.000
271.291667 272.291667  21.152 0.000  12.850 0.000
274.291667 275.291667  14.858 0.000   7.242 0.000
277.291667 278.291667  11.441 0.000   5.876 0.000
280.291667 281.291667  27.630 0.000  15.072 0.000
283.291667 284.291667  17.369 0.000  12.821 0.000
286.291667 287.291667  20.997 0.000  11.000 0.000
289.291667 290.291667  22.051 0.000  15.479 0.000
292.291667 293.291667 999.999 0.999 999.999 0.999
295.291667 296.291667 999.999 0.999 999.999 0.999
298.291667 299.291667 999.999 0.999 999.999 0.999
301.291667 302.291667 999.999 0.999 999.999 0.999
304.291667 305.291667 999.999 0.999 999.999 0.999
307.291667 308.291667 999.999 0.999 999.999 0.999
310.291667 311.291667  12.825 0.000   7.137 0.000
313.291667 314.291667 999.999 0.999   8.087 0.000
316.291667 317.291667 999.999 0.999   6.350 0.000
319.291667 320.291667   4.999 0.000   7.102 0.000
322.291667 323.291667  16.825 0.000  12.968 0.000
325.291667 326.291667  15.812 0.000   8.468 0.000
328.291667 329.291667  13.349 0.000   4.062 0.000
331.291667 332.291667  13.038 0.000   5.235 0.000
334.291667 335.291667 999.999 0.999 999.999 0.999
337.291667 338.291667  13.659 0.000   7.603 0.000
340.291667 341.291667  15.497 0.000   5.930 0.000
343.291667 344.291667   9.182 0.000   6.973 0.000
346.291667 347.291667   6.559 0.000   2.527 0.000
349.291667 350.291667  19.267 0.000   5.232 0.000
352.291667 353.291667  11.892 0.000   7.537 0.000
355.291667 356.291667  18.810 0.000  12.072 0.000
358.291667 359.291667  11.538 0.000   8.607 0.000
361.291667 362.291667   8.218 0.000   6.619 0.000
364.291667 365.291667  11.754 0.000   5.598 0.000
