scripts/IMPROVE-2019_partial/data/US0125R.20160101080000.20191216000000.filterpack...52w.3d.US03L_filterpack_US0125.US03L_IMPROVE_Davis.lev2.nas
53 1001
MISSING INFORMATION
US03L, IMPROVE, , , , , , , 
MISSING INFORMATION
IMPROVE sel_HTAP
1 1
2016 01 01 2019 12 16
3.000000
days from file reference point
4
1 1 1 1
999.999999 999.999 999.999 9.999
end_time of measurement, days from the file reference point
pm10_mass, ug/m3, Matrix=pm10
pm25_mass, ug/m3, Matrix=pm25
numflag, no unit
0
35
Data definition:              EBAS_1.1
Set type code:                TU
Timezone:                     UTC
File name:                    US0125R.20160101080000.20191216000000.filterpack...52w.3d.US03L_filterpack_US0125.US03L_IMPROVE_Davis.lev2.nas
File creation:                20191218120219
Startdate:                    20160101080000
Revision date:                20191216000000
Version:                      2
Version description:          "Data extracted from http://views.cira.colostate.edu/fed/DataWizard 2019-12-16"
Statistics:                   arithmetic mean
Data level:                   2
Period code:                  52w
Resolution code:              3d
Sample duration:              1d
Orig. time res.:              3d
Station code:                 US0125R
Platform code:                US0125S
Station name:                 Owens Valley
Station land use:             Desert
Station setting:              Rural
Station latitude:             37.3607
Station longitude:            -118.3308
Station altitude:             1234.0 m
Regime:                       IMG
Component:                    
Unit:                         ug/m3
Matrix:                       
Laboratory code:              US03L
Instrument type:              filterpack
Instrument name:              filterpack_US0125
Method ref:                   US03L_IMPROVE_Davis
Blank correction:             Blank corrected
Volume std. temperature:      ambient
Volume std. pressure:         ambient
starttime endtime PM10 PM2.5 flag
  0.333333   1.333333   6.767   1.744 0.000
  3.333333   4.333333   8.989   2.931 0.000
  6.333333   7.333333   1.505   0.485 0.000
  9.333333  10.333333   1.939   0.779 0.000
 12.333333  13.333333 999.999 999.999 0.999
 15.333333  16.333333   7.487   1.727 0.000
 18.333333  19.333333   3.912   1.637 0.000
 21.333333  22.333333   3.392   1.873 0.000
 24.333333  25.333333   2.098   0.721 0.000
 27.333333  28.333333   4.928   1.410 0.000
 30.333333  31.333333   0.555   0.183 0.000
 33.333333  34.333333   1.730   0.838 0.000
 36.333333  37.333333   2.400   0.957 0.000
 39.333333  40.333333   4.604   1.052 0.000
 42.333333  43.333333   5.235   0.784 0.000
 45.333333  46.333333   2.958   0.537 0.000
 48.333333  49.333333   3.054   0.908 0.000
 51.333333  52.333333   6.661   2.134 0.000
 54.333333  55.333333  14.639   6.250 0.000
 57.333333  58.333333   6.711   1.892 0.000
 60.333333  61.333333   6.371   2.207 0.000
 63.333333  64.333333  12.402   2.162 0.000
 66.333333  67.333333   4.093   1.381 0.000
 69.333333  70.333333   4.825   1.397 0.000
 72.333333  73.333333   5.567   1.792 0.000
 75.333333  76.333333   9.175   2.927 0.000
 78.333333  79.333333  14.622   3.440 0.000
 81.333333  82.333333  14.704   1.690 0.000
 84.333333  85.333333   7.889   1.722 0.000
 87.333333  88.333333  21.955   2.921 0.000
 90.333333  91.333333   6.861   1.871 0.000
 93.333333  94.333333  11.746   2.825 0.000
 96.333333  97.333333   5.862   1.855 0.000
 99.333333 100.333333   2.358   1.174 0.000
102.333333 103.333333   3.698   1.844 0.000
105.333333 106.333333  12.177   2.448 0.000
108.333333 109.333333   8.122   3.249 0.000
111.333333 112.333333   8.984   2.303 0.000
114.333333 115.333333   6.266   1.964 0.000
117.333333 118.333333   7.359   2.251 0.000
120.333333 121.333333   5.492   1.202 0.000
123.333333 124.333333   6.275   2.059 0.000
126.333333 127.333333   4.165   1.912 0.000
129.333333 130.333333   6.462   2.789 0.000
132.333333 133.333333  10.037   2.793 0.000
135.333333 136.333333  10.663   1.835 0.000
138.333333 139.333333   6.659   1.976 0.000
141.333333 142.333333   8.901   2.797 0.000
144.333333 145.333333  11.480   2.594 0.000
147.333333 148.333333   6.432   3.067 0.000
150.333333 151.333333  10.650   4.166 0.000
153.333333 154.333333  13.888   5.694 0.000
156.333333 157.333333  19.295   6.817 0.000
159.333333 160.333333  12.121   4.148 0.000
162.333333 163.333333  14.852   3.951 0.000
165.333333 166.333333   7.408   3.134 0.000
168.333333 169.333333  10.832   3.590 0.000
171.333333 172.333333   8.398   3.487 0.000
174.333333 175.333333   7.422 999.999 0.000
177.333333 178.333333 999.999 999.999 0.999
180.333333 181.333333 999.999 999.999 0.999
183.333333 184.333333 999.999 999.999 0.999
186.333333 187.333333 999.999 999.999 0.999
189.333333 190.333333 999.999 999.999 0.999
192.333333 193.333333 999.999 999.999 0.999
195.333333 196.333333  16.689   5.356 0.000
198.333333 199.333333  15.567   4.255 0.000
201.333333 202.333333  13.594   3.598 0.000
204.333333 205.333333  12.548   2.401 0.000
207.333333 208.333333  19.097   7.833 0.000
210.333333 211.333333  27.497   7.304 0.000
213.333333 214.333333  26.893  12.724 0.000
216.333333 217.333333  19.950   7.548 0.000
219.333333 220.333333  13.263   5.265 0.000
222.333333 223.333333  19.186   6.715 0.000
225.333333 226.333333  15.301   4.232 0.000
228.333333 229.333333  17.179   4.807 0.000
231.333333 232.333333  12.089   5.230 0.000
234.333333 235.333333  19.927   7.633 0.000
237.333333 238.333333  19.637  10.776 0.000
240.333333 241.333333  19.275   9.490 0.000
243.333333 244.333333 999.999 999.999 0.999
246.333333 247.333333  26.888   4.944 0.000
249.333333 250.333333  11.527   4.242 0.000
252.333333 253.333333  14.048   4.949 0.000
255.333333 256.333333  13.673   6.183 0.000
258.333333 259.333333  12.962   4.368 0.000
261.333333 262.333333   8.919   3.296 0.000
264.333333 265.333333  17.799   6.540 0.000
267.333333 268.333333   6.783   1.644 0.000
270.333333 271.333333   7.524   1.995 0.000
273.333333 274.333333  20.886   5.798 0.000
276.333333 277.333333   5.377   1.374 0.000
279.333333 280.333333   9.676   2.573 0.000
282.333333 283.333333  13.552   3.120 0.000
285.333333 286.333333   9.667   3.309 0.000
288.333333 289.333333  11.527   2.400 0.000
291.333333 292.333333  13.560   2.602 0.000
294.333333 295.333333  13.420   3.590 0.000
297.333333 298.333333  21.590   5.731 0.000
300.333333 301.333333  11.167   3.817 0.000
303.333333 304.333333  11.248   1.976 0.000
306.333333 307.333333   5.198   0.976 0.000
309.333333 310.333333   9.998   3.166 0.000
312.333333 313.333333   8.689   2.913 0.000
315.333333 316.333333  11.810   4.838 0.000
318.333333 319.333333  13.334   6.646 0.000
321.333333 322.333333   5.983   2.120 0.000
324.333333 325.333333  31.878   6.238 0.000
327.333333 328.333333  23.714   4.317 0.000
330.333333 331.333333  32.006   6.678 0.000
333.333333 334.333333   4.391   1.204 0.000
336.333333 337.333333   7.439   1.490 0.000
339.333333 340.333333   8.174   1.678 0.000
342.333333 343.333333  14.492   3.497 0.000
345.333333 346.333333   5.842   1.304 0.000
348.333333 349.333333   9.499   2.244 0.000
351.333333 352.333333   2.690   1.014 0.000
354.333333 355.333333   4.805   1.770 0.000
357.333333 358.333333   5.807   2.178 0.000
360.333333 361.333333   1.902   0.970 0.000
363.333333 364.333333   4.046   1.352 0.000
