scripts/IMPROVE-2019_partial/data/US0128R.20130101060000.20191216000000.filterpack...52w.3d.US03L_filterpack_US0128.US03L_IMPROVE_Davis.lev2.nas
54 1001
MISSING INFORMATION
US03L, IMPROVE, , , , , , , 
MISSING INFORMATION
IMPROVE sel_HTAP
1 1
2013 01 01 2019 12 16
3.00
days from file reference point
5
1 1 1 1 1
999.99 999.999 9.999 999.999 9.999
end_time of measurement, days from the file reference point
pm10_mass, ug/m3, Matrix=pm10
numflag pm10_mass, no unit, Matrix=pm10
pm25_mass, ug/m3, Matrix=pm25
numflag pm25_mass, no unit, Matrix=pm25
0
35
Data definition:              EBAS_1.1
Set type code:                TU
Timezone:                     UTC
File name:                    US0128R.20130101060000.20191216000000.filterpack...52w.3d.US03L_filterpack_US0128.US03L_IMPROVE_Davis.lev2.nas
File creation:                20191218120221
Startdate:                    20130101060000
Revision date:                20191216000000
Version:                      2
Version description:          "Data extracted from http://views.cira.colostate.edu/fed/DataWizard 2019-12-16"
Statistics:                   arithmetic mean
Data level:                   2
Period code:                  52w
Resolution code:              3d
Sample duration:              1d
Orig. time res.:              3d
Station code:                 US0128R
Platform code:                US0128S
Station name:                 Stilwell (IMPROVE)
Station land use:             Forest
Station setting:              Rural
Station latitude:             35.75078
Station longitude:            -94.66956
Station altitude:             300.0 m
Regime:                       IMG
Component:                    
Unit:                         ug/m3
Matrix:                       
Laboratory code:              US03L
Instrument type:              filterpack
Instrument name:              filterpack_US0128
Method ref:                   US03L_IMPROVE_Davis
Blank correction:             Blank corrected
Volume std. temperature:      ambient
Volume std. pressure:         ambient
starttime endtime PM10 flag_PM10 PM2.5 flag_PM2.5
  0.25   1.25  14.186 0.000  12.988 0.000
  3.25   4.25  11.634 0.000   8.928 0.000
  6.25   7.25   8.927 0.000   6.905 0.000
  9.25  10.25   3.429 0.000   2.285 0.000
 12.25  13.25   9.066 0.000   6.997 0.000
 15.25  16.25  14.696 0.000  11.116 0.000
 18.25  19.25  10.410 0.000   5.744 0.000
 21.25  22.25  11.340 0.000   7.003 0.000
 24.25  25.25  31.860 0.000  17.757 0.000
 27.25  28.25  12.331 0.000   8.020 0.000
 30.25  31.25   8.841 0.000   6.181 0.000
 33.25  34.25   5.427 0.000   2.779 0.000
 36.25  37.25  12.325 0.000   8.243 0.000
 39.25  40.25  15.626 0.000  12.945 0.000
 42.25  43.25   9.197 0.000   7.109 0.000
 45.25  46.25   2.753 0.000   1.953 0.000
 48.25  49.25  14.044 0.000   4.522 0.000
 51.25  52.25   4.330 0.000   3.489 0.000
 54.25  55.25  11.920 0.000   8.951 0.000
 57.25  58.25  15.915 0.000  14.265 0.000
 60.25  61.25  13.141 0.000  10.327 0.000
 63.25  64.25   9.895 0.000   4.648 0.000
 66.25  67.25  26.047 0.000  18.276 0.000
 69.25  70.25   9.060 0.000   5.967 0.000
 72.25  73.25 999.999 0.999 999.999 0.999
 75.25  76.25  15.705 0.000  12.406 0.000
 78.25  79.25   8.026 0.000   3.920 0.000
 81.25  82.25   9.404 0.000   7.753 0.000
 84.25  85.25   8.035 0.000   5.100 0.000
 87.25  88.25  16.263 0.000   9.926 0.000
 90.25  91.25   9.686 0.000   5.683 0.000
 93.25  94.25  11.350 0.000   6.822 0.000
 96.25  97.25  14.717 0.000   7.740 0.000
 99.25 100.25   5.749 0.000   2.928 0.000
102.25 103.25  10.918 0.000   5.570 0.000
105.25 106.25  29.762 0.000  18.421 0.000
108.25 109.25   7.765 0.000   2.779 0.000
111.25 112.25  18.491 0.000   9.189 0.000
114.25 115.25  13.252 0.000   5.701 0.000
117.25 118.25  10.084 0.000   3.819 0.000
120.25 121.25  18.610 0.000   7.495 0.000
123.25 124.25   3.970 0.000   1.883 0.000
126.25 127.25  11.880 0.000   6.320 0.000
129.25 130.25  14.846 0.000   6.048 0.000
132.25 133.25  17.461 0.000   6.308 0.000
135.25 136.25   9.209 0.000   5.058 0.000
138.25 139.25  21.199 0.000  13.108 0.000
141.25 142.25   9.614 0.000   2.734 0.000
144.25 145.25  13.670 0.000   6.498 0.000
147.25 148.25  19.998 0.000   9.022 0.000
150.25 151.25  16.087 0.000   5.983 0.000
153.25 154.25   9.377 0.000   4.039 0.000
156.25 157.25  12.764 0.000   5.752 0.000
159.25 160.25  15.649 0.000   7.263 0.000
162.25 163.25  44.653 0.000  17.187 0.000
165.25 166.25  24.699 0.000  11.261 0.000
168.25 169.25   9.253 0.000   3.748 0.000
171.25 172.25  48.990 0.000  19.875 0.000
174.25 175.25  30.083 0.000  14.969 0.000
177.25 178.25  40.266 0.000  17.966 0.000
180.25 181.25  13.759 0.000   5.020 0.000
183.25 184.25  22.158 0.000  14.147 0.000
186.25 187.25  29.088 0.000  15.771 0.000
189.25 190.25  22.870 0.000   8.930 0.000
192.25 193.25 999.999 0.456  13.916 0.000
195.25 196.25  15.093 0.000   9.142 0.000
198.25 199.25  15.966 0.000   7.228 0.000
201.25 202.25  15.137 0.000   8.808 0.000
204.25 205.25  10.218 0.000   4.829 0.000
207.25 208.25  11.105 0.000   5.609 0.000
210.25 211.25  33.639 0.000  17.176 0.000
213.25 214.25  26.128 0.000  14.148 0.000
216.25 217.25  18.615 0.000   8.998 0.000
219.25 220.25  20.426 0.000   8.982 0.000
222.25 223.25  19.848 0.000  10.125 0.000
225.25 226.25  19.889 0.000   9.435 0.000
228.25 229.25  19.994 0.000  13.460 0.000
231.25 232.25  15.646 0.000   8.962 0.000
234.25 235.25  21.501 0.000  12.088 0.000
237.25 238.25  17.151 0.000   8.908 0.000
240.25 241.25  27.929 0.000  11.658 0.000
243.25 244.25  24.613 0.000  13.364 0.000
246.25 247.25  16.015 0.000   6.330 0.000
249.25 250.25  25.557 0.000  14.846 0.000
252.25 253.25  21.642 0.000  12.706 0.000
255.25 256.25  16.922 0.000   5.364 0.000
258.25 259.25  17.041 0.000  10.411 0.000
261.25 262.25  20.599 0.000  12.349 0.000
264.25 265.25   6.778 0.000   3.852 0.000
267.25 268.25  21.097 0.000   9.420 0.000
270.25 271.25  12.966 0.000   7.413 0.000
273.25 274.25  11.958 0.000   8.630 0.000
276.25 277.25  12.991 0.000   6.734 0.000
279.25 280.25   5.539 0.000   1.377 0.000
282.25 283.25  16.330 0.000   9.736 0.000
285.25 286.25  12.776 0.000   5.905 0.000
288.25 289.25   4.407 0.000   1.503 0.000
291.25 292.25   4.298 0.000   2.578 0.000
294.25 295.25   7.038 0.000   3.438 0.000
297.25 298.25   8.057 0.000   2.497 0.000
300.25 301.25  11.024 0.000   7.517 0.000
303.25 304.25   6.724 0.000   2.729 0.000
306.25 307.25   9.496 0.000   5.870 0.000
309.25 310.25   2.805 0.000   1.503 0.000
312.25 313.25   9.183 0.000   5.727 0.000
315.25 316.25   8.767 0.000   4.038 0.000
318.25 319.25  14.829 0.000   9.860 0.000
321.25 322.25   8.201 0.000   2.438 0.000
324.25 325.25  13.261 0.000   9.742 0.000
327.25 328.25   5.525 0.000   3.667 0.000
330.25 331.25  12.400 0.000   4.856 0.000
333.25 334.25  11.468 0.000   8.115 0.000
336.25 337.25  12.842 0.000  10.625 0.000
339.25 340.25   7.977 0.000   4.893 0.000
342.25 343.25  14.063 0.000  11.140 0.000
345.25 346.25  14.318 0.000  10.661 0.000
348.25 349.25  15.369 0.000  10.113 0.000
351.25 352.25 999.999 0.999 999.999 0.999
354.25 355.25   2.219 0.000   1.772 0.000
357.25 358.25  14.506 0.000  12.209 0.000
360.25 361.25  12.318 0.000   9.490 0.000
363.25 364.25  14.372 0.000  10.369 0.000
