scripts/IMPROVE-2019_partial/data/US0129R.20170101070000.20191216000000.filterpack...52w.3d.US03L_filterpack_US0129.US03L_IMPROVE_Davis.lev2.nas
53 1001
MISSING INFORMATION
US03L, IMPROVE, , , , , , , 
MISSING INFORMATION
IMPROVE sel_HTAP
1 1
2017 01 01 2019 12 16
3.000000
days from file reference point
4
1 1 1 1
999.999999 999.999 999.999 9.999
end_time of measurement, days from the file reference point
pm10_mass, ug/m3, Matrix=pm10
pm25_mass, ug/m3, Matrix=pm25
numflag, no unit
0
35
Data definition:              EBAS_1.1
Set type code:                TU
Timezone:                     UTC
File name:                    US0129R.20170101070000.20191216000000.filterpack...52w.3d.US03L_filterpack_US0129.US03L_IMPROVE_Davis.lev2.nas
File creation:                20191218120221
Startdate:                    20170101070000
Revision date:                20191216000000
Version:                      2
Version description:          "Data extracted from http://views.cira.colostate.edu/fed/DataWizard 2019-12-16"
Statistics:                   arithmetic mean
Data level:                   2
Period code:                  52w
Resolution code:              3d
Sample duration:              1d
Orig. time res.:              3d
Station code:                 US0129R
Platform code:                US0129S
Station name:                 Sycamore Canyon 2
Station land use:             Desert
Station setting:              Rural
Station latitude:             35.1639
Station longitude:            -111.9823
Station altitude:             2046.0 m
Regime:                       IMG
Component:                    
Unit:                         ug/m3
Matrix:                       
Laboratory code:              US03L
Instrument type:              filterpack
Instrument name:              filterpack_US0129
Method ref:                   US03L_IMPROVE_Davis
Blank correction:             Blank corrected
Volume std. temperature:      ambient
Volume std. pressure:         ambient
starttime endtime PM10 PM2.5 flag
  0.291667   1.291667   0.359   0.330 0.000
  3.291667   4.291667   2.155   1.353 0.000
  6.291667   7.291667   1.828   1.193 0.000
  9.291667  10.291667   1.238   0.777 0.000
 12.291667  13.291667   1.691   1.294 0.000
 15.291667  16.291667   1.390   1.138 0.000
 18.291667  19.291667   1.311   1.085 0.000
 21.291667  22.291667   2.475   1.293 0.000
 24.291667  25.291667 999.999 999.999 0.999
 27.291667  28.291667   1.661   0.577 0.000
 30.291667  31.291667   2.999   1.578 0.000
 33.291667  34.291667   4.535   2.161 0.000
 36.291667  37.291667   4.670   2.159 0.000
 39.291667  40.291667   3.730   1.825 0.000
 42.291667  43.291667   1.640   1.009 0.000
 45.291667  46.291667   2.937   1.379 0.000
 48.291667  49.291667   3.744   2.108 0.000
 51.291667  52.291667   1.955   1.080 0.000
 54.291667  55.291667   3.015   1.113 0.000
 57.291667  58.291667   1.624   0.689 0.000
 60.291667  61.291667   4.406   0.884 0.000
 63.291667  64.291667   5.767   1.913 0.000
 66.291667  67.291667   6.790   1.913 0.000
 69.291667  70.291667   9.205   2.344 0.000
 72.291667  73.291667  13.964   3.648 0.000
 75.291667  76.291667  11.166   5.383 0.000
 78.291667  79.291667  10.674   4.463 0.000
 81.291667  82.291667   1.852   1.046 0.000
 84.291667  85.291667   1.672   1.135 0.000
 87.291667  88.291667   3.602   1.501 0.000
 90.291667  91.291667   8.943   4.166 0.000
 93.291667  94.291667   2.278   1.381 0.000
 96.291667  97.291667   7.074   2.511 0.000
 99.291667 100.291667   9.103   4.744 0.000
102.291667 103.291667  15.102   5.566 0.000
105.291667 106.291667  14.318   4.684 0.000
108.291667 109.291667  14.839   4.864 0.000
111.291667 112.291667  19.468   6.139 0.000
114.291667 115.291667  19.772   5.901 0.000
117.291667 118.291667  18.173   4.678 0.000
120.291667 121.291667  10.454   3.301 0.000
123.291667 124.291667  15.463   6.349 0.000
126.291667 127.291667  15.814   5.154 0.000
129.291667 130.291667   5.170   2.059 0.000
132.291667 133.291667  11.505   4.299 0.000
135.291667 136.291667  17.890   6.917 0.000
138.291667 139.291667   4.092   1.963 0.000
141.291667 142.291667   6.424   3.009 0.000
144.291667 145.291667 999.999 999.999 0.999
147.291667 148.291667  30.031   8.879 0.000
150.291667 151.291667  15.826   6.142 0.000
153.291667 154.291667  28.596   9.145 0.000
156.291667 157.291667  20.905   9.249 0.000
159.291667 160.291667  30.114   9.970 0.000
162.291667 163.291667  22.100   5.878 0.000
165.291667 166.291667  18.777   6.733 0.000
168.291667 169.291667  39.329  13.695 0.000
171.291667 172.291667  33.743  13.595 0.000
174.291667 175.291667  40.422  17.668 0.000
177.291667 178.291667  18.664   6.652 0.000
180.291667 181.291667  39.449  13.321 0.000
183.291667 184.291667  29.254   9.009 0.000
186.291667 187.291667  23.328   8.011 0.000
189.291667 190.291667  28.641  11.183 0.000
192.291667 193.291667  12.399   7.157 0.000
195.291667 196.291667  18.214   7.080 0.000
198.291667 199.291667   8.209   4.337 0.000
201.291667 202.291667  10.034   6.621 0.000
204.291667 205.291667   4.863   3.353 0.000
207.291667 208.291667   6.991   4.148 0.000
210.291667 211.291667   5.804   3.021 0.000
213.291667 214.291667   7.574   3.585 0.000
216.291667 217.291667   5.902   3.082 0.000
219.291667 220.291667   8.638   3.467 0.000
222.291667 223.291667   4.482   2.478 0.000
225.291667 226.291667   7.701   3.304 0.000
228.291667 229.291667  20.071   4.727 0.000
231.291667 232.291667  13.229   4.416 0.000
234.291667 235.291667   8.446   3.590 0.000
237.291667 238.291667  19.709   3.878 0.000
240.291667 241.291667   7.082   3.591 0.000
243.291667 244.291667  27.067   9.025 0.000
246.291667 247.291667  33.592  10.352 0.000
249.291667 250.291667  47.905  24.250 0.000
252.291667 253.291667  10.163   6.452 0.000
255.291667 256.291667   6.844   3.974 0.000
258.291667 259.291667  32.218   5.562 0.000
261.291667 262.291667  25.668   2.834 0.000
264.291667 265.291667  20.326   4.691 0.000
267.291667 268.291667  10.089   3.117 0.000
270.291667 271.291667  21.033   7.800 0.000
273.291667 274.291667  26.679   7.538 0.000
276.291667 277.291667  24.737   9.674 0.000
279.291667 280.291667  62.410  22.389 0.000
282.291667 283.291667  17.295   5.939 0.000
285.291667 286.291667  24.474   9.757 0.000
288.291667 289.291667  34.329  10.288 0.000
291.291667 292.291667  12.635   8.011 0.000
294.291667 295.291667  12.962   5.166 0.000
297.291667 298.291667 999.999 999.999 0.999
300.291667 301.291667  28.492  10.319 0.000
303.291667 304.291667  24.062   8.537 0.000
306.291667 307.291667   8.638   3.728 0.000
309.291667 310.291667   6.115   2.175 0.000
312.291667 313.291667  24.551  12.078 0.000
315.291667 316.291667  39.603  19.505 0.000
318.291667 319.291667  33.620  16.158 0.000
321.291667 322.291667   5.615   2.274 0.000
324.291667 325.291667   9.782   3.682 0.000
327.291667 328.291667  19.352   8.049 0.000
330.291667 331.291667  13.370   4.412 0.000
333.291667 334.291667  31.497  13.541 0.000
336.291667 337.291667  17.144   6.628 0.000
339.291667 340.291667   6.233   2.891 0.000
342.291667 343.291667  18.970   6.222 0.000
345.291667 346.291667  11.418   6.018 0.000
348.291667 349.291667  12.738   5.880 0.000
351.291667 352.291667  10.545   6.310 0.000
354.291667 355.291667  13.699   2.944 0.000
357.291667 358.291667  12.109   4.423 0.000
360.291667 361.291667   8.260   3.706 0.000
363.291667 364.291667  17.657   6.595 0.000
