scripts/IMPROVE-2019_partial/data/US0131R.20110103080000.20191216000000.filterpack...1y.3d.US03L_filterpack_US0131.US03L_IMPROVE_Davis.lev2.nas
54 1001
MISSING INFORMATION
US03L, IMPROVE, , , , , , , 
MISSING INFORMATION
IMPROVE sel_HTAP
1 1
2011 01 01 2019 12 16
3.000000
days from file reference point
5
1 1 1 1 1
999.999999 999.999 9.999 999.999 9.999
end_time of measurement, days from the file reference point
pm10_mass, ug/m3, Matrix=pm10
numflag pm10_mass, no unit, Matrix=pm10
pm25_mass, ug/m3, Matrix=pm25
numflag pm25_mass, no unit, Matrix=pm25
0
35
Data definition:              EBAS_1.1
Set type code:                TU
Timezone:                     UTC
File name:                    US0131R.20110103080000.20191216000000.filterpack...1y.3d.US03L_filterpack_US0131.US03L_IMPROVE_Davis.lev2.nas
File creation:                20191218120222
Startdate:                    20110103080000
Revision date:                20191216000000
Version:                      2
Version description:          "Data extracted from http://views.cira.colostate.edu/fed/DataWizard 2019-12-16"
Statistics:                   arithmetic mean
Data level:                   2
Period code:                  1y
Resolution code:              3d
Sample duration:              1d
Orig. time res.:              3d
Station code:                 US0131R
Platform code:                US0131S
Station name:                 Wrightwood
Station land use:             Forest
Station setting:              Rural
Station latitude:             34.37892
Station longitude:            -117.69211
Station altitude:             2106.0 m
Regime:                       IMG
Component:                    
Unit:                         ug/m3
Matrix:                       
Laboratory code:              US03L
Instrument type:              filterpack
Instrument name:              filterpack_US0131
Method ref:                   US03L_IMPROVE_Davis
Blank correction:             Blank corrected
Volume std. temperature:      ambient
Volume std. pressure:         ambient
starttime endtime PM10 flag_PM10 PM2.5 flag_PM2.5
  2.333333   3.333333   0.801 0.000   0.939 0.000
  5.333333   6.333333  35.573 0.000   4.012 0.000
  8.333333   9.333333   7.280 0.000   0.936 0.000
 11.333333  12.333333   7.549 0.000   2.266 0.000
 14.333333  15.333333  25.027 0.000   2.614 0.000
 17.333333  18.333333  15.322 0.000   2.966 0.000
 20.333333  21.333333  42.615 0.000   8.777 0.000
 23.333333  24.333333  40.292 0.000   7.816 0.000
 26.333333  27.333333  19.354 0.000   4.292 0.000
 29.333333  30.333333   2.205 0.000   1.190 0.000
 32.333333  33.333333  13.992 0.000   2.966 0.000
 35.333333  36.333333  18.007 0.000   2.845 0.000
 38.333333  39.333333  25.834 0.000   5.819 0.000
 41.333333  42.333333  25.304 0.000   4.364 0.000
 44.333333  45.333333  12.844 0.000   3.067 0.000
 47.333333  48.333333 999.999 0.999 999.999 0.999
 50.333333  51.333333   1.712 0.000   2.051 0.000
 53.333333  54.333333  12.765 0.000   4.024 0.000
 56.333333  57.333333   0.813 0.000   0.868 0.000
 59.333333  60.333333  16.316 0.000   2.146 0.000
 62.333333  63.333333  26.667 0.000   4.050 0.000
 65.333333  66.333333   8.128 0.000   2.096 0.000
 68.333333  69.333333  15.773 0.000   4.855 0.000
 71.333333  72.333333  12.232 0.000   3.334 0.000
 74.333333  75.333333  14.203 0.000   6.068 0.000
 77.333333  78.333333  10.370 0.000   3.628 0.000
 80.333333  81.333333   4.327 0.000   2.189 0.000
 83.333333  84.333333   4.240 0.000   1.568 0.000
 86.333333  87.333333   7.412 0.000   2.382 0.000
 89.333333  90.333333   7.356 0.000   1.528 0.000
 92.333333  93.333333   4.850 0.000   2.110 0.000
 95.333333  96.333333   9.402 0.000   4.521 0.000
 98.333333  99.333333   3.141 0.000   3.088 0.000
101.333333 102.333333  10.904 0.000   6.463 0.000
104.333333 105.333333  13.207 0.000   6.539 0.000
107.333333 108.333333   6.298 0.000   2.368 0.000
110.333333 111.333333   7.010 0.000   5.087 0.000
113.333333 114.333333   5.878 0.000   3.907 0.000
116.333333 117.333333   9.130 0.000   4.483 0.000
119.333333 120.333333   6.864 0.000   2.058 0.000
122.333333 123.333333   9.704 0.000   4.303 0.000
125.333333 126.333333  13.090 0.000   6.686 0.000
128.333333 129.333333   6.854 0.000   3.828 0.000
131.333333 132.333333  10.007 0.000   4.287 0.000
134.333333 135.333333   2.891 0.000   1.665 0.000
137.333333 138.333333   3.328 0.000   2.161 0.000
140.333333 141.333333   6.926 0.000   3.605 0.000
143.333333 144.333333   5.782 0.000   3.055 0.000
146.333333 147.333333   2.602 0.000   0.982 0.000
149.333333 150.333333   5.429 0.000   3.108 0.000
152.333333 153.333333   8.269 0.000   3.199 0.000
155.333333 156.333333   6.482 0.000   3.040 0.000
158.333333 159.333333   5.403 0.000   3.412 0.000
161.333333 162.333333   5.274 0.000   3.080 0.000
164.333333 165.333333   8.437 0.000   4.000 0.000
167.333333 168.333333   6.305 0.000   2.365 0.000
170.333333 171.333333  15.870 0.000   5.439 0.000
173.333333 174.333333  10.796 0.000   3.856 0.000
176.333333 177.333333   3.392 0.000   1.587 0.000
179.333333 180.333333   9.172 0.000   2.248 0.000
182.333333 183.333333  11.396 0.000   4.914 0.000
185.333333 186.333333 999.999 0.999 999.999 0.999
188.333333 189.333333  25.922 0.000  11.052 0.000
191.333333 192.333333   9.915 0.000   3.385 0.000
194.333333 195.333333  11.547 0.000   2.645 0.000
197.333333 198.333333   4.913 0.000   2.968 0.000
200.333333 201.333333  10.130 0.000   2.893 0.000
203.333333 204.333333   5.972 0.000   2.776 0.000
206.333333 207.333333   9.798 0.000   4.844 0.000
209.333333 210.333333  11.964 0.000   4.681 0.000
212.333333 213.333333   6.824 0.000   4.160 0.000
215.333333 216.333333   5.222 0.000   2.368 0.000
218.333333 219.333333   4.647 0.000   2.483 0.000
221.333333 222.333333   8.768 0.000   4.006 0.000
224.333333 225.333333   8.447 0.000   4.911 0.000
227.333333 228.333333   6.276 0.000   3.251 0.000
230.333333 231.333333  10.054 0.000   5.485 0.000
233.333333 234.333333   3.418 0.000   1.731 0.000
236.333333 237.333333 999.999 0.999   4.903 0.000
239.333333 240.333333 999.999 0.999   6.237 0.000
242.333333 243.333333   8.415 0.000   1.918 0.000
245.333333 246.333333   5.274 0.000   2.848 0.000
248.333333 249.333333  10.634 0.000   6.225 0.000
251.333333 252.333333  18.758 0.000   6.266 0.000
254.333333 255.333333   8.031 0.000   3.901 0.000
257.333333 258.333333  49.372 0.000   8.201 0.000
260.333333 261.333333   6.809 0.000   4.108 0.000
263.333333 264.333333  12.590 0.000   6.642 0.000
266.333333 267.333333   4.662 0.000   2.359 0.000
269.333333 270.333333  10.190 0.000   3.938 0.000
272.333333 273.333333   4.477 0.000   2.275 0.000
275.333333 276.333333   6.310 0.000   2.020 0.000
278.333333 279.333333   3.341 0.000   2.129 0.000
281.333333 282.333333   3.537 0.000   1.729 0.000
284.333333 285.333333   6.875 0.000   2.436 0.000
287.333333 288.333333   6.633 0.000   3.546 0.000
290.333333 291.333333   7.423 0.000   2.584 0.000
293.333333 294.333333  15.005 0.000   6.094 0.000
296.333333 297.333333   8.811 0.000   3.913 0.000
299.333333 300.333333  10.821 0.000   4.848 0.000
302.333333 303.333333   5.102 0.000   2.630 0.000
305.333333 306.333333  13.069 0.000   3.783 0.000
308.333333 309.333333   5.131 0.000   3.074 0.000
311.333333 312.333333  11.642 0.000   4.684 0.000
314.333333 315.333333  10.001 0.000   2.580 0.000
317.333333 318.333333   3.692 0.000   2.082 0.000
320.333333 321.333333   7.416 0.000   3.121 0.000
323.333333 324.333333   1.573 0.000   0.912 0.000
326.333333 327.333333   7.705 0.000   2.274 0.000
329.333333 330.333333  24.569 0.000   2.987 0.000
332.333333 333.333333   9.290 0.000   1.774 0.000
335.333333 336.333333  31.012 0.000  10.814 0.000
338.333333 339.333333  10.259 0.000   1.678 0.000
341.333333 342.333333 999.999 0.456   2.390 0.000
344.333333 345.333333  21.377 0.000   7.906 0.000
347.333333 348.333333   4.916 0.000   2.812 0.000
350.333333 351.333333   5.556 0.000   2.353 0.000
353.333333 354.333333  12.202 0.000 999.999 0.456
356.333333 357.333333 999.999 0.999 999.999 0.999
359.333333 360.333333  29.617 0.000   4.130 0.000
362.333333 363.333333  13.810 0.000   3.271 0.000
