scripts/IMPROVE-2019_partial/data/US0128R.20110103060000.20191216000000.filterpack...1y.3d.US03L_filterpack_US0128.US03L_IMPROVE_Davis.lev2.nas
54 1001
MISSING INFORMATION
US03L, IMPROVE, , , , , , , 
MISSING INFORMATION
IMPROVE sel_HTAP
1 1
2011 01 01 2019 12 16
3.00
days from file reference point
5
1 1 1 1 1
999.99 999.999 9.999 999.999 9.999
end_time of measurement, days from the file reference point
pm10_mass, ug/m3, Matrix=pm10
numflag pm10_mass, no unit, Matrix=pm10
pm25_mass, ug/m3, Matrix=pm25
numflag pm25_mass, no unit, Matrix=pm25
0
35
Data definition:              EBAS_1.1
Set type code:                TU
Timezone:                     UTC
File name:                    US0128R.20110103060000.20191216000000.filterpack...1y.3d.US03L_filterpack_US0128.US03L_IMPROVE_Davis.lev2.nas
File creation:                20191218120221
Startdate:                    20110103060000
Revision date:                20191216000000
Version:                      2
Version description:          "Data extracted from http://views.cira.colostate.edu/fed/DataWizard 2019-12-16"
Statistics:                   arithmetic mean
Data level:                   2
Period code:                  1y
Resolution code:              3d
Sample duration:              1d
Orig. time res.:              3d
Station code:                 US0128R
Platform code:                US0128S
Station name:                 Stilwell (IMPROVE)
Station land use:             Forest
Station setting:              Rural
Station latitude:             35.75078
Station longitude:            -94.66956
Station altitude:             300.0 m
Regime:                       IMG
Component:                    
Unit:                         ug/m3
Matrix:                       
Laboratory code:              US03L
Instrument type:              filterpack
Instrument name:              filterpack_US0128
Method ref:                   US03L_IMPROVE_Davis
Blank correction:             Blank corrected
Volume std. temperature:      ambient
Volume std. pressure:         ambient
starttime endtime PM10 flag_PM10 PM2.5 flag_PM2.5
  2.25   3.25   9.086 0.000   4.745 0.000
  5.25   6.25  10.489 0.000   3.852 0.000
  8.25   9.25   6.670 0.000   3.063 0.000
 11.25  12.25  13.268 0.000  11.115 0.000
 14.25  15.25  15.998 0.000  10.603 0.000
 17.25  18.25  21.128 0.000  19.287 0.000
 20.25  21.25  11.913 0.000  10.685 0.000
 23.25  24.25  20.598 0.000  17.705 0.000
 26.25  27.25  21.150 0.000   9.408 0.000
 29.25  30.25  26.939 0.000  19.225 0.000
 32.25  33.25 999.999 0.456   5.125 0.000
 35.25  36.25  11.394 0.000   9.353 0.000
 38.25  39.25   7.636 0.000   5.523 0.000
 41.25  42.25   8.712 0.000   6.326 0.000
 44.25  45.25  12.399 0.000   6.329 0.000
 47.25  48.25  14.486 0.000   9.401 0.000
 50.25  51.25  16.817 0.000  12.132 0.000
 53.25  54.25  15.579 0.000   9.360 0.000
 56.25  57.25  14.528 0.000  10.736 0.000
 59.25  60.25  11.712 0.000   8.283 0.000
 62.25  63.25  23.074 0.000  15.889 0.000
 65.25  66.25  12.002 0.000   9.194 0.000
 68.25  69.25   8.912 0.000   6.145 0.000
 71.25  72.25  22.025 0.000  14.427 0.000
 74.25  75.25  12.248 0.000   8.468 0.000
 77.25  78.25  22.617 0.000  12.847 0.000
 80.25  81.25  21.608 0.000  12.295 0.000
 83.25  84.25  35.593 0.000  22.445 0.000
 86.25  87.25  13.053 0.000  10.912 0.000
 89.25  90.25  22.115 0.000  19.826 0.000
 92.25  93.25  24.006 0.000  15.354 0.000
 95.25  96.25  20.834 0.000   7.785 0.000
 98.25  99.25  22.675 0.000  13.056 0.000
101.25 102.25  18.186 0.000  10.669 0.000
104.25 105.25  11.421 0.000   2.027 0.000
107.25 108.25  28.427 0.000  17.523 0.000
110.25 111.25 999.999 0.999 999.999 0.999
113.25 114.25 999.999 0.999 999.999 0.999
116.25 117.25   8.353 0.000   3.849 0.000
119.25 120.25  18.704 0.000   8.623 0.000
122.25 123.25  11.383 0.000   3.728 0.000
125.25 126.25  15.684 0.000   6.202 0.000
128.25 129.25  37.168 0.000  16.488 0.000
131.25 132.25  15.086 0.000   6.477 0.000
134.25 135.25   6.958 0.000   1.429 0.000
137.25 138.25  17.709 0.000   8.533 0.000
140.25 141.25  13.082 0.000   8.740 0.000
143.25 144.25 999.999 0.999  10.960 0.000
146.25 147.25  12.540 0.000   5.998 0.000
149.25 150.25  15.101 0.000   9.108 0.000
152.25 153.25  23.082 0.000  14.339 0.000
155.25 156.25  23.640 0.000  16.406 0.000
158.25 159.25  28.731 0.000  20.295 0.000
161.25 162.25  17.867 0.000  11.790 0.000
164.25 165.25  21.599 0.659  13.957 0.000
167.25 168.25 999.999 0.999 999.999 0.999
170.25 171.25 999.999 0.999 999.999 0.999
173.25 174.25  18.521 0.000   7.986 0.000
176.25 177.25  16.599 0.000   7.912 0.000
179.25 180.25  18.682 0.000   7.494 0.000
182.25 183.25  23.146 0.000  14.196 0.000
185.25 186.25  22.796 0.000  12.681 0.000
188.25 189.25  16.891 0.000   9.295 0.000
191.25 192.25  16.980 0.000   7.687 0.000
194.25 195.25  16.860 0.000   8.306 0.000
197.25 198.25  19.152 0.000  11.970 0.000
200.25 201.25  17.917 0.000   9.169 0.000
203.25 204.25  20.102 0.000  10.379 0.000
206.25 207.25  19.385 0.000   7.878 0.000
209.25 210.25  20.144 0.000  12.011 0.000
212.25 213.25  18.121 0.000   8.783 0.000
215.25 216.25  25.498 0.000  11.275 0.000
218.25 219.25  23.907 0.000   9.838 0.000
221.25 222.25 999.999 0.999 999.999 0.999
224.25 225.25 999.999 0.999 999.999 0.999
227.25 228.25 999.999 0.999 999.999 0.999
230.25 231.25  22.969 0.000  13.278 0.000
233.25 234.25  17.360 0.000  10.456 0.000
236.25 237.25  19.530 0.000   7.288 0.000
239.25 240.25  16.898 0.000   7.247 0.000
242.25 243.25  27.391 0.000  17.585 0.000
245.25 246.25  23.871 0.000  14.647 0.000
248.25 249.25  11.505 0.000   3.370 0.000
251.25 252.25  18.433 0.000   7.457 0.000
254.25 255.25  15.780 0.000   6.991 0.000
257.25 258.25  12.340 0.000   3.635 0.000
260.25 261.25  16.493 0.000  12.243 0.000
263.25 264.25  15.194 0.000   5.725 0.000
266.25 267.25  11.822 0.000   6.033 0.000
269.25 270.25  16.577 0.000   5.767 0.000
272.25 273.25  19.713 0.000   4.319 0.000
275.25 276.25  17.005 0.000   6.602 0.000
278.25 279.25  27.268 0.000  12.861 0.000
281.25 282.25  22.522 0.000   8.822 0.000
284.25 285.25  13.287 0.000   7.013 0.000
287.25 288.25  13.232 0.000   4.454 0.000
290.25 291.25  11.197 0.000   3.283 0.000
293.25 294.25  14.208 0.000   5.494 0.000
296.25 297.25   9.817 0.000   5.487 0.000
299.25 300.25   9.402 0.000   4.289 0.000
302.25 303.25 999.999 0.999   7.598 0.000
305.25 306.25  14.160 0.000   8.695 0.000
308.25 309.25  12.456 0.000   8.612 0.000
311.25 312.25 999.999 0.999   2.468 0.000
314.25 315.25   8.843 0.000   3.238 0.000
317.25 318.25  12.687 0.000   5.089 0.000
320.25 321.25   8.321 0.000   2.744 0.000
323.25 324.25  24.085 0.000  10.653 0.000
326.25 327.25  14.740 0.000  10.135 0.000
329.25 330.25  12.046 0.000   6.633 0.000
332.25 333.25  11.619 0.000   6.497 0.000
335.25 336.25  24.037 0.000  13.514 0.000
338.25 339.25  13.599 0.000  10.945 0.000
341.25 342.25   9.373 0.000   7.880 0.000
344.25 345.25  11.776 0.000  10.562 0.000
347.25 348.25   8.856 0.000   6.902 0.000
350.25 351.25  14.174 0.000  10.410 0.000
353.25 354.25   4.207 0.000   3.147 0.000
356.25 357.25  15.847 0.000  13.223 0.000
359.25 360.25   7.798 0.000   6.173 0.000
362.25 363.25   9.617 0.000   5.594 0.000
