scripts/IMPROVE-2019_partial/data/US0128R.20150103060000.20191216000000.filterpack...1y.3d.US03L_filterpack_US0128.US03L_IMPROVE_Davis.lev2.nas
54 1001
MISSING INFORMATION
US03L, IMPROVE, , , , , , , 
MISSING INFORMATION
IMPROVE sel_HTAP
1 1
2015 01 01 2019 12 16
3.00
days from file reference point
5
1 1 1 1 1
999.99 999.999 9.999 999.999 9.999
end_time of measurement, days from the file reference point
pm10_mass, ug/m3, Matrix=pm10
numflag pm10_mass, no unit, Matrix=pm10
pm25_mass, ug/m3, Matrix=pm25
numflag pm25_mass, no unit, Matrix=pm25
0
35
Data definition:              EBAS_1.1
Set type code:                TU
Timezone:                     UTC
File name:                    US0128R.20150103060000.20191216000000.filterpack...1y.3d.US03L_filterpack_US0128.US03L_IMPROVE_Davis.lev2.nas
File creation:                20191218120221
Startdate:                    20150103060000
Revision date:                20191216000000
Version:                      2
Version description:          "Data extracted from http://views.cira.colostate.edu/fed/DataWizard 2019-12-16"
Statistics:                   arithmetic mean
Data level:                   2
Period code:                  1y
Resolution code:              3d
Sample duration:              1d
Orig. time res.:              3d
Station code:                 US0128R
Platform code:                US0128S
Station name:                 Stilwell (IMPROVE)
Station land use:             Forest
Station setting:              Rural
Station latitude:             35.75078
Station longitude:            -94.66956
Station altitude:             300.0 m
Regime:                       IMG
Component:                    
Unit:                         ug/m3
Matrix:                       
Laboratory code:              US03L
Instrument type:              filterpack
Instrument name:              filterpack_US0128
Method ref:                   US03L_IMPROVE_Davis
Blank correction:             Blank corrected
Volume std. temperature:      ambient
Volume std. pressure:         ambient
starttime endtime PM10 flag_PM10 PM2.5 flag_PM2.5
  2.25   3.25   1.897 0.000   1.336 0.000
  5.25   6.25  10.998 0.000   6.579 0.000
  8.25   9.25  12.804 0.000   5.436 0.000
 11.25  12.25  12.692 0.000  10.380 0.000
 14.25  15.25  16.166 0.000  10.575 0.000
 17.25  18.25   5.316 0.000   2.586 0.000
 20.25  21.25   8.264 0.000   4.674 0.000
 23.25  24.25   9.632 0.000   6.963 0.000
 26.25  27.25  10.080 0.000   5.780 0.000
 29.25  30.25   9.429 0.000   4.522 0.000
 32.25  33.25   6.154 0.000   4.656 0.000
 35.25  36.25   8.363 0.000   6.382 0.000
 38.25  39.25  10.102 0.000   6.131 0.000
 41.25  42.25  19.779 0.000  12.529 0.000
 44.25  45.25  22.039 0.000  13.804 0.000
 47.25  48.25  14.941 0.000 999.999 0.456
 50.25  51.25  13.396 0.000   8.613 0.000
 53.25  54.25   8.755 0.000   5.908 0.000
 56.25  57.25  14.162 0.000   8.560 0.000
 59.25  60.25  12.751 0.000  11.863 0.000
 62.25  63.25   6.856 0.000   5.528 0.000
 65.25  66.25   6.739 0.000   3.798 0.000
 68.25  69.25   4.229 0.000   3.187 0.000
 71.25  72.25   5.298 0.000   4.197 0.000
 74.25  75.25   7.616 0.000   4.693 0.000
 77.25  78.25   5.262 0.000   4.367 0.000
 80.25  81.25   6.645 0.000   4.689 0.000
 83.25  84.25  12.617 0.000   7.577 0.000
 86.25  87.25   6.980 0.000   4.426 0.000
 89.25  90.25  26.091 0.000  15.515 0.000
 92.25  93.25  12.113 0.000   6.383 0.000
 95.25  96.25  11.467 0.000   7.591 0.000
 98.25  99.25  20.126 0.000   7.711 0.000
101.25 102.25  18.868 0.000   7.175 0.000
104.25 105.25   7.563 0.000   3.703 0.000
107.25 108.25   8.063 0.000   3.597 0.000
110.25 111.25   8.973 0.000   3.712 0.000
113.25 114.25   9.330 0.000   4.024 0.000
116.25 117.25   9.845 0.000   4.683 0.000
119.25 120.25  17.114 0.000   5.846 0.000
122.25 123.25  20.585 0.000  11.491 0.000
125.25 126.25  14.323 0.000   6.290 0.000
128.25 129.25   6.361 0.000   2.175 0.000
131.25 132.25   8.536 0.000   3.600 0.000
134.25 135.25  19.497 0.000  10.043 0.000
137.25 138.25   9.199 0.000   4.249 0.000
140.25 141.25   5.190 0.000   2.395 0.000
143.25 144.25   3.771 0.000   1.847 0.000
146.25 147.25  10.834 0.000   5.352 0.000
149.25 150.25   6.886 0.000   2.845 0.000
152.25 153.25  10.564 0.000   6.161 0.000
155.25 156.25  17.253 0.000  11.460 0.000
158.25 159.25  14.093 0.000   7.853 0.000
161.25 162.25  19.811 0.000  11.793 0.000
164.25 165.25  14.733 0.000   5.957 0.000
167.25 168.25  32.196 0.000  12.267 0.000
170.25 171.25  24.225 0.000  11.296 0.000
173.25 174.25  54.233 0.000  18.736 0.000
176.25 177.25  14.552 0.000   6.447 0.000
179.25 180.25  14.749 0.000   6.869 0.000
182.25 183.25  17.239 0.000   6.427 0.000
185.25 186.25  22.175 0.000  10.500 0.000
188.25 189.25  17.803 0.000   8.211 0.000
191.25 192.25  38.309 0.000  16.948 0.000
194.25 195.25  31.502 0.000  13.337 0.000
197.25 198.25  18.903 0.000   7.214 0.000
200.25 201.25  20.685 0.000   9.718 0.000
203.25 204.25  31.158 0.000  11.537 0.000
206.25 207.25  26.951 0.000  11.746 0.000
209.25 210.25  31.631 0.000  12.863 0.000
212.25 213.25  16.053 0.000   6.430 0.000
215.25 216.25  24.857 0.000  11.399 0.000
218.25 219.25  28.258 0.000  12.344 0.000
221.25 222.25  24.765 0.000   8.832 0.000
224.25 225.25  13.572 0.000   6.284 0.000
227.25 228.25  20.776 0.000  12.312 0.000
230.25 231.25   8.033 0.000   3.233 0.000
233.25 234.25  12.167 0.000   6.141 0.000
236.25 237.25  11.505 0.000   4.246 0.000
239.25 240.25  22.893 0.000  10.015 0.000
242.25 243.25  23.506 0.000  15.650 0.000
245.25 246.25  30.620 0.000  11.713 0.000
248.25 249.25  19.048 0.000  11.523 0.000
251.25 252.25  11.676 0.000   5.148 0.000
254.25 255.25   8.535 0.000   2.823 0.000
257.25 258.25  20.281 0.000   8.902 0.000
260.25 261.25  15.418 0.000   7.353 0.000
263.25 264.25  11.448 0.000   4.851 0.000
266.25 267.25  21.692 0.000  11.454 0.000
269.25 270.25  14.770 0.000   8.686 0.000
272.25 273.25 999.999 0.999 999.999 0.999
275.25 276.25 999.999 0.999 999.999 0.999
278.25 279.25 999.999 0.999 999.999 0.999
281.25 282.25 999.999 0.999 999.999 0.999
284.25 285.25  20.464 0.000   7.995 0.000
287.25 288.25  23.872 0.000   8.644 0.000
290.25 291.25  20.274 0.000   6.943 0.000
293.25 294.25  21.400 0.000   8.408 0.000
296.25 297.25   6.126 0.000   2.171 0.000
299.25 300.25   2.682 0.000   1.615 0.000
302.25 303.25   7.926 0.000   3.767 0.000
305.25 306.25   9.618 0.000   5.899 0.000
308.25 309.25   6.814 0.000   3.908 0.000
311.25 312.25   7.936 0.000   5.110 0.000
314.25 315.25  18.999 0.000   7.383 0.000
317.25 318.25   9.076 0.000   4.424 0.000
320.25 321.25   4.830 0.000   2.239 0.000
323.25 324.25   7.694 0.000   2.687 0.000
326.25 327.25   8.062 0.000   4.502 0.000
329.25 330.25   9.519 0.000   5.223 0.000
332.25 333.25   2.916 0.000   1.329 0.000
335.25 336.25   5.815 0.000   3.730 0.000
338.25 339.25   7.634 0.000   5.544 0.000
341.25 342.25  10.512 0.000   5.456 0.000
344.25 345.25  15.579 0.000  10.940 0.000
347.25 348.25   3.108 0.000   1.672 0.000
350.25 351.25   6.064 0.000   3.632 0.000
353.25 354.25   8.116 0.000   4.832 0.000
356.25 357.25   9.545 0.000   3.860 0.000
359.25 360.25   6.216 0.000   3.438 0.000
362.25 363.25   8.951 0.000   6.871 0.000
