scripts/IMPROVE-2019_partial/data/US0112R.20170101070000.20191216000000.filterpack...52w.3d.US03L_filterpack_US0112.US03L_IMPROVE_Davis.lev2.nas
54 1001
MISSING INFORMATION
US03L, IMPROVE, , , , , , , 
MISSING INFORMATION
IMPROVE sel_HTAP
1 1
2017 01 01 2019 12 16
3.000000
days from file reference point
5
1 1 1 1 1
999.999999 999.999 9.999 999.999 9.999
end_time of measurement, days from the file reference point
pm10_mass, ug/m3, Matrix=pm10
numflag pm10_mass, no unit, Matrix=pm10
pm25_mass, ug/m3, Matrix=pm25
numflag pm25_mass, no unit, Matrix=pm25
0
35
Data definition:              EBAS_1.1
Set type code:                TU
Timezone:                     UTC
File name:                    US0112R.20170101070000.20191216000000.filterpack...52w.3d.US03L_filterpack_US0112.US03L_IMPROVE_Davis.lev2.nas
File creation:                20191218120213
Startdate:                    20170101070000
Revision date:                20191216000000
Version:                      2
Version description:          "Data extracted from http://views.cira.colostate.edu/fed/DataWizard 2019-12-16"
Statistics:                   arithmetic mean
Data level:                   2
Period code:                  52w
Resolution code:              3d
Sample duration:              1d
Orig. time res.:              3d
Station code:                 US0112R
Platform code:                US0112S
Station name:                 Breton Island
Station land use:             Wetland
Station setting:              Coastal
Station latitude:             30.10863
Station longitude:            -89.76168
Station altitude:             -7.0 m
Regime:                       IMG
Component:                    
Unit:                         ug/m3
Matrix:                       
Laboratory code:              US03L
Instrument type:              filterpack
Instrument name:              filterpack_US0112
Method ref:                   US03L_IMPROVE_Davis
Blank correction:             Blank corrected
Volume std. temperature:      ambient
Volume std. pressure:         ambient
starttime endtime PM10 flag_PM10 PM2.5 flag_PM2.5
  0.291667   1.291667   8.563 0.000   4.594 0.000
  3.291667   4.291667   5.866 0.000   5.121 0.000
  6.291667   7.291667   4.794 0.000   5.197 0.000
  9.291667  10.291667   3.429 0.000   3.600 0.000
 12.291667  13.291667   2.794 0.000   2.667 0.000
 15.291667  16.291667   3.228 0.000   3.380 0.000
 18.291667  19.291667   3.684 0.000   3.616 0.000
 21.291667  22.291667   8.048 0.000   6.929 0.000
 24.291667  25.291667   4.595 0.000   4.026 0.000
 27.291667  28.291667   5.038 0.000   4.093 0.000
 30.291667  31.291667   3.646 0.000   2.675 0.000
 33.291667  34.291667   8.708 0.000   7.783 0.000
 36.291667  37.291667   5.367 0.000   5.240 0.000
 39.291667  40.291667 999.999 0.999 999.999 0.999
 42.291667  43.291667 999.999 0.999 999.999 0.999
 45.291667  46.291667 999.999 0.456   4.187 0.000
 48.291667  49.291667 999.999 0.456   2.855 0.000
 51.291667  52.291667   4.976 0.000   2.524 0.000
 54.291667  55.291667   9.144 0.000   3.899 0.000
 57.291667  58.291667  20.850 0.000   7.755 0.000
 60.291667  61.291667   5.724 0.000   2.776 0.000
 63.291667  64.291667  26.592 0.000   8.950 0.000
 66.291667  67.291667   5.580 0.000   2.253 0.000
 69.291667  70.291667  11.891 0.000   6.075 0.000
 72.291667  73.291667   5.425 0.000   3.643 0.000
 75.291667  76.291667   4.777 0.000   2.782 0.000
 78.291667  79.291667  11.066 0.000   7.349 0.000
 81.291667  82.291667  20.208 0.000  13.711 0.000
 84.291667  85.291667  14.046 0.000   7.211 0.000
 87.291667  88.291667  13.397 0.000   4.852 0.000
 90.291667  91.291667   6.879 0.000   3.863 0.000
 93.291667  94.291667  11.861 0.000   5.931 0.000
 96.291667  97.291667   6.739 0.000   3.755 0.000
 99.291667 100.291667  11.235 0.000   5.519 0.000
102.291667 103.291667  13.169 0.000   7.059 0.000
105.291667 106.291667  13.935 0.000   5.409 0.000
108.291667 109.291667  16.670 0.000   7.560 0.000
111.291667 112.291667  11.502 0.000   5.211 0.000
114.291667 115.291667   7.548 0.000   4.341 0.000
117.291667 118.291667  22.692 0.000  12.654 0.000
120.291667 121.291667   8.042 0.000   3.394 0.000
123.291667 124.291667   6.788 0.000   2.485 0.000
126.291667 127.291667  11.859 0.000   7.393 0.000
129.291667 130.291667  10.639 0.000   7.857 0.000
132.291667 133.291667   6.741 0.000   3.966 0.000
135.291667 136.291667   8.090 0.000   5.571 0.000
138.291667 139.291667  18.475 0.000   8.801 0.000
141.291667 142.291667   5.739 0.000   2.551 0.000
144.291667 145.291667   9.475 0.000   4.762 0.000
147.291667 148.291667  54.888 0.000  21.966 0.000
150.291667 151.291667  11.748 0.000   4.823 0.000
153.291667 154.291667  19.634 0.000   9.123 0.000
156.291667 157.291667   6.101 0.000   1.504 0.000
159.291667 160.291667  10.494 0.000   6.834 0.000
162.291667 163.291667  10.835 0.000   4.678 0.659
165.291667 166.291667 999.999 0.999 999.999 0.456
168.291667 169.291667 999.999 0.999 999.999 0.456
171.291667 172.291667 999.999 0.999 999.999 0.456
174.291667 175.291667 999.999 0.999 999.999 0.456
177.291667 178.291667  12.432 0.000   7.126 0.000
180.291667 181.291667  60.070 0.000  20.561 0.000
183.291667 184.291667  13.427 0.000   6.048 0.659
186.291667 187.291667  10.359 0.000   4.272 0.000
189.291667 190.291667  11.226 0.000   7.919 0.000
192.291667 193.291667   6.745 0.000   3.225 0.000
195.291667 196.291667   6.341 0.000   2.760 0.000
198.291667 199.291667   4.301 0.000   1.774 0.000
201.291667 202.291667  12.771 0.000   9.315 0.000
204.291667 205.291667  30.213 0.000  12.442 0.000
207.291667 208.291667  39.729 0.000  16.987 0.000
210.291667 211.291667  14.120 0.000   8.739 0.000
213.291667 214.291667  11.108 0.000   6.577 0.000
216.291667 217.291667  10.017 0.000   3.653 0.000
219.291667 220.291667  19.636 0.000   7.552 0.000
222.291667 223.291667  10.513 0.000   5.489 0.000
225.291667 226.291667   9.376 0.000   4.261 0.000
228.291667 229.291667  17.987 0.000   7.148 0.000
231.291667 232.291667  13.693 0.000   7.823 0.000
234.291667 235.291667   6.897 0.000   3.974 0.000
237.291667 238.291667  16.965 0.000  12.476 0.000
240.291667 241.291667  13.479 0.000   7.462 0.000
243.291667 244.291667  12.055 0.000 999.999 0.456
246.291667 247.291667  13.148 0.000 999.999 0.456
249.291667 250.291667  23.399 0.000 999.999 0.456
252.291667 253.291667  17.197 0.000 999.999 0.456
255.291667 256.291667  12.689 0.000   6.965 0.000
258.291667 259.291667   4.485 0.000   1.650 0.000
261.291667 262.291667   7.953 0.000   5.675 0.000
264.291667 265.291667  11.665 0.000   8.374 0.000
267.291667 268.291667   8.251 0.000   4.726 0.000
270.291667 271.291667  12.931 0.000   9.427 0.000
273.291667 274.291667  11.149 0.000   6.961 0.000
276.291667 277.291667 999.999 0.999 999.999 0.999
279.291667 280.291667 999.999 0.999 999.999 0.999
282.291667 283.291667 999.999 0.999 999.999 0.999
285.291667 286.291667  14.954 0.000   9.582 0.000
288.291667 289.291667   7.619 0.000   3.177 0.000
291.291667 292.291667  13.635 0.000   5.998 0.000
294.291667 295.291667   9.014 0.000   2.841 0.000
297.291667 298.291667   9.110 0.000   2.822 0.000
300.291667 301.291667   5.471 0.000   2.327 0.000
303.291667 304.291667   5.624 0.000   2.680 0.000
306.291667 307.291667   5.946 0.000   3.004 0.000
309.291667 310.291667   6.604 0.000   3.596 0.000
312.291667 313.291667   5.595 0.000   3.591 0.000
315.291667 316.291667   9.159 0.000   6.814 0.000
318.291667 319.291667  12.290 0.000   8.179 0.000
321.291667 322.291667  10.463 0.000   4.589 0.000
324.291667 325.291667   8.759 0.000   5.835 0.000
327.291667 328.291667   7.411 0.000   5.439 0.000
330.291667 331.291667   6.459 0.000   3.482 0.000
333.291667 334.291667   8.965 0.000   6.824 0.000
336.291667 337.291667  15.810 0.000  13.174 0.000
339.291667 340.291667   4.017 0.000   2.123 0.000
342.291667 343.291667   7.415 0.000   4.099 0.000
345.291667 346.291667  11.207 0.000   3.662 0.000
348.291667 349.291667  11.976 0.000   7.230 0.000
351.291667 352.291667   1.699 0.000   1.183 0.000
354.291667 355.291667   9.387 0.000   6.320 0.000
357.291667 358.291667   5.087 0.000   3.065 0.000
360.291667 361.291667   4.726 0.000   3.385 0.000
363.291667 364.291667   5.767 0.000   4.227 0.000
