scripts/IMPROVE-2019_partial/data/US0122R.20160101080000.20191216000000.filterpack...52w.3d.US03L_filterpack_US0122.US03L_IMPROVE_Davis.lev2.nas
54 1001
MISSING INFORMATION
US03L, IMPROVE, , , , , , , 
MISSING INFORMATION
IMPROVE sel_HTAP
1 1
2016 01 01 2019 12 16
3.000000
days from file reference point
5
1 1 1 1 1
999.999999 999.999 9.999 99.999 9.999
end_time of measurement, days from the file reference point
pm10_mass, ug/m3, Matrix=pm10
numflag pm10_mass, no unit, Matrix=pm10
pm25_mass, ug/m3, Matrix=pm25
numflag pm25_mass, no unit, Matrix=pm25
0
35
Data definition:              EBAS_1.1
Set type code:                TU
Timezone:                     UTC
File name:                    US0122R.20160101080000.20191216000000.filterpack...52w.3d.US03L_filterpack_US0122.US03L_IMPROVE_Davis.lev2.nas
File creation:                20191218120218
Startdate:                    20160101080000
Revision date:                20191216000000
Version:                      2
Version description:          "Data extracted from http://views.cira.colostate.edu/fed/DataWizard 2019-12-16"
Statistics:                   arithmetic mean
Data level:                   2
Period code:                  52w
Resolution code:              3d
Sample duration:              1d
Orig. time res.:              3d
Station code:                 US0122R
Platform code:                US0122S
Station name:                 Makah Tribe Site #2
Station land use:             Forest
Station setting:              Coastal
Station latitude:             48.29782
Station longitude:            -124.62488
Station altitude:             480.0 m
Regime:                       IMG
Component:                    
Unit:                         ug/m3
Matrix:                       
Laboratory code:              US03L
Instrument type:              filterpack
Instrument name:              filterpack_US0122
Method ref:                   US03L_IMPROVE_Davis
Blank correction:             Blank corrected
Volume std. temperature:      ambient
Volume std. pressure:         ambient
starttime endtime PM10 flag_PM10 PM2.5 flag_PM2.5
  0.333333   1.333333 999.999 0.999 99.999 0.999
  3.333333   4.333333 999.999 0.999 99.999 0.999
  6.333333   7.333333   2.894 0.000  1.693 0.000
  9.333333  10.333333   3.819 0.000  3.081 0.000
 12.333333  13.333333   3.165 0.000  1.886 0.000
 15.333333  16.333333   0.249 0.000  0.242 0.000
 18.333333  19.333333   1.916 0.000  1.243 0.000
 21.333333  22.333333   0.664 0.000  0.393 0.000
 24.333333  25.333333   2.423 0.000  1.598 0.000
 27.333333  28.333333   1.662 0.000  1.329 0.000
 30.333333  31.333333   0.459 0.000  0.242 0.000
 33.333333  34.333333   0.794 0.000  0.663 0.000
 36.333333  37.333333   2.809 0.000  1.186 0.000
 39.333333  40.333333   4.336 0.000  2.334 0.000
 42.333333  43.333333   0.332 0.000 99.999 0.259
 45.333333  46.333333 999.999 0.259  0.104 0.000
 48.333333  49.333333   0.538 0.000  0.276 0.000
 51.333333  52.333333   2.645 0.000  1.538 0.000
 54.333333  55.333333   6.300 0.000  2.838 0.000
 57.333333  58.333333   2.238 0.000  1.263 0.000
 60.333333  61.333333   0.751 0.000  0.368 0.000
 63.333333  64.333333   2.615 0.000  1.420 0.000
 66.333333  67.333333   3.361 0.000  1.874 0.000
 69.333333  70.333333   1.830 0.000  1.170 0.000
 72.333333  73.333333   0.874 0.000  0.492 0.000
 75.333333  76.333333   6.204 0.000  2.455 0.000
 78.333333  79.333333   3.942 0.000  2.341 0.000
 81.333333  82.333333   0.313 0.000  0.194 0.000
 84.333333  85.333333   4.963 0.000  2.220 0.000
 87.333333  88.333333   3.785 0.000  1.403 0.000
 90.333333  91.333333   3.249 0.000  2.024 0.000
 93.333333  94.333333   3.931 0.000  2.095 0.000
 96.333333  97.333333   3.703 0.000  1.868 0.000
 99.333333 100.333333   6.602 0.000  3.813 0.000
102.333333 103.333333   3.757 0.000  2.327 0.000
105.333333 106.333333   6.113 0.000  2.971 0.000
108.333333 109.333333   9.467 0.000  4.361 0.000
111.333333 112.333333   6.841 0.000  2.900 0.000
114.333333 115.333333  10.501 0.000  3.865 0.000
117.333333 118.333333   3.982 0.000  2.496 0.000
120.333333 121.333333  10.077 0.000  4.738 0.000
123.333333 124.333333   1.970 0.000  1.658 0.000
126.333333 127.333333   5.518 0.000  2.453 0.000
129.333333 130.333333   9.208 0.000  4.020 0.000
132.333333 133.333333   8.161 0.000  4.354 0.000
135.333333 136.333333   0.744 0.000  0.480 0.000
138.333333 139.333333   1.819 0.000  1.050 0.000
141.333333 142.333333   9.910 0.000  5.668 0.000
144.333333 145.333333   3.002 0.000  1.467 0.000
147.333333 148.333333   3.524 0.000  1.606 0.000
150.333333 151.333333   5.683 0.000  2.870 0.000
153.333333 154.333333   1.857 0.000  0.725 0.000
156.333333 157.333333   6.922 0.000  3.945 0.000
159.333333 160.333333   3.421 0.000  1.899 0.000
162.333333 163.333333   0.992 0.000  0.420 0.000
165.333333 166.333333   1.891 0.000  0.525 0.000
168.333333 169.333333   2.730 0.000  1.734 0.000
171.333333 172.333333   2.837 0.000  1.799 0.000
174.333333 175.333333   2.021 0.000  0.661 0.000
177.333333 178.333333   2.666 0.000  1.707 0.000
180.333333 181.333333   1.072 0.000  0.329 0.000
183.333333 184.333333   2.182 0.000  1.082 0.000
186.333333 187.333333   1.359 0.000  0.401 0.000
189.333333 190.333333   1.150 0.000  0.541 0.000
192.333333 193.333333   2.061 0.000  0.868 0.000
195.333333 196.333333   2.056 0.000  0.900 0.000
198.333333 199.333333   3.200 0.000  1.897 0.000
201.333333 202.333333   2.065 0.000  0.813 0.000
204.333333 205.333333   2.277 0.000  1.073 0.000
207.333333 208.333333   1.020 0.000  0.184 0.000
210.333333 211.333333   9.930 0.000  5.965 0.000
213.333333 214.333333   1.619 0.000  0.872 0.000
216.333333 217.333333   6.665 0.000  4.080 0.000
219.333333 220.333333   4.277 0.000  2.343 0.000
222.333333 223.333333   3.810 0.000  1.019 0.000
225.333333 226.333333   7.244 0.000  3.937 0.000
228.333333 229.333333   3.510 0.000  1.884 0.000
231.333333 232.333333   7.474 0.000  4.393 0.000
234.333333 235.333333   7.170 0.000  4.705 0.000
237.333333 238.333333   5.571 0.000  3.826 0.000
240.333333 241.333333   4.574 0.000  2.608 0.000
243.333333 244.333333   1.081 0.000  0.758 0.000
246.333333 247.333333   2.415 0.000  1.457 0.000
249.333333 250.333333   1.553 0.000  1.005 0.000
252.333333 253.333333   7.282 0.000  3.734 0.000
255.333333 256.333333   4.052 0.000  1.803 0.000
258.333333 259.333333   4.748 0.000  2.560 0.000
261.333333 262.333333   2.059 0.000  1.119 0.000
264.333333 265.333333   3.528 0.000  1.658 0.000
267.333333 268.333333   4.425 0.000  1.942 0.000
270.333333 271.333333   1.983 0.000  0.833 0.000
273.333333 274.333333   4.220 0.000  2.264 0.000
276.333333 277.333333   2.549 0.000  1.454 0.000
279.333333 280.333333   6.000 0.000  2.821 0.000
282.333333 283.333333   4.212 0.000  1.865 0.000
285.333333 286.333333 999.999 0.456  4.257 0.000
288.333333 289.333333 999.999 0.999 99.999 0.999
291.333333 292.333333   2.313 0.000  1.799 0.000
294.333333 295.333333   3.512 0.000  2.243 0.000
297.333333 298.333333 999.999 0.456  4.226 0.000
300.333333 301.333333   1.338 0.000  0.396 0.000
303.333333 304.333333   2.603 0.000  1.618 0.000
306.333333 307.333333   1.588 0.000  1.064 0.000
309.333333 310.333333   1.075 0.000  0.273 0.000
312.333333 313.333333   1.327 0.000  0.655 0.000
315.333333 316.333333   4.522 0.000  2.461 0.000
318.333333 319.333333   4.138 0.000  1.899 0.000
321.333333 322.333333   2.205 0.000  1.386 0.000
324.333333 325.333333   0.557 0.000  0.274 0.000
327.333333 328.333333   0.847 0.000  0.547 0.000
330.333333 331.333333   0.842 0.000  0.245 0.000
333.333333 334.333333   5.847 0.000  2.902 0.000
336.333333 337.333333   1.483 0.000  0.906 0.000
339.333333 340.333333   0.425 0.000 99.999 0.259
342.333333 343.333333   4.282 0.000  2.247 0.000
345.333333 346.333333   1.103 0.000  0.516 0.000
348.333333 349.333333 999.999 0.999 99.999 0.999
351.333333 352.333333 999.999 0.999 99.999 0.999
354.333333 355.333333 999.999 0.999 99.999 0.999
357.333333 358.333333 999.999 0.999 99.999 0.999
360.333333 361.333333 999.999 0.999 99.999 0.999
363.333333 364.333333   1.272 0.000  0.666 0.000
