scripts/IMPROVE-2019_partial/data/US0128R.20100423060000.20191216000000.filterpack...8mo.3d.US03L_filterpack_US0128.US03L_IMPROVE_Davis.lev2.nas
53 1001
MISSING INFORMATION
US03L, IMPROVE, , , , , , , 
MISSING INFORMATION
IMPROVE sel_HTAP
1 1
2010 01 01 2019 12 16
3.00
days from file reference point
4
1 1 1 1
999.99 999.999 999.999 9.999
end_time of measurement, days from the file reference point
pm10_mass, ug/m3, Matrix=pm10
pm25_mass, ug/m3, Matrix=pm25
numflag, no unit
0
35
Data definition:              EBAS_1.1
Set type code:                TU
Timezone:                     UTC
File name:                    US0128R.20100423060000.20191216000000.filterpack...8mo.3d.US03L_filterpack_US0128.US03L_IMPROVE_Davis.lev2.nas
File creation:                20191218120221
Startdate:                    20100423060000
Revision date:                20191216000000
Version:                      2
Version description:          "Data extracted from http://views.cira.colostate.edu/fed/DataWizard 2019-12-16"
Statistics:                   arithmetic mean
Data level:                   2
Period code:                  8mo
Resolution code:              3d
Sample duration:              1d
Orig. time res.:              3d
Station code:                 US0128R
Platform code:                US0128S
Station name:                 Stilwell (IMPROVE)
Station land use:             Forest
Station setting:              Rural
Station latitude:             35.75078
Station longitude:            -94.66956
Station altitude:             300.0 m
Regime:                       IMG
Component:                    
Unit:                         ug/m3
Matrix:                       
Laboratory code:              US03L
Instrument type:              filterpack
Instrument name:              filterpack_US0128
Method ref:                   US03L_IMPROVE_Davis
Blank correction:             Blank corrected
Volume std. temperature:      ambient
Volume std. pressure:         ambient
starttime endtime PM10 PM2.5 flag
112.25 113.25 999.999 999.999 0.999
115.25 116.25   9.399   3.901 0.000
118.25 119.25  26.654   8.880 0.000
121.25 122.25  10.243   4.430 0.000
124.25 125.25  23.204   7.948 0.000
127.25 128.25  10.110   3.472 0.000
130.25 131.25  23.510  14.950 0.000
133.25 134.25   8.909   2.602 0.000
136.25 137.25   5.939   2.990 0.000
139.25 140.25   7.082   3.454 0.000
142.25 143.25  11.405   7.391 0.000
145.25 146.25  17.703  11.423 0.000
148.25 149.25  17.886  12.919 0.000
151.25 152.25  24.307  11.385 0.000
154.25 155.25  18.756  12.222 0.000
157.25 158.25   9.584   4.943 0.000
160.25 161.25  15.649   9.831 0.000
163.25 164.25  16.211  10.064 0.000
166.25 167.25  13.655   8.018 0.000
169.25 170.25  13.983   9.063 0.000
172.25 173.25  21.600  14.944 0.000
175.25 176.25  14.342  10.562 0.000
178.25 179.25   9.673   5.879 0.000
181.25 182.25  19.369  11.614 0.000
184.25 185.25  19.698  11.044 0.000
187.25 188.25   9.635   4.334 0.000
190.25 191.25  10.452   5.481 0.000
193.25 194.25  19.221   9.329 0.000
196.25 197.25  16.761   7.081 0.000
199.25 200.25  27.956  15.856 0.000
202.25 203.25  25.128  12.063 0.000
205.25 206.25  12.102   5.105 0.000
208.25 209.25  11.675   8.110 0.000
211.25 212.25  23.786  10.794 0.000
214.25 215.25  18.448   9.585 0.000
217.25 218.25  11.835   6.812 0.000
220.25 221.25  13.001   7.810 0.000
223.25 224.25  19.495  11.917 0.000
226.25 227.25  13.616   7.237 0.000
229.25 230.25  21.983  13.520 0.000
232.25 233.25  15.869   6.454 0.000
235.25 236.25  29.480  14.783 0.000
238.25 239.25  24.081   9.344 0.000
241.25 242.25  13.363   7.288 0.000
244.25 245.25  15.159   7.142 0.000
247.25 248.25  12.235   6.120 0.000
250.25 251.25   8.756   4.350 0.000
253.25 254.25  13.625   6.819 0.000
256.25 257.25 999.999 999.999 0.999
259.25 260.25  17.740  10.035 0.000
262.25 263.25  20.455  15.280 0.000
265.25 266.25  14.213   9.623 0.000
268.25 269.25   5.469   3.427 0.000
271.25 272.25   9.109   5.262 0.000
274.25 275.25  12.277   4.311 0.000
277.25 278.25  13.752   8.071 0.000
280.25 281.25  15.815  10.186 0.000
283.25 284.25   9.834   6.657 0.000
286.25 287.25  11.105   4.079 0.000
289.25 290.25  16.714  10.234 0.000
292.25 293.25   9.516   6.242 0.000
295.25 296.25  12.661   9.932 0.000
298.25 299.25   6.910   2.481 0.000
301.25 302.25  11.938   3.669 0.000
304.25 305.25  18.884  12.377 0.000
307.25 308.25  12.354   2.032 0.000
310.25 311.25  13.563   7.112 0.000
313.25 314.25  18.333  11.055 0.000
316.25 317.25   4.242   3.012 0.000
319.25 320.25   6.431   4.948 0.000
322.25 323.25   9.621   7.098 0.000
325.25 326.25  13.344   7.724 0.000
328.25 329.25  10.233   6.838 0.000
331.25 332.25   8.711   5.353 0.000
334.25 335.25  10.240   6.114 0.000
337.25 338.25  19.634  11.214 0.000
340.25 341.25  19.637  13.355 0.000
343.25 344.25  18.815  14.287 0.000
346.25 347.25   8.866   4.670 0.000
349.25 350.25  31.702  20.554 0.000
352.25 353.25  20.916  15.351 0.000
355.25 356.25  25.290  15.675 0.000
358.25 359.25  11.537  11.161 0.000
361.25 362.25  12.398   8.403 0.000
364.25 365.25  11.589   5.196 0.000
