scripts/IMPROVE-2019_partial/data/US0112R.20090101070000.20191216000000.filterpack.pm10_mass.pm10.52w.3d.US03L_filterpack_US0112_2.US03L_IMPROVE_Davis.lev2.nas
52 1001
MISSING INFORMATION
US03L, IMPROVE, , , , , , , 
MISSING INFORMATION
IMPROVE sel_HTAP
1 1
2009 01 01 2019 12 16
3.000000
days from file reference point
3
1 1 1
999.999999 999.999 9.999
end_time of measurement, days from the file reference point
pm10_mass, ug/m3
numflag pm10_mass, no unit
0
35
Data definition:              EBAS_1.1
Set type code:                TU
Timezone:                     UTC
File name:                    US0112R.20090101070000.20191216000000.filterpack.pm10_mass.pm10.52w.3d.US03L_filterpack_US0112_2.US03L_IMPROVE_Davis.lev2.nas
File creation:                20191218120213
Startdate:                    20090101070000
Revision date:                20191216000000
Version:                      2
Version description:          "Data extracted from http://views.cira.colostate.edu/fed/DataWizard 2019-12-16"
Statistics:                   arithmetic mean
Data level:                   2
Period code:                  52w
Resolution code:              3d
Sample duration:              1d
Orig. time res.:              3d
Station code:                 US0112R
Platform code:                US0112S
Station name:                 Breton Island
Station land use:             Wetland
Station setting:              Coastal
Station latitude:             30.10863
Station longitude:            -89.76168
Station altitude:             -7.0 m
Regime:                       IMG
Component:                    pm10_mass
Unit:                         ug/m3
Matrix:                       pm10
Laboratory code:              US03L
Instrument type:              filterpack
Instrument name:              filterpack_US0112_2
Method ref:                   US03L_IMPROVE_Davis
Blank correction:             Blank corrected
Volume std. temperature:      ambient
Volume std. pressure:         ambient
starttime endtime PM10 flag_PM10
  0.291667   1.291667  12.508 0.000
  3.291667   4.291667   5.394 0.000
  6.291667   7.291667   7.210 0.000
  9.291667  10.291667  13.365 0.000
 12.291667  13.291667  14.155 0.000
 15.291667  16.291667   7.534 0.000
 18.291667  19.291667  10.126 0.000
 21.291667  22.291667   9.340 0.000
 24.291667  25.291667  24.265 0.000
 27.291667  28.291667   6.227 0.000
 30.291667  31.291667  23.294 0.000
 33.291667  34.291667   5.765 0.000
 36.291667  37.291667   6.343 0.000
 39.291667  40.291667  11.273 0.000
 42.291667  43.291667  18.079 0.000
 45.291667  46.291667  14.195 0.000
 48.291667  49.291667  18.467 0.000
 51.291667  52.291667   8.255 0.000
 54.291667  55.291667  17.853 0.000
 57.291667  58.291667  23.687 0.000
 60.291667  61.291667   9.421 0.000
 63.291667  64.291667  11.696 0.000
 66.291667  67.291667  19.280 0.000
 69.291667  70.291667  13.021 0.000
 72.291667  73.291667  11.642 0.000
 75.291667  76.291667  10.955 0.000
 78.291667  79.291667  18.906 0.000
 81.291667  82.291667  17.129 0.000
 84.291667  85.291667  14.893 0.000
 87.291667  88.291667   6.957 0.000
 90.291667  91.291667  15.108 0.000
 93.291667  94.291667  14.215 0.000
 96.291667  97.291667  11.784 0.000
 99.291667 100.291667  34.121 0.000
102.291667 103.291667  19.473 0.000
105.291667 106.291667  14.259 0.000
108.291667 109.291667  16.450 0.000
111.291667 112.291667  15.080 0.000
114.291667 115.291667  17.108 0.000
117.291667 118.291667  19.353 0.000
120.291667 121.291667  16.449 0.000
123.291667 124.291667  11.816 0.000
126.291667 127.291667  18.310 0.000
129.291667 130.291667  14.846 0.000
132.291667 133.291667  13.971 0.000
135.291667 136.291667   9.577 0.000
138.291667 139.291667  13.163 0.000
141.291667 142.291667   9.370 0.000
144.291667 145.291667 999.999 0.999
147.291667 148.291667  16.267 0.000
150.291667 151.291667  12.892 0.000
153.291667 154.291667   8.125 0.000
156.291667 157.291667  14.055 0.000
159.291667 160.291667  14.441 0.000
162.291667 163.291667  12.975 0.000
165.291667 166.291667  14.220 0.000
168.291667 169.291667  13.392 0.000
171.291667 172.291667  11.935 0.000
174.291667 175.291667  18.465 0.000
177.291667 178.291667 999.999 0.999
180.291667 181.291667 999.999 0.999
183.291667 184.291667  21.458 0.000
186.291667 187.291667   9.878 0.000
189.291667 190.291667 999.999 0.999
192.291667 193.291667 999.999 0.999
195.291667 196.291667  19.168 0.000
198.291667 199.291667  13.735 0.000
201.291667 202.291667  11.330 0.000
204.291667 205.291667  14.706 0.000
207.291667 208.291667  13.359 0.000
210.291667 211.291667  16.951 0.000
213.291667 214.291667  33.445 0.000
216.291667 217.291667  31.203 0.000
219.291667 220.291667 999.999 0.999
222.291667 223.291667 999.999 0.999
225.291667 226.291667  14.122 0.000
228.291667 229.291667  14.401 0.000
231.291667 232.291667   8.104 0.000
234.291667 235.291667   9.947 0.000
237.291667 238.291667  15.640 0.000
240.291667 241.291667  15.693 0.000
243.291667 244.291667  14.749 0.000
246.291667 247.291667  10.486 0.000
249.291667 250.291667   7.497 0.000
252.291667 253.291667  10.217 0.000
255.291667 256.291667   6.413 0.000
258.291667 259.291667 999.999 0.456
261.291667 262.291667 999.999 0.456
264.291667 265.291667 999.999 0.456
267.291667 268.291667   6.455 0.000
270.291667 271.291667   8.306 0.000
273.291667 274.291667   8.383 0.000
276.291667 277.291667   7.655 0.000
279.291667 280.291667  14.704 0.000
282.291667 283.291667   7.248 0.000
285.291667 286.291667 999.999 0.456
288.291667 289.291667   9.258 0.000
291.291667 292.291667 999.999 0.456
294.291667 295.291667  18.844 0.000
297.291667 298.291667   2.068 0.000
300.291667 301.291667   8.678 0.000
303.291667 304.291667   1.488 0.000
306.291667 307.291667   6.889 0.000
309.291667 310.291667  17.643 0.000
312.291667 313.291667 999.999 0.999
315.291667 316.291667   5.948 0.000
318.291667 319.291667  10.089 0.000
321.291667 322.291667   6.079 0.000
324.291667 325.291667   8.685 0.000
327.291667 328.291667   5.645 0.000
330.291667 331.291667   5.153 0.000
333.291667 334.291667   5.421 0.000
336.291667 337.291667 999.999 0.999
339.291667 340.291667   5.944 0.000
342.291667 343.291667  14.356 0.000
345.291667 346.291667   2.997 0.000
348.291667 349.291667 999.999 0.999
351.291667 352.291667   2.340 0.000
354.291667 355.291667  13.998 0.000
357.291667 358.291667 999.999 0.999
360.291667 361.291667 999.999 0.456
363.291667 364.291667  11.225 0.000
