scripts/IMPROVE-2019_partial/data/US0126R.20120101050000.20191216000000.filterpack...52w.3d.US03L_filterpack_US0126.US03L_IMPROVE_Davis.lev2.nas
53 1001
MISSING INFORMATION
US03L, IMPROVE, , , , , , , 
MISSING INFORMATION
IMPROVE sel_HTAP
1 1
2012 01 01 2019 12 16
3.000000
days from file reference point
4
1 1 1 1
999.999999 999.999 999.999 9.999
end_time of measurement, days from the file reference point
pm10_mass, ug/m3, Matrix=pm10
pm25_mass, ug/m3, Matrix=pm25
numflag, no unit
0
35
Data definition:              EBAS_1.1
Set type code:                TU
Timezone:                     UTC
File name:                    US0126R.20120101050000.20191216000000.filterpack...52w.3d.US03L_filterpack_US0126.US03L_IMPROVE_Davis.lev2.nas
File creation:                20191218120220
Startdate:                    20120101050000
Revision date:                20191216000000
Version:                      2
Version description:          "Data extracted from http://views.cira.colostate.edu/fed/DataWizard 2019-12-16"
Statistics:                   arithmetic mean
Data level:                   2
Period code:                  52w
Resolution code:              3d
Sample duration:              1d
Orig. time res.:              3d
Station code:                 US0126R
Platform code:                US0126S
Station name:                 Penobscot
Station land use:             Forest
Station setting:              Rural
Station latitude:             44.94798
Station longitude:            -68.64786
Station altitude:             45.0 m
Regime:                       IMG
Component:                    
Unit:                         ug/m3
Matrix:                       
Laboratory code:              US03L
Instrument type:              filterpack
Instrument name:              filterpack_US0126
Method ref:                   US03L_IMPROVE_Davis
Blank correction:             Blank corrected
Volume std. temperature:      ambient
Volume std. pressure:         ambient
starttime endtime PM10 PM2.5 flag
  0.208333   1.208333   3.635   3.365 0.000
  3.208333   4.208333  13.029   4.683 0.000
  6.208333   7.208333   7.846   5.657 0.000
  9.208333  10.208333   9.578   5.989 0.000
 12.208333  13.208333   3.751   2.757 0.000
 15.208333  16.208333  12.454   4.322 0.000
 18.208333  19.208333  18.471   4.429 0.000
 21.208333  22.208333  25.836  17.962 0.000
 24.208333  25.208333   4.518   3.000 0.000
 27.208333  28.208333   3.326   3.015 0.000
 30.208333  31.208333  15.910   7.014 0.000
 33.208333  34.208333   5.508   3.010 0.000
 36.208333  37.208333   7.455   3.918 0.000
 39.208333  40.208333 999.999 999.999 0.999
 42.208333  43.208333   3.989   2.411 0.000
 45.208333  46.208333  20.073  12.214 0.000
 48.208333  49.208333   4.715   3.962 0.000
 51.208333  52.208333  14.495   6.025 0.000
 54.208333  55.208333   9.269   6.242 0.000
 57.208333  58.208333  12.319   3.867 0.000
 60.208333  61.208333 999.999 999.999 0.999
 63.208333  64.208333 999.999 999.999 0.999
 66.208333  67.208333  25.249  11.513 0.000
 69.208333  70.208333  17.921   3.668 0.000
 72.208333  73.208333  21.438   8.451 0.000
 75.208333  76.208333  17.058   4.878 0.000
 78.208333  79.208333  28.344   8.573 0.000
 81.208333  82.208333  36.363  10.293 0.000
 84.208333  85.208333  10.309   4.716 0.000
 87.208333  88.208333   6.628   2.921 0.000
 90.208333  91.208333  16.175   5.345 0.000
 93.208333  94.208333   5.084   1.704 0.000
 96.208333  97.208333   4.846   1.780 0.000
 99.208333 100.208333   4.174   2.637 0.000
102.208333 103.208333   4.619   2.051 0.000
105.208333 106.208333  15.496   7.990 0.000
108.208333 109.208333   9.176   2.265 0.000
111.208333 112.208333   6.338   3.494 0.000
114.208333 115.208333   8.919   3.717 0.000
117.208333 118.208333   3.464   2.375 0.000
120.208333 121.208333   4.406   1.991 0.000
123.208333 124.208333   6.424   2.904 0.000
126.208333 127.208333   6.693   4.387 0.000
129.208333 130.208333 999.999 999.999 0.999
132.208333 133.208333   6.272   3.644 0.000
135.208333 136.208333  10.755   6.804 0.000
138.208333 139.208333   7.585   2.888 0.000
141.208333 142.208333  10.813   4.816 0.000
144.208333 145.208333   6.302   2.851 0.000
147.208333 148.208333   6.203   3.020 0.000
150.208333 151.208333   6.848   3.179 0.000
153.208333 154.208333   5.027   2.718 0.000
156.208333 157.208333   3.802   1.967 0.000
159.208333 160.208333   7.142   4.224 0.000
162.208333 163.208333   7.820   3.249 0.000
165.208333 166.208333   7.614   2.372 0.000
168.208333 169.208333   7.381   4.332 0.000
171.208333 172.208333  13.471   8.033 0.000
174.208333 175.208333   8.109   5.966 0.000
177.208333 178.208333   3.279   1.918 0.000
180.208333 181.208333  12.320   7.787 0.000
183.208333 184.208333   5.580   3.051 0.000
186.208333 187.208333  10.983   6.371 0.000
189.208333 190.208333   6.228   2.497 0.000
192.208333 193.208333 999.999 999.999 0.999
195.208333 196.208333 999.999 999.999 0.999
198.208333 199.208333 999.999 999.999 0.999
201.208333 202.208333   5.639   2.256 0.000
204.208333 205.208333  12.718   6.748 0.000
207.208333 208.208333   9.490   4.534 0.000
210.208333 211.208333 999.999 999.999 0.999
213.208333 214.208333 999.999 999.999 0.999
216.208333 217.208333   9.917   5.933 0.000
219.208333 220.208333   5.885   2.435 0.000
222.208333 223.208333  12.506   8.921 0.000
225.208333 226.208333   9.404   6.202 0.000
228.208333 229.208333   8.869   6.718 0.000
231.208333 232.208333   7.143   3.640 0.000
234.208333 235.208333 999.999 999.999 0.999
237.208333 238.208333 999.999 999.999 0.999
240.208333 241.208333 999.999 999.999 0.999
243.208333 244.208333  13.215   7.011 0.000
246.208333 247.208333   5.140   2.766 0.000
249.208333 250.208333   8.720   4.055 0.000
252.208333 253.208333   4.481   1.795 0.000
255.208333 256.208333   8.496   3.325 0.000
258.208333 259.208333   7.372   3.615 0.000
261.208333 262.208333  10.472   4.601 0.000
264.208333 265.208333   5.039   2.212 0.000
267.208333 268.208333   6.067   2.343 0.000
270.208333 271.208333   5.996   2.989 0.000
273.208333 274.208333   2.026   0.760 0.000
276.208333 277.208333 999.999 999.999 0.999
279.208333 280.208333  13.343   8.278 0.000
282.208333 283.208333   7.140   3.438 0.000
285.208333 286.208333   4.154   1.925 0.000
288.208333 289.208333  15.185   6.616 0.000
291.208333 292.208333  12.380   5.630 0.000
294.208333 295.208333   6.314   3.249 0.000
297.208333 298.208333 999.999 999.999 0.999
300.208333 301.208333  11.505   6.392 0.000
303.208333 304.208333   4.400   2.108 0.000
306.208333 307.208333   7.924   4.706 0.000
309.208333 310.208333   4.907   1.980 0.000
312.208333 313.208333   0.837   0.524 0.000
315.208333 316.208333  11.498   8.236 0.000
318.208333 319.208333 999.999 999.999 0.999
321.208333 322.208333  11.452   7.981 0.000
324.208333 325.208333  21.900  14.397 0.000
327.208333 328.208333  10.299   5.687 0.000
330.208333 331.208333   5.609   2.633 0.000
333.208333 334.208333  11.992   7.245 0.000
336.208333 337.208333   8.562   5.365 0.000
339.208333 340.208333   4.331   2.598 0.000
342.208333 343.208333   8.052   7.449 0.000
345.208333 346.208333   3.535   2.709 0.000
348.208333 349.208333  18.586  12.354 0.000
351.208333 352.208333   6.028   2.504 0.000
354.208333 355.208333   2.557   2.025 0.000
357.208333 358.208333   6.126   2.870 0.000
360.208333 361.208333 999.999 999.999 0.999
363.208333 364.208333   8.859   6.222 0.000
