scripts/IMPROVE-2019_partial/data/US0129R.20160101070000.20191216000000.filterpack...52w.3d.US03L_filterpack_US0129.US03L_IMPROVE_Davis.lev2.nas
54 1001
MISSING INFORMATION
US03L, IMPROVE, , , , , , , 
MISSING INFORMATION
IMPROVE sel_HTAP
1 1
2016 01 01 2019 12 16
3.000000
days from file reference point
5
1 1 1 1 1
999.999999 999.999 9.999 999.999 9.999
end_time of measurement, days from the file reference point
pm10_mass, ug/m3, Matrix=pm10
numflag pm10_mass, no unit, Matrix=pm10
pm25_mass, ug/m3, Matrix=pm25
numflag pm25_mass, no unit, Matrix=pm25
0
35
Data definition:              EBAS_1.1
Set type code:                TU
Timezone:                     UTC
File name:                    US0129R.20160101070000.20191216000000.filterpack...52w.3d.US03L_filterpack_US0129.US03L_IMPROVE_Davis.lev2.nas
File creation:                20191218120221
Startdate:                    20160101070000
Revision date:                20191216000000
Version:                      2
Version description:          "Data extracted from http://views.cira.colostate.edu/fed/DataWizard 2019-12-16"
Statistics:                   arithmetic mean
Data level:                   2
Period code:                  52w
Resolution code:              3d
Sample duration:              1d
Orig. time res.:              3d
Station code:                 US0129R
Platform code:                US0129S
Station name:                 Sycamore Canyon 2
Station land use:             Desert
Station setting:              Rural
Station latitude:             35.1639
Station longitude:            -111.9823
Station altitude:             2046.0 m
Regime:                       IMG
Component:                    
Unit:                         ug/m3
Matrix:                       
Laboratory code:              US03L
Instrument type:              filterpack
Instrument name:              filterpack_US0129
Method ref:                   US03L_IMPROVE_Davis
Blank correction:             Blank corrected
Volume std. temperature:      ambient
Volume std. pressure:         ambient
starttime endtime PM10 flag_PM10 PM2.5 flag_PM2.5
  0.291667   1.291667   5.870 0.000   2.085 0.000
  3.291667   4.291667   2.887 0.000   1.364 0.000
  6.291667   7.291667 999.999 0.456   0.157 0.000
  9.291667  10.291667   2.452 0.000   2.026 0.000
 12.291667  13.291667 999.999 0.999 999.999 0.999
 15.291667  16.291667   0.926 0.000   0.498 0.000
 18.291667  19.291667   1.727 0.000   0.843 0.000
 21.291667  22.291667  21.012 0.000   2.581 0.000
 24.291667  25.291667   7.231 0.000   1.208 0.000
 27.291667  28.291667  18.336 0.000   4.437 0.000
 30.291667  31.291667   7.124 0.000   2.630 0.000
 33.291667  34.291667   1.782 0.000   0.841 0.000
 36.291667  37.291667   1.420 0.000   0.732 0.000
 39.291667  40.291667   6.602 0.000   2.086 0.000
 42.291667  43.291667  10.532 0.000   2.614 0.000
 45.291667  46.291667   6.126 0.000   1.610 0.000
 48.291667  49.291667   4.446 0.000   1.937 0.000
 51.291667  52.291667   4.715 0.000   2.765 0.000
 54.291667  55.291667   5.051 0.000   2.145 0.000
 57.291667  58.291667   9.006 0.000   3.402 0.000
 60.291667  61.291667   4.729 0.000   2.896 0.000
 63.291667  64.291667  13.691 0.000   5.873 0.000
 66.291667  67.291667  12.212 0.000   4.150 0.000
 69.291667  70.291667   3.251 0.000   1.863 0.000
 72.291667  73.291667   7.394 0.000   3.193 0.000
 75.291667  76.291667 999.999 0.999 999.999 0.999
 78.291667  79.291667 999.999 0.999 999.999 0.999
 81.291667  82.291667 999.999 0.999 999.999 0.999
 84.291667  85.291667   8.316 0.000   4.062 0.000
 87.291667  88.291667  15.196 0.000   4.718 0.000
 90.291667  91.291667   3.701 0.000   2.226 0.000
 93.291667  94.291667   8.631 0.000   3.364 0.000
 96.291667  97.291667  20.943 0.000   8.655 0.000
 99.291667 100.291667   3.617 0.000   2.163 0.000
102.291667 103.291667   2.315 0.000   1.850 0.000
105.291667 106.291667  11.844 0.000   5.812 0.000
108.291667 109.291667   3.186 0.000   1.561 0.000
111.291667 112.291667 999.999 0.999 999.999 0.999
114.291667 115.291667 999.999 0.999 999.999 0.999
117.291667 118.291667   8.448 0.000   2.460 0.000
120.291667 121.291667   3.849 0.000   3.356 0.000
123.291667 124.291667 999.999 0.999 999.999 0.999
126.291667 127.291667   8.067 0.000   3.553 0.000
129.291667 130.291667   3.406 0.000   2.871 0.000
132.291667 133.291667 999.999 0.999 999.999 0.999
135.291667 136.291667 999.999 0.999 999.999 0.999
138.291667 139.291667   4.510 0.000   4.416 0.000
141.291667 142.291667  11.600 0.000   4.119 0.000
144.291667 145.291667  10.435 0.000   4.779 0.000
147.291667 148.291667  28.277 0.000   8.351 0.000
150.291667 151.291667  21.399 0.000   7.865 0.000
153.291667 154.291667  21.549 0.000   9.026 0.000
156.291667 157.291667  29.888 0.000  14.353 0.000
159.291667 160.291667  35.945 0.000  14.484 0.000
162.291667 163.291667   7.841 0.000   7.471 0.000
165.291667 166.291667  10.719 0.000   4.560 0.000
168.291667 169.291667  40.335 0.000  14.039 0.000
171.291667 172.291667  24.156 0.000   9.933 0.000
174.291667 175.291667 999.999 0.999 999.999 0.999
177.291667 178.291667 999.999 0.999 999.999 0.999
180.291667 181.291667  12.077 0.000   3.776 0.000
183.291667 184.291667   7.791 0.000   3.599 0.000
186.291667 187.291667   9.187 0.000   3.781 0.000
189.291667 190.291667  30.973 0.000   8.067 0.000
192.291667 193.291667  30.337 0.000   7.420 0.000
195.291667 196.291667  36.642 0.000   9.785 0.000
198.291667 199.291667  26.874 0.000   7.321 0.000
201.291667 202.291667  15.833 0.000   5.033 0.000
204.291667 205.291667  10.412 0.000   3.676 0.000
207.291667 208.291667   7.690 0.000   3.778 0.000
210.291667 211.291667  14.058 0.000   5.511 0.000
213.291667 214.291667   8.927 0.000   4.664 0.000
216.291667 217.291667   4.749 0.000   2.904 0.000
219.291667 220.291667  12.459 0.000   4.493 0.000
222.291667 223.291667  11.498 0.000   4.278 0.000
225.291667 226.291667  14.458 0.000   4.648 0.000
228.291667 229.291667  21.396 0.000   6.033 0.000
231.291667 232.291667  10.443 0.000   4.262 0.000
234.291667 235.291667  21.064 0.000   5.239 0.000
237.291667 238.291667 999.999 0.456 999.999 0.456
240.291667 241.291667 999.999 0.456 999.999 0.456
243.291667 244.291667 999.999 0.999 999.999 0.999
246.291667 247.291667 999.999 0.999 999.999 0.999
249.291667 250.291667 999.999 0.999 999.999 0.999
252.291667 253.291667  54.328 0.000  14.452 0.000
255.291667 256.291667  22.031 0.000   4.983 0.000
258.291667 259.291667 999.999 0.999 999.999 0.999
261.291667 262.291667 999.999 0.999 999.999 0.999
264.291667 265.291667 999.999 0.999 999.999 0.999
267.291667 268.291667   7.401 0.000   2.643 0.000
270.291667 271.291667   6.543 0.000   3.591 0.000
273.291667 274.291667   3.071 0.000   1.739 0.000
276.291667 277.291667  26.340 0.000   4.504 0.000
279.291667 280.291667  15.391 0.000   4.088 0.000
282.291667 283.291667   8.639 0.000   3.093 0.000
285.291667 286.291667  20.396 0.000   5.693 0.000
288.291667 289.291667  24.109 0.000   5.441 0.000
291.291667 292.291667  23.076 0.000   6.695 0.000
294.291667 295.291667  35.570 0.000  11.015 0.000
297.291667 298.291667  14.013 0.000   5.927 0.000
300.291667 301.291667  11.446 0.000   4.376 0.000
303.291667 304.291667   8.222 0.000   3.318 0.000
306.291667 307.291667   9.834 0.000   3.738 0.000
309.291667 310.291667   4.112 0.000   1.843 0.000
312.291667 313.291667   7.358 0.000   2.633 0.000
315.291667 316.291667   9.994 0.000   4.271 0.000
318.291667 319.291667  13.261 0.000   5.004 0.000
321.291667 322.291667  17.885 0.000   4.122 0.000
324.291667 325.291667   9.177 0.000   3.421 0.000
327.291667 328.291667   3.020 0.000   2.456 0.000
330.291667 331.291667   6.496 0.000   3.028 0.000
333.291667 334.291667   0.974 0.000   1.029 0.000
336.291667 337.291667   2.488 0.000   1.512 0.000
339.291667 340.291667   3.901 0.000   2.406 0.000
342.291667 343.291667   9.681 0.659   4.115 0.000
345.291667 346.291667   3.107 0.659   2.012 0.000
348.291667 349.291667  10.374 0.659   2.733 0.000
351.291667 352.291667   3.365 0.659   1.552 0.000
354.291667 355.291667   4.671 0.659   2.082 0.000
357.291667 358.291667   0.332 0.659   0.466 0.000
360.291667 361.291667   2.328 0.659   1.706 0.000
363.291667 364.291667   2.194 0.000   1.141 0.000
