scripts/IMPROVE-2019_partial/data/US0131R.20120101080000.20191216000000.filterpack...10mo.3d.US03L_filterpack_US0131.US03L_IMPROVE_Davis.lev2.nas
54 1001
MISSING INFORMATION
US03L, IMPROVE, , , , , , , 
MISSING INFORMATION
IMPROVE sel_HTAP
1 1
2012 01 01 2019 12 16
3.000000
days from file reference point
5
1 1 1 1 1
999.999999 999.999 9.999 999.999 9.999
end_time of measurement, days from the file reference point
pm10_mass, ug/m3, Matrix=pm10
numflag pm10_mass, no unit, Matrix=pm10
pm25_mass, ug/m3, Matrix=pm25
numflag pm25_mass, no unit, Matrix=pm25
0
35
Data definition:              EBAS_1.1
Set type code:                TU
Timezone:                     UTC
File name:                    US0131R.20120101080000.20191216000000.filterpack...10mo.3d.US03L_filterpack_US0131.US03L_IMPROVE_Davis.lev2.nas
File creation:                20191218120222
Startdate:                    20120101080000
Revision date:                20191216000000
Version:                      2
Version description:          "Data extracted from http://views.cira.colostate.edu/fed/DataWizard 2019-12-16"
Statistics:                   arithmetic mean
Data level:                   2
Period code:                  10mo
Resolution code:              3d
Sample duration:              1d
Orig. time res.:              3d
Station code:                 US0131R
Platform code:                US0131S
Station name:                 Wrightwood
Station land use:             Forest
Station setting:              Rural
Station latitude:             34.37892
Station longitude:            -117.69211
Station altitude:             2106.0 m
Regime:                       IMG
Component:                    
Unit:                         ug/m3
Matrix:                       
Laboratory code:              US03L
Instrument type:              filterpack
Instrument name:              filterpack_US0131
Method ref:                   US03L_IMPROVE_Davis
Blank correction:             Blank corrected
Volume std. temperature:      ambient
Volume std. pressure:         ambient
starttime endtime PM10 flag_PM10 PM2.5 flag_PM2.5
  0.333333   1.333333  18.731 0.000   2.920 0.000
  3.333333   4.333333  18.853 0.000   3.629 0.000
  6.333333   7.333333  13.723 0.000   3.371 0.000
  9.333333  10.333333   6.355 0.000   2.018 0.000
 12.333333  13.333333  21.832 0.000   4.830 0.000
 15.333333  16.333333   4.954 0.000   2.214 0.000
 18.333333  19.333333   4.712 0.000   1.293 0.000
 21.333333  22.333333  28.294 0.000   6.965 0.000
 24.333333  25.333333   3.671 0.000   1.622 0.000
 27.333333  28.333333  11.959 0.000   2.414 0.000
 30.333333  31.333333   6.927 0.000   2.473 0.000
 33.333333  34.333333  13.169 0.000   2.211 0.000
 36.333333  37.333333   6.525 0.000   2.174 0.000
 39.333333  40.333333   4.751 0.000   1.897 0.000
 42.333333  43.333333   2.388 0.000   1.241 0.000
 45.333333  46.333333   5.058 0.000   1.351 0.000
 48.333333  49.333333  15.934 0.000   3.747 0.000
 51.333333  52.333333   9.925 0.000   1.751 0.000
 54.333333  55.333333  13.018 0.000   2.956 0.000
 57.333333  58.333333   5.478 0.000   2.459 0.000
 60.333333  61.333333   6.898 0.000   1.735 0.000
 63.333333  64.333333  15.042 0.000   2.382 0.000
 66.333333  67.333333  14.276 0.000   3.632 0.000
 69.333333  70.333333  12.628 0.000   5.482 0.000
 72.333333  73.333333   6.126 0.000   2.783 0.000
 75.333333  76.333333  11.105 0.000   3.853 0.000
 78.333333  79.333333   6.304 0.000   2.751 0.000
 81.333333  82.333333 999.999 0.456   2.759 0.000
 84.333333  85.333333 999.999 0.456   0.815 0.000
 87.333333  88.333333  10.725 0.000   3.839 0.000
 90.333333  91.333333  16.910 0.000   7.583 0.000
 93.333333  94.333333   8.113 0.000   3.272 0.000
 96.333333  97.333333  11.056 0.000   5.088 0.000
 99.333333 100.333333  10.287 0.000   6.279 0.000
102.333333 103.333333   5.224 0.000   2.667 0.000
105.333333 106.333333   5.688 0.000   1.762 0.000
108.333333 109.333333  10.513 0.000   4.489 0.000
111.333333 112.333333   5.359 0.000   2.159 0.000
114.333333 115.333333   3.172 0.000   1.471 0.000
117.333333 118.333333  12.956 0.000   5.094 0.000
120.333333 121.333333  15.795 0.000   8.157 0.000
123.333333 124.333333   8.510 0.000   4.297 0.000
126.333333 127.333333  12.709 0.000   5.778 0.000
129.333333 130.333333  13.614 0.000   6.571 0.000
132.333333 133.333333  13.360 0.000   5.664 0.000
135.333333 136.333333  10.371 0.000   4.239 0.000
138.333333 139.333333  14.203 0.000   5.431 0.000
141.333333 142.333333  11.199 0.000   5.308 0.000
144.333333 145.333333  27.128 0.000   8.437 0.000
147.333333 148.333333   6.875 0.000   2.561 0.000
150.333333 151.333333   9.271 0.000   4.561 0.000
153.333333 154.333333  13.409 0.000   7.273 0.000
156.333333 157.333333   9.351 0.000   3.517 0.000
159.333333 160.333333  10.994 0.000   4.724 0.000
162.333333 163.333333  14.527 0.000   4.824 0.000
165.333333 166.333333 999.999 0.999   3.663 0.000
168.333333 169.333333 999.999 0.999   2.132 0.000
171.333333 172.333333  10.598 0.000   4.860 0.000
174.333333 175.333333   4.938 0.000   2.323 0.000
177.333333 178.333333   4.998 0.000   5.172 0.000
180.333333 181.333333   5.621 0.000   6.540 0.000
183.333333 184.333333   8.690 0.000   3.186 0.000
186.333333 187.333333  12.005 0.000   6.025 0.000
189.333333 190.333333   3.068 0.000   1.700 0.000
192.333333 193.333333   9.369 0.000   4.786 0.000
195.333333 196.333333   7.261 0.000   4.727 0.000
198.333333 199.333333   7.655 0.000   3.238 0.000
201.333333 202.333333   9.676 0.000   4.400 0.000
204.333333 205.333333  13.808 0.000   5.107 0.000
207.333333 208.333333   2.734 0.000   1.486 0.000
210.333333 211.333333   4.004 0.000   2.696 0.000
213.333333 214.333333   9.271 0.000   4.333 0.000
216.333333 217.333333  10.142 0.000   5.419 0.000
219.333333 220.333333  12.126 0.000   5.601 0.000
222.333333 223.333333  29.383 0.000  10.531 0.000
225.333333 226.333333  10.224 0.000   5.329 0.000
228.333333 229.333333   9.597 0.000   4.487 0.000
231.333333 232.333333  13.960 0.000   7.316 0.000
234.333333 235.333333   9.325 0.000   4.701 0.000
237.333333 238.333333   4.989 0.000   3.826 0.000
240.333333 241.333333   6.039 0.000   2.826 0.000
243.333333 244.333333   8.838 0.000   4.348 0.000
246.333333 247.333333  81.440 0.000  72.817 0.659
249.333333 250.333333   9.649 0.000   5.109 0.000
252.333333 253.333333  11.380 0.000   6.708 0.000
255.333333 256.333333  11.553 0.000   4.955 0.000
258.333333 259.333333   9.318 0.000   5.043 0.000
261.333333 262.333333   8.717 0.000   3.889 0.000
264.333333 265.333333   6.960 0.000   2.971 0.000
267.333333 268.333333  14.756 0.000   5.504 0.000
270.333333 271.333333  16.116 0.000   5.568 0.000
273.333333 274.333333   9.557 0.000   3.700 0.000
276.333333 277.333333  13.217 0.000   3.732 0.000
279.333333 280.333333   7.229 0.000   7.577 0.000
282.333333 283.333333   6.274 0.000   2.193 0.000
285.333333 286.333333   2.778 0.000   1.793 0.000
288.333333 289.333333 999.999 0.999 999.999 0.999
