scripts/IMPROVE-2019_partial/data/US0120R.20110103050000.20191216000000.filterpack...1y.3d.US03L_filterpack_US0120.US03L_IMPROVE_Davis.lev2.nas
53 1001
MISSING INFORMATION
US03L, IMPROVE, , , , , , , 
MISSING INFORMATION
IMPROVE sel_HTAP
1 1
2011 01 01 2019 12 16
3.000000
days from file reference point
4
1 1 1 1
999.999999 999.999 999.999 9.999
end_time of measurement, days from the file reference point
pm10_mass, ug/m3, Matrix=pm10
pm25_mass, ug/m3, Matrix=pm25
numflag, no unit
0
35
Data definition:              EBAS_1.1
Set type code:                TU
Timezone:                     UTC
File name:                    US0120R.20110103050000.20191216000000.filterpack...1y.3d.US03L_filterpack_US0120.US03L_IMPROVE_Davis.lev2.nas
File creation:                20191218120217
Startdate:                    20110103050000
Revision date:                20191216000000
Version:                      2
Version description:          "Data extracted from http://views.cira.colostate.edu/fed/DataWizard 2019-12-16"
Statistics:                   arithmetic mean
Data level:                   2
Period code:                  1y
Resolution code:              3d
Sample duration:              1d
Orig. time res.:              3d
Station code:                 US0120R
Platform code:                US0120S
Station name:                 Londonderry
Station land use:             Residential
Station setting:              Suburban
Station latitude:             42.8624
Station longitude:            -71.3801
Station altitude:             124.0 m
Regime:                       IMG
Component:                    
Unit:                         ug/m3
Matrix:                       
Laboratory code:              US03L
Instrument type:              filterpack
Instrument name:              filterpack_US0120
Method ref:                   US03L_IMPROVE_Davis
Blank correction:             Blank corrected
Volume std. temperature:      ambient
Volume std. pressure:         ambient
starttime endtime PM10 PM2.5 flag
  2.208333   3.208333   4.217   2.633 0.000
  5.208333   6.208333  10.024   6.293 0.000
  8.208333   9.208333   5.041   2.935 0.000
 11.208333  12.208333   3.213   2.541 0.000
 14.208333  15.208333   9.681   7.832 0.000
 17.208333  18.208333  12.052  10.374 0.000
 20.208333  21.208333   9.790   9.788 0.000
 23.208333  24.208333  11.991   7.586 0.000
 26.208333  27.208333   7.351   6.450 0.000
 29.208333  30.208333  10.699  10.039 0.000
 32.208333  33.208333   3.918   3.374 0.000
 35.208333  36.208333  14.520  11.782 0.000
 38.208333  39.208333   7.339   6.435 0.000
 41.208333  42.208333  14.389   9.296 0.000
 44.208333  45.208333   8.847   6.481 0.000
 47.208333  48.208333  21.722  12.919 0.000
 50.208333  51.208333   5.464   4.131 0.000
 53.208333  54.208333   7.800   2.761 0.000
 56.208333  57.208333   6.172   5.282 0.000
 59.208333  60.208333   5.785   4.470 0.000
 62.208333  63.208333  11.707   6.601 0.000
 65.208333  66.208333   2.277   1.944 0.000
 68.208333  69.208333  17.066   7.183 0.000
 71.208333  72.208333   5.029   4.709 0.000
 74.208333  75.208333   6.587   5.469 0.000
 77.208333  78.208333   3.864   2.912 0.000
 80.208333  81.208333   4.091   4.080 0.000
 83.208333  84.208333   4.476   3.603 0.000
 86.208333  87.208333   4.149   1.867 0.000
 89.208333  90.208333   6.934   4.526 0.000
 92.208333  93.208333   4.821   3.350 0.000
 95.208333  96.208333   3.910   2.987 0.000
 98.208333  99.208333   7.828   5.812 0.000
101.208333 102.208333   5.690   3.886 0.000
104.208333 105.208333   7.589   3.429 0.000
107.208333 108.208333   4.460   3.397 0.000
110.208333 111.208333   3.773   2.454 0.000
113.208333 114.208333   6.606   5.510 0.000
116.208333 117.208333   5.439   4.416 0.000
119.208333 120.208333   3.570   3.025 0.000
122.208333 123.208333  12.536   7.378 0.000
125.208333 126.208333   7.942   4.308 0.000
128.208333 129.208333   5.273   2.899 0.000
131.208333 132.208333   6.140   2.573 0.000
134.208333 135.208333   4.313   3.633 0.000
137.208333 138.208333   2.479   2.308 0.000
140.208333 141.208333  11.434   6.072 0.000
143.208333 144.208333   8.117   7.941 0.000
146.208333 147.208333  21.411  17.472 0.000
149.208333 150.208333  13.530  10.358 0.000
152.208333 153.208333  18.734   3.811 0.000
155.208333 156.208333   5.693   3.125 0.000
158.208333 159.208333  24.378  14.541 0.000
161.208333 162.208333   7.780   4.219 0.000
164.208333 165.208333   4.717   2.599 0.000
167.208333 168.208333  12.392   8.939 0.000
170.208333 171.208333   6.705   4.386 0.000
173.208333 174.208333   6.513   2.944 0.000
176.208333 177.208333   6.283   4.581 0.000
179.208333 180.208333   9.951   7.115 0.000
182.208333 183.208333   9.187   7.144 0.000
185.208333 186.208333  14.197  11.693 0.000
188.208333 189.208333  17.415  10.477 0.000
191.208333 192.208333  19.210  16.469 0.000
194.208333 195.208333  11.004   4.025 0.000
197.208333 198.208333  13.766  11.530 0.000
200.208333 201.208333  23.485  16.430 0.000
203.208333 204.208333  14.658  11.959 0.000
206.208333 207.208333  11.023   7.908 0.000
209.208333 210.208333  16.749  10.578 0.000
212.208333 213.208333  11.347   9.338 0.000
215.208333 216.208333   9.911   5.047 0.000
218.208333 219.208333   5.166   4.022 0.000
221.208333 222.208333   6.565   4.176 0.000
224.208333 225.208333   9.621   6.527 0.000
227.208333 228.208333   5.150   2.745 0.000
230.208333 231.208333  15.640  12.857 0.000
233.208333 234.208333   6.016   3.769 0.000
236.208333 237.208333  11.643   8.280 0.000
239.208333 240.208333   5.527   2.828 0.000
242.208333 243.208333  14.711   8.132 0.000
245.208333 246.208333  19.182  14.136 0.000
248.208333 249.208333   4.974   2.614 0.000
251.208333 252.208333   8.545   3.448 0.000
254.208333 255.208333  11.025   6.862 0.000
257.208333 258.208333  17.463  12.247 0.000
260.208333 261.208333   6.696   4.187 0.000
263.208333 264.208333   7.918   5.319 0.000
266.208333 267.208333   5.322   2.905 0.000
269.208333 270.208333  17.125   9.277 0.000
272.208333 273.208333  14.452   9.276 0.000
275.208333 276.208333   6.720   2.677 0.000
278.208333 279.208333   4.573   1.738 0.000
281.208333 282.208333  12.483   7.987 0.000
284.208333 285.208333   7.061   3.124 0.000
287.208333 288.208333   8.063   4.316 0.000
290.208333 291.208333   9.322   5.398 0.000
293.208333 294.208333   4.776   2.594 0.000
296.208333 297.208333  14.100  10.998 0.000
299.208333 300.208333   3.333   2.772 0.000
302.208333 303.208333   6.093   5.225 0.000
305.208333 306.208333  14.978  11.473 0.000
308.208333 309.208333   6.644   4.952 0.000
311.208333 312.208333  17.365  11.693 0.000
314.208333 315.208333   3.741   2.448 0.000
317.208333 318.208333  14.765   8.634 0.000
320.208333 321.208333   5.091   3.412 0.000
323.208333 324.208333  11.131   7.819 0.000
326.208333 327.208333   1.952   1.404 0.000
329.208333 330.208333  11.252   8.863 0.000
332.208333 333.208333   9.258   5.127 0.000
335.208333 336.208333   6.900   5.084 0.000
338.208333 339.208333  10.277   6.479 0.000
341.208333 342.208333   2.598   1.947 0.000
344.208333 345.208333   8.195   6.847 0.000
347.208333 348.208333  11.518   8.383 0.000
350.208333 351.208333   3.736   3.019 0.000
353.208333 354.208333   6.833   4.505 0.000
356.208333 357.208333   3.985   3.226 0.000
359.208333 360.208333  11.287   9.556 0.000
362.208333 363.208333   5.665   2.234 0.000
