scripts/IMPROVE-2019_partial/data/US0120R.20120101050000.20191216000000.filterpack...52w.3d.US03L_filterpack_US0120.US03L_IMPROVE_Davis.lev2.nas
53 1001
MISSING INFORMATION
US03L, IMPROVE, , , , , , , 
MISSING INFORMATION
IMPROVE sel_HTAP
1 1
2012 01 01 2019 12 16
3.000000
days from file reference point
4
1 1 1 1
999.999999 999.999 999.999 9.999
end_time of measurement, days from the file reference point
pm10_mass, ug/m3, Matrix=pm10
pm25_mass, ug/m3, Matrix=pm25
numflag, no unit
0
35
Data definition:              EBAS_1.1
Set type code:                TU
Timezone:                     UTC
File name:                    US0120R.20120101050000.20191216000000.filterpack...52w.3d.US03L_filterpack_US0120.US03L_IMPROVE_Davis.lev2.nas
File creation:                20191218120217
Startdate:                    20120101050000
Revision date:                20191216000000
Version:                      2
Version description:          "Data extracted from http://views.cira.colostate.edu/fed/DataWizard 2019-12-16"
Statistics:                   arithmetic mean
Data level:                   2
Period code:                  52w
Resolution code:              3d
Sample duration:              1d
Orig. time res.:              3d
Station code:                 US0120R
Platform code:                US0120S
Station name:                 Londonderry
Station land use:             Residential
Station setting:              Suburban
Station latitude:             42.8624
Station longitude:            -71.3801
Station altitude:             124.0 m
Regime:                       IMG
Component:                    
Unit:                         ug/m3
Matrix:                       
Laboratory code:              US03L
Instrument type:              filterpack
Instrument name:              filterpack_US0120
Method ref:                   US03L_IMPROVE_Davis
Blank correction:             Blank corrected
Volume std. temperature:      ambient
Volume std. pressure:         ambient
starttime endtime PM10 PM2.5 flag
  0.208333   1.208333  10.176   9.143 0.000
  3.208333   4.208333   9.557   6.240 0.000
  6.208333   7.208333  18.419  14.124 0.000
  9.208333  10.208333   7.420   5.069 0.000
 12.208333  13.208333   4.805   3.707 0.000
 15.208333  16.208333   6.624   3.800 0.000
 18.208333  19.208333   7.075   3.908 0.000
 21.208333  22.208333  10.182   7.474 0.000
 24.208333  25.208333   3.868   3.087 0.000
 27.208333  28.208333   4.503   3.162 0.000
 30.208333  31.208333   9.594   7.404 0.000
 33.208333  34.208333   7.404   4.700 0.000
 36.208333  37.208333   6.863   4.151 0.000
 39.208333  40.208333   8.293   4.780 0.000
 42.208333  43.208333   5.607   2.781 0.000
 45.208333  46.208333  23.376  17.259 0.000
 48.208333  49.208333   5.104   3.288 0.000
 51.208333  52.208333   7.294   4.188 0.000
 54.208333  55.208333   7.071   5.096 0.000
 57.208333  58.208333  11.954   8.889 0.000
 60.208333  61.208333   2.857   2.202 0.000
 63.208333  64.208333   5.878   4.876 0.000
 66.208333  67.208333  12.512   7.380 0.000
 69.208333  70.208333   5.842   4.012 0.000
 72.208333  73.208333  13.387   8.885 0.000
 75.208333  76.208333   8.908   6.290 0.000
 78.208333  79.208333  18.548  11.289 0.000
 81.208333  82.208333   7.809   4.997 0.000
 84.208333  85.208333   8.942   5.808 0.000
 87.208333  88.208333   8.731   4.474 0.000
 90.208333  91.208333   7.343   3.954 0.000
 93.208333  94.208333   4.759   2.200 0.000
 96.208333  97.208333   4.856   2.190 0.000
 99.208333 100.208333   7.757   3.770 0.000
102.208333 103.208333   3.377   2.059 0.000
105.208333 106.208333  10.377   6.611 0.000
108.208333 109.208333   8.919   1.962 0.000
111.208333 112.208333   9.577   4.918 0.000
114.208333 115.208333   7.025   3.168 0.000
117.208333 118.208333   4.759   2.014 0.000
120.208333 121.208333   5.857   2.986 0.000
123.208333 124.208333   5.151   3.320 0.000
126.208333 127.208333   6.832   4.221 0.000
129.208333 130.208333   7.209   3.327 0.000
132.208333 133.208333  10.292   6.044 0.000
135.208333 136.208333  11.720   5.704 0.000
138.208333 139.208333   9.407   3.316 0.000
141.208333 142.208333   7.285   3.448 0.000
144.208333 145.208333   7.742   3.373 0.000
147.208333 148.208333  20.157  10.894 0.000
150.208333 151.208333  14.485   5.942 0.000
153.208333 154.208333   4.803   2.043 0.000
156.208333 157.208333   4.922   2.390 0.000
159.208333 160.208333   7.925   4.212 0.000
162.208333 163.208333   8.599   3.935 0.000
165.208333 166.208333  11.454   4.033 0.000
168.208333 169.208333   9.841   5.354 0.000
171.208333 172.208333  19.802  13.271 0.000
174.208333 175.208333   9.945   5.579 0.000
177.208333 178.208333   3.703   1.535 0.000
180.208333 181.208333  14.336   9.325 0.000
183.208333 184.208333   7.190   4.565 0.000
186.208333 187.208333  10.444   4.325 0.000
189.208333 190.208333   8.035   5.085 0.000
192.208333 193.208333  12.260   5.675 0.000
195.208333 196.208333  16.453  12.382 0.000
198.208333 199.208333  18.840  13.581 0.000
201.208333 202.208333   7.742   4.840 0.000
204.208333 205.208333  11.785   9.118 0.000
207.208333 208.208333  10.847   8.003 0.000
210.208333 211.208333   8.655   6.547 0.000
213.208333 214.208333   9.914   6.933 0.000
216.208333 217.208333  16.565  12.696 0.000
219.208333 220.208333   9.779   6.019 0.000
222.208333 223.208333  11.679   8.288 0.000
225.208333 226.208333  10.626   6.428 0.000
228.208333 229.208333   8.758   5.780 0.000
231.208333 232.208333   8.615   4.949 0.000
234.208333 235.208333  12.430   5.735 0.000
237.208333 238.208333  11.672   8.524 0.000
240.208333 241.208333   9.648   6.701 0.000
243.208333 244.208333   9.177   5.436 0.000
246.208333 247.208333   6.899   3.292 0.000
249.208333 250.208333   7.537   3.423 0.000
252.208333 253.208333   5.943   2.558 0.000
255.208333 256.208333   7.105   3.609 0.000
258.208333 259.208333   5.642   3.036 0.000
261.208333 262.208333  10.354   5.901 0.000
264.208333 265.208333   6.986   3.273 0.000
267.208333 268.208333   3.635   2.063 0.000
270.208333 271.208333   6.656   4.052 0.000
273.208333 274.208333   3.475   1.844 0.000
276.208333 277.208333   5.698   3.966 0.000
279.208333 280.208333  16.950  10.097 0.000
282.208333 283.208333   7.464   3.556 0.000
285.208333 286.208333   4.829   2.387 0.000
288.208333 289.208333  11.218   4.878 0.000
291.208333 292.208333  10.264   5.570 0.000
294.208333 295.208333   6.486   3.861 0.000
297.208333 298.208333   8.084   4.040 0.000
300.208333 301.208333  11.764   8.084 0.000
303.208333 304.208333  14.554   7.710 0.000
306.208333 307.208333   3.038   2.136 0.000
309.208333 310.208333   3.854   2.763 0.000
312.208333 313.208333   1.798   1.148 0.000
315.208333 316.208333  16.003  13.450 0.000
318.208333 319.208333   4.069   2.733 0.000
321.208333 322.208333  12.076   9.932 0.000
324.208333 325.208333  13.317  10.406 0.000
327.208333 328.208333  14.117   9.438 0.000
330.208333 331.208333   7.437   5.473 0.000
333.208333 334.208333   6.941   4.989 0.000
336.208333 337.208333  14.449  12.444 0.000
339.208333 340.208333   5.089   3.325 0.000
342.208333 343.208333  10.163   9.475 0.000
345.208333 346.208333   3.476   2.542 0.000
348.208333 349.208333  13.384  10.237 0.000
351.208333 352.208333   3.839   2.988 0.000
354.208333 355.208333   4.920   2.570 0.000
357.208333 358.208333   4.128   2.541 0.000
360.208333 361.208333   7.561   3.793 0.000
363.208333 364.208333   4.159   3.640 0.000
