scripts/IMPROVE-2019_partial/data/US0128R.20120101060000.20191216000000.filterpack...52w.3d.US03L_filterpack_US0128.US03L_IMPROVE_Davis.lev2.nas
53 1001
MISSING INFORMATION
US03L, IMPROVE, , , , , , , 
MISSING INFORMATION
IMPROVE sel_HTAP
1 1
2012 01 01 2019 12 16
3.00
days from file reference point
4
1 1 1 1
999.99 9999.999 999.999 9.999
end_time of measurement, days from the file reference point
pm10_mass, ug/m3, Matrix=pm10
pm25_mass, ug/m3, Matrix=pm25
numflag, no unit
0
35
Data definition:              EBAS_1.1
Set type code:                TU
Timezone:                     UTC
File name:                    US0128R.20120101060000.20191216000000.filterpack...52w.3d.US03L_filterpack_US0128.US03L_IMPROVE_Davis.lev2.nas
File creation:                20191218120221
Startdate:                    20120101060000
Revision date:                20191216000000
Version:                      2
Version description:          "Data extracted from http://views.cira.colostate.edu/fed/DataWizard 2019-12-16"
Statistics:                   arithmetic mean
Data level:                   2
Period code:                  52w
Resolution code:              3d
Sample duration:              1d
Orig. time res.:              3d
Station code:                 US0128R
Platform code:                US0128S
Station name:                 Stilwell (IMPROVE)
Station land use:             Forest
Station setting:              Rural
Station latitude:             35.75078
Station longitude:            -94.66956
Station altitude:             300.0 m
Regime:                       IMG
Component:                    
Unit:                         ug/m3
Matrix:                       
Laboratory code:              US03L
Instrument type:              filterpack
Instrument name:              filterpack_US0128
Method ref:                   US03L_IMPROVE_Davis
Blank correction:             Blank corrected
Volume std. temperature:      ambient
Volume std. pressure:         ambient
starttime endtime PM10 PM2.5 flag
  0.25   1.25    7.219   2.278 0.000
  3.25   4.25   13.615   5.935 0.000
  6.25   7.25   17.063   7.513 0.000
  9.25  10.25   15.530  11.418 0.000
 12.25  13.25    8.096   3.004 0.000
 15.25  16.25    9.886   5.214 0.000
 18.25  19.25   18.352   9.813 0.000
 21.25  22.25   41.725  15.984 0.000
 24.25  25.25    3.105   1.433 0.000
 27.25  28.25    7.246   3.561 0.000
 30.25  31.25   11.620   7.566 0.000
 33.25  34.25    5.809   3.800 0.000
 36.25  37.25   11.457   7.658 0.000
 39.25  40.25   15.989  12.860 0.000
 42.25  43.25    6.731   4.562 0.000
 45.25  46.25   10.634   9.175 0.000
 48.25  49.25   15.438  13.081 0.000
 51.25  52.25   10.185   2.532 0.000
 54.25  55.25    6.633   3.618 0.000
 57.25  58.25   20.158  12.455 0.000
 60.25  61.25   23.813   8.933 0.000
 63.25  64.25    9.558   3.810 0.000
 66.25  67.25   15.851   6.804 0.000
 69.25  70.25    7.172   4.161 0.000
 72.25  73.25   13.271   7.509 0.000
 75.25  76.25   15.030   8.107 0.000
 78.25  79.25   10.732   6.116 0.000
 81.25  82.25    6.306   3.426 0.000
 84.25  85.25   11.261   7.260 0.000
 87.25  88.25   21.044  14.040 0.000
 90.25  91.25   21.083  13.212 0.000
 93.25  94.25   14.781   5.446 0.000
 96.25  97.25   12.888   5.868 0.000
 99.25 100.25   16.818   7.563 0.000
102.25 103.25   21.626   6.849 0.000
105.25 106.25   18.737   7.493 0.000
108.25 109.25   15.850   4.699 0.000
111.25 112.25    8.002   3.228 0.000
114.25 115.25   17.293   8.540 0.000
117.25 118.25   32.963  13.322 0.000
120.25 121.25   11.769   7.089 0.000
123.25 124.25   16.324   9.174 0.000
126.25 127.25   22.696  15.892 0.000
129.25 130.25   14.348   5.502 0.000
132.25 133.25   12.376   7.432 0.000
135.25 136.25   12.602   6.224 0.000
138.25 139.25   24.092  12.646 0.000
141.25 142.25   16.341   5.705 0.000
144.25 145.25   26.172  12.671 0.000
147.25 148.25   14.625   8.479 0.000
150.25 151.25   13.410   5.307 0.000
153.25 154.25    9.506   4.846 0.000
156.25 157.25   14.049   7.950 0.000
159.25 160.25   15.722   9.400 0.000
162.25 163.25   18.386  10.731 0.000
165.25 166.25   18.661   9.010 0.000
168.25 169.25   13.188   8.728 0.000
171.25 172.25   11.199   4.856 0.000
174.25 175.25   21.163  11.874 0.000
177.25 178.25   31.136  16.937 0.000
180.25 181.25   24.640  16.563 0.000
183.25 184.25   31.982  13.989 0.000
186.25 187.25   27.678  14.285 0.000
189.25 190.25   17.232  10.871 0.000
192.25 193.25   13.929   9.162 0.000
195.25 196.25    9.998   5.450 0.000
198.25 199.25   27.875  12.637 0.000
201.25 202.25   15.667   7.255 0.000
204.25 205.25   25.312  13.275 0.000
207.25 208.25   14.210   6.100 0.000
210.25 211.25   21.389  10.473 0.000
213.25 214.25   25.062  11.104 0.000
216.25 217.25   21.218   9.927 0.000
219.25 220.25   19.700  12.279 0.000
222.25 223.25   15.134   5.408 0.000
225.25 226.25   13.816   7.586 0.000
228.25 229.25   34.311  15.936 0.000
231.25 232.25    7.740   5.360 0.000
234.25 235.25   16.256   8.850 0.000
237.25 238.25   16.183   9.488 0.000
240.25 241.25   11.452   5.435 0.000
243.25 244.25    3.732   1.847 0.000
246.25 247.25   15.193   6.731 0.000
249.25 250.25   15.884   7.844 0.000
252.25 253.25    9.469   3.160 0.000
255.25 256.25   19.300  11.151 0.000
258.25 259.25    5.958   3.781 0.000
261.25 262.25   11.050   3.833 0.000
264.25 265.25   21.729  10.396 0.000
267.25 268.25   17.254   6.269 0.000
270.25 271.25   13.073   8.126 0.000
273.25 274.25   16.290   9.148 0.000
276.25 277.25   26.328   9.922 0.000
279.25 280.25   11.640   3.505 0.000
282.25 283.25   10.610   7.004 0.000
285.25 286.25   11.079   7.537 0.000
288.25 289.25   10.198   5.658 0.000
291.25 292.25  126.914  10.954 0.000
294.25 295.25   20.733  12.006 0.000
297.25 298.25   20.154  10.974 0.000
300.25 301.25   10.266   5.459 0.000
303.25 304.25   15.893   7.654 0.000
306.25 307.25   22.100   9.167 0.000
309.25 310.25   15.385   7.152 0.000
312.25 313.25   13.306   4.469 0.000
315.25 316.25    8.134   3.971 0.000
318.25 319.25   11.426   7.606 0.000
321.25 322.25   15.333   9.946 0.000
324.25 325.25   20.188  12.321 0.000
327.25 328.25   10.281   1.926 0.000
330.25 331.25   14.454   8.986 0.000
333.25 334.25   14.374   8.312 0.000
336.25 337.25   13.225   8.203 0.000
339.25 340.25    5.750   3.370 0.000
342.25 343.25   24.401  17.781 0.000
345.25 346.25   16.617   9.686 0.000
348.25 349.25   13.044   7.967 0.000
351.25 352.25   20.174  15.743 0.000
354.25 355.25   14.212   2.297 0.000
357.25 358.25   14.709   6.139 0.000
360.25 361.25 9999.999 999.999 0.999
363.25 364.25   18.216  14.730 0.000
