scripts/IMPROVE-2019_partial/data/US0121R.20130101050000.20191216000000.filterpack...52w.3d.US03L_filterpack_US0121.US03L_IMPROVE_Davis.lev2.nas
54 1001
MISSING INFORMATION
US03L, IMPROVE, , , , , , , 
MISSING INFORMATION
IMPROVE sel_HTAP
1 1
2013 01 01 2019 12 16
3.000000
days from file reference point
5
1 1 1 1 1
999.999999 999.999 9.999 999.999 9.999
end_time of measurement, days from the file reference point
pm10_mass, ug/m3, Matrix=pm10
numflag pm10_mass, no unit, Matrix=pm10
pm25_mass, ug/m3, Matrix=pm25
numflag pm25_mass, no unit, Matrix=pm25
0
35
Data definition:              EBAS_1.1
Set type code:                TU
Timezone:                     UTC
File name:                    US0121R.20130101050000.20191216000000.filterpack...52w.3d.US03L_filterpack_US0121.US03L_IMPROVE_Davis.lev2.nas
File creation:                20191218120217
Startdate:                    20130101050000
Revision date:                20191216000000
Version:                      2
Version description:          "Data extracted from http://views.cira.colostate.edu/fed/DataWizard 2019-12-16"
Statistics:                   arithmetic mean
Data level:                   2
Period code:                  52w
Resolution code:              3d
Sample duration:              1d
Orig. time res.:              3d
Station code:                 US0121R
Platform code:                US0121S
Station name:                 Lye Brook Wilderness (IMPROVE)
Station land use:             Forest
Station setting:              Rural
Station latitude:             42.9561
Station longitude:            -72.9098
Station altitude:             882.0 m
Regime:                       IMG
Component:                    
Unit:                         ug/m3
Matrix:                       
Laboratory code:              US03L
Instrument type:              filterpack
Instrument name:              filterpack_US0121
Method ref:                   US03L_IMPROVE_Davis
Blank correction:             Blank corrected
Volume std. temperature:      ambient
Volume std. pressure:         ambient
starttime endtime PM10 flag_PM10 PM2.5 flag_PM2.5
  0.208333   1.208333   2.672 0.000   2.642 0.000
  3.208333   4.208333   7.180 0.000   6.597 0.000
  6.208333   7.208333   4.973 0.000   4.609 0.000
  9.208333  10.208333   2.049 0.000   1.402 0.000
 12.208333  13.208333   6.098 0.000   2.956 0.000
 15.208333  16.208333   3.072 0.000   1.706 0.000
 18.208333  19.208333   4.602 0.000   3.225 0.000
 21.208333  22.208333   7.339 0.000   3.480 0.000
 24.208333  25.208333   3.793 0.000   1.325 0.000
 27.208333  28.208333   5.621 0.000   2.828 0.000
 30.208333  31.208333   3.425 0.000   0.918 0.000
 33.208333  34.208333   7.105 0.000   5.339 0.000
 36.208333  37.208333   6.585 0.000   4.927 0.000
 39.208333  40.208333   3.830 0.000   1.763 0.000
 42.208333  43.208333   3.710 0.000   2.771 0.000
 45.208333  46.208333   8.753 0.000   6.643 0.000
 48.208333  49.208333   2.732 0.000   1.078 0.000
 51.208333  52.208333   4.000 0.000   2.412 0.000
 54.208333  55.208333   1.393 0.000   1.201 0.000
 57.208333  58.208333   0.675 0.000   0.482 0.000
 60.208333  61.208333   2.376 0.000   1.889 0.000
 63.208333  64.208333   7.746 0.000   1.950 0.000
 66.208333  67.208333   3.047 0.000   1.792 0.000
 69.208333  70.208333   7.910 0.000   4.353 0.000
 72.208333  73.208333   5.433 0.000   2.107 0.000
 75.208333  76.208333   2.942 0.000   2.053 0.000
 78.208333  79.208333 999.999 0.999 999.999 0.999
 81.208333  82.208333   1.871 0.000   1.400 0.000
 84.208333  85.208333   3.190 0.000   1.756 0.000
 87.208333  88.208333   2.980 0.000   1.822 0.000
 90.208333  91.208333   3.833 0.000   2.415 0.000
 93.208333  94.208333   6.404 0.000   3.226 0.000
 96.208333  97.208333   7.483 0.000   3.642 0.000
 99.208333 100.208333   1.364 0.000   0.948 0.000
102.208333 103.208333   2.387 0.000   1.868 0.000
105.208333 106.208333   5.170 0.000   3.494 0.000
108.208333 109.208333   3.548 0.000   2.252 0.000
111.208333 112.208333   5.973 0.000   4.056 0.000
114.208333 115.208333   4.521 0.000   2.792 0.000
117.208333 118.208333   6.770 0.000   4.549 0.000
120.208333 121.208333   7.763 0.000   4.081 0.000
123.208333 124.208333   3.881 0.000   1.603 0.000
126.208333 127.208333   9.681 0.000   3.659 0.000
129.208333 130.208333   6.654 0.000   3.206 0.000
132.208333 133.208333   4.407 0.000   1.928 0.000
135.208333 136.208333  12.104 0.000   3.393 0.000
138.208333 139.208333   3.629 0.000   1.940 0.000
141.208333 142.208333   9.140 0.000   5.841 0.000
144.208333 145.208333   0.294 0.000   0.030 0.000
147.208333 148.208333   8.977 0.000   3.339 0.000
150.208333 151.208333  21.776 0.000  13.014 0.000
153.208333 154.208333   9.738 0.000   3.735 0.000
156.208333 157.208333   7.056 0.000   3.268 0.000
159.208333 160.208333   5.754 0.000   3.016 0.000
162.208333 163.208333   5.023 0.000   2.410 0.000
165.208333 166.208333   8.215 0.000   4.246 0.000
168.208333 169.208333   8.025 0.000   3.557 0.000
171.208333 172.208333  11.512 0.000   6.754 0.000
174.208333 175.208333  18.532 0.000  12.583 0.000
177.208333 178.208333  10.657 0.000   7.217 0.000
180.208333 181.208333  10.803 0.000   7.892 0.000
183.208333 184.208333   7.277 0.000   4.995 0.000
186.208333 187.208333   7.789 0.000   5.513 0.000
189.208333 190.208333   7.840 0.000   5.545 0.000
192.208333 193.208333   6.718 0.000   3.079 0.000
195.208333 196.208333  10.150 0.000   7.283 0.000
198.208333 199.208333  18.570 0.000  11.572 0.000
201.208333 202.208333   8.738 0.000   5.498 0.000
204.208333 205.208333   6.309 0.000   4.035 0.000
207.208333 208.208333   7.035 0.000   4.804 0.000
210.208333 211.208333   5.406 0.000   3.234 0.000
213.208333 214.208333   5.360 0.000   3.704 0.000
216.208333 217.208333   2.368 0.000   1.183 0.000
219.208333 220.208333   5.717 0.000   4.477 0.000
222.208333 223.208333   4.193 0.000   2.617 0.000
225.208333 226.208333   3.122 0.000   1.723 0.000
228.208333 229.208333   8.190 0.000   6.000 0.000
231.208333 232.208333  17.970 0.000  12.479 0.000
234.208333 235.208333   6.753 0.000   3.783 0.000
237.208333 238.208333  11.487 0.000   8.267 0.000
240.208333 241.208333   4.733 0.000   3.013 0.000
243.208333 244.208333   9.160 0.000   6.480 0.000
246.208333 247.208333   4.294 0.000   2.448 0.000
249.208333 250.208333   3.864 0.000   1.716 0.000
252.208333 253.208333  11.328 0.000   8.663 0.000
255.208333 256.208333   2.697 0.000   1.834 0.000
258.208333 259.208333   3.064 0.000   1.518 0.000
261.208333 262.208333 999.999 0.456   2.319 0.000
264.208333 265.208333   1.278 0.000   0.719 0.000
267.208333 268.208333   3.246 0.000   1.304 0.000
270.208333 271.208333   2.655 0.000   1.405 0.000
273.208333 274.208333   8.437 0.000   5.837 0.000
276.208333 277.208333   5.282 0.000   3.374 0.000
279.208333 280.208333   1.191 0.000   0.742 0.000
282.208333 283.208333 999.999 0.999 999.999 0.999
285.208333 286.208333 999.999 0.999 999.999 0.999
288.208333 289.208333 999.999 0.999 999.999 0.999
291.208333 292.208333   9.209 0.000   5.909 0.000
294.208333 295.208333   5.348 0.000   3.744 0.000
297.208333 298.208333   1.676 0.000   1.172 0.000
300.208333 301.208333   3.020 0.000   1.893 0.000
303.208333 304.208333   9.092 0.000   5.883 0.000
306.208333 307.208333   1.897 0.000   0.906 0.000
309.208333 310.208333   5.888 0.000   2.685 0.000
312.208333 313.208333   2.573 0.000   1.849 0.000
315.208333 316.208333   1.683 0.000   0.710 0.000
318.208333 319.208333   4.683 0.000   2.738 0.000
321.208333 322.208333   2.820 0.000   1.714 0.000
324.208333 325.208333   3.366 0.000   1.457 0.000
327.208333 328.208333   2.464 0.000   0.740 0.000
330.208333 331.208333   0.629 0.000   0.335 0.000
333.208333 334.208333   2.950 0.000   1.772 0.000
336.208333 337.208333  14.706 0.000  11.253 0.000
339.208333 340.208333   2.219 0.000   1.344 0.000
342.208333 343.208333   1.867 0.000   1.488 0.000
345.208333 346.208333   3.229 0.000   1.931 0.000
348.208333 349.208333   2.135 0.000   2.184 0.000
351.208333 352.208333   7.694 0.000   4.205 0.000
354.208333 355.208333   7.182 0.000   3.506 0.000
357.208333 358.208333   5.493 0.000   2.291 0.000
360.208333 361.208333   8.653 0.000   5.658 0.000
363.208333 364.208333   3.663 0.000   1.748 0.000
