scripts/IMPROVE-2019_partial/data/US0122R.20170101080000.20191216000000.filterpack...52w.3d.US03L_filterpack_US0122.US03L_IMPROVE_Davis.lev2.nas
54 1001
MISSING INFORMATION
US03L, IMPROVE, , , , , , , 
MISSING INFORMATION
IMPROVE sel_HTAP
1 1
2017 01 01 2019 12 16
3.000000
days from file reference point
5
1 1 1 1 1
999.999999 999.999 9.999 999.999 9.999
end_time of measurement, days from the file reference point
pm10_mass, ug/m3, Matrix=pm10
numflag pm10_mass, no unit, Matrix=pm10
pm25_mass, ug/m3, Matrix=pm25
numflag pm25_mass, no unit, Matrix=pm25
0
35
Data definition:              EBAS_1.1
Set type code:                TU
Timezone:                     UTC
File name:                    US0122R.20170101080000.20191216000000.filterpack...52w.3d.US03L_filterpack_US0122.US03L_IMPROVE_Davis.lev2.nas
File creation:                20191218120218
Startdate:                    20170101080000
Revision date:                20191216000000
Version:                      2
Version description:          "Data extracted from http://views.cira.colostate.edu/fed/DataWizard 2019-12-16"
Statistics:                   arithmetic mean
Data level:                   2
Period code:                  52w
Resolution code:              3d
Sample duration:              1d
Orig. time res.:              3d
Station code:                 US0122R
Platform code:                US0122S
Station name:                 Makah Tribe Site #2
Station land use:             Forest
Station setting:              Coastal
Station latitude:             48.29782
Station longitude:            -124.62488
Station altitude:             480.0 m
Regime:                       IMG
Component:                    
Unit:                         ug/m3
Matrix:                       
Laboratory code:              US03L
Instrument type:              filterpack
Instrument name:              filterpack_US0122
Method ref:                   US03L_IMPROVE_Davis
Blank correction:             Blank corrected
Volume std. temperature:      ambient
Volume std. pressure:         ambient
starttime endtime PM10 flag_PM10 PM2.5 flag_PM2.5
  0.333333   1.333333   2.044 0.000   1.320 0.000
  3.333333   4.333333 999.999 0.999 999.999 0.999
  6.333333   7.333333 999.999 0.999 999.999 0.999
  9.333333  10.333333 999.999 0.999 999.999 0.999
 12.333333  13.333333 999.999 0.999 999.999 0.999
 15.333333  16.333333 999.999 0.999 999.999 0.999
 18.333333  19.333333 999.999 0.999 999.999 0.999
 21.333333  22.333333 999.999 0.999 999.999 0.999
 24.333333  25.333333 999.999 0.999 999.999 0.999
 27.333333  28.333333 999.999 0.999 999.999 0.999
 30.333333  31.333333 999.999 0.999 999.999 0.999
 33.333333  34.333333   0.339 0.000   0.307 0.000
 36.333333  37.333333   0.676 0.000   0.675 0.000
 39.333333  40.333333 999.999 0.999 999.999 0.999
 42.333333  43.333333 999.999 0.999 999.999 0.999
 45.333333  46.333333   0.506 0.000   0.154 0.000
 48.333333  49.333333   1.889 0.000   1.346 0.000
 51.333333  52.333333   5.385 0.000   2.006 0.000
 54.333333  55.333333   2.627 0.000 999.999 0.456
 57.333333  58.333333   4.394 0.000   1.883 0.000
 60.333333  61.333333   0.169 0.000   0.090 0.000
 63.333333  64.333333   0.422 0.000   0.214 0.000
 66.333333  67.333333   0.932 0.000   0.361 0.000
 69.333333  70.333333   0.422 0.000   0.512 0.000
 72.333333  73.333333 999.999 0.456 999.999 0.259
 75.333333  76.333333   2.067 0.000   0.907 0.000
 78.333333  79.333333   2.749 0.000   1.843 0.000
 81.333333  82.333333   0.924 0.000   0.392 0.000
 84.333333  85.333333   0.336 0.000   0.484 0.000
 87.333333  88.333333 999.999 0.999 999.999 0.999
 90.333333  91.333333 999.999 0.456   1.035 0.000
 93.333333  94.333333   2.211 0.000   1.514 0.000
 96.333333  97.333333 999.999 0.456   0.274 0.000
 99.333333 100.333333   0.421 0.000   0.537 0.000
102.333333 103.333333   0.463 0.000   0.602 0.000
105.333333 106.333333 999.999 0.456   2.067 0.000
108.333333 109.333333   3.274 0.000   2.363 0.000
111.333333 112.333333   1.803 0.000   1.289 0.000
114.333333 115.333333   0.470 0.000   0.488 0.000
117.333333 118.333333   2.650 0.000   1.633 0.000
120.333333 121.333333   1.137 0.000   0.889 0.000
123.333333 124.333333   2.861 0.000   1.370 0.000
126.333333 127.333333   3.398 0.000   1.657 0.000
129.333333 130.333333   3.344 0.000   1.701 0.000
132.333333 133.333333   3.271 0.000   1.461 0.000
135.333333 136.333333   3.226 0.000   1.887 0.000
138.333333 139.333333   3.841 0.000   1.483 0.000
141.333333 142.333333   6.078 0.000   3.280 0.000
144.333333 145.333333  12.291 0.000   4.494 0.000
147.333333 148.333333   4.070 0.000   1.797 0.000
150.333333 151.333333   1.229 0.659   0.474 0.000
153.333333 154.333333   3.738 0.659   1.985 0.000
156.333333 157.333333   4.577 0.000   2.201 0.000
159.333333 160.333333   2.255 0.000   1.229 0.000
162.333333 163.333333   3.180 0.000   1.693 0.000
165.333333 166.333333   0.906 0.000   0.540 0.000
168.333333 169.333333   0.636 0.000   0.297 0.000
171.333333 172.333333   5.280 0.659   3.019 0.000
174.333333 175.333333   5.107 0.659   3.399 0.000
177.333333 178.333333 999.999 0.456   3.757 0.000
180.333333 181.333333 999.999 0.456   2.594 0.000
183.333333 184.333333 999.999 0.456   1.631 0.000
186.333333 187.333333   2.403 0.000   1.127 0.000
189.333333 190.333333   0.663 0.000   0.296 0.000
192.333333 193.333333   1.700 0.000   1.100 0.000
195.333333 196.333333   4.625 0.000   2.520 0.000
198.333333 199.333333   5.185 0.000   2.756 0.000
201.333333 202.333333   3.283 0.000   2.106 0.000
204.333333 205.333333   5.773 0.000   3.020 0.000
207.333333 208.333333   1.993 0.000   0.859 0.000
210.333333 211.333333   5.005 0.000   2.625 0.000
213.333333 214.333333  62.420 0.000  56.777 0.000
216.333333 217.333333   7.240 0.000   3.727 0.000
219.333333 220.333333  50.039 0.000  42.270 0.659
222.333333 223.333333   8.517 0.000   5.233 0.000
225.333333 226.333333   6.530 0.000   2.953 0.000
228.333333 229.333333   1.995 0.000   0.859 0.000
231.333333 232.333333   0.996 0.000   0.089 0.000
234.333333 235.333333   2.033 0.000   1.042 0.000
237.333333 238.333333   3.525 0.000   1.866 0.000
240.333333 241.333333   6.781 0.000   4.913 0.000
243.333333 244.333333   3.186 0.000   1.752 0.000
246.333333 247.333333  11.826 0.000   9.102 0.000
249.333333 250.333333 999.999 0.999 999.999 0.999
252.333333 253.333333   6.205 0.000   3.049 0.000
255.333333 256.333333   3.446 0.000   2.001 0.000
258.333333 259.333333   4.810 0.000   2.865 0.000
261.333333 262.333333   1.827 0.000   0.702 0.000
264.333333 265.333333   3.161 0.000   2.091 0.000
267.333333 268.333333   0.873 0.000   0.268 0.000
270.333333 271.333333   6.885 0.000   4.207 0.000
273.333333 274.333333   2.505 0.000   1.098 0.000
276.333333 277.333333   3.678 0.000   2.084 0.000
279.333333 280.333333   1.632 0.000   0.899 0.000
282.333333 283.333333   5.031 0.000   2.246 0.000
285.333333 286.333333   2.441 0.000   1.134 0.000
288.333333 289.333333   4.331 0.000   3.392 0.000
291.333333 292.333333   1.544 0.000   0.908 0.000
294.333333 295.333333 999.999 0.999 999.999 0.999
297.333333 298.333333   2.470 0.000   0.925 0.000
300.333333 301.333333   8.761 0.000   5.554 0.000
303.333333 304.333333   6.278 0.000   4.599 0.000
306.333333 307.333333   4.427 0.000   3.418 0.000
309.333333 310.333333   8.086 0.000   7.155 0.000
312.333333 313.333333   4.056 0.000   3.913 0.000
315.333333 316.333333   0.461 0.000   0.090 0.000
318.333333 319.333333   2.591 0.000   2.026 0.000
321.333333 322.333333   2.027 0.000   1.341 0.000
324.333333 325.333333   0.547 0.000   0.241 0.000
327.333333 328.333333 999.999 0.999 999.999 0.999
330.333333 331.333333 999.999 0.999 999.999 0.999
333.333333 334.333333   2.278 0.000   1.287 0.000
336.333333 337.333333   2.251 0.000   0.804 0.000
339.333333 340.333333   2.771 0.000   1.963 0.000
342.333333 343.333333   4.620 0.000   3.446 0.000
345.333333 346.333333   2.921 0.000   2.284 0.000
348.333333 349.333333   5.629 0.000   2.661 0.000
351.333333 352.333333   0.801 0.000   0.628 0.000
354.333333 355.333333 999.999 0.999 999.999 0.999
357.333333 358.333333 999.999 0.999 999.999 0.999
360.333333 361.333333 999.999 0.999 999.999 0.999
363.333333 364.333333 999.999 0.999 999.999 0.999
