scripts/IMPROVE-2019_partial/data/US0119R.20170101080000.20191216000000.filterpack...52w.3d.US03L_filterpack_US0119.US03L_IMPROVE_Davis.lev2.nas
54 1001
MISSING INFORMATION
US03L, IMPROVE, , , , , , , 
MISSING INFORMATION
IMPROVE sel_HTAP
1 1
2017 01 01 2019 12 16
3.000000
days from file reference point
5
1 1 1 1 1
999.999999 9999.999 9.999 999.999 9.999
end_time of measurement, days from the file reference point
pm10_mass, ug/m3, Matrix=pm10
numflag pm10_mass, no unit, Matrix=pm10
pm25_mass, ug/m3, Matrix=pm25
numflag pm25_mass, no unit, Matrix=pm25
0
35
Data definition:              EBAS_1.1
Set type code:                TU
Timezone:                     UTC
File name:                    US0119R.20170101080000.20191216000000.filterpack...52w.3d.US03L_filterpack_US0119.US03L_IMPROVE_Davis.lev2.nas
File creation:                20191218120216
Startdate:                    20170101080000
Revision date:                20191216000000
Version:                      2
Version description:          "Data extracted from http://views.cira.colostate.edu/fed/DataWizard 2019-12-16"
Statistics:                   arithmetic mean
Data level:                   2
Period code:                  52w
Resolution code:              3d
Sample duration:              1d
Orig. time res.:              3d
Station code:                 US0119R
Platform code:                US0119S
Station name:                 Lake Tahoe Community College
Station land use:             Residential
Station setting:              Rural
Station latitude:             38.9248
Station longitude:            -119.9799
Station altitude:             1935.0 m
Regime:                       IMG
Component:                    
Unit:                         ug/m3
Matrix:                       
Laboratory code:              US03L
Instrument type:              filterpack
Instrument name:              filterpack_US0119
Method ref:                   US03L_IMPROVE_Davis
Blank correction:             Blank corrected
Volume std. temperature:      ambient
Volume std. pressure:         ambient
starttime endtime PM10 flag_PM10 PM2.5 flag_PM2.5
  0.333333   1.333333    6.916 0.000   3.847 0.000
  3.333333   4.333333    0.042 0.000   0.244 0.000
  6.333333   7.333333    0.458 0.000   0.578 0.000
  9.333333  10.333333 9999.999 0.456   0.477 0.000
 12.333333  13.333333 9999.999 0.999 999.999 0.999
 15.333333  16.333333    5.046 0.000   3.391 0.000
 18.333333  19.333333    0.835 0.000   0.643 0.000
 21.333333  22.333333    0.749 0.000   0.525 0.000
 24.333333  25.333333 9999.999 0.999 999.999 0.999
 27.333333  28.333333    8.353 0.000   5.454 0.000
 30.333333  31.333333    7.491 0.000 999.999 0.456
 33.333333  34.333333    0.042 0.000   0.213 0.000
 36.333333  37.333333    0.249 0.000   0.092 0.000
 39.333333  40.333333    0.787 0.000   0.755 0.000
 42.333333  43.333333    3.568 0.000   2.060 0.000
 45.333333  46.333333 9999.999 0.999 999.999 0.999
 48.333333  49.333333    0.663 0.000   0.583 0.000
 51.333333  52.333333    0.960 0.000   0.544 0.000
 54.333333  55.333333    3.172 0.000   1.528 0.000
 57.333333  58.333333    1.173 0.000   0.737 0.000
 60.333333  61.333333    9.282 0.000   3.622 0.000
 63.333333  64.333333    1.428 0.000   0.493 0.000
 66.333333  67.333333    5.062 0.000   1.859 0.000
 69.333333  70.333333    6.073 0.000   2.413 0.000
 72.333333  73.333333    9.940 0.000   2.840 0.000
 75.333333  76.333333   15.708 0.000   4.417 0.000
 78.333333  79.333333    6.528 0.000   2.630 0.000
 81.333333  82.333333    3.292 0.000   1.394 0.000
 84.333333  85.333333    1.533 0.000   0.908 0.000
 87.333333  88.333333 9999.999 0.999 999.999 0.999
 90.333333  91.333333 9999.999 0.999 999.999 0.999
 93.333333  94.333333 9999.999 0.999 999.999 0.999
 96.333333  97.333333 9999.999 0.999 999.999 0.999
 99.333333 100.333333 9999.999 0.999 999.999 0.999
102.333333 103.333333    1.085 0.000   0.600 0.000
105.333333 106.333333    4.825 0.000   2.426 0.000
108.333333 109.333333    7.560 0.000   4.682 0.000
111.333333 112.333333    6.167 0.000   3.879 0.000
114.333333 115.333333    4.033 0.000   1.883 0.000
117.333333 118.333333    6.182 0.000   2.272 0.000
120.333333 121.333333    4.654 0.000   1.878 0.000
123.333333 124.333333   10.223 0.000   4.524 0.000
126.333333 127.333333    6.002 0.000   2.609 0.000
129.333333 130.333333 9999.999 0.999 999.999 0.999
132.333333 133.333333 9999.999 0.999 999.999 0.999
135.333333 136.333333 9999.999 0.999 999.999 0.999
138.333333 139.333333    5.071 0.000   2.110 0.000
141.333333 142.333333    8.062 0.000   3.319 0.000
144.333333 145.333333    8.387 0.000   3.544 0.000
147.333333 148.333333    6.557 0.000   2.732 0.000
150.333333 151.333333    6.831 0.000   2.973 0.000
153.333333 154.333333    8.322 0.000   3.874 0.000
156.333333 157.333333    9.987 0.000   3.818 0.000
159.333333 160.333333    2.629 0.000   1.193 0.000
162.333333 163.333333    2.820 0.000   1.286 0.000
165.333333 166.333333    8.759 0.000   2.470 0.000
168.333333 169.333333    7.433 0.000   2.465 0.000
171.333333 172.333333   20.531 0.000   6.551 0.000
174.333333 175.333333   17.015 0.000   5.802 0.000
177.333333 178.333333   11.932 0.000   2.018 0.000
180.333333 181.333333   25.882 0.000   5.468 0.000
183.333333 184.333333  112.370 0.000  19.156 0.000
186.333333 187.333333   14.998 0.000   4.518 0.000
189.333333 190.333333   14.561 0.000   6.631 0.000
192.333333 193.333333 9999.999 0.999 999.999 0.999
195.333333 196.333333    8.529 0.000   3.674 0.000
198.333333 199.333333   21.701 0.000  11.336 0.000
201.333333 202.333333   15.229 0.000   6.125 0.000
204.333333 205.333333   18.060 0.000   7.198 0.000
207.333333 208.333333   12.285 0.000   4.475 0.000
210.333333 211.333333   11.645 0.000   5.223 0.000
213.333333 214.333333   15.885 0.000   8.485 0.000
216.333333 217.333333   10.859 0.000   6.871 0.000
219.333333 220.333333   16.091 0.000   7.335 0.000
222.333333 223.333333   17.382 0.000   9.821 0.000
225.333333 226.333333    6.828 0.000   2.321 0.000
228.333333 229.333333   12.945 0.000   6.556 0.000
231.333333 232.333333   12.312 0.000   7.329 0.000
234.333333 235.333333    9.444 0.000   4.986 0.000
237.333333 238.333333   11.639 0.000   6.531 0.000
240.333333 241.333333   15.874 0.000   7.559 0.000
243.333333 244.333333   23.002 0.000  14.725 0.000
246.333333 247.333333   14.903 0.000   9.087 0.000
249.333333 250.333333   19.343 0.000  13.602 0.000
252.333333 253.333333   10.046 0.000   5.794 0.000
255.333333 256.333333    4.054 0.000   2.237 0.000
258.333333 259.333333   13.087 0.000   9.715 0.000
261.333333 262.333333    4.077 0.000   1.487 0.000
264.333333 265.333333    2.827 0.000   1.948 0.000
267.333333 268.333333    4.594 0.000   2.477 0.000
270.333333 271.333333   17.287 0.000   4.217 0.000
273.333333 274.333333    4.087 0.000   2.603 0.000
276.333333 277.333333    9.280 0.000   3.015 0.000
279.333333 280.333333    6.623 0.000   2.832 0.000
282.333333 283.333333   27.245 0.000   6.478 0.000
285.333333 286.333333   33.481 0.000  17.892 0.000
288.333333 289.333333   20.638 0.000  11.159 0.000
291.333333 292.333333   17.487 0.000   5.090 0.000
294.333333 295.333333    4.411 0.000   2.368 0.000
297.333333 298.333333    8.166 0.000   3.536 0.000
300.333333 301.333333    6.669 0.000   3.939 0.000
303.333333 304.333333   11.938 0.000   4.994 0.000
306.333333 307.333333    5.743 0.000   3.778 0.000
309.333333 310.333333    4.384 0.000   2.813 0.000
312.333333 313.333333    1.700 0.000   0.566 0.000
315.333333 316.333333    3.108 0.000   2.032 0.000
318.333333 319.333333    2.615 0.000   1.818 0.000
321.333333 322.333333    5.092 0.000   3.493 0.000
324.333333 325.333333    7.522 0.000   4.741 0.000
327.333333 328.333333    2.713 0.000   0.978 0.000
330.333333 331.333333    1.922 0.000   1.437 0.000
333.333333 334.333333 9999.999 0.999 999.999 0.999
336.333333 337.333333    2.220 0.000   1.383 0.000
339.333333 340.333333    6.005 0.000   3.330 0.000
342.333333 343.333333    7.226 0.000   5.065 0.000
345.333333 346.333333    7.320 0.000   4.625 0.000
348.333333 349.333333    8.529 0.000   5.044 0.000
351.333333 352.333333    5.703 0.000   3.496 0.000
354.333333 355.333333    4.478 0.000   2.629 0.000
357.333333 358.333333    3.746 0.000   2.025 0.000
360.333333 361.333333 9999.999 0.999 999.999 0.999
363.333333 364.333333 9999.999 0.999 999.999 0.999
