scripts/IMPROVE-2019_partial/data/US0120R.20140102050000.20191216000000.filterpack...52w.3d.US03L_filterpack_US0120.US03L_IMPROVE_Davis.lev2.nas
54 1001
MISSING INFORMATION
US03L, IMPROVE, , , , , , , 
MISSING INFORMATION
IMPROVE sel_HTAP
1 1
2014 01 01 2019 12 16
3.000000
days from file reference point
5
1 1 1 1 1
999.999999 999.999 9.999 999.999 9.999
end_time of measurement, days from the file reference point
pm10_mass, ug/m3, Matrix=pm10
numflag pm10_mass, no unit, Matrix=pm10
pm25_mass, ug/m3, Matrix=pm25
numflag pm25_mass, no unit, Matrix=pm25
0
35
Data definition:              EBAS_1.1
Set type code:                TU
Timezone:                     UTC
File name:                    US0120R.20140102050000.20191216000000.filterpack...52w.3d.US03L_filterpack_US0120.US03L_IMPROVE_Davis.lev2.nas
File creation:                20191218120217
Startdate:                    20140102050000
Revision date:                20191216000000
Version:                      2
Version description:          "Data extracted from http://views.cira.colostate.edu/fed/DataWizard 2019-12-16"
Statistics:                   arithmetic mean
Data level:                   2
Period code:                  52w
Resolution code:              3d
Sample duration:              1d
Orig. time res.:              3d
Station code:                 US0120R
Platform code:                US0120S
Station name:                 Londonderry
Station land use:             Residential
Station setting:              Suburban
Station latitude:             42.8624
Station longitude:            -71.3801
Station altitude:             124.0 m
Regime:                       IMG
Component:                    
Unit:                         ug/m3
Matrix:                       
Laboratory code:              US03L
Instrument type:              filterpack
Instrument name:              filterpack_US0120
Method ref:                   US03L_IMPROVE_Davis
Blank correction:             Blank corrected
Volume std. temperature:      ambient
Volume std. pressure:         ambient
starttime endtime PM10 flag_PM10 PM2.5 flag_PM2.5
  1.208333   2.208333   6.478 0.000   3.753 0.000
  4.208333   5.208333  13.605 0.000  10.253 0.000
  7.208333   8.208333  10.137 0.000   6.301 0.000
 10.208333  11.208333   8.740 0.000   8.623 0.000
 13.208333  14.208333   5.467 0.000   3.824 0.000
 16.208333  17.208333  12.011 0.000   8.772 0.000
 19.208333  20.208333   6.566 0.000   5.318 0.000
 22.208333  23.208333   7.227 0.000   2.912 0.000
 25.208333  26.208333   7.306 0.000   4.121 0.000
 28.208333  29.208333  11.390 0.000   5.413 0.000
 31.208333  32.208333  20.619 0.000  11.207 0.000
 34.208333  35.208333  14.180 0.000   8.514 0.000
 37.208333  38.208333   9.466 0.000   6.212 0.000
 40.208333  41.208333  12.522 0.000   9.932 0.000
 43.208333  44.208333  10.305 0.000   6.105 0.000
 46.208333  47.208333   5.323 0.000   3.498 0.000
 49.208333  50.208333  13.327 0.000  10.342 0.000
 52.208333  53.208333   5.452 0.000   3.355 0.000
 55.208333  56.208333   5.596 0.000   3.574 0.000
 58.208333  59.208333   6.990 0.000   3.953 0.000
 61.208333  62.208333   7.603 0.000   4.561 0.000
 64.208333  65.208333  14.649 0.000   5.070 0.000
 67.208333  68.208333   6.162 0.000   4.325 0.000
 70.208333  71.208333  10.761 0.000   8.307 0.000
 73.208333  74.208333   7.451 0.000   4.418 0.000
 76.208333  77.208333   9.686 0.000   4.444 0.000
 79.208333  80.208333   4.299 0.000   2.949 0.000
 82.208333  83.208333   5.172 0.000   3.059 0.000
 85.208333  86.208333   6.077 0.000   2.881 0.000
 88.208333  89.208333   0.833 0.000   0.603 0.000
 91.208333  92.208333  10.024 0.000   4.513 0.000
 94.208333  95.208333   2.734 0.000   1.889 0.000
 97.208333  98.208333   2.711 0.000   1.902 0.000
100.208333 101.208333   8.995 0.000   5.369 0.000
103.208333 104.208333  12.521 0.000   5.799 0.000
106.208333 107.208333   8.368 0.000   3.486 0.000
109.208333 110.208333   5.800 0.000   4.023 0.000
112.208333 113.208333   6.235 0.000   3.763 0.000
115.208333 116.208333   5.527 0.000   3.397 0.000
118.208333 119.208333   9.035 0.000   3.353 0.000
121.208333 122.208333   5.561 0.000   3.426 0.000
124.208333 125.208333   1.513 0.000   0.717 0.000
127.208333 128.208333  10.606 0.000   4.243 0.000
130.208333 131.208333   7.019 0.000   3.621 0.000
133.208333 134.208333  12.730 0.000   4.072 0.000
136.208333 137.208333   9.299 0.000   3.928 0.000
139.208333 140.208333   6.464 0.000   2.296 0.000
142.208333 143.208333   5.128 0.000   2.390 0.000
145.208333 146.208333  13.160 0.000   6.849 0.000
148.208333 149.208333   9.383 0.000   3.066 0.000
151.208333 152.208333  10.721 0.000   5.832 0.000
154.208333 155.208333  11.983 0.000   3.728 0.000
157.208333 158.208333   7.063 0.000   3.080 0.000
160.208333 161.208333  10.450 0.000   5.145 0.000
163.208333 164.208333   8.840 0.000   2.233 0.000
166.208333 167.208333   8.543 0.000   3.631 0.000
169.208333 170.208333   8.461 0.000   3.129 0.000
172.208333 173.208333   9.393 0.000   4.040 0.000
175.208333 176.208333  14.845 0.000   6.277 0.000
178.208333 179.208333  18.170 0.000   7.037 0.000
181.208333 182.208333  17.372 0.000   9.691 0.000
184.208333 185.208333  10.071 0.000   5.259 0.000
187.208333 188.208333  15.182 0.000  10.365 0.000
190.208333 191.208333   6.876 0.659   4.160 0.000
193.208333 194.208333  13.770 0.000   9.881 0.000
196.208333 197.208333 999.999 0.999 999.999 0.999
199.208333 200.208333 999.999 0.999 999.999 0.999
202.208333 203.208333 999.999 0.999 999.999 0.999
205.208333 206.208333  18.035 0.000  14.363 0.000
208.208333 209.208333   9.317 0.000   6.553 0.000
211.208333 212.208333 999.999 0.999 999.999 0.999
214.208333 215.208333 999.999 0.999 999.999 0.999
217.208333 218.208333 999.999 0.999 999.999 0.999
220.208333 221.208333 999.999 0.999 999.999 0.999
223.208333 224.208333   9.433 0.000   5.341 0.000
226.208333 227.208333   6.269 0.000   3.928 0.000
229.208333 230.208333   5.170 0.000   3.233 0.000
232.208333 233.208333   7.202 0.000   4.943 0.000
235.208333 236.208333   9.407 0.000   6.192 0.000
238.208333 239.208333  14.354 0.000  10.370 0.000
241.208333 242.208333   7.454 0.000   3.538 0.000
244.208333 245.208333  13.944 0.000  10.111 0.000
247.208333 248.208333  16.520 0.000  11.721 0.000
250.208333 251.208333 999.999 0.999 999.999 0.999
253.208333 254.208333  10.893 0.000   4.665 0.000
256.208333 257.208333   2.505 0.000   1.370 0.000
259.208333 260.208333 999.999 0.999 999.999 0.999
262.208333 263.208333 999.999 0.999 999.999 0.999
265.208333 266.208333   5.597 0.000   3.653 0.000
268.208333 269.208333  12.798 0.000   7.097 0.000
271.208333 272.208333  12.131 0.000   7.803 0.000
274.208333 275.208333   4.796 0.000   2.724 0.000
277.208333 278.208333   5.186 0.000   2.691 0.000
280.208333 281.208333   7.639 0.000   3.646 0.000
283.208333 284.208333   7.364 0.000   5.980 0.000
286.208333 287.208333   8.699 0.000   3.641 0.000
289.208333 290.208333  11.409 0.000   5.980 0.000
292.208333 293.208333   4.866 0.000   2.929 0.000
295.208333 296.208333   0.745 0.000   0.365 0.000
298.208333 299.208333   5.184 0.000   3.459 0.000
301.208333 302.208333   7.410 0.000   5.246 0.000
304.208333 305.208333   3.354 0.000   2.359 0.000
307.208333 308.208333  18.817 0.000   8.098 0.000
310.208333 311.208333   1.458 0.000   1.224 0.000
313.208333 314.208333  10.894 0.000   7.915 0.000
316.208333 317.208333   4.594 0.000   2.945 0.000
319.208333 320.208333   8.920 0.000   7.428 0.000
322.208333 323.208333   6.736 0.000   4.416 0.000
325.208333 326.208333   9.541 0.000   6.333 0.000
328.208333 329.208333   8.973 0.000   6.123 0.000
331.208333 332.208333   5.170 0.000   4.484 0.000
334.208333 335.208333  10.641 0.000   8.070 0.000
337.208333 338.208333   5.924 0.000   3.932 0.000
340.208333 341.208333   4.831 0.000   3.385 0.000
343.208333 344.208333   0.753 0.000   0.644 0.000
346.208333 347.208333   1.846 0.000   1.467 0.000
349.208333 350.208333  11.904 0.000   9.488 0.000
352.208333 353.208333   1.853 0.000   1.337 0.000
355.208333 356.208333   8.802 0.000   6.464 0.000
358.208333 359.208333 999.999 0.999 999.999 0.999
361.208333 362.208333 999.999 0.999 999.999 0.999
364.208333 365.208333  11.125 0.000   7.340 0.000
