scripts/IMPROVE-2019_partial/data/US0126R.20060111050000.20191216000000.filterpack...12mo.3d.US03L_filterpack_US0126.US03L_IMPROVE_Davis.lev2.nas
54 1001
MISSING INFORMATION
US03L, IMPROVE, , , , , , , 
MISSING INFORMATION
IMPROVE sel_HTAP
1 1
2006 01 01 2019 12 16
3.000000
days from file reference point
5
1 1 1 1 1
999.999999 999.999 9.999 999.999 9.999
end_time of measurement, days from the file reference point
pm10_mass, ug/m3, Matrix=pm10
numflag pm10_mass, no unit, Matrix=pm10
pm25_mass, ug/m3, Matrix=pm25
numflag pm25_mass, no unit, Matrix=pm25
0
35
Data definition:              EBAS_1.1
Set type code:                TU
Timezone:                     UTC
File name:                    US0126R.20060111050000.20191216000000.filterpack...12mo.3d.US03L_filterpack_US0126.US03L_IMPROVE_Davis.lev2.nas
File creation:                20191218120220
Startdate:                    20060111050000
Revision date:                20191216000000
Version:                      2
Version description:          "Data extracted from http://views.cira.colostate.edu/fed/DataWizard 2019-12-16"
Statistics:                   arithmetic mean
Data level:                   2
Period code:                  12mo
Resolution code:              3d
Sample duration:              1d
Orig. time res.:              3d
Station code:                 US0126R
Platform code:                US0126S
Station name:                 Penobscot
Station land use:             Forest
Station setting:              Rural
Station latitude:             44.94798
Station longitude:            -68.64786
Station altitude:             45.0 m
Regime:                       IMG
Component:                    
Unit:                         ug/m3
Matrix:                       
Laboratory code:              US03L
Instrument type:              filterpack
Instrument name:              filterpack_US0126
Method ref:                   US03L_IMPROVE_Davis
Blank correction:             Blank corrected
Volume std. temperature:      ambient
Volume std. pressure:         ambient
starttime endtime PM10 flag_PM10 PM2.5 flag_PM2.5
 10.208333  11.208333 999.999 0.999 999.999 0.999
 13.208333  14.208333   5.472 0.000   4.772 0.000
 16.208333  17.208333   4.466 0.000   2.115 0.000
 19.208333  20.208333  26.131 0.000  11.869 0.000
 22.208333  23.208333  16.709 0.000   6.366 0.000
 25.208333  26.208333   4.373 0.000   3.914 0.000
 28.208333  29.208333   5.389 0.000   3.683 0.000
 31.208333  32.208333   4.995 0.000   3.059 0.000
 34.208333  35.208333   7.384 0.000   6.402 0.000
 37.208333  38.208333   5.996 0.000   3.870 0.000
 40.208333  41.208333   7.877 0.000   3.787 0.000
 43.208333  44.208333   7.885 0.000   3.740 0.000
 46.208333  47.208333  18.107 0.000  13.280 0.000
 49.208333  50.208333   6.471 0.000   3.921 0.000
 52.208333  53.208333  25.491 0.000  16.391 0.000
 55.208333  56.208333   3.333 0.000   2.115 0.000
 58.208333  59.208333   6.752 0.000   2.328 0.000
 61.208333  62.208333   6.378 0.000   4.365 0.000
 64.208333  65.208333   7.122 0.000   2.461 0.000
 67.208333  68.208333   9.165 0.000   4.287 0.000
 70.208333  71.208333  12.236 0.000   8.544 0.000
 73.208333  74.208333   2.859 0.000   1.737 0.000
 76.208333  77.208333   4.346 0.000   2.879 0.000
 79.208333  80.208333   3.481 0.000   2.514 0.000
 82.208333  83.208333   8.684 0.000   2.507 0.000
 85.208333  86.208333  11.643 0.000   3.149 0.000
 88.208333  89.208333  21.847 0.000  10.499 0.000
 91.208333  92.208333   7.295 0.000   1.829 0.000
 94.208333  95.208333   3.289 0.000   1.867 0.000
 97.208333  98.208333   4.295 0.000   3.751 0.000
100.208333 101.208333  12.727 0.000   7.635 0.000
103.208333 104.208333   9.080 0.000   5.743 0.000
106.208333 107.208333   0.776 0.000   0.496 0.000
109.208333 110.208333   3.877 0.000   1.813 0.000
112.208333 113.208333   8.180 0.000   3.901 0.000
115.208333 116.208333   6.310 0.000   2.528 0.659
118.208333 119.208333   5.263 0.000   2.529 0.659
121.208333 122.208333   5.062 0.000   3.284 0.659
124.208333 125.208333  16.629 0.000   8.795 0.000
127.208333 128.208333   7.830 0.000   3.610 0.659
130.208333 131.208333   3.100 0.000   1.173 0.659
133.208333 134.208333   7.661 0.000   4.686 0.659
136.208333 137.208333  11.494 0.000 999.999 0.456
139.208333 140.208333  13.010 0.000 999.999 0.456
142.208333 143.208333   4.167 0.000   1.679 0.000
145.208333 146.208333  18.657 0.000  11.589 0.000
148.208333 149.208333  12.761 0.000   7.063 0.000
151.208333 152.208333  18.436 0.000  11.296 0.000
154.208333 155.208333   2.405 0.000   1.063 0.000
157.208333 158.208333   5.825 0.000   3.313 0.659
160.208333 161.208333   3.537 0.000   2.018 0.000
163.208333 164.208333  11.655 0.000   6.079 0.000
166.208333 167.208333  10.320 0.000   4.860 0.000
169.208333 170.208333  23.492 0.000  16.946 0.000
172.208333 173.208333  17.007 0.000  10.468 0.000
175.208333 176.208333   8.095 0.000   5.332 0.000
178.208333 179.208333 999.999 0.999 999.999 0.999
181.208333 182.208333  12.342 0.000   7.646 0.000
184.208333 185.208333  15.253 0.000  12.526 0.000
187.208333 188.208333   8.058 0.000   4.678 0.000
190.208333 191.208333  20.860 0.000  15.875 0.000
193.208333 194.208333  18.024 0.000  12.371 0.000
196.208333 197.208333  10.404 0.000   7.531 0.000
199.208333 200.208333 999.999 0.999 999.999 0.999
202.208333 203.208333   9.930 0.000   7.397 0.000
205.208333 206.208333  20.099 0.000  13.166 0.000
208.208333 209.208333  22.179 0.000  17.345 0.000
211.208333 212.208333   8.377 0.000   4.108 0.000
214.208333 215.208333  10.495 0.000   5.166 0.000
217.208333 218.208333   9.028 0.000   3.473 0.000
220.208333 221.208333   7.119 0.000   2.741 0.000
223.208333 224.208333 999.999 0.999 999.999 0.999
226.208333 227.208333 999.999 0.999 999.999 0.999
229.208333 230.208333  11.879 0.000   6.666 0.000
232.208333 233.208333   6.427 0.000   3.029 0.000
235.208333 236.208333   6.650 0.000   3.017 0.000
238.208333 239.208333   6.539 0.000   3.786 0.000
241.208333 242.208333   6.541 0.000   3.343 0.000
244.208333 245.208333   7.723 0.000   3.650 0.659
247.208333 248.208333   9.984 0.000   4.530 0.000
250.208333 251.208333  13.467 0.000   8.999 0.000
253.208333 254.208333   6.219 0.000   2.133 0.000
256.208333 257.208333  11.780 0.000   5.110 0.000
259.208333 260.208333  18.325 0.000  10.739 0.000
262.208333 263.208333  10.131 0.000   5.114 0.000
265.208333 266.208333   9.078 0.000   5.502 0.000
268.208333 269.208333   7.424 0.000   3.723 0.000
271.208333 272.208333   5.854 0.000   3.651 0.000
274.208333 275.208333   5.754 0.000   3.558 0.000
277.208333 278.208333   4.452 0.000   2.420 0.000
280.208333 281.208333   7.933 0.000   5.522 0.000
283.208333 284.208333   9.614 0.000   3.311 0.000
286.208333 287.208333   8.924 0.000   5.613 0.000
289.208333 290.208333   7.300 0.000   4.025 0.000
292.208333 293.208333 999.999 0.999 999.999 0.999
295.208333 296.208333   4.175 0.000   3.128 0.000
298.208333 299.208333   2.444 0.000   1.490 0.000
301.208333 302.208333   3.632 0.000   1.917 0.000
304.208333 305.208333  13.550 0.000   8.030 0.000
307.208333 308.208333   5.085 0.000   4.247 0.000
310.208333 311.208333  11.905 0.000   7.435 0.000
313.208333 314.208333   3.719 0.000   2.567 0.000
316.208333 317.208333   3.464 0.000   2.549 0.000
319.208333 320.208333   4.111 0.000   3.003 0.000
322.208333 323.208333   2.981 0.000   2.455 0.000
325.208333 326.208333  16.198 0.000  11.051 0.000
328.208333 329.208333   8.614 0.000   5.337 0.000
331.208333 332.208333   7.139 0.000   3.225 0.000
334.208333 335.208333   3.023 0.000   2.463 0.000
337.208333 338.208333   6.460 0.000   5.008 0.000
340.208333 341.208333  16.536 0.000  10.402 0.000
343.208333 344.208333  12.575 0.000   9.812 0.000
346.208333 347.208333   5.801 0.000   3.527 0.000
349.208333 350.208333   5.536 0.000   4.770 0.000
352.208333 353.208333   3.582 0.000   1.206 0.000
355.208333 356.208333  12.642 0.000   4.635 0.000
358.208333 359.208333  12.292 0.000   4.482 0.000
361.208333 362.208333   6.061 0.000   3.443 0.000
364.208333 365.208333   5.396 0.000   5.073 0.000
