scripts/IMPROVE-2019_partial/data/US0117R.20090101090000.20191216000000.filterpack...52w.3d.US03L_filterpack_US0117.US03L_IMPROVE_Davis.lev2.nas
54 1001
MISSING INFORMATION
US03L, IMPROVE, , , , , , , 
MISSING INFORMATION
IMPROVE sel_HTAP
1 1
2009 01 01 2019 12 16
3.000
days from file reference point
5
1 1 1 1 1
999.999 999.999 9.999 999.999 9.999
end_time of measurement, days from the file reference point
pm10_mass, ug/m3, Matrix=pm10
numflag pm10_mass, no unit, Matrix=pm10
pm25_mass, ug/m3, Matrix=pm25
numflag pm25_mass, no unit, Matrix=pm25
0
35
Data definition:              EBAS_1.1
Set type code:                TU
Timezone:                     UTC
File name:                    US0117R.20090101090000.20191216000000.filterpack...52w.3d.US03L_filterpack_US0117.US03L_IMPROVE_Davis.lev2.nas
File creation:                20191218120215
Startdate:                    20090101090000
Revision date:                20191216000000
Version:                      2
Version description:          "Data extracted from http://views.cira.colostate.edu/fed/DataWizard 2019-12-16"
Statistics:                   arithmetic mean
Data level:                   2
Period code:                  52w
Resolution code:              3d
Sample duration:              1d
Orig. time res.:              3d
Station code:                 US0117R
Platform code:                US0117S
Station name:                 Gates of the Arctic NP
Station land use:             Forest
Station setting:              Rural
Station latitude:             66.9025
Station longitude:            -151.517
Station altitude:             196.0 m
Regime:                       IMG
Component:                    
Unit:                         ug/m3
Matrix:                       
Laboratory code:              US03L
Instrument type:              filterpack
Instrument name:              filterpack_US0117
Method ref:                   US03L_IMPROVE_Davis
Blank correction:             Blank corrected
Volume std. temperature:      ambient
Volume std. pressure:         ambient
starttime endtime PM10 flag_PM10 PM2.5 flag_PM2.5
  0.375   1.375 999.999 0.999 999.999 0.999
  3.375   4.375 999.999 0.999 999.999 0.999
  6.375   7.375 999.999 0.999 999.999 0.999
  9.375  10.375 999.999 0.999 999.999 0.999
 12.375  13.375 999.999 0.999 999.999 0.999
 15.375  16.375 999.999 0.999 999.999 0.999
 18.375  19.375 999.999 0.999 999.999 0.999
 21.375  22.375 999.999 0.999 999.999 0.999
 24.375  25.375 999.999 0.999 999.999 0.999
 27.375  28.375 999.999 0.999 999.999 0.999
 30.375  31.375 999.999 0.999 999.999 0.999
 33.375  34.375 999.999 0.999 999.999 0.999
 36.375  37.375 999.999 0.999 999.999 0.999
 39.375  40.375   6.864 0.000   5.124 0.000
 42.375  43.375   2.099 0.000   1.251 0.000
 45.375  46.375   0.917 0.000   0.661 0.000
 48.375  49.375   6.595 0.000   4.596 0.000
 51.375  52.375 999.999 0.456   6.882 0.000
 54.375  55.375   3.163 0.000   2.249 0.000
 57.375  58.375 999.999 0.999 999.999 0.999
 60.375  61.375 999.999 0.999 999.999 0.999
 63.375  64.375   4.266 0.000   1.990 0.000
 66.375  67.375   4.697 0.000   3.211 0.000
 69.375  70.375   3.526 0.000   1.845 0.000
 72.375  73.375   2.968 0.000   2.154 0.000
 75.375  76.375   3.985 0.000   2.267 0.000
 78.375  79.375   3.166 0.000   2.127 0.000
 81.375  82.375   3.556 0.000   2.573 0.000
 84.375  85.375   5.907 0.000   3.003 0.000
 87.375  88.375   3.625 0.000   2.569 0.000
 90.375  91.375 999.999 0.456   2.981 0.000
 93.375  94.375   3.025 0.000   2.255 0.000
 96.375  97.375   3.241 0.000   2.621 0.000
 99.375 100.375   5.019 0.000   3.435 0.000
102.375 103.375   5.171 0.000   4.491 0.000
105.375 106.375   6.511 0.000   5.678 0.000
108.375 109.375   3.679 0.000   3.152 0.000
111.375 112.375   3.740 0.000   3.412 0.000
114.375 115.375   2.040 0.000   1.429 0.000
117.375 118.375   0.951 0.000   0.950 0.000
120.375 121.375   7.999 0.000   4.985 0.000
123.375 124.375   8.261 0.000   7.530 0.000
126.375 127.375   4.081 0.000   3.437 0.000
129.375 130.375   2.238 0.000   1.954 0.000
132.375 133.375   2.527 0.000   1.677 0.000
135.375 136.375   1.605 0.000   1.206 0.000
138.375 139.375  15.884 0.000   7.391 0.000
141.375 142.375   5.904 0.000   4.279 0.000
144.375 145.375   5.146 0.000   3.657 0.000
147.375 148.375   3.825 0.000   2.787 0.000
150.375 151.375   2.018 0.000   1.512 0.000
153.375 154.375   6.761 0.000   4.980 0.000
156.375 157.375   3.863 0.000   2.667 0.000
159.375 160.375 999.999 0.999 999.999 0.999
162.375 163.375 999.999 0.999 999.999 0.999
165.375 166.375 999.999 0.999 999.999 0.999
168.375 169.375   3.483 0.000   1.771 0.000
171.375 172.375   2.699 0.000   1.437 0.000
174.375 175.375 999.999 0.999 999.999 0.999
177.375 178.375 999.999 0.999 999.999 0.999
180.375 181.375 999.999 0.999 999.999 0.999
183.375 184.375 999.999 0.999 999.999 0.999
186.375 187.375 999.999 0.999 999.999 0.999
189.375 190.375   8.085 0.000   5.533 0.000
192.375 193.375   5.921 0.000   4.705 0.000
195.375 196.375   6.780 0.000   4.821 0.000
198.375 199.375  14.499 0.000  13.136 0.000
201.375 202.375  28.338 0.000  25.894 0.000
204.375 205.375  25.681 0.000  23.505 0.000
207.375 208.375  41.522 0.000  36.397 0.000
210.375 211.375  15.794 0.000  12.784 0.000
213.375 214.375  18.197 0.000  15.670 0.000
216.375 217.375  96.558 0.659  91.922 0.659
219.375 220.375  39.012 0.000  35.541 0.000
222.375 223.375   0.783 0.000   0.215 0.000
225.375 226.375   3.805 0.000   2.732 0.000
228.375 229.375   1.697 0.000   0.840 0.000
231.375 232.375   2.411 0.000   1.424 0.000
234.375 235.375   1.738 0.000   0.594 0.000
237.375 238.375   1.741 0.000   0.520 0.000
240.375 241.375   1.547 0.000   0.704 0.000
243.375 244.375   2.707 0.000   1.056 0.000
246.375 247.375   2.707 0.000   1.755 0.000
249.375 250.375   2.339 0.000   1.608 0.000
252.375 253.375   2.486 0.000   1.573 0.000
255.375 256.375   1.467 0.000   0.802 0.000
258.375 259.375   2.580 0.000   1.123 0.000
261.375 262.375   0.673 0.000   0.160 0.000
264.375 265.375   0.214 0.000   0.097 0.000
267.375 268.375   0.596 0.000   0.129 0.000
270.375 271.375   1.029 0.000   0.287 0.000
273.375 274.375   1.070 0.000   0.288 0.000
276.375 277.375   1.820 0.000   0.863 0.000
279.375 280.375   2.035 0.000   0.538 0.000
282.375 283.375   1.561 0.000   0.705 0.000
285.375 286.375   1.147 0.000   0.709 0.000
288.375 289.375   0.551 0.000   0.322 0.000
291.375 292.375   0.469 0.000   0.224 0.000
294.375 295.375   2.087 0.000   0.781 0.000
297.375 298.375   1.879 0.000   0.553 0.000
300.375 301.375   0.516 0.000   0.352 0.000
303.375 304.375   0.916 0.000   0.709 0.000
306.375 307.375   0.794 0.000   0.650 0.000
309.375 310.375   3.985 0.000   1.047 0.000
312.375 313.375   1.197 0.000   0.687 0.000
315.375 316.375   1.519 0.000   1.064 0.000
318.375 319.375   0.940 0.000   0.696 0.000
321.375 322.375   0.411 0.000   0.365 0.000
324.375 325.375   0.685 0.000   0.540 0.000
327.375 328.375   1.124 0.000   0.623 0.000
330.375 331.375   0.560 0.000   0.360 0.000
333.375 334.375   0.477 0.000   0.358 0.000
336.375 337.375   1.938 0.000   1.451 0.000
339.375 340.375   1.629 0.000   0.823 0.000
342.375 343.375   1.285 0.000   0.959 0.000
345.375 346.375   0.532 0.000   0.496 0.000
348.375 349.375   0.713 0.000   0.739 0.000
351.375 352.375   2.435 0.000   1.846 0.000
354.375 355.375   1.297 0.000   0.560 0.000
357.375 358.375   1.213 0.000   0.363 0.000
360.375 361.375   1.759 0.000   0.757 0.000
363.375 364.375   0.534 0.000   0.066 0.000
