scripts/IMPROVE-2019_partial/data/US0128R.20170101060000.20191216000000.filterpack...52w.3d.US03L_filterpack_US0128.US03L_IMPROVE_Davis.lev2.nas
53 1001
MISSING INFORMATION
US03L, IMPROVE, , , , , , , 
MISSING INFORMATION
IMPROVE sel_HTAP
1 1
2017 01 01 2019 12 16
3.00
days from file reference point
4
1 1 1 1
999.99 999.999 999.999 9.999
end_time of measurement, days from the file reference point
pm10_mass, ug/m3, Matrix=pm10
pm25_mass, ug/m3, Matrix=pm25
numflag, no unit
0
35
Data definition:              EBAS_1.1
Set type code:                TU
Timezone:                     UTC
File name:                    US0128R.20170101060000.20191216000000.filterpack...52w.3d.US03L_filterpack_US0128.US03L_IMPROVE_Davis.lev2.nas
File creation:                20191218120221
Startdate:                    20170101060000
Revision date:                20191216000000
Version:                      2
Version description:          "Data extracted from http://views.cira.colostate.edu/fed/DataWizard 2019-12-16"
Statistics:                   arithmetic mean
Data level:                   2
Period code:                  52w
Resolution code:              3d
Sample duration:              1d
Orig. time res.:              3d
Station code:                 US0128R
Platform code:                US0128S
Station name:                 Stilwell (IMPROVE)
Station land use:             Forest
Station setting:              Rural
Station latitude:             35.75078
Station longitude:            -94.66956
Station altitude:             300.0 m
Regime:                       IMG
Component:                    
Unit:                         ug/m3
Matrix:                       
Laboratory code:              US03L
Instrument type:              filterpack
Instrument name:              filterpack_US0128
Method ref:                   US03L_IMPROVE_Davis
Blank correction:             Blank corrected
Volume std. temperature:      ambient
Volume std. pressure:         ambient
starttime endtime PM10 PM2.5 flag
  0.25   1.25  12.354   9.112 0.000
  3.25   4.25   6.230   2.765 0.000
  6.25   7.25  16.369  11.195 0.000
  9.25  10.25  12.071   5.189 0.000
 12.25  13.25  29.710  14.973 0.000
 15.25  16.25   3.082   2.104 0.000
 18.25  19.25   4.771   3.668 0.000
 21.25  22.25   6.123   4.158 0.000
 24.25  25.25   6.403   2.531 0.000
 27.25  28.25   6.599   1.691 0.000
 30.25  31.25  16.294   7.668 0.000
 33.25  34.25  13.435   5.125 0.000
 36.25  37.25  12.657   7.449 0.000
 39.25  40.25  13.908   5.932 0.000
 42.25  43.25  14.299   6.406 0.000
 45.25  46.25   7.272   3.000 0.000
 48.25  49.25  10.882   7.929 0.000
 51.25  52.25   6.020   2.858 0.000
 54.25  55.25   9.510   3.235 0.000
 57.25  58.25  11.815   7.838 0.000
 60.25  61.25  16.669   8.278 0.000
 63.25  64.25  11.464   8.561 0.000
 66.25  67.25  10.487   4.099 0.000
 69.25  70.25   3.655   2.521 0.000
 72.25  73.25  14.986  11.841 0.000
 75.25  76.25  20.075  11.921 0.000
 78.25  79.25  28.148  18.857 0.000
 81.25  82.25  20.237  11.632 0.000
 84.25  85.25   8.385   4.359 0.000
 87.25  88.25   9.237   4.875 0.000
 90.25  91.25   8.180   3.912 0.000
 93.25  94.25  12.072   5.431 0.000
 96.25  97.25  12.654   7.690 0.000
 99.25 100.25  18.948   9.584 0.000
102.25 103.25  18.338  10.302 0.000
105.25 106.25  14.474   7.814 0.000
108.25 109.25  14.810   7.237 0.000
111.25 112.25   4.964   1.397 0.000
114.25 115.25  18.441   7.567 0.000
117.25 118.25  16.119   8.907 0.000
120.25 121.25   6.277   1.912 0.000
123.25 124.25   8.132   2.472 0.000
126.25 127.25  12.537   6.270 0.000
129.25 130.25  20.988  13.766 0.000
132.25 133.25   9.170   5.391 0.000
135.25 136.25  14.250   8.119 0.000
138.25 139.25   9.214   3.758 0.000
141.25 142.25 999.999 999.999 0.999
144.25 145.25  10.425   4.128 0.000
147.25 148.25   9.903   4.426 0.000
150.25 151.25 999.999 999.999 0.999
153.25 154.25   8.063   4.869 0.000
156.25 157.25  13.669   4.862 0.000
159.25 160.25  13.713   6.339 0.000
162.25 163.25  11.580   7.127 0.000
165.25 166.25  19.880   9.647 0.000
168.25 169.25  12.462   5.387 0.000
171.25 172.25  14.831   6.501 0.000
174.25 175.25  12.407   3.313 0.000
177.25 178.25  13.821   7.157 0.000
180.25 181.25   6.128   2.995 0.000
183.25 184.25   9.496   4.292 0.000
186.25 187.25  12.399   6.538 0.000
189.25 190.25   8.918   5.815 0.000
192.25 193.25  18.122   9.015 0.000
195.25 196.25  11.292   4.676 0.000
198.25 199.25  19.405  12.547 0.000
201.25 202.25  17.211  10.087 0.000
204.25 205.25   9.567   5.343 0.000
207.25 208.25  18.708   8.170 0.000
210.25 211.25  12.542   6.500 0.000
213.25 214.25  12.168   7.593 0.000
216.25 217.25  15.256   9.754 0.000
219.25 220.25  16.091  10.010 0.000
222.25 223.25   8.196   3.996 0.000
225.25 226.25   6.815   3.555 0.000
228.25 229.25 999.999 999.999 0.999
231.25 232.25 999.999 999.999 0.999
234.25 235.25  12.571   5.174 0.000
237.25 238.25  14.127   8.434 0.000
240.25 241.25  14.283   6.327 0.000
243.25 244.25  18.430   8.161 0.000
246.25 247.25  22.440  13.859 0.000
249.25 250.25  19.480   7.487 0.000
252.25 253.25  15.886   8.078 0.000
255.25 256.25  15.667   5.408 0.000
258.25 259.25  20.832  13.004 0.000
261.25 262.25  15.087   8.650 0.000
264.25 265.25  14.693   8.309 0.000
267.25 268.25  17.302  10.198 0.000
270.25 271.25  22.810   3.727 0.000
273.25 274.25  20.824   9.694 0.000
276.25 277.25  14.126   7.155 0.000
279.25 280.25   9.923   5.046 0.000
282.25 283.25  11.524   3.668 0.000
285.25 286.25  19.199  11.356 0.000
288.25 289.25   6.260   2.867 0.000
291.25 292.25  16.000   8.829 0.000
294.25 295.25   4.012   1.666 0.000
297.25 298.25  11.864   3.004 0.000
300.25 301.25  13.362   3.347 0.000
303.25 304.25  17.509   3.094 0.000
306.25 307.25  20.895  11.802 0.000
309.25 310.25   8.119   4.252 0.000
312.25 313.25  14.406   8.822 0.000
315.25 316.25  11.190   7.098 0.000
318.25 319.25  12.690   9.032 0.000
321.25 322.25   9.074   3.261 0.000
324.25 325.25  16.004   6.847 0.000
327.25 328.25  12.989   5.617 0.000
330.25 331.25  13.598   5.540 0.000
333.25 334.25  16.559   5.682 0.000
336.25 337.25  23.257  13.666 0.000
339.25 340.25  11.109   3.962 0.000
342.25 343.25  11.760   3.555 0.000
345.25 346.25   9.051   3.057 0.000
348.25 349.25  14.187   6.864 0.000
351.25 352.25  11.166   7.286 0.000
354.25 355.25   9.768   5.672 0.000
357.25 358.25  10.582   7.594 0.000
360.25 361.25 999.999 999.999 0.999
363.25 364.25  18.030  13.060 0.000
