scripts/IMPROVE-2019_partial/data/US0112R.20110103070000.20191216000000.filterpack...1y.3d.US03L_filterpack_US0112.US03L_IMPROVE_Davis.lev2.nas
54 1001
MISSING INFORMATION
US03L, IMPROVE, , , , , , , 
MISSING INFORMATION
IMPROVE sel_HTAP
1 1
2011 01 01 2019 12 16
3.000000
days from file reference point
5
1 1 1 1 1
999.999999 999.999 9.999 999.999 9.999
end_time of measurement, days from the file reference point
pm10_mass, ug/m3, Matrix=pm10
numflag pm10_mass, no unit, Matrix=pm10
pm25_mass, ug/m3, Matrix=pm25
numflag pm25_mass, no unit, Matrix=pm25
0
35
Data definition:              EBAS_1.1
Set type code:                TU
Timezone:                     UTC
File name:                    US0112R.20110103070000.20191216000000.filterpack...1y.3d.US03L_filterpack_US0112.US03L_IMPROVE_Davis.lev2.nas
File creation:                20191218120213
Startdate:                    20110103070000
Revision date:                20191216000000
Version:                      2
Version description:          "Data extracted from http://views.cira.colostate.edu/fed/DataWizard 2019-12-16"
Statistics:                   arithmetic mean
Data level:                   2
Period code:                  1y
Resolution code:              3d
Sample duration:              1d
Orig. time res.:              3d
Station code:                 US0112R
Platform code:                US0112S
Station name:                 Breton Island
Station land use:             Wetland
Station setting:              Coastal
Station latitude:             30.10863
Station longitude:            -89.76168
Station altitude:             -7.0 m
Regime:                       IMG
Component:                    
Unit:                         ug/m3
Matrix:                       
Laboratory code:              US03L
Instrument type:              filterpack
Instrument name:              filterpack_US0112
Method ref:                   US03L_IMPROVE_Davis
Blank correction:             Blank corrected
Volume std. temperature:      ambient
Volume std. pressure:         ambient
starttime endtime PM10 flag_PM10 PM2.5 flag_PM2.5
  2.291667   3.291667   6.512 0.000   3.686 0.000
  5.291667   6.291667  15.550 0.000   8.403 0.000
  8.291667   9.291667  15.662 0.000   6.244 0.000
 11.291667  12.291667  28.674 0.000   4.847 0.000
 14.291667  15.291667  15.002 0.000  11.460 0.000
 17.291667  18.291667   8.997 0.000   7.179 0.000
 20.291667  21.291667   5.371 0.000   4.027 0.000
 23.291667  24.291667  10.512 0.000   4.019 0.000
 26.291667  27.291667  12.064 0.000   8.962 0.000
 29.291667  30.291667   9.196 0.000   7.564 0.000
 32.291667  33.291667   7.941 0.000   6.005 0.000
 35.291667  36.291667   9.157 0.000   6.708 0.000
 38.291667  39.291667  11.242 0.000   7.127 0.000
 41.291667  42.291667   9.143 0.000   6.697 0.000
 44.291667  45.291667  12.912 0.000   6.703 0.000
 47.291667  48.291667  13.807 0.000   7.555 0.000
 50.291667  51.291667  14.924 0.000 999.999 0.456
 53.291667  54.291667  15.307 0.000   9.698 0.000
 56.291667  57.291667  16.297 0.000   7.885 0.000
 59.291667  60.291667  16.657 0.000  10.803 0.000
 62.291667  63.291667  27.064 0.000   8.509 0.000
 65.291667  66.291667  12.405 0.000   8.254 0.000
 68.291667  69.291667   8.383 0.000   5.688 0.000
 71.291667  72.291667  10.689 0.000   6.163 0.000
 74.291667  75.291667   9.811 0.659   5.404 0.659
 77.291667  78.291667  13.082 0.659   8.677 0.659
 80.291667  81.291667 999.999 0.999 999.999 0.999
 83.291667  84.291667  20.294 0.000  13.001 0.000
 86.291667  87.291667  19.771 0.000  12.947 0.000
 89.291667  90.291667  12.485 0.000   9.473 0.000
 92.291667  93.291667  13.066 0.000   6.722 0.000
 95.291667  96.291667  11.286 0.000   4.659 0.000
 98.291667  99.291667  15.905 0.000   7.930 0.000
101.291667 102.291667  14.185 0.000   6.269 0.000
104.291667 105.291667  24.750 0.000  12.762 0.000
107.291667 108.291667  19.238 0.000   6.899 0.000
110.291667 111.291667  16.306 0.000   6.021 0.000
113.291667 114.291667  20.954 0.000   7.410 0.000
116.291667 117.291667  32.990 0.000  17.198 0.000
119.291667 120.291667  10.683 0.000   3.921 0.000
122.291667 123.291667  11.224 0.000   4.464 0.000
125.291667 126.291667  20.470 0.000  11.743 0.000
128.291667 129.291667  17.161 0.000  10.598 0.000
131.291667 132.291667  18.124 0.000  11.247 0.000
134.291667 135.291667   8.837 0.000   3.920 0.000
137.291667 138.291667  16.096 0.000   7.822 0.000
140.291667 141.291667  22.746 0.000  14.354 0.000
143.291667 144.291667  14.120 0.000   6.042 0.000
146.291667 147.291667  16.455 0.000  10.206 0.000
149.291667 150.291667  11.881 0.000   6.695 0.000
152.291667 153.291667  26.620 0.000  18.448 0.000
155.291667 156.291667  35.307 0.000  28.268 0.000
158.291667 159.291667  17.999 0.000  12.921 0.000
161.291667 162.291667  22.789 0.000  17.171 0.000
164.291667 165.291667  17.990 0.000  12.630 0.000
167.291667 168.291667  16.955 0.000   8.741 0.000
170.291667 171.291667  19.123 0.000   7.480 0.000
173.291667 174.291667   9.794 0.000   4.167 0.000
176.291667 177.291667  11.567 0.000   6.572 0.000
179.291667 180.291667  20.121 0.000   7.999 0.000
182.291667 183.291667  29.461 0.000  14.735 0.000
185.291667 186.291667  17.566 0.000  11.969 0.000
188.291667 189.291667  14.164 0.000   7.882 0.000
191.291667 192.291667  15.032 0.000   8.174 0.000
194.291667 195.291667  15.423 0.000   7.610 0.000
197.291667 198.291667  18.231 0.000   8.770 0.000
200.291667 201.291667   8.442 0.000   3.685 0.000
203.291667 204.291667  10.788 0.000   5.083 0.000
206.291667 207.291667  15.072 0.000   6.736 0.000
209.291667 210.291667  16.743 0.000   5.898 0.000
212.291667 213.291667  14.417 0.000   6.949 0.000
215.291667 216.291667  15.796 0.000   9.257 0.000
218.291667 219.291667  17.845 0.000  12.026 0.000
221.291667 222.291667  35.038 0.000  12.643 0.000
224.291667 225.291667  17.014 0.000   8.559 0.000
227.291667 228.291667  17.248 0.000  10.376 0.000
230.291667 231.291667  23.556 0.000  16.990 0.000
233.291667 234.291667  18.602 0.000  13.106 0.000
236.291667 237.291667  26.734 0.000  15.276 0.000
239.291667 240.291667  23.632 0.000  13.696 0.000
242.291667 243.291667  23.315 0.000  13.921 0.000
245.291667 246.291667 999.999 0.999 999.999 0.999
248.291667 249.291667 999.999 0.999 999.999 0.999
251.291667 252.291667 999.999 0.999 999.999 0.999
254.291667 255.291667 999.999 0.999 999.999 0.999
257.291667 258.291667 999.999 0.999 999.999 0.999
260.291667 261.291667  19.354 0.000  13.934 0.000
263.291667 264.291667  10.585 0.000   6.735 0.000
266.291667 267.291667  19.457 0.000  13.616 0.000
269.291667 270.291667   9.361 0.000   5.119 0.000
272.291667 273.291667  21.067 0.000   9.274 0.000
275.291667 276.291667  10.527 0.000   5.538 0.000
278.291667 279.291667  17.979 0.000   9.049 0.000
281.291667 282.291667  18.218 0.000   6.285 0.000
284.291667 285.291667  13.746 0.000   9.676 0.000
287.291667 288.291667  12.122 0.000   7.293 0.000
290.291667 291.291667  13.283 0.000   5.891 0.000
293.291667 294.291667  14.371 0.000   6.738 0.000
296.291667 297.291667  17.256 0.000  10.060 0.000
299.291667 300.291667  11.850 0.000   6.532 0.000
302.291667 303.291667  12.176 0.000   6.524 0.000
305.291667 306.291667  15.273 0.000   9.309 0.000
308.291667 309.291667  12.463 0.000  10.399 0.000
311.291667 312.291667  12.189 0.000   4.113 0.000
314.291667 315.291667   8.054 0.000   3.663 0.000
317.291667 318.291667  10.939 0.000   5.469 0.000
320.291667 321.291667   8.942 0.000   4.549 0.000
323.291667 324.291667   3.596 0.000   3.163 0.000
326.291667 327.291667   8.610 0.000   4.862 0.000
329.291667 330.291667  17.366 0.000   5.262 0.000
332.291667 333.291667   9.680 0.000   5.438 0.000
335.291667 336.291667  13.931 0.000   9.745 0.000
338.291667 339.291667  15.364 0.000   5.196 0.000
341.291667 342.291667   8.028 0.000   6.607 0.000
344.291667 345.291667  10.383 0.000   7.595 0.000
347.291667 348.291667  11.540 0.000   6.085 0.000
350.291667 351.291667   8.092 0.000   5.286 0.000
353.291667 354.291667   8.014 0.000   4.189 0.000
356.291667 357.291667   6.478 0.000   4.140 0.000
359.291667 360.291667   6.250 0.000   4.130 0.000
362.291667 363.291667   5.915 0.000   3.519 0.000
