scripts/IMPROVE-2019_partial/data/US0125R.20170101080000.20191216000000.filterpack...52w.3d.US03L_filterpack_US0125.US03L_IMPROVE_Davis.lev2.nas
54 1001
MISSING INFORMATION
US03L, IMPROVE, , , , , , , 
MISSING INFORMATION
IMPROVE sel_HTAP
1 1
2017 01 01 2019 12 16
3.000000
days from file reference point
5
1 1 1 1 1
999.999999 999.999 9.999 999.999 9.999
end_time of measurement, days from the file reference point
pm10_mass, ug/m3, Matrix=pm10
numflag pm10_mass, no unit, Matrix=pm10
pm25_mass, ug/m3, Matrix=pm25
numflag pm25_mass, no unit, Matrix=pm25
0
35
Data definition:              EBAS_1.1
Set type code:                TU
Timezone:                     UTC
File name:                    US0125R.20170101080000.20191216000000.filterpack...52w.3d.US03L_filterpack_US0125.US03L_IMPROVE_Davis.lev2.nas
File creation:                20191218120219
Startdate:                    20170101080000
Revision date:                20191216000000
Version:                      2
Version description:          "Data extracted from http://views.cira.colostate.edu/fed/DataWizard 2019-12-16"
Statistics:                   arithmetic mean
Data level:                   2
Period code:                  52w
Resolution code:              3d
Sample duration:              1d
Orig. time res.:              3d
Station code:                 US0125R
Platform code:                US0125S
Station name:                 Owens Valley
Station land use:             Desert
Station setting:              Rural
Station latitude:             37.3607
Station longitude:            -118.3308
Station altitude:             1234.0 m
Regime:                       IMG
Component:                    
Unit:                         ug/m3
Matrix:                       
Laboratory code:              US03L
Instrument type:              filterpack
Instrument name:              filterpack_US0125
Method ref:                   US03L_IMPROVE_Davis
Blank correction:             Blank corrected
Volume std. temperature:      ambient
Volume std. pressure:         ambient
starttime endtime PM10 flag_PM10 PM2.5 flag_PM2.5
  0.333333   1.333333   3.559 0.000   1.427 0.000
  3.333333   4.333333   2.581 0.000   1.462 0.000
  6.333333   7.333333   4.579 0.000   2.143 0.000
  9.333333  10.333333   1.734 0.000   0.487 0.000
 12.333333  13.333333   0.846 0.000   0.510 0.000
 15.333333  16.333333   1.987 0.000   0.748 0.000
 18.333333  19.333333   1.391 0.000   1.097 0.000
 21.333333  22.333333 999.999 0.999 999.999 0.999
 24.333333  25.333333 999.999 0.999 999.999 0.999
 27.333333  28.333333   1.587 0.000   0.652 0.000
 30.333333  31.333333   2.544 0.000   1.596 0.000
 33.333333  34.333333   2.496 0.000   1.303 0.000
 36.333333  37.333333   1.215 0.000   0.481 0.000
 39.333333  40.333333   3.265 0.000   1.171 0.000
 42.333333  43.333333   1.182 0.000   0.565 0.000
 45.333333  46.333333   3.874 0.000   1.439 0.000
 48.333333  49.333333   1.089 0.000   0.728 0.000
 51.333333  52.333333   1.719 0.000   0.751 0.000
 54.333333  55.333333   1.659 0.000   0.693 0.000
 57.333333  58.333333   3.252 0.000   1.458 0.000
 60.333333  61.333333   4.238 0.000   1.378 0.000
 63.333333  64.333333   3.075 0.000   0.578 0.000
 66.333333  67.333333   6.174 0.000   1.503 0.000
 69.333333  70.333333   4.184 0.000   1.468 0.000
 72.333333  73.333333   5.019 0.000   1.990 0.000
 75.333333  76.333333  13.133 0.000   3.786 0.000
 78.333333  79.333333  10.131 0.000   2.201 0.000
 81.333333  82.333333   2.851 0.000   1.238 0.000
 84.333333  85.333333   4.513 0.000   1.324 0.000
 87.333333  88.333333   7.949 0.000   1.794 0.000
 90.333333  91.333333   6.140 0.000   1.612 0.000
 93.333333  94.333333   7.086 0.000   2.117 0.000
 96.333333  97.333333   6.435 0.000   1.698 0.000
 99.333333 100.333333   7.580 0.000   5.229 0.000
102.333333 103.333333   7.629 0.000   1.823 0.000
105.333333 106.333333   8.094 0.000   2.676 0.000
108.333333 109.333333   7.545 0.000   4.165 0.000
111.333333 112.333333  11.482 0.000   3.659 0.000
114.333333 115.333333   6.891 0.000   2.300 0.000
117.333333 118.333333  24.025 0.000   4.169 0.000
120.333333 121.333333   7.814 0.000   2.269 0.000
123.333333 124.333333  10.444 0.000   3.687 0.000
126.333333 127.333333   4.463 0.000   4.539 0.000
129.333333 130.333333  14.204 0.000   5.997 0.000
132.333333 133.333333   6.226 0.000   2.561 0.000
135.333333 136.333333   3.162 0.000   1.457 0.000
138.333333 139.333333   4.051 0.000   1.290 0.000
141.333333 142.333333  12.430 0.000   4.511 0.000
144.333333 145.333333  10.127 0.000   3.202 0.000
147.333333 148.333333  14.375 0.000   5.189 0.000
150.333333 151.333333  23.982 0.000   5.909 0.000
153.333333 154.333333  18.630 0.000   6.529 0.000
156.333333 157.333333  16.526 0.000   5.807 0.000
159.333333 160.333333  10.294 0.000   2.684 0.000
162.333333 163.333333   6.691 0.000   1.298 0.000
165.333333 166.333333  14.253 0.000   4.913 0.000
168.333333 169.333333  14.569 0.000   3.113 0.000
171.333333 172.333333 999.999 0.456   8.575 0.000
174.333333 175.333333 999.999 0.456   5.234 0.000
177.333333 178.333333 999.999 0.456   2.129 0.000
180.333333 181.333333  13.531 0.000   5.027 0.000
183.333333 184.333333  21.659 0.000   8.601 0.000
186.333333 187.333333  21.328 0.000   8.229 0.000
189.333333 190.333333  30.793 0.000  14.182 0.000
192.333333 193.333333  16.552 0.000   6.886 0.000
195.333333 196.333333  22.337 0.000  11.078 0.000
198.333333 199.333333 999.999 0.999 999.999 0.999
201.333333 202.333333  20.474 0.000   9.676 0.000
204.333333 205.333333  18.759 0.000   5.904 0.000
207.333333 208.333333  15.543 0.000   4.862 0.000
210.333333 211.333333  14.584 0.000   3.212 0.000
213.333333 214.333333  21.022 0.000   5.421 0.000
216.333333 217.333333  17.174 0.000  14.080 0.000
219.333333 220.333333 999.999 0.999 999.999 0.999
222.333333 223.333333  19.342 0.000   9.823 0.000
225.333333 226.333333  17.258 0.000   9.400 0.000
228.333333 229.333333  13.395 0.000   6.596 0.000
231.333333 232.333333  16.953 0.000   6.004 0.000
234.333333 235.333333  10.537 0.000   4.365 0.000
237.333333 238.333333  14.639 0.000   4.752 0.000
240.333333 241.333333  17.946 0.000   7.798 0.000
243.333333 244.333333  13.339 0.000   8.564 0.000
246.333333 247.333333  14.920 0.000   5.870 0.000
249.333333 250.333333  14.736 0.000   5.838 0.000
252.333333 253.333333   8.042 0.000   3.522 0.000
255.333333 256.333333 999.999 0.456   2.353 0.000
258.333333 259.333333 999.999 0.456  10.965 0.000
261.333333 262.333333 999.999 0.456   3.498 0.000
264.333333 265.333333 999.999 0.456   1.842 0.000
267.333333 268.333333 999.999 0.456   2.280 0.000
270.333333 271.333333 999.999 0.456   2.511 0.000
273.333333 274.333333 999.999 0.456   5.507 0.000
276.333333 277.333333  12.780 0.000   5.095 0.000
279.333333 280.333333 999.999 0.999 999.999 0.999
282.333333 283.333333   7.026 0.000   1.683 0.000
285.333333 286.333333  16.010 0.000   7.702 0.000
288.333333 289.333333  10.789 0.000   4.751 0.000
291.333333 292.333333  17.969 0.000   8.917 0.000
294.333333 295.333333  11.340 0.000   2.720 0.000
297.333333 298.333333   9.762 0.000   2.393 0.000
300.333333 301.333333   7.221 0.000   3.375 0.000
303.333333 304.333333  13.230 0.000   4.297 0.000
306.333333 307.333333  15.178 0.000   7.262 0.000
309.333333 310.333333   7.186 0.000   2.865 0.000
312.333333 313.333333  10.739 0.000   3.850 0.000
315.333333 316.333333  12.177 0.000   3.701 0.000
318.333333 319.333333   7.814 0.000   2.968 0.000
321.333333 322.333333   3.777 0.000   2.441 0.000
324.333333 325.333333 999.999 0.999 999.999 0.999
327.333333 328.333333   9.033 0.000   2.320 0.000
330.333333 331.333333   3.494 0.000   0.609 0.000
333.333333 334.333333   6.680 0.000   2.633 0.000
336.333333 337.333333  15.671 0.000   2.487 0.000
339.333333 340.333333   3.715 0.000   1.713 0.000
342.333333 343.333333   5.479 0.000   1.274 0.000
345.333333 346.333333   6.389 0.000   1.655 0.000
348.333333 349.333333  10.366 0.000   3.629 0.000
351.333333 352.333333   5.711 0.000   2.205 0.000
354.333333 355.333333   3.350 0.000   1.322 0.000
357.333333 358.333333  12.169 0.000   3.109 0.000
360.333333 361.333333  10.027 0.000   2.556 0.000
363.333333 364.333333  13.241 0.000   3.364 0.000
