scripts/IMPROVE-2019_partial/data/US0123R.20160101070000.20191216000000.filterpack...52w.3d.US03L_filterpack_US0123.US03L_IMPROVE_Davis.lev2.nas
54 1001
MISSING INFORMATION
US03L, IMPROVE, , , , , , , 
MISSING INFORMATION
IMPROVE sel_HTAP
1 1
2016 01 01 2019 12 16
3.000000
days from file reference point
5
1 1 1 1 1
999.999999 999.999 9.999 999.999 9.999
end_time of measurement, days from the file reference point
pm10_mass, ug/m3, Matrix=pm10
numflag pm10_mass, no unit, Matrix=pm10
pm25_mass, ug/m3, Matrix=pm25
numflag pm25_mass, no unit, Matrix=pm25
0
35
Data definition:              EBAS_1.1
Set type code:                TU
Timezone:                     UTC
File name:                    US0123R.20160101070000.20191216000000.filterpack...52w.3d.US03L_filterpack_US0123.US03L_IMPROVE_Davis.lev2.nas
File creation:                20191218120219
Startdate:                    20160101070000
Revision date:                20191216000000
Version:                      2
Version description:          "Data extracted from http://views.cira.colostate.edu/fed/DataWizard 2019-12-16"
Statistics:                   arithmetic mean
Data level:                   2
Period code:                  52w
Resolution code:              3d
Sample duration:              1d
Orig. time res.:              3d
Station code:                 US0123R
Platform code:                US0123S
Station name:                 Nogales
Station land use:             Residential
Station setting:              Suburban
Station latitude:             31.33745
Station longitude:            -110.93715
Station altitude:             1172.0 m
Regime:                       IMG
Component:                    
Unit:                         ug/m3
Matrix:                       
Laboratory code:              US03L
Instrument type:              filterpack
Instrument name:              filterpack_US0123
Method ref:                   US03L_IMPROVE_Davis
Blank correction:             Blank corrected
Volume std. temperature:      ambient
Volume std. pressure:         ambient
starttime endtime PM10 flag_PM10 PM2.5 flag_PM2.5
  0.291667   1.291667 999.999 0.699 999.999 0.699
  3.291667   4.291667  16.500 0.000   7.658 0.000
  6.291667   7.291667   6.932 0.000   3.052 0.000
  9.291667  10.291667  20.638 0.000  14.574 0.000
 12.291667  13.291667  60.124 0.000  21.644 0.000
 15.291667  16.291667  21.119 0.000   8.500 0.000
 18.291667  19.291667  34.436 0.000   9.347 0.000
 21.291667  22.291667  65.344 0.000  17.174 0.000
 24.291667  25.291667  23.882 0.000   6.904 0.000
 27.291667  28.291667  55.908 0.000  15.883 0.000
 30.291667  31.291667  26.789 0.000   4.994 0.000
 33.291667  34.291667  21.874 0.000   9.228 0.000
 36.291667  37.291667  48.610 0.000  15.568 0.000
 39.291667  40.291667  43.574 0.000  11.193 0.000
 42.291667  43.291667  71.648 0.000  16.553 0.000
 45.291667  46.291667  32.224 0.000   7.362 0.000
 48.291667  49.291667  45.154 0.000  10.260 0.000
 51.291667  52.291667  30.483 0.000   6.516 0.000
 54.291667  55.291667  62.657 0.000  10.879 0.000
 57.291667  58.291667  64.291 0.000  13.572 0.000
 60.291667  61.291667  45.582 0.000   9.318 0.000
 63.291667  64.291667  60.298 0.000  14.019 0.000
 66.291667  67.291667  26.663 0.000   4.687 0.000
 69.291667  70.291667  47.226 0.000  12.270 0.000
 72.291667  73.291667  39.156 0.000  10.731 0.000
 75.291667  76.291667  43.868 0.000  10.416 0.000
 78.291667  79.291667  44.003 0.000   9.642 0.000
 81.291667  82.291667  31.078 0.000 999.999 0.456
 84.291667  85.291667  30.057 0.000 999.999 0.999
 87.291667  88.291667  30.572 0.000 999.999 0.999
 90.291667  91.291667  25.129 0.000   6.231 0.000
 93.291667  94.291667  25.719 0.000   6.442 0.000
 96.291667  97.291667  31.311 0.000   6.991 0.000
 99.291667 100.291667  16.208 0.000   4.518 0.000
102.291667 103.291667  13.084 0.000   3.640 0.000
105.291667 106.291667  37.481 0.000   9.245 0.000
108.291667 109.291667  20.570 0.000   4.575 0.000
111.291667 112.291667  36.340 0.000   8.925 0.000
114.291667 115.291667  19.852 0.000   6.239 0.000
117.291667 118.291667  32.917 0.000   8.207 0.000
120.291667 121.291667  32.364 0.000   6.388 0.000
123.291667 124.291667  31.322 0.000   8.355 0.000
126.291667 127.291667  26.516 0.000   6.926 0.000
129.291667 130.291667  19.532 0.000   4.573 0.000
132.291667 133.291667  33.799 0.000   9.510 0.000
135.291667 136.291667  23.638 0.000   3.853 0.000
138.291667 139.291667  22.173 0.000   6.644 0.000
141.291667 142.291667  20.700 0.000   4.543 0.000
144.291667 145.291667  16.484 0.000   3.667 0.000
147.291667 148.291667  29.334 0.000   7.793 0.000
150.291667 151.291667  21.738 0.000   5.439 0.000
153.291667 154.291667  48.793 0.000  13.535 0.000
156.291667 157.291667  46.019 0.000  15.433 0.000
159.291667 160.291667  38.966 0.000  10.922 0.000
162.291667 163.291667  27.535 0.000   9.366 0.000
165.291667 166.291667  10.936 0.000   4.566 0.000
168.291667 169.291667  31.888 0.000   9.349 0.000
171.291667 172.291667  29.804 0.000   8.600 0.000
174.291667 175.291667 999.999 0.456   7.584 0.000
177.291667 178.291667 999.999 0.456   3.402 0.000
180.291667 181.291667   9.316 0.000   4.300 0.000
183.291667 184.291667  24.191 0.000   7.576 0.000
186.291667 187.291667  17.970 0.000   5.503 0.000
189.291667 190.291667  23.586 0.000   7.236 0.000
192.291667 193.291667  14.873 0.000   4.317 0.000
195.291667 196.291667  23.119 0.000   6.243 0.000
198.291667 199.291667   9.275 0.000   4.366 0.000
201.291667 202.291667  11.979 0.000   5.525 0.000
204.291667 205.291667  14.346 0.000   3.713 0.000
207.291667 208.291667  18.282 0.000   5.973 0.000
210.291667 211.291667  13.460 0.000   5.477 0.000
213.291667 214.291667   7.398 0.000   3.060 0.000
216.291667 217.291667  13.597 0.000   4.706 0.000
219.291667 220.291667  14.719 0.000   5.509 0.000
222.291667 223.291667  11.527 0.000   4.506 0.000
225.291667 226.291667  15.818 0.000   4.463 0.000
228.291667 229.291667  29.506 0.000   7.166 0.000
231.291667 232.291667  15.609 0.000   4.585 0.000
234.291667 235.291667  15.197 0.000   4.935 0.000
237.291667 238.291667  16.410 0.000   5.591 0.000
240.291667 241.291667  29.336 0.000   6.960 0.000
243.291667 244.291667   8.358 0.000   2.949 0.000
246.291667 247.291667  23.544 0.000   5.934 0.000
249.291667 250.291667  13.523 0.000   2.903 0.000
252.291667 253.291667  25.180 0.000   6.421 0.000
255.291667 256.291667  11.998 0.000   3.617 0.000
258.291667 259.291667  21.121 0.000   5.400 0.000
261.291667 262.291667  39.048 0.000   8.024 0.000
264.291667 265.291667  18.995 0.000   5.239 0.000
267.291667 268.291667  31.961 0.000   7.371 0.000
270.291667 271.291667   7.471 0.000   2.566 0.000
273.291667 274.291667  12.889 0.000   4.807 0.000
276.291667 277.291667  11.916 0.000   3.186 0.000
279.291667 280.291667  29.311 0.000   7.600 0.000
282.291667 283.291667  35.515 0.000   9.596 0.000
285.291667 286.291667  47.823 0.000  11.687 0.000
288.291667 289.291667  44.121 0.000   9.405 0.000
291.291667 292.291667  43.738 0.000   9.345 0.000
294.291667 295.291667  60.598 0.000  14.293 0.000
297.291667 298.291667  34.303 0.000  10.006 0.000
300.291667 301.291667  42.351 0.000  10.890 0.000
303.291667 304.291667  45.067 0.000  10.488 0.000
306.291667 307.291667  45.201 0.000  10.128 0.000
309.291667 310.291667  30.914 0.000   7.655 0.000
312.291667 313.291667  27.846 0.000   6.641 0.000
315.291667 316.291667  34.994 0.000   9.844 0.000
318.291667 319.291667  62.524 0.000  12.739 0.000
321.291667 322.291667  31.140 0.000   8.255 0.000
324.291667 325.291667  54.232 0.000  14.917 0.000
327.291667 328.291667  21.522 0.000 999.999 0.456
330.291667 331.291667  38.574 0.000 999.999 0.456
333.291667 334.291667  11.772 0.000 999.999 0.456
336.291667 337.291667  14.196 0.000   4.886 0.000
339.291667 340.291667  27.489 0.000  13.737 0.000
342.291667 343.291667  28.878 0.000  12.209 0.000
345.291667 346.291667  68.118 0.000  24.240 0.000
348.291667 349.291667  62.473 0.000 999.999 0.999
351.291667 352.291667  28.488 0.000   6.320 0.000
354.291667 355.291667  24.637 0.000   8.305 0.000
357.291667 358.291667 999.999 0.999  12.886 0.000
360.291667 361.291667 999.999 0.999  20.126 0.000
363.291667 364.291667 999.999 0.999  13.467 0.000
