scripts/IMPROVE-2019_partial/data/US0131R.20100102080000.20191216000000.filterpack...52w.3d.US03L_filterpack_US0131.US03L_IMPROVE_Davis.lev2.nas
54 1001
MISSING INFORMATION
US03L, IMPROVE, , , , , , , 
MISSING INFORMATION
IMPROVE sel_HTAP
1 1
2010 01 01 2019 12 16
3.000000
days from file reference point
5
1 1 1 1 1
999.999999 999.999 9.999 99.999 9.999
end_time of measurement, days from the file reference point
pm10_mass, ug/m3, Matrix=pm10
numflag pm10_mass, no unit, Matrix=pm10
pm25_mass, ug/m3, Matrix=pm25
numflag pm25_mass, no unit, Matrix=pm25
0
35
Data definition:              EBAS_1.1
Set type code:                TU
Timezone:                     UTC
File name:                    US0131R.20100102080000.20191216000000.filterpack...52w.3d.US03L_filterpack_US0131.US03L_IMPROVE_Davis.lev2.nas
File creation:                20191218120222
Startdate:                    20100102080000
Revision date:                20191216000000
Version:                      2
Version description:          "Data extracted from http://views.cira.colostate.edu/fed/DataWizard 2019-12-16"
Statistics:                   arithmetic mean
Data level:                   2
Period code:                  52w
Resolution code:              3d
Sample duration:              1d
Orig. time res.:              3d
Station code:                 US0131R
Platform code:                US0131S
Station name:                 Wrightwood
Station land use:             Forest
Station setting:              Rural
Station latitude:             34.37892
Station longitude:            -117.69211
Station altitude:             2106.0 m
Regime:                       IMG
Component:                    
Unit:                         ug/m3
Matrix:                       
Laboratory code:              US03L
Instrument type:              filterpack
Instrument name:              filterpack_US0131
Method ref:                   US03L_IMPROVE_Davis
Blank correction:             Blank corrected
Volume std. temperature:      ambient
Volume std. pressure:         ambient
starttime endtime PM10 flag_PM10 PM2.5 flag_PM2.5
  1.333333   2.333333  20.669 0.000  2.684 0.000
  4.333333   5.333333  52.866 0.000  4.485 0.000
  7.333333   8.333333   9.296 0.000  2.039 0.000
 10.333333  11.333333   7.405 0.000  1.617 0.000
 13.333333  14.333333   5.881 0.000  1.434 0.000
 16.333333  17.333333   2.205 0.000  1.010 0.000
 19.333333  20.333333   4.676 0.000  0.779 0.000
 22.333333  23.333333   2.107 0.000  0.959 0.000
 25.333333  26.333333   4.413 0.000  1.420 0.000
 28.333333  29.333333  33.647 0.000  8.316 0.000
 31.333333  32.333333  31.070 0.000  6.394 0.000
 34.333333  35.333333  11.177 0.000  2.830 0.000
 37.333333  38.333333   1.502 0.000  0.831 0.000
 40.333333  41.333333   1.484 0.000  0.525 0.000
 43.333333  44.333333  19.255 0.000  3.942 0.000
 46.333333  47.333333  28.271 0.000  3.658 0.000
 49.333333  50.333333  16.866 0.000  4.192 0.000
 52.333333  53.333333   5.421 0.000  1.564 0.000
 55.333333  56.333333   5.124 0.000  1.397 0.000
 58.333333  59.333333   2.424 0.000  0.891 0.000
 61.333333  62.333333   5.540 0.000  1.837 0.000
 64.333333  65.333333   4.579 0.000  1.728 0.000
 67.333333  68.333333   3.143 0.000  1.421 0.000
 70.333333  71.333333  12.242 0.000  3.826 0.000
 73.333333  74.333333  11.992 0.000  2.296 0.000
 76.333333  77.333333  15.978 0.000  5.756 0.000
 79.333333  80.333333  23.040 0.000  7.448 0.000
 82.333333  83.333333  20.225 0.000  8.195 0.000
 85.333333  86.333333  16.664 0.000  4.322 0.000
 88.333333  89.333333   7.191 0.000  3.167 0.000
 91.333333  92.333333  12.334 0.000  3.955 0.000
 94.333333  95.333333   1.516 0.000  1.074 0.000
 97.333333  98.333333   6.804 0.000  2.215 0.000
100.333333 101.333333   8.687 0.000  4.609 0.000
103.333333 104.333333   8.081 0.000  4.131 0.000
106.333333 107.333333  14.322 0.000  5.831 0.000
109.333333 110.333333   3.074 0.000  0.888 0.000
112.333333 113.333333   6.497 0.000  1.834 0.000
115.333333 116.333333  12.951 0.000  5.144 0.000
118.333333 119.333333   6.136 0.000  2.341 0.000
121.333333 122.333333  12.155 0.000  4.887 0.000
124.333333 125.333333   9.501 0.000  4.030 0.000
127.333333 128.333333  12.027 0.000  5.778 0.000
130.333333 131.333333   4.886 0.000  1.504 0.000
133.333333 134.333333  11.222 0.000  3.932 0.000
136.333333 137.333333   6.520 0.000  2.546 0.000
139.333333 140.333333   7.446 0.000  3.514 0.000
142.333333 143.333333   4.868 0.000  2.039 0.000
145.333333 146.333333 999.999 0.999 99.999 0.999
148.333333 149.333333   6.952 0.000  1.819 0.000
151.333333 152.333333   5.670 0.000  2.894 0.000
154.333333 155.333333   5.918 0.000  2.814 0.000
157.333333 158.333333   5.158 0.000  2.782 0.000
160.333333 161.333333   7.878 0.000  3.768 0.000
163.333333 164.333333  10.052 0.000  3.474 0.000
166.333333 167.333333   6.112 0.000  2.590 0.000
169.333333 170.333333   3.837 0.000  1.683 0.000
172.333333 173.333333  12.699 0.000  4.539 0.000
175.333333 176.333333   6.358 0.000  2.379 0.000
178.333333 179.333333   8.594 0.000  3.463 0.000
181.333333 182.333333  10.863 0.000  3.013 0.000
184.333333 185.333333  10.316 0.000  3.691 0.000
187.333333 188.333333   9.715 0.000  2.605 0.000
190.333333 191.333333   9.893 0.000  4.112 0.000
193.333333 194.333333   6.990 0.000  3.440 0.000
196.333333 197.333333  15.934 0.000  6.703 0.000
199.333333 200.333333   5.488 0.000  3.202 0.000
202.333333 203.333333   4.639 0.000  2.115 0.000
205.333333 206.333333   4.660 0.000  2.506 0.000
208.333333 209.333333   8.835 0.000  3.751 0.000
211.333333 212.333333   6.175 0.000  3.532 0.000
214.333333 215.333333   7.593 0.000  3.058 0.000
217.333333 218.333333   7.489 0.000  3.798 0.000
220.333333 221.333333   6.226 0.000  3.204 0.000
223.333333 224.333333   5.346 0.000  2.381 0.000
226.333333 227.333333   2.622 0.000  1.212 0.000
229.333333 230.333333   6.470 0.000  3.110 0.000
232.333333 233.333333   4.312 0.000  2.489 0.000
235.333333 236.333333  10.809 0.000 99.999 0.456
238.333333 239.333333   5.798 0.000  2.674 0.000
241.333333 242.333333   7.328 0.000  3.651 0.000
244.333333 245.333333  11.102 0.000  4.861 0.000
247.333333 248.333333   2.344 0.000  1.603 0.000
250.333333 251.333333 999.999 0.999 99.999 0.999
253.333333 254.333333   9.616 0.000  4.037 0.000
256.333333 257.333333   3.008 0.000  1.253 0.000
259.333333 260.333333   8.590 0.000  3.160 0.000
262.333333 263.333333   6.276 0.000  2.267 0.000
265.333333 266.333333  12.991 0.000  5.196 0.000
268.333333 269.333333   7.791 0.000  3.458 0.000
271.333333 272.333333  13.100 0.000  4.509 0.000
274.333333 275.333333   6.196 0.000  4.008 0.000
277.333333 278.333333   2.647 0.000  1.718 0.000
280.333333 281.333333   7.212 0.000  2.585 0.000
283.333333 284.333333   4.147 0.000  1.849 0.000
286.333333 287.333333  10.084 0.000  3.305 0.000
289.333333 290.333333   6.484 0.000  3.308 0.000
292.333333 293.333333   1.797 0.000  0.987 0.000
295.333333 296.333333   1.197 0.000  0.717 0.000
298.333333 299.333333   3.973 0.000  1.981 0.000
301.333333 302.333333   7.868 0.000  2.117 0.000
304.333333 305.333333   5.728 0.000  1.449 0.000
307.333333 308.333333  16.969 0.000  3.632 0.000
310.333333 311.333333   2.809 0.000  1.480 0.000
313.333333 314.333333   3.526 0.000  1.688 0.000
316.333333 317.333333   3.872 0.000  1.989 0.000
319.333333 320.333333   2.560 0.000  1.195 0.000
322.333333 323.333333   5.685 0.000  1.805 0.000
325.333333 326.333333   7.853 0.000  2.252 0.000
328.333333 329.333333   7.395 0.000  1.309 0.000
331.333333 332.333333   2.371 0.000  1.191 0.000
334.333333 335.333333   5.135 0.000  1.735 0.000
337.333333 338.333333   3.521 0.000  0.661 0.000
340.333333 341.333333   6.296 0.000  1.649 0.000
343.333333 344.333333   2.296 0.000  0.626 0.000
346.333333 347.333333   5.726 0.000  1.042 0.000
349.333333 350.333333   4.216 0.000  0.513 0.000
352.333333 353.333333 999.999 0.259 99.999 0.259
355.333333 356.333333 999.999 0.999 99.999 0.999
358.333333 359.333333 999.999 0.999 99.999 0.999
361.333333 362.333333  25.329 0.000  3.467 0.000
364.333333 365.333333   4.766 0.000  0.949 0.000
