scripts/IMPROVE-2019_partial/data/US0112R.20140102070000.20191216000000.filterpack...52w.3d.US03L_filterpack_US0112.US03L_IMPROVE_Davis.lev2.nas
54 1001
MISSING INFORMATION
US03L, IMPROVE, , , , , , , 
MISSING INFORMATION
IMPROVE sel_HTAP
1 1
2014 01 01 2019 12 16
3.000000
days from file reference point
5
1 1 1 1 1
999.999999 999.999 9.999 999.999 9.999
end_time of measurement, days from the file reference point
pm10_mass, ug/m3, Matrix=pm10
numflag pm10_mass, no unit, Matrix=pm10
pm25_mass, ug/m3, Matrix=pm25
numflag pm25_mass, no unit, Matrix=pm25
0
35
Data definition:              EBAS_1.1
Set type code:                TU
Timezone:                     UTC
File name:                    US0112R.20140102070000.20191216000000.filterpack...52w.3d.US03L_filterpack_US0112.US03L_IMPROVE_Davis.lev2.nas
File creation:                20191218120213
Startdate:                    20140102070000
Revision date:                20191216000000
Version:                      2
Version description:          "Data extracted from http://views.cira.colostate.edu/fed/DataWizard 2019-12-16"
Statistics:                   arithmetic mean
Data level:                   2
Period code:                  52w
Resolution code:              3d
Sample duration:              1d
Orig. time res.:              3d
Station code:                 US0112R
Platform code:                US0112S
Station name:                 Breton Island
Station land use:             Wetland
Station setting:              Coastal
Station latitude:             30.10863
Station longitude:            -89.76168
Station altitude:             -7.0 m
Regime:                       IMG
Component:                    
Unit:                         ug/m3
Matrix:                       
Laboratory code:              US03L
Instrument type:              filterpack
Instrument name:              filterpack_US0112
Method ref:                   US03L_IMPROVE_Davis
Blank correction:             Blank corrected
Volume std. temperature:      ambient
Volume std. pressure:         ambient
starttime endtime PM10 flag_PM10 PM2.5 flag_PM2.5
  1.291667   2.291667   9.223 0.000   6.394 0.000
  4.291667   5.291667  10.671 0.000   6.286 0.000
  7.291667   8.291667   8.201 0.000   3.702 0.000
 10.291667  11.291667   7.976 0.000   3.348 0.000
 13.291667  14.291667   7.873 0.000   2.922 0.000
 16.291667  17.291667  19.668 0.000   4.409 0.000
 19.291667  20.291667  21.111 0.000  10.797 0.000
 22.291667  23.291667  15.490 0.000   8.769 0.000
 25.291667  26.291667  19.222 0.000  15.003 0.000
 28.291667  29.291667 999.999 0.999 999.999 0.999
 31.291667  32.291667   5.467 0.000   3.889 0.000
 34.291667  35.291667   7.491 0.000   5.770 0.000
 37.291667  38.291667  13.957 0.000  12.571 0.000
 40.291667  41.291667   5.608 0.000   4.061 0.000
 43.291667  44.291667   7.473 0.000   6.359 0.000
 46.291667  47.291667   7.397 0.000 999.999 0.456
 49.291667  50.291667   5.405 0.000   4.004 0.000
 52.291667  53.291667   6.465 0.000   2.788 0.000
 55.291667  56.291667  15.802 0.000  12.332 0.000
 58.291667  59.291667   9.884 0.000   5.029 0.000
 61.291667  62.291667   7.176 0.000   4.649 0.000
 64.291667  65.291667   8.469 0.000   6.481 0.000
 67.291667  68.291667   7.698 0.000   4.759 0.000
 70.291667  71.291667   8.698 0.000   5.085 0.000
 73.291667  74.291667   5.088 0.000   5.380 0.000
 76.291667  77.291667   5.590 0.000   3.970 0.000
 79.291667  80.291667  28.344 0.000  14.439 0.000
 82.291667  83.291667  14.265 0.000   9.739 0.000
 85.291667  86.291667  11.022 0.000   4.454 0.000
 88.291667  89.291667   7.773 0.000   4.815 0.000
 91.291667  92.291667  13.395 0.000   5.768 0.000
 94.291667  95.291667   8.502 0.000   4.733 0.000
 97.291667  98.291667   6.822 0.000   4.440 0.000
100.291667 101.291667  10.313 0.000   6.590 0.000
103.291667 104.291667  13.752 0.000   4.968 0.000
106.291667 107.291667 999.999 0.999 999.999 0.999
109.291667 110.291667   9.940 0.000   6.873 0.000
112.291667 113.291667  12.221 0.000   9.055 0.000
115.291667 116.291667   8.941 0.000   5.922 0.000
118.291667 119.291667  25.819 0.000  13.502 0.000
121.291667 122.291667  11.463 0.000   5.779 0.000
124.291667 125.291667  18.063 0.000   7.670 0.000
127.291667 128.291667  12.471 0.000   5.716 0.000
130.291667 131.291667  17.799 0.000   8.212 0.000
133.291667 134.291667  12.492 0.000   4.998 0.000
136.291667 137.291667  12.101 0.000   6.448 0.000
139.291667 140.291667  15.341 0.000   7.400 0.000
142.291667 143.291667 999.999 0.456   9.194 0.000
145.291667 146.291667 999.999 0.456   9.381 0.000
148.291667 149.291667 999.999 0.456   4.195 0.000
151.291667 152.291667 999.999 0.456   2.963 0.000
154.291667 155.291667  13.223 0.000   5.449 0.000
157.291667 158.291667   8.692 0.000   5.418 0.000
160.291667 161.291667  16.207 0.000   7.428 0.000
163.291667 164.291667  12.184 0.000   6.914 0.000
166.291667 167.291667  26.612 0.000  12.688 0.000
169.291667 170.291667  18.099 0.000  10.216 0.000
172.291667 173.291667  19.556 0.000  12.300 0.000
175.291667 176.291667  14.778 0.000   5.495 0.000
178.291667 179.291667  15.045 0.000   6.151 0.000
181.291667 182.291667  17.374 0.000  10.537 0.000
184.291667 185.291667  19.081 0.000  12.148 0.000
187.291667 188.291667  17.238 0.000  12.731 0.000
190.291667 191.291667  16.570 0.000   8.110 0.000
193.291667 194.291667  16.934 0.000  11.294 0.000
196.291667 197.291667  17.059 0.000   9.196 0.000
199.291667 200.291667  13.505 0.000   6.439 0.000
202.291667 203.291667  19.066 0.000  12.582 0.000
205.291667 206.291667  21.574 0.000  15.194 0.000
208.291667 209.291667  26.984 0.000  14.417 0.000
211.291667 212.291667  25.824 0.000  18.171 0.000
214.291667 215.291667  27.566 0.000  20.956 0.000
217.291667 218.291667  16.969 0.000  11.899 0.000
220.291667 221.291667  13.988 0.000   8.959 0.000
223.291667 224.291667  11.997 0.000   8.080 0.000
226.291667 227.291667  18.293 0.000  13.223 0.000
229.291667 230.291667  24.334 0.000  10.533 0.000
232.291667 233.291667  21.316 0.000   9.966 0.000
235.291667 236.291667  44.687 0.000  20.388 0.000
238.291667 239.291667  16.227 0.000   5.507 0.000
241.291667 242.291667  14.064 0.000   5.031 0.000
244.291667 245.291667  11.097 0.000   3.865 0.000
247.291667 248.291667  13.929 0.000   7.554 0.000
250.291667 251.291667  14.884 0.000  10.215 0.000
253.291667 254.291667   9.811 0.000   4.091 0.000
256.291667 257.291667  17.196 0.000  11.208 0.000
259.291667 260.291667  13.053 0.000   7.607 0.000
262.291667 263.291667  10.975 0.000   6.715 0.000
265.291667 266.291667  11.359 0.000   6.427 0.000
268.291667 269.291667 999.999 0.456   5.780 0.000
271.291667 272.291667 999.999 0.456   6.563 0.000
274.291667 275.291667   6.584 0.000   3.007 0.000
277.291667 278.291667   6.937 0.000   3.290 0.000
280.291667 281.291667   6.898 0.000   3.546 0.000
283.291667 284.291667  10.597 0.000   6.273 0.000
286.291667 287.291667   8.998 0.000   3.255 0.000
289.291667 290.291667  14.043 0.000   8.400 0.000
292.291667 293.291667  12.090 0.000   7.483 0.000
295.291667 296.291667  13.204 0.000   8.830 0.000
298.291667 299.291667  21.211 0.000  15.661 0.000
301.291667 302.291667   9.479 0.000   5.611 0.000
304.291667 305.291667  10.777 0.000   2.743 0.000
307.291667 308.291667   9.554 0.000   3.938 0.000
310.291667 311.291667   8.108 0.000   3.386 0.000
313.291667 314.291667  19.279 0.000  11.369 0.000
316.291667 317.291667  12.547 0.000   7.802 0.000
319.291667 320.291667  11.036 0.000   5.992 0.000
322.291667 323.291667   7.947 0.000 999.999 0.456
325.291667 326.291667  21.469 0.000 999.999 0.456
328.291667 329.291667   6.912 0.000   3.543 0.000
331.291667 332.291667   8.032 0.000 999.999 0.456
334.291667 335.291667  12.190 0.000 999.999 0.456
337.291667 338.291667  10.457 0.000   6.423 0.000
340.291667 341.291667  11.306 0.000   8.039 0.000
343.291667 344.291667  11.092 0.000   7.921 0.000
346.291667 347.291667  14.072 0.000  10.886 0.000
349.291667 350.291667   7.771 0.000   3.128 0.000
352.291667 353.291667  10.259 0.000  11.590 0.000
355.291667 356.291667  14.367 0.000   9.246 0.000
358.291667 359.291667 999.999 0.999 999.999 0.999
361.291667 362.291667 999.999 0.999 999.999 0.999
364.291667 365.291667   9.004 0.000   6.798 0.000
