scripts/IMPROVE-2019_partial/data/US0123R.20170101070000.20191216000000.filterpack...52w.3d.US03L_filterpack_US0123.US03L_IMPROVE_Davis.lev2.nas
54 1001
MISSING INFORMATION
US03L, IMPROVE, , , , , , , 
MISSING INFORMATION
IMPROVE sel_HTAP
1 1
2017 01 01 2019 12 16
3.000000
days from file reference point
5
1 1 1 1 1
999.999999 9999.999 9.999 999.999 9.999
end_time of measurement, days from the file reference point
pm10_mass, ug/m3, Matrix=pm10
numflag pm10_mass, no unit, Matrix=pm10
pm25_mass, ug/m3, Matrix=pm25
numflag pm25_mass, no unit, Matrix=pm25
0
35
Data definition:              EBAS_1.1
Set type code:                TU
Timezone:                     UTC
File name:                    US0123R.20170101070000.20191216000000.filterpack...52w.3d.US03L_filterpack_US0123.US03L_IMPROVE_Davis.lev2.nas
File creation:                20191218120219
Startdate:                    20170101070000
Revision date:                20191216000000
Version:                      2
Version description:          "Data extracted from http://views.cira.colostate.edu/fed/DataWizard 2019-12-16"
Statistics:                   arithmetic mean
Data level:                   2
Period code:                  52w
Resolution code:              3d
Sample duration:              1d
Orig. time res.:              3d
Station code:                 US0123R
Platform code:                US0123S
Station name:                 Nogales
Station land use:             Residential
Station setting:              Suburban
Station latitude:             31.33745
Station longitude:            -110.93715
Station altitude:             1172.0 m
Regime:                       IMG
Component:                    
Unit:                         ug/m3
Matrix:                       
Laboratory code:              US03L
Instrument type:              filterpack
Instrument name:              filterpack_US0123
Method ref:                   US03L_IMPROVE_Davis
Blank correction:             Blank corrected
Volume std. temperature:      ambient
Volume std. pressure:         ambient
starttime endtime PM10 flag_PM10 PM2.5 flag_PM2.5
  0.291667   1.291667 9999.999 0.999   5.509 0.000
  3.291667   4.291667 9999.999 0.999  13.135 0.000
  6.291667   7.291667 9999.999 0.999  16.850 0.000
  9.291667  10.291667 9999.999 0.999  11.361 0.000
 12.291667  13.291667 9999.999 0.999  15.423 0.000
 15.291667  16.291667 9999.999 0.999   2.845 0.000
 18.291667  19.291667 9999.999 0.999   6.263 0.000
 21.291667  22.291667 9999.999 0.999  14.228 0.000
 24.291667  25.291667 9999.999 0.999   7.528 0.000
 27.291667  28.291667 9999.999 0.999   4.020 0.000
 30.291667  31.291667 9999.999 0.999  14.053 0.000
 33.291667  34.291667 9999.999 0.999  18.498 0.000
 36.291667  37.291667 9999.999 0.999   7.268 0.000
 39.291667  40.291667 9999.999 0.999  11.676 0.000
 42.291667  43.291667 9999.999 0.999   7.690 0.000
 45.291667  46.291667    4.761 0.000   1.771 0.000
 48.291667  49.291667 9999.999 0.999 999.999 0.999
 51.291667  52.291667 9999.999 0.999 999.999 0.999
 54.291667  55.291667   24.076 0.000   6.907 0.000
 57.291667  58.291667   16.062 0.000   3.221 0.000
 60.291667  61.291667   11.642 0.000   3.153 0.000
 63.291667  64.291667 9999.999 0.999   6.636 0.000
 66.291667  67.291667 9999.999 0.999   6.153 0.000
 69.291667  70.291667 9999.999 0.999 999.999 0.999
 72.291667  73.291667   35.452 0.000   7.731 0.000
 75.291667  76.291667   43.432 0.000  11.588 0.000
 78.291667  79.291667   29.753 0.000   7.843 0.000
 81.291667  82.291667   10.372 0.000   2.962 0.000
 84.291667  85.291667   21.349 0.000   5.978 0.000
 87.291667  88.291667   25.952 0.000   5.916 0.000
 90.291667  91.291667   20.415 0.000   6.387 0.000
 93.291667  94.291667   18.323 0.000   5.078 0.000
 96.291667  97.291667   32.513 0.000   7.968 0.000
 99.291667 100.291667   30.956 0.000   9.492 0.000
102.291667 103.291667   34.594 0.000  13.030 0.000
105.291667 106.291667   21.676 0.000   6.533 0.000
108.291667 109.291667   22.631 0.000   8.289 0.000
111.291667 112.291667   52.126 0.000  12.739 0.000
114.291667 115.291667   21.774 0.000   6.739 0.000
117.291667 118.291667   36.225 0.000   8.708 0.000
120.291667 121.291667   33.777 0.000   8.452 0.000
123.291667 124.291667   31.164 0.000  11.027 0.000
126.291667 127.291667   26.130 0.000   6.445 0.000
129.291667 130.291667 9999.999 0.999 999.999 0.999
132.291667 133.291667 9999.999 0.999 999.999 0.999
135.291667 136.291667 9999.999 0.999 999.999 0.999
138.291667 139.291667   15.319 0.000   6.370 0.000
141.291667 142.291667   19.640 0.000   5.402 0.000
144.291667 145.291667   16.501 0.000   6.123 0.000
147.291667 148.291667   22.282 0.000   7.131 0.000
150.291667 151.291667   28.443 0.000   9.571 0.000
153.291667 154.291667   27.064 0.000   7.650 0.000
156.291667 157.291667   25.837 0.000   9.389 0.000
159.291667 160.291667   23.564 0.000   8.421 0.000
162.291667 163.291667   15.853 0.000   5.047 0.000
165.291667 166.291667   33.769 0.000   9.539 0.000
168.291667 169.291667   34.811 0.000   9.815 0.000
171.291667 172.291667   54.550 0.000  14.625 0.000
174.291667 175.291667   30.608 0.000   9.317 0.000
177.291667 178.291667   23.696 0.000  12.323 0.000
180.291667 181.291667   30.647 0.000   6.455 0.000
183.291667 184.291667   13.329 0.000   7.081 0.000
186.291667 187.291667   19.615 0.000   7.773 0.000
189.291667 190.291667   18.666 0.000   7.112 0.000
192.291667 193.291667   14.129 0.000   5.148 0.000
195.291667 196.291667   11.930 0.000   3.588 0.000
198.291667 199.291667   11.662 0.000   4.636 0.000
201.291667 202.291667 9999.999 0.999   4.085 0.000
204.291667 205.291667 9999.999 0.999   5.102 0.000
207.291667 208.291667   27.443 0.000   6.996 0.000
210.291667 211.291667   10.869 0.000   3.850 0.000
213.291667 214.291667 9999.999 0.999 999.999 0.999
216.291667 217.291667   15.658 0.000   4.257 0.000
219.291667 220.291667   31.061 0.000   8.261 0.000
222.291667 223.291667   22.260 0.000   5.002 0.000
225.291667 226.291667   14.121 0.000   4.734 0.000
228.291667 229.291667   37.838 0.000   9.389 0.000
231.291667 232.291667   15.343 0.000   5.956 0.000
234.291667 235.291667   17.657 0.000   6.962 0.000
237.291667 238.291667   24.127 0.000   7.011 0.000
240.291667 241.291667   25.336 0.000  10.627 0.000
243.291667 244.291667   31.170 0.000   8.460 0.000
246.291667 247.291667   21.795 0.000   9.954 0.000
249.291667 250.291667   30.524 0.000  10.366 0.000
252.291667 253.291667   18.004 0.000   8.274 0.000
255.291667 256.291667   19.334 0.000   7.173 0.000
258.291667 259.291667   20.174 0.000   7.040 0.000
261.291667 262.291667   18.575 0.000   5.719 0.000
264.291667 265.291667   18.331 0.000   4.620 0.000
267.291667 268.291667   19.024 0.000   4.429 0.000
270.291667 271.291667   32.341 0.000   7.533 0.000
273.291667 274.291667   21.568 0.000   5.485 0.000
276.291667 277.291667   38.250 0.000  12.173 0.000
279.291667 280.291667   43.054 0.000  10.315 0.000
282.291667 283.291667   40.422 0.000  10.032 0.000
285.291667 286.291667   44.534 0.000  11.426 0.000
288.291667 289.291667   35.337 0.000  10.917 0.000
291.291667 292.291667   48.187 0.000  15.718 0.000
294.291667 295.291667   47.244 0.000  11.187 0.000
297.291667 298.291667   47.178 0.000  13.321 0.000
300.291667 301.291667   61.874 0.000  16.072 0.000
303.291667 304.291667   22.830 0.000   6.921 0.000
306.291667 307.291667   51.242 0.000  14.329 0.000
309.291667 310.291667   28.146 0.000   5.736 0.000
312.291667 313.291667   26.957 0.000   9.047 0.000
315.291667 316.291667   53.651 0.000  13.816 0.000
318.291667 319.291667   61.590 0.000  15.367 0.000
321.291667 322.291667   27.507 0.000   7.464 0.000
324.291667 325.291667   40.449 0.000   9.722 0.000
327.291667 328.291667   77.270 0.000  19.949 0.000
330.291667 331.291667   55.830 0.000  12.191 0.000
333.291667 334.291667   70.999 0.000  18.423 0.000
336.291667 337.291667   71.018 0.000  22.639 0.000
339.291667 340.291667   22.041 0.000   8.254 0.000
342.291667 343.291667   30.976 0.000  10.839 0.000
345.291667 346.291667 9999.999 0.456   9.339 0.000
348.291667 349.291667 9999.999 0.456  12.603 0.000
351.291667 352.291667    6.154 0.000   3.712 0.000
354.291667 355.291667   30.098 0.000   8.697 0.000
357.291667 358.291667  127.228 0.000  79.058 0.000
360.291667 361.291667   90.728 0.000  34.225 0.000
363.291667 364.291667   59.962 0.000  22.508 0.000
