scripts/IMPROVE-2019_partial/data/US0119R.20140219080000.20191216000000.filterpack...10mo.3d.US03L_filterpack_US0119.US03L_IMPROVE_Davis.lev2.nas
54 1001
MISSING INFORMATION
US03L, IMPROVE, , , , , , , 
MISSING INFORMATION
IMPROVE sel_HTAP
1 1
2014 01 01 2019 12 16
3.000000
days from file reference point
5
1 1 1 1 1
999.999999 999.999 9.999 999.999 9.999
end_time of measurement, days from the file reference point
pm10_mass, ug/m3, Matrix=pm10
numflag pm10_mass, no unit, Matrix=pm10
pm25_mass, ug/m3, Matrix=pm25
numflag pm25_mass, no unit, Matrix=pm25
0
35
Data definition:              EBAS_1.1
Set type code:                TU
Timezone:                     UTC
File name:                    US0119R.20140219080000.20191216000000.filterpack...10mo.3d.US03L_filterpack_US0119.US03L_IMPROVE_Davis.lev2.nas
File creation:                20191218120216
Startdate:                    20140219080000
Revision date:                20191216000000
Version:                      2
Version description:          "Data extracted from http://views.cira.colostate.edu/fed/DataWizard 2019-12-16"
Statistics:                   arithmetic mean
Data level:                   2
Period code:                  10mo
Resolution code:              3d
Sample duration:              1d
Orig. time res.:              3d
Station code:                 US0119R
Platform code:                US0119S
Station name:                 Lake Tahoe Community College
Station land use:             Residential
Station setting:              Rural
Station latitude:             38.9248
Station longitude:            -119.9799
Station altitude:             1935.0 m
Regime:                       IMG
Component:                    
Unit:                         ug/m3
Matrix:                       
Laboratory code:              US03L
Instrument type:              filterpack
Instrument name:              filterpack_US0119
Method ref:                   US03L_IMPROVE_Davis
Blank correction:             Blank corrected
Volume std. temperature:      ambient
Volume std. pressure:         ambient
starttime endtime PM10 flag_PM10 PM2.5 flag_PM2.5
 49.333333  50.333333 999.999 0.999 999.999 0.999
 52.333333  53.333333 999.999 0.999 999.999 0.999
 55.333333  56.333333  10.410 0.000   5.585 0.000
 58.333333  59.333333   3.549 0.000   2.692 0.000
 61.333333  62.333333   1.589 0.000   0.684 0.000
 64.333333  65.333333   2.786 0.000   1.510 0.000
 67.333333  68.333333   2.554 0.000   1.538 0.000
 70.333333  71.333333   2.804 0.000   0.958 0.000
 73.333333  74.333333  10.306 0.000   5.535 0.000
 76.333333  77.333333   4.498 0.000   1.801 0.000
 79.333333  80.333333   8.329 0.000   3.916 0.000
 82.333333  83.333333   9.706 0.000   5.699 0.000
 85.333333  86.333333   1.766 0.000   1.115 0.000
 88.333333  89.333333   2.544 0.000   1.703 0.000
 91.333333  92.333333   3.151 0.000   1.518 0.000
 94.333333  95.333333   4.171 0.000   2.466 0.000
 97.333333  98.333333   7.683 0.000 999.999 0.456
100.333333 101.333333   7.607 0.000   4.109 0.000
103.333333 104.333333   8.230 0.000   3.950 0.000
106.333333 107.333333   6.298 0.000   3.093 0.000
109.333333 110.333333  10.485 0.000   7.242 0.000
112.333333 113.333333   4.460 0.000   2.180 0.000
115.333333 116.333333   2.110 0.000 999.999 0.456
118.333333 119.333333   6.726 0.000 999.999 0.456
121.333333 122.333333   8.688 0.000   4.254 0.000
124.333333 125.333333   4.990 0.000   2.176 0.000
127.333333 128.333333   6.237 0.000   3.525 0.000
130.333333 131.333333   2.349 0.000   1.161 0.000
133.333333 134.333333   7.628 0.000   3.434 0.000
136.333333 137.333333   6.924 0.000   3.753 0.000
139.333333 140.333333   2.807 0.000   1.813 0.000
142.333333 143.333333  11.603 0.000   4.875 0.000
145.333333 146.333333   5.145 0.000   2.454 0.000
148.333333 149.333333   6.353 0.000   2.720 0.000
151.333333 152.333333  10.826 0.000   6.425 0.000
154.333333 155.333333  11.040 0.000   4.656 0.000
157.333333 158.333333  10.130 0.000   4.693 0.000
160.333333 161.333333  14.514 0.000   6.511 0.000
163.333333 164.333333   8.243 0.000   2.524 0.000
166.333333 167.333333  11.209 0.000   3.395 0.000
169.333333 170.333333   9.420 0.000   3.171 0.000
172.333333 173.333333   6.799 0.000   2.830 0.000
175.333333 176.333333   9.326 0.000   2.006 0.000
178.333333 179.333333   5.661 0.000   1.673 0.000
181.333333 182.333333  19.969 0.000   3.310 0.000
184.333333 185.333333  20.617 0.000   4.286 0.000
187.333333 188.333333  16.504 0.000   4.976 0.000
190.333333 191.333333  10.605 0.000   4.009 0.000
193.333333 194.333333  10.494 0.000   4.607 0.000
196.333333 197.333333  12.339 0.000   5.418 0.000
199.333333 200.333333   9.345 0.000   5.152 0.000
202.333333 203.333333  10.980 0.000   5.253 0.000
205.333333 206.333333   8.636 0.000   3.089 0.000
208.333333 209.333333  10.304 0.000   5.491 0.000
211.333333 212.333333  11.534 0.000   5.918 0.000
214.333333 215.333333  10.292 0.000   5.434 0.000
217.333333 218.333333  14.122 0.000  11.689 0.000
220.333333 221.333333  11.830 0.000   7.692 0.000
223.333333 224.333333   7.049 0.000   3.453 0.000
226.333333 227.333333   9.017 0.000   3.706 0.000
229.333333 230.333333   6.098 0.000   2.570 0.000
232.333333 233.333333  12.643 0.000   6.507 0.000
235.333333 236.333333  10.285 0.000   5.078 0.000
238.333333 239.333333   8.236 0.000   4.590 0.000
241.333333 242.333333   4.658 0.000   2.155 0.000
244.333333 245.333333  10.400 0.000   5.650 0.000
247.333333 248.333333  10.491 0.000   4.340 0.000
250.333333 251.333333   9.957 0.000   3.634 0.000
253.333333 254.333333  13.997 0.000   6.988 0.000
256.333333 257.333333   7.754 0.000   3.422 0.000
259.333333 260.333333  10.289 0.000   2.533 0.000
262.333333 263.333333  20.518 0.000 999.999 0.456
265.333333 266.333333   8.725 0.000   4.099 0.000
268.333333 269.333333   6.775 0.000   5.451 0.000
271.333333 272.333333   6.043 0.000   4.903 0.000
274.333333 275.333333   5.159 0.000   3.145 0.000
277.333333 278.333333   3.961 0.000   2.288 0.000
280.333333 281.333333   6.414 0.000   3.578 0.000
283.333333 284.333333   7.179 0.000   4.139 0.000
286.333333 287.333333  14.831 0.000   4.076 0.000
289.333333 290.333333  10.802 0.000   5.610 0.000
292.333333 293.333333   5.537 0.000   2.403 0.000
295.333333 296.333333   3.558 0.000   2.171 0.000
298.333333 299.333333   2.825 0.000   2.115 0.000
301.333333 302.333333   5.667 0.000   3.938 0.000
304.333333 305.333333   1.079 0.000   0.962 0.000
307.333333 308.333333   5.439 0.000   3.791 0.000
310.333333 311.333333   3.744 0.000   2.991 0.000
313.333333 314.333333   3.550 0.000   2.218 0.000
316.333333 317.333333   1.197 0.000   0.894 0.000
319.333333 320.333333   4.027 0.000   2.932 0.000
322.333333 323.333333   2.795 0.000   1.750 0.000
325.333333 326.333333   1.976 0.000   1.472 0.000
328.333333 329.333333 999.999 0.999 999.999 0.999
331.333333 332.333333 999.999 0.999 999.999 0.999
334.333333 335.333333 999.999 0.999 999.999 0.999
337.333333 338.333333 999.999 0.999 999.999 0.999
340.333333 341.333333   7.172 0.000   5.420 0.000
343.333333 344.333333   7.141 0.000   4.878 0.000
346.333333 347.333333   3.542 0.000   2.707 0.000
349.333333 350.333333   3.419 0.000   1.982 0.000
352.333333 353.333333   1.419 0.000   0.646 0.000
355.333333 356.333333   5.777 0.000   3.058 0.000
358.333333 359.333333   1.261 0.000   0.622 0.000
361.333333 362.333333   5.055 0.000   3.549 0.000
364.333333 365.333333   7.234 0.000   4.940 0.000
