scripts/IMPROVE-2019_partial/data/US0126R.20130101050000.20191216000000.filterpack...52w.3d.US03L_filterpack_US0126.US03L_IMPROVE_Davis.lev2.nas
53 1001
MISSING INFORMATION
US03L, IMPROVE, , , , , , , 
MISSING INFORMATION
IMPROVE sel_HTAP
1 1
2013 01 01 2019 12 16
3.000000
days from file reference point
4
1 1 1 1
999.999999 999.999 999.999 9.999
end_time of measurement, days from the file reference point
pm10_mass, ug/m3, Matrix=pm10
pm25_mass, ug/m3, Matrix=pm25
numflag, no unit
0
35
Data definition:              EBAS_1.1
Set type code:                TU
Timezone:                     UTC
File name:                    US0126R.20130101050000.20191216000000.filterpack...52w.3d.US03L_filterpack_US0126.US03L_IMPROVE_Davis.lev2.nas
File creation:                20191218120220
Startdate:                    20130101050000
Revision date:                20191216000000
Version:                      2
Version description:          "Data extracted from http://views.cira.colostate.edu/fed/DataWizard 2019-12-16"
Statistics:                   arithmetic mean
Data level:                   2
Period code:                  52w
Resolution code:              3d
Sample duration:              1d
Orig. time res.:              3d
Station code:                 US0126R
Platform code:                US0126S
Station name:                 Penobscot
Station land use:             Forest
Station setting:              Rural
Station latitude:             44.94798
Station longitude:            -68.64786
Station altitude:             45.0 m
Regime:                       IMG
Component:                    
Unit:                         ug/m3
Matrix:                       
Laboratory code:              US03L
Instrument type:              filterpack
Instrument name:              filterpack_US0126
Method ref:                   US03L_IMPROVE_Davis
Blank correction:             Blank corrected
Volume std. temperature:      ambient
Volume std. pressure:         ambient
starttime endtime PM10 PM2.5 flag
  0.208333   1.208333   5.364   4.190 0.000
  3.208333   4.208333  24.084  14.789 0.000
  6.208333   7.208333  14.880   6.738 0.000
  9.208333  10.208333   4.330   3.384 0.000
 12.208333  13.208333   3.823   3.552 0.000
 15.208333  16.208333   8.230   4.283 0.000
 18.208333  19.208333  12.559   9.121 0.000
 21.208333  22.208333  13.537   3.738 0.000
 24.208333  25.208333   7.527   2.365 0.000
 27.208333  28.208333  23.939   6.988 0.000
 30.208333  31.208333   5.544   2.176 0.000
 33.208333  34.208333   5.907   3.523 0.000
 36.208333  37.208333   9.617   4.092 0.000
 39.208333  40.208333  14.497   2.068 0.000
 42.208333  43.208333  10.028   3.008 0.000
 45.208333  46.208333  30.572  13.903 0.000
 48.208333  49.208333   8.390   2.050 0.000
 51.208333  52.208333   9.225   2.202 0.000
 54.208333  55.208333   7.919   2.843 0.000
 57.208333  58.208333  10.208   4.087 0.000
 60.208333  61.208333   2.170   1.654 0.000
 63.208333  64.208333   2.297   0.878 0.000
 66.208333  67.208333  10.579   2.884 0.000
 69.208333  70.208333  16.550   6.283 0.000
 72.208333  73.208333   9.000   3.717 0.000
 75.208333  76.208333   5.730   2.692 0.000
 78.208333  79.208333   9.383   2.486 0.000
 81.208333  82.208333   8.576   1.628 0.000
 84.208333  85.208333   9.937   2.353 0.000
 87.208333  88.208333  11.650   3.245 0.000
 90.208333  91.208333   6.247   2.355 0.000
 93.208333  94.208333   9.204   2.505 0.000
 96.208333  97.208333  14.528   6.958 0.000
 99.208333 100.208333   7.748   3.688 0.000
102.208333 103.208333   2.659   1.486 0.000
105.208333 106.208333  11.370   3.595 0.000
108.208333 109.208333   9.433   3.037 0.000
111.208333 112.208333  10.589   4.670 0.000
114.208333 115.208333   8.468   4.542 0.000
117.208333 118.208333  12.769   7.354 0.000
120.208333 121.208333 999.999 999.999 0.999
123.208333 124.208333 999.999 999.999 0.999
126.208333 127.208333  10.086   2.856 0.000
129.208333 130.208333 999.999 999.999 0.999
132.208333 133.208333 999.999 999.999 0.999
135.208333 136.208333 999.999 999.999 0.999
138.208333 139.208333 999.999 999.999 0.999
141.208333 142.208333 999.999 999.999 0.999
144.208333 145.208333   1.692   0.271 0.000
147.208333 148.208333 999.999 999.999 0.999
150.208333 151.208333 999.999 999.999 0.999
153.208333 154.208333 999.999 999.999 0.999
156.208333 157.208333  10.818   3.852 0.000
159.208333 160.208333   5.297   1.763 0.000
162.208333 163.208333   4.471   1.999 0.000
165.208333 166.208333  15.137   4.122 0.000
168.208333 169.208333  18.313   4.649 0.000
171.208333 172.208333 999.999 999.999 0.999
174.208333 175.208333  21.971   9.539 0.000
177.208333 178.208333   8.687   4.560 0.000
180.208333 181.208333  13.458   9.372 0.000
183.208333 184.208333  24.304  14.787 0.000
186.208333 187.208333  20.138   8.392 0.000
189.208333 190.208333  12.208   7.477 0.000
192.208333 193.208333  17.907   5.446 0.000
195.208333 196.208333  34.783   9.155 0.000
198.208333 199.208333  11.914   4.887 0.000
201.208333 202.208333   9.120   3.620 0.000
204.208333 205.208333   8.807   3.126 0.000
207.208333 208.208333  13.166   2.269 0.000
210.208333 211.208333  18.041   4.010 0.000
213.208333 214.208333   8.139   5.027 0.000
216.208333 217.208333   7.045   1.813 0.000
219.208333 220.208333   8.120   3.889 0.000
222.208333 223.208333  13.277   3.416 0.000
225.208333 226.208333   7.843   4.258 0.000
228.208333 229.208333  13.030   6.786 0.000
231.208333 232.208333  21.517  11.298 0.000
234.208333 235.208333  10.081   3.939 0.000
237.208333 238.208333  12.330   6.430 0.000
240.208333 241.208333   6.367   2.167 0.000
243.208333 244.208333  10.074   5.236 0.000
246.208333 247.208333  13.098   3.533 0.000
249.208333 250.208333  10.281   2.886 0.000
252.208333 253.208333  11.399   4.114 0.000
255.208333 256.208333   7.764   4.073 0.000
258.208333 259.208333   8.006   2.362 0.000
261.208333 262.208333  44.812   5.258 0.000
264.208333 265.208333   7.207   2.659 0.000
267.208333 268.208333   6.648   0.943 0.000
270.208333 271.208333  21.713   4.226 0.000
273.208333 274.208333  26.130   4.752 0.000
276.208333 277.208333  27.955   3.654 0.000
279.208333 280.208333   7.518   3.516 0.000
282.208333 283.208333 999.999 999.999 0.999
285.208333 286.208333 999.999 999.999 0.999
288.208333 289.208333   9.496   3.611 0.000
291.208333 292.208333  10.691   4.992 0.000
294.208333 295.208333   9.845   4.888 0.000
297.208333 298.208333  13.981   2.141 0.000
300.208333 301.208333   6.780   1.954 0.000
303.208333 304.208333  17.150   7.493 0.000
306.208333 307.208333   6.621   1.309 0.000
309.208333 310.208333  18.434   7.719 0.000
312.208333 313.208333   9.584   4.367 0.000
315.208333 316.208333   5.070   1.693 0.000
318.208333 319.208333  29.751  13.933 0.000
321.208333 322.208333   6.708   3.626 0.000
324.208333 325.208333  36.034  11.364 0.000
327.208333 328.208333   4.056   0.994 0.000
330.208333 331.208333   2.609   1.886 0.000
333.208333 334.208333   8.358   4.650 0.000
336.208333 337.208333   2.376   2.176 0.000
339.208333 340.208333 999.999 999.999 0.999
342.208333 343.208333 999.999 999.999 0.999
345.208333 346.208333  11.263   3.166 0.000
348.208333 349.208333   7.210   2.180 0.000
351.208333 352.208333   5.446   4.300 0.000
354.208333 355.208333   6.064   5.147 0.000
357.208333 358.208333   2.613   2.131 0.000
360.208333 361.208333 999.999 999.999 0.999
363.208333 364.208333   2.785   2.457 0.000
