scripts/IMPROVE-2019_partial/data/US0112R.20160101070000.20191216000000.filterpack...52w.3d.US03L_filterpack_US0112.US03L_IMPROVE_Davis.lev2.nas
54 1001
MISSING INFORMATION
US03L, IMPROVE, , , , , , , 
MISSING INFORMATION
IMPROVE sel_HTAP
1 1
2016 01 01 2019 12 16
3.000000
days from file reference point
5
1 1 1 1 1
999.999999 999.999 9.999 999.999 9.999
end_time of measurement, days from the file reference point
pm10_mass, ug/m3, Matrix=pm10
numflag pm10_mass, no unit, Matrix=pm10
pm25_mass, ug/m3, Matrix=pm25
numflag pm25_mass, no unit, Matrix=pm25
0
35
Data definition:              EBAS_1.1
Set type code:                TU
Timezone:                     UTC
File name:                    US0112R.20160101070000.20191216000000.filterpack...52w.3d.US03L_filterpack_US0112.US03L_IMPROVE_Davis.lev2.nas
File creation:                20191218120213
Startdate:                    20160101070000
Revision date:                20191216000000
Version:                      2
Version description:          "Data extracted from http://views.cira.colostate.edu/fed/DataWizard 2019-12-16"
Statistics:                   arithmetic mean
Data level:                   2
Period code:                  52w
Resolution code:              3d
Sample duration:              1d
Orig. time res.:              3d
Station code:                 US0112R
Platform code:                US0112S
Station name:                 Breton Island
Station land use:             Wetland
Station setting:              Coastal
Station latitude:             30.10863
Station longitude:            -89.76168
Station altitude:             -7.0 m
Regime:                       IMG
Component:                    
Unit:                         ug/m3
Matrix:                       
Laboratory code:              US03L
Instrument type:              filterpack
Instrument name:              filterpack_US0112
Method ref:                   US03L_IMPROVE_Davis
Blank correction:             Blank corrected
Volume std. temperature:      ambient
Volume std. pressure:         ambient
starttime endtime PM10 flag_PM10 PM2.5 flag_PM2.5
  0.291667   1.291667 999.999 0.999 999.999 0.999
  3.291667   4.291667 999.999 0.999 999.999 0.999
  6.291667   7.291667  14.234 0.000   7.201 0.000
  9.291667  10.291667   4.993 0.000   2.945 0.000
 12.291667  13.291667   9.288 0.000   5.401 0.000
 15.291667  16.291667   9.688 0.000   5.338 0.000
 18.291667  19.291667   9.778 0.000 999.999 0.999
 21.291667  22.291667   5.960 0.000 999.999 0.999
 24.291667  25.291667   8.557 0.000 999.999 0.999
 27.291667  28.291667   6.844 0.000 999.999 0.999
 30.291667  31.291667   7.934 0.000   3.091 0.000
 33.291667  34.291667  10.147 0.000 999.999 0.999
 36.291667  37.291667   6.288 0.000 999.999 0.456
 39.291667  40.291667   6.567 0.000   2.237 0.000
 42.291667  43.291667  17.149 0.000   7.134 0.000
 45.291667  46.291667  16.958 0.000   6.496 0.000
 48.291667  49.291667  11.937 0.000   7.672 0.000
 51.291667  52.291667  15.415 0.000   5.869 0.000
 54.291667  55.291667  11.592 0.000   2.109 0.000
 57.291667  58.291667  24.631 0.000   4.425 0.000
 60.291667  61.291667 999.999 0.456   4.807 0.000
 63.291667  64.291667 999.999 0.456   5.282 0.000
 66.291667  67.291667 999.999 0.456   4.385 0.000
 69.291667  70.291667  28.807 0.000   9.879 0.000
 72.291667  73.291667  10.024 0.000   3.842 0.000
 75.291667  76.291667  16.023 0.000   8.449 0.000
 78.291667  79.291667  10.168 0.000   4.831 0.000
 81.291667  82.291667   7.660 0.000   5.047 0.000
 84.291667  85.291667  16.177 0.000   6.764 0.000
 87.291667  88.291667  10.779 0.000   6.423 0.000
 90.291667  91.291667  35.061 0.000  11.856 0.000
 93.291667  94.291667   8.574 0.000   4.974 0.000
 96.291667  97.291667  12.865 0.000   7.695 0.000
 99.291667 100.291667  14.771 0.000   3.657 0.000
102.291667 103.291667   9.797 0.000   3.372 0.000
105.291667 106.291667  13.498 0.000   5.244 0.000
108.291667 109.291667  20.155 0.000   5.656 0.000
111.291667 112.291667  13.756 0.000   4.137 0.000
114.291667 115.291667  14.155 0.000   7.071 0.000
117.291667 118.291667  13.406 0.000   5.539 0.000
120.291667 121.291667  14.196 0.000   5.000 0.000
123.291667 124.291667  12.755 0.000   6.661 0.000
126.291667 127.291667  11.983 0.000   4.977 0.000
129.291667 130.291667  13.527 0.000   5.504 0.000
132.291667 133.291667  12.396 0.000   5.834 0.000
135.291667 136.291667  16.020 0.000   9.042 0.000
138.291667 139.291667  12.971 0.000 999.999 0.456
141.291667 142.291667  15.547 0.000 999.999 0.456
144.291667 145.291667  11.298 0.000   5.579 0.000
147.291667 148.291667  18.885 0.000 999.999 0.456
150.291667 151.291667  15.476 0.000 999.999 0.456
153.291667 154.291667   9.263 0.000   4.963 0.000
156.291667 157.291667   6.361 0.000   1.614 0.000
159.291667 160.291667  19.636 0.000   8.684 0.000
162.291667 163.291667  12.070 0.000   5.254 0.000
165.291667 166.291667  21.097 0.000   7.759 0.000
168.291667 169.291667  19.974 0.000   9.502 0.000
171.291667 172.291667  22.207 0.000   5.779 0.000
174.291667 175.291667  20.117 0.000   5.789 0.000
177.291667 178.291667  22.205 0.000  11.116 0.000
180.291667 181.291667  10.033 0.000   4.559 0.000
183.291667 184.291667  19.661 0.000  12.362 0.000
186.291667 187.291667  17.298 0.000   8.358 0.000
189.291667 190.291667  25.121 0.000  11.570 0.000
192.291667 193.291667  25.330 0.000  11.623 0.000
195.291667 196.291667  11.182 0.000   5.376 0.000
198.291667 199.291667   7.218 0.000   3.216 0.000
201.291667 202.291667  12.116 0.000   5.779 0.000
204.291667 205.291667  11.899 0.000   7.888 0.000
207.291667 208.291667  10.937 0.000   4.409 0.000
210.291667 211.291667  15.357 0.000   7.348 0.000
213.291667 214.291667 999.999 0.999   5.921 0.000
216.291667 217.291667  17.348 0.000   9.815 0.000
219.291667 220.291667  16.876 0.000   7.971 0.000
222.291667 223.291667  13.399 0.000   6.761 0.000
225.291667 226.291667  13.087 0.000   4.640 0.000
228.291667 229.291667  14.471 0.000   4.650 0.000
231.291667 232.291667   9.109 0.000   4.090 0.000
234.291667 235.291667   7.990 0.000   4.118 0.000
237.291667 238.291667  11.693 0.000 999.999 0.456
240.291667 241.291667   8.988 0.000 999.999 0.456
243.291667 244.291667   9.203 0.000   4.681 0.000
246.291667 247.291667  13.408 0.000   9.219 0.000
249.291667 250.291667   6.364 0.000   2.864 0.000
252.291667 253.291667   8.409 0.000   4.369 0.000
255.291667 256.291667   8.075 0.000   4.159 0.000
258.291667 259.291667 999.999 0.999   3.455 0.000
261.291667 262.291667 999.999 0.999   2.226 0.000
264.291667 265.291667  12.237 0.000   8.137 0.000
267.291667 268.291667  13.373 0.000   8.545 0.000
270.291667 271.291667  16.819 0.000  10.480 0.000
273.291667 274.291667  12.516 0.000   5.350 0.000
276.291667 277.291667  15.256 0.000   9.295 0.000
279.291667 280.291667  13.618 0.000   6.012 0.000
282.291667 283.291667  12.534 0.000   4.926 0.000
285.291667 286.291667  14.375 0.000   4.903 0.000
288.291667 289.291667  12.226 0.000   4.968 0.000
291.291667 292.291667   9.276 0.000   3.107 0.000
294.291667 295.291667  10.025 0.000   3.883 0.000
297.291667 298.291667  11.527 0.000   6.901 0.000
300.291667 301.291667  16.683 0.000   7.447 0.000
303.291667 304.291667  13.690 0.000   7.195 0.000
306.291667 307.291667  14.190 0.000   4.916 0.000
309.291667 310.291667  13.669 0.000   5.807 0.000
312.291667 313.291667   7.399 0.000   3.105 0.000
315.291667 316.291667  10.206 0.000   6.541 0.000
318.291667 319.291667  21.182 0.000  12.280 0.000
321.291667 322.291667  14.512 0.000   8.379 0.000
324.291667 325.291667   6.522 0.000   3.030 0.000
327.291667 328.291667  12.235 0.000   3.804 0.000
330.291667 331.291667  11.281 0.000   7.649 0.000
333.291667 334.291667  31.368 0.000   9.283 0.000
336.291667 337.291667  10.447 0.000   4.228 0.000
339.291667 340.291667   8.242 0.000   3.720 0.000
342.291667 343.291667  10.690 0.000   7.636 0.000
345.291667 346.291667  15.183 0.000   9.627 0.000
348.291667 349.291667   8.468 0.000   6.050 0.000
351.291667 352.291667  10.173 0.000   4.398 0.000
354.291667 355.291667   8.208 0.000   6.347 0.000
357.291667 358.291667  16.182 0.000  14.715 0.000
360.291667 361.291667   1.869 0.000   1.860 0.000
363.291667 364.291667   3.488 0.000   3.500 0.000
