scripts/IMPROVE-2019_partial/data/US0119R.20160101080000.20191216000000.filterpack...52w.3d.US03L_filterpack_US0119.US03L_IMPROVE_Davis.lev2.nas
54 1001
MISSING INFORMATION
US03L, IMPROVE, , , , , , , 
MISSING INFORMATION
IMPROVE sel_HTAP
1 1
2016 01 01 2019 12 16
3.000000
days from file reference point
5
1 1 1 1 1
999.999999 999.999 9.999 999.999 9.999
end_time of measurement, days from the file reference point
pm10_mass, ug/m3, Matrix=pm10
numflag pm10_mass, no unit, Matrix=pm10
pm25_mass, ug/m3, Matrix=pm25
numflag pm25_mass, no unit, Matrix=pm25
0
35
Data definition:              EBAS_1.1
Set type code:                TU
Timezone:                     UTC
File name:                    US0119R.20160101080000.20191216000000.filterpack...52w.3d.US03L_filterpack_US0119.US03L_IMPROVE_Davis.lev2.nas
File creation:                20191218120216
Startdate:                    20160101080000
Revision date:                20191216000000
Version:                      2
Version description:          "Data extracted from http://views.cira.colostate.edu/fed/DataWizard 2019-12-16"
Statistics:                   arithmetic mean
Data level:                   2
Period code:                  52w
Resolution code:              3d
Sample duration:              1d
Orig. time res.:              3d
Station code:                 US0119R
Platform code:                US0119S
Station name:                 Lake Tahoe Community College
Station land use:             Residential
Station setting:              Rural
Station latitude:             38.9248
Station longitude:            -119.9799
Station altitude:             1935.0 m
Regime:                       IMG
Component:                    
Unit:                         ug/m3
Matrix:                       
Laboratory code:              US03L
Instrument type:              filterpack
Instrument name:              filterpack_US0119
Method ref:                   US03L_IMPROVE_Davis
Blank correction:             Blank corrected
Volume std. temperature:      ambient
Volume std. pressure:         ambient
starttime endtime PM10 flag_PM10 PM2.5 flag_PM2.5
  0.333333   1.333333  16.151 0.000  11.275 0.000
  3.333333   4.333333   4.504 0.000   2.627 0.000
  6.333333   7.333333   2.656 0.000   2.702 0.000
  9.333333  10.333333   3.692 0.000   3.009 0.000
 12.333333  13.333333   3.874 0.000   1.824 0.000
 15.333333  16.333333   0.429 0.000   0.734 0.000
 18.333333  19.333333   0.881 0.000   0.881 0.000
 21.333333  22.333333   2.318 0.000   0.984 0.000
 24.333333  25.333333   2.994 0.000   2.763 0.000
 27.333333  28.333333   5.181 0.000   3.040 0.000
 30.333333  31.333333   1.039 0.000   0.561 0.000
 33.333333  34.333333 999.999 0.999 999.999 0.999
 36.333333  37.333333   8.628 0.000   4.231 0.000
 39.333333  40.333333  12.788 0.000   4.197 0.000
 42.333333  43.333333  16.561 0.000   4.998 0.000
 45.333333  46.333333   6.280 0.000   2.445 0.000
 48.333333  49.333333   0.993 0.000   0.870 0.000
 51.333333  52.333333   5.603 0.000   2.298 0.000
 54.333333  55.333333   8.863 0.000   4.260 0.000
 57.333333  58.333333   2.729 0.000 999.999 0.456
 60.333333  61.333333   6.097 0.000   2.405 0.000
 63.333333  64.333333   1.585 0.000   1.194 0.000
 66.333333  67.333333   0.906 0.000   0.466 0.000
 69.333333  70.333333   2.767 0.000   1.371 0.000
 72.333333  73.333333   0.725 0.000   0.452 0.000
 75.333333  76.333333  10.316 0.000   4.762 0.000
 78.333333  79.333333   4.818 0.000   2.459 0.000
 81.333333  82.333333   1.559 0.000   0.651 0.000
 84.333333  85.333333   4.894 0.000   1.895 0.000
 87.333333  88.333333   2.331 0.000 999.999 0.456
 90.333333  91.333333   4.858 0.000   2.695 0.000
 93.333333  94.333333   5.071 0.000   2.924 0.000
 96.333333  97.333333 999.999 0.999 999.999 0.999
 99.333333 100.333333   2.705 0.000   2.654 0.000
102.333333 103.333333   3.499 0.000   1.929 0.000
105.333333 106.333333   1.981 0.000   0.797 0.000
108.333333 109.333333   7.238 0.000   4.102 0.000
111.333333 112.333333   5.823 0.000   2.816 0.000
114.333333 115.333333   3.479 0.000   1.755 0.000
117.333333 118.333333   3.866 0.000   2.961 0.000
120.333333 121.333333   3.909 0.000   1.294 0.000
123.333333 124.333333   7.250 0.000   4.210 0.000
126.333333 127.333333   3.028 0.000   2.401 0.000
129.333333 130.333333   4.339 0.000   3.030 0.000
132.333333 133.333333 999.999 0.999 999.999 0.999
135.333333 136.333333   2.341 0.000   1.569 0.000
138.333333 139.333333 999.999 0.999 999.999 0.999
141.333333 142.333333   2.310 0.000   1.292 0.000
144.333333 145.333333   2.222 0.000   1.754 0.000
147.333333 148.333333   5.763 0.000   3.904 0.000
150.333333 151.333333   7.881 0.000   4.970 0.000
153.333333 154.333333   7.110 0.000   3.535 0.000
156.333333 157.333333   8.818 0.000   5.475 0.000
159.333333 160.333333   6.228 0.000   3.306 0.000
162.333333 163.333333   6.264 0.000   3.118 0.000
165.333333 166.333333   8.032 0.000   2.135 0.000
168.333333 169.333333  16.930 0.000   2.577 0.000
171.333333 172.333333  10.919 0.000   2.401 0.000
174.333333 175.333333  11.669 0.000   2.051 0.000
177.333333 178.333333  13.094 0.000   3.790 0.000
180.333333 181.333333  20.562 0.000   5.686 0.000
183.333333 184.333333  17.995 0.000   7.704 0.000
186.333333 187.333333  15.707 0.000   3.830 0.000
189.333333 190.333333  11.310 0.000   2.829 0.000
192.333333 193.333333   7.008 0.000   1.636 0.000
195.333333 196.333333  16.013 0.000   4.735 0.000
198.333333 199.333333   9.359 0.000   3.344 0.000
201.333333 202.333333  19.430 0.000   3.593 0.000
204.333333 205.333333   7.801 0.000   2.252 0.000
207.333333 208.333333  20.722 0.000 999.999 0.456
210.333333 211.333333  21.405 0.000   8.659 0.000
213.333333 214.333333  10.966 0.000   5.117 0.000
216.333333 217.333333  19.073 0.000   4.900 0.000
219.333333 220.333333  37.030 0.000   8.085 0.000
222.333333 223.333333  27.278 0.000  13.814 0.000
225.333333 226.333333  14.269 0.000   6.564 0.000
228.333333 229.333333  35.739 0.000  10.017 0.000
231.333333 232.333333  32.140 0.000  13.280 0.000
234.333333 235.333333  42.909 0.000  10.895 0.000
237.333333 238.333333  50.399 0.000   9.429 0.000
240.333333 241.333333  23.386 0.000  11.809 0.000
243.333333 244.333333  29.168 0.000   9.524 0.000
246.333333 247.333333  23.539 0.000   5.962 0.000
249.333333 250.333333  40.448 0.000   7.650 0.000
252.333333 253.333333  43.629 0.000  10.811 0.000
255.333333 256.333333  23.717 0.000   4.018 0.000
258.333333 259.333333  27.162 0.000   7.916 0.000
261.333333 262.333333  11.326 0.000   4.427 0.000
264.333333 265.333333 999.999 0.999 999.999 0.999
267.333333 268.333333 999.999 0.999 999.999 0.999
270.333333 271.333333 999.999 0.999 999.999 0.999
273.333333 274.333333  39.937 0.000   6.091 0.000
276.333333 277.333333   2.343 0.000   1.096 0.000
279.333333 280.333333   9.272 0.000   3.173 0.000
282.333333 283.333333  14.286 0.000   4.533 0.000
285.333333 286.333333  22.635 0.000  13.818 0.000
288.333333 289.333333   3.491 0.000   1.312 0.000
291.333333 292.333333 999.999 0.999 999.999 0.999
294.333333 295.333333 999.999 0.999 999.999 0.999
297.333333 298.333333 999.999 0.999 999.999 0.999
300.333333 301.333333 999.999 0.999 999.999 0.999
303.333333 304.333333 999.999 0.999 999.999 0.999
306.333333 307.333333 999.999 0.999 999.999 0.999
309.333333 310.333333 999.999 0.999 999.999 0.999
312.333333 313.333333 999.999 0.999 999.999 0.999
315.333333 316.333333  10.382 0.000   4.640 0.000
318.333333 319.333333   7.576 0.000   2.912 0.000
321.333333 322.333333   7.367 0.000   4.137 0.000
324.333333 325.333333   4.552 0.000   3.235 0.000
327.333333 328.333333   1.957 0.000   1.302 0.000
330.333333 331.333333   6.385 0.000   3.427 0.000
333.333333 334.333333   8.456 0.000   5.262 0.000
336.333333 337.333333   5.240 0.000   2.216 0.000
339.333333 340.333333   5.362 0.000   3.513 0.000
342.333333 343.333333   0.831 0.000   0.335 0.000
345.333333 346.333333   1.256 0.000   0.707 0.000
348.333333 349.333333 999.999 0.999 999.999 0.999
351.333333 352.333333   3.558 0.000   1.884 0.000
354.333333 355.333333   9.062 0.000   5.843 0.000
357.333333 358.333333   2.341 0.000   1.204 0.000
360.333333 361.333333   6.286 0.000   5.478 0.000
363.333333 364.333333  11.086 0.000   7.584 0.000
