scripts/IMPROVE-2019_partial/data/US0117R.20150103090000.20191216000000.filterpack...43w.3d.US03L_filterpack_US0117.US03L_IMPROVE_Davis.lev2.nas
54 1001
MISSING INFORMATION
US03L, IMPROVE, , , , , , , 
MISSING INFORMATION
IMPROVE sel_HTAP
1 1
2015 01 01 2019 12 16
3.000
days from file reference point
5
1 1 1 1 1
999.999 999.999 9.999 999.999 9.999
end_time of measurement, days from the file reference point
pm10_mass, ug/m3, Matrix=pm10
numflag pm10_mass, no unit, Matrix=pm10
pm25_mass, ug/m3, Matrix=pm25
numflag pm25_mass, no unit, Matrix=pm25
0
35
Data definition:              EBAS_1.1
Set type code:                TU
Timezone:                     UTC
File name:                    US0117R.20150103090000.20191216000000.filterpack...43w.3d.US03L_filterpack_US0117.US03L_IMPROVE_Davis.lev2.nas
File creation:                20191218120216
Startdate:                    20150103090000
Revision date:                20191216000000
Version:                      2
Version description:          "Data extracted from http://views.cira.colostate.edu/fed/DataWizard 2019-12-16"
Statistics:                   arithmetic mean
Data level:                   2
Period code:                  43w
Resolution code:              3d
Sample duration:              1d
Orig. time res.:              3d
Station code:                 US0117R
Platform code:                US0117S
Station name:                 Gates of the Arctic NP
Station land use:             Forest
Station setting:              Rural
Station latitude:             66.9025
Station longitude:            -151.517
Station altitude:             196.0 m
Regime:                       IMG
Component:                    
Unit:                         ug/m3
Matrix:                       
Laboratory code:              US03L
Instrument type:              filterpack
Instrument name:              filterpack_US0117
Method ref:                   US03L_IMPROVE_Davis
Blank correction:             Blank corrected
Volume std. temperature:      ambient
Volume std. pressure:         ambient
starttime endtime PM10 flag_PM10 PM2.5 flag_PM2.5
  2.375   3.375   0.789 0.000   0.556 0.000
  5.375   6.375   0.714 0.000   0.466 0.000
  8.375   9.375   1.497 0.000   0.868 0.000
 11.375  12.375   1.323 0.000   1.036 0.000
 14.375  15.375   1.024 0.000   0.605 0.000
 17.375  18.375   0.823 0.000   0.630 0.000
 20.375  21.375   1.121 0.000   1.105 0.000
 23.375  24.375   1.212 0.000   0.792 0.000
 26.375  27.375   0.560 0.000   0.425 0.000
 29.375  30.375   0.358 0.000   0.405 0.000
 32.375  33.375   1.695 0.000   1.062 0.000
 35.375  36.375   1.381 0.000   1.193 0.000
 38.375  39.375   4.759 0.000   3.271 0.000
 41.375  42.375   4.699 0.000   4.064 0.000
 44.375  45.375   2.577 0.000   2.028 0.000
 47.375  48.375 999.999 0.456 999.999 0.456
 50.375  51.375 999.999 0.456 999.999 0.456
 53.375  54.375 999.999 0.456 999.999 0.456
 56.375  57.375   1.628 0.000   0.952 0.000
 59.375  60.375   4.292 0.000   3.042 0.000
 62.375  63.375 999.999 0.456 999.999 0.456
 65.375  66.375 999.999 0.456 999.999 0.456
 68.375  69.375 999.999 0.456 999.999 0.456
 71.375  72.375   1.544 0.000   0.824 0.000
 74.375  75.375   2.292 0.000   1.094 0.000
 77.375  78.375   0.887 0.000   0.464 0.000
 80.375  81.375   1.197 0.000   0.651 0.000
 83.375  84.375   1.702 0.000   0.967 0.000
 86.375  87.375   2.766 0.000   1.468 0.000
 89.375  90.375   1.587 0.000   1.042 0.000
 92.375  93.375   4.792 0.000   3.319 0.000
 95.375  96.375   2.373 0.000   1.723 0.000
 98.375  99.375   2.051 0.000   0.941 0.000
101.375 102.375   2.801 0.000   1.917 0.000
104.375 105.375   1.714 0.000   0.783 0.000
107.375 108.375   1.791 0.000   0.807 0.000
110.375 111.375   1.548 0.000   1.333 0.000
113.375 114.375 999.999 0.456   1.206 0.000
116.375 117.375 999.999 0.456   1.412 0.000
119.375 120.375   2.493 0.000   1.479 0.000
122.375 123.375   3.380 0.000   2.401 0.000
125.375 126.375   2.601 0.000   1.745 0.000
128.375 129.375   2.546 0.000   1.318 0.000
131.375 132.375   2.534 0.000   1.213 0.000
134.375 135.375   3.895 0.000   2.317 0.000
137.375 138.375   4.273 0.000   2.262 0.000
140.375 141.375   3.311 0.000 999.999 0.456
143.375 144.375   4.638 0.000   2.125 0.000
146.375 147.375   4.203 0.000   2.844 0.000
149.375 150.375   1.708 0.000   0.848 0.000
152.375 153.375   2.036 0.000   0.980 0.000
155.375 156.375   1.268 0.000   0.373 0.000
158.375 159.375   2.670 0.000   1.597 0.000
161.375 162.375   1.775 0.000   0.715 0.000
164.375 165.375   4.239 0.000   2.951 0.000
167.375 168.375 999.999 0.999 999.999 0.999
170.375 171.375   4.609 0.000   3.119 0.000
173.375 174.375   5.225 0.000   3.503 0.000
176.375 177.375 999.999 0.699 999.999 0.456
179.375 180.375 999.999 0.699 999.999 0.699
182.375 183.375   9.734 0.000   6.218 0.000
185.375 186.375  36.865 0.000  33.142 0.000
188.375 189.375   4.279 0.000   2.218 0.000
191.375 192.375   3.235 0.000   2.106 0.000
194.375 195.375   7.875 0.000   6.331 0.000
197.375 198.375   8.904 0.000   5.096 0.000
200.375 201.375   4.675 0.000   2.936 0.000
203.375 204.375   2.018 0.000   1.293 0.000
206.375 207.375   8.224 0.000   6.833 0.000
209.375 210.375   4.745 0.000   3.614 0.000
212.375 213.375  15.626 0.000  11.877 0.000
215.375 216.375   6.293 0.000 999.999 0.456
218.375 219.375  12.443 0.000  10.293 0.000
221.375 222.375   2.467 0.000   1.071 0.000
224.375 225.375   2.475 0.000   1.403 0.000
227.375 228.375   2.924 0.000   1.413 0.000
230.375 231.375 999.999 0.999 999.999 0.999
233.375 234.375   1.771 0.000   0.631 0.000
236.375 237.375   2.017 0.000 999.999 0.456
239.375 240.375   2.074 0.000   1.299 0.000
242.375 243.375   0.663 0.000   0.272 0.000
245.375 246.375   1.606 0.000   0.625 0.000
248.375 249.375   1.323 0.000   0.720 0.000
251.375 252.375 999.999 0.999 999.999 0.999
254.375 255.375   1.038 0.000   0.242 0.000
257.375 258.375   0.251 0.000   0.123 0.000
260.375 261.375   0.375 0.000 999.999 0.259
263.375 264.375   0.460 0.000   0.181 0.000
266.375 267.375   0.210 0.000   0.091 0.000
269.375 270.375   0.252 0.000   0.031 0.000
272.375 273.375   1.140 0.000   0.682 0.000
275.375 276.375   0.377 0.000   0.335 0.000
278.375 279.375   0.251 0.000   0.183 0.000
281.375 282.375   2.171 0.000   0.493 0.000
284.375 285.375   0.676 0.000   0.280 0.000
287.375 288.375   0.294 0.000   0.213 0.000
290.375 291.375   0.587 0.000   0.339 0.000
293.375 294.375 999.999 0.999 999.999 0.999
296.375 297.375 999.999 0.999 999.999 0.999
299.375 300.375 999.999 0.999 999.999 0.999
302.375 303.375 999.999 0.999 999.999 0.999
