scripts/IMPROVE-2019_partial/data/US0112R.20130101070000.20191216000000.filterpack...52w.3d.US03L_filterpack_US0112.US03L_IMPROVE_Davis.lev2.nas
54 1001
MISSING INFORMATION
US03L, IMPROVE, , , , , , , 
MISSING INFORMATION
IMPROVE sel_HTAP
1 1
2013 01 01 2019 12 16
3.000000
days from file reference point
5
1 1 1 1 1
999.999999 999.999 9.999 999.999 9.999
end_time of measurement, days from the file reference point
pm10_mass, ug/m3, Matrix=pm10
numflag pm10_mass, no unit, Matrix=pm10
pm25_mass, ug/m3, Matrix=pm25
numflag pm25_mass, no unit, Matrix=pm25
0
35
Data definition:              EBAS_1.1
Set type code:                TU
Timezone:                     UTC
File name:                    US0112R.20130101070000.20191216000000.filterpack...52w.3d.US03L_filterpack_US0112.US03L_IMPROVE_Davis.lev2.nas
File creation:                20191218120213
Startdate:                    20130101070000
Revision date:                20191216000000
Version:                      2
Version description:          "Data extracted from http://views.cira.colostate.edu/fed/DataWizard 2019-12-16"
Statistics:                   arithmetic mean
Data level:                   2
Period code:                  52w
Resolution code:              3d
Sample duration:              1d
Orig. time res.:              3d
Station code:                 US0112R
Platform code:                US0112S
Station name:                 Breton Island
Station land use:             Wetland
Station setting:              Coastal
Station latitude:             30.10863
Station longitude:            -89.76168
Station altitude:             -7.0 m
Regime:                       IMG
Component:                    
Unit:                         ug/m3
Matrix:                       
Laboratory code:              US03L
Instrument type:              filterpack
Instrument name:              filterpack_US0112
Method ref:                   US03L_IMPROVE_Davis
Blank correction:             Blank corrected
Volume std. temperature:      ambient
Volume std. pressure:         ambient
starttime endtime PM10 flag_PM10 PM2.5 flag_PM2.5
  0.291667   1.291667 999.999 0.999 999.999 0.999
  3.291667   4.291667   5.689 0.000   4.303 0.000
  6.291667   7.291667   7.647 0.000   5.485 0.000
  9.291667  10.291667   3.567 0.000   1.660 0.000
 12.291667  13.291667   9.066 0.000   3.727 0.000
 15.291667  16.291667   1.250 0.000   0.895 0.000
 18.291667  19.291667   8.608 0.000   5.861 0.000
 21.291667  22.291667 999.999 0.999 999.999 0.999
 24.291667  25.291667  10.858 0.000   8.105 0.000
 27.291667  28.291667  12.741 0.000   8.882 0.000
 30.291667  31.291667   3.890 0.000   2.232 0.000
 33.291667  34.291667   9.232 0.000   6.112 0.000
 36.291667  37.291667 999.999 0.999 999.999 0.999
 39.291667  40.291667   9.110 0.000   6.592 0.000
 42.291667  43.291667  15.596 0.000   5.729 0.000
 45.291667  46.291667   8.481 0.000   4.814 0.000
 48.291667  49.291667   8.532 0.000   2.410 0.000
 51.291667  52.291667  19.367 0.000  10.755 0.000
 54.291667  55.291667  12.751 0.000 999.999 0.456
 57.291667  58.291667 999.999 0.999 999.999 0.999
 60.291667  61.291667  12.878 0.000   6.942 0.000
 63.291667  64.291667  20.166 0.000   7.873 0.659
 66.291667  67.291667  21.319 0.000  18.658 0.000
 69.291667  70.291667   7.631 0.000   3.878 0.000
 72.291667  73.291667   8.223 0.000   4.843 0.000
 75.291667  76.291667  15.097 0.000   8.705 0.000
 78.291667  79.291667  11.573 0.000   7.125 0.000
 81.291667  82.291667  21.266 0.000  10.645 0.000
 84.291667  85.291667   8.985 0.000   4.807 0.000
 87.291667  88.291667   9.562 0.000   7.609 0.000
 90.291667  91.291667   5.232 0.000   3.418 0.000
 93.291667  94.291667   9.045 0.000   7.021 0.000
 96.291667  97.291667   5.394 0.000   2.891 0.000
 99.291667 100.291667  17.508 0.000   6.900 0.000
102.291667 103.291667 999.999 0.999 999.999 0.999
105.291667 106.291667  15.825 0.000   5.570 0.000
108.291667 109.291667   6.984 0.000   3.487 0.000
111.291667 112.291667  11.473 0.000   6.129 0.000
114.291667 115.291667 999.999 0.456   3.329 0.000
117.291667 118.291667 999.999 0.456   7.221 0.000
120.291667 121.291667  22.420 0.000   7.487 0.000
123.291667 124.291667 999.999 0.999 999.999 0.999
126.291667 127.291667 999.999 0.999 999.999 0.999
129.291667 130.291667  15.233 0.000   4.616 0.000
132.291667 133.291667  17.736 0.000   5.701 0.000
135.291667 136.291667  14.331 0.000   7.478 0.000
138.291667 139.291667  15.249 0.000   8.144 0.000
141.291667 142.291667   8.493 0.000   4.138 0.000
144.291667 145.291667  11.744 0.000   5.924 0.000
147.291667 148.291667  12.385 0.000   4.262 0.000
150.291667 151.291667  10.793 0.000   4.064 0.000
153.291667 154.291667   6.302 0.000   4.225 0.000
156.291667 157.291667  14.883 0.000   6.658 0.000
159.291667 160.291667   8.931 0.000   3.921 0.000
162.291667 163.291667  26.015 0.000  10.839 0.000
165.291667 166.291667  18.362 0.000  13.287 0.000
168.291667 169.291667   9.994 0.000   5.155 0.000
171.291667 172.291667  16.844 0.000  12.531 0.000
174.291667 175.291667  40.486 0.000  16.482 0.000
177.291667 178.291667  17.096 0.000   8.431 0.000
180.291667 181.291667  16.468 0.000   8.015 0.000
183.291667 184.291667  12.883 0.000   9.236 0.000
186.291667 187.291667  10.025 0.000   4.625 0.000
189.291667 190.291667  11.941 0.000   4.402 0.000
192.291667 193.291667  11.579 0.000   6.941 0.000
195.291667 196.291667   8.626 0.000   3.818 0.000
198.291667 199.291667  16.038 0.000  10.087 0.000
201.291667 202.291667  12.234 0.000   5.751 0.000
204.291667 205.291667  35.191 0.000  16.353 0.000
207.291667 208.291667  18.920 0.000   8.656 0.000
210.291667 211.291667  17.235 0.000  16.263 0.000
213.291667 214.291667  16.453 0.000  14.537 0.000
216.291667 217.291667   9.976 0.000   8.063 0.000
219.291667 220.291667  23.378 0.000  16.665 0.000
222.291667 223.291667   8.343 0.000   4.833 0.000
225.291667 226.291667   9.477 0.000   3.556 0.000
228.291667 229.291667  11.481 0.000   6.744 0.000
231.291667 232.291667  14.493 0.000   6.178 0.000
234.291667 235.291667   7.462 0.000   3.222 0.000
237.291667 238.291667  13.366 0.000   6.135 0.000
240.291667 241.291667  17.572 0.000  13.631 0.000
243.291667 244.291667  10.921 0.000   7.541 0.000
246.291667 247.291667   8.726 0.000   5.649 0.000
249.291667 250.291667  22.132 0.000  16.107 0.000
252.291667 253.291667  16.515 0.000  11.107 0.000
255.291667 256.291667  12.658 0.000   8.157 0.000
258.291667 259.291667  11.685 0.000   7.501 0.000
261.291667 262.291667  11.529 0.000   3.885 0.000
264.291667 265.291667  10.231 0.000   5.812 0.000
267.291667 268.291667 999.999 0.456   5.609 0.000
270.291667 271.291667 999.999 0.456   7.779 0.000
273.291667 274.291667 999.999 0.456   4.585 0.000
276.291667 277.291667  11.374 0.000   4.677 0.000
279.291667 280.291667   9.243 0.000   3.129 0.000
282.291667 283.291667   9.902 0.000   7.478 0.000
285.291667 286.291667   7.287 0.000   5.262 0.000
288.291667 289.291667   6.858 0.000   3.967 0.000
291.291667 292.291667   8.765 0.000   6.040 0.000
294.291667 295.291667  13.988 0.000  10.170 0.000
297.291667 298.291667  11.765 0.000   6.398 0.000
300.291667 301.291667  10.029 0.000   5.826 0.000
303.291667 304.291667  16.712 0.000   5.352 0.000
306.291667 307.291667   8.364 0.000   5.263 0.000
309.291667 310.291667  12.566 0.000   4.434 0.000
312.291667 313.291667  12.291 0.000   6.946 0.000
315.291667 316.291667 999.999 0.456 999.999 0.456
318.291667 319.291667  10.765 0.000   5.945 0.000
321.291667 322.291667 999.999 0.456   3.093 0.000
324.291667 325.291667  21.382 0.000  11.291 0.000
327.291667 328.291667   7.621 0.000   4.550 0.000
330.291667 331.291667 999.999 0.999 999.999 0.999
333.291667 334.291667 999.999 0.999 999.999 0.999
336.291667 337.291667 999.999 0.999 999.999 0.999
339.291667 340.291667   8.189 0.000   4.787 0.000
342.291667 343.291667   4.708 0.000   2.398 0.000
345.291667 346.291667   7.783 0.000   4.733 0.000
348.291667 349.291667   9.122 0.000   5.640 0.000
351.291667 352.291667 999.999 0.999 999.999 0.999
354.291667 355.291667  10.489 0.000   4.787 0.000
357.291667 358.291667   6.397 0.000   4.291 0.000
360.291667 361.291667   8.708 0.000   6.696 0.000
363.291667 364.291667   8.905 0.000   6.132 0.000
