scripts/IMPROVE-2019_partial/data/US0128R.20140102060000.20191216000000.filterpack...52w.3d.US03L_filterpack_US0128.US03L_IMPROVE_Davis.lev2.nas
53 1001
MISSING INFORMATION
US03L, IMPROVE, , , , , , , 
MISSING INFORMATION
IMPROVE sel_HTAP
1 1
2014 01 01 2019 12 16
3.00
days from file reference point
4
1 1 1 1
999.99 999.999 999.999 9.999
end_time of measurement, days from the file reference point
pm10_mass, ug/m3, Matrix=pm10
pm25_mass, ug/m3, Matrix=pm25
numflag, no unit
0
35
Data definition:              EBAS_1.1
Set type code:                TU
Timezone:                     UTC
File name:                    US0128R.20140102060000.20191216000000.filterpack...52w.3d.US03L_filterpack_US0128.US03L_IMPROVE_Davis.lev2.nas
File creation:                20191218120221
Startdate:                    20140102060000
Revision date:                20191216000000
Version:                      2
Version description:          "Data extracted from http://views.cira.colostate.edu/fed/DataWizard 2019-12-16"
Statistics:                   arithmetic mean
Data level:                   2
Period code:                  52w
Resolution code:              3d
Sample duration:              1d
Orig. time res.:              3d
Station code:                 US0128R
Platform code:                US0128S
Station name:                 Stilwell (IMPROVE)
Station land use:             Forest
Station setting:              Rural
Station latitude:             35.75078
Station longitude:            -94.66956
Station altitude:             300.0 m
Regime:                       IMG
Component:                    
Unit:                         ug/m3
Matrix:                       
Laboratory code:              US03L
Instrument type:              filterpack
Instrument name:              filterpack_US0128
Method ref:                   US03L_IMPROVE_Davis
Blank correction:             Blank corrected
Volume std. temperature:      ambient
Volume std. pressure:         ambient
starttime endtime PM10 PM2.5 flag
  1.25   2.25  13.298   9.406 0.000
  4.25   5.25   7.314   4.145 0.000
  7.25   8.25   5.554   3.438 0.000
 10.25  11.25   6.101   2.919 0.000
 13.25  14.25   6.873   1.990 0.000
 16.25  17.25  10.474   2.944 0.000
 19.25  20.25  20.330   4.821 0.000
 22.25  23.25  11.706   3.361 0.000
 25.25  26.25  13.419   5.322 0.000
 28.25  29.25  12.928   5.344 0.000
 31.25  32.25  13.467  11.564 0.000
 34.25  35.25   4.509   4.178 0.000
 37.25  38.25  13.343   9.481 0.000
 40.25  41.25  24.130  19.108 0.000
 43.25  44.25  16.492  12.549 0.000
 46.25  47.25  12.259   7.118 0.000
 49.25  50.25  17.067   8.468 0.000
 52.25  53.25  26.668  12.523 0.000
 55.25  56.25  17.449   7.514 0.000
 58.25  59.25  18.034   9.919 0.000
 61.25  62.25  10.576   7.758 0.000
 64.25  65.25  20.701  17.590 0.000
 67.25  68.25  22.608  19.988 0.000
 70.25  71.25   7.382   3.569 0.000
 73.25  74.25  22.745  14.567 0.000
 76.25  77.25  14.931   6.232 0.000
 79.25  80.25  40.069  15.615 0.000
 82.25  83.25  12.156   7.337 0.000
 85.25  86.25  10.253   6.969 0.000
 88.25  89.25  11.257   7.613 0.000
 91.25  92.25  14.333  10.445 0.000
 94.25  95.25  11.124   7.866 0.000
 97.25  98.25  12.753   7.474 0.000
100.25 101.25  19.061   9.467 0.000
103.25 104.25   4.248   2.170 0.000
106.25 107.25  15.581   9.686 0.000
109.25 110.25  17.871  12.057 0.000
112.25 113.25  17.630   7.530 0.000
115.25 116.25  20.581   9.514 0.000
118.25 119.25  15.621   2.117 0.000
121.25 122.25  15.390   4.911 0.000
124.25 125.25  22.662   7.341 0.000
127.25 128.25  13.330   6.847 0.000
130.25 131.25  15.466   9.192 0.000
133.25 134.25   6.884   3.148 0.000
136.25 137.25   6.894   4.884 0.000
139.25 140.25  18.227   8.032 0.000
142.25 143.25  22.465   9.468 0.000
145.25 146.25  20.211   7.277 0.000
148.25 149.25  20.088   3.031 0.000
151.25 152.25  13.447   4.253 0.000
154.25 155.25  13.015   6.694 0.000
157.25 158.25  12.802   6.210 0.000
160.25 161.25   9.158   4.440 0.000
163.25 164.25   9.722   4.103 0.000
166.25 167.25  24.848  13.330 0.000
169.25 170.25  12.719   7.003 0.000
172.25 173.25  23.040  12.498 0.000
175.25 176.25  11.219   5.838 0.000
178.25 179.25  15.428   8.391 0.000
181.25 182.25  54.676  19.387 0.000
184.25 185.25  11.960   5.853 0.000
187.25 188.25  21.081  11.405 0.000
190.25 191.25   9.053   4.786 0.000
193.25 194.25  41.964  19.677 0.000
196.25 197.25   9.905   5.472 0.000
199.25 200.25   9.645   7.812 0.000
202.25 203.25  19.047  12.550 0.000
205.25 206.25  20.866  14.755 0.000
208.25 209.25  13.408   6.059 0.000
211.25 212.25   9.350   5.994 0.000
214.25 215.25  15.974  11.661 0.000
217.25 218.25  20.112  13.924 0.000
220.25 221.25  11.267   5.545 0.000
223.25 224.25  14.058   6.301 0.000
226.25 227.25  21.126  12.736 0.000
229.25 230.25  10.302   4.450 0.000
232.25 233.25  32.987  16.606 0.000
235.25 236.25  26.248  12.653 0.000
238.25 239.25  19.772  12.403 0.000
241.25 242.25   9.400   6.098 0.000
244.25 245.25  10.735   4.675 0.000
247.25 248.25  14.227   7.990 0.000
250.25 251.25  15.033   9.355 0.000
253.25 254.25   8.907   4.358 0.000
256.25 257.25   8.876   4.721 0.000
259.25 260.25  14.379   9.500 0.000
262.25 263.25  16.804  10.827 0.000
265.25 266.25  10.665   5.087 0.000
268.25 269.25  21.548  12.471 0.000
271.25 272.25  11.038   6.668 0.000
274.25 275.25  10.085   6.407 0.000
277.25 278.25   9.217   4.224 0.000
280.25 281.25  14.295   9.652 0.000
283.25 284.25   1.880   0.610 0.000
286.25 287.25   7.980   2.157 0.000
289.25 290.25  11.208   4.798 0.000
292.25 293.25  10.634   6.911 0.000
295.25 296.25  16.268   8.634 0.000
298.25 299.25  17.024  11.294 0.000
301.25 302.25   7.008   3.019 0.000
304.25 305.25  10.294   3.755 0.000
307.25 308.25   7.118   4.387 0.000
310.25 311.25   6.700   3.436 0.000
313.25 314.25  10.870   4.439 0.000
316.25 317.25  11.251   4.549 0.000
319.25 320.25  17.495  11.718 0.000
322.25 323.25  10.978   5.062 0.000
325.25 326.25   9.679   7.715 0.000
328.25 329.25   5.554   3.689 0.000
331.25 332.25  10.243   5.755 0.000
334.25 335.25  13.070   8.732 0.000
337.25 338.25   8.295   7.107 0.000
340.25 341.25   9.473   6.684 0.000
343.25 344.25   7.112   5.523 0.000
346.25 347.25  11.847   9.862 0.000
349.25 350.25   2.965   1.406 0.000
352.25 353.25  15.849  13.402 0.000
355.25 356.25   8.089   6.115 0.000
358.25 359.25 999.999 999.999 0.999
361.25 362.25 999.999 999.999 0.999
364.25 365.25  13.261   9.580 0.000
