scripts/IMPROVE-2019_partial/data/US0203R.19920101090000.20191216000000.filterpack...1y.3d.US03L_filterpack_US0203.US03L_IMPROVE_Davis.lev2.nas
52 1001
MISSING INFORMATION
US03L, IMPROVE, , , , , , , 
MISSING INFORMATION
IMPROVE sel_HTAP
1 1
1992 01 01 2019 12 16
0
days from file reference point
5
1 1 1 1 1
999.999 99.999 9.999 99.999 9.999999
end_time of measurement, days from the file reference point
pm10_mass, ug/m3, Matrix=pm10
numflag pm10_mass, no unit, Matrix=pm10
pm25_mass, ug/m3, Matrix=pm25
numflag pm25_mass, no unit, Matrix=pm25
0
33
Data definition:              EBAS_1.1
Set type code:                TI
Timezone:                     UTC
File name:                    US0203R.19920101090000.20191216000000.filterpack...1y.3d.US03L_filterpack_US0203.US03L_IMPROVE_Davis.lev2.nas
File creation:                20191218120225
Startdate:                    19920101090000
Revision date:                20191216000000
Version:                      2
Version description:          "Data extracted from http://views.cira.colostate.edu/fed/DataWizard 2019-12-16"
Statistics:                   arithmetic mean
Data level:                   2
Period code:                  1y
Resolution code:              3d
Sample duration:              1d
Orig. time res.:              3d
Station code:                 US0203R
Platform code:                US0203S
Station name:                 Denali National Park-Mt. McKinley (AK03)
Station latitude:             63.7232
Station longitude:            -148.9676
Station altitude:             661.0 m
Regime:                       IMG
Component:                    
Unit:                         ug/m3
Matrix:                       
Laboratory code:              US03L
Instrument type:              filterpack
Instrument name:              filterpack_US0203
Method ref:                   US03L_IMPROVE_Davis
Blank correction:             Blank corrected
Volume std. temperature:      ambient
Volume std. pressure:         ambient
starttime endtime PM10 flag_PM10 PM2.5 flag_PM2.5
  0.375   1.375  7.258 0.000 99.999 0.559259
  3.375   4.375  2.946 0.000 99.999 0.559259
  7.375   8.375  0.547 0.000 99.999 0.559259
 10.375  11.375  1.423 0.000  0.702 0.559000
 14.375  15.375  2.723 0.000  1.741 0.559000
 17.375  18.375  1.333 0.000  0.657 0.559000
 21.375  22.375  2.146 0.000  1.719 0.559000
 24.375  25.375 99.999 0.999  1.429 0.559000
 28.375  29.375  6.024 0.000  2.326 0.559000
 31.375  32.375  7.008 0.000  2.768 0.559000
 35.375  36.375  8.514 0.000  2.441 0.559000
 38.375  39.375  2.107 0.000 99.999 0.559259
 42.375  43.375  3.160 0.000  1.643 0.559000
 45.375  46.375  3.096 0.000  1.812 0.559000
 49.375  50.375  5.975 0.000  3.024 0.559000
 52.375  53.375  7.034 0.000  2.347 0.559000
 56.375  57.375  5.180 0.000  2.561 0.559000
 59.375  60.375  3.673 0.000  2.118 0.000000
 63.375  64.375  6.904 0.000  3.673 0.000000
 66.375  67.375  3.682 0.000  0.774 0.000000
 70.375  71.375  6.281 0.000  0.736 0.000000
 73.375  74.375  2.333 0.000  1.438 0.000000
 77.375  78.375  2.194 0.000 99.999 0.999000
 80.375  81.375  4.174 0.000  0.945 0.000000
 84.375  85.375  1.434 0.000  0.468 0.000000
 87.375  88.375  5.299 0.000  1.980 0.000000
 91.375  92.375  6.548 0.000  1.954 0.000000
 94.375  95.375  8.935 0.000  3.485 0.000000
 98.375  99.375  5.170 0.000  3.125 0.000000
101.375 102.375  6.445 0.000  3.816 0.000000
105.375 106.375  8.080 0.000  3.399 0.000000
108.375 109.375  4.480 0.000  1.569 0.000000
112.375 113.375  4.206 0.000  2.573 0.000000
115.375 116.375  4.167 0.000  2.288 0.000000
119.375 120.375  5.059 0.000  2.197 0.000000
122.375 123.375  7.560 0.000  3.267 0.000000
126.375 127.375  5.137 0.000  2.557 0.000000
129.375 130.375  2.885 0.000  1.869 0.000000
133.375 134.375  2.654 0.000  1.299 0.000000
136.375 137.375  3.115 0.000  2.305 0.000000
140.375 141.375  4.377 0.000  2.070 0.000000
143.375 144.375  5.388 0.000  3.631 0.000000
147.375 148.375 99.999 0.999 99.999 0.999000
150.375 151.375  1.958 0.000  0.703 0.000000
154.375 155.375  2.383 0.000  1.792 0.000000
157.375 158.375  2.241 0.000  1.730 0.000000
161.375 162.375 99.999 0.999  6.178 0.000000
164.375 165.375  5.517 0.000  3.185 0.000000
168.375 169.375  4.563 0.000  1.378 0.000000
171.375 172.375  2.662 0.000  1.656 0.000000
175.375 176.375  5.481 0.000  2.548 0.000000
178.375 179.375  2.264 0.000 99.999 0.999000
182.375 183.375  5.556 0.000  2.044 0.000000
185.375 186.375  6.616 0.000  4.313 0.000000
189.375 190.375 99.999 0.999  1.478 0.000000
192.375 193.375 99.999 0.999  1.289 0.000000
196.375 197.375  6.022 0.000  0.828 0.000000
199.375 200.375 99.999 0.999  2.830 0.000000
203.375 204.375  2.884 0.000  1.388 0.000000
206.375 207.375  3.255 0.000  1.873 0.000000
210.375 211.375  1.939 0.000  0.886 0.000000
213.375 214.375  3.086 0.000  1.171 0.000000
217.375 218.375  1.754 0.000  1.115 0.000000
220.375 221.375  5.379 0.000  2.971 0.000000
224.375 225.375  3.382 0.000  0.825 0.000000
227.375 228.375  2.835 0.000  2.730 0.000000
231.375 232.375  9.208 0.000  3.601 0.000000
234.375 235.375  3.769 0.000  0.900 0.000000
238.375 239.375  1.939 0.000  1.603 0.000000
241.375 242.375 99.999 0.999  1.576 0.000000
245.375 246.375  2.039 0.000  1.405 0.000000
248.375 249.375  4.863 0.000  0.977 0.000000
252.375 253.375  5.344 0.000  3.399 0.000000
255.375 256.375  4.590 0.000  1.765 0.000000
259.375 260.375  1.907 0.000  0.997 0.000000
262.375 263.375 99.999 0.999  1.974 0.000000
266.375 267.375  2.529 0.000  0.764 0.000000
269.375 270.375  2.880 0.000  0.963 0.000000
273.375 274.375  4.504 0.000  2.230 0.000000
276.375 277.375  2.239 0.000  1.353 0.000000
280.375 281.375  1.704 0.000 99.999 0.999000
283.375 284.375  1.673 0.000  0.888 0.000000
287.375 288.375  2.985 0.000  1.477 0.000000
290.375 291.375  2.162 0.000  1.763 0.000000
294.375 295.375  2.509 0.000  1.678 0.000000
297.375 298.375  3.647 0.000  1.466 0.000000
301.375 302.375  2.819 0.000 99.999 0.259000
304.375 305.375  3.387 0.000  1.047 0.000000
308.375 309.375  2.112 0.000  1.296 0.000000
311.375 312.375  1.306 0.000  1.003 0.000000
315.375 316.375  2.500 0.000  1.385 0.000000
318.375 319.375  1.746 0.000  1.115 0.000000
322.375 323.375  2.259 0.000  1.579 0.000000
325.375 326.375  4.457 0.000  1.974 0.000000
329.375 330.375  3.962 0.000  0.374 0.000000
332.375 333.375  3.962 0.000  1.318 0.000000
336.375 337.375  1.944 0.000  0.719 0.000000
339.375 340.375  1.825 0.000  0.621 0.000000
343.375 344.375  5.405 0.000  3.910 0.000000
346.375 347.375 99.999 0.999  3.993 0.000000
350.375 351.375  4.923 0.000 99.999 0.999000
353.375 354.375  2.985 0.000  1.100 0.000000
357.375 358.375  2.247 0.000  1.722 0.000000
360.375 361.375  4.008 0.000  1.749 0.000000
364.375 365.375  1.379 0.000  0.559 0.000000
