scripts/IMPROVE-2019_partial/data/US0203R.20140102090000.20191216000000.filterpack...52w.3d.US03L_filterpack_US0203.US03L_IMPROVE_Davis.lev2.nas
52 1001
MISSING INFORMATION
US03L, IMPROVE, , , , , , , 
MISSING INFORMATION
IMPROVE sel_HTAP
1 1
2014 01 01 2019 12 16
3.000
days from file reference point
5
1 1 1 1 1
999.999 999.999 9.999 999.999 9.999
end_time of measurement, days from the file reference point
pm10_mass, ug/m3, Matrix=pm10
numflag pm10_mass, no unit, Matrix=pm10
pm25_mass, ug/m3, Matrix=pm25
numflag pm25_mass, no unit, Matrix=pm25
0
33
Data definition:              EBAS_1.1
Set type code:                TU
Timezone:                     UTC
File name:                    US0203R.20140102090000.20191216000000.filterpack...52w.3d.US03L_filterpack_US0203.US03L_IMPROVE_Davis.lev2.nas
File creation:                20191218120228
Startdate:                    20140102090000
Revision date:                20191216000000
Version:                      2
Version description:          "Data extracted from http://views.cira.colostate.edu/fed/DataWizard 2019-12-16"
Statistics:                   arithmetic mean
Data level:                   2
Period code:                  52w
Resolution code:              3d
Sample duration:              1d
Orig. time res.:              3d
Station code:                 US0203R
Platform code:                US0203S
Station name:                 Denali National Park-Mt. McKinley (AK03)
Station latitude:             63.7232
Station longitude:            -148.9676
Station altitude:             661.0 m
Regime:                       IMG
Component:                    
Unit:                         ug/m3
Matrix:                       
Laboratory code:              US03L
Instrument type:              filterpack
Instrument name:              filterpack_US0203
Method ref:                   US03L_IMPROVE_Davis
Blank correction:             Blank corrected
Volume std. temperature:      ambient
Volume std. pressure:         ambient
starttime endtime PM10 flag_PM10 PM2.5 flag_PM2.5
  1.375   2.375   0.560 0.000   0.278 0.000
  4.375   5.375   0.168 0.000 999.999 0.259
  7.375   8.375   0.637 0.000   0.402 0.000
 10.375  11.375   0.625 0.000   0.537 0.000
 13.375  14.375   0.880 0.000   0.671 0.000
 16.375  17.375   0.502 0.000   0.092 0.000
 19.375  20.375 999.999 0.999 999.999 0.999
 22.375  23.375   0.251 0.000   0.122 0.000
 25.375  26.375   2.291 0.000   0.875 0.000
 28.375  29.375   0.591 0.000   0.273 0.000
 31.375  32.375   0.643 0.000   0.360 0.000
 34.375  35.375   0.913 0.000   0.457 0.000
 37.375  38.375   1.604 0.000   1.151 0.000
 40.375  41.375   2.255 0.000   1.490 0.000
 43.375  44.375   1.989 0.000   1.702 0.000
 46.375  47.375   1.781 0.000   1.500 0.000
 49.375  50.375   2.981 0.000   2.509 0.000
 52.375  53.375   0.943 0.000   0.389 0.000
 55.375  56.375   1.070 0.000   0.545 0.000
 58.375  59.375   0.929 0.000   0.514 0.000
 61.375  62.375   1.202 0.000   0.826 0.000
 64.375  65.375   2.170 0.000   1.530 0.000
 67.375  68.375   1.969 0.000   1.488 0.000
 70.375  71.375   1.013 0.000   0.494 0.000
 73.375  74.375   2.046 0.000   1.137 0.000
 76.375  77.375   1.968 0.000   1.159 0.000
 79.375  80.375   1.757 0.000   0.932 0.000
 82.375  83.375   3.093 0.000   1.836 0.000
 85.375  86.375   3.236 0.000   1.401 0.000
 88.375  89.375   2.635 0.000   1.243 0.000
 91.375  92.375   3.102 0.000   1.343 0.000
 94.375  95.375   1.768 0.000   0.890 0.000
 97.375  98.375   3.345 0.000   2.036 0.000
100.375 101.375   3.395 0.000   1.568 0.000
103.375 104.375   1.257 0.000   0.546 0.000
106.375 107.375   1.547 0.000   0.617 0.000
109.375 110.375   2.930 0.000   1.158 0.000
112.375 113.375   3.838 0.000   1.501 0.000
115.375 116.375   2.376 0.000   0.614 0.000
118.375 119.375   3.040 0.000   0.757 0.000
121.375 122.375  15.005 0.000  10.050 0.000
124.375 125.375   0.838 0.000   0.944 0.000
127.375 128.375   2.745 0.000   1.134 0.000
130.375 131.375  10.465 0.000   8.404 0.000
133.375 134.375   4.643 0.000   2.336 0.000
136.375 137.375   3.389 0.000   1.303 0.000
139.375 140.375   1.504 0.000   0.696 0.000
142.375 143.375   5.017 0.000   1.980 0.000
145.375 146.375  18.834 0.000  14.182 0.000
148.375 149.375   7.150 0.000   1.702 0.000
151.375 152.375   4.439 0.000   1.420 0.000
154.375 155.375   3.049 0.000   1.326 0.000
157.375 158.375   4.983 0.000   1.898 0.000
160.375 161.375   4.218 0.000   1.105 0.000
163.375 164.375   5.658 0.000   2.087 0.000
166.375 167.375   3.881 0.000   1.038 0.000
169.375 170.375   1.917 0.000   0.396 0.000
172.375 173.375   3.909 0.000   0.886 0.000
175.375 176.375   2.527 0.000   1.174 0.000
178.375 179.375   3.594 0.000   1.198 0.000
181.375 182.375   2.665 0.000   1.439 0.000
184.375 185.375   4.828 0.000   2.544 0.000
187.375 188.375   3.237 0.000   0.544 0.000
190.375 191.375   3.558 0.000   0.671 0.000
193.375 194.375   4.361 0.000   1.585 0.000
196.375 197.375   4.643 0.000   1.755 0.000
199.375 200.375   1.906 0.000   0.583 0.000
202.375 203.375   6.914 0.000   1.716 0.000
205.375 206.375   2.325 0.000   0.610 0.000
208.375 209.375   3.867 0.000   1.092 0.000
211.375 212.375   6.804 0.000   2.267 0.000
214.375 215.375   5.830 0.000   1.770 0.000
217.375 218.375   5.817 0.000   0.973 0.000
220.375 221.375   4.977 0.000   0.828 0.000
223.375 224.375   6.455 0.000   1.352 0.000
226.375 227.375   4.620 0.000   1.131 0.000
229.375 230.375   1.990 0.000   0.641 0.000
232.375 233.375   5.407 0.000   1.389 0.000
235.375 236.375   6.796 0.000   1.943 0.000
238.375 239.375   5.085 0.000   0.891 0.000
241.375 242.375   3.670 0.000   1.007 0.000
244.375 245.375   1.511 0.000   0.427 0.000
247.375 248.375   4.917 0.000   1.752 0.000
250.375 251.375   4.153 0.000   0.970 0.000
253.375 254.375   5.834 0.000   0.818 0.000
256.375 257.375   1.526 0.000   0.215 0.000
259.375 260.375   2.197 0.000   0.556 0.000
262.375 263.375   1.412 0.000   0.462 0.000
265.375 266.375   2.519 0.000   1.546 0.000
268.375 269.375   4.116 0.000   2.822 0.000
271.375 272.375   1.687 0.000   0.823 0.000
274.375 275.375   4.084 0.000   1.961 0.000
277.375 278.375   0.640 0.000 999.999 0.259
280.375 281.375   1.373 0.000   0.919 0.000
283.375 284.375   1.571 0.000   1.281 0.000
286.375 287.375   0.437 0.000   0.126 0.000
289.375 290.375   0.762 0.000   0.280 0.000
292.375 293.375   1.832 0.000   0.784 0.000
295.375 296.375   0.340 0.000   0.092 0.000
298.375 299.375   0.730 0.000   0.276 0.000
301.375 302.375   1.950 0.000   0.867 0.000
304.375 305.375   1.074 0.000   0.659 0.000
307.375 308.375   1.259 0.000   0.684 0.000
310.375 311.375   0.593 0.000   0.184 0.000
313.375 314.375   0.504 0.000   0.061 0.000
316.375 317.375 999.999 0.999 999.999 0.999
319.375 320.375   1.231 0.000   0.366 0.000
322.375 323.375   1.389 0.000   0.511 0.000
325.375 326.375   1.817 0.000   0.689 0.000
328.375 329.375   0.558 0.000   0.122 0.000
331.375 332.375   2.124 0.000   1.461 0.000
334.375 335.375   2.148 0.000   1.226 0.000
337.375 338.375   1.066 0.000   0.612 0.000
340.375 341.375   0.591 0.000   0.466 0.000
343.375 344.375   1.864 0.000   1.480 0.000
346.375 347.375   0.340 0.000   0.154 0.000
349.375 350.375   0.042 0.000 999.999 0.259
352.375 353.375   0.215 0.000   0.187 0.000
355.375 356.375   0.858 0.000   0.645 0.000
358.375 359.375 999.999 0.999 999.999 0.999
361.375 362.375 999.999 0.999 999.999 0.999
364.375 365.375   0.337 0.000   0.060 0.000
