scripts/IMPROVE-2019_partial/data/US0203R.20020102090000.20191216000000.filterpack..pm25.52w.1w.US03L_filterpack_US0203.US03L_IMPROVE_Davis.lev2.nas
66 1001
MISSING INFORMATION
US03L, IMPROVE, , , , , , , 
MISSING INFORMATION
IMPROVE sel_HTAP
1 1
2002 01 01 2019 12 16
3.000
days from file reference point
27
1 1 1 1 1 1 1 1 1 1 1 1 1 1 1 1 1 1 1 1 1 1 1 1 1 1 1
999.999 9999.99 9.999 99.99 9.999999 9.999 9.999999 9.99 9.999999 9.999 9.999999 999.999 9.999 999.999 9.999 99.99 9.999999 999.999 9.999 99.999 9.999 99.999 9.999999 9.999 9.999999 9.999 9.999
end_time of measurement, days from the file reference point
iron, ng/m3, Revision date=20181210133000
numflag iron, no unit, Revision date=20181210133000
lead, ng/m3, Revision date=20181210133000
numflag lead, no unit, Revision date=20181210133000
magnesium, ug/m3, Revision date=20181210133000
numflag magnesium, no unit, Revision date=20181210133000
nickel, ng/m3, Revision date=20181210133000
numflag nickel, no unit, Revision date=20181210133000
nitrate, ug N/m3, Revision date=20181210133000
numflag nitrate, no unit, Revision date=20181210133000
organic_carbon, ug C/m3, Revision date=20181210133000
numflag organic_carbon, no unit, Revision date=20181210133000
organic_mass, ug/m3, Revision date=20181210133000
numflag organic_mass, no unit, Revision date=20181210133000
phosphorus, ng/m3, Revision date=20181210133000
numflag phosphorus, no unit, Revision date=20181210133000
pm10_mass, ug/m3, Version=2, Version description=Data extracted from http://views.cira.colostate.edu/fed/DataWizard 2019-12-16, Sample duration=1d, Orig. time res.=3d, Matrix=pm10, Blank correction=Blank corrected, Volume std. temperature=ambient, Volume std. pressure=ambient
numflag pm10_mass, no unit, Version=2, Version description=Data extracted from http://views.cira.colostate.edu/fed/DataWizard 2019-12-16, Sample duration=1d, Orig. time res.=3d, Matrix=pm10, Blank correction=Blank corrected, Volume std. temperature=ambient, Volume std. pressure=ambient
pm10_pm25_mass, ug/m3, Revision date=20181210133000, Matrix=pm10_pm25
numflag pm10_pm25_mass, no unit, Revision date=20181210133000, Matrix=pm10_pm25
pm25_mass, ug/m3, Version=2, Version description=Data extracted from http://views.cira.colostate.edu/fed/DataWizard 2019-12-16, Sample duration=1d, Orig. time res.=3d, Blank correction=Blank corrected, Volume std. temperature=ambient, Volume std. pressure=ambient
numflag pm25_mass, no unit, Version=2, Version description=Data extracted from http://views.cira.colostate.edu/fed/DataWizard 2019-12-16, Sample duration=1d, Orig. time res.=3d, Blank correction=Blank corrected, Volume std. temperature=ambient, Volume std. pressure=ambient
potassium, ug/m3, Revision date=20181210133000
numflag potassium, no unit, Revision date=20181210133000
sulphate_total, ug S/m3, Revision date=20181210133000
numflag sulphate_total, no unit, Revision date=20181210133000
0
25
Data definition:              EBAS_1.1
Set type code:                TU
Timezone:                     UTC
File name:                    US0203R.20020102090000.20191216000000.filterpack..pm25.52w.1w.US03L_filterpack_US0203.US03L_IMPROVE_Davis.lev2.nas
File creation:                20191218120226
Startdate:                    20020102090000
Revision date:                20191216000000
Statistics:                   arithmetic mean
Data level:                   2
Period code:                  52w
Resolution code:              1w
Station code:                 US0203R
Platform code:                US0203S
Station name:                 Denali National Park-Mt. McKinley (AK03)
Station latitude:             63.7232
Station longitude:            -148.9676
Station altitude:             661.0 m
Regime:                       IMG
Component:                    
Matrix:                       pm25
Laboratory code:              US03L
Instrument type:              filterpack
Instrument name:              filterpack_US0203
Method ref:                   US03L_IMPROVE_Davis
starttime endtime Fe flag_Fe Pb flag_Pb Mg++ flag_Mg++ Ni flag_Ni NO3- flag_NO3- OC flag_OC OM flag_OM P flag_P PM10 flag_PM10 PM10-PM2.5 flag_PM10-PM2.5 PM2.5 flag_PM2.5 K+ flag_K+ SO4-- flag_SO4--
[from data line 80]
241.375 242.375    5.42 0.000  0.24 0.000000 9.999 0.259000 9.99 0.259000 0.004 0.000000   0.186 0.000   0.260 0.000 99.99 0.259000   2.240 0.000  1.344 0.000  0.896 0.000000 0.006 0.000000 0.058 0.000
244.375 245.375    1.25 0.000  0.36 0.000000 9.999 0.259000 9.99 0.259000 0.009 0.000000   1.166 0.000   1.632 0.000  4.81 0.000000   4.182 0.000  1.178 0.000  3.004 0.000000 0.010 0.000000 0.088 0.000
247.375 248.375    7.71 0.559  0.50 0.559000 0.025 0.559000 9.99 0.559259 0.007 0.000000   0.605 0.000   0.847 0.000 99.99 0.559259   4.085 0.000  2.259 0.000  1.826 0.559000 0.008 0.559000 0.101 0.000
250.375 251.375    4.25 0.559  0.28 0.559000 9.999 0.559259 9.99 0.559259 0.011 0.000000   0.230 0.000   0.323 0.000 99.99 0.559259   1.605 0.000  0.986 0.000  0.620 0.559000 0.004 0.559000 0.054 0.000
253.375 254.375    5.65 0.559  0.37 0.559000 9.999 0.559259 9.99 0.559259 0.000 0.000000   0.107 0.000   0.150 0.000 99.99 0.559259   1.689 0.000  1.249 0.000  0.440 0.559000 0.004 0.559000 0.026 0.000
256.375 257.375    4.13 0.559  0.38 0.559000 9.999 0.559259 9.99 0.559259 9.999 0.259000   0.016 0.000   0.022 0.000 99.99 0.559259   1.083 0.000  1.015 0.000  0.068 0.559000 0.004 0.559000 0.034 0.000
259.375 260.375    3.33 0.559  0.30 0.559000 9.999 0.559259 9.99 0.559259 0.006 0.000000   0.215 0.000   0.301 0.000 99.99 0.559259   1.680 0.000  0.841 0.000  0.839 0.559000 0.003 0.559000 0.076 0.000
262.375 263.375    2.37 0.000  0.22 0.000000 9.999 0.259000 9.99 0.259000 0.001 0.000000   0.016 0.000   0.022 0.000 99.99 0.259000   0.755 0.000  0.499 0.000  0.256 0.000000 0.003 0.000000 0.040 0.000
265.375 266.375    3.93 0.559  0.21 0.559000 9.999 0.559259 9.99 0.559259 0.004 0.000000   0.282 0.000   0.395 0.000 99.99 0.559259   1.456 0.000  0.641 0.000  0.815 0.559000 0.005 0.559000 0.045 0.000
268.375 269.375   13.13 0.559  0.29 0.559000 9.999 0.559259 9.99 0.559259 0.003 0.000000   0.057 0.000   0.080 0.000 99.99 0.559259   1.051 0.000  0.426 0.000  0.625 0.559000 0.005 0.559000 0.050 0.000
271.375 272.375    0.72 0.000  0.26 0.000000 0.058 0.000000 9.99 0.259000 9.999 0.259000 999.999 0.259 999.999 0.259  1.57 0.000000   0.453 0.000  0.193 0.000  0.260 0.000000 0.003 0.000000 0.050 0.000
274.375 275.375    0.65 0.559  0.18 0.559000 0.013 0.559000 9.99 0.559259 0.004 0.000000   0.133 0.000   0.186 0.000 99.99 0.559259   0.604 0.000 99.999 0.259  0.735 0.559000 0.004 0.559000 0.054 0.000
277.375 278.375    4.30 0.000  0.20 0.000000 9.999 0.259000 0.05 0.000000 0.004 0.000000   0.309 0.000   0.433 0.000 99.99 0.259000   1.564 0.000  0.369 0.000  1.195 0.000000 0.006 0.000000 0.090 0.000
280.375 281.375    2.81 0.559  0.15 0.559000 0.011 0.559000 0.08 0.559000 9.999 0.259000   0.110 0.000   0.154 0.000  0.55 0.559000   1.336 0.000  0.906 0.000  0.430 0.559000 0.002 0.559000 0.003 0.000
283.375 284.375    5.39 0.559  0.25 0.559000 0.008 0.559000 9.99 0.559259 0.003 0.000000   0.129 0.000   0.180 0.000 99.99 0.559259   1.321 0.000  0.600 0.000  0.721 0.559000 0.006 0.559000 0.053 0.000
286.375 287.375    1.69 0.000  0.23 0.000000 0.008 0.000000 0.07 0.000000 0.014 0.000000   0.028 0.000   0.039 0.000 99.99 0.259000   1.585 0.000  0.725 0.000  0.860 0.000000 0.005 0.000000 0.055 0.000
289.375 290.375    4.50 0.559  0.30 0.559000 9.999 0.559259 0.08 0.559000 0.015 0.000000   0.287 0.000   0.402 0.000 99.99 0.559259   1.336 0.000  0.151 0.000  1.185 0.559000 0.006 0.559000 0.133 0.000
292.375 293.375    1.01 0.000  0.19 0.000000 0.009 0.000000 9.99 0.259000 0.014 0.000000 999.999 0.259 999.999 0.259  2.72 0.000000   0.721 0.000  0.494 0.000  0.227 0.000000 0.002 0.000000 0.047 0.000
295.375 296.375   17.49 0.559  0.70 0.559000 9.999 0.559259 9.99 0.559259 0.010 0.000000 999.999 0.259 999.999 0.259 99.99 0.559259   1.867 0.000  0.812 0.000  1.055 0.559000 0.015 0.559000 0.101 0.000
298.375 299.375    1.17 0.559  0.16 0.559000 0.006 0.559000 9.99 0.559259 0.009 0.000000 999.999 0.259 999.999 0.259 99.99 0.559259   0.868 0.000  0.303 0.000  0.565 0.559000 0.003 0.559000 0.062 0.000
301.375 302.375    3.03 0.559  0.17 0.559000 0.007 0.559000 9.99 0.559259 0.003 0.000000   0.016 0.000   0.022 0.000 99.99 0.559259   0.641 0.000  0.240 0.000  0.401 0.559000 0.003 0.559000 0.022 0.000
304.375 305.375    8.06 0.000  0.21 0.000000 9.999 0.259000 9.99 0.259000 0.007 0.000000 999.999 0.259 999.999 0.259  1.75 0.000000   1.746 0.000  1.427 0.000  0.319 0.000000 0.004 0.000000 0.081 0.000
307.375 308.375    1.81 0.000  0.18 0.000000 9.999 0.259000 0.08 0.000000 0.001 0.000000 999.999 0.259 999.999 0.259 99.99 0.259000   0.525 0.000  0.331 0.000  0.195 0.000000 0.002 0.000000 0.026 0.000
310.375 311.375    1.76 0.000  0.22 0.000000 0.009 0.000000 9.99 0.259000 0.008 0.000000   0.057 0.000   0.080 0.000 99.99 0.259000   0.755 0.000  0.236 0.000  0.519 0.000000 0.003 0.000000 0.043 0.000
313.375 314.375    2.03 0.559  0.25 0.559000 9.999 0.559259 0.04 0.559000 0.004 0.000000 999.999 0.259 999.999 0.259 99.99 0.559259   1.164 0.000  0.058 0.000  1.106 0.559000 0.003 0.559000 0.179 0.000
316.375 317.375   11.55 0.559  0.29 0.559000 9.999 0.559259 0.08 0.559000 0.011 0.559000   0.174 0.000   0.243 0.000 99.99 0.559259   2.793 0.000  1.474 0.000  1.319 0.559000 0.006 0.559000 0.175 0.559
319.375 320.375    2.11 0.559  0.41 0.559000 9.999 0.559259 9.99 0.559259 0.003 0.000000   0.058 0.000   0.081 0.000 99.99 0.559259   0.424 0.000  0.161 0.000  0.263 0.559000 0.002 0.559000 0.050 0.000
322.375 323.375    3.43 0.559  0.25 0.559000 9.999 0.559259 9.99 0.559259 0.005 0.000000   0.051 0.000   0.072 0.000 99.99 0.559259   1.221 0.000  0.815 0.000  0.406 0.559000 0.003 0.559000 0.049 0.000
325.375 326.375    5.64 0.559  0.34 0.559000 0.018 0.559000 9.99 0.559259 0.001 0.000000   0.179 0.000   0.251 0.000 99.99 0.559259   1.404 0.000  1.077 0.000  0.328 0.559000 0.002 0.559000 0.019 0.000
328.375 329.375    2.02 0.559 99.99 0.559259 9.999 0.559259 9.99 0.559259 0.004 0.000000   0.148 0.000   0.207 0.000 99.99 0.559259   0.645 0.000  0.384 0.000  0.261 0.559000 0.003 0.559000 0.031 0.000
331.375 332.375    0.66 0.559  0.25 0.559000 9.999 0.559259 9.99 0.559259 0.006 0.000000   0.041 0.000   0.058 0.000 99.99 0.559259   0.604 0.000  0.311 0.000  0.293 0.559000 0.001 0.559000 0.046 0.000
334.375 335.375    0.83 0.000  0.08 0.000000 9.999 0.259000 9.99 0.259000 0.001 0.000000   0.041 0.000   0.057 0.000  2.36 0.000000   0.228 0.000  0.228 0.000 99.999 0.259000 0.001 0.000000 0.016 0.000
337.375 338.375    2.04 0.559  0.16 0.559000 9.999 0.559259 9.99 0.559259 0.003 0.000000   0.085 0.000   0.119 0.000 99.99 0.559259   0.901 0.000  0.405 0.000  0.496 0.559000 0.003 0.559000 0.068 0.000
340.375 341.375    0.97 0.559  0.12 0.559000 0.014 0.559000 9.99 0.559259 0.001 0.000000   0.054 0.000   0.075 0.000 99.99 0.559259   0.417 0.000  0.384 0.000  0.033 0.559000 9.999 0.559259 0.015 0.000
343.375 344.375    1.93 0.559  0.11 0.559000 9.999 0.559259 9.99 0.559259 0.001 0.000000   0.013 0.000   0.018 0.000  2.28 0.559000   0.610 0.000  0.610 0.000 99.999 0.559259 0.002 0.559000 0.019 0.000
346.375 347.375    1.59 0.559  0.16 0.559000 9.999 0.559259 9.99 0.559259 0.001 0.000000   0.055 0.000   0.077 0.000 99.99 0.559259   0.463 0.000  0.092 0.000  0.371 0.559000 0.001 0.559000 0.043 0.000
349.375 350.375    0.92 0.559  0.18 0.559000 9.999 0.559259 9.99 0.559259 0.011 0.559000   0.185 0.000   0.259 0.000  0.65 0.559000   0.698 0.000  0.128 0.000  0.570 0.559000 0.003 0.559000 0.031 0.559
352.375 353.375    1.34 0.000  0.23 0.000000 0.014 0.000000 0.03 0.000000 0.012 0.000000   0.038 0.000   0.053 0.000 99.99 0.259000   0.617 0.000  0.262 0.000  0.355 0.000000 0.003 0.000000 0.057 0.000
355.375 356.375    2.65 0.559  0.22 0.559000 9.999 0.559259 9.99 0.559259 0.001 0.000000   0.042 0.000   0.059 0.000 99.99 0.559259   0.460 0.000  0.161 0.000  0.299 0.559000 0.003 0.559000 0.038 0.000
358.375 359.375    2.94 0.559  0.15 0.559000 9.999 0.559259 9.99 0.559259 0.006 0.000000   0.154 0.000   0.216 0.000 99.99 0.559259   0.537 0.000  0.299 0.000  0.238 0.559000 0.003 0.559000 0.047 0.000
361.375 362.375    1.16 0.559  0.18 0.559000 9.999 0.559259 9.99 0.559259 0.010 0.000000   0.056 0.000   0.078 0.000 99.99 0.559259   0.314 0.000  0.079 0.000  0.235 0.559000 0.002 0.559000 0.083 0.000
364.375 365.375    1.91 0.559  0.24 0.559000 0.031 0.559000 9.99 0.559259 0.023 0.000000   0.196 0.000   0.275 0.000 99.99 0.559259   0.275 0.000 99.999 0.259  0.390 0.559000 0.004 0.559000 0.059 0.000
