scripts/IMPROVE-2019_partial/data/US0203R.19980103090000.20191216000000.filterpack...1y.3d.US03L_filterpack_US0203.US03L_IMPROVE_Davis.lev2.nas
52 1001
MISSING INFORMATION
US03L, IMPROVE, , , , , , , 
MISSING INFORMATION
IMPROVE sel_HTAP
1 1
1998 01 01 2019 12 16
0
days from file reference point
5
1 1 1 1 1
999.999 999.999 9.999 99.999 9.999
end_time of measurement, days from the file reference point
pm10_mass, ug/m3, Matrix=pm10
numflag pm10_mass, no unit, Matrix=pm10
pm25_mass, ug/m3, Matrix=pm25
numflag pm25_mass, no unit, Matrix=pm25
0
33
Data definition:              EBAS_1.1
Set type code:                TI
Timezone:                     UTC
File name:                    US0203R.19980103090000.20191216000000.filterpack...1y.3d.US03L_filterpack_US0203.US03L_IMPROVE_Davis.lev2.nas
File creation:                20191218120226
Startdate:                    19980103090000
Revision date:                20191216000000
Version:                      2
Version description:          "Data extracted from http://views.cira.colostate.edu/fed/DataWizard 2019-12-16"
Statistics:                   arithmetic mean
Data level:                   2
Period code:                  1y
Resolution code:              3d
Sample duration:              1d
Orig. time res.:              3d
Station code:                 US0203R
Platform code:                US0203S
Station name:                 Denali National Park-Mt. McKinley (AK03)
Station latitude:             63.7232
Station longitude:            -148.9676
Station altitude:             661.0 m
Regime:                       IMG
Component:                    
Unit:                         ug/m3
Matrix:                       
Laboratory code:              US03L
Instrument type:              filterpack
Instrument name:              filterpack_US0203
Method ref:                   US03L_IMPROVE_Davis
Blank correction:             Blank corrected
Volume std. temperature:      ambient
Volume std. pressure:         ambient
starttime endtime PM10 flag_PM10 PM2.5 flag_PM2.5
  2.375   3.375 999.999 0.999  2.596 0.000
  6.375   7.375   3.472 0.000  0.610 0.000
  9.375  10.375   0.955 0.000  0.443 0.000
 13.375  14.375   2.812 0.000  1.942 0.000
 16.375  17.375   4.978 0.000  1.843 0.000
 20.375  21.375   1.348 0.000  0.840 0.000
 23.375  24.375   7.693 0.000  1.720 0.000
 27.375  28.375   3.351 0.000  0.848 0.000
 30.375  31.375   0.711 0.000  0.422 0.000
 34.375  35.375   8.333 0.000  0.405 0.000
 37.375  38.375   4.330 0.000  1.336 0.000
 41.375  42.375   2.157 0.000 99.999 0.259
 44.375  45.375   2.658 0.000  2.522 0.000
 48.375  49.375   4.058 0.000  2.504 0.000
 51.375  52.375   1.075 0.000  0.399 0.000
 55.375  56.375   1.015 0.000  0.664 0.000
 58.375  59.375   1.972 0.000  1.235 0.000
 62.375  63.375   2.460 0.000  1.532 0.000
 65.375  66.375   3.139 0.000  2.012 0.000
 69.375  70.375   4.206 0.000  1.195 0.000
 72.375  73.375   0.643 0.000  0.512 0.000
 76.375  77.375   5.098 0.000  0.388 0.000
 79.375  80.375   1.124 0.000  1.454 0.000
 83.375  84.375   3.193 0.000  0.753 0.000
 86.375  87.375   2.219 0.000  1.924 0.000
 90.375  91.375   3.940 0.000  1.447 0.000
 93.375  94.375   2.342 0.000 99.999 0.999
 97.375  98.375   1.973 0.000  0.900 0.000
100.375 101.375   8.671 0.000  2.272 0.000
104.375 105.375 999.999 0.999 99.999 0.999
107.375 108.375 999.999 0.999 99.999 0.999
111.375 112.375 999.999 0.999 99.999 0.999
114.375 115.375 999.999 0.999 99.999 0.999
118.375 119.375   2.143 0.000  0.807 0.000
121.375 122.375   0.714 0.000 99.999 0.999
125.375 126.375   3.073 0.000  0.793 0.000
128.375 129.375   3.082 0.000  1.268 0.000
132.375 133.375   3.569 0.000  1.600 0.000
135.375 136.375   1.015 0.000  0.476 0.000
139.375 140.375   1.812 0.000  1.351 0.000
142.375 143.375   3.511 0.000  2.105 0.000
146.375 147.375   5.133 0.000  1.554 0.000
149.375 150.375   3.108 0.000 99.999 0.999
153.375 154.375   2.890 0.000 99.999 0.999
156.375 157.375   1.897 0.000  1.032 0.000
160.375 161.375  13.739 0.000 99.999 0.999
163.375 164.375  18.619 0.000  1.265 0.000
167.375 168.375   4.483 0.000  1.006 0.000
170.375 171.375   0.901 0.000  1.147 0.000
174.375 175.375   4.950 0.000 99.999 0.999
177.375 178.375   5.799 0.000  1.728 0.000
181.375 182.375   4.642 0.000  2.940 0.000
184.375 185.375   4.402 0.000  2.096 0.000
188.375 189.375   1.943 0.000 99.999 0.999
191.375 192.375   6.866 0.000  1.936 0.000
195.375 196.375   6.189 0.000  2.827 0.000
198.375 199.375   2.770 0.000  1.426 0.000
202.375 203.375   1.995 0.000  1.209 0.000
205.375 206.375   5.180 0.000  2.028 0.000
209.375 210.375   3.696 0.000  0.899 0.000
212.375 213.375   5.593 0.000  4.290 0.000
216.375 217.375   1.904 0.000  1.376 0.000
219.375 220.375   1.456 0.000  0.407 0.000
223.375 224.375   3.545 0.000  2.442 0.000
226.375 227.375   4.642 0.000  2.251 0.000
230.375 231.375   3.266 0.000  1.603 0.000
233.375 234.375   1.774 0.000 99.999 0.999
237.375 238.375   2.846 0.000  0.571 0.000
240.375 241.375   2.149 0.000  1.078 0.000
244.375 245.375   4.464 0.000  0.821 0.000
247.375 248.375   3.754 0.000  0.868 0.000
251.375 252.375   4.360 0.000  1.248 0.000
254.375 255.375   2.497 0.000  2.400 0.000
258.375 259.375   2.638 0.000  1.917 0.000
261.375 262.375 999.999 0.999  0.539 0.000
265.375 266.375   1.086 0.000 99.999 0.259
268.375 269.375   4.682 0.000  0.350 0.000
272.375 273.375   1.209 0.000 99.999 0.999
275.375 276.375   5.891 0.000  2.791 0.000
279.375 280.375   4.316 0.000 99.999 0.999
282.375 283.375   3.060 0.000  1.061 0.000
286.375 287.375   3.160 0.000  1.695 0.000
289.375 290.375   1.996 0.000 99.999 0.999
293.375 294.375   1.810 0.000  0.527 0.000
296.375 297.375 999.999 0.999 99.999 0.999
300.375 301.375   1.706 0.000  1.415 0.000
303.375 304.375   1.584 0.000  0.707 0.000
307.375 308.375   2.202 0.000  0.856 0.000
310.375 311.375   5.952 0.000  0.628 0.000
314.375 315.375   4.267 0.000  1.572 0.000
317.375 318.375   1.186 0.000  0.797 0.000
321.375 322.375   2.483 0.000  1.152 0.000
324.375 325.375   2.058 0.000  1.089 0.000
328.375 329.375   7.859 0.000  1.021 0.000
331.375 332.375   1.778 0.000  0.506 0.000
335.375 336.375   4.107 0.000  1.100 0.000
338.375 339.375   1.331 0.000  1.232 0.000
342.375 343.375   3.241 0.000  0.868 0.000
345.375 346.375   1.389 0.000  0.799 0.000
349.375 350.375   1.787 0.000  1.317 0.000
352.375 353.375   1.787 0.000  0.757 0.000
356.375 357.375   1.347 0.000  0.860 0.000
359.375 360.375   2.231 0.000  1.031 0.000
363.375 364.375   4.095 0.000  1.089 0.000
