scripts/IMPROVE-2019_partial/data/US0203R.19880302090000.20191216000000.filterpack...10mo.3d.US03L_filterpack_US0203.US03L_IMPROVE_Davis.lev2.nas
52 1001
MISSING INFORMATION
US03L, IMPROVE, , , , , , , 
MISSING INFORMATION
IMPROVE sel_HTAP
1 1
1988 01 01 2019 12 16
0
days from file reference point
5
1 1 1 1 1
999.999 999.999 9.999 99.999 9.999
end_time of measurement, days from the file reference point
pm10_mass, ug/m3, Matrix=pm10
numflag pm10_mass, no unit, Matrix=pm10
pm25_mass, ug/m3, Matrix=pm25
numflag pm25_mass, no unit, Matrix=pm25
0
33
Data definition:              EBAS_1.1
Set type code:                TI
Timezone:                     UTC
File name:                    US0203R.19880302090000.20191216000000.filterpack...10mo.3d.US03L_filterpack_US0203.US03L_IMPROVE_Davis.lev2.nas
File creation:                20191218120225
Startdate:                    19880302090000
Revision date:                20191216000000
Version:                      2
Version description:          "Data extracted from http://views.cira.colostate.edu/fed/DataWizard 2019-12-16"
Statistics:                   arithmetic mean
Data level:                   2
Period code:                  10mo
Resolution code:              3d
Sample duration:              1d
Orig. time res.:              3d
Station code:                 US0203R
Platform code:                US0203S
Station name:                 Denali National Park-Mt. McKinley (AK03)
Station latitude:             63.7232
Station longitude:            -148.9676
Station altitude:             661.0 m
Regime:                       IMG
Component:                    
Unit:                         ug/m3
Matrix:                       
Laboratory code:              US03L
Instrument type:              filterpack
Instrument name:              filterpack_US0203
Method ref:                   US03L_IMPROVE_Davis
Blank correction:             Blank corrected
Volume std. temperature:      ambient
Volume std. pressure:         ambient
starttime endtime PM10 flag_PM10 PM2.5 flag_PM2.5
 61.375  62.375   1.730 0.000  0.575 0.000
 64.375  65.375   2.376 0.000  1.333 0.000
 68.375  69.375   3.042 0.000  1.226 0.000
 71.375  72.375 999.999 0.999 99.999 0.999
 75.375  76.375   3.951 0.000  3.049 0.000
 78.375  79.375   8.286 0.000  4.397 0.000
 82.375  83.375   5.423 0.000  4.318 0.000
 85.375  86.375   4.337 0.000  3.377 0.000
 89.375  90.375   5.860 0.000  3.119 0.000
 92.375  93.375   7.107 0.000  4.051 0.000
 96.375  97.375   8.264 0.000  5.478 0.000
 99.375 100.375   8.140 0.000  5.924 0.000
103.375 104.375 999.999 0.999 99.999 0.999
106.375 107.375   2.847 0.000  1.411 0.000
110.375 111.375   3.973 0.000  2.349 0.000
113.375 114.375   5.470 0.000  2.444 0.000
117.375 118.375   4.276 0.000  1.282 0.000
120.375 121.375   2.308 0.000  0.974 0.000
124.375 125.375   2.973 0.000  1.601 0.000
127.375 128.375   1.301 0.000  1.100 0.000
131.375 132.375   3.219 0.000  2.375 0.000
134.375 135.375   1.638 0.000  0.828 0.000
138.375 139.375   2.955 0.000  1.288 0.000
141.375 142.375   2.035 0.000  0.878 0.000
145.375 146.375   3.750 0.000  2.075 0.000
148.375 149.375   4.894 0.000  1.096 0.000
152.375 153.375   2.048 0.000  1.033 0.000
155.375 156.375   4.355 0.000  2.362 0.000
159.375 160.375   3.421 0.000  1.585 0.000
162.375 163.375   6.388 0.000  3.333 0.000
166.375 167.375   4.459 0.000  2.345 0.000
169.375 170.375   3.447 0.000  1.798 0.000
173.375 174.375   4.027 0.000  1.140 0.000
176.375 177.375   4.300 0.000  2.338 0.000
180.375 181.375   6.288 0.000  3.415 0.000
183.375 184.375   5.084 0.000  2.462 0.000
187.375 188.375   6.910 0.000  4.144 0.000
190.375 191.375  10.302 0.000  3.144 0.000
194.375 195.375   6.453 0.000  3.145 0.000
197.375 198.375  10.103 0.000 99.999 0.999
201.375 202.375  19.113 0.000 99.999 0.999
204.375 205.375 999.999 0.999 99.999 0.999
208.375 209.375   4.138 0.000 99.999 0.999
211.375 212.375   2.500 0.000  0.422 0.000
215.375 216.375   3.333 0.000  1.502 0.000
218.375 219.375   2.145 0.000  0.537 0.000
222.375 223.375   6.000 0.000  1.282 0.000
225.375 226.375   5.697 0.000  1.465 0.000
229.375 230.375  15.500 0.000  1.792 0.000
232.375 233.375   4.836 0.000  0.812 0.000
236.375 237.375   3.911 0.000  0.906 0.000
239.375 240.375   4.358 0.000  0.740 0.000
243.375 244.375   6.906 0.000  1.111 0.000
246.375 247.375   6.077 0.000  1.133 0.000
250.375 251.375   1.655 0.000  1.196 0.000
253.375 254.375   1.684 0.000  0.852 0.000
257.375 258.375   4.847 0.000  1.279 0.000
260.375 261.375   3.074 0.000  0.631 0.000
264.375 265.375   1.822 0.000 99.999 0.259
267.375 268.375   3.012 0.000  0.980 0.000
271.375 272.375   1.850 0.000  1.037 0.000
274.375 275.375   5.869 0.000  1.481 0.000
278.375 279.375   1.440 0.000  1.170 0.000
281.375 282.375   1.492 0.000  1.069 0.000
285.375 286.375   2.528 0.000  0.872 0.000
288.375 289.375   3.004 0.000  0.927 0.000
292.375 293.375   3.320 0.000  1.603 0.000
295.375 296.375   4.672 0.000  1.228 0.000
299.375 300.375  45.703 0.000  1.557 0.000
302.375 303.375 999.999 0.999  1.263 0.000
306.375 307.375   1.124 0.000  0.473 0.000
309.375 310.375   1.639 0.000  0.900 0.000
313.375 314.375   1.462 0.000  0.699 0.000
316.375 317.375 999.999 0.999 99.999 0.999
320.375 321.375   3.306 0.000  2.021 0.000
323.375 324.375   0.920 0.000  0.495 0.000
327.375 328.375   2.936 0.000  1.418 0.000
330.375 331.375   1.319 0.000 99.999 0.259
334.375 335.375   2.602 0.000  0.944 0.000
337.375 338.375   1.198 0.000  0.627 0.000
341.375 342.375   2.840 0.000  1.655 0.000
344.375 345.375   1.310 0.000  0.500 0.000
348.375 349.375   2.629 0.000  0.707 0.000
351.375 352.375   1.474 0.000  0.635 0.000
355.375 356.375   2.429 0.000  0.836 0.000
358.375 359.375 999.999 0.999  0.881 0.000
362.375 363.375 999.999 0.999  1.237 0.000
365.375 366.375   1.852 0.000  0.387 0.000
