scripts/IMPROVE-2019_partial/data/US0203R.20060102090000.20191216000000.filterpack..pm25.52w.1w.US03L_filterpack_US0203.US03L_IMPROVE_Davis.lev2.nas
66 1001
MISSING INFORMATION
US03L, IMPROVE, , , , , , , 
MISSING INFORMATION
IMPROVE sel_HTAP
1 1
2006 01 01 2019 12 16
3.000
days from file reference point
27
1 1 1 1 1 1 1 1 1 1 1 1 1 1 1 1 1 1 1 1 1 1 1 1 1 1 1
999.999 9999.99 9.999 99.99 9.999 9.999 9.999999 9.99 9.999999 9.999 9.999 99.999 9.999 99.999 9.999 999.99 9.999999 999.999 9.999 999.999 9.999 99.999 9.999 9.999 9.999 9.999 9.999
end_time of measurement, days from the file reference point
iron, ng/m3, Revision date=20181210133000
numflag iron, no unit, Revision date=20181210133000
lead, ng/m3, Revision date=20181210133000
numflag lead, no unit, Revision date=20181210133000
magnesium, ug/m3, Revision date=20181210133000
numflag magnesium, no unit, Revision date=20181210133000
nickel, ng/m3, Revision date=20181210133000
numflag nickel, no unit, Revision date=20181210133000
nitrate, ug N/m3, Revision date=20181210133000
numflag nitrate, no unit, Revision date=20181210133000
organic_carbon, ug C/m3, Revision date=20181210133000
numflag organic_carbon, no unit, Revision date=20181210133000
organic_mass, ug/m3, Revision date=20181210133000
numflag organic_mass, no unit, Revision date=20181210133000
phosphorus, ng/m3, Revision date=20181210133000
numflag phosphorus, no unit, Revision date=20181210133000
pm10_mass, ug/m3, Version=2, Version description=Data extracted from http://views.cira.colostate.edu/fed/DataWizard 2019-12-16, Sample duration=1d, Orig. time res.=3d, Matrix=pm10, Blank correction=Blank corrected, Volume std. temperature=ambient, Volume std. pressure=ambient
numflag pm10_mass, no unit, Version=2, Version description=Data extracted from http://views.cira.colostate.edu/fed/DataWizard 2019-12-16, Sample duration=1d, Orig. time res.=3d, Matrix=pm10, Blank correction=Blank corrected, Volume std. temperature=ambient, Volume std. pressure=ambient
pm10_pm25_mass, ug/m3, Revision date=20181210133000, Matrix=pm10_pm25
numflag pm10_pm25_mass, no unit, Revision date=20181210133000, Matrix=pm10_pm25
pm25_mass, ug/m3, Version=2, Version description=Data extracted from http://views.cira.colostate.edu/fed/DataWizard 2019-12-16, Sample duration=1d, Orig. time res.=3d, Blank correction=Blank corrected, Volume std. temperature=ambient, Volume std. pressure=ambient
numflag pm25_mass, no unit, Version=2, Version description=Data extracted from http://views.cira.colostate.edu/fed/DataWizard 2019-12-16, Sample duration=1d, Orig. time res.=3d, Blank correction=Blank corrected, Volume std. temperature=ambient, Volume std. pressure=ambient
potassium, ug/m3, Revision date=20181210133000
numflag potassium, no unit, Revision date=20181210133000
sulphate_total, ug S/m3, Revision date=20181210133000
numflag sulphate_total, no unit, Revision date=20181210133000
0
25
Data definition:              EBAS_1.1
Set type code:                TU
Timezone:                     UTC
File name:                    US0203R.20060102090000.20191216000000.filterpack..pm25.52w.1w.US03L_filterpack_US0203.US03L_IMPROVE_Davis.lev2.nas
File creation:                20191218120228
Startdate:                    20060102090000
Revision date:                20191216000000
Statistics:                   arithmetic mean
Data level:                   2
Period code:                  52w
Resolution code:              1w
Station code:                 US0203R
Platform code:                US0203S
Station name:                 Denali National Park-Mt. McKinley (AK03)
Station latitude:             63.7232
Station longitude:            -148.9676
Station altitude:             661.0 m
Regime:                       IMG
Component:                    
Matrix:                       pm25
Laboratory code:              US03L
Instrument type:              filterpack
Instrument name:              filterpack_US0203
Method ref:                   US03L_IMPROVE_Davis
starttime endtime Fe flag_Fe Pb flag_Pb Mg++ flag_Mg++ Ni flag_Ni NO3- flag_NO3- OC flag_OC OM flag_OM P flag_P PM10 flag_PM10 PM10-PM2.5 flag_PM10-PM2.5 PM2.5 flag_PM2.5 K+ flag_K+ SO4-- flag_SO4--
  1.375   2.375    0.70 0.000 99.99 0.259 0.005 0.000000 9.99 0.259000 0.003 0.000  0.056 0.000  0.079 0.000 999.99 0.259000   0.261 0.000   0.054 0.000  0.295 0.000 0.001 0.000 0.021 0.000
  4.375   5.375    0.46 0.000  0.07 0.000 0.006 0.000000 9.99 0.259000 0.002 0.000  0.096 0.000  0.135 0.000 999.99 0.259000   0.617 0.000   0.290 0.000  0.326 0.000 0.001 0.000 0.030 0.000
  7.375   8.375    2.07 0.000  0.07 0.000 9.999 0.259000 9.99 0.259000 0.001 0.000  0.048 0.000  0.067 0.000 999.99 0.259000   0.862 0.000   0.701 0.000  0.258 0.000 0.001 0.000 0.006 0.000
 10.375  11.375    3.75 0.000  0.18 0.000 9.999 0.259000 9.99 0.259000 0.003 0.000  0.067 0.000  0.094 0.000  11.90 0.000000   0.131 0.000   0.054 0.000 99.999 0.259 0.002 0.000 0.013 0.000
 13.375  14.375    1.30 0.000  0.23 0.000 0.005 0.000000 9.99 0.259000 0.007 0.000  0.256 0.000  0.358 0.000 999.99 0.259000   0.537 0.000   0.144 0.000  0.393 0.000 0.002 0.000 0.112 0.000
 16.375  17.375    2.53 0.000  0.21 0.000 9.999 0.259000 9.99 0.259000 0.003 0.000  0.145 0.000  0.203 0.000 999.99 0.259000   0.583 0.000   0.116 0.000  0.467 0.000 0.002 0.000 0.138 0.000
 19.375  20.375    2.27 0.000  0.48 0.000 0.005 0.000000 9.99 0.259000 0.012 0.000  0.267 0.000  0.374 0.000  17.25 0.000000   0.632 0.000   0.075 0.000  0.558 0.000 0.002 0.000 0.111 0.000
 22.375  23.375    2.28 0.000  0.30 0.000 0.007 0.000000 9.99 0.259000 0.011 0.000  0.169 0.000  0.237 0.000 999.99 0.259000   0.812 0.000   0.036 0.000  0.776 0.000 0.005 0.000 0.127 0.000
 25.375  26.375    1.71 0.000  0.32 0.000 0.009 0.000000 9.99 0.259000 0.013 0.000  0.139 0.000  0.195 0.000 999.99 0.259000   0.455 0.000   0.060 0.000  0.395 0.000 0.004 0.000 0.063 0.000
 28.375  29.375    4.33 0.000  0.34 0.000 9.999 0.259000 9.99 0.259000 0.016 0.000  0.096 0.000  0.134 0.000  14.76 0.000000   0.852 0.000   0.198 0.000  0.655 0.000 0.005 0.000 0.115 0.000
 31.375  32.375   12.96 0.000  0.19 0.000 9.999 0.259000 9.99 0.259000 0.030 0.000  0.239 0.000  0.334 0.000 999.99 0.259000   1.808 0.000   0.419 0.000  1.389 0.000 0.008 0.000 0.179 0.000
 34.375  35.375   32.16 0.000  0.43 0.000 9.999 0.259000 9.99 0.259000 0.003 0.000  0.145 0.000  0.204 0.000 999.99 0.259000   3.832 0.000   1.951 0.000  1.881 0.000 0.015 0.000 0.210 0.000
 37.375  38.375    2.62 0.000 99.99 0.259 9.999 0.259000 9.99 0.259000 0.007 0.000  0.136 0.000  0.191 0.000 999.99 0.259000   1.030 0.000   0.386 0.000  0.644 0.000 0.005 0.000 0.098 0.000
 40.375  41.375    2.59 0.000 99.99 0.259 9.999 0.259000 0.06 0.000000 0.000 0.000  0.052 0.000  0.073 0.000 999.99 0.259000   0.298 0.000   0.059 0.000 99.999 0.259 0.002 0.000 0.015 0.000
 43.375  44.375    4.25 0.000  0.42 0.000 9.999 0.259000 9.99 0.259000 0.006 0.000  0.064 0.000  0.089 0.000 999.99 0.259000   1.362 0.000   0.398 0.000  0.964 0.000 0.004 0.000 0.189 0.000
 46.375  47.375    9.51 0.000  0.34 0.000 9.999 0.259000 9.99 0.259000 0.009 0.000  0.125 0.000  0.175 0.000 999.99 0.259000   1.265 0.000   0.468 0.000  0.797 0.000 0.006 0.000 0.139 0.000
 49.375  50.375   20.04 0.000  1.16 0.000 9.999 0.259000 9.99 0.259000 0.010 0.000  0.202 0.000  0.283 0.000 999.99 0.259000   2.443 0.000   0.977 0.000  1.466 0.000 0.020 0.000 0.207 0.000
 52.375  53.375    8.81 0.000  0.56 0.000 9.999 0.259000 0.10 0.000000 0.016 0.000  0.292 0.000  0.409 0.000 999.99 0.259000   2.567 0.000   0.847 0.000  1.720 0.000 0.013 0.000 0.251 0.000
 55.375  56.375   19.75 0.000  1.60 0.000 9.999 0.259000 9.99 0.259000 0.032 0.000  0.314 0.000  0.439 0.000 999.99 0.259000   4.793 0.000   1.981 0.000  2.811 0.000 0.031 0.000 0.420 0.000
 58.375  59.375   11.55 0.000  1.08 0.000 9.999 0.259000 0.12 0.000000 0.035 0.000  0.355 0.000  0.497 0.000 999.99 0.259000   3.450 0.000   0.809 0.000  2.640 0.000 0.026 0.000 0.316 0.000
 61.375  62.375   58.10 0.000  6.24 0.000 9.999 0.259000 9.99 0.259000 0.037 0.000  0.358 0.000  0.501 0.000 999.99 0.259000   7.759 0.000   1.867 0.000  5.892 0.000 0.092 0.000 0.899 0.000
 64.375  65.375   17.57 0.000  1.85 0.000 9.999 0.259000 9.99 0.259000 0.008 0.000  0.259 0.000  0.362 0.000 999.99 0.259000   2.707 0.000   0.476 0.000  2.231 0.000 0.025 0.000 0.346 0.000
 67.375  68.375   28.87 0.000  3.25 0.000 0.009 0.000000 0.08 0.000000 0.036 0.000  0.290 0.000  0.406 0.000 999.99 0.259000   5.339 0.000   1.127 0.000  4.212 0.000 0.050 0.000 0.646 0.000
 70.375  71.375   18.14 0.000  2.12 0.000 9.999 0.259000 9.99 0.259000 0.015 0.000  0.207 0.000  0.290 0.000 999.99 0.259000   3.293 0.000   0.656 0.000  2.637 0.000 0.028 0.000 0.407 0.000
 73.375  74.375   14.03 0.000  1.26 0.000 9.999 0.259000 0.10 0.000000 0.011 0.000  0.246 0.000  0.345 0.000 999.99 0.259000   2.482 0.000   0.610 0.000  1.873 0.000 0.017 0.000 0.268 0.000
 76.375  77.375   12.97 0.000  0.70 0.000 0.004 0.000000 9.99 0.259000 0.010 0.000  0.253 0.000  0.353 0.000 999.99 0.259000   2.324 0.000   0.847 0.000  1.478 0.000 0.012 0.000 0.211 0.000
 79.375  80.375   17.09 0.000  0.74 0.000 0.005 0.000000 9.99 0.259000 0.024 0.000  0.279 0.000  0.391 0.000 999.99 0.259000   2.739 0.000   0.546 0.000  2.193 0.000 0.016 0.000 0.298 0.000
 82.375  83.375    6.66 0.000  0.58 0.000 0.009 0.000000 9.99 0.259000 0.031 0.000  0.152 0.000  0.213 0.000 999.99 0.259000   2.139 0.000   0.265 0.000  1.875 0.000 0.011 0.000 0.271 0.000
 85.375  86.375   11.04 0.000  0.51 0.000 0.018 0.000000 9.99 0.259000 0.060 0.000  0.247 0.000  0.346 0.000 999.99 0.259000   2.856 0.000   0.488 0.000  2.368 0.000 0.016 0.000 0.316 0.000
 88.375  89.375   39.65 0.000  1.09 0.000 9.999 0.259000 9.99 0.259000 0.014 0.000  0.200 0.000  0.280 0.000 999.99 0.259000   4.111 0.000   1.355 0.000  2.756 0.000 0.028 0.000 0.376 0.000
 91.375  92.375   20.38 0.000  0.77 0.000 9.999 0.259000 0.11 0.000000 0.014 0.000  0.200 0.000  0.280 0.000 999.99 0.259000   2.787 0.000   1.061 0.000  1.726 0.000 0.019 0.000 0.222 0.000
 94.375  95.375   20.83 0.000  0.46 0.000 9.999 0.259000 9.99 0.259000 0.009 0.000  0.172 0.000  0.241 0.000 999.99 0.259000   2.469 0.000   0.684 0.000  1.784 0.000 0.016 0.000 0.196 0.000
 97.375  98.375    5.48 0.000  0.26 0.000 9.999 0.259000 9.99 0.259000 0.004 0.000  0.133 0.000  0.186 0.000 999.99 0.259000   1.461 0.000   0.488 0.000  0.973 0.000 0.004 0.000 0.111 0.000
100.375 101.375   26.83 0.000  0.88 0.000 0.009 0.000000 9.99 0.259000 0.014 0.000  0.285 0.000  0.399 0.000 999.99 0.259000   3.355 0.000   1.221 0.000  2.134 0.000 0.022 0.000 0.231 0.000
103.375 104.375   25.30 0.000  0.68 0.000 0.016 0.000000 0.05 0.000000 0.016 0.000  0.172 0.000  0.240 0.000 999.99 0.259000   3.099 0.000   1.114 0.000  1.985 0.000 0.018 0.000 0.227 0.000
106.375 107.375   24.30 0.000  0.36 0.000 0.009 0.000000 9.99 0.259000 0.007 0.000  0.113 0.000  0.158 0.000 999.99 0.259000   3.273 0.000   2.009 0.000  1.264 0.000 0.011 0.000 0.106 0.000
109.375 110.375   21.71 0.000  0.34 0.000 9.999 0.259000 9.99 0.259000 0.018 0.000  0.168 0.000  0.234 0.000 999.99 0.259000   4.542 0.000   2.710 0.000  1.832 0.000 0.011 0.000 0.207 0.000
112.375 113.375   32.48 0.000  0.82 0.000 9.999 0.259000 9.99 0.259000 0.013 0.000  0.097 0.000  0.136 0.000 999.99 0.259000   3.093 0.000   1.180 0.000  1.913 0.000 0.023 0.000 0.141 0.000
115.375 116.375   30.60 0.000  0.59 0.000 0.013 0.000000 9.99 0.259000 0.013 0.000  0.126 0.000  0.176 0.000 999.99 0.259000   4.593 0.000   2.249 0.000  2.344 0.000 0.016 0.000 0.368 0.000
118.375 119.375   21.35 0.000  0.39 0.000 0.017 0.000000 9.99 0.259000 0.035 0.000  0.271 0.000  0.379 0.000 999.99 0.259000   3.442 0.000   1.400 0.000  2.042 0.000 0.017 0.000 0.271 0.000
121.375 122.375   29.30 0.000  0.23 0.000 0.009 0.000000 9.99 0.259000 0.007 0.000  0.036 0.000  0.050 0.000 999.99 0.259000   4.191 0.000   3.126 0.000  1.064 0.000 0.012 0.000 0.087 0.000
124.375 125.375   33.70 0.000  0.13 0.000 9.999 0.259000 9.99 0.259000 0.003 0.000  0.051 0.000  0.072 0.000 999.99 0.259000   4.281 0.000   3.531 0.000  0.749 0.000 0.010 0.000 0.049 0.000
127.375 128.375   24.05 0.000 99.99 0.259 9.999 0.259000 9.99 0.259000 0.006 0.000  0.112 0.000  0.157 0.000 999.99 0.259000   3.689 0.000   2.535 0.000  1.154 0.000 0.010 0.000 0.146 0.000
130.375 131.375  119.44 0.000  0.48 0.000 0.015 0.000000 0.08 0.000000 0.006 0.000  0.126 0.000  0.176 0.000 999.99 0.259000  12.395 0.000  10.034 0.000  2.361 0.000 0.035 0.000 0.115 0.000
133.375 134.375   18.33 0.000  0.27 0.000 9.999 0.259000 9.99 0.259000 0.005 0.000  0.281 0.000  0.393 0.000 999.99 0.259000   2.249 0.000   0.768 0.000  1.481 0.000 0.014 0.000 0.127 0.000
136.375 137.375   31.52 0.000  0.23 0.000 9.999 0.259000 9.99 0.259000 0.020 0.000  0.365 0.000  0.511 0.000 999.99 0.259000   5.410 0.000   1.068 0.000  4.342 0.000 0.019 0.000 0.626 0.000
139.375 140.375   32.06 0.559  0.52 0.559 9.999 0.559259 0.08 0.559000 0.012 0.559  0.513 0.000  0.718 0.000 999.99 0.559259   4.668 0.000   1.516 0.559  3.152 0.659 0.026 0.559 0.285 0.559
142.375 143.375    8.54 0.000  0.25 0.000 9.999 0.259000 9.99 0.259000 0.003 0.559  0.366 0.000  0.512 0.000 999.99 0.259000   1.968 0.000   0.862 0.000  1.106 0.000 0.006 0.000 0.079 0.559
145.375 146.375  173.02 0.699  3.54 0.699 9.999 0.699259 9.99 0.699259 0.020 0.559  1.052 0.000  1.473 0.000 999.99 0.699259  15.401 0.000   6.252 0.699  9.149 0.659 0.135 0.699 0.862 0.559
148.375 149.375   28.45 0.000  0.68 0.000 9.999 0.259000 0.10 0.000000 0.007 0.559  0.949 0.000  1.328 0.000 999.99 0.259000   5.099 0.000   2.164 0.000  2.934 0.000 0.020 0.000 0.169 0.559
151.375 152.375   13.18 0.000  0.54 0.000 9.999 0.259000 9.99 0.259000 0.002 0.559  0.356 0.000  0.499 0.000 999.99 0.259000   2.462 0.000   1.220 0.000  1.242 0.000 0.010 0.000 0.085 0.559
154.375 155.375    7.37 0.000  0.19 0.000 9.999 0.259000 9.99 0.259000 0.003 0.000  0.320 0.000  0.449 0.000 999.99 0.259000   1.961 0.000   1.004 0.000  0.957 0.000 0.007 0.000 0.103 0.000
157.375 158.375   24.98 0.000  0.33 0.000 0.010 0.000000 9.99 0.259000 0.008 0.559  0.354 0.000  0.495 0.000 999.99 0.259000   6.091 0.000   3.432 0.000  2.659 0.000 0.015 0.000 0.284 0.559
160.375 161.375   29.62 0.000  0.28 0.000 0.013 0.000000 9.99 0.259000 0.002 0.559  0.355 0.000  0.498 0.000 999.99 0.259000   4.974 0.000   3.757 0.000  1.217 0.000 0.014 0.000 0.087 0.559
163.375 164.375   12.41 0.000  0.09 0.000 9.999 0.259000 9.99 0.259000 0.002 0.559  0.479 0.000  0.671 0.000 999.99 0.259000   3.492 0.000   2.293 0.000  1.198 0.000 0.008 0.000 0.061 0.559
166.375 167.375   11.92 0.000  0.29 0.000 9.999 0.259000 9.99 0.259000 0.010 0.000  3.150 0.000  4.410 0.000 999.99 0.259000   7.708 0.000   1.225 0.000  6.483 0.000 0.035 0.000 0.061 0.000
169.375 170.375    7.21 0.000  0.28 0.000 0.006 0.000000 9.99 0.259000 0.003 0.559  0.152 0.000  0.212 0.000 999.99 0.259000   1.522 0.000   0.937 0.000  0.585 0.000 0.005 0.000 0.042 0.559
172.375 173.375    3.01 0.000  0.09 0.000 0.006 0.000000 9.99 0.259000 0.001 0.559  0.286 0.000  0.400 0.000 999.99 0.259000   1.741 0.000   1.083 0.000  0.658 0.000 0.005 0.000 0.019 0.559
175.375 176.375    4.72 0.000  0.21 0.000 0.007 0.000000 9.99 0.259000 0.003 0.559  1.270 0.000  1.778 0.000 999.99 0.259000   4.321 0.000   1.440 0.000  2.881 0.000 0.020 0.000 0.084 0.559
178.375 179.375    8.30 0.000  0.31 0.000 0.008 0.000000 0.06 0.000000 0.009 0.559  0.642 0.000  0.898 0.000 999.99 0.259000   4.651 0.000   2.439 0.000  2.213 0.000 0.011 0.000 0.216 0.559
181.375 182.375    5.51 0.000  0.16 0.000 9.999 0.259000 9.99 0.259000 0.003 0.559  0.143 0.000  0.257 0.000 999.99 0.259000   1.795 0.000   1.301 0.000  0.495 0.000 0.005 0.000 0.045 0.559
184.375 185.375   11.94 0.000  0.87 0.000 9.999 0.259000 0.07 0.000000 0.005 0.559  0.627 0.000  1.129 0.000 999.99 0.259000   6.631 0.000   3.675 0.000  2.956 0.000 0.020 0.000 0.393 0.559
187.375 188.375    3.09 0.000  0.31 0.000 9.999 0.259000 9.99 0.259000 0.001 0.559  0.294 0.000  0.529 0.000 999.99 0.259000   1.885 0.000   1.576 0.000  0.309 0.000 0.005 0.000 0.026 0.559
190.375 191.375    5.27 0.000  0.29 0.000 9.999 0.259000 9.99 0.259000 0.009 0.559  0.515 0.000  0.928 0.000 999.99 0.259000   2.779 0.000   1.790 0.000  0.989 0.000 0.005 0.000 0.037 0.559
193.375 194.375    4.95 0.000  0.44 0.000 9.999 0.259000 0.07 0.000000 0.004 0.559  0.697 0.000  1.254 0.000 999.99 0.259000   3.602 0.000   2.052 0.000  1.550 0.000 0.011 0.000 0.071 0.559
196.375 197.375    3.64 0.000  0.19 0.000 9.999 0.259000 9.99 0.259000 0.004 0.559  0.119 0.000  0.215 0.000 999.99 0.259000   1.886 0.000   0.912 0.000  0.974 0.000 0.004 0.000 0.202 0.559
199.375 200.375    5.90 0.000  0.79 0.000 9.999 0.259000 9.99 0.259000 0.003 0.559  0.210 0.000  0.378 0.000 999.99 0.259000   1.560 0.000   0.684 0.000  0.876 0.000 0.003 0.000 0.047 0.559
202.375 203.375    5.75 0.000  0.33 0.000 9.999 0.259000 9.99 0.259000 0.005 0.000  0.214 0.000  0.386 0.000 999.99 0.259000   2.145 0.000   1.174 0.000  0.972 0.000 0.003 0.000 0.039 0.000
205.375 206.375    5.47 0.000  0.19 0.000 9.999 0.259000 9.99 0.259000 0.001 0.000  0.107 0.000  0.193 0.000 999.99 0.259000   0.797 0.000   0.630 0.000  0.301 0.000 0.002 0.000 0.014 0.000
208.375 209.375    7.49 0.000  0.41 0.000 9.999 0.259000 9.99 0.259000 0.003 0.559  0.748 0.000  1.347 0.000 999.99 0.259000   2.861 0.000   1.642 0.000  1.218 0.000 0.005 0.000 0.051 0.559
211.375 212.375    2.70 0.000  0.22 0.000 0.012 0.000000 9.99 0.259000 0.001 0.000  0.150 0.000  0.270 0.000 999.99 0.259000   1.226 0.000   0.800 0.000  0.426 0.000 0.003 0.000 0.028 0.000
214.375 215.375    5.81 0.000  0.20 0.000 0.003 0.000000 9.99 0.259000 0.002 0.559  0.237 0.000  0.427 0.000 999.99 0.259000   1.767 0.000   0.943 0.000  0.825 0.000 0.003 0.000 0.057 0.559
217.375 218.375    1.22 0.000  0.18 0.000 9.999 0.259000 9.99 0.259000 0.001 0.559  0.363 0.000  0.654 0.000 999.99 0.259000   2.055 0.000   1.075 0.000  0.980 0.000 0.003 0.000 0.052 0.559
220.375 221.375    7.39 0.000  0.46 0.000 0.004 0.000000 9.99 0.259000 0.003 0.559  0.526 0.000  0.947 0.000 999.99 0.259000   3.590 0.000   1.448 0.000  2.142 0.000 0.009 0.000 0.119 0.559
223.375 224.375    1.46 0.000  0.18 0.000 9.999 0.259000 9.99 0.259000 0.001 0.559 99.999 0.259 99.999 0.259 999.99 0.259000   1.254 0.000   1.101 0.000  0.246 0.000 0.003 0.000 0.009 0.559
226.375 227.375    2.90 0.000  0.18 0.000 0.003 0.000000 0.06 0.000000 0.000 0.559 99.999 0.259 99.999 0.259 999.99 0.259000   1.758 0.000   1.601 0.000  0.252 0.000 0.003 0.000 0.016 0.559
229.375 230.375    1.30 0.000  0.15 0.000 9.999 0.259000 9.99 0.259000 0.000 0.559  0.012 0.000  0.021 0.000   1.70 0.000000   1.050 0.000   0.894 0.000  0.218 0.000 0.003 0.000 0.009 0.559
232.375 233.375    1.69 0.000  0.20 0.000 9.999 0.259000 9.99 0.259000 0.001 0.559  0.019 0.000  0.035 0.000 999.99 0.259000   1.056 0.000   0.901 0.000  0.248 0.000 0.002 0.000 0.015 0.559
235.375 236.375    3.49 0.000  0.31 0.000 0.007 0.000000 9.99 0.259000 0.001 0.559  0.115 0.000  0.208 0.000 999.99 0.259000   0.883 0.000   0.035 0.000  0.848 0.000 0.003 0.000 0.107 0.559
238.375 239.375    8.01 0.000  0.20 0.000 0.004 0.000000 9.99 0.259000 0.002 0.559  0.073 0.000  0.131 0.000   7.77 0.000000   2.311 0.000   0.680 0.000  1.631 0.000 0.008 0.000 0.054 0.559
241.375 242.375    5.11 0.000  0.22 0.000 0.007 0.000000 9.99 0.259000 0.001 0.000  0.151 0.000  0.272 0.000 999.99 0.259000   2.097 0.000   1.279 0.000  0.818 0.000 0.003 0.000 0.103 0.000
244.375 245.375    1.59 0.000  0.12 0.000 9.999 0.259000 9.99 0.259000 0.000 0.559  0.163 0.000  0.293 0.000 999.99 0.259000   1.303 0.000   0.900 0.000  0.403 0.000 0.003 0.000 0.029 0.559
247.375 248.375    3.50 0.000  0.16 0.000 9.999 0.259000 0.09 0.000000 0.001 0.000  0.085 0.000  0.154 0.000 999.99 0.259000   1.130 0.000   0.757 0.000  0.373 0.000 0.003 0.000 0.029 0.000
250.375 251.375    3.35 0.000  0.09 0.000 9.999 0.259000 9.99 0.259000 0.002 0.000  0.042 0.000  0.075 0.000 999.99 0.259000   1.092 0.000   0.935 0.000  0.251 0.000 0.003 0.000 0.046 0.000
