scripts/IMPROVE-2019_partial/data/US0203R.19900103090000.20191216000000.filterpack...1y.3d.US03L_filterpack_US0203.US03L_IMPROVE_Davis.lev2.nas
52 1001
MISSING INFORMATION
US03L, IMPROVE, , , , , , , 
MISSING INFORMATION
IMPROVE sel_HTAP
1 1
1990 01 01 2019 12 16
0
days from file reference point
5
1 1 1 1 1
999.999 999.999 9.999 999.999 9.999999
end_time of measurement, days from the file reference point
pm10_mass, ug/m3, Matrix=pm10
numflag pm10_mass, no unit, Matrix=pm10
pm25_mass, ug/m3, Matrix=pm25
numflag pm25_mass, no unit, Matrix=pm25
0
33
Data definition:              EBAS_1.1
Set type code:                TI
Timezone:                     UTC
File name:                    US0203R.19900103090000.20191216000000.filterpack...1y.3d.US03L_filterpack_US0203.US03L_IMPROVE_Davis.lev2.nas
File creation:                20191218120225
Startdate:                    19900103090000
Revision date:                20191216000000
Version:                      2
Version description:          "Data extracted from http://views.cira.colostate.edu/fed/DataWizard 2019-12-16"
Statistics:                   arithmetic mean
Data level:                   2
Period code:                  1y
Resolution code:              3d
Sample duration:              1d
Orig. time res.:              3d
Station code:                 US0203R
Platform code:                US0203S
Station name:                 Denali National Park-Mt. McKinley (AK03)
Station latitude:             63.7232
Station longitude:            -148.9676
Station altitude:             661.0 m
Regime:                       IMG
Component:                    
Unit:                         ug/m3
Matrix:                       
Laboratory code:              US03L
Instrument type:              filterpack
Instrument name:              filterpack_US0203
Method ref:                   US03L_IMPROVE_Davis
Blank correction:             Blank corrected
Volume std. temperature:      ambient
Volume std. pressure:         ambient
starttime endtime PM10 flag_PM10 PM2.5 flag_PM2.5
  2.375   3.375   8.407 0.000   2.192 0.000000
  5.375   6.375   3.617 0.000   2.279 0.000000
  9.375  10.375   7.483 0.000 999.999 0.999000
 12.375  13.375   3.732 0.000   0.844 0.000000
 16.375  17.375   3.720 0.000   2.038 0.000000
 19.375  20.375   3.345 0.000   0.382 0.000000
 23.375  24.375   2.421 0.000   1.141 0.000000
 26.375  27.375   3.021 0.000   1.544 0.000000
 30.375  31.375   4.336 0.000   1.980 0.000000
 33.375  34.375   5.428 0.000   1.469 0.000000
 37.375  38.375  10.906 0.000   3.485 0.000000
 40.375  41.375   3.704 0.000   2.467 0.000000
 44.375  45.375   4.067 0.000   2.517 0.000000
 47.375  48.375   4.045 0.000   3.391 0.000000
 51.375  52.375   9.091 0.000   3.477 0.000000
 54.375  55.375   5.673 0.000   2.288 0.000000
 58.375  59.375   6.725 0.000   3.511 0.000000
 61.375  62.375   3.427 0.000   0.435 0.000000
 65.375  66.375 999.999 0.999   4.811 0.000000
 68.375  69.375   4.077 0.000   1.344 0.000000
 72.375  73.375   4.198 0.000   2.058 0.000000
 75.375  76.375   4.196 0.000   2.508 0.000000
 79.375  80.375 999.999 0.999 999.999 0.999000
 82.375  83.375   5.638 0.000   2.524 0.000000
 86.375  87.375 999.999 0.999 999.999 0.999000
 89.375  90.375   1.810 0.000 999.999 0.259000
 93.375  94.375   1.615 0.000   0.566 0.000000
 96.375  97.375   7.537 0.000   2.233 0.000000
100.375 101.375 999.999 0.999   7.855 0.000000
103.375 104.375   6.883 0.000   5.156 0.000000
107.375 108.375  10.378 0.000   3.599 0.000000
110.375 111.375   6.436 0.000   1.720 0.000000
114.375 115.375 999.999 0.999   6.044 0.000000
117.375 118.375   7.184 0.000   1.605 0.000000
121.375 122.375  10.294 0.000   2.043 0.000000
124.375 125.375   4.814 0.000   2.074 0.000000
128.375 129.375  15.898 0.000   2.972 0.000000
131.375 132.375  21.546 0.000 999.999 0.999000
135.375 136.375 999.999 0.999   7.792 0.000000
138.375 139.375  17.945 0.000   3.580 0.000000
142.375 143.375  15.326 0.000   5.877 0.000000
145.375 146.375  20.836 0.000   6.277 0.000000
149.375 150.375  17.019 0.000   4.043 0.000000
152.375 153.375   6.748 0.000   3.981 0.000000
156.375 157.375   6.069 0.000   5.552 0.000000
159.375 160.375   7.746 0.000   3.189 0.000000
163.375 164.375  22.826 0.000   5.123 0.000000
166.375 167.375   7.320 0.000   3.201 0.000000
170.375 171.375  23.172 0.000   7.439 0.000000
173.375 174.375   4.667 0.000 999.999 0.999000
177.375 178.375  22.298 0.000   7.812 0.000000
180.375 181.375  18.967 0.000   7.530 0.000000
184.375 185.375  17.695 0.000   8.585 0.000000
187.375 188.375  12.781 0.000   5.077 0.000000
191.375 192.375   6.883 0.000   5.183 0.000000
194.375 195.375  72.211 0.000   1.366 0.000000
198.375 199.375 999.999 0.999 999.999 0.999000
201.375 202.375 999.999 0.999 999.999 0.999000
205.375 206.375 999.999 0.999  10.400 0.000000
208.375 209.375   2.229 0.000 999.999 0.999000
212.375 213.375   7.720 0.000 999.999 0.999000
215.375 216.375   7.730 0.000   3.865 0.000000
219.375 220.375   6.567 0.000   3.404 0.000000
222.375 223.375   5.599 0.000   1.254 0.000000
226.375 227.375  23.194 0.000  17.414 0.000000
229.375 230.375   3.742 0.000   1.693 0.000000
233.375 234.375  11.424 0.000   2.888 0.000000
236.375 237.375   9.801 0.000 999.999 0.999000
240.375 241.375   2.621 0.000   1.473 0.000000
243.375 244.375 999.999 0.999   4.169 0.559000
247.375 248.375 999.999 0.999 999.999 0.999000
250.375 251.375 999.999 0.999 999.999 0.999000
254.375 255.375   3.199 0.000   2.808 0.559000
257.375 258.375   3.523 0.000   1.031 0.559000
261.375 262.375   6.370 0.000   1.572 0.559000
264.375 265.375   1.760 0.000   0.692 0.559000
268.375 269.375   3.295 0.000   1.039 0.559000
271.375 272.375 999.999 0.999   4.341 0.559000
275.375 276.375   4.570 0.000   2.658 0.559000
278.375 279.375   2.954 0.000   2.420 0.559000
282.375 283.375 999.999 0.999  10.453 0.559000
285.375 286.375 999.999 0.999   0.680 0.559000
289.375 290.375 999.999 0.999   2.233 0.559000
292.375 293.375   2.091 0.000   0.577 0.559000
296.375 297.375   5.302 0.000   3.684 0.559000
299.375 300.375 999.999 0.999   6.391 0.559000
303.375 304.375   2.184 0.000   0.984 0.559000
306.375 307.375   3.133 0.000 999.999 0.559259
310.375 311.375  10.254 0.000   2.336 0.559000
313.375 314.375   3.814 0.000 999.999 0.559259
317.375 318.375   3.846 0.000 999.999 0.559259
320.375 321.375   7.291 0.000   1.146 0.559000
324.375 325.375   2.701 0.000 999.999 0.559259
327.375 328.375   1.939 0.000   1.283 0.559000
331.375 332.375   9.333 0.000   2.560 0.559000
334.375 335.375   9.720 0.000   7.951 0.559000
338.375 339.375   2.809 0.000   0.847 0.559000
341.375 342.375   3.408 0.000   2.435 0.559000
345.375 346.375   3.662 0.000   1.854 0.559000
348.375 349.375  11.654 0.000 999.999 0.559259
352.375 353.375   5.654 0.000 999.999 0.559259
355.375 356.375   3.220 0.000 999.999 0.559259
359.375 360.375   4.266 0.000   2.730 0.559000
362.375 363.375   3.782 0.000   1.544 0.559000
