scripts/IMPROVE-2019_partial/data/US0203R.19930102090000.20191216000000.filterpack...1y.3d.US03L_filterpack_US0203.US03L_IMPROVE_Davis.lev2.nas
52 1001
MISSING INFORMATION
US03L, IMPROVE, , , , , , , 
MISSING INFORMATION
IMPROVE sel_HTAP
1 1
1993 01 01 2019 12 16
0
days from file reference point
5
1 1 1 1 1
999.999 999.999 9.999 999.999 9.999
end_time of measurement, days from the file reference point
pm10_mass, ug/m3, Matrix=pm10
numflag pm10_mass, no unit, Matrix=pm10
pm25_mass, ug/m3, Matrix=pm25
numflag pm25_mass, no unit, Matrix=pm25
0
33
Data definition:              EBAS_1.1
Set type code:                TI
Timezone:                     UTC
File name:                    US0203R.19930102090000.20191216000000.filterpack...1y.3d.US03L_filterpack_US0203.US03L_IMPROVE_Davis.lev2.nas
File creation:                20191218120225
Startdate:                    19930102090000
Revision date:                20191216000000
Version:                      2
Version description:          "Data extracted from http://views.cira.colostate.edu/fed/DataWizard 2019-12-16"
Statistics:                   arithmetic mean
Data level:                   2
Period code:                  1y
Resolution code:              3d
Sample duration:              1d
Orig. time res.:              3d
Station code:                 US0203R
Platform code:                US0203S
Station name:                 Denali National Park-Mt. McKinley (AK03)
Station latitude:             63.7232
Station longitude:            -148.9676
Station altitude:             661.0 m
Regime:                       IMG
Component:                    
Unit:                         ug/m3
Matrix:                       
Laboratory code:              US03L
Instrument type:              filterpack
Instrument name:              filterpack_US0203
Method ref:                   US03L_IMPROVE_Davis
Blank correction:             Blank corrected
Volume std. temperature:      ambient
Volume std. pressure:         ambient
starttime endtime PM10 flag_PM10 PM2.5 flag_PM2.5
  1.375   2.375   1.548 0.000   0.954 0.000
  5.375   6.375   0.805 0.000 999.999 0.259
  8.375   9.375   2.664 0.000   0.943 0.000
 12.375  13.375   4.419 0.000 999.999 0.999
 15.375  16.375   1.508 0.000 999.999 0.999
 19.375  20.375   5.602 0.000   4.913 0.000
 22.375  23.375   3.052 0.000   2.034 0.000
 26.375  27.375   1.387 0.000   0.791 0.000
 29.375  30.375   2.399 0.000   2.138 0.000
 33.375  34.375   7.333 0.000   3.245 0.000
 36.375  37.375   4.715 0.000   2.567 0.000
 40.375  41.375   2.639 0.000   0.874 0.000
 43.375  44.375 999.999 0.999 999.999 0.999
 47.375  48.375   3.212 0.000 999.999 0.999
 50.375  51.375   3.071 0.000   2.909 0.000
 54.375  55.375 999.999 0.999   2.112 0.000
 57.375  58.375   5.058 0.000   0.363 0.000
 61.375  62.375   1.434 0.000   1.148 0.000
 64.375  65.375   2.791 0.000   1.086 0.000
 68.375  69.375   3.855 0.000   1.144 0.000
 71.375  72.375   5.134 0.000   1.759 0.000
 75.375  76.375   4.683 0.000   2.541 0.000
 78.375  79.375   4.000 0.000   0.945 0.000
 82.375  83.375  12.610 0.000 999.999 0.999
 85.375  86.375   8.273 0.000   3.541 0.000
 89.375  90.375   4.440 0.000   2.305 0.000
 92.375  93.375   3.447 0.000   0.871 0.000
 96.375  97.375   3.257 0.000   1.526 0.000
 99.375 100.375   2.820 0.000   1.169 0.000
103.375 104.375   7.306 0.000   0.619 0.000
106.375 107.375   2.372 0.000   0.742 0.000
110.375 111.375   5.263 0.000   3.045 0.000
113.375 114.375   5.020 0.000   2.019 0.000
117.375 118.375   6.226 0.000   2.903 0.000
120.375 121.375   3.953 0.000   2.161 0.000
124.375 125.375   6.779 0.000   2.117 0.000
127.375 128.375   2.319 0.000   0.945 0.000
131.375 132.375   2.616 0.000   1.038 0.000
134.375 135.375   8.030 0.000 999.999 0.999
138.375 139.375   8.346 0.000   2.803 0.000
141.375 142.375   3.507 0.000   0.820 0.000
145.375 146.375   2.088 0.000   0.860 0.000
148.375 149.375   4.901 0.000   1.847 0.000
152.375 153.375  15.367 0.000   4.497 0.000
155.375 156.375   5.947 0.000   2.453 0.000
159.375 160.375   3.320 0.000   2.184 0.000
162.375 163.375   4.863 0.000   1.741 0.000
166.375 167.375   3.646 0.000   2.019 0.000
169.375 170.375   3.918 0.000   2.744 0.000
173.375 174.375   4.684 0.000   1.911 0.000
176.375 177.375   6.032 0.000   2.532 0.000
180.375 181.375   3.423 0.000   1.859 0.000
183.375 184.375   1.912 0.000   0.417 0.000
187.375 188.375   7.048 0.000   1.724 0.000
190.375 191.375   6.449 0.000   2.539 0.000
194.375 195.375   9.924 0.000   6.997 0.000
197.375 198.375  16.905 0.000  11.551 0.000
201.375 202.375  15.977 0.000  11.384 0.000
204.375 205.375   9.195 0.000   3.738 0.000
208.375 209.375  13.100 0.000   9.270 0.000
211.375 212.375   8.842 0.000   7.302 0.000
215.375 216.375   5.301 0.000   1.698 0.000
218.375 219.375   3.826 0.000   0.692 0.000
222.375 223.375   9.621 0.000   3.270 0.000
225.375 226.375   3.385 0.000   0.794 0.000
229.375 230.375   3.745 0.000   3.155 0.000
232.375 233.375   4.539 0.000   3.470 0.000
236.375 237.375   4.353 0.000   2.681 0.000
239.375 240.375   4.769 0.000   2.300 0.000
243.375 244.375   3.585 0.000   2.019 0.000
246.375 247.375   4.345 0.000   2.095 0.000
250.375 251.375   5.035 0.000 999.999 0.999
253.375 254.375   4.093 0.000   1.550 0.000
257.375 258.375   5.658 0.000   1.615 0.000
260.375 261.375   5.502 0.000   3.750 0.000
264.375 265.375   3.456 0.000   0.872 0.000
267.375 268.375   4.389 0.000   1.495 0.000
271.375 272.375   2.038 0.000   1.411 0.000
274.375 275.375   2.980 0.000   1.254 0.000
278.375 279.375 999.999 0.999 999.999 0.999
281.375 282.375   4.032 0.000   1.028 0.000
285.375 286.375 999.999 0.999 999.999 0.999
288.375 289.375   2.557 0.000   1.352 0.000
292.375 293.375   2.753 0.000   0.665 0.000
295.375 296.375   2.500 0.000   0.863 0.000
299.375 300.375   2.941 0.000   1.083 0.000
302.375 303.375   1.984 0.000   0.958 0.000
306.375 307.375   2.819 0.000   1.614 0.000
309.375 310.375   1.673 0.000   1.266 0.000
313.375 314.375   2.319 0.000   1.175 0.000
316.375 317.375   1.299 0.000   1.069 0.000
320.375 321.375   5.114 0.000   2.476 0.000
323.375 324.375   2.171 0.000   1.543 0.000
327.375 328.375   2.656 0.000   0.871 0.000
330.375 331.375   2.561 0.000   1.683 0.000
334.375 335.375   1.705 0.000   0.948 0.000
337.375 338.375   3.202 0.000   1.275 0.000
341.375 342.375   1.873 0.000   1.115 0.000
344.375 345.375   2.008 0.000   0.594 0.000
348.375 349.375   2.724 0.000   0.386 0.000
351.375 352.375   2.432 0.000   0.987 0.000
355.375 356.375   3.080 0.000   1.529 0.000
358.375 359.375   1.583 0.000   0.764 0.000
362.375 363.375   2.073 0.000 999.999 0.259
