scripts/IMPROVE-2019_partial/data/US0203R.19910102090000.20191216000000.filterpack...1y.3d.US03L_filterpack_US0203.US03L_IMPROVE_Davis.lev2.nas
52 1001
MISSING INFORMATION
US03L, IMPROVE, , , , , , , 
MISSING INFORMATION
IMPROVE sel_HTAP
1 1
1991 01 01 2019 12 16
0
days from file reference point
5
1 1 1 1 1
999.999 999.999 9.999 999.999 9.999999
end_time of measurement, days from the file reference point
pm10_mass, ug/m3, Matrix=pm10
numflag pm10_mass, no unit, Matrix=pm10
pm25_mass, ug/m3, Matrix=pm25
numflag pm25_mass, no unit, Matrix=pm25
0
33
Data definition:              EBAS_1.1
Set type code:                TI
Timezone:                     UTC
File name:                    US0203R.19910102090000.20191216000000.filterpack...1y.3d.US03L_filterpack_US0203.US03L_IMPROVE_Davis.lev2.nas
File creation:                20191218120225
Startdate:                    19910102090000
Revision date:                20191216000000
Version:                      2
Version description:          "Data extracted from http://views.cira.colostate.edu/fed/DataWizard 2019-12-16"
Statistics:                   arithmetic mean
Data level:                   2
Period code:                  1y
Resolution code:              3d
Sample duration:              1d
Orig. time res.:              3d
Station code:                 US0203R
Platform code:                US0203S
Station name:                 Denali National Park-Mt. McKinley (AK03)
Station latitude:             63.7232
Station longitude:            -148.9676
Station altitude:             661.0 m
Regime:                       IMG
Component:                    
Unit:                         ug/m3
Matrix:                       
Laboratory code:              US03L
Instrument type:              filterpack
Instrument name:              filterpack_US0203
Method ref:                   US03L_IMPROVE_Davis
Blank correction:             Blank corrected
Volume std. temperature:      ambient
Volume std. pressure:         ambient
starttime endtime PM10 flag_PM10 PM2.5 flag_PM2.5
  1.375   2.375  16.690 0.000   1.594 0.559000
  4.375   5.375   3.868 0.000   3.031 0.559000
  8.375   9.375   4.695 0.000   1.483 0.559000
 11.375  12.375   4.764 0.000   2.759 0.559000
 15.375  16.375   3.784 0.000   2.204 0.559000
 18.375  19.375 999.999 0.999   1.661 0.559000
 22.375  23.375   3.243 0.000   1.869 0.559000
 25.375  26.375   2.993 0.000   0.885 0.559000
 29.375  30.375   5.977 0.000   3.163 0.559000
 32.375  33.375  11.111 0.000   5.578 0.559000
 36.375  37.375  16.533 0.000   5.974 0.559000
 39.375  40.375 999.999 0.999   1.780 0.559000
 43.375  44.375   1.780 0.000   0.408 0.559000
 46.375  47.375   4.478 0.000   3.545 0.559000
 50.375  51.375   4.817 0.000 999.999 0.559259
 53.375  54.375 999.999 0.999 999.999 0.559259
 57.375  58.375   7.232 0.000   1.824 0.559000
 60.375  61.375   4.574 0.000   1.618 0.559000
 64.375  65.375   2.966 0.000   1.869 0.559000
 67.375  68.375   3.227 0.000   1.836 0.559000
 71.375  72.375   5.219 0.000   2.365 0.559000
 74.375  75.375   3.740 0.000 999.999 0.559259
 78.375  79.375   5.978 0.000   1.780 0.559000
 81.375  82.375   4.000 0.000   1.218 0.559000
 85.375  86.375   3.732 0.000   0.710 0.559000
 88.375  89.375   2.698 0.000   2.226 0.559000
 92.375  93.375   3.513 0.000   1.359 0.559000
 95.375  96.375   2.933 0.000   0.841 0.559000
 99.375 100.375   2.886 0.000 999.999 0.559259
102.375 103.375   5.308 0.000   1.582 0.559000
106.375 107.375   6.186 0.000   1.789 0.559000
109.375 110.375   1.903 0.000   1.297 0.559000
113.375 114.375   2.500 0.000   0.730 0.559000
116.375 117.375   3.758 0.000   1.079 0.559000
120.375 121.375   2.014 0.000   1.577 0.559000
123.375 124.375   5.119 0.000   3.028 0.559000
127.375 128.375   7.433 0.000   1.677 0.559000
130.375 131.375   8.144 0.000   0.694 0.559000
134.375 135.375   2.799 0.000   2.082 0.559000
137.375 138.375 999.999 0.999   1.630 0.559000
141.375 142.375   9.634 0.000   3.448 0.559000
144.375 145.375   6.475 0.000   3.344 0.559000
148.375 149.375   1.200 0.000   0.438 0.559000
151.375 152.375   1.292 0.000   1.000 0.559000
155.375 156.375   2.367 0.000   2.118 0.559000
158.375 159.375   4.312 0.000   3.240 0.559000
162.375 163.375   4.517 0.000   2.087 0.559000
165.375 166.375  14.317 0.000   1.398 0.559000
169.375 170.375   2.401 0.000   1.667 0.559000
172.375 173.375   9.147 0.000   4.352 0.559000
176.375 177.375  31.916 0.000   6.006 0.559000
179.375 180.375  13.652 0.000  10.159 0.559000
183.375 184.375  19.783 0.000  16.297 0.559000
186.375 187.375   5.824 0.000   4.196 0.559000
190.375 191.375  13.913 0.000  12.730 0.559000
193.375 194.375   6.589 0.000 999.999 0.559259
197.375 198.375   2.000 0.000 999.999 0.559259
200.375 201.375   3.716 0.000   1.460 0.559000
204.375 205.375   1.824 0.000   0.864 0.559000
207.375 208.375   5.461 0.000   3.113 0.559000
211.375 212.375   0.906 0.000   0.473 0.559000
214.375 215.375   1.718 0.000   0.794 0.559000
218.375 219.375   5.129 0.000   1.526 0.559000
221.375 222.375   3.864 0.000   2.315 0.559000
225.375 226.375  18.397 0.000   1.513 0.559000
228.375 229.375   2.901 0.000   1.541 0.559000
232.375 233.375   5.263 0.000   3.861 0.559000
235.375 236.375   9.889 0.000   7.043 0.559000
239.375 240.375   2.327 0.000   1.158 0.559000
242.375 243.375   4.776 0.000   0.844 0.559000
246.375 247.375   3.407 0.000   1.140 0.559000
249.375 250.375   7.266 0.000   5.505 0.559000
253.375 254.375   1.230 0.000 999.999 0.559259
256.375 257.375   2.742 0.000   0.912 0.559000
260.375 261.375   5.581 0.000   2.039 0.559000
263.375 264.375   1.538 0.000   1.262 0.559000
267.375 268.375   3.760 0.000 999.999 0.559259
270.375 271.375   1.597 0.000   0.358 0.559000
274.375 275.375   1.908 0.000 999.999 0.559259
277.375 278.375   3.191 0.000   0.330 0.559000
281.375 282.375   1.523 0.000   1.137 0.559000
284.375 285.375   4.414 0.000   1.745 0.559000
288.375 289.375   4.091 0.000   0.526 0.559000
291.375 292.375   3.015 0.000 999.999 0.559259
295.375 296.375   9.545 0.000 999.999 0.559259
298.375 299.375   2.765 0.000   0.906 0.559000
302.375 303.375   7.192 0.000 999.999 0.559259
305.375 306.375   3.279 0.000   0.700 0.559000
309.375 310.375   2.398 0.000 999.999 0.559259
312.375 313.375   4.057 0.000   1.497 0.559000
316.375 317.375   1.942 0.000   1.429 0.559000
319.375 320.375   3.475 0.000   1.812 0.559000
323.375 324.375   4.245 0.000   1.042 0.559000
326.375 327.375   4.417 0.000   1.812 0.559000
330.375 331.375  14.315 0.000 999.999 0.559259
333.375 334.375   2.194 0.000   0.741 0.559000
337.375 338.375   3.745 0.000 999.999 0.559259
340.375 341.375   3.376 0.000   2.165 0.559000
344.375 345.375   3.821 0.000 999.999 0.559259
347.375 348.375   3.934 0.000   0.542 0.559000
351.375 352.375   3.308 0.000   2.061 0.559000
354.375 355.375   4.143 0.000   2.847 0.559000
358.375 359.375   1.299 0.000   0.612 0.559000
361.375 362.375   4.127 0.000   3.255 0.559000
