scripts/IMPROVE-2019_partial/data/US0203R.19890104090000.20191216000000.filterpack...1y.3d.US03L_filterpack_US0203.US03L_IMPROVE_Davis.lev2.nas
51 1001
MISSING INFORMATION
US03L, IMPROVE, , , , , , , 
MISSING INFORMATION
IMPROVE sel_HTAP
1 1
1989 01 01 2019 12 16
0
days from file reference point
4
1 1 1 1
999.999 999.999 99.999 9.999
end_time of measurement, days from the file reference point
pm10_mass, ug/m3, Matrix=pm10
pm25_mass, ug/m3, Matrix=pm25
numflag, no unit
0
33
Data definition:              EBAS_1.1
Set type code:                TI
Timezone:                     UTC
File name:                    US0203R.19890104090000.20191216000000.filterpack...1y.3d.US03L_filterpack_US0203.US03L_IMPROVE_Davis.lev2.nas
File creation:                20191218120225
Startdate:                    19890104090000
Revision date:                20191216000000
Version:                      2
Version description:          "Data extracted from http://views.cira.colostate.edu/fed/DataWizard 2019-12-16"
Statistics:                   arithmetic mean
Data level:                   2
Period code:                  1y
Resolution code:              3d
Sample duration:              1d
Orig. time res.:              3d
Station code:                 US0203R
Platform code:                US0203S
Station name:                 Denali National Park-Mt. McKinley (AK03)
Station latitude:             63.7232
Station longitude:            -148.9676
Station altitude:             661.0 m
Regime:                       IMG
Component:                    
Unit:                         ug/m3
Matrix:                       
Laboratory code:              US03L
Instrument type:              filterpack
Instrument name:              filterpack_US0203
Method ref:                   US03L_IMPROVE_Davis
Blank correction:             Blank corrected
Volume std. temperature:      ambient
Volume std. pressure:         ambient
starttime endtime PM10 PM2.5 flag
  3.375   4.375  15.547  1.283 0.000
  6.375   7.375   5.581  1.144 0.000
 10.375  11.375   2.088  0.727 0.000
 13.375  14.375   5.020  2.648 0.000
 17.375  18.375  11.814  3.160 0.000
 20.375  21.375   5.404  3.919 0.000
 24.375  25.375   3.959  2.050 0.000
 27.375  28.375   6.681  3.905 0.000
 31.375  32.375   5.538  1.993 0.000
 34.375  35.375   4.729  1.367 0.000
 38.375  39.375  38.478  1.262 0.000
 41.375  42.375   2.126  0.671 0.000
 45.375  46.375   2.422  0.927 0.000
 48.375  49.375   1.992  0.825 0.000
 52.375  53.375   6.944  1.262 0.000
 55.375  56.375   3.036  1.640 0.000
 59.375  60.375   5.605  1.617 0.000
 62.375  63.375   6.694  4.488 0.000
 66.375  67.375   7.668  4.069 0.000
 69.375  70.375   8.821  1.949 0.000
 73.375  74.375   4.747  1.329 0.000
 76.375  77.375  10.700  2.310 0.000
 80.375  81.375   3.556  2.557 0.000
 83.375  84.375   2.056  0.519 0.000
 87.375  88.375   5.253  3.161 0.000
 90.375  91.375   3.147  1.571 0.000
 94.375  95.375   4.713  2.492 0.000
 97.375  98.375   5.326  2.430 0.000
101.375 102.375   9.508  0.752 0.000
104.375 105.375   8.346  1.379 0.000
108.375 109.375   7.463  1.908 0.000
111.375 112.375   6.445  2.062 0.000
115.375 116.375   2.239  0.960 0.000
118.375 119.375   3.741  1.846 0.000
122.375 123.375  14.318  2.219 0.000
125.375 126.375   4.514  2.578 0.000
129.375 130.375 999.999 99.999 0.999
132.375 133.375 999.999 99.999 0.999
136.375 137.375   7.444  1.451 0.000
139.375 140.375   5.606  0.941 0.000
143.375 144.375   4.615  1.284 0.000
146.375 147.375   7.471  2.175 0.000
150.375 151.375   5.655  1.135 0.000
153.375 154.375   3.231  0.603 0.000
157.375 158.375   4.659  1.640 0.000
160.375 161.375   3.179  1.111 0.000
164.375 165.375   6.069  2.278 0.000
167.375 168.375   5.664  1.361 0.000
171.375 172.375  10.684  3.237 0.000
174.375 175.375   2.801  0.609 0.000
178.375 179.375   4.840  1.238 0.000
181.375 182.375   9.544  2.222 0.000
185.375 186.375   8.333  4.451 0.000
188.375 189.375   6.384  2.888 0.000
192.375 193.375   9.307  3.774 0.000
195.375 196.375   4.516  1.745 0.000
199.375 200.375   5.900  2.965 0.000
202.375 203.375   4.065  1.703 0.000
206.375 207.375   5.681  2.154 0.000
209.375 210.375   5.229  2.197 0.000
213.375 214.375 999.999 99.999 0.999
216.375 217.375   5.884 99.999 0.000
220.375 221.375   3.974  1.230 0.000
223.375 224.375   5.954  0.924 0.000
227.375 228.375   5.931  2.756 0.000
230.375 231.375 999.999 99.999 0.999
234.375 235.375   3.432  1.661 0.000
237.375 238.375   1.875  0.575 0.000
241.375 242.375   4.155  1.266 0.000
244.375 245.375   3.267  0.617 0.000
248.375 249.375   5.980  2.086 0.000
251.375 252.375   5.176  1.466 0.000
255.375 256.375   2.164  0.717 0.000
258.375 259.375   7.440  1.429 0.000
262.375 263.375   3.140  1.273 0.000
265.375 266.375   2.000  0.807 0.000
269.375 270.375   2.019  0.975 0.000
272.375 273.375   2.303  0.849 0.000
276.375 277.375   2.678  1.246 0.000
279.375 280.375   3.627  0.769 0.000
283.375 284.375   4.491 99.999 0.000
286.375 287.375  11.286  1.452 0.000
290.375 291.375 999.999  0.581 0.000
293.375 294.375   1.258  0.675 0.000
297.375 298.375   2.265  1.534 0.000
300.375 301.375   2.262  1.218 0.000
304.375 305.375   3.004  1.533 0.000
307.375 308.375   1.900  0.533 0.000
311.375 312.375   4.983 99.999 0.000
314.375 315.375   3.964  1.683 0.000
318.375 319.375   7.578  1.353 0.000
321.375 322.375   4.364  1.082 0.000
325.375 326.375   3.986  1.192 0.000
328.375 329.375   6.337  2.450 0.000
332.375 333.375  11.624  0.519 0.000
335.375 336.375   1.705  0.390 0.000
339.375 340.375   1.386  0.615 0.000
342.375 343.375   1.748  0.585 0.000
346.375 347.375 999.999 99.999 0.999
349.375 350.375  11.455  2.303 0.000
353.375 354.375  33.440  4.197 0.000
356.375 357.375   6.915  2.932 0.000
360.375 361.375   8.857  2.467 0.000
363.375 364.375   5.709  3.355 0.000
