scripts/IMPROVE-2019_partial/data/US0203R.19940101090000.20191216000000.filterpack...1y.3d.US03L_filterpack_US0203.US03L_IMPROVE_Davis.lev2.nas
51 1001
MISSING INFORMATION
US03L, IMPROVE, , , , , , , 
MISSING INFORMATION
IMPROVE sel_HTAP
1 1
1994 01 01 2019 12 16
0
days from file reference point
4
1 1 1 1
999.999 999.999 99.999 9.999
end_time of measurement, days from the file reference point
pm10_mass, ug/m3, Matrix=pm10
pm25_mass, ug/m3, Matrix=pm25
numflag, no unit
0
33
Data definition:              EBAS_1.1
Set type code:                TI
Timezone:                     UTC
File name:                    US0203R.19940101090000.20191216000000.filterpack...1y.3d.US03L_filterpack_US0203.US03L_IMPROVE_Davis.lev2.nas
File creation:                20191218120226
Startdate:                    19940101090000
Revision date:                20191216000000
Version:                      2
Version description:          "Data extracted from http://views.cira.colostate.edu/fed/DataWizard 2019-12-16"
Statistics:                   arithmetic mean
Data level:                   2
Period code:                  1y
Resolution code:              3d
Sample duration:              1d
Orig. time res.:              3d
Station code:                 US0203R
Platform code:                US0203S
Station name:                 Denali National Park-Mt. McKinley (AK03)
Station latitude:             63.7232
Station longitude:            -148.9676
Station altitude:             661.0 m
Regime:                       IMG
Component:                    
Unit:                         ug/m3
Matrix:                       
Laboratory code:              US03L
Instrument type:              filterpack
Instrument name:              filterpack_US0203
Method ref:                   US03L_IMPROVE_Davis
Blank correction:             Blank corrected
Volume std. temperature:      ambient
Volume std. pressure:         ambient
starttime endtime PM10 PM2.5 flag
  0.375   1.375   2.634  0.526 0.000
  4.375   5.375   1.028  0.680 0.000
  7.375   8.375   3.210  2.265 0.000
 11.375  12.375   4.781  2.117 0.000
 14.375  15.375   2.908  0.874 0.000
 18.375  19.375   4.574  1.278 0.000
 21.375  22.375   1.912  0.694 0.000
 25.375  26.375   0.840  0.627 0.000
 28.375  29.375   2.367  0.564 0.000
 32.375  33.375   1.206  1.108 0.000
 35.375  36.375   0.720  0.671 0.000
 39.375  40.375   1.633  1.075 0.000
 42.375  43.375   2.829  1.526 0.000
 46.375  47.375   3.992  1.405 0.000
 49.375  50.375   5.255  2.222 0.000
 53.375  54.375   3.669  1.694 0.000
 56.375  57.375   4.797  2.204 0.000
 60.375  61.375   6.360  4.771 0.000
 63.375  64.375   5.254  3.268 0.000
 67.375  68.375   2.302  0.971 0.000
 70.375  71.375   1.336  0.912 0.000
 74.375  75.375   6.167  5.113 0.000
 77.375  78.375   6.824  4.645 0.000
 81.375  82.375   2.985  1.792 0.000
 84.375  85.375   3.705  2.138 0.000
 88.375  89.375   2.944  1.207 0.000
 91.375  92.375   3.036  0.706 0.000
 95.375  96.375 999.999 99.999 0.999
 98.375  99.375   4.229  2.595 0.000
102.375 103.375   8.295  4.062 0.000
105.375 106.375   6.602  4.497 0.000
109.375 110.375   4.981  1.584 0.000
112.375 113.375   6.328  1.894 0.000
116.375 117.375   5.680  3.106 0.000
119.375 120.375   3.452  1.429 0.000
123.375 124.375  11.744  1.759 0.000
126.375 127.375   7.433  1.098 0.000
130.375 131.375 999.999 99.999 0.999
133.375 134.375   4.609  1.049 0.000
137.375 138.375 999.999 99.999 0.999
140.375 141.375   2.780  1.118 0.000
144.375 145.375   9.183  3.975 0.000
147.375 148.375   6.230  1.987 0.000
151.375 152.375   3.984  1.447 0.000
154.375 155.375   3.068  1.615 0.000
158.375 159.375   7.568 99.999 0.000
161.375 162.375   7.245  2.072 0.000
165.375 166.375  12.677  9.259 0.000
168.375 169.375  10.797  8.086 0.000
172.375 173.375   3.596  1.779 0.000
175.375 176.375   2.481  0.982 0.000
179.375 180.375   4.926  2.769 0.000
182.375 183.375   8.577  3.569 0.000
186.375 187.375   3.825  1.292 0.000
189.375 190.375   8.455  3.015 0.000
193.375 194.375   8.450 99.999 0.000
196.375 197.375   4.690  2.410 0.000
200.375 201.375   7.326  1.315 0.000
203.375 204.375   5.956  0.636 0.000
207.375 208.375   2.344  0.823 0.000
210.375 211.375   8.276  4.255 0.000
214.375 215.375   2.674 99.999 0.000
217.375 218.375   7.643  4.458 0.000
221.375 222.375   3.260  1.807 0.000
224.375 225.375   3.100  2.018 0.000
228.375 229.375   8.819  4.646 0.000
231.375 232.375   7.733  4.365 0.000
235.375 236.375   4.706 99.999 0.000
238.375 239.375   4.031  0.675 0.000
242.375 243.375   6.071  1.877 0.000
245.375 246.375   8.394  1.718 0.000
249.375 250.375   5.630  1.147 0.000
252.375 253.375   2.241  1.160 0.000
256.375 257.375   1.480  0.963 0.000
259.375 260.375   1.508  0.975 0.000
263.375 264.375   5.474  2.160 0.000
266.375 267.375   7.068  1.389 0.000
270.375 271.375   1.873  1.285 0.000
273.375 274.375   4.708  1.442 0.000
277.375 278.375   4.377  0.646 0.000
280.375 281.375   1.852  0.772 0.000
284.375 285.375   5.192  1.387 0.000
287.375 288.375   4.683  2.109 0.000
291.375 292.375   1.940  1.108 0.000
294.375 295.375   2.239  0.694 0.000
298.375 299.375   2.068  1.401 0.000
301.375 302.375   1.494  1.086 0.000
305.375 306.375   1.796  0.877 0.000
308.375 309.375   6.929  1.753 0.000
312.375 313.375   2.326  1.850 0.000
315.375 316.375   3.193  2.492 0.000
319.375 320.375   1.965  0.733 0.000
322.375 323.375   1.918  1.167 0.000
326.375 327.375   5.760  2.171 0.000
329.375 330.375   2.824  2.353 0.000
333.375 334.375   7.718  2.678 0.000
336.375 337.375   1.950  0.669 0.000
340.375 341.375 999.999  2.492 0.000
343.375 344.375 999.999  1.148 0.000
347.375 348.375   0.861  0.836 0.000
350.375 351.375   4.264  1.873 0.000
354.375 355.375   3.036  1.410 0.000
357.375 358.375   1.457  0.912 0.000
361.375 362.375   1.577  0.469 0.000
364.375 365.375 999.999  0.781 0.000
