scripts/IMPROVE-2019_partial/data/US0203R.19960103090000.20191216000000.filterpack...1y.3d.US03L_filterpack_US0203.US03L_IMPROVE_Davis.lev2.nas
52 1001
MISSING INFORMATION
US03L, IMPROVE, , , , , , , 
MISSING INFORMATION
IMPROVE sel_HTAP
1 1
1996 01 01 2019 12 16
0
days from file reference point
5
1 1 1 1 1
999.999 999.999 9.999 99.999 9.999
end_time of measurement, days from the file reference point
pm10_mass, ug/m3, Matrix=pm10
numflag pm10_mass, no unit, Matrix=pm10
pm25_mass, ug/m3, Matrix=pm25
numflag pm25_mass, no unit, Matrix=pm25
0
33
Data definition:              EBAS_1.1
Set type code:                TI
Timezone:                     UTC
File name:                    US0203R.19960103090000.20191216000000.filterpack...1y.3d.US03L_filterpack_US0203.US03L_IMPROVE_Davis.lev2.nas
File creation:                20191218120226
Startdate:                    19960103090000
Revision date:                20191216000000
Version:                      2
Version description:          "Data extracted from http://views.cira.colostate.edu/fed/DataWizard 2019-12-16"
Statistics:                   arithmetic mean
Data level:                   2
Period code:                  1y
Resolution code:              3d
Sample duration:              1d
Orig. time res.:              3d
Station code:                 US0203R
Platform code:                US0203S
Station name:                 Denali National Park-Mt. McKinley (AK03)
Station latitude:             63.7232
Station longitude:            -148.9676
Station altitude:             661.0 m
Regime:                       IMG
Component:                    
Unit:                         ug/m3
Matrix:                       
Laboratory code:              US03L
Instrument type:              filterpack
Instrument name:              filterpack_US0203
Method ref:                   US03L_IMPROVE_Davis
Blank correction:             Blank corrected
Volume std. temperature:      ambient
Volume std. pressure:         ambient
starttime endtime PM10 flag_PM10 PM2.5 flag_PM2.5
  2.375   3.375   3.551 0.000 99.999 0.259
  5.375   6.375   2.614 0.000  0.742 0.000
  9.375  10.375   3.335 0.000  1.927 0.000
 12.375  13.375   2.609 0.000  1.769 0.000
 16.375  17.375   1.454 0.000 99.999 0.999
 19.375  20.375   1.478 0.000  0.778 0.000
 23.375  24.375   8.964 0.000  1.178 0.000
 26.375  27.375   1.754 0.000  0.775 0.000
 30.375  31.375   2.954 0.000  1.105 0.000
 33.375  34.375   7.898 0.000  1.073 0.000
 37.375  38.375   3.321 0.000  1.943 0.000
 40.375  41.375  14.158 0.000  1.879 0.000
 44.375  45.375   5.005 0.000  0.721 0.000
 47.375  48.375   4.350 0.000  1.924 0.000
 51.375  52.375   6.605 0.000  2.958 0.000
 54.375  55.375  10.681 0.000  2.471 0.000
 58.375  59.375   2.640 0.000  1.713 0.000
 61.375  62.375   3.681 0.000 99.999 0.999
 65.375  66.375   8.869 0.000  0.899 0.000
 68.375  69.375   4.152 0.000  1.085 0.000
 72.375  73.375   1.281 0.000  0.349 0.000
 75.375  76.375   3.836 0.000  1.440 0.000
 79.375  80.375   3.589 0.000  2.203 0.000
 82.375  83.375   6.866 0.000  1.805 0.000
 86.375  87.375   7.469 0.000  1.728 0.000
 89.375  90.375   5.119 0.000  1.871 0.000
 93.375  94.375  11.680 0.000  3.087 0.000
 96.375  97.375   6.701 0.000  1.446 0.000
100.375 101.375 999.999 0.999  2.840 0.000
103.375 104.375   5.029 0.000  2.068 0.000
107.375 108.375   2.778 0.000  0.461 0.000
110.375 111.375   4.274 0.000  1.075 0.000
114.375 115.375   9.630 0.000  2.778 0.000
117.375 118.375   4.949 0.000  1.116 0.000
121.375 122.375   3.936 0.000  2.365 0.000
124.375 125.375   6.573 0.000  3.533 0.000
128.375 129.375   5.159 0.000  2.886 0.000
131.375 132.375   6.682 0.000  4.337 0.000
135.375 136.375   5.245 0.000  2.102 0.000
138.375 139.375   3.529 0.000  1.880 0.000
142.375 143.375   3.979 0.000  2.215 0.000
145.375 146.375   3.045 0.000  1.570 0.000
149.375 150.375   5.527 0.000  3.187 0.000
152.375 153.375   5.430 0.000  3.036 0.000
156.375 157.375   4.869 0.000  3.002 0.000
159.375 160.375   7.402 0.000  5.325 0.000
163.375 164.375   2.268 0.000  0.979 0.000
166.375 167.375   2.279 0.000  1.128 0.000
170.375 171.375   5.143 0.000  2.325 0.000
173.375 174.375   4.884 0.000  3.472 0.000
177.375 178.375   2.580 0.000  0.566 0.000
180.375 181.375   1.828 0.000  0.685 0.000
184.375 185.375  10.035 0.000  6.824 0.000
187.375 188.375   3.243 0.000  2.044 0.000
191.375 192.375   4.215 0.000  0.868 0.000
194.375 195.375   1.311 0.000 99.999 0.999
198.375 199.375   3.314 0.000  1.365 0.000
201.375 202.375   6.288 0.000  2.354 0.000
205.375 206.375   3.117 0.000  1.553 0.000
208.375 209.375   1.665 0.000  0.637 0.000
212.375 213.375   4.118 0.000  0.910 0.000
215.375 216.375   4.188 0.000  0.546 0.000
219.375 220.375   9.743 0.000  1.467 0.000
222.375 223.375   5.781 0.000  2.146 0.000
226.375 227.375   4.313 0.000  1.389 0.000
229.375 230.375   3.490 0.000  1.137 0.000
233.375 234.375   4.202 0.000  1.438 0.000
236.375 237.375   3.562 0.000  1.486 0.000
240.375 241.375   2.054 0.000  0.944 0.000
243.375 244.375   2.179 0.000  0.853 0.000
247.375 248.375   3.579 0.000  2.132 0.000
250.375 251.375   4.521 0.000  1.789 0.000
254.375 255.375   3.123 0.000  0.615 0.000
257.375 258.375   1.681 0.000  0.461 0.000
261.375 262.375   4.872 0.000  0.651 0.000
264.375 265.375   7.662 0.000  1.550 0.000
268.375 269.375   6.694 0.000 99.999 0.259
271.375 272.375   0.654 0.000 99.999 0.259
275.375 276.375   3.086 0.000  0.631 0.000
278.375 279.375   4.791 0.000  0.654 0.000
282.375 283.375   3.584 0.000  1.088 0.000
285.375 286.375  11.157 0.000  0.681 0.000
289.375 290.375   0.921 0.000  0.541 0.000
292.375 293.375  10.557 0.000  0.601 0.000
296.375 297.375   4.159 0.000  1.689 0.000
299.375 300.375   2.005 0.000  0.947 0.000
303.375 304.375   5.313 0.000  2.011 0.000
306.375 307.375   3.757 0.000  1.470 0.000
310.375 311.375   5.498 0.000  0.322 0.000
313.375 314.375 999.999 0.999  2.122 0.000
317.375 318.375   4.643 0.000  0.541 0.000
320.375 321.375   1.817 0.000  1.433 0.000
324.375 325.375   3.256 0.000  1.078 0.000
327.375 328.375   5.981 0.000  3.154 0.000
331.375 332.375   2.395 0.000  1.486 0.000
334.375 335.375   8.774 0.000  1.131 0.000
338.375 339.375   5.047 0.000  1.302 0.000
341.375 342.375   5.006 0.000  2.060 0.000
345.375 346.375   2.397 0.000  0.844 0.000
348.375 349.375   3.772 0.000  1.518 0.000
352.375 353.375   7.542 0.000  0.992 0.000
355.375 356.375   1.580 0.000  0.992 0.000
359.375 360.375   6.479 0.000  1.224 0.000
362.375 363.375   9.753 0.000  2.031 0.000
