scripts/IMPROVE-2019_partial/data/US0203R.20010101090000.20191216000000.filterpack..pm25.52w.1w.US03L_filterpack_US0203.US03L_IMPROVE_Davis.lev2.nas
66 1001
MISSING INFORMATION
US03L, IMPROVE, , , , , , , 
MISSING INFORMATION
IMPROVE sel_HTAP
1 1
2001 01 01 2019 12 16
3.000
days from file reference point
27
1 1 1 1 1 1 1 1 1 1 1 1 1 1 1 1 1 1 1 1 1 1 1 1 1 1 1
999.999 9999.99 9.999 99.99 9.999999 9.999 9.999999 9.99 9.999999 9.999 9.999 99.999 9.999 999.999 9.999 999.99 9.999999 999.999 9.999 99.999 9.999 999.999 9.999999 9.999 9.999 9.999 9.999
end_time of measurement, days from the file reference point
iron, ng/m3, Revision date=20181210133000
numflag iron, no unit, Revision date=20181210133000
lead, ng/m3, Revision date=20181210133000
numflag lead, no unit, Revision date=20181210133000
magnesium, ug/m3, Revision date=20181210133000
numflag magnesium, no unit, Revision date=20181210133000
nickel, ng/m3, Revision date=20181210133000
numflag nickel, no unit, Revision date=20181210133000
nitrate, ug N/m3, Revision date=20181210133000
numflag nitrate, no unit, Revision date=20181210133000
organic_carbon, ug C/m3, Revision date=20181210133000
numflag organic_carbon, no unit, Revision date=20181210133000
organic_mass, ug/m3, Revision date=20181210133000
numflag organic_mass, no unit, Revision date=20181210133000
phosphorus, ng/m3, Revision date=20181210133000
numflag phosphorus, no unit, Revision date=20181210133000
pm10_mass, ug/m3, Version=2, Version description=Data extracted from http://views.cira.colostate.edu/fed/DataWizard 2019-12-16, Sample duration=1d, Orig. time res.=3d, Matrix=pm10, Blank correction=Blank corrected, Volume std. temperature=ambient, Volume std. pressure=ambient
numflag pm10_mass, no unit, Version=2, Version description=Data extracted from http://views.cira.colostate.edu/fed/DataWizard 2019-12-16, Sample duration=1d, Orig. time res.=3d, Matrix=pm10, Blank correction=Blank corrected, Volume std. temperature=ambient, Volume std. pressure=ambient
pm10_pm25_mass, ug/m3, Revision date=20181210133000, Matrix=pm10_pm25
numflag pm10_pm25_mass, no unit, Revision date=20181210133000, Matrix=pm10_pm25
pm25_mass, ug/m3, Version=2, Version description=Data extracted from http://views.cira.colostate.edu/fed/DataWizard 2019-12-16, Sample duration=1d, Orig. time res.=3d, Blank correction=Blank corrected, Volume std. temperature=ambient, Volume std. pressure=ambient
numflag pm25_mass, no unit, Version=2, Version description=Data extracted from http://views.cira.colostate.edu/fed/DataWizard 2019-12-16, Sample duration=1d, Orig. time res.=3d, Blank correction=Blank corrected, Volume std. temperature=ambient, Volume std. pressure=ambient
potassium, ug/m3, Revision date=20181210133000
numflag potassium, no unit, Revision date=20181210133000
sulphate_total, ug S/m3, Revision date=20181210133000
numflag sulphate_total, no unit, Revision date=20181210133000
0
25
Data definition:              EBAS_1.1
Set type code:                TU
Timezone:                     UTC
File name:                    US0203R.20010101090000.20191216000000.filterpack..pm25.52w.1w.US03L_filterpack_US0203.US03L_IMPROVE_Davis.lev2.nas
File creation:                20191218120226
Startdate:                    20010101090000
Revision date:                20191216000000
Statistics:                   arithmetic mean
Data level:                   2
Period code:                  52w
Resolution code:              1w
Station code:                 US0203R
Platform code:                US0203S
Station name:                 Denali National Park-Mt. McKinley (AK03)
Station latitude:             63.7232
Station longitude:            -148.9676
Station altitude:             661.0 m
Regime:                       IMG
Component:                    
Matrix:                       pm25
Laboratory code:              US03L
Instrument type:              filterpack
Instrument name:              filterpack_US0203
Method ref:                   US03L_IMPROVE_Davis
starttime endtime Fe flag_Fe Pb flag_Pb Mg++ flag_Mg++ Ni flag_Ni NO3- flag_NO3- OC flag_OC OM flag_OM P flag_P PM10 flag_PM10 PM10-PM2.5 flag_PM10-PM2.5 PM2.5 flag_PM2.5 K+ flag_K+ SO4-- flag_SO4--
  0.375   1.375    3.88 0.000  0.48 0.000000 9.999 0.259000 9.99 0.259000 0.014 0.699  0.217 0.000   0.304 0.000 999.99 0.259000   2.151 0.000  1.411 0.000   0.741 0.000000 0.011 0.000 0.121 0.699
  3.375   4.375    4.85 0.000  1.75 0.000000 9.999 0.259000 9.99 0.259000 9.999 0.699  0.369 0.000   0.517 0.000 999.99 0.259000   2.110 0.000  0.917 0.000   1.193 0.000000 0.011 0.000 9.999 0.699
  6.375   7.375    2.25 0.000  0.10 0.000000 0.016 0.000000 9.99 0.259000 0.022 0.699  0.127 0.000   0.178 0.000 999.99 0.259000   0.446 0.000  0.317 0.000   0.129 0.000000 0.004 0.000 0.061 0.699
  9.375  10.375    4.14 0.000 99.99 0.259000 0.115 0.000000 9.99 0.259000 9.999 0.699  0.178 0.000   0.249 0.000 999.99 0.259000   3.031 0.000  1.146 0.000   1.885 0.000000 0.017 0.000 9.999 0.699
 12.375  13.375    1.33 0.000  0.26 0.000000 9.999 0.259000 9.99 0.259000 0.003 0.699  0.033 0.000   0.047 0.000 999.99 0.259000   0.470 0.000  0.406 0.000   0.065 0.000000 0.007 0.000 0.036 0.699
 15.375  16.375    1.23 0.000 99.99 0.259000 9.999 0.259000 9.99 0.259000 0.009 0.699  0.037 0.000   0.051 0.000 999.99 0.259000   1.145 0.000  0.634 0.000   0.511 0.000000 0.004 0.000 0.076 0.699
 18.375  19.375    3.18 0.000  0.19 0.000000 9.999 0.259000 9.99 0.259000 0.004 0.699  0.070 0.000   0.097 0.000 999.99 0.259000   0.756 0.000  0.662 0.000   0.094 0.000000 0.003 0.000 0.033 0.699
 21.375  22.375    1.52 0.000  0.15 0.000000 0.030 0.000000 9.99 0.259000 0.006 0.699  0.063 0.000   0.088 0.000 999.99 0.259000   1.049 0.000  0.642 0.000   0.407 0.000000 0.004 0.000 0.064 0.699
 24.375  25.375    2.12 0.000  0.08 0.000000 9.999 0.259000 9.99 0.259000 0.005 0.699  0.025 0.000   0.035 0.000 999.99 0.259000   0.800 0.000  0.526 0.000   0.274 0.000000 9.999 0.259 0.062 0.699
 27.375  28.375    0.69 0.000 99.99 0.259000 9.999 0.259000 9.99 0.259000 0.004 0.699  0.009 0.000   0.013 0.000 999.99 0.259000   0.221 0.000 99.999 0.259   0.222 0.000000 0.003 0.000 0.064 0.699
 30.375  31.375    3.77 0.000  0.15 0.000000 9.999 0.259000 9.99 0.259000 0.005 0.699  0.088 0.000   0.123 0.000 999.99 0.259000   0.960 0.000  0.508 0.000   0.452 0.000000 0.007 0.000 0.064 0.699
 33.375  34.375    0.95 0.000 99.99 0.259000 9.999 0.259000 9.99 0.259000 0.015 0.699  0.126 0.000   0.176 0.000 999.99 0.259000   0.826 0.000  0.425 0.000   0.401 0.000000 0.005 0.000 0.066 0.699
 36.375  37.375    2.21 0.000  0.14 0.000000 9.999 0.259000 9.99 0.259000 0.006 0.699  0.057 0.000   0.080 0.000 999.99 0.259000   0.374 0.000  0.067 0.000   0.307 0.000000 9.999 0.259 0.049 0.699
 39.375  40.375    5.80 0.000  0.30 0.000000 9.999 0.259000 9.99 0.259000 0.016 0.699  0.214 0.000   0.300 0.000 999.99 0.259000   4.322 0.000  2.586 0.000   1.736 0.000000 0.013 0.000 0.134 0.699
 42.375  43.375    3.47 0.000  0.31 0.000000 9.999 0.259000 9.99 0.259000 0.017 0.699  0.088 0.000   0.123 0.000 999.99 0.259000   1.884 0.000  0.997 0.000   0.887 0.000000 0.007 0.000 0.089 0.699
 45.375  46.375    4.26 0.000  0.52 0.000000 9.999 0.259000 9.99 0.259000 0.010 0.699  0.057 0.000   0.079 0.000 999.99 0.259000   1.478 0.000  0.676 0.000   0.801 0.000000 0.007 0.000 0.111 0.699
 48.375  49.375    6.88 0.000  0.70 0.000000 9.999 0.259000 9.99 0.259000 0.006 0.699  0.115 0.000   0.161 0.000 999.99 0.259000   1.857 0.000  0.869 0.000   0.988 0.000000 0.008 0.000 0.136 0.699
 51.375  52.375    3.06 0.000  0.38 0.000000 9.999 0.259000 9.99 0.259000 0.016 0.699  0.081 0.000   0.113 0.000 999.99 0.259000   1.182 0.000  0.428 0.000   0.754 0.000000 9.999 0.259 0.068 0.699
 54.375  55.375    3.42 0.000  1.45 0.000000 9.999 0.259000 9.99 0.259000 0.012 0.699  0.128 0.000   0.179 0.000 999.99 0.259000   1.321 0.000  0.380 0.000   0.941 0.000000 0.006 0.000 0.093 0.699
 57.375  58.375    5.25 0.559  0.24 0.559000 9.999 0.559259 9.99 0.559259 0.002 0.699  0.070 0.000   0.098 0.000 999.99 0.559259   0.841 0.000  0.605 0.000   0.236 0.559000 0.005 0.559 0.013 0.699
 60.375  61.375    3.91 0.000  0.30 0.000000 9.999 0.259000 0.66 0.000000 0.012 0.699  0.096 0.000   0.134 0.000 999.99 0.259000   1.126 0.000  0.375 0.000   0.751 0.000000 0.004 0.000 0.051 0.699
 63.375  64.375   10.54 0.000  0.66 0.000000 9.999 0.259000 9.99 0.259000 0.006 0.699  0.094 0.000   0.132 0.000 999.99 0.259000   1.551 0.000  0.731 0.000   0.821 0.000000 0.009 0.000 0.073 0.699
 66.375  67.375    6.06 0.000 99.99 0.259000 9.999 0.259000 9.99 0.259000 0.007 0.699  0.094 0.000   0.132 0.000 999.99 0.259000   0.923 0.000  0.370 0.000   0.553 0.000000 0.004 0.000 0.039 0.699
 69.375  70.375    4.56 0.000  0.46 0.000000 9.999 0.259000 9.99 0.259000 0.002 0.699  0.031 0.000   0.044 0.000 999.99 0.259000   0.475 0.000  0.216 0.000   0.260 0.000000 0.004 0.000 0.023 0.699
 72.375  73.375   13.18 0.000  0.78 0.000000 9.999 0.259000 0.32 0.000000 0.008 0.699  0.110 0.000   0.155 0.000 999.99 0.259000   2.005 0.000  0.591 0.000   1.415 0.000000 0.010 0.000 0.130 0.699
 75.375  76.375    9.37 0.000  1.11 0.000000 9.999 0.259000 0.32 0.000000 0.018 0.699  0.196 0.000   0.274 0.000 999.99 0.259000   2.529 0.000  0.839 0.000   1.690 0.000000 0.011 0.000 0.166 0.699
 78.375  79.375   24.51 0.000  1.54 0.000000 9.999 0.259000 9.99 0.259000 0.009 0.699  0.154 0.000   0.215 0.000 999.99 0.259000   4.298 0.000  2.397 0.000   1.901 0.000000 0.014 0.000 0.165 0.699
 81.375  82.375   36.73 0.000  1.28 0.000000 9.999 0.259000 0.09 0.000000 9.999 0.699  0.280 0.000   0.392 0.000 999.99 0.259000   6.303 0.000  4.229 0.000   2.074 0.000000 0.018 0.000 9.999 0.699
 84.375  85.375   30.70 0.000  1.25 0.000000 9.999 0.259000 9.99 0.259000 9.999 0.699  0.323 0.000   0.452 0.000 999.99 0.259000   4.518 0.000  2.298 0.000   2.220 0.000000 0.017 0.000 9.999 0.699
 87.375  88.375   16.01 0.000  1.00 0.000000 9.999 0.259000 9.99 0.259000 0.019 0.699  0.216 0.000   0.302 0.000 999.99 0.259000   3.173 0.000  0.920 0.000   2.253 0.000000 0.017 0.000 0.213 0.699
 90.375  91.375   16.87 0.000  1.53 0.000000 9.999 0.259000 9.99 0.259000 0.016 0.699  0.177 0.000   0.248 0.000 999.99 0.259000   3.173 0.000  0.931 0.000   2.242 0.000000 0.020 0.000 0.208 0.699
 93.375  94.375 9999.99 0.999 99.99 0.999000 9.999 0.999000 9.99 0.999000 0.003 0.699  0.093 0.000   0.130 0.000 999.99 0.999000   0.219 0.000 99.999 0.999 999.999 0.999000 9.999 0.999 0.013 0.699
 96.375  97.375    3.91 0.000  0.20 0.000000 9.999 0.259000 9.99 0.259000 0.015 0.699  0.112 0.000   0.157 0.000   1.93 0.000000   0.882 0.000  0.271 0.000   0.611 0.000000 0.005 0.000 0.044 0.699
 99.375 100.375   12.27 0.000  0.98 0.000000 0.016 0.000000 9.99 0.259000 0.009 0.699  0.107 0.000   0.150 0.000 999.99 0.259000   2.756 0.000  1.746 0.000   1.010 0.000000 0.013 0.000 0.100 0.699
102.375 103.375    9.68 0.000  0.41 0.000000 9.999 0.259000 0.37 0.000000 0.013 0.699  0.158 0.000   0.222 0.000 999.99 0.259000   2.058 0.000  1.304 0.000   0.754 0.000000 0.010 0.000 0.078 0.699
105.375 106.375   12.61 0.000  0.49 0.000000 9.999 0.259000 0.49 0.000000 0.006 0.699  0.206 0.000   0.289 0.000 999.99 0.259000   2.168 0.000  1.476 0.000   0.691 0.000000 0.008 0.000 0.073 0.699
108.375 109.375  139.11 0.000  1.11 0.000000 9.999 0.259000 9.99 0.259000 0.025 0.699  0.228 0.000   0.319 0.000 999.99 0.259000  13.191 0.000  9.562 0.000   3.629 0.000000 0.078 0.000 0.129 0.699
111.375 112.375  131.11 0.000  1.05 0.000000 9.999 0.259000 9.99 0.259000 0.023 0.699  0.410 0.000   0.573 0.000 999.99 0.259000   9.320 0.000  5.832 0.000   3.488 0.000000 0.072 0.000 0.139 0.699
114.375 115.375   28.15 0.000  0.42 0.000000 9.999 0.259000 9.99 0.259000 0.018 0.699  0.247 0.000   0.346 0.000 999.99 0.259000   3.326 0.000  1.963 0.000   1.363 0.000000 0.017 0.000 0.085 0.699
117.375 118.375   14.69 0.000  0.64 0.000000 9.999 0.259000 0.29 0.000000 0.006 0.699  0.206 0.000   0.288 0.000 999.99 0.259000   2.010 0.000  1.232 0.000   0.778 0.000000 0.011 0.000 0.044 0.699
120.375 121.375   10.95 0.559  0.42 0.559000 9.999 0.559259 9.99 0.559259 0.006 0.699  0.174 0.000   0.244 0.000 999.99 0.559259   2.051 0.000  1.212 0.000   0.839 0.559000 0.007 0.559 0.048 0.699
123.375 124.375   27.21 0.000  0.58 0.000000 9.999 0.259000 0.18 0.000000 0.039 0.699  0.208 0.000   0.291 0.000 999.99 0.259000   3.814 0.000  1.417 0.000   2.397 0.000000 0.020 0.000 0.210 0.699
126.375 127.375   15.91 0.000  0.62 0.000000 9.999 0.259000 9.99 0.259000 0.007 0.699  0.239 0.000   0.335 0.000 999.99 0.259000   2.558 0.000  1.562 0.000   0.997 0.000000 0.009 0.000 0.053 0.699
129.375 130.375   24.40 0.000  0.41 0.000000 9.999 0.259000 9.99 0.259000 0.014 0.699  0.211 0.000   0.295 0.000 999.99 0.259000   3.618 0.000  2.110 0.000   1.508 0.000000 0.018 0.000 0.105 0.699
132.375 133.375   77.50 0.000  2.25 0.000000 9.999 0.259000 9.99 0.259000 0.032 0.699  0.926 0.000   1.297 0.000 999.99 0.259000   8.333 0.000  3.174 0.000   5.160 0.000000 0.070 0.000 0.312 0.699
135.375 136.375   51.13 0.559  1.17 0.559000 9.999 0.559259 9.99 0.559259 0.012 0.699  0.510 0.000   0.714 0.000 999.99 0.559259   5.136 0.000  2.127 0.000   3.009 0.559000 0.042 0.559 0.178 0.699
138.375 139.375   33.30 0.000  0.85 0.000000 9.999 0.259000 0.25 0.000000 0.008 0.699  0.425 0.000   0.595 0.000 999.99 0.259000   2.981 0.000  1.160 0.000   1.821 0.000000 0.025 0.000 0.110 0.699
141.375 142.375   10.83 0.000 99.99 0.259000 9.999 0.259000 9.99 0.259000 0.002 0.699  0.209 0.000   0.292 0.000 999.99 0.259000   1.563 0.000  1.157 0.000   0.407 0.000000 0.007 0.000 0.030 0.699
144.375 145.375   12.78 0.000  0.23 0.000000 9.999 0.259000 9.99 0.259000 0.004 0.000  0.229 0.000   0.321 0.000 999.99 0.259000   1.625 0.000  0.928 0.000   0.698 0.000000 0.010 0.000 0.071 0.000
147.375 148.375    9.72 0.000  0.62 0.000000 9.999 0.259000 9.99 0.259000 0.001 0.000  0.392 0.000   0.549 0.000 999.99 0.259000   1.580 0.000  0.736 0.000   0.844 0.000000 0.007 0.000 0.070 0.000
150.375 151.375   22.22 0.000  0.63 0.000000 9.999 0.259000 9.99 0.259000 0.007 0.000  0.432 0.000   0.604 0.000 999.99 0.259000   2.829 0.000  1.173 0.000   1.656 0.000000 0.013 0.000 0.089 0.000
153.375 154.375   21.15 0.000  0.42 0.000000 9.999 0.259000 9.99 0.259000 0.007 0.559  0.488 0.000   0.683 0.000 999.99 0.259000   3.253 0.000  1.486 0.000   1.767 0.000000 0.018 0.000 0.120 0.559
156.375 157.375   14.56 0.000  0.28 0.000000 9.999 0.259000 9.99 0.259000 0.005 0.559  0.527 0.000   0.738 0.000 999.99 0.259000   2.961 0.000  1.859 0.000   1.101 0.000000 0.014 0.000 0.040 0.559
159.375 160.375    7.54 0.000  0.21 0.000000 9.999 0.259000 9.99 0.259000 0.004 0.559  0.292 0.000   0.409 0.000 999.99 0.259000   1.891 0.000  0.925 0.000   0.965 0.000000 0.009 0.000 0.067 0.559
162.375 163.375    3.85 0.000  0.24 0.000000 9.999 0.259000 9.99 0.259000 0.006 0.559  0.388 0.000   0.543 0.000 999.99 0.259000   1.861 0.000  1.051 0.000   0.810 0.000000 0.010 0.000 0.050 0.559
165.375 166.375    5.80 0.000  0.25 0.000000 9.999 0.259000 9.99 0.259000 0.005 0.000  0.376 0.000   0.526 0.000 999.99 0.259000   1.572 0.000  0.501 0.000   1.071 0.000000 0.006 0.000 0.066 0.000
168.375 169.375   20.49 0.000  0.58 0.000000 9.999 0.259000 9.99 0.259000 0.030 0.000  1.286 0.000   1.801 0.000 999.99 0.259000   6.399 0.000  2.972 0.000   3.427 0.000000 0.015 0.000 0.164 0.000
171.375 172.375   25.20 0.000  0.21 0.000000 9.999 0.259000 9.99 0.259000 0.006 0.559  0.710 0.000   0.994 0.000 999.99 0.259000   5.018 0.000  2.995 0.000   2.023 0.000000 0.018 0.000 0.066 0.559
174.375 175.375   31.96 0.559  0.40 0.559000 9.999 0.559259 9.99 0.559259 0.053 0.000  8.572 0.000  12.001 0.000 999.99 0.559259  18.238 0.000  4.654 0.000  13.584 0.559000 0.084 0.559 0.121 0.000
177.375 178.375    9.54 0.000  0.14 0.000000 9.999 0.259000 9.99 0.259000 0.009 0.000  0.468 0.000   0.655 0.000 999.99 0.259000   2.756 0.000  1.532 0.000   1.224 0.000000 9.999 0.259 0.096 0.000
180.375 181.375   17.39 0.000  0.47 0.000000 9.999 0.259000 9.99 0.259000 0.017 0.000  1.621 0.000   2.270 0.000 999.99 0.259000   6.323 0.000  2.290 0.000   4.033 0.000000 0.024 0.000 0.139 0.000
183.375 184.375   13.70 0.000  0.39 0.000000 9.999 0.259000 9.99 0.259000 0.029 0.000  1.307 0.000   1.830 0.000 999.99 0.259000   6.742 0.000  3.002 0.000   3.740 0.000000 0.015 0.000 0.192 0.000
186.375 187.375    2.23 0.000  0.59 0.000000 9.999 0.259000 9.99 0.259000 0.005 0.559  0.086 0.000   0.120 0.000 999.99 0.259000   1.139 0.000  0.826 0.000   0.313 0.000000 0.005 0.000 0.002 0.559
189.375 190.375    6.96 0.000  0.29 0.000000 9.999 0.259000 9.99 0.259000 0.000 0.000  0.262 0.000   0.367 0.000 999.99 0.259000   1.828 0.000  1.157 0.000   0.670 0.000000 0.009 0.000 0.016 0.000
192.375 193.375    6.78 0.000  0.26 0.000000 9.999 0.259000 9.99 0.259000 0.007 0.000  0.152 0.000   0.213 0.000 999.99 0.259000   2.229 0.000  1.144 0.000   1.085 0.000000 0.006 0.000 0.088 0.000
195.375 196.375    5.73 0.000  0.27 0.000000 9.999 0.259000 9.99 0.259000 0.029 0.000  0.396 0.000   0.554 0.000 999.99 0.259000   2.668 0.000  1.125 0.000   1.543 0.000000 0.007 0.000 0.155 0.000
198.375 199.375    5.18 0.000  0.24 0.000000 9.999 0.259000 9.99 0.259000 0.006 0.559  0.358 0.000   0.501 0.000 999.99 0.259000   7.870 0.000  5.965 0.000   1.905 0.000000 0.009 0.000 0.117 0.559
201.375 202.375    5.84 0.000  0.34 0.000000 9.999 0.259000 9.99 0.259000 0.004 0.559  0.718 0.000   1.006 0.000 999.99 0.259000   3.241 0.000  1.950 0.000   1.291 0.000000 0.010 0.000 0.069 0.559
204.375 205.375    4.10 0.000  0.19 0.000000 9.999 0.259000 9.99 0.259000 0.013 0.559  0.483 0.000   0.676 0.000 999.99 0.259000   3.490 0.000  2.476 0.000   1.014 0.000000 0.011 0.000 0.073 0.559
207.375 208.375    3.19 0.000  0.18 0.000000 9.999 0.259000 9.99 0.259000 0.002 0.559  0.349 0.000   0.488 0.000 999.99 0.259000   2.635 0.000  1.652 0.000   0.983 0.000000 0.008 0.000 0.068 0.559
210.375 211.375    1.79 0.000  0.13 0.000000 9.999 0.259000 9.99 0.259000 0.002 0.559  0.277 0.000   0.388 0.000 999.99 0.259000   2.529 0.000  1.853 0.000   0.676 0.000000 0.009 0.000 0.028 0.559
213.375 214.375    6.55 0.000  0.20 0.000000 9.999 0.259000 9.99 0.259000 0.007 0.559  0.626 0.000   0.876 0.000 999.99 0.259000   4.879 0.000  2.667 0.000   2.212 0.000000 0.010 0.000 0.106 0.559
216.375 217.375    5.56 0.000  0.19 0.000000 9.999 0.259000 9.99 0.259000 0.005 0.559  0.906 0.000   1.268 0.000 999.99 0.259000   4.131 0.000  2.164 0.000   1.967 0.000000 0.013 0.000 0.056 0.559
219.375 220.375    7.31 0.000  0.37 0.000000 9.999 0.259000 9.99 0.259000 0.021 0.000  2.035 0.000   2.848 0.000 999.99 0.259000   7.127 0.000  2.426 0.000   4.701 0.000000 0.019 0.000 0.180 0.000
222.375 223.375    5.09 0.000  0.42 0.000000 9.999 0.259000 9.99 0.259000 0.009 0.000  0.884 0.000   1.238 0.000 999.99 0.259000   4.423 0.000  2.169 0.000   2.253 0.000000 0.011 0.000 0.084 0.000
225.375 226.375    5.33 0.000  0.23 0.000000 9.999 0.259000 9.99 0.259000 0.004 0.559  0.441 0.000   0.617 0.000 999.99 0.259000   3.216 0.000  1.929 0.000   1.287 0.000000 0.011 0.000 0.058 0.559
228.375 229.375    3.60 0.000  0.26 0.000000 9.999 0.259000 0.09 0.000000 0.004 0.000  0.216 0.000   0.303 0.000 999.99 0.259000   3.018 0.000  2.274 0.000   0.744 0.000000 0.008 0.000 0.017 0.000
231.375 232.375    4.71 0.000  0.27 0.000000 9.999 0.259000 9.99 0.259000 0.003 0.000  0.273 0.000   0.382 0.000 999.99 0.259000   2.691 0.000  1.916 0.000   0.775 0.000000 0.009 0.000 0.018 0.000
234.375 235.375    5.32 0.000  0.49 0.000000 9.999 0.259000 9.99 0.259000 0.005 0.000  0.377 0.000   0.528 0.000 999.99 0.259000   4.349 0.000  3.078 0.000   1.271 0.000000 0.013 0.000 0.026 0.000
237.375 238.375    3.07 0.000  0.16 0.000000 9.999 0.259000 9.99 0.259000 0.004 0.000  0.260 0.000   0.365 0.000 999.99 0.259000   3.491 0.000  2.481 0.000   1.010 0.000000 0.009 0.000 0.039 0.000
240.375 241.375    4.65 0.000  0.15 0.000000 9.999 0.259000 9.99 0.259000 0.007 0.000  0.222 0.000   0.311 0.000 999.99 0.259000   2.083 0.000  1.649 0.000   0.434 0.000000 9.999 0.259 0.017 0.000
