scripts/IMPROVE-2019_partial/data/US0203R.20040101090000.20191216000000.filterpack..pm25.52w.1w.US03L_filterpack_US0203.US03L_IMPROVE_Davis.lev2.nas
66 1001
MISSING INFORMATION
US03L, IMPROVE, , , , , , , 
MISSING INFORMATION
IMPROVE sel_HTAP
1 1
2004 01 01 2019 12 16
3.000
days from file reference point
27
1 1 1 1 1 1 1 1 1 1 1 1 1 1 1 1 1 1 1 1 1 1 1 1 1 1 1
999.999 999.99 9.999 99.99 9.999 9.999 9.999999 9.99 9.999999 9.999 9.999 999.999 9.999 9999.999 9.999 999.99 9.999999 999.999 9.999 99.999 9.999 99.999 9.999 9.999 9.999 9.999 9.999
end_time of measurement, days from the file reference point
iron, ng/m3, Revision date=20181210133000
numflag iron, no unit, Revision date=20181210133000
lead, ng/m3, Revision date=20181210133000
numflag lead, no unit, Revision date=20181210133000
magnesium, ug/m3, Revision date=20181210133000
numflag magnesium, no unit, Revision date=20181210133000
nickel, ng/m3, Revision date=20181210133000
numflag nickel, no unit, Revision date=20181210133000
nitrate, ug N/m3, Revision date=20181210133000
numflag nitrate, no unit, Revision date=20181210133000
organic_carbon, ug C/m3, Revision date=20181210133000
numflag organic_carbon, no unit, Revision date=20181210133000
organic_mass, ug/m3, Revision date=20181210133000
numflag organic_mass, no unit, Revision date=20181210133000
phosphorus, ng/m3, Revision date=20181210133000
numflag phosphorus, no unit, Revision date=20181210133000
pm10_mass, ug/m3, Version=2, Version description=Data extracted from http://views.cira.colostate.edu/fed/DataWizard 2019-12-16, Sample duration=1d, Orig. time res.=3d, Matrix=pm10, Blank correction=Blank corrected, Volume std. temperature=ambient, Volume std. pressure=ambient
numflag pm10_mass, no unit, Version=2, Version description=Data extracted from http://views.cira.colostate.edu/fed/DataWizard 2019-12-16, Sample duration=1d, Orig. time res.=3d, Matrix=pm10, Blank correction=Blank corrected, Volume std. temperature=ambient, Volume std. pressure=ambient
pm10_pm25_mass, ug/m3, Revision date=20181210133000, Matrix=pm10_pm25
numflag pm10_pm25_mass, no unit, Revision date=20181210133000, Matrix=pm10_pm25
pm25_mass, ug/m3, Version=2, Version description=Data extracted from http://views.cira.colostate.edu/fed/DataWizard 2019-12-16, Sample duration=1d, Orig. time res.=3d, Blank correction=Blank corrected, Volume std. temperature=ambient, Volume std. pressure=ambient
numflag pm25_mass, no unit, Version=2, Version description=Data extracted from http://views.cira.colostate.edu/fed/DataWizard 2019-12-16, Sample duration=1d, Orig. time res.=3d, Blank correction=Blank corrected, Volume std. temperature=ambient, Volume std. pressure=ambient
potassium, ug/m3, Revision date=20181210133000
numflag potassium, no unit, Revision date=20181210133000
sulphate_total, ug S/m3, Revision date=20181210133000
numflag sulphate_total, no unit, Revision date=20181210133000
0
25
Data definition:              EBAS_1.1
Set type code:                TU
Timezone:                     UTC
File name:                    US0203R.20040101090000.20191216000000.filterpack..pm25.52w.1w.US03L_filterpack_US0203.US03L_IMPROVE_Davis.lev2.nas
File creation:                20191218120227
Startdate:                    20040101090000
Revision date:                20191216000000
Statistics:                   arithmetic mean
Data level:                   2
Period code:                  52w
Resolution code:              1w
Station code:                 US0203R
Platform code:                US0203S
Station name:                 Denali National Park-Mt. McKinley (AK03)
Station latitude:             63.7232
Station longitude:            -148.9676
Station altitude:             661.0 m
Regime:                       IMG
Component:                    
Matrix:                       pm25
Laboratory code:              US03L
Instrument type:              filterpack
Instrument name:              filterpack_US0203
Method ref:                   US03L_IMPROVE_Davis
starttime endtime Fe flag_Fe Pb flag_Pb Mg++ flag_Mg++ Ni flag_Ni NO3- flag_NO3- OC flag_OC OM flag_OM P flag_P PM10 flag_PM10 PM10-PM2.5 flag_PM10-PM2.5 PM2.5 flag_PM2.5 K+ flag_K+ SO4-- flag_SO4--
  0.375   1.375   1.81 0.000  0.14 0.000 0.040 0.000000 0.07 0.000000 0.004 0.000   0.017 0.000    0.024 0.000 999.99 0.259000   0.902 0.000  0.266 0.000  0.637 0.000 0.002 0.000 0.041 0.000
  3.375   4.375   2.30 0.000  0.39 0.000 0.015 0.000000 9.99 0.259000 0.003 0.000   0.067 0.000    0.093 0.000 999.99 0.259000   0.621 0.000  0.084 0.000  0.536 0.000 0.002 0.000 0.028 0.000
  6.375   7.375  16.32 0.559  0.31 0.559 9.999 0.559259 0.06 0.559000 0.021 0.000   0.245 0.000    0.343 0.000 999.99 0.559259   2.801 0.000  1.530 0.000  1.272 0.559 0.015 0.559 0.085 0.000
  9.375  10.375   7.87 0.000  0.59 0.000 9.999 0.259000 9.99 0.259000 0.006 0.000   0.106 0.000    0.149 0.000 999.99 0.259000   1.145 0.000  0.841 0.000  0.303 0.000 0.004 0.000 0.040 0.000
 12.375  13.375   2.66 0.000  0.69 0.000 0.041 0.000000 0.06 0.000000 0.041 0.000   0.168 0.000    0.235 0.000 999.99 0.259000   2.447 0.000  0.865 0.000  1.583 0.000 0.015 0.000 0.135 0.000
 15.375  16.375   3.24 0.000  0.91 0.000 9.999 0.259000 0.08 0.000000 0.014 0.000   0.236 0.000    0.331 0.000 999.99 0.259000   1.197 0.000  0.112 0.000  1.085 0.000 0.006 0.000 0.169 0.000
 18.375  19.375   2.55 0.000  0.42 0.000 0.032 0.000000 9.99 0.259000 0.019 0.000   0.268 0.000    0.375 0.000 999.99 0.259000   1.381 0.000  0.575 0.000  0.806 0.000 0.006 0.000 0.122 0.000
 21.375  22.375   5.46 0.000  0.65 0.000 0.029 0.000000 0.08 0.000000 0.021 0.000   0.249 0.000    0.348 0.000 999.99 0.259000   1.450 0.000  0.661 0.000  0.788 0.000 0.006 0.000 0.096 0.000
 24.375  25.375   7.46 0.000  0.39 0.000 0.018 0.000000 9.99 0.259000 0.003 0.000   0.045 0.000    0.063 0.000 999.99 0.259000   1.099 0.000  0.324 0.000  0.775 0.000 0.005 0.000 0.099 0.000
 27.375  28.375   7.93 0.000  0.92 0.000 9.999 0.259000 0.07 0.000000 0.003 0.000   0.313 0.000    0.438 0.000  14.92 0.000000   1.823 0.000  0.692 0.000  1.131 0.000 0.007 0.000 0.143 0.000
 30.375  31.375   2.37 0.000  0.43 0.000 0.017 0.000000 0.09 0.000000 0.002 0.000   0.167 0.000    0.234 0.000 999.99 0.259000   0.965 0.000  0.391 0.000  0.573 0.000 0.003 0.000 0.088 0.000
 33.375  34.375   2.43 0.000  0.21 0.000 0.038 0.000000 0.07 0.000000 0.004 0.000   0.085 0.000    0.119 0.000 999.99 0.259000   0.575 0.000  0.298 0.000  0.277 0.000 0.002 0.000 0.028 0.000
 36.375  37.375   5.57 0.000  0.89 0.000 0.041 0.000000 0.11 0.000000 0.023 0.000   0.276 0.000    0.386 0.000 999.99 0.259000   1.873 0.000  0.579 0.000  1.294 0.000 0.009 0.000 0.153 0.000
 39.375  40.375   1.92 0.000  0.39 0.000 0.078 0.000000 9.99 0.259000 0.028 0.000   0.102 0.000    0.143 0.000 999.99 0.259000   4.944 0.000  2.619 0.000  2.325 0.000 0.018 0.000 0.104 0.000
 42.375  43.375   2.20 0.000  0.39 0.000 0.019 0.000000 9.99 0.259000 0.008 0.000   0.095 0.000    0.133 0.000 999.99 0.259000   1.062 0.000  0.481 0.000  0.581 0.000 0.003 0.000 0.066 0.000
 45.375  46.375  10.41 0.000  1.53 0.000 9.999 0.259000 0.28 0.000000 0.021 0.000   0.350 0.000    0.490 0.000  12.59 0.000000   2.211 0.000  0.241 0.000  1.971 0.000 0.012 0.000 0.239 0.000
 48.375  49.375   3.94 0.000  0.51 0.000 9.999 0.259000 9.99 0.259000 0.018 0.000   0.164 0.000    0.230 0.000   8.09 0.000000   1.131 0.000  0.385 0.000  0.746 0.000 0.004 0.000 0.108 0.000
 51.375  52.375   3.25 0.000  0.30 0.000 9.999 0.259000 9.99 0.259000 0.004 0.000   0.043 0.000    0.061 0.000 999.99 0.259000   0.638 0.000  0.365 0.000  0.273 0.000 0.003 0.000 0.041 0.000
 54.375  55.375   6.59 0.000  1.06 0.000 9.999 0.259000 9.99 0.259000 0.012 0.000   0.116 0.000    0.162 0.000 999.99 0.259000   1.591 0.000  0.687 0.000  0.904 0.000 0.009 0.000 0.113 0.000
 57.375  58.375   1.71 0.000  0.23 0.000 9.999 0.259000 9.99 0.259000 0.003 0.000   0.054 0.000    0.075 0.000 999.99 0.259000   0.528 0.000  0.283 0.000  0.246 0.000 0.002 0.000 0.039 0.000
 60.375  61.375   6.95 0.000  0.48 0.000 0.023 0.000000 9.99 0.259000 0.006 0.000   0.065 0.000    0.092 0.000 999.99 0.259000   0.873 0.000  0.450 0.000  0.423 0.000 0.006 0.000 0.056 0.000
 63.375  64.375   8.56 0.000  1.06 0.000 9.999 0.259000 9.99 0.259000 0.010 0.000   0.308 0.000    0.431 0.000 999.99 0.259000   2.022 0.000  0.777 0.000  1.246 0.000 0.008 0.000 0.142 0.000
 66.375  67.375   4.94 0.000  0.52 0.000 0.057 0.000000 9.99 0.259000 0.024 0.000   0.184 0.000    0.257 0.000 999.99 0.259000   1.499 0.000  0.436 0.000  1.064 0.000 0.008 0.000 0.141 0.000
 69.375  70.375   3.30 0.000  0.38 0.000 9.999 0.259000 9.99 0.259000 0.010 0.000   0.064 0.000    0.089 0.000 999.99 0.259000   1.095 0.000  0.646 0.000  0.448 0.000 0.005 0.000 0.083 0.000
 72.375  73.375   2.30 0.000  0.24 0.000 9.999 0.259000 9.99 0.259000 0.011 0.000   0.019 0.000    0.027 0.000 999.99 0.259000   0.491 0.000  0.175 0.000  0.316 0.000 0.003 0.000 0.077 0.000
 75.375  76.375   3.32 0.000  0.43 0.000 9.999 0.259000 9.99 0.259000 0.007 0.000   0.051 0.000    0.071 0.000 999.99 0.259000   0.575 0.000  0.191 0.000  0.385 0.000 0.004 0.000 0.068 0.000
 78.375  79.375   7.14 0.000  0.69 0.000 9.999 0.259000 9.99 0.259000 0.019 0.000   0.118 0.000    0.166 0.000 999.99 0.259000   1.522 0.000  0.494 0.000  1.028 0.000 0.009 0.000 0.172 0.000
 81.375  82.375  24.32 0.000  1.89 0.000 0.025 0.000000 9.99 0.259000 0.012 0.000   0.267 0.000    0.374 0.000 999.99 0.259000   2.831 0.000  1.110 0.000  1.720 0.000 0.028 0.000 0.218 0.000
 84.375  85.375   7.83 0.000  0.85 0.000 0.060 0.000000 9.99 0.259000 0.034 0.000   0.260 0.000    0.364 0.000 999.99 0.259000   3.335 0.000  1.487 0.000  1.848 0.000 0.019 0.000 0.249 0.000
 87.375  88.375  11.38 0.000  1.14 0.000 0.038 0.000000 0.15 0.000000 0.038 0.000   0.174 0.000    0.243 0.000 999.99 0.259000   3.143 0.000  1.098 0.000  2.044 0.000 0.018 0.000 0.310 0.000
 90.375  91.375   5.66 0.000  0.81 0.000 0.092 0.000000 9.99 0.259000 0.049 0.000   0.165 0.000    0.231 0.000 999.99 0.259000   4.120 0.000  1.329 0.000  2.791 0.000 0.031 0.000 0.250 0.000
 93.375  94.375   2.59 0.000 99.99 0.259 9.999 0.259000 9.99 0.259000 0.013 0.000   0.072 0.000    0.101 0.000 999.99 0.259000   0.717 0.000  0.195 0.000  0.522 0.000 0.004 0.000 0.053 0.000
 96.375  97.375  12.42 0.000  0.51 0.000 9.999 0.259000 9.99 0.259000 0.006 0.000   0.142 0.000    0.199 0.000 999.99 0.259000   1.358 0.000  0.650 0.000  0.708 0.000 0.009 0.000 0.073 0.000
 99.375 100.375  11.42 0.000  0.35 0.000 9.999 0.259000 9.99 0.259000 0.008 0.000 999.999 0.259 9999.999 0.259 999.99 0.259000   2.128 0.000  1.486 0.000  0.642 0.000 0.008 0.000 0.067 0.000
102.375 103.375  25.40 0.000  0.85 0.000 0.018 0.000000 9.99 0.259000 0.011 0.000   0.041 0.000    0.057 0.000 999.99 0.259000   3.585 0.000  2.541 0.000  1.045 0.000 0.015 0.000 0.107 0.000
105.375 106.375  29.11 0.000  0.69 0.000 9.999 0.259000 9.99 0.259000 0.011 0.000   0.094 0.000    0.132 0.000 999.99 0.259000   4.267 0.000  2.773 0.000  1.494 0.000 0.018 0.000 0.156 0.000
108.375 109.375   6.70 0.000  0.33 0.000 9.999 0.259000 9.99 0.259000 0.003 0.000   0.028 0.000    0.039 0.000 999.99 0.259000   1.351 0.000  0.827 0.000  0.525 0.000 0.005 0.000 0.066 0.000
111.375 112.375  15.29 0.000  0.25 0.000 9.999 0.259000 0.06 0.000000 0.005 0.000   0.085 0.000    0.119 0.000 999.99 0.259000   2.875 0.000  2.045 0.000  0.830 0.000 0.005 0.000 0.071 0.000
114.375 115.375  10.47 0.000  0.42 0.000 9.999 0.259000 9.99 0.259000 0.005 0.000   0.086 0.000    0.120 0.000 999.99 0.259000   2.352 0.000  1.598 0.000  0.754 0.000 0.006 0.000 0.075 0.000
117.375 118.375   2.06 0.000 99.99 0.259 9.999 0.259000 9.99 0.259000 0.002 0.000   0.022 0.000    0.031 0.000 999.99 0.259000   1.008 0.000  0.700 0.000  0.309 0.000 0.001 0.000 0.018 0.000
120.375 121.375  26.53 0.000  0.93 0.000 9.999 0.259000 0.07 0.000000 0.005 0.000   0.141 0.000    0.197 0.000 999.99 0.259000   2.955 0.000  1.517 0.000  1.438 0.000 0.020 0.000 0.140 0.000
123.375 124.375  19.67 0.000  1.08 0.000 9.999 0.259000 0.05 0.000000 0.008 0.000   0.448 0.000    0.628 0.000 999.99 0.259000   4.174 0.000  2.033 0.000  2.142 0.000 0.018 0.000 0.199 0.000
126.375 127.375  11.73 0.000  0.77 0.000 9.999 0.259000 9.99 0.259000 0.008 0.000   0.489 0.000    0.684 0.000 999.99 0.259000   3.157 0.000  1.268 0.000  1.888 0.000 0.014 0.000 0.134 0.000
129.375 130.375   3.81 0.000  0.27 0.000 0.019 0.000000 0.05 0.000000 0.007 0.000   0.071 0.000    0.099 0.000 999.99 0.259000   1.745 0.000  0.502 0.000  1.243 0.000 0.005 0.000 0.168 0.000
132.375 133.375  17.79 0.000  0.60 0.000 9.999 0.259000 0.07 0.000000 0.008 0.000   0.225 0.000    0.315 0.000 999.99 0.259000   2.290 0.000  0.744 0.000  1.547 0.000 0.013 0.000 0.235 0.000
135.375 136.375  22.85 0.000  1.01 0.000 9.999 0.259000 0.06 0.000000 0.020 0.559   0.556 0.000    0.778 0.000 999.99 0.259000   4.813 0.000  2.539 0.000  2.274 0.000 0.021 0.000 0.214 0.559
138.375 139.375   8.63 0.000  0.33 0.000 9.999 0.259000 0.06 0.000000 0.002 0.559   0.066 0.000    0.093 0.000 999.99 0.259000   1.238 0.000  0.894 0.000  0.345 0.000 0.004 0.000 0.034 0.559
141.375 142.375  15.76 0.000  0.83 0.000 9.999 0.259000 0.06 0.000000 0.012 0.559   0.457 0.000    0.640 0.000 999.99 0.259000   4.382 0.000  1.838 0.000  2.544 0.000 0.016 0.000 0.345 0.559
144.375 145.375   6.61 0.000  0.21 0.000 9.999 0.259000 0.10 0.000000 0.004 0.000   0.165 0.000    0.230 0.000 999.99 0.259000   1.029 0.000  0.723 0.000  0.306 0.000 0.004 0.000 0.039 0.000
147.375 148.375   5.80 0.000  0.38 0.000 9.999 0.259000 0.05 0.000000 0.004 0.000   0.424 0.000    0.593 0.000 999.99 0.259000   1.947 0.000  1.118 0.000  0.830 0.000 0.006 0.000 0.063 0.000
150.375 151.375   3.99 0.000  0.48 0.000 9.999 0.259000 9.99 0.259000 0.004 0.000   0.475 0.000    0.665 0.000 999.99 0.259000   1.764 0.000  1.091 0.000  0.673 0.000 0.004 0.000 0.036 0.000
153.375 154.375   4.67 0.000  0.38 0.000 0.124 0.000000 0.14 0.000000 0.006 0.000   0.347 0.000    0.486 0.000 999.99 0.259000   1.773 0.000  1.179 0.000  0.594 0.000 0.005 0.000 0.041 0.000
156.375 157.375  12.76 0.000  0.50 0.000 9.999 0.259000 0.08 0.000000 0.006 0.000   1.024 0.000    1.433 0.000 999.99 0.259000   3.509 0.000  1.606 0.000  1.903 0.000 0.011 0.000 0.061 0.000
159.375 160.375  10.78 0.000  0.53 0.000 9.999 0.259000 0.14 0.000000 0.012 0.000   0.612 0.000    0.857 0.000 999.99 0.259000   2.844 0.000  1.619 0.000  1.226 0.000 0.008 0.000 0.074 0.000
162.375 163.375   5.64 0.000  0.47 0.000 9.999 0.259000 0.10 0.000000 0.007 0.000   0.360 0.000    0.503 0.000 999.99 0.259000   2.711 0.000  2.001 0.000  0.710 0.000 0.007 0.000 0.057 0.000
165.375 166.375   6.58 0.000  0.51 0.000 9.999 0.259000 9.99 0.259000 0.004 0.000   0.571 0.000    0.800 0.000 999.99 0.259000   2.376 0.000  1.234 0.000  1.142 0.000 0.007 0.000 0.069 0.000
168.375 169.375   9.55 0.000  0.29 0.000 9.999 0.259000 9.99 0.259000 0.003 0.559   0.219 0.000    0.306 0.000 999.99 0.259000   1.617 0.000  1.349 0.000  0.268 0.000 0.005 0.000 0.019 0.559
171.375 172.375  36.86 0.000  1.45 0.000 9.999 0.259000 0.06 0.000000 0.012 0.559   1.289 0.000    1.804 0.000 999.99 0.259000   4.919 0.000  2.005 0.000  2.914 0.000 0.028 0.000 0.146 0.559
174.375 175.375  22.97 0.000  0.72 0.000 9.999 0.259000 0.63 0.000000 0.021 0.000   0.673 0.000    0.942 0.000 999.99 0.259000   4.485 0.000  2.019 0.000  2.466 0.000 0.017 0.000 0.157 0.000
177.375 178.375   7.17 0.000 99.99 0.259 9.999 0.259000 0.11 0.000000 0.004 0.000   0.946 0.000    1.324 0.000 999.99 0.259000   2.568 0.000  0.975 0.000  1.593 0.000 0.007 0.000 0.056 0.000
180.375 181.375 999.99 0.699 99.99 0.699 9.999 0.699000 9.99 0.699000 0.332 0.000  63.954 0.000   89.535 0.000 999.99 0.699000 999.999 0.699 99.999 0.999 99.999 0.699 9.999 0.699 0.510 0.000
183.375 184.375 999.99 0.699 99.99 0.699 9.999 0.699000 9.99 0.699000 0.293 0.000  39.623 0.000   55.472 0.000 999.99 0.699000 999.999 0.699 99.999 0.999 99.999 0.699 9.999 0.699 0.521 0.000
186.375 187.375   4.11 0.000  0.39 0.000 9.999 0.259000 9.99 0.259000 0.004 0.000   1.416 0.000    1.982 0.000 999.99 0.259000   5.008 0.000  2.207 0.000  2.802 0.000 0.019 0.000 0.098 0.000
189.375 190.375   2.52 0.000  0.27 0.000 9.999 0.259000 9.99 0.259000 0.008 0.000   0.588 0.000    0.823 0.000 999.99 0.259000   2.594 0.000  1.229 0.000  1.365 0.000 0.011 0.000 0.092 0.000
192.375 193.375   6.20 0.000  0.28 0.000 0.040 0.000000 9.99 0.259000 0.006 0.000   2.986 0.000    4.181 0.000 999.99 0.259000   7.530 0.000  1.552 0.000  5.978 0.000 0.036 0.000 0.127 0.000
195.375 196.375 999.99 0.699 99.99 0.699 9.999 0.699000 9.99 0.699000 0.010 0.000   5.463 0.000    7.648 0.000 999.99 0.699000  13.224 0.000 99.999 0.999 99.999 0.699 9.999 0.699 0.144 0.000
198.375 199.375   8.60 0.000  0.29 0.000 9.999 0.259000 0.07 0.000000 0.007 0.000   1.056 0.000    1.479 0.000 999.99 0.259000   3.723 0.000  1.567 0.000  2.156 0.000 0.018 0.000 0.090 0.000
201.375 202.375 999.99 0.699 99.99 0.699 9.999 0.699000 9.99 0.699000 0.021 0.000   5.934 0.000    8.308 0.000 999.99 0.699000  13.387 0.000 99.999 0.999 99.999 0.699 9.999 0.699 0.116 0.000
204.375 205.375   3.32 0.000  0.37 0.000 9.999 0.259000 9.99 0.259000 0.003 0.000   0.262 0.000    0.367 0.000 999.99 0.259000   2.694 0.000  2.152 0.000  0.541 0.000 0.006 0.000 0.027 0.000
207.375 208.375   5.14 0.000 99.99 0.259 9.999 0.259000 9.99 0.259000 0.003 0.000   0.161 0.000    0.225 0.000 999.99 0.259000   2.259 0.000  1.638 0.000  0.621 0.000 0.004 0.000 0.063 0.000
210.375 211.375   2.59 0.000  0.30 0.000 9.999 0.259000 0.08 0.000000 0.003 0.000   0.258 0.000    0.361 0.000 999.99 0.259000   1.936 0.000  1.583 0.000  0.353 0.000 0.005 0.000 0.032 0.000
213.375 214.375   0.97 0.000  0.23 0.000 9.999 0.259000 9.99 0.259000 0.003 0.000   0.431 0.000    0.604 0.000 999.99 0.259000   2.020 0.000  1.205 0.000  0.815 0.000 0.005 0.000 0.043 0.000
216.375 217.375  11.94 0.000  0.61 0.000 9.999 0.259000 9.99 0.259000 0.011 0.000   1.161 0.000    1.626 0.000 999.99 0.259000   5.020 0.000  2.832 0.000  2.188 0.000 0.011 0.000 0.049 0.000
219.375 220.375  13.73 0.000  0.24 0.000 0.019 0.000000 9.99 0.259000 0.006 0.000   5.018 0.000    7.025 0.000 999.99 0.259000  12.174 0.000  3.349 0.000  8.825 0.000 0.046 0.000 0.059 0.000
222.375 223.375 999.99 0.699 99.99 0.699 9.999 0.699000 9.99 0.699000 0.019 0.000   7.117 0.000    9.964 0.000 999.99 0.699000  19.373 0.000 99.999 0.999 99.999 0.699 9.999 0.699 0.114 0.000
225.375 226.375  26.44 0.000  0.29 0.000 9.999 0.259000 9.99 0.259000 0.020 0.000   1.766 0.000    2.473 0.000 999.99 0.259000  13.554 0.000  9.370 0.000  4.184 0.000 0.024 0.000 0.128 0.000
228.375 229.375 999.99 0.699 99.99 0.699 9.999 0.699000 9.99 0.699000 0.134 0.000  38.731 0.000   54.223 0.000 999.99 0.699000  82.856 0.000 99.999 0.999 99.999 0.699 9.999 0.699 0.356 0.000
231.375 232.375 999.99 0.699 99.99 0.699 9.999 0.699000 9.99 0.699000 0.150 0.000  40.571 0.000   56.799 0.000 999.99 0.699000  85.243 0.000 99.999 0.999 99.999 0.699 9.999 0.699 0.382 0.000
234.375 235.375 999.99 0.699 99.99 0.699 9.999 0.699000 9.99 0.699000 0.126 0.000  32.718 0.000   45.804 0.000 999.99 0.699000 999.999 0.699 99.999 0.999 99.999 0.699 9.999 0.699 0.350 0.000
237.375 238.375 999.99 0.699 99.99 0.699 9.999 0.699000 9.99 0.699000 0.869 0.000  73.522 0.000  102.931 0.000 999.99 0.699000 999.999 0.456 99.999 0.999 99.999 0.699 9.999 0.699 0.618 0.000
240.375 241.375 999.99 0.699 99.99 0.699 9.999 0.699000 9.99 0.699000 0.713 0.000  60.012 0.000   84.017 0.000 999.99 0.699000 999.999 0.699 99.999 0.999 99.999 0.699 9.999 0.699 0.500 0.000
243.375 244.375 999.99 0.699 99.99 0.699 9.999 0.699000 9.99 0.699000 0.057 0.000   9.624 0.000   13.474 0.000 999.99 0.699000 999.999 0.699 99.999 0.999 99.999 0.699 9.999 0.699 0.209 0.000
246.375 247.375   1.00 0.000  0.13 0.000 9.999 0.259000 9.99 0.259000 0.004 0.000   0.583 0.000    0.816 0.000 999.99 0.259000   1.662 0.000  0.623 0.000  1.039 0.000 0.003 0.000 0.031 0.000
