scripts/IMPROVE-2019_partial/data/US0203R.19970101090000.20191216000000.filterpack...1y.3d.US03L_filterpack_US0203.US03L_IMPROVE_Davis.lev2.nas
52 1001
MISSING INFORMATION
US03L, IMPROVE, , , , , , , 
MISSING INFORMATION
IMPROVE sel_HTAP
1 1
1997 01 01 2019 12 16
0
days from file reference point
5
1 1 1 1 1
999.999 999.999 9.999 999.999 9.999
end_time of measurement, days from the file reference point
pm10_mass, ug/m3, Matrix=pm10
numflag pm10_mass, no unit, Matrix=pm10
pm25_mass, ug/m3, Matrix=pm25
numflag pm25_mass, no unit, Matrix=pm25
0
33
Data definition:              EBAS_1.1
Set type code:                TI
Timezone:                     UTC
File name:                    US0203R.19970101090000.20191216000000.filterpack...1y.3d.US03L_filterpack_US0203.US03L_IMPROVE_Davis.lev2.nas
File creation:                20191218120226
Startdate:                    19970101090000
Revision date:                20191216000000
Version:                      2
Version description:          "Data extracted from http://views.cira.colostate.edu/fed/DataWizard 2019-12-16"
Statistics:                   arithmetic mean
Data level:                   2
Period code:                  1y
Resolution code:              3d
Sample duration:              1d
Orig. time res.:              3d
Station code:                 US0203R
Platform code:                US0203S
Station name:                 Denali National Park-Mt. McKinley (AK03)
Station latitude:             63.7232
Station longitude:            -148.9676
Station altitude:             661.0 m
Regime:                       IMG
Component:                    
Unit:                         ug/m3
Matrix:                       
Laboratory code:              US03L
Instrument type:              filterpack
Instrument name:              filterpack_US0203
Method ref:                   US03L_IMPROVE_Davis
Blank correction:             Blank corrected
Volume std. temperature:      ambient
Volume std. pressure:         ambient
starttime endtime PM10 flag_PM10 PM2.5 flag_PM2.5
  0.375   1.375   3.827 0.000   1.040 0.000
  3.375   4.375   5.451 0.000   3.776 0.000
  7.375   8.375 999.999 0.999 999.999 0.999
 10.375  11.375   4.380 0.000   0.438 0.000
 14.375  15.375   2.366 0.000   0.357 0.000
 17.375  18.375   1.397 0.000   0.714 0.000
 21.375  22.375   2.762 0.000   0.541 0.000
 24.375  25.375   2.160 0.000   1.402 0.000
 28.375  29.375   7.931 0.000   0.478 0.000
 31.375  32.375   1.435 0.000   1.073 0.000
 35.375  36.375   8.283 0.000 999.999 0.999
 38.375  39.375   6.376 0.000   0.537 0.000
 42.375  43.375   5.348 0.000   0.694 0.000
 45.375  46.375   9.154 0.000   6.339 0.000
 49.375  50.375   0.986 0.000   0.872 0.000
 52.375  53.375  10.952 0.000   4.148 0.000
 56.375  57.375   5.239 0.000   1.147 0.000
 59.375  60.375   4.029 0.000   1.888 0.000
 63.375  64.375   4.133 0.000   1.558 0.000
 66.375  67.375  20.833 0.000   2.990 0.000
 70.375  71.375   8.082 0.000   2.600 0.000
 73.375  74.375   2.786 0.000   1.590 0.000
 77.375  78.375   8.075 0.000   2.172 0.000
 80.375  81.375   9.868 0.000   2.381 0.000
 84.375  85.375   4.565 0.000   2.283 0.000
 87.375  88.375  12.123 0.000   5.556 0.000
 91.375  92.375   3.899 0.000   2.233 0.000
 94.375  95.375  16.141 0.000   9.012 0.000
 98.375  99.375   5.936 0.000   0.729 0.000
101.375 102.375   4.897 0.000   2.178 0.000
105.375 106.375   7.690 0.000   6.155 0.000
108.375 109.375  13.614 0.000   6.850 0.000
112.375 113.375   5.647 0.000   1.383 0.000
115.375 116.375   3.022 0.000 999.999 0.999
119.375 120.375   4.767 0.000   0.830 0.000
122.375 123.375   3.968 0.000 999.999 0.999
126.375 127.375   4.306 0.000   2.203 0.000
129.375 130.375   4.235 0.000   1.577 0.000
133.375 134.375   1.009 0.000   0.819 0.000
136.375 137.375   4.655 0.000   3.942 0.000
140.375 141.375   8.408 0.000   2.032 0.000
143.375 144.375   2.522 0.000   1.698 0.000
147.375 148.375   6.071 0.000   3.716 0.000
150.375 151.375   3.858 0.000   1.946 0.000
154.375 155.375  10.579 0.000   2.151 0.000
157.375 158.375 999.999 0.999   5.904 0.000
161.375 162.375   7.852 0.000   1.691 0.000
164.375 165.375   6.983 0.000   4.094 0.000
168.375 169.375   4.655 0.000   2.404 0.000
171.375 172.375  12.114 0.000   4.452 0.000
175.375 176.375   4.802 0.000   3.047 0.000
178.375 179.375  13.168 0.000   8.497 0.000
182.375 183.375  19.921 0.000  14.592 0.000
185.375 186.375   4.944 0.000   3.143 0.000
189.375 190.375  27.421 0.000  24.668 0.000
192.375 193.375   3.131 0.000   1.377 0.000
196.375 197.375   7.812 0.000   3.157 0.000
199.375 200.375   4.577 0.000   3.938 0.000
203.375 204.375   7.175 0.000   3.618 0.000
206.375 207.375 999.999 0.999  35.548 0.000
210.375 211.375   9.323 0.000   4.837 0.000
213.375 214.375  10.147 0.000   3.443 0.000
217.375 218.375   7.875 0.000   3.251 0.000
220.375 221.375   9.470 0.000   2.689 0.000
224.375 225.375   7.868 0.000   0.898 0.000
227.375 228.375   7.145 0.000   1.533 0.000
231.375 232.375   5.848 0.000   1.547 0.000
234.375 235.375  11.249 0.000   1.293 0.000
238.375 239.375   4.136 0.000   1.407 0.000
241.375 242.375   3.968 0.000   2.095 0.000
245.375 246.375   8.940 0.000   1.057 0.000
248.375 249.375   4.087 0.000   1.178 0.000
252.375 253.375 999.999 0.999 999.999 0.999
255.375 256.375 999.999 0.999 999.999 0.999
259.375 260.375 999.999 0.999 999.999 0.999
262.375 263.375   3.373 0.000   1.333 0.000
266.375 267.375   1.144 0.000 999.999 0.259
269.375 270.375   1.653 0.000   0.733 0.000
273.375 274.375   2.410 0.000   1.068 0.000
276.375 277.375  11.846 0.000   0.471 0.000
280.375 281.375   3.980 0.000   0.418 0.000
283.375 284.375  16.357 0.000   1.856 0.000
287.375 288.375  11.727 0.000   0.772 0.000
290.375 291.375 999.999 0.999 999.999 0.999
294.375 295.375   2.091 0.000   1.428 0.000
297.375 298.375   8.004 0.000   2.381 0.000
301.375 302.375   2.864 0.000   1.876 0.000
304.375 305.375   4.669 0.000   3.489 0.000
308.375 309.375   6.173 0.000   1.712 0.000
311.375 312.375   2.083 0.000   1.131 0.000
315.375 316.375   1.627 0.000   0.326 0.000
318.375 319.375 999.999 0.999   0.489 0.000
322.375 323.375   2.705 0.000   1.263 0.000
325.375 326.375 999.999 0.999   1.395 0.000
329.375 330.375   2.786 0.000   1.269 0.000
332.375 333.375   0.838 0.000 999.999 0.259
336.375 337.375 999.999 0.259   0.399 0.000
339.375 340.375   0.629 0.000 999.999 0.259
343.375 344.375   0.975 0.000   0.722 0.000
346.375 347.375   2.273 0.000   1.486 0.000
350.375 351.375   3.472 0.000   1.528 0.000
353.375 354.375   2.124 0.000   1.202 0.000
357.375 358.375   6.061 0.000   0.406 0.000
360.375 361.375 999.999 0.999   3.083 0.000
364.375 365.375   8.123 0.000   1.175 0.000
