scripts/IMPROVE-2019_partial/data/US0203R.19950104090000.20191216000000.filterpack...1y.3d.US03L_filterpack_US0203.US03L_IMPROVE_Davis.lev2.nas
52 1001
MISSING INFORMATION
US03L, IMPROVE, , , , , , , 
MISSING INFORMATION
IMPROVE sel_HTAP
1 1
1995 01 01 2019 12 16
0
days from file reference point
5
1 1 1 1 1
999.999 999.999 9.999 99.999 9.999
end_time of measurement, days from the file reference point
pm10_mass, ug/m3, Matrix=pm10
numflag pm10_mass, no unit, Matrix=pm10
pm25_mass, ug/m3, Matrix=pm25
numflag pm25_mass, no unit, Matrix=pm25
0
33
Data definition:              EBAS_1.1
Set type code:                TI
Timezone:                     UTC
File name:                    US0203R.19950104090000.20191216000000.filterpack...1y.3d.US03L_filterpack_US0203.US03L_IMPROVE_Davis.lev2.nas
File creation:                20191218120226
Startdate:                    19950104090000
Revision date:                20191216000000
Version:                      2
Version description:          "Data extracted from http://views.cira.colostate.edu/fed/DataWizard 2019-12-16"
Statistics:                   arithmetic mean
Data level:                   2
Period code:                  1y
Resolution code:              3d
Sample duration:              1d
Orig. time res.:              3d
Station code:                 US0203R
Platform code:                US0203S
Station name:                 Denali National Park-Mt. McKinley (AK03)
Station latitude:             63.7232
Station longitude:            -148.9676
Station altitude:             661.0 m
Regime:                       IMG
Component:                    
Unit:                         ug/m3
Matrix:                       
Laboratory code:              US03L
Instrument type:              filterpack
Instrument name:              filterpack_US0203
Method ref:                   US03L_IMPROVE_Davis
Blank correction:             Blank corrected
Volume std. temperature:      ambient
Volume std. pressure:         ambient
starttime endtime PM10 flag_PM10 PM2.5 flag_PM2.5
  3.375   4.375   1.159 0.000  0.556 0.000
  6.375   7.375   1.375 0.000  0.588 0.000
 10.375  11.375   6.923 0.000  1.065 0.000
 13.375  14.375   3.285 0.000  0.871 0.000
 17.375  18.375   2.530 0.000  0.698 0.000
 20.375  21.375   2.248 0.000 99.999 0.259
 24.375  25.375   2.560 0.000  1.947 0.000
 27.375  28.375   3.100 0.000  1.546 0.000
 31.375  32.375   3.308 0.000 99.999 0.259
 34.375  35.375   1.046 0.000 99.999 0.259
 38.375  39.375   2.164 0.000  0.484 0.000
 41.375  42.375   1.158 0.000  1.022 0.000
 45.375  46.375   7.309 0.000  3.510 0.000
 48.375  49.375   5.141 0.000  3.497 0.000
 52.375  53.375  13.000 0.000  3.067 0.000
 55.375  56.375   3.755 0.000  2.102 0.000
 59.375  60.375   7.438 0.000  0.507 0.000
 62.375  63.375   4.144 0.000  1.110 0.000
 66.375  67.375   5.532 0.000  4.527 0.000
 69.375  70.375   6.151 0.000  3.252 0.000
 73.375  74.375   5.633 0.000  3.154 0.000
 76.375  77.375   3.795 0.000  2.437 0.000
 80.375  81.375   5.706 0.000  2.999 0.000
 83.375  84.375   6.034 0.000  5.248 0.000
 87.375  88.375   1.661 0.000  1.105 0.000
 90.375  91.375   2.404 0.000  1.799 0.000
 94.375  95.375   2.253 0.000 99.999 0.999
 97.375  98.375   4.197 0.000  1.799 0.000
101.375 102.375   4.868 0.000  1.073 0.000
104.375 105.375   5.418 0.000  0.943 0.000
108.375 109.375   3.056 0.000  1.251 0.000
111.375 112.375   2.497 0.000  0.713 0.000
115.375 116.375   3.240 0.000 99.999 0.999
118.375 119.375   4.250 0.000  2.851 0.000
122.375 123.375   8.982 0.000  2.858 0.000
125.375 126.375   7.691 0.000  3.165 0.000
129.375 130.375   6.832 0.000  4.317 0.000
132.375 133.375   4.808 0.000  2.438 0.000
136.375 137.375   1.914 0.000  0.720 0.000
139.375 140.375   3.281 0.000  1.277 0.000
143.375 144.375   2.538 0.000  0.624 0.000
146.375 147.375  14.075 0.000  0.660 0.000
150.375 151.375   2.166 0.000  0.872 0.000
153.375 154.375   2.339 0.000  1.152 0.000
157.375 158.375   2.221 0.000  0.586 0.000
160.375 161.375   3.098 0.000  1.431 0.000
164.375 165.375   6.119 0.000  3.425 0.000
167.375 168.375   2.892 0.000  1.530 0.000
171.375 172.375   5.989 0.000 99.999 0.999
174.375 175.375   2.389 0.000  0.546 0.000
178.375 179.375  13.163 0.000  1.503 0.000
181.375 182.375  13.573 0.000  2.215 0.000
185.375 186.375   6.323 0.000  2.643 0.000
188.375 189.375   2.163 0.000  0.676 0.000
192.375 193.375   2.216 0.000  1.142 0.000
195.375 196.375   3.701 0.000  1.256 0.000
199.375 200.375   6.425 0.000  1.728 0.000
202.375 203.375   2.897 0.000  0.761 0.000
206.375 207.375   2.918 0.000  0.857 0.000
209.375 210.375   3.003 0.000  1.111 0.000
213.375 214.375   2.239 0.000 99.999 0.999
216.375 217.375   1.931 0.000  0.548 0.000
220.375 221.375   4.850 0.000  1.767 0.000
223.375 224.375   2.094 0.000  1.198 0.000
227.375 228.375   3.472 0.000  1.018 0.000
230.375 231.375   2.781 0.000  0.557 0.000
234.375 235.375   4.526 0.000  1.473 0.000
237.375 238.375   4.336 0.000  1.520 0.000
241.375 242.375   3.545 0.000  0.599 0.000
244.375 245.375   2.159 0.000 99.999 0.999
248.375 249.375   2.581 0.000  0.920 0.000
251.375 252.375   2.327 0.000  1.013 0.000
255.375 256.375   1.145 0.000  1.401 0.000
258.375 259.375   1.939 0.000  0.886 0.000
262.375 263.375   7.523 0.000  0.443 0.000
265.375 266.375   1.023 0.000  0.709 0.000
269.375 270.375   1.772 0.000  0.451 0.000
272.375 273.375   3.947 0.000  0.571 0.000
276.375 277.375   0.572 0.000 99.999 0.999
279.375 280.375   2.364 0.000  1.193 0.000
283.375 284.375   2.515 0.000  1.083 0.000
286.375 287.375   0.737 0.000 99.999 0.259
290.375 291.375   3.066 0.000  1.345 0.000
293.375 294.375   1.918 0.000  1.032 0.000
297.375 298.375   1.820 0.000  1.614 0.000
300.375 301.375   1.374 0.000  0.362 0.000
304.375 305.375   1.821 0.000  0.608 0.000
307.375 308.375   1.698 0.000  0.643 0.000
311.375 312.375   5.451 0.000  0.628 0.000
314.375 315.375   3.053 0.000  0.951 0.000
318.375 319.375   0.844 0.000 99.999 0.999
321.375 322.375   2.431 0.000  0.694 0.000
325.375 326.375   0.966 0.000 99.999 0.999
328.375 329.375   2.072 0.000  1.338 0.000
332.375 333.375 999.999 0.999 99.999 0.999
335.375 336.375 999.999 0.999 99.999 0.999
339.375 340.375   2.832 0.000  3.130 0.000
342.375 343.375   1.990 0.000  1.239 0.000
346.375 347.375   4.543 0.000  1.414 0.000
349.375 350.375   3.491 0.000  2.577 0.000
353.375 354.375   1.119 0.000  0.313 0.000
356.375 357.375  11.271 0.000 99.999 0.259
360.375 361.375   0.868 0.000 99.999 0.259
363.375 364.375   9.008 0.000  0.988 0.000
