scripts/IMPROVE-2019_partial/data/US0203R.20000101090000.20191216000000.filterpack..pm25.52w.1w.US03L_filterpack_US0203.US03L_IMPROVE_Davis.lev2.nas
66 1001
MISSING INFORMATION
US03L, IMPROVE, , , , , , , 
MISSING INFORMATION
IMPROVE sel_HTAP
1 1
2000 01 01 2019 12 16
0
days from file reference point
27
1 1 1 1 1 1 1 1 1 1 1 1 1 1 1 1 1 1 1 1 1 1 1 1 1 1 1
999.999 999.99 9.999 99.99 9.999999 9.999 9.999999 9.99 9.999999 9.999 9.999999 999.999 9.999 999.999 9.999 99.99 9.999999 999.999 9.999 99.999 9.999 999.999 9.999 9.999 9.999 9.999 9.999
end_time of measurement, days from the file reference point
iron, ng/m3, Revision date=20181210133000
numflag iron, no unit, Revision date=20181210133000
lead, ng/m3, Revision date=20181210133000
numflag lead, no unit, Revision date=20181210133000
magnesium, ug/m3, Revision date=20181210133000
numflag magnesium, no unit, Revision date=20181210133000
nickel, ng/m3, Revision date=20181210133000
numflag nickel, no unit, Revision date=20181210133000
nitrate, ug N/m3, Revision date=20181210133000
numflag nitrate, no unit, Revision date=20181210133000
organic_carbon, ug C/m3, Revision date=20181210133000
numflag organic_carbon, no unit, Revision date=20181210133000
organic_mass, ug/m3, Revision date=20181210133000
numflag organic_mass, no unit, Revision date=20181210133000
phosphorus, ng/m3, Revision date=20181210133000
numflag phosphorus, no unit, Revision date=20181210133000
pm10_mass, ug/m3, Version=2, Version description=Data extracted from http://views.cira.colostate.edu/fed/DataWizard 2019-12-16, Sample duration=1d, Orig. time res.=3d, Matrix=pm10, Blank correction=Blank corrected, Volume std. temperature=ambient, Volume std. pressure=ambient
numflag pm10_mass, no unit, Version=2, Version description=Data extracted from http://views.cira.colostate.edu/fed/DataWizard 2019-12-16, Sample duration=1d, Orig. time res.=3d, Matrix=pm10, Blank correction=Blank corrected, Volume std. temperature=ambient, Volume std. pressure=ambient
pm10_pm25_mass, ug/m3, Revision date=20181210133000, Matrix=pm10_pm25
numflag pm10_pm25_mass, no unit, Revision date=20181210133000, Matrix=pm10_pm25
pm25_mass, ug/m3, Version=2, Version description=Data extracted from http://views.cira.colostate.edu/fed/DataWizard 2019-12-16, Sample duration=1d, Orig. time res.=3d, Blank correction=Blank corrected, Volume std. temperature=ambient, Volume std. pressure=ambient
numflag pm25_mass, no unit, Version=2, Version description=Data extracted from http://views.cira.colostate.edu/fed/DataWizard 2019-12-16, Sample duration=1d, Orig. time res.=3d, Blank correction=Blank corrected, Volume std. temperature=ambient, Volume std. pressure=ambient
potassium, ug/m3, Revision date=20181210133000
numflag potassium, no unit, Revision date=20181210133000
sulphate_total, ug S/m3, Revision date=20181210133000
numflag sulphate_total, no unit, Revision date=20181210133000
0
25
Data definition:              EBAS_1.1
Set type code:                TI
Timezone:                     UTC
File name:                    US0203R.20000101090000.20191216000000.filterpack..pm25.52w.1w.US03L_filterpack_US0203.US03L_IMPROVE_Davis.lev2.nas
File creation:                20191218120226
Startdate:                    20000101090000
Revision date:                20191216000000
Statistics:                   arithmetic mean
Data level:                   2
Period code:                  52w
Resolution code:              1w
Station code:                 US0203R
Platform code:                US0203S
Station name:                 Denali National Park-Mt. McKinley (AK03)
Station latitude:             63.7232
Station longitude:            -148.9676
Station altitude:             661.0 m
Regime:                       IMG
Component:                    
Matrix:                       pm25
Laboratory code:              US03L
Instrument type:              filterpack
Instrument name:              filterpack_US0203
Method ref:                   US03L_IMPROVE_Davis
starttime endtime Fe flag_Fe Pb flag_Pb Mg++ flag_Mg++ Ni flag_Ni NO3- flag_NO3- OC flag_OC OM flag_OM P flag_P PM10 flag_PM10 PM10-PM2.5 flag_PM10-PM2.5 PM2.5 flag_PM2.5 K+ flag_K+ SO4-- flag_SO4--
  0.375   1.375   3.26 0.000  0.49 0.000000 9.999 0.259000 9.99 0.259000 0.021 0.559000   0.214 0.000   0.299 0.000 99.99 0.259000   1.530 0.000  0.215 0.000   1.316 0.000 0.007 0.000 0.157 0.559
  4.375   5.375   2.93 0.000  0.62 0.000000 9.999 0.259000 9.99 0.259000 0.011 0.000000   0.137 0.000   0.192 0.000 99.99 0.259000   4.409 0.000  2.597 0.000   1.812 0.000 0.006 0.000 0.083 0.000
  7.375   8.375   6.50 0.000  0.39 0.000000 9.999 0.259000 9.99 0.259000 0.012 0.559000   0.368 0.000   0.516 0.000 99.99 0.259000   1.170 0.000  0.336 0.000   0.835 0.000 0.008 0.000 0.108 0.559
 11.375  12.375   5.71 0.000  0.65 0.000000 9.999 0.259000 9.99 0.259000 0.039 0.000000   0.278 0.000   0.390 0.000 99.99 0.259000   2.740 0.000  0.849 0.000   1.891 0.000 0.014 0.000 0.218 0.000
 14.375  15.375   6.90 0.456  1.05 0.456000 0.017 0.456000 9.99 0.456259 0.024 0.559000   0.317 0.000   0.444 0.000 99.99 0.456259   1.314 0.000 99.999 0.999 999.999 0.456 0.012 0.456 0.158 0.559
 18.375  19.375   1.65 0.000  0.14 0.000000 0.007 0.000000 9.99 0.259000 0.001 0.000000   0.272 0.000   0.381 0.000 99.99 0.259000   0.981 0.000  0.712 0.000   0.269 0.000 0.003 0.000 0.029 0.000
 21.375  22.375   1.83 0.000 99.99 0.259000 9.999 0.259000 9.99 0.259000 0.001 0.559000   0.143 0.000   0.201 0.000 99.99 0.259000   0.491 0.000  0.281 0.000   0.209 0.000 0.002 0.000 0.006 0.559
 25.375  26.375   2.20 0.000  0.30 0.000000 9.999 0.259000 9.99 0.259000 0.007 0.559000   0.238 0.000   0.333 0.000 99.99 0.259000   1.201 0.000  0.537 0.000   0.664 0.000 0.003 0.000 0.025 0.559
 28.375  29.375   3.02 0.000  0.64 0.000000 0.176 0.000000 9.99 0.259000 0.036 0.000000   0.237 0.000   0.332 0.000 99.99 0.259000   5.293 0.000  2.030 0.000   3.263 0.000 0.036 0.000 0.093 0.000
 32.375  33.375   1.69 0.000 99.99 0.259000 9.999 0.259000 0.14 0.000000 0.005 0.559000   0.148 0.000   0.207 0.000 99.99 0.259000   1.337 0.000  1.038 0.000   0.299 0.000 0.003 0.000 0.005 0.559
 35.375  36.375   1.11 0.000  0.15 0.000000 0.003 0.000000 9.99 0.259000 9.999 0.259000   0.071 0.000   0.099 0.000  2.25 0.000000 999.999 0.456 99.999 0.999   0.768 0.000 0.006 0.000 0.001 0.000
 39.375  40.375   0.76 0.000 99.99 0.259000 9.999 0.259000 0.14 0.000000 0.000 0.559000   0.039 0.000   0.054 0.000 99.99 0.259000   0.377 0.000  0.259 0.000   0.119 0.000 0.003 0.000 0.002 0.559
 42.375  43.375   1.39 0.000  0.10 0.000000 9.999 0.259000 9.99 0.259000 9.999 0.259000   0.218 0.000   0.305 0.000 99.99 0.259000   0.340 0.000 99.999 0.259   0.425 0.000 0.005 0.000 9.999 0.259
 46.375  47.375   2.48 0.000  0.11 0.000000 9.999 0.259000 9.99 0.259000 0.003 0.000000   0.260 0.000   0.364 0.000 99.99 0.259000   0.933 0.000  0.043 0.000   0.890 0.000 0.006 0.000 0.023 0.000
 49.375  50.375   3.82 0.000  0.20 0.000000 9.999 0.259000 0.10 0.000000 0.002 0.000000   0.517 0.000   0.724 0.000 99.99 0.259000   0.709 0.000  0.086 0.000   0.623 0.000 0.004 0.000 0.011 0.000
 53.375  54.375   1.66 0.000  0.21 0.000000 0.004 0.000000 9.99 0.259000 0.005 0.000000   0.162 0.000   0.227 0.000 99.99 0.259000   1.182 0.000  0.589 0.000   0.594 0.000 0.004 0.000 0.049 0.000
 56.375  57.375   3.37 0.000  0.09 0.000000 9.999 0.259000 9.99 0.259000 0.004 0.000000   0.143 0.000   0.200 0.000 99.99 0.259000   0.850 0.000  0.197 0.000   0.653 0.000 0.006 0.000 0.027 0.000
 60.375  61.375   4.25 0.000  0.18 0.000000 9.999 0.259000 9.99 0.259000 0.003 0.000000   0.124 0.000   0.173 0.000 99.99 0.259000   1.419 0.000  0.525 0.000   0.894 0.000 0.008 0.000 0.017 0.000
 63.375  64.375   2.26 0.000 99.99 0.259000 0.003 0.000000 9.99 0.259000 0.005 0.559000   0.208 0.000   0.292 0.000 99.99 0.259000   1.456 0.000  0.711 0.000   0.745 0.000 0.005 0.000 0.016 0.559
 67.375  68.375   4.59 0.000  0.53 0.000000 0.009 0.000000 9.99 0.259000 0.015 0.559000   0.240 0.000   0.336 0.000 99.99 0.259000   2.142 0.000  0.701 0.000   1.442 0.000 0.009 0.000 0.060 0.559
 70.375  71.375   6.29 0.000  0.47 0.000000 9.999 0.259000 9.99 0.259000 0.008 0.559000   0.311 0.000   0.435 0.000 99.99 0.259000   2.734 0.000  1.645 0.000   1.089 0.000 0.005 0.000 0.064 0.559
 74.375  75.375   3.82 0.000  0.25 0.000000 0.008 0.000000 9.99 0.259000 0.004 0.000000   0.141 0.000   0.197 0.000 99.99 0.259000   0.591 0.000  0.055 0.000   0.536 0.000 0.003 0.000 0.030 0.000
 77.375  78.375  12.00 0.000  1.51 0.000000 9.999 0.259000 9.99 0.259000 0.012 0.000000   0.334 0.000   0.467 0.000 99.99 0.259000   2.992 0.000  0.858 0.000   2.134 0.000 0.015 0.000 0.236 0.000
 81.375  82.375   2.02 0.000  0.24 0.000000 9.999 0.259000 9.99 0.259000 0.007 0.559000   0.084 0.000   0.117 0.000 99.99 0.259000   0.560 0.000  0.199 0.000   0.361 0.000 0.006 0.000 0.034 0.559
 84.375  85.375   8.99 0.000  1.12 0.000000 0.014 0.000000 9.99 0.259000 0.016 0.000000   0.180 0.000   0.252 0.000 99.99 0.259000   2.800 0.000  0.863 0.000   1.937 0.000 0.011 0.000 0.224 0.000
 88.375  89.375  10.73 0.000  0.24 0.000000 9.999 0.259000 9.99 0.259000 0.004 0.000000   0.269 0.000   0.377 0.000 99.99 0.259000   1.968 0.000  0.609 0.000   1.359 0.000 0.008 0.000 0.058 0.000
 91.375  92.375   7.64 0.000  0.34 0.000000 9.999 0.259000 9.99 0.259000 0.017 0.000000   0.321 0.000   0.450 0.000 99.99 0.259000   2.897 0.000  0.861 0.000   2.035 0.000 0.011 0.000 0.179 0.000
 95.375  96.375  12.29 0.000  0.72 0.000000 9.999 0.259000 9.99 0.259000 0.022 0.000000   0.357 0.000   0.500 0.000 99.99 0.259000   2.719 0.000  0.909 0.000   1.810 0.000 0.013 0.000 0.179 0.000
 98.375  99.375  11.12 0.000  0.36 0.000000 0.006 0.000000 9.99 0.259000 0.010 0.000000   0.277 0.000   0.388 0.000 99.99 0.259000   2.241 0.000  0.757 0.000   1.484 0.000 0.011 0.000 0.115 0.000
102.375 103.375  26.60 0.000  1.01 0.000000 9.999 0.259000 9.99 0.259000 0.011 0.000000   0.686 0.000   0.961 0.000 99.99 0.259000   3.211 0.000  1.423 0.000   1.788 0.000 0.021 0.000 0.164 0.000
105.375 106.375  23.98 0.000  0.61 0.000000 0.013 0.000000 9.99 0.259000 0.007 0.000000   0.656 0.000   0.919 0.000 99.99 0.259000   4.182 0.000  1.989 0.000   2.193 0.000 0.019 0.000 0.199 0.000
109.375 110.375  10.89 0.000  0.17 0.000000 0.009 0.000000 9.99 0.259000 0.001 0.000000   0.496 0.000   0.695 0.000 99.99 0.259000   2.168 0.000  1.728 0.000   0.440 0.000 0.006 0.000 0.021 0.000
112.375 113.375  10.23 0.000  0.38 0.000000 9.999 0.259000 9.99 0.259000 0.005 0.000000   0.659 0.000   0.923 0.000 99.99 0.259000   1.837 0.000  0.913 0.000   0.924 0.000 0.010 0.000 0.050 0.000
116.375 117.375   8.98 0.000  0.22 0.000000 9.999 0.259000 9.99 0.259000 0.011 0.000000   0.277 0.000   0.388 0.000 99.99 0.259000   1.963 0.000  1.254 0.000   0.709 0.000 0.007 0.000 0.081 0.000
119.375 120.375  14.02 0.000  0.48 0.000000 9.999 0.259000 9.99 0.259000 0.027 0.000000   0.600 0.000   0.840 0.000 99.99 0.259000   3.127 0.000  1.561 0.000   1.566 0.000 0.016 0.000 0.118 0.000
123.375 124.375  19.46 0.000  0.35 0.000000 0.010 0.000000 9.99 0.259000 0.010 0.000000   0.508 0.000   0.711 0.000 99.99 0.259000   2.609 0.000  1.371 0.000   1.238 0.000 0.012 0.000 0.088 0.000
126.375 127.375  16.02 0.000  0.44 0.000000 9.999 0.259000 9.99 0.259000 0.005 0.000000   0.379 0.000   0.530 0.000 99.99 0.259000   2.719 0.000  1.821 0.000   0.898 0.000 0.011 0.000 0.073 0.000
130.375 131.375  14.40 0.000  0.47 0.000000 9.999 0.259000 9.99 0.259000 0.009 0.000000   0.550 0.000   0.770 0.000 99.99 0.259000   3.617 0.000  0.704 0.000   2.913 0.000 0.016 0.000 0.254 0.000
133.375 134.375  12.67 0.000  0.40 0.000000 9.999 0.259000 9.99 0.259000 0.006 0.000000   0.681 0.000   0.953 0.000 99.99 0.259000   3.689 0.000  1.472 0.000   2.218 0.000 0.014 0.000 0.172 0.000
137.375 138.375  10.68 0.000  0.17 0.000000 9.999 0.259000 9.99 0.259000 0.002 0.000000   0.896 0.000   1.254 0.000 99.99 0.259000   2.945 0.000  1.879 0.000   1.066 0.000 0.009 0.000 0.052 0.000
140.375 141.375   5.96 0.000 99.99 0.259000 9.999 0.259000 9.99 0.259000 0.006 0.000000   0.612 0.000   0.857 0.000 99.99 0.259000   2.218 0.000  1.110 0.000   1.107 0.000 0.005 0.000 0.070 0.000
144.375 145.375   4.42 0.000  0.24 0.000000 9.999 0.259000 9.99 0.259000 0.002 0.000000   0.354 0.000   0.496 0.000 99.99 0.259000   1.527 0.000  0.722 0.000   0.805 0.000 0.004 0.000 0.063 0.000
147.375 148.375  10.10 0.000 99.99 0.259000 9.999 0.259000 9.99 0.259000 0.007 0.000000   0.689 0.000   0.964 0.000 99.99 0.259000   3.345 0.000  1.080 0.000   2.265 0.000 0.012 0.000 0.161 0.000
151.375 152.375  13.44 0.000  0.30 0.000000 9.999 0.259000 9.99 0.259000 0.010 0.000000   0.732 0.000   1.025 0.000 99.99 0.259000   2.864 0.000  1.353 0.000   1.511 0.000 0.008 0.000 0.088 0.000
154.375 155.375  19.57 0.000 99.99 0.259000 9.999 0.259000 9.99 0.259000 0.020 0.000000   0.788 0.000   1.104 0.000 99.99 0.259000   4.546 0.000  1.964 0.000   2.582 0.000 0.018 0.000 0.144 0.000
158.375 159.375  38.18 0.000 99.99 0.259000 9.999 0.259000 9.99 0.259000 0.011 0.000000   0.550 0.000   0.770 0.000 99.99 0.259000   7.732 0.000  5.328 0.000   2.404 0.000 0.021 0.000 0.084 0.000
161.375 162.375  29.84 0.000  0.39 0.000000 0.008 0.000000 9.99 0.259000 0.008 0.000000   0.644 0.000   0.901 0.000 99.99 0.259000   7.553 0.000  5.357 0.000   2.196 0.000 0.015 0.000 0.045 0.000
165.375 166.375  14.78 0.000 99.99 0.259000 9.999 0.259000 9.99 0.259000 0.011 0.000000   0.460 0.000   0.644 0.000 99.99 0.259000   2.604 0.000  0.705 0.000   1.899 0.000 0.012 0.000 0.048 0.000
168.375 169.375   8.04 0.000 99.99 0.259000 9.999 0.259000 9.99 0.259000 0.007 0.000000   0.805 0.000   1.127 0.000 99.99 0.259000   3.798 0.000  1.281 0.000   2.517 0.000 0.009 0.000 0.089 0.000
172.375 173.375   5.85 0.000  0.14 0.000000 9.999 0.259000 0.21 0.000000 0.002 0.000000   0.610 0.000   0.854 0.000 99.99 0.259000   2.555 0.000  1.333 0.000   1.222 0.000 0.005 0.000 0.039 0.000
175.375 176.375  15.93 0.000  0.09 0.000000 9.999 0.259000 9.99 0.259000 0.005 0.000000   1.481 0.000   2.074 0.000 99.99 0.259000   4.498 0.000  1.875 0.000   2.623 0.000 0.012 0.000 0.031 0.000
179.375 180.375   9.46 0.000 99.99 0.259000 9.999 0.259000 9.99 0.259000 0.006 0.000000   3.047 0.000   4.266 0.000 99.99 0.259000   9.508 0.000  3.298 0.000   6.210 0.000 0.035 0.000 0.100 0.000
182.375 183.375  15.51 0.559 99.99 0.559259 9.999 0.559259 9.99 0.559259 0.068 0.000000  19.217 0.000  26.903 0.000 99.99 0.559259  41.481 0.000  3.788 0.000  37.693 0.559 0.140 0.559 0.201 0.000
186.375 187.375   8.43 0.000 99.99 0.259000 9.999 0.259000 9.99 0.259000 0.009 0.000000   0.735 0.000   1.030 0.000 99.99 0.259000   4.268 0.000  2.054 0.000   2.214 0.000 0.012 0.000 0.077 0.000
189.375 190.375  38.33 0.699 99.99 0.699259 9.999 0.699259 9.99 0.699259 0.111 0.000000  17.430 0.000  24.401 0.000 99.99 0.699259  35.985 0.000  2.294 0.000  33.691 0.699 0.152 0.699 0.175 0.000
193.375 194.375   4.24 0.000 99.99 0.259000 9.999 0.259000 9.99 0.259000 0.004 0.000000   1.001 0.000   1.401 0.000 99.99 0.259000   4.508 0.000  2.265 0.000   2.243 0.000 0.015 0.000 0.031 0.000
196.375 197.375   2.10 0.000  0.18 0.000000 9.999 0.259000 9.99 0.259000 0.002 0.000000   0.250 0.000   0.349 0.000 99.99 0.259000   1.854 0.000  1.209 0.000   0.645 0.000 0.006 0.000 0.024 0.000
200.375 201.375   5.99 0.000 99.99 0.259000 9.999 0.259000 9.99 0.259000 0.003 0.000000   0.252 0.000   0.353 0.000 99.99 0.259000   2.400 0.000  1.267 0.000   1.133 0.000 0.003 0.000 0.061 0.000
203.375 204.375   3.95 0.000 99.99 0.259000 9.999 0.259000 9.99 0.259000 9.999 0.259000   0.290 0.000   0.406 0.000 99.99 0.259000   1.563 0.000  1.027 0.000   0.536 0.000 0.004 0.000 0.012 0.000
207.375 208.375   3.09 0.000 99.99 0.259000 9.999 0.259000 9.99 0.259000 0.002 0.000000   0.306 0.000   0.429 0.000 99.99 0.259000   1.700 0.000  1.114 0.000   0.586 0.000 0.006 0.000 0.014 0.000
210.375 211.375   3.23 0.000 99.99 0.259000 9.999 0.259000 9.99 0.259000 0.004 0.000000   1.480 0.000   2.073 0.000 99.99 0.259000   4.738 0.000  1.533 0.000   3.205 0.000 0.018 0.000 0.039 0.000
214.375 215.375   3.81 0.000  0.05 0.000000 9.999 0.259000 9.99 0.259000 0.004 0.000000   0.981 0.000   1.373 0.000 99.99 0.259000   3.798 0.000  1.303 0.000   2.495 0.000 0.011 0.000 0.059 0.000
217.375 218.375   2.18 0.000 99.99 0.259000 9.999 0.259000 9.99 0.259000 9.999 0.259000   0.192 0.000   0.269 0.000 99.99 0.259000   1.194 0.000  0.896 0.000   0.298 0.000 9.999 0.259 0.014 0.000
221.375 222.375   2.19 0.000 99.99 0.259000 0.003 0.000000 9.99 0.259000 0.003 0.000000   0.861 0.000   1.205 0.000  3.25 0.000000   3.870 0.000  1.535 0.000   2.335 0.000 0.008 0.000 0.043 0.000
224.375 225.375   1.10 0.000 99.99 0.259000 9.999 0.259000 9.99 0.259000 0.002 0.000000   0.154 0.000   0.216 0.000 99.99 0.259000   2.026 0.000  1.276 0.000   0.749 0.000 0.004 0.000 0.059 0.000
228.375 229.375   4.58 0.000 99.99 0.259000 9.999 0.259000 9.99 0.259000 0.002 0.000000   0.227 0.000   0.318 0.000 99.99 0.259000   1.984 0.000  1.503 0.000   0.481 0.000 0.004 0.000 0.014 0.000
231.375 232.375   1.65 0.000 99.99 0.259000 9.999 0.259000 9.99 0.259000 0.002 0.000000   0.138 0.000   0.194 0.000 99.99 0.259000   1.029 0.000  0.818 0.000   0.210 0.000 0.006 0.000 0.011 0.000
235.375 236.375   3.91 0.000 99.99 0.259000 9.999 0.259000 9.99 0.259000 0.004 0.000000   0.081 0.000   0.113 0.000 99.99 0.259000   1.672 0.000  1.285 0.000   0.388 0.000 0.004 0.000 0.016 0.000
238.375 239.375   1.44 0.000 99.99 0.259000 9.999 0.259000 9.99 0.259000 0.002 0.000000   0.092 0.000   0.129 0.000 99.99 0.259000   0.873 0.000  0.752 0.000   0.120 0.000 9.999 0.259 0.007 0.000
242.375 243.375   9.16 0.000 99.99 0.259000 9.999 0.259000 9.99 0.259000 0.006 0.000000   0.073 0.000   0.102 0.000 99.99 0.259000   1.927 0.000  1.336 0.000   0.591 0.000 0.008 0.000 0.011 0.000
245.375 246.375   2.44 0.000 99.99 0.259000 0.021 0.000000 9.99 0.259000 0.001 0.000000   0.189 0.000   0.264 0.000 99.99 0.259000   1.891 0.000  1.352 0.000   0.539 0.000 0.009 0.000 0.030 0.000
249.375 250.375   2.21 0.000  0.22 0.000000 9.999 0.259000 9.99 0.259000 0.003 0.000000   0.051 0.000   0.072 0.000 99.99 0.259000   1.947 0.000  0.891 0.000   1.057 0.000 0.005 0.000 0.105 0.000
252.375 253.375   2.25 0.000  0.18 0.000000 0.009 0.000000 0.06 0.000000 9.999 0.259000   0.059 0.000   0.082 0.000 99.99 0.259000   1.066 0.000  0.613 0.000   0.453 0.000 0.008 0.000 0.011 0.000
256.375 257.375   2.63 0.000 99.99 0.259000 9.999 0.259000 9.99 0.259000 0.002 0.000000   0.186 0.000   0.260 0.000 99.99 0.259000   1.279 0.000  0.551 0.000   0.728 0.000 9.999 0.259 0.029 0.000
259.375 260.375   4.33 0.000  0.26 0.000000 9.999 0.259000 9.99 0.259000 0.007 0.000000   0.249 0.000   0.349 0.000 99.99 0.259000   2.120 0.000  1.270 0.000   0.850 0.000 0.007 0.000 0.046 0.000
263.375 264.375   7.23 0.000  0.28 0.000000 9.999 0.259000 9.99 0.259000 0.018 0.000000   0.327 0.000   0.457 0.000 99.99 0.259000   2.792 0.000  1.544 0.000   1.249 0.000 0.011 0.000 0.059 0.000
266.375 267.375   2.38 0.000 99.99 0.259000 9.999 0.259000 9.99 0.259000 0.010 0.000000   0.381 0.000   0.534 0.000 99.99 0.259000   2.021 0.000  0.829 0.000   1.192 0.000 0.010 0.000 0.083 0.000
270.375 271.375 999.99 0.999 99.99 0.999000 9.999 0.999000 9.99 0.999000 9.999 0.999000 999.999 0.999 999.999 0.999 99.99 0.999000 999.999 0.999 99.999 0.999 999.999 0.999 9.999 0.999 9.999 0.999
273.375 274.375 999.99 0.999 99.99 0.999000 9.999 0.999000 9.99 0.999000 9.999 0.999000 999.999 0.999 999.999 0.999 99.99 0.999000 999.999 0.999 99.999 0.999 999.999 0.999 9.999 0.999 9.999 0.999
276.375 277.375 999.99 0.999 99.99 0.999000 9.999 0.999000 9.99 0.999000 9.999 0.999000 999.999 0.999 999.999 0.999 99.99 0.999000 999.999 0.999 99.999 0.999 999.999 0.999 9.999 0.999 9.999 0.999
279.375 280.375 999.99 0.999 99.99 0.999000 9.999 0.999000 9.99 0.999000 9.999 0.999000 999.999 0.999 999.999 0.999 99.99 0.999000 999.999 0.999 99.999 0.999 999.999 0.999 9.999 0.999 9.999 0.999
