scripts/IMPROVE-2019_partial/data/US0203R.20050101090000.20191216000000.filterpack..pm25.52w.1w.US03L_filterpack_US0203.US03L_IMPROVE_Davis.lev2.nas
66 1001
MISSING INFORMATION
US03L, IMPROVE, , , , , , , 
MISSING INFORMATION
IMPROVE sel_HTAP
1 1
2005 01 01 2019 12 16
3.000
days from file reference point
27
1 1 1 1 1 1 1 1 1 1 1 1 1 1 1 1 1 1 1 1 1 1 1 1 1 1 1
999.999 999.99 9.999 99.99 9.999 9.999 9.999999 9.99 9.999999 9.999 9.999 999.999 9.999 9999.999 9.999 999.99 9.999999 999.999 9.999 99.999 9.999 999.999 9.999 9.999 9.999 9.999 9.999
end_time of measurement, days from the file reference point
iron, ng/m3, Revision date=20181210133000
numflag iron, no unit, Revision date=20181210133000
lead, ng/m3, Revision date=20181210133000
numflag lead, no unit, Revision date=20181210133000
magnesium, ug/m3, Revision date=20181210133000
numflag magnesium, no unit, Revision date=20181210133000
nickel, ng/m3, Revision date=20181210133000
numflag nickel, no unit, Revision date=20181210133000
nitrate, ug N/m3, Revision date=20181210133000
numflag nitrate, no unit, Revision date=20181210133000
organic_carbon, ug C/m3, Revision date=20181210133000
numflag organic_carbon, no unit, Revision date=20181210133000
organic_mass, ug/m3, Revision date=20181210133000
numflag organic_mass, no unit, Revision date=20181210133000
phosphorus, ng/m3, Revision date=20181210133000
numflag phosphorus, no unit, Revision date=20181210133000
pm10_mass, ug/m3, Version=2, Version description=Data extracted from http://views.cira.colostate.edu/fed/DataWizard 2019-12-16, Sample duration=1d, Orig. time res.=3d, Matrix=pm10, Blank correction=Blank corrected, Volume std. temperature=ambient, Volume std. pressure=ambient
numflag pm10_mass, no unit, Version=2, Version description=Data extracted from http://views.cira.colostate.edu/fed/DataWizard 2019-12-16, Sample duration=1d, Orig. time res.=3d, Matrix=pm10, Blank correction=Blank corrected, Volume std. temperature=ambient, Volume std. pressure=ambient
pm10_pm25_mass, ug/m3, Revision date=20181210133000, Matrix=pm10_pm25
numflag pm10_pm25_mass, no unit, Revision date=20181210133000, Matrix=pm10_pm25
pm25_mass, ug/m3, Version=2, Version description=Data extracted from http://views.cira.colostate.edu/fed/DataWizard 2019-12-16, Sample duration=1d, Orig. time res.=3d, Blank correction=Blank corrected, Volume std. temperature=ambient, Volume std. pressure=ambient
numflag pm25_mass, no unit, Version=2, Version description=Data extracted from http://views.cira.colostate.edu/fed/DataWizard 2019-12-16, Sample duration=1d, Orig. time res.=3d, Blank correction=Blank corrected, Volume std. temperature=ambient, Volume std. pressure=ambient
potassium, ug/m3, Revision date=20181210133000
numflag potassium, no unit, Revision date=20181210133000
sulphate_total, ug S/m3, Revision date=20181210133000
numflag sulphate_total, no unit, Revision date=20181210133000
0
25
Data definition:              EBAS_1.1
Set type code:                TU
Timezone:                     UTC
File name:                    US0203R.20050101090000.20191216000000.filterpack..pm25.52w.1w.US03L_filterpack_US0203.US03L_IMPROVE_Davis.lev2.nas
File creation:                20191218120227
Startdate:                    20050101090000
Revision date:                20191216000000
Statistics:                   arithmetic mean
Data level:                   2
Period code:                  52w
Resolution code:              1w
Station code:                 US0203R
Platform code:                US0203S
Station name:                 Denali National Park-Mt. McKinley (AK03)
Station latitude:             63.7232
Station longitude:            -148.9676
Station altitude:             661.0 m
Regime:                       IMG
Component:                    
Matrix:                       pm25
Laboratory code:              US03L
Instrument type:              filterpack
Instrument name:              filterpack_US0203
Method ref:                   US03L_IMPROVE_Davis
starttime endtime Fe flag_Fe Pb flag_Pb Mg++ flag_Mg++ Ni flag_Ni NO3- flag_NO3- OC flag_OC OM flag_OM P flag_P PM10 flag_PM10 PM10-PM2.5 flag_PM10-PM2.5 PM2.5 flag_PM2.5 K+ flag_K+ SO4-- flag_SO4--
  0.375   1.375   1.91 0.559  0.42 0.559 9.999 0.559259 0.10 0.559000 0.013 0.000   0.019 0.000    0.034 0.000 999.99 0.559259   1.341 0.000  0.740 0.559   0.601 0.659 0.006 0.559 0.103 0.000
  3.375   4.375   0.57 0.000 99.99 0.259 0.009 0.000000 9.99 0.259000 0.006 0.000   0.054 0.000    0.098 0.000 999.99 0.259000   0.728 0.000  0.356 0.000   0.376 0.000 0.002 0.000 0.028 0.000
  6.375   7.375   3.49 0.559  0.21 0.559 9.999 0.559259 9.99 0.559259 0.008 0.559   0.041 0.000    0.073 0.000 999.99 0.559259   1.632 0.000  0.699 0.559   0.933 0.659 0.004 0.559 0.153 0.559
  9.375  10.375   4.12 0.000  0.83 0.000 9.999 0.259000 9.99 0.259000 0.018 0.000   0.069 0.000    0.125 0.000 999.99 0.259000   1.933 0.000  0.595 0.000   1.337 0.000 0.009 0.000 0.184 0.000
 12.375  13.375   4.20 0.559  0.77 0.559 9.999 0.559259 0.08 0.559000 0.008 0.000   0.150 0.000    0.271 0.000 999.99 0.559259   1.474 0.000  0.354 0.559   1.119 0.659 0.007 0.559 0.136 0.000
 15.375  16.375   3.89 0.000  0.41 0.000 9.999 0.259000 0.09 0.000000 0.023 0.000   0.409 0.000    0.737 0.000 999.99 0.259000   1.907 0.000  0.477 0.000   1.429 0.000 0.006 0.000 0.161 0.000
 18.375  19.375   5.50 0.000  0.34 0.000 0.004 0.000000 9.99 0.259000 0.005 0.000   0.110 0.000    0.199 0.000 999.99 0.259000   0.844 0.000  0.333 0.000   0.511 0.000 0.003 0.000 0.072 0.000
 21.375  22.375   0.76 0.000  0.18 0.000 9.999 0.259000 9.99 0.259000 0.003 0.000   0.051 0.000    0.092 0.000 999.99 0.259000   0.171 0.000  0.081 0.000   0.090 0.000 0.001 0.000 0.022 0.000
 24.375  25.375   0.36 0.000  0.13 0.000 0.009 0.000000 9.99 0.259000 0.003 0.000 999.999 0.259 9999.999 0.259 999.99 0.259000   0.129 0.000  0.070 0.000   0.059 0.000 9.999 0.259 0.011 0.000
 27.375  28.375   2.02 0.000  0.35 0.000 9.999 0.259000 0.07 0.000000 0.004 0.000 999.999 0.259 9999.999 0.259 999.99 0.259000   0.668 0.000  0.254 0.000   0.414 0.000 0.002 0.000 0.046 0.000
 30.375  31.375   1.21 0.000  0.18 0.000 9.999 0.259000 0.13 0.000000 0.009 0.000 999.999 0.259 9999.999 0.259 999.99 0.259000   0.976 0.000  0.386 0.000   0.590 0.000 0.003 0.000 0.083 0.000
 33.375  34.375   2.36 0.000  0.27 0.000 0.013 0.000000 9.99 0.259000 0.017 0.000   0.023 0.000    0.041 0.000 999.99 0.259000   1.309 0.000  0.444 0.000   0.865 0.000 0.005 0.000 0.094 0.000
 36.375  37.375   3.05 0.559  0.13 0.559 9.999 0.559259 9.99 0.559259 0.005 0.000 999.999 0.259 9999.999 0.259 999.99 0.559259   1.126 0.000  0.700 0.559   0.426 0.659 0.003 0.559 0.036 0.000
 39.375  40.375   2.45 0.000  0.17 0.000 9.999 0.259000 0.12 0.000000 0.002 0.000   0.040 0.000    0.072 0.000 999.99 0.259000   0.813 0.000  0.397 0.000   0.416 0.000 0.002 0.000 0.056 0.000
 42.375  43.375   3.60 0.000  0.43 0.000 0.004 0.000000 9.99 0.259000 0.008 0.000   0.062 0.000    0.111 0.000 999.99 0.259000   1.602 0.000  0.443 0.000   1.158 0.000 0.005 0.000 0.182 0.000
 45.375  46.375   1.30 0.000  0.20 0.000 9.999 0.259000 0.13 0.000000 0.010 0.000   0.025 0.000    0.045 0.000 999.99 0.259000   1.982 0.000  1.186 0.000   0.780 0.000 0.006 0.000 0.074 0.000
 48.375  49.375   3.78 0.559  0.21 0.559 0.005 0.559000 0.14 0.559000 0.007 0.000   0.072 0.000    0.130 0.000 999.99 0.559259   1.164 0.000  0.562 0.559   0.602 0.659 0.004 0.559 0.075 0.000
 51.375  52.375   1.22 0.559  0.28 0.559 9.999 0.559259 9.99 0.559259 0.000 0.000   0.013 0.000    0.022 0.000 999.99 0.559259   0.384 0.000  0.214 0.559   0.170 0.659 0.001 0.559 0.009 0.000
 54.375  55.375   5.82 0.000  0.17 0.000 9.999 0.259000 0.08 0.000000 0.002 0.000   0.027 0.000    0.048 0.000 999.99 0.259000   0.481 0.000  0.335 0.000   0.145 0.000 0.001 0.000 0.013 0.000
 57.375  58.375   4.88 0.000  0.37 0.000 0.005 0.000000 0.12 0.000000 0.017 0.000   0.193 0.000    0.348 0.000 999.99 0.259000   1.355 0.000  0.530 0.000   0.825 0.000 0.006 0.000 0.075 0.000
 60.375  61.375   6.14 0.000  0.59 0.000 0.023 0.000000 9.99 0.259000 0.079 0.000   0.249 0.000    0.449 0.000 999.99 0.259000   3.214 0.000  1.380 0.000   1.833 0.000 0.014 0.000 0.297 0.000
 63.375  64.375   0.70 0.000  0.10 0.000 9.999 0.259000 9.99 0.259000 0.003 0.000   0.034 0.000    0.062 0.000 999.99 0.259000   0.257 0.000  0.080 0.000   0.176 0.000 0.001 0.000 0.018 0.000
 66.375  67.375   2.03 0.000  0.12 0.000 9.999 0.259000 9.99 0.259000 0.002 0.000   0.018 0.000    0.032 0.000 999.99 0.259000   0.298 0.000  0.121 0.000   0.178 0.000 0.002 0.000 0.030 0.000
 69.375  70.375   1.93 0.000 99.99 0.259 9.999 0.259000 9.99 0.259000 0.007 0.000 999.999 0.259 9999.999 0.259 999.99 0.259000   0.299 0.000  0.094 0.000   0.205 0.000 0.003 0.000 0.040 0.000
 72.375  73.375   1.52 0.559  0.30 0.559 9.999 0.559259 9.99 0.559259 0.010 0.000   0.028 0.000    0.051 0.000 999.99 0.559259   0.771 0.000  0.342 0.559   0.429 0.659 0.003 0.559 0.098 0.000
 75.375  76.375   5.56 0.559  0.46 0.559 9.999 0.559259 9.99 0.559259 0.011 0.000   0.065 0.000    0.117 0.000 999.99 0.559259   3.506 0.000  1.050 0.559   2.456 0.659 0.010 0.559 0.450 0.000
 78.375  79.375  10.62 0.000  0.61 0.000 0.009 0.000000 9.99 0.259000 0.018 0.000   0.128 0.000    0.230 0.000 999.99 0.259000   4.871 0.000  3.442 0.000   1.429 0.000 0.011 0.000 0.240 0.000
 81.375  82.375   6.01 0.000  0.46 0.000 9.999 0.259000 9.99 0.259000 0.009 0.000   0.052 0.000    0.094 0.000 999.99 0.259000   2.148 0.000  1.209 0.000   0.939 0.000 0.008 0.000 0.173 0.000
 84.375  85.375  10.49 0.000  0.47 0.000 9.999 0.259000 9.99 0.259000 0.007 0.000   0.173 0.000    0.312 0.000 999.99 0.259000   1.976 0.000  0.762 0.000   1.214 0.000 0.010 0.000 0.187 0.000
 87.375  88.375   4.62 0.000  0.49 0.000 9.999 0.259000 9.99 0.259000 0.009 0.000   0.058 0.000    0.104 0.000 999.99 0.259000   1.855 0.000  0.660 0.000   1.202 0.000 0.007 0.000 0.234 0.000
 90.375  91.375   6.23 0.000  0.52 0.000 0.010 0.000000 0.10 0.000000 0.026 0.000   0.161 0.000    0.290 0.000 999.99 0.259000   2.200 0.000  0.919 0.000   1.281 0.000 0.010 0.000 0.205 0.000
 93.375  94.375   6.74 0.000  0.63 0.000 0.012 0.000000 9.99 0.259000 0.029 0.000   0.099 0.000    0.179 0.000 999.99 0.259000   2.300 0.000  0.902 0.000   1.397 0.000 0.010 0.000 0.213 0.000
 96.375  97.375   7.21 0.000  0.29 0.000 9.999 0.259000 9.99 0.259000 0.003 0.000 999.999 0.259 9999.999 0.259 999.99 0.259000   2.130 0.000  1.664 0.000   0.466 0.000 0.005 0.000 0.058 0.000
 99.375 100.375   9.07 0.000  0.66 0.000 9.999 0.259000 0.12 0.000000 0.008 0.000   0.176 0.000    0.318 0.000 999.99 0.259000   2.302 0.000  1.424 0.000   0.877 0.000 0.008 0.000 0.126 0.000
102.375 103.375  18.55 0.000  0.46 0.000 9.999 0.259000 0.10 0.000000 0.024 0.000   0.095 0.000    0.172 0.000 999.99 0.259000   4.975 0.000  3.407 0.000   1.570 0.000 0.010 0.000 0.170 0.000
105.375 106.375   7.76 0.000  0.34 0.000 9.999 0.259000 9.99 0.259000 0.006 0.000   0.073 0.000    0.131 0.000 999.99 0.259000   1.971 0.000  0.812 0.000   1.158 0.000 0.007 0.000 0.145 0.000
108.375 109.375   7.34 0.000  0.88 0.000 9.999 0.259000 9.99 0.259000 0.019 0.000   0.124 0.000    0.224 0.000 999.99 0.259000   2.729 0.000  0.645 0.000   2.094 0.000 0.010 0.000 0.340 0.000
111.375 112.375  13.77 0.000  0.51 0.000 9.999 0.259000 0.15 0.000000 0.002 0.000   0.043 0.000    0.078 0.000 999.99 0.259000   2.373 0.000  1.547 0.000   0.825 0.000 0.009 0.000 0.081 0.000
114.375 115.375  26.57 0.000  0.82 0.000 9.999 0.259000 0.06 0.000000 0.006 0.000   0.158 0.000    0.284 0.000 999.99 0.259000   5.070 0.000  3.562 0.000   1.507 0.000 0.018 0.000 0.167 0.000
117.375 118.375  37.02 0.000  1.08 0.000 9.999 0.259000 9.99 0.259000 0.011 0.000   0.457 0.000    0.823 0.000 999.99 0.259000   5.990 0.000  3.414 0.000   2.574 0.000 0.027 0.000 0.229 0.000
120.375 121.375  37.85 0.000  1.47 0.000 9.999 0.259000 9.99 0.259000 0.008 0.000   0.274 0.000    0.493 0.000 999.99 0.259000   4.799 0.000  2.131 0.000   2.667 0.000 0.032 0.000 0.294 0.000
123.375 124.375  19.90 0.000  0.48 0.000 9.999 0.259000 9.99 0.259000 0.006 0.000   0.439 0.000    0.789 0.000 999.99 0.259000   4.370 0.000  2.169 0.000   2.200 0.000 0.015 0.000 0.176 0.000
126.375 127.375  26.70 0.000  0.67 0.000 9.999 0.259000 0.04 0.000000 0.006 0.000   0.076 0.000    0.137 0.000 999.99 0.259000   4.462 0.000  3.104 0.000   1.357 0.000 0.017 0.000 0.161 0.000
129.375 130.375  38.90 0.000  0.83 0.000 9.999 0.259000 9.99 0.259000 0.007 0.000   0.932 0.000    1.678 0.000 999.99 0.259000   6.598 0.000  3.558 0.000   3.038 0.000 0.024 0.000 0.228 0.000
132.375 133.375  17.70 0.000  0.36 0.000 9.999 0.259000 9.99 0.259000 0.001 0.000   0.236 0.000    0.425 0.000 999.99 0.259000   3.217 0.000  2.341 0.000   0.875 0.000 0.008 0.000 0.057 0.000
135.375 136.375   4.32 0.000  0.46 0.000 9.999 0.259000 9.99 0.259000 0.000 0.000   0.169 0.000    0.303 0.000 999.99 0.259000   1.137 0.000  0.604 0.000   0.532 0.000 0.005 0.000 0.089 0.000
138.375 139.375  10.91 0.000  0.78 0.000 9.999 0.259000 0.05 0.000000 0.003 0.000   0.567 0.000    1.021 0.000 999.99 0.259000   3.987 0.000  2.058 0.000   1.928 0.000 0.009 0.000 0.208 0.000
141.375 142.375   8.81 0.000  0.49 0.000 9.999 0.259000 0.05 0.000000 0.002 0.000   0.364 0.000    0.655 0.000 999.99 0.259000   1.986 0.000  0.720 0.000   1.265 0.000 0.009 0.000 0.126 0.000
144.375 145.375   6.46 0.000  0.33 0.000 0.007 0.000000 9.99 0.259000 0.011 0.000   0.284 0.000    0.511 0.000 999.99 0.259000   3.277 0.000  1.853 0.000   1.423 0.000 0.005 0.000 0.133 0.000
147.375 148.375   7.96 0.000  0.14 0.000 9.999 0.259000 0.03 0.000000 9.999 0.259   0.151 0.000    0.272 0.000 999.99 0.259000   2.046 0.000  1.743 0.000   0.303 0.000 0.002 0.000 0.018 0.000
150.375 151.375   2.89 0.000  0.39 0.000 0.006 0.000000 0.13 0.000000 0.004 0.000   0.398 0.000    0.717 0.000 999.99 0.259000   1.807 0.000  1.035 0.000   0.783 0.000 0.003 0.000 0.037 0.000
153.375 154.375   2.40 0.000  0.21 0.000 0.005 0.000000 9.99 0.259000 0.001 0.000   0.304 0.000    0.548 0.000 999.99 0.259000   1.519 0.000  0.553 0.000   0.965 0.000 0.003 0.000 0.073 0.000
156.375 157.375   5.50 0.000  0.33 0.000 0.005 0.000000 9.99 0.259000 0.002 0.000   0.409 0.000    0.736 0.000 999.99 0.259000   2.344 0.000  1.243 0.000   1.100 0.000 0.005 0.000 0.066 0.000
159.375 160.375  18.93 0.000  0.39 0.000 9.999 0.259000 0.05 0.000000 0.006 0.000   0.493 0.000    0.888 0.000 999.99 0.259000   4.955 0.000  3.308 0.000   1.646 0.000 0.010 0.000 0.118 0.000
162.375 163.375   6.52 0.000  0.29 0.000 9.999 0.259000 9.99 0.259000 0.002 0.000   0.349 0.000    0.628 0.000 999.99 0.259000   3.288 0.000  2.182 0.000   1.107 0.000 0.004 0.000 0.048 0.000
165.375 166.375 999.99 0.999 99.99 0.999 9.999 0.999000 9.99 0.999000 9.999 0.999 999.999 0.999 9999.999 0.999 999.99 0.999000 999.999 0.999 99.999 0.999 999.999 0.999 9.999 0.999 9.999 0.999
168.375 169.375 999.99 0.999 99.99 0.999 9.999 0.999000 9.99 0.999000 9.999 0.999 999.999 0.999 9999.999 0.999 999.99 0.999000 999.999 0.999 99.999 0.999 999.999 0.999 9.999 0.999 9.999 0.999
171.375 172.375 999.99 0.999 99.99 0.999 9.999 0.999000 9.99 0.999000 9.999 0.999 999.999 0.999 9999.999 0.999 999.99 0.999000 999.999 0.999 99.999 0.999 999.999 0.999 9.999 0.999 9.999 0.999
174.375 175.375   7.25 0.000  0.35 0.000 9.999 0.259000 9.99 0.259000 0.005 0.000   2.413 0.000    4.343 0.000 999.99 0.259000   6.967 0.000  1.648 0.000   5.320 0.000 0.039 0.000 0.099 0.000
177.375 178.375   7.32 0.000  0.35 0.000 9.999 0.259000 0.06 0.000000 0.035 0.000   8.961 0.000   16.131 0.000 999.99 0.259000  17.763 0.000  3.095 0.000  14.983 0.659 0.068 0.000 0.147 0.000
180.375 181.375  15.05 0.559  0.50 0.559 9.999 0.559259 9.99 0.559259 0.017 0.000   7.374 0.000   13.273 0.000 999.99 0.559259 999.999 0.456  1.496 0.559  15.514 0.659 0.078 0.559 0.181 0.000
183.375 184.375   3.18 0.000  0.22 0.000 9.999 0.259000 9.99 0.259000 0.006 0.000   0.961 0.000    1.730 0.000   5.35 0.000000   4.956 0.000  2.996 0.000   1.960 0.000 0.012 0.000 0.063 0.000
186.375 187.375 999.99 0.999 99.99 0.999 9.999 0.999000 9.99 0.999000 9.999 0.999 999.999 0.999 9999.999 0.999 999.99 0.999000 999.999 0.999 99.999 0.999 999.999 0.999 9.999 0.999 9.999 0.999
189.375 190.375 999.99 0.999 99.99 0.999 9.999 0.999000 9.99 0.999000 9.999 0.999 999.999 0.999 9999.999 0.999 999.99 0.999000 999.999 0.999 99.999 0.999 999.999 0.999 9.999 0.999 9.999 0.999
192.375 193.375   8.31 0.000  0.21 0.000 9.999 0.259000 9.99 0.259000 0.014 0.000   1.224 0.000    2.203 0.000 999.99 0.259000   6.013 0.000  2.270 0.000   3.765 0.000 0.014 0.000 0.261 0.000
195.375 196.375   6.47 0.000  0.35 0.000 9.999 0.259000 9.99 0.259000 0.002 0.000   1.752 0.000    3.153 0.000 999.99 0.259000   6.144 0.000  2.103 0.000   4.038 0.000 0.017 0.000 0.108 0.000
198.375 199.375   0.66 0.456  0.12 0.456 9.999 0.456259 9.99 0.456259 9.999 0.259   0.619 0.000    1.115 0.000 999.99 0.456259   2.098 0.000 99.999 0.456 999.999 0.456 0.004 0.456 0.027 0.000
201.375 202.375   5.24 0.000  0.10 0.000 0.006 0.000000 9.99 0.259000 0.001 0.000   0.252 0.000    0.454 0.000 999.99 0.259000   1.887 0.000  1.004 0.000   0.883 0.000 0.004 0.000 0.051 0.000
204.375 205.375 999.99 0.999 99.99 0.999 9.999 0.999000 9.99 0.999000 9.999 0.999 999.999 0.999 9999.999 0.999 999.99 0.999000 999.999 0.999 99.999 0.999 999.999 0.999 9.999 0.999 9.999 0.999
207.375 208.375  10.20 0.000  0.16 0.000 9.999 0.259000 9.99 0.259000 0.005 0.000   2.281 0.000    4.107 0.000 999.99 0.259000   7.399 0.000  2.942 0.000   4.454 0.000 0.020 0.000 0.047 0.000
210.375 211.375 999.99 0.699 99.99 0.699 9.999 0.699000 9.99 0.699000 0.060 0.000   7.599 0.000   13.678 0.000 999.99 0.699000  16.381 0.000 99.999 0.699  15.417 0.659 9.999 0.699 0.109 0.000
213.375 214.375   3.53 0.000  0.21 0.000 9.999 0.259000 9.99 0.259000 0.003 0.000   1.358 0.000    2.445 0.000 999.99 0.259000   3.858 0.000  1.143 0.000   2.713 0.000 0.011 0.000 0.046 0.000
216.375 217.375   3.13 0.000 99.99 0.259 9.999 0.259000 0.04 0.000000 0.005 0.000   2.719 0.000    4.893 0.000 999.99 0.259000   7.447 0.000  2.325 0.000   5.121 0.000 0.026 0.000 0.057 0.000
219.375 220.375 999.99 0.999 99.99 0.999 9.999 0.999000 9.99 0.999000 9.999 0.999 999.999 0.999 9999.999 0.999 999.99 0.999000 999.999 0.999 99.999 0.999 999.999 0.999 9.999 0.999 9.999 0.999
222.375 223.375 999.99 0.699 99.99 0.699 9.999 0.699000 9.99 0.699000 0.086 0.000  17.592 0.000   31.665 0.000 999.99 0.699000  40.002 0.659 99.999 0.699  31.629 0.659 9.999 0.699 0.249 0.000
225.375 226.375 999.99 0.699 99.99 0.699 9.999 0.699000 9.99 0.699000 0.094 0.699  51.625 0.699   92.925 0.699 999.99 0.699000  96.340 0.659 99.999 0.699 999.999 0.699 9.999 0.699 0.464 0.699
228.375 229.375  18.90 0.000  0.28 0.000 9.999 0.259000 9.99 0.259000 0.005 0.000   2.225 0.000    4.006 0.000 999.99 0.259000   7.620 0.000  2.475 0.000   5.141 0.000 0.020 0.000 0.111 0.000
231.375 232.375 999.99 0.699 99.99 0.699 9.999 0.699000 9.99 0.699000 0.634 0.699  59.663 0.699  107.394 0.699 999.99 0.699000 999.999 0.456 99.999 0.699 999.999 0.699 9.999 0.699 0.586 0.699
234.375 235.375   4.09 0.000  0.14 0.000 9.999 0.259000 9.99 0.259000 0.002 0.000   0.084 0.000    0.151 0.000 999.99 0.259000   1.430 0.000  0.896 0.000   0.544 0.000 0.003 0.000 0.018 0.000
237.375 238.375   2.04 0.000  0.10 0.000 0.007 0.000000 9.99 0.259000 0.004 0.000   0.400 0.000    0.719 0.000 999.99 0.259000   1.558 0.000  0.583 0.000   0.975 0.000 0.004 0.000 0.044 0.000
240.375 241.375   3.75 0.000  0.17 0.000 9.999 0.259000 9.99 0.259000 0.012 0.000   0.261 0.000    0.470 0.000 999.99 0.259000   1.010 0.000  0.590 0.000   0.420 0.000 0.004 0.000 0.020 0.000
243.375 244.375   4.00 0.000  0.21 0.000 9.999 0.259000 9.99 0.259000 0.026 0.000   1.290 0.000    2.322 0.000 999.99 0.259000   3.003 0.000  0.712 0.000   2.291 0.000 0.007 0.000 0.032 0.000
246.375 247.375   8.54 0.000  0.19 0.000 9.999 0.259000 9.99 0.259000 0.001 0.000   0.063 0.000    0.113 0.000 999.99 0.259000   0.846 0.000  0.557 0.000   0.289 0.000 0.003 0.000 0.014 0.000
