scripts/IMPROVE-2019_partial/data/US0203R.20050101090000.20191216000000.filterpack..pm25.52w.1w.US03L_filterpack_US0203.US03L_IMPROVE_Davis.lev2.nas
66 1001
MISSING INFORMATION
US03L, IMPROVE, , , , , , , 
MISSING INFORMATION
IMPROVE sel_HTAP
1 1
2005 01 01 2019 12 16
3.000
days from file reference point
27
1 1 1 1 1 1 1 1 1 1 1 1 1 1 1 1 1 1 1 1 1 1 1 1 1 1 1
999.999 999.99 9.999 99.99 9.999 9.999 9.999999 9.99 9.999999 9.999 9.999 999.999 9.999 9999.999 9.999 999.99 9.999999 999.999 9.999 99.999 9.999 999.999 9.999 9.999 9.999 9.999 9.999
end_time of measurement, days from the file reference point
iron, ng/m3, Revision date=20181210133000
numflag iron, no unit, Revision date=20181210133000
lead, ng/m3, Revision date=20181210133000
numflag lead, no unit, Revision date=20181210133000
magnesium, ug/m3, Revision date=20181210133000
numflag magnesium, no unit, Revision date=20181210133000
nickel, ng/m3, Revision date=20181210133000
numflag nickel, no unit, Revision date=20181210133000
nitrate, ug N/m3, Revision date=20181210133000
numflag nitrate, no unit, Revision date=20181210133000
organic_carbon, ug C/m3, Revision date=20181210133000
numflag organic_carbon, no unit, Revision date=20181210133000
organic_mass, ug/m3, Revision date=20181210133000
numflag organic_mass, no unit, Revision date=20181210133000
phosphorus, ng/m3, Revision date=20181210133000
numflag phosphorus, no unit, Revision date=20181210133000
pm10_mass, ug/m3, Version=2, Version description=Data extracted from http://views.cira.colostate.edu/fed/DataWizard 2019-12-16, Sample duration=1d, Orig. time res.=3d, Matrix=pm10, Blank correction=Blank corrected, Volume std. temperature=ambient, Volume std. pressure=ambient
numflag pm10_mass, no unit, Version=2, Version description=Data extracted from http://views.cira.colostate.edu/fed/DataWizard 2019-12-16, Sample duration=1d, Orig. time res.=3d, Matrix=pm10, Blank correction=Blank corrected, Volume std. temperature=ambient, Volume std. pressure=ambient
pm10_pm25_mass, ug/m3, Revision date=20181210133000, Matrix=pm10_pm25
numflag pm10_pm25_mass, no unit, Revision date=20181210133000, Matrix=pm10_pm25
pm25_mass, ug/m3, Version=2, Version description=Data extracted from http://views.cira.colostate.edu/fed/DataWizard 2019-12-16, Sample duration=1d, Orig. time res.=3d, Blank correction=Blank corrected, Volume std. temperature=ambient, Volume std. pressure=ambient
numflag pm25_mass, no unit, Version=2, Version description=Data extracted from http://views.cira.colostate.edu/fed/DataWizard 2019-12-16, Sample duration=1d, Orig. time res.=3d, Blank correction=Blank corrected, Volume std. temperature=ambient, Volume std. pressure=ambient
potassium, ug/m3, Revision date=20181210133000
numflag potassium, no unit, Revision date=20181210133000
sulphate_total, ug S/m3, Revision date=20181210133000
numflag sulphate_total, no unit, Revision date=20181210133000
0
25
Data definition:              EBAS_1.1
Set type code:                TU
Timezone:                     UTC
File name:                    US0203R.20050101090000.20191216000000.filterpack..pm25.52w.1w.US03L_filterpack_US0203.US03L_IMPROVE_Davis.lev2.nas
File creation:                20191218120227
Startdate:                    20050101090000
Revision date:                20191216000000
Statistics:                   arithmetic mean
Data level:                   2
Period code:                  52w
Resolution code:              1w
Station code:                 US0203R
Platform code:                US0203S
Station name:                 Denali National Park-Mt. McKinley (AK03)
Station latitude:             63.7232
Station longitude:            -148.9676
Station altitude:             661.0 m
Regime:                       IMG
Component:                    
Matrix:                       pm25
Laboratory code:              US03L
Instrument type:              filterpack
Instrument name:              filterpack_US0203
Method ref:                   US03L_IMPROVE_Davis
starttime endtime Fe flag_Fe Pb flag_Pb Mg++ flag_Mg++ Ni flag_Ni NO3- flag_NO3- OC flag_OC OM flag_OM P flag_P PM10 flag_PM10 PM10-PM2.5 flag_PM10-PM2.5 PM2.5 flag_PM2.5 K+ flag_K+ SO4-- flag_SO4--
[from data line 84]
252.375 253.375   1.25 0.000  0.30 0.000 0.012 0.000000 9.99 0.259000 0.001 0.000   0.178 0.000    0.320 0.000 999.99 0.259000   0.969 0.000  0.546 0.000   0.423 0.000 0.003 0.000 0.021 0.000
255.375 256.375   1.88 0.394  0.32 0.394 0.006 0.394000 9.99 0.394259 0.006 0.394   0.075 0.000    0.134 0.000 999.99 0.394259   1.277 0.000  0.570 0.000   0.719 0.000 0.004 0.394 0.052 0.394
258.375 259.375   4.98 0.000  0.22 0.000 0.005 0.000000 9.99 0.259000 0.001 0.000   0.118 0.000    0.213 0.000 999.99 0.259000   1.216 0.000  0.803 0.000   0.413 0.000 0.003 0.000 0.043 0.000
261.375 262.375   0.61 0.000  0.18 0.000 0.005 0.000000 9.99 0.259000 9.999 0.259   0.004 0.000    0.007 0.000   1.97 0.000000   0.848 0.000  0.624 0.000   0.223 0.000 0.002 0.000 0.007 0.000
264.375 265.375   1.03 0.000  0.20 0.000 0.007 0.000000 9.99 0.259000 0.001 0.000   0.076 0.000    0.137 0.000 999.99 0.259000   0.803 0.000  0.552 0.000   0.251 0.000 0.002 0.000 0.013 0.000
267.375 268.375   0.85 0.000  0.17 0.000 9.999 0.259000 9.99 0.259000 0.001 0.000   0.052 0.000    0.094 0.000 999.99 0.259000   0.466 0.000  0.213 0.000   0.253 0.000 0.002 0.000 0.016 0.000
270.375 271.375   4.15 0.000  0.23 0.000 0.010 0.000000 9.99 0.259000 0.001 0.000   0.088 0.000    0.159 0.000 999.99 0.259000   1.103 0.000  0.704 0.000   0.399 0.000 0.002 0.000 0.030 0.000
273.375 274.375   1.22 0.000  0.19 0.000 9.999 0.259000 9.99 0.259000 0.001 0.000   0.172 0.000    0.309 0.000 999.99 0.259000   0.726 0.000  0.185 0.000   0.541 0.000 0.002 0.000 0.069 0.000
276.375 277.375   5.36 0.000  0.13 0.000 9.999 0.259000 9.99 0.259000 0.002 0.000   0.159 0.000    0.286 0.000 999.99 0.259000   1.365 0.000  0.877 0.000   0.488 0.000 0.003 0.000 0.032 0.000
279.375 280.375   8.46 0.000  0.19 0.000 9.999 0.259000 9.99 0.259000 0.002 0.000   0.138 0.000    0.248 0.000 999.99 0.259000   0.893 0.000  0.348 0.000   0.545 0.000 0.002 0.000 0.033 0.000
282.375 283.375  67.52 0.000  0.33 0.000 9.999 0.259000 0.21 0.000000 0.002 0.000   0.095 0.000    0.170 0.000 999.99 0.259000   4.445 0.000  3.539 0.000   0.906 0.000 0.005 0.000 0.057 0.000
285.375 286.375   6.54 0.000  0.17 0.000 9.999 0.259000 9.99 0.259000 0.001 0.000   0.129 0.000    0.233 0.000 999.99 0.259000   1.380 0.000  0.900 0.000   0.480 0.000 0.002 0.000 0.033 0.000
288.375 289.375   1.67 0.000  0.26 0.000 9.999 0.259000 9.99 0.259000 0.002 0.000   0.142 0.000    0.256 0.000 999.99 0.259000   0.777 0.000  0.104 0.000   0.673 0.000 0.002 0.000 0.074 0.000
291.375 292.375   6.09 0.000  0.19 0.000 9.999 0.259000 9.99 0.259000 0.006 0.000   0.152 0.000    0.273 0.000 999.99 0.259000   1.457 0.000  0.745 0.000   0.712 0.000 0.007 0.000 0.052 0.000
294.375 295.375   9.33 0.000  0.31 0.000 9.999 0.259000 9.99 0.259000 0.005 0.000   0.252 0.000    0.453 0.000 999.99 0.259000   1.412 0.000  0.589 0.000   0.822 0.000 0.007 0.000 0.065 0.000
297.375 298.375   2.08 0.000  0.17 0.000 0.003 0.000000 9.99 0.259000 0.001 0.000   0.149 0.000    0.268 0.000 999.99 0.259000   0.774 0.000  0.102 0.000   0.673 0.000 0.004 0.000 0.048 0.000
300.375 301.375   2.93 0.000  0.23 0.000 9.999 0.259000 9.99 0.259000 0.031 0.000   0.223 0.000    0.401 0.000 999.99 0.259000   1.231 0.000  0.204 0.000   1.027 0.000 0.008 0.000 0.103 0.000
303.375 304.375   5.74 0.000  0.18 0.000 0.004 0.000000 9.99 0.259000 0.007 0.000   0.150 0.000    0.270 0.000 999.99 0.259000   0.963 0.000  0.273 0.000   0.689 0.000 0.005 0.000 0.086 0.000
306.375 307.375   1.43 0.000  0.18 0.000 9.999 0.259000 9.99 0.259000 0.004 0.000   0.192 0.000    0.346 0.000 999.99 0.259000   0.933 0.000  0.246 0.000   0.687 0.000 0.005 0.000 0.086 0.000
309.375 310.375   2.60 0.000  0.23 0.000 0.006 0.000000 9.99 0.259000 0.013 0.000   0.244 0.000    0.439 0.000 999.99 0.259000   1.643 0.000  0.717 0.000   0.926 0.000 0.006 0.000 0.098 0.000
312.375 313.375   5.07 0.000  0.22 0.000 0.010 0.000000 9.99 0.259000 0.036 0.000   0.337 0.000    0.606 0.000 999.99 0.259000   1.669 0.000  0.470 0.000   1.199 0.000 0.007 0.000 0.080 0.000
315.375 316.375   2.46 0.000  0.17 0.000 0.010 0.000000 9.99 0.259000 0.053 0.000   0.228 0.000    0.410 0.000 999.99 0.259000   1.773 0.000  0.322 0.000   1.451 0.000 0.008 0.000 0.114 0.000
318.375 319.375   7.65 0.000  0.26 0.000 9.999 0.259000 9.99 0.259000 0.010 0.000   0.335 0.000    0.604 0.000 999.99 0.259000   1.224 0.000  0.580 0.000   0.650 0.000 0.003 0.000 0.058 0.000
321.375 322.375   7.01 0.000  0.27 0.000 9.999 0.259000 9.99 0.259000 0.018 0.000   0.375 0.000    0.674 0.000 999.99 0.259000   2.146 0.000  0.830 0.000   1.316 0.000 0.008 0.000 0.133 0.000
324.375 325.375   6.73 0.000  0.31 0.000 9.999 0.259000 9.99 0.259000 0.037 0.000   0.503 0.000    0.905 0.000 999.99 0.259000   1.943 0.000  0.391 0.000   1.551 0.000 0.007 0.000 0.110 0.000
327.375 328.375   3.02 0.000  0.33 0.000 0.007 0.000000 9.99 0.259000 0.014 0.000   0.155 0.000    0.279 0.000 999.99 0.259000   1.378 0.000  0.229 0.000   1.149 0.000 0.007 0.000 0.118 0.000
330.375 331.375   0.92 0.000  0.17 0.000 9.999 0.259000 9.99 0.259000 0.009 0.000   0.344 0.000    0.620 0.000 999.99 0.259000   1.164 0.000  0.358 0.000   0.805 0.000 0.004 0.000 0.064 0.000
333.375 334.375   1.45 0.000  0.25 0.000 0.008 0.000000 9.99 0.259000 0.017 0.000   0.062 0.000    0.111 0.000  13.38 0.000000   0.917 0.000  0.244 0.000   0.673 0.000 0.002 0.000 0.074 0.000
336.375 337.375   0.81 0.000  0.20 0.000 9.999 0.259000 9.99 0.259000 0.012 0.000   0.127 0.000    0.228 0.000 999.99 0.259000   0.857 0.000  0.047 0.000   0.810 0.000 0.002 0.000 0.115 0.000
339.375 340.375   0.62 0.000 99.99 0.259 9.999 0.259000 9.99 0.259000 9.999 0.259   0.069 0.000    0.124 0.000 999.99 0.259000   0.171 0.000  0.007 0.000   0.164 0.000 0.001 0.000 0.006 0.000
342.375 343.375   1.28 0.000  0.12 0.000 0.002 0.000000 9.99 0.259000 0.003 0.000   0.170 0.000    0.306 0.000 999.99 0.259000   0.639 0.000  0.285 0.000   0.354 0.000 0.001 0.000 0.016 0.000
345.375 346.375   3.48 0.000  0.35 0.000 0.058 0.000000 0.09 0.000000 0.029 0.000   0.139 0.000    0.249 0.000  15.87 0.000000   3.412 0.000  0.742 0.000   2.669 0.000 0.021 0.000 0.153 0.000
348.375 349.375   1.84 0.000  0.14 0.000 9.999 0.259000 9.99 0.259000 0.000 0.000   0.131 0.000    0.235 0.000 999.99 0.259000   0.385 0.000  0.226 0.000   0.159 0.000 0.001 0.000 0.012 0.000
351.375 352.375   0.42 0.000 99.99 0.259 9.999 0.259000 9.99 0.259000 9.999 0.259   0.026 0.000    0.047 0.000 999.99 0.259000   0.086 0.000 99.999 0.259   0.157 0.000 0.000 0.000 0.004 0.000
354.375 355.375   2.71 0.000  0.16 0.000 9.999 0.259000 0.05 0.000000 0.003 0.000   0.049 0.000    0.088 0.000 999.99 0.259000   0.437 0.000  0.109 0.000   0.328 0.000 0.002 0.000 0.022 0.000
357.375 358.375   1.43 0.000 99.99 0.259 9.999 0.259000 9.99 0.259000 0.003 0.000   0.095 0.000    0.170 0.000 999.99 0.259000   0.432 0.000  0.271 0.000   0.161 0.000 0.002 0.000 0.018 0.000
360.375 361.375   0.78 0.000  0.18 0.000 9.999 0.259000 9.99 0.259000 0.005 0.000   0.016 0.000    0.029 0.000   4.12 0.000000   0.349 0.000  0.191 0.000   0.162 0.000 0.001 0.000 0.022 0.000
363.375 364.375   1.11 0.000 99.99 0.259 9.999 0.259000 9.99 0.259000 0.003 0.000   0.092 0.000    0.166 0.000 999.99 0.259000   0.305 0.000 99.999 0.259   0.321 0.000 0.001 0.000 0.015 0.000
