scripts/IMPROVE-2019_partial/data/US0398R.20050101070000.20191216000000.filterpack..pm25.52w.1w.US03L_filterpack_US0398.US03L_IMPROVE_Davis.lev2.nas
64 1001
MISSING INFORMATION
US03L, IMPROVE, , , , , , , 
MISSING INFORMATION
IMPROVE sel_HTAP
1 1
2005 01 01 2019 12 16
3.000000
days from file reference point
25
1 1 1 1 1 1 1 1 1 1 1 1 1 1 1 1 1 1 1 1 1 1 1 1 1
999.999999 9999.99 9.999 99.99 9.999 9.999 9.999 9.99 9.999 9.999 9.999 99.999 9.999 99.999 9.999 999.999 9.999 999.999 9.999 99.999 9.999 9.999 9.999 9.999 9.999
end_time of measurement, days from the file reference point
iron, ng/m3, Revision date=20181210133000
numflag iron, no unit, Revision date=20181210133000
lead, ng/m3, Revision date=20181210133000
numflag lead, no unit, Revision date=20181210133000
magnesium, ug/m3, Revision date=20181210133000
numflag magnesium, no unit, Revision date=20181210133000
nickel, ng/m3, Revision date=20181210133000
numflag nickel, no unit, Revision date=20181210133000
nitrate, ug N/m3, Revision date=20181210133000
numflag nitrate, no unit, Revision date=20181210133000
organic_carbon, ug C/m3, Revision date=20181210133000
numflag organic_carbon, no unit, Revision date=20181210133000
organic_mass, ug/m3, Revision date=20181210133000
numflag organic_mass, no unit, Revision date=20181210133000
pm10_mass, ug/m3, Version=2, Version description=Data extracted from http://views.cira.colostate.edu/fed/DataWizard 2019-12-16, Sample duration=1d, Orig. time res.=3d, Matrix=pm10, Blank correction=Blank corrected, Volume std. temperature=ambient, Volume std. pressure=ambient
numflag pm10_mass, no unit, Version=2, Version description=Data extracted from http://views.cira.colostate.edu/fed/DataWizard 2019-12-16, Sample duration=1d, Orig. time res.=3d, Matrix=pm10, Blank correction=Blank corrected, Volume std. temperature=ambient, Volume std. pressure=ambient
pm10_pm25_mass, ug/m3, Revision date=20181210133000, Matrix=pm10_pm25
numflag pm10_pm25_mass, no unit, Revision date=20181210133000, Matrix=pm10_pm25
pm25_mass, ug/m3, Version=2, Version description=Data extracted from http://views.cira.colostate.edu/fed/DataWizard 2019-12-16, Sample duration=1d, Orig. time res.=3d, Blank correction=Blank corrected, Volume std. temperature=ambient, Volume std. pressure=ambient
numflag pm25_mass, no unit, Version=2, Version description=Data extracted from http://views.cira.colostate.edu/fed/DataWizard 2019-12-16, Sample duration=1d, Orig. time res.=3d, Blank correction=Blank corrected, Volume std. temperature=ambient, Volume std. pressure=ambient
potassium, ug/m3, Revision date=20181210133000
numflag potassium, no unit, Revision date=20181210133000
sulphate_total, ug S/m3, Revision date=20181210133000
numflag sulphate_total, no unit, Revision date=20181210133000
0
25
Data definition:              EBAS_1.1
Set type code:                TU
Timezone:                     UTC
File name:                    US0398R.20050101070000.20191216000000.filterpack..pm25.52w.1w.US03L_filterpack_US0398.US03L_IMPROVE_Davis.lev2.nas
File creation:                20191218120238
Startdate:                    20050101070000
Revision date:                20191216000000
Statistics:                   arithmetic mean
Data level:                   2
Period code:                  52w
Resolution code:              1w
Station code:                 US0398R
Platform code:                US0398S
Station name:                 Chiricahua (AZ98)
Station latitude:             32.0097
Station longitude:            -109.3889
Station altitude:             1570.0 m
Regime:                       IMG
Component:                    
Matrix:                       pm25
Laboratory code:              US03L
Instrument type:              filterpack
Instrument name:              filterpack_US0398
Method ref:                   US03L_IMPROVE_Davis
starttime endtime Fe flag_Fe Pb flag_Pb Mg++ flag_Mg++ Ni flag_Ni NO3- flag_NO3- OC flag_OC OM flag_OM PM10 flag_PM10 PM10-PM2.5 flag_PM10-PM2.5 PM2.5 flag_PM2.5 K+ flag_K+ SO4-- flag_SO4--
  0.291667   1.291667    9.29 0.000  0.50 0.000 9.999 0.259 0.30 0.000 0.015 0.000  0.321 0.000  0.578 0.000   2.831 0.000   1.442 0.000  1.388 0.000 0.017 0.000 0.147 0.000
  3.291667   4.291667    3.97 0.000  0.58 0.000 9.999 0.259 9.99 0.259 0.011 0.000  0.109 0.000  0.197 0.000   1.517 0.000   0.963 0.000  0.568 0.000 0.006 0.000 0.069 0.000
  6.291667   7.291667    8.39 0.000  1.47 0.000 9.999 0.259 9.99 0.259 0.015 0.000  0.203 0.000  0.365 0.000   1.611 0.000   0.802 0.000  0.809 0.000 0.007 0.000 0.078 0.000
  9.291667  10.291667    6.37 0.000  1.41 0.000 9.999 0.259 0.11 0.000 0.005 0.000  0.106 0.000  0.191 0.000   1.313 0.000   0.565 0.000  0.748 0.000 0.008 0.000 0.082 0.000
 12.291667  13.291667   11.51 0.000  0.48 0.000 0.011 0.000 0.21 0.000 0.026 0.000  0.217 0.000  0.390 0.000   1.615 0.000   0.781 0.000  0.835 0.000 0.009 0.000 0.058 0.000
 15.291667  16.291667   16.66 0.000  0.84 0.000 9.999 0.259 0.21 0.000 0.045 0.000  0.357 0.000  0.642 0.000   1.978 0.000   0.422 0.000  1.556 0.000 0.026 0.000 0.103 0.000
 18.291667  19.291667   31.99 0.000  2.11 0.000 9.999 0.259 0.36 0.000 0.041 0.000  0.817 0.000  1.471 0.000   9.580 0.000   4.245 0.000  5.334 0.000 0.079 0.000 0.640 0.000
 21.291667  22.291667   17.07 0.000  0.85 0.000 9.999 0.259 9.99 0.259 0.051 0.000  0.473 0.000  0.851 0.000   7.417 0.000   5.064 0.000  2.353 0.000 0.026 0.000 0.243 0.000
 24.291667  25.291667    6.91 0.000  1.07 0.000 9.999 0.259 0.33 0.000 0.013 0.000  0.350 0.000  0.630 0.000   2.947 0.000   0.860 0.000  2.090 0.000 0.017 0.000 0.301 0.000
 27.291667  28.291667    7.47 0.000  0.34 0.000 9.999 0.259 0.25 0.000 0.022 0.000  0.263 0.000  0.473 0.000   1.950 0.000   0.488 0.000  1.462 0.000 0.010 0.000 0.224 0.000
 30.291667  31.291667    5.00 0.000  0.61 0.000 9.999 0.259 0.14 0.000 0.052 0.000  0.324 0.000  0.582 0.000   3.014 0.000   1.341 0.000  1.672 0.000 0.006 0.000 0.225 0.000
 33.291667  34.291667    4.77 0.000  0.29 0.000 9.999 0.259 0.46 0.000 0.128 0.000  0.127 0.000  0.228 0.000   4.762 0.000   2.273 0.000  2.488 0.000 0.010 0.000 0.400 0.000
 36.291667  37.291667    5.52 0.000  0.48 0.000 9.999 0.259 0.28 0.000 0.020 0.000  0.163 0.000  0.294 0.000   2.506 0.000   0.588 0.000  1.917 0.000 0.009 0.000 0.276 0.000
 39.291667  40.291667   11.26 0.000  0.81 0.000 0.008 0.000 0.18 0.000 0.047 0.000  0.143 0.000  0.257 0.000   3.337 0.000   1.377 0.000  1.959 0.000 0.014 0.000 0.297 0.000
 42.291667  43.291667    3.56 0.000  0.22 0.000 9.999 0.259 9.99 0.259 0.015 0.000  0.108 0.000  0.194 0.000   0.843 0.000   0.278 0.000  0.564 0.000 0.004 0.000 0.078 0.000
 45.291667  46.291667   13.46 0.000  2.65 0.000 0.008 0.000 9.99 0.259 0.010 0.000  0.273 0.000  0.492 0.000   2.778 0.000   0.975 0.000  1.817 0.000 0.014 0.000 0.205 0.000
 48.291667  49.291667    6.87 0.000  2.48 0.000 9.999 0.259 0.22 0.000 0.013 0.000  0.327 0.000  0.589 0.000   3.328 0.000   1.394 0.000  1.934 0.000 0.015 0.000 0.273 0.000
 51.291667  52.291667   10.80 0.000  0.69 0.000 9.999 0.259 0.14 0.000 0.016 0.000  0.135 0.000  0.243 0.000   2.450 0.000   1.316 0.000  1.133 0.000 0.016 0.000 0.151 0.000
 54.291667  55.291667    9.70 0.000  0.86 0.000 9.999 0.259 0.29 0.000 0.037 0.000  0.146 0.000  0.263 0.000   3.523 0.000   1.448 0.000  2.074 0.000 0.010 0.000 0.287 0.000
 57.291667  58.291667    6.03 0.000  0.93 0.000 9.999 0.259 0.18 0.000 0.111 0.000  0.403 0.000  0.726 0.000   2.451 0.000   0.397 0.000  2.054 0.000 0.005 0.000 0.238 0.000
 60.291667  61.291667   25.99 0.000  1.07 0.000 9.999 0.259 9.99 0.259 0.021 0.000  0.346 0.000  0.623 0.000   5.017 0.000   2.747 0.000  2.269 0.000 0.019 0.000 0.219 0.000
 63.291667  64.291667   15.80 0.000  1.61 0.000 9.999 0.259 9.99 0.259 0.036 0.000  0.335 0.000  0.603 0.000   4.855 0.000   2.790 0.000  2.065 0.000 0.019 0.000 0.377 0.000
 66.291667  67.291667   15.77 0.000  0.72 0.000 9.999 0.259 9.99 0.259 0.028 0.000  0.468 0.000  0.842 0.000   3.661 0.000   1.524 0.000  2.143 0.000 0.015 0.000 0.196 0.000
 69.291667  70.291667   56.22 0.000  0.65 0.000 9.999 0.259 9.99 0.259 0.018 0.000  0.481 0.000  0.867 0.000  10.898 0.000   7.411 0.000  3.486 0.000 0.047 0.000 0.181 0.000
 72.291667  73.291667   31.21 0.000  0.74 0.000 9.999 0.259 9.99 0.259 0.039 0.000  0.456 0.000  0.820 0.000   9.136 0.000   5.694 0.000  3.441 0.000 0.035 0.000 0.351 0.000
 75.291667  76.291667   54.32 0.000  1.65 0.000 0.016 0.000 9.99 0.259 0.034 0.000  0.333 0.559  0.599 0.559   6.117 0.000   3.441 0.000  2.676 0.000 0.035 0.000 0.227 0.000
 78.291667  79.291667   54.14 0.000  1.06 0.000 9.999 0.259 0.06 0.000 0.042 0.000  0.336 0.559  0.605 0.559   7.211 0.000   3.996 0.000  3.214 0.000 0.044 0.000 0.206 0.000
 81.291667  82.291667   29.79 0.000  0.68 0.000 0.013 0.000 0.16 0.000 0.036 0.000  0.205 0.000  0.369 0.000   7.149 0.000   5.008 0.000  2.141 0.000 0.027 0.000 0.210 0.000
 84.291667  85.291667   10.47 0.000  0.49 0.000 9.999 0.259 9.99 0.259 0.062 0.000  0.272 0.000  0.490 0.000   2.702 0.000   1.440 0.000  1.262 0.000 0.010 0.000 0.131 0.000
 87.291667  88.291667   54.10 0.000  0.37 0.000 9.999 0.259 9.99 0.259 0.047 0.000  0.212 0.000  0.381 0.000   7.676 0.000   5.270 0.000  2.484 0.000 0.037 0.000 0.180 0.000
 90.291667  91.291667   30.54 0.000  0.58 0.000 9.999 0.259 9.99 0.259 0.032 0.000  0.115 0.000  0.207 0.000   6.161 0.000   4.521 0.000  1.639 0.000 0.020 0.000 0.248 0.000
 93.291667  94.291667 9999.99 0.456 99.99 0.456 9.999 0.456 9.99 0.456 0.017 0.000  0.388 0.000  0.699 0.000  19.394 0.000 999.999 0.456 99.999 0.456 9.999 0.456 0.175 0.000
 96.291667  97.291667   91.06 0.000  1.75 0.000 9.999 0.259 0.16 0.000 0.019 0.000  0.264 0.000  0.476 0.000  12.273 0.000   8.396 0.000  3.876 0.000 0.062 0.000 0.294 0.000
 99.291667 100.291667  100.89 0.000  0.72 0.000 9.999 0.259 9.99 0.259 0.054 0.000  0.342 0.000  0.616 0.000  10.550 0.000   7.228 0.000  3.321 0.000 0.069 0.000 0.130 0.000
102.291667 103.291667  104.46 0.000  3.64 0.000 0.023 0.000 9.99 0.259 0.027 0.000  0.452 0.000  0.814 0.000   7.548 0.000   2.811 0.000  4.736 0.000 0.071 0.000 0.391 0.000
105.291667 106.291667  123.81 0.000  2.58 0.000 0.039 0.000 0.15 0.000 0.042 0.000  0.564 0.000  1.015 0.000  12.943 0.000   6.904 0.000  6.038 0.000 0.090 0.000 0.494 0.000
108.291667 109.291667  135.40 0.000  1.34 0.000 0.053 0.000 0.16 0.000 0.062 0.000  0.296 0.000  0.534 0.000  16.114 0.000  11.016 0.000  5.152 0.000 0.092 0.000 0.322 0.000
111.291667 112.291667  122.42 0.000  1.28 0.000 0.039 0.000 9.99 0.259 0.068 0.000  0.490 0.000  0.882 0.000  13.008 0.000   8.077 0.000  4.930 0.000 0.084 0.000 0.258 0.000
114.291667 115.291667   35.32 0.000  0.57 0.000 9.999 0.259 9.99 0.259 0.071 0.000  0.367 0.000  0.661 0.000   5.270 0.000   2.708 0.000  2.562 0.000 0.024 0.000 0.218 0.000
117.291667 118.291667   89.35 0.000  1.48 0.000 0.028 0.000 9.99 0.259 0.056 0.000  0.269 0.000  0.485 0.000  10.152 0.000   6.338 0.000  3.813 0.000 0.057 0.000 0.291 0.000
120.291667 121.291667   35.66 0.000  1.09 0.000 9.999 0.259 0.17 0.000 0.026 0.000  0.222 0.000  0.400 0.000   5.659 0.000   3.315 0.000  2.344 0.000 0.026 0.000 0.159 0.000
123.291667 124.291667   77.50 0.000  1.93 0.000 0.009 0.000 0.12 0.000 0.052 0.000  0.452 0.000  0.813 0.000  10.582 0.000   5.433 0.000  5.148 0.000 0.055 0.000 0.550 0.000
126.291667 127.291667   64.57 0.000  1.53 0.000 9.999 0.259 0.10 0.000 0.050 0.000  0.166 0.000  0.299 0.000   8.186 0.000   4.845 0.000  3.341 0.000 0.050 0.000 0.316 0.000
129.291667 130.291667  169.42 0.000  1.98 0.000 0.041 0.000 0.23 0.000 0.040 0.000  0.296 0.000  0.534 0.000  13.427 0.000   8.383 0.000  5.222 0.000 0.105 0.000 0.343 0.000
132.291667 133.291667   66.89 0.000  1.04 0.000 0.015 0.000 9.99 0.259 0.025 0.000  0.619 0.000  1.114 0.000   8.101 0.000   5.190 0.000  2.910 0.000 0.047 0.000 0.201 0.000
135.291667 136.291667  100.69 0.000  1.68 0.000 0.031 0.000 9.99 0.259 0.050 0.000  0.248 0.000  0.446 0.000  12.972 0.000   7.962 0.000  5.009 0.000 0.091 0.000 0.384 0.000
138.291667 139.291667  106.46 0.000  1.25 0.000 0.032 0.000 9.99 0.259 0.040 0.000  0.237 0.000  0.427 0.000   9.235 0.000   4.722 0.000  4.511 0.000 0.074 0.000 0.297 0.000
141.291667 142.291667   77.16 0.000  1.42 0.000 0.025 0.000 0.18 0.000 0.062 0.000  2.254 0.000  4.057 0.000  14.702 0.000   5.578 0.000  9.120 0.000 0.130 0.000 0.566 0.000
144.291667 145.291667   65.44 0.000  0.84 0.000 9.999 0.259 0.47 0.000 0.114 0.000  1.209 0.000  2.176 0.000  15.770 0.000   8.729 0.000  6.946 0.000 0.094 0.000 0.768 0.000
147.291667 148.291667   15.87 0.000  0.54 0.000 9.999 0.259 0.15 0.000 0.034 0.000  0.733 0.000  1.319 0.000   5.110 0.000   1.565 0.000  3.527 0.000 0.025 0.000 0.408 0.000
150.291667 151.291667   37.69 0.000  0.81 0.000 9.999 0.259 0.39 0.000 0.058 0.000  0.417 0.000  0.750 0.000   7.577 0.000   3.724 0.000  3.854 0.000 0.035 0.000 0.488 0.000
153.291667 154.291667   25.20 0.000  0.55 0.000 0.010 0.000 0.11 0.000 0.044 0.000  0.295 0.000  0.530 0.000   7.438 0.000   4.278 0.000  3.114 0.000 0.036 0.000 0.298 0.000
156.291667 157.291667   31.27 0.000  1.35 0.000 0.012 0.000 9.99 0.259 0.027 0.000 99.999 0.259 99.999 0.259   6.756 0.000   3.949 0.000  2.764 0.000 0.037 0.000 0.312 0.000
159.291667 160.291667   35.49 0.000  0.66 0.000 9.999 0.259 0.29 0.000 0.022 0.000  0.470 0.000  0.846 0.000   8.853 0.000   5.415 0.000  3.380 0.000 0.044 0.000 0.294 0.000
162.291667 163.291667   50.58 0.000  0.96 0.000 0.020 0.000 0.18 0.000 0.080 0.000  0.479 0.000  0.863 0.000  14.579 0.000   9.387 0.000  5.091 0.000 0.066 0.000 0.527 0.000
165.291667 166.291667 9999.99 0.999 99.99 0.999 9.999 0.999 9.99 0.999 9.999 0.999 99.999 0.999 99.999 0.999 999.999 0.999 999.999 0.999 99.999 0.999 9.999 0.999 9.999 0.999
168.291667 169.291667 9999.99 0.999 99.99 0.999 9.999 0.999 9.99 0.999 9.999 0.999 99.999 0.999 99.999 0.999 999.999 0.999 999.999 0.999 99.999 0.999 9.999 0.999 9.999 0.999
171.291667 172.291667 9999.99 0.999 99.99 0.999 9.999 0.999 9.99 0.999 9.999 0.999 99.999 0.999 99.999 0.999 999.999 0.999 999.999 0.999 99.999 0.999 9.999 0.999 9.999 0.999
174.291667 175.291667   39.28 0.000  1.15 0.000 0.008 0.000 0.15 0.000 0.022 0.559  1.210 0.000  2.177 0.000  10.215 0.000   4.326 0.000  5.840 0.000 0.091 0.000 0.551 0.559
177.291667 178.291667   25.79 0.000  0.56 0.000 9.999 0.259 0.12 0.000 0.014 0.000  0.685 0.000  1.234 0.000   8.513 0.000   4.068 0.000  4.401 0.000 0.034 0.000 0.431 0.000
180.291667 181.291667   45.26 0.000  0.54 0.000 0.010 0.000 9.99 0.259 0.021 0.000  1.030 0.000  1.854 0.000  10.493 0.000   5.980 0.000  4.448 0.000 0.064 0.000 0.320 0.000
183.291667 184.291667   40.45 0.000  0.76 0.000 0.015 0.000 9.99 0.259 0.032 0.000  0.859 0.000  1.545 0.000  11.819 0.000   6.896 0.000  4.849 0.000 0.061 0.000 0.446 0.000
186.291667 187.291667   39.49 0.000  0.49 0.000 9.999 0.259 0.07 0.000 0.020 0.000  0.509 0.000  0.917 0.000   8.446 0.000   4.630 0.000  3.766 0.000 0.056 0.000 0.345 0.000
189.291667 190.291667   29.06 0.000  0.37 0.000 9.999 0.259 0.15 0.000 0.038 0.000  1.164 0.000  2.094 0.000  10.151 0.000   5.278 0.000  4.815 0.000 0.059 0.000 0.436 0.000
192.291667 193.291667   67.05 0.000  0.72 0.000 9.999 0.259 0.07 0.000 0.023 0.000  0.724 0.000  1.303 0.000  14.717 0.000  10.206 0.000  4.565 0.000 0.064 0.000 0.282 0.000
195.291667 196.291667   76.37 0.000  0.52 0.000 9.999 0.259 0.15 0.000 0.032 0.000  1.007 0.000  1.813 0.000  15.807 0.000   9.790 0.000  5.912 0.000 0.078 0.000 0.474 0.000
198.291667 199.291667   44.69 0.000  0.25 0.000 9.999 0.259 9.99 0.259 0.017 0.000  1.748 0.000  3.146 0.000  13.273 0.000   7.497 0.000  5.695 0.000 0.081 0.000 0.306 0.000
201.291667 202.291667  118.11 0.000  0.44 0.000 0.037 0.000 9.99 0.259 0.047 0.000  0.331 0.000  0.597 0.000  20.422 0.000  15.385 0.000  4.873 0.000 0.082 0.000 0.307 0.000
204.291667 205.291667 9999.99 0.999 99.99 0.999 9.999 0.999 9.99 0.999 9.999 0.999 99.999 0.999 99.999 0.999 999.999 0.999 999.999 0.999 99.999 0.999 9.999 0.999 9.999 0.999
207.291667 208.291667   19.75 0.000  0.25 0.000 9.999 0.259 9.99 0.259 0.013 0.000  0.349 0.000  0.629 0.000   7.663 0.000   5.037 0.000  2.572 0.000 0.018 0.000 0.240 0.000
210.291667 211.291667 9999.99 0.456 99.99 0.456 9.999 0.456 9.99 0.456 0.031 0.000  0.552 0.000  0.993 0.000   8.785 0.000 999.999 0.456 99.999 0.456 9.999 0.456 0.327 0.000
213.291667 214.291667  198.50 0.000  0.93 0.000 9.999 0.259 0.09 0.000 0.049 0.000  0.585 0.000  1.053 0.000  14.806 0.000   7.886 0.000  6.955 0.000 0.085 0.000 0.607 0.000
216.291667 217.291667  111.04 0.000  0.23 0.000 9.999 0.259 0.14 0.000 0.037 0.000  0.390 0.000  0.703 0.000  14.272 0.000   7.985 0.000  6.200 0.000 0.055 0.000 0.726 0.000
219.291667 220.291667   27.17 0.000  0.29 0.000 9.999 0.259 9.99 0.259 0.011 0.000  0.547 0.000  0.985 0.000   5.174 0.000   2.772 0.000  2.373 0.000 0.017 0.000 0.206 0.000
222.291667 223.291667   26.68 0.000  0.14 0.000 9.999 0.259 0.22 0.000 0.053 0.000  0.326 0.000  0.587 0.000   7.889 0.000   3.731 0.000  4.118 0.000 0.021 0.000 0.656 0.000
225.291667 226.291667   13.50 0.000  0.51 0.000 9.999 0.259 9.99 0.259 0.015 0.000  0.561 0.000  1.009 0.000   5.356 0.000   2.512 0.000  2.817 0.000 0.014 0.000 0.334 0.000
228.291667 229.291667    6.10 0.000  0.62 0.000 9.999 0.259 9.99 0.259 0.004 0.559  0.175 0.000  0.315 0.000   3.868 0.000   1.934 0.000  1.913 0.000 0.008 0.000 0.238 0.559
231.291667 232.291667   12.61 0.000  0.36 0.000 9.999 0.259 9.99 0.259 0.009 0.559  0.170 0.000  0.307 0.000   4.710 0.000   2.289 0.000  2.396 0.000 0.011 0.000 0.285 0.559
234.291667 235.291667 9999.99 0.999 99.99 0.999 9.999 0.999 9.99 0.999 0.009 0.559  0.208 0.000  0.375 0.000   5.413 0.000 999.999 0.999 99.999 0.999 9.999 0.999 0.316 0.559
237.291667 238.291667 9999.99 0.999 99.99 0.999 9.999 0.999 9.99 0.999 0.011 0.559  0.368 0.000  0.663 0.000   6.891 0.000 999.999 0.999 99.999 0.999 9.999 0.999 0.343 0.559
240.291667 241.291667   22.71 0.000  0.24 0.000 9.999 0.259 9.99 0.259 0.008 0.559  0.440 0.000  0.792 0.000   8.003 0.000   5.054 0.000  2.895 0.000 0.025 0.000 0.221 0.559
243.291667 244.291667   32.91 0.000  0.94 0.000 9.999 0.259 0.14 0.000 0.034 0.559  0.732 0.000  1.318 0.000  11.166 0.000   6.632 0.000  4.462 0.000 0.063 0.000 0.405 0.559
246.291667 247.291667    8.91 0.000  0.72 0.000 9.999 0.259 0.11 0.000 0.007 0.559  0.546 0.000  0.982 0.000   5.582 0.000   1.994 0.000  3.565 0.000 0.013 0.000 0.486 0.559
249.291667 250.291667 9999.99 0.999 99.99 0.999 9.999 0.999 9.99 0.999 9.999 0.999 99.999 0.999 99.999 0.999 999.999 0.999 999.999 0.999 99.999 0.999 9.999 0.999 9.999 0.999
252.291667 253.291667   12.24 0.000  1.45 0.000 9.999 0.259 0.32 0.000 0.039 0.000  0.462 0.559  0.832 0.559   9.358 0.000   4.097 0.000  5.216 0.000 0.020 0.000 0.866 0.000
255.291667 256.291667    8.64 0.000  0.39 0.000 9.999 0.259 0.11 0.000 0.010 0.559  0.035 0.559  0.063 0.559   3.992 0.000   2.803 0.000  1.204 0.000 0.009 0.000 0.147 0.559
258.291667 259.291667   11.70 0.000  1.02 0.000 0.008 0.000 9.99 0.259 0.006 0.559  0.142 0.559  0.257 0.559   4.151 0.000   2.673 0.000  1.450 0.000 0.013 0.000 0.122 0.559
261.291667 262.291667   13.57 0.000  0.84 0.000 9.999 0.259 0.12 0.000 0.008 0.559  0.244 0.559  0.439 0.559   4.346 0.000   2.251 0.000  2.070 0.000 0.013 0.000 0.255 0.559
264.291667 265.291667   33.64 0.000  1.19 0.000 9.999 0.259 0.14 0.000 0.019 0.559  0.511 0.559  0.920 0.559   9.104 0.000   4.943 0.000  4.107 0.000 0.031 0.000 0.471 0.559
267.291667 268.291667   11.49 0.000  0.54 0.000 9.999 0.259 0.29 0.000 0.011 0.559  0.126 0.559  0.228 0.559   5.688 0.000   3.323 0.000  2.329 0.000 0.020 0.000 0.346 0.559
270.291667 271.291667 9999.99 0.999 99.99 0.999 9.999 0.999 9.99 0.999 9.999 0.999 99.999 0.999 99.999 0.999 999.999 0.999 999.999 0.999 99.999 0.999 9.999 0.999 9.999 0.999
