scripts/IMPROVE-2019_partial/data/US0306R.20030103070000.20191216000000.filterpack..pm25.1y.1w.US03L_filterpack_US0306.US03L_IMPROVE_Davis.lev2.nas
66 1001
MISSING INFORMATION
US03L, IMPROVE, , , , , , , 
MISSING INFORMATION
IMPROVE sel_HTAP
1 1
2003 01 01 2019 12 16
3.000000
days from file reference point
27
1 1 1 1 1 1 1 1 1 1 1 1 1 1 1 1 1 1 1 1 1 1 1 1 1 1 1
999.999999 9999.99 9.999 99.99 9.999999 9.999 9.999999 99.99 9.999999 9.999 9.999 99.999 9.999 999.999 9.999 999.99 9.999999 999.999 9.999 999.999 9.999 999.999 9.999 9.999 9.999 99.999 9.999
end_time of measurement, days from the file reference point
iron, ng/m3, Revision date=20181210133000
numflag iron, no unit, Revision date=20181210133000
lead, ng/m3, Revision date=20181210133000
numflag lead, no unit, Revision date=20181210133000
magnesium, ug/m3, Revision date=20181210133000
numflag magnesium, no unit, Revision date=20181210133000
nickel, ng/m3, Revision date=20181210133000
numflag nickel, no unit, Revision date=20181210133000
nitrate, ug N/m3, Revision date=20181210133000
numflag nitrate, no unit, Revision date=20181210133000
organic_carbon, ug C/m3, Revision date=20181210133000
numflag organic_carbon, no unit, Revision date=20181210133000
organic_mass, ug/m3, Revision date=20181210133000
numflag organic_mass, no unit, Revision date=20181210133000
phosphorus, ng/m3, Revision date=20181210133000
numflag phosphorus, no unit, Revision date=20181210133000
pm10_mass, ug/m3, Version=2, Version description=Data extracted from http://views.cira.colostate.edu/fed/DataWizard 2019-12-16, Sample duration=1d, Orig. time res.=3d, Matrix=pm10, Blank correction=Blank corrected, Volume std. temperature=ambient, Volume std. pressure=ambient
numflag pm10_mass, no unit, Version=2, Version description=Data extracted from http://views.cira.colostate.edu/fed/DataWizard 2019-12-16, Sample duration=1d, Orig. time res.=3d, Matrix=pm10, Blank correction=Blank corrected, Volume std. temperature=ambient, Volume std. pressure=ambient
pm10_pm25_mass, ug/m3, Revision date=20181210133000, Matrix=pm10_pm25
numflag pm10_pm25_mass, no unit, Revision date=20181210133000, Matrix=pm10_pm25
pm25_mass, ug/m3, Version=2, Version description=Data extracted from http://views.cira.colostate.edu/fed/DataWizard 2019-12-16, Sample duration=1d, Orig. time res.=3d, Blank correction=Blank corrected, Volume std. temperature=ambient, Volume std. pressure=ambient
numflag pm25_mass, no unit, Version=2, Version description=Data extracted from http://views.cira.colostate.edu/fed/DataWizard 2019-12-16, Sample duration=1d, Orig. time res.=3d, Blank correction=Blank corrected, Volume std. temperature=ambient, Volume std. pressure=ambient
potassium, ug/m3, Revision date=20181210133000
numflag potassium, no unit, Revision date=20181210133000
sulphate_total, ug S/m3, Revision date=20181210133000
numflag sulphate_total, no unit, Revision date=20181210133000
0
25
Data definition:              EBAS_1.1
Set type code:                TU
Timezone:                     UTC
File name:                    US0306R.20030103070000.20191216000000.filterpack..pm25.1y.1w.US03L_filterpack_US0306.US03L_IMPROVE_Davis.lev2.nas
File creation:                20191218120230
Startdate:                    20030103070000
Revision date:                20191216000000
Statistics:                   arithmetic mean
Data level:                   2
Period code:                  1y
Resolution code:              1w
Station code:                 US0306R
Platform code:                US0306S
Station name:                 Organ Pipe Cactus National Monument
Station latitude:             31.9506
Station longitude:            -112.8
Station altitude:             506.0 m
Regime:                       IMG
Component:                    
Matrix:                       pm25
Laboratory code:              US03L
Instrument type:              filterpack
Instrument name:              filterpack_US0306
Method ref:                   US03L_IMPROVE_Davis
starttime endtime Fe flag_Fe Pb flag_Pb Mg++ flag_Mg++ Ni flag_Ni NO3- flag_NO3- OC flag_OC OM flag_OM P flag_P PM10 flag_PM10 PM10-PM2.5 flag_PM10-PM2.5 PM2.5 flag_PM2.5 K+ flag_K+ SO4-- flag_SO4--
  2.291667   3.291667 9999.99 0.999 99.99 0.999000 9.999 0.999000 99.99 0.999000 9.999 0.999 99.999 0.999 999.999 0.999 999.99 0.999000 999.999 0.999 999.999 0.999 999.999 0.999 9.999 0.999 99.999 0.999
  5.291667   6.291667 9999.99 0.999 99.99 0.999000 9.999 0.999000 99.99 0.999000 9.999 0.999 99.999 0.999 999.999 0.999 999.99 0.999000 999.999 0.999 999.999 0.999 999.999 0.999 9.999 0.999 99.999 0.999
  8.291667   9.291667 9999.99 0.999 99.99 0.999000 9.999 0.999000 99.99 0.999000 9.999 0.999 99.999 0.999 999.999 0.999 999.99 0.999000 999.999 0.999 999.999 0.999 999.999 0.999 9.999 0.999 99.999 0.999
 11.291667  12.291667 9999.99 0.999 99.99 0.999000 9.999 0.999000 99.99 0.999000 9.999 0.999 99.999 0.999 999.999 0.999 999.99 0.999000 999.999 0.999 999.999 0.999 999.999 0.999 9.999 0.999 99.999 0.999
 14.291667  15.291667   32.40 0.000  2.87 0.000000 0.012 0.000000  0.08 0.000000 0.118 0.000  0.973 0.000   1.362 0.000 999.99 0.259000   8.143 0.000   4.978 0.000   3.165 0.000 0.081 0.000  0.255 0.000
 17.291667  18.291667   54.07 0.559  3.20 0.559000 9.999 0.559259  0.05 0.559000 0.052 0.000  0.757 0.000   1.061 0.000 999.99 0.559259   9.204 0.000   5.971 0.000   3.234 0.559 0.051 0.559  0.175 0.000
 20.291667  21.291667   28.83 0.000  1.60 0.000000 9.999 0.259000 99.99 0.259000 0.056 0.000  0.734 0.000   1.027 0.000 999.99 0.259000   6.082 0.000   2.518 0.000   3.564 0.000 0.031 0.000  0.203 0.000
 23.291667  24.291667   32.67 0.559  2.28 0.559000 9.999 0.559259 99.99 0.559259 0.021 0.000  0.698 0.000   0.977 0.000 999.99 0.559259   6.986 0.000   4.348 0.000   2.638 0.559 0.024 0.559  0.189 0.000
 26.291667  27.291667   25.84 0.000  1.74 0.000000 9.999 0.259000 99.99 0.259000 0.012 0.000  0.515 0.000   0.721 0.000 999.99 0.259000   6.944 0.000   4.855 0.000   2.090 0.000 0.025 0.000  0.171 0.000
 29.291667  30.291667   83.07 0.559  1.99 0.559000 9.999 0.559259  0.07 0.559000 0.165 0.000  1.146 0.000   1.605 0.000 999.99 0.559259  13.683 0.000   8.822 0.000   4.861 0.559 0.082 0.559  0.246 0.000
 32.291667  33.291667  295.27 0.559  0.63 0.559000 0.129 0.559000  0.28 0.559000 0.053 0.000  0.670 0.000   0.938 0.000 999.99 0.559259  42.907 0.000  32.407 0.000  10.500 0.559 0.215 0.559  0.275 0.000
 35.291667  36.291667   78.06 0.000  0.54 0.000000 0.011 0.000000  0.17 0.000000 0.095 0.000  0.526 0.000   0.737 0.000 999.99 0.259000   8.732 0.000   5.318 0.000   3.414 0.000 0.062 0.000  0.129 0.000
 38.291667  39.291667   43.64 0.000  0.83 0.000000 0.017 0.000000 99.99 0.259000 0.081 0.000  0.901 0.000   1.261 0.000 999.99 0.259000  10.937 0.000   8.176 0.000   2.760 0.000 0.056 0.000  0.173 0.000
 41.291667  42.291667   58.64 0.000  1.82 0.000000 9.999 0.259000 99.99 0.259000 0.048 0.000  0.738 0.000   1.033 0.000 999.99 0.259000  11.710 0.000   8.698 0.000   3.012 0.000 0.057 0.000  0.212 0.000
 44.291667  45.291667   30.80 0.559  0.07 0.559000 9.999 0.559259  0.06 0.559000 0.027 0.000  0.538 0.000   0.753 0.000 999.99 0.559259   2.412 0.000 999.999 0.259   2.601 0.559 0.020 0.559  0.081 0.000
 47.291667  48.291667    4.88 0.559  0.29 0.559000 0.009 0.559000 99.99 0.559259 0.114 0.000  0.673 0.000   0.943 0.000 999.99 0.559259   2.260 0.000   0.495 0.000   1.765 0.559 0.004 0.559  0.199 0.000
 50.291667  51.291667   31.70 0.000  0.61 0.000000 9.999 0.259000  0.10 0.000000 0.082 0.000  0.658 0.000   0.922 0.000 999.99 0.259000  10.003 0.000   7.381 0.000   2.622 0.000 0.029 0.000  0.223 0.000
 53.291667  54.291667   26.15 0.000  0.87 0.000000 9.999 0.259000  0.25 0.000000 0.053 0.000  0.525 0.000   0.736 0.000 999.99 0.259000   7.776 0.000   5.010 0.000   2.766 0.000 0.031 0.000  0.263 0.000
 56.291667  57.291667 9999.99 0.999 99.99 0.999000 9.999 0.999000 99.99 0.999000 9.999 0.999 99.999 0.999 999.999 0.999 999.99 0.999000 999.999 0.999 999.999 0.999 999.999 0.999 9.999 0.999 99.999 0.999
 59.291667  60.291667    6.57 0.000  0.31 0.000000 9.999 0.259000 99.99 0.259000 0.074 0.000  0.537 0.000   0.752 0.000 999.99 0.259000   5.383 0.000   3.131 0.000   2.252 0.000 0.012 0.000  0.160 0.000
 62.291667  63.291667   18.54 0.000  0.59 0.000000 9.999 0.259000  0.15 0.000000 0.064 0.000  0.395 0.000   0.553 0.000 999.99 0.259000   6.534 0.000   4.038 0.000   2.495 0.000 0.019 0.000  0.203 0.000
 65.291667  66.291667   19.29 0.000  0.88 0.000000 9.999 0.259000 99.99 0.259000 0.048 0.000  0.501 0.000   0.702 0.000 999.99 0.259000   5.208 0.000   3.170 0.000   2.039 0.000 0.016 0.000  0.183 0.000
 68.291667  69.291667   22.74 0.000  0.99 0.000000 9.999 0.259000 99.99 0.259000 0.015 0.000  0.695 0.000   0.972 0.000 999.99 0.259000   4.575 0.000   2.522 0.000   2.053 0.000 0.023 0.000  0.173 0.000
 71.291667  72.291667   63.04 0.000  1.24 0.000000 9.999 0.259000  0.73 0.000000 0.040 0.000  0.769 0.000   1.076 0.000 999.99 0.259000  13.314 0.000   7.959 0.000   5.354 0.000 0.057 0.000  0.617 0.000
 74.291667  75.291667   76.95 0.000  0.62 0.000000 9.999 0.259000  0.08 0.000000 0.061 0.000  0.556 0.000   0.779 0.000 999.99 0.259000  20.135 0.000  14.703 0.000   5.432 0.000 0.066 0.000  0.255 0.000
 77.291667  78.291667  115.97 0.000  0.67 0.000000 0.039 0.000000 99.99 0.259000 0.071 0.000  0.484 0.000   0.677 0.000 999.99 0.259000  16.509 0.000  11.879 0.000   4.630 0.000 0.076 0.000  0.133 0.000
 80.291667  81.291667   38.80 0.559  0.48 0.559000 9.999 0.559259 99.99 0.559259 0.020 0.000  0.592 0.000   0.829 0.000 999.99 0.559259   5.250 0.000   2.722 0.000   2.528 0.559 0.029 0.559  0.208 0.000
 83.291667  84.291667  106.90 0.000  0.89 0.000000 9.999 0.259000  0.11 0.000000 0.039 0.000  0.738 0.000   1.033 0.000 999.99 0.259000   9.040 0.000   3.739 0.000   5.301 0.000 0.074 0.000  0.234 0.000
 86.291667  87.291667   30.40 0.000  0.30 0.000000 9.999 0.259000 99.99 0.259000 0.028 0.000  0.303 0.000   0.424 0.000 999.99 0.259000   7.766 0.000   5.671 0.000   2.095 0.000 0.020 0.000  0.111 0.000
 89.291667  90.291667   53.09 0.000  2.44 0.000000 0.024 0.000000  0.06 0.000000 0.028 0.000  0.751 0.000   1.052 0.000 999.99 0.259000  10.172 0.000   6.548 0.000   3.623 0.000 0.034 0.000  0.311 0.000
 92.291667  93.291667  115.79 0.000  1.35 0.000000 9.999 0.259000  0.12 0.000000 0.092 0.000  0.501 0.000   0.701 0.000 999.99 0.259000  16.642 0.000  10.764 0.000   5.878 0.000 0.086 0.000  0.439 0.000
 95.291667  96.291667   60.80 0.000  0.73 0.000000 9.999 0.259000  0.05 0.000000 0.062 0.000  0.340 0.000   0.476 0.000 999.99 0.259000   6.944 0.000   3.861 0.000   3.083 0.000 0.043 0.000  0.224 0.000
 98.291667  99.291667  169.08 0.559  1.74 0.559000 9.999 0.559259  0.07 0.559000 0.037 0.000  0.762 0.000   1.067 0.000 999.99 0.559259  18.614 0.000  11.634 0.000   6.980 0.559 0.108 0.559  0.329 0.000
101.291667 102.291667  195.26 0.559  1.48 0.559000 9.999 0.559259  0.25 0.559000 0.082 0.000  0.520 0.000   0.728 0.000 999.99 0.559259  10.479 0.000   2.205 0.000   8.274 0.559 0.118 0.559  0.444 0.000
104.291667 105.291667   63.60 0.000  0.39 0.000000 9.999 0.259000 99.99 0.259000 0.020 0.000  0.313 0.000   0.438 0.000 999.99 0.259000   7.689 0.000   4.949 0.000   2.740 0.000 0.043 0.000  0.080 0.000
107.291667 108.291667   46.85 0.559  0.43 0.559000 9.999 0.559259 99.99 0.559259 0.044 0.000  0.290 0.000   0.406 0.000 999.99 0.559259   8.095 0.000   5.398 0.000   2.697 0.559 0.035 0.559  0.142 0.000
110.291667 111.291667   83.75 0.000  0.97 0.000000 9.999 0.259000  0.23 0.000000 0.128 0.000  0.527 0.000   0.738 0.000 999.99 0.259000  13.725 0.000   7.786 0.000   5.939 0.000 0.067 0.000  0.473 0.000
113.291667 114.291667   75.91 0.559  1.22 0.559000 9.999 0.559259  0.04 0.559000 0.062 0.000  0.451 0.000   0.631 0.000 999.99 0.559259   9.177 0.000   4.724 0.000   4.452 0.559 0.058 0.559  0.241 0.000
116.291667 117.291667  113.48 0.559  0.98 0.559000 9.999 0.559259  0.12 0.559000 0.081 0.000  0.644 0.000   0.902 0.000 999.99 0.559259  11.793 0.000   6.197 0.000   5.596 0.559 0.089 0.559  0.341 0.000
119.291667 120.291667  128.26 0.000  1.06 0.000000 9.999 0.259000  0.07 0.000000 0.074 0.000  0.753 0.000   1.055 0.000 999.99 0.259000  13.081 0.000   7.722 0.000   5.359 0.000 0.088 0.000  0.247 0.000
122.291667 123.291667  136.23 0.559  0.63 0.559000 9.999 0.559259  0.26 0.559000 0.053 0.000  0.461 0.000   0.645 0.000 999.99 0.559259  12.792 0.000   7.372 0.000   5.420 0.559 0.102 0.559  0.224 0.000
125.291667 126.291667   76.97 0.000  1.09 0.000000 9.999 0.259000  0.11 0.000000 0.077 0.000  0.651 0.000   0.912 0.000 999.99 0.259000  10.342 0.000   5.334 0.000   5.008 0.000 0.065 0.000  0.369 0.000
128.291667 129.291667  253.12 0.559  1.21 0.559000 9.999 0.559259 99.99 0.559259 0.088 0.000  0.968 0.000   1.355 0.000 999.99 0.559259  21.199 0.000  10.951 0.000  10.248 0.559 0.200 0.559  0.375 0.000
131.291667 132.291667  125.77 0.559  1.20 0.559000 9.999 0.559259 99.99 0.559259 0.058 0.000  1.345 0.000   1.883 0.000 999.99 0.559259  10.174 0.000   3.541 0.000   6.633 0.559 0.108 0.559  0.334 0.000
134.291667 135.291667  647.12 0.559  2.26 0.559000 9.999 0.559259  0.16 0.559000 0.140 0.000  1.245 0.000   1.743 0.000 999.99 0.559259  49.017 0.000  27.433 0.000  21.584 0.559 0.587 0.559  0.674 0.000
137.291667 138.291667  117.03 0.559  1.17 0.559000 9.999 0.559259  0.56 0.559000 0.088 0.000  2.262 0.000   3.167 0.000 999.99 0.559259  14.772 0.000   4.890 0.000   9.883 0.559 0.108 0.559  0.591 0.000
140.291667 141.291667  418.99 0.559  1.54 0.559000 0.057 0.559000  0.13 0.559000 0.083 0.000  1.868 0.000   2.615 0.000 999.99 0.559259  35.585 0.000  20.833 0.000  14.752 0.559 0.398 0.559  0.551 0.000
143.291667 144.291667  287.61 0.699  1.65 0.699000 9.999 0.699259  0.22 0.699000 0.108 0.000  0.982 0.000   1.375 0.000 999.99 0.699259  20.248 0.000   9.928 0.000  10.320 0.699 0.246 0.699  0.654 0.000
146.291667 147.291667  147.81 0.559  1.36 0.559000 9.999 0.559259  0.25 0.559000 0.115 0.000  1.252 0.000   1.753 0.000 999.99 0.559259  15.254 0.000   7.126 0.000   8.127 0.559 0.154 0.559  0.786 0.000
149.291667 150.291667  230.87 0.559  0.72 0.559000 9.999 0.559259  0.33 0.559000 0.097 0.000  1.825 0.000   2.555 0.000 999.99 0.559259  22.631 0.000  10.870 0.000  11.761 0.559 0.270 0.559  0.814 0.000
152.291667 153.291667   93.14 0.559  0.78 0.559000 9.999 0.559259  0.46 0.559000 0.061 0.000  0.998 0.000   1.397 0.000 999.99 0.559259  10.866 0.000   4.619 0.000   6.247 0.559 0.103 0.559  0.708 0.000
155.291667 156.291667  134.07 0.559  0.65 0.559000 9.999 0.559259  0.20 0.559000 0.061 0.000  0.835 0.000   1.168 0.000 999.99 0.559259  12.337 0.000   5.155 0.000   7.182 0.559 0.114 0.559  0.616 0.000
158.291667 159.291667   40.30 0.559 99.99 0.559259 0.030 0.559000  0.25 0.559000 0.053 0.000  0.940 0.000   1.316 0.000 999.99 0.559259   7.919 0.000   3.698 0.000   4.221 0.559 0.068 0.559  0.444 0.000
161.291667 162.291667  126.50 0.559  0.53 0.559000 9.999 0.559259  0.20 0.559000 0.046 0.000  0.698 0.000   0.977 0.000 999.99 0.559259   9.875 0.000   3.160 0.000   6.715 0.559 0.117 0.559  0.492 0.000
164.291667 165.291667   62.24 0.699 99.99 0.699259 9.999 0.699259  0.37 0.699000 0.031 0.000  0.795 0.000   1.114 0.000 999.99 0.699259   7.306 0.000   2.988 0.000   4.318 0.699 0.065 0.699  0.469 0.000
167.291667 168.291667   35.51 0.000 99.99 0.259000 9.999 0.259000  0.20 0.000000 0.023 0.000  0.844 0.000   1.181 0.000 999.99 0.259000   6.050 0.000   3.300 0.000   2.750 0.000 0.030 0.000  0.285 0.000
170.291667 171.291667  104.00 0.559  0.63 0.559000 9.999 0.559259  0.17 0.559000 0.060 0.000  1.100 0.000   1.540 0.000 999.99 0.559259  16.899 0.000  11.272 0.000   5.628 0.559 0.090 0.559  0.352 0.000
173.291667 174.291667   52.76 0.559  0.26 0.559000 9.999 0.559259  0.57 0.559000 0.051 0.000  1.266 0.000   1.772 0.000 999.99 0.559259  12.364 0.000   7.986 0.000   4.377 0.559 0.056 0.559  0.303 0.000
176.291667 177.291667   62.99 0.559  0.30 0.559000 9.999 0.559259  0.04 0.559000 0.055 0.000  1.447 0.000   2.026 0.000 999.99 0.559259  13.006 0.000   7.934 0.000   5.072 0.559 0.089 0.559  0.307 0.000
179.291667 180.291667  102.45 0.559  0.39 0.559000 9.999 0.559259  0.61 0.559000 0.146 0.000  1.776 0.000   2.486 0.000 999.99 0.559259  14.088 0.000   5.235 0.000   8.853 0.559 0.167 0.559  0.817 0.000
182.291667 183.291667  172.82 0.699  0.56 0.699000 9.999 0.699259  0.78 0.699000 0.158 0.000  1.291 0.000   1.808 0.000 999.99 0.699259  23.148 0.000  11.466 0.000  11.683 0.699 0.181 0.699  0.989 0.000
185.291667 186.291667   84.69 0.699  0.74 0.699000 9.999 0.699259  0.72 0.699000 0.134 0.000  1.505 0.000   2.107 0.000 999.99 0.699259  16.425 0.000   7.402 0.000   9.024 0.699 0.186 0.699  0.941 0.000
188.291667 189.291667   76.51 0.559  0.53 0.559000 9.999 0.559259  0.43 0.559000 0.136 0.000  1.142 0.000   1.599 0.000 999.99 0.559259  13.495 0.000   6.373 0.000   7.122 0.559 0.102 0.559  0.673 0.000
191.291667 192.291667  175.80 0.699  0.61 0.699000 9.999 0.699259  0.97 0.699000 0.160 0.000  1.075 0.000   1.505 0.000 999.99 0.699259  29.494 0.000  17.546 0.000  11.947 0.699 0.185 0.699  1.250 0.000
194.291667 195.291667  571.50 0.699  1.61 0.699000 9.999 0.699259  0.38 0.699000 0.099 0.000  1.851 0.000   2.591 0.000 999.99 0.699259  95.390 0.000  75.234 0.000  20.157 0.699 0.394 0.699  0.659 0.000
197.291667 198.291667  394.18 0.699  1.05 0.699000 9.999 0.699259  0.49 0.699000 0.144 0.000  1.422 0.000   1.991 0.000 999.99 0.699259  38.897 0.000  21.665 0.000  17.233 0.699 0.287 0.699  0.856 0.000
200.291667 201.291667  149.23 0.699  0.73 0.699000 9.999 0.699259  0.22 0.699000 0.112 0.000  2.418 0.000   3.386 0.000 999.99 0.699259  17.940 0.000   6.391 0.000  11.549 0.699 0.173 0.699  0.768 0.000
203.291667 204.291667  193.06 0.559  0.40 0.559000 9.999 0.559259  0.36 0.559000 0.070 0.000  1.167 0.000   1.633 0.000 999.99 0.559259  20.994 0.000  12.517 0.000   8.477 0.559 0.147 0.559  0.636 0.000
206.291667 207.291667   62.40 0.559  0.20 0.559000 9.999 0.559259  0.26 0.559000 0.080 0.559  0.889 0.000   1.244 0.000 999.99 0.559259   9.192 0.000   4.232 0.000   4.960 0.559 0.053 0.559  0.559 0.559
209.291667 210.291667   87.22 0.394  0.35 0.394000 9.999 0.394259  0.11 0.394000 0.034 0.394  0.564 0.000   0.790 0.000 999.99 0.394259   6.002 0.000   2.114 0.000   3.888 0.000 0.060 0.394  0.256 0.394
212.291667 213.291667   65.56 0.000  0.57 0.000000 9.999 0.259000  0.12 0.000000 0.031 0.000  0.682 0.000   0.955 0.000 999.99 0.259000   4.482 0.000   0.481 0.000   4.000 0.000 0.049 0.000  0.315 0.000
215.291667 216.291667  134.81 0.559  0.53 0.559000 9.999 0.559259  0.22 0.559000 0.027 0.000  0.740 0.000   1.036 0.000 999.99 0.559259   6.824 0.000   0.681 0.000   6.143 0.559 0.093 0.559  0.405 0.000
218.291667 219.291667  139.32 0.559  0.54 0.559000 9.999 0.559259  1.35 0.559000 0.110 0.000  1.170 0.000   1.637 0.000 999.99 0.559259  19.830 0.000  11.456 0.000   8.374 0.559 0.110 0.559  0.674 0.000
221.291667 222.291667  165.71 0.000  0.62 0.000000 9.999 0.259000  0.26 0.000000 0.037 0.000  1.078 0.000   1.509 0.000 999.99 0.259000  11.055 0.000   3.151 0.000   7.904 0.000 0.124 0.000  0.542 0.000
224.291667 225.291667  168.24 0.699  0.68 0.699000 9.999 0.699259  0.89 0.699000 0.082 0.000  1.115 0.000   1.561 0.000 999.99 0.699259  11.386 0.000   1.762 0.000   9.623 0.699 0.125 0.699  0.891 0.000
227.291667 228.291667   21.55 0.559  0.30 0.559000 9.999 0.559259  0.22 0.559000 0.019 0.559  0.870 0.000   1.218 0.000 999.99 0.559259   4.820 0.000   1.265 0.000   3.555 0.559 0.024 0.559  0.515 0.559
230.291667 231.291667   35.77 0.000  0.27 0.000000 9.999 0.259000  0.09 0.000000 0.028 0.000  0.751 0.000   1.052 0.000 999.99 0.259000   6.021 0.000   2.955 0.000   3.066 0.000 0.029 0.000  0.313 0.000
233.291667 234.291667   47.11 0.559  0.50 0.559000 9.999 0.559259  0.34 0.559000 0.133 0.000  0.877 0.000   1.228 0.000 999.99 0.559259  11.022 0.000   5.712 0.000   5.311 0.559 0.050 0.559  0.670 0.000
