scripts/IMPROVE-2019_partial/data/US0306R.20120101070000.20191216000000.filterpack...52w.3d.US03L_filterpack_US0306.US03L_IMPROVE_Davis.lev2.nas
51 1001
MISSING INFORMATION
US03L, IMPROVE, , , , , , , 
MISSING INFORMATION
IMPROVE sel_HTAP
1 1
2012 01 01 2019 12 16
3.000000
days from file reference point
4
1 1 1 1
999.999999 999.999 999.999 9.999
end_time of measurement, days from the file reference point
pm10_mass, ug/m3, Matrix=pm10
pm25_mass, ug/m3, Matrix=pm25
numflag, no unit
0
33
Data definition:              EBAS_1.1
Set type code:                TU
Timezone:                     UTC
File name:                    US0306R.20120101070000.20191216000000.filterpack...52w.3d.US03L_filterpack_US0306.US03L_IMPROVE_Davis.lev2.nas
File creation:                20191218120232
Startdate:                    20120101070000
Revision date:                20191216000000
Version:                      2
Version description:          "Data extracted from http://views.cira.colostate.edu/fed/DataWizard 2019-12-16"
Statistics:                   arithmetic mean
Data level:                   2
Period code:                  52w
Resolution code:              3d
Sample duration:              1d
Orig. time res.:              3d
Station code:                 US0306R
Platform code:                US0306S
Station name:                 Organ Pipe Cactus National Monument
Station latitude:             31.9506
Station longitude:            -112.8
Station altitude:             506.0 m
Regime:                       IMG
Component:                    
Unit:                         ug/m3
Matrix:                       
Laboratory code:              US03L
Instrument type:              filterpack
Instrument name:              filterpack_US0306
Method ref:                   US03L_IMPROVE_Davis
Blank correction:             Blank corrected
Volume std. temperature:      ambient
Volume std. pressure:         ambient
starttime endtime PM10 PM2.5 flag
  0.291667   1.291667   7.130   3.527 0.000
  3.291667   4.291667   9.772   2.782 0.000
  6.291667   7.291667   8.281   3.693 0.000
  9.291667  10.291667   7.024   3.015 0.000
 12.291667  13.291667   7.192   1.721 0.000
 15.291667  16.291667   2.949   1.531 0.000
 18.291667  19.291667   4.578   1.767 0.000
 21.291667  22.291667  74.659  11.650 0.000
 24.291667  25.291667   3.654   1.105 0.000
 27.291667  28.291667   5.709   1.750 0.000
 30.291667  31.291667   8.254   2.803 0.000
 33.291667  34.291667   2.989   1.176 0.000
 36.291667  37.291667   7.228   3.024 0.000
 39.291667  40.291667  12.183   3.584 0.000
 42.291667  43.291667   9.799   3.054 0.000
 45.291667  46.291667   7.250   2.205 0.000
 48.291667  49.291667   4.205   2.250 0.000
 51.291667  52.291667   7.410   3.082 0.000
 54.291667  55.291667  10.885   2.890 0.000
 57.291667  58.291667  16.812   5.718 0.000
 60.291667  61.291667   6.724   2.372 0.000
 63.291667  64.291667   7.428   3.036 0.000
 66.291667  67.291667  66.936  12.868 0.000
 69.291667  70.291667  16.163   5.824 0.000
 72.291667  73.291667   8.021   3.030 0.000
 75.291667  76.291667   8.818   5.042 0.000
 78.291667  79.291667   6.543   2.033 0.000
 81.291667  82.291667   5.307   2.220 0.000
 84.291667  85.291667   9.915   3.908 0.000
 87.291667  88.291667  14.708   6.018 0.000
 90.291667  91.291667  11.844   5.282 0.000
 93.291667  94.291667   6.695   2.190 0.000
 96.291667  97.291667  15.058   7.453 0.000
 99.291667 100.291667  12.981   5.854 0.000
102.291667 103.291667  12.387   3.872 0.000
105.291667 106.291667  12.318   3.685 0.000
108.291667 109.291667  10.621   5.242 0.000
111.291667 112.291667   9.353   4.565 0.000
114.291667 115.291667   8.818   3.165 0.000
117.291667 118.291667   9.182   3.386 0.000
120.291667 121.291667  22.428   7.247 0.000
123.291667 124.291667  11.589   5.529 0.000
126.291667 127.291667  14.917   6.573 0.000
129.291667 130.291667  29.796   8.140 0.000
132.291667 133.291667  11.085   7.033 0.000
135.291667 136.291667  16.640   7.105 0.000
138.291667 139.291667  16.380   6.925 0.000
141.291667 142.291667  10.858   5.272 0.000
144.291667 145.291667  26.327   8.975 0.000
147.291667 148.291667  13.872   4.171 0.000
150.291667 151.291667  12.064   4.634 0.000
153.291667 154.291667  17.953   8.174 0.000
156.291667 157.291667   9.450   5.083 0.000
159.291667 160.291667 999.999 999.999 0.999
162.291667 163.291667 999.999 999.999 0.999
165.291667 166.291667  20.772   7.087 0.000
168.291667 169.291667  12.706   5.503 0.000
171.291667 172.291667  20.035   6.734 0.000
174.291667 175.291667  19.540   7.682 0.000
177.291667 178.291667  12.931   4.774 0.000
180.291667 181.291667  19.132   6.365 0.000
183.291667 184.291667  31.938   9.325 0.000
186.291667 187.291667  13.437   5.159 0.000
189.291667 190.291667  19.392   4.764 0.000
192.291667 193.291667  15.146   4.541 0.000
195.291667 196.291667  10.193   4.829 0.000
198.291667 199.291667  10.041   4.913 0.000
201.291667 202.291667  19.307   5.856 0.000
204.291667 205.291667   9.354   4.418 0.000
207.291667 208.291667  10.001   4.479 0.000
210.291667 211.291667   6.594   3.499 0.000
213.291667 214.291667   9.619   4.815 0.000
216.291667 217.291667  13.688   4.876 0.000
219.291667 220.291667  12.777   5.225 0.000
222.291667 223.291667  17.443   4.874 0.000
225.291667 226.291667  28.676   9.047 0.000
228.291667 229.291667   8.966   4.867 0.000
231.291667 232.291667   5.775   3.536 0.000
234.291667 235.291667   6.794   4.144 0.000
237.291667 238.291667   5.310   2.309 0.000
240.291667 241.291667  11.831   4.766 0.000
243.291667 244.291667  10.571   6.048 0.000
246.291667 247.291667  15.562   5.482 0.000
249.291667 250.291667  12.816   7.591 0.000
252.291667 253.291667  12.454   4.251 0.000
255.291667 256.291667   5.922   3.532 0.000
258.291667 259.291667   6.822   3.554 0.000
261.291667 262.291667  11.226   4.453 0.000
264.291667 265.291667  10.799   4.045 0.000
267.291667 268.291667  11.550   5.640 0.000
270.291667 271.291667  13.069   4.972 0.000
273.291667 274.291667   9.619   3.675 0.000
276.291667 277.291667  14.310   6.027 0.000
279.291667 280.291667   8.983   3.375 0.000
282.291667 283.291667  11.885   4.304 0.000
285.291667 286.291667   9.348   2.150 0.000
288.291667 289.291667   8.749   2.968 0.000
291.291667 292.291667  10.868   4.691 0.000
294.291667 295.291667  10.868   3.672 0.000
297.291667 298.291667   8.335   3.224 0.000
300.291667 301.291667  18.824   3.638 0.000
303.291667 304.291667  12.483   4.171 0.000
306.291667 307.291667   9.588   3.843 0.000
309.291667 310.291667  10.217   3.933 0.000
312.291667 313.291667  11.723   3.875 0.000
315.291667 316.291667  18.099   4.973 0.000
318.291667 319.291667  11.580   4.496 0.000
321.291667 322.291667   9.114   3.039 0.000
324.291667 325.291667   6.796   2.113 0.000
327.291667 328.291667   9.677   3.957 0.000
330.291667 331.291667  20.508   6.741 0.000
333.291667 334.291667   8.566   3.811 0.000
336.291667 337.291667   5.308   1.806 0.000
339.291667 340.291667  11.861   3.804 0.000
342.291667 343.291667   4.518   1.558 0.000
345.291667 346.291667   4.321   1.366 0.000
348.291667 349.291667   3.774   0.983 0.000
351.291667 352.291667   1.191   0.939 0.000
354.291667 355.291667   3.514   1.373 0.000
357.291667 358.291667   5.146   2.201 0.000
360.291667 361.291667   3.760   1.081 0.000
363.291667 364.291667   5.410   1.595 0.000
