scripts/IMPROVE-2019_partial/data/US0306R.20140102070000.20191216000000.filterpack...52w.3d.US03L_filterpack_US0306.US03L_IMPROVE_Davis.lev2.nas
51 1001
MISSING INFORMATION
US03L, IMPROVE, , , , , , , 
MISSING INFORMATION
IMPROVE sel_HTAP
1 1
2014 01 01 2019 12 16
3.000000
days from file reference point
4
1 1 1 1
999.999999 9999.999 999.999 9.999
end_time of measurement, days from the file reference point
pm10_mass, ug/m3, Matrix=pm10
pm25_mass, ug/m3, Matrix=pm25
numflag, no unit
0
33
Data definition:              EBAS_1.1
Set type code:                TU
Timezone:                     UTC
File name:                    US0306R.20140102070000.20191216000000.filterpack...52w.3d.US03L_filterpack_US0306.US03L_IMPROVE_Davis.lev2.nas
File creation:                20191218120232
Startdate:                    20140102070000
Revision date:                20191216000000
Version:                      2
Version description:          "Data extracted from http://views.cira.colostate.edu/fed/DataWizard 2019-12-16"
Statistics:                   arithmetic mean
Data level:                   2
Period code:                  52w
Resolution code:              3d
Sample duration:              1d
Orig. time res.:              3d
Station code:                 US0306R
Platform code:                US0306S
Station name:                 Organ Pipe Cactus National Monument
Station latitude:             31.9506
Station longitude:            -112.8
Station altitude:             506.0 m
Regime:                       IMG
Component:                    
Unit:                         ug/m3
Matrix:                       
Laboratory code:              US03L
Instrument type:              filterpack
Instrument name:              filterpack_US0306
Method ref:                   US03L_IMPROVE_Davis
Blank correction:             Blank corrected
Volume std. temperature:      ambient
Volume std. pressure:         ambient
starttime endtime PM10 PM2.5 flag
  1.291667   2.291667    9.306   4.258 0.000
  4.291667   5.291667    7.773   2.380 0.000
  7.291667   8.291667    7.836   2.255 0.000
 10.291667  11.291667    7.649   2.553 0.000
 13.291667  14.291667    6.038   1.809 0.000
 16.291667  17.291667    7.140   2.929 0.000
 19.291667  20.291667    9.333   3.339 0.000
 22.291667  23.291667   18.837   5.041 0.000
 25.291667  26.291667   21.459   5.029 0.000
 28.291667  29.291667   14.961   3.510 0.000
 31.291667  32.291667   13.707   2.854 0.000
 34.291667  35.291667    8.302   2.018 0.000
 37.291667  38.291667   11.673   3.358 0.000
 40.291667  41.291667   15.452   3.582 0.000
 43.291667  44.291667    7.781   2.788 0.000
 46.291667  47.291667   13.753   4.088 0.000
 49.291667  50.291667   14.707   5.433 0.000
 52.291667  53.291667   27.136   6.841 0.000
 55.291667  56.291667   16.292   6.051 0.000
 58.291667  59.291667   21.036   3.311 0.000
 61.291667  62.291667    4.695   2.153 0.000
 64.291667  65.291667   10.878   3.114 0.000
 67.291667  68.291667   12.120   1.752 0.000
 70.291667  71.291667   13.313   3.689 0.000
 73.291667  74.291667   20.073   5.200 0.000
 76.291667  77.291667   18.440   5.470 0.000
 79.291667  80.291667   21.507   6.597 0.000
 82.291667  83.291667   17.253   5.634 0.000
 85.291667  86.291667   17.909   4.175 0.000
 88.291667  89.291667   35.031   8.259 0.000
 91.291667  92.291667   22.273   5.157 0.000
 94.291667  95.291667   10.112   2.477 0.000
 97.291667  98.291667    8.117   3.110 0.000
100.291667 101.291667   13.245   4.832 0.000
103.291667 104.291667   14.214   4.217 0.000
106.291667 107.291667   18.271   6.028 0.000
109.291667 110.291667    9.983   4.214 0.000
112.291667 113.291667   19.993   8.527 0.000
115.291667 116.291667   35.139   9.072 0.000
118.291667 119.291667   17.432   4.704 0.000
121.291667 122.291667   23.391   7.273 0.000
124.291667 125.291667   28.366   8.208 0.000
127.291667 128.291667   31.928   6.723 0.000
130.291667 131.291667  104.044  18.356 0.000
133.291667 134.291667   28.216   8.354 0.000
136.291667 137.291667   14.945   5.641 0.000
139.291667 140.291667   16.686   5.797 0.000
142.291667 143.291667   14.763   4.781 0.000
145.291667 146.291667   16.173   5.683 0.000
148.291667 149.291667   11.732   4.481 0.000
151.291667 152.291667    8.233   3.338 0.000
154.291667 155.291667    9.569   3.466 0.000
157.291667 158.291667   16.637   7.291 0.000
160.291667 161.291667   22.311   9.054 0.000
163.291667 164.291667   16.529   6.865 0.000
166.291667 167.291667   14.579   6.459 0.000
169.291667 170.291667   13.745   3.935 0.000
172.291667 173.291667   14.973   3.516 0.000
175.291667 176.291667   17.890   5.018 0.000
178.291667 179.291667   14.587   3.718 0.000
181.291667 182.291667   13.614   2.800 0.000
184.291667 185.291667   11.412   3.593 0.000
187.291667 188.291667   16.089   4.922 0.000
190.291667 191.291667   17.704   5.659 0.000
193.291667 194.291667   23.456   5.413 0.000
196.291667 197.291667    8.765   2.954 0.000
199.291667 200.291667    8.467   2.639 0.000
202.291667 203.291667   10.341   3.086 0.000
205.291667 206.291667   57.528  13.310 0.000
208.291667 209.291667   13.922   4.735 0.000
211.291667 212.291667   20.168   6.447 0.000
214.291667 215.291667   17.298   5.439 0.000
217.291667 218.291667   11.221   5.264 0.000
220.291667 221.291667   16.674   5.904 0.000
223.291667 224.291667    6.122   3.669 0.000
226.291667 227.291667   10.312   3.650 0.000
229.291667 230.291667   10.490   3.169 0.000
232.291667 233.291667   14.211   4.331 0.000
235.291667 236.291667   10.036   2.319 0.000
238.291667 239.291667   10.669   4.040 0.000
241.291667 242.291667    9.775   3.483 0.000
244.291667 245.291667   10.054   2.848 0.000
247.291667 248.291667   15.522   3.681 0.000
250.291667 251.291667   11.613   4.462 0.000
253.291667 254.291667    9.536   2.890 0.000
256.291667 257.291667   11.728   3.356 0.000
259.291667 260.291667    3.962   1.544 0.000
262.291667 263.291667    8.863   3.641 0.000
265.291667 266.291667    7.307   2.285 0.000
268.291667 269.291667   12.510   3.855 0.000
271.291667 272.291667   12.730   3.551 0.000
274.291667 275.291667   11.680   3.740 0.000
277.291667 278.291667   11.434   3.708 0.000
280.291667 281.291667    4.901   1.889 0.000
283.291667 284.291667    7.868   3.526 0.000
286.291667 287.291667   10.731   2.881 0.000
289.291667 290.291667   10.886   3.992 0.000
292.291667 293.291667    9.192   2.843 0.000
295.291667 296.291667 9999.999 999.999 0.999
298.291667 299.291667   10.342   4.507 0.000
301.291667 302.291667   14.468   3.813 0.000
304.291667 305.291667   12.363   3.677 0.000
307.291667 308.291667    6.490   1.301 0.000
310.291667 311.291667    7.936   2.085 0.000
313.291667 314.291667    9.084   2.701 0.000
316.291667 317.291667   10.214   3.134 0.000
319.291667 320.291667   40.304   6.302 0.000
322.291667 323.291667   10.390   2.940 0.000
325.291667 326.291667    6.372   2.420 0.000
328.291667 329.291667    6.547   1.536 0.000
331.291667 332.291667   10.793   2.862 0.000
334.291667 335.291667   13.400   3.343 0.000
337.291667 338.291667    2.869   1.545 0.000
340.291667 341.291667    5.171   3.470 0.000
343.291667 344.291667    6.727   3.159 0.000
346.291667 347.291667    3.092   1.213 0.000
349.291667 350.291667   15.204   2.643 0.000
352.291667 353.291667    2.974   1.795 0.000
355.291667 356.291667    2.835   1.309 0.000
358.291667 359.291667 9999.999 999.999 0.999
361.291667 362.291667 9999.999 999.999 0.999
364.291667 365.291667    7.815   2.881 0.000
