scripts/IMPROVE-2019_partial/data/US0398R.20000101070000.20191216000000.filterpack..pm25.52w.1w.US03L_filterpack_US0398.US03L_IMPROVE_Davis.lev2.nas
64 1001
MISSING INFORMATION
US03L, IMPROVE, , , , , , , 
MISSING INFORMATION
IMPROVE sel_HTAP
1 1
2000 01 01 2019 12 16
0
days from file reference point
25
1 1 1 1 1 1 1 1 1 1 1 1 1 1 1 1 1 1 1 1 1 1 1 1 1
999.999999 9999.99 9.999 99.99 9.999999 9.999 9.999999 9.99 9.999999 9.999 9.999 99.999 9.999 99.999 9.999 9999.999 9.999 999.999 9.999 999.999 9.999 9.999 9.999 9.999 9.999
end_time of measurement, days from the file reference point
iron, ng/m3, Revision date=20181210133000
numflag iron, no unit, Revision date=20181210133000
lead, ng/m3, Revision date=20181210133000
numflag lead, no unit, Revision date=20181210133000
magnesium, ug/m3, Revision date=20181210133000
numflag magnesium, no unit, Revision date=20181210133000
nickel, ng/m3, Revision date=20181210133000
numflag nickel, no unit, Revision date=20181210133000
nitrate, ug N/m3, Revision date=20181210133000
numflag nitrate, no unit, Revision date=20181210133000
organic_carbon, ug C/m3, Revision date=20181210133000
numflag organic_carbon, no unit, Revision date=20181210133000
organic_mass, ug/m3, Revision date=20181210133000
numflag organic_mass, no unit, Revision date=20181210133000
pm10_mass, ug/m3, Version=2, Version description=Data extracted from http://views.cira.colostate.edu/fed/DataWizard 2019-12-16, Sample duration=1d, Orig. time res.=3d, Matrix=pm10, Blank correction=Blank corrected, Volume std. temperature=ambient, Volume std. pressure=ambient
numflag pm10_mass, no unit, Version=2, Version description=Data extracted from http://views.cira.colostate.edu/fed/DataWizard 2019-12-16, Sample duration=1d, Orig. time res.=3d, Matrix=pm10, Blank correction=Blank corrected, Volume std. temperature=ambient, Volume std. pressure=ambient
pm10_pm25_mass, ug/m3, Revision date=20181210133000, Matrix=pm10_pm25
numflag pm10_pm25_mass, no unit, Revision date=20181210133000, Matrix=pm10_pm25
pm25_mass, ug/m3, Version=2, Version description=Data extracted from http://views.cira.colostate.edu/fed/DataWizard 2019-12-16, Sample duration=1d, Orig. time res.=3d, Blank correction=Blank corrected, Volume std. temperature=ambient, Volume std. pressure=ambient
numflag pm25_mass, no unit, Version=2, Version description=Data extracted from http://views.cira.colostate.edu/fed/DataWizard 2019-12-16, Sample duration=1d, Orig. time res.=3d, Blank correction=Blank corrected, Volume std. temperature=ambient, Volume std. pressure=ambient
potassium, ug/m3, Revision date=20181210133000
numflag potassium, no unit, Revision date=20181210133000
sulphate_total, ug S/m3, Revision date=20181210133000
numflag sulphate_total, no unit, Revision date=20181210133000
0
25
Data definition:              EBAS_1.1
Set type code:                TI
Timezone:                     UTC
File name:                    US0398R.20000101070000.20191216000000.filterpack..pm25.52w.1w.US03L_filterpack_US0398.US03L_IMPROVE_Davis.lev2.nas
File creation:                20191218120236
Startdate:                    20000101070000
Revision date:                20191216000000
Statistics:                   arithmetic mean
Data level:                   2
Period code:                  52w
Resolution code:              1w
Station code:                 US0398R
Platform code:                US0398S
Station name:                 Chiricahua (AZ98)
Station latitude:             32.0097
Station longitude:            -109.3889
Station altitude:             1570.0 m
Regime:                       IMG
Component:                    
Matrix:                       pm25
Laboratory code:              US03L
Instrument type:              filterpack
Instrument name:              filterpack_US0398
Method ref:                   US03L_IMPROVE_Davis
starttime endtime Fe flag_Fe Pb flag_Pb Mg++ flag_Mg++ Ni flag_Ni NO3- flag_NO3- OC flag_OC OM flag_OM PM10 flag_PM10 PM10-PM2.5 flag_PM10-PM2.5 PM2.5 flag_PM2.5 K+ flag_K+ SO4-- flag_SO4--
[from data line 87]
294.291667 295.291667    3.21 0.559  0.88 0.559000 9.999 0.559259 9.99 0.559259 0.008 0.559  0.239 0.000  0.334 0.000    1.810 0.000   0.570 0.000   1.240 0.559 0.009 0.559 0.210 0.559
297.291667 298.291667   15.82 0.559  0.40 0.559000 9.999 0.559259 9.99 0.559259 0.040 0.559  0.250 0.000  0.349 0.000    3.432 0.000   2.006 0.000   1.426 0.559 0.019 0.559 0.176 0.559
300.291667 301.291667   12.06 0.559  0.86 0.559000 9.999 0.559259 9.99 0.559259 0.022 0.559  0.261 0.000  0.365 0.000    3.214 0.000   1.332 0.000   1.881 0.559 0.018 0.559 0.259 0.559
303.291667 304.291667    8.65 0.559  1.85 0.559000 9.999 0.559259 9.99 0.559259 0.014 0.559  0.148 0.000  0.207 0.000    2.438 0.000   1.276 0.000   1.162 0.559 0.011 0.559 0.139 0.559
306.291667 307.291667    7.28 0.559  1.48 0.559000 9.999 0.559259 9.99 0.559259 0.024 0.559  0.110 0.000  0.155 0.000    3.008 0.000   1.320 0.000   1.688 0.559 0.010 0.559 0.270 0.559
309.291667 310.291667   11.57 0.559  0.31 0.559000 9.999 0.559259 9.99 0.559259 0.028 0.559  0.159 0.000  0.223 0.000    2.377 0.000   0.837 0.000   1.540 0.559 0.013 0.559 0.198 0.559
312.291667 313.291667 9999.99 0.456 99.99 0.456000 9.999 0.456000 9.99 0.456000 9.999 0.456 99.999 0.999 99.999 0.999 9999.999 0.456 999.999 0.999 999.999 0.456 9.999 0.456 9.999 0.456
315.291667 316.291667 9999.99 0.456 99.99 0.456000 9.999 0.456000 9.99 0.456000 9.999 0.456 99.999 0.999 99.999 0.999 9999.999 0.456 999.999 0.999 999.999 0.456 9.999 0.456 9.999 0.456
318.291667 319.291667 9999.99 0.456 99.99 0.456000 9.999 0.456000 9.99 0.456000 9.999 0.456 99.999 0.999 99.999 0.999 9999.999 0.456 999.999 0.999 999.999 0.456 9.999 0.456 9.999 0.456
321.291667 322.291667   11.24 0.559  0.98 0.559000 9.999 0.559259 9.99 0.559259 0.042 0.559  0.351 0.000  0.492 0.000    4.067 0.000   1.780 0.000   2.287 0.559 0.017 0.559 0.277 0.559
324.291667 325.291667    8.21 0.559  0.58 0.559000 9.999 0.559259 9.99 0.559259 0.010 0.559  0.139 0.000  0.194 0.000    2.302 0.000   1.086 0.000   1.216 0.559 0.015 0.559 0.158 0.559
327.291667 328.291667   31.29 0.559  0.98 0.559000 9.999 0.559259 9.99 0.559259 0.243 0.559  0.749 0.000  1.049 0.000    8.479 0.000   5.090 0.000   3.389 0.559 0.045 0.559 0.231 0.559
330.291667 331.291667    9.71 0.559  0.39 0.559000 9.999 0.559259 9.99 0.559259 0.010 0.559  0.279 0.000  0.390 0.000    1.634 0.000   0.578 0.000   1.056 0.559 0.012 0.559 0.108 0.559
333.291667 334.291667   17.93 0.559  2.25 0.559000 9.999 0.559259 9.99 0.559259 0.013 0.559  0.462 0.000  0.646 0.000    4.285 0.000   2.542 0.000   1.743 0.559 0.019 0.559 0.188 0.559
336.291667 337.291667   55.90 0.559  0.76 0.559000 9.999 0.559259 9.99 0.559259 0.047 0.559  0.785 0.000  1.100 0.000   19.348 0.000  15.098 0.000   4.250 0.559 0.069 0.559 0.376 0.559
339.291667 340.291667   22.02 0.456  0.98 0.456000 9.999 0.456259 9.99 0.456259 0.022 0.559  0.664 0.000  0.929 0.000    5.929 0.000 999.999 0.999 999.999 0.456 0.024 0.456 0.338 0.559
342.291667 343.291667   16.66 0.559  2.35 0.559000 0.017 0.559000 9.99 0.559259 0.012 0.559 99.999 0.999 99.999 0.999    4.913 0.000   3.114 0.000   1.798 0.559 0.018 0.559 0.193 0.559
345.291667 346.291667   13.54 0.559  0.24 0.559000 9.999 0.559259 9.99 0.559259 0.020 0.559 99.999 0.999 99.999 0.999    3.194 0.000   1.833 0.000   1.361 0.559 0.037 0.559 0.142 0.559
348.291667 349.291667    9.44 0.559  1.42 0.559000 9.999 0.559259 0.13 0.559000 0.043 0.559  0.500 0.000  0.700 0.000    4.345 0.000   2.206 0.000   2.139 0.559 0.018 0.559 0.259 0.559
351.291667 352.291667    8.92 0.559  0.87 0.559000 9.999 0.559259 9.99 0.559259 0.014 0.559  0.379 0.000  0.531 0.000    2.191 0.000   1.333 0.000   0.858 0.559 0.015 0.559 0.097 0.559
354.291667 355.291667   13.54 0.559  0.35 0.559000 9.999 0.559259 9.99 0.559259 0.011 0.559  0.309 0.000  0.433 0.000    3.751 0.000   2.751 0.000   1.000 0.559 0.016 0.559 0.080 0.559
357.291667 358.291667   11.79 0.559  4.03 0.559000 9.999 0.559259 9.99 0.559259 0.007 0.559  0.245 0.000  0.343 0.000    3.082 0.000   1.749 0.000   1.333 0.559 0.013 0.559 0.167 0.559
360.291667 361.291667   14.77 0.559 99.99 0.559259 9.999 0.559259 9.99 0.559259 0.050 0.559  0.372 0.000  0.521 0.000    6.716 0.000   4.933 0.000   1.783 0.559 0.014 0.559 0.222 0.559
363.291667 364.291667   13.04 0.559  0.51 0.559000 9.999 0.559259 0.05 0.559000 0.046 0.559  0.350 0.000  0.490 0.000    3.714 0.000   1.799 0.000   1.915 0.559 0.016 0.559 0.240 0.559
