scripts/IMPROVE-2019_partial/data/US0398R.20040101070000.20191216000000.filterpack..pm25.52w.1w.US03L_filterpack_US0398.US03L_IMPROVE_Davis.lev2.nas
66 1001
MISSING INFORMATION
US03L, IMPROVE, , , , , , , 
MISSING INFORMATION
IMPROVE sel_HTAP
1 1
2004 01 01 2019 12 16
3.000000
days from file reference point
27
1 1 1 1 1 1 1 1 1 1 1 1 1 1 1 1 1 1 1 1 1 1 1 1 1 1 1
999.999999 9999.99 9.999 99.99 9.999999 9.999 9.999999 9.99 9.999999 9.999 9.999 99.999 9.999 99.999 9.999 99.99 9.999999 999.999 9.999 999.999 9.999 999.999 9.999 9.999 9.999 9.999 9.999
end_time of measurement, days from the file reference point
iron, ng/m3, Revision date=20181210133000
numflag iron, no unit, Revision date=20181210133000
lead, ng/m3, Revision date=20181210133000
numflag lead, no unit, Revision date=20181210133000
magnesium, ug/m3, Revision date=20181210133000
numflag magnesium, no unit, Revision date=20181210133000
nickel, ng/m3, Revision date=20181210133000
numflag nickel, no unit, Revision date=20181210133000
nitrate, ug N/m3, Revision date=20181210133000
numflag nitrate, no unit, Revision date=20181210133000
organic_carbon, ug C/m3, Revision date=20181210133000
numflag organic_carbon, no unit, Revision date=20181210133000
organic_mass, ug/m3, Revision date=20181210133000
numflag organic_mass, no unit, Revision date=20181210133000
phosphorus, ng/m3, Revision date=20181210133000
numflag phosphorus, no unit, Revision date=20181210133000
pm10_mass, ug/m3, Version=2, Version description=Data extracted from http://views.cira.colostate.edu/fed/DataWizard 2019-12-16, Sample duration=1d, Orig. time res.=3d, Matrix=pm10, Blank correction=Blank corrected, Volume std. temperature=ambient, Volume std. pressure=ambient
numflag pm10_mass, no unit, Version=2, Version description=Data extracted from http://views.cira.colostate.edu/fed/DataWizard 2019-12-16, Sample duration=1d, Orig. time res.=3d, Matrix=pm10, Blank correction=Blank corrected, Volume std. temperature=ambient, Volume std. pressure=ambient
pm10_pm25_mass, ug/m3, Revision date=20181210133000, Matrix=pm10_pm25
numflag pm10_pm25_mass, no unit, Revision date=20181210133000, Matrix=pm10_pm25
pm25_mass, ug/m3, Version=2, Version description=Data extracted from http://views.cira.colostate.edu/fed/DataWizard 2019-12-16, Sample duration=1d, Orig. time res.=3d, Blank correction=Blank corrected, Volume std. temperature=ambient, Volume std. pressure=ambient
numflag pm25_mass, no unit, Version=2, Version description=Data extracted from http://views.cira.colostate.edu/fed/DataWizard 2019-12-16, Sample duration=1d, Orig. time res.=3d, Blank correction=Blank corrected, Volume std. temperature=ambient, Volume std. pressure=ambient
potassium, ug/m3, Revision date=20181210133000
numflag potassium, no unit, Revision date=20181210133000
sulphate_total, ug S/m3, Revision date=20181210133000
numflag sulphate_total, no unit, Revision date=20181210133000
0
25
Data definition:              EBAS_1.1
Set type code:                TU
Timezone:                     UTC
File name:                    US0398R.20040101070000.20191216000000.filterpack..pm25.52w.1w.US03L_filterpack_US0398.US03L_IMPROVE_Davis.lev2.nas
File creation:                20191218120237
Startdate:                    20040101070000
Revision date:                20191216000000
Statistics:                   arithmetic mean
Data level:                   2
Period code:                  52w
Resolution code:              1w
Station code:                 US0398R
Platform code:                US0398S
Station name:                 Chiricahua (AZ98)
Station latitude:             32.0097
Station longitude:            -109.3889
Station altitude:             1570.0 m
Regime:                       IMG
Component:                    
Matrix:                       pm25
Laboratory code:              US03L
Instrument type:              filterpack
Instrument name:              filterpack_US0398
Method ref:                   US03L_IMPROVE_Davis
starttime endtime Fe flag_Fe Pb flag_Pb Mg++ flag_Mg++ Ni flag_Ni NO3- flag_NO3- OC flag_OC OM flag_OM P flag_P PM10 flag_PM10 PM10-PM2.5 flag_PM10-PM2.5 PM2.5 flag_PM2.5 K+ flag_K+ SO4-- flag_SO4--
  0.291667   1.291667    2.67 0.000  0.14 0.000000 0.017 0.000000 0.07 0.000000 0.007 0.000  0.391 0.000  0.547 0.000 99.99 0.259000   3.160 0.000   1.233 0.000   1.927 0.000 0.004 0.000 0.026 0.000
  3.291667   4.291667   12.20 0.000  0.53 0.000000 9.999 0.259000 9.99 0.259000 0.043 0.000  0.225 0.000  0.314 0.000 99.99 0.259000   5.614 0.000   3.025 0.000   2.589 0.000 0.013 0.000 0.116 0.000
  6.291667   7.291667   16.14 0.000  4.89 0.000000 9.999 0.259000 9.99 0.259000 0.012 0.559  0.331 0.000  0.463 0.000 99.99 0.259000   5.905 0.000   3.232 0.000   2.673 0.000 0.023 0.000 0.305 0.559
  9.291667  10.291667   45.73 0.000  0.65 0.000000 9.999 0.259000 0.14 0.000000 0.032 0.559  0.365 0.000  0.511 0.000 99.99 0.259000  11.186 0.000   8.345 0.000   2.841 0.000 0.039 0.000 0.171 0.559
 12.291667  13.291667   11.02 0.000  0.73 0.000000 9.999 0.259000 0.11 0.000000 0.013 0.559  0.393 0.000  0.550 0.000 99.99 0.259000   4.622 0.000   2.022 0.000   2.600 0.000 0.019 0.000 0.298 0.559
 15.291667  16.291667    7.27 0.000  0.56 0.000000 9.999 0.259000 9.99 0.259000 0.053 0.559  0.534 0.000  0.748 0.000 99.99 0.259000   2.994 0.000   1.130 0.000   1.864 0.000 0.008 0.000 0.190 0.559
 18.291667  19.291667    5.91 0.000  0.30 0.000000 0.019 0.000000 9.99 0.259000 0.009 0.000  0.404 0.000  0.566 0.000 99.99 0.259000   2.594 0.000   0.773 0.000   1.821 0.000 0.009 0.000 0.230 0.000
 21.291667  22.291667   12.15 0.000  1.09 0.000000 9.999 0.259000 0.14 0.000000 0.274 0.559  0.765 0.000  1.072 0.000 99.99 0.259000   7.481 0.000   2.338 0.000   5.143 0.000 0.019 0.000 0.671 0.559
 24.291667  25.291667    2.56 0.000  0.17 0.000000 9.999 0.259000 0.20 0.000000 0.028 0.559  0.190 0.000  0.267 0.000 99.99 0.259000   1.966 0.000   0.590 0.000   1.377 0.000 0.007 0.000 0.169 0.559
 27.291667  28.291667    8.64 0.000  0.42 0.000000 9.999 0.259000 0.05 0.000000 0.009 0.559  0.179 0.000  0.251 0.000 99.99 0.259000   2.453 0.000   1.555 0.000   0.898 0.000 0.010 0.000 0.066 0.559
 30.291667  31.291667   14.30 0.000  0.90 0.000000 9.999 0.259000 0.13 0.000000 0.025 0.559  0.281 0.000  0.394 0.000 99.99 0.259000   6.071 0.000   4.389 0.000   1.683 0.000 0.020 0.000 0.164 0.559
 33.291667  34.291667   15.63 0.000  3.16 0.000000 9.999 0.259000 9.99 0.259000 0.044 0.559  0.215 0.000  0.301 0.000 99.99 0.259000   6.177 0.000   4.281 0.000   1.897 0.000 0.018 0.000 0.194 0.559
 36.291667  37.291667    3.86 0.000  0.36 0.000000 9.999 0.259000 0.13 0.000000 0.021 0.559  0.258 0.000  0.361 0.000 99.99 0.259000   2.343 0.000   0.591 0.000   1.752 0.000 0.005 0.000 0.320 0.559
 39.291667  40.291667   13.84 0.000  2.22 0.000000 9.999 0.259000 9.99 0.259000 0.027 0.559  0.204 0.000  0.286 0.000 99.99 0.259000   3.368 0.000   2.059 0.000   1.310 0.000 0.018 0.000 0.110 0.559
 42.291667  43.291667   15.48 0.000  0.89 0.000000 9.999 0.259000 0.07 0.000000 0.059 0.559  0.294 0.000  0.411 0.000 99.99 0.259000   4.602 0.000   3.151 0.000   1.451 0.000 0.014 0.000 0.119 0.559
 45.291667  46.291667   11.85 0.000  1.13 0.000000 9.999 0.259000 9.99 0.259000 0.006 0.559  0.198 0.000  0.277 0.000 99.99 0.259000   2.329 0.000   1.332 0.000   0.996 0.000 0.011 0.000 0.101 0.559
 48.291667  49.291667   26.39 0.000  2.68 0.000000 9.999 0.259000 0.09 0.000000 0.008 0.559  0.350 0.000  0.490 0.000 99.99 0.259000   7.111 0.000   5.305 0.000   1.806 0.000 0.025 0.000 0.107 0.559
 51.291667  52.291667   16.64 0.000  1.46 0.000000 9.999 0.259000 0.10 0.000000 0.028 0.000  0.108 0.000  0.150 0.000 99.99 0.259000   5.208 0.000   3.665 0.000   1.543 0.000 0.016 0.000 0.098 0.000
 54.291667  55.291667    3.20 0.000  0.29 0.000000 9.999 0.259000 9.99 0.259000 0.075 0.000  0.362 0.000  0.507 0.000 99.99 0.259000   1.309 0.000   0.421 0.000   0.888 0.000 0.003 0.000 0.088 0.000
 57.291667  58.291667   18.74 0.000  2.30 0.000000 9.999 0.259000 0.08 0.000000 0.014 0.559  0.478 0.000  0.669 0.000 99.99 0.259000   4.907 0.000   2.623 0.000   2.284 0.000 0.030 0.000 0.242 0.559
 60.291667  61.291667    8.30 0.000  0.74 0.000000 9.999 0.259000 9.99 0.259000 0.045 0.000  0.300 0.000  0.420 0.000 99.99 0.259000   3.096 0.000   1.579 0.000   1.516 0.000 0.010 0.000 0.123 0.000
 63.291667  64.291667    2.76 0.000  0.81 0.000000 9.999 0.259000 9.99 0.259000 0.005 0.559  0.086 0.000  0.120 0.000 99.99 0.259000   0.586 0.000   0.284 0.000   0.302 0.000 0.002 0.000 0.027 0.559
 66.291667  67.291667   33.66 0.000  0.59 0.000000 9.999 0.259000 9.99 0.259000 0.024 0.559  0.375 0.000  0.525 0.000 99.99 0.259000   6.076 0.000   3.963 0.000   2.114 0.000 0.023 0.000 0.109 0.559
 69.291667  70.291667   68.47 0.000  1.67 0.000000 0.042 0.000000 0.07 0.000000 0.026 0.559  0.464 0.000  0.650 0.000 99.99 0.259000  14.302 0.000  10.049 0.000   4.253 0.000 0.057 0.000 0.315 0.559
 72.291667  73.291667   11.98 0.000  0.69 0.000000 0.058 0.000000 9.99 0.259000 0.018 0.559  0.408 0.000  0.571 0.000 99.99 0.259000   3.285 0.000   0.932 0.000   2.353 0.000 0.015 0.000 0.299 0.559
 75.291667  76.291667   34.47 0.559  1.49 0.559000 9.999 0.559259 9.99 0.559259 0.021 0.559  0.378 0.000  0.529 0.000 99.99 0.559259   5.164 0.000   2.832 0.000   2.332 0.559 0.027 0.559 0.192 0.559
 78.291667  79.291667   28.41 0.000  1.36 0.000000 9.999 0.259000 9.99 0.259000 0.016 0.559  0.350 0.000  0.490 0.000 99.99 0.259000   5.208 0.000   3.171 0.000   2.037 0.000 0.042 0.000 0.160 0.559
 81.291667  82.291667   19.86 0.000  0.78 0.000000 9.999 0.259000 0.16 0.000000 0.031 0.559  0.577 0.000  0.808 0.000 99.99 0.259000   6.572 0.000   3.071 0.000   3.501 0.000 0.023 0.000 0.411 0.559
 84.291667  85.291667  127.14 0.559  1.77 0.559000 0.068 0.559000 0.27 0.559000 0.037 0.000  0.341 0.000  0.478 0.000 99.99 0.559259   6.291 0.000   0.347 0.000   5.944 0.559 0.097 0.559 0.267 0.000
 87.291667  88.291667 9999.99 0.999 99.99 0.999000 9.999 0.999000 9.99 0.999000 9.999 0.999 99.999 0.999 99.999 0.999 99.99 0.999000 999.999 0.999 999.999 0.999 999.999 0.999 9.999 0.999 9.999 0.999
 90.291667  91.291667  129.99 0.000  2.62 0.000000 9.999 0.259000 0.60 0.000000 0.036 0.000  0.561 0.000  0.785 0.000 99.99 0.259000  12.392 0.000   6.994 0.000   5.398 0.000 0.081 0.000 0.429 0.000
 93.291667  94.291667   32.74 0.000  0.92 0.000000 9.999 0.259000 9.99 0.259000 0.031 0.000  0.256 0.000  0.358 0.000 99.99 0.259000   2.273 0.000   0.453 0.000   1.820 0.000 0.018 0.000 0.230 0.000
 96.291667  97.291667   17.85 0.000  1.02 0.000000 9.999 0.259000 9.99 0.259000 0.071 0.000  0.464 0.000  0.649 0.000 99.99 0.259000   3.889 0.000   0.978 0.000   2.911 0.000 0.014 0.000 0.336 0.000
 99.291667 100.291667   49.20 0.000  0.92 0.000000 9.999 0.259000 9.99 0.259000 0.082 0.000  0.485 0.000  0.679 0.000 99.99 0.259000   7.028 0.000   3.450 0.000   3.578 0.000 0.033 0.000 0.329 0.000
102.291667 103.291667   42.99 0.000  1.42 0.000000 0.036 0.000000 9.99 0.259000 0.015 0.000  0.235 0.000  0.330 0.000 99.99 0.259000   3.221 0.000   0.987 0.000   2.234 0.000 0.031 0.000 0.225 0.000
105.291667 106.291667   73.73 0.000  1.62 0.000000 0.056 0.000000 0.28 0.000000 0.030 0.000  0.503 0.000  0.704 0.000 99.99 0.259000   8.150 0.000   4.148 0.000   4.003 0.000 0.070 0.000 0.348 0.000
108.291667 109.291667   87.36 0.000  1.53 0.000000 9.999 0.259000 0.16 0.000000 0.083 0.000  0.334 0.000  0.467 0.000 99.99 0.259000   9.329 0.000   5.083 0.000   4.245 0.000 0.063 0.000 0.313 0.000
111.291667 112.291667   84.20 0.000  3.43 0.000000 9.999 0.259000 9.99 0.259000 0.066 0.000  0.552 0.000  0.773 0.000 99.99 0.259000  11.630 0.000   6.147 0.000   5.482 0.000 0.075 0.000 0.558 0.000
114.291667 115.291667   31.57 0.000  1.02 0.000000 9.999 0.259000 9.99 0.259000 0.025 0.000  0.378 0.000  0.530 0.000 99.99 0.259000   5.780 0.000   3.739 0.000   2.041 0.000 0.024 0.000 0.150 0.000
117.291667 118.291667   72.92 0.000  1.84 0.000000 9.999 0.259000 9.99 0.259000 0.030 0.000  0.568 0.000  0.795 0.000 99.99 0.259000  13.699 0.000   8.682 0.000   5.017 0.000 0.055 0.000 0.477 0.000
120.291667 121.291667   92.00 0.000  1.59 0.000000 0.051 0.000000 9.99 0.259000 0.108 0.000  0.296 0.000  0.415 0.000 99.99 0.259000  14.475 0.000   9.540 0.000   4.934 0.000 0.068 0.000 0.384 0.000
123.291667 124.291667   69.06 0.000  0.98 0.000000 0.045 0.000000 0.13 0.000000 0.020 0.000  0.218 0.000  0.306 0.000 99.99 0.259000   7.402 0.000   4.430 0.000   2.972 0.000 0.044 0.000 0.227 0.000
126.291667 127.291667  113.79 0.000  1.41 0.000000 9.999 0.259000 0.09 0.000000 0.067 0.000  0.722 0.000  1.011 0.000 99.99 0.259000  13.348 0.000   7.683 0.000   5.665 0.000 0.085 0.000 0.389 0.000
129.291667 130.291667   76.22 0.000  1.22 0.000000 9.999 0.259000 0.18 0.000000 0.048 0.000  0.713 0.000  0.998 0.000 99.99 0.259000  11.367 0.000   5.990 0.000   5.377 0.000 0.064 0.000 0.535 0.000
132.291667 133.291667   95.31 0.000  0.90 0.000000 9.999 0.259000 0.20 0.000000 0.082 0.000  0.315 0.000  0.441 0.000 99.99 0.259000  19.212 0.000  14.592 0.000   4.619 0.000 0.081 0.000 0.304 0.000
135.291667 136.291667   79.69 0.000  2.17 0.000000 9.999 0.259000 0.09 0.000000 0.045 0.000  0.518 0.000  0.725 0.000 99.99 0.259000  10.146 0.000   6.367 0.000   3.780 0.000 0.056 0.000 0.264 0.000
138.291667 139.291667   45.67 0.000  0.56 0.000000 9.999 0.259000 0.27 0.000000 0.047 0.000  0.385 0.000  0.539 0.000 99.99 0.259000   6.558 0.000   3.683 0.000   2.875 0.000 0.045 0.000 0.224 0.000
141.291667 142.291667   75.95 0.000  0.77 0.000000 9.999 0.259000 0.24 0.000000 0.038 0.000 99.999 0.999 99.999 0.999 99.99 0.259000  12.683 0.000   9.501 0.000   3.182 0.000 0.064 0.000 0.209 0.000
144.291667 145.291667   79.41 0.000  1.23 0.000000 9.999 0.259000 0.35 0.000000 0.050 0.000  0.370 0.000  0.518 0.000 99.99 0.259000   9.564 0.000   6.061 0.000   3.503 0.000 0.065 0.000 0.343 0.000
147.291667 148.291667   63.18 0.000  1.22 0.000000 0.053 0.000000 0.17 0.000000 0.049 0.000  0.447 0.000  0.626 0.000 99.99 0.259000   6.944 0.000   3.472 0.000   3.472 0.000 0.064 0.000 0.339 0.000
150.291667 151.291667   88.92 0.000  1.02 0.000000 0.068 0.000000 0.13 0.000000 0.077 0.000  0.512 0.000  0.716 0.000 99.99 0.259000  14.307 0.000   9.657 0.000   4.650 0.000 0.067 0.000 0.365 0.000
153.291667 154.291667  106.35 0.000  1.14 0.000000 9.999 0.259000 0.17 0.000000 0.032 0.000  0.539 0.000  0.755 0.000 99.99 0.259000  11.657 0.000   7.293 0.000   4.363 0.000 0.085 0.000 0.253 0.000
156.291667 157.291667  282.07 0.000  1.25 0.000000 0.182 0.000000 0.13 0.000000 0.049 0.000  0.846 0.000  1.184 0.000 99.99 0.259000  25.628 0.000  15.488 0.000  10.140 0.000 0.199 0.000 0.392 0.000
159.291667 160.291667   97.85 0.000  0.78 0.000000 9.999 0.259000 0.26 0.000000 0.051 0.000  0.434 0.000  0.607 0.000 99.99 0.259000  15.924 0.000  10.370 0.000   5.554 0.000 0.123 0.000 0.289 0.000
162.291667 163.291667  108.02 0.000  1.18 0.000000 9.999 0.259000 0.14 0.000000 0.064 0.000  0.517 0.000  0.725 0.000 99.99 0.259000   9.615 0.000   4.862 0.000   4.753 0.000 0.113 0.000 0.343 0.000
165.291667 166.291667   94.21 0.000  1.67 0.000000 0.049 0.000000 0.20 0.000000 0.044 0.000  0.418 0.000  0.585 0.000 99.99 0.259000  10.108 0.000   5.541 0.000   4.568 0.000 0.080 0.000 0.413 0.000
168.291667 169.291667   78.12 0.000  1.20 0.000000 9.999 0.259000 9.99 0.259000 0.039 0.000  0.293 0.000  0.410 0.000 99.99 0.259000  11.382 0.000   7.710 0.000   3.673 0.000 0.085 0.000 0.252 0.000
171.291667 172.291667   37.29 0.000  0.69 0.000000 9.999 0.259000 0.18 0.000000 0.020 0.000  0.346 0.000  0.484 0.000 99.99 0.259000   8.013 0.000   4.896 0.000   3.117 0.000 0.039 0.000 0.303 0.000
174.291667 175.291667   60.92 0.000  0.80 0.000000 0.092 0.000000 0.10 0.000000 0.027 0.000  0.435 0.000  0.609 0.000 99.99 0.259000   8.953 0.000   5.526 0.000   3.426 0.000 0.054 0.000 0.276 0.000
177.291667 178.291667  101.65 0.000  0.69 0.000000 9.999 0.259000 0.12 0.000000 0.033 0.000  0.714 0.000  0.999 0.000 99.99 0.259000  19.620 0.000  14.558 0.000   5.062 0.000 0.100 0.000 0.342 0.000
180.291667 181.291667   59.25 0.000  0.60 0.000000 9.999 0.259000 0.18 0.000000 0.036 0.000  0.752 0.000  1.053 0.000 99.99 0.259000   6.595 0.000   2.916 0.000   3.679 0.000 0.069 0.000 0.300 0.000
183.291667 184.291667   33.01 0.000  0.53 0.000000 9.999 0.259000 0.15 0.000000 0.014 0.000  0.226 0.000  0.317 0.000 99.99 0.259000   5.250 0.000   3.475 0.000   1.774 0.000 0.031 0.000 0.129 0.000
186.291667 187.291667   48.67 0.000  0.54 0.000000 9.999 0.259000 0.19 0.000000 0.030 0.000  0.073 0.000  0.102 0.000 99.99 0.259000   6.324 0.000   3.958 0.000   2.366 0.000 0.053 0.000 0.205 0.000
189.291667 190.291667  122.14 0.000  0.89 0.000000 9.999 0.259000 0.35 0.000000 0.062 0.000  0.787 0.000  1.102 0.000 99.99 0.259000  13.806 0.000   7.937 0.000   5.869 0.000 0.110 0.000 0.470 0.000
192.291667 193.291667  174.95 0.000 99.99 0.259000 9.999 0.259000 9.99 0.259000 0.049 0.000  1.469 0.000  2.056 0.000 99.99 0.259000  16.218 0.000   9.150 0.000   7.067 0.000 0.128 0.000 0.221 0.000
195.291667 196.291667   57.27 0.000  1.03 0.000000 9.999 0.259000 0.12 0.000000 0.060 0.000  0.923 0.000  1.292 0.000 99.99 0.259000   8.116 0.000   2.976 0.000   5.139 0.000 0.051 0.000 0.464 0.000
198.291667 199.291667   55.97 0.000  0.37 0.000000 9.999 0.259000 0.11 0.000000 0.025 0.000  0.439 0.000  0.615 0.000 99.99 0.259000   7.821 0.000   4.638 0.000   3.182 0.000 0.036 0.000 0.283 0.000
201.291667 202.291667   55.94 0.000  0.74 0.000000 0.061 0.000000 0.12 0.000000 0.035 0.000  0.563 0.000  0.788 0.000 99.99 0.259000   8.312 0.000   4.603 0.000   3.710 0.000 0.051 0.000 0.340 0.000
204.291667 205.291667  112.03 0.000 99.99 0.259000 9.999 0.259000 0.09 0.000000 0.023 0.000  0.704 0.000  0.985 0.000 99.99 0.259000  18.574 0.000  12.513 0.000   6.061 0.000 0.088 0.000 0.471 0.000
207.291667 208.291667   11.37 0.000  0.84 0.000000 9.999 0.259000 9.99 0.259000 0.010 0.000  0.315 0.000  0.441 0.000 99.99 0.259000   3.807 0.000   2.093 0.000   1.714 0.000 0.009 0.000 0.198 0.000
210.291667 211.291667   40.17 0.000  0.28 0.000000 9.999 0.259000 0.19 0.000000 0.042 0.000  0.474 0.000  0.663 0.000 99.99 0.259000  10.960 0.000   6.776 0.000   4.185 0.000 0.040 0.000 0.476 0.000
213.291667 214.291667   48.19 0.000  0.37 0.000000 9.999 0.259000 0.15 0.000000 0.019 0.000  0.756 0.000  1.058 0.000 99.99 0.259000  10.022 0.000   5.035 0.000   4.987 0.000 0.039 0.000 0.519 0.000
216.291667 217.291667   16.50 0.394 99.99 0.394259 9.999 0.394259 0.16 0.394000 0.010 0.394 99.999 0.259 99.999 0.259 99.99 0.394259   5.395 0.000   2.420 0.000   2.974 0.000 0.018 0.394 0.362 0.394
219.291667 220.291667 9999.99 0.999 99.99 0.999000 9.999 0.999000 9.99 0.999000 9.999 0.999 99.999 0.999 99.999 0.999 99.99 0.999000 999.999 0.999 999.999 0.999 999.999 0.999 9.999 0.999 9.999 0.999
222.291667 223.291667 9999.99 0.999 99.99 0.999000 9.999 0.999000 9.99 0.999000 9.999 0.999 99.999 0.999 99.999 0.999 99.99 0.999000 999.999 0.999 999.999 0.999 999.999 0.999 9.999 0.999 9.999 0.999
225.291667 226.291667   30.57 0.000  0.63 0.000000 0.028 0.000000 9.99 0.259000 0.015 0.000  0.986 0.000  1.381 0.000 99.99 0.259000   7.823 0.000   4.412 0.000   3.411 0.000 0.030 0.000 0.363 0.000
228.291667 229.291667   15.39 0.000  0.48 0.000000 9.999 0.259000 9.99 0.259000 0.016 0.000  0.507 0.000  0.710 0.000 99.99 0.259000   5.471 0.000   2.837 0.000   2.634 0.000 0.021 0.000 0.324 0.000
231.291667 232.291667   22.40 0.000  0.36 0.000000 9.999 0.259000 0.18 0.000000 0.028 0.000  0.331 0.000  0.463 0.000 99.99 0.259000   6.191 0.000   3.348 0.000   2.844 0.000 0.025 0.000 0.409 0.000
234.291667 235.291667    9.84 0.000  0.36 0.000000 9.999 0.259000 0.25 0.000000 0.008 0.000  0.174 0.000  0.244 0.000 99.99 0.259000   3.619 0.000   1.959 0.000   1.661 0.000 0.011 0.000 0.259 0.000
237.291667 238.291667   12.46 0.000  0.29 0.000000 9.999 0.259000 9.99 0.259000 0.021 0.000  0.186 0.000  0.260 0.000 99.99 0.259000   3.681 0.000   1.556 0.000   2.125 0.000 0.014 0.000 0.302 0.000
