scripts/IMPROVE-2019_partial/data/US0398R.20010101070000.20191216000000.filterpack..pm25.52w.1w.US03L_filterpack_US0398.US03L_IMPROVE_Davis.lev2.nas
64 1001
MISSING INFORMATION
US03L, IMPROVE, , , , , , , 
MISSING INFORMATION
IMPROVE sel_HTAP
1 1
2001 01 01 2019 12 16
3.000000
days from file reference point
25
1 1 1 1 1 1 1 1 1 1 1 1 1 1 1 1 1 1 1 1 1 1 1 1 1
999.999999 99999.99 9.999 99.99 9.999999 9.999 9.999999 9.99 9.999999 9.999 9.999 99.999 9.999 99.999 9.999 999.999 9.999 999.999 9.999 999.999 9.999 9.999 9.999 9.999 9.999
end_time of measurement, days from the file reference point
iron, ng/m3, Revision date=20181210133000
numflag iron, no unit, Revision date=20181210133000
lead, ng/m3, Revision date=20181210133000
numflag lead, no unit, Revision date=20181210133000
magnesium, ug/m3, Revision date=20181210133000
numflag magnesium, no unit, Revision date=20181210133000
nickel, ng/m3, Revision date=20181210133000
numflag nickel, no unit, Revision date=20181210133000
nitrate, ug N/m3, Revision date=20181210133000
numflag nitrate, no unit, Revision date=20181210133000
organic_carbon, ug C/m3, Revision date=20181210133000
numflag organic_carbon, no unit, Revision date=20181210133000
organic_mass, ug/m3, Revision date=20181210133000
numflag organic_mass, no unit, Revision date=20181210133000
pm10_mass, ug/m3, Version=2, Version description=Data extracted from http://views.cira.colostate.edu/fed/DataWizard 2019-12-16, Sample duration=1d, Orig. time res.=3d, Matrix=pm10, Blank correction=Blank corrected, Volume std. temperature=ambient, Volume std. pressure=ambient
numflag pm10_mass, no unit, Version=2, Version description=Data extracted from http://views.cira.colostate.edu/fed/DataWizard 2019-12-16, Sample duration=1d, Orig. time res.=3d, Matrix=pm10, Blank correction=Blank corrected, Volume std. temperature=ambient, Volume std. pressure=ambient
pm10_pm25_mass, ug/m3, Revision date=20181210133000, Matrix=pm10_pm25
numflag pm10_pm25_mass, no unit, Revision date=20181210133000, Matrix=pm10_pm25
pm25_mass, ug/m3, Version=2, Version description=Data extracted from http://views.cira.colostate.edu/fed/DataWizard 2019-12-16, Sample duration=1d, Orig. time res.=3d, Blank correction=Blank corrected, Volume std. temperature=ambient, Volume std. pressure=ambient
numflag pm25_mass, no unit, Version=2, Version description=Data extracted from http://views.cira.colostate.edu/fed/DataWizard 2019-12-16, Sample duration=1d, Orig. time res.=3d, Blank correction=Blank corrected, Volume std. temperature=ambient, Volume std. pressure=ambient
potassium, ug/m3, Revision date=20181210133000
numflag potassium, no unit, Revision date=20181210133000
sulphate_total, ug S/m3, Revision date=20181210133000
numflag sulphate_total, no unit, Revision date=20181210133000
0
25
Data definition:              EBAS_1.1
Set type code:                TU
Timezone:                     UTC
File name:                    US0398R.20010101070000.20191216000000.filterpack..pm25.52w.1w.US03L_filterpack_US0398.US03L_IMPROVE_Davis.lev2.nas
File creation:                20191218120236
Startdate:                    20010101070000
Revision date:                20191216000000
Statistics:                   arithmetic mean
Data level:                   2
Period code:                  52w
Resolution code:              1w
Station code:                 US0398R
Platform code:                US0398S
Station name:                 Chiricahua (AZ98)
Station latitude:             32.0097
Station longitude:            -109.3889
Station altitude:             1570.0 m
Regime:                       IMG
Component:                    
Matrix:                       pm25
Laboratory code:              US03L
Instrument type:              filterpack
Instrument name:              filterpack_US0398
Method ref:                   US03L_IMPROVE_Davis
starttime endtime Fe flag_Fe Pb flag_Pb Mg++ flag_Mg++ Ni flag_Ni NO3- flag_NO3- OC flag_OC OM flag_OM PM10 flag_PM10 PM10-PM2.5 flag_PM10-PM2.5 PM2.5 flag_PM2.5 K+ flag_K+ SO4-- flag_SO4--
[from data line 87]
261.291667 262.291667    16.04 0.559  1.20 0.559000 9.999 0.559259 0.12 0.559000 0.023 0.000  0.442 0.000  0.619 0.000   6.317 0.000   3.602 0.000   2.715 0.559 0.018 0.559 0.338 0.000
264.291667 265.291667    17.56 0.000  1.22 0.000000 9.999 0.259000 9.99 0.259000 0.014 0.000  0.337 0.000  0.471 0.000   5.728 0.000   3.576 0.000   2.152 0.000 0.022 0.000 0.262 0.000
267.291667 268.291667    20.59 0.000  0.60 0.000000 9.999 0.259000 9.99 0.259000 0.010 0.000  0.471 0.000  0.659 0.000   6.898 0.000   4.027 0.000   2.871 0.000 0.024 0.000 0.280 0.000
270.291667 271.291667    13.78 0.559  0.59 0.559000 9.999 0.559259 9.99 0.559259 0.006 0.559  0.497 0.000  0.696 0.000   6.238 0.000   3.623 0.000   2.615 0.559 0.021 0.559 0.250 0.559
273.291667 274.291667    38.15 0.559  1.08 0.559000 9.999 0.559259 0.10 0.559000 0.018 0.000  1.266 0.000  1.772 0.000  12.863 0.000   6.431 0.000   6.432 0.559 0.054 0.559 0.675 0.000
276.291667 277.291667    22.06 0.559  0.69 0.559000 9.999 0.559259 9.99 0.559259 0.035 0.000  0.649 0.000  0.909 0.000   9.509 0.000   5.545 0.000   3.964 0.559 0.031 0.559 0.372 0.000
279.291667 280.291667     7.07 0.559  0.86 0.559000 9.999 0.559259 9.99 0.559259 0.012 0.000  0.773 0.000  1.082 0.000   5.366 0.000   1.727 0.000   3.639 0.559 0.015 0.559 0.391 0.000
282.291667 283.291667    35.61 0.559  1.41 0.559000 9.999 0.559259 9.99 0.559259 0.031 0.559  0.394 0.000  0.552 0.000   6.510 0.000   2.955 0.000   3.556 0.559 0.032 0.559 0.402 0.559
285.291667 286.291667    15.74 0.000  0.62 0.000000 9.999 0.259000 9.99 0.259000 0.009 0.000  0.360 0.000  0.504 0.000   4.498 0.000   2.977 0.000   1.521 0.000 0.017 0.000 0.078 0.000
288.291667 289.291667  1007.17 0.000  2.02 0.000000 9.999 0.259000 9.99 0.259000 0.077 0.000  1.257 0.000  1.759 0.000  72.082 0.000  41.745 0.000  30.337 0.000 0.503 0.000 0.232 0.000
291.291667 292.291667    83.68 0.000  1.20 0.000000 9.999 0.259000 9.99 0.259000 0.017 0.000  0.476 0.000  0.666 0.000  11.087 0.000   7.029 0.000   4.059 0.000 0.060 0.000 0.196 0.000
294.291667 295.291667    22.80 0.559  0.65 0.559000 9.999 0.559259 0.45 0.559000 0.013 0.000  0.277 0.000  0.388 0.000   6.746 0.000   4.184 0.000   2.562 0.559 0.030 0.559 0.237 0.000
297.291667 298.291667    63.29 0.000  2.15 0.000000 9.999 0.259000 9.99 0.259000 0.017 0.000  0.309 0.000  0.432 0.000   9.351 0.000   5.685 0.000   3.666 0.000 0.054 0.000 0.236 0.000
300.291667 301.291667    22.61 0.000  0.79 0.000000 9.999 0.259000 0.22 0.000000 0.010 0.000  0.350 0.000  0.490 0.000   8.799 0.000   4.552 0.000   4.247 0.000 0.029 0.000 0.550 0.000
303.291667 304.291667    23.48 0.559  0.43 0.559000 9.999 0.559259 9.99 0.559259 0.010 0.000  0.188 0.000  0.263 0.000   7.298 0.000   4.880 0.000   2.418 0.559 0.025 0.559 0.273 0.000
306.291667 307.291667    23.52 0.559  0.91 0.559000 9.999 0.559259 0.20 0.559000 0.019 0.000  0.329 0.000  0.461 0.000   9.495 0.000   6.093 0.000   3.402 0.559 0.029 0.559 0.450 0.000
309.291667 310.291667    13.58 0.559  0.65 0.559000 9.999 0.559259 0.21 0.559000 0.023 0.000  0.527 0.000  0.738 0.000   6.909 0.000   2.203 0.000   4.706 0.559 0.023 0.559 0.728 0.000
312.291667 313.291667   401.60 0.000  1.30 0.000000 9.999 0.259000 9.99 0.259000 0.060 0.559  0.979 0.000  1.370 0.000  91.602 0.000  77.249 0.000  14.354 0.000 0.220 0.000 0.514 0.559
315.291667 316.291667    13.08 0.559  1.73 0.559000 9.999 0.559259 9.99 0.559259 0.008 0.559  0.180 0.000  0.252 0.000   4.064 0.000   2.328 0.000   1.736 0.559 0.016 0.559 0.164 0.559
318.291667 319.291667    54.41 0.559  0.52 0.559000 9.999 0.559259 9.99 0.559259 0.011 0.000  0.403 0.000  0.564 0.000   6.505 0.000   3.638 0.000   2.868 0.559 0.040 0.559 0.148 0.000
321.291667 322.291667    11.08 0.559  2.11 0.559000 9.999 0.559259 0.07 0.559000 0.014 0.000  0.243 0.000  0.340 0.000   4.735 0.000   2.438 0.000   2.296 0.559 0.018 0.559 0.251 0.000
324.291667 325.291667    18.36 0.559  1.09 0.559000 9.999 0.559259 9.99 0.559259 0.014 0.000  0.377 0.000  0.528 0.000   7.423 0.000   4.447 0.000   2.976 0.559 0.027 0.559 0.356 0.000
327.291667 328.291667    36.53 0.559  0.72 0.559000 9.999 0.559259 9.99 0.559259 0.019 0.559  0.290 0.000  0.406 0.000   9.020 0.000   6.853 0.000   2.167 0.559 0.038 0.559 0.106 0.559
330.291667 331.291667    28.79 0.559  0.97 0.559000 9.999 0.559259 9.99 0.559259 0.088 0.000  0.324 0.000  0.453 0.000   7.380 0.000   5.267 0.000   2.114 0.559 0.036 0.559 0.105 0.000
333.291667 334.291667    31.15 0.559  1.87 0.559000 9.999 0.559259 9.99 0.559259 0.016 0.559  0.223 0.000  0.312 0.000   5.947 0.000   3.688 0.000   2.258 0.559 0.031 0.559 0.160 0.559
336.291667 337.291667     9.87 0.559  3.93 0.559000 9.999 0.559259 9.99 0.559259 0.015 0.000  0.276 0.000  0.386 0.000   4.127 0.000   2.687 0.000   1.440 0.559 0.013 0.559 0.104 0.000
339.291667 340.291667    18.11 0.559  0.51 0.559000 9.999 0.559259 9.99 0.559259 0.014 0.000  0.361 0.000  0.505 0.000   3.632 0.000   1.980 0.000   1.652 0.559 0.013 0.559 0.085 0.000
342.291667 343.291667     8.76 0.559  0.31 0.559000 9.999 0.559259 9.99 0.559259 0.025 0.559  0.189 0.000  0.265 0.000   3.871 0.000   2.797 0.000   1.075 0.559 0.009 0.559 0.082 0.559
345.291667 346.291667     6.12 0.559  0.45 0.559000 9.999 0.559259 9.99 0.559259 0.113 0.000  0.905 0.000  1.268 0.000   3.740 0.000   1.216 0.000   2.524 0.559 0.011 0.559 0.188 0.000
348.291667 349.291667     5.27 0.559  1.12 0.559000 9.999 0.559259 9.99 0.559259 0.034 0.000  0.484 0.000  0.678 0.000   2.634 0.000   1.523 0.000   1.111 0.559 0.011 0.559 0.077 0.000
351.291667 352.291667     4.14 0.559  0.38 0.559000 9.999 0.559259 9.99 0.559259 0.009 0.559  0.429 0.000  0.601 0.000   1.250 0.000   0.440 0.000   0.811 0.559 0.004 0.559 0.049 0.559
354.291667 355.291667   262.00 0.559  1.74 0.559000 0.119 0.559000 9.99 0.559259 0.046 0.559  0.671 0.000  0.939 0.000  59.746 0.000  47.882 0.000  11.865 0.559 0.164 0.559 0.253 0.559
357.291667 358.291667     3.59 0.559  1.61 0.559000 9.999 0.559259 9.99 0.559259 0.027 0.000  0.128 0.000  0.179 0.000   1.756 0.000   1.315 0.000   0.441 0.559 0.008 0.559 0.038 0.000
360.291667 361.291667 99999.99 0.999 99.99 0.999000 9.999 0.999000 9.99 0.999000 9.999 0.999 99.999 0.999 99.999 0.999 999.999 0.999 999.999 0.999 999.999 0.999 9.999 0.999 9.999 0.999
363.291667 364.291667 99999.99 0.999 99.99 0.999000 9.999 0.999000 9.99 0.999000 9.999 0.999 99.999 0.999 99.999 0.999 999.999 0.999 999.999 0.999 999.999 0.999 9.999 0.999 9.999 0.999
