scripts/IMPROVE-2019_partial/data/US0398R.20070103070000.20191216000000.filterpack...1y.3d.US03L_filterpack_US0398.US03L_IMPROVE_Davis.lev2.nas
52 1001
MISSING INFORMATION
US03L, IMPROVE, , , , , , , 
MISSING INFORMATION
IMPROVE sel_HTAP
1 1
2007 01 01 2019 12 16
3.000000
days from file reference point
5
1 1 1 1 1
999.999999 999.999 9.999 999.999 9.999
end_time of measurement, days from the file reference point
pm10_mass, ug/m3, Matrix=pm10
numflag pm10_mass, no unit, Matrix=pm10
pm25_mass, ug/m3, Matrix=pm25
numflag pm25_mass, no unit, Matrix=pm25
0
33
Data definition:              EBAS_1.1
Set type code:                TU
Timezone:                     UTC
File name:                    US0398R.20070103070000.20191216000000.filterpack...1y.3d.US03L_filterpack_US0398.US03L_IMPROVE_Davis.lev2.nas
File creation:                20191218120238
Startdate:                    20070103070000
Revision date:                20191216000000
Version:                      2
Version description:          "Data extracted from http://views.cira.colostate.edu/fed/DataWizard 2019-12-16"
Statistics:                   arithmetic mean
Data level:                   2
Period code:                  1y
Resolution code:              3d
Sample duration:              1d
Orig. time res.:              3d
Station code:                 US0398R
Platform code:                US0398S
Station name:                 Chiricahua (AZ98)
Station latitude:             32.0097
Station longitude:            -109.3889
Station altitude:             1570.0 m
Regime:                       IMG
Component:                    
Unit:                         ug/m3
Matrix:                       
Laboratory code:              US03L
Instrument type:              filterpack
Instrument name:              filterpack_US0398
Method ref:                   US03L_IMPROVE_Davis
Blank correction:             Blank corrected
Volume std. temperature:      ambient
Volume std. pressure:         ambient
starttime endtime PM10 flag_PM10 PM2.5 flag_PM2.5
  2.291667   3.291667   5.178 0.000   3.563 0.000
  5.291667   6.291667   2.444 0.000   1.328 0.000
  8.291667   9.291667   5.558 0.000   1.729 0.000
 11.291667  12.291667   7.467 0.000   3.141 0.000
 14.291667  15.291667   4.412 0.000   1.949 0.000
 17.291667  18.291667   2.941 0.000   1.798 0.000
 20.291667  21.291667   2.370 0.000   1.572 0.000
 23.291667  24.291667   2.129 0.000   1.080 0.000
 26.291667  27.291667   2.288 0.000   1.385 0.000
 29.291667  30.291667   2.286 0.000   1.484 0.000
 32.291667  33.291667   3.961 0.000   2.299 0.000
 35.291667  36.291667   1.244 0.000   0.596 0.000
 38.291667  39.291667   3.778 0.000   1.497 0.000
 41.291667  42.291667   6.239 0.000   2.718 0.000
 44.291667  45.291667   5.889 0.000   2.257 0.000
 47.291667  48.291667   2.194 0.000   0.866 0.000
 50.291667  51.291667   8.564 0.000   2.256 0.000
 53.291667  54.291667  12.408 0.000   2.172 0.000
 56.291667  57.291667   2.773 0.000   0.961 0.000
 59.291667  60.291667   8.818 0.000   1.925 0.000
 62.291667  63.291667   5.619 0.000   1.589 0.000
 65.291667  66.291667 999.999 0.999 999.999 0.999
 68.291667  69.291667 999.999 0.999 999.999 0.999
 71.291667  72.291667 999.999 0.999 999.999 0.999
 74.291667  75.291667  15.431 0.000   4.345 0.000
 77.291667  78.291667   7.602 0.000   2.635 0.000
 80.291667  81.291667  10.889 0.000   1.190 0.000
 83.291667  84.291667   4.665 0.000   1.935 0.000
 86.291667  87.291667  53.778 0.000  17.330 0.000
 89.291667  90.291667   3.679 0.000   1.818 0.000
 92.291667  93.291667   8.623 0.000   3.015 0.000
 95.291667  96.291667  10.019 0.000   3.907 0.000
 98.291667  99.291667  15.393 0.000   5.952 0.000
101.291667 102.291667  22.453 0.000   7.345 0.000
104.291667 105.291667  12.344 0.000   4.421 0.000
107.291667 108.291667 999.999 0.999 999.999 0.999
110.291667 111.291667 999.999 0.999 999.999 0.999
113.291667 114.291667 999.999 0.999 999.999 0.999
116.291667 117.291667  11.035 0.000   3.429 0.000
119.291667 120.291667 999.999 0.999 999.999 0.999
122.291667 123.291667  18.681 0.000   6.926 0.000
125.291667 126.291667   5.117 0.000   1.909 0.000
128.291667 129.291667   8.211 0.000   4.699 0.000
131.291667 132.291667   8.286 0.000   3.783 0.000
134.291667 135.291667  19.676 0.000   6.137 0.000
137.291667 138.291667   9.474 0.000   5.614 0.000
140.291667 141.291667  15.756 0.000   8.662 0.000
143.291667 144.291667  13.131 0.000   6.695 0.000
146.291667 147.291667  12.330 0.000   5.293 0.000
149.291667 150.291667   9.410 0.000   4.522 0.000
152.291667 153.291667  13.723 0.000   5.316 0.000
155.291667 156.291667  12.344 0.000   4.532 0.000
158.291667 159.291667  13.108 0.000   5.401 0.000
161.291667 162.291667   9.863 0.000   3.614 0.000
164.291667 165.291667  10.162 0.000   4.501 0.000
167.291667 168.291667   8.729 0.000   3.714 0.000
170.291667 171.291667  20.400 0.000   6.954 0.000
173.291667 174.291667  14.286 0.000   5.096 0.000
176.291667 177.291667  12.132 0.000   4.552 0.000
179.291667 180.291667  11.581 0.000   4.537 0.000
182.291667 183.291667  12.663 0.000   4.683 0.000
185.291667 186.291667  20.608 0.000   6.220 0.000
188.291667 189.291667  20.326 0.000   7.985 0.000
191.291667 192.291667   8.051 0.000   5.071 0.000
194.291667 195.291667 999.999 0.999 999.999 0.999
197.291667 198.291667   9.033 0.000   3.327 0.000
200.291667 201.291667  11.353 0.000   5.086 0.000
203.291667 204.291667   4.961 0.000   2.553 0.000
206.291667 207.291667   7.207 0.000   3.216 0.000
209.291667 210.291667   7.397 0.000   3.045 0.000
212.291667 213.291667   6.787 0.000   2.975 0.000
215.291667 216.291667   7.155 0.000   2.853 0.000
218.291667 219.291667   6.563 0.000   2.053 0.000
221.291667 222.291667   6.560 0.000   2.528 0.000
224.291667 225.291667   8.237 0.000   4.658 0.000
227.291667 228.291667  14.030 0.000   9.495 0.000
230.291667 231.291667  16.833 0.000   9.205 0.000
233.291667 234.291667 999.999 0.999 999.999 0.999
236.291667 237.291667   4.335 0.000   2.350 0.000
239.291667 240.291667   7.371 0.000   3.399 0.000
242.291667 243.291667   7.292 0.000   3.300 0.000
245.291667 246.291667   9.314 0.000   6.006 0.000
248.291667 249.291667   4.195 0.000   2.281 0.000
251.291667 252.291667   6.546 0.000   3.373 0.000
254.291667 255.291667   3.799 0.000   1.818 0.000
257.291667 258.291667   7.102 0.000   3.387 0.000
260.291667 261.291667   5.505 0.000   3.116 0.000
263.291667 264.291667 999.999 0.999   2.950 0.000
266.291667 267.291667 999.999 0.999   2.743 0.000
269.291667 270.291667 999.999 0.456   4.116 0.000
272.291667 273.291667   8.379 0.000   4.472 0.000
275.291667 276.291667   3.745 0.000   2.267 0.000
278.291667 279.291667  11.695 0.000   4.412 0.000
281.291667 282.291667   9.001 0.000   4.405 0.000
284.291667 285.291667   5.910 0.000   2.587 0.000
287.291667 288.291667   6.446 0.000   2.457 0.000
290.291667 291.291667  10.881 0.000   3.035 0.000
293.291667 294.291667   9.483 0.000   2.725 0.000
296.291667 297.291667   5.073 0.000   1.626 0.000
299.291667 300.291667   5.863 0.000   2.141 0.000
302.291667 303.291667   7.963 0.000   2.653 0.000
305.291667 306.291667   7.370 0.000   3.120 0.000
308.291667 309.291667   9.301 0.000   4.526 0.000
311.291667 312.291667  13.184 0.000   5.418 0.000
314.291667 315.291667   6.970 0.000   3.304 0.000
317.291667 318.291667   3.712 0.000   1.272 0.000
320.291667 321.291667  11.793 0.000   4.785 0.000
323.291667 324.291667   7.396 0.000   2.825 0.000
326.291667 327.291667   9.588 0.000   4.654 0.000
329.291667 330.291667   5.096 0.000   2.619 0.000
332.291667 333.291667   2.340 0.000   1.584 0.000
335.291667 336.291667   4.110 0.000   2.413 0.000
338.291667 339.291667   1.512 0.000   1.014 0.000
341.291667 342.291667   2.941 0.000   1.630 0.000
344.291667 345.291667   1.048 0.000   0.685 0.000
347.291667 348.291667   2.437 0.000   1.591 0.000
350.291667 351.291667   1.944 0.000   1.426 0.000
353.291667 354.291667   2.918 0.000   1.350 0.000
356.291667 357.291667   1.313 0.000   0.830 0.000
359.291667 360.291667   2.810 0.000   0.902 0.000
362.291667 363.291667   3.456 0.000   1.117 0.000
