scripts/IMPROVE-2019_partial/data/US0398R.20140102070000.20191216000000.filterpack...52w.3d.US03L_filterpack_US0398.US03L_IMPROVE_Davis.lev2.nas
52 1001
MISSING INFORMATION
US03L, IMPROVE, , , , , , , 
MISSING INFORMATION
IMPROVE sel_HTAP
1 1
2014 01 01 2019 12 16
3.000000
days from file reference point
5
1 1 1 1 1
999.999999 9999.999 9.999 999.999 9.999
end_time of measurement, days from the file reference point
pm10_mass, ug/m3, Matrix=pm10
numflag pm10_mass, no unit, Matrix=pm10
pm25_mass, ug/m3, Matrix=pm25
numflag pm25_mass, no unit, Matrix=pm25
0
33
Data definition:              EBAS_1.1
Set type code:                TU
Timezone:                     UTC
File name:                    US0398R.20140102070000.20191216000000.filterpack...52w.3d.US03L_filterpack_US0398.US03L_IMPROVE_Davis.lev2.nas
File creation:                20191218120239
Startdate:                    20140102070000
Revision date:                20191216000000
Version:                      2
Version description:          "Data extracted from http://views.cira.colostate.edu/fed/DataWizard 2019-12-16"
Statistics:                   arithmetic mean
Data level:                   2
Period code:                  52w
Resolution code:              3d
Sample duration:              1d
Orig. time res.:              3d
Station code:                 US0398R
Platform code:                US0398S
Station name:                 Chiricahua (AZ98)
Station latitude:             32.0097
Station longitude:            -109.3889
Station altitude:             1570.0 m
Regime:                       IMG
Component:                    
Unit:                         ug/m3
Matrix:                       
Laboratory code:              US03L
Instrument type:              filterpack
Instrument name:              filterpack_US0398
Method ref:                   US03L_IMPROVE_Davis
Blank correction:             Blank corrected
Volume std. temperature:      ambient
Volume std. pressure:         ambient
starttime endtime PM10 flag_PM10 PM2.5 flag_PM2.5
  1.291667   2.291667    7.155 0.000   1.971 0.000
  4.291667   5.291667    4.240 0.000   2.022 0.000
  7.291667   8.291667    4.730 0.000   1.864 0.000
 10.291667  11.291667    2.298 0.000   0.896 0.000
 13.291667  14.291667    1.587 0.000   1.129 0.000
 16.291667  17.291667    3.044 0.000   1.809 0.000
 19.291667  20.291667    2.666 0.000   1.627 0.000
 22.291667  23.291667   31.287 0.000   6.052 0.000
 25.291667  26.291667   12.251 0.000   3.905 0.000
 28.291667  29.291667    3.551 0.000   1.292 0.000
 31.291667  32.291667    7.274 0.000   2.182 0.000
 34.291667  35.291667    3.044 0.000   1.568 0.000
 37.291667  38.291667    3.342 0.000   1.364 0.000
 40.291667  41.291667    3.862 0.000   1.229 0.000
 43.291667  44.291667    3.972 0.000   1.194 0.000
 46.291667  47.291667 9999.999 0.999 999.999 0.999
 49.291667  50.291667    6.021 0.000   2.021 0.000
 52.291667  53.291667    8.231 0.000   3.230 0.000
 55.291667  56.291667    7.736 0.000   2.875 0.000
 58.291667  59.291667    7.123 0.000   1.539 0.000
 61.291667  62.291667    2.241 0.000   1.639 0.000
 64.291667  65.291667    3.680 0.000   2.082 0.000
 67.291667  68.291667    3.431 0.000   1.112 0.000
 70.291667  71.291667  127.980 0.000  22.845 0.000
 73.291667  74.291667   21.922 0.000   4.067 0.000
 76.291667  77.291667   14.472 0.000   5.139 0.000
 79.291667  80.291667   10.406 0.000   3.876 0.000
 82.291667  83.291667    5.501 0.000   2.483 0.000
 85.291667  86.291667   12.039 0.000   3.875 0.000
 88.291667  89.291667    9.471 0.000   4.272 0.000
 91.291667  92.291667   35.545 0.000   4.417 0.000
 94.291667  95.291667    9.748 0.000   2.524 0.000
 97.291667  98.291667    6.540 0.000   2.886 0.000
100.291667 101.291667    7.049 0.000   2.365 0.000
103.291667 104.291667    8.801 0.000   3.768 0.000
106.291667 107.291667   13.432 0.000   4.503 0.000
109.291667 110.291667    4.285 0.000   2.553 0.000
112.291667 113.291667   28.510 0.000   5.063 0.000
115.291667 116.291667   71.600 0.000   8.781 0.000
118.291667 119.291667    8.859 0.000   3.620 0.000
121.291667 122.291667   34.371 0.000   9.882 0.000
124.291667 125.291667   17.215 0.000   5.492 0.000
127.291667 128.291667   29.870 0.000   7.565 0.000
130.291667 131.291667   51.437 0.000  12.414 0.000
133.291667 134.291667   29.533 0.000   5.383 0.000
136.291667 137.291667   14.320 0.000   5.353 0.000
139.291667 140.291667   20.086 0.000   3.646 0.000
142.291667 143.291667   19.233 0.000   4.133 0.000
145.291667 146.291667   14.533 0.000   5.704 0.000
148.291667 149.291667   11.062 0.000   5.397 0.000
151.291667 152.291667    9.167 0.000   3.374 0.000
154.291667 155.291667   11.149 0.000   3.403 0.000
157.291667 158.291667   19.354 0.000   7.552 0.000
160.291667 161.291667   18.351 0.000   6.794 0.000
163.291667 164.291667   23.106 0.000   6.663 0.000
166.291667 167.291667   17.669 0.000   5.383 0.000
169.291667 170.291667   14.097 0.000   6.079 0.000
172.291667 173.291667   12.308 0.000   4.043 0.000
175.291667 176.291667   15.553 0.000   4.408 0.000
178.291667 179.291667   11.135 0.000   3.098 0.000
181.291667 182.291667 9999.999 0.456   7.103 0.000
184.291667 185.291667 9999.999 0.456   6.706 0.000
187.291667 188.291667 9999.999 0.456   3.744 0.000
190.291667 191.291667    5.916 0.000   3.168 0.000
193.291667 194.291667    9.451 0.000   5.435 0.000
196.291667 197.291667   10.753 0.000   5.150 0.000
199.291667 200.291667    9.305 0.000   3.688 0.000
202.291667 203.291667    8.741 0.000   4.509 0.000
205.291667 206.291667   41.996 0.000  13.802 0.000
208.291667 209.291667    5.853 0.000   3.670 0.000
211.291667 212.291667    7.424 0.000   4.249 0.000
214.291667 215.291667    4.735 0.000   1.985 0.000
217.291667 218.291667    7.564 0.000   3.338 0.000
220.291667 221.291667   12.039 0.000   5.107 0.000
223.291667 224.291667    9.431 0.000   3.761 0.000
226.291667 227.291667    6.898 0.000   3.054 0.000
229.291667 230.291667    5.870 0.000   2.345 0.000
232.291667 233.291667    9.813 0.000   3.312 0.000
235.291667 236.291667    6.742 0.000   2.244 0.000
238.291667 239.291667    5.529 0.000   2.696 0.000
241.291667 242.291667    4.841 0.000   2.148 0.000
244.291667 245.291667    7.183 0.000   2.986 0.000
247.291667 248.291667    5.768 0.000   3.031 0.000
250.291667 251.291667    7.046 0.000   1.588 0.000
253.291667 254.291667    5.596 0.000   3.207 0.000
256.291667 257.291667    2.627 0.000   1.017 0.000
259.291667 260.291667    5.190 0.000   1.746 0.000
262.291667 263.291667    7.616 0.000   3.111 0.000
265.291667 266.291667    8.745 0.000   2.353 0.000
268.291667 269.291667    6.407 0.000   3.532 0.000
271.291667 272.291667    4.710 0.000   2.397 0.000
274.291667 275.291667    7.167 0.000   2.507 0.000
277.291667 278.291667   13.467 0.000   3.395 0.000
280.291667 281.291667    4.008 0.000   2.177 0.000
283.291667 284.291667    4.775 0.000   3.162 0.000
286.291667 287.291667    8.292 0.000   1.892 0.000
289.291667 290.291667    4.517 0.000   2.164 0.000
292.291667 293.291667    2.407 0.000   1.995 0.000
295.291667 296.291667    3.842 0.000   2.228 0.000
298.291667 299.291667    7.443 0.000   4.489 0.000
301.291667 302.291667    5.541 0.000   2.495 0.000
304.291667 305.291667    8.669 0.000   3.679 0.000
307.291667 308.291667    3.712 0.000   1.424 0.000
310.291667 311.291667    1.660 0.000   0.585 0.000
313.291667 314.291667    4.854 0.000   1.830 0.000
316.291667 317.291667    5.810 0.000   2.249 0.000
319.291667 320.291667    5.087 0.000   1.943 0.000
322.291667 323.291667    3.561 0.000   1.398 0.000
325.291667 326.291667    4.119 0.000   1.940 0.000
328.291667 329.291667    3.975 0.000   1.000 0.000
331.291667 332.291667    4.366 0.000   1.625 0.000
334.291667 335.291667    3.506 0.000   1.680 0.000
337.291667 338.291667    2.380 0.000   1.273 0.000
340.291667 341.291667    6.285 0.000   1.944 0.000
343.291667 344.291667    6.658 0.000   3.960 0.000
346.291667 347.291667    4.746 0.000   2.225 0.000
349.291667 350.291667    3.744 0.000   1.884 0.000
352.291667 353.291667    1.437 0.000   1.413 0.000
355.291667 356.291667    1.556 0.000   1.165 0.000
358.291667 359.291667 9999.999 0.999 999.999 0.999
361.291667 362.291667 9999.999 0.999 999.999 0.999
364.291667 365.291667    6.437 0.000   1.498 0.000
