scripts/IMPROVE-2019_partial/data/US0398R.20020102070000.20191216000000.filterpack..pm25.52w.1w.US03L_filterpack_US0398.US03L_IMPROVE_Davis.lev2.nas
66 1001
MISSING INFORMATION
US03L, IMPROVE, , , , , , , 
MISSING INFORMATION
IMPROVE sel_HTAP
1 1
2002 01 01 2019 12 16
3.000000
days from file reference point
27
1 1 1 1 1 1 1 1 1 1 1 1 1 1 1 1 1 1 1 1 1 1 1 1 1 1 1
999.999999 9999.99 9.999 99.99 9.999999 9.999 9.999999 9.99 9.999999 9.999 9.999999 99.999 9.999 99.999 9.999 999.9 9.999999 999.999 9.999 999.999 9.999 999.999 9.999 9.999 9.999 99.999 9.999
end_time of measurement, days from the file reference point
iron, ng/m3, Revision date=20181210133000
numflag iron, no unit, Revision date=20181210133000
lead, ng/m3, Revision date=20181210133000
numflag lead, no unit, Revision date=20181210133000
magnesium, ug/m3, Revision date=20181210133000
numflag magnesium, no unit, Revision date=20181210133000
nickel, ng/m3, Revision date=20181210133000
numflag nickel, no unit, Revision date=20181210133000
nitrate, ug N/m3, Revision date=20181210133000
numflag nitrate, no unit, Revision date=20181210133000
organic_carbon, ug C/m3, Revision date=20181210133000
numflag organic_carbon, no unit, Revision date=20181210133000
organic_mass, ug/m3, Revision date=20181210133000
numflag organic_mass, no unit, Revision date=20181210133000
phosphorus, ng/m3, Revision date=20181210133000
numflag phosphorus, no unit, Revision date=20181210133000
pm10_mass, ug/m3, Version=2, Version description=Data extracted from http://views.cira.colostate.edu/fed/DataWizard 2019-12-16, Sample duration=1d, Orig. time res.=3d, Matrix=pm10, Blank correction=Blank corrected, Volume std. temperature=ambient, Volume std. pressure=ambient
numflag pm10_mass, no unit, Version=2, Version description=Data extracted from http://views.cira.colostate.edu/fed/DataWizard 2019-12-16, Sample duration=1d, Orig. time res.=3d, Matrix=pm10, Blank correction=Blank corrected, Volume std. temperature=ambient, Volume std. pressure=ambient
pm10_pm25_mass, ug/m3, Revision date=20181210133000, Matrix=pm10_pm25
numflag pm10_pm25_mass, no unit, Revision date=20181210133000, Matrix=pm10_pm25
pm25_mass, ug/m3, Version=2, Version description=Data extracted from http://views.cira.colostate.edu/fed/DataWizard 2019-12-16, Sample duration=1d, Orig. time res.=3d, Blank correction=Blank corrected, Volume std. temperature=ambient, Volume std. pressure=ambient
numflag pm25_mass, no unit, Version=2, Version description=Data extracted from http://views.cira.colostate.edu/fed/DataWizard 2019-12-16, Sample duration=1d, Orig. time res.=3d, Blank correction=Blank corrected, Volume std. temperature=ambient, Volume std. pressure=ambient
potassium, ug/m3, Revision date=20181210133000
numflag potassium, no unit, Revision date=20181210133000
sulphate_total, ug S/m3, Revision date=20181210133000
numflag sulphate_total, no unit, Revision date=20181210133000
0
25
Data definition:              EBAS_1.1
Set type code:                TU
Timezone:                     UTC
File name:                    US0398R.20020102070000.20191216000000.filterpack..pm25.52w.1w.US03L_filterpack_US0398.US03L_IMPROVE_Davis.lev2.nas
File creation:                20191218120237
Startdate:                    20020102070000
Revision date:                20191216000000
Statistics:                   arithmetic mean
Data level:                   2
Period code:                  52w
Resolution code:              1w
Station code:                 US0398R
Platform code:                US0398S
Station name:                 Chiricahua (AZ98)
Station latitude:             32.0097
Station longitude:            -109.3889
Station altitude:             1570.0 m
Regime:                       IMG
Component:                    
Matrix:                       pm25
Laboratory code:              US03L
Instrument type:              filterpack
Instrument name:              filterpack_US0398
Method ref:                   US03L_IMPROVE_Davis
starttime endtime Fe flag_Fe Pb flag_Pb Mg++ flag_Mg++ Ni flag_Ni NO3- flag_NO3- OC flag_OC OM flag_OM P flag_P PM10 flag_PM10 PM10-PM2.5 flag_PM10-PM2.5 PM2.5 flag_PM2.5 K+ flag_K+ SO4-- flag_SO4--
[from data line 79]
238.291667 239.291667   93.66 0.000  0.48 0.000000 9.999 0.259000 0.17 0.000000 0.018 0.000000  0.291 0.000  0.407 0.000 999.9 0.259000   6.700 0.000   1.788 0.000   4.912 0.000 0.089 0.000  0.307 0.000
241.291667 242.291667   51.05 0.000  0.36 0.000000 9.999 0.259000 0.08 0.000000 0.015 0.559000  0.468 0.000  0.656 0.000 999.9 0.259000   8.878 0.000   4.810 0.000   4.068 0.000 0.041 0.000  0.288 0.559
244.291667 245.291667   38.52 0.000  0.70 0.000000 9.999 0.259000 0.15 0.000000 0.013 0.000000  0.607 0.000  0.850 0.000 999.9 0.259000   9.470 0.000   3.723 0.000   5.747 0.000 0.035 0.000  0.757 0.000
247.291667 248.291667   56.49 0.000  0.81 0.000000 9.999 0.259000 0.15 0.000000 0.018 0.000000  0.772 0.000  1.081 0.000 999.9 0.259000  12.429 0.000   4.322 0.000   8.107 0.000 0.050 0.000  1.113 0.000
250.291667 251.291667   15.40 0.000  0.80 0.000000 0.014 0.000000 9.99 0.259000 0.019 0.000000  0.607 0.000  0.849 0.000 999.9 0.259000   6.627 0.000   2.547 0.000   4.080 0.000 0.017 0.000  0.606 0.000
253.291667 254.291667   33.28 0.000  0.55 0.000000 9.999 0.259000 9.99 0.259000 0.024 0.559000  0.531 0.000  0.744 0.000 999.9 0.259000   9.194 0.000   4.828 0.000   4.366 0.000 0.029 0.000  0.587 0.559
256.291667 257.291667   30.69 0.000  0.85 0.000000 9.999 0.259000 9.99 0.259000 0.014 0.000000  0.782 0.000  1.095 0.000 999.9 0.259000   5.840 0.000   2.183 0.000   3.657 0.000 0.025 0.000  0.329 0.000
259.291667 260.291667   30.33 0.000  0.78 0.000000 0.023 0.000000 0.26 0.000000 0.016 0.000000  0.468 0.000  0.655 0.000 999.9 0.259000   9.609 0.000   5.089 0.000   4.520 0.000 0.032 0.000  0.501 0.000
262.291667 263.291667   58.49 0.000  1.11 0.000000 9.999 0.259000 0.16 0.000000 0.073 0.000000  0.274 0.000  0.384 0.000 999.9 0.259000   9.627 0.000   6.427 0.000   3.200 0.000 0.042 0.000  0.292 0.000
265.291667 266.291667   52.70 0.000  0.48 0.000000 9.999 0.259000 9.99 0.259000 0.013 0.559000  0.581 0.000  0.813 0.000 999.9 0.259000  12.262 0.000   8.820 0.000   3.442 0.000 0.043 0.000  0.223 0.559
268.291667 269.291667   38.64 0.000  0.94 0.000000 9.999 0.259000 9.99 0.259000 0.022 0.000000  0.757 0.000  1.060 0.000 999.9 0.259000   9.312 0.000   5.288 0.000   4.024 0.000 0.055 0.000  0.332 0.000
271.291667 272.291667   18.94 0.000  1.92 0.000000 9.999 0.259000 0.22 0.000000 0.032 0.000000  0.374 0.000  0.524 0.000 999.9 0.259000   6.195 0.000   2.300 0.000   3.895 0.000 0.025 0.000  0.557 0.000
274.291667 275.291667   15.23 0.000  2.08 0.000000 9.999 0.259000 0.13 0.000000 0.042 0.000000  0.187 0.000  0.262 0.000 999.9 0.259000   7.064 0.000   4.583 0.000   2.480 0.000 0.017 0.000  0.325 0.000
277.291667 278.291667   66.88 0.000  2.01 0.000000 9.999 0.259000 0.10 0.000000 0.023 0.000000  0.289 0.000  0.404 0.000 999.9 0.259000   4.853 0.000   1.246 0.000   3.607 0.000 0.056 0.000  0.232 0.000
280.291667 281.291667    4.13 0.000  0.39 0.000000 9.999 0.259000 9.99 0.259000 0.008 0.559000  0.226 0.000  0.316 0.000 999.9 0.259000   2.326 0.000   0.839 0.000   1.487 0.000 0.005 0.000  0.166 0.559
283.291667 284.291667   24.36 0.000  1.81 0.000000 0.015 0.000000 0.11 0.000000 0.009 0.559000  0.528 0.000  0.739 0.000 999.9 0.259000   5.992 0.000   2.965 0.000   3.027 0.000 0.023 0.000  0.304 0.559
286.291667 287.291667   67.03 0.000  0.75 0.000000 0.017 0.000000 0.08 0.000000 0.027 0.559000  0.719 0.000  1.007 0.000 999.9 0.259000  20.040 0.000  14.035 0.000   6.004 0.000 0.053 0.000  0.563 0.559
289.291667 290.291667   19.87 0.000  0.99 0.000000 9.999 0.259000 0.25 0.000000 0.054 0.000000  0.151 0.000  0.211 0.000 999.9 0.259000  11.015 0.000   8.112 0.000   2.904 0.000 0.025 0.000  0.310 0.000
292.291667 293.291667   25.20 0.000  1.16 0.000000 9.999 0.259000 0.11 0.000000 0.042 0.000000  0.332 0.000  0.464 0.000 999.9 0.259000   6.865 0.000   3.805 0.000   3.060 0.000 0.025 0.000  0.369 0.000
295.291667 296.291667   61.43 0.000  1.78 0.000000 0.024 0.000000 0.14 0.000000 0.028 0.000000  0.142 0.000  0.198 0.000 999.9 0.259000   6.346 0.000   2.319 0.000   4.027 0.000 0.053 0.000  0.413 0.000
298.291667 299.291667   40.90 0.000  3.03 0.000000 0.023 0.000000 0.13 0.000000 0.034 0.000000  0.159 0.000  0.222 0.000 999.9 0.259000   8.929 0.000   5.611 0.000   3.317 0.000 0.042 0.000  0.408 0.000
301.291667 302.291667   26.06 0.000  0.97 0.000000 9.999 0.259000 0.11 0.000000 0.031 0.000000  0.321 0.000  0.450 0.000 999.9 0.259000   5.404 0.000   3.044 0.000   2.360 0.000 0.025 0.000  0.199 0.000
304.291667 305.291667   33.72 0.000  1.65 0.000000 9.999 0.259000 0.12 0.000000 0.019 0.000000  0.315 0.000  0.441 0.000 999.9 0.259000   7.423 0.000   4.470 0.000   2.953 0.000 0.038 0.000  0.311 0.000
307.291667 308.291667   80.14 0.000  1.20 0.000000 9.999 0.259000 0.10 0.000000 0.048 0.000000  0.497 0.000  0.696 0.000 999.9 0.259000  11.933 0.000   7.324 0.000   4.609 0.000 0.070 0.000  0.303 0.000
310.291667 311.291667   48.47 0.000  0.74 0.000000 9.999 0.259000 0.11 0.000000 0.016 0.000000  0.321 0.000  0.450 0.000 999.9 0.259000   6.146 0.000   3.148 0.000   2.999 0.000 0.049 0.000  0.186 0.000
313.291667 314.291667   23.16 0.000 99.99 0.259000 9.999 0.259000 9.99 0.259000 0.015 0.000000  0.134 0.000  0.188 0.000 999.9 0.259000   6.466 0.000   4.929 0.000   1.537 0.000 0.029 0.000  0.125 0.000
316.291667 317.291667   35.70 0.000  0.47 0.000000 9.999 0.259000 0.13 0.000000 0.015 0.000000  0.306 0.000  0.428 0.000 999.9 0.259000   7.423 0.000   5.029 0.000   2.395 0.000 0.035 0.000  0.165 0.000
319.291667 320.291667  137.02 0.000  0.55 0.000000 9.999 0.259000 9.99 0.259000 0.010 0.000000  0.401 0.000  0.561 0.000 999.9 0.259000 999.999 0.456 999.999 0.999   5.411 0.000 0.125 0.000  0.166 0.000
322.291667 323.291667   46.86 0.000  0.92 0.000000 9.999 0.259000 9.99 0.259000 0.013 0.000000  0.276 0.000  0.387 0.000 999.9 0.259000   6.211 0.000   3.533 0.000   2.678 0.000 0.041 0.000  0.163 0.000
325.291667 326.291667   71.40 0.000  0.62 0.000000 9.999 0.259000 0.05 0.000000 0.011 0.000000  0.303 0.000  0.424 0.000 999.9 0.259000   6.032 0.000   3.183 0.000   2.849 0.000 0.063 0.000  0.101 0.000
328.291667 329.291667   38.84 0.000  1.08 0.000000 0.017 0.000000 0.18 0.000000 0.023 0.000000  0.185 0.000  0.259 0.000 999.9 0.259000   8.261 0.000   5.345 0.000   2.916 0.000 0.045 0.000  0.254 0.000
331.291667 332.291667   51.67 0.000  1.54 0.000000 9.999 0.259000 0.26 0.000000 0.096 0.000000  0.625 0.000  0.876 0.000 999.9 0.259000  10.758 0.000   4.544 0.000   6.213 0.000 0.054 0.000  0.699 0.000
334.291667 335.291667    2.85 0.000  0.19 0.000000 9.999 0.259000 9.99 0.259000 0.019 0.000000  0.677 0.000  0.948 0.000 999.9 0.259000   1.996 0.000   0.549 0.000   1.447 0.000 0.005 0.000  0.083 0.000
337.291667 338.291667    4.23 0.000  0.75 0.000000 9.999 0.259000 9.99 0.259000 0.081 0.000000  0.363 0.000  0.508 0.000 999.9 0.259000   2.168 0.000   0.096 0.000   2.072 0.000 0.005 0.000  0.292 0.000
340.291667 341.291667    5.85 0.000  1.67 0.000000 9.999 0.259000 0.08 0.000000 0.016 0.000000  0.493 0.000  0.690 0.000 999.9 0.259000   2.834 0.000   0.747 0.000   2.086 0.000 0.013 0.000  0.199 0.000
343.291667 344.291667    6.89 0.000  0.21 0.000000 0.008 0.000000 9.99 0.259000 0.021 0.000000  0.819 0.000  1.147 0.000 999.9 0.259000   3.164 0.000   0.906 0.000   2.258 0.000 0.019 0.000  0.158 0.000
346.291667 347.291667   24.06 0.000  0.77 0.000000 9.999 0.259000 9.99 0.259000 0.027 0.000000  0.720 0.000  1.008 0.000 999.9 0.259000   4.094 0.000   1.977 0.000   2.118 0.000 0.020 0.000  0.124 0.000
349.291667 350.291667  132.72 0.000  0.57 0.000000 9.999 0.259000 0.04 0.000000 0.022 0.000000  0.259 0.000  0.363 0.000 999.9 0.259000   9.514 0.000   5.876 0.000   3.638 0.000 0.102 0.000  0.124 0.000
352.291667 353.291667   11.36 0.000  0.19 0.000000 9.999 0.259000 9.99 0.259000 0.018 0.000000  0.212 0.000  0.297 0.000 999.9 0.259000   2.907 0.000   2.109 0.000   0.798 0.000 0.011 0.000  0.052 0.000
355.291667 356.291667    7.11 0.000  0.61 0.000000 9.999 0.259000 0.08 0.000000 0.021 0.000000  0.261 0.000  0.366 0.000 999.9 0.259000   2.850 0.000   1.693 0.000   1.157 0.000 0.021 0.000  0.136 0.000
358.291667 359.291667   23.81 0.000  0.53 0.000000 9.999 0.259000 9.99 0.259000 0.034 0.000000  0.228 0.000  0.319 0.000 999.9 0.259000   4.845 0.000   2.590 0.000   2.256 0.000 0.020 0.000  0.237 0.000
361.291667 362.291667    8.33 0.000  0.40 0.000000 0.016 0.000000 9.99 0.259000 0.033 0.000000  0.902 0.000  1.263 0.000 999.9 0.259000   2.075 0.000   1.218 0.000   0.857 0.000 0.010 0.000  0.334 0.000
364.291667 365.291667    3.87 0.000  0.30 0.000000 9.999 0.259000 0.08 0.000000 0.022 0.000000  0.652 0.000  0.913 0.000 999.9 0.259000   1.785 0.000   0.893 0.000   0.892 0.000 0.007 0.000  0.104 0.000
