scripts/IMPROVE-2019_partial/data/US0398R.19880302070000.20191216000000.filterpack...10mo.3d.US03L_filterpack_US0398.US03L_IMPROVE_Davis.lev2.nas
51 1001
MISSING INFORMATION
US03L, IMPROVE, , , , , , , 
MISSING INFORMATION
IMPROVE sel_HTAP
1 1
1988 01 01 2019 12 16
0
days from file reference point
4
1 1 1 1
999.999999 999.999 999.999 9.999
end_time of measurement, days from the file reference point
pm10_mass, ug/m3, Matrix=pm10
pm25_mass, ug/m3, Matrix=pm25
numflag, no unit
0
33
Data definition:              EBAS_1.1
Set type code:                TI
Timezone:                     UTC
File name:                    US0398R.19880302070000.20191216000000.filterpack...10mo.3d.US03L_filterpack_US0398.US03L_IMPROVE_Davis.lev2.nas
File creation:                20191218120235
Startdate:                    19880302070000
Revision date:                20191216000000
Version:                      2
Version description:          "Data extracted from http://views.cira.colostate.edu/fed/DataWizard 2019-12-16"
Statistics:                   arithmetic mean
Data level:                   2
Period code:                  10mo
Resolution code:              3d
Sample duration:              1d
Orig. time res.:              3d
Station code:                 US0398R
Platform code:                US0398S
Station name:                 Chiricahua (AZ98)
Station latitude:             32.0097
Station longitude:            -109.3889
Station altitude:             1570.0 m
Regime:                       IMG
Component:                    
Unit:                         ug/m3
Matrix:                       
Laboratory code:              US03L
Instrument type:              filterpack
Instrument name:              filterpack_US0398
Method ref:                   US03L_IMPROVE_Davis
Blank correction:             Blank corrected
Volume std. temperature:      ambient
Volume std. pressure:         ambient
starttime endtime PM10 PM2.5 flag
 61.291667  62.291667   4.108   2.332 0.000
 64.291667  65.291667   8.133   4.244 0.000
 68.291667  69.291667   3.333 999.999 0.000
 71.291667  72.291667   5.975   1.693 0.000
 75.291667  76.291667  13.043   4.351 0.000
 78.291667  79.291667   6.449   4.148 0.000
 82.291667  83.291667  20.895   5.756 0.000
 85.291667  86.291667  17.303   4.121 0.000
 89.291667  90.291667  17.708   6.127 0.000
 92.291667  93.291667   9.592   5.905 0.000
 96.291667  97.291667  18.182 999.999 0.000
 99.291667 100.291667  17.095   7.825 0.000
103.291667 104.291667  16.546   8.690 0.000
106.291667 107.291667   3.402   2.698 0.000
110.291667 111.291667   7.628   4.159 0.000
113.291667 114.291667   5.382   2.444 0.000
117.291667 118.291667   7.701   5.683 0.000
120.291667 121.291667  10.672   5.112 0.000
124.291667 125.291667   6.525   2.919 0.000
127.291667 128.291667 999.999   2.764 0.000
131.291667 132.291667  17.344   5.871 0.000
134.291667 135.291667  15.202   9.836 0.000
138.291667 139.291667  14.414   8.367 0.000
141.291667 142.291667   6.443   3.696 0.000
145.291667 146.291667  14.325   7.045 0.000
148.291667 149.291667  14.564   6.721 0.000
152.291667 153.291667  11.383 999.999 0.000
155.291667 156.291667 999.999   5.380 0.000
159.291667 160.291667  10.114   6.442 0.000
162.291667 163.291667  31.944  15.861 0.000
166.291667 167.291667  20.698   9.167 0.000
169.291667 170.291667 999.999 999.999 0.999
173.291667 174.291667  11.294   5.714 0.000
176.291667 177.291667   8.189   6.006 0.000
180.291667 181.291667  11.549   5.751 0.000
183.291667 184.291667   9.429   4.441 0.000
187.291667 188.291667  11.736   9.271 0.000
190.291667 191.291667   7.870   4.729 0.000
194.291667 195.291667   9.073   4.408 0.000
197.291667 198.291667  10.643   6.746 0.000
201.291667 202.291667 999.999   5.714 0.000
204.291667 205.291667   9.247   5.676 0.000
208.291667 209.291667  10.578   7.683 0.000
211.291667 212.291667   8.284   3.946 0.000
215.291667 216.291667   8.776 999.999 0.000
218.291667 219.291667  14.286 999.999 0.000
222.291667 223.291667   9.252   5.197 0.000
225.291667 226.291667  10.152   6.198 0.000
229.291667 230.291667 999.999   5.405 0.000
232.291667 233.291667  10.403   6.098 0.000
236.291667 237.291667   8.087   4.413 0.000
239.291667 240.291667 999.999 999.999 0.999
243.291667 244.291667  10.339   7.532 0.000
246.291667 247.291667   5.596   2.759 0.000
250.291667 251.291667   8.542   5.331 0.000
253.291667 254.291667  14.892   9.739 0.000
257.291667 258.291667   6.786   4.290 0.000
260.291667 261.291667  10.383   6.328 0.000
264.291667 265.291667 999.999 999.999 0.999
267.291667 268.291667 999.999 999.999 0.999
271.291667 272.291667   5.068   2.492 0.000
274.291667 275.291667   5.222   2.812 0.000
278.291667 279.291667   7.379   3.671 0.000
281.291667 282.291667  12.045   6.375 0.000
285.291667 286.291667   8.048   6.347 0.000
288.291667 289.291667   2.764   1.692 0.000
292.291667 293.291667   5.118   3.405 0.000
295.291667 296.291667  10.225   6.533 0.000
299.291667 300.291667   8.214   4.483 0.000
302.291667 303.291667   8.919   5.446 0.000
306.291667 307.291667   5.347   3.262 0.000
309.291667 310.291667   8.635   4.502 0.000
313.291667 314.291667   4.524   2.688 0.000
316.291667 317.291667   4.743   2.429 0.000
320.291667 321.291667   4.064   1.651 0.000
323.291667 324.291667   4.904   2.063 0.000
327.291667 328.291667   4.491   2.332 0.000
330.291667 331.291667   3.396   1.821 0.000
334.291667 335.291667   3.723   1.955 0.000
337.291667 338.291667   6.926   3.356 0.000
341.291667 342.291667  10.935   6.238 0.000
344.291667 345.291667   4.368   3.441 0.000
348.291667 349.291667   4.433   2.917 0.000
351.291667 352.291667 999.999 999.999 0.999
355.291667 356.291667   2.821   2.255 0.000
358.291667 359.291667   4.153   1.743 0.000
362.291667 363.291667   2.926   1.877 0.000
365.291667 366.291667   2.851   1.498 0.000
