scripts/IMPROVE-2019_partial/data/US0398R.19990102070000.20191216000000.filterpack...1y.3d.US03L_filterpack_US0398.US03L_IMPROVE_Davis.lev2.nas
51 1001
MISSING INFORMATION
US03L, IMPROVE, , , , , , , 
MISSING INFORMATION
IMPROVE sel_HTAP
1 1
1999 01 01 2019 12 16
0
days from file reference point
4
1 1 1 1
999.999999 999.999 999.999 9.999
end_time of measurement, days from the file reference point
pm10_mass, ug/m3, Matrix=pm10
pm25_mass, ug/m3, Matrix=pm25
numflag, no unit
0
33
Data definition:              EBAS_1.1
Set type code:                TI
Timezone:                     UTC
File name:                    US0398R.19990102070000.20191216000000.filterpack...1y.3d.US03L_filterpack_US0398.US03L_IMPROVE_Davis.lev2.nas
File creation:                20191218120236
Startdate:                    19990102070000
Revision date:                20191216000000
Version:                      2
Version description:          "Data extracted from http://views.cira.colostate.edu/fed/DataWizard 2019-12-16"
Statistics:                   arithmetic mean
Data level:                   2
Period code:                  1y
Resolution code:              3d
Sample duration:              1d
Orig. time res.:              3d
Station code:                 US0398R
Platform code:                US0398S
Station name:                 Chiricahua (AZ98)
Station latitude:             32.0097
Station longitude:            -109.3889
Station altitude:             1570.0 m
Regime:                       IMG
Component:                    
Unit:                         ug/m3
Matrix:                       
Laboratory code:              US03L
Instrument type:              filterpack
Instrument name:              filterpack_US0398
Method ref:                   US03L_IMPROVE_Davis
Blank correction:             Blank corrected
Volume std. temperature:      ambient
Volume std. pressure:         ambient
starttime endtime PM10 PM2.5 flag
  1.291667   2.291667   3.947   1.426 0.000
  5.291667   6.291667   4.739   1.627 0.000
  8.291667   9.291667   6.904   3.247 0.000
 12.291667  13.291667  11.344   2.567 0.000
 15.291667  16.291667  11.258   2.942 0.000
 19.291667  20.291667   7.988   1.846 0.000
 22.291667  23.291667   3.171   0.845 0.000
 26.291667  27.291667   6.500   2.464 0.000
 29.291667  30.291667   7.913   3.154 0.000
 33.291667  34.291667   9.586   6.166 0.000
 36.291667  37.291667   7.527   1.865 0.000
 40.291667  41.291667  26.883   5.366 0.000
 43.291667  44.291667  16.273   5.327 0.000
 47.291667  48.291667   8.730   4.035 0.000
 50.291667  51.291667   6.309   3.003 0.000
 54.291667  55.291667   6.982   2.827 0.000
 57.291667  58.291667   8.039   3.305 0.000
 61.291667  62.291667  10.040   3.932 0.000
 64.291667  65.291667   6.824   2.678 0.000
 68.291667  69.291667   5.054   1.854 0.000
 71.291667  72.291667   6.674   3.658 0.000
 75.291667  76.291667   2.056   1.288 0.000
 78.291667  79.291667   7.410   3.377 0.000
 82.291667  83.291667  13.436   4.325 0.000
 85.291667  86.291667   9.549   3.580 0.000
 89.291667  90.291667  18.544   5.580 0.000
 92.291667  93.291667   4.092   2.666 0.000
 96.291667  97.291667  19.068   4.756 0.000
 99.291667 100.291667  12.045   3.932 0.000
103.291667 104.291667   5.793   3.073 0.000
106.291667 107.291667   5.385   2.083 0.000
110.291667 111.291667  12.008   2.706 0.000
113.291667 114.291667  10.598   3.040 0.000
117.291667 118.291667  18.544   5.117 0.000
120.291667 121.291667  15.709   4.952 0.000
124.291667 125.291667  23.123   9.753 0.000
127.291667 128.291667  12.228   4.321 0.000
131.291667 132.291667  13.602   6.173 0.000
134.291667 135.291667  14.999   5.797 0.000
138.291667 139.291667  13.495   4.812 0.000
141.291667 142.291667  19.097   6.582 0.000
145.291667 146.291667   9.621   5.139 0.000
148.291667 149.291667  13.925   6.520 0.000
152.291667 153.291667  28.351   9.188 0.000
155.291667 156.291667   8.197   3.502 0.000
159.291667 160.291667   9.486   3.592 0.000
162.291667 163.291667   8.806   4.191 0.000
166.291667 167.291667   7.328   3.606 0.000
169.291667 170.291667   4.362   4.262 0.000
173.291667 174.291667  12.082   4.817 0.000
176.291667 177.291667   9.035   4.590 0.000
180.291667 181.291667  13.205   4.660 0.000
183.291667 184.291667  11.622   6.247 0.000
187.291667 188.291667   5.994   3.564 0.000
190.291667 191.291667   7.383   3.427 0.000
194.291667 195.291667   5.781   4.021 0.000
197.291667 198.291667   7.599   4.831 0.000
201.291667 202.291667   4.210   2.506 0.000
204.291667 205.291667   5.973   2.544 0.000
208.291667 209.291667   6.009   3.487 0.000
211.291667 212.291667   9.758   5.351 0.000
215.291667 216.291667   5.373   2.766 0.000
218.291667 219.291667   7.880   5.291 0.000
222.291667 223.291667   9.402   4.787 0.000
225.291667 226.291667   5.128   2.706 0.000
229.291667 230.291667  15.780  10.280 0.000
232.291667 233.291667   7.708   4.322 0.000
236.291667 237.291667   8.553   5.685 0.000
239.291667 240.291667   5.738   4.281 0.000
243.291667 244.291667   5.685   3.412 0.000
246.291667 247.291667   4.966   2.689 0.000
250.291667 251.291667   5.620   2.913 0.000
253.291667 254.291667   8.539   5.067 0.000
257.291667 258.291667   5.504   3.245 0.000
260.291667 261.291667   5.190   3.902 0.000
264.291667 265.291667 999.999 999.999 0.999
267.291667 268.291667 999.999 999.999 0.999
271.291667 272.291667 999.999 999.999 0.999
274.291667 275.291667 999.999 999.999 0.999
278.291667 279.291667  11.307   3.921 0.000
281.291667 282.291667   8.362   5.239 0.000
285.291667 286.291667   6.337   3.304 0.000
288.291667 289.291667  11.384   5.487 0.000
292.291667 293.291667   8.356   4.569 0.000
295.291667 296.291667   6.718   3.168 0.000
299.291667 300.291667  10.999   4.066 0.000
302.291667 303.291667   6.061   2.552 0.000
306.291667 307.291667 999.999 999.999 0.999
309.291667 310.291667  13.889   5.233 0.000
313.291667 314.291667   8.133   3.916 0.000
316.291667 317.291667  11.549   5.978 0.000
320.291667 321.291667  11.389   4.735 0.000
323.291667 324.291667   8.968   3.904 0.000
327.291667 328.291667   5.929   2.557 0.000
330.291667 331.291667   5.726   2.410 0.000
334.291667 335.291667  12.131   3.618 0.000
337.291667 338.291667   8.850   1.915 0.000
341.291667 342.291667  25.463   5.069 0.000
344.291667 345.291667  15.937   5.760 0.000
348.291667 349.291667 999.999 999.999 0.999
351.291667 352.291667 999.999 999.999 0.999
355.291667 356.291667 999.999 999.999 0.999
358.291667 359.291667 999.999 999.999 0.999
362.291667 363.291667   5.814   3.234 0.000
