scripts/IMPROVE-2019_partial/data/US0398R.19970101070000.20191216000000.filterpack...1y.3d.US03L_filterpack_US0398.US03L_IMPROVE_Davis.lev2.nas
51 1001
MISSING INFORMATION
US03L, IMPROVE, , , , , , , 
MISSING INFORMATION
IMPROVE sel_HTAP
1 1
1997 01 01 2019 12 16
0
days from file reference point
4
1 1 1 1
999.999999 999.999 999.999 9.999
end_time of measurement, days from the file reference point
pm10_mass, ug/m3, Matrix=pm10
pm25_mass, ug/m3, Matrix=pm25
numflag, no unit
0
33
Data definition:              EBAS_1.1
Set type code:                TI
Timezone:                     UTC
File name:                    US0398R.19970101070000.20191216000000.filterpack...1y.3d.US03L_filterpack_US0398.US03L_IMPROVE_Davis.lev2.nas
File creation:                20191218120236
Startdate:                    19970101070000
Revision date:                20191216000000
Version:                      2
Version description:          "Data extracted from http://views.cira.colostate.edu/fed/DataWizard 2019-12-16"
Statistics:                   arithmetic mean
Data level:                   2
Period code:                  1y
Resolution code:              3d
Sample duration:              1d
Orig. time res.:              3d
Station code:                 US0398R
Platform code:                US0398S
Station name:                 Chiricahua (AZ98)
Station latitude:             32.0097
Station longitude:            -109.3889
Station altitude:             1570.0 m
Regime:                       IMG
Component:                    
Unit:                         ug/m3
Matrix:                       
Laboratory code:              US03L
Instrument type:              filterpack
Instrument name:              filterpack_US0398
Method ref:                   US03L_IMPROVE_Davis
Blank correction:             Blank corrected
Volume std. temperature:      ambient
Volume std. pressure:         ambient
starttime endtime PM10 PM2.5 flag
  0.291667   1.291667   2.247   1.720 0.000
  3.291667   4.291667  11.153   2.326 0.000
  7.291667   8.291667   3.005   1.903 0.000
 10.291667  11.291667   8.805   2.496 0.000
 14.291667  15.291667   2.953   1.752 0.000
 17.291667  18.291667   8.156   3.183 0.000
 21.291667  22.291667   6.066   2.873 0.000
 24.291667  25.291667   4.295   2.999 0.000
 28.291667  29.291667   9.753   3.861 0.000
 31.291667  32.291667  11.456   5.093 0.000
 35.291667  36.291667   6.827   3.550 0.000
 38.291667  39.291667   5.000   2.612 0.000
 42.291667  43.291667   7.253   4.547 0.000
 45.291667  46.291667  10.515   2.772 0.000
 49.291667  50.291667   4.350   3.312 0.000
 52.291667  53.291667  11.168 999.999 0.000
 56.291667  57.291667 999.999 999.999 0.999
 59.291667  60.291667   2.959   1.068 0.000
 63.291667  64.291667   6.870   2.868 0.000
 66.291667  67.291667  10.303   6.881 0.000
 70.291667  71.291667   8.027   5.568 0.000
 73.291667  74.291667   9.084   4.589 0.000
 77.291667  78.291667  14.115   5.147 0.000
 80.291667  81.291667  10.165   4.276 0.000
 84.291667  85.291667   6.277   5.892 0.000
 87.291667  88.291667  16.148   3.564 0.000
 91.291667  92.291667  14.243   3.669 0.000
 94.291667  95.291667  14.775   8.006 0.000
 98.291667  99.291667  13.786   4.993 0.000
101.291667 102.291667   9.761   3.919 0.000
105.291667 106.291667   9.172   4.737 0.000
108.291667 109.291667  10.450   6.495 0.000
112.291667 113.291667  15.816   8.210 0.000
115.291667 116.291667   7.177   2.179 0.000
119.291667 120.291667   9.854   6.327 0.000
122.291667 123.291667  12.306   7.061 0.000
126.291667 127.291667   8.398   4.446 0.000
129.291667 130.291667   7.590   2.956 0.000
133.291667 134.291667  12.963   5.456 0.000
136.291667 137.291667   9.048   5.486 0.000
140.291667 141.291667   4.805   3.297 0.000
143.291667 144.291667  12.408   5.135 0.000
147.291667 148.291667   8.841   3.910 0.000
150.291667 151.291667   9.064   4.600 0.000
154.291667 155.291667 999.999   8.688 0.000
157.291667 158.291667   8.271   6.209 0.000
161.291667 162.291667   9.774   8.426 0.000
164.291667 165.291667   9.742   3.157 0.000
168.291667 169.291667   8.673   5.401 0.000
171.291667 172.291667   9.057   2.480 0.000
175.291667 176.291667   7.166   3.429 0.000
178.291667 179.291667  14.809   9.278 0.000
182.291667 183.291667  10.532   3.751 0.000
185.291667 186.291667  35.380  14.370 0.000
189.291667 190.291667  13.530   5.179 0.000
192.291667 193.291667  10.629   7.182 0.000
196.291667 197.291667   9.411   5.002 0.000
199.291667 200.291667   8.437   4.620 0.000
203.291667 204.291667 999.999   7.415 0.000
206.291667 207.291667   5.924   3.737 0.000
210.291667 211.291667   3.818   3.103 0.000
213.291667 214.291667  15.139   5.661 0.000
217.291667 218.291667   6.036   4.438 0.000
220.291667 221.291667   9.304   6.916 0.000
224.291667 225.291667   9.569   4.544 0.000
227.291667 228.291667  10.932   5.373 0.000
231.291667 232.291667   8.672   4.298 0.000
234.291667 235.291667  10.517   8.523 0.000
238.291667 239.291667   6.429   4.271 0.000
241.291667 242.291667   8.973   4.841 0.000
245.291667 246.291667  13.085   8.223 0.000
248.291667 249.291667   8.744   5.424 0.000
252.291667 253.291667  14.204   6.366 0.000
255.291667 256.291667  10.417   5.944 0.000
259.291667 260.291667   7.759   3.939 0.000
262.291667 263.291667   6.142   5.130 0.000
266.291667 267.291667  10.363   6.224 0.000
269.291667 270.291667 999.999 999.999 0.999
273.291667 274.291667   7.744   3.225 0.000
276.291667 277.291667   8.144   5.743 0.000
280.291667 281.291667  22.275   7.495 0.000
283.291667 284.291667  16.773   4.720 0.000
287.291667 288.291667   7.180   2.790 0.000
290.291667 291.291667   7.062   3.093 0.000
294.291667 295.291667   4.857   3.241 0.000
297.291667 298.291667  12.564   1.927 0.000
301.291667 302.291667   7.897   3.749 0.000
304.291667 305.291667   8.135   3.912 0.000
308.291667 309.291667   8.310   2.886 0.000
311.291667 312.291667   6.752   2.345 0.000
315.291667 316.291667   7.101   1.864 0.000
318.291667 319.291667   3.802 999.999 0.000
322.291667 323.291667   4.971   3.951 0.000
325.291667 326.291667   6.632   2.549 0.000
329.291667 330.291667   5.913   2.863 0.000
332.291667 333.291667   5.119   1.082 0.000
336.291667 337.291667   4.698   4.192 0.000
339.291667 340.291667   4.085   2.221 0.000
343.291667 344.291667   1.949   0.961 0.000
346.291667 347.291667   1.584   1.010 0.000
350.291667 351.291667   6.690   2.065 0.000
353.291667 354.291667   8.953   2.471 0.000
357.291667 358.291667   6.283   2.211 0.000
360.291667 361.291667   3.371 999.999 0.000
364.291667 365.291667   4.191   3.566 0.000
