scripts/IMPROVE-2019_partial/data/US0398R.19950104070000.20191216000000.filterpack...1y.3d.US03L_filterpack_US0398.US03L_IMPROVE_Davis.lev2.nas
51 1001
MISSING INFORMATION
US03L, IMPROVE, , , , , , , 
MISSING INFORMATION
IMPROVE sel_HTAP
1 1
1995 01 01 2019 12 16
0
days from file reference point
4
1 1 1 1
999.999999 999.999 999.999 9.999
end_time of measurement, days from the file reference point
pm10_mass, ug/m3, Matrix=pm10
pm25_mass, ug/m3, Matrix=pm25
numflag, no unit
0
33
Data definition:              EBAS_1.1
Set type code:                TI
Timezone:                     UTC
File name:                    US0398R.19950104070000.20191216000000.filterpack...1y.3d.US03L_filterpack_US0398.US03L_IMPROVE_Davis.lev2.nas
File creation:                20191218120236
Startdate:                    19950104070000
Revision date:                20191216000000
Version:                      2
Version description:          "Data extracted from http://views.cira.colostate.edu/fed/DataWizard 2019-12-16"
Statistics:                   arithmetic mean
Data level:                   2
Period code:                  1y
Resolution code:              3d
Sample duration:              1d
Orig. time res.:              3d
Station code:                 US0398R
Platform code:                US0398S
Station name:                 Chiricahua (AZ98)
Station latitude:             32.0097
Station longitude:            -109.3889
Station altitude:             1570.0 m
Regime:                       IMG
Component:                    
Unit:                         ug/m3
Matrix:                       
Laboratory code:              US03L
Instrument type:              filterpack
Instrument name:              filterpack_US0398
Method ref:                   US03L_IMPROVE_Davis
Blank correction:             Blank corrected
Volume std. temperature:      ambient
Volume std. pressure:         ambient
starttime endtime PM10 PM2.5 flag
  3.291667   4.291667 999.999 999.999 0.999
  6.291667   7.291667 999.999 999.999 0.999
 10.291667  11.291667  15.230   1.148 0.000
 13.291667  14.291667   4.435   1.082 0.000
 17.291667  18.291667   1.931   1.859 0.000
 20.291667  21.291667   7.899   1.731 0.000
 24.291667  25.291667 999.999   0.888 0.000
 27.291667  28.291667  11.224   1.645 0.000
 31.291667  32.291667   1.417   1.041 0.000
 34.291667  35.291667   4.764   1.451 0.000
 38.291667  39.291667   7.400   1.491 0.000
 41.291667  42.291667   3.377   2.114 0.000
 45.291667  46.291667   3.875   1.038 0.000
 48.291667  49.291667  16.375   2.976 0.000
 52.291667  53.291667   3.686   2.226 0.000
 55.291667  56.291667  11.647   4.295 0.000
 59.291667  60.291667   5.733   3.715 0.000
 62.291667  63.291667  12.799   2.198 0.000
 66.291667  67.291667  17.045   1.434 0.000
 69.291667  70.291667   8.900   3.313 0.000
 73.291667  74.291667 999.999 999.999 0.999
 76.291667  77.291667  15.714   4.442 0.000
 80.291667  81.291667 999.999 999.999 0.999
 83.291667  84.291667   6.781   2.778 0.000
 87.291667  88.291667   6.332   2.600 0.000
 90.291667  91.291667  14.701   3.922 0.000
 94.291667  95.291667   8.730   3.630 0.000
 97.291667  98.291667   7.421   2.967 0.000
101.291667 102.291667   9.195   4.256 0.000
104.291667 105.291667  12.652   3.139 0.000
108.291667 109.291667   5.548   1.339 0.000
111.291667 112.291667   8.758   2.958 0.000
115.291667 116.291667   6.983   3.409 0.000
118.291667 119.291667   8.419   3.600 0.000
122.291667 123.291667   8.661   3.191 0.000
125.291667 126.291667  26.515  10.750 0.000
129.291667 130.291667  10.941 999.999 0.000
132.291667 133.291667  28.942   5.039 0.000
136.291667 137.291667   9.862   3.348 0.000
139.291667 140.291667  11.337   4.505 0.000
143.291667 144.291667   8.696   4.288 0.000
146.291667 147.291667   8.976   4.414 0.000
150.291667 151.291667  10.324   3.579 0.000
153.291667 154.291667  12.363   5.024 0.000
157.291667 158.291667  19.290   6.912 0.000
160.291667 161.291667   7.832   5.328 0.000
164.291667 165.291667  18.210  10.644 0.000
167.291667 168.291667  10.841   5.277 0.000
171.291667 172.291667   7.707   3.229 0.000
174.291667 175.291667   8.425   3.950 0.000
178.291667 179.291667   8.025   4.821 0.000
181.291667 182.291667  10.295   5.717 0.000
185.291667 186.291667  13.521   6.341 0.000
188.291667 189.291667  12.800   2.745 0.000
192.291667 193.291667 999.999 999.999 0.999
195.291667 196.291667  10.284   4.247 0.000
199.291667 200.291667 999.999 999.999 0.999
202.291667 203.291667  10.565   3.575 0.000
206.291667 207.291667   8.987   3.934 0.000
209.291667 210.291667   7.008   3.755 0.000
213.291667 214.291667  11.796   6.637 0.000
216.291667 217.291667  12.796   7.554 0.000
220.291667 221.291667   5.153   3.133 0.000
223.291667 224.291667   8.276   4.117 0.000
227.291667 228.291667   6.492   4.400 0.000
230.291667 231.291667  10.185   3.921 0.000
234.291667 235.291667  13.771  10.417 0.000
237.291667 238.291667   7.786   4.600 0.000
241.291667 242.291667  10.402   8.038 0.000
244.291667 245.291667   9.111   5.644 0.000
248.291667 249.291667  10.853   6.497 0.000
251.291667 252.291667   6.193   3.875 0.000
255.291667 256.291667   7.097   5.062 0.000
258.291667 259.291667   3.145   1.584 0.000
262.291667 263.291667 999.999   4.849 0.000
265.291667 266.291667 999.999 999.999 0.999
269.291667 270.291667   9.086   6.488 0.000
272.291667 273.291667   6.882   2.760 0.000
276.291667 277.291667   7.432   3.533 0.000
279.291667 280.291667  10.588   4.538 0.000
283.291667 284.291667   8.241   5.238 0.000
286.291667 287.291667  22.178   8.582 0.000
290.291667 291.291667   9.509   4.650 0.000
293.291667 294.291667  18.140   6.290 0.000
297.291667 298.291667   8.892   3.097 0.000
300.291667 301.291667   8.938   3.994 0.000
304.291667 305.291667   3.359   3.007 0.000
307.291667 308.291667   7.473   2.666 0.000
311.291667 312.291667   3.217   2.865 0.000
314.291667 315.291667   5.459   2.588 0.000
318.291667 319.291667   9.101   4.722 0.000
321.291667 322.291667  11.831   3.503 0.000
325.291667 326.291667   9.577   3.924 0.000
328.291667 329.291667   8.495   4.874 0.000
332.291667 333.291667   4.716   1.936 0.000
335.291667 336.291667   6.878   3.782 0.000
339.291667 340.291667   5.337   1.482 0.000
342.291667 343.291667   5.431   2.958 0.000
346.291667 347.291667 999.999 999.999 0.999
349.291667 350.291667 999.999 999.999 0.999
353.291667 354.291667 999.999 999.999 0.999
356.291667 357.291667 999.999 999.999 0.999
360.291667 361.291667 999.999 999.999 0.999
363.291667 364.291667 999.999 999.999 0.999
