scripts/IMPROVE-2019_partial/data/US0306R.20050101070000.20191216000000.filterpack..pm25.52w.1w.US03L_filterpack_US0306.US03L_IMPROVE_Davis.lev2.nas
66 1001
MISSING INFORMATION
US03L, IMPROVE, , , , , , , 
MISSING INFORMATION
IMPROVE sel_HTAP
1 1
2005 01 01 2019 12 16
3.000000
days from file reference point
27
1 1 1 1 1 1 1 1 1 1 1 1 1 1 1 1 1 1 1 1 1 1 1 1 1 1 1
999.999999 9999.99 9.999 99.99 9.999 9.999 9.999999 99.99 9.999 9.999 9.999999 99.999 9.999 99.999 9.999 99.99 9.999999 999.999 9.999 999.999 9.999 999.999 9.999 9.999 9.999 99.999 9.999999
end_time of measurement, days from the file reference point
iron, ng/m3, Revision date=20181210133000
numflag iron, no unit, Revision date=20181210133000
lead, ng/m3, Revision date=20181210133000
numflag lead, no unit, Revision date=20181210133000
magnesium, ug/m3, Revision date=20181210133000
numflag magnesium, no unit, Revision date=20181210133000
nickel, ng/m3, Revision date=20181210133000
numflag nickel, no unit, Revision date=20181210133000
nitrate, ug N/m3, Revision date=20181210133000
numflag nitrate, no unit, Revision date=20181210133000
organic_carbon, ug C/m3, Revision date=20181210133000
numflag organic_carbon, no unit, Revision date=20181210133000
organic_mass, ug/m3, Revision date=20181210133000
numflag organic_mass, no unit, Revision date=20181210133000
phosphorus, ng/m3, Revision date=20181210133000
numflag phosphorus, no unit, Revision date=20181210133000
pm10_mass, ug/m3, Version=2, Version description=Data extracted from http://views.cira.colostate.edu/fed/DataWizard 2019-12-16, Sample duration=1d, Orig. time res.=3d, Matrix=pm10, Blank correction=Blank corrected, Volume std. temperature=ambient, Volume std. pressure=ambient
numflag pm10_mass, no unit, Version=2, Version description=Data extracted from http://views.cira.colostate.edu/fed/DataWizard 2019-12-16, Sample duration=1d, Orig. time res.=3d, Matrix=pm10, Blank correction=Blank corrected, Volume std. temperature=ambient, Volume std. pressure=ambient
pm10_pm25_mass, ug/m3, Revision date=20181210133000, Matrix=pm10_pm25
numflag pm10_pm25_mass, no unit, Revision date=20181210133000, Matrix=pm10_pm25
pm25_mass, ug/m3, Version=2, Version description=Data extracted from http://views.cira.colostate.edu/fed/DataWizard 2019-12-16, Sample duration=1d, Orig. time res.=3d, Blank correction=Blank corrected, Volume std. temperature=ambient, Volume std. pressure=ambient
numflag pm25_mass, no unit, Version=2, Version description=Data extracted from http://views.cira.colostate.edu/fed/DataWizard 2019-12-16, Sample duration=1d, Orig. time res.=3d, Blank correction=Blank corrected, Volume std. temperature=ambient, Volume std. pressure=ambient
potassium, ug/m3, Revision date=20181210133000
numflag potassium, no unit, Revision date=20181210133000
sulphate_total, ug S/m3, Revision date=20181210133000
numflag sulphate_total, no unit, Revision date=20181210133000
0
25
Data definition:              EBAS_1.1
Set type code:                TU
Timezone:                     UTC
File name:                    US0306R.20050101070000.20191216000000.filterpack..pm25.52w.1w.US03L_filterpack_US0306.US03L_IMPROVE_Davis.lev2.nas
File creation:                20191218120231
Startdate:                    20050101070000
Revision date:                20191216000000
Statistics:                   arithmetic mean
Data level:                   2
Period code:                  52w
Resolution code:              1w
Station code:                 US0306R
Platform code:                US0306S
Station name:                 Organ Pipe Cactus National Monument
Station latitude:             31.9506
Station longitude:            -112.8
Station altitude:             506.0 m
Regime:                       IMG
Component:                    
Matrix:                       pm25
Laboratory code:              US03L
Instrument type:              filterpack
Instrument name:              filterpack_US0306
Method ref:                   US03L_IMPROVE_Davis
starttime endtime Fe flag_Fe Pb flag_Pb Mg++ flag_Mg++ Ni flag_Ni NO3- flag_NO3- OC flag_OC OM flag_OM P flag_P PM10 flag_PM10 PM10-PM2.5 flag_PM10-PM2.5 PM2.5 flag_PM2.5 K+ flag_K+ SO4-- flag_SO4--
[from data line 80]
240.291667 241.291667   41.54 0.000  0.91 0.000 9.999 0.259000  1.22 0.000 0.059 0.559000  0.601 0.559  1.082 0.559 99.99 0.259000  15.582 0.000   7.947 0.000   7.549 0.000 0.068 0.000  1.185 0.559000
243.291667 244.291667   44.31 0.000  0.85 0.000 9.999 0.259000  0.36 0.000 0.071 0.559000  0.379 0.559  0.683 0.559 99.99 0.259000  18.404 0.000  13.509 0.000   4.750 0.000 0.051 0.000  0.518 0.559000
246.291667 247.291667   24.21 0.000  1.00 0.000 9.999 0.259000  0.27 0.000 0.027 0.559000  0.549 0.559  0.989 0.559 99.99 0.259000   8.833 0.000   4.200 0.000   4.587 0.000 0.028 0.000  0.669 0.559000
249.291667 250.291667   27.07 0.000  0.61 0.000 9.999 0.259000  0.18 0.000 0.021 0.000000  0.186 0.000  0.334 0.000 99.99 0.259000   8.863 0.000   5.575 0.000   3.228 0.000 0.026 0.000  0.476 0.000000
252.291667 253.291667   35.63 0.000  0.69 0.000 0.010 0.000000  0.79 0.000 0.095 0.000000  0.301 0.559  0.543 0.559 99.99 0.259000  13.564 0.000   9.250 0.000   4.215 0.000 0.052 0.000  0.491 0.000000
255.291667 256.291667   26.12 0.000  0.74 0.000 9.999 0.259000  0.40 0.000 0.081 0.000000  0.245 0.000  0.441 0.000 99.99 0.259000   9.727 0.000   6.596 0.000   3.169 0.000 0.033 0.000  0.351 0.000000
258.291667 259.291667   35.35 0.000  0.45 0.000 9.999 0.259000  0.79 0.000 0.036 0.559000  0.172 0.559  0.310 0.559 99.99 0.259000  10.723 0.000   6.918 0.000   3.731 0.000 0.035 0.000  0.494 0.559000
261.291667 262.291667   20.86 0.000  0.53 0.000 9.999 0.259000  0.21 0.000 0.027 0.559000  0.187 0.559  0.337 0.559 99.99 0.259000   6.217 0.000   4.164 0.000   2.008 0.000 0.020 0.000  0.238 0.559000
264.291667 265.291667   46.20 0.000  1.03 0.000 9.999 0.259000  0.23 0.000 0.052 0.000000  0.442 0.559  0.795 0.559 99.99 0.259000  11.567 0.000   6.651 0.000   4.844 0.000 0.044 0.000  0.681 0.000000
267.291667 268.291667   30.92 0.000  2.20 0.000 9.999 0.259000  0.47 0.000 0.051 0.559000  0.168 0.000  0.303 0.000 99.99 0.259000   9.345 0.000   5.435 0.000   3.851 0.000 0.034 0.000  0.558 0.559000
270.291667 271.291667 9999.99 0.456 99.99 0.456 9.999 0.456000 99.99 0.456 0.026 0.000000  0.320 0.000  0.576 0.000 99.99 0.456000  12.371 0.000 999.999 0.456 999.999 0.456 9.999 0.456  0.480 0.000000
273.291667 274.291667 9999.99 0.456 99.99 0.456 9.999 0.456000 99.99 0.456 0.047 0.000000  0.425 0.000  0.766 0.000 99.99 0.456000  12.258 0.000 999.999 0.456 999.999 0.456 9.999 0.456  0.563 0.000000
276.291667 277.291667   27.75 0.000  0.43 0.000 0.023 0.000000  0.79 0.000 0.098 0.000000  0.490 0.000  0.882 0.000 99.99 0.259000  13.546 0.000   8.259 0.000   5.350 0.000 0.037 0.000  0.854 0.000000
279.291667 280.291667   76.62 0.000  0.44 0.000 0.035 0.000000 99.99 0.259 0.031 0.000000  0.666 0.000  1.198 0.000 99.99 0.259000 999.999 0.456   5.886 0.000   4.862 0.000 0.077 0.000  0.381 0.000000
282.291667 283.291667   28.04 0.000  0.33 0.000 9.999 0.259000 99.99 0.259 0.008 0.000000  0.310 0.000  0.558 0.000 99.99 0.259000 999.999 0.456   5.886 0.000   2.001 0.000 0.022 0.000  0.125 0.000000
285.291667 286.291667   67.33 0.000  0.71 0.000 0.022 0.000000 99.99 0.259 0.025 0.559000  0.487 0.559  0.876 0.559 99.99 0.259000  13.524 0.000   9.345 0.000   4.079 0.000 0.044 0.000  0.314 0.559000
288.291667 289.291667   45.43 0.000  0.71 0.000 0.025 0.000000  1.38 0.000 0.056 0.559000  0.597 0.000  1.074 0.000 99.99 0.259000  13.765 0.000   8.592 0.000   5.081 0.000 0.046 0.000  0.632 0.559000
291.291667 292.291667    9.08 0.000  0.33 0.000 0.012 0.000000 99.99 0.259 0.059 0.559000  0.278 0.559  0.500 0.559 99.99 0.259000   3.609 0.000   1.788 0.000   1.801 0.000 0.030 0.000  0.165 0.559000
294.291667 295.291667   16.82 0.000  0.81 0.000 9.999 0.259000 99.99 0.259 0.017 0.000000  0.776 0.559  1.396 0.559 99.99 0.259000   6.666 0.000   2.932 0.000   3.702 0.000 0.018 0.000  0.390 0.000000
297.291667 298.291667   19.90 0.000  0.94 0.000 0.020 0.000000  0.83 0.000 0.050 0.000000  1.004 0.559  1.806 0.559 99.99 0.259000  11.286 0.000   6.037 0.000   5.256 0.000 0.035 0.000  0.589 0.000000
300.291667 301.291667   39.60 0.000  0.57 0.000 0.025 0.000000  0.98 0.000 0.056 0.000000  0.362 0.559  0.651 0.559 99.99 0.259000  11.102 0.000   6.521 0.000   4.511 0.000 0.040 0.000  0.577 0.000000
303.291667 304.291667   64.73 0.000  2.13 0.000 9.999 0.259000  0.26 0.000 0.031 0.559000  0.212 0.559  0.382 0.559 99.99 0.259000  12.897 0.000   8.176 0.000   4.633 0.000 0.047 0.000  0.560 0.559000
306.291667 307.291667   62.17 0.000  1.31 0.000 9.999 0.259000  1.46 0.000 0.029 0.559000  0.317 0.559  0.570 0.559 99.99 0.259000  12.916 0.000   7.087 0.000   5.752 0.000 0.052 0.000  0.828 0.559000
309.291667 310.291667   61.41 0.000  1.35 0.000 0.009 0.000000  0.36 0.000 0.029 0.559000  0.392 0.000  0.706 0.000 99.99 0.259000  12.745 0.000   8.599 0.000   4.054 0.000 0.056 0.000  0.422 0.559000
312.291667 313.291667 9999.99 0.999 99.99 0.999 9.999 0.999000 99.99 0.999 9.999 0.999000 99.999 0.999 99.999 0.999 99.99 0.999000 999.999 0.999 999.999 0.999 999.999 0.999 9.999 0.999 99.999 0.999000
315.291667 316.291667 9999.99 0.999 99.99 0.999 9.999 0.999000 99.99 0.999 9.999 0.999000 99.999 0.999 99.999 0.999 99.99 0.999000 999.999 0.999 999.999 0.999 999.999 0.999 9.999 0.999 99.999 0.999000
318.291667 319.291667 9999.99 0.999 99.99 0.999 9.999 0.999000 99.99 0.999 9.999 0.999000 99.999 0.999 99.999 0.999 99.99 0.999000 999.999 0.999 999.999 0.999 999.999 0.999 9.999 0.999 99.999 0.999000
321.291667 322.291667   83.90 0.000  0.88 0.000 9.999 0.259000 99.99 0.259 0.016 0.559000  0.933 0.000  1.679 0.000 99.99 0.259000  13.951 0.000  10.049 0.000   3.794 0.000 0.054 0.000  0.125 0.559000
324.291667 325.291667   68.79 0.000  1.05 0.000 9.999 0.259000 99.99 0.259 0.018 0.559000  0.997 0.000  1.795 0.000 99.99 0.259000  10.819 0.000   6.706 0.000   4.041 0.000 0.050 0.000  0.168 0.559000
327.291667 328.291667  105.37 0.000  1.09 0.000 9.999 0.259000  0.12 0.000 0.019 0.559000  0.658 0.000  1.184 0.000 99.99 0.259000  12.810 0.000   8.143 0.000   4.667 0.000 0.072 0.000  0.178 0.559000
330.291667 331.291667   68.92 0.000  0.37 0.000 9.999 0.259000 99.99 0.259 0.013 0.559000  0.258 0.000  0.464 0.000 99.99 0.259000  11.022 0.000   8.367 0.000   2.655 0.000 0.042 0.000  0.073 0.559000
333.291667 334.291667  101.85 0.000  0.71 0.000 9.999 0.259000 99.99 0.259 0.047 0.000000  0.333 0.000  0.599 0.000 99.99 0.259000  10.128 0.000   6.817 0.000   3.238 0.000 0.063 0.000  0.110 0.000000
336.291667 337.291667   48.52 0.000  0.76 0.000 0.017 0.000000  0.12 0.000 0.018 0.559000  0.371 0.559  0.667 0.559 99.99 0.259000   6.673 0.000   4.230 0.000   2.397 0.000 0.036 0.000  0.123 0.559000
339.291667 340.291667   44.25 0.000  0.28 0.000 9.999 0.259000 99.99 0.259 0.010 0.559000  0.085 0.559  0.152 0.559 99.99 0.259000   3.618 0.000   2.296 0.000   1.297 0.000 0.023 0.000  0.060 0.559000
342.291667 343.291667  163.63 0.000  3.97 0.000 0.039 0.000000 99.99 0.259 0.138 0.559000  0.679 0.000  1.223 0.000 99.99 0.259000  22.396 0.000  16.388 0.000   5.833 0.000 0.105 0.000  0.247 0.559000
345.291667 346.291667  118.21 0.000  2.63 0.000 0.033 0.000000 99.99 0.259 0.067 0.559000  0.797 0.000  1.434 0.000 99.99 0.259000  14.265 0.000   8.746 0.000   5.424 0.000 0.130 0.000  0.265 0.559000
348.291667 349.291667  105.78 0.000  1.41 0.000 0.033 0.000000  0.16 0.000 0.187 0.559000  0.905 0.000  1.628 0.000 99.99 0.259000  17.044 0.000  12.037 0.000   4.879 0.000 0.069 0.000  0.138 0.559000
351.291667 352.291667   54.23 0.000  0.67 0.000 0.018 0.000000  0.84 0.000 0.111 0.559000  0.551 0.000  0.993 0.000 99.99 0.259000  13.480 0.000   9.123 0.000   4.259 0.000 0.082 0.000  0.336 0.559000
354.291667 355.291667   91.23 0.000  2.23 0.000 0.025 0.000000 99.99 0.259 0.142 0.559000  0.698 0.000  1.257 0.000 99.99 0.259000   9.171 0.000   5.329 0.000   3.785 0.000 0.079 0.000  0.181 0.559000
357.291667 358.291667   63.06 0.000  2.36 0.000 9.999 0.259000 99.99 0.259 0.105 0.559000  0.809 0.000  1.456 0.000 99.99 0.259000   9.803 0.000   6.080 0.000   3.658 0.000 0.072 0.000  0.224 0.559000
360.291667 361.291667   49.59 0.000  0.67 0.000 0.014 0.000000  0.44 0.000 0.079 0.559000  0.370 0.000  0.665 0.000 99.99 0.259000  10.402 0.000   7.495 0.000   2.826 0.000 0.101 0.000  0.248 0.559000
363.291667 364.291667   62.89 0.000  0.49 0.000 0.015 0.000000 99.99 0.259 0.063 0.559000  0.362 0.000  0.652 0.000 99.99 0.259000   6.972 0.000   4.495 0.000   2.477 0.000 0.046 0.000  0.149 0.559000
