scripts/IMPROVE-2019_partial/data/US0398R.19940101070000.20191216000000.filterpack...1y.3d.US03L_filterpack_US0398.US03L_IMPROVE_Davis.lev2.nas
51 1001
MISSING INFORMATION
US03L, IMPROVE, , , , , , , 
MISSING INFORMATION
IMPROVE sel_HTAP
1 1
1994 01 01 2019 12 16
0
days from file reference point
4
1 1 1 1
999.999999 999.999 999.999 9.999
end_time of measurement, days from the file reference point
pm10_mass, ug/m3, Matrix=pm10
pm25_mass, ug/m3, Matrix=pm25
numflag, no unit
0
33
Data definition:              EBAS_1.1
Set type code:                TI
Timezone:                     UTC
File name:                    US0398R.19940101070000.20191216000000.filterpack...1y.3d.US03L_filterpack_US0398.US03L_IMPROVE_Davis.lev2.nas
File creation:                20191218120236
Startdate:                    19940101070000
Revision date:                20191216000000
Version:                      2
Version description:          "Data extracted from http://views.cira.colostate.edu/fed/DataWizard 2019-12-16"
Statistics:                   arithmetic mean
Data level:                   2
Period code:                  1y
Resolution code:              3d
Sample duration:              1d
Orig. time res.:              3d
Station code:                 US0398R
Platform code:                US0398S
Station name:                 Chiricahua (AZ98)
Station latitude:             32.0097
Station longitude:            -109.3889
Station altitude:             1570.0 m
Regime:                       IMG
Component:                    
Unit:                         ug/m3
Matrix:                       
Laboratory code:              US03L
Instrument type:              filterpack
Instrument name:              filterpack_US0398
Method ref:                   US03L_IMPROVE_Davis
Blank correction:             Blank corrected
Volume std. temperature:      ambient
Volume std. pressure:         ambient
starttime endtime PM10 PM2.5 flag
  0.291667   1.291667   6.250   3.619 0.000
  4.291667   5.291667   6.236   3.168 0.000
  7.291667   8.291667   3.346   1.656 0.000
 11.291667  12.291667   5.348   3.183 0.000
 14.291667  15.291667   7.179   4.104 0.000
 18.291667  19.291667   5.530   2.588 0.000
 21.291667  22.291667   7.401   4.708 0.000
 25.291667  26.291667   6.479   1.581 0.000
 28.291667  29.291667   5.639   4.645 0.000
 32.291667  33.291667   4.403   2.460 0.000
 35.291667  36.291667   3.694   1.506 0.000
 39.291667  40.291667 999.999   2.353 0.000
 42.291667  43.291667   4.510   2.353 0.000
 46.291667  47.291667   6.265   2.696 0.000
 49.291667  50.291667   5.157   1.993 0.000
 53.291667  54.291667   4.368   1.774 0.000
 56.291667  57.291667   9.574   5.097 0.000
 60.291667  61.291667   9.035   3.616 0.000
 63.291667  64.291667   9.582   4.104 0.000
 67.291667  68.291667   3.496   2.230 0.000
 70.291667  71.291667  11.534   5.212 0.000
 74.291667  75.291667   7.220   4.647 0.000
 77.291667  78.291667   5.240   2.788 0.000
 81.291667  82.291667   8.479   3.438 0.000
 84.291667  85.291667   2.784   1.203 0.000
 88.291667  89.291667  20.181   6.514 0.000
 91.291667  92.291667   7.419   3.089 0.000
 95.291667  96.291667   9.897   1.976 0.000
 98.291667  99.291667  13.893   3.636 0.000
102.291667 103.291667   7.887   3.500 0.000
105.291667 106.291667  27.770  10.311 0.000
109.291667 110.291667  11.264   5.975 0.000
112.291667 113.291667  15.054   7.709 0.000
116.291667 117.291667  16.610   5.502 0.000
119.291667 120.291667   6.831   3.302 0.000
123.291667 124.291667  15.214   7.857 0.000
126.291667 127.291667   9.122   4.540 0.000
130.291667 131.291667  10.000   4.299 0.000
133.291667 134.291667  11.168   6.156 0.000
137.291667 138.291667  11.319   6.204 0.000
140.291667 141.291667   8.660   4.000 0.000
144.291667 145.291667  10.068   5.766 0.000
147.291667 148.291667  12.308   6.344 0.000
151.291667 152.291667  10.169   4.125 0.000
154.291667 155.291667  12.361   7.402 0.000
158.291667 159.291667  13.463   6.269 0.000
161.291667 162.291667  18.007   7.165 0.000
165.291667 166.291667  22.867   7.370 0.000
168.291667 169.291667  10.900   6.239 0.000
172.291667 173.291667   5.714   3.743 0.000
175.291667 176.291667  13.831   7.530 0.000
179.291667 180.291667  14.444  10.612 0.000
182.291667 183.291667  17.712   9.938 0.000
186.291667 187.291667  11.865   6.295 0.000
189.291667 190.291667  31.475  10.954 0.000
193.291667 194.291667  17.745   9.252 0.000
196.291667 197.291667  27.690  15.452 0.000
200.291667 201.291667  11.075   5.364 0.000
203.291667 204.291667  12.171   5.667 0.000
207.291667 208.291667   7.571   4.202 0.000
210.291667 211.291667   5.674   2.901 0.000
214.291667 215.291667   9.537   6.147 0.000
217.291667 218.291667  10.712   5.508 0.000
221.291667 222.291667  11.710   5.770 0.000
224.291667 225.291667  10.401   5.307 0.000
228.291667 229.291667  11.172   5.495 0.000
231.291667 232.291667   5.863   2.432 0.000
235.291667 236.291667   6.544   4.064 0.000
238.291667 239.291667   7.949   4.812 0.000
242.291667 243.291667   5.609   2.589 0.000
245.291667 246.291667   4.848   2.351 0.000
249.291667 250.291667   8.317   3.882 0.000
252.291667 253.291667  14.247   6.118 0.000
256.291667 257.291667 999.999 999.999 0.999
259.291667 260.291667 999.999   6.116 0.000
263.291667 264.291667 999.999 999.999 0.999
266.291667 267.291667 999.999   4.907 0.000
270.291667 271.291667  13.641   4.923 0.000
273.291667 274.291667   7.674   3.707 0.000
277.291667 278.291667  12.172   5.387 0.000
280.291667 281.291667   8.365   2.978 0.000
284.291667 285.291667  12.364   4.637 0.000
287.291667 288.291667  16.145   6.530 0.000
291.291667 292.291667   7.099   2.955 0.000
294.291667 295.291667  12.659   3.994 0.000
298.291667 299.291667   7.941   2.640 0.000
301.291667 302.291667  11.910   5.110 0.000
305.291667 306.291667   8.340   4.756 0.000
308.291667 309.291667   9.631   4.808 0.000
312.291667 313.291667  12.128   1.603 0.000
315.291667 316.291667   8.174   1.571 0.000
319.291667 320.291667   6.197   3.397 0.000
322.291667 323.291667   4.934   1.801 0.000
326.291667 327.291667  10.759   4.065 0.000
329.291667 330.291667   6.933   1.803 0.000
333.291667 334.291667 999.999 999.999 0.999
336.291667 337.291667  10.251   3.333 0.000
340.291667 341.291667 999.999 999.999 0.999
343.291667 344.291667   4.850   1.767 0.000
347.291667 348.291667  24.135   3.524 0.000
350.291667 351.291667  10.253   2.603 0.000
354.291667 355.291667   6.751   4.078 0.000
357.291667 358.291667   5.274   3.074 0.000
361.291667 362.291667 999.999 999.999 0.999
364.291667 365.291667 999.999 999.999 0.999
