scripts/IMPROVE-2019_partial/data/US0398R.20040101070000.20191216000000.filterpack..pm25.52w.1w.US03L_filterpack_US0398.US03L_IMPROVE_Davis.lev2.nas
66 1001
MISSING INFORMATION
US03L, IMPROVE, , , , , , , 
MISSING INFORMATION
IMPROVE sel_HTAP
1 1
2004 01 01 2019 12 16
3.000000
days from file reference point
27
1 1 1 1 1 1 1 1 1 1 1 1 1 1 1 1 1 1 1 1 1 1 1 1 1 1 1
999.999999 9999.99 9.999 99.99 9.999999 9.999 9.999999 9.99 9.999999 9.999 9.999 99.999 9.999 99.999 9.999 99.99 9.999999 999.999 9.999 999.999 9.999 999.999 9.999 9.999 9.999 9.999 9.999
end_time of measurement, days from the file reference point
iron, ng/m3, Revision date=20181210133000
numflag iron, no unit, Revision date=20181210133000
lead, ng/m3, Revision date=20181210133000
numflag lead, no unit, Revision date=20181210133000
magnesium, ug/m3, Revision date=20181210133000
numflag magnesium, no unit, Revision date=20181210133000
nickel, ng/m3, Revision date=20181210133000
numflag nickel, no unit, Revision date=20181210133000
nitrate, ug N/m3, Revision date=20181210133000
numflag nitrate, no unit, Revision date=20181210133000
organic_carbon, ug C/m3, Revision date=20181210133000
numflag organic_carbon, no unit, Revision date=20181210133000
organic_mass, ug/m3, Revision date=20181210133000
numflag organic_mass, no unit, Revision date=20181210133000
phosphorus, ng/m3, Revision date=20181210133000
numflag phosphorus, no unit, Revision date=20181210133000
pm10_mass, ug/m3, Version=2, Version description=Data extracted from http://views.cira.colostate.edu/fed/DataWizard 2019-12-16, Sample duration=1d, Orig. time res.=3d, Matrix=pm10, Blank correction=Blank corrected, Volume std. temperature=ambient, Volume std. pressure=ambient
numflag pm10_mass, no unit, Version=2, Version description=Data extracted from http://views.cira.colostate.edu/fed/DataWizard 2019-12-16, Sample duration=1d, Orig. time res.=3d, Matrix=pm10, Blank correction=Blank corrected, Volume std. temperature=ambient, Volume std. pressure=ambient
pm10_pm25_mass, ug/m3, Revision date=20181210133000, Matrix=pm10_pm25
numflag pm10_pm25_mass, no unit, Revision date=20181210133000, Matrix=pm10_pm25
pm25_mass, ug/m3, Version=2, Version description=Data extracted from http://views.cira.colostate.edu/fed/DataWizard 2019-12-16, Sample duration=1d, Orig. time res.=3d, Blank correction=Blank corrected, Volume std. temperature=ambient, Volume std. pressure=ambient
numflag pm25_mass, no unit, Version=2, Version description=Data extracted from http://views.cira.colostate.edu/fed/DataWizard 2019-12-16, Sample duration=1d, Orig. time res.=3d, Blank correction=Blank corrected, Volume std. temperature=ambient, Volume std. pressure=ambient
potassium, ug/m3, Revision date=20181210133000
numflag potassium, no unit, Revision date=20181210133000
sulphate_total, ug S/m3, Revision date=20181210133000
numflag sulphate_total, no unit, Revision date=20181210133000
0
25
Data definition:              EBAS_1.1
Set type code:                TU
Timezone:                     UTC
File name:                    US0398R.20040101070000.20191216000000.filterpack..pm25.52w.1w.US03L_filterpack_US0398.US03L_IMPROVE_Davis.lev2.nas
File creation:                20191218120237
Startdate:                    20040101070000
Revision date:                20191216000000
Statistics:                   arithmetic mean
Data level:                   2
Period code:                  52w
Resolution code:              1w
Station code:                 US0398R
Platform code:                US0398S
Station name:                 Chiricahua (AZ98)
Station latitude:             32.0097
Station longitude:            -109.3889
Station altitude:             1570.0 m
Regime:                       IMG
Component:                    
Matrix:                       pm25
Laboratory code:              US03L
Instrument type:              filterpack
Instrument name:              filterpack_US0398
Method ref:                   US03L_IMPROVE_Davis
starttime endtime Fe flag_Fe Pb flag_Pb Mg++ flag_Mg++ Ni flag_Ni NO3- flag_NO3- OC flag_OC OM flag_OM P flag_P PM10 flag_PM10 PM10-PM2.5 flag_PM10-PM2.5 PM2.5 flag_PM2.5 K+ flag_K+ SO4-- flag_SO4--
[from data line 81]
243.291667 244.291667  146.51 0.000  0.46 0.000000 0.090 0.000000 9.99 0.259000 0.023 0.000  0.417 0.000  0.583 0.000 99.99 0.259000  32.948 0.000  26.866 0.000   6.082 0.000 0.128 0.000 0.309 0.000
246.291667 247.291667   38.77 0.000  0.65 0.000000 9.999 0.259000 0.21 0.000000 0.023 0.000  0.496 0.000  0.694 0.000 99.99 0.259000  11.923 0.000   7.344 0.000   4.579 0.000 0.035 0.000 0.525 0.000
249.291667 250.291667   19.40 0.000  1.14 0.000000 9.999 0.259000 0.04 0.000000 0.029 0.000  0.472 0.000  0.661 0.000 99.99 0.259000   5.556 0.000   2.838 0.000   2.717 0.000 0.021 0.000 0.251 0.000
252.291667 253.291667   26.55 0.000  0.50 0.000000 9.999 0.259000 0.15 0.000000 0.013 0.559  0.574 0.000  0.803 0.000 99.99 0.259000   8.670 0.000   5.289 0.000   3.381 0.000 0.024 0.000 0.249 0.559
255.291667 256.291667   23.72 0.000  1.05 0.000000 9.999 0.259000 9.99 0.259000 0.009 0.000  0.512 0.000  0.717 0.000 99.99 0.259000   7.152 0.000   3.819 0.000   3.333 0.000 0.021 0.000 0.301 0.000
258.291667 259.291667   31.02 0.000  0.36 0.000000 9.999 0.259000 0.37 0.000000 0.050 0.000  0.390 0.000  0.546 0.000 99.99 0.259000   8.441 0.000   4.452 0.000   3.990 0.000 0.029 0.000 0.530 0.000
261.291667 262.291667   12.54 0.000  0.78 0.000000 9.999 0.259000 0.16 0.000000 0.024 0.000  0.701 0.000  0.981 0.000 99.99 0.259000   6.061 0.000   2.343 0.000   3.718 0.000 0.016 0.000 0.432 0.000
264.291667 265.291667   19.31 0.000  0.66 0.000000 9.999 0.259000 9.99 0.259000 0.058 0.000  0.301 0.000  0.422 0.000 99.99 0.259000   6.309 0.000   3.607 0.000   2.702 0.000 0.015 0.000 0.308 0.000
267.291667 268.291667   23.11 0.000  1.06 0.000000 9.999 0.259000 0.13 0.000000 0.013 0.000  0.512 0.000  0.717 0.000 99.99 0.259000   6.442 0.000   3.531 0.000   2.911 0.000 0.018 0.000 0.279 0.000
270.291667 271.291667    5.75 0.000  0.33 0.000000 9.999 0.259000 9.99 0.259000 0.007 0.000  0.493 0.000  0.690 0.000 99.99 0.259000   2.453 0.000   0.482 0.000   1.971 0.000 0.006 0.000 0.171 0.000
273.291667 274.291667   17.07 0.000  0.62 0.000000 0.159 0.000000 0.34 0.000000 0.028 0.000  0.216 0.000  0.302 0.000 99.99 0.259000   5.724 0.000   3.135 0.000   2.589 0.000 0.018 0.000 0.293 0.000
276.291667 277.291667   23.31 0.000  1.28 0.000000 9.999 0.259000 0.18 0.000000 0.011 0.000  0.501 0.000  0.701 0.000 99.99 0.259000   7.781 0.000   4.339 0.000   3.442 0.000 0.023 0.000 0.404 0.000
279.291667 280.291667   29.57 0.000  0.53 0.000000 9.999 0.259000 9.99 0.259000 0.036 0.000  3.406 0.000  4.769 0.000 99.99 0.259000  11.153 0.000   4.117 0.000   7.036 0.000 0.076 0.000 0.247 0.000
282.291667 283.291667   10.86 0.000  0.35 0.000000 0.103 0.000000 0.15 0.000000 0.011 0.000  1.287 0.000  1.802 0.000 99.99 0.259000   5.892 0.000   2.450 0.000   3.442 0.000 0.015 0.000 0.262 0.000
285.291667 286.291667   13.48 0.000  0.57 0.000000 9.999 0.259000 0.09 0.000000 0.014 0.000  0.535 0.000  0.749 0.000 99.99 0.259000   5.678 0.000   2.172 0.000   3.506 0.000 0.016 0.000 0.453 0.000
288.291667 289.291667   25.86 0.000  0.43 0.000000 9.999 0.259000 9.99 0.259000 0.009 0.000  0.353 0.000  0.494 0.000  3.76 0.000000   4.065 0.000   2.298 0.000   1.767 0.000 0.025 0.000 0.088 0.000
291.291667 292.291667   37.28 0.000  0.68 0.000000 9.999 0.259000 0.13 0.000000 9.999 0.999  0.614 0.000  0.859 0.000 99.99 0.259000  10.205 0.000   6.263 0.000   3.942 0.000 0.050 0.000 9.999 0.999
294.291667 295.291667   21.61 0.000  0.42 0.000000 0.108 0.000000 9.99 0.259000 9.999 0.999  0.238 0.000  0.334 0.000 99.99 0.259000   6.902 0.000   4.728 0.000   2.174 0.000 0.028 0.000 9.999 0.999
297.291667 298.291667   10.47 0.000  0.62 0.000000 9.999 0.259000 0.20 0.000000 0.014 0.000  0.122 0.000  0.171 0.000 99.99 0.259000   2.904 0.000   1.425 0.000   1.480 0.000 0.011 0.000 0.218 0.000
300.291667 301.291667    6.49 0.000  0.58 0.000000 0.103 0.000000 0.13 0.000000 0.024 0.000  0.233 0.000  0.326 0.000 99.99 0.259000   2.301 0.000   1.004 0.000   1.296 0.000 0.007 0.000 0.167 0.000
303.291667 304.291667    6.41 0.000  3.32 0.000000 9.999 0.259000 0.14 0.000000 0.020 0.000  0.331 0.000  0.463 0.000 99.99 0.259000   3.408 0.000   1.124 0.000   2.284 0.000 0.009 0.000 0.308 0.000
306.291667 307.291667    6.69 0.000  0.26 0.000000 9.999 0.259000 9.99 0.259000 0.010 0.000  0.654 0.000  0.916 0.000 99.99 0.259000   2.117 0.000   1.040 0.000   1.078 0.000 0.007 0.000 0.130 0.000
309.291667 310.291667   13.62 0.000  0.60 0.000000 9.999 0.259000 0.29 0.000000 0.009 0.000  0.328 0.000  0.460 0.000 99.99 0.259000   4.082 0.000   2.159 0.000   1.924 0.000 0.016 0.000 0.163 0.000
312.291667 313.291667   15.56 0.000  1.09 0.000000 9.999 0.259000 0.29 0.000000 0.016 0.000  0.354 0.000  0.495 0.000 99.99 0.259000   4.503 0.000   2.138 0.000   2.365 0.000 0.020 0.000 0.230 0.000
315.291667 316.291667   12.91 0.000  1.00 0.000000 9.999 0.259000 0.12 0.000000 0.018 0.000  0.246 0.000  0.345 0.000 99.99 0.259000   4.293 0.000   2.700 0.000   1.593 0.000 0.016 0.000 0.140 0.000
318.291667 319.291667    0.43 0.000  0.19 0.000000 9.999 0.259000 9.99 0.259000 0.011 0.000  0.169 0.000  0.237 0.000  2.03 0.000000   0.256 0.000   0.196 0.000   0.060 0.000 0.003 0.000 0.021 0.000
321.291667 322.291667    3.93 0.000  0.67 0.000000 0.128 0.000000 9.99 0.259000 0.021 0.000  0.447 0.000  0.626 0.000 99.99 0.259000   2.371 0.000   0.881 0.000   1.490 0.000 0.004 0.000 0.180 0.000
324.291667 325.291667   11.91 0.000  1.60 0.000000 9.999 0.259000 0.12 0.000000 0.017 0.000  0.483 0.000  0.676 0.000 99.99 0.259000   4.150 0.000   1.946 0.000   2.204 0.000 0.016 0.000 0.252 0.000
327.291667 328.291667    3.10 0.000  0.22 0.000000 9.999 0.259000 9.99 0.259000 0.141 0.000  0.439 0.000  0.615 0.000 99.99 0.259000   0.932 0.000 999.999 0.259   1.664 0.000 0.005 0.000 0.166 0.000
330.291667 331.291667   10.69 0.000  0.95 0.000000 9.999 0.259000 9.99 0.259000 0.036 0.000  0.532 0.000  0.745 0.000 99.99 0.259000   2.456 0.000   0.899 0.000   1.556 0.000 0.013 0.000 0.097 0.000
333.291667 334.291667   10.34 0.000  0.49 0.000000 9.999 0.259000 9.99 0.259000 0.020 0.000  0.162 0.000  0.227 0.000 99.99 0.259000   2.358 0.000   1.460 0.000   0.898 0.000 0.010 0.000 0.118 0.000
336.291667 337.291667    9.75 0.000  2.01 0.000000 9.999 0.259000 0.13 0.000000 0.007 0.000  0.249 0.000  0.348 0.000 99.99 0.259000   2.414 0.000   1.251 0.000   1.162 0.000 0.012 0.000 0.132 0.000
339.291667 340.291667    5.27 0.000  1.54 0.000000 9.999 0.259000 9.99 0.259000 0.017 0.000  0.177 0.000  0.249 0.000 99.99 0.259000   1.778 0.000   0.444 0.000   1.334 0.000 0.011 0.000 0.202 0.000
342.291667 343.291667    4.04 0.000  0.84 0.000000 9.999 0.259000 9.99 0.259000 0.048 0.000  0.329 0.000  0.461 0.000 99.99 0.259000   1.567 0.000   0.586 0.000   0.981 0.000 0.009 0.000 0.090 0.000
345.291667 346.291667    6.92 0.000  0.64 0.000000 9.999 0.259000 9.99 0.259000 0.008 0.000  0.094 0.000  0.131 0.000 99.99 0.259000   1.255 0.000   0.454 0.000   0.801 0.000 0.009 0.000 0.068 0.000
348.291667 349.291667   16.44 0.000  0.39 0.000000 0.156 0.000000 0.16 0.000000 0.023 0.000  0.012 0.000  0.017 0.000 99.99 0.259000   6.474 0.000   5.119 0.000   1.355 0.000 0.019 0.000 0.101 0.000
351.291667 352.291667    6.72 0.000  0.55 0.000000 9.999 0.259000 0.17 0.000000 0.086 0.000  0.037 0.000  0.052 0.000 99.99 0.259000   2.988 0.000   1.576 0.000   1.412 0.000 0.011 0.000 0.186 0.000
354.291667 355.291667   11.15 0.000  0.96 0.000000 9.999 0.259000 0.27 0.000000 0.013 0.000  0.040 0.000  0.057 0.000 99.99 0.259000   3.598 0.000   1.105 0.000   2.493 0.000 0.026 0.000 0.350 0.000
357.291667 358.291667    9.92 0.000  0.71 0.000000 9.999 0.259000 9.99 0.259000 0.153 0.000  0.306 0.000  0.429 0.000 99.99 0.259000   5.411 0.000   3.593 0.000   1.818 0.000 0.016 0.000 0.165 0.000
360.291667 361.291667    4.37 0.000  0.78 0.000000 9.999 0.259000 9.99 0.259000 0.005 0.000 99.999 0.259 99.999 0.259 99.99 0.259000   1.220 0.000   0.597 0.000   0.623 0.000 0.007 0.000 0.070 0.000
363.291667 364.291667    4.93 0.000  0.41 0.000000 9.999 0.259000 0.21 0.000000 0.006 0.000  0.138 0.000  0.194 0.000 99.99 0.259000   2.259 0.000   1.606 0.000   0.653 0.000 0.006 0.000 0.099 0.000
