scripts/IMPROVE-2019_partial/data/US0398R.19900103070000.20191216000000.filterpack...1y.3d.US03L_filterpack_US0398.US03L_IMPROVE_Davis.lev2.nas
52 1001
MISSING INFORMATION
US03L, IMPROVE, , , , , , , 
MISSING INFORMATION
IMPROVE sel_HTAP
1 1
1990 01 01 2019 12 16
0
days from file reference point
5
1 1 1 1 1
999.999999 999.999 9.999 999.999 9.999999
end_time of measurement, days from the file reference point
pm10_mass, ug/m3, Matrix=pm10
numflag pm10_mass, no unit, Matrix=pm10
pm25_mass, ug/m3, Matrix=pm25
numflag pm25_mass, no unit, Matrix=pm25
0
33
Data definition:              EBAS_1.1
Set type code:                TI
Timezone:                     UTC
File name:                    US0398R.19900103070000.20191216000000.filterpack...1y.3d.US03L_filterpack_US0398.US03L_IMPROVE_Davis.lev2.nas
File creation:                20191218120236
Startdate:                    19900103070000
Revision date:                20191216000000
Version:                      2
Version description:          "Data extracted from http://views.cira.colostate.edu/fed/DataWizard 2019-12-16"
Statistics:                   arithmetic mean
Data level:                   2
Period code:                  1y
Resolution code:              3d
Sample duration:              1d
Orig. time res.:              3d
Station code:                 US0398R
Platform code:                US0398S
Station name:                 Chiricahua (AZ98)
Station latitude:             32.0097
Station longitude:            -109.3889
Station altitude:             1570.0 m
Regime:                       IMG
Component:                    
Unit:                         ug/m3
Matrix:                       
Laboratory code:              US03L
Instrument type:              filterpack
Instrument name:              filterpack_US0398
Method ref:                   US03L_IMPROVE_Davis
Blank correction:             Blank corrected
Volume std. temperature:      ambient
Volume std. pressure:         ambient
starttime endtime PM10 flag_PM10 PM2.5 flag_PM2.5
  2.291667   3.291667   2.600 0.000   1.517 0.000000
  5.291667   6.291667   9.717 0.000   1.548 0.000000
  9.291667  10.291667   3.898 0.000   2.075 0.000000
 12.291667  13.291667   8.638 0.000   3.975 0.000000
 16.291667  17.291667 999.999 0.999 999.999 0.999000
 19.291667  20.291667 999.999 0.999 999.999 0.999000
 23.291667  24.291667 999.999 0.999   1.776 0.000000
 26.291667  27.291667 999.999 0.999   2.118 0.000000
 30.291667  31.291667 999.999 0.999   1.319 0.000000
 33.291667  34.291667   2.359 0.000   2.160 0.000000
 37.291667  38.291667 999.999 0.259   2.281 0.000000
 40.291667  41.291667   5.360 0.000   2.671 0.000000
 44.291667  45.291667  11.498 0.000   3.323 0.000000
 47.291667  48.291667   3.258 0.000   1.850 0.000000
 51.291667  52.291667   4.478 0.000   2.804 0.000000
 54.291667  55.291667   5.458 0.000   1.558 0.000000
 58.291667  59.291667   7.292 0.000   4.290 0.000000
 61.291667  62.291667   5.693 0.000   3.312 0.000000
 65.291667  66.291667  13.274 0.000   5.890 0.000000
 68.291667  69.291667  13.257 0.000   5.047 0.000000
 72.291667  73.291667   4.702 0.000   1.832 0.000000
 75.291667  76.291667   5.368 0.000   1.321 0.000000
 79.291667  80.291667   4.967 0.000   1.745 0.000000
 82.291667  83.291667   2.191 0.000   1.342 0.000000
 86.291667  87.291667   9.525 0.000   3.108 0.000000
 89.291667  90.291667  11.818 0.000   3.689 0.000000
 93.291667  94.291667   6.887 0.000   2.896 0.000000
 96.291667  97.291667   9.537 0.000   3.232 0.000000
100.291667 101.291667   7.621 0.000   3.513 0.000000
103.291667 104.291667   9.526 0.000   3.969 0.000000
107.291667 108.291667  12.175 0.000   2.633 0.000000
110.291667 111.291667  16.154 0.000   5.172 0.000000
114.291667 115.291667  17.158 0.000   6.013 0.000000
117.291667 118.291667  11.970 0.000   5.449 0.000000
121.291667 122.291667   6.073 0.000   4.192 0.000000
124.291667 125.291667  12.168 0.000   5.368 0.000000
128.291667 129.291667 999.999 0.999 999.999 0.999000
131.291667 132.291667 999.999 0.999   6.761 0.000000
135.291667 136.291667   7.201 0.000   3.636 0.000000
138.291667 139.291667  20.505 0.000   3.417 0.000000
142.291667 143.291667 999.999 0.999   2.099 0.000000
145.291667 146.291667  14.420 0.000   7.500 0.000000
149.291667 150.291667  20.710 0.000  11.212 0.000000
152.291667 153.291667   8.962 0.000   6.239 0.000000
156.291667 157.291667  15.862 0.000  12.374 0.000000
159.291667 160.291667  13.503 0.000   6.239 0.000000
163.291667 164.291667   8.270 0.000   2.500 0.000000
166.291667 167.291667   6.113 0.000   2.768 0.000000
170.291667 171.291667   6.815 0.000   2.530 0.000000
173.291667 174.291667  19.003 0.000  11.747 0.000000
177.291667 178.291667  20.194 0.000  13.545 0.000000
180.291667 181.291667  15.116 0.000   6.939 0.000000
184.291667 185.291667  11.524 0.000   5.748 0.000000
187.291667 188.291667  33.345 0.000   5.000 0.000000
191.291667 192.291667 999.999 0.999  13.193 0.000000
194.291667 195.291667 999.999 0.999 999.999 0.999000
198.291667 199.291667   7.516 0.000   4.220 0.000000
201.291667 202.291667  12.000 0.000   6.269 0.000000
205.291667 206.291667   7.600 0.000   4.769 0.000000
208.291667 209.291667  13.380 0.000   7.754 0.000000
212.291667 213.291667   8.845 0.000 999.999 0.999000
215.291667 216.291667  31.923 0.000  11.327 0.000000
219.291667 220.291667  31.523 0.000   6.921 0.000000
222.291667 223.291667  34.351 0.000   6.524 0.000000
226.291667 227.291667 999.999 0.999  11.879 0.000000
229.291667 230.291667  11.088 0.000  10.671 0.000000
233.291667 234.291667   7.866 0.000   3.886 0.000000
236.291667 237.291667   6.211 0.000   2.018 0.000000
240.291667 241.291667  15.359 0.000  13.957 0.000000
243.291667 244.291667 999.999 0.999 999.999 0.559259
247.291667 248.291667   6.974 0.000 999.999 0.559259
250.291667 251.291667   7.162 0.000   4.745 0.559000
254.291667 255.291667  21.130 0.000  12.716 0.559000
257.291667 258.291667  13.750 0.000   3.804 0.559000
261.291667 262.291667   8.393 0.000 999.999 0.559259
264.291667 265.291667   4.201 0.000 999.999 0.559259
268.291667 269.291667   8.089 0.000   5.639 0.559000
271.291667 272.291667   7.292 0.000   3.022 0.559000
275.291667 276.291667 999.999 0.999   7.664 0.559000
278.291667 279.291667   7.184 0.000 999.999 0.559259
282.291667 283.291667 999.999 0.999 999.999 0.559259
285.291667 286.291667  12.553 0.000   4.037 0.559000
289.291667 290.291667  12.079 0.000 999.999 0.559259
292.291667 293.291667  17.413 0.000   4.073 0.559000
296.291667 297.291667   7.641 0.000 999.999 0.559259
299.291667 300.291667   7.500 0.000   6.727 0.559000
303.291667 304.291667  10.207 0.000   6.180 0.559000
306.291667 307.291667   8.476 0.000   3.602 0.559000
310.291667 311.291667 999.999 0.999   3.406 0.559000
313.291667 314.291667 999.999 0.999 999.999 0.559259
317.291667 318.291667   8.502 0.000   5.670 0.559000
320.291667 321.291667  12.556 0.000   7.003 0.559000
324.291667 325.291667   2.867 0.000   2.102 0.559000
327.291667 328.291667   3.480 0.000   2.771 0.559000
331.291667 332.291667  11.524 0.000 999.999 0.559259
334.291667 335.291667   5.551 0.000   4.808 0.559000
338.291667 339.291667   6.318 0.000   4.383 0.559000
341.291667 342.291667   4.789 0.000   2.284 0.559000
345.291667 346.291667 999.999 0.999   3.249 0.559000
348.291667 349.291667 999.999 0.999   2.476 0.559000
352.291667 353.291667 999.999 0.999   2.212 0.559000
355.291667 356.291667 999.999 0.999   2.038 0.559000
359.291667 360.291667   3.204 0.000   2.415 0.559000
362.291667 363.291667   4.129 0.000   1.889 0.559000
