scripts/IMPROVE-2019_partial/data/US0306R.20110103070000.20191216000000.filterpack...1y.3d.US03L_filterpack_US0306.US03L_IMPROVE_Davis.lev2.nas
51 1001
MISSING INFORMATION
US03L, IMPROVE, , , , , , , 
MISSING INFORMATION
IMPROVE sel_HTAP
1 1
2011 01 01 2019 12 16
3.000000
days from file reference point
4
1 1 1 1
999.999999 9999.999 999.999 9.999
end_time of measurement, days from the file reference point
pm10_mass, ug/m3, Matrix=pm10
pm25_mass, ug/m3, Matrix=pm25
numflag, no unit
0
33
Data definition:              EBAS_1.1
Set type code:                TU
Timezone:                     UTC
File name:                    US0306R.20110103070000.20191216000000.filterpack...1y.3d.US03L_filterpack_US0306.US03L_IMPROVE_Davis.lev2.nas
File creation:                20191218120232
Startdate:                    20110103070000
Revision date:                20191216000000
Version:                      2
Version description:          "Data extracted from http://views.cira.colostate.edu/fed/DataWizard 2019-12-16"
Statistics:                   arithmetic mean
Data level:                   2
Period code:                  1y
Resolution code:              3d
Sample duration:              1d
Orig. time res.:              3d
Station code:                 US0306R
Platform code:                US0306S
Station name:                 Organ Pipe Cactus National Monument
Station latitude:             31.9506
Station longitude:            -112.8
Station altitude:             506.0 m
Regime:                       IMG
Component:                    
Unit:                         ug/m3
Matrix:                       
Laboratory code:              US03L
Instrument type:              filterpack
Instrument name:              filterpack_US0306
Method ref:                   US03L_IMPROVE_Davis
Blank correction:             Blank corrected
Volume std. temperature:      ambient
Volume std. pressure:         ambient
starttime endtime PM10 PM2.5 flag
  2.291667   3.291667    3.394   2.068 0.000
  5.291667   6.291667    7.801   1.849 0.000
  8.291667   9.291667   14.081   6.237 0.000
 11.291667  12.291667   10.813   2.244 0.000
 14.291667  15.291667    3.280   1.145 0.000
 17.291667  18.291667    4.813   1.355 0.000
 20.291667  21.291667    6.178   1.392 0.000
 23.291667  24.291667    4.461   1.391 0.000
 26.291667  27.291667   10.881   2.110 0.000
 29.291667  30.291667    9.155   3.560 0.000
 32.291667  33.291667   13.125   2.572 0.000
 35.291667  36.291667    7.480   2.195 0.000
 38.291667  39.291667   21.832   4.660 0.000
 41.291667  42.291667    9.434   3.559 0.000
 44.291667  45.291667    5.883   2.359 0.000
 47.291667  48.291667   13.703   3.403 0.000
 50.291667  51.291667    5.462   1.671 0.000
 53.291667  54.291667   13.531   2.374 0.000
 56.291667  57.291667   18.721   4.301 0.000
 59.291667  60.291667    5.929   2.564 0.000
 62.291667  63.291667    7.712   2.961 0.000
 65.291667  66.291667   13.454   3.629 0.000
 68.291667  69.291667   10.976   3.672 0.000
 71.291667  72.291667   11.176   4.555 0.000
 74.291667  75.291667   17.182   5.296 0.000
 77.291667  78.291667   43.994  17.708 0.000
 80.291667  81.291667    3.868   1.483 0.000
 83.291667  84.291667   21.304  12.794 0.000
 86.291667  87.291667   14.414   4.589 0.000
 89.291667  90.291667    7.908   2.226 0.000
 92.291667  93.291667    9.247   3.525 0.000
 95.291667  96.291667   23.050   5.583 0.000
 98.291667  99.291667    1.367   1.192 0.000
101.291667 102.291667    7.391   3.178 0.000
104.291667 105.291667   31.383  14.551 0.000
107.291667 108.291667   18.687   7.537 0.000
110.291667 111.291667    9.595   3.864 0.000
113.291667 114.291667    9.143   3.158 0.000
116.291667 117.291667    9.873   4.019 0.000
119.291667 120.291667   15.890   3.911 0.000
122.291667 123.291667   16.504   4.339 0.000
125.291667 126.291667   22.659   7.963 0.000
128.291667 129.291667   27.307   6.134 0.000
131.291667 132.291667   12.567   3.667 0.000
134.291667 135.291667   19.843   6.775 0.000
137.291667 138.291667 9999.999 999.999 0.999
140.291667 141.291667   10.779   3.564 0.000
143.291667 144.291667   14.450   5.654 0.000
146.291667 147.291667   26.783   7.135 0.000
149.291667 150.291667   27.216   8.313 0.000
152.291667 153.291667   14.556   6.573 0.000
155.291667 156.291667    8.087   4.028 0.000
158.291667 159.291667   15.612   3.897 0.000
161.291667 162.291667   17.928   5.923 0.000
164.291667 165.291667   16.734   5.042 0.000
167.291667 168.291667   25.208   8.165 0.000
170.291667 171.291667   17.577   6.603 0.000
173.291667 174.291667   28.632   9.688 0.000
176.291667 177.291667   22.747   8.421 0.000
179.291667 180.291667  116.426  18.207 0.000
182.291667 183.291667   35.866   7.575 0.000
185.291667 186.291667   16.853   5.892 0.000
188.291667 189.291667   50.508   9.435 0.000
191.291667 192.291667 9999.999 999.999 0.999
194.291667 195.291667   15.359   5.368 0.000
197.291667 198.291667    7.154   2.660 0.000
200.291667 201.291667   28.779   7.519 0.000
203.291667 204.291667   13.870   4.810 0.000
206.291667 207.291667   11.006   3.539 0.000
209.291667 210.291667   12.107   5.108 0.000
212.291667 213.291667 9999.999 999.999 0.999
215.291667 216.291667   63.659  13.577 0.000
218.291667 219.291667   47.845  10.453 0.000
221.291667 222.291667   50.050  12.069 0.000
224.291667 225.291667   11.664   4.407 0.000
227.291667 228.291667   29.138   6.518 0.000
230.291667 231.291667   40.966   9.227 0.000
233.291667 234.291667   12.619   4.072 0.000
236.291667 237.291667   25.808   7.373 0.000
239.291667 240.291667   19.316   7.167 0.000
242.291667 243.291667   25.355   6.848 0.000
245.291667 246.291667   16.895   6.029 0.000
248.291667 249.291667   25.445   7.646 0.000
251.291667 252.291667   39.325  10.852 0.000
254.291667 255.291667   36.484   8.623 0.000
257.291667 258.291667   12.995   5.555 0.000
260.291667 261.291667   12.486   5.173 0.000
263.291667 264.291667   13.586   4.397 0.000
266.291667 267.291667    8.796   3.250 0.000
269.291667 270.291667   18.173   6.103 0.000
272.291667 273.291667   15.284   4.969 0.000
275.291667 276.291667    8.299   3.145 0.000
278.291667 279.291667   18.614   4.470 0.000
281.291667 282.291667    5.029   1.311 0.000
284.291667 285.291667    7.301   2.117 0.000
287.291667 288.291667   11.143   3.541 0.000
290.291667 291.291667    7.944   2.381 0.000
293.291667 294.291667   28.261   8.029 0.000
296.291667 297.291667   14.155   5.771 0.000
299.291667 300.291667   12.603   3.967 0.000
302.291667 303.291667   12.093   3.863 0.000
305.291667 306.291667   35.154   4.762 0.000
308.291667 309.291667    4.996   1.103 0.000
311.291667 312.291667    3.372   2.389 0.000
314.291667 315.291667   14.849   3.210 0.000
317.291667 318.291667    1.023   0.672 0.000
320.291667 321.291667    5.910   3.267 0.000
323.291667 324.291667    7.824   3.468 0.000
326.291667 327.291667    8.176   2.896 0.000
329.291667 330.291667    6.210   2.220 0.000
332.291667 333.291667    8.499   2.673 0.000
335.291667 336.291667   14.736   3.801 0.000
338.291667 339.291667    4.752   2.262 0.000
341.291667 342.291667    6.940   2.922 0.000
344.291667 345.291667   13.343   6.640 0.000
347.291667 348.291667    1.649   1.112 0.000
350.291667 351.291667    3.834   2.313 0.000
353.291667 354.291667    5.064   3.872 0.000
356.291667 357.291667    3.479   1.355 0.000
359.291667 360.291667    2.252   1.501 0.000
362.291667 363.291667    5.814   2.427 0.000
