scripts/IMPROVE-2019_partial/data/US0306R.20150103070000.20191216000000.filterpack...1y.3d.US03L_filterpack_US0306.US03L_IMPROVE_Davis.lev2.nas
51 1001
MISSING INFORMATION
US03L, IMPROVE, , , , , , , 
MISSING INFORMATION
IMPROVE sel_HTAP
1 1
2015 01 01 2019 12 16
3.000000
days from file reference point
4
1 1 1 1
999.999999 999.999 999.999 9.999
end_time of measurement, days from the file reference point
pm10_mass, ug/m3, Matrix=pm10
pm25_mass, ug/m3, Matrix=pm25
numflag, no unit
0
33
Data definition:              EBAS_1.1
Set type code:                TU
Timezone:                     UTC
File name:                    US0306R.20150103070000.20191216000000.filterpack...1y.3d.US03L_filterpack_US0306.US03L_IMPROVE_Davis.lev2.nas
File creation:                20191218120232
Startdate:                    20150103070000
Revision date:                20191216000000
Version:                      2
Version description:          "Data extracted from http://views.cira.colostate.edu/fed/DataWizard 2019-12-16"
Statistics:                   arithmetic mean
Data level:                   2
Period code:                  1y
Resolution code:              3d
Sample duration:              1d
Orig. time res.:              3d
Station code:                 US0306R
Platform code:                US0306S
Station name:                 Organ Pipe Cactus National Monument
Station latitude:             31.9506
Station longitude:            -112.8
Station altitude:             506.0 m
Regime:                       IMG
Component:                    
Unit:                         ug/m3
Matrix:                       
Laboratory code:              US03L
Instrument type:              filterpack
Instrument name:              filterpack_US0306
Method ref:                   US03L_IMPROVE_Davis
Blank correction:             Blank corrected
Volume std. temperature:      ambient
Volume std. pressure:         ambient
starttime endtime PM10 PM2.5 flag
  2.291667   3.291667   2.836   1.805 0.000
  5.291667   6.291667   5.926   2.202 0.000
  8.291667   9.291667   6.196   3.756 0.000
 11.291667  12.291667   3.159   2.611 0.000
 14.291667  15.291667   4.009   1.553 0.000
 17.291667  18.291667   6.029   2.661 0.000
 20.291667  21.291667   8.100   1.995 0.000
 23.291667  24.291667   5.150   1.308 0.000
 26.291667  27.291667   3.180   2.197 0.000
 29.291667  30.291667   1.621   1.061 0.000
 32.291667  33.291667   2.966   2.259 0.000
 35.291667  36.291667   7.070   3.348 0.000
 38.291667  39.291667   4.793   2.545 0.000
 41.291667  42.291667   7.625   1.872 0.000
 44.291667  45.291667   8.223   3.310 0.000
 47.291667  48.291667   5.226   2.473 0.000
 50.291667  51.291667  15.758   4.399 0.000
 53.291667  54.291667   7.031   2.263 0.000
 56.291667  57.291667  10.917   3.178 0.000
 59.291667  60.291667   9.246   3.830 0.000
 62.291667  63.291667   2.468   1.372 0.000
 65.291667  66.291667   7.005   2.581 0.000
 68.291667  69.291667   9.505   5.777 0.000
 71.291667  72.291667  12.231   4.340 0.000
 74.291667  75.291667   9.878   4.108 0.000
 77.291667  78.291667   7.508   5.010 0.000
 80.291667  81.291667   7.024   2.634 0.000
 83.291667  84.291667  13.913   4.107 0.000
 86.291667  87.291667   6.846   2.068 0.000
 89.291667  90.291667  15.655   4.940 0.000
 92.291667  93.291667  15.840   5.912 0.000
 95.291667  96.291667  13.709   5.179 0.000
 98.291667  99.291667  11.672   3.610 0.000
101.291667 102.291667  10.466   3.795 0.000
104.291667 105.291667  42.887  11.696 0.000
107.291667 108.291667  19.034   3.652 0.000
110.291667 111.291667  13.101   4.395 0.000
113.291667 114.291667  14.810   6.433 0.000
116.291667 117.291667   8.507   2.287 0.000
119.291667 120.291667  11.654   3.731 0.000
122.291667 123.291667  11.876   4.931 0.000
125.291667 126.291667  15.827   5.958 0.000
128.291667 129.291667  11.858   3.995 0.000
131.291667 132.291667  14.677   4.291 0.000
134.291667 135.291667  12.108   4.239 0.000
137.291667 138.291667   6.667   2.876 0.000
140.291667 141.291667  13.235   4.066 0.000
143.291667 144.291667  10.267   4.085 0.000
146.291667 147.291667  11.086   4.418 0.000
149.291667 150.291667   9.160   3.493 0.000
152.291667 153.291667  10.997   4.736 0.000
155.291667 156.291667   9.116   3.671 0.000
158.291667 159.291667   8.629   3.379 0.000
161.291667 162.291667   9.227   3.708 0.000
164.291667 165.291667   9.602   3.764 0.000
167.291667 168.291667  12.495   4.589 0.000
170.291667 171.291667  19.149   6.577 0.000
173.291667 174.291667  14.856   5.397 0.000
176.291667 177.291667  11.305   4.516 0.000
179.291667 180.291667  12.071   4.571 0.000
182.291667 183.291667   4.795   2.462 0.000
185.291667 186.291667   6.976   3.169 0.000
188.291667 189.291667  10.661   3.047 0.000
191.291667 192.291667   9.237   2.812 0.000
194.291667 195.291667  12.298   5.691 0.000
197.291667 198.291667  12.752   4.928 0.000
200.291667 201.291667   7.933   4.576 0.000
203.291667 204.291667  10.236   3.528 0.000
206.291667 207.291667  11.070   3.577 0.000
209.291667 210.291667   6.611   2.881 0.000
212.291667 213.291667  10.566   4.069 0.000
215.291667 216.291667  11.587   4.298 0.000
218.291667 219.291667  16.722   5.879 0.000
221.291667 222.291667 999.999 999.999 0.999
224.291667 225.291667  12.946   5.051 0.000
227.291667 228.291667  19.337   5.673 0.000
230.291667 231.291667  12.755   3.661 0.000
233.291667 234.291667  19.942   5.253 0.000
236.291667 237.291667   9.658   3.908 0.000
239.291667 240.291667  25.149   6.651 0.000
242.291667 243.291667  15.561   4.513 0.000
245.291667 246.291667  14.516   4.846 0.000
248.291667 249.291667   9.450   3.785 0.000
251.291667 252.291667  12.949   5.130 0.000
254.291667 255.291667  12.702   4.388 0.000
257.291667 258.291667  11.036   1.880 0.000
260.291667 261.291667   7.344   2.119 0.000
263.291667 264.291667   5.208   2.103 0.000
266.291667 267.291667   7.481   2.562 0.000
269.291667 270.291667  10.038   3.853 0.000
272.291667 273.291667  11.043   3.565 0.000
275.291667 276.291667  12.124   2.791 0.000
278.291667 279.291667   7.242   2.565 0.000
281.291667 282.291667   8.159   2.070 0.000
284.291667 285.291667   7.680   3.800 0.000
287.291667 288.291667   7.909   2.789 0.000
290.291667 291.291667   8.177   3.366 0.000
293.291667 294.291667   6.575   2.656 0.000
296.291667 297.291667   4.834   2.188 0.000
299.291667 300.291667   7.742   3.172 0.000
302.291667 303.291667   6.476   2.037 0.000
305.291667 306.291667   6.921   1.633 0.000
308.291667 309.291667   6.589   2.040 0.000
311.291667 312.291667   3.756   2.307 0.000
314.291667 315.291667  17.857   4.875 0.000
317.291667 318.291667   9.018   2.793 0.000
320.291667 321.291667  23.090   3.804 0.000
323.291667 324.291667  10.997   3.431 0.000
326.291667 327.291667  14.540   5.338 0.000
329.291667 330.291667  55.854  11.178 0.000
332.291667 333.291667   5.769   1.729 0.000
335.291667 336.291667  11.697   3.418 0.000
338.291667 339.291667  13.612   3.659 0.000
341.291667 342.291667  11.165   3.115 0.000
344.291667 345.291667  27.674   6.756 0.000
347.291667 348.291667  51.828   9.067 0.000
350.291667 351.291667   4.579   1.689 0.000
353.291667 354.291667   7.233   2.615 0.000
356.291667 357.291667   6.144   1.894 0.000
359.291667 360.291667  24.111   2.909 0.000
362.291667 363.291667  11.992   2.956 0.000
