scripts/IMPROVE-2019_partial/data/US0398R.19890104070000.20191216000000.filterpack...1y.3d.US03L_filterpack_US0398.US03L_IMPROVE_Davis.lev2.nas
51 1001
MISSING INFORMATION
US03L, IMPROVE, , , , , , , 
MISSING INFORMATION
IMPROVE sel_HTAP
1 1
1989 01 01 2019 12 16
0
days from file reference point
4
1 1 1 1
999.999999 999.999 999.999 9.999
end_time of measurement, days from the file reference point
pm10_mass, ug/m3, Matrix=pm10
pm25_mass, ug/m3, Matrix=pm25
numflag, no unit
0
33
Data definition:              EBAS_1.1
Set type code:                TI
Timezone:                     UTC
File name:                    US0398R.19890104070000.20191216000000.filterpack...1y.3d.US03L_filterpack_US0398.US03L_IMPROVE_Davis.lev2.nas
File creation:                20191218120236
Startdate:                    19890104070000
Revision date:                20191216000000
Version:                      2
Version description:          "Data extracted from http://views.cira.colostate.edu/fed/DataWizard 2019-12-16"
Statistics:                   arithmetic mean
Data level:                   2
Period code:                  1y
Resolution code:              3d
Sample duration:              1d
Orig. time res.:              3d
Station code:                 US0398R
Platform code:                US0398S
Station name:                 Chiricahua (AZ98)
Station latitude:             32.0097
Station longitude:            -109.3889
Station altitude:             1570.0 m
Regime:                       IMG
Component:                    
Unit:                         ug/m3
Matrix:                       
Laboratory code:              US03L
Instrument type:              filterpack
Instrument name:              filterpack_US0398
Method ref:                   US03L_IMPROVE_Davis
Blank correction:             Blank corrected
Volume std. temperature:      ambient
Volume std. pressure:         ambient
starttime endtime PM10 PM2.5 flag
  3.291667   4.291667   1.889   1.210 0.000
  6.291667   7.291667   3.796   2.492 0.000
 10.291667  11.291667   3.370   1.968 0.000
 13.291667  14.291667   5.529   2.613 0.000
 17.291667  18.291667   5.018   2.351 0.000
 20.291667  21.291667  12.047   7.379 0.000
 24.291667  25.291667   6.728   4.610 0.000
 27.291667  28.291667   3.569   2.460 0.000
 31.291667  32.291667   3.282   2.091 0.000
 34.291667  35.291667   4.398   1.386 0.000
 38.291667  39.291667   5.746   4.391 0.000
 41.291667  42.291667   4.656   2.517 0.000
 45.291667  46.291667   2.096   1.529 0.000
 48.291667  49.291667   3.984   3.189 0.000
 52.291667  53.291667   3.333   1.574 0.000
 55.291667  56.291667   6.811   3.210 0.000
 59.291667  60.291667   9.483   4.201 0.000
 62.291667  63.291667  15.197   3.754 0.000
 66.291667  67.291667   6.186   3.354 0.000
 69.291667  70.291667   9.132   3.696 0.000
 73.291667  74.291667   7.743   3.301 0.000
 76.291667  77.291667   6.067   2.736 0.000
 80.291667  81.291667 999.999 999.999 0.999
 83.291667  84.291667 999.999 999.999 0.999
 87.291667  88.291667 999.999 999.999 0.999
 90.291667  91.291667 999.999 999.999 0.999
 94.291667  95.291667 999.999 999.999 0.999
 97.291667  98.291667 999.999 999.999 0.999
101.291667 102.291667 999.999 999.999 0.999
104.291667 105.291667 999.999 999.999 0.999
108.291667 109.291667 999.999 999.999 0.999
111.291667 112.291667 999.999 999.999 0.999
115.291667 116.291667 999.999 999.999 0.999
118.291667 119.291667 999.999 999.999 0.999
122.291667 123.291667 999.999   6.509 0.000
125.291667 126.291667  14.963 999.999 0.000
129.291667 130.291667  12.359   4.618 0.000
132.291667 133.291667  16.827 999.999 0.000
136.291667 137.291667   9.626   4.024 0.000
139.291667 140.291667  11.029   5.194 0.000
143.291667 144.291667  11.065   4.627 0.000
146.291667 147.291667  10.519   4.485 0.000
150.291667 151.291667  10.660   5.710 0.000
153.291667 154.291667   9.878   4.867 0.000
157.291667 158.291667   9.617   3.700 0.000
160.291667 161.291667  14.939   5.845 0.000
164.291667 165.291667 999.999 999.999 0.999
167.291667 168.291667  19.919   8.833 0.000
171.291667 172.291667 999.999 999.999 0.999
174.291667 175.291667  19.664   7.500 0.000
178.291667 179.291667  19.596  11.474 0.000
181.291667 182.291667  16.032   6.424 0.000
185.291667 186.291667  48.504 999.999 0.000
188.291667 189.291667 999.999 999.999 0.999
192.291667 193.291667 999.999 999.999 0.999
195.291667 196.291667 999.999 999.999 0.999
199.291667 200.291667  16.421   9.868 0.000
202.291667 203.291667   8.319   5.054 0.000
206.291667 207.291667   8.707   6.785 0.000
209.291667 210.291667   8.764   5.498 0.000
213.291667 214.291667   8.517   5.449 0.000
216.291667 217.291667  11.573   5.581 0.000
220.291667 221.291667   7.372   5.377 0.000
223.291667 224.291667   9.307   5.116 0.000
227.291667 228.291667   6.076   3.576 0.000
230.291667 231.291667  10.769   7.252 0.000
234.291667 235.291667   5.670   2.776 0.000
237.291667 238.291667   6.089   2.226 0.000
241.291667 242.291667   7.370   3.821 0.000
244.291667 245.291667   6.851   3.503 0.000
248.291667 249.291667   6.592   4.030 0.000
251.291667 252.291667   8.942   2.788 0.000
255.291667 256.291667 999.999 999.999 0.999
258.291667 259.291667   5.220   2.736 0.000
262.291667 263.291667   5.146   2.073 0.000
265.291667 266.291667  13.000   5.812 0.000
269.291667 270.291667   6.969   3.634 0.000
272.291667 273.291667   6.711   3.145 0.000
276.291667 277.291667   3.719   2.613 0.000
279.291667 280.291667   3.220   1.793 0.000
283.291667 284.291667   5.355   3.394 0.000
286.291667 287.291667   9.305   4.724 0.000
290.291667 291.291667  18.290   6.667 0.000
293.291667 294.291667   5.529   3.444 0.000
297.291667 298.291667   4.463   1.656 0.000
300.291667 301.291667   6.738   2.112 0.000
304.291667 305.291667   9.048   4.441 0.000
307.291667 308.291667  12.816   4.846 0.000
311.291667 312.291667   7.114   4.472 0.000
314.291667 315.291667   7.653   4.012 0.000
318.291667 319.291667   6.370   3.912 0.000
321.291667 322.291667  10.037   4.698 0.000
325.291667 326.291667   7.073   4.082 0.000
328.291667 329.291667   9.211   3.766 0.000
332.291667 333.291667  25.864   4.404 0.000
335.291667 336.291667  10.256   4.123 0.000
339.291667 340.291667 999.999   3.754 0.000
342.291667 343.291667 999.999   1.781 0.000
346.291667 347.291667 999.999   2.247 0.000
349.291667 350.291667 999.999   2.658 0.000
353.291667 354.291667   5.385   2.987 0.000
356.291667 357.291667   9.122   4.327 0.000
360.291667 361.291667 999.999   2.038 0.000
363.291667 364.291667 999.999   1.536 0.000
