scripts/IMPROVE-2019_partial/data/US0306R.20070103070000.20191216000000.filterpack...1y.3d.US03L_filterpack_US0306.US03L_IMPROVE_Davis.lev2.nas
51 1001
MISSING INFORMATION
US03L, IMPROVE, , , , , , , 
MISSING INFORMATION
IMPROVE sel_HTAP
1 1
2007 01 01 2019 12 16
3.000000
days from file reference point
4
1 1 1 1
999.999999 999.999 999.999 9.999
end_time of measurement, days from the file reference point
pm10_mass, ug/m3, Matrix=pm10
pm25_mass, ug/m3, Matrix=pm25
numflag, no unit
0
33
Data definition:              EBAS_1.1
Set type code:                TU
Timezone:                     UTC
File name:                    US0306R.20070103070000.20191216000000.filterpack...1y.3d.US03L_filterpack_US0306.US03L_IMPROVE_Davis.lev2.nas
File creation:                20191218120231
Startdate:                    20070103070000
Revision date:                20191216000000
Version:                      2
Version description:          "Data extracted from http://views.cira.colostate.edu/fed/DataWizard 2019-12-16"
Statistics:                   arithmetic mean
Data level:                   2
Period code:                  1y
Resolution code:              3d
Sample duration:              1d
Orig. time res.:              3d
Station code:                 US0306R
Platform code:                US0306S
Station name:                 Organ Pipe Cactus National Monument
Station latitude:             31.9506
Station longitude:            -112.8
Station altitude:             506.0 m
Regime:                       IMG
Component:                    
Unit:                         ug/m3
Matrix:                       
Laboratory code:              US03L
Instrument type:              filterpack
Instrument name:              filterpack_US0306
Method ref:                   US03L_IMPROVE_Davis
Blank correction:             Blank corrected
Volume std. temperature:      ambient
Volume std. pressure:         ambient
starttime endtime PM10 PM2.5 flag
  2.291667   3.291667   6.527   4.029 0.000
  5.291667   6.291667   6.009   1.389 0.000
  8.291667   9.291667   7.317   2.789 0.000
 11.291667  12.291667  26.738   6.883 0.000
 14.291667  15.291667   7.997   2.345 0.000
 17.291667  18.291667 999.999 999.999 0.999
 20.291667  21.291667   7.718   2.656 0.000
 23.291667  24.291667   3.671   1.854 0.000
 26.291667  27.291667   9.353   2.791 0.000
 29.291667  30.291667   7.668   2.331 0.000
 32.291667  33.291667   8.404   2.737 0.000
 35.291667  36.291667   3.347   1.394 0.000
 38.291667  39.291667   7.132   3.171 0.000
 41.291667  42.291667   9.894   3.485 0.000
 44.291667  45.291667  17.393   4.029 0.000
 47.291667  48.291667   5.976   1.884 0.000
 50.291667  51.291667  13.478   3.658 0.000
 53.291667  54.291667  31.747   6.245 0.000
 56.291667  57.291667   7.995   2.493 0.000
 59.291667  60.291667   9.062   2.749 0.000
 62.291667  63.291667  23.390   4.303 0.000
 65.291667  66.291667  16.201   5.910 0.000
 68.291667  69.291667   9.330   4.066 0.000
 71.291667  72.291667   6.533   3.356 0.000
 74.291667  75.291667  12.228   5.009 0.000
 77.291667  78.291667  10.084   4.253 0.000
 80.291667  81.291667  17.330   5.230 0.000
 83.291667  84.291667   3.820   2.098 0.000
 86.291667  87.291667  18.338   4.691 0.000
 89.291667  90.291667   5.017   1.798 0.000
 92.291667  93.291667  11.240   4.462 0.000
 95.291667  96.291667   8.496   5.436 0.000
 98.291667  99.291667  14.148   6.404 0.000
101.291667 102.291667  74.934  21.434 0.000
104.291667 105.291667  24.599  10.311 0.000
107.291667 108.291667  21.855   7.360 0.000
110.291667 111.291667   9.378   4.331 0.000
113.291667 114.291667   4.603   2.521 0.000
116.291667 117.291667   8.459   5.014 0.000
119.291667 120.291667  12.616   5.235 0.000
122.291667 123.291667  23.043  10.530 0.000
125.291667 126.291667   4.254   2.702 0.000
128.291667 129.291667 999.999 999.999 0.999
131.291667 132.291667  10.525   4.723 0.000
134.291667 135.291667  19.022   7.892 0.000
137.291667 138.291667  12.576   6.106 0.000
140.291667 141.291667  40.618  13.672 0.000
143.291667 144.291667  18.292   7.001 0.000
146.291667 147.291667   7.437   4.787 0.000
149.291667 150.291667   9.282   7.604 0.000
152.291667 153.291667  10.335   5.374 0.000
155.291667 156.291667  14.680   6.774 0.000
158.291667 159.291667  28.067  10.089 0.000
161.291667 162.291667  25.124   6.706 0.000
164.291667 165.291667  12.611   6.424 0.000
167.291667 168.291667   8.194   3.571 0.000
170.291667 171.291667  13.188   5.554 0.000
173.291667 174.291667  14.898   7.843 0.000
176.291667 177.291667  17.615   7.756 0.000
179.291667 180.291667  10.589   5.809 0.000
182.291667 183.291667  17.701   8.326 0.000
185.291667 186.291667  16.019   6.923 0.000
188.291667 189.291667  19.804   9.591 0.000
191.291667 192.291667  15.645   8.062 0.000
194.291667 195.291667  11.576   5.546 0.000
197.291667 198.291667  13.606   6.096 0.000
200.291667 201.291667  20.099   7.191 0.000
203.291667 204.291667  23.165  10.739 0.000
206.291667 207.291667   7.666   4.263 0.000
209.291667 210.291667  12.681   6.383 0.000
212.291667 213.291667   8.534   4.099 0.000
215.291667 216.291667  17.094   5.223 0.000
218.291667 219.291667  10.077   4.692 0.000
221.291667 222.291667  11.643   5.808 0.000
224.291667 225.291667  19.025   4.982 0.000
227.291667 228.291667  18.093   8.160 0.000
230.291667 231.291667  28.491   9.581 0.000
233.291667 234.291667  16.711   6.454 0.000
236.291667 237.291667   7.249   2.879 0.000
239.291667 240.291667  14.156   4.716 0.000
242.291667 243.291667  19.451   5.923 0.000
245.291667 246.291667  17.607   6.988 0.000
248.291667 249.291667  12.893   4.524 0.000
251.291667 252.291667   9.871   4.434 0.000
254.291667 255.291667  23.057   6.476 0.000
257.291667 258.291667  14.836   6.703 0.000
260.291667 261.291667  13.818   4.534 0.000
263.291667 264.291667  12.899   4.856 0.000
266.291667 267.291667   6.516   2.088 0.000
269.291667 270.291667  12.014   3.036 0.000
272.291667 273.291667  12.683   4.116 0.000
275.291667 276.291667   6.052   2.861 0.000
278.291667 279.291667  17.337   4.664 0.000
281.291667 282.291667   8.237   2.438 0.000
284.291667 285.291667  10.928   5.074 0.000
287.291667 288.291667   7.106   2.377 0.000
290.291667 291.291667  17.318   5.498 0.000
293.291667 294.291667  30.485   7.799 0.000
296.291667 297.291667  11.098   3.090 0.000
299.291667 300.291667  12.406   3.458 0.000
302.291667 303.291667  14.589   5.354 0.000
305.291667 306.291667   9.469   3.648 0.000
308.291667 309.291667  15.005   5.995 0.000
311.291667 312.291667  13.392   5.344 0.000
314.291667 315.291667  16.034   6.995 0.000
317.291667 318.291667  10.398   4.125 0.000
320.291667 321.291667  21.304   6.115 0.000
323.291667 324.291667  12.976   5.016 0.000
326.291667 327.291667  11.993   3.832 0.000
329.291667 330.291667   8.539   3.230 0.000
332.291667 333.291667  15.796   4.435 0.000
335.291667 336.291667  10.094   4.414 0.000
338.291667 339.291667   6.576   4.284 0.000
341.291667 342.291667   6.263   2.058 0.000
344.291667 345.291667 999.999 999.999 0.999
347.291667 348.291667   3.163   2.017 0.000
350.291667 351.291667   3.580   2.087 0.000
353.291667 354.291667   3.408   1.723 0.000
356.291667 357.291667   2.820   0.872 0.000
359.291667 360.291667   3.584   1.515 0.000
362.291667 363.291667   2.206   0.880 0.000
