scripts/IMPROVE-2019_partial/data/US0306R.20060102070000.20191216000000.filterpack..pm25.52w.1w.US03L_filterpack_US0306.US03L_IMPROVE_Davis.lev2.nas
64 1001
MISSING INFORMATION
US03L, IMPROVE, , , , , , , 
MISSING INFORMATION
IMPROVE sel_HTAP
1 1
2006 01 01 2019 12 16
3.000000
days from file reference point
25
1 1 1 1 1 1 1 1 1 1 1 1 1 1 1 1 1 1 1 1 1 1 1 1 1
999.999999 9999.99 9.999 99.99 9.999 9.999 9.999 99.99 9.999 9.999 9.999 99.999 9.999 99.999 9.999 999.999 9.999 999.999 9.999 999.999 9.999 9.999 9.999 9.999 9.999
end_time of measurement, days from the file reference point
iron, ng/m3, Revision date=20181210133000
numflag iron, no unit, Revision date=20181210133000
lead, ng/m3, Revision date=20181210133000
numflag lead, no unit, Revision date=20181210133000
magnesium, ug/m3, Revision date=20181210133000
numflag magnesium, no unit, Revision date=20181210133000
nickel, ng/m3, Revision date=20181210133000
numflag nickel, no unit, Revision date=20181210133000
nitrate, ug N/m3, Revision date=20181210133000
numflag nitrate, no unit, Revision date=20181210133000
organic_carbon, ug C/m3, Revision date=20181210133000
numflag organic_carbon, no unit, Revision date=20181210133000
organic_mass, ug/m3, Revision date=20181210133000
numflag organic_mass, no unit, Revision date=20181210133000
pm10_mass, ug/m3, Version=2, Version description=Data extracted from http://views.cira.colostate.edu/fed/DataWizard 2019-12-16, Sample duration=1d, Orig. time res.=3d, Matrix=pm10, Blank correction=Blank corrected, Volume std. temperature=ambient, Volume std. pressure=ambient
numflag pm10_mass, no unit, Version=2, Version description=Data extracted from http://views.cira.colostate.edu/fed/DataWizard 2019-12-16, Sample duration=1d, Orig. time res.=3d, Matrix=pm10, Blank correction=Blank corrected, Volume std. temperature=ambient, Volume std. pressure=ambient
pm10_pm25_mass, ug/m3, Revision date=20181210133000, Matrix=pm10_pm25
numflag pm10_pm25_mass, no unit, Revision date=20181210133000, Matrix=pm10_pm25
pm25_mass, ug/m3, Version=2, Version description=Data extracted from http://views.cira.colostate.edu/fed/DataWizard 2019-12-16, Sample duration=1d, Orig. time res.=3d, Blank correction=Blank corrected, Volume std. temperature=ambient, Volume std. pressure=ambient
numflag pm25_mass, no unit, Version=2, Version description=Data extracted from http://views.cira.colostate.edu/fed/DataWizard 2019-12-16, Sample duration=1d, Orig. time res.=3d, Blank correction=Blank corrected, Volume std. temperature=ambient, Volume std. pressure=ambient
potassium, ug/m3, Revision date=20181210133000
numflag potassium, no unit, Revision date=20181210133000
sulphate_total, ug S/m3, Revision date=20181210133000
numflag sulphate_total, no unit, Revision date=20181210133000
0
25
Data definition:              EBAS_1.1
Set type code:                TU
Timezone:                     UTC
File name:                    US0306R.20060102070000.20191216000000.filterpack..pm25.52w.1w.US03L_filterpack_US0306.US03L_IMPROVE_Davis.lev2.nas
File creation:                20191218120231
Startdate:                    20060102070000
Revision date:                20191216000000
Statistics:                   arithmetic mean
Data level:                   2
Period code:                  52w
Resolution code:              1w
Station code:                 US0306R
Platform code:                US0306S
Station name:                 Organ Pipe Cactus National Monument
Station latitude:             31.9506
Station longitude:            -112.8
Station altitude:             506.0 m
Regime:                       IMG
Component:                    
Matrix:                       pm25
Laboratory code:              US03L
Instrument type:              filterpack
Instrument name:              filterpack_US0306
Method ref:                   US03L_IMPROVE_Davis
starttime endtime Fe flag_Fe Pb flag_Pb Mg++ flag_Mg++ Ni flag_Ni NO3- flag_NO3- OC flag_OC OM flag_OM PM10 flag_PM10 PM10-PM2.5 flag_PM10-PM2.5 PM2.5 flag_PM2.5 K+ flag_K+ SO4-- flag_SO4--
[from data line 91]
274.291667 275.291667   39.34 0.000  0.45 0.000 0.019 0.000  0.98 0.000 0.046 0.559  0.448 0.000  0.805 0.000  10.206 0.000   5.610 0.000   4.596 0.000 0.057 0.000 0.484 0.559
277.291667 278.291667   52.09 0.000  0.43 0.000 9.999 0.259 99.99 0.259 0.014 0.559  0.235 0.000  0.424 0.000   7.353 0.000   3.885 0.000   3.468 0.000 0.041 0.000 0.403 0.559
280.291667 281.291667   75.55 0.000  1.12 0.000 9.999 0.259  0.16 0.000 0.043 0.559  0.226 0.000  0.406 0.000  15.111 0.000  11.957 0.000   3.154 0.000 0.054 0.000 0.156 0.559
283.291667 284.291667 9999.99 0.999 99.99 0.999 9.999 0.999 99.99 0.999 9.999 0.999 99.999 0.999 99.999 0.999 999.999 0.999 999.999 0.999 999.999 0.999 9.999 0.999 9.999 0.999
286.291667 287.291667   67.06 0.000  0.26 0.000 9.999 0.259  0.11 0.000 0.067 0.559  0.136 0.559  0.244 0.559  18.319 0.000  13.974 0.000   4.346 0.000 0.052 0.000 0.180 0.559
289.291667 290.291667   44.34 0.000  0.58 0.000 0.018 0.000  0.58 0.000 0.075 0.559  0.268 0.000  0.482 0.000  13.617 0.000   8.471 0.000   5.146 0.000 0.043 0.000 0.384 0.559
292.291667 293.291667   47.23 0.000  0.91 0.000 9.999 0.259 99.99 0.259 0.013 0.559  0.379 0.000  0.681 0.000   8.325 0.000   5.582 0.000   2.744 0.000 0.028 0.000 0.179 0.559
295.291667 296.291667   70.77 0.000  1.66 0.000 9.999 0.259  0.20 0.000 0.044 0.559  0.492 0.000  0.885 0.000  14.230 0.000   9.969 0.000   4.262 0.000 0.064 0.000 0.271 0.559
298.291667 299.291667   58.89 0.000  0.43 0.000 9.999 0.259  0.20 0.000 0.018 0.559  0.229 0.559  0.411 0.559  10.581 0.000   7.412 0.000   3.169 0.000 0.037 0.000 0.118 0.559
301.291667 302.291667   58.92 0.000  1.21 0.000 9.999 0.259 99.99 0.259 0.011 0.559  0.361 0.000  0.649 0.000   8.418 0.000   5.139 0.000   3.280 0.000 0.042 0.000 0.198 0.559
304.291667 305.291667   83.16 0.000  1.35 0.000 0.019 0.000  0.45 0.000 0.067 0.559  0.729 0.559  1.313 0.559  12.241 0.000   6.722 0.000   5.519 0.000 0.083 0.000 0.339 0.559
307.291667 308.291667   62.18 0.000  1.92 0.000 0.014 0.000  0.18 0.000 0.028 0.559  0.635 0.000  1.143 0.000   9.287 0.000   5.098 0.000   4.190 0.000 0.053 0.000 0.298 0.559
310.291667 311.291667   46.28 0.000  1.03 0.000 9.999 0.259 99.99 0.259 0.011 0.559  0.317 0.559  0.571 0.559   6.001 0.000   3.731 0.000   2.270 0.000 0.026 0.000 0.120 0.559
313.291667 314.291667   58.05 0.000  1.03 0.000 0.021 0.000  0.38 0.000 0.080 0.559  0.374 0.000  0.673 0.000  10.444 0.000   6.418 0.000   4.025 0.000 0.044 0.000 0.227 0.559
316.291667 317.291667   47.03 0.000  0.88 0.000 9.999 0.259 99.99 0.259 0.022 0.559  0.268 0.559  0.483 0.559   8.242 0.000   5.430 0.000   2.812 0.000 0.033 0.000 0.193 0.559
319.291667 320.291667   97.56 0.000  1.89 0.000 9.999 0.259  0.06 0.000 0.015 0.559  0.286 0.000  0.515 0.000   9.009 0.000   5.328 0.000   3.681 0.000 0.060 0.000 0.148 0.559
322.291667 323.291667   90.84 0.000  3.12 0.000 0.027 0.000  0.05 0.000 0.038 0.559  0.764 0.000  1.376 0.000  14.349 0.000   9.617 0.000   4.732 0.000 0.063 0.000 0.209 0.559
325.291667 326.291667   71.80 0.000  1.75 0.000 9.999 0.259  1.13 0.000 0.021 0.559  0.387 0.000  0.696 0.000  14.668 0.000   8.975 0.000   5.692 0.000 0.058 0.000 0.611 0.559
328.291667 329.291667   24.19 0.000  1.34 0.000 9.999 0.259  0.50 0.000 0.066 0.559  0.412 0.000  0.742 0.000   9.769 0.000   5.122 0.000   4.647 0.000 0.031 0.000 0.443 0.559
331.291667 332.291667   17.82 0.000  0.71 0.000 0.010 0.000  0.42 0.000 0.073 0.559  0.120 0.000  0.215 0.000   8.915 0.000   5.862 0.000   3.053 0.000 0.027 0.000 0.225 0.559
334.291667 335.291667   41.96 0.000  2.10 0.000 0.012 0.000 99.99 0.259 0.039 0.559  0.212 0.000  0.381 0.000   6.193 0.000   4.043 0.000   2.151 0.000 0.028 0.000 0.109 0.559
337.291667 338.291667   77.48 0.000  1.17 0.000 9.999 0.259  0.08 0.000 0.091 0.559  0.617 0.000  1.110 0.000  13.427 0.000   8.793 0.000   4.634 0.000 0.067 0.000 0.301 0.559
340.291667 341.291667  105.04 0.000  1.92 0.000 9.999 0.259 99.99 0.259 0.050 0.559  0.784 0.000  1.410 0.000  18.952 0.000  13.769 0.000   5.183 0.000 0.083 0.000 0.171 0.559
343.291667 344.291667   31.31 0.000  0.89 0.000 0.014 0.000  0.63 0.000 0.069 0.559  0.395 0.000  0.711 0.000   9.264 0.000   6.046 0.000   3.217 0.000 0.039 0.000 0.218 0.559
346.291667 347.291667   57.34 0.000  0.60 0.000 0.012 0.000  0.13 0.000 0.047 0.559  0.494 0.000  0.890 0.000   8.744 0.000   6.757 0.000   1.987 0.000 0.034 0.000 0.046 0.559
349.291667 350.291667  201.91 0.000  0.59 0.000 0.048 0.000  0.50 0.000 0.074 0.559  0.739 0.000  1.329 0.000  39.879 0.000  32.390 0.000   7.489 0.000 0.313 0.000 0.188 0.559
352.291667 353.291667   19.46 0.000  0.17 0.000 9.999 0.259 99.99 0.259 0.042 0.559  0.215 0.000  0.387 0.000   4.954 0.000   3.564 0.000   1.390 0.000 0.026 0.000 0.084 0.559
355.291667 356.291667   58.29 0.000  0.67 0.000 9.999 0.259  0.11 0.000 0.153 0.559  0.379 0.000  0.682 0.000   9.436 0.000   6.705 0.000   2.730 0.000 0.042 0.000 0.104 0.559
358.291667 359.291667   16.47 0.000  1.30 0.000 9.999 0.259  0.11 0.000 0.090 0.559  0.352 0.559  0.633 0.559   3.787 0.000   2.014 0.000   1.773 0.000 0.016 0.000 0.122 0.559
361.291667 362.291667  282.75 0.000  0.57 0.000 0.159 0.000  0.27 0.000 0.065 0.559  0.379 0.000  0.683 0.000  45.750 0.000  37.909 0.000   7.841 0.000 0.170 0.000 0.077 0.559
364.291667 365.291667   26.70 0.000  0.60 0.000 9.999 0.259 99.99 0.259 0.031 0.559  0.347 0.000  0.624 0.000   5.263 0.000   2.960 0.000   2.303 0.000 0.020 0.000 0.207 0.559
