scripts/IMPROVE-2019_partial/data/US0398R.19910102070000.20191216000000.filterpack...1y.3d.US03L_filterpack_US0398.US03L_IMPROVE_Davis.lev2.nas
52 1001
MISSING INFORMATION
US03L, IMPROVE, , , , , , , 
MISSING INFORMATION
IMPROVE sel_HTAP
1 1
1991 01 01 2019 12 16
0
days from file reference point
5
1 1 1 1 1
999.999999 999.999 9.999 99.999 9.999999
end_time of measurement, days from the file reference point
pm10_mass, ug/m3, Matrix=pm10
numflag pm10_mass, no unit, Matrix=pm10
pm25_mass, ug/m3, Matrix=pm25
numflag pm25_mass, no unit, Matrix=pm25
0
33
Data definition:              EBAS_1.1
Set type code:                TI
Timezone:                     UTC
File name:                    US0398R.19910102070000.20191216000000.filterpack...1y.3d.US03L_filterpack_US0398.US03L_IMPROVE_Davis.lev2.nas
File creation:                20191218120236
Startdate:                    19910102070000
Revision date:                20191216000000
Version:                      2
Version description:          "Data extracted from http://views.cira.colostate.edu/fed/DataWizard 2019-12-16"
Statistics:                   arithmetic mean
Data level:                   2
Period code:                  1y
Resolution code:              3d
Sample duration:              1d
Orig. time res.:              3d
Station code:                 US0398R
Platform code:                US0398S
Station name:                 Chiricahua (AZ98)
Station latitude:             32.0097
Station longitude:            -109.3889
Station altitude:             1570.0 m
Regime:                       IMG
Component:                    
Unit:                         ug/m3
Matrix:                       
Laboratory code:              US03L
Instrument type:              filterpack
Instrument name:              filterpack_US0398
Method ref:                   US03L_IMPROVE_Davis
Blank correction:             Blank corrected
Volume std. temperature:      ambient
Volume std. pressure:         ambient
starttime endtime PM10 flag_PM10 PM2.5 flag_PM2.5
  1.291667   2.291667   2.089 0.000  2.056 0.559000
  4.291667   5.291667 999.999 0.999  1.599 0.559000
  8.291667   9.291667 999.999 0.999  3.458 0.559000
 11.291667  12.291667   5.401 0.000  2.336 0.559000
 15.291667  16.291667   2.718 0.000  2.222 0.559000
 18.291667  19.291667   3.596 0.000  3.281 0.559000
 22.291667  23.291667   5.571 0.000  5.395 0.559000
 25.291667  26.291667   5.547 0.000  4.359 0.559000
 29.291667  30.291667   7.093 0.000  2.650 0.559000
 32.291667  33.291667   8.352 0.000  3.880 0.559000
 36.291667  37.291667   4.414 0.000  2.690 0.559000
 39.291667  40.291667   6.519 0.000  5.573 0.559000
 43.291667  44.291667   7.846 0.000  5.664 0.559000
 46.291667  47.291667   6.962 0.000  3.535 0.559000
 50.291667  51.291667   5.467 0.000  2.194 0.559000
 53.291667  54.291667   6.840 0.000  3.438 0.559000
 57.291667  58.291667   6.844 0.000  2.994 0.559000
 60.291667  61.291667   2.826 0.000  1.883 0.559000
 64.291667  65.291667   7.532 0.000  2.360 0.559000
 67.291667  68.291667   7.706 0.000  3.075 0.559000
 71.291667  72.291667   8.576 0.000  3.722 0.559000
 74.291667  75.291667  14.713 0.000  2.540 0.559000
 78.291667  79.291667   9.312 0.000  2.508 0.559000
 81.291667  82.291667   8.377 0.000  2.006 0.559000
 85.291667  86.291667   7.148 0.000  1.703 0.559000
 88.291667  89.291667   8.346 0.000  2.871 0.559000
 92.291667  93.291667  16.574 0.000  5.395 0.559000
 95.291667  96.291667  13.571 0.000  5.732 0.559000
 99.291667 100.291667  13.344 0.000  5.950 0.559000
102.291667 103.291667  11.404 0.000  3.127 0.559000
106.291667 107.291667   7.098 0.000  3.696 0.559000
109.291667 110.291667  17.903 0.000 99.999 0.559259
113.291667 114.291667  16.853 0.000  4.954 0.559000
116.291667 117.291667  26.352 0.000  8.380 0.559000
120.291667 121.291667 999.999 0.999 99.999 0.999000
123.291667 124.291667  11.723 0.000  4.816 0.559000
127.291667 128.291667  21.049 0.000  7.623 0.559000
130.291667 131.291667  19.340 0.000  6.180 0.559000
134.291667 135.291667  12.458 0.000  4.241 0.559000
137.291667 138.291667  14.708 0.000  5.511 0.559000
141.291667 142.291667  21.111 0.000  6.347 0.559000
144.291667 145.291667  34.840 0.000  7.040 0.559000
148.291667 149.291667  15.684 0.000  4.706 0.559000
151.291667 152.291667  11.599 0.000  4.204 0.559000
155.291667 156.291667  13.780 0.000  4.149 0.559000
158.291667 159.291667  10.579 0.000  5.108 0.559000
162.291667 163.291667  23.257 0.000  6.375 0.559000
165.291667 166.291667  28.293 0.000  5.502 0.559000
169.291667 170.291667  11.382 0.000  5.623 0.559000
172.291667 173.291667   8.495 0.000  4.505 0.559000
176.291667 177.291667  12.534 0.000  4.164 0.559000
179.291667 180.291667  20.509 0.000  8.492 0.559000
183.291667 184.291667  10.804 0.000  3.545 0.559000
186.291667 187.291667  14.887 0.000  6.019 0.559000
190.291667 191.291667  12.748 0.000  4.773 0.559000
193.291667 194.291667   9.060 0.000  3.821 0.559000
197.291667 198.291667  15.968 0.000  4.970 0.559000
200.291667 201.291667  10.772 0.000  5.575 0.559000
204.291667 205.291667 999.999 0.999 99.999 0.999000
207.291667 208.291667 999.999 0.999 99.999 0.999000
211.291667 212.291667 999.999 0.999 99.999 0.999000
214.291667 215.291667 999.999 0.999 99.999 0.999000
218.291667 219.291667 999.999 0.999 99.999 0.999000
221.291667 222.291667 999.999 0.999 99.999 0.999000
225.291667 226.291667 999.999 0.999 99.999 0.999000
228.291667 229.291667 999.999 0.999 99.999 0.999000
232.291667 233.291667   9.676 0.000  5.134 0.559000
235.291667 236.291667  13.225 0.000  6.707 0.559000
239.291667 240.291667   8.119 0.000  4.532 0.559000
242.291667 243.291667  11.400 0.000  6.677 0.559000
246.291667 247.291667  10.885 0.000  5.317 0.559000
249.291667 250.291667   9.803 0.000  5.045 0.559000
253.291667 254.291667   8.103 0.000  3.252 0.559000
256.291667 257.291667   7.124 0.000  3.617 0.559000
260.291667 261.291667   5.400 0.000  1.562 0.559000
263.291667 264.291667   4.733 0.000  3.183 0.559000
267.291667 268.291667  12.128 0.000  5.378 0.559000
270.291667 271.291667   9.195 0.000  3.578 0.559000
274.291667 275.291667  10.795 0.000  4.204 0.559000
277.291667 278.291667  12.700 0.000  5.347 0.559000
281.291667 282.291667  14.228 0.000  4.488 0.559000
284.291667 285.291667   9.122 0.000  2.952 0.559000
288.291667 289.291667  25.753 0.000  5.477 0.559000
291.291667 292.291667  14.352 0.000  4.923 0.559000
295.291667 296.291667 999.999 0.999 99.999 0.999000
298.291667 299.291667 999.999 0.999 99.999 0.999000
302.291667 303.291667  12.014 0.000  4.159 0.559000
305.291667 306.291667  11.951 0.000  3.761 0.559000
309.291667 310.291667  13.333 0.000  5.545 0.559000
312.291667 313.291667  21.043 0.000  6.285 0.559000
316.291667 317.291667  15.180 0.000  3.944 0.559000
319.291667 320.291667  10.590 0.000  2.733 0.559000
323.291667 324.291667  14.007 0.000  1.429 0.559000
326.291667 327.291667   7.624 0.000  1.429 0.559000
330.291667 331.291667   8.235 0.000  2.769 0.559000
333.291667 334.291667  11.950 0.000  3.609 0.559000
337.291667 338.291667   3.728 0.000  2.646 0.559000
340.291667 341.291667   5.862 0.000  2.954 0.559000
344.291667 345.291667   4.000 0.000  1.156 0.559000
347.291667 348.291667   7.963 0.000  3.206 0.559000
351.291667 352.291667   6.100 0.000  2.484 0.559000
354.291667 355.291667   1.880 0.000  0.629 0.559000
358.291667 359.291667   9.190 0.000  2.694 0.559000
361.291667 362.291667   8.112 0.000  2.694 0.559000
