scripts/IMPROVE-2019_partial/data/US0306R.20090101070000.20191216000000.filterpack...52w.3d.US03L_filterpack_US0306.US03L_IMPROVE_Davis.lev2.nas
52 1001
MISSING INFORMATION
US03L, IMPROVE, , , , , , , 
MISSING INFORMATION
IMPROVE sel_HTAP
1 1
2009 01 01 2019 12 16
3.000000
days from file reference point
5
1 1 1 1 1
999.999999 999.999 9.999 999.999 9.999
end_time of measurement, days from the file reference point
pm10_mass, ug/m3, Matrix=pm10
numflag pm10_mass, no unit, Matrix=pm10
pm25_mass, ug/m3, Matrix=pm25
numflag pm25_mass, no unit, Matrix=pm25
0
33
Data definition:              EBAS_1.1
Set type code:                TU
Timezone:                     UTC
File name:                    US0306R.20090101070000.20191216000000.filterpack...52w.3d.US03L_filterpack_US0306.US03L_IMPROVE_Davis.lev2.nas
File creation:                20191218120232
Startdate:                    20090101070000
Revision date:                20191216000000
Version:                      2
Version description:          "Data extracted from http://views.cira.colostate.edu/fed/DataWizard 2019-12-16"
Statistics:                   arithmetic mean
Data level:                   2
Period code:                  52w
Resolution code:              3d
Sample duration:              1d
Orig. time res.:              3d
Station code:                 US0306R
Platform code:                US0306S
Station name:                 Organ Pipe Cactus National Monument
Station latitude:             31.9506
Station longitude:            -112.8
Station altitude:             506.0 m
Regime:                       IMG
Component:                    
Unit:                         ug/m3
Matrix:                       
Laboratory code:              US03L
Instrument type:              filterpack
Instrument name:              filterpack_US0306
Method ref:                   US03L_IMPROVE_Davis
Blank correction:             Blank corrected
Volume std. temperature:      ambient
Volume std. pressure:         ambient
starttime endtime PM10 flag_PM10 PM2.5 flag_PM2.5
  0.291667   1.291667   6.305 0.000   3.244 0.000
  3.291667   4.291667   4.758 0.000   2.389 0.000
  6.291667   7.291667   2.770 0.000   1.050 0.000
  9.291667  10.291667   3.552 0.000   0.866 0.000
 12.291667  13.291667   3.567 0.000   1.498 0.000
 15.291667  16.291667   8.603 0.000   2.938 0.000
 18.291667  19.291667   8.069 0.000   2.961 0.000
 21.291667  22.291667  11.991 0.000   5.326 0.000
 24.291667  25.291667   3.913 0.000   1.928 0.000
 27.291667  28.291667   4.034 0.000   1.386 0.000
 30.291667  31.291667   5.877 0.000   2.192 0.000
 33.291667  34.291667   9.445 0.000   2.902 0.000
 36.291667  37.291667  10.105 0.000   3.075 0.000
 39.291667  40.291667   8.231 0.000   2.207 0.000
 42.291667  43.291667   5.951 0.000   1.958 0.000
 45.291667  46.291667   5.749 0.000   1.514 0.000
 48.291667  49.291667   7.849 0.000   1.503 0.000
 51.291667  52.291667   5.080 0.000   1.537 0.000
 54.291667  55.291667   6.731 0.000   2.614 0.000
 57.291667  58.291667   9.274 0.000   2.994 0.000
 60.291667  61.291667  16.260 0.000   5.004 0.000
 63.291667  64.291667  10.948 0.000   4.126 0.000
 66.291667  67.291667   8.839 0.000   2.994 0.000
 69.291667  70.291667  12.000 0.000   4.162 0.000
 72.291667  73.291667   9.236 0.000   3.919 0.000
 75.291667  76.291667   9.295 0.000   3.819 0.000
 78.291667  79.291667  11.763 0.000   4.346 0.000
 81.291667  82.291667  38.581 0.000   8.835 0.000
 84.291667  85.291667  20.387 0.000   5.549 0.000
 87.291667  88.291667  13.957 0.000   4.966 0.000
 90.291667  91.291667  21.801 0.000   6.139 0.000
 93.291667  94.291667  20.458 0.000   7.242 0.000
 96.291667  97.291667   7.343 0.000   2.934 0.000
 99.291667 100.291667  23.244 0.000   4.731 0.000
102.291667 103.291667   8.748 0.000   3.483 0.000
105.291667 106.291667  17.889 0.000   4.781 0.000
108.291667 109.291667  10.187 0.000   4.285 0.000
111.291667 112.291667  12.372 0.000   4.269 0.000
114.291667 115.291667  10.791 0.000   4.610 0.000
117.291667 118.291667  16.661 0.000   5.861 0.000
120.291667 121.291667  19.836 0.000   8.205 0.000
123.291667 124.291667  23.625 0.000   7.226 0.000
126.291667 127.291667  21.408 0.000  12.710 0.000
129.291667 130.291667  12.612 0.000   6.338 0.000
132.291667 133.291667  21.565 0.000   8.736 0.000
135.291667 136.291667  12.201 0.000   5.202 0.000
138.291667 139.291667  16.324 0.000   5.725 0.000
141.291667 142.291667   6.310 0.000   4.214 0.000
144.291667 145.291667   9.239 0.000   4.986 0.000
147.291667 148.291667  12.628 0.000   5.276 0.000
150.291667 151.291667   8.282 0.000   3.588 0.000
153.291667 154.291667   4.719 0.000   2.556 0.000
156.291667 157.291667  16.899 0.000   5.256 0.000
159.291667 160.291667   7.434 0.000   2.652 0.000
162.291667 163.291667  12.870 0.000   4.831 0.000
165.291667 166.291667  10.577 0.000   3.660 0.000
168.291667 169.291667   9.103 0.000   3.023 0.000
171.291667 172.291667 999.999 0.999 999.999 0.999
174.291667 175.291667  13.324 0.000   4.003 0.000
177.291667 178.291667  16.991 0.000   6.581 0.000
180.291667 181.291667  11.434 0.000   4.511 0.000
183.291667 184.291667  29.583 0.000   6.439 0.000
186.291667 187.291667  17.513 0.000   5.681 0.000
189.291667 190.291667  10.831 0.000   3.452 0.000
192.291667 193.291667  11.114 0.000   4.253 0.000
195.291667 196.291667  31.461 0.000   8.122 0.000
198.291667 199.291667  23.770 0.000   8.300 0.000
201.291667 202.291667  29.574 0.000  10.051 0.000
204.291667 205.291667  20.273 0.000   6.638 0.000
207.291667 208.291667  10.995 0.000   5.755 0.000
210.291667 211.291667  18.753 0.000   6.941 0.000
213.291667 214.291667  10.548 0.000   4.040 0.000
216.291667 217.291667  17.736 0.000   5.347 0.000
219.291667 220.291667  19.279 0.000   5.147 0.000
222.291667 223.291667   9.374 0.000   3.343 0.000
225.291667 226.291667  15.038 0.000   4.401 0.000
228.291667 229.291667   6.161 0.000   2.342 0.000
231.291667 232.291667  23.333 0.000   6.379 0.000
234.291667 235.291667   7.847 0.000   4.534 0.000
237.291667 238.291667   7.470 0.000   3.546 0.000
240.291667 241.291667  48.531 0.000  11.626 0.000
243.291667 244.291667  53.849 0.000   9.274 0.000
246.291667 247.291667  15.701 0.000   5.361 0.000
249.291667 250.291667   7.105 0.000   3.300 0.000
252.291667 253.291667  10.016 0.000   3.483 0.000
255.291667 256.291667  15.800 0.000   4.953 0.000
258.291667 259.291667   8.594 0.000   2.807 0.000
261.291667 262.291667   7.059 0.000   3.109 0.000
264.291667 265.291667  14.930 0.000   4.440 0.000
267.291667 268.291667  12.542 0.000   3.983 0.000
270.291667 271.291667   9.667 0.000 999.999 0.699
273.291667 274.291667  18.203 0.000   3.365 0.000
276.291667 277.291667  18.503 0.000   4.961 0.000
279.291667 280.291667  15.350 0.000   4.739 0.000
282.291667 283.291667  15.396 0.000   5.186 0.000
285.291667 286.291667   7.840 0.000   3.845 0.000
288.291667 289.291667   8.362 0.000   2.378 0.000
291.291667 292.291667   7.371 0.000   2.659 0.000
294.291667 295.291667   9.586 0.000   2.814 0.000
297.291667 298.291667  10.108 0.000   2.916 0.000
300.291667 301.291667   9.226 0.000   1.911 0.000
303.291667 304.291667  12.015 0.000   3.548 0.000
306.291667 307.291667   8.561 0.000   3.939 0.000
309.291667 310.291667  11.474 0.000   4.313 0.000
312.291667 313.291667   5.641 0.000   2.564 0.000
315.291667 316.291667  13.054 0.000   4.727 0.000
318.291667 319.291667   8.876 0.000   3.308 0.000
321.291667 322.291667  17.082 0.000   4.783 0.000
324.291667 325.291667  12.761 0.000   4.965 0.000
327.291667 328.291667  15.425 0.000   3.244 0.000
330.291667 331.291667  23.077 0.000   6.345 0.000
333.291667 334.291667   5.114 0.000   1.743 0.000
336.291667 337.291667   8.255 0.000   2.713 0.000
339.291667 340.291667  11.425 0.000   3.747 0.000
342.291667 343.291667  11.956 0.000   2.728 0.000
345.291667 346.291667   6.244 0.000   1.979 0.000
348.291667 349.291667   5.210 0.000   2.112 0.000
351.291667 352.291667   8.816 0.000   2.979 0.000
354.291667 355.291667  12.281 0.000   5.765 0.000
357.291667 358.291667  10.093 0.000   2.434 0.000
360.291667 361.291667   5.400 0.000   2.406 0.000
363.291667 364.291667  13.230 0.000   3.864 0.000
