scripts/IMPROVE-2019_partial/data/US0306R.20030103070000.20191216000000.filterpack..pm25.1y.1w.US03L_filterpack_US0306.US03L_IMPROVE_Davis.lev2.nas
66 1001
MISSING INFORMATION
US03L, IMPROVE, , , , , , , 
MISSING INFORMATION
IMPROVE sel_HTAP
1 1
2003 01 01 2019 12 16
3.000000
days from file reference point
27
1 1 1 1 1 1 1 1 1 1 1 1 1 1 1 1 1 1 1 1 1 1 1 1 1 1 1
999.999999 9999.99 9.999 99.99 9.999999 9.999 9.999999 99.99 9.999999 9.999 9.999 99.999 9.999 999.999 9.999 999.99 9.999999 999.999 9.999 999.999 9.999 999.999 9.999 9.999 9.999 99.999 9.999
end_time of measurement, days from the file reference point
iron, ng/m3, Revision date=20181210133000
numflag iron, no unit, Revision date=20181210133000
lead, ng/m3, Revision date=20181210133000
numflag lead, no unit, Revision date=20181210133000
magnesium, ug/m3, Revision date=20181210133000
numflag magnesium, no unit, Revision date=20181210133000
nickel, ng/m3, Revision date=20181210133000
numflag nickel, no unit, Revision date=20181210133000
nitrate, ug N/m3, Revision date=20181210133000
numflag nitrate, no unit, Revision date=20181210133000
organic_carbon, ug C/m3, Revision date=20181210133000
numflag organic_carbon, no unit, Revision date=20181210133000
organic_mass, ug/m3, Revision date=20181210133000
numflag organic_mass, no unit, Revision date=20181210133000
phosphorus, ng/m3, Revision date=20181210133000
numflag phosphorus, no unit, Revision date=20181210133000
pm10_mass, ug/m3, Version=2, Version description=Data extracted from http://views.cira.colostate.edu/fed/DataWizard 2019-12-16, Sample duration=1d, Orig. time res.=3d, Matrix=pm10, Blank correction=Blank corrected, Volume std. temperature=ambient, Volume std. pressure=ambient
numflag pm10_mass, no unit, Version=2, Version description=Data extracted from http://views.cira.colostate.edu/fed/DataWizard 2019-12-16, Sample duration=1d, Orig. time res.=3d, Matrix=pm10, Blank correction=Blank corrected, Volume std. temperature=ambient, Volume std. pressure=ambient
pm10_pm25_mass, ug/m3, Revision date=20181210133000, Matrix=pm10_pm25
numflag pm10_pm25_mass, no unit, Revision date=20181210133000, Matrix=pm10_pm25
pm25_mass, ug/m3, Version=2, Version description=Data extracted from http://views.cira.colostate.edu/fed/DataWizard 2019-12-16, Sample duration=1d, Orig. time res.=3d, Blank correction=Blank corrected, Volume std. temperature=ambient, Volume std. pressure=ambient
numflag pm25_mass, no unit, Version=2, Version description=Data extracted from http://views.cira.colostate.edu/fed/DataWizard 2019-12-16, Sample duration=1d, Orig. time res.=3d, Blank correction=Blank corrected, Volume std. temperature=ambient, Volume std. pressure=ambient
potassium, ug/m3, Revision date=20181210133000
numflag potassium, no unit, Revision date=20181210133000
sulphate_total, ug S/m3, Revision date=20181210133000
numflag sulphate_total, no unit, Revision date=20181210133000
0
25
Data definition:              EBAS_1.1
Set type code:                TU
Timezone:                     UTC
File name:                    US0306R.20030103070000.20191216000000.filterpack..pm25.1y.1w.US03L_filterpack_US0306.US03L_IMPROVE_Davis.lev2.nas
File creation:                20191218120230
Startdate:                    20030103070000
Revision date:                20191216000000
Statistics:                   arithmetic mean
Data level:                   2
Period code:                  1y
Resolution code:              1w
Station code:                 US0306R
Platform code:                US0306S
Station name:                 Organ Pipe Cactus National Monument
Station latitude:             31.9506
Station longitude:            -112.8
Station altitude:             506.0 m
Regime:                       IMG
Component:                    
Matrix:                       pm25
Laboratory code:              US03L
Instrument type:              filterpack
Instrument name:              filterpack_US0306
Method ref:                   US03L_IMPROVE_Davis
starttime endtime Fe flag_Fe Pb flag_Pb Mg++ flag_Mg++ Ni flag_Ni NO3- flag_NO3- OC flag_OC OM flag_OM P flag_P PM10 flag_PM10 PM10-PM2.5 flag_PM10-PM2.5 PM2.5 flag_PM2.5 K+ flag_K+ SO4-- flag_SO4--
[from data line 79]
239.291667 240.291667   25.04 0.000  0.13 0.000000 9.999 0.259000  0.25 0.000000 0.033 0.000  0.649 0.000   0.908 0.000 999.99 0.259000   7.310 0.000   3.645 0.000   3.665 0.000 0.025 0.000  0.528 0.000
242.291667 243.291667   23.60 0.000  0.37 0.000000 9.999 0.259000  0.49 0.000000 0.049 0.000  0.679 0.000   0.951 0.000 999.99 0.259000   7.550 0.000   3.559 0.000   3.991 0.000 0.026 0.000  0.569 0.000
245.291667 246.291667   66.96 0.000  0.51 0.000000 9.999 0.259000  0.71 0.000000 0.055 0.000  0.927 0.000   1.298 0.000 999.99 0.259000  16.397 0.000  10.313 0.000   6.083 0.000 0.058 0.000  0.735 0.000
248.291667 249.291667 9999.99 0.999 99.99 0.999000 9.999 0.999000 99.99 0.999000 9.999 0.999 99.999 0.999 999.999 0.999 999.99 0.999000 999.999 0.999 999.999 0.999 999.999 0.999 9.999 0.999 99.999 0.999
251.291667 252.291667 9999.99 0.999 99.99 0.999000 9.999 0.999000 99.99 0.999000 9.999 0.999 99.999 0.999 999.999 0.999 999.99 0.999000 999.999 0.999 999.999 0.999 999.999 0.999 9.999 0.999 99.999 0.999
254.291667 255.291667   49.57 0.559  0.59 0.559000 0.032 0.559000  0.07 0.559000 0.073 0.000  0.819 0.000   1.147 0.000 999.99 0.559259  11.601 0.000   7.327 0.000   4.274 0.559 0.062 0.559  0.414 0.000
257.291667 258.291667   40.52 0.559  0.40 0.559000 0.019 0.559000  0.31 0.559000 0.039 0.000  0.959 0.000   1.343 0.000 999.99 0.559259  11.561 0.000   6.953 0.000   4.607 0.559 0.045 0.559  0.585 0.000
260.291667 261.291667   35.57 0.559  0.48 0.559000 9.999 0.559259  0.68 0.559000 0.073 0.000  0.813 0.000   1.138 0.000 999.99 0.559259  10.758 0.000   6.038 0.000   4.720 0.559 0.042 0.559  0.590 0.000
263.291667 264.291667   37.13 0.559  0.55 0.559000 9.999 0.559259 99.99 0.559259 0.013 0.000  0.896 0.000   1.255 0.000 999.99 0.559259   7.667 0.000   4.830 0.000   2.837 0.559 0.041 0.559  0.253 0.000
266.291667 267.291667    9.31 0.559  0.18 0.559000 0.033 0.559000  0.17 0.559000 0.017 0.000  0.321 0.000   0.450 0.000 999.99 0.559259   2.410 0.000   0.903 0.000   1.507 0.559 0.011 0.559  0.160 0.000
269.291667 270.291667   34.59 0.559  0.54 0.559000 0.036 0.559000  0.15 0.559000 0.077 0.000  0.747 0.000   1.046 0.000 999.99 0.559259   7.884 0.000   3.704 0.000   4.181 0.559 0.036 0.559  0.450 0.000
272.291667 273.291667   41.56 0.559  0.72 0.559000 9.999 0.559259  0.32 0.559000 0.042 0.000  0.915 0.000   1.281 0.000 999.99 0.559259  10.879 0.000   5.252 0.000   5.628 0.559 0.047 0.559  0.701 0.000
275.291667 276.291667   51.76 0.559  0.48 0.559000 0.014 0.559000  0.40 0.559000 0.056 0.000  0.447 0.000   0.626 0.000 999.99 0.559259  13.644 0.000   9.695 0.000   3.949 0.559 0.056 0.559  0.282 0.000
278.291667 279.291667   21.58 0.000  0.70 0.000000 9.999 0.259000  0.09 0.000000 0.011 0.000  0.275 0.000   0.385 0.000 999.99 0.259000   5.719 0.000   3.383 0.000   2.336 0.000 0.019 0.000  0.274 0.000
281.291667 282.291667   21.79 0.559  0.64 0.559000 9.999 0.559259  0.09 0.559000 0.053 0.000  0.649 0.000   0.909 0.000 999.99 0.559259   9.451 0.000   6.223 0.000   3.228 0.559 0.028 0.559  0.291 0.000
284.291667 285.291667   30.05 0.559  0.72 0.559000 9.999 0.559259 99.99 0.559259 0.039 0.000  0.550 0.000   0.770 0.000 999.99 0.559259   9.314 0.000   5.676 0.000   3.638 0.559 0.042 0.559  0.404 0.000
287.291667 288.291667   34.27 0.000  0.71 0.000000 9.999 0.259000  0.43 0.000000 0.041 0.000  0.622 0.000   0.871 0.000 999.99 0.259000  11.588 0.000   6.122 0.000   5.466 0.000 0.043 0.000  0.751 0.000
290.291667 291.291667   66.32 0.699  1.50 0.699000 9.999 0.699259  0.06 0.699000 0.017 0.000  0.917 0.000   1.284 0.000 999.99 0.699259  11.480 0.000   6.344 0.000   5.136 0.699 0.048 0.699  0.474 0.000
293.291667 294.291667   75.06 0.559  1.21 0.559000 0.027 0.559000  0.08 0.559000 0.014 0.000  0.843 0.000   1.180 0.000  41.17 0.559000  12.541 0.000   8.067 0.000   4.474 0.559 0.048 0.559  0.329 0.000
296.291667 297.291667   98.37 0.699  1.01 0.699000 9.999 0.699259  0.23 0.699000 0.021 0.000  1.084 0.000   1.517 0.000 999.99 0.699259  16.715 0.000   9.702 0.000   7.013 0.699 0.090 0.699  0.640 0.000
299.291667 300.291667   71.66 0.559  0.77 0.559000 9.999 0.559259 99.99 0.559259 0.019 0.000  0.652 0.000   0.913 0.000 999.99 0.559259  15.270 0.000  11.306 0.000   3.963 0.559 0.055 0.559  0.179 0.000
302.291667 303.291667 9999.99 0.699 99.99 0.699000 9.999 0.699000 99.99 0.699000 0.221 0.000  7.742 0.000  10.839 0.000 999.99 0.699000  41.995 0.000 999.999 0.999 999.999 0.699 9.999 0.699  0.500 0.000
305.291667 306.291667   54.43 0.000  0.86 0.000000 0.034 0.000000  0.14 0.000000 0.086 0.000  0.950 0.000   1.330 0.000 999.99 0.259000  12.914 0.000   8.501 0.000   4.413 0.000 0.081 0.000  0.208 0.000
308.291667 309.291667   46.89 0.000  0.47 0.000000 9.999 0.259000 99.99 0.259000 0.045 0.000  0.353 0.000   0.495 0.000 999.99 0.259000   7.972 0.000   4.402 0.000   3.570 0.000 0.031 0.000  0.139 0.000
311.291667 312.291667   92.63 0.699  0.78 0.699000 9.999 0.699259  0.06 0.699000 0.052 0.000  0.573 0.000   0.802 0.000 999.99 0.699259   9.454 0.000   6.000 0.000   3.455 0.699 0.068 0.699  0.157 0.000
314.291667 315.291667   23.76 0.000  0.33 0.000000 9.999 0.259000  0.09 0.000000 0.021 0.000  0.520 0.000   0.728 0.000 999.99 0.259000   3.801 0.000   1.934 0.000   1.867 0.000 0.051 0.000  0.095 0.000
317.291667 318.291667   21.38 0.559  0.51 0.559000 9.999 0.559259  0.05 0.559000 0.086 0.000  0.539 0.000   0.755 0.000 999.99 0.559259   3.369 0.000   1.494 0.000   1.876 0.559 0.014 0.559  0.138 0.000
320.291667 321.291667    8.98 0.000  0.23 0.000000 9.999 0.259000 99.99 0.259000 0.023 0.000  0.333 0.000   0.467 0.000 999.99 0.259000   2.563 0.000   2.467 0.000   0.096 0.000 0.008 0.000  0.085 0.000
323.291667 324.291667   39.30 0.559  1.19 0.559000 9.999 0.559259 99.99 0.559259 0.018 0.000  0.606 0.000   0.848 0.000 999.99 0.559259   6.903 0.000   4.112 0.000   2.791 0.559 0.026 0.559  0.160 0.000
326.291667 327.291667   21.86 0.559  1.16 0.559000 0.033 0.559000 99.99 0.559259 0.027 0.000  0.476 0.000   0.667 0.000 999.99 0.559259   4.630 0.000   2.885 0.000   1.744 0.559 0.018 0.559  0.081 0.000
329.291667 330.291667   61.05 0.000  1.25 0.000000 0.019 0.000000  0.46 0.000000 0.064 0.000  0.523 0.000   0.733 0.000 999.99 0.259000  11.249 0.000   7.444 0.000   3.805 0.000 0.055 0.000  0.280 0.000
332.291667 333.291667   83.25 0.000  1.09 0.000000 9.999 0.259000 99.99 0.259000 0.016 0.000  0.915 0.000   1.282 0.000 999.99 0.259000   9.868 0.000   6.919 0.000   2.949 0.000 0.062 0.000  0.144 0.000
335.291667 336.291667   90.57 0.000  1.90 0.000000 9.999 0.259000  0.04 0.000000 0.046 0.000  0.793 0.000   1.110 0.000 999.99 0.259000  13.102 0.000   8.886 0.000   4.216 0.000 0.067 0.000  0.242 0.000
338.291667 339.291667  132.25 0.000  3.74 0.000000 9.999 0.259000 99.99 0.259000 0.150 0.000  1.750 0.000   2.450 0.000 999.99 0.259000  17.097 0.000  10.595 0.000   6.502 0.000 0.094 0.000  0.355 0.000
341.291667 342.291667   32.23 0.000  0.66 0.000000 9.999 0.259000  0.36 0.000000 0.063 0.000  0.506 0.000   0.708 0.000 999.99 0.259000   7.919 0.000   4.668 0.000   3.251 0.000 0.031 0.000  0.350 0.000
344.291667 345.291667   47.70 0.000  1.07 0.000000 0.022 0.000000  0.14 0.000000 0.065 0.000  0.522 0.000   0.730 0.000 999.99 0.259000   9.600 0.000   6.746 0.000   2.854 0.000 0.060 0.000  0.145 0.000
347.291667 348.291667   18.64 0.000  0.79 0.000000 0.021 0.000000  0.22 0.000000 0.291 0.000  0.919 0.000   1.287 0.000 999.99 0.259000   4.386 0.000   1.913 0.000   2.473 0.000 0.026 0.000  0.137 0.000
350.291667 351.291667   58.41 0.000  0.89 0.000000 9.999 0.259000 99.99 0.259000 0.028 0.000  0.397 0.000   0.556 0.000 999.99 0.259000  10.541 0.000   8.416 0.000   2.125 0.000 0.038 0.000  0.117 0.000
353.291667 354.291667   91.44 0.000  1.07 0.000000 9.999 0.259000  0.33 0.000000 0.036 0.000  0.825 0.000   1.155 0.000 999.99 0.259000  10.604 0.000   6.658 0.000   3.946 0.000 0.074 0.000  0.137 0.000
356.291667 357.291667   50.32 0.000  1.78 0.000000 0.045 0.000000  0.08 0.000000 0.041 0.000  0.533 0.000   0.746 0.000 999.99 0.259000   7.122 0.000   4.641 0.000   2.481 0.000 0.047 0.000  0.112 0.000
359.291667 360.291667  111.23 0.000  0.26 0.000000 9.999 0.259000  0.06 0.000000 0.051 0.000  0.471 0.000   0.659 0.000 999.99 0.259000  16.953 0.000  12.545 0.000   4.408 0.000 0.092 0.000  0.099 0.000
362.291667 363.291667   44.29 0.000  2.32 0.000000 0.022 0.000000 99.99 0.259000 0.036 0.000  0.241 0.000   0.338 0.000 999.99 0.259000   6.164 0.000   4.475 0.000   1.688 0.000 0.028 0.000  0.068 0.000
