scripts/IMPROVE-2019_partial/data/US0306R.20050101070000.20191216000000.filterpack..pm25.52w.1w.US03L_filterpack_US0306.US03L_IMPROVE_Davis.lev2.nas
66 1001
MISSING INFORMATION
US03L, IMPROVE, , , , , , , 
MISSING INFORMATION
IMPROVE sel_HTAP
1 1
2005 01 01 2019 12 16
3.000000
days from file reference point
27
1 1 1 1 1 1 1 1 1 1 1 1 1 1 1 1 1 1 1 1 1 1 1 1 1 1 1
999.999999 9999.99 9.999 99.99 9.999 9.999 9.999999 99.99 9.999 9.999 9.999999 99.999 9.999 99.999 9.999 99.99 9.999999 999.999 9.999 999.999 9.999 999.999 9.999 9.999 9.999 99.999 9.999999
end_time of measurement, days from the file reference point
iron, ng/m3, Revision date=20181210133000
numflag iron, no unit, Revision date=20181210133000
lead, ng/m3, Revision date=20181210133000
numflag lead, no unit, Revision date=20181210133000
magnesium, ug/m3, Revision date=20181210133000
numflag magnesium, no unit, Revision date=20181210133000
nickel, ng/m3, Revision date=20181210133000
numflag nickel, no unit, Revision date=20181210133000
nitrate, ug N/m3, Revision date=20181210133000
numflag nitrate, no unit, Revision date=20181210133000
organic_carbon, ug C/m3, Revision date=20181210133000
numflag organic_carbon, no unit, Revision date=20181210133000
organic_mass, ug/m3, Revision date=20181210133000
numflag organic_mass, no unit, Revision date=20181210133000
phosphorus, ng/m3, Revision date=20181210133000
numflag phosphorus, no unit, Revision date=20181210133000
pm10_mass, ug/m3, Version=2, Version description=Data extracted from http://views.cira.colostate.edu/fed/DataWizard 2019-12-16, Sample duration=1d, Orig. time res.=3d, Matrix=pm10, Blank correction=Blank corrected, Volume std. temperature=ambient, Volume std. pressure=ambient
numflag pm10_mass, no unit, Version=2, Version description=Data extracted from http://views.cira.colostate.edu/fed/DataWizard 2019-12-16, Sample duration=1d, Orig. time res.=3d, Matrix=pm10, Blank correction=Blank corrected, Volume std. temperature=ambient, Volume std. pressure=ambient
pm10_pm25_mass, ug/m3, Revision date=20181210133000, Matrix=pm10_pm25
numflag pm10_pm25_mass, no unit, Revision date=20181210133000, Matrix=pm10_pm25
pm25_mass, ug/m3, Version=2, Version description=Data extracted from http://views.cira.colostate.edu/fed/DataWizard 2019-12-16, Sample duration=1d, Orig. time res.=3d, Blank correction=Blank corrected, Volume std. temperature=ambient, Volume std. pressure=ambient
numflag pm25_mass, no unit, Version=2, Version description=Data extracted from http://views.cira.colostate.edu/fed/DataWizard 2019-12-16, Sample duration=1d, Orig. time res.=3d, Blank correction=Blank corrected, Volume std. temperature=ambient, Volume std. pressure=ambient
potassium, ug/m3, Revision date=20181210133000
numflag potassium, no unit, Revision date=20181210133000
sulphate_total, ug S/m3, Revision date=20181210133000
numflag sulphate_total, no unit, Revision date=20181210133000
0
25
Data definition:              EBAS_1.1
Set type code:                TU
Timezone:                     UTC
File name:                    US0306R.20050101070000.20191216000000.filterpack..pm25.52w.1w.US03L_filterpack_US0306.US03L_IMPROVE_Davis.lev2.nas
File creation:                20191218120231
Startdate:                    20050101070000
Revision date:                20191216000000
Statistics:                   arithmetic mean
Data level:                   2
Period code:                  52w
Resolution code:              1w
Station code:                 US0306R
Platform code:                US0306S
Station name:                 Organ Pipe Cactus National Monument
Station latitude:             31.9506
Station longitude:            -112.8
Station altitude:             506.0 m
Regime:                       IMG
Component:                    
Matrix:                       pm25
Laboratory code:              US03L
Instrument type:              filterpack
Instrument name:              filterpack_US0306
Method ref:                   US03L_IMPROVE_Davis
starttime endtime Fe flag_Fe Pb flag_Pb Mg++ flag_Mg++ Ni flag_Ni NO3- flag_NO3- OC flag_OC OM flag_OM P flag_P PM10 flag_PM10 PM10-PM2.5 flag_PM10-PM2.5 PM2.5 flag_PM2.5 K+ flag_K+ SO4-- flag_SO4--
  0.291667   1.291667    7.02 0.000  0.25 0.000 9.999 0.259000  0.70 0.000 0.073 0.000000  0.352 0.000  0.634 0.000 99.99 0.259000   3.346 0.000   1.287 0.000   2.059 0.000 0.020 0.000  0.209 0.000000
  3.291667   4.291667    4.34 0.000  0.21 0.000 9.999 0.259000 99.99 0.259 0.014 0.000000  0.178 0.000  0.321 0.000 99.99 0.259000   3.591 0.000   2.561 0.000   1.070 0.000 0.011 0.000  0.043 0.000000
  6.291667   7.291667    9.86 0.000  0.36 0.000 9.999 0.259000  0.20 0.000 0.268 0.000000  0.576 0.000  1.037 0.000 99.99 0.259000   2.379 0.000   1.127 0.000   1.252 0.000 0.020 0.000  0.077 0.000000
  9.291667  10.291667   13.10 0.000  0.41 0.000 9.999 0.259000  0.28 0.000 0.017 0.000000  0.584 0.000  1.051 0.000  3.83 0.000000   2.515 0.000   0.950 0.000   1.565 0.000 0.055 0.000  0.066 0.000000
 12.291667  13.291667   21.71 0.000  1.57 0.000 9.999 0.259000  0.14 0.000 0.024 0.000000  0.310 0.000  0.557 0.000 99.99 0.259000   3.309 0.000   2.387 0.000   0.921 0.000 0.010 0.000  0.069 0.000000
 15.291667  16.291667   30.23 0.000  2.94 0.000 9.999 0.259000 99.99 0.259 0.071 0.000000  0.696 0.000  1.254 0.000 99.99 0.259000   4.877 0.000   2.679 0.000   2.197 0.000 0.024 0.000  0.120 0.000000
 18.291667  19.291667   77.32 0.000  2.51 0.000 9.999 0.259000  0.16 0.000 0.035 0.000000  1.035 0.000  1.864 0.000 99.99 0.259000  12.270 0.000   7.673 0.000   4.597 0.000 0.076 0.000  0.400 0.000000
 21.291667  22.291667   18.57 0.000  1.51 0.000 9.999 0.259000  0.36 0.000 0.100 0.000000  0.898 0.000  1.617 0.000 99.99 0.259000   4.831 0.000   1.100 0.000   3.731 0.000 0.039 0.000  0.452 0.000000
 24.291667  25.291667   18.20 0.000  0.98 0.000 9.999 0.259000  0.64 0.000 0.035 0.000000  0.632 0.000  1.138 0.000 99.99 0.259000   5.598 0.000   1.810 0.000   3.814 0.000 0.034 0.000  0.555 0.000000
 27.291667  28.291667    9.49 0.000  0.86 0.000 0.005 0.000000  0.15 0.000 0.042 0.000000  0.437 0.000  0.786 0.000 99.99 0.259000   3.179 0.000   0.828 0.000   2.350 0.000 0.015 0.000  0.285 0.000000
 30.291667  31.291667   13.18 0.000  1.05 0.000 9.999 0.259000 99.99 0.259 0.145 0.000000  0.578 0.000  1.041 0.000 99.99 0.259000   3.674 0.000   1.269 0.000   2.405 0.000 0.008 0.000  0.230 0.000000
 33.291667  34.291667   22.34 0.000  0.68 0.000 9.999 0.259000  0.22 0.000 0.019 0.000000  0.398 0.000  0.716 0.000 99.99 0.259000   8.357 0.000   5.317 0.000   3.038 0.000 0.021 0.000  0.394 0.000000
 36.291667  37.291667   21.11 0.000  1.07 0.000 0.015 0.000000  0.43 0.000 0.127 0.000000  0.571 0.000  1.027 0.000 99.99 0.259000   9.182 0.000   4.696 0.000   4.485 0.000 0.035 0.000  0.460 0.000000
 39.291667  40.291667   36.34 0.000  1.86 0.000 0.015 0.000000 99.99 0.259 0.165 0.000000  0.763 0.000  1.374 0.000 99.99 0.259000  10.188 0.000   6.807 0.000   3.381 0.000 0.031 0.000  0.238 0.000000
 42.291667  43.291667    5.46 0.000  0.34 0.000 9.999 0.259000  0.31 0.000 0.044 0.000000  0.305 0.000  0.550 0.000 99.99 0.259000   4.102 0.000   1.898 0.000   2.203 0.000 0.013 0.000  0.178 0.000000
 45.291667  46.291667    7.56 0.000  0.15 0.000 0.009 0.000000 99.99 0.259 0.019 0.000000  0.509 0.000  0.916 0.000 99.99 0.259000   3.002 0.000   1.462 0.000   1.543 0.000 0.008 0.000  0.108 0.000000
 48.291667  49.291667   11.24 0.000  1.10 0.000 9.999 0.259000  0.35 0.000 0.057 0.000000  0.910 0.000  1.639 0.000 99.99 0.259000   4.758 0.000   1.488 0.000   3.269 0.000 0.013 0.000  0.294 0.000000
 51.291667  52.291667    5.99 0.000  0.38 0.000 0.011 0.000000  0.27 0.000 0.030 0.000000  0.224 0.000  0.404 0.000 99.99 0.259000   3.045 0.000   1.645 0.000   1.399 0.000 0.010 0.000  0.102 0.000000
 54.291667  55.291667    4.43 0.000  0.32 0.000 0.006 0.000000  0.17 0.000 0.028 0.000000  0.428 0.000  0.770 0.000 99.99 0.259000   2.116 0.000   0.961 0.000   1.155 0.000 0.006 0.000  0.085 0.000000
 57.291667  58.291667   13.38 0.000  0.81 0.000 9.999 0.259000 99.99 0.259 0.062 0.000000  0.704 0.000  1.267 0.000 99.99 0.259000   5.174 0.000   1.682 0.000   3.491 0.000 0.017 0.000  0.362 0.000000
 60.291667  61.291667   35.98 0.000  1.76 0.000 9.999 0.259000  0.15 0.000 0.035 0.000000  0.647 0.000  1.164 0.000 99.99 0.259000   7.321 0.000   4.101 0.000   3.219 0.000 0.023 0.000  0.323 0.000000
 63.291667  64.291667   13.29 0.000  0.65 0.000 0.020 0.000000  0.36 0.000 0.042 0.000000  0.814 0.000  1.465 0.000 99.99 0.259000   4.078 0.000   2.313 0.000   1.765 0.000 0.019 0.000  0.159 0.000000
 66.291667  67.291667   30.72 0.000  1.46 0.000 0.006 0.000000 99.99 0.259 0.022 0.000000  0.576 0.000  1.036 0.000 99.99 0.259000   3.446 0.000   0.822 0.000   2.638 0.000 0.021 0.000  0.310 0.000000
 69.291667  70.291667   83.60 0.000  2.84 0.000 9.999 0.259000 99.99 0.259 0.051 0.000000  1.277 0.000  2.298 0.000 99.99 0.259000  11.713 0.000   6.876 0.000   4.836 0.000 0.059 0.000  0.271 0.000000
 72.291667  73.291667   52.40 0.000  1.07 0.000 0.019 0.000000  0.61 0.000 0.093 0.000000  0.572 0.000  1.030 0.000 99.99 0.259000   9.390 0.000   5.237 0.000   4.152 0.000 0.049 0.000  0.412 0.000000
 75.291667  76.291667   84.91 0.000  2.29 0.000 0.030 0.000000  0.09 0.000 0.036 0.000000  0.433 0.000  0.780 0.000 99.99 0.259000   9.744 0.000   6.209 0.000   3.534 0.000 0.062 0.000  0.274 0.000000
 78.291667  79.291667   30.64 0.000  1.34 0.000 0.034 0.000000 99.99 0.259 0.083 0.000000  0.327 0.000  0.588 0.000 99.99 0.259000   6.120 0.000   3.244 0.000   2.875 0.000 0.038 0.000  0.195 0.000000
 81.291667  82.291667   42.49 0.000  0.83 0.000 9.999 0.259000  0.19 0.000 0.064 0.000000  0.300 0.000  0.541 0.000 99.99 0.259000  10.562 0.000   7.885 0.000   2.677 0.000 0.038 0.000  0.122 0.000000
 84.291667  85.291667   22.40 0.000  1.33 0.000 9.999 0.259000  0.23 0.000 0.019 0.000000  0.241 0.000  0.433 0.000 99.99 0.259000   4.669 0.000   3.474 0.000   1.195 0.000 0.017 0.000  0.092 0.000000
 87.291667  88.291667   88.84 0.000  1.06 0.000 0.024 0.000000 99.99 0.259 0.115 0.000000  0.584 0.000  1.051 0.000 99.99 0.259000  16.220 0.000  11.927 0.000   4.494 0.000 0.065 0.000  0.270 0.000000
 90.291667  91.291667  100.51 0.000  0.88 0.000 0.046 0.000000 99.99 0.259 0.024 0.000000  0.356 0.000  0.640 0.000 99.99 0.259000  12.705 0.000   8.880 0.000   3.823 0.000 0.065 0.000  0.160 0.000000
 93.291667  94.291667  109.40 0.000  1.79 0.000 0.036 0.000000  0.27 0.000 0.076 0.000000  0.399 0.000  0.718 0.000 99.99 0.259000  14.140 0.000   8.861 0.000   5.278 0.000 0.074 0.000  0.427 0.000000
 96.291667  97.291667  190.03 0.000  2.51 0.000 0.064 0.000000 99.99 0.259 0.050 0.000000  0.915 0.000  1.648 0.000 99.99 0.259000  18.031 0.000  10.449 0.000   7.581 0.000 0.163 0.000  0.396 0.000000
 99.291667 100.291667   74.96 0.000  0.94 0.000 0.026 0.000000 99.99 0.259 0.101 0.000000  0.348 0.000  0.627 0.000 99.99 0.259000   8.353 0.000   4.856 0.000   3.496 0.000 0.056 0.000  0.252 0.000000
102.291667 103.291667  227.47 0.000  2.54 0.000 0.083 0.000000  0.10 0.000 0.043 0.000000  0.890 0.000  1.602 0.000 99.99 0.259000  13.998 0.000   6.479 0.000   7.518 0.000 0.139 0.000  0.350 0.000000
105.291667 106.291667  335.88 0.000  4.20 0.000 0.139 0.000000  0.22 0.000 0.098 0.000000  0.883 0.000  1.589 0.000 99.99 0.259000  19.848 0.000   8.206 0.000  11.640 0.000 0.215 0.000  0.665 0.000000
108.291667 109.291667  121.94 0.000  2.29 0.000 0.043 0.000000  0.43 0.000 0.179 0.000000  0.983 0.000  1.769 0.000 99.99 0.259000  16.809 0.000   9.053 0.000   7.755 0.000 0.110 0.000  0.706 0.000000
111.291667 112.291667  213.69 0.000  1.68 0.000 0.085 0.000000  0.14 0.000 0.140 0.000000  0.725 0.000  1.305 0.000 99.99 0.259000  12.864 0.000   5.273 0.000   7.590 0.000 0.256 0.000  0.406 0.000000
114.291667 115.291667   53.11 0.000  0.72 0.000 9.999 0.259000  0.19 0.000 0.054 0.000000  0.402 0.000  0.723 0.000 99.99 0.259000   6.998 0.000   4.183 0.000   2.815 0.000 0.037 0.000  0.177 0.000000
117.291667 118.291667   96.66 0.000  1.62 0.000 0.019 0.000000  0.46 0.000 0.094 0.000000  0.479 0.000  0.862 0.000 99.99 0.259000   9.881 0.000   4.777 0.000   5.103 0.000 0.069 0.000  0.480 0.000000
120.291667 121.291667   52.07 0.000  0.88 0.000 9.999 0.259000 99.99 0.259 0.038 0.000000  0.261 0.000  0.469 0.000 99.99 0.259000   7.236 0.000   4.463 0.000   2.772 0.000 0.040 0.000  0.163 0.000000
123.291667 124.291667  116.59 0.000  2.13 0.000 0.034 0.000000  0.16 0.000 0.079 0.000000  0.518 0.000  0.932 0.000 99.99 0.259000  11.785 0.000   5.865 0.000   5.919 0.000 0.079 0.000  0.655 0.000000
126.291667 127.291667   66.92 0.000  1.39 0.000 9.999 0.259000 99.99 0.259 0.107 0.000000  0.314 0.000  0.566 0.000 99.99 0.259000   7.536 0.000   4.306 0.000   3.229 0.000 0.050 0.000  0.420 0.000000
129.291667 130.291667  117.46 0.000  1.28 0.000 0.023 0.000000  0.10 0.000 0.056 0.000000  0.353 0.000  0.635 0.000 99.99 0.259000   9.407 0.000   5.447 0.000   3.960 0.000 0.074 0.000  0.287 0.000000
132.291667 133.291667  108.89 0.000  1.30 0.000 0.036 0.000000  0.10 0.000 0.060 0.000000  0.627 0.000  1.128 0.000 99.99 0.259000  10.211 0.000   5.748 0.000   4.462 0.000 0.095 0.000  0.297 0.000000
135.291667 136.291667  109.97 0.000  1.56 0.000 0.032 0.000000  0.18 0.000 0.096 0.000000  0.881 0.000  1.586 0.000 99.99 0.259000  15.910 0.000   9.604 0.000   6.305 0.000 0.133 0.000  0.528 0.000000
138.291667 139.291667  158.70 0.000  1.23 0.000 0.031 0.000000  0.57 0.000 0.096 0.000000  0.621 0.000  1.118 0.000 99.99 0.259000  14.270 0.000   5.951 0.000   8.317 0.000 0.111 0.000  0.697 0.000000
141.291667 142.291667  148.89 0.394  1.54 0.394 0.035 0.394000  0.45 0.394 0.070 0.394000  1.176 0.000  2.117 0.000 99.99 0.394259  16.661 0.000   9.051 0.000   7.647 0.000 0.132 0.394  0.515 0.394000
144.291667 145.291667   82.77 0.000  1.30 0.000 0.035 0.000000  1.00 0.000 0.174 0.559000  1.002 0.000  1.803 0.000 99.99 0.259000 999.999 0.456   6.560 0.000   8.583 0.000 0.097 0.000  0.795 0.559000
147.291667 148.291667   51.08 0.000  0.86 0.000 9.999 0.259000  0.69 0.000 0.104 0.559000  0.927 0.559  1.668 0.559 99.99 0.259000 999.999 0.456   6.560 0.000   5.929 0.000 0.079 0.000  0.764 0.559000
150.291667 151.291667   80.58 0.000  1.29 0.000 0.020 0.000000  0.22 0.000 0.140 0.559000  0.744 0.000  1.338 0.000 99.99 0.259000 999.999 0.456   6.560 0.000   5.304 0.000 0.094 0.000  0.658 0.559000
153.291667 154.291667   53.11 0.000  0.87 0.000 0.015 0.000000  0.47 0.000 0.120 0.559000  0.556 0.000  1.000 0.000 99.99 0.259000  12.615 0.000   7.473 0.000   5.061 0.000 0.057 0.000  0.495 0.559000
156.291667 157.291667   64.14 0.000  1.21 0.000 0.017 0.000000  0.36 0.000 0.109 0.559000  0.448 0.559  0.806 0.559 99.99 0.259000  13.765 0.000   8.402 0.000   5.273 0.000 0.073 0.000  0.541 0.559000
159.291667 160.291667   54.21 0.000  0.59 0.000 0.035 0.000000  0.27 0.000 0.076 0.559000  0.594 0.000  1.069 0.000 99.99 0.259000  12.130 0.000   7.065 0.000   4.988 0.000 0.084 0.000  0.392 0.559000
162.291667 163.291667   26.26 0.000  0.43 0.000 9.999 0.259000  0.31 0.000 0.075 0.559000  0.448 0.000  0.807 0.000 99.99 0.259000   8.211 0.000   5.264 0.000   2.890 0.000 0.036 0.000  0.311 0.559000
165.291667 166.291667   57.16 0.000  0.58 0.000 0.013 0.000000  0.73 0.000 0.065 0.559000  0.431 0.000  0.777 0.000 99.99 0.259000  11.185 0.000   6.138 0.000   4.980 0.000 0.078 0.000  0.541 0.559000
168.291667 169.291667   90.69 0.000  0.67 0.000 9.999 0.259000  0.43 0.000 0.030 0.559000  0.308 0.000  0.554 0.000 99.99 0.259000   6.872 0.000   2.278 0.000   4.569 0.000 0.082 0.000  0.464 0.559000
171.291667 172.291667  168.97 0.394  0.75 0.394 0.039 0.394000  0.68 0.394 0.055 0.559394  1.053 0.000  1.895 0.000 99.99 0.394259  13.955 0.000   4.160 0.000   9.792 0.000 0.178 0.394  0.818 0.559394
174.291667 175.291667   94.13 0.000  0.47 0.000 9.999 0.259000  0.56 0.000 0.083 0.559000  1.004 0.000  1.807 0.000 99.99 0.259000  17.009 0.000   8.012 0.000   8.910 0.000 0.125 0.000  0.858 0.559000
177.291667 178.291667   41.68 0.000  0.76 0.000 9.999 0.259000 99.99 0.259 0.017 0.559000  0.594 0.000  1.068 0.000 99.99 0.259000  10.149 0.000   5.882 0.000   4.204 0.000 0.056 0.000  0.554 0.559000
180.291667 181.291667   82.24 0.000  0.70 0.000 0.019 0.000000  0.16 0.000 0.031 0.559000  0.640 0.000  1.152 0.000 99.99 0.259000  13.528 0.000   8.365 0.000   5.073 0.000 0.148 0.000  0.455 0.559000
183.291667 184.291667   75.91 0.000  0.36 0.000 9.999 0.259000  0.78 0.000 0.054 0.559000  0.351 0.000  0.632 0.000 99.99 0.259000  12.906 0.000   7.338 0.000   5.489 0.000 0.077 0.000  0.572 0.559000
186.291667 187.291667   74.19 0.000  0.57 0.000 9.999 0.259000  0.55 0.000 0.065 0.559000  0.613 0.559  1.103 0.559 99.99 0.259000  16.293 0.000   9.592 0.000   6.701 0.000 0.120 0.000  0.788 0.559000
189.291667 190.291667   59.78 0.000  0.60 0.000 9.999 0.259000  0.15 0.000 0.045 0.559000  0.458 0.559  0.824 0.559 99.99 0.259000  14.221 0.000   9.684 0.000   4.537 0.000 0.086 0.000  0.438 0.559000
192.291667 193.291667   53.05 0.000 99.99 0.259 9.999 0.259000  0.11 0.000 0.045 0.559000  0.685 0.559  1.233 0.559 99.99 0.259000  10.009 0.000   6.228 0.000   3.781 0.000 0.153 0.000  0.339 0.559000
195.291667 196.291667   82.32 0.000  0.51 0.000 0.018 0.000000  0.95 0.000 0.065 0.559000  0.879 0.559  1.582 0.559 99.99 0.259000  16.012 0.000   9.652 0.000   6.360 0.000 0.106 0.000  0.785 0.559000
198.291667 199.291667   92.71 0.000  0.46 0.000 9.999 0.259000  0.46 0.000 0.049 0.559000  0.964 0.559  1.736 0.559 99.99 0.259000  19.404 0.000  13.314 0.000   6.090 0.000 0.091 0.000  0.647 0.559000
201.291667 202.291667   52.32 0.394  0.71 0.394 9.999 0.394259  0.66 0.394 0.045 0.559394  0.543 0.559  0.977 0.559 99.99 0.394259  12.902 0.000   5.859 0.000   7.043 0.000 0.072 0.394  0.971 0.559394
204.291667 205.291667   15.07 0.000  0.24 0.000 9.999 0.259000  0.37 0.000 0.074 0.559000  0.263 0.559  0.473 0.559 99.99 0.259000   7.920 0.000   3.906 0.000   3.971 0.000 0.024 0.000  0.589 0.559000
207.291667 208.291667   22.46 0.000  0.58 0.000 0.007 0.000000  0.31 0.000 0.047 0.000000  0.273 0.559  0.492 0.559 99.99 0.259000   9.360 0.000   5.573 0.000   3.728 0.000 0.026 0.000  0.616 0.000000
210.291667 211.291667 9999.99 0.999 99.99 0.999 9.999 0.999000 99.99 0.999 9.999 0.999000 99.999 0.999 99.999 0.999 99.99 0.999000 999.999 0.999 999.999 0.999 999.999 0.999 9.999 0.999 99.999 0.999000
213.291667 214.291667 9999.99 0.999 99.99 0.999 9.999 0.999000 99.99 0.999 9.999 0.999000 99.999 0.999 99.999 0.999 99.99 0.999000 999.999 0.999 999.999 0.999 999.999 0.999 9.999 0.999 99.999 0.999000
216.291667 217.291667 9999.99 0.999 99.99 0.999 9.999 0.999000 99.99 0.999 9.999 0.999000 99.999 0.999 99.999 0.999 99.99 0.999000 999.999 0.999 999.999 0.999 999.999 0.999 9.999 0.999 99.999 0.999000
219.291667 220.291667   33.40 0.000  0.27 0.000 9.999 0.259000  0.26 0.000 0.014 0.000000  0.354 0.559  0.637 0.559 99.99 0.259000   6.269 0.000   2.460 0.000   3.781 0.000 0.022 0.000  0.572 0.000000
222.291667 223.291667   62.03 0.000  1.33 0.000 9.999 0.259000  0.26 0.000 0.059 0.000000  0.661 0.559  1.190 0.559 99.99 0.259000  11.974 0.000   4.975 0.000   6.944 0.000 0.049 0.000  1.031 0.000000
225.291667 226.291667   38.45 0.000  0.38 0.000 9.999 0.259000  0.32 0.000 0.052 0.000000  0.237 0.559  0.427 0.559 99.99 0.259000  10.304 0.000   6.203 0.000   4.035 0.000 0.031 0.000  0.599 0.000000
228.291667 229.291667   63.03 0.000  0.55 0.000 0.013 0.000000  0.54 0.000 0.061 0.559000  0.141 0.559  0.255 0.559 99.99 0.259000  12.739 0.000   7.239 0.000   5.421 0.000 0.046 0.000  0.756 0.559000
231.291667 232.291667   34.21 0.000  0.49 0.000 9.999 0.259000  0.18 0.000 0.024 0.559000  0.158 0.559  0.285 0.559 99.99 0.259000   8.859 0.000   5.503 0.000   3.297 0.000 0.053 0.000  0.475 0.559000
234.291667 235.291667   46.53 0.394  0.71 0.394 9.999 0.394259  0.35 0.394 0.037 0.559394  0.409 0.559  0.736 0.559 99.99 0.394259  13.792 0.000   9.133 0.000   4.756 0.000 0.042 0.394  0.642 0.559394
