scripts/IMPROVE-2019_partial/data/US0566R.19900103080000.20191216000000.filterpack...1y.3d.US03L_filterpack_US0566.US03L_IMPROVE_Davis.lev2.nas
52 1001
MISSING INFORMATION
US03L, IMPROVE, , , , , , , 
MISSING INFORMATION
IMPROVE sel_HTAP
1 1
1990 01 01 2019 12 16
0
days from file reference point
5
1 1 1 1 1
999.999999 999.999 9.999 999.999 9.999999
end_time of measurement, days from the file reference point
pm10_mass, ug/m3, Matrix=pm10
numflag pm10_mass, no unit, Matrix=pm10
pm25_mass, ug/m3, Matrix=pm25
numflag pm25_mass, no unit, Matrix=pm25
0
33
Data definition:              EBAS_1.1
Set type code:                TI
Timezone:                     UTC
File name:                    US0566R.19900103080000.20191216000000.filterpack...1y.3d.US03L_filterpack_US0566.US03L_IMPROVE_Davis.lev2.nas
File creation:                20191218120242
Startdate:                    19900103080000
Revision date:                20191216000000
Version:                      2
Version description:          "Data extracted from http://views.cira.colostate.edu/fed/DataWizard 2019-12-16"
Statistics:                   arithmetic mean
Data level:                   2
Period code:                  1y
Resolution code:              3d
Sample duration:              1d
Orig. time res.:              3d
Station code:                 US0566R
Platform code:                US0566S
Station name:                 Pinnacles National Monument-Bear Valley (CA66)
Station latitude:             36.4834
Station longitude:            -121.157
Station altitude:             317.0 m
Regime:                       IMG
Component:                    
Unit:                         ug/m3
Matrix:                       
Laboratory code:              US03L
Instrument type:              filterpack
Instrument name:              filterpack_US0566
Method ref:                   US03L_IMPROVE_Davis
Blank correction:             Blank corrected
Volume std. temperature:      ambient
Volume std. pressure:         ambient
starttime endtime PM10 flag_PM10 PM2.5 flag_PM2.5
  2.333333   3.333333 999.999 0.999   4.954 0.000000
  5.333333   6.333333 999.999 0.999  10.892 0.000000
  9.333333  10.333333  12.466 0.000   8.323 0.000000
 12.333333  13.333333 999.999 0.999   1.548 0.000000
 16.333333  17.333333   4.708 0.000   2.627 0.000000
 19.333333  20.333333   9.500 0.000   8.280 0.000000
 23.333333  24.333333   5.809 0.000   2.910 0.000000
 26.333333  27.333333   5.424 0.000   3.127 0.000000
 30.333333  31.333333  10.372 0.000   4.452 0.000000
 33.333333  34.333333   6.063 0.000   3.089 0.000000
 37.333333  38.333333  14.795 0.000   4.810 0.000000
 40.333333  41.333333  11.107 0.000  10.223 0.000000
 44.333333  45.333333   6.107 0.000   2.736 0.000000
 47.333333  48.333333  13.612 0.000   1.184 0.000000
 51.333333  52.333333 999.999 0.999 999.999 0.999000
 54.333333  55.333333 999.999 0.999  13.292 0.000000
 58.333333  59.333333 999.999 0.999 999.999 0.999000
 61.333333  62.333333   3.086 0.000   1.371 0.000000
 65.333333  66.333333  10.200 0.000   5.900 0.000000
 68.333333  69.333333   8.889 0.000   5.277 0.000000
 72.333333  73.333333  10.952 0.000   3.354 0.000000
 75.333333  76.333333  17.623 0.000  10.594 0.000000
 79.333333  80.333333  11.367 0.000   5.745 0.000000
 82.333333  83.333333  26.972 0.000  11.327 0.000000
 86.333333  87.333333  14.060 0.000   7.446 0.000000
 89.333333  90.333333  18.392 0.000  14.608 0.000000
 93.333333  94.333333  14.280 0.000   7.217 0.000000
 96.333333  97.333333  14.870 0.000   7.025 0.000000
100.333333 101.333333   8.359 0.000   2.808 0.000000
103.333333 104.333333  17.756 0.000  15.647 0.000000
107.333333 108.333333 999.999 0.999   3.651 0.000000
110.333333 111.333333 999.999 0.999   4.286 0.000000
114.333333 115.333333  13.945 0.000   6.483 0.000000
117.333333 118.333333  15.375 0.000   4.559 0.000000
121.333333 122.333333  16.680 0.000   7.183 0.000000
124.333333 125.333333  11.878 0.000   5.635 0.000000
128.333333 129.333333  41.125 0.000   9.659 0.000000
131.333333 132.333333  13.250 0.000   5.759 0.000000
135.333333 136.333333  31.390 0.000   8.282 0.000000
138.333333 139.333333   7.047 0.000   5.215 0.000000
142.333333 143.333333 999.999 0.259   2.602 0.000000
145.333333 146.333333   7.360 0.000   7.304 0.000000
149.333333 150.333333 999.999 0.259   3.232 0.000000
152.333333 153.333333  14.857 0.000   5.244 0.000000
156.333333 157.333333   7.480 0.000   3.827 0.000000
159.333333 160.333333  11.796 0.000 999.999 0.999000
163.333333 164.333333  19.237 0.000   5.076 0.000000
166.333333 167.333333  10.116 0.000   9.940 0.000000
170.333333 171.333333  32.016 0.000  12.025 0.000000
173.333333 174.333333  11.836 0.000   9.066 0.000000
177.333333 178.333333  16.310 0.000   4.141 0.000000
180.333333 181.333333  22.131 0.000   7.025 0.000000
184.333333 185.333333  27.500 0.000 999.999 0.999000
187.333333 188.333333  18.000 0.000   7.883 0.000000
191.333333 192.333333  19.544 0.000  10.063 0.000000
194.333333 195.333333  18.049 0.000  11.512 0.000000
198.333333 199.333333  21.474 0.000   6.739 0.000000
201.333333 202.333333  16.250 0.000 999.999 0.999000
205.333333 206.333333  27.136 0.000  12.671 0.000000
208.333333 209.333333  17.623 0.000  12.050 0.000000
212.333333 213.333333  13.490 0.000   7.009 0.000000
215.333333 216.333333  27.195 0.000  12.827 0.000000
219.333333 220.333333  36.546 0.000  15.535 0.000000
222.333333 223.333333  39.643 0.000  16.732 0.000000
226.333333 227.333333   7.881 0.000 999.999 0.999000
229.333333 230.333333   3.806 0.000 999.999 0.999000
233.333333 234.333333  53.899 0.000  10.429 0.000000
236.333333 237.333333  10.909 0.000 999.999 0.999000
240.333333 241.333333  14.098 0.000   9.167 0.000000
243.333333 244.333333  13.389 0.000   6.543 0.559000
247.333333 248.333333  12.172 0.000 999.999 0.559259
250.333333 251.333333  15.455 0.000   5.841 0.559000
254.333333 255.333333  21.747 0.000  11.306 0.559000
257.333333 258.333333  17.071 0.000 999.999 0.559259
261.333333 262.333333  13.686 0.000   4.562 0.559000
264.333333 265.333333 999.999 0.999  14.348 0.559000
268.333333 269.333333  19.737 0.000   7.262 0.559000
271.333333 272.333333  21.130 0.000  12.446 0.559000
275.333333 276.333333  24.635 0.000 999.999 0.559259
278.333333 279.333333  16.264 0.000   9.120 0.559000
282.333333 283.333333  30.000 0.000  11.987 0.559000
285.333333 286.333333  25.088 0.000   8.423 0.559000
289.333333 290.333333  26.751 0.000  10.997 0.559000
292.333333 293.333333  13.915 0.000 999.999 0.559259
296.333333 297.333333  16.766 0.000   7.893 0.559000
299.333333 300.333333  15.918 0.000 999.999 0.559259
303.333333 304.333333  11.392 0.000   4.177 0.559000
306.333333 307.333333  14.336 0.000 999.999 0.559259
310.333333 311.333333  13.347 0.000 999.999 0.559259
313.333333 314.333333  14.938 0.000   5.126 0.559000
317.333333 318.333333  21.009 0.000  13.694 0.559000
320.333333 321.333333  40.928 0.000 999.999 0.559259
324.333333 325.333333  13.930 0.000   4.161 0.559000
327.333333 328.333333  20.000 0.000   8.814 0.559000
331.333333 332.333333  12.731 0.000   9.353 0.559000
334.333333 335.333333  16.136 0.000  11.203 0.559000
338.333333 339.333333 999.999 0.999 999.999 0.999000
341.333333 342.333333  16.466 0.000   7.601 0.559000
345.333333 346.333333 999.999 0.999 999.999 0.559259
348.333333 349.333333   5.278 0.000   3.654 0.559000
352.333333 353.333333   6.471 0.000   5.548 0.559000
355.333333 356.333333   8.404 0.000   5.160 0.559000
359.333333 360.333333   9.777 0.000   6.815 0.559000
362.333333 363.333333  19.858 0.000 999.999 0.559259
