scripts/IMPROVE-2019_partial/data/US0566R.20080101080000.20191216000000.filterpack...52w.3d.US03L_filterpack_US0566.US03L_IMPROVE_Davis.lev2.nas
52 1001
MISSING INFORMATION
US03L, IMPROVE, , , , , , , 
MISSING INFORMATION
IMPROVE sel_HTAP
1 1
2008 01 01 2019 12 16
3.000000
days from file reference point
5
1 1 1 1 1
999.999999 999.999 9.999 999.999 9.999
end_time of measurement, days from the file reference point
pm10_mass, ug/m3, Matrix=pm10
numflag pm10_mass, no unit, Matrix=pm10
pm25_mass, ug/m3, Matrix=pm25
numflag pm25_mass, no unit, Matrix=pm25
0
33
Data definition:              EBAS_1.1
Set type code:                TU
Timezone:                     UTC
File name:                    US0566R.20080101080000.20191216000000.filterpack...52w.3d.US03L_filterpack_US0566.US03L_IMPROVE_Davis.lev2.nas
File creation:                20191218120245
Startdate:                    20080101080000
Revision date:                20191216000000
Version:                      2
Version description:          "Data extracted from http://views.cira.colostate.edu/fed/DataWizard 2019-12-16"
Statistics:                   arithmetic mean
Data level:                   2
Period code:                  52w
Resolution code:              3d
Sample duration:              1d
Orig. time res.:              3d
Station code:                 US0566R
Platform code:                US0566S
Station name:                 Pinnacles National Monument-Bear Valley (CA66)
Station latitude:             36.4834
Station longitude:            -121.157
Station altitude:             317.0 m
Regime:                       IMG
Component:                    
Unit:                         ug/m3
Matrix:                       
Laboratory code:              US03L
Instrument type:              filterpack
Instrument name:              filterpack_US0566
Method ref:                   US03L_IMPROVE_Davis
Blank correction:             Blank corrected
Volume std. temperature:      ambient
Volume std. pressure:         ambient
starttime endtime PM10 flag_PM10 PM2.5 flag_PM2.5
  0.333333   1.333333   6.924 0.000   3.068 0.000
  3.333333   4.333333   4.005 0.000   1.860 0.000
  6.333333   7.333333   3.505 0.000   1.774 0.000
  9.333333  10.333333   4.497 0.000   1.651 0.000
 12.333333  13.333333   4.112 0.000   2.641 0.000
 15.333333  16.333333   4.200 0.000   2.287 0.000
 18.333333  19.333333   6.105 0.000   3.591 0.000
 21.333333  22.333333   1.263 0.000   0.421 0.000
 24.333333  25.333333   3.342 0.000   1.294 0.000
 27.333333  28.333333   4.325 0.000   1.595 0.000
 30.333333  31.333333   6.360 0.000   2.934 0.000
 33.333333  34.333333   5.696 0.000   2.533 0.000
 36.333333  37.333333   6.264 0.000   3.305 0.000
 39.333333  40.333333   6.816 0.000   4.999 0.000
 42.333333  43.333333   5.411 0.000   3.249 0.000
 45.333333  46.333333   5.248 0.000   2.475 0.000
 48.333333  49.333333  12.507 0.000   8.377 0.000
 51.333333  52.333333   3.721 0.000   1.890 0.000
 54.333333  55.333333   6.068 0.000   2.639 0.000
 57.333333  58.333333   6.358 0.000   3.154 0.000
 60.333333  61.333333   7.314 0.000 999.999 0.456
 63.333333  64.333333   8.128 0.000   3.775 0.000
 66.333333  67.333333  10.886 0.000   5.562 0.000
 69.333333  70.333333   6.793 0.000   2.801 0.000
 72.333333  73.333333   4.984 0.000   2.124 0.000
 75.333333  76.333333   3.671 0.000   1.590 0.000
 78.333333  79.333333   8.564 0.000   3.527 0.000
 81.333333  82.333333   9.705 0.000   4.714 0.000
 84.333333  85.333333   4.057 0.000   1.450 0.000
 87.333333  88.333333   7.620 0.000   3.278 0.000
 90.333333  91.333333  12.814 0.000   5.997 0.000
 93.333333  94.333333   6.107 0.000 999.999 0.999
 96.333333  97.333333   7.109 0.000 999.999 0.999
 99.333333 100.333333   6.288 0.000   3.026 0.000
102.333333 103.333333  15.491 0.000   7.326 0.000
105.333333 106.333333   9.140 0.000   3.330 0.000
108.333333 109.333333  18.885 0.000   7.579 0.000
111.333333 112.333333   9.663 0.000   4.343 0.000
114.333333 115.333333   9.082 0.000   3.705 0.000
117.333333 118.333333  12.126 0.000   4.921 0.000
120.333333 121.333333  11.040 0.000   3.485 0.000
123.333333 124.333333  22.690 0.000  13.608 0.000
126.333333 127.333333  15.074 0.000   5.857 0.000
129.333333 130.333333  21.716 0.000   9.643 0.000
132.333333 133.333333  16.723 0.000   7.560 0.000
135.333333 136.333333  23.797 0.000   7.010 0.000
138.333333 139.333333  11.416 0.000   4.597 0.000
141.333333 142.333333  21.225 0.000   6.708 0.000
144.333333 145.333333  15.304 0.000   6.199 0.000
147.333333 148.333333   5.827 0.000   2.519 0.000
150.333333 151.333333   9.732 0.000   3.951 0.000
153.333333 154.333333  13.415 0.000   5.463 0.000
156.333333 157.333333  12.953 0.000   4.735 0.000
159.333333 160.333333  10.186 0.000   4.186 0.000
162.333333 163.333333  15.318 0.000   3.968 0.000
165.333333 166.333333  16.276 0.000   7.353 0.000
168.333333 169.333333  15.089 0.000   6.760 0.000
171.333333 172.333333   8.446 0.000   3.979 0.000
174.333333 175.333333  15.608 0.000   7.562 0.000
177.333333 178.333333  36.152 0.000  24.851 0.000
180.333333 181.333333  18.864 0.000  12.875 0.000
183.333333 184.333333  12.366 0.000   4.820 0.000
186.333333 187.333333  10.243 0.000   6.137 0.000
189.333333 190.333333  53.204 0.000  41.286 0.000
192.333333 193.333333  24.033 0.000  13.554 0.000
195.333333 196.333333  21.473 0.000  12.302 0.000
198.333333 199.333333  14.796 0.000   6.129 0.000
201.333333 202.333333  16.444 0.000   8.185 0.000
204.333333 205.333333  20.131 0.000  10.205 0.000
207.333333 208.333333  20.235 0.000  10.337 0.000
210.333333 211.333333  11.453 0.000   3.670 0.000
213.333333 214.333333  12.715 0.000   3.930 0.000
216.333333 217.333333  13.931 0.000   5.425 0.000
219.333333 220.333333  13.347 0.000   4.648 0.000
222.333333 223.333333 999.999 0.999 999.999 0.999
225.333333 226.333333  21.801 0.000  10.711 0.000
228.333333 229.333333  13.764 0.000   5.518 0.000
231.333333 232.333333   6.441 0.000   1.544 0.000
234.333333 235.333333  11.415 0.000   3.412 0.000
237.333333 238.333333  11.251 0.000   2.969 0.000
240.333333 241.333333  17.990 0.000   4.947 0.000
243.333333 244.333333  19.058 0.000   7.884 0.000
246.333333 247.333333  25.931 0.000   6.317 0.000
249.333333 250.333333  15.021 0.000   5.269 0.000
252.333333 253.333333  10.996 0.000   4.702 0.000
255.333333 256.333333  17.595 0.000   8.445 0.000
258.333333 259.333333  20.185 0.000   7.493 0.000
261.333333 262.333333  17.215 0.000   5.742 0.000
264.333333 265.333333   6.727 0.000   2.577 0.000
267.333333 268.333333  21.727 0.000   6.898 0.000
270.333333 271.333333  18.510 0.000   4.875 0.000
273.333333 274.333333  18.321 0.000  11.088 0.000
276.333333 277.333333   8.259 0.000   2.796 0.000
279.333333 280.333333   9.164 0.000   4.058 0.000
282.333333 283.333333  20.861 0.000   7.394 0.000
285.333333 286.333333  16.494 0.000   4.639 0.000
288.333333 289.333333  17.619 0.000   5.216 0.000
291.333333 292.333333  15.113 0.000   7.183 0.000
294.333333 295.333333  14.369 0.000   3.631 0.000
297.333333 298.333333  17.498 0.000   6.167 0.000
300.333333 301.333333  23.746 0.000   8.955 0.000
303.333333 304.333333  18.931 0.000   5.836 0.000
306.333333 307.333333   6.040 0.000   2.357 0.000
309.333333 310.333333   7.082 0.000   2.975 0.000
312.333333 313.333333   5.847 0.000   3.456 0.000
315.333333 316.333333   6.453 0.000   2.638 0.000
318.333333 319.333333   6.925 0.000   3.399 0.000
321.333333 322.333333   7.214 0.000   2.225 0.000
324.333333 325.333333   6.262 0.000   3.138 0.000
327.333333 328.333333  11.641 0.000   5.487 0.000
330.333333 331.333333  11.755 0.000  10.166 0.000
333.333333 334.333333   9.070 0.000   7.833 0.000
336.333333 337.333333   8.287 0.000   7.574 0.000
339.333333 340.333333   5.409 0.000   2.891 0.000
342.333333 343.333333  11.549 0.000   7.642 0.000
345.333333 346.333333   8.142 0.000   3.309 0.000
348.333333 349.333333   3.987 0.000   2.049 0.000
351.333333 352.333333   4.252 0.000   3.023 0.000
354.333333 355.333333   5.013 0.000   2.719 0.000
357.333333 358.333333   2.285 0.000   1.011 0.000
360.333333 361.333333   5.897 0.000   3.226 0.000
363.333333 364.333333   2.251 0.000   1.465 0.000
