scripts/IMPROVE-2019_partial/data/US0596R.20040101080000.20191216000000.filterpack..pm25.52w.1w.US03L_filterpack_US0596.US03L_IMPROVE_Davis.lev2.nas
66 1001
MISSING INFORMATION
US03L, IMPROVE, , , , , , , 
MISSING INFORMATION
IMPROVE sel_HTAP
1 1
2004 01 01 2019 12 16
3.000000
days from file reference point
27
1 1 1 1 1 1 1 1 1 1 1 1 1 1 1 1 1 1 1 1 1 1 1 1 1 1 1
999.999999 9999.99 9.999 99.99 9.999 9.999 9.999999 99.99 9.999999 9.999 9.999999 9999.999 9.999 9999.999 9.999 99.99 9.999999 999.999 9.999 99.999 9.999 99.999 9.999 9.999 9.999 9.999 9.999999
end_time of measurement, days from the file reference point
iron, ng/m3, Revision date=20181210133000
numflag iron, no unit, Revision date=20181210133000
lead, ng/m3, Revision date=20181210133000
numflag lead, no unit, Revision date=20181210133000
magnesium, ug/m3, Revision date=20181210133000
numflag magnesium, no unit, Revision date=20181210133000
nickel, ng/m3, Revision date=20181210133000
numflag nickel, no unit, Revision date=20181210133000
nitrate, ug N/m3, Revision date=20181210133000
numflag nitrate, no unit, Revision date=20181210133000
organic_carbon, ug C/m3, Revision date=20181210133000
numflag organic_carbon, no unit, Revision date=20181210133000
organic_mass, ug/m3, Revision date=20181210133000
numflag organic_mass, no unit, Revision date=20181210133000
phosphorus, ng/m3, Revision date=20181210133000
numflag phosphorus, no unit, Revision date=20181210133000
pm10_mass, ug/m3, Version=2, Version description=Data extracted from http://views.cira.colostate.edu/fed/DataWizard 2019-12-16, Sample duration=1d, Orig. time res.=3d, Matrix=pm10, Blank correction=Blank corrected, Volume std. temperature=ambient, Volume std. pressure=ambient
numflag pm10_mass, no unit, Version=2, Version description=Data extracted from http://views.cira.colostate.edu/fed/DataWizard 2019-12-16, Sample duration=1d, Orig. time res.=3d, Matrix=pm10, Blank correction=Blank corrected, Volume std. temperature=ambient, Volume std. pressure=ambient
pm10_pm25_mass, ug/m3, Revision date=20181210133000, Matrix=pm10_pm25
numflag pm10_pm25_mass, no unit, Revision date=20181210133000, Matrix=pm10_pm25
pm25_mass, ug/m3, Version=2, Version description=Data extracted from http://views.cira.colostate.edu/fed/DataWizard 2019-12-16, Sample duration=1d, Orig. time res.=3d, Blank correction=Blank corrected, Volume std. temperature=ambient, Volume std. pressure=ambient
numflag pm25_mass, no unit, Version=2, Version description=Data extracted from http://views.cira.colostate.edu/fed/DataWizard 2019-12-16, Sample duration=1d, Orig. time res.=3d, Blank correction=Blank corrected, Volume std. temperature=ambient, Volume std. pressure=ambient
potassium, ug/m3, Revision date=20181210133000
numflag potassium, no unit, Revision date=20181210133000
sulphate_total, ug S/m3, Revision date=20181210133000
numflag sulphate_total, no unit, Revision date=20181210133000
0
25
Data definition:              EBAS_1.1
Set type code:                TU
Timezone:                     UTC
File name:                    US0596R.20040101080000.20191216000000.filterpack..pm25.52w.1w.US03L_filterpack_US0596.US03L_IMPROVE_Davis.lev2.nas
File creation:                20191218120256
Startdate:                    20040101080000
Revision date:                20191216000000
Statistics:                   arithmetic mean
Data level:                   2
Period code:                  52w
Resolution code:              1w
Station code:                 US0596R
Platform code:                US0596S
Station name:                 Lassen Volcanic National Park-Manzanita Lake
Station latitude:             40.539
Station longitude:            -121.5772
Station altitude:             1754.0 m
Regime:                       IMG
Component:                    
Matrix:                       pm25
Laboratory code:              US03L
Instrument type:              filterpack
Instrument name:              filterpack_US0596
Method ref:                   US03L_IMPROVE_Davis
starttime endtime Fe flag_Fe Pb flag_Pb Mg++ flag_Mg++ Ni flag_Ni NO3- flag_NO3- OC flag_OC OM flag_OM P flag_P PM10 flag_PM10 PM10-PM2.5 flag_PM10-PM2.5 PM2.5 flag_PM2.5 K+ flag_K+ SO4-- flag_SO4--
  0.333333   1.333333 9999.99 0.999 99.99 0.999 9.999 0.999000 99.99 0.999000 9.999 0.999000 9999.999 0.999 9999.999 0.999 99.99 0.999000 999.999 0.999 99.999 0.999 99.999 0.999 9.999 0.999 9.999 0.999000
  3.333333   4.333333 9999.99 0.999 99.99 0.999 9.999 0.999000 99.99 0.999000 9.999 0.999000 9999.999 0.999 9999.999 0.999 99.99 0.999000 999.999 0.999 99.999 0.999 99.999 0.999 9.999 0.999 9.999 0.999000
  6.333333   7.333333    5.17 0.000  0.22 0.000 9.999 0.259000  0.18 0.000000 0.001 0.559000    0.143 0.000    0.201 0.000 99.99 0.259000   0.400 0.000  0.000 0.000  0.400 0.000 0.003 0.000 0.011 0.559000
  9.333333  10.333333    5.51 0.000  0.27 0.000 9.999 0.259000  0.17 0.000000 0.009 0.559000    0.240 0.000    0.336 0.000 99.99 0.259000   0.832 0.000  0.021 0.000  0.811 0.000 0.007 0.000 0.039 0.559000
 12.333333  13.333333   16.71 0.000  0.51 0.000 9.999 0.259000  0.10 0.000000 0.056 0.559000    0.319 0.000    0.447 0.000 99.99 0.259000   2.315 0.000  0.788 0.000  1.527 0.000 0.016 0.000 0.085 0.559000
 15.333333  16.333333    7.69 0.000  0.15 0.000 9.999 0.259000  0.11 0.000000 0.003 0.559000    0.267 0.000    0.374 0.000 99.99 0.259000   1.091 0.000  0.371 0.000  0.720 0.000 0.005 0.000 0.015 0.559000
 18.333333  19.333333    4.87 0.000 99.99 0.259 9.999 0.259000 99.99 0.259000 0.006 0.559000    0.241 0.000    0.337 0.000 99.99 0.259000   0.691 0.000  0.068 0.000  0.623 0.000 0.006 0.000 0.019 0.559000
 21.333333  22.333333    4.13 0.000  0.14 0.000 9.999 0.259000  0.11 0.000000 0.002 0.559000    0.155 0.000    0.217 0.000 99.99 0.259000   0.579 0.000  0.170 0.000  0.408 0.000 0.004 0.000 0.018 0.559000
 24.333333  25.333333    7.50 0.000  0.20 0.000 0.020 0.000000  0.14 0.000000 0.010 0.000000    0.114 0.000    0.159 0.000 99.99 0.259000   0.327 0.000 99.999 0.259  0.398 0.000 0.004 0.000 0.018 0.000000
 27.333333  28.333333 9999.99 0.999 99.99 0.999 9.999 0.999000 99.99 0.999000 9.999 0.999000 9999.999 0.999 9999.999 0.999 99.99 0.999000 999.999 0.999 99.999 0.999 99.999 0.999 9.999 0.999 9.999 0.999000
 30.333333  31.333333    2.03 0.000  0.14 0.000 0.043 0.000000  0.14 0.000000 0.013 0.559000    0.176 0.000    0.246 0.000  2.51 0.000000   0.470 0.000  0.009 0.000  0.461 0.000 0.006 0.000 0.032 0.559000
 33.333333  34.333333    0.91 0.000  0.16 0.000 9.999 0.259000 99.99 0.259000 0.003 0.559000    0.128 0.000    0.178 0.000 99.99 0.259000   0.110 0.000  0.014 0.000  0.096 0.000 0.003 0.000 0.008 0.559000
 36.333333  37.333333   10.12 0.000  0.46 0.000 9.999 0.259000  0.13 0.000000 0.017 0.559000    0.184 0.000    0.257 0.000 99.99 0.259000   0.800 0.000  0.035 0.000  0.765 0.000 0.010 0.000 0.051 0.559000
 39.333333  40.333333    5.88 0.000  0.43 0.000 9.999 0.259000 99.99 0.259000 0.009 0.559000    0.075 0.000    0.105 0.000 99.99 0.259000   0.800 0.000  0.152 0.000  0.648 0.000 0.007 0.000 0.061 0.559000
 42.333333  43.333333    5.39 0.000  0.28 0.000 0.024 0.000000 99.99 0.259000 0.005 0.559000    0.303 0.000    0.424 0.000 99.99 0.259000   0.945 0.000  0.251 0.000  0.694 0.000 0.006 0.000 0.042 0.559000
 45.333333  46.333333    5.68 0.000  0.12 0.000 9.999 0.259000  0.14 0.000000 0.005 0.559000    0.284 0.000    0.398 0.000 99.99 0.259000   0.400 0.000 99.999 0.259  0.534 0.000 0.007 0.000 0.021 0.559000
 48.333333  49.333333    2.49 0.000  0.18 0.000 9.999 0.259000  0.09 0.000000 0.003 0.559000    0.030 0.000    0.042 0.000 99.99 0.259000   0.108 0.000 99.999 0.259  0.151 0.000 0.002 0.000 0.007 0.559000
 51.333333  52.333333    2.61 0.000  0.24 0.000 9.999 0.259000 99.99 0.259000 0.031 0.000000    0.544 0.000    0.762 0.000 99.99 0.259000   1.044 0.000  0.083 0.000  0.960 0.000 0.007 0.000 0.050 0.000000
 54.333333  55.333333   10.10 0.000  0.66 0.000 9.999 0.259000  0.09 0.000000 0.068 0.000000    0.263 0.000    0.368 0.000 99.99 0.259000   1.616 0.000  0.454 0.000  1.162 0.000 0.012 0.000 0.117 0.000000
 57.333333  58.333333    2.03 0.000  0.28 0.000 9.999 0.259000 99.99 0.259000 0.012 0.559000    0.079 0.000    0.111 0.000 99.99 0.259000   0.819 0.000 99.999 0.259  0.832 0.000 0.006 0.000 0.044 0.559000
 60.333333  61.333333    0.98 0.000 99.99 0.259 9.999 0.259000  0.06 0.000000 0.004 0.559000    0.043 0.000    0.061 0.000 99.99 0.259000   0.036 0.000 99.999 0.259  0.093 0.000 0.001 0.000 0.009 0.559000
 63.333333  64.333333   22.46 0.000  0.37 0.000 9.999 0.259000 99.99 0.259000 0.009 0.559000    0.110 0.000    0.154 0.000 99.99 0.259000   1.745 0.000  0.622 0.000  1.123 0.000 0.015 0.000 0.071 0.559000
 66.333333  67.333333   41.39 0.000  0.87 0.000 0.058 0.000000 99.99 0.259000 0.015 0.559000    0.217 0.000    0.304 0.000 99.99 0.259000   2.909 0.000  1.107 0.000  1.801 0.000 0.028 0.000 0.111 0.559000
 69.333333  70.333333   31.19 0.000  0.79 0.000 9.999 0.259000  0.09 0.000000 0.016 0.000000    0.405 0.000    0.567 0.000 99.99 0.259000   2.851 0.000  1.210 0.000  1.641 0.000 0.023 0.000 0.090 0.000000
 72.333333  73.333333   13.49 0.000  0.54 0.000 9.999 0.259000 99.99 0.259000 0.009 0.000000    0.673 0.000    0.942 0.000 99.99 0.259000   2.087 0.000  0.739 0.000  1.348 0.000 0.016 0.000 0.055 0.000000
 75.333333  76.333333   28.57 0.000  0.63 0.000 9.999 0.259000  0.08 0.000000 0.013 0.000000    0.428 0.000    0.600 0.000 99.99 0.259000   2.785 0.000  0.986 0.000  1.799 0.000 0.024 0.000 0.090 0.000000
 78.333333  79.333333   43.81 0.000  1.18 0.000 0.062 0.000000 99.99 0.259000 0.057 0.000000    1.083 0.000    1.517 0.000 99.99 0.259000   4.752 0.000  1.426 0.000  3.325 0.000 0.036 0.000 0.184 0.000000
 81.333333  82.333333   35.14 0.000  2.08 0.000 9.999 0.259000 99.99 0.259000 0.055 0.000000    1.550 0.000    2.170 0.000 99.99 0.259000   6.035 0.000  1.494 0.000  4.542 0.000 0.036 0.000 0.260 0.000000
 84.333333  85.333333   11.47 0.000  0.46 0.000 9.999 0.259000 99.99 0.259000 0.021 0.559000    0.175 0.000    0.245 0.000 99.99 0.259000   1.783 0.000  0.796 0.000  0.987 0.000 0.010 0.000 0.081 0.559000
 87.333333  88.333333   30.60 0.000  1.42 0.000 0.041 0.000000 99.99 0.259000 0.012 0.559000    0.536 0.000    0.751 0.000 99.99 0.259000   3.134 0.000  1.006 0.000  2.128 0.000 0.026 0.000 0.145 0.559000
 90.333333  91.333333 9999.99 0.999 99.99 0.999 9.999 0.999000 99.99 0.999000 9.999 0.999000 9999.999 0.999 9999.999 0.999 99.99 0.999000 999.999 0.999 99.999 0.999 99.999 0.999 9.999 0.999 9.999 0.999000
 93.333333  94.333333   41.23 0.000  0.47 0.000 9.999 0.259000  0.17 0.000000 0.023 0.559000    0.796 0.000    1.115 0.000 99.99 0.259000   5.534 0.000  2.532 0.000  3.001 0.000 0.033 0.000 0.205 0.559000
 96.333333  97.333333   40.97 0.000  1.03 0.000 9.999 0.259000  0.12 0.000000 0.105 0.559000    1.195 0.000    1.673 0.000 99.99 0.259000   6.272 0.000  1.407 0.000  4.865 0.000 0.040 0.000 0.384 0.559000
 99.333333 100.333333   64.52 0.000  1.35 0.000 9.999 0.259000 99.99 0.259000 0.019 0.559000    2.392 0.000    3.349 0.000 99.99 0.259000   8.536 0.000  2.648 0.000  5.888 0.000 0.043 0.000 0.160 0.559000
102.333333 103.333333   73.39 0.000  1.72 0.000 0.051 0.000000  0.09 0.000000 0.027 0.559000    0.811 0.000    1.135 0.000 99.99 0.259000   5.932 0.000  1.584 0.000  4.348 0.000 0.046 0.000 0.252 0.559000
105.333333 106.333333   18.57 0.000  0.62 0.000 9.999 0.259000  0.10 0.000000 0.067 0.000000    0.268 0.000    0.375 0.000 99.99 0.259000   3.197 0.000  1.259 0.000  1.937 0.000 0.025 0.000 0.146 0.000000
108.333333 109.333333    6.91 0.000  1.00 0.000 9.999 0.259000  0.11 0.000000 0.012 0.000000    0.135 0.000    0.189 0.000 99.99 0.259000   1.170 0.000  0.126 0.000  1.043 0.000 0.010 0.000 0.123 0.000000
111.333333 112.333333   14.80 0.394  0.70 0.394 9.999 0.394259  0.14 0.394000 0.024 0.559394    0.109 0.000    0.152 0.000 99.99 0.394259   1.161 0.000  0.133 0.000  1.028 0.000 0.016 0.394 0.073 0.559394
114.333333 115.333333   56.40 0.000  2.37 0.000 9.999 0.259000 99.99 0.259000 0.019 0.559000    0.638 0.000    0.894 0.000 99.99 0.259000   4.580 0.000  1.550 0.000  3.031 0.000 0.051 0.000 0.240 0.559000
117.333333 118.333333  181.15 0.000  8.28 0.000 9.999 0.259000 99.99 0.259000 0.036 0.559000    1.115 0.000    1.561 0.000 99.99 0.259000  11.491 0.000  3.736 0.000  7.755 0.000 0.143 0.000 0.642 0.559000
120.333333 121.333333   73.76 0.000  1.39 0.000 9.999 0.259000 99.99 0.259000 0.014 0.559000    1.006 0.000    1.409 0.000 99.99 0.259000   6.095 0.000  2.652 0.000  3.443 0.000 0.055 0.000 0.162 0.559000
123.333333 124.333333   94.57 0.000  1.18 0.000 9.999 0.259000 99.99 0.259000 0.026 0.559000    1.088 0.000    1.523 0.000 99.99 0.259000   8.745 0.000  4.555 0.000  4.190 0.000 0.053 0.000 0.148 0.559000
126.333333 127.333333 9999.99 0.999 99.99 0.999 9.999 0.999000 99.99 0.999000 9.999 0.999000 9999.999 0.999 9999.999 0.999 99.99 0.999000 999.999 0.999 99.999 0.999 99.999 0.999 9.999 0.999 9.999 0.999000
129.333333 130.333333 9999.99 0.999 99.99 0.999 9.999 0.999000 99.99 0.999000 9.999 0.999000 9999.999 0.999 9999.999 0.999 99.99 0.999000 999.999 0.999 99.999 0.999 99.999 0.999 9.999 0.999 9.999 0.999000
132.333333 133.333333 9999.99 0.999 99.99 0.999 9.999 0.999000 99.99 0.999000 9.999 0.999000 9999.999 0.999 9999.999 0.999 99.99 0.999000 999.999 0.999 99.999 0.999 99.999 0.999 9.999 0.999 9.999 0.999000
135.333333 136.333333 9999.99 0.999 99.99 0.999 9.999 0.999000 99.99 0.999000 9.999 0.999000 9999.999 0.999 9999.999 0.999 99.99 0.999000 999.999 0.999 99.999 0.999 99.999 0.999 9.999 0.999 9.999 0.999000
138.333333 139.333333 9999.99 0.999 99.99 0.999 9.999 0.999000 99.99 0.999000 9.999 0.999000 9999.999 0.999 9999.999 0.999 99.99 0.999000 999.999 0.999 99.999 0.999 99.999 0.999 9.999 0.999 9.999 0.999000
141.333333 142.333333   31.34 0.000  1.14 0.000 0.041 0.000000  0.08 0.000000 0.058 0.559000    0.983 0.000    1.376 0.000 99.99 0.259000   4.822 0.000  1.422 0.000  3.400 0.000 0.028 0.000 0.269 0.559000
144.333333 145.333333   15.52 0.000  0.99 0.000 9.999 0.259000 99.99 0.259000 0.017 0.559000    0.666 0.000    0.933 0.000 99.99 0.259000   2.914 0.000  1.092 0.000  1.823 0.000 0.015 0.000 0.124 0.559000
147.333333 148.333333   41.69 0.000  1.26 0.000 9.999 0.259000  0.24 0.000000 0.107 0.559000    1.314 0.000    1.840 0.000 99.99 0.259000   7.479 0.000  3.014 0.000  4.464 0.000 0.038 0.000 0.333 0.559000
150.333333 151.333333   23.03 0.000  1.03 0.000 9.999 0.259000  0.09 0.000000 0.013 0.559000    0.807 0.000    1.129 0.000 99.99 0.259000   3.759 0.000  1.239 0.000  2.520 0.000 0.023 0.000 0.230 0.559000
153.333333 154.333333   44.04 0.000  0.94 0.000 9.999 0.259000 99.99 0.259000 0.021 0.559000    1.074 0.000    1.504 0.000 99.99 0.259000   5.358 0.000  2.003 0.000  3.356 0.000 0.049 0.000 0.192 0.559000
156.333333 157.333333 9999.99 0.699 99.99 0.699 9.999 0.699000 99.99 0.699000 0.233 0.559000  186.990 0.000  261.786 0.000 99.99 0.699000 999.999 0.699 99.999 0.999 99.999 0.699 9.999 0.699 0.262 0.559000
159.333333 160.333333    6.15 0.000  0.28 0.000 9.999 0.259000 99.99 0.259000 0.011 0.559000    1.732 0.000    2.424 0.000 99.99 0.259000   2.922 0.000  0.679 0.000  2.243 0.000 0.010 0.000 0.052 0.559000
162.333333 163.333333   27.01 0.000  0.89 0.000 0.071 0.000000  0.11 0.000000 0.056 0.559000    3.185 0.000    4.459 0.000 99.99 0.259000   8.269 0.000  1.760 0.000  6.509 0.000 0.047 0.000 0.347 0.559000
165.333333 166.333333   17.78 0.000  0.76 0.000 0.066 0.000000  0.12 0.000000 0.009 0.559000    1.011 0.000    1.416 0.000 99.99 0.259000   3.632 0.000  1.702 0.000  1.931 0.000 0.017 0.000 0.099 0.559000
168.333333 169.333333   92.80 0.000  0.86 0.000 0.122 0.000000 99.99 0.259000 0.054 0.559000    1.819 0.000    2.546 0.000 99.99 0.259000  10.098 0.000  4.947 0.000  5.151 0.000 0.057 0.000 0.202 0.559000
171.333333 172.333333   47.81 0.000  1.18 0.000 9.999 0.259000  0.12 0.000000 0.051 0.559000    1.888 0.000    2.643 0.000 99.99 0.259000   7.724 0.000  2.652 0.000  5.072 0.000 0.045 0.000 0.357 0.559000
174.333333 175.333333   47.94 0.000  1.04 0.000 9.999 0.259000  0.18 0.000000 0.054 0.559000    1.686 0.000    2.360 0.000 99.99 0.259000   7.332 0.000  2.616 0.000  4.716 0.000 0.042 0.000 0.314 0.559000
177.333333 178.333333   31.17 0.000  0.98 0.000 9.999 0.259000  0.13 0.000000 0.019 0.559000    1.105 0.000    1.547 0.000 99.99 0.259000   5.456 0.000  2.615 0.000  2.841 0.000 0.037 0.000 0.176 0.559000
180.333333 181.333333   44.04 0.000  0.81 0.000 0.067 0.000000 99.99 0.259000 0.037 0.559000    2.045 0.000    2.863 0.000 99.99 0.259000   8.157 0.000  3.753 0.000  4.404 0.000 0.032 0.000 0.245 0.559000
183.333333 184.333333   47.25 0.000  0.50 0.000 9.999 0.259000  0.20 0.000000 0.050 0.559000    2.245 0.000    3.143 0.000 99.99 0.259000   8.964 0.000  2.572 0.000  6.392 0.000 0.062 0.000 0.415 0.559000
186.333333 187.333333   27.43 0.000  0.87 0.000 9.999 0.259000  0.09 0.000000 0.015 0.559000    1.934 0.000    2.707 0.000 99.99 0.259000   5.669 0.000  2.009 0.000  3.659 0.000 0.039 0.000 0.148 0.559000
189.333333 190.333333   46.35 0.000  0.85 0.000 9.999 0.259000  0.17 0.000000 0.055 0.559000    1.986 0.000    2.781 0.000 99.99 0.259000   8.645 0.000  3.341 0.000  5.304 0.000 0.044 0.000 0.266 0.559000
192.333333 193.333333   30.60 0.000  0.49 0.000 9.999 0.259000  0.10 0.000000 0.029 0.559000    1.277 0.000    1.788 0.000 99.99 0.259000   5.386 0.000  2.088 0.000  3.297 0.000 0.028 0.000 0.191 0.559000
195.333333 196.333333   46.67 0.000  0.35 0.000 9.999 0.259000 99.99 0.259000 0.021 0.559000    0.645 0.000    0.902 0.000 99.99 0.259000   5.449 0.000  2.873 0.000  2.575 0.000 0.030 0.000 0.152 0.559000
198.333333 199.333333   46.92 0.000  0.50 0.000 9.999 0.259000 99.99 0.259000 0.018 0.559000    1.232 0.000    1.725 0.000 99.99 0.259000   9.354 0.000  5.823 0.000  3.531 0.000 0.029 0.000 0.202 0.559000
201.333333 202.333333   25.36 0.000  0.50 0.000 9.999 0.259000 99.99 0.259000 0.016 0.559000    0.796 0.000    1.115 0.000 99.99 0.259000   4.738 0.000  2.712 0.000  2.026 0.000 0.018 0.000 0.153 0.559000
204.333333 205.333333   64.59 0.000  0.41 0.000 9.999 0.259000  0.12 0.000000 0.016 0.559000    2.277 0.000    3.188 0.000 99.99 0.259000   8.114 0.000  2.905 0.000  5.208 0.000 0.043 0.000 0.146 0.559000
207.333333 208.333333   36.20 0.000  0.74 0.000 9.999 0.259000 99.99 0.259000 0.012 0.559000    1.389 0.000    1.944 0.000 99.99 0.259000   6.766 0.000  3.382 0.000  3.385 0.000 0.020 0.000 0.236 0.559000
210.333333 211.333333   95.15 0.000  0.79 0.000 9.999 0.259000  0.16 0.000000 0.029 0.559000    2.168 0.000    3.035 0.000 99.99 0.259000   9.235 0.000  2.758 0.000  6.478 0.000 0.046 0.000 0.296 0.559000
213.333333 214.333333   50.27 0.000  0.79 0.000 9.999 0.259000 99.99 0.259000 0.049 0.559000    1.288 0.000    1.804 0.000 99.99 0.259000   6.229 0.000  2.523 0.000  3.706 0.000 0.028 0.000 0.246 0.559000
216.333333 217.333333   77.02 0.000  0.83 0.000 9.999 0.259000  0.17 0.000000 0.045 0.559000    1.875 0.000    2.625 0.000 99.99 0.259000   8.405 0.000  2.884 0.000  5.521 0.000 0.050 0.000 0.285 0.559000
219.333333 220.333333   29.93 0.000  0.55 0.000 9.999 0.259000  0.12 0.000000 0.010 0.559000    0.834 0.000    1.168 0.000 99.99 0.259000   3.401 0.000  1.810 0.000  1.591 0.000 0.017 0.000 0.052 0.559000
222.333333 223.333333   26.36 0.000  0.68 0.000 9.999 0.259000 99.99 0.259000 0.014 0.559000    1.583 0.000    2.216 0.000 99.99 0.259000   5.633 0.000  2.495 0.000  3.138 0.000 0.033 0.000 0.113 0.559000
225.333333 226.333333   58.60 0.000  1.00 0.000 9.999 0.259000  0.19 0.000000 0.026 0.559000    2.731 0.000    3.823 0.000 99.99 0.259000  11.716 0.000  4.772 0.000  6.944 0.000 0.067 0.000 0.338 0.559000
228.333333 229.333333   39.66 0.000  0.82 0.000 9.999 0.259000  0.21 0.000000 0.049 0.559000    2.891 0.000    4.047 0.000 99.99 0.259000   9.850 0.000  3.079 0.000  6.771 0.000 0.045 0.000 0.332 0.559000
231.333333 232.333333   69.86 0.000  0.50 0.000 9.999 0.259000  0.10 0.000000 0.025 0.559000    3.043 0.000    4.260 0.000 99.99 0.259000  11.728 0.000  4.258 0.000  7.470 0.000 0.069 0.000 0.228 0.559000
