scripts/IMPROVE-2019_partial/data/US0596R.20000101080000.20191216000000.filterpack..pm25.52w.1w.US03L_filterpack_US0596.US03L_IMPROVE_Davis.lev2.nas
64 1001
MISSING INFORMATION
US03L, IMPROVE, , , , , , , 
MISSING INFORMATION
IMPROVE sel_HTAP
1 1
2000 01 01 2019 12 16
0
days from file reference point
25
1 1 1 1 1 1 1 1 1 1 1 1 1 1 1 1 1 1 1 1 1 1 1 1 1
999.999999 999.99 9.999 99.99 9.999999 9.999 9.999999 9.99 9.999999 9.999 9.999999 99.999 9.999 99.999 9.999 999.999 9.999 99.999 9.999 99.999 9.999 9.999 9.999 9.999 9.999999
end_time of measurement, days from the file reference point
iron, ng/m3, Revision date=20181210133000
numflag iron, no unit, Revision date=20181210133000
lead, ng/m3, Revision date=20181210133000
numflag lead, no unit, Revision date=20181210133000
magnesium, ug/m3, Revision date=20181210133000
numflag magnesium, no unit, Revision date=20181210133000
nickel, ng/m3, Revision date=20181210133000
numflag nickel, no unit, Revision date=20181210133000
nitrate, ug N/m3, Revision date=20181210133000
numflag nitrate, no unit, Revision date=20181210133000
organic_carbon, ug C/m3, Revision date=20181210133000
numflag organic_carbon, no unit, Revision date=20181210133000
organic_mass, ug/m3, Revision date=20181210133000
numflag organic_mass, no unit, Revision date=20181210133000
pm10_mass, ug/m3, Version=2, Version description=Data extracted from http://views.cira.colostate.edu/fed/DataWizard 2019-12-16, Sample duration=1d, Orig. time res.=3d, Matrix=pm10, Blank correction=Blank corrected, Volume std. temperature=ambient, Volume std. pressure=ambient
numflag pm10_mass, no unit, Version=2, Version description=Data extracted from http://views.cira.colostate.edu/fed/DataWizard 2019-12-16, Sample duration=1d, Orig. time res.=3d, Matrix=pm10, Blank correction=Blank corrected, Volume std. temperature=ambient, Volume std. pressure=ambient
pm10_pm25_mass, ug/m3, Revision date=20181210133000, Matrix=pm10_pm25
numflag pm10_pm25_mass, no unit, Revision date=20181210133000, Matrix=pm10_pm25
pm25_mass, ug/m3, Version=2, Version description=Data extracted from http://views.cira.colostate.edu/fed/DataWizard 2019-12-16, Sample duration=1d, Orig. time res.=3d, Blank correction=Blank corrected, Volume std. temperature=ambient, Volume std. pressure=ambient
numflag pm25_mass, no unit, Version=2, Version description=Data extracted from http://views.cira.colostate.edu/fed/DataWizard 2019-12-16, Sample duration=1d, Orig. time res.=3d, Blank correction=Blank corrected, Volume std. temperature=ambient, Volume std. pressure=ambient
potassium, ug/m3, Revision date=20181210133000
numflag potassium, no unit, Revision date=20181210133000
sulphate_total, ug S/m3, Revision date=20181210133000
numflag sulphate_total, no unit, Revision date=20181210133000
0
25
Data definition:              EBAS_1.1
Set type code:                TI
Timezone:                     UTC
File name:                    US0596R.20000101080000.20191216000000.filterpack..pm25.52w.1w.US03L_filterpack_US0596.US03L_IMPROVE_Davis.lev2.nas
File creation:                20191218120255
Startdate:                    20000101080000
Revision date:                20191216000000
Statistics:                   arithmetic mean
Data level:                   2
Period code:                  52w
Resolution code:              1w
Station code:                 US0596R
Platform code:                US0596S
Station name:                 Lassen Volcanic National Park-Manzanita Lake
Station latitude:             40.539
Station longitude:            -121.5772
Station altitude:             1754.0 m
Regime:                       IMG
Component:                    
Matrix:                       pm25
Laboratory code:              US03L
Instrument type:              filterpack
Instrument name:              filterpack_US0596
Method ref:                   US03L_IMPROVE_Davis
starttime endtime Fe flag_Fe Pb flag_Pb Mg++ flag_Mg++ Ni flag_Ni NO3- flag_NO3- OC flag_OC OM flag_OM PM10 flag_PM10 PM10-PM2.5 flag_PM10-PM2.5 PM2.5 flag_PM2.5 K+ flag_K+ SO4-- flag_SO4--
  0.333333   1.333333   6.99 0.000  0.32 0.000000 9.999 0.259000 9.99 0.259000 0.091 0.699000  1.199 0.000  1.679 0.000   5.361 0.000  1.921 0.000  3.440 0.000 0.031 0.000 0.193 0.699000
  4.333333   5.333333   4.59 0.000  0.14 0.000000 0.007 0.000000 9.99 0.259000 0.012 0.559000  0.593 0.000  0.830 0.000   1.240 0.000  0.147 0.000  1.093 0.000 0.008 0.000 0.031 0.559000
  7.333333   8.333333  15.52 0.000  0.30 0.000000 9.999 0.259000 9.99 0.259000 0.006 0.559000  0.717 0.000  1.003 0.000   1.653 0.000 99.999 0.259  1.784 0.000 0.015 0.000 0.029 0.559000
 11.333333  12.333333   4.16 0.000  0.46 0.000000 9.999 0.259000 9.99 0.259000 0.018 0.559000  0.438 0.000  0.613 0.000   1.799 0.000  0.150 0.000  1.649 0.000 0.011 0.000 0.058 0.559000
 14.333333  15.333333   3.38 0.000 99.99 0.259000 9.999 0.259000 9.99 0.259000 0.003 0.559000  0.292 0.000  0.409 0.000   1.315 0.000  0.640 0.000  0.675 0.000 0.003 0.000 0.020 0.559000
 18.333333  19.333333   7.98 0.000 99.99 0.259000 9.999 0.259000 9.99 0.259000 0.004 0.559000  0.262 0.000  0.367 0.000   0.904 0.000  0.111 0.000  0.793 0.000 0.007 0.000 0.022 0.559000
 21.333333  22.333333   3.84 0.000  0.23 0.000000 9.999 0.259000 9.99 0.259000 0.006 0.000000  0.259 0.000  0.362 0.000   1.192 0.000  0.589 0.000  0.603 0.000 0.006 0.000 0.020 0.000000
 25.333333  26.333333   4.47 0.000  0.19 0.000000 9.999 0.259000 9.99 0.259000 0.001 0.559000  0.349 0.000  0.488 0.000   0.694 0.000  0.251 0.000  0.444 0.000 0.006 0.000 0.011 0.559000
 28.333333  29.333333  12.86 0.000  0.63 0.000000 9.999 0.259000 9.99 0.259000 0.030 0.559000  0.567 0.000  0.794 0.000   2.533 0.000  0.915 0.000  1.617 0.000 0.014 0.000 0.064 0.559000
 32.333333  33.333333   4.22 0.000  0.26 0.000000 9.999 0.259000 9.99 0.259000 0.005 0.000000  0.601 0.000  0.842 0.000   1.300 0.000  0.285 0.000  1.015 0.000 0.008 0.000 0.032 0.000000
 35.333333  36.333333   2.56 0.000 99.99 0.259000 9.999 0.259000 9.99 0.259000 0.013 0.559000  0.180 0.000  0.253 0.000   0.731 0.000  0.139 0.000  0.592 0.000 0.005 0.000 0.026 0.559000
 39.333333  40.333333   7.78 0.000  0.30 0.000000 0.005 0.000000 9.99 0.259000 0.031 0.559000  0.436 0.000  0.610 0.000   1.397 0.000  0.175 0.000  1.222 0.000 0.009 0.000 0.082 0.559000
 42.333333  43.333333   2.15 0.000 99.99 0.259000 9.999 0.259000 9.99 0.259000 0.002 0.559000  0.202 0.000  0.283 0.000   0.126 0.000 99.999 0.259  0.418 0.000 9.999 0.259 0.008 0.559000
 46.333333  47.333333   5.25 0.000  0.19 0.000000 0.008 0.000000 9.99 0.259000 0.012 0.699000  0.885 0.000  1.238 0.000   1.081 0.000  0.285 0.000  0.796 0.000 0.007 0.000 0.051 0.699000
 49.333333  50.333333  10.41 0.000  0.24 0.000000 9.999 0.259000 9.99 0.259000 0.007 0.559000  1.132 0.000  1.585 0.000   1.685 0.000  0.602 0.000  1.083 0.000 0.012 0.000 0.043 0.559000
 53.333333  54.333333   4.30 0.000  0.37 0.000000 9.999 0.259000 9.99 0.259000 0.008 0.559000  0.350 0.000  0.491 0.000   1.236 0.000  0.267 0.000  0.969 0.000 0.010 0.000 0.053 0.559000
 56.333333  57.333333   4.46 0.000 99.99 0.259000 9.999 0.259000 9.99 0.259000 9.999 0.559259  0.672 0.000  0.941 0.000   0.426 0.000  0.199 0.000  0.227 0.000 0.008 0.000 0.003 0.559000
 60.333333  61.333333  12.03 0.000  1.27 0.000000 9.999 0.259000 9.99 0.259000 0.008 0.559000  0.227 0.000  0.318 0.000   2.217 0.000  0.873 0.000  1.344 0.000 0.021 0.000 0.125 0.559000
 63.333333  64.333333   5.21 0.000  0.41 0.000000 9.999 0.259000 9.99 0.259000 0.016 0.699000  0.663 0.000  0.929 0.000   2.075 0.000  0.699 0.000  1.376 0.000 0.012 0.000 0.080 0.699000
 67.333333  68.333333   2.89 0.394  0.22 0.394000 9.999 0.394259 9.99 0.394259 0.011 0.559394  0.025 0.000  0.035 0.000   0.521 0.000  0.233 0.000  0.289 0.000 0.003 0.394 0.046 0.559394
 70.333333  71.333333   4.71 0.000  0.37 0.000000 9.999 0.259000 9.99 0.259000 0.004 0.000000  0.018 0.000  0.026 0.000   0.329 0.000 99.999 0.259  0.532 0.000 0.005 0.000 0.028 0.000000
 74.333333  75.333333  13.79 0.000  0.48 0.000000 9.999 0.259000 9.99 0.259000 0.008 0.559000  0.318 0.000  0.445 0.000   1.715 0.000  0.505 0.000  1.210 0.000 0.011 0.000 0.062 0.559000
 77.333333  78.333333  17.09 0.000  1.39 0.000000 9.999 0.259000 9.99 0.259000 0.013 0.559000  0.372 0.000  0.521 0.000   2.259 0.000  0.656 0.000  1.603 0.000 0.022 0.000 0.122 0.559000
 81.333333  82.333333  26.13 0.000  0.63 0.000000 9.999 0.259000 9.99 0.259000 0.082 0.559000  0.866 0.000  1.212 0.000   4.924 0.000  2.185 0.000  2.740 0.000 0.028 0.000 0.117 0.559000
 84.333333  85.333333  34.47 0.000  1.31 0.000000 9.999 0.259000 9.99 0.259000 0.143 0.559000  1.198 0.000  1.676 0.000   7.534 0.000  2.840 0.000  4.694 0.000 0.043 0.000 0.301 0.559000
 88.333333  89.333333  57.55 0.000  0.40 0.000000 9.999 0.259000 9.99 0.259000 0.033 0.559000  2.321 0.000  3.249 0.000   5.911 0.000  1.478 0.000  4.433 0.000 0.039 0.000 0.133 0.559000
 91.333333  92.333333  64.69 0.000  1.64 0.000000 9.999 0.259000 9.99 0.259000 0.026 0.559000  1.923 0.000  2.692 0.000   6.275 0.000  2.400 0.000  3.875 0.000 0.049 0.000 0.167 0.559000
 95.333333  96.333333  77.59 0.000  1.48 0.000000 9.999 0.259000 9.99 0.259000 0.072 0.699000  0.796 0.000  1.115 0.000   7.192 0.000  2.615 0.000  4.578 0.000 0.059 0.000 0.246 0.699000
 98.333333  99.333333  82.01 0.000  2.55 0.000000 9.999 0.259000 9.99 0.259000 0.128 0.699000  1.660 0.000  2.324 0.000  10.045 0.000  4.595 0.000  5.450 0.000 0.060 0.000 0.337 0.699000
102.333333 103.333333  41.69 0.000  1.20 0.000000 0.020 0.000000 9.99 0.259000 0.061 0.000000  0.922 0.000  1.291 0.000   6.988 0.000  1.787 0.000  5.200 0.000 0.043 0.000 0.267 0.000000
105.333333 106.333333  26.52 0.000  0.58 0.000000 9.999 0.259000 9.99 0.259000 0.085 0.000000  0.549 0.000  0.769 0.000   4.324 0.000  1.255 0.000  3.069 0.000 0.021 0.000 0.243 0.000000
109.333333 110.333333   4.29 0.000  0.26 0.000000 9.999 0.259000 9.99 0.259000 0.029 0.000000  0.412 0.000  0.577 0.000   1.863 0.000  0.506 0.000  1.357 0.000 0.008 0.000 0.056 0.000000
112.333333 113.333333  28.91 0.000  0.72 0.000000 9.999 0.259000 9.99 0.259000 0.075 0.000000  1.075 0.000  1.506 0.000   4.811 0.000  1.149 0.000  3.662 0.000 0.029 0.000 0.225 0.000000
116.333333 117.333333  57.00 0.000  0.78 0.000000 9.999 0.259000 0.06 0.000000 0.032 0.000000  0.989 0.000  1.385 0.000   7.028 0.000  3.396 0.000  3.631 0.000 0.045 0.000 0.225 0.000000
119.333333 120.333333  28.08 0.000  0.49 0.000000 9.999 0.259000 9.99 0.259000 0.022 0.000000  1.450 0.000  2.030 0.000   5.093 0.000  2.434 0.000  2.659 0.000 0.027 0.000 0.114 0.000000
123.333333 124.333333  54.39 0.000  0.67 0.000000 9.999 0.259000 9.99 0.259000 0.045 0.000000  0.900 0.000  1.260 0.000   7.870 0.000  4.430 0.000  3.440 0.000 0.040 0.000 0.185 0.000000
126.333333 127.333333  32.99 0.000  1.14 0.000000 9.999 0.259000 9.99 0.259000 0.049 0.000000  0.744 0.000  1.041 0.000   4.756 0.000  2.144 0.000  2.612 0.000 0.027 0.000 0.134 0.000000
130.333333 131.333333  15.08 0.000  0.45 0.000000 9.999 0.259000 9.99 0.259000 0.013 0.000000  0.559 0.000  0.783 0.000   2.358 0.000  0.994 0.000  1.363 0.000 0.014 0.000 0.068 0.000000
133.333333 134.333333  40.21 0.000  1.21 0.000000 0.023 0.000000 9.99 0.259000 0.068 0.000000  0.995 0.000  1.393 0.000   6.293 0.000  2.566 0.000  3.727 0.000 0.037 0.000 0.156 0.000000
137.333333 138.333333  35.52 0.000  0.70 0.000000 9.999 0.259000 9.99 0.259000 0.037 0.000000  0.607 0.000  0.849 0.000   6.614 0.000  3.126 0.000  3.487 0.000 0.033 0.000 0.264 0.000000
140.333333 141.333333  56.50 0.000  0.71 0.000000 9.999 0.259000 9.99 0.259000 0.021 0.000000  1.670 0.000  2.339 0.000   7.647 0.000  3.038 0.000  4.609 0.000 0.045 0.000 0.171 0.000000
144.333333 145.333333  38.64 0.000  0.39 0.000000 9.999 0.259000 9.99 0.259000 0.011 0.000000  0.966 0.000  1.353 0.000   5.863 0.000  3.024 0.000  2.840 0.000 0.026 0.000 0.063 0.000000
147.333333 148.333333  54.53 0.000  0.92 0.000000 9.999 0.259000 9.99 0.259000 0.039 0.000000  1.141 0.000  1.598 0.000   8.544 0.000  5.072 0.000  3.472 0.000 0.037 0.000 0.191 0.000000
151.333333 152.333333  25.84 0.000  0.42 0.000000 9.999 0.259000 9.99 0.259000 0.021 0.000000  0.722 0.000  1.011 0.000   4.547 0.000  2.295 0.000  2.252 0.000 0.023 0.000 0.123 0.000000
154.333333 155.333333  39.38 0.000  0.62 0.000000 9.999 0.259000 9.99 0.259000 0.033 0.000000  0.849 0.000  1.189 0.000   6.526 0.000  3.085 0.000  3.441 0.000 0.043 0.000 0.198 0.000000
158.333333 159.333333  26.29 0.000  0.63 0.000000 9.999 0.259000 9.99 0.259000 0.057 0.000000  0.832 0.000  1.165 0.000   6.092 0.000  3.388 0.000  2.704 0.000 0.018 0.000 0.158 0.000000
161.333333 162.333333  10.29 0.000 99.99 0.259000 9.999 0.259000 9.99 0.259000 0.045 0.000000  0.829 0.000  1.161 0.000   4.021 0.000  1.515 0.000  2.506 0.000 0.014 0.000 0.182 0.000000
165.333333 166.333333  42.11 0.000  0.33 0.000000 9.999 0.259000 9.99 0.259000 0.009 0.000000  0.754 0.000  1.056 0.000   4.427 0.000  1.045 0.000  3.382 0.000 0.034 0.000 0.102 0.000000
168.333333 169.333333  29.33 0.000  0.28 0.000000 9.999 0.259000 9.99 0.259000 0.012 0.000000  0.954 0.000  1.335 0.000   4.873 0.000  2.337 0.000  2.536 0.000 0.023 0.000 0.136 0.000000
172.333333 173.333333  45.39 0.000  0.31 0.000000 9.999 0.259000 9.99 0.259000 0.017 0.000000  1.073 0.000  1.502 0.000   6.614 0.000  3.187 0.000  3.427 0.000 0.034 0.000 0.091 0.000000
175.333333 176.333333  41.33 0.000 99.99 0.259000 9.999 0.259000 9.99 0.259000 0.076 0.000000  0.935 0.000  1.309 0.000   9.078 0.000  5.318 0.000  3.760 0.000 0.036 0.000 0.150 0.000000
179.333333 180.333333  46.24 0.000 99.99 0.259000 9.999 0.259000 9.99 0.259000 0.020 0.000000  1.860 0.000  2.604 0.000   9.355 0.000  3.849 0.000  5.505 0.000 0.039 0.000 0.158 0.000000
182.333333 183.333333  47.40 0.000  0.26 0.000000 9.999 0.259000 9.99 0.259000 0.127 0.000000  1.648 0.000  2.308 0.000  11.601 0.000  5.533 0.000  6.069 0.000 0.055 0.000 0.253 0.000000
186.333333 187.333333 999.99 0.999 99.99 0.999000 9.999 0.999000 9.99 0.999000 9.999 0.999000 99.999 0.999 99.999 0.999 999.999 0.999 99.999 0.999 99.999 0.999 9.999 0.999 9.999 0.999000
189.333333 190.333333  36.27 0.000  0.23 0.000000 9.999 0.259000 9.99 0.259000 0.052 0.559000  0.855 0.000  1.196 0.000   7.843 0.000  3.941 0.000  3.902 0.000 0.051 0.000 0.228 0.559000
193.333333 194.333333  43.80 0.000  0.61 0.000000 9.999 0.259000 9.99 0.259000 0.032 0.559000  1.011 0.000  1.416 0.000   6.627 0.000  2.460 0.000  4.167 0.000 0.035 0.000 0.289 0.559000
196.333333 197.333333  23.87 0.000 99.99 0.259000 9.999 0.259000 9.99 0.259000 0.020 0.559000  0.673 0.000  0.942 0.000   4.643 0.000  1.989 0.000  2.654 0.000 0.019 0.000 0.161 0.559000
200.333333 201.333333  19.97 0.000  0.17 0.000000 9.999 0.259000 9.99 0.259000 0.013 0.000000  0.959 0.000  1.342 0.000   4.653 0.000  2.723 0.000  1.931 0.000 0.013 0.000 0.099 0.000000
203.333333 204.333333  30.95 0.000 99.99 0.259000 9.999 0.259000 9.99 0.259000 0.026 0.000000  1.048 0.000  1.467 0.000   6.557 0.000  3.790 0.000  2.766 0.000 0.017 0.000 0.130 0.000000
207.333333 208.333333  56.69 0.000 99.99 0.259000 9.999 0.259000 9.99 0.259000 0.115 0.000000  1.735 0.000  2.428 0.000   9.400 0.000  4.869 0.000  4.530 0.000 0.041 0.000 0.214 0.000000
210.333333 211.333333  41.66 0.000 99.99 0.259000 9.999 0.259000 9.99 0.259000 0.012 0.000000  1.379 0.000  1.931 0.000   5.962 0.000  3.161 0.000  2.801 0.000 0.018 0.000 0.088 0.000000
214.333333 215.333333  61.92 0.000  0.25 0.000000 9.999 0.259000 9.99 0.259000 0.015 0.559000  1.937 0.000  2.712 0.000   9.435 0.000  4.234 0.000  5.200 0.000 0.031 0.000 0.149 0.559000
217.333333 218.333333  52.48 0.000  0.14 0.000000 9.999 0.259000 9.99 0.259000 0.035 0.559000  0.853 0.000  1.194 0.000   8.067 0.000  3.894 0.000  4.173 0.000 0.048 0.000 0.328 0.559000
221.333333 222.333333  38.54 0.000  0.35 0.000000 9.999 0.259000 0.30 0.000000 0.022 0.559000  0.846 0.000  1.184 0.000   6.019 0.000  2.870 0.000  3.148 0.000 0.032 0.000 0.181 0.559000
224.333333 225.333333  38.74 0.000  0.21 0.000000 9.999 0.259000 9.99 0.259000 0.013 0.559000  0.840 0.000  1.175 0.000   5.876 0.000  3.116 0.000  2.760 0.000 0.033 0.000 0.105 0.559000
228.333333 229.333333  34.32 0.000  0.28 0.000000 9.999 0.259000 0.09 0.000000 0.018 0.559000  0.852 0.000  1.193 0.000   4.843 0.000  2.660 0.000  2.183 0.000 0.021 0.000 0.072 0.559000
231.333333 232.333333  55.52 0.000 99.99 0.259000 9.999 0.259000 9.99 0.259000 0.122 0.559000  2.235 0.000  3.129 0.000  10.887 0.000  5.041 0.000  5.846 0.000 0.053 0.000 0.148 0.559000
235.333333 236.333333  68.63 0.559 99.99 0.559259 9.999 0.559259 9.99 0.559259 0.127 0.699000  3.794 0.000  5.311 0.000  13.129 0.000  4.596 0.000  8.534 0.559 0.038 0.559 0.274 0.699000
238.333333 239.333333  45.50 0.559 99.99 0.559259 9.999 0.559259 9.99 0.559259 0.028 0.699000  1.453 0.000  2.034 0.000   8.269 0.000  4.170 0.000  4.099 0.559 0.027 0.559 0.196 0.699000
243.333333 244.333333 999.99 0.999 99.99 0.999000 9.999 0.999000 9.99 0.999000 9.999 0.999000 99.999 0.999 99.999 0.999 999.999 0.999 99.999 0.999 99.999 0.999 9.999 0.999 9.999 0.999000
246.333333 247.333333 999.99 0.999 99.99 0.999000 9.999 0.999000 9.99 0.999000 9.999 0.999000 99.999 0.999 99.999 0.999 999.999 0.999 99.999 0.999 99.999 0.999 9.999 0.999 9.999 0.999000
249.333333 250.333333 999.99 0.999 99.99 0.999000 9.999 0.999000 9.99 0.999000 9.999 0.999000 99.999 0.999 99.999 0.999 999.999 0.999 99.999 0.999 99.999 0.999 9.999 0.999 9.999 0.999000
252.333333 253.333333 999.99 0.999 99.99 0.999000 9.999 0.999000 9.99 0.999000 9.999 0.999000 99.999 0.999 99.999 0.999 999.999 0.999 99.999 0.999 99.999 0.999 9.999 0.999 9.999 0.999000
255.333333 256.333333 999.99 0.999 99.99 0.999000 9.999 0.999000 9.99 0.999000 9.999 0.999000 99.999 0.999 99.999 0.999 999.999 0.999 99.999 0.999 99.999 0.999 9.999 0.999 9.999 0.999000
258.333333 259.333333  35.52 0.000  0.53 0.000000 9.999 0.259000 9.99 0.259000 0.083 0.000000  1.587 0.000  2.222 0.000   7.202 0.000  3.161 0.000  4.040 0.000 0.053 0.000 0.267 0.000000
261.333333 262.333333  30.09 0.000  0.21 0.000000 9.999 0.259000 9.99 0.259000 0.014 0.000000  1.322 0.000  1.851 0.000   5.665 0.000  2.899 0.000  2.766 0.000 0.024 0.000 0.219 0.000000
264.333333 265.333333  63.33 0.559  0.59 0.559000 9.999 0.559259 9.99 0.559259 0.144 0.559000  2.522 0.000  3.531 0.000  12.603 0.000  5.559 0.000  7.044 0.559 0.071 0.559 0.319 0.559000
267.333333 268.333333  10.71 0.000  0.36 0.000000 9.999 0.259000 9.99 0.259000 0.016 0.559000  1.088 0.000  1.524 0.000   3.029 0.000  0.904 0.000  2.125 0.000 0.015 0.000 0.114 0.559000
270.333333 271.333333  36.28 0.000  0.41 0.000000 9.999 0.259000 9.99 0.259000 0.027 0.000000  1.115 0.000  1.561 0.000   8.598 0.000  5.202 0.000  3.396 0.000 0.027 0.000 0.317 0.000000
273.333333 274.333333  41.72 0.000  0.32 0.000000 9.999 0.259000 9.99 0.259000 0.022 0.000000  1.187 0.000  1.661 0.000   5.071 0.000  2.051 0.000  3.019 0.000 0.046 0.000 0.291 0.000000
276.333333 277.333333  29.29 0.000  0.39 0.000000 9.999 0.259000 9.99 0.259000 0.022 0.559000  0.826 0.000  1.156 0.000   4.456 0.000  1.840 0.000  2.616 0.000 0.073 0.000 0.206 0.559000
279.333333 280.333333  31.85 0.000 99.99 0.259000 9.999 0.259000 9.99 0.259000 0.020 0.000000  0.944 0.000  1.322 0.000   5.548 0.000  1.697 0.000  3.851 0.000 0.029 0.000 0.440 0.000000
282.333333 283.333333  28.98 0.394  0.58 0.394000 9.999 0.394259 9.99 0.394259 0.065 0.559394  0.876 0.000  1.226 0.000   6.899 0.000  2.817 0.000  4.081 0.000 0.037 0.394 0.412 0.559394
285.333333 286.333333   1.79 0.000  0.62 0.000000 0.009 0.000000 9.99 0.259000 0.019 0.559000  0.725 0.000  1.014 0.000   1.380 0.000  0.252 0.000  1.128 0.000 0.007 0.000 0.073 0.559000
288.333333 289.333333   9.46 0.000 99.99 0.259000 9.999 0.259000 9.99 0.259000 0.048 0.559000  0.920 0.000  1.288 0.000   3.001 0.000  0.819 0.000  2.182 0.000 0.021 0.000 0.158 0.559000
