scripts/IMPROVE-2019_partial/data/US0566R.19890104080000.20191216000000.filterpack...1y.3d.US03L_filterpack_US0566.US03L_IMPROVE_Davis.lev2.nas
51 1001
MISSING INFORMATION
US03L, IMPROVE, , , , , , , 
MISSING INFORMATION
IMPROVE sel_HTAP
1 1
1989 01 01 2019 12 16
0
days from file reference point
4
1 1 1 1
999.999999 999.999 999.999 9.999
end_time of measurement, days from the file reference point
pm10_mass, ug/m3, Matrix=pm10
pm25_mass, ug/m3, Matrix=pm25
numflag, no unit
0
33
Data definition:              EBAS_1.1
Set type code:                TI
Timezone:                     UTC
File name:                    US0566R.19890104080000.20191216000000.filterpack...1y.3d.US03L_filterpack_US0566.US03L_IMPROVE_Davis.lev2.nas
File creation:                20191218120242
Startdate:                    19890104080000
Revision date:                20191216000000
Version:                      2
Version description:          "Data extracted from http://views.cira.colostate.edu/fed/DataWizard 2019-12-16"
Statistics:                   arithmetic mean
Data level:                   2
Period code:                  1y
Resolution code:              3d
Sample duration:              1d
Orig. time res.:              3d
Station code:                 US0566R
Platform code:                US0566S
Station name:                 Pinnacles National Monument-Bear Valley (CA66)
Station latitude:             36.4834
Station longitude:            -121.157
Station altitude:             317.0 m
Regime:                       IMG
Component:                    
Unit:                         ug/m3
Matrix:                       
Laboratory code:              US03L
Instrument type:              filterpack
Instrument name:              filterpack_US0566
Method ref:                   US03L_IMPROVE_Davis
Blank correction:             Blank corrected
Volume std. temperature:      ambient
Volume std. pressure:         ambient
starttime endtime PM10 PM2.5 flag
  3.333333   4.333333   7.190   4.153 0.000
  6.333333   7.333333   5.492   4.125 0.000
 10.333333  11.333333   6.285   2.588 0.000
 13.333333  14.333333  11.371   7.097 0.000
 17.333333  18.333333  18.638   6.124 0.000
 20.333333  21.333333  10.672   6.284 0.000
 24.333333  25.333333   6.288   4.423 0.000
 27.333333  28.333333 999.999 999.999 0.999
 31.333333  32.333333  42.680   9.192 0.000
 34.333333  35.333333   3.529   1.579 0.000
 38.333333  39.333333  13.465   6.721 0.000
 41.333333  42.333333  11.602   9.238 0.000
 45.333333  46.333333  21.606  10.585 0.000
 48.333333  49.333333  13.936  11.631 0.000
 52.333333  53.333333   9.961   4.831 0.000
 55.333333  56.333333  13.087   6.636 0.000
 59.333333  60.333333  10.000   4.360 0.000
 62.333333  63.333333   8.617   4.169 0.000
 66.333333  67.333333   6.838   3.222 0.000
 69.333333  70.333333   2.590   1.125 0.000
 73.333333  74.333333  17.481   4.940 0.000
 76.333333  77.333333 999.999   4.067 0.000
 80.333333  81.333333   8.958   4.529 0.000
 83.333333  84.333333   6.667   3.070 0.000
 87.333333  88.333333  11.907   4.159 0.000
 90.333333  91.333333  12.179   5.107 0.000
 94.333333  95.333333 999.999 999.999 0.999
 97.333333  98.333333  17.126 999.999 0.000
101.333333 102.333333  15.952   9.719 0.000
104.333333 105.333333  18.600 999.999 0.000
108.333333 109.333333  10.079 999.999 0.000
111.333333 112.333333   5.885   2.191 0.000
115.333333 116.333333   8.110   2.219 0.000
118.333333 119.333333  15.078   7.173 0.000
122.333333 123.333333  18.264   5.015 0.000
125.333333 126.333333  13.057   5.495 0.000
129.333333 130.333333   9.623   3.182 0.000
132.333333 133.333333  19.125   7.387 0.000
136.333333 137.333333  17.034   7.061 0.000
139.333333 140.333333  15.247   7.152 0.000
143.333333 144.333333 999.999   3.758 0.000
146.333333 147.333333   9.527   3.394 0.000
150.333333 151.333333  17.434   6.098 0.000
153.333333 154.333333  12.164   4.970 0.000
157.333333 158.333333   9.489   6.429 0.000
160.333333 161.333333  10.328   7.215 0.000
164.333333 165.333333  10.554   3.988 0.000
167.333333 168.333333  19.779   5.289 0.000
171.333333 172.333333  18.158   4.290 0.000
174.333333 175.333333  21.073   8.221 0.000
178.333333 179.333333  19.924   4.599 0.000
181.333333 182.333333  11.955   3.598 0.000
185.333333 186.333333  16.109   5.171 0.000
188.333333 189.333333  15.244   5.503 0.000
192.333333 193.333333  21.705   8.354 0.000
195.333333 196.333333  19.091   6.380 0.000
199.333333 200.333333  18.016   6.327 0.000
202.333333 203.333333  27.608   9.969 0.000
206.333333 207.333333  21.975   9.219 0.000
209.333333 210.333333  17.388   6.398 0.000
213.333333 214.333333  14.639   4.049 0.000
216.333333 217.333333  10.413   3.896 0.000
220.333333 221.333333  18.223   7.593 0.000
223.333333 224.333333  14.080   6.677 0.000
227.333333 228.333333  20.123   6.997 0.000
230.333333 231.333333  20.315   8.304 0.000
234.333333 235.333333   6.807   3.041 0.000
237.333333 238.333333  22.204   7.981 0.000
241.333333 242.333333   8.816   2.893 0.000
244.333333 245.333333  18.797   6.347 0.000
248.333333 249.333333  23.240   7.709 0.000
251.333333 252.333333  25.570  12.415 0.000
255.333333 256.333333  23.487   9.502 0.000
258.333333 259.333333  17.489   8.746 0.000
262.333333 263.333333  14.836   7.623 0.000
265.333333 266.333333  19.440  11.207 0.000
269.333333 270.333333   9.757   3.981 0.000
272.333333 273.333333  10.041   5.031 0.000
276.333333 277.333333  13.849   6.173 0.000
279.333333 280.333333  20.397  11.889 0.000
283.333333 284.333333  22.676  11.678 0.000
286.333333 287.333333  11.777   6.128 0.000
290.333333 291.333333 999.999 999.999 0.999
293.333333 294.333333   7.067   3.313 0.000
297.333333 298.333333   3.760   1.787 0.000
300.333333 301.333333  10.255   6.404 0.000
304.333333 305.333333  11.255   6.489 0.000
307.333333 308.333333  19.286  11.724 0.000
311.333333 312.333333  14.244   8.735 0.000
314.333333 315.333333  21.029  12.778 0.000
318.333333 319.333333  17.991  11.350 0.000
321.333333 322.333333  11.381   7.622 0.000
325.333333 326.333333  31.830  19.046 0.000
328.333333 329.333333 999.999   7.975 0.000
332.333333 333.333333  11.130   3.896 0.000
335.333333 336.333333   7.802   5.901 0.000
339.333333 340.333333   5.404   3.405 0.000
342.333333 343.333333  25.388  14.658 0.000
346.333333 347.333333  14.016   8.571 0.000
349.333333 350.333333  12.771   8.323 0.000
353.333333 354.333333  22.672  17.640 0.000
356.333333 357.333333  13.640   8.656 0.000
360.333333 361.333333  16.473   6.301 0.000
363.333333 364.333333 999.999  10.222 0.000
