scripts/IMPROVE-2019_partial/data/US0596R.20040101080000.20191216000000.filterpack..pm25.52w.1w.US03L_filterpack_US0596.US03L_IMPROVE_Davis.lev2.nas
66 1001
MISSING INFORMATION
US03L, IMPROVE, , , , , , , 
MISSING INFORMATION
IMPROVE sel_HTAP
1 1
2004 01 01 2019 12 16
3.000000
days from file reference point
27
1 1 1 1 1 1 1 1 1 1 1 1 1 1 1 1 1 1 1 1 1 1 1 1 1 1 1
999.999999 9999.99 9.999 99.99 9.999 9.999 9.999999 99.99 9.999999 9.999 9.999999 9999.999 9.999 9999.999 9.999 99.99 9.999999 999.999 9.999 99.999 9.999 99.999 9.999 9.999 9.999 9.999 9.999999
end_time of measurement, days from the file reference point
iron, ng/m3, Revision date=20181210133000
numflag iron, no unit, Revision date=20181210133000
lead, ng/m3, Revision date=20181210133000
numflag lead, no unit, Revision date=20181210133000
magnesium, ug/m3, Revision date=20181210133000
numflag magnesium, no unit, Revision date=20181210133000
nickel, ng/m3, Revision date=20181210133000
numflag nickel, no unit, Revision date=20181210133000
nitrate, ug N/m3, Revision date=20181210133000
numflag nitrate, no unit, Revision date=20181210133000
organic_carbon, ug C/m3, Revision date=20181210133000
numflag organic_carbon, no unit, Revision date=20181210133000
organic_mass, ug/m3, Revision date=20181210133000
numflag organic_mass, no unit, Revision date=20181210133000
phosphorus, ng/m3, Revision date=20181210133000
numflag phosphorus, no unit, Revision date=20181210133000
pm10_mass, ug/m3, Version=2, Version description=Data extracted from http://views.cira.colostate.edu/fed/DataWizard 2019-12-16, Sample duration=1d, Orig. time res.=3d, Matrix=pm10, Blank correction=Blank corrected, Volume std. temperature=ambient, Volume std. pressure=ambient
numflag pm10_mass, no unit, Version=2, Version description=Data extracted from http://views.cira.colostate.edu/fed/DataWizard 2019-12-16, Sample duration=1d, Orig. time res.=3d, Matrix=pm10, Blank correction=Blank corrected, Volume std. temperature=ambient, Volume std. pressure=ambient
pm10_pm25_mass, ug/m3, Revision date=20181210133000, Matrix=pm10_pm25
numflag pm10_pm25_mass, no unit, Revision date=20181210133000, Matrix=pm10_pm25
pm25_mass, ug/m3, Version=2, Version description=Data extracted from http://views.cira.colostate.edu/fed/DataWizard 2019-12-16, Sample duration=1d, Orig. time res.=3d, Blank correction=Blank corrected, Volume std. temperature=ambient, Volume std. pressure=ambient
numflag pm25_mass, no unit, Version=2, Version description=Data extracted from http://views.cira.colostate.edu/fed/DataWizard 2019-12-16, Sample duration=1d, Orig. time res.=3d, Blank correction=Blank corrected, Volume std. temperature=ambient, Volume std. pressure=ambient
potassium, ug/m3, Revision date=20181210133000
numflag potassium, no unit, Revision date=20181210133000
sulphate_total, ug S/m3, Revision date=20181210133000
numflag sulphate_total, no unit, Revision date=20181210133000
0
25
Data definition:              EBAS_1.1
Set type code:                TU
Timezone:                     UTC
File name:                    US0596R.20040101080000.20191216000000.filterpack..pm25.52w.1w.US03L_filterpack_US0596.US03L_IMPROVE_Davis.lev2.nas
File creation:                20191218120256
Startdate:                    20040101080000
Revision date:                20191216000000
Statistics:                   arithmetic mean
Data level:                   2
Period code:                  52w
Resolution code:              1w
Station code:                 US0596R
Platform code:                US0596S
Station name:                 Lassen Volcanic National Park-Manzanita Lake
Station latitude:             40.539
Station longitude:            -121.5772
Station altitude:             1754.0 m
Regime:                       IMG
Component:                    
Matrix:                       pm25
Laboratory code:              US03L
Instrument type:              filterpack
Instrument name:              filterpack_US0596
Method ref:                   US03L_IMPROVE_Davis
starttime endtime Fe flag_Fe Pb flag_Pb Mg++ flag_Mg++ Ni flag_Ni NO3- flag_NO3- OC flag_OC OM flag_OM P flag_P PM10 flag_PM10 PM10-PM2.5 flag_PM10-PM2.5 PM2.5 flag_PM2.5 K+ flag_K+ SO4-- flag_SO4--
[from data line 79]
237.333333 238.333333   44.89 0.000  0.23 0.000 9.999 0.259000  0.12 0.000000 0.037 0.559000    0.512 0.000    0.717 0.000 99.99 0.259000   3.933 0.000  1.657 0.000  2.276 0.000 0.033 0.000 0.137 0.559000
240.333333 241.333333   12.78 0.000  0.29 0.000 9.999 0.259000 99.99 0.259000 0.006 0.559000    0.666 0.000    0.933 0.000 99.99 0.259000   2.538 0.000  1.265 0.000  1.273 0.000 0.009 0.000 0.061 0.559000
243.333333 244.333333   35.47 0.000  0.70 0.000 9.999 0.259000  0.12 0.000000 0.016 0.559000    0.613 0.000    0.858 0.000 99.99 0.259000   4.582 0.000  2.035 0.000  2.547 0.000 0.020 0.000 0.237 0.559000
246.333333 247.333333   71.78 0.000  0.35 0.000 9.999 0.259000  0.14 0.000000 0.018 0.559000    0.688 0.000    0.963 0.000 99.99 0.259000   6.515 0.000  3.393 0.000  3.122 0.000 0.023 0.000 0.067 0.559000
249.333333 250.333333   37.32 0.000  0.68 0.000 0.078 0.000000 99.99 0.259000 0.029 0.559000    4.526 0.000    6.337 0.000 99.99 0.259000  12.126 0.000  3.386 0.000  8.739 0.000 0.093 0.000 0.101 0.559000
252.333333 253.333333   63.93 0.000  0.43 0.000 9.999 0.259000  0.21 0.000000 0.017 0.559000    1.417 0.000    1.983 0.000 99.99 0.259000   9.793 0.000  5.475 0.000  4.318 0.000 0.034 0.000 0.095 0.559000
255.333333 256.333333   65.17 0.000  0.69 0.000 9.999 0.259000  1.42 0.000000 0.041 0.000000    0.876 0.000    1.226 0.000 99.99 0.259000   9.462 0.000  5.838 0.000  3.625 0.000 0.051 0.000 0.112 0.000000
258.333333 259.333333   26.54 0.000  0.34 0.000 0.103 0.000000 99.99 0.259000 0.019 0.000000    0.477 0.000    0.668 0.000 99.99 0.259000   4.955 0.000  3.445 0.000  1.510 0.000 0.016 0.000 0.064 0.000000
261.333333 262.333333   11.49 0.000  0.46 0.000 9.999 0.259000  0.14 0.000000 0.022 0.000000    0.129 0.000    0.180 0.000 99.99 0.259000   4.109 0.000  2.855 0.000  1.254 0.000 0.010 0.000 0.078 0.000000
264.333333 265.333333   23.84 0.000  0.29 0.000 9.999 0.259000  0.15 0.000000 0.008 0.000000    0.342 0.000    0.479 0.000 99.99 0.259000   5.235 0.000  3.837 0.000  1.399 0.000 0.006 0.000 0.055 0.000000
267.333333 268.333333   40.58 0.000  0.37 0.000 9.999 0.259000 99.99 0.259000 0.010 0.000000    0.867 0.000    1.213 0.000 99.99 0.259000   6.010 0.000  2.538 0.000  3.472 0.000 0.025 0.000 0.061 0.000000
270.333333 271.333333   33.15 0.000  0.85 0.000 9.999 0.259000 99.99 0.259000 0.012 0.000000    0.772 0.000    1.081 0.000 99.99 0.259000   5.523 0.000  2.727 0.000  2.796 0.000 0.021 0.000 0.104 0.000000
273.333333 274.333333   69.05 0.000  1.08 0.000 9.999 0.259000  0.36 0.000000 0.084 0.000000    2.126 0.000    2.976 0.000 99.99 0.259000  11.724 0.000  4.504 0.000  7.220 0.000 0.066 0.000 0.497 0.000000
276.333333 277.333333   32.91 0.000  0.77 0.000 9.999 0.259000 99.99 0.259000 0.029 0.000000    1.299 0.000    1.819 0.000 99.99 0.259000   7.351 0.000  3.499 0.000  3.851 0.000 0.035 0.000 0.210 0.000000
279.333333 280.333333   42.30 0.000  0.66 0.000 9.999 0.259000  0.27 0.000000 0.020 0.000000    0.978 0.000    1.369 0.000 99.99 0.259000   7.351 0.000  4.000 0.000  3.350 0.000 0.039 0.000 0.178 0.000000
282.333333 283.333333    6.30 0.000  0.36 0.000 9.999 0.259000 99.99 0.259000 0.018 0.000000    0.593 0.000    0.830 0.000 99.99 0.259000   2.042 0.000  1.037 0.000  1.005 0.000 0.007 0.000 0.046 0.000000
285.333333 286.333333   24.58 0.000  0.42 0.000 9.999 0.259000 99.99 0.259000 0.011 0.000000    0.509 0.000    0.712 0.000 99.99 0.259000   3.764 0.000  2.220 0.000  1.545 0.000 0.014 0.000 0.155 0.000000
288.333333 289.333333   36.42 0.000  0.38 0.000 9.999 0.259000  0.08 0.000000 0.011 0.000000    0.625 0.000    0.875 0.000 99.99 0.259000   3.696 0.000  1.824 0.000  1.872 0.000 0.024 0.000 0.064 0.000000
291.333333 292.333333 9999.99 0.999 99.99 0.999 9.999 0.999000 99.99 0.999000 9.999 0.999000 9999.999 0.999 9999.999 0.999 99.99 0.999000 999.999 0.999 99.999 0.999 99.999 0.999 9.999 0.999 9.999 0.999000
294.333333 295.333333    2.68 0.000  0.48 0.000 0.097 0.000000 99.99 0.259000 0.008 0.000000    1.395 0.000    1.953 0.000 99.99 0.259000   2.893 0.000  0.097 0.000  2.796 0.000 0.013 0.000 0.049 0.000000
297.333333 298.333333   11.36 0.000  1.27 0.000 9.999 0.259000  0.17 0.000000 0.013 0.000000    1.150 0.000    1.610 0.000 99.99 0.259000   3.739 0.000  0.344 0.000  3.395 0.000 0.026 0.000 0.245 0.000000
300.333333 301.333333    1.76 0.000 99.99 0.259 9.999 0.259000 99.99 0.259000 0.015 0.000000    2.560 0.000    3.584 0.000 99.99 0.259000   1.479 0.000  0.239 0.000  1.240 0.000 0.008 0.000 0.040 0.000000
303.333333 304.333333   25.86 0.000  2.01 0.000 0.093 0.000000  0.15 0.000000 0.014 0.000000    0.631 0.000    0.884 0.000 99.99 0.259000   3.493 0.000  0.709 0.000  2.784 0.000 0.038 0.000 0.288 0.000000
306.333333 307.333333    6.21 0.000  0.58 0.000 0.110 0.000000 99.99 0.259000 0.054 0.000000    0.894 0.000    1.251 0.000 99.99 0.259000   2.949 0.000  0.845 0.000  2.105 0.000 0.017 0.000 0.072 0.000000
309.333333 310.333333   12.87 0.000  0.43 0.000 9.999 0.259000 99.99 0.259000 0.017 0.000000    0.414 0.000    0.580 0.000 99.99 0.259000   2.876 0.000  0.845 0.000  2.032 0.000 0.014 0.000 0.101 0.000000
312.333333 313.333333    8.73 0.000  0.67 0.000 9.999 0.259000  0.10 0.000000 0.387 0.000000    1.312 0.000    1.837 0.000 99.99 0.259000   5.351 0.000  1.313 0.000  4.038 0.000 0.027 0.000 0.166 0.000000
315.333333 316.333333    2.78 0.000  0.48 0.000 9.999 0.259000  0.15 0.000000 0.033 0.000000    0.470 0.000    0.658 0.000 99.99 0.259000   1.890 0.000  0.306 0.000  1.584 0.000 0.010 0.000 0.136 0.000000
318.333333 319.333333    1.71 0.000  0.31 0.000 9.999 0.259000 99.99 0.259000 0.004 0.000000    0.416 0.000    0.582 0.000 99.99 0.259000   1.808 0.000  0.407 0.000  1.401 0.000 0.006 0.000 0.110 0.000000
321.333333 322.333333    7.69 0.000  0.69 0.000 9.999 0.259000  0.14 0.000000 0.006 0.000000    0.551 0.000    0.772 0.000 99.99 0.259000   2.548 0.000  0.796 0.000  1.751 0.000 0.014 0.000 0.132 0.000000
324.333333 325.333333    3.39 0.000  0.53 0.000 9.999 0.259000 99.99 0.259000 0.014 0.000000    0.298 0.000    0.417 0.000 99.99 0.259000   2.753 0.000  1.626 0.000  1.127 0.000 0.011 0.000 0.079 0.000000
327.333333 328.333333    6.80 0.000  0.56 0.000 9.999 0.259000  0.21 0.000000 0.012 0.000000    0.711 0.000    0.995 0.000 99.99 0.259000   1.861 0.000  0.359 0.000  1.502 0.000 0.014 0.000 0.062 0.000000
330.333333 331.333333   12.20 0.000  0.40 0.000 9.999 0.259000 99.99 0.259000 0.006 0.000000    0.205 0.000    0.287 0.000 99.99 0.259000   0.909 0.000  0.209 0.000  0.701 0.000 0.010 0.000 0.028 0.000000
333.333333 334.333333    2.51 0.456  0.34 0.456 9.999 0.456259 99.99 0.456259 0.005 0.000000    0.172 0.000    0.240 0.000 99.99 0.456259   0.868 0.000 99.999 0.999 99.999 0.456 0.006 0.456 0.054 0.000000
336.333333 337.333333    2.91 0.000 99.99 0.259 9.999 0.259000 99.99 0.259000 0.005 0.000000    0.139 0.000    0.195 0.000 99.99 0.259000   1.199 0.000  0.623 0.000  0.576 0.000 0.004 0.000 0.057 0.000000
339.333333 340.333333   16.14 0.000  1.22 0.000 0.045 0.000000  0.14 0.000000 0.428 0.000000    0.789 0.000    1.105 0.000 99.99 0.259000   5.712 0.000  2.178 0.000  3.534 0.000 0.020 0.000 0.132 0.000000
342.333333 343.333333    1.95 0.000  0.30 0.000 0.063 0.000000  0.14 0.000000 0.013 0.000000    0.154 0.000    0.216 0.000 99.99 0.259000   1.068 0.000  0.310 0.000  0.758 0.000 0.007 0.000 0.051 0.000000
345.333333 346.333333    3.46 0.000  0.60 0.000 9.999 0.259000  0.08 0.000000 0.003 0.000000    0.169 0.000    0.236 0.000 99.99 0.259000   0.899 0.000  0.237 0.000  0.661 0.000 0.008 0.000 0.073 0.000000
348.333333 349.333333    2.31 0.000  0.30 0.000 9.999 0.259000  0.16 0.000000 0.006 0.000000    0.245 0.000    0.343 0.000 99.99 0.259000   0.864 0.000  0.352 0.000  0.513 0.000 0.006 0.000 0.017 0.000000
351.333333 352.333333    5.27 0.000 99.99 0.259 9.999 0.259000  0.06 0.000000 0.004 0.000000    0.093 0.000    0.130 0.000 99.99 0.259000   0.817 0.000  0.310 0.000  0.507 0.000 0.007 0.000 0.028 0.000000
354.333333 355.333333    3.67 0.000 99.99 0.259 9.999 0.259000 99.99 0.259000 0.010 0.000000    0.434 0.000    0.607 0.000 99.99 0.259000   1.307 0.000  0.341 0.000  0.966 0.000 0.007 0.000 0.034 0.000000
357.333333 358.333333    2.82 0.000  0.48 0.000 9.999 0.259000  0.05 0.000000 0.004 0.000000    0.101 0.000    0.141 0.000 99.99 0.259000   0.858 0.000  0.257 0.000  0.601 0.000 0.005 0.000 0.068 0.000000
360.333333 361.333333    5.66 0.000  0.93 0.000 9.999 0.259000  0.13 0.000000 0.094 0.000000    0.292 0.000    0.409 0.000 99.99 0.259000   2.260 0.000  1.031 0.000  1.229 0.000 0.011 0.000 0.119 0.000000
363.333333 364.333333    1.00 0.000  0.16 0.000 9.999 0.259000  0.11 0.000000 0.007 0.000000    1.915 0.000    2.681 0.000 99.99 0.259000   0.575 0.000  0.545 0.000  0.031 0.000 0.005 0.000 0.018 0.000000
