scripts/IMPROVE-2019_partial/data/US0596R.19950104080000.20191216000000.filterpack...1y.3d.US03L_filterpack_US0596.US03L_IMPROVE_Davis.lev2.nas
52 1001
MISSING INFORMATION
US03L, IMPROVE, , , , , , , 
MISSING INFORMATION
IMPROVE sel_HTAP
1 1
1995 01 01 2019 12 16
0
days from file reference point
5
1 1 1 1 1
999.999999 999.999 9.999 99.999 9.999
end_time of measurement, days from the file reference point
pm10_mass, ug/m3, Matrix=pm10
numflag pm10_mass, no unit, Matrix=pm10
pm25_mass, ug/m3, Matrix=pm25
numflag pm25_mass, no unit, Matrix=pm25
0
33
Data definition:              EBAS_1.1
Set type code:                TI
Timezone:                     UTC
File name:                    US0596R.19950104080000.20191216000000.filterpack...1y.3d.US03L_filterpack_US0596.US03L_IMPROVE_Davis.lev2.nas
File creation:                20191218120255
Startdate:                    19950104080000
Revision date:                20191216000000
Version:                      2
Version description:          "Data extracted from http://views.cira.colostate.edu/fed/DataWizard 2019-12-16"
Statistics:                   arithmetic mean
Data level:                   2
Period code:                  1y
Resolution code:              3d
Sample duration:              1d
Orig. time res.:              3d
Station code:                 US0596R
Platform code:                US0596S
Station name:                 Lassen Volcanic National Park-Manzanita Lake
Station latitude:             40.539
Station longitude:            -121.5772
Station altitude:             1754.0 m
Regime:                       IMG
Component:                    
Unit:                         ug/m3
Matrix:                       
Laboratory code:              US03L
Instrument type:              filterpack
Instrument name:              filterpack_US0596
Method ref:                   US03L_IMPROVE_Davis
Blank correction:             Blank corrected
Volume std. temperature:      ambient
Volume std. pressure:         ambient
starttime endtime PM10 flag_PM10 PM2.5 flag_PM2.5
  3.333333   4.333333 999.999 0.999 99.999 0.999
  6.333333   7.333333 999.999 0.999 99.999 0.999
 10.333333  11.333333 999.999 0.999 99.999 0.999
 13.333333  14.333333 999.999 0.999 99.999 0.999
 17.333333  18.333333 999.999 0.999  1.561 0.000
 20.333333  21.333333   1.754 0.000  1.577 0.000
 24.333333  25.333333   0.956 0.000  0.467 0.000
 27.333333  28.333333   1.176 0.000 99.999 0.259
 31.333333  32.333333 999.999 0.999  0.895 0.000
 34.333333  35.333333   1.900 0.000  1.304 0.000
 38.333333  39.333333   3.755 0.000  0.889 0.000
 41.333333  42.333333  10.743 0.000  3.323 0.000
 45.333333  46.333333   1.547 0.000  0.552 0.000
 48.333333  49.333333 999.999 0.999  0.583 0.000
 52.333333  53.333333   1.581 0.000  0.966 0.000
 55.333333  56.333333   2.721 0.000  1.889 0.000
 59.333333  60.333333 999.999 0.999  3.615 0.000
 62.333333  63.333333   2.562 0.000  2.137 0.000
 66.333333  67.333333   1.404 0.000  0.666 0.000
 69.333333  70.333333 999.999 0.999 99.999 0.999
 73.333333  74.333333 999.999 0.999  1.046 0.000
 76.333333  77.333333   1.411 0.000  1.300 0.000
 80.333333  81.333333 999.999 0.999 99.999 0.999
 83.333333  84.333333   7.018 0.000  1.768 0.000
 87.333333  88.333333   3.917 0.000  2.967 0.000
 90.333333  91.333333 999.999 0.999  2.264 0.000
 94.333333  95.333333   2.849 0.000  2.151 0.000
 97.333333  98.333333   1.852 0.000  1.352 0.000
101.333333 102.333333   5.199 0.000  3.551 0.000
104.333333 105.333333   2.000 0.000  1.280 0.000
108.333333 109.333333   2.956 0.000  2.180 0.000
111.333333 112.333333   4.060 0.000  2.500 0.000
115.333333 116.333333   9.693 0.000  9.533 0.000
118.333333 119.333333   1.555 0.000  0.343 0.000
122.333333 123.333333   2.771 0.000  2.149 0.000
125.333333 126.333333   1.331 0.000  1.023 0.000
129.333333 130.333333   4.690 0.000  3.488 0.000
132.333333 133.333333   1.745 0.000  1.320 0.000
136.333333 137.333333   4.081 0.000  3.239 0.000
139.333333 140.333333   6.622 0.000  5.022 0.000
143.333333 144.333333   4.889 0.000  3.518 0.000
146.333333 147.333333   8.787 0.000  6.944 0.000
150.333333 151.333333   7.417 0.000  4.987 0.000
153.333333 154.333333   7.635 0.000  5.745 0.000
157.333333 158.333333 999.999 0.999  1.285 0.000
160.333333 161.333333   4.889 0.000  3.073 0.000
164.333333 165.333333   4.929 0.000  0.997 0.000
167.333333 168.333333   1.835 0.000  1.059 0.000
171.333333 172.333333   3.472 0.000  1.810 0.000
174.333333 175.333333   4.861 0.000  3.696 0.000
178.333333 179.333333   8.575 0.000  5.246 0.000
181.333333 182.333333   7.462 0.000  4.834 0.000
185.333333 186.333333   7.617 0.000  3.875 0.000
188.333333 189.333333   9.371 0.000  5.766 0.000
192.333333 193.333333   7.166 0.000  4.094 0.000
195.333333 196.333333   5.504 0.000  3.788 0.000
199.333333 200.333333   7.242 0.000  4.752 0.000
202.333333 203.333333   6.864 0.000  4.139 0.000
206.333333 207.333333   5.873 0.000  2.796 0.000
209.333333 210.333333  10.998 0.000  2.793 0.000
213.333333 214.333333   6.538 0.000  3.396 0.000
216.333333 217.333333   8.163 0.000  4.518 0.000
220.333333 221.333333   6.722 0.000  3.019 0.000
223.333333 224.333333   4.791 0.000  1.980 0.000
227.333333 228.333333  11.686 0.000  4.907 0.000
230.333333 231.333333   6.454 0.000  3.009 0.000
234.333333 235.333333  10.584 0.000 99.999 0.999
237.333333 238.333333 999.999 0.999 99.999 0.999
241.333333 242.333333   4.934 0.000 99.999 0.999
244.333333 245.333333  11.131 0.000  5.939 0.000
248.333333 249.333333   5.442 0.000  2.498 0.000
251.333333 252.333333  12.754 0.000  5.848 0.000
255.333333 256.333333   6.446 0.000  4.569 0.000
258.333333 259.333333   7.842 0.000  6.186 0.000
262.333333 263.333333 999.999 0.999  4.371 0.000
265.333333 266.333333   9.940 0.000  3.704 0.000
269.333333 270.333333   5.991 0.000  4.898 0.000
272.333333 273.333333   1.702 0.000  0.988 0.000
276.333333 277.333333   2.852 0.000  1.936 0.000
279.333333 280.333333  11.043 0.000  8.039 0.000
283.333333 284.333333   5.158 0.000  3.486 0.000
286.333333 287.333333   2.704 0.000  1.949 0.000
290.333333 291.333333   3.949 0.000  2.170 0.000
293.333333 294.333333   5.122 0.000  2.852 0.000
297.333333 298.333333   6.016 0.000  3.394 0.000
300.333333 301.333333   4.229 0.000  4.017 0.000
304.333333 305.333333   5.329 0.000  4.889 0.000
307.333333 308.333333   3.369 0.000  2.429 0.000
311.333333 312.333333   2.528 0.000  2.531 0.000
314.333333 315.333333   1.315 0.000  1.168 0.000
318.333333 319.333333   7.971 0.000  7.351 0.000
321.333333 322.333333   1.745 0.000  1.619 0.000
325.333333 326.333333   0.681 0.000  0.654 0.000
328.333333 329.333333   0.987 0.000  0.833 0.000
332.333333 333.333333   1.566 0.000  0.685 0.000
335.333333 336.333333   2.962 0.000  2.024 0.000
339.333333 340.333333   1.328 0.000  1.064 0.000
342.333333 343.333333   2.655 0.000  2.315 0.000
346.333333 347.333333 999.999 0.999 99.999 0.999
349.333333 350.333333 999.999 0.999 99.999 0.999
353.333333 354.333333 999.999 0.999 99.999 0.999
356.333333 357.333333 999.999 0.999 99.999 0.999
360.333333 361.333333 999.999 0.999 99.999 0.999
363.333333 364.333333 999.999 0.999 99.999 0.999
