scripts/IMPROVE-2019_partial/data/US0567R.20140102080000.20191216000000.filterpack...52w.3d.US03L_filterpack_US0567.US03L_IMPROVE_Davis.lev2.nas
52 1001
MISSING INFORMATION
US03L, IMPROVE, , , , , , , 
MISSING INFORMATION
IMPROVE sel_HTAP
1 1
2014 01 01 2019 12 16
3.000000
days from file reference point
5
1 1 1 1 1
999.999999 999.999 9.999 999.999 9.999
end_time of measurement, days from the file reference point
pm10_mass, ug/m3, Matrix=pm10
numflag pm10_mass, no unit, Matrix=pm10
pm25_mass, ug/m3, Matrix=pm25
numflag pm25_mass, no unit, Matrix=pm25
0
33
Data definition:              EBAS_1.1
Set type code:                TU
Timezone:                     UTC
File name:                    US0567R.20140102080000.20191216000000.filterpack...52w.3d.US03L_filterpack_US0567.US03L_IMPROVE_Davis.lev2.nas
File creation:                20191218120251
Startdate:                    20140102080000
Revision date:                20191216000000
Version:                      2
Version description:          "Data extracted from http://views.cira.colostate.edu/fed/DataWizard 2019-12-16"
Statistics:                   arithmetic mean
Data level:                   2
Period code:                  52w
Resolution code:              3d
Sample duration:              1d
Orig. time res.:              3d
Station code:                 US0567R
Platform code:                US0567S
Station name:                 Joshua Tree National Park-Black Rock
Station latitude:             34.0695
Station longitude:            -116.3889
Station altitude:             1239.0 m
Regime:                       IMG
Component:                    
Unit:                         ug/m3
Matrix:                       
Laboratory code:              US03L
Instrument type:              filterpack
Instrument name:              filterpack_US0567
Method ref:                   US03L_IMPROVE_Davis
Blank correction:             Blank corrected
Volume std. temperature:      ambient
Volume std. pressure:         ambient
starttime endtime PM10 flag_PM10 PM2.5 flag_PM2.5
  1.333333   2.333333   4.344 0.659   1.102 0.000
  4.333333   5.333333  13.915 0.659   2.456 0.000
  7.333333   8.333333   7.090 0.659   1.869 0.000
 10.333333  11.333333   7.520 0.659   2.575 0.000
 13.333333  14.333333   5.030 0.659   1.941 0.000
 16.333333  17.333333   3.544 0.659   1.563 0.000
 19.333333  20.333333   4.467 0.659   1.421 0.000
 22.333333  23.333333   6.876 0.659   2.094 0.000
 25.333333  26.333333  11.287 0.659   2.594 0.000
 28.333333  29.333333   7.455 0.659   2.647 0.000
 31.333333  32.333333   7.340 0.659   2.923 0.000
 34.333333  35.333333   8.244 0.659   3.172 0.000
 37.333333  38.333333   3.043 0.659   1.728 0.000
 40.333333  41.333333   7.277 0.659   1.571 0.000
 43.333333  44.333333   4.637 0.000   1.444 0.000
 46.333333  47.333333   4.283 0.000   1.689 0.000
 49.333333  50.333333  11.740 0.000   3.885 0.000
 52.333333  53.333333  18.994 0.659   5.797 0.000
 55.333333  56.333333  14.382 0.659   4.674 0.000
 58.333333  59.333333   3.044 0.659   1.204 0.000
 61.333333  62.333333   2.332 0.659   0.952 0.000
 64.333333  65.333333   8.081 0.000   3.319 0.000
 67.333333  68.333333   2.041 0.659   0.797 0.000
 70.333333  71.333333   5.004 0.659   1.524 0.000
 73.333333  74.333333  17.578 0.659   6.347 0.000
 76.333333  77.333333  17.430 0.659   3.757 0.000
 79.333333  80.333333  16.276 0.659   5.080 0.000
 82.333333  83.333333  10.254 0.000   3.548 0.000
 85.333333  86.333333   9.524 0.659   3.345 0.000
 88.333333  89.333333   8.215 0.659   3.021 0.000
 91.333333  92.333333   3.058 0.659   1.323 0.000
 94.333333  95.333333  10.294 0.659   5.131 0.000
 97.333333  98.333333   7.339 0.000   3.020 0.000
100.333333 101.333333   9.171 0.000   2.881 0.000
103.333333 104.333333  13.075 0.000   3.536 0.000
106.333333 107.333333  23.293 0.000   6.747 0.000
109.333333 110.333333  16.429 0.000   7.998 0.000
112.333333 113.333333  14.746 0.000   3.722 0.000
115.333333 116.333333   5.427 0.000   2.230 0.000
118.333333 119.333333   7.859 0.000   3.237 0.000
121.333333 122.333333   8.256 0.000   3.080 0.000
124.333333 125.333333  11.804 0.000   6.417 0.000
127.333333 128.333333  19.196 0.000   6.514 0.000
130.333333 131.333333  56.570 0.000  12.536 0.000
133.333333 134.333333   8.433 0.000   2.901 0.000
136.333333 137.333333  18.181 0.000   7.057 0.000
139.333333 140.333333  12.028 0.000   3.836 0.000
142.333333 143.333333 999.999 0.999 999.999 0.999
145.333333 146.333333 999.999 0.999 999.999 0.999
148.333333 149.333333  13.990 0.000   5.793 0.000
151.333333 152.333333  15.063 0.000   7.234 0.000
154.333333 155.333333  11.050 0.000   5.560 0.000
157.333333 158.333333  17.608 0.000   7.357 0.000
160.333333 161.333333  24.070 0.000   8.757 0.000
163.333333 164.333333  17.470 0.000   4.805 0.000
166.333333 167.333333  14.522 0.000   3.271 0.000
169.333333 170.333333  22.619 0.000   6.348 0.000
172.333333 173.333333  13.423 0.000   4.958 0.000
175.333333 176.333333  20.638 0.000   8.098 0.000
178.333333 179.333333  19.850 0.000   5.637 0.000
181.333333 182.333333  14.816 0.000   5.386 0.000
184.333333 185.333333  17.886 0.000   5.057 0.000
187.333333 188.333333  15.960 0.000   5.701 0.000
190.333333 191.333333  16.694 0.000   5.344 0.000
193.333333 194.333333  12.502 0.000   4.386 0.000
196.333333 197.333333  12.623 0.000   3.709 0.000
199.333333 200.333333  13.637 0.000   3.868 0.000
202.333333 203.333333   9.712 0.000   2.828 0.000
205.333333 206.333333  19.869 0.000   5.787 0.000
208.333333 209.333333  20.405 0.000   6.827 0.000
211.333333 212.333333  23.143 0.000   9.663 0.000
214.333333 215.333333   4.326 0.000   2.900 0.000
217.333333 218.333333   6.261 0.000   2.318 0.000
220.333333 221.333333  13.516 0.000   4.747 0.000
223.333333 224.333333  23.202 0.000   7.069 0.000
226.333333 227.333333   6.184 0.000   2.895 0.000
229.333333 230.333333  65.347 0.000   7.887 0.000
232.333333 233.333333  30.599 0.000 999.999 0.456
235.333333 236.333333   8.468 0.000   2.866 0.000
238.333333 239.333333   9.175 0.000   3.226 0.000
241.333333 242.333333   9.091 0.000   2.736 0.000
244.333333 245.333333  11.936 0.000   3.341 0.000
247.333333 248.333333  25.605 0.000   7.284 0.000
250.333333 251.333333   9.100 0.000   4.399 0.000
253.333333 254.333333   8.642 0.000   3.427 0.000
256.333333 257.333333  11.195 0.000   3.422 0.000
259.333333 260.333333  12.604 0.000   2.798 0.000
262.333333 263.333333  13.674 0.000   4.002 0.000
265.333333 266.333333   4.607 0.000   1.432 0.000
268.333333 269.333333   8.332 0.000   3.284 0.000
271.333333 272.333333  10.418 0.000   3.331 0.000
274.333333 275.333333   5.435 0.000   1.516 0.000
277.333333 278.333333   4.121 0.000   1.162 0.000
280.333333 281.333333  15.631 0.000   3.835 0.000
283.333333 284.333333  12.630 0.000   4.518 0.000
286.333333 287.333333  10.527 0.000   2.125 0.000
289.333333 290.333333  11.536 0.000   4.288 0.000
292.333333 293.333333   8.986 0.000   3.638 0.000
295.333333 296.333333  11.191 0.000   3.735 0.000
298.333333 299.333333   8.820 0.000   2.592 0.000
301.333333 302.333333   5.493 0.000   1.989 0.000
304.333333 305.333333   2.877 0.000   0.906 0.000
307.333333 308.333333   3.856 0.000   1.256 0.000
310.333333 311.333333   6.435 0.000   1.761 0.000
313.333333 314.333333   8.972 0.000   2.713 0.000
316.333333 317.333333  16.579 0.000   4.245 0.000
319.333333 320.333333  51.117 0.000   7.004 0.000
322.333333 323.333333 999.999 0.999 999.999 0.999
325.333333 326.333333   5.815 0.000   1.440 0.000
328.333333 329.333333   5.443 0.000   1.417 0.000
331.333333 332.333333   5.578 0.000   1.589 0.000
334.333333 335.333333   5.733 0.000   1.319 0.000
337.333333 338.333333   1.880 0.000   0.869 0.000
340.333333 341.333333   2.896 0.000   1.897 0.000
343.333333 344.333333 999.999 0.456   1.586 0.000
346.333333 347.333333   1.263 0.000   0.689 0.000
349.333333 350.333333   4.259 0.000   1.844 0.000
352.333333 353.333333 999.999 0.456   1.074 0.000
355.333333 356.333333   3.410 0.000   0.864 0.000
358.333333 359.333333 999.999 0.456 999.999 0.999
361.333333 362.333333 999.999 0.999 999.999 0.999
364.333333 365.333333 999.999 0.456   4.529 0.000
