scripts/IMPROVE-2019_partial/data/US0596R.19940101080000.20191216000000.filterpack...1y.3d.US03L_filterpack_US0596.US03L_IMPROVE_Davis.lev2.nas
51 1001
MISSING INFORMATION
US03L, IMPROVE, , , , , , , 
MISSING INFORMATION
IMPROVE sel_HTAP
1 1
1994 01 01 2019 12 16
0
days from file reference point
4
1 1 1 1
999.999999 999.999 999.999 9.999
end_time of measurement, days from the file reference point
pm10_mass, ug/m3, Matrix=pm10
pm25_mass, ug/m3, Matrix=pm25
numflag, no unit
0
33
Data definition:              EBAS_1.1
Set type code:                TI
Timezone:                     UTC
File name:                    US0596R.19940101080000.20191216000000.filterpack...1y.3d.US03L_filterpack_US0596.US03L_IMPROVE_Davis.lev2.nas
File creation:                20191218120255
Startdate:                    19940101080000
Revision date:                20191216000000
Version:                      2
Version description:          "Data extracted from http://views.cira.colostate.edu/fed/DataWizard 2019-12-16"
Statistics:                   arithmetic mean
Data level:                   2
Period code:                  1y
Resolution code:              3d
Sample duration:              1d
Orig. time res.:              3d
Station code:                 US0596R
Platform code:                US0596S
Station name:                 Lassen Volcanic National Park-Manzanita Lake
Station latitude:             40.539
Station longitude:            -121.5772
Station altitude:             1754.0 m
Regime:                       IMG
Component:                    
Unit:                         ug/m3
Matrix:                       
Laboratory code:              US03L
Instrument type:              filterpack
Instrument name:              filterpack_US0596
Method ref:                   US03L_IMPROVE_Davis
Blank correction:             Blank corrected
Volume std. temperature:      ambient
Volume std. pressure:         ambient
starttime endtime PM10 PM2.5 flag
  0.333333   1.333333   1.194   1.015 0.000
  4.333333   5.333333   1.227   0.556 0.000
  7.333333   8.333333   2.628   1.111 0.000
 11.333333  12.333333   1.761   1.433 0.000
 14.333333  15.333333 999.999   2.000 0.000
 18.333333  19.333333   2.536   0.978 0.000
 21.333333  22.333333   3.286   1.609 0.000
 25.333333  26.333333   0.860   0.455 0.000
 28.333333  29.333333   2.903   2.273 0.000
 32.333333  33.333333   4.588   2.446 0.000
 35.333333  36.333333   4.086   3.982 0.000
 39.333333  40.333333   1.064   0.848 0.000
 42.333333  43.333333   4.839   1.333 0.000
 46.333333  47.333333   2.579   2.171 0.000
 49.333333  50.333333   1.172   0.912 0.000
 53.333333  54.333333   2.358   1.611 0.000
 56.333333  57.333333   3.286   0.703 0.000
 60.333333  61.333333 999.999 999.999 0.999
 63.333333  64.333333   3.652   1.084 0.000
 67.333333  68.333333 999.999 999.999 0.999
 70.333333  71.333333   2.743   1.261 0.000
 74.333333  75.333333   1.964   1.524 0.000
 77.333333  78.333333 999.999 999.999 0.999
 81.333333  82.333333   2.544   2.078 0.000
 84.333333  85.333333   5.972   2.801 0.000
 88.333333  89.333333   4.143   3.467 0.000
 91.333333  92.333333   5.536   3.869 0.000
 95.333333  96.333333   3.310   2.252 0.000
 98.333333  99.333333   1.585   1.441 0.000
102.333333 103.333333  10.865   4.521 0.000
105.333333 106.333333  15.121   8.602 0.000
109.333333 110.333333   8.212   6.420 0.000
112.333333 113.333333   3.905   2.870 0.000
116.333333 117.333333 999.999   2.160 0.000
119.333333 120.333333   6.387   5.741 0.000
123.333333 124.333333   8.932   1.768 0.000
126.333333 127.333333   7.722   0.671 0.000
130.333333 131.333333  11.654   9.094 0.000
133.333333 134.333333   8.699   6.522 0.000
137.333333 138.333333   3.877   1.242 0.000
140.333333 141.333333   5.109   3.515 0.000
144.333333 145.333333  12.051   6.821 0.000
147.333333 148.333333  13.883   5.833 0.000
151.333333 152.333333   6.471   4.969 0.000
154.333333 155.333333  11.949   3.834 0.000
158.333333 159.333333   9.451   1.852 0.000
161.333333 162.333333  15.093  10.432 0.000
165.333333 166.333333   4.373   3.374 0.000
168.333333 169.333333   7.382   5.532 0.000
172.333333 173.333333  10.750   3.042 0.000
175.333333 176.333333   8.484   4.608 0.000
179.333333 180.333333   5.627   4.421 0.000
182.333333 183.333333 999.999 999.999 0.999
186.333333 187.333333   4.481   3.851 0.000
189.333333 190.333333   9.519   6.156 0.000
193.333333 194.333333  12.161   4.104 0.000
196.333333 197.333333  18.159   9.799 0.000
200.333333 201.333333  10.916   7.286 0.000
203.333333 204.333333  11.868   6.829 0.000
207.333333 208.333333   7.949   4.368 0.000
210.333333 211.333333   9.890   5.891 0.000
214.333333 215.333333   7.920   4.319 0.000
217.333333 218.333333   7.153   2.767 0.000
221.333333 222.333333   5.109   2.971 0.000
224.333333 225.333333  15.616   2.314 0.000
228.333333 229.333333  12.563   4.663 0.000
231.333333 232.333333   6.029   3.138 0.000
235.333333 236.333333   7.128   5.043 0.000
238.333333 239.333333   4.078   2.378 0.000
242.333333 243.333333  10.883   7.623 0.000
245.333333 246.333333   7.314   4.771 0.000
249.333333 250.333333   6.173   3.401 0.000
252.333333 253.333333   6.209   2.645 0.000
256.333333 257.333333   4.859   3.097 0.000
259.333333 260.333333   7.993   4.914 0.000
263.333333 264.333333   6.667   4.461 0.000
266.333333 267.333333  12.609   8.328 0.000
270.333333 271.333333   8.856   8.333 0.000
273.333333 274.333333   6.827 999.999 0.000
277.333333 278.333333   2.639   1.848 0.000
280.333333 281.333333   4.286   3.015 0.000
284.333333 285.333333   6.594   5.030 0.000
287.333333 288.333333   1.087 999.999 0.000
291.333333 292.333333   8.029   5.425 0.000
294.333333 295.333333   2.724   1.552 0.000
298.333333 299.333333   7.509   5.044 0.000
301.333333 302.333333   3.213   2.653 0.000
305.333333 306.333333   1.618   1.357 0.000
308.333333 309.333333   1.103   0.733 0.000
312.333333 313.333333 999.999 999.999 0.999
315.333333 316.333333 999.999   2.840 0.000
319.333333 320.333333   1.245   0.621 0.000
322.333333 323.333333   0.840 999.999 0.000
326.333333 327.333333   1.908   1.550 0.000
329.333333 330.333333 999.999 999.999 0.999
333.333333 334.333333   0.781   0.299 0.000
336.333333 337.333333 999.999 999.999 0.999
340.333333 341.333333   0.909   0.456 0.000
343.333333 344.333333   3.557   3.077 0.000
347.333333 348.333333   2.218   0.669 0.000
350.333333 351.333333   2.581   0.374 0.000
354.333333 355.333333   3.414 999.999 0.000
357.333333 358.333333   2.305   2.288 0.000
361.333333 362.333333   2.172   0.314 0.000
364.333333 365.333333   3.221   1.195 0.000
