scripts/IMPROVE-2019_partial/data/US0566R.20020102080000.20191216000000.filterpack..pm25.52w.1w.US03L_filterpack_US0566.US03L_IMPROVE_Davis.lev2.nas
66 1001
MISSING INFORMATION
US03L, IMPROVE, , , , , , , 
MISSING INFORMATION
IMPROVE sel_HTAP
1 1
2002 01 01 2019 12 16
3.000000
days from file reference point
27
1 1 1 1 1 1 1 1 1 1 1 1 1 1 1 1 1 1 1 1 1 1 1 1 1 1 1
999.999999 9999.99 9.999999 99.99 9.999999 9.999 9.999999999 99.99 9.999999 99.999 9.999999 99.999 9.999 999.999 9.999 999.99 9.999999999 999.999 9.999 999.999 9.999 999.999 9.999 9.999 9.999999 99.999 9.999999
end_time of measurement, days from the file reference point
iron, ng/m3, Revision date=20181210133000
numflag iron, no unit, Revision date=20181210133000
lead, ng/m3, Revision date=20181210133000
numflag lead, no unit, Revision date=20181210133000
magnesium, ug/m3, Revision date=20181210133000
numflag magnesium, no unit, Revision date=20181210133000
nickel, ng/m3, Revision date=20181210133000
numflag nickel, no unit, Revision date=20181210133000
nitrate, ug N/m3, Revision date=20181210133000
numflag nitrate, no unit, Revision date=20181210133000
organic_carbon, ug C/m3, Revision date=20181210133000
numflag organic_carbon, no unit, Revision date=20181210133000
organic_mass, ug/m3, Revision date=20181210133000
numflag organic_mass, no unit, Revision date=20181210133000
phosphorus, ng/m3, Revision date=20181210133000
numflag phosphorus, no unit, Revision date=20181210133000
pm10_mass, ug/m3, Version=2, Version description=Data extracted from http://views.cira.colostate.edu/fed/DataWizard 2019-12-16, Sample duration=1d, Orig. time res.=3d, Matrix=pm10, Blank correction=Blank corrected, Volume std. temperature=ambient, Volume std. pressure=ambient
numflag pm10_mass, no unit, Version=2, Version description=Data extracted from http://views.cira.colostate.edu/fed/DataWizard 2019-12-16, Sample duration=1d, Orig. time res.=3d, Matrix=pm10, Blank correction=Blank corrected, Volume std. temperature=ambient, Volume std. pressure=ambient
pm10_pm25_mass, ug/m3, Revision date=20181210133000, Matrix=pm10_pm25
numflag pm10_pm25_mass, no unit, Revision date=20181210133000, Matrix=pm10_pm25
pm25_mass, ug/m3, Version=2, Version description=Data extracted from http://views.cira.colostate.edu/fed/DataWizard 2019-12-16, Sample duration=1d, Orig. time res.=3d, Blank correction=Blank corrected, Volume std. temperature=ambient, Volume std. pressure=ambient
numflag pm25_mass, no unit, Version=2, Version description=Data extracted from http://views.cira.colostate.edu/fed/DataWizard 2019-12-16, Sample duration=1d, Orig. time res.=3d, Blank correction=Blank corrected, Volume std. temperature=ambient, Volume std. pressure=ambient
potassium, ug/m3, Revision date=20181210133000
numflag potassium, no unit, Revision date=20181210133000
sulphate_total, ug S/m3, Revision date=20181210133000
numflag sulphate_total, no unit, Revision date=20181210133000
0
25
Data definition:              EBAS_1.1
Set type code:                TU
Timezone:                     UTC
File name:                    US0566R.20020102080000.20191216000000.filterpack..pm25.52w.1w.US03L_filterpack_US0566.US03L_IMPROVE_Davis.lev2.nas
File creation:                20191218120243
Startdate:                    20020102080000
Revision date:                20191216000000
Statistics:                   arithmetic mean
Data level:                   2
Period code:                  52w
Resolution code:              1w
Station code:                 US0566R
Platform code:                US0566S
Station name:                 Pinnacles National Monument-Bear Valley (CA66)
Station latitude:             36.4834
Station longitude:            -121.157
Station altitude:             317.0 m
Regime:                       IMG
Component:                    
Matrix:                       pm25
Laboratory code:              US03L
Instrument type:              filterpack
Instrument name:              filterpack_US0566
Method ref:                   US03L_IMPROVE_Davis
starttime endtime Fe flag_Fe Pb flag_Pb Mg++ flag_Mg++ Ni flag_Ni NO3- flag_NO3- OC flag_OC OM flag_OM P flag_P PM10 flag_PM10 PM10-PM2.5 flag_PM10-PM2.5 PM2.5 flag_PM2.5 K+ flag_K+ SO4-- flag_SO4--
[from data line 73]
220.333333 221.333333   45.73 0.000000  0.57 0.000000 9.999 0.259000000  0.27 0.000000  0.070 0.559000  3.865 0.000   5.411 0.000 999.99 0.259000000  17.933 0.000   8.864 0.000   9.068 0.000 0.053 0.000000  0.245 0.559000
223.333333 224.333333   29.92 0.559000  0.73 0.559000 9.999 0.559259000  0.22 0.559000  0.074 0.559000  2.842 0.000   3.979 0.000 999.99 0.559259000  15.428 0.000   7.015 0.000   8.412 0.559 0.059 0.559000  0.378 0.559000
226.333333 227.333333   36.52 0.000000  0.75 0.000000 9.999 0.259000000  0.37 0.000000  0.068 0.000000  7.691 0.000  10.768 0.000 999.99 0.259000000  24.760 0.000   7.895 0.000  16.865 0.000 0.076 0.000000  0.616 0.000000
229.333333 230.333333   14.95 0.559000  0.64 0.559000 0.044 0.559000000  0.47 0.559000  0.335 0.000000  4.067 0.000   5.694 0.000 999.99 0.559259000  21.000 0.000   8.259 0.000  12.741 0.559 0.063 0.559000  0.792 0.000000
232.333333 233.333333   13.68 0.559000  0.32 0.559000 9.999 0.559259000  0.48 0.559000  0.210 0.559000  1.565 0.000   2.192 0.000 999.99 0.559259000  14.220 0.000   7.751 0.000   6.468 0.559 0.044 0.559000  0.519 0.559000
235.333333 236.333333   20.93 0.559000  0.54 0.559000 9.999 0.559259000  0.29 0.559000  0.251 0.559000  5.217 0.000   7.304 0.000 999.99 0.559259000  18.436 0.000   5.953 0.000  12.483 0.559 0.043 0.559000  0.514 0.559000
238.333333 239.333333   41.63 0.559000  0.85 0.559000 9.999 0.559259000 99.99 0.559259  0.110 0.559000  6.000 0.000   8.400 0.000 999.99 0.559259000  21.609 0.000   8.180 0.000  13.429 0.559 0.061 0.559000  0.275 0.559000
241.333333 242.333333   31.79 0.559000  0.64 0.559000 9.999 0.559259000  0.67 0.559000  0.123 0.559000  1.570 0.000   2.198 0.000 999.99 0.559259000  15.122 0.000   8.316 0.000   6.806 0.559 0.034 0.559000  0.640 0.559000
244.333333 245.333333   43.06 0.559000  1.72 0.559000 0.046 0.559000000  0.25 0.559000  0.070 0.559000  2.372 0.000   3.321 0.000 999.99 0.559259000  16.467 0.000   8.848 0.000   7.619 0.559 0.055 0.559000  0.501 0.559000
247.333333 248.333333   22.11 0.559000  0.66 0.559000 9.999 0.559259000 99.99 0.559259  0.093 0.000000  0.557 0.000   0.780 0.000 999.99 0.559259000   7.776 0.000   5.294 0.000   2.482 0.559 0.018 0.559000  0.198 0.000000
250.333333 251.333333   45.59 0.559000  0.96 0.559000 0.028 0.559000000 99.99 0.559259  0.094 0.000000  1.240 0.000   1.735 0.000 999.99 0.559259000   9.218 0.000   5.774 0.000   3.444 0.559 0.025 0.559000  0.253 0.000000
253.333333 254.333333   57.13 0.559000  1.57 0.559000 0.025 0.559000000  0.28 0.559000  0.099 0.559000  1.769 0.000   2.477 0.000 999.99 0.559259000  17.981 0.000  12.049 0.000   5.932 0.559 0.053 0.559000  0.430 0.559000
256.333333 257.333333   63.68 0.559000  1.81 0.559000 9.999 0.559259000  0.36 0.559000  0.080 0.559000  1.890 0.000   2.646 0.000 999.99 0.559259000  18.338 0.000  11.562 0.000   6.776 0.559 0.042 0.559000  0.542 0.559000
259.333333 260.333333   47.97 0.559000  0.97 0.559000 9.999 0.559259000  0.36 0.559000  0.144 0.559000  0.550 0.000   0.770 0.000 999.99 0.559259000  10.083 0.000   7.182 0.000   2.900 0.559 0.027 0.559000  0.275 0.559000
262.333333 263.333333   74.70 0.000000  1.21 0.000000 0.028 0.000000000  0.30 0.000000  0.067 0.000000  1.144 0.000   1.602 0.000 999.99 0.259000000  19.907 0.000  14.749 0.000   5.158 0.000 0.054 0.000000  0.371 0.000000
265.333333 266.333333   67.10 0.559000  1.97 0.559000 9.999 0.559259000  0.37 0.559000  0.070 0.559000  1.717 0.000   2.404 0.000 999.99 0.559259000  14.762 0.000   9.116 0.000   5.646 0.559 0.055 0.559000  0.411 0.559000
268.333333 269.333333   33.57 0.559000  1.00 0.559000 0.045 0.559000000  1.07 0.559000  0.432 0.559000  1.278 0.000   1.789 0.000 999.99 0.559259000  16.134 0.000   8.247 0.000   7.888 0.559 0.044 0.559000  1.011 0.559000
271.333333 272.333333   13.00 0.559000  0.78 0.559000 9.999 0.559259000 99.99 0.559259  0.084 0.559000  0.626 0.000   0.877 0.000 999.99 0.559259000   7.901 0.000   5.290 0.000   2.611 0.559 0.020 0.559000  0.224 0.559000
274.333333 275.333333   49.92 0.559000  0.75 0.559000 0.027 0.559000000  0.16 0.559000  0.100 0.559000  0.706 0.000   0.989 0.000 999.99 0.559259000  16.328 0.000  13.164 0.000   3.164 0.559 0.041 0.559000  0.113 0.559000
277.333333 278.333333   58.90 0.559000  1.33 0.559000 9.999 0.559259000  0.14 0.559000  0.078 0.559000  1.704 0.000   2.385 0.000 999.99 0.559259000  17.609 0.000  12.059 0.000   5.550 0.559 0.076 0.559000  0.221 0.559000
280.333333 281.333333   64.64 0.559000  0.93 0.559000 9.999 0.559259000  0.27 0.559000  0.068 0.559000  1.989 0.000   2.785 0.000 999.99 0.559259000  19.108 0.000  13.302 0.000   5.806 0.559 0.063 0.559000  0.248 0.559000
283.333333 284.333333   34.79 0.559000  1.10 0.559000 0.029 0.559000000  0.25 0.559000  0.212 0.559000  0.989 0.000   1.384 0.000 999.99 0.559259000  14.554 0.000   9.346 0.000   5.208 0.559 0.041 0.559000  0.427 0.559000
286.333333 287.333333   62.62 0.559000  1.85 0.559000 9.999 0.559259000  0.46 0.559000  0.105 0.559000  2.256 0.000   3.159 0.000 999.99 0.559259000  21.381 0.000  13.246 0.000   8.135 0.559 0.060 0.559000  0.562 0.559000
289.333333 290.333333   35.83 0.559000  1.25 0.559000 0.018 0.559000000  0.44 0.559000  0.237 0.559000  1.527 0.000   2.138 0.000 999.99 0.559259000  16.582 0.000   9.722 0.000   6.860 0.559 0.058 0.559000  0.603 0.559000
292.333333 293.333333   60.69 0.559000  1.96 0.559000 9.999 0.559259000  0.32 0.559000  0.204 0.000000  2.822 0.000   3.950 0.000 999.99 0.559259000  16.369 0.000   8.165 0.000   8.204 0.559 0.078 0.559000  0.548 0.000000
295.333333 296.333333   16.70 0.559000  1.09 0.559000 0.021 0.559000000  0.24 0.559000  0.218 0.559000  0.795 0.000   1.113 0.000 999.99 0.559259000   6.986 0.000   3.500 0.000   3.486 0.559 0.028 0.559000  0.381 0.559000
298.333333 299.333333   29.95 0.559000  1.81 0.559000 9.999 0.559259000  0.27 0.559000  0.373 0.559000  1.930 0.000   2.703 0.000 999.99 0.559259000  15.186 0.000   7.851 0.000   7.335 0.559 0.089 0.559000  0.529 0.559000
301.333333 302.333333   38.77 0.559000  1.67 0.559000 0.016 0.559000000  0.17 0.559000  0.144 0.000000  1.452 0.000   2.033 0.000 999.99 0.559259000  14.155 0.000   8.921 0.000   5.233 0.559 0.074 0.559000  0.273 0.000000
304.333333 305.333333   66.43 0.559000  1.05 0.559000 9.999 0.559259000  0.17 0.559000  0.121 0.559000  1.386 0.000   1.940 0.000 999.99 0.559259000  15.806 0.000  11.299 0.000   4.507 0.559 0.083 0.559000  0.192 0.559000
307.333333 308.333333   50.48 0.559000  1.74 0.559000 9.999 0.559259000  0.25 0.559000  0.108 0.559000  1.398 0.000   1.957 0.000 999.99 0.559259000  13.720 0.000   9.359 0.000   4.361 0.559 0.060 0.559000  0.194 0.559000
310.333333 311.333333   11.00 0.559000  0.27 0.559000 9.999 0.559259000 99.99 0.559259  0.019 0.000000  0.314 0.000   0.439 0.000 999.99 0.559259000   2.852 0.000   2.099 0.000   0.753 0.559 0.008 0.559000  0.060 0.000000
313.333333 314.333333    2.93 0.559000 99.99 0.559259 0.026 0.559000000  0.09 0.559000  0.045 0.000000  0.506 0.000   0.708 0.000 999.99 0.559259000   7.070 0.000   4.500 0.000   2.570 0.559 0.024 0.559000  0.148 0.000000
316.333333 317.333333   37.59 0.559000  2.84 0.559000 9.999 0.559259000  0.77 0.559000  0.890 0.559000  1.950 0.000   2.730 0.000 999.99 0.559259000  15.136 0.000   6.275 0.000   8.861 0.559 0.030 0.559000  0.538 0.559000
319.333333 320.333333   20.94 0.559000  1.35 0.559000 9.999 0.559259000  0.19 0.559000  0.123 0.559000  2.670 0.000   3.738 0.000 999.99 0.559259000  10.166 0.000   3.910 0.000   6.255 0.559 0.036 0.559000  0.215 0.559000
322.333333 323.333333   11.79 0.559000  1.24 0.559000 9.999 0.559259000  0.15 0.559000  0.027 0.559000  2.126 0.000   2.976 0.000 999.99 0.559259000   6.299 0.000   1.882 0.000   4.417 0.559 0.036 0.559000  0.146 0.559000
325.333333 326.333333   18.47 0.559000  0.86 0.559000 0.021 0.559000000  0.60 0.559000  0.409 0.000000  2.069 0.000   2.896 0.000 999.99 0.559259000  11.934 0.000   4.349 0.000   7.586 0.559 0.051 0.559000  0.481 0.000000
328.333333 329.333333   13.12 0.559000  1.73 0.559000 9.999 0.559259000  0.19 0.559000  0.761 0.000000  3.137 0.000   4.392 0.000 999.99 0.559259000  12.634 0.000   2.962 0.000   9.672 0.559 0.056 0.559000  0.431 0.000000
331.333333 332.333333   12.46 0.559000  1.10 0.559000 9.999 0.559259000  0.08 0.559000  0.036 0.000000  2.160 0.000   3.024 0.000 999.99 0.559259000   7.071 0.000   2.274 0.000   4.797 0.559 0.051 0.559000  0.117 0.000000
334.333333 335.333333   14.04 0.559000  1.74 0.559000 9.999 0.559259000  0.22 0.559000  0.103 0.000000  2.283 0.000   3.196 0.000 999.99 0.559259000   6.487 0.000   2.436 0.000   4.051 0.559 0.053 0.559000  0.337 0.000000
337.333333 338.333333   11.09 0.559000  0.70 0.559000 9.999 0.559259000 99.99 0.559259  0.205 0.000000  1.445 0.000   2.023 0.000 999.99 0.559259000   6.366 0.000   1.764 0.000   4.602 0.559 0.121 0.559000  0.216 0.000000
340.333333 341.333333    5.79 0.559000  0.70 0.559000 9.999 0.559259000 99.99 0.559259  0.068 0.559000  0.812 0.000   1.136 0.000 999.99 0.559259000   2.852 0.000   0.766 0.000   2.086 0.559 0.024 0.559000  0.105 0.559000
343.333333 344.333333    8.53 0.559000  0.97 0.559000 9.999 0.559259000 99.99 0.559259  0.117 0.000000  0.437 0.000   0.612 0.000 999.99 0.559259000   6.383 0.000   3.151 0.000   3.232 0.559 0.035 0.559000  0.252 0.000000
346.333333 347.333333   24.57 0.559000  0.94 0.559000 0.011 0.559000000 99.99 0.559259  0.072 0.000000  0.488 0.000   0.683 0.000 999.99 0.559259000   7.028 0.000   4.250 0.000   2.778 0.559 0.042 0.559000  0.247 0.000000
349.333333 350.333333   20.04 0.559000  0.11 0.559000 0.121 0.559000000 99.99 0.559259  0.024 0.559000  0.041 0.000   0.057 0.000 999.99 0.559259000   9.564 0.000   5.873 0.000   3.691 0.559 0.037 0.559000  0.117 0.559000
352.333333 353.333333    7.43 0.559000  0.30 0.559000 9.999 0.559259000  0.11 0.559000  0.056 0.000000  0.149 0.000   0.208 0.000 999.99 0.559259000 999.999 0.456 999.999 0.999   1.185 0.559 0.014 0.559000  0.095 0.000000
355.333333 356.333333    7.95 0.559000  0.51 0.559000 9.999 0.559259000  0.22 0.559000  0.270 0.559000  1.062 0.000   1.487 0.000 999.99 0.559259000   6.071 0.000   2.585 0.000   3.486 0.559 0.022 0.559000  0.248 0.559000
358.333333 359.333333    2.12 0.559000  0.38 0.559000 9.999 0.559259000 99.99 0.559259  0.036 0.559000  1.025 0.000   1.436 0.000   3.19 0.559000000   2.620 0.000   0.843 0.000   1.777 0.559 0.021 0.559000  0.098 0.559000
361.333333 362.333333    1.50 0.559000  0.17 0.559000 0.027 0.559000000 99.99 0.559259  0.011 0.559000  0.100 0.000   0.140 0.000 999.99 0.559259000   1.612 0.000   1.118 0.000   0.494 0.559 0.006 0.559000  0.054 0.559000
364.333333 365.333333    1.63 0.559000  7.04 0.559000 9.999 0.559259000 99.99 0.559259  0.037 0.000000  0.660 0.000   0.924 0.000   2.87 0.559000000  10.463 0.000   6.430 0.000   4.034 0.559 0.037 0.559000  0.117 0.000000
