scripts/IMPROVE-2019_partial/data/US0596R.19900103080000.20191216000000.filterpack...1y.3d.US03L_filterpack_US0596.US03L_IMPROVE_Davis.lev2.nas
52 1001
MISSING INFORMATION
US03L, IMPROVE, , , , , , , 
MISSING INFORMATION
IMPROVE sel_HTAP
1 1
1990 01 01 2019 12 16
0
days from file reference point
5
1 1 1 1 1
999.999999 999.999 9.999 99.999 9.999999
end_time of measurement, days from the file reference point
pm10_mass, ug/m3, Matrix=pm10
numflag pm10_mass, no unit, Matrix=pm10
pm25_mass, ug/m3, Matrix=pm25
numflag pm25_mass, no unit, Matrix=pm25
0
33
Data definition:              EBAS_1.1
Set type code:                TI
Timezone:                     UTC
File name:                    US0596R.19900103080000.20191216000000.filterpack...1y.3d.US03L_filterpack_US0596.US03L_IMPROVE_Davis.lev2.nas
File creation:                20191218120255
Startdate:                    19900103080000
Revision date:                20191216000000
Version:                      2
Version description:          "Data extracted from http://views.cira.colostate.edu/fed/DataWizard 2019-12-16"
Statistics:                   arithmetic mean
Data level:                   2
Period code:                  1y
Resolution code:              3d
Sample duration:              1d
Orig. time res.:              3d
Station code:                 US0596R
Platform code:                US0596S
Station name:                 Lassen Volcanic National Park-Manzanita Lake
Station latitude:             40.539
Station longitude:            -121.5772
Station altitude:             1754.0 m
Regime:                       IMG
Component:                    
Unit:                         ug/m3
Matrix:                       
Laboratory code:              US03L
Instrument type:              filterpack
Instrument name:              filterpack_US0596
Method ref:                   US03L_IMPROVE_Davis
Blank correction:             Blank corrected
Volume std. temperature:      ambient
Volume std. pressure:         ambient
starttime endtime PM10 flag_PM10 PM2.5 flag_PM2.5
  2.333333   3.333333   1.709 0.000  1.169 0.000000
  5.333333   6.333333   3.923 0.000  3.138 0.000000
  9.333333  10.333333 999.999 0.999  0.633 0.000000
 12.333333  13.333333  18.265 0.000  0.411 0.000000
 16.333333  17.333333   1.822 0.000  0.831 0.000000
 19.333333  20.333333   1.422 0.000  0.554 0.000000
 23.333333  24.333333   2.915 0.000  1.062 0.000000
 26.333333  27.333333 999.999 0.999  1.438 0.000000
 30.333333  31.333333   1.644 0.000  0.757 0.000000
 33.333333  34.333333   1.455 0.000  0.969 0.000000
 37.333333  38.333333   0.563 0.000  0.469 0.000000
 40.333333  41.333333   2.500 0.000  1.398 0.000000
 44.333333  45.333333   2.899 0.000  1.508 0.000000
 47.333333  48.333333  14.664 0.000  0.708 0.000000
 51.333333  52.333333   1.780 0.000  0.486 0.000000
 54.333333  55.333333   5.307 0.000  1.054 0.000000
 58.333333  59.333333   5.107 0.000  2.816 0.000000
 61.333333  62.333333 999.999 0.999  1.792 0.000000
 65.333333  66.333333   2.766 0.000  1.630 0.000000
 68.333333  69.333333   1.092 0.000  0.972 0.000000
 72.333333  73.333333 999.999 0.999  0.693 0.000000
 75.333333  76.333333   5.596 0.000  4.636 0.000000
 79.333333  80.333333   4.310 0.000  1.115 0.000000
 82.333333  83.333333  15.950 0.000  2.848 0.000000
 86.333333  87.333333   4.472 0.000  2.378 0.000000
 89.333333  90.333333   5.021 0.000  3.262 0.000000
 93.333333  94.333333   5.861 0.000  3.436 0.000000
 96.333333  97.333333  10.240 0.000  8.997 0.000000
100.333333 101.333333 999.999 0.999 99.999 0.999000
103.333333 104.333333   7.325 0.000  4.198 0.000000
107.333333 108.333333   5.577 0.000  4.188 0.000000
110.333333 111.333333   7.106 0.000  4.268 0.000000
114.333333 115.333333   2.564 0.000  1.176 0.000000
117.333333 118.333333   4.777 0.000  1.415 0.000000
121.333333 122.333333   5.794 0.000  4.143 0.000000
124.333333 125.333333   7.754 0.000  4.706 0.000000
128.333333 129.333333  17.039 0.000  5.639 0.000000
131.333333 132.333333  13.036 0.000  6.420 0.000000
135.333333 136.333333   8.973 0.000  5.156 0.000000
138.333333 139.333333   4.866 0.000  3.549 0.000000
142.333333 143.333333   3.405 0.000  2.910 0.000000
145.333333 146.333333 999.999 0.259  0.398 0.000000
149.333333 150.333333   3.598 0.000  0.703 0.000000
152.333333 153.333333   6.491 0.000  2.741 0.000000
156.333333 157.333333   4.571 0.000  2.152 0.000000
159.333333 160.333333   8.991 0.000  2.879 0.000000
163.333333 164.333333   5.874 0.000  1.534 0.000000
166.333333 167.333333  10.307 0.000  4.360 0.000000
170.333333 171.333333  28.069 0.000 99.999 0.999000
173.333333 174.333333   3.511 0.000  2.236 0.000000
177.333333 178.333333   6.343 0.000  3.877 0.000000
180.333333 181.333333   3.934 0.000  2.433 0.000000
184.333333 185.333333  11.644 0.000  3.036 0.000000
187.333333 188.333333  15.413 0.000  2.560 0.000000
191.333333 192.333333  19.538 0.000  5.193 0.000000
194.333333 195.333333  10.000 0.000 99.999 0.999000
198.333333 199.333333  14.711 0.000  5.255 0.000000
201.333333 202.333333  10.356 0.000 99.999 0.999000
205.333333 206.333333  10.372 0.000 99.999 0.999000
208.333333 209.333333   8.515 0.000  4.184 0.000000
212.333333 213.333333   8.277 0.000  4.606 0.000000
215.333333 216.333333  12.082 0.000  4.752 0.000000
219.333333 220.333333 999.999 0.999 99.999 0.999000
222.333333 223.333333  94.640 0.000 99.999 0.999000
226.333333 227.333333  54.884 0.000 99.999 0.999000
229.333333 230.333333   6.238 0.000 99.999 0.999000
233.333333 234.333333  22.681 0.000  2.628 0.000000
236.333333 237.333333  17.822 0.000 99.999 0.999000
240.333333 241.333333  13.374 0.000  4.083 0.000000
243.333333 244.333333   9.300 0.000  3.373 0.559000
247.333333 248.333333   5.647 0.000  1.676 0.559000
250.333333 251.333333   3.991 0.000  1.618 0.559000
254.333333 255.333333   7.722 0.000  3.072 0.559000
257.333333 258.333333   8.608 0.000  2.470 0.559000
261.333333 262.333333  12.743 0.000  2.310 0.559000
264.333333 265.333333  12.589 0.000  8.135 0.559000
268.333333 269.333333   6.137 0.000  2.538 0.559000
271.333333 272.333333   9.912 0.000  4.653 0.559000
275.333333 276.333333   2.368 0.000  1.541 0.559000
278.333333 279.333333   2.432 0.000  0.876 0.559000
282.333333 283.333333   3.256 0.000  0.876 0.559000
285.333333 286.333333   3.149 0.000  1.450 0.559000
289.333333 290.333333   6.538 0.000 99.999 0.559259
292.333333 293.333333   6.147 0.000  1.860 0.559000
296.333333 297.333333   5.783 0.000  1.835 0.559000
299.333333 300.333333   2.790 0.000 99.999 0.559259
303.333333 304.333333   1.946 0.000  0.340 0.559000
306.333333 307.333333 999.999 0.999  2.284 0.559000
310.333333 311.333333   1.606 0.000  0.873 0.559000
313.333333 314.333333 999.999 0.259 99.999 0.559259
317.333333 318.333333   7.364 0.000  3.106 0.559000
320.333333 321.333333   5.202 0.000  2.969 0.559000
324.333333 325.333333   3.779 0.000  1.987 0.559000
327.333333 328.333333   9.858 0.000 99.999 0.559259
331.333333 332.333333  14.521 0.000  0.459 0.559000
334.333333 335.333333  10.741 0.000  1.682 0.559000
338.333333 339.333333   2.783 0.000  1.069 0.559000
341.333333 342.333333 999.999 0.999  2.156 0.559000
345.333333 346.333333   3.722 0.000  2.741 0.559000
348.333333 349.333333 999.999 0.999 99.999 0.999000
352.333333 353.333333   1.502 0.000  0.677 0.559000
355.333333 356.333333 999.999 0.999 99.999 0.559259
359.333333 360.333333   1.587 0.000  1.358 0.559000
362.333333 363.333333  20.179 0.000  3.179 0.559000
