scripts/IMPROVE-2019_partial/data/US0566R.19970101080000.20191216000000.filterpack...1y.3d.US03L_filterpack_US0566.US03L_IMPROVE_Davis.lev2.nas
51 1001
MISSING INFORMATION
US03L, IMPROVE, , , , , , , 
MISSING INFORMATION
IMPROVE sel_HTAP
1 1
1997 01 01 2019 12 16
0
days from file reference point
4
1 1 1 1
999.999999 999.999 999.999 9.999
end_time of measurement, days from the file reference point
pm10_mass, ug/m3, Matrix=pm10
pm25_mass, ug/m3, Matrix=pm25
numflag, no unit
0
33
Data definition:              EBAS_1.1
Set type code:                TI
Timezone:                     UTC
File name:                    US0566R.19970101080000.20191216000000.filterpack...1y.3d.US03L_filterpack_US0566.US03L_IMPROVE_Davis.lev2.nas
File creation:                20191218120243
Startdate:                    19970101080000
Revision date:                20191216000000
Version:                      2
Version description:          "Data extracted from http://views.cira.colostate.edu/fed/DataWizard 2019-12-16"
Statistics:                   arithmetic mean
Data level:                   2
Period code:                  1y
Resolution code:              3d
Sample duration:              1d
Orig. time res.:              3d
Station code:                 US0566R
Platform code:                US0566S
Station name:                 Pinnacles National Monument-Bear Valley (CA66)
Station latitude:             36.4834
Station longitude:            -121.157
Station altitude:             317.0 m
Regime:                       IMG
Component:                    
Unit:                         ug/m3
Matrix:                       
Laboratory code:              US03L
Instrument type:              filterpack
Instrument name:              filterpack_US0566
Method ref:                   US03L_IMPROVE_Davis
Blank correction:             Blank corrected
Volume std. temperature:      ambient
Volume std. pressure:         ambient
starttime endtime PM10 PM2.5 flag
  0.333333   1.333333 999.999   3.872 0.000
  3.333333   4.333333   6.758   3.411 0.000
  7.333333   8.333333   7.248   4.053 0.000
 10.333333  11.333333  26.742  16.321 0.000
 14.333333  15.333333   3.401   1.164 0.000
 17.333333  18.333333   5.762   3.737 0.000
 21.333333  22.333333 999.999 999.999 0.999
 24.333333  25.333333  11.943   3.488 0.000
 28.333333  29.333333   9.760   4.812 0.000
 31.333333  32.333333  10.736   7.870 0.000
 35.333333  36.333333  10.587   4.793 0.000
 38.333333  39.333333   7.883   4.486 0.000
 42.333333  43.333333   8.500   3.765 0.000
 45.333333  46.333333   8.556   5.363 0.000
 49.333333  50.333333   6.296   4.216 0.000
 52.333333  53.333333   9.247   6.322 0.000
 56.333333  57.333333  11.975   6.180 0.000
 59.333333  60.333333   8.033   3.937 0.000
 63.333333  64.333333  10.491   3.533 0.000
 66.333333  67.333333  13.593   7.097 0.000
 70.333333  71.333333  10.023   4.444 0.000
 73.333333  74.333333  12.913   6.322 0.000
 77.333333  78.333333  11.916   6.512 0.000
 80.333333  81.333333  12.725   7.531 0.000
 84.333333  85.333333  13.546   6.600 0.000
 87.333333  88.333333  16.331   9.028 0.000
 91.333333  92.333333  23.581   5.668 0.000
 94.333333  95.333333  22.494  10.138 0.000
 98.333333  99.333333  12.281   4.909 0.000
101.333333 102.333333  10.634   4.819 0.000
105.333333 106.333333  12.309   3.412 0.000
108.333333 109.333333   4.363   2.044 0.000
112.333333 113.333333  11.068   4.221 0.000
115.333333 116.333333  15.010   5.103 0.000
119.333333 120.333333   8.479   3.442 0.000
122.333333 123.333333   8.717   3.858 0.000
126.333333 127.333333  13.421   6.644 0.000
129.333333 130.333333  18.518   9.239 0.000
133.333333 134.333333   8.456   6.431 0.000
136.333333 137.333333  15.940   7.962 0.000
140.333333 141.333333  20.724  11.707 0.000
143.333333 144.333333   8.671   4.528 0.000
147.333333 148.333333  11.981   2.639 0.000
150.333333 151.333333   8.033   5.240 0.000
154.333333 155.333333   8.553   2.498 0.000
157.333333 158.333333  20.906   7.713 0.000
161.333333 162.333333   9.607   3.899 0.000
164.333333 165.333333  13.319   5.762 0.000
168.333333 169.333333  10.564   5.886 0.000
171.333333 172.333333  12.855 999.999 0.000
175.333333 176.333333  13.485   7.523 0.000
178.333333 179.333333  11.671   5.330 0.000
182.333333 183.333333   8.600   4.356 0.000
185.333333 186.333333  12.507   7.097 0.000
189.333333 190.333333  14.652   5.117 0.000
192.333333 193.333333  16.798   7.523 0.000
196.333333 197.333333   8.913   3.680 0.000
199.333333 200.333333  17.146   7.272 0.000
203.333333 204.333333  13.346   5.617 0.000
206.333333 207.333333  11.294   5.952 0.000
210.333333 211.333333  15.200   6.259 0.000
213.333333 214.333333  13.145   5.544 0.000
217.333333 218.333333  14.626   9.101 0.000
220.333333 221.333333  15.040   5.961 0.000
224.333333 225.333333  21.770   8.505 0.000
227.333333 228.333333   9.943   4.064 0.000
231.333333 232.333333   7.102   2.473 0.000
234.333333 235.333333   6.086   1.808 0.000
238.333333 239.333333   9.259   3.066 0.000
241.333333 242.333333  15.002   4.756 0.000
245.333333 246.333333  12.553   5.383 0.000
248.333333 249.333333  12.744   6.913 0.000
252.333333 253.333333   8.999   3.327 0.000
255.333333 256.333333  15.645   6.849 0.000
259.333333 260.333333  18.793   7.518 0.000
262.333333 263.333333  16.566   6.112 0.000
266.333333 267.333333  21.453   8.582 0.000
269.333333 270.333333  26.042   6.213 0.000
273.333333 274.333333  15.771   5.615 0.000
276.333333 277.333333  13.224   5.649 0.000
280.333333 281.333333   7.838   3.101 0.000
283.333333 284.333333   6.457   2.739 0.000
287.333333 288.333333  10.696   4.393 0.000
290.333333 291.333333  23.028  11.281 0.000
294.333333 295.333333  24.659  15.533 0.000
297.333333 298.333333  34.764   9.473 0.000
301.333333 302.333333  14.414   8.172 0.000
304.333333 305.333333  10.496   3.890 0.000
308.333333 309.333333 999.999 999.999 0.999
311.333333 312.333333  13.768   6.184 0.000
315.333333 316.333333  11.269   4.173 0.000
318.333333 319.333333 999.999 999.999 0.999
322.333333 323.333333   8.660   3.570 0.000
325.333333 326.333333   5.168   2.304 0.000
329.333333 330.333333   4.027   0.819 0.000
332.333333 333.333333   7.152   4.937 0.000
336.333333 337.333333   8.400   4.160 0.000
339.333333 340.333333   4.533   1.572 0.000
343.333333 344.333333   3.263   3.456 0.000
346.333333 347.333333   9.232   2.293 0.000
350.333333 351.333333   5.054   1.828 0.000
353.333333 354.333333   4.575   2.525 0.000
357.333333 358.333333  12.034   3.836 0.000
360.333333 361.333333   5.228   4.266 0.000
364.333333 365.333333   8.743   2.899 0.000
