scripts/IMPROVE-2019_partial/data/US0567R.20160101080000.20191216000000.filterpack...52w.3d.US03L_filterpack_US0567.US03L_IMPROVE_Davis.lev2.nas
52 1001
MISSING INFORMATION
US03L, IMPROVE, , , , , , , 
MISSING INFORMATION
IMPROVE sel_HTAP
1 1
2016 01 01 2019 12 16
3.000000
days from file reference point
5
1 1 1 1 1
999.999999 9999.999 9.999 999.999 9.999
end_time of measurement, days from the file reference point
pm10_mass, ug/m3, Matrix=pm10
numflag pm10_mass, no unit, Matrix=pm10
pm25_mass, ug/m3, Matrix=pm25
numflag pm25_mass, no unit, Matrix=pm25
0
33
Data definition:              EBAS_1.1
Set type code:                TU
Timezone:                     UTC
File name:                    US0567R.20160101080000.20191216000000.filterpack...52w.3d.US03L_filterpack_US0567.US03L_IMPROVE_Davis.lev2.nas
File creation:                20191218120251
Startdate:                    20160101080000
Revision date:                20191216000000
Version:                      2
Version description:          "Data extracted from http://views.cira.colostate.edu/fed/DataWizard 2019-12-16"
Statistics:                   arithmetic mean
Data level:                   2
Period code:                  52w
Resolution code:              3d
Sample duration:              1d
Orig. time res.:              3d
Station code:                 US0567R
Platform code:                US0567S
Station name:                 Joshua Tree National Park-Black Rock
Station latitude:             34.0695
Station longitude:            -116.3889
Station altitude:             1239.0 m
Regime:                       IMG
Component:                    
Unit:                         ug/m3
Matrix:                       
Laboratory code:              US03L
Instrument type:              filterpack
Instrument name:              filterpack_US0567
Method ref:                   US03L_IMPROVE_Davis
Blank correction:             Blank corrected
Volume std. temperature:      ambient
Volume std. pressure:         ambient
starttime endtime PM10 flag_PM10 PM2.5 flag_PM2.5
  0.333333   1.333333    5.418 0.000   1.927 0.000
  3.333333   4.333333   10.894 0.000   5.465 0.000
  6.333333   7.333333    0.807 0.000   0.653 0.000
  9.333333  10.333333    5.399 0.000   4.450 0.000
 12.333333  13.333333    1.132 0.000   0.493 0.000
 15.333333  16.333333    6.014 0.000   2.438 0.000
 18.333333  19.333333    3.007 0.000   1.139 0.000
 21.333333  22.333333    2.344 0.000   1.136 0.000
 24.333333  25.333333    2.909 0.000   0.866 0.000
 27.333333  28.333333    4.437 0.000   1.076 0.000
 30.333333  31.333333    1.261 0.000   0.620 0.000
 33.333333  34.333333    2.643 0.000   1.203 0.000
 36.333333  37.333333    5.776 0.000   3.287 0.000
 39.333333  40.333333    4.099 0.000   1.565 0.000
 42.333333  43.333333    7.607 0.000   2.498 0.000
 45.333333  46.333333    7.203 0.000   1.803 0.000
 48.333333  49.333333    3.297 0.000   1.084 0.000
 51.333333  52.333333    5.458 0.000   2.155 0.000
 54.333333  55.333333    4.153 0.000   1.396 0.000
 57.333333  58.333333   10.811 0.000   3.784 0.000
 60.333333  61.333333   11.575 0.000   4.359 0.000
 63.333333  64.333333    7.642 0.000   2.527 0.000
 66.333333  67.333333    3.762 0.000   1.721 0.000
 69.333333  70.333333    4.474 0.000   1.626 0.000
 72.333333  73.333333   13.681 0.000   5.815 0.000
 75.333333  76.333333   11.339 0.000   3.165 0.000
 78.333333  79.333333    9.788 0.000   4.194 0.000
 81.333333  82.333333   13.053 0.000   4.325 0.000
 84.333333  85.333333   11.072 0.000   3.841 0.000
 87.333333  88.333333   14.520 0.000   4.482 0.000
 90.333333  91.333333    8.748 0.000   2.925 0.000
 93.333333  94.333333    9.709 0.000   3.783 0.000
 96.333333  97.333333   11.083 0.000   3.281 0.000
 99.333333 100.333333    2.755 0.000   1.501 0.000
102.333333 103.333333    6.182 0.000   3.005 0.000
105.333333 106.333333   24.552 0.000   5.883 0.000
108.333333 109.333333    8.932 0.000   3.565 0.000
111.333333 112.333333    8.352 0.000   3.591 0.000
114.333333 115.333333   10.672 0.000   3.583 0.000
117.333333 118.333333   15.091 0.000   5.702 0.000
120.333333 121.333333    9.035 0.000   3.813 0.000
123.333333 124.333333    5.662 0.000   2.595 0.000
126.333333 127.333333    2.616 0.000 999.999 0.456
129.333333 130.333333    7.227 0.000   3.318 0.000
132.333333 133.333333    9.422 0.000   3.315 0.000
135.333333 136.333333    9.279 0.000   3.497 0.000
138.333333 139.333333    8.510 0.000   2.396 0.000
141.333333 142.333333   10.381 0.000   3.600 0.000
144.333333 145.333333    9.684 0.000   3.207 0.000
147.333333 148.333333   15.952 0.000   4.234 0.000
150.333333 151.333333   16.735 0.000   6.226 0.000
153.333333 154.333333   16.949 0.000   6.373 0.000
156.333333 157.333333   13.252 0.000   5.712 0.000
159.333333 160.333333   26.737 0.000   8.684 0.000
162.333333 163.333333   23.276 0.000   7.995 0.000
165.333333 166.333333   16.876 0.000   4.559 0.000
168.333333 169.333333   11.120 0.000   2.815 0.000
171.333333 172.333333   21.619 0.000  11.330 0.000
174.333333 175.333333   23.544 0.000   7.892 0.000
177.333333 178.333333   21.187 0.000   7.134 0.000
180.333333 181.333333   26.045 0.000   8.112 0.000
183.333333 184.333333   32.201 0.000   8.677 0.000
186.333333 187.333333   12.117 0.000   4.096 0.000
189.333333 190.333333   12.136 0.000   3.273 0.000
192.333333 193.333333   13.006 0.000   3.683 0.000
195.333333 196.333333   15.299 0.000   4.145 0.000
198.333333 199.333333    9.495 0.000   2.763 0.000
201.333333 202.333333   73.244 0.000   5.727 0.000
204.333333 205.333333   37.921 0.000   9.474 0.000
207.333333 208.333333   22.891 0.000   6.291 0.000
210.333333 211.333333   27.246 0.000   9.783 0.000
213.333333 214.333333   29.476 0.000   9.213 0.000
216.333333 217.333333  105.093 0.000  24.242 0.000
219.333333 220.333333   15.918 0.000   4.086 0.000
222.333333 223.333333   24.049 0.000   6.710 0.000
225.333333 226.333333   15.408 0.000   4.936 0.000
228.333333 229.333333    8.696 0.000   1.977 0.000
231.333333 232.333333   25.433 0.000   6.209 0.000
234.333333 235.333333   15.894 0.000   4.321 0.000
237.333333 238.333333   25.249 0.000  12.754 0.000
240.333333 241.333333   17.452 0.000   6.569 0.000
243.333333 244.333333   13.766 0.000   5.448 0.000
246.333333 247.333333    9.940 0.000   1.568 0.000
249.333333 250.333333   23.867 0.000   6.570 0.000
252.333333 253.333333   21.411 0.000   6.164 0.000
255.333333 256.333333    8.297 0.000   1.056 0.000
258.333333 259.333333   13.656 0.000   2.731 0.000
261.333333 262.333333    6.782 0.000   1.962 0.000
264.333333 265.333333    8.697 0.000   4.510 0.000
267.333333 268.333333    8.596 0.000   3.175 0.000
270.333333 271.333333   21.356 0.000   4.763 0.000
273.333333 274.333333   14.945 0.000   4.568 0.000
276.333333 277.333333   19.502 0.000   4.665 0.000
279.333333 280.333333    9.922 0.000   2.389 0.000
282.333333 283.333333   10.833 0.000   3.156 0.000
285.333333 286.333333 9999.999 0.999 999.999 0.999
288.333333 289.333333 9999.999 0.999 999.999 0.999
291.333333 292.333333 9999.999 0.999 999.999 0.999
294.333333 295.333333    8.356 0.000   2.564 0.000
297.333333 298.333333    7.273 0.000   3.557 0.000
300.333333 301.333333    4.194 0.000   2.401 0.000
303.333333 304.333333    4.548 0.000   2.076 0.000
306.333333 307.333333    6.045 0.000   1.468 0.000
309.333333 310.333333    6.600 0.000   2.495 0.000
312.333333 313.333333    6.168 0.000   2.839 0.000
315.333333 316.333333    5.831 0.000   2.207 0.000
318.333333 319.333333    5.129 0.000   1.964 0.000
321.333333 322.333333   13.958 0.000   2.818 0.000
324.333333 325.333333    9.651 0.000   2.842 0.000
327.333333 328.333333 9999.999 0.999 999.999 0.999
330.333333 331.333333    5.213 0.000   2.321 0.000
333.333333 334.333333   11.579 0.000   2.212 0.000
336.333333 337.333333   12.532 0.000   3.306 0.000
339.333333 340.333333   10.041 0.000   2.809 0.000
342.333333 343.333333   10.419 0.000   4.330 0.000
345.333333 346.333333    2.535 0.000   1.156 0.000
348.333333 349.333333    2.613 0.000   0.822 0.000
351.333333 352.333333    4.946 0.000   1.390 0.000
354.333333 355.333333    4.704 0.000   1.429 0.000
357.333333 358.333333    3.192 0.000   2.063 0.000
360.333333 361.333333    3.765 0.000   2.752 0.000
363.333333 364.333333    2.508 0.000   0.726 0.000
