scripts/IMPROVE-2019_partial/data/US0566R.20060102080000.20191216000000.filterpack..pm25.52w.1w.US03L_filterpack_US0566.US03L_IMPROVE_Davis.lev2.nas
66 1001
MISSING INFORMATION
US03L, IMPROVE, , , , , , , 
MISSING INFORMATION
IMPROVE sel_HTAP
1 1
2006 01 01 2019 12 16
3.000000
days from file reference point
27
1 1 1 1 1 1 1 1 1 1 1 1 1 1 1 1 1 1 1 1 1 1 1 1 1 1 1
999.999999 9999.99 9.999 99.99 9.999 9.999 9.999999 99.99 9.999999 9.999 9.999 99.999 9.999 99.999 9.999 999.99 9.999999 999.999 9.999 999.999 9.999 999.999 9.999 9.999 9.999 9.999 9.999
end_time of measurement, days from the file reference point
iron, ng/m3, Revision date=20181210133000
numflag iron, no unit, Revision date=20181210133000
lead, ng/m3, Revision date=20181210133000
numflag lead, no unit, Revision date=20181210133000
magnesium, ug/m3, Revision date=20181210133000
numflag magnesium, no unit, Revision date=20181210133000
nickel, ng/m3, Revision date=20181210133000
numflag nickel, no unit, Revision date=20181210133000
nitrate, ug N/m3, Revision date=20181210133000
numflag nitrate, no unit, Revision date=20181210133000
organic_carbon, ug C/m3, Revision date=20181210133000
numflag organic_carbon, no unit, Revision date=20181210133000
organic_mass, ug/m3, Revision date=20181210133000
numflag organic_mass, no unit, Revision date=20181210133000
phosphorus, ng/m3, Revision date=20181210133000
numflag phosphorus, no unit, Revision date=20181210133000
pm10_mass, ug/m3, Version=2, Version description=Data extracted from http://views.cira.colostate.edu/fed/DataWizard 2019-12-16, Sample duration=1d, Orig. time res.=3d, Matrix=pm10, Blank correction=Blank corrected, Volume std. temperature=ambient, Volume std. pressure=ambient
numflag pm10_mass, no unit, Version=2, Version description=Data extracted from http://views.cira.colostate.edu/fed/DataWizard 2019-12-16, Sample duration=1d, Orig. time res.=3d, Matrix=pm10, Blank correction=Blank corrected, Volume std. temperature=ambient, Volume std. pressure=ambient
pm10_pm25_mass, ug/m3, Revision date=20181210133000, Matrix=pm10_pm25
numflag pm10_pm25_mass, no unit, Revision date=20181210133000, Matrix=pm10_pm25
pm25_mass, ug/m3, Version=2, Version description=Data extracted from http://views.cira.colostate.edu/fed/DataWizard 2019-12-16, Sample duration=1d, Orig. time res.=3d, Blank correction=Blank corrected, Volume std. temperature=ambient, Volume std. pressure=ambient
numflag pm25_mass, no unit, Version=2, Version description=Data extracted from http://views.cira.colostate.edu/fed/DataWizard 2019-12-16, Sample duration=1d, Orig. time res.=3d, Blank correction=Blank corrected, Volume std. temperature=ambient, Volume std. pressure=ambient
potassium, ug/m3, Revision date=20181210133000
numflag potassium, no unit, Revision date=20181210133000
sulphate_total, ug S/m3, Revision date=20181210133000
numflag sulphate_total, no unit, Revision date=20181210133000
0
25
Data definition:              EBAS_1.1
Set type code:                TU
Timezone:                     UTC
File name:                    US0566R.20060102080000.20191216000000.filterpack..pm25.52w.1w.US03L_filterpack_US0566.US03L_IMPROVE_Davis.lev2.nas
File creation:                20191218120244
Startdate:                    20060102080000
Revision date:                20191216000000
Statistics:                   arithmetic mean
Data level:                   2
Period code:                  52w
Resolution code:              1w
Station code:                 US0566R
Platform code:                US0566S
Station name:                 Pinnacles National Monument-Bear Valley (CA66)
Station latitude:             36.4834
Station longitude:            -121.157
Station altitude:             317.0 m
Regime:                       IMG
Component:                    
Matrix:                       pm25
Laboratory code:              US03L
Instrument type:              filterpack
Instrument name:              filterpack_US0566
Method ref:                   US03L_IMPROVE_Davis
starttime endtime Fe flag_Fe Pb flag_Pb Mg++ flag_Mg++ Ni flag_Ni NO3- flag_NO3- OC flag_OC OM flag_OM P flag_P PM10 flag_PM10 PM10-PM2.5 flag_PM10-PM2.5 PM2.5 flag_PM2.5 K+ flag_K+ SO4-- flag_SO4--
  1.333333   2.333333 9999.99 0.456 99.99 0.456 9.999 0.456000 99.99 0.456000 0.010 0.000 99.999 0.456 99.999 0.456 999.99 0.456000 999.999 0.456 999.999 0.456 999.999 0.456 9.999 0.456 0.035 0.000
  4.333333   5.333333 9999.99 0.999 99.99 0.999 9.999 0.999000 99.99 0.999000 9.999 0.999 99.999 0.999 99.999 0.999 999.99 0.999000 999.999 0.999 999.999 0.999 999.999 0.999 9.999 0.999 9.999 0.999
  7.333333   8.333333    7.70 0.000  0.93 0.000 0.018 0.000000  0.21 0.000000 0.155 0.000  0.710 0.000  0.993 0.000 999.99 0.259000  31.772 0.000   3.149 0.000  28.623 0.000 0.021 0.000 0.159 0.000
 10.333333  11.333333   26.22 0.000  1.35 0.000 0.013 0.000000  0.28 0.000000 0.082 0.000  0.828 0.000  1.159 0.000 999.99 0.259000   6.287 0.000   3.578 0.000   2.709 0.000 0.034 0.000 0.131 0.000
 13.333333  14.333333    5.46 0.000  0.21 0.000 0.009 0.000000  0.24 0.000000 0.038 0.000  0.517 0.000  0.724 0.000 999.99 0.259000   3.135 0.000   1.566 0.000   1.569 0.000 0.014 0.000 0.126 0.000
 16.333333  17.333333    7.25 0.000  0.92 0.000 9.999 0.259000  0.10 0.000000 0.022 0.000  0.619 0.000  0.866 0.000 999.99 0.259000   2.684 0.000   1.204 0.000   1.480 0.000 0.025 0.000 0.054 0.000
 19.333333  20.333333    9.67 0.000  0.94 0.000 9.999 0.259000  0.26 0.000000 0.112 0.000  0.656 0.000  0.918 0.000 999.99 0.259000   3.108 0.000   1.276 0.000   1.832 0.000 0.019 0.000 0.075 0.000
 22.333333  23.333333   14.37 0.000  1.31 0.000 0.010 0.000000  0.12 0.000000 0.012 0.000  0.576 0.000  0.806 0.000 999.99 0.259000   3.353 0.000   1.643 0.000   1.710 0.000 0.022 0.000 0.114 0.000
 25.333333  26.333333    6.21 0.000  0.42 0.000 0.026 0.000000  0.26 0.000000 0.086 0.000  0.406 0.000  0.568 0.000 999.99 0.259000   5.147 0.000   2.912 0.000   2.236 0.000 0.016 0.000 0.148 0.000
 28.333333  29.333333    3.27 0.000  0.61 0.000 0.006 0.000000 99.99 0.259000 0.021 0.000  0.456 0.000  0.639 0.000 999.99 0.259000   2.174 0.000   0.988 0.000   1.186 0.000 0.011 0.000 0.059 0.000
 31.333333  32.333333   17.53 0.000  1.90 0.000 0.014 0.000000 99.99 0.259000 0.120 0.000  1.016 0.000  1.422 0.000 999.99 0.259000   4.582 0.000   2.346 0.000   2.236 0.000 0.031 0.000 0.080 0.000
 34.333333  35.333333   13.69 0.000  1.31 0.000 9.999 0.259000 99.99 0.259000 0.333 0.000  0.695 0.000  0.973 0.000 999.99 0.259000   6.157 0.000   3.339 0.000   2.817 0.000 0.023 0.000 0.159 0.000
 37.333333  38.333333   30.45 0.394  1.33 0.394 9.999 0.394259 99.99 0.394259 0.064 0.394  1.253 0.394  1.754 0.394 999.99 0.394259   8.167 0.000   4.529 0.394   3.639 0.000 0.040 0.394 0.157 0.394
 40.333333  41.333333   23.27 0.000  1.54 0.000 9.999 0.259000 99.99 0.259000 0.083 0.000  1.270 0.000  1.777 0.000 999.99 0.259000   6.398 0.000   3.016 0.000   3.382 0.000 0.028 0.000 0.117 0.000
 43.333333  44.333333   34.61 0.000  1.26 0.000 9.999 0.259000 99.99 0.259000 0.042 0.000  1.515 0.000  2.122 0.000 999.99 0.259000   6.580 0.000   3.006 0.000   3.575 0.000 0.033 0.000 0.102 0.000
 46.333333  47.333333   11.97 0.000  0.66 0.000 9.999 0.259000 99.99 0.259000 0.094 0.000  0.485 0.000  0.679 0.000 999.99 0.259000   4.802 0.000   2.612 0.000   2.190 0.000 0.021 0.000 0.122 0.000
 49.333333  50.333333    1.24 0.000  0.23 0.000 9.999 0.259000 99.99 0.259000 0.011 0.000  0.547 0.000  0.766 0.000 999.99 0.259000   1.228 0.000   0.153 0.000   1.075 0.000 0.017 0.000 0.041 0.000
 52.333333  53.333333   23.45 0.000  1.28 0.000 9.999 0.259000 99.99 0.259000 0.125 0.559  1.725 0.000  2.416 0.000 999.99 0.259000   6.405 0.000   2.090 0.000   4.315 0.000 0.043 0.000 0.168 0.559
 55.333333  56.333333   34.82 0.000  1.99 0.000 9.999 0.259000 99.99 0.259000 0.733 0.559  2.449 0.000  3.429 0.000 999.99 0.259000  11.837 0.000   3.466 0.000   8.371 0.000 0.072 0.000 0.305 0.559
 58.333333  59.333333    2.37 0.000  0.29 0.000 9.999 0.259000 99.99 0.259000 0.019 0.000  0.127 0.000  0.178 0.000 999.99 0.259000   3.407 0.000   2.239 0.000   1.168 0.000 0.013 0.000 0.078 0.000
 61.333333  62.333333    5.10 0.000  0.25 0.000 9.999 0.259000 99.99 0.259000 0.015 0.000  0.486 0.000  0.681 0.000 999.99 0.259000   2.197 0.000   1.050 0.000   1.147 0.000 0.009 0.000 0.056 0.000
 64.333333  65.333333    4.94 0.000  0.54 0.000 9.999 0.259000 99.99 0.259000 0.032 0.559  0.172 0.000  0.240 0.000 999.99 0.259000   3.507 0.000   1.817 0.000   1.690 0.000 0.015 0.000 0.102 0.559
 67.333333  68.333333   11.73 0.000  0.60 0.000 9.999 0.259000 99.99 0.259000 0.087 0.000  0.196 0.000  0.275 0.000 999.99 0.259000   8.977 0.000   5.127 0.000   3.850 0.000 0.033 0.000 0.247 0.000
 70.333333  71.333333 9999.99 0.999 99.99 0.999 9.999 0.999000 99.99 0.999000 9.999 0.999 99.999 0.999 99.999 0.999 999.99 0.999000 999.999 0.999 999.999 0.999 999.999 0.999 9.999 0.999 9.999 0.999
 73.333333  74.333333    7.63 0.000  0.26 0.000 9.999 0.259000 99.99 0.259000 0.031 0.559  0.121 0.000  0.170 0.000 999.99 0.259000   3.264 0.000   1.976 0.000   1.288 0.000 0.014 0.000 0.083 0.559
 76.333333  77.333333   15.67 0.000  0.76 0.000 9.999 0.259000  0.12 0.000000 0.081 0.000  0.683 0.000  0.956 0.000 999.99 0.259000   7.765 0.000   4.112 0.000   3.652 0.000 0.035 0.000 0.168 0.000
 79.333333  80.333333    6.07 0.000  0.21 0.000 9.999 0.259000 99.99 0.259000 0.019 0.000  0.019 0.000  0.027 0.000 999.99 0.259000   1.989 0.000   0.916 0.000   1.073 0.000 0.010 0.000 0.055 0.000
 82.333333  83.333333   37.59 0.000  0.75 0.000 0.027 0.000000 99.99 0.259000 0.058 0.000  0.733 0.000  1.027 0.000 999.99 0.259000   5.762 0.000   2.795 0.000   2.968 0.000 0.031 0.000 0.136 0.000
 85.333333  86.333333   12.89 0.000  0.78 0.000 9.999 0.259000  0.46 0.000000 0.111 0.000  0.641 0.000  0.898 0.000 999.99 0.259000   6.003 0.000   2.703 0.000   3.300 0.000 0.021 0.000 0.269 0.000
 88.333333  89.333333    5.91 0.000  0.39 0.000 9.999 0.259000  0.19 0.000000 0.101 0.000  0.134 0.000  0.187 0.000 999.99 0.259000   5.606 0.000   3.031 0.000   2.574 0.000 0.016 0.000 0.179 0.000
 91.333333  92.333333   21.97 0.000  0.72 0.000 0.014 0.000000  0.33 0.000000 0.062 0.000  0.378 0.000  0.529 0.000 999.99 0.259000   4.933 0.000   2.515 0.000   2.417 0.000 0.030 0.000 0.272 0.000
 94.333333  95.333333    6.67 0.000 99.99 0.259 0.016 0.000000  0.13 0.000000 0.026 0.000  0.258 0.000  0.361 0.000 999.99 0.259000   3.094 0.000   1.453 0.000   1.641 0.000 0.014 0.000 0.111 0.000
 97.333333  98.333333    5.29 0.000  0.33 0.000 0.019 0.000000  0.20 0.000000 0.050 0.000  0.561 0.000  0.785 0.000  10.03 0.000000   4.816 0.000   2.472 0.000   2.344 0.000 0.023 0.000 0.100 0.000
100.333333 101.333333   10.25 0.000  0.29 0.000 9.999 0.259000  0.31 0.000000 0.035 0.000  0.135 0.000  0.189 0.000 999.99 0.259000   3.792 0.000   2.068 0.000   1.724 0.000 0.012 0.000 0.199 0.000
103.333333 104.333333   21.07 0.000  0.30 0.000 0.013 0.000000  0.22 0.000000 0.067 0.000  0.543 0.000  0.760 0.000 999.99 0.259000   5.898 0.000   3.019 0.000   2.879 0.000 0.020 0.000 0.243 0.000
106.333333 107.333333   13.15 0.000  0.21 0.000 0.015 0.000000  0.19 0.000000 0.064 0.000  0.247 0.000  0.346 0.000 999.99 0.259000   3.594 0.000   1.878 0.000   1.716 0.000 0.015 0.000 0.101 0.000
109.333333 110.333333   59.78 0.000  0.58 0.000 0.032 0.000000  0.31 0.000000 0.141 0.559  1.103 0.000  1.544 0.000 999.99 0.259000  11.072 0.000   5.939 0.000   5.133 0.000 0.045 0.000 0.237 0.559
112.333333 113.333333   20.73 0.000  0.29 0.000 0.046 0.000000  0.36 0.000000 0.146 0.559  0.526 0.000  0.737 0.000 999.99 0.259000   8.869 0.000   4.356 0.000   4.513 0.000 0.043 0.000 0.254 0.559
115.333333 116.333333   50.07 0.000  1.06 0.000 0.051 0.000000  0.50 0.000000 0.388 0.559  0.762 0.000  1.067 0.000 999.99 0.259000  10.140 0.000   4.516 0.000   5.624 0.000 0.052 0.000 0.548 0.559
118.333333 119.333333   12.58 0.000 99.99 0.259 0.015 0.000000  0.32 0.000000 0.124 0.559  0.694 0.000  0.972 0.000 999.99 0.259000   4.960 0.000   1.985 0.000   2.976 0.000 0.018 0.000 0.232 0.559
121.333333 122.333333  119.30 0.000  1.93 0.000 9.999 0.259000  0.43 0.000000 0.401 0.000  1.206 0.000  1.689 0.000 999.99 0.259000  20.046 0.000   9.881 0.000  10.165 0.000 0.115 0.000 0.469 0.000
124.333333 125.333333   38.14 0.000  0.79 0.000 0.035 0.000000  0.64 0.000000 0.247 0.559  0.989 0.000  1.384 0.000 999.99 0.259000  13.681 0.000   7.118 0.000   6.563 0.000 0.054 0.000 0.559 0.559
127.333333 128.333333   68.66 0.000  1.60 0.000 0.040 0.000000  0.43 0.000000 0.337 0.559  1.179 0.000  1.651 0.000 999.99 0.259000  16.682 0.000   9.216 0.000   7.466 0.000 0.061 0.000 0.462 0.559
130.333333 131.333333  101.43 0.000  2.55 0.000 9.999 0.259000  0.57 0.000000 0.240 0.559  2.095 0.000  2.934 0.000 999.99 0.259000  19.366 0.000   9.959 0.000   9.407 0.000 0.077 0.000 0.474 0.559
133.333333 134.333333   93.07 0.000  2.35 0.000 9.999 0.259000  0.25 0.000000 0.180 0.559  2.069 0.000  2.896 0.000 999.99 0.259000  19.654 0.000  10.744 0.000   8.911 0.000 0.092 0.000 0.481 0.559
136.333333 137.333333   77.82 0.000  1.33 0.000 9.999 0.259000  0.49 0.000000 0.142 0.559  1.005 0.000  1.407 0.000 999.99 0.259000  13.505 0.000   7.544 0.000   5.961 0.000 0.046 0.000 0.490 0.559
139.333333 140.333333   27.11 0.000  0.63 0.000 9.999 0.259000  0.35 0.000000 0.089 0.559  0.353 0.000  0.494 0.000 999.99 0.259000   7.143 0.000   4.126 0.000   3.017 0.000 0.028 0.000 0.288 0.559
142.333333 143.333333    5.88 0.000  0.42 0.000 9.999 0.259000  0.16 0.000000 0.062 0.559  0.393 0.000  0.550 0.000 999.99 0.259000   5.542 0.000   2.825 0.000   2.716 0.000 0.017 0.000 0.241 0.559
145.333333 146.333333   18.84 0.000  0.22 0.000 9.999 0.259000 99.99 0.259000 0.118 0.559  0.338 0.000  0.473 0.000 999.99 0.259000   8.899 0.000   5.342 0.000   3.557 0.000 0.020 0.000 0.264 0.559
148.333333 149.333333   14.95 0.000  0.59 0.000 9.999 0.259000  0.18 0.000000 0.072 0.559  0.536 0.000  0.751 0.000 999.99 0.259000   6.074 0.000   3.418 0.000   2.655 0.000 0.022 0.000 0.128 0.559
151.333333 152.333333   29.05 0.000  0.89 0.000 0.016 0.000000  0.19 0.000000 0.029 0.000  0.544 0.000  0.762 0.000 999.99 0.259000   5.878 0.000   3.907 0.000   1.971 0.000 0.017 0.000 0.147 0.000
154.333333 155.333333   19.42 0.000  0.85 0.000 0.012 0.000000  0.23 0.000000 0.046 0.000  0.434 0.000  0.607 0.000 999.99 0.259000   4.683 0.000   2.637 0.000   2.046 0.000 0.016 0.000 0.156 0.000
157.333333 158.333333   46.99 0.000  0.85 0.000 0.062 0.000000  0.41 0.000000 0.270 0.000  1.002 0.000  1.403 0.000 999.99 0.259000  14.091 0.000   8.233 0.000   5.858 0.000 0.048 0.000 0.422 0.000
160.333333 161.333333   17.83 0.000  0.64 0.000 0.064 0.000000  0.34 0.000000 0.165 0.000  0.697 0.000  0.976 0.000 999.99 0.259000   9.042 0.000   4.204 0.000   4.838 0.000 0.037 0.000 0.462 0.000
163.333333 164.333333   14.69 0.000  0.47 0.000 0.016 0.000000  0.33 0.000000 0.045 0.000  0.349 0.000  0.489 0.000 999.99 0.259000   5.368 0.000   2.724 0.000   2.644 0.000 0.018 0.000 0.295 0.000
166.333333 167.333333   43.85 0.000  1.06 0.000 0.025 0.000000  0.29 0.000000 0.104 0.000  1.132 0.000  1.585 0.000 999.99 0.259000  11.839 0.000   7.164 0.000   4.675 0.000 0.038 0.000 0.251 0.000
169.333333 170.333333   27.17 0.000  0.91 0.000 0.115 0.000000  0.32 0.000000 0.283 0.000  0.697 0.000  0.975 0.000 999.99 0.259000  16.874 0.000   8.582 0.000   8.291 0.000 0.065 0.000 0.522 0.000
172.333333 173.333333   52.07 0.000  1.27 0.000 0.045 0.000000  0.72 0.000000 0.146 0.559  1.833 0.000  2.566 0.000 999.99 0.259000  17.199 0.000   9.422 0.000   7.777 0.000 0.067 0.000 0.577 0.559
175.333333 176.333333   31.43 0.000  1.15 0.000 0.033 0.000000  1.08 0.000000 0.081 0.559  1.524 0.000  2.133 0.000 999.99 0.259000  12.980 0.000   6.353 0.000   6.627 0.000 0.038 0.000 0.712 0.559
178.333333 179.333333   31.23 0.000  0.57 0.000 0.018 0.000000  0.80 0.000000 0.052 0.559  0.691 0.000  0.968 0.000 999.99 0.259000  13.042 0.000   8.155 0.000   4.887 0.000 0.027 0.000 0.718 0.559
181.333333 182.333333   34.55 0.000  1.27 0.000 9.999 0.259000  0.31 0.000000 0.146 0.559  1.125 0.000  2.025 0.000 999.99 0.259000  10.658 0.000   5.561 0.000   5.097 0.000 0.045 0.000 0.406 0.559
184.333333 185.333333   21.64 0.000  0.85 0.000 0.048 0.000000  0.39 0.000000 0.234 0.559  0.722 0.000  1.300 0.000 999.99 0.259000  13.368 0.000   7.187 0.000   6.180 0.000 0.062 0.000 0.642 0.559
187.333333 188.333333   28.45 0.000  0.94 0.000 0.022 0.000000  0.23 0.000000 0.115 0.559  0.881 0.000  1.585 0.000 999.99 0.259000  10.546 0.000   6.821 0.000   3.726 0.000 0.031 0.000 0.175 0.559
190.333333 191.333333   26.55 0.000  0.74 0.000 0.029 0.000000  0.59 0.000000 0.122 0.559  0.873 0.000  1.571 0.000 999.99 0.259000  10.842 0.000   6.057 0.000   4.785 0.000 0.028 0.000 0.397 0.559
193.333333 194.333333   32.21 0.000  1.00 0.000 9.999 0.259000  0.22 0.000000 0.069 0.559  2.715 0.000  4.887 0.000 999.99 0.259000  15.406 0.000   6.953 0.000   8.453 0.000 0.161 0.000 0.227 0.559
196.333333 197.333333   30.84 0.000  1.45 0.000 0.007 0.000000  0.33 0.000000 0.047 0.559  1.245 0.000  2.241 0.000 999.99 0.259000  10.729 0.000   6.007 0.000   4.722 0.000 0.047 0.000 0.283 0.559
199.333333 200.333333   57.95 0.000  1.15 0.000 0.074 0.000000  1.95 0.000000 0.422 0.559  1.130 0.000  2.033 0.000 999.99 0.259000  23.652 0.000  13.808 0.000   9.844 0.000 0.078 0.000 0.900 0.559
202.333333 203.333333   72.82 0.000  1.60 0.000 0.022 0.000000  1.21 0.000000 0.097 0.559  2.800 0.000  5.040 0.000 999.99 0.259000  22.633 0.000  12.551 0.000  10.082 0.000 0.063 0.000 0.634 0.559
205.333333 206.333333   37.82 0.000  0.97 0.000 0.027 0.000000  0.37 0.000000 0.079 0.559  1.411 0.000  2.539 0.000 999.99 0.259000  11.717 0.000   6.125 0.000   5.592 0.000 0.034 0.000 0.277 0.559
208.333333 209.333333   37.86 0.000  0.79 0.000 9.999 0.259000  0.57 0.000000 0.066 0.559  0.663 0.000  1.193 0.000 999.99 0.259000  14.480 0.000   8.573 0.000   5.907 0.000 0.038 0.000 0.692 0.559
211.333333 212.333333   12.60 0.000  0.88 0.000 0.022 0.000000  0.34 0.000000 0.100 0.559  0.322 0.000  0.579 0.000 999.99 0.259000   8.193 0.000   4.948 0.000   3.245 0.000 0.020 0.000 0.228 0.559
214.333333 215.333333   28.43 0.000  0.38 0.000 0.060 0.000000  0.71 0.000000 0.230 0.559  1.463 0.000  2.634 0.000 999.99 0.259000  17.685 0.000   9.464 0.000   8.221 0.000 0.056 0.000 0.592 0.559
217.333333 218.333333   20.83 0.000  0.42 0.000 0.025 0.000000  0.76 0.000000 0.147 0.559  0.968 0.000  1.742 0.000 999.99 0.259000  12.262 0.000   6.641 0.000   5.620 0.000 0.038 0.000 0.577 0.559
220.333333 221.333333   52.62 0.000  1.43 0.000 0.008 0.000000  0.70 0.000000 0.065 0.559  1.780 0.000  3.205 0.000 999.99 0.259000  15.598 0.000   8.267 0.000   7.332 0.000 0.040 0.000 0.515 0.559
223.333333 224.333333   15.95 0.000  0.57 0.000 0.052 0.000000  0.42 0.000000 0.252 0.559  0.580 0.000  1.044 0.000 999.99 0.259000  14.842 0.000   8.313 0.000   6.529 0.000 0.047 0.000 0.452 0.559
226.333333 227.333333   26.23 0.000  0.46 0.000 9.999 0.259000  0.65 0.000000 0.149 0.000  0.660 0.000  1.187 0.000 999.99 0.259000  13.436 0.000   8.225 0.000   5.211 0.000 0.034 0.000 0.592 0.000
229.333333 230.333333   35.72 0.000  0.59 0.000 0.042 0.000000  0.52 0.000000 0.209 0.559  1.134 0.000  2.041 0.000 999.99 0.259000  16.635 0.000  10.596 0.000   6.038 0.000 0.039 0.000 0.468 0.559
232.333333 233.333333   31.25 0.000  1.10 0.000 0.016 0.000000  0.49 0.000000 0.127 0.000  0.907 0.000  1.632 0.000 999.99 0.259000  11.761 0.000   6.061 0.000   5.700 0.000 0.025 0.000 0.607 0.000
235.333333 236.333333   43.35 0.000  0.49 0.000 0.034 0.000000  0.48 0.000000 0.148 0.559  1.163 0.000  2.093 0.000 999.99 0.259000  15.842 0.000   9.611 0.000   6.232 0.000 0.039 0.000 0.402 0.559
238.333333 239.333333   35.23 0.000  0.70 0.000 0.020 0.000000  0.71 0.000000 0.064 0.559  0.710 0.000  1.277 0.000 999.99 0.259000  12.375 0.000   7.840 0.000   4.535 0.000 0.028 0.000 0.419 0.559
