scripts/IMPROVE-2019_partial/data/US0596R.19920101080000.20191216000000.filterpack...1y.3d.US03L_filterpack_US0596.US03L_IMPROVE_Davis.lev2.nas
52 1001
MISSING INFORMATION
US03L, IMPROVE, , , , , , , 
MISSING INFORMATION
IMPROVE sel_HTAP
1 1
1992 01 01 2019 12 16
0
days from file reference point
5
1 1 1 1 1
999.999999 999.999 9.999 99.999 9.999999
end_time of measurement, days from the file reference point
pm10_mass, ug/m3, Matrix=pm10
numflag pm10_mass, no unit, Matrix=pm10
pm25_mass, ug/m3, Matrix=pm25
numflag pm25_mass, no unit, Matrix=pm25
0
33
Data definition:              EBAS_1.1
Set type code:                TI
Timezone:                     UTC
File name:                    US0596R.19920101080000.20191216000000.filterpack...1y.3d.US03L_filterpack_US0596.US03L_IMPROVE_Davis.lev2.nas
File creation:                20191218120255
Startdate:                    19920101080000
Revision date:                20191216000000
Version:                      2
Version description:          "Data extracted from http://views.cira.colostate.edu/fed/DataWizard 2019-12-16"
Statistics:                   arithmetic mean
Data level:                   2
Period code:                  1y
Resolution code:              3d
Sample duration:              1d
Orig. time res.:              3d
Station code:                 US0596R
Platform code:                US0596S
Station name:                 Lassen Volcanic National Park-Manzanita Lake
Station latitude:             40.539
Station longitude:            -121.5772
Station altitude:             1754.0 m
Regime:                       IMG
Component:                    
Unit:                         ug/m3
Matrix:                       
Laboratory code:              US03L
Instrument type:              filterpack
Instrument name:              filterpack_US0596
Method ref:                   US03L_IMPROVE_Davis
Blank correction:             Blank corrected
Volume std. temperature:      ambient
Volume std. pressure:         ambient
starttime endtime PM10 flag_PM10 PM2.5 flag_PM2.5
  0.333333   1.333333   1.935 0.000  0.543 0.559000
  3.333333   4.333333   1.290 0.000  0.571 0.559000
  7.333333   8.333333   0.949 0.000  0.406 0.559000
 10.333333  11.333333   0.965 0.000 99.999 0.559259
 14.333333  15.333333   1.718 0.000  0.812 0.559000
 17.333333  18.333333  13.984 0.000 99.999 0.559259
 21.333333  22.333333  13.376 0.000  1.108 0.559000
 24.333333  25.333333   3.452 0.000  1.741 0.559000
 28.333333  29.333333 999.999 0.999  0.909 0.559000
 31.333333  32.333333 999.999 0.999  1.786 0.559000
 35.333333  36.333333   4.815 0.000  2.340 0.559000
 38.333333  39.333333   2.428 0.000  1.763 0.559000
 42.333333  43.333333   1.146 0.000  0.472 0.559000
 45.333333  46.333333 999.999 0.999  1.547 0.559000
 49.333333  50.333333 999.999 0.999  0.369 0.559000
 52.333333  53.333333  14.038 0.000  1.138 0.559000
 56.333333  57.333333   7.976 0.000  0.895 0.559000
 59.333333  60.333333   9.835 0.000  4.108 0.000000
 63.333333  64.333333   3.320 0.000  1.392 0.000000
 66.333333  67.333333   1.296 0.000  0.629 0.000000
 70.333333  71.333333   7.092 0.000  2.120 0.000000
 73.333333  74.333333   9.758 0.000  4.051 0.000000
 77.333333  78.333333   3.788 0.000  1.698 0.000000
 80.333333  81.333333   8.435 0.000  6.698 0.000000
 84.333333  85.333333   2.928 0.000  2.476 0.000000
 87.333333  88.333333  18.286 0.000  5.527 0.000000
 91.333333  92.333333   9.151 0.000  2.733 0.000000
 94.333333  95.333333   9.289 0.000  5.273 0.000000
 98.333333  99.333333  10.823 0.000  3.633 0.000000
101.333333 102.333333   4.917 0.000  2.444 0.000000
105.333333 106.333333   3.510 0.000  3.050 0.000000
108.333333 109.333333   2.939 0.000  2.000 0.000000
112.333333 113.333333   4.235 0.000 99.999 0.999000
115.333333 116.333333   4.902 0.000  3.272 0.000000
119.333333 120.333333   5.785 0.000  2.301 0.000000
122.333333 123.333333  11.188 0.000  4.294 0.000000
126.333333 127.333333  24.942 0.000  6.500 0.000000
129.333333 130.333333   5.138 0.000  2.733 0.000000
133.333333 134.333333  12.460 0.000  2.884 0.000000
136.333333 137.333333  12.122 0.000  3.009 0.000000
140.333333 141.333333   2.042 0.000  0.988 0.000000
143.333333 144.333333   8.571 0.000  2.593 0.000000
147.333333 148.333333   6.584 0.000 99.999 0.999000
150.333333 151.333333   6.456 0.000 99.999 0.999000
154.333333 155.333333   9.923 0.000  4.356 0.000000
157.333333 158.333333  20.366 0.000 99.999 0.999000
161.333333 162.333333   6.056 0.000  1.536 0.000000
164.333333 165.333333   1.314 0.000  1.014 0.000000
168.333333 169.333333   5.568 0.000  1.346 0.000000
171.333333 172.333333   7.453 0.000  2.691 0.000000
175.333333 176.333333   9.681 0.000  3.270 0.000000
178.333333 179.333333  11.673 0.000  3.178 0.000000
182.333333 183.333333 999.999 0.999 99.999 0.999000
185.333333 186.333333   8.106 0.000  3.957 0.000000
189.333333 190.333333   7.054 0.000  3.616 0.000000
192.333333 193.333333   8.996 0.000  4.587 0.000000
196.333333 197.333333  12.796 0.000  6.130 0.000000
199.333333 200.333333   9.890 0.000  5.604 0.000000
203.333333 204.333333   7.444 0.000  3.524 0.000000
206.333333 207.333333   8.303 0.000  4.162 0.000000
210.333333 211.333333  12.637 0.000  7.095 0.000000
213.333333 214.333333  11.026 0.000  4.037 0.000000
217.333333 218.333333   9.053 0.000  4.357 0.000000
220.333333 221.333333   7.500 0.000  2.194 0.000000
224.333333 225.333333   9.893 0.000  4.769 0.000000
227.333333 228.333333  10.186 0.000  5.938 0.000000
231.333333 232.333333   7.701 0.000  3.723 0.000000
234.333333 235.333333 999.999 0.999 99.999 0.999000
238.333333 239.333333  10.569 0.000  6.355 0.000000
241.333333 242.333333  17.276 0.000  9.346 0.000000
245.333333 246.333333   9.573 0.000  5.247 0.000000
248.333333 249.333333   3.777 0.000  1.821 0.000000
252.333333 253.333333   9.574 0.000  3.622 0.000000
255.333333 256.333333   8.172 0.000  3.498 0.000000
259.333333 260.333333   6.818 0.000  3.429 0.000000
262.333333 263.333333   9.813 0.000  5.609 0.000000
266.333333 267.333333   6.403 0.000  3.449 0.000000
269.333333 270.333333   5.072 0.000  1.478 0.000000
273.333333 274.333333   5.642 0.000  5.016 0.000000
276.333333 277.333333  10.839 0.000  1.748 0.000000
280.333333 281.333333   5.616 0.000  1.610 0.000000
283.333333 284.333333   4.452 0.000  3.003 0.000000
287.333333 288.333333   9.011 0.000  3.463 0.000000
290.333333 291.333333   7.032 0.000  3.131 0.000000
294.333333 295.333333 999.999 0.999  2.181 0.000000
297.333333 298.333333   6.607 0.000  2.648 0.000000
301.333333 302.333333   7.832 0.000  5.380 0.000000
304.333333 305.333333   1.680 0.000  0.943 0.000000
308.333333 309.333333   3.174 0.000  2.556 0.000000
311.333333 312.333333   4.930 0.000  4.180 0.000000
315.333333 316.333333 999.999 0.999 99.999 0.999000
318.333333 319.333333   3.590 0.000  2.340 0.000000
322.333333 323.333333 999.999 0.999 99.999 0.999000
325.333333 326.333333   4.190 0.000  2.389 0.000000
329.333333 330.333333   8.188 0.000  1.565 0.000000
332.333333 333.333333   2.786 0.000  0.825 0.000000
336.333333 337.333333  12.050 0.000  3.578 0.000000
339.333333 340.333333  13.000 0.000  3.802 0.000000
343.333333 344.333333   0.513 0.000 99.999 0.259000
346.333333 347.333333   1.481 0.000  0.909 0.000000
350.333333 351.333333   1.866 0.000  1.154 0.000000
353.333333 354.333333   3.456 0.000  1.571 0.000000
357.333333 358.333333   1.516 0.000  0.673 0.000000
360.333333 361.333333   2.510 0.000  2.051 0.000000
364.333333 365.333333 999.999 0.999 99.999 0.999000
