scripts/IMPROVE-2019_partial/data/US0566R.20050101080000.20191216000000.filterpack..pm25.52w.1w.US03L_filterpack_US0566.US03L_IMPROVE_Davis.lev2.nas
66 1001
MISSING INFORMATION
US03L, IMPROVE, , , , , , , 
MISSING INFORMATION
IMPROVE sel_HTAP
1 1
2005 01 01 2019 12 16
3.000000
days from file reference point
27
1 1 1 1 1 1 1 1 1 1 1 1 1 1 1 1 1 1 1 1 1 1 1 1 1 1 1
999.999999 999.99 9.999 99.99 9.999 9.999 9.999999 9.99 9.999999 9.999 9.999 99.999 9.999 99.999 9.999 99.99 9.999999 999.999 9.999 999.999 9.999 99.999 9.999 9.999 9.999 9.999 9.999
end_time of measurement, days from the file reference point
iron, ng/m3, Revision date=20181210133000
numflag iron, no unit, Revision date=20181210133000
lead, ng/m3, Revision date=20181210133000
numflag lead, no unit, Revision date=20181210133000
magnesium, ug/m3, Revision date=20181210133000
numflag magnesium, no unit, Revision date=20181210133000
nickel, ng/m3, Revision date=20181210133000
numflag nickel, no unit, Revision date=20181210133000
nitrate, ug N/m3, Revision date=20181210133000
numflag nitrate, no unit, Revision date=20181210133000
organic_carbon, ug C/m3, Revision date=20181210133000
numflag organic_carbon, no unit, Revision date=20181210133000
organic_mass, ug/m3, Revision date=20181210133000
numflag organic_mass, no unit, Revision date=20181210133000
phosphorus, ng/m3, Revision date=20181210133000
numflag phosphorus, no unit, Revision date=20181210133000
pm10_mass, ug/m3, Version=2, Version description=Data extracted from http://views.cira.colostate.edu/fed/DataWizard 2019-12-16, Sample duration=1d, Orig. time res.=3d, Matrix=pm10, Blank correction=Blank corrected, Volume std. temperature=ambient, Volume std. pressure=ambient
numflag pm10_mass, no unit, Version=2, Version description=Data extracted from http://views.cira.colostate.edu/fed/DataWizard 2019-12-16, Sample duration=1d, Orig. time res.=3d, Matrix=pm10, Blank correction=Blank corrected, Volume std. temperature=ambient, Volume std. pressure=ambient
pm10_pm25_mass, ug/m3, Revision date=20181210133000, Matrix=pm10_pm25
numflag pm10_pm25_mass, no unit, Revision date=20181210133000, Matrix=pm10_pm25
pm25_mass, ug/m3, Version=2, Version description=Data extracted from http://views.cira.colostate.edu/fed/DataWizard 2019-12-16, Sample duration=1d, Orig. time res.=3d, Blank correction=Blank corrected, Volume std. temperature=ambient, Volume std. pressure=ambient
numflag pm25_mass, no unit, Version=2, Version description=Data extracted from http://views.cira.colostate.edu/fed/DataWizard 2019-12-16, Sample duration=1d, Orig. time res.=3d, Blank correction=Blank corrected, Volume std. temperature=ambient, Volume std. pressure=ambient
potassium, ug/m3, Revision date=20181210133000
numflag potassium, no unit, Revision date=20181210133000
sulphate_total, ug S/m3, Revision date=20181210133000
numflag sulphate_total, no unit, Revision date=20181210133000
0
25
Data definition:              EBAS_1.1
Set type code:                TU
Timezone:                     UTC
File name:                    US0566R.20050101080000.20191216000000.filterpack..pm25.52w.1w.US03L_filterpack_US0566.US03L_IMPROVE_Davis.lev2.nas
File creation:                20191218120244
Startdate:                    20050101080000
Revision date:                20191216000000
Statistics:                   arithmetic mean
Data level:                   2
Period code:                  52w
Resolution code:              1w
Station code:                 US0566R
Platform code:                US0566S
Station name:                 Pinnacles National Monument-Bear Valley (CA66)
Station latitude:             36.4834
Station longitude:            -121.157
Station altitude:             317.0 m
Regime:                       IMG
Component:                    
Matrix:                       pm25
Laboratory code:              US03L
Instrument type:              filterpack
Instrument name:              filterpack_US0566
Method ref:                   US03L_IMPROVE_Davis
starttime endtime Fe flag_Fe Pb flag_Pb Mg++ flag_Mg++ Ni flag_Ni NO3- flag_NO3- OC flag_OC OM flag_OM P flag_P PM10 flag_PM10 PM10-PM2.5 flag_PM10-PM2.5 PM2.5 flag_PM2.5 K+ flag_K+ SO4-- flag_SO4--
  0.333333   1.333333   0.94 0.000  0.25 0.000 9.999 0.259000 0.35 0.000000 0.022 0.000  0.211 0.000  0.379 0.000 99.99 0.259000   2.718 0.000   1.867 0.000  0.851 0.000 0.010 0.000 0.055 0.000
  3.333333   4.333333   3.55 0.000  0.94 0.000 9.999 0.259000 0.21 0.000000 0.050 0.000  0.340 0.000  0.612 0.000 99.99 0.259000   2.741 0.000   1.644 0.000  1.120 0.000 0.011 0.000 0.089 0.000
  6.333333   7.333333   1.54 0.456  0.32 0.456 9.999 0.456259 9.99 0.456259 0.027 0.000  0.075 0.000  0.136 0.000 99.99 0.456259   2.454 0.000 999.999 0.456 99.999 0.456 0.007 0.456 0.060 0.000
  9.333333  10.333333   0.51 0.000 99.99 0.259 9.999 0.259000 0.19 0.000000 0.010 0.000  0.061 0.000  0.110 0.000 99.99 0.259000   1.067 0.000   0.832 0.000  0.235 0.000 0.002 0.000 0.030 0.000
 12.333333  13.333333   7.24 0.000  0.43 0.000 9.999 0.259000 9.99 0.259000 0.021 0.000  0.554 0.000  0.997 0.000 99.99 0.259000   2.476 0.000   1.305 0.000  1.171 0.000 0.013 0.000 0.064 0.000
 15.333333  16.333333  20.28 0.000  1.57 0.000 9.999 0.259000 9.99 0.259000 0.161 0.000  1.738 0.000  3.128 0.000 99.99 0.259000   5.511 0.000   1.646 0.000  3.865 0.000 0.049 0.000 0.123 0.000
 18.333333  19.333333   9.81 0.000  0.46 0.000 9.999 0.259000 0.15 0.000000 0.010 0.000  0.613 0.000  1.104 0.000 99.99 0.259000   2.800 0.000   1.334 0.000  1.467 0.000 0.019 0.000 0.084 0.000
 21.333333  22.333333  16.57 0.000  1.37 0.000 9.999 0.259000 0.25 0.000000 0.065 0.000  1.536 0.000  2.766 0.000 99.99 0.259000   5.040 0.000   1.696 0.000  3.344 0.000 0.029 0.000 0.124 0.000
 24.333333  25.333333  22.32 0.000  1.64 0.000 9.999 0.259000 0.79 0.000000 0.135 0.000  1.246 0.000  2.244 0.000 99.99 0.259000   8.684 0.000   2.465 0.000  6.219 0.000 0.036 0.000 0.850 0.000
 27.333333  28.333333   1.72 0.000  0.18 0.000 9.999 0.259000 0.17 0.000000 0.029 0.000  0.255 0.000  0.459 0.000 99.99 0.259000   5.183 0.000   3.341 0.000  1.842 0.000 0.019 0.000 0.087 0.000
 30.333333  31.333333   9.83 0.000  1.27 0.000 9.999 0.259000 0.21 0.000000 0.101 0.000  1.291 0.000  2.324 0.000 99.99 0.259000   4.066 0.000   1.465 0.000  2.602 0.000 0.019 0.000 0.080 0.000
 33.333333  34.333333  15.35 0.000  0.86 0.000 9.999 0.259000 9.99 0.259000 0.023 0.000  0.665 0.000  1.196 0.000 99.99 0.259000   4.448 0.000   2.473 0.000  1.975 0.000 0.018 0.000 0.119 0.000
 36.333333  37.333333  18.94 0.000  1.31 0.000 0.038 0.000000 0.22 0.000000 0.774 0.000  1.237 0.000  2.227 0.000 99.99 0.259000  17.551 0.000   9.647 0.000  7.904 0.000 0.044 0.000 0.460 0.000
 39.333333  40.333333  17.07 0.000  1.16 0.000 9.999 0.259000 0.14 0.000000 0.415 0.000  0.973 0.000  1.751 0.000 99.99 0.259000   6.795 0.000   2.190 0.000  4.606 0.000 0.029 0.000 0.285 0.000
 42.333333  43.333333  22.13 0.000  1.61 0.000 9.999 0.259000 0.16 0.000000 0.656 0.000  2.106 0.000  3.791 0.000 99.99 0.259000   7.614 0.000   0.638 0.000  6.976 0.000 0.041 0.000 0.230 0.000
 45.333333  46.333333   7.55 0.000  0.34 0.000 0.012 0.000000 9.99 0.259000 0.048 0.000  0.107 0.000  0.193 0.000 99.99 0.259000   2.981 0.000   1.056 0.000  1.937 0.000 0.008 0.000 0.220 0.000
 48.333333  49.333333   4.87 0.000 99.99 0.259 0.009 0.000000 9.99 0.259000 0.021 0.000  0.077 0.000  0.139 0.000 99.99 0.259000   2.321 0.000   1.379 0.000  0.942 0.000 0.007 0.000 0.074 0.000
 51.333333  52.333333   1.65 0.000 99.99 0.259 0.012 0.000000 9.99 0.259000 0.011 0.000 99.999 0.259 99.999 0.259  2.00 0.000000   1.875 0.000   0.936 0.000  0.939 0.000 0.006 0.000 0.035 0.000
 54.333333  55.333333  14.62 0.000  1.48 0.000 9.999 0.259000 0.26 0.000000 0.347 0.000  0.944 0.000  1.699 0.000 99.99 0.259000   7.240 0.000   3.184 0.000  4.056 0.000 0.019 0.000 0.411 0.000
 57.333333  58.333333   6.88 0.000  0.57 0.000 9.999 0.259000 0.36 0.000000 0.072 0.000  0.457 0.000  0.823 0.000 99.99 0.259000   4.458 0.000   2.058 0.000  2.399 0.000 0.010 0.000 0.330 0.000
 60.333333  61.333333 999.99 0.999 99.99 0.999 9.999 0.999000 9.99 0.999000 9.999 0.999 99.999 0.999 99.999 0.999 99.99 0.999000 999.999 0.999 999.999 0.999 99.999 0.999 9.999 0.999 9.999 0.999
 63.333333  64.333333  29.21 0.000  1.56 0.000 9.999 0.259000 9.99 0.259000 0.214 0.000  1.367 0.000  2.461 0.000 99.99 0.259000   7.359 0.000   3.399 0.000  3.959 0.000 0.027 0.000 0.263 0.000
 66.333333  67.333333  30.91 0.000  2.41 0.000 9.999 0.259000 9.99 0.259000 0.141 0.000  1.547 0.000  2.784 0.000 99.99 0.259000 999.999 0.999   2.667 0.000  5.622 0.000 0.031 0.000 0.343 0.000
 69.333333  70.333333  45.48 0.000  2.04 0.000 0.009 0.000000 9.99 0.259000 0.029 0.000  2.011 0.000  3.620 0.000 99.99 0.259000   9.178 0.000   3.616 0.000  5.561 0.000 0.055 0.000 0.198 0.000
 72.333333  73.333333  49.46 0.000  1.59 0.000 0.012 0.000000 0.19 0.000000 0.167 0.000  0.907 0.000  1.632 0.000 99.99 0.259000  12.947 0.000   8.444 0.000  4.502 0.000 0.041 0.000 0.444 0.000
 75.333333  76.333333  91.90 0.000  5.72 0.000 9.999 0.259000 0.21 0.000000 0.061 0.000  0.809 0.000  1.456 0.000 99.99 0.259000  12.003 0.000   6.923 0.000  5.080 0.000 0.075 0.000 0.449 0.000
 78.333333  79.333333   5.18 0.000  1.08 0.000 0.054 0.000000 0.27 0.000000 0.045 0.000  0.476 0.000  0.856 0.000 99.99 0.259000   5.719 0.000   3.061 0.000  2.658 0.000 0.028 0.000 0.132 0.000
 81.333333  82.333333  11.14 0.394  1.14 0.394 0.034 0.394000 9.99 0.394259 0.055 0.394  0.426 0.000  0.766 0.000 99.99 0.394259   8.178 0.000   5.125 0.000  3.053 0.000 0.026 0.394 0.260 0.394
 84.333333  85.333333  20.90 0.000  1.65 0.000 9.999 0.259000 0.10 0.000000 0.114 0.000  2.438 0.000  4.388 0.000 99.99 0.259000   6.989 0.000   1.526 0.000  5.463 0.000 0.047 0.000 0.205 0.000
 87.333333  88.333333   9.76 0.000  1.74 0.000 0.064 0.000000 9.99 0.259000 0.067 0.000  0.415 0.000  0.747 0.000 99.99 0.259000   9.910 0.000   5.870 0.000  4.040 0.000 0.042 0.000 0.363 0.000
 90.333333  91.333333  27.10 0.000  0.98 0.000 9.999 0.259000 0.14 0.000000 0.061 0.000  1.845 0.000  3.322 0.000 99.99 0.259000   7.398 0.000   2.116 0.000  5.282 0.000 0.039 0.000 0.318 0.000
 93.333333  94.333333   8.77 0.000  0.84 0.000 9.999 0.259000 9.99 0.259000 0.064 0.000  0.452 0.000  0.813 0.000 99.99 0.259000   4.285 0.000   1.901 0.000  2.384 0.000 0.023 0.000 0.235 0.000
 96.333333  97.333333   9.88 0.000  0.49 0.000 0.019 0.000000 0.25 0.000000 0.069 0.000  0.471 0.000  0.847 0.000 99.99 0.259000   6.100 0.000   3.558 0.000  2.541 0.000 0.021 0.000 0.212 0.000
 99.333333 100.333333  50.98 0.000  3.18 0.000 0.034 0.000000 0.11 0.000000 0.195 0.000  1.210 0.000  2.178 0.000 99.99 0.259000  12.253 0.000   6.909 0.000  5.531 0.000 0.079 0.000 0.414 0.000
102.333333 103.333333  12.90 0.000  0.58 0.000 9.999 0.259000 0.11 0.000000 0.119 0.000  0.323 0.000  0.582 0.000 99.99 0.259000   7.636 0.000   5.082 0.000  2.554 0.000 0.020 0.000 0.143 0.000
105.333333 106.333333 999.99 0.999 99.99 0.999 9.999 0.999000 9.99 0.999000 9.999 0.999 99.999 0.999 99.999 0.999 99.99 0.999000 999.999 0.999 999.999 0.999 99.999 0.999 9.999 0.999 9.999 0.999
108.333333 109.333333  16.68 0.000  0.32 0.000 0.035 0.000000 0.31 0.000000 0.134 0.000  0.658 0.000  1.185 0.000 99.99 0.259000   8.449 0.000   4.660 0.000  3.796 0.000 0.039 0.000 0.156 0.000
111.333333 112.333333  45.92 0.000  1.20 0.000 0.016 0.000000 0.33 0.000000 0.208 0.000  1.146 0.000  2.062 0.000 99.99 0.259000  13.231 0.000   8.229 0.000  5.367 0.000 0.043 0.000 0.436 0.000
114.333333 115.333333  25.60 0.000  0.73 0.000 0.013 0.000000 0.31 0.000000 0.073 0.000  0.908 0.000  1.634 0.000 99.99 0.259000   6.407 0.000   3.239 0.000  3.231 0.000 0.035 0.000 0.301 0.000
117.333333 118.333333   6.45 0.000  0.50 0.000 9.999 0.259000 9.99 0.259000 0.016 0.000  0.335 0.000  0.604 0.000 99.99 0.259000   2.559 0.000   1.394 0.000  1.194 0.000 0.010 0.000 0.119 0.000
120.333333 121.333333  25.48 0.000  0.94 0.000 9.999 0.259000 0.20 0.000000 0.093 0.000  0.537 0.000  0.967 0.000 99.99 0.259000 999.999 0.999   5.845 0.000  2.674 0.000 0.027 0.000 0.282 0.000
123.333333 124.333333  42.48 0.000  2.01 0.000 9.999 0.259000 0.19 0.000000 0.101 0.000  0.620 0.000  1.116 0.000 99.99 0.259000 999.999 0.999   5.845 0.000  3.494 0.000 0.028 0.000 0.426 0.000
126.333333 127.333333   9.41 0.000  0.89 0.000 9.999 0.259000 0.21 0.000000 0.033 0.000  0.263 0.000  0.473 0.000 99.99 0.259000 999.999 0.999   5.845 0.000  1.743 0.000 0.012 0.000 0.201 0.000
129.333333 130.333333  15.27 0.000  0.59 0.000 0.011 0.000000 0.24 0.000000 0.074 0.000  0.225 0.000  0.406 0.000 99.99 0.259000   5.590 0.000   3.467 0.000  2.171 0.000 0.018 0.000 0.221 0.000
132.333333 133.333333  23.29 0.000  1.07 0.000 9.999 0.259000 0.39 0.000000 0.138 0.000  0.943 0.000  1.697 0.000 99.99 0.259000 999.999 0.999   5.845 0.000  3.880 0.000 0.019 0.000 0.332 0.000
135.333333 136.333333  19.19 0.000  1.46 0.000 0.035 0.000000 0.14 0.000000 0.093 0.000  0.216 0.000  0.389 0.000 99.99 0.259000 999.999 0.999   5.845 0.000  4.119 0.000 0.043 0.000 0.511 0.000
138.333333 139.333333  10.24 0.000  0.57 0.000 9.999 0.259000 9.99 0.259000 0.039 0.000  0.345 0.000  0.621 0.000 99.99 0.259000 999.999 0.999   5.845 0.000  1.729 0.000 0.011 0.000 0.156 0.000
141.333333 142.333333  24.41 0.000  1.16 0.000 0.035 0.000000 0.20 0.000000 0.149 0.000  0.887 0.000  1.597 0.000 99.99 0.259000 999.999 0.999   5.845 0.000  4.584 0.000 0.043 0.000 0.223 0.000
144.333333 145.333333  60.40 0.000  2.14 0.000 0.056 0.000000 0.26 0.000000 0.419 0.000  1.537 0.000  2.767 0.000 99.99 0.259000 999.999 0.999   5.845 0.000  9.347 0.000 0.069 0.000 0.513 0.000
147.333333 148.333333  23.64 0.000  1.06 0.000 9.999 0.259000 0.39 0.000000 0.211 0.000  0.928 0.000  1.670 0.000 99.99 0.259000 999.999 0.999   5.845 0.000  5.810 0.000 0.038 0.000 0.568 0.000
150.333333 151.333333  28.00 0.000  1.15 0.000 0.042 0.000000 0.37 0.000000 0.215 0.000  1.213 0.000  2.184 0.000 99.99 0.259000 999.999 0.999   5.845 0.000  6.759 0.000 0.039 0.000 0.544 0.000
153.333333 154.333333  30.30 0.394  0.72 0.394 0.079 0.394000 0.33 0.394000 0.356 0.394  0.900 0.000  1.620 0.000 99.99 0.394259 999.999 0.999   5.845 0.000  8.498 0.000 0.066 0.394 0.381 0.394
156.333333 157.333333  22.15 0.000  0.30 0.000 0.026 0.000000 0.18 0.000000 0.134 0.000  0.503 0.000  0.905 0.000 99.99 0.259000  14.750 0.000  10.147 0.000  4.602 0.000 0.033 0.000 0.365 0.000
159.333333 160.333333   8.16 0.000  0.33 0.000 9.999 0.259000 9.99 0.259000 0.035 0.000  0.474 0.000  0.853 0.000 99.99 0.259000   3.441 0.000   1.738 0.000  1.703 0.000 0.009 0.000 0.166 0.000
162.333333 163.333333  20.09 0.000  0.95 0.000 0.046 0.000000 0.17 0.000000 0.233 0.000  1.308 0.000  2.354 0.000 99.99 0.259000  11.482 0.000   5.678 0.000  5.802 0.000 0.050 0.000 0.297 0.000
165.333333 166.333333  32.14 0.000  1.01 0.000 0.059 0.000000 0.19 0.000000 0.277 0.000  0.701 0.000  1.261 0.000 99.99 0.259000  13.705 0.000   8.086 0.000  5.619 0.000 0.054 0.000 0.302 0.000
168.333333 169.333333   5.67 0.000  0.25 0.000 0.086 0.000000 0.13 0.000000 0.089 0.000  0.136 0.000  0.244 0.000 99.99 0.259000   9.144 0.000   5.623 0.000  3.520 0.000 0.028 0.000 0.213 0.000
171.333333 172.333333  19.07 0.000  0.50 0.000 9.999 0.259000 0.26 0.000000 0.075 0.000  0.542 0.000  0.975 0.000 99.99 0.259000   7.585 0.000   4.757 0.000  2.881 0.000 0.016 0.000 0.290 0.000
174.333333 175.333333  15.32 0.000  0.13 0.000 0.041 0.000000 0.23 0.000000 0.156 0.000  0.496 0.000  0.892 0.000 99.99 0.259000  10.042 0.000   5.549 0.000  4.492 0.000 0.029 0.000 0.462 0.000
177.333333 178.333333  17.76 0.000  0.66 0.000 9.999 0.259000 0.24 0.000000 0.091 0.000  0.646 0.000  1.163 0.000 99.99 0.259000   8.591 0.000   4.885 0.000  3.706 0.000 0.018 0.000 0.446 0.000
180.333333 181.333333  34.70 0.000  0.53 0.000 9.999 0.259000 0.31 0.000000 0.053 0.000  1.110 0.000  1.997 0.000 99.99 0.259000  11.798 0.000   6.508 0.000  5.289 0.000 0.030 0.000 0.525 0.000
183.333333 184.333333  18.77 0.000  0.50 0.000 0.052 0.000000 0.31 0.000000 0.198 0.000  1.697 0.000  3.054 0.000 99.99 0.259000  14.065 0.000   5.981 0.000  8.082 0.000 0.068 0.000 0.620 0.000
186.333333 187.333333  25.69 0.000  0.66 0.000 9.999 0.259000 0.17 0.000000 0.118 0.000  0.718 0.000  1.292 0.000 99.99 0.259000   9.281 0.000   5.031 0.000  4.249 0.000 0.044 0.000 0.401 0.000
189.333333 190.333333  21.58 0.000  0.66 0.000 9.999 0.259000 9.99 0.259000 0.044 0.000  0.281 0.000  0.506 0.000 99.99 0.259000   6.747 0.000   3.883 0.000  2.863 0.000 0.019 0.000 0.341 0.000
192.333333 193.333333  37.68 0.000  0.83 0.000 0.019 0.000000 0.26 0.000000 0.135 0.000  0.855 0.000  1.539 0.000 99.99 0.259000  13.241 0.000   8.623 0.000  4.714 0.000 0.030 0.000 0.299 0.000
195.333333 196.333333  59.27 0.000  0.78 0.000 9.999 0.259000 0.27 0.000000 0.125 0.000  0.994 0.000  1.790 0.000 99.99 0.259000  19.598 0.000  12.713 0.000  6.885 0.000 0.047 0.000 0.631 0.000
198.333333 199.333333  30.91 0.000  0.42 0.000 9.999 0.259000 0.26 0.000000 0.110 0.000  0.830 0.000  1.494 0.000 99.99 0.259000  12.927 0.000   7.090 0.000  5.836 0.000 0.026 0.000 0.640 0.000
201.333333 202.333333  38.25 0.000  0.70 0.000 9.999 0.259000 0.42 0.000000 0.131 0.000  0.893 0.000  1.608 0.000 99.99 0.259000  15.110 0.000   8.903 0.000  6.207 0.000 0.031 0.000 0.845 0.000
204.333333 205.333333  45.36 0.000  1.09 0.000 9.999 0.259000 0.34 0.000000 0.127 0.000  1.325 0.000  2.386 0.000 99.99 0.259000  16.185 0.000   9.078 0.000  7.107 0.000 0.052 0.000 0.704 0.000
207.333333 208.333333  45.81 0.000  0.67 0.000 0.028 0.000000 0.45 0.000000 0.143 0.000  0.828 0.000  1.490 0.000 99.99 0.259000  18.067 0.000  11.775 0.000  6.291 0.000 0.041 0.000 0.711 0.000
210.333333 211.333333  38.81 0.000  0.73 0.000 0.013 0.000000 0.38 0.000000 0.107 0.000  0.667 0.000  1.200 0.000 99.99 0.259000  16.630 0.000   9.966 0.000  6.662 0.000 0.041 0.000 0.937 0.000
213.333333 214.333333  26.85 0.000  0.70 0.000 9.999 0.259000 0.13 0.000000 0.066 0.000  0.477 0.000  0.860 0.000 99.99 0.259000   9.616 0.000   7.076 0.000  2.631 0.000 0.021 0.000 0.220 0.000
216.333333 217.333333  51.35 0.000  0.99 0.000 0.014 0.000000 0.18 0.000000 0.086 0.000  0.964 0.000  1.734 0.000 99.99 0.259000  18.611 0.000  13.080 0.000  5.531 0.000 0.033 0.000 0.488 0.000
219.333333 220.333333  32.95 0.000  0.62 0.000 9.999 0.259000 0.56 0.000000 0.151 0.000  0.971 0.000  1.748 0.000 99.99 0.259000  14.788 0.000   7.920 0.000  6.869 0.000 0.031 0.000 0.879 0.000
222.333333 223.333333  35.66 0.000  0.70 0.000 9.999 0.259000 0.26 0.000000 0.049 0.000  1.396 0.000  2.512 0.000 99.99 0.259000  13.434 0.000   8.038 0.000  5.395 0.000 0.028 0.000 0.322 0.000
225.333333 226.333333  24.58 0.000  0.94 0.000 9.999 0.259000 0.26 0.000000 0.108 0.000  1.371 0.000  2.468 0.000 99.99 0.259000  10.725 0.000   5.161 0.000  5.564 0.000 0.024 0.000 0.413 0.000
228.333333 229.333333  55.42 0.000  1.62 0.000 9.999 0.259000 0.53 0.000000 0.205 0.000  1.117 0.000  2.010 0.000 99.99 0.259000  14.315 0.000   6.744 0.000  7.570 0.000 0.030 0.000 0.981 0.000
231.333333 232.333333  34.08 0.000  0.80 0.000 9.999 0.259000 0.13 0.000000 0.052 0.000  1.092 0.000  1.966 0.000 99.99 0.259000  14.512 0.000   9.497 0.000  5.015 0.000 0.050 0.000 0.414 0.000
234.333333 235.333333  46.01 0.000  0.97 0.000 0.017 0.000000 0.32 0.000000 0.147 0.000  1.244 0.000  2.240 0.000 99.99 0.259000  19.703 0.000  12.760 0.000  7.089 0.000 0.046 0.000 0.563 0.000
237.333333 238.333333  46.82 0.000  1.08 0.000 0.010 0.000000 0.39 0.000000 0.067 0.000  0.870 0.000  1.567 0.000 99.99 0.259000  13.853 0.000   8.730 0.000  5.122 0.000 0.038 0.000 0.506 0.000
240.333333 241.333333  25.77 0.000  0.46 0.000 0.016 0.000000 0.21 0.000000 0.106 0.000  0.856 0.000  1.541 0.000 99.99 0.259000  12.712 0.000   8.393 0.000  4.319 0.000 0.024 0.000 0.291 0.000
243.333333 244.333333  62.54 0.000  1.30 0.000 0.029 0.000000 0.45 0.000000 0.165 0.000  1.001 0.000  1.802 0.000 99.99 0.259000  22.115 0.000  15.739 0.000  6.387 0.000 0.040 0.000 0.585 0.000
