scripts/IMPROVE-2019_partial/data/US0566R.19950104080000.20191216000000.filterpack...1y.3d.US03L_filterpack_US0566.US03L_IMPROVE_Davis.lev2.nas
51 1001
MISSING INFORMATION
US03L, IMPROVE, , , , , , , 
MISSING INFORMATION
IMPROVE sel_HTAP
1 1
1995 01 01 2019 12 16
0
days from file reference point
4
1 1 1 1
999.999999 999.999 999.999 9.999
end_time of measurement, days from the file reference point
pm10_mass, ug/m3, Matrix=pm10
pm25_mass, ug/m3, Matrix=pm25
numflag, no unit
0
33
Data definition:              EBAS_1.1
Set type code:                TI
Timezone:                     UTC
File name:                    US0566R.19950104080000.20191216000000.filterpack...1y.3d.US03L_filterpack_US0566.US03L_IMPROVE_Davis.lev2.nas
File creation:                20191218120242
Startdate:                    19950104080000
Revision date:                20191216000000
Version:                      2
Version description:          "Data extracted from http://views.cira.colostate.edu/fed/DataWizard 2019-12-16"
Statistics:                   arithmetic mean
Data level:                   2
Period code:                  1y
Resolution code:              3d
Sample duration:              1d
Orig. time res.:              3d
Station code:                 US0566R
Platform code:                US0566S
Station name:                 Pinnacles National Monument-Bear Valley (CA66)
Station latitude:             36.4834
Station longitude:            -121.157
Station altitude:             317.0 m
Regime:                       IMG
Component:                    
Unit:                         ug/m3
Matrix:                       
Laboratory code:              US03L
Instrument type:              filterpack
Instrument name:              filterpack_US0566
Method ref:                   US03L_IMPROVE_Davis
Blank correction:             Blank corrected
Volume std. temperature:      ambient
Volume std. pressure:         ambient
starttime endtime PM10 PM2.5 flag
  3.333333   4.333333   5.516   0.970 0.000
  6.333333   7.333333 999.999 999.999 0.999
 10.333333  11.333333  10.868   4.006 0.000
 13.333333  14.333333   9.101   1.787 0.000
 17.333333  18.333333   5.139   1.810 0.000
 20.333333  21.333333   8.519   2.546 0.000
 24.333333  25.333333   4.377   0.988 0.000
 27.333333  28.333333   5.097   2.099 0.000
 31.333333  32.333333   4.368   2.110 0.000
 34.333333  35.333333   9.923   5.370 0.000
 38.333333  39.333333   4.696   1.066 0.000
 41.333333  42.333333  13.374   9.439 0.000
 45.333333  46.333333   3.844   2.012 0.000
 48.333333  49.333333  15.676   9.614 0.000
 52.333333  53.333333  15.000  11.057 0.000
 55.333333  56.333333   9.336   5.542 0.000
 59.333333  60.333333  11.911   7.967 0.000
 62.333333  63.333333   4.027   2.023 0.000
 66.333333  67.333333  12.181   6.674 0.000
 69.333333  70.333333   4.560   1.745 0.000
 73.333333  74.333333   6.076   2.958 0.000
 76.333333  77.333333   9.419   5.466 0.000
 80.333333  81.333333   9.013   1.468 0.000
 83.333333  84.333333  11.411   7.743 0.000
 87.333333  88.333333   7.120   4.502 0.000
 90.333333  91.333333  20.693   8.916 0.000
 94.333333  95.333333  10.400   4.155 0.000
 97.333333  98.333333  17.036   5.002 0.000
101.333333 102.333333  13.852   6.914 0.000
104.333333 105.333333  11.111   4.916 0.000
108.333333 109.333333  12.309   5.231 0.000
111.333333 112.333333  11.600   7.310 0.000
115.333333 116.333333   8.512   4.191 0.000
118.333333 119.333333   6.827   1.431 0.000
122.333333 123.333333   6.944   2.958 0.000
125.333333 126.333333  12.993   5.169 0.000
129.333333 130.333333  11.051   3.799 0.000
132.333333 133.333333   3.878   1.389 0.000
136.333333 137.333333   7.314   3.110 0.000
139.333333 140.333333  15.947   8.279 0.000
143.333333 144.333333  10.769   5.053 0.000
146.333333 147.333333 999.999   8.813 0.000
150.333333 151.333333  17.800   6.156 0.000
153.333333 154.333333  17.507   5.489 0.000
157.333333 158.333333  14.283   5.862 0.000
160.333333 161.333333  14.855   5.782 0.000
164.333333 165.333333   8.197   3.243 0.000
167.333333 168.333333   8.041   4.904 0.000
171.333333 172.333333   7.668   3.942 0.000
174.333333 175.333333  22.109   8.811 0.000
178.333333 179.333333   8.720   3.382 0.000
181.333333 182.333333   8.535   4.559 0.000
185.333333 186.333333  11.752   5.370 0.000
188.333333 189.333333  18.839   5.358 0.000
192.333333 193.333333  11.089   3.187 0.000
195.333333 196.333333  21.721   8.139 0.000
199.333333 200.333333   8.853   5.245 0.000
202.333333 203.333333  11.826   4.747 0.000
206.333333 207.333333  20.544   7.058 0.000
209.333333 210.333333   9.926   3.908 0.000
213.333333 214.333333  21.372   7.933 0.000
216.333333 217.333333   8.082   2.976 0.000
220.333333 221.333333  32.071   8.275 0.000
223.333333 224.333333  22.806   6.263 0.000
227.333333 228.333333  15.818   6.210 0.000
230.333333 231.333333  21.451   7.958 0.000
234.333333 235.333333  24.265   8.145 0.000
237.333333 238.333333  20.997   8.681 0.000
241.333333 242.333333  17.960   7.313 0.000
244.333333 245.333333  13.530   4.753 0.000
248.333333 249.333333  16.627   5.512 0.000
251.333333 252.333333  14.325   5.294 0.000
255.333333 256.333333  15.934   7.805 0.000
258.333333 259.333333  17.478   6.173 0.000
262.333333 263.333333  25.122  10.187 0.000
265.333333 266.333333  20.299   7.626 0.000
269.333333 270.333333   8.621   2.678 0.000
272.333333 273.333333  13.131   4.048 0.000
276.333333 277.333333  26.223   9.590 0.000
279.333333 280.333333  38.803   9.187 0.000
283.333333 284.333333  18.104   6.913 0.000
286.333333 287.333333  26.700   8.390 0.000
290.333333 291.333333  24.856  10.071 0.000
293.333333 294.333333  22.823  12.704 0.000
297.333333 298.333333  21.728   6.848 0.000
300.333333 301.333333  28.459   9.768 0.000
304.333333 305.333333  13.254   6.621 0.000
307.333333 308.333333  20.290  14.311 0.000
311.333333 312.333333 999.999 999.999 0.999
314.333333 315.333333  22.404   9.638 0.000
318.333333 319.333333  12.232   4.651 0.000
321.333333 322.333333  10.768   3.645 0.000
325.333333 326.333333   9.640   5.658 0.000
328.333333 329.333333  13.485   7.429 0.000
332.333333 333.333333  12.132   3.762 0.000
335.333333 336.333333   9.771   4.059 0.000
339.333333 340.333333   8.026   4.361 0.000
342.333333 343.333333  10.188   4.641 0.000
346.333333 347.333333   7.949   1.888 0.000
349.333333 350.333333   7.321   3.540 0.000
353.333333 354.333333   8.200   6.326 0.000
356.333333 357.333333   9.356   3.250 0.000
360.333333 361.333333 999.999   5.576 0.000
363.333333 364.333333 999.999   0.992 0.000
