scripts/IMPROVE-2019_partial/data/US0596R.20120101080000.20191216000000.filterpack...52w.3d.US03L_filterpack_US0596.US03L_IMPROVE_Davis.lev2.nas
52 1001
MISSING INFORMATION
US03L, IMPROVE, , , , , , , 
MISSING INFORMATION
IMPROVE sel_HTAP
1 1
2012 01 01 2019 12 16
3.000000
days from file reference point
5
1 1 1 1 1
999.999999 9999.999 9.999 999.999 9.999
end_time of measurement, days from the file reference point
pm10_mass, ug/m3, Matrix=pm10
numflag pm10_mass, no unit, Matrix=pm10
pm25_mass, ug/m3, Matrix=pm25
numflag pm25_mass, no unit, Matrix=pm25
0
33
Data definition:              EBAS_1.1
Set type code:                TU
Timezone:                     UTC
File name:                    US0596R.20120101080000.20191216000000.filterpack...52w.3d.US03L_filterpack_US0596.US03L_IMPROVE_Davis.lev2.nas
File creation:                20191218120257
Startdate:                    20120101080000
Revision date:                20191216000000
Version:                      2
Version description:          "Data extracted from http://views.cira.colostate.edu/fed/DataWizard 2019-12-16"
Statistics:                   arithmetic mean
Data level:                   2
Period code:                  52w
Resolution code:              3d
Sample duration:              1d
Orig. time res.:              3d
Station code:                 US0596R
Platform code:                US0596S
Station name:                 Lassen Volcanic National Park-Manzanita Lake
Station latitude:             40.539
Station longitude:            -121.5772
Station altitude:             1754.0 m
Regime:                       IMG
Component:                    
Unit:                         ug/m3
Matrix:                       
Laboratory code:              US03L
Instrument type:              filterpack
Instrument name:              filterpack_US0596
Method ref:                   US03L_IMPROVE_Davis
Blank correction:             Blank corrected
Volume std. temperature:      ambient
Volume std. pressure:         ambient
starttime endtime PM10 flag_PM10 PM2.5 flag_PM2.5
  0.333333   1.333333    1.409 0.000   0.717 0.000
  3.333333   4.333333    0.993 0.000   0.564 0.000
  6.333333   7.333333    0.991 0.000   0.505 0.000
  9.333333  10.333333    1.546 0.000   0.932 0.000
 12.333333  13.333333    1.201 0.000   0.654 0.000
 15.333333  16.333333    0.745 0.000   0.474 0.000
 18.333333  19.333333    0.496 0.000   0.207 0.000
 21.333333  22.333333    1.652 0.000   0.503 0.000
 24.333333  25.333333   14.261 0.000  11.126 0.000
 27.333333  28.333333    1.247 0.000   0.680 0.000
 30.333333  31.333333    1.320 0.000   0.687 0.000
 33.333333  34.333333    1.415 0.000   0.839 0.000
 36.333333  37.333333    1.993 0.000   1.372 0.000
 39.333333  40.333333    2.151 0.000   1.198 0.000
 42.333333  43.333333    0.662 0.000   0.391 0.000
 45.333333  46.333333    0.825 0.000   0.237 0.000
 48.333333  49.333333    2.856 0.000   1.735 0.000
 51.333333  52.333333    1.689 0.000   0.542 0.000
 54.333333  55.333333    2.264 0.000   0.841 0.000
 57.333333  58.333333    2.260 0.000   1.216 0.000
 60.333333  61.333333    0.904 0.000   0.425 0.000
 63.333333  64.333333    5.517 0.000   2.142 0.000
 66.333333  67.333333    2.881 0.000   1.087 0.000
 69.333333  70.333333    8.085 0.000   3.818 0.000
 72.333333  73.333333    1.042 0.000   0.188 0.000
 75.333333  76.333333    0.939 0.000   0.395 0.000
 78.333333  79.333333    1.623 0.000   0.638 0.000
 81.333333  82.333333    1.736 0.000   0.697 0.000
 84.333333  85.333333    2.805 0.000   1.036 0.000
 87.333333  88.333333    8.571 0.000   2.293 0.000
 90.333333  91.333333    7.142 0.000   0.978 0.000
 93.333333  94.333333   11.488 0.000   1.878 0.000
 96.333333  97.333333    1.913 0.000   0.872 0.000
 99.333333 100.333333   24.249 0.000  12.669 0.000
102.333333 103.333333    7.316 0.000   0.882 0.000
105.333333 106.333333   11.149 0.000   1.898 0.000
108.333333 109.333333    3.326 0.000   1.769 0.000
111.333333 112.333333    3.695 0.000   2.240 0.000
114.333333 115.333333    5.176 0.000   2.462 0.000
117.333333 118.333333    3.028 0.000   1.737 0.000
120.333333 121.333333    8.667 0.000   4.120 0.000
123.333333 124.333333    2.581 0.000   1.242 0.000
126.333333 127.333333   10.368 0.000   5.260 0.000
129.333333 130.333333   12.588 0.000   4.914 0.000
132.333333 133.333333    6.210 0.000   3.705 0.000
135.333333 136.333333 9999.999 0.999 999.999 0.999
138.333333 139.333333    8.289 0.000   5.217 0.000
141.333333 142.333333    7.688 0.000   4.076 0.000
144.333333 145.333333    4.035 0.000   1.733 0.000
147.333333 148.333333 9999.999 0.999 999.999 0.999
150.333333 151.333333    6.379 0.000   4.393 0.000
153.333333 154.333333    6.253 0.000   2.694 0.000
156.333333 157.333333    1.154 0.000   0.429 0.000
159.333333 160.333333    2.848 0.000   1.423 0.000
162.333333 163.333333    7.683 0.000   1.917 0.000
165.333333 166.333333    6.219 0.000   2.260 0.000
168.333333 169.333333   12.697 0.000   2.374 0.000
171.333333 172.333333    7.675 0.000   1.778 0.000
174.333333 175.333333    5.101 0.000   0.796 0.000
177.333333 178.333333    5.136 0.000   1.047 0.000
180.333333 181.333333    6.714 0.000   2.445 0.000
183.333333 184.333333   10.204 0.000   2.740 0.000
186.333333 187.333333   11.443 0.000   3.836 0.000
189.333333 190.333333   10.883 0.000   4.729 0.000
192.333333 193.333333 9999.999 0.999 999.999 0.999
195.333333 196.333333   13.683 0.000   6.470 0.000
198.333333 199.333333   11.467 0.000   3.319 0.000
201.333333 202.333333    7.660 0.000   3.087 0.000
204.333333 205.333333    8.748 0.000   3.650 0.000
207.333333 208.333333   18.589 0.000   5.055 0.000
210.333333 211.333333   11.794 0.000   4.411 0.000
213.333333 214.333333   10.346 0.000   4.440 0.000
216.333333 217.333333   16.180 0.000  10.030 0.000
219.333333 220.333333   12.479 0.000   7.281 0.000
222.333333 223.333333 9999.999 0.699 999.999 0.699
225.333333 226.333333 9999.999 0.699 999.999 0.699
228.333333 229.333333   15.716 0.000   8.213 0.000
231.333333 232.333333  111.863 0.000  96.411 0.659
234.333333 235.333333 9999.999 0.999 999.999 0.999
237.333333 238.333333   13.072 0.000   6.230 0.000
240.333333 241.333333    5.325 0.000   2.649 0.000
243.333333 244.333333   12.547 0.000   5.637 0.000
246.333333 247.333333   15.311 0.000   9.334 0.000
249.333333 250.333333   12.249 0.000   4.467 0.000
252.333333 253.333333    6.260 0.000   2.829 0.000
255.333333 256.333333    9.329 0.000   4.427 0.000
258.333333 259.333333    8.032 0.000   2.809 0.000
261.333333 262.333333    9.917 0.000   4.000 0.000
264.333333 265.333333    8.871 0.000   2.717 0.000
267.333333 268.333333    7.706 0.000   3.219 0.000
270.333333 271.333333   13.716 0.000   6.618 0.000
273.333333 274.333333    7.560 0.000   3.263 0.000
276.333333 277.333333   10.265 0.000   4.106 0.000
279.333333 280.333333    6.855 0.000   3.000 0.000
282.333333 283.333333    7.720 0.000   3.229 0.000
285.333333 286.333333    9.013 0.000   4.359 0.000
288.333333 289.333333    6.548 0.000   1.696 0.000
291.333333 292.333333    7.576 0.000   2.241 0.000
294.333333 295.333333    8.170 0.000   3.183 0.000
297.333333 298.333333    0.377 0.000   0.333 0.000
300.333333 301.333333    0.824 0.000   0.569 0.000
303.333333 304.333333    2.005 0.000   1.195 0.000
306.333333 307.333333    1.536 0.000   1.063 0.000
309.333333 310.333333    1.272 0.000   0.778 0.000
312.333333 313.333333    4.143 0.000   2.572 0.000
315.333333 316.333333    1.927 0.000   1.322 0.000
318.333333 319.333333    1.654 0.000   1.169 0.000
321.333333 322.333333    0.250 0.000   0.091 0.000
324.333333 325.333333    0.472 0.000   0.247 0.000
327.333333 328.333333    1.076 0.000   0.386 0.000
330.333333 331.333333    2.781 0.000   1.587 0.000
333.333333 334.333333    1.050 0.000   0.361 0.000
336.333333 337.333333 9999.999 0.999 999.999 0.999
339.333333 340.333333    0.708 0.000   0.476 0.000
342.333333 343.333333    1.583 0.000   1.108 0.000
345.333333 346.333333    3.346 0.000   1.776 0.000
348.333333 349.333333    1.054 0.000   0.848 0.000
351.333333 352.333333    0.627 0.000   0.394 0.000
354.333333 355.333333    1.429 0.000   0.421 0.000
357.333333 358.333333 9999.999 0.999 999.999 0.999
360.333333 361.333333 9999.999 0.999 999.999 0.999
363.333333 364.333333    0.838 0.000   0.453 0.000
