scripts/IMPROVE-2019_partial/data/US0596R.19960103080000.20191216000000.filterpack...1y.3d.US03L_filterpack_US0596.US03L_IMPROVE_Davis.lev2.nas
52 1001
MISSING INFORMATION
US03L, IMPROVE, , , , , , , 
MISSING INFORMATION
IMPROVE sel_HTAP
1 1
1996 01 01 2019 12 16
0
days from file reference point
5
1 1 1 1 1
999.999999 999.999 9.999 999.999 9.999
end_time of measurement, days from the file reference point
pm10_mass, ug/m3, Matrix=pm10
numflag pm10_mass, no unit, Matrix=pm10
pm25_mass, ug/m3, Matrix=pm25
numflag pm25_mass, no unit, Matrix=pm25
0
33
Data definition:              EBAS_1.1
Set type code:                TI
Timezone:                     UTC
File name:                    US0596R.19960103080000.20191216000000.filterpack...1y.3d.US03L_filterpack_US0596.US03L_IMPROVE_Davis.lev2.nas
File creation:                20191218120255
Startdate:                    19960103080000
Revision date:                20191216000000
Version:                      2
Version description:          "Data extracted from http://views.cira.colostate.edu/fed/DataWizard 2019-12-16"
Statistics:                   arithmetic mean
Data level:                   2
Period code:                  1y
Resolution code:              3d
Sample duration:              1d
Orig. time res.:              3d
Station code:                 US0596R
Platform code:                US0596S
Station name:                 Lassen Volcanic National Park-Manzanita Lake
Station latitude:             40.539
Station longitude:            -121.5772
Station altitude:             1754.0 m
Regime:                       IMG
Component:                    
Unit:                         ug/m3
Matrix:                       
Laboratory code:              US03L
Instrument type:              filterpack
Instrument name:              filterpack_US0596
Method ref:                   US03L_IMPROVE_Davis
Blank correction:             Blank corrected
Volume std. temperature:      ambient
Volume std. pressure:         ambient
starttime endtime PM10 flag_PM10 PM2.5 flag_PM2.5
  2.333333   3.333333 999.999 0.999 999.999 0.999
  5.333333   6.333333 999.999 0.999 999.999 0.999
  9.333333  10.333333   0.799 0.000   0.473 0.000
 12.333333  13.333333   1.806 0.000   1.042 0.000
 16.333333  17.333333   0.427 0.000   0.386 0.000
 19.333333  20.333333 999.999 0.999   1.133 0.000
 23.333333  24.333333   0.567 0.000 999.999 0.259
 26.333333  27.333333   0.449 0.000   0.317 0.000
 30.333333  31.333333   0.449 0.000 999.999 0.999
 33.333333  34.333333   1.881 0.000   1.189 0.000
 37.333333  38.333333   4.989 0.000   1.482 0.000
 40.333333  41.333333   2.326 0.000   1.296 0.000
 44.333333  45.333333   1.675 0.000   1.216 0.000
 47.333333  48.333333   1.291 0.000   0.988 0.000
 51.333333  52.333333 999.999 0.999 999.999 0.999
 54.333333  55.333333   6.407 0.000   0.681 0.000
 58.333333  59.333333   0.534 0.000   0.320 0.000
 61.333333  62.333333   0.926 0.000   1.184 0.000
 65.333333  66.333333   1.187 0.000   0.707 0.000
 68.333333  69.333333   2.516 0.000   1.543 0.000
 72.333333  73.333333   2.004 0.000   1.477 0.000
 75.333333  76.333333   3.593 0.000   1.540 0.000
 79.333333  80.333333   5.675 0.000   5.071 0.000
 82.333333  83.333333   1.516 0.000   1.173 0.000
 86.333333  87.333333 999.999 0.999 999.999 0.999
 89.333333  90.333333   5.006 0.000   4.102 0.000
 93.333333  94.333333   4.789 0.000   2.294 0.000
 96.333333  97.333333  12.708 0.000   3.205 0.000
100.333333 101.333333   2.443 0.000   1.871 0.000
103.333333 104.333333   2.164 0.000   2.093 0.000
107.333333 108.333333   1.315 0.000   0.895 0.000
110.333333 111.333333   4.289 0.000   1.265 0.000
114.333333 115.333333   1.661 0.000 999.999 0.999
117.333333 118.333333   4.818 0.000   4.344 0.000
121.333333 122.333333   4.091 0.000   2.803 0.000
124.333333 125.333333  11.655 0.000   8.372 0.000
128.333333 129.333333  11.146 0.000   7.745 0.000
131.333333 132.333333   2.639 0.000   2.166 0.000
135.333333 136.333333 999.999 0.999 999.999 0.999
138.333333 139.333333   4.607 0.000   1.251 0.000
142.333333 143.333333   3.591 0.000   2.666 0.000
145.333333 146.333333   3.354 0.000   2.901 0.000
149.333333 150.333333   8.681 0.000   6.481 0.000
152.333333 153.333333   6.911 0.000   4.405 0.000
156.333333 157.333333 999.999 0.999 999.999 0.999
159.333333 160.333333   7.941 0.000   5.843 0.000
163.333333 164.333333   7.246 0.000   5.193 0.000
166.333333 167.333333  11.280 0.000   6.729 0.000
170.333333 171.333333   4.227 0.000   2.909 0.000
173.333333 174.333333   4.111 0.000   3.276 0.000
177.333333 178.333333   7.374 0.000   2.539 0.000
180.333333 181.333333   7.473 0.000   3.305 0.000
184.333333 185.333333   4.750 0.000   3.182 0.000
187.333333 188.333333   4.946 0.000   3.760 0.000
191.333333 192.333333 999.999 0.999   7.590 0.000
194.333333 195.333333   7.306 0.000   6.514 0.000
198.333333 199.333333   7.526 0.000   5.652 0.000
201.333333 202.333333   3.618 0.000   2.454 0.000
205.333333 206.333333   8.069 0.000   4.222 0.000
208.333333 209.333333  12.371 0.000   6.582 0.000
212.333333 213.333333   5.549 0.000   3.689 0.000
215.333333 216.333333   4.984 0.000   3.687 0.000
219.333333 220.333333   5.934 0.000   4.046 0.000
222.333333 223.333333  11.709 0.000   4.449 0.000
226.333333 227.333333  10.129 0.000   7.986 0.000
229.333333 230.333333   8.706 0.000   6.100 0.000
233.333333 234.333333   8.510 0.000   6.692 0.000
236.333333 237.333333  15.195 0.000  12.939 0.000
240.333333 241.333333   9.213 0.000   7.323 0.000
243.333333 244.333333   6.154 0.000   3.222 0.000
247.333333 248.333333   7.455 0.000   3.991 0.000
250.333333 251.333333  14.876 0.000   2.734 0.000
254.333333 255.333333  11.145 0.000   5.436 0.000
257.333333 258.333333   3.049 0.000   2.033 0.000
261.333333 262.333333   8.059 0.000   1.099 0.000
264.333333 265.333333   5.846 0.000   2.394 0.000
268.333333 269.333333   3.472 0.000   2.246 0.000
271.333333 272.333333   2.040 0.000   1.418 0.000
275.333333 276.333333 999.999 0.999 999.999 0.999
278.333333 279.333333   2.728 0.000   3.051 0.000
282.333333 283.333333 999.999 0.999   4.791 0.000
285.333333 286.333333   6.181 0.000   3.684 0.000
289.333333 290.333333   2.815 0.000   1.858 0.000
292.333333 293.333333   6.006 0.000   0.932 0.000
296.333333 297.333333   1.973 0.000   1.413 0.000
299.333333 300.333333   3.188 0.000   2.573 0.000
303.333333 304.333333   5.668 0.000   2.193 0.000
306.333333 307.333333   6.719 0.000   1.905 0.000
310.333333 311.333333   5.805 0.000   4.314 0.000
313.333333 314.333333   1.617 0.000   1.148 0.000
317.333333 318.333333   3.639 0.000   3.198 0.000
320.333333 321.333333   7.282 0.000   5.494 0.000
324.333333 325.333333   1.263 0.000 999.999 0.999
327.333333 328.333333   2.340 0.000   1.005 0.000
331.333333 332.333333   3.679 0.000   0.430 0.000
334.333333 335.333333   2.215 0.000   0.364 0.000
338.333333 339.333333   0.380 0.000   0.498 0.000
341.333333 342.333333   0.759 0.000 999.999 0.999
345.333333 346.333333   1.426 0.000   0.335 0.000
348.333333 349.333333   1.839 0.000   0.362 0.000
352.333333 353.333333   0.751 0.000   0.518 0.000
355.333333 356.333333 999.999 0.999 999.999 0.999
359.333333 360.333333   0.977 0.000   0.440 0.000
362.333333 363.333333   2.778 0.000 999.999 0.999
