scripts/IMPROVE-2019_partial/data/US0566R.19960103080000.20191216000000.filterpack...1y.3d.US03L_filterpack_US0566.US03L_IMPROVE_Davis.lev2.nas
51 1001
MISSING INFORMATION
US03L, IMPROVE, , , , , , , 
MISSING INFORMATION
IMPROVE sel_HTAP
1 1
1996 01 01 2019 12 16
0
days from file reference point
4
1 1 1 1
999.999999 999.999 999.999 9.999
end_time of measurement, days from the file reference point
pm10_mass, ug/m3, Matrix=pm10
pm25_mass, ug/m3, Matrix=pm25
numflag, no unit
0
33
Data definition:              EBAS_1.1
Set type code:                TI
Timezone:                     UTC
File name:                    US0566R.19960103080000.20191216000000.filterpack...1y.3d.US03L_filterpack_US0566.US03L_IMPROVE_Davis.lev2.nas
File creation:                20191218120243
Startdate:                    19960103080000
Revision date:                20191216000000
Version:                      2
Version description:          "Data extracted from http://views.cira.colostate.edu/fed/DataWizard 2019-12-16"
Statistics:                   arithmetic mean
Data level:                   2
Period code:                  1y
Resolution code:              3d
Sample duration:              1d
Orig. time res.:              3d
Station code:                 US0566R
Platform code:                US0566S
Station name:                 Pinnacles National Monument-Bear Valley (CA66)
Station latitude:             36.4834
Station longitude:            -121.157
Station altitude:             317.0 m
Regime:                       IMG
Component:                    
Unit:                         ug/m3
Matrix:                       
Laboratory code:              US03L
Instrument type:              filterpack
Instrument name:              filterpack_US0566
Method ref:                   US03L_IMPROVE_Davis
Blank correction:             Blank corrected
Volume std. temperature:      ambient
Volume std. pressure:         ambient
starttime endtime PM10 PM2.5 flag
  2.333333   3.333333   6.944   3.390 0.000
  5.333333   6.333333   6.287   4.081 0.000
  9.333333  10.333333   5.095   3.050 0.000
 12.333333  13.333333  12.475   8.713 0.000
 16.333333  17.333333 999.999 999.999 0.999
 19.333333  20.333333 999.999 999.999 0.999
 23.333333  24.333333   4.303   1.652 0.000
 26.333333  27.333333   5.302   1.683 0.000
 30.333333  31.333333   6.272   1.122 0.000
 33.333333  34.333333   4.742   2.163 0.000
 37.333333  38.333333   9.175   4.411 0.000
 40.333333  41.333333  11.383   4.351 0.000
 44.333333  45.333333  18.122   6.670 0.000
 47.333333  48.333333   9.708   5.696 0.000
 51.333333  52.333333   2.875   0.857 0.000
 54.333333  55.333333   3.887   1.560 0.000
 58.333333  59.333333   4.834   1.316 0.000
 61.333333  62.333333  10.132   2.870 0.000
 65.333333  66.333333   3.233   1.323 0.000
 68.333333  69.333333   9.308   5.627 0.000
 72.333333  73.333333   7.579   2.582 0.000
 75.333333  76.333333  13.501   7.393 0.000
 79.333333  80.333333  12.897   6.855 0.000
 82.333333  83.333333   8.858   6.069 0.000
 86.333333  87.333333   7.888   2.386 0.000
 89.333333  90.333333  11.155   5.777 0.000
 93.333333  94.333333   8.699   3.742 0.000
 96.333333  97.333333  15.950   9.571 0.000
100.333333 101.333333  10.712   3.533 0.000
103.333333 104.333333  14.431   6.142 0.000
107.333333 108.333333   8.929   3.664 0.000
110.333333 111.333333   8.558   4.808 0.000
114.333333 115.333333  12.275   4.580 0.000
117.333333 118.333333  19.711   9.279 0.000
121.333333 122.333333  11.930   5.388 0.000
124.333333 125.333333  18.135  11.130 0.000
128.333333 129.333333  14.032   3.502 0.000
131.333333 132.333333  25.165  15.678 0.000
135.333333 136.333333   3.670   1.128 0.000
138.333333 139.333333  10.399   4.378 0.000
142.333333 143.333333  11.411   3.502 0.000
145.333333 146.333333  15.226   7.889 0.000
149.333333 150.333333  10.716   6.944 0.000
152.333333 153.333333  12.005   5.961 0.000
156.333333 157.333333  17.755   8.156 0.000
159.333333 160.333333  20.115   7.535 0.000
163.333333 164.333333  16.145   7.915 0.000
166.333333 167.333333  17.658   8.399 0.000
170.333333 171.333333 999.999 999.999 0.999
173.333333 174.333333 999.999 999.999 0.999
177.333333 178.333333   6.104   3.205 0.000
180.333333 181.333333  13.368   5.282 0.000
184.333333 185.333333  14.033   3.716 0.000
187.333333 188.333333  17.590   7.885 0.000
191.333333 192.333333  15.004   5.441 0.000
194.333333 195.333333  13.602   5.857 0.000
198.333333 199.333333  13.360   5.179 0.000
201.333333 202.333333  13.034   5.408 0.000
205.333333 206.333333   8.450   4.318 0.000
208.333333 209.333333  15.497   7.443 0.000
212.333333 213.333333 999.999 999.999 0.999
215.333333 216.333333  11.168   4.780 0.000
219.333333 220.333333  18.212   7.642 0.000
222.333333 223.333333  15.617   6.233 0.000
226.333333 227.333333  17.535   5.172 0.000
229.333333 230.333333  18.977   6.150 0.000
233.333333 234.333333  19.712  10.688 0.000
236.333333 237.333333  16.645   8.658 0.000
240.333333 241.333333  16.129   6.259 0.000
243.333333 244.333333  11.377   4.154 0.000
247.333333 248.333333  13.777   4.383 0.000
250.333333 251.333333  17.286   4.444 0.000
254.333333 255.333333  13.546   4.712 0.000
257.333333 258.333333   6.983   2.896 0.000
261.333333 262.333333  12.239   5.130 0.000
264.333333 265.333333  19.088   5.761 0.000
268.333333 269.333333  28.509   8.833 0.000
271.333333 272.333333  27.010  11.372 0.000
275.333333 276.333333  13.701   3.858 0.000
278.333333 279.333333  16.865   7.006 0.000
282.333333 283.333333  26.271   9.259 0.000
285.333333 286.333333  14.361   4.008 0.000
289.333333 290.333333 999.999 999.999 0.999
292.333333 293.333333  16.451   3.658 0.000
296.333333 297.333333  19.780   4.735 0.000
299.333333 300.333333  23.291   7.292 0.000
303.333333 304.333333   4.911   1.314 0.000
306.333333 307.333333  10.550   8.435 0.000
310.333333 311.333333  10.360   6.787 0.000
313.333333 314.333333   9.980   6.755 0.000
317.333333 318.333333  11.336   7.037 0.000
320.333333 321.333333   8.108   2.108 0.000
324.333333 325.333333   4.692   0.810 0.000
327.333333 328.333333   9.147   3.586 0.000
331.333333 332.333333   6.401   3.631 0.000
334.333333 335.333333  10.858   5.543 0.000
338.333333 339.333333   6.407   4.030 0.000
341.333333 342.333333   6.753   3.253 0.000
345.333333 346.333333   5.037   3.007 0.000
348.333333 349.333333   8.165   1.953 0.000
352.333333 353.333333   9.577   3.317 0.000
355.333333 356.333333   9.969   3.426 0.000
359.333333 360.333333   3.930   2.241 0.000
362.333333 363.333333   5.800   3.188 0.000
