scripts/IMPROVE-2019_partial/data/US0566R.20160101080000.20191216000000.filterpack...52w.3d.US03L_filterpack_US0566.US03L_IMPROVE_Davis.lev2.nas
51 1001
MISSING INFORMATION
US03L, IMPROVE, , , , , , , 
MISSING INFORMATION
IMPROVE sel_HTAP
1 1
2016 01 01 2019 12 16
3.000000
days from file reference point
4
1 1 1 1
999.999999 999.999 999.999 9.999
end_time of measurement, days from the file reference point
pm10_mass, ug/m3, Matrix=pm10
pm25_mass, ug/m3, Matrix=pm25
numflag, no unit
0
33
Data definition:              EBAS_1.1
Set type code:                TU
Timezone:                     UTC
File name:                    US0566R.20160101080000.20191216000000.filterpack...52w.3d.US03L_filterpack_US0566.US03L_IMPROVE_Davis.lev2.nas
File creation:                20191218120245
Startdate:                    20160101080000
Revision date:                20191216000000
Version:                      2
Version description:          "Data extracted from http://views.cira.colostate.edu/fed/DataWizard 2019-12-16"
Statistics:                   arithmetic mean
Data level:                   2
Period code:                  52w
Resolution code:              3d
Sample duration:              1d
Orig. time res.:              3d
Station code:                 US0566R
Platform code:                US0566S
Station name:                 Pinnacles National Monument-Bear Valley (CA66)
Station latitude:             36.4834
Station longitude:            -121.157
Station altitude:             317.0 m
Regime:                       IMG
Component:                    
Unit:                         ug/m3
Matrix:                       
Laboratory code:              US03L
Instrument type:              filterpack
Instrument name:              filterpack_US0566
Method ref:                   US03L_IMPROVE_Davis
Blank correction:             Blank corrected
Volume std. temperature:      ambient
Volume std. pressure:         ambient
starttime endtime PM10 PM2.5 flag
  0.333333   1.333333  14.220  11.838 0.000
  3.333333   4.333333   5.577   2.577 0.000
  6.333333   7.333333   2.704   0.880 0.000
  9.333333  10.333333   3.831   1.572 0.000
 12.333333  13.333333   7.940   2.731 0.000
 15.333333  16.333333   8.071   4.864 0.000
 18.333333  19.333333   5.420   1.625 0.000
 21.333333  22.333333   3.897   1.843 0.000
 24.333333  25.333333   4.819   1.809 0.000
 27.333333  28.333333   4.405   2.260 0.000
 30.333333  31.333333   5.172   2.071 0.000
 33.333333  34.333333   3.609   1.932 0.000
 36.333333  37.333333   5.605   3.787 0.000
 39.333333  40.333333   6.957   2.999 0.000
 42.333333  43.333333  11.174   5.471 0.000
 45.333333  46.333333   4.267   2.590 0.000
 48.333333  49.333333   4.913   2.255 0.000
 51.333333  52.333333   5.982   2.988 0.000
 54.333333  55.333333   8.421   3.915 0.000
 57.333333  58.333333   7.811   4.609 0.000
 60.333333  61.333333   7.065   2.336 0.000
 63.333333  64.333333   5.004   1.913 0.000
 66.333333  67.333333   2.655   1.257 0.000
 69.333333  70.333333   6.609   2.847 0.000
 72.333333  73.333333   5.893   2.303 0.000
 75.333333  76.333333   8.829   4.297 0.000
 78.333333  79.333333   7.960   4.675 0.000
 81.333333  82.333333   9.230   3.511 0.000
 84.333333  85.333333  10.404   5.920 0.000
 87.333333  88.333333  15.445   5.133 0.000
 90.333333  91.333333  13.748   4.701 0.000
 93.333333  94.333333  12.405   5.174 0.000
 96.333333  97.333333  12.293   4.437 0.000
 99.333333 100.333333   5.803   2.640 0.000
102.333333 103.333333   8.677   3.288 0.000
105.333333 106.333333  12.660   5.358 0.000
108.333333 109.333333   9.009   3.208 0.000
111.333333 112.333333   7.906   2.244 0.000
114.333333 115.333333  13.037   4.288 0.000
117.333333 118.333333  11.823   4.402 0.000
120.333333 121.333333  15.548   5.849 0.000
123.333333 124.333333  16.138   6.308 0.000
126.333333 127.333333   8.489   4.082 0.000
129.333333 130.333333   8.296   3.404 0.000
132.333333 133.333333  15.514   4.842 0.000
135.333333 136.333333   8.025   2.244 0.000
138.333333 139.333333  10.302   3.906 0.000
141.333333 142.333333   7.043   3.360 0.000
144.333333 145.333333   3.429   1.032 0.000
147.333333 148.333333  12.507   5.101 0.000
150.333333 151.333333  14.104   6.727 0.000
153.333333 154.333333  13.766   4.508 0.000
156.333333 157.333333  12.898   5.463 0.000
159.333333 160.333333  10.430   3.617 0.000
162.333333 163.333333  16.142   4.761 0.000
165.333333 166.333333  10.129   3.222 0.000
168.333333 169.333333   6.309   1.372 0.000
171.333333 172.333333  11.697   3.353 0.000
174.333333 175.333333  14.460   3.778 0.000
177.333333 178.333333  11.926   4.410 0.000
180.333333 181.333333  17.250   5.616 0.000
183.333333 184.333333  16.345   5.801 0.000
186.333333 187.333333   9.723   2.962 0.000
189.333333 190.333333   9.409   2.446 0.000
192.333333 193.333333  11.658   3.451 0.000
195.333333 196.333333  16.965   5.399 0.000
198.333333 199.333333   9.971   3.407 0.000
201.333333 202.333333  14.330   3.372 0.000
204.333333 205.333333  12.574   3.698 0.000
207.333333 208.333333  33.893  22.043 0.000
210.333333 211.333333  22.148  11.817 0.000
213.333333 214.333333  14.951   7.610 0.000
216.333333 217.333333  20.145  10.040 0.000
219.333333 220.333333  11.869   5.333 0.000
222.333333 223.333333  17.616  10.761 0.000
225.333333 226.333333  22.231   9.708 0.000
228.333333 229.333333  15.305   5.508 0.000
231.333333 232.333333  28.057  17.674 0.000
234.333333 235.333333  14.196   5.236 0.000
237.333333 238.333333  13.614   4.566 0.000
240.333333 241.333333  18.971   7.248 0.000
243.333333 244.333333  10.431   2.837 0.000
246.333333 247.333333  12.791   4.732 0.000
249.333333 250.333333  20.336   9.984 0.000
252.333333 253.333333  19.597   8.305 0.000
255.333333 256.333333  13.977   5.550 0.000
258.333333 259.333333  19.305   6.504 0.000
261.333333 262.333333  16.326   5.797 0.000
264.333333 265.333333  19.287   6.819 0.000
267.333333 268.333333  12.847   2.965 0.000
270.333333 271.333333  15.195   4.546 0.000
273.333333 274.333333  19.244   6.732 0.000
276.333333 277.333333   7.589   2.085 0.000
279.333333 280.333333  10.376   2.696 0.000
282.333333 283.333333  17.063   3.720 0.000
285.333333 286.333333  16.088   3.994 0.000
288.333333 289.333333   4.699   0.985 0.000
291.333333 292.333333  12.301   4.948 0.000
294.333333 295.333333   9.925   3.862 0.000
297.333333 298.333333   9.714   3.889 0.000
300.333333 301.333333   6.642   2.160 0.000
303.333333 304.333333   4.681   1.197 0.000
306.333333 307.333333   6.150   2.634 0.000
309.333333 310.333333  10.985   6.369 0.000
312.333333 313.333333   8.356   4.286 0.000
315.333333 316.333333  16.374   8.804 0.000
318.333333 319.333333  10.025   5.857 0.000
321.333333 322.333333   5.578   2.312 0.000
324.333333 325.333333   4.107   1.203 0.000
327.333333 328.333333   9.002   4.743 0.000
330.333333 331.333333   3.876   1.811 0.000
333.333333 334.333333   5.027   2.030 0.000
336.333333 337.333333   6.742   3.725 0.000
339.333333 340.333333   6.665   3.505 0.000
342.333333 343.333333   2.272   0.919 0.000
345.333333 346.333333   6.120   1.937 0.000
348.333333 349.333333   4.342   1.499 0.000
351.333333 352.333333   4.754   2.793 0.000
354.333333 355.333333   3.632   2.369 0.000
357.333333 358.333333   3.941   2.174 0.000
360.333333 361.333333   5.061   3.714 0.000
363.333333 364.333333   5.900   3.609 0.000
