scripts/IMPROVE-2019_partial/data/US0567R.20050101080000.20191216000000.filterpack..pm25.52w.1w.US03L_filterpack_US0567.US03L_IMPROVE_Davis.lev2.nas
64 1001
MISSING INFORMATION
US03L, IMPROVE, , , , , , , 
MISSING INFORMATION
IMPROVE sel_HTAP
1 1
2005 01 01 2019 12 16
3.000000
days from file reference point
25
1 1 1 1 1 1 1 1 1 1 1 1 1 1 1 1 1 1 1 1 1 1 1 1 1
999.999999 9999.99 9.999 99.99 9.999 9.999 9.999999 9.99 9.999999 99.999 9.999 99.999 9.999 99.999 9.999 999.999 9.999 999.999 9.999 999.999 9.999 9.999 9.999 99.999 9.999
end_time of measurement, days from the file reference point
iron, ng/m3, Revision date=20181210133000
numflag iron, no unit, Revision date=20181210133000
lead, ng/m3, Revision date=20181210133000
numflag lead, no unit, Revision date=20181210133000
magnesium, ug/m3, Revision date=20181210133000
numflag magnesium, no unit, Revision date=20181210133000
nickel, ng/m3, Revision date=20181210133000
numflag nickel, no unit, Revision date=20181210133000
nitrate, ug N/m3, Revision date=20181210133000
numflag nitrate, no unit, Revision date=20181210133000
organic_carbon, ug C/m3, Revision date=20181210133000
numflag organic_carbon, no unit, Revision date=20181210133000
organic_mass, ug/m3, Revision date=20181210133000
numflag organic_mass, no unit, Revision date=20181210133000
pm10_mass, ug/m3, Version=2, Version description=Data extracted from http://views.cira.colostate.edu/fed/DataWizard 2019-12-16, Sample duration=1d, Orig. time res.=3d, Matrix=pm10, Blank correction=Blank corrected, Volume std. temperature=ambient, Volume std. pressure=ambient
numflag pm10_mass, no unit, Version=2, Version description=Data extracted from http://views.cira.colostate.edu/fed/DataWizard 2019-12-16, Sample duration=1d, Orig. time res.=3d, Matrix=pm10, Blank correction=Blank corrected, Volume std. temperature=ambient, Volume std. pressure=ambient
pm10_pm25_mass, ug/m3, Revision date=20181210133000, Matrix=pm10_pm25
numflag pm10_pm25_mass, no unit, Revision date=20181210133000, Matrix=pm10_pm25
pm25_mass, ug/m3, Version=2, Version description=Data extracted from http://views.cira.colostate.edu/fed/DataWizard 2019-12-16, Sample duration=1d, Orig. time res.=3d, Blank correction=Blank corrected, Volume std. temperature=ambient, Volume std. pressure=ambient
numflag pm25_mass, no unit, Version=2, Version description=Data extracted from http://views.cira.colostate.edu/fed/DataWizard 2019-12-16, Sample duration=1d, Orig. time res.=3d, Blank correction=Blank corrected, Volume std. temperature=ambient, Volume std. pressure=ambient
potassium, ug/m3, Revision date=20181210133000
numflag potassium, no unit, Revision date=20181210133000
sulphate_total, ug S/m3, Revision date=20181210133000
numflag sulphate_total, no unit, Revision date=20181210133000
0
25
Data definition:              EBAS_1.1
Set type code:                TU
Timezone:                     UTC
File name:                    US0567R.20050101080000.20191216000000.filterpack..pm25.52w.1w.US03L_filterpack_US0567.US03L_IMPROVE_Davis.lev2.nas
File creation:                20191218120250
Startdate:                    20050101080000
Revision date:                20191216000000
Statistics:                   arithmetic mean
Data level:                   2
Period code:                  52w
Resolution code:              1w
Station code:                 US0567R
Platform code:                US0567S
Station name:                 Joshua Tree National Park-Black Rock
Station latitude:             34.0695
Station longitude:            -116.3889
Station altitude:             1239.0 m
Regime:                       IMG
Component:                    
Matrix:                       pm25
Laboratory code:              US03L
Instrument type:              filterpack
Instrument name:              filterpack_US0567
Method ref:                   US03L_IMPROVE_Davis
starttime endtime Fe flag_Fe Pb flag_Pb Mg++ flag_Mg++ Ni flag_Ni NO3- flag_NO3- OC flag_OC OM flag_OM PM10 flag_PM10 PM10-PM2.5 flag_PM10-PM2.5 PM2.5 flag_PM2.5 K+ flag_K+ SO4-- flag_SO4--
[from data line 88]
264.333333 265.333333   26.67 0.000  1.13 0.000 9.999 0.259000 0.09 0.000000  0.056 0.000  0.651 0.000  1.171 0.000   5.648 0.000   3.034 0.000   2.613 0.000 0.017 0.000  0.249 0.000
267.333333 268.333333   27.58 0.000  1.09 0.000 9.999 0.259000 0.18 0.000000  0.088 0.000  0.287 0.000  0.517 0.000   5.797 0.000   3.256 0.000   2.540 0.000 0.019 0.000  0.242 0.000
270.333333 271.333333   41.16 0.000  0.68 0.000 9.999 0.259000 9.99 0.259000  0.024 0.000  0.453 0.000  0.816 0.000   8.314 0.000   6.081 0.000   2.232 0.000 0.024 0.000  0.160 0.000
273.333333 274.333333   66.42 0.000  2.12 0.000 0.012 0.000000 0.67 0.000000  0.235 0.000  2.654 0.000  4.778 0.000  15.341 0.000   7.262 0.000   8.076 0.000 0.067 0.000  0.540 0.000
276.333333 277.333333   43.89 0.000  0.43 0.000 9.999 0.259000 9.99 0.259000  0.048 0.000  0.225 0.000  0.404 0.000   9.301 0.000   7.373 0.000   2.010 0.000 0.032 0.000  0.148 0.000
279.333333 280.333333   65.75 0.000  0.97 0.000 0.014 0.000000 9.99 0.259000  0.078 0.000  0.979 0.000  1.761 0.000  11.157 0.000   7.353 0.000   3.802 0.000 0.089 0.000  0.168 0.000
282.333333 283.333333   27.40 0.000  0.32 0.000 9.999 0.259000 9.99 0.259000  0.019 0.000  0.449 0.000  0.808 0.000   7.660 0.000   6.178 0.000   1.482 0.000 0.018 0.000  0.094 0.000
285.333333 286.333333   57.82 0.000  0.43 0.000 0.020 0.000000 9.99 0.259000  0.022 0.000  0.317 0.000  0.570 0.000   7.685 0.000   4.899 0.000   2.786 0.000 0.030 0.000  0.177 0.000
288.333333 289.333333   26.67 0.000  0.67 0.000 0.018 0.000000 0.46 0.000000  0.094 0.000  0.695 0.000  1.251 0.000   7.903 0.000   4.214 0.000   3.688 0.000 0.032 0.000  0.416 0.000
291.333333 292.333333   10.61 0.000  0.33 0.000 9.999 0.259000 9.99 0.259000  0.073 0.000  0.810 0.000  1.458 0.000   3.756 0.000   1.620 0.000   2.136 0.000 0.008 0.000  0.111 0.000
294.333333 295.333333   11.03 0.000  0.48 0.000 0.009 0.000000 9.99 0.259000  0.021 0.000  1.047 0.000  1.884 0.000   5.037 0.000   1.698 0.000   3.337 0.000 0.011 0.000  0.188 0.000
297.333333 298.333333   30.27 0.000  2.32 0.000 9.999 0.259000 0.54 0.000000  0.403 0.000  1.236 0.000  2.225 0.000  11.320 0.000   4.936 0.000   6.439 0.000 0.029 0.000  0.722 0.000
300.333333 301.333333   30.11 0.000  0.61 0.000 9.999 0.259000 0.28 0.000000  0.153 0.000  0.486 0.000  0.875 0.000   5.869 0.000   2.940 0.000   2.928 0.000 0.015 0.000  0.321 0.000
303.333333 304.333333   49.63 0.000  1.93 0.000 9.999 0.259000 0.21 0.000000  0.035 0.000  0.580 0.000  1.043 0.000   7.956 0.000   3.617 0.000   4.338 0.000 0.044 0.000  0.452 0.000
306.333333 307.333333   57.06 0.000  1.27 0.000 9.999 0.259000 0.48 0.000000  0.225 0.000  0.497 0.000  0.895 0.000   7.969 0.000   3.893 0.000   4.074 0.000 0.031 0.000  0.493 0.000
309.333333 310.333333   42.07 0.000  1.06 0.000 9.999 0.259000 0.32 0.000000  0.164 0.000  0.878 0.000  1.581 0.000   8.722 0.000   4.708 0.000   4.013 0.000 0.032 0.000  0.334 0.000
312.333333 313.333333   33.66 0.000  0.76 0.000 9.999 0.259000 0.62 0.000000  0.196 0.000  0.539 0.000  0.971 0.000  12.413 0.000   7.328 0.000   5.084 0.000 0.040 0.000  0.688 0.000
315.333333 316.333333   33.80 0.000  0.61 0.000 9.999 0.259000 0.22 0.000000  0.067 0.000  0.909 0.000  1.636 0.000  10.624 0.000   6.847 0.000   3.778 0.000 0.028 0.000  0.287 0.000
318.333333 319.333333   43.69 0.000  0.34 0.000 0.031 0.000000 9.99 0.259000  0.018 0.000  0.240 0.000  0.433 0.000  10.742 0.000   8.666 0.000   2.197 0.000 0.030 0.000  0.107 0.000
321.333333 322.333333   20.48 0.000  0.56 0.000 9.999 0.259000 9.99 0.259000  0.010 0.000  0.204 0.000  0.368 0.000   2.703 0.000   1.431 0.000   1.273 0.000 0.013 0.000  0.084 0.000
324.333333 325.333333   21.28 0.000  0.64 0.000 9.999 0.259000 9.99 0.259000  0.011 0.000  0.286 0.000  0.515 0.000   4.189 0.000   2.910 0.000   1.279 0.000 0.013 0.000  0.097 0.000
327.333333 328.333333   38.38 0.000  0.53 0.000 9.999 0.259000 9.99 0.259000  0.012 0.000  0.364 0.000  0.655 0.000   6.796 0.000   4.645 0.000   2.151 0.000 0.027 0.000  0.126 0.000
330.333333 331.333333   36.02 0.000  0.27 0.000 9.999 0.259000 9.99 0.259000  0.017 0.000  0.199 0.000  0.357 0.000   7.702 0.000   6.287 0.000   1.416 0.000 0.029 0.000  0.056 0.000
333.333333 334.333333   52.58 0.000  0.82 0.000 9.999 0.259000 0.37 0.000000  0.345 0.000  0.471 0.000  0.849 0.000   8.999 0.000   6.168 0.000   2.831 0.000 0.025 0.000  0.108 0.000
336.333333 337.333333   17.52 0.000  0.53 0.000 0.009 0.000000 9.99 0.259000  0.316 0.000  0.409 0.000  0.737 0.000   5.517 0.000   2.811 0.000   2.706 0.000 0.021 0.000  0.179 0.000
339.333333 340.333333   11.36 0.000  0.34 0.000 9.999 0.259000 9.99 0.259000  0.008 0.000  0.036 0.000  0.064 0.000   2.740 0.000   2.036 0.000   0.726 0.000 0.010 0.000  0.070 0.000
342.333333 343.333333   12.79 0.000  0.48 0.000 9.999 0.259000 9.99 0.259000  0.017 0.000  0.247 0.000  0.444 0.000   2.683 0.000   1.638 0.000   1.044 0.000 0.008 0.000  0.074 0.000
345.333333 346.333333   47.59 0.000  1.64 0.000 9.999 0.259000 9.99 0.259000  0.674 0.000  0.716 0.000  1.289 0.000  11.847 0.000   6.465 0.000   5.382 0.000 0.036 0.000  0.129 0.000
348.333333 349.333333   18.39 0.000  0.51 0.000 0.007 0.000000 0.14 0.000000  0.024 0.000  0.299 0.000  0.538 0.000   3.675 0.000   2.562 0.000   1.113 0.000 0.011 0.000  0.064 0.000
351.333333 352.333333   28.93 0.000  2.25 0.000 9.999 0.259000 0.58 0.000000  0.960 0.000  1.125 0.000  2.024 0.000  13.805 0.000   5.000 0.000   8.805 0.000 0.043 0.000  0.456 0.000
354.333333 355.333333   13.85 0.000  0.16 0.000 9.999 0.259000 9.99 0.259000  0.014 0.000  0.200 0.000  0.361 0.000   4.415 0.000   3.739 0.000   0.676 0.000 0.010 0.000  0.042 0.000
357.333333 358.333333   14.82 0.000  0.52 0.000 0.007 0.000000 9.99 0.259000  0.014 0.000  0.241 0.000  0.433 0.000   3.399 0.000   2.693 0.000   0.706 0.000 0.013 0.000  0.045 0.000
360.333333 361.333333 9999.99 0.999 99.99 0.999 9.999 0.999000 9.99 0.999000 99.999 0.999 99.999 0.999 99.999 0.999   5.700 0.000 999.999 0.999   1.681 0.000 9.999 0.999 99.999 0.999
363.333333 364.333333 9999.99 0.999 99.99 0.999 9.999 0.999000 9.99 0.999000 99.999 0.999 99.999 0.999 99.999 0.999   8.130 0.000 999.999 0.999   4.232 0.000 9.999 0.999 99.999 0.999
