scripts/IMPROVE-2019_partial/data/US0566R.20010101080000.20191216000000.filterpack..pm25.52w.1w.US03L_filterpack_US0566.US03L_IMPROVE_Davis.lev2.nas
66 1001
MISSING INFORMATION
US03L, IMPROVE, , , , , , , 
MISSING INFORMATION
IMPROVE sel_HTAP
1 1
2001 01 01 2019 12 16
3.000000
days from file reference point
27
1 1 1 1 1 1 1 1 1 1 1 1 1 1 1 1 1 1 1 1 1 1 1 1 1 1 1
999.999999 9999.99 9.999 99.99 9.999 9.999 9.999999 9.99 9.999999 9.999 9.999 99.999 9.999 99.999 9.999 99.99 9.999999 999.999 9.999 999.999 9.999 999.999 9.999 9.999 9.999 9.999 9.999
end_time of measurement, days from the file reference point
iron, ng/m3, Revision date=20181210133000
numflag iron, no unit, Revision date=20181210133000
lead, ng/m3, Revision date=20181210133000
numflag lead, no unit, Revision date=20181210133000
magnesium, ug/m3, Revision date=20181210133000
numflag magnesium, no unit, Revision date=20181210133000
nickel, ng/m3, Revision date=20181210133000
numflag nickel, no unit, Revision date=20181210133000
nitrate, ug N/m3, Revision date=20181210133000
numflag nitrate, no unit, Revision date=20181210133000
organic_carbon, ug C/m3, Revision date=20181210133000
numflag organic_carbon, no unit, Revision date=20181210133000
organic_mass, ug/m3, Revision date=20181210133000
numflag organic_mass, no unit, Revision date=20181210133000
phosphorus, ng/m3, Revision date=20181210133000
numflag phosphorus, no unit, Revision date=20181210133000
pm10_mass, ug/m3, Version=2, Version description=Data extracted from http://views.cira.colostate.edu/fed/DataWizard 2019-12-16, Sample duration=1d, Orig. time res.=3d, Matrix=pm10, Blank correction=Blank corrected, Volume std. temperature=ambient, Volume std. pressure=ambient
numflag pm10_mass, no unit, Version=2, Version description=Data extracted from http://views.cira.colostate.edu/fed/DataWizard 2019-12-16, Sample duration=1d, Orig. time res.=3d, Matrix=pm10, Blank correction=Blank corrected, Volume std. temperature=ambient, Volume std. pressure=ambient
pm10_pm25_mass, ug/m3, Revision date=20181210133000, Matrix=pm10_pm25
numflag pm10_pm25_mass, no unit, Revision date=20181210133000, Matrix=pm10_pm25
pm25_mass, ug/m3, Version=2, Version description=Data extracted from http://views.cira.colostate.edu/fed/DataWizard 2019-12-16, Sample duration=1d, Orig. time res.=3d, Blank correction=Blank corrected, Volume std. temperature=ambient, Volume std. pressure=ambient
numflag pm25_mass, no unit, Version=2, Version description=Data extracted from http://views.cira.colostate.edu/fed/DataWizard 2019-12-16, Sample duration=1d, Orig. time res.=3d, Blank correction=Blank corrected, Volume std. temperature=ambient, Volume std. pressure=ambient
potassium, ug/m3, Revision date=20181210133000
numflag potassium, no unit, Revision date=20181210133000
sulphate_total, ug S/m3, Revision date=20181210133000
numflag sulphate_total, no unit, Revision date=20181210133000
0
25
Data definition:              EBAS_1.1
Set type code:                TU
Timezone:                     UTC
File name:                    US0566R.20010101080000.20191216000000.filterpack..pm25.52w.1w.US03L_filterpack_US0566.US03L_IMPROVE_Davis.lev2.nas
File creation:                20191218120243
Startdate:                    20010101080000
Revision date:                20191216000000
Statistics:                   arithmetic mean
Data level:                   2
Period code:                  52w
Resolution code:              1w
Station code:                 US0566R
Platform code:                US0566S
Station name:                 Pinnacles National Monument-Bear Valley (CA66)
Station latitude:             36.4834
Station longitude:            -121.157
Station altitude:             317.0 m
Regime:                       IMG
Component:                    
Matrix:                       pm25
Laboratory code:              US03L
Instrument type:              filterpack
Instrument name:              filterpack_US0566
Method ref:                   US03L_IMPROVE_Davis
starttime endtime Fe flag_Fe Pb flag_Pb Mg++ flag_Mg++ Ni flag_Ni NO3- flag_NO3- OC flag_OC OM flag_OM P flag_P PM10 flag_PM10 PM10-PM2.5 flag_PM10-PM2.5 PM2.5 flag_PM2.5 K+ flag_K+ SO4-- flag_SO4--
  0.333333   1.333333   22.66 0.559  7.84 0.559 9.999 0.559259 9.99 0.559259 0.443 0.000  2.737 0.000  3.833 0.000 99.99 0.559259  10.628 0.000   2.869 0.000   7.760 0.559 0.091 0.559 0.175 0.000
  3.333333   4.333333   18.18 0.000  1.19 0.000 9.999 0.259000 9.99 0.259000 0.179 0.000  0.860 0.000  1.204 0.000 99.99 0.259000   5.383 0.000   2.896 0.000   2.487 0.000 0.022 0.000 0.154 0.000
  6.333333   7.333333   30.80 0.000  1.98 0.000 9.999 0.259000 0.46 0.000000 0.301 0.000  1.668 0.000  2.335 0.000 99.99 0.259000  11.218 0.000   5.510 0.000   5.708 0.000 0.057 0.000 0.344 0.000
  9.333333  10.333333    2.50 0.000 99.99 0.259 9.999 0.259000 0.08 0.000000 0.041 0.000  0.332 0.000  0.465 0.000 99.99 0.259000   2.959 0.000   1.867 0.000   1.092 0.000 0.012 0.000 0.086 0.000
 12.333333  13.333333    6.26 0.000  1.23 0.000 0.082 0.000000 9.99 0.259000 0.237 0.000  1.699 0.000  2.378 0.000 99.99 0.259000   8.424 0.000   3.754 0.000   4.670 0.000 0.037 0.000 0.150 0.000
 15.333333  16.333333    8.87 0.000  0.47 0.000 9.999 0.259000 9.99 0.259000 0.064 0.000  0.634 0.000  0.888 0.000 99.99 0.259000   3.430 0.000   0.909 0.000   2.521 0.000 0.028 0.000 0.164 0.000
 18.333333  19.333333   30.52 0.000  2.00 0.000 9.999 0.259000 0.25 0.000000 0.457 0.000  1.756 0.000  2.458 0.000 99.99 0.259000   9.492 0.000   2.548 0.000   6.944 0.000 0.053 0.000 0.226 0.000
 21.333333  22.333333   21.06 0.000  1.97 0.000 9.999 0.259000 0.44 0.000000 0.337 0.000  1.085 0.000  1.519 0.000 99.99 0.259000   8.711 0.000   3.286 0.000   5.425 0.000 0.034 0.000 0.299 0.000
 24.333333  25.333333    1.22 0.000  0.12 0.000 9.999 0.259000 9.99 0.259000 0.023 0.000 99.999 0.999 99.999 0.999 99.99 0.259000   2.655 0.000   1.753 0.000   0.902 0.000 0.009 0.000 0.081 0.000
 27.333333  28.333333    8.52 0.000  1.10 0.000 9.999 0.259000 9.99 0.259000 0.132 0.559 99.999 0.999 99.999 0.999 99.99 0.259000   4.534 0.000   1.664 0.000   2.870 0.000 0.021 0.000 0.214 0.559
 30.333333  31.333333    7.90 0.000  0.81 0.000 9.999 0.259000 9.99 0.259000 0.138 0.000 99.999 0.999 99.999 0.999 99.99 0.259000   3.743 0.000   1.169 0.000   2.573 0.000 0.029 0.000 0.171 0.000
 33.333333  34.333333   33.02 0.000  1.85 0.000 9.999 0.259000 0.09 0.000000 0.388 0.000 99.999 0.999 99.999 0.999 99.99 0.259000   8.102 0.000   2.993 0.000   5.109 0.000 0.037 0.000 0.270 0.000
 36.333333  37.333333 9999.99 0.456 99.99 0.456 9.999 0.456000 9.99 0.456000 0.272 0.000 99.999 0.999 99.999 0.999 99.99 0.456000  14.637 0.000 999.999 0.999 999.999 0.456 9.999 0.456 0.275 0.000
 39.333333  40.333333    4.71 0.000  0.16 0.000 9.999 0.259000 0.14 0.000000 0.042 0.000 99.999 0.999 99.999 0.999 99.99 0.259000   3.618 0.000   2.013 0.000   1.605 0.000 0.024 0.000 0.134 0.000
 42.333333  43.333333    5.42 0.000  0.41 0.000 9.999 0.259000 0.20 0.000000 0.182 0.000 99.999 0.999 99.999 0.999 99.99 0.259000   2.744 0.000   1.132 0.000   1.612 0.000 0.012 0.000 0.086 0.000
 45.333333  46.333333    8.45 0.000  0.85 0.000 9.999 0.259000 0.35 0.000000 0.258 0.000 99.999 0.999 99.999 0.999 99.99 0.259000   4.117 0.000   1.659 0.000   2.458 0.000 0.017 0.000 0.226 0.000
 48.333333  49.333333    2.17 0.000 99.99 0.259 9.999 0.259000 0.19 0.000000 0.073 0.000 99.999 0.999 99.999 0.999 99.99 0.259000   3.576 0.000   1.817 0.000   1.759 0.000 0.015 0.000 0.199 0.000
 51.333333  52.333333    3.60 0.000  0.58 0.000 9.999 0.259000 0.06 0.000000 0.042 0.000 99.999 0.999 99.999 0.999 99.99 0.259000   5.863 0.000   3.731 0.000   2.132 0.000 0.015 0.000 0.157 0.000
 54.333333  55.333333   16.62 0.000  1.63 0.000 9.999 0.259000 0.15 0.000000 0.054 0.000 99.999 0.999 99.999 0.999 99.99 0.259000   6.487 0.000   3.414 0.000   3.073 0.000 0.024 0.000 0.161 0.000
 57.333333  58.333333    0.18 0.000  0.30 0.000 9.999 0.259000 9.99 0.259000 0.126 0.000 99.999 0.999 99.999 0.999 99.99 0.259000   5.547 0.000   2.958 0.000   2.589 0.000 0.025 0.000 0.159 0.000
 60.333333  61.333333   15.24 0.000  0.93 0.000 9.999 0.259000 0.70 0.000000 0.171 0.000  0.808 0.000  1.131 0.000 99.99 0.259000   7.530 0.000   3.190 0.000   4.340 0.000 0.031 0.000 0.258 0.000
 63.333333  64.333333   15.75 0.000  0.76 0.000 9.999 0.259000 9.99 0.259000 0.008 0.000  0.256 0.000  0.358 0.000 99.99 0.259000   2.356 0.000   1.637 0.000   0.720 0.000 0.008 0.000 0.035 0.000
 66.333333  67.333333   16.32 0.000  1.81 0.000 9.999 0.259000 0.86 0.000000 0.239 0.000  0.690 0.000  0.966 0.000 99.99 0.259000   9.730 0.000   4.748 0.000   4.983 0.000 0.028 0.000 0.592 0.000
 69.333333  70.333333   13.97 0.000  1.41 0.000 9.999 0.259000 0.51 0.000000 0.229 0.000  1.054 0.000  1.476 0.000 99.99 0.259000   9.620 0.000   4.598 0.000   5.023 0.000 0.044 0.000 0.274 0.000
 72.333333  73.333333   48.72 0.000  1.55 0.000 9.999 0.259000 0.57 0.000000 0.231 0.000  1.317 0.000  1.844 0.000 99.99 0.259000   9.755 0.000   3.884 0.000   5.871 0.000 0.051 0.000 0.414 0.000
 75.333333  76.333333   29.63 0.000  2.04 0.000 9.999 0.259000 9.99 0.259000 0.241 0.000  2.076 0.000  2.906 0.000 99.99 0.259000  11.477 0.000   4.875 0.000   6.602 0.000 0.055 0.000 0.196 0.000
 78.333333  79.333333   26.44 0.000  2.24 0.000 9.999 0.259000 0.88 0.000000 0.061 0.000  1.094 0.000  1.532 0.000 99.99 0.259000   7.143 0.000   3.049 0.000   4.094 0.000 0.031 0.000 0.269 0.000
 81.333333  82.333333   17.28 0.000  1.21 0.000 9.999 0.259000 0.81 0.000000 0.483 0.000  0.980 0.000  1.371 0.000 99.99 0.259000   9.921 0.000   4.097 0.000   5.823 0.000 0.026 0.000 0.493 0.000
 84.333333  85.333333   30.74 0.000  2.10 0.000 9.999 0.259000 9.99 0.259000 0.382 0.000  0.769 0.000  1.077 0.000 99.99 0.259000  14.426 0.000   7.607 0.000   6.819 0.000 0.057 0.000 0.383 0.000
 87.333333  88.333333   29.17 0.000  1.08 0.000 9.999 0.259000 0.53 0.000000 0.174 0.000  0.892 0.000  1.249 0.000 99.99 0.259000   7.358 0.000   4.342 0.000   3.015 0.000 0.021 0.000 0.196 0.000
 90.333333  91.333333   43.16 0.000  1.34 0.000 9.999 0.259000 9.99 0.259000 0.177 0.000  0.824 0.000  1.153 0.000 99.99 0.259000   9.425 0.000   4.920 0.000   4.505 0.000 0.042 0.000 0.280 0.000
 93.333333  94.333333   43.07 0.000  1.73 0.000 9.999 0.259000 0.60 0.000000 0.238 0.000  0.744 0.000  1.042 0.000 99.99 0.259000   8.982 0.000   5.307 0.000   3.675 0.000 0.050 0.000 0.258 0.000
 96.333333  97.333333    6.00 0.000  0.40 0.000 9.999 0.259000 0.24 0.000000 0.025 0.000  0.288 0.000  0.403 0.000 99.99 0.259000   5.905 0.000   4.161 0.000   1.744 0.000 0.013 0.000 0.097 0.000
 99.333333 100.333333   14.54 0.000  1.16 0.000 9.999 0.259000 0.55 0.000000 0.126 0.000  0.402 0.000  0.562 0.000 99.99 0.259000   8.020 0.000   4.338 0.000   3.682 0.000 0.032 0.000 0.298 0.000
102.333333 103.333333   24.92 0.000  0.81 0.000 9.999 0.259000 0.35 0.000000 0.199 0.000  0.911 0.000  1.275 0.000 99.99 0.259000  11.602 0.000   6.214 0.000   5.387 0.000 0.046 0.000 0.294 0.000
105.333333 106.333333  311.64 0.000  2.71 0.000 9.999 0.259000 9.99 0.259000 0.132 0.000  0.799 0.000  1.119 0.000 99.99 0.259000  25.699 0.000  16.515 0.000   9.184 0.000 0.165 0.000 0.355 0.000
108.333333 109.333333  130.37 0.000  0.93 0.000 9.999 0.259000 9.99 0.259000 0.068 0.000  0.319 0.000  0.447 0.000 99.99 0.259000   9.107 0.000   5.909 0.000   3.198 0.000 0.075 0.000 0.176 0.000
111.333333 112.333333   93.17 0.000  1.53 0.000 9.999 0.259000 0.32 0.000000 0.181 0.000  1.017 0.000  1.424 0.000 99.99 0.259000  10.995 0.000   5.508 0.000   5.487 0.000 0.073 0.000 0.413 0.000
114.333333 115.333333 9999.99 0.999 99.99 0.999 9.999 0.999000 9.99 0.999000 9.999 0.999 99.999 0.999 99.999 0.999 99.99 0.999000 999.999 0.999 999.999 0.999 999.999 0.999 9.999 0.999 9.999 0.999
117.333333 118.333333   32.28 0.000  1.79 0.000 9.999 0.259000 0.38 0.000000 0.132 0.000  0.593 0.000  0.830 0.000 99.99 0.259000   7.151 0.000   4.379 0.000   2.772 0.000 0.036 0.000 0.249 0.000
120.333333 121.333333   68.82 0.000  1.58 0.000 9.999 0.259000 0.33 0.000000 0.266 0.000  1.002 0.000  1.403 0.000 99.99 0.259000  13.122 0.000   7.912 0.000   5.210 0.000 0.053 0.000 0.324 0.000
123.333333 124.333333   85.42 0.000  1.22 0.000 9.999 0.259000 9.99 0.259000 0.033 0.000  1.538 0.000  2.153 0.000 99.99 0.259000  12.277 0.000   7.933 0.000   4.344 0.000 0.059 0.000 0.160 0.000
126.333333 127.333333  242.46 0.559  2.85 0.559 9.999 0.559259 9.99 0.559259 0.112 0.000  1.779 0.000  2.490 0.000 99.99 0.559259  19.765 0.000  10.832 0.000   8.933 0.559 0.136 0.559 0.310 0.000
129.333333 130.333333  137.94 0.000  1.42 0.000 9.999 0.259000 0.35 0.000000 0.419 0.000  1.358 0.000  1.901 0.000 99.99 0.259000  21.081 0.000  11.521 0.000   9.560 0.000 0.101 0.000 0.406 0.000
132.333333 133.333333   75.81 0.000  1.48 0.000 9.999 0.259000 0.32 0.000000 9.999 0.259  1.311 0.000  1.835 0.000 99.99 0.259000  13.434 0.000   6.961 0.000   6.473 0.000 0.069 0.000 0.608 0.000
135.333333 136.333333   39.22 0.000  1.27 0.000 9.999 0.259000 0.49 0.000000 0.090 0.000  0.581 0.000  0.813 0.000 99.99 0.259000   7.766 0.000   4.738 0.000   3.029 0.000 0.025 0.000 0.319 0.000
138.333333 139.333333   57.38 0.000  1.91 0.000 9.999 0.259000 0.47 0.000000 0.519 0.000  1.874 0.000  2.624 0.000 99.99 0.259000  24.326 0.000  12.752 0.000  11.574 0.000 0.087 0.000 0.642 0.000
141.333333 142.333333   61.05 0.000  1.63 0.000 9.999 0.259000 0.49 0.000000 0.065 0.000  1.279 0.000  1.790 0.000 99.99 0.259000  13.329 0.000   7.576 0.000   5.753 0.000 0.041 0.000 0.475 0.000
144.333333 145.333333   73.12 0.000  1.40 0.000 9.999 0.259000 0.31 0.000000 0.121 0.000  1.328 0.000  1.859 0.000 99.99 0.259000  13.149 0.000   7.112 0.000   6.037 0.000 0.063 0.000 0.393 0.000
147.333333 148.333333   40.70 0.559  1.22 0.559 9.999 0.559259 0.60 0.559000 0.205 0.000  0.983 0.000  1.377 0.000 99.99 0.559259  12.897 0.000   6.670 0.000   6.227 0.559 0.055 0.559 0.557 0.000
150.333333 151.333333  116.02 0.000  1.61 0.000 9.999 0.259000 0.37 0.000000 0.174 0.000  2.398 0.000  3.358 0.000 99.99 0.259000  22.672 0.000  14.180 0.000   8.491 0.000 0.093 0.000 0.444 0.000
153.333333 154.333333   29.33 0.000  0.77 0.000 9.999 0.259000 0.14 0.000000 0.180 0.000  0.931 0.000  1.304 0.000 99.99 0.259000  13.434 0.000   7.568 0.000   5.866 0.000 0.049 0.000 0.281 0.000
156.333333 157.333333   29.64 0.000  0.79 0.000 9.999 0.259000 9.99 0.259000 0.052 0.000  0.544 0.000  0.762 0.000 99.99 0.259000   8.047 0.000   5.569 0.000   2.478 0.000 0.023 0.000 0.169 0.000
159.333333 160.333333   17.88 0.000  0.51 0.000 9.999 0.259000 9.99 0.259000 0.131 0.000  0.527 0.000  0.737 0.000 99.99 0.259000  10.191 0.000   4.875 0.000   5.316 0.000 0.018 0.000 0.173 0.000
162.333333 163.333333   55.22 0.000  1.55 0.000 9.999 0.259000 9.99 0.259000 0.095 0.000  0.514 0.000  0.720 0.000 99.99 0.259000   8.471 0.000   4.535 0.000   3.936 0.000 0.043 0.000 0.330 0.000
165.333333 166.333333   48.26 0.000  0.51 0.000 9.999 0.259000 9.99 0.259000 0.122 0.000  1.074 0.000  1.504 0.000 99.99 0.259000  15.615 0.000  10.053 0.000   5.562 0.000 0.054 0.000 0.214 0.000
168.333333 169.333333   30.92 0.000  0.83 0.000 9.999 0.259000 0.20 0.000000 0.169 0.000  1.067 0.000  1.494 0.000 99.99 0.259000  12.337 0.000   6.889 0.000   5.447 0.000 0.033 0.000 0.231 0.000
171.333333 172.333333   49.77 0.000  0.95 0.000 9.999 0.259000 0.50 0.000000 0.347 0.000  1.625 0.000  2.275 0.000 99.99 0.259000  21.936 0.000  13.349 0.000   8.588 0.000 0.061 0.000 0.548 0.000
174.333333 175.333333   17.05 0.000  0.55 0.000 9.999 0.259000 0.17 0.000000 0.194 0.000  0.683 0.000  0.956 0.000 99.99 0.259000  12.368 0.000   8.128 0.000   4.240 0.000 0.027 0.000 0.296 0.000
177.333333 178.333333   12.33 0.000  0.29 0.000 9.999 0.259000 9.99 0.259000 0.035 0.000  0.218 0.000  0.305 0.000 99.99 0.259000   6.123 0.000   4.356 0.000   1.767 0.000 0.011 0.000 0.241 0.000
180.333333 181.333333   29.90 0.000  0.87 0.000 9.999 0.259000 9.99 0.259000 0.182 0.000  1.407 0.000  1.970 0.000 99.99 0.259000  15.123 0.000   9.185 0.000   5.938 0.000 0.042 0.000 0.378 0.000
183.333333 184.333333   61.13 0.000  1.15 0.000 9.999 0.259000 0.33 0.000000 0.258 0.000  1.798 0.000  2.517 0.000 99.99 0.259000  21.299 0.000  12.470 0.000   8.829 0.000 0.062 0.000 0.597 0.000
186.333333 187.333333   42.63 0.000  1.53 0.000 9.999 0.259000 0.46 0.000000 0.558 0.000  1.064 0.000  1.490 0.000 99.99 0.259000  25.929 0.000  15.126 0.000  10.803 0.000 0.102 0.000 0.916 0.000
189.333333 190.333333   20.31 0.000  0.74 0.000 9.999 0.259000 0.65 0.000000 0.212 0.000  0.533 0.000  0.746 0.000 99.99 0.259000  14.629 0.000   7.841 0.000   6.788 0.000 0.038 0.000 0.955 0.000
192.333333 193.333333   21.56 0.000  0.41 0.000 9.999 0.259000 0.17 0.000000 0.075 0.000  0.478 0.000  0.669 0.000 99.99 0.259000   9.451 0.000   6.210 0.000   3.241 0.000 0.020 0.000 0.376 0.000
195.333333 196.333333    9.22 0.000  0.41 0.000 9.999 0.259000 0.25 0.000000 0.170 0.000  0.506 0.000  0.708 0.000 99.99 0.259000  10.251 0.000   5.559 0.000   4.692 0.000 0.026 0.000 0.573 0.000
198.333333 199.333333   14.97 0.000  0.22 0.000 9.999 0.259000 0.48 0.000000 0.231 0.000  0.499 0.000  0.698 0.000 99.99 0.259000  12.903 0.000   7.749 0.000   5.153 0.000 0.026 0.000 0.665 0.000
201.333333 202.333333   17.15 0.000  0.51 0.000 9.999 0.259000 9.99 0.259000 0.143 0.000  0.607 0.000  0.850 0.000 99.99 0.259000   9.903 0.000   6.601 0.000   3.303 0.000 0.015 0.000 0.279 0.000
204.333333 205.333333   15.89 0.000  0.46 0.000 9.999 0.259000 0.30 0.000000 0.111 0.000  0.557 0.000  0.779 0.000 99.99 0.259000   9.924 0.000   6.002 0.000   3.922 0.000 0.018 0.000 0.449 0.000
207.333333 208.333333   35.70 0.000  0.81 0.000 9.999 0.259000 0.33 0.000000 0.106 0.000  0.835 0.000  1.168 0.000 99.99 0.259000  15.450 0.000  10.383 0.000   5.068 0.000 0.040 0.000 0.524 0.000
210.333333 211.333333    9.09 0.000  0.24 0.000 9.999 0.259000 9.99 0.259000 0.080 0.000  0.241 0.000  0.337 0.000 99.99 0.259000   7.684 0.000   4.944 0.000   2.740 0.000 0.015 0.000 0.244 0.000
213.333333 214.333333   30.02 0.000  1.00 0.000 9.999 0.259000 0.14 0.000000 0.160 0.559  0.698 0.000  0.977 0.000 99.99 0.259000  13.560 0.000   9.052 0.000   4.508 0.000 0.029 0.000 0.442 0.559
216.333333 217.333333   17.83 0.000  0.63 0.000 9.999 0.259000 9.99 0.259000 0.039 0.559  0.551 0.000  0.772 0.000 99.99 0.259000   6.985 0.000   4.660 0.000   2.325 0.000 0.013 0.000 0.194 0.559
219.333333 220.333333   40.65 0.000  0.77 0.000 9.999 0.259000 0.33 0.000000 0.085 0.000  0.858 0.000  1.202 0.000 99.99 0.259000  15.564 0.000  10.231 0.000   5.332 0.000 0.022 0.000 0.513 0.000
222.333333 223.333333   31.52 0.000  0.72 0.000 9.999 0.259000 0.30 0.000000 0.144 0.000  0.957 0.000  1.340 0.000 99.99 0.259000  13.317 0.000   8.586 0.000   4.731 0.000 0.021 0.000 0.435 0.000
225.333333 226.333333   41.48 0.000  4.42 0.000 9.999 0.259000 9.99 0.259000 0.083 0.000  0.981 0.000  1.373 0.000 99.99 0.259000  14.448 0.000   8.621 0.000   5.827 0.000 0.020 0.000 0.560 0.000
228.333333 229.333333 9999.99 0.456 99.99 0.456 9.999 0.456000 9.99 0.456000 0.168 0.559  1.711 0.000  2.396 0.000 99.99 0.456000  18.532 0.000 999.999 0.999 999.999 0.456 9.999 0.456 0.606 0.559
231.333333 232.333333   15.09 0.000  0.22 0.000 9.999 0.259000 0.38 0.000000 0.260 0.000  0.507 0.000  0.711 0.000 99.99 0.259000  12.944 0.000   7.259 0.000   5.685 0.000 0.030 0.000 0.629 0.000
234.333333 235.333333   17.25 0.000  0.51 0.000 9.999 0.259000 0.11 0.000000 0.046 0.000  0.281 0.000  0.393 0.000 99.99 0.259000   5.958 0.000   4.344 0.000   1.614 0.000 0.009 0.000 0.165 0.000
237.333333 238.333333   28.52 0.000  1.03 0.000 9.999 0.259000 0.30 0.000000 0.225 0.000  1.112 0.000  1.557 0.000 99.99 0.259000  13.072 0.000   7.776 0.000   5.295 0.000 0.033 0.000 0.383 0.000
240.333333 241.333333   17.07 0.000  0.30 0.000 9.999 0.259000 0.51 0.000000 0.247 0.000  0.490 0.000  0.687 0.000 99.99 0.259000  12.122 0.000   7.544 0.000   4.578 0.000 0.029 0.000 0.485 0.000
