scripts/IMPROVE-2019_partial/data/US0567R.20080101080000.20191216000000.filterpack.pm10_mass.pm10.52w.3d.US03L_filterpack_US0567_2.US03L_IMPROVE_Davis.lev2.nas
50 1001
MISSING INFORMATION
US03L, IMPROVE, , , , , , , 
MISSING INFORMATION
IMPROVE sel_HTAP
1 1
2008 01 01 2019 12 16
3.000000
days from file reference point
3
1 1 1
999.999999 999.999 9.999
end_time of measurement, days from the file reference point
pm10_mass, ug/m3
numflag pm10_mass, no unit
0
33
Data definition:              EBAS_1.1
Set type code:                TU
Timezone:                     UTC
File name:                    US0567R.20080101080000.20191216000000.filterpack.pm10_mass.pm10.52w.3d.US03L_filterpack_US0567_2.US03L_IMPROVE_Davis.lev2.nas
File creation:                20191218120251
Startdate:                    20080101080000
Revision date:                20191216000000
Version:                      2
Version description:          "Data extracted from http://views.cira.colostate.edu/fed/DataWizard 2019-12-16"
Statistics:                   arithmetic mean
Data level:                   2
Period code:                  52w
Resolution code:              3d
Sample duration:              1d
Orig. time res.:              3d
Station code:                 US0567R
Platform code:                US0567S
Station name:                 Joshua Tree National Park-Black Rock
Station latitude:             34.0695
Station longitude:            -116.3889
Station altitude:             1239.0 m
Regime:                       IMG
Component:                    pm10_mass
Unit:                         ug/m3
Matrix:                       pm10
Laboratory code:              US03L
Instrument type:              filterpack
Instrument name:              filterpack_US0567_2
Method ref:                   US03L_IMPROVE_Davis
Blank correction:             Blank corrected
Volume std. temperature:      ambient
Volume std. pressure:         ambient
starttime endtime PM10 flag_PM10
  0.333333   1.333333 999.999 0.456
  3.333333   4.333333 999.999 0.456
  6.333333   7.333333 999.999 0.456
  9.333333  10.333333   2.122 0.000
 12.333333  13.333333   2.284 0.000
 15.333333  16.333333   7.603 0.000
 18.333333  19.333333   2.848 0.000
 21.333333  22.333333 999.999 0.999
 24.333333  25.333333   3.511 0.000
 27.333333  28.333333   2.427 0.000
 30.333333  31.333333   3.240 0.000
 33.333333  34.333333   2.535 0.000
 36.333333  37.333333   4.959 0.000
 39.333333  40.333333   1.909 0.000
 42.333333  43.333333   2.830 0.000
 45.333333  46.333333   8.328 0.000
 48.333333  49.333333   6.131 0.000
 51.333333  52.333333   3.696 0.000
 54.333333  55.333333   4.287 0.000
 57.333333  58.333333   3.293 0.000
 60.333333  61.333333   7.789 0.000
 63.333333  64.333333  10.740 0.000
 66.333333  67.333333   5.090 0.000
 69.333333  70.333333   3.618 0.000
 72.333333  73.333333  11.788 0.000
 75.333333  76.333333   7.346 0.000
 78.333333  79.333333   7.209 0.000
 81.333333  82.333333   8.956 0.000
 84.333333  85.333333  16.667 0.000
 87.333333  88.333333  17.953 0.000
 90.333333  91.333333   9.882 0.000
 93.333333  94.333333   8.255 0.000
 96.333333  97.333333  14.063 0.000
 99.333333 100.333333  15.379 0.000
102.333333 103.333333   6.118 0.000
105.333333 106.333333  13.946 0.000
108.333333 109.333333  17.824 0.000
111.333333 112.333333  18.673 0.000
114.333333 115.333333  14.838 0.000
117.333333 118.333333  17.473 0.000
120.333333 121.333333  19.084 0.000
123.333333 124.333333  18.916 0.000
126.333333 127.333333  16.993 0.000
129.333333 130.333333  20.701 0.000
132.333333 133.333333  18.240 0.000
135.333333 136.333333   8.605 0.000
138.333333 139.333333  14.008 0.000
141.333333 142.333333  42.935 0.000
144.333333 145.333333   5.546 0.000
147.333333 148.333333   8.420 0.000
150.333333 151.333333  10.881 0.000
153.333333 154.333333  13.027 0.000
156.333333 157.333333  23.397 0.000
159.333333 160.333333  10.034 0.000
162.333333 163.333333  26.593 0.000
165.333333 166.333333  13.950 0.000
168.333333 169.333333   4.399 0.000
171.333333 172.333333  12.791 0.000
174.333333 175.333333  11.482 0.000
177.333333 178.333333 999.999 0.999
180.333333 181.333333 999.999 0.999
183.333333 184.333333   8.692 0.000
186.333333 187.333333  25.092 0.000
189.333333 190.333333  16.387 0.000
192.333333 193.333333  22.900 0.000
195.333333 196.333333  15.197 0.000
198.333333 199.333333 999.999 0.999
201.333333 202.333333 999.999 0.999
204.333333 205.333333  10.332 0.000
207.333333 208.333333  16.647 0.000
210.333333 211.333333  13.264 0.000
213.333333 214.333333   6.827 0.000
216.333333 217.333333  19.773 0.000
219.333333 220.333333  11.050 0.000
222.333333 223.333333   7.215 0.000
225.333333 226.333333  25.019 0.000
228.333333 229.333333  15.348 0.000
231.333333 232.333333   7.563 0.000
234.333333 235.333333  12.642 0.000
237.333333 238.333333  19.126 0.000
240.333333 241.333333  13.956 0.000
243.333333 244.333333  10.903 0.000
246.333333 247.333333  12.727 0.000
249.333333 250.333333  10.849 0.000
252.333333 253.333333   7.238 0.000
255.333333 256.333333  24.350 0.000
258.333333 259.333333   9.222 0.000
261.333333 262.333333  12.770 0.000
264.333333 265.333333   4.764 0.000
267.333333 268.333333 999.999 0.999
270.333333 271.333333   9.545 0.000
273.333333 274.333333  15.924 0.000
276.333333 277.333333   8.744 0.000
279.333333 280.333333   7.000 0.000
282.333333 283.333333  10.391 0.000
285.333333 286.333333  10.156 0.000
288.333333 289.333333 999.999 0.999
291.333333 292.333333   8.421 0.000
294.333333 295.333333   9.726 0.000
297.333333 298.333333   7.126 0.000
300.333333 301.333333   9.835 0.000
303.333333 304.333333  17.345 0.000
306.333333 307.333333   5.736 0.000
309.333333 310.333333   6.129 0.000
312.333333 313.333333   5.458 0.000
315.333333 316.333333 999.999 0.999
318.333333 319.333333   9.332 0.000
321.333333 322.333333   3.480 0.000
324.333333 325.333333  14.866 0.000
327.333333 328.333333  12.100 0.000
330.333333 331.333333   6.888 0.000
333.333333 334.333333   7.547 0.000
336.333333 337.333333   4.498 0.000
339.333333 340.333333   6.795 0.000
342.333333 343.333333  12.107 0.000
345.333333 346.333333 999.999 0.999
348.333333 349.333333   2.875 0.000
351.333333 352.333333   1.354 0.000
354.333333 355.333333   4.371 0.000
357.333333 358.333333   5.946 0.000
360.333333 361.333333   3.505 0.000
363.333333 364.333333   1.925 0.000
