scripts/IMPROVE-2019_partial/data/US0596R.20010101080000.20191216000000.filterpack..pm25.52w.1w.US03L_filterpack_US0596.US03L_IMPROVE_Davis.lev2.nas
66 1001
MISSING INFORMATION
US03L, IMPROVE, , , , , , , 
MISSING INFORMATION
IMPROVE sel_HTAP
1 1
2001 01 01 2019 12 16
3.000000
days from file reference point
27
1 1 1 1 1 1 1 1 1 1 1 1 1 1 1 1 1 1 1 1 1 1 1 1 1 1 1
999.999999 9999.99 9.999999 99.99 9.999999 9.999 9.999999999 9.99 9.999999 9.999 9.999999 99.999 9.999 999.999 9.999 99.99 9.999999999 999.999 9.999 999.999 9.999 999.999 9.999999 9.999 9.999999 9.999 9.999999
end_time of measurement, days from the file reference point
iron, ng/m3, Revision date=20181210133000
numflag iron, no unit, Revision date=20181210133000
lead, ng/m3, Revision date=20181210133000
numflag lead, no unit, Revision date=20181210133000
magnesium, ug/m3, Revision date=20181210133000
numflag magnesium, no unit, Revision date=20181210133000
nickel, ng/m3, Revision date=20181210133000
numflag nickel, no unit, Revision date=20181210133000
nitrate, ug N/m3, Revision date=20181210133000
numflag nitrate, no unit, Revision date=20181210133000
organic_carbon, ug C/m3, Revision date=20181210133000
numflag organic_carbon, no unit, Revision date=20181210133000
organic_mass, ug/m3, Revision date=20181210133000
numflag organic_mass, no unit, Revision date=20181210133000
phosphorus, ng/m3, Revision date=20181210133000
numflag phosphorus, no unit, Revision date=20181210133000
pm10_mass, ug/m3, Version=2, Version description=Data extracted from http://views.cira.colostate.edu/fed/DataWizard 2019-12-16, Sample duration=1d, Orig. time res.=3d, Matrix=pm10, Blank correction=Blank corrected, Volume std. temperature=ambient, Volume std. pressure=ambient
numflag pm10_mass, no unit, Version=2, Version description=Data extracted from http://views.cira.colostate.edu/fed/DataWizard 2019-12-16, Sample duration=1d, Orig. time res.=3d, Matrix=pm10, Blank correction=Blank corrected, Volume std. temperature=ambient, Volume std. pressure=ambient
pm10_pm25_mass, ug/m3, Revision date=20181210133000, Matrix=pm10_pm25
numflag pm10_pm25_mass, no unit, Revision date=20181210133000, Matrix=pm10_pm25
pm25_mass, ug/m3, Version=2, Version description=Data extracted from http://views.cira.colostate.edu/fed/DataWizard 2019-12-16, Sample duration=1d, Orig. time res.=3d, Blank correction=Blank corrected, Volume std. temperature=ambient, Volume std. pressure=ambient
numflag pm25_mass, no unit, Version=2, Version description=Data extracted from http://views.cira.colostate.edu/fed/DataWizard 2019-12-16, Sample duration=1d, Orig. time res.=3d, Blank correction=Blank corrected, Volume std. temperature=ambient, Volume std. pressure=ambient
potassium, ug/m3, Revision date=20181210133000
numflag potassium, no unit, Revision date=20181210133000
sulphate_total, ug S/m3, Revision date=20181210133000
numflag sulphate_total, no unit, Revision date=20181210133000
0
25
Data definition:              EBAS_1.1
Set type code:                TU
Timezone:                     UTC
File name:                    US0596R.20010101080000.20191216000000.filterpack..pm25.52w.1w.US03L_filterpack_US0596.US03L_IMPROVE_Davis.lev2.nas
File creation:                20191218120255
Startdate:                    20010101080000
Revision date:                20191216000000
Statistics:                   arithmetic mean
Data level:                   2
Period code:                  52w
Resolution code:              1w
Station code:                 US0596R
Platform code:                US0596S
Station name:                 Lassen Volcanic National Park-Manzanita Lake
Station latitude:             40.539
Station longitude:            -121.5772
Station altitude:             1754.0 m
Regime:                       IMG
Component:                    
Matrix:                       pm25
Laboratory code:              US03L
Instrument type:              filterpack
Instrument name:              filterpack_US0596
Method ref:                   US03L_IMPROVE_Davis
starttime endtime Fe flag_Fe Pb flag_Pb Mg++ flag_Mg++ Ni flag_Ni NO3- flag_NO3- OC flag_OC OM flag_OM P flag_P PM10 flag_PM10 PM10-PM2.5 flag_PM10-PM2.5 PM2.5 flag_PM2.5 K+ flag_K+ SO4-- flag_SO4--
[from data line 73]
219.333333 220.333333   60.64 0.000000  0.59 0.000000 9.999 0.259000000 0.28 0.000000 0.022 0.559000  0.895 0.000   1.252 0.000 99.99 0.259000000   7.340 0.000   2.763 0.000   4.578 0.000000 0.033 0.000000 0.320 0.559000
222.333333 223.333333   51.06 0.699000  0.29 0.699000 9.999 0.699259000 0.08 0.699000 0.017 0.559000  1.591 0.000   2.228 0.000 99.99 0.699259000   8.326 0.000   4.027 0.000   4.299 0.699000 0.033 0.699000 0.117 0.559000
225.333333 226.333333   34.84 0.559000  0.36 0.559000 9.999 0.559259000 0.12 0.559000 0.014 0.559000  0.770 0.000   1.078 0.000 99.99 0.559259000   6.287 0.000   2.896 0.000   3.390 0.559000 0.022 0.559000 0.256 0.559000
228.333333 229.333333   59.99 0.559000  0.60 0.559000 9.999 0.559259000 0.17 0.559000 0.022 0.559000  1.571 0.000   2.199 0.000 99.99 0.559259000   9.006 0.000   3.772 0.000   5.234 0.559000 0.031 0.559000 0.206 0.559000
231.333333 232.333333   62.60 0.559000  0.63 0.559000 9.999 0.559259000 9.99 0.559259 0.110 0.000000  1.896 0.000   2.654 0.000 99.99 0.559259000  12.406 0.000   6.412 0.000   5.995 0.559000 0.035 0.559000 0.193 0.000000
234.333333 235.333333   34.41 0.699000  0.38 0.699000 9.999 0.699259000 9.99 0.699259 0.020 0.559000  0.890 0.000   1.247 0.000 99.99 0.699259000   4.847 0.000   2.269 0.000   2.577 0.699000 0.021 0.699000 0.107 0.559000
237.333333 238.333333   37.92 0.559000  0.46 0.559000 9.999 0.559259000 0.12 0.559000 0.016 0.559000  0.915 0.000   1.281 0.000 99.99 0.559259000   5.859 0.000   2.883 0.000   2.976 0.559000 0.019 0.559000 0.093 0.559000
240.333333 241.333333   75.18 0.000000  0.55 0.000000 9.999 0.259000000 0.24 0.000000 0.025 0.559000  1.284 0.000   1.798 0.000 99.99 0.259000000   7.628 0.000   3.084 0.000   4.544 0.000000 0.040 0.000000 0.152 0.559000
243.333333 244.333333   69.72 0.000000  0.73 0.000000 9.999 0.259000000 9.99 0.259000 0.053 0.000000  1.763 0.000   2.468 0.000 99.99 0.259000000  10.908 0.000   4.651 0.000   6.256 0.000000 0.063 0.000000 0.340 0.000000
246.333333 247.333333   29.95 0.000000  0.38 0.000000 9.999 0.259000000 9.99 0.259000 0.010 0.559000  0.381 0.000   0.533 0.000 99.99 0.259000000   5.190 0.000   3.563 0.000   1.627 0.000000 0.014 0.000000 0.122 0.559000
249.333333 250.333333 9999.99 0.999000 99.99 0.999000 9.999 0.999000000 9.99 0.999000 9.999 0.999000 99.999 0.999 999.999 0.999 99.99 0.999000000 999.999 0.999 999.999 0.999 999.999 0.999000 9.999 0.999000 9.999 0.999000
252.333333 253.333333 9999.99 0.999000 99.99 0.999000 9.999 0.999000000 9.99 0.999000 9.999 0.999000 99.999 0.999 999.999 0.999 99.99 0.999000000 999.999 0.999 999.999 0.999 999.999 0.999000 9.999 0.999000 9.999 0.999000
255.333333 256.333333   42.42 0.000000  0.30 0.000000 9.999 0.259000000 0.27 0.000000 0.091 0.000000  2.244 0.000   3.141 0.000 99.99 0.259000000   9.174 0.559   2.818 0.000   6.356 0.000000 0.054 0.000000 0.292 0.000000
258.333333 259.333333   52.35 0.000000 99.99 0.259000 9.999 0.259000000 9.99 0.259000 0.041 0.000000  1.711 0.000   2.396 0.000 99.99 0.259000000   9.737 0.000   4.005 0.000   5.731 0.000000 0.052 0.000000 0.300 0.000000
261.333333 262.333333   39.04 0.000000  0.63 0.000000 9.999 0.259000000 9.99 0.259000 0.017 0.000000  2.033 0.000   2.845 0.000 99.99 0.259000000   8.151 0.559   2.842 0.000   5.309 0.000000 0.038 0.000000 0.213 0.000000
264.333333 265.333333  116.26 0.699000  0.79 0.699000 9.999 0.699259000 0.17 0.699000 0.030 0.000000  1.561 0.000   2.185 0.000 99.99 0.699259000  12.244 0.559   6.330 0.000   5.914 0.699000 0.070 0.699000 0.243 0.000000
267.333333 268.333333    6.27 0.000000  0.21 0.000000 9.999 0.259000000 9.99 0.259000 0.016 0.000000  0.365 0.000   0.511 0.000 99.99 0.259000000   1.932 0.000   0.672 0.000   1.261 0.000000 0.015 0.000000 0.092 0.000000
270.333333 271.333333   23.12 0.559000  1.08 0.559000 9.999 0.559259000 0.13 0.559000 0.069 0.000000  0.852 0.000   1.192 0.000 99.99 0.559259000   5.117 0.559   1.702 0.000   3.415 0.559000 0.032 0.559000 0.251 0.000000
273.333333 274.333333   17.95 0.559000  0.61 0.559000 9.999 0.559259000 9.99 0.559259 0.016 0.000000  0.696 0.000   0.974 0.000 99.99 0.559259000   5.154 0.559   2.107 0.000   3.047 0.559000 0.017 0.559000 0.353 0.000000
276.333333 277.333333   60.85 0.000000  0.71 0.000000 9.999 0.259000000 0.11 0.000000 0.029 0.000000  1.225 0.000   1.715 0.000 99.99 0.259000000   9.186 0.000   4.025 0.000   5.161 0.000000 0.038 0.000000 0.381 0.000000
279.333333 280.333333   49.27 0.000000  0.77 0.000000 9.999 0.259000000 9.99 0.259000 0.104 0.000000  1.840 0.000   2.576 0.000 99.99 0.259000000   9.382 0.000   3.220 0.000   6.163 0.000000 0.058 0.000000 0.340 0.000000
282.333333 283.333333   17.93 0.559000  0.15 0.559000 9.999 0.559259000 9.99 0.559259 0.007 0.559000  0.280 0.000   0.393 0.000 99.99 0.559259000   2.120 0.559   1.156 0.000   0.964 0.559000 0.013 0.559000 0.064 0.559000
285.333333 286.333333   12.96 0.000000  0.16 0.000000 9.999 0.259000000 9.99 0.259000 0.008 0.559000  0.232 0.000   0.325 0.000 99.99 0.259000000   1.891 0.559   1.246 0.000   0.645 0.000000 0.009 0.000000 0.052 0.559000
288.333333 289.333333   93.89 0.000000  0.93 0.000000 9.999 0.259000000 0.09 0.000000 0.072 0.000000  1.523 0.000   2.132 0.000 99.99 0.259000000  11.733 0.000   6.716 0.000   5.017 0.000000 0.071 0.000000 0.166 0.000000
291.333333 292.333333   50.81 0.559000  0.31 0.559000 9.999 0.559259000 9.99 0.559259 0.015 0.000000  0.457 0.000   0.639 0.000 99.99 0.559259000   6.213 0.559   3.749 0.000   2.464 0.559000 0.032 0.559000 0.065 0.000000
294.333333 295.333333   72.18 0.000000  0.64 0.000000 9.999 0.259000000 0.10 0.000000 0.028 0.000000  1.067 0.000   1.493 0.000 99.99 0.259000000  10.325 0.000   6.939 0.000   3.386 0.000000 0.037 0.000000 0.104 0.000000
297.333333 298.333333   30.67 0.559000  0.20 0.559000 9.999 0.559259000 9.99 0.559259 0.008 0.000000  0.251 0.000   0.352 0.000 99.99 0.559259000   2.120 0.559   1.069 0.000   1.051 0.559000 0.014 0.559000 0.046 0.000000
300.333333 301.333333   23.00 0.000000  0.66 0.000000 9.999 0.259000000 0.10 0.000000 0.291 0.000000  2.519 0.000   3.526 0.000 99.99 0.259000000   8.607 0.000   0.855 0.000   7.752 0.000000 0.110 0.000000 0.396 0.000000
303.333333 304.333333   18.46 0.559000  0.32 0.559000 9.999 0.559259000 0.37 0.559000 0.017 0.000000  0.124 0.000   0.173 0.000 99.99 0.559259000   1.286 0.000   0.147 0.000   1.139 0.559000 0.011 0.559000 0.093 0.000000
306.333333 307.333333    9.38 0.000000  0.39 0.000000 9.999 0.259000000 0.11 0.000000 0.006 0.000000  0.670 0.000   0.938 0.000 99.99 0.259000000   2.939 0.000   0.803 0.000   2.137 0.000000 0.017 0.000000 0.146 0.000000
309.333333 310.333333   17.73 0.000000  1.26 0.000000 9.999 0.259000000 0.08 0.000000 0.210 0.000000  5.846 0.000   8.184 0.000 99.99 0.259000000  13.367 0.000   2.563 0.000  10.803 0.000000 0.036 0.000000 0.258 0.000000
312.333333 313.333333   39.59 0.000000  0.62 0.000000 9.999 0.259000000 0.28 0.000000 0.068 0.000000  2.892 0.000   4.049 0.000 99.99 0.259000000   9.826 0.000   2.364 0.000   7.462 0.000000 0.040 0.000000 0.298 0.000000
315.333333 316.333333    1.58 0.000000 99.99 0.259000 9.999 0.259000000 9.99 0.259000 0.005 0.000000  0.071 0.000   0.100 0.000 99.99 0.259000000   0.332 0.000   0.036 0.000   0.297 0.000000 0.006 0.000000 0.013 0.000000
318.333333 319.333333    8.99 0.000000  0.59 0.000000 9.999 0.259000000 9.99 0.259000 0.080 0.000000  7.518 0.000  10.526 0.000 99.99 0.259000000  13.291 0.000   1.035 0.000  12.257 0.000000 0.057 0.000000 0.135 0.000000
321.333333 322.333333    3.92 0.559000  1.00 0.559000 9.999 0.559259000 9.99 0.559259 0.005 0.559000  0.752 0.000   1.054 0.000 99.99 0.559259000   2.674 0.000   0.602 0.000   2.072 0.559000 0.014 0.559000 0.139 0.559000
324.333333 325.333333    1.78 0.559000 99.99 0.559259 9.999 0.559259000 9.99 0.559259 0.019 0.559000  0.119 0.000   0.167 0.000 99.99 0.559259000   0.955 0.000   0.365 0.000   0.590 0.559000 0.006 0.559000 0.032 0.559000
327.333333 328.333333    0.79 0.559000  0.17 0.559000 9.999 0.559259000 9.99 0.559259 0.003 0.559000  0.034 0.000   0.047 0.000 99.99 0.559259000   0.808 0.000   0.637 0.000   0.171 0.559000 0.005 0.559000 0.007 0.559000
330.333333 331.333333    1.38 0.000000  0.19 0.000000 0.009 0.000000000 9.99 0.259000 0.003 0.000000  0.007 0.000   0.010 0.000 99.99 0.259000000   1.120 0.000   0.830 0.000   0.290 0.000000 9.999 0.259000 0.014 0.000000
333.333333 334.333333    6.38 0.559000  0.20 0.559000 9.999 0.559259000 0.11 0.559000 0.102 0.559000  0.220 0.000   0.307 0.000 99.99 0.559259000   1.662 0.000   0.731 0.000   0.932 0.559000 0.037 0.559000 0.066 0.559000
336.333333 337.333333 9999.99 0.999000 99.99 0.999000 9.999 0.999000000 9.99 0.999000 9.999 0.999000 99.999 0.999 999.999 0.999 99.99 0.999000000 999.999 0.999 999.999 0.999 999.999 0.999000 9.999 0.999000 9.999 0.999000
339.333333 340.333333    3.65 0.559000  0.34 0.559000 9.999 0.559259000 9.99 0.559259 0.010 0.559000  0.049 0.000   0.069 0.000 99.99 0.559259000   1.176 0.000   0.559 0.000   0.617 0.559000 0.004 0.559000 0.034 0.559000
342.333333 343.333333    1.54 0.000000  0.18 0.000000 9.999 0.259000000 9.99 0.259000 0.025 0.559000  0.178 0.000   0.249 0.000 99.99 0.259000000   0.919 0.000   0.218 0.000   0.700 0.000000 0.003 0.000000 0.018 0.559000
345.333333 346.333333    2.71 0.559000 99.99 0.559259 9.999 0.559259000 9.99 0.559259 0.007 0.000000  0.176 0.000   0.247 0.000 99.99 0.559259000   0.702 0.000   0.027 0.000   0.675 0.559000 0.007 0.559000 0.010 0.000000
348.333333 349.333333    1.04 0.000000 99.99 0.259000 9.999 0.259000000 0.07 0.000000 0.002 0.559000  0.351 0.000   0.492 0.000 99.99 0.259000000   0.665 0.000   0.128 0.000   0.537 0.000000 0.002 0.000000 0.004 0.559000
351.333333 352.333333    3.30 0.000000 99.99 0.259000 0.020 0.000000000 9.99 0.259000 0.014 0.000000  0.112 0.000   0.156 0.000 99.99 0.259000000   1.040 0.000   0.407 0.000   0.632 0.000000 0.004 0.000000 0.032 0.000000
354.333333 355.333333    1.15 0.559000  0.16 0.559000 9.999 0.559259000 9.99 0.559259 0.004 0.559000  0.056 0.000   0.079 0.000 99.99 0.559259000   0.332 0.000 999.999 0.259   0.343 0.559000 0.002 0.559000 0.009 0.559000
357.333333 358.333333    5.84 0.559000 99.99 0.559259 0.037 0.559000000 0.28 0.559000 0.001 0.559000  0.109 0.000   0.152 0.000 99.99 0.559259000   0.665 0.000   0.105 0.000   0.560 0.559000 0.005 0.559000 0.017 0.559000
360.333333 361.333333    0.81 0.559000  0.24 0.559000 9.999 0.559259000 9.99 0.559259 9.999 0.259000  0.037 0.000   0.052 0.000 99.99 0.559259000   0.257 0.000   0.257 0.000 999.999 0.559259 9.999 0.559259 0.016 0.000000
363.333333 364.333333    0.79 0.559000  0.23 0.559000 9.999 0.559259000 0.06 0.559000 9.999 0.259000  0.107 0.000   0.149 0.000  2.83 0.559000000   0.147 0.000 999.999 0.259   0.189 0.559000 9.999 0.559259 0.003 0.000000
