scripts/IMPROVE-2019_partial/data/US0566R.19930102080000.20191216000000.filterpack...1y.3d.US03L_filterpack_US0566.US03L_IMPROVE_Davis.lev2.nas
51 1001
MISSING INFORMATION
US03L, IMPROVE, , , , , , , 
MISSING INFORMATION
IMPROVE sel_HTAP
1 1
1993 01 01 2019 12 16
0
days from file reference point
4
1 1 1 1
999.999999 999.999 999.999 9.999
end_time of measurement, days from the file reference point
pm10_mass, ug/m3, Matrix=pm10
pm25_mass, ug/m3, Matrix=pm25
numflag, no unit
0
33
Data definition:              EBAS_1.1
Set type code:                TI
Timezone:                     UTC
File name:                    US0566R.19930102080000.20191216000000.filterpack...1y.3d.US03L_filterpack_US0566.US03L_IMPROVE_Davis.lev2.nas
File creation:                20191218120242
Startdate:                    19930102080000
Revision date:                20191216000000
Version:                      2
Version description:          "Data extracted from http://views.cira.colostate.edu/fed/DataWizard 2019-12-16"
Statistics:                   arithmetic mean
Data level:                   2
Period code:                  1y
Resolution code:              3d
Sample duration:              1d
Orig. time res.:              3d
Station code:                 US0566R
Platform code:                US0566S
Station name:                 Pinnacles National Monument-Bear Valley (CA66)
Station latitude:             36.4834
Station longitude:            -121.157
Station altitude:             317.0 m
Regime:                       IMG
Component:                    
Unit:                         ug/m3
Matrix:                       
Laboratory code:              US03L
Instrument type:              filterpack
Instrument name:              filterpack_US0566
Method ref:                   US03L_IMPROVE_Davis
Blank correction:             Blank corrected
Volume std. temperature:      ambient
Volume std. pressure:         ambient
starttime endtime PM10 PM2.5 flag
  1.333333   2.333333   5.592   4.052 0.000
  5.333333   6.333333   6.520   2.283 0.000
  8.333333   9.333333   2.571   1.206 0.000
 12.333333  13.333333   6.979   2.690 0.000
 15.333333  16.333333   4.960   1.402 0.000
 19.333333  20.333333   4.351   1.585 0.000
 22.333333  23.333333   5.191   2.774 0.000
 26.333333  27.333333   7.074   4.431 0.000
 29.333333  30.333333  21.336  17.957 0.000
 33.333333  34.333333  16.948   4.715 0.000
 36.333333  37.333333   6.310   4.560 0.000
 40.333333  41.333333   6.708   1.788 0.000
 43.333333  44.333333  11.556   7.898 0.000
 47.333333  48.333333   9.059   3.975 0.000
 50.333333  51.333333   5.404   1.483 0.000
 54.333333  55.333333   6.207   3.673 0.000
 57.333333  58.333333   4.583   3.148 0.000
 61.333333  62.333333   8.824   2.500 0.000
 64.333333  65.333333  12.342   7.323 0.000
 68.333333  69.333333  10.476   4.067 0.000
 71.333333  72.333333  11.099 999.999 0.000
 75.333333  76.333333   6.585 999.999 0.000
 78.333333  79.333333  18.032   7.704 0.000
 82.333333  83.333333   8.675   2.508 0.000
 85.333333  86.333333  13.725   5.138 0.000
 89.333333  90.333333  13.113   6.729 0.000
 92.333333  93.333333  11.515   5.719 0.000
 96.333333  97.333333  15.647   6.192 0.000
 99.333333 100.333333  12.873   6.142 0.000
103.333333 104.333333  10.327   5.249 0.000
106.333333 107.333333  13.586   5.122 0.000
110.333333 111.333333   9.277   4.055 0.000
113.333333 114.333333   9.558   5.368 0.000
117.333333 118.333333  19.046   6.595 0.000
120.333333 121.333333  29.351  11.292 0.000
124.333333 125.333333  15.078   3.837 0.000
127.333333 128.333333  14.517   6.586 0.000
131.333333 132.333333   6.103   2.835 0.000
134.333333 135.333333  18.963   5.879 0.000
138.333333 139.333333   9.243   2.817 0.000
141.333333 142.333333  12.143   5.311 0.000
145.333333 146.333333   9.605   2.469 0.000
148.333333 149.333333  12.745   2.888 0.000
152.333333 153.333333  11.028   2.965 0.000
155.333333 156.333333   6.461   2.648 0.000
159.333333 160.333333  12.469   5.895 0.000
162.333333 163.333333  13.828   5.556 0.000
166.333333 167.333333  17.668  12.975 0.000
169.333333 170.333333  16.235   6.790 0.000
173.333333 174.333333  15.858   6.074 0.000
176.333333 177.333333  18.550   6.595 0.000
180.333333 181.333333  23.472   6.246 0.000
183.333333 184.333333  21.128   8.215 0.000
187.333333 188.333333  16.452   7.508 0.000
190.333333 191.333333  16.617   7.108 0.000
194.333333 195.333333  19.302  11.407 0.000
197.333333 198.333333  16.198   8.899 0.000
201.333333 202.333333  14.173   5.031 0.000
204.333333 205.333333  16.216   7.453 0.000
208.333333 209.333333  12.500   3.735 0.000
211.333333 212.333333  19.164   7.708 0.000
215.333333 216.333333  14.173   5.335 0.000
218.333333 219.333333  14.089   6.524 0.000
222.333333 223.333333  10.881   5.273 0.000
225.333333 226.333333  13.643   5.970 0.000
229.333333 230.333333  14.291   4.482 0.000
232.333333 233.333333  13.092   5.399 0.000
236.333333 237.333333  22.510   7.882 0.000
239.333333 240.333333  17.088   7.152 0.000
243.333333 244.333333  17.491  10.182 0.000
246.333333 247.333333  13.358   5.152 0.000
250.333333 251.333333  25.349   9.813 0.000
253.333333 254.333333  17.376   6.822 0.000
257.333333 258.333333  19.000   7.454 0.000
260.333333 261.333333  15.719   8.896 0.000
264.333333 265.333333  17.117   8.445 0.000
267.333333 268.333333  17.011   6.667 0.000
271.333333 272.333333  28.016  10.495 0.000
274.333333 275.333333  21.274   8.941 0.000
278.333333 279.333333  10.898   4.765 0.000
281.333333 282.333333  25.898   8.698 0.000
285.333333 286.333333   8.845   4.116 0.000
288.333333 289.333333   5.299   1.605 0.000
292.333333 293.333333  14.731   7.087 0.000
295.333333 296.333333  18.707   9.149 0.000
299.333333 300.333333  32.756  13.323 0.000
302.333333 303.333333  34.843  20.126 0.000
306.333333 307.333333  19.960   8.692 0.000
309.333333 310.333333  22.377   7.508 0.000
313.333333 314.333333  14.506   7.066 0.000
316.333333 317.333333  10.976   7.760 0.000
320.333333 321.333333  11.480   6.199 0.000
323.333333 324.333333   9.882   6.500 0.000
327.333333 328.333333   9.328   4.873 0.000
330.333333 331.333333  14.784   8.503 0.000
334.333333 335.333333  11.040   6.312 0.000
337.333333 338.333333   9.643   6.312 0.000
341.333333 342.333333   7.510   2.727 0.000
344.333333 345.333333   7.640   1.308 0.000
348.333333 349.333333   5.370   2.991 0.000
351.333333 352.333333  11.467   8.474 0.000
355.333333 356.333333   9.838   4.375 0.000
358.333333 359.333333  12.092   4.348 0.000
362.333333 363.333333 999.999 999.999 0.999
