scripts/IMPROVE-2019_partial/data/US0596R.20030103080000.20191216000000.filterpack..pm25.1y.1w.US03L_filterpack_US0596.US03L_IMPROVE_Davis.lev2.nas
66 1001
MISSING INFORMATION
US03L, IMPROVE, , , , , , , 
MISSING INFORMATION
IMPROVE sel_HTAP
1 1
2003 01 01 2019 12 16
3.000000
days from file reference point
27
1 1 1 1 1 1 1 1 1 1 1 1 1 1 1 1 1 1 1 1 1 1 1 1 1 1 1
999.999999 9999.99 9.999 99.99 9.999999 9.999 9.999999 9.99 9.999999 9.999 9.999 99.999 9.999 99.999 9.999 99.99 9.999999 999.999 9.999 99.999 9.999 999.999 9.999 9.999 9.999 9.999 9.999
end_time of measurement, days from the file reference point
iron, ng/m3, Revision date=20181210133000
numflag iron, no unit, Revision date=20181210133000
lead, ng/m3, Revision date=20181210133000
numflag lead, no unit, Revision date=20181210133000
magnesium, ug/m3, Revision date=20181210133000
numflag magnesium, no unit, Revision date=20181210133000
nickel, ng/m3, Revision date=20181210133000
numflag nickel, no unit, Revision date=20181210133000
nitrate, ug N/m3, Revision date=20181210133000
numflag nitrate, no unit, Revision date=20181210133000
organic_carbon, ug C/m3, Revision date=20181210133000
numflag organic_carbon, no unit, Revision date=20181210133000
organic_mass, ug/m3, Revision date=20181210133000
numflag organic_mass, no unit, Revision date=20181210133000
phosphorus, ng/m3, Revision date=20181210133000
numflag phosphorus, no unit, Revision date=20181210133000
pm10_mass, ug/m3, Version=2, Version description=Data extracted from http://views.cira.colostate.edu/fed/DataWizard 2019-12-16, Sample duration=1d, Orig. time res.=3d, Matrix=pm10, Blank correction=Blank corrected, Volume std. temperature=ambient, Volume std. pressure=ambient
numflag pm10_mass, no unit, Version=2, Version description=Data extracted from http://views.cira.colostate.edu/fed/DataWizard 2019-12-16, Sample duration=1d, Orig. time res.=3d, Matrix=pm10, Blank correction=Blank corrected, Volume std. temperature=ambient, Volume std. pressure=ambient
pm10_pm25_mass, ug/m3, Revision date=20181210133000, Matrix=pm10_pm25
numflag pm10_pm25_mass, no unit, Revision date=20181210133000, Matrix=pm10_pm25
pm25_mass, ug/m3, Version=2, Version description=Data extracted from http://views.cira.colostate.edu/fed/DataWizard 2019-12-16, Sample duration=1d, Orig. time res.=3d, Blank correction=Blank corrected, Volume std. temperature=ambient, Volume std. pressure=ambient
numflag pm25_mass, no unit, Version=2, Version description=Data extracted from http://views.cira.colostate.edu/fed/DataWizard 2019-12-16, Sample duration=1d, Orig. time res.=3d, Blank correction=Blank corrected, Volume std. temperature=ambient, Volume std. pressure=ambient
potassium, ug/m3, Revision date=20181210133000
numflag potassium, no unit, Revision date=20181210133000
sulphate_total, ug S/m3, Revision date=20181210133000
numflag sulphate_total, no unit, Revision date=20181210133000
0
25
Data definition:              EBAS_1.1
Set type code:                TU
Timezone:                     UTC
File name:                    US0596R.20030103080000.20191216000000.filterpack..pm25.1y.1w.US03L_filterpack_US0596.US03L_IMPROVE_Davis.lev2.nas
File creation:                20191218120256
Startdate:                    20030103080000
Revision date:                20191216000000
Statistics:                   arithmetic mean
Data level:                   2
Period code:                  1y
Resolution code:              1w
Station code:                 US0596R
Platform code:                US0596S
Station name:                 Lassen Volcanic National Park-Manzanita Lake
Station latitude:             40.539
Station longitude:            -121.5772
Station altitude:             1754.0 m
Regime:                       IMG
Component:                    
Matrix:                       pm25
Laboratory code:              US03L
Instrument type:              filterpack
Instrument name:              filterpack_US0596
Method ref:                   US03L_IMPROVE_Davis
starttime endtime Fe flag_Fe Pb flag_Pb Mg++ flag_Mg++ Ni flag_Ni NO3- flag_NO3- OC flag_OC OM flag_OM P flag_P PM10 flag_PM10 PM10-PM2.5 flag_PM10-PM2.5 PM2.5 flag_PM2.5 K+ flag_K+ SO4-- flag_SO4--
  2.333333   3.333333    2.09 0.000  0.06 0.000000 9.999 0.259000 9.99 0.259000 0.001 0.000  0.167 0.000  0.234 0.000 99.99 0.259000   0.591 0.000 99.999 0.259   0.710 0.000 0.003 0.000 0.028 0.000
  5.333333   6.333333    2.38 0.000  0.10 0.000000 0.017 0.000000 9.99 0.259000 0.002 0.000  0.215 0.000  0.300 0.000 99.99 0.259000   0.588 0.000  0.345 0.000   0.243 0.000 0.003 0.000 0.017 0.000
  8.333333   9.333333   23.56 0.000  0.21 0.000000 9.999 0.259000 9.99 0.259000 0.030 0.000  0.602 0.000  0.843 0.000 99.99 0.259000   3.123 0.000  0.905 0.000   2.218 0.000 0.026 0.000 0.122 0.000
 11.333333  12.333333    0.71 0.000 99.99 0.259000 9.999 0.259000 9.99 0.259000 0.001 0.000  0.059 0.000  0.082 0.000 99.99 0.259000   0.148 0.000 99.999 0.259   0.181 0.000 0.002 0.000 0.019 0.000
 14.333333  15.333333    1.23 0.000  0.08 0.000000 9.999 0.259000 9.99 0.259000 9.999 0.259  0.056 0.000  0.078 0.000 99.99 0.259000   0.259 0.000 99.999 0.259   0.275 0.000 0.002 0.000 0.017 0.000
 17.333333  18.333333    2.87 0.000  0.13 0.000000 9.999 0.259000 9.99 0.259000 0.003 0.000  0.343 0.000  0.480 0.000 99.99 0.259000   0.767 0.000  0.282 0.000   0.485 0.000 0.003 0.000 0.011 0.000
 20.333333  21.333333    2.57 0.000  0.37 0.000000 0.016 0.000000 0.03 0.000000 0.004 0.000  0.078 0.000  0.109 0.000 99.99 0.259000   0.821 0.000  0.412 0.000   0.409 0.000 0.004 0.000 0.048 0.000
 23.333333  24.333333    5.02 0.000  0.28 0.000000 9.999 0.259000 9.99 0.259000 0.009 0.000  0.065 0.000  0.090 0.000 99.99 0.259000   0.919 0.000  0.127 0.000   0.792 0.000 0.006 0.000 0.054 0.000
 26.333333  27.333333    2.23 0.000  0.26 0.000000 0.018 0.000000 9.99 0.259000 0.013 0.000  0.138 0.000  0.193 0.000 99.99 0.259000   0.702 0.000  0.082 0.000   0.620 0.000 0.006 0.000 0.057 0.000
 29.333333  30.333333    0.98 0.000  0.05 0.000000 9.999 0.259000 9.99 0.259000 0.001 0.000  0.164 0.000  0.230 0.000 99.99 0.259000   0.110 0.000 99.999 0.259   0.243 0.000 0.003 0.000 0.012 0.000
 32.333333  33.333333    0.62 0.000  0.09 0.000000 0.019 0.000000 9.99 0.259000 0.009 0.000  0.201 0.000  0.281 0.000 99.99 0.259000   0.037 0.000 99.999 0.259   0.125 0.000 0.004 0.000 0.011 0.000
 35.333333  36.333333    1.19 0.000  0.10 0.000000 0.012 0.000000 9.99 0.259000 0.003 0.559  0.173 0.000  0.242 0.000  1.40 0.000000   0.294 0.000  0.082 0.000   0.212 0.000 0.003 0.000 0.021 0.559
 38.333333  39.333333    2.09 0.000  0.15 0.000000 9.999 0.259000 9.99 0.259000 0.002 0.000  0.209 0.000  0.292 0.000 99.99 0.259000   0.402 0.000  0.145 0.000   0.257 0.000 0.004 0.000 0.029 0.000
 41.333333  42.333333 9999.99 0.999 99.99 0.999000 9.999 0.999000 9.99 0.999000 9.999 0.999 99.999 0.999 99.999 0.999 99.99 0.999000 999.999 0.999 99.999 0.999 999.999 0.999 9.999 0.999 9.999 0.999
 44.333333  45.333333    1.08 0.000  0.13 0.000000 9.999 0.259000 9.99 0.259000 0.020 0.000  0.343 0.000  0.480 0.000 99.99 0.259000   0.365 0.000 99.999 0.259   0.534 0.000 0.008 0.000 0.033 0.000
 47.333333  48.333333    7.30 0.000  0.49 0.000000 9.999 0.259000 0.07 0.000000 0.013 0.000  0.134 0.000  0.188 0.000 99.99 0.259000   1.182 0.000  0.349 0.000   0.833 0.000 0.013 0.000 0.107 0.000
 50.333333  51.333333    2.69 0.000  0.14 0.000000 9.999 0.259000 9.99 0.259000 0.005 0.000  0.128 0.000  0.178 0.000 99.99 0.259000   0.183 0.000 99.999 0.259   0.253 0.000 0.004 0.000 0.025 0.000
 53.333333  54.333333   51.56 0.000  0.41 0.000000 0.019 0.000000 9.99 0.259000 0.017 0.000  0.379 0.000  0.530 0.000 99.99 0.259000   3.601 0.000  1.732 0.000   1.869 0.000 0.038 0.000 0.083 0.000
 56.333333  57.333333   18.13 0.000  0.43 0.000000 9.999 0.259000 9.99 0.259000 0.056 0.000  0.439 0.000  0.614 0.000 99.99 0.259000   1.588 0.000  0.156 0.000   1.433 0.000 0.026 0.000 0.128 0.000
 59.333333  60.333333   11.73 0.000  0.22 0.000000 0.018 0.000000 9.99 0.259000 0.008 0.000  0.494 0.000  0.692 0.000 99.99 0.259000   0.841 0.000  0.221 0.000   0.620 0.000 0.011 0.000 0.047 0.000
 62.333333  63.333333    7.94 0.000  0.20 0.000000 9.999 0.259000 9.99 0.259000 0.004 0.000  0.358 0.000  0.502 0.000 99.99 0.259000   0.408 0.000 99.999 0.259   0.483 0.000 0.008 0.000 0.025 0.000
 65.333333  66.333333   34.34 0.000  1.73 0.000000 9.999 0.259000 9.99 0.259000 0.167 0.000  0.829 0.000  1.160 0.000 99.99 0.259000   3.748 0.000  0.291 0.000   3.457 0.000 0.043 0.000 0.338 0.000
 68.333333  69.333333    9.32 0.000  0.25 0.000000 9.999 0.259000 9.99 0.259000 0.011 0.000  0.487 0.000  0.681 0.000 99.99 0.259000   0.877 0.000  0.102 0.000   0.775 0.000 0.015 0.000 0.060 0.000
 71.333333  72.333333    9.95 0.000  0.26 0.000000 9.999 0.259000 9.99 0.259000 0.162 0.000  0.460 0.000  0.644 0.000 99.99 0.259000   1.881 0.000  0.375 0.000   1.506 0.000 0.013 0.000 0.138 0.000
 74.333333  75.333333    6.65 0.000  0.13 0.000000 9.999 0.259000 9.99 0.259000 0.029 0.000  0.062 0.000  0.087 0.000 99.99 0.259000   0.977 0.000  0.247 0.000   0.729 0.000 0.008 0.000 0.043 0.000
 77.333333  78.333333   18.61 0.000  0.29 0.000000 9.999 0.259000 9.99 0.259000 0.019 0.000  0.232 0.000  0.324 0.000 99.99 0.259000   1.374 0.000  0.283 0.000   1.092 0.000 0.018 0.000 0.070 0.000
 80.333333  81.333333   15.06 0.000  0.77 0.000000 9.999 0.259000 9.99 0.259000 0.026 0.000  0.211 0.000  0.295 0.000 99.99 0.259000   1.411 0.000  0.086 0.000   1.324 0.000 0.025 0.000 0.130 0.000
 83.333333  84.333333   12.82 0.000  0.21 0.000000 9.999 0.259000 9.99 0.259000 0.017 0.000  0.161 0.000  0.226 0.000 99.99 0.259000   0.982 0.000  0.089 0.000   0.893 0.000 0.010 0.000 0.074 0.000
 86.333333  87.333333    7.63 0.000  0.32 0.000000 9.999 0.259000 9.99 0.259000 0.017 0.000  0.309 0.000  0.432 0.000 99.99 0.259000   1.013 0.000  0.173 0.000   0.840 0.000 0.008 0.000 0.080 0.000
 89.333333  90.333333   26.79 0.000  0.77 0.000000 9.999 0.259000 9.99 0.259000 0.079 0.000  1.021 0.000  1.429 0.000 99.99 0.259000   3.364 0.000  0.478 0.000   2.886 0.000 0.024 0.000 0.139 0.000
 92.333333  93.333333    8.07 0.559  0.29 0.559000 0.010 0.559000 0.09 0.559000 0.023 0.000  0.103 0.000  0.144 0.000 99.99 0.559259   0.992 0.000  0.038 0.000   0.954 0.559 0.009 0.559 0.071 0.000
 95.333333  96.333333   23.22 0.000  0.28 0.000000 0.010 0.000000 0.19 0.000000 0.017 0.000  0.077 0.000  0.107 0.000 99.99 0.259000   0.517 0.000 99.999 0.259   1.006 0.000 0.013 0.000 0.040 0.000
 98.333333  99.333333   61.04 0.000  1.53 0.000000 9.999 0.259000 0.09 0.000000 0.077 0.000  0.658 0.000  0.921 0.000 99.99 0.259000   4.345 0.000  0.618 0.000   3.727 0.000 0.038 0.000 0.288 0.000
101.333333 102.333333    9.52 0.000  0.27 0.000000 9.999 0.259000 0.07 0.000000 0.043 0.000  0.237 0.000  0.332 0.000 99.99 0.259000   1.506 0.000  0.452 0.000   1.054 0.000 0.011 0.000 0.103 0.000
104.333333 105.333333    8.63 0.000  0.38 0.000000 9.999 0.259000 0.19 0.000000 0.033 0.000  0.133 0.000  0.186 0.000 99.99 0.259000   2.881 0.000  1.537 0.000   1.344 0.000 0.009 0.000 0.070 0.000
107.333333 108.333333 9999.99 0.999 99.99 0.999000 9.999 0.999000 9.99 0.999000 9.999 0.999 99.999 0.999 99.999 0.999 99.99 0.999000 999.999 0.999 99.999 0.999 999.999 0.999 9.999 0.999 9.999 0.999
110.333333 111.333333   51.29 0.000  0.97 0.000000 9.999 0.259000 0.34 0.000000 0.114 0.000  0.631 0.000  0.884 0.000 99.99 0.259000   5.190 0.000  1.451 0.000   3.739 0.000 0.063 0.000 0.263 0.000
113.333333 114.333333    4.99 0.000 99.99 0.259000 9.999 0.259000 0.10 0.000000 0.007 0.000  0.167 0.000  0.234 0.000 99.99 0.259000   0.873 0.000  0.276 0.000   0.597 0.000 0.015 0.000 0.070 0.000
116.333333 117.333333   24.05 0.000  0.61 0.000000 9.999 0.259000 0.08 0.000000 0.044 0.000  0.367 0.000  0.514 0.000 99.99 0.259000   2.654 0.000  0.642 0.000   2.012 0.000 0.025 0.000 0.214 0.000
119.333333 120.333333    2.93 0.000 99.99 0.259000 0.020 0.000000 0.19 0.000000 0.002 0.000  0.238 0.000  0.333 0.000 99.99 0.259000   0.291 0.000 99.999 0.259   0.305 0.000 0.003 0.000 0.013 0.000
122.333333 123.333333    3.32 0.559 99.99 0.559259 0.032 0.559000 0.16 0.559000 0.005 0.000  0.097 0.000  0.136 0.000 99.99 0.559259   0.253 0.000 99.999 0.259   0.359 0.559 0.004 0.559 0.014 0.000
125.333333 126.333333   30.70 0.559  0.71 0.559000 9.999 0.559259 9.99 0.559259 0.046 0.000  0.955 0.000  1.337 0.000 99.99 0.559259   4.059 0.000  0.647 0.000   3.412 0.559 0.033 0.559 0.230 0.000
128.333333 129.333333    8.94 0.559  0.31 0.559000 9.999 0.559259 0.06 0.559000 0.043 0.000  0.500 0.000  0.700 0.000 99.99 0.559259   2.021 0.000  0.358 0.000   1.663 0.559 0.009 0.559 0.111 0.000
131.333333 132.333333   32.45 0.000  1.27 0.000000 9.999 0.259000 9.99 0.259000 0.053 0.000  1.065 0.000  1.491 0.000 99.99 0.259000   4.569 0.000  0.857 0.000   3.712 0.000 0.029 0.000 0.285 0.000
134.333333 135.333333   64.02 0.559  1.47 0.559000 9.999 0.559259 0.18 0.559000 0.247 0.000  2.035 0.000  2.849 0.000 99.99 0.559259  10.417 0.000  3.003 0.000   7.414 0.559 0.053 0.559 0.521 0.000
137.333333 138.333333   15.64 0.000  0.33 0.000000 0.010 0.000000 0.10 0.000000 0.013 0.000  0.992 0.000  1.389 0.000 99.99 0.259000   3.874 0.000  1.090 0.000   2.784 0.000 0.013 0.000 0.139 0.000
140.333333 141.333333   59.22 0.000  0.52 0.000000 9.999 0.259000 0.22 0.000000 0.015 0.000  1.722 0.000  2.411 0.000 99.99 0.259000   6.353 0.000  1.703 0.000   4.651 0.000 0.040 0.000 0.103 0.000
143.333333 144.333333  111.15 0.000  1.44 0.000000 9.999 0.259000 0.25 0.000000 0.113 0.000  2.512 0.000  3.517 0.000 99.99 0.259000  13.016 0.000  5.368 0.000   7.649 0.000 0.066 0.000 0.336 0.000
146.333333 147.333333   50.97 0.000  0.74 0.000000 0.013 0.000000 0.17 0.000000 0.009 0.000  1.200 0.000  1.681 0.000 99.99 0.259000   4.776 0.000  1.364 0.000   3.412 0.000 0.033 0.000 0.129 0.000
149.333333 150.333333   69.95 0.394  1.03 0.394000 9.999 0.394259 0.20 0.394000 0.079 0.394  1.473 0.000  2.062 0.000 99.99 0.394259   8.487 0.000  2.538 0.000   5.949 0.000 0.045 0.394 0.371 0.394
152.333333 153.333333   58.16 0.559  1.00 0.559000 9.999 0.559259 0.23 0.559000 0.024 0.559  4.022 0.000  5.631 0.000 99.99 0.559259  10.212 0.000  0.768 0.000   9.444 0.559 0.063 0.559 0.280 0.559
155.333333 156.333333   71.72 0.000  1.55 0.000000 9.999 0.259000 0.25 0.000000 0.018 0.000  2.285 0.000  3.200 0.000 99.99 0.259000   7.988 0.000  1.590 0.000   6.398 0.000 0.050 0.000 0.390 0.000
158.333333 159.333333   71.98 0.559  1.05 0.559000 9.999 0.559259 0.15 0.559000 0.048 0.000  3.003 0.000  4.204 0.000 99.99 0.559259  12.073 0.000  3.252 0.000   8.820 0.559 0.050 0.559 0.511 0.000
161.333333 162.333333   69.91 0.000  0.76 0.000000 9.999 0.259000 0.27 0.000000 0.167 0.000  2.115 0.000  2.961 0.000 99.99 0.259000   9.967 0.000  2.408 0.000   7.559 0.000 0.050 0.000 0.486 0.000
164.333333 165.333333   42.77 0.559  0.50 0.559000 9.999 0.559259 0.13 0.559000 0.030 0.000  1.239 0.000  1.734 0.000 99.99 0.559259   5.584 0.000  1.522 0.000   4.062 0.559 0.036 0.559 0.198 0.000
167.333333 168.333333   98.57 0.000  0.91 0.000000 9.999 0.259000 0.18 0.000000 0.059 0.000  2.870 0.000  4.018 0.000 99.99 0.259000  12.774 0.000  4.791 0.000   7.983 0.000 0.075 0.000 0.301 0.000
170.333333 171.333333   56.76 0.000  0.43 0.000000 9.999 0.259000 0.22 0.000000 0.119 0.000  1.557 0.000  2.180 0.000 99.99 0.259000   7.916 0.000  2.302 0.000   5.614 0.000 0.067 0.000 0.325 0.000
173.333333 174.333333   29.30 0.000  0.26 0.000000 9.999 0.259000 0.15 0.000000 0.013 0.000  0.568 0.000  0.795 0.000 99.99 0.259000   3.598 0.000  1.409 0.000   2.190 0.000 0.013 0.000 0.116 0.000
176.333333 177.333333   47.17 0.000 99.99 0.259000 9.999 0.259000 0.12 0.000000 0.011 0.000  1.317 0.000  1.844 0.000 99.99 0.259000   5.001 0.000  1.897 0.000   3.104 0.000 0.019 0.000 0.109 0.000
179.333333 180.333333   53.37 0.000  0.61 0.000000 9.999 0.259000 0.19 0.000000 0.018 0.000  1.256 0.000  1.759 0.000 99.99 0.259000   6.113 0.000  2.563 0.000   3.550 0.000 0.043 0.000 0.143 0.000
182.333333 183.333333   58.08 0.000  0.33 0.000000 9.999 0.259000 0.20 0.000000 0.021 0.000  0.732 0.000  1.025 0.000 99.99 0.259000   4.254 0.000  1.132 0.000   3.122 0.000 0.035 0.000 0.127 0.000
185.333333 186.333333   46.68 0.000  0.48 0.000000 9.999 0.259000 0.11 0.000000 0.023 0.559  1.582 0.000  2.215 0.000 99.99 0.259000   6.004 0.000  1.901 0.000   4.104 0.000 0.065 0.000 0.137 0.559
188.333333 189.333333   53.50 0.559  0.38 0.559000 9.999 0.559259 0.13 0.559000 0.040 0.000  0.957 0.000  1.340 0.000 99.99 0.559259   5.438 0.000  1.962 0.000   3.475 0.559 0.031 0.559 0.158 0.000
191.333333 192.333333   50.36 0.000  0.30 0.000000 9.999 0.259000 0.13 0.000000 0.014 0.000  0.950 0.000  1.330 0.000 99.99 0.259000   5.490 0.000  2.285 0.000   3.205 0.000 0.026 0.000 0.193 0.000
194.333333 195.333333   39.51 0.000  0.29 0.000000 9.999 0.259000 0.10 0.000000 0.007 0.000  1.081 0.000  1.513 0.000 99.99 0.259000   4.354 0.000  1.826 0.000   2.528 0.000 0.016 0.000 0.065 0.000
197.333333 198.333333   47.34 0.000  0.40 0.000000 9.999 0.259000 0.15 0.000000 0.018 0.000  0.915 0.000  1.281 0.000 99.99 0.259000   4.498 0.000  1.858 0.000   2.639 0.000 0.024 0.000 0.151 0.000
200.333333 201.333333   80.15 0.559  0.54 0.559000 9.999 0.559259 0.21 0.559000 0.025 0.000  2.939 0.000  4.114 0.000 99.99 0.559259   9.450 0.000  2.406 0.000   7.044 0.559 0.041 0.559 0.208 0.000
203.333333 204.333333  105.57 0.000  0.89 0.000000 9.999 0.259000 0.26 0.000000 0.041 0.000  3.968 0.000  5.555 0.000 99.99 0.259000  14.429 0.000  3.745 0.000  10.684 0.000 0.082 0.000 0.431 0.000
206.333333 207.333333   54.80 0.699  0.56 0.699000 9.999 0.699259 0.15 0.699000 0.054 0.559  1.540 0.000  2.156 0.000 99.99 0.699259   8.197 0.000  2.713 0.000   5.484 0.699 0.036 0.699 0.393 0.559
209.333333 210.333333   87.92 0.559  0.32 0.559000 9.999 0.559259 0.12 0.559000 0.023 0.000  2.668 0.000  3.735 0.000 99.99 0.559259  11.608 0.000  5.178 0.000   6.430 0.559 0.038 0.559 0.212 0.000
212.333333 213.333333   55.56 0.559  0.85 0.559000 9.999 0.559259 0.20 0.559000 0.032 0.000  2.124 0.000  2.974 0.000 99.99 0.559259   9.162 0.000  2.777 0.000   6.385 0.559 0.060 0.559 0.320 0.000
215.333333 216.333333   39.47 0.000  0.44 0.000000 9.999 0.259000 0.33 0.000000 0.032 0.000  1.386 0.000  1.940 0.000 99.99 0.259000   5.787 0.000  1.168 0.000   4.619 0.000 0.028 0.000 0.314 0.000
218.333333 219.333333   35.57 0.559  0.37 0.559000 9.999 0.559259 0.17 0.559000 0.029 0.000  0.932 0.000  1.305 0.000 99.99 0.559259   4.774 0.000  1.302 0.000   3.472 0.559 0.020 0.559 0.182 0.000
221.333333 222.333333   27.41 0.000  0.20 0.000000 9.999 0.259000 0.10 0.000000 0.011 0.559  0.558 0.000  0.781 0.000 99.99 0.259000   2.857 0.000  0.851 0.000   2.006 0.000 0.014 0.000 0.063 0.559
224.333333 225.333333   62.34 0.000  0.32 0.000000 9.999 0.259000 0.14 0.000000 0.033 0.559  1.639 0.000  2.295 0.000 99.99 0.259000   6.326 0.000  2.046 0.000   4.281 0.000 0.051 0.000 0.109 0.559
227.333333 228.333333   35.81 0.000  0.31 0.000000 9.999 0.259000 0.07 0.000000 0.021 0.559  1.511 0.000  2.116 0.000 99.99 0.259000   5.262 0.000  1.727 0.000   3.535 0.000 0.029 0.000 0.077 0.559
230.333333 231.333333   61.39 0.000  0.48 0.000000 9.999 0.259000 0.11 0.000000 0.023 0.000  1.527 0.000  2.137 0.000 99.99 0.259000   7.516 0.000  2.843 0.000   4.672 0.000 0.030 0.000 0.171 0.000
233.333333 234.333333   18.97 0.000  0.26 0.000000 9.999 0.259000 0.09 0.000000 0.036 0.000  0.905 0.000  1.267 0.000 99.99 0.259000   3.906 0.000  0.903 0.000   3.003 0.000 0.022 0.000 0.174 0.000
236.333333 237.333333   23.76 0.000  0.42 0.000000 9.999 0.259000 0.12 0.000000 0.008 0.000  0.669 0.000  0.937 0.000 99.99 0.259000   3.958 0.000  1.601 0.000   2.357 0.000 0.014 0.000 0.097 0.000
239.333333 240.333333   42.34 0.000  0.33 0.000000 0.027 0.000000 0.13 0.000000 0.019 0.000  0.707 0.000  0.990 0.000 99.99 0.259000   3.274 0.000  0.783 0.000   2.491 0.000 0.018 0.000 0.076 0.000
