scripts/IMPROVE-2019_partial/data/US0567R.20110103080000.20191216000000.filterpack...1y.3d.US03L_filterpack_US0567.US03L_IMPROVE_Davis.lev2.nas
52 1001
MISSING INFORMATION
US03L, IMPROVE, , , , , , , 
MISSING INFORMATION
IMPROVE sel_HTAP
1 1
2011 01 01 2019 12 16
3.000000
days from file reference point
5
1 1 1 1 1
999.999999 999.999 9.999 999.999 9.999
end_time of measurement, days from the file reference point
pm10_mass, ug/m3, Matrix=pm10
numflag pm10_mass, no unit, Matrix=pm10
pm25_mass, ug/m3, Matrix=pm25
numflag pm25_mass, no unit, Matrix=pm25
0
33
Data definition:              EBAS_1.1
Set type code:                TU
Timezone:                     UTC
File name:                    US0567R.20110103080000.20191216000000.filterpack...1y.3d.US03L_filterpack_US0567.US03L_IMPROVE_Davis.lev2.nas
File creation:                20191218120251
Startdate:                    20110103080000
Revision date:                20191216000000
Version:                      2
Version description:          "Data extracted from http://views.cira.colostate.edu/fed/DataWizard 2019-12-16"
Statistics:                   arithmetic mean
Data level:                   2
Period code:                  1y
Resolution code:              3d
Sample duration:              1d
Orig. time res.:              3d
Station code:                 US0567R
Platform code:                US0567S
Station name:                 Joshua Tree National Park-Black Rock
Station latitude:             34.0695
Station longitude:            -116.3889
Station altitude:             1239.0 m
Regime:                       IMG
Component:                    
Unit:                         ug/m3
Matrix:                       
Laboratory code:              US03L
Instrument type:              filterpack
Instrument name:              filterpack_US0567
Method ref:                   US03L_IMPROVE_Davis
Blank correction:             Blank corrected
Volume std. temperature:      ambient
Volume std. pressure:         ambient
starttime endtime PM10 flag_PM10 PM2.5 flag_PM2.5
  2.333333   3.333333   3.057 0.000   2.007 0.000
  5.333333   6.333333   2.066 0.000   0.736 0.000
  8.333333   9.333333   5.661 0.000   3.454 0.000
 11.333333  12.333333   3.147 0.000   0.853 0.659
 14.333333  15.333333   3.481 0.000   0.941 0.659
 17.333333  18.333333   6.920 0.000   1.142 0.659
 20.333333  21.333333   3.195 0.000   0.946 0.659
 23.333333  24.333333   3.284 0.000   0.805 0.659
 26.333333  27.333333   3.267 0.000   0.949 0.659
 29.333333  30.333333   4.141 0.000   1.519 0.000
 32.333333  33.333333  17.049 0.000   3.001 0.000
 35.333333  36.333333   6.526 0.000   1.728 0.659
 38.333333  39.333333  37.656 0.000   5.605 0.000
 41.333333  42.333333   5.012 0.000   1.243 0.000
 44.333333  45.333333   7.507 0.000   2.171 0.000
 47.333333  48.333333   5.516 0.000   1.903 0.000
 50.333333  51.333333   1.179 0.000   0.947 0.000
 53.333333  54.333333   8.864 0.000   5.863 0.000
 56.333333  57.333333   1.094 0.000   0.683 0.000
 59.333333  60.333333   3.718 0.000   1.659 0.000
 62.333333  63.333333   4.966 0.000   2.082 0.000
 65.333333  66.333333   4.971 0.000   1.890 0.000
 68.333333  69.333333   6.180 0.000   2.008 0.659
 71.333333  72.333333   8.362 0.000   3.218 0.000
 74.333333  75.333333   0.284 0.000   3.612 0.000
 77.333333  78.333333   0.463 0.000   6.013 0.000
 80.333333  81.333333   1.988 0.000   1.519 0.000
 83.333333  84.333333   3.050 0.000   1.342 0.000
 86.333333  87.333333   6.484 0.000   2.413 0.000
 89.333333  90.333333   4.279 0.000   1.236 0.659
 92.333333  93.333333   8.913 0.000   3.368 0.000
 95.333333  96.333333   4.968 0.000   2.272 0.000
 98.333333  99.333333   4.061 0.000   2.233 0.000
101.333333 102.333333  11.901 0.000 999.999 0.456
104.333333 105.333333  30.057 0.000  13.059 0.000
107.333333 108.333333   7.855 0.000   3.202 0.000
110.333333 111.333333   9.314 0.000   3.827 0.000
113.333333 114.333333   8.438 0.000   3.469 0.000
116.333333 117.333333  12.031 0.000   3.754 0.000
119.333333 120.333333  18.389 0.000   3.582 0.000
122.333333 123.333333   7.306 0.000   2.684 0.000
125.333333 126.333333  18.859 0.000   7.063 0.000
128.333333 129.333333   7.594 0.000   2.552 0.000
131.333333 132.333333  15.170 0.000   4.576 0.659
134.333333 135.333333 999.999 0.999 999.999 0.999
137.333333 138.333333 999.999 0.999 999.999 0.999
140.333333 141.333333 999.999 0.999 999.999 0.999
143.333333 144.333333 999.999 0.999 999.999 0.999
146.333333 147.333333   9.945 0.000   3.433 0.000
149.333333 150.333333   8.148 0.000   2.109 0.000
152.333333 153.333333   9.785 0.000   3.039 0.000
155.333333 156.333333   5.892 0.000   2.168 0.000
158.333333 159.333333  10.179 0.000   3.453 0.000
161.333333 162.333333   8.468 0.000   3.588 0.000
164.333333 165.333333  12.811 0.000   4.662 0.000
167.333333 168.333333   8.595 0.000   3.269 0.000
170.333333 171.333333  13.115 0.000   3.948 0.000
173.333333 174.333333  12.662 0.000   3.705 0.000
176.333333 177.333333   7.500 0.000   2.558 0.000
179.333333 180.333333  10.256 0.000   2.541 0.000
182.333333 183.333333  16.238 0.000   5.456 0.000
185.333333 186.333333  20.503 0.000   8.792 0.000
188.333333 189.333333  23.021 0.000  11.157 0.000
191.333333 192.333333   8.057 0.000   3.276 0.000
194.333333 195.333333   7.462 0.000 999.999 0.456
197.333333 198.333333   9.446 0.000   3.439 0.000
200.333333 201.333333  10.853 0.000   3.259 0.000
203.333333 204.333333  22.769 0.000   6.910 0.000
206.333333 207.333333  13.423 0.000   4.547 0.000
209.333333 210.333333  16.294 0.000   6.292 0.000
212.333333 213.333333  10.978 0.000   5.326 0.000
215.333333 216.333333   4.335 0.000   1.360 0.000
218.333333 219.333333   7.827 0.000   4.034 0.000
221.333333 222.333333  10.439 0.000   4.093 0.000
224.333333 225.333333  15.556 0.000   5.599 0.000
227.333333 228.333333  12.783 0.000   5.064 0.000
230.333333 231.333333  16.430 0.000   6.212 0.000
233.333333 234.333333   7.935 0.000   3.290 0.000
236.333333 237.333333  13.884 0.000   5.830 0.000
239.333333 240.333333  51.809 0.000  12.577 0.000
242.333333 243.333333   6.047 0.000   1.536 0.000
245.333333 246.333333   7.623 0.000   3.016 0.000
248.333333 249.333333   8.957 0.000   5.298 0.000
251.333333 252.333333  15.405 0.000   5.708 0.000
254.333333 255.333333   7.884 0.000   4.165 0.000
257.333333 258.333333  15.768 0.000   8.425 0.000
260.333333 261.333333   9.390 0.000   5.071 0.000
263.333333 264.333333  13.965 0.000   6.001 0.000
266.333333 267.333333   8.142 0.000   3.031 0.000
269.333333 270.333333  12.115 0.000   3.916 0.000
272.333333 273.333333   7.754 0.000   3.204 0.000
275.333333 276.333333   6.876 0.000   2.336 0.000
278.333333 279.333333   6.244 0.000   3.083 0.000
281.333333 282.333333   3.275 0.000   1.378 0.000
284.333333 285.333333   9.027 0.000   3.637 0.000
287.333333 288.333333  10.188 0.000   4.600 0.000
290.333333 291.333333   6.857 0.000   1.938 0.000
293.333333 294.333333  13.025 0.000   4.616 0.000
296.333333 297.333333   8.065 0.000   3.623 0.000
299.333333 300.333333   7.376 0.000   2.991 0.000
302.333333 303.333333   6.377 0.000   3.175 0.000
305.333333 306.333333  10.672 0.000   2.472 0.000
308.333333 309.333333   6.864 0.000   3.094 0.000
311.333333 312.333333   3.179 0.000   1.742 0.000
314.333333 315.333333   7.562 0.000   2.667 0.000
317.333333 318.333333   6.187 0.000   3.190 0.000
320.333333 321.333333 999.999 0.456 999.999 0.456
323.333333 324.333333 999.999 0.456 999.999 0.456
326.333333 327.333333   3.181 0.000   1.307 0.000
329.333333 330.333333   7.519 0.000   3.157 0.000
332.333333 333.333333   5.032 0.000   1.813 0.000
335.333333 336.333333  22.645 0.000   5.892 0.000
338.333333 339.333333   5.186 0.000   1.627 0.000
341.333333 342.333333   4.736 0.000   1.549 0.000
344.333333 345.333333   5.550 0.000   2.940 0.000
347.333333 348.333333   3.677 0.000   2.626 0.000
350.333333 351.333333   4.491 0.000   2.104 0.000
353.333333 354.333333   4.056 0.000   1.776 0.000
356.333333 357.333333   3.016 0.000   0.856 0.000
359.333333 360.333333   3.131 0.000   1.133 0.000
362.333333 363.333333   4.574 0.000   1.255 0.000
