scripts/IMPROVE-2019_partial/data/US0567R.20000223080000.20191216000000.filterpack..pm25.10mo.1w.US03L_filterpack_US0567.US03L_IMPROVE_Davis.lev2.nas
64 1001
MISSING INFORMATION
US03L, IMPROVE, , , , , , , 
MISSING INFORMATION
IMPROVE sel_HTAP
1 1
2000 01 01 2019 12 16
0
days from file reference point
25
1 1 1 1 1 1 1 1 1 1 1 1 1 1 1 1 1 1 1 1 1 1 1 1 1
999.999999 9999.99 9.999 99.99 9.999 9.999 9.999999 99.99 9.999999 99.999 9.999 99.999 9.999 99.999 9.999 9999.999 9.999 9999.999 9.999 999.999 9.999 9.999 9.999 9.999 9.999
end_time of measurement, days from the file reference point
iron, ng/m3, Revision date=20181210133000
numflag iron, no unit, Revision date=20181210133000
lead, ng/m3, Revision date=20181210133000
numflag lead, no unit, Revision date=20181210133000
magnesium, ug/m3, Revision date=20181210133000
numflag magnesium, no unit, Revision date=20181210133000
nickel, ng/m3, Revision date=20181210133000
numflag nickel, no unit, Revision date=20181210133000
nitrate, ug N/m3, Revision date=20181210133000
numflag nitrate, no unit, Revision date=20181210133000
organic_carbon, ug C/m3, Revision date=20181210133000
numflag organic_carbon, no unit, Revision date=20181210133000
organic_mass, ug/m3, Revision date=20181210133000
numflag organic_mass, no unit, Revision date=20181210133000
pm10_mass, ug/m3, Version=2, Version description=Data extracted from http://views.cira.colostate.edu/fed/DataWizard 2019-12-16, Sample duration=1d, Orig. time res.=3d, Matrix=pm10, Blank correction=Blank corrected, Volume std. temperature=ambient, Volume std. pressure=ambient
numflag pm10_mass, no unit, Version=2, Version description=Data extracted from http://views.cira.colostate.edu/fed/DataWizard 2019-12-16, Sample duration=1d, Orig. time res.=3d, Matrix=pm10, Blank correction=Blank corrected, Volume std. temperature=ambient, Volume std. pressure=ambient
pm10_pm25_mass, ug/m3, Revision date=20181210133000, Matrix=pm10_pm25
numflag pm10_pm25_mass, no unit, Revision date=20181210133000, Matrix=pm10_pm25
pm25_mass, ug/m3, Version=2, Version description=Data extracted from http://views.cira.colostate.edu/fed/DataWizard 2019-12-16, Sample duration=1d, Orig. time res.=3d, Blank correction=Blank corrected, Volume std. temperature=ambient, Volume std. pressure=ambient
numflag pm25_mass, no unit, Version=2, Version description=Data extracted from http://views.cira.colostate.edu/fed/DataWizard 2019-12-16, Sample duration=1d, Orig. time res.=3d, Blank correction=Blank corrected, Volume std. temperature=ambient, Volume std. pressure=ambient
potassium, ug/m3, Revision date=20181210133000
numflag potassium, no unit, Revision date=20181210133000
sulphate_total, ug S/m3, Revision date=20181210133000
numflag sulphate_total, no unit, Revision date=20181210133000
0
25
Data definition:              EBAS_1.1
Set type code:                TI
Timezone:                     UTC
File name:                    US0567R.20000223080000.20191216000000.filterpack..pm25.10mo.1w.US03L_filterpack_US0567.US03L_IMPROVE_Davis.lev2.nas
File creation:                20191218120248
Startdate:                    20000223080000
Revision date:                20191216000000
Statistics:                   arithmetic mean
Data level:                   2
Period code:                  10mo
Resolution code:              1w
Station code:                 US0567R
Platform code:                US0567S
Station name:                 Joshua Tree National Park-Black Rock
Station latitude:             34.0695
Station longitude:            -116.3889
Station altitude:             1239.0 m
Regime:                       IMG
Component:                    
Matrix:                       pm25
Laboratory code:              US03L
Instrument type:              filterpack
Instrument name:              filterpack_US0567
Method ref:                   US03L_IMPROVE_Davis
starttime endtime Fe flag_Fe Pb flag_Pb Mg++ flag_Mg++ Ni flag_Ni NO3- flag_NO3- OC flag_OC OM flag_OM PM10 flag_PM10 PM10-PM2.5 flag_PM10-PM2.5 PM2.5 flag_PM2.5 K+ flag_K+ SO4-- flag_SO4--
 53.333333  54.333333 9999.99 0.999 99.99 0.999 9.999 0.999000 99.99 0.999000 99.999 0.999 99.999 0.999 99.999 0.999 9999.999 0.999 9999.999 0.999 999.999 0.999 9.999 0.999 9.999 0.999
 56.333333  57.333333 9999.99 0.999 99.99 0.999 9.999 0.999000 99.99 0.999000  0.416 0.559  0.919 0.000  1.287 0.000    7.146 0.000 9999.999 0.999 999.999 0.999 9.999 0.999 0.181 0.559
 60.333333  61.333333   16.36 0.000  0.81 0.000 9.999 0.259000  0.07 0.000000  0.147 0.559  0.366 0.000  0.513 0.000    3.634 0.000    1.996 0.000   1.638 0.000 0.013 0.000 0.120 0.559
 63.333333  64.333333   19.09 0.000  0.83 0.000 9.999 0.259000 99.99 0.259000  0.243 0.559  0.542 0.000  0.759 0.000    7.025 0.000    3.508 0.000   3.517 0.000 0.025 0.000 0.217 0.559
 67.333333  68.333333 9999.99 0.999 99.99 0.999 9.999 0.999000 99.99 0.999000 99.999 0.999 99.999 0.999 99.999 0.999 9999.999 0.999 9999.999 0.999 999.999 0.999 9.999 0.999 9.999 0.999
 70.333333  71.333333   23.08 0.000  0.88 0.000 9.999 0.259000 99.99 0.259000  0.155 0.559  0.474 0.000  0.664 0.000    3.634 0.000    1.974 0.000   1.659 0.000 0.011 0.000 0.078 0.559
 74.333333  75.333333   41.73 0.000  1.66 0.000 9.999 0.259000 99.99 0.259000  0.037 0.559  0.994 0.000  1.392 0.000    8.358 0.000    4.658 0.000   3.700 0.000 0.038 0.000 0.247 0.559
 77.333333  78.333333   38.48 0.000  0.95 0.000 9.999 0.259000  0.70 0.000000  0.011 0.559  0.297 0.000  0.415 0.000    5.935 0.000    3.876 0.000   2.059 0.000 0.031 0.000 0.131 0.559
 81.333333  82.333333   50.22 0.000  0.86 0.000 9.999 0.259000 99.99 0.259000  0.520 0.559  0.676 0.000  0.946 0.000   14.611 0.000    8.225 0.000   6.386 0.000 0.031 0.000 0.237 0.559
 84.333333  85.333333   55.57 0.000  2.00 0.000 9.999 0.259000 99.99 0.259000  0.642 0.559  1.200 0.000  1.680 0.000   15.816 0.000    7.443 0.000   8.372 0.000 0.040 0.000 0.342 0.559
 88.333333  89.333333   47.92 0.000  1.46 0.000 9.999 0.259000 99.99 0.259000  0.325 0.559  1.218 0.000  1.706 0.000   13.247 0.000    6.334 0.000   6.913 0.000 0.032 0.000 0.425 0.559
 91.333333  92.333333  118.64 0.000  1.54 0.000 9.999 0.259000 99.99 0.259000  0.036 0.559  1.477 0.000  2.068 0.000   15.816 0.000    9.537 0.000   6.279 0.000 0.103 0.000 0.218 0.559
 95.333333  96.333333 9999.99 0.999 99.99 0.999 9.999 0.999000 99.99 0.999000 99.999 0.999 99.999 0.999 99.999 0.999 9999.999 0.999 9999.999 0.999 999.999 0.999 9.999 0.999 9.999 0.999
 98.333333  99.333333   62.39 0.000  1.54 0.000 9.999 0.259000 99.99 0.259000  0.146 0.559  1.191 0.000  1.667 0.000   11.240 0.000    5.583 0.000   5.656 0.000 0.042 0.000 0.302 0.559
102.333333 103.333333   72.99 0.000  1.66 0.000 9.999 0.259000 99.99 0.259000  0.214 0.559  1.722 0.000  2.411 0.000   15.191 0.000    8.625 0.000   6.566 0.000 0.049 0.000 0.236 0.559
105.333333 106.333333   29.40 0.000  0.94 0.000 9.999 0.259000  1.67 0.000000  0.170 0.559  0.611 0.000  0.856 0.000    6.298 0.000    3.076 0.000   3.222 0.000 0.020 0.000 0.146 0.559
109.333333 110.333333   22.57 0.000  0.33 0.000 9.999 0.259000 99.99 0.259000  0.221 0.559  0.685 0.000  0.959 0.000    5.761 0.000    2.899 0.000   2.861 0.000 0.018 0.000 0.151 0.559
112.333333 113.333333   57.05 0.000  0.94 0.000 9.999 0.259000 99.99 0.259000  0.056 0.559  0.789 0.000  1.104 0.000    6.826 0.000    2.773 0.000   4.053 0.000 0.045 0.000 0.254 0.559
116.333333 117.333333  232.37 0.000  3.31 0.000 0.140 0.000000 99.99 0.259000  0.394 0.559  2.243 0.000  3.140 0.000   24.045 0.000   12.236 0.000  11.809 0.000 0.134 0.000 0.397 0.559
119.333333 120.333333  189.90 0.000  1.42 0.000 9.999 0.259000 99.99 0.259000  0.065 0.559  1.755 0.000  2.457 0.000   24.045 0.000   15.630 0.000   8.415 0.000 0.158 0.000 0.210 0.559
123.333333 124.333333  101.29 0.000  1.18 0.000 9.999 0.259000 99.99 0.259000  0.192 0.559  2.033 0.000  2.847 0.000   15.000 0.000    8.303 0.000   6.697 0.000 0.057 0.000 0.285 0.559
126.333333 127.333333   79.99 0.000  1.52 0.000 9.999 0.259000 99.99 0.259000  0.351 0.559  1.480 0.000  2.072 0.000   15.079 0.000    7.240 0.000   7.840 0.000 0.057 0.000 0.420 0.559
130.333333 131.333333   68.30 0.000  1.45 0.000 9.999 0.259000 99.99 0.259000  0.442 0.559  1.691 0.000  2.367 0.000   17.886 0.000    9.308 0.000   8.578 0.000 0.049 0.000 0.464 0.559
133.333333 134.333333   92.12 0.559  1.93 0.559 9.999 0.559259 99.99 0.559259  0.387 0.559  1.542 0.000  2.158 0.000   16.311 0.000    9.302 0.000   7.010 0.559 0.068 0.559 0.225 0.559
137.333333 138.333333   56.74 0.000  0.97 0.000 9.999 0.259000 99.99 0.259000  0.236 0.559  1.598 0.000  2.236 0.000   12.830 0.000    7.992 0.000   4.837 0.000 0.038 0.000 0.235 0.559
140.333333 141.333333   56.05 0.000  0.82 0.000 0.029 0.000000 99.99 0.259000  0.037 0.559  1.722 0.000  2.411 0.000   11.456 0.000    6.204 0.000   5.253 0.000 0.043 0.000 0.322 0.559
144.333333 145.333333   93.84 0.000  1.33 0.000 9.999 0.259000 99.99 0.259000  0.172 0.559  2.825 0.000  3.956 0.000   20.245 0.000   10.965 0.000   9.280 0.000 0.081 0.000 0.651 0.559
147.333333 148.333333  124.97 0.000  1.22 0.000 9.999 0.259000 99.99 0.259000  0.149 0.559  2.067 0.000  2.894 0.000   21.893 0.000   13.129 0.000   8.764 0.000 0.086 0.000 0.507 0.559
151.333333 152.333333 9999.99 0.999 99.99 0.999 9.999 0.999000 99.99 0.999000 99.999 0.999 99.999 0.999 99.999 0.999 9999.999 0.999 9999.999 0.999 999.999 0.999 9.999 0.999 9.999 0.999
154.333333 155.333333   52.78 0.000  0.35 0.000 9.999 0.259000 99.99 0.259000  0.159 0.559  1.045 0.000  1.463 0.000    9.549 0.000    5.650 0.000   3.899 0.000 0.030 0.000 0.169 0.559
158.333333 159.333333   94.16 0.000 99.99 0.259 9.999 0.259000 99.99 0.259000  0.163 0.000  0.940 0.000  1.316 0.000   15.467 0.000   10.877 0.000   4.590 0.000 0.058 0.000 0.242 0.000
161.333333 162.333333   71.97 0.000  0.81 0.000 9.999 0.259000 99.99 0.259000  0.302 0.000  1.672 0.000  2.341 0.000   16.375 0.000   10.396 0.000   5.978 0.000 0.042 0.000 0.264 0.000
165.333333 166.333333 9999.99 0.456 99.99 0.456 9.999 0.456000 99.99 0.456000 99.999 0.456 99.999 0.999 99.999 0.999 9999.999 0.456 9999.999 0.999 999.999 0.456 9.999 0.456 9.999 0.456
168.333333 169.333333 9999.99 0.456 99.99 0.456 9.999 0.456000 99.99 0.456000 99.999 0.456 99.999 0.999 99.999 0.999 9999.999 0.456 9999.999 0.999 999.999 0.456 9.999 0.456 9.999 0.456
172.333333 173.333333  138.43 0.000  0.54 0.000 9.999 0.259000 99.99 0.259000  0.288 0.000  2.087 0.000  2.921 0.000   29.818 0.000   20.077 0.000   9.741 0.000 0.301 0.000 0.575 0.000
175.333333 176.333333   55.72 0.000  0.70 0.000 9.999 0.259000 99.99 0.259000  0.101 0.000  1.256 0.000  1.759 0.000   15.223 0.000    9.655 0.000   5.567 0.000 0.072 0.000 0.439 0.000
179.333333 180.333333   79.11 0.000  0.56 0.000 9.999 0.259000 99.99 0.259000  0.183 0.000  1.469 0.000  2.056 0.000   21.111 0.000   14.564 0.000   6.547 0.000 0.091 0.000 0.418 0.000
182.333333 183.333333   41.26 0.000  0.37 0.000 9.999 0.259000 99.99 0.259000  0.104 0.559  1.099 0.000  1.539 0.000   16.627 0.000   11.928 0.000   4.700 0.000 0.033 0.000 0.318 0.559
186.333333 187.333333   47.23 0.000  3.47 0.000 9.999 0.259000 99.99 0.259000  0.290 0.000  0.772 0.000  1.081 0.000   15.467 0.000   10.043 0.000   5.424 0.000 0.241 0.000 0.207 0.000
189.333333 190.333333  121.72 0.000  0.36 0.000 9.999 0.259000 99.99 0.259000  0.240 0.559  1.240 0.000  1.736 0.000   29.632 0.000   21.696 0.000   7.936 0.000 0.150 0.000 0.327 0.559
193.333333 194.333333  105.02 0.559  0.67 0.559 9.999 0.559259 99.99 0.559259  0.235 0.559  2.381 0.000  3.333 0.000   26.627 0.000   16.716 0.000   9.911 0.559 0.228 0.559 0.679 0.559
196.333333 197.333333   20.91 0.000  0.39 0.000 9.999 0.259000 99.99 0.259000  0.096 0.000  0.663 0.000  0.928 0.000    7.533 0.000    5.306 0.000   2.227 0.000 0.014 0.000 0.159 0.000
200.333333 201.333333   70.10 0.000 99.99 0.259 9.999 0.259000 99.99 0.259000  0.105 0.559  1.699 0.000  2.379 0.000   16.753 0.000   11.694 0.000   5.059 0.000 0.045 0.000 0.222 0.559
203.333333 204.333333   88.65 0.000 99.99 0.259 9.999 0.259000 99.99 0.259000  0.235 0.559  2.422 0.000  3.392 0.000   25.516 0.000   16.060 0.000   9.456 0.000 0.123 0.000 0.564 0.559
207.333333 208.333333   69.08 0.000  0.15 0.000 9.999 0.259000 99.99 0.259000  0.092 0.000  0.965 0.000  1.351 0.000   16.059 0.000   10.827 0.000   5.232 0.000 0.058 0.000 0.440 0.000
210.333333 211.333333   62.04 0.000  0.82 0.000 9.999 0.259000 99.99 0.259000  0.101 0.000  1.595 0.000  2.233 0.000   13.729 0.000    7.613 0.000   6.116 0.000 0.055 0.000 0.423 0.000
214.333333 215.333333  127.10 0.559  0.77 0.559 9.999 0.559259 99.99 0.559259  0.176 0.000  2.743 0.000  3.840 0.000   27.139 0.000   16.416 0.000  10.723 0.559 0.113 0.559 0.722 0.000
217.333333 218.333333   27.15 0.000 99.99 0.259 9.999 0.259000 99.99 0.259000  0.047 0.000  1.209 0.000  1.692 0.000    8.246 0.000    4.439 0.000   3.807 0.000 0.036 0.000 0.309 0.000
221.333333 222.333333   81.45 0.000 99.99 0.259 9.999 0.259000 99.99 0.259000  0.095 0.559  1.287 0.000  1.802 0.000   16.944 0.000   11.117 0.000   5.827 0.000 0.048 0.000 0.303 0.559
224.333333 225.333333  891.73 0.000  0.36 0.000 9.999 0.259000 99.99 0.259000  0.355 0.000  2.733 0.000  3.826 0.000  177.957 0.000  148.698 0.000  29.259 0.000 0.431 0.000 0.586 0.000
228.333333 229.333333  172.84 0.000  0.51 0.000 9.999 0.259000 99.99 0.259000  0.208 0.000  2.278 0.000  3.189 0.000   36.300 0.000   24.233 0.000  12.068 0.000 0.127 0.000 0.722 0.000
231.333333 232.333333   59.52 0.000 99.99 0.259 9.999 0.259000 99.99 0.259000  0.172 0.000  0.701 0.000  0.981 0.000   14.047 0.000    9.969 0.000   4.078 0.000 0.028 0.000 0.253 0.000
235.333333 236.333333  123.20 0.000  0.03 0.000 9.999 0.259000 99.99 0.259000  0.243 0.000  1.021 0.000  1.429 0.000   33.157 0.000   23.991 0.000   9.165 0.000 0.151 0.000 0.831 0.000
238.333333 239.333333   66.90 0.000  0.92 0.000 9.999 0.259000  1.11 0.000000  0.190 0.000  2.032 0.000  2.844 0.000   18.104 0.000    8.926 0.000   9.178 0.000 0.045 0.000 0.786 0.000
242.333333 243.333333   60.66 0.000 99.99 0.259 0.043 0.000000 99.99 0.259000  0.258 0.000  0.760 0.000  1.065 0.000   16.627 0.000    9.894 0.000   6.733 0.000 0.054 0.000 0.748 0.000
245.333333 246.333333   20.70 0.000  0.74 0.000 9.999 0.259000  0.04 0.000000  0.140 0.559  0.499 0.000  0.698 0.000    6.349 0.000    3.956 0.000   2.394 0.000 0.013 0.000 0.170 0.559
249.333333 250.333333 9999.99 0.999 99.99 0.999 9.999 0.999000 99.99 0.999000 99.999 0.999 99.999 0.999 99.999 0.999 9999.999 0.999 9999.999 0.999 999.999 0.999 9.999 0.999 9.999 0.999
252.333333 253.333333 9999.99 0.999 99.99 0.999 9.999 0.999000 99.99 0.999000 99.999 0.999 99.999 0.999 99.999 0.999 9999.999 0.999 9999.999 0.999 999.999 0.999 9.999 0.999 9.999 0.999
256.333333 257.333333 9999.99 0.999 99.99 0.999 9.999 0.999000 99.99 0.999000 99.999 0.999 99.999 0.999 99.999 0.999 9999.999 0.999 9999.999 0.999 999.999 0.999 9.999 0.999 9.999 0.999
259.333333 260.333333 9999.99 0.999 99.99 0.999 9.999 0.999000 99.99 0.999000 99.999 0.999 99.999 0.999 99.999 0.999 9999.999 0.999 9999.999 0.999 999.999 0.999 9.999 0.999 9.999 0.999
264.333333 265.333333  109.54 0.000  0.76 0.000 9.999 0.259000 99.99 0.259000  0.220 0.000  1.501 0.000  2.101 0.000   25.463 0.000   16.172 0.000   9.291 0.000 0.087 0.000 0.894 0.000
267.333333 268.333333   35.25 0.000  0.21 0.000 9.999 0.259000 99.99 0.259000  0.028 0.000  0.556 0.000  0.778 0.000   10.744 0.000    8.399 0.000   2.344 0.000 0.026 0.000 0.179 0.000
270.333333 271.333333   52.57 0.000  0.68 0.000 9.999 0.259000 99.99 0.259000  0.115 0.000  0.781 0.000  1.093 0.000   11.736 0.000    7.476 0.000   4.260 0.000 0.037 0.000 0.399 0.000
273.333333 274.333333   39.71 0.000  0.39 0.000 9.999 0.259000 99.99 0.259000  0.042 0.000  0.426 0.000  0.596 0.000    9.341 0.000    5.694 0.000   3.647 0.000 0.042 0.000 0.436 0.000
276.333333 277.333333   41.45 0.000  1.38 0.000 9.999 0.259000 99.99 0.259000  0.379 0.000  0.993 0.000  1.390 0.000   12.913 0.000    6.154 0.000   6.760 0.000 0.029 0.000 0.906 0.000
279.333333 280.333333   39.99 0.000  0.77 0.000 9.999 0.259000 99.99 0.259000  0.285 0.000  0.658 0.000  0.921 0.000   15.855 0.000   10.623 0.000   5.232 0.000 0.029 0.000 0.731 0.000
282.333333 283.333333   93.84 0.000  0.60 0.000 9.999 0.259000 99.99 0.259000  0.164 0.000  0.571 0.000  0.800 0.000   24.874 0.000   18.320 0.000   6.554 0.000 0.077 0.000 0.744 0.000
285.333333 286.333333   32.82 0.000  0.37 0.000 9.999 0.259000 99.99 0.259000  0.363 0.000  0.140 0.000  0.196 0.000    4.295 0.000    1.340 0.000   2.955 0.000 0.032 0.000 0.342 0.000
288.333333 289.333333   19.19 0.000  0.79 0.000 9.999 0.259000 99.99 0.259000  0.135 0.000 99.999 0.259 99.999 0.259    3.273 0.000    0.808 0.000   2.465 0.000 0.021 0.000 0.261 0.000
291.333333 292.333333   39.32 0.000  0.72 0.000 9.999 0.259000 99.99 0.259000  0.042 0.559  0.329 0.000  0.460 0.000    8.701 0.000    5.361 0.000   3.340 0.000 0.034 0.000 0.449 0.559
294.333333 295.333333   43.44 0.000  1.62 0.000 9.999 0.259000 99.99 0.259000  0.651 0.559  1.103 0.000  1.544 0.000   13.807 0.000    6.130 0.000   7.677 0.000 0.047 0.000 0.940 0.559
297.333333 298.333333   36.90 0.000  0.88 0.000 9.999 0.259000  0.04 0.000000  0.442 0.559  0.735 0.000  1.029 0.000   16.402 0.000    6.242 0.000  10.160 0.000 0.035 0.000 0.101 0.559
300.333333 301.333333   23.48 0.000  0.25 0.000 9.999 0.259000 99.99 0.259000  0.310 0.000  0.384 0.000  0.538 0.000    3.679 0.000    1.640 0.000   2.039 0.000 0.012 0.000 0.172 0.000
303.333333 304.333333    9.78 0.000  0.26 0.000 9.999 0.259000 99.99 0.259000  0.498 0.559  0.510 0.000  0.714 0.000    6.076 0.000    2.042 0.000   4.034 0.000 0.013 0.000 0.260 0.559
306.333333 307.333333   35.99 0.000  0.35 0.000 9.999 0.259000 99.99 0.259000  0.035 0.559  0.455 0.000  0.637 0.000    6.159 0.000    4.097 0.000   2.062 0.000 0.038 0.000 0.106 0.559
309.333333 310.333333   47.31 0.000  1.42 0.000 9.999 0.259000 99.99 0.259000  0.331 0.000  0.830 0.000  1.162 0.000    9.163 0.000    5.148 0.000   4.016 0.000 0.041 0.000 0.240 0.000
312.333333 313.333333   28.74 0.000  0.54 0.000 9.999 0.259000 99.99 0.259000  0.300 0.000  0.317 0.000  0.444 0.000    7.606 0.000    4.976 0.000   2.630 0.000 0.025 0.000 0.142 0.000
315.333333 316.333333   12.04 0.000  0.70 0.000 9.999 0.259000 99.99 0.259000  0.211 0.000  0.699 0.000  0.978 0.000    4.990 0.000    1.717 0.000   3.273 0.000 0.034 0.000 0.204 0.000
318.333333 319.333333   43.10 0.000  0.95 0.000 9.999 0.259000 99.99 0.259000  0.775 0.000  0.747 0.000  1.046 0.000   12.155 0.000    5.476 0.000   6.679 0.000 0.038 0.000 0.169 0.000
321.333333 322.333333   19.24 0.000  0.57 0.000 9.999 0.259000 99.99 0.259000  0.024 0.000  0.693 0.000  0.970 0.000    6.071 0.000    3.501 0.000   2.570 0.000 0.035 0.000 0.158 0.000
324.333333 325.333333   20.83 0.000  0.27 0.000 9.999 0.259000 99.99 0.259000  0.008 0.559  0.067 0.000  0.094 0.000    4.561 0.000    3.852 0.000   0.709 0.000 0.016 0.000 0.086 0.559
327.333333 328.333333   28.23 0.000  0.79 0.000 9.999 0.259000 99.99 0.259000  0.061 0.000  0.434 0.000  0.608 0.000    7.273 0.000    5.484 0.000   1.789 0.000 0.026 0.000 0.137 0.000
330.333333 331.333333   39.72 0.000  1.02 0.000 9.999 0.259000 99.99 0.259000  0.068 0.000  0.434 0.000  0.608 0.000    7.438 0.000    5.102 0.000   2.336 0.000 0.033 0.000 0.126 0.000
333.333333 334.333333   44.02 0.000  1.56 0.000 9.999 0.259000 99.99 0.259000  0.429 0.000  0.702 0.000  0.983 0.000    9.204 0.000    5.391 0.000   3.813 0.000 0.046 0.000 0.204 0.000
336.333333 337.333333   32.88 0.000  0.83 0.000 9.999 0.259000 99.99 0.259000  0.046 0.559  0.519 0.000  0.727 0.000    6.903 0.000    4.443 0.000   2.460 0.000 0.033 0.000 0.176 0.559
339.333333 340.333333   26.66 0.000  0.81 0.000 9.999 0.259000 99.99 0.259000  0.008 0.559  0.343 0.000  0.481 0.000    4.775 0.000    2.998 0.000   1.777 0.000 0.022 0.000 0.083 0.559
