scripts/IMPROVE-2019_partial/data/US0567R.20040101080000.20191216000000.filterpack.pm10_mass.pm10.52w.3d.US03L_filterpack_US0567_2.US03L_IMPROVE_Davis.lev2.nas
50 1001
MISSING INFORMATION
US03L, IMPROVE, , , , , , , 
MISSING INFORMATION
IMPROVE sel_HTAP
1 1
2004 01 01 2019 12 16
3.000000
days from file reference point
3
1 1 1
999.999999 999.999 9.999
end_time of measurement, days from the file reference point
pm10_mass, ug/m3
numflag pm10_mass, no unit
0
33
Data definition:              EBAS_1.1
Set type code:                TU
Timezone:                     UTC
File name:                    US0567R.20040101080000.20191216000000.filterpack.pm10_mass.pm10.52w.3d.US03L_filterpack_US0567_2.US03L_IMPROVE_Davis.lev2.nas
File creation:                20191218120251
Startdate:                    20040101080000
Revision date:                20191216000000
Version:                      2
Version description:          "Data extracted from http://views.cira.colostate.edu/fed/DataWizard 2019-12-16"
Statistics:                   arithmetic mean
Data level:                   2
Period code:                  52w
Resolution code:              3d
Sample duration:              1d
Orig. time res.:              3d
Station code:                 US0567R
Platform code:                US0567S
Station name:                 Joshua Tree National Park-Black Rock
Station latitude:             34.0695
Station longitude:            -116.3889
Station altitude:             1239.0 m
Regime:                       IMG
Component:                    pm10_mass
Unit:                         ug/m3
Matrix:                       pm10
Laboratory code:              US03L
Instrument type:              filterpack
Instrument name:              filterpack_US0567_2
Method ref:                   US03L_IMPROVE_Davis
Blank correction:             Blank corrected
Volume std. temperature:      ambient
Volume std. pressure:         ambient
starttime endtime PM10 flag_PM10
  0.333333   1.333333  11.306 0.000
  3.333333   4.333333   2.837 0.000
  6.333333   7.333333   4.948 0.000
  9.333333  10.333333   4.100 0.000
 12.333333  13.333333  10.104 0.000
 15.333333  16.333333   5.808 0.000
 18.333333  19.333333  14.307 0.000
 21.333333  22.333333   4.267 0.000
 24.333333  25.333333   6.819 0.000
 27.333333  28.333333  15.320 0.000
 30.333333  31.333333  12.634 0.000
 33.333333  34.333333   2.748 0.000
 36.333333  37.333333   1.088 0.000
 39.333333  40.333333   2.578 0.000
 42.333333  43.333333   4.798 0.000
 45.333333  46.333333   9.993 0.000
 48.333333  49.333333   3.472 0.000
 51.333333  52.333333   4.125 0.000
 54.333333  55.333333   8.328 0.000
 57.333333  58.333333   6.524 0.000
 60.333333  61.333333  11.463 0.000
 63.333333  64.333333   9.580 0.000
 66.333333  67.333333   8.534 0.000
 69.333333  70.333333  12.290 0.000
 72.333333  73.333333   7.961 0.000
 75.333333  76.333333   7.482 0.000
 78.333333  79.333333  10.459 0.000
 81.333333  82.333333  26.697 0.000
 84.333333  85.333333  21.381 0.000
 87.333333  88.333333   9.873 0.000
 90.333333  91.333333 999.999 0.999
 93.333333  94.333333   1.673 0.000
 96.333333  97.333333  12.144 0.000
 99.333333 100.333333  11.911 0.000
102.333333 103.333333  14.222 0.000
105.333333 106.333333  12.341 0.000
108.333333 109.333333   6.191 0.000
111.333333 112.333333  14.935 0.000
114.333333 115.333333   6.944 0.000
117.333333 118.333333  14.669 0.000
120.333333 121.333333  20.579 0.000
123.333333 124.333333  13.021 0.000
126.333333 127.333333  14.307 0.000
129.333333 130.333333  17.490 0.000
132.333333 133.333333  16.924 0.000
135.333333 136.333333  19.369 0.000
138.333333 139.333333  17.229 0.000
141.333333 142.333333  19.087 0.000
144.333333 145.333333  12.676 0.000
147.333333 148.333333  18.560 0.000
150.333333 151.333333  13.031 0.000
153.333333 154.333333  23.587 0.000
156.333333 157.333333  19.552 0.000
159.333333 160.333333  14.990 0.000
162.333333 163.333333  24.326 0.000
165.333333 166.333333  25.128 0.000
168.333333 169.333333  20.076 0.000
171.333333 172.333333  12.195 0.000
174.333333 175.333333  25.745 0.000
177.333333 178.333333  17.091 0.000
180.333333 181.333333  26.071 0.000
183.333333 184.333333  20.283 0.000
186.333333 187.333333  21.043 0.000
189.333333 190.333333  17.916 0.000
192.333333 193.333333  10.662 0.000
195.333333 196.333333  22.304 0.000
198.333333 199.333333  18.779 0.000
201.333333 202.333333   9.692 0.000
204.333333 205.333333  12.442 0.000
207.333333 208.333333  15.708 0.000
210.333333 211.333333  20.581 0.000
213.333333 214.333333  18.245 0.000
216.333333 217.333333  28.325 0.000
219.333333 220.333333  15.832 0.000
222.333333 223.333333  19.676 0.000
225.333333 226.333333  37.542 0.000
228.333333 229.333333  21.291 0.000
231.333333 232.333333  23.314 0.000
234.333333 235.333333  11.875 0.000
237.333333 238.333333  20.544 0.000
240.333333 241.333333  23.370 0.000
243.333333 244.333333  13.387 0.000
246.333333 247.333333  16.369 0.000
249.333333 250.333333   8.391 0.000
252.333333 253.333333  22.214 0.000
255.333333 256.333333  11.546 0.000
258.333333 259.333333  30.079 0.000
261.333333 262.333333   6.903 0.000
264.333333 265.333333   9.079 0.000
267.333333 268.333333   4.657 0.000
270.333333 271.333333   9.673 0.000
273.333333 274.333333  18.023 0.000
276.333333 277.333333   8.619 0.000
279.333333 280.333333   8.547 0.000
282.333333 283.333333  13.848 0.000
285.333333 286.333333   7.771 0.000
288.333333 289.333333  13.426 0.000
291.333333 292.333333   3.577 0.000
294.333333 295.333333   4.997 0.000
297.333333 298.333333  19.300 0.000
300.333333 301.333333   1.599 0.000
303.333333 304.333333   2.525 0.000
306.333333 307.333333   2.134 0.000
309.333333 310.333333   4.924 0.000
312.333333 313.333333   5.104 0.000
315.333333 316.333333  12.216 0.000
318.333333 319.333333   5.229 0.000
321.333333 322.333333   4.393 0.000
324.333333 325.333333  12.248 0.000
327.333333 328.333333   2.008 0.000
330.333333 331.333333   4.518 0.000
333.333333 334.333333   8.723 0.000
336.333333 337.333333   3.619 0.000
339.333333 340.333333   5.283 0.000
342.333333 343.333333   2.609 0.000
345.333333 346.333333   2.453 0.000
348.333333 349.333333   3.987 0.000
351.333333 352.333333   2.694 0.000
354.333333 355.333333   5.323 0.000
357.333333 358.333333   5.465 0.000
360.333333 361.333333   3.205 0.000
363.333333 364.333333   0.657 0.000
