scripts/IMPROVE-2019_partial/data/US0596R.19880302080000.20191216000000.filterpack...10mo.3d.US03L_filterpack_US0596.US03L_IMPROVE_Davis.lev2.nas
52 1001
MISSING INFORMATION
US03L, IMPROVE, , , , , , , 
MISSING INFORMATION
IMPROVE sel_HTAP
1 1
1988 01 01 2019 12 16
0
days from file reference point
5
1 1 1 1 1
999.999999 999.999 9.999 99.999 9.999
end_time of measurement, days from the file reference point
pm10_mass, ug/m3, Matrix=pm10
numflag pm10_mass, no unit, Matrix=pm10
pm25_mass, ug/m3, Matrix=pm25
numflag pm25_mass, no unit, Matrix=pm25
0
33
Data definition:              EBAS_1.1
Set type code:                TI
Timezone:                     UTC
File name:                    US0596R.19880302080000.20191216000000.filterpack...10mo.3d.US03L_filterpack_US0596.US03L_IMPROVE_Davis.lev2.nas
File creation:                20191218120255
Startdate:                    19880302080000
Revision date:                20191216000000
Version:                      2
Version description:          "Data extracted from http://views.cira.colostate.edu/fed/DataWizard 2019-12-16"
Statistics:                   arithmetic mean
Data level:                   2
Period code:                  10mo
Resolution code:              3d
Sample duration:              1d
Orig. time res.:              3d
Station code:                 US0596R
Platform code:                US0596S
Station name:                 Lassen Volcanic National Park-Manzanita Lake
Station latitude:             40.539
Station longitude:            -121.5772
Station altitude:             1754.0 m
Regime:                       IMG
Component:                    
Unit:                         ug/m3
Matrix:                       
Laboratory code:              US03L
Instrument type:              filterpack
Instrument name:              filterpack_US0596
Method ref:                   US03L_IMPROVE_Davis
Blank correction:             Blank corrected
Volume std. temperature:      ambient
Volume std. pressure:         ambient
starttime endtime PM10 flag_PM10 PM2.5 flag_PM2.5
 61.333333  62.333333   2.902 0.000  1.211 0.000
 64.333333  65.333333   4.840 0.000  3.657 0.000
 68.333333  69.333333   2.598 0.000  1.576 0.000
 71.333333  72.333333   1.758 0.000  1.350 0.000
 75.333333  76.333333   4.480 0.000  1.694 0.000
 78.333333  79.333333   9.922 0.000  5.700 0.000
 82.333333  83.333333   4.215 0.000  1.640 0.000
 85.333333  86.333333   4.158 0.000  1.511 0.000
 89.333333  90.333333   7.857 0.000  1.947 0.000
 92.333333  93.333333  11.609 0.000  3.894 0.000
 96.333333  97.333333   8.664 0.000  4.361 0.000
 99.333333 100.333333   5.153 0.000  3.148 0.000
103.333333 104.333333   6.256 0.000  3.387 0.000
106.333333 107.333333   5.367 0.000  2.525 0.000
110.333333 111.333333   2.086 0.000  0.356 0.000
113.333333 114.333333 999.999 0.999  2.168 0.000
117.333333 118.333333  11.379 0.000  6.471 0.000
120.333333 121.333333   5.349 0.000  1.234 0.000
124.333333 125.333333 999.999 0.999  3.421 0.000
127.333333 128.333333 999.999 0.999 99.999 0.999
131.333333 132.333333   6.202 0.000 99.999 0.999
134.333333 135.333333   3.296 0.000 99.999 0.999
138.333333 139.333333   3.818 0.000  2.742 0.000
141.333333 142.333333   9.147 0.000  5.032 0.000
145.333333 146.333333  10.690 0.000  6.111 0.000
148.333333 149.333333   2.806 0.000  1.684 0.000
152.333333 153.333333   2.025 0.000  1.237 0.000
155.333333 156.333333   4.585 0.000  2.341 0.000
159.333333 160.333333   3.434 0.000  2.298 0.000
162.333333 163.333333   4.556 0.000  2.524 0.000
166.333333 167.333333  11.212 0.000  4.534 0.000
169.333333 170.333333   7.302 0.000  6.720 0.000
173.333333 174.333333  12.243 0.000  6.839 0.000
176.333333 177.333333  12.156 0.000  6.742 0.000
180.333333 181.333333   4.229 0.000  2.181 0.000
183.333333 184.333333   9.692 0.000  5.238 0.000
187.333333 188.333333  10.189 0.000  4.146 0.000
190.333333 191.333333  15.547 0.000  6.969 0.000
194.333333 195.333333  11.413 0.000  6.375 0.000
197.333333 198.333333  10.297 0.000  3.688 0.000
201.333333 202.333333  18.050 0.000  3.769 0.000
204.333333 205.333333   6.915 0.000 99.999 0.999
208.333333 209.333333  12.923 0.000  8.872 0.000
211.333333 212.333333  12.986 0.000  7.104 0.000
215.333333 216.333333  16.714 0.000  7.669 0.000
218.333333 219.333333   8.714 0.000  4.441 0.000
222.333333 223.333333  10.145 0.000  6.097 0.000
225.333333 226.333333  11.375 0.000  5.974 0.000
229.333333 230.333333   6.804 0.000  2.596 0.000
232.333333 233.333333  10.797 0.000  4.129 0.000
236.333333 237.333333 999.999 0.999 99.999 0.999
239.333333 240.333333   8.728 0.000 99.999 0.999
243.333333 244.333333   9.326 0.000  5.096 0.000
246.333333 247.333333  12.509 0.000  7.815 0.000
250.333333 251.333333   7.979 0.000  3.560 0.000
253.333333 254.333333   8.617 0.000  4.492 0.000
257.333333 258.333333 999.999 0.999 99.999 0.999
260.333333 261.333333  13.026 0.000  7.200 0.000
264.333333 265.333333   4.755 0.000  2.046 0.000
267.333333 268.333333  17.527 0.000 99.999 0.999
271.333333 272.333333   3.529 0.000  1.833 0.000
274.333333 275.333333   8.861 0.000  4.698 0.000
278.333333 279.333333   4.697 0.000  1.954 0.000
281.333333 282.333333   9.267 0.000  5.436 0.000
285.333333 286.333333   8.529 0.000  5.505 0.000
288.333333 289.333333   2.836 0.000  1.325 0.000
292.333333 293.333333 999.999 0.999 99.999 0.999
295.333333 296.333333   8.007 0.000  3.766 0.000
299.333333 300.333333   7.958 0.000  4.130 0.000
302.333333 303.333333  10.655 0.000  6.713 0.000
306.333333 307.333333   1.367 0.000  0.852 0.000
309.333333 310.333333   1.553 0.000  0.759 0.000
313.333333 314.333333 999.999 0.999 99.999 0.999
316.333333 317.333333   1.128 0.000  0.812 0.000
320.333333 321.333333   7.008 0.000  1.055 0.000
323.333333 324.333333   5.677 0.000  3.943 0.000
327.333333 328.333333   2.300 0.000  0.502 0.000
330.333333 331.333333   1.538 0.000  0.417 0.000
334.333333 335.333333   1.992 0.000  0.737 0.000
337.333333 338.333333   3.008 0.000  0.987 0.000
341.333333 342.333333   2.878 0.000  1.803 0.000
344.333333 345.333333   0.578 0.000 99.999 0.259
348.333333 349.333333 999.999 0.999 99.999 0.999
351.333333 352.333333 999.999 0.999  3.287 0.000
355.333333 356.333333   1.784 0.000  0.717 0.000
358.333333 359.333333 999.999 0.999 99.999 0.999
362.333333 363.333333 999.999 0.999 99.999 0.999
365.333333 366.333333   2.604 0.000  1.229 0.000
