scripts/IMPROVE-2019_partial/data/US0566R.19990102080000.20191216000000.filterpack...1y.3d.US03L_filterpack_US0566.US03L_IMPROVE_Davis.lev2.nas
51 1001
MISSING INFORMATION
US03L, IMPROVE, , , , , , , 
MISSING INFORMATION
IMPROVE sel_HTAP
1 1
1999 01 01 2019 12 16
0
days from file reference point
4
1 1 1 1
999.999999 999.999 999.999 9.999
end_time of measurement, days from the file reference point
pm10_mass, ug/m3, Matrix=pm10
pm25_mass, ug/m3, Matrix=pm25
numflag, no unit
0
33
Data definition:              EBAS_1.1
Set type code:                TI
Timezone:                     UTC
File name:                    US0566R.19990102080000.20191216000000.filterpack...1y.3d.US03L_filterpack_US0566.US03L_IMPROVE_Davis.lev2.nas
File creation:                20191218120243
Startdate:                    19990102080000
Revision date:                20191216000000
Version:                      2
Version description:          "Data extracted from http://views.cira.colostate.edu/fed/DataWizard 2019-12-16"
Statistics:                   arithmetic mean
Data level:                   2
Period code:                  1y
Resolution code:              3d
Sample duration:              1d
Orig. time res.:              3d
Station code:                 US0566R
Platform code:                US0566S
Station name:                 Pinnacles National Monument-Bear Valley (CA66)
Station latitude:             36.4834
Station longitude:            -121.157
Station altitude:             317.0 m
Regime:                       IMG
Component:                    
Unit:                         ug/m3
Matrix:                       
Laboratory code:              US03L
Instrument type:              filterpack
Instrument name:              filterpack_US0566
Method ref:                   US03L_IMPROVE_Davis
Blank correction:             Blank corrected
Volume std. temperature:      ambient
Volume std. pressure:         ambient
starttime endtime PM10 PM2.5 flag
  1.333333   2.333333  11.051   6.701 0.000
  5.333333   6.333333  10.060   5.415 0.000
  8.333333   9.333333   6.503   3.457 0.000
 12.333333  13.333333  14.113  11.001 0.000
 15.333333  16.333333   5.152   2.305 0.000
 19.333333  20.333333   5.888   2.222 0.000
 22.333333  23.333333   4.121   1.612 0.000
 26.333333  27.333333   8.483   5.208 0.000
 29.333333  30.333333   7.826   5.439 0.000
 33.333333  34.333333   8.811   6.697 0.000
 36.333333  37.333333  13.597   4.344 0.000
 40.333333  41.333333   4.392   3.830 0.000
 43.333333  44.333333  10.398   4.004 0.000
 47.333333  48.333333   3.300   1.464 0.000
 50.333333  51.333333   3.683   2.137 0.000
 54.333333  55.333333   8.791   3.610 0.000
 57.333333  58.333333   6.723   3.746 0.000
 61.333333  62.333333   8.754   3.673 0.000
 64.333333  65.333333   7.393   4.105 0.000
 68.333333  69.333333  10.098   2.985 0.000
 71.333333  72.333333  13.739  14.329 0.000
 75.333333  76.333333  15.523  10.557 0.000
 78.333333  79.333333   7.422 999.999 0.000
 82.333333  83.333333   4.569   3.305 0.000
 85.333333  86.333333  12.630   5.489 0.000
 89.333333  90.333333   5.548   2.460 0.000
 92.333333  93.333333  14.417   5.255 0.000
 96.333333  97.333333  12.619   4.549 0.000
 99.333333 100.333333  10.255   3.730 0.000
103.333333 104.333333  10.913   5.677 0.000
106.333333 107.333333  16.144   9.090 0.000
110.333333 111.333333   9.006   3.398 0.000
113.333333 114.333333  16.609  10.221 0.000
117.333333 118.333333  13.595   6.424 0.000
120.333333 121.333333   9.259   3.732 0.000
124.333333 125.333333  16.082   6.790 0.000
127.333333 128.333333  18.674   8.889 0.000
131.333333 132.333333  16.782   5.568 0.000
134.333333 135.333333  13.101 999.999 0.000
138.333333 139.333333 999.999 999.999 0.999
141.333333 142.333333 999.999 999.999 0.999
145.333333 146.333333  17.038   7.709 0.000
148.333333 149.333333  13.165   6.848 0.000
152.333333 153.333333   8.257   3.393 0.000
155.333333 156.333333  11.983   4.788 0.000
159.333333 160.333333  13.149   5.036 0.000
162.333333 163.333333   7.884   3.097 0.000
166.333333 167.333333  13.345   6.371 0.000
169.333333 170.333333  16.775   6.276 0.000
173.333333 174.333333  16.410   7.039 0.000
176.333333 177.333333  17.981   8.911 0.000
180.333333 181.333333  18.808   7.860 0.000
183.333333 184.333333  10.251   3.583 0.000
187.333333 188.333333  18.505   5.715 0.000
190.333333 191.333333  19.894   9.760 0.000
194.333333 195.333333  24.038   9.384 0.000
197.333333 198.333333  16.190   5.412 0.000
201.333333 202.333333  14.587   4.305 0.000
204.333333 205.333333  11.588   4.671 0.000
208.333333 209.333333   8.184   3.551 0.000
211.333333 212.333333  12.690   4.933 0.000
215.333333 216.333333  10.291   3.837 0.000
218.333333 219.333333   7.697   2.967 0.000
222.333333 223.333333   7.523   2.410 0.000
225.333333 226.333333  10.744   2.999 0.000
229.333333 230.333333  11.830   5.139 0.000
232.333333 233.333333  12.990   4.671 0.000
236.333333 237.333333  18.642   7.883 0.000
239.333333 240.333333  15.585   7.785 0.000
243.333333 244.333333 999.999 999.999 0.999
246.333333 247.333333  22.263  12.910 0.000
250.333333 251.333333  19.024   9.324 0.000
253.333333 254.333333  19.768   8.005 0.000
257.333333 258.333333 999.999 999.999 0.999
260.333333 261.333333  20.539  10.177 0.000
264.333333 265.333333  28.227  14.845 0.000
267.333333 268.333333  21.650  11.860 0.000
271.333333 272.333333  30.615  14.369 0.000
274.333333 275.333333  32.923  19.606 0.000
278.333333 279.333333   8.606   3.521 0.000
281.333333 282.333333  20.118   7.720 0.000
285.333333 286.333333  27.315  10.863 0.000
288.333333 289.333333  50.379  13.691 0.000
292.333333 293.333333 999.999 999.999 0.999
295.333333 296.333333 999.999 999.999 0.999
299.333333 300.333333  14.305   5.177 0.000
302.333333 303.333333  15.344   4.096 0.000
306.333333 307.333333  21.873   9.671 0.000
309.333333 310.333333  18.047  11.130 0.000
313.333333 314.333333   5.219   2.186 0.000
316.333333 317.333333  14.587   9.076 0.000
320.333333 321.333333   3.431   1.504 0.000
323.333333 324.333333   4.861   1.728 0.000
327.333333 328.333333   7.647   4.832 0.000
330.333333 331.333333  10.703   7.936 0.000
334.333333 335.333333   7.028   3.472 0.000
337.333333 338.333333  15.409   4.565 0.000
341.333333 342.333333   7.802   4.340 0.000
344.333333 345.333333   4.752   2.797 0.000
348.333333 349.333333   7.543   4.428 0.000
351.333333 352.333333  10.057   6.881 0.000
355.333333 356.333333  12.685   5.145 0.000
358.333333 359.333333   6.667   3.725 0.000
362.333333 363.333333   7.752   4.870 0.000
