scripts/IMPROVE-2019_partial/data/US0567R.20030103080000.20191216000000.filterpack..pm25.1y.1w.US03L_filterpack_US0567.US03L_IMPROVE_Davis.lev2.nas
66 1001
MISSING INFORMATION
US03L, IMPROVE, , , , , , , 
MISSING INFORMATION
IMPROVE sel_HTAP
1 1
2003 01 01 2019 12 16
3.000000
days from file reference point
27
1 1 1 1 1 1 1 1 1 1 1 1 1 1 1 1 1 1 1 1 1 1 1 1 1 1 1
999.999999 9999.99 9.999 99.99 9.999 9.999 9.999999 9.99 9.999999 99.999 9.999 99.999 9.999 99.999 9.999 999.99 9.999999 999.999 9.999 999.999 9.999 999.999 9.999 9.999 9.999 99.999 9.999
end_time of measurement, days from the file reference point
iron, ng/m3, Revision date=20181210133000
numflag iron, no unit, Revision date=20181210133000
lead, ng/m3, Revision date=20181210133000
numflag lead, no unit, Revision date=20181210133000
magnesium, ug/m3, Revision date=20181210133000
numflag magnesium, no unit, Revision date=20181210133000
nickel, ng/m3, Revision date=20181210133000
numflag nickel, no unit, Revision date=20181210133000
nitrate, ug N/m3, Revision date=20181210133000
numflag nitrate, no unit, Revision date=20181210133000
organic_carbon, ug C/m3, Revision date=20181210133000
numflag organic_carbon, no unit, Revision date=20181210133000
organic_mass, ug/m3, Revision date=20181210133000
numflag organic_mass, no unit, Revision date=20181210133000
phosphorus, ng/m3, Revision date=20181210133000
numflag phosphorus, no unit, Revision date=20181210133000
pm10_mass, ug/m3, Version=2, Version description=Data extracted from http://views.cira.colostate.edu/fed/DataWizard 2019-12-16, Sample duration=1d, Orig. time res.=3d, Matrix=pm10, Blank correction=Blank corrected, Volume std. temperature=ambient, Volume std. pressure=ambient
numflag pm10_mass, no unit, Version=2, Version description=Data extracted from http://views.cira.colostate.edu/fed/DataWizard 2019-12-16, Sample duration=1d, Orig. time res.=3d, Matrix=pm10, Blank correction=Blank corrected, Volume std. temperature=ambient, Volume std. pressure=ambient
pm10_pm25_mass, ug/m3, Revision date=20181210133000, Matrix=pm10_pm25
numflag pm10_pm25_mass, no unit, Revision date=20181210133000, Matrix=pm10_pm25
pm25_mass, ug/m3, Version=2, Version description=Data extracted from http://views.cira.colostate.edu/fed/DataWizard 2019-12-16, Sample duration=1d, Orig. time res.=3d, Blank correction=Blank corrected, Volume std. temperature=ambient, Volume std. pressure=ambient
numflag pm25_mass, no unit, Version=2, Version description=Data extracted from http://views.cira.colostate.edu/fed/DataWizard 2019-12-16, Sample duration=1d, Orig. time res.=3d, Blank correction=Blank corrected, Volume std. temperature=ambient, Volume std. pressure=ambient
potassium, ug/m3, Revision date=20181210133000
numflag potassium, no unit, Revision date=20181210133000
sulphate_total, ug S/m3, Revision date=20181210133000
numflag sulphate_total, no unit, Revision date=20181210133000
0
25
Data definition:              EBAS_1.1
Set type code:                TU
Timezone:                     UTC
File name:                    US0567R.20030103080000.20191216000000.filterpack..pm25.1y.1w.US03L_filterpack_US0567.US03L_IMPROVE_Davis.lev2.nas
File creation:                20191218120249
Startdate:                    20030103080000
Revision date:                20191216000000
Statistics:                   arithmetic mean
Data level:                   2
Period code:                  1y
Resolution code:              1w
Station code:                 US0567R
Platform code:                US0567S
Station name:                 Joshua Tree National Park-Black Rock
Station latitude:             34.0695
Station longitude:            -116.3889
Station altitude:             1239.0 m
Regime:                       IMG
Component:                    
Matrix:                       pm25
Laboratory code:              US03L
Instrument type:              filterpack
Instrument name:              filterpack_US0567
Method ref:                   US03L_IMPROVE_Davis
starttime endtime Fe flag_Fe Pb flag_Pb Mg++ flag_Mg++ Ni flag_Ni NO3- flag_NO3- OC flag_OC OM flag_OM P flag_P PM10 flag_PM10 PM10-PM2.5 flag_PM10-PM2.5 PM2.5 flag_PM2.5 K+ flag_K+ SO4-- flag_SO4--
[from data line 81]
245.333333 246.333333 9999.99 0.999 99.99 0.999 9.999 0.999000 9.99 0.999000 99.999 0.999 99.999 0.999 99.999 0.999 999.99 0.999000 999.999 0.999 999.999 0.999 999.999 0.999 9.999 0.999 99.999 0.999
248.333333 249.333333   55.38 0.559  1.28 0.559 0.019 0.559000 0.22 0.559000  0.088 0.559  1.498 0.000  2.097 0.000 999.99 0.559259  15.163 0.000   8.719 0.000   6.444 0.559 0.063 0.559  0.510 0.559
251.333333 252.333333   29.22 0.000  0.71 0.000 9.999 0.259000 0.11 0.000000  0.160 0.000  0.818 0.000  1.145 0.000 999.99 0.259000  11.741 0.000   8.208 0.000   3.533 0.000 0.023 0.000  0.264 0.000
254.333333 255.333333   50.91 0.000  0.65 0.000 9.999 0.259000 0.11 0.000000  0.196 0.559  1.138 0.000  1.594 0.000 999.99 0.259000  10.538 0.000   6.834 0.000   3.704 0.000 0.022 0.000  0.204 0.559
257.333333 258.333333   52.83 0.559  1.06 0.559 9.999 0.559259 0.25 0.559000  0.082 0.000  1.178 0.000  1.650 0.000 999.99 0.559259  14.423 0.000   7.809 0.000   6.614 0.559 0.046 0.559  0.702 0.000
260.333333 261.333333   74.39 0.559  0.44 0.559 9.999 0.559259 0.09 0.559000  0.051 0.000  1.061 0.000  1.486 0.000 999.99 0.559259  17.719 0.000  12.638 0.000   5.081 0.559 0.060 0.559  0.187 0.000
263.333333 264.333333   29.67 0.000  0.49 0.000 0.027 0.000000 0.04 0.000000  0.024 0.000  1.107 0.000  1.549 0.000 999.99 0.259000   7.328 0.000   3.904 0.000   3.424 0.000 0.029 0.000  0.129 0.000
266.333333 267.333333  119.18 0.000  0.92 0.000 0.054 0.000000 0.11 0.000000  0.066 0.559  0.603 0.000  0.844 0.000 999.99 0.259000  27.695 0.000  22.394 0.000   5.301 0.000 0.095 0.000  0.259 0.559
269.333333 270.333333   47.47 0.559  0.83 0.559 9.999 0.559259 9.99 0.559259  0.036 0.559  1.059 0.000  1.483 0.000 999.99 0.559259  10.995 0.000   6.410 0.000   4.585 0.559 0.043 0.559  0.328 0.559
272.333333 273.333333   37.23 0.000  1.10 0.000 9.999 0.259000 0.14 0.000000  0.041 0.000  0.889 0.000  1.245 0.000 999.99 0.259000  12.894 0.000   7.461 0.000   5.433 0.000 0.037 0.000  0.584 0.000
275.333333 276.333333   63.96 0.559  1.02 0.559 0.028 0.559000 0.13 0.559000  0.066 0.559  1.241 0.000  1.737 0.000 999.99 0.559259  14.436 0.000   8.766 0.000   5.670 0.559 0.045 0.559  0.322 0.559
278.333333 279.333333   33.31 0.559  0.65 0.559 9.999 0.559259 0.13 0.559000  0.046 0.000  0.471 0.000  0.660 0.000 999.99 0.559259  10.354 0.000   6.161 0.000   4.193 0.559 0.029 0.559  0.476 0.000
281.333333 282.333333   54.40 0.000  0.97 0.000 9.999 0.259000 0.15 0.000000  0.260 0.000  1.124 0.000  1.573 0.000 999.99 0.259000  14.349 0.000   8.681 0.000   5.668 0.000 0.032 0.000  0.495 0.000
284.333333 285.333333   66.11 0.559  1.37 0.559 0.036 0.559000 0.13 0.559000  0.170 0.000  1.055 0.000  1.477 0.000 999.99 0.559259  15.220 0.000   8.953 0.000   6.267 0.559 0.047 0.559  0.501 0.000
287.333333 288.333333   23.63 0.000  0.45 0.000 9.999 0.259000 9.99 0.259000  0.116 0.000  0.249 0.000  0.348 0.000 999.99 0.259000   7.316 0.000   5.214 0.000   2.102 0.000 0.014 0.000  0.110 0.000
290.333333 291.333333   21.73 0.000  0.80 0.000 9.999 0.259000 0.05 0.000000  0.018 0.559  0.309 0.000  0.433 0.000 999.99 0.259000   7.684 0.000   4.469 0.000   3.215 0.000 0.020 0.000  0.312 0.559
293.333333 294.333333   36.38 0.000  0.57 0.000 9.999 0.259000 0.07 0.000000  0.015 0.000  0.336 0.000  0.471 0.000 999.99 0.259000   7.124 0.000   4.355 0.000   2.769 0.000 0.021 0.000  0.188 0.000
296.333333 297.333333   86.71 0.000  0.62 0.000 9.999 0.259000 9.99 0.259000  0.034 0.000  1.243 0.000  1.740 0.000 999.99 0.259000  14.985 0.000   9.929 0.000   5.056 0.000 0.071 0.000  0.185 0.000
299.333333 300.333333   35.92 0.000  0.38 0.000 9.999 0.259000 9.99 0.259000  0.009 0.000  0.129 0.000  0.180 0.000 999.99 0.259000   4.752 0.000   2.959 0.000   1.792 0.000 0.021 0.000  0.043 0.000
302.333333 303.333333   34.30 0.000  0.56 0.000 9.999 0.259000 0.19 0.000000  0.086 0.559  0.402 0.000  0.563 0.000 999.99 0.259000  11.976 0.000   8.662 0.000   3.314 0.000 0.031 0.000  0.236 0.559
305.333333 306.333333    8.01 0.000  0.49 0.000 0.025 0.000000 0.14 0.000000  0.565 0.000  0.895 0.000  1.253 0.000 999.99 0.259000   5.892 0.000   2.079 0.000   3.813 0.000 0.007 0.000  0.206 0.000
308.333333 309.333333   34.13 0.000  0.63 0.000 9.999 0.259000 9.99 0.259000  0.825 0.559  1.147 0.000  1.606 0.000 999.99 0.259000  13.052 0.000   6.419 0.000   6.633 0.000 0.027 0.000  0.239 0.559
311.333333 312.333333   32.15 0.000  1.36 0.000 9.999 0.259000 0.24 0.000000  0.973 0.559  1.250 0.000  1.750 0.000 999.99 0.259000   8.994 0.000   3.483 0.000   5.511 0.000 0.033 0.000  0.174 0.559
314.333333 315.333333   18.83 0.000  1.24 0.000 9.999 0.259000 9.99 0.259000  0.046 0.000  0.537 0.000  0.752 0.000 999.99 0.259000   5.146 0.000   2.735 0.000   2.411 0.000 0.020 0.000  0.195 0.000
317.333333 318.333333   42.01 0.000  1.41 0.000 9.999 0.259000 0.16 0.000000  1.760 0.000  1.362 0.000  1.907 0.000 999.99 0.259000  17.277 0.000   4.096 0.000  13.182 0.000 0.020 0.000  0.313 0.000
320.333333 321.333333   25.02 0.000  0.66 0.000 0.024 0.000000 9.99 0.259000  0.603 0.000  0.859 0.000  1.203 0.000 999.99 0.259000   7.111 0.000   3.007 0.000   4.104 0.000 0.018 0.000  0.148 0.000
323.333333 324.333333   40.98 0.000  1.24 0.000 9.999 0.259000 0.14 0.000000  0.626 0.000  0.763 0.000  1.068 0.000 999.99 0.259000   8.887 0.000   4.850 0.000   4.037 0.000 0.013 0.000  0.084 0.000
326.333333 327.333333   10.55 0.000  0.27 0.000 9.999 0.259000 9.99 0.259000  0.010 0.000  0.272 0.000  0.381 0.000 999.99 0.259000   2.594 0.000   1.468 0.000   1.126 0.000 0.011 0.000  0.055 0.000
329.333333 330.333333   50.15 0.559  1.65 0.559 0.017 0.559000 0.15 0.559000  1.122 0.559  1.527 0.000  2.137 0.000 999.99 0.559259  16.961 0.000   7.351 0.000   9.610 0.559 0.041 0.559  0.202 0.559
332.333333 333.333333   24.24 0.000  0.61 0.000 0.023 0.000000 9.99 0.259000  0.013 0.559  0.308 0.000  0.432 0.000 999.99 0.259000   6.655 0.000   5.077 0.000   1.578 0.000 0.016 0.000  0.068 0.559
335.333333 336.333333   25.69 0.000  0.72 0.000 0.028 0.000000 0.08 0.000000  0.119 0.000  0.520 0.000  0.729 0.000 999.99 0.259000   6.009 0.000   3.812 0.000   2.197 0.000 0.034 0.000  0.112 0.000
338.333333 339.333333   29.94 0.000  0.95 0.000 9.999 0.259000 0.05 0.000000  0.073 0.559  0.755 0.000  1.058 0.000 999.99 0.259000   5.572 0.000   2.715 0.000   2.858 0.000 0.021 0.000  0.105 0.559
341.333333 342.333333   21.54 0.000  0.24 0.000 9.999 0.259000 9.99 0.259000  0.056 0.559  0.326 0.000  0.457 0.000 999.99 0.259000   6.903 0.000   5.483 0.000   1.420 0.000 0.021 0.000  0.061 0.559
344.333333 345.333333   12.32 0.000  0.37 0.000 9.999 0.259000 0.21 0.000000  0.504 0.000  0.532 0.000  0.745 0.000 999.99 0.259000   6.734 0.000   2.675 0.000   4.059 0.000 0.016 0.000  0.202 0.000
347.333333 348.333333   13.61 0.000  0.81 0.000 0.071 0.000000 0.12 0.000000  0.519 0.000  0.693 0.000  0.970 0.000 999.99 0.259000   5.674 0.000   2.402 0.000   3.272 0.000 0.027 0.000  0.118 0.000
350.333333 351.333333    6.49 0.000  0.30 0.000 9.999 0.259000 9.99 0.259000  0.011 0.559  0.141 0.000  0.198 0.000 999.99 0.259000   2.050 0.000   1.446 0.000   0.604 0.000 0.005 0.000  0.024 0.559
353.333333 354.333333   10.74 0.000  0.44 0.000 9.999 0.259000 9.99 0.259000  0.034 0.000  0.231 0.000  0.324 0.000 999.99 0.259000   2.315 0.000   1.462 0.000   0.852 0.000 0.013 0.000  0.047 0.000
356.333333 357.333333   11.01 0.000  0.32 0.000 9.999 0.259000 0.08 0.000000  0.013 0.000  0.302 0.000  0.422 0.000 999.99 0.259000   1.989 0.000   1.115 0.000   0.874 0.000 0.013 0.000  0.052 0.000
359.333333 360.333333    8.76 0.000  0.45 0.000 9.999 0.259000 9.99 0.259000  0.242 0.000  0.528 0.000  0.739 0.000 999.99 0.259000   3.872 0.000   1.252 0.000   2.620 0.000 0.008 0.000  0.092 0.000
362.333333 363.333333   14.47 0.000  0.83 0.000 9.999 0.259000 0.06 0.000000  0.163 0.000  0.326 0.000  0.456 0.000 999.99 0.259000   3.325 0.000   1.667 0.000   1.658 0.000 0.022 0.000  0.083 0.000
