scripts/IMPROVE-2019_partial/data/US0567R.20010101080000.20191216000000.filterpack..pm25.52w.1w.US03L_filterpack_US0567.US03L_IMPROVE_Davis.lev2.nas
62 1001
MISSING INFORMATION
US03L, IMPROVE, , , , , , , 
MISSING INFORMATION
IMPROVE sel_HTAP
1 1
2001 01 01 2019 12 16
3.000000
days from file reference point
23
1 1 1 1 1 1 1 1 1 1 1 1 1 1 1 1 1 1 1 1 1 1 1
999.999999 9999.99 9.999 99.99 9.999 9.99 9.999999 99.999 9.999 99.999 9.999 99.999 9.999 9999.999 9.999 999.999 9.999 999.999 9.999 9.999 9.999 99.999 9.999
end_time of measurement, days from the file reference point
iron, ng/m3, Revision date=20181210133000
numflag iron, no unit, Revision date=20181210133000
lead, ng/m3, Revision date=20181210133000
numflag lead, no unit, Revision date=20181210133000
nickel, ng/m3, Revision date=20181210133000
numflag nickel, no unit, Revision date=20181210133000
nitrate, ug N/m3, Revision date=20181210133000
numflag nitrate, no unit, Revision date=20181210133000
organic_carbon, ug C/m3, Revision date=20181210133000
numflag organic_carbon, no unit, Revision date=20181210133000
organic_mass, ug/m3, Revision date=20181210133000
numflag organic_mass, no unit, Revision date=20181210133000
pm10_mass, ug/m3, Version=2, Version description=Data extracted from http://views.cira.colostate.edu/fed/DataWizard 2019-12-16, Sample duration=1d, Orig. time res.=3d, Matrix=pm10, Blank correction=Blank corrected, Volume std. temperature=ambient, Volume std. pressure=ambient
numflag pm10_mass, no unit, Version=2, Version description=Data extracted from http://views.cira.colostate.edu/fed/DataWizard 2019-12-16, Sample duration=1d, Orig. time res.=3d, Matrix=pm10, Blank correction=Blank corrected, Volume std. temperature=ambient, Volume std. pressure=ambient
pm10_pm25_mass, ug/m3, Revision date=20181210133000, Matrix=pm10_pm25
numflag pm10_pm25_mass, no unit, Revision date=20181210133000, Matrix=pm10_pm25
pm25_mass, ug/m3, Version=2, Version description=Data extracted from http://views.cira.colostate.edu/fed/DataWizard 2019-12-16, Sample duration=1d, Orig. time res.=3d, Blank correction=Blank corrected, Volume std. temperature=ambient, Volume std. pressure=ambient
numflag pm25_mass, no unit, Version=2, Version description=Data extracted from http://views.cira.colostate.edu/fed/DataWizard 2019-12-16, Sample duration=1d, Orig. time res.=3d, Blank correction=Blank corrected, Volume std. temperature=ambient, Volume std. pressure=ambient
potassium, ug/m3, Revision date=20181210133000
numflag potassium, no unit, Revision date=20181210133000
sulphate_total, ug S/m3, Revision date=20181210133000
numflag sulphate_total, no unit, Revision date=20181210133000
0
25
Data definition:              EBAS_1.1
Set type code:                TU
Timezone:                     UTC
File name:                    US0567R.20010101080000.20191216000000.filterpack..pm25.52w.1w.US03L_filterpack_US0567.US03L_IMPROVE_Davis.lev2.nas
File creation:                20191218120249
Startdate:                    20010101080000
Revision date:                20191216000000
Statistics:                   arithmetic mean
Data level:                   2
Period code:                  52w
Resolution code:              1w
Station code:                 US0567R
Platform code:                US0567S
Station name:                 Joshua Tree National Park-Black Rock
Station latitude:             34.0695
Station longitude:            -116.3889
Station altitude:             1239.0 m
Regime:                       IMG
Component:                    
Matrix:                       pm25
Laboratory code:              US03L
Instrument type:              filterpack
Instrument name:              filterpack_US0567
Method ref:                   US03L_IMPROVE_Davis
starttime endtime Fe flag_Fe Pb flag_Pb Ni flag_Ni NO3- flag_NO3- OC flag_OC OM flag_OM PM10 flag_PM10 PM10-PM2.5 flag_PM10-PM2.5 PM2.5 flag_PM2.5 K+ flag_K+ SO4-- flag_SO4--
  0.333333   1.333333 9999.99 0.999 99.99 0.999 9.99 0.999000 99.999 0.999 99.999 0.999 99.999 0.999 9999.999 0.999 999.999 0.999 999.999 0.999 9.999 0.999 99.999 0.999
  3.333333   4.333333   26.67 0.000  0.47 0.000 9.99 0.259000  0.013 0.000  0.111 0.000  0.155 0.000    4.258 0.000   3.075 0.000   1.183 0.000 0.018 0.000  0.104 0.000
  6.333333   7.333333   40.52 0.000  1.57 0.000 9.99 0.259000  0.435 0.000  0.837 0.000  1.172 0.000    7.602 0.000   3.730 0.000   3.872 0.000 0.127 0.000  0.154 0.000
  9.333333  10.333333   33.59 0.000  1.38 0.000 0.47 0.000000  2.612 0.559  1.321 0.000  1.850 0.000   22.239 0.000   5.842 0.000  16.397 0.000 0.047 0.000  0.491 0.559
 12.333333  13.333333    6.84 0.000  0.37 0.000 9.99 0.259000  0.693 0.000  0.454 0.000  0.635 0.000    4.782 0.000   0.958 0.000   3.824 0.000 0.006 0.000  0.085 0.000
 15.333333  16.333333    5.01 0.000  0.34 0.000 9.99 0.259000  0.045 0.000  0.387 0.000  0.542 0.000    3.026 0.000   1.761 0.000   1.265 0.000 0.012 0.000  0.141 0.000
 18.333333  19.333333   10.93 0.000  1.08 0.000 9.99 0.259000  0.027 0.559  0.278 0.000  0.389 0.000    3.100 0.000   1.973 0.000   1.128 0.000 0.014 0.000  0.109 0.559
 21.333333  22.333333   13.98 0.000  0.92 0.000 9.99 0.259000  0.086 0.559  0.334 0.000  0.468 0.000    4.051 0.000   2.132 0.000   1.919 0.000 0.011 0.000  0.161 0.559
 24.333333  25.333333    7.60 0.000  0.29 0.000 9.99 0.259000  0.278 0.000  0.342 0.000  0.478 0.000    4.200 0.000   2.479 0.000   1.721 0.000 0.012 0.000  0.109 0.000
 27.333333  28.333333   10.99 0.000  0.82 0.000 0.14 0.000000  0.708 0.000  0.633 0.000  0.886 0.000    8.483 0.000   2.192 0.000   6.292 0.000 0.011 0.000  0.454 0.000
 30.333333  31.333333   12.79 0.000  0.49 0.000 9.99 0.259000  0.021 0.000  0.143 0.000  0.200 0.000    3.119 0.000   2.016 0.000   1.103 0.000 0.013 0.000  0.122 0.000
 33.333333  34.333333   30.19 0.000  1.00 0.000 9.99 0.259000  0.030 0.000  0.472 0.000  0.661 0.000    6.246 0.000   4.283 0.000   1.963 0.000 0.038 0.000  0.107 0.000
 36.333333  37.333333   38.94 0.000  1.09 0.000 9.99 0.259000  0.448 0.000  0.623 0.000  0.872 0.000    8.588 0.000   5.025 0.000   3.563 0.000 0.027 0.000  0.179 0.000
 39.333333  40.333333   49.61 0.000  1.99 0.000 0.25 0.000000  0.996 0.000  1.047 0.000  1.466 0.000   20.293 0.000  10.748 0.000   9.545 0.000 0.045 0.000  0.294 0.000
 42.333333  43.333333   11.00 0.000  0.96 0.000 9.99 0.259000  0.221 0.000  0.530 0.000  0.742 0.000    6.362 0.000   3.424 0.000   2.938 0.000 0.018 0.000  0.184 0.000
 45.333333  46.333333    6.50 0.000  0.21 0.000 9.99 0.259000  0.444 0.000  0.373 0.000  0.522 0.000    2.928 0.000   0.866 0.000   2.062 0.000 0.009 0.000  0.132 0.000
 48.333333  49.333333   12.12 0.000  0.92 0.000 0.28 0.000000  0.115 0.000  0.413 0.000  0.579 0.000    2.893 0.000   1.498 0.000   1.395 0.000 0.014 0.000  0.148 0.000
 51.333333  52.333333   13.33 0.000  0.45 0.000 9.99 0.259000  0.118 0.000  0.332 0.000  0.464 0.000    3.679 0.000   1.866 0.000   1.813 0.000 0.012 0.000  0.103 0.000
 54.333333  55.333333    4.49 0.000  0.31 0.000 9.99 0.259000  0.133 0.000  0.220 0.000  0.308 0.000    1.372 0.000   0.174 0.000   1.198 0.000 0.007 0.000  0.166 0.000
 57.333333  58.333333    1.38 0.000  0.24 0.000 0.10 0.000000  0.138 0.000  0.256 0.000  0.359 0.000    5.822 0.000   5.215 0.000   0.607 0.000 9.999 0.259  0.091 0.000
 60.333333  61.333333   20.95 0.000  1.25 0.000 0.56 0.000000  0.985 0.000  0.748 0.000  1.047 0.000   12.267 0.000   2.879 0.000   9.388 0.000 0.015 0.000  0.373 0.000
 63.333333  64.333333   13.76 0.000  1.20 0.000 0.92 0.000000  0.292 0.000  0.458 0.000  0.640 0.000    6.986 0.000   3.258 0.000   3.728 0.000 0.021 0.000  0.299 0.000
 66.333333  67.333333   23.39 0.000  1.09 0.000 0.70 0.000000  1.402 0.000  0.719 0.000  1.007 0.000   13.972 0.000   3.632 0.000  10.340 0.000 0.017 0.000  0.364 0.000
 69.333333  70.333333   19.32 0.000  0.63 0.000 9.99 0.259000  0.343 0.000  0.524 0.000  0.734 0.000    6.695 0.000   3.612 0.000   3.083 0.000 0.021 0.000  0.235 0.000
 72.333333  73.333333   48.59 0.000  1.21 0.000 9.99 0.259000  0.085 0.000  0.549 0.000  0.769 0.000    6.035 0.000   3.042 0.000   2.993 0.000 0.039 0.000  0.231 0.000
 75.333333  76.333333   39.81 0.000  0.45 0.000 9.99 0.259000  0.072 0.000  0.563 0.000  0.788 0.000    7.936 0.000   5.072 0.000   2.865 0.000 0.031 0.000  0.203 0.000
 78.333333  79.333333   37.18 0.000  1.15 0.000 9.99 0.259000  0.624 0.000  0.785 0.000  1.099 0.000    9.733 0.000   4.265 0.000   5.468 0.000 0.016 0.000  0.212 0.000
 81.333333  82.333333   35.04 0.000  1.05 0.000 9.99 0.259000  0.167 0.000  0.830 0.000  1.161 0.000    8.432 0.000   4.514 0.000   3.918 0.000 0.023 0.000  0.373 0.000
 84.333333  85.333333   49.59 0.000  1.00 0.000 0.55 0.000000  0.199 0.000  0.845 0.000  1.183 0.000   11.202 0.000   7.194 0.000   4.008 0.000 0.037 0.000  0.307 0.000
 87.333333  88.333333 9999.99 0.999 99.99 0.999 9.99 0.999000 99.999 0.999 99.999 0.999 99.999 0.999 9999.999 0.999 999.999 0.999 999.999 0.999 9.999 0.999 99.999 0.999
 90.333333  91.333333 9999.99 0.999 99.99 0.999 9.99 0.999000 99.999 0.999 99.999 0.999 99.999 0.999 9999.999 0.999 999.999 0.999 999.999 0.999 9.999 0.999 99.999 0.999
 93.333333  94.333333   49.71 0.000  1.24 0.000 9.99 0.259000  0.374 0.559  0.524 0.000  0.733 0.000   14.055 0.000   8.201 0.000   5.854 0.000 0.053 0.000  0.494 0.559
 96.333333  97.333333   17.53 0.000  0.53 0.000 9.99 0.259000  0.079 0.559  0.314 0.000  0.439 0.000    4.117 0.000   2.080 0.000   2.037 0.000 0.017 0.000  0.173 0.559
 99.333333 100.333333   22.46 0.000  1.16 0.000 0.29 0.000000  0.685 0.000  0.721 0.000  1.009 0.000    9.455 0.000   2.808 0.000   6.647 0.000 0.021 0.000  0.395 0.000
102.333333 103.333333  133.21 0.000  1.41 0.000 9.99 0.259000  0.689 0.559  0.928 0.000  1.300 0.000   18.146 0.000   9.699 0.000   8.448 0.000 0.077 0.000  0.309 0.559
105.333333 106.333333  666.74 0.559  3.00 0.559 9.99 0.559259  0.282 0.559  0.978 0.000  1.369 0.000   35.218 0.000  18.113 0.000  17.105 0.559 0.355 0.559  0.351 0.559
108.333333 109.333333  134.96 0.000  0.76 0.000 0.08 0.000000  0.222 0.000  0.449 0.000  0.629 0.000   11.243 0.000   6.448 0.000   4.796 0.000 0.076 0.000  0.340 0.000
111.333333 112.333333   50.88 0.000  0.55 0.000 0.25 0.000000  0.028 0.000  0.354 0.000  0.496 0.000    5.622 0.000   3.689 0.000   1.932 0.000 0.035 0.000  0.113 0.000
114.333333 115.333333  106.89 0.000  1.35 0.000 0.10 0.000000  0.202 0.559  0.829 0.000  1.160 0.000   10.191 0.000   5.672 0.000   4.518 0.000 0.060 0.000  0.217 0.559
117.333333 118.333333   98.24 0.000  1.09 0.000 0.27 0.000000  0.271 0.000  0.673 0.000  0.942 0.000    9.328 0.000   3.855 0.000   5.472 0.000 0.059 0.000  0.459 0.000
120.333333 121.333333 9999.99 0.456 99.99 0.456 9.99 0.456000 99.999 0.456 99.999 0.999 99.999 0.999 9999.999 0.456 999.999 0.999 999.999 0.456 9.999 0.456 99.999 0.456
123.333333 124.333333 9999.99 0.456 99.99 0.456 9.99 0.456000 99.999 0.456 99.999 0.999 99.999 0.999 9999.999 0.456 999.999 0.999 999.999 0.456 9.999 0.456 99.999 0.456
126.333333 127.333333 9999.99 0.456 99.99 0.456 9.99 0.456000 99.999 0.456 99.999 0.999 99.999 0.999 9999.999 0.456 999.999 0.999 999.999 0.456 9.999 0.456 99.999 0.456
129.333333 130.333333 9999.99 0.999 99.99 0.999 9.99 0.999000 99.999 0.999 99.999 0.999 99.999 0.999 9999.999 0.999 999.999 0.999 999.999 0.999 9.999 0.999 99.999 0.999
132.333333 133.333333   73.73 0.000  0.90 0.000 0.22 0.000000  0.100 0.000  0.936 0.000  1.311 0.000    7.643 0.000   3.250 0.000   4.393 0.000 0.050 0.000  0.400 0.000
135.333333 136.333333  114.97 0.559  1.29 0.559 0.19 0.559000  0.944 0.559  1.922 0.000  2.691 0.000   19.108 0.000   9.736 0.000   9.372 0.559 0.051 0.559  0.594 0.559
138.333333 139.333333   90.49 0.559  1.92 0.559 0.25 0.559000  0.113 0.559  1.765 0.000  2.471 0.000   14.629 0.000   7.413 0.000   7.215 0.559 0.065 0.559  0.543 0.559
141.333333 142.333333   81.14 0.000  1.17 0.000 9.99 0.259000  0.036 0.559 99.999 0.999 99.999 0.999    9.618 0.000   5.741 0.000   3.877 0.000 0.047 0.000  0.203 0.559
144.333333 145.333333   85.93 0.000  0.95 0.000 0.28 0.000000  0.119 0.000 99.999 0.999 99.999 0.999   12.377 0.000   7.626 0.000   4.752 0.000 0.056 0.000  0.304 0.000
147.333333 148.333333   68.41 0.000  1.56 0.000 9.99 0.259000  0.062 0.000 99.999 0.999 99.999 0.999   11.752 0.000   6.599 0.000   5.153 0.000 0.044 0.000  0.464 0.000
150.333333 151.333333  144.51 0.559  2.22 0.559 9.99 0.559259  0.247 0.000  2.073 0.000  2.902 0.000   19.526 0.000  11.271 0.000   8.255 0.559 0.075 0.559  0.506 0.000
153.333333 154.333333   44.33 0.000  0.92 0.000 0.29 0.000000  0.176 0.000  0.735 0.000  1.029 0.000   11.670 0.000   6.751 0.000   4.919 0.000 0.038 0.000  0.444 0.000
156.333333 157.333333  140.12 0.559  1.80 0.559 0.40 0.559000  0.478 0.000  1.742 0.000  2.439 0.000   27.367 0.000  15.424 0.000  11.943 0.559 0.138 0.559  0.768 0.000
159.333333 160.333333   98.18 0.699  1.64 0.699 0.38 0.699000  0.323 0.000  1.613 0.000  2.258 0.000   18.464 0.000   9.881 0.000   8.583 0.699 0.074 0.699  0.695 0.000
162.333333 163.333333   56.02 0.000  1.16 0.000 0.31 0.000000  0.231 0.000  1.309 0.000  1.833 0.000   14.700 0.000   8.102 0.000   6.597 0.000 0.066 0.000  0.490 0.000
165.333333 166.333333  126.99 0.699  1.45 0.699 0.27 0.699000  0.274 0.000  1.723 0.000  2.412 0.000   23.545 0.000  15.641 0.000   7.905 0.699 0.084 0.699  0.272 0.000
168.333333 169.333333   56.92 0.559  1.16 0.559 0.27 0.559000  0.130 0.000  1.159 0.000  1.623 0.000   11.193 0.000   5.952 0.000   5.241 0.559 0.092 0.559  0.374 0.000
171.333333 172.333333  137.00 0.699  1.20 0.699 0.55 0.699000  0.395 0.000  1.860 0.000  2.604 0.000   27.165 0.000  16.146 0.000  11.019 0.699 0.560 0.699  0.697 0.000
174.333333 175.333333   44.46 0.559  1.04 0.559 0.14 0.559000  0.124 0.000  0.744 0.000  1.041 0.000   10.518 0.000   6.574 0.000   3.944 0.559 0.073 0.559  0.298 0.000
177.333333 178.333333   57.44 0.559  0.74 0.559 9.99 0.559259  0.191 0.559  0.572 0.000  0.800 0.000   11.479 0.000   7.587 0.000   3.892 0.559 0.044 0.559  0.302 0.559
180.333333 181.333333   77.92 0.699  1.10 0.699 0.18 0.699000  0.089 0.559  0.920 0.000  1.288 0.000   10.356 0.000   5.103 0.000   5.252 0.699 0.060 0.699  0.454 0.559
183.333333 184.333333  135.14 0.699  1.24 0.699 0.33 0.699000  0.131 0.000  1.370 0.000  1.918 0.000   22.491 0.000  13.548 0.000   8.942 0.699 0.137 0.699  0.676 0.000
186.333333 187.333333   63.66 0.000  2.66 0.000 0.79 0.000000  0.945 0.559  1.569 0.000  2.197 0.000   20.833 0.000   8.595 0.000  12.238 0.000 0.182 0.000  0.978 0.559
189.333333 190.333333   51.75 0.000  1.21 0.000 0.40 0.000000  0.169 0.559  1.688 0.000  2.363 0.000   13.317 0.000   5.989 0.000   7.329 0.000 0.073 0.000  0.618 0.559
192.333333 193.333333   47.20 0.559  0.71 0.559 0.23 0.559000  0.138 0.559  0.887 0.000  1.241 0.000   10.090 0.000   6.098 0.000   3.992 0.559 0.055 0.559  0.224 0.559
195.333333 196.333333   30.10 0.000  0.59 0.000 0.21 0.000000  0.097 0.000  0.445 0.000  0.622 0.000    7.925 0.000   4.904 0.000   3.021 0.000 0.028 0.000  0.248 0.000
198.333333 199.333333   91.78 0.000  0.72 0.000 0.25 0.000000  0.101 0.000  0.477 0.000  0.668 0.000    7.230 0.000   3.535 0.000   3.695 0.000 0.063 0.000  0.137 0.000
201.333333 202.333333   28.60 0.559  0.65 0.559 0.15 0.559000  0.107 0.000  0.461 0.000  0.645 0.000    6.005 0.000   3.591 0.000   2.414 0.559 0.018 0.559  0.141 0.000
204.333333 205.333333   44.47 0.000  0.85 0.000 0.27 0.000000  0.162 0.000  1.189 0.000  1.665 0.000   12.425 0.000   7.130 0.000   5.296 0.000 0.033 0.000  0.343 0.000
207.333333 208.333333   80.63 0.699  1.00 0.699 0.43 0.699000  0.211 0.000  1.208 0.000  1.691 0.000   19.128 0.000  11.570 0.000   7.557 0.699 0.170 0.699  0.598 0.000
210.333333 211.333333   56.78 0.000  0.90 0.000 0.42 0.000000  0.180 0.000  0.862 0.000  1.207 0.000   15.204 0.000   9.496 0.000   5.708 0.000 0.090 0.000  0.495 0.000
213.333333 214.333333   67.03 0.559  0.84 0.559 0.39 0.559000  0.377 0.000  1.163 0.000  1.628 0.000   21.528 0.000  13.520 0.000   8.008 0.559 0.097 0.559  0.749 0.000
216.333333 217.333333   61.94 0.559  0.94 0.559 0.36 0.559000  0.140 0.000  0.603 0.000  0.844 0.000   24.142 0.000  18.693 0.000   5.449 0.559 0.054 0.559  0.493 0.000
219.333333 220.333333  164.40 0.699  1.47 0.699 0.44 0.699000  0.171 0.000  1.495 0.000  2.094 0.000   34.722 0.000  23.451 0.000  11.271 0.699 0.131 0.699  0.903 0.000
222.333333 223.333333  104.65 0.699  1.21 0.699 0.37 0.699000  0.103 0.559  1.222 0.000  1.711 0.000   16.163 0.000   8.201 0.000   7.963 0.699 0.070 0.699  0.707 0.559
225.333333 226.333333 9999.99 0.456 99.99 0.456 9.99 0.456000  0.114 0.000  0.974 0.000  1.363 0.000   14.984 0.000 999.999 0.999 999.999 0.456 9.999 0.456  0.858 0.000
228.333333 229.333333  523.76 0.699  1.51 0.699 0.41 0.699000  0.129 0.559  2.220 0.000  3.109 0.000  104.290 0.000  82.215 0.000  22.075 0.699 0.361 0.699  0.773 0.559
231.333333 232.333333   54.23 0.559  0.82 0.559 0.30 0.559000  0.179 0.559  1.480 0.000  2.072 0.000   14.828 0.000   8.349 0.000   6.479 0.559 0.072 0.559  0.465 0.559
234.333333 235.333333  140.83 0.699  1.19 0.699 0.46 0.699000  0.269 0.000  1.673 0.000  2.342 0.000   25.327 0.000  15.783 0.000   9.544 0.699 0.096 0.699  0.533 0.000
237.333333 238.333333   91.15 0.699  1.92 0.699 0.43 0.699000  0.155 0.000  1.966 0.000  2.753 0.000   18.750 0.000   8.474 0.000  10.276 0.699 0.082 0.699  0.965 0.000
240.333333 241.333333  109.83 0.559  1.61 0.559 0.71 0.559000  0.262 0.000  1.312 0.000  1.837 0.000   23.162 0.000  14.506 0.000   8.656 0.559 0.083 0.559  0.700 0.000
243.333333 244.333333   34.12 0.559  0.56 0.559 9.99 0.559259  0.073 0.559  0.498 0.000  0.697 0.000    9.355 0.000   5.849 0.000   3.505 0.559 0.028 0.559  0.389 0.559
246.333333 247.333333   62.11 0.000  0.66 0.000 0.11 0.000000  0.066 0.559  1.002 0.000  1.403 0.000   12.343 0.000   7.276 0.000   5.066 0.000 0.043 0.000  0.386 0.559
249.333333 250.333333  116.14 0.559  0.89 0.559 0.14 0.559000  0.185 0.559  0.968 0.000  1.356 0.000   15.972 0.000   9.489 0.000   6.484 0.559 0.067 0.559  0.327 0.559
252.333333 253.333333   70.77 0.000  2.00 0.000 9.99 0.259000  0.115 0.559  0.578 0.000  0.809 0.000   17.176 0.000  10.816 0.000   6.360 0.000 0.079 0.000  0.599 0.559
255.333333 256.333333 9999.99 0.999 99.99 0.999 9.99 0.999000 99.999 0.999 99.999 0.999 99.999 0.999 9999.999 0.999 999.999 0.999 999.999 0.999 9.999 0.999 99.999 0.999
258.333333 259.333333 9999.99 0.999 99.99 0.999 9.99 0.999000 99.999 0.999 99.999 0.999 99.999 0.999 9999.999 0.999 999.999 0.999 999.999 0.999 9.999 0.999 99.999 0.999
261.333333 262.333333   93.62 0.000  0.47 0.000 9.99 0.259000  0.058 0.559  0.451 0.000  0.631 0.000    6.659 0.000   2.847 0.000   3.811 0.000 0.049 0.000  0.191 0.559
264.333333 265.333333   73.43 0.559  0.80 0.559 0.14 0.559000  0.108 0.559  0.652 0.000  0.913 0.000    8.456 0.000   4.587 0.000   3.869 0.559 0.034 0.559  0.236 0.559
267.333333 268.333333  179.29 0.559  0.84 0.559 9.99 0.559259  0.062 0.559  0.692 0.000  0.968 0.000   25.759 0.000  18.342 0.000   7.417 0.559 0.114 0.559  0.374 0.559
270.333333 271.333333  118.05 0.000  0.72 0.000 0.12 0.000000  0.070 0.000  0.398 0.000  0.558 0.000   11.642 0.000   6.305 0.000   5.337 0.000 0.075 0.000  0.311 0.000
273.333333 274.333333  322.11 0.000  0.94 0.000 9.99 0.259000  0.049 0.559  0.864 0.000  1.209 0.000   46.885 0.000  34.879 0.000  12.007 0.000 0.228 0.000  0.440 0.559
276.333333 277.333333  135.50 0.699  1.83 0.699 0.31 0.699000  0.181 0.000  1.355 0.000  1.897 0.000   25.888 0.000  16.326 0.000   9.562 0.699 0.092 0.699  0.779 0.000
279.333333 280.333333   53.46 0.000  1.17 0.000 0.30 0.000000  0.209 0.000  0.620 0.000  0.868 0.000   14.300 0.000   8.545 0.000   5.755 0.000 0.050 0.000  0.589 0.000
