scripts/IMPROVE-2019_partial/data/US0566R.20070103080000.20191216000000.filterpack...1y.3d.US03L_filterpack_US0566.US03L_IMPROVE_Davis.lev2.nas
52 1001
MISSING INFORMATION
US03L, IMPROVE, , , , , , , 
MISSING INFORMATION
IMPROVE sel_HTAP
1 1
2007 01 01 2019 12 16
3.000000
days from file reference point
5
1 1 1 1 1
999.999999 999.999 9.999 999.999 9.999
end_time of measurement, days from the file reference point
pm10_mass, ug/m3, Matrix=pm10
numflag pm10_mass, no unit, Matrix=pm10
pm25_mass, ug/m3, Matrix=pm25
numflag pm25_mass, no unit, Matrix=pm25
0
33
Data definition:              EBAS_1.1
Set type code:                TU
Timezone:                     UTC
File name:                    US0566R.20070103080000.20191216000000.filterpack...1y.3d.US03L_filterpack_US0566.US03L_IMPROVE_Davis.lev2.nas
File creation:                20191218120245
Startdate:                    20070103080000
Revision date:                20191216000000
Version:                      2
Version description:          "Data extracted from http://views.cira.colostate.edu/fed/DataWizard 2019-12-16"
Statistics:                   arithmetic mean
Data level:                   2
Period code:                  1y
Resolution code:              3d
Sample duration:              1d
Orig. time res.:              3d
Station code:                 US0566R
Platform code:                US0566S
Station name:                 Pinnacles National Monument-Bear Valley (CA66)
Station latitude:             36.4834
Station longitude:            -121.157
Station altitude:             317.0 m
Regime:                       IMG
Component:                    
Unit:                         ug/m3
Matrix:                       
Laboratory code:              US03L
Instrument type:              filterpack
Instrument name:              filterpack_US0566
Method ref:                   US03L_IMPROVE_Davis
Blank correction:             Blank corrected
Volume std. temperature:      ambient
Volume std. pressure:         ambient
starttime endtime PM10 flag_PM10 PM2.5 flag_PM2.5
  2.333333   3.333333   5.823 0.000   3.575 0.000
  5.333333   6.333333   6.235 0.000   3.700 0.000
  8.333333   9.333333   5.639 0.000   2.205 0.000
 11.333333  12.333333   4.785 0.000   2.106 0.000
 14.333333  15.333333   9.417 0.000   6.826 0.000
 17.333333  18.333333   4.617 0.000   3.134 0.000
 20.333333  21.333333   7.797 0.000   3.320 0.000
 23.333333  24.333333   8.512 0.000   4.733 0.000
 26.333333  27.333333   2.790 0.000   2.054 0.000
 29.333333  30.333333   8.568 0.000   5.726 0.000
 32.333333  33.333333  15.788 0.000  12.055 0.000
 35.333333  36.333333   7.533 0.000   4.579 0.000
 38.333333  39.333333   2.041 0.000   0.450 0.000
 41.333333  42.333333   3.851 0.000   1.588 0.000
 44.333333  45.333333   4.922 0.000   2.585 0.000
 47.333333  48.333333   6.661 0.000   4.291 0.000
 50.333333  51.333333   5.716 0.000   2.882 0.000
 53.333333  54.333333   3.121 0.000   1.128 0.000
 56.333333  57.333333   2.707 0.000   1.286 0.000
 59.333333  60.333333   8.264 0.000   5.024 0.000
 62.333333  63.333333   5.854 0.000   3.071 0.000
 65.333333  66.333333   6.532 0.000 999.999 0.456
 68.333333  69.333333   7.527 0.000   4.306 0.000
 71.333333  72.333333   9.052 0.000   5.152 0.000
 74.333333  75.333333  10.678 0.000   4.987 0.000
 77.333333  78.333333   2.953 0.000   1.227 0.000
 80.333333  81.333333   7.938 0.000   3.287 0.000
 83.333333  84.333333   4.173 0.000   2.294 0.000
 86.333333  87.333333  10.346 0.000   4.994 0.000
 89.333333  90.333333  10.124 0.000   5.226 0.000
 92.333333  93.333333  11.441 0.000   4.748 0.000
 95.333333  96.333333  11.160 0.000   5.497 0.000
 98.333333  99.333333  11.761 0.000   4.745 0.000
101.333333 102.333333  11.968 0.000   4.399 0.000
104.333333 105.333333   9.532 0.000   4.813 0.000
107.333333 108.333333   9.060 0.000   3.080 0.000
110.333333 111.333333   8.121 0.000   4.765 0.000
113.333333 114.333333   6.539 0.000   2.726 0.000
116.333333 117.333333  14.262 0.000   6.745 0.000
119.333333 120.333333  11.458 0.000   5.630 0.000
122.333333 123.333333   7.179 0.000   2.712 0.000
125.333333 126.333333   7.846 0.000   3.639 0.000
128.333333 129.333333  11.510 0.000   4.703 0.000
131.333333 132.333333  15.079 0.000   6.861 0.000
134.333333 135.333333  18.553 0.000   9.184 0.000
137.333333 138.333333   9.443 0.000   3.710 0.000
140.333333 141.333333   9.142 0.000   3.849 0.000
143.333333 144.333333  18.220 0.000   6.741 0.000
146.333333 147.333333   6.970 0.000   3.194 0.000
149.333333 150.333333  13.699 0.000   6.043 0.000
152.333333 153.333333  10.803 0.000   4.840 0.000
155.333333 156.333333   7.248 0.000   2.881 0.000
158.333333 159.333333  14.421 0.000   5.019 0.000
161.333333 162.333333  15.661 0.000   6.675 0.000
164.333333 165.333333  15.676 0.000   5.479 0.000
167.333333 168.333333  14.341 0.000   6.717 0.000
170.333333 171.333333  13.297 0.000   5.560 0.000
173.333333 174.333333  14.857 0.000   5.407 0.000
176.333333 177.333333  15.751 0.000   5.626 0.000
179.333333 180.333333   7.633 0.000   2.308 0.000
182.333333 183.333333   6.677 0.000   1.861 0.000
185.333333 186.333333  19.501 0.000   7.024 0.000
188.333333 189.333333  11.381 0.000   4.975 0.000
191.333333 192.333333   7.447 0.000   2.743 0.000
194.333333 195.333333  10.074 0.000   3.398 0.000
197.333333 198.333333   6.105 0.000   2.071 0.000
200.333333 201.333333   7.423 0.000   2.211 0.000
203.333333 204.333333  10.755 0.000   2.482 0.000
206.333333 207.333333 999.999 0.999 999.999 0.999
209.333333 210.333333 999.999 0.999 999.999 0.999
212.333333 213.333333  13.469 0.000   5.527 0.000
215.333333 216.333333  12.439 0.000   4.862 0.000
218.333333 219.333333   9.511 0.000   3.971 0.000
221.333333 222.333333  10.311 0.000   3.918 0.000
224.333333 225.333333  12.461 0.000   4.067 0.000
227.333333 228.333333   8.796 0.000   2.130 0.000
230.333333 231.333333   7.491 0.000   2.921 0.000
233.333333 234.333333  12.360 0.000   4.492 0.000
236.333333 237.333333  13.737 0.000   4.998 0.000
239.333333 240.333333  14.297 0.000   4.174 0.000
242.333333 243.333333  26.800 0.000   6.213 0.000
245.333333 246.333333   9.622 0.000   3.241 0.000
248.333333 249.333333  48.178 0.000  31.071 0.000
251.333333 252.333333  17.971 0.000   8.770 0.000
254.333333 255.333333  12.176 0.000   5.811 0.000
257.333333 258.333333   9.809 0.000   3.135 0.000
260.333333 261.333333  14.909 0.000   5.323 0.000
263.333333 264.333333  12.807 0.000   3.985 0.000
266.333333 267.333333   6.689 0.000   3.449 0.000
269.333333 270.333333  13.766 0.000   5.207 0.000
272.333333 273.333333  12.344 0.000   3.534 0.000
275.333333 276.333333  11.260 0.000   4.053 0.000
278.333333 279.333333   7.689 0.000   3.507 0.000
281.333333 282.333333   9.764 0.000   2.589 0.000
284.333333 285.333333   4.665 0.000   1.794 0.000
287.333333 288.333333   3.285 0.000   1.878 0.000
290.333333 291.333333   7.195 0.000   3.038 0.000
293.333333 294.333333   6.543 0.000   2.730 0.000
296.333333 297.333333   8.908 0.000   2.829 0.000
299.333333 300.333333  24.463 0.000  11.639 0.000
302.333333 303.333333   7.197 0.000   4.463 0.000
305.333333 306.333333  11.402 0.000   6.475 0.000
308.333333 309.333333  14.444 0.000   7.253 0.000
311.333333 312.333333  12.404 0.000   8.065 0.000
314.333333 315.333333   6.868 0.000   3.527 0.000
317.333333 318.333333   4.175 0.000   2.380 0.000
320.333333 321.333333   6.841 0.000   3.948 0.000
323.333333 324.333333   6.813 0.000   2.690 0.000
326.333333 327.333333  10.469 0.000   4.575 0.000
329.333333 330.333333   9.229 0.000   3.762 0.000
332.333333 333.333333  13.890 0.000   4.803 0.000
335.333333 336.333333   4.719 0.000   1.499 0.000
338.333333 339.333333   4.828 0.000   2.276 0.000
341.333333 342.333333   7.153 0.000   3.170 0.000
344.333333 345.333333   4.782 0.000   2.801 0.000
347.333333 348.333333   8.688 0.000   5.350 0.000
350.333333 351.333333   3.164 0.000   1.429 0.000
353.333333 354.333333   6.350 0.000   2.426 0.000
356.333333 357.333333   3.488 0.000   2.236 0.000
359.333333 360.333333   6.112 0.000   1.848 0.000
362.333333 363.333333   4.297 0.000   2.825 0.000
