scripts/IMPROVE-2019_partial/data/US0596R.19970101080000.20191216000000.filterpack...1y.3d.US03L_filterpack_US0596.US03L_IMPROVE_Davis.lev2.nas
51 1001
MISSING INFORMATION
US03L, IMPROVE, , , , , , , 
MISSING INFORMATION
IMPROVE sel_HTAP
1 1
1997 01 01 2019 12 16
0
days from file reference point
4
1 1 1 1
999.999999 999.999 999.999 9.999
end_time of measurement, days from the file reference point
pm10_mass, ug/m3, Matrix=pm10
pm25_mass, ug/m3, Matrix=pm25
numflag, no unit
0
33
Data definition:              EBAS_1.1
Set type code:                TI
Timezone:                     UTC
File name:                    US0596R.19970101080000.20191216000000.filterpack...1y.3d.US03L_filterpack_US0596.US03L_IMPROVE_Davis.lev2.nas
File creation:                20191218120255
Startdate:                    19970101080000
Revision date:                20191216000000
Version:                      2
Version description:          "Data extracted from http://views.cira.colostate.edu/fed/DataWizard 2019-12-16"
Statistics:                   arithmetic mean
Data level:                   2
Period code:                  1y
Resolution code:              3d
Sample duration:              1d
Orig. time res.:              3d
Station code:                 US0596R
Platform code:                US0596S
Station name:                 Lassen Volcanic National Park-Manzanita Lake
Station latitude:             40.539
Station longitude:            -121.5772
Station altitude:             1754.0 m
Regime:                       IMG
Component:                    
Unit:                         ug/m3
Matrix:                       
Laboratory code:              US03L
Instrument type:              filterpack
Instrument name:              filterpack_US0596
Method ref:                   US03L_IMPROVE_Davis
Blank correction:             Blank corrected
Volume std. temperature:      ambient
Volume std. pressure:         ambient
starttime endtime PM10 PM2.5 flag
  0.333333   1.333333 999.999 999.999 0.999
  3.333333   4.333333   1.931   1.167 0.000
  7.333333   8.333333   1.670   1.137 0.000
 10.333333  11.333333   1.101   0.930 0.000
 14.333333  15.333333   2.392   1.121 0.000
 17.333333  18.333333   2.290   2.418 0.000
 21.333333  22.333333 999.999 999.999 0.999
 24.333333  25.333333 999.999 999.999 0.999
 28.333333  29.333333   0.745   0.728 0.000
 31.333333  32.333333   0.810   0.918 0.000
 35.333333  36.333333   1.131   1.298 0.000
 38.333333  39.333333   3.513   0.996 0.000
 42.333333  43.333333   3.211   1.512 0.000
 45.333333  46.333333   1.405   1.052 0.000
 49.333333  50.333333   2.890 999.999 0.000
 52.333333  53.333333 999.999   0.631 0.000
 56.333333  57.333333   7.594 999.999 0.000
 59.333333  60.333333   4.548   1.714 0.000
 63.333333  64.333333   8.430   3.215 0.000
 66.333333  67.333333  10.236   1.774 0.000
 70.333333  71.333333   3.867   2.414 0.000
 73.333333  74.333333   3.051   2.216 0.000
 77.333333  78.333333   4.057   3.119 0.000
 80.333333  81.333333   4.292   2.678 0.000
 84.333333  85.333333   6.944   5.325 0.000
 87.333333  88.333333   3.739   2.498 0.000
 91.333333  92.333333   2.689   2.723 0.000
 94.333333  95.333333   2.890   1.744 0.000
 98.333333  99.333333   8.333   2.664 0.000
101.333333 102.333333   8.929   4.071 0.000
105.333333 106.333333   6.463   3.636 0.000
108.333333 109.333333   7.306   1.818 0.000
112.333333 113.333333   1.131   1.018 0.000
115.333333 116.333333   5.047   2.784 0.000
119.333333 120.333333   3.332   2.395 0.000
122.333333 123.333333  11.962   5.556 0.000
126.333333 127.333333   8.759   8.358 0.000
129.333333 130.333333   6.047   5.260 0.000
133.333333 134.333333   4.205   2.634 0.000
136.333333 137.333333   3.742   2.484 0.000
140.333333 141.333333  12.698   8.273 0.000
143.333333 144.333333   2.698   1.084 0.000
147.333333 148.333333   3.296   2.030 0.000
150.333333 151.333333   4.080   2.089 0.000
154.333333 155.333333   1.452 999.999 0.000
157.333333 158.333333   3.730   2.612 0.000
161.333333 162.333333 999.999 999.999 0.999
164.333333 165.333333  11.374  10.256 0.000
168.333333 169.333333   7.957   5.737 0.000
171.333333 172.333333   5.208   3.664 0.000
175.333333 176.333333   4.456   2.428 0.000
178.333333 179.333333   5.348   3.841 0.000
182.333333 183.333333   4.268   1.714 0.000
185.333333 186.333333  11.466   4.351 0.000
189.333333 190.333333   4.413   1.921 0.000
192.333333 193.333333   5.932   3.842 0.000
196.333333 197.333333   7.628   5.208 0.000
199.333333 200.333333   3.778   3.296 0.000
203.333333 204.333333   7.906   6.797 0.000
206.333333 207.333333   7.378   4.550 0.000
210.333333 211.333333   7.286   5.407 0.000
213.333333 214.333333   2.513   1.663 0.000
217.333333 218.333333   6.360   5.707 0.000
220.333333 221.333333   8.887   5.974 0.000
224.333333 225.333333   8.041   5.010 0.000
227.333333 228.333333  10.706   4.610 0.000
231.333333 232.333333   7.425   2.345 0.000
234.333333 235.333333   5.592   4.900 0.000
238.333333 239.333333   3.202   1.921 0.000
241.333333 242.333333   5.031   3.031 0.000
245.333333 246.333333   4.102   3.875 0.000
248.333333 249.333333   4.304   2.478 0.000
252.333333 253.333333   4.777   2.876 0.000
255.333333 256.333333   2.388   2.225 0.000
259.333333 260.333333   1.958   1.907 0.000
262.333333 263.333333   2.032   1.744 0.000
266.333333 267.333333   3.765   3.351 0.000
269.333333 270.333333   2.558   2.355 0.000
273.333333 274.333333   3.246   2.666 0.000
276.333333 277.333333   3.095   3.410 0.000
280.333333 281.333333   1.937   1.924 0.000
283.333333 284.333333   0.864   0.801 0.000
287.333333 288.333333   5.348   2.753 0.000
290.333333 291.333333   6.128   2.790 0.000
294.333333 295.333333   6.610   6.566 0.000
297.333333 298.333333   3.491   3.257 0.000
301.333333 302.333333   3.784 999.999 0.000
304.333333 305.333333   1.653 999.999 0.000
308.333333 309.333333 999.999 999.999 0.999
311.333333 312.333333  14.886   4.340 0.000
315.333333 316.333333   5.095 999.999 0.000
318.333333 319.333333   1.782 999.999 0.000
322.333333 323.333333 999.999 999.999 0.999
325.333333 326.333333   1.736   0.679 0.000
329.333333 330.333333   0.813 999.999 0.000
332.333333 333.333333   5.518   1.251 0.000
336.333333 337.333333   3.264   2.746 0.000
339.333333 340.333333   4.402   1.308 0.000
343.333333 344.333333   4.543   1.097 0.000
346.333333 347.333333   9.235   0.830 0.000
350.333333 351.333333 999.999 999.999 0.259
353.333333 354.333333   1.045   1.090 0.000
357.333333 358.333333 999.999   1.116 0.000
360.333333 361.333333   5.695   0.612 0.000
364.333333 365.333333  38.194   2.294 0.000
