scripts/IMPROVE-2019_partial/data/US0567R.20040101080000.20191216000000.filterpack..pm25.52w.1w.US03L_filterpack_US0567.US03L_IMPROVE_Davis.lev2.nas
66 1001
MISSING INFORMATION
US03L, IMPROVE, , , , , , , 
MISSING INFORMATION
IMPROVE sel_HTAP
1 1
2004 01 01 2019 12 16
3.000000
days from file reference point
27
1 1 1 1 1 1 1 1 1 1 1 1 1 1 1 1 1 1 1 1 1 1 1 1 1 1 1
999.999999 9999.99 9.999 99.99 9.999 9.999 9.999999 9.99 9.999999 99.999 9.999 99.999 9.999 99.999 9.999 999.99 9.999999 999.999 9.999 999.999 9.999 999.999 9.999 9.999 9.999 99.999 9.999
end_time of measurement, days from the file reference point
iron, ng/m3, Revision date=20181210133000
numflag iron, no unit, Revision date=20181210133000
lead, ng/m3, Revision date=20181210133000
numflag lead, no unit, Revision date=20181210133000
magnesium, ug/m3, Revision date=20181210133000
numflag magnesium, no unit, Revision date=20181210133000
nickel, ng/m3, Revision date=20181210133000
numflag nickel, no unit, Revision date=20181210133000
nitrate, ug N/m3, Revision date=20181210133000
numflag nitrate, no unit, Revision date=20181210133000
organic_carbon, ug C/m3, Revision date=20181210133000
numflag organic_carbon, no unit, Revision date=20181210133000
organic_mass, ug/m3, Revision date=20181210133000
numflag organic_mass, no unit, Revision date=20181210133000
phosphorus, ng/m3, Revision date=20181210133000
numflag phosphorus, no unit, Revision date=20181210133000
pm10_mass, ug/m3, Version=2, Version description=Data extracted from http://views.cira.colostate.edu/fed/DataWizard 2019-12-16, Sample duration=1d, Orig. time res.=3d, Matrix=pm10, Blank correction=Blank corrected, Volume std. temperature=ambient, Volume std. pressure=ambient
numflag pm10_mass, no unit, Version=2, Version description=Data extracted from http://views.cira.colostate.edu/fed/DataWizard 2019-12-16, Sample duration=1d, Orig. time res.=3d, Matrix=pm10, Blank correction=Blank corrected, Volume std. temperature=ambient, Volume std. pressure=ambient
pm10_pm25_mass, ug/m3, Revision date=20181210133000, Matrix=pm10_pm25
numflag pm10_pm25_mass, no unit, Revision date=20181210133000, Matrix=pm10_pm25
pm25_mass, ug/m3, Version=2, Version description=Data extracted from http://views.cira.colostate.edu/fed/DataWizard 2019-12-16, Sample duration=1d, Orig. time res.=3d, Blank correction=Blank corrected, Volume std. temperature=ambient, Volume std. pressure=ambient
numflag pm25_mass, no unit, Version=2, Version description=Data extracted from http://views.cira.colostate.edu/fed/DataWizard 2019-12-16, Sample duration=1d, Orig. time res.=3d, Blank correction=Blank corrected, Volume std. temperature=ambient, Volume std. pressure=ambient
potassium, ug/m3, Revision date=20181210133000
numflag potassium, no unit, Revision date=20181210133000
sulphate_total, ug S/m3, Revision date=20181210133000
numflag sulphate_total, no unit, Revision date=20181210133000
0
25
Data definition:              EBAS_1.1
Set type code:                TU
Timezone:                     UTC
File name:                    US0567R.20040101080000.20191216000000.filterpack..pm25.52w.1w.US03L_filterpack_US0567.US03L_IMPROVE_Davis.lev2.nas
File creation:                20191218120250
Startdate:                    20040101080000
Revision date:                20191216000000
Statistics:                   arithmetic mean
Data level:                   2
Period code:                  52w
Resolution code:              1w
Station code:                 US0567R
Platform code:                US0567S
Station name:                 Joshua Tree National Park-Black Rock
Station latitude:             34.0695
Station longitude:            -116.3889
Station altitude:             1239.0 m
Regime:                       IMG
Component:                    
Matrix:                       pm25
Laboratory code:              US03L
Instrument type:              filterpack
Instrument name:              filterpack_US0567
Method ref:                   US03L_IMPROVE_Davis
starttime endtime Fe flag_Fe Pb flag_Pb Mg++ flag_Mg++ Ni flag_Ni NO3- flag_NO3- OC flag_OC OM flag_OM P flag_P PM10 flag_PM10 PM10-PM2.5 flag_PM10-PM2.5 PM2.5 flag_PM2.5 K+ flag_K+ SO4-- flag_SO4--
[from data line 81]
243.333333 244.333333   67.38 0.000  1.21 0.000 9.999 0.259000 0.22 0.000000  0.134 0.559  0.857 0.000  1.199 0.000 999.99 0.259000  12.800 0.000   8.350 0.000   4.450 0.000 0.034 0.000  0.423 0.559
246.333333 247.333333   95.82 0.000  1.09 0.000 9.999 0.259000 0.25 0.000000  0.209 0.559  0.670 0.000  0.938 0.000 999.99 0.259000  17.239 0.000  12.333 0.000   4.905 0.000 0.053 0.000  0.310 0.559
249.333333 250.333333   28.10 0.000  0.78 0.000 9.999 0.259000 9.99 0.259000  0.034 0.559  0.443 0.000  0.620 0.000 999.99 0.259000   5.999 0.000   3.044 0.000   2.955 0.000 0.024 0.000  0.313 0.559
252.333333 253.333333   87.26 0.000  1.16 0.000 9.999 0.259000 0.30 0.000000  0.087 0.559  0.821 0.000  1.149 0.000 999.99 0.259000  21.984 0.000  15.837 0.000   6.147 0.000 0.074 0.000  0.624 0.559
255.333333 256.333333   39.62 0.000  1.28 0.000 9.999 0.259000 0.62 0.000000  0.105 0.559  0.691 0.000  0.968 0.000 999.99 0.259000  11.547 0.000   6.867 0.000   4.679 0.000 0.022 0.000  0.477 0.559
258.333333 259.333333   91.59 0.000  1.25 0.000 9.999 0.259000 0.29 0.000000  0.377 0.000  1.329 0.000  1.861 0.000 999.99 0.259000  36.489 0.000  27.945 0.000   8.545 0.000 0.066 0.000  0.670 0.000
261.333333 262.333333   21.53 0.000  0.66 0.000 9.999 0.259000 0.16 0.000000  0.063 0.000  0.320 0.000  0.448 0.000 999.99 0.259000   6.164 0.000   3.819 0.000   2.345 0.000 0.020 0.000  0.281 0.000
264.333333 265.333333   45.12 0.000  0.40 0.000 0.113 0.000000 9.99 0.259000  0.019 0.000  0.293 0.000  0.410 0.000   4.76 0.000000   7.411 0.000   5.571 0.000   1.840 0.000 0.028 0.000  0.073 0.000
267.333333 268.333333  173.32 0.000  0.61 0.000 9.999 0.259000 9.99 0.259000  0.015 0.000  0.195 0.000  0.272 0.000 999.99 0.259000   4.068 0.000   2.935 0.000   1.133 0.000 0.097 0.000  0.078 0.000
270.333333 271.333333   42.39 0.000  1.06 0.000 9.999 0.259000 9.99 0.259000  0.078 0.000  0.766 0.000  1.073 0.000 999.99 0.259000   7.761 0.000   4.725 0.000   3.036 0.000 0.022 0.000  0.271 0.000
273.333333 274.333333   72.79 0.000  1.24 0.000 9.999 0.259000 0.34 0.000000  0.311 0.000  1.110 0.000  1.554 0.000 999.99 0.259000  17.299 0.000  11.467 0.000   5.832 0.000 0.041 0.000  0.501 0.000
276.333333 277.333333   24.37 0.000  0.60 0.000 9.999 0.259000 0.19 0.000000  0.076 0.000  0.334 0.000  0.467 0.000 999.99 0.259000   8.013 0.000   5.386 0.000   2.627 0.000 0.022 0.000  0.299 0.000
279.333333 280.333333   47.65 0.000  0.75 0.000 9.999 0.259000 9.99 0.259000  0.046 0.000  0.547 0.000  0.766 0.000 999.99 0.259000   9.656 0.000   6.245 0.000   3.412 0.000 0.030 0.000  0.295 0.000
282.333333 283.333333   64.62 0.000  1.47 0.000 9.999 0.259000 0.50 0.000000  0.136 0.000  1.014 0.000  1.419 0.000 999.99 0.259000  13.476 0.000   8.533 0.000   4.943 0.000 0.030 0.000  0.450 0.000
285.333333 286.333333   29.59 0.000  0.85 0.000 0.172 0.000000 0.15 0.000000  0.046 0.000  0.378 0.000  0.530 0.000 999.99 0.259000   8.617 0.000   5.659 0.000   2.958 0.000 0.022 0.000  0.344 0.000
288.333333 289.333333   72.99 0.000  1.73 0.000 0.082 0.000000 9.99 0.259000  0.514 0.000  0.883 0.000  1.236 0.000 999.99 0.259000  13.682 0.000   8.459 0.000   5.223 0.000 0.037 0.000  0.310 0.000
291.333333 292.333333    6.31 0.000  0.64 0.000 9.999 0.259000 9.99 0.259000  0.075 0.000  0.281 0.000  0.394 0.000 999.99 0.259000   2.970 0.000   1.272 0.000   1.698 0.000 0.013 0.000  0.174 0.000
294.333333 295.333333   10.08 0.000  0.59 0.000 9.999 0.259000 9.99 0.259000  0.428 0.000  0.490 0.000  0.685 0.000 999.99 0.259000   4.782 0.000   1.628 0.000   3.154 0.000 0.007 0.000  0.190 0.000
297.333333 298.333333   33.45 0.000  2.31 0.000 9.999 0.259000 0.47 0.000000  1.995 0.000  1.430 0.000  2.003 0.000 999.99 0.259000  18.266 0.000   3.951 0.000  14.315 0.000 0.178 0.000  0.539 0.000
300.333333 301.333333    4.56 0.000  0.54 0.000 9.999 0.259000 0.16 0.000000  0.044 0.000  0.179 0.000  0.250 0.000 999.99 0.259000   1.894 0.000   1.079 0.000   0.815 0.000 0.009 0.000  0.081 0.000
303.333333 304.333333    5.21 0.000  0.26 0.000 9.999 0.259000 0.18 0.000000  0.045 0.000  0.972 0.000  1.361 0.000 999.99 0.259000   2.399 0.000   0.919 0.000   1.480 0.000 0.009 0.000  0.080 0.000
306.333333 307.333333    6.88 0.000  0.43 0.000 0.079 0.000000 9.99 0.259000  0.015 0.000  0.163 0.000  0.229 0.000 999.99 0.259000   2.218 0.000   1.429 0.000   0.789 0.000 0.009 0.000  0.069 0.000
309.333333 310.333333   14.89 0.000  1.08 0.000 9.999 0.259000 0.23 0.000000  0.051 0.000  0.519 0.000  0.727 0.000 999.99 0.259000   4.978 0.000   2.684 0.000   2.295 0.000 0.026 0.000  0.220 0.000
312.333333 313.333333   12.31 0.000  0.95 0.000 9.999 0.259000 9.99 0.259000  0.441 0.000  0.398 0.000  0.557 0.000 999.99 0.259000   4.756 0.000   1.586 0.000   3.170 0.000 0.009 0.000  0.151 0.000
315.333333 316.333333   40.57 0.000  2.07 0.000 0.079 0.000000 0.31 0.000000  1.225 0.000  0.950 0.000  1.329 0.000 999.99 0.259000  11.953 0.000   3.529 0.000   8.424 0.000 0.026 0.000  0.438 0.000
318.333333 319.333333   10.93 0.000  0.90 0.000 0.138 0.000000 9.99 0.259000  0.034 0.000  0.618 0.000  0.866 0.000 999.99 0.259000   5.008 0.000   2.279 0.000   2.729 0.000 0.015 0.000  0.300 0.000
321.333333 322.333333   13.31 0.000  0.68 0.000 9.999 0.259000 9.99 0.259000  0.030 0.000  0.479 0.000  0.671 0.000 999.99 0.259000   4.588 0.000   2.455 0.000   2.132 0.000 0.014 0.000  0.210 0.000
324.333333 325.333333   33.30 0.000  1.05 0.000 9.999 0.259000 0.16 0.000000  0.384 0.000  0.600 0.000  0.839 0.000 999.99 0.259000  12.290 0.000   7.416 0.000   4.873 0.000 0.030 0.000  0.246 0.000
327.333333 328.333333    9.07 0.000  0.76 0.000 0.148 0.000000 9.99 0.259000  0.136 0.000  0.446 0.000  0.624 0.000 999.99 0.259000   3.937 0.000   2.422 0.000   1.514 0.000 0.010 0.000  0.120 0.000
330.333333 331.333333   19.16 0.000  1.09 0.000 0.091 0.000000 0.23 0.000000  0.451 0.000  0.664 0.000  0.929 0.000 999.99 0.259000   4.602 0.000   1.830 0.000   2.772 0.000 0.029 0.000  0.109 0.000
333.333333 334.333333   27.37 0.000  0.36 0.000 9.999 0.259000 0.14 0.000000  0.019 0.000  0.490 0.000  0.686 0.000 999.99 0.259000   8.384 0.000   6.603 0.000   1.781 0.000 0.027 0.000  0.117 0.000
336.333333 337.333333   13.64 0.000  0.46 0.000 9.999 0.259000 9.99 0.259000  0.029 0.000  0.444 0.000  0.622 0.000 999.99 0.259000   3.765 0.000   2.286 0.000   1.480 0.000 0.016 0.000  0.070 0.000
339.333333 340.333333    9.83 0.000  1.27 0.000 9.999 0.259000 0.16 0.000000  0.334 0.000  0.490 0.000  0.686 0.000 999.99 0.259000   5.166 0.000   1.067 0.000   4.099 0.000 0.025 0.000  0.329 0.000
342.333333 343.333333    5.30 0.000  0.52 0.000 9.999 0.259000 0.14 0.000000  0.345 0.000  0.363 0.000  0.508 0.000 999.99 0.259000   2.453 0.000   0.635 0.000   1.818 0.000 0.006 0.000  0.107 0.000
345.333333 346.333333   10.21 0.000  0.53 0.000 9.999 0.259000 9.99 0.259000  0.014 0.000  0.266 0.000  0.372 0.000 999.99 0.259000   2.510 0.000   1.646 0.000   0.864 0.000 0.007 0.000  0.046 0.000
348.333333 349.333333   14.18 0.000  0.82 0.000 0.030 0.000000 0.14 0.000000  0.026 0.000  0.506 0.000  0.708 0.000  12.32 0.000000   4.013 0.000   2.313 0.000   1.700 0.000 0.010 0.000  0.098 0.000
351.333333 352.333333    9.37 0.000  0.29 0.000 0.098 0.000000 9.99 0.259000  0.011 0.000  0.365 0.000  0.511 0.000 999.99 0.259000   2.301 0.000   1.347 0.000   0.954 0.000 0.008 0.000  0.057 0.000
354.333333 355.333333   27.60 0.000  1.08 0.000 0.073 0.000000 9.99 0.259000  0.247 0.000  0.617 0.000  0.864 0.000 999.99 0.259000   4.948 0.000   2.795 0.000   2.153 0.000 0.018 0.000  0.069 0.000
357.333333 358.333333   18.59 0.000  0.51 0.000 9.999 0.259000 9.99 0.259000  0.018 0.000  0.164 0.000  0.230 0.000 999.99 0.259000   5.663 0.000   4.480 0.000   1.183 0.000 0.016 0.000  0.097 0.000
360.333333 361.333333   15.63 0.000  0.67 0.000 9.999 0.259000 0.17 0.000000  0.197 0.000  0.423 0.000  0.593 0.000 999.99 0.259000   3.371 0.000   1.703 0.000   1.668 0.000 0.014 0.000  0.078 0.000
363.333333 364.333333    0.83 0.000  0.21 0.000 9.999 0.259000 0.17 0.000000  0.018 0.000  0.164 0.000  0.230 0.000 999.99 0.259000   0.620 0.000   0.199 0.000   0.421 0.000 0.003 0.000  0.019 0.000
