scripts/IMPROVE-2019_partial/data/US0567R.20090101080000.20191216000000.filterpack...52w.3d.US03L_filterpack_US0567.US03L_IMPROVE_Davis.lev2.nas
52 1001
MISSING INFORMATION
US03L, IMPROVE, , , , , , , 
MISSING INFORMATION
IMPROVE sel_HTAP
1 1
2009 01 01 2019 12 16
3.000000
days from file reference point
5
1 1 1 1 1
999.999999 999.999 9.999 999.999 9.999
end_time of measurement, days from the file reference point
pm10_mass, ug/m3, Matrix=pm10
numflag pm10_mass, no unit, Matrix=pm10
pm25_mass, ug/m3, Matrix=pm25
numflag pm25_mass, no unit, Matrix=pm25
0
33
Data definition:              EBAS_1.1
Set type code:                TU
Timezone:                     UTC
File name:                    US0567R.20090101080000.20191216000000.filterpack...52w.3d.US03L_filterpack_US0567.US03L_IMPROVE_Davis.lev2.nas
File creation:                20191218120250
Startdate:                    20090101080000
Revision date:                20191216000000
Version:                      2
Version description:          "Data extracted from http://views.cira.colostate.edu/fed/DataWizard 2019-12-16"
Statistics:                   arithmetic mean
Data level:                   2
Period code:                  52w
Resolution code:              3d
Sample duration:              1d
Orig. time res.:              3d
Station code:                 US0567R
Platform code:                US0567S
Station name:                 Joshua Tree National Park-Black Rock
Station latitude:             34.0695
Station longitude:            -116.3889
Station altitude:             1239.0 m
Regime:                       IMG
Component:                    
Unit:                         ug/m3
Matrix:                       
Laboratory code:              US03L
Instrument type:              filterpack
Instrument name:              filterpack_US0567
Method ref:                   US03L_IMPROVE_Davis
Blank correction:             Blank corrected
Volume std. temperature:      ambient
Volume std. pressure:         ambient
starttime endtime PM10 flag_PM10 PM2.5 flag_PM2.5
  0.333333   1.333333   2.245 0.000   0.977 0.000
  3.333333   4.333333   2.234 0.000   1.067 0.000
  6.333333   7.333333   2.361 0.000   0.599 0.000
  9.333333  10.333333   1.895 0.000   0.503 0.000
 12.333333  13.333333   2.322 0.000   0.540 0.000
 15.333333  16.333333   2.310 0.000   0.987 0.000
 18.333333  19.333333   3.064 0.000   1.076 0.000
 21.333333  22.333333 999.999 0.999 999.999 0.999
 24.333333  25.333333 999.999 0.999 999.999 0.999
 27.333333  28.333333 999.999 0.999 999.999 0.999
 30.333333  31.333333   3.669 0.000   1.045 0.000
 33.333333  34.333333 999.999 0.999 999.999 0.999
 36.333333  37.333333 999.999 0.999 999.999 0.999
 39.333333  40.333333 999.999 0.999 999.999 0.999
 42.333333  43.333333   8.879 0.000   7.435 0.000
 45.333333  46.333333   4.061 0.000   1.492 0.000
 48.333333  49.333333 999.999 0.999 999.999 0.999
 51.333333  52.333333   3.993 0.000   1.545 0.000
 54.333333  55.333333   2.462 0.000   1.457 0.000
 57.333333  58.333333   5.958 0.000   2.820 0.000
 60.333333  61.333333   7.034 0.000   3.083 0.000
 63.333333  64.333333   4.298 0.000   2.398 0.000
 66.333333  67.333333   7.055 0.000   3.490 0.000
 69.333333  70.333333  12.511 0.000   5.885 0.000
 72.333333  73.333333   5.343 0.000   2.763 0.000
 75.333333  76.333333  11.808 0.000   4.356 0.000
 78.333333  79.333333   6.810 0.000   3.350 0.000
 81.333333  82.333333   6.851 0.000   2.287 0.000
 84.333333  85.333333  21.150 0.000   6.943 0.000
 87.333333  88.333333  15.188 0.000   5.715 0.000
 90.333333  91.333333 999.999 0.999 999.999 0.999
 93.333333  94.333333  24.473 0.000   9.633 0.000
 96.333333  97.333333   9.104 0.000   3.306 0.000
 99.333333 100.333333  11.161 0.000   5.669 0.000
102.333333 103.333333   8.848 0.000   4.183 0.000
105.333333 106.333333  12.109 0.000   4.217 0.000
108.333333 109.333333   6.869 0.000   3.505 0.000
111.333333 112.333333  13.355 0.000   5.407 0.000
114.333333 115.333333  10.738 0.000   4.319 0.000
117.333333 118.333333  13.383 0.000   6.186 0.000
120.333333 121.333333  13.951 0.000   6.141 0.000
123.333333 124.333333  18.820 0.000   9.957 0.000
126.333333 127.333333  17.529 0.000   7.800 0.000
129.333333 130.333333  14.742 0.000   9.493 0.000
132.333333 133.333333  14.033 0.000   6.718 0.000
135.333333 136.333333  14.297 0.000   6.850 0.000
138.333333 139.333333  10.974 0.000   6.213 0.000
141.333333 142.333333  15.052 0.000   6.854 0.000
144.333333 145.333333  10.737 0.000   5.550 0.000
147.333333 148.333333  13.948 0.000   6.272 0.000
150.333333 151.333333  11.041 0.000   5.362 0.000
153.333333 154.333333   5.513 0.000   2.191 0.000
156.333333 157.333333   5.760 0.000   2.770 0.000
159.333333 160.333333   8.798 0.000   3.946 0.000
162.333333 163.333333  10.896 0.000   5.624 0.000
165.333333 166.333333   8.836 0.000   4.442 0.000
168.333333 169.333333  13.798 0.000   6.931 0.000
171.333333 172.333333   6.744 0.000   3.051 0.000
174.333333 175.333333  17.600 0.000   8.495 0.000
177.333333 178.333333  14.719 0.000   7.075 0.000
180.333333 181.333333   7.655 0.000   3.529 0.000
183.333333 184.333333  16.474 0.000   7.900 0.000
186.333333 187.333333   4.104 0.000   1.953 0.000
189.333333 190.333333   7.053 0.000   4.077 0.000
192.333333 193.333333   7.487 0.000   3.362 0.000
195.333333 196.333333  16.739 0.000   6.870 0.000
198.333333 199.333333  41.711 0.000  12.224 0.000
201.333333 202.333333  21.252 0.000   8.122 0.000
204.333333 205.333333  27.875 0.000   9.767 0.000
207.333333 208.333333  15.571 0.000   6.965 0.000
210.333333 211.333333   9.791 0.000   4.342 0.000
213.333333 214.333333   9.093 0.000   4.553 0.000
216.333333 217.333333  11.754 0.000   3.895 0.000
219.333333 220.333333  12.802 0.000   5.232 0.000
222.333333 223.333333  21.742 0.000   8.517 0.000
225.333333 226.333333  25.614 0.000  13.291 0.000
228.333333 229.333333  15.468 0.000   8.667 0.000
231.333333 232.333333  18.944 0.000   7.710 0.000
234.333333 235.333333  12.458 0.000   5.270 0.000
237.333333 238.333333   9.276 0.000   3.607 0.000
240.333333 241.333333  10.908 0.000   5.857 0.000
243.333333 244.333333  25.321 0.000  14.915 0.000
246.333333 247.333333  33.413 0.000  15.900 0.000
249.333333 250.333333  12.037 0.000   3.749 0.000
252.333333 253.333333   7.796 0.000   4.118 0.000
255.333333 256.333333   6.583 0.000   3.079 0.000
258.333333 259.333333  11.520 0.000 999.999 0.456
261.333333 262.333333  12.089 0.000   5.200 0.000
264.333333 265.333333  10.996 0.000   3.100 0.000
267.333333 268.333333   8.137 0.000   2.891 0.000
270.333333 271.333333  10.587 0.000   4.774 0.000
273.333333 274.333333   6.666 0.000   2.622 0.000
276.333333 277.333333  15.041 0.000   4.203 0.000
279.333333 280.333333  12.943 0.000   3.658 0.000
282.333333 283.333333  12.820 0.000   4.880 0.000
285.333333 286.333333   2.236 0.000   0.808 0.000
288.333333 289.333333   6.430 0.000   2.483 0.000
291.333333 292.333333   9.885 0.000   5.300 0.000
294.333333 295.333333   4.998 0.000   1.775 0.000
297.333333 298.333333   9.522 0.000   3.110 0.000
300.333333 301.333333  34.635 0.000   5.869 0.000
303.333333 304.333333   7.236 0.000   4.106 0.000
306.333333 307.333333   4.601 0.000   1.548 0.000
309.333333 310.333333  10.966 0.000   4.586 0.000
312.333333 313.333333   8.349 0.000   3.106 0.000
315.333333 316.333333   7.416 0.000   3.050 0.000
318.333333 319.333333   6.008 0.000   2.533 0.000
321.333333 322.333333  19.084 0.000   7.373 0.000
324.333333 325.333333  12.352 0.000   4.967 0.000
327.333333 328.333333   4.809 0.000   1.296 0.000
330.333333 331.333333   8.338 0.000   2.880 0.000
333.333333 334.333333   4.125 0.000   1.485 0.000
336.333333 337.333333   5.774 0.000   1.751 0.000
339.333333 340.333333   7.864 0.000   3.728 0.000
342.333333 343.333333   8.758 0.000   6.171 0.000
345.333333 346.333333  13.395 0.000  10.677 0.000
348.333333 349.333333   2.405 0.000   1.251 0.000
351.333333 352.333333   3.748 0.000   1.192 0.000
354.333333 355.333333   8.391 0.000   2.372 0.000
357.333333 358.333333   2.600 0.000   1.145 0.000
360.333333 361.333333   3.040 0.000   1.277 0.000
363.333333 364.333333   6.303 0.000   3.434 0.000
