scripts/IMPROVE-2019_partial/data/US0566R.19940101080000.20191216000000.filterpack...1y.3d.US03L_filterpack_US0566.US03L_IMPROVE_Davis.lev2.nas
51 1001
MISSING INFORMATION
US03L, IMPROVE, , , , , , , 
MISSING INFORMATION
IMPROVE sel_HTAP
1 1
1994 01 01 2019 12 16
0
days from file reference point
4
1 1 1 1
999.999999 999.999 999.999 9.999
end_time of measurement, days from the file reference point
pm10_mass, ug/m3, Matrix=pm10
pm25_mass, ug/m3, Matrix=pm25
numflag, no unit
0
33
Data definition:              EBAS_1.1
Set type code:                TI
Timezone:                     UTC
File name:                    US0566R.19940101080000.20191216000000.filterpack...1y.3d.US03L_filterpack_US0566.US03L_IMPROVE_Davis.lev2.nas
File creation:                20191218120242
Startdate:                    19940101080000
Revision date:                20191216000000
Version:                      2
Version description:          "Data extracted from http://views.cira.colostate.edu/fed/DataWizard 2019-12-16"
Statistics:                   arithmetic mean
Data level:                   2
Period code:                  1y
Resolution code:              3d
Sample duration:              1d
Orig. time res.:              3d
Station code:                 US0566R
Platform code:                US0566S
Station name:                 Pinnacles National Monument-Bear Valley (CA66)
Station latitude:             36.4834
Station longitude:            -121.157
Station altitude:             317.0 m
Regime:                       IMG
Component:                    
Unit:                         ug/m3
Matrix:                       
Laboratory code:              US03L
Instrument type:              filterpack
Instrument name:              filterpack_US0566
Method ref:                   US03L_IMPROVE_Davis
Blank correction:             Blank corrected
Volume std. temperature:      ambient
Volume std. pressure:         ambient
starttime endtime PM10 PM2.5 flag
  0.333333   1.333333   5.175   3.611 0.000
  4.333333   5.333333  10.924   6.594 0.000
  7.333333   8.333333  10.892   3.648 0.000
 11.333333  12.333333   6.920   5.749 0.000
 14.333333  15.333333  17.520  12.783 0.000
 18.333333  19.333333  10.445   4.385 0.000
 21.333333  22.333333   7.991   4.874 0.000
 25.333333  26.333333   5.462 999.999 0.000
 28.333333  29.333333 999.999   4.551 0.000
 32.333333  33.333333   6.008   2.875 0.000
 35.333333  36.333333   7.171   3.914 0.000
 39.333333  40.333333 999.999   5.287 0.000
 42.333333  43.333333  11.434   4.290 0.000
 46.333333  47.333333  13.611   6.303 0.000
 49.333333  50.333333   2.395   1.201 0.000
 53.333333  54.333333   5.650   3.077 0.000
 56.333333  57.333333   5.192   3.314 0.000
 60.333333  61.333333   9.148   4.807 0.000
 63.333333  64.333333   3.813   2.136 0.000
 67.333333  68.333333  11.928 999.999 0.000
 70.333333  71.333333   9.730   5.355 0.000
 74.333333  75.333333  15.777   3.916 0.000
 77.333333  78.333333  12.075 999.999 0.000
 81.333333  82.333333   8.000   5.655 0.000
 84.333333  85.333333  10.748   6.976 0.000
 88.333333  89.333333   6.890   3.304 0.000
 91.333333  92.333333  13.172   6.896 0.000
 95.333333  96.333333  10.151   4.611 0.000
 98.333333  99.333333  11.585   3.994 0.000
102.333333 103.333333  13.686   5.403 0.000
105.333333 106.333333  20.460  12.827 0.000
109.333333 110.333333  12.762 999.999 0.000
112.333333 113.333333   9.437   4.242 0.000
116.333333 117.333333  12.735   4.290 0.000
119.333333 120.333333  11.508   4.139 0.000
123.333333 124.333333   5.280   2.604 0.000
126.333333 127.333333   5.560   1.994 0.000
130.333333 131.333333  21.074   7.660 0.000
133.333333 134.333333  16.124   8.580 0.000
137.333333 138.333333  10.772   6.030 0.000
140.333333 141.333333   8.046   3.765 0.000
144.333333 145.333333  13.672   6.269 0.000
147.333333 148.333333  19.038   8.533 0.000
151.333333 152.333333  10.380   4.985 0.000
154.333333 155.333333  13.321   2.372 0.000
158.333333 159.333333  14.249   4.235 0.000
161.333333 162.333333  17.978   7.729 0.000
165.333333 166.333333  14.189   5.015 0.000
168.333333 169.333333  12.491   4.613 0.000
172.333333 173.333333  13.116   4.781 0.000
175.333333 176.333333  14.568   6.404 0.000
179.333333 180.333333  18.881   7.493 0.000
182.333333 183.333333  13.175   3.493 0.000
186.333333 187.333333  21.858   8.240 0.000
189.333333 190.333333  17.769   6.923 0.000
193.333333 194.333333 999.999   9.677 0.000
196.333333 197.333333 999.999   6.746 0.000
200.333333 201.333333  13.934   3.772 0.000
203.333333 204.333333  10.693   2.332 0.000
207.333333 208.333333  22.353  10.060 0.000
210.333333 211.333333  21.940   6.328 0.000
214.333333 215.333333  15.468   3.383 0.000
217.333333 218.333333  17.409   5.401 0.000
221.333333 222.333333  15.751   5.439 0.000
224.333333 225.333333  12.764   3.864 0.000
228.333333 229.333333  26.183   9.196 0.000
231.333333 232.333333  20.000   6.396 0.000
235.333333 236.333333  16.221   6.149 0.000
238.333333 239.333333  19.122   6.209 0.000
242.333333 243.333333  17.761   6.784 0.000
245.333333 246.333333  14.491   4.357 0.000
249.333333 250.333333  15.880   4.060 0.000
252.333333 253.333333  17.323   3.798 0.000
256.333333 257.333333  16.097   5.148 0.000
259.333333 260.333333  19.416   7.493 0.000
263.333333 264.333333  21.500   9.335 0.000
266.333333 267.333333   9.821   6.301 0.000
270.333333 271.333333  16.692   7.069 0.000
273.333333 274.333333  19.143   8.654 0.000
277.333333 278.333333  19.231   4.154 0.000
280.333333 281.333333  19.769   7.740 0.000
284.333333 285.333333  16.803   5.836 0.000
287.333333 288.333333  19.255   6.809 0.000
291.333333 292.333333  21.434   7.492 0.000
294.333333 295.333333  22.269   9.329 0.000
298.333333 299.333333  13.154   3.796 0.000
301.333333 302.333333  13.370   5.476 0.000
305.333333 306.333333  10.952   4.000 0.000
308.333333 309.333333   7.820   2.507 0.000
312.333333 313.333333   5.356   2.713 0.000
315.333333 316.333333   7.566   4.511 0.000
319.333333 320.333333   8.791   3.792 0.000
322.333333 323.333333   5.897   3.609 0.000
326.333333 327.333333   7.239   4.320 0.000
329.333333 330.333333   6.886   3.070 0.000
333.333333 334.333333   4.758   3.230 0.000
336.333333 337.333333   7.655   2.419 0.000
340.333333 341.333333   9.485   3.994 0.000
343.333333 344.333333  10.805   6.026 0.000
347.333333 348.333333   3.254   1.503 0.000
350.333333 351.333333   4.662   3.108 0.000
354.333333 355.333333   7.962   4.592 0.000
357.333333 358.333333   8.669   3.689 0.000
361.333333 362.333333  11.160   3.112 0.000
364.333333 365.333333  16.132   5.015 0.000
