scripts/IMPROVE-2019_partial/data/US0566R.20040101080000.20191216000000.filterpack..pm25.52w.1w.US03L_filterpack_US0566.US03L_IMPROVE_Davis.lev2.nas
66 1001
MISSING INFORMATION
US03L, IMPROVE, , , , , , , 
MISSING INFORMATION
IMPROVE sel_HTAP
1 1
2004 01 01 2019 12 16
3.000000
days from file reference point
27
1 1 1 1 1 1 1 1 1 1 1 1 1 1 1 1 1 1 1 1 1 1 1 1 1 1 1
999.999999 9999.99 9.999 99.99 9.999 9.999 9.999 9.99 9.999 99.999 9.999 99.999 9.999 99.999 9.999 999.99 9.999 999.999 9.999 999.999 9.999 999.999 9.999 9.999 9.999 99.999 9.999
end_time of measurement, days from the file reference point
iron, ng/m3, Revision date=20181210133000
numflag iron, no unit, Revision date=20181210133000
lead, ng/m3, Revision date=20181210133000
numflag lead, no unit, Revision date=20181210133000
magnesium, ug/m3, Revision date=20181210133000
numflag magnesium, no unit, Revision date=20181210133000
nickel, ng/m3, Revision date=20181210133000
numflag nickel, no unit, Revision date=20181210133000
nitrate, ug N/m3, Revision date=20181210133000
numflag nitrate, no unit, Revision date=20181210133000
organic_carbon, ug C/m3, Revision date=20181210133000
numflag organic_carbon, no unit, Revision date=20181210133000
organic_mass, ug/m3, Revision date=20181210133000
numflag organic_mass, no unit, Revision date=20181210133000
phosphorus, ng/m3, Revision date=20181210133000
numflag phosphorus, no unit, Revision date=20181210133000
pm10_mass, ug/m3, Version=2, Version description=Data extracted from http://views.cira.colostate.edu/fed/DataWizard 2019-12-16, Sample duration=1d, Orig. time res.=3d, Matrix=pm10, Blank correction=Blank corrected, Volume std. temperature=ambient, Volume std. pressure=ambient
numflag pm10_mass, no unit, Version=2, Version description=Data extracted from http://views.cira.colostate.edu/fed/DataWizard 2019-12-16, Sample duration=1d, Orig. time res.=3d, Matrix=pm10, Blank correction=Blank corrected, Volume std. temperature=ambient, Volume std. pressure=ambient
pm10_pm25_mass, ug/m3, Revision date=20181210133000, Matrix=pm10_pm25
numflag pm10_pm25_mass, no unit, Revision date=20181210133000, Matrix=pm10_pm25
pm25_mass, ug/m3, Version=2, Version description=Data extracted from http://views.cira.colostate.edu/fed/DataWizard 2019-12-16, Sample duration=1d, Orig. time res.=3d, Blank correction=Blank corrected, Volume std. temperature=ambient, Volume std. pressure=ambient
numflag pm25_mass, no unit, Version=2, Version description=Data extracted from http://views.cira.colostate.edu/fed/DataWizard 2019-12-16, Sample duration=1d, Orig. time res.=3d, Blank correction=Blank corrected, Volume std. temperature=ambient, Volume std. pressure=ambient
potassium, ug/m3, Revision date=20181210133000
numflag potassium, no unit, Revision date=20181210133000
sulphate_total, ug S/m3, Revision date=20181210133000
numflag sulphate_total, no unit, Revision date=20181210133000
0
25
Data definition:              EBAS_1.1
Set type code:                TU
Timezone:                     UTC
File name:                    US0566R.20040101080000.20191216000000.filterpack..pm25.52w.1w.US03L_filterpack_US0566.US03L_IMPROVE_Davis.lev2.nas
File creation:                20191218120244
Startdate:                    20040101080000
Revision date:                20191216000000
Statistics:                   arithmetic mean
Data level:                   2
Period code:                  52w
Resolution code:              1w
Station code:                 US0566R
Platform code:                US0566S
Station name:                 Pinnacles National Monument-Bear Valley (CA66)
Station latitude:             36.4834
Station longitude:            -121.157
Station altitude:             317.0 m
Regime:                       IMG
Component:                    
Matrix:                       pm25
Laboratory code:              US03L
Instrument type:              filterpack
Instrument name:              filterpack_US0566
Method ref:                   US03L_IMPROVE_Davis
starttime endtime Fe flag_Fe Pb flag_Pb Mg++ flag_Mg++ Ni flag_Ni NO3- flag_NO3- OC flag_OC OM flag_OM P flag_P PM10 flag_PM10 PM10-PM2.5 flag_PM10-PM2.5 PM2.5 flag_PM2.5 K+ flag_K+ SO4-- flag_SO4--
[from data line 85]
255.333333 256.333333   21.82 0.000 99.99 0.259 9.999 0.259 0.29 0.000  0.105 0.559  0.709 0.000  0.993 0.000 999.99 0.259 999.999 0.999 999.999 0.999   3.575 0.000 0.021 0.000  0.250 0.559
258.333333 259.333333   51.76 0.000  1.08 0.000 0.129 0.000 0.26 0.000  0.104 0.000  1.040 0.000  1.456 0.000 999.99 0.259  13.930 0.000   9.787 0.000   4.143 0.000 0.046 0.000  0.170 0.000
261.333333 262.333333   11.99 0.000 99.99 0.259 0.090 0.000 0.31 0.000  0.140 0.000  0.306 0.000  0.428 0.000   6.56 0.000   9.927 0.000   6.632 0.000   3.294 0.000 0.022 0.000  0.236 0.000
264.333333 265.333333   39.32 0.000  0.48 0.000 9.999 0.259 0.27 0.000  0.062 0.000  1.214 0.000  1.700 0.000 999.99 0.259 999.999 0.999 999.999 0.999   3.202 0.000 0.034 0.000  0.102 0.000
267.333333 268.333333   71.36 0.000  1.08 0.000 9.999 0.259 0.22 0.000  0.048 0.000  1.395 0.000  1.953 0.000 999.99 0.259 999.999 0.999 999.999 0.999   5.282 0.000 0.049 0.000  0.296 0.000
270.333333 271.333333   23.59 0.000  0.92 0.000 9.999 0.259 0.30 0.000  0.204 0.000  0.715 0.000  1.001 0.000 999.99 0.259  13.726 0.000   8.988 0.000   4.739 0.000 0.034 0.000  0.435 0.000
273.333333 274.333333   10.01 0.000  0.36 0.000 9.999 0.259 9.99 0.259  0.135 0.000  0.407 0.000  0.569 0.000 999.99 0.259   9.150 0.000   5.589 0.000   3.561 0.000 0.027 0.000  0.240 0.000
276.333333 277.333333   55.64 0.000  1.33 0.000 9.999 0.259 0.62 0.000  0.364 0.000  1.964 0.000  2.750 0.000 999.99 0.259  22.768 0.000  13.814 0.000   8.954 0.000 0.051 0.000  0.936 0.000
279.333333 280.333333   48.07 0.000  0.71 0.000 9.999 0.259 0.31 0.000  0.063 0.000  1.321 0.000  1.849 0.000 999.99 0.259 999.999 0.999 999.999 0.999   5.171 0.000 0.039 0.000  0.374 0.000
282.333333 283.333333   12.76 0.000  0.25 0.000 9.999 0.259 9.99 0.259  0.126 0.000  0.533 0.000  0.746 0.000 999.99 0.259 999.999 0.999 999.999 0.999   2.612 0.000 0.018 0.000  0.199 0.000
285.333333 286.333333   62.86 0.000  0.78 0.000 9.999 0.259 0.09 0.000  0.033 0.000  0.842 0.000  1.178 0.000 999.99 0.259 999.999 0.999 999.999 0.999   3.235 0.000 0.039 0.000  0.186 0.000
288.333333 289.333333   76.59 0.000  0.89 0.000 0.110 0.000 0.48 0.000  0.213 0.000  3.266 0.000  4.572 0.000 999.99 0.259 999.999 0.999 999.999 0.999  11.292 0.000 0.093 0.000  0.702 0.000
291.333333 292.333333    5.74 0.000  0.22 0.000 0.080 0.000 0.20 0.000  0.077 0.000  0.352 0.000  0.492 0.000   4.47 0.000   6.110 0.000   4.071 0.000   2.039 0.000 0.015 0.000  0.142 0.000
294.333333 295.333333   13.77 0.000  0.39 0.000 9.999 0.259 9.99 0.259  0.278 0.000  0.673 0.000  0.942 0.000 999.99 0.259   6.505 0.000   4.080 0.000   2.425 0.000 0.016 0.000  0.142 0.000
297.333333 298.333333    6.90 0.000  0.68 0.000 0.088 0.000 0.11 0.000  0.256 0.000  1.034 0.000  1.448 0.000 999.99 0.259 999.999 0.999 999.999 0.999   3.159 0.000 0.020 0.000  0.182 0.000
300.333333 301.333333    2.92 0.000 99.99 0.259 0.123 0.000 9.99 0.259  0.048 0.559  0.283 0.000  0.397 0.000 999.99 0.259   3.657 0.000   2.351 0.000   1.306 0.000 0.009 0.000  0.108 0.559
303.333333 304.333333   15.40 0.000  1.20 0.000 0.099 0.000 0.11 0.000  0.432 0.000  1.532 0.000  2.145 0.000 999.99 0.259   8.275 0.000   2.897 0.000   5.378 0.000 0.032 0.000  0.253 0.000
306.333333 307.333333   15.44 0.000  0.62 0.000 0.087 0.000 0.24 0.000  0.059 0.000  0.992 0.000  1.389 0.000 999.99 0.259   6.258 0.000   3.050 0.000   3.209 0.000 0.032 0.000  0.129 0.000
309.333333 310.333333    7.36 0.000  0.54 0.000 9.999 0.259 0.11 0.000  0.157 0.000  0.649 0.000  0.909 0.000 999.99 0.259   5.751 0.000   3.073 0.000   2.678 0.000 0.028 0.000  0.133 0.000
312.333333 313.333333   15.42 0.000  1.00 0.000 9.999 0.259 0.64 0.000  0.246 0.000  1.315 0.000  1.840 0.000 999.99 0.259  13.698 0.000   6.580 0.000   7.117 0.000 0.049 0.000  0.671 0.000
315.333333 316.333333   17.21 0.000  2.08 0.000 9.999 0.259 0.24 0.000  0.091 0.000  0.352 0.000  0.492 0.000 999.99 0.259   7.797 0.000   3.913 0.000   3.884 0.000 0.040 0.000  0.604 0.000
318.333333 319.333333    7.32 0.000  1.03 0.000 9.999 0.259 9.99 0.259  0.048 0.000  1.837 0.000  2.572 0.000 999.99 0.259   7.758 0.000   2.337 0.000   5.421 0.000 0.037 0.000  0.238 0.000
321.333333 322.333333   24.28 0.000  1.21 0.000 0.109 0.000 0.20 0.000  0.220 0.000  1.613 0.000  2.259 0.000 999.99 0.259 999.999 0.999 999.999 0.999   5.650 0.000 0.031 0.000  0.371 0.000
324.333333 325.333333   11.89 0.000  3.90 0.000 9.999 0.259 0.16 0.000  0.403 0.000  1.698 0.000  2.377 0.000 999.99 0.259   7.628 0.000   2.612 0.000   5.015 0.000 0.043 0.000  0.169 0.000
327.333333 328.333333   26.73 0.000  1.20 0.000 9.999 0.259 9.99 0.259  0.243 0.000  1.594 0.000  2.231 0.000 999.99 0.259   8.068 0.000   3.435 0.000   4.633 0.000 0.037 0.000  0.154 0.000
330.333333 331.333333   11.95 0.000  1.84 0.000 9.999 0.259 0.19 0.000  0.355 0.000  2.252 0.000  3.153 0.000 999.99 0.259   8.144 0.000   1.791 0.000   6.353 0.000 0.054 0.000  0.286 0.000
333.333333 334.333333    6.43 0.000  0.50 0.000 9.999 0.259 0.15 0.000  0.019 0.000  0.539 0.000  0.755 0.000 999.99 0.259   2.826 0.000   1.390 0.000   1.436 0.000 0.025 0.000  0.063 0.000
336.333333 337.333333   13.99 0.000  1.04 0.000 9.999 0.259 9.99 0.259  0.524 0.000  2.230 0.000  3.122 0.000 999.99 0.259   7.479 0.000   1.299 0.000   6.179 0.000 0.078 0.000  0.125 0.000
339.333333 340.333333   23.13 0.000  1.68 0.000 9.999 0.259 0.33 0.000  0.952 0.000  1.574 0.000  2.204 0.000 999.99 0.259  11.588 0.000   2.575 0.000   9.013 0.000 0.048 0.000  0.347 0.000
342.333333 343.333333    1.26 0.000  0.24 0.000 9.999 0.259 0.14 0.000  0.033 0.000  0.254 0.000  0.355 0.000 999.99 0.259   3.205 0.000   2.209 0.000   0.996 0.000 0.007 0.000  0.076 0.000
345.333333 346.333333    6.49 0.000  1.17 0.000 9.999 0.259 9.99 0.259  0.020 0.000  0.744 0.000  1.042 0.000 999.99 0.259   3.715 0.000   1.458 0.000   2.256 0.000 0.030 0.000  0.138 0.000
348.333333 349.333333    6.05 0.000  0.69 0.000 0.109 0.000 0.28 0.000  0.445 0.000  0.753 0.000  1.054 0.000 999.99 0.259   4.423 0.000   0.672 0.000   3.750 0.000 0.023 0.000  0.255 0.000
351.333333 352.333333    9.00 0.000  0.68 0.000 9.999 0.259 0.23 0.000  0.031 0.000  0.543 0.000  0.760 0.000 999.99 0.259   2.917 0.000   1.465 0.000   1.453 0.000 0.020 0.000  0.078 0.000
354.333333 355.333333   30.40 0.000  1.59 0.000 0.059 0.000 0.27 0.000  0.633 0.000  1.773 0.000  2.482 0.000 999.99 0.259  11.218 0.000   2.890 0.000   8.327 0.000 0.043 0.000  0.345 0.000
357.333333 358.333333   12.70 0.000  1.20 0.000 9.999 0.259 0.14 0.000  0.404 0.000  0.947 0.000  1.326 0.000 999.99 0.259   6.035 0.000   1.962 0.000   4.073 0.000 0.032 0.000  0.154 0.000
360.333333 361.333333   10.33 0.000  0.81 0.000 0.048 0.000 0.38 0.000  0.093 0.000  0.463 0.000  0.648 0.000 999.99 0.259   4.931 0.000   2.136 0.000   2.795 0.000 0.024 0.000  0.279 0.000
363.333333 364.333333    1.20 0.000 99.99 0.259 9.999 0.259 0.35 0.000  0.021 0.000  0.096 0.000  0.134 0.000 999.99 0.259   1.797 0.000   1.153 0.000   0.645 0.000 0.007 0.000  0.058 0.000
