scripts/IMPROVE-2019_partial/data/US0566R.20010101080000.20191216000000.filterpack..pm25.52w.1w.US03L_filterpack_US0566.US03L_IMPROVE_Davis.lev2.nas
66 1001
MISSING INFORMATION
US03L, IMPROVE, , , , , , , 
MISSING INFORMATION
IMPROVE sel_HTAP
1 1
2001 01 01 2019 12 16
3.000000
days from file reference point
27
1 1 1 1 1 1 1 1 1 1 1 1 1 1 1 1 1 1 1 1 1 1 1 1 1 1 1
999.999999 9999.99 9.999 99.99 9.999 9.999 9.999999 9.99 9.999999 9.999 9.999 99.999 9.999 99.999 9.999 99.99 9.999999 999.999 9.999 999.999 9.999 999.999 9.999 9.999 9.999 9.999 9.999
end_time of measurement, days from the file reference point
iron, ng/m3, Revision date=20181210133000
numflag iron, no unit, Revision date=20181210133000
lead, ng/m3, Revision date=20181210133000
numflag lead, no unit, Revision date=20181210133000
magnesium, ug/m3, Revision date=20181210133000
numflag magnesium, no unit, Revision date=20181210133000
nickel, ng/m3, Revision date=20181210133000
numflag nickel, no unit, Revision date=20181210133000
nitrate, ug N/m3, Revision date=20181210133000
numflag nitrate, no unit, Revision date=20181210133000
organic_carbon, ug C/m3, Revision date=20181210133000
numflag organic_carbon, no unit, Revision date=20181210133000
organic_mass, ug/m3, Revision date=20181210133000
numflag organic_mass, no unit, Revision date=20181210133000
phosphorus, ng/m3, Revision date=20181210133000
numflag phosphorus, no unit, Revision date=20181210133000
pm10_mass, ug/m3, Version=2, Version description=Data extracted from http://views.cira.colostate.edu/fed/DataWizard 2019-12-16, Sample duration=1d, Orig. time res.=3d, Matrix=pm10, Blank correction=Blank corrected, Volume std. temperature=ambient, Volume std. pressure=ambient
numflag pm10_mass, no unit, Version=2, Version description=Data extracted from http://views.cira.colostate.edu/fed/DataWizard 2019-12-16, Sample duration=1d, Orig. time res.=3d, Matrix=pm10, Blank correction=Blank corrected, Volume std. temperature=ambient, Volume std. pressure=ambient
pm10_pm25_mass, ug/m3, Revision date=20181210133000, Matrix=pm10_pm25
numflag pm10_pm25_mass, no unit, Revision date=20181210133000, Matrix=pm10_pm25
pm25_mass, ug/m3, Version=2, Version description=Data extracted from http://views.cira.colostate.edu/fed/DataWizard 2019-12-16, Sample duration=1d, Orig. time res.=3d, Blank correction=Blank corrected, Volume std. temperature=ambient, Volume std. pressure=ambient
numflag pm25_mass, no unit, Version=2, Version description=Data extracted from http://views.cira.colostate.edu/fed/DataWizard 2019-12-16, Sample duration=1d, Orig. time res.=3d, Blank correction=Blank corrected, Volume std. temperature=ambient, Volume std. pressure=ambient
potassium, ug/m3, Revision date=20181210133000
numflag potassium, no unit, Revision date=20181210133000
sulphate_total, ug S/m3, Revision date=20181210133000
numflag sulphate_total, no unit, Revision date=20181210133000
0
25
Data definition:              EBAS_1.1
Set type code:                TU
Timezone:                     UTC
File name:                    US0566R.20010101080000.20191216000000.filterpack..pm25.52w.1w.US03L_filterpack_US0566.US03L_IMPROVE_Davis.lev2.nas
File creation:                20191218120243
Startdate:                    20010101080000
Revision date:                20191216000000
Statistics:                   arithmetic mean
Data level:                   2
Period code:                  52w
Resolution code:              1w
Station code:                 US0566R
Platform code:                US0566S
Station name:                 Pinnacles National Monument-Bear Valley (CA66)
Station latitude:             36.4834
Station longitude:            -121.157
Station altitude:             317.0 m
Regime:                       IMG
Component:                    
Matrix:                       pm25
Laboratory code:              US03L
Instrument type:              filterpack
Instrument name:              filterpack_US0566
Method ref:                   US03L_IMPROVE_Davis
starttime endtime Fe flag_Fe Pb flag_Pb Mg++ flag_Mg++ Ni flag_Ni NO3- flag_NO3- OC flag_OC OM flag_OM P flag_P PM10 flag_PM10 PM10-PM2.5 flag_PM10-PM2.5 PM2.5 flag_PM2.5 K+ flag_K+ SO4-- flag_SO4--
[from data line 82]
246.333333 247.333333 9999.99 0.456 99.99 0.456 9.999 0.456000 9.99 0.456000 0.093 0.000  0.521 0.000  0.729 0.000 99.99 0.456000  11.438 0.000 999.999 0.999 999.999 0.456 9.999 0.456 0.304 0.000
249.333333 250.333333   57.42 0.394  0.68 0.394 9.999 0.394259 0.32 0.394000 0.364 0.394  1.274 0.000  1.783 0.000 99.99 0.394259  23.928 0.000  15.823 0.000   8.105 0.000 0.058 0.394 0.490 0.394
252.333333 253.333333   25.63 0.000  0.64 0.000 9.999 0.259000 0.20 0.000000 0.212 0.559  0.609 0.000  0.853 0.000 99.99 0.259000  13.889 0.000   7.941 0.000   5.948 0.000 0.039 0.000 0.427 0.559
255.333333 256.333333   32.83 0.000  0.57 0.000 9.999 0.259000 0.25 0.000000 0.143 0.000  1.020 0.000  1.428 0.000 99.99 0.259000  11.005 0.000   5.706 0.000   5.300 0.000 0.026 0.000 0.545 0.000
258.333333 259.333333   27.60 0.000  0.54 0.000 9.999 0.259000 0.35 0.000000 0.191 0.000  0.888 0.000  1.243 0.000 99.99 0.259000   8.975 0.000   3.837 0.000   5.138 0.000 0.021 0.000 0.603 0.000
261.333333 262.333333   37.02 0.000  0.57 0.000 9.999 0.259000 0.29 0.000000 0.165 0.000  1.083 0.000  1.516 0.000 99.99 0.259000  12.589 0.000   7.195 0.000   5.394 0.000 0.033 0.000 0.523 0.000
264.333333 265.333333   52.30 0.000  0.91 0.000 9.999 0.259000 0.16 0.000000 0.048 0.000  1.099 0.000  1.538 0.000 99.99 0.259000  13.930 0.000   8.449 0.000   5.481 0.000 0.033 0.000 0.442 0.000
267.333333 268.333333 9999.99 0.999 99.99 0.999 9.999 0.999000 9.99 0.999000 9.999 0.999 99.999 0.999 99.999 0.999 99.99 0.999000 999.999 0.999 999.999 0.999 999.999 0.999 9.999 0.999 9.999 0.999
270.333333 271.333333   23.70 0.000  0.85 0.000 9.999 0.259000 0.14 0.000000 0.102 0.000  0.311 0.000  0.436 0.000 99.99 0.259000   6.985 0.000   4.347 0.000   2.638 0.000 0.021 0.000 0.197 0.000
273.333333 274.333333   77.00 0.559  1.65 0.559 9.999 0.559259 0.19 0.559000 0.094 0.000  2.036 0.000  2.851 0.000 99.99 0.559259  17.361 0.000   9.382 0.000   7.979 0.559 0.059 0.559 0.508 0.000
276.333333 277.333333   25.01 0.000  0.57 0.000 9.999 0.259000 0.65 0.000000 0.288 0.559  0.771 0.000  1.079 0.000 99.99 0.259000  11.274 0.000   5.880 0.000   5.394 0.000 0.034 0.000 0.631 0.559
279.333333 280.333333   31.82 0.000  0.78 0.000 9.999 0.259000 0.23 0.000000 0.196 0.000  1.552 0.000  2.173 0.000 99.99 0.259000  14.543 0.000   8.447 0.000   6.096 0.000 0.046 0.000 0.511 0.000
282.333333 283.333333   48.34 0.000  1.13 0.000 9.999 0.259000 0.20 0.000000 0.147 0.000  1.076 0.000  1.506 0.000 99.99 0.259000  14.052 0.000   9.210 0.000   4.842 0.000 0.058 0.000 0.240 0.000
285.333333 286.333333   99.98 0.000  0.73 0.000 9.999 0.259000 9.99 0.259000 0.034 0.000  1.209 0.000  1.692 0.000 99.99 0.259000  21.078 0.000  16.651 0.000   4.428 0.000 0.062 0.000 0.088 0.000
288.333333 289.333333   67.63 0.000  1.01 0.000 9.999 0.259000 0.52 0.000000 0.155 0.000  1.182 0.000  1.654 0.000 99.99 0.259000  18.890 0.000  11.941 0.000   6.949 0.000 0.066 0.000 0.589 0.000
291.333333 292.333333   90.40 0.000  1.87 0.000 9.999 0.259000 0.27 0.000000 0.099 0.000  1.586 0.000  2.221 0.000 99.99 0.259000  18.301 0.000  11.260 0.000   7.041 0.000 0.079 0.000 0.377 0.000
294.333333 295.333333   59.96 0.000  0.98 0.000 9.999 0.259000 0.19 0.000000 0.232 0.559  1.067 0.000  1.494 0.000 99.99 0.259000  13.889 0.000   8.134 0.000   5.755 0.000 0.060 0.000 0.363 0.559
297.333333 298.333333  101.79 0.699  1.95 0.699 9.999 0.699259 9.99 0.699259 0.091 0.000  1.707 0.000  2.390 0.000 99.99 0.699259  19.036 0.000  12.158 0.000   6.878 0.699 0.129 0.699 0.243 0.000
300.333333 301.333333   25.36 0.000  0.80 0.000 9.999 0.259000 0.17 0.000000 0.194 0.000  0.493 0.000  0.690 0.000 99.99 0.259000  15.523 0.000  10.146 0.000   5.377 0.000 0.034 0.000 0.407 0.000
303.333333 304.333333 9999.99 0.999 99.99 0.999 9.999 0.999000 9.99 0.999000 9.999 0.999 99.999 0.999 99.999 0.999 99.99 0.999000 999.999 0.999 999.999 0.999 999.999 0.999 9.999 0.999 9.999 0.999
306.333333 307.333333   34.66 0.000  1.66 0.000 9.999 0.259000 0.23 0.000000 0.244 0.559  2.105 0.000  2.947 0.000 99.99 0.259000  12.745 0.000   5.649 0.000   7.096 0.000 0.044 0.000 0.323 0.559
309.333333 310.333333   39.08 0.000  1.37 0.000 9.999 0.259000 0.14 0.000000 0.416 0.000  1.560 0.000  2.184 0.000 99.99 0.259000  17.750 0.000   9.646 0.000   8.104 0.000 0.052 0.000 0.451 0.000
312.333333 313.333333   42.16 0.000  1.21 0.000 9.999 0.259000 0.14 0.000000 0.120 0.000  1.439 0.000  2.015 0.000 99.99 0.259000  16.912 0.000  10.618 0.000   6.293 0.000 0.055 0.000 0.398 0.000
315.333333 316.333333    3.19 0.000  0.28 0.000 9.999 0.259000 9.99 0.259000 0.016 0.000  0.132 0.000  0.185 0.000 99.99 0.259000   3.127 0.000   2.240 0.000   0.887 0.000 0.009 0.000 0.053 0.000
318.333333 319.333333    9.26 0.000  0.67 0.000 0.016 0.000000 9.99 0.259000 0.068 0.559  1.000 0.000  1.400 0.000 99.99 0.259000   4.861 0.000   2.261 0.000   2.600 0.000 0.037 0.000 0.115 0.559
321.333333 322.333333   11.52 0.000  1.54 0.000 9.999 0.259000 9.99 0.259000 0.297 0.559  1.784 0.000  2.497 0.000 99.99 0.259000   6.699 0.000   0.738 0.000   5.961 0.000 0.043 0.000 0.280 0.559
324.333333 325.333333    9.30 0.000  0.63 0.000 9.999 0.259000 9.99 0.259000 0.125 0.559  0.511 0.000  0.716 0.000 99.99 0.259000   6.741 0.000   3.531 0.000   3.210 0.000 0.026 0.000 0.119 0.559
327.333333 328.333333    5.56 0.000  0.23 0.000 9.999 0.259000 9.99 0.259000 0.044 0.559  0.306 0.000  0.429 0.000 99.99 0.259000   5.024 0.000   2.902 0.000   2.123 0.000 0.043 0.000 0.076 0.559
330.333333 331.333333   10.24 0.000  0.72 0.000 9.999 0.259000 9.99 0.259000 0.105 0.559  1.015 0.000  1.422 0.000 99.99 0.259000   4.520 0.000   1.609 0.000   2.911 0.000 0.024 0.000 0.089 0.559
333.333333 334.333333    3.90 0.000  0.51 0.000 9.999 0.259000 9.99 0.259000 0.095 0.559  0.429 0.000  0.600 0.000 99.99 0.259000   7.314 0.000   4.025 0.000   3.289 0.000 0.020 0.000 0.116 0.559
336.333333 337.333333    3.82 0.000  0.32 0.000 9.999 0.259000 9.99 0.259000 0.065 0.559  0.206 0.000  0.289 0.000 99.99 0.259000   4.479 0.000   2.644 0.000   1.836 0.000 0.011 0.000 0.062 0.559
339.333333 340.333333   10.09 0.000  0.49 0.000 9.999 0.259000 9.99 0.259000 0.175 0.000  0.391 0.000  0.547 0.000 99.99 0.259000   3.513 0.000   1.989 0.000   1.524 0.000 0.012 0.000 0.085 0.000
342.333333 343.333333    3.33 0.000  0.46 0.000 9.999 0.259000 9.99 0.259000 0.044 0.559  0.444 0.000  0.621 0.000 99.99 0.259000   2.014 0.000   1.442 0.000   0.571 0.000 0.013 0.000 0.087 0.559
345.333333 346.333333   10.64 0.000  0.60 0.000 0.055 0.000000 9.99 0.259000 0.128 0.559  0.787 0.000  1.101 0.000 99.99 0.259000   5.383 0.000   2.437 0.000   2.946 0.000 0.025 0.000 0.158 0.559
348.333333 349.333333    9.24 0.000  0.87 0.000 9.999 0.259000 9.99 0.259000 0.138 0.559  1.516 0.000  2.123 0.000 99.99 0.259000   6.200 0.000   2.363 0.000   3.838 0.000 0.033 0.000 0.056 0.559
351.333333 352.333333    2.45 0.000  0.66 0.000 9.999 0.259000 9.99 0.259000 0.091 0.559  0.579 0.000  0.811 0.000 99.99 0.259000   1.849 0.000   0.687 0.000   1.162 0.000 0.020 0.000 0.065 0.559
354.333333 355.333333    2.37 0.000  0.17 0.000 9.999 0.259000 9.99 0.259000 0.065 0.559  0.279 0.000  0.391 0.000  5.44 0.000000   2.959 0.000   1.742 0.000   1.217 0.000 0.009 0.000 0.041 0.559
357.333333 358.333333    3.66 0.000  0.59 0.000 9.999 0.259000 9.99 0.259000 0.145 0.000  0.576 0.000  0.806 0.000 99.99 0.259000   3.369 0.000   1.055 0.000   2.315 0.000 0.017 0.000 0.128 0.000
360.333333 361.333333    3.67 0.559  0.66 0.559 9.999 0.559259 9.99 0.559259 0.012 0.559  0.457 0.000  0.639 0.000 99.99 0.559259   2.860 0.000   1.679 0.000   1.180 0.559 0.012 0.559 0.052 0.559
363.333333 364.333333    1.34 0.559  0.23 0.559 9.999 0.559259 9.99 0.559259 0.018 0.000  0.277 0.000  0.388 0.000 99.99 0.559259   1.879 0.000   1.111 0.000   0.769 0.559 0.006 0.559 0.081 0.000
