scripts/IMPROVE-2019_partial/data/US0566R.19920101080000.20191216000000.filterpack...1y.3d.US03L_filterpack_US0566.US03L_IMPROVE_Davis.lev2.nas
52 1001
MISSING INFORMATION
US03L, IMPROVE, , , , , , , 
MISSING INFORMATION
IMPROVE sel_HTAP
1 1
1992 01 01 2019 12 16
0
days from file reference point
5
1 1 1 1 1
999.999999 999.999 9.999 999.999 9.999999
end_time of measurement, days from the file reference point
pm10_mass, ug/m3, Matrix=pm10
numflag pm10_mass, no unit, Matrix=pm10
pm25_mass, ug/m3, Matrix=pm25
numflag pm25_mass, no unit, Matrix=pm25
0
33
Data definition:              EBAS_1.1
Set type code:                TI
Timezone:                     UTC
File name:                    US0566R.19920101080000.20191216000000.filterpack...1y.3d.US03L_filterpack_US0566.US03L_IMPROVE_Davis.lev2.nas
File creation:                20191218120242
Startdate:                    19920101080000
Revision date:                20191216000000
Version:                      2
Version description:          "Data extracted from http://views.cira.colostate.edu/fed/DataWizard 2019-12-16"
Statistics:                   arithmetic mean
Data level:                   2
Period code:                  1y
Resolution code:              3d
Sample duration:              1d
Orig. time res.:              3d
Station code:                 US0566R
Platform code:                US0566S
Station name:                 Pinnacles National Monument-Bear Valley (CA66)
Station latitude:             36.4834
Station longitude:            -121.157
Station altitude:             317.0 m
Regime:                       IMG
Component:                    
Unit:                         ug/m3
Matrix:                       
Laboratory code:              US03L
Instrument type:              filterpack
Instrument name:              filterpack_US0566
Method ref:                   US03L_IMPROVE_Davis
Blank correction:             Blank corrected
Volume std. temperature:      ambient
Volume std. pressure:         ambient
starttime endtime PM10 flag_PM10 PM2.5 flag_PM2.5
  0.333333   1.333333   9.574 0.000   4.901 0.559000
  3.333333   4.333333   4.170 0.000   2.410 0.559000
  7.333333   8.333333  26.681 0.000   2.613 0.559000
 10.333333  11.333333  12.325 0.000 999.999 0.559259
 14.333333  15.333333   7.942 0.000   3.955 0.559000
 17.333333  18.333333   8.292 0.000   6.399 0.559000
 21.333333  22.333333  17.037 0.000  13.470 0.559000
 24.333333  25.333333  14.444 0.000  10.789 0.559000
 28.333333  29.333333   8.230 0.000   6.390 0.559000
 31.333333  32.333333   5.935 0.000   3.581 0.559000
 35.333333  36.333333  13.258 0.000   6.176 0.559000
 38.333333  39.333333   4.115 0.000   2.290 0.559000
 42.333333  43.333333  17.290 0.000   2.508 0.559000
 45.333333  46.333333   7.564 0.000   2.788 0.559000
 49.333333  50.333333   6.653 0.000   0.443 0.559000
 52.333333  53.333333  13.852 0.000   5.566 0.559000
 56.333333  57.333333   8.523 0.000   4.762 0.559000
 59.333333  60.333333  13.646 0.000   6.326 0.000000
 63.333333  64.333333  15.221 0.000 999.999 0.999000
 66.333333  67.333333   4.358 0.000   3.019 0.000000
 70.333333  71.333333  13.248 0.000   9.968 0.000000
 73.333333  74.333333 999.999 0.999   4.823 0.000000
 77.333333  78.333333  15.862 0.000   5.064 0.000000
 80.333333  81.333333   4.629 0.000   2.675 0.000000
 84.333333  85.333333  22.033 0.000   3.806 0.000000
 87.333333  88.333333  20.539 0.000  11.266 0.000000
 91.333333  92.333333  17.500 0.000   7.476 0.000000
 94.333333  95.333333  15.359 0.000   5.692 0.000000
 98.333333  99.333333  15.935 0.000  10.254 0.000000
101.333333 102.333333   8.189 0.000   4.399 0.000000
105.333333 106.333333  11.885 0.000   3.292 0.000000
108.333333 109.333333  18.008 0.000   9.034 0.000000
112.333333 113.333333  14.900 0.000   4.497 0.000000
115.333333 116.333333  18.645 0.000   9.778 0.000000
119.333333 120.333333   8.197 0.000   2.422 0.000000
122.333333 123.333333 999.999 0.999   7.112 0.000000
126.333333 127.333333  22.985 0.000  15.344 0.000000
129.333333 130.333333  31.963 0.000  12.416 0.000000
133.333333 134.333333  22.913 0.000  10.215 0.000000
136.333333 137.333333  17.795 0.000   8.885 0.000000
140.333333 141.333333 999.999 0.999   4.329 0.000000
143.333333 144.333333  20.943 0.000  10.030 0.000000
147.333333 148.333333  19.661 0.000   6.000 0.000000
150.333333 151.333333  22.259 0.000   8.061 0.000000
154.333333 155.333333  24.393 0.000   9.262 0.000000
157.333333 158.333333  17.004 0.000   7.938 0.000000
161.333333 162.333333  13.571 0.000   7.601 0.000000
164.333333 165.333333  13.402 0.000   3.777 0.000000
168.333333 169.333333  21.412 0.000   7.095 0.000000
171.333333 172.333333  20.196 0.000   9.754 0.000000
175.333333 176.333333  34.651 0.000   7.438 0.000000
178.333333 179.333333   7.186 0.000   3.313 0.000000
182.333333 183.333333   5.966 0.000   3.313 0.000000
185.333333 186.333333   8.992 0.000   3.220 0.000000
189.333333 190.333333  20.959 0.000   6.372 0.000000
192.333333 193.333333  18.467 0.000   5.518 0.000000
196.333333 197.333333  14.323 0.000   4.251 0.000000
199.333333 200.333333  16.591 0.000   7.003 0.000000
203.333333 204.333333  15.214 0.000   4.356 0.000000
206.333333 207.333333  22.264 0.000   7.333 0.000000
210.333333 211.333333  24.216 0.000   7.078 0.000000
213.333333 214.333333  15.472 0.000   5.151 0.000000
217.333333 218.333333  19.251 0.000   5.714 0.000000
220.333333 221.333333  10.458 0.000   2.708 0.000000
224.333333 225.333333  23.855 0.000  12.183 0.000000
227.333333 228.333333  20.150 0.000   5.719 0.000000
231.333333 232.333333 999.999 0.999 999.999 0.999000
234.333333 235.333333 999.999 0.999 999.999 0.999000
238.333333 239.333333  37.984 0.000  13.210 0.000000
241.333333 242.333333  17.959 0.000   6.512 0.000000
245.333333 246.333333   8.672 0.000   3.000 0.000000
248.333333 249.333333  18.242 0.000   4.471 0.000000
252.333333 253.333333  27.640 0.000  10.248 0.000000
255.333333 256.333333  17.558 0.000   6.553 0.000000
259.333333 260.333333  24.904 0.000   5.843 0.000000
262.333333 263.333333  22.471 0.000   8.872 0.000000
266.333333 267.333333  16.168 0.000   4.970 0.000000
269.333333 270.333333  61.274 0.000  14.732 0.000000
273.333333 274.333333  16.706 0.000   4.907 0.000000
276.333333 277.333333  13.930 0.000   4.537 0.000000
280.333333 281.333333  31.794 0.000  10.312 0.000000
283.333333 284.333333  34.580 0.000   9.248 0.000000
287.333333 288.333333  28.642 0.000   7.205 0.000000
290.333333 291.333333  31.306 0.000  11.273 0.000000
294.333333 295.333333  12.598 0.000   2.790 0.000000
297.333333 298.333333  15.939 0.000   5.994 0.000000
301.333333 302.333333   9.222 0.000   5.617 0.000000
304.333333 305.333333   9.841 0.000   3.436 0.000000
308.333333 309.333333  12.615 0.000   6.319 0.000000
311.333333 312.333333  16.350 0.000  11.698 0.000000
315.333333 316.333333  19.341 0.000   6.997 0.000000
318.333333 319.333333  15.226 0.000   8.266 0.000000
322.333333 323.333333  41.922 0.000   5.701 0.000000
325.333333 326.333333  14.591 0.000   5.382 0.000000
329.333333 330.333333  13.887 0.000   5.763 0.000000
332.333333 333.333333  20.566 0.000  10.502 0.000000
336.333333 337.333333  13.849 0.000   5.047 0.000000
339.333333 340.333333  10.687 0.000   4.969 0.000000
343.333333 344.333333  11.143 0.000   1.433 0.000000
346.333333 347.333333   4.667 0.000   3.146 0.000000
350.333333 351.333333  10.551 0.000   3.918 0.000000
353.333333 354.333333   4.843 0.000   3.323 0.000000
357.333333 358.333333   3.915 0.000   2.943 0.000000
360.333333 361.333333   5.494 0.000   2.580 0.000000
364.333333 365.333333   7.819 0.000   3.961 0.000000
