scripts/IMPROVE-2019_partial/data/US0596R.19990102080000.20191216000000.filterpack...1y.3d.US03L_filterpack_US0596.US03L_IMPROVE_Davis.lev2.nas
52 1001
MISSING INFORMATION
US03L, IMPROVE, , , , , , , 
MISSING INFORMATION
IMPROVE sel_HTAP
1 1
1999 01 01 2019 12 16
0
days from file reference point
5
1 1 1 1 1
999.999999 999.999 9.999 999.999 9.999
end_time of measurement, days from the file reference point
pm10_mass, ug/m3, Matrix=pm10
numflag pm10_mass, no unit, Matrix=pm10
pm25_mass, ug/m3, Matrix=pm25
numflag pm25_mass, no unit, Matrix=pm25
0
33
Data definition:              EBAS_1.1
Set type code:                TI
Timezone:                     UTC
File name:                    US0596R.19990102080000.20191216000000.filterpack...1y.3d.US03L_filterpack_US0596.US03L_IMPROVE_Davis.lev2.nas
File creation:                20191218120255
Startdate:                    19990102080000
Revision date:                20191216000000
Version:                      2
Version description:          "Data extracted from http://views.cira.colostate.edu/fed/DataWizard 2019-12-16"
Statistics:                   arithmetic mean
Data level:                   2
Period code:                  1y
Resolution code:              3d
Sample duration:              1d
Orig. time res.:              3d
Station code:                 US0596R
Platform code:                US0596S
Station name:                 Lassen Volcanic National Park-Manzanita Lake
Station latitude:             40.539
Station longitude:            -121.5772
Station altitude:             1754.0 m
Regime:                       IMG
Component:                    
Unit:                         ug/m3
Matrix:                       
Laboratory code:              US03L
Instrument type:              filterpack
Instrument name:              filterpack_US0596
Method ref:                   US03L_IMPROVE_Davis
Blank correction:             Blank corrected
Volume std. temperature:      ambient
Volume std. pressure:         ambient
starttime endtime PM10 flag_PM10 PM2.5 flag_PM2.5
  1.333333   2.333333 999.999 0.999 999.999 0.999
  5.333333   6.333333 999.999 0.999 999.999 0.999
  8.333333   9.333333 999.999 0.999 999.999 0.999
 12.333333  13.333333   1.600 0.000   0.979 0.000
 15.333333  16.333333   1.560 0.000   1.351 0.000
 19.333333  20.333333   1.099 0.000   0.928 0.000
 22.333333  23.333333   6.631 0.000 999.999 0.259
 26.333333  27.333333   0.546 0.000   0.694 0.000
 29.333333  30.333333   1.327 0.000   1.042 0.000
 33.333333  34.333333 999.999 0.999 999.999 0.999
 36.333333  37.333333 999.999 0.999 999.999 0.999
 40.333333  41.333333 999.999 0.999 999.999 0.999
 43.333333  44.333333 999.999 0.999 999.999 0.999
 47.333333  48.333333   3.375 0.000   1.210 0.000
 50.333333  51.333333   3.854 0.000   0.799 0.000
 54.333333  55.333333   2.966 0.000   1.553 0.000
 57.333333  58.333333   0.788 0.000   0.574 0.000
 61.333333  62.333333   1.276 0.000 999.999 0.999
 64.333333  65.333333   3.604 0.000   1.781 0.000
 68.333333  69.333333   1.908 0.000   1.364 0.000
 71.333333  72.333333   4.917 0.000   3.379 0.000
 75.333333  76.333333   8.544 0.000   7.521 0.000
 78.333333  79.333333   2.536 0.000   2.251 0.000
 82.333333  83.333333   2.746 0.000   2.039 0.000
 85.333333  86.333333   7.141 0.000 999.999 0.999
 89.333333  90.333333 999.999 0.999 999.999 0.999
 92.333333  93.333333   4.330 0.000   1.490 0.000
 96.333333  97.333333   1.765 0.000   1.433 0.000
 99.333333 100.333333   1.189 0.000   0.899 0.000
103.333333 104.333333   4.197 0.000   3.241 0.000
106.333333 107.333333  10.623 0.000   7.510 0.000
110.333333 111.333333   5.054 0.000   4.405 0.000
113.333333 114.333333   5.054 0.000   3.119 0.000
117.333333 118.333333 999.999 0.999   1.782 0.000
120.333333 121.333333   7.397 0.000   5.363 0.000
124.333333 125.333333   3.968 0.000   3.768 0.000
127.333333 128.333333   7.173 0.000   4.211 0.000
131.333333 132.333333   8.197 0.000   2.573 0.000
134.333333 135.333333  11.664 0.000   2.480 0.000
138.333333 139.333333   5.181 0.000   2.729 0.000
141.333333 142.333333   6.536 0.000   4.064 0.000
145.333333 146.333333  11.011 0.000   6.514 0.000
148.333333 149.333333   7.635 0.000   5.450 0.000
152.333333 153.333333   1.688 0.000 999.999 0.999
155.333333 156.333333   4.144 0.000   2.765 0.000
159.333333 160.333333 999.999 0.999   3.426 0.000
162.333333 163.333333   9.706 0.000   4.252 0.000
166.333333 167.333333  10.648 0.000   4.477 0.000
169.333333 170.333333   8.880 0.000   4.325 0.000
173.333333 174.333333   8.088 0.000   2.563 0.000
176.333333 177.333333  10.913 0.000 999.999 0.999
180.333333 181.333333   4.712 0.000   1.774 0.000
183.333333 184.333333   8.639 0.000   3.337 0.000
187.333333 188.333333   9.356 0.000   3.261 0.000
190.333333 191.333333  18.796 0.000   5.408 0.000
194.333333 195.333333  16.091 0.000   9.053 0.000
197.333333 198.333333  10.290 0.000   3.626 0.000
201.333333 202.333333   6.690 0.000   3.610 0.000
204.333333 205.333333   9.400 0.000   4.895 0.000
208.333333 209.333333  13.973 0.000   8.474 0.000
211.333333 212.333333  11.195 0.000   3.732 0.000
215.333333 216.333333   3.920 0.000   3.704 0.000
218.333333 219.333333   3.238 0.000   2.827 0.000
222.333333 223.333333 999.999 0.999   5.201 0.000
225.333333 226.333333 999.999 0.999   3.518 0.000
229.333333 230.333333   8.869 0.000   4.252 0.000
232.333333 233.333333   6.817 0.000   4.076 0.000
236.333333 237.333333 999.999 0.999  35.595 0.000
239.333333 240.333333 999.999 0.999  16.917 0.000
243.333333 244.333333  23.585 0.000  20.506 0.000
246.333333 247.333333   6.125 0.000   3.123 0.000
250.333333 251.333333  33.965 0.000  27.444 0.000
253.333333 254.333333  10.197 0.000   6.728 0.000
257.333333 258.333333  11.972 0.000   7.977 0.000
260.333333 261.333333  20.433 0.000  14.277 0.000
264.333333 265.333333   8.544 0.000   5.316 0.000
267.333333 268.333333   4.293 0.000   2.662 0.000
271.333333 272.333333  71.054 0.000  50.806 0.000
274.333333 275.333333  65.612 0.000  54.223 0.000
278.333333 279.333333   1.929 0.000   1.728 0.000
281.333333 282.333333   5.530 0.000   2.901 0.000
285.333333 286.333333   3.278 0.000   2.467 0.000
288.333333 289.333333   4.011 0.000   2.223 0.000
292.333333 293.333333  13.758 0.000   9.270 0.000
295.333333 296.333333   9.927 0.000   5.240 0.000
299.333333 300.333333   1.449 0.000   1.085 0.000
302.333333 303.333333   3.537 0.000   2.037 0.000
306.333333 307.333333   3.518 0.000   2.105 0.000
309.333333 310.333333  42.112 0.000  29.902 0.000
313.333333 314.333333   2.660 0.000   1.776 0.000
316.333333 317.333333   5.848 0.000   3.504 0.000
320.333333 321.333333   2.191 0.000   1.357 0.000
323.333333 324.333333   1.212 0.000   0.840 0.000
327.333333 328.333333   1.062 0.000   0.707 0.000
330.333333 331.333333   2.599 0.000   1.728 0.000
334.333333 335.333333   0.809 0.000   0.707 0.000
337.333333 338.333333   1.278 0.000   1.071 0.000
341.333333 342.333333   1.520 0.000   0.892 0.000
344.333333 345.333333   1.622 0.000   0.694 0.000
348.333333 349.333333   0.940 0.000   0.691 0.000
351.333333 352.333333   1.103 0.000   0.688 0.000
355.333333 356.333333   1.103 0.000   0.544 0.000
358.333333 359.333333   1.144 0.000   0.566 0.000
362.333333 363.333333   1.931 0.000   1.479 0.000
