scripts/IMPROVE-2019_partial/data/US0566R.19880302080000.20191216000000.filterpack...10mo.3d.US03L_filterpack_US0566.US03L_IMPROVE_Davis.lev2.nas
51 1001
MISSING INFORMATION
US03L, IMPROVE, , , , , , , 
MISSING INFORMATION
IMPROVE sel_HTAP
1 1
1988 01 01 2019 12 16
0
days from file reference point
4
1 1 1 1
999.999999 999.999 999.999 9.999
end_time of measurement, days from the file reference point
pm10_mass, ug/m3, Matrix=pm10
pm25_mass, ug/m3, Matrix=pm25
numflag, no unit
0
33
Data definition:              EBAS_1.1
Set type code:                TI
Timezone:                     UTC
File name:                    US0566R.19880302080000.20191216000000.filterpack...10mo.3d.US03L_filterpack_US0566.US03L_IMPROVE_Davis.lev2.nas
File creation:                20191218120242
Startdate:                    19880302080000
Revision date:                20191216000000
Version:                      2
Version description:          "Data extracted from http://views.cira.colostate.edu/fed/DataWizard 2019-12-16"
Statistics:                   arithmetic mean
Data level:                   2
Period code:                  10mo
Resolution code:              3d
Sample duration:              1d
Orig. time res.:              3d
Station code:                 US0566R
Platform code:                US0566S
Station name:                 Pinnacles National Monument-Bear Valley (CA66)
Station latitude:             36.4834
Station longitude:            -121.157
Station altitude:             317.0 m
Regime:                       IMG
Component:                    
Unit:                         ug/m3
Matrix:                       
Laboratory code:              US03L
Instrument type:              filterpack
Instrument name:              filterpack_US0566
Method ref:                   US03L_IMPROVE_Davis
Blank correction:             Blank corrected
Volume std. temperature:      ambient
Volume std. pressure:         ambient
starttime endtime PM10 PM2.5 flag
 61.333333  62.333333  10.210   5.460 0.000
 64.333333  65.333333   8.025   6.043 0.000
 68.333333  69.333333  17.510   5.167 0.000
 71.333333  72.333333  14.031   9.878 0.000
 75.333333  76.333333  14.502   8.237 0.000
 78.333333  79.333333  15.969   9.268 0.000
 82.333333  83.333333  35.020   5.957 0.000
 85.333333  86.333333  13.473   5.244 0.000
 89.333333  90.333333  14.981   5.030 0.000
 92.333333  93.333333  28.598  13.012 0.000
 96.333333  97.333333  16.523   8.018 0.000
 99.333333 100.333333  28.167   9.659 0.000
103.333333 104.333333  16.996 999.999 0.000
106.333333 107.333333   6.640   3.659 0.000
110.333333 111.333333   4.862   2.178 0.000
113.333333 114.333333   7.266   2.736 0.000
117.333333 118.333333  16.506   8.400 0.000
120.333333 121.333333 999.999 999.999 0.999
124.333333 125.333333 999.999 999.999 0.999
127.333333 128.333333 999.999 999.999 0.999
131.333333 132.333333  12.481   7.295 0.000
134.333333 135.333333  11.076   4.590 0.000
138.333333 139.333333 999.999   5.599 0.000
141.333333 142.333333  13.333   6.355 0.000
145.333333 146.333333  16.704   6.347 0.000
148.333333 149.333333   8.889   1.632 0.000
152.333333 153.333333   6.838   3.374 0.000
155.333333 156.333333   9.509   2.711 0.000
159.333333 160.333333   7.435   2.153 0.000
162.333333 163.333333  11.787   4.839 0.000
166.333333 167.333333  16.716   7.492 0.000
169.333333 170.333333  16.588   9.110 0.000
173.333333 174.333333  17.480 999.999 0.000
176.333333 177.333333  16.816   7.538 0.000
180.333333 181.333333 999.999 999.999 0.999
183.333333 184.333333  24.760   9.458 0.000
187.333333 188.333333 999.999 999.999 0.999
190.333333 191.333333  18.937   9.668 0.000
194.333333 195.333333  14.776   3.810 0.000
197.333333 198.333333  13.993   5.833 0.000
201.333333 202.333333  15.673   7.462 0.000
204.333333 205.333333  19.333   8.619 0.000
208.333333 209.333333  21.339   8.174 0.000
211.333333 212.333333  18.993   7.447 0.000
215.333333 216.333333 999.999   4.264 0.000
218.333333 219.333333 999.999   4.573 0.000
222.333333 223.333333  13.220   5.761 0.000
225.333333 226.333333  12.034 999.999 0.000
229.333333 230.333333 999.999   5.746 0.000
232.333333 233.333333 999.999   6.977 0.000
236.333333 237.333333 999.999   6.709 0.000
239.333333 240.333333 999.999  11.263 0.000
243.333333 244.333333 999.999  10.264 0.000
246.333333 247.333333 999.999 999.999 0.999
250.333333 251.333333 999.999 999.999 0.999
253.333333 254.333333 999.999 999.999 0.999
257.333333 258.333333 999.999 999.999 0.999
260.333333 261.333333 999.999  11.410 0.000
264.333333 265.333333 999.999 999.999 0.999
267.333333 268.333333 999.999   9.607 0.000
271.333333 272.333333  18.755   6.463 0.000
274.333333 275.333333  22.806   9.398 0.000
278.333333 279.333333   8.016   2.492 0.000
281.333333 282.333333 999.999   8.609 0.000
285.333333 286.333333 999.999   5.047 0.000
288.333333 289.333333 999.999   6.082 0.000
292.333333 293.333333  20.417  11.270 0.000
295.333333 296.333333  18.931   9.003 0.000
299.333333 300.333333 999.999 999.999 0.999
302.333333 303.333333 999.999 999.999 0.999
306.333333 307.333333  10.040   3.754 0.000
309.333333 310.333333  15.857   5.372 0.000
313.333333 314.333333  16.236   4.984 0.000
316.333333 317.333333 999.999   4.371 0.000
320.333333 321.333333   6.908   2.219 0.000
323.333333 324.333333   9.393   5.146 0.000
327.333333 328.333333   5.125   1.613 0.000
330.333333 331.333333   8.086   4.423 0.000
334.333333 335.333333   6.429   3.464 0.000
337.333333 338.333333   9.961   5.286 0.000
341.333333 342.333333  20.084  10.000 0.000
344.333333 345.333333 999.999 999.999 0.999
348.333333 349.333333 999.999 999.999 0.999
351.333333 352.333333 999.999 999.999 0.999
355.333333 356.333333   6.609   2.667 0.000
358.333333 359.333333   5.929   1.656 0.000
362.333333 363.333333   4.698   3.355 0.000
365.333333 366.333333   5.182   3.819 0.000
