scripts/IMPROVE-2019_partial/data/US0567R.20070103080000.20191216000000.filterpack...1y.3d.US03L_filterpack_US0567.US03L_IMPROVE_Davis.lev2.nas
52 1001
MISSING INFORMATION
US03L, IMPROVE, , , , , , , 
MISSING INFORMATION
IMPROVE sel_HTAP
1 1
2007 01 01 2019 12 16
3.000000
days from file reference point
5
1 1 1 1 1
999.999999 999.999 9.999 999.999 9.999
end_time of measurement, days from the file reference point
pm10_mass, ug/m3, Matrix=pm10
numflag pm10_mass, no unit, Matrix=pm10
pm25_mass, ug/m3, Matrix=pm25
numflag pm25_mass, no unit, Matrix=pm25
0
33
Data definition:              EBAS_1.1
Set type code:                TU
Timezone:                     UTC
File name:                    US0567R.20070103080000.20191216000000.filterpack...1y.3d.US03L_filterpack_US0567.US03L_IMPROVE_Davis.lev2.nas
File creation:                20191218120250
Startdate:                    20070103080000
Revision date:                20191216000000
Version:                      2
Version description:          "Data extracted from http://views.cira.colostate.edu/fed/DataWizard 2019-12-16"
Statistics:                   arithmetic mean
Data level:                   2
Period code:                  1y
Resolution code:              3d
Sample duration:              1d
Orig. time res.:              3d
Station code:                 US0567R
Platform code:                US0567S
Station name:                 Joshua Tree National Park-Black Rock
Station latitude:             34.0695
Station longitude:            -116.3889
Station altitude:             1239.0 m
Regime:                       IMG
Component:                    
Unit:                         ug/m3
Matrix:                       
Laboratory code:              US03L
Instrument type:              filterpack
Instrument name:              filterpack_US0567
Method ref:                   US03L_IMPROVE_Davis
Blank correction:             Blank corrected
Volume std. temperature:      ambient
Volume std. pressure:         ambient
starttime endtime PM10 flag_PM10 PM2.5 flag_PM2.5
  2.333333   3.333333 999.999 0.999 999.999 0.999
  5.333333   6.333333   3.773 0.000   0.936 0.659
  8.333333   9.333333   4.315 0.000   0.891 0.659
 11.333333  12.333333   7.998 0.000   2.364 0.659
 14.333333  15.333333   3.014 0.000   1.232 0.659
 17.333333  18.333333   6.703 0.000   1.916 0.659
 20.333333  21.333333  12.648 0.000   3.869 0.659
 23.333333  24.333333   3.672 0.000   1.074 0.659
 26.333333  27.333333  10.312 0.000   5.344 0.659
 29.333333  30.333333   4.692 0.000   1.911 0.659
 32.333333  33.333333  10.353 0.000   5.767 0.659
 35.333333  36.333333   3.834 0.000   0.662 0.659
 38.333333  39.333333   3.458 0.000   1.245 0.659
 41.333333  42.333333   4.684 0.000   2.424 0.659
 44.333333  45.333333   5.672 0.000   1.749 0.659
 47.333333  48.333333   4.034 0.000   1.133 0.659
 50.333333  51.333333   9.436 0.000   6.519 0.659
 53.333333  54.333333   3.278 0.000   1.412 0.659
 56.333333  57.333333   7.828 0.000   3.761 0.659
 59.333333  60.333333   4.940 0.000   2.091 0.659
 62.333333  63.333333   3.080 0.000   1.384 0.659
 65.333333  66.333333   6.173 0.000   1.879 0.659
 68.333333  69.333333  13.280 0.000   4.405 0.659
 71.333333  72.333333  11.019 0.000   3.691 0.659
 74.333333  75.333333   9.698 0.000   3.352 0.659
 77.333333  78.333333   9.301 0.000   4.130 0.659
 80.333333  81.333333   7.563 0.000   1.712 0.659
 83.333333  84.333333  13.421 0.000   6.037 0.659
 86.333333  87.333333   6.983 0.000   1.622 0.659
 89.333333  90.333333  18.924 0.000   7.712 0.659
 92.333333  93.333333  12.565 0.000   4.728 0.659
 95.333333  96.333333  15.384 0.000   6.517 0.659
 98.333333  99.333333  15.610 0.000   6.002 0.659
101.333333 102.333333  37.812 0.000   6.095 0.659
104.333333 105.333333   5.697 0.000   2.432 0.659
107.333333 108.333333  24.989 0.000   5.353 0.659
110.333333 111.333333   6.444 0.000   3.453 0.659
113.333333 114.333333   3.562 0.000   1.245 0.659
116.333333 117.333333   9.918 0.000   4.132 0.659
119.333333 120.333333  13.243 0.000   5.958 0.659
122.333333 123.333333  19.077 0.000   7.048 0.659
125.333333 126.333333   6.533 0.000   1.898 0.659
128.333333 129.333333  11.156 0.000   5.174 0.659
131.333333 132.333333   8.355 0.000   3.708 0.659
134.333333 135.333333  17.542 0.000   7.209 0.659
137.333333 138.333333  21.945 0.000   9.471 0.659
140.333333 141.333333  15.682 0.000   7.462 0.659
143.333333 144.333333  11.633 0.000   3.758 0.659
146.333333 147.333333  10.306 0.000   3.912 0.659
149.333333 150.333333   8.918 0.000   4.024 0.659
152.333333 153.333333  18.443 0.000   7.345 0.659
155.333333 156.333333  10.655 0.000   3.128 0.659
158.333333 159.333333  22.085 0.000   6.045 0.659
161.333333 162.333333  22.521 0.000   7.549 0.659
164.333333 165.333333  23.198 0.000   7.394 0.659
167.333333 168.333333  12.564 0.000   4.357 0.659
170.333333 171.333333   9.861 0.000   2.217 0.659
173.333333 174.333333  24.292 0.000   9.290 0.000
176.333333 177.333333  14.903 0.000   6.370 0.000
179.333333 180.333333  17.162 0.000   7.594 0.000
182.333333 183.333333  10.671 0.000 999.999 0.456
185.333333 186.333333 999.999 0.456   9.563 0.000
188.333333 189.333333 999.999 0.456   5.572 0.000
191.333333 192.333333  13.491 0.000   5.162 0.000
194.333333 195.333333  25.938 0.000   9.495 0.000
197.333333 198.333333  10.440 0.000   4.457 0.000
200.333333 201.333333  27.029 0.000   8.099 0.000
203.333333 204.333333  21.270 0.000   8.297 0.000
206.333333 207.333333  19.553 0.000 999.999 0.456
209.333333 210.333333  17.216 0.000   7.409 0.000
212.333333 213.333333 999.999 0.999 999.999 0.999
215.333333 216.333333  19.559 0.000  11.210 0.000
218.333333 219.333333   7.141 0.000   2.607 0.000
221.333333 222.333333  27.741 0.000   9.450 0.000
224.333333 225.333333   8.715 0.000   3.594 0.000
227.333333 228.333333  17.971 0.000   9.230 0.000
230.333333 231.333333   7.777 0.000   4.453 0.000
233.333333 234.333333  25.799 0.000  14.308 0.000
236.333333 237.333333  42.939 0.000  12.651 0.000
239.333333 240.333333   6.992 0.000   4.255 0.000
242.333333 243.333333  10.169 0.000   4.950 0.000
245.333333 246.333333  12.891 0.000   5.415 0.000
248.333333 249.333333   4.220 0.000   1.857 0.000
251.333333 252.333333  10.159 0.000   5.382 0.000
254.333333 255.333333   4.364 0.000   2.651 0.000
257.333333 258.333333   3.744 0.000   1.836 0.000
260.333333 261.333333  18.877 0.000   6.916 0.000
263.333333 264.333333   8.311 0.000   3.478 0.000
266.333333 267.333333   4.075 0.000   2.346 0.000
269.333333 270.333333  10.250 0.000   4.749 0.000
272.333333 273.333333   9.553 0.000   3.609 0.000
275.333333 276.333333   7.697 0.000   3.964 0.000
278.333333 279.333333   8.189 0.000   3.484 0.000
281.333333 282.333333   8.168 0.000   2.386 0.000
284.333333 285.333333  10.586 0.000   5.138 0.000
287.333333 288.333333   5.582 0.000   2.900 0.000
290.333333 291.333333  13.283 0.000   4.184 0.000
293.333333 294.333333  26.513 0.000   5.353 0.000
296.333333 297.333333   6.635 0.000   2.055 0.000
299.333333 300.333333  37.469 0.000  28.630 0.000
302.333333 303.333333   8.567 0.000   4.122 0.000
305.333333 306.333333   6.964 0.000   3.596 0.000
308.333333 309.333333   8.980 0.000   3.987 0.000
311.333333 312.333333   9.218 0.000   4.600 0.000
314.333333 315.333333   9.053 0.000   4.301 0.000
317.333333 318.333333 999.999 0.999 999.999 0.999
320.333333 321.333333   8.912 0.000   3.305 0.000
323.333333 324.333333   7.448 0.000   3.149 0.000
326.333333 327.333333  20.555 0.000   5.947 0.000
329.333333 330.333333   8.650 0.000   2.651 0.000
332.333333 333.333333   7.146 0.000   2.293 0.000
335.333333 336.333333   3.680 0.000   1.722 0.000
338.333333 339.333333   4.450 0.000   2.769 0.000
341.333333 342.333333   3.255 0.000   1.977 0.000
344.333333 345.333333   3.224 0.000   1.400 0.000
347.333333 348.333333   1.751 0.000   0.932 0.000
350.333333 351.333333   9.603 0.000   7.618 0.000
353.333333 354.333333   5.589 0.000   4.825 0.000
356.333333 357.333333   1.920 0.000   0.843 0.000
359.333333 360.333333 999.999 0.999 999.999 0.999
362.333333 363.333333  12.365 0.000   9.213 0.000
