scripts/IMPROVE-2019_partial/data/US0596R.19890104080000.20191216000000.filterpack...1y.3d.US03L_filterpack_US0596.US03L_IMPROVE_Davis.lev2.nas
52 1001
MISSING INFORMATION
US03L, IMPROVE, , , , , , , 
MISSING INFORMATION
IMPROVE sel_HTAP
1 1
1989 01 01 2019 12 16
0
days from file reference point
5
1 1 1 1 1
999.999999 999.999 9.999 99.999 9.999
end_time of measurement, days from the file reference point
pm10_mass, ug/m3, Matrix=pm10
numflag pm10_mass, no unit, Matrix=pm10
pm25_mass, ug/m3, Matrix=pm25
numflag pm25_mass, no unit, Matrix=pm25
0
33
Data definition:              EBAS_1.1
Set type code:                TI
Timezone:                     UTC
File name:                    US0596R.19890104080000.20191216000000.filterpack...1y.3d.US03L_filterpack_US0596.US03L_IMPROVE_Davis.lev2.nas
File creation:                20191218120255
Startdate:                    19890104080000
Revision date:                20191216000000
Version:                      2
Version description:          "Data extracted from http://views.cira.colostate.edu/fed/DataWizard 2019-12-16"
Statistics:                   arithmetic mean
Data level:                   2
Period code:                  1y
Resolution code:              3d
Sample duration:              1d
Orig. time res.:              3d
Station code:                 US0596R
Platform code:                US0596S
Station name:                 Lassen Volcanic National Park-Manzanita Lake
Station latitude:             40.539
Station longitude:            -121.5772
Station altitude:             1754.0 m
Regime:                       IMG
Component:                    
Unit:                         ug/m3
Matrix:                       
Laboratory code:              US03L
Instrument type:              filterpack
Instrument name:              filterpack_US0596
Method ref:                   US03L_IMPROVE_Davis
Blank correction:             Blank corrected
Volume std. temperature:      ambient
Volume std. pressure:         ambient
starttime endtime PM10 flag_PM10 PM2.5 flag_PM2.5
  3.333333   4.333333 999.999 0.999 99.999 0.999
  6.333333   7.333333 999.999 0.999  2.702 0.000
 10.333333  11.333333   1.039 0.000  0.449 0.000
 13.333333  14.333333   1.115 0.000  0.732 0.000
 17.333333  18.333333 999.999 0.999  1.013 0.000
 20.333333  21.333333 999.999 0.999  1.939 0.000
 24.333333  25.333333   2.624 0.000  2.013 0.000
 27.333333  28.333333 999.999 0.999  1.451 0.000
 31.333333  32.333333   9.118 0.000  3.547 0.000
 34.333333  35.333333  11.165 0.000  2.211 0.000
 38.333333  39.333333   2.548 0.000  2.500 0.000
 41.333333  42.333333 999.999 0.999 99.999 0.999
 45.333333  46.333333 999.999 0.999  6.270 0.000
 48.333333  49.333333 999.999 0.999  2.817 0.000
 52.333333  53.333333 999.999 0.999  1.003 0.000
 55.333333  56.333333 999.999 0.999  3.117 0.000
 59.333333  60.333333   7.464 0.000  5.016 0.000
 62.333333  63.333333  11.412 0.000  1.610 0.000
 66.333333  67.333333   3.260 0.000  1.046 0.000
 69.333333  70.333333   9.552 0.000  2.620 0.000
 73.333333  74.333333  15.365 0.000  2.032 0.000
 76.333333  77.333333   5.784 0.000  0.404 0.000
 80.333333  81.333333   2.645 0.000  1.661 0.000
 83.333333  84.333333 999.999 0.999 99.999 0.999
 87.333333  88.333333   2.500 0.000  1.906 0.000
 90.333333  91.333333   1.704 0.000  1.292 0.000
 94.333333  95.333333 999.999 0.999  2.896 0.000
 97.333333  98.333333   3.721 0.000  2.241 0.000
101.333333 102.333333  21.289 0.000 99.999 0.999
104.333333 105.333333  14.449 0.000  8.292 0.000
108.333333 109.333333   5.382 0.000  3.529 0.000
111.333333 112.333333   5.918 0.000  1.895 0.000
115.333333 116.333333 999.999 0.999  3.183 0.000
118.333333 119.333333   6.357 0.000  4.116 0.000
122.333333 123.333333   2.761 0.000  2.438 0.000
125.333333 126.333333   3.993 0.000  2.611 0.000
129.333333 130.333333   8.852 0.000  1.543 0.000
132.333333 133.333333   6.592 0.000  3.189 0.000
136.333333 137.333333  16.978 0.000  8.188 0.000
139.333333 140.333333  14.906 0.000  5.016 0.000
143.333333 144.333333   3.613 0.000  1.584 0.000
146.333333 147.333333   5.758 0.000  3.436 0.000
150.333333 151.333333   5.725 0.000  3.034 0.000
153.333333 154.333333  14.381 0.000  7.820 0.000
157.333333 158.333333  10.178 0.000  7.254 0.000
160.333333 161.333333  14.885 0.000  9.663 0.000
164.333333 165.333333  39.083 0.000  6.587 0.000
167.333333 168.333333  11.749 0.000  5.492 0.000
171.333333 172.333333  11.638 0.000  1.599 0.000
174.333333 175.333333   8.661 0.000  3.095 0.000
178.333333 179.333333  21.017 0.000  6.757 0.000
181.333333 182.333333  11.602 0.000  3.220 0.000
185.333333 186.333333  10.170 0.000  3.367 0.000
188.333333 189.333333   6.936 0.000  3.197 0.000
192.333333 193.333333  17.847 0.000  6.983 0.000
195.333333 196.333333  11.000 0.000  5.556 0.000
199.333333 200.333333   8.451 0.000  3.455 0.000
202.333333 203.333333  13.889 0.000  4.649 0.000
206.333333 207.333333  14.182 0.000  5.685 0.000
209.333333 210.333333   9.636 0.000  3.527 0.000
213.333333 214.333333  10.721 0.000  4.100 0.000
216.333333 217.333333  15.068 0.000  7.333 0.000
220.333333 221.333333  10.802 0.000  6.755 0.000
223.333333 224.333333   6.447 0.000  3.477 0.000
227.333333 228.333333  12.442 0.000  6.881 0.000
230.333333 231.333333  14.393 0.000  8.855 0.000
234.333333 235.333333   2.870 0.000  2.230 0.000
237.333333 238.333333  10.170 0.000  4.561 0.000
241.333333 242.333333   9.867 0.000  4.136 0.000
244.333333 245.333333   7.231 0.000  4.134 0.000
248.333333 249.333333   8.954 0.000  4.818 0.000
251.333333 252.333333  11.715 0.000  7.485 0.000
255.333333 256.333333   5.946 0.000  3.549 0.000
258.333333 259.333333 999.999 0.999  2.570 0.000
262.333333 263.333333   5.391 0.000  4.406 0.000
265.333333 266.333333   6.526 0.000  4.844 0.000
269.333333 270.333333   7.368 0.000  5.521 0.000
272.333333 273.333333   4.933 0.000  3.469 0.000
276.333333 277.333333   5.902 0.000  2.599 0.000
279.333333 280.333333  10.468 0.000  6.894 0.000
283.333333 284.333333   9.328 0.000  5.723 0.000
286.333333 287.333333   6.680 0.000  4.096 0.000
290.333333 291.333333   7.928 0.000  5.266 0.000
293.333333 294.333333   1.944 0.000  1.265 0.000
297.333333 298.333333   3.556 0.000  2.954 0.000
300.333333 301.333333   2.044 0.000  1.364 0.000
304.333333 305.333333   5.870 0.000  4.887 0.000
307.333333 308.333333   4.670 0.000  3.145 0.000
311.333333 312.333333   4.093 0.000  2.243 0.000
314.333333 315.333333   3.604 0.000  2.068 0.000
318.333333 319.333333   4.024 0.000  1.982 0.000
321.333333 322.333333   2.684 0.000  1.779 0.000
325.333333 326.333333   4.440 0.000  3.125 0.000
328.333333 329.333333   0.864 0.000  0.592 0.000
332.333333 333.333333   1.059 0.000  1.031 0.000
335.333333 336.333333   1.582 0.000  1.531 0.000
339.333333 340.333333 999.999 0.999 99.999 0.999
342.333333 343.333333 999.999 0.999 99.999 0.999
346.333333 347.333333 999.999 0.999 99.999 0.999
349.333333 350.333333 999.999 0.999 99.999 0.999
353.333333 354.333333   3.540 0.000  1.292 0.000
356.333333 357.333333 999.999 0.999 99.999 0.999
360.333333 361.333333   4.071 0.000  1.735 0.000
363.333333 364.333333   0.752 0.000 99.999 0.259
