scripts/IMPROVE-2019_partial/data/US0596R.20060102080000.20191216000000.filterpack..pm25.52w.1w.US03L_filterpack_US0596.US03L_IMPROVE_Davis.lev2.nas
64 1001
MISSING INFORMATION
US03L, IMPROVE, , , , , , , 
MISSING INFORMATION
IMPROVE sel_HTAP
1 1
2006 01 01 2019 12 16
3.000000
days from file reference point
25
1 1 1 1 1 1 1 1 1 1 1 1 1 1 1 1 1 1 1 1 1 1 1 1 1
999.999999 9999.99 9.999 99.99 9.999 9.999 9.999999 9.99 9.999999 9.999 9.999 99.999 9.999999 999.999 9.999999 999.999 9.999 999.999 9.999 999.999 9.999 9.999 9.999 9.999 9.999
end_time of measurement, days from the file reference point
iron, ng/m3, Revision date=20181210133000
numflag iron, no unit, Revision date=20181210133000
lead, ng/m3, Revision date=20181210133000
numflag lead, no unit, Revision date=20181210133000
magnesium, ug/m3, Revision date=20181210133000
numflag magnesium, no unit, Revision date=20181210133000
nickel, ng/m3, Revision date=20181210133000
numflag nickel, no unit, Revision date=20181210133000
nitrate, ug N/m3, Revision date=20181210133000
numflag nitrate, no unit, Revision date=20181210133000
organic_carbon, ug C/m3, Revision date=20181210133000
numflag organic_carbon, no unit, Revision date=20181210133000
organic_mass, ug/m3, Revision date=20181210133000
numflag organic_mass, no unit, Revision date=20181210133000
pm10_mass, ug/m3, Version=2, Version description=Data extracted from http://views.cira.colostate.edu/fed/DataWizard 2019-12-16, Sample duration=1d, Orig. time res.=3d, Matrix=pm10, Blank correction=Blank corrected, Volume std. temperature=ambient, Volume std. pressure=ambient
numflag pm10_mass, no unit, Version=2, Version description=Data extracted from http://views.cira.colostate.edu/fed/DataWizard 2019-12-16, Sample duration=1d, Orig. time res.=3d, Matrix=pm10, Blank correction=Blank corrected, Volume std. temperature=ambient, Volume std. pressure=ambient
pm10_pm25_mass, ug/m3, Revision date=20181210133000, Matrix=pm10_pm25
numflag pm10_pm25_mass, no unit, Revision date=20181210133000, Matrix=pm10_pm25
pm25_mass, ug/m3, Version=2, Version description=Data extracted from http://views.cira.colostate.edu/fed/DataWizard 2019-12-16, Sample duration=1d, Orig. time res.=3d, Blank correction=Blank corrected, Volume std. temperature=ambient, Volume std. pressure=ambient
numflag pm25_mass, no unit, Version=2, Version description=Data extracted from http://views.cira.colostate.edu/fed/DataWizard 2019-12-16, Sample duration=1d, Orig. time res.=3d, Blank correction=Blank corrected, Volume std. temperature=ambient, Volume std. pressure=ambient
potassium, ug/m3, Revision date=20181210133000
numflag potassium, no unit, Revision date=20181210133000
sulphate_total, ug S/m3, Revision date=20181210133000
numflag sulphate_total, no unit, Revision date=20181210133000
0
25
Data definition:              EBAS_1.1
Set type code:                TU
Timezone:                     UTC
File name:                    US0596R.20060102080000.20191216000000.filterpack..pm25.52w.1w.US03L_filterpack_US0596.US03L_IMPROVE_Davis.lev2.nas
File creation:                20191218120257
Startdate:                    20060102080000
Revision date:                20191216000000
Statistics:                   arithmetic mean
Data level:                   2
Period code:                  52w
Resolution code:              1w
Station code:                 US0596R
Platform code:                US0596S
Station name:                 Lassen Volcanic National Park-Manzanita Lake
Station latitude:             40.539
Station longitude:            -121.5772
Station altitude:             1754.0 m
Regime:                       IMG
Component:                    
Matrix:                       pm25
Laboratory code:              US03L
Instrument type:              filterpack
Instrument name:              filterpack_US0596
Method ref:                   US03L_IMPROVE_Davis
starttime endtime Fe flag_Fe Pb flag_Pb Mg++ flag_Mg++ Ni flag_Ni NO3- flag_NO3- OC flag_OC OM flag_OM PM10 flag_PM10 PM10-PM2.5 flag_PM10-PM2.5 PM2.5 flag_PM2.5 K+ flag_K+ SO4-- flag_SO4--
[from data line 86]
259.333333 260.333333   18.52 0.000  0.23 0.000 9.999 0.259000 9.99 0.259000 0.008 0.000  0.493 0.000000   0.887 0.000000   3.864 0.000   2.521 0.000   1.342 0.000 0.009 0.000 0.058 0.000
262.333333 263.333333   23.24 0.000  0.29 0.000 9.999 0.259000 9.99 0.259000 0.007 0.000  0.168 0.000000   0.302 0.000000   3.919 0.000   2.884 0.000   1.035 0.000 0.009 0.000 0.056 0.000
265.333333 266.333333   18.87 0.000  0.22 0.000 0.014 0.000000 9.99 0.259000 0.011 0.000  0.300 0.000000   0.541 0.000000   3.246 0.000   1.998 0.000   1.248 0.000 0.010 0.000 0.077 0.000
268.333333 269.333333   81.71 0.000  0.57 0.000 9.999 0.259000 0.89 0.000000 0.020 0.000  1.332 0.000000   2.398 0.000000   7.491 0.000   3.045 0.000   4.446 0.000 0.065 0.000 0.100 0.000
271.333333 272.333333  113.01 0.000  0.92 0.000 9.999 0.259000 0.48 0.000000 0.037 0.000  1.984 0.000000   3.572 0.000000  24.255 0.000  17.317 0.000   6.938 0.000 0.077 0.000 0.201 0.000
274.333333 275.333333   43.80 0.000  0.95 0.000 9.999 0.259000 0.37 0.000000 0.104 0.000  1.513 0.000000   2.724 0.000000  12.592 0.000   7.023 0.000   5.570 0.000 0.058 0.000 0.407 0.000
277.333333 278.333333    8.28 0.000  0.23 0.000 9.999 0.259000 9.99 0.259000 0.049 0.000  0.631 0.000000   1.136 0.000000   3.948 0.000   2.117 0.000   1.831 0.000 0.014 0.000 0.120 0.000
280.333333 281.333333   14.65 0.000  0.42 0.000 9.999 0.259000 0.25 0.000000 0.006 0.000  0.391 0.000000   0.703 0.000000   4.243 0.000   2.825 0.000   1.418 0.000 0.013 0.000 0.105 0.000
283.333333 284.333333   23.77 0.000  0.38 0.000 0.006 0.000000 9.99 0.259000 0.010 0.000  0.566 0.000000   1.019 0.000000   5.653 0.000   3.571 0.000   2.082 0.000 0.016 0.000 0.167 0.000
286.333333 287.333333   35.80 0.000  0.63 0.000 0.011 0.000000 0.25 0.000000 0.043 0.000  1.857 0.000000   3.343 0.000000   8.012 0.000   2.779 0.000   5.234 0.000 0.041 0.000 0.218 0.000
289.333333 290.333333    2.40 0.000  0.37 0.000 9.999 0.259000 9.99 0.259000 0.007 0.000  0.264 0.000000   0.476 0.000000   0.853 0.000   0.394 0.000   0.459 0.000 0.004 0.000 0.035 0.000
292.333333 293.333333   10.94 0.000  0.45 0.000 9.999 0.259000 9.99 0.259000 0.004 0.000  0.385 0.000000   0.692 0.000000   2.218 0.000   0.917 0.000   1.301 0.000 0.010 0.000 0.095 0.000
295.333333 296.333333   30.23 0.000  0.87 0.000 0.007 0.000000 0.19 0.000000 0.008 0.000  0.663 0.000000   1.194 0.000000   4.608 0.000   2.297 0.000   2.311 0.000 0.031 0.000 0.131 0.000
298.333333 299.333333   19.97 0.000  0.73 0.000 9.999 0.259000 9.99 0.259000 0.005 0.000  0.179 0.000000   0.322 0.000000   2.988 0.000   1.660 0.000   1.328 0.000 0.014 0.000 0.117 0.000
301.333333 302.333333   41.61 0.000  1.66 0.000 9.999 0.259000 9.99 0.259000 0.013 0.000  0.793 0.000000   1.427 0.000000   6.072 0.000   2.458 0.000   3.614 0.000 0.034 0.000 0.276 0.000
304.333333 305.333333   21.25 0.000  0.61 0.000 0.008 0.000000 0.23 0.000000 0.031 0.000  0.823 0.000000   1.482 0.000000   4.028 0.000   1.649 0.000   2.379 0.000 0.022 0.000 0.115 0.000
307.333333 308.333333    5.54 0.000  0.23 0.000 9.999 0.259000 9.99 0.259000 0.011 0.000  2.556 0.000000   4.601 0.000000   4.688 0.000   0.864 0.000   3.824 0.000 0.014 0.000 0.038 0.000
310.333333 311.333333    4.63 0.000  0.37 0.000 9.999 0.259000 9.99 0.259000 0.015 0.000  0.690 0.000000   1.241 0.000000   2.309 0.000   0.801 0.000   1.508 0.000 0.012 0.000 0.055 0.000
313.333333 314.333333    6.84 0.000  0.48 0.000 9.999 0.259000 9.99 0.259000 0.005 0.000  0.332 0.000000   0.597 0.000000   2.040 0.000   0.787 0.000   1.253 0.000 0.010 0.000 0.073 0.000
316.333333 317.333333 9999.99 0.999 99.99 0.999 9.999 0.999000 9.99 0.999000 9.999 0.999 99.999 0.999000 999.999 0.999000 999.999 0.999 999.999 0.999 999.999 0.999 9.999 0.999 9.999 0.999
319.333333 320.333333    1.08 0.000 99.99 0.259 9.999 0.259000 9.99 0.259000 0.006 0.000  0.546 0.000000   0.983 0.000000   1.101 0.000   0.196 0.000   0.905 0.000 0.008 0.000 0.037 0.000
322.333333 323.333333    1.81 0.000 99.99 0.259 9.999 0.259000 9.99 0.259000 0.003 0.000  0.697 0.000000   1.254 0.000000   1.869 0.000   0.665 0.000   1.205 0.000 0.012 0.000 0.027 0.000
325.333333 326.333333    1.31 0.000  0.22 0.000 0.016 0.000000 0.08 0.000000 0.015 0.000  0.089 0.000000   0.161 0.000000   1.427 0.000   0.391 0.000   1.037 0.000 0.005 0.000 0.061 0.000
328.333333 329.333333    1.88 0.000  0.28 0.000 9.999 0.259000 9.99 0.259000 0.003 0.000  0.308 0.000000   0.555 0.000000   0.777 0.000   0.071 0.000   0.706 0.000 0.006 0.000 0.040 0.000
331.333333 332.333333    0.81 0.000 99.99 0.259 9.999 0.259000 9.99 0.259000 0.016 0.000  1.672 0.000000   3.010 0.000000   2.953 0.000   0.348 0.000   2.606 0.000 0.010 0.000 0.028 0.000
334.333333 335.333333    2.56 0.000  0.41 0.000 0.007 0.000000 9.99 0.259000 0.005 0.000  1.119 0.000000   2.015 0.000000   2.165 0.000   0.110 0.000   2.055 0.000 0.014 0.000 0.059 0.000
337.333333 338.333333    2.61 0.000  0.26 0.000 9.999 0.259000 9.99 0.259000 0.001 0.000  0.287 0.000000   0.516 0.000000   0.611 0.000   0.190 0.000   0.421 0.000 0.004 0.000 0.021 0.000
340.333333 341.333333    5.21 0.000  0.42 0.000 9.999 0.259000 9.99 0.259000 0.004 0.000  0.364 0.000000   0.655 0.000000   1.096 0.000   0.521 0.000   0.576 0.000 0.006 0.000 0.030 0.000
343.333333 344.333333    0.15 0.000 99.99 0.259 9.999 0.259000 9.99 0.259000 0.002 0.000  0.234 0.000000   0.420 0.000000   0.654 0.000   0.253 0.000   0.401 0.000 0.002 0.000 0.013 0.000
346.333333 347.333333    0.20 0.000  0.16 0.000 9.999 0.259000 9.99 0.259000 9.999 0.259  0.085 0.000000   0.152 0.000000   0.122 0.000   0.053 0.000 999.999 0.259 0.003 0.000 0.001 0.000
349.333333 350.333333    2.86 0.000  0.18 0.000 9.999 0.259000 0.11 0.000000 0.007 0.000  0.240 0.000000   0.433 0.000000   0.942 0.000   0.476 0.000   0.465 0.000 0.006 0.000 0.017 0.000
352.333333 353.333333    4.22 0.000  0.22 0.000 9.999 0.259000 9.99 0.259000 0.002 0.000  0.374 0.000000   0.673 0.000000   0.775 0.000   0.255 0.000   0.520 0.000 0.005 0.000 0.016 0.000
355.333333 356.333333    0.46 0.000  0.09 0.000 9.999 0.259000 9.99 0.259000 0.010 0.000  0.185 0.000000   0.333 0.000000   0.938 0.000   0.361 0.000   0.576 0.000 0.004 0.000 0.040 0.000
358.333333 359.333333    1.96 0.000  0.15 0.000 0.014 0.000000 9.99 0.259000 0.000 0.000 99.999 0.259000 999.999 0.259000   0.811 0.000   0.419 0.000   0.392 0.000 0.003 0.000 0.064 0.000
361.333333 362.333333 9999.99 0.999 99.99 0.999 9.999 0.999000 9.99 0.999000 9.999 0.999 99.999 0.999000 999.999 0.999000 999.999 0.999 999.999 0.999 999.999 0.999 9.999 0.999 9.999 0.999
364.333333 365.333333    2.70 0.000  0.68 0.000 9.999 0.259000 0.14 0.000000 0.008 0.000  0.014 0.000000   0.026 0.000000   1.302 0.000   0.296 0.000   1.006 0.000 0.007 0.000 0.052 0.000
