scripts/IMPROVE-2019_partial/data/US0596R.19910102080000.20191216000000.filterpack...1y.3d.US03L_filterpack_US0596.US03L_IMPROVE_Davis.lev2.nas
52 1001
MISSING INFORMATION
US03L, IMPROVE, , , , , , , 
MISSING INFORMATION
IMPROVE sel_HTAP
1 1
1991 01 01 2019 12 16
0
days from file reference point
5
1 1 1 1 1
999.999999 999.999 9.999 99.999 9.999999
end_time of measurement, days from the file reference point
pm10_mass, ug/m3, Matrix=pm10
numflag pm10_mass, no unit, Matrix=pm10
pm25_mass, ug/m3, Matrix=pm25
numflag pm25_mass, no unit, Matrix=pm25
0
33
Data definition:              EBAS_1.1
Set type code:                TI
Timezone:                     UTC
File name:                    US0596R.19910102080000.20191216000000.filterpack...1y.3d.US03L_filterpack_US0596.US03L_IMPROVE_Davis.lev2.nas
File creation:                20191218120255
Startdate:                    19910102080000
Revision date:                20191216000000
Version:                      2
Version description:          "Data extracted from http://views.cira.colostate.edu/fed/DataWizard 2019-12-16"
Statistics:                   arithmetic mean
Data level:                   2
Period code:                  1y
Resolution code:              3d
Sample duration:              1d
Orig. time res.:              3d
Station code:                 US0596R
Platform code:                US0596S
Station name:                 Lassen Volcanic National Park-Manzanita Lake
Station latitude:             40.539
Station longitude:            -121.5772
Station altitude:             1754.0 m
Regime:                       IMG
Component:                    
Unit:                         ug/m3
Matrix:                       
Laboratory code:              US03L
Instrument type:              filterpack
Instrument name:              filterpack_US0596
Method ref:                   US03L_IMPROVE_Davis
Blank correction:             Blank corrected
Volume std. temperature:      ambient
Volume std. pressure:         ambient
starttime endtime PM10 flag_PM10 PM2.5 flag_PM2.5
  1.333333   2.333333 999.999 0.999  3.789 0.559000
  4.333333   5.333333   4.087 0.000 99.999 0.559259
  8.333333   9.333333   2.884 0.000  0.982 0.559000
 11.333333  12.333333 999.999 0.999  3.926 0.559000
 15.333333  16.333333   1.937 0.000  1.605 0.559000
 18.333333  19.333333   3.422 0.000  1.852 0.559000
 22.333333  23.333333   1.212 0.000  0.491 0.559000
 25.333333  26.333333 999.999 0.999  3.528 0.559000
 29.333333  30.333333   6.890 0.000  3.086 0.559000
 32.333333  33.333333  44.750 0.000  1.227 0.559000
 36.333333  37.333333   3.509 0.000  0.675 0.559000
 39.333333  40.333333   5.482 0.000  2.761 0.559000
 43.333333  44.333333   1.652 0.000  0.488 0.559000
 46.333333  47.333333   5.780 0.000  3.061 0.559000
 50.333333  51.333333   4.311 0.000  1.360 0.559000
 53.333333  54.333333   6.101 0.000  1.854 0.559000
 57.333333  58.333333  10.789 0.000  2.978 0.559000
 60.333333  61.333333   0.724 0.000 99.999 0.559259
 64.333333  65.333333  12.149 0.000  1.156 0.559000
 67.333333  68.333333 999.999 0.999  2.358 0.559000
 71.333333  72.333333   8.744 0.000  0.401 0.559000
 74.333333  75.333333   3.937 0.000  2.994 0.559000
 78.333333  79.333333   2.814 0.000  0.408 0.559000
 81.333333  82.333333   6.337 0.000  1.129 0.559000
 85.333333  86.333333   1.333 0.000  0.708 0.559000
 88.333333  89.333333   6.293 0.000  1.446 0.559000
 92.333333  93.333333   5.388 0.000  1.033 0.559000
 95.333333  96.333333   1.239 0.000 99.999 0.559259
 99.333333 100.333333   3.807 0.000  1.672 0.559000
102.333333 103.333333  17.621 0.000  2.786 0.559000
106.333333 107.333333  11.296 0.000  1.162 0.559000
109.333333 110.333333 999.999 0.999 99.999 0.559259
113.333333 114.333333   5.339 0.000  1.713 0.559000
116.333333 117.333333   5.514 0.000  2.492 0.559000
120.333333 121.333333   2.876 0.000  1.963 0.559000
123.333333 124.333333   9.372 0.000  3.704 0.559000
127.333333 128.333333   1.593 0.000  1.049 0.559000
130.333333 131.333333   1.345 0.000 99.999 0.559259
134.333333 135.333333   6.221 0.000  2.141 0.559000
137.333333 138.333333  14.885 0.000 99.999 0.559259
141.333333 142.333333  14.725 0.000  3.727 0.559000
144.333333 145.333333   8.211 0.000 99.999 0.559259
148.333333 149.333333   7.174 0.000  4.608 0.559000
151.333333 152.333333   4.229 0.000  1.617 0.559000
155.333333 156.333333   8.925 0.000  2.681 0.559000
158.333333 159.333333  10.136 0.000  4.277 0.559000
162.333333 163.333333  10.409 0.000  3.802 0.559000
165.333333 166.333333   5.136 0.000 99.999 0.559259
169.333333 170.333333  12.556 0.000  3.970 0.559000
172.333333 173.333333  19.502 0.000  4.699 0.559000
176.333333 177.333333  16.596 0.000  4.673 0.559000
179.333333 180.333333   7.117 0.000 99.999 0.559259
183.333333 184.333333   4.957 0.000  2.597 0.559000
186.333333 187.333333   7.325 0.000  2.299 0.559000
190.333333 191.333333  10.182 0.000  3.183 0.559000
193.333333 194.333333  14.305 0.000  4.000 0.559000
197.333333 198.333333   6.695 0.000  2.269 0.559000
200.333333 201.333333   5.739 0.000  4.154 0.559000
204.333333 205.333333  10.583 0.000  4.897 0.559000
207.333333 208.333333  35.638 0.000  3.196 0.559000
211.333333 212.333333  20.166 0.000 99.999 0.559259
214.333333 215.333333  11.818 0.000  4.505 0.559000
218.333333 219.333333  10.091 0.000  1.856 0.559000
221.333333 222.333333   6.325 0.000  1.766 0.559000
225.333333 226.333333   8.607 0.000  2.192 0.559000
228.333333 229.333333  10.588 0.000 99.999 0.559259
232.333333 233.333333 999.999 0.999  2.934 0.559000
235.333333 236.333333   7.124 0.000  2.229 0.559000
239.333333 240.333333   9.085 0.000  2.985 0.559000
242.333333 243.333333  21.919 0.000  2.771 0.559000
246.333333 247.333333  11.317 0.000  4.907 0.559000
249.333333 250.333333  14.726 0.000 99.999 0.559259
253.333333 254.333333   7.436 0.000  2.691 0.559000
256.333333 257.333333   7.841 0.000  3.015 0.559000
260.333333 261.333333   7.687 0.000  2.104 0.559000
263.333333 264.333333   9.014 0.000  5.366 0.559000
267.333333 268.333333  12.822 0.000  2.000 0.559000
270.333333 271.333333   6.597 0.000  2.879 0.559000
274.333333 275.333333   5.992 0.000  2.831 0.559000
277.333333 278.333333  41.381 0.000  7.059 0.559000
281.333333 282.333333  15.113 0.000  1.925 0.559000
284.333333 285.333333  10.376 0.000 99.999 0.559259
288.333333 289.333333   8.802 0.000  2.848 0.559000
291.333333 292.333333   5.459 0.000  1.262 0.559000
295.333333 296.333333 999.999 0.999  2.780 0.559000
298.333333 299.333333   8.118 0.000  1.582 0.559000
302.333333 303.333333   4.771 0.000  3.053 0.559000
305.333333 306.333333   3.591 0.000  1.579 0.559000
309.333333 310.333333   1.341 0.000  0.683 0.559000
312.333333 313.333333  10.736 0.000  3.043 0.559000
316.333333 317.333333  13.103 0.000  3.905 0.559000
319.333333 320.333333  10.728 0.000  3.354 0.559000
323.333333 324.333333   0.615 0.000  0.599 0.559000
326.333333 327.333333   0.913 0.000  0.726 0.559000
330.333333 331.333333   2.617 0.000  1.006 0.559000
333.333333 334.333333  10.640 0.000  1.321 0.559000
337.333333 338.333333 999.999 0.999  1.925 0.559000
340.333333 341.333333   1.395 0.000 99.999 0.559259
344.333333 345.333333   1.885 0.000  1.234 0.559000
347.333333 348.333333  16.846 0.000  1.867 0.559000
351.333333 352.333333   2.569 0.000  0.918 0.559000
354.333333 355.333333   2.295 0.000  1.824 0.559000
358.333333 359.333333   2.720 0.000  1.302 0.559000
361.333333 362.333333   1.303 0.000  0.890 0.559000
