scripts/IMPROVE-2019_partial/data/US0567R.20030103080000.20191216000000.filterpack..pm25.1y.1w.US03L_filterpack_US0567.US03L_IMPROVE_Davis.lev2.nas
66 1001
MISSING INFORMATION
US03L, IMPROVE, , , , , , , 
MISSING INFORMATION
IMPROVE sel_HTAP
1 1
2003 01 01 2019 12 16
3.000000
days from file reference point
27
1 1 1 1 1 1 1 1 1 1 1 1 1 1 1 1 1 1 1 1 1 1 1 1 1 1 1
999.999999 9999.99 9.999 99.99 9.999 9.999 9.999999 9.99 9.999999 99.999 9.999 99.999 9.999 99.999 9.999 999.99 9.999999 999.999 9.999 999.999 9.999 999.999 9.999 9.999 9.999 99.999 9.999
end_time of measurement, days from the file reference point
iron, ng/m3, Revision date=20181210133000
numflag iron, no unit, Revision date=20181210133000
lead, ng/m3, Revision date=20181210133000
numflag lead, no unit, Revision date=20181210133000
magnesium, ug/m3, Revision date=20181210133000
numflag magnesium, no unit, Revision date=20181210133000
nickel, ng/m3, Revision date=20181210133000
numflag nickel, no unit, Revision date=20181210133000
nitrate, ug N/m3, Revision date=20181210133000
numflag nitrate, no unit, Revision date=20181210133000
organic_carbon, ug C/m3, Revision date=20181210133000
numflag organic_carbon, no unit, Revision date=20181210133000
organic_mass, ug/m3, Revision date=20181210133000
numflag organic_mass, no unit, Revision date=20181210133000
phosphorus, ng/m3, Revision date=20181210133000
numflag phosphorus, no unit, Revision date=20181210133000
pm10_mass, ug/m3, Version=2, Version description=Data extracted from http://views.cira.colostate.edu/fed/DataWizard 2019-12-16, Sample duration=1d, Orig. time res.=3d, Matrix=pm10, Blank correction=Blank corrected, Volume std. temperature=ambient, Volume std. pressure=ambient
numflag pm10_mass, no unit, Version=2, Version description=Data extracted from http://views.cira.colostate.edu/fed/DataWizard 2019-12-16, Sample duration=1d, Orig. time res.=3d, Matrix=pm10, Blank correction=Blank corrected, Volume std. temperature=ambient, Volume std. pressure=ambient
pm10_pm25_mass, ug/m3, Revision date=20181210133000, Matrix=pm10_pm25
numflag pm10_pm25_mass, no unit, Revision date=20181210133000, Matrix=pm10_pm25
pm25_mass, ug/m3, Version=2, Version description=Data extracted from http://views.cira.colostate.edu/fed/DataWizard 2019-12-16, Sample duration=1d, Orig. time res.=3d, Blank correction=Blank corrected, Volume std. temperature=ambient, Volume std. pressure=ambient
numflag pm25_mass, no unit, Version=2, Version description=Data extracted from http://views.cira.colostate.edu/fed/DataWizard 2019-12-16, Sample duration=1d, Orig. time res.=3d, Blank correction=Blank corrected, Volume std. temperature=ambient, Volume std. pressure=ambient
potassium, ug/m3, Revision date=20181210133000
numflag potassium, no unit, Revision date=20181210133000
sulphate_total, ug S/m3, Revision date=20181210133000
numflag sulphate_total, no unit, Revision date=20181210133000
0
25
Data definition:              EBAS_1.1
Set type code:                TU
Timezone:                     UTC
File name:                    US0567R.20030103080000.20191216000000.filterpack..pm25.1y.1w.US03L_filterpack_US0567.US03L_IMPROVE_Davis.lev2.nas
File creation:                20191218120249
Startdate:                    20030103080000
Revision date:                20191216000000
Statistics:                   arithmetic mean
Data level:                   2
Period code:                  1y
Resolution code:              1w
Station code:                 US0567R
Platform code:                US0567S
Station name:                 Joshua Tree National Park-Black Rock
Station latitude:             34.0695
Station longitude:            -116.3889
Station altitude:             1239.0 m
Regime:                       IMG
Component:                    
Matrix:                       pm25
Laboratory code:              US03L
Instrument type:              filterpack
Instrument name:              filterpack_US0567
Method ref:                   US03L_IMPROVE_Davis
starttime endtime Fe flag_Fe Pb flag_Pb Mg++ flag_Mg++ Ni flag_Ni NO3- flag_NO3- OC flag_OC OM flag_OM P flag_P PM10 flag_PM10 PM10-PM2.5 flag_PM10-PM2.5 PM2.5 flag_PM2.5 K+ flag_K+ SO4-- flag_SO4--
  2.333333   3.333333   85.50 0.000  0.39 0.000 9.999 0.259000 0.39 0.000000  0.027 0.000  0.319 0.000  0.447 0.000  15.07 0.000000 999.999 0.456 999.999 0.999   2.666 0.000 0.048 0.000  0.065 0.000
  5.333333   6.333333  432.96 0.000  0.48 0.000 0.247 0.000000 9.99 0.259000  0.070 0.000  0.663 0.000  0.928 0.000 999.99 0.259000 999.999 0.456 999.999 0.999  11.297 0.000 0.290 0.000  0.208 0.000
  8.333333   9.333333   37.22 0.559  0.77 0.559 9.999 0.559259 0.23 0.559000  0.673 0.000  0.654 0.000  0.915 0.000 999.99 0.559259   8.393 0.000   1.351 0.000   7.042 0.559 0.047 0.559  0.572 0.000
 11.333333  12.333333   14.10 0.000  0.51 0.000 9.999 0.259000 9.99 0.259000  0.083 0.000  0.333 0.000  0.466 0.000 999.99 0.259000   2.609 0.000   1.133 0.000   1.477 0.000 0.014 0.000  0.120 0.000
 14.333333  15.333333   19.19 0.000  0.55 0.000 9.999 0.259000 9.99 0.259000  0.134 0.000  0.363 0.000  0.508 0.000 999.99 0.259000   3.283 0.000   1.743 0.000   1.540 0.000 0.015 0.000  0.092 0.000
 17.333333  18.333333   12.49 0.559  0.15 0.559 0.013 0.559000 0.06 0.559000  0.011 0.000  0.156 0.000  0.218 0.000 999.99 0.559259   2.694 0.000   2.006 0.000   0.688 0.559 0.008 0.559  0.027 0.000
 20.333333  21.333333   26.35 0.000  1.30 0.000 9.999 0.259000 0.32 0.000000  0.935 0.000  0.828 0.000  1.159 0.000 999.99 0.259000   6.205 0.000   0.861 0.000   5.344 0.000 0.014 0.000  0.220 0.000
 23.333333  24.333333   21.52 0.000  0.31 0.000 0.016 0.000000 9.99 0.259000  0.023 0.000  0.339 0.000  0.475 0.000 999.99 0.259000   4.192 0.000   2.667 0.000   1.525 0.000 0.018 0.000  0.063 0.000
 26.333333  27.333333   19.55 0.000  0.60 0.000 9.999 0.259000 9.99 0.259000  0.213 0.000  0.272 0.000  0.381 0.000 999.99 0.259000   3.726 0.000   2.247 0.000   1.479 0.000 0.011 0.000  0.066 0.000
 29.333333  30.333333   23.26 0.000  0.83 0.000 9.999 0.259000 9.99 0.259000  0.016 0.000  0.525 0.000  0.736 0.000  41.32 0.000000   4.058 0.000   2.298 0.000   1.760 0.000 0.036 0.000  0.104 0.000
 32.333333  33.333333   99.96 0.559  0.52 0.559 0.035 0.559000 9.99 0.559259  0.078 0.000  0.603 0.000  0.844 0.000 999.99 0.559259  25.895 0.000  21.398 0.000   4.497 0.559 0.077 0.559  0.096 0.000
 35.333333  36.333333   72.16 0.559  0.47 0.559 9.999 0.559259 0.05 0.559000  0.199 0.000  0.535 0.000  0.749 0.000 999.99 0.559259  10.101 0.000   6.878 0.000   3.223 0.559 0.050 0.559  0.051 0.000
 38.333333  39.333333   17.62 0.559  0.36 0.559 9.999 0.559259 9.99 0.559259  0.075 0.000  0.379 0.000  0.530 0.000 999.99 0.559259   4.016 0.000   2.582 0.000   1.434 0.559 0.014 0.559  0.117 0.000
 41.333333  42.333333   12.11 0.559  0.38 0.559 0.023 0.559000 9.99 0.559259  0.271 0.000  0.545 0.000  0.764 0.000 999.99 0.559259   3.847 0.000   1.277 0.000   2.570 0.559 0.020 0.559  0.143 0.000
 44.333333  45.333333    4.95 0.000  0.39 0.000 9.999 0.259000 0.05 0.000000  0.271 0.000  0.720 0.000  1.008 0.000 999.99 0.259000   1.954 0.000   0.359 0.000   1.595 0.000 0.005 0.000  0.100 0.000
 47.333333  48.333333   14.19 0.000  1.00 0.000 0.022 0.000000 0.14 0.000000  0.577 0.000  0.890 0.000  1.246 0.000 999.99 0.259000   4.811 0.000   0.599 0.000   4.212 0.000 0.011 0.000  0.221 0.000
 50.333333  51.333333   18.17 0.000  0.32 0.000 0.018 0.000000 0.11 0.000000  0.195 0.000  0.448 0.000  0.627 0.000 999.99 0.259000   7.195 0.000   5.296 0.000   1.900 0.000 0.021 0.000  0.162 0.000
 53.333333  54.333333  101.57 0.000  2.03 0.000 0.027 0.000000 0.26 0.000000  1.263 0.000  1.334 0.000  1.868 0.000 999.99 0.259000  21.837 0.000  11.202 0.000  10.636 0.000 0.072 0.000  0.280 0.000
 56.333333  57.333333    6.08 0.000  0.47 0.000 0.014 0.000000 0.08 0.000000  0.300 0.000  0.370 0.000  0.518 0.000 999.99 0.259000   2.886 0.000   0.998 0.000   1.888 0.000 0.008 0.000  0.138 0.000
 59.333333  60.333333   18.91 0.000  0.76 0.000 9.999 0.259000 0.15 0.000000  1.043 0.000  0.906 0.000  1.268 0.000 999.99 0.259000   9.622 0.000   2.101 0.000   7.521 0.000 0.019 0.000  0.313 0.000
 62.333333  63.333333   11.49 0.000  0.24 0.000 9.999 0.259000 0.09 0.000000  0.167 0.000  0.430 0.000  0.602 0.000 999.99 0.259000   2.494 0.000   1.023 0.000   1.471 0.000 0.012 0.000  0.147 0.000
 65.333333  66.333333   48.32 0.559  1.53 0.559 9.999 0.559259 0.11 0.559000  1.489 0.000  1.316 0.000  1.843 0.000 999.99 0.559259  14.391 0.000   5.636 0.000   8.755 0.559 0.033 0.559  0.256 0.000
 68.333333  69.333333   32.43 0.000  0.85 0.000 9.999 0.259000 9.99 0.259000  0.131 0.000  0.691 0.000  0.968 0.000 999.99 0.259000   5.739 0.000   2.929 0.000   2.809 0.000 0.032 0.000  0.185 0.000
 71.333333  72.333333   63.08 0.559  1.83 0.559 9.999 0.559259 9.99 0.559259  0.660 0.000  1.158 0.000  1.621 0.000 999.99 0.559259  12.383 0.000   6.761 0.000   5.622 0.559 0.047 0.559  0.438 0.000
 74.333333  75.333333    6.69 0.000  0.22 0.000 0.016 0.000000 9.99 0.259000  0.085 0.000  0.410 0.000  0.574 0.000 999.99 0.259000   3.285 0.000   1.597 0.000   1.688 0.000 0.016 0.000  0.134 0.000
 77.333333  78.333333   46.70 0.000  0.61 0.000 9.999 0.259000 9.99 0.259000  0.134 0.000  0.608 0.000  0.852 0.000 999.99 0.259000   8.608 0.000   6.066 0.000   2.542 0.000 0.036 0.000  0.098 0.000
 80.333333  81.333333   34.09 0.000  0.91 0.000 9.999 0.259000 9.99 0.259000  0.821 0.559  0.892 0.000  1.250 0.000 999.99 0.259000  10.293 0.000   4.345 0.000   5.948 0.000 0.022 0.000  0.150 0.559
 83.333333  84.333333   47.03 0.000  0.91 0.000 0.014 0.000000 9.99 0.259000  0.144 0.000  0.654 0.000  0.916 0.000 999.99 0.259000   7.144 0.000   3.844 0.000   3.300 0.000 0.034 0.000  0.211 0.000
 86.333333  87.333333   43.75 0.000  0.39 0.000 9.999 0.259000 9.99 0.259000  0.034 0.000  0.680 0.000  0.952 0.000 999.99 0.259000  11.253 0.000   8.695 0.000   2.558 0.000 0.040 0.000  0.111 0.000
 89.333333  90.333333   31.37 0.000  0.76 0.000 9.999 0.259000 9.99 0.259000  0.068 0.000  0.564 0.000  0.789 0.000 999.99 0.259000   5.364 0.000   3.434 0.000   1.931 0.000 0.018 0.000  0.112 0.000
 92.333333  93.333333   30.97 0.000  1.39 0.000 9.999 0.259000 0.16 0.000000  0.662 0.000  0.741 0.000  1.037 0.000 999.99 0.259000  11.995 0.000   5.691 0.000   6.304 0.000 0.024 0.000  0.527 0.000
 95.333333  96.333333   39.99 0.000  1.73 0.000 9.999 0.259000 0.05 0.000000  0.426 0.000  0.696 0.000  0.974 0.000 999.99 0.259000   9.316 0.000   4.952 0.000   4.364 0.000 0.032 0.000  0.343 0.000
 98.333333  99.333333   89.38 0.000  1.33 0.000 9.999 0.259000 0.08 0.000000  0.703 0.000  0.883 0.000  1.236 0.000 999.99 0.259000  19.212 0.000  11.758 0.000   7.454 0.000 0.048 0.000  0.235 0.000
101.333333 102.333333   26.03 0.000  0.64 0.000 9.999 0.259000 9.99 0.259000  0.040 0.000  0.252 0.000  0.353 0.000 999.99 0.259000   4.699 0.000   2.931 0.000   1.768 0.000 0.019 0.000  0.148 0.000
104.333333 105.333333   13.88 0.000  0.43 0.000 9.999 0.259000 0.17 0.000000  0.183 0.000  0.355 0.000  0.498 0.000 999.99 0.259000   3.044 0.000   1.030 0.000   2.014 0.000 0.011 0.000  0.197 0.000
107.333333 108.333333   31.71 0.000  0.79 0.000 9.999 0.259000 0.13 0.000000  0.654 0.000  0.765 0.000  1.071 0.000 999.99 0.259000   8.367 0.000   3.159 0.000   5.208 0.000 0.021 0.000  0.368 0.000
110.333333 111.333333   63.59 0.000  1.42 0.000 9.999 0.259000 0.15 0.000000  0.336 0.000  0.752 0.000  1.054 0.000 999.99 0.259000  11.755 0.000   6.156 0.000   5.599 0.000 0.057 0.000  0.438 0.000
113.333333 114.333333   69.39 0.000  1.65 0.000 9.999 0.259000 0.18 0.000000  1.120 0.000  1.152 0.000  1.613 0.000 999.99 0.259000  16.204 0.000   7.769 0.000   8.435 0.000 0.042 0.000  0.464 0.000
116.333333 117.333333   69.50 0.559  1.10 0.559 9.999 0.559259 0.12 0.559000  0.233 0.000  0.792 0.000  1.109 0.000 999.99 0.559259   8.732 0.000   4.841 0.000   3.892 0.559 0.046 0.559  0.254 0.000
119.333333 120.333333   45.20 0.559  0.69 0.559 9.999 0.559259 9.99 0.559259  0.372 0.000  0.738 0.000  1.033 0.000 999.99 0.559259  11.237 0.000   7.292 0.000   3.945 0.559 0.033 0.559  0.240 0.000
122.333333 123.333333   13.75 0.000  0.26 0.000 0.015 0.000000 9.99 0.259000  0.038 0.000  0.248 0.000  0.346 0.000 999.99 0.259000   3.250 0.000   2.064 0.000   1.187 0.000 0.012 0.000  0.066 0.000
125.333333 126.333333   43.61 0.559  1.39 0.559 9.999 0.559259 0.28 0.559000  0.956 0.000  1.674 0.000  2.343 0.000 999.99 0.559259  15.235 0.000   5.925 0.000   9.309 0.559 0.034 0.559  0.636 0.000
128.333333 129.333333   30.57 0.000  1.25 0.000 0.021 0.000000 0.16 0.000000  0.732 0.000  1.692 0.000  2.369 0.000 999.99 0.259000  15.437 0.000   7.298 0.000   8.139 0.000 0.035 0.000  0.380 0.000
131.333333 132.333333   81.44 0.559  1.71 0.559 9.999 0.559259 0.11 0.559000  0.191 0.000  1.525 0.000  2.135 0.000 999.99 0.559259  14.057 0.000   7.424 0.000   6.633 0.559 0.082 0.559  0.366 0.000
134.333333 135.333333  101.99 0.559  1.24 0.559 9.999 0.559259 9.99 0.559259  0.249 0.000  1.079 0.000  1.511 0.000 999.99 0.559259  17.110 0.000  10.299 0.000   6.811 0.559 0.080 0.559  0.590 0.000
137.333333 138.333333   66.41 0.559  1.67 0.559 9.999 0.559259 0.15 0.559000  0.217 0.000  2.185 0.000  3.059 0.000 999.99 0.559259  14.795 0.000   6.381 0.000   8.413 0.559 0.061 0.559  0.563 0.000
140.333333 141.333333  112.93 0.559  1.56 0.559 9.999 0.559259 0.23 0.559000  0.354 0.000  1.991 0.000  2.788 0.000 999.99 0.559259  19.285 0.000  11.167 0.000   8.118 0.559 0.066 0.559  0.494 0.000
143.333333 144.333333  129.05 0.559  1.92 0.559 9.999 0.559259 0.13 0.559000  0.219 0.000  1.254 0.000  1.755 0.000 999.99 0.559259  16.330 0.000   7.143 0.000   9.187 0.559 0.094 0.559  0.738 0.000
146.333333 147.333333   87.63 0.559  1.45 0.559 9.999 0.559259 0.10 0.559000  0.100 0.000  1.460 0.000  2.044 0.000 999.99 0.559259  17.416 0.000   9.372 0.000   8.044 0.559 0.078 0.559  0.731 0.000
149.333333 150.333333  212.21 0.559  2.01 0.559 9.999 0.559259 0.51 0.559000  0.628 0.000  2.664 0.000  3.730 0.000 999.99 0.559259  38.949 0.000  23.509 0.000  15.440 0.559 0.313 0.559  1.278 0.000
152.333333 153.333333   81.59 0.699  1.39 0.699 9.999 0.699259 0.21 0.699000  0.188 0.000  1.499 0.000  2.099 0.000 999.99 0.699259  17.319 0.000   8.083 0.000   9.236 0.699 0.095 0.699  1.068 0.000
155.333333 156.333333  106.76 0.699  1.45 0.699 9.999 0.699259 0.17 0.699000  0.197 0.000  2.567 0.000  3.593 0.000 999.99 0.699259  25.147 0.000  12.191 0.000  12.956 0.699 0.092 0.699  1.207 0.000
158.333333 159.333333   70.21 0.699  0.93 0.699 9.999 0.699259 0.20 0.699000  0.125 0.000  1.525 0.000  2.135 0.000 999.99 0.699259  13.889 0.000   6.202 0.000   7.687 0.699 0.073 0.699  0.763 0.000
161.333333 162.333333   42.41 0.559  0.78 0.559 9.999 0.559259 0.09 0.559000  0.260 0.000  0.988 0.000  1.383 0.000 999.99 0.559259  10.960 0.000   7.021 0.000   3.940 0.559 0.025 0.559  0.273 0.000
164.333333 165.333333   85.17 0.699  1.27 0.699 9.999 0.699259 0.19 0.699000  0.254 0.000  1.605 0.000  2.247 0.000 999.99 0.699259  17.194 0.000   9.110 0.000   8.084 0.699 0.149 0.699  0.716 0.000
167.333333 168.333333   86.76 0.699  1.17 0.699 9.999 0.699259 0.23 0.699000  0.361 0.000  2.292 0.000  3.208 0.000 999.99 0.699259  18.959 0.000   8.585 0.000  10.374 0.699 0.143 0.699  0.695 0.000
170.333333 171.333333   45.14 0.000  0.63 0.000 9.999 0.259000 9.99 0.259000  0.092 0.000  0.813 0.000  1.138 0.000 999.99 0.259000  13.348 0.000   8.961 0.000   4.388 0.000 0.032 0.000  0.300 0.000
173.333333 174.333333   48.46 0.559  0.75 0.559 9.999 0.559259 0.22 0.559000  0.496 0.000  1.362 0.000  1.906 0.000 999.99 0.559259  16.022 0.000   8.912 0.000   7.111 0.559 0.035 0.559  0.568 0.000
176.333333 177.333333   39.95 0.559  0.30 0.559 9.999 0.559259 9.99 0.559259  0.035 0.000  0.839 0.000  1.174 0.000 999.99 0.559259  10.333 0.000   7.385 0.000   2.948 0.559 0.023 0.559  0.134 0.000
179.333333 180.333333   62.22 0.559  1.16 0.559 0.031 0.559000 0.17 0.559000  0.131 0.000  1.993 0.000  2.790 0.000 999.99 0.559259  14.961 0.000   8.117 0.000   6.844 0.559 0.050 0.559  0.496 0.000
182.333333 183.333333   68.80 0.000  0.60 0.000 9.999 0.259000 0.23 0.000000  0.097 0.000  0.865 0.000  1.211 0.000 999.99 0.259000  14.302 0.000   9.495 0.000   4.808 0.000 0.040 0.000  0.411 0.000
185.333333 186.333333   68.68 0.699  3.36 0.699 9.999 0.699259 0.17 0.699000  0.407 0.000  2.420 0.000  3.388 0.000 999.99 0.699259  20.457 0.000  10.232 0.000  10.225 0.699 0.328 0.699  0.606 0.000
188.333333 189.333333   94.66 0.559  2.10 0.559 9.999 0.559259 0.37 0.559000  0.638 0.000  3.031 0.000  4.243 0.000 999.99 0.559259  28.677 0.000  15.072 0.000  13.605 0.559 0.245 0.559  0.923 0.000
191.333333 192.333333  157.82 0.699  1.27 0.699 9.999 0.699259 0.30 0.699000  0.303 0.000  3.115 0.000  4.360 0.000 999.99 0.699259  33.456 0.000  19.305 0.000  14.150 0.699 0.274 0.699  1.008 0.000
194.333333 195.333333   68.62 0.559  0.64 0.559 9.999 0.559259 0.15 0.559000  0.078 0.000  1.504 0.000  2.105 0.000 999.99 0.559259  14.014 0.000   7.676 0.000   6.338 0.559 0.061 0.559  0.468 0.000
197.333333 198.333333  139.26 0.699  0.76 0.699 0.029 0.699000 0.17 0.699000  0.119 0.000  3.565 0.000  4.992 0.000 999.99 0.699259  27.104 0.000  15.328 0.000  11.777 0.699 0.182 0.699  0.605 0.000
200.333333 201.333333  105.21 0.699  1.18 0.699 9.999 0.699259 0.23 0.699000  0.146 0.000  3.487 0.000  4.882 0.000 999.99 0.699259  22.391 0.000  10.200 0.000  12.191 0.699 0.139 0.699  0.761 0.000
203.333333 204.333333  120.92 0.699  1.39 0.699 9.999 0.699259 0.29 0.699000  0.272 0.559  2.340 0.000  3.275 0.000 999.99 0.699259  28.318 0.000  17.207 0.000  11.111 0.699 0.106 0.699  0.864 0.559
206.333333 207.333333  219.69 0.699  1.25 0.699 9.999 0.699259 0.31 0.699000  0.279 0.559  3.577 0.000  5.008 0.000 999.99 0.699259  31.734 0.000  16.789 0.000  14.945 0.699 0.386 0.699  0.773 0.559
209.333333 210.333333   55.16 0.000  0.77 0.000 9.999 0.259000 0.24 0.000000  0.156 0.000  1.289 0.000  1.805 0.000 999.99 0.259000  12.929 0.000   5.584 0.000   7.346 0.000 0.063 0.000  0.765 0.000
212.333333 213.333333   45.60 0.000  1.38 0.000 9.999 0.259000 0.37 0.000000  0.269 0.559  1.419 0.000  1.986 0.000 999.99 0.259000  13.099 0.000   5.748 0.000   7.351 0.000 0.042 0.000  0.762 0.559
215.333333 216.333333   32.05 0.000  1.14 0.000 9.999 0.259000 0.12 0.000000  0.066 0.559  0.755 0.000  1.056 0.000 999.99 0.259000   6.572 0.000   3.454 0.000   3.119 0.000 0.019 0.000  0.223 0.559
218.333333 219.333333   59.14 0.559  0.86 0.559 9.999 0.559259 0.17 0.559000  0.080 0.559  1.088 0.000  1.523 0.000 999.99 0.559259  11.422 0.000   7.149 0.000   4.273 0.559 0.048 0.559  0.243 0.559
221.333333 222.333333   49.96 0.000  1.06 0.000 9.999 0.259000 0.32 0.000000  0.074 0.559  1.254 0.000  1.756 0.000 999.99 0.259000  10.816 0.000   5.324 0.000   5.492 0.000 0.040 0.000  0.467 0.559
224.333333 225.333333   50.72 0.000  0.66 0.000 9.999 0.259000 0.12 0.000000  0.081 0.559  0.793 0.000  1.110 0.000 999.99 0.259000  10.210 0.000   6.439 0.000   3.771 0.000 0.046 0.000  0.252 0.559
227.333333 228.333333  189.34 0.699  1.41 0.699 9.999 0.699259 0.19 0.699000  0.217 0.559  1.547 0.000  2.166 0.000 999.99 0.699259  37.332 0.000  24.469 0.000  12.863 0.699 0.124 0.699  1.241 0.559
230.333333 231.333333  216.54 0.000  0.83 0.000 9.999 0.259000 0.22 0.000000  0.281 0.000  1.261 0.000  1.765 0.000 999.99 0.259000  63.966 0.000  49.898 0.000  14.068 0.000 0.358 0.000  1.192 0.000
233.333333 234.333333   18.82 0.000  0.48 0.000 9.999 0.259000 0.18 0.000000  0.072 0.000  0.524 0.000  0.733 0.000 999.99 0.259000   5.438 0.000   2.725 0.000   2.713 0.000 0.012 0.000  0.257 0.000
236.333333 237.333333   94.79 0.000  0.81 0.000 9.999 0.259000 0.22 0.000000  0.111 0.559  1.315 0.000  1.840 0.000 999.99 0.259000  21.083 0.000  13.594 0.000   7.489 0.000 0.080 0.000  0.565 0.559
239.333333 240.333333   60.90 0.394  0.94 0.394 9.999 0.394259 0.31 0.394000  0.239 0.394  1.361 0.000  1.905 0.000 999.99 0.394259  25.829 0.000  17.204 0.000   8.625 0.000 0.072 0.394  0.900 0.394
