scripts/IMPROVE-2019_partial/data/US0567R.20050101080000.20191216000000.filterpack..pm25.52w.1w.US03L_filterpack_US0567.US03L_IMPROVE_Davis.lev2.nas
64 1001
MISSING INFORMATION
US03L, IMPROVE, , , , , , , 
MISSING INFORMATION
IMPROVE sel_HTAP
1 1
2005 01 01 2019 12 16
3.000000
days from file reference point
25
1 1 1 1 1 1 1 1 1 1 1 1 1 1 1 1 1 1 1 1 1 1 1 1 1
999.999999 9999.99 9.999 99.99 9.999 9.999 9.999999 9.99 9.999999 99.999 9.999 99.999 9.999 99.999 9.999 999.999 9.999 999.999 9.999 999.999 9.999 9.999 9.999 99.999 9.999
end_time of measurement, days from the file reference point
iron, ng/m3, Revision date=20181210133000
numflag iron, no unit, Revision date=20181210133000
lead, ng/m3, Revision date=20181210133000
numflag lead, no unit, Revision date=20181210133000
magnesium, ug/m3, Revision date=20181210133000
numflag magnesium, no unit, Revision date=20181210133000
nickel, ng/m3, Revision date=20181210133000
numflag nickel, no unit, Revision date=20181210133000
nitrate, ug N/m3, Revision date=20181210133000
numflag nitrate, no unit, Revision date=20181210133000
organic_carbon, ug C/m3, Revision date=20181210133000
numflag organic_carbon, no unit, Revision date=20181210133000
organic_mass, ug/m3, Revision date=20181210133000
numflag organic_mass, no unit, Revision date=20181210133000
pm10_mass, ug/m3, Version=2, Version description=Data extracted from http://views.cira.colostate.edu/fed/DataWizard 2019-12-16, Sample duration=1d, Orig. time res.=3d, Matrix=pm10, Blank correction=Blank corrected, Volume std. temperature=ambient, Volume std. pressure=ambient
numflag pm10_mass, no unit, Version=2, Version description=Data extracted from http://views.cira.colostate.edu/fed/DataWizard 2019-12-16, Sample duration=1d, Orig. time res.=3d, Matrix=pm10, Blank correction=Blank corrected, Volume std. temperature=ambient, Volume std. pressure=ambient
pm10_pm25_mass, ug/m3, Revision date=20181210133000, Matrix=pm10_pm25
numflag pm10_pm25_mass, no unit, Revision date=20181210133000, Matrix=pm10_pm25
pm25_mass, ug/m3, Version=2, Version description=Data extracted from http://views.cira.colostate.edu/fed/DataWizard 2019-12-16, Sample duration=1d, Orig. time res.=3d, Blank correction=Blank corrected, Volume std. temperature=ambient, Volume std. pressure=ambient
numflag pm25_mass, no unit, Version=2, Version description=Data extracted from http://views.cira.colostate.edu/fed/DataWizard 2019-12-16, Sample duration=1d, Orig. time res.=3d, Blank correction=Blank corrected, Volume std. temperature=ambient, Volume std. pressure=ambient
potassium, ug/m3, Revision date=20181210133000
numflag potassium, no unit, Revision date=20181210133000
sulphate_total, ug S/m3, Revision date=20181210133000
numflag sulphate_total, no unit, Revision date=20181210133000
0
25
Data definition:              EBAS_1.1
Set type code:                TU
Timezone:                     UTC
File name:                    US0567R.20050101080000.20191216000000.filterpack..pm25.52w.1w.US03L_filterpack_US0567.US03L_IMPROVE_Davis.lev2.nas
File creation:                20191218120250
Startdate:                    20050101080000
Revision date:                20191216000000
Statistics:                   arithmetic mean
Data level:                   2
Period code:                  52w
Resolution code:              1w
Station code:                 US0567R
Platform code:                US0567S
Station name:                 Joshua Tree National Park-Black Rock
Station latitude:             34.0695
Station longitude:            -116.3889
Station altitude:             1239.0 m
Regime:                       IMG
Component:                    
Matrix:                       pm25
Laboratory code:              US03L
Instrument type:              filterpack
Instrument name:              filterpack_US0567
Method ref:                   US03L_IMPROVE_Davis
starttime endtime Fe flag_Fe Pb flag_Pb Mg++ flag_Mg++ Ni flag_Ni NO3- flag_NO3- OC flag_OC OM flag_OM PM10 flag_PM10 PM10-PM2.5 flag_PM10-PM2.5 PM2.5 flag_PM2.5 K+ flag_K+ SO4-- flag_SO4--
  0.333333   1.333333    4.65 0.000  0.68 0.000 9.999 0.259000 0.33 0.000000  0.211 0.000  0.344 0.000  0.619 0.000   4.117 0.000   1.891 0.000   2.227 0.000 0.012 0.000  0.159 0.000
  3.333333   4.333333    3.29 0.000  0.52 0.000 9.999 0.259000 9.99 0.259000  0.125 0.000  0.212 0.000  0.381 0.000   1.307 0.000   0.191 0.000   1.116 0.000 0.003 0.000  0.058 0.000
  6.333333   7.333333   14.20 0.000  0.85 0.000 9.999 0.259000 0.23 0.000000  1.099 0.000  0.427 0.000  0.769 0.000   8.200 0.000 999.999 0.259   8.406 0.000 0.012 0.000  0.196 0.000
  9.333333  10.333333    2.55 0.000  0.54 0.000 9.999 0.259000 0.14 0.000000  0.109 0.000  0.291 0.000  0.524 0.000   1.722 0.000   0.201 0.000   1.521 0.000 0.004 0.000  0.166 0.000
 12.333333  13.333333   22.47 0.000  0.46 0.000 0.010 0.000000 0.14 0.000000  0.015 0.000  0.218 0.000  0.392 0.000   3.220 0.000   2.331 0.000   0.889 0.000 0.017 0.000  0.049 0.000
 15.333333  16.333333   15.03 0.000  0.59 0.000 9.999 0.259000 0.18 0.000000  0.017 0.000  0.255 0.000  0.459 0.000   2.753 0.000   2.071 0.000   0.681 0.000 0.012 0.000  0.035 0.000
 18.333333  19.333333    7.68 0.000  0.48 0.000 9.999 0.259000 0.17 0.000000  0.010 0.000  0.320 0.000  0.576 0.000   1.748 0.000   0.973 0.000   0.775 0.000 0.012 0.000  0.059 0.000
 21.333333  22.333333   19.96 0.000  0.37 0.000 9.999 0.259000 0.17 0.000000  0.037 0.000  0.575 0.000  1.036 0.000   3.887 0.000   2.242 0.000   1.645 0.000 0.016 0.000  0.106 0.000
 24.333333  25.333333   14.88 0.000  1.18 0.000 9.999 0.259000 0.40 0.000000  0.224 0.000  0.705 0.000  1.269 0.000   6.566 0.000   2.156 0.000   4.407 0.000 0.036 0.000  0.610 0.000
 27.333333  28.333333   26.27 0.000  0.61 0.000 9.999 0.259000 0.09 0.000000  0.162 0.000  0.278 0.000  0.500 0.000   6.946 0.000   5.169 0.000   1.776 0.000 0.017 0.000  0.113 0.000
 30.333333  31.333333    9.60 0.000  0.43 0.000 9.999 0.259000 9.99 0.259000  0.011 0.000  0.284 0.000  0.511 0.000   3.567 0.000   2.729 0.000   0.838 0.000 0.011 0.000  0.069 0.000
 33.333333  34.333333   12.10 0.000  0.70 0.000 0.005 0.000000 0.21 0.000000  0.021 0.000  0.326 0.000  0.587 0.000   3.969 0.000   2.203 0.000   1.766 0.000 0.011 0.000  0.174 0.000
 36.333333  37.333333   19.67 0.000  1.49 0.000 0.017 0.000000 0.28 0.000000  0.346 0.000  0.508 0.000  0.914 0.000   6.142 0.000   3.336 0.000   2.806 0.000 0.017 0.000  0.225 0.000
 39.333333  40.333333   10.89 0.000  0.62 0.000 9.999 0.259000 9.99 0.259000  0.056 0.000  0.318 0.000  0.573 0.000   3.558 0.000   1.489 0.000   2.069 0.000 0.008 0.000  0.147 0.000
 42.333333  43.333333    1.90 0.000  0.40 0.000 0.010 0.000000 9.99 0.259000  0.071 0.000  0.250 0.000  0.450 0.000   1.418 0.000   0.366 0.000   1.052 0.000 0.002 0.000  0.051 0.000
 45.333333  46.333333   22.59 0.000  1.77 0.000 9.999 0.259000 9.99 0.259000  1.339 0.000  0.700 0.000  1.259 0.000  13.680 0.000   2.594 0.000  11.113 0.000 0.013 0.000  0.480 0.000
 48.333333  49.333333    5.82 0.000  0.38 0.000 9.999 0.259000 9.99 0.259000  0.101 0.000  0.251 0.000  0.451 0.000   2.467 0.000   0.534 0.000   1.933 0.000 0.006 0.000  0.130 0.000
 51.333333  52.333333    3.05 0.000  0.56 0.000 9.999 0.259000 0.15 0.000000  0.060 0.000  0.095 0.000  0.172 0.000   2.390 0.000   0.741 0.000   1.649 0.000 0.004 0.000  0.161 0.000
 54.333333  55.333333    4.49 0.000  0.35 0.000 9.999 0.259000 9.99 0.259000  0.024 0.000  0.253 0.000  0.455 0.000   1.335 0.000   0.677 0.000   0.658 0.000 0.005 0.000  0.079 0.000
 57.333333  58.333333   29.23 0.000  1.51 0.000 9.999 0.259000 0.31 0.000000  1.192 0.000  1.085 0.000  1.952 0.000  12.360 0.000   2.721 0.000   9.637 0.000 0.013 0.000  0.580 0.000
 60.333333  61.333333   38.11 0.000  1.08 0.000 9.999 0.259000 9.99 0.259000  1.519 0.000  0.806 0.000  1.451 0.000  12.674 0.000   3.533 0.000   9.139 0.000 0.015 0.000  0.408 0.000
 63.333333  64.333333    8.36 0.000  0.34 0.000 9.999 0.259000 9.99 0.259000  0.129 0.000  0.836 0.000  1.505 0.000   2.666 0.000   0.571 0.000   2.095 0.000 0.016 0.000  0.153 0.000
 66.333333  67.333333   19.62 0.000  0.54 0.000 9.999 0.259000 9.99 0.259000  0.015 0.000  0.421 0.000  0.758 0.000   3.216 0.000   1.954 0.000   1.293 0.000 0.021 0.000  0.086 0.000
 69.333333  70.333333   42.18 0.000  1.11 0.000 0.014 0.000000 9.99 0.259000  0.022 0.000  0.626 0.000  1.126 0.000   6.758 0.000   4.174 0.000   2.583 0.000 0.040 0.000  0.153 0.000
 72.333333  73.333333   85.19 0.000  1.08 0.000 9.999 0.259000 9.99 0.259000  0.120 0.000  0.754 0.000  1.357 0.000  21.349 0.000  17.300 0.000   4.050 0.000 0.058 0.000  0.220 0.000
 75.333333  76.333333   85.61 0.000  2.99 0.000 9.999 0.259000 0.13 0.000000  0.719 0.000  1.191 0.000  2.144 0.000  14.708 0.000   7.872 0.000   6.835 0.000 0.053 0.000  0.348 0.000
 78.333333  79.333333   27.42 0.000  1.06 0.000 0.036 0.000000 9.99 0.259000  0.395 0.000  0.572 0.000  1.030 0.000   8.332 0.000   4.064 0.000   4.268 0.000 0.027 0.000  0.277 0.000
 81.333333  82.333333   13.45 0.000  0.52 0.000 9.999 0.259000 9.99 0.259000  0.202 0.000  0.448 0.000  0.807 0.000   6.881 0.000   4.468 0.000   2.413 0.000 0.011 0.000  0.213 0.000
 84.333333  85.333333   40.40 0.394  0.94 0.394 9.999 0.394259 9.99 0.394259  0.124 0.394  1.230 0.000  2.214 0.000   8.431 0.000   4.992 0.000   3.529 0.000 0.042 0.394  0.195 0.394
 87.333333  88.333333   58.56 0.000  1.15 0.000 0.021 0.000000 0.07 0.000000  0.571 0.000  0.766 0.000  1.378 0.000  15.409 0.000   9.664 0.000   5.884 0.000 0.040 0.000  0.362 0.000
 90.333333  91.333333   32.69 0.000  0.75 0.000 9.999 0.259000 0.13 0.000000  0.020 0.000  0.355 0.000  0.638 0.000   7.462 0.000   5.315 0.000   2.146 0.000 0.025 0.000  0.205 0.000
 93.333333  94.333333 9999.99 0.999 99.99 0.999 9.999 0.999000 9.99 0.999000 99.999 0.999 99.999 0.999 99.999 0.999 999.999 0.999 999.999 0.999 999.999 0.999 9.999 0.999 99.999 0.999
 96.333333  97.333333 9999.99 0.999 99.99 0.999 9.999 0.999000 9.99 0.999000 99.999 0.999 99.999 0.999 99.999 0.999 999.999 0.999 999.999 0.999 999.999 0.999 9.999 0.999 99.999 0.999
 99.333333 100.333333 9999.99 0.999 99.99 0.999 9.999 0.999000 9.99 0.999000 99.999 0.999 99.999 0.999 99.999 0.999 999.999 0.999 999.999 0.999 999.999 0.999 9.999 0.999 99.999 0.999
102.333333 103.333333  232.72 0.000  3.92 0.000 0.075 0.000000 0.13 0.000000  0.496 0.000  0.841 0.000  1.513 0.000  19.290 0.000  10.347 0.000   8.941 0.000 0.136 0.000  0.536 0.000
105.333333 106.333333  211.30 0.000  4.01 0.000 0.069 0.000000 0.26 0.000000  0.401 0.000  1.121 0.000  2.018 0.000  22.215 0.000  13.355 0.000   8.859 0.000 0.140 0.000  0.589 0.000
108.333333 109.333333   62.30 0.000  1.25 0.000 0.041 0.000000 0.33 0.000000  0.935 0.000  0.883 0.000  1.590 0.000  18.564 0.000   9.791 0.000   8.775 0.000 0.056 0.000  0.700 0.000
111.333333 112.333333   85.45 0.000  1.25 0.000 0.026 0.000000 9.99 0.259000  0.227 0.000  0.683 0.000  1.229 0.000  13.207 0.000   8.305 0.000   4.902 0.000 0.064 0.000  0.324 0.000
114.333333 115.333333   60.61 0.000  1.03 0.000 9.999 0.259000 9.99 0.259000  0.234 0.000  0.729 0.000  1.313 0.000   9.408 0.000   5.169 0.000   4.239 0.000 0.039 0.000  0.416 0.000
117.333333 118.333333   18.84 0.000  0.59 0.000 9.999 0.259000 9.99 0.259000  0.109 0.000  0.442 0.000  0.795 0.000   3.675 0.000   1.683 0.000   1.993 0.000 0.014 0.000  0.193 0.000
120.333333 121.333333   45.54 0.000  1.83 0.000 9.999 0.259000 0.39 0.000000  0.387 0.000  0.843 0.000  1.517 0.000   9.221 0.000   4.605 0.000   4.615 0.000 0.024 0.000  0.378 0.000
123.333333 124.333333   75.45 0.000  1.98 0.000 0.011 0.000000 0.15 0.000000  0.177 0.000  1.019 0.000  1.834 0.000  14.041 0.000   7.627 0.000   6.414 0.000 0.044 0.000  0.618 0.000
126.333333 127.333333   32.67 0.000  1.69 0.000 9.999 0.259000 0.22 0.000000  0.267 0.000  0.682 0.000  1.227 0.000   6.982 0.000   3.295 0.000   3.686 0.000 0.020 0.000  0.376 0.000
129.333333 130.333333   57.69 0.000  1.62 0.000 9.999 0.259000 0.18 0.000000  0.498 0.000  0.498 0.000  0.897 0.000  12.204 0.000   8.049 0.000   4.252 0.000 0.032 0.000  0.321 0.000
132.333333 133.333333   87.67 0.000  2.07 0.000 9.999 0.259000 0.18 0.000000  0.751 0.000  1.437 0.000  2.586 0.000  16.124 0.000   9.593 0.000   6.529 0.000 0.037 0.000  0.271 0.000
135.333333 136.333333   69.14 0.000  1.78 0.000 9.999 0.259000 0.51 0.000000  0.588 0.000  0.918 0.000  1.652 0.000  15.089 0.000   7.642 0.000   7.447 0.000 0.051 0.000  0.654 0.000
138.333333 139.333333   80.64 0.000  1.83 0.000 0.013 0.000000 0.23 0.000000  0.348 0.000  1.547 0.000  2.785 0.000  15.127 0.000   8.559 0.000   6.567 0.000 0.040 0.000  0.356 0.000
141.333333 142.333333   93.20 0.000  2.52 0.000 0.025 0.000000 0.11 0.000000  0.102 0.000  1.361 0.000  2.450 0.000  13.195 0.000   7.070 0.000   6.128 0.000 0.055 0.000  0.332 0.000
144.333333 145.333333   96.89 0.000  1.51 0.000 9.999 0.259000 0.23 0.000000  0.322 0.000  1.353 0.000  2.436 0.000  17.150 0.000   9.835 0.000   7.314 0.000 0.050 0.000  0.441 0.000
147.333333 148.333333  114.39 0.000  2.23 0.000 0.022 0.000000 0.51 0.000000  0.862 0.000  2.168 0.000  3.902 0.000  28.155 0.000  15.983 0.000  12.169 0.000 0.125 0.000  1.030 0.000
150.333333 151.333333   81.28 0.000  0.76 0.000 9.999 0.259000 0.28 0.000000  0.181 0.000  1.276 0.000  2.296 0.000  18.458 0.000  11.257 0.000   7.340 0.000 0.048 0.000  0.502 0.000
153.333333 154.333333  148.25 0.000  1.23 0.000 0.042 0.000000 0.17 0.000000  0.095 0.000  0.894 0.000  1.609 0.000  26.241 0.000  18.525 0.000   7.716 0.000 0.101 0.000  0.351 0.000
156.333333 157.333333   61.79 0.000  1.81 0.000 0.016 0.000000 0.46 0.000000  0.687 0.000  1.400 0.000  2.520 0.000  20.329 0.000  10.681 0.000   9.647 0.000 0.198 0.000  0.828 0.000
159.333333 160.333333   74.35 0.000  1.34 0.000 9.999 0.259000 0.33 0.000000  0.275 0.000  1.275 0.000  2.295 0.000  17.610 0.000  11.761 0.000   5.849 0.000 0.051 0.000  0.425 0.000
162.333333 163.333333   64.04 0.000  4.35 0.000 0.009 0.000000 0.36 0.000000  0.335 0.000  1.976 0.000  3.557 0.000  17.274 0.000   8.790 0.000   8.482 0.000 0.054 0.000  0.799 0.000
165.333333 166.333333   59.05 0.000  1.58 0.000 9.999 0.259000 0.17 0.000000  0.175 0.000  1.199 0.000  2.159 0.000  14.217 0.000   7.058 0.000   7.158 0.000 0.071 0.000  0.734 0.000
168.333333 169.333333   19.72 0.000  0.60 0.000 9.999 0.259000 9.99 0.259000  0.039 0.000  0.179 0.000  0.323 0.000   4.432 0.000   2.647 0.000   1.784 0.000 0.017 0.000  0.160 0.000
171.333333 172.333333   48.94 0.000  1.07 0.000 9.999 0.259000 0.24 0.000000  0.090 0.000  2.019 0.000  3.634 0.000  14.707 0.000   6.637 0.000   8.144 0.000 0.095 0.000  0.862 0.000
174.333333 175.333333   53.81 0.000  0.62 0.000 0.015 0.000000 0.17 0.000000  0.073 0.000  0.351 0.000  0.633 0.000   7.517 0.000   4.495 0.000   3.022 0.000 0.043 0.000  0.260 0.000
177.333333 178.333333   33.82 0.000  0.91 0.000 9.999 0.259000 9.99 0.259000  0.038 0.000  0.452 0.000  0.814 0.000   7.114 0.000   4.214 0.000   2.900 0.000 0.038 0.000  0.304 0.000
180.333333 181.333333  129.53 0.000  1.48 0.000 9.999 0.259000 0.31 0.000000  0.125 0.000  1.467 0.000  2.640 0.000  19.651 0.000  11.446 0.000   8.205 0.000 0.073 0.000  0.715 0.000
183.333333 184.333333   45.79 0.000  0.96 0.000 9.999 0.259000 0.16 0.000000  0.066 0.000  1.105 0.000  1.989 0.000  12.341 0.000   6.705 0.000   5.635 0.000 0.038 0.000  0.568 0.000
186.333333 187.333333   83.53 0.000  1.71 0.000 0.019 0.000000 0.10 0.000000  0.264 0.000  2.190 0.000  3.942 0.000  21.527 0.000  12.822 0.000   8.703 0.000 0.202 0.000  0.505 0.000
189.333333 190.333333   76.21 0.000  1.41 0.000 0.024 0.000000 0.21 0.000000  0.172 0.000  1.253 0.000  2.255 0.000  16.520 0.000  10.245 0.000   6.274 0.000 0.056 0.000  0.533 0.000
192.333333 193.333333   58.45 0.000  1.03 0.000 9.999 0.259000 9.99 0.259000  0.081 0.000  1.290 0.000  2.321 0.000  12.688 0.000   7.000 0.000   5.702 0.000 0.093 0.000  0.517 0.000
195.333333 196.333333  110.58 0.000  1.24 0.000 0.012 0.000000 0.27 0.000000  0.112 0.000  1.828 0.000  3.291 0.000  21.012 0.000  12.706 0.000   8.306 0.000 0.100 0.000  0.583 0.000
198.333333 199.333333   93.89 0.000  0.84 0.000 9.999 0.259000 0.21 0.000000  0.085 0.000  1.567 0.000  2.820 0.000  21.872 0.000  12.857 0.000   9.015 0.000 0.064 0.000  0.898 0.000
201.333333 202.333333  197.70 0.000  1.65 0.000 9.999 0.259000 0.46 0.000000  0.230 0.000  2.119 0.000  3.813 0.000  41.413 0.000  28.998 0.000  12.417 0.000 0.173 0.000  1.045 0.000
204.333333 205.333333   11.91 0.000  0.57 0.000 9.999 0.259000 0.22 0.000000  0.070 0.000  0.567 0.000  1.020 0.000   6.996 0.000   3.089 0.000   3.907 0.000 0.044 0.000  0.345 0.000
207.333333 208.333333   66.48 0.000  1.37 0.000 9.999 0.259000 0.31 0.000000  0.120 0.000  1.521 0.000  2.738 0.000  19.100 0.000   8.751 0.000  10.347 0.000 0.063 0.000  1.241 0.000
210.333333 211.333333   56.26 0.000  1.14 0.000 0.023 0.000000 0.35 0.000000  0.195 0.000  1.197 0.000  2.154 0.000  21.235 0.000  11.822 0.000   9.421 0.000 0.145 0.000  1.260 0.000
213.333333 214.333333  204.82 0.000  1.18 0.000 0.034 0.000000 0.45 0.000000  0.140 0.000  1.296 0.000  2.333 0.000  37.813 0.000  26.530 0.000  11.578 0.000 0.123 0.000  1.225 0.000
216.333333 217.333333   89.88 0.000  1.09 0.000 0.009 0.000000 0.26 0.000000  0.075 0.000  0.913 0.000  1.644 0.000  15.473 0.000   8.284 0.000   7.187 0.000 0.074 0.000  0.836 0.000
219.333333 220.333333 9999.99 0.999 99.99 0.999 9.999 0.999000 9.99 0.999000 99.999 0.999 99.999 0.999 99.999 0.999 999.999 0.999 999.999 0.999 999.999 0.999 9.999 0.999 99.999 0.999
222.333333 223.333333   99.75 0.000  1.87 0.000 9.999 0.259000 0.28 0.000000  0.179 0.000  1.852 0.000  3.334 0.000  21.458 0.000  12.673 0.000   8.783 0.000 0.078 0.000  0.824 0.000
225.333333 226.333333   79.13 0.000  2.47 0.000 9.999 0.259000 0.35 0.000000  0.229 0.000  1.379 0.000  2.482 0.000  21.949 0.000  12.856 0.000   9.093 0.000 0.072 0.000  1.112 0.000
228.333333 229.333333   52.74 0.000  1.26 0.000 9.999 0.259000 0.23 0.000000  0.138 0.000  0.784 0.000  1.411 0.000  14.863 0.000   8.935 0.000   5.927 0.000 0.069 0.000  0.650 0.000
231.333333 232.333333   32.38 0.000  0.97 0.000 9.999 0.259000 0.19 0.000000  0.045 0.000  0.444 0.000  0.799 0.000   9.767 0.000   5.430 0.000   4.336 0.000 0.030 0.000  0.529 0.000
234.333333 235.333333   24.58 0.000  0.60 0.000 9.999 0.259000 0.18 0.000000  0.062 0.000  0.322 0.000  0.579 0.000   7.762 0.000   3.976 0.000   3.833 0.000 0.023 0.000  0.531 0.000
237.333333 238.333333   71.23 0.000  1.24 0.000 9.999 0.259000 0.28 0.000000  0.088 0.000  1.391 0.000  2.503 0.000 999.999 0.456 999.999 0.999   6.233 0.000 0.056 0.000  0.463 0.000
240.333333 241.333333   29.44 0.000  0.47 0.000 9.999 0.259000 0.14 0.000000  0.039 0.000  0.733 0.000  1.320 0.000   8.106 0.000   4.746 0.000   3.360 0.000 0.026 0.000  0.237 0.000
243.333333 244.333333   86.72 0.000  1.39 0.000 0.022 0.000000 0.20 0.000000  0.148 0.000  0.828 0.000  1.490 0.000  18.967 0.000  12.500 0.000   6.467 0.000 0.061 0.000  0.693 0.000
246.333333 247.333333  164.64 0.000  1.12 0.000 0.084 0.000000 0.20 0.000000  0.074 0.000  0.763 0.000  1.374 0.000  34.001 0.000  27.302 0.000   6.718 0.000 0.105 0.000  0.395 0.000
249.333333 250.333333   37.64 0.000  0.55 0.000 9.999 0.259000 0.15 0.000000  0.035 0.000  0.613 0.000  1.104 0.000   6.071 0.000   3.033 0.000   3.037 0.000 0.027 0.000  0.186 0.000
252.333333 253.333333   41.44 0.000  0.88 0.000 9.999 0.259000 0.18 0.000000  0.165 0.000  0.893 0.000  1.608 0.000  11.382 0.000   7.436 0.000   3.945 0.000 0.027 0.000  0.352 0.000
255.333333 256.333333   58.07 0.000  1.25 0.000 9.999 0.259000 0.22 0.000000  0.330 0.000  1.268 0.000  2.282 0.000  15.225 0.000   9.508 0.000   5.839 0.000 0.071 0.000  0.489 0.000
258.333333 259.333333   82.25 0.000  1.57 0.000 9.999 0.259000 0.33 0.000000  0.346 0.000  1.444 0.000  2.598 0.000  16.230 0.000   9.811 0.000   6.557 0.000 0.044 0.000  0.549 0.000
