scripts/IMPROVE-2019_partial/data/US0566R.20090101080000.20191216000000.filterpack...52w.3d.US03L_filterpack_US0566.US03L_IMPROVE_Davis.lev2.nas
51 1001
MISSING INFORMATION
US03L, IMPROVE, , , , , , , 
MISSING INFORMATION
IMPROVE sel_HTAP
1 1
2009 01 01 2019 12 16
3.000000
days from file reference point
4
1 1 1 1
999.999999 999.999 999.999 9.999
end_time of measurement, days from the file reference point
pm10_mass, ug/m3, Matrix=pm10
pm25_mass, ug/m3, Matrix=pm25
numflag, no unit
0
33
Data definition:              EBAS_1.1
Set type code:                TU
Timezone:                     UTC
File name:                    US0566R.20090101080000.20191216000000.filterpack...52w.3d.US03L_filterpack_US0566.US03L_IMPROVE_Davis.lev2.nas
File creation:                20191218120245
Startdate:                    20090101080000
Revision date:                20191216000000
Version:                      2
Version description:          "Data extracted from http://views.cira.colostate.edu/fed/DataWizard 2019-12-16"
Statistics:                   arithmetic mean
Data level:                   2
Period code:                  52w
Resolution code:              3d
Sample duration:              1d
Orig. time res.:              3d
Station code:                 US0566R
Platform code:                US0566S
Station name:                 Pinnacles National Monument-Bear Valley (CA66)
Station latitude:             36.4834
Station longitude:            -121.157
Station altitude:             317.0 m
Regime:                       IMG
Component:                    
Unit:                         ug/m3
Matrix:                       
Laboratory code:              US03L
Instrument type:              filterpack
Instrument name:              filterpack_US0566
Method ref:                   US03L_IMPROVE_Davis
Blank correction:             Blank corrected
Volume std. temperature:      ambient
Volume std. pressure:         ambient
starttime endtime PM10 PM2.5 flag
  0.333333   1.333333   5.407   5.085 0.000
  3.333333   4.333333   3.717   2.947 0.000
  6.333333   7.333333   3.408   3.009 0.000
  9.333333  10.333333   5.519   2.983 0.000
 12.333333  13.333333   3.381   1.794 0.000
 15.333333  16.333333   4.584   2.158 0.000
 18.333333  19.333333   5.238   3.087 0.000
 21.333333  22.333333   6.961   4.570 0.000
 24.333333  25.333333   5.383   2.060 0.000
 27.333333  28.333333   4.027   2.660 0.000
 30.333333  31.333333   5.981   4.023 0.000
 33.333333  34.333333   5.847   3.179 0.000
 36.333333  37.333333   2.371   0.925 0.000
 39.333333  40.333333   5.757   2.187 0.000
 42.333333  43.333333   2.618   1.161 0.000
 45.333333  46.333333   7.502   2.630 0.000
 48.333333  49.333333   4.455   1.582 0.000
 51.333333  52.333333   5.620   3.506 0.000
 54.333333  55.333333   3.832   1.439 0.000
 57.333333  58.333333   3.585   1.649 0.000
 60.333333  61.333333   3.246   1.381 0.000
 63.333333  64.333333   2.868   1.090 0.000
 66.333333  67.333333   6.939   4.284 0.000
 69.333333  70.333333   7.136   3.378 0.000
 72.333333  73.333333   9.232   5.382 0.000
 75.333333  76.333333   6.889   2.901 0.000
 78.333333  79.333333  10.014   5.191 0.000
 81.333333  82.333333   6.269   2.483 0.000
 84.333333  85.333333   9.108   4.667 0.000
 87.333333  88.333333  12.114   5.705 0.000
 90.333333  91.333333  15.068   6.742 0.000
 93.333333  94.333333  14.108   7.319 0.000
 96.333333  97.333333   7.665   3.737 0.000
 99.333333 100.333333   7.467   3.932 0.000
102.333333 103.333333   8.052   4.022 0.000
105.333333 106.333333   8.636   3.910 0.000
108.333333 109.333333   9.353   4.746 0.000
111.333333 112.333333  15.873   6.712 0.000
114.333333 115.333333  11.735   5.167 0.000
117.333333 118.333333  12.837   7.986 0.000
120.333333 121.333333  11.086   3.455 0.000
123.333333 124.333333   2.378   0.830 0.000
126.333333 127.333333   7.719   3.626 0.000
129.333333 130.333333  15.626   7.890 0.000
132.333333 133.333333  13.293   4.625 0.000
135.333333 136.333333  16.028   5.900 0.000
138.333333 139.333333   9.806   3.417 0.000
141.333333 142.333333  20.893   8.255 0.000
144.333333 145.333333  13.322   7.000 0.000
147.333333 148.333333  15.163   6.070 0.000
150.333333 151.333333  11.183   5.517 0.000
153.333333 154.333333   6.212   2.445 0.000
156.333333 157.333333   4.904   2.260 0.000
159.333333 160.333333   8.886   3.975 0.000
162.333333 163.333333   6.375   3.127 0.000
165.333333 166.333333   5.659   2.606 0.000
168.333333 169.333333  13.289   5.753 0.000
171.333333 172.333333 999.999 999.999 0.999
174.333333 175.333333  18.072   7.322 0.000
177.333333 178.333333  16.190   7.535 0.000
180.333333 181.333333  16.540   7.034 0.000
183.333333 184.333333  17.725   7.345 0.000
186.333333 187.333333  10.469   4.549 0.000
189.333333 190.333333  14.868   5.925 0.000
192.333333 193.333333  10.012   4.426 0.000
195.333333 196.333333  18.388   7.468 0.000
198.333333 199.333333  12.561   5.383 0.000
201.333333 202.333333  12.753   4.723 0.000
204.333333 205.333333 999.999 999.999 0.999
207.333333 208.333333 999.999 999.999 0.999
210.333333 211.333333  11.594   4.351 0.000
213.333333 214.333333   5.171   1.993 0.000
216.333333 217.333333   5.717   1.746 0.000
219.333333 220.333333  13.998   7.899 0.000
222.333333 223.333333  13.093   5.593 0.000
225.333333 226.333333  29.964  23.622 0.000
228.333333 229.333333  22.655  15.317 0.000
231.333333 232.333333  14.591   6.574 0.000
234.333333 235.333333  12.592   5.647 0.000
237.333333 238.333333  10.539   3.559 0.000
240.333333 241.333333  10.344   3.551 0.000
243.333333 244.333333  11.907   3.784 0.000
246.333333 247.333333  10.931   3.062 0.000
249.333333 250.333333   8.993   3.195 0.000
252.333333 253.333333  20.388   6.075 0.000
255.333333 256.333333   4.790   2.516 0.000
258.333333 259.333333   6.412   2.601 0.000
261.333333 262.333333  12.557   4.970 0.000
264.333333 265.333333  16.826   5.109 0.000
267.333333 268.333333  13.457   4.009 0.000
270.333333 271.333333  15.676   6.815 0.000
273.333333 274.333333  14.180   1.985 0.000
276.333333 277.333333  11.691   4.218 0.000
279.333333 280.333333  17.986   4.456 0.000
282.333333 283.333333  19.647   6.800 0.000
285.333333 286.333333   3.286   1.228 0.000
288.333333 289.333333   6.242   3.485 0.000
291.333333 292.333333   4.522   2.348 0.000
294.333333 295.333333   7.216   4.140 0.000
297.333333 298.333333   6.790   3.915 0.000
300.333333 301.333333   5.892   2.036 0.000
303.333333 304.333333   9.511   5.551 0.000
306.333333 307.333333  10.943   5.204 0.000
309.333333 310.333333   4.089   2.177 0.000
312.333333 313.333333   7.051   2.790 0.000
315.333333 316.333333  12.093   7.049 0.000
318.333333 319.333333   6.585   4.058 0.000
321.333333 322.333333   5.576   1.850 0.000
324.333333 325.333333   5.569   3.059 0.000
327.333333 328.333333   6.603   3.062 0.000
330.333333 331.333333   7.063   3.683 0.000
333.333333 334.333333   5.498   1.931 0.000
336.333333 337.333333  10.377   7.618 0.000
339.333333 340.333333  12.762   6.390 0.000
342.333333 343.333333   5.085   3.713 0.000
345.333333 346.333333   2.848   1.270 0.000
348.333333 349.333333   4.403   1.869 0.000
351.333333 352.333333   4.186   1.865 0.000
354.333333 355.333333   3.959   2.210 0.000
357.333333 358.333333 999.999 999.999 0.999
360.333333 361.333333 999.999 999.999 0.999
363.333333 364.333333   4.739   1.982 0.000
