scripts/IMPROVE-2019_partial/data/US0566R.20000101080000.20191216000000.filterpack..pm25.52w.1w.US03L_filterpack_US0566.US03L_IMPROVE_Davis.lev2.nas
64 1001
MISSING INFORMATION
US03L, IMPROVE, , , , , , , 
MISSING INFORMATION
IMPROVE sel_HTAP
1 1
2000 01 01 2019 12 16
0
days from file reference point
25
1 1 1 1 1 1 1 1 1 1 1 1 1 1 1 1 1 1 1 1 1 1 1 1 1
999.999999 9999.99 9.999999 99.99 9.999999999 9.999 9.999999999 9.99 9.999999999 9.999 9.999999 99.999 9.999 99.999 9.999 999.999 9.999 999.999 9.999 999.999 9.999 9.999 9.999999 99.999 9.999999
end_time of measurement, days from the file reference point
iron, ng/m3, Revision date=20181210133000
numflag iron, no unit, Revision date=20181210133000
lead, ng/m3, Revision date=20181210133000
numflag lead, no unit, Revision date=20181210133000
magnesium, ug/m3, Revision date=20181210133000
numflag magnesium, no unit, Revision date=20181210133000
nickel, ng/m3, Revision date=20181210133000
numflag nickel, no unit, Revision date=20181210133000
nitrate, ug N/m3, Revision date=20181210133000
numflag nitrate, no unit, Revision date=20181210133000
organic_carbon, ug C/m3, Revision date=20181210133000
numflag organic_carbon, no unit, Revision date=20181210133000
organic_mass, ug/m3, Revision date=20181210133000
numflag organic_mass, no unit, Revision date=20181210133000
pm10_mass, ug/m3, Version=2, Version description=Data extracted from http://views.cira.colostate.edu/fed/DataWizard 2019-12-16, Sample duration=1d, Orig. time res.=3d, Matrix=pm10, Blank correction=Blank corrected, Volume std. temperature=ambient, Volume std. pressure=ambient
numflag pm10_mass, no unit, Version=2, Version description=Data extracted from http://views.cira.colostate.edu/fed/DataWizard 2019-12-16, Sample duration=1d, Orig. time res.=3d, Matrix=pm10, Blank correction=Blank corrected, Volume std. temperature=ambient, Volume std. pressure=ambient
pm10_pm25_mass, ug/m3, Revision date=20181210133000, Matrix=pm10_pm25
numflag pm10_pm25_mass, no unit, Revision date=20181210133000, Matrix=pm10_pm25
pm25_mass, ug/m3, Version=2, Version description=Data extracted from http://views.cira.colostate.edu/fed/DataWizard 2019-12-16, Sample duration=1d, Orig. time res.=3d, Blank correction=Blank corrected, Volume std. temperature=ambient, Volume std. pressure=ambient
numflag pm25_mass, no unit, Version=2, Version description=Data extracted from http://views.cira.colostate.edu/fed/DataWizard 2019-12-16, Sample duration=1d, Orig. time res.=3d, Blank correction=Blank corrected, Volume std. temperature=ambient, Volume std. pressure=ambient
potassium, ug/m3, Revision date=20181210133000
numflag potassium, no unit, Revision date=20181210133000
sulphate_total, ug S/m3, Revision date=20181210133000
numflag sulphate_total, no unit, Revision date=20181210133000
0
25
Data definition:              EBAS_1.1
Set type code:                TI
Timezone:                     UTC
File name:                    US0566R.20000101080000.20191216000000.filterpack..pm25.52w.1w.US03L_filterpack_US0566.US03L_IMPROVE_Davis.lev2.nas
File creation:                20191218120243
Startdate:                    20000101080000
Revision date:                20191216000000
Statistics:                   arithmetic mean
Data level:                   2
Period code:                  52w
Resolution code:              1w
Station code:                 US0566R
Platform code:                US0566S
Station name:                 Pinnacles National Monument-Bear Valley (CA66)
Station latitude:             36.4834
Station longitude:            -121.157
Station altitude:             317.0 m
Regime:                       IMG
Component:                    
Matrix:                       pm25
Laboratory code:              US03L
Instrument type:              filterpack
Instrument name:              filterpack_US0566
Method ref:                   US03L_IMPROVE_Davis
starttime endtime Fe flag_Fe Pb flag_Pb Mg++ flag_Mg++ Ni flag_Ni NO3- flag_NO3- OC flag_OC OM flag_OM PM10 flag_PM10 PM10-PM2.5 flag_PM10-PM2.5 PM2.5 flag_PM2.5 K+ flag_K+ SO4-- flag_SO4--
[from data line 78]
270.333333 271.333333   29.68 0.000000  0.91 0.000000000 9.999 0.259000000 0.10 0.000000000 0.269 0.000000  0.808 0.000  1.132 0.000  14.604 0.000   8.520 0.000   6.084 0.000 0.036 0.000000  0.733 0.000000
273.333333 274.333333   77.37 0.000000  1.45 0.000000000 9.999 0.259000000 9.99 0.259000000 0.157 0.000000  2.794 0.000  3.911 0.000  22.465 0.000  12.486 0.000   9.979 0.000 0.096 0.000000  0.646 0.000000
276.333333 277.333333   20.06 0.394000  0.25 0.394000000 9.999 0.394259000 9.99 0.394259000 0.367 0.394000  0.593 0.000  0.831 0.000  17.222 0.000  10.814 0.000   6.408 0.000 0.043 0.394000  0.528 0.394000
279.333333 280.333333   41.01 0.000000  1.47 0.000000000 9.999 0.259000000 9.99 0.259000000 0.442 0.000000  1.325 0.000  1.855 0.000  19.608 0.000   9.317 0.000  10.290 0.000 0.050 0.000000  1.077 0.000000
282.333333 283.333333   13.87 0.000000  0.32 0.000000000 9.999 0.259000000 9.99 0.259000000 0.123 0.000000  0.820 0.000  1.148 0.000   7.843 0.000   3.265 0.000   4.578 0.000 0.024 0.000000  0.509 0.000000
285.333333 286.333333    7.65 0.000000  0.22 0.000000000 9.999 0.259000000 9.99 0.259000000 0.162 0.000000  0.607 0.000  0.850 0.000   6.454 0.000   3.628 0.000   2.826 0.000 0.019 0.000000  0.214 0.000000
288.333333 289.333333   21.44 0.000000  1.08 0.000000000 9.999 0.259000000 9.99 0.259000000 0.156 0.000000  1.641 0.000  2.298 0.000   9.110 0.000   3.201 0.000   5.909 0.000 0.036 0.000000  0.411 0.000000
291.333333 292.333333   48.92 0.000000  1.31 0.000000000 9.999 0.259000000 9.99 0.259000000 0.323 0.000000  1.950 0.000  2.730 0.000  13.727 0.000   6.512 0.000   7.215 0.000 0.057 0.000000  0.500 0.000000
294.333333 295.333333   17.80 0.000000  0.40 0.000000000 9.999 0.259000000 9.99 0.259000000 0.217 0.000000  0.840 0.000  1.176 0.000  10.941 0.000   7.124 0.000   3.818 0.000 0.038 0.000000  0.228 0.000000
297.333333 298.333333   65.20 0.000000  0.34 0.000000000 9.999 0.259000000 9.99 0.259000000 0.113 0.000000  0.790 0.000  1.106 0.000  17.796 0.000  12.951 0.000   4.845 0.000 0.054 0.000000  0.378 0.000000
300.333333 301.333333    6.56 0.000000  0.38 0.000000000 9.999 0.259000000 9.99 0.259000000 0.097 0.559000  0.728 0.000  1.020 0.000   4.548 0.000   2.671 0.000   1.878 0.000 0.009 0.000000  0.074 0.559000
303.333333 304.333333    2.85 0.000000 99.99 0.259000000 9.999 0.259000000 9.99 0.259000000 0.053 0.559000  0.231 0.000  0.323 0.000   4.914 0.000   3.042 0.000   1.872 0.000 0.015 0.000000  0.092 0.559000
306.333333 307.333333   25.59 0.000000  1.11 0.000000000 9.999 0.259000000 9.99 0.259000000 0.253 0.000000  2.246 0.000  3.145 0.000   8.783 0.000   2.764 0.000   6.019 0.000 0.048 0.000000  0.241 0.000000
309.333333 310.333333   13.40 0.000000  1.18 0.000000000 9.999 0.259000000 9.99 0.259000000 0.276 0.000000  1.341 0.000  1.878 0.000   7.067 0.000   2.098 0.000   4.969 0.000 0.036 0.000000  0.323 0.000000
312.333333 313.333333   12.37 0.000000  0.35 0.000000000 9.999 0.259000000 9.99 0.259000000 0.118 0.000000  1.013 0.000  1.418 0.000   8.596 0.000   4.690 0.000   3.906 0.000 0.055 0.000000  0.164 0.000000
315.333333 316.333333    9.85 0.000000  1.55 0.000000000 9.999 0.259000000 9.99 0.259000000 0.307 0.000000  2.916 0.000  4.082 0.000   8.947 0.000   1.566 0.000   7.380 0.000 0.069 0.000000  0.241 0.000000
318.333333 319.333333 9999.99 0.456000 99.99 0.456000000 9.999 0.456000000 9.99 0.456000000 9.999 0.456000 99.999 0.999 99.999 0.999 999.999 0.456 999.999 0.999 999.999 0.456 9.999 0.456000 99.999 0.456000
321.333333 322.333333 9999.99 0.456000 99.99 0.456000000 9.999 0.456000000 9.99 0.456000000 9.999 0.456000 99.999 0.999 99.999 0.999 999.999 0.456 999.999 0.999 999.999 0.456 9.999 0.456000 99.999 0.456000
324.333333 325.333333 9999.99 0.456000 99.99 0.456000000 9.999 0.456000000 9.99 0.456000000 9.999 0.456000 99.999 0.999 99.999 0.999 999.999 0.456 999.999 0.999 999.999 0.456 9.999 0.456000 99.999 0.456000
327.333333 328.333333   18.29 0.000000  1.98 0.000000000 9.999 0.259000000 9.99 0.259000000 0.877 0.559000  2.028 0.000  2.839 0.000   8.547 0.000 999.999 0.259   8.556 0.000 0.053 0.000000  0.264 0.559000
330.333333 331.333333   11.82 0.000000  1.66 0.000000000 9.999 0.259000000 9.99 0.259000000 0.378 0.559000  1.837 0.000  2.572 0.000   6.287 0.000   0.862 0.000   5.425 0.000 0.039 0.000000  0.260 0.559000
333.333333 334.333333    6.25 0.000000  0.40 0.000000000 9.999 0.259000000 9.99 0.259000000 0.128 0.000000  0.493 0.000  0.691 0.000   4.643 0.000   2.163 0.000   2.480 0.000 0.030 0.000000  0.191 0.000000
336.333333 337.333333   18.52 0.000000  1.29 0.000000000 9.999 0.259000000 9.99 0.259000000 0.211 0.000000  1.625 0.000  2.276 0.000   8.095 0.000   3.135 0.000   4.960 0.000 0.067 0.000000  0.240 0.000000
339.333333 340.333333   22.35 0.000000  9.69 0.000000000 0.037 0.000000000 9.99 0.259000000 0.033 0.000000  0.922 0.000  1.291 0.000   6.398 0.000   2.780 0.000   3.618 0.000 0.041 0.000000  0.273 0.000000
342.333333 343.333333   42.71 0.000000  2.43 0.000000000 9.999 0.259000000 0.44 0.000000000 0.489 0.000000  1.776 0.000  2.487 0.000   9.355 0.000   2.626 0.000   6.728 0.000 0.036 0.000000  0.348 0.000000
345.333333 346.333333    8.58 0.000000  0.72 0.000000000 9.999 0.259000000 0.21 0.000000000 0.784 0.000000  1.095 0.000  1.533 0.000   7.479 0.000   1.168 0.000   6.310 0.000 0.046 0.000000  0.279 0.000000
348.333333 349.333333    3.05 0.000000  0.54 0.000000000 9.999 0.259000000 0.08 0.000000000 0.077 0.000000  0.391 0.000  0.548 0.000   8.035 0.000   4.488 0.000   3.547 0.000 0.028 0.000000  0.215 0.000000
351.333333 352.333333    8.69 0.000000  1.03 0.000000000 9.999 0.259000000 9.99 0.259000000 0.093 0.000000  0.807 0.000  1.130 0.000   4.482 0.000   2.097 0.000   2.384 0.000 0.019 0.000000  0.203 0.000000
354.333333 355.333333   41.92 0.000000  1.18 0.000000000 9.999 0.259000000 0.06 0.000000000 0.119 0.000000  0.901 0.000  1.262 0.000   8.013 0.000   5.192 0.000   2.821 0.000 0.030 0.000000  0.144 0.000000
357.333333 358.333333   19.78 0.000000  1.21 0.000000000 9.999 0.259000000 0.25 0.000000000 0.616 0.000000  1.214 0.000  1.699 0.000  11.834 0.000   4.797 0.000   7.037 0.000 0.041 0.000000  0.302 0.000000
360.333333 361.333333   22.51 0.000000  0.73 0.000000000 9.999 0.259000000 9.99 0.259000000 0.100 0.000000  1.184 0.000  1.658 0.000   8.180 0.000   4.625 0.000   3.555 0.000 0.041 0.000000  0.187 0.000000
363.333333 364.333333   33.20 0.000000  1.30 0.000000000 9.999 0.259000000 0.21 0.000000000 0.434 0.000000  1.438 0.000  2.013 0.000   9.081 0.000   3.501 0.000   5.580 0.000 0.038 0.000000  0.140 0.000000
