scripts/IMPROVE-2019_partial/data/US0566R.19980103080000.20191216000000.filterpack...1y.3d.US03L_filterpack_US0566.US03L_IMPROVE_Davis.lev2.nas
51 1001
MISSING INFORMATION
US03L, IMPROVE, , , , , , , 
MISSING INFORMATION
IMPROVE sel_HTAP
1 1
1998 01 01 2019 12 16
0
days from file reference point
4
1 1 1 1
999.999999 999.999 999.999 9.999
end_time of measurement, days from the file reference point
pm10_mass, ug/m3, Matrix=pm10
pm25_mass, ug/m3, Matrix=pm25
numflag, no unit
0
33
Data definition:              EBAS_1.1
Set type code:                TI
Timezone:                     UTC
File name:                    US0566R.19980103080000.20191216000000.filterpack...1y.3d.US03L_filterpack_US0566.US03L_IMPROVE_Davis.lev2.nas
File creation:                20191218120243
Startdate:                    19980103080000
Revision date:                20191216000000
Version:                      2
Version description:          "Data extracted from http://views.cira.colostate.edu/fed/DataWizard 2019-12-16"
Statistics:                   arithmetic mean
Data level:                   2
Period code:                  1y
Resolution code:              3d
Sample duration:              1d
Orig. time res.:              3d
Station code:                 US0566R
Platform code:                US0566S
Station name:                 Pinnacles National Monument-Bear Valley (CA66)
Station latitude:             36.4834
Station longitude:            -121.157
Station altitude:             317.0 m
Regime:                       IMG
Component:                    
Unit:                         ug/m3
Matrix:                       
Laboratory code:              US03L
Instrument type:              filterpack
Instrument name:              filterpack_US0566
Method ref:                   US03L_IMPROVE_Davis
Blank correction:             Blank corrected
Volume std. temperature:      ambient
Volume std. pressure:         ambient
starttime endtime PM10 PM2.5 flag
  2.333333   3.333333   5.940   4.539 0.000
  6.333333   7.333333   2.753   1.728 0.000
  9.333333  10.333333   3.780   1.728 0.000
 13.333333  14.333333   7.325   4.882 0.000
 16.333333  17.333333   8.130   5.707 0.000
 20.333333  21.333333   5.270   3.847 0.000
 23.333333  24.333333  16.917   2.934 0.000
 27.333333  28.333333   9.435   3.522 0.000
 30.333333  31.333333   4.426   2.784 0.000
 34.333333  35.333333 999.999 999.999 0.999
 37.333333  38.333333 999.999 999.999 0.999
 41.333333  42.333333 999.999 999.999 0.999
 44.333333  45.333333 999.999 999.999 0.999
 48.333333  49.333333   5.030   2.304 0.000
 51.333333  52.333333   2.950   1.429 0.000
 55.333333  56.333333   6.720   3.190 0.000
 58.333333  59.333333  28.375   3.704 0.000
 62.333333  63.333333   5.117   4.328 0.000
 65.333333  66.333333   5.665   2.132 0.000
 69.333333  70.333333   8.472   3.684 0.000
 72.333333  73.333333   5.811   5.966 0.000
 76.333333  77.333333   9.096   6.180 0.000
 79.333333  80.333333  10.601   6.746 0.000
 83.333333  84.333333   3.883   1.828 0.000
 86.333333  87.333333  12.358   5.748 0.000
 90.333333  91.333333   4.454   1.430 0.000
 93.333333  94.333333   4.303   2.928 0.000
 97.333333  98.333333   9.700   3.869 0.000
100.333333 101.333333 999.999 999.999 0.999
104.333333 105.333333   4.893   5.305 0.000
107.333333 108.333333   9.355   5.362 0.000
111.333333 112.333333  14.323   8.257 0.000
114.333333 115.333333  12.314   7.816 0.000
118.333333 119.333333  34.943  16.550 0.000
121.333333 122.333333   6.944   3.636 0.000
125.333333 126.333333 999.999 999.999 0.999
128.333333 129.333333 999.999 999.999 0.999
132.333333 133.333333 999.999 999.999 0.999
135.333333 136.333333 999.999 999.999 0.999
139.333333 140.333333   8.991   3.407 0.000
142.333333 143.333333  13.268   7.626 0.000
146.333333 147.333333   1.985   1.382 0.000
149.333333 150.333333   7.736   3.977 0.000
153.333333 154.333333   5.519   2.934 0.000
156.333333 157.333333   3.765   2.315 0.000
160.333333 161.333333   6.019   2.198 0.000
163.333333 164.333333  11.360   4.534 0.000
167.333333 168.333333  16.359   7.450 0.000
170.333333 171.333333  14.354   6.976 0.000
174.333333 175.333333 999.999 999.999 0.999
177.333333 178.333333 999.999 999.999 0.999
181.333333 182.333333  11.703   6.152 0.000
184.333333 185.333333 999.999 999.999 0.999
188.333333 189.333333  11.880   6.825 0.000
191.333333 192.333333   6.909   3.606 0.000
195.333333 196.333333  12.030   5.267 0.000
198.333333 199.333333  19.150   9.259 0.000
202.333333 203.333333 999.999 999.999 0.999
205.333333 206.333333  15.625   7.004 0.000
209.333333 210.333333 999.999 999.999 0.999
212.333333 213.333333  16.336   7.683 0.000
216.333333 217.333333 999.999 999.999 0.999
219.333333 220.333333 999.999 999.999 0.999
223.333333 224.333333  19.004   7.911 0.000
226.333333 227.333333  14.262   6.401 0.000
230.333333 231.333333  11.377   5.657 0.000
233.333333 234.333333  18.174   8.464 0.000
237.333333 238.333333 999.999 999.999 0.999
240.333333 241.333333  16.325   7.746 0.000
244.333333 245.333333 999.999 999.999 0.999
247.333333 248.333333 999.999 999.999 0.999
251.333333 252.333333 999.999 999.999 0.999
254.333333 255.333333 999.999 999.999 0.999
258.333333 259.333333 999.999 999.999 0.999
261.333333 262.333333  11.548   4.436 0.000
265.333333 266.333333  14.643   7.500 0.000
268.333333 269.333333 999.999 999.999 0.999
272.333333 273.333333   9.416   3.563 0.000
275.333333 276.333333  12.460   4.438 0.000
279.333333 280.333333 999.999 999.999 0.999
282.333333 283.333333  13.536   5.787 0.000
286.333333 287.333333 999.999 999.999 0.999
289.333333 290.333333  20.248   6.014 0.000
293.333333 294.333333  20.910   7.007 0.000
296.333333 297.333333 999.999 999.999 0.999
300.333333 301.333333  10.696   5.792 0.000
303.333333 304.333333  14.567   7.098 0.000
307.333333 308.333333  13.440   7.968 0.000
310.333333 311.333333   7.721   3.596 0.000
314.333333 315.333333   7.335   3.025 0.000
317.333333 318.333333  12.770   7.657 0.000
321.333333 322.333333   7.920   5.452 0.000
324.333333 325.333333 999.999 999.999 0.999
328.333333 329.333333 999.999 999.999 0.999
331.333333 332.333333   7.292   3.503 0.000
335.333333 336.333333  12.076   3.749 0.000
338.333333 339.333333 999.999 999.999 0.999
342.333333 343.333333 999.999 999.999 0.999
345.333333 346.333333  14.318   5.271 0.000
349.333333 350.333333   5.787   2.565 0.000
352.333333 353.333333  11.548   6.851 0.000
356.333333 357.333333   9.196   5.500 0.000
359.333333 360.333333 999.999 999.999 0.999
363.333333 364.333333  12.209  11.361 0.000
