scripts/IMPROVE-2019_partial/data/US0566R.20020102080000.20191216000000.filterpack..pm25.52w.1w.US03L_filterpack_US0566.US03L_IMPROVE_Davis.lev2.nas
66 1001
MISSING INFORMATION
US03L, IMPROVE, , , , , , , 
MISSING INFORMATION
IMPROVE sel_HTAP
1 1
2002 01 01 2019 12 16
3.000000
days from file reference point
27
1 1 1 1 1 1 1 1 1 1 1 1 1 1 1 1 1 1 1 1 1 1 1 1 1 1 1
999.999999 9999.99 9.999999 99.99 9.999999 9.999 9.999999999 99.99 9.999999 99.999 9.999999 99.999 9.999 999.999 9.999 999.99 9.999999999 999.999 9.999 999.999 9.999 999.999 9.999 9.999 9.999999 99.999 9.999999
end_time of measurement, days from the file reference point
iron, ng/m3, Revision date=20181210133000
numflag iron, no unit, Revision date=20181210133000
lead, ng/m3, Revision date=20181210133000
numflag lead, no unit, Revision date=20181210133000
magnesium, ug/m3, Revision date=20181210133000
numflag magnesium, no unit, Revision date=20181210133000
nickel, ng/m3, Revision date=20181210133000
numflag nickel, no unit, Revision date=20181210133000
nitrate, ug N/m3, Revision date=20181210133000
numflag nitrate, no unit, Revision date=20181210133000
organic_carbon, ug C/m3, Revision date=20181210133000
numflag organic_carbon, no unit, Revision date=20181210133000
organic_mass, ug/m3, Revision date=20181210133000
numflag organic_mass, no unit, Revision date=20181210133000
phosphorus, ng/m3, Revision date=20181210133000
numflag phosphorus, no unit, Revision date=20181210133000
pm10_mass, ug/m3, Version=2, Version description=Data extracted from http://views.cira.colostate.edu/fed/DataWizard 2019-12-16, Sample duration=1d, Orig. time res.=3d, Matrix=pm10, Blank correction=Blank corrected, Volume std. temperature=ambient, Volume std. pressure=ambient
numflag pm10_mass, no unit, Version=2, Version description=Data extracted from http://views.cira.colostate.edu/fed/DataWizard 2019-12-16, Sample duration=1d, Orig. time res.=3d, Matrix=pm10, Blank correction=Blank corrected, Volume std. temperature=ambient, Volume std. pressure=ambient
pm10_pm25_mass, ug/m3, Revision date=20181210133000, Matrix=pm10_pm25
numflag pm10_pm25_mass, no unit, Revision date=20181210133000, Matrix=pm10_pm25
pm25_mass, ug/m3, Version=2, Version description=Data extracted from http://views.cira.colostate.edu/fed/DataWizard 2019-12-16, Sample duration=1d, Orig. time res.=3d, Blank correction=Blank corrected, Volume std. temperature=ambient, Volume std. pressure=ambient
numflag pm25_mass, no unit, Version=2, Version description=Data extracted from http://views.cira.colostate.edu/fed/DataWizard 2019-12-16, Sample duration=1d, Orig. time res.=3d, Blank correction=Blank corrected, Volume std. temperature=ambient, Volume std. pressure=ambient
potassium, ug/m3, Revision date=20181210133000
numflag potassium, no unit, Revision date=20181210133000
sulphate_total, ug S/m3, Revision date=20181210133000
numflag sulphate_total, no unit, Revision date=20181210133000
0
25
Data definition:              EBAS_1.1
Set type code:                TU
Timezone:                     UTC
File name:                    US0566R.20020102080000.20191216000000.filterpack..pm25.52w.1w.US03L_filterpack_US0566.US03L_IMPROVE_Davis.lev2.nas
File creation:                20191218120243
Startdate:                    20020102080000
Revision date:                20191216000000
Statistics:                   arithmetic mean
Data level:                   2
Period code:                  52w
Resolution code:              1w
Station code:                 US0566R
Platform code:                US0566S
Station name:                 Pinnacles National Monument-Bear Valley (CA66)
Station latitude:             36.4834
Station longitude:            -121.157
Station altitude:             317.0 m
Regime:                       IMG
Component:                    
Matrix:                       pm25
Laboratory code:              US03L
Instrument type:              filterpack
Instrument name:              filterpack_US0566
Method ref:                   US03L_IMPROVE_Davis
starttime endtime Fe flag_Fe Pb flag_Pb Mg++ flag_Mg++ Ni flag_Ni NO3- flag_NO3- OC flag_OC OM flag_OM P flag_P PM10 flag_PM10 PM10-PM2.5 flag_PM10-PM2.5 PM2.5 flag_PM2.5 K+ flag_K+ SO4-- flag_SO4--
  1.333333   2.333333    0.90 0.559000  0.20 0.559000 9.999 0.559259000 99.99 0.559259  0.015 0.559000  0.166 0.000   0.233 0.000 999.99 0.559259000   2.288 0.000   1.654 0.000   0.634 0.559 0.006 0.559000  0.051 0.559000
  4.333333   5.333333    3.85 0.559000 99.99 0.559259 9.999 0.559259000 99.99 0.559259  0.035 0.559000  0.658 0.000   0.922 0.000 999.99 0.559259000   4.109 0.000   2.156 0.000   1.953 0.559 0.015 0.559000  0.164 0.559000
  7.333333   8.333333   13.74 0.559000  1.43 0.559000 9.999 0.559259000 99.99 0.559259  0.099 0.559000  0.672 0.000   0.942 0.000 999.99 0.559259000   5.095 0.000   2.744 0.000   2.351 0.559 0.021 0.559000  0.108 0.559000
 10.333333  11.333333    5.04 0.559000  0.98 0.559000 9.999 0.559259000 99.99 0.559259  0.030 0.559000  0.734 0.000   1.028 0.000 999.99 0.559259000   3.205 0.000   1.448 0.000   1.757 0.559 0.012 0.559000  0.095 0.559000
 13.333333  14.333333   14.49 0.559000  2.05 0.559000 9.999 0.559259000  0.16 0.559000  1.187 0.559000  1.784 0.000   2.497 0.000 999.99 0.559259000  13.478 0.000   1.470 0.000  12.008 0.559 0.029 0.559000  0.457 0.559000
 16.333333  17.333333   12.27 0.559000  1.10 0.559000 9.999 0.559259000 99.99 0.559259  0.903 0.000000  1.732 0.000   2.424 0.000 999.99 0.559259000  12.607 0.000   3.052 0.000   9.556 0.559 0.041 0.559000  0.327 0.000000
 19.333333  20.333333 9999.99 0.999000 99.99 0.999000 9.999 0.999000000 99.99 0.999000 99.999 0.999000 99.999 0.999 999.999 0.999 999.99 0.999000000 999.999 0.999 999.999 0.999 999.999 0.999 9.999 0.999000 99.999 0.999000
 22.333333  23.333333 9999.99 0.999000 99.99 0.999000 9.999 0.999000000 99.99 0.999000 99.999 0.999000 99.999 0.999 999.999 0.999 999.99 0.999000000 999.999 0.999 999.999 0.999 999.999 0.999 9.999 0.999000 99.999 0.999000
 25.333333  26.333333    9.85 0.559000  1.19 0.559000 9.999 0.559259000 99.99 0.559259  0.067 0.559000  1.337 0.000   1.872 0.000 999.99 0.559259000   4.643 0.000   1.600 0.000   3.043 0.559 0.030 0.559000  0.067 0.559000
 28.333333  29.333333    5.25 0.559000  0.67 0.559000 9.999 0.559259000 99.99 0.559259  0.146 0.000000  0.682 0.000   0.955 0.000 999.99 0.559259000   2.359 0.000   0.545 0.000   1.814 0.559 0.011 0.559000  0.063 0.000000
 31.333333  32.333333   11.25 0.559000  1.15 0.559000 9.999 0.559259000 99.99 0.559259  0.603 0.000000  1.229 0.000   1.721 0.000 999.99 0.559259000   6.655 0.000   1.144 0.000   5.511 0.559 0.037 0.559000  0.090 0.000000
 34.333333  35.333333    7.87 0.559000  0.81 0.559000 9.999 0.559259000  0.08 0.559000  0.204 0.000000  1.156 0.000   1.618 0.000 999.99 0.559259000   4.849 0.000   1.198 0.000   3.651 0.559 0.022 0.559000  0.123 0.000000
 37.333333  38.333333    5.64 0.559000  0.61 0.559000 9.999 0.559259000 99.99 0.559259  0.023 0.559000  0.646 0.000   0.905 0.000 999.99 0.559259000   2.466 0.000   1.235 0.000   1.230 0.559 0.013 0.559000  0.049 0.559000
 40.333333  41.333333   69.49 0.559000  1.05 0.559000 9.999 0.559259000 99.99 0.559259  0.053 0.000000  0.728 0.000   1.019 0.000 999.99 0.559259000  10.930 0.000   8.299 0.000   2.631 0.559 0.041 0.559000  0.089 0.000000
 43.333333  44.333333   54.56 0.559000  2.08 0.559000 9.999 0.559259000  0.17 0.559000  0.598 0.559000  1.801 0.000   2.522 0.000 999.99 0.559259000  13.273 0.000   5.885 0.000   7.387 0.559 0.042 0.559000  0.267 0.559000
 46.333333  47.333333    9.14 0.559000  0.76 0.559000 9.999 0.559259000  0.17 0.559000  0.132 0.559000  0.566 0.000   0.792 0.000 999.99 0.559259000   6.082 0.000   3.050 0.000   3.031 0.559 0.024 0.559000  0.277 0.559000
 49.333333  50.333333    1.82 0.559000  0.39 0.559000 9.999 0.559259000 99.99 0.559259  0.028 0.559000  0.333 0.000   0.466 0.000 999.99 0.559259000   2.941 0.000   1.879 0.000   1.062 0.559 0.010 0.559000  0.045 0.559000
 52.333333  53.333333   20.81 0.559000  1.25 0.559000 9.999 0.559259000  0.17 0.559000  0.112 0.559000  1.092 0.000   1.529 0.000 999.99 0.559259000   7.149 0.000   3.552 0.000   3.597 0.559 0.030 0.559000  0.210 0.559000
 55.333333  56.333333   11.31 0.559000  0.89 0.559000 9.999 0.559259000 99.99 0.559259  0.030 0.559000  0.902 0.000   1.263 0.000 999.99 0.559259000   3.595 0.000   1.234 0.000   2.361 0.559 0.025 0.559000  0.091 0.559000
 58.333333  59.333333   26.36 0.559000  1.30 0.559000 9.999 0.559259000 99.99 0.559259  0.157 0.559000  1.569 0.000   2.197 0.000 999.99 0.559259000   7.273 0.000   3.129 0.000   4.144 0.559 0.031 0.559000  0.152 0.559000
 61.333333  62.333333   95.83 0.559000  1.29 0.559000 9.999 0.559259000  0.22 0.559000  0.285 0.559000  2.127 0.000   2.978 0.000 999.99 0.559259000  20.012 0.000  12.793 0.000   7.219 0.559 0.119 0.559000  0.270 0.559000
 64.333333  65.333333   19.50 0.559000  0.41 0.559000 9.999 0.559259000  0.38 0.559000  0.088 0.559000  0.330 0.000   0.461 0.000 999.99 0.559259000   5.678 0.000   3.706 0.000   1.972 0.559 0.023 0.559000  0.162 0.559000
 67.333333  68.333333   13.64 0.559000  0.86 0.559000 9.999 0.559259000 99.99 0.559259  0.211 0.559000  0.973 0.000   1.362 0.000 999.99 0.559259000   5.958 0.000   2.982 0.000   2.976 0.559 0.026 0.559000  0.138 0.559000
 70.333333  71.333333   32.17 0.559000  1.85 0.559000 9.999 0.559259000  0.34 0.559000  0.252 0.559000  0.672 0.000   0.940 0.000 999.99 0.559259000   9.692 0.000   5.445 0.000   4.247 0.559 0.038 0.559000  0.289 0.559000
 73.333333  74.333333   33.30 0.559000  0.98 0.559000 9.999 0.559259000  0.29 0.559000  0.086 0.000000  0.413 0.000   0.578 0.000  13.79 0.559000000   8.095 0.000   4.871 0.000   3.224 0.559 0.039 0.559000  0.213 0.000000
 76.333333  77.333333    7.96 0.559000  0.52 0.559000 9.999 0.559259000  0.22 0.559000  0.176 0.000000  0.657 0.000   0.919 0.000 999.99 0.559259000   3.698 0.000   1.374 0.000   2.324 0.559 0.017 0.559000  0.121 0.000000
 79.333333  80.333333   24.16 0.559000  1.09 0.559000 9.999 0.559259000  0.38 0.559000  0.123 0.000000  0.689 0.000   0.964 0.000 999.99 0.559259000   7.312 0.000   3.978 0.000   3.334 0.559 0.031 0.559000  0.261 0.000000
 82.333333  83.333333    6.55 0.559000  0.56 0.559000 9.999 0.559259000 99.99 0.559259  0.041 0.000000  0.434 0.000   0.608 0.000 999.99 0.559259000   4.044 0.000   2.185 0.000   1.859 0.559 0.018 0.559000  0.105 0.000000
 85.333333  86.333333   31.40 0.559000  1.45 0.559000 9.999 0.559259000  0.34 0.559000  0.125 0.000000  1.211 0.000   1.695 0.000 999.99 0.559259000   7.312 0.000   3.702 0.000   3.610 0.559 0.026 0.559000  0.179 0.000000
 88.333333  89.333333  126.53 0.559000  3.56 0.559000 9.999 0.559259000  0.51 0.559000  0.168 0.000000  3.536 0.000   4.951 0.000 999.99 0.559259000  16.830 0.000   6.427 0.000  10.403 0.559 0.134 0.559000  0.585 0.000000
 91.333333  92.333333   52.82 0.559000  1.82 0.559000 9.999 0.559259000  0.85 0.559000  0.251 0.000000  1.433 0.000   2.006 0.000 999.99 0.559259000  12.136 0.000   4.478 0.000   7.658 0.559 0.080 0.559000  0.731 0.000000
 94.333333  95.333333   30.54 0.559000  0.96 0.559000 9.999 0.559259000  0.26 0.559000  0.087 0.559000  0.535 0.000   0.749 0.000 999.99 0.559259000   6.985 0.000   3.859 0.000   3.126 0.559 0.041 0.559000  0.255 0.559000
 97.333333  98.333333   20.72 0.559000  2.06 0.559000 9.999 0.559259000  0.28 0.559000  0.162 0.559000  1.149 0.000   1.608 0.000 999.99 0.559259000   7.761 0.000   3.425 0.000   4.337 0.559 0.029 0.559000  0.289 0.559000
100.333333 101.333333   32.07 0.559000  0.86 0.559000 9.999 0.559259000  0.30 0.559000  0.130 0.000000  0.526 0.000   0.736 0.000 999.99 0.559259000   6.944 0.000   4.492 0.000   2.453 0.559 0.021 0.559000  0.148 0.000000
103.333333 104.333333   48.52 0.559000  1.40 0.559000 9.999 0.559259000  0.27 0.559000  0.081 0.000000  1.149 0.000   1.608 0.000 999.99 0.559259000   9.503 0.000   5.114 0.000   4.389 0.559 0.046 0.559000  0.256 0.000000
106.333333 107.333333   85.94 0.559000  0.37 0.559000 9.999 0.559259000 99.99 0.559259  0.041 0.559000  0.189 0.000   0.264 0.000 999.99 0.559259000   8.170 0.000   5.111 0.000   3.059 0.559 0.054 0.559000  0.120 0.559000
109.333333 110.333333   51.04 0.559000  0.88 0.559000 9.999 0.559259000  0.32 0.559000  0.211 0.559000  1.363 0.000   1.908 0.000 999.99 0.559259000  14.752 0.000   7.282 0.000   7.470 0.559 0.081 0.559000  0.422 0.559000
112.333333 113.333333  118.80 0.559000  2.56 0.559000 9.999 0.559259000  0.56 0.559000  0.271 0.000000  1.416 0.000   1.983 0.000 999.99 0.559259000  20.657 0.000  11.339 0.000   9.318 0.559 0.085 0.559000  0.811 0.000000
115.333333 116.333333   35.12 0.559000  1.17 0.559000 9.999 0.559259000  0.38 0.559000  0.086 0.000000  0.350 0.000   0.490 0.000 999.99 0.559259000  12.286 0.000   6.786 0.000   5.500 0.559 0.049 0.559000  0.474 0.000000
118.333333 119.333333   28.86 0.559000  0.95 0.559000 9.999 0.559259000 99.99 0.559259  0.096 0.000000  0.547 0.000   0.766 0.000 999.99 0.559259000   5.474 0.000   2.525 0.000   2.949 0.559 0.031 0.559000  0.234 0.000000
121.333333 122.333333   26.76 0.559000  0.86 0.559000 9.999 0.559259000 99.99 0.559259  0.159 0.559000  0.732 0.000   1.025 0.000 999.99 0.559259000   8.252 0.000   4.283 0.000   3.968 0.559 0.037 0.559000  0.370 0.559000
124.333333 125.333333   81.70 0.559000  1.39 0.559000 9.999 0.559259000  0.27 0.559000  0.244 0.559000  1.386 0.000   1.940 0.000 999.99 0.559259000  14.092 0.000   7.120 0.000   6.972 0.559 0.075 0.559000  0.426 0.559000
127.333333 128.333333   32.81 0.559000  0.67 0.559000 9.999 0.559259000  0.28 0.559000  0.218 0.559000  0.966 0.000   1.352 0.000 999.99 0.559259000  13.154 0.000   8.021 0.000   5.133 0.559 0.037 0.559000  0.254 0.559000
130.333333 131.333333   44.41 0.559000  1.07 0.559000 9.999 0.559259000  0.32 0.559000  0.159 0.559000  1.583 0.000   2.217 0.000 999.99 0.559259000  12.337 0.000   6.682 0.000   5.654 0.559 0.054 0.559000  0.268 0.559000
133.333333 134.333333   40.05 0.559000  0.71 0.559000 0.068 0.559000000  0.34 0.559000  0.287 0.559000  0.839 0.000   1.174 0.000 999.99 0.559259000  13.102 0.000   7.883 0.000   5.219 0.559 0.046 0.559000  0.324 0.559000
136.333333 137.333333   44.59 0.559000  0.77 0.559000 9.999 0.559259000  0.54 0.559000  0.367 0.559000  0.992 0.000   1.389 0.000 999.99 0.559259000  16.975 0.000  10.226 0.000   6.749 0.559 0.057 0.559000  0.404 0.559000
139.333333 140.333333    3.60 0.559000 99.99 0.559259 9.999 0.559259000  0.18 0.559000  0.021 0.559000  0.203 0.000   0.285 0.000 999.99 0.559259000   4.167 0.000   2.431 0.000   1.736 0.559 0.013 0.559000  0.122 0.559000
142.333333 143.333333   20.44 0.559000  0.86 0.559000 9.999 0.559259000  0.28 0.559000  0.090 0.559000  0.756 0.000   1.059 0.000 999.99 0.559259000   6.904 0.000   4.165 0.000   2.739 0.559 0.017 0.559000  0.176 0.559000
145.333333 146.333333   19.29 0.559000  0.84 0.559000 9.999 0.559259000  0.93 0.559000  0.185 0.559000  1.193 0.000   1.670 0.000 999.99 0.559259000  10.913 0.000   4.795 0.000   6.118 0.559 0.041 0.559000  0.726 0.559000
148.333333 149.333333   56.58 0.559000  0.96 0.559000 9.999 0.559259000  0.19 0.559000  0.041 0.559000  1.077 0.000   1.508 0.000 999.99 0.559259000  18.843 0.000  15.577 0.000   3.266 0.559 0.030 0.559000  0.136 0.559000
151.333333 152.333333   15.14 0.559000  0.67 0.559000 0.047 0.559000000  0.42 0.559000  0.320 0.559000  0.985 0.000   1.379 0.000 999.99 0.559259000  17.834 0.000   8.953 0.000   8.881 0.559 0.088 0.559000  0.634 0.559000
154.333333 155.333333   30.64 0.559000  0.80 0.559000 0.037 0.559000000  0.23 0.559000  0.268 0.559000  1.240 0.000   1.736 0.000 999.99 0.559259000  16.194 0.000   9.950 0.000   6.244 0.559 0.038 0.559000  0.346 0.559000
157.333333 158.333333   43.96 0.559000  1.01 0.559000 9.999 0.559259000  0.40 0.559000  0.492 0.559000  1.107 0.000   1.549 0.000 999.99 0.559259000  24.796 0.000  13.445 0.000  11.351 0.559 0.097 0.559000  0.379 0.559000
160.333333 161.333333   30.04 0.559000  0.33 0.559000 9.999 0.559259000 99.99 0.559259  0.062 0.559000  1.043 0.000   1.460 0.000   4.27 0.559000000  10.519 0.000   7.297 0.000   3.222 0.559 0.027 0.559000  0.134 0.559000
163.333333 164.333333   50.89 0.559000  1.00 0.559000 9.999 0.559259000  0.49 0.559000  0.307 0.559000  0.862 0.000   1.206 0.000 999.99 0.559259000  17.485 0.000  10.346 0.000   7.139 0.559 0.061 0.559000  0.762 0.559000
166.333333 167.333333   24.95 0.559000  1.01 0.559000 9.999 0.559259000 99.99 0.559259  0.168 0.000000  0.719 0.000   1.007 0.000 999.99 0.559259000  10.335 0.000   6.657 0.000   3.678 0.559 0.027 0.559000  0.317 0.000000
169.333333 170.333333   23.67 0.559000  0.37 0.559000 9.999 0.559259000  0.44 0.559000  0.186 0.559000  0.710 0.000   0.994 0.000 999.99 0.559259000  10.437 0.000   6.465 0.000   3.972 0.559 0.026 0.559000  0.274 0.559000
172.333333 173.333333   14.30 0.559000  0.75 0.559000 9.999 0.559259000  0.31 0.559000  0.071 0.559000  0.704 0.000   0.986 0.000 999.99 0.559259000   7.189 0.000   3.841 0.000   3.349 0.559 0.017 0.559000  0.292 0.559000
175.333333 176.333333   29.36 0.559000  0.42 0.559000 9.999 0.559259000 99.99 0.559259  0.140 0.000000  0.862 0.000   1.207 0.000 999.99 0.559259000  11.947 0.000   7.305 0.000   4.641 0.559 0.026 0.559000  0.541 0.000000
178.333333 179.333333   16.36 0.559000  0.67 0.559000 9.999 0.559259000  0.32 0.559000  0.122 0.000000  0.545 0.000   0.764 0.000 999.99 0.559259000   8.109 0.000   5.188 0.000   2.921 0.559 0.012 0.559000  0.271 0.000000
181.333333 182.333333   28.43 0.559000  0.78 0.559000 9.999 0.559259000  0.47 0.559000  0.140 0.559000  1.095 0.000   1.533 0.000 999.99 0.559259000  13.154 0.000   7.801 0.000   5.352 0.559 0.032 0.559000  0.474 0.559000
184.333333 185.333333   17.13 0.559000  0.39 0.559000 9.999 0.559259000 99.99 0.559259  0.260 0.000000  0.823 0.000   1.153 0.000 999.99 0.559259000  14.137 0.000   7.952 0.000   6.185 0.559 0.049 0.559000  0.398 0.000000
187.333333 188.333333   16.04 0.559000  0.68 0.559000 0.055 0.559000000 99.99 0.559259  0.082 0.000000  0.508 0.000   0.712 0.000   3.94 0.559000000   7.277 0.000   5.072 0.000   2.205 0.559 0.034 0.559000  0.136 0.000000
190.333333 191.333333 9999.99 0.999000 99.99 0.999000 9.999 0.999000000 99.99 0.999000 99.999 0.999000 99.999 0.999 999.999 0.999 999.99 0.999000000 999.999 0.999 999.999 0.999 999.999 0.999 9.999 0.999000 99.999 0.999000
193.333333 194.333333   28.78 0.559000  0.63 0.559000 9.999 0.559259000  0.49 0.559000  0.080 0.559000  0.824 0.000   1.154 0.000 999.99 0.559259000  12.949 0.000   7.917 0.000   5.033 0.559 0.028 0.559000  0.650 0.559000
196.333333 197.333333   19.64 0.559000  0.23 0.559000 0.062 0.559000000  0.48 0.559000  0.177 0.000000  0.481 0.000   0.674 0.000 999.99 0.559259000  11.808 0.000   7.008 0.000   4.800 0.559 0.032 0.559000  0.621 0.000000
199.333333 200.333333   17.58 0.559000  0.21 0.559000 9.999 0.559259000  0.19 0.559000  0.069 0.000000  0.543 0.000   0.760 0.000 999.99 0.559259000   8.177 0.000   5.082 0.000   3.096 0.559 0.019 0.559000  0.266 0.000000
202.333333 203.333333   22.85 0.559000  0.76 0.559000 9.999 0.559259000  0.26 0.559000  0.130 0.000000  0.624 0.000   0.874 0.000 999.99 0.559259000  11.311 0.000   6.765 0.000   4.546 0.559 0.026 0.559000  0.455 0.000000
205.333333 206.333333   25.59 0.559394  0.61 0.559394 9.999 0.559394259  0.33 0.559394  0.112 0.559394  0.683 0.000   0.956 0.000 999.99 0.559394259  12.317 0.000   8.317 0.000   3.999 0.559 0.018 0.559394  0.370 0.559394
208.333333 209.333333   14.65 0.559000  0.35 0.559000 9.999 0.559259000  0.49 0.559000  0.084 0.559000  0.759 0.000   1.062 0.000 999.99 0.559259000  10.706 0.000   5.595 0.000   5.111 0.559 0.015 0.559000  0.688 0.559000
211.333333 212.333333   19.09 0.559000  0.37 0.559000 0.043 0.559000000  0.57 0.559000  0.059 0.559000  1.331 0.000   1.863 0.000 999.99 0.559259000  12.410 0.000   6.389 0.000   6.020 0.559 0.033 0.559000  0.598 0.559000
214.333333 215.333333    6.00 0.559000  0.32 0.559000 9.999 0.559259000  0.34 0.559000  0.139 0.559000  1.906 0.000   2.668 0.000 999.99 0.559259000   9.780 0.000   3.756 0.000   6.024 0.559 0.028 0.559000  0.316 0.559000
