scripts/IMPROVE-2019_partial/data/US0596R.19980103080000.20191216000000.filterpack...1y.3d.US03L_filterpack_US0596.US03L_IMPROVE_Davis.lev2.nas
51 1001
MISSING INFORMATION
US03L, IMPROVE, , , , , , , 
MISSING INFORMATION
IMPROVE sel_HTAP
1 1
1998 01 01 2019 12 16
0
days from file reference point
4
1 1 1 1
999.999999 999.999 999.999 9.999
end_time of measurement, days from the file reference point
pm10_mass, ug/m3, Matrix=pm10
pm25_mass, ug/m3, Matrix=pm25
numflag, no unit
0
33
Data definition:              EBAS_1.1
Set type code:                TI
Timezone:                     UTC
File name:                    US0596R.19980103080000.20191216000000.filterpack...1y.3d.US03L_filterpack_US0596.US03L_IMPROVE_Davis.lev2.nas
File creation:                20191218120255
Startdate:                    19980103080000
Revision date:                20191216000000
Version:                      2
Version description:          "Data extracted from http://views.cira.colostate.edu/fed/DataWizard 2019-12-16"
Statistics:                   arithmetic mean
Data level:                   2
Period code:                  1y
Resolution code:              3d
Sample duration:              1d
Orig. time res.:              3d
Station code:                 US0596R
Platform code:                US0596S
Station name:                 Lassen Volcanic National Park-Manzanita Lake
Station latitude:             40.539
Station longitude:            -121.5772
Station altitude:             1754.0 m
Regime:                       IMG
Component:                    
Unit:                         ug/m3
Matrix:                       
Laboratory code:              US03L
Instrument type:              filterpack
Instrument name:              filterpack_US0596
Method ref:                   US03L_IMPROVE_Davis
Blank correction:             Blank corrected
Volume std. temperature:      ambient
Volume std. pressure:         ambient
starttime endtime PM10 PM2.5 flag
  2.333333   3.333333   2.137   2.284 0.000
  6.333333   7.333333   3.661   0.589 0.000
  9.333333  10.333333   2.340   0.868 0.000
 13.333333  14.333333 999.999 999.999 0.259
 16.333333  17.333333 999.999 999.999 0.999
 20.333333  21.333333 999.999 999.999 0.999
 23.333333  24.333333 999.999 999.999 0.999
 27.333333  28.333333   0.998   0.983 0.000
 30.333333  31.333333   1.458   1.345 0.000
 34.333333  35.333333  10.666   0.782 0.000
 37.333333  38.333333   5.072   0.657 0.000
 41.333333  42.333333   1.547   1.168 0.000
 44.333333  45.333333   0.906   0.623 0.000
 48.333333  49.333333 999.999 999.999 0.999
 51.333333  52.333333 999.999 999.999 0.999
 55.333333  56.333333 999.999 999.999 0.999
 58.333333  59.333333 999.999 999.999 0.999
 62.333333  63.333333   0.668   0.713 0.000
 65.333333  66.333333   3.567   1.333 0.000
 69.333333  70.333333   3.567   0.837 0.000
 72.333333  73.333333  10.913   3.968 0.000
 76.333333  77.333333   8.296   2.190 0.000
 79.333333  80.333333  10.760   2.671 0.000
 83.333333  84.333333   1.020   0.412 0.000
 86.333333  87.333333   1.556   0.568 0.000
 90.333333  91.333333   1.412   1.103 0.000
 93.333333  94.333333   1.890 999.999 0.000
 97.333333  98.333333 999.999 999.999 0.999
100.333333 101.333333 999.999 999.999 0.999
104.333333 105.333333   2.875   2.019 0.000
107.333333 108.333333   9.222   6.361 0.000
111.333333 112.333333 999.999  12.792 0.000
114.333333 115.333333   5.638   2.163 0.000
118.333333 119.333333  26.829  15.760 0.000
121.333333 122.333333   5.811   1.147 0.000
125.333333 126.333333   1.765   0.379 0.000
128.333333 129.333333   0.691   0.532 0.000
132.333333 133.333333   0.797   0.789 0.000
135.333333 136.333333   1.897   1.064 0.000
139.333333 140.333333   1.389   1.046 0.000
142.333333 143.333333   6.299   4.672 0.000
146.333333 147.333333   9.899   5.808 0.000
149.333333 150.333333   9.549   5.843 0.000
153.333333 154.333333 999.999 999.999 0.999
156.333333 157.333333   7.679   3.457 0.000
160.333333 161.333333  10.051   4.630 0.000
163.333333 164.333333  11.289   3.110 0.000
167.333333 168.333333   2.595   1.431 0.000
170.333333 171.333333   6.104   4.386 0.000
174.333333 175.333333  10.055   7.006 0.000
177.333333 178.333333   5.245   2.028 0.000
181.333333 182.333333   7.198   5.224 0.000
184.333333 185.333333  12.912   5.216 0.000
188.333333 189.333333   8.138   8.097 0.000
191.333333 192.333333  10.308   6.614 0.000
195.333333 196.333333 999.999   3.233 0.000
198.333333 199.333333   7.229   4.370 0.000
202.333333 203.333333   9.400   6.179 0.000
205.333333 206.333333  10.557   8.121 0.000
209.333333 210.333333   6.662   4.600 0.000
212.333333 213.333333   3.737   2.784 0.000
216.333333 217.333333   5.769   4.215 0.000
219.333333 220.333333   9.446   5.715 0.000
223.333333 224.333333   6.561   4.846 0.000
226.333333 227.333333  11.775   5.988 0.000
230.333333 231.333333  15.217   9.655 0.000
233.333333 234.333333  17.697   7.797 0.000
237.333333 238.333333   6.425   5.690 0.000
240.333333 241.333333 999.999 999.999 0.999
244.333333 245.333333   6.123   6.176 0.000
247.333333 248.333333  16.811  10.401 0.000
251.333333 252.333333   7.454   5.525 0.000
254.333333 255.333333   3.818   3.487 0.000
258.333333 259.333333   5.737   3.771 0.000
261.333333 262.333333   2.114   0.860 0.000
265.333333 266.333333   9.208   6.386 0.000
268.333333 269.333333   4.096   3.503 0.000
272.333333 273.333333   7.817   6.322 0.000
275.333333 276.333333   5.540 999.999 0.000
279.333333 280.333333   8.385   5.278 0.000
282.333333 283.333333  18.056  17.034 0.000
286.333333 287.333333   4.197   3.257 0.000
289.333333 290.333333   3.716   2.796 0.000
293.333333 294.333333   6.641   3.614 0.000
296.333333 297.333333   4.588   3.030 0.000
300.333333 301.333333   3.686 999.999 0.000
303.333333 304.333333   2.755   2.746 0.000
307.333333 308.333333   4.345   4.167 0.000
310.333333 311.333333 999.999 999.999 0.999
314.333333 315.333333 999.999   2.071 0.000
317.333333 318.333333   8.749   5.543 0.000
321.333333 322.333333   5.189   2.588 0.000
324.333333 325.333333   2.731   1.856 0.000
328.333333 329.333333   7.219   1.839 0.000
331.333333 332.333333   7.847   0.698 0.000
335.333333 336.333333 999.999 999.999 0.259
338.333333 339.333333   0.537   0.379 0.000
342.333333 343.333333   1.074   0.688 0.000
345.333333 346.333333   3.605   1.296 0.000
349.333333 350.333333   0.975 999.999 0.000
352.333333 353.333333   1.951   1.298 0.000
356.333333 357.333333   0.931 999.999 0.000
359.333333 360.333333   5.625 999.999 0.000
363.333333 364.333333   7.793   3.768 0.000
