scripts/IMPROVE-2019_partial/data/US0567R.20060102080000.20191216000000.filterpack.pm10_mass.pm10.52w.3d.US03L_filterpack_US0567_2.US03L_IMPROVE_Davis.lev2.nas
50 1001
MISSING INFORMATION
US03L, IMPROVE, , , , , , , 
MISSING INFORMATION
IMPROVE sel_HTAP
1 1
2006 01 01 2019 12 16
3.000000
days from file reference point
3
1 1 1
999.999999 999.999 9.999
end_time of measurement, days from the file reference point
pm10_mass, ug/m3
numflag pm10_mass, no unit
0
33
Data definition:              EBAS_1.1
Set type code:                TU
Timezone:                     UTC
File name:                    US0567R.20060102080000.20191216000000.filterpack.pm10_mass.pm10.52w.3d.US03L_filterpack_US0567_2.US03L_IMPROVE_Davis.lev2.nas
File creation:                20191218120251
Startdate:                    20060102080000
Revision date:                20191216000000
Version:                      2
Version description:          "Data extracted from http://views.cira.colostate.edu/fed/DataWizard 2019-12-16"
Statistics:                   arithmetic mean
Data level:                   2
Period code:                  52w
Resolution code:              3d
Sample duration:              1d
Orig. time res.:              3d
Station code:                 US0567R
Platform code:                US0567S
Station name:                 Joshua Tree National Park-Black Rock
Station latitude:             34.0695
Station longitude:            -116.3889
Station altitude:             1239.0 m
Regime:                       IMG
Component:                    pm10_mass
Unit:                         ug/m3
Matrix:                       pm10
Laboratory code:              US03L
Instrument type:              filterpack
Instrument name:              filterpack_US0567_2
Method ref:                   US03L_IMPROVE_Davis
Blank correction:             Blank corrected
Volume std. temperature:      ambient
Volume std. pressure:         ambient
starttime endtime PM10 flag_PM10
  1.333333   2.333333   5.198 0.000
  4.333333   5.333333   2.433 0.000
  7.333333   8.333333   8.380 0.000
 10.333333  11.333333  15.262 0.000
 13.333333  14.333333   7.857 0.000
 16.333333  17.333333   5.955 0.000
 19.333333  20.333333   3.625 0.000
 22.333333  23.333333   5.163 0.000
 25.333333  26.333333  14.657 0.000
 28.333333  29.333333  10.665 0.000
 31.333333  32.333333  17.846 0.000
 34.333333  35.333333   9.453 0.000
 37.333333  38.333333   3.939 0.000
 40.333333  41.333333   7.353 0.000
 43.333333  44.333333   6.353 0.000
 46.333333  47.333333   9.419 0.000
 49.333333  50.333333   1.737 0.000
 52.333333  53.333333   4.262 0.000
 55.333333  56.333333   9.280 0.000
 58.333333  59.333333   2.115 0.000
 61.333333  62.333333   3.200 0.000
 64.333333  65.333333   4.290 0.000
 67.333333  68.333333   9.984 0.000
 70.333333  71.333333   1.980 0.000
 73.333333  74.333333  10.143 0.000
 76.333333  77.333333   3.436 0.000
 79.333333  80.333333   4.566 0.000
 82.333333  83.333333   8.981 0.000
 85.333333  86.333333   7.753 0.000
 88.333333  89.333333   6.597 0.000
 91.333333  92.333333   7.441 0.000
 94.333333  95.333333   1.856 0.000
 97.333333  98.333333   3.809 0.000
100.333333 101.333333   4.276 0.000
103.333333 104.333333   6.376 0.000
106.333333 107.333333  10.004 0.000
109.333333 110.333333   9.384 0.000
112.333333 113.333333   6.439 0.000
115.333333 116.333333  11.837 0.000
118.333333 119.333333  14.723 0.000
121.333333 122.333333   8.529 0.000
124.333333 125.333333  14.678 0.000
127.333333 128.333333  20.944 0.000
130.333333 131.333333  22.229 0.000
133.333333 134.333333  18.628 0.000
136.333333 137.333333  23.295 0.000
139.333333 140.333333   4.319 0.000
142.333333 143.333333   8.175 0.000
145.333333 146.333333  14.613 0.000
148.333333 149.333333  13.827 0.000
151.333333 152.333333  21.555 0.000
154.333333 155.333333  18.437 0.000
157.333333 158.333333  21.481 0.000
160.333333 161.333333   9.745 0.000
163.333333 164.333333  11.319 0.000
166.333333 167.333333  12.591 0.000
169.333333 170.333333  15.628 0.000
172.333333 173.333333  20.267 0.000
175.333333 176.333333  33.995 0.000
178.333333 179.333333  22.870 0.000
181.333333 182.333333  20.678 0.000
184.333333 185.333333  13.190 0.000
187.333333 188.333333  29.793 0.000
190.333333 191.333333  18.849 0.000
193.333333 194.333333  18.833 0.000
196.333333 197.333333  97.345 0.000
199.333333 200.333333  19.409 0.000
202.333333 203.333333  13.704 0.000
205.333333 206.333333  31.547 0.000
208.333333 209.333333  21.294 0.000
211.333333 212.333333  11.950 0.000
214.333333 215.333333  17.969 0.000
217.333333 218.333333  11.209 0.000
220.333333 221.333333 999.999 0.999
223.333333 224.333333   7.765 0.000
226.333333 227.333333   5.551 0.000
229.333333 230.333333   8.336 0.000
232.333333 233.333333  10.902 0.000
235.333333 236.333333  15.563 0.000
238.333333 239.333333  10.442 0.000
241.333333 242.333333  21.764 0.000
244.333333 245.333333  17.055 0.000
247.333333 248.333333  14.760 0.000
250.333333 251.333333  13.985 0.000
253.333333 254.333333   6.637 0.000
256.333333 257.333333  19.947 0.000
259.333333 260.333333   5.415 0.000
262.333333 263.333333  14.979 0.000
265.333333 266.333333   6.583 0.000
268.333333 269.333333   8.977 0.000
271.333333 272.333333  11.103 0.000
274.333333 275.333333   5.139 0.000
277.333333 278.333333   6.265 0.000
280.333333 281.333333   8.875 0.000
283.333333 284.333333  10.654 0.000
286.333333 287.333333   5.758 0.000
289.333333 290.333333  10.718 0.000
292.333333 293.333333   3.543 0.000
295.333333 296.333333   6.056 0.000
298.333333 299.333333   7.617 0.000
301.333333 302.333333  17.992 0.000
304.333333 305.333333  15.686 0.000
307.333333 308.333333  12.532 0.000
310.333333 311.333333   5.941 0.000
313.333333 314.333333   8.785 0.000
316.333333 317.333333   9.875 0.000
319.333333 320.333333   9.750 0.000
322.333333 323.333333   6.502 0.000
325.333333 326.333333   5.890 0.000
328.333333 329.333333  17.327 0.000
331.333333 332.333333  11.449 0.000
334.333333 335.333333   3.876 0.000
337.333333 338.333333   3.349 0.000
340.333333 341.333333   4.508 0.000
343.333333 344.333333 999.999 0.999
346.333333 347.333333   3.659 0.000
349.333333 350.333333   5.072 0.000
352.333333 353.333333   6.685 0.000
355.333333 356.333333  13.565 0.000
358.333333 359.333333   2.970 0.000
361.333333 362.333333  37.964 0.000
364.333333 365.333333  14.381 0.000
