scripts/IMPROVE-2019_partial/data/US0596R.20050101080000.20191216000000.filterpack..pm25.52w.1w.US03L_filterpack_US0596.US03L_IMPROVE_Davis.lev2.nas
64 1001
MISSING INFORMATION
US03L, IMPROVE, , , , , , , 
MISSING INFORMATION
IMPROVE sel_HTAP
1 1
2005 01 01 2019 12 16
3.000000
days from file reference point
25
1 1 1 1 1 1 1 1 1 1 1 1 1 1 1 1 1 1 1 1 1 1 1 1 1
999.999999 9999.99 9.999 99.99 9.999999 9.999 9.999999 9.99 9.999999 9.999 9.999 99.999 9.999 99.999 9.999 999.999 9.999 999.999 9.999 99.999 9.999 9.999 9.999 9.999 9.999
end_time of measurement, days from the file reference point
iron, ng/m3, Revision date=20181210133000
numflag iron, no unit, Revision date=20181210133000
lead, ng/m3, Revision date=20181210133000
numflag lead, no unit, Revision date=20181210133000
magnesium, ug/m3, Revision date=20181210133000
numflag magnesium, no unit, Revision date=20181210133000
nickel, ng/m3, Revision date=20181210133000
numflag nickel, no unit, Revision date=20181210133000
nitrate, ug N/m3, Revision date=20181210133000
numflag nitrate, no unit, Revision date=20181210133000
organic_carbon, ug C/m3, Revision date=20181210133000
numflag organic_carbon, no unit, Revision date=20181210133000
organic_mass, ug/m3, Revision date=20181210133000
numflag organic_mass, no unit, Revision date=20181210133000
pm10_mass, ug/m3, Version=2, Version description=Data extracted from http://views.cira.colostate.edu/fed/DataWizard 2019-12-16, Sample duration=1d, Orig. time res.=3d, Matrix=pm10, Blank correction=Blank corrected, Volume std. temperature=ambient, Volume std. pressure=ambient
numflag pm10_mass, no unit, Version=2, Version description=Data extracted from http://views.cira.colostate.edu/fed/DataWizard 2019-12-16, Sample duration=1d, Orig. time res.=3d, Matrix=pm10, Blank correction=Blank corrected, Volume std. temperature=ambient, Volume std. pressure=ambient
pm10_pm25_mass, ug/m3, Revision date=20181210133000, Matrix=pm10_pm25
numflag pm10_pm25_mass, no unit, Revision date=20181210133000, Matrix=pm10_pm25
pm25_mass, ug/m3, Version=2, Version description=Data extracted from http://views.cira.colostate.edu/fed/DataWizard 2019-12-16, Sample duration=1d, Orig. time res.=3d, Blank correction=Blank corrected, Volume std. temperature=ambient, Volume std. pressure=ambient
numflag pm25_mass, no unit, Version=2, Version description=Data extracted from http://views.cira.colostate.edu/fed/DataWizard 2019-12-16, Sample duration=1d, Orig. time res.=3d, Blank correction=Blank corrected, Volume std. temperature=ambient, Volume std. pressure=ambient
potassium, ug/m3, Revision date=20181210133000
numflag potassium, no unit, Revision date=20181210133000
sulphate_total, ug S/m3, Revision date=20181210133000
numflag sulphate_total, no unit, Revision date=20181210133000
0
25
Data definition:              EBAS_1.1
Set type code:                TU
Timezone:                     UTC
File name:                    US0596R.20050101080000.20191216000000.filterpack..pm25.52w.1w.US03L_filterpack_US0596.US03L_IMPROVE_Davis.lev2.nas
File creation:                20191218120257
Startdate:                    20050101080000
Revision date:                20191216000000
Statistics:                   arithmetic mean
Data level:                   2
Period code:                  52w
Resolution code:              1w
Station code:                 US0596R
Platform code:                US0596S
Station name:                 Lassen Volcanic National Park-Manzanita Lake
Station latitude:             40.539
Station longitude:            -121.5772
Station altitude:             1754.0 m
Regime:                       IMG
Component:                    
Matrix:                       pm25
Laboratory code:              US03L
Instrument type:              filterpack
Instrument name:              filterpack_US0596
Method ref:                   US03L_IMPROVE_Davis
starttime endtime Fe flag_Fe Pb flag_Pb Mg++ flag_Mg++ Ni flag_Ni NO3- flag_NO3- OC flag_OC OM flag_OM PM10 flag_PM10 PM10-PM2.5 flag_PM10-PM2.5 PM2.5 flag_PM2.5 K+ flag_K+ SO4-- flag_SO4--
  0.333333   1.333333    0.57 0.000  0.36 0.000000 0.005 0.000000 9.99 0.259000 0.004 0.000  0.027 0.000  0.049 0.000   1.241 0.000   1.088 0.000  0.153 0.000 0.002 0.000 0.019 0.000
  3.333333   4.333333    3.80 0.000  0.69 0.000000 9.999 0.259000 9.99 0.259000 0.039 0.000  0.256 0.000  0.461 0.000   1.482 0.000   0.289 0.000  1.197 0.000 0.009 0.000 0.128 0.000
  6.333333   7.333333    1.39 0.000  0.35 0.000000 9.999 0.259000 0.16 0.000000 0.025 0.000  0.081 0.000  0.145 0.000   0.703 0.000   0.300 0.000  0.404 0.000 0.005 0.000 0.030 0.000
  9.333333  10.333333    0.84 0.000  0.28 0.000000 9.999 0.259000 9.99 0.259000 0.005 0.000  0.039 0.000  0.069 0.000   0.331 0.000   0.178 0.000  0.152 0.000 0.002 0.000 0.018 0.000
 12.333333  13.333333    8.98 0.000  0.32 0.000000 9.999 0.259000 9.99 0.259000 0.004 0.000  0.077 0.000  0.138 0.000   0.701 0.000   0.400 0.000  0.301 0.000 0.007 0.000 0.026 0.000
 15.333333  16.333333    6.46 0.000  0.37 0.000000 9.999 0.259000 0.11 0.000000 0.006 0.000  0.127 0.000  0.228 0.000   0.697 0.000   0.190 0.000  0.507 0.000 0.010 0.000 0.040 0.000
 18.333333  19.333333    3.28 0.000  0.14 0.000000 9.999 0.259000 9.99 0.259000 0.003 0.000  0.167 0.000  0.301 0.000   0.939 0.000   0.462 0.000  0.477 0.000 0.010 0.000 0.045 0.000
 21.333333  22.333333    5.04 0.000  0.45 0.000000 0.007 0.000000 9.99 0.259000 0.004 0.000  0.289 0.000  0.520 0.000   1.230 0.000   0.541 0.000  0.689 0.000 0.014 0.000 0.040 0.000
 24.333333  25.333333    7.84 0.000  0.76 0.000000 9.999 0.259000 0.18 0.000000 0.039 0.000  0.381 0.000  0.685 0.000   2.905 0.000   0.512 0.000  2.400 0.000 0.019 0.000 0.307 0.000
 27.333333  28.333333    0.88 0.000  0.20 0.000000 9.999 0.259000 0.10 0.000000 0.019 0.000  0.087 0.000  0.156 0.000   1.276 0.000   0.546 0.000  0.730 0.000 0.005 0.000 0.033 0.000
 30.333333  31.333333   12.37 0.000  0.64 0.000000 9.999 0.259000 0.09 0.000000 0.009 0.000  0.135 0.000  0.243 0.000   1.432 0.000   0.715 0.000  0.717 0.000 0.011 0.000 0.051 0.000
 33.333333  34.333333    6.57 0.000  0.38 0.000000 9.999 0.259000 9.99 0.259000 0.001 0.000  0.421 0.000  0.757 0.000   1.548 0.000   0.707 0.000  0.841 0.000 0.008 0.000 0.038 0.000
 36.333333  37.333333    7.44 0.000  0.59 0.000000 9.999 0.259000 0.13 0.000000 0.014 0.000  0.381 0.000  0.686 0.000   1.979 0.000   0.664 0.000  1.315 0.000 0.012 0.000 0.044 0.000
 39.333333  40.333333   12.38 0.000  0.45 0.000000 9.999 0.259000 0.13 0.000000 0.071 0.000  0.554 0.000  0.997 0.000   2.381 0.000   0.320 0.000  2.061 0.000 0.011 0.000 0.116 0.000
 42.333333  43.333333   14.91 0.000  0.86 0.000000 9.999 0.259000 0.16 0.000000 0.101 0.000  1.057 0.000  1.902 0.000   3.940 0.000   0.593 0.000  3.346 0.000 0.023 0.000 0.142 0.000
 45.333333  46.333333    4.26 0.000  0.50 0.000000 9.999 0.259000 0.10 0.000000 0.031 0.000  0.206 0.000  0.371 0.000   0.819 0.000 999.999 0.259  0.939 0.000 0.005 0.000 0.066 0.000
 48.333333  49.333333    8.14 0.000  0.57 0.000000 9.999 0.259000 9.99 0.259000 0.014 0.000  0.520 0.000  0.937 0.000   1.355 0.000   0.198 0.000  1.157 0.000 0.008 0.000 0.104 0.000
 51.333333  52.333333    1.12 0.000  0.29 0.000000 0.008 0.000000 0.17 0.000000 0.002 0.000  0.066 0.000  0.118 0.000   0.408 0.000   0.166 0.000  0.242 0.000 0.002 0.000 0.016 0.000
 54.333333  55.333333    6.55 0.000 99.99 0.259000 0.009 0.000000 9.99 0.259000 0.017 0.000  0.461 0.000  0.830 0.000   1.888 0.000   0.311 0.000  1.577 0.000 0.007 0.000 0.132 0.000
 57.333333  58.333333    4.60 0.000  0.34 0.000000 0.013 0.000000 9.99 0.259000 0.038 0.000  0.177 0.000  0.319 0.000   1.066 0.000   0.432 0.000  0.635 0.000 0.007 0.000 0.062 0.000
 60.333333  61.333333    1.25 0.000  0.33 0.000000 9.999 0.259000 9.99 0.259000 0.005 0.000  0.191 0.000  0.344 0.000   0.491 0.000   0.189 0.000  0.302 0.000 0.002 0.000 0.015 0.000
 63.333333  64.333333    9.12 0.000  0.48 0.000000 9.999 0.259000 9.99 0.259000 0.007 0.000  0.329 0.000  0.592 0.000   1.793 0.000   0.835 0.000  0.958 0.000 0.010 0.000 0.073 0.000
 66.333333  67.333333   19.24 0.000  0.89 0.000000 9.999 0.259000 9.99 0.259000 0.007 0.000  0.652 0.000  1.174 0.000   2.970 0.000   1.088 0.000  1.895 0.000 0.025 0.000 0.090 0.000
 69.333333  70.333333   29.47 0.000  0.47 0.000000 9.999 0.259000 9.99 0.259000 0.009 0.000  0.550 0.000  0.990 0.000   3.856 0.000   1.696 0.000  2.160 0.000 0.025 0.000 0.077 0.000
 72.333333  73.333333   39.45 0.000  1.55 0.000000 0.012 0.000000 9.99 0.259000 0.012 0.000  0.355 0.000  0.638 0.000   4.659 0.000   2.178 0.000  2.481 0.000 0.031 0.000 0.179 0.000
 75.333333  76.333333   73.13 0.456  2.17 0.456000 9.999 0.456259 9.99 0.456259 0.095 0.000  0.955 0.000  1.719 0.000  10.237 0.000 999.999 0.456 99.999 0.456 0.059 0.456 0.350 0.000
 78.333333  79.333333    1.87 0.000  0.44 0.000000 9.999 0.259000 9.99 0.259000 0.003 0.000  0.057 0.000  0.102 0.000   0.741 0.000   0.435 0.000  0.305 0.000 0.003 0.000 0.022 0.000
 81.333333  82.333333    3.65 0.000  0.53 0.000000 9.999 0.259000 9.99 0.259000 0.009 0.000  0.110 0.000  0.199 0.000   0.741 0.000   0.313 0.000  0.428 0.000 0.004 0.000 0.041 0.000
 84.333333  85.333333    6.18 0.000  0.40 0.000000 9.999 0.259000 9.99 0.259000 0.014 0.000  0.143 0.000  0.257 0.000   1.230 0.000   0.417 0.000  0.813 0.000 0.008 0.000 0.069 0.000
 87.333333  88.333333    2.74 0.000  0.52 0.000000 0.009 0.000000 9.99 0.259000 0.013 0.000  0.157 0.000  0.283 0.000   1.275 0.000   0.277 0.000  1.002 0.000 0.007 0.000 0.109 0.000
 90.333333  91.333333   16.53 0.000  1.32 0.000000 9.999 0.259000 9.99 0.259000 0.069 0.000  0.653 0.000  1.176 0.000   3.560 0.000   0.826 0.000  2.734 0.000 0.020 0.000 0.238 0.000
 93.333333  94.333333    5.59 0.000  0.70 0.000000 9.999 0.259000 9.99 0.259000 0.008 0.000  0.071 0.000  0.128 0.000   1.640 0.000   0.460 0.000  1.180 0.000 0.010 0.000 0.190 0.000
 96.333333  97.333333   17.66 0.000  0.99 0.000000 9.999 0.259000 9.99 0.259000 0.216 0.000  0.188 0.000  0.338 0.000   3.092 0.000   1.196 0.000  1.896 0.000 0.016 0.000 0.229 0.000
 99.333333 100.333333   55.56 0.000  3.30 0.000000 9.999 0.259000 9.99 0.259000 0.027 0.000  0.365 0.000  0.658 0.000   7.159 0.000   3.513 0.000  3.646 0.000 0.060 0.000 0.434 0.000
102.333333 103.333333    3.60 0.394 99.99 0.394259 9.999 0.394259 9.99 0.394259 0.016 0.394  0.281 0.000  0.505 0.000   1.283 0.000   0.563 0.000  0.727 0.000 0.009 0.394 0.062 0.394
105.333333 106.333333   36.00 0.000  1.25 0.000000 0.012 0.000000 9.99 0.259000 0.052 0.000  0.799 0.000  1.438 0.000   5.105 0.000   1.612 0.000  3.493 0.000 0.038 0.000 0.153 0.000
108.333333 109.333333   10.40 0.000  0.53 0.000000 9.999 0.259000 9.99 0.259000 0.026 0.000  0.250 0.000  0.450 0.000   1.803 0.000   0.719 0.000  1.094 0.000 0.008 0.000 0.098 0.000
111.333333 112.333333   77.96 0.000  1.01 0.000000 0.024 0.000000 0.13 0.000000 0.156 0.000  0.961 0.000  1.730 0.000   8.802 0.000   4.081 0.000  4.720 0.000 0.050 0.000 0.271 0.000
114.333333 115.333333   18.30 0.394  0.55 0.394000 0.010 0.394000 9.99 0.394259 0.057 0.394  0.439 0.000  0.789 0.000   3.446 0.000   1.282 0.000  2.182 0.000 0.017 0.394 0.178 0.394
117.333333 118.333333   22.60 0.000  0.76 0.000000 0.008 0.000000 0.16 0.000000 0.133 0.000  0.283 0.000  0.510 0.000   2.821 0.000   0.699 0.000  2.122 0.000 0.018 0.000 0.243 0.000
120.333333 121.333333   24.61 0.000  1.10 0.000000 9.999 0.259000 9.99 0.259000 0.052 0.000  0.177 0.000  0.319 0.000   2.870 0.000   1.085 0.000  1.785 0.000 0.018 0.000 0.196 0.000
123.333333 124.333333   40.53 0.000  1.32 0.000000 9.999 0.259000 9.99 0.259000 0.030 0.000  0.177 0.000  0.319 0.000   5.840 0.000   3.446 0.000  2.393 0.000 0.031 0.000 0.292 0.000
126.333333 127.333333   12.10 0.000  0.67 0.000000 9.999 0.259000 0.15 0.000000 0.109 0.000  0.441 0.000  0.793 0.000   3.945 0.000   2.045 0.000  1.900 0.000 0.012 0.000 0.222 0.000
129.333333 130.333333 9999.99 0.999 99.99 0.999000 9.999 0.999000 9.99 0.999000 9.999 0.999 99.999 0.999 99.999 0.999 999.999 0.999 999.999 0.999 99.999 0.999 9.999 0.999 9.999 0.999
132.333333 133.333333   28.04 0.000  0.75 0.000000 9.999 0.259000 0.13 0.000000 0.016 0.000  0.691 0.000  1.243 0.000   8.890 0.000   6.438 0.000  2.451 0.000 0.030 0.000 0.180 0.000
135.333333 136.333333   10.31 0.000  0.88 0.000000 9.999 0.259000 9.99 0.259000 0.016 0.000  0.207 0.000  0.374 0.000   4.885 0.000   3.921 0.000  0.964 0.000 0.013 0.000 0.157 0.000
138.333333 139.333333   13.96 0.000  0.59 0.000000 0.011 0.000000 0.14 0.000000 0.040 0.000  0.282 0.000  0.508 0.000   3.854 0.000   2.015 0.000  1.839 0.000 0.018 0.000 0.165 0.000
141.333333 142.333333    9.71 0.000  0.48 0.000000 9.999 0.259000 0.14 0.000000 0.008 0.000  0.328 0.000  0.590 0.000   2.321 0.000   1.451 0.000  0.869 0.000 0.008 0.000 0.070 0.000
144.333333 145.333333   36.21 0.000  0.96 0.000000 0.014 0.000000 9.99 0.259000 0.036 0.000  1.483 0.000  2.669 0.000   7.325 0.000   2.957 0.000  4.367 0.000 0.028 0.000 0.197 0.000
147.333333 148.333333   32.65 0.000  0.68 0.000000 9.999 0.259000 9.99 0.259000 0.052 0.000  1.184 0.000  2.130 0.000   7.763 0.000   3.262 0.000  4.500 0.000 0.035 0.000 0.296 0.000
150.333333 151.333333   27.22 0.000  0.87 0.000000 9.999 0.259000 9.99 0.259000 0.021 0.000  1.255 0.000  2.258 0.000   6.867 0.000   2.693 0.000  4.209 0.000 0.022 0.000 0.273 0.000
153.333333 154.333333   19.03 0.000  0.37 0.000000 9.999 0.259000 9.99 0.259000 0.010 0.000  0.837 0.000  1.506 0.000   4.144 0.000   1.497 0.000  2.647 0.000 0.014 0.000 0.139 0.000
156.333333 157.333333   24.35 0.000  0.26 0.000000 9.999 0.259000 9.99 0.259000 0.015 0.000  0.246 0.000  0.442 0.000   6.317 0.000   4.733 0.000  1.583 0.000 0.009 0.000 0.096 0.000
159.333333 160.333333    1.18 0.000  0.23 0.000000 9.999 0.259000 0.05 0.000000 0.003 0.000  0.383 0.000  0.689 0.000   0.889 0.000   0.403 0.000  0.486 0.000 0.003 0.000 0.020 0.000
162.333333 163.333333   11.69 0.000  0.35 0.000000 9.999 0.259000 9.99 0.259000 0.013 0.000  0.331 0.000  0.596 0.000   2.505 0.000   1.047 0.000  1.458 0.000 0.014 0.000 0.129 0.000
165.333333 166.333333   34.57 0.000  0.63 0.000000 9.999 0.259000 9.99 0.259000 0.109 0.000  1.117 0.000  2.010 0.000   7.933 0.000   3.734 0.000  4.199 0.000 0.034 0.000 0.223 0.000
168.333333 169.333333    2.08 0.000  0.18 0.000000 9.999 0.259000 9.99 0.259000 0.045 0.000  0.132 0.000  0.237 0.000   2.267 0.000   0.806 0.000  1.461 0.000 0.006 0.000 0.148 0.000
171.333333 172.333333   21.24 0.000  0.49 0.000000 9.999 0.259000 9.99 0.259000 0.126 0.000  0.900 0.000  1.621 0.000   8.257 0.000   3.328 0.000  4.929 0.000 0.026 0.000 0.439 0.000
174.333333 175.333333   36.30 0.000  0.57 0.000000 9.999 0.259000 0.15 0.000000 0.103 0.000  1.710 0.000  3.079 0.000  11.334 0.000   3.848 0.000  7.485 0.000 0.043 0.000 0.620 0.000
177.333333 178.333333   28.07 0.000  0.85 0.000000 9.999 0.259000 9.99 0.259000 0.046 0.000  0.763 0.000  1.373 0.000   6.679 0.000   3.149 0.000  3.530 0.000 0.018 0.000 0.307 0.000
180.333333 181.333333   45.70 0.000  0.33 0.000000 9.999 0.259000 9.99 0.259000 0.007 0.000  1.097 0.000  1.975 0.000   8.100 0.000   5.233 0.000  2.867 0.000 0.017 0.000 0.095 0.000
183.333333 184.333333   30.47 0.000  0.89 0.000000 9.999 0.259000 0.10 0.000000 0.051 0.000  1.487 0.000  2.676 0.000   9.138 0.000   4.620 0.000  4.518 0.000 0.029 0.000 0.256 0.000
186.333333 187.333333   86.22 0.000  0.90 0.000000 9.999 0.259000 9.99 0.259000 0.024 0.000  1.039 0.000  1.871 0.000  10.609 0.000   6.492 0.000  4.116 0.000 0.092 0.000 0.189 0.000
189.333333 190.333333   47.60 0.000  1.08 0.000000 9.999 0.259000 9.99 0.259000 0.069 0.000  0.774 0.000  1.394 0.000  10.058 0.000   6.021 0.000  4.041 0.000 0.022 0.000 0.379 0.000
192.333333 193.333333   33.16 0.000  0.44 0.000000 9.999 0.259000 9.99 0.259000 0.008 0.000  0.620 0.000  1.116 0.000   4.845 0.000   3.029 0.000  1.830 0.000 0.013 0.000 0.083 0.000
195.333333 196.333333   92.21 0.000  0.65 0.000000 9.999 0.259000 0.09 0.000000 0.024 0.000  1.364 0.000  2.455 0.000  12.468 0.000   6.913 0.000  5.559 0.000 0.038 0.000 0.367 0.000
198.333333 199.333333  132.76 0.000  0.45 0.000000 9.999 0.259000 9.99 0.259000 0.014 0.000  1.300 0.000  2.341 0.000  17.974 0.000  12.479 0.000  5.495 0.000 0.037 0.000 0.360 0.000
201.333333 202.333333  353.23 0.000  1.00 0.000000 0.025 0.000000 9.99 0.259000 0.015 0.000  1.486 0.000  2.675 0.000  32.848 0.000  24.333 0.000  8.515 0.000 0.060 0.000 0.401 0.000
204.333333 205.333333   49.40 0.000  0.44 0.000000 9.999 0.259000 9.99 0.259000 0.012 0.000  1.123 0.000  2.021 0.000   9.941 0.000   6.548 0.000  3.397 0.000 0.023 0.000 0.161 0.000
207.333333 208.333333  102.54 0.000  0.54 0.000000 0.013 0.000000 9.99 0.259000 0.041 0.000  1.627 0.000  2.929 0.000  13.450 0.000   7.816 0.000  5.633 0.000 0.044 0.000 0.222 0.000
210.333333 211.333333   40.34 0.000  0.69 0.000000 9.999 0.259000 9.99 0.259000 0.021 0.000  0.982 0.000  1.767 0.000   8.263 0.000   4.063 0.000  4.200 0.000 0.031 0.000 0.390 0.000
213.333333 214.333333   33.47 0.000  0.54 0.000000 9.999 0.259000 0.05 0.000000 0.008 0.000  0.501 0.000  0.901 0.000   4.536 0.000   2.534 0.000  2.032 0.000 0.018 0.000 0.111 0.000
216.333333 217.333333   97.01 0.000  0.60 0.000000 9.999 0.259000 9.99 0.259000 0.018 0.000  1.191 0.000  2.144 0.000  11.028 0.000   6.425 0.000  4.603 0.000 0.032 0.000 0.223 0.000
219.333333 220.333333   59.45 0.000  0.64 0.000000 9.999 0.259000 9.99 0.259000 0.014 0.000  0.971 0.000  1.748 0.000   9.320 0.000   5.306 0.000  4.014 0.000 0.027 0.000 0.251 0.000
222.333333 223.333333   59.93 0.000  0.44 0.000000 0.008 0.000000 9.99 0.259000 0.016 0.000  1.095 0.000  1.971 0.000   6.503 0.000   3.120 0.000  3.382 0.000 0.041 0.000 0.126 0.000
225.333333 226.333333   53.80 0.000  0.63 0.000000 9.999 0.259000 9.99 0.259000 0.020 0.000  1.976 0.000  3.557 0.000   9.697 0.000   4.572 0.000  5.124 0.000 0.056 0.000 0.115 0.000
228.333333 229.333333   93.66 0.000  0.84 0.000000 9.999 0.259000 0.14 0.000000 0.024 0.000  1.537 0.000  2.766 0.000  10.356 0.000   4.469 0.000  5.886 0.000 0.047 0.000 0.283 0.000
231.333333 232.333333  120.29 0.000  0.63 0.000000 9.999 0.259000 0.10 0.000000 0.017 0.000  1.138 0.000  2.049 0.000  13.661 0.000   8.673 0.000  4.988 0.000 0.027 0.000 0.308 0.000
234.333333 235.333333   49.40 0.000  0.62 0.000000 9.999 0.259000 9.99 0.259000 0.012 0.000  1.518 0.000  2.733 0.000   8.216 0.000   4.212 0.000  4.064 0.000 0.034 0.000 0.146 0.000
237.333333 238.333333   92.53 0.394  0.70 0.394000 9.999 0.394259 0.71 0.394000 0.026 0.394  0.582 0.000  1.047 0.000  14.569 0.000  11.029 0.000  3.695 0.000 0.033 0.394 0.170 0.394
240.333333 241.333333   51.77 0.000  0.38 0.000000 9.999 0.259000 0.62 0.000000 0.013 0.000  0.433 0.000  0.779 0.000   9.246 0.000   6.590 0.000  2.656 0.000 0.017 0.000 0.087 0.000
243.333333 244.333333   78.10 0.000  0.46 0.000000 9.999 0.259000 0.20 0.000000 0.022 0.000  0.955 0.000  1.719 0.000   8.825 0.000   5.491 0.000  3.335 0.000 0.045 0.000 0.102 0.000
246.333333 247.333333   38.58 0.000  0.77 0.000000 9.999 0.259000 9.99 0.259000 0.033 0.000  0.676 0.000  1.217 0.000   6.150 0.000   3.633 0.000  2.517 0.000 0.014 0.000 0.191 0.000
249.333333 250.333333   52.46 0.000  0.65 0.000000 9.999 0.259000 0.16 0.000000 0.023 0.000  0.904 0.000  1.628 0.000   6.294 0.000   3.673 0.000  2.622 0.000 0.030 0.000 0.125 0.000
252.333333 253.333333 9999.99 0.999 99.99 0.999000 9.999 0.999000 9.99 0.999000 9.999 0.999 99.999 0.999 99.999 0.999 999.999 0.999 999.999 0.999 99.999 0.999 9.999 0.999 9.999 0.999
255.333333 256.333333 9999.99 0.999 99.99 0.999000 9.999 0.999000 9.99 0.999000 9.999 0.999 99.999 0.999 99.999 0.999 999.999 0.999 999.999 0.999 99.999 0.999 9.999 0.999 9.999 0.999
258.333333 259.333333 9999.99 0.999 99.99 0.999000 9.999 0.999000 9.99 0.999000 9.999 0.999 99.999 0.999 99.999 0.999 999.999 0.999 999.999 0.999 99.999 0.999 9.999 0.999 9.999 0.999
