scripts/IMPROVE-2019_partial/data/US0567R.20070103080000.20191216000000.filterpack.pm10_mass.pm10.1y.3d.US03L_filterpack_US0567_2.US03L_IMPROVE_Davis.lev2.nas
50 1001
MISSING INFORMATION
US03L, IMPROVE, , , , , , , 
MISSING INFORMATION
IMPROVE sel_HTAP
1 1
2007 01 01 2019 12 16
3.000000
days from file reference point
3
1 1 1
999.999999 999.999 9.999
end_time of measurement, days from the file reference point
pm10_mass, ug/m3
numflag pm10_mass, no unit
0
33
Data definition:              EBAS_1.1
Set type code:                TU
Timezone:                     UTC
File name:                    US0567R.20070103080000.20191216000000.filterpack.pm10_mass.pm10.1y.3d.US03L_filterpack_US0567_2.US03L_IMPROVE_Davis.lev2.nas
File creation:                20191218120251
Startdate:                    20070103080000
Revision date:                20191216000000
Version:                      2
Version description:          "Data extracted from http://views.cira.colostate.edu/fed/DataWizard 2019-12-16"
Statistics:                   arithmetic mean
Data level:                   2
Period code:                  1y
Resolution code:              3d
Sample duration:              1d
Orig. time res.:              3d
Station code:                 US0567R
Platform code:                US0567S
Station name:                 Joshua Tree National Park-Black Rock
Station latitude:             34.0695
Station longitude:            -116.3889
Station altitude:             1239.0 m
Regime:                       IMG
Component:                    pm10_mass
Unit:                         ug/m3
Matrix:                       pm10
Laboratory code:              US03L
Instrument type:              filterpack
Instrument name:              filterpack_US0567_2
Method ref:                   US03L_IMPROVE_Davis
Blank correction:             Blank corrected
Volume std. temperature:      ambient
Volume std. pressure:         ambient
starttime endtime PM10 flag_PM10
  2.333333   3.333333 999.999 0.999
  5.333333   6.333333   4.644 0.000
  8.333333   9.333333   5.307 0.000
 11.333333  12.333333   8.294 0.000
 14.333333  15.333333   4.409 0.000
 17.333333  18.333333   8.034 0.000
 20.333333  21.333333  15.213 0.000
 23.333333  24.333333   3.593 0.000
 26.333333  27.333333  10.330 0.000
 29.333333  30.333333   4.688 0.000
 32.333333  33.333333  10.417 0.000
 35.333333  36.333333   3.490 0.000
 38.333333  39.333333   4.013 0.000
 41.333333  42.333333   4.611 0.000
 44.333333  45.333333   5.905 0.000
 47.333333  48.333333   4.166 0.000
 50.333333  51.333333   9.516 0.000
 53.333333  54.333333   3.327 0.000
 56.333333  57.333333   8.107 0.000
 59.333333  60.333333   4.297 0.000
 62.333333  63.333333   3.041 0.000
 65.333333  66.333333   5.899 0.000
 68.333333  69.333333  13.190 0.000
 71.333333  72.333333  10.306 0.000
 74.333333  75.333333   9.741 0.000
 77.333333  78.333333   9.391 0.000
 80.333333  81.333333   6.871 0.000
 83.333333  84.333333  15.567 0.000
 86.333333  87.333333   6.970 0.000
 89.333333  90.333333  18.616 0.000
 92.333333  93.333333  12.312 0.000
 95.333333  96.333333  15.446 0.000
 98.333333  99.333333  15.464 0.000
101.333333 102.333333  45.195 0.000
104.333333 105.333333   5.716 0.000
107.333333 108.333333  27.202 0.000
110.333333 111.333333   6.788 0.000
113.333333 114.333333   4.152 0.000
116.333333 117.333333  10.061 0.000
119.333333 120.333333  13.090 0.000
122.333333 123.333333  18.796 0.000
125.333333 126.333333   6.801 0.000
128.333333 129.333333  12.030 0.000
131.333333 132.333333   8.003 0.000
134.333333 135.333333  16.634 0.000
137.333333 138.333333  22.290 0.000
140.333333 141.333333  15.448 0.000
143.333333 144.333333  11.139 0.000
146.333333 147.333333  10.380 0.000
149.333333 150.333333   9.366 0.000
152.333333 153.333333  18.070 0.000
155.333333 156.333333  11.652 0.000
158.333333 159.333333  23.808 0.000
161.333333 162.333333  22.570 0.000
164.333333 165.333333  24.000 0.000
167.333333 168.333333  12.646 0.000
170.333333 171.333333  20.278 0.000
173.333333 174.333333  26.321 0.000
176.333333 177.333333  13.766 0.000
179.333333 180.333333 999.999 0.999
182.333333 183.333333 999.999 0.999
185.333333 186.333333 999.999 0.999
188.333333 189.333333 999.999 0.999
191.333333 192.333333 999.999 0.999
194.333333 195.333333 999.999 0.999
197.333333 198.333333 999.999 0.999
200.333333 201.333333 999.999 0.999
203.333333 204.333333  22.262 0.000
206.333333 207.333333  21.312 0.000
209.333333 210.333333  18.024 0.000
212.333333 213.333333 999.999 0.999
215.333333 216.333333  21.217 0.000
218.333333 219.333333   7.086 0.000
221.333333 222.333333  30.084 0.000
224.333333 225.333333   9.036 0.000
227.333333 228.333333  20.663 0.000
230.333333 231.333333   9.198 0.000
233.333333 234.333333  27.031 0.000
236.333333 237.333333  48.536 0.000
239.333333 240.333333   7.239 0.000
242.333333 243.333333  11.571 0.000
245.333333 246.333333  14.699 0.000
248.333333 249.333333   4.454 0.000
251.333333 252.333333  11.275 0.000
254.333333 255.333333   4.271 0.000
257.333333 258.333333   3.811 0.000
260.333333 261.333333  19.656 0.000
263.333333 264.333333   9.008 0.000
266.333333 267.333333   4.380 0.000
269.333333 270.333333  10.863 0.000
272.333333 273.333333  10.366 0.000
275.333333 276.333333   8.355 0.000
278.333333 279.333333   8.876 0.000
281.333333 282.333333   8.522 0.000
284.333333 285.333333  11.009 0.000
287.333333 288.333333   5.889 0.000
290.333333 291.333333  16.384 0.000
293.333333 294.333333  30.076 0.000
296.333333 297.333333   6.215 0.000
299.333333 300.333333  38.105 0.000
302.333333 303.333333   8.799 0.000
305.333333 306.333333   8.012 0.000
308.333333 309.333333   9.543 0.000
311.333333 312.333333  10.122 0.000
314.333333 315.333333   9.874 0.000
317.333333 318.333333 999.999 0.999
320.333333 321.333333   9.384 0.000
323.333333 324.333333 999.999 0.456
326.333333 327.333333 999.999 0.456
329.333333 330.333333 999.999 0.456
332.333333 333.333333   5.817 0.000
335.333333 336.333333   3.521 0.000
338.333333 339.333333   4.666 0.000
341.333333 342.333333   3.567 0.000
344.333333 345.333333   3.337 0.000
347.333333 348.333333 999.999 0.456
350.333333 351.333333 999.999 0.456
353.333333 354.333333 999.999 0.456
356.333333 357.333333 999.999 0.456
359.333333 360.333333 999.999 0.456
362.333333 363.333333 999.999 0.456
