scripts/IMPROVE-2019_partial/data/US0566R.20000101080000.20191216000000.filterpack..pm25.52w.1w.US03L_filterpack_US0566.US03L_IMPROVE_Davis.lev2.nas
64 1001
MISSING INFORMATION
US03L, IMPROVE, , , , , , , 
MISSING INFORMATION
IMPROVE sel_HTAP
1 1
2000 01 01 2019 12 16
0
days from file reference point
25
1 1 1 1 1 1 1 1 1 1 1 1 1 1 1 1 1 1 1 1 1 1 1 1 1
999.999999 9999.99 9.999999 99.99 9.999999999 9.999 9.999999999 9.99 9.999999999 9.999 9.999999 99.999 9.999 99.999 9.999 999.999 9.999 999.999 9.999 999.999 9.999 9.999 9.999999 99.999 9.999999
end_time of measurement, days from the file reference point
iron, ng/m3, Revision date=20181210133000
numflag iron, no unit, Revision date=20181210133000
lead, ng/m3, Revision date=20181210133000
numflag lead, no unit, Revision date=20181210133000
magnesium, ug/m3, Revision date=20181210133000
numflag magnesium, no unit, Revision date=20181210133000
nickel, ng/m3, Revision date=20181210133000
numflag nickel, no unit, Revision date=20181210133000
nitrate, ug N/m3, Revision date=20181210133000
numflag nitrate, no unit, Revision date=20181210133000
organic_carbon, ug C/m3, Revision date=20181210133000
numflag organic_carbon, no unit, Revision date=20181210133000
organic_mass, ug/m3, Revision date=20181210133000
numflag organic_mass, no unit, Revision date=20181210133000
pm10_mass, ug/m3, Version=2, Version description=Data extracted from http://views.cira.colostate.edu/fed/DataWizard 2019-12-16, Sample duration=1d, Orig. time res.=3d, Matrix=pm10, Blank correction=Blank corrected, Volume std. temperature=ambient, Volume std. pressure=ambient
numflag pm10_mass, no unit, Version=2, Version description=Data extracted from http://views.cira.colostate.edu/fed/DataWizard 2019-12-16, Sample duration=1d, Orig. time res.=3d, Matrix=pm10, Blank correction=Blank corrected, Volume std. temperature=ambient, Volume std. pressure=ambient
pm10_pm25_mass, ug/m3, Revision date=20181210133000, Matrix=pm10_pm25
numflag pm10_pm25_mass, no unit, Revision date=20181210133000, Matrix=pm10_pm25
pm25_mass, ug/m3, Version=2, Version description=Data extracted from http://views.cira.colostate.edu/fed/DataWizard 2019-12-16, Sample duration=1d, Orig. time res.=3d, Blank correction=Blank corrected, Volume std. temperature=ambient, Volume std. pressure=ambient
numflag pm25_mass, no unit, Version=2, Version description=Data extracted from http://views.cira.colostate.edu/fed/DataWizard 2019-12-16, Sample duration=1d, Orig. time res.=3d, Blank correction=Blank corrected, Volume std. temperature=ambient, Volume std. pressure=ambient
potassium, ug/m3, Revision date=20181210133000
numflag potassium, no unit, Revision date=20181210133000
sulphate_total, ug S/m3, Revision date=20181210133000
numflag sulphate_total, no unit, Revision date=20181210133000
0
25
Data definition:              EBAS_1.1
Set type code:                TI
Timezone:                     UTC
File name:                    US0566R.20000101080000.20191216000000.filterpack..pm25.52w.1w.US03L_filterpack_US0566.US03L_IMPROVE_Davis.lev2.nas
File creation:                20191218120243
Startdate:                    20000101080000
Revision date:                20191216000000
Statistics:                   arithmetic mean
Data level:                   2
Period code:                  52w
Resolution code:              1w
Station code:                 US0566R
Platform code:                US0566S
Station name:                 Pinnacles National Monument-Bear Valley (CA66)
Station latitude:             36.4834
Station longitude:            -121.157
Station altitude:             317.0 m
Regime:                       IMG
Component:                    
Matrix:                       pm25
Laboratory code:              US03L
Instrument type:              filterpack
Instrument name:              filterpack_US0566
Method ref:                   US03L_IMPROVE_Davis
starttime endtime Fe flag_Fe Pb flag_Pb Mg++ flag_Mg++ Ni flag_Ni NO3- flag_NO3- OC flag_OC OM flag_OM PM10 flag_PM10 PM10-PM2.5 flag_PM10-PM2.5 PM2.5 flag_PM2.5 K+ flag_K+ SO4-- flag_SO4--
  0.333333   1.333333    2.95 0.000000  0.73 0.000000000 9.999 0.259000000 0.15 0.000000000 0.056 0.559000  0.520 0.000  0.728 0.000   6.309 0.000   3.432 0.000   2.878 0.000 0.038 0.000000  0.168 0.559000
  4.333333   5.333333   23.29 0.000000  1.18 0.000000000 9.999 0.259000000 9.99 0.259000000 0.411 0.699000  1.168 0.000  1.635 0.000   8.619 0.000   4.459 0.000   4.160 0.000 0.053 0.000000  0.172 0.699000
  7.333333   8.333333   32.07 0.000000  1.26 0.000000000 9.999 0.259000000 9.99 0.259000000 0.846 0.699000  3.172 0.000  4.441 0.000  15.787 0.000   7.193 0.000   8.593 0.000 0.112 0.000000  0.265 0.699000
 11.333333  12.333333    4.41 0.000000  0.91 0.000000000 9.999 0.259000000 9.99 0.259000000 0.064 0.000000  0.584 0.000  0.817 0.000   3.265 0.000   1.633 0.000   1.632 0.000 0.012 0.000000  0.063 0.000000
 14.333333  15.333333   10.92 0.000000  0.68 0.000000000 9.999 0.259000000 9.99 0.259000000 0.025 0.559000  0.596 0.000  0.835 0.000   8.923 0.000   7.131 0.000   1.792 0.000 0.033 0.000000  0.070 0.559000
 18.333333  19.333333    6.30 0.000000  0.26 0.000000000 9.999 0.259000000 9.99 0.259000000 0.020 0.559000  0.707 0.000  0.990 0.000   3.780 0.000   2.276 0.000   1.504 0.000 0.023 0.000000  0.156 0.559000
 21.333333  22.333333    3.85 0.000000  0.19 0.000000000 9.999 0.259000000 9.99 0.259000000 0.202 0.559000  1.703 0.000  2.384 0.000   6.782 0.000   3.083 0.000   3.699 0.000 0.044 0.000000  0.120 0.559000
 25.333333  26.333333    6.15 0.000000  0.15 0.000000000 9.999 0.259000000 9.99 0.259000000 0.106 0.559000  0.583 0.000  0.816 0.000   7.027 0.000   4.391 0.000   2.636 0.000 0.019 0.000000  0.146 0.559000
 28.333333  29.333333   21.26 0.000000  1.57 0.000000000 9.999 0.259000000 0.16 0.000000000 0.394 0.559000  1.660 0.000  2.323 0.000   9.056 0.000   3.921 0.000   5.136 0.000 0.028 0.000000  0.275 0.559000
 32.333333  33.333333 9999.99 0.999000 99.99 0.999000000 9.999 0.999000000 9.99 0.999000000 9.999 0.999000 99.999 0.999 99.999 0.999 999.999 0.999 999.999 0.999 999.999 0.999 9.999 0.999000 99.999 0.999000
 35.333333  36.333333 9999.99 0.999000 99.99 0.999000000 9.999 0.999000000 9.99 0.999000000 9.999 0.999000 99.999 0.999 99.999 0.999 999.999 0.999 999.999 0.999 999.999 0.999 9.999 0.999000 99.999 0.999000
 39.333333  40.333333   17.57 0.559000  1.19 0.559000000 9.999 0.559259000 9.99 0.559259000 0.250 0.559000  1.048 0.000  1.467 0.000   5.581 0.000   2.093 0.000   3.489 0.559 0.022 0.559000  0.204 0.559000
 42.333333  43.333333    1.76 0.559000  0.30 0.559000000 9.999 0.559259000 9.99 0.559259000 0.012 0.559000  0.223 0.000  0.312 0.000   3.451 0.000   2.310 0.000   1.141 0.559 0.009 0.559000  0.040 0.559000
 46.333333  47.333333    5.43 0.559000  0.33 0.559000000 9.999 0.559259000 0.26 0.559000000 0.136 0.699000  0.434 0.000  0.608 0.000   7.073 0.000   4.031 0.000   3.042 0.559 0.022 0.559000  0.133 0.699000
 49.333333  50.333333   10.26 0.559000  1.41 0.559000000 9.999 0.559259000 9.99 0.559259000 0.081 0.559000  2.103 0.000  2.944 0.000   8.333 0.000   3.692 0.000   4.641 0.559 0.041 0.559000  0.173 0.559000
 53.333333  54.333333    3.89 0.559000  0.10 0.559000000 9.999 0.559259000 9.99 0.559259000 0.026 0.559000  0.221 0.000  0.309 0.000   4.219 0.000   2.665 0.000   1.554 0.559 0.010 0.559000  0.089 0.559000
 56.333333  57.333333    8.22 0.559000  0.36 0.559000000 9.999 0.559259000 9.99 0.559259000 0.053 0.559000  0.346 0.000  0.484 0.000   4.991 0.000   3.082 0.000   1.909 0.559 0.015 0.559000  0.214 0.559000
 60.333333  61.333333   13.42 0.559000  1.30 0.559000000 9.999 0.559259000 9.99 0.559259000 0.220 0.559000  0.603 0.000  0.844 0.000   7.911 0.000   3.991 0.000   3.921 0.559 0.033 0.559000  0.315 0.559000
 63.333333  64.333333   14.68 0.559000  1.12 0.559000000 9.999 0.559259000 9.99 0.559259000 0.350 0.559000  0.862 0.000  1.206 0.000  11.472 0.000   6.096 0.000   5.375 0.559 0.039 0.559000  0.278 0.559000
 67.333333  68.333333    4.79 0.559000  0.26 0.559000000 9.999 0.559259000 9.99 0.559259000 0.013 0.559000  0.043 0.000  0.059 0.000   2.691 0.000   0.996 0.000   1.695 0.559 0.011 0.559000  0.060 0.559000
 70.333333  71.333333   21.80 0.559000  1.88 0.559000000 9.999 0.559259000 9.99 0.559259000 0.292 0.559000  0.809 0.000  1.132 0.000   8.116 0.000   3.609 0.000   4.507 0.559 0.037 0.559000  0.360 0.559000
 74.333333  75.333333   37.79 0.559000  2.08 0.559000000 9.999 0.559259000 9.99 0.559259000 0.313 0.699000  1.115 0.000  1.561 0.000   7.333 0.000   3.397 0.000   3.935 0.559 0.024 0.559000  0.249 0.699000
 77.333333  78.333333   39.27 0.559000  2.85 0.559000000 9.999 0.559259000 9.99 0.559259000 0.128 0.000000  2.964 0.000  4.149 0.000  12.811 0.000   4.417 0.000   8.394 0.559 0.071 0.559000  0.177 0.000000
 81.333333  82.333333   33.68 0.559000  0.70 0.559000000 9.999 0.559259000 9.99 0.559259000 0.077 0.000000  0.991 0.000  1.387 0.000   8.994 0.000   5.604 0.000   3.390 0.559 0.032 0.559000  0.149 0.000000
 84.333333  85.333333   23.98 0.559000  1.36 0.559000000 9.999 0.559259000 9.99 0.559259000 0.306 0.000000  1.505 0.000  2.106 0.000  14.918 0.000   8.006 0.000   6.912 0.559 0.063 0.559000  0.425 0.000000
 88.333333  89.333333   23.75 0.000000  0.66 0.000000000 9.999 0.259000000 9.99 0.259000000 0.325 0.000000  0.710 0.000  0.994 0.000  13.465 0.000   7.332 0.000   6.133 0.000 0.050 0.000000  0.327 0.000000
 91.333333  92.333333  234.12 0.559000  5.63 0.559000000 9.999 0.559259000 9.99 0.559259000 0.059 0.000000  2.638 0.000  3.694 0.000  21.130 0.000  10.098 0.000  11.031 0.559 0.191 0.559000  0.405 0.000000
 95.333333  96.333333   93.70 0.559000  1.77 0.559000000 9.999 0.559259000 9.99 0.559259000 0.278 0.000000  1.205 0.000  1.686 0.000  13.285 0.000   5.643 0.000   7.642 0.559 0.082 0.559000  0.694 0.000000
 98.333333  99.333333   47.17 0.559000  2.17 0.559000000 9.999 0.559259000 9.99 0.559259000 0.245 0.000000  1.350 0.000  1.890 0.000  10.654 0.000   4.540 0.000   6.114 0.559 0.061 0.559000  0.532 0.000000
102.333333 103.333333   50.98 0.559000  1.24 0.559000000 9.999 0.559259000 9.99 0.559259000 0.087 0.000000  0.911 0.000  1.275 0.000  10.287 0.000   6.033 0.000   4.253 0.559 0.043 0.559000  0.328 0.000000
105.333333 106.333333    9.21 0.559000  0.32 0.559000000 9.999 0.559259000 9.99 0.559259000 0.052 0.000000  0.406 0.000  0.569 0.000   3.733 0.000   1.938 0.000   1.794 0.559 0.014 0.559000  0.201 0.000000
109.333333 110.333333   21.72 0.000000  0.80 0.000000000 9.999 0.259000000 9.99 0.259000000 0.102 0.000000 99.999 0.999 99.999 0.999   8.660 0.000   6.324 0.000   2.336 0.000 0.022 0.000000  0.176 0.000000
112.333333 113.333333   23.15 0.000000  0.91 0.000000000 9.999 0.259000000 9.99 0.259000000 0.059 0.000000  0.396 0.000  0.555 0.000   9.915 0.000   7.279 0.000   2.635 0.000 0.025 0.000000  0.272 0.000000
116.333333 117.333333   60.15 0.000000  1.33 0.000000000 9.999 0.259000000 9.99 0.259000000 0.073 0.000000  1.187 0.000  1.661 0.000   8.608 0.000   5.072 0.000   3.536 0.000 0.041 0.000000  0.202 0.000000
119.333333 120.333333   24.00 0.000000  1.04 0.000000000 0.099 0.000000000 9.99 0.259000000 0.317 0.000000  2.468 0.000  3.456 0.000  14.097 0.000   6.288 0.000   7.809 0.000 0.077 0.000000  0.175 0.000000
123.333333 124.333333   31.30 0.000000  1.04 0.000000000 0.014 0.000000000 9.99 0.259000000 0.085 0.000000  0.830 0.000  1.161 0.000   5.624 0.000   2.827 0.000   2.797 0.000 0.021 0.000000  0.234 0.000000
126.333333 127.333333   39.85 0.000000  0.57 0.000000000 9.999 0.259000000 9.99 0.259000000 0.249 0.000000  0.905 0.000  1.267 0.000  10.645 0.000   5.187 0.000   5.459 0.000 0.046 0.000000  0.223 0.000000
130.333333 131.333333   23.68 0.000000  0.30 0.000000000 9.999 0.259000000 9.99 0.259000000 0.129 0.000000  0.525 0.000  0.735 0.000  10.812 0.000   6.575 0.000   4.237 0.000 0.032 0.000000  0.253 0.000000
133.333333 134.333333   44.58 0.000000  0.61 0.000000000 9.999 0.259000000 9.99 0.259000000 0.143 0.000000  2.010 0.000  2.814 0.000  13.390 0.000   7.378 0.000   6.012 0.000 0.072 0.000000  0.239 0.000000
137.333333 138.333333   24.57 0.000000  0.94 0.000000000 9.999 0.259000000 9.99 0.259000000 0.187 0.000000  1.005 0.000  1.407 0.000  10.889 0.000   5.777 0.000   5.112 0.000 0.033 0.000000  0.506 0.000000
140.333333 141.333333   78.67 0.000000  2.23 0.000000000 9.999 0.259000000 9.99 0.259000000 0.141 0.000000  2.939 0.000  4.115 0.000  17.217 0.000   8.215 0.000   9.002 0.000 0.074 0.000000  0.355 0.000000
144.333333 145.333333   18.86 0.000000  1.01 0.000000000 9.999 0.259000000 0.88 0.000000000 0.134 0.000000  1.096 0.000  1.534 0.000   9.232 0.000   3.766 0.000   5.466 0.000 0.022 0.000000  0.644 0.000000
147.333333 148.333333   37.56 0.000000  1.18 0.000000000 9.999 0.259000000 9.99 0.259000000 0.055 0.000000  0.844 0.000  1.181 0.000   7.438 0.000   4.415 0.000   3.022 0.000 0.025 0.000000  0.207 0.000000
151.333333 152.333333   54.30 0.559000  0.96 0.559000000 9.999 0.559259000 9.99 0.559259000 0.196 0.000000  1.354 0.000  1.896 0.000  13.889 0.000   7.727 0.000   6.162 0.559 0.047 0.559000  0.279 0.000000
154.333333 155.333333   52.76 0.000000  0.72 0.000000000 9.999 0.259000000 9.99 0.259000000 0.292 0.000000  1.525 0.000  2.135 0.000  17.947 0.000   9.218 0.000   8.729 0.000 0.075 0.000000  0.714 0.000000
158.333333 159.333333   27.11 0.000000  0.95 0.000000000 9.999 0.259000000 9.99 0.259000000 0.074 0.000000  0.463 0.000  0.648 0.000   6.150 0.000   3.674 0.000   2.476 0.000 0.024 0.000000  0.217 0.000000
161.333333 162.333333   14.34 0.000000 99.99 0.259000000 9.999 0.259000000 0.13 0.000000000 0.147 0.000000  1.513 0.000  2.118 0.000   8.116 0.000   4.644 0.000   3.472 0.000 0.020 0.000000  0.228 0.000000
165.333333 166.333333   99.51 0.394000  0.56 0.394000000 9.999 0.394259000 9.99 0.394259000 0.072 0.559394  1.876 0.000  2.627 0.000  19.678 0.000  11.852 0.000   7.825 0.000 0.063 0.394000  0.471 0.559394
168.333333 169.333333   24.22 0.000000  0.70 0.000000000 9.999 0.259000000 9.99 0.259000000 0.131 0.000000  0.682 0.000  0.955 0.000  11.521 0.000   6.320 0.000   5.200 0.000 0.022 0.000000  0.663 0.000000
172.333333 173.333333   45.78 0.000000 99.99 0.259000000 9.999 0.259000000 9.99 0.259000000 0.148 0.559000  1.263 0.000  1.768 0.000  13.135 0.000   6.448 0.000   6.687 0.000 0.035 0.000000  0.655 0.559000
175.333333 176.333333   27.06 0.000000  0.29 0.000000000 9.999 0.259000000 9.99 0.259000000 0.252 0.559000  1.100 0.000  1.540 0.000  13.809 0.000   7.251 0.000   6.559 0.000 0.041 0.000000  0.645 0.559000
179.333333 180.333333   40.93 0.000000  0.46 0.000000000 9.999 0.259000000 9.99 0.259000000 0.042 0.000000  0.755 0.000  1.057 0.000 999.999 0.999 999.999 0.999   4.096 0.000 0.027 0.000000  0.324 0.000000
182.333333 183.333333   23.35 0.000000 99.99 0.259000000 9.999 0.259000000 9.99 0.259000000 0.238 0.559000  0.890 0.000  1.246 0.000  13.373 0.000   6.685 0.000   6.688 0.000 0.035 0.000000  0.417 0.559000
186.333333 187.333333   11.73 0.000000  2.43 0.000000000 9.999 0.259000000 9.99 0.259000000 0.112 0.000000  0.400 0.000  0.559 0.000  14.261 0.000  10.789 0.000   3.472 0.000 0.142 0.000000  0.305 0.000000
189.333333 190.333333   21.08 0.000000 99.99 0.259000000 9.999 0.259000000 9.99 0.259000000 0.071 0.559000  1.256 0.000  1.758 0.000  10.090 0.000   7.196 0.000   2.893 0.000 0.016 0.000000  0.300 0.559000
193.333333 194.333333 9999.99 0.999000 99.99 0.999000000 9.999 0.999000000 9.99 0.999000000 9.999 0.999000 99.999 0.999 99.999 0.999 999.999 0.999 999.999 0.999 999.999 0.999 9.999 0.999000 99.999 0.999000
196.333333 197.333333   22.29 0.559394 99.99 0.559394259 9.999 0.559394259 9.99 0.559394259 0.305 0.394000  1.377 0.000  1.929 0.000  13.302 0.000   7.493 0.000   5.808 0.559 0.031 0.559394  0.647 0.394000
200.333333 201.333333   38.89 0.000000  0.69 0.000000000 9.999 0.259000000 9.99 0.259000000 0.245 0.000000  1.615 0.000  2.262 0.000  14.325 0.000   8.898 0.000   5.427 0.000 0.035 0.000000  0.426 0.000000
203.333333 204.333333   30.37 0.000000 99.99 0.259000000 9.999 0.259000000 9.99 0.259000000 0.128 0.000000  1.363 0.000  1.908 0.000   9.325 0.000   5.065 0.000   4.260 0.000 0.023 0.000000  0.363 0.000000
207.333333 208.333333   25.44 0.000000  0.23 0.000000000 9.999 0.259000000 9.99 0.259000000 0.202 0.000000  1.028 0.000  1.440 0.000  10.969 0.000   7.131 0.000   3.838 0.000 0.032 0.000000  0.259 0.000000
210.333333 211.333333   31.32 0.000000 99.99 0.259000000 9.999 0.259000000 9.99 0.259000000 0.080 0.000000  1.738 0.000  2.433 0.000  13.021 0.000   8.044 0.000   4.977 0.000 0.036 0.000000  0.272 0.000000
214.333333 215.333333   76.51 0.000000  0.72 0.000000000 9.999 0.259000000 9.99 0.259000000 0.166 0.000000  2.519 0.000  3.527 0.000  22.143 0.000  12.337 0.000   9.806 0.000 0.077 0.000000  0.873 0.000000
217.333333 218.333333   37.95 0.000000 99.99 0.259000000 9.999 0.259000000 9.99 0.259000000 0.092 0.000000  1.386 0.000  1.940 0.000  11.389 0.000   7.193 0.000   4.196 0.000 0.029 0.000000  0.408 0.000000
221.333333 222.333333   29.69 0.000000 99.99 0.259000000 9.999 0.259000000 0.29 0.000000000 0.060 0.000000  0.647 0.000  0.906 0.000   8.799 0.000   5.632 0.000   3.167 0.000 0.022 0.000000  0.344 0.000000
224.333333 225.333333   40.64 0.000000 99.99 0.259000000 9.999 0.259000000 9.99 0.259000000 0.085 0.000000  1.312 0.000  1.837 0.000  12.587 0.000   8.054 0.000   4.533 0.000 0.036 0.000000  0.300 0.000000
228.333333 229.333333   48.25 0.000000  0.80 0.000000000 9.999 0.259000000 9.99 0.259000000 0.240 0.000000  1.622 0.000  2.271 0.000  17.042 0.000  11.035 0.000   6.007 0.000 0.041 0.000000  0.242 0.000000
231.333333 232.333333   20.22 0.000000 99.99 0.259000000 0.025 0.000000000 9.99 0.259000000 0.136 0.000000  0.831 0.000  1.163 0.000   9.539 0.000   6.313 0.000   3.225 0.000 0.016 0.000000  0.250 0.000000
235.333333 236.333333   18.20 0.000000 99.99 0.259000000 9.999 0.259000000 9.99 0.259000000 0.172 0.000000  0.940 0.000  1.316 0.000  13.243 0.000   8.760 0.000   4.483 0.000 0.041 0.000000  0.534 0.000000
238.333333 239.333333   35.23 0.000000 99.99 0.259000000 9.999 0.259000000 9.99 0.259000000 0.179 0.000000  1.089 0.000  1.525 0.000  15.746 0.000  10.466 0.000   5.280 0.000 0.031 0.000000  0.480 0.000000
243.333333 244.333333 9999.99 0.999000 99.99 0.999000000 9.999 0.999000000 9.99 0.999000000 9.999 0.999000 99.999 0.999 99.999 0.999 999.999 0.999 999.999 0.999 999.999 0.999 9.999 0.999000 99.999 0.999000
246.333333 247.333333 9999.99 0.999000 99.99 0.999000000 9.999 0.999000000 9.99 0.999000000 9.999 0.999000 99.999 0.999 99.999 0.999 999.999 0.999 999.999 0.999 999.999 0.999 9.999 0.999000 99.999 0.999000
249.333333 250.333333   29.94 0.000000  0.50 0.000000000 9.999 0.259000000 9.99 0.259000000 0.060 0.000000  1.249 0.000  1.748 0.000  10.040 0.000   6.644 0.000   3.396 0.000 0.023 0.000000  0.206 0.000000
252.333333 253.333333   22.94 0.000000  0.62 0.000000000 9.999 0.259000000 9.99 0.259000000 0.230 0.000000  0.876 0.000  1.226 0.000  12.801 0.000   7.922 0.000   4.879 0.000 0.039 0.000000  0.369 0.000000
255.333333 256.333333   77.68 0.000000  1.03 0.000000000 9.999 0.259000000 9.99 0.259000000 0.113 0.000000  1.469 0.000  2.056 0.000  30.912 0.000  25.024 0.000   5.888 0.000 0.053 0.000000  0.442 0.000000
258.333333 259.333333   56.61 0.000000  0.52 0.000000000 9.999 0.259000000 9.99 0.259000000 0.182 0.000000  0.568 0.000  0.795 0.000   8.000 0.000   4.662 0.000   3.338 0.000 0.032 0.000000  0.304 0.000000
261.333333 262.333333   64.47 0.559000  0.55 0.559000000 9.999 0.559259000 9.99 0.559259000 0.092 0.000000  2.261 0.000  3.165 0.000  16.841 0.000   9.732 0.000   7.109 0.559 0.062 0.559000  0.440 0.000000
264.333333 265.333333   19.67 0.000000  0.52 0.000000000 9.999 0.259000000 0.66 0.000000000 0.212 0.000000  0.743 0.000  1.040 0.000   9.950 0.000   3.497 0.000   6.453 0.000 0.020 0.000000  0.972 0.000000
