scripts/IMPROVE-2019_partial/data/US0699R.19920101070000.20191216000000.filterpack...1y.3d.US03L_filterpack_US0699.US03L_IMPROVE_Davis.lev2.nas
52 1001
MISSING INFORMATION
US03L, IMPROVE, , , , , , , 
MISSING INFORMATION
IMPROVE sel_HTAP
1 1
1992 01 01 2019 12 16
0
days from file reference point
5
1 1 1 1 1
999.999999 999.999 9.999 99.999 9.999999
end_time of measurement, days from the file reference point
pm10_mass, ug/m3, Matrix=pm10
numflag pm10_mass, no unit, Matrix=pm10
pm25_mass, ug/m3, Matrix=pm25
numflag pm25_mass, no unit, Matrix=pm25
0
33
Data definition:              EBAS_1.1
Set type code:                TI
Timezone:                     UTC
File name:                    US0699R.19920101070000.20191216000000.filterpack...1y.3d.US03L_filterpack_US0699.US03L_IMPROVE_Davis.lev2.nas
File creation:                20191218120302
Startdate:                    19920101070000
Revision date:                20191216000000
Version:                      2
Version description:          "Data extracted from http://views.cira.colostate.edu/fed/DataWizard 2019-12-16"
Statistics:                   arithmetic mean
Data level:                   2
Period code:                  1y
Resolution code:              3d
Sample duration:              1d
Orig. time res.:              3d
Station code:                 US0699R
Platform code:                US0699S
Station name:                 Mesa Verde National Park-Chapin Mesa (CO99)
Station latitude:             37.1981
Station longitude:            -108.4903
Station altitude:             2172.0 m
Regime:                       IMG
Component:                    
Unit:                         ug/m3
Matrix:                       
Laboratory code:              US03L
Instrument type:              filterpack
Instrument name:              filterpack_US0699
Method ref:                   US03L_IMPROVE_Davis
Blank correction:             Blank corrected
Volume std. temperature:      ambient
Volume std. pressure:         ambient
starttime endtime PM10 flag_PM10 PM2.5 flag_PM2.5
  0.291667   1.291667   5.888 0.000  2.979 0.559000
  3.291667   4.291667   4.103 0.000  2.500 0.559000
  7.291667   8.291667   2.403 0.000  1.595 0.559000
 10.291667  11.291667   7.045 0.000  2.073 0.559000
 14.291667  15.291667  22.509 0.000  2.156 0.559000
 17.291667  18.291667  11.149 0.000  3.383 0.559000
 21.291667  22.291667   3.125 0.000  1.786 0.559000
 24.291667  25.291667   3.464 0.000  1.815 0.559000
 28.291667  29.291667   7.086 0.000  5.287 0.559000
 31.291667  32.291667   3.271 0.000  1.429 0.559000
 35.291667  36.291667   7.765 0.000  2.401 0.559000
 38.291667  39.291667  10.000 0.000  3.897 0.559000
 42.291667  43.291667   3.727 0.000  2.410 0.559000
 45.291667  46.291667   9.234 0.000  1.566 0.559000
 49.291667  50.291667   6.300 0.000  1.676 0.559000
 52.291667  53.291667   5.238 0.000  1.176 0.559000
 56.291667  57.291667   2.992 0.000 99.999 0.559259
 59.291667  60.291667   3.140 0.000  1.922 0.000000
 63.291667  64.291667   2.390 0.000  1.176 0.000000
 66.291667  67.291667   7.923 0.000  2.382 0.000000
 70.291667  71.291667   4.624 0.000  2.235 0.000000
 73.291667  74.291667   6.594 0.000  2.529 0.000000
 77.291667  78.291667   2.705 0.000  1.239 0.000000
 80.291667  81.291667   6.691 0.000  2.714 0.000000
 84.291667  85.291667   6.403 0.000  2.537 0.000000
 87.291667  88.291667   7.509 0.000  1.970 0.000000
 91.291667  92.291667   9.298 0.000  1.108 0.000000
 94.291667  95.291667   4.643 0.000  2.261 0.000000
 98.291667  99.291667   9.228 0.000  3.064 0.000000
101.291667 102.291667   8.239 0.000  3.613 0.000000
105.291667 106.291667   6.502 0.000  3.507 0.000000
108.291667 109.291667   8.482 0.000  2.290 0.000000
112.291667 113.291667   5.811 0.000  3.514 0.000000
115.291667 116.291667   4.739 0.000  2.857 0.000000
119.291667 120.291667   7.233 0.000  4.023 0.000000
122.291667 123.291667   7.104 0.000  4.220 0.000000
126.291667 127.291667  12.830 0.000  5.584 0.000000
129.291667 130.291667   3.354 0.000  2.295 0.000000
133.291667 134.291667   9.704 0.000  2.824 0.000000
136.291667 137.291667   9.498 0.000  3.919 0.000000
140.291667 141.291667   3.711 0.000  2.159 0.000000
143.291667 144.291667   3.664 0.000  1.736 0.000000
147.291667 148.291667 999.999 0.999 99.999 0.999000
150.291667 151.291667   4.613 0.000  2.788 0.000000
154.291667 155.291667   8.142 0.000  3.739 0.000000
157.291667 158.291667   4.983 0.000  3.423 0.000000
161.291667 162.291667   5.680 0.000  4.894 0.000000
164.291667 165.291667   8.333 0.000  3.670 0.000000
168.291667 169.291667   5.233 0.000  2.278 0.000000
171.291667 172.291667   7.993 0.000  4.107 0.000000
175.291667 176.291667   7.017 0.000  4.242 0.000000
178.291667 179.291667   8.414 0.000  3.690 0.000000
182.291667 183.291667   6.678 0.000  2.606 0.000000
185.291667 186.291667   5.793 0.000  3.323 0.000000
189.291667 190.291667   6.579 0.000  3.460 0.000000
192.291667 193.291667   6.309 0.000  2.588 0.000000
196.291667 197.291667   7.282 0.000  3.107 0.000000
199.291667 200.291667   4.271 0.000  2.545 0.000000
203.291667 204.291667   7.133 0.000  3.728 0.000000
206.291667 207.291667   4.116 0.000  2.929 0.000000
210.291667 211.291667   5.216 0.000  3.156 0.000000
213.291667 214.291667   6.610 0.000  3.666 0.000000
217.291667 218.291667   4.603 0.000  3.934 0.000000
220.291667 221.291667   7.324 0.000  4.588 0.000000
224.291667 225.291667   7.888 0.000  2.781 0.000000
227.291667 228.291667   8.000 0.000  3.936 0.000000
231.291667 232.291667   7.041 0.000  2.929 0.000000
234.291667 235.291667   3.918 0.000  2.934 0.000000
238.291667 239.291667   9.069 0.000  2.973 0.000000
241.291667 242.291667   7.817 0.000  4.091 0.000000
245.291667 246.291667   6.267 0.000  3.604 0.000000
248.291667 249.291667   5.430 0.000  2.687 0.000000
252.291667 253.291667   5.744 0.000  4.116 0.000000
255.291667 256.291667   8.566 0.000  3.713 0.000000
259.291667 260.291667   4.502 0.000  3.003 0.000000
262.291667 263.291667   6.348 0.000  1.982 0.000000
266.291667 267.291667   7.882 0.000  3.533 0.000000
269.291667 270.291667   4.281 0.000  2.083 0.000000
273.291667 274.291667   6.986 0.000  3.604 0.000000
276.291667 277.291667   6.923 0.000  3.934 0.000000
280.291667 281.291667   4.795 0.000  3.664 0.000000
283.291667 284.291667   6.540 0.000 99.999 0.999000
287.291667 288.291667 999.999 0.999 99.999 0.999000
290.291667 291.291667 999.999 0.999 99.999 0.999000
294.291667 295.291667 999.999 0.999 99.999 0.999000
297.291667 298.291667 999.999 0.999 99.999 0.999000
301.291667 302.291667   5.630 0.000  2.068 0.000000
304.291667 305.291667   1.985 0.000  1.447 0.000000
308.291667 309.291667   3.545 0.000  1.143 0.000000
311.291667 312.291667   4.060 0.000  2.278 0.000000
315.291667 316.291667 999.999 0.999  2.555 0.000000
318.291667 319.291667   4.853 0.000  3.364 0.000000
322.291667 323.291667   6.493 0.000  3.836 0.000000
325.291667 326.291667   2.981 0.000  2.156 0.000000
329.291667 330.291667   7.063 0.000  3.994 0.000000
332.291667 333.291667  12.481 0.000  2.375 0.000000
336.291667 337.291667   5.506 0.000  1.962 0.000000
339.291667 340.291667   1.742 0.000  1.371 0.000000
343.291667 344.291667 999.999 0.999  6.098 0.000000
346.291667 347.291667   4.055 0.000  2.410 0.000000
350.291667 351.291667   5.843 0.000  2.834 0.000000
353.291667 354.291667   3.563 0.000  2.152 0.000000
357.291667 358.291667   5.485 0.000  4.444 0.000000
360.291667 361.291667   3.053 0.000  2.317 0.000000
364.291667 365.291667   1.559 0.000  1.246 0.000000
