scripts/IMPROVE-2019_partial/data/US0699R.20030103070000.20191216000000.filterpack..pm25.1y.1w.US03L_filterpack_US0699.US03L_IMPROVE_Davis.lev2.nas
66 1001
MISSING INFORMATION
US03L, IMPROVE, , , , , , , 
MISSING INFORMATION
IMPROVE sel_HTAP
1 1
2003 01 01 2019 12 16
3.000000
days from file reference point
27
1 1 1 1 1 1 1 1 1 1 1 1 1 1 1 1 1 1 1 1 1 1 1 1 1 1 1
999.999999 9999.99 9.999 99.99 9.999 9.999 9.999999 999.99 9.999999 9.999 9.999999 999.999 9.999 999.999 9.999 9999.99 9.999999 9999.999 9.999 999.999 9.999 999.999 9.999 9.999 9.999 9.999 9.999999
end_time of measurement, days from the file reference point
iron, ng/m3, Revision date=20181210133000
numflag iron, no unit, Revision date=20181210133000
lead, ng/m3, Revision date=20181210133000
numflag lead, no unit, Revision date=20181210133000
magnesium, ug/m3, Revision date=20181210133000
numflag magnesium, no unit, Revision date=20181210133000
nickel, ng/m3, Revision date=20181210133000
numflag nickel, no unit, Revision date=20181210133000
nitrate, ug N/m3, Revision date=20181210133000
numflag nitrate, no unit, Revision date=20181210133000
organic_carbon, ug C/m3, Revision date=20181210133000
numflag organic_carbon, no unit, Revision date=20181210133000
organic_mass, ug/m3, Revision date=20181210133000
numflag organic_mass, no unit, Revision date=20181210133000
phosphorus, ng/m3, Revision date=20181210133000
numflag phosphorus, no unit, Revision date=20181210133000
pm10_mass, ug/m3, Version=2, Version description=Data extracted from http://views.cira.colostate.edu/fed/DataWizard 2019-12-16, Sample duration=1d, Orig. time res.=3d, Matrix=pm10, Blank correction=Blank corrected, Volume std. temperature=ambient, Volume std. pressure=ambient
numflag pm10_mass, no unit, Version=2, Version description=Data extracted from http://views.cira.colostate.edu/fed/DataWizard 2019-12-16, Sample duration=1d, Orig. time res.=3d, Matrix=pm10, Blank correction=Blank corrected, Volume std. temperature=ambient, Volume std. pressure=ambient
pm10_pm25_mass, ug/m3, Revision date=20181210133000, Matrix=pm10_pm25
numflag pm10_pm25_mass, no unit, Revision date=20181210133000, Matrix=pm10_pm25
pm25_mass, ug/m3, Version=2, Version description=Data extracted from http://views.cira.colostate.edu/fed/DataWizard 2019-12-16, Sample duration=1d, Orig. time res.=3d, Blank correction=Blank corrected, Volume std. temperature=ambient, Volume std. pressure=ambient
numflag pm25_mass, no unit, Version=2, Version description=Data extracted from http://views.cira.colostate.edu/fed/DataWizard 2019-12-16, Sample duration=1d, Orig. time res.=3d, Blank correction=Blank corrected, Volume std. temperature=ambient, Volume std. pressure=ambient
potassium, ug/m3, Revision date=20181210133000
numflag potassium, no unit, Revision date=20181210133000
sulphate_total, ug S/m3, Revision date=20181210133000
numflag sulphate_total, no unit, Revision date=20181210133000
0
25
Data definition:              EBAS_1.1
Set type code:                TU
Timezone:                     UTC
File name:                    US0699R.20030103070000.20191216000000.filterpack..pm25.1y.1w.US03L_filterpack_US0699.US03L_IMPROVE_Davis.lev2.nas
File creation:                20191218120303
Startdate:                    20030103070000
Revision date:                20191216000000
Statistics:                   arithmetic mean
Data level:                   2
Period code:                  1y
Resolution code:              1w
Station code:                 US0699R
Platform code:                US0699S
Station name:                 Mesa Verde National Park-Chapin Mesa (CO99)
Station latitude:             37.1981
Station longitude:            -108.4903
Station altitude:             2172.0 m
Regime:                       IMG
Component:                    
Matrix:                       pm25
Laboratory code:              US03L
Instrument type:              filterpack
Instrument name:              filterpack_US0699
Method ref:                   US03L_IMPROVE_Davis
starttime endtime Fe flag_Fe Pb flag_Pb Mg++ flag_Mg++ Ni flag_Ni NO3- flag_NO3- OC flag_OC OM flag_OM P flag_P PM10 flag_PM10 PM10-PM2.5 flag_PM10-PM2.5 PM2.5 flag_PM2.5 K+ flag_K+ SO4-- flag_SO4--
[from data line 77]
233.291667 234.291667   81.26 0.000  0.42 0.000 9.999 0.259000   1.83 0.000000 0.024 0.000000   0.610 0.000   0.855 0.000 9999.99 0.259000   13.490 0.000   8.051 0.000   5.439 0.000 0.056 0.000 0.350 0.000000
236.291667 237.291667   26.58 0.000  0.05 0.000 9.999 0.259000   0.67 0.000000 0.021 0.000000   1.106 0.000   1.549 0.000 9999.99 0.259000    6.466 0.000   3.731 0.000   2.735 0.000 0.017 0.000 0.206 0.000000
239.291667 240.291667   37.36 0.000  0.25 0.000 9.999 0.259000   0.84 0.000000 0.046 0.000000   0.851 0.000   1.191 0.000 9999.99 0.259000    8.182 0.000   4.438 0.000   3.744 0.000 0.026 0.000 0.225 0.000000
242.291667 243.291667   27.52 0.000  0.40 0.000 9.999 0.259000   0.51 0.000000 0.017 0.000000   0.679 0.000   0.951 0.000 9999.99 0.259000    4.909 0.000   1.959 0.000   2.950 0.000 0.024 0.000 0.148 0.000000
245.291667 246.291667   29.74 0.000  0.19 0.000 9.999 0.259000   0.17 0.000000 0.015 0.000000   0.546 0.000   0.765 0.000 9999.99 0.259000    6.702 0.000   3.609 0.000   3.093 0.000 0.024 0.000 0.226 0.000000
248.291667 249.291667   29.24 0.000  0.22 0.000 9.999 0.259000   0.69 0.000000 0.011 0.000000   0.598 0.000   0.837 0.000 9999.99 0.259000    4.643 0.000   1.977 0.000   2.666 0.000 0.019 0.000 0.138 0.000000
251.291667 252.291667   31.78 0.000  0.34 0.000 9.999 0.259000   0.45 0.000000 0.021 0.000000   0.512 0.000   0.717 0.000 9999.99 0.259000    4.436 0.000   1.718 0.000   2.718 0.000 0.025 0.000 0.140 0.000000
254.291667 255.291667   20.89 0.000  0.30 0.000 9.999 0.259000   0.42 0.000000 0.009 0.000000   0.491 0.000   0.687 0.000 9999.99 0.259000    3.289 0.000   0.850 0.000   2.440 0.000 0.015 0.000 0.102 0.000000
257.291667 258.291667   29.88 0.000  0.34 0.000 9.999 0.259000   0.07 0.000000 0.015 0.000000   0.839 0.000   1.175 0.000 9999.99 0.259000    6.092 0.000   2.818 0.000   3.273 0.000 0.025 0.000 0.127 0.000000
260.291667 261.291667   40.17 0.000  0.18 0.000 9.999 0.259000   0.14 0.000000 0.011 0.000000   0.426 0.000   0.596 0.000   18.04 0.000000   13.280 0.000  10.477 0.000   2.803 0.000 0.031 0.000 0.078 0.000000
263.291667 264.291667   28.51 0.000  0.74 0.000 9.999 0.259000   0.05 0.000000 0.015 0.000000   0.353 0.000   0.495 0.000 9999.99 0.259000    4.589 0.000   2.167 0.000   2.422 0.000 0.025 0.000 0.139 0.000000
266.291667 267.291667   36.07 0.000  0.59 0.000 9.999 0.259000   0.07 0.000000 0.016 0.000000   0.513 0.000   0.718 0.000 9999.99 0.259000    8.842 0.000   5.627 0.000   3.215 0.000 0.032 0.000 0.186 0.000000
269.291667 270.291667   38.39 0.000  0.36 0.000 9.999 0.259000 999.99 0.259000 0.013 0.000000   0.950 0.000   1.330 0.000 9999.99 0.259000    7.792 0.000   3.067 0.000   4.725 0.000 0.035 0.000 0.101 0.000000
272.291667 273.291667   23.87 0.000  0.52 0.000 9.999 0.259000   0.07 0.000000 0.021 0.000000   0.782 0.000   1.095 0.000 9999.99 0.259000    7.058 0.000   3.222 0.000   3.837 0.000 0.023 0.000 0.221 0.000000
275.291667 276.291667   20.68 0.000  0.14 0.000 9.999 0.259000   0.23 0.000000 0.084 0.000000   0.613 0.000   0.858 0.000 9999.99 0.259000    4.914 0.000   2.352 0.000   2.562 0.000 0.014 0.000 0.140 0.000000
278.291667 279.291667   46.92 0.000  0.29 0.000 9.999 0.259000   0.05 0.000000 0.037 0.000000   0.833 0.000   1.166 0.000 9999.99 0.259000    4.386 0.000 999.999 0.259   4.969 0.000 0.027 0.000 0.307 0.000000
281.291667 282.291667   17.51 0.000  0.31 0.000 9.999 0.259000   0.05 0.000000 0.017 0.000000   0.619 0.000   0.867 0.000 9999.99 0.259000    6.376 0.000   2.620 0.000   3.756 0.000 0.013 0.000 0.280 0.000000
284.291667 285.291667   62.89 0.000  0.42 0.000 9.999 0.259000 999.99 0.259000 0.041 0.000000   0.442 0.000   0.619 0.000 9999.99 0.259000    8.415 0.000   3.871 0.000   4.544 0.000 0.040 0.000 0.181 0.000000
287.291667 288.291667   41.08 0.000  0.57 0.000 9.999 0.259000   0.06 0.000000 0.025 0.000000   0.402 0.000   0.563 0.000 9999.99 0.259000    8.203 0.000   5.336 0.000   2.867 0.000 0.027 0.000 0.170 0.000000
290.291667 291.291667   30.71 0.559  0.47 0.559 9.999 0.559259 999.99 0.559259 0.014 0.000000   0.546 0.000   0.765 0.000 9999.99 0.559259    7.554 0.000   5.007 0.000   2.546 0.559 0.020 0.559 0.135 0.000000
293.291667 294.291667   39.48 0.000  0.27 0.000 9.999 0.259000 999.99 0.259000 0.014 0.000000   0.778 0.000   1.090 0.000 9999.99 0.259000    6.853 0.000   3.641 0.000   3.212 0.000 0.026 0.000 0.124 0.000000
296.291667 297.291667   46.66 0.559  0.71 0.559 0.030 0.559000   0.07 0.559000 0.020 0.000000   0.545 0.000   0.763 0.000 9999.99 0.559259   12.623 0.000   8.985 0.000   3.638 0.559 0.034 0.559 0.152 0.000000
299.291667 300.291667   33.90 0.000  0.34 0.000 9.999 0.259000   0.12 0.000000 0.011 0.000000   0.503 0.000   0.705 0.000 9999.99 0.259000    9.259 0.000   7.206 0.000   2.053 0.000 0.027 0.000 0.053 0.000000
302.291667 303.291667  431.06 0.699  2.43 0.699 0.274 0.699000   0.21 0.699000 0.319 0.000000   8.726 0.000  12.216 0.000 9999.99 0.699259  117.723 0.000  85.254 0.000  32.469 0.699 0.596 0.699 0.233 0.000000
305.291667 306.291667   23.43 0.559  1.80 0.559 9.999 0.559259   0.09 0.559000 0.127 0.000000   2.271 0.000   3.179 0.000 9999.99 0.559259   10.131 0.000   3.220 0.000   6.911 0.559 0.174 0.559 0.306 0.000000
308.291667 309.291667   11.86 0.000  0.35 0.000 9.999 0.259000 999.99 0.259000 0.054 0.000000   0.408 0.000   0.571 0.000 9999.99 0.259000    6.451 0.000   4.396 0.000   2.055 0.000 0.009 0.000 0.145 0.000000
311.291667 312.291667   13.85 0.000  0.34 0.000 9.999 0.259000 999.99 0.259000 0.044 0.000000   0.641 0.000   0.898 0.000 9999.99 0.259000    5.637 0.000   2.904 0.000   2.734 0.000 0.011 0.000 0.219 0.000000
314.291667 315.291667 9999.99 0.456 99.99 0.456 9.999 0.456000 999.99 0.456000 0.069 0.000000   0.334 0.000   0.467 0.000 9999.99 0.456000    2.819 0.000 999.999 0.999 999.999 0.456 9.999 0.456 0.162 0.000000
317.291667 318.291667   20.19 0.000  0.44 0.000 0.018 0.000000 999.99 0.259000 0.115 0.000000   0.620 0.000   0.868 0.000 9999.99 0.259000    3.881 0.000   1.207 0.000   2.673 0.000 0.015 0.000 0.157 0.000000
320.291667 321.291667   10.17 0.000  0.41 0.000 9.999 0.259000 999.99 0.259000 0.135 0.000000   0.355 0.000   0.497 0.000 9999.99 0.259000    3.123 0.000   1.180 0.000   1.943 0.000 0.010 0.000 0.137 0.000000
323.291667 324.291667   33.85 0.000  0.32 0.000 9.999 0.259000   0.16 0.000000 0.011 0.000000   0.331 0.000   0.463 0.000 9999.99 0.259000    2.655 0.000   0.446 0.000   2.210 0.000 0.021 0.000 0.045 0.000000
326.291667 327.291667   29.49 0.000  0.31 0.000 0.025 0.000000   0.43 0.000000 0.061 0.000000   0.423 0.000   0.593 0.000 9999.99 0.259000    2.728 0.000   0.124 0.000   2.604 0.000 0.025 0.000 0.079 0.000000
329.291667 330.291667   40.43 0.000  0.57 0.000 9.999 0.259000   0.25 0.000000 0.042 0.000000   0.419 0.000   0.587 0.000   14.56 0.000000    7.355 0.000   5.062 0.000   2.294 0.000 0.027 0.000 0.087 0.000000
332.291667 333.291667   17.20 0.000  0.63 0.000 9.999 0.259000   0.08 0.000000 0.013 0.000000   0.477 0.000   0.668 0.000 9999.99 0.259000    2.042 0.000   0.063 0.000   1.980 0.000 0.014 0.000 0.089 0.000000
335.291667 336.291667   44.86 0.000  0.54 0.000 9.999 0.259000   0.14 0.000000 0.032 0.000000   0.540 0.000   0.756 0.000 9999.99 0.259000    5.903 0.000   2.733 0.000   3.170 0.000 0.032 0.000 0.109 0.000000
338.291667 339.291667   55.64 0.000  0.46 0.000 0.029 0.000000   0.15 0.000000 0.045 0.000000   0.761 0.000   1.066 0.000 9999.99 0.259000    8.864 0.000   5.489 0.000   3.376 0.000 0.036 0.000 0.102 0.000000
341.291667 342.291667   44.89 0.000  0.63 0.000 9.999 0.259000   0.28 0.000000 0.020 0.000000   0.332 0.000   0.464 0.000 9999.99 0.259000    4.003 0.000   1.709 0.000   2.294 0.000 0.033 0.000 0.113 0.000000
344.291667 345.291667   39.33 0.000  0.53 0.000 9.999 0.259000   0.32 0.000000 0.057 0.000000   0.372 0.000   0.521 0.000 9999.99 0.259000    3.452 0.000   1.096 0.000   2.356 0.000 0.027 0.000 0.061 0.000000
347.291667 348.291667   30.98 0.000  0.28 0.000 9.999 0.259000   0.15 0.000000 0.021 0.000000   0.437 0.000   0.611 0.000 9999.99 0.259000    5.095 0.000   3.116 0.000   1.980 0.000 0.022 0.000 0.048 0.000000
350.291667 351.291667   39.31 0.000  0.29 0.000 9.999 0.259000   0.39 0.000000 0.018 0.000000   0.358 0.000   0.501 0.000 9999.99 0.259000    3.082 0.000   0.959 0.000   2.123 0.000 0.027 0.000 0.054 0.000000
353.291667 354.291667   24.52 0.000  0.25 0.000 9.999 0.259000   0.18 0.000000 0.014 0.000000   0.579 0.000   0.810 0.000 9999.99 0.259000    2.924 0.000   0.887 0.000   2.037 0.000 0.017 0.000 0.043 0.000000
356.291667 357.291667   29.63 0.000  0.23 0.000 0.022 0.000000   0.26 0.000000 0.111 0.000000   0.670 0.000   0.938 0.000 9999.99 0.259000    3.798 0.000   1.044 0.000   2.754 0.000 0.022 0.000 0.152 0.000000
359.291667 360.291667 9999.99 0.456 99.99 0.456 9.999 0.456000 999.99 0.456000 0.018 0.000000   0.371 0.000   0.520 0.000 9999.99 0.456000    4.412 0.000 999.999 0.999 999.999 0.456 9.999 0.456 0.060 0.000000
362.291667 363.291667 9999.99 0.456 99.99 0.456 9.999 0.456000 999.99 0.456000 0.012 0.000000   0.337 0.000   0.471 0.000 9999.99 0.456000    1.808 0.000 999.999 0.999 999.999 0.456 9.999 0.456 0.046 0.000000
