scripts/IMPROVE-2019_partial/data/US0699R.20040101070000.20191216000000.filterpack..pm25.52w.1w.US03L_filterpack_US0699_2.US03L_IMPROVE_Davis.lev2.nas
52 1001
MISSING INFORMATION
US03L, IMPROVE, , , , , , , 
MISSING INFORMATION
IMPROVE sel_HTAP
1 1
2004 01 01 2019 12 16
3.000000
days from file reference point
13
1 1 1 1 1 1 1 1 1 1 1 1 1
999.999999 9999.99 9.999 99.99 9.999999 9.999 9.999999 99.99 9.999999 99.999 9.999 9.999 9.999
end_time of measurement, days from the file reference point
iron, ng/m3, Revision date=20181210133000
numflag iron, no unit, Revision date=20181210133000
lead, ng/m3, Revision date=20181210133000
numflag lead, no unit, Revision date=20181210133000
magnesium, ug/m3, Revision date=20181210133000
numflag magnesium, no unit, Revision date=20181210133000
nickel, ng/m3, Revision date=20181210133000
numflag nickel, no unit, Revision date=20181210133000
pm25_mass, ug/m3, Version=2, Version description=Data extracted from http://views.cira.colostate.edu/fed/DataWizard 2019-12-16, Sample duration=1d, Orig. time res.=3d, Blank correction=Blank corrected, Volume std. temperature=ambient, Volume std. pressure=ambient
numflag pm25_mass, no unit, Version=2, Version description=Data extracted from http://views.cira.colostate.edu/fed/DataWizard 2019-12-16, Sample duration=1d, Orig. time res.=3d, Blank correction=Blank corrected, Volume std. temperature=ambient, Volume std. pressure=ambient
potassium, ug/m3, Revision date=20181210133000
numflag potassium, no unit, Revision date=20181210133000
0
25
Data definition:              EBAS_1.1
Set type code:                TU
Timezone:                     UTC
File name:                    US0699R.20040101070000.20191216000000.filterpack..pm25.52w.1w.US03L_filterpack_US0699_2.US03L_IMPROVE_Davis.lev2.nas
File creation:                20191218120305
Startdate:                    20040101070000
Revision date:                20191216000000
Statistics:                   arithmetic mean
Data level:                   2
Period code:                  52w
Resolution code:              1w
Station code:                 US0699R
Platform code:                US0699S
Station name:                 Mesa Verde National Park-Chapin Mesa (CO99)
Station latitude:             37.1981
Station longitude:            -108.4903
Station altitude:             2172.0 m
Regime:                       IMG
Component:                    
Matrix:                       pm25
Laboratory code:              US03L
Instrument type:              filterpack
Instrument name:              filterpack_US0699_2
Method ref:                   US03L_IMPROVE_Davis
starttime endtime Fe flag_Fe Pb flag_Pb Mg++ flag_Mg++ Ni flag_Ni PM2.5 flag_PM2.5 K+ flag_K+
  0.291667   1.291667 9999.99 0.456 99.99 0.456000 9.999 0.456000 99.99 0.456000 99.999 0.456 9.999 0.456
  3.291667   4.291667 9999.99 0.456 99.99 0.456000 9.999 0.456000 99.99 0.456000 99.999 0.456 9.999 0.456
  6.291667   7.291667   23.60 0.000  0.54 0.000000 0.032 0.000000  0.48 0.000000  1.614 0.000 0.016 0.000
  9.291667  10.291667   15.11 0.000  0.42 0.000000 9.999 0.259000  0.17 0.000000  1.614 0.000 0.018 0.000
 12.291667  13.291667   17.08 0.000  0.45 0.000000 9.999 0.259000  0.23 0.000000  2.473 0.000 0.018 0.000
 15.291667  16.291667   32.02 0.000  0.23 0.000000 0.028 0.000000  1.51 0.000000  3.519 0.000 0.023 0.000
 18.291667  19.291667    6.80 0.000  0.38 0.000000 9.999 0.259000 99.99 0.259000  2.346 0.000 0.008 0.000
 21.291667  22.291667    6.56 0.000  0.42 0.000000 0.024 0.000000  0.05 0.000000  2.747 0.000 0.010 0.000
 24.291667  25.291667   10.12 0.000  0.58 0.000000 9.999 0.259000  0.13 0.000000  1.931 0.000 0.010 0.000
 27.291667  28.291667    8.51 0.000  0.12 0.000000 9.999 0.259000  0.07 0.000000  0.948 0.000 0.008 0.000
 30.291667  31.291667   13.74 0.000  0.47 0.000000 9.999 0.259000  0.06 0.000000  1.502 0.000 0.010 0.000
 33.291667  34.291667    5.96 0.000  0.27 0.000000 9.999 0.259000 99.99 0.259000  1.018 0.000 0.006 0.000
 36.291667  37.291667    5.82 0.000  0.27 0.000000 9.999 0.259000  0.13 0.000000  1.698 0.000 0.006 0.000
 39.291667  40.291667    6.81 0.000  0.23 0.000000 9.999 0.259000  0.12 0.000000  1.092 0.000 0.004 0.000
 42.291667  43.291667    8.17 0.000  0.26 0.000000 9.999 0.259000  0.12 0.000000  1.821 0.000 0.009 0.000
 45.291667  46.291667    6.55 0.000  0.22 0.000000 9.999 0.259000  0.06 0.000000  1.036 0.000 0.007 0.000
 48.291667  49.291667   21.40 0.000  0.28 0.000000 9.999 0.259000  0.06 0.000000  1.310 0.000 0.013 0.000
 51.291667  52.291667   11.58 0.000  0.20 0.000000 0.020 0.000000 99.99 0.259000  1.598 0.000 0.009 0.000
 54.291667  55.291667    4.19 0.000 99.99 0.259000 9.999 0.259000  0.12 0.000000  0.689 0.000 0.003 0.000
 57.291667  58.291667   35.78 0.000  2.09 0.000000 0.025 0.000000 99.99 0.259000  3.017 0.000 0.037 0.000
 60.291667  61.291667    2.78 0.000 99.99 0.259000 9.999 0.259000 99.99 0.259000  0.903 0.000 0.003 0.000
 63.291667  64.291667   23.10 0.000  0.81 0.000000 9.999 0.259000 99.99 0.259000  2.429 0.000 0.020 0.000
 66.291667  67.291667   37.72 0.000  0.96 0.000000 9.999 0.259000 99.99 0.259000  1.826 0.000 0.030 0.000
 69.291667  70.291667   23.58 0.000  0.73 0.000000 9.999 0.259000 99.99 0.259000  2.254 0.000 0.023 0.000
 72.291667  73.291667   23.26 0.000  0.74 0.000000 9.999 0.259000  0.06 0.000000  2.377 0.000 0.022 0.000
 75.291667  76.291667   55.86 0.000  1.06 0.000000 0.055 0.000000 99.99 0.259000  2.278 0.000 0.037 0.000
 78.291667  79.291667   41.35 0.000  1.56 0.000000 9.999 0.259000 99.99 0.259000  2.487 0.000 0.037 0.000
 81.291667  82.291667   42.01 0.000  1.07 0.000000 0.050 0.000000  0.07 0.000000  4.056 0.000 0.038 0.000
 84.291667  85.291667  114.56 0.000  1.63 0.000000 9.999 0.259000  0.19 0.000000  5.169 0.000 0.079 0.000
 87.291667  88.291667   47.39 0.000  0.29 0.000000 9.999 0.259000  0.44 0.000000  2.080 0.000 0.029 0.000
 90.291667  91.291667   80.15 0.000  0.89 0.000000 0.062 0.000000 99.99 0.259000  3.810 0.000 0.056 0.000
 93.291667  94.291667   10.69 0.000 99.99 0.259000 9.999 0.259000  0.13 0.000000  0.612 0.000 0.008 0.000
 96.291667  97.291667    7.56 0.000  0.14 0.000000 9.999 0.259000 99.99 0.259000  1.754 0.000 0.007 0.000
 99.291667 100.291667   55.38 0.000  0.71 0.000000 9.999 0.259000 99.99 0.259000  3.503 0.000 0.034 0.000
102.291667 103.291667   48.35 0.000  1.54 0.000000 9.999 0.259000 99.99 0.259000  3.179 0.000 0.034 0.000
105.291667 106.291667  117.23 0.000  1.36 0.000000 0.081 0.000000 99.99 0.259000  4.588 0.000 0.079 0.000
108.291667 109.291667  112.18 0.000  1.47 0.000000 9.999 0.259000 99.99 0.259000  4.425 0.000 0.083 0.000
111.291667 112.291667   74.36 0.000  2.66 0.000000 0.054 0.000000 99.99 0.259000  4.148 0.000 0.063 0.000
114.291667 115.291667   32.63 0.000  0.71 0.000000 9.999 0.259000  0.08 0.000000  2.083 0.000 0.025 0.000
117.291667 118.291667  112.59 0.000  3.60 0.000000 9.999 0.259000 99.99 0.259000  5.118 0.000 0.076 0.000
120.291667 121.291667   31.89 0.000  0.29 0.000000 0.030 0.000000 99.99 0.259000  2.050 0.000 0.021 0.000
123.291667 124.291667   72.16 0.000  1.01 0.000000 0.032 0.000000 99.99 0.259000  4.058 0.000 0.043 0.000
126.291667 127.291667   99.19 0.000  1.11 0.000000 0.068 0.000000  0.11 0.000000  5.262 0.000 0.086 0.000
129.291667 130.291667   51.46 0.000  0.64 0.000000 9.999 0.259000  0.08 0.000000  3.151 0.000 0.039 0.000
132.291667 133.291667  105.60 0.559  0.85 0.559000 9.999 0.559259  0.06 0.559000  5.347 0.559 0.079 0.559
135.291667 136.291667   67.89 0.000  1.07 0.000000 9.999 0.259000 99.99 0.259000  3.393 0.000 0.046 0.000
138.291667 139.291667   75.64 0.559  0.65 0.559000 9.999 0.559259  0.11 0.559000  4.010 0.559 0.051 0.559
141.291667 142.291667   91.05 0.559 99.99 0.559259 9.999 0.559259  0.08 0.559000  3.276 0.559 0.055 0.559
144.291667 145.291667   93.42 0.559  1.49 0.559000 9.999 0.559259 99.99 0.559259  4.332 0.559 0.063 0.559
147.291667 148.291667  100.44 0.000  0.81 0.000000 0.043 0.000000  0.08 0.000000  3.811 0.000 0.060 0.000
150.291667 151.291667   29.18 0.559  0.54 0.559000 9.999 0.559259 99.99 0.559259  2.021 0.559 0.021 0.559
153.291667 154.291667   43.28 0.000  0.83 0.000000 9.999 0.259000  0.07 0.000000  3.056 0.000 0.031 0.000
156.291667 157.291667   47.18 0.000  0.75 0.000000 9.999 0.259000  0.12 0.000000  3.409 0.000 0.036 0.000
159.291667 160.291667   79.39 0.559  1.19 0.559000 0.112 0.559000  0.13 0.559000  5.208 0.559 0.103 0.559
162.291667 163.291667   30.55 0.559  1.11 0.559000 9.999 0.559259 99.99 0.559259  2.838 0.559 0.026 0.559
165.291667 166.291667   56.29 0.000  0.75 0.000000 9.999 0.259000 99.99 0.259000  3.537 0.000 0.055 0.000
168.291667 169.291667   74.78 0.000  0.83 0.000000 9.999 0.259000  0.10 0.000000  4.264 0.000 0.069 0.000
171.291667 172.291667   80.23 0.000  0.52 0.000000 9.999 0.259000  0.09 0.000000  3.410 0.000 0.052 0.000
174.291667 175.291667   27.56 0.559  0.44 0.559000 9.999 0.559259 99.99 0.559259  2.160 0.559 0.020 0.559
177.291667 178.291667   33.32 0.000  0.41 0.000000 0.085 0.000000  0.09 0.000000  2.829 0.000 0.034 0.000
180.291667 181.291667   18.26 0.000  0.29 0.000000 9.999 0.259000  0.05 0.000000  3.542 0.000 0.038 0.000
183.291667 184.291667   21.21 0.559 99.99 0.559259 9.999 0.559259 99.99 0.559259  7.890 0.559 0.113 0.559
186.291667 187.291667   47.72 0.559  0.37 0.559000 9.999 0.559259  0.06 0.559000  3.607 0.559 0.059 0.559
189.291667 190.291667   72.73 0.559  0.69 0.559000 0.031 0.559000  0.13 0.559000  7.639 0.559 0.103 0.559
192.291667 193.291667   36.40 0.559  0.25 0.559000 9.999 0.559259 99.99 0.559259  3.232 0.559 0.039 0.559
195.291667 196.291667   63.03 0.000  0.35 0.000000 9.999 0.259000 99.99 0.259000  3.701 0.000 0.041 0.000
198.291667 199.291667   80.85 0.000  0.24 0.000000 9.999 0.259000  0.14 0.000000  3.362 0.000 0.050 0.000
201.291667 202.291667   47.04 0.559  0.36 0.559000 9.999 0.559259 99.99 0.559259  3.925 0.559 0.053 0.559
204.291667 205.291667   31.54 0.559  0.36 0.559000 9.999 0.559259 99.99 0.559259  2.888 0.559 0.033 0.559
207.291667 208.291667   16.27 0.559  0.19 0.559000 9.999 0.559259 99.99 0.559259  2.588 0.559 0.018 0.559
210.291667 211.291667   25.25 0.559  0.09 0.559000 9.999 0.559259  0.05 0.559000  2.739 0.559 0.023 0.559
213.291667 214.291667   47.77 0.000  0.43 0.000000 9.999 0.259000 99.99 0.259000  5.702 0.000 0.057 0.000
216.291667 217.291667   69.34 0.559  0.30 0.559000 9.999 0.559259  0.12 0.559000  4.724 0.559 0.049 0.559
219.291667 220.291667   38.43 0.000  0.18 0.000000 9.999 0.259000  0.08 0.000000  2.580 0.000 0.030 0.000
222.291667 223.291667   33.38 0.559  0.27 0.559000 9.999 0.559259 99.99 0.559259  3.277 0.559 0.028 0.559
225.291667 226.291667   71.39 0.559  0.28 0.559000 0.025 0.559000 99.99 0.559259  4.662 0.559 0.054 0.559
228.291667 229.291667   58.91 0.559  0.23 0.559000 9.999 0.559259  0.06 0.559000  3.898 0.559 0.037 0.559
231.291667 232.291667   34.07 0.000  0.39 0.000000 9.999 0.259000  5.93 0.000000  3.042 0.000 0.026 0.000
234.291667 235.291667   29.51 0.000  0.32 0.000000 9.999 0.259000  0.59 0.000000  3.342 0.000 0.025 0.000
237.291667 238.291667   32.42 0.000  0.36 0.000000 9.999 0.259000  2.57 0.000000  2.083 0.000 0.025 0.000
240.291667 241.291667   20.69 0.000  0.34 0.000000 9.999 0.259000  0.05 0.000000  1.963 0.000 0.017 0.000
243.291667 244.291667   22.28 0.000 99.99 0.259000 9.999 0.259000  0.10 0.000000  2.719 0.000 0.020 0.000
246.291667 247.291667   89.19 0.559  0.58 0.559000 9.999 0.559259  0.14 0.559000  5.465 0.559 0.061 0.559
249.291667 250.291667 9999.99 0.999 99.99 0.999000 9.999 0.999000 99.99 0.999000 99.999 0.999 9.999 0.999
252.291667 253.291667   26.30 0.000  0.42 0.000000 9.999 0.259000  0.19 0.000000  3.224 0.000 0.018 0.000
255.291667 256.291667   37.40 0.000  0.30 0.000000 9.999 0.259000  2.15 0.000000  2.980 0.000 0.026 0.000
258.291667 259.291667 9999.99 0.999 99.99 0.999000 9.999 0.999000 99.99 0.999000 99.999 0.999 9.999 0.999
261.291667 262.291667   33.08 0.000  0.63 0.000000 9.999 0.259000  0.34 0.000000  2.924 0.000 0.022 0.000
264.291667 265.291667   27.87 0.000  0.46 0.000000 0.074 0.000000 99.99 0.259000  2.026 0.000 0.019 0.000
267.291667 268.291667    7.81 0.000  0.19 0.000000 9.999 0.259000  0.16 0.000000  1.377 0.000 0.007 0.000
270.291667 271.291667   17.74 0.000  0.57 0.000000 0.052 0.000000  0.07 0.000000  2.367 0.000 0.013 0.000
273.291667 274.291667   14.52 0.000  0.26 0.000000 9.999 0.259000  0.26 0.000000  1.477 0.000 0.011 0.000
276.291667 277.291667   16.73 0.559  0.40 0.559000 9.999 0.559259  0.34 0.559000  2.784 0.559 0.015 0.559
279.291667 280.291667   16.83 0.000  0.28 0.000000 9.999 0.259000  1.73 0.000000  2.653 0.000 0.012 0.000
282.291667 283.291667   12.55 0.000  0.19 0.000000 9.999 0.259000  0.11 0.000000  3.134 0.000 0.012 0.000
285.291667 286.291667   12.72 0.000  0.18 0.000000 9.999 0.259000 99.99 0.259000  2.322 0.000 0.012 0.000
288.291667 289.291667   23.60 0.000  0.43 0.000000 9.999 0.259000 99.99 0.259000  1.615 0.000 0.018 0.000
291.291667 292.291667   28.19 0.000  0.45 0.000000 9.999 0.259000  0.15 0.000000  2.578 0.000 0.028 0.000
294.291667 295.291667   31.90 0.000  0.32 0.000000 9.999 0.259000 99.99 0.259000  2.471 0.000 0.028 0.000
297.291667 298.291667   19.99 0.000  1.06 0.000000 0.045 0.000000  0.09 0.000000  2.193 0.000 0.019 0.000
300.291667 301.291667    7.84 0.000  0.28 0.000000 9.999 0.259000 99.99 0.259000  1.306 0.000 0.006 0.000
303.291667 304.291667   17.56 0.000  0.32 0.000000 9.999 0.259000  1.58 0.000000  1.614 0.000 0.011 0.000
306.291667 307.291667    7.11 0.000  0.25 0.000000 0.073 0.000000  0.45 0.000000  1.089 0.000 0.009 0.000
309.291667 310.291667   15.73 0.000  0.40 0.000000 9.999 0.259000  0.11 0.000000  1.389 0.000 0.014 0.000
312.291667 313.291667   10.91 0.000  0.35 0.000000 9.999 0.259000 99.99 0.259000  1.768 0.000 0.014 0.000
315.291667 316.291667    9.11 0.000  0.48 0.000000 9.999 0.259000 99.99 0.259000  2.678 0.000 0.011 0.000
318.291667 319.291667    5.68 0.000  0.35 0.000000 9.999 0.259000  0.43 0.000000  0.988 0.000 0.005 0.000
321.291667 322.291667    7.36 0.000  0.20 0.000000 9.999 0.259000  0.49 0.000000  2.065 0.000 0.007 0.000
324.291667 325.291667   11.20 0.000  0.57 0.000000 9.999 0.259000  0.51 0.000000  2.650 0.000 0.008 0.000
327.291667 328.291667    5.53 0.000  0.27 0.000000 9.999 0.259000  0.15 0.000000  1.598 0.000 0.007 0.000
330.291667 331.291667    9.86 0.000  0.36 0.000000 9.999 0.259000  0.11 0.000000  1.257 0.000 0.007 0.000
333.291667 334.291667    8.04 0.000  0.21 0.000000 9.999 0.259000 99.99 0.259000  1.651 0.000 0.010 0.000
336.291667 337.291667    8.37 0.000  0.47 0.000000 9.999 0.259000 99.99 0.259000  1.426 0.000 0.007 0.000
339.291667 340.291667    7.55 0.000  0.60 0.000000 0.040 0.000000  0.09 0.000000  2.748 0.000 0.008 0.000
342.291667 343.291667    3.96 0.000 99.99 0.259000 9.999 0.259000 99.99 0.259000  1.543 0.000 0.004 0.000
345.291667 346.291667    5.20 0.000  0.74 0.000000 9.999 0.259000 99.99 0.259000  1.425 0.000 0.006 0.000
348.291667 349.291667   10.56 0.000  0.32 0.000000 9.999 0.259000  0.08 0.000000  1.795 0.000 0.009 0.000
351.291667 352.291667    6.11 0.000  0.20 0.000000 9.999 0.259000 99.99 0.259000  1.623 0.000 0.006 0.000
354.291667 355.291667   13.56 0.000  0.45 0.000000 0.048 0.000000 99.99 0.259000  1.010 0.000 0.013 0.000
357.291667 358.291667    3.60 0.000  0.30 0.000000 9.999 0.259000  0.19 0.000000  1.132 0.000 0.006 0.000
360.291667 361.291667    3.84 0.000  0.28 0.000000 0.050 0.000000  0.07 0.000000  0.948 0.000 0.006 0.000
363.291667 364.291667   15.25 0.000  0.32 0.000000 0.027 0.000000  0.60 0.000000  1.412 0.000 0.015 0.000
