scripts/IMPROVE-2019_partial/data/US0699R.20040101070000.20191216000000.filterpack..pm25.52w.1w.US03L_filterpack_US0699.US03L_IMPROVE_Davis.lev2.nas
66 1001
MISSING INFORMATION
US03L, IMPROVE, , , , , , , 
MISSING INFORMATION
IMPROVE sel_HTAP
1 1
2004 01 01 2019 12 16
3.000000
days from file reference point
27
1 1 1 1 1 1 1 1 1 1 1 1 1 1 1 1 1 1 1 1 1 1 1 1 1 1 1
999.999999 9999.99 9.999 99.99 9.999999 9.999 9.999999 9.99 9.999999 9.999 9.999 99.999 9.999 99.999 9.999 99.99 9.999999 999.999 9.999 999.999 9.999 99.999 9.999 9.999 9.999 9.999 9.999
end_time of measurement, days from the file reference point
iron, ng/m3, Revision date=20181210133000
numflag iron, no unit, Revision date=20181210133000
lead, ng/m3, Revision date=20181210133000
numflag lead, no unit, Revision date=20181210133000
magnesium, ug/m3, Revision date=20181210133000
numflag magnesium, no unit, Revision date=20181210133000
nickel, ng/m3, Revision date=20181210133000
numflag nickel, no unit, Revision date=20181210133000
nitrate, ug N/m3, Revision date=20181210133000
numflag nitrate, no unit, Revision date=20181210133000
organic_carbon, ug C/m3, Revision date=20181210133000
numflag organic_carbon, no unit, Revision date=20181210133000
organic_mass, ug/m3, Revision date=20181210133000
numflag organic_mass, no unit, Revision date=20181210133000
phosphorus, ng/m3, Revision date=20181210133000
numflag phosphorus, no unit, Revision date=20181210133000
pm10_mass, ug/m3, Version=2, Version description=Data extracted from http://views.cira.colostate.edu/fed/DataWizard 2019-12-16, Sample duration=1d, Orig. time res.=3d, Matrix=pm10, Blank correction=Blank corrected, Volume std. temperature=ambient, Volume std. pressure=ambient
numflag pm10_mass, no unit, Version=2, Version description=Data extracted from http://views.cira.colostate.edu/fed/DataWizard 2019-12-16, Sample duration=1d, Orig. time res.=3d, Matrix=pm10, Blank correction=Blank corrected, Volume std. temperature=ambient, Volume std. pressure=ambient
pm10_pm25_mass, ug/m3, Revision date=20181210133000, Matrix=pm10_pm25
numflag pm10_pm25_mass, no unit, Revision date=20181210133000, Matrix=pm10_pm25
pm25_mass, ug/m3, Version=2, Version description=Data extracted from http://views.cira.colostate.edu/fed/DataWizard 2019-12-16, Sample duration=1d, Orig. time res.=3d, Blank correction=Blank corrected, Volume std. temperature=ambient, Volume std. pressure=ambient
numflag pm25_mass, no unit, Version=2, Version description=Data extracted from http://views.cira.colostate.edu/fed/DataWizard 2019-12-16, Sample duration=1d, Orig. time res.=3d, Blank correction=Blank corrected, Volume std. temperature=ambient, Volume std. pressure=ambient
potassium, ug/m3, Revision date=20181210133000
numflag potassium, no unit, Revision date=20181210133000
sulphate_total, ug S/m3, Revision date=20181210133000
numflag sulphate_total, no unit, Revision date=20181210133000
0
25
Data definition:              EBAS_1.1
Set type code:                TU
Timezone:                     UTC
File name:                    US0699R.20040101070000.20191216000000.filterpack..pm25.52w.1w.US03L_filterpack_US0699.US03L_IMPROVE_Davis.lev2.nas
File creation:                20191218120304
Startdate:                    20040101070000
Revision date:                20191216000000
Statistics:                   arithmetic mean
Data level:                   2
Period code:                  52w
Resolution code:              1w
Station code:                 US0699R
Platform code:                US0699S
Station name:                 Mesa Verde National Park-Chapin Mesa (CO99)
Station latitude:             37.1981
Station longitude:            -108.4903
Station altitude:             2172.0 m
Regime:                       IMG
Component:                    
Matrix:                       pm25
Laboratory code:              US03L
Instrument type:              filterpack
Instrument name:              filterpack_US0699
Method ref:                   US03L_IMPROVE_Davis
starttime endtime Fe flag_Fe Pb flag_Pb Mg++ flag_Mg++ Ni flag_Ni NO3- flag_NO3- OC flag_OC OM flag_OM P flag_P PM10 flag_PM10 PM10-PM2.5 flag_PM10-PM2.5 PM2.5 flag_PM2.5 K+ flag_K+ SO4-- flag_SO4--
  0.291667   1.291667   26.61 0.000  1.01 0.000000 9.999 0.259000 0.24 0.000000 0.047 0.000  0.410 0.000  0.573 0.000 99.99 0.259000   6.577 0.000   4.171 0.000  2.406 0.000 0.028 0.000 0.158 0.000
  3.291667   4.291667   17.47 0.000  0.35 0.000000 0.017 0.000000 0.31 0.000000 0.030 0.000  0.356 0.000  0.499 0.000 99.99 0.259000   1.653 0.000   0.301 0.000  1.352 0.000 0.012 0.000 0.052 0.000
  6.291667   7.291667   17.24 0.000  0.62 0.000000 9.999 0.259000 0.33 0.000000 0.013 0.559  0.378 0.000  0.529 0.000 99.99 0.259000   2.247 0.000   0.791 0.000  1.456 0.000 0.012 0.000 0.060 0.559
  9.291667  10.291667   20.84 0.000  0.30 0.000000 9.999 0.259000 0.16 0.000000 0.029 0.000  0.579 0.000  0.810 0.000 99.99 0.259000   2.124 0.000 999.999 0.259  2.841 0.000 0.021 0.000 0.065 0.000
 12.291667  13.291667   27.85 0.000  0.60 0.000000 9.999 0.259000 0.35 0.000000 0.046 0.000  0.757 0.000  1.060 0.000 99.99 0.259000   3.633 0.000   0.668 0.000  2.964 0.000 0.024 0.000 0.118 0.000
 15.291667  16.291667   11.19 0.000  0.21 0.000000 9.999 0.259000 9.99 0.259000 0.053 0.000  0.596 0.000  0.834 0.000 99.99 0.259000   3.780 0.000   1.188 0.000  2.593 0.000 0.011 0.000 0.343 0.000
 18.291667  19.291667   19.86 0.000  0.19 0.000000 9.999 0.259000 0.22 0.000000 0.087 0.000  0.518 0.000  0.725 0.000 99.99 0.259000   2.900 0.000   0.195 0.000  2.706 0.000 0.015 0.000 0.224 0.000
 21.291667  22.291667   22.52 0.000  0.43 0.000000 9.999 0.259000 0.21 0.000000 0.080 0.000  0.615 0.000  0.861 0.000 99.99 0.259000   4.453 0.000   1.326 0.000  3.127 0.000 0.018 0.000 0.295 0.000
 24.291667  25.291667   24.79 0.000  0.26 0.000000 9.999 0.259000 0.19 0.000000 0.141 0.000  0.453 0.000  0.634 0.000 99.99 0.259000  10.191 0.000   7.654 0.000  2.537 0.000 0.018 0.000 0.199 0.000
 27.291667  28.291667   26.22 0.000  0.24 0.000000 9.999 0.259000 0.22 0.000000 0.026 0.000  0.169 0.000  0.237 0.000 99.99 0.259000   2.288 0.000   1.020 0.000  1.268 0.000 0.018 0.000 0.057 0.000
 30.291667  31.291667   17.24 0.000  0.32 0.000000 9.999 0.259000 0.17 0.000000 0.083 0.000  0.306 0.000  0.429 0.000 99.99 0.259000   2.737 0.000   1.009 0.000  1.728 0.000 0.011 0.000 0.105 0.000
 33.291667  34.291667   21.42 0.000  0.09 0.000000 0.019 0.000000 0.30 0.000000 0.019 0.000  0.265 0.000  0.371 0.000 99.99 0.259000   1.972 0.000   0.198 0.000  1.774 0.000 0.014 0.000 0.090 0.000
 36.291667  37.291667   17.87 0.000  0.15 0.000000 9.999 0.259000 0.20 0.000000 0.020 0.559  0.233 0.000  0.326 0.000 99.99 0.259000   2.589 0.000   0.768 0.000  1.821 0.000 0.012 0.000 0.191 0.559
 39.291667  40.291667   13.68 0.000  0.26 0.000000 0.021 0.000000 0.19 0.000000 0.024 0.000  0.124 0.000  0.173 0.000 99.99 0.259000   1.471 0.000   0.163 0.000  1.308 0.000 0.009 0.000 0.086 0.000
 42.291667  43.291667   13.96 0.000  0.38 0.000000 9.999 0.259000 0.20 0.000000 0.070 0.000  0.365 0.000  0.511 0.000 99.99 0.259000   4.520 0.000   2.501 0.000  2.019 0.000 0.012 0.000 0.194 0.000
 45.291667  46.291667   10.32 0.000  0.21 0.000000 9.999 0.259000 9.99 0.259000 0.016 0.000  0.133 0.000  0.186 0.000 99.99 0.259000   1.552 0.000   0.276 0.000  1.277 0.000 0.009 0.000 0.098 0.000
 48.291667  49.291667   26.75 0.000  0.29 0.000000 9.999 0.259000 0.07 0.000000 0.017 0.559  0.611 0.000  0.855 0.000 99.99 0.259000   4.061 0.000   2.622 0.000  1.439 0.000 0.015 0.000 0.071 0.559
 51.291667  52.291667   14.55 0.000  0.43 0.000000 9.999 0.259000 0.13 0.000000 0.066 0.559  0.353 0.000  0.495 0.000 99.99 0.259000   2.410 0.000   0.752 0.000  1.658 0.000 0.011 0.000 0.190 0.559
 54.291667  55.291667    8.33 0.000  0.16 0.000000 0.020 0.000000 0.14 0.000000 0.010 0.000  0.230 0.000  0.323 0.000 99.99 0.259000   1.445 0.000   0.749 0.000  0.696 0.000 0.005 0.000 0.061 0.000
 57.291667  58.291667   42.21 0.000  2.21 0.000000 9.999 0.259000 9.99 0.259000 0.028 0.000  0.468 0.000  0.656 0.000 99.99 0.259000   8.170 0.000   5.171 0.000  2.999 0.000 0.038 0.000 0.246 0.000
 60.291667  61.291667   17.93 0.000  0.23 0.000000 9.999 0.259000 0.23 0.000000 0.025 0.000  0.170 0.000  0.238 0.000 99.99 0.259000   1.307 0.000   0.031 0.000  1.276 0.000 0.011 0.000 0.112 0.000
 63.291667  64.291667   28.32 0.000  0.81 0.000000 9.999 0.259000 0.09 0.000000 0.062 0.000  0.286 0.000  0.401 0.000 99.99 0.259000   4.657 0.000   2.014 0.000  2.643 0.000 0.022 0.000 0.291 0.000
 66.291667  67.291667   36.05 0.000  0.75 0.000000 0.046 0.000000 9.99 0.259000 0.025 0.000  0.290 0.000  0.406 0.000 99.99 0.259000   3.614 0.000   1.373 0.000  2.241 0.000 0.028 0.000 0.115 0.000
 69.291667  70.291667   28.26 0.000  0.62 0.000000 9.999 0.259000 0.05 0.000000 0.019 0.000  0.509 0.000  0.712 0.000 99.99 0.259000   5.645 0.000   2.817 0.000  2.828 0.000 0.025 0.000 0.103 0.000
 72.291667  73.291667   27.24 0.000  0.70 0.000000 9.999 0.259000 9.99 0.259000 0.048 0.000  0.504 0.000  0.705 0.000 99.99 0.259000   4.752 0.000   2.120 0.000  2.632 0.000 0.023 0.000 0.172 0.000
 75.291667  76.291667   73.97 0.000  1.10 0.000000 9.999 0.259000 0.04 0.000000 0.027 0.000  0.139 0.000  0.195 0.000 99.99 0.259000   5.171 0.000   2.332 0.000  2.839 0.000 0.047 0.000 0.126 0.000
 78.291667  79.291667   55.67 0.000  1.53 0.000000 9.999 0.259000 9.99 0.259000 0.023 0.000  0.241 0.000  0.337 0.000 99.99 0.259000   4.589 0.000   1.911 0.000  2.678 0.000 0.042 0.000 0.151 0.000
 81.291667  82.291667   57.79 0.559  1.23 0.559000 9.999 0.559259 0.09 0.559000 0.034 0.000  0.670 0.000  0.939 0.000 99.99 0.559259   8.923 0.000   4.407 0.000  4.516 0.559 0.045 0.559 0.312 0.000
 84.291667  85.291667   77.89 0.000  1.20 0.000000 9.999 0.259000 9.99 0.259000 0.060 0.000  0.448 0.000  0.627 0.000 99.99 0.259000   9.543 0.000   4.903 0.000  4.640 0.000 0.058 0.000 0.304 0.000
 87.291667  88.291667   29.69 0.000  0.43 0.000000 9.999 0.259000 9.99 0.259000 0.019 0.000  0.557 0.000  0.779 0.000 99.99 0.259000   4.902 0.000   3.299 0.000  1.603 0.000 0.019 0.000 0.071 0.000
 90.291667  91.291667   85.77 0.000  0.90 0.000000 9.999 0.259000 9.99 0.259000 0.037 0.000  0.572 0.000  0.800 0.000 99.99 0.259000   8.600 0.000   4.581 0.000  4.019 0.000 0.059 0.000 0.191 0.000
 93.291667  94.291667   23.36 0.000  0.21 0.000000 9.999 0.259000 0.11 0.000000 0.010 0.000  0.219 0.000  0.307 0.000 99.99 0.259000   1.266 0.000   0.257 0.000  1.010 0.000 0.015 0.000 0.028 0.000
 96.291667  97.291667   13.46 0.000  0.18 0.000000 9.999 0.259000 0.08 0.000000 0.046 0.000  0.762 0.000  1.067 0.000 99.99 0.259000   2.708 0.000   0.390 0.000  2.319 0.000 0.011 0.000 0.211 0.000
 99.291667 100.291667   51.41 0.000  0.73 0.000000 9.999 0.259000 9.99 0.259000 0.172 0.000  0.649 0.000  0.909 0.000 99.99 0.259000   6.005 0.000   2.548 0.000  3.457 0.000 0.031 0.000 0.307 0.000
102.291667 103.291667   51.50 0.000  1.70 0.000000 9.999 0.259000 9.99 0.259000 0.027 0.000  0.474 0.000  0.663 0.000 99.99 0.259000   4.657 0.000   1.396 0.000  3.261 0.000 0.038 0.000 0.328 0.000
105.291667 106.291667  129.95 0.000  1.40 0.000000 9.999 0.259000 0.06 0.000000 0.057 0.000  0.386 0.000  0.540 0.000 99.99 0.259000  10.112 0.000   5.411 0.000  4.701 0.000 0.088 0.000 0.242 0.000
108.291667 109.291667  115.02 0.000  1.44 0.000000 0.053 0.000000 9.99 0.259000 0.044 0.000  0.352 0.000  0.493 0.000 99.99 0.259000  16.095 0.000  11.350 0.000  4.745 0.000 0.082 0.000 0.264 0.000
111.291667 112.291667   74.37 0.000  2.66 0.000000 9.999 0.259000 9.99 0.259000 0.032 0.000  0.294 0.000  0.412 0.000 99.99 0.259000   8.047 0.000   3.962 0.000  4.085 0.000 0.065 0.000 0.411 0.000
114.291667 115.291667   32.16 0.000  0.54 0.000000 9.999 0.259000 9.99 0.259000 0.070 0.000  0.356 0.000  0.499 0.000 99.99 0.259000   3.431 0.000   1.302 0.000  2.130 0.000 0.025 0.000 0.185 0.000
117.291667 118.291667  115.56 0.000  3.58 0.000000 9.999 0.259000 9.99 0.259000 0.040 0.000  0.451 0.000  0.631 0.000 99.99 0.259000   9.480 0.000   3.885 0.000  5.595 0.000 0.078 0.000 0.471 0.000
120.291667 121.291667   25.95 0.000  0.21 0.000000 9.999 0.259000 9.99 0.259000 0.064 0.000  0.281 0.000  0.393 0.000 99.99 0.259000   3.758 0.000   1.884 0.000  1.874 0.000 0.018 0.000 0.138 0.000
123.291667 124.291667   87.74 0.559  0.95 0.559000 9.999 0.559259 0.09 0.559000 0.039 0.000  0.641 0.000  0.897 0.000 99.99 0.559259   6.173 0.000   2.111 0.000  4.062 0.559 0.053 0.559 0.253 0.000
126.291667 127.291667  136.19 0.000  0.95 0.000000 9.999 0.259000 0.09 0.000000 0.073 0.000  0.884 0.000  1.238 0.000 99.99 0.259000  10.965 0.000   4.309 0.000  6.656 0.000 0.111 0.000 0.256 0.000
129.291667 130.291667   66.45 0.000  0.92 0.000000 0.065 0.000000 0.08 0.000000 0.043 0.000  0.393 0.000  0.551 0.000 99.99 0.259000   6.218 0.000   2.476 0.000  3.742 0.000 0.050 0.000 0.221 0.000
132.291667 133.291667  109.29 0.559  0.97 0.559000 0.112 0.559000 9.99 0.559259 0.101 0.000  0.804 0.000  1.126 0.000 99.99 0.559259  13.483 0.000   8.332 0.000  5.151 0.559 0.083 0.559 0.261 0.000
135.291667 136.291667   70.68 0.000  1.14 0.000000 9.999 0.259000 0.08 0.000000 0.042 0.000  0.429 0.000  0.600 0.000 99.99 0.259000   5.361 0.000   1.985 0.000  3.376 0.000 0.046 0.000 0.224 0.000
138.291667 139.291667   85.27 0.000  0.64 0.000000 9.999 0.259000 0.09 0.000000 0.058 0.000  0.359 0.000  0.503 0.000 99.99 0.259000   7.675 0.000   4.110 0.000  3.565 0.000 0.059 0.000 0.164 0.000
141.291667 142.291667  100.03 0.000  0.23 0.000000 9.999 0.259000 9.99 0.259000 0.045 0.000  0.199 0.000  0.278 0.000 99.99 0.259000   8.075 0.000   4.700 0.000  3.375 0.000 0.060 0.000 0.118 0.000
144.291667 145.291667   92.31 0.000  1.35 0.000000 9.999 0.259000 0.09 0.000000 0.062 0.000  0.408 0.000  0.571 0.000 99.99 0.259000   8.812 0.000   4.715 0.000  4.098 0.000 0.062 0.000 0.271 0.000
147.291667 148.291667  111.39 0.000  0.87 0.000000 0.075 0.000000 0.08 0.000000 0.048 0.000  0.334 0.000  0.467 0.000 99.99 0.259000   9.528 0.000   5.215 0.000  4.314 0.000 0.068 0.000 0.180 0.000
150.291667 151.291667   31.06 0.000  0.60 0.000000 9.999 0.259000 0.09 0.000000 0.018 0.000  0.247 0.000  0.345 0.000 99.99 0.259000   3.922 0.000   2.312 0.000  1.610 0.000 0.024 0.000 0.153 0.000
153.291667 154.291667   65.50 0.000  0.87 0.000000 0.054 0.000000 0.10 0.000000 0.036 0.000  0.426 0.000  0.596 0.000 99.99 0.259000   6.904 0.000   3.094 0.000  3.810 0.000 0.039 0.000 0.195 0.000
156.291667 157.291667   63.68 0.000  0.73 0.000000 9.999 0.259000 0.08 0.000000 0.043 0.000  0.518 0.000  0.725 0.000 99.99 0.259000   7.466 0.000   2.702 0.000  4.765 0.000 0.045 0.000 0.221 0.000
159.291667 160.291667   73.29 0.000  0.74 0.000000 9.999 0.259000 0.08 0.000000 0.054 0.000  0.922 0.000  1.291 0.000 99.99 0.259000  10.086 0.000   4.713 0.000  5.373 0.000 0.097 0.000 0.189 0.000
162.291667 163.291667   49.77 0.000  1.11 0.000000 9.999 0.259000 9.99 0.259000 0.026 0.000  0.328 0.000  0.459 0.000 99.99 0.259000   7.594 0.000   4.213 0.000  3.381 0.000 0.038 0.000 0.196 0.000
165.291667 166.291667   46.37 0.559  0.83 0.559000 0.063 0.559000 9.99 0.559259 0.041 0.000  0.401 0.000  0.562 0.000 99.99 0.559259   6.258 0.000   2.605 0.000  3.653 0.559 0.047 0.559 0.237 0.000
168.291667 169.291667   48.77 0.000  0.85 0.000000 9.999 0.259000 9.99 0.259000 0.046 0.000  0.362 0.000  0.507 0.000 99.99 0.259000  10.215 0.000   6.326 0.000  3.889 0.000 0.050 0.000 0.286 0.000
171.291667 172.291667   63.28 0.000  0.65 0.000000 9.999 0.259000 0.09 0.000000 0.026 0.000  0.222 0.000  0.311 0.000 99.99 0.259000  10.053 0.000   6.928 0.000  3.125 0.000 0.041 0.000 0.156 0.000
174.291667 175.291667   24.22 0.000  0.42 0.000000 9.999 0.259000 0.06 0.000000 0.019 0.000  0.616 0.000  0.862 0.000 99.99 0.259000   6.379 0.000   4.181 0.000  2.198 0.000 0.019 0.000 0.146 0.000
177.291667 178.291667   31.73 0.559  0.40 0.559000 9.999 0.559259 9.99 0.559259 0.025 0.000  0.727 0.000  1.018 0.000 99.99 0.559259   8.963 0.000   5.931 0.000  3.032 0.559 0.031 0.559 0.245 0.000
180.291667 181.291667   13.76 0.000  0.21 0.000000 9.999 0.259000 9.99 0.259000 0.028 0.000  1.172 0.000  1.640 0.000 99.99 0.259000   4.555 0.000   0.936 0.000  3.619 0.000 0.031 0.000 0.209 0.000
183.291667 184.291667   21.97 0.699 99.99 0.699259 9.999 0.699259 0.06 0.699000 0.064 0.000  3.433 0.000  4.806 0.000 99.99 0.699259   9.436 0.000   1.568 0.000  7.868 0.699 0.114 0.699 0.119 0.000
186.291667 187.291667   37.89 0.000  0.73 0.000000 9.999 0.259000 9.99 0.259000 0.040 0.000  0.517 0.000  0.724 0.000 99.99 0.259000   6.581 0.000   3.093 0.000  3.488 0.000 0.051 0.000 0.247 0.000
189.291667 190.291667   61.21 0.559  0.55 0.559000 9.999 0.559259 0.13 0.559000 0.055 0.000  2.328 0.000  3.259 0.000 99.99 0.559259  12.704 0.000   5.264 0.000  7.441 0.559 0.093 0.559 0.264 0.000
192.291667 193.291667   27.84 0.000  0.32 0.000000 9.999 0.259000 9.99 0.259000 0.028 0.000  0.503 0.000  0.704 0.000 99.99 0.259000   6.503 0.000   3.303 0.000  3.200 0.000 0.033 0.000 0.288 0.000
195.291667 196.291667   43.83 0.000  0.10 0.000000 9.999 0.259000 9.99 0.259000 0.027 0.000  0.772 0.000  1.080 0.000 99.99 0.259000   7.454 0.000   3.940 0.000  3.514 0.000 0.028 0.000 0.226 0.000
198.291667 199.291667   18.03 0.000  0.21 0.000000 9.999 0.259000 9.99 0.259000 0.017 0.000  0.478 0.000  0.669 0.000 99.99 0.259000   4.021 0.000   1.829 0.000  2.191 0.000 0.012 0.000 0.179 0.000
201.291667 202.291667   25.49 0.000  0.37 0.000000 9.999 0.259000 9.99 0.259000 0.019 0.000  0.544 0.000  0.762 0.000 99.99 0.259000   5.875 0.000   2.537 0.000  3.339 0.000 0.039 0.000 0.312 0.000
204.291667 205.291667   17.51 0.000  0.14 0.000000 9.999 0.259000 9.99 0.259000 0.017 0.000  0.881 0.000  1.233 0.000 99.99 0.259000   6.538 0.000   3.836 0.000  2.702 0.000 0.026 0.000 0.154 0.000
207.291667 208.291667   13.73 0.000 99.99 0.259000 9.999 0.259000 9.99 0.259000 0.013 0.000  0.914 0.000  1.280 0.000 99.99 0.259000   4.142 0.000   1.518 0.000  2.624 0.000 0.015 0.000 0.151 0.000
210.291667 211.291667   24.11 0.000  0.36 0.000000 9.999 0.259000 9.99 0.259000 0.015 0.000  0.769 0.000  1.077 0.000 99.99 0.259000   4.966 0.000   2.335 0.000  2.631 0.000 0.022 0.000 0.115 0.000
213.291667 214.291667   57.23 0.559  0.32 0.559000 0.018 0.559000 0.07 0.559000 0.027 0.000  1.320 0.000  1.848 0.000 99.99 0.559259  11.951 0.000   6.124 0.000  5.827 0.559 0.063 0.559 0.391 0.000
216.291667 217.291667   68.00 0.000  0.65 0.000000 9.999 0.259000 0.09 0.000000 0.028 0.000  0.565 0.000  0.791 0.000 99.99 0.259000  11.789 0.000   6.922 0.000  4.868 0.000 0.047 0.000 0.386 0.000
219.291667 220.291667   23.02 0.000  0.57 0.000000 9.999 0.259000 0.08 0.000000 0.020 0.000  0.260 0.000  0.364 0.000 99.99 0.259000   5.652 0.000   3.446 0.000  2.207 0.000 0.020 0.000 0.198 0.000
222.291667 223.291667   29.95 0.000  0.31 0.000000 9.999 0.259000 0.08 0.000000 0.019 0.000  0.770 0.000  1.078 0.000 99.99 0.259000   6.865 0.000   3.545 0.000  3.320 0.000 0.026 0.000 0.230 0.000
225.291667 226.291667   49.44 0.000  0.19 0.000000 9.999 0.259000 0.09 0.000000 0.021 0.000  0.928 0.000  1.299 0.000 99.99 0.259000   9.892 0.000   5.499 0.000  4.393 0.000 0.040 0.000 0.230 0.000
228.291667 229.291667   15.34 0.000 99.99 0.259000 9.999 0.259000 9.99 0.259000 0.015 0.000  0.879 0.000  1.230 0.000 99.99 0.259000   4.792 0.000   1.582 0.000  3.210 0.000 0.021 0.000 0.213 0.000
231.291667 232.291667   21.70 0.000 99.99 0.259000 9.999 0.259000 0.62 0.000000 0.012 0.000  0.658 0.000  0.922 0.000 99.99 0.259000  18.820 0.000  15.226 0.000  3.594 0.000 0.019 0.000 0.158 0.000
234.291667 235.291667   26.91 0.000  0.57 0.000000 9.999 0.259000 0.07 0.000000 0.021 0.000  0.391 0.000  0.547 0.000 99.99 0.259000   6.164 0.000   3.067 0.000  3.097 0.000 0.023 0.000 0.280 0.000
237.291667 238.291667   25.47 0.000  0.24 0.000000 9.999 0.259000 0.10 0.000000 0.023 0.000  0.169 0.000  0.236 0.000 99.99 0.259000   6.822 0.000   5.016 0.000  1.806 0.000 0.021 0.000 0.184 0.000
