scripts/IMPROVE-2019_partial/data/US0699R.19890104070000.20191216000000.filterpack...1y.3d.US03L_filterpack_US0699.US03L_IMPROVE_Davis.lev2.nas
51 1001
MISSING INFORMATION
US03L, IMPROVE, , , , , , , 
MISSING INFORMATION
IMPROVE sel_HTAP
1 1
1989 01 01 2019 12 16
0
days from file reference point
4
1 1 1 1
999.999999 999.999 99.999 9.999
end_time of measurement, days from the file reference point
pm10_mass, ug/m3, Matrix=pm10
pm25_mass, ug/m3, Matrix=pm25
numflag, no unit
0
33
Data definition:              EBAS_1.1
Set type code:                TI
Timezone:                     UTC
File name:                    US0699R.19890104070000.20191216000000.filterpack...1y.3d.US03L_filterpack_US0699.US03L_IMPROVE_Davis.lev2.nas
File creation:                20191218120302
Startdate:                    19890104070000
Revision date:                20191216000000
Version:                      2
Version description:          "Data extracted from http://views.cira.colostate.edu/fed/DataWizard 2019-12-16"
Statistics:                   arithmetic mean
Data level:                   2
Period code:                  1y
Resolution code:              3d
Sample duration:              1d
Orig. time res.:              3d
Station code:                 US0699R
Platform code:                US0699S
Station name:                 Mesa Verde National Park-Chapin Mesa (CO99)
Station latitude:             37.1981
Station longitude:            -108.4903
Station altitude:             2172.0 m
Regime:                       IMG
Component:                    
Unit:                         ug/m3
Matrix:                       
Laboratory code:              US03L
Instrument type:              filterpack
Instrument name:              filterpack_US0699
Method ref:                   US03L_IMPROVE_Davis
Blank correction:             Blank corrected
Volume std. temperature:      ambient
Volume std. pressure:         ambient
starttime endtime PM10 PM2.5 flag
  3.291667   4.291667   1.599  0.588 0.000
  6.291667   7.291667   1.493  0.490 0.000
 10.291667  11.291667   2.293  1.392 0.000
 13.291667  14.291667   3.647  2.566 0.000
 17.291667  18.291667   5.358  4.114 0.000
 20.291667  21.291667   3.802  1.821 0.000
 24.291667  25.291667   4.428  2.280 0.000
 27.291667  28.291667   3.309  2.730 0.000
 31.291667  32.291667   4.403  3.433 0.000
 34.291667  35.291667   5.849  1.467 0.000
 38.291667  39.291667   3.680  3.625 0.000
 41.291667  42.291667   6.992  6.073 0.000
 45.291667  46.291667   4.232  2.669 0.000
 48.291667  49.291667   5.955  3.758 0.000
 52.291667  53.291667   2.391  1.111 0.000
 55.291667  56.291667   3.846  1.545 0.000
 59.291667  60.291667   3.791  1.837 0.000
 62.291667  63.291667   3.905 99.999 0.000
 66.291667  67.291667 999.999 99.999 0.999
 69.291667  70.291667 999.999 99.999 0.999
 73.291667  74.291667   2.909  1.142 0.000
 76.291667  77.291667   6.471  2.485 0.000
 80.291667  81.291667   2.218  1.707 0.000
 83.291667  84.291667   6.569  3.012 0.000
 87.291667  88.291667   5.803  2.205 0.000
 90.291667  91.291667   6.227  2.102 0.000
 94.291667  95.291667 999.999  2.107 0.000
 97.291667  98.291667 999.999  1.550 0.000
101.291667 102.291667 999.999  5.748 0.000
104.291667 105.291667 999.999  4.970 0.000
108.291667 109.291667 999.999  3.045 0.000
111.291667 112.291667 999.999  6.636 0.000
115.291667 116.291667   9.639  3.609 0.000
118.291667 119.291667   4.292  2.101 0.000
122.291667 123.291667   8.095  5.103 0.000
125.291667 126.291667   6.630  3.808 0.000
129.291667 130.291667  15.090  6.687 0.000
132.291667 133.291667   6.618  3.982 0.000
136.291667 137.291667   4.808  3.207 0.000
139.291667 140.291667  11.095  5.266 0.000
143.291667 144.291667   7.474  3.739 0.000
146.291667 147.291667 999.999 99.999 0.999
150.291667 151.291667   4.634  1.929 0.000
153.291667 154.291667   8.207  3.854 0.000
157.291667 158.291667   5.231  3.065 0.000
160.291667 161.291667   7.245  4.465 0.000
164.291667 165.291667  14.314  3.816 0.000
167.291667 168.291667  11.220  4.133 0.000
171.291667 172.291667  14.102  4.485 0.000
174.291667 175.291667  18.157 99.999 0.000
178.291667 179.291667 999.999 99.999 0.999
181.291667 182.291667   8.898  4.218 0.000
185.291667 186.291667 999.999 99.999 0.999
188.291667 189.291667  14.134  9.129 0.000
192.291667 193.291667   8.482  7.220 0.000
195.291667 196.291667  10.196  4.680 0.000
199.291667 200.291667  12.764  6.907 0.000
202.291667 203.291667   9.553  5.430 0.000
206.291667 207.291667   5.311  3.125 0.000
209.291667 210.291667   6.695  4.441 0.000
213.291667 214.291667   6.220  3.517 0.000
216.291667 217.291667   9.754  3.973 0.000
220.291667 221.291667   7.711  4.726 0.000
223.291667 224.291667   6.154  4.007 0.000
227.291667 228.291667   5.138  3.652 0.000
230.291667 231.291667   3.775  2.121 0.000
234.291667 235.291667   3.891  3.061 0.000
237.291667 238.291667   4.545  2.823 0.000
241.291667 242.291667   6.980  3.878 0.000
244.291667 245.291667   6.329  2.746 0.000
248.291667 249.291667   6.259  3.037 0.000
251.291667 252.291667  10.549  4.627 0.000
255.291667 256.291667   4.000  2.446 0.000
258.291667 259.291667   4.073  2.128 0.000
262.291667 263.291667   6.219  2.711 0.000
265.291667 266.291667   7.321  4.669 0.000
269.291667 270.291667   9.819  5.640 0.000
272.291667 273.291667   8.592  4.828 0.000
276.291667 277.291667   3.428  2.395 0.000
279.291667 280.291667   5.612  3.970 0.000
283.291667 284.291667   4.500  2.725 0.000
286.291667 287.291667   7.143  3.922 0.000
290.291667 291.291667   5.090  3.061 0.000
293.291667 294.291667  10.143  5.485 0.000
297.291667 298.291667   5.345  2.932 0.000
300.291667 301.291667   4.836  2.209 0.000
304.291667 305.291667   4.218  2.438 0.000
307.291667 308.291667   2.941  1.574 0.000
311.291667 312.291667   4.384  2.446 0.000
314.291667 315.291667   7.875  2.539 0.000
318.291667 319.291667   5.362  2.165 0.000
321.291667 322.291667   4.945  2.195 0.000
325.291667 326.291667   3.579  1.923 0.000
328.291667 329.291667   7.744  3.383 0.000
332.291667 333.291667   3.114  1.858 0.000
335.291667 336.291667   8.918  4.149 0.000
339.291667 340.291667   3.080  1.736 0.000
342.291667 343.291667   3.156  1.748 0.000
346.291667 347.291667   2.556  1.306 0.000
349.291667 350.291667   2.950  1.424 0.000
353.291667 354.291667   4.195  2.508 0.000
356.291667 357.291667   2.424  1.164 0.000
360.291667 361.291667   6.718  2.190 0.000
363.291667 364.291667   6.100  2.698 0.000
