scripts/IMPROVE-2019_partial/data/US0699R.19910102070000.20191216000000.filterpack...1y.3d.US03L_filterpack_US0699.US03L_IMPROVE_Davis.lev2.nas
52 1001
MISSING INFORMATION
US03L, IMPROVE, , , , , , , 
MISSING INFORMATION
IMPROVE sel_HTAP
1 1
1991 01 01 2019 12 16
0
days from file reference point
5
1 1 1 1 1
999.999999 999.999 9.999 999.999 9.999999
end_time of measurement, days from the file reference point
pm10_mass, ug/m3, Matrix=pm10
numflag pm10_mass, no unit, Matrix=pm10
pm25_mass, ug/m3, Matrix=pm25
numflag pm25_mass, no unit, Matrix=pm25
0
33
Data definition:              EBAS_1.1
Set type code:                TI
Timezone:                     UTC
File name:                    US0699R.19910102070000.20191216000000.filterpack...1y.3d.US03L_filterpack_US0699.US03L_IMPROVE_Davis.lev2.nas
File creation:                20191218120302
Startdate:                    19910102070000
Revision date:                20191216000000
Version:                      2
Version description:          "Data extracted from http://views.cira.colostate.edu/fed/DataWizard 2019-12-16"
Statistics:                   arithmetic mean
Data level:                   2
Period code:                  1y
Resolution code:              3d
Sample duration:              1d
Orig. time res.:              3d
Station code:                 US0699R
Platform code:                US0699S
Station name:                 Mesa Verde National Park-Chapin Mesa (CO99)
Station latitude:             37.1981
Station longitude:            -108.4903
Station altitude:             2172.0 m
Regime:                       IMG
Component:                    
Unit:                         ug/m3
Matrix:                       
Laboratory code:              US03L
Instrument type:              filterpack
Instrument name:              filterpack_US0699
Method ref:                   US03L_IMPROVE_Davis
Blank correction:             Blank corrected
Volume std. temperature:      ambient
Volume std. pressure:         ambient
starttime endtime PM10 flag_PM10 PM2.5 flag_PM2.5
  1.291667   2.291667 999.999 0.999 999.999 0.999000
  4.291667   5.291667 999.999 0.999   1.796 0.559000
  8.291667   9.291667   4.792 0.000   3.448 0.559000
 11.291667  12.291667 999.999 0.999   5.723 0.559000
 15.291667  16.291667   3.295 0.000 999.999 0.559259
 18.291667  19.291667   5.676 0.000   2.571 0.559000
 22.291667  23.291667  11.226 0.000   2.229 0.559000
 25.291667  26.291667 999.999 0.999   3.291 0.559000
 29.291667  30.291667   3.534 0.000   3.209 0.559000
 32.291667  33.291667   3.080 0.000   3.015 0.559000
 36.291667  37.291667 999.999 0.999 999.999 0.999000
 39.291667  40.291667   7.218 0.000   6.196 0.559000
 43.291667  44.291667  20.627 0.000   2.975 0.559000
 46.291667  47.291667   3.694 0.000   3.098 0.559000
 50.291667  51.291667   4.715 0.000   3.781 0.559000
 53.291667  54.291667 999.999 0.999   2.736 0.559000
 57.291667  58.291667  15.227 0.000   2.804 0.559000
 60.291667  61.291667 999.999 0.999   1.446 0.559000
 64.291667  65.291667   3.102 0.000   1.894 0.559000
 67.291667  68.291667   5.158 0.000   3.882 0.559000
 71.291667  72.291667   5.831 0.000   2.644 0.559000
 74.291667  75.291667   4.969 0.000   2.477 0.559000
 78.291667  79.291667  15.477 0.000   3.926 0.559000
 81.291667  82.291667   6.440 0.000 999.999 0.559259
 85.291667  86.291667   8.916 0.000   4.050 0.559000
 88.291667  89.291667   5.657 0.000   2.972 0.559000
 92.291667  93.291667 999.999 0.999 999.999 0.999000
 95.291667  96.291667 999.999 0.999 999.999 0.999000
 99.291667 100.291667 999.999 0.999 999.999 0.999000
102.291667 103.291667 999.999 0.999 999.999 0.999000
106.291667 107.291667  10.643 0.000   5.121 0.559000
109.291667 110.291667  14.317 0.000 999.999 0.559259
113.291667 114.291667   5.884 0.000   1.896 0.559000
116.291667 117.291667   7.500 0.000   2.277 0.559000
120.291667 121.291667   7.771 0.000   4.174 0.559000
123.291667 124.291667   7.139 0.000   4.144 0.559000
127.291667 128.291667  11.180 0.000   4.789 0.559000
130.291667 131.291667 999.999 0.999  13.009 0.559000
134.291667 135.291667   6.535 0.000   4.260 0.559000
137.291667 138.291667  18.385 0.000   7.278 0.559000
141.291667 142.291667   8.963 0.000   4.172 0.559000
144.291667 145.291667  17.159 0.000   3.757 0.559000
148.291667 149.291667   7.529 0.000   5.646 0.559000
151.291667 152.291667  10.588 0.000   3.761 0.559000
155.291667 156.291667   9.125 0.000   5.235 0.559000
158.291667 159.291667   7.605 0.000   3.851 0.559000
162.291667 163.291667  19.347 0.000   6.897 0.559000
165.291667 166.291667   7.367 0.000   5.859 0.559000
169.291667 170.291667  10.517 0.000   7.507 0.559000
172.291667 173.291667   8.069 0.000   4.391 0.559000
176.291667 177.291667  13.207 0.000   4.674 0.559000
179.291667 180.291667  19.568 0.000 999.999 0.559259
183.291667 184.291667   8.272 0.000   4.086 0.559000
186.291667 187.291667  12.558 0.000   5.352 0.559000
190.291667 191.291667   7.191 0.000   4.092 0.559000
193.291667 194.291667   6.555 0.000   3.401 0.559000
197.291667 198.291667   5.502 0.000 999.999 0.559259
200.291667 201.291667   8.367 0.000   7.867 0.559000
204.291667 205.291667   5.871 0.000 999.999 0.559259
207.291667 208.291667   9.935 0.000   3.183 0.559000
211.291667 212.291667   8.426 0.000   3.683 0.559000
214.291667 215.291667   5.633 0.000   3.144 0.559000
218.291667 219.291667   5.380 0.000   2.585 0.559000
221.291667 222.291667  10.957 0.000   2.188 0.559000
225.291667 226.291667   7.532 0.000   3.249 0.559000
228.291667 229.291667   6.825 0.000 999.999 0.559259
232.291667 233.291667   4.081 0.000 999.999 0.559259
235.291667 236.291667   5.886 0.000   4.916 0.559000
239.291667 240.291667   6.489 0.000 999.999 0.559259
242.291667 243.291667   7.785 0.000   4.419 0.559000
246.291667 247.291667  10.656 0.000   3.450 0.559000
249.291667 250.291667   5.578 0.000   4.765 0.559000
253.291667 254.291667   7.162 0.000   2.829 0.559000
256.291667 257.291667   4.801 0.000   2.521 0.559000
260.291667 261.291667   7.692 0.000   3.588 0.559000
263.291667 264.291667   7.599 0.000   3.807 0.559000
267.291667 268.291667   5.701 0.000   4.457 0.559000
270.291667 271.291667   7.869 0.000   4.971 0.559000
274.291667 275.291667   4.335 0.000   4.034 0.559000
277.291667 278.291667   6.903 0.000   2.727 0.559000
281.291667 282.291667   9.320 0.000   3.567 0.559000
284.291667 285.291667   9.150 0.000   4.185 0.559000
288.291667 289.291667  20.079 0.000   2.543 0.559000
291.291667 292.291667   9.372 0.000   2.295 0.559000
295.291667 296.291667   7.117 0.000   3.221 0.559000
298.291667 299.291667  10.704 0.000   2.747 0.559000
302.291667 303.291667 999.999 0.999 999.999 0.999000
305.291667 306.291667 999.999 0.999 999.999 0.999000
309.291667 310.291667   2.988 0.000 999.999 0.559259
312.291667 313.291667   6.848 0.000   2.671 0.559000
316.291667 317.291667   8.993 0.000   2.108 0.559000
319.291667 320.291667 999.999 0.999 999.999 0.999000
323.291667 324.291667   5.294 0.000 999.999 0.559259
326.291667 327.291667   4.338 0.000   0.979 0.559000
330.291667 331.291667   3.101 0.000   1.497 0.559000
333.291667 334.291667  42.616 0.000   2.048 0.559000
337.291667 338.291667   3.357 0.000   3.112 0.559000
340.291667 341.291667   2.536 0.000   2.173 0.559000
344.291667 345.291667   6.186 0.000   3.606 0.559000
347.291667 348.291667   7.847 0.000   5.045 0.559000
351.291667 352.291667   6.827 0.000   1.246 0.559000
354.291667 355.291667   2.030 0.000   1.125 0.559000
358.291667 359.291667   5.343 0.000   4.506 0.559000
361.291667 362.291667   5.182 0.000   2.918 0.559000
