scripts/IMPROVE-2019_partial/data/US0699R.19900103070000.20191216000000.filterpack...1y.3d.US03L_filterpack_US0699.US03L_IMPROVE_Davis.lev2.nas
52 1001
MISSING INFORMATION
US03L, IMPROVE, , , , , , , 
MISSING INFORMATION
IMPROVE sel_HTAP
1 1
1990 01 01 2019 12 16
0
days from file reference point
5
1 1 1 1 1
999.999999 999.999 9.999 999.999 9.999999
end_time of measurement, days from the file reference point
pm10_mass, ug/m3, Matrix=pm10
numflag pm10_mass, no unit, Matrix=pm10
pm25_mass, ug/m3, Matrix=pm25
numflag pm25_mass, no unit, Matrix=pm25
0
33
Data definition:              EBAS_1.1
Set type code:                TI
Timezone:                     UTC
File name:                    US0699R.19900103070000.20191216000000.filterpack...1y.3d.US03L_filterpack_US0699.US03L_IMPROVE_Davis.lev2.nas
File creation:                20191218120302
Startdate:                    19900103070000
Revision date:                20191216000000
Version:                      2
Version description:          "Data extracted from http://views.cira.colostate.edu/fed/DataWizard 2019-12-16"
Statistics:                   arithmetic mean
Data level:                   2
Period code:                  1y
Resolution code:              3d
Sample duration:              1d
Orig. time res.:              3d
Station code:                 US0699R
Platform code:                US0699S
Station name:                 Mesa Verde National Park-Chapin Mesa (CO99)
Station latitude:             37.1981
Station longitude:            -108.4903
Station altitude:             2172.0 m
Regime:                       IMG
Component:                    
Unit:                         ug/m3
Matrix:                       
Laboratory code:              US03L
Instrument type:              filterpack
Instrument name:              filterpack_US0699
Method ref:                   US03L_IMPROVE_Davis
Blank correction:             Blank corrected
Volume std. temperature:      ambient
Volume std. pressure:         ambient
starttime endtime PM10 flag_PM10 PM2.5 flag_PM2.5
  2.291667   3.291667   3.094 0.000   1.090 0.000000
  5.291667   6.291667   4.792 0.000   2.092 0.000000
  9.291667  10.291667   5.188 0.000   0.831 0.000000
 12.291667  13.291667   6.820 0.000   3.706 0.000000
 16.291667  17.291667   7.052 0.000   2.619 0.000000
 19.291667  20.291667   4.887 0.000   2.781 0.000000
 23.291667  24.291667   3.359 0.000   1.715 0.000000
 26.291667  27.291667   4.903 0.000   1.165 0.000000
 30.291667  31.291667   4.307 0.000   2.013 0.000000
 33.291667  34.291667   2.424 0.000   1.226 0.000000
 37.291667  38.291667   5.093 0.000   2.893 0.000000
 40.291667  41.291667   7.116 0.000   0.938 0.000000
 44.291667  45.291667   6.947 0.000   2.296 0.000000
 47.291667  48.291667   4.436 0.000   1.447 0.000000
 51.291667  52.291667   6.894 0.000   2.421 0.000000
 54.291667  55.291667   6.591 0.000   2.031 0.000000
 58.291667  59.291667   5.692 0.000   3.558 0.000000
 61.291667  62.291667  11.385 0.000   3.974 0.000000
 65.291667  66.291667   2.773 0.000   1.839 0.000000
 68.291667  69.291667  17.441 0.000   2.581 0.000000
 72.291667  73.291667   4.338 0.000   2.358 0.000000
 75.291667  76.291667   2.000 0.000   1.950 0.000000
 79.291667  80.291667   2.857 0.000   1.770 0.000000
 82.291667  83.291667   4.254 0.000   1.656 0.000000
 86.291667  87.291667   8.977 0.000   4.759 0.000000
 89.291667  90.291667   2.819 0.000   1.667 0.000000
 93.291667  94.291667   4.265 0.000   2.661 0.000000
 96.291667  97.291667   5.481 0.000   3.670 0.000000
100.291667 101.291667  10.293 0.000   2.901 0.000000
103.291667 104.291667   7.326 0.000   2.407 0.000000
107.291667 108.291667   6.985 0.000   2.204 0.000000
110.291667 111.291667   5.637 0.000   3.195 0.000000
114.291667 115.291667   4.646 0.000   3.616 0.000000
117.291667 118.291667  45.312 0.000  14.007 0.000000
121.291667 122.291667   3.025 0.000   2.871 0.000000
124.291667 125.291667   3.584 0.000   3.525 0.000000
128.291667 129.291667   4.594 0.000   1.506 0.000000
131.291667 132.291667   9.821 0.000   4.970 0.000000
135.291667 136.291667   5.196 0.000   2.975 0.000000
138.291667 139.291667  16.631 0.000   7.570 0.000000
142.291667 143.291667  22.924 0.000   2.669 0.000000
145.291667 146.291667   6.390 0.000   4.512 0.000000
149.291667 150.291667   3.077 0.000   2.515 0.000000
152.291667 153.291667 999.999 0.999   3.095 0.000000
156.291667 157.291667   9.654 0.000   4.805 0.000000
159.291667 160.291667  11.268 0.000   5.255 0.000000
163.291667 164.291667   7.285 0.000   3.036 0.000000
166.291667 167.291667   7.098 0.000   2.946 0.000000
170.291667 171.291667 999.999 0.999   7.654 0.000000
173.291667 174.291667  16.323 0.000 999.999 0.999000
177.291667 178.291667  21.599 0.000   8.313 0.000000
180.291667 181.291667  15.035 0.000  11.555 0.000000
184.291667 185.291667  10.000 0.000   8.533 0.000000
187.291667 188.291667  12.273 0.000   5.659 0.000000
191.291667 192.291667 999.999 0.999   7.668 0.000000
194.291667 195.291667 999.999 0.999 999.999 0.999000
198.291667 199.291667   6.772 0.000 999.999 0.999000
201.291667 202.291667   6.821 0.000 999.999 0.999000
205.291667 206.291667  44.085 0.000   9.012 0.000000
208.291667 209.291667  14.516 0.000   7.006 0.000000
212.291667 213.291667   8.866 0.000   4.196 0.000000
215.291667 216.291667 999.999 0.999   8.500 0.000000
219.291667 220.291667   6.464 0.000   5.153 0.000000
222.291667 223.291667   7.527 0.000   5.031 0.000000
226.291667 227.291667   7.951 0.000 999.999 0.999000
229.291667 230.291667   8.201 0.000   5.879 0.000000
233.291667 234.291667  12.337 0.000   7.177 0.000000
236.291667 237.291667 999.999 0.999  11.441 0.000000
240.291667 241.291667  13.517 0.000   5.419 0.000000
243.291667 244.291667  14.702 0.000   6.325 0.559000
247.291667 248.291667   6.228 0.000   3.452 0.559000
250.291667 251.291667 999.999 0.999   4.692 0.559000
254.291667 255.291667   6.857 0.000   5.802 0.559000
257.291667 258.291667  19.640 0.000 999.999 0.559259
261.291667 262.291667 999.999 0.999 999.999 0.559259
264.291667 265.291667   5.986 0.000   4.792 0.559000
268.291667 269.291667   4.910 0.000   4.268 0.559000
271.291667 272.291667 999.999 0.999 999.999 0.559259
275.291667 276.291667  16.945 0.000   6.563 0.559000
278.291667 279.291667  13.272 0.000   6.854 0.559000
282.291667 283.291667  22.766 0.000   2.477 0.559000
285.291667 286.291667 999.999 0.999   5.168 0.559000
289.291667 290.291667   7.184 0.000   5.424 0.559000
292.291667 293.291667   3.863 0.000 999.999 0.559259
296.291667 297.291667   4.613 0.000   3.483 0.559000
299.291667 300.291667   4.894 0.000   3.694 0.559000
303.291667 304.291667   3.636 0.000 999.999 0.559259
306.291667 307.291667   9.634 0.000   7.716 0.559000
310.291667 311.291667   9.963 0.000   4.613 0.559000
313.291667 314.291667   5.236 0.000   3.303 0.559000
317.291667 318.291667   4.133 0.000   1.938 0.559000
320.291667 321.291667   7.143 0.000   6.154 0.559000
324.291667 325.291667  12.159 0.000   5.531 0.559000
327.291667 328.291667   9.656 0.000   5.406 0.559000
331.291667 332.291667   2.889 0.000   2.232 0.559000
334.291667 335.291667   5.019 0.000   4.431 0.559000
338.291667 339.291667 999.999 0.999   4.758 0.559000
341.291667 342.291667   5.081 0.000   4.247 0.559000
345.291667 346.291667   9.579 0.000   3.585 0.559000
348.291667 349.291667   6.953 0.000   2.107 0.559000
352.291667 353.291667 999.999 0.999 999.999 0.999000
355.291667 356.291667   3.047 0.000 999.999 0.559259
359.291667 360.291667 999.999 0.999 999.999 0.999000
362.291667 363.291667   4.647 0.000   3.889 0.559000
