scripts/IMPROVE-2019_partial/data/US0699R.20060102070000.20191216000000.filterpack..pm25.52w.1w.US03L_filterpack_US0699.US03L_IMPROVE_Davis.lev2.nas
64 1001
MISSING INFORMATION
US03L, IMPROVE, , , , , , , 
MISSING INFORMATION
IMPROVE sel_HTAP
1 1
2006 01 01 2019 12 16
3.000000
days from file reference point
25
1 1 1 1 1 1 1 1 1 1 1 1 1 1 1 1 1 1 1 1 1 1 1 1 1
999.999999 9999.99 9.999 99.99 9.999 9.999 9.999999 99.99 9.999999 9.999 9.999 99.999 9.999 99.999 9.999 999.999 9.999 999.999 9.999 999.999 9.999 9.999 9.999 9.999 9.999
end_time of measurement, days from the file reference point
iron, ng/m3, Revision date=20181210133000
numflag iron, no unit, Revision date=20181210133000
lead, ng/m3, Revision date=20181210133000
numflag lead, no unit, Revision date=20181210133000
magnesium, ug/m3, Revision date=20181210133000
numflag magnesium, no unit, Revision date=20181210133000
nickel, ng/m3, Revision date=20181210133000
numflag nickel, no unit, Revision date=20181210133000
nitrate, ug N/m3, Revision date=20181210133000
numflag nitrate, no unit, Revision date=20181210133000
organic_carbon, ug C/m3, Revision date=20181210133000
numflag organic_carbon, no unit, Revision date=20181210133000
organic_mass, ug/m3, Revision date=20181210133000
numflag organic_mass, no unit, Revision date=20181210133000
pm10_mass, ug/m3, Version=2, Version description=Data extracted from http://views.cira.colostate.edu/fed/DataWizard 2019-12-16, Sample duration=1d, Orig. time res.=3d, Matrix=pm10, Blank correction=Blank corrected, Volume std. temperature=ambient, Volume std. pressure=ambient
numflag pm10_mass, no unit, Version=2, Version description=Data extracted from http://views.cira.colostate.edu/fed/DataWizard 2019-12-16, Sample duration=1d, Orig. time res.=3d, Matrix=pm10, Blank correction=Blank corrected, Volume std. temperature=ambient, Volume std. pressure=ambient
pm10_pm25_mass, ug/m3, Revision date=20181210133000, Matrix=pm10_pm25
numflag pm10_pm25_mass, no unit, Revision date=20181210133000, Matrix=pm10_pm25
pm25_mass, ug/m3, Version=2, Version description=Data extracted from http://views.cira.colostate.edu/fed/DataWizard 2019-12-16, Sample duration=1d, Orig. time res.=3d, Blank correction=Blank corrected, Volume std. temperature=ambient, Volume std. pressure=ambient
numflag pm25_mass, no unit, Version=2, Version description=Data extracted from http://views.cira.colostate.edu/fed/DataWizard 2019-12-16, Sample duration=1d, Orig. time res.=3d, Blank correction=Blank corrected, Volume std. temperature=ambient, Volume std. pressure=ambient
potassium, ug/m3, Revision date=20181210133000
numflag potassium, no unit, Revision date=20181210133000
sulphate_total, ug S/m3, Revision date=20181210133000
numflag sulphate_total, no unit, Revision date=20181210133000
0
25
Data definition:              EBAS_1.1
Set type code:                TU
Timezone:                     UTC
File name:                    US0699R.20060102070000.20191216000000.filterpack..pm25.52w.1w.US03L_filterpack_US0699.US03L_IMPROVE_Davis.lev2.nas
File creation:                20191218120304
Startdate:                    20060102070000
Revision date:                20191216000000
Statistics:                   arithmetic mean
Data level:                   2
Period code:                  52w
Resolution code:              1w
Station code:                 US0699R
Platform code:                US0699S
Station name:                 Mesa Verde National Park-Chapin Mesa (CO99)
Station latitude:             37.1981
Station longitude:            -108.4903
Station altitude:             2172.0 m
Regime:                       IMG
Component:                    
Matrix:                       pm25
Laboratory code:              US03L
Instrument type:              filterpack
Instrument name:              filterpack_US0699
Method ref:                   US03L_IMPROVE_Davis
starttime endtime Fe flag_Fe Pb flag_Pb Mg++ flag_Mg++ Ni flag_Ni NO3- flag_NO3- OC flag_OC OM flag_OM PM10 flag_PM10 PM10-PM2.5 flag_PM10-PM2.5 PM2.5 flag_PM2.5 K+ flag_K+ SO4-- flag_SO4--
[from data line 88]
265.291667 266.291667 9999.99 0.456 99.99 0.456 9.999 0.456000 99.99 0.456000 0.006 0.000  0.203 0.000  0.366 0.000   2.228 0.000 999.999 0.456 999.999 0.456 9.999 0.456 0.100 0.000
268.291667 269.291667 9999.99 0.456 99.99 0.456 9.999 0.456000 99.99 0.456000 0.015 0.000  0.579 0.000  1.042 0.000   4.308 0.000 999.999 0.456 999.999 0.456 9.999 0.456 0.151 0.000
271.291667 272.291667 9999.99 0.456 99.99 0.456 9.999 0.456000 99.99 0.456000 0.009 0.000  0.585 0.000  1.053 0.000   4.886 0.000 999.999 0.456 999.999 0.456 9.999 0.456 0.089 0.000
274.291667 275.291667 9999.99 0.456 99.99 0.456 9.999 0.456000 99.99 0.456000 0.029 0.000  0.758 0.000  1.364 0.000   7.447 0.000 999.999 0.456 999.999 0.456 9.999 0.456 0.236 0.000
277.291667 278.291667   34.40 0.000  0.64 0.000 9.999 0.259000  1.90 0.000000 0.033 0.000  0.757 0.000  1.362 0.000   8.468 0.000   3.571 0.000   4.897 0.000 0.035 0.000 0.364 0.000
280.291667 281.291667    7.21 0.000  0.14 0.000 9.999 0.259000  0.13 0.000000 0.008 0.000  0.377 0.000  0.679 0.000   4.387 0.000   1.790 0.000   2.597 0.000 0.007 0.000 0.228 0.000
283.291667 284.291667   24.78 0.000  0.47 0.000 9.999 0.259000  0.12 0.000000 0.034 0.000  0.262 0.000  0.472 0.000   5.008 0.000   2.436 0.000   2.573 0.000 0.020 0.000 0.185 0.000
286.291667 287.291667   21.28 0.000  0.49 0.000 0.005 0.000000  0.70 0.000000 0.011 0.000  0.454 0.000  0.818 0.000   3.551 0.000   1.109 0.000   2.442 0.000 0.015 0.000 0.136 0.000
289.291667 290.291667   19.87 0.000  0.39 0.000 9.999 0.259000 99.99 0.259000 0.031 0.000  0.297 0.000  0.534 0.000   3.801 0.000   1.777 0.000   2.024 0.000 0.015 0.000 0.133 0.000
292.291667 293.291667    7.48 0.000  0.32 0.000 0.005 0.000000 99.99 0.259000 0.006 0.000  0.106 0.000  0.190 0.000   2.150 0.000   0.539 0.000   1.611 0.000 0.009 0.000 0.146 0.000
295.291667 296.291667   14.11 0.000  0.81 0.000 0.009 0.000000 99.99 0.259000 0.011 0.000  0.279 0.000  0.502 0.000   2.777 0.000   1.255 0.000   1.522 0.000 0.011 0.000 0.114 0.000
298.291667 299.291667    7.38 0.000  0.07 0.000 9.999 0.259000  0.20 0.000000 0.017 0.000  0.193 0.000  0.348 0.000   3.100 0.000   1.667 0.000   1.433 0.000 0.008 0.000 0.125 0.000
301.291667 302.291667   15.07 0.000  0.84 0.000 9.999 0.259000 99.99 0.259000 0.032 0.000  0.502 0.000  0.903 0.000   3.781 0.000   1.202 0.000   2.579 0.000 0.015 0.000 0.183 0.000
304.291667 305.291667   29.00 0.000  1.17 0.000 9.999 0.259000  0.10 0.000000 0.049 0.000  0.548 0.000  0.987 0.000   4.487 0.000   1.912 0.000   2.575 0.000 0.035 0.000 0.155 0.000
307.291667 308.291667   22.70 0.000  0.58 0.000 9.999 0.259000 99.99 0.259000 0.027 0.000  0.640 0.000  1.153 0.000   3.820 0.000   1.142 0.000   2.679 0.000 0.024 0.000 0.160 0.000
310.291667 311.291667   11.43 0.000  0.30 0.000 9.999 0.259000 99.99 0.259000 0.005 0.000  0.145 0.000  0.261 0.000   1.881 0.000   1.054 0.000   0.827 0.000 0.009 0.000 0.033 0.000
313.291667 314.291667   13.46 0.000  0.33 0.000 9.999 0.259000 99.99 0.259000 0.007 0.000  0.305 0.000  0.549 0.000   4.088 0.000   2.742 0.000   1.345 0.000 0.012 0.000 0.097 0.000
316.291667 317.291667   10.16 0.000  0.50 0.000 9.999 0.259000  0.12 0.000000 0.014 0.000  0.298 0.000  0.537 0.000   2.196 0.000   0.583 0.000   1.613 0.000 0.009 0.000 0.171 0.000
319.291667 320.291667   17.00 0.000  1.93 0.000 0.007 0.000000 99.99 0.259000 0.006 0.000  0.207 0.000  0.372 0.000   2.816 0.000   0.432 0.000   2.384 0.000 0.029 0.000 0.327 0.000
322.291667 323.291667   13.29 0.000  0.45 0.000 9.999 0.259000  0.09 0.000000 0.010 0.000  0.269 0.000  0.485 0.000   2.348 0.000   0.808 0.000   1.540 0.000 0.015 0.000 0.114 0.000
325.291667 326.291667   33.54 0.000  0.72 0.000 9.999 0.259000  0.15 0.000000 0.014 0.000  0.506 0.000  0.911 0.000   5.188 0.000   2.538 0.000   2.649 0.000 0.028 0.000 0.156 0.000
328.291667 329.291667   16.97 0.000  0.92 0.000 9.999 0.259000 99.99 0.259000 0.024 0.000  0.286 0.000  0.516 0.000   4.410 0.000   2.396 0.000   2.014 0.000 0.016 0.000 0.206 0.000
331.291667 332.291667   26.69 0.000  0.77 0.000 9.999 0.259000  0.09 0.000000 0.063 0.000  0.157 0.000  0.283 0.000   7.090 0.000   5.120 0.000   1.970 0.000 0.020 0.000 0.151 0.000
334.291667 335.291667    7.04 0.000  0.11 0.000 9.999 0.259000 99.99 0.259000 0.030 0.000  0.351 0.000  0.631 0.000   1.818 0.000   0.706 0.000   1.112 0.000 0.008 0.000 0.069 0.000
337.291667 338.291667   15.97 0.000  0.92 0.000 9.999 0.259000  0.10 0.000000 0.062 0.000  0.759 0.000  1.366 0.000   3.920 0.000   1.227 0.000   2.693 0.000 0.015 0.000 0.174 0.000
340.291667 341.291667   36.99 0.000  0.28 0.000 9.999 0.259000  0.09 0.000000 0.062 0.000  0.697 0.000  1.255 0.000   7.755 0.000   4.994 0.000   2.760 0.000 0.024 0.000 0.115 0.000
343.291667 344.291667   17.53 0.000  0.29 0.000 9.999 0.259000  0.08 0.000000 0.030 0.000  0.403 0.000  0.726 0.000   3.959 0.000   1.969 0.000   1.990 0.000 0.017 0.000 0.131 0.000
346.291667 347.291667    7.23 0.000  0.19 0.000 9.999 0.259000 99.99 0.259000 0.005 0.000  0.277 0.000  0.499 0.000   1.641 0.000   0.681 0.000   0.960 0.000 0.007 0.000 0.071 0.000
349.291667 350.291667   15.67 0.000  0.28 0.000 9.999 0.259000 99.99 0.259000 0.013 0.000  0.437 0.000  0.787 0.000   3.272 0.000   1.714 0.000   1.559 0.000 0.015 0.000 0.106 0.000
352.291667 353.291667    3.27 0.000  0.27 0.000 9.999 0.259000  0.13 0.000000 0.017 0.000  0.232 0.000  0.417 0.000   1.603 0.000   0.572 0.000   1.031 0.000 0.005 0.000 0.141 0.000
355.291667 356.291667    4.32 0.000 99.99 0.259 0.005 0.000000 99.99 0.259000 0.050 0.000  0.592 0.000  1.066 0.000   2.186 0.000   0.634 0.000   1.551 0.000 0.006 0.000 0.131 0.000
358.291667 359.291667    1.98 0.000  0.19 0.000 9.999 0.259000 99.99 0.259000 0.012 0.000  0.247 0.000  0.445 0.000   0.965 0.000   0.303 0.000   0.662 0.000 0.003 0.000 0.044 0.000
361.291667 362.291667    8.69 0.000  0.17 0.000 9.999 0.259000  0.10 0.000000 0.010 0.000  0.236 0.000  0.425 0.000   2.719 0.000   1.136 0.000   1.582 0.000 0.011 0.000 0.198 0.000
364.291667 365.291667    4.38 0.000  0.59 0.000 9.999 0.259000 99.99 0.259000 0.113 0.000  0.985 0.000  1.774 0.000   3.831 0.000   0.245 0.000   3.586 0.000 0.008 0.000 0.411 0.000
