scripts/IMPROVE-2019_partial/data/US0699R.19880305070000.20191216000000.filterpack...10mo.3d.US03L_filterpack_US0699.US03L_IMPROVE_Davis.lev2.nas
51 1001
MISSING INFORMATION
US03L, IMPROVE, , , , , , , 
MISSING INFORMATION
IMPROVE sel_HTAP
1 1
1988 01 01 2019 12 16
0
days from file reference point
4
1 1 1 1
999.999999 999.999 99.999 9.999
end_time of measurement, days from the file reference point
pm10_mass, ug/m3, Matrix=pm10
pm25_mass, ug/m3, Matrix=pm25
numflag, no unit
0
33
Data definition:              EBAS_1.1
Set type code:                TI
Timezone:                     UTC
File name:                    US0699R.19880305070000.20191216000000.filterpack...10mo.3d.US03L_filterpack_US0699.US03L_IMPROVE_Davis.lev2.nas
File creation:                20191218120302
Startdate:                    19880305070000
Revision date:                20191216000000
Version:                      2
Version description:          "Data extracted from http://views.cira.colostate.edu/fed/DataWizard 2019-12-16"
Statistics:                   arithmetic mean
Data level:                   2
Period code:                  10mo
Resolution code:              3d
Sample duration:              1d
Orig. time res.:              3d
Station code:                 US0699R
Platform code:                US0699S
Station name:                 Mesa Verde National Park-Chapin Mesa (CO99)
Station latitude:             37.1981
Station longitude:            -108.4903
Station altitude:             2172.0 m
Regime:                       IMG
Component:                    
Unit:                         ug/m3
Matrix:                       
Laboratory code:              US03L
Instrument type:              filterpack
Instrument name:              filterpack_US0699
Method ref:                   US03L_IMPROVE_Davis
Blank correction:             Blank corrected
Volume std. temperature:      ambient
Volume std. pressure:         ambient
starttime endtime PM10 PM2.5 flag
 64.291667  65.291667   5.970  3.531 0.000
 68.291667  69.291667   3.469  1.442 0.000
 71.291667  72.291667   3.209  1.902 0.000
 75.291667  76.291667   6.331  2.371 0.000
 78.291667  79.291667   2.500  1.543 0.000
 82.291667  83.291667   9.338  3.489 0.000
 85.291667  86.291667   2.963  1.745 0.000
 89.291667  90.291667   7.279  3.598 0.000
 92.291667  93.291667   4.317  2.879 0.000
 96.291667  97.291667   4.762  2.222 0.000
 99.291667 100.291667   5.495  3.272 0.000
103.291667 104.291667   8.813 99.999 0.000
106.291667 107.291667   3.540  2.229 0.000
110.291667 111.291667   2.754  1.835 0.000
113.291667 114.291667   5.290  3.578 0.000
117.291667 118.291667 999.999 99.999 0.999
120.291667 121.291667   7.065  4.037 0.000
124.291667 125.291667 999.999 99.999 0.999
127.291667 128.291667   2.925  1.916 0.000
131.291667 132.291667   4.496  2.478 0.000
134.291667 135.291667   7.321  4.448 0.000
138.291667 139.291667 999.999  5.090 0.000
141.291667 142.291667   3.203  2.896 0.000
145.291667 146.291667   6.762  4.182 0.000
148.291667 149.291667   8.071  4.909 0.000
152.291667 153.291667   2.877  1.329 0.000
155.291667 156.291667   6.241  3.488 0.000
159.291667 160.291667 999.999 99.999 0.999
162.291667 163.291667 999.999 99.999 0.999
166.291667 167.291667   7.891  4.985 0.000
169.291667 170.291667   6.323  4.606 0.000
173.291667 174.291667   6.383  4.222 0.000
176.291667 177.291667   5.000  3.045 0.000
180.291667 181.291667 999.999 99.999 0.999
183.291667 184.291667   5.893  2.829 0.000
187.291667 188.291667   5.582  3.497 0.000
190.291667 191.291667   4.690  3.032 0.000
194.291667 195.291667   7.251  3.402 0.000
197.291667 198.291667   6.690  3.490 0.000
201.291667 202.291667   5.651  3.246 0.000
204.291667 205.291667  11.491  4.393 0.000
208.291667 209.291667   5.797  3.900 0.000
211.291667 212.291667   4.422  2.434 0.000
215.291667 216.291667   4.914  2.581 0.000
218.291667 219.291667   3.586  1.672 0.000
222.291667 223.291667   5.035  3.333 0.000
225.291667 226.291667   4.737  3.129 0.000
229.291667 230.291667  61.834  1.348 0.000
232.291667 233.291667 999.999 99.999 0.999
236.291667 237.291667   5.544  3.407 0.000
239.291667 240.291667   4.211  3.333 0.000
243.291667 244.291667   4.580  3.016 0.000
246.291667 247.291667 999.999 99.999 0.999
250.291667 251.291667 999.999 99.999 0.999
253.291667 254.291667  10.319  7.924 0.000
257.291667 258.291667   8.786  6.926 0.000
260.291667 261.291667   6.893  5.968 0.000
264.291667 265.291667   4.433  2.681 0.000
267.291667 268.291667   5.750  3.107 0.000
271.291667 272.291667   4.448  2.357 0.000
274.291667 275.291667   2.878  1.736 0.000
278.291667 279.291667   6.667  3.599 0.000
281.291667 282.291667   3.686  1.850 0.000
285.291667 286.291667   6.237  4.026 0.000
288.291667 289.291667   5.487  2.627 0.000
292.291667 293.291667   3.794  1.388 0.000
295.291667 296.291667   3.121  1.912 0.000
299.291667 300.291667   3.830  1.869 0.000
302.291667 303.291667   7.536  4.161 0.000
306.291667 307.291667   5.693  3.811 0.000
309.291667 310.291667   2.325  1.016 0.000
313.291667 314.291667   4.532  2.458 0.000
316.291667 317.291667   2.045  1.447 0.000
320.291667 321.291667   1.970  1.489 0.000
323.291667 324.291667   2.264  1.782 0.000
327.291667 328.291667   2.926  2.229 0.000
330.291667 331.291667 999.999  1.013 0.000
334.291667 335.291667   1.771  1.438 0.000
337.291667 338.291667   2.425  1.419 0.000
341.291667 342.291667   3.225  1.987 0.000
344.291667 345.291667   3.869  2.853 0.000
348.291667 349.291667   2.921 99.999 0.000
351.291667 352.291667   4.470 99.999 0.000
355.291667 356.291667   4.148  2.298 0.000
358.291667 359.291667   1.199  0.518 0.000
362.291667 363.291667   2.985  1.774 0.000
365.291667 366.291667   2.857  2.248 0.000
