scripts/IMPROVE-2019_partial/data/US0699R.20040101070000.20191216000000.filterpack..pm25.52w.1w.US03L_filterpack_US0699.US03L_IMPROVE_Davis.lev2.nas
66 1001
MISSING INFORMATION
US03L, IMPROVE, , , , , , , 
MISSING INFORMATION
IMPROVE sel_HTAP
1 1
2004 01 01 2019 12 16
3.000000
days from file reference point
27
1 1 1 1 1 1 1 1 1 1 1 1 1 1 1 1 1 1 1 1 1 1 1 1 1 1 1
999.999999 9999.99 9.999 99.99 9.999999 9.999 9.999999 9.99 9.999999 9.999 9.999 99.999 9.999 99.999 9.999 99.99 9.999999 999.999 9.999 999.999 9.999 99.999 9.999 9.999 9.999 9.999 9.999
end_time of measurement, days from the file reference point
iron, ng/m3, Revision date=20181210133000
numflag iron, no unit, Revision date=20181210133000
lead, ng/m3, Revision date=20181210133000
numflag lead, no unit, Revision date=20181210133000
magnesium, ug/m3, Revision date=20181210133000
numflag magnesium, no unit, Revision date=20181210133000
nickel, ng/m3, Revision date=20181210133000
numflag nickel, no unit, Revision date=20181210133000
nitrate, ug N/m3, Revision date=20181210133000
numflag nitrate, no unit, Revision date=20181210133000
organic_carbon, ug C/m3, Revision date=20181210133000
numflag organic_carbon, no unit, Revision date=20181210133000
organic_mass, ug/m3, Revision date=20181210133000
numflag organic_mass, no unit, Revision date=20181210133000
phosphorus, ng/m3, Revision date=20181210133000
numflag phosphorus, no unit, Revision date=20181210133000
pm10_mass, ug/m3, Version=2, Version description=Data extracted from http://views.cira.colostate.edu/fed/DataWizard 2019-12-16, Sample duration=1d, Orig. time res.=3d, Matrix=pm10, Blank correction=Blank corrected, Volume std. temperature=ambient, Volume std. pressure=ambient
numflag pm10_mass, no unit, Version=2, Version description=Data extracted from http://views.cira.colostate.edu/fed/DataWizard 2019-12-16, Sample duration=1d, Orig. time res.=3d, Matrix=pm10, Blank correction=Blank corrected, Volume std. temperature=ambient, Volume std. pressure=ambient
pm10_pm25_mass, ug/m3, Revision date=20181210133000, Matrix=pm10_pm25
numflag pm10_pm25_mass, no unit, Revision date=20181210133000, Matrix=pm10_pm25
pm25_mass, ug/m3, Version=2, Version description=Data extracted from http://views.cira.colostate.edu/fed/DataWizard 2019-12-16, Sample duration=1d, Orig. time res.=3d, Blank correction=Blank corrected, Volume std. temperature=ambient, Volume std. pressure=ambient
numflag pm25_mass, no unit, Version=2, Version description=Data extracted from http://views.cira.colostate.edu/fed/DataWizard 2019-12-16, Sample duration=1d, Orig. time res.=3d, Blank correction=Blank corrected, Volume std. temperature=ambient, Volume std. pressure=ambient
potassium, ug/m3, Revision date=20181210133000
numflag potassium, no unit, Revision date=20181210133000
sulphate_total, ug S/m3, Revision date=20181210133000
numflag sulphate_total, no unit, Revision date=20181210133000
0
25
Data definition:              EBAS_1.1
Set type code:                TU
Timezone:                     UTC
File name:                    US0699R.20040101070000.20191216000000.filterpack..pm25.52w.1w.US03L_filterpack_US0699.US03L_IMPROVE_Davis.lev2.nas
File creation:                20191218120304
Startdate:                    20040101070000
Revision date:                20191216000000
Statistics:                   arithmetic mean
Data level:                   2
Period code:                  52w
Resolution code:              1w
Station code:                 US0699R
Platform code:                US0699S
Station name:                 Mesa Verde National Park-Chapin Mesa (CO99)
Station latitude:             37.1981
Station longitude:            -108.4903
Station altitude:             2172.0 m
Regime:                       IMG
Component:                    
Matrix:                       pm25
Laboratory code:              US03L
Instrument type:              filterpack
Instrument name:              filterpack_US0699
Method ref:                   US03L_IMPROVE_Davis
starttime endtime Fe flag_Fe Pb flag_Pb Mg++ flag_Mg++ Ni flag_Ni NO3- flag_NO3- OC flag_OC OM flag_OM P flag_P PM10 flag_PM10 PM10-PM2.5 flag_PM10-PM2.5 PM2.5 flag_PM2.5 K+ flag_K+ SO4-- flag_SO4--
[from data line 81]
243.291667 244.291667   19.89 0.000  0.27 0.000000 0.024 0.000000 9.99 0.259000 0.015 0.000  0.762 0.000  1.067 0.000 99.99 0.259000   5.237 0.000   2.456 0.000  2.780 0.000 0.018 0.000 0.179 0.000
246.291667 247.291667   78.99 0.000  0.68 0.000000 9.999 0.259000 0.18 0.000000 0.047 0.000  0.637 0.000  0.892 0.000 99.99 0.259000  14.465 0.000   9.289 0.000  5.176 0.000 0.054 0.000 0.431 0.000
249.291667 250.291667 9999.99 0.999 99.99 0.999000 9.999 0.999000 9.99 0.999000 9.999 0.999 99.999 0.999 99.999 0.999 99.99 0.999000 999.999 0.999 999.999 0.999 99.999 0.999 9.999 0.999 9.999 0.999
252.291667 253.291667   33.71 0.000  0.45 0.000000 9.999 0.259000 0.09 0.000000 0.017 0.000  0.735 0.000  1.029 0.000 99.99 0.259000   6.046 0.000   2.715 0.000  3.331 0.000 0.024 0.000 0.264 0.000
255.291667 256.291667   36.59 0.000  0.36 0.000000 9.999 0.259000 0.06 0.000000 0.015 0.000  0.495 0.000  0.693 0.000 99.99 0.259000   8.366 0.000   5.531 0.000  2.835 0.000 0.026 0.000 0.211 0.000
258.291667 259.291667 9999.99 0.999 99.99 0.999000 9.999 0.999000 9.99 0.999000 9.999 0.999 99.999 0.999 99.999 0.999 99.99 0.999000 999.999 0.999 999.999 0.999 99.999 0.999 9.999 0.999 9.999 0.999
261.291667 262.291667   32.14 0.559  0.45 0.559000 9.999 0.559259 9.99 0.559259 0.027 0.000  0.544 0.000  0.762 0.000 99.99 0.559259   6.740 0.000   3.532 0.000  3.208 0.559 0.022 0.559 0.319 0.000
264.291667 265.291667   24.70 0.000  0.43 0.000000 9.999 0.259000 0.14 0.000000 0.054 0.000  0.316 0.000  0.442 0.000 99.99 0.259000   4.031 0.000   1.859 0.000  2.172 0.000 0.017 0.000 0.231 0.000
267.291667 268.291667    9.51 0.000  0.36 0.000000 0.056 0.000000 0.11 0.000000 0.011 0.000  0.484 0.000  0.677 0.000 99.99 0.259000   3.164 0.000   1.573 0.000  1.591 0.000 0.007 0.000 0.106 0.000
270.291667 271.291667   15.74 0.000  0.34 0.000000 9.999 0.259000 9.99 0.259000 0.016 0.000  0.643 0.000  0.901 0.000 99.99 0.259000   4.191 0.000   1.625 0.000  2.566 0.000 0.012 0.000 0.231 0.000
273.291667 274.291667   10.34 0.000  0.36 0.000000 0.084 0.000000 0.13 0.000000 0.024 0.000  0.468 0.000  0.655 0.000 99.99 0.259000   3.142 0.000   1.482 0.000  1.659 0.000 0.009 0.000 0.151 0.000
276.291667 277.291667   13.20 0.000  0.30 0.000000 9.999 0.259000 0.14 0.000000 0.025 0.000  0.661 0.000  0.925 0.000 99.99 0.259000   5.303 0.000   2.570 0.000  2.733 0.000 0.013 0.000 0.296 0.000
279.291667 280.291667    9.24 0.000  0.40 0.000000 9.999 0.259000 9.99 0.259000 0.016 0.000  0.427 0.000  0.598 0.000 99.99 0.259000   3.224 0.000   0.868 0.000  2.356 0.000 0.008 0.000 0.244 0.000
282.291667 283.291667   14.74 0.000  0.48 0.000000 9.999 0.259000 0.11 0.000000 0.015 0.000  0.648 0.000  0.907 0.000 99.99 0.259000   4.561 0.000   1.378 0.000  3.183 0.000 0.015 0.000 0.267 0.000
285.291667 286.291667   15.38 0.000  0.14 0.000000 0.056 0.000000 9.99 0.259000 0.019 0.000  0.472 0.000  0.661 0.000 99.99 0.259000   3.850 0.000   1.508 0.000  2.343 0.000 0.013 0.000 0.217 0.000
288.291667 289.291667   32.26 0.000  0.58 0.000000 9.999 0.259000 0.14 0.000000 0.011 0.000  0.198 0.000  0.277 0.000  5.78 0.000000   3.123 0.000   1.252 0.000  1.871 0.000 0.023 0.000 0.111 0.000
291.291667 292.291667   23.62 0.559  0.23 0.559000 9.999 0.559259 0.10 0.559000 0.068 0.000  0.242 0.000  0.339 0.000 99.99 0.559259   5.167 0.000   2.787 0.000  2.380 0.559 0.023 0.559 0.182 0.000
294.291667 295.291667   28.63 0.000  0.35 0.000000 9.999 0.259000 0.06 0.000000 0.032 0.000  0.355 0.000  0.496 0.000 99.99 0.259000  10.003 0.000   7.582 0.000  2.421 0.000 0.026 0.000 0.151 0.000
297.291667 298.291667   27.60 0.000  0.90 0.000000 9.999 0.259000 0.18 0.000000 0.024 0.000  0.378 0.000  0.530 0.000 99.99 0.259000   2.976 0.000   0.364 0.000  2.612 0.000 0.022 0.000 0.159 0.000
300.291667 301.291667    7.59 0.000  0.17 0.000000 0.131 0.000000 0.10 0.000000 0.026 0.000  0.538 0.000  0.753 0.000 99.99 0.259000   1.890 0.000   0.653 0.000  1.237 0.000 0.007 0.000 0.068 0.000
303.291667 304.291667    3.64 0.000  0.26 0.000000 0.110 0.000000 0.09 0.000000 0.025 0.000  0.617 0.000  0.863 0.000 99.99 0.259000   1.372 0.000   0.009 0.000  1.363 0.000 0.004 0.000 0.106 0.000
306.291667 307.291667    6.40 0.000  0.33 0.000000 0.053 0.000000 0.10 0.000000 0.011 0.000  0.750 0.000  1.049 0.000 99.99 0.259000   1.632 0.000   0.559 0.000  1.073 0.000 0.009 0.000 0.103 0.000
309.291667 310.291667   14.97 0.000  0.49 0.000000 9.999 0.259000 9.99 0.259000 0.014 0.000  0.496 0.000  0.694 0.000 99.99 0.259000   3.411 0.000   2.015 0.000  1.395 0.000 0.012 0.000 0.071 0.000
312.291667 313.291667   15.96 0.000  0.45 0.000000 9.999 0.259000 0.15 0.000000 0.019 0.000  0.368 0.000  0.515 0.000 99.99 0.259000   3.205 0.000   1.273 0.000  1.932 0.000 0.017 0.000 0.143 0.000
315.291667 316.291667    9.58 0.000  0.49 0.000000 0.084 0.000000 0.08 0.000000 0.077 0.000  0.779 0.000  1.091 0.000 99.99 0.259000   3.618 0.000   1.045 0.000  2.573 0.000 0.012 0.000 0.261 0.000
318.291667 319.291667    1.24 0.000  0.28 0.000000 0.124 0.000000 9.99 0.259000 0.017 0.000  0.452 0.000  0.633 0.000 99.99 0.259000   0.956 0.000   0.085 0.000  0.872 0.000 0.003 0.000 0.066 0.000
321.291667 322.291667    5.42 0.000  0.46 0.000000 9.999 0.259000 0.07 0.000000 0.049 0.000  0.562 0.000  0.787 0.000 99.99 0.259000   2.329 0.000   0.577 0.000  1.752 0.000 0.005 0.000 0.162 0.000
324.291667 325.291667    5.96 0.000  0.31 0.000000 9.999 0.259000 0.12 0.000000 0.037 0.000  0.428 0.000  0.600 0.000 99.99 0.259000   2.578 0.000   0.189 0.000  2.389 0.000 0.005 0.000 0.283 0.000
327.291667 328.291667    4.83 0.000  0.30 0.000000 0.052 0.000000 0.14 0.000000 0.021 0.000  0.258 0.000  0.361 0.000 99.99 0.259000   1.663 0.000   0.312 0.000  1.351 0.000 0.006 0.000 0.151 0.000
330.291667 331.291667    8.34 0.000  0.46 0.000000 0.084 0.000000 0.06 0.000000 0.018 0.000  0.145 0.000  0.202 0.000 99.99 0.259000   1.819 0.000   0.772 0.000  1.046 0.000 0.006 0.000 0.086 0.000
333.291667 334.291667    7.81 0.000  0.39 0.000000 9.999 0.259000 9.99 0.259000 0.031 0.000  0.349 0.000  0.488 0.000 99.99 0.259000   2.426 0.000   0.811 0.000  1.615 0.000 0.008 0.000 0.151 0.000
336.291667 337.291667    7.69 0.000  0.81 0.000000 0.036 0.000000 9.99 0.259000 0.035 0.000  0.357 0.000  0.500 0.000 99.99 0.259000   2.453 0.000   1.009 0.000  1.444 0.000 0.008 0.000 0.095 0.000
339.291667 340.291667    7.17 0.000  0.31 0.000000 9.999 0.259000 0.15 0.000000 0.028 0.000  0.385 0.000  0.539 0.000 99.99 0.259000   3.263 0.000   0.447 0.000  2.816 0.000 0.008 0.000 0.374 0.000
342.291667 343.291667    3.24 0.000  0.37 0.000000 9.999 0.259000 9.99 0.259000 0.079 0.000  0.318 0.000  0.445 0.000 99.99 0.259000   1.943 0.000   0.345 0.000  1.598 0.000 0.003 0.000 0.178 0.000
345.291667 346.291667    6.97 0.000  0.77 0.000000 9.999 0.259000 9.99 0.259000 0.024 0.000  0.305 0.000  0.428 0.000 99.99 0.259000   1.849 0.000   0.313 0.000  1.536 0.000 0.007 0.000 0.100 0.000
348.291667 349.291667   12.14 0.000  0.25 0.000000 9.999 0.259000 9.99 0.259000 0.090 0.000  0.488 0.000  0.683 0.000 99.99 0.259000   3.415 0.000   1.412 0.000  2.003 0.000 0.011 0.000 0.111 0.000
351.291667 352.291667    5.29 0.000  0.38 0.000000 9.999 0.259000 9.99 0.259000 0.058 0.000  0.380 0.000  0.533 0.000 99.99 0.259000   2.397 0.000   0.793 0.000  1.605 0.000 0.006 0.000 0.124 0.000
354.291667 355.291667   12.39 0.000  0.39 0.000000 9.999 0.259000 9.99 0.259000 0.012 0.000  0.165 0.000  0.231 0.000 99.99 0.259000   1.808 0.000   0.756 0.000  1.052 0.000 0.013 0.000 0.066 0.000
357.291667 358.291667    3.45 0.000  0.37 0.000000 9.999 0.259000 0.11 0.000000 0.061 0.000  0.196 0.000  0.274 0.000 99.99 0.259000   1.841 0.000   0.768 0.000  1.073 0.000 0.006 0.000 0.108 0.000
360.291667 361.291667    4.51 0.000  0.19 0.000000 0.038 0.000000 0.13 0.000000 0.026 0.000  0.222 0.000  0.311 0.000 99.99 0.259000   1.612 0.000   0.668 0.000  0.944 0.000 0.006 0.000 0.057 0.000
363.291667 364.291667    6.58 0.000  0.46 0.000000 9.999 0.259000 0.09 0.000000 0.020 0.000  0.343 0.000  0.480 0.000 99.99 0.259000   1.685 0.000   0.582 0.000  1.103 0.000 0.009 0.000 0.097 0.000
