scripts/IMPROVE-2019_partial/data/US0699R.19970101070000.20191216000000.filterpack...1y.3d.US03L_filterpack_US0699.US03L_IMPROVE_Davis.lev2.nas
51 1001
MISSING INFORMATION
US03L, IMPROVE, , , , , , , 
MISSING INFORMATION
IMPROVE sel_HTAP
1 1
1997 01 01 2019 12 16
0
days from file reference point
4
1 1 1 1
999.999999 999.999 999.999 9.999
end_time of measurement, days from the file reference point
pm10_mass, ug/m3, Matrix=pm10
pm25_mass, ug/m3, Matrix=pm25
numflag, no unit
0
33
Data definition:              EBAS_1.1
Set type code:                TI
Timezone:                     UTC
File name:                    US0699R.19970101070000.20191216000000.filterpack...1y.3d.US03L_filterpack_US0699.US03L_IMPROVE_Davis.lev2.nas
File creation:                20191218120302
Startdate:                    19970101070000
Revision date:                20191216000000
Version:                      2
Version description:          "Data extracted from http://views.cira.colostate.edu/fed/DataWizard 2019-12-16"
Statistics:                   arithmetic mean
Data level:                   2
Period code:                  1y
Resolution code:              3d
Sample duration:              1d
Orig. time res.:              3d
Station code:                 US0699R
Platform code:                US0699S
Station name:                 Mesa Verde National Park-Chapin Mesa (CO99)
Station latitude:             37.1981
Station longitude:            -108.4903
Station altitude:             2172.0 m
Regime:                       IMG
Component:                    
Unit:                         ug/m3
Matrix:                       
Laboratory code:              US03L
Instrument type:              filterpack
Instrument name:              filterpack_US0699
Method ref:                   US03L_IMPROVE_Davis
Blank correction:             Blank corrected
Volume std. temperature:      ambient
Volume std. pressure:         ambient
starttime endtime PM10 PM2.5 flag
  0.291667   1.291667 999.999 999.999 0.999
  3.291667   4.291667   0.772   0.844 0.000
  7.291667   8.291667 999.999 999.999 0.999
 10.291667  11.291667 999.999   2.315 0.000
 14.291667  15.291667 999.999 999.999 0.999
 17.291667  18.291667 999.999  11.092 0.000
 21.291667  22.291667 999.999 999.999 0.999
 24.291667  25.291667   3.244   2.368 0.000
 28.291667  29.291667 999.999 999.999 0.999
 31.291667  32.291667  12.697   2.003 0.000
 35.291667  36.291667 999.999 999.999 0.999
 38.291667  39.291667  19.107 999.999 0.000
 42.291667  43.291667 999.999 999.999 0.999
 45.291667  46.291667 999.999 999.999 0.999
 49.291667  50.291667  10.310   4.619 0.000
 52.291667  53.291667   2.415   1.817 0.000
 56.291667  57.291667   3.561   3.902 0.000
 59.291667  60.291667   4.284   4.233 0.000
 63.291667  64.291667   1.940   2.790 0.000
 66.291667  67.291667   4.340   2.336 0.000
 70.291667  71.291667   4.689   2.891 0.000
 73.291667  74.291667   5.920   1.479 0.000
 77.291667  78.291667   6.944   3.858 0.000
 80.291667  81.291667   5.882   3.946 0.000
 84.291667  85.291667   3.335   1.989 0.000
 87.291667  88.291667   4.159   3.018 0.000
 91.291667  92.291667  42.135  11.194 0.000
 94.291667  95.291667   2.614   1.575 0.000
 98.291667  99.291667  25.891   8.688 0.000
101.291667 102.291667   5.095   4.091 0.000
105.291667 106.291667   3.261   2.554 0.000
108.291667 109.291667   8.963   4.923 0.000
112.291667 113.291667   3.355   2.105 0.000
115.291667 116.291667   3.823   2.695 0.000
119.291667 120.291667   7.926   2.130 0.000
122.291667 123.291667   8.416   7.039 0.000
126.291667 127.291667   5.361   5.223 0.000
129.291667 130.291667   4.570   3.676 0.000
133.291667 134.291667   7.055   4.882 0.000
136.291667 137.291667   8.138   5.445 0.000
140.291667 141.291667   3.587   3.079 0.000
143.291667 144.291667   6.869   4.448 0.000
147.291667 148.291667   5.436   2.444 0.000
150.291667 151.291667   5.121   2.697 0.000
154.291667 155.291667 999.999   5.663 0.000
157.291667 158.291667  12.385   3.636 0.000
161.291667 162.291667   9.427   4.069 0.000
164.291667 165.291667  11.910   5.384 0.000
168.291667 169.291667   3.580   3.319 0.000
171.291667 172.291667   5.763   3.534 0.000
175.291667 176.291667   9.823   5.367 0.000
178.291667 179.291667   6.405   3.457 0.000
182.291667 183.291667   4.358   3.744 0.000
185.291667 186.291667   8.893   5.901 0.000
189.291667 190.291667   7.893   4.561 0.000
192.291667 193.291667   9.011   4.036 0.000
196.291667 197.291667   7.761   5.045 0.000
199.291667 200.291667   7.255   4.155 0.000
203.291667 204.291667   7.576   3.942 0.000
206.291667 207.291667   9.693   5.093 0.000
210.291667 211.291667   3.436   2.716 0.000
213.291667 214.291667   5.556   4.098 0.000
217.291667 218.291667   6.686   4.148 0.000
220.291667 221.291667   5.984   4.305 0.000
224.291667 225.291667   4.785   4.609 0.000
227.291667 228.291667  13.187   6.882 0.000
231.291667 232.291667   6.293   3.519 0.000
234.291667 235.291667   5.254   3.066 0.000
238.291667 239.291667   4.074   2.967 0.000
241.291667 242.291667   6.944   3.333 0.000
245.291667 246.291667   8.217   5.735 0.000
248.291667 249.291667   4.872   3.660 0.000
252.291667 253.291667   4.655   3.537 0.000
255.291667 256.291667   4.966   3.571 0.000
259.291667 260.291667   4.691   3.362 0.000
262.291667 263.291667 999.999 999.999 0.999
266.291667 267.291667 999.999 999.999 0.999
269.291667 270.291667 999.999 999.999 0.999
273.291667 274.291667 999.999 999.999 0.999
276.291667 277.291667 999.999 999.999 0.999
280.291667 281.291667 999.999 999.999 0.999
283.291667 284.291667 999.999 999.999 0.999
287.291667 288.291667 999.999 999.999 0.999
290.291667 291.291667 999.999 999.999 0.999
294.291667 295.291667 999.999 999.999 0.999
297.291667 298.291667 999.999 999.999 0.999
301.291667 302.291667   4.277   3.699 0.000
304.291667 305.291667   2.431   1.323 0.000
308.291667 309.291667   4.722   3.675 0.000
311.291667 312.291667   5.410   2.710 0.000
315.291667 316.291667   5.115   2.382 0.000
318.291667 319.291667   3.618   2.293 0.000
322.291667 323.291667  11.749   1.970 0.000
325.291667 326.291667   6.298   1.429 0.000
329.291667 330.291667   9.933   3.472 0.000
332.291667 333.291667  15.278   2.676 0.000
336.291667 337.291667   1.757 999.999 0.000
339.291667 340.291667 999.999   2.385 0.000
343.291667 344.291667   1.830   1.744 0.000
346.291667 347.291667   3.115   1.626 0.000
350.291667 351.291667   3.221   2.124 0.000
353.291667 354.291667 999.999 999.999 0.999
357.291667 358.291667   4.840   3.286 0.000
360.291667 361.291667   2.778   1.761 0.000
364.291667 365.291667   6.775   2.042 0.000
