scripts/IMPROVE-2019_partial/data/US0699R.20050101070000.20191216000000.filterpack..pm25.52w.1w.US03L_filterpack_US0699.US03L_IMPROVE_Davis.lev2.nas
66 1001
MISSING INFORMATION
US03L, IMPROVE, , , , , , , 
MISSING INFORMATION
IMPROVE sel_HTAP
1 1
2005 01 01 2019 12 16
3.000000
days from file reference point
27
1 1 1 1 1 1 1 1 1 1 1 1 1 1 1 1 1 1 1 1 1 1 1 1 1 1 1
999.999999 9999.99 9.999 99.99 9.999 9.999 9.999999 99.99 9.999999 9.999 9.999 99.999 9.999 99.999 9.999 99.99 9.999999 999.999 9.999 999.999 9.999 999.999 9.999 9.999 9.999 9.999 9.999
end_time of measurement, days from the file reference point
iron, ng/m3, Revision date=20181210133000
numflag iron, no unit, Revision date=20181210133000
lead, ng/m3, Revision date=20181210133000
numflag lead, no unit, Revision date=20181210133000
magnesium, ug/m3, Revision date=20181210133000
numflag magnesium, no unit, Revision date=20181210133000
nickel, ng/m3, Revision date=20181210133000
numflag nickel, no unit, Revision date=20181210133000
nitrate, ug N/m3, Revision date=20181210133000
numflag nitrate, no unit, Revision date=20181210133000
organic_carbon, ug C/m3, Revision date=20181210133000
numflag organic_carbon, no unit, Revision date=20181210133000
organic_mass, ug/m3, Revision date=20181210133000
numflag organic_mass, no unit, Revision date=20181210133000
phosphorus, ng/m3, Revision date=20181210133000
numflag phosphorus, no unit, Revision date=20181210133000
pm10_mass, ug/m3, Version=2, Version description=Data extracted from http://views.cira.colostate.edu/fed/DataWizard 2019-12-16, Sample duration=1d, Orig. time res.=3d, Matrix=pm10, Blank correction=Blank corrected, Volume std. temperature=ambient, Volume std. pressure=ambient
numflag pm10_mass, no unit, Version=2, Version description=Data extracted from http://views.cira.colostate.edu/fed/DataWizard 2019-12-16, Sample duration=1d, Orig. time res.=3d, Matrix=pm10, Blank correction=Blank corrected, Volume std. temperature=ambient, Volume std. pressure=ambient
pm10_pm25_mass, ug/m3, Revision date=20181210133000, Matrix=pm10_pm25
numflag pm10_pm25_mass, no unit, Revision date=20181210133000, Matrix=pm10_pm25
pm25_mass, ug/m3, Version=2, Version description=Data extracted from http://views.cira.colostate.edu/fed/DataWizard 2019-12-16, Sample duration=1d, Orig. time res.=3d, Blank correction=Blank corrected, Volume std. temperature=ambient, Volume std. pressure=ambient
numflag pm25_mass, no unit, Version=2, Version description=Data extracted from http://views.cira.colostate.edu/fed/DataWizard 2019-12-16, Sample duration=1d, Orig. time res.=3d, Blank correction=Blank corrected, Volume std. temperature=ambient, Volume std. pressure=ambient
potassium, ug/m3, Revision date=20181210133000
numflag potassium, no unit, Revision date=20181210133000
sulphate_total, ug S/m3, Revision date=20181210133000
numflag sulphate_total, no unit, Revision date=20181210133000
0
25
Data definition:              EBAS_1.1
Set type code:                TU
Timezone:                     UTC
File name:                    US0699R.20050101070000.20191216000000.filterpack..pm25.52w.1w.US03L_filterpack_US0699.US03L_IMPROVE_Davis.lev2.nas
File creation:                20191218120304
Startdate:                    20050101070000
Revision date:                20191216000000
Statistics:                   arithmetic mean
Data level:                   2
Period code:                  52w
Resolution code:              1w
Station code:                 US0699R
Platform code:                US0699S
Station name:                 Mesa Verde National Park-Chapin Mesa (CO99)
Station latitude:             37.1981
Station longitude:            -108.4903
Station altitude:             2172.0 m
Regime:                       IMG
Component:                    
Matrix:                       pm25
Laboratory code:              US03L
Instrument type:              filterpack
Instrument name:              filterpack_US0699
Method ref:                   US03L_IMPROVE_Davis
starttime endtime Fe flag_Fe Pb flag_Pb Mg++ flag_Mg++ Ni flag_Ni NO3- flag_NO3- OC flag_OC OM flag_OM P flag_P PM10 flag_PM10 PM10-PM2.5 flag_PM10-PM2.5 PM2.5 flag_PM2.5 K+ flag_K+ SO4-- flag_SO4--
  0.291667   1.291667    6.04 0.000  0.67 0.000 9.999 0.259000  0.14 0.000000 0.025 0.000  0.148 0.000  0.267 0.000 99.99 0.259000   1.445 0.000   0.478 0.000   0.967 0.000 0.025 0.000 0.085 0.000
  3.291667   4.291667    2.73 0.000 99.99 0.259 9.999 0.259000  0.18 0.000000 0.029 0.000  0.315 0.000  0.567 0.000 99.99 0.259000   0.741 0.000   0.228 0.000   0.516 0.000 0.002 0.000 0.056 0.000
  6.291667   7.291667    3.98 0.000  0.33 0.000 9.999 0.259000  0.08 0.000000 0.016 0.000  0.227 0.000  0.409 0.000 99.99 0.259000   2.360 0.000   1.336 0.000   1.023 0.000 0.004 0.000 0.110 0.000
  9.291667  10.291667    3.78 0.000  0.21 0.000 9.999 0.259000 99.99 0.259000 0.015 0.000  0.321 0.000  0.577 0.000 99.99 0.259000   0.825 0.000   0.189 0.000   0.636 0.000 0.004 0.000 0.054 0.000
 12.291667  13.291667   17.21 0.000  0.60 0.000 0.005 0.000000 99.99 0.259000 0.025 0.000  0.349 0.000  0.628 0.000 99.99 0.259000   2.358 0.000   1.349 0.000   1.009 0.000 0.012 0.000 0.072 0.000
 15.291667  16.291667   15.40 0.000  0.47 0.000 9.999 0.259000  0.07 0.000000 0.043 0.000  0.475 0.000  0.854 0.000 99.99 0.259000   2.311 0.000   0.863 0.000   1.447 0.000 0.012 0.000 0.057 0.000
 18.291667  19.291667   13.49 0.000  0.68 0.000 9.999 0.259000  0.06 0.000000 0.072 0.000  0.787 0.559  1.417 0.559 99.99 0.259000   3.086 0.000   0.808 0.000   2.277 0.000 0.016 0.000 0.099 0.000
 21.291667  22.291667   21.15 0.000 99.99 0.259 9.999 0.259000 99.99 0.259000 0.091 0.000  0.714 0.000  1.285 0.000 99.99 0.259000   4.290 0.000   1.830 0.000   2.459 0.000 0.024 0.000 0.116 0.000
 24.291667  25.291667   14.27 0.000  0.29 0.000 9.999 0.259000  0.10 0.000000 0.078 0.000  0.614 0.000  1.104 0.000 99.99 0.259000   3.912 0.000   1.287 0.000   2.640 0.000 0.017 0.000 0.276 0.000
 27.291667  28.291667    2.78 0.000  0.23 0.000 9.999 0.259000 99.99 0.259000 0.051 0.000  0.283 0.000  0.509 0.000 99.99 0.259000   0.661 0.000 999.999 0.259   1.008 0.000 0.003 0.000 0.124 0.000
 30.291667  31.291667    4.98 0.000  0.41 0.000 9.999 0.259000 99.99 0.259000 0.064 0.000  0.426 0.000  0.767 0.000 99.99 0.259000   1.777 0.000   0.170 0.000   1.607 0.000 0.005 0.000 0.212 0.000
 33.291667  34.291667    6.93 0.000  0.29 0.000 9.999 0.259000 99.99 0.259000 0.023 0.000  0.350 0.559  0.630 0.559 99.99 0.259000   2.150 0.000   0.563 0.000   1.586 0.000 0.006 0.000 0.150 0.000
 36.291667  37.291667   10.05 0.000  0.60 0.000 0.004 0.000000 99.99 0.259000 0.030 0.000  0.401 0.000  0.721 0.000 99.99 0.259000   2.397 0.000   0.731 0.000   1.665 0.000 0.011 0.000 0.125 0.000
 39.291667  40.291667   21.21 0.000  0.18 0.000 0.008 0.000000  0.07 0.000000 0.029 0.000  0.294 0.000  0.530 0.000 99.99 0.259000   1.821 0.000   0.644 0.000   1.176 0.000 0.010 0.000 0.076 0.000
 42.291667  43.291667    0.63 0.000  0.23 0.000 9.999 0.259000 99.99 0.259000 0.006 0.000  0.124 0.000  0.222 0.000 99.99 0.259000   0.247 0.000   0.007 0.000   0.240 0.000 0.001 0.000 0.017 0.000
 45.291667  46.291667   15.98 0.000  0.32 0.000 9.999 0.259000  0.08 0.000000 0.025 0.000  0.399 0.000  0.718 0.000 99.99 0.259000   2.142 0.000 999.999 0.259   2.341 0.000 0.009 0.000 0.173 0.000
 48.291667  49.291667    3.79 0.000  0.29 0.000 9.999 0.259000 99.99 0.259000 0.011 0.000  0.363 0.000  0.654 0.000 99.99 0.259000   1.152 0.000   0.271 0.000   0.880 0.000 0.004 0.000 0.075 0.000
 51.291667  52.291667    5.38 0.000  0.36 0.000 9.999 0.259000  0.12 0.000000 0.014 0.000 99.999 0.999 99.999 0.999 99.99 0.259000 999.999 0.999 999.999 0.999   0.736 0.000 0.005 0.000 0.066 0.000
 54.291667  55.291667    5.12 0.000  0.18 0.000 9.999 0.259000  0.07 0.000000 0.033 0.000  0.269 0.000  0.484 0.000 99.99 0.259000   1.408 0.000   0.264 0.000   1.143 0.000 0.006 0.000 0.130 0.000
 57.291667  58.291667   17.43 0.000  0.57 0.000 0.007 0.000000  0.09 0.000000 0.028 0.000  0.364 0.000  0.655 0.000 99.99 0.259000   3.022 0.000   0.886 0.000   2.135 0.000 0.013 0.000 0.241 0.000
 60.291667  61.291667   12.33 0.000  0.58 0.000 9.999 0.259000 99.99 0.259000 0.019 0.000  0.079 0.000  0.142 0.000 99.99 0.259000   1.849 0.000   0.712 0.000   1.136 0.000 0.008 0.000 0.132 0.000
 63.291667  64.291667   18.36 0.000  0.81 0.000 9.999 0.259000 99.99 0.259000 0.038 0.000  0.385 0.000  0.692 0.000 99.99 0.259000   2.711 0.000   0.178 0.000   2.532 0.000 0.019 0.000 0.295 0.000
 66.291667  67.291667   20.08 0.000  0.68 0.000 9.999 0.259000 99.99 0.259000 0.023 0.000  0.216 0.000  0.389 0.000 99.99 0.259000   2.838 0.000   1.491 0.000   1.364 0.000 0.018 0.000 0.107 0.000
 69.291667  70.291667   25.52 0.000  0.35 0.000 9.999 0.259000 99.99 0.259000 0.018 0.000  0.340 0.000  0.611 0.000 99.99 0.259000   2.628 0.000   1.263 0.000   1.364 0.000 0.019 0.000 0.100 0.000
 72.291667  73.291667  100.30 0.000  0.32 0.000 9.999 0.259000 99.99 0.259000 0.020 0.000  0.148 0.000  0.266 0.000 99.99 0.259000   2.233 0.000   1.113 0.000   1.119 0.000 0.015 0.000 0.119 0.000
 75.291667  76.291667   58.70 0.000  1.24 0.000 0.017 0.000000 99.99 0.259000 0.032 0.000  0.221 0.000  0.397 0.000 99.99 0.259000   8.155 0.000   5.677 0.000   2.476 0.000 0.040 0.000 0.193 0.000
 78.291667  79.291667    7.08 0.000  0.31 0.000 9.999 0.259000 99.99 0.259000 0.051 0.000  0.152 0.000  0.274 0.000 99.99 0.259000   0.993 0.000   0.201 0.000   0.792 0.000 0.006 0.000 0.107 0.000
 81.291667  82.291667   34.31 0.000  0.55 0.000 0.014 0.000000 99.99 0.259000 0.031 0.000  0.344 0.000  0.620 0.000 99.99 0.259000   9.300 0.000   7.596 0.000   1.703 0.000 0.024 0.000 0.085 0.000
 84.291667  85.291667    2.73 0.000  0.29 0.000 0.005 0.000000 99.99 0.259000 0.028 0.000  0.290 0.000  0.521 0.000 99.99 0.259000   1.771 0.000   0.353 0.000   1.417 0.000 0.003 0.000 0.253 0.000
 87.291667  88.291667   15.88 0.000  0.45 0.000 9.999 0.259000 99.99 0.259000 0.021 0.000  0.084 0.000  0.152 0.000 99.99 0.259000   1.646 0.000   0.586 0.000   1.068 0.000 0.010 0.000 0.121 0.000
 90.291667  91.291667    8.28 0.000  0.21 0.000 9.999 0.259000  0.09 0.000000 0.019 0.000  0.261 0.000  0.469 0.000 99.99 0.259000   2.296 0.000   1.032 0.000   1.263 0.000 0.006 0.000 0.187 0.000
 93.291667  94.291667    0.02 0.000  1.37 0.000 9.999 0.259000 99.99 0.259000 0.062 0.000  0.571 0.000  1.029 0.000 99.99 0.259000  19.497 0.000  14.845 0.000 999.999 0.456 9.999 0.259 0.241 0.000
 96.291667  97.291667   64.71 0.000  1.57 0.000 0.016 0.000000 99.99 0.259000 0.029 0.000  0.406 0.000  0.731 0.000 99.99 0.259000   6.298 0.000   3.032 0.000   3.263 0.000 0.045 0.000 0.287 0.000
 99.291667 100.291667   15.12 0.000  0.65 0.000 9.999 0.259000  0.14 0.000000 0.025 0.000  0.318 0.000  0.573 0.000 99.99 0.259000   2.520 0.000   0.889 0.000   1.631 0.000 0.014 0.000 0.183 0.000
102.291667 103.291667  134.70 0.000  1.82 0.000 0.047 0.000000 99.99 0.259000 0.036 0.000  0.296 0.000  0.533 0.000 99.99 0.259000   8.810 0.000   3.679 0.000   5.126 0.000 0.080 0.000 0.305 0.000
105.291667 106.291667  120.21 0.000  1.82 0.000 0.037 0.000000 99.99 0.259000 0.056 0.000  0.564 0.000  1.015 0.000 99.99 0.259000  10.903 0.000   5.112 0.000   5.785 0.000 0.081 0.000 0.481 0.000
108.291667 109.291667  536.40 0.000  3.13 0.000 0.316 0.000000  0.10 0.000000 0.086 0.000  0.550 0.000  0.989 0.000 99.99 0.259000  66.366 0.000  52.176 0.000  14.376 0.000 0.337 0.000 0.365 0.000
111.291667 112.291667   77.21 0.000  0.80 0.000 0.022 0.000000 99.99 0.259000 0.037 0.000  0.236 0.000  0.424 0.000 99.99 0.259000   6.255 0.000   2.943 0.000   3.310 0.000 0.050 0.000 0.195 0.000
114.291667 115.291667   21.46 0.000  0.71 0.000 9.999 0.259000 99.99 0.259000 0.030 0.000  0.178 0.000  0.321 0.000 99.99 0.259000   1.564 0.000   0.080 0.000   1.483 0.000 0.015 0.000 0.162 0.000
117.291667 118.291667   63.38 0.000  1.21 0.000 0.013 0.000000  0.14 0.000000 0.052 0.000  0.155 0.000  0.278 0.000 99.99 0.259000   5.468 0.000   2.286 0.000   3.181 0.000 0.042 0.000 0.279 0.000
120.291667 121.291667   19.46 0.000  0.42 0.000 0.007 0.000000 99.99 0.259000 0.014 0.000  0.255 0.000  0.460 0.000 99.99 0.259000   2.465 0.000   0.578 0.000   1.886 0.000 0.012 0.000 0.200 0.000
123.291667 124.291667   18.33 0.000  0.60 0.000 9.999 0.259000 99.99 0.259000 0.022 0.000  0.179 0.000  0.322 0.000 99.99 0.259000   2.454 0.000   0.628 0.000   1.826 0.000 0.012 0.000 0.214 0.000
126.291667 127.291667   18.03 0.000  0.68 0.000 9.999 0.259000 99.99 0.259000 0.015 0.000  0.152 0.000  0.274 0.000 99.99 0.259000   2.097 0.000   0.814 0.000   1.283 0.000 0.013 0.000 0.141 0.000
129.291667 130.291667  178.16 0.000  1.55 0.000 0.057 0.000000 99.99 0.259000 0.058 0.000  0.412 0.000  0.741 0.000 99.99 0.259000  10.392 0.000   4.720 0.000   5.689 0.000 0.107 0.000 0.329 0.000
132.291667 133.291667   14.49 0.000  0.46 0.000 9.999 0.259000  0.07 0.000000 0.005 0.000  0.085 0.000  0.152 0.000 99.99 0.259000   1.635 0.000   0.731 0.000   0.904 0.000 0.010 0.000 0.071 0.000
135.291667 136.291667  114.77 0.000  1.04 0.000 0.035 0.000000  0.06 0.000000 0.134 0.000  1.603 0.000  2.886 0.000 99.99 0.259000  10.612 0.000   3.485 0.000   7.120 0.000 0.178 0.000 0.322 0.000
138.291667 139.291667   39.83 0.000  0.69 0.000 0.012 0.000000 99.99 0.259000 0.019 0.000  0.411 0.000  0.741 0.000 99.99 0.259000   4.270 0.000   1.963 0.000   2.306 0.000 0.028 0.000 0.189 0.000
141.291667 142.291667   37.86 0.000  0.33 0.000 9.999 0.259000 99.99 0.259000 0.013 0.000  0.501 0.000  0.902 0.000 99.99 0.259000   4.178 0.000   1.702 0.000   2.475 0.000 0.025 0.000 0.171 0.000
144.291667 145.291667   40.55 0.000  0.62 0.000 0.012 0.000000 99.99 0.259000 0.026 0.000  0.666 0.000  1.199 0.000 99.99 0.259000   7.189 0.000   4.067 0.000   3.120 0.000 0.031 0.000 0.194 0.000
147.291667 148.291667   37.54 0.000  0.54 0.000 9.999 0.259000 99.99 0.259000 0.028 0.000  0.871 0.000  1.567 0.000 99.99 0.259000   7.788 0.000   3.951 0.000   3.834 0.000 0.029 0.000 0.358 0.000
150.291667 151.291667   15.66 0.000  0.19 0.000 9.999 0.259000 99.99 0.259000 0.008 0.000  0.306 0.000  0.550 0.000 99.99 0.259000   3.417 0.000   1.957 0.000   1.482 0.000 0.012 0.000 0.151 0.000
153.291667 154.291667   41.95 0.000  0.54 0.000 0.014 0.000000  0.08 0.000000 0.053 0.000  0.560 0.000  1.009 0.000 99.99 0.259000   8.682 0.000   5.315 0.000   3.366 0.000 0.036 0.000 0.299 0.000
156.291667 157.291667   48.72 0.000  0.83 0.000 9.999 0.259000  0.13 0.000000 0.047 0.000  0.433 0.000  0.780 0.000 99.99 0.259000   6.902 0.000   3.191 0.000   3.710 0.000 0.041 0.000 0.375 0.000
159.291667 160.291667   42.16 0.000  0.58 0.000 0.010 0.000000  0.07 0.000000 0.076 0.000  0.528 0.000  0.951 0.000 99.99 0.259000   8.437 0.000   4.940 0.000   3.495 0.000 0.089 0.000 0.257 0.000
162.291667 163.291667 9999.99 0.999 99.99 0.999 9.999 0.999000 99.99 0.999000 9.999 0.999 99.999 0.999 99.999 0.999 99.99 0.999000 999.999 0.999 999.999 0.999 999.999 0.999 9.999 0.999 9.999 0.999
165.291667 166.291667   77.80 0.394  0.79 0.394 9.999 0.394259  0.10 0.394000 0.052 0.394  1.064 0.000  1.914 0.000 99.99 0.394259  12.614 0.000   5.516 0.000   7.168 0.000 0.077 0.394 0.681 0.394
168.291667 169.291667 9999.99 0.999 99.99 0.999 9.999 0.999000 99.99 0.999000 9.999 0.999 99.999 0.999 99.999 0.999 99.99 0.999000 999.999 0.999 999.999 0.999 999.999 0.999 9.999 0.999 9.999 0.999
171.291667 172.291667 9999.99 0.999 99.99 0.999 9.999 0.999000 99.99 0.999000 9.999 0.999 99.999 0.999 99.999 0.999 99.99 0.999000 999.999 0.999 999.999 0.999 999.999 0.999 9.999 0.999 9.999 0.999
174.291667 175.291667   31.81 0.000  0.24 0.000 0.007 0.000000  0.12 0.000000 0.022 0.000  0.827 0.000  1.488 0.000 99.99 0.259000   7.686 0.000   3.000 0.000   4.683 0.000 0.067 0.000 0.468 0.000
177.291667 178.291667 9999.99 0.999 99.99 0.999 9.999 0.999000 99.99 0.999000 9.999 0.999 99.999 0.999 99.999 0.999 99.99 0.999000 999.999 0.999 999.999 0.999 999.999 0.999 9.999 0.999 9.999 0.999
180.291667 181.291667   43.33 0.699  0.62 0.699 9.999 0.699259  0.09 0.699000 0.178 0.000  5.238 0.000  9.428 0.000 99.99 0.699259  17.765 0.000   3.031 0.699  14.690 0.659 0.365 0.699 0.488 0.000
183.291667 184.291667   46.28 0.699  0.59 0.699 0.007 0.699000  0.09 0.699000 0.089 0.000  1.889 0.000  3.400 0.000 99.99 0.699259  11.092 0.000   4.772 0.699   6.311 0.659 0.116 0.699 0.389 0.000
186.291667 187.291667   42.02 0.699  0.39 0.699 0.013 0.699000 99.99 0.699259 0.015 0.000  0.587 0.000  1.057 0.000 99.99 0.699259   6.418 0.000   3.002 0.699   3.413 0.659 0.050 0.699 0.219 0.000
189.291667 190.291667   43.06 0.699  0.51 0.699 9.999 0.699259 99.99 0.699259 0.061 0.000  0.646 0.000  1.163 0.000 99.99 0.699259   8.761 0.000   4.110 0.699   4.646 0.659 0.064 0.699 0.395 0.000
192.291667 193.291667   41.05 0.000  0.52 0.000 9.999 0.259000 99.99 0.259000 0.028 0.000  1.173 0.000  2.111 0.000 99.99 0.259000   9.785 0.000   5.301 0.000   4.490 0.000 0.056 0.000 0.288 0.000
195.291667 196.291667 9999.99 0.699 99.99 0.699 9.999 0.699000 99.99 0.699000 0.029 0.000  4.313 0.000  7.763 0.000 99.99 0.699000  12.053 0.000 999.999 0.699   9.402 0.659 9.999 0.699 0.280 0.000
198.291667 199.291667   24.56 0.699  0.28 0.699 9.999 0.699259 99.99 0.699259 0.050 0.000  3.570 0.000  6.425 0.000 99.99 0.699259  10.953 0.000   2.975 0.699   7.968 0.659 0.199 0.699 0.229 0.000
201.291667 202.291667   48.53 0.000  0.18 0.000 0.008 0.000000  0.09 0.000000 0.015 0.000  1.364 0.000  2.456 0.000 99.99 0.259000  13.117 0.000   7.770 0.000   5.344 0.000 0.085 0.000 0.231 0.000
204.291667 205.291667 9999.99 0.699 99.99 0.699 9.999 0.699000 99.99 0.699000 9.999 0.699  1.404 0.559  2.526 0.559 99.99 0.699000  22.399 0.000 999.999 0.699   5.149 0.000 9.999 0.699 9.999 0.699
207.291667 208.291667   20.36 0.000  0.17 0.000 9.999 0.259000  0.25 0.000000 0.015 0.000  0.804 0.559  1.448 0.559 99.99 0.259000   4.910 0.000   2.269 0.000   2.640 0.000 0.019 0.000 0.164 0.000
210.291667 211.291667   18.42 0.000  0.21 0.000 9.999 0.259000 99.99 0.259000 0.012 0.000  0.729 0.559  1.311 0.559 99.99 0.259000   5.152 0.000   2.677 0.000   2.474 0.000 0.014 0.000 0.184 0.000
213.291667 214.291667  125.95 0.000  0.27 0.000 0.015 0.000000  0.15 0.000000 0.031 0.000  0.396 0.000  0.712 0.000 99.99 0.259000   6.624 0.000   2.275 0.000   4.382 0.000 0.054 0.000 0.317 0.000
216.291667 217.291667 9999.99 0.999 99.99 0.999 9.999 0.999000 99.99 0.999000 9.999 0.999 99.999 0.999 99.999 0.999 99.99 0.999000 999.999 0.999 999.999 0.999 999.999 0.999 9.999 0.999 9.999 0.999
219.291667 220.291667 9999.99 0.999 99.99 0.999 9.999 0.999000 99.99 0.999000 9.999 0.999 99.999 0.999 99.999 0.999 99.99 0.999000 999.999 0.999 999.999 0.999 999.999 0.999 9.999 0.999 9.999 0.999
222.291667 223.291667   10.59 0.000 99.99 0.259 9.999 0.259000  0.08 0.000000 0.008 0.000  0.491 0.559  0.884 0.559 99.99 0.259000   2.423 0.000   0.835 0.000   1.588 0.000 0.009 0.000 0.098 0.000
225.291667 226.291667    9.97 0.000  0.26 0.000 9.999 0.259000 99.99 0.259000 0.010 0.000  0.503 0.559  0.906 0.559 99.99 0.259000   2.756 0.000   0.674 0.000   2.081 0.000 0.014 0.000 0.150 0.000
228.291667 229.291667   15.61 0.000  0.28 0.000 9.999 0.259000 99.99 0.259000 0.014 0.000  0.335 0.559  0.602 0.559 99.99 0.259000   4.141 0.000   1.400 0.000   2.739 0.000 0.020 0.000 0.291 0.000
231.291667 232.291667   13.51 0.000  0.19 0.000 9.999 0.259000  0.17 0.000000 0.006 0.000  0.118 0.559  0.213 0.559 99.99 0.259000   2.135 0.000   0.644 0.000   1.490 0.000 0.009 0.000 0.130 0.000
234.291667 235.291667   21.10 0.000  0.41 0.000 9.999 0.259000  0.10 0.000000 0.008 0.000  0.242 0.559  0.436 0.559 99.99 0.259000   4.375 0.000   1.716 0.000   2.659 0.000 0.014 0.000 0.296 0.000
237.291667 238.291667   20.60 0.000  0.30 0.000 9.999 0.259000  0.11 0.000000 0.028 0.000  0.209 0.559  0.377 0.559 99.99 0.259000   5.497 0.000   2.477 0.000   3.019 0.000 0.018 0.000 0.392 0.000
240.291667 241.291667   26.82 0.000  0.25 0.000 9.999 0.259000 99.99 0.259000 0.011 0.000  0.971 0.559  1.747 0.559 99.99 0.259000   6.354 0.000   2.512 0.000   3.841 0.000 0.044 0.000 0.251 0.000
