scripts/IMPROVE-2019_partial/data/US0699R.20050101070000.20191216000000.filterpack..pm25.52w.1w.US03L_filterpack_US0699.US03L_IMPROVE_Davis.lev2.nas
66 1001
MISSING INFORMATION
US03L, IMPROVE, , , , , , , 
MISSING INFORMATION
IMPROVE sel_HTAP
1 1
2005 01 01 2019 12 16
3.000000
days from file reference point
27
1 1 1 1 1 1 1 1 1 1 1 1 1 1 1 1 1 1 1 1 1 1 1 1 1 1 1
999.999999 9999.99 9.999 99.99 9.999 9.999 9.999999 99.99 9.999999 9.999 9.999 99.999 9.999 99.999 9.999 99.99 9.999999 999.999 9.999 999.999 9.999 999.999 9.999 9.999 9.999 9.999 9.999
end_time of measurement, days from the file reference point
iron, ng/m3, Revision date=20181210133000
numflag iron, no unit, Revision date=20181210133000
lead, ng/m3, Revision date=20181210133000
numflag lead, no unit, Revision date=20181210133000
magnesium, ug/m3, Revision date=20181210133000
numflag magnesium, no unit, Revision date=20181210133000
nickel, ng/m3, Revision date=20181210133000
numflag nickel, no unit, Revision date=20181210133000
nitrate, ug N/m3, Revision date=20181210133000
numflag nitrate, no unit, Revision date=20181210133000
organic_carbon, ug C/m3, Revision date=20181210133000
numflag organic_carbon, no unit, Revision date=20181210133000
organic_mass, ug/m3, Revision date=20181210133000
numflag organic_mass, no unit, Revision date=20181210133000
phosphorus, ng/m3, Revision date=20181210133000
numflag phosphorus, no unit, Revision date=20181210133000
pm10_mass, ug/m3, Version=2, Version description=Data extracted from http://views.cira.colostate.edu/fed/DataWizard 2019-12-16, Sample duration=1d, Orig. time res.=3d, Matrix=pm10, Blank correction=Blank corrected, Volume std. temperature=ambient, Volume std. pressure=ambient
numflag pm10_mass, no unit, Version=2, Version description=Data extracted from http://views.cira.colostate.edu/fed/DataWizard 2019-12-16, Sample duration=1d, Orig. time res.=3d, Matrix=pm10, Blank correction=Blank corrected, Volume std. temperature=ambient, Volume std. pressure=ambient
pm10_pm25_mass, ug/m3, Revision date=20181210133000, Matrix=pm10_pm25
numflag pm10_pm25_mass, no unit, Revision date=20181210133000, Matrix=pm10_pm25
pm25_mass, ug/m3, Version=2, Version description=Data extracted from http://views.cira.colostate.edu/fed/DataWizard 2019-12-16, Sample duration=1d, Orig. time res.=3d, Blank correction=Blank corrected, Volume std. temperature=ambient, Volume std. pressure=ambient
numflag pm25_mass, no unit, Version=2, Version description=Data extracted from http://views.cira.colostate.edu/fed/DataWizard 2019-12-16, Sample duration=1d, Orig. time res.=3d, Blank correction=Blank corrected, Volume std. temperature=ambient, Volume std. pressure=ambient
potassium, ug/m3, Revision date=20181210133000
numflag potassium, no unit, Revision date=20181210133000
sulphate_total, ug S/m3, Revision date=20181210133000
numflag sulphate_total, no unit, Revision date=20181210133000
0
25
Data definition:              EBAS_1.1
Set type code:                TU
Timezone:                     UTC
File name:                    US0699R.20050101070000.20191216000000.filterpack..pm25.52w.1w.US03L_filterpack_US0699.US03L_IMPROVE_Davis.lev2.nas
File creation:                20191218120304
Startdate:                    20050101070000
Revision date:                20191216000000
Statistics:                   arithmetic mean
Data level:                   2
Period code:                  52w
Resolution code:              1w
Station code:                 US0699R
Platform code:                US0699S
Station name:                 Mesa Verde National Park-Chapin Mesa (CO99)
Station latitude:             37.1981
Station longitude:            -108.4903
Station altitude:             2172.0 m
Regime:                       IMG
Component:                    
Matrix:                       pm25
Laboratory code:              US03L
Instrument type:              filterpack
Instrument name:              filterpack_US0699
Method ref:                   US03L_IMPROVE_Davis
starttime endtime Fe flag_Fe Pb flag_Pb Mg++ flag_Mg++ Ni flag_Ni NO3- flag_NO3- OC flag_OC OM flag_OM P flag_P PM10 flag_PM10 PM10-PM2.5 flag_PM10-PM2.5 PM2.5 flag_PM2.5 K+ flag_K+ SO4-- flag_SO4--
[from data line 82]
246.291667 247.291667   12.18 0.000  0.43 0.000 9.999 0.259000  0.09 0.000000 0.017 0.000  0.477 0.559  0.858 0.559 99.99 0.259000   3.584 0.000   0.905 0.000   2.678 0.000 0.012 0.000 0.276 0.000
249.291667 250.291667   19.68 0.000  0.40 0.000 9.999 0.259000 99.99 0.259000 0.011 0.000  0.561 0.559  1.010 0.559 99.99 0.259000   3.781 0.000   1.343 0.000   2.437 0.000 0.013 0.000 0.236 0.000
252.291667 253.291667   40.33 0.000  0.54 0.000 9.999 0.259000  0.08 0.000000 0.043 0.000  0.414 0.000  0.746 0.000 99.99 0.259000   7.893 0.000   4.228 0.000   3.663 0.000 0.031 0.000 0.310 0.000
255.291667 256.291667   23.05 0.000  0.45 0.000 9.999 0.259000  0.08 0.000000 0.033 0.000  0.166 0.559  0.299 0.559 99.99 0.259000   3.631 0.000   1.584 0.000   2.046 0.000 0.017 0.000 0.180 0.000
258.291667 259.291667   33.66 0.000  0.60 0.000 9.999 0.259000  0.09 0.000000 0.033 0.000  0.347 0.000  0.624 0.000 99.99 0.259000   5.889 0.000   3.131 0.000   2.756 0.000 0.023 0.000 0.085 0.000
261.291667 262.291667   17.38 0.000  0.54 0.000 9.999 0.259000 99.99 0.259000 0.010 0.000  0.133 0.559  0.240 0.559 99.99 0.259000   3.167 0.000   1.484 0.000   1.682 0.000 0.012 0.000 0.174 0.000
264.291667 265.291667 9999.99 0.999 99.99 0.999 9.999 0.999000 99.99 0.999000 9.999 0.999 99.999 0.999 99.999 0.999 99.99 0.999000 999.999 0.999 999.999 0.999 999.999 0.999 9.999 0.999 9.999 0.999
267.291667 268.291667 9999.99 0.999 99.99 0.999 9.999 0.999000 99.99 0.999000 9.999 0.999 99.999 0.999 99.999 0.999 99.99 0.999000 999.999 0.999 999.999 0.999 999.999 0.999 9.999 0.999 9.999 0.999
270.291667 271.291667   14.42 0.000  0.73 0.000 9.999 0.259000  0.08 0.000000 0.037 0.000  0.620 0.000  1.117 0.000 99.99 0.259000   4.365 0.000   1.267 0.000   3.163 0.000 0.015 0.000 0.352 0.000
273.291667 274.291667   13.55 0.000  0.37 0.000 9.999 0.259000 99.99 0.259000 0.011 0.000  0.867 0.000  1.560 0.000 99.99 0.259000   3.777 0.000   1.154 0.000   2.621 0.000 0.010 0.000 0.188 0.000
276.291667 277.291667   34.59 0.000  0.53 0.000 0.014 0.000000  0.21 0.000000 0.020 0.000  0.702 0.000  1.264 0.000 99.99 0.259000  13.451 0.000   9.815 0.000   3.751 0.000 0.027 0.000 0.374 0.000
279.291667 280.291667   21.39 0.000  0.32 0.000 9.999 0.259000  0.11 0.000000 0.031 0.000  1.134 0.000  2.041 0.000 99.99 0.259000   7.791 0.000   3.677 0.000   4.110 0.000 0.019 0.000 0.345 0.000
282.291667 283.291667    5.38 0.000  0.13 0.000 9.999 0.259000 99.99 0.259000 0.004 0.000  0.158 0.559  0.284 0.559 99.99 0.259000   0.872 0.000   0.071 0.000   0.801 0.000 0.004 0.000 0.054 0.000
285.291667 286.291667   11.34 0.000  0.18 0.000 9.999 0.259000  1.48 0.000000 0.012 0.000  0.742 0.000  1.335 0.000 99.99 0.259000   3.443 0.000   1.174 0.000   2.268 0.000 0.008 0.000 0.151 0.000
288.291667 289.291667   19.98 0.000  0.39 0.000 0.011 0.000000  3.67 0.000000 0.015 0.000  0.591 0.000  1.063 0.000 99.99 0.259000   3.513 0.000   0.884 0.000   2.627 0.000 0.014 0.000 0.256 0.000
291.291667 292.291667    3.58 0.000  0.14 0.000 9.999 0.259000  0.40 0.000000 0.016 0.000  0.618 0.000  1.112 0.000 99.99 0.259000   1.412 0.000   0.425 0.000   0.987 0.000 0.004 0.000 0.057 0.000
294.291667 295.291667   37.09 0.000  0.58 0.000 9.999 0.259000  4.44 0.000000 0.023 0.000  0.904 0.000  1.627 0.000 99.99 0.259000   4.790 0.000   0.477 0.000   4.310 0.000 0.024 0.000 0.301 0.000
297.291667 298.291667   43.15 0.000  0.55 0.000 0.015 0.000000  3.10 0.000000 0.020 0.000  0.709 0.000  1.276 0.000 99.99 0.259000   5.037 0.000   1.272 0.000   3.767 0.000 0.029 0.000 0.248 0.000
300.291667 301.291667   42.48 0.000  0.50 0.000 0.016 0.000000  1.84 0.000000 0.032 0.000  0.569 0.000  1.025 0.000 99.99 0.259000   6.736 0.000   2.437 0.000   4.296 0.000 0.031 0.000 0.434 0.000
303.291667 304.291667   44.80 0.000  2.12 0.000 0.025 0.000000  0.42 0.000000 0.019 0.000  0.364 0.000  0.655 0.000 99.99 0.259000   4.299 0.000   0.476 0.000   3.820 0.000 0.036 0.000 0.393 0.000
306.291667 307.291667   78.99 0.000  1.10 0.000 9.999 0.259000  1.81 0.000000 0.019 0.000  0.881 0.000  1.585 0.000 99.99 0.259000   9.269 0.000   3.372 0.000   5.890 0.000 0.056 0.000 0.501 0.000
309.291667 310.291667   37.84 0.000  0.22 0.000 9.999 0.259000  1.43 0.000000 0.011 0.000  0.079 0.000  0.141 0.000 99.99 0.259000   2.424 0.000   0.587 0.000   1.835 0.000 0.025 0.000 0.089 0.000
312.291667 313.291667   40.80 0.000  0.81 0.000 9.999 0.259000  0.68 0.000000 0.014 0.000  0.993 0.000  1.787 0.000 99.99 0.259000   8.153 0.000   3.519 0.000   4.628 0.000 0.033 0.000 0.425 0.000
315.291667 316.291667   21.02 0.000  0.27 0.000 9.999 0.259000  0.78 0.000000 0.028 0.000  0.411 0.000  0.740 0.000 99.99 0.259000   2.665 0.000   0.207 0.000   2.457 0.000 0.015 0.000 0.255 0.000
318.291667 319.291667    3.30 0.000  0.20 0.000 9.999 0.259000  0.19 0.000000 0.005 0.000  0.039 0.000  0.070 0.000 99.99 0.259000   1.048 0.000   0.519 0.000   0.529 0.000 0.004 0.000 0.059 0.000
321.291667 322.291667    9.43 0.000  0.34 0.000 9.999 0.259000 99.99 0.259000 0.011 0.000  0.309 0.000  0.556 0.000 99.99 0.259000   2.801 0.000   1.559 0.000   1.241 0.000 0.009 0.000 0.133 0.000
324.291667 325.291667   19.10 0.000  0.21 0.000 9.999 0.259000 99.99 0.259000 0.027 0.000  0.663 0.000  1.194 0.000 99.99 0.259000   3.317 0.000   1.489 0.000   1.827 0.000 0.023 0.000 0.094 0.000
327.291667 328.291667   36.45 0.000  0.36 0.000 9.999 0.259000  0.69 0.000000 0.012 0.000  0.478 0.000  0.860 0.000 99.99 0.259000   3.468 0.000   1.026 0.000   2.439 0.000 0.022 0.000 0.128 0.000
330.291667 331.291667   13.39 0.000  0.19 0.000 9.999 0.259000  0.18 0.000000 0.019 0.000  0.241 0.000  0.434 0.000 99.99 0.259000   2.320 0.000   1.432 0.000   0.887 0.000 0.008 0.000 0.058 0.000
333.291667 334.291667   24.65 0.000  0.15 0.000 9.999 0.259000  0.52 0.000000 0.016 0.000  0.272 0.000  0.490 0.000 99.99 0.259000   2.558 0.000   1.112 0.000   1.445 0.000 0.016 0.000 0.064 0.000
336.291667 337.291667   13.85 0.000  0.40 0.000 9.999 0.259000  0.15 0.000000 0.020 0.000  0.311 0.000  0.560 0.000 99.99 0.259000   2.094 0.000   0.679 0.000   1.414 0.000 0.012 0.000 0.110 0.000
339.291667 340.291667    7.43 0.000  0.22 0.000 0.006 0.000000 99.99 0.259000 0.005 0.000  0.090 0.000  0.162 0.000 99.99 0.259000   1.423 0.000   0.749 0.000   0.685 0.000 0.005 0.000 0.052 0.000
342.291667 343.291667   10.90 0.000  0.23 0.000 9.999 0.259000 99.99 0.259000 0.012 0.000  0.511 0.000  0.920 0.000 99.99 0.259000   2.221 0.000   0.935 0.000   1.286 0.000 0.014 0.000 0.084 0.000
345.291667 346.291667   35.73 0.000  0.49 0.000 9.999 0.259000  0.18 0.000000 0.045 0.000  0.859 0.000  1.547 0.000 99.99 0.259000   5.572 0.000   2.636 0.000   2.932 0.000 0.032 0.000 0.093 0.000
348.291667 349.291667   12.58 0.000  0.20 0.000 0.003 0.000000 99.99 0.259000 0.035 0.000  0.619 0.000  1.115 0.000 99.99 0.259000   2.730 0.000   0.953 0.000   1.777 0.000 0.010 0.000 0.054 0.000
351.291667 352.291667   16.44 0.000  0.43 0.000 9.999 0.259000  0.10 0.000000 0.071 0.000  0.515 0.000  0.926 0.000 99.99 0.259000   3.411 0.000   1.555 0.000   1.853 0.000 0.016 0.000 0.080 0.000
354.291667 355.291667   16.69 0.000  0.07 0.000 9.999 0.259000  0.21 0.000000 0.009 0.000  0.430 0.000  0.774 0.000 99.99 0.259000   1.905 0.000   0.751 0.000   1.154 0.000 0.011 0.000 0.048 0.000
357.291667 358.291667   43.99 0.000  0.25 0.000 0.017 0.000000  0.70 0.000000 0.008 0.000  0.139 0.000  0.249 0.000 99.99 0.259000   1.206 0.000 999.999 0.259   1.781 0.000 0.041 0.000 0.037 0.000
360.291667 361.291667   24.44 0.000  0.14 0.000 9.999 0.259000  0.61 0.000000 0.012 0.000  0.081 0.000  0.146 0.000 99.99 0.259000   0.666 0.000 999.999 0.259   1.008 0.000 0.014 0.000 0.020 0.000
363.291667 364.291667    7.56 0.000  0.23 0.000 0.003 0.000000 99.99 0.259000 0.012 0.000  0.156 0.000  0.280 0.000  2.76 0.000000   1.002 0.000   0.465 0.000   0.537 0.000 0.005 0.000 0.034 0.000
