scripts/IMPROVE-2019_partial/data/US0699R.20060102070000.20191216000000.filterpack..pm25.52w.1w.US03L_filterpack_US0699_2.US03L_IMPROVE_Davis.lev2.nas
55 1001
MISSING INFORMATION
US03L, IMPROVE, , , , , , , 
MISSING INFORMATION
IMPROVE sel_HTAP
1 1
2006 01 01 2019 12 16
3.000000
days from file reference point
15
1 1 1 1 1 1 1 1 1 1 1 1 1 1 1
999.999999 9999.99 9.999 99.99 9.999 9.999 9.999999 9.99 9.999999 99.99 9.999999 999.999 9.999 9.999 9.999
end_time of measurement, days from the file reference point
iron, ng/m3, Revision date=20181210133000
numflag iron, no unit, Revision date=20181210133000
lead, ng/m3, Revision date=20181210133000
numflag lead, no unit, Revision date=20181210133000
magnesium, ug/m3, Revision date=20181210133000
numflag magnesium, no unit, Revision date=20181210133000
nickel, ng/m3, Revision date=20181210133000
numflag nickel, no unit, Revision date=20181210133000
phosphorus, ng/m3, Revision date=20181210133000
numflag phosphorus, no unit, Revision date=20181210133000
pm25_mass, ug/m3, Version=2, Version description=Data extracted from http://views.cira.colostate.edu/fed/DataWizard 2019-12-16, Sample duration=1d, Orig. time res.=3d, Blank correction=Blank corrected, Volume std. temperature=ambient, Volume std. pressure=ambient
numflag pm25_mass, no unit, Version=2, Version description=Data extracted from http://views.cira.colostate.edu/fed/DataWizard 2019-12-16, Sample duration=1d, Orig. time res.=3d, Blank correction=Blank corrected, Volume std. temperature=ambient, Volume std. pressure=ambient
potassium, ug/m3, Revision date=20181210133000
numflag potassium, no unit, Revision date=20181210133000
0
26
Data definition:              EBAS_1.1
Set type code:                TU
Timezone:                     UTC
File name:                    US0699R.20060102070000.20191216000000.filterpack..pm25.52w.1w.US03L_filterpack_US0699_2.US03L_IMPROVE_Davis.lev2.nas
File creation:                20191218120306
Startdate:                    20060102070000
Revision date:                20191216000000
Statistics:                   arithmetic mean
Data level:                   2
Period code:                  52w
Resolution code:              1w
Station code:                 US0699R
Platform code:                US0699S
Station name:                 Mesa Verde National Park-Chapin Mesa (CO99)
Station latitude:             37.1981
Station longitude:            -108.4903
Station altitude:             2172.0 m
Regime:                       IMG
Component:                    
Unit:                         ng/m3
Matrix:                       pm25
Laboratory code:              US03L
Instrument type:              filterpack
Instrument name:              filterpack_US0699_2
Method ref:                   US03L_IMPROVE_Davis
starttime endtime Fe flag_Fe Pb flag_Pb Mg++ flag_Mg++ Ni flag_Ni P flag_P PM2.5 flag_PM2.5 K+ flag_K+
  1.291667   2.291667    6.34 0.000  0.17 0.000 0.005 0.000000 9.99 0.259000 99.99 0.259000   0.563 0.000 0.008 0.000
  4.291667   5.291667   10.87 0.000  0.32 0.000 9.999 0.259000 0.11 0.000000 99.99 0.259000   0.976 0.000 0.008 0.000
  7.291667   8.291667   30.52 0.000  0.51 0.000 0.012 0.000000 9.99 0.259000 99.99 0.259000   1.433 0.000 0.024 0.000
 10.291667  11.291667   46.30 0.000  0.22 0.000 0.022 0.000000 0.04 0.000000 99.99 0.259000   1.652 0.000 0.030 0.000
 13.291667  14.291667   46.91 0.000  0.38 0.000 9.999 0.259000 9.99 0.259000 99.99 0.259000   1.585 0.000 0.032 0.000
 16.291667  17.291667    8.30 0.000  0.33 0.000 9.999 0.259000 9.99 0.259000 99.99 0.259000   0.607 0.000 0.010 0.000
 19.291667  20.291667    7.20 0.000  0.11 0.000 0.005 0.000000 0.12 0.000000 99.99 0.259000   0.855 0.000 0.005 0.000
 22.291667  23.291667    8.84 0.000  0.62 0.000 9.999 0.259000 9.99 0.259000 99.99 0.259000   1.161 0.000 0.010 0.000
 25.291667  26.291667 9999.99 0.456 99.99 0.456 9.999 0.456000 9.99 0.456000 99.99 0.456000 999.999 0.456 9.999 0.456
 28.291667  29.291667 9999.99 0.456 99.99 0.456 9.999 0.456000 9.99 0.456000 99.99 0.456000 999.999 0.456 9.999 0.456
 31.291667  32.291667 9999.99 0.456 99.99 0.456 9.999 0.456000 9.99 0.456000 99.99 0.456000 999.999 0.456 9.999 0.456
 34.291667  35.291667 9999.99 0.456 99.99 0.456 9.999 0.456000 9.99 0.456000 99.99 0.456000 999.999 0.456 9.999 0.456
 37.291667  38.291667 9999.99 0.456 99.99 0.456 9.999 0.456000 9.99 0.456000 99.99 0.456000 999.999 0.456 9.999 0.456
 40.291667  41.291667   16.59 0.000  0.41 0.000 9.999 0.259000 9.99 0.259000 99.99 0.259000   1.493 0.000 0.013 0.000
 43.291667  44.291667   17.81 0.000  0.40 0.000 9.999 0.259000 9.99 0.259000 99.99 0.259000   1.357 0.000 0.015 0.000
 46.291667  47.291667   10.90 0.000  0.31 0.000 9.999 0.259000 0.07 0.000000 99.99 0.259000   1.061 0.000 0.010 0.000
 49.291667  50.291667   16.14 0.000  0.37 0.000 9.999 0.259000 9.99 0.259000 99.99 0.259000   1.274 0.000 0.014 0.000
 52.291667  53.291667 9999.99 0.999 99.99 0.999 9.999 0.999000 9.99 0.999000 99.99 0.999000 999.999 0.999 9.999 0.999
 55.291667  56.291667   19.94 0.000  0.69 0.000 9.999 0.259000 0.08 0.000000 99.99 0.259000   1.457 0.000 0.021 0.000
 58.291667  59.291667   51.87 0.000  0.68 0.000 9.999 0.259000 9.99 0.259000 99.99 0.259000   2.516 0.000 0.037 0.000
 61.291667  62.291667   66.72 0.000  0.53 0.000 0.014 0.000000 9.99 0.259000 99.99 0.259000   3.308 0.000 0.047 0.000
 64.291667  65.291667   33.18 0.000  0.63 0.000 9.999 0.259000 0.07 0.000000 99.99 0.259000   1.632 0.000 0.024 0.000
 67.291667  68.291667   18.05 0.000  0.17 0.000 9.999 0.259000 0.08 0.000000 99.99 0.259000   1.456 0.000 0.011 0.000
 70.291667  71.291667   10.64 0.000  0.20 0.000 0.006 0.000000 0.26 0.000000 99.99 0.259000   1.160 0.000 0.007 0.000
 73.291667  74.291667   23.05 0.000  0.61 0.000 9.999 0.259000 9.99 0.259000  9.86 0.000000   1.771 0.000 0.016 0.000
 76.291667  77.291667   39.47 0.000  1.45 0.000 9.999 0.259000 0.09 0.000000 99.99 0.259000   2.812 0.000 0.032 0.000
 79.291667  80.291667   31.49 0.000  0.68 0.000 0.011 0.000000 9.99 0.259000 99.99 0.259000   2.277 0.000 0.020 0.000
 82.291667  83.291667   56.42 0.000  0.59 0.000 9.999 0.259000 9.99 0.259000 99.99 0.259000   3.185 0.000 0.038 0.000
 85.291667  86.291667   58.92 0.000  0.64 0.000 0.033 0.000000 9.99 0.259000 99.99 0.259000   2.139 0.000 0.038 0.000
 88.291667  89.291667   12.05 0.000  0.25 0.000 9.999 0.259000 9.99 0.259000 99.99 0.259000   1.007 0.000 0.009 0.000
 91.291667  92.291667   32.08 0.000  0.83 0.000 0.015 0.000000 9.99 0.259000 99.99 0.259000   1.938 0.000 0.020 0.000
 94.291667  95.291667   23.39 0.000  0.54 0.000 0.009 0.000000 9.99 0.259000 99.99 0.259000   1.457 0.000 0.018 0.000
 97.291667  98.291667   34.11 0.000  0.84 0.000 0.015 0.000000 9.99 0.259000 99.99 0.259000   2.030 0.000 0.025 0.000
100.291667 101.291667   53.17 0.000  1.22 0.000 0.024 0.000000 0.07 0.000000 99.99 0.259000   2.700 0.000 0.039 0.000
103.291667 104.291667   34.39 0.000  0.89 0.000 0.014 0.000000 0.09 0.000000 99.99 0.259000   2.561 0.000 0.032 0.000
106.291667 107.291667  261.92 0.000  1.31 0.000 0.182 0.000000 9.99 0.259000 99.99 0.259000   8.156 0.000 0.161 0.000
109.291667 110.291667  105.44 0.000  0.73 0.000 0.063 0.000000 9.99 0.259000 99.99 0.259000   4.619 0.000 0.063 0.000
112.291667 113.291667  191.59 0.000  1.65 0.000 0.110 0.000000 0.12 0.000000 99.99 0.259000   7.079 0.000 0.122 0.000
115.291667 116.291667  139.47 0.699  1.38 0.699 0.056 0.699000 9.99 0.699259 99.99 0.699259   5.450 0.659 0.092 0.699
118.291667 119.291667  149.12 0.699  2.01 0.699 0.073 0.699000 9.99 0.699259 99.99 0.699259   5.358 0.659 0.091 0.699
121.291667 122.291667   92.19 0.699  0.99 0.699 0.026 0.699000 0.09 0.699000 99.99 0.699259   4.198 0.659 0.053 0.699
124.291667 125.291667   95.49 0.699  1.02 0.699 9.999 0.699259 0.18 0.699000 99.99 0.699259   4.063 0.659 0.055 0.699
127.291667 128.291667  112.40 0.699  1.37 0.699 9.999 0.699259 9.99 0.699259 99.99 0.699259   5.690 0.659 0.067 0.699
130.291667 131.291667   71.06 0.699  0.89 0.699 9.999 0.699259 9.99 0.699259 99.99 0.699259   3.613 0.659 0.045 0.699
133.291667 134.291667  103.86 0.699  1.07 0.699 9.999 0.699259 9.99 0.699259 99.99 0.699259   5.261 0.659 0.061 0.699
136.291667 137.291667   56.01 0.000  0.38 0.000 0.009 0.000000 0.08 0.000000 99.99 0.259000   3.188 0.000 0.031 0.000
139.291667 140.291667   62.42 0.000  0.62 0.000 9.999 0.259000 0.16 0.000000 99.99 0.259000   4.049 0.000 0.047 0.000
142.291667 143.291667   47.21 0.000  0.27 0.000 0.009 0.000000 0.08 0.000000 99.99 0.259000   2.634 0.000 0.028 0.000
145.291667 146.291667   52.08 0.699  0.41 0.699 9.999 0.699259 9.99 0.699259 99.99 0.699259   3.018 0.659 0.035 0.699
148.291667 149.291667   52.69 0.000  0.68 0.000 9.999 0.259000 9.99 0.259000 99.99 0.259000   3.404 0.000 0.038 0.000
151.291667 152.291667   66.43 0.000  0.55 0.000 0.027 0.000000 0.07 0.000000 99.99 0.259000   4.125 0.000 0.046 0.000
154.291667 155.291667   67.34 0.000  0.65 0.000 0.027 0.000000 9.99 0.259000 99.99 0.259000   5.398 0.000 0.060 0.000
157.291667 158.291667  344.61 0.699  0.65 0.699 0.253 0.699000 9.99 0.699259 99.99 0.699259  13.436 0.659 0.239 0.699
160.291667 161.291667   40.14 0.000  0.39 0.000 0.021 0.000000 0.11 0.000000 99.99 0.259000   3.236 0.000 0.034 0.000
163.291667 164.291667   44.64 0.000  0.50 0.000 0.018 0.000000 9.99 0.259000 99.99 0.259000   5.194 0.000 0.048 0.000
166.291667 167.291667   48.91 0.000  0.31 0.000 0.025 0.000000 0.06 0.000000 99.99 0.259000   3.500 0.000 0.038 0.000
169.291667 170.291667   45.33 0.000  0.53 0.000 0.020 0.000000 0.08 0.000000 99.99 0.259000   4.425 0.000 0.049 0.000
172.291667 173.291667   47.82 0.699  0.47 0.699 0.024 0.699000 0.07 0.699000 99.99 0.699259   5.790 0.659 0.067 0.699
175.291667 176.291667   41.28 0.000  0.50 0.000 9.999 0.259000 9.99 0.259000 99.99 0.259000   3.468 0.000 0.036 0.000
178.291667 179.291667   54.77 0.000  0.56 0.000 0.025 0.000000 9.99 0.259000 99.99 0.259000   4.408 0.000 0.052 0.000
181.291667 182.291667   24.35 0.000  0.51 0.000 9.999 0.259000 9.99 0.259000 99.99 0.259000   4.112 0.000 0.028 0.000
184.291667 185.291667   28.33 0.000  0.52 0.000 0.008 0.000000 9.99 0.259000 99.99 0.259000   3.592 0.000 0.037 0.000
187.291667 188.291667   12.52 0.000  0.56 0.000 9.999 0.259000 9.99 0.259000 99.99 0.259000   2.485 0.000 0.013 0.000
190.291667 191.291667   13.54 0.000  0.24 0.000 0.004 0.000000 9.99 0.259000 99.99 0.259000   2.703 0.000 0.022 0.000
193.291667 194.291667   23.31 0.000  0.47 0.000 0.012 0.000000 9.99 0.259000 99.99 0.259000   6.342 0.000 0.104 0.000
196.291667 197.291667   18.79 0.000  0.43 0.000 9.999 0.259000 9.99 0.259000 99.99 0.259000   3.569 0.000 0.029 0.000
199.291667 200.291667   42.77 0.559  0.88 0.559 0.014 0.559000 9.99 0.559259 99.99 0.559259   9.470 0.659 0.045 0.559
202.291667 203.291667   26.50 0.559  0.35 0.559 9.999 0.559259 0.06 0.559000 99.99 0.559259   3.488 0.659 0.025 0.559
205.291667 206.291667   12.97 0.559  0.28 0.559 0.004 0.559000 9.99 0.559259 99.99 0.559259   3.277 0.659 0.024 0.559
208.291667 209.291667   19.63 0.559  0.29 0.559 9.999 0.559259 9.99 0.559259 99.99 0.559259   2.479 0.659 0.028 0.559
211.291667 212.291667   18.16 0.000  0.17 0.000 9.999 0.259000 9.99 0.259000 99.99 0.259000   3.713 0.000 0.038 0.000
214.291667 215.291667   11.78 0.559  0.19 0.559 0.007 0.559000 9.99 0.559259 99.99 0.559259   2.152 0.659 0.015 0.559
217.291667 218.291667    5.54 0.559  0.19 0.559 0.003 0.559000 9.99 0.559259 99.99 0.559259   1.779 0.659 0.006 0.559
220.291667 221.291667   21.70 0.000  0.26 0.000 0.007 0.000000 0.17 0.000000 99.99 0.259000   2.288 0.000 0.014 0.000
223.291667 224.291667   17.22 0.000  0.30 0.000 9.999 0.259000 0.90 0.000000 99.99 0.259000   2.611 0.000 0.015 0.000
226.291667 227.291667   13.74 0.000  0.30 0.000 9.999 0.259000 0.58 0.000000 99.99 0.259000   1.637 0.000 0.011 0.000
229.291667 230.291667 9999.99 0.456 99.99 0.456 9.999 0.456000 9.99 0.456000 99.99 0.456000 999.999 0.456 9.999 0.456
232.291667 233.291667    8.43 0.000  0.23 0.000 9.999 0.259000 0.07 0.000000 99.99 0.259000   2.165 0.000 0.014 0.000
235.291667 236.291667   13.59 0.000  0.17 0.000 9.999 0.259000 0.11 0.000000 99.99 0.259000   2.532 0.000 0.015 0.000
238.291667 239.291667   14.36 0.000  0.35 0.000 0.006 0.000000 9.99 0.259000 99.99 0.259000   3.340 0.000 0.022 0.000
241.291667 242.291667   18.65 0.000  0.41 0.000 9.999 0.259000 9.99 0.259000 99.99 0.259000   3.043 0.000 0.019 0.000
244.291667 245.291667   12.44 0.000  0.17 0.000 9.999 0.259000 9.99 0.259000 99.99 0.259000   2.094 0.000 0.012 0.000
247.291667 248.291667   14.38 0.000  0.12 0.000 0.006 0.000000 9.99 0.259000 99.99 0.259000   1.037 0.000 0.013 0.000
250.291667 251.291667    5.42 0.000  0.14 0.000 9.999 0.259000 9.99 0.259000 99.99 0.259000   3.949 0.000 0.022 0.000
253.291667 254.291667   10.23 0.000  0.22 0.000 0.004 0.000000 9.99 0.259000 99.99 0.259000   2.958 0.000 0.025 0.000
256.291667 257.291667   13.91 0.000  0.28 0.000 0.008 0.000000 9.99 0.259000 99.99 0.259000   1.876 0.000 0.009 0.000
259.291667 260.291667    5.04 0.000  0.15 0.000 9.999 0.259000 9.99 0.259000 99.99 0.259000   2.034 0.000 0.010 0.000
262.291667 263.291667   26.27 0.000  0.59 0.000 0.008 0.000000 0.11 0.000000 99.99 0.259000   3.579 0.000 0.032 0.000
265.291667 266.291667    4.27 0.000  0.33 0.000 0.006 0.000000 9.99 0.259000 99.99 0.259000   1.540 0.000 0.005 0.000
268.291667 269.291667   12.16 0.000  0.29 0.000 9.999 0.259000 9.99 0.259000 99.99 0.259000   2.927 0.000 0.018 0.000
271.291667 272.291667   14.87 0.000  0.26 0.000 0.004 0.000000 9.99 0.259000 99.99 0.259000   2.199 0.000 0.017 0.000
274.291667 275.291667   24.43 0.000  0.53 0.000 9.999 0.259000 0.12 0.000000 99.99 0.259000   3.597 0.000 0.033 0.000
277.291667 278.291667   21.56 0.000  0.57 0.000 0.006 0.000000 0.16 0.000000 99.99 0.259000   4.120 0.000 0.026 0.000
280.291667 281.291667    6.16 0.000  0.27 0.000 9.999 0.259000 0.16 0.000000 99.99 0.259000   2.243 0.000 0.005 0.000
283.291667 284.291667   18.29 0.000  0.37 0.000 0.009 0.000000 9.99 0.259000 99.99 0.259000   2.221 0.000 0.017 0.000
286.291667 287.291667    9.08 0.000  0.35 0.000 9.999 0.259000 9.99 0.259000 99.99 0.259000   1.721 0.000 0.009 0.000
289.291667 290.291667   14.66 0.000  0.47 0.000 9.999 0.259000 9.99 0.259000 99.99 0.259000   1.788 0.000 0.012 0.000
292.291667 293.291667    6.36 0.000  0.35 0.000 9.999 0.259000 9.99 0.259000 99.99 0.259000   1.438 0.000 0.008 0.000
295.291667 296.291667   12.65 0.000  0.69 0.000 9.999 0.259000 9.99 0.259000 99.99 0.259000   1.442 0.000 0.010 0.000
298.291667 299.291667    5.41 0.000  0.12 0.000 9.999 0.259000 9.99 0.259000 99.99 0.259000   1.124 0.000 0.007 0.000
301.291667 302.291667   12.73 0.000  0.80 0.000 9.999 0.259000 9.99 0.259000 99.99 0.259000   2.356 0.000 0.013 0.000
304.291667 305.291667   23.38 0.000  0.97 0.000 9.999 0.259000 9.99 0.259000 99.99 0.259000   2.514 0.000 0.031 0.000
307.291667 308.291667   15.14 0.000  0.62 0.000 9.999 0.259000 0.06 0.000000 99.99 0.259000   2.429 0.000 0.020 0.000
310.291667 311.291667    9.78 0.000  0.33 0.000 9.999 0.259000 9.99 0.259000 99.99 0.259000   0.949 0.000 0.007 0.000
313.291667 314.291667    9.68 0.000  0.28 0.000 9.999 0.259000 9.99 0.259000 99.99 0.259000   1.375 0.000 0.009 0.000
316.291667 317.291667    6.10 0.000  0.46 0.000 9.999 0.259000 9.99 0.259000 99.99 0.259000   1.422 0.000 0.006 0.000
319.291667 320.291667   14.74 0.000  1.75 0.000 9.999 0.259000 0.09 0.000000 99.99 0.259000   2.386 0.000 0.029 0.000
322.291667 323.291667    9.38 0.000  0.81 0.000 9.999 0.259000 9.99 0.259000 99.99 0.259000   1.331 0.000 0.012 0.000
325.291667 326.291667   24.50 0.000  0.74 0.000 9.999 0.259000 0.07 0.000000 99.99 0.259000   2.150 0.000 0.023 0.000
328.291667 329.291667   13.92 0.000  0.54 0.000 9.999 0.259000 9.99 0.259000 99.99 0.259000   1.728 0.000 0.014 0.000
331.291667 332.291667   22.50 0.000  0.71 0.000 9.999 0.259000 9.99 0.259000 99.99 0.259000   1.329 0.000 0.019 0.000
334.291667 335.291667    5.94 0.000  0.07 0.000 0.004 0.000000 9.99 0.259000 99.99 0.259000   1.089 0.000 0.006 0.000
337.291667 338.291667   14.37 0.000  0.37 0.000 9.999 0.259000 0.12 0.000000 99.99 0.259000   2.582 0.000 0.013 0.000
340.291667 341.291667   30.67 0.000  0.12 0.000 0.007 0.000000 9.99 0.259000 99.99 0.259000   2.458 0.000 0.020 0.000
343.291667 344.291667   14.77 0.000  0.33 0.000 9.999 0.259000 0.09 0.000000 99.99 0.259000   1.969 0.000 0.014 0.000
346.291667 347.291667    5.35 0.000  0.36 0.000 9.999 0.259000 9.99 0.259000 99.99 0.259000   0.786 0.000 0.005 0.000
349.291667 350.291667   13.88 0.000  0.33 0.000 9.999 0.259000 9.99 0.259000 99.99 0.259000   1.385 0.000 0.013 0.000
352.291667 353.291667    3.57 0.000  0.09 0.000 0.004 0.000000 0.13 0.000000 99.99 0.259000   1.023 0.000 0.005 0.000
355.291667 356.291667    3.53 0.000  0.09 0.000 9.999 0.259000 9.99 0.259000 99.99 0.259000   1.538 0.000 0.005 0.000
358.291667 359.291667    1.69 0.000  0.06 0.000 9.999 0.259000 9.99 0.259000 99.99 0.259000   0.555 0.000 0.002 0.000
361.291667 362.291667    7.52 0.000  0.22 0.000 9.999 0.259000 9.99 0.259000 99.99 0.259000   1.359 0.000 0.010 0.000
364.291667 365.291667    6.12 0.000  0.53 0.000 9.999 0.259000 0.12 0.000000 99.99 0.259000   3.344 0.000 0.009 0.000
