scripts/IMPROVE-2019_partial/data/US0699R.20020102070000.20191216000000.filterpack..pm25.52w.1w.US03L_filterpack_US0699.US03L_IMPROVE_Davis.lev2.nas
66 1001
MISSING INFORMATION
US03L, IMPROVE, , , , , , , 
MISSING INFORMATION
IMPROVE sel_HTAP
1 1
2002 01 01 2019 12 16
3.000000
days from file reference point
27
1 1 1 1 1 1 1 1 1 1 1 1 1 1 1 1 1 1 1 1 1 1 1 1 1 1 1
999.999999 9999.99 9.999999 99.99 9.999999 9.999 9.999999999 99.99 9.999999 9.999 9.999 99.999 9.999 99.999 9.999 9999.99 9.999999 999.999 9.999 999.999 9.999 999.999 9.999 9.999 9.999999 9.999 9.999
end_time of measurement, days from the file reference point
iron, ng/m3, Revision date=20181210133000
numflag iron, no unit, Revision date=20181210133000
lead, ng/m3, Revision date=20181210133000
numflag lead, no unit, Revision date=20181210133000
magnesium, ug/m3, Revision date=20181210133000
numflag magnesium, no unit, Revision date=20181210133000
nickel, ng/m3, Revision date=20181210133000
numflag nickel, no unit, Revision date=20181210133000
nitrate, ug N/m3, Revision date=20181210133000
numflag nitrate, no unit, Revision date=20181210133000
organic_carbon, ug C/m3, Revision date=20181210133000
numflag organic_carbon, no unit, Revision date=20181210133000
organic_mass, ug/m3, Revision date=20181210133000
numflag organic_mass, no unit, Revision date=20181210133000
phosphorus, ng/m3, Revision date=20181210133000
numflag phosphorus, no unit, Revision date=20181210133000
pm10_mass, ug/m3, Version=2, Version description=Data extracted from http://views.cira.colostate.edu/fed/DataWizard 2019-12-16, Sample duration=1d, Orig. time res.=3d, Matrix=pm10, Blank correction=Blank corrected, Volume std. temperature=ambient, Volume std. pressure=ambient
numflag pm10_mass, no unit, Version=2, Version description=Data extracted from http://views.cira.colostate.edu/fed/DataWizard 2019-12-16, Sample duration=1d, Orig. time res.=3d, Matrix=pm10, Blank correction=Blank corrected, Volume std. temperature=ambient, Volume std. pressure=ambient
pm10_pm25_mass, ug/m3, Revision date=20181210133000, Matrix=pm10_pm25
numflag pm10_pm25_mass, no unit, Revision date=20181210133000, Matrix=pm10_pm25
pm25_mass, ug/m3, Version=2, Version description=Data extracted from http://views.cira.colostate.edu/fed/DataWizard 2019-12-16, Sample duration=1d, Orig. time res.=3d, Blank correction=Blank corrected, Volume std. temperature=ambient, Volume std. pressure=ambient
numflag pm25_mass, no unit, Version=2, Version description=Data extracted from http://views.cira.colostate.edu/fed/DataWizard 2019-12-16, Sample duration=1d, Orig. time res.=3d, Blank correction=Blank corrected, Volume std. temperature=ambient, Volume std. pressure=ambient
potassium, ug/m3, Revision date=20181210133000
numflag potassium, no unit, Revision date=20181210133000
sulphate_total, ug S/m3, Revision date=20181210133000
numflag sulphate_total, no unit, Revision date=20181210133000
0
25
Data definition:              EBAS_1.1
Set type code:                TU
Timezone:                     UTC
File name:                    US0699R.20020102070000.20191216000000.filterpack..pm25.52w.1w.US03L_filterpack_US0699.US03L_IMPROVE_Davis.lev2.nas
File creation:                20191218120303
Startdate:                    20020102070000
Revision date:                20191216000000
Statistics:                   arithmetic mean
Data level:                   2
Period code:                  52w
Resolution code:              1w
Station code:                 US0699R
Platform code:                US0699S
Station name:                 Mesa Verde National Park-Chapin Mesa (CO99)
Station latitude:             37.1981
Station longitude:            -108.4903
Station altitude:             2172.0 m
Regime:                       IMG
Component:                    
Matrix:                       pm25
Laboratory code:              US03L
Instrument type:              filterpack
Instrument name:              filterpack_US0699
Method ref:                   US03L_IMPROVE_Davis
starttime endtime Fe flag_Fe Pb flag_Pb Mg++ flag_Mg++ Ni flag_Ni NO3- flag_NO3- OC flag_OC OM flag_OM P flag_P PM10 flag_PM10 PM10-PM2.5 flag_PM10-PM2.5 PM2.5 flag_PM2.5 K+ flag_K+ SO4-- flag_SO4--
[from data line 76]
229.291667 230.291667  138.32 0.559394  0.75 0.559394 9.999 0.559394259  0.98 0.559394 0.072 0.394  3.259 0.000  4.562 0.000  114.06 0.559394  45.926 0.000  31.253 0.000  14.673 0.559 0.121 0.559394 0.394 0.394
232.291667 233.291667   57.13 0.000000  0.23 0.000000 9.999 0.259000000  2.16 0.000000 0.074 0.000  1.196 0.000  1.674 0.000 9999.99 0.259000  11.818 0.000   6.875 0.000   4.942 0.000 0.051 0.000000 0.253 0.000
235.291667 236.291667   26.41 0.000000  0.21 0.000000 9.999 0.259000000 99.99 0.259000 0.019 0.000  0.479 0.000  0.671 0.000 9999.99 0.259000   6.741 0.000   4.469 0.000   2.273 0.000 0.027 0.000000 0.141 0.000
238.291667 239.291667   32.75 0.000000  0.29 0.000000 0.021 0.000000000 99.99 0.259000 0.023 0.000  0.877 0.000  1.227 0.000 9999.99 0.259000   9.139 0.000   5.724 0.000   3.415 0.000 0.030 0.000000 0.177 0.000
241.291667 242.291667   23.74 0.000000  0.29 0.000000 9.999 0.259000000  0.20 0.000000 0.043 0.000  0.542 0.000  0.759 0.000 9999.99 0.259000   8.041 0.000   5.233 0.000   2.808 0.000 0.018 0.000000 0.248 0.000
244.291667 245.291667   45.15 0.000000  0.64 0.000000 0.021 0.000000000  0.14 0.000000 0.030 0.000  0.842 0.000  1.179 0.000 9999.99 0.259000   7.513 0.000   2.645 0.000   4.868 0.000 0.036 0.000000 0.395 0.000
247.291667 248.291667   45.99 0.559000  0.62 0.559000 9.999 0.559259000 99.99 0.559259 0.034 0.000  1.314 0.000  1.840 0.000 9999.99 0.559259  15.432 0.000   9.672 0.000   5.760 0.559 0.048 0.559000 0.450 0.000
250.291667 251.291667   12.22 0.000000  0.38 0.000000 9.999 0.259000000  0.36 0.000000 0.125 0.000  0.734 0.000  1.027 0.000 9999.99 0.259000   3.268 0.000   1.043 0.000   2.225 0.000 0.009 0.000000 0.171 0.000
253.291667 254.291667    7.93 0.000000  0.33 0.000000 9.999 0.259000000 99.99 0.259000 0.044 0.000  0.583 0.000  0.816 0.000 9999.99 0.259000   3.554 0.000   2.391 0.000   1.163 0.000 0.006 0.000000 0.103 0.000
256.291667 257.291667   13.41 0.000000  0.57 0.000000 9.999 0.259000000 99.99 0.259000 0.029 0.000  0.853 0.000  1.194 0.000 9999.99 0.259000   4.427 0.000   1.455 0.000   2.972 0.000 0.011 0.000000 0.278 0.000
259.291667 260.291667  419.11 0.000000  1.64 0.000000 0.239 0.000000000  0.34 0.000000 0.063 0.000  2.061 0.000  2.885 0.000  226.03 0.000000  42.312 0.000  22.866 0.000  19.446 0.000 0.325 0.000000 0.335 0.000
262.291667 263.291667   43.37 0.000000  0.63 0.000000 9.999 0.259000000 99.99 0.259000 0.018 0.000  0.989 0.000  1.385 0.000   29.34 0.000000  11.980 0.000   8.370 0.000   3.610 0.000 0.032 0.000000 0.159 0.000
265.291667 266.291667   55.79 0.559000  1.41 0.559000 9.999 0.559259000  0.06 0.559000 0.023 0.000  0.689 0.000  0.964 0.000 9999.99 0.559259   6.132 0.000   2.709 0.000   3.423 0.559 0.045 0.559000 0.221 0.000
268.291667 269.291667   95.15 0.000000  0.94 0.000000 9.999 0.259000000  0.17 0.000000 0.034 0.000  1.482 0.000  2.075 0.000   68.20 0.000000  31.495 0.000  24.680 0.000   6.815 0.000 0.108 0.000000 0.188 0.000
271.291667 272.291667   18.97 0.000000  0.69 0.000000 9.999 0.259000000 99.99 0.259000 0.038 0.000  0.757 0.000  1.061 0.000 9999.99 0.259000   8.374 0.000   4.635 0.000   3.739 0.000 0.017 0.000000 0.248 0.000
274.291667 275.291667   54.32 0.000000  0.55 0.000000 9.999 0.259000000  0.22 0.000000 0.057 0.000  0.743 0.000  1.040 0.000 9999.99 0.259000  12.010 0.000   6.289 0.000   5.721 0.000 0.039 0.000000 0.305 0.000
277.291667 278.291667  113.06 0.000000  0.91 0.000000 9.999 0.259000000  0.58 0.000000 0.072 0.000  0.910 0.000  1.274 0.000   72.83 0.000000   6.740 0.000 999.999 0.259   7.793 0.000 0.075 0.000000 0.196 0.000
280.291667 281.291667   35.69 0.000000  0.48 0.000000 9.999 0.259000000  0.06 0.000000 0.011 0.000  0.577 0.000  0.807 0.000 9999.99 0.259000   8.710 0.000   4.377 0.000   4.333 0.000 0.026 0.000000 0.114 0.000
283.291667 284.291667   45.71 0.000000  0.49 0.000000 0.016 0.000000000  0.07 0.000000 0.029 0.000  1.016 0.000  1.423 0.000 9999.99 0.259000  13.317 0.000   9.371 0.000   3.946 0.000 0.043 0.000000 0.195 0.000
286.291667 287.291667   55.24 0.000000  0.65 0.000000 9.999 0.259000000  0.04 0.000000 0.028 0.000  0.933 0.000  1.306 0.000 9999.99 0.259000  12.868 0.000   9.074 0.000   3.794 0.000 0.041 0.000000 0.217 0.000
289.291667 290.291667   41.24 0.000000  0.55 0.000000 0.017 0.000000000  0.05 0.000000 0.024 0.000  0.446 0.000  0.624 0.000 9999.99 0.259000  10.150 0.000   7.251 0.000   2.899 0.000 0.027 0.000000 0.219 0.000
292.291667 293.291667   26.99 0.000000  0.68 0.000000 9.999 0.259000000 99.99 0.259000 0.022 0.000  0.438 0.000  0.613 0.000 9999.99 0.259000   5.882 0.000   3.329 0.000   2.554 0.000 0.021 0.000000 0.209 0.000
295.291667 296.291667   18.36 0.000000  0.69 0.000000 9.999 0.259000000  0.08 0.000000 0.095 0.000  0.459 0.000  0.642 0.000 9999.99 0.259000   7.026 0.000   4.526 0.000   2.500 0.000 0.017 0.000000 0.293 0.000
298.291667 299.291667   18.18 0.000000  1.24 0.000000 0.010 0.000000000  0.10 0.000000 0.042 0.000  0.538 0.000  0.754 0.000 9999.99 0.259000   8.742 0.000   5.882 0.000   2.860 0.000 0.020 0.000000 0.294 0.000
301.291667 302.291667   58.00 0.000000  0.43 0.000000 0.021 0.000000000  0.38 0.000000 0.032 0.000  0.183 0.000  0.256 0.000   33.30 0.000000   3.264 0.000 999.999 0.259   3.848 0.000 0.040 0.000000 0.099 0.000
304.291667 305.291667   22.23 0.000000  1.15 0.000000 9.999 0.259000000  0.12 0.000000 0.063 0.000  0.489 0.000  0.685 0.000 9999.99 0.259000   6.332 0.000   3.603 0.000   2.728 0.000 0.019 0.000000 0.275 0.000
307.291667 308.291667   11.12 0.000000  0.59 0.000000 9.999 0.259000000 99.99 0.259000 0.100 0.000  0.457 0.000  0.640 0.000 9999.99 0.259000   4.602 0.000   2.734 0.000   1.869 0.000 0.010 0.000000 0.230 0.000
310.291667 311.291667   13.58 0.000000  0.54 0.000000 9.999 0.259000000 99.99 0.259000 0.028 0.000  0.459 0.000  0.642 0.000 9999.99 0.259000   5.964 0.000   4.079 0.000   1.885 0.000 0.012 0.000000 0.114 0.000
313.291667 314.291667   15.89 0.000000  0.12 0.000000 9.999 0.259000000  0.18 0.000000 0.035 0.000  0.245 0.000  0.343 0.000 9999.99 0.259000   2.852 0.000   1.187 0.000   1.665 0.000 0.011 0.000000 0.099 0.000
316.291667 317.291667   14.60 0.000000  0.22 0.000000 9.999 0.259000000 99.99 0.259000 0.028 0.000  0.410 0.000  0.575 0.000 9999.99 0.259000   3.369 0.000   1.476 0.000   1.894 0.000 0.010 0.000000 0.034 0.000
319.291667 320.291667   58.42 0.000000  0.56 0.000000 0.019 0.000000000  0.50 0.000000 0.014 0.000  0.422 0.000  0.591 0.000   44.61 0.000000 999.999 0.456 999.999 0.999   5.070 0.000 0.043 0.000000 0.193 0.000
322.291667 323.291667  115.82 0.000000  0.62 0.000000 9.999 0.259000000  0.85 0.000000 0.020 0.000  0.327 0.000  0.457 0.000   86.04 0.000000  17.689 0.000  10.611 0.000   7.079 0.000 0.077 0.000000 0.108 0.000
325.291667 326.291667   34.25 0.000000  0.56 0.000000 9.999 0.259000000  0.11 0.000000 0.053 0.000  0.773 0.000  1.082 0.000 9999.99 0.259000   9.559 0.000   6.422 0.000   3.137 0.000 0.025 0.000000 0.132 0.000
328.291667 329.291667   17.63 0.000000  0.45 0.000000 9.999 0.259000000 99.99 0.259000 0.058 0.000  0.637 0.000  0.892 0.000 9999.99 0.259000   6.410 0.000   3.961 0.000   2.449 0.000 0.015 0.000000 0.190 0.000
331.291667 332.291667   27.52 0.000000  0.54 0.000000 9.999 0.259000000  0.07 0.000000 0.097 0.000  0.685 0.000  0.960 0.000 9999.99 0.259000   2.315 0.000 999.999 0.259   3.725 0.000 0.022 0.000000 0.203 0.000
334.291667 335.291667  116.00 0.000000  0.48 0.000000 9.999 0.259000000  1.41 0.000000 0.082 0.000  0.352 0.000  0.492 0.000   82.84 0.000000   7.602 0.000   1.045 0.000   6.557 0.000 0.082 0.000000 0.187 0.000
337.291667 338.291667   34.78 0.000000  0.39 0.000000 9.999 0.259000000  0.50 0.000000 0.331 0.000  0.773 0.000  1.083 0.000   47.39 0.000000   4.274 0.000 999.999 0.259   4.907 0.000 0.026 0.000000 0.347 0.000
340.291667 341.291667   14.75 0.000000  0.69 0.000000 9.999 0.259000000 99.99 0.259000 0.421 0.000  1.018 0.000  1.425 0.000 9999.99 0.259000   6.040 0.000   1.769 0.000   4.271 0.000 0.015 0.000000 0.355 0.000
343.291667 344.291667   16.36 0.000000  0.67 0.000000 9.999 0.259000000 99.99 0.259000 0.226 0.000  0.754 0.000  1.055 0.000 9999.99 0.259000   6.892 0.000   2.401 0.000   4.491 0.000 0.013 0.000000 0.213 0.000
346.291667 347.291667   17.02 0.000000  0.24 0.000000 9.999 0.259000000 99.99 0.259000 0.019 0.000  0.269 0.000  0.376 0.000 9999.99 0.259000   4.274 0.000   2.829 0.000   1.444 0.000 0.012 0.000000 0.068 0.000
349.291667 350.291667  176.53 0.559000  0.94 0.559000 0.083 0.559000000  0.08 0.559000 0.053 0.000  0.919 0.000  1.286 0.000   70.24 0.559000  55.391 0.000  47.104 0.000   8.287 0.559 0.128 0.559000 0.132 0.000
352.291667 353.291667    8.37 0.000000  0.46 0.000000 9.999 0.259000000 99.99 0.259000 0.086 0.000  0.446 0.000  0.624 0.000 9999.99 0.259000   2.412 0.000   0.755 0.000   1.656 0.000 0.007 0.000000 0.072 0.000
355.291667 356.291667   15.88 0.000000  0.49 0.000000 9.999 0.259000000 99.99 0.259000 0.020 0.000  0.349 0.000  0.488 0.000 9999.99 0.259000   1.695 0.000 999.999 0.259   2.534 0.000 0.012 0.000000 0.102 0.000
358.291667 359.291667   11.02 0.000000  0.29 0.000000 9.999 0.259000000 99.99 0.259000 0.035 0.000  0.387 0.000  0.541 0.000 9999.99 0.259000   3.638 0.000   0.842 0.000   2.796 0.000 0.010 0.000000 0.335 0.000
361.291667 362.291667   31.41 0.000000  0.35 0.000000 9.999 0.259000000 99.99 0.259000 0.020 0.000  0.431 0.000  0.603 0.000 9999.99 0.259000   2.150 0.000 999.999 0.259   3.033 0.000 0.021 0.000000 0.096 0.000
364.291667 365.291667 9999.99 0.456000 99.99 0.456000 9.999 0.456000000 99.99 0.456000 9.999 0.456 99.999 0.999 99.999 0.999 9999.99 0.456000 999.999 0.456 999.999 0.999 999.999 0.456 9.999 0.456000 9.999 0.456
