scripts/IMPROVE-2019_partial/data/US0699R.20000101070000.20191216000000.filterpack..pm25.52w.1w.US03L_filterpack_US0699.US03L_IMPROVE_Davis.lev2.nas
64 1001
MISSING INFORMATION
US03L, IMPROVE, , , , , , , 
MISSING INFORMATION
IMPROVE sel_HTAP
1 1
2000 01 01 2019 12 16
0
days from file reference point
25
1 1 1 1 1 1 1 1 1 1 1 1 1 1 1 1 1 1 1 1 1 1 1 1 1
999.999999 9999.99 9.999 99.99 9.999999 9.999 9.999999 999.99 9.999999 9.999 9.999 999.999 9.999 999.999 9.999 999.999 9.999 999.999 9.999 999.999 9.999 9.999 9.999 9.999 9.999
end_time of measurement, days from the file reference point
iron, ng/m3, Revision date=20181210133000
numflag iron, no unit, Revision date=20181210133000
lead, ng/m3, Revision date=20181210133000
numflag lead, no unit, Revision date=20181210133000
magnesium, ug/m3, Revision date=20181210133000
numflag magnesium, no unit, Revision date=20181210133000
nickel, ng/m3, Revision date=20181210133000
numflag nickel, no unit, Revision date=20181210133000
nitrate, ug N/m3, Revision date=20181210133000
numflag nitrate, no unit, Revision date=20181210133000
organic_carbon, ug C/m3, Revision date=20181210133000
numflag organic_carbon, no unit, Revision date=20181210133000
organic_mass, ug/m3, Revision date=20181210133000
numflag organic_mass, no unit, Revision date=20181210133000
pm10_mass, ug/m3, Version=2, Version description=Data extracted from http://views.cira.colostate.edu/fed/DataWizard 2019-12-16, Sample duration=1d, Orig. time res.=3d, Matrix=pm10, Blank correction=Blank corrected, Volume std. temperature=ambient, Volume std. pressure=ambient
numflag pm10_mass, no unit, Version=2, Version description=Data extracted from http://views.cira.colostate.edu/fed/DataWizard 2019-12-16, Sample duration=1d, Orig. time res.=3d, Matrix=pm10, Blank correction=Blank corrected, Volume std. temperature=ambient, Volume std. pressure=ambient
pm10_pm25_mass, ug/m3, Revision date=20181210133000, Matrix=pm10_pm25
numflag pm10_pm25_mass, no unit, Revision date=20181210133000, Matrix=pm10_pm25
pm25_mass, ug/m3, Version=2, Version description=Data extracted from http://views.cira.colostate.edu/fed/DataWizard 2019-12-16, Sample duration=1d, Orig. time res.=3d, Blank correction=Blank corrected, Volume std. temperature=ambient, Volume std. pressure=ambient
numflag pm25_mass, no unit, Version=2, Version description=Data extracted from http://views.cira.colostate.edu/fed/DataWizard 2019-12-16, Sample duration=1d, Orig. time res.=3d, Blank correction=Blank corrected, Volume std. temperature=ambient, Volume std. pressure=ambient
potassium, ug/m3, Revision date=20181210133000
numflag potassium, no unit, Revision date=20181210133000
sulphate_total, ug S/m3, Revision date=20181210133000
numflag sulphate_total, no unit, Revision date=20181210133000
0
25
Data definition:              EBAS_1.1
Set type code:                TI
Timezone:                     UTC
File name:                    US0699R.20000101070000.20191216000000.filterpack..pm25.52w.1w.US03L_filterpack_US0699.US03L_IMPROVE_Davis.lev2.nas
File creation:                20191218120302
Startdate:                    20000101070000
Revision date:                20191216000000
Statistics:                   arithmetic mean
Data level:                   2
Period code:                  52w
Resolution code:              1w
Station code:                 US0699R
Platform code:                US0699S
Station name:                 Mesa Verde National Park-Chapin Mesa (CO99)
Station latitude:             37.1981
Station longitude:            -108.4903
Station altitude:             2172.0 m
Regime:                       IMG
Component:                    
Matrix:                       pm25
Laboratory code:              US03L
Instrument type:              filterpack
Instrument name:              filterpack_US0699
Method ref:                   US03L_IMPROVE_Davis
starttime endtime Fe flag_Fe Pb flag_Pb Mg++ flag_Mg++ Ni flag_Ni NO3- flag_NO3- OC flag_OC OM flag_OM PM10 flag_PM10 PM10-PM2.5 flag_PM10-PM2.5 PM2.5 flag_PM2.5 K+ flag_K+ SO4-- flag_SO4--
  0.291667   1.291667   11.67 0.559  0.32 0.559000 9.999 0.559259 999.99 0.559259 0.040 0.559   0.704 0.000   0.985 0.000   3.214 0.000   0.992 0.000   2.222 0.559 0.016 0.559 0.229 0.559
  4.291667   5.291667    3.87 0.000 99.99 0.259000 0.006 0.000000 999.99 0.259000 0.026 0.699   0.254 0.000   0.355 0.000   1.349 0.000   0.375 0.000   0.974 0.000 0.004 0.000 0.054 0.699
  7.291667   8.291667    3.40 0.559  0.34 0.559000 9.999 0.559259 999.99 0.559259 0.017 0.699   0.179 0.000   0.250 0.000   1.191 0.000   0.193 0.000   0.997 0.559 0.005 0.559 0.075 0.699
 11.291667  12.291667 9999.99 0.999 99.99 0.999000 9.999 0.999000 999.99 0.999000 9.999 0.999 999.999 0.999 999.999 0.999 999.999 0.999 999.999 0.999 999.999 0.999 9.999 0.999 9.999 0.999
 14.291667  15.291667   16.36 0.559  0.69 0.559000 9.999 0.559259 999.99 0.559259 0.009 0.699   0.529 0.000   0.741 0.000   2.619 0.000   1.038 0.000   1.581 0.559 0.018 0.559 0.071 0.699
 18.291667  19.291667   15.39 0.000  0.65 0.000000 0.009 0.000000 999.99 0.259000 0.016 0.559   0.497 0.000   0.695 0.000   5.794 0.000   2.084 0.000   3.710 0.000 0.034 0.000 0.517 0.559
 21.291667  22.291667    6.85 0.559 99.99 0.559259 9.999 0.559259 999.99 0.559259 0.020 0.559   0.552 0.000   0.772 0.000   1.704 0.000   0.743 0.000   0.962 0.559 0.009 0.559 0.058 0.559
 25.291667  26.291667    2.71 0.000  0.22 0.000000 9.999 0.259000 999.99 0.259000 0.022 0.000   0.347 0.000   0.486 0.000   1.584 0.000   0.447 0.000   1.136 0.000 0.006 0.000 0.063 0.000
 28.291667  29.291667    6.32 0.559  0.22 0.559000 9.999 0.559259 999.99 0.559259 0.050 0.559   0.299 0.000   0.419 0.000   1.665 0.000   0.502 0.000   1.163 0.559 0.005 0.559 0.088 0.559
 32.291667  33.291667   17.72 0.000  0.75 0.000000 9.999 0.259000 999.99 0.259000 0.060 0.559   0.835 0.000   1.169 0.000   4.613 0.559   1.219 0.000   3.394 0.000 0.019 0.000 0.274 0.559
 35.291667  36.291667   25.94 0.559  1.03 0.559000 9.999 0.559259 999.99 0.559259 0.113 0.559   0.883 0.000   1.236 0.000   7.196 0.559   3.581 0.000   3.615 0.559 0.027 0.559 0.269 0.559
 39.291667  40.291667   13.10 0.000  0.36 0.000000 9.999 0.259000 999.99 0.259000 0.017 0.699   0.533 0.000   0.746 0.000   4.175 0.000   1.713 0.000   2.462 0.000 0.019 0.000 0.202 0.699
 42.291667  43.291667   16.44 0.559  0.21 0.559000 9.999 0.559259 999.99 0.559259 0.023 0.699   1.137 0.000   1.592 0.000   3.366 0.000   1.016 0.000   2.350 0.559 0.019 0.559 0.113 0.699
 46.291667  47.291667   26.76 0.000  0.42 0.000000 9.999 0.259000 999.99 0.259000 0.016 0.559   0.352 0.000   0.493 0.000   4.366 0.000   2.467 0.000   1.900 0.000 0.024 0.000 0.102 0.559
 49.291667  50.291667    6.78 0.559 99.99 0.559259 9.999 0.559259 999.99 0.559259 0.005 0.559   0.561 0.000   0.786 0.000   1.289 0.000 999.999 0.259   1.361 0.559 0.012 0.559 0.048 0.559
 53.291667  54.291667    8.20 0.000  0.20 0.000000 9.999 0.259000 999.99 0.259000 0.010 0.559   0.390 0.000   0.547 0.000   1.852 0.000   0.846 0.000   1.006 0.000 0.009 0.000 0.048 0.559
 56.291667  57.291667   10.63 0.559  0.29 0.559000 9.999 0.559259 999.99 0.559259 0.012 0.559   0.410 0.000   0.573 0.000   1.515 0.000   0.638 0.000   0.877 0.559 0.009 0.559 0.060 0.559
 60.291667  61.291667   18.02 0.000  0.33 0.000000 9.999 0.259000 999.99 0.259000 0.038 0.699   0.342 0.000   0.479 0.000   4.811 0.559   2.900 0.000   1.911 0.000 0.017 0.000 0.139 0.699
 63.291667  64.291667   17.19 0.559  0.56 0.559000 9.999 0.559259 999.99 0.559259 0.027 0.699   0.401 0.000   0.561 0.000   4.335 0.000   2.102 0.000   2.233 0.559 0.024 0.559 0.189 0.699
 67.291667  68.291667    7.31 0.000  0.34 0.000000 9.999 0.259000 999.99 0.259000 9.999 0.699   0.384 0.000   0.538 0.000   6.692 0.000   1.828 0.000   4.864 0.000 0.008 0.000 9.999 0.699
 70.291667  71.291667    5.54 0.559  0.33 0.559000 0.002 0.559000 999.99 0.559259 0.012 0.699   0.381 0.000   0.534 0.000   1.768 0.000   0.659 0.000   1.108 0.559 0.007 0.559 0.088 0.699
 74.291667  75.291667   24.88 0.000  0.92 0.000000 9.999 0.259000 999.99 0.259000 0.018 0.559   0.230 0.000   0.323 0.000   3.280 0.000   1.513 0.000   1.768 0.000 0.022 0.000 0.107 0.559
 77.291667  78.291667   11.84 0.559  0.39 0.559000 9.999 0.559259 999.99 0.559259 0.017 0.559   0.107 0.000   0.149 0.000   2.002 0.000   0.775 0.000   1.228 0.559 0.012 0.559 0.098 0.559
 81.291667  82.291667   16.83 0.000  0.30 0.000000 9.999 0.259000 999.99 0.259000 0.022 0.559   0.447 0.000   0.625 0.000   4.675 0.000   2.541 0.000   2.134 0.000 0.018 0.000 0.161 0.559
 84.291667  85.291667   30.39 0.000  0.83 0.000000 9.999 0.259000 999.99 0.259000 0.043 0.699   1.010 0.000   1.414 0.000   6.718 0.000   3.555 0.000   3.162 0.000 0.026 0.000 0.345 0.699
 88.291667  89.291667   27.98 0.000  0.84 0.000000 9.999 0.259000 999.99 0.259000 0.025 0.000   0.370 0.000   0.518 0.000   3.230 0.000   0.497 0.000   2.733 0.000 0.020 0.000 0.214 0.000
 91.291667  92.291667   13.37 0.559  0.34 0.559000 9.999 0.559259 999.99 0.559259 0.027 0.000   0.436 0.000   0.610 0.000   2.382 0.000   0.521 0.000   1.861 0.559 0.014 0.559 0.207 0.000
 95.291667  96.291667   50.35 0.000  0.67 0.000000 9.999 0.259000 999.99 0.259000 0.026 0.000   1.284 0.000   1.797 0.000   5.994 0.000   3.022 0.000   2.972 0.000 0.029 0.000 0.174 0.000
 98.291667  99.291667   77.85 0.000  0.94 0.000000 9.999 0.259000 999.99 0.259000 0.036 0.000   1.142 0.000   1.599 0.000   9.507 0.000   5.430 0.000   4.077 0.000 0.053 0.000 0.185 0.000
102.291667 103.291667   43.07 0.000  0.92 0.000000 9.999 0.259000   3.20 0.000000 0.053 0.000   0.979 0.000   1.370 0.000   4.960 0.000   1.948 0.000   3.012 0.000 0.032 0.000 0.268 0.000
105.291667 106.291667   30.94 0.000 99.99 0.259000 9.999 0.259000 999.99 0.259000 0.029 0.000   0.514 0.000   0.720 0.000   2.976 0.000   1.419 0.000   1.557 0.000 0.020 0.000 0.126 0.000
109.291667 110.291667   10.79 0.000  0.28 0.000000 9.999 0.259000 999.99 0.259000 0.013 0.000   0.418 0.000   0.585 0.000   1.860 0.000   1.047 0.000   0.813 0.000 0.008 0.000 0.066 0.000
112.291667 113.291667  150.05 0.000  0.51 0.000000 9.999 0.259000 999.99 0.259000 0.062 0.000   0.775 0.000   1.086 0.000  14.550 0.000   8.848 0.000   5.702 0.000 0.093 0.000 0.246 0.000
116.291667 117.291667  188.91 0.000  1.51 0.000000 9.999 0.259000 999.99 0.259000 0.053 0.000   1.430 0.000   2.002 0.000  10.293 0.000   4.208 0.000   6.084 0.000 0.110 0.000 0.311 0.000
119.291667 120.291667  196.37 0.000  1.35 0.000000 9.999 0.259000 999.99 0.259000 0.100 0.000   1.184 0.000   1.657 0.000  14.302 0.000   7.233 0.000   7.070 0.000 0.118 0.000 0.323 0.000
123.291667 124.291667   94.99 0.000  0.87 0.000000 9.999 0.259000 999.99 0.259000 0.035 0.000   1.386 0.000   1.940 0.000   5.655 0.000   2.343 0.000   3.313 0.000 0.050 0.000 0.171 0.000
126.291667 127.291667   93.39 0.000  0.70 0.000000 9.999 0.259000 999.99 0.259000 0.038 0.000   1.464 0.000   2.050 0.000   8.192 0.000   4.783 0.000   3.409 0.000 0.053 0.000 0.171 0.000
130.291667 131.291667  154.35 0.000  0.58 0.000000 9.999 0.259000 999.99 0.259000 0.048 0.000   1.515 0.000   2.121 0.000  22.528 0.000  17.389 0.000   5.139 0.000 0.086 0.000 0.176 0.000
133.291667 134.291667   69.03 0.000  0.84 0.000000 9.999 0.259000 999.99 0.259000 0.039 0.000   1.350 0.000   1.890 0.000   6.779 0.000   3.104 0.000   3.675 0.000 0.042 0.000 0.200 0.000
137.291667 138.291667   60.35 0.000 99.99 0.259000 9.999 0.259000 999.99 0.259000 0.036 0.000   0.748 0.000   1.047 0.000   8.660 0.000   5.109 0.000   3.551 0.000 0.041 0.000 0.088 0.000
140.291667 141.291667   41.09 0.000  0.72 0.000000 9.999 0.259000 999.99 0.259000 0.025 0.000   1.018 0.000   1.425 0.000   5.801 0.000   2.313 0.000   3.488 0.000 0.029 0.000 0.249 0.000
144.291667 145.291667   55.27 0.000  0.50 0.000000 9.999 0.259000 999.99 0.259000 0.023 0.000   1.079 0.000   1.511 0.000   9.137 0.000   5.436 0.000   3.702 0.000 0.039 0.000 0.145 0.000
147.291667 148.291667   33.69 0.000  0.70 0.000000 9.999 0.259000 999.99 0.259000 0.018 0.000   0.895 0.000   1.252 0.000   5.076 0.000   1.028 0.000   4.048 0.000 0.026 0.000 0.206 0.000
151.291667 152.291667   65.37 0.000  0.71 0.000000 9.999 0.259000 999.99 0.259000 0.038 0.000   2.920 0.000   4.088 0.000 999.999 0.456 999.999 0.999   6.053 0.000 0.071 0.000 0.201 0.000
154.291667 155.291667   56.94 0.000  0.34 0.000000 9.999 0.259000 999.99 0.259000 0.054 0.000   1.278 0.000   1.789 0.000   9.395 0.000   4.999 0.000   4.396 0.000 0.045 0.000 0.335 0.000
158.291667 159.291667   67.55 0.000  0.24 0.000000 9.999 0.259000 999.99 0.259000 0.043 0.000   1.777 0.000   2.488 0.000  10.580 0.000   5.270 0.000   5.311 0.000 0.059 0.000 0.363 0.000
161.291667 162.291667   76.38 0.000  0.22 0.000000 9.999 0.259000 999.99 0.259000 0.069 0.000   0.892 0.000   1.248 0.000  11.111 0.000   7.229 0.000   3.882 0.000 0.060 0.000 0.227 0.000
165.291667 166.291667   31.30 0.000 99.99 0.259000 9.999 0.259000 999.99 0.259000 0.017 0.559   1.096 0.000   1.535 0.000   7.027 0.000   4.691 0.000   2.336 0.000 0.020 0.000 0.083 0.559
168.291667 169.291667   26.30 0.000 99.99 0.259000 9.999 0.259000 999.99 0.259000 0.012 0.559   1.046 0.000   1.465 0.000   5.547 0.000   3.274 0.000   2.273 0.000 0.018 0.000 0.105 0.559
172.291667 173.291667   54.22 0.000  0.33 0.000000 9.999 0.259000 999.99 0.259000 0.015 0.559   0.910 0.000   1.274 0.000   3.962 0.000   1.166 0.000   2.796 0.000 0.036 0.000 0.119 0.559
175.291667 176.291667   48.65 0.000  0.14 0.000000 9.999 0.259000   4.05 0.000000 0.018 0.559   0.949 0.000   1.328 0.000   4.003 0.000   0.875 0.000   3.128 0.000 0.036 0.000 0.178 0.559
179.291667 180.291667   40.23 0.000 99.99 0.259000 9.999 0.259000 999.99 0.259000 0.019 0.559   1.197 0.000   1.675 0.000   4.861 0.000   1.597 0.000   3.264 0.000 0.028 0.000 0.207 0.559
182.291667 183.291667   59.80 0.000 99.99 0.259000 9.999 0.259000   4.38 0.000000 0.018 0.699   1.029 0.000   1.441 0.000   4.534 0.000   0.072 0.000   4.462 0.000 0.054 0.000 0.276 0.699
186.291667 187.291667   72.11 0.000  0.21 0.000000 9.999 0.259000   3.40 0.000000 0.032 0.559   0.822 0.000   1.151 0.000   5.342 0.000   1.491 0.000   3.851 0.000 0.078 0.000 0.195 0.559
189.291667 190.291667   46.34 0.000 99.99 0.259000 9.999 0.259000   1.81 0.000000 0.033 0.559   0.892 0.000   1.248 0.000   6.657 0.000   2.875 0.000   3.782 0.000 0.036 0.000 0.345 0.559
193.291667 194.291667   21.82 0.000 99.99 0.259000 9.999 0.259000 999.99 0.259000 0.019 0.559   0.758 0.000   1.062 0.000   6.743 0.000   4.293 0.000   2.449 0.000 0.019 0.000 0.245 0.559
196.291667 197.291667   12.05 0.000 99.99 0.259000 0.007 0.000000 999.99 0.259000 0.012 0.559   0.897 0.000   1.256 0.000   3.957 0.000   1.562 0.000   2.395 0.000 0.011 0.000 0.231 0.559
200.291667 201.291667   17.50 0.000  0.12 0.000000 9.999 0.259000   0.05 0.000000 0.010 0.559   0.841 0.000   1.178 0.000   4.482 0.000   2.808 0.000   1.674 0.000 0.013 0.000 0.144 0.559
203.291667 204.291667   14.10 0.559 99.99 0.559259 9.999 0.559259 999.99 0.559259 0.127 0.699  17.498 0.000  24.497 0.000  34.524 0.559  20.635 0.000  13.889 0.559 0.097 0.559 0.184 0.699
207.291667 208.291667 9999.99 0.999 99.99 0.999000 9.999 0.999000 999.99 0.999000 9.999 0.999 999.999 0.999 999.999 0.999 999.999 0.999 999.999 0.999 999.999 0.999 9.999 0.999 9.999 0.999
210.291667 211.291667   41.54 0.000  0.24 0.000000 9.999 0.259000 999.99 0.259000 0.028 0.559   2.349 0.000   3.288 0.000  12.377 0.000   6.124 0.000   6.253 0.000 0.080 0.000 0.342 0.559
214.291667 215.291667   81.12 0.000 99.99 0.259000 9.999 0.259000   2.96 0.000000 0.042 0.559   4.799 0.000   6.719 0.000  18.995 0.000   6.015 0.000  12.980 0.000 0.158 0.000 0.345 0.559
217.291667 218.291667   41.09 0.000  0.39 0.000000 9.999 0.259000 999.99 0.259000 0.020 0.559   1.407 0.000   1.970 0.000   9.518 0.000   5.087 0.000   4.431 0.000 0.062 0.000 0.269 0.559
221.291667 222.291667  171.28 0.000 99.99 0.259000 9.999 0.259000   2.20 0.000000 0.021 0.559   1.910 0.000   2.675 0.000  16.519 0.000   6.386 0.000  10.133 0.000 0.131 0.000 0.277 0.559
224.291667 225.291667   42.82 0.000 99.99 0.259000 9.999 0.259000 999.99 0.259000 0.049 0.559   0.957 0.000   1.340 0.000   6.575 0.000   2.420 0.000   4.155 0.000 0.038 0.000 0.346 0.559
228.291667 229.291667 9999.99 0.999 99.99 0.999000 9.999 0.999000 999.99 0.999000 9.999 0.999 999.999 0.999 999.999 0.999 999.999 0.999 999.999 0.999 999.999 0.999 9.999 0.999 9.999 0.999
231.291667 232.291667 9999.99 0.999 99.99 0.999000 9.999 0.999000 999.99 0.999000 9.999 0.999 999.999 0.999 999.999 0.999 999.999 0.999 999.999 0.999 999.999 0.999 9.999 0.999 9.999 0.999
234.291667 235.291667 9999.99 0.999 99.99 0.999000 9.999 0.999000 999.99 0.999000 9.999 0.999 999.999 0.999 999.999 0.999 999.999 0.999 999.999 0.999 999.999 0.999 9.999 0.999 9.999 0.999
237.291667 238.291667 9999.99 0.999 99.99 0.999000 9.999 0.999000 999.99 0.999000 9.999 0.999 999.999 0.999 999.999 0.999 999.999 0.999 999.999 0.999 999.999 0.999 9.999 0.999 9.999 0.999
240.291667 241.291667 9999.99 0.999 99.99 0.999000 9.999 0.999000 999.99 0.999000 9.999 0.999 999.999 0.999 999.999 0.999 999.999 0.999 999.999 0.999 999.999 0.999 9.999 0.999 9.999 0.999
243.291667 244.291667   66.22 0.000 99.99 0.259000 9.999 0.259000   7.93 0.000000 0.011 0.000   0.425 0.000   0.595 0.000   3.730 0.000 999.999 0.259   3.939 0.000 0.035 0.000 0.199 0.000
246.291667 247.291667   11.35 0.000  0.55 0.000000 9.999 0.259000 999.99 0.259000 0.013 0.000   0.417 0.000   0.585 0.000   2.897 0.000   1.532 0.000   1.365 0.000 0.013 0.000 0.184 0.000
249.291667 250.291667   39.38 0.000  0.21 0.000000 9.999 0.259000   1.78 0.000000 0.025 0.000   0.659 0.000   0.923 0.000 999.999 0.456 999.999 0.999   4.008 0.000 0.027 0.000 0.476 0.000
252.291667 253.291667   20.03 0.000  0.30 0.000000 9.999 0.259000 999.99 0.259000 0.020 0.000   0.632 0.000   0.885 0.000 999.999 0.456 999.999 0.999   2.550 0.000 0.018 0.000 0.307 0.000
255.291667 256.291667   43.14 0.000  0.43 0.000000 9.999 0.259000 999.99 0.259000 9.999 0.456   0.796 0.000   1.115 0.000 999.999 0.456 999.999 0.999   2.774 0.000 0.031 0.000 9.999 0.456
258.291667 259.291667  119.12 0.000  0.35 0.000000 9.999 0.259000   2.11 0.000000 9.999 0.456   1.342 0.000   1.879 0.000  15.749 0.000   8.359 0.000   7.390 0.000 0.088 0.000 9.999 0.456
261.291667 262.291667   62.64 0.000  0.29 0.000000 9.999 0.259000   2.32 0.000000 9.999 0.456   0.681 0.000   0.953 0.000   6.695 0.000   2.471 0.000   4.224 0.000 0.043 0.000 9.999 0.456
264.291667 265.291667  240.44 0.000  0.30 0.000000 9.999 0.259000  13.09 0.000000 0.052 0.000   0.815 0.000   1.141 0.000  22.372 0.000  11.619 0.000  10.753 0.000 0.150 0.000 0.352 0.000
267.291667 268.291667 9999.99 0.999 99.99 0.999000 9.999 0.999000 999.99 0.999000 9.999 0.999 999.999 0.999 999.999 0.999 999.999 0.999 999.999 0.999 999.999 0.999 9.999 0.999 9.999 0.999
270.291667 271.291667   51.19 0.000  0.07 0.000000 9.999 0.259000 999.99 0.259000 0.016 0.000   0.507 0.000   0.709 0.000   7.316 0.000   3.829 0.000   3.487 0.000 0.039 0.000 0.330 0.000
273.291667 274.291667  133.03 0.000  0.09 0.000000 9.999 0.259000   6.77 0.000000 0.015 0.000   0.576 0.000   0.806 0.000   8.538 0.000   1.471 0.000   7.067 0.000 0.080 0.000 0.541 0.000
276.291667 277.291667   54.67 0.000  0.35 0.000000 9.999 0.259000   3.33 0.000000 0.024 0.000   0.726 0.000   1.017 0.000   6.290 0.000   1.878 0.000   4.412 0.000 0.048 0.000 0.495 0.000
279.291667 280.291667   24.48 0.000 99.99 0.259000 9.999 0.259000 999.99 0.259000 0.016 0.000   0.522 0.000   0.730 0.000   7.942 0.000   5.140 0.000   2.803 0.000 0.022 0.000 0.417 0.000
282.291667 283.291667   10.72 0.000  0.11 0.000000 9.999 0.259000 999.99 0.259000 0.080 0.000   0.601 0.000   0.842 0.000   2.498 0.000   1.035 0.000   1.464 0.000 0.012 0.000 0.146 0.000
285.291667 286.291667   41.79 0.000  0.86 0.000000 9.999 0.259000   0.38 0.000000 0.099 0.000   0.309 0.000   0.433 0.000   6.205 0.000   3.402 0.000   2.803 0.000 0.028 0.000 0.248 0.000
