scripts/IMPROVE-2019_partial/data/US0699R.20050101070000.20191216000000.filterpack..pm25.52w.1w.US03L_filterpack_US0699_2.US03L_IMPROVE_Davis.lev2.nas
52 1001
MISSING INFORMATION
US03L, IMPROVE, , , , , , , 
MISSING INFORMATION
IMPROVE sel_HTAP
1 1
2005 01 01 2019 12 16
3.000000
days from file reference point
13
1 1 1 1 1 1 1 1 1 1 1 1 1
999.999999 9999.99 9.999 99.99 9.999 9.999 9.999999 9.99 9.999999 999.999 9.999 9.999 9.999
end_time of measurement, days from the file reference point
iron, ng/m3, Revision date=20181210133000
numflag iron, no unit, Revision date=20181210133000
lead, ng/m3, Revision date=20181210133000
numflag lead, no unit, Revision date=20181210133000
magnesium, ug/m3, Revision date=20181210133000
numflag magnesium, no unit, Revision date=20181210133000
nickel, ng/m3, Revision date=20181210133000
numflag nickel, no unit, Revision date=20181210133000
pm25_mass, ug/m3, Version=2, Version description=Data extracted from http://views.cira.colostate.edu/fed/DataWizard 2019-12-16, Sample duration=1d, Orig. time res.=3d, Blank correction=Blank corrected, Volume std. temperature=ambient, Volume std. pressure=ambient
numflag pm25_mass, no unit, Version=2, Version description=Data extracted from http://views.cira.colostate.edu/fed/DataWizard 2019-12-16, Sample duration=1d, Orig. time res.=3d, Blank correction=Blank corrected, Volume std. temperature=ambient, Volume std. pressure=ambient
potassium, ug/m3, Revision date=20181210133000
numflag potassium, no unit, Revision date=20181210133000
0
25
Data definition:              EBAS_1.1
Set type code:                TU
Timezone:                     UTC
File name:                    US0699R.20050101070000.20191216000000.filterpack..pm25.52w.1w.US03L_filterpack_US0699_2.US03L_IMPROVE_Davis.lev2.nas
File creation:                20191218120305
Startdate:                    20050101070000
Revision date:                20191216000000
Statistics:                   arithmetic mean
Data level:                   2
Period code:                  52w
Resolution code:              1w
Station code:                 US0699R
Platform code:                US0699S
Station name:                 Mesa Verde National Park-Chapin Mesa (CO99)
Station latitude:             37.1981
Station longitude:            -108.4903
Station altitude:             2172.0 m
Regime:                       IMG
Component:                    
Matrix:                       pm25
Laboratory code:              US03L
Instrument type:              filterpack
Instrument name:              filterpack_US0699_2
Method ref:                   US03L_IMPROVE_Davis
starttime endtime Fe flag_Fe Pb flag_Pb Mg++ flag_Mg++ Ni flag_Ni PM2.5 flag_PM2.5 K+ flag_K+
  0.291667   1.291667   12.11 0.000  0.63 0.000 9.999 0.259000 0.22 0.000000   1.413 0.000 0.028 0.000
  3.291667   4.291667    8.65 0.000  0.29 0.000 9.999 0.259000 0.10 0.000000   0.687 0.000 0.005 0.000
  6.291667   7.291667    3.36 0.000  0.34 0.000 9.999 0.259000 9.99 0.259000   0.971 0.000 0.003 0.000
  9.291667  10.291667    5.20 0.000  0.13 0.000 9.999 0.259000 9.99 0.259000   0.687 0.000 0.007 0.000
 12.291667  13.291667   16.55 0.000  0.38 0.000 9.999 0.259000 9.99 0.259000   0.904 0.000 0.012 0.000
 15.291667  16.291667   12.81 0.000  0.38 0.000 9.999 0.259000 0.05 0.000000   1.435 0.000 0.010 0.000
 18.291667  19.291667   11.64 0.000  0.53 0.000 9.999 0.259000 0.06 0.000000   2.090 0.000 0.014 0.000
 21.291667  22.291667   17.84 0.000  0.53 0.000 9.999 0.259000 9.99 0.259000   2.291 0.000 0.023 0.000
 24.291667  25.291667   12.34 0.000  0.28 0.000 9.999 0.259000 9.99 0.259000   2.653 0.000 0.016 0.000
 27.291667  28.291667 9999.99 0.259  0.34 0.000 9.999 0.259000 9.99 0.259000   1.011 0.000 9.999 0.259
 30.291667  31.291667    3.15 0.000  0.34 0.000 9.999 0.259000 9.99 0.259000   1.588 0.000 0.004 0.000
 33.291667  34.291667    6.61 0.000  0.31 0.000 9.999 0.259000 0.11 0.000000   1.569 0.000 0.006 0.000
 36.291667  37.291667    9.47 0.000  0.30 0.000 9.999 0.259000 0.12 0.000000   1.618 0.000 0.010 0.000
 39.291667  40.291667    0.01 0.000  0.38 0.000 9.999 0.259000 9.99 0.259000   1.161 0.000 9.999 0.259
 42.291667  43.291667 9999.99 0.259  0.14 0.000 9.999 0.259000 0.08 0.000000   0.326 0.000 9.999 0.259
 45.291667  46.291667   11.49 0.000  0.34 0.000 9.999 0.259000 0.08 0.000000   1.657 0.000 0.007 0.000
 48.291667  49.291667    5.90 0.000  0.40 0.000 9.999 0.259000 0.11 0.000000   1.028 0.000 0.006 0.000
 51.291667  52.291667 9999.99 0.999 99.99 0.999 9.999 0.999000 9.99 0.999000 999.999 0.999 9.999 0.999
 54.291667  55.291667    4.78 0.000  0.19 0.000 9.999 0.259000 9.99 0.259000   1.099 0.000 0.005 0.000
 57.291667  58.291667   16.56 0.000  0.39 0.000 9.999 0.259000 9.99 0.259000   2.027 0.000 0.012 0.000
 60.291667  61.291667   11.66 0.000  0.65 0.000 9.999 0.259000 9.99 0.259000   1.066 0.000 0.007 0.000
 63.291667  64.291667   17.73 0.000  0.74 0.000 9.999 0.259000 9.99 0.259000   2.393 0.000 0.019 0.000
 66.291667  67.291667   18.89 0.000  0.58 0.000 9.999 0.259000 9.99 0.259000   1.384 0.000 0.018 0.000
 69.291667  70.291667   22.52 0.000  0.44 0.000 9.999 0.259000 9.99 0.259000   2.405 0.000 0.019 0.000
 72.291667  73.291667 9999.99 0.259  0.33 0.000 9.999 0.259000 9.99 0.259000   0.815 0.000 9.999 0.259
 75.291667  76.291667   57.17 0.000  0.91 0.000 9.999 0.259000 9.99 0.259000   1.421 0.000 0.039 0.000
 78.291667  79.291667   17.78 0.000  0.38 0.000 0.006 0.000000 9.99 0.259000   1.031 0.000 0.013 0.000
 81.291667  82.291667   29.69 0.000  0.75 0.000 9.999 0.259000 9.99 0.259000   1.713 0.000 0.020 0.000
 84.291667  85.291667    5.28 0.000  0.27 0.000 9.999 0.259000 9.99 0.259000   1.567 0.000 0.004 0.000
 87.291667  88.291667   15.64 0.000  0.34 0.000 9.999 0.259000 9.99 0.259000   1.092 0.000 0.009 0.000
 90.291667  91.291667    8.91 0.000  0.24 0.000 9.999 0.259000 9.99 0.259000   1.575 0.000 0.007 0.000
 93.291667  94.291667  102.79 0.000  1.24 0.000 0.043 0.000000 0.09 0.000000   4.394 0.000 0.064 0.000
 96.291667  97.291667   66.17 0.000  1.56 0.000 9.999 0.259000 9.99 0.259000   3.424 0.000 0.045 0.000
 99.291667 100.291667   18.70 0.000  0.63 0.000 9.999 0.259000 0.12 0.000000   1.623 0.000 0.015 0.000
102.291667 103.291667 9999.99 0.259  1.64 0.000 9.999 0.259000 9.99 0.259000   4.547 0.000 9.999 0.259
105.291667 106.291667    0.02 0.000  1.43 0.000 9.999 0.259000 9.99 0.259000   5.762 0.000 0.001 0.000
108.291667 109.291667    0.02 0.000  2.69 0.000 9.999 0.259000 0.07 0.000000  14.864 0.000 9.999 0.259
111.291667 112.291667   89.86 0.000  0.90 0.000 0.023 0.000000 0.13 0.000000   3.553 0.000 0.056 0.000
114.291667 115.291667   18.46 0.000  0.55 0.000 9.999 0.259000 9.99 0.259000   1.431 0.000 0.014 0.000
117.291667 118.291667   59.50 0.000  0.81 0.000 0.015 0.000000 0.16 0.000000   3.011 0.000 0.040 0.000
120.291667 121.291667   17.90 0.000  0.54 0.000 0.006 0.000000 9.99 0.259000   1.845 0.000 0.011 0.000
123.291667 124.291667   24.46 0.000  0.70 0.000 9.999 0.259000 0.07 0.000000   1.858 0.000 0.015 0.000
126.291667 127.291667   16.54 0.000  0.73 0.000 9.999 0.259000 9.99 0.259000   1.179 0.000 0.011 0.000
129.291667 130.291667  176.20 0.000  1.63 0.000 0.057 0.000000 9.99 0.259000   5.614 0.000 0.104 0.000
132.291667 133.291667 9999.99 0.259  0.43 0.000 9.999 0.259000 0.09 0.000000   0.945 0.000 9.999 0.259
135.291667 136.291667 9999.99 0.259  1.02 0.000 9.999 0.259000 0.07 0.000000   7.420 0.000 9.999 0.259
138.291667 139.291667   33.76 0.000  0.70 0.000 0.014 0.000000 0.05 0.000000   2.222 0.000 0.024 0.000
141.291667 142.291667   40.22 0.000  0.47 0.000 9.999 0.259000 9.99 0.259000   2.698 0.000 0.026 0.000
144.291667 145.291667 9999.99 0.259  0.62 0.000 9.999 0.259000 9.99 0.259000   3.045 0.000 9.999 0.259
147.291667 148.291667   33.35 0.000  0.46 0.000 0.009 0.000000 9.99 0.259000   3.713 0.000 0.027 0.000
150.291667 151.291667   15.12 0.000  0.40 0.000 0.008 0.000000 9.99 0.259000   1.614 0.000 0.012 0.000
153.291667 154.291667   39.38 0.000  0.52 0.000 0.010 0.000000 0.11 0.000000   3.346 0.000 0.034 0.000
156.291667 157.291667   49.98 0.000  0.80 0.000 0.015 0.000000 0.11 0.000000   3.643 0.000 0.041 0.000
159.291667 160.291667   43.23 0.000  0.68 0.000 0.016 0.000000 9.99 0.259000   3.597 0.000 0.086 0.000
162.291667 163.291667 9999.99 0.999 99.99 0.999 9.999 0.999000 9.99 0.999000 999.999 0.999 9.999 0.999
165.291667 166.291667   45.35 0.000  0.51 0.000 0.009 0.000000 0.06 0.000000   6.553 0.000 0.050 0.000
168.291667 169.291667   29.47 0.000  0.53 0.000 0.012 0.000000 9.99 0.259000 999.999 0.999 0.097 0.000
171.291667 172.291667   44.13 0.000  0.49 0.000 9.999 0.259000 0.10 0.000000 999.999 0.999 0.051 0.000
174.291667 175.291667   25.07 0.000  0.38 0.000 9.999 0.259000 0.14 0.000000   4.555 0.000 0.059 0.000
177.291667 178.291667   34.25 0.559  0.83 0.559 9.999 0.559259 9.99 0.559259 999.999 0.999 0.482 0.559
180.291667 181.291667   42.25 0.559  0.61 0.559 0.013 0.559000 0.09 0.559000  14.447 0.659 0.326 0.559
183.291667 184.291667   38.36 0.000  0.82 0.000 0.007 0.000000 9.99 0.259000   6.120 0.000 0.109 0.000
186.291667 187.291667   24.28 0.699  0.41 0.699 0.008 0.699000 0.07 0.699000   2.792 0.659 0.036 0.699
189.291667 190.291667   37.55 0.699  0.46 0.699 9.999 0.699259 9.99 0.699259   4.455 0.659 0.061 0.699
192.291667 193.291667 9999.99 0.456 99.99 0.456 9.999 0.456000 9.99 0.456000 999.999 0.456 9.999 0.456
195.291667 196.291667   25.37 0.699  0.34 0.699 9.999 0.699259 9.99 0.699259   8.914 0.659 0.191 0.699
198.291667 199.291667   42.92 0.699  0.27 0.699 0.006 0.699000 0.05 0.699000   7.872 0.659 0.081 0.699
201.291667 202.291667   19.07 0.000  0.32 0.000 9.999 0.259000 0.11 0.000000   5.046 0.000 0.047 0.000
204.291667 205.291667 9999.99 0.699 99.99 0.699 9.999 0.699000 9.99 0.699000   4.307 0.000 9.999 0.699
207.291667 208.291667   13.89 0.559  0.43 0.559 9.999 0.559259 0.23 0.559000   2.461 0.659 0.015 0.559
210.291667 211.291667   17.53 0.559  0.34 0.559 9.999 0.559259 9.99 0.559259   2.373 0.659 0.014 0.559
213.291667 214.291667  109.76 0.000  0.25 0.000 0.014 0.000000 0.07 0.000000   4.115 0.000 0.046 0.000
216.291667 217.291667 9999.99 0.999 99.99 0.999 9.999 0.999000 9.99 0.999000 999.999 0.999 9.999 0.999
219.291667 220.291667 9999.99 0.999 99.99 0.999 9.999 0.999000 9.99 0.999000 999.999 0.999 9.999 0.999
222.291667 223.291667    7.66 0.000  0.08 0.000 0.003 0.000000 0.09 0.000000   1.429 0.000 0.006 0.000
225.291667 226.291667    7.59 0.559  0.23 0.559 9.999 0.559259 9.99 0.559259   1.962 0.659 0.011 0.559
228.291667 229.291667   10.47 0.000  0.19 0.000 9.999 0.259000 0.05 0.000000   2.322 0.000 0.016 0.000
231.291667 232.291667    6.93 0.559  0.10 0.559 9.999 0.559259 0.08 0.559000   1.007 0.659 0.005 0.559
234.291667 235.291667   15.13 0.000  0.19 0.000 9.999 0.259000 9.99 0.259000   2.350 0.000 0.011 0.000
237.291667 238.291667   16.40 0.000  0.31 0.000 9.999 0.259000 0.16 0.000000   2.788 0.000 0.015 0.000
240.291667 241.291667   20.86 0.699  0.32 0.699 9.999 0.699259 9.99 0.699259   3.621 0.659 0.039 0.699
243.291667 244.291667   70.81 0.000  0.46 0.000 9.999 0.259000 9.99 0.259000   3.836 0.000 0.050 0.000
246.291667 247.291667   11.32 0.000  0.47 0.000 9.999 0.259000 9.99 0.259000   2.820 0.000 0.010 0.000
249.291667 250.291667   10.74 0.559  0.45 0.559 9.999 0.559259 0.09 0.559000   2.463 0.659 0.009 0.559
252.291667 253.291667   31.57 0.559  0.67 0.559 9.999 0.559259 9.99 0.559259   3.442 0.000 0.025 0.559
255.291667 256.291667   20.25 0.000  0.46 0.000 9.999 0.259000 0.07 0.000000   2.036 0.000 0.015 0.000
258.291667 259.291667   24.66 0.000  0.54 0.000 9.999 0.259000 9.99 0.259000   2.680 0.000 0.019 0.000
261.291667 262.291667   16.25 0.000  0.56 0.000 0.005 0.000000 9.99 0.259000   1.778 0.000 0.011 0.000
264.291667 265.291667 9999.99 0.999 99.99 0.999 9.999 0.999000 9.99 0.999000 999.999 0.999 9.999 0.999
267.291667 268.291667 9999.99 0.999 99.99 0.999 9.999 0.999000 9.99 0.999000 999.999 0.999 9.999 0.999
270.291667 271.291667 9999.99 0.899 99.99 0.899 9.999 0.899000 9.99 0.899000   3.205 0.000 9.999 0.899
273.291667 274.291667 9999.99 0.899 99.99 0.899 9.999 0.899000 9.99 0.899000   2.871 0.000 9.999 0.899
276.291667 277.291667 9999.99 0.899 99.99 0.899 9.999 0.899000 9.99 0.899000   3.840 0.000 9.999 0.899
279.291667 280.291667 9999.99 0.899 99.99 0.899 9.999 0.899000 9.99 0.899000   4.221 0.000 9.999 0.899
282.291667 283.291667 9999.99 0.899 99.99 0.899 9.999 0.899000 9.99 0.899000   0.744 0.000 9.999 0.899
285.291667 286.291667 9999.99 0.899 99.99 0.899 9.999 0.899000 9.99 0.899000   2.135 0.000 9.999 0.899
288.291667 289.291667 9999.99 0.899 99.99 0.899 9.999 0.899000 9.99 0.899000   2.224 0.000 9.999 0.899
291.291667 292.291667 9999.99 0.899 99.99 0.899 9.999 0.899000 9.99 0.899000   1.017 0.000 9.999 0.899
294.291667 295.291667   11.00 0.000  0.46 0.000 9.999 0.259000 0.13 0.000000   3.282 0.000 0.010 0.000
297.291667 298.291667   15.81 0.000  0.49 0.000 0.004 0.000000 9.99 0.259000   2.829 0.000 0.014 0.000
300.291667 301.291667   23.55 0.000  0.51 0.000 9.999 0.259000 0.20 0.000000   3.608 0.000 0.020 0.000
303.291667 304.291667   37.40 0.000  2.16 0.000 9.999 0.259000 0.13 0.000000   3.315 0.000 0.033 0.000
306.291667 307.291667   44.03 0.000  1.09 0.000 9.999 0.259000 0.20 0.000000   4.964 0.000 0.038 0.000
309.291667 310.291667   16.96 0.000  0.22 0.000 9.999 0.259000 9.99 0.259000   1.126 0.000 0.015 0.000
312.291667 313.291667   36.06 0.699  0.79 0.699 9.999 0.699259 0.31 0.699000   4.489 0.000 0.031 0.699
315.291667 316.291667   10.15 0.000  0.18 0.000 9.999 0.259000 9.99 0.259000   2.195 0.000 0.010 0.000
318.291667 319.291667    5.11 0.000  0.21 0.000 9.999 0.259000 9.99 0.259000   0.651 0.000 0.005 0.000
321.291667 322.291667    9.14 0.000  0.42 0.000 9.999 0.259000 9.99 0.259000   1.280 0.000 0.009 0.000
324.291667 325.291667   18.93 0.000  0.57 0.000 9.999 0.259000 9.99 0.259000   1.995 0.000 0.023 0.000
327.291667 328.291667   20.02 0.000  0.31 0.000 9.999 0.259000 9.99 0.259000   1.824 0.000 0.015 0.000
330.291667 331.291667    7.40 0.000  0.29 0.000 9.999 0.259000 9.99 0.259000   0.798 0.000 0.007 0.000
333.291667 334.291667   15.40 0.000  0.22 0.000 9.999 0.259000 9.99 0.259000   1.185 0.000 0.011 0.000
336.291667 337.291667   15.04 0.000  0.33 0.000 0.005 0.000000 0.08 0.000000   1.428 0.000 0.012 0.000
339.291667 340.291667    8.04 0.000  0.21 0.000 9.999 0.259000 9.99 0.259000   0.690 0.000 0.005 0.000
342.291667 343.291667    8.59 0.000  0.20 0.000 9.999 0.259000 9.99 0.259000   1.110 0.000 0.013 0.000
345.291667 346.291667   23.05 0.000  0.43 0.000 0.004 0.000000 9.99 0.259000   2.496 0.000 0.025 0.000
348.291667 349.291667    8.86 0.000  0.27 0.000 9.999 0.259000 9.99 0.259000   1.718 0.000 0.009 0.000
351.291667 352.291667   14.58 0.000  0.65 0.000 9.999 0.259000 9.99 0.259000   1.669 0.000 0.014 0.000
354.291667 355.291667   10.28 0.000  0.10 0.000 9.999 0.259000 9.99 0.259000   0.990 0.000 0.008 0.000
357.291667 358.291667    5.85 0.000  0.21 0.000 9.999 0.259000 9.99 0.259000   0.606 0.000 0.021 0.000
360.291667 361.291667   13.49 0.000  0.16 0.000 9.999 0.259000 9.99 0.259000   0.608 0.000 0.008 0.000
363.291667 364.291667    6.92 0.000  0.14 0.000 0.003 0.000000 9.99 0.259000   0.570 0.000 0.005 0.000
