scripts/IMPROVE-2019_partial/data/US0699R.19960103070000.20191216000000.filterpack...1y.3d.US03L_filterpack_US0699.US03L_IMPROVE_Davis.lev2.nas
51 1001
MISSING INFORMATION
US03L, IMPROVE, , , , , , , 
MISSING INFORMATION
IMPROVE sel_HTAP
1 1
1996 01 01 2019 12 16
0
days from file reference point
4
1 1 1 1
999.999999 999.999 999.999 9.999
end_time of measurement, days from the file reference point
pm10_mass, ug/m3, Matrix=pm10
pm25_mass, ug/m3, Matrix=pm25
numflag, no unit
0
33
Data definition:              EBAS_1.1
Set type code:                TI
Timezone:                     UTC
File name:                    US0699R.19960103070000.20191216000000.filterpack...1y.3d.US03L_filterpack_US0699.US03L_IMPROVE_Davis.lev2.nas
File creation:                20191218120302
Startdate:                    19960103070000
Revision date:                20191216000000
Version:                      2
Version description:          "Data extracted from http://views.cira.colostate.edu/fed/DataWizard 2019-12-16"
Statistics:                   arithmetic mean
Data level:                   2
Period code:                  1y
Resolution code:              3d
Sample duration:              1d
Orig. time res.:              3d
Station code:                 US0699R
Platform code:                US0699S
Station name:                 Mesa Verde National Park-Chapin Mesa (CO99)
Station latitude:             37.1981
Station longitude:            -108.4903
Station altitude:             2172.0 m
Regime:                       IMG
Component:                    
Unit:                         ug/m3
Matrix:                       
Laboratory code:              US03L
Instrument type:              filterpack
Instrument name:              filterpack_US0699
Method ref:                   US03L_IMPROVE_Davis
Blank correction:             Blank corrected
Volume std. temperature:      ambient
Volume std. pressure:         ambient
starttime endtime PM10 PM2.5 flag
  2.291667   3.291667   1.389   0.888 0.000
  5.291667   6.291667   1.890   1.078 0.000
  9.291667  10.291667   4.760   2.771 0.000
 12.291667  13.291667   4.643   2.771 0.000
 16.291667  17.291667   3.127   1.185 0.000
 19.291667  20.291667   6.173   0.954 0.000
 23.291667  24.291667   5.415   1.066 0.000
 26.291667  27.291667   1.305   0.388 0.000
 30.291667  31.291667   1.235   0.786 0.000
 33.291667  34.291667   1.312   1.194 0.000
 37.291667  38.291667   2.506   1.975 0.000
 40.291667  41.291667   1.563   1.271 0.000
 44.291667  45.291667   2.497   1.744 0.000
 47.291667  48.291667   1.834   1.421 0.000
 51.291667  52.291667   3.717   2.162 0.000
 54.291667  55.291667   5.073   2.077 0.000
 58.291667  59.291667   2.619   2.817 0.000
 61.291667  62.291667   9.398   1.605 0.000
 65.291667  66.291667   3.491   1.300 0.000
 68.291667  69.291667   2.302   1.617 0.000
 72.291667  73.291667   3.584   2.537 0.000
 75.291667  76.291667   3.771   2.656 0.000
 79.291667  80.291667   4.350   2.325 0.000
 82.291667  83.291667  18.811   5.530 0.000
 86.291667  87.291667   4.730   4.379 0.000
 89.291667  90.291667   2.628   1.502 0.000
 93.291667  94.291667   2.040   1.433 0.000
 96.291667  97.291667   4.829   3.518 0.000
100.291667 101.291667  18.875  12.012 0.000
103.291667 104.291667   6.045   1.914 0.000
107.291667 108.291667  10.225   5.384 0.000
110.291667 111.291667   4.301   3.184 0.000
114.291667 115.291667   6.909   5.983 0.000
117.291667 118.291667   5.666   4.486 0.000
121.291667 122.291667   5.857   5.239 0.000
124.291667 125.291667   5.740   3.191 0.000
128.291667 129.291667   7.591   7.312 0.000
131.291667 132.291667   7.591   6.429 0.000
135.291667 136.291667   8.465   7.994 0.000
138.291667 139.291667  15.432   8.780 0.000
142.291667 143.291667  19.051  14.462 0.000
145.291667 146.291667  19.162   7.040 0.000
149.291667 150.291667   8.432   6.027 0.000
152.291667 153.291667 999.999   8.260 0.000
156.291667 157.291667 999.999   8.658 0.000
159.291667 160.291667   9.079   9.159 0.000
163.291667 164.291667   9.405   9.388 0.000
166.291667 167.291667   4.113   3.858 0.000
170.291667 171.291667   4.861   4.471 0.000
173.291667 174.291667   9.097   6.554 0.000
177.291667 178.291667  10.243   7.850 0.000
180.291667 181.291667   5.590   4.303 0.000
184.291667 185.291667 999.999   6.525 0.000
187.291667 188.291667   7.882   4.125 0.000
191.291667 192.291667 999.999 999.999 0.999
194.291667 195.291667 999.999 999.999 0.999
198.291667 199.291667 999.999 999.999 0.999
201.291667 202.291667 999.999 999.999 0.999
205.291667 206.291667 999.999 999.999 0.999
208.291667 209.291667 999.999 999.999 0.999
212.291667 213.291667 999.999 999.999 0.999
215.291667 216.291667 999.999 999.999 0.999
219.291667 220.291667 999.999 999.999 0.999
222.291667 223.291667  10.433   4.271 0.000
226.291667 227.291667   9.553   5.465 0.000
229.291667 230.291667  11.848   4.900 0.000
233.291667 234.291667 999.999 999.999 0.999
236.291667 237.291667 999.999 999.999 0.999
240.291667 241.291667   4.290   3.157 0.000
243.291667 244.291667  18.215 999.999 0.000
247.291667 248.291667  12.636  10.038 0.000
250.291667 251.291667   4.872   3.245 0.000
254.291667 255.291667 999.999   6.697 0.000
257.291667 258.291667 999.999   4.386 0.000
261.291667 262.291667   2.740 999.999 0.000
264.291667 265.291667   3.548   1.910 0.000
268.291667 269.291667  11.763   3.100 0.000
271.291667 272.291667   4.571   1.684 0.000
275.291667 276.291667   6.351   3.998 0.000
278.291667 279.291667   4.802   4.239 0.000
282.291667 283.291667   4.384   3.366 0.000
285.291667 286.291667   6.281   4.455 0.000
289.291667 290.291667 999.999 999.999 0.999
292.291667 293.291667 999.999 999.999 0.999
296.291667 297.291667   5.051 999.999 0.000
299.291667 300.291667   8.581   1.888 0.000
303.291667 304.291667   9.158   3.904 0.000
306.291667 307.291667   3.212   1.568 0.000
310.291667 311.291667   5.885   4.743 0.000
313.291667 314.291667  11.731   2.542 0.000
317.291667 318.291667   5.423   2.958 0.000
320.291667 321.291667   7.659   1.557 0.000
324.291667 325.291667   2.879   1.752 0.000
327.291667 328.291667 999.999   1.681 0.000
331.291667 332.291667 999.999   2.612 0.000
334.291667 335.291667   3.494   1.071 0.000
338.291667 339.291667   2.804 999.999 0.000
341.291667 342.291667   1.121   0.675 0.000
345.291667 346.291667   2.345   1.362 0.000
348.291667 349.291667   3.792   1.152 0.000
352.291667 353.291667   2.897   1.696 0.000
355.291667 356.291667   9.373   2.379 0.000
359.291667 360.291667 999.999 999.999 0.999
362.291667 363.291667 999.999 999.999 0.999
