scripts/IMPROVE-2019_partial/data/US0699R.20010101070000.20191216000000.filterpack..pm25.52w.1w.US03L_filterpack_US0699.US03L_IMPROVE_Davis.lev2.nas
64 1001
MISSING INFORMATION
US03L, IMPROVE, , , , , , , 
MISSING INFORMATION
IMPROVE sel_HTAP
1 1
2001 01 01 2019 12 16
3.000000
days from file reference point
25
1 1 1 1 1 1 1 1 1 1 1 1 1 1 1 1 1 1 1 1 1 1 1 1 1
999.999999 9999.99 9.999 99.99 9.999 9.999 9.999999 9.99 9.999999 9.999 9.999 99.999 9.999 99.999 9.999 999.999 9.999 999.999 9.999 999.999 9.999 9.999 9.999999 9.999 9.999
end_time of measurement, days from the file reference point
iron, ng/m3, Revision date=20181210133000
numflag iron, no unit, Revision date=20181210133000
lead, ng/m3, Revision date=20181210133000
numflag lead, no unit, Revision date=20181210133000
magnesium, ug/m3, Revision date=20181210133000
numflag magnesium, no unit, Revision date=20181210133000
nickel, ng/m3, Revision date=20181210133000
numflag nickel, no unit, Revision date=20181210133000
nitrate, ug N/m3, Revision date=20181210133000
numflag nitrate, no unit, Revision date=20181210133000
organic_carbon, ug C/m3, Revision date=20181210133000
numflag organic_carbon, no unit, Revision date=20181210133000
organic_mass, ug/m3, Revision date=20181210133000
numflag organic_mass, no unit, Revision date=20181210133000
pm10_mass, ug/m3, Version=2, Version description=Data extracted from http://views.cira.colostate.edu/fed/DataWizard 2019-12-16, Sample duration=1d, Orig. time res.=3d, Matrix=pm10, Blank correction=Blank corrected, Volume std. temperature=ambient, Volume std. pressure=ambient
numflag pm10_mass, no unit, Version=2, Version description=Data extracted from http://views.cira.colostate.edu/fed/DataWizard 2019-12-16, Sample duration=1d, Orig. time res.=3d, Matrix=pm10, Blank correction=Blank corrected, Volume std. temperature=ambient, Volume std. pressure=ambient
pm10_pm25_mass, ug/m3, Revision date=20181210133000, Matrix=pm10_pm25
numflag pm10_pm25_mass, no unit, Revision date=20181210133000, Matrix=pm10_pm25
pm25_mass, ug/m3, Version=2, Version description=Data extracted from http://views.cira.colostate.edu/fed/DataWizard 2019-12-16, Sample duration=1d, Orig. time res.=3d, Blank correction=Blank corrected, Volume std. temperature=ambient, Volume std. pressure=ambient
numflag pm25_mass, no unit, Version=2, Version description=Data extracted from http://views.cira.colostate.edu/fed/DataWizard 2019-12-16, Sample duration=1d, Orig. time res.=3d, Blank correction=Blank corrected, Volume std. temperature=ambient, Volume std. pressure=ambient
potassium, ug/m3, Revision date=20181210133000
numflag potassium, no unit, Revision date=20181210133000
sulphate_total, ug S/m3, Revision date=20181210133000
numflag sulphate_total, no unit, Revision date=20181210133000
0
25
Data definition:              EBAS_1.1
Set type code:                TU
Timezone:                     UTC
File name:                    US0699R.20010101070000.20191216000000.filterpack..pm25.52w.1w.US03L_filterpack_US0699.US03L_IMPROVE_Davis.lev2.nas
File creation:                20191218120303
Startdate:                    20010101070000
Revision date:                20191216000000
Statistics:                   arithmetic mean
Data level:                   2
Period code:                  52w
Resolution code:              1w
Station code:                 US0699R
Platform code:                US0699S
Station name:                 Mesa Verde National Park-Chapin Mesa (CO99)
Station latitude:             37.1981
Station longitude:            -108.4903
Station altitude:             2172.0 m
Regime:                       IMG
Component:                    
Matrix:                       pm25
Laboratory code:              US03L
Instrument type:              filterpack
Instrument name:              filterpack_US0699
Method ref:                   US03L_IMPROVE_Davis
starttime endtime Fe flag_Fe Pb flag_Pb Mg++ flag_Mg++ Ni flag_Ni NO3- flag_NO3- OC flag_OC OM flag_OM PM10 flag_PM10 PM10-PM2.5 flag_PM10-PM2.5 PM2.5 flag_PM2.5 K+ flag_K+ SO4-- flag_SO4--
  0.291667   1.291667   11.97 0.000  0.42 0.000 9.999 0.259000 0.42 0.000000 0.019 0.559  0.215 0.000  0.301 0.000   2.002 0.000   1.055 0.000   0.947 0.000 0.011 0.000000 0.116 0.559
  3.291667   4.291667   21.51 0.000  0.54 0.000 9.999 0.259000 9.99 0.259000 0.076 0.559  0.775 0.000  1.085 0.000   5.368 0.000   2.936 0.000   2.432 0.000 0.024 0.000000 0.143 0.559
  6.291667   7.291667   16.88 0.000  0.64 0.000 9.999 0.259000 9.99 0.259000 0.051 0.559  0.517 0.000  0.724 0.000   3.049 0.000   1.132 0.000   1.917 0.000 0.017 0.000000 0.150 0.559
  9.291667  10.291667   13.08 0.000  0.46 0.000 9.999 0.259000 0.30 0.000000 0.053 0.559  0.398 0.000  0.556 0.000   3.366 0.000   0.601 0.000   2.765 0.000 0.020 0.000000 0.397 0.559
 12.291667  13.291667    2.96 0.000 99.99 0.259 9.999 0.259000 9.99 0.259000 0.023 0.559  0.190 0.000  0.266 0.000   0.980 0.000   0.383 0.000   0.597 0.000 0.011 0.000000 0.077 0.559
 15.291667  16.291667   11.98 0.000  0.95 0.000 9.999 0.259000 0.34 0.000000 0.123 0.559  0.512 0.000  0.717 0.000   2.514 0.000 999.999 0.259   2.620 0.000 0.012 0.000000 0.291 0.559
 18.291667  19.291667   11.08 0.000  0.70 0.000 9.999 0.259000 0.14 0.000000 0.154 0.559  0.571 0.000  0.800 0.000   3.664 0.000   0.836 0.000   2.828 0.000 0.011 0.000000 0.321 0.559
 21.291667  22.291667    5.60 0.000  0.26 0.000 9.999 0.259000 9.99 0.259000 0.053 0.559  0.407 0.000  0.569 0.000   1.875 0.000   0.643 0.000   1.231 0.000 0.009 0.000000 0.127 0.559
 24.291667  25.291667    8.35 0.000  0.46 0.000 9.999 0.259000 9.99 0.259000 0.067 0.559  0.230 0.000  0.322 0.000   2.812 0.000   1.178 0.000   1.634 0.000 0.010 0.000000 0.207 0.559
 27.291667  28.291667    2.36 0.000  0.11 0.000 9.999 0.259000 9.99 0.259000 0.016 0.559 99.999 0.259 99.999 0.259   0.895 0.000   0.203 0.000   0.691 0.000 0.005 0.000000 0.126 0.559
 30.291667  31.291667    6.72 0.000  0.28 0.000 0.024 0.000000 0.18 0.000000 0.076 0.559  0.384 0.000  0.537 0.000   2.451 0.000   0.897 0.000   1.554 0.000 0.010 0.000000 0.201 0.559
 33.291667  34.291667   19.48 0.000  0.66 0.000 9.999 0.259000 9.99 0.259000 0.014 0.559  0.148 0.000  0.208 0.000   3.227 0.000   2.117 0.000   1.110 0.000 0.018 0.000000 0.133 0.559
 36.291667  37.291667   26.85 0.000  0.35 0.000 9.999 0.259000 9.99 0.259000 0.039 0.559  0.395 0.000  0.553 0.000   3.880 0.000   2.396 0.000   1.484 0.000 0.022 0.000000 0.114 0.559
 39.291667  40.291667   20.52 0.000  0.32 0.000 9.999 0.259000 9.99 0.259000 0.114 0.559  0.464 0.000  0.649 0.000   3.493 0.000   0.959 0.000   2.534 0.000 0.015 0.000000 0.332 0.559
 42.291667  43.291667   34.52 0.559  1.72 0.559 9.999 0.559259 0.22 0.559000 0.037 0.559  0.597 0.000  0.836 0.000   3.904 0.000   1.198 0.000   2.706 0.559 0.032 0.559000 0.251 0.559
 45.291667  46.291667    7.58 0.000  0.49 0.000 9.999 0.259000 9.99 0.259000 0.023 0.559  0.196 0.000  0.274 0.000   0.740 0.000   0.239 0.000   0.500 0.000 0.006 0.000000 0.079 0.559
 48.291667  49.291667   11.95 0.000  0.57 0.000 9.999 0.259000 0.05 0.000000 0.026 0.559  0.244 0.000  0.342 0.000   1.603 0.000   0.539 0.000   1.064 0.000 0.011 0.000000 0.152 0.559
 51.291667  52.291667   15.89 0.000  0.36 0.000 9.999 0.259000 0.15 0.000000 0.024 0.559  0.234 0.000  0.328 0.000   2.410 0.000   1.095 0.000   1.316 0.000 0.014 0.000000 0.113 0.559
 54.291667  55.291667   13.27 0.000  0.13 0.000 9.999 0.259000 0.16 0.000000 0.026 0.559  0.124 0.000  0.173 0.000   2.533 0.000   1.401 0.000   1.132 0.000 0.013 0.000000 0.114 0.559
 57.291667  58.291667   10.43 0.000  0.81 0.000 9.999 0.259000 9.99 0.259000 0.022 0.559  0.344 0.000  0.482 0.000   3.409 0.000   0.671 0.000   2.737 0.000 0.010 0.000000 0.446 0.559
 60.291667  61.291667    6.72 0.000  0.51 0.000 9.999 0.259000 9.99 0.259000 0.009 0.559  0.116 0.000  0.162 0.000   1.634 0.000   0.700 0.000   0.934 0.000 0.004 0.000000 0.130 0.559
 63.291667  64.291667   11.30 0.000  0.86 0.000 9.999 0.259000 0.46 0.000000 0.012 0.000  0.099 0.000  0.139 0.000   2.533 0.000   1.011 0.000   1.522 0.000 0.009 0.000000 0.183 0.000
 66.291667  67.291667   29.31 0.000  0.79 0.000 9.999 0.259000 9.99 0.259000 0.041 0.559  0.352 0.000  0.493 0.000   2.712 0.000   0.647 0.000   2.065 0.000 0.024 0.000000 0.251 0.559
 69.291667  70.291667   11.11 0.000  0.58 0.000 9.999 0.259000 9.99 0.259000 0.043 0.000  0.234 0.000  0.328 0.000   1.890 0.000   0.232 0.000   1.658 0.000 0.008 0.000000 0.244 0.000
 72.291667  73.291667   46.97 0.394  1.06 0.394 9.999 0.394259 9.99 0.394259 0.036 0.394  0.276 0.000  0.387 0.000   7.600 0.000   5.216 0.000   2.384 0.000 0.031 0.394000 0.158 0.394
 75.291667  76.291667   15.91 0.000  0.64 0.000 9.999 0.259000 9.99 0.259000 0.059 0.000  0.301 0.000  0.422 0.000   3.388 0.000   0.603 0.000   2.784 0.000 0.012 0.000000 0.391 0.000
 78.291667  79.291667   28.36 0.000  0.97 0.000 9.999 0.259000 0.54 0.000000 0.014 0.000  0.399 0.000  0.559 0.000   3.411 0.000   1.192 0.000   2.219 0.000 0.019 0.000000 0.197 0.000
 81.291667  82.291667   29.45 0.000  0.70 0.000 9.999 0.259000 0.64 0.000000 0.013 0.000  0.267 0.000  0.374 0.000   2.563 0.000   0.539 0.000   2.024 0.000 0.025 0.000000 0.127 0.000
 84.291667  85.291667 9999.99 0.999 99.99 0.999 9.999 0.999000 9.99 0.999000 9.999 0.999 99.999 0.999 99.999 0.999 999.999 0.999 999.999 0.999 999.999 0.999 9.999 0.999000 9.999 0.999
 87.291667  88.291667 9999.99 0.999 99.99 0.999 9.999 0.999000 9.99 0.999000 9.999 0.999 99.999 0.999 99.999 0.999 999.999 0.999 999.999 0.999 999.999 0.999 9.999 0.999000 9.999 0.999
 90.291667  91.291667 9999.99 0.999 99.99 0.999 9.999 0.999000 9.99 0.999000 9.999 0.999 99.999 0.999 99.999 0.999 999.999 0.999 999.999 0.999 999.999 0.999 9.999 0.999000 9.999 0.999
 93.291667  94.291667   48.80 0.559  1.37 0.559 9.999 0.559259 9.99 0.559259 0.065 0.000  0.497 0.000  0.696 0.000   7.744 0.000   3.956 0.000   3.788 0.559 0.040 0.559000 0.358 0.000
 96.291667  97.291667   49.18 0.000  1.28 0.000 9.999 0.259000 0.29 0.000000 0.167 0.000  0.442 0.000  0.619 0.000   7.325 0.000   3.468 0.000   3.858 0.000 0.036 0.000000 0.382 0.000
 99.291667 100.291667   67.15 0.559  4.03 0.559 9.999 0.559259 0.32 0.559000 0.056 0.000  0.309 0.000  0.433 0.000   7.332 0.000   2.870 0.000   4.463 0.559 0.063 0.559000 0.477 0.000
102.291667 103.291667  135.74 0.000  1.00 0.000 9.999 0.259000 9.99 0.259000 0.039 0.000  0.776 0.000  1.086 0.000   7.325 0.000   3.603 0.000   3.723 0.000 0.073 0.000000 0.167 0.000
105.291667 106.291667  765.26 0.559  2.52 0.559 9.999 0.559259 9.99 0.559259 0.126 0.559  0.239 0.000  0.335 0.000  28.447 0.000   9.880 0.000  18.567 0.559 0.403 0.559000 0.386 0.559
108.291667 109.291667  201.29 0.559  1.20 0.559 9.999 0.559259 9.99 0.559259 0.043 0.000  0.379 0.000  0.531 0.000  24.742 0.000  18.691 0.000   6.052 0.559 0.118 0.559000 0.172 0.000
111.291667 112.291667   54.27 0.000  0.72 0.000 9.999 0.259000 0.36 0.000000 0.019 0.000  0.177 0.000  0.247 0.000   3.303 0.000   0.966 0.000   2.336 0.000 0.030 0.000000 0.203 0.000
114.291667 115.291667  173.36 0.000  1.45 0.000 9.999 0.259000 0.29 0.000000 0.039 0.000  0.547 0.000  0.765 0.000   7.407 0.000   2.152 0.000   5.255 0.000 0.095 0.000000 0.215 0.000
117.291667 118.291667   58.54 0.559  0.82 0.559 9.999 0.559259 0.38 0.559000 0.037 0.559  0.572 0.000  0.801 0.000   4.769 0.000   1.396 0.000   3.373 0.559 0.037 0.559000 0.274 0.559
120.291667 121.291667  239.51 0.000  0.96 0.000 9.999 0.259000 9.99 0.259000 0.058 0.559  0.596 0.000  0.834 0.000  13.964 0.000   7.427 0.000   6.538 0.000 0.130 0.000000 0.260 0.559
123.291667 124.291667  107.90 0.000  1.00 0.000 9.999 0.259000 0.22 0.000000 0.103 0.000  0.556 0.000  0.778 0.000   6.524 0.000   2.062 0.000   4.462 0.000 0.064 0.000000 0.264 0.000
126.291667 127.291667  169.53 0.559  1.40 0.559 9.999 0.559259 9.99 0.559259 0.039 0.000  0.741 0.000  1.038 0.000   7.572 0.000   2.248 0.000   5.324 0.559 0.104 0.559000 0.201 0.000
129.291667 130.291667  143.41 0.559  1.38 0.559 9.999 0.559259 0.17 0.559000 0.071 0.000  0.750 0.000  1.050 0.000   9.689 0.000   4.413 0.000   5.276 0.559 0.078 0.559000 0.229 0.000
132.291667 133.291667  129.47 0.000  0.85 0.000 9.999 0.259000 9.99 0.259000 0.045 0.000  0.750 0.000  1.050 0.000   8.649 0.000   3.193 0.000   5.456 0.000 0.074 0.000000 0.335 0.000
135.291667 136.291667   62.68 0.000  0.77 0.000 9.999 0.259000 0.29 0.000000 0.032 0.000  0.597 0.000  0.835 0.000   4.616 0.000   1.626 0.000   2.990 0.000 0.041 0.000000 0.182 0.000
138.291667 139.291667   39.22 0.000  0.84 0.000 9.999 0.259000 0.46 0.000000 0.016 0.000  0.696 0.000  0.974 0.000   3.598 0.000   1.444 0.000   2.154 0.000 0.027 0.000000 0.166 0.000
141.291667 142.291667   36.14 0.000  0.70 0.000 9.999 0.259000 9.99 0.259000 0.017 0.000  0.327 0.000  0.458 0.000   3.372 0.000   1.782 0.000   1.590 0.000 0.021 0.000000 0.102 0.000
144.291667 145.291667   48.64 0.000  0.80 0.000 9.999 0.259000 0.24 0.000000 0.025 0.000  0.852 0.000  1.193 0.000   6.076 0.000   3.267 0.000   2.809 0.000 0.031 0.000000 0.151 0.000
147.291667 148.291667   70.19 0.559  1.09 0.559 9.999 0.559259 0.24 0.559000 0.046 0.000  0.762 0.000  1.067 0.000   8.681 0.000   4.039 0.000   4.642 0.559 0.071 0.559000 0.347 0.000
150.291667 151.291667   86.23 0.000  1.43 0.000 9.999 0.259000 9.99 0.259000 0.031 0.000  0.537 0.000  0.752 0.000   7.643 0.000   4.267 0.000   3.376 0.000 0.050 0.000000 0.179 0.000
153.291667 154.291667  101.48 0.559  1.11 0.559 9.999 0.559259 9.99 0.559259 0.057 0.000  0.504 0.000  0.706 0.000  12.600 0.000   7.161 0.000   5.439 0.559 0.091 0.559000 0.356 0.000
156.291667 157.291667  125.06 0.394  0.73 0.394 9.999 0.394259 0.27 0.394000 0.040 0.394  0.722 0.000  1.011 0.000  11.886 0.000   6.473 0.000   5.413 0.000 0.079 0.394000 0.206 0.394
159.291667 160.291667 9999.99 0.999 99.99 0.999 9.999 0.999000 9.99 0.999000 9.999 0.999 99.999 0.999 99.999 0.999 999.999 0.999 999.999 0.999 999.999 0.999 9.999 0.999000 9.999 0.999
162.291667 163.291667  133.85 0.000  0.59 0.000 9.999 0.259000 0.20 0.000000 0.047 0.000  0.755 0.000  1.057 0.000  16.271 0.000   9.774 0.000   6.498 0.000 0.130 0.000000 0.203 0.000
165.291667 166.291667   30.62 0.000  0.32 0.000 9.999 0.259000 0.15 0.000000 0.014 0.000  0.258 0.000  0.361 0.000   3.986 0.000   2.165 0.000   1.821 0.000 0.023 0.000000 0.109 0.000
168.291667 169.291667   59.95 0.559  2.24 0.559 9.999 0.559259 9.99 0.559259 0.041 0.000  1.082 0.000  1.515 0.000  10.105 0.000   5.658 0.000   4.447 0.559 0.059 0.559000 0.219 0.000
171.291667 172.291667   69.00 0.559  0.44 0.559 9.999 0.559259 0.07 0.559000 0.055 0.000  1.311 0.000  1.836 0.000  16.554 0.000  11.083 0.000   5.470 0.559 0.066 0.559000 0.202 0.000
174.291667 175.291667  138.83 0.000  0.56 0.000 9.999 0.259000 0.54 0.000000 0.034 0.000  0.511 0.000  0.715 0.000   7.554 0.000   0.766 0.000   6.787 0.000 0.114 0.000000 0.349 0.000
177.291667 178.291667   66.53 0.000  0.40 0.000 9.999 0.259000 0.36 0.000000 0.021 0.000  0.314 0.000  0.440 0.000   4.216 0.000 999.999 0.259   4.274 0.000 0.048 0.000000 0.301 0.000
180.291667 181.291667   34.71 0.000  0.23 0.000 9.999 0.259000 0.14 0.000000 0.013 0.000  0.511 0.000  0.716 0.000   5.773 0.000   2.815 0.000   2.958 0.000 0.027 0.000000 0.169 0.000
183.291667 184.291667   35.07 0.000  0.22 0.000 9.999 0.259000 0.12 0.000000 0.013 0.000  0.609 0.000  0.853 0.000   4.617 0.000   1.915 0.000   2.702 0.000 0.030 0.000000 0.124 0.000
186.291667 187.291667 9999.99 0.999 99.99 0.999 9.999 0.999000 9.99 0.999000 9.999 0.999 99.999 0.999 99.999 0.999 999.999 0.999 999.999 0.999 999.999 0.999 9.999 0.999000 9.999 0.999
189.291667 190.291667 9999.99 0.999 99.99 0.999 9.999 0.999000 9.99 0.999000 9.999 0.999 99.999 0.999 99.999 0.999 999.999 0.999 999.999 0.999 999.999 0.999 9.999 0.999000 9.999 0.999
192.291667 193.291667   51.21 0.000  0.38 0.000 9.999 0.259000 9.99 0.259000 0.014 0.000  0.411 0.000  0.576 0.000   9.814 0.000   6.072 0.000   3.742 0.000 0.032 0.000000 0.321 0.000
195.291667 196.291667   32.38 0.000  0.44 0.000 9.999 0.259000 0.20 0.000000 0.026 0.000  0.820 0.000  1.148 0.000   7.111 0.000   3.639 0.000   3.472 0.000 0.029 0.000000 0.356 0.000
198.291667 199.291667   65.98 0.000  0.27 0.000 9.999 0.259000 0.22 0.000000 0.050 0.000  0.383 0.000  0.536 0.000  11.768 0.000   6.631 0.000   5.137 0.000 0.050 0.000000 0.520 0.000
201.291667 202.291667   38.21 0.000  0.41 0.000 9.999 0.259000 0.26 0.000000 0.036 0.000  0.361 0.000  0.505 0.000   8.026 0.000   3.782 0.000   4.244 0.000 0.030 0.000000 0.515 0.000
204.291667 205.291667   42.70 0.000  0.33 0.000 9.999 0.259000 0.13 0.000000 0.022 0.000  0.759 0.000  1.063 0.000  13.783 0.000   9.440 0.000   4.343 0.000 0.045 0.000000 0.341 0.000
207.291667 208.291667   64.14 0.000  0.41 0.000 9.999 0.259000 0.29 0.000000 0.024 0.000  0.429 0.000  0.601 0.000   7.901 0.000   3.396 0.000   4.505 0.000 0.044 0.000000 0.325 0.000
210.291667 211.291667   45.33 0.000  0.30 0.000 9.999 0.259000 9.99 0.259000 0.029 0.000  0.739 0.000  1.035 0.000  11.144 0.000   6.569 0.000   4.575 0.000 0.042 0.000000 0.377 0.000
213.291667 214.291667   34.24 0.000  0.24 0.000 9.999 0.259000 0.16 0.000000 0.022 0.000  0.528 0.000  0.739 0.000   4.865 0.000   1.831 0.000   3.034 0.000 0.027 0.000000 0.183 0.000
216.291667 217.291667   31.54 0.000  0.34 0.000 9.999 0.259000 0.15 0.000000 0.023 0.000  0.448 0.000  0.627 0.000   4.907 0.000   1.759 0.000   3.148 0.000 0.025 0.000000 0.294 0.000
219.291667 220.291667   19.83 0.000  0.22 0.000 9.999 0.259000 9.99 0.259000 0.020 0.559  0.551 0.000  0.772 0.000   5.229 0.000   2.189 0.000   3.040 0.000 0.019 0.000000 0.294 0.559
222.291667 223.291667   12.77 0.000  0.16 0.000 9.999 0.259000 9.99 0.259000 0.014 0.000  0.775 0.000  1.085 0.000   3.784 0.000   0.857 0.000   2.927 0.000 0.020 0.000000 0.186 0.000
225.291667 226.291667   11.92 0.000  0.27 0.000 9.999 0.259000 9.99 0.259000 0.026 0.559  0.888 0.000  1.243 0.000   4.227 0.000   0.938 0.000   3.289 0.000 0.034 0.000000 0.238 0.559
228.291667 229.291667   22.61 0.394  0.37 0.394 9.999 0.394259 0.35 0.394000 0.024 0.394  1.635 0.000  2.289 0.000   9.392 0.000   3.181 0.000   6.211 0.000 0.106 0.394000 0.312 0.394
231.291667 232.291667   21.28 0.000  0.19 0.000 9.999 0.259000 9.99 0.259000 0.012 0.000  0.870 0.000  1.218 0.000   7.602 0.000   2.821 0.000   4.780 0.000 0.058 0.000000 0.291 0.000
234.291667 235.291667   14.78 0.000  0.12 0.000 9.999 0.259000 9.99 0.259000 0.016 0.000  0.223 0.000  0.312 0.000   3.821 0.000   1.444 0.000   2.377 0.000 0.030 0.000000 0.261 0.000
237.291667 238.291667   24.72 0.000  0.12 0.000 9.999 0.259000 9.99 0.259000 0.011 0.559  0.645 0.000  0.902 0.000   7.771 0.000   4.461 0.000   3.310 0.000 0.025 0.000000 0.240 0.559
240.291667 241.291667   25.35 0.000  0.20 0.000 9.999 0.259000 0.11 0.000000 0.014 0.000  0.919 0.000  1.286 0.000   8.711 0.000   5.208 0.000   3.503 0.000 0.033 0.000000 0.253 0.000
243.291667 244.291667   21.45 0.000  0.33 0.000 9.999 0.259000 9.99 0.259000 0.028 0.000  0.502 0.000  0.703 0.000   5.054 0.000   2.264 0.000   2.790 0.000 0.020 0.000000 0.236 0.000
246.291667 247.291667   26.67 0.000  0.51 0.000 9.999 0.259000 9.99 0.259000 0.014 0.000  1.097 0.000  1.536 0.000   8.418 0.000   3.941 0.000   4.476 0.000 0.025 0.000000 0.352 0.000
249.291667 250.291667   25.46 0.000  0.30 0.000 9.999 0.259000 9.99 0.259000 0.015 0.000  0.220 0.000  0.308 0.000   5.260 0.000   3.555 0.000   1.705 0.000 0.016 0.000000 0.091 0.000
252.291667 253.291667   30.76 0.000  0.16 0.000 9.999 0.259000 9.99 0.259000 0.016 0.000  0.527 0.000  0.738 0.000   6.123 0.000   3.704 0.000   2.418 0.000 0.022 0.000000 0.133 0.000
255.291667 256.291667   33.47 0.000  0.13 0.000 9.999 0.259000 9.99 0.259000 0.006 0.000  0.359 0.000  0.503 0.000  10.643 0.000   7.543 0.000   3.100 0.000 0.024 0.000000 0.281 0.000
