scripts/IMPROVE-2019_partial/data/US1011R.20140102050000.20191216000000.filterpack...52w.3d.US03L_filterpack_US1011.US03L_IMPROVE_Davis.lev2.nas
52 1001
MISSING INFORMATION
US03L, IMPROVE, , , , , , , 
MISSING INFORMATION
IMPROVE sel_HTAP
1 1
2014 01 01 2019 12 16
3.000000
days from file reference point
5
1 1 1 1 1
999.999999 999.999 9.999 999.999 9.999
end_time of measurement, days from the file reference point
pm10_mass, ug/m3, Matrix=pm10
numflag pm10_mass, no unit, Matrix=pm10
pm25_mass, ug/m3, Matrix=pm25
numflag pm25_mass, no unit, Matrix=pm25
0
33
Data definition:              EBAS_1.1
Set type code:                TU
Timezone:                     UTC
File name:                    US1011R.20140102050000.20191216000000.filterpack...52w.3d.US03L_filterpack_US1011.US03L_IMPROVE_Davis.lev2.nas
File creation:                20191218120318
Startdate:                    20140102050000
Revision date:                20191216000000
Version:                      2
Version description:          "Data extracted from http://views.cira.colostate.edu/fed/DataWizard 2019-12-16"
Statistics:                   arithmetic mean
Data level:                   2
Period code:                  52w
Resolution code:              3d
Sample duration:              1d
Orig. time res.:              3d
Station code:                 US1011R
Platform code:                US1011S
Station name:                 Everglades National Park-Research Center (FL11)
Station latitude:             25.39
Station longitude:            -80.68
Station altitude:             2.0 m
Regime:                       IMG
Component:                    
Unit:                         ug/m3
Matrix:                       
Laboratory code:              US03L
Instrument type:              filterpack
Instrument name:              filterpack_US1011
Method ref:                   US03L_IMPROVE_Davis
Blank correction:             Blank corrected
Volume std. temperature:      ambient
Volume std. pressure:         ambient
starttime endtime PM10 flag_PM10 PM2.5 flag_PM2.5
  1.208333   2.208333   7.473 0.000   2.640 0.000
  4.208333   5.208333   8.144 0.000   3.187 0.000
  7.208333   8.208333   4.584 0.000   1.916 0.000
 10.208333  11.208333   9.498 0.000   3.128 0.000
 13.208333  14.208333   7.914 0.000   5.658 0.000
 16.208333  17.208333   4.121 0.000   2.039 0.000
 19.208333  20.208333   6.453 0.000   2.388 0.000
 22.208333  23.208333   9.244 0.000   4.965 0.000
 25.208333  26.208333   7.328 0.000   4.490 0.000
 28.208333  29.208333 999.999 0.999   3.503 0.000
 31.208333  32.208333 999.999 0.999   3.299 0.000
 34.208333  35.208333 999.999 0.999   4.707 0.000
 37.208333  38.208333   5.620 0.000   2.422 0.000
 40.208333  41.208333   8.736 0.000   4.607 0.000
 43.208333  44.208333   8.999 0.000   3.069 0.000
 46.208333  47.208333   6.237 0.000   3.486 0.000
 49.208333  50.208333  10.177 0.000   3.769 0.000
 52.208333  53.208333   8.147 0.000   2.900 0.000
 55.208333  56.208333   7.612 0.000   4.886 0.000
 58.208333  59.208333   7.628 0.000   6.035 0.000
 61.208333  62.208333   9.182 0.000   3.126 0.000
 64.208333  65.208333   7.439 0.000   4.693 0.000
 67.208333  68.208333   7.188 0.000   3.258 0.000
 70.208333  71.208333  11.168 0.000   6.393 0.000
 73.208333  74.208333  16.870 0.000   4.653 0.000
 76.208333  77.208333  14.559 0.000   5.457 0.000
 79.208333  80.208333  14.409 0.000   7.443 0.000
 82.208333  83.208333  13.087 0.000   7.216 0.000
 85.208333  86.208333  19.993 0.000   6.031 0.000
 88.208333  89.208333 999.999 0.999 999.999 0.999
 91.208333  92.208333  12.693 0.000   4.619 0.000
 94.208333  95.208333  10.434 0.000   4.106 0.000
 97.208333  98.208333  19.459 0.000   6.793 0.000
100.208333 101.208333  16.334 0.000   5.410 0.000
103.208333 104.208333  10.140 0.000   3.538 0.000
106.208333 107.208333  10.261 0.000   4.213 0.000
109.208333 110.208333   3.688 0.000   1.414 0.000
112.208333 113.208333   6.738 0.000   4.450 0.000
115.208333 116.208333  11.431 0.000   8.150 0.000
118.208333 119.208333  15.677 0.000   6.252 0.000
121.208333 122.208333  14.360 0.000   5.023 0.000
124.208333 125.208333  12.700 0.000   6.373 0.000
127.208333 128.208333  18.555 0.000 999.999 0.999
130.208333 131.208333  19.698 0.000 999.999 0.999
133.208333 134.208333  10.273 0.000 999.999 0.999
136.208333 137.208333  16.140 0.000 999.999 0.999
139.208333 140.208333  15.740 0.000   7.926 0.000
142.208333 143.208333  14.112 0.000   6.094 0.000
145.208333 146.208333  16.009 0.000   7.961 0.000
148.208333 149.208333  10.019 0.000   3.272 0.000
151.208333 152.208333   9.949 0.000   3.922 0.000
154.208333 155.208333  17.560 0.000   6.195 0.000
157.208333 158.208333  24.785 0.000  12.247 0.000
160.208333 161.208333   8.751 0.000   4.322 0.000
163.208333 164.208333  11.894 0.000   4.590 0.000
166.208333 167.208333  12.308 0.000   5.538 0.000
169.208333 170.208333  23.340 0.000   9.076 0.000
172.208333 173.208333  27.079 0.000   9.649 0.000
175.208333 176.208333  13.732 0.000   8.033 0.000
178.208333 179.208333  14.778 0.000   9.643 0.000
181.208333 182.208333 999.999 0.999 999.999 0.999
184.208333 185.208333  15.447 0.000   7.231 0.000
187.208333 188.208333  13.536 0.000   5.353 0.000
190.208333 191.208333  18.557 0.000   8.356 0.000
193.208333 194.208333  10.944 0.000   4.662 0.000
196.208333 197.208333   9.524 0.000   4.539 0.000
199.208333 200.208333  15.115 0.000   7.890 0.000
202.208333 203.208333  10.031 0.000   5.173 0.000
205.208333 206.208333  10.403 0.000   4.654 0.000
208.208333 209.208333  24.516 0.000  10.065 0.000
211.208333 212.208333  45.915 0.000  20.861 0.000
214.208333 215.208333 999.999 0.999 999.999 0.999
217.208333 218.208333   7.868 0.000   4.346 0.000
220.208333 221.208333   7.229 0.000   3.844 0.000
223.208333 224.208333   9.015 0.000   3.744 0.000
226.208333 227.208333  19.059 0.000   9.845 0.000
229.208333 230.208333  39.871 0.000  15.928 0.000
232.208333 233.208333  15.127 0.000   7.422 0.000
235.208333 236.208333  22.893 0.000  11.385 0.000
238.208333 239.208333  18.356 0.000   6.335 0.000
241.208333 242.208333  35.484 0.000  14.241 0.000
244.208333 245.208333   7.202 0.000   3.397 0.000
247.208333 248.208333  10.703 0.000   5.539 0.000
250.208333 251.208333  15.257 0.000   7.077 0.000
253.208333 254.208333   5.746 0.000   3.062 0.000
256.208333 257.208333  14.905 0.000   7.909 0.000
259.208333 260.208333  14.464 0.000   9.008 0.000
262.208333 263.208333   8.081 0.000   4.728 0.000
265.208333 266.208333   7.414 0.000   3.540 0.000
268.208333 269.208333   7.964 0.000   2.920 0.000
271.208333 272.208333   8.111 0.000   3.112 0.000
274.208333 275.208333   5.007 0.000   3.080 0.000
277.208333 278.208333   8.098 0.000   4.798 0.000
280.208333 281.208333   6.196 0.000   3.676 0.000
283.208333 284.208333   9.358 0.000   3.640 0.000
286.208333 287.208333   8.279 0.000   3.214 0.000
289.208333 290.208333   5.679 0.000   3.345 0.000
292.208333 293.208333   5.829 0.000   4.403 0.000
295.208333 296.208333   5.847 0.000   3.122 0.000
298.208333 299.208333   8.795 0.000   4.901 0.000
301.208333 302.208333   8.262 0.000   4.371 0.000
304.208333 305.208333  10.911 0.000   4.347 0.000
307.208333 308.208333 999.999 0.456   3.653 0.000
310.208333 311.208333 999.999 0.456   3.597 0.000
313.208333 314.208333 999.999 0.456   3.094 0.000
316.208333 317.208333  11.580 0.000   5.454 0.000
319.208333 320.208333  10.562 0.000   6.662 0.000
322.208333 323.208333  10.905 0.000   6.350 0.000
325.208333 326.208333  19.859 0.000   7.681 0.000
328.208333 329.208333  14.770 0.000   8.039 0.000
331.208333 332.208333  12.168 0.000   5.466 0.000
334.208333 335.208333  19.313 0.000   6.717 0.000
337.208333 338.208333   9.215 0.000   2.961 0.000
340.208333 341.208333   7.085 0.000   4.319 0.000
343.208333 344.208333   9.168 0.000   7.270 0.000
346.208333 347.208333  11.483 0.000   7.880 0.000
349.208333 350.208333   7.722 0.000   4.197 0.000
352.208333 353.208333   7.260 0.000   4.834 0.000
355.208333 356.208333   5.210 0.000   2.768 0.000
358.208333 359.208333 999.999 0.999 999.999 0.999
361.208333 362.208333 999.999 0.999 999.999 0.999
364.208333 365.208333   5.795 0.000   3.621 0.000
