scripts/IMPROVE-2019_partial/data/US1005R.20010101050000.20191216000000.filterpack..pm25.52w.1w.US03L_filterpack_US1005.US03L_IMPROVE_Davis.lev2.nas
66 1001
MISSING INFORMATION
US03L, IMPROVE, , , , , , , 
MISSING INFORMATION
IMPROVE sel_HTAP
1 1
2001 01 01 2019 12 16
3.000000
days from file reference point
27
1 1 1 1 1 1 1 1 1 1 1 1 1 1 1 1 1 1 1 1 1 1 1 1 1 1 1
999.999999 9999.99 9.999 99.99 9.999 9.999 9.999999 99.99 9.999999 9.999 9.999 99.999 9.999 99.999 9.999 99.99 9.999999 999.999 9.999 999.999 9.999 999.999 9.999 9.999 9.999 99.999 9.999
end_time of measurement, days from the file reference point
iron, ng/m3, Revision date=20181210133000
numflag iron, no unit, Revision date=20181210133000
lead, ng/m3, Revision date=20181210133000
numflag lead, no unit, Revision date=20181210133000
magnesium, ug/m3, Revision date=20181210133000
numflag magnesium, no unit, Revision date=20181210133000
nickel, ng/m3, Revision date=20181210133000
numflag nickel, no unit, Revision date=20181210133000
nitrate, ug N/m3, Revision date=20181210133000
numflag nitrate, no unit, Revision date=20181210133000
organic_carbon, ug C/m3, Revision date=20181210133000
numflag organic_carbon, no unit, Revision date=20181210133000
organic_mass, ug/m3, Revision date=20181210133000
numflag organic_mass, no unit, Revision date=20181210133000
phosphorus, ng/m3, Revision date=20181210133000
numflag phosphorus, no unit, Revision date=20181210133000
pm10_mass, ug/m3, Version=2, Version description=Data extracted from http://views.cira.colostate.edu/fed/DataWizard 2019-12-16, Sample duration=1d, Orig. time res.=3d, Matrix=pm10, Blank correction=Blank corrected, Volume std. temperature=ambient, Volume std. pressure=ambient
numflag pm10_mass, no unit, Version=2, Version description=Data extracted from http://views.cira.colostate.edu/fed/DataWizard 2019-12-16, Sample duration=1d, Orig. time res.=3d, Matrix=pm10, Blank correction=Blank corrected, Volume std. temperature=ambient, Volume std. pressure=ambient
pm10_pm25_mass, ug/m3, Revision date=20181210133000, Matrix=pm10_pm25
numflag pm10_pm25_mass, no unit, Revision date=20181210133000, Matrix=pm10_pm25
pm25_mass, ug/m3, Version=2, Version description=Data extracted from http://views.cira.colostate.edu/fed/DataWizard 2019-12-16, Sample duration=1d, Orig. time res.=3d, Blank correction=Blank corrected, Volume std. temperature=ambient, Volume std. pressure=ambient
numflag pm25_mass, no unit, Version=2, Version description=Data extracted from http://views.cira.colostate.edu/fed/DataWizard 2019-12-16, Sample duration=1d, Orig. time res.=3d, Blank correction=Blank corrected, Volume std. temperature=ambient, Volume std. pressure=ambient
potassium, ug/m3, Revision date=20181210133000
numflag potassium, no unit, Revision date=20181210133000
sulphate_total, ug S/m3, Revision date=20181210133000
numflag sulphate_total, no unit, Revision date=20181210133000
0
25
Data definition:              EBAS_1.1
Set type code:                TU
Timezone:                     UTC
File name:                    US1005R.20010101050000.20191216000000.filterpack..pm25.52w.1w.US03L_filterpack_US1005.US03L_IMPROVE_Davis.lev2.nas
File creation:                20191218120310
Startdate:                    20010101050000
Revision date:                20191216000000
Statistics:                   arithmetic mean
Data level:                   2
Period code:                  52w
Resolution code:              1w
Station code:                 US1005R
Platform code:                US1005S
Station name:                 Chassahowitzka National Wildlife Refuge (FL05)
Station latitude:             28.7486
Station longitude:            -82.5551
Station altitude:             3.0 m
Regime:                       IMG
Component:                    
Matrix:                       pm25
Laboratory code:              US03L
Instrument type:              filterpack
Instrument name:              filterpack_US1005
Method ref:                   US03L_IMPROVE_Davis
starttime endtime Fe flag_Fe Pb flag_Pb Mg++ flag_Mg++ Ni flag_Ni NO3- flag_NO3- OC flag_OC OM flag_OM P flag_P PM10 flag_PM10 PM10-PM2.5 flag_PM10-PM2.5 PM2.5 flag_PM2.5 K+ flag_K+ SO4-- flag_SO4--
  0.208333   1.208333   27.35 0.000  9.33 0.000 9.999 0.259000 99.99 0.259000 0.121 0.000  4.538 0.000  6.354 0.000 99.99 0.259000  11.746 0.000   0.868 0.000  10.879 0.000 0.204 0.000  0.520 0.000
  3.208333   4.208333   40.93 0.000  1.56 0.000 9.999 0.259000  0.09 0.000000 0.136 0.000  2.314 0.000  3.240 0.000 99.99 0.259000  11.266 0.000   2.880 0.000   8.386 0.000 0.071 0.000  0.691 0.000
  6.208333   7.208333   34.53 0.000  1.69 0.000 9.999 0.259000 99.99 0.259000 0.156 0.000  2.201 0.000  3.082 0.000 99.99 0.259000   9.567 0.000   2.563 0.000   7.004 0.000 0.056 0.000  0.454 0.000
  9.208333  10.208333   33.55 0.000  1.36 0.000 0.046 0.000000  0.28 0.000000 0.129 0.000  1.953 0.000  2.734 0.000 99.99 0.259000   9.601 0.000   2.745 0.000   6.856 0.000 0.050 0.000  0.657 0.000
 12.208333  13.208333   17.05 0.000  1.32 0.000 9.999 0.259000  0.54 0.000000 0.133 0.000  1.859 0.000  2.602 0.000 99.99 0.259000  12.675 0.000   2.036 0.000  10.638 0.000 0.049 0.000  1.675 0.000
 15.208333  16.208333   25.59 0.000  1.38 0.000 9.999 0.259000  0.91 0.000000 0.192 0.000  1.733 0.000  2.426 0.000 99.99 0.259000  14.764 0.000   5.477 0.000   9.287 0.000 0.084 0.000  1.131 0.000
 18.208333  19.208333   20.76 0.000  1.77 0.000 9.999 0.259000  1.69 0.000000 0.150 0.000  1.240 0.000  1.735 0.000 99.99 0.259000  12.485 0.000   5.540 0.000   6.944 0.000 0.044 0.000  0.915 0.000
 21.208333  22.208333   19.56 0.000  1.77 0.000 9.999 0.259000  1.69 0.000000 0.112 0.000  2.259 0.000  3.163 0.000 99.99 0.259000  11.802 0.000   2.907 0.000   8.895 0.000 0.064 0.000  0.968 0.000
 24.208333  25.208333   40.60 0.000  2.16 0.000 9.999 0.259000 99.99 0.259000 0.210 0.000  2.831 0.000  3.964 0.000 99.99 0.259000  14.344 0.000   3.410 0.000  10.934 0.000 0.055 0.000  1.072 0.000
 27.208333  28.208333   29.34 0.000  1.10 0.000 9.999 0.259000  2.50 0.000000 0.074 0.000  2.639 0.000  3.694 0.000 99.99 0.259000  14.496 0.000   3.090 0.000  11.407 0.000 0.058 0.000  1.375 0.000
 30.208333  31.208333   17.81 0.000  1.26 0.000 9.999 0.259000  2.38 0.000000 0.053 0.000  1.375 0.000  1.925 0.000 99.99 0.259000   8.258 0.000   2.145 0.000   6.114 0.000 0.055 0.000  0.801 0.000
 33.208333  34.208333   28.97 0.000  2.65 0.000 9.999 0.259000  0.23 0.000000 0.100 0.000  2.462 0.000  3.447 0.000 99.99 0.259000  11.275 0.000   3.330 0.000   7.945 0.000 0.062 0.000  0.624 0.000
 36.208333  37.208333   30.03 0.000  1.71 0.000 9.999 0.259000 99.99 0.259000 0.071 0.000  4.098 0.000  5.737 0.000 99.99 0.259000  14.718 0.000   2.932 0.000  11.786 0.000 0.057 0.000  0.803 0.000
 39.208333  40.208333   42.57 0.000  0.82 0.000 9.999 0.259000  1.10 0.000000 0.236 0.000  2.171 0.000  3.039 0.000 99.99 0.259000  17.905 0.000   7.090 0.000  10.816 0.000 0.112 0.000  0.956 0.000
 42.208333  43.208333   14.51 0.000  0.78 0.000 9.999 0.259000  0.79 0.000000 0.257 0.000  0.920 0.000  1.288 0.000 99.99 0.259000  14.227 0.000   5.716 0.000   8.511 0.000 0.051 0.000  1.164 0.000
 45.208333  46.208333   44.07 0.000  0.59 0.000 9.999 0.259000  1.31 0.000000 0.158 0.000  1.032 0.000  1.445 0.000 99.99 0.259000  14.152 0.000   6.970 0.000   7.182 0.000 0.055 0.000  0.769 0.000
 48.208333  49.208333   27.93 0.000  2.34 0.000 9.999 0.259000  0.31 0.000000 0.119 0.000  1.317 0.000  1.844 0.000 99.99 0.259000  12.844 0.000   5.722 0.000   7.122 0.000 0.038 0.000  0.849 0.000
 51.208333  52.208333   44.06 0.559  1.25 0.559 9.999 0.559259  1.77 0.559000 0.245 0.559  4.609 0.000  6.452 0.000 99.99 0.559259  16.788 0.000   1.107 0.000  15.682 0.559 0.082 0.559  1.563 0.559
 54.208333  55.208333   18.38 0.559  0.75 0.559 9.999 0.559259  1.01 0.559000 0.144 0.559  1.644 0.000  2.302 0.000 99.99 0.559259  11.598 0.000   1.352 0.000  10.246 0.559 0.046 0.559  1.538 0.559
 57.208333  58.208333   20.78 0.559  0.68 0.559 9.999 0.559259  0.91 0.559000 0.112 0.559  1.249 0.000  1.748 0.000 99.99 0.559259 999.999 0.456 999.999 0.999   7.328 0.559 0.038 0.559  0.913 0.559
 60.208333  61.208333   15.83 0.000  0.89 0.000 9.999 0.259000  3.87 0.000000 0.095 0.000  0.393 0.000  0.550 0.000 99.99 0.259000  10.068 0.000   3.476 0.000   6.591 0.000 0.049 0.000  1.135 0.000
 63.208333  64.208333   19.10 0.000  2.07 0.000 9.999 0.259000  0.47 0.000000 0.156 0.000  0.840 0.000  1.176 0.000 99.99 0.259000  13.377 0.000   6.752 0.000   6.625 0.000 0.033 0.000  0.924 0.000
 66.208333  67.208333   42.25 0.000  1.74 0.000 9.999 0.259000  0.22 0.000000 0.083 0.000  3.077 0.000  4.307 0.000 99.99 0.259000  11.562 0.000   2.478 0.000   9.084 0.000 0.036 0.000  0.705 0.000
 69.208333  70.208333   22.93 0.000  0.67 0.000 9.999 0.259000  1.85 0.000000 0.155 0.000  1.822 0.000  2.550 0.000 99.99 0.259000  16.902 0.000   4.720 0.000  12.182 0.000 0.045 0.000  1.744 0.000
 72.208333  73.208333   32.93 0.000  0.74 0.000 9.999 0.259000  1.50 0.000000 0.081 0.000  1.451 0.000  2.032 0.000 99.99 0.259000  11.501 0.000   4.263 0.000   7.237 0.000 0.044 0.000  0.739 0.000
 75.208333  76.208333   46.72 0.000  0.96 0.000 9.999 0.259000 99.99 0.259000 0.038 0.000  1.448 0.000  2.027 0.000 99.99 0.259000  11.111 0.000   4.692 0.000   6.419 0.000 0.045 0.000  0.539 0.000
 78.208333  79.208333    8.47 0.000  0.39 0.000 9.999 0.259000 99.99 0.259000 0.098 0.559  0.557 0.000  0.780 0.000 99.99 0.259000  12.336 0.000   6.325 0.000   6.011 0.000 0.034 0.000  0.885 0.559
 81.208333  82.208333   60.01 0.000  2.06 0.000 9.999 0.259000  0.22 0.000000 0.076 0.000  1.983 0.000  2.776 0.000 99.99 0.259000  15.059 0.000   2.254 0.000  12.805 0.000 0.047 0.000  1.729 0.000
 84.208333  85.208333   59.20 0.000  3.76 0.000 9.999 0.259000  0.27 0.000000 0.077 0.000  1.952 0.000  2.733 0.000 99.99 0.259000  13.779 0.000   2.224 0.000  11.555 0.000 0.063 0.000  1.575 0.000
 87.208333  88.208333   48.77 0.000  0.72 0.000 9.999 0.259000  1.56 0.000000 0.080 0.559  1.151 0.000  1.611 0.000 99.99 0.259000  12.244 0.000   4.069 0.000   8.175 0.000 0.072 0.000  0.961 0.559
 90.208333  91.208333   23.02 0.000  1.37 0.000 9.999 0.259000 99.99 0.259000 0.067 0.559  1.202 0.000  1.683 0.000 99.99 0.259000  12.244 0.000   2.663 0.000   9.582 0.000 0.040 0.000  1.266 0.559
 93.208333  94.208333   50.03 0.000  1.43 0.000 9.999 0.259000  0.66 0.000000 0.126 0.000  0.949 0.000  1.328 0.000 99.99 0.259000  12.098 0.000   5.880 0.000   6.218 0.000 0.041 0.000  0.673 0.000
 96.208333  97.208333   30.68 0.000  1.43 0.000 9.999 0.259000  1.23 0.000000 0.168 0.000  6.792 0.000  9.509 0.000 99.99 0.259000  22.523 0.000   5.148 0.000  17.376 0.000 0.042 0.000  1.498 0.000
 99.208333 100.208333   24.71 0.000  0.99 0.000 9.999 0.259000  0.98 0.000000 0.086 0.000  1.143 0.000  1.601 0.000 99.99 0.259000  11.339 0.000   3.107 0.000   8.232 0.000 0.066 0.000  1.304 0.000
102.208333 103.208333   28.18 0.000  0.73 0.000 9.999 0.259000  2.15 0.000000 0.124 0.000  0.739 0.000  1.034 0.000 99.99 0.259000  11.780 0.000   5.130 0.000   6.650 0.000 0.046 0.000  0.901 0.000
105.208333 106.208333  169.93 0.000  1.09 0.000 9.999 0.259000 99.99 0.259000 0.093 0.000  1.533 0.000  2.146 0.000 99.99 0.259000  17.690 0.000   8.196 0.000   9.494 0.000 0.130 0.000  0.796 0.000
108.208333 109.208333  410.76 0.000  2.08 0.000 9.999 0.259000 99.99 0.259000 0.088 0.000  1.654 0.000  2.315 0.000 99.99 0.259000  28.911 0.000  14.555 0.000  14.356 0.000 0.190 0.000  1.019 0.000
111.208333 112.208333  174.75 0.000  4.97 0.000 9.999 0.259000  2.69 0.000000 0.162 0.000  1.017 0.000  1.424 0.000 99.99 0.259000  20.870 0.000  11.212 0.000   9.658 0.000 0.116 0.000  0.963 0.000
114.208333 115.208333   60.18 0.000  0.74 0.000 9.999 0.259000  1.22 0.000000 0.131 0.000  1.025 0.000  1.435 0.000 99.99 0.259000  12.107 0.000   4.398 0.000   7.710 0.000 0.073 0.000  0.922 0.000
117.208333 118.208333   81.40 0.000  1.88 0.000 9.999 0.259000  2.03 0.000000 0.079 0.000  1.524 0.000  2.134 0.000 99.99 0.259000  15.089 0.000   5.700 0.000   9.388 0.000 0.066 0.000  1.134 0.000
120.208333 121.208333   83.24 0.000  2.02 0.000 9.999 0.259000 99.99 0.259000 0.157 0.000  0.747 0.000  1.046 0.000 99.99 0.259000  20.624 0.000  11.826 0.000   8.799 0.000 0.085 0.000  0.901 0.000
123.208333 124.208333  124.80 0.000  1.79 0.000 9.999 0.259000  0.28 0.000000 0.132 0.000  0.556 0.000  0.778 0.000 99.99 0.259000  16.216 0.000   8.788 0.000   7.428 0.000 0.091 0.000  0.689 0.000
126.208333 127.208333   88.23 0.000  3.81 0.000 9.999 0.259000  0.39 0.000000 0.132 0.000  1.013 0.000  1.418 0.000 99.99 0.259000  16.870 0.000   4.672 0.000  12.198 0.000 0.083 0.000  1.872 0.000
129.208333 130.208333   46.73 0.000  1.44 0.000 9.999 0.259000  0.60 0.000000 0.110 0.000  0.787 0.000  1.102 0.000 99.99 0.259000  12.653 0.000   6.795 0.000   5.857 0.000 0.056 0.000  0.571 0.000
132.208333 133.208333   67.19 0.000  1.22 0.000 9.999 0.259000  1.57 0.000000 0.063 0.000  2.061 0.000  2.885 0.000 99.99 0.259000  17.307 0.000   3.567 0.000  13.740 0.000 0.059 0.000  1.801 0.000
135.208333 136.208333  115.62 0.000  2.07 0.000 9.999 0.259000  0.66 0.000000 0.058 0.000  2.681 0.000  3.753 0.000 99.99 0.259000  25.560 0.000   4.818 0.000  20.742 0.000 0.097 0.000  2.999 0.000
138.208333 139.208333   81.06 0.000  1.88 0.000 9.999 0.259000  0.50 0.000000 0.043 0.000  0.570 0.000  0.798 0.000 99.99 0.259000  10.944 0.000   3.643 0.000   7.301 0.000 0.052 0.000  1.093 0.000
141.208333 142.208333  148.49 0.000  0.93 0.000 9.999 0.259000  1.60 0.000000 0.108 0.000  0.959 0.000  1.342 0.000 99.99 0.259000  14.922 0.000   5.974 0.000   8.948 0.000 0.084 0.000  0.978 0.000
144.208333 145.208333   48.83 0.000  1.36 0.000 9.999 0.259000  3.43 0.000000 0.106 0.000  5.953 0.000  8.334 0.000 99.99 0.259000  27.382 0.000   5.411 0.000  21.971 0.000 0.048 0.000  2.360 0.000
147.208333 148.208333   40.57 0.000  0.89 0.000 9.999 0.259000  0.87 0.000000 0.063 0.000  1.092 0.000  1.529 0.000 99.99 0.259000   9.823 0.000   3.328 0.000   6.495 0.000 0.042 0.000  0.750 0.000
150.208333 151.208333   69.69 0.000  1.42 0.000 9.999 0.259000  0.48 0.000000 0.072 0.000  0.475 0.000  0.664 0.000 99.99 0.259000  13.234 0.000   6.290 0.000   6.944 0.000 0.051 0.000  0.920 0.000
153.208333 154.208333  135.85 0.000  2.11 0.000 9.999 0.259000  0.81 0.000000 0.081 0.000  0.361 0.000  0.505 0.000 99.99 0.259000  15.198 0.000   5.777 0.000   9.420 0.000 0.068 0.000  1.393 0.000
156.208333 157.208333   66.35 0.000  0.82 0.000 9.999 0.259000  2.64 0.000000 0.085 0.000  1.069 0.000  1.496 0.000 99.99 0.259000  13.374 0.000   5.987 0.000   7.388 0.000 0.102 0.000  0.873 0.000
159.208333 160.208333  171.81 0.000  0.83 0.000 9.999 0.259000  0.55 0.000000 0.066 0.000  0.417 0.000  0.584 0.000 99.99 0.259000  15.947 0.000   7.518 0.000   8.428 0.000 0.091 0.000  0.951 0.000
162.208333 163.208333  614.64 0.000  1.95 0.000 9.999 0.259000 99.99 0.259000 0.196 0.000  2.105 0.000  2.947 0.000 99.99 0.259000  49.048 0.000  24.914 0.000  24.134 0.000 0.255 0.000  1.279 0.000
165.208333 166.208333  294.82 0.000  0.95 0.000 9.999 0.259000  1.82 0.000000 0.158 0.000  1.862 0.000  2.607 0.000 99.99 0.259000  27.002 0.000  11.921 0.000  15.081 0.000 0.168 0.000  1.561 0.000
168.208333 169.208333   91.93 0.000  0.98 0.000 9.999 0.259000  1.38 0.000000 0.102 0.000  4.697 0.000  6.575 0.000 99.99 0.259000  23.197 0.000   4.699 0.000  18.499 0.000 0.137 0.000  1.792 0.000
171.208333 172.208333   61.43 0.000  0.51 0.000 9.999 0.259000  3.30 0.000000 0.046 0.000  1.018 0.000  1.425 0.000 99.99 0.259000  14.036 0.000   4.064 0.000   9.972 0.000 0.052 0.000  1.501 0.000
174.208333 175.208333   22.50 0.000  1.38 0.000 9.999 0.259000  0.52 0.000000 0.032 0.000  1.212 0.000  1.697 0.000 99.99 0.259000  11.440 0.000   4.971 0.000   6.470 0.000 0.039 0.000  0.738 0.000
177.208333 178.208333  117.22 0.000  0.94 0.000 9.999 0.259000  1.83 0.000000 0.077 0.000  4.311 0.000  6.035 0.000 99.99 0.259000  11.442 0.000   5.485 0.000   5.957 0.000 0.077 0.000  0.360 0.000
180.208333 181.208333   23.49 0.000  0.69 0.000 9.999 0.259000  0.52 0.000000 0.058 0.000  4.046 0.000  5.665 0.000 99.99 0.259000  11.934 0.000   7.388 0.000   4.546 0.000 0.050 0.000  0.351 0.000
183.208333 184.208333   10.73 0.000  0.75 0.000 9.999 0.259000  1.56 0.000000 0.064 0.000  0.949 0.000  1.329 0.000 99.99 0.259000  10.570 0.000   5.726 0.000   4.844 0.000 0.040 0.000  0.555 0.000
186.208333 187.208333   27.45 0.000  0.97 0.000 9.999 0.259000  1.00 0.000000 0.055 0.000  0.716 0.000  1.002 0.000 99.99 0.259000  19.499 0.000  12.436 0.000   7.064 0.000 0.071 0.000  1.118 0.000
189.208333 190.208333   14.54 0.000  0.47 0.000 9.999 0.259000  0.45 0.000000 0.053 0.000  0.792 0.000  1.109 0.000 99.99 0.259000  11.731 0.000   2.709 0.000   9.022 0.000 0.035 0.000  1.412 0.000
192.208333 193.208333   52.92 0.000  0.21 0.000 9.999 0.259000  0.32 0.000000 0.076 0.000  0.594 0.000  0.832 0.000 99.99 0.259000  14.628 0.000   8.186 0.000   6.442 0.000 0.048 0.000  0.790 0.000
195.208333 196.208333   19.37 0.000  1.38 0.000 9.999 0.259000  0.40 0.000000 0.062 0.000  1.725 0.000  2.416 0.000 99.99 0.259000  22.950 0.000   6.826 0.000  16.124 0.000 0.024 0.000  2.888 0.000
198.208333 199.208333  238.34 0.000  0.49 0.000 9.999 0.259000  0.80 0.000000 0.101 0.000  1.062 0.000  1.486 0.000 99.99 0.259000  19.651 0.000   9.175 0.000  10.476 0.000 0.123 0.000  1.034 0.000
201.208333 202.208333   16.74 0.000  0.36 0.000 9.999 0.259000 99.99 0.259000 0.038 0.000  1.091 0.000  1.527 0.000 99.99 0.259000  13.741 0.000   5.396 0.000   8.345 0.000 0.033 0.000  1.179 0.000
204.208333 205.208333  433.63 0.000  1.06 0.000 9.999 0.259000  1.97 0.000000 0.126 0.000  0.943 0.000  1.320 0.000 99.99 0.259000  26.913 0.000  13.179 0.000  13.734 0.000 0.170 0.000  0.702 0.000
207.208333 208.208333   66.45 0.000  0.87 0.000 9.999 0.259000  1.88 0.000000 0.122 0.000  1.753 0.000  2.454 0.000 99.99 0.259000 999.999 0.456 999.999 0.999   8.121 0.000 0.058 0.000  0.766 0.000
210.208333 211.208333  202.12 0.000  1.35 0.000 9.999 0.259000  0.89 0.000000 0.103 0.000  0.876 0.000  1.226 0.000 99.99 0.259000  20.388 0.000   7.721 0.000  12.667 0.000 0.085 0.000  1.713 0.000
213.208333 214.208333  543.23 0.394  1.10 0.394 9.999 0.394259  4.35 0.394000 0.132 0.394  0.900 0.000  1.261 0.000 99.99 0.394259  26.800 0.000  12.594 0.000  14.207 0.000 0.204 0.394  0.454 0.394
216.208333 217.208333  134.71 0.000  0.90 0.000 9.999 0.259000  3.02 0.000000 0.100 0.000  1.151 0.000  1.612 0.000 99.99 0.259000 999.999 0.456 999.999 0.999   9.299 0.000 0.065 0.000  1.142 0.000
219.208333 220.208333  120.01 0.000  1.52 0.000 9.999 0.259000  0.60 0.000000 0.062 0.000  1.738 0.000  2.433 0.000 99.99 0.259000  16.484 0.000   8.664 0.000   7.820 0.000 0.071 0.000  0.823 0.000
222.208333 223.208333  100.83 0.000  0.83 0.000 9.999 0.259000  1.39 0.000000 0.058 0.000  0.783 0.000  1.097 0.000 99.99 0.259000  12.975 0.000   4.805 0.000   8.170 0.000 0.051 0.000  1.271 0.000
225.208333 226.208333   78.26 0.000  1.06 0.000 9.999 0.259000  0.75 0.000000 0.047 0.000  0.681 0.000  0.953 0.000 99.99 0.259000  11.228 0.000   4.389 0.000   6.839 0.000 0.044 0.000  1.114 0.000
228.208333 229.208333   99.14 0.000  0.45 0.000 9.999 0.259000 99.99 0.259000 0.043 0.000  1.049 0.000  1.469 0.000 99.99 0.259000  14.254 0.000   8.551 0.000   5.703 0.000 0.061 0.000  0.532 0.000
231.208333 232.208333   95.80 0.000  1.19 0.000 9.999 0.259000  1.20 0.000000 0.066 0.000  0.686 0.000  0.960 0.000 99.99 0.259000  10.545 0.000   4.626 0.000   5.919 0.000 0.048 0.000  0.899 0.000
234.208333 235.208333   44.74 0.000  0.98 0.000 9.999 0.259000  4.04 0.000000 0.063 0.000  1.703 0.000  2.384 0.000 99.99 0.259000  15.469 0.000   6.913 0.000   8.556 0.000 0.045 0.000  1.217 0.000
237.208333 238.208333   27.19 0.000  2.66 0.000 9.999 0.259000  0.51 0.000000 0.034 0.000  3.700 0.000  5.180 0.000 99.99 0.259000  24.250 0.000   3.505 0.000  20.745 0.000 0.050 0.000  3.491 0.000
