scripts/IMPROVE-2019_partial/data/US1011R.20170101050000.20191216000000.filterpack...52w.3d.US03L_filterpack_US1011.US03L_IMPROVE_Davis.lev2.nas
52 1001
MISSING INFORMATION
US03L, IMPROVE, , , , , , , 
MISSING INFORMATION
IMPROVE sel_HTAP
1 1
2017 01 01 2019 12 16
3.000000
days from file reference point
5
1 1 1 1 1
999.999999 999.999 9.999 999.999 9.999
end_time of measurement, days from the file reference point
pm10_mass, ug/m3, Matrix=pm10
numflag pm10_mass, no unit, Matrix=pm10
pm25_mass, ug/m3, Matrix=pm25
numflag pm25_mass, no unit, Matrix=pm25
0
33
Data definition:              EBAS_1.1
Set type code:                TU
Timezone:                     UTC
File name:                    US1011R.20170101050000.20191216000000.filterpack...52w.3d.US03L_filterpack_US1011.US03L_IMPROVE_Davis.lev2.nas
File creation:                20191218120318
Startdate:                    20170101050000
Revision date:                20191216000000
Version:                      2
Version description:          "Data extracted from http://views.cira.colostate.edu/fed/DataWizard 2019-12-16"
Statistics:                   arithmetic mean
Data level:                   2
Period code:                  52w
Resolution code:              3d
Sample duration:              1d
Orig. time res.:              3d
Station code:                 US1011R
Platform code:                US1011S
Station name:                 Everglades National Park-Research Center (FL11)
Station latitude:             25.39
Station longitude:            -80.68
Station altitude:             2.0 m
Regime:                       IMG
Component:                    
Unit:                         ug/m3
Matrix:                       
Laboratory code:              US03L
Instrument type:              filterpack
Instrument name:              filterpack_US1011
Method ref:                   US03L_IMPROVE_Davis
Blank correction:             Blank corrected
Volume std. temperature:      ambient
Volume std. pressure:         ambient
starttime endtime PM10 flag_PM10 PM2.5 flag_PM2.5
  0.208333   1.208333  16.041 0.000   4.583 0.000
  3.208333   4.208333   4.370 0.000   2.546 0.000
  6.208333   7.208333   7.943 0.000   4.390 0.000
  9.208333  10.208333   6.582 0.000   2.129 0.000
 12.208333  13.208333  10.159 0.000   3.597 0.000
 15.208333  16.208333  10.677 0.000   3.881 0.000
 18.208333  19.208333  10.585 0.000   3.502 0.000
 21.208333  22.208333  24.479 0.000   8.382 0.000
 24.208333  25.208333   7.649 0.000   3.619 0.000
 27.208333  28.208333  16.508 0.000   9.254 0.000
 30.208333  31.208333  11.209 0.000   4.676 0.000
 33.208333  34.208333  11.382 0.000   4.738 0.000
 36.208333  37.208333  12.953 0.000   6.007 0.000
 39.208333  40.208333   9.477 0.000   5.450 0.000
 42.208333  43.208333  12.187 0.000   4.574 0.000
 45.208333  46.208333  13.743 0.000   7.799 0.000
 48.208333  49.208333  13.954 0.000   7.558 0.000
 51.208333  52.208333  40.549 0.000   6.678 0.000
 54.208333  55.208333   4.626 0.000   2.003 0.000
 57.208333  58.208333  25.015 0.000   6.830 0.000
 60.208333  61.208333  13.495 0.000   3.850 0.000
 63.208333  64.208333  21.786 0.000   4.933 0.000
 66.208333  67.208333  34.414 0.000   5.620 0.000
 69.208333  70.208333  14.007 0.000   6.167 0.000
 72.208333  73.208333   8.726 0.000   3.001 0.000
 75.208333  76.208333  10.003 0.000   5.049 0.000
 78.208333  79.208333  13.663 0.000   4.769 0.000
 81.208333  82.208333  29.864 0.000  24.337 0.000
 84.208333  85.208333  13.690 0.000   5.792 0.000
 87.208333  88.208333  17.292 0.000 999.999 0.456
 90.208333  91.208333  17.378 0.000 999.999 0.456
 93.208333  94.208333  18.431 0.000 999.999 0.456
 96.208333  97.208333  12.526 0.000   3.827 0.000
 99.208333 100.208333  14.371 0.000   5.015 0.000
102.208333 103.208333  11.774 0.000   4.248 0.000
105.208333 106.208333  21.112 0.000   7.311 0.000
108.208333 109.208333  16.842 0.000   4.998 0.000
111.208333 112.208333  26.497 0.000   5.095 0.000
114.208333 115.208333 999.999 0.999 999.999 0.999
117.208333 118.208333 999.999 0.999 999.999 0.999
120.208333 121.208333 999.999 0.999 999.999 0.999
123.208333 124.208333 999.999 0.999 999.999 0.999
126.208333 127.208333 999.999 0.999 999.999 0.999
129.208333 130.208333 999.999 0.999 999.999 0.999
132.208333 133.208333 999.999 0.999 999.999 0.999
135.208333 136.208333 999.999 0.999 999.999 0.999
138.208333 139.208333  14.675 0.000  13.327 0.000
141.208333 142.208333   6.188 0.000   4.912 0.000
144.208333 145.208333  28.590 0.000  20.932 0.000
147.208333 148.208333  14.192 0.000  11.047 0.000
150.208333 151.208333   8.378 0.000   5.311 0.000
153.208333 154.208333   6.510 0.000   4.479 0.000
156.208333 157.208333  10.734 0.000   6.750 0.000
159.208333 160.208333   5.912 0.000   4.594 0.000
162.208333 163.208333   6.075 0.000   4.239 0.000
165.208333 166.208333   7.274 0.000   4.277 0.000
168.208333 169.208333   9.749 0.000   6.424 0.000
171.208333 172.208333  19.145 0.000  10.239 0.000
174.208333 175.208333   8.099 0.000   5.335 0.000
177.208333 178.208333   4.757 0.000   2.922 0.000
180.208333 181.208333   6.846 0.000   3.677 0.000
183.208333 184.208333  13.113 0.000   7.165 0.000
186.208333 187.208333   7.523 0.000   3.770 0.000
189.208333 190.208333   9.031 0.000   5.322 0.000
192.208333 193.208333   5.187 0.000   2.887 0.000
195.208333 196.208333   7.742 0.000   3.940 0.000
198.208333 199.208333  10.004 0.000   5.878 0.000
201.208333 202.208333  13.153 0.000   7.350 0.000
204.208333 205.208333  13.313 0.000   6.803 0.000
207.208333 208.208333   6.550 0.000   3.367 0.000
210.208333 211.208333   8.206 0.000   5.328 0.000
213.208333 214.208333  11.309 0.000   6.376 0.000
216.208333 217.208333  21.422 0.000   9.009 0.000
219.208333 220.208333  10.293 0.000   3.938 0.000
222.208333 223.208333   6.654 0.000   3.296 0.000
225.208333 226.208333   5.782 0.000   2.848 0.000
228.208333 229.208333  11.009 0.000   5.134 0.000
231.208333 232.208333  13.303 0.000   6.556 0.000
234.208333 235.208333   4.315 0.000   2.090 0.000
237.208333 238.208333   6.484 0.000   3.304 0.000
240.208333 241.208333  12.499 0.000   6.516 0.000
243.208333 244.208333   9.680 0.000   5.081 0.000
246.208333 247.208333  14.481 0.000   6.995 0.000
249.208333 250.208333 999.999 0.456   2.734 0.000
252.208333 253.208333 999.999 0.999 999.999 0.999
255.208333 256.208333 999.999 0.999 999.999 0.999
258.208333 259.208333 999.999 0.999 999.999 0.999
261.208333 262.208333 999.999 0.999 999.999 0.999
264.208333 265.208333   6.112 0.000   3.840 0.000
267.208333 268.208333   8.120 0.000   4.906 0.000
270.208333 271.208333 999.999 0.999 999.999 0.999
273.208333 274.208333 999.999 0.999 999.999 0.999
276.208333 277.208333 999.999 0.999 999.999 0.999
279.208333 280.208333 999.999 0.999 999.999 0.999
282.208333 283.208333 999.999 0.999 999.999 0.999
285.208333 286.208333   7.118 0.000   3.887 0.000
288.208333 289.208333   5.835 0.000   3.094 0.000
291.208333 292.208333   6.620 0.000   3.135 0.000
294.208333 295.208333  34.903 0.000  16.772 0.000
297.208333 298.208333   9.293 0.000   3.575 0.000
300.208333 301.208333  12.045 0.000   4.961 0.000
303.208333 304.208333  10.544 0.000   3.548 0.000
306.208333 307.208333  10.991 0.000   3.659 0.000
309.208333 310.208333   7.204 0.000   3.689 0.000
312.208333 313.208333 999.999 0.999 999.999 0.999
315.208333 316.208333 999.999 0.999 999.999 0.999
318.208333 319.208333   6.905 0.000   3.135 0.000
321.208333 322.208333  11.057 0.000   4.446 0.000
324.208333 325.208333   6.730 0.000   2.579 0.000
327.208333 328.208333   5.252 0.000   2.656 0.000
330.208333 331.208333  10.018 0.000   5.457 0.000
333.208333 334.208333  14.784 0.000   4.743 0.000
336.208333 337.208333  12.185 0.000   5.461 0.000
339.208333 340.208333  11.236 0.000   3.611 0.000
342.208333 343.208333   6.653 0.000   2.382 0.000
345.208333 346.208333 999.999 0.456   4.040 0.000
348.208333 349.208333   4.144 0.000   2.371 0.000
351.208333 352.208333 999.999 0.456   4.472 0.000
354.208333 355.208333   6.616 0.000   4.068 0.000
357.208333 358.208333   4.763 0.000   2.826 0.000
360.208333 361.208333   9.121 0.000   3.794 0.000
363.208333 364.208333   5.562 0.000   3.599 0.000
