scripts/IMPROVE-2019_partial/data/US1011R.20040101050000.20191216000000.filterpack..pm25.52w.1w.US03L_filterpack_US1011.US03L_IMPROVE_Davis.lev2.nas
68 1001
MISSING INFORMATION
US03L, IMPROVE, , , , , , , 
MISSING INFORMATION
IMPROVE sel_HTAP
1 1
2004 01 01 2019 12 16
3.000000
days from file reference point
29
1 1 1 1 1 1 1 1 1 1 1 1 1 1 1 1 1 1 1 1 1 1 1 1 1 1 1 1 1
999.999999 99.999 9.999 9999.99 9.999 999.99 9.999 9.999 9.999999 99.99 9.999 9.999 9.999 999.999 9.999 999.999 9.999 999.99 9.999999 999.999 9.999 999.999 9.999 999.999 9.999 99.999 9.999 99.999 9.999
end_time of measurement, days from the file reference point
ammonium, ug N/m3, Revision date=20181210133000
numflag ammonium, no unit, Revision date=20181210133000
iron, ng/m3, Revision date=20181210133000
numflag iron, no unit, Revision date=20181210133000
lead, ng/m3, Revision date=20181210133000
numflag lead, no unit, Revision date=20181210133000
magnesium, ug/m3, Revision date=20181210133000
numflag magnesium, no unit, Revision date=20181210133000
nickel, ng/m3, Revision date=20181210133000
numflag nickel, no unit, Revision date=20181210133000
nitrate, ug N/m3, Revision date=20181210133000
numflag nitrate, no unit, Revision date=20181210133000
organic_carbon, ug C/m3, Revision date=20181210133000
numflag organic_carbon, no unit, Revision date=20181210133000
organic_mass, ug/m3, Revision date=20181210133000
numflag organic_mass, no unit, Revision date=20181210133000
phosphorus, ng/m3, Revision date=20181210133000
numflag phosphorus, no unit, Revision date=20181210133000
pm10_mass, ug/m3, Version=2, Version description=Data extracted from http://views.cira.colostate.edu/fed/DataWizard 2019-12-16, Sample duration=1d, Orig. time res.=3d, Matrix=pm10, Blank correction=Blank corrected, Volume std. temperature=ambient, Volume std. pressure=ambient
numflag pm10_mass, no unit, Version=2, Version description=Data extracted from http://views.cira.colostate.edu/fed/DataWizard 2019-12-16, Sample duration=1d, Orig. time res.=3d, Matrix=pm10, Blank correction=Blank corrected, Volume std. temperature=ambient, Volume std. pressure=ambient
pm10_pm25_mass, ug/m3, Revision date=20181210133000, Matrix=pm10_pm25
numflag pm10_pm25_mass, no unit, Revision date=20181210133000, Matrix=pm10_pm25
pm25_mass, ug/m3, Version=2, Version description=Data extracted from http://views.cira.colostate.edu/fed/DataWizard 2019-12-16, Sample duration=1d, Orig. time res.=3d, Blank correction=Blank corrected, Volume std. temperature=ambient, Volume std. pressure=ambient
numflag pm25_mass, no unit, Version=2, Version description=Data extracted from http://views.cira.colostate.edu/fed/DataWizard 2019-12-16, Sample duration=1d, Orig. time res.=3d, Blank correction=Blank corrected, Volume std. temperature=ambient, Volume std. pressure=ambient
potassium, ug/m3, Revision date=20181210133000
numflag potassium, no unit, Revision date=20181210133000
sulphate_total, ug S/m3, Revision date=20181210133000
numflag sulphate_total, no unit, Revision date=20181210133000
0
25
Data definition:              EBAS_1.1
Set type code:                TU
Timezone:                     UTC
File name:                    US1011R.20040101050000.20191216000000.filterpack..pm25.52w.1w.US03L_filterpack_US1011.US03L_IMPROVE_Davis.lev2.nas
File creation:                20191218120316
Startdate:                    20040101050000
Revision date:                20191216000000
Statistics:                   arithmetic mean
Data level:                   2
Period code:                  52w
Resolution code:              1w
Station code:                 US1011R
Platform code:                US1011S
Station name:                 Everglades National Park-Research Center (FL11)
Station latitude:             25.39
Station longitude:            -80.68
Station altitude:             2.0 m
Regime:                       IMG
Component:                    
Matrix:                       pm25
Laboratory code:              US03L
Instrument type:              filterpack
Instrument name:              filterpack_US1011
Method ref:                   US03L_IMPROVE_Davis
starttime endtime NH4+ flag_NH4+ Fe flag_Fe Pb flag_Pb Mg++ flag_Mg++ Ni flag_Ni NO3- flag_NO3- OC flag_OC OM flag_OM P flag_P PM10 flag_PM10 PM10-PM2.5 flag_PM10-PM2.5 PM2.5 flag_PM2.5 K+ flag_K+ SO4-- flag_SO4--
  0.208333   1.208333  0.032 0.559   45.39 0.000  26.66 0.000 0.219 0.000000  0.10 0.000 0.195 0.559   1.364 0.000   1.909 0.000 999.99 0.259000  18.179 0.000   3.231 0.000  14.948 0.000  2.629 0.000  1.263 0.559
  3.208333   4.208333  0.164 0.559    3.50 0.000   0.50 0.000 0.031 0.000000  0.84 0.000 0.063 0.559   0.371 0.000   0.520 0.000 999.99 0.259000   6.402 0.000   3.309 0.000   3.093 0.000  0.020 0.000  0.385 0.559
  6.208333   7.208333  0.569 0.559   13.44 0.000   0.55 0.000 9.999 0.259000  0.78 0.000 0.146 0.559   0.994 0.000   1.392 0.000 999.99 0.259000  14.721 0.000   7.422 0.000   7.299 0.000  0.114 0.000  1.026 0.559
  9.208333  10.208333  0.469 0.000    3.85 0.000   0.38 0.000 9.999 0.259000  0.48 0.000 0.054 0.000   1.010 0.000   1.413 0.000 999.99 0.259000   6.837 0.000   1.409 0.000   5.427 0.000  0.056 0.000  0.869 0.000
 12.208333  13.208333  0.343 0.000   11.05 0.000   0.47 0.000 0.086 0.000000  1.17 0.000 0.073 0.000   0.699 0.000   0.979 0.000 999.99 0.259000   6.648 0.000   2.499 0.000   4.149 0.000  0.034 0.000  0.560 0.000
 15.208333  16.208333  0.982 0.000   17.23 0.000   1.17 0.000 9.999 0.259000  0.26 0.000 0.072 0.000   1.231 0.000   1.723 0.000 999.99 0.259000  10.078 0.000   0.603 0.000   9.475 0.000  0.043 0.000  1.375 0.000
 18.208333  19.208333  0.442 0.394    3.51 0.394   0.27 0.394 0.071 0.394000  0.42 0.394 0.057 0.394   0.650 0.000   0.911 0.000 999.99 0.394259   6.537 0.000   1.866 0.000   4.672 0.000  0.033 0.394  0.790 0.394
 21.208333  22.208333  1.092 0.559   24.11 0.000   1.78 0.000 0.053 0.000000  0.54 0.000 0.167 0.559   2.213 0.000   3.098 0.000 999.99 0.259000  13.198 0.000   1.430 0.000  11.768 0.000  0.071 0.000  1.373 0.559
 24.208333  25.208333  0.455 0.559   11.21 0.000   1.23 0.000 9.999 0.259000  0.58 0.000 0.063 0.559   2.116 0.000   2.963 0.000 999.99 0.259000   9.737 0.000   1.950 0.000   7.787 0.000  0.101 0.000  0.798 0.559
 27.208333  28.208333  0.224 0.559   20.06 0.000   0.70 0.000 9.999 0.259000  0.30 0.000 0.119 0.559   1.460 0.000   2.044 0.000 999.99 0.259000   9.259 0.000   3.784 0.000   5.475 0.000  0.152 0.000  0.336 0.559
 30.208333  31.208333  0.347 0.559    6.78 0.000   0.74 0.000 9.999 0.259000  0.61 0.000 0.183 0.559   0.818 0.000   1.145 0.000 999.99 0.259000   4.955 0.000   1.424 0.000   3.531 0.000  0.044 0.000  0.389 0.559
 33.208333  34.208333  0.312 0.559    7.81 0.000   1.18 0.000 0.030 0.000000  0.80 0.000 0.064 0.559   1.194 0.000   1.672 0.000 999.99 0.259000   7.953 0.000   2.404 0.000   5.549 0.000  0.097 0.000  0.676 0.559
 36.208333  37.208333  0.054 0.000    1.69 0.000   0.24 0.000 9.999 0.259000  0.41 0.000 0.050 0.000   0.412 0.000   0.577 0.000 999.99 0.259000   9.137 0.000   5.475 0.000   3.663 0.000  0.031 0.000  0.274 0.000
 39.208333  40.208333  0.526 0.559    8.09 0.000   1.12 0.000 9.999 0.259000  0.50 0.000 0.080 0.559   0.655 0.000   0.916 0.000 999.99 0.259000  12.289 0.000   5.634 0.000   6.655 0.000  0.034 0.000  1.074 0.559
 42.208333  43.208333  0.095 0.559    2.53 0.000   0.31 0.000 9.999 0.259000  0.74 0.000 0.052 0.559   0.459 0.000   0.642 0.000 999.99 0.259000   7.164 0.000   3.983 0.000   3.180 0.000  0.030 0.000  0.297 0.559
 45.208333  46.208333  0.223 0.559    6.48 0.000   0.27 0.000 0.031 0.000000  1.29 0.000 0.069 0.559   1.020 0.000   1.427 0.000 999.99 0.259000  10.490 0.000   4.340 0.000   6.150 0.000  0.100 0.000  0.631 0.559
 48.208333  49.208333  1.370 0.000   14.43 0.000   1.15 0.000 9.999 0.259000  0.50 0.000 0.063 0.000   1.735 0.000   2.428 0.000 999.99 0.259000  13.816 0.000   2.019 0.000  11.797 0.000  0.112 0.000  1.868 0.000
 51.208333  52.208333  0.612 0.000    7.08 0.000   0.76 0.000 9.999 0.259000  0.48 0.000 0.067 0.000   1.136 0.000   1.590 0.000 999.99 0.259000  11.416 0.000   3.060 0.000   8.357 0.000  0.094 0.000  1.289 0.000
 54.208333  55.208333  0.460 0.559   13.25 0.000   0.73 0.000 0.076 0.000000  0.95 0.000 0.063 0.559   1.395 0.000   1.953 0.000 999.99 0.259000  12.613 0.000   3.677 0.000   8.936 0.000  0.162 0.000  1.156 0.559
 57.208333  58.208333  0.397 0.559    5.64 0.000   0.62 0.000 9.999 0.259000  0.46 0.000 0.040 0.559   0.592 0.000   0.829 0.000 999.99 0.259000   7.490 0.000   1.888 0.000   5.602 0.000  0.022 0.000  0.939 0.559
 60.208333  61.208333  0.104 0.000    8.12 0.000   1.46 0.000 9.999 0.259000  0.50 0.000 0.098 0.000   0.288 0.000   0.403 0.000 999.99 0.259000  13.634 0.000   8.528 0.000   5.106 0.000  0.041 0.000  0.353 0.000
 63.208333  64.208333  0.129 0.000    8.02 0.000   0.85 0.000 0.060 0.000000  0.53 0.000 0.105 0.000   0.365 0.000   0.511 0.000 999.99 0.259000  14.876 0.000   9.162 0.000   5.714 0.000  0.044 0.000  0.474 0.000
 66.208333  67.208333  0.408 0.000   10.45 0.000   0.93 0.000 0.064 0.000000  0.55 0.000 0.112 0.000   0.830 0.000   1.162 0.000 999.99 0.259000  11.868 0.000   4.539 0.000   7.329 0.000  0.106 0.000  1.068 0.000
 69.208333  70.208333  0.391 0.000   25.34 0.000   0.96 0.000 9.999 0.259000 99.99 0.259 0.064 0.000   2.435 0.000   3.408 0.000 999.99 0.259000  11.162 0.000   3.011 0.000   8.151 0.000  0.117 0.000  0.654 0.000
 72.208333  73.208333  0.893 0.000   26.28 0.000   1.16 0.000 9.999 0.259000  1.23 0.000 0.100 0.000   1.327 0.000   1.858 0.000 999.99 0.259000  12.683 0.000   3.847 0.000   8.836 0.000  0.050 0.000  1.456 0.000
 75.208333  76.208333  0.260 0.000   12.45 0.000   0.27 0.000 9.999 0.259000  0.55 0.000 0.084 0.000   0.562 0.000   0.786 0.000  35.58 0.000000  12.389 0.000   5.871 0.000   6.518 0.000  0.085 0.000  0.816 0.000
 78.208333  79.208333  0.326 0.000   40.10 0.000   1.27 0.000 9.999 0.259000  0.47 0.000 0.177 0.000   1.251 0.000   1.751 0.000 999.99 0.259000  12.610 0.000   6.310 0.000   6.300 0.000  0.055 0.000  0.620 0.000
 81.208333  82.208333  0.947 0.000   39.48 0.000   1.47 0.000 9.999 0.259000  1.36 0.000 0.139 0.000   1.966 0.000   2.752 0.000 999.99 0.259000  15.065 0.000   3.966 0.000  11.099 0.000  0.096 0.000  1.556 0.000
 84.208333  85.208333  0.078 0.000   11.52 0.000   0.65 0.000 9.999 0.259000  0.62 0.000 0.064 0.000   0.368 0.000   0.515 0.000 999.99 0.259000   9.466 0.000   5.364 0.000   4.102 0.000  0.040 0.000  0.257 0.000
 87.208333  88.208333  0.263 0.000   12.66 0.000   1.26 0.000 9.999 0.259000  0.63 0.000 0.116 0.000   0.772 0.000   1.081 0.000 999.99 0.259000   9.700 0.000   4.677 0.000   5.024 0.000  0.041 0.000  0.477 0.000
 90.208333  91.208333 99.999 0.999 9999.99 0.999 999.99 0.999 9.999 0.999000 99.99 0.999 9.999 0.999 999.999 0.999 999.999 0.999 999.99 0.999000 999.999 0.999 999.999 0.999 999.999 0.999 99.999 0.999 99.999 0.999
 93.208333  94.208333  0.862 0.000   22.18 0.000   1.23 0.000 0.070 0.000000  0.14 0.000 0.057 0.000   1.633 0.000   2.287 0.000 999.99 0.259000  11.184 0.000   2.357 0.000   8.828 0.000  0.034 0.000  1.194 0.000
 96.208333  97.208333  1.011 0.000   53.65 0.000   3.41 0.000 9.999 0.259000  0.84 0.000 0.076 0.000   2.015 0.000   2.822 0.000 999.99 0.259000  15.669 0.000   4.337 0.000  11.333 0.000  0.087 0.000  1.419 0.000
 99.208333 100.208333  1.808 0.000   39.84 0.000   1.60 0.000 9.999 0.259000  2.18 0.000 0.066 0.000   3.896 0.000   5.454 0.000 999.99 0.259000  24.530 0.000   1.412 0.000  23.118 0.000  0.325 0.000  3.285 0.000
102.208333 103.208333  0.976 0.000   19.61 0.000   0.80 0.000 9.999 0.259000  1.17 0.000 0.104 0.000   1.748 0.000   2.446 0.000 999.99 0.259000  13.150 0.000   2.897 0.000  10.253 0.000  0.147 0.000  1.421 0.000
105.208333 106.208333  0.744 0.000   38.53 0.000   2.27 0.000 9.999 0.259000  0.32 0.000 0.085 0.000   1.200 0.000   1.679 0.000 999.99 0.259000  11.925 0.000   4.427 0.000   7.499 0.000  0.041 0.000  0.938 0.000
108.208333 109.208333  0.329 0.000   41.29 0.000   1.51 0.000 9.999 0.259000  0.43 0.000 0.107 0.000   0.460 0.000   0.644 0.000 999.99 0.259000  12.719 0.000   7.351 0.000   5.369 0.000  0.046 0.000  0.610 0.000
111.208333 112.208333  0.402 0.000   52.78 0.000   1.39 0.000 9.999 0.259000  0.30 0.000 0.115 0.000   0.896 0.000   1.255 0.000 999.99 0.259000  11.659 0.000   5.039 0.000   6.621 0.000  0.066 0.000  0.761 0.000
114.208333 115.208333  0.339 0.000   20.67 0.000   0.98 0.000 9.999 0.259000  0.50 0.000 0.095 0.000   0.536 0.000   0.751 0.000 999.99 0.259000  10.563 0.000   4.420 0.000   6.143 0.000  0.049 0.000  0.900 0.000
117.208333 118.208333  0.156 0.000   17.29 0.000   0.46 0.000 9.999 0.259000  0.35 0.000 0.129 0.000   5.021 0.000   7.029 0.000 999.99 0.259000  15.421 0.000   2.870 0.000  12.552 0.000  0.556 0.000  0.505 0.000
120.208333 121.208333  0.081 0.000   15.19 0.000 999.99 0.259 0.079 0.000000  0.73 0.000 0.058 0.000   0.298 0.000   0.418 0.000 999.99 0.259000  10.141 0.000   5.333 0.000   4.808 0.000  0.045 0.000  0.402 0.000
123.208333 124.208333  0.109 0.000   14.16 0.000   0.64 0.000 9.999 0.259000  0.36 0.000 0.059 0.000   0.410 0.000   0.574 0.000 999.99 0.259000  11.354 0.000   6.182 0.000   5.171 0.000  0.059 0.000  0.489 0.000
126.208333 127.208333  1.035 0.559   28.23 0.000   1.59 0.000 9.999 0.259000  0.48 0.000 0.127 0.559   9.863 0.000  13.809 0.000 999.99 0.259000  26.896 0.000   4.341 0.000  22.555 0.000  0.091 0.000  1.347 0.559
129.208333 130.208333  1.857 0.000   29.29 0.000   1.47 0.000 9.999 0.259000  0.60 0.000 0.111 0.000  17.134 0.000  23.987 0.000 999.99 0.259000  42.409 0.000   6.304 0.000  36.105 0.000  0.061 0.000  2.266 0.000
132.208333 133.208333  0.521 0.559   64.15 0.000   1.24 0.000 9.999 0.259000  0.42 0.000 0.121 0.559   2.138 0.000   2.993 0.000 999.99 0.259000  22.854 0.000  11.654 0.000  11.200 0.000  0.088 0.000  1.162 0.559
135.208333 136.208333  0.245 0.559   15.68 0.000   0.34 0.000 9.999 0.259000  0.61 0.000 0.105 0.559  15.027 0.000  21.038 0.000 999.99 0.259000  34.277 0.000   7.010 0.000  27.267 0.000  0.062 0.000  0.525 0.559
138.208333 139.208333  0.908 0.000   31.75 0.000   0.67 0.000 9.999 0.259000  0.47 0.000 0.132 0.000  14.945 0.000  20.923 0.000 999.99 0.259000  37.255 0.000   7.579 0.000  29.676 0.000  0.057 0.000  1.339 0.000
141.208333 142.208333  0.779 0.000   18.06 0.000   0.62 0.000 0.035 0.000000  0.96 0.000 0.085 0.000   5.373 0.000   7.522 0.000 999.99 0.259000  17.085 0.000   3.994 0.000  13.091 0.000  0.036 0.000  1.093 0.000
144.208333 145.208333  0.471 0.000   24.56 0.000   1.00 0.000 9.999 0.259000  0.57 0.000 0.120 0.000  10.003 0.000  14.004 0.000 999.99 0.259000  24.214 0.000   5.735 0.000  18.479 0.000  0.050 0.000  0.660 0.000
147.208333 148.208333  0.427 0.000   24.14 0.000   0.60 0.000 9.999 0.259000  0.70 0.000 0.077 0.000   0.666 0.000   0.933 0.000 999.99 0.259000   7.127 0.000   2.104 0.000   5.024 0.000  0.030 0.000  0.761 0.000
150.208333 151.208333  0.401 0.000   13.78 0.000   0.50 0.000 0.068 0.000000  1.09 0.000 0.065 0.000   0.969 0.000   1.356 0.000 999.99 0.259000   6.871 0.000   1.923 0.000   4.947 0.000  0.028 0.000  0.725 0.000
153.208333 154.208333  0.280 0.000   51.74 0.699   0.73 0.699 9.999 0.699259  0.59 0.699 0.428 0.000   8.824 0.000  12.353 0.000 999.99 0.699259  25.425 0.000   1.746 0.000  23.679 0.699  2.089 0.699  1.158 0.000
156.208333 157.208333  0.123 0.000   29.21 0.000   0.46 0.000 9.999 0.259000  0.23 0.000 0.064 0.000   0.590 0.000   0.826 0.000 999.99 0.259000   6.542 0.000   3.189 0.000   3.353 0.000  0.027 0.000  0.293 0.000
159.208333 160.208333  0.149 0.000   29.87 0.000   0.40 0.000 9.999 0.259000  0.87 0.000 0.079 0.000   1.484 0.000   2.078 0.000 999.99 0.259000  11.043 0.000   5.165 0.000   5.878 0.000  0.119 0.000  0.390 0.000
162.208333 163.208333  0.097 0.000  373.68 0.000   0.44 0.000 0.082 0.000000  0.22 0.000 0.087 0.000   0.576 0.000   0.806 0.000 999.99 0.259000  24.030 0.000  13.346 0.000  10.684 0.000  0.142 0.000  0.434 0.000
165.208333 166.208333  0.120 0.000  415.46 0.000 999.99 0.259 0.214 0.000000  0.55 0.000 0.109 0.000   0.957 0.000   1.340 0.000 999.99 0.259000  22.200 0.000  11.035 0.000  11.165 0.000  0.144 0.000  0.537 0.000
168.208333 169.208333  0.124 0.000   22.50 0.000   0.96 0.000 9.999 0.259000  1.09 0.000 0.085 0.000   0.574 0.000   0.803 0.000 999.99 0.259000   7.979 0.000   4.095 0.000   3.884 0.000  0.029 0.000  0.412 0.000
171.208333 172.208333  0.210 0.000  441.56 0.000   0.77 0.000 9.999 0.259000  0.29 0.000 0.086 0.000   0.492 0.000   0.689 0.000 999.99 0.259000  19.393 0.000   8.561 0.000  10.832 0.000  0.125 0.000  0.534 0.000
174.208333 175.208333  0.143 0.000  625.96 0.000   1.82 0.000 9.999 0.259000  0.51 0.000 0.105 0.000   0.724 0.000   1.013 0.000 999.99 0.259000  31.175 0.000  16.485 0.000  14.690 0.000  0.207 0.000  0.606 0.000
177.208333 178.208333  0.115 0.000  461.42 0.000   1.14 0.000 9.999 0.259000  0.22 0.000 0.097 0.000   0.618 0.000   0.865 0.000 999.99 0.259000  26.780 0.000  15.067 0.000  11.713 0.000  0.161 0.000  0.485 0.000
180.208333 181.208333  0.118 0.000 9999.99 0.456 999.99 0.456 9.999 0.456000 99.99 0.456 0.079 0.000   0.633 0.000   0.886 0.000 999.99 0.456000   9.331 0.000 999.999 0.999 999.999 0.456 99.999 0.456  0.368 0.000
183.208333 184.208333  0.215 0.000   28.03 0.000 999.99 0.259 9.999 0.259000  0.97 0.000 0.065 0.000   0.605 0.000   0.847 0.000 999.99 0.259000   6.280 0.000   2.107 0.000   4.173 0.000  0.061 0.000  0.554 0.000
186.208333 187.208333  0.081 0.000  190.60 0.000   6.35 0.000 9.999 0.259000  0.43 0.000 0.096 0.000   0.792 0.000   1.109 0.000 999.99 0.259000  19.143 0.000   9.934 0.000   9.210 0.000  0.563 0.000  0.625 0.000
189.208333 190.208333  0.132 0.000  447.40 0.000   0.86 0.000 9.999 0.259000  0.17 0.000 0.092 0.000   0.775 0.000   1.085 0.000 999.99 0.259000  26.786 0.000  15.549 0.000  11.236 0.000  0.147 0.000  0.398 0.000
192.208333 193.208333  0.294 0.000 9999.99 0.699 999.99 0.699 9.999 0.699000 99.99 0.699 0.310 0.000  14.280 0.000  19.992 0.000 999.99 0.699000 999.999 0.699 999.999 0.999 999.999 0.699 99.999 0.699  0.957 0.000
195.208333 196.208333  0.150 0.000  196.94 0.000   0.46 0.000 9.999 0.259000  0.19 0.000 0.059 0.000   1.203 0.000   1.684 0.000 999.99 0.259000  18.137 0.000  11.400 0.000   6.737 0.000  0.094 0.000  0.428 0.000
198.208333 199.208333  0.246 0.000   30.45 0.000   0.26 0.000 9.999 0.259000  0.57 0.000 0.047 0.000   1.059 0.000   1.483 0.000 999.99 0.259000  11.317 0.000   5.989 0.000   5.328 0.000  0.032 0.000  0.677 0.000
201.208333 202.208333  0.078 0.000   34.36 0.000   0.20 0.000 9.999 0.259000  0.19 0.000 0.034 0.000   0.740 0.000   1.036 0.000 999.99 0.259000  10.147 0.000   6.604 0.000   3.543 0.000  0.031 0.000  0.332 0.000
204.208333 205.208333  1.199 0.000   32.44 0.000   1.06 0.000 0.065 0.000000  1.47 0.000 0.043 0.000   2.745 0.000   3.843 0.000 999.99 0.259000  21.857 0.000   6.079 0.000  15.777 0.000  0.065 0.000  2.386 0.000
207.208333 208.208333  0.067 0.000   91.99 0.000   0.54 0.000 0.063 0.000000  0.40 0.000 0.047 0.000   1.345 0.000   1.883 0.000  30.01 0.000000  16.228 0.000  10.745 0.000   5.482 0.000  0.072 0.000  0.338 0.000
210.208333 211.208333  0.055 0.000   78.43 0.000   0.55 0.000 9.999 0.259000 99.99 0.259 0.038 0.000   0.858 0.000   1.202 0.000 999.99 0.259000  10.234 0.000   6.449 0.000   3.785 0.000  0.039 0.000  0.240 0.000
213.208333 214.208333 99.999 0.999 9999.99 0.999 999.99 0.999 9.999 0.999000 99.99 0.999 9.999 0.999 999.999 0.999 999.999 0.999 999.99 0.999000 999.999 0.999 999.999 0.999 999.999 0.999 99.999 0.999 99.999 0.999
216.208333 217.208333  0.149 0.000  182.38 0.000   0.43 0.000 0.058 0.000000  0.42 0.000 0.081 0.000   0.818 0.000   1.145 0.000 999.99 0.259000  14.216 0.000   7.242 0.000   6.974 0.000  0.101 0.000  0.671 0.000
219.208333 220.208333  0.079 0.000  168.99 0.000   0.69 0.000 9.999 0.259000  0.31 0.000 0.057 0.000   0.565 0.000   0.791 0.000 999.99 0.259000  11.988 0.000   5.779 0.000   6.209 0.000  0.093 0.000  0.482 0.000
222.208333 223.208333  0.140 0.000  296.26 0.000   0.72 0.000 9.999 0.259000  1.39 0.000 0.090 0.000   1.562 0.000   2.187 0.000 999.99 0.259000  20.128 0.000  10.663 0.000   9.466 0.000  0.146 0.000  0.609 0.000
