scripts/IMPROVE-2019_partial/data/US1011R.19910102050000.20191216000000.filterpack...1y.3d.US03L_filterpack_US1011.US03L_IMPROVE_Davis.lev2.nas
52 1001
MISSING INFORMATION
US03L, IMPROVE, , , , , , , 
MISSING INFORMATION
IMPROVE sel_HTAP
1 1
1991 01 01 2019 12 16
0
days from file reference point
5
1 1 1 1 1
999.999999 999.999 9.999 999.999 9.999999
end_time of measurement, days from the file reference point
pm10_mass, ug/m3, Matrix=pm10
numflag pm10_mass, no unit, Matrix=pm10
pm25_mass, ug/m3, Matrix=pm25
numflag pm25_mass, no unit, Matrix=pm25
0
33
Data definition:              EBAS_1.1
Set type code:                TI
Timezone:                     UTC
File name:                    US1011R.19910102050000.20191216000000.filterpack...1y.3d.US03L_filterpack_US1011.US03L_IMPROVE_Davis.lev2.nas
File creation:                20191218120315
Startdate:                    19910102050000
Revision date:                20191216000000
Version:                      2
Version description:          "Data extracted from http://views.cira.colostate.edu/fed/DataWizard 2019-12-16"
Statistics:                   arithmetic mean
Data level:                   2
Period code:                  1y
Resolution code:              3d
Sample duration:              1d
Orig. time res.:              3d
Station code:                 US1011R
Platform code:                US1011S
Station name:                 Everglades National Park-Research Center (FL11)
Station latitude:             25.39
Station longitude:            -80.68
Station altitude:             2.0 m
Regime:                       IMG
Component:                    
Unit:                         ug/m3
Matrix:                       
Laboratory code:              US03L
Instrument type:              filterpack
Instrument name:              filterpack_US1011
Method ref:                   US03L_IMPROVE_Davis
Blank correction:             Blank corrected
Volume std. temperature:      ambient
Volume std. pressure:         ambient
starttime endtime PM10 flag_PM10 PM2.5 flag_PM2.5
  1.208333   2.208333   7.621 0.000   3.163 0.559000
  4.208333   5.208333 999.999 0.999   4.727 0.559000
  8.208333   9.208333  10.369 0.000   4.488 0.559000
 11.208333  12.208333  13.622 0.000   6.687 0.559000
 15.208333  16.208333 999.999 0.999   6.422 0.559000
 18.208333  19.208333  24.739 0.000   6.431 0.559000
 22.208333  23.208333  20.912 0.000  15.108 0.559000
 25.208333  26.208333  15.521 0.000   5.392 0.559000
 29.208333  30.208333  12.767 0.000   5.697 0.559000
 32.208333  33.208333   7.256 0.000   3.667 0.559000
 36.208333  37.208333   9.808 0.000   3.727 0.559000
 39.208333  40.208333  18.626 0.000  15.657 0.559000
 43.208333  44.208333  12.055 0.000   8.207 0.559000
 46.208333  47.208333  17.649 0.000   7.591 0.559000
 50.208333  51.208333  12.820 0.000   4.377 0.559000
 53.208333  54.208333  30.189 0.000   5.988 0.559000
 57.208333  58.208333  29.623 0.000  18.276 0.559000
 60.208333  61.208333  23.109 0.000  12.696 0.559000
 64.208333  65.208333   9.444 0.000   5.198 0.559000
 67.208333  68.208333  14.023 0.000   8.624 0.559000
 71.208333  72.208333  21.059 0.000  10.000 0.559000
 74.208333  75.208333  17.704 0.000  10.521 0.559000
 78.208333  79.208333  15.219 0.000   9.249 0.559000
 81.208333  82.208333  18.779 0.000  10.361 0.559000
 85.208333  86.208333 999.999 0.999   9.337 0.559000
 88.208333  89.208333 999.999 0.999  12.141 0.559000
 92.208333  93.208333  19.888 0.000   7.988 0.559000
 95.208333  96.208333  15.846 0.000   6.970 0.559000
 99.208333 100.208333  11.643 0.000   5.000 0.559000
102.208333 103.208333  14.535 0.000   5.350 0.559000
106.208333 107.208333   9.889 0.000   4.543 0.559000
109.208333 110.208333   8.755 0.000   4.386 0.559000
113.208333 114.208333 999.999 0.999 999.999 0.999000
116.208333 117.208333 999.999 0.999 999.999 0.999000
120.208333 121.208333  13.026 0.000   6.677 0.559000
123.208333 124.208333  28.502 0.000   8.157 0.559000
127.208333 128.208333  21.978 0.000   8.610 0.559000
130.208333 131.208333  19.513 0.000   8.979 0.559000
134.208333 135.208333 999.999 0.999   6.055 0.559000
137.208333 138.208333   7.012 0.000   3.914 0.559000
141.208333 142.208333  11.344 0.000   3.916 0.559000
144.208333 145.208333  16.798 0.000   6.235 0.559000
148.208333 149.208333  11.680 0.000   5.305 0.559000
151.208333 152.208333  10.880 0.000   5.970 0.559000
155.208333 156.208333  17.188 0.000   8.148 0.559000
158.208333 159.208333  17.814 0.000 999.999 0.559259
162.208333 163.208333  12.863 0.000   4.159 0.559000
165.208333 166.208333  10.040 0.000   6.544 0.559000
169.208333 170.208333  28.867 0.000 999.999 0.559259
172.208333 173.208333  37.760 0.000 999.999 0.559259
176.208333 177.208333 999.999 0.999   6.707 0.559000
179.208333 180.208333 999.999 0.999  10.723 0.559000
183.208333 184.208333  14.638 0.000   5.562 0.559000
186.208333 187.208333  21.224 0.000   9.266 0.559000
190.208333 191.208333  21.184 0.000   9.242 0.559000
193.208333 194.208333  36.018 0.000   7.994 0.559000
197.208333 198.208333 999.999 0.999 999.999 0.559259
200.208333 201.208333 999.999 0.999 999.999 0.999000
204.208333 205.208333  37.062 0.000 999.999 0.559259
207.208333 208.208333  27.093 0.000 999.999 0.559259
211.208333 212.208333  24.783 0.000   6.322 0.559000
214.208333 215.208333  13.975 0.000   3.982 0.559000
218.208333 219.208333 999.999 0.999   4.639 0.559000
221.208333 222.208333 999.999 0.999   4.398 0.559000
225.208333 226.208333 999.999 0.999  16.364 0.559000
228.208333 229.208333 999.999 0.999  18.758 0.559000
232.208333 233.208333 999.999 0.999   6.503 0.559000
235.208333 236.208333 999.999 0.999   4.252 0.559000
239.208333 240.208333 999.999 0.999   6.785 0.559000
242.208333 243.208333 999.999 0.999   3.743 0.559000
246.208333 247.208333 999.999 0.999   3.522 0.559000
249.208333 250.208333 999.999 0.999  10.356 0.559000
253.208333 254.208333 999.999 0.999 999.999 0.999000
256.208333 257.208333 999.999 0.999 999.999 0.999000
260.208333 261.208333 999.999 0.999   4.299 0.559000
263.208333 264.208333 999.999 0.999  14.592 0.559000
267.208333 268.208333 999.999 0.999   5.745 0.559000
270.208333 271.208333 999.999 0.999  12.455 0.559000
274.208333 275.208333 999.999 0.999  12.147 0.559000
277.208333 278.208333 999.999 0.999   4.878 0.559000
281.208333 282.208333 999.999 0.999   5.515 0.559000
284.208333 285.208333 999.999 0.999   9.080 0.559000
288.208333 289.208333 999.999 0.999   8.157 0.559000
291.208333 292.208333 999.999 0.999   3.776 0.559000
295.208333 296.208333 999.999 0.999   3.284 0.559000
298.208333 299.208333 999.999 0.999   3.761 0.559000
302.208333 303.208333 999.999 0.999   5.198 0.559000
305.208333 306.208333 999.999 0.999   3.636 0.559000
309.208333 310.208333 999.999 0.999   6.902 0.559000
312.208333 313.208333 999.999 0.999  21.494 0.559000
316.208333 317.208333 999.999 0.999  24.207 0.559000
319.208333 320.208333 999.999 0.999   6.657 0.559000
323.208333 324.208333 999.999 0.999   3.404 0.559000
326.208333 327.208333 999.999 0.999   2.675 0.559000
330.208333 331.208333 999.999 0.999   9.061 0.559000
333.208333 334.208333 999.999 0.999   5.060 0.559000
337.208333 338.208333 999.999 0.999 999.999 0.999000
340.208333 341.208333 999.999 0.999 999.999 0.999000
344.208333 345.208333 999.999 0.999   4.578 0.559000
347.208333 348.208333 999.999 0.999   3.012 0.559000
351.208333 352.208333 999.999 0.999   6.109 0.559000
354.208333 355.208333 999.999 0.999   5.045 0.559000
358.208333 359.208333 999.999 0.999   7.082 0.559000
361.208333 362.208333 999.999 0.999   3.830 0.559000
