scripts/IMPROVE-2019_partial/data/US1011R.19960103050000.20191216000000.filterpack.pm25_mass.pm25.1y.3d.US03L_filterpack_US1011.US03L_IMPROVE_Davis.lev2.nas
50 1001
MISSING INFORMATION
US03L, IMPROVE, , , , , , , 
MISSING INFORMATION
IMPROVE sel_HTAP
1 1
1996 01 01 2019 12 16
0
days from file reference point
3
1 1 1
999.999999 999.999 9.999
end_time of measurement, days from the file reference point
pm25_mass, ug/m3
numflag pm25_mass, no unit
0
33
Data definition:              EBAS_1.1
Set type code:                TI
Timezone:                     UTC
File name:                    US1011R.19960103050000.20191216000000.filterpack.pm25_mass.pm25.1y.3d.US03L_filterpack_US1011.US03L_IMPROVE_Davis.lev2.nas
File creation:                20191218120318
Startdate:                    19960103050000
Revision date:                20191216000000
Version:                      2
Version description:          "Data extracted from http://views.cira.colostate.edu/fed/DataWizard 2019-12-16"
Statistics:                   arithmetic mean
Data level:                   2
Period code:                  1y
Resolution code:              3d
Sample duration:              1d
Orig. time res.:              3d
Station code:                 US1011R
Platform code:                US1011S
Station name:                 Everglades National Park-Research Center (FL11)
Station latitude:             25.39
Station longitude:            -80.68
Station altitude:             2.0 m
Regime:                       IMG
Component:                    pm25_mass
Unit:                         ug/m3
Matrix:                       pm25
Laboratory code:              US03L
Instrument type:              filterpack
Instrument name:              filterpack_US1011
Method ref:                   US03L_IMPROVE_Davis
Blank correction:             Blank corrected
Volume std. temperature:      ambient
Volume std. pressure:         ambient
starttime endtime PM2.5 flag_PM2.5
  2.208333   3.208333   5.451 0.000
  5.208333   6.208333   8.663 0.000
  9.208333  10.208333   4.006 0.000
 12.208333  13.208333  10.429 0.000
 16.208333  17.208333   6.293 0.000
 19.208333  20.208333  10.090 0.000
 23.208333  24.208333   3.747 0.000
 26.208333  27.208333   3.060 0.000
 30.208333  31.208333   2.355 0.000
 33.208333  34.208333   5.062 0.000
 37.208333  38.208333   6.372 0.000
 40.208333  41.208333   8.046 0.000
 44.208333  45.208333  10.925 0.000
 47.208333  48.208333   8.885 0.000
 51.208333  52.208333   8.520 0.000
 54.208333  55.208333   7.339 0.000
 58.208333  59.208333   7.246 0.000
 61.208333  62.208333  10.663 0.000
 65.208333  66.208333   5.934 0.000
 68.208333  69.208333   8.924 0.000
 72.208333  73.208333   6.218 0.000
 75.208333  76.208333   4.117 0.000
 79.208333  80.208333   6.977 0.000
 82.208333  83.208333  14.397 0.000
 86.208333  87.208333  12.906 0.000
 89.208333  90.208333  10.998 0.000
 93.208333  94.208333  12.272 0.000
 96.208333  97.208333   8.977 0.000
100.208333 101.208333  17.456 0.000
103.208333 104.208333  10.750 0.000
107.208333 108.208333   9.290 0.000
110.208333 111.208333 999.999 0.999
114.208333 115.208333 999.999 0.999
117.208333 118.208333 999.999 0.999
121.208333 122.208333   5.827 0.000
124.208333 125.208333 999.999 0.999
128.208333 129.208333   6.215 0.000
131.208333 132.208333 999.999 0.999
135.208333 136.208333  14.325 0.000
138.208333 139.208333   7.842 0.000
142.208333 143.208333  11.429 0.000
145.208333 146.208333  13.576 0.000
149.208333 150.208333  12.072 0.000
152.208333 153.208333   9.076 0.000
156.208333 157.208333  11.236 0.000
159.208333 160.208333   8.672 0.000
163.208333 164.208333   9.668 0.000
166.208333 167.208333  10.503 0.000
170.208333 171.208333   7.047 0.000
173.208333 174.208333  10.261 0.000
177.208333 178.208333  12.657 0.000
180.208333 181.208333  12.812 0.000
184.208333 185.208333 999.999 0.999
187.208333 188.208333 999.999 0.999
191.208333 192.208333 999.999 0.999
194.208333 195.208333 999.999 0.999
198.208333 199.208333 999.999 0.999
201.208333 202.208333 999.999 0.999
205.208333 206.208333  21.866 0.000
208.208333 209.208333  19.212 0.000
212.208333 213.208333   7.570 0.000
215.208333 216.208333   3.601 0.000
219.208333 220.208333  19.610 0.000
222.208333 223.208333  21.458 0.000
226.208333 227.208333   9.188 0.000
229.208333 230.208333   7.746 0.000
233.208333 234.208333   6.235 0.000
236.208333 237.208333   8.326 0.000
240.208333 241.208333   8.681 0.000
243.208333 244.208333  20.166 0.000
247.208333 248.208333  11.668 0.000
250.208333 251.208333   7.746 0.000
254.208333 255.208333  11.293 0.000
257.208333 258.208333  47.454 0.000
261.208333 262.208333  20.135 0.000
264.208333 265.208333  15.092 0.000
268.208333 269.208333  26.422 0.000
271.208333 272.208333  20.833 0.000
275.208333 276.208333  10.310 0.000
278.208333 279.208333   8.915 0.000
282.208333 283.208333   8.204 0.000
285.208333 286.208333   9.985 0.000
289.208333 290.208333   9.011 0.000
292.208333 293.208333   7.280 0.000
296.208333 297.208333  12.908 0.000
299.208333 300.208333   6.010 0.000
303.208333 304.208333   9.470 0.000
306.208333 307.208333  12.530 0.000
310.208333 311.208333  18.241 0.000
313.208333 314.208333   8.710 0.000
317.208333 318.208333   8.726 0.000
320.208333 321.208333  10.332 0.000
324.208333 325.208333   5.104 0.000
327.208333 328.208333  13.579 0.000
331.208333 332.208333  11.550 0.000
334.208333 335.208333   5.174 0.000
338.208333 339.208333  17.235 0.000
341.208333 342.208333  10.219 0.000
345.208333 346.208333   8.368 0.000
348.208333 349.208333   8.034 0.000
352.208333 353.208333 999.999 0.999
355.208333 356.208333   8.232 0.000
359.208333 360.208333   4.944 0.000
362.208333 363.208333   3.625 0.000
