scripts/IMPROVE-2019_partial/data/US1005R.20170101050000.20191216000000.filterpack...52w.3d.US03L_filterpack_US1005.US03L_IMPROVE_Davis.lev2.nas
51 1001
MISSING INFORMATION
US03L, IMPROVE, , , , , , , 
MISSING INFORMATION
IMPROVE sel_HTAP
1 1
2017 01 01 2019 12 16
3.000000
days from file reference point
4
1 1 1 1
999.999999 999.999 999.999 9.999
end_time of measurement, days from the file reference point
pm10_mass, ug/m3, Matrix=pm10
pm25_mass, ug/m3, Matrix=pm25
numflag, no unit
0
33
Data definition:              EBAS_1.1
Set type code:                TU
Timezone:                     UTC
File name:                    US1005R.20170101050000.20191216000000.filterpack...52w.3d.US03L_filterpack_US1005.US03L_IMPROVE_Davis.lev2.nas
File creation:                20191218120312
Startdate:                    20170101050000
Revision date:                20191216000000
Version:                      2
Version description:          "Data extracted from http://views.cira.colostate.edu/fed/DataWizard 2019-12-16"
Statistics:                   arithmetic mean
Data level:                   2
Period code:                  52w
Resolution code:              3d
Sample duration:              1d
Orig. time res.:              3d
Station code:                 US1005R
Platform code:                US1005S
Station name:                 Chassahowitzka National Wildlife Refuge (FL05)
Station latitude:             28.7486
Station longitude:            -82.5551
Station altitude:             3.0 m
Regime:                       IMG
Component:                    
Unit:                         ug/m3
Matrix:                       
Laboratory code:              US03L
Instrument type:              filterpack
Instrument name:              filterpack_US1005
Method ref:                   US03L_IMPROVE_Davis
Blank correction:             Blank corrected
Volume std. temperature:      ambient
Volume std. pressure:         ambient
starttime endtime PM10 PM2.5 flag
  0.208333   1.208333  16.662  10.179 0.000
  3.208333   4.208333   6.075   4.252 0.000
  6.208333   7.208333   5.672   4.053 0.000
  9.208333  10.208333   8.068   5.063 0.000
 12.208333  13.208333   6.572   3.344 0.000
 15.208333  16.208333   6.717   3.141 0.000
 18.208333  19.208333   8.593   4.566 0.000
 21.208333  22.208333  20.112   8.847 0.000
 24.208333  25.208333   6.556   3.623 0.000
 27.208333  28.208333   6.168   4.843 0.000
 30.208333  31.208333   5.745   3.316 0.000
 33.208333  34.208333   8.116   5.327 0.000
 36.208333  37.208333  14.359  12.765 0.000
 39.208333  40.208333  11.597   6.193 0.000
 42.208333  43.208333   8.163   5.233 0.000
 45.208333  46.208333  14.146   7.746 0.000
 48.208333  49.208333  12.648   9.818 0.000
 51.208333  52.208333  11.653   7.186 0.000
 54.208333  55.208333  10.638   5.956 0.000
 57.208333  58.208333  11.637   5.007 0.000
 60.208333  61.208333  10.293   5.188 0.000
 63.208333  64.208333  16.866   6.207 0.000
 66.208333  67.208333  16.043   6.791 0.000
 69.208333  70.208333  13.039   5.730 0.000
 72.208333  73.208333   4.467   2.202 0.000
 75.208333  76.208333  18.198  14.710 0.000
 78.208333  79.208333   9.389   4.998 0.000
 81.208333  82.208333  16.083   8.344 0.000
 84.208333  85.208333  13.729   5.944 0.000
 87.208333  88.208333  10.850   5.153 0.000
 90.208333  91.208333   8.588   4.872 0.000
 93.208333  94.208333  13.675   7.777 0.000
 96.208333  97.208333   7.546   2.703 0.000
 99.208333 100.208333   9.011   3.581 0.000
102.208333 103.208333  11.487   3.620 0.000
105.208333 106.208333  15.634   7.079 0.000
108.208333 109.208333  12.039   4.478 0.000
111.208333 112.208333  13.113   6.419 0.000
114.208333 115.208333   4.993   3.048 0.000
117.208333 118.208333  17.380  10.679 0.000
120.208333 121.208333  13.634   6.166 0.000
123.208333 124.208333  10.247   4.533 0.000
126.208333 127.208333   9.628   4.759 0.000
129.208333 130.208333  30.736  12.922 0.000
132.208333 133.208333  30.106   6.193 0.000
135.208333 136.208333   8.147   7.372 0.000
138.208333 139.208333 999.999 999.999 0.999
141.208333 142.208333   6.695   6.021 0.000
144.208333 145.208333   7.849   4.432 0.000
147.208333 148.208333  11.586   8.440 0.000
150.208333 151.208333  28.358  17.160 0.000
153.208333 154.208333   5.219   3.880 0.000
156.208333 157.208333   6.685   5.075 0.000
159.208333 160.208333   6.706   4.481 0.000
162.208333 163.208333   6.116   3.950 0.000
165.208333 166.208333   5.918   3.868 0.000
168.208333 169.208333   8.050   5.552 0.000
171.208333 172.208333  12.594   8.284 0.000
174.208333 175.208333   6.757   4.794 0.000
177.208333 178.208333   5.879   3.450 0.000
180.208333 181.208333   8.089   5.349 0.000
183.208333 184.208333   7.362   5.259 0.000
186.208333 187.208333   7.556   5.221 0.000
189.208333 190.208333   8.417   5.508 0.000
192.208333 193.208333   8.016   4.856 0.000
195.208333 196.208333   8.351   5.159 0.000
198.208333 199.208333   8.151   5.346 0.000
201.208333 202.208333   7.881   4.651 0.000
204.208333 205.208333  10.685   6.985 0.000
207.208333 208.208333  26.345  15.749 0.000
210.208333 211.208333  13.784   8.318 0.000
213.208333 214.208333   6.282   4.046 0.000
216.208333 217.208333  39.003  18.450 0.000
219.208333 220.208333   8.861   4.675 0.000
222.208333 223.208333   9.074   5.105 0.000
225.208333 226.208333   5.829   3.388 0.000
228.208333 229.208333   7.730   5.122 0.000
231.208333 232.208333  11.240   6.740 0.000
234.208333 235.208333  13.297   7.519 0.000
237.208333 238.208333   5.406   3.032 0.000
240.208333 241.208333 999.999 999.999 0.456
243.208333 244.208333   9.957   5.017 0.000
246.208333 247.208333  12.017   6.130 0.000
249.208333 250.208333  12.739   6.746 0.000
252.208333 253.208333 999.999 999.999 0.999
255.208333 256.208333 999.999 999.999 0.999
258.208333 259.208333 999.999 999.999 0.999
261.208333 262.208333 999.999 999.999 0.456
264.208333 265.208333  10.268   6.503 0.000
267.208333 268.208333   8.920   4.897 0.000
270.208333 271.208333  13.343  10.361 0.000
273.208333 274.208333  15.051   8.728 0.000
276.208333 277.208333  14.964   5.729 0.000
279.208333 280.208333  12.078   6.627 0.000
282.208333 283.208333  11.299   5.329 0.000
285.208333 286.208333   8.870   4.064 0.000
288.208333 289.208333   6.173   3.730 0.000
291.208333 292.208333  11.282   5.764 0.000
294.208333 295.208333  23.445  12.496 0.000
297.208333 298.208333   7.463   3.354 0.000
300.208333 301.208333   8.557   5.765 0.000
303.208333 304.208333   7.056   5.391 0.000
306.208333 307.208333   7.581   5.109 0.000
309.208333 310.208333   6.424   4.576 0.000
312.208333 313.208333  10.734   8.718 0.000
315.208333 316.208333  11.407   5.086 0.000
318.208333 319.208333  12.148   7.313 0.000
321.208333 322.208333  12.711  10.576 0.000
324.208333 325.208333  11.446   4.667 0.000
327.208333 328.208333   5.327   3.917 0.000
330.208333 331.208333  23.580  20.334 0.000
333.208333 334.208333 999.999 999.999 0.699
336.208333 337.208333  20.963  18.447 0.000
339.208333 340.208333   9.745   6.067 0.000
342.208333 343.208333   3.506   2.037 0.000
345.208333 346.208333  13.286   7.458 0.000
348.208333 349.208333   7.604   4.374 0.000
351.208333 352.208333  10.274   7.246 0.000
354.208333 355.208333   8.018   5.192 0.000
357.208333 358.208333   8.464   5.948 0.000
360.208333 361.208333 999.999 999.999 0.999
363.208333 364.208333   4.945   3.913 0.000
