scripts/IMPROVE-2019_partial/data/US1005R.19940101050000.20191216000000.filterpack...1y.3d.US03L_filterpack_US1005.US03L_IMPROVE_Davis.lev2.nas
51 1001
MISSING INFORMATION
US03L, IMPROVE, , , , , , , 
MISSING INFORMATION
IMPROVE sel_HTAP
1 1
1994 01 01 2019 12 16
0
days from file reference point
4
1 1 1 1
999.999999 999.999 999.999 9.999
end_time of measurement, days from the file reference point
pm10_mass, ug/m3, Matrix=pm10
pm25_mass, ug/m3, Matrix=pm25
numflag, no unit
0
33
Data definition:              EBAS_1.1
Set type code:                TI
Timezone:                     UTC
File name:                    US1005R.19940101050000.20191216000000.filterpack...1y.3d.US03L_filterpack_US1005.US03L_IMPROVE_Davis.lev2.nas
File creation:                20191218120309
Startdate:                    19940101050000
Revision date:                20191216000000
Version:                      2
Version description:          "Data extracted from http://views.cira.colostate.edu/fed/DataWizard 2019-12-16"
Statistics:                   arithmetic mean
Data level:                   2
Period code:                  1y
Resolution code:              3d
Sample duration:              1d
Orig. time res.:              3d
Station code:                 US1005R
Platform code:                US1005S
Station name:                 Chassahowitzka National Wildlife Refuge (FL05)
Station latitude:             28.7486
Station longitude:            -82.5551
Station altitude:             3.0 m
Regime:                       IMG
Component:                    
Unit:                         ug/m3
Matrix:                       
Laboratory code:              US03L
Instrument type:              filterpack
Instrument name:              filterpack_US1005
Method ref:                   US03L_IMPROVE_Davis
Blank correction:             Blank corrected
Volume std. temperature:      ambient
Volume std. pressure:         ambient
starttime endtime PM10 PM2.5 flag
  0.208333   1.208333  19.732  14.045 0.000
  4.208333   5.208333  16.892  13.052 0.000
  7.208333   8.208333   9.324   4.935 0.000
 11.208333  12.208333   9.819   5.260 0.000
 14.208333  15.208333  16.558   7.687 0.000
 18.208333  19.208333  17.835  12.468 0.000
 21.208333  22.208333  23.524  17.360 0.000
 25.208333  26.208333  22.402  10.673 0.000
 28.208333  29.208333  10.811   6.474 0.000
 32.208333  33.208333  16.245   8.540 0.000
 35.208333  36.208333  25.936  17.915 0.000
 39.208333  40.208333  16.255   9.198 0.000
 42.208333  43.208333  13.008   9.210 0.000
 46.208333  47.208333  18.703  10.316 0.000
 49.208333  50.208333  13.723   5.799 0.000
 53.208333  54.208333  14.274   7.674 0.000
 56.208333  57.208333  15.021  11.722 0.000
 60.208333  61.208333  18.268   6.776 0.000
 63.208333  64.208333  21.088  11.821 0.000
 67.208333  68.208333  16.309   9.177 0.000
 70.208333  71.208333  19.205  10.305 0.000
 74.208333  75.208333  25.289  15.441 0.000
 77.208333  78.208333  16.203  12.813 0.000
 81.208333  82.208333  26.429  22.156 0.000
 84.208333  85.208333  14.137  10.417 0.000
 88.208333  89.208333  15.406  10.826 0.000
 91.208333  92.208333  20.451  17.325 0.000
 95.208333  96.208333  17.160  10.271 0.000
 98.208333  99.208333  23.013  11.341 0.000
102.208333 103.208333  25.726   9.099 0.000
105.208333 106.208333  16.145   7.057 0.000
109.208333 110.208333  13.147   7.818 0.000
112.208333 113.208333  15.163   8.464 0.000
116.208333 117.208333  16.041   7.583 0.000
119.208333 120.208333  14.919   7.629 0.000
123.208333 124.208333  15.187   9.159 0.000
126.208333 127.208333  26.825  21.280 0.000
130.208333 131.208333  21.825  16.186 0.000
133.208333 134.208333  35.476  30.530 0.000
137.208333 138.208333  30.632  20.213 0.000
140.208333 141.208333  18.854   8.815 0.000
144.208333 145.208333  20.980  16.890 0.000
147.208333 148.208333  19.799  15.801 0.000
151.208333 152.208333  14.229  11.463 0.000
154.208333 155.208333  11.462   7.485 0.000
158.208333 159.208333  20.664   9.760 0.000
161.208333 162.208333  19.375   9.187 0.000
165.208333 166.208333  22.356  12.555 0.000
168.208333 169.208333  11.885   5.151 0.000
172.208333 173.208333  17.708   5.399 0.000
175.208333 176.208333  83.557  32.325 0.000
179.208333 180.208333  28.884  18.920 0.000
182.208333 183.208333  16.838   7.295 0.000
186.208333 187.208333  21.975  11.463 0.000
189.208333 190.208333  16.575   6.515 0.000
193.208333 194.208333  46.680  19.358 0.000
196.208333 197.208333  53.960  29.738 0.000
200.208333 201.208333  23.755  14.893 0.000
203.208333 204.208333  17.549  10.887 0.000
207.208333 208.208333  18.221   6.261 0.000
210.208333 211.208333  19.802   4.909 0.000
214.208333 215.208333  13.673   6.809 0.000
217.208333 218.208333  11.718   4.819 0.000
221.208333 222.208333  10.800   5.485 0.000
224.208333 225.208333  13.300   6.000 0.000
228.208333 229.208333  24.839  12.685 0.000
231.208333 232.208333  16.408  11.327 0.000
235.208333 236.208333  14.043   9.253 0.000
238.208333 239.208333  21.568   7.273 0.000
242.208333 243.208333  24.908  20.201 0.000
245.208333 246.208333  16.579   9.934 0.000
249.208333 250.208333  15.205   8.784 0.000
252.208333 253.208333   9.965   5.655 0.000
256.208333 257.208333  16.051   7.439 0.000
259.208333 260.208333  18.158   8.606 0.000
263.208333 264.208333  13.705   6.105 0.000
266.208333 267.208333  12.806   9.964 0.000
270.208333 271.208333  14.797   7.587 0.000
273.208333 274.208333  15.382  11.608 0.000
277.208333 278.208333  27.055   9.677 0.000
280.208333 281.208333  16.543   7.204 0.000
284.208333 285.208333  24.963   9.601 0.000
287.208333 288.208333  10.588   7.445 0.000
291.208333 292.208333  13.435   6.679 0.000
294.208333 295.208333  24.713  16.583 0.000
298.208333 299.208333  29.038  21.399 0.000
301.208333 302.208333  14.822   7.591 0.000
305.208333 306.208333  15.247   8.293 0.000
308.208333 309.208333  13.962   6.836 0.000
312.208333 313.208333   9.419   5.307 0.000
315.208333 316.208333  14.070   7.933 0.000
319.208333 320.208333  12.640   2.047 0.000
322.208333 323.208333  13.929   9.815 0.000
326.208333 327.208333  20.203  13.604 0.000
329.208333 330.208333  18.711  10.429 0.000
333.208333 334.208333  10.447   5.074 0.000
336.208333 337.208333  19.888   8.091 0.000
340.208333 341.208333  13.498   9.050 0.000
343.208333 344.208333  15.000   8.066 0.000
347.208333 348.208333  23.431  15.485 0.000
350.208333 351.208333  12.259   8.431 0.000
354.208333 355.208333  15.652   6.944 0.000
357.208333 358.208333  22.314  16.136 0.000
361.208333 362.208333  22.895  10.614 0.000
364.208333 365.208333  14.047   9.094 0.000
