scripts/IMPROVE-2019_partial/data/US1005R.20050101050000.20191216000000.filterpack..pm25.52w.1w.US03L_filterpack_US1005.US03L_IMPROVE_Davis.lev2.nas
66 1001
MISSING INFORMATION
US03L, IMPROVE, , , , , , , 
MISSING INFORMATION
IMPROVE sel_HTAP
1 1
2005 01 01 2019 12 16
3.000000
days from file reference point
27
1 1 1 1 1 1 1 1 1 1 1 1 1 1 1 1 1 1 1 1 1 1 1 1 1 1 1
999.999999 9999.99 9.999 99.99 9.999 9.999 9.999999 99.99 9.999 9.999 9.999 99.999 9.999 99.999 9.999 999.99 9.999999 999.999 9.999 999.999 9.999 999.999 9.999 9.999 9.999 99.999 9.999
end_time of measurement, days from the file reference point
iron, ng/m3, Revision date=20181210133000
numflag iron, no unit, Revision date=20181210133000
lead, ng/m3, Revision date=20181210133000
numflag lead, no unit, Revision date=20181210133000
magnesium, ug/m3, Revision date=20181210133000
numflag magnesium, no unit, Revision date=20181210133000
nickel, ng/m3, Revision date=20181210133000
numflag nickel, no unit, Revision date=20181210133000
nitrate, ug N/m3, Revision date=20181210133000
numflag nitrate, no unit, Revision date=20181210133000
organic_carbon, ug C/m3, Revision date=20181210133000
numflag organic_carbon, no unit, Revision date=20181210133000
organic_mass, ug/m3, Revision date=20181210133000
numflag organic_mass, no unit, Revision date=20181210133000
phosphorus, ng/m3, Revision date=20181210133000
numflag phosphorus, no unit, Revision date=20181210133000
pm10_mass, ug/m3, Version=2, Version description=Data extracted from http://views.cira.colostate.edu/fed/DataWizard 2019-12-16, Sample duration=1d, Orig. time res.=3d, Matrix=pm10, Blank correction=Blank corrected, Volume std. temperature=ambient, Volume std. pressure=ambient
numflag pm10_mass, no unit, Version=2, Version description=Data extracted from http://views.cira.colostate.edu/fed/DataWizard 2019-12-16, Sample duration=1d, Orig. time res.=3d, Matrix=pm10, Blank correction=Blank corrected, Volume std. temperature=ambient, Volume std. pressure=ambient
pm10_pm25_mass, ug/m3, Revision date=20181210133000, Matrix=pm10_pm25
numflag pm10_pm25_mass, no unit, Revision date=20181210133000, Matrix=pm10_pm25
pm25_mass, ug/m3, Version=2, Version description=Data extracted from http://views.cira.colostate.edu/fed/DataWizard 2019-12-16, Sample duration=1d, Orig. time res.=3d, Blank correction=Blank corrected, Volume std. temperature=ambient, Volume std. pressure=ambient
numflag pm25_mass, no unit, Version=2, Version description=Data extracted from http://views.cira.colostate.edu/fed/DataWizard 2019-12-16, Sample duration=1d, Orig. time res.=3d, Blank correction=Blank corrected, Volume std. temperature=ambient, Volume std. pressure=ambient
potassium, ug/m3, Revision date=20181210133000
numflag potassium, no unit, Revision date=20181210133000
sulphate_total, ug S/m3, Revision date=20181210133000
numflag sulphate_total, no unit, Revision date=20181210133000
0
25
Data definition:              EBAS_1.1
Set type code:                TU
Timezone:                     UTC
File name:                    US1005R.20050101050000.20191216000000.filterpack..pm25.52w.1w.US03L_filterpack_US1005.US03L_IMPROVE_Davis.lev2.nas
File creation:                20191218120311
Startdate:                    20050101050000
Revision date:                20191216000000
Statistics:                   arithmetic mean
Data level:                   2
Period code:                  52w
Resolution code:              1w
Station code:                 US1005R
Platform code:                US1005S
Station name:                 Chassahowitzka National Wildlife Refuge (FL05)
Station latitude:             28.7486
Station longitude:            -82.5551
Station altitude:             3.0 m
Regime:                       IMG
Component:                    
Matrix:                       pm25
Laboratory code:              US03L
Instrument type:              filterpack
Instrument name:              filterpack_US1005
Method ref:                   US03L_IMPROVE_Davis
starttime endtime Fe flag_Fe Pb flag_Pb Mg++ flag_Mg++ Ni flag_Ni NO3- flag_NO3- OC flag_OC OM flag_OM P flag_P PM10 flag_PM10 PM10-PM2.5 flag_PM10-PM2.5 PM2.5 flag_PM2.5 K+ flag_K+ SO4-- flag_SO4--
[from data line 82]
246.208333 247.208333   25.58 0.000  2.37 0.000 0.022 0.000000  0.49 0.000 0.048 0.000  2.124 0.000  3.823 0.000 999.99 0.259000  25.022 0.000   4.647 0.000  20.371 0.000 0.049 0.000  4.045 0.000
249.208333 250.208333 9999.99 0.999 99.99 0.999 9.999 0.999000 99.99 0.999 9.999 0.999 99.999 0.999 99.999 0.999 999.99 0.999000 999.999 0.999 999.999 0.999 999.999 0.999 9.999 0.999 99.999 0.999
252.208333 253.208333   18.34 0.000  2.37 0.000 0.016 0.000000  0.80 0.000 0.083 0.000  1.773 0.000  3.192 0.000 999.99 0.259000  12.092 0.000   5.037 0.000   7.054 0.000 0.042 0.000  0.682 0.000
255.208333 256.208333   58.51 0.000  2.08 0.000 9.999 0.259000  0.51 0.000 0.032 0.000  2.603 0.000  4.685 0.000 999.99 0.259000  24.477 0.000   4.235 0.000  20.304 0.000 0.050 0.000  3.020 0.000
258.208333 259.208333   54.57 0.000  2.33 0.000 9.999 0.259000  0.89 0.000 0.028 0.000  3.499 0.000  6.298 0.000 999.99 0.259000  39.888 0.000   3.302 0.000  36.576 0.000 0.055 0.000  6.564 0.000
261.208333 262.208333   36.58 0.000  2.33 0.000 9.999 0.259000  0.68 0.000 0.049 0.000  1.598 0.000  2.875 0.000 999.99 0.259000  15.166 0.000   3.473 0.000  11.690 0.000 0.046 0.000  1.818 0.000
264.208333 265.208333   14.12 0.000  1.34 0.000 9.999 0.259000  1.86 0.000 0.127 0.000  0.983 0.000  1.770 0.000 999.99 0.259000  12.297 0.000   6.862 0.000   5.433 0.000 0.055 0.000  0.441 0.000
267.208333 268.208333   23.63 0.000  0.99 0.000 0.011 0.000000  0.42 0.000 0.068 0.000  0.795 0.000  1.431 0.000 999.99 0.259000   9.226 0.000   3.751 0.000   5.473 0.000 0.032 0.000  0.850 0.000
270.208333 271.208333   24.69 0.000  1.03 0.000 9.999 0.259000  0.77 0.000 0.060 0.000  1.419 0.000  2.554 0.000 999.99 0.259000  11.753 0.000   4.547 0.000   7.204 0.000 0.048 0.000  0.929 0.000
273.208333 274.208333   12.79 0.000  0.95 0.000 0.021 0.000000  0.85 0.000 0.080 0.000  0.992 0.000  1.786 0.000 999.99 0.259000   8.726 0.000   3.789 0.000   4.937 0.000 0.032 0.000  0.697 0.000
276.208333 277.208333   31.35 0.000  0.47 0.000 0.055 0.000000 99.99 0.259 0.076 0.000  0.798 0.000  1.436 0.000 999.99 0.259000  11.887 0.000   6.852 0.000   5.148 0.000 0.050 0.000  0.274 0.000
279.208333 280.208333   21.99 0.394  0.53 0.394 9.999 0.394259  2.27 0.394 0.065 0.394  1.647 0.000  2.965 0.000 999.99 0.394259  12.650 0.000   5.638 0.000   7.079 0.000 0.036 0.394  0.933 0.394
282.208333 283.208333   47.01 0.000  1.34 0.000 0.031 0.000000  0.75 0.000 0.028 0.000  2.431 0.000  4.376 0.000 999.99 0.259000  21.401 0.000   8.246 0.000  13.153 0.000 0.044 0.000  2.005 0.000
285.208333 286.208333   16.66 0.000  1.09 0.000 9.999 0.259000  2.51 0.000 0.069 0.000  1.620 0.000  2.916 0.000 999.99 0.259000  13.965 0.000   3.896 0.000  10.067 0.000 0.032 0.000  1.583 0.000
288.208333 289.208333   39.05 0.000  2.62 0.000 9.999 0.259000  0.25 0.000 0.045 0.000  3.887 0.000  6.996 0.000 999.99 0.259000  25.426 0.000   2.972 0.000  22.449 0.000 0.057 0.000  3.587 0.000
291.208333 292.208333   77.81 0.000  7.07 0.000 9.999 0.259000  0.29 0.000 0.046 0.000  3.122 0.000  5.620 0.000 999.99 0.259000  19.665 0.000   4.545 0.000  15.116 0.000 0.069 0.000  2.002 0.000
294.208333 295.208333   14.69 0.000  1.43 0.000 0.039 0.000000  2.20 0.000 0.070 0.000  1.839 0.000  3.311 0.000 999.99 0.259000  12.576 0.000   5.918 0.000   6.656 0.000 0.046 0.000  0.699 0.000
297.208333 298.208333 9999.99 0.999 99.99 0.999 9.999 0.999000 99.99 0.999 9.999 0.999 99.999 0.999 99.999 0.999 999.99 0.999000 999.999 0.999 999.999 0.999 999.999 0.999 9.999 0.999 99.999 0.999
300.208333 301.208333   40.03 0.000  1.89 0.000 9.999 0.259000  0.26 0.000 0.055 0.000  3.915 0.000  7.046 0.000 999.99 0.259000  16.570 0.000   2.973 0.000  13.593 0.000 0.068 0.000  1.344 0.000
303.208333 304.208333   28.58 0.000  2.76 0.000 0.044 0.000000  0.45 0.000 0.104 0.000  1.434 0.000  2.581 0.000 999.99 0.259000  15.297 0.000   4.868 0.000  10.426 0.000 0.050 0.000  1.720 0.000
306.208333 307.208333   27.94 0.000  1.65 0.000 0.012 0.000000  0.42 0.000 0.085 0.000  2.497 0.000  4.495 0.000 999.99 0.259000  14.463 0.000   3.598 0.000  10.862 0.000 0.063 0.000  1.352 0.000
309.208333 310.208333   19.09 0.000  1.54 0.000 0.018 0.000000  0.76 0.000 0.092 0.000  1.483 0.000  2.670 0.000 999.99 0.259000   8.403 0.000   2.506 0.000   5.896 0.000 0.051 0.000  0.732 0.000
312.208333 313.208333   34.04 0.000  1.80 0.000 9.999 0.259000  0.57 0.000 0.063 0.000  2.732 0.000  4.917 0.000 999.99 0.259000  14.632 0.000   3.106 0.000  11.524 0.000 0.048 0.000  1.473 0.000
315.208333 316.208333   24.99 0.000  4.95 0.000 0.010 0.000000  0.21 0.000 0.102 0.000  1.441 0.000  2.594 0.000 999.99 0.259000  12.750 0.000   6.255 0.000   6.493 0.000 0.052 0.000  0.786 0.000
318.208333 319.208333   18.94 0.000  0.69 0.000 0.038 0.000000  0.34 0.000 0.153 0.000  1.045 0.000  1.881 0.000 999.99 0.259000  10.831 0.000   6.339 0.000   4.577 0.000 0.035 0.000  0.238 0.000
321.208333 322.208333   35.75 0.000  1.83 0.000 9.999 0.259000  0.51 0.000 0.146 0.000  2.692 0.000  4.846 0.000 999.99 0.259000  20.558 0.000   9.760 0.000  10.796 0.000 0.062 0.000  1.265 0.000
324.208333 325.208333    7.40 0.000  0.60 0.000 9.999 0.259000  0.74 0.000 0.106 0.000  1.091 0.000  1.964 0.000 999.99 0.259000  14.319 0.000   7.693 0.000   6.626 0.000 0.048 0.000  0.748 0.000
327.208333 328.208333   24.46 0.000  1.27 0.000 0.017 0.000000  0.59 0.000 0.144 0.000  1.440 0.000  2.592 0.000 999.99 0.259000  14.900 0.000   7.856 0.000   7.042 0.000 0.086 0.000  0.627 0.000
330.208333 331.208333   29.94 0.000  1.68 0.000 9.999 0.259000  1.08 0.000 0.112 0.000  1.636 0.000  2.945 0.000 999.99 0.259000  12.621 0.000   4.993 0.000   7.625 0.000 0.106 0.000  0.846 0.000
333.208333 334.208333   42.22 0.000  1.14 0.000 9.999 0.259000 99.99 0.259 0.041 0.000  2.023 0.000  3.641 0.000 999.99 0.259000  11.669 0.000   4.937 0.000   6.732 0.000 0.065 0.000  0.432 0.000
336.208333 337.208333   51.27 0.000  3.39 0.000 9.999 0.259000  0.27 0.000 0.072 0.000  4.445 0.000  8.001 0.000 999.99 0.259000  15.231 0.000   3.760 0.000  11.467 0.000 0.107 0.000  0.459 0.000
339.208333 340.208333   18.56 0.000  0.81 0.000 0.013 0.000000  0.28 0.000 0.057 0.000  1.244 0.000  2.240 0.000 999.99 0.259000   9.590 0.000   3.870 0.000   5.760 0.000 0.040 0.000  0.718 0.000
342.208333 343.208333   17.15 0.000  0.82 0.000 9.999 0.259000  1.07 0.000 0.074 0.000  1.609 0.000  2.896 0.000 999.99 0.259000   7.462 0.000   2.307 0.000   5.153 0.000 0.033 0.000  0.398 0.000
345.208333 346.208333   34.49 0.000  6.52 0.000 9.999 0.259000  0.26 0.000 0.093 0.000  4.607 0.000  8.292 0.000 999.99 0.259000  12.727 0.000   2.438 0.000  10.285 0.000 0.087 0.000  0.361 0.000
348.208333 349.208333   22.30 0.000  1.64 0.000 0.034 0.000000  0.82 0.000 0.119 0.000  1.484 0.000  2.671 0.000 999.99 0.259000  15.392 0.000   8.060 0.000   7.330 0.000 0.060 0.000  0.747 0.000
351.208333 352.208333    6.85 0.000  1.19 0.000 0.013 0.000000  0.45 0.000 0.044 0.000  0.906 0.000  1.632 0.000 999.99 0.259000   6.267 0.000   1.488 0.000   4.778 0.000 0.026 0.000  0.713 0.000
354.208333 355.208333   39.76 0.000  3.00 0.000 0.012 0.000000  0.29 0.000 0.214 0.000  3.065 0.000  5.518 0.000 999.99 0.259000  14.010 0.000   2.770 0.000  11.237 0.000 0.088 0.000  1.042 0.000
357.208333 358.208333   47.79 0.000  2.33 0.000 0.020 0.000000  2.27 0.000 0.164 0.000  4.569 0.000  8.224 0.000 999.99 0.259000  18.654 0.000   4.442 0.000  14.206 0.000 0.126 0.000  0.930 0.000
360.208333 361.208333   31.44 0.000  0.97 0.000 9.999 0.259000 99.99 0.259 0.047 0.000  2.337 0.000  4.206 0.000 999.99 0.259000   9.502 0.000   2.573 0.000   6.974 0.000 0.061 0.000  0.502 0.000
363.208333 364.208333   46.82 0.000  1.58 0.000 9.999 0.259000 99.99 0.259 0.066 0.000  2.204 0.000  3.968 0.000 999.99 0.259000  10.523 0.000   3.862 0.000   6.659 0.000 0.043 0.000  0.400 0.000
