scripts/IMPROVE-2019_partial/data/US1005R.20020102050000.20191216000000.filterpack..pm25.52w.1w.US03L_filterpack_US1005.US03L_IMPROVE_Davis.lev2.nas
64 1001
MISSING INFORMATION
US03L, IMPROVE, , , , , , , 
MISSING INFORMATION
IMPROVE sel_HTAP
1 1
2002 01 01 2019 12 16
3.000000
days from file reference point
25
1 1 1 1 1 1 1 1 1 1 1 1 1 1 1 1 1 1 1 1 1 1 1 1 1
999.999999 9999.99 9.999 99.99 9.999 9.999 9.999999 99.99 9.999999 9.999 9.999 99.999 9.999 999.999 9.999 999.999 9.999 999.999 9.999 999.999 9.999 9.999 9.999 99.999 9.999
end_time of measurement, days from the file reference point
iron, ng/m3, Revision date=20181210133000
numflag iron, no unit, Revision date=20181210133000
lead, ng/m3, Revision date=20181210133000
numflag lead, no unit, Revision date=20181210133000
magnesium, ug/m3, Revision date=20181210133000
numflag magnesium, no unit, Revision date=20181210133000
nickel, ng/m3, Revision date=20181210133000
numflag nickel, no unit, Revision date=20181210133000
nitrate, ug N/m3, Revision date=20181210133000
numflag nitrate, no unit, Revision date=20181210133000
organic_carbon, ug C/m3, Revision date=20181210133000
numflag organic_carbon, no unit, Revision date=20181210133000
organic_mass, ug/m3, Revision date=20181210133000
numflag organic_mass, no unit, Revision date=20181210133000
pm10_mass, ug/m3, Version=2, Version description=Data extracted from http://views.cira.colostate.edu/fed/DataWizard 2019-12-16, Sample duration=1d, Orig. time res.=3d, Matrix=pm10, Blank correction=Blank corrected, Volume std. temperature=ambient, Volume std. pressure=ambient
numflag pm10_mass, no unit, Version=2, Version description=Data extracted from http://views.cira.colostate.edu/fed/DataWizard 2019-12-16, Sample duration=1d, Orig. time res.=3d, Matrix=pm10, Blank correction=Blank corrected, Volume std. temperature=ambient, Volume std. pressure=ambient
pm10_pm25_mass, ug/m3, Revision date=20181210133000, Matrix=pm10_pm25
numflag pm10_pm25_mass, no unit, Revision date=20181210133000, Matrix=pm10_pm25
pm25_mass, ug/m3, Version=2, Version description=Data extracted from http://views.cira.colostate.edu/fed/DataWizard 2019-12-16, Sample duration=1d, Orig. time res.=3d, Blank correction=Blank corrected, Volume std. temperature=ambient, Volume std. pressure=ambient
numflag pm25_mass, no unit, Version=2, Version description=Data extracted from http://views.cira.colostate.edu/fed/DataWizard 2019-12-16, Sample duration=1d, Orig. time res.=3d, Blank correction=Blank corrected, Volume std. temperature=ambient, Volume std. pressure=ambient
potassium, ug/m3, Revision date=20181210133000
numflag potassium, no unit, Revision date=20181210133000
sulphate_total, ug S/m3, Revision date=20181210133000
numflag sulphate_total, no unit, Revision date=20181210133000
0
25
Data definition:              EBAS_1.1
Set type code:                TU
Timezone:                     UTC
File name:                    US1005R.20020102050000.20191216000000.filterpack..pm25.52w.1w.US03L_filterpack_US1005.US03L_IMPROVE_Davis.lev2.nas
File creation:                20191218120310
Startdate:                    20020102050000
Revision date:                20191216000000
Statistics:                   arithmetic mean
Data level:                   2
Period code:                  52w
Resolution code:              1w
Station code:                 US1005R
Platform code:                US1005S
Station name:                 Chassahowitzka National Wildlife Refuge (FL05)
Station latitude:             28.7486
Station longitude:            -82.5551
Station altitude:             3.0 m
Regime:                       IMG
Component:                    
Matrix:                       pm25
Laboratory code:              US03L
Instrument type:              filterpack
Instrument name:              filterpack_US1005
Method ref:                   US03L_IMPROVE_Davis
starttime endtime Fe flag_Fe Pb flag_Pb Mg++ flag_Mg++ Ni flag_Ni NO3- flag_NO3- OC flag_OC OM flag_OM PM10 flag_PM10 PM10-PM2.5 flag_PM10-PM2.5 PM2.5 flag_PM2.5 K+ flag_K+ SO4-- flag_SO4--
[from data line 87]
262.208333 263.208333  319.15 0.000  1.04 0.000 9.999 0.259000  1.59 0.000000 0.117 0.000  1.185 0.000   1.660 0.000  19.801 0.000  11.171 0.000   8.630 0.000 0.119 0.000  0.495 0.000
265.208333 266.208333   28.14 0.000  0.73 0.000 0.025 0.000000  0.74 0.000000 0.065 0.000  1.109 0.000   1.552 0.000   9.495 0.000   5.527 0.000   3.968 0.000 0.029 0.000  0.454 0.000
268.208333 269.208333  110.72 0.000  1.16 0.000 9.999 0.259000  1.36 0.000000 0.114 0.000  1.021 0.000   1.429 0.000  16.971 0.000  10.873 0.000   6.098 0.000 0.066 0.000  0.678 0.000
271.208333 272.208333   13.00 0.000  1.46 0.000 9.999 0.259000  0.65 0.000000 0.097 0.559  1.718 0.000   2.406 0.000  12.937 0.000   5.150 0.000   7.787 0.000 0.035 0.000  1.251 0.559
274.208333 275.208333   14.16 0.000  0.69 0.000 9.999 0.259000  0.88 0.000000 0.136 0.000  1.012 0.000   1.417 0.000  12.450 0.000   8.153 0.000   4.296 0.000 0.037 0.000  0.532 0.000
277.208333 278.208333   26.56 0.000  1.92 0.000 9.999 0.259000  0.69 0.000000 0.049 0.000  1.871 0.000   2.619 0.000  15.544 0.000   3.901 0.000  11.643 0.000 0.056 0.000  2.502 0.000
280.208333 281.208333   22.30 0.000  1.77 0.000 9.999 0.259000  0.77 0.000000 0.061 0.000  2.622 0.000   3.671 0.000 999.999 0.456 999.999 0.999  14.814 0.000 0.041 0.000  2.164 0.000
283.208333 284.208333   16.67 0.000  1.02 0.000 0.040 0.000000  0.54 0.000000 0.090 0.000  1.765 0.000   2.470 0.000 999.999 0.456 999.999 0.999   7.508 0.000 0.031 0.000  1.120 0.000
286.208333 287.208333   11.38 0.000  1.31 0.000 9.999 0.259000  0.40 0.000000 0.058 0.000  1.884 0.000   2.637 0.000 999.999 0.456 999.999 0.999   5.408 0.000 0.027 0.000  0.680 0.000
289.208333 290.208333   49.00 0.000  2.33 0.000 9.999 0.259000  0.17 0.000000 0.052 0.559  2.725 0.000   3.815 0.000  16.746 0.000   4.322 0.000  12.424 0.000 0.052 0.000  1.821 0.559
292.208333 293.208333   41.53 0.000  2.47 0.000 9.999 0.259000  0.22 0.000000 0.059 0.000  3.044 0.000   4.261 0.000  13.097 0.000   2.887 0.000  10.211 0.000 0.056 0.000  1.214 0.000
295.208333 296.208333   17.62 0.000  1.70 0.000 0.029 0.000000  0.78 0.000000 0.094 0.559  1.969 0.000   2.756 0.000  15.313 0.000   3.730 0.000  11.584 0.000 0.040 0.000  1.988 0.559
298.208333 299.208333   12.94 0.000  1.67 0.000 9.999 0.259000  1.05 0.000000 0.043 0.000  2.166 0.000   3.032 0.000  12.144 0.000   5.490 0.000   6.654 0.000 0.027 0.000  0.938 0.000
301.208333 302.208333   11.50 0.000  0.60 0.000 0.028 0.000000  1.04 0.000000 0.070 0.000  1.102 0.000   1.543 0.000   9.369 0.000   4.248 0.000   5.121 0.000 0.016 0.000  0.844 0.000
304.208333 305.208333   45.58 0.000  1.68 0.000 9.999 0.259000  0.22 0.000000 0.052 0.000  2.426 0.000   3.397 0.000  12.457 0.000   3.908 0.000   8.549 0.000 0.037 0.000  1.001 0.000
307.208333 308.208333   28.44 0.000  1.72 0.000 9.999 0.259000  0.93 0.000000 0.059 0.000  2.254 0.000   3.156 0.000  12.779 0.000   3.063 0.000   9.716 0.000 0.076 0.000  1.412 0.000
310.208333 311.208333   31.20 0.000  1.22 0.000 9.999 0.259000  0.11 0.000000 0.039 0.559  1.662 0.000   2.326 0.000  10.147 0.000   2.476 0.000   7.671 0.000 0.043 0.000  1.034 0.559
313.208333 314.208333   15.39 0.000  0.87 0.000 0.044 0.000000  0.70 0.000000 0.094 0.559  1.116 0.000   1.562 0.000  11.254 0.000   5.727 0.000   5.527 0.000 0.040 0.000  0.877 0.559
316.208333 317.208333   21.52 0.000  1.74 0.000 9.999 0.259000 99.99 0.259000 0.036 0.559  2.051 0.000   2.871 0.000  10.202 0.000   3.084 0.000   7.118 0.000 0.042 0.000  0.838 0.559
319.208333 320.208333    8.18 0.000  0.57 0.000 9.999 0.259000  0.50 0.000000 0.056 0.559  1.422 0.000   1.991 0.000   8.258 0.000   3.369 0.000   4.889 0.000 0.031 0.000  0.631 0.559
322.208333 323.208333   44.85 0.000  3.80 0.000 9.999 0.259000  0.19 0.000000 0.062 0.559  4.482 0.000   6.276 0.000  12.757 0.000   2.879 0.000   9.878 0.000 0.072 0.000  0.739 0.559
325.208333 326.208333   17.44 0.000  1.02 0.000 9.999 0.259000  0.15 0.000000 0.050 0.000  2.562 0.000   3.587 0.000  11.347 0.000   3.878 0.000   7.470 0.000 0.054 0.000  0.740 0.000
328.208333 329.208333   30.37 0.000  2.57 0.000 9.999 0.259000  0.37 0.000000 0.066 0.000  3.851 0.000   5.391 0.000  15.184 0.000   3.060 0.000  12.124 0.000 0.063 0.000  1.343 0.000
331.208333 332.208333   24.47 0.000  1.88 0.000 9.999 0.259000  0.17 0.000000 0.060 0.559  3.047 0.000   4.266 0.000  14.251 0.000   3.064 0.000  11.187 0.000 0.052 0.000  1.397 0.559
334.208333 335.208333   32.08 0.000  1.20 0.000 9.999 0.259000 99.99 0.259000 0.048 0.000  2.071 0.000   2.900 0.000  10.598 0.000   4.438 0.000   6.160 0.000 0.070 0.000  0.480 0.000
337.208333 338.208333   30.48 0.000  1.24 0.000 0.018 0.000000  0.24 0.000000 0.135 0.000  2.807 0.000   3.930 0.000  12.953 0.000   4.818 0.000   8.136 0.000 0.081 0.000  0.596 0.000
340.208333 341.208333   16.02 0.000  1.87 0.000 0.048 0.000000  0.57 0.000000 0.128 0.000  2.347 0.000   3.286 0.000  14.357 0.000   2.754 0.000  11.603 0.000 0.058 0.000  1.714 0.000
343.208333 344.208333    9.48 0.000  0.16 0.000 9.999 0.259000  0.26 0.000000 0.057 0.000  0.733 0.000   1.026 0.000   6.039 0.000   2.800 0.000   3.239 0.000 0.014 0.000  0.472 0.000
346.208333 347.208333    7.22 0.000  0.38 0.000 0.020 0.000000  0.24 0.000000 0.107 0.000  0.535 0.000   0.749 0.000  12.135 0.000   7.910 0.000   4.224 0.000 0.036 0.000  0.338 0.000
349.208333 350.208333   38.44 0.000  1.84 0.000 9.999 0.259000 99.99 0.259000 0.101 0.000  3.025 0.000   4.235 0.000  12.762 0.000   2.404 0.000  10.358 0.000 0.067 0.000  1.143 0.000
352.208333 353.208333   38.19 0.000  1.70 0.000 0.029 0.000000  0.45 0.000000 0.144 0.000  3.534 0.000   4.948 0.000  14.537 0.000   4.912 0.000   9.624 0.000 0.063 0.000  0.850 0.000
355.208333 356.208333   40.15 0.000  2.20 0.000 9.999 0.259000  0.51 0.000000 0.079 0.000  3.915 0.000   5.480 0.000  12.768 0.000   3.722 0.000   9.045 0.000 0.095 0.000  0.557 0.000
358.208333 359.208333    4.38 0.000  0.47 0.000 9.999 0.259000  0.12 0.000000 0.097 0.000  0.588 0.000   0.823 0.000  12.953 0.000   8.545 0.000   4.409 0.000 0.036 0.000  0.500 0.000
361.208333 362.208333   35.66 0.000  1.69 0.000 9.999 0.259000 99.99 0.259000 0.057 0.000  3.093 0.000   4.330 0.000   9.729 0.000   2.349 0.000   7.380 0.000 0.075 0.000  0.500 0.000
364.208333 365.208333   16.69 0.000  1.15 0.000 9.999 0.259000  0.40 0.000000 0.111 0.000  1.990 0.000   2.786 0.000  11.563 0.000   5.038 0.000   6.526 0.000 0.091 0.000  0.586 0.000
