scripts/IMPROVE-2019_partial/data/US1011R.20160101050000.20191216000000.filterpack...52w.3d.US03L_filterpack_US1011.US03L_IMPROVE_Davis.lev2.nas
51 1001
MISSING INFORMATION
US03L, IMPROVE, , , , , , , 
MISSING INFORMATION
IMPROVE sel_HTAP
1 1
2016 01 01 2019 12 16
3.000000
days from file reference point
4
1 1 1 1
999.999999 999.999 999.999 9.999
end_time of measurement, days from the file reference point
pm10_mass, ug/m3, Matrix=pm10
pm25_mass, ug/m3, Matrix=pm25
numflag, no unit
0
33
Data definition:              EBAS_1.1
Set type code:                TU
Timezone:                     UTC
File name:                    US1011R.20160101050000.20191216000000.filterpack...52w.3d.US03L_filterpack_US1011.US03L_IMPROVE_Davis.lev2.nas
File creation:                20191218120318
Startdate:                    20160101050000
Revision date:                20191216000000
Version:                      2
Version description:          "Data extracted from http://views.cira.colostate.edu/fed/DataWizard 2019-12-16"
Statistics:                   arithmetic mean
Data level:                   2
Period code:                  52w
Resolution code:              3d
Sample duration:              1d
Orig. time res.:              3d
Station code:                 US1011R
Platform code:                US1011S
Station name:                 Everglades National Park-Research Center (FL11)
Station latitude:             25.39
Station longitude:            -80.68
Station altitude:             2.0 m
Regime:                       IMG
Component:                    
Unit:                         ug/m3
Matrix:                       
Laboratory code:              US03L
Instrument type:              filterpack
Instrument name:              filterpack_US1011
Method ref:                   US03L_IMPROVE_Davis
Blank correction:             Blank corrected
Volume std. temperature:      ambient
Volume std. pressure:         ambient
starttime endtime PM10 PM2.5 flag
  0.208333   1.208333  13.842   7.971 0.000
  3.208333   4.208333 999.999   1.752 0.000
  6.208333   7.208333 999.999   1.395 0.000
  9.208333  10.208333 999.999   3.801 0.000
 12.208333  13.208333 999.999 999.999 0.999
 15.208333  16.208333   8.465   2.735 0.000
 18.208333  19.208333   7.915   4.261 0.000
 21.208333  22.208333   8.297   2.988 0.000
 24.208333  25.208333   8.241   3.766 0.000
 27.208333  28.208333   5.152   2.884 0.000
 30.208333  31.208333   9.351   4.123 0.000
 33.208333  34.208333  10.439   3.681 0.000
 36.208333  37.208333   9.345   3.518 0.000
 39.208333  40.208333  18.191   4.618 0.000
 42.208333  43.208333   7.932   3.379 0.000
 45.208333  46.208333  18.303   6.153 0.000
 48.208333  49.208333  10.778   5.207 0.000
 51.208333  52.208333   8.399   2.868 0.000
 54.208333  55.208333  19.571   8.136 0.000
 57.208333  58.208333  11.918   7.088 0.000
 60.208333  61.208333   9.919   3.813 0.000
 63.208333  64.208333  11.654   6.396 0.000
 66.208333  67.208333  15.114   4.571 0.000
 69.208333  70.208333  20.907   6.113 0.000
 72.208333  73.208333  15.202   5.699 0.000
 75.208333  76.208333  10.409   5.308 0.000
 78.208333  79.208333  13.444   6.173 0.000
 81.208333  82.208333  14.091   4.450 0.000
 84.208333  85.208333  14.463   8.459 0.000
 87.208333  88.208333  16.704   6.760 0.000
 90.208333  91.208333  12.972   3.926 0.000
 93.208333  94.208333  14.849   6.729 0.000
 96.208333  97.208333  23.928  16.636 0.000
 99.208333 100.208333  19.834   9.040 0.000
102.208333 103.208333 999.999 999.999 0.456
105.208333 106.208333 999.999 999.999 0.456
108.208333 109.208333  47.924  33.423 0.000
111.208333 112.208333  35.320  14.822 0.000
114.208333 115.208333  27.760   7.053 0.000
117.208333 118.208333  34.348  19.504 0.000
120.208333 121.208333  28.785  13.802 0.000
123.208333 124.208333  23.825  12.945 0.000
126.208333 127.208333  14.308   6.376 0.000
129.208333 130.208333  32.651  22.344 0.000
132.208333 133.208333  27.464  18.115 0.000
135.208333 136.208333  15.000   9.180 0.000
138.208333 139.208333  12.233   5.337 0.000
141.208333 142.208333  12.189   4.831 0.000
144.208333 145.208333  11.729   6.259 0.000
147.208333 148.208333  10.798   4.735 0.000
150.208333 151.208333  14.133   9.253 0.000
153.208333 154.208333  12.087   7.969 0.000
156.208333 157.208333  22.605   7.331 0.000
159.208333 160.208333   8.733   3.602 0.000
162.208333 163.208333   7.253 999.999 0.000
165.208333 166.208333   9.389 999.999 0.000
168.208333 169.208333  12.375 999.999 0.000
171.208333 172.208333  18.807   6.639 0.000
174.208333 175.208333   9.066   4.057 0.000
177.208333 178.208333   8.283   3.215 0.000
180.208333 181.208333   6.333   2.709 0.000
183.208333 184.208333  12.547   4.724 0.000
186.208333 187.208333  42.022  14.979 0.000
189.208333 190.208333  13.120   6.255 0.000
192.208333 193.208333  12.589   4.978 0.000
195.208333 196.208333 999.999 999.999 0.999
198.208333 199.208333  14.434   4.365 0.000
201.208333 202.208333  20.133   7.955 0.000
204.208333 205.208333   8.305   3.191 0.000
207.208333 208.208333  17.100   6.355 0.000
210.208333 211.208333  22.873   9.242 0.000
213.208333 214.208333  34.875  12.305 0.000
216.208333 217.208333  23.046   8.816 0.000
219.208333 220.208333  14.970   6.455 0.000
222.208333 223.208333   7.534   3.370 0.000
225.208333 226.208333  10.611   3.343 0.000
228.208333 229.208333  11.035   4.440 0.000
231.208333 232.208333   7.531   3.856 0.000
234.208333 235.208333   7.541   4.364 0.000
237.208333 238.208333   7.499   3.967 0.000
240.208333 241.208333   7.957   3.465 0.000
243.208333 244.208333  17.291   7.586 0.000
246.208333 247.208333  20.791   9.850 0.000
249.208333 250.208333  12.156   5.523 0.000
252.208333 253.208333   8.482   3.371 0.000
255.208333 256.208333   5.945   2.383 0.000
258.208333 259.208333 999.999 999.999 0.999
261.208333 262.208333 999.999 999.999 0.999
264.208333 265.208333   6.463   3.226 0.000
267.208333 268.208333   5.015   2.592 0.000
270.208333 271.208333   4.548   1.693 0.000
273.208333 274.208333   8.529 999.999 0.000
276.208333 277.208333   7.107 999.999 0.000
279.208333 280.208333   8.786 999.999 0.000
282.208333 283.208333  14.024   4.033 0.000
285.208333 286.208333  17.967 999.999 0.000
288.208333 289.208333  16.657   5.515 0.000
291.208333 292.208333  11.925   5.269 0.000
294.208333 295.208333  10.048   3.946 0.000
297.208333 298.208333  14.053   4.531 0.000
300.208333 301.208333  13.859   5.423 0.000
303.208333 304.208333  13.992   4.868 0.000
306.208333 307.208333  15.992   5.458 0.000
309.208333 310.208333  11.648   4.456 0.000
312.208333 313.208333  13.023   4.157 0.000
315.208333 316.208333  12.436   6.357 0.000
318.208333 319.208333   7.687   3.636 0.000
321.208333 322.208333  22.999  14.134 0.000
324.208333 325.208333  18.423   7.746 0.000
327.208333 328.208333  12.843   4.518 0.000
330.208333 331.208333  15.774   5.181 0.000
333.208333 334.208333  18.503   5.495 0.000
336.208333 337.208333  10.067   4.718 0.000
339.208333 340.208333  15.657   4.788 0.000
342.208333 343.208333 999.999 999.999 0.999
345.208333 346.208333 999.999 999.999 0.999
348.208333 349.208333  11.713   4.539 0.000
351.208333 352.208333  17.186   5.804 0.000
354.208333 355.208333  15.112   5.136 0.000
357.208333 358.208333   8.799   3.169 0.000
360.208333 361.208333  20.973   7.819 0.000
363.208333 364.208333   6.636   2.877 0.000
