scripts/IMPROVE-2019_partial/data/US1011R.20110103050000.20191216000000.filterpack...1y.3d.US03L_filterpack_US1011.US03L_IMPROVE_Davis.lev2.nas
52 1001
MISSING INFORMATION
US03L, IMPROVE, , , , , , , 
MISSING INFORMATION
IMPROVE sel_HTAP
1 1
2011 01 01 2019 12 16
3.000000
days from file reference point
5
1 1 1 1 1
999.999999 999.999 9.999 999.999 9.999
end_time of measurement, days from the file reference point
pm10_mass, ug/m3, Matrix=pm10
numflag pm10_mass, no unit, Matrix=pm10
pm25_mass, ug/m3, Matrix=pm25
numflag pm25_mass, no unit, Matrix=pm25
0
33
Data definition:              EBAS_1.1
Set type code:                TU
Timezone:                     UTC
File name:                    US1011R.20110103050000.20191216000000.filterpack...1y.3d.US03L_filterpack_US1011.US03L_IMPROVE_Davis.lev2.nas
File creation:                20191218120318
Startdate:                    20110103050000
Revision date:                20191216000000
Version:                      2
Version description:          "Data extracted from http://views.cira.colostate.edu/fed/DataWizard 2019-12-16"
Statistics:                   arithmetic mean
Data level:                   2
Period code:                  1y
Resolution code:              3d
Sample duration:              1d
Orig. time res.:              3d
Station code:                 US1011R
Platform code:                US1011S
Station name:                 Everglades National Park-Research Center (FL11)
Station latitude:             25.39
Station longitude:            -80.68
Station altitude:             2.0 m
Regime:                       IMG
Component:                    
Unit:                         ug/m3
Matrix:                       
Laboratory code:              US03L
Instrument type:              filterpack
Instrument name:              filterpack_US1011
Method ref:                   US03L_IMPROVE_Davis
Blank correction:             Blank corrected
Volume std. temperature:      ambient
Volume std. pressure:         ambient
starttime endtime PM10 flag_PM10 PM2.5 flag_PM2.5
  2.208333   3.208333   9.452 0.000   4.657 0.000
  5.208333   6.208333   7.832 0.000   4.541 0.000
  8.208333   9.208333  10.245 0.000   5.215 0.000
 11.208333  12.208333  14.276 0.000   8.831 0.000
 14.208333  15.208333   9.496 0.000   4.995 0.000
 17.208333  18.208333   6.184 0.000   3.815 0.000
 20.208333  21.208333   8.901 0.000   5.474 0.000
 23.208333  24.208333  11.754 0.000   5.360 0.000
 26.208333  27.208333   7.654 0.000   3.949 0.000
 29.208333  30.208333   8.656 0.000   5.464 0.000
 32.208333  33.208333  11.314 0.000   4.680 0.000
 35.208333  36.208333  11.485 0.000   3.471 0.000
 38.208333  39.208333  14.364 0.000   4.549 0.000
 41.208333  42.208333  17.739 0.000   7.809 0.000
 44.208333  45.208333   7.813 0.000   4.162 0.000
 47.208333  48.208333  19.152 0.000   7.386 0.000
 50.208333  51.208333  12.533 0.000   7.221 0.000
 53.208333  54.208333  12.673 0.000   7.089 0.000
 56.208333  57.208333  10.532 0.000   5.707 0.000
 59.208333  60.208333  14.303 0.000   6.309 0.000
 62.208333  63.208333  21.625 0.000   6.400 0.000
 65.208333  66.208333   8.023 0.000   4.120 0.000
 68.208333  69.208333  40.195 0.000   3.577 0.000
 71.208333  72.208333  13.241 0.000   7.999 0.000
 74.208333  75.208333   8.918 0.000   3.637 0.000
 77.208333  78.208333  12.707 0.000   8.031 0.000
 80.208333  81.208333  21.572 0.000   8.020 0.000
 83.208333  84.208333   9.984 0.000   5.438 0.000
 86.208333  87.208333  17.250 0.000   9.737 0.000
 89.208333  90.208333  24.583 0.000   9.238 0.000
 92.208333  93.208333   1.135 0.000 999.999 0.456
 95.208333  96.208333  12.918 0.000   5.297 0.000
 98.208333  99.208333  12.253 0.000   7.579 0.000
101.208333 102.208333  15.246 0.000   9.275 0.000
104.208333 105.208333 999.999 0.456   8.097 0.000
107.208333 108.208333  28.135 0.000  18.901 0.000
110.208333 111.208333  16.660 0.000   7.338 0.000
113.208333 114.208333  13.628 0.000   5.942 0.000
116.208333 117.208333  16.954 0.000   7.970 0.000
119.208333 120.208333  11.881 0.000   6.089 0.000
122.208333 123.208333  15.278 0.000   5.975 0.000
125.208333 126.208333  13.235 0.000   6.824 0.000
128.208333 129.208333  18.940 0.000  14.588 0.000
131.208333 132.208333  26.235 0.000  17.656 0.000
134.208333 135.208333  15.502 0.000   9.517 0.000
137.208333 138.208333  16.765 0.000   8.087 0.000
140.208333 141.208333  11.699 0.000   5.067 0.000
143.208333 144.208333  17.613 0.000  10.467 0.000
146.208333 147.208333  10.104 0.000   3.987 0.000
149.208333 150.208333  10.817 0.000   3.821 0.000
152.208333 153.208333  13.036 0.000   4.298 0.000
155.208333 156.208333  12.344 0.000   6.565 0.000
158.208333 159.208333  19.492 0.000  11.519 0.000
161.208333 162.208333  36.073 0.000  11.062 0.000
164.208333 165.208333  11.772 0.000 999.999 0.456
167.208333 168.208333  13.355 0.000   9.076 0.000
170.208333 171.208333  13.478 0.000   6.483 0.000
173.208333 174.208333  13.518 0.000   5.020 0.000
176.208333 177.208333  22.494 0.000  10.465 0.000
179.208333 180.208333  17.924 0.000   4.865 0.000
182.208333 183.208333  35.329 0.000  12.953 0.000
185.208333 186.208333  17.216 0.000   7.193 0.000
188.208333 189.208333  30.798 0.000  11.201 0.000
191.208333 192.208333  18.406 0.000   7.340 0.000
194.208333 195.208333  15.500 0.000   5.307 0.000
197.208333 198.208333  11.506 0.000   3.321 0.000
200.208333 201.208333 999.999 0.456   5.135 0.000
203.208333 204.208333 999.999 0.456   6.497 0.000
206.208333 207.208333  15.420 0.000   5.688 0.000
209.208333 210.208333   9.745 0.000   3.692 0.000
212.208333 213.208333   6.158 0.000   2.613 0.000
215.208333 216.208333  16.225 0.000   7.873 0.000
218.208333 219.208333  11.385 0.000   4.490 0.000
221.208333 222.208333  18.498 0.000   6.222 0.000
224.208333 225.208333  25.404 0.000   8.886 0.000
227.208333 228.208333  20.409 0.000   7.965 0.000
230.208333 231.208333  16.065 0.000   4.280 0.000
233.208333 234.208333  14.976 0.000   5.927 0.000
236.208333 237.208333  18.788 0.000   7.976 0.000
239.208333 240.208333  11.812 0.000   6.162 0.000
242.208333 243.208333  13.209 0.000   4.095 0.000
245.208333 246.208333  15.206 0.000   4.018 0.000
248.208333 249.208333  10.976 0.000   5.238 0.000
251.208333 252.208333   8.729 0.000   5.740 0.000
254.208333 255.208333  15.620 0.000   7.343 0.000
257.208333 258.208333  12.973 0.000   6.457 0.000
260.208333 261.208333   7.824 0.000   3.666 0.000
263.208333 264.208333  11.580 0.000   4.239 0.000
266.208333 267.208333  12.307 0.000   3.719 0.000
269.208333 270.208333  10.836 0.000   3.346 0.000
272.208333 273.208333  15.877 0.000   4.610 0.000
275.208333 276.208333  16.715 0.000   7.027 0.000
278.208333 279.208333  12.229 0.000   3.648 0.000
281.208333 282.208333  13.897 0.000   3.861 0.000
284.208333 285.208333  11.486 0.000   6.763 0.000
287.208333 288.208333  11.134 0.000   5.491 0.000
290.208333 291.208333  13.268 0.000   5.167 0.000
293.208333 294.208333  15.223 0.000   5.702 0.000
296.208333 297.208333  11.150 0.000   5.224 0.000
299.208333 300.208333  16.740 0.000   4.505 0.000
302.208333 303.208333  13.426 0.000   5.117 0.000
305.208333 306.208333  15.111 0.000   4.530 0.000
308.208333 309.208333  11.515 0.000   5.211 0.000
311.208333 312.208333   9.579 0.000   3.806 0.000
314.208333 315.208333  15.157 0.000   7.089 0.000
317.208333 318.208333  14.275 0.000   6.154 0.000
320.208333 321.208333  10.358 0.000   4.034 0.000
323.208333 324.208333  11.949 0.000   4.459 0.000
326.208333 327.208333   7.897 0.000   2.734 0.000
329.208333 330.208333  13.609 0.000   4.150 0.000
332.208333 333.208333   9.005 0.000   2.732 0.000
335.208333 336.208333  10.309 0.000   3.552 0.000
338.208333 339.208333  14.072 0.000   4.557 0.000
341.208333 342.208333  12.688 0.000   5.270 0.000
344.208333 345.208333   6.987 0.000   2.547 0.000
347.208333 348.208333  12.185 0.000   3.813 0.000
350.208333 351.208333   7.257 0.000   3.931 0.000
353.208333 354.208333  16.419 0.000   4.222 0.000
356.208333 357.208333   8.862 0.000   3.093 0.000
359.208333 360.208333   4.981 0.000   2.169 0.000
362.208333 363.208333   7.976 0.000   4.092 0.000
