scripts/IMPROVE-2019_partial/data/US1005R.20000101050000.20191216000000.filterpack..pm25.52w.1w.US03L_filterpack_US1005.US03L_IMPROVE_Davis.lev2.nas
64 1001
MISSING INFORMATION
US03L, IMPROVE, , , , , , , 
MISSING INFORMATION
IMPROVE sel_HTAP
1 1
2000 01 01 2019 12 16
0
days from file reference point
25
1 1 1 1 1 1 1 1 1 1 1 1 1 1 1 1 1 1 1 1 1 1 1 1 1
999.999999 9999.99 9.999 999.99 9.999999 9.999 9.999999 99.99 9.999999 9.999 9.999 99.999 9.999 999.999 9.999 999.999 9.999 999.999 9.999 999.999 9.999 9.999 9.999 99.999 9.999
end_time of measurement, days from the file reference point
iron, ng/m3, Revision date=20181210133000
numflag iron, no unit, Revision date=20181210133000
lead, ng/m3, Revision date=20181210133000
numflag lead, no unit, Revision date=20181210133000
magnesium, ug/m3, Revision date=20181210133000
numflag magnesium, no unit, Revision date=20181210133000
nickel, ng/m3, Revision date=20181210133000
numflag nickel, no unit, Revision date=20181210133000
nitrate, ug N/m3, Revision date=20181210133000
numflag nitrate, no unit, Revision date=20181210133000
organic_carbon, ug C/m3, Revision date=20181210133000
numflag organic_carbon, no unit, Revision date=20181210133000
organic_mass, ug/m3, Revision date=20181210133000
numflag organic_mass, no unit, Revision date=20181210133000
pm10_mass, ug/m3, Version=2, Version description=Data extracted from http://views.cira.colostate.edu/fed/DataWizard 2019-12-16, Sample duration=1d, Orig. time res.=3d, Matrix=pm10, Blank correction=Blank corrected, Volume std. temperature=ambient, Volume std. pressure=ambient
numflag pm10_mass, no unit, Version=2, Version description=Data extracted from http://views.cira.colostate.edu/fed/DataWizard 2019-12-16, Sample duration=1d, Orig. time res.=3d, Matrix=pm10, Blank correction=Blank corrected, Volume std. temperature=ambient, Volume std. pressure=ambient
pm10_pm25_mass, ug/m3, Revision date=20181210133000, Matrix=pm10_pm25
numflag pm10_pm25_mass, no unit, Revision date=20181210133000, Matrix=pm10_pm25
pm25_mass, ug/m3, Version=2, Version description=Data extracted from http://views.cira.colostate.edu/fed/DataWizard 2019-12-16, Sample duration=1d, Orig. time res.=3d, Blank correction=Blank corrected, Volume std. temperature=ambient, Volume std. pressure=ambient
numflag pm25_mass, no unit, Version=2, Version description=Data extracted from http://views.cira.colostate.edu/fed/DataWizard 2019-12-16, Sample duration=1d, Orig. time res.=3d, Blank correction=Blank corrected, Volume std. temperature=ambient, Volume std. pressure=ambient
potassium, ug/m3, Revision date=20181210133000
numflag potassium, no unit, Revision date=20181210133000
sulphate_total, ug S/m3, Revision date=20181210133000
numflag sulphate_total, no unit, Revision date=20181210133000
0
25
Data definition:              EBAS_1.1
Set type code:                TI
Timezone:                     UTC
File name:                    US1005R.20000101050000.20191216000000.filterpack..pm25.52w.1w.US03L_filterpack_US1005.US03L_IMPROVE_Davis.lev2.nas
File creation:                20191218120309
Startdate:                    20000101050000
Revision date:                20191216000000
Statistics:                   arithmetic mean
Data level:                   2
Period code:                  52w
Resolution code:              1w
Station code:                 US1005R
Platform code:                US1005S
Station name:                 Chassahowitzka National Wildlife Refuge (FL05)
Station latitude:             28.7486
Station longitude:            -82.5551
Station altitude:             3.0 m
Regime:                       IMG
Component:                    
Matrix:                       pm25
Laboratory code:              US03L
Instrument type:              filterpack
Instrument name:              filterpack_US1005
Method ref:                   US03L_IMPROVE_Davis
starttime endtime Fe flag_Fe Pb flag_Pb Mg++ flag_Mg++ Ni flag_Ni NO3- flag_NO3- OC flag_OC OM flag_OM PM10 flag_PM10 PM10-PM2.5 flag_PM10-PM2.5 PM2.5 flag_PM2.5 K+ flag_K+ SO4-- flag_SO4--
[from data line 86]
291.208333 292.208333   51.28 0.000   1.70 0.000000 9.999 0.259000 99.99 0.259000 0.053 0.000  4.097 0.000   5.735 0.000  23.936 0.000   4.112 0.000  19.824 0.000 0.092 0.000  2.721 0.000
294.208333 295.208333   21.49 0.000   1.48 0.000000 9.999 0.259000 99.99 0.259000 0.098 0.559  1.349 0.000   1.888 0.000  12.596 0.000   4.761 0.000   7.835 0.000 0.033 0.000  1.223 0.559
297.208333 298.208333 9999.99 0.456 999.99 0.456000 9.999 0.456000 99.99 0.456000 9.999 0.456 99.999 0.999 999.999 0.999 999.999 0.456 999.999 0.999 999.999 0.456 9.999 0.456 99.999 0.456
300.208333 301.208333 9999.99 0.456 999.99 0.456000 9.999 0.456000 99.99 0.456000 9.999 0.456 99.999 0.999 999.999 0.999 999.999 0.456 999.999 0.999 999.999 0.456 9.999 0.456 99.999 0.456
303.208333 304.208333 9999.99 0.456 999.99 0.456000 9.999 0.456000 99.99 0.456000 9.999 0.456 99.999 0.999 999.999 0.999 999.999 0.456 999.999 0.999 999.999 0.456 9.999 0.456 99.999 0.456
306.208333 307.208333   92.77 0.000   1.33 0.000000 9.999 0.259000 99.99 0.259000 0.067 0.559  2.630 0.000   3.682 0.000  15.588 0.000   3.658 0.000  11.930 0.000 0.039 0.000  1.697 0.559
309.208333 310.208333   58.13 0.000   0.82 0.000000 9.999 0.259000 99.99 0.259000 0.092 0.559  5.465 0.000   7.651 0.000  30.511 0.000   3.069 0.000  27.443 0.000 0.087 0.000  4.140 0.559
312.208333 313.208333   35.30 0.000   0.69 0.000000 9.999 0.259000  0.65 0.000000 0.148 0.000  3.680 0.000   5.152 0.000  19.979 0.000   5.497 0.000  14.482 0.000 0.133 0.000  1.719 0.000
315.208333 316.208333   20.51 0.000   1.19 0.000000 9.999 0.259000 99.99 0.259000 0.087 0.000  2.273 0.000   3.183 0.000   9.804 0.000   2.197 0.000   7.607 0.000 0.047 0.000  0.640 0.000
318.208333 319.208333   20.52 0.000   1.16 0.000000 9.999 0.259000 99.99 0.259000 0.094 0.000  2.212 0.000   3.097 0.000  11.521 0.000   1.924 0.000   9.597 0.000 0.060 0.000  1.162 0.000
321.208333 322.208333   20.73 0.000   1.31 0.000000 9.999 0.259000 99.99 0.259000 0.215 0.000  2.079 0.000   2.910 0.000  12.032 0.000   3.337 0.000   8.695 0.000 0.056 0.000  0.925 0.000
324.208333 325.208333   20.83 0.000   0.60 0.000000 9.999 0.259000 99.99 0.259000 0.073 0.000  0.904 0.000   1.265 0.000   6.536 0.000   1.954 0.000   4.582 0.000 0.019 0.000  0.486 0.000
327.208333 328.208333   47.30 0.000   2.29 0.000000 9.999 0.259000 99.99 0.259000 0.108 0.000  4.071 0.000   5.700 0.000  15.003 0.000   5.091 0.000   9.912 0.000 0.142 0.000  0.525 0.000
330.208333 331.208333    9.84 0.000   0.46 0.000000 9.999 0.259000 99.99 0.259000 0.054 0.559  1.432 0.000   2.005 0.000   7.799 0.000   2.180 0.000   5.619 0.000 0.030 0.000  0.588 0.559
333.208333 334.208333   63.03 0.000   3.22 0.000000 9.999 0.259000 99.99 0.259000 0.088 0.559  4.192 0.000   5.869 0.000  16.552 0.000   4.115 0.000  12.436 0.000 0.104 0.000  0.801 0.559
336.208333 337.208333   32.44 0.000   2.04 0.000000 9.999 0.259000  0.61 0.000000 0.116 0.000  2.579 0.000   3.611 0.000  13.637 0.000   4.019 0.000   9.618 0.000 0.066 0.000  0.948 0.000
339.208333 340.208333   24.85 0.000   1.54 0.000000 9.999 0.259000  0.80 0.000000 0.066 0.000  2.175 0.000   3.044 0.000  10.668 0.000   3.577 0.000   7.091 0.000 0.057 0.000  0.546 0.000
342.208333 343.208333   33.18 0.000   3.03 0.000000 9.999 0.259000  1.99 0.000000 0.306 0.000  9.730 0.000  13.622 0.000  29.397 0.000   3.561 0.000  25.836 0.000 0.105 0.000  1.527 0.000
345.208333 346.208333   15.17 0.000   0.91 0.000000 9.999 0.259000  1.73 0.000000 0.213 0.000  3.778 0.000   5.290 0.000  18.746 0.000   2.998 0.000  15.748 0.000 0.040 0.000  1.779 0.000
348.208333 349.208333   14.44 0.000   0.98 0.000000 9.999 0.259000  1.54 0.000000 0.158 0.000  1.402 0.000   1.963 0.000  10.003 0.000   3.552 0.000   6.450 0.000 0.057 0.000  0.910 0.000
351.208333 352.208333   11.63 0.000   0.47 0.000000 9.999 0.259000 99.99 0.259000 0.098 0.000  0.846 0.000   1.185 0.000  14.824 0.000   9.914 0.000   4.910 0.000 0.035 0.000  0.353 0.000
354.208333 355.208333   49.47 0.000   1.25 0.000000 9.999 0.259000 99.99 0.259000 0.080 0.000  1.773 0.000   2.482 0.000   9.419 0.000   2.207 0.000   7.213 0.000 0.068 0.000  0.745 0.000
357.208333 358.208333   21.15 0.000   3.54 0.000000 9.999 0.259000  0.57 0.000000 0.180 0.000  1.409 0.000   1.972 0.000  13.187 0.000   6.600 0.000   6.587 0.000 0.049 0.000  0.699 0.000
360.208333 361.208333   16.96 0.000   0.98 0.000000 9.999 0.259000  0.37 0.000000 0.176 0.000  0.779 0.000   1.091 0.000  14.628 0.000   8.041 0.000   6.587 0.000 0.041 0.000  0.738 0.000
363.208333 364.208333   12.17 0.000   1.01 0.000000 9.999 0.259000  0.16 0.000000 0.062 0.000  0.791 0.000   1.107 0.000   5.689 0.000   1.657 0.000   4.031 0.000 0.023 0.000  0.516 0.000
