scripts/IMPROVE-2019_partial/data/US1005R.20080101050000.20191216000000.filterpack...52w.3d.US03L_filterpack_US1005.US03L_IMPROVE_Davis.lev2.nas
52 1001
MISSING INFORMATION
US03L, IMPROVE, , , , , , , 
MISSING INFORMATION
IMPROVE sel_HTAP
1 1
2008 01 01 2019 12 16
3.000000
days from file reference point
5
1 1 1 1 1
999.999999 999.999 9.999 999.999 9.999
end_time of measurement, days from the file reference point
pm10_mass, ug/m3, Matrix=pm10
numflag pm10_mass, no unit, Matrix=pm10
pm25_mass, ug/m3, Matrix=pm25
numflag pm25_mass, no unit, Matrix=pm25
0
33
Data definition:              EBAS_1.1
Set type code:                TU
Timezone:                     UTC
File name:                    US1005R.20080101050000.20191216000000.filterpack...52w.3d.US03L_filterpack_US1005.US03L_IMPROVE_Davis.lev2.nas
File creation:                20191218120311
Startdate:                    20080101050000
Revision date:                20191216000000
Version:                      2
Version description:          "Data extracted from http://views.cira.colostate.edu/fed/DataWizard 2019-12-16"
Statistics:                   arithmetic mean
Data level:                   2
Period code:                  52w
Resolution code:              3d
Sample duration:              1d
Orig. time res.:              3d
Station code:                 US1005R
Platform code:                US1005S
Station name:                 Chassahowitzka National Wildlife Refuge (FL05)
Station latitude:             28.7486
Station longitude:            -82.5551
Station altitude:             3.0 m
Regime:                       IMG
Component:                    
Unit:                         ug/m3
Matrix:                       
Laboratory code:              US03L
Instrument type:              filterpack
Instrument name:              filterpack_US1005
Method ref:                   US03L_IMPROVE_Davis
Blank correction:             Blank corrected
Volume std. temperature:      ambient
Volume std. pressure:         ambient
starttime endtime PM10 flag_PM10 PM2.5 flag_PM2.5
  0.208333   1.208333  12.990 0.000 999.999 0.456
  3.208333   4.208333  12.077 0.000   7.484 0.000
  6.208333   7.208333   5.607 0.000   3.023 0.000
  9.208333  10.208333  10.112 0.000   6.312 0.000
 12.208333  13.208333   8.611 0.000   6.863 0.000
 15.208333  16.208333 999.999 0.456   9.078 0.000
 18.208333  19.208333   9.808 0.000   6.835 0.000
 21.208333  22.208333  12.583 0.000   6.615 0.000
 24.208333  25.208333  12.521 0.000   7.492 0.000
 27.208333  28.208333  11.787 0.000   9.552 0.000
 30.208333  31.208333  17.219 0.000  10.217 0.000
 33.208333  34.208333  18.743 0.000  12.764 0.000
 36.208333  37.208333  17.533 0.000   9.889 0.000
 39.208333  40.208333  14.233 0.000   9.174 0.000
 42.208333  43.208333  13.169 0.000   7.264 0.000
 45.208333  46.208333  12.239 0.000   9.172 0.000
 48.208333  49.208333   8.118 0.000   4.878 0.000
 51.208333  52.208333  11.851 0.000   8.962 0.000
 54.208333  55.208333  12.783 0.000  10.576 0.000
 57.208333  58.208333   7.608 0.000   5.286 0.000
 60.208333  61.208333  12.630 0.000   9.471 0.000
 63.208333  64.208333  10.885 0.000   5.672 0.000
 66.208333  67.208333   9.043 0.000   5.940 0.000
 69.208333  70.208333  11.031 0.000   8.169 0.000
 72.208333  73.208333  18.498 0.000  16.364 0.000
 75.208333  76.208333  17.213 0.000  12.723 0.000
 78.208333  79.208333  21.040 0.000   9.787 0.000
 81.208333  82.208333  12.990 0.000   8.091 0.000
 84.208333  85.208333  16.164 0.000  11.839 0.000
 87.208333  88.208333  15.821 0.000   9.019 0.000
 90.208333  91.208333   8.854 0.000   5.907 0.000
 93.208333  94.208333   9.924 0.000   5.987 0.000
 96.208333  97.208333   4.995 0.000   2.543 0.000
 99.208333 100.208333  12.320 0.000   8.216 0.000
102.208333 103.208333   8.338 0.000   5.071 0.000
105.208333 106.208333   9.349 0.000   6.948 0.000
108.208333 109.208333  12.787 0.000   8.782 0.000
111.208333 112.208333  11.917 0.000   7.931 0.000
114.208333 115.208333   9.910 0.000   5.468 0.000
117.208333 118.208333  13.825 0.000   8.638 0.000
120.208333 121.208333  16.530 0.000  11.859 0.000
123.208333 124.208333  15.447 0.000   8.947 0.000
126.208333 127.208333  18.020 0.000  11.956 0.000
129.208333 130.208333  18.882 0.000  10.382 0.000
132.208333 133.208333  14.244 0.000   6.782 0.000
135.208333 136.208333  24.024 0.000  11.126 0.000
138.208333 139.208333  13.543 0.000   9.467 0.000
141.208333 142.208333  11.228 0.000   6.077 0.000
144.208333 145.208333  13.586 0.000   8.197 0.000
147.208333 148.208333  10.309 0.000   3.598 0.000
150.208333 151.208333  11.640 0.000   4.203 0.000
153.208333 154.208333  10.412 0.000   5.856 0.000
156.208333 157.208333  10.033 0.000   5.275 0.000
159.208333 160.208333   9.084 0.000   4.645 0.000
162.208333 163.208333  12.390 0.000   7.748 0.000
165.208333 166.208333  13.909 0.000   6.387 0.000
168.208333 169.208333   8.515 0.000   5.852 0.000
171.208333 172.208333  12.030 0.000   7.829 0.000
174.208333 175.208333  12.070 0.000   4.457 0.000
177.208333 178.208333 999.999 0.999 999.999 0.999
180.208333 181.208333 999.999 0.999 999.999 0.999
183.208333 184.208333 999.999 0.999 999.999 0.999
186.208333 187.208333 999.999 0.999 999.999 0.999
189.208333 190.208333 999.999 0.999 999.999 0.999
192.208333 193.208333 999.999 0.999 999.999 0.999
195.208333 196.208333  15.864 0.000   8.676 0.000
198.208333 199.208333  13.825 0.000   5.741 0.000
201.208333 202.208333  12.566 0.000   8.074 0.000
204.208333 205.208333  13.150 0.000   7.850 0.000
207.208333 208.208333  16.745 0.000   9.983 0.000
210.208333 211.208333  11.631 0.000   5.757 0.000
213.208333 214.208333  13.729 0.000   6.380 0.000
216.208333 217.208333  17.033 0.000   8.576 0.000
219.208333 220.208333  18.206 0.000  11.058 0.000
222.208333 223.208333  15.924 0.000  12.275 0.000
225.208333 226.208333  53.488 0.000  23.960 0.000
228.208333 229.208333  14.751 0.000   6.973 0.000
231.208333 232.208333   9.503 0.000   4.585 0.000
234.208333 235.208333  10.262 0.000   5.458 0.000
237.208333 238.208333  14.931 0.000   7.649 0.000
240.208333 241.208333  10.772 0.000   7.542 0.000
243.208333 244.208333  20.959 0.000   8.803 0.000
246.208333 247.208333  11.934 0.000   6.436 0.000
249.208333 250.208333  11.527 0.000   7.619 0.000
252.208333 253.208333  22.856 0.000   9.606 0.000
255.208333 256.208333  10.024 0.000   4.575 0.000
258.208333 259.208333   8.207 0.000   5.084 0.000
261.208333 262.208333   8.820 0.000   5.141 0.000
264.208333 265.208333  10.027 0.000   6.072 0.000
267.208333 268.208333  17.803 0.000   9.546 0.000
270.208333 271.208333   9.208 0.000   7.203 0.000
273.208333 274.208333  10.320 0.000   7.306 0.000
276.208333 277.208333  14.240 0.000   9.689 0.000
279.208333 280.208333   8.174 0.000   4.128 0.000
282.208333 283.208333   9.418 0.000   4.837 0.000
285.208333 286.208333   8.049 0.000   4.019 0.000
288.208333 289.208333  11.110 0.000   6.270 0.000
291.208333 292.208333   9.077 0.000   6.278 0.000
294.208333 295.208333   9.358 0.000   5.168 0.000
297.208333 298.208333   8.387 0.000   4.159 0.000
300.208333 301.208333  13.746 0.000   9.304 0.000
303.208333 304.208333  11.514 0.000   8.707 0.000
306.208333 307.208333   8.710 0.000   4.912 0.000
309.208333 310.208333   8.541 0.000   5.336 0.000
312.208333 313.208333   8.295 0.000   6.154 0.000
315.208333 316.208333  11.724 0.000   6.539 0.000
318.208333 319.208333   9.813 0.000   5.391 0.000
321.208333 322.208333   9.585 0.000   7.050 0.000
324.208333 325.208333  10.698 0.000   7.041 0.000
327.208333 328.208333   9.335 0.000   5.428 0.000
330.208333 331.208333  10.656 0.000   7.158 0.000
333.208333 334.208333  12.838 0.000   7.229 0.000
336.208333 337.208333   4.921 0.000   3.622 0.000
339.208333 340.208333  15.205 0.000  11.537 0.000
342.208333 343.208333  18.166 0.000  14.000 0.000
345.208333 346.208333  12.528 0.000   5.660 0.000
348.208333 349.208333  14.512 0.000   6.555 0.000
351.208333 352.208333  11.384 0.000   7.267 0.000
354.208333 355.208333   5.877 0.000   4.239 0.000
357.208333 358.208333  12.801 0.000   4.813 0.000
360.208333 361.208333   8.827 0.000   3.985 0.000
363.208333 364.208333  11.247 0.000   6.289 0.000
