scripts/IMPROVE-2019_partial/data/US1005R.19970101050000.20191216000000.filterpack...1y.3d.US03L_filterpack_US1005.US03L_IMPROVE_Davis.lev2.nas
51 1001
MISSING INFORMATION
US03L, IMPROVE, , , , , , , 
MISSING INFORMATION
IMPROVE sel_HTAP
1 1
1997 01 01 2019 12 16
0
days from file reference point
4
1 1 1 1
999.999999 999.999 999.999 9.999
end_time of measurement, days from the file reference point
pm10_mass, ug/m3, Matrix=pm10
pm25_mass, ug/m3, Matrix=pm25
numflag, no unit
0
33
Data definition:              EBAS_1.1
Set type code:                TI
Timezone:                     UTC
File name:                    US1005R.19970101050000.20191216000000.filterpack...1y.3d.US03L_filterpack_US1005.US03L_IMPROVE_Davis.lev2.nas
File creation:                20191218120309
Startdate:                    19970101050000
Revision date:                20191216000000
Version:                      2
Version description:          "Data extracted from http://views.cira.colostate.edu/fed/DataWizard 2019-12-16"
Statistics:                   arithmetic mean
Data level:                   2
Period code:                  1y
Resolution code:              3d
Sample duration:              1d
Orig. time res.:              3d
Station code:                 US1005R
Platform code:                US1005S
Station name:                 Chassahowitzka National Wildlife Refuge (FL05)
Station latitude:             28.7486
Station longitude:            -82.5551
Station altitude:             3.0 m
Regime:                       IMG
Component:                    
Unit:                         ug/m3
Matrix:                       
Laboratory code:              US03L
Instrument type:              filterpack
Instrument name:              filterpack_US1005
Method ref:                   US03L_IMPROVE_Davis
Blank correction:             Blank corrected
Volume std. temperature:      ambient
Volume std. pressure:         ambient
starttime endtime PM10 PM2.5 flag
  0.208333   1.208333  16.684  13.325 0.000
  3.208333   4.208333   8.512   5.104 0.000
  7.208333   8.208333  16.743  11.069 0.000
 10.208333  11.208333   9.128   6.914 0.000
 14.208333  15.208333 999.999   6.731 0.000
 17.208333  18.208333   6.899   5.822 0.000
 21.208333  22.208333  14.280  11.334 0.000
 24.208333  25.208333   9.375   4.891 0.000
 28.208333  29.208333  12.739   9.349 0.000
 31.208333  32.208333  13.889   8.985 0.000
 35.208333  36.208333 999.999   8.239 0.000
 38.208333  39.208333  31.898  12.279 0.000
 42.208333  43.208333  27.104  18.308 0.000
 45.208333  46.208333 999.999 999.999 0.999
 49.208333  50.208333  25.903   8.088 0.000
 52.208333  53.208333  18.600   5.087 0.000
 56.208333  57.208333  19.756 999.999 0.000
 59.208333  60.208333  18.319   8.773 0.000
 63.208333  64.208333  22.661  13.094 0.000
 66.208333  67.208333  21.203  10.041 0.000
 70.208333  71.208333  27.379  15.881 0.000
 73.208333  74.208333  17.546   8.067 0.000
 77.208333  78.208333  23.413  11.876 0.000
 80.208333  81.208333  21.358  14.125 0.000
 84.208333  85.208333  15.896   9.850 0.000
 87.208333  88.208333  10.873   6.712 0.000
 91.208333  92.208333  26.230   6.568 0.000
 94.208333  95.208333  20.794   6.532 0.000
 98.208333  99.208333  29.077  12.382 0.000
101.208333 102.208333  17.301   6.353 0.000
105.208333 106.208333  16.906  11.211 0.000
108.208333 109.208333  15.790  10.161 0.000
112.208333 113.208333  20.194  12.028 0.000
115.208333 116.208333  15.319   9.357 0.000
119.208333 120.208333  48.195   8.067 0.000
122.208333 123.208333  29.021  17.108 0.000
126.208333 127.208333  36.331  14.723 0.000
129.208333 130.208333  30.954  14.428 0.000
133.208333 134.208333  34.762  19.954 0.000
136.208333 137.208333  35.697  20.863 0.000
140.208333 141.208333  17.183   8.543 0.000
143.208333 144.208333  25.119  14.239 0.000
147.208333 148.208333  19.025  10.845 0.000
150.208333 151.208333  13.190   5.312 0.000
154.208333 155.208333  17.381  15.056 0.000
157.208333 158.208333  11.119   3.997 0.000
161.208333 162.208333  15.846   6.657 0.000
164.208333 165.208333  44.163  20.716 0.000
168.208333 169.208333  37.421  16.952 0.000
171.208333 172.208333  57.803  24.696 0.000
175.208333 176.208333  12.009   5.408 0.000
178.208333 179.208333  17.924  11.696 0.000
182.208333 183.208333  22.463  14.742 0.000
185.208333 186.208333  22.075  15.199 0.000
189.208333 190.208333  18.340  12.335 0.000
192.208333 193.208333  17.756  12.635 0.000
196.208333 197.208333  19.809  19.872 0.000
199.208333 200.208333  10.417   6.204 0.000
203.208333 204.208333  12.997   9.552 0.000
206.208333 207.208333 999.999 999.999 0.999
210.208333 211.208333  12.381   8.046 0.000
213.208333 214.208333  17.542   8.296 0.000
217.208333 218.208333  36.794  19.212 0.000
220.208333 221.208333  18.219  11.738 0.000
224.208333 225.208333  16.705  13.002 0.000
227.208333 228.208333  16.347  11.686 0.000
231.208333 232.208333  13.969  12.031 0.000
234.208333 235.208333  19.037  15.696 0.000
238.208333 239.208333  23.826  13.179 0.000
241.208333 242.208333  24.976  19.221 0.000
245.208333 246.208333  13.809   8.081 0.000
248.208333 249.208333  14.633   6.791 0.000
252.208333 253.208333  17.625  12.568 0.000
255.208333 256.208333  12.483   8.951 0.000
259.208333 260.208333  18.947   7.526 0.000
262.208333 263.208333  33.719  16.380 0.000
266.208333 267.208333  19.501  10.417 0.000
269.208333 270.208333   9.771   3.319 0.000
273.208333 274.208333  31.836  22.648 0.000
276.208333 277.208333  14.851   8.759 0.000
280.208333 281.208333  19.224  11.049 0.000
283.208333 284.208333  10.967   5.370 0.000
287.208333 288.208333   9.635   4.650 0.000
290.208333 291.208333  13.845  10.993 0.000
294.208333 295.208333  23.178  19.553 0.000
297.208333 298.208333  13.889   9.880 0.000
301.208333 302.208333  14.292  10.038 0.000
304.208333 305.208333  14.830   5.342 0.000
308.208333 309.208333  12.248   8.868 0.000
311.208333 312.208333  14.918  12.138 0.000
315.208333 316.208333  24.621  19.097 0.000
318.208333 319.208333  12.446   7.986 0.000
322.208333 323.208333  16.910  12.301 0.000
325.208333 326.208333  13.889   8.942 0.000
329.208333 330.208333  20.189   8.965 0.000
332.208333 333.208333  13.844   8.996 0.000
336.208333 337.208333  15.723  10.150 0.000
339.208333 340.208333  10.002   6.944 0.000
343.208333 344.208333  14.675   7.607 0.000
346.208333 347.208333   3.828   3.012 0.000
350.208333 351.208333  13.420   8.235 0.000
353.208333 354.208333  20.067  17.870 0.000
357.208333 358.208333  17.933   9.062 0.000
360.208333 361.208333  12.219   5.349 0.000
364.208333 365.208333  11.231   4.526 0.000
