scripts/IMPROVE-2019_partial/data/US1011R.20030103050000.20191216000000.filterpack..pm25.1y.1w.US03L_filterpack_US1011.US03L_IMPROVE_Davis.lev2.nas
68 1001
MISSING INFORMATION
US03L, IMPROVE, , , , , , , 
MISSING INFORMATION
IMPROVE sel_HTAP
1 1
2003 01 01 2019 12 16
3.000000
days from file reference point
29
1 1 1 1 1 1 1 1 1 1 1 1 1 1 1 1 1 1 1 1 1 1 1 1 1 1 1 1 1
999.999999 99.999 9.999999 9999.99 9.999 99.99 9.999999 9.999 9.999 99.99 9.999999 9.999 9.999 9999.999 9.999 9999.999 9.999 999.99 9.999999 999.999 9.999 999.999 9.999 999.999 9.999 9.999 9.999 99.999 9.999
end_time of measurement, days from the file reference point
ammonium, ug N/m3, Revision date=20181210133000
numflag ammonium, no unit, Revision date=20181210133000
iron, ng/m3, Revision date=20181210133000
numflag iron, no unit, Revision date=20181210133000
lead, ng/m3, Revision date=20181210133000
numflag lead, no unit, Revision date=20181210133000
magnesium, ug/m3, Revision date=20181210133000
numflag magnesium, no unit, Revision date=20181210133000
nickel, ng/m3, Revision date=20181210133000
numflag nickel, no unit, Revision date=20181210133000
nitrate, ug N/m3, Revision date=20181210133000
numflag nitrate, no unit, Revision date=20181210133000
organic_carbon, ug C/m3, Revision date=20181210133000
numflag organic_carbon, no unit, Revision date=20181210133000
organic_mass, ug/m3, Revision date=20181210133000
numflag organic_mass, no unit, Revision date=20181210133000
phosphorus, ng/m3, Revision date=20181210133000
numflag phosphorus, no unit, Revision date=20181210133000
pm10_mass, ug/m3, Version=2, Version description=Data extracted from http://views.cira.colostate.edu/fed/DataWizard 2019-12-16, Sample duration=1d, Orig. time res.=3d, Matrix=pm10, Blank correction=Blank corrected, Volume std. temperature=ambient, Volume std. pressure=ambient
numflag pm10_mass, no unit, Version=2, Version description=Data extracted from http://views.cira.colostate.edu/fed/DataWizard 2019-12-16, Sample duration=1d, Orig. time res.=3d, Matrix=pm10, Blank correction=Blank corrected, Volume std. temperature=ambient, Volume std. pressure=ambient
pm10_pm25_mass, ug/m3, Revision date=20181210133000, Matrix=pm10_pm25
numflag pm10_pm25_mass, no unit, Revision date=20181210133000, Matrix=pm10_pm25
pm25_mass, ug/m3, Version=2, Version description=Data extracted from http://views.cira.colostate.edu/fed/DataWizard 2019-12-16, Sample duration=1d, Orig. time res.=3d, Blank correction=Blank corrected, Volume std. temperature=ambient, Volume std. pressure=ambient
numflag pm25_mass, no unit, Version=2, Version description=Data extracted from http://views.cira.colostate.edu/fed/DataWizard 2019-12-16, Sample duration=1d, Orig. time res.=3d, Blank correction=Blank corrected, Volume std. temperature=ambient, Volume std. pressure=ambient
potassium, ug/m3, Revision date=20181210133000
numflag potassium, no unit, Revision date=20181210133000
sulphate_total, ug S/m3, Revision date=20181210133000
numflag sulphate_total, no unit, Revision date=20181210133000
0
25
Data definition:              EBAS_1.1
Set type code:                TU
Timezone:                     UTC
File name:                    US1011R.20030103050000.20191216000000.filterpack..pm25.1y.1w.US03L_filterpack_US1011.US03L_IMPROVE_Davis.lev2.nas
File creation:                20191218120316
Startdate:                    20030103050000
Revision date:                20191216000000
Statistics:                   arithmetic mean
Data level:                   2
Period code:                  1y
Resolution code:              1w
Station code:                 US1011R
Platform code:                US1011S
Station name:                 Everglades National Park-Research Center (FL11)
Station latitude:             25.39
Station longitude:            -80.68
Station altitude:             2.0 m
Regime:                       IMG
Component:                    
Matrix:                       pm25
Laboratory code:              US03L
Instrument type:              filterpack
Instrument name:              filterpack_US1011
Method ref:                   US03L_IMPROVE_Davis
starttime endtime NH4+ flag_NH4+ Fe flag_Fe Pb flag_Pb Mg++ flag_Mg++ Ni flag_Ni NO3- flag_NO3- OC flag_OC OM flag_OM P flag_P PM10 flag_PM10 PM10-PM2.5 flag_PM10-PM2.5 PM2.5 flag_PM2.5 K+ flag_K+ SO4-- flag_SO4--
[from data line 74]
224.208333 225.208333 99.999 0.999000 9999.99 0.999 99.99 0.999000 9.999 0.999 99.99 0.999000 9.999 0.999 9999.999 0.999 9999.999 0.999 999.99 0.999000 999.999 0.999 999.999 0.999 999.999 0.999 9.999 0.999 99.999 0.999
227.208333 228.208333  0.059 0.000000   38.75 0.000  0.34 0.000000 9.999 0.259  0.81 0.000000 0.049 0.000    1.265 0.000    1.771 0.000 999.99 0.259000  10.253 0.000   6.159 0.000   4.094 0.000 0.037 0.000  0.335 0.000
230.208333 231.208333  0.140 0.000000   71.43 0.000  0.67 0.000000 9.999 0.259  2.20 0.000000 0.049 0.000    1.815 0.000    2.541 0.000 999.99 0.259000  12.544 0.000   6.110 0.000   6.433 0.000 0.053 0.000  0.457 0.000
233.208333 234.208333  0.067 0.000000  154.92 0.000  0.44 0.000000 9.999 0.259  0.16 0.000000 0.041 0.000    1.306 0.000    1.828 0.000 999.99 0.259000  13.906 0.000   8.278 0.000   5.629 0.000 0.071 0.000  0.328 0.000
236.208333 237.208333 99.999 0.559259   21.26 0.000  0.31 0.000000 9.999 0.259  2.44 0.000000 0.069 0.559    1.228 0.000    1.719 0.000 999.99 0.259000  10.835 0.000   7.273 0.000   3.562 0.000 0.024 0.000  0.429 0.559
239.208333 240.208333  0.056 0.559000   54.57 0.000  0.80 0.000000 9.999 0.259  2.07 0.000000 0.035 0.559    0.685 0.000    0.959 0.000 999.99 0.259000   8.108 0.000   4.606 0.000   3.502 0.000 0.039 0.000  0.199 0.559
242.208333 243.208333  0.100 0.559000   16.53 0.000  0.39 0.000000 0.017 0.000  1.21 0.000000 0.039 0.559    0.669 0.000    0.937 0.000 999.99 0.259000   9.562 0.000   5.864 0.000   3.698 0.000 0.027 0.000  0.351 0.559
245.208333 246.208333  0.068 0.559000   17.77 0.000  0.27 0.000000 9.999 0.259  0.73 0.000000 0.028 0.559    1.582 0.000    2.214 0.000 999.99 0.259000  10.236 0.000   6.853 0.000   3.382 0.000 0.026 0.000  0.279 0.559
248.208333 249.208333  0.145 0.559000   46.89 0.000  0.40 0.000000 9.999 0.259  0.57 0.000000 0.037 0.559    0.527 0.000    0.738 0.000 999.99 0.259000   9.308 0.000   4.099 0.000   5.208 0.000 0.042 0.000  0.655 0.559
251.208333 252.208333  0.794 0.559000    9.78 0.000  0.57 0.000000 9.999 0.259  1.86 0.000000 0.037 0.559    1.472 0.000    2.061 0.000 999.99 0.259000  15.035 0.000   3.365 0.000  11.669 0.000 0.024 0.000  1.933 0.559
254.208333 255.208333  0.294 0.559000   12.03 0.000  0.65 0.000000 0.042 0.000  2.23 0.000000 0.078 0.559    1.260 0.000    1.764 0.000 999.99 0.259000  10.035 0.000   4.168 0.000   5.867 0.000 0.022 0.000  0.843 0.559
257.208333 258.208333  0.334 0.559000   84.20 0.000  0.88 0.000000 9.999 0.259  1.08 0.000000 0.076 0.559    1.636 0.000    2.290 0.000 999.99 0.259000  14.107 0.000   6.654 0.000   7.453 0.000 0.050 0.000  0.814 0.559
260.208333 261.208333  0.180 0.559000   16.08 0.000  0.40 0.000000 0.042 0.000  0.92 0.000000 0.103 0.559    1.264 0.000    1.770 0.000 999.99 0.259000  12.393 0.000   6.771 0.000   5.622 0.000 0.034 0.000  0.737 0.559
263.208333 264.208333  0.113 0.559000    5.41 0.000  0.28 0.000000 0.027 0.000  0.96 0.000000 0.035 0.559    1.024 0.000    1.433 0.000 999.99 0.259000  11.147 0.000   7.058 0.000   4.088 0.000 0.032 0.000  0.429 0.559
266.208333 267.208333  0.045 0.559000  109.09 0.000  1.00 0.000000 9.999 0.259  0.65 0.000000 0.030 0.559    1.351 0.000    1.892 0.000 999.99 0.259000  13.390 0.000   8.220 0.000   5.171 0.000 0.063 0.000  0.249 0.559
269.208333 270.208333  0.226 0.559000   23.25 0.000  0.19 0.000000 0.053 0.000  0.45 0.000000 0.021 0.559    1.288 0.000    1.803 0.000 999.99 0.259000  12.037 0.000   7.017 0.000   5.020 0.000 0.035 0.000  0.635 0.559
272.208333 273.208333  0.060 0.559000  348.28 0.000  0.97 0.000000 0.069 0.000  0.41 0.000000 0.058 0.559    1.197 0.000    1.676 0.000 999.99 0.259000  23.349 0.000  12.399 0.000  10.950 0.000 0.138 0.000  0.388 0.559
275.208333 276.208333  0.483 0.559000   15.86 0.000  0.74 0.000000 0.048 0.000  3.47 0.000000 0.093 0.559    0.881 0.000    1.233 0.000 999.99 0.259000  12.393 0.000   4.246 0.000   8.147 0.000 0.030 0.000  1.218 0.559
278.208333 279.208333  0.527 0.000000   14.52 0.000  0.76 0.000000 0.042 0.000  0.78 0.000000 0.075 0.000    1.085 0.000    1.519 0.000 999.99 0.259000  12.536 0.000   4.990 0.000   7.546 0.000 0.032 0.000  1.172 0.000
281.208333 282.208333  0.156 0.559000    9.72 0.000  0.73 0.000000 0.032 0.000  0.95 0.000000 0.096 0.559    0.767 0.000    1.074 0.000 999.99 0.259000   7.781 0.000   3.834 0.000   3.947 0.000 0.021 0.000  0.530 0.559
284.208333 285.208333  0.137 0.559000    2.22 0.000  0.30 0.000000 9.999 0.259  0.72 0.000000 0.022 0.559    0.722 0.000    1.010 0.000 999.99 0.259000   6.545 0.000   3.296 0.000   3.249 0.000 0.014 0.000  0.482 0.559
287.208333 288.208333  0.802 0.559000   11.90 0.000  0.88 0.000000 9.999 0.259  1.98 0.000000 0.050 0.559    1.028 0.000    1.439 0.000 999.99 0.259000  12.944 0.000   3.684 0.000   9.259 0.000 0.025 0.000  1.500 0.559
290.208333 291.208333  0.442 0.559000   15.87 0.000  1.15 0.000000 9.999 0.259  1.80 0.000000 0.074 0.559    1.295 0.000    1.813 0.000 999.99 0.259000  14.543 0.000   6.764 0.000   7.779 0.000 0.095 0.000  1.003 0.559
293.208333 294.208333  0.170 0.559000   11.06 0.000  0.69 0.000000 0.046 0.000  1.28 0.000000 0.069 0.559    1.429 0.000    2.001 0.000 999.99 0.259000   7.586 0.000   2.954 0.000   4.632 0.000 0.038 0.000  0.483 0.559
296.208333 297.208333  1.039 0.559000   38.85 0.000  1.80 0.000000 0.034 0.000  0.65 0.000000 0.067 0.559    2.608 0.000    3.651 0.000 999.99 0.259000  19.116 0.000   3.939 0.000  15.176 0.000 0.085 0.000  1.816 0.559
299.208333 300.208333  0.154 0.559000    5.27 0.000  0.33 0.000000 9.999 0.259  0.53 0.000000 0.059 0.559    0.525 0.000    0.735 0.000 999.99 0.259000   9.028 0.000   4.736 0.000   4.292 0.000 0.023 0.000  0.566 0.559
302.208333 303.208333  0.093 0.559000    8.27 0.000  0.63 0.000000 0.034 0.000  0.47 0.000000 0.092 0.559 9999.999 0.999 9999.999 0.999 999.99 0.259000   7.490 0.000   3.841 0.000   3.649 0.000 0.131 0.000  0.301 0.559
305.208333 306.208333  0.038 0.559000    4.65 0.000  0.58 0.000000 9.999 0.259  0.72 0.000000 0.127 0.559    0.337 0.000    0.472 0.000 999.99 0.259000  10.508 0.000   6.026 0.000   4.481 0.000 0.060 0.000  0.243 0.559
308.208333 309.208333 99.999 0.999000 9999.99 0.999 99.99 0.999000 9.999 0.999 99.99 0.999000 9.999 0.999 9999.999 0.999 9999.999 0.999 999.99 0.999000 999.999 0.999 999.999 0.999 999.999 0.999 9.999 0.999 99.999 0.999
311.208333 312.208333  0.041 0.559000   16.87 0.000  1.01 0.000000 0.054 0.000  0.85 0.000000 0.086 0.559    0.814 0.000    1.139 0.000 999.99 0.259000  10.617 0.000   6.224 0.000   4.392 0.000 0.032 0.000  0.309 0.559
314.208333 315.208333 99.999 0.559259    4.81 0.000  0.14 0.000000 9.999 0.259  0.24 0.000000 0.061 0.559    0.281 0.000    0.393 0.000 999.99 0.259000  10.561 0.000   6.736 0.000   3.825 0.000 0.029 0.000  0.114 0.559
317.208333 318.208333  0.113 0.559000   26.33 0.000  0.97 0.000000 9.999 0.259  0.59 0.000000 0.119 0.559    0.941 0.000    1.317 0.000 999.99 0.259000  13.525 0.000   8.088 0.000   5.437 0.000 0.076 0.000  0.347 0.559
320.208333 321.208333  0.145 0.559000    5.89 0.000  0.88 0.000000 9.999 0.259  0.29 0.000000 0.043 0.559    0.411 0.000    0.575 0.000 999.99 0.259000   8.072 0.000   4.423 0.000   3.649 0.000 0.024 0.000  0.384 0.559
323.208333 324.208333  0.256 0.559000    8.98 0.000  0.65 0.000000 0.052 0.000  0.23 0.000000 0.087 0.559    1.217 0.000    1.703 0.000 999.99 0.259000  10.851 0.000   4.966 0.000   5.885 0.000 0.100 0.000  0.536 0.559
326.208333 327.208333  0.241 0.559000   13.08 0.000  0.61 0.000000 0.027 0.000  0.45 0.000000 0.049 0.559    0.658 0.000    0.922 0.000 999.99 0.259000   7.559 0.000   3.076 0.000   4.483 0.000 0.019 0.000  0.567 0.559
329.208333 330.208333  0.226 0.559000    8.83 0.000  0.51 0.000000 9.999 0.259  0.66 0.000000 0.046 0.559    0.733 0.000    1.027 0.000 999.99 0.259000   6.800 0.000   2.551 0.000   4.249 0.000 0.034 0.000  0.548 0.559
332.208333 333.208333  0.207 0.559000   10.08 0.000  0.93 0.000000 9.999 0.259  0.15 0.000000 0.085 0.559    1.260 0.000    1.764 0.000 999.99 0.259000  11.249 0.000   6.135 0.000   5.114 0.000 0.178 0.000  0.348 0.559
335.208333 336.208333  0.466 0.559000   24.27 0.000  1.63 0.000000 9.999 0.259  0.55 0.000000 0.163 0.559    1.750 0.000    2.450 0.000 999.99 0.259000  13.998 0.000   5.536 0.000   8.462 0.000 0.369 0.000  0.864 0.559
338.208333 339.208333  0.162 0.559000    6.58 0.000  0.25 0.000000 9.999 0.259  0.26 0.000000 0.080 0.559    0.777 0.000    1.087 0.000 999.99 0.259000   6.764 0.000   2.242 0.000   4.521 0.000 0.039 0.000  0.397 0.559
341.208333 342.208333  0.690 0.559000   19.77 0.000  1.42 0.000000 9.999 0.259  0.80 0.000000 0.096 0.559    1.484 0.000    2.078 0.000 999.99 0.259000  11.466 0.000   3.442 0.000   8.024 0.000 0.191 0.000  1.044 0.559
344.208333 345.208333  0.447 0.559000   10.38 0.000  0.36 0.000000 9.999 0.259  0.08 0.000000 0.083 0.559    0.635 0.000    0.890 0.000 999.99 0.259000  12.478 0.000   6.030 0.000   6.448 0.000 0.038 0.000  0.872 0.559
347.208333 348.208333  0.293 0.559000    6.08 0.000  0.39 0.000000 9.999 0.259  0.77 0.000000 0.041 0.559    0.441 0.000    0.618 0.000 999.99 0.259000   7.890 0.000   3.711 0.000   4.178 0.000 0.037 0.000  0.604 0.559
350.208333 351.208333 99.999 0.999000 9999.99 0.999 99.99 0.999000 9.999 0.999 99.99 0.999000 9.999 0.999 9999.999 0.999 9999.999 0.999 999.99 0.999000 999.999 0.456 999.999 0.999 999.999 0.999 9.999 0.999 99.999 0.999
353.208333 354.208333  0.093 0.559000    7.74 0.000  0.44 0.000000 9.999 0.259 99.99 0.259000 0.047 0.559 9999.999 0.999 9999.999 0.999 999.99 0.259000 999.999 0.456 999.999 0.999   2.865 0.000 0.062 0.000  0.144 0.559
356.208333 357.208333  0.127 0.559000    9.05 0.000  0.13 0.000000 0.030 0.000  0.44 0.000000 0.061 0.559 9999.999 0.999 9999.999 0.999 999.99 0.259000 999.999 0.456 999.999 0.999   3.005 0.000 0.022 0.000  0.354 0.559
359.208333 360.208333  0.359 0.559000   22.35 0.000  1.15 0.000000 9.999 0.259  0.49 0.000000 0.082 0.559    0.876 0.000    1.226 0.000 999.99 0.259000   9.151 0.000   3.695 0.000   5.456 0.000 0.051 0.000  0.654 0.559
362.208333 363.208333  0.217 0.559000    6.85 0.000  0.34 0.000000 9.999 0.259  0.35 0.000000 0.063 0.559    0.498 0.000    0.698 0.000 999.99 0.259000   9.802 0.000   5.676 0.000   4.126 0.000 0.027 0.000  0.526 0.559
