scripts/IMPROVE-2019_partial/data/US1005R.20010101050000.20191216000000.filterpack..pm25.52w.1w.US03L_filterpack_US1005.US03L_IMPROVE_Davis.lev2.nas
66 1001
MISSING INFORMATION
US03L, IMPROVE, , , , , , , 
MISSING INFORMATION
IMPROVE sel_HTAP
1 1
2001 01 01 2019 12 16
3.000000
days from file reference point
27
1 1 1 1 1 1 1 1 1 1 1 1 1 1 1 1 1 1 1 1 1 1 1 1 1 1 1
999.999999 9999.99 9.999 99.99 9.999 9.999 9.999999 99.99 9.999999 9.999 9.999 99.999 9.999 99.999 9.999 99.99 9.999999 999.999 9.999 999.999 9.999 999.999 9.999 9.999 9.999 99.999 9.999
end_time of measurement, days from the file reference point
iron, ng/m3, Revision date=20181210133000
numflag iron, no unit, Revision date=20181210133000
lead, ng/m3, Revision date=20181210133000
numflag lead, no unit, Revision date=20181210133000
magnesium, ug/m3, Revision date=20181210133000
numflag magnesium, no unit, Revision date=20181210133000
nickel, ng/m3, Revision date=20181210133000
numflag nickel, no unit, Revision date=20181210133000
nitrate, ug N/m3, Revision date=20181210133000
numflag nitrate, no unit, Revision date=20181210133000
organic_carbon, ug C/m3, Revision date=20181210133000
numflag organic_carbon, no unit, Revision date=20181210133000
organic_mass, ug/m3, Revision date=20181210133000
numflag organic_mass, no unit, Revision date=20181210133000
phosphorus, ng/m3, Revision date=20181210133000
numflag phosphorus, no unit, Revision date=20181210133000
pm10_mass, ug/m3, Version=2, Version description=Data extracted from http://views.cira.colostate.edu/fed/DataWizard 2019-12-16, Sample duration=1d, Orig. time res.=3d, Matrix=pm10, Blank correction=Blank corrected, Volume std. temperature=ambient, Volume std. pressure=ambient
numflag pm10_mass, no unit, Version=2, Version description=Data extracted from http://views.cira.colostate.edu/fed/DataWizard 2019-12-16, Sample duration=1d, Orig. time res.=3d, Matrix=pm10, Blank correction=Blank corrected, Volume std. temperature=ambient, Volume std. pressure=ambient
pm10_pm25_mass, ug/m3, Revision date=20181210133000, Matrix=pm10_pm25
numflag pm10_pm25_mass, no unit, Revision date=20181210133000, Matrix=pm10_pm25
pm25_mass, ug/m3, Version=2, Version description=Data extracted from http://views.cira.colostate.edu/fed/DataWizard 2019-12-16, Sample duration=1d, Orig. time res.=3d, Blank correction=Blank corrected, Volume std. temperature=ambient, Volume std. pressure=ambient
numflag pm25_mass, no unit, Version=2, Version description=Data extracted from http://views.cira.colostate.edu/fed/DataWizard 2019-12-16, Sample duration=1d, Orig. time res.=3d, Blank correction=Blank corrected, Volume std. temperature=ambient, Volume std. pressure=ambient
potassium, ug/m3, Revision date=20181210133000
numflag potassium, no unit, Revision date=20181210133000
sulphate_total, ug S/m3, Revision date=20181210133000
numflag sulphate_total, no unit, Revision date=20181210133000
0
25
Data definition:              EBAS_1.1
Set type code:                TU
Timezone:                     UTC
File name:                    US1005R.20010101050000.20191216000000.filterpack..pm25.52w.1w.US03L_filterpack_US1005.US03L_IMPROVE_Davis.lev2.nas
File creation:                20191218120310
Startdate:                    20010101050000
Revision date:                20191216000000
Statistics:                   arithmetic mean
Data level:                   2
Period code:                  52w
Resolution code:              1w
Station code:                 US1005R
Platform code:                US1005S
Station name:                 Chassahowitzka National Wildlife Refuge (FL05)
Station latitude:             28.7486
Station longitude:            -82.5551
Station altitude:             3.0 m
Regime:                       IMG
Component:                    
Matrix:                       pm25
Laboratory code:              US03L
Instrument type:              filterpack
Instrument name:              filterpack_US1005
Method ref:                   US03L_IMPROVE_Davis
starttime endtime Fe flag_Fe Pb flag_Pb Mg++ flag_Mg++ Ni flag_Ni NO3- flag_NO3- OC flag_OC OM flag_OM P flag_P PM10 flag_PM10 PM10-PM2.5 flag_PM10-PM2.5 PM2.5 flag_PM2.5 K+ flag_K+ SO4-- flag_SO4--
[from data line 81]
243.208333 244.208333   64.52 0.000  0.77 0.000 9.999 0.259000  0.97 0.000000 0.080 0.000  1.313 0.000  1.839 0.000 99.99 0.259000  14.672 0.000   5.239 0.000   9.433 0.000 0.063 0.000  0.902 0.000
246.208333 247.208333   15.29 0.000  0.59 0.000 9.999 0.259000  2.57 0.000000 0.043 0.000  1.631 0.000  2.283 0.000 99.99 0.259000  14.227 0.000   5.696 0.000   8.531 0.000 0.033 0.000  1.361 0.000
249.208333 250.208333   29.58 0.000  0.61 0.000 9.999 0.259000  2.25 0.000000 0.057 0.000  1.157 0.000  1.620 0.000 99.99 0.259000   9.259 0.000   3.299 0.000   5.961 0.000 0.031 0.000  0.927 0.000
252.208333 253.208333   19.65 0.000  0.66 0.000 9.999 0.259000  2.02 0.000000 0.056 0.000  0.995 0.000  1.393 0.000 99.99 0.259000  10.897 0.000   4.995 0.000   5.903 0.000 0.028 0.000  0.937 0.000
255.208333 256.208333    6.38 0.000  0.19 0.000 9.999 0.259000  0.34 0.000000 0.037 0.000  0.596 0.000  0.834 0.000 99.99 0.259000   5.841 0.000   3.555 0.000   2.286 0.000 0.023 0.000  0.166 0.000
258.208333 259.208333   15.31 0.000  1.55 0.000 9.999 0.259000  0.27 0.000000 0.069 0.000  1.959 0.000  2.743 0.000 99.99 0.259000  14.886 0.000   7.276 0.000   7.610 0.000 0.034 0.000  0.806 0.000
261.208333 262.208333   22.23 0.559  1.35 0.559 9.999 0.559259  1.23 0.559000 0.058 0.000  1.877 0.000  2.628 0.000 99.99 0.559259  16.939 0.000   2.139 0.000  14.800 0.559 0.038 0.559  2.034 0.000
264.208333 265.208333   14.92 0.000  1.15 0.000 9.999 0.259000  1.09 0.000000 0.036 0.000  1.745 0.000  2.443 0.000 99.99 0.259000  11.207 0.000   1.215 0.000   9.992 0.000 0.034 0.000  1.370 0.000
267.208333 268.208333   13.77 0.000  0.48 0.000 9.999 0.259000  0.13 0.000000 0.026 0.000  1.375 0.000  1.925 0.000 99.99 0.259000  11.770 0.000   4.782 0.000   6.988 0.000 0.028 0.000  0.964 0.000
270.208333 271.208333   38.35 0.000  2.01 0.000 9.999 0.259000  0.48 0.000000 0.044 0.000  3.611 0.000  5.055 0.000 99.99 0.259000  19.920 0.000   4.824 0.000  15.095 0.000 0.048 0.000  2.088 0.000
273.208333 274.208333   28.77 0.000  1.70 0.000 9.999 0.259000  0.33 0.000000 0.040 0.000  1.780 0.000  2.492 0.000 99.99 0.259000  11.659 0.000   2.972 0.000   8.688 0.000 0.031 0.000  1.123 0.000
276.208333 277.208333   16.28 0.000  1.35 0.000 9.999 0.259000  0.41 0.000000 0.036 0.559  1.521 0.000  2.129 0.000 99.99 0.259000   9.900 0.000   3.332 0.000   6.568 0.000 0.035 0.000  0.821 0.559
279.208333 280.208333   15.01 0.000  0.86 0.000 9.999 0.259000  0.37 0.000000 0.076 0.000  1.419 0.000  1.987 0.000 99.99 0.259000  12.357 0.000   4.198 0.000   8.160 0.000 0.034 0.000  1.179 0.000
282.208333 283.208333   11.37 0.000  0.53 0.000 9.999 0.259000  0.35 0.000000 0.120 0.000  0.528 0.000  0.740 0.000  7.87 0.000000  15.040 0.000   9.890 0.000   5.151 0.000 0.042 0.000  0.345 0.000
285.208333 286.208333   13.47 0.000  0.63 0.000 9.999 0.259000  0.35 0.000000 0.132 0.000  0.971 0.000  1.360 0.000 99.99 0.259000  11.586 0.000   7.130 0.000   4.456 0.000 0.054 0.000  0.374 0.000
288.208333 289.208333   27.28 0.000  0.71 0.000 9.999 0.259000  0.39 0.000000 0.106 0.000  1.947 0.000  2.726 0.000 99.99 0.259000  16.330 0.000   8.730 0.000   7.600 0.000 0.050 0.000  0.744 0.000
291.208333 292.208333   16.79 0.000  0.75 0.000 9.999 0.259000  0.33 0.000000 0.143 0.000  0.999 0.000  1.399 0.000 99.99 0.259000  13.383 0.000   5.825 0.000   7.557 0.000 0.046 0.000  0.838 0.000
294.208333 295.208333    8.70 0.000  0.38 0.000 9.999 0.259000  0.58 0.000000 0.052 0.000  1.145 0.000  1.603 0.000 99.99 0.259000   6.366 0.000   2.981 0.000   3.385 0.000 0.022 0.000  0.333 0.000
297.208333 298.208333    5.44 0.000  0.54 0.000 9.999 0.259000  0.87 0.000000 0.070 0.000  0.663 0.000  0.928 0.000 99.99 0.259000   6.800 0.000   1.555 0.000   5.245 0.000 0.026 0.000  0.505 0.000
300.208333 301.208333   22.15 0.000  1.12 0.000 9.999 0.259000 99.99 0.259000 0.084 0.000  1.466 0.000  2.052 0.000 99.99 0.259000  13.310 0.000   6.454 0.000   6.857 0.000 0.044 0.000  0.820 0.000
303.208333 304.208333   19.60 0.000  1.39 0.000 9.999 0.259000  0.48 0.000000 0.114 0.000  1.376 0.000  1.926 0.000 99.99 0.259000  13.377 0.000   6.894 0.000   6.483 0.000 0.046 0.000  0.696 0.000
306.208333 307.208333    6.16 0.000  0.66 0.000 9.999 0.259000  0.42 0.000000 0.092 0.000  0.817 0.000  1.143 0.000 99.99 0.259000  12.537 0.000   7.045 0.000   5.492 0.000 0.041 0.000  0.299 0.000
309.208333 310.208333   39.50 0.000  2.52 0.000 9.999 0.259000  0.22 0.000000 0.142 0.000  2.130 0.000  2.983 0.000 99.99 0.259000 999.999 0.456 999.999 0.999   8.492 0.000 0.065 0.000  0.748 0.000
312.208333 313.208333   57.91 0.000  1.90 0.000 9.999 0.259000  0.43 0.000000 0.070 0.000  2.477 0.000  3.468 0.000 99.99 0.259000 999.999 0.456 999.999 0.999  13.543 0.000 0.064 0.000  1.761 0.000
315.208333 316.208333 9999.99 0.456 99.99 0.456 9.999 0.456000 99.99 0.456000 0.078 0.000  4.675 0.000  6.545 0.000 99.99 0.456000 999.999 0.456 999.999 0.999 999.999 0.456 9.999 0.456  2.699 0.000
318.208333 319.208333   16.90 0.000  0.65 0.000 9.999 0.259000  0.41 0.000000 0.155 0.000  1.249 0.000  1.749 0.000 99.99 0.259000  12.537 0.000   6.377 0.000   6.160 0.000 0.041 0.000  0.660 0.000
321.208333 322.208333 9999.99 0.456 99.99 0.456 9.999 0.456000 99.99 0.456000 0.210 0.000  2.679 0.000  3.751 0.000 99.99 0.456000  26.014 0.000 999.999 0.999 999.999 0.456 9.999 0.456  2.692 0.000
324.208333 325.208333   49.26 0.559  1.22 0.559 9.999 0.559259  0.18 0.559000 0.089 0.559  3.148 0.000  4.408 0.000 99.99 0.559259  19.338 0.000   3.248 0.000  16.089 0.559 0.076 0.559  2.083 0.559
327.208333 328.208333   22.88 0.000  1.21 0.000 9.999 0.259000  2.25 0.000000 0.105 0.000  2.238 0.000  3.133 0.000 99.99 0.259000  14.209 0.000   3.590 0.000  10.619 0.000 0.071 0.000  1.502 0.000
330.208333 331.208333   28.45 0.559  0.69 0.559 9.999 0.559259  0.20 0.559000 0.132 0.000  1.214 0.000  1.700 0.000 99.99 0.559259   9.508 0.000   5.022 0.000   4.487 0.559 0.043 0.559  0.286 0.000
333.208333 334.208333   44.58 0.000  1.67 0.000 9.999 0.259000  0.83 0.000000 0.132 0.000  1.314 0.000  1.840 0.000 99.99 0.259000  14.245 0.000   6.664 0.000   7.581 0.000 0.056 0.000  0.929 0.000
336.208333 337.208333   34.17 0.000  2.42 0.000 9.999 0.259000  0.46 0.000000 0.102 0.559  3.146 0.000  4.404 0.000 99.99 0.259000  18.625 0.000   5.981 0.000  12.645 0.000 0.076 0.000  1.456 0.559
339.208333 340.208333   13.52 0.559  0.75 0.559 9.999 0.559259 99.99 0.559259 0.140 0.000  0.951 0.000  1.331 0.000 99.99 0.559259  10.648 0.000   6.133 0.000   4.515 0.559 0.032 0.559  0.312 0.000
342.208333 343.208333    6.89 0.559  0.68 0.559 9.999 0.559259  1.04 0.559000 0.140 0.000  1.162 0.000  1.627 0.000 99.99 0.559259   9.936 0.000   4.335 0.000   5.601 0.559 0.024 0.559  0.738 0.000
345.208333 346.208333   18.57 0.000  0.65 0.000 9.999 0.259000  0.80 0.000000 0.129 0.000  1.274 0.000  1.784 0.000 99.99 0.259000   8.809 0.000   3.959 0.000   4.850 0.000 0.033 0.000  0.443 0.000
348.208333 349.208333   17.44 0.000  1.41 0.000 0.067 0.000000  1.12 0.000000 0.161 0.000  1.289 0.000  1.804 0.000 99.99 0.259000  11.550 0.000   5.354 0.000   6.195 0.000 0.040 0.000  0.776 0.000
351.208333 352.208333   17.51 0.000  0.51 0.000 0.056 0.000000 99.99 0.259000 0.034 0.000  0.946 0.000  1.325 0.000 99.99 0.259000   7.290 0.000   3.627 0.000   3.663 0.000 0.033 0.000  0.371 0.000
354.208333 355.208333   52.58 0.000  1.86 0.000 9.999 0.259000 99.99 0.259000 0.078 0.000  4.594 0.000  6.431 0.000 99.99 0.259000  14.401 0.000   3.381 0.000  11.019 0.000 0.088 0.000  0.562 0.000
357.208333 358.208333   20.80 0.000  1.81 0.000 9.999 0.259000 99.99 0.259000 0.062 0.000  1.036 0.000  1.450 0.000 99.99 0.259000   8.072 0.000   3.423 0.000   4.649 0.000 0.038 0.000  0.457 0.000
360.208333 361.208333   32.68 0.000  2.13 0.000 9.999 0.259000 99.99 0.259000 0.070 0.000  2.873 0.000  4.023 0.000 99.99 0.259000  10.362 0.000   2.930 0.000   7.432 0.000 0.065 0.000  0.356 0.000
363.208333 364.208333   34.09 0.000  2.21 0.000 9.999 0.259000  0.35 0.000000 0.070 0.000  3.148 0.000  4.408 0.000 99.99 0.259000  11.988 0.000   2.479 0.000   9.509 0.000 0.068 0.000  0.671 0.000
