scripts/IMPROVE-2019_partial/data/US1011R.20090101050000.20191216000000.filterpack...52w.3d.US03L_filterpack_US1011.US03L_IMPROVE_Davis.lev2.nas
52 1001
MISSING INFORMATION
US03L, IMPROVE, , , , , , , 
MISSING INFORMATION
IMPROVE sel_HTAP
1 1
2009 01 01 2019 12 16
3.000000
days from file reference point
5
1 1 1 1 1
999.999999 999.999 9.999 999.999 9.999
end_time of measurement, days from the file reference point
pm10_mass, ug/m3, Matrix=pm10
numflag pm10_mass, no unit, Matrix=pm10
pm25_mass, ug/m3, Matrix=pm25
numflag pm25_mass, no unit, Matrix=pm25
0
33
Data definition:              EBAS_1.1
Set type code:                TU
Timezone:                     UTC
File name:                    US1011R.20090101050000.20191216000000.filterpack...52w.3d.US03L_filterpack_US1011.US03L_IMPROVE_Davis.lev2.nas
File creation:                20191218120318
Startdate:                    20090101050000
Revision date:                20191216000000
Version:                      2
Version description:          "Data extracted from http://views.cira.colostate.edu/fed/DataWizard 2019-12-16"
Statistics:                   arithmetic mean
Data level:                   2
Period code:                  52w
Resolution code:              3d
Sample duration:              1d
Orig. time res.:              3d
Station code:                 US1011R
Platform code:                US1011S
Station name:                 Everglades National Park-Research Center (FL11)
Station latitude:             25.39
Station longitude:            -80.68
Station altitude:             2.0 m
Regime:                       IMG
Component:                    
Unit:                         ug/m3
Matrix:                       
Laboratory code:              US03L
Instrument type:              filterpack
Instrument name:              filterpack_US1011
Method ref:                   US03L_IMPROVE_Davis
Blank correction:             Blank corrected
Volume std. temperature:      ambient
Volume std. pressure:         ambient
starttime endtime PM10 flag_PM10 PM2.5 flag_PM2.5
  0.208333   1.208333  16.887 0.000   6.685 0.000
  3.208333   4.208333   6.619 0.000   3.404 0.000
  6.208333   7.208333 999.999 0.999 999.999 0.999
  9.208333  10.208333  12.194 0.000   5.383 0.000
 12.208333  13.208333   8.894 0.000   4.177 0.000
 15.208333  16.208333  13.634 0.000   5.416 0.000
 18.208333  19.208333   6.917 0.000   3.503 0.000
 21.208333  22.208333  11.805 0.000   7.959 0.000
 24.208333  25.208333   9.663 0.000   6.882 0.000
 27.208333  28.208333   9.668 0.000   3.231 0.000
 30.208333  31.208333  10.623 0.000   4.856 0.000
 33.208333  34.208333   8.328 0.000   3.115 0.000
 36.208333  37.208333   9.568 0.000   4.105 0.000
 39.208333  40.208333   9.037 0.000   3.895 0.000
 42.208333  43.208333  12.216 0.000   4.397 0.000
 45.208333  46.208333 999.999 0.999 999.999 0.999
 48.208333  49.208333  15.338 0.000   6.873 0.000
 51.208333  52.208333  12.303 0.000   4.712 0.000
 54.208333  55.208333  15.957 0.000   5.763 0.000
 57.208333  58.208333  13.518 0.000   5.128 0.000
 60.208333  61.208333  12.571 0.000   5.264 0.000
 63.208333  64.208333  14.272 0.000   5.248 0.000
 66.208333  67.208333  12.557 0.000   4.188 0.000
 69.208333  70.208333  10.446 0.000   4.879 0.000
 72.208333  73.208333  12.614 0.000   5.099 0.000
 75.208333  76.208333 999.999 0.999 999.999 0.999
 78.208333  79.208333   6.516 0.000   3.272 0.000
 81.208333  82.208333  11.940 0.000   5.392 0.000
 84.208333  85.208333  18.878 0.000   8.052 0.000
 87.208333  88.208333  18.168 0.000   9.292 0.000
 90.208333  91.208333  14.921 0.000   7.645 0.000
 93.208333  94.208333  13.404 0.000   7.484 0.000
 96.208333  97.208333  21.191 0.000   6.478 0.000
 99.208333 100.208333  17.728 0.000   8.212 0.000
102.208333 103.208333  16.776 0.000   9.201 0.000
105.208333 106.208333  14.652 0.000   7.236 0.000
108.208333 109.208333  10.049 0.000   4.261 0.000
111.208333 112.208333   8.826 0.000   5.766 0.000
114.208333 115.208333  22.154 0.000   9.793 0.000
117.208333 118.208333  20.386 0.000   7.517 0.000
120.208333 121.208333  11.762 0.000   5.824 0.000
123.208333 124.208333   9.207 0.000   4.221 0.000
126.208333 127.208333   7.936 0.000   3.780 0.000
129.208333 130.208333  10.724 0.000   6.325 0.000
132.208333 133.208333   8.502 0.000   3.738 0.000
135.208333 136.208333  11.115 0.000   4.711 0.000
138.208333 139.208333   3.017 0.000   1.470 0.000
141.208333 142.208333   8.164 0.000   4.370 0.000
144.208333 145.208333   8.885 0.000   3.857 0.000
147.208333 148.208333  13.180 0.000   6.965 0.000
150.208333 151.208333  14.885 0.000   8.198 0.000
153.208333 154.208333  16.710 0.000   7.507 0.000
156.208333 157.208333  10.720 0.000   6.147 0.000
159.208333 160.208333  12.272 0.000   5.527 0.000
162.208333 163.208333  10.837 0.000   7.164 0.000
165.208333 166.208333  11.281 0.000   7.389 0.000
168.208333 169.208333  12.462 0.000   8.274 0.000
171.208333 172.208333  12.195 0.000   9.090 0.000
174.208333 175.208333 999.999 0.999 999.999 0.999
177.208333 178.208333 999.999 0.999 999.999 0.999
180.208333 181.208333 999.999 0.999 999.999 0.999
183.208333 184.208333  32.573 0.000  18.132 0.000
186.208333 187.208333  13.517 0.000   7.257 0.000
189.208333 190.208333 999.999 0.999 999.999 0.999
192.208333 193.208333 999.999 0.999 999.999 0.999
195.208333 196.208333 999.999 0.999 999.999 0.999
198.208333 199.208333  51.261 0.000  19.563 0.000
201.208333 202.208333  17.071 0.000   8.476 0.000
204.208333 205.208333  11.660 0.000   6.140 0.000
207.208333 208.208333  19.584 0.000   8.825 0.000
210.208333 211.208333  54.843 0.000  24.148 0.000
213.208333 214.208333  10.226 0.000   4.164 0.000
216.208333 217.208333  14.993 0.000   6.342 0.000
219.208333 220.208333  23.651 0.000  12.169 0.000
222.208333 223.208333  24.081 0.000  12.809 0.000
225.208333 226.208333 999.999 0.999 999.999 0.999
228.208333 229.208333 999.999 0.999 999.999 0.999
231.208333 232.208333 999.999 0.999  12.609 0.000
234.208333 235.208333 999.999 0.999   3.779 0.000
237.208333 238.208333 999.999 0.999 999.999 0.999
240.208333 241.208333 999.999 0.999 999.999 0.999
243.208333 244.208333 999.999 0.456   4.614 0.000
246.208333 247.208333  10.367 0.000   4.316 0.000
249.208333 250.208333   7.888 0.000   3.248 0.000
252.208333 253.208333   8.102 0.000   3.152 0.000
255.208333 256.208333  12.762 0.000   6.557 0.000
258.208333 259.208333   9.391 0.000   4.399 0.000
261.208333 262.208333  10.665 0.000   5.164 0.000
264.208333 265.208333   8.882 0.000   3.847 0.000
267.208333 268.208333   9.377 0.000   4.235 0.000
270.208333 271.208333  10.986 0.000   4.556 0.000
273.208333 274.208333   9.798 0.000   5.083 0.000
276.208333 277.208333   7.016 0.000   4.518 0.000
279.208333 280.208333   7.048 0.000   3.864 0.000
282.208333 283.208333   4.536 0.000   2.679 0.000
285.208333 286.208333   8.593 0.000   4.237 0.000
288.208333 289.208333  10.389 0.000   5.512 0.000
291.208333 292.208333   8.921 0.000   5.343 0.000
294.208333 295.208333  10.626 0.000   3.381 0.000
297.208333 298.208333  11.637 0.000   4.907 0.000
300.208333 301.208333   8.395 0.000   3.540 0.000
303.208333 304.208333   7.071 0.000   4.188 0.000
306.208333 307.208333   4.796 0.000   3.541 0.000
309.208333 310.208333  13.608 0.000   7.461 0.000
312.208333 313.208333  20.224 0.000   6.352 0.000
315.208333 316.208333   6.982 0.000   2.449 0.000
318.208333 319.208333   6.125 0.000   4.360 0.000
321.208333 322.208333   5.697 0.000   5.266 0.000
324.208333 325.208333   2.706 0.000   2.493 0.000
327.208333 328.208333   3.611 0.000   3.103 0.000
330.208333 331.208333   4.590 0.000   6.650 0.000
333.208333 334.208333   2.991 0.000   4.098 0.000
336.208333 337.208333   7.085 0.000   7.656 0.000
339.208333 340.208333   5.297 0.000   4.904 0.000
342.208333 343.208333   4.574 0.000   3.958 0.000
345.208333 346.208333   6.761 0.000   5.735 0.000
348.208333 349.208333   3.699 0.000   4.641 0.000
351.208333 352.208333   5.715 0.000   4.215 0.000
354.208333 355.208333   3.762 0.000   5.625 0.000
357.208333 358.208333   6.705 0.000   4.663 0.000
360.208333 361.208333   5.318 0.000   6.345 0.000
363.208333 364.208333   9.156 0.000   5.660 0.000
