scripts/IMPROVE-2019_partial/data/US1011R.19900103050000.20191216000000.filterpack...1y.3d.US03L_filterpack_US1011.US03L_IMPROVE_Davis.lev2.nas
52 1001
MISSING INFORMATION
US03L, IMPROVE, , , , , , , 
MISSING INFORMATION
IMPROVE sel_HTAP
1 1
1990 01 01 2019 12 16
0
days from file reference point
5
1 1 1 1 1
999.999999 999.999 9.999 999.999 9.999999
end_time of measurement, days from the file reference point
pm10_mass, ug/m3, Matrix=pm10
numflag pm10_mass, no unit, Matrix=pm10
pm25_mass, ug/m3, Matrix=pm25
numflag pm25_mass, no unit, Matrix=pm25
0
33
Data definition:              EBAS_1.1
Set type code:                TI
Timezone:                     UTC
File name:                    US1011R.19900103050000.20191216000000.filterpack...1y.3d.US03L_filterpack_US1011.US03L_IMPROVE_Davis.lev2.nas
File creation:                20191218120315
Startdate:                    19900103050000
Revision date:                20191216000000
Version:                      2
Version description:          "Data extracted from http://views.cira.colostate.edu/fed/DataWizard 2019-12-16"
Statistics:                   arithmetic mean
Data level:                   2
Period code:                  1y
Resolution code:              3d
Sample duration:              1d
Orig. time res.:              3d
Station code:                 US1011R
Platform code:                US1011S
Station name:                 Everglades National Park-Research Center (FL11)
Station latitude:             25.39
Station longitude:            -80.68
Station altitude:             2.0 m
Regime:                       IMG
Component:                    
Unit:                         ug/m3
Matrix:                       
Laboratory code:              US03L
Instrument type:              filterpack
Instrument name:              filterpack_US1011
Method ref:                   US03L_IMPROVE_Davis
Blank correction:             Blank corrected
Volume std. temperature:      ambient
Volume std. pressure:         ambient
starttime endtime PM10 flag_PM10 PM2.5 flag_PM2.5
  2.208333   3.208333 999.999 0.999 999.999 0.999000
  5.208333   6.208333  15.134 0.000   3.123 0.000000
  9.208333  10.208333  18.267 0.000  11.545 0.000000
 12.208333  13.208333  28.598 0.000   8.318 0.000000
 16.208333  17.208333  20.292 0.000   6.372 0.000000
 19.208333  20.208333  14.631 0.000   4.726 0.000000
 23.208333  24.208333  12.153 0.000   4.683 0.000000
 26.208333  27.208333  18.439 0.000 999.999 0.999000
 30.208333  31.208333 999.999 0.999 999.999 0.999000
 33.208333  34.208333  14.252 0.000   4.337 0.000000
 37.208333  38.208333 999.999 0.999 999.999 0.999000
 40.208333  41.208333  35.911 0.000   4.369 0.000000
 44.208333  45.208333  25.620 0.000   8.293 0.000000
 47.208333  48.208333  16.580 0.000   5.522 0.000000
 51.208333  52.208333   9.432 0.000   3.874 0.000000
 54.208333  55.208333  11.651 0.000   4.505 0.000000
 58.208333  59.208333  12.844 0.000   4.084 0.000000
 61.208333  62.208333  10.756 0.000   6.224 0.000000
 65.208333  66.208333 999.999 0.999 999.999 0.999000
 68.208333  69.208333 999.999 0.999 999.999 0.999000
 72.208333  73.208333 999.999 0.999 999.999 0.999000
 75.208333  76.208333 999.999 0.999 999.999 0.999000
 79.208333  80.208333  21.079 0.000   9.520 0.000000
 82.208333  83.208333  19.834 0.000   9.431 0.000000
 86.208333  87.208333  14.615 0.000   6.054 0.000000
 89.208333  90.208333  13.540 0.000   4.653 0.000000
 93.208333  94.208333  18.053 0.000   9.066 0.000000
 96.208333  97.208333  17.940 0.000  12.212 0.000000
100.208333 101.208333 999.999 0.259   6.006 0.000000
103.208333 104.208333  24.359 0.000   8.889 0.000000
107.208333 108.208333  16.742 0.000   7.879 0.000000
110.208333 111.208333  19.627 0.000   7.576 0.000000
114.208333 115.208333  20.465 0.000   6.997 0.000000
117.208333 118.208333  19.589 0.000   6.597 0.000000
121.208333 122.208333  18.760 0.000  10.848 0.000000
124.208333 125.208333  22.466 0.000   9.512 0.000000
128.208333 129.208333  19.646 0.000   6.758 0.000000
131.208333 132.208333  19.174 0.000  10.242 0.000000
135.208333 136.208333  12.480 0.000   4.054 0.000000
138.208333 139.208333  15.242 0.000   3.724 0.000000
142.208333 143.208333 999.999 0.999 999.999 0.999000
145.208333 146.208333  22.727 0.000  13.084 0.000000
149.208333 150.208333 999.999 0.999   4.102 0.000000
152.208333 153.208333  18.045 0.000   6.476 0.000000
156.208333 157.208333  19.749 0.000   5.616 0.000000
159.208333 160.208333  19.018 0.000   4.505 0.000000
163.208333 164.208333  20.213 0.000  11.351 0.000000
166.208333 167.208333  14.019 0.000   6.547 0.000000
170.208333 171.208333  15.830 0.000   5.964 0.000000
173.208333 174.208333  43.744 0.000  11.884 0.000000
177.208333 178.208333  18.080 0.000   6.396 0.000000
180.208333 181.208333  30.271 0.000  12.553 0.000000
184.208333 185.208333  30.485 0.000  16.911 0.000000
187.208333 188.208333  78.780 0.000  33.238 0.000000
191.208333 192.208333  30.851 0.000   6.437 0.000000
194.208333 195.208333  38.037 0.000  19.012 0.000000
198.208333 199.208333  28.517 0.000  10.000 0.000000
201.208333 202.208333   9.909 0.000   3.940 0.000000
205.208333 206.208333  30.546 0.000   8.078 0.000000
208.208333 209.208333  33.720 0.000   9.129 0.000000
212.208333 213.208333  15.093 0.000   8.084 0.000000
215.208333 216.208333  19.626 0.000  10.982 0.000000
219.208333 220.208333  22.228 0.000   9.762 0.000000
222.208333 223.208333  11.962 0.000   8.869 0.000000
226.208333 227.208333  37.621 0.000  12.583 0.000000
229.208333 230.208333  21.831 0.000  12.173 0.000000
233.208333 234.208333  39.289 0.000  12.866 0.000000
236.208333 237.208333  20.899 0.000   6.697 0.000000
240.208333 241.208333  26.293 0.000   8.529 0.000000
243.208333 244.208333  27.107 0.000   9.249 0.559000
247.208333 248.208333  17.015 0.000 999.999 0.559259
250.208333 251.208333  20.053 0.000 999.999 0.559259
254.208333 255.208333  18.070 0.000   9.207 0.559000
257.208333 258.208333  14.425 0.000   4.622 0.559000
261.208333 262.208333  15.263 0.000 999.999 0.559259
264.208333 265.208333  16.163 0.000   5.891 0.559000
268.208333 269.208333  23.641 0.000  12.357 0.559000
271.208333 272.208333  12.663 0.000   3.024 0.559000
275.208333 276.208333   9.812 0.000   3.404 0.559000
278.208333 279.208333  17.154 0.000   7.568 0.559000
282.208333 283.208333  14.833 0.000 999.999 0.559259
285.208333 286.208333  17.742 0.000  14.697 0.559000
289.208333 290.208333  10.266 0.000   5.697 0.559000
292.208333 293.208333  11.599 0.000   8.182 0.559000
296.208333 297.208333  23.867 0.000   8.248 0.559000
299.208333 300.208333  21.867 0.000  13.535 0.559000
303.208333 304.208333  15.869 0.000   8.520 0.559000
306.208333 307.208333  18.589 0.000   8.520 0.559000
310.208333 311.208333  14.755 0.000   9.551 0.559000
313.208333 314.208333  13.525 0.000   7.620 0.559000
317.208333 318.208333  20.549 0.000  13.754 0.559000
320.208333 321.208333  14.022 0.000  10.151 0.559000
324.208333 325.208333 999.999 0.999   6.396 0.559000
327.208333 328.208333 999.999 0.999   6.807 0.559000
331.208333 332.208333  17.399 0.000   6.526 0.559000
334.208333 335.208333  21.513 0.000   9.124 0.559000
338.208333 339.208333  18.075 0.000   8.267 0.559000
341.208333 342.208333   9.961 0.000   6.212 0.559000
345.208333 346.208333 999.999 0.999   9.479 0.559000
348.208333 349.208333 999.999 0.999  10.215 0.559000
352.208333 353.208333 999.999 0.999 999.999 0.999000
355.208333 356.208333 999.999 0.999   7.139 0.559000
359.208333 360.208333 999.999 0.999 999.999 0.999000
362.208333 363.208333  18.110 0.000   7.771 0.559000
