scripts/IMPROVE-2019_partial/data/US1005R.19930403050000.20191216000000.filterpack...9mo.3d.US03L_filterpack_US1005.US03L_IMPROVE_Davis.lev2.nas
51 1001
MISSING INFORMATION
US03L, IMPROVE, , , , , , , 
MISSING INFORMATION
IMPROVE sel_HTAP
1 1
1993 01 01 2019 12 16
0
days from file reference point
4
1 1 1 1
999.999999 999.999 999.999 9.999
end_time of measurement, days from the file reference point
pm10_mass, ug/m3, Matrix=pm10
pm25_mass, ug/m3, Matrix=pm25
numflag, no unit
0
33
Data definition:              EBAS_1.1
Set type code:                TI
Timezone:                     UTC
File name:                    US1005R.19930403050000.20191216000000.filterpack...9mo.3d.US03L_filterpack_US1005.US03L_IMPROVE_Davis.lev2.nas
File creation:                20191218120309
Startdate:                    19930403050000
Revision date:                20191216000000
Version:                      2
Version description:          "Data extracted from http://views.cira.colostate.edu/fed/DataWizard 2019-12-16"
Statistics:                   arithmetic mean
Data level:                   2
Period code:                  9mo
Resolution code:              3d
Sample duration:              1d
Orig. time res.:              3d
Station code:                 US1005R
Platform code:                US1005S
Station name:                 Chassahowitzka National Wildlife Refuge (FL05)
Station latitude:             28.7486
Station longitude:            -82.5551
Station altitude:             3.0 m
Regime:                       IMG
Component:                    
Unit:                         ug/m3
Matrix:                       
Laboratory code:              US03L
Instrument type:              filterpack
Instrument name:              filterpack_US1005
Method ref:                   US03L_IMPROVE_Davis
Blank correction:             Blank corrected
Volume std. temperature:      ambient
Volume std. pressure:         ambient
starttime endtime PM10 PM2.5 flag
 92.208333  93.208333 999.999  13.636 0.000
 96.208333  97.208333  21.390  10.604 0.000
 99.208333 100.208333  21.658  11.107 0.000
103.208333 104.208333  25.759 999.999 0.000
106.208333 107.208333  12.589   8.182 0.000
110.208333 111.208333  14.615  11.768 0.000
113.208333 114.208333  21.208  14.202 0.000
117.208333 118.208333  22.621   8.333 0.000
120.208333 121.208333  22.254   7.950 0.000
124.208333 125.208333  17.951  10.283 0.000
127.208333 128.208333  11.494   6.415 0.000
131.208333 132.208333  19.012  12.043 0.000
134.208333 135.208333  18.049  15.312 0.000
138.208333 139.208333  19.791  11.132 0.000
141.208333 142.208333  28.147  20.541 0.000
145.208333 146.208333  24.703  13.323 0.000
148.208333 149.208333  10.826   4.689 0.000
152.208333 153.208333  22.579  15.794 0.000
155.208333 156.208333  20.251  10.185 0.000
159.208333 160.208333  23.138  16.192 0.000
162.208333 163.208333  24.703  20.561 0.000
166.208333 167.208333  10.936   5.962 0.000
169.208333 170.208333  13.872   5.273 0.000
173.208333 174.208333  18.274   9.319 0.000
176.208333 177.208333  24.144  11.846 0.000
180.208333 181.208333  29.607  11.401 0.000
183.208333 184.208333  24.952  16.045 0.000
187.208333 188.208333  29.394  15.298 0.000
190.208333 191.208333  31.689  19.969 0.000
194.208333 195.208333 999.999 999.999 0.999
197.208333 198.208333  15.000   8.117 0.000
201.208333 202.208333  21.790  14.082 0.000
204.208333 205.208333  17.345  10.192 0.000
208.208333 209.208333  25.285  18.639 0.000
211.208333 212.208333  37.167  28.457 0.000
215.208333 216.208333  52.278  20.791 0.000
218.208333 219.208333  68.174  33.355 0.000
222.208333 223.208333  16.639   5.969 0.000
225.208333 226.208333  17.289   9.062 0.000
229.208333 230.208333  28.125   9.873 0.000
232.208333 233.208333  20.884  16.981 0.000
236.208333 237.208333  18.210  12.853 0.000
239.208333 240.208333  13.455   7.524 0.000
243.208333 244.208333  17.534   8.447 0.000
246.208333 247.208333  10.088   4.321 0.000
250.208333 251.208333  10.575   5.492 0.000
253.208333 254.208333  20.694  15.599 0.000
257.208333 258.208333  17.967   5.857 0.000
260.208333 261.208333  18.254   5.452 0.000
264.208333 265.208333  24.319  11.709 0.000
267.208333 268.208333  28.307  21.160 0.000
271.208333 272.208333  22.035  13.065 0.000
274.208333 275.208333  21.646  13.564 0.000
278.208333 279.208333  16.971   7.796 0.000
281.208333 282.208333  18.085   8.194 0.000
285.208333 286.208333  21.037  15.327 0.000
288.208333 289.208333  10.871   4.837 0.000
292.208333 293.208333 999.999 999.999 0.999
295.208333 296.208333  23.636  13.799 0.000
299.208333 300.208333  10.890   6.361 0.000
302.208333 303.208333  11.794   5.130 0.000
306.208333 307.208333  16.535   9.299 0.000
309.208333 310.208333  11.798   7.685 0.000
313.208333 314.208333   9.163   6.426 0.000
316.208333 317.208333  12.273   5.943 0.000
320.208333 321.208333  11.179   5.321 0.000
323.208333 324.208333  15.081  13.639 0.000
327.208333 328.208333  18.548  11.556 0.000
330.208333 331.208333  14.352   9.714 0.000
334.208333 335.208333  21.949  11.246 0.000
337.208333 338.208333  11.398   5.879 0.000
341.208333 342.208333  22.467  17.360 0.000
344.208333 345.208333  10.256   5.495 0.000
348.208333 349.208333  13.640   5.981 0.000
351.208333 352.208333  18.679  14.484 0.000
355.208333 356.208333  15.227  11.821 0.000
358.208333 359.208333  11.480   6.550 0.000
362.208333 363.208333  14.957   9.108 0.000
