scripts/IMPROVE-2019_partial/data/US1005R.19980103050000.20191216000000.filterpack...1y.3d.US03L_filterpack_US1005.US03L_IMPROVE_Davis.lev2.nas
51 1001
MISSING INFORMATION
US03L, IMPROVE, , , , , , , 
MISSING INFORMATION
IMPROVE sel_HTAP
1 1
1998 01 01 2019 12 16
0
days from file reference point
4
1 1 1 1
999.999999 999.999 999.999 9.999
end_time of measurement, days from the file reference point
pm10_mass, ug/m3, Matrix=pm10
pm25_mass, ug/m3, Matrix=pm25
numflag, no unit
0
33
Data definition:              EBAS_1.1
Set type code:                TI
Timezone:                     UTC
File name:                    US1005R.19980103050000.20191216000000.filterpack...1y.3d.US03L_filterpack_US1005.US03L_IMPROVE_Davis.lev2.nas
File creation:                20191218120309
Startdate:                    19980103050000
Revision date:                20191216000000
Version:                      2
Version description:          "Data extracted from http://views.cira.colostate.edu/fed/DataWizard 2019-12-16"
Statistics:                   arithmetic mean
Data level:                   2
Period code:                  1y
Resolution code:              3d
Sample duration:              1d
Orig. time res.:              3d
Station code:                 US1005R
Platform code:                US1005S
Station name:                 Chassahowitzka National Wildlife Refuge (FL05)
Station latitude:             28.7486
Station longitude:            -82.5551
Station altitude:             3.0 m
Regime:                       IMG
Component:                    
Unit:                         ug/m3
Matrix:                       
Laboratory code:              US03L
Instrument type:              filterpack
Instrument name:              filterpack_US1005
Method ref:                   US03L_IMPROVE_Davis
Blank correction:             Blank corrected
Volume std. temperature:      ambient
Volume std. pressure:         ambient
starttime endtime PM10 PM2.5 flag
  2.208333   3.208333  15.451   6.479 0.000
  6.208333   7.208333  18.390   8.602 0.000
  9.208333  10.208333   9.071   7.162 0.000
 13.208333  14.208333  16.385  11.014 0.000
 16.208333  17.208333  11.559   6.656 0.000
 20.208333  21.208333  40.977   6.415 0.000
 23.208333  24.208333  37.413   4.517 0.000
 27.208333  28.208333  14.940   8.827 0.000
 30.208333  31.208333  24.031  13.044 0.000
 34.208333  35.208333  15.526   5.014 0.000
 37.208333  38.208333  19.363  14.689 0.000
 41.208333  42.208333  21.404  11.856 0.000
 44.208333  45.208333  13.209   9.778 0.000
 48.208333  49.208333  25.741   7.191 0.000
 51.208333  52.208333  19.869  16.442 0.000
 55.208333  56.208333  33.737  13.637 0.000
 58.208333  59.208333  27.778   9.093 0.000
 62.208333  63.208333  32.634  10.308 0.000
 65.208333  66.208333  32.441  10.761 0.000
 69.208333  70.208333  12.481   8.184 0.000
 72.208333  73.208333  31.203  13.572 0.000
 76.208333  77.208333  25.029  10.171 0.000
 79.208333  80.208333  15.307   7.835 0.000
 83.208333  84.208333  22.286  12.560 0.000
 86.208333  87.208333  17.701   7.733 0.000
 90.208333  91.208333  26.283   8.006 0.000
 93.208333  94.208333  29.024  11.796 0.000
 97.208333  98.208333  34.631  15.177 0.000
100.208333 101.208333  19.290  11.304 0.000
104.208333 105.208333  25.196   7.945 0.000
107.208333 108.208333  24.083   8.321 0.000
111.208333 112.208333  18.353  10.837 0.000
114.208333 115.208333  33.550  20.802 0.000
118.208333 119.208333  24.024  11.183 0.000
121.208333 122.208333  16.986   7.682 0.000
125.208333 126.208333  18.275  12.500 0.000
128.208333 129.208333  36.230  25.660 0.000
132.208333 133.208333  31.727  20.348 0.000
135.208333 136.208333  19.835  12.918 0.000
139.208333 140.208333 999.999  19.681 0.000
142.208333 143.208333  31.273  20.311 0.000
146.208333 147.208333  11.460   6.914 0.000
149.208333 150.208333  20.292  15.595 0.000
153.208333 154.208333   7.746   5.087 0.000
156.208333 157.208333  10.167   5.507 0.000
160.208333 161.208333  22.377  13.705 0.000
163.208333 164.208333  20.692   8.833 0.000
167.208333 168.208333  16.648  10.822 0.000
170.208333 171.208333  29.467  17.166 0.000
174.208333 175.208333  41.574  28.955 0.000
177.208333 178.208333  26.077  17.226 0.000
181.208333 182.208333  48.189  23.148 0.000
184.208333 185.208333  34.253  14.404 0.000
188.208333 189.208333  29.755  14.547 0.000
191.208333 192.208333  33.737  19.676 0.000
195.208333 196.208333  26.833  14.103 0.000
198.208333 199.208333  39.824  16.378 0.000
202.208333 203.208333  27.176  11.769 0.000
205.208333 206.208333  66.620  30.419 0.000
209.208333 210.208333  23.565  11.635 0.000
212.208333 213.208333  23.243  12.914 0.000
216.208333 217.208333  11.120   6.733 0.000
219.208333 220.208333  12.454   5.119 0.000
223.208333 224.208333  16.476  10.506 0.000
226.208333 227.208333  11.291   7.932 0.000
230.208333 231.208333  14.259   6.582 0.000
233.208333 234.208333   7.559   2.963 0.000
237.208333 238.208333  36.045  27.177 0.000
240.208333 241.208333  18.424  11.514 0.000
244.208333 245.208333  21.423  12.356 0.000
247.208333 248.208333  15.967   8.097 0.000
251.208333 252.208333  18.218  11.782 0.000
254.208333 255.208333  15.377  10.357 0.000
258.208333 259.208333  13.613   4.789 0.000
261.208333 262.208333  11.589   6.557 0.000
265.208333 266.208333  17.830   7.546 0.000
268.208333 269.208333  23.039   9.019 0.000
272.208333 273.208333  15.061   6.885 0.000
275.208333 276.208333  14.870  11.255 0.000
279.208333 280.208333   8.365   5.358 0.000
282.208333 283.208333  14.423  10.716 0.000
286.208333 287.208333  20.118  12.953 0.000
289.208333 290.208333  18.436  10.447 0.000
293.208333 294.208333   8.246   5.139 0.000
296.208333 297.208333  12.240   6.099 0.000
300.208333 301.208333  14.618   8.478 0.000
303.208333 304.208333  23.620  21.678 0.000
307.208333 308.208333  21.387   9.270 0.000
310.208333 311.208333  21.174  17.441 0.000
314.208333 315.208333  16.822   8.307 0.000
317.208333 318.208333  18.116  11.066 0.000
321.208333 322.208333  14.478   9.620 0.000
324.208333 325.208333  13.763  10.081 0.000
328.208333 329.208333  10.592   9.259 0.000
331.208333 332.208333  17.845  14.119 0.000
335.208333 336.208333  12.792  13.428 0.000
338.208333 339.208333   9.364   6.089 0.000
342.208333 343.208333  14.487   9.636 0.000
345.208333 346.208333  12.141   7.412 0.000
349.208333 350.208333  11.396   8.656 0.000
352.208333 353.208333  17.701  12.461 0.000
356.208333 357.208333  18.576  11.815 0.000
359.208333 360.208333  15.538   6.714 0.000
363.208333 364.208333  14.081  12.297 0.000
