scripts/IMPROVE-2019_partial/data/US1011R.19950104050000.20191216000000.filterpack.pm25_mass.pm25.1y.3d.US03L_filterpack_US1011.US03L_IMPROVE_Davis.lev2.nas
50 1001
MISSING INFORMATION
US03L, IMPROVE, , , , , , , 
MISSING INFORMATION
IMPROVE sel_HTAP
1 1
1995 01 01 2019 12 16
0
days from file reference point
3
1 1 1
999.999999 999.999 9.999
end_time of measurement, days from the file reference point
pm25_mass, ug/m3
numflag pm25_mass, no unit
0
33
Data definition:              EBAS_1.1
Set type code:                TI
Timezone:                     UTC
File name:                    US1011R.19950104050000.20191216000000.filterpack.pm25_mass.pm25.1y.3d.US03L_filterpack_US1011.US03L_IMPROVE_Davis.lev2.nas
File creation:                20191218120318
Startdate:                    19950104050000
Revision date:                20191216000000
Version:                      2
Version description:          "Data extracted from http://views.cira.colostate.edu/fed/DataWizard 2019-12-16"
Statistics:                   arithmetic mean
Data level:                   2
Period code:                  1y
Resolution code:              3d
Sample duration:              1d
Orig. time res.:              3d
Station code:                 US1011R
Platform code:                US1011S
Station name:                 Everglades National Park-Research Center (FL11)
Station latitude:             25.39
Station longitude:            -80.68
Station altitude:             2.0 m
Regime:                       IMG
Component:                    pm25_mass
Unit:                         ug/m3
Matrix:                       pm25
Laboratory code:              US03L
Instrument type:              filterpack
Instrument name:              filterpack_US1011
Method ref:                   US03L_IMPROVE_Davis
Blank correction:             Blank corrected
Volume std. temperature:      ambient
Volume std. pressure:         ambient
starttime endtime PM2.5 flag_PM2.5
  3.208333   4.208333   7.087 0.000
  6.208333   7.208333   7.393 0.000
 10.208333  11.208333   9.010 0.000
 13.208333  14.208333   7.039 0.000
 17.208333  18.208333  10.066 0.000
 20.208333  21.208333   4.583 0.000
 24.208333  25.208333   7.000 0.000
 27.208333  28.208333   7.663 0.000
 31.208333  32.208333  10.233 0.000
 34.208333  35.208333   5.964 0.000
 38.208333  39.208333   6.012 0.000
 41.208333  42.208333   8.879 0.000
 45.208333  46.208333   5.533 0.000
 48.208333  49.208333   4.884 0.000
 52.208333  53.208333   6.695 0.000
 55.208333  56.208333  12.398 0.000
 59.208333  60.208333   6.544 0.000
 62.208333  63.208333   5.257 0.000
 66.208333  67.208333   3.228 0.000
 69.208333  70.208333   6.629 0.000
 73.208333  74.208333   3.260 0.000
 76.208333  77.208333   4.639 0.000
 80.208333  81.208333   9.871 0.000
 83.208333  84.208333  17.105 0.000
 87.208333  88.208333  15.438 0.000
 90.208333  91.208333  16.478 0.000
 94.208333  95.208333 999.999 0.999
 97.208333  98.208333   8.743 0.000
101.208333 102.208333   6.503 0.000
104.208333 105.208333  21.263 0.000
108.208333 109.208333  16.110 0.000
111.208333 112.208333   8.140 0.000
115.208333 116.208333   9.724 0.000
118.208333 119.208333   6.830 0.000
122.208333 123.208333  10.462 0.000
125.208333 126.208333  10.840 0.000
129.208333 130.208333  10.009 0.000
132.208333 133.208333   9.585 0.000
136.208333 137.208333  14.842 0.000
139.208333 140.208333   8.840 0.000
143.208333 144.208333   6.559 0.000
146.208333 147.208333   6.200 0.000
150.208333 151.208333   5.051 0.000
153.208333 154.208333   7.090 0.000
157.208333 158.208333  10.163 0.000
160.208333 161.208333  36.481 0.000
164.208333 165.208333  12.778 0.000
167.208333 168.208333   5.300 0.000
171.208333 172.208333   2.604 0.000
174.208333 175.208333  18.360 0.000
178.208333 179.208333  39.734 0.000
181.208333 182.208333  18.665 0.000
185.208333 186.208333  16.156 0.000
188.208333 189.208333  14.984 0.000
192.208333 193.208333 999.999 0.999
195.208333 196.208333   8.454 0.000
199.208333 200.208333 999.999 0.999
202.208333 203.208333  24.044 0.000
206.208333 207.208333 999.999 0.999
209.208333 210.208333 999.999 0.999
213.208333 214.208333 999.999 0.999
216.208333 217.208333  22.744 0.000
220.208333 221.208333  13.473 0.000
223.208333 224.208333   9.037 0.000
227.208333 228.208333  18.930 0.000
230.208333 231.208333  16.204 0.000
234.208333 235.208333  13.858 0.000
237.208333 238.208333  10.789 0.000
241.208333 242.208333   9.776 0.000
244.208333 245.208333  11.963 0.000
248.208333 249.208333   6.822 0.000
251.208333 252.208333   5.045 0.000
255.208333 256.208333   7.424 0.000
258.208333 259.208333   7.102 0.000
262.208333 263.208333 999.999 0.999
265.208333 266.208333   5.208 0.000
269.208333 270.208333 999.999 0.999
272.208333 273.208333   6.095 0.000
276.208333 277.208333 999.999 0.999
279.208333 280.208333   4.231 0.000
283.208333 284.208333 999.999 0.999
286.208333 287.208333   3.692 0.000
290.208333 291.208333 999.999 0.999
293.208333 294.208333   7.283 0.000
297.208333 298.208333 999.999 0.999
300.208333 301.208333   4.695 0.000
304.208333 305.208333 999.999 0.999
307.208333 308.208333   5.679 0.000
311.208333 312.208333 999.999 0.999
314.208333 315.208333   4.816 0.000
318.208333 319.208333 999.999 0.999
321.208333 322.208333   7.837 0.000
325.208333 326.208333 999.999 0.999
328.208333 329.208333   6.969 0.000
332.208333 333.208333   4.777 0.000
335.208333 336.208333  10.178 0.000
339.208333 340.208333   7.274 0.000
342.208333 343.208333   4.225 0.000
346.208333 347.208333   3.656 0.000
349.208333 350.208333   3.163 0.000
353.208333 354.208333   5.168 0.000
356.208333 357.208333   5.096 0.000
360.208333 361.208333   8.663 0.000
363.208333 364.208333   4.943 0.000
