scripts/IMPROVE-2019_partial/data/US1011R.20100102050000.20191216000000.filterpack...52w.3d.US03L_filterpack_US1011.US03L_IMPROVE_Davis.lev2.nas
52 1001
MISSING INFORMATION
US03L, IMPROVE, , , , , , , 
MISSING INFORMATION
IMPROVE sel_HTAP
1 1
2010 01 01 2019 12 16
3.000000
days from file reference point
5
1 1 1 1 1
999.999999 999.999 9.999 999.999 9.999
end_time of measurement, days from the file reference point
pm10_mass, ug/m3, Matrix=pm10
numflag pm10_mass, no unit, Matrix=pm10
pm25_mass, ug/m3, Matrix=pm25
numflag pm25_mass, no unit, Matrix=pm25
0
33
Data definition:              EBAS_1.1
Set type code:                TU
Timezone:                     UTC
File name:                    US1011R.20100102050000.20191216000000.filterpack...52w.3d.US03L_filterpack_US1011.US03L_IMPROVE_Davis.lev2.nas
File creation:                20191218120318
Startdate:                    20100102050000
Revision date:                20191216000000
Version:                      2
Version description:          "Data extracted from http://views.cira.colostate.edu/fed/DataWizard 2019-12-16"
Statistics:                   arithmetic mean
Data level:                   2
Period code:                  52w
Resolution code:              3d
Sample duration:              1d
Orig. time res.:              3d
Station code:                 US1011R
Platform code:                US1011S
Station name:                 Everglades National Park-Research Center (FL11)
Station latitude:             25.39
Station longitude:            -80.68
Station altitude:             2.0 m
Regime:                       IMG
Component:                    
Unit:                         ug/m3
Matrix:                       
Laboratory code:              US03L
Instrument type:              filterpack
Instrument name:              filterpack_US1011
Method ref:                   US03L_IMPROVE_Davis
Blank correction:             Blank corrected
Volume std. temperature:      ambient
Volume std. pressure:         ambient
starttime endtime PM10 flag_PM10 PM2.5 flag_PM2.5
  1.208333   2.208333   2.818 0.000   3.980 0.000
  4.208333   5.208333   4.265 0.000   5.262 0.000
  7.208333   8.208333   4.040 0.000   4.546 0.000
 10.208333  11.208333   6.095 0.000   7.561 0.000
 13.208333  14.208333   8.246 0.000   8.523 0.000
 16.208333  17.208333   5.430 0.000   4.252 0.000
 19.208333  20.208333   3.149 0.000   4.796 0.000
 22.208333  23.208333   5.573 0.000   6.396 0.000
 25.208333  26.208333   3.898 0.000   4.116 0.000
 28.208333  29.208333   6.544 0.000   5.140 0.000
 31.208333  32.208333   4.951 0.000   4.462 0.000
 34.208333  35.208333   6.123 0.000   4.544 0.000
 37.208333  38.208333   5.275 0.000   5.176 0.000
 40.208333  41.208333   5.237 0.000   4.958 0.000
 43.208333  44.208333   3.592 0.000   3.937 0.000
 46.208333  47.208333   4.256 0.000   4.607 0.000
 49.208333  50.208333   6.243 0.000   4.868 0.000
 52.208333  53.208333   7.369 0.000   3.079 0.000
 55.208333  56.208333  10.994 0.000   5.798 0.000
 58.208333  59.208333   9.265 0.000   6.157 0.000
 61.208333  62.208333  12.532 0.000   5.566 0.000
 64.208333  65.208333  10.832 0.000   7.705 0.000
 67.208333  68.208333   8.231 0.000   4.999 0.000
 70.208333  71.208333  15.790 0.000   8.273 0.000
 73.208333  74.208333  14.290 0.000   5.095 0.000
 76.208333  77.208333  10.463 0.000   6.983 0.000
 79.208333  80.208333  14.817 0.000   7.421 0.000
 82.208333  83.208333  12.140 0.000   7.563 0.000
 85.208333  86.208333  11.642 0.000   6.191 0.000
 88.208333  89.208333  12.450 0.000   6.828 0.000
 91.208333  92.208333  12.908 0.000   8.191 0.000
 94.208333  95.208333  10.141 0.000   3.687 0.000
 97.208333  98.208333  16.066 0.000   5.579 0.000
100.208333 101.208333  11.006 0.000   5.785 0.000
103.208333 104.208333  15.996 0.000   5.643 0.000
106.208333 107.208333  12.532 0.000   4.493 0.000
109.208333 110.208333  10.370 0.000   7.406 0.000
112.208333 113.208333  12.730 0.000   7.158 0.000
115.208333 116.208333  13.250 0.000   9.563 0.000
118.208333 119.208333  14.886 0.000   8.309 0.000
121.208333 122.208333  23.348 0.000  10.431 0.000
124.208333 125.208333 999.999 0.699 999.999 0.456
127.208333 128.208333  11.684 0.000   6.636 0.000
130.208333 131.208333  18.603 0.000   8.337 0.000
133.208333 134.208333  15.810 0.000   5.429 0.000
136.208333 137.208333  11.979 0.000   4.510 0.000
139.208333 140.208333   7.277 0.000   2.539 0.000
142.208333 143.208333   6.975 0.000   3.244 0.000
145.208333 146.208333  10.503 0.000   4.473 0.000
148.208333 149.208333   9.017 0.000   7.040 0.000
151.208333 152.208333   6.796 0.000   4.115 0.000
154.208333 155.208333  18.876 0.000   8.254 0.000
157.208333 158.208333  38.109 0.000  18.753 0.000
160.208333 161.208333  14.342 0.000   7.541 0.000
163.208333 164.208333  12.176 0.000   5.742 0.000
166.208333 167.208333  10.903 0.000   4.261 0.000
169.208333 170.208333   7.316 0.000   3.065 0.000
172.208333 173.208333  12.730 0.000   4.169 0.000
175.208333 176.208333  17.953 0.000   6.975 0.000
178.208333 179.208333  32.349 0.000  10.816 0.000
181.208333 182.208333  10.517 0.000   4.209 0.000
184.208333 185.208333  16.912 0.000   8.832 0.000
187.208333 188.208333  12.903 0.000   4.652 0.000
190.208333 191.208333  11.078 0.000   4.371 0.000
193.208333 194.208333  11.122 0.000   5.077 0.000
196.208333 197.208333   8.569 0.000   4.518 0.000
199.208333 200.208333  19.801 0.000   9.179 0.000
202.208333 203.208333  20.604 0.000   7.328 0.000
205.208333 206.208333  12.898 0.000   5.529 0.000
208.208333 209.208333  17.004 0.000   7.977 0.000
211.208333 212.208333  12.259 0.000   6.812 0.000
214.208333 215.208333  14.534 0.000   6.070 0.000
217.208333 218.208333  11.865 0.000   4.394 0.000
220.208333 221.208333   7.157 0.000   3.025 0.000
223.208333 224.208333  12.522 0.000   4.631 0.000
226.208333 227.208333  14.180 0.000   5.396 0.000
229.208333 230.208333  10.649 0.000   4.139 0.000
232.208333 233.208333   9.951 0.000   3.497 0.000
235.208333 236.208333  30.574 0.000  14.786 0.000
238.208333 239.208333  27.668 0.000  10.287 0.000
241.208333 242.208333   9.899 0.000   3.347 0.000
244.208333 245.208333  18.867 0.000   6.728 0.000
247.208333 248.208333   5.961 0.000   3.064 0.000
250.208333 251.208333  15.598 0.000   4.651 0.000
253.208333 254.208333  12.306 0.000 999.999 0.456
256.208333 257.208333  17.018 0.000   8.149 0.000
259.208333 260.208333  13.971 0.000   4.230 0.000
262.208333 263.208333  15.972 0.000   6.041 0.000
265.208333 266.208333   8.542 0.000   3.622 0.000
268.208333 269.208333   9.912 0.000   3.619 0.000
271.208333 272.208333   4.845 0.000   1.466 0.000
274.208333 275.208333  12.296 0.000   8.648 0.000
277.208333 278.208333  13.967 0.000   7.992 0.000
280.208333 281.208333  10.722 0.000   6.101 0.000
283.208333 284.208333  10.076 0.000   6.447 0.000
286.208333 287.208333  11.046 0.000   4.257 0.000
289.208333 290.208333  13.171 0.000   6.690 0.000
292.208333 293.208333   9.494 0.000   5.193 0.000
295.208333 296.208333  11.940 0.000   6.686 0.000
298.208333 299.208333   9.020 0.000   3.452 0.000
301.208333 302.208333   8.005 0.000   3.755 0.000
304.208333 305.208333   6.902 0.000   2.802 0.000
307.208333 308.208333   5.947 0.000   2.593 0.000
310.208333 311.208333   9.820 0.000   4.686 0.000
313.208333 314.208333  10.434 0.000   6.291 0.000
316.208333 317.208333  12.965 0.000   5.228 0.000
319.208333 320.208333   7.209 0.000   3.488 0.000
322.208333 323.208333  11.408 0.000   4.794 0.000
325.208333 326.208333   8.972 0.000   3.837 0.000
328.208333 329.208333   9.192 0.000   3.275 0.000
331.208333 332.208333   7.301 0.000   3.374 0.000
334.208333 335.208333   8.302 0.000   3.422 0.000
337.208333 338.208333  11.803 0.000   4.996 0.000
340.208333 341.208333   9.544 0.000   5.134 0.000
343.208333 344.208333  12.044 0.000   6.385 0.000
346.208333 347.208333  16.673 0.000   5.829 0.000
349.208333 350.208333  10.334 0.000   4.862 0.000
352.208333 353.208333   4.913 0.000   3.498 0.000
355.208333 356.208333   6.780 0.000   3.510 0.000
358.208333 359.208333  10.406 0.000   6.823 0.000
361.208333 362.208333   6.817 0.000   4.072 0.000
364.208333 365.208333   9.166 0.000   3.133 0.000
