scripts/IMPROVE-2019_partial/data/US1011R.20130101050000.20191216000000.filterpack...52w.3d.US03L_filterpack_US1011.US03L_IMPROVE_Davis.lev2.nas
51 1001
MISSING INFORMATION
US03L, IMPROVE, , , , , , , 
MISSING INFORMATION
IMPROVE sel_HTAP
1 1
2013 01 01 2019 12 16
3.000000
days from file reference point
4
1 1 1 1
999.999999 9999.999 999.999 9.999
end_time of measurement, days from the file reference point
pm10_mass, ug/m3, Matrix=pm10
pm25_mass, ug/m3, Matrix=pm25
numflag, no unit
0
33
Data definition:              EBAS_1.1
Set type code:                TU
Timezone:                     UTC
File name:                    US1011R.20130101050000.20191216000000.filterpack...52w.3d.US03L_filterpack_US1011.US03L_IMPROVE_Davis.lev2.nas
File creation:                20191218120318
Startdate:                    20130101050000
Revision date:                20191216000000
Version:                      2
Version description:          "Data extracted from http://views.cira.colostate.edu/fed/DataWizard 2019-12-16"
Statistics:                   arithmetic mean
Data level:                   2
Period code:                  52w
Resolution code:              3d
Sample duration:              1d
Orig. time res.:              3d
Station code:                 US1011R
Platform code:                US1011S
Station name:                 Everglades National Park-Research Center (FL11)
Station latitude:             25.39
Station longitude:            -80.68
Station altitude:             2.0 m
Regime:                       IMG
Component:                    
Unit:                         ug/m3
Matrix:                       
Laboratory code:              US03L
Instrument type:              filterpack
Instrument name:              filterpack_US1011
Method ref:                   US03L_IMPROVE_Davis
Blank correction:             Blank corrected
Volume std. temperature:      ambient
Volume std. pressure:         ambient
starttime endtime PM10 PM2.5 flag
  0.208333   1.208333   15.832   5.250 0.000
  3.208333   4.208333    4.809   2.257 0.000
  6.208333   7.208333    8.228   3.638 0.000
  9.208333  10.208333   14.230   5.043 0.000
 12.208333  13.208333   10.943   3.845 0.000
 15.208333  16.208333    6.180   2.752 0.000
 18.208333  19.208333    5.428   3.543 0.000
 21.208333  22.208333   15.515   9.518 0.000
 24.208333  25.208333   14.239  10.976 0.000
 27.208333  28.208333   12.652   6.390 0.000
 30.208333  31.208333    9.079   4.508 0.000
 33.208333  34.208333    8.029   3.976 0.000
 36.208333  37.208333   10.884   5.659 0.000
 39.208333  40.208333    9.801   5.703 0.000
 42.208333  43.208333   15.289   5.037 0.000
 45.208333  46.208333    4.750   2.410 0.000
 48.208333  49.208333    8.187   2.799 0.000
 51.208333  52.208333    9.436   4.264 0.000
 54.208333  55.208333   10.553   6.270 0.000
 57.208333  58.208333   20.796   7.915 0.000
 60.208333  61.208333   18.371   6.778 0.000
 63.208333  64.208333   11.393   4.744 0.000
 66.208333  67.208333   43.425  10.363 0.000
 69.208333  70.208333   16.087   5.076 0.000
 72.208333  73.208333   86.579  11.404 0.000
 75.208333  76.208333   15.315   6.015 0.000
 78.208333  79.208333    9.305   3.688 0.000
 81.208333  82.208333   15.129   9.112 0.000
 84.208333  85.208333   55.073   7.496 0.000
 87.208333  88.208333  106.714  10.061 0.000
 90.208333  91.208333   25.297   9.045 0.000
 93.208333  94.208333   31.271   6.317 0.000
 96.208333  97.208333   11.719   4.184 0.000
 99.208333 100.208333   27.692   5.083 0.000
102.208333 103.208333   10.597   6.072 0.000
105.208333 106.208333   14.033   5.272 0.000
108.208333 109.208333   14.045   4.489 0.000
111.208333 112.208333    8.173   3.136 0.000
114.208333 115.208333   18.756   6.136 0.000
117.208333 118.208333   12.742   4.720 0.000
120.208333 121.208333    7.669   3.234 0.000
123.208333 124.208333    7.090   2.738 0.000
126.208333 127.208333   10.490   4.305 0.000
129.208333 130.208333   10.744   6.038 0.000
132.208333 133.208333   10.360   6.096 0.000
135.208333 136.208333   23.202   7.433 0.000
138.208333 139.208333   14.311   6.446 0.000
141.208333 142.208333   12.366   6.654 0.000
144.208333 145.208333   15.172   7.319 0.000
147.208333 148.208333    9.992   3.329 0.000
150.208333 151.208333    7.621   3.229 0.000
153.208333 154.208333   17.413   9.480 0.000
156.208333 157.208333   20.602   9.765 0.000
159.208333 160.208333   17.830   7.687 0.000
162.208333 163.208333    9.141   4.892 0.000
165.208333 166.208333    9.494   7.220 0.000
168.208333 169.208333   45.786  15.927 0.000
171.208333 172.208333   44.555  15.256 0.000
174.208333 175.208333   15.862   5.795 0.000
177.208333 178.208333 9999.999 999.999 0.999
180.208333 181.208333 9999.999 999.999 0.999
183.208333 184.208333   14.573   6.373 0.000
186.208333 187.208333   15.203   5.250 0.000
189.208333 190.208333    8.550   4.548 0.000
192.208333 193.208333   10.004   4.170 0.000
195.208333 196.208333   11.701   5.983 0.000
198.208333 199.208333    9.694   3.954 0.000
201.208333 202.208333   48.006  17.938 0.000
204.208333 205.208333   24.007   9.075 0.000
207.208333 208.208333   12.395   7.665 0.000
210.208333 211.208333   23.491   8.594 0.000
213.208333 214.208333    6.017   2.733 0.000
216.208333 217.208333    7.207   4.213 0.000
219.208333 220.208333   11.921   4.210 0.000
222.208333 223.208333   42.143  15.663 0.000
225.208333 226.208333   12.154   4.252 0.000
228.208333 229.208333   38.308  14.061 0.000
231.208333 232.208333   10.526   3.877 0.000
234.208333 235.208333    9.783   3.702 0.000
237.208333 238.208333    7.929   2.938 0.000
240.208333 241.208333   10.163   4.187 0.000
243.208333 244.208333   12.438   5.724 0.000
246.208333 247.208333   10.181   4.027 0.000
249.208333 250.208333    7.308   2.881 0.000
252.208333 253.208333    6.406   2.568 0.000
255.208333 256.208333   30.751  11.981 0.000
258.208333 259.208333    7.202   2.948 0.000
261.208333 262.208333    7.283   3.303 0.000
264.208333 265.208333    7.800   5.143 0.000
267.208333 268.208333    9.596   5.822 0.000
270.208333 271.208333    6.290   2.938 0.000
273.208333 274.208333    7.058   3.002 0.000
276.208333 277.208333    6.698   3.303 0.000
279.208333 280.208333    6.518   4.203 0.000
282.208333 283.208333 9999.999 999.999 0.999
285.208333 286.208333 9999.999 999.999 0.999
288.208333 289.208333 9999.999 999.999 0.999
291.208333 292.208333 9999.999 999.999 0.999
294.208333 295.208333 9999.999 999.999 0.999
297.208333 298.208333 9999.999 999.999 0.999
300.208333 301.208333 9999.999 999.999 0.999
303.208333 304.208333   10.680   3.800 0.000
306.208333 307.208333   12.807   5.141 0.000
309.208333 310.208333   17.381   5.343 0.000
312.208333 313.208333    7.516   3.527 0.000
315.208333 316.208333   11.811   4.341 0.000
318.208333 319.208333   14.484   3.745 0.000
321.208333 322.208333    8.758   3.529 0.000
324.208333 325.208333    6.386   2.694 0.000
327.208333 328.208333    7.362   3.155 0.000
330.208333 331.208333    8.145   2.973 0.000
333.208333 334.208333    8.225   3.614 0.000
336.208333 337.208333    7.669   4.284 0.000
339.208333 340.208333   11.154   3.035 0.000
342.208333 343.208333   15.076   3.903 0.000
345.208333 346.208333    9.907   4.659 0.000
348.208333 349.208333    8.310   4.135 0.000
351.208333 352.208333    9.246   4.566 0.000
354.208333 355.208333   11.716   3.844 0.000
357.208333 358.208333    8.162   3.621 0.000
360.208333 361.208333    7.123   2.859 0.000
363.208333 364.208333    7.545   4.141 0.000
