scripts/IMPROVE-2019_partial/data/US1005R.19990102050000.20191216000000.filterpack...1y.3d.US03L_filterpack_US1005.US03L_IMPROVE_Davis.lev2.nas
51 1001
MISSING INFORMATION
US03L, IMPROVE, , , , , , , 
MISSING INFORMATION
IMPROVE sel_HTAP
1 1
1999 01 01 2019 12 16
0
days from file reference point
4
1 1 1 1
999.999999 999.999 999.999 9.999
end_time of measurement, days from the file reference point
pm10_mass, ug/m3, Matrix=pm10
pm25_mass, ug/m3, Matrix=pm25
numflag, no unit
0
33
Data definition:              EBAS_1.1
Set type code:                TI
Timezone:                     UTC
File name:                    US1005R.19990102050000.20191216000000.filterpack...1y.3d.US03L_filterpack_US1005.US03L_IMPROVE_Davis.lev2.nas
File creation:                20191218120309
Startdate:                    19990102050000
Revision date:                20191216000000
Version:                      2
Version description:          "Data extracted from http://views.cira.colostate.edu/fed/DataWizard 2019-12-16"
Statistics:                   arithmetic mean
Data level:                   2
Period code:                  1y
Resolution code:              3d
Sample duration:              1d
Orig. time res.:              3d
Station code:                 US1005R
Platform code:                US1005S
Station name:                 Chassahowitzka National Wildlife Refuge (FL05)
Station latitude:             28.7486
Station longitude:            -82.5551
Station altitude:             3.0 m
Regime:                       IMG
Component:                    
Unit:                         ug/m3
Matrix:                       
Laboratory code:              US03L
Instrument type:              filterpack
Instrument name:              filterpack_US1005
Method ref:                   US03L_IMPROVE_Davis
Blank correction:             Blank corrected
Volume std. temperature:      ambient
Volume std. pressure:         ambient
starttime endtime PM10 PM2.5 flag
  1.208333   2.208333  18.103  11.179 0.000
  5.208333   6.208333  22.024  16.827 0.000
  8.208333   9.208333  10.318   5.742 0.000
 12.208333  13.208333  15.370  13.889 0.000
 15.208333  16.208333  12.454   6.912 0.000
 19.208333  20.208333  13.227  10.098 0.000
 22.208333  23.208333  12.850   8.447 0.000
 26.208333  27.208333  36.145  14.661 0.000
 29.208333  30.208333  18.616   9.249 0.000
 33.208333  34.208333  16.524   9.043 0.000
 36.208333  37.208333  21.712  14.389 0.000
 40.208333  41.208333  24.531  13.386 0.000
 43.208333  44.208333  10.777   4.630 0.000
 47.208333  48.208333  30.076  19.905 0.000
 50.208333  51.208333 999.999  13.281 0.000
 54.208333  55.208333  18.648  19.144 0.000
 57.208333  58.208333  27.449  19.283 0.000
 61.208333  62.208333  17.009   6.516 0.000
 64.208333  65.208333  15.625   8.406 0.000
 68.208333  69.208333  17.062   8.505 0.000
 71.208333  72.208333  26.839  14.428 0.000
 75.208333  76.208333  26.370  13.579 0.000
 78.208333  79.208333  36.271  26.376 0.000
 82.208333  83.208333  21.991  17.870 0.000
 85.208333  86.208333  23.326  21.173 0.000
 89.208333  90.208333  39.909  18.998 0.000
 92.208333  93.208333  27.563  19.666 0.000
 96.208333  97.208333  26.293  15.278 0.000
 99.208333 100.208333  16.204   7.998 0.000
103.208333 104.208333  33.044  16.466 0.000
106.208333 107.208333   9.415   7.539 0.000
110.208333 111.208333  22.668  17.652 0.000
113.208333 114.208333  21.532  12.610 0.000
117.208333 118.208333  21.782   8.201 0.000
120.208333 121.208333  14.752   5.593 0.000
124.208333 125.208333  20.309  10.152 0.000
127.208333 128.208333  19.453   9.747 0.000
131.208333 132.208333  25.301  21.176 0.000
134.208333 135.208333  18.135  11.616 0.000
138.208333 139.208333  13.975  11.327 0.000
141.208333 142.208333  18.004  13.362 0.000
145.208333 146.208333  15.286  11.503 0.000
148.208333 149.208333 999.999  20.486 0.000
152.208333 153.208333  23.317  11.062 0.000
155.208333 156.208333  26.936  18.508 0.000
159.208333 160.208333  15.605   5.966 0.000
162.208333 163.208333  21.991  10.541 0.000
166.208333 167.208333  17.647  13.951 0.000
169.208333 170.208333  26.430  14.230 0.000
173.208333 174.208333  16.299 999.999 0.000
176.208333 177.208333  21.038  13.148 0.000
180.208333 181.208333  19.336  10.509 0.000
183.208333 184.208333  10.645 999.999 0.000
187.208333 188.208333  18.957  11.962 0.000
190.208333 191.208333  33.027  19.798 0.000
194.208333 195.208333  30.010  16.716 0.000
197.208333 198.208333  13.393   7.465 0.000
201.208333 202.208333 999.999 999.999 0.999
204.208333 205.208333  16.122  12.835 0.000
208.208333 209.208333  10.185   7.158 0.000
211.208333 212.208333  25.855  18.416 0.000
215.208333 216.208333  24.465  15.716 0.000
218.208333 219.208333  27.259  12.053 0.000
222.208333 223.208333  16.244  12.130 0.000
225.208333 226.208333  29.240  24.753 0.000
229.208333 230.208333  12.091   8.850 0.000
232.208333 233.208333  12.434   6.944 0.000
236.208333 237.208333  20.585 999.999 0.000
239.208333 240.208333  14.964 999.999 0.000
243.208333 244.208333  25.256  15.766 0.000
246.208333 247.208333 999.999  16.642 0.000
250.208333 251.208333  13.552   6.727 0.000
253.208333 254.208333  18.476  11.161 0.000
257.208333 258.208333  13.678   7.500 0.000
260.208333 261.208333  11.406   7.994 0.000
264.208333 265.208333  18.030  14.501 0.000
267.208333 268.208333  16.190  13.369 0.000
271.208333 272.208333  12.184   7.897 0.000
274.208333 275.208333  12.576   7.682 0.000
278.208333 279.208333  19.462  12.237 0.000
281.208333 282.208333  15.218   5.660 0.000
285.208333 286.208333  10.974   4.817 0.000
288.208333 289.208333   9.559   3.810 0.000
292.208333 293.208333  12.526   8.554 0.000
295.208333 296.208333  18.284  11.352 0.000
299.208333 300.208333  18.777  10.556 0.000
302.208333 303.208333  18.638  10.154 0.000
306.208333 307.208333  12.437   7.534 0.000
309.208333 310.208333  13.935   8.246 0.000
313.208333 314.208333  14.687   9.742 0.000
316.208333 317.208333 999.999 999.999 0.999
320.208333 321.208333  24.282  16.782 0.000
323.208333 324.208333 999.999 999.999 0.999
327.208333 328.208333 999.999 999.999 0.999
330.208333 331.208333 999.999 999.999 0.999
334.208333 335.208333  13.692  11.652 0.000
337.208333 338.208333  16.204   9.816 0.000
341.208333 342.208333  12.770   6.809 0.000
344.208333 345.208333  14.588  11.043 0.000
348.208333 349.208333 999.999 999.999 0.999
351.208333 352.208333   6.213   4.311 0.000
355.208333 356.208333  18.856  13.360 0.000
358.208333 359.208333  11.957   9.623 0.000
362.208333 363.208333  11.102   6.581 0.000
