scripts/IMPROVE-2019_partial/data/US1011R.20070103050000.20191216000000.filterpack...1y.3d.US03L_filterpack_US1011.US03L_IMPROVE_Davis.lev2.nas
52 1001
MISSING INFORMATION
US03L, IMPROVE, , , , , , , 
MISSING INFORMATION
IMPROVE sel_HTAP
1 1
2007 01 01 2019 12 16
3.000000
days from file reference point
5
1 1 1 1 1
999.999999 999.999 9.999 999.999 9.999
end_time of measurement, days from the file reference point
pm10_mass, ug/m3, Matrix=pm10
numflag pm10_mass, no unit, Matrix=pm10
pm25_mass, ug/m3, Matrix=pm25
numflag pm25_mass, no unit, Matrix=pm25
0
33
Data definition:              EBAS_1.1
Set type code:                TU
Timezone:                     UTC
File name:                    US1011R.20070103050000.20191216000000.filterpack...1y.3d.US03L_filterpack_US1011.US03L_IMPROVE_Davis.lev2.nas
File creation:                20191218120317
Startdate:                    20070103050000
Revision date:                20191216000000
Version:                      2
Version description:          "Data extracted from http://views.cira.colostate.edu/fed/DataWizard 2019-12-16"
Statistics:                   arithmetic mean
Data level:                   2
Period code:                  1y
Resolution code:              3d
Sample duration:              1d
Orig. time res.:              3d
Station code:                 US1011R
Platform code:                US1011S
Station name:                 Everglades National Park-Research Center (FL11)
Station latitude:             25.39
Station longitude:            -80.68
Station altitude:             2.0 m
Regime:                       IMG
Component:                    
Unit:                         ug/m3
Matrix:                       
Laboratory code:              US03L
Instrument type:              filterpack
Instrument name:              filterpack_US1011
Method ref:                   US03L_IMPROVE_Davis
Blank correction:             Blank corrected
Volume std. temperature:      ambient
Volume std. pressure:         ambient
starttime endtime PM10 flag_PM10 PM2.5 flag_PM2.5
  2.208333   3.208333  10.851 0.000   3.605 0.000
  5.208333   6.208333   8.399 0.000   2.875 0.000
  8.208333   9.208333  13.777 0.000   6.143 0.000
 11.208333  12.208333  16.283 0.000   4.656 0.000
 14.208333  15.208333   5.402 0.000   2.158 0.000
 17.208333  18.208333   6.509 0.000   3.361 0.000
 20.208333  21.208333  10.675 0.000   5.554 0.000
 23.208333  24.208333   8.878 0.000   4.675 0.000
 26.208333  27.208333  12.610 0.000   5.512 0.000
 29.208333  30.208333  12.791 0.000   5.601 0.000
 32.208333  33.208333  17.501 0.000   9.444 0.000
 35.208333  36.208333   8.982 0.000   3.848 0.000
 38.208333  39.208333   6.740 0.000   3.324 0.000
 41.208333  42.208333 999.999 0.456  19.328 0.000
 44.208333  45.208333   9.424 0.000   4.443 0.000
 47.208333  48.208333   9.666 0.000   6.251 0.000
 50.208333  51.208333  13.059 0.000   6.597 0.000
 53.208333  54.208333  18.243 0.000  11.431 0.000
 56.208333  57.208333  13.145 0.000   7.241 0.000
 59.208333  60.208333  12.863 0.000   5.757 0.000
 62.208333  63.208333  13.743 0.000   6.184 0.000
 65.208333  66.208333  10.653 0.000   4.460 0.000
 68.208333  69.208333  10.974 0.000   5.539 0.000
 71.208333  72.208333  13.020 0.000   6.922 0.000
 74.208333  75.208333  14.457 0.000   7.107 0.000
 77.208333  78.208333  12.801 0.000   6.073 0.000
 80.208333  81.208333   9.344 0.000   3.297 0.000
 83.208333  84.208333  11.573 0.000   4.059 0.000
 86.208333  87.208333  15.009 0.000   5.768 0.000
 89.208333  90.208333  16.705 0.000   5.289 0.000
 92.208333  93.208333   9.892 0.000   3.657 0.000
 95.208333  96.208333  11.922 0.000   7.563 0.000
 98.208333  99.208333  14.329 0.000   9.196 0.000
101.208333 102.208333 999.999 0.999 999.999 0.999
104.208333 105.208333  17.763 0.000   8.761 0.000
107.208333 108.208333  10.433 0.000   7.387 0.000
110.208333 111.208333  17.814 0.000  11.163 0.000
113.208333 114.208333  11.122 0.000   5.249 0.000
116.208333 117.208333  11.842 0.000   4.343 0.000
119.208333 120.208333  22.070 0.000  16.301 0.000
122.208333 123.208333  18.112 0.000   4.642 0.000
125.208333 126.208333  11.778 0.000   8.047 0.000
128.208333 129.208333  38.847 0.000  20.869 0.000
131.208333 132.208333  41.782 0.000  35.435 0.000
134.208333 135.208333  19.162 0.000  12.630 0.000
137.208333 138.208333  15.019 0.000   9.217 0.000
140.208333 141.208333  16.706 0.000   7.758 0.000
143.208333 144.208333  24.381 0.000  10.082 0.000
146.208333 147.208333  14.047 0.000 999.999 0.456
149.208333 150.208333  15.343 0.000   5.816 0.000
152.208333 153.208333  11.516 0.000   4.272 0.000
155.208333 156.208333  15.403 0.000   9.909 0.000
158.208333 159.208333  14.734 0.000   5.562 0.000
161.208333 162.208333   9.323 0.000   5.146 0.000
164.208333 165.208333  12.423 0.000   6.211 0.000
167.208333 168.208333  14.904 0.000   6.079 0.000
170.208333 171.208333  12.321 0.000   7.604 0.000
173.208333 174.208333  40.925 0.000  17.718 0.000
176.208333 177.208333  17.995 0.000   8.693 0.000
179.208333 180.208333  10.510 0.000   3.345 0.000
182.208333 183.208333   8.920 0.000   4.582 0.000
185.208333 186.208333  16.058 0.000   7.625 0.000
188.208333 189.208333  35.115 0.000  13.838 0.000
191.208333 192.208333  20.863 0.000   8.497 0.000
194.208333 195.208333  11.840 0.000   7.172 0.000
197.208333 198.208333  20.605 0.000   6.951 0.000
200.208333 201.208333   8.651 0.000   3.500 0.659
203.208333 204.208333   8.375 0.000   2.554 0.659
206.208333 207.208333 999.999 0.999 999.999 0.999
209.208333 210.208333 999.999 0.999 999.999 0.999
212.208333 213.208333   9.781 0.000   4.431 0.000
215.208333 216.208333  19.567 0.000   7.786 0.000
218.208333 219.208333  16.392 0.000  12.759 0.000
221.208333 222.208333 999.999 0.999 999.999 0.999
224.208333 225.208333 999.999 0.999 999.999 0.999
227.208333 228.208333 999.999 0.999 999.999 0.999
230.208333 231.208333 999.999 0.999 999.999 0.999
233.208333 234.208333   9.194 0.000   3.977 0.000
236.208333 237.208333  12.561 0.000   9.910 0.000
239.208333 240.208333  14.486 0.000   7.261 0.000
242.208333 243.208333  17.486 0.000  15.126 0.000
245.208333 246.208333  11.004 0.000   5.943 0.000
248.208333 249.208333  14.428 0.000   4.729 0.000
251.208333 252.208333 999.999 0.999 999.999 0.999
254.208333 255.208333  10.016 0.000   3.288 0.000
257.208333 258.208333  21.833 0.000   7.764 0.000
260.208333 261.208333   9.977 0.000   3.594 0.000
263.208333 264.208333   6.276 0.000   3.693 0.000
266.208333 267.208333   9.714 0.000   2.875 0.000
269.208333 270.208333   8.594 0.000   2.711 0.000
272.208333 273.208333  13.085 0.000   4.893 0.000
275.208333 276.208333   9.091 0.000   4.399 0.000
278.208333 279.208333  10.838 0.000   3.760 0.000
281.208333 282.208333  13.916 0.000   5.424 0.000
284.208333 285.208333   8.764 0.000   4.246 0.000
287.208333 288.208333  15.082 0.000   5.973 0.000
290.208333 291.208333  10.583 0.000   5.448 0.000
293.208333 294.208333   9.143 0.000   4.707 0.000
296.208333 297.208333   6.647 0.000   2.924 0.000
299.208333 300.208333  15.315 0.000   5.442 0.000
302.208333 303.208333  12.496 0.000   4.650 0.000
305.208333 306.208333  12.969 0.000   5.961 0.000
308.208333 309.208333  16.747 0.000  12.092 0.000
311.208333 312.208333  14.148 0.000   5.977 0.000
314.208333 315.208333  17.389 0.000  12.004 0.000
317.208333 318.208333 999.999 0.999 999.999 0.999
320.208333 321.208333  10.784 0.000   5.533 0.000
323.208333 324.208333  11.466 0.000   4.783 0.000
326.208333 327.208333   7.283 0.000   3.548 0.000
329.208333 330.208333  14.268 0.000   4.194 0.000
332.208333 333.208333   8.697 0.000   4.212 0.000
335.208333 336.208333 999.999 0.456   2.832 0.000
338.208333 339.208333   8.347 0.000   5.405 0.000
341.208333 342.208333   7.888 0.000   4.867 0.000
344.208333 345.208333  12.336 0.000   4.512 0.000
347.208333 348.208333  15.536 0.000   5.391 0.000
350.208333 351.208333  10.797 0.000   6.250 0.000
353.208333 354.208333   9.260 0.000   3.747 0.000
356.208333 357.208333   6.976 0.000   3.411 0.000
359.208333 360.208333   3.357 0.000   1.836 0.000
362.208333 363.208333   8.838 0.000   3.019 0.000
