scripts/IMPROVE-2019_partial/data/US1011R.19890104050000.20191216000000.filterpack...1y.3d.US03L_filterpack_US1011.US03L_IMPROVE_Davis.lev2.nas
51 1001
MISSING INFORMATION
US03L, IMPROVE, , , , , , , 
MISSING INFORMATION
IMPROVE sel_HTAP
1 1
1989 01 01 2019 12 16
0
days from file reference point
4
1 1 1 1
999.999999 999.999 999.999 9.999
end_time of measurement, days from the file reference point
pm10_mass, ug/m3, Matrix=pm10
pm25_mass, ug/m3, Matrix=pm25
numflag, no unit
0
33
Data definition:              EBAS_1.1
Set type code:                TI
Timezone:                     UTC
File name:                    US1011R.19890104050000.20191216000000.filterpack...1y.3d.US03L_filterpack_US1011.US03L_IMPROVE_Davis.lev2.nas
File creation:                20191218120315
Startdate:                    19890104050000
Revision date:                20191216000000
Version:                      2
Version description:          "Data extracted from http://views.cira.colostate.edu/fed/DataWizard 2019-12-16"
Statistics:                   arithmetic mean
Data level:                   2
Period code:                  1y
Resolution code:              3d
Sample duration:              1d
Orig. time res.:              3d
Station code:                 US1011R
Platform code:                US1011S
Station name:                 Everglades National Park-Research Center (FL11)
Station latitude:             25.39
Station longitude:            -80.68
Station altitude:             2.0 m
Regime:                       IMG
Component:                    
Unit:                         ug/m3
Matrix:                       
Laboratory code:              US03L
Instrument type:              filterpack
Instrument name:              filterpack_US1011
Method ref:                   US03L_IMPROVE_Davis
Blank correction:             Blank corrected
Volume std. temperature:      ambient
Volume std. pressure:         ambient
starttime endtime PM10 PM2.5 flag
  3.208333   4.208333  17.183   9.658 0.000
  6.208333   7.208333  11.604   5.351 0.000
 10.208333  11.208333  12.415   4.489 0.000
 13.208333  14.208333   8.971   4.968 0.000
 17.208333  18.208333   5.649   3.153 0.000
 20.208333  21.208333   7.298 999.999 0.000
 24.208333  25.208333  12.622   7.173 0.000
 27.208333  28.208333  10.629   5.545 0.000
 31.208333  32.208333   9.100   4.783 0.000
 34.208333  35.208333   6.714   2.969 0.000
 38.208333  39.208333  10.203   5.032 0.000
 41.208333  42.208333 999.999 999.999 0.999
 45.208333  46.208333  19.731   8.735 0.000
 48.208333  49.208333  12.667   6.426 0.000
 52.208333  53.208333  13.493   6.170 0.000
 55.208333  56.208333  11.301   7.842 0.000
 59.208333  60.208333  14.000 999.999 0.000
 62.208333  63.208333  17.924   8.963 0.000
 66.208333  67.208333  13.438  10.994 0.000
 69.208333  70.208333  19.688   8.930 0.000
 73.208333  74.208333   9.696   4.407 0.000
 76.208333  77.208333  14.577   7.264 0.000
 80.208333  81.208333  10.176   3.874 0.000
 83.208333  84.208333  13.939   9.580 0.000
 87.208333  88.208333  12.552   4.316 0.000
 90.208333  91.208333  21.051  12.294 0.000
 94.208333  95.208333  10.648 999.999 0.000
 97.208333  98.208333  11.825   6.030 0.000
101.208333 102.208333  30.436 999.999 0.000
104.208333 105.208333  13.123   4.582 0.000
108.208333 109.208333  13.273   9.547 0.000
111.208333 112.208333  18.081 999.999 0.000
115.208333 116.208333  16.070  11.403 0.000
118.208333 119.208333  14.375  12.042 0.000
122.208333 123.208333 999.999 999.999 0.999
125.208333 126.208333 999.999 999.999 0.999
129.208333 130.208333  13.993  11.976 0.000
132.208333 133.208333  16.915  13.802 0.000
136.208333 137.208333 999.999 999.999 0.999
139.208333 140.208333  22.252  16.186 0.000
143.208333 144.208333 999.999  12.169 0.000
146.208333 147.208333  29.564  24.329 0.000
150.208333 151.208333  15.241   6.254 0.000
153.208333 154.208333  11.254   5.970 0.000
157.208333 158.208333  22.196   7.923 0.000
160.208333 161.208333  15.822   7.953 0.000
164.208333 165.208333  27.448  12.538 0.000
167.208333 168.208333  17.256   5.933 0.000
171.208333 172.208333  18.925   8.697 0.000
174.208333 175.208333   9.576   4.848 0.000
178.208333 179.208333 999.999 999.999 0.999
181.208333 182.208333  22.265  12.754 0.000
185.208333 186.208333 999.999 999.999 0.999
188.208333 189.208333  16.054   7.575 0.000
192.208333 193.208333  31.388  21.246 0.000
195.208333 196.208333  28.190  10.267 0.000
199.208333 200.208333  12.873   4.641 0.000
202.208333 203.208333  13.286   3.743 0.000
206.208333 207.208333  13.897   5.030 0.000
209.208333 210.208333  20.536  16.405 0.000
213.208333 214.208333  12.491   6.818 0.000
216.208333 217.208333  29.778  14.031 0.000
220.208333 221.208333 999.999 999.999 0.999
223.208333 224.208333 999.999 999.999 0.999
227.208333 228.208333 999.999 999.999 0.999
230.208333 231.208333 999.999 999.999 0.999
234.208333 235.208333 999.999 999.999 0.999
237.208333 238.208333  31.629  22.030 0.000
241.208333 242.208333  15.704   5.490 0.000
244.208333 245.208333  27.294  10.452 0.000
248.208333 249.208333  25.498 999.999 0.000
251.208333 252.208333  18.834   6.179 0.000
255.208333 256.208333  24.186  22.450 0.000
258.208333 259.208333  12.778   4.551 0.000
262.208333 263.208333  15.789   4.850 0.000
265.208333 266.208333  10.972   4.537 0.000
269.208333 270.208333  21.458  10.904 0.000
272.208333 273.208333  10.042   3.093 0.000
276.208333 277.208333  22.817  12.776 0.000
279.208333 280.208333  12.195   5.706 0.000
283.208333 284.208333  14.636   5.826 0.000
286.208333 287.208333  12.676   4.655 0.000
290.208333 291.208333  13.167   4.760 0.000
293.208333 294.208333  11.429   6.036 0.000
297.208333 298.208333  13.239   4.732 0.000
300.208333 301.208333  12.500   4.911 0.000
304.208333 305.208333  15.673   9.515 0.000
307.208333 308.208333  13.721   7.904 0.000
311.208333 312.208333  10.394   3.750 0.000
314.208333 315.208333  18.284   7.264 0.000
318.208333 319.208333  13.364   5.215 0.000
321.208333 322.208333  18.227   9.207 0.000
325.208333 326.208333  10.856   6.505 0.000
328.208333 329.208333  22.959   9.061 0.000
332.208333 333.208333  23.229   4.726 0.000
335.208333 336.208333  15.431   6.911 0.000
339.208333 340.208333  11.376  10.000 0.000
342.208333 343.208333 999.999   3.807 0.000
346.208333 347.208333  24.312  10.482 0.000
349.208333 350.208333  13.033   6.777 0.000
353.208333 354.208333  13.378   8.815 0.000
356.208333 357.208333   9.144   5.988 0.000
360.208333 361.208333  13.600   7.761 0.000
363.208333 364.208333  13.963   6.156 0.000
