scripts/IMPROVE-2019_partial/data/US1005R.20100102050000.20191216000000.filterpack...52w.3d.US03L_filterpack_US1005.US03L_IMPROVE_Davis.lev2.nas
51 1001
MISSING INFORMATION
US03L, IMPROVE, , , , , , , 
MISSING INFORMATION
IMPROVE sel_HTAP
1 1
2010 01 01 2019 12 16
3.000000
days from file reference point
4
1 1 1 1
999.999999 999.999 999.999 9.999
end_time of measurement, days from the file reference point
pm10_mass, ug/m3, Matrix=pm10
pm25_mass, ug/m3, Matrix=pm25
numflag, no unit
0
33
Data definition:              EBAS_1.1
Set type code:                TU
Timezone:                     UTC
File name:                    US1005R.20100102050000.20191216000000.filterpack...52w.3d.US03L_filterpack_US1005.US03L_IMPROVE_Davis.lev2.nas
File creation:                20191218120311
Startdate:                    20100102050000
Revision date:                20191216000000
Version:                      2
Version description:          "Data extracted from http://views.cira.colostate.edu/fed/DataWizard 2019-12-16"
Statistics:                   arithmetic mean
Data level:                   2
Period code:                  52w
Resolution code:              3d
Sample duration:              1d
Orig. time res.:              3d
Station code:                 US1005R
Platform code:                US1005S
Station name:                 Chassahowitzka National Wildlife Refuge (FL05)
Station latitude:             28.7486
Station longitude:            -82.5551
Station altitude:             3.0 m
Regime:                       IMG
Component:                    
Unit:                         ug/m3
Matrix:                       
Laboratory code:              US03L
Instrument type:              filterpack
Instrument name:              filterpack_US1005
Method ref:                   US03L_IMPROVE_Davis
Blank correction:             Blank corrected
Volume std. temperature:      ambient
Volume std. pressure:         ambient
starttime endtime PM10 PM2.5 flag
  1.208333   2.208333   5.000   3.941 0.000
  4.208333   5.208333   7.672   6.272 0.000
  7.208333   8.208333   8.300   6.980 0.000
 10.208333  11.208333  12.332  11.193 0.000
 13.208333  14.208333  13.901  11.755 0.000
 16.208333  17.208333  14.102   6.890 0.000
 19.208333  20.208333   8.671   7.778 0.000
 22.208333  23.208333  13.256   8.574 0.000
 25.208333  26.208333   9.696   4.475 0.000
 28.208333  29.208333  13.828  10.366 0.000
 31.208333  32.208333   7.427   4.724 0.000
 34.208333  35.208333  10.805   5.154 0.000
 37.208333  38.208333  10.499  10.619 0.000
 40.208333  41.208333   7.217   5.548 0.000
 43.208333  44.208333   5.869   4.906 0.000
 46.208333  47.208333   5.959   3.252 0.000
 49.208333  50.208333   9.290   6.352 0.000
 52.208333  53.208333   8.657   5.753 0.000
 55.208333  56.208333   8.677   5.995 0.000
 58.208333  59.208333  10.555   6.458 0.000
 61.208333  62.208333   9.819   6.881 0.000
 64.208333  65.208333  13.818  10.678 0.000
 67.208333  68.208333  16.742  11.595 0.000
 70.208333  71.208333   7.861   5.156 0.000
 73.208333  74.208333   9.582   4.567 0.000
 76.208333  77.208333   7.207   4.731 0.000
 79.208333  80.208333  14.039   8.360 0.000
 82.208333  83.208333  14.350  11.691 0.000
 85.208333  86.208333  11.144   6.064 0.000
 88.208333  89.208333  10.920   6.970 0.000
 91.208333  92.208333  16.167  12.116 0.000
 94.208333  95.208333  10.087   5.832 0.000
 97.208333  98.208333  13.168   5.928 0.000
100.208333 101.208333  13.766   7.836 0.000
103.208333 104.208333  24.796  11.895 0.000
106.208333 107.208333  12.392   6.223 0.000
109.208333 110.208333  14.417   8.430 0.000
112.208333 113.208333  17.143  11.837 0.000
115.208333 116.208333  12.296   5.358 0.000
118.208333 119.208333  10.237   7.007 0.000
121.208333 122.208333  23.871  11.864 0.000
124.208333 125.208333  27.923  16.053 0.000
127.208333 128.208333  13.759   8.701 0.000
130.208333 131.208333  18.101   6.659 0.000
133.208333 134.208333  15.506   6.654 0.000
136.208333 137.208333  10.134   3.757 0.000
139.208333 140.208333  11.496   8.754 0.000
142.208333 143.208333  12.337   7.535 0.000
145.208333 146.208333  10.235   5.535 0.000
148.208333 149.208333  11.221   7.182 0.000
151.208333 152.208333   8.727   6.019 0.000
154.208333 155.208333  11.274   5.050 0.000
157.208333 158.208333  32.502  18.040 0.000
160.208333 161.208333  13.369   7.140 0.000
163.208333 164.208333 999.999 999.999 0.999
166.208333 167.208333  12.249   9.301 0.000
169.208333 170.208333  14.638   7.550 0.000
172.208333 173.208333  15.259   4.674 0.000
175.208333 176.208333   9.781   4.432 0.000
178.208333 179.208333  28.235  10.652 0.000
181.208333 182.208333  13.779   5.970 0.000
184.208333 185.208333 999.999 999.999 0.999
187.208333 188.208333  14.848   5.280 0.000
190.208333 191.208333   9.987   6.242 0.000
193.208333 194.208333  33.838  14.738 0.000
196.208333 197.208333  30.661  11.309 0.000
199.208333 200.208333  17.078   8.139 0.000
202.208333 203.208333  41.762  15.998 0.000
205.208333 206.208333  12.361   4.899 0.000
208.208333 209.208333   9.448   4.882 0.000
211.208333 212.208333  12.933   9.094 0.000
214.208333 215.208333  15.230   8.911 0.000
217.208333 218.208333  12.424   4.612 0.000
220.208333 221.208333  11.985   6.083 0.000
223.208333 224.208333  26.736  12.730 0.000
226.208333 227.208333  14.257   7.025 0.000
229.208333 230.208333  10.371   5.056 0.000
232.208333 233.208333   6.502   3.023 0.000
235.208333 236.208333  10.233   4.674 0.000
238.208333 239.208333   7.737   3.068 0.000
241.208333 242.208333  13.958   5.091 0.000
244.208333 245.208333  15.822  11.574 0.000
247.208333 248.208333   9.830   6.811 0.000
250.208333 251.208333  13.748   4.464 0.000
253.208333 254.208333  10.656   7.278 0.000
256.208333 257.208333  12.450   8.344 0.000
259.208333 260.208333  12.171   5.915 0.000
262.208333 263.208333  12.420   7.358 0.000
265.208333 266.208333  10.790   5.411 0.000
268.208333 269.208333   9.904   5.335 0.000
271.208333 272.208333   8.206   2.997 0.000
274.208333 275.208333  14.100  11.011 0.000
277.208333 278.208333  12.255   8.380 0.000
280.208333 281.208333  15.423   9.200 0.000
283.208333 284.208333  16.475  12.592 0.000
286.208333 287.208333   9.710   6.632 0.000
289.208333 290.208333  16.080   9.852 0.000
292.208333 293.208333  12.407   8.333 0.000
295.208333 296.208333  16.559   9.232 0.000
298.208333 299.208333  10.564   5.289 0.000
301.208333 302.208333  11.881   4.850 0.000
304.208333 305.208333  12.124   6.983 0.000
307.208333 308.208333   5.747   3.331 0.000
310.208333 311.208333  10.363   7.341 0.000
313.208333 314.208333  12.480   9.317 0.000
316.208333 317.208333  12.540   6.592 0.000
319.208333 320.208333   9.778   5.338 0.000
322.208333 323.208333  10.241   7.254 0.000
325.208333 326.208333   8.528   5.314 0.000
328.208333 329.208333   7.212   4.502 0.000
331.208333 332.208333  10.393   5.106 0.000
334.208333 335.208333   5.783   3.775 0.000
337.208333 338.208333  10.426   7.001 0.000
340.208333 341.208333   6.889   5.255 0.000
343.208333 344.208333  12.883   8.001 0.000
346.208333 347.208333   8.211   3.719 0.000
349.208333 350.208333  11.174   7.045 0.000
352.208333 353.208333   4.804   4.082 0.000
355.208333 356.208333  10.814   7.859 0.000
358.208333 359.208333  10.809   6.275 0.000
361.208333 362.208333  10.072   8.646 0.000
364.208333 365.208333   9.817   5.569 0.000
