scripts/IMPROVE-2019_partial/data/US1011R.20040101050000.20191216000000.filterpack..pm25.52w.1w.US03L_filterpack_US1011.US03L_IMPROVE_Davis.lev2.nas
68 1001
MISSING INFORMATION
US03L, IMPROVE, , , , , , , 
MISSING INFORMATION
IMPROVE sel_HTAP
1 1
2004 01 01 2019 12 16
3.000000
days from file reference point
29
1 1 1 1 1 1 1 1 1 1 1 1 1 1 1 1 1 1 1 1 1 1 1 1 1 1 1 1 1
999.999999 99.999 9.999 9999.99 9.999 999.99 9.999 9.999 9.999999 99.99 9.999 9.999 9.999 999.999 9.999 999.999 9.999 999.99 9.999999 999.999 9.999 999.999 9.999 999.999 9.999 99.999 9.999 99.999 9.999
end_time of measurement, days from the file reference point
ammonium, ug N/m3, Revision date=20181210133000
numflag ammonium, no unit, Revision date=20181210133000
iron, ng/m3, Revision date=20181210133000
numflag iron, no unit, Revision date=20181210133000
lead, ng/m3, Revision date=20181210133000
numflag lead, no unit, Revision date=20181210133000
magnesium, ug/m3, Revision date=20181210133000
numflag magnesium, no unit, Revision date=20181210133000
nickel, ng/m3, Revision date=20181210133000
numflag nickel, no unit, Revision date=20181210133000
nitrate, ug N/m3, Revision date=20181210133000
numflag nitrate, no unit, Revision date=20181210133000
organic_carbon, ug C/m3, Revision date=20181210133000
numflag organic_carbon, no unit, Revision date=20181210133000
organic_mass, ug/m3, Revision date=20181210133000
numflag organic_mass, no unit, Revision date=20181210133000
phosphorus, ng/m3, Revision date=20181210133000
numflag phosphorus, no unit, Revision date=20181210133000
pm10_mass, ug/m3, Version=2, Version description=Data extracted from http://views.cira.colostate.edu/fed/DataWizard 2019-12-16, Sample duration=1d, Orig. time res.=3d, Matrix=pm10, Blank correction=Blank corrected, Volume std. temperature=ambient, Volume std. pressure=ambient
numflag pm10_mass, no unit, Version=2, Version description=Data extracted from http://views.cira.colostate.edu/fed/DataWizard 2019-12-16, Sample duration=1d, Orig. time res.=3d, Matrix=pm10, Blank correction=Blank corrected, Volume std. temperature=ambient, Volume std. pressure=ambient
pm10_pm25_mass, ug/m3, Revision date=20181210133000, Matrix=pm10_pm25
numflag pm10_pm25_mass, no unit, Revision date=20181210133000, Matrix=pm10_pm25
pm25_mass, ug/m3, Version=2, Version description=Data extracted from http://views.cira.colostate.edu/fed/DataWizard 2019-12-16, Sample duration=1d, Orig. time res.=3d, Blank correction=Blank corrected, Volume std. temperature=ambient, Volume std. pressure=ambient
numflag pm25_mass, no unit, Version=2, Version description=Data extracted from http://views.cira.colostate.edu/fed/DataWizard 2019-12-16, Sample duration=1d, Orig. time res.=3d, Blank correction=Blank corrected, Volume std. temperature=ambient, Volume std. pressure=ambient
potassium, ug/m3, Revision date=20181210133000
numflag potassium, no unit, Revision date=20181210133000
sulphate_total, ug S/m3, Revision date=20181210133000
numflag sulphate_total, no unit, Revision date=20181210133000
0
25
Data definition:              EBAS_1.1
Set type code:                TU
Timezone:                     UTC
File name:                    US1011R.20040101050000.20191216000000.filterpack..pm25.52w.1w.US03L_filterpack_US1011.US03L_IMPROVE_Davis.lev2.nas
File creation:                20191218120316
Startdate:                    20040101050000
Revision date:                20191216000000
Statistics:                   arithmetic mean
Data level:                   2
Period code:                  52w
Resolution code:              1w
Station code:                 US1011R
Platform code:                US1011S
Station name:                 Everglades National Park-Research Center (FL11)
Station latitude:             25.39
Station longitude:            -80.68
Station altitude:             2.0 m
Regime:                       IMG
Component:                    
Matrix:                       pm25
Laboratory code:              US03L
Instrument type:              filterpack
Instrument name:              filterpack_US1011
Method ref:                   US03L_IMPROVE_Davis
starttime endtime NH4+ flag_NH4+ Fe flag_Fe Pb flag_Pb Mg++ flag_Mg++ Ni flag_Ni NO3- flag_NO3- OC flag_OC OM flag_OM P flag_P PM10 flag_PM10 PM10-PM2.5 flag_PM10-PM2.5 PM2.5 flag_PM2.5 K+ flag_K+ SO4-- flag_SO4--
[from data line 76]
228.208333 229.208333  0.033 0.000   28.13 0.000   0.24 0.000 9.999 0.259000  0.43 0.000 0.038 0.000   0.957 0.000   1.340 0.000 999.99 0.259000   7.599 0.000   4.815 0.000   2.784 0.000  0.030 0.000  0.227 0.000
231.208333 232.208333  0.071 0.000  464.61 0.000   0.45 0.000 0.219 0.000000  0.40 0.000 0.064 0.000   1.085 0.000   1.520 0.000 999.99 0.259000  22.215 0.000  12.357 0.000   9.858 0.000  0.187 0.000  0.316 0.000
234.208333 235.208333  0.058 0.000    7.52 0.000   0.91 0.000 9.999 0.259000  0.46 0.000 0.040 0.000   1.254 0.000   1.756 0.000 999.99 0.259000   9.210 0.000   6.180 0.000   3.031 0.000  0.050 0.000  0.223 0.000
237.208333 238.208333  0.168 0.000  111.88 0.000   1.19 0.000 9.999 0.259000  0.46 0.000 0.054 0.000   1.687 0.000   2.361 0.000 999.99 0.259000  13.998 0.000   7.757 0.000   6.241 0.000  0.063 0.000  0.450 0.000
240.208333 241.208333  0.093 0.000   11.67 0.000 999.99 0.259 9.999 0.259000  0.39 0.000 0.035 0.000   1.077 0.000   1.507 0.000 999.99 0.259000   9.344 0.000   6.182 0.000   3.162 0.000  0.031 0.000  0.288 0.000
243.208333 244.208333  0.073 0.000    9.36 0.000 999.99 0.259 9.999 0.259000  0.78 0.000 0.059 0.000   0.526 0.000   0.736 0.000 999.99 0.259000   6.324 0.000   3.573 0.000   2.751 0.000  0.018 0.000  0.307 0.000
246.208333 247.208333  0.031 0.000   50.49 0.000   0.26 0.000 9.999 0.259000  0.45 0.000 0.079 0.000   0.653 0.000   0.915 0.000 999.99 0.259000   9.635 0.000   4.887 0.000   4.748 0.000  0.049 0.000  0.327 0.000
249.208333 250.208333  0.147 0.000   17.45 0.000   0.10 0.000 9.999 0.259000  0.69 0.000 0.080 0.000   0.416 0.000   0.583 0.000 999.99 0.259000   9.613 0.000   4.796 0.000   4.817 0.000  0.039 0.000  0.746 0.000
252.208333 253.208333  0.122 0.000   37.22 0.000   0.30 0.000 9.999 0.259000  0.62 0.000 0.053 0.000   0.630 0.000   0.882 0.000 999.99 0.259000   8.260 0.000   4.305 0.000   3.956 0.000  0.032 0.000  0.435 0.000
255.208333 256.208333  0.071 0.000   12.73 0.000   0.78 0.000 0.047 0.000000  0.73 0.000 0.065 0.000   0.519 0.000   0.727 0.000 999.99 0.259000   7.420 0.000   3.977 0.000   3.443 0.000  0.022 0.000  0.392 0.000
258.208333 259.208333  0.327 0.000   35.75 0.000   0.18 0.000 9.999 0.259000  1.07 0.000 0.070 0.000   0.642 0.000   0.898 0.000 999.99 0.259000  12.719 0.000   5.982 0.000   6.738 0.000  0.045 0.000  1.094 0.000
261.208333 262.208333  0.071 0.000  166.02 0.000   0.32 0.000 9.999 0.259000  0.17 0.000 0.052 0.000   1.102 0.000   1.542 0.000 999.99 0.259000  10.855 0.000   4.768 0.000   6.088 0.000  0.082 0.000  0.332 0.000
264.208333 265.208333  0.123 0.000    6.85 0.000   0.46 0.000 9.999 0.259000  0.87 0.000 0.065 0.000   0.634 0.000   0.887 0.000 999.99 0.259000   6.722 0.000   3.303 0.000   3.420 0.000  0.018 0.000  0.422 0.000
267.208333 268.208333  0.268 0.000   14.42 0.000   0.87 0.000 9.999 0.259000  0.50 0.000 0.125 0.000   0.976 0.000   1.366 0.000 999.99 0.259000  12.573 0.000   6.929 0.000   5.644 0.000  0.034 0.000  0.807 0.000
270.208333 271.208333  0.737 0.000   19.04 0.000   1.06 0.000 0.129 0.000000  0.98 0.000 0.057 0.000   0.578 0.000   0.809 0.000 999.99 0.259000  13.085 0.000   3.726 0.000   9.359 0.000  0.038 0.000  1.902 0.000
273.208333 274.208333  0.141 0.559   12.37 0.000   0.51 0.000 9.999 0.259000  1.28 0.000 0.045 0.559   0.934 0.000   1.307 0.000 999.99 0.259000   6.217 0.000   2.203 0.000   4.014 0.000  0.023 0.000  0.539 0.559
276.208333 277.208333  0.346 0.000    8.19 0.000   0.54 0.000 0.118 0.000000  1.31 0.000 0.079 0.000   1.569 0.000   2.197 0.000 999.99 0.259000   9.028 0.000   3.021 0.000   6.007 0.000  0.069 0.000  0.735 0.000
279.208333 280.208333  0.132 0.000   18.74 0.000   0.26 0.000 9.999 0.259000  0.85 0.000 0.060 0.000   0.635 0.000   0.889 0.000 999.99 0.259000   5.921 0.000   2.434 0.000   3.487 0.000  0.026 0.000  0.458 0.000
282.208333 283.208333  0.196 0.000    6.95 0.000   0.31 0.000 9.999 0.259000  0.41 0.000 0.080 0.000   0.514 0.000   0.720 0.000 999.99 0.259000   7.817 0.000   3.739 0.000   4.078 0.000  0.029 0.000  0.556 0.000
285.208333 286.208333  0.096 0.000    3.37 0.000   0.22 0.000 0.135 0.000000  0.56 0.000 0.039 0.000   0.746 0.000   1.044 0.000 999.99 0.259000   5.700 0.000   2.303 0.000   3.397 0.000  0.016 0.000  0.475 0.000
288.208333 289.208333  0.142 0.000    4.11 0.000   0.32 0.000 9.999 0.259000  0.39 0.000 0.036 0.000   0.931 0.000   1.303 0.000 999.99 0.259000   7.344 0.000   3.372 0.000   3.973 0.000  0.017 0.000  0.542 0.000
291.208333 292.208333  0.199 0.000    9.36 0.000   0.57 0.000 9.999 0.259000  0.82 0.000 0.070 0.000   0.597 0.000   0.836 0.000 999.99 0.259000   9.199 0.000   4.569 0.000   4.630 0.000  0.030 0.000  0.674 0.000
294.208333 295.208333  0.336 0.000    6.94 0.000   0.39 0.000 9.999 0.259000  0.95 0.000 0.047 0.000   0.921 0.000   1.289 0.000 999.99 0.259000   9.112 0.000   4.035 0.000   5.077 0.000  0.033 0.000  0.848 0.000
297.208333 298.208333  0.319 0.000   10.07 0.000   0.61 0.000 9.999 0.259000  1.31 0.000 0.124 0.000   1.013 0.000   1.418 0.000 999.99 0.259000   9.284 0.000   4.134 0.000   5.149 0.000  0.035 0.000  0.731 0.000
300.208333 301.208333  1.154 0.000   16.70 0.000   1.09 0.000 9.999 0.259000  0.68 0.000 0.073 0.000   0.880 0.000   1.233 0.000 999.99 0.259000  13.341 0.000   2.335 0.000  11.005 0.000  0.019 0.000  1.949 0.000
303.208333 304.208333  0.316 0.000   19.76 0.000   1.22 0.000 9.999 0.259000  0.88 0.000 0.069 0.000   0.965 0.000   1.351 0.000 999.99 0.259000   7.963 0.000   2.666 0.000   5.297 0.000  0.022 0.000  0.735 0.000
306.208333 307.208333  0.063 0.000    5.13 0.000   0.52 0.000 9.999 0.259000  0.45 0.000 0.063 0.000   0.292 0.000   0.408 0.000 999.99 0.259000   6.478 0.000   3.513 0.000   2.965 0.000  0.019 0.000  0.304 0.000
309.208333 310.208333  0.293 0.000    4.89 0.000   0.57 0.000 0.133 0.000000  0.45 0.000 0.057 0.000   0.833 0.000   1.166 0.000 999.99 0.259000   7.822 0.000   2.225 0.000   5.597 0.000  0.031 0.000  0.845 0.000
312.208333 313.208333  0.631 0.000   12.79 0.000   1.47 0.000 9.999 0.259000  0.82 0.000 0.069 0.000   2.005 0.000   2.807 0.000 999.99 0.259000  11.806 0.000   2.890 0.000   8.916 0.000  0.210 0.000  1.046 0.000
315.208333 316.208333  0.087 0.000    4.36 0.000   0.47 0.000 9.999 0.259000  0.36 0.000 0.072 0.000   0.561 0.000   0.785 0.000 999.99 0.259000   9.671 0.000   5.707 0.000   3.964 0.000  0.025 0.000  0.319 0.000
318.208333 319.208333  0.125 0.000   14.31 0.000   0.87 0.000 0.112 0.000000  0.78 0.000 0.081 0.000   0.845 0.000   1.182 0.000 999.99 0.259000   6.981 0.000   2.808 0.000   4.173 0.000  0.046 0.000  0.364 0.000
321.208333 322.208333  0.394 0.000   23.31 0.000   1.45 0.000 9.999 0.259000  0.44 0.000 0.112 0.000   0.780 0.000   1.093 0.000 999.99 0.259000  13.600 0.000   8.218 0.000   5.381 0.000  0.070 0.000  0.781 0.000
324.208333 325.208333  0.213 0.000   15.02 0.000   1.47 0.000 9.999 0.259000  0.74 0.000 0.069 0.000   0.909 0.000   1.273 0.000 999.99 0.259000   7.399 0.000   3.142 0.000   4.257 0.000  0.025 0.000  0.505 0.000
327.208333 328.208333  0.152 0.000    7.93 0.000   0.42 0.000 9.999 0.259000  0.57 0.000 0.049 0.000   0.740 0.000   1.036 0.000 999.99 0.259000   6.947 0.000   3.995 0.000   2.952 0.000  0.012 0.000  0.437 0.000
330.208333 331.208333  0.419 0.000    8.08 0.000   0.91 0.000 0.079 0.000000  0.70 0.000 0.108 0.000   0.775 0.000   1.084 0.000 999.99 0.259000  11.161 0.000   5.058 0.000   6.103 0.000  0.062 0.000  0.737 0.000
333.208333 334.208333  0.325 0.000   15.02 0.000   1.79 0.000 9.999 0.259000  1.09 0.000 0.098 0.000   1.105 0.000   1.548 0.000 999.99 0.259000  10.853 0.000   4.996 0.000   5.857 0.000  0.059 0.000  0.729 0.000
336.208333 337.208333  0.471 0.559   16.20 0.000   0.84 0.000 9.999 0.259000  1.96 0.000 0.166 0.559   0.947 0.000   1.326 0.000 999.99 0.259000  12.101 0.000   5.824 0.000   6.277 0.000  0.050 0.000  0.919 0.559
339.208333 340.208333  0.621 0.000   21.44 0.000   2.18 0.000 9.999 0.259000  2.06 0.000 0.093 0.000   1.503 0.000   2.104 0.000 999.99 0.259000  12.442 0.000   4.592 0.000   7.850 0.000  0.153 0.000  1.080 0.000
342.208333 343.208333  0.180 0.000    4.00 0.000   0.41 0.000 9.999 0.259000  0.69 0.000 0.075 0.000   0.412 0.000   0.577 0.000 999.99 0.259000   7.730 0.000   4.333 0.000   3.396 0.000  0.022 0.000  0.443 0.000
345.208333 346.208333  0.114 0.000    9.82 0.000   0.65 0.000 0.066 0.000000  0.36 0.000 0.109 0.000   0.555 0.000   0.777 0.000 999.99 0.259000  14.716 0.000  10.258 0.000   4.458 0.000  0.042 0.000  0.401 0.000
348.208333 349.208333  0.427 0.000   16.02 0.000   1.26 0.000 9.999 0.259000  0.25 0.000 0.067 0.000   1.308 0.000   1.831 0.000 999.99 0.259000  10.730 0.000   3.370 0.000   7.360 0.000  0.100 0.000  0.880 0.000
351.208333 352.208333  0.106 0.000   11.98 0.000   0.58 0.000 9.999 0.259000  0.59 0.000 0.142 0.000   0.907 0.000   1.270 0.000 999.99 0.259000   6.779 0.000   3.035 0.000   3.744 0.000  0.232 0.000  0.260 0.000
354.208333 355.208333  0.334 0.000   17.90 0.000   1.23 0.000 0.048 0.000000  0.29 0.000 0.155 0.000   2.015 0.000   2.822 0.000 999.99 0.259000  12.990 0.000   5.746 0.000   7.244 0.000  0.271 0.000  0.496 0.000
357.208333 358.208333  0.124 0.000    2.41 0.000   0.22 0.000 9.999 0.259000  0.82 0.000 0.079 0.000   0.354 0.000   0.495 0.000 999.99 0.259000  13.437 0.000   8.908 0.000   4.529 0.000  0.031 0.000  0.410 0.000
360.208333 361.208333  0.097 0.000    8.03 0.000 999.99 0.259 0.201 0.000000  0.33 0.000 0.082 0.000   0.398 0.000   0.557 0.000 999.99 0.259000  11.218 0.000   7.177 0.000   4.041 0.000  0.036 0.000  0.267 0.000
363.208333 364.208333  0.195 0.000   11.92 0.000   0.76 0.000 0.065 0.000000  0.46 0.000 0.103 0.000   0.508 0.000   0.711 0.000 999.99 0.259000  10.519 0.000   6.721 0.000   3.799 0.000  0.025 0.000  0.392 0.000
