scripts/IMPROVE-2019_partial/data/US1011R.20080101050000.20191216000000.filterpack...52w.3d.US03L_filterpack_US1011.US03L_IMPROVE_Davis.lev2.nas
51 1001
MISSING INFORMATION
US03L, IMPROVE, , , , , , , 
MISSING INFORMATION
IMPROVE sel_HTAP
1 1
2008 01 01 2019 12 16
3.000000
days from file reference point
4
1 1 1 1
999.999999 999.999 999.999 9.999
end_time of measurement, days from the file reference point
pm10_mass, ug/m3, Matrix=pm10
pm25_mass, ug/m3, Matrix=pm25
numflag, no unit
0
33
Data definition:              EBAS_1.1
Set type code:                TU
Timezone:                     UTC
File name:                    US1011R.20080101050000.20191216000000.filterpack...52w.3d.US03L_filterpack_US1011.US03L_IMPROVE_Davis.lev2.nas
File creation:                20191218120317
Startdate:                    20080101050000
Revision date:                20191216000000
Version:                      2
Version description:          "Data extracted from http://views.cira.colostate.edu/fed/DataWizard 2019-12-16"
Statistics:                   arithmetic mean
Data level:                   2
Period code:                  52w
Resolution code:              3d
Sample duration:              1d
Orig. time res.:              3d
Station code:                 US1011R
Platform code:                US1011S
Station name:                 Everglades National Park-Research Center (FL11)
Station latitude:             25.39
Station longitude:            -80.68
Station altitude:             2.0 m
Regime:                       IMG
Component:                    
Unit:                         ug/m3
Matrix:                       
Laboratory code:              US03L
Instrument type:              filterpack
Instrument name:              filterpack_US1011
Method ref:                   US03L_IMPROVE_Davis
Blank correction:             Blank corrected
Volume std. temperature:      ambient
Volume std. pressure:         ambient
starttime endtime PM10 PM2.5 flag
  0.208333   1.208333   6.796   4.048 0.000
  3.208333   4.208333   6.381   2.925 0.000
  6.208333   7.208333   6.461   2.359 0.000
  9.208333  10.208333   8.998   3.225 0.000
 12.208333  13.208333   7.582   4.893 0.000
 15.208333  16.208333  10.357   3.837 0.000
 18.208333  19.208333  10.136   3.979 0.000
 21.208333  22.208333  13.159   4.957 0.000
 24.208333  25.208333  16.184   7.567 0.000
 27.208333  28.208333   8.150   4.661 0.000
 30.208333  31.208333  11.867   4.967 0.000
 33.208333  34.208333   7.482   3.974 0.000
 36.208333  37.208333  15.528   5.748 0.000
 39.208333  40.208333   9.936   6.197 0.000
 42.208333  43.208333  15.996   5.440 0.000
 45.208333  46.208333 999.999 999.999 0.999
 48.208333  49.208333 999.999 999.999 0.999
 51.208333  52.208333  11.217   3.845 0.000
 54.208333  55.208333   9.648   5.919 0.000
 57.208333  58.208333  12.046   7.142 0.000
 60.208333  61.208333  10.834   4.651 0.000
 63.208333  64.208333  11.873   4.201 0.000
 66.208333  67.208333  16.804   6.652 0.000
 69.208333  70.208333  15.688   7.982 0.000
 72.208333  73.208333  10.225   7.599 0.000
 75.208333  76.208333   8.762   5.554 0.000
 78.208333  79.208333  23.334   7.137 0.000
 81.208333  82.208333   9.238   4.212 0.000
 84.208333  85.208333  18.510  10.086 0.000
 87.208333  88.208333  13.682   5.393 0.000
 90.208333  91.208333  13.690   4.161 0.000
 93.208333  94.208333  17.568   5.684 0.000
 96.208333  97.208333  10.456   4.158 0.000
 99.208333 100.208333  11.907   3.630 0.000
102.208333 103.208333   8.600   3.870 0.000
105.208333 106.208333  13.749   7.813 0.000
108.208333 109.208333  16.245   6.981 0.000
111.208333 112.208333  10.801   6.190 0.000
114.208333 115.208333  17.012   4.700 0.000
117.208333 118.208333  12.457   7.598 0.000
120.208333 121.208333  21.067  10.468 0.000
123.208333 124.208333  17.377   6.843 0.000
126.208333 127.208333  12.591   7.386 0.000
129.208333 130.208333  13.681   7.012 0.000
132.208333 133.208333 999.999 999.999 0.999
135.208333 136.208333  25.893  10.231 0.000
138.208333 139.208333 999.999 999.999 0.999
141.208333 142.208333  12.226 999.999 0.000
144.208333 145.208333  13.297   9.378 0.000
147.208333 148.208333  12.978   5.042 0.000
150.208333 151.208333  10.161   5.662 0.000
153.208333 154.208333   9.229   5.017 0.000
156.208333 157.208333   8.050   3.343 0.000
159.208333 160.208333   9.793   5.632 0.000
162.208333 163.208333   8.292   3.314 0.000
165.208333 166.208333  18.022  13.704 0.000
168.208333 169.208333   9.854   6.596 0.000
171.208333 172.208333  14.339   6.393 0.000
174.208333 175.208333  34.374  10.671 0.000
177.208333 178.208333 999.999 999.999 0.999
180.208333 181.208333 999.999 999.999 0.999
183.208333 184.208333  18.937   8.892 0.000
186.208333 187.208333  23.247  16.293 0.000
189.208333 190.208333 999.999 999.999 0.999
192.208333 193.208333  11.858   5.163 0.000
195.208333 196.208333   8.998   3.550 0.000
198.208333 199.208333  24.635   9.116 0.000
201.208333 202.208333  21.017   7.795 0.000
204.208333 205.208333  10.686   6.152 0.000
207.208333 208.208333  10.890   4.405 0.000
210.208333 211.208333   9.462   4.932 0.000
213.208333 214.208333  11.955   6.470 0.000
216.208333 217.208333  13.409   5.758 0.000
219.208333 220.208333  10.935   7.287 0.000
222.208333 223.208333   6.657   4.654 0.000
225.208333 226.208333  48.508  25.809 0.000
228.208333 229.208333  27.716  16.332 0.000
231.208333 232.208333   8.074   4.016 0.000
234.208333 235.208333 999.999 999.999 0.999
237.208333 238.208333 999.999 999.999 0.999
240.208333 241.208333  13.871   6.930 0.000
243.208333 244.208333  14.960   6.255 0.000
246.208333 247.208333  27.959  12.129 0.000
249.208333 250.208333 999.999 999.999 0.999
252.208333 253.208333 999.999 999.999 0.999
255.208333 256.208333   9.335   3.776 0.000
258.208333 259.208333   5.100   3.018 0.000
261.208333 262.208333   8.752   3.756 0.000
264.208333 265.208333   5.830   2.919 0.000
267.208333 268.208333   8.416   2.572 0.000
270.208333 271.208333   7.528   3.616 0.000
273.208333 274.208333   5.336   2.087 0.000
276.208333 277.208333  18.771  13.438 0.000
279.208333 280.208333   9.591   3.335 0.000
282.208333 283.208333   6.787   2.780 0.000
285.208333 286.208333   9.403   3.750 0.000
288.208333 289.208333  13.498   5.437 0.000
291.208333 292.208333   6.011   2.770 0.000
294.208333 295.208333  11.573   4.554 0.000
297.208333 298.208333  10.047   3.468 0.000
300.208333 301.208333  12.861   7.610 0.000
303.208333 304.208333  11.967   6.120 0.000
306.208333 307.208333   5.018   2.479 0.000
309.208333 310.208333   9.002   7.258 0.000
312.208333 313.208333   6.043   3.700 0.000
315.208333 316.208333  15.811   4.256 0.000
318.208333 319.208333  11.663   3.827 0.000
321.208333 322.208333  10.734   6.045 0.000
324.208333 325.208333   8.772   4.042 0.000
327.208333 328.208333   9.544   4.169 0.000
330.208333 331.208333  10.659   6.325 0.000
333.208333 334.208333   4.756   2.468 0.000
336.208333 337.208333   7.014   3.429 0.000
339.208333 340.208333   7.990   3.415 0.000
342.208333 343.208333  10.337   4.046 0.000
345.208333 346.208333  12.666   4.304 0.000
348.208333 349.208333  17.267   5.455 0.000
351.208333 352.208333  10.506   4.098 0.000
354.208333 355.208333   8.139   4.734 0.000
357.208333 358.208333  15.854   5.237 0.000
360.208333 361.208333  13.130   4.063 0.000
363.208333 364.208333   6.177   2.940 0.000
