scripts/IMPROVE-2019_partial/data/US1005R.20160101050000.20191216000000.filterpack...52w.3d.US03L_filterpack_US1005.US03L_IMPROVE_Davis.lev2.nas
51 1001
MISSING INFORMATION
US03L, IMPROVE, , , , , , , 
MISSING INFORMATION
IMPROVE sel_HTAP
1 1
2016 01 01 2019 12 16
3.000000
days from file reference point
4
1 1 1 1
999.999999 999.999 999.999 9.999
end_time of measurement, days from the file reference point
pm10_mass, ug/m3, Matrix=pm10
pm25_mass, ug/m3, Matrix=pm25
numflag, no unit
0
33
Data definition:              EBAS_1.1
Set type code:                TU
Timezone:                     UTC
File name:                    US1005R.20160101050000.20191216000000.filterpack...52w.3d.US03L_filterpack_US1005.US03L_IMPROVE_Davis.lev2.nas
File creation:                20191218120312
Startdate:                    20160101050000
Revision date:                20191216000000
Version:                      2
Version description:          "Data extracted from http://views.cira.colostate.edu/fed/DataWizard 2019-12-16"
Statistics:                   arithmetic mean
Data level:                   2
Period code:                  52w
Resolution code:              3d
Sample duration:              1d
Orig. time res.:              3d
Station code:                 US1005R
Platform code:                US1005S
Station name:                 Chassahowitzka National Wildlife Refuge (FL05)
Station latitude:             28.7486
Station longitude:            -82.5551
Station altitude:             3.0 m
Regime:                       IMG
Component:                    
Unit:                         ug/m3
Matrix:                       
Laboratory code:              US03L
Instrument type:              filterpack
Instrument name:              filterpack_US1005
Method ref:                   US03L_IMPROVE_Davis
Blank correction:             Blank corrected
Volume std. temperature:      ambient
Volume std. pressure:         ambient
starttime endtime PM10 PM2.5 flag
  0.208333   1.208333  11.080   8.101 0.000
  3.208333   4.208333   6.000   4.498 0.000
  6.208333   7.208333   8.893   5.715 0.000
  9.208333  10.208333   8.651   4.560 0.000
 12.208333  13.208333  14.362  11.685 0.000
 15.208333  16.208333   7.938   4.075 0.000
 18.208333  19.208333   7.906   6.673 0.000
 21.208333  22.208333  12.752   6.561 0.000
 24.208333  25.208333  11.355  10.081 0.000
 27.208333  28.208333   7.089   4.017 0.000
 30.208333  31.208333  11.558   8.459 0.000
 33.208333  34.208333   9.755   4.928 0.000
 36.208333  37.208333   6.045   3.819 0.000
 39.208333  40.208333  15.404   4.176 0.000
 42.208333  43.208333   5.683   3.375 0.000
 45.208333  46.208333  14.273   6.351 0.000
 48.208333  49.208333 999.999 999.999 0.699
 51.208333  52.208333  13.126   7.087 0.000
 54.208333  55.208333  17.582   7.811 0.000
 57.208333  58.208333  11.068   8.370 0.000
 60.208333  61.208333  15.674   8.390 0.000
 63.208333  64.208333  11.917   6.233 0.000
 66.208333  67.208333  14.691   6.331 0.000
 69.208333  70.208333  32.484   9.680 0.000
 72.208333  73.208333  18.054   7.929 0.000
 75.208333  76.208333   8.886   4.856 0.000
 78.208333  79.208333   9.915   6.358 0.000
 81.208333  82.208333  12.188   9.286 0.000
 84.208333  85.208333   6.480   2.974 0.000
 87.208333  88.208333  12.741   4.917 0.000
 90.208333  91.208333  12.641   5.920 0.000
 93.208333  94.208333   7.568   3.994 0.000
 96.208333  97.208333  18.859   7.819 0.000
 99.208333 100.208333   9.141   3.866 0.000
102.208333 103.208333  15.249   5.451 0.000
105.208333 106.208333  11.306   5.345 0.000
108.208333 109.208333  12.095   4.257 0.000
111.208333 112.208333  12.762   6.273 0.000
114.208333 115.208333   9.224   5.890 0.000
117.208333 118.208333  11.190   5.934 0.000
120.208333 121.208333  12.096   7.486 0.000
123.208333 124.208333  13.994   7.789 0.000
126.208333 127.208333   7.724   3.879 0.000
129.208333 130.208333  10.357   6.937 0.000
132.208333 133.208333  11.244   5.789 0.000
135.208333 136.208333  11.063   7.436 0.000
138.208333 139.208333   7.523   3.102 0.000
141.208333 142.208333   9.190   3.574 0.000
144.208333 145.208333  11.476   7.827 0.000
147.208333 148.208333  11.454   5.534 0.000
150.208333 151.208333  12.029   7.715 0.000
153.208333 154.208333   7.808   5.010 0.000
156.208333 157.208333  19.012  10.615 0.000
159.208333 160.208333  11.620   5.804 0.000
162.208333 163.208333  13.923   5.963 0.000
165.208333 166.208333  13.131   8.164 0.000
168.208333 169.208333  19.429   8.078 0.000
171.208333 172.208333  21.335   5.723 0.000
174.208333 175.208333  12.236   6.696 0.000
177.208333 178.208333  10.112   5.445 0.000
180.208333 181.208333   6.343   3.466 0.000
183.208333 184.208333   8.135   4.637 0.000
186.208333 187.208333  19.131  10.504 0.000
189.208333 190.208333  15.178   7.121 0.000
192.208333 193.208333  15.894   7.553 0.000
195.208333 196.208333  11.171   5.158 0.000
198.208333 199.208333  14.041   4.620 0.000
201.208333 202.208333  12.807   5.758 0.000
204.208333 205.208333   8.115   4.466 0.000
207.208333 208.208333  11.202   5.946 0.000
210.208333 211.208333  15.449   8.436 0.000
213.208333 214.208333  22.044   9.095 0.000
216.208333 217.208333  10.026   5.147 0.000
219.208333 220.208333  15.040   7.028 0.000
222.208333 223.208333  12.491   4.492 0.000
225.208333 226.208333  13.603   4.682 0.000
228.208333 229.208333   7.975   3.315 0.000
231.208333 232.208333  13.414   7.417 0.000
234.208333 235.208333   7.372   3.897 0.000
237.208333 238.208333  12.662   5.658 0.000
240.208333 241.208333   8.083   3.853 0.000
243.208333 244.208333   6.133   2.573 0.000
246.208333 247.208333 999.999 999.999 0.999
249.208333 250.208333  10.332   4.660 0.000
252.208333 253.208333  10.001   5.665 0.000
255.208333 256.208333   7.443   3.603 0.000
258.208333 259.208333   7.640   3.529 0.000
261.208333 262.208333   8.888   4.216 0.000
264.208333 265.208333  10.218   5.611 0.000
267.208333 268.208333   9.251   6.650 0.000
270.208333 271.208333   9.301   5.745 0.000
273.208333 274.208333  12.968   7.468 0.000
276.208333 277.208333   7.546   3.022 0.000
279.208333 280.208333   5.722   3.095 0.000
282.208333 283.208333   8.757   4.533 0.000
285.208333 286.208333  15.528   7.451 0.000
288.208333 289.208333  12.298   4.791 0.000
291.208333 292.208333  11.993   4.817 0.000
294.208333 295.208333  11.728   6.466 0.000
297.208333 298.208333   7.018   3.923 0.000
300.208333 301.208333  17.281   6.684 0.000
303.208333 304.208333  13.207   6.267 0.000
306.208333 307.208333  13.725   7.205 0.000
309.208333 310.208333  13.109   5.502 0.000
312.208333 313.208333  11.842   4.304 0.000
315.208333 316.208333  19.773  15.748 0.000
318.208333 319.208333  17.154  12.683 0.000
321.208333 322.208333  23.792  18.114 0.000
324.208333 325.208333   9.375   4.398 0.000
327.208333 328.208333   9.833   5.404 0.000
330.208333 331.208333   9.899   6.259 0.000
333.208333 334.208333  18.439   6.891 0.000
336.208333 337.208333  10.591   5.606 0.000
339.208333 340.208333  15.609   6.864 0.000
342.208333 343.208333   9.701   7.811 0.000
345.208333 346.208333  15.117   6.027 0.000
348.208333 349.208333   3.507   2.627 0.000
351.208333 352.208333  11.578   6.157 0.000
354.208333 355.208333   9.495   6.522 0.000
357.208333 358.208333  14.528   9.327 0.000
360.208333 361.208333   7.387   3.449 0.000
363.208333 364.208333   5.329   2.636 0.000
