scripts/IMPROVE-2019_partial/data/US1005R.19950104050000.20191216000000.filterpack...1y.3d.US03L_filterpack_US1005.US03L_IMPROVE_Davis.lev2.nas
51 1001
MISSING INFORMATION
US03L, IMPROVE, , , , , , , 
MISSING INFORMATION
IMPROVE sel_HTAP
1 1
1995 01 01 2019 12 16
0
days from file reference point
4
1 1 1 1
999.999999 999.999 999.999 9.999
end_time of measurement, days from the file reference point
pm10_mass, ug/m3, Matrix=pm10
pm25_mass, ug/m3, Matrix=pm25
numflag, no unit
0
33
Data definition:              EBAS_1.1
Set type code:                TI
Timezone:                     UTC
File name:                    US1005R.19950104050000.20191216000000.filterpack...1y.3d.US03L_filterpack_US1005.US03L_IMPROVE_Davis.lev2.nas
File creation:                20191218120309
Startdate:                    19950104050000
Revision date:                20191216000000
Version:                      2
Version description:          "Data extracted from http://views.cira.colostate.edu/fed/DataWizard 2019-12-16"
Statistics:                   arithmetic mean
Data level:                   2
Period code:                  1y
Resolution code:              3d
Sample duration:              1d
Orig. time res.:              3d
Station code:                 US1005R
Platform code:                US1005S
Station name:                 Chassahowitzka National Wildlife Refuge (FL05)
Station latitude:             28.7486
Station longitude:            -82.5551
Station altitude:             3.0 m
Regime:                       IMG
Component:                    
Unit:                         ug/m3
Matrix:                       
Laboratory code:              US03L
Instrument type:              filterpack
Instrument name:              filterpack_US1005
Method ref:                   US03L_IMPROVE_Davis
Blank correction:             Blank corrected
Volume std. temperature:      ambient
Volume std. pressure:         ambient
starttime endtime PM10 PM2.5 flag
  3.208333   4.208333  16.356  10.512 0.000
  6.208333   7.208333  21.055   7.564 0.000
 10.208333  11.208333  21.446  14.679 0.000
 13.208333  14.208333   8.697   4.071 0.000
 17.208333  18.208333  16.208  11.067 0.000
 20.208333  21.208333  11.328   4.212 0.000
 24.208333  25.208333  21.446  15.727 0.000
 27.208333  28.208333  18.388  10.643 0.000
 31.208333  32.208333  35.513  14.404 0.000
 34.208333  35.208333   9.957   4.689 0.000
 38.208333  39.208333  16.929   3.750 0.000
 41.208333  42.208333  21.417  10.619 0.000
 45.208333  46.208333  17.548   8.018 0.000
 48.208333  49.208333  16.172   9.438 0.000
 52.208333  53.208333  12.913   7.217 0.000
 55.208333  56.208333  19.685   8.754 0.000
 59.208333  60.208333  12.259   6.653 0.000
 62.208333  63.208333 999.999 999.999 0.999
 66.208333  67.208333  13.924   5.237 0.000
 69.208333  70.208333  19.175   9.995 0.000
 73.208333  74.208333  18.713   6.674 0.000
 76.208333  77.208333  10.010   6.334 0.000
 80.208333  81.208333  18.109   8.651 0.000
 83.208333  84.208333  24.394  17.810 0.000
 87.208333  88.208333  16.502   9.903 0.000
 90.208333  91.208333  12.250   7.005 0.000
 94.208333  95.208333  20.332  14.174 0.000
 97.208333  98.208333  10.313   5.579 0.000
101.208333 102.208333  17.186   7.231 0.000
104.208333 105.208333  19.197  12.553 0.000
108.208333 109.208333  14.057   9.250 0.000
111.208333 112.208333  20.159  11.858 0.000
115.208333 116.208333  19.321  11.719 0.000
118.208333 119.208333  15.139  10.008 0.000
122.208333 123.208333  21.586  10.825 0.000
125.208333 126.208333  22.970  13.303 0.000
129.208333 130.208333  18.992  10.373 0.000
132.208333 133.208333  13.147   8.912 0.000
136.208333 137.208333  36.509  23.404 0.000
139.208333 140.208333  22.655  14.040 0.000
143.208333 144.208333  19.709   8.246 0.000
146.208333 147.208333  14.857   9.190 0.000
150.208333 151.208333  12.770   6.227 0.000
153.208333 154.208333  12.446   5.187 0.000
157.208333 158.208333  17.943  14.536 0.000
160.208333 161.208333  23.192  19.254 0.000
164.208333 165.208333  21.003  16.252 0.000
167.208333 168.208333  14.295   7.589 0.000
171.208333 172.208333   9.985   5.469 0.000
174.208333 175.208333   8.354   4.249 0.000
178.208333 179.208333  51.481  20.476 0.000
181.208333 182.208333  23.762  16.233 0.000
185.208333 186.208333  29.729  17.820 0.000
188.208333 189.208333  22.373  14.489 0.000
192.208333 193.208333  20.211  12.558 0.000
195.208333 196.208333  14.206   7.945 0.000
199.208333 200.208333 999.999  15.243 0.000
202.208333 203.208333  23.639   6.507 0.000
206.208333 207.208333  15.208   5.388 0.000
209.208333 210.208333  24.420   6.383 0.000
213.208333 214.208333   5.521   3.076 0.000
216.208333 217.208333  30.049  14.196 0.000
220.208333 221.208333  19.238   9.431 0.000
223.208333 224.208333  19.730  12.676 0.000
227.208333 228.208333  31.989  21.019 0.000
230.208333 231.208333  29.441  22.443 0.000
234.208333 235.208333 999.999 999.999 0.999
237.208333 238.208333 999.999 999.999 0.999
241.208333 242.208333  33.404   8.673 0.000
244.208333 245.208333  14.625   8.408 0.000
248.208333 249.208333  15.517   5.592 0.000
251.208333 252.208333  13.046   7.281 0.000
255.208333 256.208333  16.716   8.290 0.000
258.208333 259.208333  19.716   6.730 0.000
262.208333 263.208333  23.381  15.134 0.000
265.208333 266.208333  24.674  13.795 0.000
269.208333 270.208333  28.292  14.230 0.000
272.208333 273.208333  11.679   4.444 0.000
276.208333 277.208333  15.866   5.808 0.000
279.208333 280.208333  20.623   8.346 0.000
283.208333 284.208333  22.498   7.879 0.000
286.208333 287.208333  13.175   4.462 0.000
290.208333 291.208333  18.555   5.693 0.000
293.208333 294.208333  16.302   6.012 0.000
297.208333 298.208333  15.583   6.882 0.000
300.208333 301.208333  13.359   4.965 0.000
304.208333 305.208333  21.953   7.812 0.000
307.208333 308.208333  14.979   5.418 0.000
311.208333 312.208333  12.804   5.146 0.000
314.208333 315.208333  13.515   6.717 0.000
318.208333 319.208333  14.431   8.875 0.000
321.208333 322.208333  20.833  11.831 0.000
325.208333 326.208333  15.365   8.013 0.000
328.208333 329.208333  13.444  10.283 0.000
332.208333 333.208333  15.198   4.839 0.000
335.208333 336.208333  23.281  13.136 0.000
339.208333 340.208333  18.014  12.353 0.000
342.208333 343.208333  22.713  10.853 0.000
346.208333 347.208333  16.219   7.284 0.000
349.208333 350.208333  24.945   7.159 0.000
353.208333 354.208333  14.220   4.880 0.000
356.208333 357.208333  16.348  10.621 0.000
360.208333 361.208333  16.810  11.161 0.000
363.208333 364.208333  18.046  10.169 0.000
