scripts/IMPROVE-2019_partial/data/US1011R.19940101050000.20191216000000.filterpack.pm25_mass.pm25.1y.3d.US03L_filterpack_US1011.US03L_IMPROVE_Davis.lev2.nas
50 1001
MISSING INFORMATION
US03L, IMPROVE, , , , , , , 
MISSING INFORMATION
IMPROVE sel_HTAP
1 1
1994 01 01 2019 12 16
0
days from file reference point
3
1 1 1
999.999999 999.999 9.999
end_time of measurement, days from the file reference point
pm25_mass, ug/m3
numflag pm25_mass, no unit
0
33
Data definition:              EBAS_1.1
Set type code:                TI
Timezone:                     UTC
File name:                    US1011R.19940101050000.20191216000000.filterpack.pm25_mass.pm25.1y.3d.US03L_filterpack_US1011.US03L_IMPROVE_Davis.lev2.nas
File creation:                20191218120318
Startdate:                    19940101050000
Revision date:                20191216000000
Version:                      2
Version description:          "Data extracted from http://views.cira.colostate.edu/fed/DataWizard 2019-12-16"
Statistics:                   arithmetic mean
Data level:                   2
Period code:                  1y
Resolution code:              3d
Sample duration:              1d
Orig. time res.:              3d
Station code:                 US1011R
Platform code:                US1011S
Station name:                 Everglades National Park-Research Center (FL11)
Station latitude:             25.39
Station longitude:            -80.68
Station altitude:             2.0 m
Regime:                       IMG
Component:                    pm25_mass
Unit:                         ug/m3
Matrix:                       pm25
Laboratory code:              US03L
Instrument type:              filterpack
Instrument name:              filterpack_US1011
Method ref:                   US03L_IMPROVE_Davis
Blank correction:             Blank corrected
Volume std. temperature:      ambient
Volume std. pressure:         ambient
starttime endtime PM2.5 flag_PM2.5
  0.208333   1.208333 999.999 0.999
  4.208333   5.208333   8.275 0.000
  7.208333   8.208333 999.999 0.999
 11.208333  12.208333   5.101 0.000
 14.208333  15.208333   6.772 0.000
 18.208333  19.208333 999.999 0.999
 21.208333  22.208333   8.082 0.000
 25.208333  26.208333   5.534 0.000
 28.208333  29.208333 999.999 0.999
 32.208333  33.208333   6.776 0.000
 35.208333  36.208333   8.185 0.000
 39.208333  40.208333 999.999 0.999
 42.208333  43.208333   5.886 0.000
 46.208333  47.208333 999.999 0.999
 49.208333  50.208333 999.999 0.999
 53.208333  54.208333   7.348 0.000
 56.208333  57.208333 999.999 0.999
 60.208333  61.208333   9.311 0.000
 63.208333  64.208333   7.202 0.000
 67.208333  68.208333   4.738 0.000
 70.208333  71.208333  12.878 0.000
 74.208333  75.208333   9.793 0.000
 77.208333  78.208333  11.272 0.000
 81.208333  82.208333   8.921 0.000
 84.208333  85.208333   7.586 0.000
 88.208333  89.208333   8.343 0.000
 91.208333  92.208333 999.999 0.999
 95.208333  96.208333   8.608 0.000
 98.208333  99.208333  10.933 0.000
102.208333 103.208333 999.999 0.999
105.208333 106.208333   5.044 0.000
109.208333 110.208333   5.165 0.000
112.208333 113.208333  12.226 0.000
116.208333 117.208333   8.047 0.000
119.208333 120.208333   5.877 0.000
123.208333 124.208333   8.187 0.000
126.208333 127.208333  17.134 0.000
130.208333 131.208333  22.794 0.000
133.208333 134.208333  11.164 0.000
137.208333 138.208333  14.597 0.000
140.208333 141.208333 999.999 0.999
144.208333 145.208333   6.295 0.000
147.208333 148.208333 999.999 0.999
151.208333 152.208333  10.199 0.000
154.208333 155.208333  13.119 0.000
158.208333 159.208333  19.452 0.000
161.208333 162.208333 999.999 0.999
165.208333 166.208333 999.999 0.999
168.208333 169.208333 999.999 0.999
172.208333 173.208333 999.999 0.999
175.208333 176.208333 999.999 0.999
179.208333 180.208333   7.674 0.000
182.208333 183.208333  10.925 0.000
186.208333 187.208333  19.299 0.000
189.208333 190.208333  10.923 0.000
193.208333 194.208333  19.014 0.000
196.208333 197.208333  13.678 0.000
200.208333 201.208333   6.235 0.000
203.208333 204.208333  14.560 0.000
207.208333 208.208333   4.402 0.000
210.208333 211.208333  10.510 0.000
214.208333 215.208333   7.800 0.000
217.208333 218.208333  12.349 0.000
221.208333 222.208333   6.864 0.000
224.208333 225.208333   7.771 0.000
228.208333 229.208333   8.785 0.000
231.208333 232.208333   5.254 0.000
235.208333 236.208333   6.242 0.000
238.208333 239.208333   7.250 0.000
242.208333 243.208333   6.347 0.000
245.208333 246.208333  13.125 0.000
249.208333 250.208333  10.727 0.000
252.208333 253.208333   8.269 0.000
256.208333 257.208333 999.999 0.999
259.208333 260.208333  15.637 0.000
263.208333 264.208333 999.999 0.999
266.208333 267.208333   7.556 0.000
270.208333 271.208333   7.090 0.000
273.208333 274.208333   6.453 0.000
277.208333 278.208333  10.701 0.000
280.208333 281.208333  10.562 0.000
284.208333 285.208333   9.931 0.000
287.208333 288.208333  10.932 0.000
291.208333 292.208333   4.721 0.000
294.208333 295.208333   4.958 0.000
298.208333 299.208333   8.088 0.000
301.208333 302.208333 999.999 0.999
305.208333 306.208333  14.585 0.000
308.208333 309.208333   6.328 0.000
312.208333 313.208333   4.290 0.000
315.208333 316.208333   4.410 0.000
319.208333 320.208333   6.192 0.000
322.208333 323.208333   7.927 0.000
326.208333 327.208333  15.102 0.000
329.208333 330.208333   6.422 0.000
333.208333 334.208333 999.999 0.999
336.208333 337.208333   7.009 0.000
340.208333 341.208333   6.795 0.000
343.208333 344.208333   4.637 0.000
347.208333 348.208333  17.059 0.000
350.208333 351.208333   4.834 0.000
354.208333 355.208333   2.971 0.000
357.208333 358.208333  10.242 0.000
361.208333 362.208333   7.462 0.000
364.208333 365.208333   4.953 0.000
