scripts/IMPROVE-2019_partial/data/US1005R.19960103050000.20191216000000.filterpack...1y.3d.US03L_filterpack_US1005.US03L_IMPROVE_Davis.lev2.nas
51 1001
MISSING INFORMATION
US03L, IMPROVE, , , , , , , 
MISSING INFORMATION
IMPROVE sel_HTAP
1 1
1996 01 01 2019 12 16
0
days from file reference point
4
1 1 1 1
999.999999 999.999 999.999 9.999
end_time of measurement, days from the file reference point
pm10_mass, ug/m3, Matrix=pm10
pm25_mass, ug/m3, Matrix=pm25
numflag, no unit
0
33
Data definition:              EBAS_1.1
Set type code:                TI
Timezone:                     UTC
File name:                    US1005R.19960103050000.20191216000000.filterpack...1y.3d.US03L_filterpack_US1005.US03L_IMPROVE_Davis.lev2.nas
File creation:                20191218120309
Startdate:                    19960103050000
Revision date:                20191216000000
Version:                      2
Version description:          "Data extracted from http://views.cira.colostate.edu/fed/DataWizard 2019-12-16"
Statistics:                   arithmetic mean
Data level:                   2
Period code:                  1y
Resolution code:              3d
Sample duration:              1d
Orig. time res.:              3d
Station code:                 US1005R
Platform code:                US1005S
Station name:                 Chassahowitzka National Wildlife Refuge (FL05)
Station latitude:             28.7486
Station longitude:            -82.5551
Station altitude:             3.0 m
Regime:                       IMG
Component:                    
Unit:                         ug/m3
Matrix:                       
Laboratory code:              US03L
Instrument type:              filterpack
Instrument name:              filterpack_US1005
Method ref:                   US03L_IMPROVE_Davis
Blank correction:             Blank corrected
Volume std. temperature:      ambient
Volume std. pressure:         ambient
starttime endtime PM10 PM2.5 flag
  2.208333   3.208333  17.843   7.737 0.000
  5.208333   6.208333  14.034  10.337 0.000
  9.208333  10.208333  16.718  10.515 0.000
 12.208333  13.208333  18.663  11.672 0.000
 16.208333  17.208333  13.604   7.486 0.000
 19.208333  20.208333  14.677   8.027 0.000
 23.208333  24.208333  19.622   8.044 0.000
 26.208333  27.208333  13.983   6.222 0.000
 30.208333  31.208333  10.192   4.437 0.000
 33.208333  34.208333   9.479   5.980 0.000
 37.208333  38.208333  16.433   9.174 0.000
 40.208333  41.208333  17.208   8.983 0.000
 44.208333  45.208333  14.184   7.042 0.000
 47.208333  48.208333  15.411   9.163 0.000
 51.208333  52.208333  25.038  11.828 0.000
 54.208333  55.208333  16.410   7.542 0.000
 58.208333  59.208333  12.764   9.493 0.000
 61.208333  62.208333  10.417   5.051 0.000
 65.208333  66.208333  25.198   8.777 0.000
 68.208333  69.208333  18.017   7.394 0.000
 72.208333  73.208333  26.529  12.481 0.000
 75.208333  76.208333  14.189   7.038 0.000
 79.208333  80.208333  18.488   6.004 0.000
 82.208333  83.208333  19.582   9.332 0.000
 86.208333  87.208333  28.435  11.324 0.000
 89.208333  90.208333  11.308   8.008 0.000
 93.208333  94.208333  29.054   9.313 0.000
 96.208333  97.208333  36.458  10.273 0.000
100.208333 101.208333  18.144  10.448 0.000
103.208333 104.208333  22.462  11.192 0.000
107.208333 108.208333  12.622   7.639 0.000
110.208333 111.208333  22.757  10.591 0.000
114.208333 115.208333  18.518  10.339 0.000
117.208333 118.208333  15.636  10.447 0.000
121.208333 122.208333  16.965   7.835 0.000
124.208333 125.208333  18.831   8.123 0.000
128.208333 129.208333  19.136   6.277 0.000
131.208333 132.208333  15.095   6.522 0.000
135.208333 136.208333  28.087  12.888 0.000
138.208333 139.208333  29.724  13.858 0.000
142.208333 143.208333  16.260 999.999 0.000
145.208333 146.208333  21.825  10.173 0.000
149.208333 150.208333  38.906   9.899 0.000
152.208333 153.208333  24.966   7.672 0.000
156.208333 157.208333  22.793  13.464 0.000
159.208333 160.208333  20.701  10.813 0.000
163.208333 164.208333  15.009   7.099 0.000
166.208333 167.208333  15.636   7.036 0.000
170.208333 171.208333  21.800   5.926 0.000
173.208333 174.208333  12.482   5.425 0.000
177.208333 178.208333  16.520   9.093 0.000
180.208333 181.208333  16.304   9.872 0.000
184.208333 185.208333  27.387  17.003 0.000
187.208333 188.208333  21.756   7.528 0.000
191.208333 192.208333  30.152  18.889 0.000
194.208333 195.208333  27.387  15.487 0.000
198.208333 199.208333  32.014  11.665 0.000
201.208333 202.208333  20.787  14.254 0.000
205.208333 206.208333  16.418   5.988 0.000
208.208333 209.208333  49.053  26.074 0.000
212.208333 213.208333  18.720   8.020 0.000
215.208333 216.208333  15.006   8.481 0.000
219.208333 220.208333  32.744   9.352 0.000
222.208333 223.208333  23.778  15.216 0.000
226.208333 227.208333  22.817  10.642 0.000
229.208333 230.208333  26.022  11.075 0.000
233.208333 234.208333  20.092  11.957 0.000
236.208333 237.208333  14.162   8.711 0.000
240.208333 241.208333   8.082   4.742 0.000
243.208333 244.208333  11.877   7.703 0.000
247.208333 248.208333  13.694   8.605 0.000
250.208333 251.208333  25.437  13.828 0.000
254.208333 255.208333  19.260   6.046 0.000
257.208333 258.208333  27.545  22.547 0.000
261.208333 262.208333  17.788  10.599 0.000
264.208333 265.208333  22.350   9.938 0.000
268.208333 269.208333  16.958  13.021 0.000
271.208333 272.208333  18.209   6.855 0.000
275.208333 276.208333  15.708   6.448 0.000
278.208333 279.208333  22.991   7.353 0.000
282.208333 283.208333  31.858  11.023 0.000
285.208333 286.208333  24.952  12.130 0.000
289.208333 290.208333  36.871   5.015 0.000
292.208333 293.208333  13.235   5.598 0.000
296.208333 297.208333  14.669   7.674 0.000
299.208333 300.208333  11.587   5.743 0.000
303.208333 304.208333  21.648  12.407 0.000
306.208333 307.208333  14.333   7.974 0.000
310.208333 311.208333  10.960   7.305 0.000
313.208333 314.208333  10.374   4.990 0.000
317.208333 318.208333  17.958   9.159 0.000
320.208333 321.208333  20.391   8.226 0.000
324.208333 325.208333  12.416   4.213 0.000
327.208333 328.208333  19.295   8.703 0.000
331.208333 332.208333  17.954   7.633 0.000
334.208333 335.208333  15.286   6.436 0.000
338.208333 339.208333  16.904  13.238 0.000
341.208333 342.208333  10.191   7.846 0.000
345.208333 346.208333  25.421  12.055 0.000
348.208333 349.208333  23.569   8.772 0.000
352.208333 353.208333  17.339   7.483 0.000
355.208333 356.208333  16.946   5.927 0.000
359.208333 360.208333  11.218   6.128 0.000
362.208333 363.208333  12.658   7.388 0.000
