scripts/IMPROVE-2019_partial/data/US1005R.20090101050000.20191216000000.filterpack...52w.3d.US03L_filterpack_US1005.US03L_IMPROVE_Davis.lev2.nas
51 1001
MISSING INFORMATION
US03L, IMPROVE, , , , , , , 
MISSING INFORMATION
IMPROVE sel_HTAP
1 1
2009 01 01 2019 12 16
3.000000
days from file reference point
4
1 1 1 1
999.999999 999.999 999.999 9.999
end_time of measurement, days from the file reference point
pm10_mass, ug/m3, Matrix=pm10
pm25_mass, ug/m3, Matrix=pm25
numflag, no unit
0
33
Data definition:              EBAS_1.1
Set type code:                TU
Timezone:                     UTC
File name:                    US1005R.20090101050000.20191216000000.filterpack...52w.3d.US03L_filterpack_US1005.US03L_IMPROVE_Davis.lev2.nas
File creation:                20191218120311
Startdate:                    20090101050000
Revision date:                20191216000000
Version:                      2
Version description:          "Data extracted from http://views.cira.colostate.edu/fed/DataWizard 2019-12-16"
Statistics:                   arithmetic mean
Data level:                   2
Period code:                  52w
Resolution code:              3d
Sample duration:              1d
Orig. time res.:              3d
Station code:                 US1005R
Platform code:                US1005S
Station name:                 Chassahowitzka National Wildlife Refuge (FL05)
Station latitude:             28.7486
Station longitude:            -82.5551
Station altitude:             3.0 m
Regime:                       IMG
Component:                    
Unit:                         ug/m3
Matrix:                       
Laboratory code:              US03L
Instrument type:              filterpack
Instrument name:              filterpack_US1005
Method ref:                   US03L_IMPROVE_Davis
Blank correction:             Blank corrected
Volume std. temperature:      ambient
Volume std. pressure:         ambient
starttime endtime PM10 PM2.5 flag
  0.208333   1.208333  17.154   8.556 0.000
  3.208333   4.208333  11.550   7.002 0.000
  6.208333   7.208333  13.442   4.992 0.000
  9.208333  10.208333  11.520   6.172 0.000
 12.208333  13.208333   3.855   2.951 0.000
 15.208333  16.208333  10.969   8.872 0.000
 18.208333  19.208333  14.526   7.408 0.000
 21.208333  22.208333  14.169  11.318 0.000
 24.208333  25.208333   8.690   6.601 0.000
 27.208333  28.208333  11.688   5.651 0.000
 30.208333  31.208333   7.032   5.040 0.000
 33.208333  34.208333   5.087   3.233 0.000
 36.208333  37.208333  10.226   8.665 0.000
 39.208333  40.208333  10.889   7.726 0.000
 42.208333  43.208333   9.194   5.026 0.000
 45.208333  46.208333   5.141   4.353 0.000
 48.208333  49.208333  14.372   8.899 0.000
 51.208333  52.208333   8.887   6.625 0.000
 54.208333  55.208333  12.392   9.484 0.000
 57.208333  58.208333  12.034   7.543 0.000
 60.208333  61.208333   6.676   5.317 0.000
 63.208333  64.208333  11.546   7.272 0.000
 66.208333  67.208333  12.017   6.208 0.000
 69.208333  70.208333  13.520   7.382 0.000
 72.208333  73.208333  12.893   6.515 0.000
 75.208333  76.208333   6.683   4.016 0.000
 78.208333  79.208333  14.413   9.105 0.000
 81.208333  82.208333   6.771   3.613 0.000
 84.208333  85.208333  15.280   7.519 0.000
 87.208333  88.208333  13.061   6.179 0.000
 90.208333  91.208333  11.165   8.874 0.000
 93.208333  94.208333  13.027   7.081 0.000
 96.208333  97.208333  11.873   4.965 0.000
 99.208333 100.208333  15.410   8.854 0.000
102.208333 103.208333  17.788  10.530 0.000
105.208333 106.208333   9.165   6.780 0.000
108.208333 109.208333  11.267   5.472 0.000
111.208333 112.208333  10.321   6.382 0.000
114.208333 115.208333  12.378   6.834 0.000
117.208333 118.208333  13.660   5.606 0.000
120.208333 121.208333  12.401   7.729 0.000
123.208333 124.208333   9.359   4.857 0.000
126.208333 127.208333   8.803   4.677 0.000
129.208333 130.208333   9.588   5.732 0.000
132.208333 133.208333   9.360   5.670 0.000
135.208333 136.208333  12.513   5.907 0.000
138.208333 139.208333   4.807   3.364 0.000
141.208333 142.208333   7.734   4.645 0.000
144.208333 145.208333  10.102   6.037 0.000
147.208333 148.208333  15.309   9.954 0.000
150.208333 151.208333  12.445   9.104 0.000
153.208333 154.208333  12.577   7.859 0.000
156.208333 157.208333  12.440   6.150 0.000
159.208333 160.208333  12.072   8.039 0.000
162.208333 163.208333  13.664   8.652 0.000
165.208333 166.208333  15.744  10.462 0.000
168.208333 169.208333  16.009  10.958 0.000
171.208333 172.208333  21.540  17.233 0.000
174.208333 175.208333 999.999 999.999 0.999
177.208333 178.208333  11.775   5.486 0.000
180.208333 181.208333   9.928   5.273 0.000
183.208333 184.208333  11.751   7.246 0.000
186.208333 187.208333  13.777   8.418 0.000
189.208333 190.208333  18.631   9.359 0.000
192.208333 193.208333  20.579  10.965 0.000
195.208333 196.208333  15.915   8.808 0.000
198.208333 199.208333  10.038   5.477 0.000
201.208333 202.208333  17.084  10.850 0.000
204.208333 205.208333  14.909   8.498 0.000
207.208333 208.208333   9.379   5.394 0.000
210.208333 211.208333  11.852   6.748 0.000
213.208333 214.208333  17.356  10.635 0.000
216.208333 217.208333   8.895   6.002 0.000
219.208333 220.208333  16.060   8.391 0.000
222.208333 223.208333  15.679   9.305 0.000
225.208333 226.208333   8.808   5.374 0.000
228.208333 229.208333  12.583   7.166 0.000
231.208333 232.208333   8.361   4.700 0.000
234.208333 235.208333  13.151   6.815 0.000
237.208333 238.208333  11.641   4.354 0.000
240.208333 241.208333  17.981   6.738 0.000
243.208333 244.208333   9.373   5.284 0.000
246.208333 247.208333  12.938   5.478 0.000
249.208333 250.208333  10.330   5.549 0.000
252.208333 253.208333   8.828   4.619 0.000
255.208333 256.208333   8.556   3.894 0.000
258.208333 259.208333  11.210   6.302 0.000
261.208333 262.208333  12.798   7.416 0.000
264.208333 265.208333   9.772   4.582 0.000
267.208333 268.208333  10.583   5.441 0.000
270.208333 271.208333  12.644   6.986 0.000
273.208333 274.208333  11.877   8.503 0.000
276.208333 277.208333  13.425   9.599 0.000
279.208333 280.208333   8.884   5.279 0.000
282.208333 283.208333   9.743   4.905 0.000
285.208333 286.208333  13.202   8.270 0.000
288.208333 289.208333  10.107   4.899 0.000
291.208333 292.208333   8.693   5.890 0.000
294.208333 295.208333   8.579   3.445 0.000
297.208333 298.208333  11.314   6.247 0.000
300.208333 301.208333  10.814   4.362 0.000
303.208333 304.208333   8.733   5.107 0.000
306.208333 307.208333  11.225   6.896 0.000
309.208333 310.208333  13.229   7.186 0.000
312.208333 313.208333  14.733   5.218 0.000
315.208333 316.208333   2.819   1.566 0.000
318.208333 319.208333  10.642   9.162 0.000
321.208333 322.208333 999.999 999.999 0.999
324.208333 325.208333 999.999 999.999 0.999
327.208333 328.208333 999.999 999.999 0.999
330.208333 331.208333 999.999 999.999 0.999
333.208333 334.208333   8.597   6.821 0.000
336.208333 337.208333  12.199   5.570 0.000
339.208333 340.208333  10.870   8.980 0.000
342.208333 343.208333  10.401   6.556 0.000
345.208333 346.208333  11.528   5.566 0.000
348.208333 349.208333   9.723   8.181 0.000
351.208333 352.208333   7.774   4.469 0.000
354.208333 355.208333  10.263   9.329 0.000
357.208333 358.208333   8.456   5.409 0.000
360.208333 361.208333   8.597   7.400 0.000
363.208333 364.208333   9.602   6.593 0.000
