scripts/IMPROVE-2019_partial/data/US1011R.20120101050000.20191216000000.filterpack...52w.3d.US03L_filterpack_US1011.US03L_IMPROVE_Davis.lev2.nas
51 1001
MISSING INFORMATION
US03L, IMPROVE, , , , , , , 
MISSING INFORMATION
IMPROVE sel_HTAP
1 1
2012 01 01 2019 12 16
3.000000
days from file reference point
4
1 1 1 1
999.999999 999.999 999.999 9.999
end_time of measurement, days from the file reference point
pm10_mass, ug/m3, Matrix=pm10
pm25_mass, ug/m3, Matrix=pm25
numflag, no unit
0
33
Data definition:              EBAS_1.1
Set type code:                TU
Timezone:                     UTC
File name:                    US1011R.20120101050000.20191216000000.filterpack...52w.3d.US03L_filterpack_US1011.US03L_IMPROVE_Davis.lev2.nas
File creation:                20191218120318
Startdate:                    20120101050000
Revision date:                20191216000000
Version:                      2
Version description:          "Data extracted from http://views.cira.colostate.edu/fed/DataWizard 2019-12-16"
Statistics:                   arithmetic mean
Data level:                   2
Period code:                  52w
Resolution code:              3d
Sample duration:              1d
Orig. time res.:              3d
Station code:                 US1011R
Platform code:                US1011S
Station name:                 Everglades National Park-Research Center (FL11)
Station latitude:             25.39
Station longitude:            -80.68
Station altitude:             2.0 m
Regime:                       IMG
Component:                    
Unit:                         ug/m3
Matrix:                       
Laboratory code:              US03L
Instrument type:              filterpack
Instrument name:              filterpack_US1011
Method ref:                   US03L_IMPROVE_Davis
Blank correction:             Blank corrected
Volume std. temperature:      ambient
Volume std. pressure:         ambient
starttime endtime PM10 PM2.5 flag
  0.208333   1.208333   8.885   5.750 0.000
  3.208333   4.208333  11.349   4.875 0.000
  6.208333   7.208333   7.279   4.412 0.000
  9.208333  10.208333   8.032   4.320 0.000
 12.208333  13.208333  16.701   7.372 0.000
 15.208333  16.208333  12.790   4.498 0.000
 18.208333  19.208333   9.449   4.570 0.000
 21.208333  22.208333   8.767   3.964 0.000
 24.208333  25.208333  10.115   2.675 0.000
 27.208333  28.208333  10.658   6.395 0.000
 30.208333  31.208333  15.890   5.330 0.000
 33.208333  34.208333  12.790   4.521 0.000
 36.208333  37.208333   6.558   2.566 0.000
 39.208333  40.208333  13.270 999.999 0.000
 42.208333  43.208333  11.900   4.689 0.000
 45.208333  46.208333   8.350   2.974 0.000
 48.208333  49.208333   5.889   2.503 0.000
 51.208333  52.208333  11.949   3.373 0.000
 54.208333  55.208333  11.633   7.562 0.000
 57.208333  58.208333  16.664   6.156 0.000
 60.208333  61.208333   9.563   3.183 0.000
 63.208333  64.208333  15.380   5.095 0.000
 66.208333  67.208333  24.325   6.889 0.000
 69.208333  70.208333   9.565   4.006 0.000
 72.208333  73.208333  12.831   4.392 0.000
 75.208333  76.208333   7.373   2.789 0.000
 78.208333  79.208333   9.309   3.175 0.000
 81.208333  82.208333  18.341   5.793 0.000
 84.208333  85.208333   9.709   4.758 0.000
 87.208333  88.208333  19.255   7.206 0.000
 90.208333  91.208333  16.246   7.264 0.000
 93.208333  94.208333  10.100   6.883 0.000
 96.208333  97.208333  16.114   8.092 0.000
 99.208333 100.208333  10.795   4.702 0.000
102.208333 103.208333  15.779  10.404 0.000
105.208333 106.208333  15.282   5.006 0.000
108.208333 109.208333  17.113   5.503 0.000
111.208333 112.208333   7.145   3.018 0.000
114.208333 115.208333  12.905   5.535 0.000
117.208333 118.208333  14.871   7.000 0.000
120.208333 121.208333   7.667   2.999 0.000
123.208333 124.208333  14.521   5.075 0.000
126.208333 127.208333  12.492   7.357 0.000
129.208333 130.208333  16.837   9.672 0.000
132.208333 133.208333  14.444   6.639 0.000
135.208333 136.208333  25.443  10.468 0.000
138.208333 139.208333  24.142  10.755 0.000
141.208333 142.208333  13.993   4.367 0.000
144.208333 145.208333  15.384   4.826 0.000
147.208333 148.208333  12.685   5.339 0.000
150.208333 151.208333  11.635   7.554 0.000
153.208333 154.208333  13.282   4.017 0.000
156.208333 157.208333  37.283  17.630 0.000
159.208333 160.208333  19.790   8.578 0.000
162.208333 163.208333  11.797   4.444 0.000
165.208333 166.208333  11.601   6.838 0.000
168.208333 169.208333  17.697   5.413 0.000
171.208333 172.208333  18.094   9.051 0.000
174.208333 175.208333  14.471   5.544 0.000
177.208333 178.208333  29.183  11.289 0.000
180.208333 181.208333  13.417   7.312 0.000
183.208333 184.208333  49.694  18.743 0.000
186.208333 187.208333  32.444  15.243 0.000
189.208333 190.208333 999.999 999.999 0.999
192.208333 193.208333  11.211   2.695 0.000
195.208333 196.208333  13.681   4.825 0.000
198.208333 199.208333  14.242   4.429 0.000
201.208333 202.208333  19.426   6.829 0.000
204.208333 205.208333  20.494   7.397 0.000
207.208333 208.208333  41.681  15.065 0.000
210.208333 211.208333  48.503  18.921 0.000
213.208333 214.208333  18.997   9.785 0.000
216.208333 217.208333  14.666   3.654 0.000
219.208333 220.208333  46.484  15.053 0.000
222.208333 223.208333  13.798   7.339 0.000
225.208333 226.208333  24.705  11.178 0.000
228.208333 229.208333  22.770  10.339 0.000
231.208333 232.208333  24.940  10.453 0.000
234.208333 235.208333  41.272  16.764 0.000
237.208333 238.208333  18.296   7.232 0.000
240.208333 241.208333  12.555   5.380 0.000
243.208333 244.208333  51.665  19.872 0.000
246.208333 247.208333  18.519   7.276 0.000
249.208333 250.208333  11.482   3.841 0.000
252.208333 253.208333   9.886   5.727 0.000
255.208333 256.208333  14.207   4.626 0.000
258.208333 259.208333  14.165   4.139 0.000
261.208333 262.208333   8.017   4.145 0.000
264.208333 265.208333   7.615   2.958 0.000
267.208333 268.208333  24.545   9.000 0.000
270.208333 271.208333  19.409   5.167 0.000
273.208333 274.208333   9.172   3.373 0.000
276.208333 277.208333  15.981   4.638 0.000
279.208333 280.208333  13.205   3.944 0.000
282.208333 283.208333  18.253   5.557 0.000
285.208333 286.208333  16.950   6.550 0.000
288.208333 289.208333  12.650   4.843 0.000
291.208333 292.208333   7.976   3.843 0.000
294.208333 295.208333  13.149   6.237 0.000
297.208333 298.208333  14.105   4.895 0.000
300.208333 301.208333  16.771   6.779 0.000
303.208333 304.208333  10.659   3.596 0.000
306.208333 307.208333   6.821   3.934 0.000
309.208333 310.208333   9.027   6.705 0.000
312.208333 313.208333   9.387   5.748 0.000
315.208333 316.208333  22.622   6.312 0.000
318.208333 319.208333  16.174   6.196 0.000
321.208333 322.208333  10.425   4.249 0.000
324.208333 325.208333   6.286   4.751 0.000
327.208333 328.208333  18.046   5.784 0.000
330.208333 331.208333  12.713   8.264 0.000
333.208333 334.208333  12.586   6.575 0.000
336.208333 337.208333  10.471   3.502 0.000
339.208333 340.208333   7.828   2.793 0.000
342.208333 343.208333   7.965   2.780 0.000
345.208333 346.208333  13.949   6.335 0.000
348.208333 349.208333  12.707   4.728 0.000
351.208333 352.208333   5.864   2.783 0.000
354.208333 355.208333   8.223   4.460 0.000
357.208333 358.208333   6.030   2.843 0.000
360.208333 361.208333 999.999 999.999 0.999
363.208333 364.208333   9.932   4.732 0.000
