scripts/IMPROVE-2019_partial/data/US1005R.20150103050000.20191216000000.filterpack...1y.3d.US03L_filterpack_US1005.US03L_IMPROVE_Davis.lev2.nas
52 1001
MISSING INFORMATION
US03L, IMPROVE, , , , , , , 
MISSING INFORMATION
IMPROVE sel_HTAP
1 1
2015 01 01 2019 12 16
3.000000
days from file reference point
5
1 1 1 1 1
999.999999 999.999 9.999 999.999 9.999
end_time of measurement, days from the file reference point
pm10_mass, ug/m3, Matrix=pm10
numflag pm10_mass, no unit, Matrix=pm10
pm25_mass, ug/m3, Matrix=pm25
numflag pm25_mass, no unit, Matrix=pm25
0
33
Data definition:              EBAS_1.1
Set type code:                TU
Timezone:                     UTC
File name:                    US1005R.20150103050000.20191216000000.filterpack...1y.3d.US03L_filterpack_US1005.US03L_IMPROVE_Davis.lev2.nas
File creation:                20191218120312
Startdate:                    20150103050000
Revision date:                20191216000000
Version:                      2
Version description:          "Data extracted from http://views.cira.colostate.edu/fed/DataWizard 2019-12-16"
Statistics:                   arithmetic mean
Data level:                   2
Period code:                  1y
Resolution code:              3d
Sample duration:              1d
Orig. time res.:              3d
Station code:                 US1005R
Platform code:                US1005S
Station name:                 Chassahowitzka National Wildlife Refuge (FL05)
Station latitude:             28.7486
Station longitude:            -82.5551
Station altitude:             3.0 m
Regime:                       IMG
Component:                    
Unit:                         ug/m3
Matrix:                       
Laboratory code:              US03L
Instrument type:              filterpack
Instrument name:              filterpack_US1005
Method ref:                   US03L_IMPROVE_Davis
Blank correction:             Blank corrected
Volume std. temperature:      ambient
Volume std. pressure:         ambient
starttime endtime PM10 flag_PM10 PM2.5 flag_PM2.5
  2.208333   3.208333  10.667 0.000   4.955 0.000
  5.208333   6.208333   9.727 0.000   5.734 0.000
  8.208333   9.208333  12.932 0.000   8.035 0.000
 11.208333  12.208333   7.484 0.000   3.593 0.000
 14.208333  15.208333   7.056 0.000   5.482 0.000
 17.208333  18.208333   7.224 0.000   4.873 0.000
 20.208333  21.208333  11.124 0.000   7.277 0.000
 23.208333  24.208333   8.175 0.000   3.774 0.000
 26.208333  27.208333   9.631 0.000   4.909 0.000
 29.208333  30.208333  13.075 0.000   8.471 0.000
 32.208333  33.208333  11.113 0.000   4.913 0.000
 35.208333  36.208333   5.666 0.000   3.415 0.000
 38.208333  39.208333  12.450 0.000   7.264 0.000
 41.208333  42.208333   8.330 0.000   6.174 0.000
 44.208333  45.208333  13.976 0.000  10.834 0.000
 47.208333  48.208333  10.095 0.000   4.844 0.000
 50.208333  51.208333   9.020 0.000   6.021 0.000
 53.208333  54.208333   6.350 0.000   3.436 0.000
 56.208333  57.208333  10.015 0.000   4.173 0.000
 59.208333  60.208333  13.230 0.000   6.890 0.000
 62.208333  63.208333  10.125 0.000   5.029 0.000
 65.208333  66.208333   9.232 0.000   5.260 0.000
 68.208333  69.208333   9.413 0.000   4.203 0.000
 71.208333  72.208333  11.800 0.000   4.936 0.000
 74.208333  75.208333   8.804 0.000   6.214 0.000
 77.208333  78.208333  23.848 0.000  16.792 0.000
 80.208333  81.208333  10.086 0.000   7.763 0.000
 83.208333  84.208333  12.680 0.000  10.351 0.000
 86.208333  87.208333   7.264 0.000   4.310 0.000
 89.208333  90.208333  10.815 0.000   6.171 0.000
 92.208333  93.208333  12.490 0.000   8.378 0.000
 95.208333  96.208333  11.491 0.000   5.473 0.000
 98.208333  99.208333  11.285 0.000   5.925 0.000
101.208333 102.208333   8.296 0.000   4.610 0.000
104.208333 105.208333  15.308 0.000   5.874 0.000
107.208333 108.208333  15.991 0.000   8.840 0.000
110.208333 111.208333  14.077 0.000   6.229 0.000
113.208333 114.208333  12.334 0.000   7.808 0.000
116.208333 117.208333  15.756 0.000   9.000 0.000
119.208333 120.208333   8.251 0.000   5.242 0.000
122.208333 123.208333   8.106 0.000   4.888 0.000
125.208333 126.208333   9.134 0.000   5.203 0.000
128.208333 129.208333  14.461 0.000   8.923 0.000
131.208333 132.208333  15.696 0.000   7.505 0.000
134.208333 135.208333  14.883 0.000   7.132 0.000
137.208333 138.208333  18.821 0.000   6.628 0.000
140.208333 141.208333  10.867 0.000   5.884 0.000
143.208333 144.208333  18.975 0.000   8.146 0.000
146.208333 147.208333 999.999 0.999   5.696 0.000
149.208333 150.208333 999.999 0.999   4.293 0.000
152.208333 153.208333 999.999 0.999   4.949 0.000
155.208333 156.208333 999.999 0.999   3.986 0.000
158.208333 159.208333 999.999 0.999   4.803 0.000
161.208333 162.208333 999.999 0.999   5.764 0.000
164.208333 165.208333 999.999 0.999   7.969 0.000
167.208333 168.208333 999.999 0.999   9.649 0.000
170.208333 171.208333 999.999 0.999   6.817 0.000
173.208333 174.208333 999.999 0.999   7.470 0.000
176.208333 177.208333 999.999 0.999   5.492 0.000
179.208333 180.208333 999.999 0.999   4.889 0.000
182.208333 183.208333  22.385 0.659  10.992 0.000
185.208333 186.208333  20.039 0.659   9.932 0.000
188.208333 189.208333  16.916 0.659   9.789 0.000
191.208333 192.208333  21.458 0.659   9.640 0.000
194.208333 195.208333  16.219 0.659   9.339 0.000
197.208333 198.208333  15.329 0.659   6.241 0.000
200.208333 201.208333  12.922 0.659   6.146 0.000
203.208333 204.208333  13.748 0.659   5.736 0.000
206.208333 207.208333  15.838 0.000   6.546 0.000
209.208333 210.208333  18.047 0.000   7.076 0.000
212.208333 213.208333  18.052 0.000   9.008 0.000
215.208333 216.208333  30.317 0.000  15.204 0.000
218.208333 219.208333  15.456 0.000   7.294 0.000
221.208333 222.208333  11.517 0.000   5.495 0.000
224.208333 225.208333  10.052 0.000   5.140 0.000
227.208333 228.208333   7.045 0.000   2.858 0.000
230.208333 231.208333   8.860 0.000 999.999 0.456
233.208333 234.208333  12.343 0.000   7.658 0.000
236.208333 237.208333   8.867 0.000   7.152 0.000
239.208333 240.208333   7.225 0.000   5.441 0.000
242.208333 243.208333 999.999 0.999   5.095 0.000
245.208333 246.208333   9.122 0.000   6.522 0.000
248.208333 249.208333  12.837 0.000   9.672 0.000
251.208333 252.208333   8.322 0.000   4.697 0.000
254.208333 255.208333   8.995 0.000   5.652 0.000
257.208333 258.208333   9.066 0.000   4.719 0.000
260.208333 261.208333   6.797 0.000   3.175 0.000
263.208333 264.208333  13.529 0.000   7.621 0.000
266.208333 267.208333  11.312 0.000   6.208 0.000
269.208333 270.208333   6.833 0.000   2.980 0.000
272.208333 273.208333 999.999 0.999   4.455 0.000
275.208333 276.208333 999.999 0.999   3.685 0.000
278.208333 279.208333 999.999 0.456   2.959 0.000
281.208333 282.208333 999.999 0.456   3.741 0.000
284.208333 285.208333 999.999 0.456   3.546 0.000
287.208333 288.208333  13.760 0.000  19.064 0.000
290.208333 291.208333  16.418 0.000   6.772 0.000
293.208333 294.208333   5.375 0.000   2.347 0.000
296.208333 297.208333   7.369 0.000   3.064 0.000
299.208333 300.208333   8.371 0.000   3.712 0.000
302.208333 303.208333   8.391 0.000   5.533 0.000
305.208333 306.208333   7.042 0.000   4.554 0.000
308.208333 309.208333   6.522 0.000   2.840 0.000
311.208333 312.208333   8.174 0.000   4.130 0.000
314.208333 315.208333   7.245 0.000   5.272 0.000
317.208333 318.208333  11.057 0.000   4.867 0.000
320.208333 321.208333  15.983 0.000   4.954 0.000
323.208333 324.208333  10.817 0.000   5.232 0.000
326.208333 327.208333   6.730 0.000   4.607 0.000
329.208333 330.208333  18.714 0.000   7.970 0.000
332.208333 333.208333   7.282 0.000   2.528 0.000
335.208333 336.208333   5.725 0.000   3.155 0.000
338.208333 339.208333  19.470 0.000   8.593 0.000
341.208333 342.208333  12.961 0.000   9.644 0.000
344.208333 345.208333  11.555 0.000   8.717 0.000
347.208333 348.208333   8.359 0.000   4.970 0.000
350.208333 351.208333   9.885 0.000   5.436 0.000
353.208333 354.208333   7.496 0.000   4.383 0.000
356.208333 357.208333  10.930 0.000   6.374 0.000
359.208333 360.208333   9.010 0.000   4.751 0.000
362.208333 363.208333  12.308 0.000   6.256 0.000
