scripts/IMPROVE-2019_partial/data/US1005R.20040101050000.20191216000000.filterpack..pm25.52w.1w.US03L_filterpack_US1005.US03L_IMPROVE_Davis.lev2.nas
50 1001
MISSING INFORMATION
US03L, IMPROVE, , , , , , , 
MISSING INFORMATION
IMPROVE sel_HTAP
1 1
2004 01 01 2019 12 16
3.000000
days from file reference point
11
1 1 1 1 1 1 1 1 1 1 1
999.999999 9.999 9.999 99.999 9.999 99.999 9.999 999.999 9.999 99.999 9.999
end_time of measurement, days from the file reference point
nitrate, ug N/m3, Revision date=20181210133000
numflag nitrate, no unit, Revision date=20181210133000
organic_carbon, ug C/m3, Revision date=20181210133000
numflag organic_carbon, no unit, Revision date=20181210133000
organic_mass, ug/m3, Revision date=20181210133000
numflag organic_mass, no unit, Revision date=20181210133000
pm10_mass, ug/m3, Version=2, Version description=Data extracted from http://views.cira.colostate.edu/fed/DataWizard 2019-12-16, Sample duration=1d, Orig. time res.=3d, Matrix=pm10, Blank correction=Blank corrected, Volume std. temperature=ambient, Volume std. pressure=ambient
numflag pm10_mass, no unit, Version=2, Version description=Data extracted from http://views.cira.colostate.edu/fed/DataWizard 2019-12-16, Sample duration=1d, Orig. time res.=3d, Matrix=pm10, Blank correction=Blank corrected, Volume std. temperature=ambient, Volume std. pressure=ambient
sulphate_total, ug S/m3, Revision date=20181210133000
numflag sulphate_total, no unit, Revision date=20181210133000
0
25
Data definition:              EBAS_1.1
Set type code:                TU
Timezone:                     UTC
File name:                    US1005R.20040101050000.20191216000000.filterpack..pm25.52w.1w.US03L_filterpack_US1005.US03L_IMPROVE_Davis.lev2.nas
File creation:                20191218120310
Startdate:                    20040101050000
Revision date:                20191216000000
Statistics:                   arithmetic mean
Data level:                   2
Period code:                  52w
Resolution code:              1w
Station code:                 US1005R
Platform code:                US1005S
Station name:                 Chassahowitzka National Wildlife Refuge (FL05)
Station latitude:             28.7486
Station longitude:            -82.5551
Station altitude:             3.0 m
Regime:                       IMG
Component:                    
Matrix:                       pm25
Laboratory code:              US03L
Instrument type:              filterpack
Instrument name:              filterpack_US1005
Method ref:                   US03L_IMPROVE_Davis
starttime endtime NO3- flag_NO3- OC flag_OC OM flag_OM PM10 flag_PM10 SO4-- flag_SO4--
  0.208333   1.208333 0.162 0.559  4.700 0.000  6.580 0.000  18.906 0.000  0.939 0.559
  3.208333   4.208333 0.092 0.559  1.727 0.000  2.418 0.000  11.900 0.000  0.593 0.559
  6.208333   7.208333 0.064 0.559  1.779 0.000  2.491 0.000  12.208 0.000  0.659 0.559
  9.208333  10.208333 0.018 0.559  1.631 0.000  2.284 0.000   9.540 0.000  1.305 0.559
 12.208333  13.208333 0.064 0.559  3.792 0.000  5.308 0.000  16.158 0.000  1.538 0.559
 15.208333  16.208333 0.156 0.559  4.792 0.000  6.709 0.000  18.494 0.000  1.503 0.559
 18.208333  19.208333 0.069 0.559  0.973 0.000  1.362 0.000   7.668 0.000  0.549 0.559
 21.208333  22.208333 0.154 0.559  4.855 0.000  6.797 0.000  15.726 0.000  1.131 0.559
 24.208333  25.208333 0.106 0.559  3.941 0.000  5.518 0.000  13.419 0.000  0.831 0.559
 27.208333  28.208333 0.039 0.559  1.667 0.000  2.333 0.000   8.010 0.000  0.563 0.559
 30.208333  31.208333 0.104 0.559  4.814 0.000  6.740 0.000  13.231 0.000  0.733 0.559
 33.208333  34.208333 0.020 0.559  0.755 0.000  1.057 0.000  20.508 0.000  3.252 0.559
 36.208333  37.208333 0.136 0.559  1.138 0.000  1.593 0.000  14.069 0.000  0.569 0.559
 39.208333  40.208333 0.112 0.559  1.384 0.000  1.937 0.000  15.057 0.000  1.248 0.559
 42.208333  43.208333 0.108 0.559  1.316 0.000  1.843 0.000   9.017 0.000  0.825 0.559
 45.208333  46.208333 0.115 0.559  0.538 0.000  0.754 0.000  17.252 0.000  0.758 0.559
 48.208333  49.208333 0.087 0.000  1.795 0.000  2.513 0.000  14.037 0.000  2.029 0.000
 51.208333  52.208333 0.080 0.559  1.707 0.000  2.390 0.000  16.943 0.000  1.650 0.559
 54.208333  55.208333 0.051 0.559  1.408 0.000  1.971 0.000   6.958 0.000  0.382 0.559
 57.208333  58.208333 0.021 0.559  1.065 0.000  1.491 0.000  10.212 0.000  1.534 0.559
 60.208333  61.208333 0.194 0.559  1.505 0.000  2.107 0.000  16.338 0.000  0.509 0.559
 63.208333  64.208333 0.192 0.559  2.034 0.000  2.847 0.000  16.398 0.000  0.702 0.559
 66.208333  67.208333 0.049 0.559  1.154 0.000  1.615 0.000   9.905 0.000  0.948 0.559
 69.208333  70.208333 0.086 0.559  3.010 0.000  4.214 0.000  11.846 0.000  0.850 0.559
 72.208333  73.208333 0.066 0.559  4.015 0.000  5.621 0.000  20.392 0.000  1.778 0.559
 75.208333  76.208333 0.040 0.559  1.116 0.000  1.563 0.000   6.657 0.000  0.487 0.559
 78.208333  79.208333 0.085 0.559  4.117 0.000  5.764 0.000  15.910 0.000  1.084 0.559
 81.208333  82.208333 0.101 0.559  3.769 0.000  5.277 0.000  18.469 0.000  0.983 0.559
 84.208333  85.208333 0.092 0.559  0.846 0.000  1.185 0.000  11.170 0.000  0.371 0.559
 87.208333  88.208333 0.104 0.559  1.147 0.000  1.605 0.000  11.721 0.000  0.739 0.559
 90.208333  91.208333 0.067 0.559  1.313 0.000  1.838 0.000  11.111 0.000  0.680 0.559
 93.208333  94.208333 0.059 0.559  1.893 0.000  2.650 0.000  12.787 0.000  1.397 0.559
 96.208333  97.208333 0.076 0.559  3.400 0.000  4.760 0.000  16.204 0.000  0.971 0.559
 99.208333 100.208333 0.099 0.559  1.888 0.000  2.644 0.000  14.661 0.000  2.106 0.559
102.208333 103.208333 0.062 0.559  0.908 0.000  1.271 0.000  11.017 0.000  0.311 0.559
105.208333 106.208333 0.034 0.559  1.958 0.000  2.741 0.000  12.456 0.000  0.870 0.559
108.208333 109.208333 0.052 0.559  1.560 0.000  2.183 0.000  10.855 0.000  0.793 0.559
111.208333 112.208333 0.103 0.559  1.469 0.000  2.056 0.000  17.270 0.000  1.092 0.559
114.208333 115.208333 0.093 0.559  1.713 0.000  2.398 0.000  14.180 0.000  1.067 0.559
117.208333 118.208333 0.043 0.559  1.221 0.000  1.709 0.000  12.076 0.000  0.881 0.559
120.208333 121.208333 0.151 0.559  3.935 0.000  5.509 0.000  18.591 0.000  0.843 0.559
123.208333 124.208333 0.038 0.559  0.939 0.000  1.314 0.000   8.217 0.000  0.538 0.559
126.208333 127.208333 0.035 0.559  2.754 0.000  3.856 0.000  16.943 0.000  1.736 0.559
129.208333 130.208333 0.035 0.559  1.195 0.000  1.673 0.000  12.471 0.000  1.521 0.559
132.208333 133.208333 0.151 0.559  1.321 0.000  1.849 0.000  21.960 0.000  1.691 0.559
135.208333 136.208333 0.134 0.559  0.994 0.000  1.392 0.000  13.016 0.000  0.557 0.559
138.208333 139.208333 0.114 0.559  1.312 0.000  1.837 0.000  17.135 0.000  1.309 0.559
141.208333 142.208333 0.058 0.559  0.988 0.000  1.384 0.000  14.291 0.000  1.720 0.559
144.208333 145.208333 0.062 0.559  1.297 0.000  1.816 0.000  15.842 0.000  1.507 0.559
147.208333 148.208333 0.044 0.559  1.020 0.000  1.427 0.000  14.431 0.000  1.701 0.559
150.208333 151.208333 0.050 0.559  1.247 0.000  1.746 0.000  10.417 0.000  0.982 0.559
153.208333 154.208333 0.046 0.559  1.279 0.000  1.790 0.000  14.907 0.000  1.197 0.559
156.208333 157.208333 0.033 0.559  1.555 0.000  2.177 0.000  12.732 0.000  0.955 0.559
159.208333 160.208333 0.038 0.559  1.169 0.000  1.637 0.000   8.607 0.000  0.584 0.559
162.208333 163.208333 0.063 0.559  0.700 0.000  0.981 0.000   7.844 0.000  0.371 0.559
165.208333 166.208333 0.044 0.559  1.979 0.000  2.771 0.000  12.406 0.000  0.569 0.559
168.208333 169.208333 0.086 0.559  1.052 0.000  1.473 0.000  10.902 0.000  0.471 0.559
171.208333 172.208333 0.038 0.559  1.472 0.000  2.060 0.000  14.543 0.000  1.651 0.559
174.208333 175.208333 0.085 0.559  1.329 0.000  1.861 0.000  43.697 0.000  0.844 0.559
177.208333 178.208333 0.095 0.559  1.344 0.000  1.882 0.000  22.243 0.000  0.897 0.559
180.208333 181.208333 0.043 0.559  1.708 0.000  2.392 0.000  13.604 0.000  0.567 0.559
183.208333 184.208333 0.035 0.559  2.909 0.000  4.072 0.000  16.484 0.000  1.301 0.559
186.208333 187.208333 0.052 0.559  1.994 0.000  2.792 0.000  16.288 0.000  1.588 0.559
189.208333 190.208333 0.043 0.559  1.472 0.000  2.060 0.000  11.962 0.000  0.485 0.559
192.208333 193.208333 0.047 0.559  2.426 0.000  3.397 0.000  27.410 0.000  1.223 0.559
195.208333 196.208333 0.025 0.559  2.057 0.000  2.880 0.000  16.798 0.000  1.331 0.559
198.208333 199.208333 0.051 0.559  0.856 0.000  1.198 0.000  11.538 0.000  0.409 0.559
201.208333 202.208333 0.033 0.559  2.169 0.000  3.037 0.000  17.621 0.000  0.551 0.559
204.208333 205.208333 0.014 0.559  5.523 0.000  7.733 0.000  36.431 0.000  4.030 0.559
207.208333 208.208333 0.030 0.559  2.346 0.000  3.285 0.000 999.999 0.456  1.724 0.559
210.208333 211.208333 0.055 0.559  2.324 0.000  3.253 0.000  14.907 0.000  0.554 0.559
213.208333 214.208333 0.032 0.559  1.468 0.000  2.055 0.000   6.835 0.000  0.433 0.559
216.208333 217.208333 0.030 0.559  1.228 0.000  1.719 0.000  10.871 0.000  0.449 0.559
219.208333 220.208333 0.053 0.559  2.297 0.000  3.216 0.000  17.452 0.000  1.430 0.559
222.208333 223.208333 0.050 0.559  1.820 0.000  2.548 0.000  17.010 0.000  1.320 0.559
225.208333 226.208333 0.058 0.559  1.611 0.000  2.256 0.000  16.886 0.000  0.331 0.559
228.208333 229.208333 0.040 0.559  2.893 0.000  4.050 0.000  16.927 0.000  0.944 0.559
231.208333 232.208333 0.025 0.559  1.599 0.000  2.238 0.000  12.907 0.000  1.618 0.559
234.208333 235.208333 0.053 0.559  1.188 0.000  1.663 0.000  12.216 0.000  0.712 0.559
237.208333 238.208333 0.030 0.559  1.713 0.000  2.398 0.000  14.620 0.000  1.566 0.559
240.208333 241.208333 0.028 0.559  1.726 0.000  2.416 0.000  12.944 0.000  1.312 0.559
243.208333 244.208333 0.034 0.559  1.241 0.000  1.738 0.000  11.318 0.000  0.953 0.559
246.208333 247.208333 0.059 0.559  0.904 0.000  1.266 0.000   9.715 0.000  0.372 0.559
249.208333 250.208333 9.999 0.999 99.999 0.999 99.999 0.999 999.999 0.999 99.999 0.999
252.208333 253.208333 0.034 0.559  1.354 0.000  1.895 0.000   7.776 0.000  0.572 0.559
255.208333 256.208333 0.043 0.559  1.444 0.000  2.022 0.000   7.817 0.000  0.273 0.559
258.208333 259.208333 0.099 0.559  1.098 0.000  1.537 0.000  12.325 0.000  0.733 0.559
261.208333 262.208333 0.023 0.559  1.871 0.000  2.619 0.000  14.871 0.000  1.759 0.559
264.208333 265.208333 0.084 0.559  0.748 0.000  1.048 0.000  14.599 0.000  0.256 0.559
267.208333 268.208333 0.084 0.559  2.642 0.000  3.699 0.000  25.390 0.000  3.013 0.559
270.208333 271.208333 0.086 0.559  1.323 0.000  1.852 0.000  19.423 0.000  1.012 0.559
273.208333 274.208333 0.026 0.559  1.410 0.000  1.974 0.000  17.888 0.000  2.833 0.559
276.208333 277.208333 0.043 0.559  1.551 0.000  2.171 0.000   8.617 0.000  0.554 0.559
279.208333 280.208333 0.044 0.559  2.180 0.000  3.052 0.000  20.468 0.000  2.996 0.559
282.208333 283.208333 0.094 0.559  1.460 0.000  2.044 0.000  10.944 0.000  0.425 0.559
285.208333 286.208333 0.088 0.559  1.474 0.000  2.064 0.000  11.735 0.000  0.699 0.559
288.208333 289.208333 0.036 0.559  1.230 0.000  1.722 0.000  10.161 0.000  0.677 0.559
291.208333 292.208333 0.068 0.559  2.653 0.000  3.714 0.000  15.065 0.000  1.166 0.559
294.208333 295.208333 0.038 0.559  1.970 0.000  2.757 0.000  12.537 0.000  1.039 0.559
297.208333 298.208333 0.077 0.559  1.360 0.000  1.903 0.000  13.668 0.000  1.433 0.559
300.208333 301.208333 0.042 0.559  1.816 0.000  2.543 0.000  19.400 0.000  2.809 0.559
303.208333 304.208333 0.040 0.559  2.419 0.000  3.386 0.000  23.773 0.000  4.039 0.559
306.208333 307.208333 9.999 0.999 99.999 0.999 99.999 0.999 999.999 0.999 99.999 0.999
309.208333 310.208333 0.040 0.559  1.507 0.000  2.110 0.000   9.590 0.000  0.641 0.559
312.208333 313.208333 0.041 0.559  3.017 0.000  4.224 0.000  13.630 0.000  1.065 0.559
315.208333 316.208333 0.106 0.559  1.252 0.000  1.753 0.000  10.819 0.000  0.485 0.559
318.208333 319.208333 0.149 0.559  0.987 0.000  1.382 0.000  14.364 0.000  0.959 0.559
321.208333 322.208333 0.082 0.000  2.153 0.000  3.014 0.000  11.923 0.000  0.604 0.000
324.208333 325.208333 0.067 0.000  2.053 0.000  2.874 0.000  12.350 0.000  0.766 0.000
327.208333 328.208333 0.087 0.000  2.307 0.000  3.230 0.000  12.516 0.000  0.801 0.000
330.208333 331.208333 0.048 0.000  2.455 0.000  3.437 0.000  11.128 0.000  0.379 0.000
333.208333 334.208333 0.092 0.000  2.385 0.000  3.339 0.000  13.242 0.000  0.688 0.000
336.208333 337.208333 0.044 0.000  1.328 0.000  1.859 0.000   8.660 0.000  0.612 0.000
339.208333 340.208333 0.137 0.000  6.032 0.000  8.445 0.000  16.667 0.000  0.644 0.000
342.208333 343.208333 0.115 0.000  1.165 0.000  1.631 0.000  10.022 0.000  0.648 0.000
345.208333 346.208333 0.072 0.000  0.773 0.000  1.082 0.000   2.911 0.000  0.357 0.000
348.208333 349.208333 0.066 0.000  2.008 0.000  2.812 0.000   9.113 0.000  0.451 0.000
351.208333 352.208333 0.203 0.000  1.779 0.000  2.491 0.000  12.969 0.000  0.841 0.000
354.208333 355.208333 0.076 0.000  1.895 0.000  2.653 0.000  10.396 0.000  0.316 0.000
357.208333 358.208333 0.145 0.000  0.726 0.000  1.016 0.000  13.390 0.000  0.541 0.000
360.208333 361.208333 0.033 0.000  1.039 0.000  1.454 0.000   4.685 0.000  0.318 0.000
363.208333 364.208333 9.999 0.999 99.999 0.999 99.999 0.999 999.999 0.999 99.999 0.999
