scripts/IMPROVE-2019_partial/data/US1011R.19970101050000.20191216000000.filterpack.pm25_mass.pm25.1y.3d.US03L_filterpack_US1011.US03L_IMPROVE_Davis.lev2.nas
50 1001
MISSING INFORMATION
US03L, IMPROVE, , , , , , , 
MISSING INFORMATION
IMPROVE sel_HTAP
1 1
1997 01 01 2019 12 16
0
days from file reference point
3
1 1 1
999.999999 999.999 9.999
end_time of measurement, days from the file reference point
pm25_mass, ug/m3
numflag pm25_mass, no unit
0
33
Data definition:              EBAS_1.1
Set type code:                TI
Timezone:                     UTC
File name:                    US1011R.19970101050000.20191216000000.filterpack.pm25_mass.pm25.1y.3d.US03L_filterpack_US1011.US03L_IMPROVE_Davis.lev2.nas
File creation:                20191218120318
Startdate:                    19970101050000
Revision date:                20191216000000
Version:                      2
Version description:          "Data extracted from http://views.cira.colostate.edu/fed/DataWizard 2019-12-16"
Statistics:                   arithmetic mean
Data level:                   2
Period code:                  1y
Resolution code:              3d
Sample duration:              1d
Orig. time res.:              3d
Station code:                 US1011R
Platform code:                US1011S
Station name:                 Everglades National Park-Research Center (FL11)
Station latitude:             25.39
Station longitude:            -80.68
Station altitude:             2.0 m
Regime:                       IMG
Component:                    pm25_mass
Unit:                         ug/m3
Matrix:                       pm25
Laboratory code:              US03L
Instrument type:              filterpack
Instrument name:              filterpack_US1011
Method ref:                   US03L_IMPROVE_Davis
Blank correction:             Blank corrected
Volume std. temperature:      ambient
Volume std. pressure:         ambient
starttime endtime PM2.5 flag_PM2.5
  0.208333   1.208333   6.981 0.000
  3.208333   4.208333   9.829 0.000
  7.208333   8.208333   6.664 0.000
 10.208333  11.208333   6.271 0.000
 14.208333  15.208333   6.377 0.000
 17.208333  18.208333  14.096 0.000
 21.208333  22.208333   8.544 0.000
 24.208333  25.208333   5.569 0.000
 28.208333  29.208333 999.999 0.999
 31.208333  32.208333  17.599 0.000
 35.208333  36.208333 999.999 0.999
 38.208333  39.208333   5.035 0.000
 42.208333  43.208333  11.264 0.000
 45.208333  46.208333  14.608 0.000
 49.208333  50.208333  11.497 0.000
 52.208333  53.208333   7.786 0.000
 56.208333  57.208333   7.231 0.000
 59.208333  60.208333   7.642 0.000
 63.208333  64.208333   7.184 0.000
 66.208333  67.208333   8.794 0.000
 70.208333  71.208333   8.037 0.000
 73.208333  74.208333   8.390 0.000
 77.208333  78.208333   6.876 0.000
 80.208333  81.208333   7.817 0.000
 84.208333  85.208333 999.999 0.999
 87.208333  88.208333  11.007 0.000
 91.208333  92.208333 999.999 0.999
 94.208333  95.208333   6.491 0.000
 98.208333  99.208333  11.504 0.000
101.208333 102.208333  14.622 0.000
105.208333 106.208333   6.310 0.000
108.208333 109.208333   9.772 0.000
112.208333 113.208333  15.006 0.000
115.208333 116.208333  12.457 0.000
119.208333 120.208333  11.976 0.000
122.208333 123.208333  11.061 0.000
126.208333 127.208333  11.550 0.000
129.208333 130.208333  19.867 0.000
133.208333 134.208333   9.666 0.000
136.208333 137.208333  11.574 0.000
140.208333 141.208333 999.999 0.999
143.208333 144.208333  12.847 0.000
147.208333 148.208333 999.999 0.999
150.208333 151.208333  10.267 0.000
154.208333 155.208333   9.323 0.000
157.208333 158.208333  13.706 0.000
161.208333 162.208333   5.556 0.000
164.208333 165.208333  33.578 0.000
168.208333 169.208333  20.026 0.000
171.208333 172.208333  34.319 0.000
175.208333 176.208333  19.830 0.000
178.208333 179.208333   6.790 0.000
182.208333 183.208333   8.432 0.000
185.208333 186.208333  19.806 0.000
189.208333 190.208333   6.557 0.000
192.208333 193.208333   6.054 0.000
196.208333 197.208333  11.513 0.000
199.208333 200.208333  11.547 0.000
203.208333 204.208333 999.999 0.999
206.208333 207.208333  15.879 0.000
210.208333 211.208333   9.897 0.000
213.208333 214.208333  12.658 0.000
217.208333 218.208333  23.672 0.000
220.208333 221.208333  16.743 0.000
224.208333 225.208333  10.529 0.000
227.208333 228.208333  10.750 0.000
231.208333 232.208333   8.483 0.000
234.208333 235.208333  12.311 0.000
238.208333 239.208333 999.999 0.999
241.208333 242.208333  12.417 0.000
245.208333 246.208333 999.999 0.999
248.208333 249.208333   8.071 0.000
252.208333 253.208333   8.588 0.000
255.208333 256.208333  12.535 0.000
259.208333 260.208333  11.209 0.000
262.208333 263.208333  10.523 0.000
266.208333 267.208333   7.839 0.000
269.208333 270.208333  10.002 0.000
273.208333 274.208333  11.761 0.000
276.208333 277.208333  19.639 0.000
280.208333 281.208333 999.999 0.999
283.208333 284.208333  13.285 0.000
287.208333 288.208333 999.999 0.999
290.208333 291.208333   4.003 0.000
294.208333 295.208333   7.827 0.000
297.208333 298.208333   7.993 0.000
301.208333 302.208333 999.999 0.999
304.208333 305.208333   9.730 0.000
308.208333 309.208333  10.108 0.000
311.208333 312.208333  14.972 0.000
315.208333 316.208333  15.256 0.000
318.208333 319.208333   9.208 0.000
322.208333 323.208333  11.300 0.000
325.208333 326.208333   6.944 0.000
329.208333 330.208333   9.501 0.000
332.208333 333.208333   6.287 0.000
336.208333 337.208333   6.474 0.000
339.208333 340.208333   8.358 0.000
343.208333 344.208333  14.369 0.000
346.208333 347.208333   6.169 0.000
350.208333 351.208333   7.602 0.000
353.208333 354.208333  10.634 0.000
357.208333 358.208333  13.680 0.000
360.208333 361.208333  10.256 0.000
364.208333 365.208333   7.293 0.000
