scripts/IMPROVE-2019_partial/data/US1109R.20050101050000.20191216000000.filterpack..pm25.52w.1w.US03L_filterpack_US1109.US03L_IMPROVE_Davis.lev2.nas
64 1001
MISSING INFORMATION
US03L, IMPROVE, , , , , , , 
MISSING INFORMATION
IMPROVE sel_HTAP
1 1
2005 01 01 2019 12 16
3.000000
days from file reference point
25
1 1 1 1 1 1 1 1 1 1 1 1 1 1 1 1 1 1 1 1 1 1 1 1 1
999.999999 9999.99 9.999 99.99 9.999 9.999 9.999999 99.99 9.999 9.999 9.999 99.999 9.999 999.999 9.999 999.999 9.999 999.999 9.999 999.999 9.999 9.999 9.999 99.999 9.999
end_time of measurement, days from the file reference point
iron, ng/m3, Revision date=20181210133000
numflag iron, no unit, Revision date=20181210133000
lead, ng/m3, Revision date=20181210133000
numflag lead, no unit, Revision date=20181210133000
magnesium, ug/m3, Revision date=20181210133000
numflag magnesium, no unit, Revision date=20181210133000
nickel, ng/m3, Revision date=20181210133000
numflag nickel, no unit, Revision date=20181210133000
nitrate, ug N/m3, Revision date=20181210133000
numflag nitrate, no unit, Revision date=20181210133000
organic_carbon, ug C/m3, Revision date=20181210133000
numflag organic_carbon, no unit, Revision date=20181210133000
organic_mass, ug/m3, Revision date=20181210133000
numflag organic_mass, no unit, Revision date=20181210133000
pm10_mass, ug/m3, Version=2, Version description=Data extracted from http://views.cira.colostate.edu/fed/DataWizard 2019-12-16, Sample duration=1d, Orig. time res.=3d, Matrix=pm10, Blank correction=Blank corrected, Volume std. temperature=ambient, Volume std. pressure=ambient
numflag pm10_mass, no unit, Version=2, Version description=Data extracted from http://views.cira.colostate.edu/fed/DataWizard 2019-12-16, Sample duration=1d, Orig. time res.=3d, Matrix=pm10, Blank correction=Blank corrected, Volume std. temperature=ambient, Volume std. pressure=ambient
pm10_pm25_mass, ug/m3, Revision date=20181210133000, Matrix=pm10_pm25
numflag pm10_pm25_mass, no unit, Revision date=20181210133000, Matrix=pm10_pm25
pm25_mass, ug/m3, Version=2, Version description=Data extracted from http://views.cira.colostate.edu/fed/DataWizard 2019-12-16, Sample duration=1d, Orig. time res.=3d, Blank correction=Blank corrected, Volume std. temperature=ambient, Volume std. pressure=ambient
numflag pm25_mass, no unit, Version=2, Version description=Data extracted from http://views.cira.colostate.edu/fed/DataWizard 2019-12-16, Sample duration=1d, Orig. time res.=3d, Blank correction=Blank corrected, Volume std. temperature=ambient, Volume std. pressure=ambient
potassium, ug/m3, Revision date=20181210133000
numflag potassium, no unit, Revision date=20181210133000
sulphate_total, ug S/m3, Revision date=20181210133000
numflag sulphate_total, no unit, Revision date=20181210133000
0
25
Data definition:              EBAS_1.1
Set type code:                TU
Timezone:                     UTC
File name:                    US1109R.20050101050000.20191216000000.filterpack..pm25.52w.1w.US03L_filterpack_US1109.US03L_IMPROVE_Davis.lev2.nas
File creation:                20191218120323
Startdate:                    20050101050000
Revision date:                20191216000000
Statistics:                   arithmetic mean
Data level:                   2
Period code:                  52w
Resolution code:              1w
Station code:                 US1109R
Platform code:                US1109S
Station name:                 Okefenokee National Wildlife Refuge (GA09)
Station latitude:             30.7403
Station longitude:            -82.1286
Station altitude:             47.0 m
Regime:                       IMG
Component:                    
Matrix:                       pm25
Laboratory code:              US03L
Instrument type:              filterpack
Instrument name:              filterpack_US1109
Method ref:                   US03L_IMPROVE_Davis
starttime endtime Fe flag_Fe Pb flag_Pb Mg++ flag_Mg++ Ni flag_Ni NO3- flag_NO3- OC flag_OC OM flag_OM PM10 flag_PM10 PM10-PM2.5 flag_PM10-PM2.5 PM2.5 flag_PM2.5 K+ flag_K+ SO4-- flag_SO4--
  0.208333   1.208333   11.25 0.000  1.39 0.000 0.009 0.000000  0.82 0.000 0.076 0.559  1.763 0.000   3.173 0.000   9.213 0.000   2.870 0.000   6.341 0.000 0.085 0.000  0.772 0.559
  3.208333   4.208333    7.71 0.000  0.57 0.000 9.999 0.259000  0.58 0.000 0.043 0.559  1.250 0.000   2.250 0.000   8.496 0.000   2.622 0.000   5.905 0.000 0.041 0.000  0.913 0.559
  6.208333   7.208333   10.56 0.000  1.32 0.000 9.999 0.259000  0.78 0.000 0.151 0.559  9.762 0.000  17.572 0.000  22.296 0.000   6.643 0.000  15.650 0.000 0.051 0.000  0.608 0.559
  9.208333  10.208333    5.87 0.000  0.55 0.000 9.999 0.259000  0.47 0.000 0.047 0.559  2.534 0.000   4.560 0.000   8.604 0.000   3.268 0.000   5.335 0.000 0.032 0.000  0.617 0.559
 12.208333  13.208333   18.63 0.000  1.13 0.000 0.029 0.000000  0.69 0.000 0.185 0.559  2.362 0.000   4.251 0.000  14.875 0.000   8.297 0.000   6.576 0.000 0.064 0.000  0.415 0.559
 15.208333  16.208333   15.11 0.000  1.43 0.000 9.999 0.259000  0.24 0.000 0.056 0.559  0.850 0.000   1.531 0.000   5.843 0.000   1.755 0.000   4.087 0.000 0.028 0.000  0.521 0.559
 18.208333  19.208333   16.16 0.000  2.17 0.000 9.999 0.259000  0.40 0.000 0.093 0.559  2.140 0.000   3.851 0.000   9.270 0.000   2.771 0.000   6.495 0.000 0.064 0.000  0.456 0.559
 21.208333  22.208333   16.09 0.000  1.43 0.000 9.999 0.259000  0.58 0.000 0.179 0.559  3.736 0.000   6.725 0.000  16.868 0.000   3.093 0.000  13.770 0.000 0.089 0.000  1.601 0.559
 24.208333  25.208333   18.48 0.000  1.35 0.000 0.006 0.000000  0.51 0.000 0.094 0.559  3.212 0.000   5.781 0.000  12.476 0.000   3.803 0.000   8.745 0.000 0.083 0.000  0.518 0.559
 27.208333  28.208333   15.91 0.000  1.52 0.000 0.033 0.000000  1.49 0.000 0.271 0.559  1.262 0.559   2.272 0.559  20.312 0.000  12.669 0.000   7.643 0.000 0.059 0.000  1.008 0.559
 30.208333  31.208333    6.71 0.000  1.28 0.000 9.999 0.259000  0.54 0.000 0.061 0.559  1.525 0.000   2.746 0.000  10.597 0.000   1.272 0.000   9.322 0.000 0.033 0.000  1.521 0.559
 33.208333  34.208333    9.82 0.000  0.93 0.000 9.999 0.259000  1.00 0.000 0.144 0.559  1.494 0.000   2.689 0.000   9.561 0.000   3.530 0.000   6.029 0.000 0.034 0.000  0.906 0.559
 36.208333  37.208333   17.62 0.000  2.03 0.000 9.999 0.259000  1.26 0.000 0.181 0.559  0.873 0.000   1.571 0.000  14.781 0.000   7.300 0.000   7.478 0.000 0.057 0.000  0.894 0.559
 39.208333  40.208333   15.69 0.000  1.26 0.000 0.021 0.000000  0.67 0.000 0.221 0.559  3.401 0.000   6.123 0.000  18.771 0.000   8.993 0.000   9.774 0.000 0.105 0.000  0.683 0.559
 42.208333  43.208333   27.23 0.000  1.47 0.000 9.999 0.259000 99.99 0.259 0.079 0.559  2.305 0.000   4.148 0.000  11.082 0.000   4.468 0.000   6.612 0.000 0.055 0.000  0.388 0.559
 45.208333  46.208333   11.19 0.000  0.87 0.000 0.008 0.000000  0.73 0.000 0.057 0.559  1.371 0.000   2.467 0.000   9.678 0.000   2.996 0.000   6.718 0.000 0.068 0.000  1.073 0.559
 48.208333  49.208333   22.10 0.000  1.35 0.000 9.999 0.259000  0.24 0.000 0.092 0.559  1.829 0.000   3.292 0.000   8.401 0.000   2.957 0.000   5.443 0.000 0.052 0.000  0.337 0.559
 51.208333  52.208333   15.17 0.000  1.29 0.000 0.015 0.000000  0.48 0.000 0.116 0.559  1.312 0.000   2.362 0.000  16.454 0.000   9.057 0.000   7.491 0.000 0.046 0.000  1.084 0.559
 54.208333  55.208333   12.05 0.000  0.57 0.000 9.999 0.259000  0.46 0.000 0.087 0.559  1.206 0.000   2.172 0.000   9.543 0.000   3.377 0.000   6.165 0.000 0.079 0.000  0.941 0.559
 57.208333  58.208333    6.22 0.000  0.75 0.000 9.999 0.259000  0.49 0.000 0.036 0.559  0.366 0.000   0.659 0.000   4.734 0.000   1.275 0.000   3.458 0.000 0.017 0.000  0.730 0.559
 60.208333  61.208333   16.59 0.000  1.78 0.000 9.999 0.259000 99.99 0.259 0.053 0.559  1.684 0.000   3.031 0.000   7.619 0.000   1.251 0.000   6.366 0.000 0.035 0.000  0.729 0.559
 63.208333  64.208333   19.80 0.000  1.65 0.000 9.999 0.259000  0.15 0.000 0.040 0.559  2.719 0.000   4.893 0.000  10.530 0.000   2.605 0.000   7.921 0.000 0.059 0.000  0.616 0.559
 66.208333  67.208333   15.11 0.000  0.95 0.000 9.999 0.259000  0.28 0.000 0.024 0.559  0.723 0.000   1.302 0.000   6.140 0.000   1.906 0.000   4.120 0.000 0.022 0.000  0.543 0.559
 69.208333  70.208333   19.65 0.000  1.53 0.000 9.999 0.259000 99.99 0.259 0.064 0.559  2.851 0.000   5.132 0.000  13.326 0.000   4.429 0.000   8.894 0.000 0.066 0.000  0.707 0.559
 72.208333  73.208333   12.05 0.000  0.95 0.000 9.999 0.259000  0.50 0.000 0.088 0.559  1.062 0.000   1.911 0.000  12.613 0.000   5.364 0.000   7.247 0.000 0.060 0.000  1.138 0.559
 75.208333  76.208333    2.02 0.000  0.85 0.000 0.012 0.000000  0.20 0.000 0.008 0.000  0.472 0.000   0.849 0.000   3.593 0.000   0.463 0.000   3.130 0.000 0.014 0.000  0.654 0.000
 78.208333  79.208333   24.75 0.000  1.93 0.000 9.999 0.259000  0.22 0.000 0.028 0.000  1.560 0.000   2.807 0.000 999.999 0.456   2.519 0.000   8.227 0.000 0.047 0.000  1.294 0.000
 81.208333  82.208333   10.86 0.000  1.34 0.000 9.999 0.259000  0.45 0.000 0.084 0.000  0.943 0.000   1.696 0.000  10.553 0.000   6.263 0.000   4.288 0.000 0.054 0.000  0.634 0.000
 84.208333  85.208333   11.75 0.000  0.94 0.000 9.999 0.259000  0.51 0.000 0.045 0.000  1.226 0.000   2.208 0.000   8.057 0.000   2.663 0.000   5.394 0.000 0.056 0.000  0.916 0.000
 87.208333  88.208333   18.44 0.000  2.14 0.000 9.999 0.259000 99.99 0.259 0.042 0.000  1.058 0.000   1.904 0.000   7.732 0.000   2.489 0.000   5.272 0.000 0.035 0.000  0.783 0.000
 90.208333  91.208333   10.85 0.000  0.84 0.000 9.999 0.259000  0.58 0.000 0.034 0.000  1.552 0.000   2.793 0.000  10.061 0.000   2.889 0.000   7.170 0.000 0.053 0.000  0.829 0.000
 93.208333  94.208333   16.82 0.000  1.57 0.000 9.999 0.259000  0.15 0.000 0.026 0.000  2.238 0.000   4.028 0.000   7.626 0.000   1.898 0.000   5.725 0.000 0.039 0.000  0.691 0.000
 96.208333  97.208333   14.48 0.000  0.96 0.000 9.999 0.259000  0.76 0.000 0.075 0.000  0.719 0.000   1.294 0.000   9.209 0.000   5.008 0.000   4.200 0.000 0.031 0.000  0.627 0.000
 99.208333 100.208333   27.09 0.000  1.89 0.000 9.999 0.259000  0.43 0.000 0.067 0.000  0.877 0.000   1.579 0.000   9.744 0.000   3.626 0.000   6.117 0.000 0.033 0.000  1.005 0.000
102.208333 103.208333   22.36 0.000  1.35 0.000 9.999 0.259000 99.99 0.259 0.062 0.000  1.234 0.000   2.220 0.000   9.893 0.000   4.081 0.000   5.811 0.000 0.045 0.000  0.741 0.000
105.208333 106.208333   30.86 0.000  1.56 0.000 9.999 0.259000  0.27 0.000 0.091 0.000  1.835 0.000   3.302 0.000  11.853 0.000   6.154 0.000   5.698 0.000 0.050 0.000  0.471 0.000
108.208333 109.208333   58.65 0.000  2.99 0.000 0.012 0.000000  0.28 0.000 0.126 0.000  1.465 0.000   2.636 0.000  13.813 0.000   7.053 0.000   6.836 0.000 0.057 0.000  0.909 0.000
111.208333 112.208333   57.10 0.000  1.68 0.000 0.010 0.000000  0.97 0.000 0.088 0.000  1.801 0.000   3.241 0.000  16.228 0.000   6.854 0.000   9.372 0.000 0.070 0.000  1.305 0.000
114.208333 115.208333   26.03 0.000  1.74 0.000 9.999 0.259000 99.99 0.259 0.021 0.000  1.185 0.000   2.133 0.000  10.587 0.000   5.661 0.000   4.924 0.000 0.033 0.000  0.498 0.000
117.208333 118.208333   31.65 0.000  1.74 0.000 9.999 0.259000  0.62 0.000 0.031 0.000  1.209 0.000   2.176 0.000  10.700 0.000   4.432 0.000   6.265 0.000 0.043 0.000  0.850 0.000
120.208333 121.208333   10.51 0.000  0.64 0.000 9.999 0.259000 99.99 0.259 0.021 0.000  1.230 0.000   2.215 0.000   7.205 0.000   2.981 0.000   4.223 0.000 0.025 0.000  0.700 0.000
123.208333 124.208333   27.99 0.000  1.85 0.000 9.999 0.259000  0.61 0.000 0.078 0.000  2.357 0.000   4.244 0.000  15.720 0.000   2.982 0.000  12.735 0.000 0.044 0.000  1.965 0.000
126.208333 127.208333   18.19 0.000  1.42 0.000 9.999 0.259000  0.48 0.000 0.043 0.000  1.661 0.000   2.989 0.000  12.665 0.000   2.607 0.000  10.054 0.000 0.029 0.000  1.754 0.000
129.208333 130.208333   20.15 0.000  1.58 0.000 9.999 0.259000  0.51 0.000 0.073 0.000  2.610 0.000   4.698 0.000  14.095 0.000   4.392 0.000   9.787 0.000 0.089 0.000  1.255 0.000
132.208333 133.208333   20.95 0.000  1.41 0.000 9.999 0.259000  1.59 0.000 0.046 0.000  1.304 0.000   2.348 0.000  14.289 0.000   3.589 0.000  10.698 0.000 0.043 0.000  2.081 0.000
135.208333 136.208333   22.47 0.000  1.42 0.000 9.999 0.259000  0.70 0.000 0.085 0.000  1.689 0.000   3.040 0.000  12.567 0.000   4.077 0.000   8.488 0.000 0.038 0.000  1.336 0.000
138.208333 139.208333   20.94 0.000  1.18 0.000 9.999 0.259000  0.59 0.000 0.054 0.000  1.178 0.000   2.120 0.000  13.426 0.000   6.388 0.000   7.035 0.000 0.042 0.000  1.354 0.000
141.208333 142.208333   13.52 0.000  1.03 0.000 9.999 0.259000  0.60 0.000 0.036 0.000  0.852 0.000   1.533 0.000   9.146 0.000   2.638 0.000   6.506 0.000 0.020 0.000  1.279 0.000
144.208333 145.208333   23.92 0.000  1.13 0.000 9.999 0.259000  0.13 0.000 0.031 0.000  3.735 0.000   6.724 0.000  15.616 0.000   4.081 0.000  11.533 0.000 0.029 0.000  1.402 0.000
147.208333 148.208333   22.21 0.000  1.59 0.000 9.999 0.259000  0.28 0.000 0.054 0.000  7.622 0.000  13.720 0.000  25.618 0.000   4.754 0.000  20.857 0.000 0.061 0.000  2.438 0.000
150.208333 151.208333   13.24 0.000  1.39 0.000 9.999 0.259000  2.05 0.000 0.053 0.000  2.442 0.000   4.396 0.000  13.573 0.000   4.547 0.000   9.078 0.000 0.074 0.000  1.398 0.000
153.208333 154.208333  163.14 0.000  0.76 0.000 9.999 0.259000  0.14 0.000 0.095 0.000  1.281 0.000   2.305 0.000  12.732 0.000   7.204 0.000   5.527 0.000 0.075 0.000  0.311 0.000
156.208333 157.208333   98.57 0.000  0.67 0.000 9.999 0.259000  0.66 0.000 0.072 0.000  1.515 0.000   2.727 0.000  13.029 0.000   5.644 0.000   7.383 0.000 0.051 0.000  0.897 0.000
159.208333 160.208333  126.70 0.000  0.64 0.000 9.999 0.259000  1.33 0.000 0.091 0.000  1.297 0.000   2.334 0.000  16.513 0.000   9.722 0.000   6.790 0.000 0.060 0.000  0.921 0.000
162.208333 163.208333   25.47 0.000  0.60 0.000 9.999 0.259000  0.72 0.000 0.073 0.000  0.820 0.000   1.476 0.000   9.875 0.000   5.114 0.000   4.760 0.000 0.026 0.000  0.883 0.000
165.208333 166.208333   19.94 0.000  0.78 0.000 9.999 0.259000  0.28 0.000 0.023 0.000  2.988 0.000   5.379 0.000  16.838 0.000   5.398 0.000  11.436 0.000 0.034 0.000  1.599 0.000
168.208333 169.208333   21.82 0.000  1.22 0.000 9.999 0.259000 99.99 0.259 0.021 0.000  3.824 0.000   6.884 0.000  17.288 0.000   4.224 0.000  13.061 0.000 0.058 0.000  1.419 0.000
171.208333 172.208333    9.86 0.000  0.66 0.000 0.022 0.000000  0.34 0.000 0.110 0.000  1.361 0.000   2.449 0.000  13.761 0.000   6.249 0.000   7.578 0.000 0.067 0.000  1.278 0.000
174.208333 175.208333   15.64 0.000  1.06 0.000 9.999 0.259000  0.47 0.000 0.054 0.000  1.694 0.000   3.050 0.000  19.513 0.000   3.161 0.000  16.348 0.000 0.068 0.000  3.306 0.000
177.208333 178.208333   24.94 0.456  1.02 0.456 9.999 0.456259  3.60 0.456 0.077 0.000  1.190 0.000   2.141 0.000  10.859 0.000 999.999 0.456 999.999 0.456 0.021 0.456  0.785 0.000
180.208333 181.208333   21.56 0.000  0.54 0.000 9.999 0.259000  0.13 0.000 0.016 0.000  0.941 0.000   1.693 0.000   8.343 0.000   5.359 0.000   2.983 0.000 0.017 0.000  0.345 0.000
183.208333 184.208333   37.30 0.000  0.71 0.000 9.999 0.259000  0.14 0.000 0.031 0.000  1.264 0.000   2.275 0.000  14.047 0.000   6.992 0.000   7.054 0.000 0.035 0.000  1.205 0.000
186.208333 187.208333  454.69 0.000  1.42 0.000 0.056 0.000000  0.78 0.000 0.100 0.000  2.505 0.000   4.510 0.000  39.049 0.000  22.179 0.000  16.869 0.000 0.218 0.000  1.504 0.000
189.208333 190.208333  420.75 0.000  0.84 0.000 0.069 0.000000  0.89 0.000 0.135 0.000  0.950 0.000   1.709 0.000  48.366 0.000  37.372 0.000  10.993 0.000 0.156 0.000  0.727 0.000
192.208333 193.208333   56.24 0.000  0.59 0.000 9.999 0.259000  0.27 0.000 0.049 0.000  1.138 0.000   2.047 0.000  12.946 0.000   8.270 0.000   4.814 0.000 0.034 0.000  0.611 0.000
195.208333 196.208333   43.61 0.000  0.67 0.000 9.999 0.259000  0.33 0.000 0.031 0.000  0.905 0.000   1.630 0.000  11.459 0.000   5.161 0.000   6.298 0.000 0.033 0.000  1.095 0.000
198.208333 199.208333   44.17 0.000  0.90 0.000 9.999 0.259000  1.92 0.000 0.050 0.000  1.286 0.000   2.315 0.000   7.941 0.000   4.333 0.000   3.607 0.000 0.020 0.000  0.531 0.000
201.208333 202.208333   16.48 0.000  0.65 0.000 0.011 0.000000  2.39 0.000 0.048 0.000  0.936 0.000   1.685 0.000   9.677 0.000   5.195 0.000   4.481 0.000 0.018 0.000  0.672 0.000
204.208333 205.208333   19.35 0.000  1.00 0.000 9.999 0.259000  0.76 0.000 0.022 0.000  1.579 0.000   2.843 0.000  28.046 0.000   5.769 0.000  22.272 0.000 0.030 0.000  4.856 0.000
207.208333 208.208333   30.17 0.000  1.58 0.000 9.999 0.259000  0.61 0.000 0.031 0.000  3.539 0.000   6.371 0.000  27.325 0.000   4.491 0.000  22.829 0.000 0.048 0.000  3.875 0.000
210.208333 211.208333   12.45 0.000  0.71 0.000 9.999 0.259000  0.31 0.000 0.023 0.000  1.152 0.000   2.074 0.000   9.320 0.000   3.791 0.000   5.528 0.000 0.025 0.000  0.945 0.000
213.208333 214.208333   42.46 0.000 99.99 0.259 9.999 0.259000  0.26 0.000 0.033 0.000  1.332 0.000   2.397 0.000   9.149 0.000   4.074 0.000   5.073 0.000 0.036 0.000  0.670 0.000
216.208333 217.208333    9.69 0.000  0.42 0.000 9.999 0.259000  0.28 0.000 0.032 0.000  0.978 0.000   1.761 0.000   8.245 0.000   4.997 0.000   3.248 0.000 0.019 0.000  0.513 0.000
219.208333 220.208333   18.66 0.000  0.76 0.000 9.999 0.259000  0.19 0.000 0.041 0.000  1.145 0.559   2.060 0.559   9.082 0.000   3.503 0.000   5.579 0.000 0.014 0.000  1.000 0.000
222.208333 223.208333   14.90 0.000  1.12 0.000 9.999 0.259000  0.35 0.000 0.016 0.000  2.438 0.000   4.389 0.000  21.269 0.000   3.338 0.000  17.927 0.000 0.030 0.000  3.663 0.000
225.208333 226.208333   20.42 0.000  0.67 0.000 9.999 0.259000  0.34 0.000 0.013 0.000  1.966 0.000   3.540 0.000  17.216 0.000   4.036 0.000  13.178 0.000 0.030 0.000  2.590 0.000
228.208333 229.208333   91.02 0.000  0.75 0.000 9.999 0.259000  0.40 0.000 0.026 0.000  1.797 0.000   3.235 0.000  17.032 0.000   4.336 0.000  12.692 0.000 0.050 0.000  2.201 0.000
231.208333 232.208333   45.73 0.000  1.02 0.000 9.999 0.259000  0.32 0.000 0.018 0.000  3.148 0.000   5.666 0.000  16.343 0.000   2.603 0.000  13.736 0.000 0.040 0.000  2.191 0.000
234.208333 235.208333   24.89 0.000  0.75 0.000 9.999 0.259000  0.56 0.000 0.016 0.000  1.728 0.559   3.111 0.559 999.999 0.456   4.097 0.000   9.837 0.000 0.048 0.000  1.612 0.000
237.208333 238.208333   11.53 0.000  0.69 0.000 9.999 0.259000  0.50 0.000 0.047 0.000  1.121 0.559   2.018 0.559  11.194 0.000   5.010 0.000   6.183 0.000 0.019 0.000  1.115 0.000
240.208333 241.208333    9.96 0.000  0.51 0.000 9.999 0.259000  1.31 0.000 0.067 0.000  0.674 0.559   1.213 0.559   8.455 0.000   4.732 0.000   3.722 0.000 0.017 0.000  0.500 0.000
243.208333 244.208333   11.93 0.000  1.00 0.000 9.999 0.259000  0.16 0.000 0.019 0.000  2.261 0.000   4.070 0.000  15.175 0.000   2.968 0.000  12.206 0.000 0.024 0.000  1.976 0.000
246.208333 247.208333   25.50 0.000  2.59 0.000 9.999 0.259000  0.50 0.000 0.035 0.000  1.898 0.000   3.416 0.000  24.723 0.000   2.277 0.000  22.441 0.000 0.040 0.000  4.358 0.000
249.208333 250.208333    7.83 0.000  0.71 0.000 0.030 0.000000  0.41 0.000 0.094 0.000  1.597 0.000   2.874 0.000  12.721 0.000   6.764 0.000   5.957 0.000 0.029 0.000  0.744 0.000
252.208333 253.208333   13.35 0.000  1.36 0.000 9.999 0.259000  0.41 0.000 0.064 0.000  2.023 0.000   3.642 0.000  11.142 0.000   4.451 0.000   6.690 0.000 0.033 0.000  0.745 0.000
255.208333 256.208333   31.04 0.000  1.92 0.000 9.999 0.259000  0.36 0.000 0.036 0.000  3.614 0.000   6.506 0.000  19.543 0.000   4.743 0.000  14.850 0.000 0.041 0.000  1.938 0.000
258.208333 259.208333   36.42 0.000  2.01 0.000 9.999 0.259000  0.55 0.000 0.027 0.000  5.532 0.000   9.957 0.000  37.511 0.000   3.111 0.000  34.392 0.000 0.088 0.000  5.405 0.000
261.208333 262.208333   25.17 0.000  1.59 0.000 9.999 0.259000  2.10 0.000 0.049 0.000  1.765 0.000   3.178 0.000  16.322 0.000   2.656 0.000  13.664 0.000 0.046 0.000  2.826 0.000
