scripts/IMPROVE-2019_partial/data/US1109R.19930102050000.20191216000000.filterpack...1y.3d.US03L_filterpack_US1109.US03L_IMPROVE_Davis.lev2.nas
51 1001
MISSING INFORMATION
US03L, IMPROVE, , , , , , , 
MISSING INFORMATION
IMPROVE sel_HTAP
1 1
1993 01 01 2019 12 16
0
days from file reference point
4
1 1 1 1
999.999999 999.999 999.999 9.999
end_time of measurement, days from the file reference point
pm10_mass, ug/m3, Matrix=pm10
pm25_mass, ug/m3, Matrix=pm25
numflag, no unit
0
33
Data definition:              EBAS_1.1
Set type code:                TI
Timezone:                     UTC
File name:                    US1109R.19930102050000.20191216000000.filterpack...1y.3d.US03L_filterpack_US1109.US03L_IMPROVE_Davis.lev2.nas
File creation:                20191218120322
Startdate:                    19930102050000
Revision date:                20191216000000
Version:                      2
Version description:          "Data extracted from http://views.cira.colostate.edu/fed/DataWizard 2019-12-16"
Statistics:                   arithmetic mean
Data level:                   2
Period code:                  1y
Resolution code:              3d
Sample duration:              1d
Orig. time res.:              3d
Station code:                 US1109R
Platform code:                US1109S
Station name:                 Okefenokee National Wildlife Refuge (GA09)
Station latitude:             30.7403
Station longitude:            -82.1286
Station altitude:             47.0 m
Regime:                       IMG
Component:                    
Unit:                         ug/m3
Matrix:                       
Laboratory code:              US03L
Instrument type:              filterpack
Instrument name:              filterpack_US1109
Method ref:                   US03L_IMPROVE_Davis
Blank correction:             Blank corrected
Volume std. temperature:      ambient
Volume std. pressure:         ambient
starttime endtime PM10 PM2.5 flag
  1.208333   2.208333  18.108  10.061 0.000
  5.208333   6.208333   6.629   4.677 0.000
  8.208333   9.208333   8.398   6.491 0.000
 12.208333  13.208333   8.577   5.350 0.000
 15.208333  16.208333  11.744   8.632 0.000
 19.208333  20.208333  21.306  13.556 0.000
 22.208333  23.208333  11.667   9.266 0.000
 26.208333  27.208333 999.999 999.999 0.999
 29.208333  30.208333 999.999 999.999 0.999
 33.208333  34.208333 999.999 999.999 0.999
 36.208333  37.208333   7.704   7.647 0.000
 40.208333  41.208333  23.955  16.453 0.000
 43.208333  44.208333  10.114   8.445 0.000
 47.208333  48.208333  12.996   9.446 0.000
 50.208333  51.208333  14.612  12.173 0.000
 54.208333  55.208333  13.077  10.972 0.000
 57.208333  58.208333  19.000  18.201 0.000
 61.208333  62.208333  17.588  12.257 0.000
 64.208333  65.208333  16.426  13.218 0.000
 68.208333  69.208333  15.547   8.762 0.000
 71.208333  72.208333 999.999 999.999 0.999
 75.208333  76.208333  12.519   6.319 0.000
 78.208333  79.208333  22.607  11.963 0.000
 82.208333  83.208333   9.384   8.198 0.000
 85.208333  86.208333  14.301  12.424 0.000
 89.208333  90.208333  12.037   7.629 0.000
 92.208333  93.208333  25.042  13.131 0.000
 96.208333  97.208333  10.363   6.991 0.000
 99.208333 100.208333  15.489   8.410 0.000
103.208333 104.208333  23.815  17.903 0.000
106.208333 107.208333  17.071   7.236 0.000
110.208333 111.208333  23.216   9.162 0.000
113.208333 114.208333  22.122  12.736 0.000
117.208333 118.208333  17.034   9.665 0.000
120.208333 121.208333  17.812   9.693 0.000
124.208333 125.208333  17.799  10.939 0.000
127.208333 128.208333   9.405   5.818 0.000
131.208333 132.208333  20.833  10.859 0.000
134.208333 135.208333  22.050  16.779 0.000
138.208333 139.208333  24.314  14.938 0.000
141.208333 142.208333  24.835  17.304 0.000
145.208333 146.208333  27.852  15.198 0.000
148.208333 149.208333 999.999   6.212 0.000
152.208333 153.208333  22.510  11.231 0.000
155.208333 156.208333  21.080  10.808 0.000
159.208333 160.208333  30.375  21.909 0.000
162.208333 163.208333  21.346  14.294 0.000
166.208333 167.208333  19.078   5.268 0.000
169.208333 170.208333  26.509   7.335 0.000
173.208333 174.208333  18.577  12.492 0.000
176.208333 177.208333  21.929  12.661 0.000
180.208333 181.208333  23.409  11.455 0.000
183.208333 184.208333  45.097  21.508 0.000
187.208333 188.208333  26.654  12.066 0.000
190.208333 191.208333  21.200  14.333 0.000
194.208333 195.208333  16.844   9.177 0.000
197.208333 198.208333  17.668  12.454 0.000
201.208333 202.208333  20.965  12.997 0.000
204.208333 205.208333  15.142   8.815 0.000
208.208333 209.208333  29.586  24.441 0.000
211.208333 212.208333  32.048  25.839 0.000
215.208333 216.208333  32.462  15.908 0.000
218.208333 219.208333  70.623  28.083 0.000
222.208333 223.208333  22.614  12.677 0.000
225.208333 226.208333  19.920  13.028 0.000
229.208333 230.208333  41.846  36.372 0.000
232.208333 233.208333  41.692  35.268 0.000
236.208333 237.208333  13.658   8.390 0.000
239.208333 240.208333   7.410   5.356 0.000
243.208333 244.208333  14.202   8.558 0.000
246.208333 247.208333   9.676   5.092 0.000
250.208333 251.208333  13.630   6.437 0.000
253.208333 254.208333  28.353  17.861 0.000
257.208333 258.208333  13.392  12.041 0.000
260.208333 261.208333  10.072   4.265 0.000
264.208333 265.208333  20.187  13.867 0.000
267.208333 268.208333  23.101  19.184 0.000
271.208333 272.208333  18.047  12.038 0.000
274.208333 275.208333  19.024  12.870 0.000
278.208333 279.208333  17.021  12.817 0.000
281.208333 282.208333  13.378   8.287 0.000
285.208333 286.208333  22.031  15.323 0.000
288.208333 289.208333   7.205   3.158 0.000
292.208333 293.208333  17.336  15.697 0.000
295.208333 296.208333  16.203   9.908 0.000
299.208333 300.208333  11.020   6.524 0.000
302.208333 303.208333   8.745   5.429 0.000
306.208333 307.208333  11.882   8.593 0.000
309.208333 310.208333   8.514   6.361 0.000
313.208333 314.208333 999.999 999.999 0.999
316.208333 317.208333  16.814   7.938 0.000
320.208333 321.208333   9.412   4.985 0.000
323.208333 324.208333  16.612  12.957 0.000
327.208333 328.208333 999.999 999.999 0.999
330.208333 331.208333 999.999 999.999 0.999
334.208333 335.208333  18.488  12.431 0.000
337.208333 338.208333   9.921   7.108 0.000
341.208333 342.208333 999.999 999.999 0.999
344.208333 345.208333  13.568   7.276 0.000
348.208333 349.208333   9.034   5.184 0.000
351.208333 352.208333  37.749  12.384 0.000
355.208333 356.208333   8.755   5.763 0.000
358.208333 359.208333   8.062   6.019 0.000
362.208333 363.208333   9.749   7.315 0.000
