scripts/IMPROVE-2019_partial/data/US1109R.20150103050000.20191216000000.filterpack...1y.3d.US03L_filterpack_US1109.US03L_IMPROVE_Davis.lev2.nas
52 1001
MISSING INFORMATION
US03L, IMPROVE, , , , , , , 
MISSING INFORMATION
IMPROVE sel_HTAP
1 1
2015 01 01 2019 12 16
3.000000
days from file reference point
5
1 1 1 1 1
999.999999 999.999 9.999 999.999 9.999
end_time of measurement, days from the file reference point
pm10_mass, ug/m3, Matrix=pm10
numflag pm10_mass, no unit, Matrix=pm10
pm25_mass, ug/m3, Matrix=pm25
numflag pm25_mass, no unit, Matrix=pm25
0
33
Data definition:              EBAS_1.1
Set type code:                TU
Timezone:                     UTC
File name:                    US1109R.20150103050000.20191216000000.filterpack...1y.3d.US03L_filterpack_US1109.US03L_IMPROVE_Davis.lev2.nas
File creation:                20191218120325
Startdate:                    20150103050000
Revision date:                20191216000000
Version:                      2
Version description:          "Data extracted from http://views.cira.colostate.edu/fed/DataWizard 2019-12-16"
Statistics:                   arithmetic mean
Data level:                   2
Period code:                  1y
Resolution code:              3d
Sample duration:              1d
Orig. time res.:              3d
Station code:                 US1109R
Platform code:                US1109S
Station name:                 Okefenokee National Wildlife Refuge (GA09)
Station latitude:             30.7403
Station longitude:            -82.1286
Station altitude:             47.0 m
Regime:                       IMG
Component:                    
Unit:                         ug/m3
Matrix:                       
Laboratory code:              US03L
Instrument type:              filterpack
Instrument name:              filterpack_US1109
Method ref:                   US03L_IMPROVE_Davis
Blank correction:             Blank corrected
Volume std. temperature:      ambient
Volume std. pressure:         ambient
starttime endtime PM10 flag_PM10 PM2.5 flag_PM2.5
  2.208333   3.208333  12.459 0.000   6.878 0.000
  5.208333   6.208333   4.744 0.000   3.747 0.000
  8.208333   9.208333   9.889 0.000   6.972 0.000
 11.208333  12.208333   4.363 0.000   3.998 0.000
 14.208333  15.208333   6.106 0.000   5.084 0.000
 17.208333  18.208333   6.766 0.000   4.959 0.000
 20.208333  21.208333  11.984 0.000   8.061 0.000
 23.208333  24.208333   3.977 0.000   2.344 0.000
 26.208333  27.208333   5.830 0.000   4.737 0.000
 29.208333  30.208333  10.018 0.000   6.654 0.000
 32.208333  33.208333   7.052 0.000   3.867 0.000
 35.208333  36.208333   5.341 0.000   3.829 0.000
 38.208333  39.208333   8.373 0.000   4.475 0.000
 41.208333  42.208333   7.497 0.000   6.025 0.000
 44.208333  45.208333  12.936 0.000   9.893 0.000
 47.208333  48.208333   8.222 0.000   5.588 0.000
 50.208333  51.208333   8.161 0.000   5.771 0.000
 53.208333  54.208333   7.609 0.000   5.324 0.000
 56.208333  57.208333   3.303 0.000   2.193 0.000
 59.208333  60.208333  14.969 0.000  10.130 0.000
 62.208333  63.208333   9.681 0.000   5.010 0.000
 65.208333  66.208333   8.170 0.000   5.686 0.000
 68.208333  69.208333  11.620 0.000   5.216 0.000
 71.208333  72.208333  18.052 0.000   7.727 0.000
 74.208333  75.208333   9.992 0.000   5.463 0.000
 77.208333  78.208333  23.199 0.000  10.523 0.000
 80.208333  81.208333  13.574 0.000  11.708 0.000
 83.208333  84.208333   5.474 0.000   3.570 0.000
 86.208333  87.208333   7.723 0.000   5.740 0.000
 89.208333  90.208333  11.418 0.000   7.659 0.000
 92.208333  93.208333 999.999 0.456   7.677 0.000
 95.208333  96.208333 999.999 0.456   7.074 0.000
 98.208333  99.208333  13.485 0.000   4.979 0.000
101.208333 102.208333  11.829 0.000   6.056 0.000
104.208333 105.208333   9.067 0.000   4.789 0.000
107.208333 108.208333  11.720 0.000   8.125 0.000
110.208333 111.208333   8.999 0.000   4.375 0.000
113.208333 114.208333  15.393 0.000   7.336 0.000
116.208333 117.208333  16.489 0.000  10.515 0.000
119.208333 120.208333   9.051 0.000   6.187 0.000
122.208333 123.208333  10.922 0.000   7.302 0.000
125.208333 126.208333  13.788 0.000   4.925 0.000
128.208333 129.208333  11.148 0.000   6.179 0.000
131.208333 132.208333  30.831 0.000  15.712 0.000
134.208333 135.208333  21.624 0.000   8.608 0.000
137.208333 138.208333  17.096 0.000   6.727 0.000
140.208333 141.208333  12.274 0.000   6.454 0.000
143.208333 144.208333  15.498 0.000   5.919 0.000
146.208333 147.208333  14.965 0.000   5.768 0.000
149.208333 150.208333   7.949 0.000   4.269 0.000
152.208333 153.208333   8.844 0.000   4.378 0.000
155.208333 156.208333   8.021 0.000   4.693 0.000
158.208333 159.208333  10.815 0.000   6.227 0.000
161.208333 162.208333   6.840 0.000   3.415 0.000
164.208333 165.208333  22.127 0.000  10.196 0.000
167.208333 168.208333  25.610 0.000  13.383 0.000
170.208333 171.208333  14.352 0.000   6.713 0.000
173.208333 174.208333  11.666 0.000   7.265 0.000
176.208333 177.208333  12.448 0.000   5.288 0.000
179.208333 180.208333 999.999 0.999 999.999 0.999
182.208333 183.208333  20.188 0.000   9.361 0.000
185.208333 186.208333  15.205 0.000   6.413 0.000
188.208333 189.208333  17.464 0.000   8.784 0.000
191.208333 192.208333  19.193 0.000  11.023 0.000
194.208333 195.208333  19.452 0.000  12.028 0.000
197.208333 198.208333  13.527 0.000   8.264 0.000
200.208333 201.208333  10.010 0.000   5.986 0.000
203.208333 204.208333  12.216 0.000   6.320 0.000
206.208333 207.208333  12.683 0.000   6.454 0.000
209.208333 210.208333  15.966 0.000   6.033 0.000
212.208333 213.208333   7.351 0.000   3.770 0.000
215.208333 216.208333  14.844 0.000   8.392 0.000
218.208333 219.208333  15.572 0.000   7.890 0.000
221.208333 222.208333  10.069 0.000   5.375 0.000
224.208333 225.208333  10.524 0.000   6.780 0.000
227.208333 228.208333   5.907 0.000   3.311 0.000
230.208333 231.208333 999.999 0.999 999.999 0.999
233.208333 234.208333   9.630 0.000   6.417 0.000
236.208333 237.208333  13.509 0.000   8.686 0.000
239.208333 240.208333   8.278 0.000   4.718 0.000
242.208333 243.208333   5.651 0.000   3.378 0.000
245.208333 246.208333  10.097 0.000   5.023 0.000
248.208333 249.208333  15.674 0.000  10.949 0.000
251.208333 252.208333   8.956 0.000   4.167 0.000
254.208333 255.208333  11.701 0.000   5.616 0.000
257.208333 258.208333  10.860 0.000   4.189 0.000
260.208333 261.208333   8.124 0.000   3.929 0.000
263.208333 264.208333  11.438 0.000   7.830 0.000
266.208333 267.208333   9.305 0.000   5.659 0.000
269.208333 270.208333   7.836 0.000   4.727 0.000
272.208333 273.208333   7.934 0.000   4.283 0.000
275.208333 276.208333   2.223 0.000   1.062 0.000
278.208333 279.208333   3.708 0.000   2.269 0.000
281.208333 282.208333   8.965 0.000   5.041 0.000
284.208333 285.208333   5.001 0.000   3.646 0.000
287.208333 288.208333  13.006 0.000   5.946 0.000
290.208333 291.208333  12.613 0.000   5.139 0.000
293.208333 294.208333   6.593 0.000   3.245 0.000
296.208333 297.208333   7.475 0.000   3.991 0.000
299.208333 300.208333   7.785 0.000   4.228 0.000
302.208333 303.208333   9.196 0.000   6.682 0.000
305.208333 306.208333   8.702 0.000   6.345 0.000
308.208333 309.208333   7.325 0.000   4.793 0.000
311.208333 312.208333   5.908 0.000   3.484 0.000
314.208333 315.208333   3.023 0.000   1.988 0.000
317.208333 318.208333   7.513 0.000   3.499 0.000
320.208333 321.208333   6.489 0.000   3.148 0.000
323.208333 324.208333  11.591 0.000   5.638 0.000
326.208333 327.208333   6.149 0.000   4.867 0.000
329.208333 330.208333  13.188 0.000   6.459 0.000
332.208333 333.208333   7.324 0.000   4.310 0.000
335.208333 336.208333   4.772 0.000   2.621 0.000
338.208333 339.208333  10.291 0.000   6.211 0.000
341.208333 342.208333  11.205 0.000   7.407 0.000
344.208333 345.208333  12.058 0.000   7.233 0.000
347.208333 348.208333   8.476 0.000   4.998 0.000
350.208333 351.208333  11.434 0.000   5.947 0.000
353.208333 354.208333   7.094 0.000   4.307 0.000
356.208333 357.208333  12.261 0.000   6.879 0.000
359.208333 360.208333  13.359 0.000   7.322 0.000
362.208333 363.208333  13.620 0.000   7.272 0.000
