scripts/IMPROVE-2019_partial/data/US1109R.20030103050000.20191216000000.filterpack..pm25.1y.1w.US03L_filterpack_US1109.US03L_IMPROVE_Davis.lev2.nas
66 1001
MISSING INFORMATION
US03L, IMPROVE, , , , , , , 
MISSING INFORMATION
IMPROVE sel_HTAP
1 1
2003 01 01 2019 12 16
3.000000
days from file reference point
27
1 1 1 1 1 1 1 1 1 1 1 1 1 1 1 1 1 1 1 1 1 1 1 1 1 1 1
999.999999 9999.99 9.999 99.99 9.999 9.999 9.999999 99.99 9.999 9.999 9.999 99.999 9.999 99.999 9.999 99.99 9.999999 999.999 9.999 999.999 9.999 999.999 9.999 9.999 9.999 99.999 9.999999
end_time of measurement, days from the file reference point
iron, ng/m3, Revision date=20181210133000
numflag iron, no unit, Revision date=20181210133000
lead, ng/m3, Revision date=20181210133000
numflag lead, no unit, Revision date=20181210133000
magnesium, ug/m3, Revision date=20181210133000
numflag magnesium, no unit, Revision date=20181210133000
nickel, ng/m3, Revision date=20181210133000
numflag nickel, no unit, Revision date=20181210133000
nitrate, ug N/m3, Revision date=20181210133000
numflag nitrate, no unit, Revision date=20181210133000
organic_carbon, ug C/m3, Revision date=20181210133000
numflag organic_carbon, no unit, Revision date=20181210133000
organic_mass, ug/m3, Revision date=20181210133000
numflag organic_mass, no unit, Revision date=20181210133000
phosphorus, ng/m3, Revision date=20181210133000
numflag phosphorus, no unit, Revision date=20181210133000
pm10_mass, ug/m3, Version=2, Version description=Data extracted from http://views.cira.colostate.edu/fed/DataWizard 2019-12-16, Sample duration=1d, Orig. time res.=3d, Matrix=pm10, Blank correction=Blank corrected, Volume std. temperature=ambient, Volume std. pressure=ambient
numflag pm10_mass, no unit, Version=2, Version description=Data extracted from http://views.cira.colostate.edu/fed/DataWizard 2019-12-16, Sample duration=1d, Orig. time res.=3d, Matrix=pm10, Blank correction=Blank corrected, Volume std. temperature=ambient, Volume std. pressure=ambient
pm10_pm25_mass, ug/m3, Revision date=20181210133000, Matrix=pm10_pm25
numflag pm10_pm25_mass, no unit, Revision date=20181210133000, Matrix=pm10_pm25
pm25_mass, ug/m3, Version=2, Version description=Data extracted from http://views.cira.colostate.edu/fed/DataWizard 2019-12-16, Sample duration=1d, Orig. time res.=3d, Blank correction=Blank corrected, Volume std. temperature=ambient, Volume std. pressure=ambient
numflag pm25_mass, no unit, Version=2, Version description=Data extracted from http://views.cira.colostate.edu/fed/DataWizard 2019-12-16, Sample duration=1d, Orig. time res.=3d, Blank correction=Blank corrected, Volume std. temperature=ambient, Volume std. pressure=ambient
potassium, ug/m3, Revision date=20181210133000
numflag potassium, no unit, Revision date=20181210133000
sulphate_total, ug S/m3, Revision date=20181210133000
numflag sulphate_total, no unit, Revision date=20181210133000
0
25
Data definition:              EBAS_1.1
Set type code:                TU
Timezone:                     UTC
File name:                    US1109R.20030103050000.20191216000000.filterpack..pm25.1y.1w.US03L_filterpack_US1109.US03L_IMPROVE_Davis.lev2.nas
File creation:                20191218120323
Startdate:                    20030103050000
Revision date:                20191216000000
Statistics:                   arithmetic mean
Data level:                   2
Period code:                  1y
Resolution code:              1w
Station code:                 US1109R
Platform code:                US1109S
Station name:                 Okefenokee National Wildlife Refuge (GA09)
Station latitude:             30.7403
Station longitude:            -82.1286
Station altitude:             47.0 m
Regime:                       IMG
Component:                    
Matrix:                       pm25
Laboratory code:              US03L
Instrument type:              filterpack
Instrument name:              filterpack_US1109
Method ref:                   US03L_IMPROVE_Davis
starttime endtime Fe flag_Fe Pb flag_Pb Mg++ flag_Mg++ Ni flag_Ni NO3- flag_NO3- OC flag_OC OM flag_OM P flag_P PM10 flag_PM10 PM10-PM2.5 flag_PM10-PM2.5 PM2.5 flag_PM2.5 K+ flag_K+ SO4-- flag_SO4--
[from data line 81]
245.208333 246.208333   15.02 0.000  1.02 0.000 0.027 0.000000  1.57 0.000 0.046 0.559  1.272 0.000  1.780 0.000 99.99 0.259000   8.825 0.000   4.580 0.000   4.245 0.000 0.020 0.000  0.366 0.559000
248.208333 249.208333   12.26 0.000  0.64 0.000 9.999 0.259000  0.62 0.000 0.024 0.559  1.275 0.000  1.784 0.000 99.99 0.259000  11.198 0.000   2.265 0.000   8.933 0.000 0.032 0.000  1.371 0.559000
251.208333 252.208333   17.40 0.000  1.21 0.000 9.999 0.259000  0.32 0.000 0.029 0.559  2.312 0.000  3.236 0.000 99.99 0.259000  15.137 0.000   3.164 0.000  11.973 0.000 0.041 0.000  1.647 0.559000
254.208333 255.208333   26.93 0.000  0.91 0.000 9.999 0.259000  0.56 0.000 0.062 0.559  2.824 0.000  3.953 0.000 99.99 0.259000  14.943 0.000   4.022 0.000  10.921 0.000 0.043 0.000  1.107 0.559000
257.208333 258.208333   17.70 0.000  0.75 0.000 9.999 0.259000  1.28 0.000 0.036 0.000  1.900 0.000  2.660 0.000 99.99 0.259000  11.683 0.000   2.352 0.000   9.331 0.000 0.033 0.000  1.333 0.000000
260.208333 261.208333   31.67 0.000  1.08 0.000 9.999 0.259000  0.31 0.000 0.043 0.000  2.422 0.000  3.390 0.000 99.99 0.259000  14.035 0.000   3.325 0.000  10.710 0.000 0.041 0.000  1.171 0.000000
263.208333 264.208333   17.22 0.000  0.40 0.000 9.999 0.259000  0.57 0.000 0.066 0.559  1.390 0.000  1.947 0.000 99.99 0.259000   8.414 0.000   2.540 0.000   5.874 0.000 0.055 0.000  0.801 0.559000
266.208333 267.208333   15.12 0.000  0.70 0.000 0.039 0.000000  0.31 0.000 0.058 0.559  1.821 0.000  2.549 0.000 99.99 0.259000  13.162 0.000   4.237 0.000   8.924 0.000 0.037 0.000  1.110 0.559000
269.208333 270.208333    5.32 0.000  0.55 0.000 0.036 0.000000 99.99 0.259 0.021 0.559  1.304 0.000  1.825 0.000  9.45 0.000000   4.472 0.000   2.025 0.000   2.447 0.000 0.017 0.000  0.111 0.559000
272.208333 273.208333   21.90 0.000  1.34 0.000 0.032 0.000000  0.27 0.000 0.054 0.559  1.796 0.000  2.515 0.000 99.99 0.259000  13.107 0.000   4.636 0.000   8.470 0.000 0.041 0.000  0.974 0.559000
275.208333 276.208333   31.32 0.000  1.65 0.000 9.999 0.259000  0.39 0.000 0.082 0.000  2.287 0.000  3.202 0.000 99.99 0.259000  19.180 0.000   6.151 0.000  13.028 0.000 0.053 0.000  1.764 0.000000
278.208333 279.208333   49.26 0.000  1.84 0.000 0.037 0.000000  0.22 0.000 0.050 0.000  5.101 0.000  7.141 0.000 99.99 0.259000  26.352 0.000   4.624 0.000  21.728 0.000 0.082 0.000  2.533 0.000000
281.208333 282.208333   19.51 0.000  0.65 0.000 0.042 0.000000  0.41 0.000 0.063 0.000  1.374 0.000  1.923 0.000 99.99 0.259000  11.707 0.000   1.551 0.000  10.157 0.000 0.049 0.000  1.485 0.000000
284.208333 285.208333    8.88 0.000  0.70 0.000 0.032 0.000000  0.42 0.000 0.042 0.000  1.355 0.000  1.898 0.000 99.99 0.259000  11.648 0.000   2.225 0.000   9.422 0.000 0.035 0.000  1.384 0.000000
287.208333 288.208333   13.94 0.000  0.92 0.000 9.999 0.259000 99.99 0.259 0.017 0.559  1.225 0.000  1.715 0.000 99.99 0.259000   8.553 0.000   2.857 0.000   5.696 0.000 0.030 0.000  0.637 0.559000
290.208333 291.208333   22.53 0.000  0.94 0.000 9.999 0.259000  0.21 0.000 0.040 0.559  2.438 0.000  3.413 0.000 99.99 0.259000  11.659 0.000   2.103 0.000   9.556 0.000 0.043 0.000  1.136 0.559000
293.208333 294.208333   30.88 0.000  1.54 0.000 9.999 0.259000  0.31 0.000 0.025 0.559  2.439 0.000  3.415 0.000 99.99 0.259000  13.629 0.000   2.871 0.000  10.758 0.000 0.061 0.000  1.278 0.559000
296.208333 297.208333   49.42 0.000  1.64 0.000 0.028 0.000000  0.63 0.000 0.035 0.559  3.604 0.000  5.046 0.000 99.99 0.259000  17.800 0.000   6.010 0.000  11.790 0.000 0.077 0.000  0.887 0.559000
299.208333 300.208333   15.16 0.000  1.06 0.000 9.999 0.259000  0.49 0.000 0.055 0.559  1.995 0.000  2.794 0.000 99.99 0.259000  10.307 0.000   3.209 0.000   7.098 0.000 0.043 0.000  0.710 0.559000
302.208333 303.208333   38.05 0.000  1.59 0.000 9.999 0.259000  0.26 0.000 0.054 0.559  3.061 0.000  4.285 0.000 99.99 0.259000  15.689 0.000   3.521 0.000  12.168 0.000 0.071 0.000  1.181 0.559000
305.208333 306.208333   24.28 0.000  0.92 0.000 9.999 0.259000  1.86 0.000 0.077 0.559  2.080 0.000  2.912 0.000 99.99 0.259000  11.587 0.000   3.905 0.000   7.682 0.000 0.042 0.000  0.842 0.559000
308.208333 309.208333   11.72 0.000  0.36 0.000 0.057 0.000000  1.84 0.000 0.070 0.000  0.964 0.000  1.349 0.000 99.99 0.259000   6.510 0.000   2.216 0.000   4.295 0.000 0.022 0.000  0.490 0.000000
311.208333 312.208333   18.02 0.000  1.03 0.000 0.108 0.000000  0.48 0.000 0.090 0.000  2.798 0.000  3.917 0.000 99.99 0.259000  16.228 0.000   2.492 0.000  13.736 0.000 0.055 0.000  1.947 0.000000
314.208333 315.208333   23.03 0.000  1.24 0.000 0.038 0.000000  0.58 0.000 0.123 0.559  2.040 0.000  2.855 0.000 99.99 0.259000  12.558 0.000   5.076 0.000   7.481 0.000 0.058 0.000  0.628 0.559000
317.208333 318.208333   22.96 0.000  1.01 0.000 0.023 0.000000  0.18 0.000 0.046 0.000  1.516 0.000  2.122 0.000 99.99 0.259000   8.681 0.000   4.122 0.000   4.558 0.000 0.034 0.000  0.280 0.000000
320.208333 321.208333   26.52 0.000  1.59 0.000 0.036 0.000000  0.39 0.000 0.065 0.000  1.519 0.000  2.127 0.000 99.99 0.259000   9.576 0.000   4.161 0.000   5.415 0.000 0.047 0.000  0.540 0.000000
323.208333 324.208333   16.46 0.000  1.03 0.000 9.999 0.259000  0.10 0.000 0.016 0.559  1.037 0.000  1.452 0.000 99.99 0.259000   5.144 0.000   1.519 0.000   3.625 0.000 0.020 0.000  0.262 0.559000
326.208333 327.208333   16.71 0.000  1.51 0.000 9.999 0.259000  0.67 0.000 0.049 0.000  2.542 0.000  3.558 0.000 99.99 0.259000  11.414 0.000   1.335 0.000  10.079 0.000 0.033 0.000  1.116 0.000000
329.208333 330.208333   22.38 0.000  1.16 0.000 9.999 0.259000  0.41 0.000 0.056 0.559  1.852 0.000  2.593 0.000 99.99 0.259000   9.994 0.000   2.589 0.000   7.405 0.000 0.044 0.000  0.719 0.559000
332.208333 333.208333    6.62 0.000  0.55 0.000 0.030 0.000000 99.99 0.259 0.023 0.559  0.881 0.000  1.233 0.000 99.99 0.259000   3.952 0.000   0.859 0.000   3.093 0.000 0.019 0.000  0.257 0.559000
335.208333 336.208333   41.19 0.000  1.63 0.000 0.039 0.000000  0.30 0.000 0.061 0.559  1.913 0.000  2.678 0.000 99.99 0.259000  10.132 0.000   4.284 0.000   5.848 0.000 0.078 0.000  0.320 0.559000
338.208333 339.208333    7.44 0.000  1.64 0.000 9.999 0.259000  0.30 0.000 0.085 0.559  1.576 0.000  2.206 0.000 99.99 0.259000   7.018 0.000   0.594 0.000   6.424 0.000 0.030 0.000  0.757 0.559000
341.208333 342.208333   18.97 0.000  1.56 0.000 9.999 0.259000  0.23 0.000 0.068 0.559  1.844 0.000  2.581 0.000 99.99 0.259000  10.786 0.000   2.832 0.000   7.954 0.000 0.033 0.000  0.906 0.559000
344.208333 345.208333    7.51 0.000  0.62 0.000 9.999 0.259000  0.06 0.000 0.018 0.559  0.870 0.000  1.217 0.000 99.99 0.259000   5.947 0.000   0.899 0.000   5.048 0.000 0.017 0.000  0.716 0.559000
347.208333 348.208333    9.52 0.000  1.14 0.000 9.999 0.259000  0.58 0.000 0.095 0.000  1.286 0.000  1.800 0.000 99.99 0.259000   7.878 0.000   1.179 0.000   6.699 0.000 0.042 0.000  0.848 0.000000
350.208333 351.208333   18.37 0.000  1.58 0.000 9.999 0.259000  0.19 0.000 0.065 0.559  1.483 0.000  2.076 0.000 99.99 0.259000   8.230 0.000   1.804 0.000   6.427 0.000 0.033 0.000  0.788 0.559000
353.208333 354.208333    9.51 0.000  0.87 0.000 9.999 0.259000  0.09 0.000 0.051 0.559  0.775 0.000  1.085 0.000 99.99 0.259000   3.899 0.000   1.140 0.000   2.760 0.000 0.023 0.000  0.255 0.559000
356.208333 357.208333   16.42 0.000  0.67 0.000 9.999 0.259000  0.44 0.000 0.060 0.559  1.718 0.000  2.405 0.000 99.99 0.259000   7.941 0.000   2.407 0.000   5.534 0.000 0.044 0.000  0.515 0.559000
359.208333 360.208333   12.45 0.000  1.49 0.000 9.999 0.259000  0.22 0.000 0.084 0.559  2.187 0.000  3.062 0.000 99.99 0.259000   9.087 0.000   1.076 0.000   8.011 0.000 0.042 0.000  0.853 0.559000
362.208333 363.208333   14.35 0.000  1.15 0.000 9.999 0.259000  0.48 0.000 0.094 0.559  1.438 0.000  2.013 0.000 99.99 0.259000  10.619 0.000   4.162 0.000   6.457 0.000 0.033 0.000  0.690 0.559000
