scripts/IMPROVE-2019_partial/data/US1109R.19980103050000.20191216000000.filterpack...1y.3d.US03L_filterpack_US1109.US03L_IMPROVE_Davis.lev2.nas
51 1001
MISSING INFORMATION
US03L, IMPROVE, , , , , , , 
MISSING INFORMATION
IMPROVE sel_HTAP
1 1
1998 01 01 2019 12 16
0
days from file reference point
4
1 1 1 1
999.999999 9999.999 999.999 9.999
end_time of measurement, days from the file reference point
pm10_mass, ug/m3, Matrix=pm10
pm25_mass, ug/m3, Matrix=pm25
numflag, no unit
0
33
Data definition:              EBAS_1.1
Set type code:                TI
Timezone:                     UTC
File name:                    US1109R.19980103050000.20191216000000.filterpack...1y.3d.US03L_filterpack_US1109.US03L_IMPROVE_Davis.lev2.nas
File creation:                20191218120322
Startdate:                    19980103050000
Revision date:                20191216000000
Version:                      2
Version description:          "Data extracted from http://views.cira.colostate.edu/fed/DataWizard 2019-12-16"
Statistics:                   arithmetic mean
Data level:                   2
Period code:                  1y
Resolution code:              3d
Sample duration:              1d
Orig. time res.:              3d
Station code:                 US1109R
Platform code:                US1109S
Station name:                 Okefenokee National Wildlife Refuge (GA09)
Station latitude:             30.7403
Station longitude:            -82.1286
Station altitude:             47.0 m
Regime:                       IMG
Component:                    
Unit:                         ug/m3
Matrix:                       
Laboratory code:              US03L
Instrument type:              filterpack
Instrument name:              filterpack_US1109
Method ref:                   US03L_IMPROVE_Davis
Blank correction:             Blank corrected
Volume std. temperature:      ambient
Volume std. pressure:         ambient
starttime endtime PM10 PM2.5 flag
  2.208333   3.208333   14.035   4.923 0.000
  6.208333   7.208333   34.471   9.012 0.000
  9.208333  10.208333   34.304  10.466 0.000
 13.208333  14.208333   55.292  14.761 0.000
 16.208333  17.208333   17.178   5.330 0.000
 20.208333  21.208333   13.261   8.382 0.000
 23.208333  24.208333    9.235   4.356 0.000
 27.208333  28.208333   10.362   7.486 0.000
 30.208333  31.208333   10.798   8.303 0.000
 34.208333  35.208333    7.221   3.519 0.000
 37.208333  38.208333   19.596  15.584 0.000
 41.208333  42.208333   17.922   8.179 0.000
 44.208333  45.208333   14.554  11.533 0.000
 48.208333  49.208333   14.993   5.833 0.000
 51.208333  52.208333   14.671  10.113 0.000
 55.208333  56.208333   18.166  12.618 0.000
 58.208333  59.208333   15.147   6.577 0.000
 62.208333  63.208333   15.021   9.938 0.000
 65.208333  66.208333   17.701   9.372 0.000
 69.208333  70.208333    8.951   7.371 0.000
 72.208333  73.208333   14.234   8.112 0.000
 76.208333  77.208333   19.424   9.583 0.000
 79.208333  80.208333   10.115   7.305 0.000
 83.208333  84.208333   24.337  12.039 0.000
 86.208333  87.208333   21.709   8.188 0.000
 90.208333  91.208333   17.191   7.546 0.000
 93.208333  94.208333   18.017  10.803 0.000
 97.208333  98.208333   16.383  10.799 0.000
100.208333 101.208333   12.373  10.447 0.000
104.208333 105.208333   18.783   8.830 0.000
107.208333 108.208333   26.408  13.378 0.000
111.208333 112.208333   14.025  10.477 0.000
114.208333 115.208333   24.634  19.743 0.000
118.208333 119.208333   11.995   8.221 0.000
121.208333 122.208333  118.109  43.981 0.000
125.208333 126.208333   34.722  20.956 0.000
128.208333 129.208333   23.799  17.103 0.000
132.208333 133.208333   28.541  21.437 0.000
135.208333 136.208333   28.941  19.696 0.000
139.208333 140.208333   34.970  24.751 0.000
142.208333 143.208333   33.916  25.969 0.000
146.208333 147.208333   16.122  11.691 0.000
149.208333 150.208333   11.749   7.003 0.000
153.208333 154.208333   14.925  11.603 0.000
156.208333 157.208333   17.344   8.263 0.000
160.208333 161.208333   28.320  14.677 0.000
163.208333 164.208333 9999.999 999.999 0.999
167.208333 168.208333 9999.999 999.999 0.999
170.208333 171.208333 9999.999 999.999 0.999
174.208333 175.208333 9999.999 999.999 0.999
177.208333 178.208333   34.554  28.078 0.000
181.208333 182.208333   42.556  21.486 0.000
184.208333 185.208333   23.864  14.093 0.000
188.208333 189.208333   24.106  17.955 0.000
191.208333 192.208333   36.095  27.507 0.000
195.208333 196.208333    9.841   6.770 0.000
198.208333 199.208333 9999.999 999.999 0.999
202.208333 203.208333   25.489  10.976 0.000
205.208333 206.208333   12.210   6.166 0.000
209.208333 210.208333   32.575  13.553 0.000
212.208333 213.208333   17.056  10.621 0.000
216.208333 217.208333   15.814  11.652 0.000
219.208333 220.208333   11.889 999.999 0.000
223.208333 224.208333 9999.999  26.441 0.000
226.208333 227.208333 9999.999  10.677 0.000
230.208333 231.208333   12.325   6.119 0.000
233.208333 234.208333   10.874  10.091 0.000
237.208333 238.208333   33.318  26.639 0.000
240.208333 241.208333   27.057  22.922 0.000
244.208333 245.208333   23.499  14.757 0.000
247.208333 248.208333   10.676   9.563 0.000
251.208333 252.208333   17.399  11.204 0.000
254.208333 255.208333   12.782  10.605 0.000
258.208333 259.208333   11.708   7.898 0.000
261.208333 262.208333    9.884   6.734 0.000
265.208333 266.208333   21.726  14.586 0.000
268.208333 269.208333   32.242  13.482 0.000
272.208333 273.208333    7.711   4.838 0.000
275.208333 276.208333   16.268  12.523 0.000
279.208333 280.208333 9999.999 999.999 0.999
282.208333 283.208333 9999.999  12.704 0.000
286.208333 287.208333   21.083  18.164 0.000
289.208333 290.208333   15.410  12.541 0.000
293.208333 294.208333   16.071   8.666 0.000
296.208333 297.208333   13.938   9.172 0.000
300.208333 301.208333   18.248  12.286 0.000
303.208333 304.208333   25.546  19.075 0.000
307.208333 308.208333   15.495  10.491 0.000
310.208333 311.208333 9999.999 999.999 0.999
314.208333 315.208333   17.923   6.709 0.000
317.208333 318.208333   24.357  17.524 0.000
321.208333 322.208333   27.212  15.001 0.000
324.208333 325.208333   13.576   7.824 0.000
328.208333 329.208333    8.333 999.999 0.000
331.208333 332.208333   13.034  12.115 0.000
335.208333 336.208333   26.016  17.272 0.000
338.208333 339.208333    9.121   9.456 0.000
342.208333 343.208333   15.716   7.876 0.000
345.208333 346.208333   20.515  11.021 0.000
349.208333 350.208333   10.122  10.011 0.000
352.208333 353.208333   13.844  12.033 0.000
356.208333 357.208333   22.477   9.613 0.000
359.208333 360.208333    3.698   3.821 0.000
363.208333 364.208333    7.405   5.939 0.000
