scripts/IMPROVE-2019_partial/data/US1109R.19950104050000.20191216000000.filterpack...1y.3d.US03L_filterpack_US1109.US03L_IMPROVE_Davis.lev2.nas
51 1001
MISSING INFORMATION
US03L, IMPROVE, , , , , , , 
MISSING INFORMATION
IMPROVE sel_HTAP
1 1
1995 01 01 2019 12 16
0
days from file reference point
4
1 1 1 1
999.999999 999.999 999.999 9.999
end_time of measurement, days from the file reference point
pm10_mass, ug/m3, Matrix=pm10
pm25_mass, ug/m3, Matrix=pm25
numflag, no unit
0
33
Data definition:              EBAS_1.1
Set type code:                TI
Timezone:                     UTC
File name:                    US1109R.19950104050000.20191216000000.filterpack...1y.3d.US03L_filterpack_US1109.US03L_IMPROVE_Davis.lev2.nas
File creation:                20191218120322
Startdate:                    19950104050000
Revision date:                20191216000000
Version:                      2
Version description:          "Data extracted from http://views.cira.colostate.edu/fed/DataWizard 2019-12-16"
Statistics:                   arithmetic mean
Data level:                   2
Period code:                  1y
Resolution code:              3d
Sample duration:              1d
Orig. time res.:              3d
Station code:                 US1109R
Platform code:                US1109S
Station name:                 Okefenokee National Wildlife Refuge (GA09)
Station latitude:             30.7403
Station longitude:            -82.1286
Station altitude:             47.0 m
Regime:                       IMG
Component:                    
Unit:                         ug/m3
Matrix:                       
Laboratory code:              US03L
Instrument type:              filterpack
Instrument name:              filterpack_US1109
Method ref:                   US03L_IMPROVE_Davis
Blank correction:             Blank corrected
Volume std. temperature:      ambient
Volume std. pressure:         ambient
starttime endtime PM10 PM2.5 flag
  3.208333   4.208333  13.460  10.854 0.000
  6.208333   7.208333  10.198   5.538 0.000
 10.208333  11.208333 999.999 999.999 0.999
 13.208333  14.208333  12.417   5.397 0.000
 17.208333  18.208333  18.455   9.274 0.000
 20.208333  21.208333   7.039   3.407 0.000
 24.208333  25.208333   5.575   4.130 0.000
 27.208333  28.208333  11.476   9.379 0.000
 31.208333  32.208333  17.444  12.952 0.000
 34.208333  35.208333   6.627   4.032 0.000
 38.208333  39.208333   8.048   4.125 0.000
 41.208333  42.208333  17.311  10.662 0.000
 45.208333  46.208333  14.667   8.344 0.000
 48.208333  49.208333  12.695   7.500 0.000
 52.208333  53.208333   8.567   6.522 0.000
 55.208333  56.208333  17.675   7.753 0.000
 59.208333  60.208333  11.667   5.078 0.000
 62.208333  63.208333  17.280  10.220 0.000
 66.208333  67.208333   8.828   3.549 0.000
 69.208333  70.208333  22.917  10.525 0.000
 73.208333  74.208333  19.924   8.498 0.000
 76.208333  77.208333  16.430   8.450 0.000
 80.208333  81.208333  27.817  14.938 0.000
 83.208333  84.208333  23.148  15.586 0.000
 87.208333  88.208333  17.738  12.308 0.000
 90.208333  91.208333  19.267  11.719 0.000
 94.208333  95.208333  19.571  12.262 0.000
 97.208333  98.208333  14.268   6.244 0.000
101.208333 102.208333  21.626   6.664 0.000
104.208333 105.208333  19.139  11.677 0.000
108.208333 109.208333  17.572   9.977 0.000
111.208333 112.208333  19.556   9.530 0.000
115.208333 116.208333  23.793  12.244 0.000
118.208333 119.208333  24.306  15.016 0.000
122.208333 123.208333  22.840  12.092 0.000
125.208333 126.208333  26.935  14.589 0.000
129.208333 130.208333  23.604  13.647 0.000
132.208333 133.208333  17.530   7.064 0.000
136.208333 137.208333  33.349  22.683 0.000
139.208333 140.208333  23.942  15.228 0.000
143.208333 144.208333  16.380   5.682 0.000
146.208333 147.208333  21.853   9.380 0.000
150.208333 151.208333  17.398   9.934 0.000
153.208333 154.208333  10.066   4.221 0.000
157.208333 158.208333  32.256  23.279 0.000
160.208333 161.208333  31.482  16.752 0.000
164.208333 165.208333  29.872  16.433 0.000
167.208333 168.208333  26.150  13.623 0.000
171.208333 172.208333  26.102  14.761 0.000
174.208333 175.208333  26.978  16.643 0.000
178.208333 179.208333  29.302  13.171 0.000
181.208333 182.208333  34.858  17.314 0.000
185.208333 186.208333  33.766  15.580 0.000
188.208333 189.208333  29.459  18.079 0.000
192.208333 193.208333  20.593  12.610 0.000
195.208333 196.208333  15.646   8.182 0.000
199.208333 200.208333  18.767   8.030 0.000
202.208333 203.208333  16.940  10.922 0.000
206.208333 207.208333  15.107   7.994 0.000
209.208333 210.208333  15.608   6.210 0.000
213.208333 214.208333  15.542   6.133 0.000
216.208333 217.208333  31.466  12.957 0.000
220.208333 221.208333  17.614   8.170 0.000
223.208333 224.208333  28.584  16.961 0.000
227.208333 228.208333  40.316  29.657 0.000
230.208333 231.208333  25.901  21.749 0.000
234.208333 235.208333   9.579   3.973 0.000
237.208333 238.208333  15.086   6.600 0.000
241.208333 242.208333  24.854  18.890 0.000
244.208333 245.208333  16.943  12.897 0.000
248.208333 249.208333  13.198   6.279 0.000
251.208333 252.208333  11.793   7.547 0.000
255.208333 256.208333   7.716   4.651 0.000
258.208333 259.208333  14.622 999.999 0.000
262.208333 263.208333  17.299  11.188 0.000
265.208333 266.208333  29.011  17.626 0.000
269.208333 270.208333  13.091   5.311 0.000
272.208333 273.208333  17.575  11.312 0.000
276.208333 277.208333  10.108   5.664 0.000
279.208333 280.208333  15.716  12.080 0.000
283.208333 284.208333  17.141  10.726 0.000
286.208333 287.208333   7.796   3.390 0.000
290.208333 291.208333  16.674 999.999 0.000
293.208333 294.208333 999.999  11.434 0.000
297.208333 298.208333  12.274   7.173 0.000
300.208333 301.208333   5.895   3.293 0.000
304.208333 305.208333  12.091   9.050 0.000
307.208333 308.208333  14.382   6.976 0.000
311.208333 312.208333  12.806   4.858 0.000
314.208333 315.208333  10.093   5.023 0.000
318.208333 319.208333   8.523   5.934 0.000
321.208333 322.208333  14.579  10.913 0.000
325.208333 326.208333   8.186   4.598 0.000
328.208333 329.208333  23.471  12.493 0.000
332.208333 333.208333 999.999   7.636 0.000
335.208333 336.208333  16.914  12.441 0.000
339.208333 340.208333  15.075  10.568 0.000
342.208333 343.208333  16.560  11.004 0.000
346.208333 347.208333  14.423   9.625 0.000
349.208333 350.208333  15.301   7.412 0.000
353.208333 354.208333   6.873   5.103 0.000
356.208333 357.208333  13.640  12.976 0.000
360.208333 361.208333 999.999 999.999 0.999
363.208333 364.208333  11.708   8.502 0.000
