scripts/IMPROVE-2019_partial/data/US1109R.20050101050000.20191216000000.filterpack..pm25.52w.1w.US03L_filterpack_US1109.US03L_IMPROVE_Davis.lev2.nas
64 1001
MISSING INFORMATION
US03L, IMPROVE, , , , , , , 
MISSING INFORMATION
IMPROVE sel_HTAP
1 1
2005 01 01 2019 12 16
3.000000
days from file reference point
25
1 1 1 1 1 1 1 1 1 1 1 1 1 1 1 1 1 1 1 1 1 1 1 1 1
999.999999 9999.99 9.999 99.99 9.999 9.999 9.999999 99.99 9.999 9.999 9.999 99.999 9.999 999.999 9.999 999.999 9.999 999.999 9.999 999.999 9.999 9.999 9.999 99.999 9.999
end_time of measurement, days from the file reference point
iron, ng/m3, Revision date=20181210133000
numflag iron, no unit, Revision date=20181210133000
lead, ng/m3, Revision date=20181210133000
numflag lead, no unit, Revision date=20181210133000
magnesium, ug/m3, Revision date=20181210133000
numflag magnesium, no unit, Revision date=20181210133000
nickel, ng/m3, Revision date=20181210133000
numflag nickel, no unit, Revision date=20181210133000
nitrate, ug N/m3, Revision date=20181210133000
numflag nitrate, no unit, Revision date=20181210133000
organic_carbon, ug C/m3, Revision date=20181210133000
numflag organic_carbon, no unit, Revision date=20181210133000
organic_mass, ug/m3, Revision date=20181210133000
numflag organic_mass, no unit, Revision date=20181210133000
pm10_mass, ug/m3, Version=2, Version description=Data extracted from http://views.cira.colostate.edu/fed/DataWizard 2019-12-16, Sample duration=1d, Orig. time res.=3d, Matrix=pm10, Blank correction=Blank corrected, Volume std. temperature=ambient, Volume std. pressure=ambient
numflag pm10_mass, no unit, Version=2, Version description=Data extracted from http://views.cira.colostate.edu/fed/DataWizard 2019-12-16, Sample duration=1d, Orig. time res.=3d, Matrix=pm10, Blank correction=Blank corrected, Volume std. temperature=ambient, Volume std. pressure=ambient
pm10_pm25_mass, ug/m3, Revision date=20181210133000, Matrix=pm10_pm25
numflag pm10_pm25_mass, no unit, Revision date=20181210133000, Matrix=pm10_pm25
pm25_mass, ug/m3, Version=2, Version description=Data extracted from http://views.cira.colostate.edu/fed/DataWizard 2019-12-16, Sample duration=1d, Orig. time res.=3d, Blank correction=Blank corrected, Volume std. temperature=ambient, Volume std. pressure=ambient
numflag pm25_mass, no unit, Version=2, Version description=Data extracted from http://views.cira.colostate.edu/fed/DataWizard 2019-12-16, Sample duration=1d, Orig. time res.=3d, Blank correction=Blank corrected, Volume std. temperature=ambient, Volume std. pressure=ambient
potassium, ug/m3, Revision date=20181210133000
numflag potassium, no unit, Revision date=20181210133000
sulphate_total, ug S/m3, Revision date=20181210133000
numflag sulphate_total, no unit, Revision date=20181210133000
0
25
Data definition:              EBAS_1.1
Set type code:                TU
Timezone:                     UTC
File name:                    US1109R.20050101050000.20191216000000.filterpack..pm25.52w.1w.US03L_filterpack_US1109.US03L_IMPROVE_Davis.lev2.nas
File creation:                20191218120323
Startdate:                    20050101050000
Revision date:                20191216000000
Statistics:                   arithmetic mean
Data level:                   2
Period code:                  52w
Resolution code:              1w
Station code:                 US1109R
Platform code:                US1109S
Station name:                 Okefenokee National Wildlife Refuge (GA09)
Station latitude:             30.7403
Station longitude:            -82.1286
Station altitude:             47.0 m
Regime:                       IMG
Component:                    
Matrix:                       pm25
Laboratory code:              US03L
Instrument type:              filterpack
Instrument name:              filterpack_US1109
Method ref:                   US03L_IMPROVE_Davis
starttime endtime Fe flag_Fe Pb flag_Pb Mg++ flag_Mg++ Ni flag_Ni NO3- flag_NO3- OC flag_OC OM flag_OM PM10 flag_PM10 PM10-PM2.5 flag_PM10-PM2.5 PM2.5 flag_PM2.5 K+ flag_K+ SO4-- flag_SO4--
[from data line 89]
267.208333 268.208333   12.98 0.000  0.69 0.000 9.999 0.259000  0.52 0.000 0.039 0.000  0.686 0.559   1.235 0.559   7.267 0.000   2.877 0.000   4.389 0.000 0.020 0.000  0.790 0.000
270.208333 271.208333   17.55 0.000  1.34 0.000 9.999 0.259000  1.20 0.000 0.051 0.000  1.203 0.000   2.166 0.000  11.810 0.000   2.987 0.000   8.821 0.000 0.026 0.000  1.606 0.000
273.208333 274.208333   11.88 0.000  0.69 0.000 9.999 0.259000  1.62 0.000 0.063 0.559  0.874 0.000   1.572 0.000  12.207 0.000   3.250 0.000   8.956 0.000 0.034 0.000  1.650 0.559
276.208333 277.208333   21.18 0.000  0.18 0.000 9.999 0.259000  1.16 0.000 0.054 0.000  0.548 0.000   0.986 0.000   8.350 0.000   5.919 0.000   2.551 0.000 0.031 0.000  0.338 0.000
279.208333 280.208333    3.64 0.000  0.32 0.000 9.999 0.259000  0.64 0.000 0.022 0.000  0.854 0.000   1.537 0.000   5.267 0.000   3.159 0.000   2.108 0.000 0.008 0.000  0.272 0.000
282.208333 283.208333    7.18 0.000  0.56 0.000 9.999 0.259000  0.94 0.000 0.020 0.000  2.466 0.000   4.438 0.000  15.553 0.000   4.352 0.000  11.198 0.000 0.019 0.000  1.950 0.000
285.208333 286.208333    4.88 0.000  0.39 0.000 9.999 0.259000  0.45 0.000 0.015 0.000  0.754 0.000   1.357 0.000   6.924 0.000   2.118 0.000   4.806 0.000 0.013 0.000  0.899 0.000
288.208333 289.208333   23.47 0.000  2.71 0.000 9.999 0.259000  0.24 0.000 0.052 0.000  2.462 0.559   4.432 0.559  19.017 0.000   5.053 0.000  13.959 0.000 0.039 0.000  2.580 0.000
291.208333 292.208333   31.43 0.000  2.94 0.000 9.999 0.259000  0.57 0.000 0.038 0.000  3.713 0.000   6.683 0.000  22.557 0.000   6.512 0.000  16.041 0.000 0.048 0.000  2.147 0.000
294.208333 295.208333   14.88 0.000  1.09 0.000 9.999 0.259000  1.23 0.000 0.032 0.000  1.843 0.000   3.317 0.000  12.604 0.000   2.931 0.000   9.670 0.000 0.037 0.000  1.188 0.000
297.208333 298.208333   14.58 0.000  0.72 0.000 9.999 0.259000 99.99 0.259 0.018 0.000  0.936 0.000   1.685 0.000   8.922 0.000   2.684 0.000   6.235 0.000 0.017 0.000  0.978 0.000
300.208333 301.208333   16.68 0.000  1.59 0.000 9.999 0.259000  1.07 0.000 0.049 0.000  2.854 0.000   5.137 0.000  15.436 0.000   2.402 0.000  13.030 0.000 0.055 0.000  1.697 0.000
303.208333 304.208333   16.78 0.000  2.25 0.000 9.999 0.259000  0.81 0.000 0.053 0.000  1.258 0.000   2.265 0.000  12.372 0.000   3.414 0.000   8.954 0.000 0.035 0.000  1.452 0.000
306.208333 307.208333 9999.99 0.456 99.99 0.456 9.999 0.456000 99.99 0.456 0.073 0.000  3.815 0.000   6.866 0.000  17.840 0.000 999.999 0.456 999.999 0.456 9.999 0.456  1.369 0.000
309.208333 310.208333   10.07 0.000  1.60 0.000 9.999 0.259000  1.04 0.000 0.083 0.000  1.879 0.000   3.382 0.000   9.334 0.000   3.178 0.000   6.154 0.000 0.039 0.000  0.797 0.000
312.208333 313.208333   29.87 0.000  1.86 0.000 9.999 0.259000  0.62 0.000 0.059 0.000  4.141 0.000   7.453 0.000  24.296 0.000   5.478 0.000  18.811 0.000 0.059 0.000  2.854 0.000
315.208333 316.208333   13.51 0.000  2.02 0.000 9.999 0.259000  0.46 0.000 0.061 0.000  1.146 0.000   2.064 0.000   9.686 0.000   4.709 0.000   4.975 0.000 0.036 0.000  0.696 0.000
318.208333 319.208333    9.76 0.000  0.62 0.000 0.014 0.000000  0.52 0.000 0.107 0.000  1.274 0.000   2.294 0.000  11.264 0.000   7.853 0.000   3.412 0.000 0.019 0.000  0.294 0.000
321.208333 322.208333   24.55 0.000  1.80 0.000 9.999 0.259000  0.49 0.000 0.076 0.000  2.227 0.000   4.008 0.000  12.815 0.000   5.138 0.000   7.675 0.000 0.049 0.000  0.844 0.000
324.208333 325.208333    5.35 0.000  0.51 0.000 9.999 0.259000  1.30 0.000 0.023 0.000  0.944 0.000   1.698 0.000   5.735 0.000   1.812 0.000   3.922 0.000 0.019 0.000  0.583 0.000
327.208333 328.208333   17.55 0.000  0.79 0.000 9.999 0.259000  0.39 0.000 0.163 0.000  1.637 0.000   2.947 0.000  12.717 0.000   6.835 0.000   5.879 0.000 0.066 0.000  0.516 0.000
330.208333 331.208333   11.05 0.000  0.76 0.000 9.999 0.259000  1.17 0.000 0.091 0.000  1.083 0.000   1.949 0.000  10.149 0.000   4.032 0.000   6.115 0.000 0.042 0.000  0.951 0.000
333.208333 334.208333   18.46 0.000  0.77 0.000 9.999 0.259000 99.99 0.259 0.032 0.000  2.205 0.000   3.969 0.000   9.337 0.000   3.626 0.000   5.711 0.000 0.047 0.000  0.407 0.000
336.208333 337.208333   16.70 0.000  1.38 0.000 9.999 0.259000  0.22 0.000 0.040 0.000  2.417 0.000   4.351 0.000   8.584 0.000   2.362 0.000   6.219 0.000 0.046 0.000  0.479 0.000
339.208333 340.208333   18.12 0.000  1.66 0.000 9.999 0.259000  0.95 0.000 0.073 0.000  1.822 0.000   3.279 0.000  10.427 0.000   1.938 0.000   8.518 0.000 0.037 0.000  1.370 0.000
342.208333 343.208333 9999.99 0.699 99.99 0.699 9.999 0.699000 99.99 0.699 9.999 0.699 99.999 0.699 999.999 0.699   4.827 0.000 999.999 0.699   3.862 0.000 9.999 0.699 99.999 0.699
345.208333 346.208333   11.67 0.000  1.33 0.000 9.999 0.259000  0.36 0.000 0.066 0.000  2.289 0.000   4.120 0.000   7.275 0.000   1.548 0.000   5.724 0.000 0.054 0.000  0.312 0.000
348.208333 349.208333   16.46 0.000  1.54 0.000 0.029 0.000000  4.33 0.000 0.121 0.000  1.307 0.000   2.352 0.000  11.266 0.000   3.804 0.000   7.460 0.000 0.052 0.000  1.037 0.000
351.208333 352.208333    5.98 0.000  1.28 0.000 0.020 0.000000  0.48 0.000 0.017 0.000  0.973 0.000   1.751 0.000   5.546 0.000   0.505 0.000   5.040 0.000 0.023 0.000  0.709 0.000
354.208333 355.208333   31.38 0.000  2.63 0.000 9.999 0.259000  0.51 0.000 0.201 0.000  2.901 0.000   5.221 0.000  13.219 0.000   1.558 0.000  11.656 0.000 0.063 0.000  1.129 0.000
357.208333 358.208333   27.54 0.000  1.99 0.000 0.014 0.000000  1.73 0.000 0.098 0.000  2.102 0.559   3.783 0.559  12.586 0.000   3.070 0.000   9.511 0.000 0.075 0.000  1.051 0.000
360.208333 361.208333   12.76 0.000  1.28 0.000 9.999 0.259000  0.12 0.000 0.041 0.000  0.130 0.559   0.234 0.559 999.999 0.456   3.001 0.000   4.884 0.000 0.028 0.000  0.508 0.000
363.208333 364.208333   12.73 0.000  1.05 0.000 9.999 0.259000 99.99 0.259 0.041 0.000  1.422 0.559   2.559 0.559   7.977 0.000   1.596 0.000   6.379 0.000 0.034 0.000  0.674 0.000
