scripts/IMPROVE-2019_partial/data/US1109R.20090101050000.20191216000000.filterpack...52w.3d.US03L_filterpack_US1109.US03L_IMPROVE_Davis.lev2.nas
52 1001
MISSING INFORMATION
US03L, IMPROVE, , , , , , , 
MISSING INFORMATION
IMPROVE sel_HTAP
1 1
2009 01 01 2019 12 16
3.000000
days from file reference point
5
1 1 1 1 1
999.999999 999.999 9.999 999.999 9.999
end_time of measurement, days from the file reference point
pm10_mass, ug/m3, Matrix=pm10
numflag pm10_mass, no unit, Matrix=pm10
pm25_mass, ug/m3, Matrix=pm25
numflag pm25_mass, no unit, Matrix=pm25
0
33
Data definition:              EBAS_1.1
Set type code:                TU
Timezone:                     UTC
File name:                    US1109R.20090101050000.20191216000000.filterpack...52w.3d.US03L_filterpack_US1109.US03L_IMPROVE_Davis.lev2.nas
File creation:                20191218120324
Startdate:                    20090101050000
Revision date:                20191216000000
Version:                      2
Version description:          "Data extracted from http://views.cira.colostate.edu/fed/DataWizard 2019-12-16"
Statistics:                   arithmetic mean
Data level:                   2
Period code:                  52w
Resolution code:              3d
Sample duration:              1d
Orig. time res.:              3d
Station code:                 US1109R
Platform code:                US1109S
Station name:                 Okefenokee National Wildlife Refuge (GA09)
Station latitude:             30.7403
Station longitude:            -82.1286
Station altitude:             47.0 m
Regime:                       IMG
Component:                    
Unit:                         ug/m3
Matrix:                       
Laboratory code:              US03L
Instrument type:              filterpack
Instrument name:              filterpack_US1109
Method ref:                   US03L_IMPROVE_Davis
Blank correction:             Blank corrected
Volume std. temperature:      ambient
Volume std. pressure:         ambient
starttime endtime PM10 flag_PM10 PM2.5 flag_PM2.5
  0.208333   1.208333   6.638 0.000   4.214 0.000
  3.208333   4.208333  10.614 0.000   8.559 0.000
  6.208333   7.208333   5.586 0.000   3.875 0.000
  9.208333  10.208333   7.050 0.000   5.967 0.000
 12.208333  13.208333   7.406 0.000   7.004 0.000
 15.208333  16.208333   8.097 0.000   8.161 0.000
 18.208333  19.208333   4.331 0.000   3.481 0.000
 21.208333  22.208333  23.801 0.000  10.402 0.000
 24.208333  25.208333  13.736 0.000  10.206 0.000
 27.208333  28.208333   8.792 0.000   5.998 0.000
 30.208333  31.208333   6.060 0.000   4.459 0.000
 33.208333  34.208333   7.034 0.000   3.919 0.000
 36.208333  37.208333  13.893 0.000  11.172 0.000
 39.208333  40.208333  16.690 0.000  12.155 0.000
 42.208333  43.208333  16.169 0.000   6.187 0.000
 45.208333  46.208333  14.343 0.000  11.571 0.000
 48.208333  49.208333  14.533 0.000   8.289 0.000
 51.208333  52.208333   9.151 0.000   7.634 0.000
 54.208333  55.208333  11.512 0.000   7.765 0.000
 57.208333  58.208333 999.999 0.699 999.999 0.699
 60.208333  61.208333   6.823 0.000   5.341 0.000
 63.208333  64.208333  11.059 0.000   6.865 0.000
 66.208333  67.208333  17.883 0.000   9.992 0.000
 69.208333  70.208333  21.279 0.000  11.138 0.000
 72.208333  73.208333  13.963 0.000  11.303 0.000
 75.208333  76.208333   6.370 0.000   3.514 0.000
 78.208333  79.208333  13.511 0.000   8.334 0.000
 81.208333  82.208333  11.614 0.000   4.824 0.000
 84.208333  85.208333  20.006 0.000   8.585 0.000
 87.208333  88.208333   9.575 0.000   4.571 0.000
 90.208333  91.208333   3.562 0.000   2.515 0.000
 93.208333  94.208333   9.369 0.000   7.671 0.000
 96.208333  97.208333   8.922 0.000   4.626 0.000
 99.208333 100.208333  13.877 0.000   7.764 0.000
102.208333 103.208333  15.225 0.000   8.092 0.000
105.208333 106.208333 999.999 0.456   6.899 0.000
108.208333 109.208333 999.999 0.456   5.836 0.000
111.208333 112.208333  10.851 0.000   5.635 0.000
114.208333 115.208333  13.369 0.000   8.846 0.000
117.208333 118.208333  14.307 0.000   6.546 0.000
120.208333 121.208333  15.137 0.000   8.719 0.000
123.208333 124.208333  13.220 0.000   6.839 0.000
126.208333 127.208333  14.803 0.000   7.327 0.000
129.208333 130.208333  15.361 0.000  10.737 0.000
132.208333 133.208333  10.990 0.000   4.812 0.000
135.208333 136.208333   8.440 0.000   4.105 0.000
138.208333 139.208333   8.322 0.000   5.709 0.000
141.208333 142.208333  10.149 0.000   5.445 0.000
144.208333 145.208333  10.075 0.000   5.327 0.000
147.208333 148.208333  12.130 0.000   6.607 0.000
150.208333 151.208333  11.945 0.000   9.558 0.000
153.208333 154.208333  13.949 0.000   9.240 0.000
156.208333 157.208333   9.167 0.000   4.235 0.000
159.208333 160.208333  17.008 0.000  13.673 0.000
162.208333 163.208333  20.738 0.000  14.663 0.000
165.208333 166.208333  14.679 0.000  10.958 0.000
168.208333 169.208333  15.839 0.000   9.967 0.000
171.208333 172.208333  20.915 0.000  16.552 0.000
174.208333 175.208333  15.911 0.000  11.992 0.000
177.208333 178.208333  13.153 0.000   9.622 0.000
180.208333 181.208333  17.592 0.000  10.655 0.000
183.208333 184.208333  18.702 0.000  12.171 0.000
186.208333 187.208333  12.396 0.000   7.803 0.000
189.208333 190.208333  12.006 0.000   4.728 0.000
192.208333 193.208333   8.416 0.000   4.799 0.000
195.208333 196.208333  12.935 0.000   8.120 0.000
198.208333 199.208333  11.279 0.000   5.878 0.000
201.208333 202.208333  16.326 0.000  12.438 0.000
204.208333 205.208333  12.442 0.000   6.963 0.000
207.208333 208.208333 999.999 0.999 999.999 0.999
210.208333 211.208333  13.188 0.000   6.872 0.000
213.208333 214.208333  15.207 0.000   7.642 0.000
216.208333 217.208333  15.063 0.000   8.859 0.000
219.208333 220.208333  21.773 0.000  12.969 0.000
222.208333 223.208333  16.683 0.000  11.821 0.000
225.208333 226.208333   7.917 0.000   5.978 0.000
228.208333 229.208333  16.087 0.000   8.031 0.000
231.208333 232.208333  10.373 0.000   5.809 0.000
234.208333 235.208333  11.739 0.000   6.703 0.000
237.208333 238.208333   7.974 0.000   4.520 0.000
240.208333 241.208333   9.659 0.000   5.439 0.000
243.208333 244.208333   9.563 0.000   7.239 0.000
246.208333 247.208333   9.456 0.000   6.137 0.000
249.208333 250.208333   9.199 0.000   6.737 0.000
252.208333 253.208333   9.929 0.000   5.636 0.000
255.208333 256.208333   6.006 0.000   3.655 0.000
258.208333 259.208333   7.615 0.000   4.667 0.000
261.208333 262.208333   8.667 0.000   7.399 0.000
264.208333 265.208333   7.568 0.000   5.024 0.000
267.208333 268.208333   5.399 0.000   3.198 0.000
270.208333 271.208333  10.408 0.000   8.222 0.000
273.208333 274.208333  12.436 0.000   7.554 0.000
276.208333 277.208333  15.593 0.000  10.206 0.000
279.208333 280.208333   8.325 0.000   6.951 0.000
282.208333 283.208333   9.586 0.000   6.715 0.000
285.208333 286.208333   7.373 0.000   5.341 0.000
288.208333 289.208333   8.087 0.000   5.960 0.000
291.208333 292.208333  13.014 0.000   7.504 0.000
294.208333 295.208333  13.016 0.000   5.343 0.000
297.208333 298.208333   7.253 0.000   5.485 0.000
300.208333 301.208333   7.809 0.000   4.743 0.000
303.208333 304.208333   7.547 0.000   5.297 0.000
306.208333 307.208333  10.055 0.000   7.873 0.000
309.208333 310.208333  13.535 0.000   6.460 0.000
312.208333 313.208333  11.703 0.000   5.103 0.000
315.208333 316.208333   2.245 0.000   1.555 0.000
318.208333 319.208333   8.883 0.000   7.604 0.000
321.208333 322.208333  12.012 0.000   9.656 0.000
324.208333 325.208333  12.883 0.000  10.559 0.000
327.208333 328.208333   9.825 0.000   8.733 0.000
330.208333 331.208333   5.022 0.000   3.005 0.000
333.208333 334.208333   7.631 0.000   5.927 0.000
336.208333 337.208333   8.341 0.000   4.201 0.000
339.208333 340.208333   8.248 0.000   6.287 0.000
342.208333 343.208333  10.233 0.000   7.211 0.000
345.208333 346.208333   5.072 0.000   3.532 0.000
348.208333 349.208333   6.084 0.000   4.085 0.000
351.208333 352.208333   7.881 0.000   2.696 0.000
354.208333 355.208333   8.984 0.000   8.768 0.000
357.208333 358.208333  10.742 0.000   7.370 0.000
360.208333 361.208333   5.722 0.000   3.891 0.000
363.208333 364.208333  12.012 0.000   6.989 0.000
