scripts/IMPROVE-2019_partial/data/US1109R.19940101050000.20191216000000.filterpack...1y.3d.US03L_filterpack_US1109.US03L_IMPROVE_Davis.lev2.nas
51 1001
MISSING INFORMATION
US03L, IMPROVE, , , , , , , 
MISSING INFORMATION
IMPROVE sel_HTAP
1 1
1994 01 01 2019 12 16
0
days from file reference point
4
1 1 1 1
999.999999 999.999 999.999 9.999
end_time of measurement, days from the file reference point
pm10_mass, ug/m3, Matrix=pm10
pm25_mass, ug/m3, Matrix=pm25
numflag, no unit
0
33
Data definition:              EBAS_1.1
Set type code:                TI
Timezone:                     UTC
File name:                    US1109R.19940101050000.20191216000000.filterpack...1y.3d.US03L_filterpack_US1109.US03L_IMPROVE_Davis.lev2.nas
File creation:                20191218120322
Startdate:                    19940101050000
Revision date:                20191216000000
Version:                      2
Version description:          "Data extracted from http://views.cira.colostate.edu/fed/DataWizard 2019-12-16"
Statistics:                   arithmetic mean
Data level:                   2
Period code:                  1y
Resolution code:              3d
Sample duration:              1d
Orig. time res.:              3d
Station code:                 US1109R
Platform code:                US1109S
Station name:                 Okefenokee National Wildlife Refuge (GA09)
Station latitude:             30.7403
Station longitude:            -82.1286
Station altitude:             47.0 m
Regime:                       IMG
Component:                    
Unit:                         ug/m3
Matrix:                       
Laboratory code:              US03L
Instrument type:              filterpack
Instrument name:              filterpack_US1109
Method ref:                   US03L_IMPROVE_Davis
Blank correction:             Blank corrected
Volume std. temperature:      ambient
Volume std. pressure:         ambient
starttime endtime PM10 PM2.5 flag
  0.208333   1.208333  10.487   6.389 0.000
  4.208333   5.208333  12.523   8.972 0.000
  7.208333   8.208333   7.613   5.000 0.000
 11.208333  12.208333  16.814   9.564 0.000
 14.208333  15.208333  12.557   4.299 0.000
 18.208333  19.208333  10.978   5.031 0.000
 21.208333  22.208333  41.179  29.072 0.000
 25.208333  26.208333  21.255  10.492 0.000
 28.208333  29.208333   5.398   2.538 0.000
 32.208333  33.208333  16.119   6.838 0.000
 35.208333  36.208333 999.999 999.999 0.999
 39.208333  40.208333  14.470   9.194 0.000
 42.208333  43.208333  14.173   8.537 0.000
 46.208333  47.208333  18.137  11.157 0.000
 49.208333  50.208333  15.224   8.820 0.000
 53.208333  54.208333  10.805   7.234 0.000
 56.208333  57.208333  16.240   9.628 0.000
 60.208333  61.208333   5.968   3.705 0.000
 63.208333  64.208333  14.348  11.064 0.000
 67.208333  68.208333  15.238   7.738 0.000
 70.208333  71.208333  15.000  10.178 0.000
 74.208333  75.208333  16.667  11.347 0.000
 77.208333  78.208333  16.417   9.694 0.000
 81.208333  82.208333  24.038  19.219 0.000
 84.208333  85.208333  14.000  10.507 0.000
 88.208333  89.208333  13.096   9.112 0.000
 91.208333  92.208333  20.324  13.036 0.000
 95.208333  96.208333  18.978  12.371 0.000
 98.208333  99.208333  19.188  10.453 0.000
102.208333 103.208333  14.143   6.657 0.000
105.208333 106.208333  14.745   7.083 0.000
109.208333 110.208333  16.348  10.408 0.000
112.208333 113.208333  14.536  11.890 0.000
116.208333 117.208333  14.275   7.122 0.000
119.208333 120.208333  17.044   9.254 0.000
123.208333 124.208333   9.474   6.785 0.000
126.208333 127.208333  29.610  14.401 0.000
130.208333 131.208333  29.057  21.437 0.000
133.208333 134.208333  33.333  23.952 0.000
137.208333 138.208333  25.882  16.006 0.000
140.208333 141.208333  21.029  11.141 0.000
144.208333 145.208333  32.724  29.424 0.000
147.208333 148.208333  25.840  16.576 0.000
151.208333 152.208333  18.163  11.150 0.000
154.208333 155.208333  22.000   9.228 0.000
158.208333 159.208333  11.312   6.228 0.000
161.208333 162.208333  19.478  10.723 0.000
165.208333 166.208333  21.742  12.690 0.000
168.208333 169.208333  12.734   4.773 0.000
172.208333 173.208333  16.185  10.090 0.000
175.208333 176.208333  26.434  12.922 0.000
179.208333 180.208333  41.931  21.084 0.000
182.208333 183.208333  12.118   7.417 0.000
186.208333 187.208333  21.477  15.373 0.000
189.208333 190.208333  13.000   6.765 0.000
193.208333 194.208333  26.107  13.667 0.000
196.208333 197.208333  84.320  30.125 0.000
200.208333 201.208333 999.999 999.999 0.999
203.208333 204.208333 999.999 999.999 0.999
207.208333 208.208333 999.999 999.999 0.999
210.208333 211.208333  22.500   7.570 0.000
214.208333 215.208333  11.480   6.420 0.000
217.208333 218.208333  13.246   8.862 0.000
221.208333 222.208333 999.999 999.999 0.999
224.208333 225.208333  18.803   8.766 0.000
228.208333 229.208333  14.047   8.822 0.000
231.208333 232.208333  24.194  13.505 0.000
235.208333 236.208333  20.037  13.935 0.000
238.208333 239.208333  12.227   5.534 0.000
242.208333 243.208333  26.757  15.196 0.000
245.208333 246.208333  22.653   8.464 0.000
249.208333 250.208333  20.498  13.782 0.000
252.208333 253.208333  13.228   7.403 0.000
256.208333 257.208333  14.373   7.580 0.000
259.208333 260.208333   9.453   7.444 0.000
263.208333 264.208333  15.798   6.825 0.000
266.208333 267.208333  12.607   7.724 0.000
270.208333 271.208333  24.542  16.968 0.000
273.208333 274.208333  24.196  13.778 0.000
277.208333 278.208333  14.150   8.808 0.000
280.208333 281.208333  20.776  12.715 0.000
284.208333 285.208333   5.547   3.894 0.000
287.208333 288.208333  12.227   7.836 0.000
291.208333 292.208333  14.683   7.157 0.000
294.208333 295.208333  16.891  10.980 0.000
298.208333 299.208333  28.031  19.618 0.000
301.208333 302.208333  22.172  10.382 0.000
305.208333 306.208333   9.163   4.345 0.000
308.208333 309.208333  12.072   5.968 0.000
312.208333 313.208333   8.935   4.984 0.000
315.208333 316.208333  25.100  10.772 0.000
319.208333 320.208333 999.999 999.999 0.999
322.208333 323.208333  14.917  10.557 0.000
326.208333 327.208333 999.999 999.999 0.999
329.208333 330.208333  19.227   8.599 0.000
333.208333 334.208333   7.511   4.492 0.000
336.208333 337.208333  21.374   9.933 0.000
340.208333 341.208333  16.854  10.767 0.000
343.208333 344.208333  17.524  12.300 0.000
347.208333 348.208333  18.605  13.464 0.000
350.208333 351.208333  11.940   6.471 0.000
354.208333 355.208333  11.262   6.698 0.000
357.208333 358.208333  19.202  13.302 0.000
361.208333 362.208333  14.020   6.551 0.000
364.208333 365.208333  18.291  10.126 0.000
