scripts/IMPROVE-2019_partial/data/US1109R.20000101050000.20191216000000.filterpack..pm25.52w.1w.US03L_filterpack_US1109.US03L_IMPROVE_Davis.lev2.nas
66 1001
MISSING INFORMATION
US03L, IMPROVE, , , , , , , 
MISSING INFORMATION
IMPROVE sel_HTAP
1 1
2000 01 01 2019 12 16
0
days from file reference point
27
1 1 1 1 1 1 1 1 1 1 1 1 1 1 1 1 1 1 1 1 1 1 1 1 1 1 1
999.999999 9999.99 9.999 99.99 9.999999 9.999 9.999999 99.99 9.999999 9.999 9.999 999.999 9.999 999.999 9.999 99.99 9.999999 999.999 9.999 999.999 9.999 999.999 9.999 9.999 9.999 99.999 9.999
end_time of measurement, days from the file reference point
iron, ng/m3, Revision date=20181210133000
numflag iron, no unit, Revision date=20181210133000
lead, ng/m3, Revision date=20181210133000
numflag lead, no unit, Revision date=20181210133000
magnesium, ug/m3, Revision date=20181210133000
numflag magnesium, no unit, Revision date=20181210133000
nickel, ng/m3, Revision date=20181210133000
numflag nickel, no unit, Revision date=20181210133000
nitrate, ug N/m3, Revision date=20181210133000
numflag nitrate, no unit, Revision date=20181210133000
organic_carbon, ug C/m3, Revision date=20181210133000
numflag organic_carbon, no unit, Revision date=20181210133000
organic_mass, ug/m3, Revision date=20181210133000
numflag organic_mass, no unit, Revision date=20181210133000
phosphorus, ng/m3, Revision date=20181210133000
numflag phosphorus, no unit, Revision date=20181210133000
pm10_mass, ug/m3, Version=2, Version description=Data extracted from http://views.cira.colostate.edu/fed/DataWizard 2019-12-16, Sample duration=1d, Orig. time res.=3d, Matrix=pm10, Blank correction=Blank corrected, Volume std. temperature=ambient, Volume std. pressure=ambient
numflag pm10_mass, no unit, Version=2, Version description=Data extracted from http://views.cira.colostate.edu/fed/DataWizard 2019-12-16, Sample duration=1d, Orig. time res.=3d, Matrix=pm10, Blank correction=Blank corrected, Volume std. temperature=ambient, Volume std. pressure=ambient
pm10_pm25_mass, ug/m3, Revision date=20181210133000, Matrix=pm10_pm25
numflag pm10_pm25_mass, no unit, Revision date=20181210133000, Matrix=pm10_pm25
pm25_mass, ug/m3, Version=2, Version description=Data extracted from http://views.cira.colostate.edu/fed/DataWizard 2019-12-16, Sample duration=1d, Orig. time res.=3d, Blank correction=Blank corrected, Volume std. temperature=ambient, Volume std. pressure=ambient
numflag pm25_mass, no unit, Version=2, Version description=Data extracted from http://views.cira.colostate.edu/fed/DataWizard 2019-12-16, Sample duration=1d, Orig. time res.=3d, Blank correction=Blank corrected, Volume std. temperature=ambient, Volume std. pressure=ambient
potassium, ug/m3, Revision date=20181210133000
numflag potassium, no unit, Revision date=20181210133000
sulphate_total, ug S/m3, Revision date=20181210133000
numflag sulphate_total, no unit, Revision date=20181210133000
0
25
Data definition:              EBAS_1.1
Set type code:                TI
Timezone:                     UTC
File name:                    US1109R.20000101050000.20191216000000.filterpack..pm25.52w.1w.US03L_filterpack_US1109.US03L_IMPROVE_Davis.lev2.nas
File creation:                20191218120322
Startdate:                    20000101050000
Revision date:                20191216000000
Statistics:                   arithmetic mean
Data level:                   2
Period code:                  52w
Resolution code:              1w
Station code:                 US1109R
Platform code:                US1109S
Station name:                 Okefenokee National Wildlife Refuge (GA09)
Station latitude:             30.7403
Station longitude:            -82.1286
Station altitude:             47.0 m
Regime:                       IMG
Component:                    
Matrix:                       pm25
Laboratory code:              US03L
Instrument type:              filterpack
Instrument name:              filterpack_US1109
Method ref:                   US03L_IMPROVE_Davis
starttime endtime Fe flag_Fe Pb flag_Pb Mg++ flag_Mg++ Ni flag_Ni NO3- flag_NO3- OC flag_OC OM flag_OM P flag_P PM10 flag_PM10 PM10-PM2.5 flag_PM10-PM2.5 PM2.5 flag_PM2.5 K+ flag_K+ SO4-- flag_SO4--
[from data line 79]
273.208333 274.208333   24.12 0.000  1.16 0.000000 9.999 0.259000 99.99 0.259000 0.125 0.000   1.052 0.000   1.473 0.000 99.99 0.259000  14.854 0.000   4.718 0.000  10.136 0.000 0.046 0.000  1.699 0.000
276.208333 277.208333   17.58 0.000 99.99 0.259000 9.999 0.259000  0.44 0.000000 0.096 0.000   1.091 0.000   1.528 0.000 99.99 0.259000   8.218 0.000   2.993 0.000   5.226 0.000 0.023 0.000  0.597 0.000
279.208333 280.208333   12.23 0.000  0.51 0.000000 9.999 0.259000  1.63 0.000000 0.052 0.000   1.621 0.000   2.269 0.000 99.99 0.259000   9.878 0.000   3.267 0.000   6.611 0.000 0.030 0.000  0.791 0.000
282.208333 283.208333   19.54 0.000  1.06 0.000000 9.999 0.259000 99.99 0.259000 0.103 0.000   0.794 0.000   1.112 0.000 99.99 0.259000   7.464 0.000   2.393 0.000   5.072 0.000 0.031 0.000  1.234 0.000
285.208333 286.208333   31.56 0.000  1.21 0.000000 9.999 0.259000 99.99 0.259000 0.062 0.000   3.268 0.000   4.575 0.000 99.99 0.259000  16.823 0.000   5.297 0.000  11.526 0.000 0.061 0.000  1.305 0.000
288.208333 289.208333   41.49 0.000  1.50 0.000000 9.999 0.259000 99.99 0.259000 0.035 0.000   3.241 0.000   4.538 0.000 99.99 0.259000  17.974 0.000   3.761 0.000  14.213 0.000 0.065 0.000  1.949 0.000
291.208333 292.208333   56.51 0.000  1.96 0.000000 9.999 0.259000 99.99 0.259000 0.045 0.000   5.066 0.000   7.093 0.000 99.99 0.259000  33.993 0.000  13.337 0.000  20.656 0.000 0.085 0.000  2.492 0.000
294.208333 295.208333   22.20 0.000  0.78 0.000000 9.999 0.259000 99.99 0.259000 0.074 0.000   1.283 0.000   1.796 0.000 99.99 0.259000  11.029 0.000   3.739 0.000   7.290 0.000 0.039 0.000  1.243 0.000
297.208333 298.208333   19.86 0.000  0.50 0.000000 9.999 0.259000 99.99 0.259000 0.212 0.000   1.625 0.000   2.276 0.000 99.99 0.259000  14.636 0.000   8.113 0.000   6.522 0.000 0.065 0.000  0.499 0.000
300.208333 301.208333   32.02 0.000  1.41 0.000000 9.999 0.259000 99.99 0.259000 0.088 0.000   2.635 0.000   3.689 0.000 99.99 0.259000  15.114 0.000   3.412 0.000  11.702 0.000 0.050 0.000  1.573 0.000
303.208333 304.208333   32.66 0.000  1.58 0.000000 9.999 0.259000 99.99 0.259000 0.088 0.000   1.753 0.000   2.455 0.000 99.99 0.259000  17.343 0.000   5.611 0.000  11.732 0.000 0.047 0.000  1.904 0.000
306.208333 307.208333   41.08 0.000  2.26 0.000000 9.999 0.259000 99.99 0.259000 0.073 0.559   3.311 0.000   4.636 0.000 99.99 0.259000  20.580 0.000   6.490 0.000  14.091 0.000 0.052 0.000  1.825 0.559
309.208333 310.208333   41.59 0.559  1.68 0.559000 9.999 0.559259 99.99 0.559259 0.074 0.000   7.111 0.000   9.956 0.000 99.99 0.559259  32.118 0.000   3.344 0.000  28.774 0.559 0.079 0.559  3.479 0.000
312.208333 313.208333   37.38 0.000  3.07 0.000000 9.999 0.259000  0.73 0.000000 0.115 0.000   2.475 0.000   3.465 0.000 99.99 0.259000  22.839 0.000   9.435 0.000  13.404 0.000 0.052 0.000  1.962 0.000
315.208333 316.208333   23.41 0.000  0.83 0.000000 9.999 0.259000 99.99 0.259000 0.095 0.000   2.232 0.000   3.125 0.000 99.99 0.259000  11.029 0.000   4.055 0.000   6.974 0.000 0.039 0.000  0.641 0.000
318.208333 319.208333   20.23 0.000  1.83 0.000000 9.999 0.259000 99.99 0.259000 0.079 0.000   2.175 0.000   3.045 0.000 99.99 0.259000   9.644 0.000   2.119 0.000   7.525 0.000 0.087 0.000  0.762 0.000
321.208333 322.208333   18.76 0.000  1.58 0.000000 0.050 0.000000 99.99 0.259000 0.091 0.000   2.291 0.000   3.207 0.000 99.99 0.259000  11.475 0.000   2.048 0.000   9.427 0.000 0.052 0.000  1.105 0.000
324.208333 325.208333    7.03 0.000  0.57 0.000000 9.999 0.259000 99.99 0.259000 0.120 0.000   0.873 0.000   1.222 0.000 99.99 0.259000   6.128 0.000   0.991 0.000   5.137 0.000 0.022 0.000  0.902 0.000
327.208333 328.208333   17.30 0.000  1.71 0.000000 9.999 0.259000 99.99 0.259000 9.999 0.456   1.450 0.000   2.030 0.000 99.99 0.259000   7.609 0.000   2.530 0.000   5.079 0.000 0.041 0.000 99.999 0.456
330.208333 331.208333    5.69 0.000  0.86 0.000000 0.013 0.000000 99.99 0.259000 9.999 0.456   1.300 0.000   1.820 0.000 99.99 0.259000   8.690 0.000   3.042 0.000   5.648 0.000 0.027 0.000 99.999 0.456
333.208333 334.208333   18.42 0.000  1.70 0.000000 9.999 0.259000 99.99 0.259000 0.067 0.559   2.764 0.000   3.870 0.000 99.99 0.259000  10.175 0.000   1.934 0.000   8.241 0.000 0.063 0.000  0.619 0.559
336.208333 337.208333   20.96 0.000  1.66 0.000000 9.999 0.259000  1.04 0.000000 0.185 0.000   2.730 0.000   3.822 0.000 99.99 0.259000  13.035 0.000   1.628 0.000  11.407 0.000 0.066 0.000  1.243 0.000
339.208333 340.208333   21.58 0.000  2.04 0.000000 9.999 0.259000  0.17 0.000000 0.149 0.000   2.795 0.000   3.913 0.000 99.99 0.259000  11.480 0.000   1.706 0.000   9.773 0.000 0.055 0.000  0.788 0.000
342.208333 343.208333   20.68 0.000  2.62 0.000000 9.999 0.259000  0.11 0.000000 0.082 0.000   3.554 0.000   4.975 0.000 99.99 0.259000  16.971 0.000   4.117 0.000  12.855 0.000 0.063 0.000  1.331 0.000
345.208333 346.208333   18.95 0.000  1.70 0.000000 9.999 0.259000  2.72 0.000000 0.137 0.000   2.300 0.000   3.220 0.000 99.99 0.259000  19.942 0.000   1.532 0.000  18.410 0.000 0.074 0.000  3.264 0.000
348.208333 349.208333   11.76 0.000  0.99 0.000000 9.999 0.259000  1.60 0.000000 0.125 0.000   1.031 0.000   1.443 0.000 99.99 0.259000  10.435 0.000   1.806 0.000   8.629 0.000 0.048 0.000  1.526 0.000
351.208333 352.208333   18.02 0.000  0.77 0.000000 9.999 0.259000 99.99 0.259000 0.065 0.000   0.831 0.000   1.163 0.000 99.99 0.259000   7.947 0.000   4.102 0.000   3.845 0.000 0.031 0.000  0.390 0.000
354.208333 355.208333   37.12 0.559  1.53 0.559000 9.999 0.559259 99.99 0.559259 0.150 0.000   1.199 0.000   1.678 0.000 99.99 0.559259   8.976 0.000   2.203 0.000   6.773 0.559 0.047 0.559  0.891 0.000
357.208333 358.208333   23.09 0.000  1.14 0.000000 9.999 0.259000  0.52 0.000000 0.188 0.000   1.087 0.000   1.523 0.000 99.99 0.259000  11.266 0.000   5.298 0.000   5.969 0.000 0.048 0.000  0.732 0.000
360.208333 361.208333   13.79 0.000  1.62 0.000000 9.999 0.259000  0.66 0.000000 0.154 0.000   1.443 0.000   2.020 0.000 99.99 0.259000  12.381 0.000   5.823 0.000   6.558 0.000 0.043 0.000  0.700 0.000
363.208333 364.208333   11.28 0.000  1.22 0.000000 9.999 0.259000  0.30 0.000000 0.116 0.000   1.155 0.000   1.617 0.000 99.99 0.259000   7.683 0.000   0.997 0.000   6.686 0.000 0.031 0.000  0.982 0.000
