scripts/IMPROVE-2019_partial/data/US1109R.20060102050000.20191216000000.filterpack..pm25.52w.1w.US03L_filterpack_US1109.US03L_IMPROVE_Davis.lev2.nas
64 1001
MISSING INFORMATION
US03L, IMPROVE, , , , , , , 
MISSING INFORMATION
IMPROVE sel_HTAP
1 1
2006 01 01 2019 12 16
3.000000
days from file reference point
25
1 1 1 1 1 1 1 1 1 1 1 1 1 1 1 1 1 1 1 1 1 1 1 1 1
999.999999 9999.99 9.999 99.99 9.999 9.999 9.999999 99.99 9.999 9.999 9.999 999.999 9.999 999.999 9.999 999.999 9.999 999.999 9.999 999.999 9.999 9.999 9.999 99.999 9.999
end_time of measurement, days from the file reference point
iron, ng/m3, Revision date=20181210133000
numflag iron, no unit, Revision date=20181210133000
lead, ng/m3, Revision date=20181210133000
numflag lead, no unit, Revision date=20181210133000
magnesium, ug/m3, Revision date=20181210133000
numflag magnesium, no unit, Revision date=20181210133000
nickel, ng/m3, Revision date=20181210133000
numflag nickel, no unit, Revision date=20181210133000
nitrate, ug N/m3, Revision date=20181210133000
numflag nitrate, no unit, Revision date=20181210133000
organic_carbon, ug C/m3, Revision date=20181210133000
numflag organic_carbon, no unit, Revision date=20181210133000
organic_mass, ug/m3, Revision date=20181210133000
numflag organic_mass, no unit, Revision date=20181210133000
pm10_mass, ug/m3, Version=2, Version description=Data extracted from http://views.cira.colostate.edu/fed/DataWizard 2019-12-16, Sample duration=1d, Orig. time res.=3d, Matrix=pm10, Blank correction=Blank corrected, Volume std. temperature=ambient, Volume std. pressure=ambient
numflag pm10_mass, no unit, Version=2, Version description=Data extracted from http://views.cira.colostate.edu/fed/DataWizard 2019-12-16, Sample duration=1d, Orig. time res.=3d, Matrix=pm10, Blank correction=Blank corrected, Volume std. temperature=ambient, Volume std. pressure=ambient
pm10_pm25_mass, ug/m3, Revision date=20181210133000, Matrix=pm10_pm25
numflag pm10_pm25_mass, no unit, Revision date=20181210133000, Matrix=pm10_pm25
pm25_mass, ug/m3, Version=2, Version description=Data extracted from http://views.cira.colostate.edu/fed/DataWizard 2019-12-16, Sample duration=1d, Orig. time res.=3d, Blank correction=Blank corrected, Volume std. temperature=ambient, Volume std. pressure=ambient
numflag pm25_mass, no unit, Version=2, Version description=Data extracted from http://views.cira.colostate.edu/fed/DataWizard 2019-12-16, Sample duration=1d, Orig. time res.=3d, Blank correction=Blank corrected, Volume std. temperature=ambient, Volume std. pressure=ambient
potassium, ug/m3, Revision date=20181210133000
numflag potassium, no unit, Revision date=20181210133000
sulphate_total, ug S/m3, Revision date=20181210133000
numflag sulphate_total, no unit, Revision date=20181210133000
0
25
Data definition:              EBAS_1.1
Set type code:                TU
Timezone:                     UTC
File name:                    US1109R.20060102050000.20191216000000.filterpack..pm25.52w.1w.US03L_filterpack_US1109.US03L_IMPROVE_Davis.lev2.nas
File creation:                20191218120324
Startdate:                    20060102050000
Revision date:                20191216000000
Statistics:                   arithmetic mean
Data level:                   2
Period code:                  52w
Resolution code:              1w
Station code:                 US1109R
Platform code:                US1109S
Station name:                 Okefenokee National Wildlife Refuge (GA09)
Station latitude:             30.7403
Station longitude:            -82.1286
Station altitude:             47.0 m
Regime:                       IMG
Component:                    
Matrix:                       pm25
Laboratory code:              US03L
Instrument type:              filterpack
Instrument name:              filterpack_US1109
Method ref:                   US03L_IMPROVE_Davis
starttime endtime Fe flag_Fe Pb flag_Pb Mg++ flag_Mg++ Ni flag_Ni NO3- flag_NO3- OC flag_OC OM flag_OM PM10 flag_PM10 PM10-PM2.5 flag_PM10-PM2.5 PM2.5 flag_PM2.5 K+ flag_K+ SO4-- flag_SO4--
[from data line 88]
265.208333 266.208333   36.48 0.000  3.16 0.000 0.024 0.000000  0.79 0.000 0.048 0.559   1.508 0.000   2.715 0.000  15.311 0.000   4.842 0.000  10.469 0.000 0.040 0.000  1.544 0.559
268.208333 269.208333   27.78 0.000  1.04 0.000 9.999 0.259000 99.99 0.259 0.019 0.559   2.073 0.000   3.732 0.000  13.737 0.000   4.987 0.000   8.749 0.000 0.040 0.000  0.825 0.559
271.208333 272.208333   28.51 0.000  1.56 0.000 9.999 0.259000  0.19 0.000 0.022 0.559   2.187 0.000   3.937 0.000  13.678 0.000   4.245 0.000   9.434 0.000 0.045 0.000  0.908 0.559
274.208333 275.208333   43.07 0.000  2.56 0.000 9.999 0.259000  0.41 0.000 0.028 0.559   2.542 0.000   4.575 0.000  21.886 0.000   6.196 0.000  15.690 0.000 0.051 0.000  2.016 0.559
277.208333 278.208333   28.90 0.000  1.50 0.000 9.999 0.259000  0.58 0.000 0.026 0.559   1.192 0.000   2.146 0.000  12.241 0.000   3.743 0.000   8.498 0.000 0.045 0.000  1.240 0.559
280.208333 281.208333   18.70 0.000  1.71 0.000 0.005 0.000000 99.99 0.259 0.018 0.559   0.854 0.000   1.537 0.000   6.284 0.000   1.895 0.000   4.388 0.000 0.019 0.000  0.486 0.559
283.208333 284.208333   24.44 0.000  1.15 0.000 9.999 0.259000  0.32 0.000 0.042 0.559   1.903 0.000   3.425 0.000  13.245 0.000   4.236 0.000   9.009 0.000 0.043 0.000  1.024 0.559
286.208333 287.208333   71.51 0.000  1.33 0.000 9.999 0.259000 99.99 0.259 0.025 0.559   2.038 0.000   3.668 0.000  23.502 0.000  16.346 0.000   7.157 0.000 0.059 0.000  0.390 0.559
289.208333 290.208333   30.80 0.000  1.50 0.000 0.014 0.000000  0.49 0.000 0.062 0.559   1.177 0.000   2.118 0.000 999.999 0.456 999.999 0.999   6.704 0.000 0.039 0.000  0.822 0.559
292.208333 293.208333    8.57 0.000  0.63 0.000 0.023 0.000000  0.60 0.000 0.028 0.559   1.320 0.000   2.376 0.000  10.108 0.000   3.587 0.000   6.522 0.000 0.027 0.000  0.873 0.559
295.208333 296.208333   16.26 0.000  1.31 0.000 9.999 0.259000 99.99 0.259 0.021 0.559   1.492 0.000   2.685 0.000   9.862 0.000   2.417 0.000   7.444 0.000 0.032 0.000  0.947 0.559
298.208333 299.208333 9999.99 0.999 99.99 0.999 9.999 0.999000 99.99 0.999 9.999 0.999 999.999 0.999 999.999 0.999 999.999 0.999 999.999 0.999 999.999 0.999 9.999 0.999 99.999 0.999
301.208333 302.208333 9999.99 0.999 99.99 0.999 9.999 0.999000 99.99 0.999 9.999 0.999 999.999 0.999 999.999 0.999 999.999 0.999 999.999 0.999 999.999 0.999 9.999 0.999 99.999 0.999
304.208333 305.208333    8.75 0.000  0.49 0.000 9.999 0.259000  1.04 0.000 0.050 0.559   0.933 0.000   1.679 0.000   9.622 0.000   4.660 0.000   4.963 0.000 0.031 0.000  0.452 0.559
307.208333 308.208333   27.88 0.000  1.54 0.000 9.999 0.259000  0.54 0.000 0.120 0.000   1.246 0.559   2.244 0.559  15.660 0.000   8.708 0.000   6.952 0.000 0.039 0.000  0.717 0.000
310.208333 311.208333    8.70 0.000  0.41 0.000 0.044 0.000000  0.84 0.000 0.101 0.000   1.042 0.000   1.876 0.000   9.410 0.000   4.214 0.000   5.196 0.000 0.038 0.000  0.394 0.000
313.208333 314.208333   34.71 0.000  2.54 0.000 9.999 0.259000  0.65 0.000 0.086 0.000   7.243 0.559  13.038 0.559  27.065 0.000   5.063 0.000  22.001 0.000 0.064 0.000  1.445 0.000
316.208333 317.208333   24.70 0.000  1.09 0.000 9.999 0.259000 99.99 0.259 0.080 0.000   1.505 0.559   2.709 0.559  11.603 0.000   4.963 0.000   6.640 0.000 0.024 0.000  0.866 0.000
319.208333 320.208333   18.97 0.000  0.59 0.000 0.012 0.000000  0.49 0.000 0.076 0.000   1.145 0.000   2.060 0.000  11.556 0.000   5.545 0.000   6.011 0.000 0.036 0.000  0.725 0.000
322.208333 323.208333   20.61 0.000  1.89 0.000 9.999 0.259000  0.12 0.000 0.040 0.000   2.055 0.000   3.699 0.000  10.072 0.000   1.832 0.000   8.241 0.000 0.045 0.000  0.810 0.000
325.208333 326.208333 9999.99 0.999 99.99 0.999 9.999 0.999000 99.99 0.999 0.054 0.000   1.203 0.000   2.164 0.000   7.457 0.000 999.999 0.999 999.999 0.999 9.999 0.999  0.734 0.000
328.208333 329.208333   14.34 0.000  1.87 0.000 9.999 0.259000  0.60 0.000 0.075 0.000   1.492 0.000   2.685 0.000   9.072 0.000   3.024 0.000   6.048 0.000 0.030 0.000  0.520 0.000
331.208333 332.208333    6.53 0.000  2.54 0.000 0.039 0.000000  1.36 0.000 0.083 0.000   0.985 0.000   1.772 0.000   9.277 0.000   5.314 0.000   3.963 0.000 0.039 0.000  0.317 0.000
334.208333 335.208333    6.77 0.000  0.60 0.000 0.080 0.000000  0.73 0.000 0.136 0.000   0.988 0.000   1.778 0.000  11.680 0.000   5.801 0.000   5.878 0.000 0.065 0.000  0.503 0.000
337.208333 338.208333   17.86 0.000  1.27 0.000 9.999 0.259000  0.22 0.000 0.050 0.000   2.171 0.000   3.908 0.000   9.417 0.000   2.467 0.000   6.950 0.000 0.039 0.000  0.621 0.000
340.208333 341.208333   34.78 0.000  1.90 0.000 9.999 0.259000  0.62 0.000 0.075 0.000   3.877 0.000   6.979 0.000  15.379 0.000   3.949 0.000  11.430 0.000 0.088 0.000  0.805 0.000
343.208333 344.208333   13.68 0.000  1.01 0.000 9.999 0.259000  1.00 0.000 0.072 0.000   1.055 0.000   1.899 0.000   6.821 0.000   3.093 0.000   3.727 0.000 0.027 0.000  0.417 0.000
346.208333 347.208333   15.25 0.000  1.68 0.000 0.014 0.000000  1.41 0.000 0.086 0.000   1.640 0.000   2.951 0.000   8.822 0.000   2.220 0.000   6.602 0.000 0.058 0.000  0.823 0.000
349.208333 350.208333   41.83 0.000  1.85 0.000 9.999 0.259000  0.30 0.000 0.085 0.000   4.136 0.000   7.446 0.000  19.012 0.000   4.452 0.000  14.559 0.000 0.082 0.000  1.393 0.000
352.208333 353.208333   23.10 0.000  0.58 0.000 9.999 0.259000  0.52 0.000 0.050 0.000   2.057 0.000   3.702 0.000  10.767 0.000   3.331 0.000   7.436 0.000 0.052 0.000  0.776 0.000
355.208333 356.208333   11.73 0.000  0.52 0.000 9.999 0.259000  0.57 0.000 0.120 0.000   1.006 0.000   1.810 0.000  12.726 0.000   6.211 0.000   6.516 0.000 0.047 0.000  0.881 0.000
358.208333 359.208333    2.86 0.394  0.31 0.394 9.999 0.394259  0.77 0.394 0.142 0.394   0.912 0.394   1.643 0.394  10.202 0.000   4.634 0.394   5.568 0.000 0.038 0.394  0.791 0.394
361.208333 362.208333   19.32 0.000  1.45 0.000 9.999 0.259000  1.01 0.000 0.095 0.000   1.606 0.000   2.890 0.000   8.660 0.000   1.488 0.000   7.172 0.000 0.035 0.000  1.015 0.000
364.208333 365.208333    3.34 0.000  0.59 0.000 0.039 0.000000  0.75 0.000 0.071 0.000   0.672 0.000   1.209 0.000   6.032 0.000   2.803 0.000   3.229 0.000 0.026 0.000  0.417 0.000
