scripts/IMPROVE-2019_partial/data/US1109R.20100102050000.20191216000000.filterpack...52w.3d.US03L_filterpack_US1109.US03L_IMPROVE_Davis.lev2.nas
52 1001
MISSING INFORMATION
US03L, IMPROVE, , , , , , , 
MISSING INFORMATION
IMPROVE sel_HTAP
1 1
2010 01 01 2019 12 16
3.000000
days from file reference point
5
1 1 1 1 1
999.999999 999.999 9.999 999.999 9.999
end_time of measurement, days from the file reference point
pm10_mass, ug/m3, Matrix=pm10
numflag pm10_mass, no unit, Matrix=pm10
pm25_mass, ug/m3, Matrix=pm25
numflag pm25_mass, no unit, Matrix=pm25
0
33
Data definition:              EBAS_1.1
Set type code:                TU
Timezone:                     UTC
File name:                    US1109R.20100102050000.20191216000000.filterpack...52w.3d.US03L_filterpack_US1109.US03L_IMPROVE_Davis.lev2.nas
File creation:                20191218120324
Startdate:                    20100102050000
Revision date:                20191216000000
Version:                      2
Version description:          "Data extracted from http://views.cira.colostate.edu/fed/DataWizard 2019-12-16"
Statistics:                   arithmetic mean
Data level:                   2
Period code:                  52w
Resolution code:              3d
Sample duration:              1d
Orig. time res.:              3d
Station code:                 US1109R
Platform code:                US1109S
Station name:                 Okefenokee National Wildlife Refuge (GA09)
Station latitude:             30.7403
Station longitude:            -82.1286
Station altitude:             47.0 m
Regime:                       IMG
Component:                    
Unit:                         ug/m3
Matrix:                       
Laboratory code:              US03L
Instrument type:              filterpack
Instrument name:              filterpack_US1109
Method ref:                   US03L_IMPROVE_Davis
Blank correction:             Blank corrected
Volume std. temperature:      ambient
Volume std. pressure:         ambient
starttime endtime PM10 flag_PM10 PM2.5 flag_PM2.5
  1.208333   2.208333   3.808 0.000   3.454 0.000
  4.208333   5.208333   9.627 0.000   8.915 0.000
  7.208333   8.208333   7.408 0.000   5.910 0.000
 10.208333  11.208333   7.736 0.000   6.329 0.000
 13.208333  14.208333  14.924 0.000  12.286 0.000
 16.208333  17.208333   7.568 0.000   3.856 0.000
 19.208333  20.208333   8.495 0.000   8.035 0.000
 22.208333  23.208333  11.858 0.000   8.103 0.000
 25.208333  26.208333   9.376 0.000   3.119 0.000
 28.208333  29.208333  11.976 0.000   9.612 0.000
 31.208333  32.208333   8.585 0.000   5.191 0.000
 34.208333  35.208333  12.251 0.000   8.926 0.000
 37.208333  38.208333   8.725 0.000   8.612 0.000
 40.208333  41.208333   6.553 0.000   5.822 0.000
 43.208333  44.208333   5.808 0.000   5.765 0.000
 46.208333  47.208333   5.743 0.000   4.093 0.000
 49.208333  50.208333   9.754 0.000   6.444 0.000
 52.208333  53.208333   7.913 0.000   6.834 0.000
 55.208333  56.208333   6.977 0.000   5.967 0.000
 58.208333  59.208333   9.303 0.000   6.249 0.000
 61.208333  62.208333   8.803 0.000   6.518 0.000
 64.208333  65.208333   8.409 0.000   7.140 0.000
 67.208333  68.208333  24.918 0.000  18.104 0.000
 70.208333  71.208333   6.465 0.000   3.455 0.000
 73.208333  74.208333   4.817 0.000   3.323 0.000
 76.208333  77.208333  10.670 0.000   6.291 0.000
 79.208333  80.208333  10.215 0.000   7.948 0.000
 82.208333  83.208333  15.365 0.000  12.069 0.000
 85.208333  86.208333  13.309 0.000   6.578 0.000
 88.208333  89.208333  10.471 0.000   8.034 0.000
 91.208333  92.208333  25.619 0.000  18.106 0.000
 94.208333  95.208333  14.585 0.000   8.441 0.000
 97.208333  98.208333 999.999 0.999 999.999 0.999
100.208333 101.208333 999.999 0.999 999.999 0.999
103.208333 104.208333  11.924 0.000   5.456 0.000
106.208333 107.208333  15.603 0.000   6.843 0.000
109.208333 110.208333  14.369 0.000   7.415 0.000
112.208333 113.208333  24.483 0.000  14.168 0.000
115.208333 116.208333  15.772 0.000   6.979 0.000
118.208333 119.208333  12.649 0.000   6.925 0.000
121.208333 122.208333  19.007 0.000  11.553 0.000
124.208333 125.208333  11.737 0.000   8.132 0.000
127.208333 128.208333  15.129 0.000  11.008 0.000
130.208333 131.208333  17.372 0.000   6.305 0.000
133.208333 134.208333  14.679 0.000   6.551 0.000
136.208333 137.208333   8.700 0.000   4.768 0.000
139.208333 140.208333  15.818 0.000  11.563 0.000
142.208333 143.208333  12.318 0.000   8.654 0.000
145.208333 146.208333  10.776 0.000   5.928 0.000
148.208333 149.208333  10.551 0.000   7.830 0.000
151.208333 152.208333   8.993 0.000   5.937 0.000
154.208333 155.208333  10.004 0.000   6.608 0.000
157.208333 158.208333  18.334 0.000  11.715 0.000
160.208333 161.208333  15.410 0.000   8.769 0.000
163.208333 164.208333  17.571 0.000  14.170 0.000
166.208333 167.208333  16.512 0.000  11.615 0.000
169.208333 170.208333  15.291 0.000   9.812 0.000
172.208333 173.208333  10.186 0.000   5.059 0.000
175.208333 176.208333  11.819 0.000   6.350 0.000
178.208333 179.208333  10.979 0.000   5.785 0.000
181.208333 182.208333   8.406 0.000   3.908 0.000
184.208333 185.208333  10.708 0.000   4.428 0.000
187.208333 188.208333   8.160 0.000   3.956 0.000
190.208333 191.208333  14.608 0.000  11.355 0.000
193.208333 194.208333  29.430 0.000  15.061 0.000
196.208333 197.208333  25.305 0.000  10.854 0.000
199.208333 200.208333  22.149 0.000   9.054 0.000
202.208333 203.208333  38.334 0.000  15.514 0.000
205.208333 206.208333  10.934 0.000   5.877 0.000
208.208333 209.208333  11.177 0.000   7.498 0.000
211.208333 212.208333  15.004 0.000  10.678 0.000
214.208333 215.208333  12.427 0.000  10.312 0.000
217.208333 218.208333   9.787 0.000   7.270 0.000
220.208333 221.208333  10.477 0.000   6.483 0.000
223.208333 224.208333  11.147 0.000   6.048 0.000
226.208333 227.208333  13.446 0.000   7.062 0.000
229.208333 230.208333   9.854 0.000   5.355 0.000
232.208333 233.208333   9.752 0.000   7.112 0.000
235.208333 236.208333   7.063 0.000   3.675 0.000
238.208333 239.208333   7.890 0.000   2.859 0.000
241.208333 242.208333  13.619 0.000   6.270 0.000
244.208333 245.208333  17.675 0.000  14.700 0.000
247.208333 248.208333  22.559 0.000  19.929 0.000
250.208333 251.208333   8.406 0.000   5.641 0.000
253.208333 254.208333  12.647 0.000   9.572 0.000
256.208333 257.208333  11.238 0.000   8.404 0.000
259.208333 260.208333  13.703 0.000   7.747 0.000
262.208333 263.208333  15.293 0.000  10.738 0.000
265.208333 266.208333   1.946 0.000 999.999 0.456
268.208333 269.208333  18.620 0.000   8.198 0.000
271.208333 272.208333   6.722 0.000   4.570 0.000
274.208333 275.208333  31.188 0.000  11.726 0.000
277.208333 278.208333  10.239 0.000   8.151 0.000
280.208333 281.208333  18.658 0.000  11.833 0.000
283.208333 284.208333  21.969 0.000  17.390 0.000
286.208333 287.208333  10.493 0.000   8.337 0.000
289.208333 290.208333  12.784 0.000   8.639 0.000
292.208333 293.208333  26.596 0.000  15.210 0.000
295.208333 296.208333  17.563 0.000   8.233 0.000
298.208333 299.208333   9.583 0.000   4.771 0.000
301.208333 302.208333  13.274 0.000   6.516 0.000
304.208333 305.208333  12.434 0.000   8.282 0.000
307.208333 308.208333   9.649 0.000   7.844 0.000
310.208333 311.208333   6.504 0.000   5.462 0.000
313.208333 314.208333  16.994 0.000   9.996 0.000
316.208333 317.208333  10.013 0.000   5.922 0.000
319.208333 320.208333   9.477 0.000   5.284 0.000
322.208333 323.208333   9.467 0.000   7.004 0.000
325.208333 326.208333   9.463 0.000   5.595 0.000
328.208333 329.208333  11.128 0.000   8.440 0.000
331.208333 332.208333   9.010 0.000   5.896 0.000
334.208333 335.208333   6.553 0.000   4.438 0.000
337.208333 338.208333  12.790 0.000   9.232 0.000
340.208333 341.208333   8.211 0.000   6.464 0.000
343.208333 344.208333  17.574 0.000  12.579 0.000
346.208333 347.208333   7.489 0.000   4.311 0.000
349.208333 350.208333  14.649 0.000   7.135 0.000
352.208333 353.208333   6.471 0.000   6.395 0.000
355.208333 356.208333  11.180 0.000   9.674 0.000
358.208333 359.208333   8.941 0.000   7.095 0.000
361.208333 362.208333   7.288 0.000   5.875 0.000
364.208333 365.208333  10.659 0.000   8.205 0.000
