scripts/IMPROVE-2019_partial/data/US1109R.20010101050000.20191216000000.filterpack..pm25.52w.1w.US03L_filterpack_US1109.US03L_IMPROVE_Davis.lev2.nas
64 1001
MISSING INFORMATION
US03L, IMPROVE, , , , , , , 
MISSING INFORMATION
IMPROVE sel_HTAP
1 1
2001 01 01 2019 12 16
3.000000
days from file reference point
25
1 1 1 1 1 1 1 1 1 1 1 1 1 1 1 1 1 1 1 1 1 1 1 1 1
999.999999 9999.99 9.999 99.99 9.999 9.999 9.999999 99.99 9.999999 9.999 9.999 999.999 9.999 999.999 9.999 999.999 9.999 999.999 9.999 999.999 9.999 9.999 9.999 99.999 9.999
end_time of measurement, days from the file reference point
iron, ng/m3, Revision date=20181210133000
numflag iron, no unit, Revision date=20181210133000
lead, ng/m3, Revision date=20181210133000
numflag lead, no unit, Revision date=20181210133000
magnesium, ug/m3, Revision date=20181210133000
numflag magnesium, no unit, Revision date=20181210133000
nickel, ng/m3, Revision date=20181210133000
numflag nickel, no unit, Revision date=20181210133000
nitrate, ug N/m3, Revision date=20181210133000
numflag nitrate, no unit, Revision date=20181210133000
organic_carbon, ug C/m3, Revision date=20181210133000
numflag organic_carbon, no unit, Revision date=20181210133000
organic_mass, ug/m3, Revision date=20181210133000
numflag organic_mass, no unit, Revision date=20181210133000
pm10_mass, ug/m3, Version=2, Version description=Data extracted from http://views.cira.colostate.edu/fed/DataWizard 2019-12-16, Sample duration=1d, Orig. time res.=3d, Matrix=pm10, Blank correction=Blank corrected, Volume std. temperature=ambient, Volume std. pressure=ambient
numflag pm10_mass, no unit, Version=2, Version description=Data extracted from http://views.cira.colostate.edu/fed/DataWizard 2019-12-16, Sample duration=1d, Orig. time res.=3d, Matrix=pm10, Blank correction=Blank corrected, Volume std. temperature=ambient, Volume std. pressure=ambient
pm10_pm25_mass, ug/m3, Revision date=20181210133000, Matrix=pm10_pm25
numflag pm10_pm25_mass, no unit, Revision date=20181210133000, Matrix=pm10_pm25
pm25_mass, ug/m3, Version=2, Version description=Data extracted from http://views.cira.colostate.edu/fed/DataWizard 2019-12-16, Sample duration=1d, Orig. time res.=3d, Blank correction=Blank corrected, Volume std. temperature=ambient, Volume std. pressure=ambient
numflag pm25_mass, no unit, Version=2, Version description=Data extracted from http://views.cira.colostate.edu/fed/DataWizard 2019-12-16, Sample duration=1d, Orig. time res.=3d, Blank correction=Blank corrected, Volume std. temperature=ambient, Volume std. pressure=ambient
potassium, ug/m3, Revision date=20181210133000
numflag potassium, no unit, Revision date=20181210133000
sulphate_total, ug S/m3, Revision date=20181210133000
numflag sulphate_total, no unit, Revision date=20181210133000
0
25
Data definition:              EBAS_1.1
Set type code:                TU
Timezone:                     UTC
File name:                    US1109R.20010101050000.20191216000000.filterpack..pm25.52w.1w.US03L_filterpack_US1109.US03L_IMPROVE_Davis.lev2.nas
File creation:                20191218120322
Startdate:                    20010101050000
Revision date:                20191216000000
Statistics:                   arithmetic mean
Data level:                   2
Period code:                  52w
Resolution code:              1w
Station code:                 US1109R
Platform code:                US1109S
Station name:                 Okefenokee National Wildlife Refuge (GA09)
Station latitude:             30.7403
Station longitude:            -82.1286
Station altitude:             47.0 m
Regime:                       IMG
Component:                    
Matrix:                       pm25
Laboratory code:              US03L
Instrument type:              filterpack
Instrument name:              filterpack_US1109
Method ref:                   US03L_IMPROVE_Davis
starttime endtime Fe flag_Fe Pb flag_Pb Mg++ flag_Mg++ Ni flag_Ni NO3- flag_NO3- OC flag_OC OM flag_OM PM10 flag_PM10 PM10-PM2.5 flag_PM10-PM2.5 PM2.5 flag_PM2.5 K+ flag_K+ SO4-- flag_SO4--
  0.208333   1.208333    6.67 0.559  1.00 0.559 9.999 0.559259 99.99 0.559259 0.040 0.000   0.785 0.000   1.099 0.000   4.211 0.000   0.582 0.000   3.629 0.559 0.024 0.559  0.397 0.000
  3.208333   4.208333   16.10 0.559  1.65 0.559 9.999 0.559259 99.99 0.559259 0.146 0.559   1.763 0.000   2.468 0.000   6.944 0.000   0.772 0.000   6.173 0.559 0.043 0.559  0.711 0.559
  6.208333   7.208333   11.06 0.559  1.76 0.559 9.999 0.559259  0.33 0.559000 0.071 0.000   1.814 0.000   2.540 0.000   6.694 0.000   2.175 0.000   4.519 0.559 0.052 0.559  0.312 0.000
  9.208333  10.208333   19.08 0.559  1.82 0.559 9.999 0.559259  0.43 0.559000 0.161 0.000   1.698 0.000   2.377 0.000   7.195 0.000   1.126 0.000   6.069 0.559 0.043 0.559  0.656 0.000
 12.208333  13.208333   22.78 0.559  1.69 0.559 9.999 0.559259  1.07 0.559000 0.246 0.000   2.082 0.000   2.915 0.000  12.063 0.000   2.352 0.000   9.711 0.559 0.057 0.559  1.250 0.000
 15.208333  16.208333   18.58 0.559  1.27 0.559 9.999 0.559259  0.37 0.559000 0.093 0.559   2.197 0.000   3.076 0.000  10.059 0.000   2.640 0.000   7.419 0.559 0.057 0.559  0.820 0.559
 18.208333  19.208333   18.71 0.559  0.57 0.559 9.999 0.559259  1.71 0.559000 0.131 0.559   1.264 0.000   1.769 0.000  12.790 0.000   6.042 0.000   6.748 0.559 0.054 0.559  0.896 0.559
 21.208333  22.208333   13.62 0.559  1.68 0.559 9.999 0.559259  0.70 0.559000 0.115 0.000   1.566 0.000   2.192 0.000   7.653 0.000   1.017 0.000   6.636 0.559 0.048 0.559  0.896 0.000
 24.208333  25.208333   19.48 0.000  1.88 0.000 9.999 0.259000  0.10 0.000000 0.231 0.000   2.363 0.000   3.309 0.000   8.855 0.000   1.563 0.000   7.292 0.000 0.046 0.000  0.637 0.000
 27.208333  28.208333   16.90 0.000  1.44 0.000 9.999 0.259000  1.14 0.000000 0.171 0.000   2.801 0.000   3.921 0.000  11.280 0.000   1.616 0.000   9.664 0.000 0.065 0.000  1.471 0.000
 30.208333  31.208333    6.37 0.000 99.99 0.259 9.999 0.259000  0.15 0.000000 0.035 0.000   0.841 0.000   1.177 0.000   4.109 0.000   1.620 0.000   2.488 0.000 0.030 0.000  0.305 0.000
 33.208333  34.208333   25.80 0.000  2.10 0.000 9.999 0.259000 99.99 0.259000 0.168 0.000   1.960 0.000   2.744 0.000   8.488 0.000   2.062 0.000   6.426 0.000 0.046 0.000  0.621 0.000
 36.208333  37.208333   15.63 0.000  3.56 0.000 9.999 0.259000  0.84 0.000000 0.062 0.000   3.253 0.000   4.555 0.000  10.193 0.000   1.745 0.000   8.448 0.000 0.050 0.000  0.578 0.000
 39.208333  40.208333   21.52 0.000  1.30 0.000 9.999 0.259000  0.83 0.000000 0.198 0.000   3.021 0.000   4.229 0.000  15.432 0.000   5.920 0.000   9.512 0.000 0.053 0.000  0.992 0.000
 42.208333  43.208333   17.12 0.000  1.27 0.000 9.999 0.259000  0.58 0.000000 0.262 0.000   2.136 0.000   2.991 0.000  24.728 0.000  12.194 0.000  12.535 0.000 0.105 0.000  1.650 0.000
 45.208333  46.208333   10.91 0.000  0.33 0.000 9.999 0.259000  1.16 0.000000 9.999 0.259   2.161 0.000   3.025 0.000  13.301 0.000   4.197 0.000   9.104 0.000 0.070 0.000  1.161 0.000
 48.208333  49.208333   24.63 0.000  2.43 0.000 9.999 0.259000  0.26 0.000000 0.169 0.000   1.493 0.000   2.090 0.000  11.178 0.000   3.340 0.000   7.838 0.000 0.053 0.000  1.104 0.000
 51.208333  52.208333   27.24 0.000  1.20 0.000 9.999 0.259000  0.73 0.000000 0.155 0.000   2.179 0.000   3.051 0.000  15.542 0.000   6.176 0.000   9.366 0.000 0.092 0.000  1.129 0.000
 54.208333  55.208333   12.39 0.000  0.79 0.000 9.999 0.259000  0.80 0.000000 0.127 0.559   0.940 0.000   1.317 0.000  13.705 0.000   4.967 0.000   8.738 0.000 0.065 0.000  1.584 0.559
 57.208333  58.208333   73.14 0.000  1.47 0.000 9.999 0.259000  1.98 0.000000 0.116 0.000   3.564 0.000   4.990 0.000  19.543 0.000   7.233 0.000  12.309 0.000 0.101 0.000  1.147 0.000
 60.208333  61.208333   11.55 0.000  1.08 0.000 9.999 0.259000  1.25 0.000000 0.087 0.000   1.133 0.000   1.587 0.000   9.957 0.000   2.691 0.000   7.267 0.000 0.065 0.000  1.078 0.000
 63.208333  64.208333   34.96 0.000  2.98 0.000 9.999 0.259000  0.64 0.000000 0.121 0.000   1.037 0.000   1.452 0.000  10.472 0.000   3.643 0.000   6.829 0.000 0.030 0.000  0.988 0.000
 66.208333  67.208333   22.71 0.000  1.53 0.000 9.999 0.259000 99.99 0.259000 0.099 0.000   4.511 0.000   6.315 0.000  12.818 0.000   2.091 0.000  10.727 0.000 0.051 0.000  0.498 0.000
 69.208333  70.208333   25.19 0.000  1.78 0.000 9.999 0.259000  1.51 0.000000 0.179 0.000   1.905 0.000   2.667 0.000  14.403 0.000   3.591 0.000  10.812 0.000 0.065 0.000  1.657 0.000
 72.208333  73.208333   24.65 0.000  1.22 0.000 9.999 0.259000  0.81 0.000000 0.025 0.000   1.207 0.000   1.690 0.000   6.204 0.000   2.057 0.000   4.147 0.000 0.030 0.000  0.402 0.000
 75.208333  76.208333   25.56 0.000  1.89 0.000 9.999 0.259000  0.68 0.000000 0.050 0.000   1.779 0.000   2.491 0.000   8.745 0.000   2.236 0.000   6.509 0.000 0.041 0.000  0.618 0.000
 78.208333  79.208333    7.67 0.000  1.24 0.000 9.999 0.259000  0.73 0.000000 0.049 0.000   0.519 0.000   0.727 0.000   5.775 0.000   1.533 0.000   4.242 0.000 0.023 0.000  0.624 0.000
 81.208333  82.208333   37.82 0.000  3.65 0.000 9.999 0.259000  0.73 0.000000 0.084 0.000   1.784 0.000   2.497 0.000  11.303 0.000   2.341 0.000   8.963 0.000 0.050 0.000  1.180 0.000
 84.208333  85.208333   43.90 0.000  3.01 0.000 9.999 0.259000  0.38 0.000000 0.088 0.000   1.926 0.000   2.697 0.000  10.766 0.000   1.720 0.000   9.045 0.000 0.053 0.000  1.092 0.000
 87.208333  88.208333   38.66 0.000  2.33 0.000 9.999 0.259000  1.52 0.000000 0.163 0.000   1.363 0.000   1.908 0.000  11.794 0.000   4.111 0.000   7.683 0.000 0.063 0.000  1.051 0.000
 90.208333  91.208333   52.08 0.000  1.66 0.000 9.999 0.259000 99.99 0.259000 0.021 0.000   1.162 0.000   1.627 0.000  12.264 0.000   5.468 0.000   6.796 0.000 0.036 0.000  0.803 0.000
 93.208333  94.208333   38.08 0.000  2.18 0.000 9.999 0.259000  1.59 0.000000 0.094 0.000   2.000 0.000   2.800 0.000  11.045 0.000   2.401 0.000   8.643 0.000 0.076 0.000  0.934 0.000
 96.208333  97.208333   29.71 0.000  1.87 0.000 9.999 0.259000  2.85 0.000000 0.128 0.000   1.481 0.000   2.074 0.000  18.913 0.000  10.299 0.000   8.614 0.000 0.035 0.000  1.226 0.000
 99.208333 100.208333   30.30 0.000  1.49 0.000 9.999 0.259000  0.90 0.000000 0.096 0.000   1.804 0.000   2.526 0.000  14.863 0.000   5.296 0.000   9.567 0.000 0.099 0.000  1.288 0.000
102.208333 103.208333   19.60 0.000  1.03 0.000 9.999 0.259000  1.33 0.000000 0.096 0.000   1.087 0.000   1.522 0.000  11.794 0.000   5.239 0.000   6.555 0.000 0.057 0.000  0.875 0.000
105.208333 106.208333  243.66 0.000  1.85 0.000 9.999 0.259000 99.99 0.259000 0.073 0.000   1.286 0.000   1.801 0.000  17.894 0.000   8.655 0.000   9.239 0.000 0.147 0.000  0.654 0.000
108.208333 109.208333  788.63 0.000  6.08 0.000 9.999 0.259000  0.37 0.000000 0.153 0.000   2.333 0.000   3.267 0.000  49.577 0.000  27.725 0.000  21.852 0.000 0.454 0.000  1.034 0.000
111.208333 112.208333  241.04 0.000  2.00 0.000 9.999 0.259000  0.24 0.000000 0.144 0.000   0.891 0.000   1.248 0.000  24.933 0.000  14.962 0.000   9.972 0.000 0.149 0.000  1.050 0.000
114.208333 115.208333   61.93 0.000  2.63 0.000 9.999 0.259000  0.79 0.000000 0.107 0.000   1.842 0.000   2.579 0.000  12.456 0.000   3.827 0.000   8.629 0.000 0.060 0.000  0.995 0.000
117.208333 118.208333   92.53 0.000  5.38 0.000 9.999 0.259000  3.29 0.000000 0.069 0.000   2.012 0.000   2.817 0.000  17.361 0.000   5.342 0.000  12.019 0.000 0.076 0.000  1.727 0.000
120.208333 121.208333   77.65 0.000  2.58 0.000 9.999 0.259000  1.10 0.000000 0.100 0.000   0.586 0.000   0.821 0.000  16.894 0.000  10.683 0.000   6.211 0.000 0.071 0.000  0.612 0.000
123.208333 124.208333   90.13 0.000  1.87 0.000 9.999 0.259000  0.85 0.000000 0.111 0.000   0.789 0.000   1.105 0.000  17.196 0.000  10.074 0.000   7.122 0.000 0.086 0.000  0.922 0.000
126.208333 127.208333   51.71 0.000  1.88 0.000 9.999 0.259000  1.38 0.000000 0.158 0.000   1.189 0.000   1.664 0.000  23.419 0.000  11.502 0.000  11.917 0.000 0.084 0.000  1.657 0.000
129.208333 130.208333   79.42 0.000  2.53 0.000 9.999 0.259000  1.72 0.000000 0.148 0.000   1.476 0.000   2.066 0.000  24.121 0.000  14.074 0.000  10.047 0.000 0.058 0.000  1.417 0.000
132.208333 133.208333   84.15 0.000  2.77 0.000 9.999 0.259000  0.63 0.000000 0.051 0.000   2.151 0.000   3.011 0.000  16.600 0.000   3.456 0.000  13.144 0.000 0.062 0.000  1.769 0.000
135.208333 136.208333  131.32 0.000  3.26 0.000 9.999 0.259000  0.61 0.000000 0.051 0.000   3.391 0.000   4.748 0.000  22.680 0.000   6.537 0.000  16.144 0.000 0.106 0.000  1.842 0.000
138.208333 139.208333   78.13 0.000  2.59 0.000 9.999 0.259000  0.67 0.000000 0.059 0.000   1.202 0.000   1.682 0.000  22.340 0.000  13.031 0.000   9.309 0.000 0.064 0.000  1.329 0.000
141.208333 142.208333   73.20 0.000  1.69 0.000 9.999 0.259000  0.85 0.000000 0.074 0.000   5.040 0.000   7.056 0.000  25.639 0.000  11.220 0.000  14.419 0.000 0.085 0.000  0.923 0.000
144.208333 145.208333   53.20 0.000  2.08 0.000 9.999 0.259000  2.62 0.000000 0.099 0.000  10.394 0.000  14.552 0.000  43.449 0.000  14.666 0.000  28.783 0.000 0.063 0.000  1.775 0.000
147.208333 148.208333 9999.99 0.999 99.99 0.999 9.999 0.999000 99.99 0.999000 9.999 0.999 999.999 0.999 999.999 0.999 999.999 0.999 999.999 0.999 999.999 0.999 9.999 0.999 99.999 0.999
150.208333 151.208333   40.25 0.000  2.01 0.000 9.999 0.259000  6.64 0.000000 0.054 0.000  10.113 0.000  14.159 0.000  33.319 0.000   6.439 0.000  26.880 0.000 0.066 0.000  1.907 0.000
153.208333 154.208333   72.71 0.000  0.55 0.000 9.999 0.259000  0.30 0.000000 0.138 0.000   5.501 0.000   7.702 0.000  12.934 0.000   5.181 0.000   7.753 0.000 0.057 0.000  0.987 0.000
156.208333 157.208333   37.96 0.000  0.28 0.000 9.999 0.259000  0.98 0.000000 0.059 0.000   6.084 0.000   8.517 0.000  11.707 0.000   3.546 0.000   8.161 0.000 0.035 0.000  0.809 0.000
159.208333 160.208333   84.87 0.000  0.67 0.000 9.999 0.259000 99.99 0.259000 0.092 0.000  12.844 0.000  17.982 0.000  31.361 0.000   8.223 0.000  23.138 0.000 0.097 0.000  0.746 0.000
162.208333 163.208333  164.72 0.000  0.81 0.000 9.999 0.259000  0.94 0.000000 0.092 0.000   2.987 0.000   4.182 0.000  11.377 0.000   4.687 0.000   6.690 0.000 0.087 0.000  0.627 0.000
165.208333 166.208333  267.27 0.000  1.34 0.000 9.999 0.259000 99.99 0.259000 0.152 0.000   3.595 0.000   5.034 0.000  27.334 0.000  16.247 0.000  11.087 0.000 0.134 0.000  0.829 0.000
168.208333 169.208333   22.81 0.000  0.67 0.000 9.999 0.259000  0.33 0.000000 0.086 0.000   2.511 0.000   3.515 0.000  14.406 0.000   4.611 0.000   9.795 0.000 0.032 0.000  1.448 0.000
171.208333 172.208333   56.66 0.394  0.62 0.394 9.999 0.394259  1.66 0.394000 9.999 0.456   3.081 0.000   4.314 0.000  14.390 0.000   4.305 0.000  10.085 0.000 0.057 0.394 99.999 0.456
174.208333 175.208333   18.77 0.000  1.24 0.000 9.999 0.259000  0.19 0.000000 9.999 0.456   3.275 0.000   4.585 0.000  13.815 0.000   4.784 0.000   9.031 0.000 0.033 0.000 99.999 0.456
177.208333 178.208333  121.74 0.000  0.79 0.000 9.999 0.259000  1.71 0.000000 0.079 0.000   2.533 0.000   3.547 0.000  16.179 0.000   6.850 0.000   9.329 0.000 0.061 0.000  1.171 0.000
180.208333 181.208333   54.95 0.000  0.52 0.000 9.999 0.259000  2.16 0.000000 0.062 0.000   2.039 0.000   2.854 0.000  12.190 0.000   7.183 0.000   5.007 0.000 0.038 0.000  0.485 0.000
183.208333 184.208333   15.62 0.000  0.79 0.000 9.999 0.259000  3.37 0.000000 0.064 0.000   2.390 0.000   3.346 0.000  13.268 0.000   7.713 0.000   5.555 0.000 0.029 0.000  0.663 0.000
186.208333 187.208333    9.12 0.000  0.63 0.000 9.999 0.259000  0.25 0.000000 0.026 0.000   2.625 0.000   3.674 0.000   9.973 0.000   3.830 0.000   6.143 0.000 0.029 0.000  0.813 0.000
189.208333 190.208333   35.34 0.000  1.59 0.000 9.999 0.259000 99.99 0.259000 0.030 0.000   4.517 0.000   6.324 0.000  25.178 0.000   4.044 0.000  21.134 0.000 0.052 0.000  2.939 0.000
192.208333 193.208333   39.21 0.000  1.23 0.000 9.999 0.259000 99.99 0.259000 0.075 0.559   3.167 0.000   4.434 0.000  14.468 0.000   3.101 0.000  11.366 0.000 0.038 0.000  1.609 0.559
195.208333 196.208333   26.53 0.000  1.21 0.000 9.999 0.259000  0.46 0.000000 0.051 0.000   2.431 0.000   3.403 0.000  24.378 0.000   1.260 0.000  23.118 0.000 0.036 0.000  4.005 0.000
198.208333 199.208333   40.31 0.000  0.95 0.000 9.999 0.259000  1.76 0.000000 0.069 0.000   2.461 0.000   3.445 0.000  13.672 0.000   3.563 0.000  10.109 0.000 0.035 0.000  1.521 0.000
201.208333 202.208333   16.37 0.000  0.62 0.000 9.999 0.259000  0.28 0.000000 0.034 0.000   2.355 0.000   3.297 0.000  14.395 0.000   3.177 0.000  11.218 0.000 0.025 0.000  1.744 0.000
204.208333 205.208333  446.26 0.000  1.52 0.000 9.999 0.259000  0.32 0.000000 0.134 0.000   1.845 0.000   2.583 0.000  22.909 0.000  10.101 0.000  12.808 0.000 0.176 0.000  0.578 0.000
207.208333 208.208333   38.38 0.000  0.57 0.000 9.999 0.259000  0.98 0.000000 0.079 0.000   2.153 0.000   3.014 0.000  10.634 0.000   5.173 0.000   5.461 0.000 0.031 0.000  0.463 0.000
210.208333 211.208333   45.32 0.000  0.70 0.000 9.999 0.259000  0.36 0.000000 0.059 0.000   2.271 0.000   3.179 0.000  11.212 0.000   4.980 0.000   6.232 0.000 0.033 0.000  0.720 0.000
213.208333 214.208333  186.81 0.559  0.28 0.559 9.999 0.559259  0.47 0.559000 0.066 0.000   1.474 0.000   2.064 0.000  13.030 0.000   6.425 0.000   6.604 0.559 0.083 0.559  0.357 0.000
216.208333 217.208333   64.33 0.000  0.50 0.000 9.999 0.259000  1.28 0.000000 0.317 0.000   1.455 0.000   2.037 0.000   8.707 0.000   3.747 0.000   4.960 0.000 0.039 0.000  0.616 0.000
219.208333 220.208333  105.54 0.000  0.81 0.000 9.999 0.259000 99.99 0.259000 0.071 0.000   2.140 0.000   2.997 0.000  11.175 0.000   5.445 0.000   5.729 0.000 0.051 0.000  0.484 0.000
222.208333 223.208333  120.22 0.000  0.57 0.000 9.999 0.259000  0.44 0.000000 0.057 0.000   1.930 0.000   2.701 0.000  12.972 0.000   5.218 0.000   7.755 0.000 0.060 0.000  0.865 0.000
225.208333 226.208333   54.62 0.559  0.50 0.559 9.999 0.559259  0.78 0.559000 0.096 0.000   1.671 0.000   2.340 0.000   8.853 0.000   3.268 0.000   5.585 0.559 0.035 0.559  0.887 0.000
228.208333 229.208333   64.93 0.000  0.84 0.000 9.999 0.259000  1.43 0.000000 0.038 0.000   2.713 0.000   3.798 0.000  14.841 0.000   2.167 0.000  12.674 0.000 0.042 0.000  1.893 0.000
231.208333 232.208333   67.20 0.000  0.62 0.000 9.999 0.259000 99.99 0.259000 0.044 0.000   2.851 0.000   3.991 0.000  12.232 0.000   3.362 0.000   8.870 0.000 0.067 0.000  0.952 0.000
234.208333 235.208333   31.86 0.000  0.93 0.000 9.999 0.259000  0.66 0.000000 0.033 0.000   2.516 0.000   3.523 0.000  18.834 0.000   1.858 0.000  16.975 0.000 0.029 0.000  2.928 0.000
237.208333 238.208333   27.54 0.000  2.21 0.000 9.999 0.259000  0.70 0.000000 0.062 0.000   2.692 0.000   3.768 0.000  24.993 0.000   1.236 0.000  23.757 0.000 0.040 0.000  4.050 0.000
240.208333 241.208333   34.02 0.000  1.00 0.000 9.999 0.259000  3.75 0.000000 0.032 0.000   3.157 0.000   4.420 0.000  21.231 0.000   2.208 0.000  19.023 0.000 0.047 0.000  3.079 0.000
243.208333 244.208333    7.33 0.000  0.36 0.000 9.999 0.259000  0.45 0.000000 0.027 0.000   1.733 0.000   2.427 0.000   8.168 0.000   2.153 0.000   6.015 0.000 0.033 0.000  0.697 0.000
246.208333 247.208333   14.10 0.000  0.40 0.000 9.999 0.259000  2.40 0.000000 0.045 0.000   1.817 0.000   2.543 0.000   9.926 0.000   2.909 0.000   7.018 0.000 9.999 0.259  0.993 0.000
249.208333 250.208333   12.27 0.000  0.24 0.000 0.033 0.000000  0.75 0.000000 0.041 0.000   1.709 0.000   2.392 0.000  14.034 0.000   7.147 0.000   6.887 0.000 0.030 0.000  0.809 0.000
252.208333 253.208333   20.45 0.000 99.99 0.259 9.999 0.259000  1.70 0.000000 0.074 0.000   1.677 0.000   2.348 0.000   6.981 0.000   1.967 0.000   5.014 0.000 0.012 0.000  0.509 0.000
255.208333 256.208333   14.97 0.000  1.15 0.000 9.999 0.259000  0.46 0.000000 0.059 0.000   1.385 0.000   1.939 0.000  14.071 0.000   5.441 0.000   8.630 0.000 0.042 0.000  1.277 0.000
