scripts/IMPROVE-2019_partial/data/US1109R.20110103050000.20191216000000.filterpack...1y.3d.US03L_filterpack_US1109.US03L_IMPROVE_Davis.lev2.nas
52 1001
MISSING INFORMATION
US03L, IMPROVE, , , , , , , 
MISSING INFORMATION
IMPROVE sel_HTAP
1 1
2011 01 01 2019 12 16
3.000000
days from file reference point
5
1 1 1 1 1
999.999999 999.999 9.999 999.999 9.999
end_time of measurement, days from the file reference point
pm10_mass, ug/m3, Matrix=pm10
numflag pm10_mass, no unit, Matrix=pm10
pm25_mass, ug/m3, Matrix=pm25
numflag pm25_mass, no unit, Matrix=pm25
0
33
Data definition:              EBAS_1.1
Set type code:                TU
Timezone:                     UTC
File name:                    US1109R.20110103050000.20191216000000.filterpack...1y.3d.US03L_filterpack_US1109.US03L_IMPROVE_Davis.lev2.nas
File creation:                20191218120324
Startdate:                    20110103050000
Revision date:                20191216000000
Version:                      2
Version description:          "Data extracted from http://views.cira.colostate.edu/fed/DataWizard 2019-12-16"
Statistics:                   arithmetic mean
Data level:                   2
Period code:                  1y
Resolution code:              3d
Sample duration:              1d
Orig. time res.:              3d
Station code:                 US1109R
Platform code:                US1109S
Station name:                 Okefenokee National Wildlife Refuge (GA09)
Station latitude:             30.7403
Station longitude:            -82.1286
Station altitude:             47.0 m
Regime:                       IMG
Component:                    
Unit:                         ug/m3
Matrix:                       
Laboratory code:              US03L
Instrument type:              filterpack
Instrument name:              filterpack_US1109
Method ref:                   US03L_IMPROVE_Davis
Blank correction:             Blank corrected
Volume std. temperature:      ambient
Volume std. pressure:         ambient
starttime endtime PM10 flag_PM10 PM2.5 flag_PM2.5
  2.208333   3.208333   7.047 0.000   4.457 0.000
  5.208333   6.208333  13.920 0.000  13.484 0.000
  8.208333   9.208333   6.030 0.000   4.302 0.000
 11.208333  12.208333   6.611 0.000   6.290 0.000
 14.208333  15.208333   8.637 0.000   8.252 0.000
 17.208333  18.208333   6.969 0.000   6.325 0.000
 20.208333  21.208333   7.586 0.000   6.718 0.000
 23.208333  24.208333   9.440 0.000   7.938 0.000
 26.208333  27.208333   5.066 0.000   4.671 0.000
 29.208333  30.208333  12.295 0.000   9.752 0.000
 32.208333  33.208333   9.204 0.000   6.762 0.000
 35.208333  36.208333   6.462 0.000   5.027 0.000
 38.208333  39.208333   6.903 0.000   6.706 0.000
 41.208333  42.208333  10.022 0.000   9.153 0.000
 44.208333  45.208333   8.481 0.000   7.899 0.000
 47.208333  48.208333  15.031 0.000  11.082 0.000
 50.208333  51.208333  17.184 0.000  12.918 0.000
 53.208333  54.208333  18.284 0.000  12.836 0.000
 56.208333  57.208333  15.634 0.000   9.384 0.000
 59.208333  60.208333  38.008 0.000   8.940 0.000
 62.208333  63.208333  68.722 0.000   6.706 0.000
 65.208333  66.208333  13.044 0.000   8.088 0.000
 68.208333  69.208333   6.525 0.000   3.756 0.000
 71.208333  72.208333  11.431 0.000   9.264 0.000
 74.208333  75.208333  14.188 0.000   9.294 0.000
 77.208333  78.208333  20.307 0.000  16.876 0.000
 80.208333  81.208333  22.035 0.000  11.842 0.000
 83.208333  84.208333  35.329 0.000  26.812 0.000
 86.208333  87.208333   5.550 0.000   4.385 0.000
 89.208333  90.208333   5.052 0.000   2.652 0.000
 92.208333  93.208333   7.456 0.000   6.021 0.000
 95.208333  96.208333   7.109 0.000   4.152 0.000
 98.208333  99.208333  11.592 0.000   8.333 0.000
101.208333 102.208333  14.517 0.000   8.851 0.000
104.208333 105.208333  19.517 0.000   9.703 0.000
107.208333 108.208333  12.265 0.000   7.279 0.000
110.208333 111.208333  17.094 0.000  10.403 0.000
113.208333 114.208333  11.485 0.000   7.626 0.000
116.208333 117.208333  13.115 0.000   7.761 0.000
119.208333 120.208333   9.261 0.000   6.517 0.000
122.208333 123.208333  16.343 0.000   9.167 0.000
125.208333 126.208333  35.609 0.000  24.423 0.000
128.208333 129.208333 999.999 0.999 999.999 0.999
131.208333 132.208333  31.677 0.000  14.517 0.000
134.208333 135.208333   7.740 0.000   5.445 0.000
137.208333 138.208333 999.999 0.999 999.999 0.999
140.208333 141.208333  19.066 0.000  13.898 0.000
143.208333 144.208333  26.247 0.000  19.364 0.000
146.208333 147.208333  16.878 0.000   9.853 0.000
149.208333 150.208333   8.644 0.000   4.284 0.000
152.208333 153.208333  17.897 0.000  12.010 0.000
155.208333 156.208333  27.373 0.000  20.804 0.000
158.208333 159.208333  20.844 0.000   8.701 0.000
161.208333 162.208333  18.045 0.000   8.741 0.000
164.208333 165.208333 999.999 0.699 999.999 0.699
167.208333 168.208333 999.999 0.699 999.999 0.699
170.208333 171.208333 999.999 0.699 999.999 0.699
173.208333 174.208333  34.366 0.000  30.210 0.000
176.208333 177.208333   9.944 0.000   8.925 0.000
179.208333 180.208333  10.948 0.000   6.178 0.000
182.208333 183.208333  15.775 0.000  12.069 0.000
185.208333 186.208333  29.051 0.000  20.437 0.000
188.208333 189.208333   8.397 0.000   2.889 0.000
191.208333 192.208333  11.548 0.000   7.285 0.000
194.208333 195.208333  10.964 0.000   7.672 0.000
197.208333 198.208333  10.453 0.000   4.527 0.000
200.208333 201.208333  18.371 0.000  13.388 0.000
203.208333 204.208333   8.565 0.000   4.665 0.000
206.208333 207.208333   9.378 0.000   4.852 0.000
209.208333 210.208333  16.485 0.000   8.264 0.000
212.208333 213.208333   7.915 0.000   5.322 0.000
215.208333 216.208333  17.172 0.000  15.043 0.000
218.208333 219.208333  12.863 0.000  10.777 0.000
221.208333 222.208333  12.027 0.000   7.913 0.000
224.208333 225.208333  14.497 0.000  12.958 0.000
227.208333 228.208333  15.505 0.000  13.717 0.000
230.208333 231.208333  11.729 0.000   8.019 0.000
233.208333 234.208333  14.276 0.000   9.977 0.000
236.208333 237.208333  27.119 0.000  13.083 0.000
239.208333 240.208333  18.805 0.000  17.060 0.000
242.208333 243.208333  13.866 0.000  11.677 0.000
245.208333 246.208333  11.819 0.000   6.441 0.000
248.208333 249.208333   6.179 0.000   3.752 0.000
251.208333 252.208333  19.673 0.000  19.786 0.000
254.208333 255.208333  45.188 0.000 999.999 0.699
257.208333 258.208333  25.584 0.000  23.052 0.000
260.208333 261.208333  10.254 0.000   9.031 0.000
263.208333 264.208333   6.039 0.000   3.405 0.000
266.208333 267.208333   7.122 0.000   5.374 0.000
269.208333 270.208333   9.139 0.000   5.284 0.000
272.208333 273.208333  25.416 0.000  19.427 0.000
275.208333 276.208333  15.211 0.000  14.802 0.000
278.208333 279.208333  10.367 0.000   6.157 0.000
281.208333 282.208333   9.036 0.000   4.707 0.000
284.208333 285.208333   5.857 0.000   2.942 0.000
287.208333 288.208333  11.938 0.000   9.092 0.000
290.208333 291.208333   8.226 0.000   5.271 0.000
293.208333 294.208333   5.647 0.000   4.008 0.000
296.208333 297.208333   9.388 0.000   9.049 0.000
299.208333 300.208333  14.720 0.000   6.971 0.000
302.208333 303.208333   8.085 0.000   4.863 0.000
305.208333 306.208333  10.715 0.000   6.984 0.000
308.208333 309.208333  10.440 0.000   8.280 0.000
311.208333 312.208333  10.421 0.000   4.537 0.000
314.208333 315.208333   6.588 0.000   4.005 0.000
317.208333 318.208333  11.282 0.000   5.237 0.000
320.208333 321.208333   6.899 0.000   4.912 0.000
323.208333 324.208333   9.585 0.000   5.299 0.000
326.208333 327.208333   5.080 0.000   3.811 0.000
329.208333 330.208333   8.394 0.000   3.945 0.000
332.208333 333.208333   4.513 0.000   2.923 0.000
335.208333 336.208333   6.562 0.000   6.154 0.000
338.208333 339.208333  10.015 0.000   6.240 0.000
341.208333 342.208333   4.249 0.000   3.155 0.000
344.208333 345.208333  11.711 0.000   8.010 0.000
347.208333 348.208333   7.370 0.000   4.979 0.000
350.208333 351.208333   6.990 0.000   5.951 0.000
353.208333 354.208333  10.273 0.000   5.219 0.000
356.208333 357.208333   8.014 0.000   4.227 0.000
359.208333 360.208333   7.273 0.000   4.420 0.000
362.208333 363.208333   5.327 0.000   4.312 0.000
