scripts/IMPROVE-2019_partial/data/US1109R.19960103050000.20191216000000.filterpack...1y.3d.US03L_filterpack_US1109.US03L_IMPROVE_Davis.lev2.nas
51 1001
MISSING INFORMATION
US03L, IMPROVE, , , , , , , 
MISSING INFORMATION
IMPROVE sel_HTAP
1 1
1996 01 01 2019 12 16
0
days from file reference point
4
1 1 1 1
999.999999 999.999 999.999 9.999
end_time of measurement, days from the file reference point
pm10_mass, ug/m3, Matrix=pm10
pm25_mass, ug/m3, Matrix=pm25
numflag, no unit
0
33
Data definition:              EBAS_1.1
Set type code:                TI
Timezone:                     UTC
File name:                    US1109R.19960103050000.20191216000000.filterpack...1y.3d.US03L_filterpack_US1109.US03L_IMPROVE_Davis.lev2.nas
File creation:                20191218120322
Startdate:                    19960103050000
Revision date:                20191216000000
Version:                      2
Version description:          "Data extracted from http://views.cira.colostate.edu/fed/DataWizard 2019-12-16"
Statistics:                   arithmetic mean
Data level:                   2
Period code:                  1y
Resolution code:              3d
Sample duration:              1d
Orig. time res.:              3d
Station code:                 US1109R
Platform code:                US1109S
Station name:                 Okefenokee National Wildlife Refuge (GA09)
Station latitude:             30.7403
Station longitude:            -82.1286
Station altitude:             47.0 m
Regime:                       IMG
Component:                    
Unit:                         ug/m3
Matrix:                       
Laboratory code:              US03L
Instrument type:              filterpack
Instrument name:              filterpack_US1109
Method ref:                   US03L_IMPROVE_Davis
Blank correction:             Blank corrected
Volume std. temperature:      ambient
Volume std. pressure:         ambient
starttime endtime PM10 PM2.5 flag
  2.208333   3.208333 999.999 999.999 0.999
  5.208333   6.208333  14.796  12.808 0.000
  9.208333  10.208333  10.267   8.520 0.000
 12.208333  13.208333  10.043   9.143 0.000
 16.208333  17.208333  18.275  15.892 0.000
 19.208333  20.208333  13.341   9.722 0.000
 23.208333  24.208333  12.508   6.680 0.000
 26.208333  27.208333  17.943   4.281 0.000
 30.208333  31.208333  12.082   7.075 0.000
 33.208333  34.208333   6.944   4.717 0.000
 37.208333  38.208333  10.767   8.347 0.000
 40.208333  41.208333  20.320  15.902 0.000
 44.208333  45.208333  15.436  10.287 0.000
 47.208333  48.208333  10.045   9.028 0.000
 51.208333  52.208333  15.634  10.038 0.000
 54.208333  55.208333  23.338  15.849 0.000
 58.208333  59.208333   9.588 999.999 0.000
 61.208333  62.208333  10.770 999.999 0.000
 65.208333  66.208333  17.265  10.086 0.000
 68.208333  69.208333  11.209   7.012 0.000
 72.208333  73.208333  14.184   9.205 0.000
 75.208333  76.208333  16.953  10.562 0.000
 79.208333  80.208333  24.826   7.531 0.000
 82.208333  83.208333  18.066   7.701 0.000
 86.208333  87.208333  25.578   9.768 0.000
 89.208333  90.208333  20.331   9.259 0.000
 93.208333  94.208333  22.817   9.237 0.000
 96.208333  97.208333  23.163   9.835 0.000
100.208333 101.208333  11.819   8.063 0.000
103.208333 104.208333  18.608  10.142 0.000
107.208333 108.208333  15.237   9.021 0.000
110.208333 111.208333  26.151   9.630 0.000
114.208333 115.208333  22.805  11.488 0.000
117.208333 118.208333  29.370   8.537 0.000
121.208333 122.208333  23.209  15.994 0.000
124.208333 125.208333  23.026  13.952 0.000
128.208333 129.208333  25.805   8.416 0.000
131.208333 132.208333  29.689  12.063 0.000
135.208333 136.208333  20.833  11.606 0.000
138.208333 139.208333  32.183  15.947 0.000
142.208333 143.208333  25.633  20.673 0.000
145.208333 146.208333  18.780  10.211 0.000
149.208333 150.208333  14.870   6.218 0.000
152.208333 153.208333  17.526   6.626 0.000
156.208333 157.208333  28.461  16.717 0.000
159.208333 160.208333  13.513  10.684 0.000
163.208333 164.208333  15.873   8.790 0.000
166.208333 167.208333  18.149   6.944 0.000
170.208333 171.208333  12.198   6.693 0.000
173.208333 174.208333  27.670  15.975 0.000
177.208333 178.208333  18.823  12.828 0.000
180.208333 181.208333  21.126  14.500 0.000
184.208333 185.208333  30.221  21.907 0.000
187.208333 188.208333  15.119   3.566 0.000
191.208333 192.208333  29.785  20.180 0.000
194.208333 195.208333  25.711  13.110 0.000
198.208333 199.208333  42.147  13.699 0.000
201.208333 202.208333  23.891  11.809 0.000
205.208333 206.208333   8.404   4.670 0.000
208.208333 209.208333  49.870  22.968 0.000
212.208333 213.208333  17.398   7.405 0.000
215.208333 216.208333  11.855   5.456 0.000
219.208333 220.208333  10.395   3.982 0.000
222.208333 223.208333  12.903   8.251 0.000
226.208333 227.208333  14.583   8.229 0.000
229.208333 230.208333  24.691  14.167 0.000
233.208333 234.208333  24.665  18.364 0.000
236.208333 237.208333  19.272  10.017 0.000
240.208333 241.208333  17.519  13.829 0.000
243.208333 244.208333  47.613  10.085 0.000
247.208333 248.208333  11.012   7.349 0.000
250.208333 251.208333  25.362  20.299 0.000
254.208333 255.208333   9.332   5.699 0.000
257.208333 258.208333  17.752  11.300 0.000
261.208333 262.208333  23.942  12.419 0.000
264.208333 265.208333  20.995  15.484 0.000
268.208333 269.208333  26.953  11.257 0.000
271.208333 272.208333  17.188   8.602 0.000
275.208333 276.208333  13.644   7.804 0.000
278.208333 279.208333  34.087   9.390 0.000
282.208333 283.208333  26.533  13.732 0.000
285.208333 286.208333  35.297  12.543 0.000
289.208333 290.208333  15.132   8.333 0.000
292.208333 293.208333  24.796   5.154 0.000
296.208333 297.208333  22.724  16.356 0.000
299.208333 300.208333  21.153   8.221 0.000
303.208333 304.208333  24.991  11.469 0.000
306.208333 307.208333 999.999   7.534 0.000
310.208333 311.208333  11.307   4.974 0.000
313.208333 314.208333  12.724   5.710 0.000
317.208333 318.208333  20.706   9.312 0.000
320.208333 321.208333  26.767   9.817 0.000
324.208333 325.208333  35.253  10.497 0.000
327.208333 328.208333  43.494  11.427 0.000
331.208333 332.208333  14.441   6.494 0.000
334.208333 335.208333  39.193   6.848 0.000
338.208333 339.208333  17.241  13.666 0.000
341.208333 342.208333  35.926   9.334 0.000
345.208333 346.208333  26.779   7.923 0.000
348.208333 349.208333  35.022  10.889 0.000
352.208333 353.208333   8.396   4.192 0.000
355.208333 356.208333   9.691   5.728 0.000
359.208333 360.208333  11.780   6.345 0.000
362.208333 363.208333  19.618   8.739 0.000
