scripts/IMPROVE-2019_partial/data/US1109R.19920101050000.20191216000000.filterpack...1y.3d.US03L_filterpack_US1109.US03L_IMPROVE_Davis.lev2.nas
52 1001
MISSING INFORMATION
US03L, IMPROVE, , , , , , , 
MISSING INFORMATION
IMPROVE sel_HTAP
1 1
1992 01 01 2019 12 16
0
days from file reference point
5
1 1 1 1 1
999.999999 999.999 9.999 999.999 9.999999
end_time of measurement, days from the file reference point
pm10_mass, ug/m3, Matrix=pm10
numflag pm10_mass, no unit, Matrix=pm10
pm25_mass, ug/m3, Matrix=pm25
numflag pm25_mass, no unit, Matrix=pm25
0
33
Data definition:              EBAS_1.1
Set type code:                TI
Timezone:                     UTC
File name:                    US1109R.19920101050000.20191216000000.filterpack...1y.3d.US03L_filterpack_US1109.US03L_IMPROVE_Davis.lev2.nas
File creation:                20191218120321
Startdate:                    19920101050000
Revision date:                20191216000000
Version:                      2
Version description:          "Data extracted from http://views.cira.colostate.edu/fed/DataWizard 2019-12-16"
Statistics:                   arithmetic mean
Data level:                   2
Period code:                  1y
Resolution code:              3d
Sample duration:              1d
Orig. time res.:              3d
Station code:                 US1109R
Platform code:                US1109S
Station name:                 Okefenokee National Wildlife Refuge (GA09)
Station latitude:             30.7403
Station longitude:            -82.1286
Station altitude:             47.0 m
Regime:                       IMG
Component:                    
Unit:                         ug/m3
Matrix:                       
Laboratory code:              US03L
Instrument type:              filterpack
Instrument name:              filterpack_US1109
Method ref:                   US03L_IMPROVE_Davis
Blank correction:             Blank corrected
Volume std. temperature:      ambient
Volume std. pressure:         ambient
starttime endtime PM10 flag_PM10 PM2.5 flag_PM2.5
  0.208333   1.208333  14.264 0.000  10.000 0.559000
  3.208333   4.208333  13.358 0.000 999.999 0.559259
  7.208333   8.208333  24.313 0.000  20.185 0.559000
 10.208333  11.208333  12.901 0.000  10.523 0.559000
 14.208333  15.208333 999.999 0.999 999.999 0.999000
 17.208333  18.208333  19.231 0.000  11.710 0.559000
 21.208333  22.208333  11.971 0.000   9.141 0.559000
 24.208333  25.208333   5.037 0.000   4.925 0.559000
 28.208333  29.208333   6.581 0.000   3.927 0.559000
 31.208333  32.208333  10.184 0.000   8.097 0.559000
 35.208333  36.208333  15.299 0.000   9.255 0.559000
 38.208333  39.208333  17.985 0.000  13.730 0.559000
 42.208333  43.208333  25.204 0.000  21.564 0.559000
 45.208333  46.208333  16.604 0.000  12.791 0.559000
 49.208333  50.208333  11.993 0.000   8.967 0.559000
 52.208333  53.208333  16.105 0.000   9.392 0.559000
 56.208333  57.208333  11.538 0.000   6.627 0.559000
 59.208333  60.208333  11.321 0.000   8.404 0.000000
 63.208333  64.208333  28.760 0.000  19.283 0.000000
 66.208333  67.208333  11.357 0.000   6.760 0.000000
 70.208333  71.208333   8.008 0.000   4.679 0.000000
 73.208333  74.208333  17.302 0.000  12.748 0.000000
 77.208333  78.208333  16.171 0.000   9.482 0.000000
 80.208333  81.208333  11.780 0.000  10.488 0.000000
 84.208333  85.208333  14.216 0.000  11.031 0.000000
 87.208333  88.208333  10.568 0.000   6.781 0.000000
 91.208333  92.208333  17.276 0.000  16.006 0.000000
 94.208333  95.208333  21.206 0.000  15.069 0.000000
 98.208333  99.208333  20.996 0.000  14.874 0.000000
101.208333 102.208333   9.522 0.000   6.730 0.000000
105.208333 106.208333  19.707 0.000  11.884 0.000000
108.208333 109.208333  17.289 0.000   8.237 0.000000
112.208333 113.208333  11.977 0.000   7.346 0.000000
115.208333 116.208333  21.081 0.000  16.386 0.000000
119.208333 120.208333  16.717 0.000  14.523 0.000000
122.208333 123.208333  29.533 0.000  23.084 0.000000
126.208333 127.208333 999.999 0.999 999.999 0.999000
129.208333 130.208333  24.180 0.000  18.150 0.000000
133.208333 134.208333  26.593 0.000  21.667 0.000000
136.208333 137.208333  16.023 0.000  12.209 0.000000
140.208333 141.208333  43.521 0.000  40.031 0.000000
143.208333 144.208333  13.871 0.000   9.551 0.000000
147.208333 148.208333  20.461 0.000  16.126 0.000000
150.208333 151.208333  14.224 0.000  10.480 0.000000
154.208333 155.208333  13.818 0.000  11.536 0.000000
157.208333 158.208333  16.753 0.000  12.401 0.000000
161.208333 162.208333  20.730 0.000  15.274 0.000000
164.208333 165.208333  18.889 0.000  12.500 0.000000
168.208333 169.208333  12.699 0.000  11.131 0.000000
171.208333 172.208333  24.386 0.000  22.113 0.000000
175.208333 176.208333  21.336 0.000  11.938 0.000000
178.208333 179.208333  14.813 0.000  10.340 0.000000
182.208333 183.208333  19.154 0.000   9.658 0.000000
185.208333 186.208333  19.385 0.000  12.547 0.000000
189.208333 190.208333  51.623 0.000  39.463 0.000000
192.208333 193.208333  50.642 0.000  38.642 0.000000
196.208333 197.208333  13.755 0.000   7.975 0.000000
199.208333 200.208333  12.937 0.000  10.340 0.000000
203.208333 204.208333 999.999 0.999 999.999 0.999000
206.208333 207.208333 999.999 0.999 999.999 0.999000
210.208333 211.208333 999.999 0.999 999.999 0.999000
213.208333 214.208333  18.253 0.000  12.296 0.000000
217.208333 218.208333  12.852 0.000   9.788 0.000000
220.208333 221.208333   9.278 0.000   5.242 0.000000
224.208333 225.208333   9.301 0.000   5.569 0.000000
227.208333 228.208333   9.963 0.000   6.369 0.000000
231.208333 232.208333  11.023 0.000   5.244 0.000000
234.208333 235.208333  10.303 0.000   6.420 0.000000
238.208333 239.208333  15.209 0.000   6.942 0.000000
241.208333 242.208333  17.529 0.000  13.785 0.000000
245.208333 246.208333  12.472 0.000   7.438 0.000000
248.208333 249.208333  10.913 0.000   5.309 0.000000
252.208333 253.208333   9.695 0.000   5.635 0.000000
255.208333 256.208333  15.097 0.000  11.620 0.000000
259.208333 260.208333   9.532 0.000   5.672 0.000000
262.208333 263.208333   9.088 0.000   5.659 0.000000
266.208333 267.208333  18.636 0.000  15.497 0.000000
269.208333 270.208333  16.742 0.000  13.323 0.000000
273.208333 274.208333  17.269 0.000  12.006 0.000000
276.208333 277.208333   5.697 0.000   4.094 0.000000
280.208333 281.208333  16.719 0.000   8.265 0.000000
283.208333 284.208333  19.796 0.000  13.659 0.000000
287.208333 288.208333  25.853 0.000  20.312 0.000000
290.208333 291.208333  17.880 0.000  11.698 0.000000
294.208333 295.208333 999.999 0.999 999.999 0.999000
297.208333 298.208333 999.999 0.999 999.999 0.999000
301.208333 302.208333  27.712 0.000  23.084 0.000000
304.208333 305.208333  18.511 0.000  15.576 0.000000
308.208333 309.208333  10.601 0.000   7.292 0.000000
311.208333 312.208333  14.046 0.000  12.308 0.000000
315.208333 316.208333 999.999 0.999 999.999 0.999000
318.208333 319.208333 999.999 0.999 999.999 0.999000
322.208333 323.208333  14.420 0.000  10.515 0.000000
325.208333 326.208333  12.659 0.000   7.061 0.000000
329.208333 330.208333  17.358 0.000   7.938 0.000000
332.208333 333.208333  15.078 0.000  12.000 0.000000
336.208333 337.208333  10.037 0.000   7.645 0.000000
339.208333 340.208333  19.356 0.000   9.021 0.000000
343.208333 344.208333  23.566 0.000  15.877 0.000000
346.208333 347.208333  11.217 0.000   7.802 0.000000
350.208333 351.208333   9.424 0.000   6.273 0.000000
353.208333 354.208333  18.075 0.000  14.681 0.000000
357.208333 358.208333  25.153 0.000  14.608 0.000000
360.208333 361.208333  16.926 0.000   9.781 0.000000
364.208333 365.208333   6.629 0.000   4.207 0.000000
