scripts/IMPROVE-2019_partial/data/US1109R.20020102050000.20191216000000.filterpack..pm25.52w.1w.US03L_filterpack_US1109.US03L_IMPROVE_Davis.lev2.nas
66 1001
MISSING INFORMATION
US03L, IMPROVE, , , , , , , 
MISSING INFORMATION
IMPROVE sel_HTAP
1 1
2002 01 01 2019 12 16
3.000000
days from file reference point
27
1 1 1 1 1 1 1 1 1 1 1 1 1 1 1 1 1 1 1 1 1 1 1 1 1 1 1
999.999999 9999.99 9.999 99.99 9.999 9.999 9.999999 99.99 9.999 9.999 9.999 999.999 9.999 999.999 9.999 999.99 9.999999 999.999 9.999 999.999 9.999 999.999 9.999 9.999 9.999 99.999 9.999
end_time of measurement, days from the file reference point
iron, ng/m3, Revision date=20181210133000
numflag iron, no unit, Revision date=20181210133000
lead, ng/m3, Revision date=20181210133000
numflag lead, no unit, Revision date=20181210133000
magnesium, ug/m3, Revision date=20181210133000
numflag magnesium, no unit, Revision date=20181210133000
nickel, ng/m3, Revision date=20181210133000
numflag nickel, no unit, Revision date=20181210133000
nitrate, ug N/m3, Revision date=20181210133000
numflag nitrate, no unit, Revision date=20181210133000
organic_carbon, ug C/m3, Revision date=20181210133000
numflag organic_carbon, no unit, Revision date=20181210133000
organic_mass, ug/m3, Revision date=20181210133000
numflag organic_mass, no unit, Revision date=20181210133000
phosphorus, ng/m3, Revision date=20181210133000
numflag phosphorus, no unit, Revision date=20181210133000
pm10_mass, ug/m3, Version=2, Version description=Data extracted from http://views.cira.colostate.edu/fed/DataWizard 2019-12-16, Sample duration=1d, Orig. time res.=3d, Matrix=pm10, Blank correction=Blank corrected, Volume std. temperature=ambient, Volume std. pressure=ambient
numflag pm10_mass, no unit, Version=2, Version description=Data extracted from http://views.cira.colostate.edu/fed/DataWizard 2019-12-16, Sample duration=1d, Orig. time res.=3d, Matrix=pm10, Blank correction=Blank corrected, Volume std. temperature=ambient, Volume std. pressure=ambient
pm10_pm25_mass, ug/m3, Revision date=20181210133000, Matrix=pm10_pm25
numflag pm10_pm25_mass, no unit, Revision date=20181210133000, Matrix=pm10_pm25
pm25_mass, ug/m3, Version=2, Version description=Data extracted from http://views.cira.colostate.edu/fed/DataWizard 2019-12-16, Sample duration=1d, Orig. time res.=3d, Blank correction=Blank corrected, Volume std. temperature=ambient, Volume std. pressure=ambient
numflag pm25_mass, no unit, Version=2, Version description=Data extracted from http://views.cira.colostate.edu/fed/DataWizard 2019-12-16, Sample duration=1d, Orig. time res.=3d, Blank correction=Blank corrected, Volume std. temperature=ambient, Volume std. pressure=ambient
potassium, ug/m3, Revision date=20181210133000
numflag potassium, no unit, Revision date=20181210133000
sulphate_total, ug S/m3, Revision date=20181210133000
numflag sulphate_total, no unit, Revision date=20181210133000
0
25
Data definition:              EBAS_1.1
Set type code:                TU
Timezone:                     UTC
File name:                    US1109R.20020102050000.20191216000000.filterpack..pm25.52w.1w.US03L_filterpack_US1109.US03L_IMPROVE_Davis.lev2.nas
File creation:                20191218120323
Startdate:                    20020102050000
Revision date:                20191216000000
Statistics:                   arithmetic mean
Data level:                   2
Period code:                  52w
Resolution code:              1w
Station code:                 US1109R
Platform code:                US1109S
Station name:                 Okefenokee National Wildlife Refuge (GA09)
Station latitude:             30.7403
Station longitude:            -82.1286
Station altitude:             47.0 m
Regime:                       IMG
Component:                    
Matrix:                       pm25
Laboratory code:              US03L
Instrument type:              filterpack
Instrument name:              filterpack_US1109
Method ref:                   US03L_IMPROVE_Davis
starttime endtime Fe flag_Fe Pb flag_Pb Mg++ flag_Mg++ Ni flag_Ni NO3- flag_NO3- OC flag_OC OM flag_OM P flag_P PM10 flag_PM10 PM10-PM2.5 flag_PM10-PM2.5 PM2.5 flag_PM2.5 K+ flag_K+ SO4-- flag_SO4--
[from data line 81]
244.208333 245.208333    6.21 0.000  0.46 0.000 9.999 0.259000 99.99 0.259 0.043 0.000   1.317 0.000   1.845 0.000 999.99 0.259000  13.053 0.000   4.190 0.000   8.862 0.000 0.023 0.000  1.590 0.000
247.208333 248.208333    9.42 0.000  0.61 0.000 9.999 0.259000  0.82 0.000 0.084 0.000   1.189 0.000   1.664 0.000 999.99 0.259000  10.636 0.000   5.274 0.000   5.362 0.000 0.031 0.000  0.843 0.000
250.208333 251.208333   14.36 0.000  1.35 0.000 0.037 0.000000  0.61 0.000 0.127 0.000   1.404 0.000   1.965 0.000 999.99 0.259000  11.683 0.000   5.480 0.000   6.202 0.000 0.046 0.000  0.882 0.000
253.208333 254.208333   29.03 0.000  1.08 0.000 9.999 0.259000 99.99 0.259 0.049 0.559   3.779 0.000   5.290 0.000 999.99 0.259000  18.269 0.000   5.096 0.000  13.174 0.000 0.068 0.000  1.539 0.559
256.208333 257.208333   43.83 0.000  0.50 0.000 9.999 0.259000  1.57 0.000 0.076 0.559   1.294 0.000   1.811 0.000  20.88 0.000000   9.615 0.000   5.202 0.000   4.414 0.000 0.042 0.000  0.344 0.559
259.208333 260.208333   35.62 0.000  1.03 0.000 9.999 0.259000  0.22 0.000 0.035 0.000   3.328 0.000   4.659 0.000 999.99 0.259000  23.295 0.000   4.732 0.000  18.564 0.000 0.049 0.000  3.065 0.000
262.208333 263.208333   24.94 0.000  1.73 0.000 9.999 0.259000  0.52 0.000 0.061 0.000   1.466 0.000   2.053 0.000 999.99 0.259000  14.245 0.000   4.392 0.000   9.853 0.000 0.028 0.000  1.860 0.000
265.208333 266.208333   50.01 0.000  0.73 0.000 0.048 0.000000  0.33 0.000 0.067 0.000   1.365 0.000   1.911 0.000 999.99 0.259000   9.629 0.000   5.403 0.000   4.226 0.000 0.024 0.000  0.467 0.000
268.208333 269.208333  132.25 0.000  1.33 0.000 9.999 0.259000  0.58 0.000 0.116 0.000   1.367 0.000   1.914 0.000 999.99 0.259000  13.209 0.000   6.235 0.000   6.974 0.000 0.082 0.000  0.610 0.000
271.208333 272.208333   18.40 0.000  1.46 0.000 0.088 0.000000  1.16 0.000 0.108 0.559   2.148 0.000   3.008 0.000 999.99 0.259000  12.378 0.000   3.697 0.000   8.681 0.000 0.035 0.000  1.315 0.559
274.208333 275.208333   16.18 0.000  0.59 0.000 9.999 0.259000  0.27 0.000 0.069 0.000   1.303 0.000   1.824 0.000 999.99 0.259000   9.808 0.000   5.228 0.000   4.580 0.000 0.036 0.000  0.422 0.000
277.208333 278.208333   28.69 0.000  1.64 0.000 0.035 0.000000  1.53 0.000 0.065 0.000   2.071 0.000   2.899 0.000 999.99 0.259000  12.815 0.000   3.754 0.000   9.061 0.000 0.035 0.000  1.361 0.000
280.208333 281.208333   43.79 0.000  1.86 0.000 9.999 0.259000  1.65 0.000 0.055 0.559   3.844 0.000   5.381 0.000 999.99 0.259000  26.943 0.000   7.508 0.000  19.436 0.000 0.047 0.000  2.925 0.559
283.208333 284.208333    4.69 0.000  0.36 0.000 0.022 0.000000  0.16 0.000 0.042 0.000   1.392 0.000   1.949 0.000 999.99 0.259000   7.194 0.000   3.069 0.000   4.125 0.000 0.020 0.000  0.476 0.000
286.208333 287.208333    9.79 0.000  0.71 0.000 0.046 0.000000  0.21 0.000 0.049 0.000   1.389 0.000   1.944 0.000 999.99 0.259000   7.696 0.000   2.384 0.000   5.312 0.000 0.025 0.000  0.690 0.000
289.208333 290.208333   27.69 0.000  2.09 0.000 9.999 0.259000 99.99 0.259 0.056 0.559   2.136 0.000   2.990 0.000 999.99 0.259000  12.985 0.000   2.927 0.000  10.057 0.000 0.039 0.000  1.608 0.559
292.208333 293.208333   25.73 0.000  3.07 0.000 0.017 0.000000  0.24 0.000 0.058 0.000   2.093 0.000   2.930 0.000 999.99 0.259000  11.513 0.000   2.512 0.000   9.001 0.000 0.034 0.000  1.271 0.000
295.208333 296.208333   20.56 0.000  2.02 0.000 0.026 0.000000  0.51 0.000 0.044 0.559   2.127 0.000   2.978 0.000 999.99 0.259000  22.704 0.000   2.702 0.000  20.002 0.000 0.067 0.000  3.983 0.559
298.208333 299.208333    8.22 0.000  1.03 0.000 9.999 0.259000  0.31 0.000 0.025 0.559   2.017 0.000   2.824 0.000 999.99 0.259000  12.126 0.000   3.876 0.000   8.250 0.000 0.027 0.000  1.221 0.559
301.208333 302.208333    5.18 0.000  0.62 0.000 9.999 0.259000  0.71 0.000 0.043 0.000   1.610 0.000   2.255 0.000 999.99 0.259000   7.379 0.000   2.731 0.000   4.648 0.000 0.029 0.000  0.609 0.000
304.208333 305.208333   23.94 0.000  1.16 0.000 9.999 0.259000  0.15 0.000 0.077 0.000   2.772 0.000   3.880 0.000 999.99 0.259000  11.755 0.000   2.585 0.000   9.170 0.000 0.046 0.000  1.020 0.000
307.208333 308.208333   35.43 0.000  2.92 0.000 9.999 0.259000  0.39 0.000 0.051 0.559   3.116 0.000   4.362 0.000 999.99 0.259000  16.457 0.000   4.675 0.000  11.782 0.000 0.061 0.000  1.503 0.559
310.208333 311.208333   14.09 0.000  1.08 0.000 9.999 0.259000  0.16 0.000 0.031 0.000   1.335 0.000   1.868 0.000 999.99 0.259000   9.151 0.000   1.793 0.000   7.358 0.000 0.018 0.000  1.269 0.000
313.208333 314.208333   13.54 0.000  0.85 0.000 9.999 0.259000  0.49 0.000 0.151 0.000   1.191 0.000   1.667 0.000 999.99 0.259000   9.427 0.000   3.611 0.000   5.817 0.000 0.040 0.000  0.959 0.000
316.208333 317.208333   19.86 0.000  1.70 0.000 9.999 0.259000  0.09 0.000 0.090 0.559   2.144 0.000   3.002 0.000 999.99 0.259000  11.140 0.000   2.207 0.000   8.933 0.000 0.041 0.000  1.145 0.559
319.208333 320.208333   11.60 0.000  1.38 0.000 9.999 0.259000  0.68 0.000 0.060 0.000   1.499 0.000   2.099 0.000 999.99 0.259000   8.246 0.000   1.511 0.000   6.736 0.000 0.077 0.000  0.877 0.000
322.208333 323.208333   21.86 0.000  1.38 0.000 0.022 0.000000  0.14 0.000 0.063 0.559   2.349 0.000   3.289 0.000 999.99 0.259000   7.752 0.000   1.256 0.000   6.497 0.000 0.036 0.000  0.559 0.559
325.208333 326.208333   17.38 0.000  1.32 0.000 9.999 0.259000  0.13 0.000 0.050 0.559   2.297 0.000   3.216 0.000 999.99 0.259000  10.272 0.000   2.280 0.000   7.992 0.000 0.046 0.000  0.788 0.559
328.208333 329.208333   22.31 0.000  2.38 0.000 9.999 0.259000  0.39 0.000 0.072 0.000   2.312 0.000   3.237 0.000 999.99 0.259000  10.561 0.000   2.723 0.000   7.839 0.000 0.063 0.000  0.847 0.000
331.208333 332.208333   26.97 0.000  1.73 0.000 0.042 0.000000  0.13 0.000 0.077 0.559   1.834 0.000   2.567 0.000 999.99 0.259000  11.774 0.000   1.716 0.000  10.057 0.000 0.043 0.000  1.445 0.559
334.208333 335.208333   19.28 0.000  1.08 0.000 9.999 0.259000 99.99 0.259 0.075 0.559   1.301 0.000   1.821 0.000 999.99 0.259000   7.388 0.000   3.014 0.000   4.373 0.000 0.059 0.000  0.422 0.559
337.208333 338.208333   30.32 0.000  1.40 0.000 0.027 0.000000  0.86 0.000 0.254 0.000   2.855 0.000   3.996 0.000 999.99 0.259000  19.125 0.000   7.411 0.000  11.713 0.000 0.095 0.000  1.288 0.000
340.208333 341.208333   13.27 0.000  1.69 0.000 9.999 0.259000  0.33 0.000 0.164 0.559   2.873 0.000   4.022 0.000 999.99 0.259000  12.362 0.000   0.630 0.000  11.732 0.000 0.042 0.000  1.566 0.559
343.208333 344.208333    5.12 0.000  1.16 0.000 9.999 0.259000  0.36 0.000 0.031 0.000   0.913 0.000   1.278 0.000 999.99 0.259000   4.240 0.000   0.371 0.000   3.869 0.000 0.018 0.000  0.556 0.000
346.208333 347.208333    9.25 0.000  0.55 0.000 0.020 0.000000  0.21 0.000 0.119 0.559   0.965 0.000   1.351 0.000 999.99 0.259000   7.712 0.000   3.482 0.000   4.230 0.000 0.033 0.000  0.471 0.559
349.208333 350.208333   20.67 0.000  1.72 0.000 9.999 0.259000 99.99 0.259 0.076 0.000   6.960 0.000   9.744 0.000 999.99 0.259000  15.961 0.000   1.152 0.000  14.809 0.000 0.060 0.000  0.828 0.000
352.208333 353.208333   16.43 0.000  0.56 0.000 9.999 0.259000  0.72 0.000 0.060 0.559   1.251 0.000   1.752 0.000 999.99 0.259000   7.556 0.000   2.355 0.000   5.201 0.000 0.041 0.000  0.616 0.559
355.208333 356.208333    9.43 0.000  0.91 0.000 0.027 0.000000  0.21 0.000 0.053 0.559   1.370 0.000   1.919 0.000 999.99 0.259000   6.944 0.000   2.611 0.000   4.333 0.000 0.031 0.000  0.320 0.559
358.208333 359.208333    5.11 0.000  0.46 0.000 9.999 0.259000  0.10 0.000 0.041 0.000   0.725 0.000   1.015 0.000 999.99 0.259000   5.823 0.000   2.366 0.000   3.457 0.000 0.021 0.000  0.483 0.000
361.208333 362.208333   12.54 0.000  1.68 0.000 9.999 0.259000 99.99 0.259 0.084 0.000   1.619 0.000   2.267 0.000 999.99 0.259000   6.615 0.000   0.953 0.000   5.663 0.000 0.035 0.000  0.555 0.000
364.208333 365.208333   23.15 0.000  1.88 0.000 9.999 0.259000  0.59 0.000 0.168 0.000   3.684 0.000   5.157 0.000 999.99 0.259000  12.061 0.000   2.966 0.000   9.096 0.000 0.056 0.000  0.739 0.000
