scripts/IMPROVE-2019_partial/data/US1109R.20010101050000.20191216000000.filterpack..pm25.52w.1w.US03L_filterpack_US1109.US03L_IMPROVE_Davis.lev2.nas
64 1001
MISSING INFORMATION
US03L, IMPROVE, , , , , , , 
MISSING INFORMATION
IMPROVE sel_HTAP
1 1
2001 01 01 2019 12 16
3.000000
days from file reference point
25
1 1 1 1 1 1 1 1 1 1 1 1 1 1 1 1 1 1 1 1 1 1 1 1 1
999.999999 9999.99 9.999 99.99 9.999 9.999 9.999999 99.99 9.999999 9.999 9.999 999.999 9.999 999.999 9.999 999.999 9.999 999.999 9.999 999.999 9.999 9.999 9.999 99.999 9.999
end_time of measurement, days from the file reference point
iron, ng/m3, Revision date=20181210133000
numflag iron, no unit, Revision date=20181210133000
lead, ng/m3, Revision date=20181210133000
numflag lead, no unit, Revision date=20181210133000
magnesium, ug/m3, Revision date=20181210133000
numflag magnesium, no unit, Revision date=20181210133000
nickel, ng/m3, Revision date=20181210133000
numflag nickel, no unit, Revision date=20181210133000
nitrate, ug N/m3, Revision date=20181210133000
numflag nitrate, no unit, Revision date=20181210133000
organic_carbon, ug C/m3, Revision date=20181210133000
numflag organic_carbon, no unit, Revision date=20181210133000
organic_mass, ug/m3, Revision date=20181210133000
numflag organic_mass, no unit, Revision date=20181210133000
pm10_mass, ug/m3, Version=2, Version description=Data extracted from http://views.cira.colostate.edu/fed/DataWizard 2019-12-16, Sample duration=1d, Orig. time res.=3d, Matrix=pm10, Blank correction=Blank corrected, Volume std. temperature=ambient, Volume std. pressure=ambient
numflag pm10_mass, no unit, Version=2, Version description=Data extracted from http://views.cira.colostate.edu/fed/DataWizard 2019-12-16, Sample duration=1d, Orig. time res.=3d, Matrix=pm10, Blank correction=Blank corrected, Volume std. temperature=ambient, Volume std. pressure=ambient
pm10_pm25_mass, ug/m3, Revision date=20181210133000, Matrix=pm10_pm25
numflag pm10_pm25_mass, no unit, Revision date=20181210133000, Matrix=pm10_pm25
pm25_mass, ug/m3, Version=2, Version description=Data extracted from http://views.cira.colostate.edu/fed/DataWizard 2019-12-16, Sample duration=1d, Orig. time res.=3d, Blank correction=Blank corrected, Volume std. temperature=ambient, Volume std. pressure=ambient
numflag pm25_mass, no unit, Version=2, Version description=Data extracted from http://views.cira.colostate.edu/fed/DataWizard 2019-12-16, Sample duration=1d, Orig. time res.=3d, Blank correction=Blank corrected, Volume std. temperature=ambient, Volume std. pressure=ambient
potassium, ug/m3, Revision date=20181210133000
numflag potassium, no unit, Revision date=20181210133000
sulphate_total, ug S/m3, Revision date=20181210133000
numflag sulphate_total, no unit, Revision date=20181210133000
0
25
Data definition:              EBAS_1.1
Set type code:                TU
Timezone:                     UTC
File name:                    US1109R.20010101050000.20191216000000.filterpack..pm25.52w.1w.US03L_filterpack_US1109.US03L_IMPROVE_Davis.lev2.nas
File creation:                20191218120322
Startdate:                    20010101050000
Revision date:                20191216000000
Statistics:                   arithmetic mean
Data level:                   2
Period code:                  52w
Resolution code:              1w
Station code:                 US1109R
Platform code:                US1109S
Station name:                 Okefenokee National Wildlife Refuge (GA09)
Station latitude:             30.7403
Station longitude:            -82.1286
Station altitude:             47.0 m
Regime:                       IMG
Component:                    
Matrix:                       pm25
Laboratory code:              US03L
Instrument type:              filterpack
Instrument name:              filterpack_US1109
Method ref:                   US03L_IMPROVE_Davis
starttime endtime Fe flag_Fe Pb flag_Pb Mg++ flag_Mg++ Ni flag_Ni NO3- flag_NO3- OC flag_OC OM flag_OM PM10 flag_PM10 PM10-PM2.5 flag_PM10-PM2.5 PM2.5 flag_PM2.5 K+ flag_K+ SO4-- flag_SO4--
[from data line 87]
261.208333 262.208333   26.72 0.000  1.99 0.000 9.999 0.259000  1.78 0.000000 0.078 0.000   2.499 0.000   3.498 0.000  17.687 0.000   4.873 0.000  12.814 0.000 0.035 0.000  2.056 0.000
264.208333 265.208333 9999.99 0.999 99.99 0.999 9.999 0.999000 99.99 0.999000 9.999 0.999 999.999 0.999 999.999 0.999 999.999 0.999 999.999 0.999 999.999 0.999 9.999 0.999 99.999 0.999
267.208333 268.208333 9999.99 0.999 99.99 0.999 9.999 0.999000 99.99 0.999000 9.999 0.999 999.999 0.999 999.999 0.999 999.999 0.999 999.999 0.999 999.999 0.999 9.999 0.999 99.999 0.999
270.208333 271.208333   24.84 0.000  1.66 0.000 9.999 0.259000  0.49 0.000000 0.044 0.000   3.096 0.000   4.334 0.000  19.773 0.000   2.776 0.000  16.998 0.000 0.048 0.000  2.691 0.000
273.208333 274.208333   21.47 0.000  2.17 0.000 9.999 0.259000  0.18 0.000000 0.023 0.000   1.849 0.000   2.589 0.000   9.613 0.000   2.523 0.000   7.089 0.000 0.024 0.000  0.856 0.000
276.208333 277.208333   21.92 0.000  1.54 0.000 9.999 0.259000  0.39 0.000000 0.048 0.000   2.240 0.000   3.137 0.000  13.198 0.000   4.045 0.000   9.153 0.000 0.022 0.000  1.216 0.000
279.208333 280.208333   15.05 0.000  1.31 0.000 0.024 0.000000  0.26 0.000000 0.085 0.000   1.735 0.000   2.429 0.000  10.709 0.000   3.851 0.000   6.858 0.000 0.040 0.000  0.993 0.000
282.208333 283.208333   11.31 0.000  0.37 0.000 9.999 0.259000  0.35 0.000000 0.086 0.000   0.701 0.000   0.982 0.000   9.853 0.000   5.463 0.000   4.391 0.000 0.030 0.000  0.336 0.000
285.208333 286.208333   13.77 0.000  0.58 0.000 9.999 0.259000  0.63 0.000000 0.073 0.000   1.046 0.000   1.464 0.000   7.270 0.000   2.814 0.000   4.456 0.000 0.019 0.000  0.237 0.000
288.208333 289.208333   19.25 0.559  1.15 0.559 9.999 0.559259 99.99 0.559259 0.052 0.000   1.733 0.000   2.426 0.000  11.129 0.000   5.406 0.000   5.722 0.559 0.031 0.559  0.573 0.000
291.208333 292.208333   18.90 0.559  0.72 0.559 9.999 0.559259  0.35 0.559000 0.126 0.000   1.893 0.000   2.651 0.000  17.525 0.000   6.766 0.000  10.758 0.559 0.032 0.559  1.167 0.000
294.208333 295.208333    6.81 0.559  0.14 0.559 9.999 0.559259  0.32 0.559000 0.057 0.000   1.007 0.000   1.410 0.000   3.762 0.000 999.999 0.259   4.093 0.559 0.009 0.559  0.253 0.000
297.208333 298.208333   13.82 0.559  0.80 0.559 9.999 0.559259  0.37 0.559000 0.056 0.000   1.536 0.000   2.151 0.000   9.151 0.000   2.686 0.000   6.465 0.559 0.023 0.559  0.665 0.000
300.208333 301.208333   18.18 0.000  1.02 0.000 9.999 0.259000 99.99 0.259000 0.067 0.000   1.207 0.000   1.690 0.000   9.173 0.000   3.577 0.000   5.596 0.000 0.028 0.000  0.739 0.000
303.208333 304.208333   26.07 0.559  1.03 0.559 9.999 0.559259  0.69 0.559000 0.101 0.000   2.063 0.000   2.888 0.000  14.583 0.000   4.054 0.000  10.530 0.559 0.047 0.559  1.383 0.000
306.208333 307.208333    9.85 0.559  0.42 0.559 9.999 0.559259  0.66 0.559000 0.103 0.559   1.039 0.000   1.455 0.000  11.053 0.000   4.366 0.000   6.687 0.559 0.048 0.559  0.401 0.559
309.208333 310.208333   38.69 0.559  2.07 0.559 9.999 0.559259  0.31 0.559000 0.106 0.000   2.536 0.000   3.551 0.000  14.270 0.000   5.715 0.000   8.555 0.559 0.078 0.559  0.824 0.000
312.208333 313.208333   48.39 0.559  2.59 0.559 9.999 0.559259  0.13 0.559000 0.055 0.000   4.807 0.000   6.730 0.000  25.426 0.000   8.037 0.000  17.390 0.559 0.086 0.559  1.795 0.000
315.208333 316.208333   60.53 0.000  2.53 0.000 9.999 0.259000  0.25 0.000000 0.156 0.000   3.846 0.000   5.384 0.000  22.817 0.000   3.050 0.000  19.767 0.000 0.094 0.000  1.994 0.000
318.208333 319.208333   22.86 0.000  1.41 0.000 9.999 0.259000  0.39 0.000000 0.098 0.000   1.252 0.000   1.753 0.000  10.144 0.000   3.460 0.000   6.684 0.000 0.034 0.000  0.548 0.000
321.208333 322.208333   46.45 0.000  2.53 0.000 9.999 0.259000  0.61 0.000000 0.205 0.000   3.465 0.000   4.852 0.000  25.647 0.000   5.768 0.000  19.878 0.000 0.098 0.000  2.840 0.000
324.208333 325.208333   32.24 0.000  0.83 0.000 9.999 0.259000  0.34 0.000000 0.122 0.000   3.035 0.000   4.249 0.000  16.849 0.000   5.227 0.000  11.623 0.000 0.066 0.000  1.227 0.000
327.208333 328.208333   14.63 0.000  1.59 0.000 9.999 0.259000  1.15 0.000000 0.108 0.000   2.032 0.000   2.845 0.000  11.271 0.000   2.099 0.000   9.172 0.000 0.045 0.000  1.008 0.000
330.208333 331.208333   39.36 0.000  1.47 0.000 9.999 0.259000  0.85 0.000000 0.084 0.000   1.280 0.000   1.791 0.000  13.642 0.000   7.960 0.000   5.683 0.000 9.999 0.259  0.325 0.000
333.208333 334.208333   23.20 0.000  2.15 0.000 9.999 0.259000  0.57 0.000000 0.127 0.000   1.561 0.000   2.185 0.000  13.419 0.000   6.098 0.000   7.321 0.000 0.028 0.000  0.986 0.000
336.208333 337.208333   34.04 0.000  2.64 0.000 0.058 0.000000  0.63 0.000000 0.152 0.000   3.855 0.000   5.397 0.000  22.671 0.000   4.805 0.000  17.865 0.000 0.062 0.000  2.198 0.000
339.208333 340.208333   12.49 0.000  0.70 0.000 9.999 0.259000  0.63 0.000000 0.101 0.000   1.006 0.000   1.408 0.000  10.326 0.000   5.993 0.000   4.333 0.000 0.036 0.000  0.375 0.000
342.208333 343.208333   12.26 0.000  1.07 0.000 9.999 0.259000  0.37 0.000000 0.149 0.000   2.541 0.000   3.558 0.000  13.231 0.000   3.146 0.000  10.085 0.000 0.054 0.000  1.262 0.000
345.208333 346.208333   18.81 0.000  2.61 0.000 9.999 0.259000  0.88 0.000000 0.124 0.000   2.365 0.000   3.311 0.000  15.161 0.000   2.478 0.000  12.684 0.000 0.081 0.000  1.777 0.000
348.208333 349.208333   10.52 0.000  0.38 0.000 9.999 0.259000  0.42 0.000000 0.117 0.000   1.899 0.000   2.658 0.000  12.659 0.000   4.596 0.000   8.064 0.000 0.047 0.000  1.037 0.000
351.208333 352.208333    7.57 0.000  0.54 0.000 9.999 0.259000 99.99 0.259000 0.034 0.000   0.836 0.000   1.171 0.000   5.114 0.000   1.965 0.000   3.149 0.000 0.017 0.000  0.349 0.000
354.208333 355.208333   23.51 0.000  1.46 0.000 9.999 0.259000 99.99 0.259000 0.045 0.000   1.655 0.000   2.317 0.000   6.871 0.000   2.548 0.000   4.322 0.000 0.034 0.000  0.247 0.000
357.208333 358.208333    8.50 0.000  0.80 0.000 9.999 0.259000 99.99 0.259000 0.028 0.000   0.803 0.000   1.124 0.000   4.934 0.000   1.563 0.000   3.371 0.000 0.021 0.000  0.358 0.000
360.208333 361.208333   20.79 0.000  1.00 0.000 9.999 0.259000 99.99 0.259000 0.102 0.000   1.468 0.000   2.055 0.000   6.760 0.000   1.725 0.000   5.035 0.000 0.051 0.000  0.424 0.000
363.208333 364.208333   21.36 0.000  1.23 0.000 9.999 0.259000 99.99 0.259000 0.072 0.000   1.790 0.000   2.505 0.000   7.425 0.000   1.892 0.000   5.532 0.000 0.059 0.000  0.465 0.000
