scripts/IMPROVE-2019_partial/data/US1109R.19970101050000.20191216000000.filterpack...1y.3d.US03L_filterpack_US1109.US03L_IMPROVE_Davis.lev2.nas
51 1001
MISSING INFORMATION
US03L, IMPROVE, , , , , , , 
MISSING INFORMATION
IMPROVE sel_HTAP
1 1
1997 01 01 2019 12 16
0
days from file reference point
4
1 1 1 1
999.999999 999.999 999.999 9.999
end_time of measurement, days from the file reference point
pm10_mass, ug/m3, Matrix=pm10
pm25_mass, ug/m3, Matrix=pm25
numflag, no unit
0
33
Data definition:              EBAS_1.1
Set type code:                TI
Timezone:                     UTC
File name:                    US1109R.19970101050000.20191216000000.filterpack...1y.3d.US03L_filterpack_US1109.US03L_IMPROVE_Davis.lev2.nas
File creation:                20191218120322
Startdate:                    19970101050000
Revision date:                20191216000000
Version:                      2
Version description:          "Data extracted from http://views.cira.colostate.edu/fed/DataWizard 2019-12-16"
Statistics:                   arithmetic mean
Data level:                   2
Period code:                  1y
Resolution code:              3d
Sample duration:              1d
Orig. time res.:              3d
Station code:                 US1109R
Platform code:                US1109S
Station name:                 Okefenokee National Wildlife Refuge (GA09)
Station latitude:             30.7403
Station longitude:            -82.1286
Station altitude:             47.0 m
Regime:                       IMG
Component:                    
Unit:                         ug/m3
Matrix:                       
Laboratory code:              US03L
Instrument type:              filterpack
Instrument name:              filterpack_US1109
Method ref:                   US03L_IMPROVE_Davis
Blank correction:             Blank corrected
Volume std. temperature:      ambient
Volume std. pressure:         ambient
starttime endtime PM10 PM2.5 flag
  0.208333   1.208333  22.298   7.769 0.000
  3.208333   4.208333 999.999   6.944 0.000
  7.208333   8.208333  14.530   6.592 0.000
 10.208333  11.208333  15.171   4.059 0.000
 14.208333  15.208333  63.161  41.710 0.000
 17.208333  18.208333  16.623   4.148 0.000
 21.208333  22.208333  51.991  14.749 0.000
 24.208333  25.208333  13.274   3.896 0.000
 28.208333  29.208333  43.138  10.686 0.000
 31.208333  32.208333  33.448  10.123 0.000
 35.208333  36.208333  21.452   9.066 0.000
 38.208333  39.208333  23.309  14.261 0.000
 42.208333  43.208333  46.658  19.411 0.000
 45.208333  46.208333  19.604   4.651 0.000
 49.208333  50.208333  13.704   8.198 0.000
 52.208333  53.208333  15.972   4.534 0.000
 56.208333  57.208333  10.352   8.813 0.000
 59.208333  60.208333  14.406   8.044 0.000
 63.208333  64.208333  16.992  13.413 0.000
 66.208333  67.208333  16.002   8.196 0.000
 70.208333  71.208333 999.999  14.932 0.000
 73.208333  74.208333  10.599   7.075 0.000
 77.208333  78.208333  17.723   8.777 0.000
 80.208333  81.208333  12.781  10.163 0.000
 84.208333  85.208333  13.292   8.219 0.000
 87.208333  88.208333  12.037   6.530 0.000
 91.208333  92.208333  15.964   6.053 0.000
 94.208333  95.208333  17.615   7.199 0.000
 98.208333  99.208333  17.656  10.845 0.000
101.208333 102.208333  12.802   7.447 0.000
105.208333 106.208333  23.247  13.954 0.000
108.208333 109.208333  20.384  11.854 0.000
112.208333 113.208333  17.736   7.812 0.000
115.208333 116.208333  21.537  15.696 0.000
119.208333 120.208333  14.027   8.049 0.000
122.208333 123.208333  17.200  12.526 0.000
126.208333 127.208333  22.250  15.175 0.000
129.208333 130.208333  15.061   8.807 0.000
133.208333 134.208333  28.662  14.454 0.000
136.208333 137.208333  26.584  12.475 0.000
140.208333 141.208333  21.819  18.854 0.000
143.208333 144.208333  23.438  20.896 0.000
147.208333 148.208333  21.296   9.501 0.000
150.208333 151.208333  12.639   6.029 0.000
154.208333 155.208333 999.999 999.999 0.999
157.208333 158.208333 999.999 999.999 0.999
161.208333 162.208333  22.797   7.380 0.000
164.208333 165.208333  23.132  10.224 0.000
168.208333 169.208333  17.116  10.220 0.000
171.208333 172.208333  39.232  18.232 0.000
175.208333 176.208333  12.764   6.322 0.000
178.208333 179.208333  20.436   7.879 0.000
182.208333 183.208333  59.789  22.228 0.000
185.208333 186.208333 999.999 999.999 0.999
189.208333 190.208333  15.841   7.476 0.000
192.208333 193.208333  23.455  16.420 0.000
196.208333 197.208333  43.565  21.149 0.000
199.208333 200.208333 999.999 999.999 0.999
203.208333 204.208333 999.999 999.999 0.999
206.208333 207.208333 999.999 999.999 0.999
210.208333 211.208333  13.790   5.761 0.000
213.208333 214.208333  20.402   8.875 0.000
217.208333 218.208333  36.371  27.394 0.000
220.208333 221.208333  24.635   8.790 0.000
224.208333 225.208333  14.946   9.934 0.000
227.208333 228.208333  15.851   6.602 0.000
231.208333 232.208333  17.154  10.512 0.000
234.208333 235.208333  24.616  17.457 0.000
238.208333 239.208333  37.206  18.170 0.000
241.208333 242.208333  39.740  24.955 0.000
245.208333 246.208333  18.229   6.688 0.000
248.208333 249.208333  20.629   9.401 0.000
252.208333 253.208333  20.625  12.811 0.000
255.208333 256.208333  17.178   9.691 0.000
259.208333 260.208333  16.410  10.715 0.000
262.208333 263.208333  44.330  25.581 0.000
266.208333 267.208333  17.090   8.767 0.000
269.208333 270.208333   5.425   3.331 0.000
273.208333 274.208333  28.002  16.204 0.000
276.208333 277.208333  17.190   8.070 0.000
280.208333 281.208333  48.669  20.282 0.000
283.208333 284.208333  17.213   7.613 0.000
287.208333 288.208333  12.742   5.824 0.000
290.208333 291.208333  21.694  15.706 0.000
294.208333 295.208333  34.085  23.401 0.000
297.208333 298.208333  12.806   8.075 0.000
301.208333 302.208333  15.390   8.760 0.000
304.208333 305.208333   8.258   3.217 0.000
308.208333 309.208333  14.376   7.401 0.000
311.208333 312.208333  17.483  12.030 0.000
315.208333 316.208333  20.596  12.217 0.000
318.208333 319.208333  12.077   5.376 0.000
322.208333 323.208333  26.630  12.220 0.000
325.208333 326.208333  10.870   5.848 0.000
329.208333 330.208333  17.210   9.368 0.000
332.208333 333.208333  23.230   8.503 0.000
336.208333 337.208333  22.153   8.697 0.000
339.208333 340.208333  10.617   4.725 0.000
343.208333 344.208333  13.518   8.537 0.000
346.208333 347.208333  16.186  11.511 0.000
350.208333 351.208333   6.496   5.288 0.000
353.208333 354.208333  12.978  10.577 0.000
357.208333 358.208333  19.412   8.003 0.000
360.208333 361.208333   8.756   4.630 0.000
364.208333 365.208333  18.421   3.032 0.000
