scripts/IMPROVE-2019_partial/data/US1109R.20120101050000.20191216000000.filterpack...52w.3d.US03L_filterpack_US1109.US03L_IMPROVE_Davis.lev2.nas
51 1001
MISSING INFORMATION
US03L, IMPROVE, , , , , , , 
MISSING INFORMATION
IMPROVE sel_HTAP
1 1
2012 01 01 2019 12 16
3.000000
days from file reference point
4
1 1 1 1
999.999999 999.999 999.999 9.999
end_time of measurement, days from the file reference point
pm10_mass, ug/m3, Matrix=pm10
pm25_mass, ug/m3, Matrix=pm25
numflag, no unit
0
33
Data definition:              EBAS_1.1
Set type code:                TU
Timezone:                     UTC
File name:                    US1109R.20120101050000.20191216000000.filterpack...52w.3d.US03L_filterpack_US1109.US03L_IMPROVE_Davis.lev2.nas
File creation:                20191218120324
Startdate:                    20120101050000
Revision date:                20191216000000
Version:                      2
Version description:          "Data extracted from http://views.cira.colostate.edu/fed/DataWizard 2019-12-16"
Statistics:                   arithmetic mean
Data level:                   2
Period code:                  52w
Resolution code:              3d
Sample duration:              1d
Orig. time res.:              3d
Station code:                 US1109R
Platform code:                US1109S
Station name:                 Okefenokee National Wildlife Refuge (GA09)
Station latitude:             30.7403
Station longitude:            -82.1286
Station altitude:             47.0 m
Regime:                       IMG
Component:                    
Unit:                         ug/m3
Matrix:                       
Laboratory code:              US03L
Instrument type:              filterpack
Instrument name:              filterpack_US1109
Method ref:                   US03L_IMPROVE_Davis
Blank correction:             Blank corrected
Volume std. temperature:      ambient
Volume std. pressure:         ambient
starttime endtime PM10 PM2.5 flag
  0.208333   1.208333   6.395   4.827 0.000
  3.208333   4.208333   7.000   4.537 0.000
  6.208333   7.208333  13.502  11.282 0.000
  9.208333  10.208333  20.994  17.585 0.000
 12.208333  13.208333   5.055   2.826 0.000
 15.208333  16.208333   8.840   4.978 0.000
 18.208333  19.208333   6.795   5.259 0.000
 21.208333  22.208333   9.111   7.756 0.000
 24.208333  25.208333  12.547   8.795 0.000
 27.208333  28.208333   4.362   3.182 0.000
 30.208333  31.208333   9.299   3.784 0.000
 33.208333  34.208333  17.340   8.742 0.000
 36.208333  37.208333  17.652  12.063 0.000
 39.208333  40.208333  19.117  14.816 0.000
 42.208333  43.208333   4.663   2.911 0.000
 45.208333  46.208333   8.732   6.810 0.000
 48.208333  49.208333  11.042   7.986 0.000
 51.208333  52.208333  10.619   6.615 0.000
 54.208333  55.208333  15.006   8.790 0.000
 57.208333  58.208333   4.325   3.015 0.000
 60.208333  61.208333 999.999 999.999 0.456
 63.208333  64.208333 999.999 999.999 0.456
 66.208333  67.208333 999.999 999.999 0.456
 69.208333  70.208333  14.626   7.475 0.000
 72.208333  73.208333  19.604   8.444 0.000
 75.208333  76.208333  17.486   9.148 0.000
 78.208333  79.208333  20.286   8.818 0.000
 81.208333  82.208333  16.013   5.404 0.000
 84.208333  85.208333   9.971   6.575 0.000
 87.208333  88.208333  15.066   8.983 0.000
 90.208333  91.208333  12.159   6.517 0.000
 93.208333  94.208333  14.165   9.305 0.000
 96.208333  97.208333  11.592   8.110 0.000
 99.208333 100.208333 999.999 999.999 0.699
102.208333 103.208333  19.096   7.731 0.000
105.208333 106.208333  14.456   6.399 0.000
108.208333 109.208333  22.062  10.569 0.000
111.208333 112.208333  10.047   6.505 0.000
114.208333 115.208333  12.151   6.163 0.000
117.208333 118.208333  11.921   6.959 0.000
120.208333 121.208333  11.059   5.298 0.000
123.208333 124.208333  15.120   4.525 0.000
126.208333 127.208333   9.719   5.491 0.000
129.208333 130.208333  11.209   6.036 0.000
132.208333 133.208333  12.791   6.884 0.000
135.208333 136.208333  11.615   6.702 0.000
138.208333 139.208333  10.569   7.083 0.000
141.208333 142.208333  12.200   7.505 0.000
144.208333 145.208333  15.656   8.760 0.000
147.208333 148.208333  11.719   6.286 0.000
150.208333 151.208333  12.211   7.312 0.000
153.208333 154.208333  10.502   5.822 0.000
156.208333 157.208333  14.925   9.149 0.000
159.208333 160.208333   8.900   4.558 0.000
162.208333 163.208333  13.306   6.462 0.000
165.208333 166.208333  15.265  10.117 0.000
168.208333 169.208333  13.892   6.827 0.000
171.208333 172.208333   9.311   3.465 0.000
174.208333 175.208333  11.922   5.738 0.000
177.208333 178.208333   5.144   2.492 0.000
180.208333 181.208333  14.890  10.239 0.000
183.208333 184.208333  12.004   9.392 0.000
186.208333 187.208333  18.476  11.284 0.000
189.208333 190.208333  20.401  10.093 0.000
192.208333 193.208333  13.133   6.695 0.000
195.208333 196.208333  12.907   5.929 0.000
198.208333 199.208333  10.061   4.408 0.000
201.208333 202.208333  11.076   4.767 0.000
204.208333 205.208333  16.887   7.538 0.000
207.208333 208.208333  20.223  11.216 0.000
210.208333 211.208333  17.038   9.463 0.000
213.208333 214.208333  14.067   9.220 0.000
216.208333 217.208333 999.999 999.999 0.999
219.208333 220.208333 999.999 999.999 0.999
222.208333 223.208333  27.493  11.849 0.000
225.208333 226.208333  14.086   8.415 0.000
228.208333 229.208333  13.053   6.046 0.000
231.208333 232.208333   9.946   5.325 0.000
234.208333 235.208333   8.130   2.912 0.000
237.208333 238.208333  10.001   5.910 0.000
240.208333 241.208333  11.991   5.080 0.000
243.208333 244.208333  11.821   6.182 0.000
246.208333 247.208333  11.568   7.403 0.000
249.208333 250.208333  10.140   5.800 0.000
252.208333 253.208333  10.688   5.828 0.000
255.208333 256.208333  11.796   4.552 0.000
258.208333 259.208333  11.822   6.526 0.000
261.208333 262.208333   7.376   2.970 0.000
264.208333 265.208333  12.365   6.607 0.000
267.208333 268.208333  14.630   6.971 0.000
270.208333 271.208333   8.616   3.547 0.000
273.208333 274.208333  10.214   6.059 0.000
276.208333 277.208333  12.424   6.519 0.000
279.208333 280.208333   9.894   5.598 0.000
282.208333 283.208333  13.683   8.383 0.000
285.208333 286.208333  15.003   9.572 0.000
288.208333 289.208333  15.670   5.280 0.000
291.208333 292.208333  10.060   5.900 0.000
294.208333 295.208333  14.550   5.377 0.000
297.208333 298.208333  10.793   5.111 0.000
300.208333 301.208333  14.380   8.846 0.000
303.208333 304.208333  11.262   3.734 0.000
306.208333 307.208333  12.608   5.909 0.000
309.208333 310.208333  14.387  10.273 0.000
312.208333 313.208333   6.522   5.379 0.000
315.208333 316.208333  10.863   6.350 0.000
318.208333 319.208333  11.095   8.265 0.000
321.208333 322.208333  10.525   7.632 0.000
324.208333 325.208333  10.518   6.627 0.000
327.208333 328.208333  13.825   9.687 0.000
330.208333 331.208333  10.661   5.779 0.000
333.208333 334.208333  13.295   9.937 0.000
336.208333 337.208333   8.836   4.023 0.000
339.208333 340.208333   7.895   3.652 0.000
342.208333 343.208333  12.380  10.981 0.000
345.208333 346.208333  11.269   7.474 0.000
348.208333 349.208333   8.228   6.611 0.000
351.208333 352.208333   5.662   3.037 0.000
354.208333 355.208333   7.678   5.694 0.000
357.208333 358.208333   3.680   2.749 0.000
360.208333 361.208333  10.238   5.146 0.000
363.208333 364.208333   8.342   7.081 0.000
