scripts/IMPROVE-2019_partial/data/US1109R.20040101050000.20191216000000.filterpack..pm25.52w.1w.US03L_filterpack_US1109.US03L_IMPROVE_Davis.lev2.nas
66 1001
MISSING INFORMATION
US03L, IMPROVE, , , , , , , 
MISSING INFORMATION
IMPROVE sel_HTAP
1 1
2004 01 01 2019 12 16
3.000000
days from file reference point
27
1 1 1 1 1 1 1 1 1 1 1 1 1 1 1 1 1 1 1 1 1 1 1 1 1 1 1
999.999999 9999.99 9.999 99.99 9.999 9.999 9.999999 99.99 9.999 9.999 9.999999 999.999 9.999 999.999 9.999 999.99 9.999 999.999 9.999 99.999 9.999 999.999 9.999 9.999 9.999 99.999 9.999999
end_time of measurement, days from the file reference point
iron, ng/m3, Revision date=20181210133000
numflag iron, no unit, Revision date=20181210133000
lead, ng/m3, Revision date=20181210133000
numflag lead, no unit, Revision date=20181210133000
magnesium, ug/m3, Revision date=20181210133000
numflag magnesium, no unit, Revision date=20181210133000
nickel, ng/m3, Revision date=20181210133000
numflag nickel, no unit, Revision date=20181210133000
nitrate, ug N/m3, Revision date=20181210133000
numflag nitrate, no unit, Revision date=20181210133000
organic_carbon, ug C/m3, Revision date=20181210133000
numflag organic_carbon, no unit, Revision date=20181210133000
organic_mass, ug/m3, Revision date=20181210133000
numflag organic_mass, no unit, Revision date=20181210133000
phosphorus, ng/m3, Revision date=20181210133000
numflag phosphorus, no unit, Revision date=20181210133000
pm10_mass, ug/m3, Version=2, Version description=Data extracted from http://views.cira.colostate.edu/fed/DataWizard 2019-12-16, Sample duration=1d, Orig. time res.=3d, Matrix=pm10, Blank correction=Blank corrected, Volume std. temperature=ambient, Volume std. pressure=ambient
numflag pm10_mass, no unit, Version=2, Version description=Data extracted from http://views.cira.colostate.edu/fed/DataWizard 2019-12-16, Sample duration=1d, Orig. time res.=3d, Matrix=pm10, Blank correction=Blank corrected, Volume std. temperature=ambient, Volume std. pressure=ambient
pm10_pm25_mass, ug/m3, Revision date=20181210133000, Matrix=pm10_pm25
numflag pm10_pm25_mass, no unit, Revision date=20181210133000, Matrix=pm10_pm25
pm25_mass, ug/m3, Version=2, Version description=Data extracted from http://views.cira.colostate.edu/fed/DataWizard 2019-12-16, Sample duration=1d, Orig. time res.=3d, Blank correction=Blank corrected, Volume std. temperature=ambient, Volume std. pressure=ambient
numflag pm25_mass, no unit, Version=2, Version description=Data extracted from http://views.cira.colostate.edu/fed/DataWizard 2019-12-16, Sample duration=1d, Orig. time res.=3d, Blank correction=Blank corrected, Volume std. temperature=ambient, Volume std. pressure=ambient
potassium, ug/m3, Revision date=20181210133000
numflag potassium, no unit, Revision date=20181210133000
sulphate_total, ug S/m3, Revision date=20181210133000
numflag sulphate_total, no unit, Revision date=20181210133000
0
25
Data definition:              EBAS_1.1
Set type code:                TU
Timezone:                     UTC
File name:                    US1109R.20040101050000.20191216000000.filterpack..pm25.52w.1w.US03L_filterpack_US1109.US03L_IMPROVE_Davis.lev2.nas
File creation:                20191218120323
Startdate:                    20040101050000
Revision date:                20191216000000
Statistics:                   arithmetic mean
Data level:                   2
Period code:                  52w
Resolution code:              1w
Station code:                 US1109R
Platform code:                US1109S
Station name:                 Okefenokee National Wildlife Refuge (GA09)
Station latitude:             30.7403
Station longitude:            -82.1286
Station altitude:             47.0 m
Regime:                       IMG
Component:                    
Matrix:                       pm25
Laboratory code:              US03L
Instrument type:              filterpack
Instrument name:              filterpack_US1109
Method ref:                   US03L_IMPROVE_Davis
starttime endtime Fe flag_Fe Pb flag_Pb Mg++ flag_Mg++ Ni flag_Ni NO3- flag_NO3- OC flag_OC OM flag_OM P flag_P PM10 flag_PM10 PM10-PM2.5 flag_PM10-PM2.5 PM2.5 flag_PM2.5 K+ flag_K+ SO4-- flag_SO4--
  0.208333   1.208333   18.13 0.000  2.43 0.000 9.999 0.259000  0.38 0.000 0.079 0.559000   3.127 0.000   4.377 0.000 999.99 0.259  10.844 0.000  2.217 0.000   8.627 0.000 0.093 0.000  0.599 0.559000
  3.208333   4.208333   12.94 0.000  1.06 0.000 9.999 0.259000  0.79 0.000 0.075 0.559000   1.701 0.000   2.382 0.000 999.99 0.259  10.010 0.000  3.858 0.000   6.152 0.000 0.046 0.000  0.680 0.559000
  6.208333   7.208333   19.26 0.000  0.91 0.000 9.999 0.259000  0.15 0.000 0.067 0.559000   2.053 0.000   2.875 0.000 999.99 0.259   7.761 0.000  1.609 0.000   6.152 0.000 0.045 0.000  0.528 0.559000
  9.208333  10.208333    8.66 0.000  1.02 0.000 9.999 0.259000  0.26 0.000 0.045 0.559000   1.576 0.000   2.206 0.000 999.99 0.259  11.340 0.000  0.755 0.000  10.585 0.000 0.037 0.000  1.736 0.559000
 12.208333  13.208333   24.31 0.000  2.18 0.000 9.999 0.259000  0.25 0.000 0.056 0.559000   3.393 0.000   4.750 0.000 999.99 0.259  14.689 0.000  3.365 0.000  11.324 0.000 0.077 0.000  1.156 0.559000
 15.208333  16.208333   23.80 0.000  1.38 0.000 0.044 0.000000  0.36 0.000 0.181 0.559000   4.997 0.000   6.996 0.000 999.99 0.259  16.823 0.000  4.210 0.000  12.612 0.000 0.077 0.000  0.838 0.559000
 18.208333  19.208333    9.98 0.000  1.04 0.000 9.999 0.259000  0.35 0.000 0.064 0.559000   1.607 0.000   2.250 0.000 999.99 0.259   9.627 0.000  1.256 0.000   8.370 0.000 0.042 0.000  1.228 0.559000
 21.208333  22.208333   26.11 0.000  1.85 0.000 9.999 0.259000  0.33 0.000 0.136 0.559000   4.475 0.000   6.264 0.000 999.99 0.259  14.186 0.000  1.847 0.000  12.339 0.000 0.076 0.000  0.809 0.559000
 24.208333  25.208333   18.84 0.000  1.67 0.000 9.999 0.259000  0.34 0.000 0.040 0.559000   1.918 0.000   2.685 0.000 999.99 0.259  11.624 0.000  4.556 0.000   7.067 0.000 0.070 0.000  0.682 0.559000
 27.208333  28.208333   18.16 0.000  1.52 0.000 0.027 0.000000  0.16 0.000 0.095 0.559000   0.957 0.000   1.340 0.000 999.99 0.259   6.016 0.000  0.929 0.000   5.087 0.000 0.025 0.000  0.650 0.559000
 30.208333  31.208333   17.51 0.000  1.66 0.000 9.999 0.259000  0.23 0.000 0.101 0.559000   2.304 0.000   3.226 0.000 999.99 0.259   9.937 0.000  2.313 0.000   7.623 0.000 0.054 0.000  0.604 0.559000
 33.208333  34.208333    6.79 0.000  0.68 0.000 9.999 0.259000  0.56 0.000 0.031 0.559000   0.869 0.000   1.216 0.000 999.99 0.259   7.098 0.000  1.091 0.000   6.007 0.000 0.026 0.000  0.918 0.559000
 36.208333  37.208333    7.31 0.000  0.51 0.000 0.035 0.000000  0.44 0.000 0.096 0.559000   0.743 0.000   1.040 0.000 999.99 0.259   9.271 0.000  4.368 0.000   4.904 0.000 0.044 0.000  0.512 0.559000
 39.208333  40.208333   21.06 0.000  3.64 0.000 9.999 0.259000  0.64 0.000 0.098 0.559000   2.181 0.000   3.054 0.000 999.99 0.259  12.042 0.000  3.824 0.000   8.218 0.000 0.070 0.000  0.963 0.559000
 42.208333  43.208333    6.74 0.000  0.67 0.000 9.999 0.259000  0.63 0.000 0.058 0.559000   1.510 0.000   2.113 0.000 999.99 0.259   7.794 0.000  0.727 0.000   7.067 0.000 0.040 0.000  0.865 0.559000
 45.208333  46.208333    8.19 0.000  0.67 0.000 9.999 0.259000  0.35 0.000 0.091 0.559000   0.771 0.000   1.080 0.000 999.99 0.259   7.905 0.000  2.398 0.000   5.507 0.000 0.024 0.000  0.767 0.559000
 48.208333  49.208333   19.18 0.000  1.76 0.000 9.999 0.259000  0.38 0.000 0.196 0.559000   1.747 0.000   2.445 0.000 999.99 0.259  11.723 0.000  1.536 0.000  10.187 0.000 0.035 0.000  1.443 0.559000
 51.208333  52.208333   41.11 0.000  1.14 0.000 9.999 0.259000  0.56 0.000 0.123 0.559000   5.572 0.000   7.801 0.000 999.99 0.259  26.292 0.000  7.691 0.000  18.601 0.000 0.082 0.000  1.617 0.559000
 54.208333  55.208333   18.08 0.000  2.65 0.000 9.999 0.259000  0.78 0.000 0.045 0.559000   1.977 0.000   2.767 0.000 999.99 0.259   9.839 0.000  0.648 0.000   9.191 0.000 0.046 0.000  1.102 0.559000
 57.208333  58.208333    8.58 0.000  1.36 0.000 9.999 0.259000  0.41 0.000 0.025 0.000000   0.811 0.000   1.136 0.000 999.99 0.259   9.297 0.000  0.775 0.000   8.521 0.000 0.022 0.000  1.526 0.000000
 60.208333  61.208333   22.91 0.000  2.10 0.000 9.999 0.259000  0.53 0.000 0.180 0.000000   1.592 0.000   2.228 0.000 999.99 0.259  13.372 0.000  6.762 0.000   6.609 0.000 0.050 0.000  0.545 0.000000
 63.208333  64.208333   18.00 0.000  2.22 0.000 9.999 0.259000  2.37 0.000 0.150 0.559000   3.025 0.000   4.234 0.000 999.99 0.259  13.595 0.000  5.280 0.000   8.315 0.000 0.059 0.000  0.510 0.559000
 66.208333  67.208333   52.09 0.000  1.59 0.000 9.999 0.259000 99.99 0.259 0.034 0.559000   1.475 0.000   2.065 0.000 999.99 0.259  10.913 0.000  4.921 0.000   5.992 0.000 0.063 0.000  0.387 0.559000
 69.208333  70.208333   22.88 0.000  1.45 0.000 9.999 0.259000  0.18 0.000 0.173 0.559000   2.606 0.000   3.648 0.000 999.99 0.259  12.059 0.000  1.016 0.000  11.044 0.000 0.049 0.000  1.338 0.559000
 72.208333  73.208333   38.11 0.000  2.15 0.000 9.999 0.259000  0.18 0.000 0.137 0.559000   5.008 0.000   7.011 0.000 999.99 0.259  19.294 0.000  5.001 0.000  14.294 0.000 0.085 0.000  1.078 0.559000
 75.208333  76.208333   10.11 0.000  0.93 0.000 9.999 0.259000  0.39 0.000 0.060 0.559000   1.962 0.000   2.747 0.000 999.99 0.259   9.996 0.000  1.978 0.000   8.018 0.000 0.065 0.000  0.921 0.559000
 78.208333  79.208333   36.41 0.000  1.41 0.000 9.999 0.259000  0.99 0.000 0.055 0.559000   3.478 0.000   4.869 0.000 999.99 0.259  16.340 0.000  3.772 0.000  12.568 0.000 0.063 0.000  1.282 0.559000
 81.208333  82.208333   38.20 0.000  1.68 0.000 9.999 0.259000 99.99 0.259 0.038 0.559000   1.019 0.000   1.426 0.000 999.99 0.259   9.670 0.000  2.756 0.000   6.914 0.000 0.042 0.000  1.003 0.559000
 84.208333  85.208333   32.17 0.000  1.81 0.000 9.999 0.259000  0.43 0.000 0.084 0.559000   0.715 0.000   1.001 0.000 999.99 0.259   9.272 0.000  4.520 0.000   4.752 0.000 0.047 0.000  0.493 0.559000
 87.208333  88.208333   29.41 0.000  1.58 0.000 9.999 0.259000  0.82 0.000 0.095 0.559000   1.480 0.000   2.073 0.000 999.99 0.259  11.894 0.000  5.684 0.000   6.210 0.000 0.045 0.000  0.563 0.559000
 90.208333  91.208333   19.04 0.000  1.67 0.000 9.999 0.259000 99.99 0.259 0.036 0.559000   1.842 0.000   2.579 0.000 999.99 0.259   8.053 0.000  1.787 0.000   6.265 0.000 0.042 0.000  0.532 0.559000
 93.208333  94.208333   34.60 0.000  2.02 0.000 9.999 0.259000 99.99 0.259 0.046 0.559000   1.615 0.000   2.262 0.000 999.99 0.259  11.995 0.000  2.911 0.000   9.084 0.000 0.034 0.000  1.162 0.559000
 96.208333  97.208333   44.24 0.000  2.65 0.000 9.999 0.259000  2.22 0.000 0.054 0.559000   1.339 0.000   1.875 0.000 999.99 0.259  12.643 0.000  5.471 0.000   7.172 0.000 0.032 0.000  0.854 0.559000
 99.208333 100.208333   31.68 0.000  2.29 0.000 9.999 0.259000  0.27 0.000 0.046 0.559000   3.072 0.000   4.301 0.000 999.99 0.259  15.588 0.000  3.335 0.000  12.253 0.000 0.061 0.000  1.366 0.559000
102.208333 103.208333   19.26 0.000  0.69 0.000 9.999 0.259000  0.26 0.000 0.099 0.559000   1.962 0.000   2.746 0.000 999.99 0.259  11.710 0.000  3.928 0.000   7.782 0.000 0.047 0.000  0.753 0.559000
105.208333 106.208333   56.39 0.000  2.86 0.000 9.999 0.259000  0.16 0.000 0.036 0.000000   0.219 0.000   0.307 0.000 999.99 0.259  10.082 0.000  2.292 0.000   7.790 0.000 0.051 0.000  1.036 0.000000
108.208333 109.208333   49.89 0.000  3.16 0.000 0.045 0.000000  1.42 0.000 0.060 0.559000   1.179 0.000   1.651 0.000 999.99 0.259  12.005 0.000  2.989 0.000   9.016 0.000 0.050 0.000  1.252 0.559000
111.208333 112.208333  101.10 0.000  2.90 0.000 9.999 0.259000  0.42 0.000 0.118 0.559000   1.668 0.000   2.336 0.000 999.99 0.259  19.400 0.000  8.861 0.000  10.540 0.000 0.101 0.000  1.116 0.559000
114.208333 115.208333   79.34 0.000  2.39 0.000 9.999 0.259000  1.36 0.000 0.152 0.559000   2.145 0.000   3.003 0.000 999.99 0.259  17.673 0.000  8.322 0.000   9.352 0.000 0.081 0.000  1.149 0.559000
117.208333 118.208333   77.23 0.000  2.41 0.000 9.999 0.259000 99.99 0.259 0.036 0.559000   1.585 0.000   2.219 0.000 999.99 0.259  13.998 0.000  5.421 0.000   8.577 0.000 0.074 0.000  1.008 0.559000
120.208333 121.208333   46.22 0.000  0.99 0.000 9.999 0.259000  2.82 0.000 0.106 0.000000   1.599 0.000   2.239 0.000 999.99 0.259  13.703 0.000  5.534 0.000   8.169 0.000 0.070 0.000  1.074 0.000000
123.208333 124.208333   20.78 0.000  1.18 0.000 9.999 0.259000 99.99 0.259 0.033 0.000000   1.097 0.000   1.536 0.000 999.99 0.259   9.937 0.000  2.620 0.000   7.316 0.000 0.049 0.000  0.975 0.000000
126.208333 127.208333   55.47 0.000  2.48 0.000 9.999 0.259000  0.23 0.000 0.027 0.559000   3.523 0.000   4.933 0.000 999.99 0.259  21.564 0.000  4.695 0.000  16.869 0.000 0.061 0.000  2.145 0.559000
129.208333 130.208333   30.92 0.000  2.34 0.000 9.999 0.259000  1.46 0.000 0.039 0.559000   1.383 0.000   1.936 0.000 999.99 0.259  16.703 0.000  5.407 0.000  11.296 0.000 0.031 0.000  1.862 0.559000
132.208333 133.208333   73.35 0.000  2.65 0.000 0.116 0.000000  0.55 0.000 0.178 0.559000   1.222 0.000   1.711 0.000 999.99 0.259  20.614 0.000  6.910 0.000  13.704 0.000 0.074 0.000  2.233 0.559000
135.208333 136.208333   44.19 0.000  0.89 0.000 9.999 0.259000  0.68 0.000 0.120 0.559000   0.797 0.000   1.117 0.000 999.99 0.259  13.268 0.000  6.385 0.000   6.883 0.000 0.049 0.000  0.802 0.559000
138.208333 139.208333   58.68 0.000  1.34 0.000 9.999 0.259000  0.42 0.000 0.109 0.559000   0.925 0.000   1.295 0.000 999.99 0.259  15.069 0.000  5.022 0.000  10.047 0.000 0.061 0.000  1.594 0.559000
141.208333 142.208333   44.46 0.000  0.93 0.000 0.034 0.000000  0.57 0.000 0.068 0.559000   1.398 0.000   1.957 0.000 999.99 0.259  14.949 0.000  4.839 0.000  10.109 0.000 0.040 0.000  1.501 0.559000
144.208333 145.208333   35.16 0.000  1.80 0.000 0.066 0.000000  0.66 0.000 0.061 0.559000   2.411 0.000   3.376 0.000 999.99 0.259  17.673 0.000  4.798 0.000  12.875 0.000 0.046 0.000  1.668 0.559000
147.208333 148.208333   30.60 0.000  1.85 0.000 9.999 0.259000  0.83 0.000 0.037 0.559000   1.526 0.000   2.136 0.000 999.99 0.259  13.414 0.000  3.121 0.000  10.293 0.000 0.046 0.000  1.594 0.559000
150.208333 151.208333   32.94 0.000  0.49 0.000 9.999 0.259000  0.57 0.000 0.039 0.559000   0.946 0.000   1.324 0.000 999.99 0.259   9.281 0.000  2.681 0.000   6.600 0.000 0.071 0.000  0.937 0.559000
153.208333 154.208333   37.34 0.000  0.91 0.000 9.999 0.259000  0.22 0.000 0.048 0.559000   1.392 0.000   1.949 0.000 999.99 0.259   8.041 0.000  2.295 0.000   5.746 0.000 0.064 0.000  0.469 0.559000
156.208333 157.208333   39.62 0.000  0.76 0.000 9.999 0.259000  0.46 0.000 0.028 0.559000   2.331 0.000   3.264 0.000 999.99 0.259  12.646 0.000  2.322 0.000  10.324 0.000 0.057 0.000  1.161 0.559000
159.208333 160.208333   78.68 0.000  2.15 0.000 0.109 0.000000  2.00 0.000 0.050 0.559000   1.499 0.000   2.098 0.000 999.99 0.259  12.420 0.000  3.836 0.000   8.584 0.000 0.059 0.000  0.966 0.559000
162.208333 163.208333   35.78 0.000  1.38 0.000 9.999 0.259000  0.54 0.000 0.042 0.559000   1.596 0.000   2.235 0.000 999.99 0.259  12.171 0.000  3.190 0.000   8.982 0.000 0.047 0.000  1.076 0.559000
165.208333 166.208333   53.32 0.000  0.53 0.000 9.999 0.259000  0.65 0.000 0.052 0.559000   1.181 0.000   1.654 0.000 999.99 0.259   8.809 0.000  1.557 0.000   7.252 0.000 0.066 0.000  0.975 0.559000
168.208333 169.208333   26.53 0.000  0.99 0.000 0.145 0.000000  1.33 0.000 0.090 0.559000   1.555 0.000   2.177 0.000 999.99 0.259  11.148 0.000  5.006 0.000   6.142 0.000 0.048 0.000  0.677 0.559000
171.208333 172.208333   49.70 0.000  1.25 0.000 0.228 0.000000  0.24 0.000 0.027 0.559000   2.657 0.000   3.720 0.000 999.99 0.259  18.629 0.000  4.055 0.000  14.574 0.000 0.093 0.000  1.708 0.559000
174.208333 175.208333   46.56 0.000  1.09 0.000 0.061 0.000000  0.36 0.000 0.043 0.559000   1.049 0.000   1.469 0.000  58.20 0.000  12.939 0.000  6.920 0.000   6.019 0.000 0.062 0.000  0.538 0.559000
177.208333 178.208333  173.73 0.000  0.80 0.000 9.999 0.259000  0.28 0.000 0.070 0.559000   1.063 0.000   1.488 0.000 999.99 0.259  13.558 0.000  6.182 0.000   7.377 0.000 0.091 0.000  0.523 0.559000
180.208333 181.208333  410.15 0.000  1.18 0.000 0.190 0.000000  0.17 0.000 0.064 0.559000   1.525 0.000   2.134 0.000 999.99 0.259  15.808 0.000  5.204 0.000  10.604 0.000 0.161 0.000  0.398 0.559000
183.208333 184.208333 9999.99 0.999 99.99 0.999 9.999 0.999000 99.99 0.999 9.999 0.999000 999.999 0.999 999.999 0.999 999.99 0.999 999.999 0.999 99.999 0.999 999.999 0.999 9.999 0.999 99.999 0.999000
186.208333 187.208333 9999.99 0.999 99.99 0.999 9.999 0.999000 99.99 0.999 9.999 0.999000 999.999 0.999 999.999 0.999 999.99 0.999 999.999 0.999 99.999 0.999 999.999 0.999 9.999 0.999 99.999 0.999000
189.208333 190.208333   12.16 0.000  0.34 0.000 9.999 0.259000  0.75 0.000 0.022 0.559000   1.018 0.000   1.426 0.000 999.99 0.259   8.333 0.000  3.590 0.000   4.743 0.000 0.041 0.000  0.456 0.559000
192.208333 193.208333   45.52 0.000  0.66 0.000 9.999 0.259000  0.20 0.000 0.020 0.559000   1.759 0.000   2.463 0.000 999.99 0.259  11.853 0.000  3.172 0.000   8.681 0.000 0.047 0.000  0.923 0.559000
195.208333 196.208333  117.74 0.000  0.86 0.000 9.999 0.259000  0.55 0.000 0.030 0.559000   2.356 0.000   3.299 0.000 999.99 0.259  15.745 0.000  3.394 0.000  12.351 0.000 0.091 0.000  1.351 0.559000
198.208333 199.208333   63.08 0.000  0.55 0.000 9.999 0.259000  0.17 0.000 0.032 0.559000   1.117 0.000   1.564 0.000 999.99 0.259  11.988 0.000  5.075 0.000   6.914 0.000 0.068 0.000  0.653 0.559000
201.208333 202.208333   27.40 0.000  0.85 0.000 0.082 0.000000  0.19 0.000 0.016 0.559000   3.955 0.000   5.537 0.000 999.99 0.259  21.714 0.000  2.917 0.000  18.797 0.000 0.081 0.000  2.479 0.559000
204.208333 205.208333   74.67 0.000  3.21 0.000 9.999 0.259000  0.91 0.000 0.023 0.559000   6.500 0.000   9.100 0.000 999.99 0.259  46.359 0.000  2.512 0.000  43.846 0.000 0.095 0.000  6.792 0.559000
207.208333 208.208333   28.51 0.000  1.59 0.000 0.043 0.000000  1.27 0.000 0.031 0.559000   1.876 0.000   2.627 0.000 999.99 0.259  15.579 0.000  2.366 0.000  13.213 0.000 0.058 0.000  2.242 0.559000
210.208333 211.208333  120.53 0.000  0.31 0.000 9.999 0.259000  2.36 0.000 0.068 0.559000   0.834 0.000   1.168 0.000 999.99 0.259  12.281 0.000  5.707 0.000   6.574 0.000 0.067 0.000  0.589 0.559000
213.208333 214.208333   12.12 0.000  0.51 0.000 9.999 0.259000  0.28 0.000 0.046 0.559000   1.669 0.000   2.337 0.000 999.99 0.259   8.809 0.000  2.918 0.000   5.890 0.000 0.038 0.000  0.497 0.559000
216.208333 217.208333   28.85 0.000  0.93 0.000 9.999 0.259000  0.31 0.000 0.019 0.559000   3.076 0.000   4.306 0.000 999.99 0.259  22.661 0.000  4.599 0.000  18.062 0.000 0.053 0.000  2.481 0.559000
219.208333 220.208333   27.99 0.000  1.46 0.000 9.999 0.259000  0.36 0.000 0.042 0.559000   1.678 0.000   2.349 0.000 999.99 0.259  15.094 0.000  3.606 0.000  11.488 0.000 0.043 0.000  1.770 0.559000
222.208333 223.208333   36.38 0.000  1.50 0.000 9.999 0.259000  0.28 0.000 0.030 0.559000   1.978 0.000   2.769 0.000 999.99 0.259  14.995 0.000  4.250 0.000  10.746 0.000 0.064 0.000  1.605 0.559000
225.208333 226.208333   46.29 0.000  0.36 0.000 9.999 0.259000  0.27 0.000 0.028 0.559000   0.902 0.000   1.263 0.000 999.99 0.259   8.635 0.000  4.159 0.000   4.475 0.000 0.047 0.000  0.296 0.559000
228.208333 229.208333  100.01 0.000  0.97 0.000 9.999 0.259000  0.52 0.000 0.057 0.559000   1.128 0.000   1.579 0.000 999.99 0.259  10.068 0.000  3.154 0.000   6.914 0.000 0.077 0.000  0.787 0.559000
231.208333 232.208333   30.71 0.000  0.73 0.000 9.999 0.259000  2.07 0.000 0.018 0.559000   2.013 0.000   2.818 0.000 999.99 0.259  13.268 0.000  2.311 0.000  10.957 0.000 0.047 0.000  1.586 0.559000
234.208333 235.208333  115.11 0.000  0.42 0.000 9.999 0.259000 99.99 0.259 0.063 0.559000   0.718 0.000   1.005 0.000 999.99 0.259  11.148 0.000  5.284 0.000   5.864 0.000 0.069 0.000  0.413 0.559000
237.208333 238.208333   24.03 0.000  0.42 0.000 0.026 0.000000  0.41 0.000 0.062 0.559000   0.844 0.000   1.181 0.000 999.99 0.259   9.635 0.000  3.428 0.000   6.207 0.000 0.053 0.000  0.785 0.559000
