scripts/IMPROVE-2019_partial/data/US1109R.20080101050000.20191216000000.filterpack...52w.3d.US03L_filterpack_US1109.US03L_IMPROVE_Davis.lev2.nas
52 1001
MISSING INFORMATION
US03L, IMPROVE, , , , , , , 
MISSING INFORMATION
IMPROVE sel_HTAP
1 1
2008 01 01 2019 12 16
3.000000
days from file reference point
5
1 1 1 1 1
999.999999 999.999 9.999 999.999 9.999
end_time of measurement, days from the file reference point
pm10_mass, ug/m3, Matrix=pm10
numflag pm10_mass, no unit, Matrix=pm10
pm25_mass, ug/m3, Matrix=pm25
numflag pm25_mass, no unit, Matrix=pm25
0
33
Data definition:              EBAS_1.1
Set type code:                TU
Timezone:                     UTC
File name:                    US1109R.20080101050000.20191216000000.filterpack...52w.3d.US03L_filterpack_US1109.US03L_IMPROVE_Davis.lev2.nas
File creation:                20191218120324
Startdate:                    20080101050000
Revision date:                20191216000000
Version:                      2
Version description:          "Data extracted from http://views.cira.colostate.edu/fed/DataWizard 2019-12-16"
Statistics:                   arithmetic mean
Data level:                   2
Period code:                  52w
Resolution code:              3d
Sample duration:              1d
Orig. time res.:              3d
Station code:                 US1109R
Platform code:                US1109S
Station name:                 Okefenokee National Wildlife Refuge (GA09)
Station latitude:             30.7403
Station longitude:            -82.1286
Station altitude:             47.0 m
Regime:                       IMG
Component:                    
Unit:                         ug/m3
Matrix:                       
Laboratory code:              US03L
Instrument type:              filterpack
Instrument name:              filterpack_US1109
Method ref:                   US03L_IMPROVE_Davis
Blank correction:             Blank corrected
Volume std. temperature:      ambient
Volume std. pressure:         ambient
starttime endtime PM10 flag_PM10 PM2.5 flag_PM2.5
  0.208333   1.208333   6.976 0.000   4.438 0.000
  3.208333   4.208333  10.537 0.000   7.507 0.000
  6.208333   7.208333   3.325 0.000   1.862 0.000
  9.208333  10.208333  11.966 0.000   6.942 0.000
 12.208333  13.208333   9.891 0.000   7.512 0.000
 15.208333  16.208333   9.796 0.000   6.855 0.000
 18.208333  19.208333   8.635 0.000   7.032 0.000
 21.208333  22.208333  17.009 0.000   7.848 0.000
 24.208333  25.208333  11.319 0.000   7.529 0.000
 27.208333  28.208333   8.647 0.000   5.463 0.000
 30.208333  31.208333  13.098 0.000   6.868 0.000
 33.208333  34.208333  23.382 0.000  17.806 0.000
 36.208333  37.208333  17.582 0.000   9.070 0.000
 39.208333  40.208333  15.933 0.000  10.876 0.000
 42.208333  43.208333  13.521 0.000   5.317 0.000
 45.208333  46.208333  12.418 0.000   8.171 0.000
 48.208333  49.208333   7.802 0.000   3.869 0.000
 51.208333  52.208333  13.490 0.000   8.779 0.000
 54.208333  55.208333   9.423 0.000   5.956 0.000
 57.208333  58.208333   6.763 0.000   4.261 0.000
 60.208333  61.208333  10.758 0.000   6.810 0.000
 63.208333  64.208333  10.849 0.000   4.833 0.000
 66.208333  67.208333   9.308 0.000   4.599 0.000
 69.208333  70.208333  10.711 0.000   7.729 0.000
 72.208333  73.208333  15.976 0.000  13.129 0.000
 75.208333  76.208333  11.381 0.000   7.359 0.000
 78.208333  79.208333  24.328 0.000   9.586 0.000
 81.208333  82.208333  17.059 0.000   9.421 0.000
 84.208333  85.208333  13.955 0.000   9.908 0.000
 87.208333  88.208333  28.143 0.000  27.497 0.000
 90.208333  91.208333   8.552 0.000   7.143 0.000
 93.208333  94.208333  16.452 0.000 999.999 0.456
 96.208333  97.208333   6.094 0.000   2.965 0.000
 99.208333 100.208333   7.766 0.000   5.776 0.000
102.208333 103.208333   8.481 0.000   6.280 0.000
105.208333 106.208333   8.052 0.000   7.460 0.000
108.208333 109.208333  12.095 0.000   9.049 0.000
111.208333 112.208333   9.356 0.000   8.122 0.000
114.208333 115.208333   8.900 0.000   5.411 0.000
117.208333 118.208333  10.726 0.000   7.321 0.000
120.208333 121.208333  10.313 0.000   9.058 0.000
123.208333 124.208333  13.524 0.000   9.185 0.000
126.208333 127.208333  14.392 0.000  12.639 0.000
129.208333 130.208333  16.102 0.000  11.666 0.000
132.208333 133.208333   7.755 0.000   4.567 0.000
135.208333 136.208333  14.028 0.000   8.113 0.000
138.208333 139.208333  11.206 0.000   9.373 0.000
141.208333 142.208333  13.848 0.000  11.468 0.000
144.208333 145.208333   9.682 0.000   7.620 0.000
147.208333 148.208333   7.139 0.000   3.916 0.000
150.208333 151.208333   8.732 0.000   5.918 0.000
153.208333 154.208333  12.594 0.000  10.573 0.000
156.208333 157.208333  12.447 0.000   9.745 0.000
159.208333 160.208333   7.715 0.000   5.323 0.000
162.208333 163.208333   9.312 0.000   5.765 0.000
165.208333 166.208333   8.970 0.000   6.986 0.000
168.208333 169.208333  12.850 0.000  10.492 0.000
171.208333 172.208333  16.416 0.000  13.917 0.000
174.208333 175.208333   6.546 0.000   4.293 0.000
177.208333 178.208333  10.599 0.000   8.739 0.000
180.208333 181.208333  23.491 0.000  15.134 0.000
183.208333 184.208333  14.871 0.000  11.914 0.000
186.208333 187.208333   9.569 0.000   6.685 0.000
189.208333 190.208333   9.725 0.000   4.466 0.000
192.208333 193.208333  21.158 0.000  12.490 0.000
195.208333 196.208333  13.828 0.000  11.858 0.000
198.208333 199.208333   9.575 0.000   6.577 0.000
201.208333 202.208333  23.157 0.000  19.770 0.000
204.208333 205.208333  10.537 0.000   6.620 0.000
207.208333 208.208333  14.824 0.000  10.379 0.000
210.208333 211.208333   9.943 0.000   5.703 0.000
213.208333 214.208333   9.701 0.000   5.967 0.000
216.208333 217.208333  13.701 0.000   9.365 0.000
219.208333 220.208333  15.467 0.000  11.494 0.000
222.208333 223.208333  15.529 0.000  14.652 0.000
225.208333 226.208333  18.344 0.000  11.156 0.000
228.208333 229.208333  12.150 0.000   9.978 0.000
231.208333 232.208333   7.296 0.000   4.448 0.000
234.208333 235.208333 999.999 0.999 999.999 0.999
237.208333 238.208333   9.859 0.000   5.836 0.000
240.208333 241.208333  11.791 0.000   9.633 0.000
243.208333 244.208333   9.633 0.000   5.482 0.000
246.208333 247.208333   8.224 0.000   5.092 0.000
249.208333 250.208333  13.838 0.000  10.461 0.000
252.208333 253.208333   9.116 0.000   5.250 0.000
255.208333 256.208333   7.028 0.000   3.999 0.000
258.208333 259.208333   7.090 0.000   5.111 0.000
261.208333 262.208333  13.375 0.000  11.271 0.000
264.208333 265.208333   8.687 0.000   6.718 0.000
267.208333 268.208333  12.902 0.000  10.895 0.000
270.208333 271.208333  11.297 0.000   8.861 0.000
273.208333 274.208333  18.542 0.000  15.943 0.000
276.208333 277.208333  13.113 0.000   9.877 0.000
279.208333 280.208333   9.834 0.000   6.731 0.000
282.208333 283.208333   4.179 0.000   2.280 0.000
285.208333 286.208333   6.224 0.000   3.255 0.000
288.208333 289.208333  10.043 0.000   8.298 0.000
291.208333 292.208333   8.893 0.000   7.607 0.000
294.208333 295.208333   7.689 0.000   5.693 0.000
297.208333 298.208333   6.476 0.000   4.128 0.000
300.208333 301.208333   7.265 0.000   5.741 0.000
303.208333 304.208333   7.665 0.000   5.360 0.000
306.208333 307.208333   7.610 0.000   6.352 0.000
309.208333 310.208333   5.335 0.000   4.696 0.000
312.208333 313.208333   6.907 0.000   5.695 0.000
315.208333 316.208333  10.445 0.000   8.612 0.000
318.208333 319.208333   8.180 0.000   5.889 0.000
321.208333 322.208333   4.294 0.000   3.991 0.000
324.208333 325.208333  10.545 0.000   9.325 0.000
327.208333 328.208333   4.829 0.000   3.733 0.000
330.208333 331.208333   5.236 0.000   4.291 0.000
333.208333 334.208333   7.242 0.000   5.390 0.000
336.208333 337.208333   4.307 0.000   3.764 0.000
339.208333 340.208333  10.255 0.000  10.367 0.000
342.208333 343.208333   6.866 0.000   6.061 0.000
345.208333 346.208333   5.949 0.000   3.769 0.000
348.208333 349.208333   9.183 0.000   7.025 0.000
351.208333 352.208333   4.502 0.000   3.508 0.000
354.208333 355.208333   6.516 0.000   5.596 0.000
357.208333 358.208333   8.844 0.000   7.105 0.000
360.208333 361.208333   5.283 0.000   3.982 0.000
363.208333 364.208333   4.491 0.000   3.665 0.000
