scripts/IMPROVE-2019_partial/data/US1303R.20110103070000.20191216000000.filterpack...1y.3d.US03L_filterpack_US1303.US03L_IMPROVE_Davis.lev2.nas
52 1001
MISSING INFORMATION
US03L, IMPROVE, , , , , , , 
MISSING INFORMATION
IMPROVE sel_HTAP
1 1
2011 01 01 2019 12 16
3.000000
days from file reference point
5
1 1 1 1 1
999.999999 9999.999 9.999 999.999 9.999
end_time of measurement, days from the file reference point
pm10_mass, ug/m3, Matrix=pm10
numflag pm10_mass, no unit, Matrix=pm10
pm25_mass, ug/m3, Matrix=pm25
numflag pm25_mass, no unit, Matrix=pm25
0
33
Data definition:              EBAS_1.1
Set type code:                TU
Timezone:                     UTC
File name:                    US1303R.20110103070000.20191216000000.filterpack...1y.3d.US03L_filterpack_US1303.US03L_IMPROVE_Davis.lev2.nas
File creation:                20191218120330
Startdate:                    20110103070000
Revision date:                20191216000000
Version:                      2
Version description:          "Data extracted from http://views.cira.colostate.edu/fed/DataWizard 2019-12-16"
Statistics:                   arithmetic mean
Data level:                   2
Period code:                  1y
Resolution code:              3d
Sample duration:              1d
Orig. time res.:              3d
Station code:                 US1303R
Platform code:                US1303S
Station name:                 Craters of the Moon National Monument (ID03)
Station latitude:             43.4605
Station longitude:            -113.5551
Station altitude:             1807.0 m
Regime:                       IMG
Component:                    
Unit:                         ug/m3
Matrix:                       
Laboratory code:              US03L
Instrument type:              filterpack
Instrument name:              filterpack_US1303
Method ref:                   US03L_IMPROVE_Davis
Blank correction:             Blank corrected
Volume std. temperature:      ambient
Volume std. pressure:         ambient
starttime endtime PM10 flag_PM10 PM2.5 flag_PM2.5
  2.291667   3.291667    2.616 0.000   1.634 0.000
  5.291667   6.291667    7.391 0.000   5.424 0.000
  8.291667   9.291667    2.901 0.000   1.764 0.000
 11.291667  12.291667    3.150 0.000   1.985 0.000
 14.291667  15.291667    0.673 0.000   0.538 0.000
 17.291667  18.291667    1.008 0.000   0.419 0.000
 20.291667  21.291667    1.739 0.000   1.359 0.000
 23.291667  24.291667 9999.999 0.456   1.050 0.000
 26.291667  27.291667    0.422 0.000   0.388 0.000
 29.291667  30.291667    2.323 0.000   1.658 0.000
 32.291667  33.291667    2.191 0.000   1.210 0.000
 35.291667  36.291667    1.756 0.000   1.050 0.000
 38.291667  39.291667 9999.999 0.999 999.999 0.999
 41.291667  42.291667 9999.999 0.999 999.999 0.999
 44.291667  45.291667 9999.999 0.999 999.999 0.999
 47.291667  48.291667    3.906 0.000   0.459 0.000
 50.291667  51.291667    1.910 0.000   0.821 0.000
 53.291667  54.291667    1.363 0.000   0.671 0.000
 56.291667  57.291667    4.442 0.000   2.069 0.000
 59.291667  60.291667    3.234 0.000   1.291 0.000
 62.291667  63.291667    4.598 0.000   1.466 0.000
 65.291667  66.291667    1.429 0.000   0.729 0.000
 68.291667  69.291667    4.047 0.000   1.836 0.000
 71.291667  72.291667    3.421 0.000   1.877 0.000
 74.291667  75.291667    0.631 0.000   0.453 0.000
 77.291667  78.291667   13.899 0.000   6.020 0.000
 80.291667  81.291667    1.464 0.000   0.907 0.000
 83.291667  84.291667    1.849 0.000   0.816 0.000
 86.291667  87.291667    1.209 0.000   0.542 0.000
 89.291667  90.291667    6.017 0.000   1.728 0.000
 92.291667  93.291667    1.463 0.000   0.904 0.000
 95.291667  96.291667    5.499 0.000   2.121 0.000
 98.291667  99.291667    1.417 0.000   0.968 0.000
101.291667 102.291667    6.946 0.000   3.809 0.000
104.291667 105.291667   14.992 0.000   7.181 0.000
107.291667 108.291667    7.292 0.000   4.051 0.000
110.291667 111.291667    2.884 0.000   1.662 0.000
113.291667 114.291667    7.320 0.000   3.953 0.000
116.291667 117.291667    2.498 0.000   1.078 0.000
119.291667 120.291667    1.867 0.000   0.835 0.000
122.291667 123.291667    3.854 0.000   1.692 0.000
125.291667 126.291667    6.799 0.000   2.463 0.000
128.291667 129.291667    1.247 0.000   0.725 0.000
131.291667 132.291667    4.713 0.000   2.231 0.000
134.291667 135.291667   14.428 0.000   3.148 0.000
137.291667 138.291667    4.036 0.000   1.296 0.000
140.291667 141.291667    3.384 0.000   1.658 0.000
143.291667 144.291667    2.687 0.000   1.406 0.000
146.291667 147.291667    1.473 0.000   0.877 0.000
149.291667 150.291667    1.595 0.000   0.938 0.000
152.291667 153.291667    3.419 0.000   1.115 0.000
155.291667 156.291667    5.481 0.000   2.716 0.000
158.291667 159.291667  157.519 0.000   2.417 0.000
161.291667 162.291667    4.065 0.000   2.215 0.000
164.291667 165.291667    4.595 0.000   1.865 0.000
167.291667 168.291667    4.113 0.000   1.735 0.000
170.291667 171.291667    5.615 0.000 999.999 0.456
173.291667 174.291667 9999.999 0.456 999.999 0.456
176.291667 177.291667 9999.999 0.456 999.999 0.456
179.291667 180.291667 9999.999 0.999 999.999 0.999
182.291667 183.291667 9999.999 0.999 999.999 0.999
185.291667 186.291667 9999.999 0.999 999.999 0.999
188.291667 189.291667   11.894 0.000   2.665 0.000
191.291667 192.291667   16.759 0.000   3.390 0.000
194.291667 195.291667   13.490 0.000   4.077 0.000
197.291667 198.291667    7.724 0.000   2.252 0.000
200.291667 201.291667    8.946 0.000   1.925 0.000
203.291667 204.291667    8.401 0.000   1.476 0.000
206.291667 207.291667   20.495 0.000   4.228 0.000
209.291667 210.291667    7.648 0.000   3.175 0.000
212.291667 213.291667 9999.999 0.999 999.999 0.999
215.291667 216.291667 9999.999 0.999 999.999 0.999
218.291667 219.291667 9999.999 0.999 999.999 0.999
221.291667 222.291667 9999.999 0.999 999.999 0.999
224.291667 225.291667 9999.999 0.999 999.999 0.999
227.291667 228.291667 9999.999 0.999 999.999 0.999
230.291667 231.291667 9999.999 0.999 999.999 0.999
233.291667 234.291667 9999.999 0.999 999.999 0.999
236.291667 237.291667   10.873 0.000   4.114 0.000
239.291667 240.291667    7.937 0.000   3.155 0.000
242.291667 243.291667   13.791 0.000   6.177 0.000
245.291667 246.291667   12.383 0.000   8.046 0.000
248.291667 249.291667   14.982 0.000   9.738 0.000
251.291667 252.291667   14.629 0.000  11.136 0.659
254.291667 255.291667   10.016 0.000   4.291 0.000
257.291667 258.291667   11.427 0.000   7.860 0.000
260.291667 261.291667    3.767 0.000   1.879 0.000
263.291667 264.291667    8.738 0.000   4.121 0.000
266.291667 267.291667    9.111 0.000   4.028 0.000
269.291667 270.291667    7.134 0.000   2.245 0.000
272.291667 273.291667   10.277 0.000   3.783 0.000
275.291667 276.291667   15.671 0.000   5.516 0.000
278.291667 279.291667    0.774 0.000   0.495 0.000
281.291667 282.291667    2.170 0.000   1.794 0.000
284.291667 285.291667    5.982 0.000   3.110 0.000
287.291667 288.291667    4.873 0.000   2.387 0.000
290.291667 291.291667    2.535 0.000   1.956 0.000
293.291667 294.291667    4.362 0.000   2.732 0.000
296.291667 297.291667    4.853 0.000   2.475 0.000
299.291667 300.291667    5.783 0.000   2.450 0.000
302.291667 303.291667    2.891 0.000   1.404 0.000
305.291667 306.291667    2.449 0.000   1.362 0.000
308.291667 309.291667    3.787 0.000   2.616 0.000
311.291667 312.291667    3.304 0.000   2.582 0.000
314.291667 315.291667    4.618 0.000   2.749 0.000
317.291667 318.291667    3.600 0.000   2.041 0.000
320.291667 321.291667    3.778 0.000   1.834 0.000
323.291667 324.291667    1.096 0.000   0.761 0.000
326.291667 327.291667    2.715 0.000   1.536 0.000
329.291667 330.291667    1.332 0.000   0.776 0.000
332.291667 333.291667    3.306 0.000   2.053 0.000
335.291667 336.291667    2.958 0.000   2.012 0.000
338.291667 339.291667    1.901 0.000   1.053 0.000
341.291667 342.291667    5.872 0.000   4.002 0.000
344.291667 345.291667    4.441 0.000   3.059 0.000
347.291667 348.291667   13.275 0.000  10.501 0.000
350.291667 351.291667    6.963 0.000   4.231 0.000
353.291667 354.291667    4.765 0.000   3.089 0.000
356.291667 357.291667    4.553 0.000   2.979 0.000
359.291667 360.291667    4.983 0.000   2.155 0.000
362.291667 363.291667    1.387 0.000   0.570 0.000
