scripts/IMPROVE-2019_partial/data/US1303R.20130101070000.20191216000000.filterpack...52w.3d.US03L_filterpack_US1303.US03L_IMPROVE_Davis.lev2.nas
51 1001
MISSING INFORMATION
US03L, IMPROVE, , , , , , , 
MISSING INFORMATION
IMPROVE sel_HTAP
1 1
2013 01 01 2019 12 16
3.000000
days from file reference point
4
1 1 1 1
999.999999 999.999 999.999 9.999
end_time of measurement, days from the file reference point
pm10_mass, ug/m3, Matrix=pm10
pm25_mass, ug/m3, Matrix=pm25
numflag, no unit
0
33
Data definition:              EBAS_1.1
Set type code:                TU
Timezone:                     UTC
File name:                    US1303R.20130101070000.20191216000000.filterpack...52w.3d.US03L_filterpack_US1303.US03L_IMPROVE_Davis.lev2.nas
File creation:                20191218120330
Startdate:                    20130101070000
Revision date:                20191216000000
Version:                      2
Version description:          "Data extracted from http://views.cira.colostate.edu/fed/DataWizard 2019-12-16"
Statistics:                   arithmetic mean
Data level:                   2
Period code:                  52w
Resolution code:              3d
Sample duration:              1d
Orig. time res.:              3d
Station code:                 US1303R
Platform code:                US1303S
Station name:                 Craters of the Moon National Monument (ID03)
Station latitude:             43.4605
Station longitude:            -113.5551
Station altitude:             1807.0 m
Regime:                       IMG
Component:                    
Unit:                         ug/m3
Matrix:                       
Laboratory code:              US03L
Instrument type:              filterpack
Instrument name:              filterpack_US1303
Method ref:                   US03L_IMPROVE_Davis
Blank correction:             Blank corrected
Volume std. temperature:      ambient
Volume std. pressure:         ambient
starttime endtime PM10 PM2.5 flag
  0.291667   1.291667   2.511   1.890 0.000
  3.291667   4.291667   1.479   0.927 0.000
  6.291667   7.291667   6.402   5.616 0.000
  9.291667  10.291667   1.395   1.069 0.000
 12.291667  13.291667   1.377   1.094 0.000
 15.291667  16.291667   4.207   3.035 0.000
 18.291667  19.291667   3.394   2.177 0.000
 21.291667  22.291667   2.832   1.853 0.000
 24.291667  25.291667   1.086   0.707 0.000
 27.291667  28.291667   0.465   0.464 0.000
 30.291667  31.291667   1.593   0.740 0.000
 33.291667  34.291667   0.987   0.659 0.000
 36.291667  37.291667   1.849   1.245 0.000
 39.291667  40.291667   1.597   1.120 0.000
 42.291667  43.291667   3.182   2.002 0.000
 45.291667  46.291667   1.884   0.954 0.000
 48.291667  49.291667   1.049   0.342 0.000
 51.291667  52.291667   1.712   1.143 0.000
 54.291667  55.291667   0.837   0.458 0.000
 57.291667  58.291667   1.973   1.341 0.000
 60.291667  61.291667   1.486   0.879 0.000
 63.291667  64.291667   1.826   0.990 0.000
 66.291667  67.291667   6.862   2.296 0.000
 69.291667  70.291667   2.016   1.005 0.000
 72.291667  73.291667   4.865   2.265 0.000
 75.291667  76.291667   2.365   1.450 0.000
 78.291667  79.291667 999.999 999.999 0.999
 81.291667  82.291667 999.999 999.999 0.999
 84.291667  85.291667 999.999 999.999 0.456
 87.291667  88.291667 999.999 999.999 0.456
 90.291667  91.291667   5.466   2.681 0.000
 93.291667  94.291667   4.559   2.396 0.000
 96.291667  97.291667   2.760   1.371 0.000
 99.291667 100.291667   3.793   1.469 0.000
102.291667 103.291667   2.351   1.053 0.000
105.291667 106.291667   3.034   1.282 0.000
108.291667 109.291667   3.642   1.528 0.000
111.291667 112.291667   2.889   1.044 0.000
114.291667 115.291667  10.910   5.217 0.000
117.291667 118.291667  10.893   4.460 0.000
120.291667 121.291667   2.795   1.331 0.000
123.291667 124.291667   3.888   1.709 0.000
126.291667 127.291667   7.551   4.181 0.000
129.291667 130.291667   7.616   4.362 0.000
132.291667 133.291667  11.049   3.990 0.000
135.291667 136.291667   6.880   2.887 0.000
138.291667 139.291667   2.454   1.642 0.000
141.291667 142.291667   9.830   2.530 0.000
144.291667 145.291667   7.117   2.378 0.000
147.291667 148.291667   1.105   0.762 0.000
150.291667 151.291667   4.787   1.875 0.000
153.291667 154.291667   4.998   1.729 0.000
156.291667 157.291667   6.878   2.493 0.000
159.291667 160.291667   5.665   2.159 0.000
162.291667 163.291667  10.523   4.069 0.000
165.291667 166.291667   4.329   1.427 0.000
168.291667 169.291667   9.967   3.761 0.000
171.291667 172.291667   3.844   1.175 0.000
174.291667 175.291667   5.479   2.102 0.000
177.291667 178.291667   5.258   1.717 0.000
180.291667 181.291667   5.696   2.888 0.000
183.291667 184.291667   8.961   5.504 0.000
186.291667 187.291667   8.735   4.258 0.000
189.291667 190.291667   7.110   2.979 0.000
192.291667 193.291667   7.651   3.114 0.000
195.291667 196.291667 999.999 999.999 0.999
198.291667 199.291667 999.999 999.999 0.999
201.291667 202.291667 999.999 999.999 0.999
204.291667 205.291667 999.999 999.999 0.999
207.291667 208.291667 999.999 999.999 0.999
210.291667 211.291667 999.999 999.999 0.999
213.291667 214.291667 999.999 999.999 0.999
216.291667 217.291667 999.999 999.999 0.999
219.291667 220.291667 999.999 999.999 0.999
222.291667 223.291667 999.999 999.999 0.999
225.291667 226.291667  18.937  11.000 0.000
228.291667 229.291667  38.255  30.453 0.000
231.291667 232.291667  21.271  12.576 0.000
234.291667 235.291667 999.999 999.999 0.999
237.291667 238.291667 999.999 999.999 0.999
240.291667 241.291667 999.999 999.999 0.999
243.291667 244.291667  30.085  21.892 0.000
246.291667 247.291667   5.902   3.179 0.000
249.291667 250.291667 999.999 999.999 0.999
252.291667 253.291667 999.999 999.999 0.999
255.291667 256.291667   5.246   2.239 0.000
258.291667 259.291667   7.513   3.410 0.000
261.291667 262.291667   3.354   1.080 0.000
264.291667 265.291667  12.776   2.758 0.000
267.291667 268.291667   1.319   0.619 0.000
270.291667 271.291667   3.760   1.689 0.000
273.291667 274.291667   2.672   1.704 0.000
276.291667 277.291667   1.297   0.751 0.000
279.291667 280.291667 999.999 999.999 0.999
282.291667 283.291667   9.467   3.407 0.000
285.291667 286.291667   3.734   2.827 0.000
288.291667 289.291667   5.127   2.819 0.000
291.291667 292.291667   7.454   3.839 0.000
294.291667 295.291667   4.826   2.076 0.000
297.291667 298.291667   4.807   2.231 0.000
300.291667 301.291667   4.270   1.941 0.000
303.291667 304.291667   4.392   3.013 0.000
306.291667 307.291667   1.567   0.802 0.000
309.291667 310.291667   1.942   1.236 0.000
312.291667 313.291667   1.931   1.337 0.000
315.291667 316.291667   3.630   2.043 0.000
318.291667 319.291667   5.234   3.920 0.000
321.291667 322.291667   2.611   1.276 0.000
324.291667 325.291667 999.999 999.999 0.999
327.291667 328.291667 999.999 999.999 0.999
330.291667 331.291667   3.293   2.154 0.000
333.291667 334.291667   9.996   7.719 0.000
336.291667 337.291667   5.710   1.945 0.000
339.291667 340.291667   4.792   3.451 0.000
342.291667 343.291667   5.078   3.779 0.000
345.291667 346.291667   2.569   1.639 0.000
348.291667 349.291667   5.946   3.498 0.000
351.291667 352.291667   4.924   3.205 0.000
354.291667 355.291667   1.325   0.867 0.000
357.291667 358.291667   1.430   0.708 0.000
360.291667 361.291667   2.128   1.304 0.000
363.291667 364.291667   3.993   3.458 0.000
