scripts/IMPROVE-2019_partial/data/US1303R.20020102070000.20191216000000.filterpack..pm25.52w.1w.US03L_filterpack_US1303.US03L_IMPROVE_Davis.lev2.nas
66 1001
MISSING INFORMATION
US03L, IMPROVE, , , , , , , 
MISSING INFORMATION
IMPROVE sel_HTAP
1 1
2002 01 01 2019 12 16
3.000000
days from file reference point
27
1 1 1 1 1 1 1 1 1 1 1 1 1 1 1 1 1 1 1 1 1 1 1 1 1 1 1
999.999999 9999.99 9.999999 99.99 9.999999 9.999 9.999999999 999.99 9.999999999 9.999 9.999 99.999 9.999 99.999 9.999 999.99 9.999999999 999.999 9.999 999.999 9.999 999.999 9.999 9.999 9.999999 9.999 9.999
end_time of measurement, days from the file reference point
iron, ng/m3, Revision date=20181210133000
numflag iron, no unit, Revision date=20181210133000
lead, ng/m3, Revision date=20181210133000
numflag lead, no unit, Revision date=20181210133000
magnesium, ug/m3, Revision date=20181210133000
numflag magnesium, no unit, Revision date=20181210133000
nickel, ng/m3, Revision date=20181210133000
numflag nickel, no unit, Revision date=20181210133000
nitrate, ug N/m3, Revision date=20181210133000
numflag nitrate, no unit, Revision date=20181210133000
organic_carbon, ug C/m3, Revision date=20181210133000
numflag organic_carbon, no unit, Revision date=20181210133000
organic_mass, ug/m3, Revision date=20181210133000
numflag organic_mass, no unit, Revision date=20181210133000
phosphorus, ng/m3, Revision date=20181210133000
numflag phosphorus, no unit, Revision date=20181210133000
pm10_mass, ug/m3, Version=2, Version description=Data extracted from http://views.cira.colostate.edu/fed/DataWizard 2019-12-16, Sample duration=1d, Orig. time res.=3d, Matrix=pm10, Blank correction=Blank corrected, Volume std. temperature=ambient, Volume std. pressure=ambient
numflag pm10_mass, no unit, Version=2, Version description=Data extracted from http://views.cira.colostate.edu/fed/DataWizard 2019-12-16, Sample duration=1d, Orig. time res.=3d, Matrix=pm10, Blank correction=Blank corrected, Volume std. temperature=ambient, Volume std. pressure=ambient
pm10_pm25_mass, ug/m3, Revision date=20181210133000, Matrix=pm10_pm25
numflag pm10_pm25_mass, no unit, Revision date=20181210133000, Matrix=pm10_pm25
pm25_mass, ug/m3, Version=2, Version description=Data extracted from http://views.cira.colostate.edu/fed/DataWizard 2019-12-16, Sample duration=1d, Orig. time res.=3d, Blank correction=Blank corrected, Volume std. temperature=ambient, Volume std. pressure=ambient
numflag pm25_mass, no unit, Version=2, Version description=Data extracted from http://views.cira.colostate.edu/fed/DataWizard 2019-12-16, Sample duration=1d, Orig. time res.=3d, Blank correction=Blank corrected, Volume std. temperature=ambient, Volume std. pressure=ambient
potassium, ug/m3, Revision date=20181210133000
numflag potassium, no unit, Revision date=20181210133000
sulphate_total, ug S/m3, Revision date=20181210133000
numflag sulphate_total, no unit, Revision date=20181210133000
0
25
Data definition:              EBAS_1.1
Set type code:                TU
Timezone:                     UTC
File name:                    US1303R.20020102070000.20191216000000.filterpack..pm25.52w.1w.US03L_filterpack_US1303.US03L_IMPROVE_Davis.lev2.nas
File creation:                20191218120328
Startdate:                    20020102070000
Revision date:                20191216000000
Statistics:                   arithmetic mean
Data level:                   2
Period code:                  52w
Resolution code:              1w
Station code:                 US1303R
Platform code:                US1303S
Station name:                 Craters of the Moon National Monument (ID03)
Station latitude:             43.4605
Station longitude:            -113.5551
Station altitude:             1807.0 m
Regime:                       IMG
Component:                    
Matrix:                       pm25
Laboratory code:              US03L
Instrument type:              filterpack
Instrument name:              filterpack_US1303
Method ref:                   US03L_IMPROVE_Davis
starttime endtime Fe flag_Fe Pb flag_Pb Mg++ flag_Mg++ Ni flag_Ni NO3- flag_NO3- OC flag_OC OM flag_OM P flag_P PM10 flag_PM10 PM10-PM2.5 flag_PM10-PM2.5 PM2.5 flag_PM2.5 K+ flag_K+ SO4-- flag_SO4--
  1.291667   2.291667 9999.99 0.999000 99.99 0.999000 9.999 0.999000000 999.99 0.999000000 9.999 0.999 99.999 0.999 99.999 0.999 999.99 0.999000000 999.999 0.999 999.999 0.999 999.999 0.999 9.999 0.999000 9.999 0.999
  4.291667   5.291667    1.54 0.000000  0.18 0.000000 9.999 0.259000000 999.99 0.259000000 0.162 0.559  0.283 0.000  0.397 0.000 999.99 0.259000000   1.705 0.000   0.490 0.000   1.215 0.000 0.004 0.000000 0.076 0.559
  7.291667   8.291667    2.58 0.559000  0.56 0.559000 9.999 0.559259000 999.99 0.559259000 0.232 0.559  0.336 0.000  0.471 0.000 999.99 0.559259000   1.412 0.000   0.319 0.000   1.093 0.559 0.005 0.559000 0.054 0.559
 10.291667  11.291667    1.87 0.000000 99.99 0.259000 9.999 0.259000000 999.99 0.259000000 0.205 0.000  0.398 0.000  0.557 0.000 999.99 0.259000000   1.788 0.000   0.440 0.000   1.348 0.000 0.004 0.000000 0.093 0.000
 13.291667  14.291667    1.87 0.000000  0.29 0.000000 9.999 0.259000000 999.99 0.259000000 0.258 0.559  0.353 0.000  0.494 0.000 999.99 0.259000000   1.871 0.000   0.180 0.000   1.691 0.000 0.004 0.000000 0.111 0.559
 16.291667  17.291667    2.21 0.000000  0.82 0.000000 9.999 0.259000000 999.99 0.259000000 0.275 0.559  0.375 0.000  0.525 0.000 999.99 0.259000000   2.495 0.000   0.161 0.000   2.335 0.000 0.005 0.000000 0.120 0.559
 19.291667  20.291667    4.33 0.000000  0.26 0.000000 0.087 0.000000000 999.99 0.259000000 0.050 0.559  0.059 0.000  0.083 0.000 999.99 0.259000000   4.075 0.000   3.425 0.000   0.650 0.000 0.005 0.000000 0.057 0.559
 22.291667  23.291667    4.13 0.000000  0.48 0.000000 9.999 0.259000000 999.99 0.259000000 0.060 0.559  0.056 0.000  0.079 0.000 999.99 0.259000000   0.998 0.000   0.393 0.000   0.605 0.000 0.005 0.000000 0.061 0.559
 25.291667  26.291667   12.33 0.000000  0.40 0.000000 9.999 0.259000000 999.99 0.259000000 0.036 0.559  0.115 0.000  0.161 0.000 999.99 0.259000000   3.390 0.000   2.493 0.000   0.897 0.000 0.012 0.000000 0.056 0.559
 28.291667  29.291667    2.65 0.000000  0.19 0.000000 9.999 0.259000000 999.99 0.259000000 0.159 0.000  0.190 0.000  0.266 0.000 999.99 0.259000000   1.555 0.000   0.263 0.000   1.292 0.000 0.003 0.000000 0.030 0.000
 31.291667  32.291667    7.71 0.000000  0.24 0.000000 9.999 0.259000000 999.99 0.259000000 0.560 0.000  0.428 0.000  0.599 0.000 999.99 0.259000000   6.196 0.000   1.338 0.000   4.858 0.000 0.013 0.000000 0.193 0.000
 34.291667  35.291667    3.39 0.000000 99.99 0.259000 9.999 0.259000000 999.99 0.259000000 0.050 0.559  0.189 0.000  0.265 0.000 999.99 0.259000000   1.996 0.000   0.453 0.000   1.543 0.000 0.005 0.000000 0.170 0.559
 37.291667  38.291667 9999.99 0.999000 99.99 0.999000 9.999 0.999000000 999.99 0.999000000 9.999 0.999 99.999 0.999 99.999 0.999 999.99 0.999000000 999.999 0.999 999.999 0.999 999.999 0.999 9.999 0.999000 9.999 0.999
 40.291667  41.291667 9999.99 0.999000 99.99 0.999000 9.999 0.999000000 999.99 0.999000000 9.999 0.999 99.999 0.999 99.999 0.999 999.99 0.999000000 999.999 0.999 999.999 0.999 999.999 0.999 9.999 0.999000 9.999 0.999
 43.291667  44.291667    9.52 0.000000  0.63 0.000000 9.999 0.259000000 999.99 0.259000000 0.449 0.559  0.276 0.000  0.387 0.000 999.99 0.259000000   4.616 0.000   0.936 0.000   3.680 0.000 0.011 0.000000 0.207 0.559
 46.291667  47.291667    9.19 0.000000  0.50 0.000000 9.999 0.259000000 999.99 0.259000000 0.113 0.000  0.161 0.000  0.226 0.000 999.99 0.259000000   2.687 0.000   1.004 0.000   1.683 0.000 0.009 0.000000 0.152 0.000
 49.291667  50.291667    3.40 0.000000 99.99 0.259000 9.999 0.259000000 999.99 0.259000000 0.264 0.000  0.255 0.000  0.357 0.000 999.99 0.259000000   2.757 0.000   0.240 0.000   2.517 0.000 0.009 0.000000 0.173 0.000
 52.291667  53.291667    8.50 0.000000  0.53 0.000000 9.999 0.259000000 999.99 0.259000000 0.448 0.559  0.317 0.000  0.444 0.000 999.99 0.259000000   3.638 0.000   1.041 0.000   2.597 0.000 0.008 0.000000 0.138 0.559
 55.291667  56.291667    4.35 0.000000  0.37 0.000000 9.999 0.259000000 999.99 0.259000000 0.043 0.000  0.194 0.000  0.272 0.000 999.99 0.259000000   2.578 0.000   0.803 0.000   1.775 0.000 0.009 0.000000 0.229 0.000
 58.291667  59.291667   11.15 0.000000  0.29 0.000000 9.999 0.259000000 999.99 0.259000000 0.424 0.000  0.363 0.000  0.509 0.000 999.99 0.259000000   5.104 0.000   1.434 0.000   3.669 0.000 0.011 0.000000 0.229 0.000
 61.291667  62.291667   11.03 0.000000  0.29 0.000000 9.999 0.259000000 999.99 0.259000000 0.164 0.000  0.376 0.000  0.527 0.000 999.99 0.259000000   3.556 0.000   0.748 0.000   2.808 0.000 0.015 0.000000 0.243 0.000
 64.291667  65.291667   16.75 0.000000  0.42 0.000000 9.999 0.259000000 999.99 0.259000000 0.077 0.000  0.260 0.000  0.364 0.000 999.99 0.259000000   3.390 0.000   2.111 0.000   1.278 0.000 0.016 0.000000 0.077 0.000
 67.291667  68.291667   30.52 0.000000  0.89 0.000000 9.999 0.259000000   0.10 0.000000000 0.152 0.000  0.288 0.000  0.403 0.000 999.99 0.259000000   4.449 0.000   1.794 0.000   2.655 0.000 0.028 0.000000 0.244 0.000
 70.291667  71.291667   23.02 0.000000  0.78 0.000000 9.999 0.259000000 999.99 0.259000000 0.062 0.000  0.262 0.000  0.367 0.000 999.99 0.259000000   2.423 0.000   1.060 0.000   1.363 0.000 0.021 0.000000 0.142 0.000
 73.291667  74.291667    4.09 0.000000 99.99 0.259000 9.999 0.259000000   0.11 0.000000000 0.223 0.000  0.366 0.000  0.513 0.000 999.99 0.259000000   2.397 0.000   0.654 0.000   1.744 0.000 0.004 0.000000 0.090 0.000
 76.291667  77.291667    4.16 0.000000  0.32 0.000000 9.999 0.259000000 999.99 0.259000000 0.089 0.000  0.387 0.000  0.542 0.000 999.99 0.259000000   2.994 0.000   2.144 0.000   0.850 0.000 0.005 0.000000 0.077 0.000
 79.291667  80.291667   18.66 0.000000  0.61 0.000000 9.999 0.259000000 999.99 0.259000000 0.103 0.559  0.208 0.000  0.292 0.000 999.99 0.259000000   3.000 0.000   1.453 0.000   1.546 0.000 0.013 0.000000 0.127 0.559
 82.291667  83.291667    4.86 0.000000  0.12 0.000000 9.999 0.259000000 999.99 0.259000000 0.107 0.559  0.304 0.000  0.426 0.000 999.99 0.259000000   1.479 0.000   0.240 0.000   1.239 0.000 0.006 0.000000 0.052 0.559
 85.291667  86.291667   49.30 0.000000  0.73 0.000000 9.999 0.259000000 999.99 0.259000000 0.058 0.000  0.311 0.000  0.435 0.000 999.99 0.259000000   3.844 0.000   1.696 0.000   2.148 0.000 0.032 0.000000 0.111 0.000
 88.291667  89.291667   39.78 0.000000  1.02 0.000000 9.999 0.259000000 999.99 0.259000000 0.029 0.000  0.321 0.000  0.450 0.000 999.99 0.259000000   3.780 0.000   1.682 0.000   2.098 0.000 0.030 0.000000 0.157 0.000
 91.291667  92.291667   45.39 0.000000  0.50 0.000000 9.999 0.259000000 999.99 0.259000000 0.037 0.000  0.324 0.000  0.454 0.000 999.99 0.259000000   9.758 0.000   6.656 0.000   3.102 0.000 0.032 0.000000 0.336 0.000
 94.291667  95.291667   91.73 0.000000  1.05 0.000000 9.999 0.259000000   0.09 0.000000000 0.049 0.559  0.500 0.000  0.701 0.000 999.99 0.259000000   7.496 0.000   3.747 0.000   3.748 0.000 0.057 0.000000 0.194 0.559
 97.291667  98.291667   77.85 0.000000  1.84 0.000000 9.999 0.259000000   0.13 0.000000000 0.024 0.000  0.271 0.000  0.380 0.000 999.99 0.259000000   5.958 0.000   2.456 0.000   3.502 0.000 0.054 0.000000 0.272 0.000
100.291667 101.291667   17.76 0.000000  0.56 0.000000 9.999 0.259000000 999.99 0.259000000 0.013 0.000  0.145 0.000  0.203 0.000 999.99 0.259000000   2.137 0.000   0.979 0.000   1.157 0.000 0.011 0.000000 0.078 0.000
103.291667 104.291667   39.01 0.000000  0.54 0.000000 9.999 0.259000000 999.99 0.259000000 0.031 0.000  0.304 0.000  0.426 0.000 999.99 0.259000000   3.411 0.000   1.831 0.000   1.580 0.000 0.023 0.000000 0.069 0.000
106.291667 107.291667   11.52 0.559394  0.48 0.559394 9.999 0.559394259 999.99 0.559394259 0.063 0.394  0.088 0.000  0.123 0.000 999.99 0.559394259   1.650 0.000   0.407 0.000   1.243 0.559 0.010 0.559394 0.125 0.394
109.291667 110.291667   30.41 0.000000  1.26 0.000000 9.999 0.259000000   0.09 0.000000000 0.044 0.000  0.232 0.000  0.324 0.000 999.99 0.259000000   3.224 0.000   0.717 0.000   2.507 0.000 0.027 0.000000 0.334 0.000
112.291667 113.291667  131.65 0.000000  2.38 0.000000 9.999 0.259000000 999.99 0.259000000 0.056 0.559  0.457 0.000  0.640 0.000 999.99 0.259000000  11.710 0.000   6.359 0.000   5.351 0.000 0.084 0.000000 0.303 0.559
115.291667 116.291667  151.52 0.559000  1.83 0.559000 9.999 0.559259000   0.13 0.559000000 0.083 0.000  1.380 0.000  1.932 0.000 999.99 0.559259000  11.423 0.000   4.940 0.000   6.484 0.559 0.100 0.559000 0.227 0.000
118.291667 119.291667   92.44 0.000000  1.10 0.000000 9.999 0.259000000 999.99 0.259000000 0.048 0.000  0.279 0.000  0.390 0.000 999.99 0.259000000   6.046 0.000   2.543 0.000   3.502 0.000 0.053 0.000000 0.200 0.000
121.291667 122.291667   49.77 0.000000  0.60 0.000000 9.999 0.259000000   0.12 0.000000000 0.115 0.000  0.579 0.000  0.811 0.000 999.99 0.259000000   6.173 0.000   3.109 0.000   3.064 0.000 0.030 0.000000 0.129 0.000
124.291667 125.291667  140.60 0.559000  1.16 0.559000 9.999 0.559259000   0.10 0.559000000 0.054 0.000  0.357 0.000  0.500 0.000 999.99 0.559259000  12.508 0.000   8.641 0.000   3.867 0.559 0.075 0.559000 0.156 0.000
127.291667 128.291667   12.40 0.000000  0.23 0.000000 9.999 0.259000000 999.99 0.259000000 0.016 0.000  0.148 0.000  0.207 0.000 999.99 0.259000000   2.802 0.000   1.712 0.000   1.091 0.000 0.010 0.000000 0.120 0.000
130.291667 131.291667   16.71 0.000000  0.45 0.000000 9.999 0.259000000   0.14 0.000000000 0.026 0.000  0.381 0.000  0.534 0.000 999.99 0.259000000   3.696 0.000   2.605 0.000   1.091 0.000 0.014 0.000000 0.099 0.000
133.291667 134.291667 9999.99 0.999000 99.99 0.999000 9.999 0.999000000 999.99 0.999000000 0.027 0.559  0.606 0.000  0.848 0.000 999.99 0.999000000  12.484 0.000 999.999 0.999 999.999 0.999 9.999 0.999000 0.151 0.559
136.291667 137.291667 9999.99 0.999000 99.99 0.999000 9.999 0.999000000 999.99 0.999000000 0.020 0.000  0.728 0.000  1.019 0.000 999.99 0.999000000   6.863 0.000 999.999 0.999 999.999 0.999 9.999 0.999000 0.131 0.000
139.291667 140.291667  135.76 0.000000  0.39 0.000000 9.999 0.259000000   0.11 0.000000000 0.060 0.000  0.541 0.000  0.757 0.000 999.99 0.259000000  26.722 0.000  21.474 0.000   5.248 0.000 0.085 0.000000 0.204 0.000
142.291667 143.291667    4.08 0.000000  0.24 0.000000 9.999 0.259000000 999.99 0.259000000 0.012 0.559  0.268 0.000  0.376 0.000 999.99 0.259000000   1.109 0.000   0.762 0.000   0.347 0.000 0.003 0.000000 0.037 0.559
145.291667 146.291667   28.01 0.000000  0.39 0.000000 9.999 0.259000000   0.12 0.000000000 0.015 0.000  0.574 0.000  0.803 0.000 999.99 0.259000000   4.890 0.000   3.214 0.000   1.676 0.000 0.016 0.000000 0.081 0.000
148.291667 149.291667   20.63 0.559000  0.26 0.559000 9.999 0.559259000   0.11 0.559000000 0.009 0.559  0.526 0.000  0.736 0.000 999.99 0.559259000   3.858 0.000   2.777 0.000   1.081 0.559 0.013 0.559000 0.059 0.559
151.291667 152.291667   48.22 0.000000  0.37 0.000000 9.999 0.259000000 999.99 0.259000000 0.034 0.559  0.878 0.000  1.229 0.000 999.99 0.259000000   7.230 0.000   4.447 0.000   2.784 0.000 0.034 0.000000 0.160 0.559
154.291667 155.291667 9999.99 0.999000 99.99 0.999000 9.999 0.999000000 999.99 0.999000000 9.999 0.999 99.999 0.999 99.999 0.999 999.99 0.999000000 999.999 0.999 999.999 0.999 999.999 0.999 9.999 0.999000 9.999 0.999
157.291667 158.291667   36.53 0.000000  0.35 0.000000 9.999 0.259000000 999.99 0.259000000 0.016 0.559  0.389 0.000  0.544 0.000 999.99 0.259000000   5.147 0.000   3.085 0.000   2.062 0.000 0.023 0.000000 0.109 0.559
160.291667 161.291667   12.39 0.000000  0.14 0.000000 9.999 0.259000000 999.99 0.259000000 0.030 0.559  0.236 0.000  0.331 0.000 999.99 0.259000000   3.041 0.000   2.373 0.000   0.668 0.000 0.006 0.000000 0.038 0.559
163.291667 164.291667   19.01 0.000000  0.35 0.000000 9.999 0.259000000   0.08 0.000000000 0.018 0.559  0.996 0.000  1.394 0.000 999.99 0.259000000   6.495 0.000   3.498 0.000   2.997 0.000 0.019 0.000000 0.166 0.559
166.291667 167.291667   41.95 0.559000  0.51 0.559000 9.999 0.559259000 999.99 0.559259000 0.026 0.000  1.155 0.000  1.617 0.000 999.99 0.559259000   8.812 0.000   5.340 0.000   3.472 0.559 0.035 0.559000 0.172 0.000
169.291667 170.291667   12.65 0.000000  0.22 0.000000 9.999 0.259000000 999.99 0.259000000 0.011 0.000  0.276 0.000  0.387 0.000 999.99 0.259000000   3.164 0.000   1.833 0.000   1.331 0.000 0.008 0.000000 0.073 0.000
172.291667 173.291667   35.77 0.000000  0.26 0.000000 9.999 0.259000000 999.99 0.259000000 0.029 0.000  0.666 0.000  0.933 0.000 999.99 0.259000000   4.808 0.000   2.171 0.000   2.637 0.000 0.043 0.000000 0.153 0.000
175.291667 176.291667   47.05 0.000000  0.59 0.000000 9.999 0.259000000 999.99 0.259000000 0.027 0.000  0.833 0.000  1.166 0.000 999.99 0.259000000   6.566 0.000   3.174 0.000   3.392 0.000 0.034 0.000000 0.205 0.000
178.291667 179.291667   65.04 0.000000  0.66 0.000000 9.999 0.259000000 999.99 0.259000000 0.035 0.000  1.450 0.000  2.030 0.000 999.99 0.259000000  13.317 0.000   8.031 0.000   5.287 0.000 0.060 0.000000 0.251 0.000
181.291667 182.291667   21.32 0.000000  0.25 0.000000 9.999 0.259000000 999.99 0.259000000 0.008 0.559  0.566 0.000  0.793 0.000 999.99 0.259000000   6.254 0.000   4.444 0.000   1.810 0.000 0.012 0.000000 0.098 0.559
184.291667 185.291667   96.78 0.000000  0.68 0.000000 9.999 0.259000000   4.36 0.000000000 0.032 0.000  1.410 0.000  1.973 0.000 999.99 0.259000000  20.712 0.000  14.442 0.000   6.269 0.000 0.052 0.000000 0.173 0.000
187.291667 188.291667   43.21 0.000000  0.49 0.000000 9.999 0.259000000   0.19 0.000000000 0.030 0.559  1.249 0.000  1.749 0.000 999.99 0.259000000   9.462 0.000   5.471 0.000   3.991 0.000 0.078 0.000000 0.234 0.559
190.291667 191.291667   24.83 0.000000  0.43 0.000000 9.999 0.259000000   0.50 0.000000000 0.016 0.559  1.365 0.000  1.911 0.000 999.99 0.259000000  11.290 0.000   8.432 0.000   2.858 0.000 0.029 0.000000 0.069 0.559
193.291667 194.291667   33.36 0.000000  0.26 0.000000 0.071 0.000000000 999.99 0.259000000 0.012 0.559  1.907 0.000  2.670 0.000 999.99 0.259000000  10.013 0.000   5.415 0.000   4.598 0.000 0.024 0.000000 0.152 0.559
196.291667 197.291667 9999.99 0.999000 99.99 0.999000 9.999 0.999000000 999.99 0.999000000 9.999 0.999 99.999 0.999 99.999 0.999 999.99 0.999000000 999.999 0.999 999.999 0.999 999.999 0.999 9.999 0.999000 9.999 0.999
199.291667 200.291667  101.87 0.559000  0.33 0.559000 9.999 0.559259000   0.14 0.559000000 0.049 0.559  1.735 0.000  2.428 0.000 999.99 0.559259000  13.848 0.000   6.468 0.000   7.381 0.559 0.081 0.559000 0.203 0.559
202.291667 203.291667   51.90 0.699000  0.24 0.699000 9.999 0.699259000 999.99 0.699259000 0.020 0.559  3.663 0.000  5.128 0.000 999.99 0.699259000  12.051 0.000   3.397 0.000   8.653 0.699 0.048 0.699000 0.114 0.559
205.291667 206.291667   35.92 0.559000  0.34 0.559000 9.999 0.559259000   0.23 0.559000000 0.027 0.559  1.636 0.000  2.291 0.000 999.99 0.559259000  12.704 0.000   7.791 0.000   4.913 0.559 0.052 0.559000 0.170 0.559
208.291667 209.291667  110.56 0.000000  0.51 0.000000 9.999 0.259000000  15.34 0.000000000 0.013 0.000  1.923 0.000  2.692 0.000 999.99 0.259000000  10.335 0.000   2.092 0.000   8.242 0.000 0.070 0.000000 0.107 0.000
211.291667 212.291667   88.28 0.699000  0.47 0.699000 9.999 0.699259000   2.77 0.699000000 0.025 0.000  4.553 0.000  6.373 0.000 999.99 0.699259000  18.178 0.000   6.791 0.000  11.387 0.699 0.078 0.699000 0.101 0.000
214.291667 215.291667  135.51 0.559000  0.43 0.559000 9.999 0.559259000   4.17 0.559000000 0.037 0.000  3.164 0.000  4.429 0.000 999.99 0.559259000  16.478 0.000   5.570 0.000  10.908 0.559 0.116 0.559000 0.176 0.000
217.291667 218.291667  134.95 0.699000  0.43 0.699000 9.999 0.699259000   3.12 0.699000000 0.070 0.559  4.244 0.000  5.941 0.000 999.99 0.699259000  20.887 0.000   8.003 0.000  12.883 0.699 0.132 0.699000 0.161 0.559
