scripts/IMPROVE-2019_partial/data/US1303R.20030103070000.20191216000000.filterpack..pm25.1y.1w.US03L_filterpack_US1303.US03L_IMPROVE_Davis.lev2.nas
66 1001
MISSING INFORMATION
US03L, IMPROVE, , , , , , , 
MISSING INFORMATION
IMPROVE sel_HTAP
1 1
2003 01 01 2019 12 16
3.000000
days from file reference point
27
1 1 1 1 1 1 1 1 1 1 1 1 1 1 1 1 1 1 1 1 1 1 1 1 1 1 1
999.999999 9999.99 9.999 99.99 9.999 9.999 9.999999 9.99 9.999999 9.999 9.999 99.999 9.999 999.999 9.999 999.99 9.999999 999.999 9.999 999.999 9.999 999.999 9.999 9.999 9.999 9.999 9.999
end_time of measurement, days from the file reference point
iron, ng/m3, Revision date=20181210133000
numflag iron, no unit, Revision date=20181210133000
lead, ng/m3, Revision date=20181210133000
numflag lead, no unit, Revision date=20181210133000
magnesium, ug/m3, Revision date=20181210133000
numflag magnesium, no unit, Revision date=20181210133000
nickel, ng/m3, Revision date=20181210133000
numflag nickel, no unit, Revision date=20181210133000
nitrate, ug N/m3, Revision date=20181210133000
numflag nitrate, no unit, Revision date=20181210133000
organic_carbon, ug C/m3, Revision date=20181210133000
numflag organic_carbon, no unit, Revision date=20181210133000
organic_mass, ug/m3, Revision date=20181210133000
numflag organic_mass, no unit, Revision date=20181210133000
phosphorus, ng/m3, Revision date=20181210133000
numflag phosphorus, no unit, Revision date=20181210133000
pm10_mass, ug/m3, Version=2, Version description=Data extracted from http://views.cira.colostate.edu/fed/DataWizard 2019-12-16, Sample duration=1d, Orig. time res.=3d, Matrix=pm10, Blank correction=Blank corrected, Volume std. temperature=ambient, Volume std. pressure=ambient
numflag pm10_mass, no unit, Version=2, Version description=Data extracted from http://views.cira.colostate.edu/fed/DataWizard 2019-12-16, Sample duration=1d, Orig. time res.=3d, Matrix=pm10, Blank correction=Blank corrected, Volume std. temperature=ambient, Volume std. pressure=ambient
pm10_pm25_mass, ug/m3, Revision date=20181210133000, Matrix=pm10_pm25
numflag pm10_pm25_mass, no unit, Revision date=20181210133000, Matrix=pm10_pm25
pm25_mass, ug/m3, Version=2, Version description=Data extracted from http://views.cira.colostate.edu/fed/DataWizard 2019-12-16, Sample duration=1d, Orig. time res.=3d, Blank correction=Blank corrected, Volume std. temperature=ambient, Volume std. pressure=ambient
numflag pm25_mass, no unit, Version=2, Version description=Data extracted from http://views.cira.colostate.edu/fed/DataWizard 2019-12-16, Sample duration=1d, Orig. time res.=3d, Blank correction=Blank corrected, Volume std. temperature=ambient, Volume std. pressure=ambient
potassium, ug/m3, Revision date=20181210133000
numflag potassium, no unit, Revision date=20181210133000
sulphate_total, ug S/m3, Revision date=20181210133000
numflag sulphate_total, no unit, Revision date=20181210133000
0
25
Data definition:              EBAS_1.1
Set type code:                TU
Timezone:                     UTC
File name:                    US1303R.20030103070000.20191216000000.filterpack..pm25.1y.1w.US03L_filterpack_US1303.US03L_IMPROVE_Davis.lev2.nas
File creation:                20191218120329
Startdate:                    20030103070000
Revision date:                20191216000000
Statistics:                   arithmetic mean
Data level:                   2
Period code:                  1y
Resolution code:              1w
Station code:                 US1303R
Platform code:                US1303S
Station name:                 Craters of the Moon National Monument (ID03)
Station latitude:             43.4605
Station longitude:            -113.5551
Station altitude:             1807.0 m
Regime:                       IMG
Component:                    
Matrix:                       pm25
Laboratory code:              US03L
Instrument type:              filterpack
Instrument name:              filterpack_US1303
Method ref:                   US03L_IMPROVE_Davis
starttime endtime Fe flag_Fe Pb flag_Pb Mg++ flag_Mg++ Ni flag_Ni NO3- flag_NO3- OC flag_OC OM flag_OM P flag_P PM10 flag_PM10 PM10-PM2.5 flag_PM10-PM2.5 PM2.5 flag_PM2.5 K+ flag_K+ SO4-- flag_SO4--
[from data line 81]
245.291667 246.291667   40.55 0.000  0.25 0.000 9.999 0.259000 0.06 0.000000 0.021 0.559  1.892 0.000   2.649 0.000 999.99 0.259000   9.985 0.000   4.855 0.000   5.130 0.000 0.051 0.000 0.202 0.559
248.291667 249.291667   65.71 0.000  0.15 0.000 9.999 0.259000 9.99 0.259000 0.014 0.559  2.514 0.000   3.520 0.000 999.99 0.259000   8.342 0.000   1.809 0.000   6.532 0.000 0.059 0.000 0.163 0.559
251.291667 252.291667   10.30 0.000  0.20 0.000 0.021 0.000000 9.99 0.259000 0.013 0.559  0.761 0.000   1.065 0.000 999.99 0.259000   3.779 0.000   1.819 0.000   1.960 0.000 0.012 0.000 0.083 0.559
254.291667 255.291667   37.93 0.000  0.15 0.000 9.999 0.259000 0.04 0.000000 0.006 0.559  1.137 0.000   1.592 0.000 999.99 0.259000  10.930 0.000   8.709 0.000   2.221 0.000 0.024 0.000 0.060 0.559
257.291667 258.291667   24.41 0.000  0.26 0.000 9.999 0.259000 9.99 0.259000 0.014 0.559  0.917 0.000   1.283 0.000 999.99 0.259000   6.572 0.000   3.807 0.000   2.765 0.000 0.025 0.000 0.083 0.559
260.291667 261.291667   20.04 0.000  0.18 0.000 9.999 0.259000 0.04 0.000000 0.012 0.559  0.290 0.000   0.407 0.000 999.99 0.259000   5.084 0.000   3.757 0.000   1.327 0.000 0.016 0.000 0.038 0.559
263.291667 264.291667   45.54 0.000  0.91 0.000 9.999 0.259000 9.99 0.259000 0.028 0.559  1.170 0.000   1.638 0.000 999.99 0.259000   9.590 0.000   5.753 0.000   3.837 0.000 0.069 0.000 0.149 0.559
266.291667 267.291667   30.94 0.000  0.14 0.000 9.999 0.259000 0.06 0.000000 0.007 0.559  0.585 0.000   0.818 0.000 999.99 0.259000  11.822 0.000   9.780 0.000   2.042 0.000 0.024 0.000 0.054 0.559
269.291667 270.291667   27.38 0.000  0.29 0.000 9.999 0.259000 0.06 0.000000 0.006 0.559  1.036 0.000   1.450 0.000 999.99 0.259000   7.150 0.000   4.416 0.000   2.734 0.000 0.024 0.000 0.063 0.559
272.291667 273.291667   66.21 0.000  0.44 0.000 9.999 0.259000 0.23 0.000000 0.019 0.000  1.280 0.000   1.793 0.000 999.99 0.259000  18.846 0.000  13.803 0.000   5.042 0.000 0.049 0.000 0.177 0.000
275.291667 276.291667  109.09 0.559  0.42 0.559 0.076 0.559000 0.09 0.559000 0.023 0.000  1.425 0.000   1.995 0.000 999.99 0.559259  17.974 0.000  11.363 0.000   6.611 0.559 0.081 0.559 0.221 0.000
278.291667 279.291667   41.60 0.559  0.32 0.559 9.999 0.559259 9.99 0.559259 0.016 0.000  1.064 0.000   1.490 0.000 999.99 0.559259   8.259 0.000   4.282 0.000   3.978 0.559 0.035 0.559 0.214 0.000
281.291667 282.291667   94.67 0.000  0.38 0.000 0.033 0.000000 0.13 0.000000 0.031 0.000  0.458 0.000   0.641 0.000 999.99 0.259000  20.184 0.000  15.764 0.000   4.419 0.000 0.060 0.000 0.090 0.000
284.291667 285.291667   22.86 0.000  0.22 0.000 9.999 0.259000 0.05 0.000000 0.011 0.000  0.076 0.000   0.107 0.000 999.99 0.259000   6.246 0.000   4.876 0.000   1.370 0.000 0.017 0.000 0.058 0.000
287.291667 288.291667   29.21 0.000  0.43 0.000 0.019 0.000000 0.12 0.000000 0.015 0.000  0.183 0.000   0.257 0.000 999.99 0.259000   6.410 0.000   4.613 0.000   1.797 0.000 0.023 0.000 0.085 0.000
290.291667 291.291667 9999.99 0.999 99.99 0.999 9.999 0.999000 9.99 0.999000 9.999 0.999 99.999 0.999 999.999 0.999 999.99 0.999000 999.999 0.999 999.999 0.999 999.999 0.999 9.999 0.999 9.999 0.999
293.291667 294.291667 9999.99 0.999 99.99 0.999 9.999 0.999000 9.99 0.999000 9.999 0.999 99.999 0.999 999.999 0.999 999.99 0.999000 999.999 0.999 999.999 0.999 999.999 0.999 9.999 0.999 9.999 0.999
296.291667 297.291667   42.59 0.559  0.35 0.559 0.031 0.559000 0.07 0.559000 0.020 0.000  0.910 0.000   1.275 0.000 999.99 0.559259   8.823 0.000   5.567 0.000   3.256 0.559 0.032 0.559 0.062 0.000
299.291667 300.291667   64.60 0.559  0.30 0.559 9.999 0.559259 0.07 0.559000 0.038 0.000  0.919 0.000   1.287 0.000 999.99 0.559259  13.021 0.000   8.945 0.000   4.075 0.559 0.057 0.559 0.051 0.000
302.291667 303.291667   22.47 0.000  0.18 0.000 9.999 0.259000 0.09 0.000000 0.016 0.000  0.144 0.000   0.202 0.000 999.99 0.259000   5.415 0.000   4.113 0.000   1.302 0.000 0.016 0.000 0.065 0.000
305.291667 306.291667   28.88 0.000  0.38 0.000 9.999 0.259000 9.99 0.259000 0.222 0.000  0.750 0.000   1.050 0.000 999.99 0.259000   6.986 0.000   3.795 0.000   3.191 0.000 0.030 0.000 0.169 0.000
308.291667 309.291667   15.14 0.000  0.44 0.000 9.999 0.259000 9.99 0.259000 0.043 0.000  0.915 0.000   1.281 0.000 999.99 0.259000   5.489 0.000   2.259 0.000   3.230 0.000 0.028 0.000 0.223 0.000
311.291667 312.291667   14.94 0.000  0.49 0.000 9.999 0.259000 9.99 0.259000 0.087 0.000  0.480 0.000   0.671 0.000 999.99 0.259000   3.679 0.000   1.640 0.000   2.039 0.000 0.020 0.000 0.119 0.000
314.291667 315.291667 9999.99 0.456 99.99 0.456 9.999 0.456000 9.99 0.456000 0.039 0.000  0.505 0.000   0.707 0.000 999.99 0.456000   4.277 0.000 999.999 0.999 999.999 0.456 9.999 0.456 0.046 0.000
317.291667 318.291667 9999.99 0.999 99.99 0.999 9.999 0.999000 9.99 0.999000 0.059 0.000  0.668 0.000   0.935 0.000 999.99 0.999000   1.860 0.000 999.999 0.999 999.999 0.999 9.999 0.999 0.068 0.000
320.291667 321.291667 9999.99 0.999 99.99 0.999 9.999 0.999000 9.99 0.999000 0.005 0.000  0.218 0.000   0.305 0.000 999.99 0.999000   0.740 0.000 999.999 0.999 999.999 0.999 9.999 0.999 0.010 0.000
323.291667 324.291667 9999.99 0.999 99.99 0.999 9.999 0.999000 9.99 0.999000 0.043 0.000  0.211 0.000   0.295 0.000 999.99 0.999000   4.027 0.000 999.999 0.999 999.999 0.999 9.999 0.999 0.044 0.000
326.291667 327.291667 9999.99 0.999 99.99 0.999 9.999 0.999000 9.99 0.999000 0.080 0.000  0.551 0.000   0.771 0.000 999.99 0.999000   2.728 0.000 999.999 0.999 999.999 0.999 9.999 0.999 0.093 0.000
329.291667 330.291667 9999.99 0.999 99.99 0.999 9.999 0.999000 9.99 0.999000 0.022 0.000  0.214 0.000   0.299 0.000 999.99 0.999000   1.068 0.000 999.999 0.999 999.999 0.999 9.999 0.999 0.028 0.000
332.291667 333.291667    5.70 0.000  0.52 0.000 9.999 0.259000 0.05 0.000000 0.084 0.000  0.246 0.000   0.345 0.000 999.99 0.259000   2.288 0.000   1.175 0.000   1.112 0.000 0.008 0.000 0.077 0.000
335.291667 336.291667    5.77 0.000  0.36 0.000 0.033 0.000000 0.04 0.000000 0.163 0.000  0.840 0.000   1.175 0.000 999.99 0.259000   2.436 0.000   0.522 0.000   1.914 0.000 0.010 0.000 0.079 0.000
338.291667 339.291667   11.59 0.000  0.58 0.000 9.999 0.259000 9.99 0.259000 0.112 0.000  0.393 0.000   0.550 0.000 999.99 0.259000   2.328 0.000   0.782 0.000   1.547 0.000 0.011 0.000 0.093 0.000
341.291667 342.291667    2.95 0.000  0.11 0.000 0.039 0.000000 0.09 0.000000 0.004 0.000  0.255 0.000   0.357 0.000 999.99 0.259000   1.603 0.000   1.142 0.000   0.461 0.000 0.002 0.000 0.008 0.000
344.291667 345.291667    6.20 0.000  0.42 0.000 0.025 0.000000 9.99 0.259000 0.171 0.000  0.654 0.000   0.915 0.000 999.99 0.259000   2.424 0.000   0.618 0.000   1.806 0.000 0.009 0.000 0.137 0.000
347.291667 348.291667    4.86 0.000  0.30 0.000 9.999 0.259000 0.08 0.000000 0.015 0.000  0.237 0.000   0.332 0.000 999.99 0.259000   1.274 0.000   0.582 0.000   0.691 0.000 0.004 0.000 0.031 0.000
350.291667 351.291667    7.60 0.000  0.56 0.000 0.030 0.000000 9.99 0.259000 0.446 0.000  0.334 0.000   0.468 0.000   8.10 0.000000   5.002 0.000   2.150 0.000   2.852 0.000 0.010 0.000 0.061 0.000
353.291667 354.291667    5.71 0.000  0.50 0.000 9.999 0.259000 9.99 0.259000 0.053 0.000  0.249 0.000   0.349 0.000 999.99 0.259000   1.685 0.000   0.588 0.000   1.097 0.000 0.006 0.000 0.048 0.000
356.291667 357.291667    7.47 0.000  0.24 0.000 9.999 0.259000 9.99 0.259000 0.110 0.000  0.337 0.000   0.471 0.000 999.99 0.259000   1.736 0.000   0.415 0.000   1.321 0.000 0.008 0.000 0.065 0.000
359.291667 360.291667    1.81 0.000  0.14 0.000 9.999 0.259000 0.06 0.000000 0.045 0.000  0.126 0.000   0.177 0.000 999.99 0.259000   1.157 0.000   0.152 0.000   1.006 0.000 0.002 0.000 0.028 0.000
362.291667 363.291667    6.12 0.000  0.15 0.000 9.999 0.259000 0.09 0.000000 0.025 0.000  0.092 0.000   0.129 0.000 999.99 0.259000   0.951 0.000   0.098 0.000   0.852 0.000 0.005 0.000 0.040 0.000
