scripts/IMPROVE-2019_partial/data/US1303R.20060102070000.20191216000000.filterpack..pm25.52w.1w.US03L_filterpack_US1303.US03L_IMPROVE_Davis.lev2.nas
66 1001
MISSING INFORMATION
US03L, IMPROVE, , , , , , , 
MISSING INFORMATION
IMPROVE sel_HTAP
1 1
2006 01 01 2019 12 16
3.000000
days from file reference point
27
1 1 1 1 1 1 1 1 1 1 1 1 1 1 1 1 1 1 1 1 1 1 1 1 1 1 1
999.999999 9999.99 9.999 99.99 9.999 9.999 9.999 9.99 9.999 9.999 9.999 999.999 9.999 999.999 9.999 999.99 9.999 999.999 9.999 999.999 9.999 999.999 9.999 9.999 9.999 9.999 9.999
end_time of measurement, days from the file reference point
iron, ng/m3, Revision date=20181210133000
numflag iron, no unit, Revision date=20181210133000
lead, ng/m3, Revision date=20181210133000
numflag lead, no unit, Revision date=20181210133000
magnesium, ug/m3, Revision date=20181210133000
numflag magnesium, no unit, Revision date=20181210133000
nickel, ng/m3, Revision date=20181210133000
numflag nickel, no unit, Revision date=20181210133000
nitrate, ug N/m3, Revision date=20181210133000
numflag nitrate, no unit, Revision date=20181210133000
organic_carbon, ug C/m3, Revision date=20181210133000
numflag organic_carbon, no unit, Revision date=20181210133000
organic_mass, ug/m3, Revision date=20181210133000
numflag organic_mass, no unit, Revision date=20181210133000
phosphorus, ng/m3, Revision date=20181210133000
numflag phosphorus, no unit, Revision date=20181210133000
pm10_mass, ug/m3, Version=2, Version description=Data extracted from http://views.cira.colostate.edu/fed/DataWizard 2019-12-16, Sample duration=1d, Orig. time res.=3d, Matrix=pm10, Blank correction=Blank corrected, Volume std. temperature=ambient, Volume std. pressure=ambient
numflag pm10_mass, no unit, Version=2, Version description=Data extracted from http://views.cira.colostate.edu/fed/DataWizard 2019-12-16, Sample duration=1d, Orig. time res.=3d, Matrix=pm10, Blank correction=Blank corrected, Volume std. temperature=ambient, Volume std. pressure=ambient
pm10_pm25_mass, ug/m3, Revision date=20181210133000, Matrix=pm10_pm25
numflag pm10_pm25_mass, no unit, Revision date=20181210133000, Matrix=pm10_pm25
pm25_mass, ug/m3, Version=2, Version description=Data extracted from http://views.cira.colostate.edu/fed/DataWizard 2019-12-16, Sample duration=1d, Orig. time res.=3d, Blank correction=Blank corrected, Volume std. temperature=ambient, Volume std. pressure=ambient
numflag pm25_mass, no unit, Version=2, Version description=Data extracted from http://views.cira.colostate.edu/fed/DataWizard 2019-12-16, Sample duration=1d, Orig. time res.=3d, Blank correction=Blank corrected, Volume std. temperature=ambient, Volume std. pressure=ambient
potassium, ug/m3, Revision date=20181210133000
numflag potassium, no unit, Revision date=20181210133000
sulphate_total, ug S/m3, Revision date=20181210133000
numflag sulphate_total, no unit, Revision date=20181210133000
0
25
Data definition:              EBAS_1.1
Set type code:                TU
Timezone:                     UTC
File name:                    US1303R.20060102070000.20191216000000.filterpack..pm25.52w.1w.US03L_filterpack_US1303.US03L_IMPROVE_Davis.lev2.nas
File creation:                20191218120329
Startdate:                    20060102070000
Revision date:                20191216000000
Statistics:                   arithmetic mean
Data level:                   2
Period code:                  52w
Resolution code:              1w
Station code:                 US1303R
Platform code:                US1303S
Station name:                 Craters of the Moon National Monument (ID03)
Station latitude:             43.4605
Station longitude:            -113.5551
Station altitude:             1807.0 m
Regime:                       IMG
Component:                    
Matrix:                       pm25
Laboratory code:              US03L
Instrument type:              filterpack
Instrument name:              filterpack_US1303
Method ref:                   US03L_IMPROVE_Davis
starttime endtime Fe flag_Fe Pb flag_Pb Mg++ flag_Mg++ Ni flag_Ni NO3- flag_NO3- OC flag_OC OM flag_OM P flag_P PM10 flag_PM10 PM10-PM2.5 flag_PM10-PM2.5 PM2.5 flag_PM2.5 K+ flag_K+ SO4-- flag_SO4--
[from data line 85]
256.291667 257.291667  192.83 0.000  0.42 0.000 0.031 0.000 0.34 0.000 0.037 0.000   1.866 0.000   3.359 0.000 999.99 0.259  22.007 0.000  13.387 0.000   8.621 0.000 0.121 0.000 0.141 0.000
259.291667 260.291667   40.29 0.000  0.24 0.000 9.999 0.259 9.99 0.259 0.021 0.000   1.104 0.000   1.987 0.000 999.99 0.259   8.042 0.000   4.269 0.000   3.773 0.000 0.039 0.000 0.109 0.000
262.291667 263.291667   31.95 0.000  0.38 0.000 9.999 0.259 0.18 0.000 0.202 0.000   1.349 0.000   2.428 0.000 999.99 0.259   6.318 0.000   2.710 0.000   3.608 0.000 0.023 0.000 0.092 0.000
265.291667 266.291667   17.21 0.000  0.15 0.000 0.009 0.000 0.21 0.000 0.024 0.000   0.200 0.000   0.360 0.000 999.99 0.259   4.087 0.000   2.834 0.000   1.253 0.000 0.012 0.000 0.047 0.000
268.291667 269.291667   21.13 0.000  0.18 0.000 0.007 0.000 9.99 0.259 0.010 0.000   0.522 0.000   0.939 0.000 999.99 0.259   5.620 0.000   3.644 0.000   1.976 0.000 0.026 0.000 0.068 0.000
271.291667 272.291667   45.70 0.000  0.49 0.000 9.999 0.259 9.99 0.259 0.041 0.000   6.847 0.000  12.324 0.000 999.99 0.259  19.450 0.000   5.477 0.000  13.973 0.000 0.108 0.000 0.096 0.000
274.291667 275.291667   28.74 0.000  0.43 0.000 9.999 0.259 9.99 0.259 0.041 0.000   2.283 0.000   4.109 0.000 999.99 0.259   7.353 0.000   2.227 0.000   5.125 0.000 0.065 0.000 0.079 0.000
277.291667 278.291667   17.08 0.000  0.37 0.000 9.999 0.259 9.99 0.259 0.019 0.000   0.573 0.000   1.031 0.000 999.99 0.259   4.881 0.000   2.223 0.000   2.658 0.000 0.018 0.000 0.140 0.000
280.291667 281.291667   14.76 0.000  0.47 0.000 9.999 0.259 9.99 0.259 0.062 0.000   1.155 0.559   2.078 0.559 999.99 0.259   4.880 0.000   0.889 0.000   3.991 0.000 0.017 0.000 0.151 0.000
283.291667 284.291667   14.33 0.000  0.93 0.000 9.999 0.259 9.99 0.259 0.126 0.000   0.828 0.559   1.490 0.559 999.99 0.259   5.229 0.000   2.629 0.000   2.600 0.000 0.016 0.000 0.110 0.000
286.291667 287.291667   26.02 0.000  0.30 0.000 0.012 0.000 9.99 0.259 0.033 0.000   0.924 0.000   1.663 0.000 999.99 0.259   5.990 0.000   2.749 0.000   3.242 0.000 0.024 0.000 0.103 0.000
289.291667 290.291667    3.59 0.000  0.32 0.000 0.004 0.000 9.99 0.259 0.067 0.000   0.179 0.559   0.322 0.559 999.99 0.259   1.813 0.000   0.348 0.000   1.465 0.000 0.010 0.000 0.103 0.000
292.291667 293.291667    3.15 0.000  0.30 0.000 9.999 0.259 9.99 0.259 0.006 0.000   0.264 0.559   0.476 0.559 999.99 0.259   1.641 0.000   0.562 0.000   1.080 0.000 0.004 0.000 0.043 0.000
295.291667 296.291667   10.97 0.000  0.50 0.000 0.007 0.000 9.99 0.259 0.021 0.000   0.157 0.000   0.282 0.000 999.99 0.259   3.441 0.000   1.540 0.000   1.901 0.000 0.014 0.000 0.079 0.000
298.291667 299.291667    5.36 0.000  0.22 0.000 9.999 0.259 9.99 0.259 0.071 0.000   0.456 0.000   0.821 0.000 999.99 0.259   2.565 0.000   1.084 0.000   1.481 0.000 0.009 0.000 0.051 0.000
301.291667 302.291667   26.40 0.000  0.93 0.000 9.999 0.259 0.28 0.000 0.086 0.000   0.828 0.000   1.490 0.000 999.99 0.259   8.012 0.000   4.710 0.000   3.302 0.000 0.026 0.000 0.173 0.000
304.291667 305.291667   15.08 0.000  0.26 0.000 9.999 0.259 9.99 0.259 0.114 0.000   0.367 0.000   0.661 0.000 999.99 0.259   4.551 0.000   2.675 0.000   1.875 0.000 0.019 0.000 0.066 0.000
307.291667 308.291667    2.69 0.000  0.29 0.000 9.999 0.259 9.99 0.259 0.057 0.000   0.491 0.000   0.883 0.000 999.99 0.259   1.926 0.000   0.530 0.000   1.396 0.000 0.008 0.000 0.037 0.000
310.291667 311.291667   14.99 0.000  0.49 0.000 9.999 0.259 0.21 0.000 0.082 0.000   0.308 0.000   0.554 0.000 999.99 0.259   3.796 0.000   2.224 0.000   1.572 0.000 0.015 0.000 0.057 0.000
313.291667 314.291667    3.03 0.000  0.22 0.000 9.999 0.259 9.99 0.259 0.014 0.000   0.439 0.000   0.789 0.000 999.99 0.259   1.697 0.000   0.565 0.000   1.132 0.000 0.008 0.000 0.027 0.000
316.291667 317.291667    3.01 0.000 99.99 0.259 9.999 0.259 9.99 0.259 0.015 0.000   0.099 0.000   0.177 0.000 999.99 0.259   2.149 0.000   1.267 0.000   0.882 0.000 0.004 0.000 0.111 0.000
319.291667 320.291667    3.72 0.000  0.26 0.000 9.999 0.259 9.99 0.259 0.056 0.000   0.338 0.000   0.608 0.000 999.99 0.259   1.731 0.000   0.650 0.000   1.081 0.000 0.006 0.000 0.085 0.000
322.291667 323.291667    4.44 0.000  0.39 0.000 9.999 0.259 9.99 0.259 0.066 0.000   0.622 0.000   1.120 0.000 999.99 0.259   2.391 0.000   0.641 0.000   1.750 0.000 0.009 0.000 0.148 0.000
325.291667 326.291667  452.85 0.000  0.70 0.000 0.260 0.000 9.99 0.259 0.035 0.000   0.400 0.000   0.720 0.000 999.99 0.259  38.907 0.000  27.371 0.000  11.535 0.000 0.286 0.000 0.077 0.000
328.291667 329.291667    2.46 0.000  0.38 0.000 9.999 0.259 9.99 0.259 0.013 0.000   0.083 0.000   0.150 0.000 999.99 0.259   1.031 0.000   0.503 0.000   0.527 0.000 0.004 0.000 0.055 0.000
331.291667 332.291667    3.43 0.000  0.37 0.000 9.999 0.259 0.08 0.000 0.029 0.000   0.034 0.000   0.060 0.000 999.99 0.259   0.881 0.000   0.316 0.000   0.565 0.000 0.004 0.000 0.038 0.000
334.291667 335.291667   18.45 0.000  0.47 0.000 9.999 0.259 9.99 0.259 0.106 0.000   0.356 0.000   0.641 0.000 999.99 0.259   1.879 0.000   0.128 0.000   1.750 0.000 0.017 0.000 0.094 0.000
337.291667 338.291667   11.53 0.000  0.32 0.000 0.008 0.000 9.99 0.259 0.362 0.000   0.342 0.559   0.615 0.559 999.99 0.259   3.416 0.000   0.768 0.000   2.647 0.000 0.013 0.000 0.164 0.000
340.291667 341.291667   25.76 0.000  0.74 0.000 9.999 0.259 9.99 0.259 0.538 0.000   0.577 0.000   1.038 0.000 999.99 0.259   5.364 0.000   2.055 0.000   3.309 0.000 0.025 0.000 0.135 0.000
343.291667 344.291667   22.08 0.000  0.75 0.000 9.999 0.259 9.99 0.259 0.382 0.000   0.527 0.000   0.950 0.000 999.99 0.259   5.404 0.000   2.079 0.000   3.326 0.000 0.020 0.000 0.130 0.000
346.291667 347.291667    1.26 0.000  0.23 0.000 9.999 0.259 9.99 0.259 0.010 0.000   0.093 0.000   0.168 0.000 999.99 0.259   1.151 0.000   0.366 0.000   0.785 0.000 0.002 0.000 0.014 0.000
349.291667 350.291667    1.88 0.000  0.95 0.000 9.999 0.259 9.99 0.259 0.006 0.000 999.999 0.259 999.999 0.259 999.99 0.259   1.078 0.000   0.432 0.000   0.646 0.000 0.004 0.000 0.012 0.000
352.291667 353.291667    4.28 0.000  0.26 0.000 9.999 0.259 9.99 0.259 0.122 0.000   0.227 0.000   0.409 0.000 999.99 0.259   2.284 0.000   0.860 0.000   1.424 0.000 0.006 0.000 0.031 0.000
355.291667 356.291667    8.07 0.000  0.58 0.000 9.999 0.259 9.99 0.259 0.532 0.000   0.482 0.000   0.869 0.000 999.99 0.259   6.233 0.000   2.201 0.000   4.032 0.000 0.013 0.000 0.144 0.000
358.291667 359.291667    2.65 0.000  0.34 0.000 9.999 0.259 9.99 0.259 0.191 0.000   0.242 0.000   0.436 0.000 999.99 0.259   2.813 0.000   1.360 0.000   1.453 0.000 0.005 0.000 0.121 0.000
361.291667 362.291667    1.79 0.000  0.14 0.000 9.999 0.259 9.99 0.259 0.074 0.000   0.276 0.000   0.497 0.000 999.99 0.259   1.202 0.000   0.442 0.000   0.760 0.000 0.003 0.000 0.021 0.000
364.291667 365.291667    3.19 0.000  0.66 0.000 0.006 0.000 0.09 0.000 0.078 0.000 999.999 0.999 999.999 0.999 999.99 0.259   2.059 0.000   0.383 0.000   1.676 0.000 0.005 0.000 0.168 0.000
