scripts/IMPROVE-2019_partial/data/US1303R.20020102070000.20191216000000.filterpack..pm25.52w.1w.US03L_filterpack_US1303.US03L_IMPROVE_Davis.lev2.nas
66 1001
MISSING INFORMATION
US03L, IMPROVE, , , , , , , 
MISSING INFORMATION
IMPROVE sel_HTAP
1 1
2002 01 01 2019 12 16
3.000000
days from file reference point
27
1 1 1 1 1 1 1 1 1 1 1 1 1 1 1 1 1 1 1 1 1 1 1 1 1 1 1
999.999999 9999.99 9.999999 99.99 9.999999 9.999 9.999999999 999.99 9.999999999 9.999 9.999 99.999 9.999 99.999 9.999 999.99 9.999999999 999.999 9.999 999.999 9.999 999.999 9.999 9.999 9.999999 9.999 9.999
end_time of measurement, days from the file reference point
iron, ng/m3, Revision date=20181210133000
numflag iron, no unit, Revision date=20181210133000
lead, ng/m3, Revision date=20181210133000
numflag lead, no unit, Revision date=20181210133000
magnesium, ug/m3, Revision date=20181210133000
numflag magnesium, no unit, Revision date=20181210133000
nickel, ng/m3, Revision date=20181210133000
numflag nickel, no unit, Revision date=20181210133000
nitrate, ug N/m3, Revision date=20181210133000
numflag nitrate, no unit, Revision date=20181210133000
organic_carbon, ug C/m3, Revision date=20181210133000
numflag organic_carbon, no unit, Revision date=20181210133000
organic_mass, ug/m3, Revision date=20181210133000
numflag organic_mass, no unit, Revision date=20181210133000
phosphorus, ng/m3, Revision date=20181210133000
numflag phosphorus, no unit, Revision date=20181210133000
pm10_mass, ug/m3, Version=2, Version description=Data extracted from http://views.cira.colostate.edu/fed/DataWizard 2019-12-16, Sample duration=1d, Orig. time res.=3d, Matrix=pm10, Blank correction=Blank corrected, Volume std. temperature=ambient, Volume std. pressure=ambient
numflag pm10_mass, no unit, Version=2, Version description=Data extracted from http://views.cira.colostate.edu/fed/DataWizard 2019-12-16, Sample duration=1d, Orig. time res.=3d, Matrix=pm10, Blank correction=Blank corrected, Volume std. temperature=ambient, Volume std. pressure=ambient
pm10_pm25_mass, ug/m3, Revision date=20181210133000, Matrix=pm10_pm25
numflag pm10_pm25_mass, no unit, Revision date=20181210133000, Matrix=pm10_pm25
pm25_mass, ug/m3, Version=2, Version description=Data extracted from http://views.cira.colostate.edu/fed/DataWizard 2019-12-16, Sample duration=1d, Orig. time res.=3d, Blank correction=Blank corrected, Volume std. temperature=ambient, Volume std. pressure=ambient
numflag pm25_mass, no unit, Version=2, Version description=Data extracted from http://views.cira.colostate.edu/fed/DataWizard 2019-12-16, Sample duration=1d, Orig. time res.=3d, Blank correction=Blank corrected, Volume std. temperature=ambient, Volume std. pressure=ambient
potassium, ug/m3, Revision date=20181210133000
numflag potassium, no unit, Revision date=20181210133000
sulphate_total, ug S/m3, Revision date=20181210133000
numflag sulphate_total, no unit, Revision date=20181210133000
0
25
Data definition:              EBAS_1.1
Set type code:                TU
Timezone:                     UTC
File name:                    US1303R.20020102070000.20191216000000.filterpack..pm25.52w.1w.US03L_filterpack_US1303.US03L_IMPROVE_Davis.lev2.nas
File creation:                20191218120328
Startdate:                    20020102070000
Revision date:                20191216000000
Statistics:                   arithmetic mean
Data level:                   2
Period code:                  52w
Resolution code:              1w
Station code:                 US1303R
Platform code:                US1303S
Station name:                 Craters of the Moon National Monument (ID03)
Station latitude:             43.4605
Station longitude:            -113.5551
Station altitude:             1807.0 m
Regime:                       IMG
Component:                    
Matrix:                       pm25
Laboratory code:              US03L
Instrument type:              filterpack
Instrument name:              filterpack_US1303
Method ref:                   US03L_IMPROVE_Davis
starttime endtime Fe flag_Fe Pb flag_Pb Mg++ flag_Mg++ Ni flag_Ni NO3- flag_NO3- OC flag_OC OM flag_OM P flag_P PM10 flag_PM10 PM10-PM2.5 flag_PM10-PM2.5 PM2.5 flag_PM2.5 K+ flag_K+ SO4-- flag_SO4--
[from data line 74]
223.291667 224.291667   42.39 0.559000  0.30 0.559000 9.999 0.559259000   0.12 0.559000000 0.019 0.000  1.377 0.000  1.928 0.000 999.99 0.559259000   9.300 0.000   5.485 0.000   3.815 0.559 0.035 0.559000 0.109 0.000
226.291667 227.291667   90.11 0.559000  0.27 0.559000 0.024 0.559000000   0.37 0.559000000 0.018 0.000  1.908 0.000  2.671 0.000 999.99 0.559259000  14.701 0.000   9.285 0.000   5.416 0.559 0.072 0.559000 0.075 0.000
229.291667 230.291667  224.01 0.699000  0.31 0.699000 9.999 0.699259000 999.99 0.699259000 0.045 0.000  3.052 0.000  4.273 0.000 999.99 0.699259000  23.217 0.000  12.781 0.000  10.435 0.699 0.121 0.699000 0.085 0.000
232.291667 233.291667   83.34 0.559000  0.24 0.559000 9.999 0.559259000   0.43 0.559000000 0.049 0.559  3.671 0.000  5.140 0.000 999.99 0.559259000  19.118 0.000   9.518 0.000   9.600 0.559 0.101 0.559000 0.121 0.559
235.291667 236.291667   32.42 0.000000  0.37 0.000000 9.999 0.259000000   0.20 0.000000000 0.029 0.000  1.859 0.000  2.602 0.000 999.99 0.259000000   8.975 0.000   3.919 0.000   5.056 0.000 0.042 0.000000 0.159 0.000
238.291667 239.291667   38.76 0.000000  0.32 0.000000 9.999 0.259000000   0.93 0.000000000 0.013 0.559  1.202 0.000  1.683 0.000 999.99 0.259000000   5.903 0.000   1.839 0.000   4.064 0.000 0.033 0.000000 0.104 0.559
241.291667 242.291667   25.38 0.559000  0.37 0.559000 9.999 0.559259000 999.99 0.559259000 0.014 0.559  1.418 0.000  1.986 0.000 999.99 0.559259000   8.088 0.000   4.219 0.000   3.869 0.559 0.027 0.559000 0.134 0.559
244.291667 245.291667   21.28 0.000000  0.27 0.000000 9.999 0.259000000 999.99 0.259000000 0.010 0.559  0.297 0.000  0.416 0.000 999.99 0.259000000   4.711 0.000   3.463 0.000   1.248 0.000 0.014 0.000000 0.064 0.559
247.291667 248.291667  219.76 0.559000  0.63 0.559000 9.999 0.559259000   1.70 0.559000000 0.043 0.559  0.452 0.000  0.633 0.000 999.99 0.559259000  13.970 0.000   6.308 0.000   7.662 0.559 0.148 0.559000 0.258 0.559
250.291667 251.291667   23.19 0.000000  0.39 0.000000 9.999 0.259000000 999.99 0.259000000 0.085 0.000  1.055 0.000  1.477 0.000 999.99 0.259000000   5.917 0.000   2.538 0.000   3.379 0.000 0.031 0.000000 0.187 0.000
253.291667 254.291667   16.66 0.000000  0.40 0.000000 9.999 0.259000000 999.99 0.259000000 0.016 0.559  0.665 0.000  0.931 0.000 999.99 0.259000000   4.902 0.000   2.009 0.000   2.893 0.000 0.015 0.000000 0.206 0.559
256.291667 257.291667   32.88 0.559000  0.76 0.559000 9.999 0.559259000 999.99 0.559259000 0.018 0.559  1.424 0.000  1.994 0.000 999.99 0.559259000   6.863 0.000   2.820 0.000   4.043 0.559 0.035 0.559000 0.152 0.559
259.291667 260.291667   37.76 0.000000  0.54 0.000000 0.025 0.000000000 999.99 0.259000000 0.025 0.559  0.646 0.000  0.904 0.000 999.99 0.259000000   7.265 0.000   4.439 0.000   2.826 0.000 0.030 0.000000 0.123 0.559
262.291667 263.291667 9999.99 0.999000 99.99 0.999000 9.999 0.999000000 999.99 0.999000000 9.999 0.999 99.999 0.999 99.999 0.999 999.99 0.999000000 999.999 0.999 999.999 0.999 999.999 0.999 9.999 0.999000 9.999 0.999
265.291667 266.291667 9999.99 0.999000 99.99 0.999000 9.999 0.999000000 999.99 0.999000000 9.999 0.999 99.999 0.999 99.999 0.999 999.99 0.999000000 999.999 0.999 999.999 0.999 999.999 0.999 9.999 0.999000 9.999 0.999
268.291667 269.291667   99.51 0.559000  1.21 0.559000 0.029 0.559000000   0.16 0.559000000 0.043 0.000  2.473 0.000  3.462 0.000 999.99 0.559259000  13.848 0.000   5.694 0.000   8.154 0.559 0.087 0.559000 0.251 0.000
271.291667 272.291667   66.77 0.559000  0.77 0.559000 9.999 0.559259000 999.99 0.559259000 0.051 0.000  1.262 0.000  1.767 0.000 999.99 0.559259000  11.905 0.000   7.320 0.000   4.585 0.559 0.049 0.559000 0.155 0.000
274.291667 275.291667   27.22 0.000000  0.39 0.000000 0.012 0.000000000   0.22 0.000000000 0.017 0.559  0.405 0.000  0.567 0.000 999.99 0.259000000   5.013 0.000   2.823 0.000   2.190 0.000 0.022 0.000000 0.120 0.559
277.291667 278.291667   32.23 0.000000  0.56 0.000000 9.999 0.259000000 999.99 0.259000000 0.018 0.000  1.275 0.000  1.784 0.000 999.99 0.259000000   8.794 0.000   5.490 0.000   3.304 0.000 0.032 0.000000 0.104 0.000
280.291667 281.291667   28.87 0.000000  0.47 0.000000 0.013 0.000000000   0.09 0.000000000 0.029 0.000  0.849 0.000  1.188 0.000 999.99 0.259000000   6.270 0.000   3.325 0.000   2.945 0.000 0.029 0.000000 0.103 0.000
283.291667 284.291667  130.21 0.699000  0.72 0.699000 9.999 0.699259000   0.06 0.699000000 0.071 0.000  2.200 0.000  3.079 0.000 999.99 0.699259000  28.687 0.000  20.889 0.000   7.799 0.699 0.083 0.699000 0.165 0.000
286.291667 287.291667   37.73 0.000000  0.52 0.000000 0.020 0.000000000   0.06 0.000000000 0.049 0.559  0.659 0.000  0.923 0.000 999.99 0.259000000   6.328 0.000   3.959 0.000   2.369 0.000 0.033 0.000000 0.083 0.559
289.291667 290.291667  131.35 0.559000  1.09 0.559000 0.036 0.559000000   0.20 0.559000000 0.277 0.000  1.078 0.000  1.509 0.000 999.99 0.559259000  17.176 0.000  11.025 0.000   6.151 0.559 0.106 0.559000 0.140 0.000
292.291667 293.291667   68.14 0.000000  0.95 0.000000 9.999 0.259000000   0.05 0.000000000 0.212 0.000  1.320 0.000  1.848 0.000 999.99 0.259000000  12.204 0.000   7.101 0.000   5.103 0.000 0.066 0.000000 0.115 0.000
295.291667 296.291667   68.07 0.000000  0.48 0.000000 9.999 0.259000000   1.00 0.000000000 0.038 0.000  0.665 0.000  0.931 0.000 999.99 0.259000000   5.671 0.000   1.843 0.000   3.827 0.000 0.038 0.000000 0.146 0.000
298.291667 299.291667   25.04 0.000000  1.00 0.000000 9.999 0.259000000   0.05 0.000000000 0.027 0.000  0.731 0.000  1.023 0.000 999.99 0.259000000   5.539 0.000   2.099 0.000   3.440 0.000 0.026 0.000000 0.221 0.000
301.291667 302.291667   11.78 0.000000  0.59 0.000000 9.999 0.259000000   0.10 0.000000000 0.040 0.000  0.307 0.000  0.430 0.000 999.99 0.259000000   3.007 0.000   1.340 0.000   1.668 0.000 0.010 0.000000 0.117 0.000
304.291667 305.291667   11.18 0.559000  0.30 0.559000 9.999 0.559259000   0.07 0.559000000 0.274 0.000  0.798 0.000  1.117 0.000 999.99 0.559259000   5.198 0.000   1.248 0.000   3.949 0.559 0.019 0.559000 0.231 0.000
307.291667 308.291667   17.87 0.559000  0.62 0.559000 9.999 0.559259000 999.99 0.559259000 0.237 0.000  0.928 0.000  1.299 0.000 999.99 0.559259000   5.498 0.000   1.298 0.000   4.200 0.559 0.026 0.559000 0.250 0.000
310.291667 311.291667   28.37 0.000000  1.06 0.000000 9.999 0.259000000 999.99 0.259000000 0.306 0.000  0.583 0.000  0.816 0.000 999.99 0.259000000   8.054 0.000   5.200 0.000   2.854 0.000 0.041 0.000000 0.114 0.000
313.291667 314.291667    5.30 0.000000  0.08 0.000000 9.999 0.259000000   0.10 0.000000000 0.032 0.000  0.305 0.000  0.427 0.000 999.99 0.259000000   1.157 0.000   0.472 0.000   0.685 0.000 0.006 0.000000 0.020 0.000
316.291667 317.291667    6.39 0.000000  0.16 0.000000 9.999 0.259000000 999.99 0.259000000 0.108 0.559  0.572 0.000  0.801 0.000 999.99 0.259000000   2.794 0.000   1.356 0.000   1.438 0.000 0.007 0.000000 0.052 0.559
319.291667 320.291667   11.91 0.000000  1.37 0.000000 9.999 0.259000000 999.99 0.259000000 0.481 0.000  1.194 0.000  1.671 0.000 999.99 0.259000000   6.159 0.000   0.659 0.000   5.500 0.000 0.033 0.000000 0.317 0.000
322.291667 323.291667    5.64 0.000000  0.32 0.000000 0.009 0.000000000 999.99 0.259000000 0.086 0.559  0.448 0.000  0.626 0.000 999.99 0.259000000   2.423 0.000   1.019 0.000   1.403 0.000 0.016 0.000000 0.056 0.559
325.291667 326.291667    7.52 0.000000  0.48 0.000000 9.999 0.259000000 999.99 0.259000000 0.344 0.000  0.788 0.000  1.103 0.000  16.62 0.000000000   3.739 0.000   1.270 0.000   2.469 0.000 0.026 0.000000 0.112 0.000
328.291667 329.291667   13.63 0.000000  0.28 0.000000 9.999 0.259000000 999.99 0.259000000 0.108 0.000  0.282 0.000  0.395 0.000 999.99 0.259000000   1.612 0.000   0.419 0.000   1.193 0.000 0.010 0.000000 0.105 0.000
331.291667 332.291667    8.14 0.559000  0.66 0.559000 9.999 0.559259000 999.99 0.559259000 0.491 0.559  0.851 0.000  1.191 0.000 999.99 0.559259000   4.464 0.000   0.939 0.000   3.526 0.559 0.040 0.559000 0.116 0.559
334.291667 335.291667   10.79 0.559000  0.80 0.559000 9.999 0.559259000 999.99 0.559259000 0.463 0.000  0.759 0.000  1.062 0.000 999.99 0.559259000   4.726 0.000   1.043 0.000   3.683 0.559 0.020 0.559000 0.084 0.000
337.291667 338.291667   11.60 0.559000  0.61 0.559000 9.999 0.559259000 999.99 0.559259000 0.663 0.559  0.808 0.000  1.131 0.000 999.99 0.559259000   6.040 0.000   1.446 0.000   4.594 0.559 0.025 0.559000 0.191 0.559
340.291667 341.291667    8.37 0.000000  0.48 0.000000 0.012 0.000000000 999.99 0.259000000 0.582 0.000  0.970 0.000  1.358 0.000 999.99 0.259000000   4.506 0.000   0.678 0.000   3.827 0.000 0.017 0.000000 0.135 0.000
343.291667 344.291667   10.05 0.000000  0.75 0.000000 9.999 0.259000000 999.99 0.259000000 0.599 0.000  0.504 0.000  0.706 0.000 999.99 0.259000000   5.263 0.000   0.648 0.000   4.615 0.000 0.013 0.000000 0.199 0.000
346.291667 347.291667   45.68 0.000000  0.59 0.000000 0.023 0.000000000 999.99 0.259000000 0.230 0.000  0.514 0.000  0.719 0.000 999.99 0.259000000   5.095 0.000   2.463 0.000   2.632 0.000 0.039 0.000000 0.123 0.000
349.291667 350.291667   17.87 0.000000  0.19 0.000000 9.999 0.259000000 999.99 0.259000000 0.049 0.000  0.069 0.000  0.096 0.000 999.99 0.259000000   2.712 0.000   1.486 0.000   1.226 0.000 0.015 0.000000 0.067 0.000
352.291667 353.291667    3.37 0.000000  0.08 0.000000 9.999 0.259000000   0.06 0.000000000 0.188 0.000  0.243 0.000  0.340 0.000 999.99 0.259000000   2.329 0.000   0.593 0.000   1.736 0.000 0.006 0.000000 0.079 0.000
355.291667 356.291667    1.67 0.000000  0.13 0.000000 9.999 0.259000000 999.99 0.259000000 0.093 0.000  0.215 0.000  0.301 0.000 999.99 0.259000000   1.033 0.000   0.301 0.000   0.733 0.000 0.003 0.000000 0.054 0.000
358.291667 359.291667    6.43 0.000000  0.21 0.000000 9.999 0.259000000   0.10 0.000000000 0.298 0.559  0.274 0.000  0.383 0.000 999.99 0.259000000   2.453 0.000   0.416 0.000   2.037 0.000 0.004 0.000000 0.096 0.559
361.291667 362.291667    5.56 0.000000  0.32 0.000000 9.999 0.259000000 999.99 0.259000000 0.100 0.000  0.220 0.000  0.307 0.000 999.99 0.259000000   2.439 0.000   1.478 0.000   0.961 0.000 0.031 0.000000 0.058 0.000
364.291667 365.291667    3.11 0.000000  0.10 0.000000 0.017 0.000000000   0.27 0.000000000 0.030 0.000  0.097 0.000  0.136 0.000 999.99 0.259000000   0.372 0.000   0.188 0.000   0.184 0.000 0.004 0.000000 0.017 0.000
