scripts/IMPROVE-2019_partial/data/US1303R.20050101070000.20191216000000.filterpack..pm25.52w.1w.US03L_filterpack_US1303.US03L_IMPROVE_Davis.lev2.nas
66 1001
MISSING INFORMATION
US03L, IMPROVE, , , , , , , 
MISSING INFORMATION
IMPROVE sel_HTAP
1 1
2005 01 01 2019 12 16
3.000000
days from file reference point
27
1 1 1 1 1 1 1 1 1 1 1 1 1 1 1 1 1 1 1 1 1 1 1 1 1 1 1
999.999999 999.99 9.999 99.99 9.999999 9.999 9.999999 9.99 9.999999 9.999 9.999 99.999 9.999 99.999 9.999 999.99 9.999999 999.999 9.999 999.999 9.999 99.999 9.999 9.999 9.999 9.999 9.999
end_time of measurement, days from the file reference point
iron, ng/m3, Revision date=20181210133000
numflag iron, no unit, Revision date=20181210133000
lead, ng/m3, Revision date=20181210133000
numflag lead, no unit, Revision date=20181210133000
magnesium, ug/m3, Revision date=20181210133000
numflag magnesium, no unit, Revision date=20181210133000
nickel, ng/m3, Revision date=20181210133000
numflag nickel, no unit, Revision date=20181210133000
nitrate, ug N/m3, Revision date=20181210133000
numflag nitrate, no unit, Revision date=20181210133000
organic_carbon, ug C/m3, Revision date=20181210133000
numflag organic_carbon, no unit, Revision date=20181210133000
organic_mass, ug/m3, Revision date=20181210133000
numflag organic_mass, no unit, Revision date=20181210133000
phosphorus, ng/m3, Revision date=20181210133000
numflag phosphorus, no unit, Revision date=20181210133000
pm10_mass, ug/m3, Version=2, Version description=Data extracted from http://views.cira.colostate.edu/fed/DataWizard 2019-12-16, Sample duration=1d, Orig. time res.=3d, Matrix=pm10, Blank correction=Blank corrected, Volume std. temperature=ambient, Volume std. pressure=ambient
numflag pm10_mass, no unit, Version=2, Version description=Data extracted from http://views.cira.colostate.edu/fed/DataWizard 2019-12-16, Sample duration=1d, Orig. time res.=3d, Matrix=pm10, Blank correction=Blank corrected, Volume std. temperature=ambient, Volume std. pressure=ambient
pm10_pm25_mass, ug/m3, Revision date=20181210133000, Matrix=pm10_pm25
numflag pm10_pm25_mass, no unit, Revision date=20181210133000, Matrix=pm10_pm25
pm25_mass, ug/m3, Version=2, Version description=Data extracted from http://views.cira.colostate.edu/fed/DataWizard 2019-12-16, Sample duration=1d, Orig. time res.=3d, Blank correction=Blank corrected, Volume std. temperature=ambient, Volume std. pressure=ambient
numflag pm25_mass, no unit, Version=2, Version description=Data extracted from http://views.cira.colostate.edu/fed/DataWizard 2019-12-16, Sample duration=1d, Orig. time res.=3d, Blank correction=Blank corrected, Volume std. temperature=ambient, Volume std. pressure=ambient
potassium, ug/m3, Revision date=20181210133000
numflag potassium, no unit, Revision date=20181210133000
sulphate_total, ug S/m3, Revision date=20181210133000
numflag sulphate_total, no unit, Revision date=20181210133000
0
25
Data definition:              EBAS_1.1
Set type code:                TU
Timezone:                     UTC
File name:                    US1303R.20050101070000.20191216000000.filterpack..pm25.52w.1w.US03L_filterpack_US1303.US03L_IMPROVE_Davis.lev2.nas
File creation:                20191218120329
Startdate:                    20050101070000
Revision date:                20191216000000
Statistics:                   arithmetic mean
Data level:                   2
Period code:                  52w
Resolution code:              1w
Station code:                 US1303R
Platform code:                US1303S
Station name:                 Craters of the Moon National Monument (ID03)
Station latitude:             43.4605
Station longitude:            -113.5551
Station altitude:             1807.0 m
Regime:                       IMG
Component:                    
Matrix:                       pm25
Laboratory code:              US03L
Instrument type:              filterpack
Instrument name:              filterpack_US1303
Method ref:                   US03L_IMPROVE_Davis
starttime endtime Fe flag_Fe Pb flag_Pb Mg++ flag_Mg++ Ni flag_Ni NO3- flag_NO3- OC flag_OC OM flag_OM P flag_P PM10 flag_PM10 PM10-PM2.5 flag_PM10-PM2.5 PM2.5 flag_PM2.5 K+ flag_K+ SO4-- flag_SO4--
  0.291667   1.291667   1.00 0.000  0.43 0.000000 0.007 0.000000 9.99 0.259000 0.067 0.000  0.043 0.000  0.078 0.000 999.99 0.259000   1.256 0.000   0.957 0.000  0.300 0.000 0.004 0.000 0.058 0.000
  3.291667   4.291667   4.22 0.000  0.40 0.000000 9.999 0.259000 0.13 0.000000 0.064 0.000  0.143 0.000  0.257 0.000 999.99 0.259000   3.057 0.000   1.915 0.000  1.146 0.000 0.009 0.000 0.178 0.000
  6.291667   7.291667   7.25 0.000  0.43 0.000000 9.999 0.259000 0.11 0.000000 0.314 0.000  0.335 0.000  0.603 0.000 999.99 0.259000   7.373 0.000   4.689 0.000  2.683 0.000 0.014 0.000 0.183 0.000
  9.291667  10.291667   4.48 0.000  0.27 0.000000 9.999 0.259000 9.99 0.259000 0.011 0.000  0.024 0.000  0.043 0.000 999.99 0.259000   0.732 0.000   0.401 0.000  0.330 0.000 0.003 0.000 0.032 0.000
 12.291667  13.291667   8.22 0.000  0.24 0.000000 9.999 0.259000 9.99 0.259000 0.043 0.000  0.056 0.559  0.100 0.559 999.99 0.259000   2.404 0.000   1.387 0.000  1.017 0.000 0.006 0.000 0.131 0.000
 15.291667  16.291667  11.00 0.000  0.55 0.000000 9.999 0.259000 0.17 0.000000 0.245 0.000  0.090 0.559  0.162 0.559 999.99 0.259000   2.641 0.000   0.619 0.000  2.021 0.000 0.011 0.000 0.245 0.000
 18.291667  19.291667   6.01 0.000  0.61 0.000000 9.999 0.259000 9.99 0.259000 0.412 0.000  0.520 0.559  0.937 0.559 999.99 0.259000   2.226 0.000   0.150 0.000  2.075 0.000 0.008 0.000 0.203 0.000
 21.291667  22.291667   4.76 0.000  0.44 0.000000 9.999 0.259000 0.12 0.000000 0.130 0.000  0.388 0.000  0.699 0.000 999.99 0.259000   1.419 0.000   0.253 0.000  1.165 0.000 0.011 0.000 0.093 0.000
 24.291667  25.291667   5.62 0.000  0.57 0.000000 9.999 0.259000 0.11 0.000000 0.088 0.000  0.370 0.000  0.665 0.000 999.99 0.259000   1.800 0.000   0.417 0.000  1.386 0.000 0.010 0.000 0.123 0.000
 27.291667  28.291667   3.02 0.000  0.49 0.000000 9.999 0.259000 9.99 0.259000 0.874 0.000  0.386 0.000  0.695 0.000 999.99 0.259000   5.653 0.000   0.546 0.000  5.106 0.000 0.008 0.000 0.220 0.000
 30.291667  31.291667   3.95 0.000  0.38 0.000000 9.999 0.259000 0.10 0.000000 0.090 0.000  0.310 0.000  0.557 0.000 999.99 0.259000   1.015 0.000   0.269 0.000  0.746 0.000 0.004 0.000 0.062 0.000
 33.291667  34.291667   7.45 0.000  0.58 0.000000 9.999 0.259000 0.19 0.000000 0.174 0.000  0.228 0.000  0.409 0.000 999.99 0.259000   1.988 0.000   0.653 0.000  1.334 0.000 0.009 0.000 0.117 0.000
 36.291667  37.291667   5.63 0.000  0.61 0.000000 0.009 0.000000 9.99 0.259000 0.537 0.000  0.267 0.000  0.480 0.000 999.99 0.259000   3.558 0.000   0.253 0.000  3.304 0.000 0.009 0.000 0.168 0.000
 39.291667  40.291667   8.30 0.000  0.50 0.000000 9.999 0.259000 9.99 0.259000 0.417 0.000  1.179 0.000  2.121 0.000 999.99 0.259000   4.588 0.000   1.702 0.000  2.885 0.000 0.008 0.000 0.131 0.000
 42.291667  43.291667  19.34 0.000  0.68 0.000000 9.999 0.259000 9.99 0.259000 0.206 0.000  0.399 0.000  0.719 0.000 999.99 0.259000   3.184 0.000   1.041 0.000  2.153 0.000 0.012 0.000 0.255 0.000
 45.291667  46.291667  10.06 0.000  0.52 0.000000 0.007 0.000000 9.99 0.259000 0.021 0.000  0.084 0.000  0.151 0.000 999.99 0.259000   1.922 0.000   1.073 0.000  0.867 0.000 0.006 0.000 0.097 0.000
 48.291667  49.291667  12.77 0.000  0.49 0.000000 9.999 0.259000 9.99 0.259000 0.036 0.000  0.132 0.000  0.238 0.000 999.99 0.259000  13.748 0.000  12.635 0.000  1.112 0.000 0.009 0.000 0.098 0.000
 51.291667  52.291667   1.96 0.000  0.30 0.000000 9.999 0.259000 9.99 0.259000 0.084 0.000  0.215 0.000  0.386 0.000 999.99 0.259000   1.576 0.000   0.945 0.000  0.631 0.000 0.003 0.000 0.061 0.000
 54.291667  55.291667  39.17 0.000  0.54 0.000000 9.999 0.259000 9.99 0.259000 0.013 0.000  0.230 0.000  0.415 0.000 999.99 0.259000   4.085 0.000   2.705 0.000  1.379 0.000 0.025 0.000 0.057 0.000
 57.291667  58.291667  18.01 0.000  0.54 0.000000 0.006 0.000000 9.99 0.259000 0.189 0.000  0.414 0.000  0.746 0.000 999.99 0.259000   4.012 0.000   1.775 0.000  2.236 0.000 0.015 0.000 0.201 0.000
 60.291667  61.291667  10.07 0.000  0.62 0.000000 9.999 0.259000 9.99 0.259000 0.262 0.000  0.216 0.000  0.389 0.000 999.99 0.259000   3.032 0.000   1.204 0.000  1.828 0.000 0.010 0.000 0.194 0.000
 63.291667  64.291667  16.93 0.000  0.50 0.000000 9.999 0.259000 9.99 0.259000 0.079 0.000  0.322 0.000  0.579 0.000 999.99 0.259000   2.834 0.000   1.017 0.000  1.817 0.000 0.013 0.000 0.168 0.000
 66.291667  67.291667  38.98 0.000  0.87 0.000000 9.999 0.259000 9.99 0.259000 0.021 0.000  0.152 0.000  0.273 0.000 999.99 0.259000   3.300 0.000   1.438 0.000  1.883 0.000 0.030 0.000 0.113 0.000
 69.291667  70.291667  66.50 0.000  0.72 0.000000 9.999 0.259000 9.99 0.259000 0.042 0.000  0.298 0.000  0.537 0.000 999.99 0.259000   4.280 0.000   1.926 0.000  2.353 0.000 0.032 0.000 0.061 0.000
 72.291667  73.291667  21.18 0.000  0.60 0.000000 9.999 0.259000 9.99 0.259000 0.012 0.000  0.102 0.000  0.183 0.000 999.99 0.259000   2.668 0.000   1.318 0.000  1.350 0.000 0.015 0.000 0.121 0.000
 75.291667  76.291667  63.92 0.000  1.33 0.000000 0.022 0.000000 9.99 0.259000 0.021 0.000  0.224 0.000  0.402 0.000 999.99 0.259000  11.706 0.000   9.190 0.000  2.515 0.000 0.037 0.000 0.145 0.000
 78.291667  79.291667  12.39 0.000  0.41 0.000000 9.999 0.259000 9.99 0.259000 0.019 0.000  0.086 0.000  0.155 0.000 999.99 0.259000   1.576 0.000   0.793 0.000  0.783 0.000 0.009 0.000 0.041 0.000
 81.291667  82.291667   0.79 0.000  0.20 0.000000 9.999 0.259000 0.04 0.000000 0.026 0.000  0.165 0.000  0.298 0.000 999.99 0.259000   0.363 0.000 999.999 0.259  0.578 0.000 0.001 0.000 0.068 0.000
 84.291667  85.291667   3.81 0.000 99.99 0.259000 9.999 0.259000 9.99 0.259000 0.020 0.000  0.191 0.000  0.344 0.000 999.99 0.259000   1.333 0.000   0.498 0.000  0.835 0.000 0.005 0.000 0.122 0.000
 87.291667  88.291667   2.70 0.000  0.48 0.000000 9.999 0.259000 0.03 0.000000 0.014 0.000  0.009 0.000  0.015 0.000 999.99 0.259000   1.452 0.000   1.074 0.000  0.391 0.000 0.003 0.000 0.067 0.000
 90.291667  91.291667  11.39 0.000  0.82 0.000000 9.999 0.259000 9.99 0.259000 0.103 0.000  0.101 0.000  0.181 0.000 999.99 0.259000   2.540 0.000   1.229 0.000  1.311 0.000 0.013 0.000 0.178 0.000
 93.291667  94.291667   9.02 0.000  0.46 0.000000 9.999 0.259000 9.99 0.259000 0.026 0.000  0.264 0.000  0.475 0.000 999.99 0.259000   1.534 0.000   0.904 0.000  0.630 0.000 0.007 0.000 0.101 0.000
 96.291667  97.291667  51.95 0.000  1.98 0.000000 9.999 0.259000 0.14 0.000000 0.185 0.000  0.531 0.000  0.957 0.000 999.99 0.259000   6.648 0.000   3.562 0.000  3.085 0.000 0.045 0.000 0.243 0.000
 99.291667 100.291667  20.51 0.000  1.03 0.000000 0.004 0.000000 9.99 0.259000 0.042 0.000  0.132 0.000  0.237 0.000 999.99 0.259000   2.501 0.000   1.033 0.000  1.468 0.000 0.016 0.000 0.146 0.000
102.291667 103.291667  84.59 0.000  1.64 0.000000 0.022 0.000000 9.99 0.259000 0.086 0.000  0.280 0.000  0.504 0.000 999.99 0.259000   9.695 0.000   6.219 0.000  3.476 0.000 0.057 0.000 0.290 0.000
105.291667 106.291667  64.76 0.000  1.96 0.000000 0.034 0.000000 9.99 0.259000 0.033 0.000  0.226 0.000  0.407 0.000 999.99 0.259000   6.099 0.000   3.205 0.000  2.892 0.000 0.052 0.000 0.260 0.000
108.291667 109.291667  21.24 0.000  0.49 0.000000 9.999 0.259000 9.99 0.259000 0.041 0.000  0.168 0.000  0.303 0.000 999.99 0.259000   1.493 0.000   0.473 0.000  1.026 0.000 0.015 0.000 0.083 0.000
111.291667 112.291667  20.89 0.000  0.40 0.000000 9.999 0.259000 9.99 0.259000 0.043 0.000  0.148 0.000  0.267 0.000 999.99 0.259000   2.173 0.000   0.617 0.000  1.556 0.000 0.014 0.000 0.150 0.000
114.291667 115.291667  54.24 0.000  0.86 0.000000 0.010 0.000000 0.14 0.000000 0.061 0.000  0.378 0.000  0.681 0.000 999.99 0.259000   5.084 0.000   1.584 0.000  3.498 0.000 0.041 0.000 0.326 0.000
117.291667 118.291667 999.99 0.999 99.99 0.999000 9.999 0.999000 9.99 0.999000 9.999 0.999 99.999 0.999 99.999 0.999 999.99 0.999000   2.796 0.000 999.999 0.999  2.097 0.000 9.999 0.999 9.999 0.999
120.291667 121.291667 999.99 0.999 99.99 0.999000 9.999 0.999000 9.99 0.999000 9.999 0.999 99.999 0.999 99.999 0.999 999.99 0.999000   5.043 0.000 999.999 0.999  3.554 0.000 9.999 0.999 9.999 0.999
123.291667 124.291667 999.99 0.999 99.99 0.999000 9.999 0.999000 9.99 0.999000 9.999 0.999 99.999 0.999 99.999 0.999 999.99 0.999000   3.501 0.000 999.999 0.999  1.986 0.000 9.999 0.999 9.999 0.999
126.291667 127.291667 999.99 0.999 99.99 0.999000 9.999 0.999000 9.99 0.999000 9.999 0.999 99.999 0.999 99.999 0.999 999.99 0.999000   2.050 0.000 999.999 0.999  1.329 0.000 9.999 0.999 9.999 0.999
129.291667 130.291667 999.99 0.999 99.99 0.999000 9.999 0.999000 9.99 0.999000 9.999 0.999 99.999 0.999 99.999 0.999 999.99 0.999000 999.999 0.999 999.999 0.999 99.999 0.999 9.999 0.999 9.999 0.999
132.291667 133.291667 999.99 0.999 99.99 0.999000 9.999 0.999000 9.99 0.999000 9.999 0.999 99.999 0.999 99.999 0.999 999.99 0.999000   3.739 0.000 999.999 0.999  2.439 0.000 9.999 0.999 9.999 0.999
135.291667 136.291667 999.99 0.999 99.99 0.999000 9.999 0.999000 9.99 0.999000 9.999 0.999 99.999 0.999 99.999 0.999 999.99 0.999000   1.493 0.000 999.999 0.999  1.180 0.000 9.999 0.999 9.999 0.999
138.291667 139.291667  21.69 0.000  0.51 0.000000 9.999 0.259000 9.99 0.259000 0.046 0.000  0.204 0.000  0.367 0.000 999.99 0.259000   3.145 0.000   1.533 0.000  1.628 0.000 0.015 0.000 0.107 0.000
141.291667 142.291667  17.89 0.000  0.52 0.000000 9.999 0.259000 0.07 0.000000 0.017 0.000  0.422 0.000  0.760 0.000 999.99 0.259000   3.409 0.000   1.526 0.000  1.883 0.000 0.015 0.000 0.143 0.000
144.291667 145.291667  20.52 0.000  0.66 0.000000 9.999 0.259000 9.99 0.259000 0.019 0.000  0.248 0.000  0.447 0.000 999.99 0.259000   4.700 0.000   2.733 0.000  1.966 0.000 0.015 0.000 0.140 0.000
147.291667 148.291667  26.67 0.000  0.71 0.000000 9.999 0.259000 9.99 0.259000 0.009 0.000  0.529 0.000  0.951 0.000 999.99 0.259000   6.516 0.000   3.339 0.000  3.214 0.000 0.020 0.000 0.302 0.000
150.291667 151.291667  22.95 0.000  0.76 0.000000 9.999 0.259000 0.11 0.000000 0.015 0.000  1.044 0.000  1.880 0.000 999.99 0.259000   7.000 0.000   2.757 0.000  4.253 0.000 0.018 0.000 0.208 0.000
153.291667 154.291667   7.13 0.000  0.34 0.000000 9.999 0.259000 9.99 0.259000 0.004 0.000  0.293 0.000  0.527 0.000 999.99 0.259000   2.376 0.000   0.852 0.000  1.523 0.000 0.006 0.000 0.080 0.000
156.291667 157.291667  15.56 0.000  0.76 0.000000 9.999 0.259000 9.99 0.259000 0.056 0.000  0.361 0.000  0.650 0.000 999.99 0.259000   4.445 0.000   1.977 0.000  2.468 0.000 0.014 0.000 0.182 0.000
159.291667 160.291667   7.57 0.000  0.32 0.000000 0.009 0.000000 9.99 0.259000 0.007 0.000  0.223 0.000  0.401 0.000 999.99 0.259000   1.853 0.000   0.869 0.000  0.984 0.000 0.006 0.000 0.071 0.000
162.291667 163.291667  13.77 0.000  0.34 0.000000 0.011 0.000000 9.99 0.259000 0.017 0.000  0.449 0.000  0.808 0.000 999.99 0.259000   3.269 0.000   1.823 0.000  1.446 0.000 0.011 0.000 0.095 0.000
165.291667 166.291667  35.85 0.000  0.72 0.000000 9.999 0.259000 9.99 0.259000 0.102 0.000  1.871 0.000  3.368 0.000 999.99 0.259000  11.140 0.000   5.811 0.000  5.328 0.000 0.150 0.000 0.194 0.000
168.291667 169.291667  17.08 0.000  0.47 0.000000 0.008 0.000000 9.99 0.259000 0.014 0.000  0.191 0.000  0.344 0.000 999.99 0.259000   4.013 0.000   2.753 0.000  1.260 0.000 0.013 0.000 0.102 0.000
171.291667 172.291667  38.38 0.000  0.82 0.000000 9.999 0.259000 0.30 0.000000 0.029 0.000  1.258 0.000  2.265 0.000 999.99 0.259000  12.172 0.000   5.559 0.000  6.721 0.000 0.062 0.000 0.802 0.000
174.291667 175.291667  33.75 0.000  0.61 0.000000 9.999 0.259000 9.99 0.259000 0.028 0.000  1.242 0.000  2.235 0.000 999.99 0.259000  10.804 0.000   6.294 0.000  4.509 0.000 0.042 0.000 0.237 0.000
177.291667 178.291667 999.99 0.999 99.99 0.999000 9.999 0.999000 9.99 0.999000 9.999 0.999 99.999 0.999 99.999 0.999 999.99 0.999000 999.999 0.999 999.999 0.999 99.999 0.999 9.999 0.999 9.999 0.999
180.291667 181.291667   9.10 0.000  0.38 0.000000 9.999 0.259000 0.06 0.000000 0.009 0.000  0.704 0.000  1.267 0.000 999.99 0.259000   4.799 0.000   3.147 0.000  1.618 0.000 0.008 0.000 0.116 0.000
183.291667 184.291667  16.77 0.000  0.42 0.000000 9.999 0.259000 9.99 0.259000 0.012 0.000  1.593 0.000  2.867 0.000 999.99 0.259000   7.252 0.000   2.941 0.000  4.279 0.000 0.045 0.000 0.111 0.000
186.291667 187.291667  43.74 0.000  0.52 0.000000 9.999 0.259000 9.99 0.259000 0.014 0.000  1.042 0.000  1.875 0.000 999.99 0.259000  11.357 0.000   7.847 0.000  3.427 0.000 0.034 0.000 0.174 0.000
189.291667 190.291667  85.28 0.000  0.55 0.000000 0.021 0.000000 9.99 0.259000 0.032 0.000  1.095 0.000  1.972 0.000 999.99 0.259000  16.163 0.000  11.118 0.000  4.927 0.000 0.075 0.000 0.250 0.000
192.291667 193.291667  33.54 0.000 99.99 0.259000 9.999 0.259000 0.17 0.000000 0.010 0.000  0.934 0.000  1.680 0.000 999.99 0.259000  10.867 0.000   8.063 0.000  2.907 0.000 0.023 0.000 0.124 0.000
195.291667 196.291667  54.23 0.000  0.30 0.000000 9.999 0.259000 0.12 0.000000 0.019 0.000  1.402 0.000  2.523 0.000 999.99 0.259000  15.056 0.000  10.484 0.000  4.460 0.000 0.048 0.000 0.191 0.000
198.291667 199.291667 999.99 0.999 99.99 0.999000 9.999 0.999000 9.99 0.999000 9.999 0.999 99.999 0.999 99.999 0.999 999.99 0.999000 999.999 0.999 999.999 0.999 99.999 0.999 9.999 0.999 9.999 0.999
201.291667 202.291667  36.44 0.000  0.20 0.000000 9.999 0.259000 0.19 0.000000 0.007 0.000  1.130 0.559  2.035 0.559 999.99 0.259000   8.598 0.000   5.442 0.000  3.098 0.000 0.024 0.000 0.145 0.000
204.291667 205.291667  44.92 0.000  0.31 0.000000 9.999 0.259000 0.16 0.000000 0.011 0.000  0.828 0.000  1.490 0.000 999.99 0.259000   6.908 0.000   3.798 0.000  3.069 0.000 0.033 0.000 0.126 0.000
207.291667 208.291667  42.77 0.000  0.32 0.000000 9.999 0.259000 9.99 0.259000 0.013 0.000  0.907 0.000  1.633 0.000 999.99 0.259000  10.267 0.000   7.132 0.000  3.058 0.000 0.037 0.000 0.108 0.000
210.291667 211.291667  67.97 0.000  0.24 0.000000 0.025 0.000000 9.99 0.259000 0.035 0.000  1.529 0.000  2.752 0.000 999.99 0.259000  10.010 0.000   4.673 0.000  5.286 0.000 0.101 0.000 0.202 0.000
213.291667 214.291667  33.38 0.000  0.26 0.000000 9.999 0.259000 9.99 0.259000 0.040 0.000  1.870 0.000  3.366 0.000 999.99 0.259000  10.947 0.000   5.860 0.000  5.136 0.000 0.149 0.000 0.229 0.000
216.291667 217.291667  53.20 0.000  0.25 0.000000 9.999 0.259000 0.15 0.000000 0.013 0.000  1.110 0.000  1.997 0.000 999.99 0.259000   9.367 0.000   5.701 0.000  3.605 0.000 0.039 0.000 0.114 0.000
219.291667 220.291667  54.78 0.000  0.28 0.000000 9.999 0.259000 0.12 0.000000 0.016 0.000  0.871 0.000  1.568 0.000 999.99 0.259000   9.330 0.000   5.397 0.000  3.875 0.000 0.038 0.000 0.203 0.000
222.291667 223.291667  64.13 0.000  0.21 0.000000 9.999 0.259000 0.17 0.000000 0.053 0.000  2.453 0.000  4.416 0.000 999.99 0.259000  13.687 0.000   6.667 0.000  6.948 0.000 0.259 0.000 0.164 0.000
225.291667 226.291667 999.99 0.999 99.99 0.999000 9.999 0.999000 9.99 0.999000 9.999 0.999 99.999 0.999 99.999 0.999 999.99 0.999000 999.999 0.999 999.999 0.999 99.999 0.999 9.999 0.999 9.999 0.999
228.291667 229.291667  60.28 0.000  0.30 0.000000 9.999 0.259000 9.99 0.259000 0.036 0.000  1.445 0.000  2.600 0.000 999.99 0.259000  12.594 0.000   8.437 0.000  4.067 0.000 0.046 0.000 0.155 0.000
231.291667 232.291667  29.01 0.000  0.40 0.000000 9.999 0.259000 0.07 0.000000 0.014 0.000  1.021 0.000  1.838 0.000 999.99 0.259000   7.225 0.000   4.125 0.000  3.055 0.000 0.047 0.000 0.154 0.000
234.291667 235.291667  40.03 0.394 99.99 0.394259 9.999 0.394259 9.99 0.394259 0.017 0.394  0.995 0.000  1.791 0.000 999.99 0.394259  12.637 0.000   8.670 0.000  4.020 0.000 0.055 0.394 0.211 0.394
237.291667 238.291667 999.99 0.999 99.99 0.999000 9.999 0.999000 9.99 0.999000 9.999 0.999 99.999 0.999 99.999 0.999 999.99 0.999000 999.999 0.999 999.999 0.999 99.999 0.999 9.999 0.999 9.999 0.999
