scripts/IMPROVE-2019_partial/data/US1303R.20000101070000.20191216000000.filterpack..pm25.52w.1w.US03L_filterpack_US1303.US03L_IMPROVE_Davis.lev2.nas
66 1001
MISSING INFORMATION
US03L, IMPROVE, , , , , , , 
MISSING INFORMATION
IMPROVE sel_HTAP
1 1
2000 01 01 2019 12 16
0
days from file reference point
27
1 1 1 1 1 1 1 1 1 1 1 1 1 1 1 1 1 1 1 1 1 1 1 1 1 1 1
999.999999 9999.99 9.999 99.99 9.999999 9.999 9.999999 99.99 9.999999 9.999 9.999999 999.999 9.999 999.999 9.999 999.99 9.999999 999.999 9.999 999.999 9.999 999.999 9.999 9.999 9.999 9.999 9.999999
end_time of measurement, days from the file reference point
iron, ng/m3, Revision date=20181210133000
numflag iron, no unit, Revision date=20181210133000
lead, ng/m3, Revision date=20181210133000
numflag lead, no unit, Revision date=20181210133000
magnesium, ug/m3, Revision date=20181210133000
numflag magnesium, no unit, Revision date=20181210133000
nickel, ng/m3, Revision date=20181210133000
numflag nickel, no unit, Revision date=20181210133000
nitrate, ug N/m3, Revision date=20181210133000
numflag nitrate, no unit, Revision date=20181210133000
organic_carbon, ug C/m3, Revision date=20181210133000
numflag organic_carbon, no unit, Revision date=20181210133000
organic_mass, ug/m3, Revision date=20181210133000
numflag organic_mass, no unit, Revision date=20181210133000
phosphorus, ng/m3, Revision date=20181210133000
numflag phosphorus, no unit, Revision date=20181210133000
pm10_mass, ug/m3, Version=2, Version description=Data extracted from http://views.cira.colostate.edu/fed/DataWizard 2019-12-16, Sample duration=1d, Orig. time res.=3d, Matrix=pm10, Blank correction=Blank corrected, Volume std. temperature=ambient, Volume std. pressure=ambient
numflag pm10_mass, no unit, Version=2, Version description=Data extracted from http://views.cira.colostate.edu/fed/DataWizard 2019-12-16, Sample duration=1d, Orig. time res.=3d, Matrix=pm10, Blank correction=Blank corrected, Volume std. temperature=ambient, Volume std. pressure=ambient
pm10_pm25_mass, ug/m3, Revision date=20181210133000, Matrix=pm10_pm25
numflag pm10_pm25_mass, no unit, Revision date=20181210133000, Matrix=pm10_pm25
pm25_mass, ug/m3, Version=2, Version description=Data extracted from http://views.cira.colostate.edu/fed/DataWizard 2019-12-16, Sample duration=1d, Orig. time res.=3d, Blank correction=Blank corrected, Volume std. temperature=ambient, Volume std. pressure=ambient
numflag pm25_mass, no unit, Version=2, Version description=Data extracted from http://views.cira.colostate.edu/fed/DataWizard 2019-12-16, Sample duration=1d, Orig. time res.=3d, Blank correction=Blank corrected, Volume std. temperature=ambient, Volume std. pressure=ambient
potassium, ug/m3, Revision date=20181210133000
numflag potassium, no unit, Revision date=20181210133000
sulphate_total, ug S/m3, Revision date=20181210133000
numflag sulphate_total, no unit, Revision date=20181210133000
0
25
Data definition:              EBAS_1.1
Set type code:                TI
Timezone:                     UTC
File name:                    US1303R.20000101070000.20191216000000.filterpack..pm25.52w.1w.US03L_filterpack_US1303.US03L_IMPROVE_Davis.lev2.nas
File creation:                20191218120328
Startdate:                    20000101070000
Revision date:                20191216000000
Statistics:                   arithmetic mean
Data level:                   2
Period code:                  52w
Resolution code:              1w
Station code:                 US1303R
Platform code:                US1303S
Station name:                 Craters of the Moon National Monument (ID03)
Station latitude:             43.4605
Station longitude:            -113.5551
Station altitude:             1807.0 m
Regime:                       IMG
Component:                    
Matrix:                       pm25
Laboratory code:              US03L
Instrument type:              filterpack
Instrument name:              filterpack_US1303
Method ref:                   US03L_IMPROVE_Davis
starttime endtime Fe flag_Fe Pb flag_Pb Mg++ flag_Mg++ Ni flag_Ni NO3- flag_NO3- OC flag_OC OM flag_OM P flag_P PM10 flag_PM10 PM10-PM2.5 flag_PM10-PM2.5 PM2.5 flag_PM2.5 K+ flag_K+ SO4-- flag_SO4--
[from data line 77]
267.291667 268.291667   12.90 0.000  0.15 0.000000 9.999 0.259000 99.99 0.259000 0.016 0.000000   0.361 0.000   0.505 0.000 999.99 0.259000   3.235 0.000   1.650 0.000   1.586 0.000 0.011 0.000 0.115 0.000000
270.291667 271.291667   32.19 0.559 99.99 0.559259 9.999 0.559259 99.99 0.559259 0.016 0.000000   0.492 0.000   0.689 0.000 999.99 0.559259   6.168 0.000   3.613 0.000   2.555 0.559 0.030 0.559 0.162 0.000000
273.291667 274.291667   33.66 0.559  0.37 0.559000 9.999 0.559259 99.99 0.559259 0.011 0.000000   0.495 0.000   0.693 0.000 999.99 0.559259   6.328 0.000   3.839 0.000   2.490 0.559 0.033 0.559 0.248 0.000000
276.291667 277.291667   26.68 0.559  0.47 0.559000 9.999 0.559259 99.99 0.559259 0.020 0.000000   0.367 0.000   0.514 0.000 999.99 0.559259   5.166 0.000   2.964 0.000   2.203 0.559 0.027 0.559 0.176 0.000000
279.291667 280.291667   60.51 0.559  0.43 0.559000 9.999 0.559259 99.99 0.559259 0.022 0.000000   0.577 0.000   0.807 0.000 999.99 0.559259   8.876 0.000   5.223 0.000   3.653 0.559 0.048 0.559 0.183 0.000000
282.291667 283.291667 9999.99 0.999 99.99 0.999000 9.999 0.999000 99.99 0.999000 9.999 0.999000 999.999 0.999 999.999 0.999 999.99 0.999000 999.999 0.999 999.999 0.999 999.999 0.999 9.999 0.999 9.999 0.999000
285.291667 286.291667    7.31 0.000 99.99 0.259000 9.999 0.259000 99.99 0.259000 0.143 0.000000   0.795 0.000   1.113 0.000 999.99 0.259000   2.083 0.000   0.236 0.000   1.848 0.000 0.010 0.000 0.091 0.000000
288.291667 289.291667    4.53 0.000  0.14 0.000000 9.999 0.259000 99.99 0.259000 0.049 0.000000   0.591 0.000   0.828 0.000 999.99 0.259000   1.725 0.000   0.457 0.000   1.268 0.000 0.008 0.000 0.114 0.000000
291.291667 292.291667   20.68 0.000  0.71 0.000000 9.999 0.259000 99.99 0.259000 0.058 0.000000   0.623 0.000   0.872 0.000 999.99 0.259000   5.101 0.000   2.008 0.000   3.093 0.000 0.021 0.000 0.289 0.000000
294.291667 295.291667    5.84 0.000  0.21 0.000000 9.999 0.259000  0.14 0.000000 0.019 0.000000   0.289 0.000   0.404 0.000 999.99 0.259000   1.157 0.000   0.616 0.000   0.541 0.000 0.007 0.000 0.065 0.000000
297.291667 298.291667   18.41 0.000  0.37 0.000000 9.999 0.259000 99.99 0.259000 0.145 0.000000   0.567 0.000   0.794 0.000 999.99 0.259000   5.453 0.000   2.759 0.000   2.694 0.000 0.027 0.000 0.208 0.000000
300.291667 301.291667 9999.99 0.999 99.99 0.999000 9.999 0.999000 99.99 0.999000 9.999 0.999000 999.999 0.999 999.999 0.999 999.99 0.999000 999.999 0.999 999.999 0.999 999.999 0.999 9.999 0.999 9.999 0.999000
303.291667 304.291667    0.57 0.000  0.27 0.000000 0.005 0.000000 99.99 0.259000 0.010 0.000000   0.347 0.000   0.486 0.000 999.99 0.259000   0.624 0.000   0.163 0.000   0.461 0.000 9.999 0.259 0.029 0.000000
306.291667 307.291667    6.07 0.000  0.19 0.000000 9.999 0.259000 99.99 0.259000 0.099 0.000000   0.630 0.000   0.882 0.000 999.99 0.259000   2.734 0.000   0.636 0.000   2.099 0.000 0.016 0.000 0.169 0.000000
309.291667 310.291667 9999.99 0.456 99.99 0.456000 9.999 0.456000 99.99 0.456000 0.021 0.000000   0.035 0.000   0.048 0.000 999.99 0.456000   1.455 0.000 999.999 0.999 999.999 0.456 9.999 0.456 0.085 0.000000
312.291667 313.291667   10.45 0.000  0.31 0.000000 9.999 0.259000 99.99 0.259000 0.610 0.000000   0.584 0.000   0.817 0.000 999.99 0.259000   5.940 0.000   0.957 0.000   4.983 0.000 0.027 0.000 0.182 0.000000
315.291667 316.291667    5.26 0.000  0.61 0.000000 9.999 0.259000 99.99 0.259000 0.190 0.000000   0.496 0.000   0.694 0.000 999.99 0.259000   3.389 0.000   0.352 0.000   3.036 0.000 0.015 0.000 0.251 0.000000
318.291667 319.291667    5.17 0.000  0.36 0.000000 9.999 0.259000 99.99 0.259000 0.152 0.000000   0.276 0.000   0.387 0.000 999.99 0.259000   2.835 0.000   0.624 0.000   2.211 0.000 0.016 0.000 0.261 0.000000
321.291667 322.291667    4.93 0.000  0.34 0.000000 0.015 0.000000 99.99 0.259000 0.335 0.000000   0.768 0.000   1.076 0.000 999.99 0.259000   4.811 0.000   0.117 0.000   4.694 0.000 0.018 0.000 0.319 0.000000
324.291667 325.291667    8.65 0.000  0.75 0.000000 0.030 0.000000 99.99 0.259000 0.433 0.000000   0.596 0.000   0.835 0.000 999.99 0.259000   5.104 0.000   0.828 0.000   4.276 0.000 0.017 0.000 0.288 0.000000
327.291667 328.291667    9.33 0.000  0.91 0.000000 9.999 0.259000 99.99 0.259000 0.896 0.000000   0.488 0.000   0.684 0.000 999.99 0.259000   8.067 0.000   1.475 0.000   6.592 0.000 0.018 0.000 0.213 0.000000
330.291667 331.291667    6.03 0.559  0.45 0.559000 9.999 0.559259 99.99 0.559259 0.658 0.000000   0.401 0.000   0.562 0.000 999.99 0.559259   5.988 0.000   0.679 0.000   5.309 0.559 0.014 0.559 0.264 0.000000
333.291667 334.291667    4.00 0.000  0.89 0.000000 9.999 0.259000 99.99 0.259000 0.117 0.000000   0.110 0.000   0.154 0.000 999.99 0.259000   1.464 0.000   0.408 0.000   1.056 0.000 0.009 0.000 0.092 0.000000
336.291667 337.291667    2.15 0.000  0.07 0.000000 9.999 0.259000  0.25 0.000000 0.021 0.000000   0.160 0.000   0.224 0.000 999.99 0.259000   2.578 0.000   2.034 0.000   0.544 0.000 0.009 0.000 0.055 0.000000
339.291667 340.291667    9.52 0.000  0.68 0.000000 9.999 0.259000 99.99 0.259000 0.464 0.000000   0.375 0.000   0.525 0.000 999.99 0.259000   3.980 0.000   0.428 0.000   3.552 0.000 0.013 0.000 0.180 0.000000
342.291667 343.291667   13.52 0.559  1.34 0.559000 9.999 0.559259 99.99 0.559259 0.844 0.000000   0.605 0.000   0.848 0.000 999.99 0.559259   8.241 0.000   0.963 0.000   7.278 0.559 0.018 0.559 0.283 0.000000
345.291667 346.291667    3.57 0.000  0.18 0.000000 9.999 0.259000 99.99 0.259000 0.092 0.000000   0.152 0.000   0.212 0.000 999.99 0.259000   1.683 0.000   0.133 0.000   1.550 0.000 0.004 0.000 0.128 0.000000
348.291667 349.291667    1.15 0.000  0.13 0.000000 9.999 0.259000 99.99 0.259000 0.054 0.000000   0.154 0.000   0.215 0.000 999.99 0.259000   0.920 0.000   0.277 0.000   0.643 0.000 0.004 0.000 0.059 0.000000
351.291667 352.291667    2.85 0.000 99.99 0.259000 9.999 0.259000 99.99 0.259000 0.038 0.000000   0.059 0.000   0.082 0.000 999.99 0.259000   1.381 0.000   0.673 0.000   0.707 0.000 0.006 0.000 0.067 0.000000
354.291667 355.291667    3.52 0.000  0.25 0.000000 9.999 0.259000 99.99 0.259000 0.178 0.000000   0.288 0.000   0.404 0.000 999.99 0.259000   1.757 0.000 999.999 0.259   1.993 0.000 0.086 0.000 0.128 0.000000
357.291667 358.291667    1.71 0.000  0.28 0.000000 9.999 0.259000 99.99 0.259000 0.115 0.000000   0.240 0.000   0.336 0.000 999.99 0.259000   1.255 0.000   0.162 0.000   1.093 0.000 0.003 0.000 0.121 0.000000
360.291667 361.291667    1.16 0.000  0.12 0.000000 9.999 0.259000 99.99 0.259000 0.053 0.000000   0.215 0.000   0.302 0.000 999.99 0.259000   0.677 0.000   0.157 0.000   0.520 0.000 0.003 0.000 0.050 0.000000
363.291667 364.291667    3.14 0.559  0.17 0.559000 9.999 0.559259 99.99 0.559259 0.305 0.000000   0.403 0.000   0.564 0.000 999.99 0.559259   3.849 0.000   0.527 0.000   3.321 0.559 0.010 0.559 0.335 0.000000
