scripts/IMPROVE-2019_partial/data/US1810R.20140102060000.20191216000000.filterpack...52w.3d.US03L_filterpack_US1810.US03L_IMPROVE_Davis.lev2.nas
52 1001
MISSING INFORMATION
US03L, IMPROVE, , , , , , , 
MISSING INFORMATION
IMPROVE sel_HTAP
1 1
2014 01 01 2019 12 16
3.00
days from file reference point
5
1 1 1 1 1
999.99 999.999 9.999 999.999 9.999
end_time of measurement, days from the file reference point
pm10_mass, ug/m3, Matrix=pm10
numflag pm10_mass, no unit, Matrix=pm10
pm25_mass, ug/m3, Matrix=pm25
numflag pm25_mass, no unit, Matrix=pm25
0
33
Data definition:              EBAS_1.1
Set type code:                TU
Timezone:                     UTC
File name:                    US1810R.20140102060000.20191216000000.filterpack...52w.3d.US03L_filterpack_US1810.US03L_IMPROVE_Davis.lev2.nas
File creation:                20191218120337
Startdate:                    20140102060000
Revision date:                20191216000000
Version:                      2
Version description:          "Data extracted from http://views.cira.colostate.edu/fed/DataWizard 2019-12-16"
Statistics:                   arithmetic mean
Data level:                   2
Period code:                  52w
Resolution code:              3d
Sample duration:              1d
Orig. time res.:              3d
Station code:                 US1810R
Platform code:                US1810S
Station name:                 Mammoth Cave National Park-Houchin Meadow
Station latitude:             37.1317
Station longitude:            -86.148
Station altitude:             236.0 m
Regime:                       IMG
Component:                    
Unit:                         ug/m3
Matrix:                       
Laboratory code:              US03L
Instrument type:              filterpack
Instrument name:              filterpack_US1810
Method ref:                   US03L_IMPROVE_Davis
Blank correction:             Blank corrected
Volume std. temperature:      ambient
Volume std. pressure:         ambient
starttime endtime PM10 flag_PM10 PM2.5 flag_PM2.5
  1.25   2.25   7.295 0.000   5.381 0.000
  4.25   5.25   7.337 0.000   4.923 0.000
  7.25   8.25   5.816 0.000   3.567 0.000
 10.25  11.25   4.881 0.000   3.151 0.000
 13.25  14.25   4.248 0.000   2.377 0.000
 16.25  17.25   7.972 0.000   3.607 0.000
 19.25  20.25  10.967 0.000   4.625 0.000
 22.25  23.25   9.823 0.000   4.620 0.000
 25.25  26.25 999.999 0.999 999.999 0.999
 28.25  29.25  11.754 0.000   6.242 0.000
 31.25  32.25   7.940 0.000   5.198 0.000
 34.25  35.25  10.567 0.000   7.748 0.000
 37.25  38.25   9.652 0.000   7.635 0.000
 40.25  41.25  16.008 0.000  14.007 0.000
 43.25  44.25  17.840 0.000  14.739 0.000
 46.25  47.25  17.090 0.000  13.754 0.000
 49.25  50.25   7.592 0.000   5.402 0.000
 52.25  53.25   4.248 0.000   2.253 0.000
 55.25  56.25   5.324 0.000   3.548 0.000
 58.25  59.25   8.783 0.000   4.491 0.000
 61.25  62.25   8.188 0.000   6.425 0.000
 64.25  65.25  15.047 0.000  11.579 0.000
 67.25  68.25  14.097 0.000  11.889 0.000
 70.25  71.25   7.768 0.000   6.455 0.000
 73.25  74.25   7.691 0.000   4.398 0.000
 76.25  77.25  10.175 0.000   7.771 0.000
 79.25  80.25   9.895 0.000   6.091 0.000
 82.25  83.25   8.522 0.000   5.791 0.000
 85.25  86.25  13.640 0.000   9.532 0.000
 88.25  89.25   6.580 0.000   5.674 0.000
 91.25  92.25  13.630 0.000   7.745 0.000
 94.25  95.25   5.106 0.000   4.439 0.000
 97.25  98.25   7.892 0.000   6.481 0.000
100.25 101.25  11.833 0.000   7.763 0.000
103.25 104.25   6.410 0.000   4.262 0.000
106.25 107.25   8.359 0.000   5.034 0.000
109.25 110.25  13.408 0.000   8.967 0.000
112.25 113.25   6.723 0.000   3.496 0.000
115.25 116.25 999.999 0.999 999.999 0.999
118.25 119.25 999.999 0.999 999.999 0.999
121.25 122.25   7.389 0.000   3.858 0.000
124.25 125.25  19.286 0.000   8.187 0.000
127.25 128.25  16.526 0.000   8.411 0.000
130.25 131.25  13.370 0.000   7.582 0.000
133.25 134.25   8.750 0.000   3.865 0.000
136.25 137.25   8.152 0.000   4.952 0.000
139.25 140.25  15.775 0.000   7.998 0.000
142.25 143.25  11.861 0.000   6.328 0.000
145.25 146.25  15.055 0.000  10.249 0.000
148.25 149.25   9.784 0.000   6.215 0.000
151.25 152.25  12.477 0.000   8.554 0.000
154.25 155.25  12.136 0.000   7.966 0.000
157.25 158.25  12.313 0.000   8.634 0.000
160.25 161.25   7.848 0.000   2.979 0.000
163.25 164.25  14.185 0.000   7.425 0.000
166.25 167.25  16.428 0.000  11.989 0.000
169.25 170.25  16.261 0.000   9.369 0.000
172.25 173.25  16.560 0.000  12.708 0.000
175.25 176.25  13.735 0.000   9.795 0.000
178.25 179.25   9.573 0.000   6.397 0.000
181.25 182.25  64.288 0.000  24.061 0.000
184.25 185.25   9.559 0.000   6.359 0.000
187.25 188.25  18.005 0.000  11.909 0.000
190.25 191.25  17.819 0.000  12.099 0.000
193.25 194.25  30.274 0.000  18.988 0.000
196.25 197.25   6.469 0.000   4.250 0.000
199.25 200.25   6.484 0.000   4.043 0.000
202.25 203.25  13.397 0.000   9.648 0.000
205.25 206.25  10.793 0.000   7.710 0.000
208.25 209.25  12.194 0.000   6.786 0.000
211.25 212.25  17.675 0.000  13.436 0.000
214.25 215.25  17.542 0.000  15.534 0.000
217.25 218.25  23.755 0.000  19.204 0.000
220.25 221.25  10.780 0.000   6.631 0.000
223.25 224.25  16.809 0.000   9.630 0.000
226.25 227.25  18.081 0.000  12.569 0.000
229.25 230.25  16.410 0.000  12.142 0.000
232.25 233.25  28.685 0.000  13.526 0.000
235.25 236.25  13.190 0.000   7.379 0.000
238.25 239.25  21.197 0.000  14.445 0.000
241.25 242.25  18.129 0.000  12.306 0.000
244.25 245.25  19.018 0.000   9.462 0.000
247.25 248.25  13.095 0.000   8.024 0.000
250.25 251.25   9.882 0.000 999.999 0.456
253.25 254.25   8.531 0.000   5.396 0.000
256.25 257.25   5.551 0.000   3.803 0.000
259.25 260.25   9.290 0.000   7.865 0.000
262.25 263.25  11.543 0.000   8.285 0.000
265.25 266.25   6.785 0.000   3.602 0.000
268.25 269.25   7.472 0.000   4.857 0.000
271.25 272.25  11.923 0.000   9.657 0.000
274.25 275.25  16.017 0.000   9.176 0.000
277.25 278.25   7.574 0.000   4.011 0.000
280.25 281.25  10.502 0.000   5.136 0.000
283.25 284.25   7.864 0.000   6.019 0.000
286.25 287.25   3.571 0.000   1.510 0.000
289.25 290.25  13.204 0.000   5.506 0.000
292.25 293.25  11.015 0.000   5.734 0.000
295.25 296.25   6.817 0.000   5.103 0.000
298.25 299.25  14.322 0.000   9.512 0.000
301.25 302.25   8.248 0.000   3.822 0.000
304.25 305.25   3.415 0.000   1.962 0.000
307.25 308.25  12.403 0.000   7.718 0.000
310.25 311.25   5.229 0.000   3.273 0.000
313.25 314.25  10.358 0.000   5.516 0.000
316.25 317.25  18.607 0.000  12.866 0.000
319.25 320.25  10.969 0.000   8.452 0.000
322.25 323.25   8.937 0.000   4.454 0.000
325.25 326.25  11.006 0.000   6.941 0.000
328.25 329.25   7.576 0.000   5.076 0.000
331.25 332.25   9.580 0.000   7.718 0.000
334.25 335.25   5.618 0.000   4.444 0.000
337.25 338.25   9.365 0.000   6.974 0.000
340.25 341.25   8.479 0.000   6.585 0.000
343.25 344.25   6.570 0.000   4.486 0.000
346.25 347.25  15.075 0.000  12.426 0.000
349.25 350.25   7.500 0.000   4.297 0.000
352.25 353.25  13.505 0.000  11.058 0.000
355.25 356.25   5.549 0.000   4.322 0.000
358.25 359.25 999.999 0.999 999.999 0.999
361.25 362.25 999.999 0.999 999.999 0.999
364.25 365.25   8.466 0.000   6.104 0.000
