scripts/IMPROVE-2019_partial/data/US1810R.19930102060000.20191216000000.filterpack...1y.3d.US03L_filterpack_US1810.US03L_IMPROVE_Davis.lev2.nas
51 1001
MISSING INFORMATION
US03L, IMPROVE, , , , , , , 
MISSING INFORMATION
IMPROVE sel_HTAP
1 1
1993 01 01 2019 12 16
0
days from file reference point
4
1 1 1 1
999.99 999.999 999.999 9.999
end_time of measurement, days from the file reference point
pm10_mass, ug/m3, Matrix=pm10
pm25_mass, ug/m3, Matrix=pm25
numflag, no unit
0
33
Data definition:              EBAS_1.1
Set type code:                TI
Timezone:                     UTC
File name:                    US1810R.19930102060000.20191216000000.filterpack...1y.3d.US03L_filterpack_US1810.US03L_IMPROVE_Davis.lev2.nas
File creation:                20191218120334
Startdate:                    19930102060000
Revision date:                20191216000000
Version:                      2
Version description:          "Data extracted from http://views.cira.colostate.edu/fed/DataWizard 2019-12-16"
Statistics:                   arithmetic mean
Data level:                   2
Period code:                  1y
Resolution code:              3d
Sample duration:              1d
Orig. time res.:              3d
Station code:                 US1810R
Platform code:                US1810S
Station name:                 Mammoth Cave National Park-Houchin Meadow
Station latitude:             37.1317
Station longitude:            -86.148
Station altitude:             236.0 m
Regime:                       IMG
Component:                    
Unit:                         ug/m3
Matrix:                       
Laboratory code:              US03L
Instrument type:              filterpack
Instrument name:              filterpack_US1810
Method ref:                   US03L_IMPROVE_Davis
Blank correction:             Blank corrected
Volume std. temperature:      ambient
Volume std. pressure:         ambient
starttime endtime PM10 PM2.5 flag
  1.25   2.25  12.194  11.634 0.000
  5.25   6.25  12.635  12.019 0.000
  8.25   9.25  22.058  20.588 0.000
 12.25  13.25  10.331   8.690 0.000
 15.25  16.25  20.331  18.167 0.000
 19.25  20.25  16.691  15.213 0.000
 22.25  23.25   8.473   7.911 0.000
 26.25  27.25   8.700   7.078 0.000
 29.25  30.25  10.876   8.339 0.000
 33.25  34.25  15.745  12.349 0.000
 36.25  37.25  25.527  19.765 0.000
 40.25  41.25  22.206  21.414 0.000
 43.25  44.25  10.809   9.841 0.000
 47.25  48.25  16.059  10.877 0.000
 50.25  51.25  19.057  11.928 0.000
 54.25  55.25   7.376   5.611 0.000
 57.25  58.25  19.430  19.072 0.000
 61.25  62.25  12.344  11.016 0.000
 64.25  65.25  12.564  11.553 0.000
 68.25  69.25  12.555   7.580 0.000
 71.25  72.25  12.044   7.660 0.000
 75.25  76.25  11.388   9.750 0.000
 78.25  79.25  10.961   9.201 0.000
 82.25  83.25  14.433  11.651 0.000
 85.25  86.25  16.596  13.920 0.000
 89.25  90.25  12.399  10.694 0.000
 92.25  93.25  13.985  10.350 0.000
 96.25  97.25  19.606  15.497 0.000
 99.25 100.25  14.130  11.761 0.000
103.25 104.25  23.663  16.195 0.000
106.25 107.25   7.833   5.957 0.000
110.25 111.25  10.345   5.820 0.000
113.25 114.25  19.857  14.922 0.000
117.25 118.25  14.950  12.226 0.000
120.25 121.25  19.147  13.841 0.000
124.25 125.25  15.331 999.999 0.000
127.25 128.25  31.973 999.999 0.000
131.25 132.25  21.471  16.942 0.000
134.25 135.25  21.386  17.160 0.000
138.25 139.25  16.550  10.050 0.000
141.25 142.25  13.908   7.295 0.000
145.25 146.25  13.583  11.697 0.000
148.25 149.25  43.345  32.694 0.000
152.25 153.25  13.553  11.637 0.000
155.25 156.25 999.999 999.999 0.999
159.25 160.25 999.999 999.999 0.999
162.25 163.25 999.999 999.999 0.999
166.25 167.25 999.999 999.999 0.999
169.25 170.25  29.371  23.021 0.000
173.25 174.25  25.439  20.488 0.000
176.25 177.25  13.419   9.544 0.000
180.25 181.25  27.055  17.085 0.000
183.25 184.25  46.829  30.310 0.000
187.25 188.25  29.209  16.775 0.000
190.25 191.25  29.658  22.232 0.000
194.25 195.25  28.769  20.543 0.000
197.25 198.25  30.435  22.915 0.000
201.25 202.25  30.772  18.697 0.000
204.25 205.25  30.956  14.277 0.000
208.25 209.25  44.198  20.000 0.000
211.25 212.25  23.686  15.183 0.000
215.25 216.25  19.288  15.287 0.000
218.25 219.25 999.999  31.464 0.000
222.25 223.25  42.310  18.072 0.000
225.25 226.25  37.345  30.156 0.000
229.25 230.25  23.791  17.892 0.000
232.25 233.25  26.041  18.554 0.000
236.25 237.25  26.134  15.380 0.000
239.25 240.25  34.887  21.033 0.000
243.25 244.25  32.500  20.581 0.000
246.25 247.25  17.692  11.636 0.000
250.25 251.25  26.246  22.679 0.000
253.25 254.25   9.306   5.089 0.000
257.25 258.25   7.109   4.910 0.000
260.25 261.25  25.967  22.160 0.000
264.25 265.25  16.595  11.886 0.000
267.25 268.25  19.825  13.886 0.000
271.25 272.25  10.270   4.350 0.000
274.25 275.25  17.138  12.219 0.000
278.25 279.25  20.776  16.012 0.000
281.25 282.25  22.613  17.454 0.000
285.25 286.25  16.388  13.445 0.000
288.25 289.25  13.589   9.848 0.000
292.25 293.25  19.556  14.663 0.000
295.25 296.25   8.662   5.569 0.000
299.25 300.25  20.337   9.439 0.000
302.25 303.25   8.472   6.296 0.000
306.25 307.25  20.034  15.361 0.000
309.25 310.25  15.169  10.717 0.000
313.25 314.25  20.395  17.632 0.000
316.25 317.25  16.351  11.074 0.000
320.25 321.25   8.942   5.749 0.000
323.25 324.25   5.898   3.611 0.000
327.25 328.25  25.363  18.508 0.000
330.25 331.25   6.667   5.764 0.000
334.25 335.25  17.233  15.947 0.000
337.25 338.25  11.315   5.000 0.000
341.25 342.25   9.609   7.120 0.000
344.25 345.25  12.606   5.541 0.000
348.25 349.25  11.747   9.644 0.000
351.25 352.25  16.255  12.136 0.000
355.25 356.25   9.422   6.238 0.000
358.25 359.25   8.369   6.013 0.000
362.25 363.25 999.999  14.112 0.000
