scripts/IMPROVE-2019_partial/data/US1810R.19960103060000.20191216000000.filterpack...1y.3d.US03L_filterpack_US1810.US03L_IMPROVE_Davis.lev2.nas
51 1001
MISSING INFORMATION
US03L, IMPROVE, , , , , , , 
MISSING INFORMATION
IMPROVE sel_HTAP
1 1
1996 01 01 2019 12 16
0
days from file reference point
4
1 1 1 1
999.99 999.999 999.999 9.999
end_time of measurement, days from the file reference point
pm10_mass, ug/m3, Matrix=pm10
pm25_mass, ug/m3, Matrix=pm25
numflag, no unit
0
33
Data definition:              EBAS_1.1
Set type code:                TI
Timezone:                     UTC
File name:                    US1810R.19960103060000.20191216000000.filterpack...1y.3d.US03L_filterpack_US1810.US03L_IMPROVE_Davis.lev2.nas
File creation:                20191218120334
Startdate:                    19960103060000
Revision date:                20191216000000
Version:                      2
Version description:          "Data extracted from http://views.cira.colostate.edu/fed/DataWizard 2019-12-16"
Statistics:                   arithmetic mean
Data level:                   2
Period code:                  1y
Resolution code:              3d
Sample duration:              1d
Orig. time res.:              3d
Station code:                 US1810R
Platform code:                US1810S
Station name:                 Mammoth Cave National Park-Houchin Meadow
Station latitude:             37.1317
Station longitude:            -86.148
Station altitude:             236.0 m
Regime:                       IMG
Component:                    
Unit:                         ug/m3
Matrix:                       
Laboratory code:              US03L
Instrument type:              filterpack
Instrument name:              filterpack_US1810
Method ref:                   US03L_IMPROVE_Davis
Blank correction:             Blank corrected
Volume std. temperature:      ambient
Volume std. pressure:         ambient
starttime endtime PM10 PM2.5 flag
  2.25   3.25   8.578   6.702 0.000
  5.25   6.25  17.127  15.432 0.000
  9.25  10.25  14.149  11.745 0.000
 12.25  13.25  15.262  13.797 0.000
 16.25  17.25  16.779  14.281 0.000
 19.25  20.25  10.150   7.128 0.000
 23.25  24.25   7.975   7.248 0.000
 26.25  27.25   7.639   3.955 0.000
 30.25  31.25  11.175   8.749 0.000
 33.25  34.25  17.784  10.234 0.000
 37.25  38.25  19.494  12.116 0.000
 40.25  41.25  14.068  13.147 0.000
 44.25  45.25  12.278   7.690 0.000
 47.25  48.25  14.220   7.540 0.000
 51.25  52.25  19.606  14.418 0.000
 54.25  55.25   7.586   4.898 0.000
 58.25  59.25  10.236   7.958 0.000
 61.25  62.25  11.464   5.111 0.000
 65.25  66.25   3.834   4.460 0.000
 68.25  69.25  15.003   8.261 0.000
 72.25  73.25  17.253  13.520 0.000
 75.25  76.25  21.650  13.859 0.000
 79.25  80.25  12.970   7.630 0.000
 82.25  83.25   9.655   9.968 0.000
 86.25  87.25  13.854   9.537 0.000
 89.25  90.25  21.311  16.194 0.000
 93.25  94.25  12.765  10.462 0.000
 96.25  97.25 999.999 999.999 0.999
100.25 101.25  12.663   8.920 0.000
103.25 104.25  17.517  11.981 0.000
107.25 108.25  10.054 999.999 0.000
110.25 111.25  18.366   7.902 0.000
114.25 115.25   9.673   7.275 0.000
117.25 118.25   9.590   5.484 0.000
121.25 122.25   9.618   6.321 0.000
124.25 125.25  25.338  19.385 0.000
128.25 129.25  21.242  13.918 0.000
131.25 132.25  12.237   7.768 0.000
135.25 136.25  26.914  23.593 0.000
138.25 139.25  23.650  14.928 0.000
142.25 143.25  12.719   8.830 0.000
145.25 146.25  39.275  26.581 0.000
149.25 150.25  16.229  12.077 0.000
152.25 153.25  20.223  14.937 0.000
156.25 157.25  18.739  12.560 0.000
159.25 160.25   7.860   3.908 0.000
163.25 164.25  21.495  15.715 0.000
166.25 167.25  36.468  30.254 0.000
170.25 171.25  18.308  13.800 0.000
173.25 174.25  48.077  41.218 0.000
177.25 178.25  23.275  19.127 0.000
180.25 181.25  42.876  35.860 0.000
184.25 185.25  13.657   9.818 0.000
187.25 188.25  31.309  23.268 0.000
191.25 192.25  12.616  10.131 0.000
194.25 195.25  31.429  24.741 0.000
198.25 199.25  23.384  15.903 0.000
201.25 202.25  19.669  14.068 0.000
205.25 206.25  23.254  18.169 0.000
208.25 209.25  18.532  14.278 0.000
212.25 213.25  20.643  13.859 0.000
215.25 216.25  31.584  22.848 0.000
219.25 220.25  38.500  31.639 0.000
222.25 223.25  17.524  12.508 0.000
226.25 227.25  32.407  26.726 0.000
229.25 230.25  42.187  26.989 0.000
233.25 234.25  35.393 999.999 0.000
236.25 237.25 999.999  22.308 0.000
240.25 241.25  25.329  17.609 0.000
243.25 244.25  32.054  26.631 0.000
247.25 248.25  15.700  13.121 0.000
250.25 251.25  25.407  21.602 0.000
254.25 255.25  18.801  15.978 0.000
257.25 258.25   9.852   6.146 0.000
261.25 262.25  13.117  12.844 0.000
264.25 265.25  21.107  17.576 0.000
268.25 269.25  10.132   8.321 0.000
271.25 272.25   9.236   4.784 0.000
275.25 276.25   9.631 999.999 0.000
278.25 279.25  23.654  19.483 0.000
282.25 283.25   7.419   4.067 0.000
285.25 286.25  14.649  13.017 0.000
289.25 290.25  24.238  21.168 0.000
292.25 293.25   7.946   5.391 0.000
296.25 297.25  10.163   4.619 0.000
299.25 300.25  25.112  15.663 0.000
303.25 304.25 999.999 999.999 0.999
306.25 307.25  15.770   8.229 0.000
310.25 311.25  17.344  14.833 0.000
313.25 314.25   8.085   5.878 0.000
317.25 318.25  13.684  12.747 0.000
320.25 321.25  11.920   9.475 0.000
324.25 325.25  11.348   9.175 0.000
327.25 328.25  12.381  10.841 0.000
331.25 332.25   6.911   6.027 0.000
334.25 335.25   5.473   5.293 0.000
338.25 339.25   8.073   8.439 0.000
341.25 342.25  12.311   4.371 0.000
345.25 346.25  18.069   9.228 0.000
348.25 349.25  11.434   8.463 0.000
352.25 353.25 999.999  10.401 0.000
355.25 356.25   9.271   5.185 0.000
359.25 360.25 999.999   7.630 0.000
362.25 363.25  11.505  10.588 0.000
