scripts/IMPROVE-2019_partial/data/US1810R.20010101060000.20191216000000.filterpack..pm25.52w.1w.US03L_filterpack_US1810.US03L_IMPROVE_Davis.lev2.nas
64 1001
MISSING INFORMATION
US03L, IMPROVE, , , , , , , 
MISSING INFORMATION
IMPROVE sel_HTAP
1 1
2001 01 01 2019 12 16
3.00
days from file reference point
25
1 1 1 1 1 1 1 1 1 1 1 1 1 1 1 1 1 1 1 1 1 1 1 1 1
999.99 9999.99 9.999 99.99 9.999 9.999 9.999999 99.99 9.999 99.999 9.999 99.999 9.999 99.999 9.999 999.999 9.999 999.999 9.999 999.999 9.999 9.999 9.999 99.999 9.999
end_time of measurement, days from the file reference point
iron, ng/m3, Revision date=20181210133000
numflag iron, no unit, Revision date=20181210133000
lead, ng/m3, Revision date=20181210133000
numflag lead, no unit, Revision date=20181210133000
magnesium, ug/m3, Revision date=20181210133000
numflag magnesium, no unit, Revision date=20181210133000
nickel, ng/m3, Revision date=20181210133000
numflag nickel, no unit, Revision date=20181210133000
nitrate, ug N/m3, Revision date=20181210133000
numflag nitrate, no unit, Revision date=20181210133000
organic_carbon, ug C/m3, Revision date=20181210133000
numflag organic_carbon, no unit, Revision date=20181210133000
organic_mass, ug/m3, Revision date=20181210133000
numflag organic_mass, no unit, Revision date=20181210133000
pm10_mass, ug/m3, Version=2, Version description=Data extracted from http://views.cira.colostate.edu/fed/DataWizard 2019-12-16, Sample duration=1d, Orig. time res.=3d, Matrix=pm10, Blank correction=Blank corrected, Volume std. temperature=ambient, Volume std. pressure=ambient
numflag pm10_mass, no unit, Version=2, Version description=Data extracted from http://views.cira.colostate.edu/fed/DataWizard 2019-12-16, Sample duration=1d, Orig. time res.=3d, Matrix=pm10, Blank correction=Blank corrected, Volume std. temperature=ambient, Volume std. pressure=ambient
pm10_pm25_mass, ug/m3, Revision date=20181210133000, Matrix=pm10_pm25
numflag pm10_pm25_mass, no unit, Revision date=20181210133000, Matrix=pm10_pm25
pm25_mass, ug/m3, Version=2, Version description=Data extracted from http://views.cira.colostate.edu/fed/DataWizard 2019-12-16, Sample duration=1d, Orig. time res.=3d, Blank correction=Blank corrected, Volume std. temperature=ambient, Volume std. pressure=ambient
numflag pm25_mass, no unit, Version=2, Version description=Data extracted from http://views.cira.colostate.edu/fed/DataWizard 2019-12-16, Sample duration=1d, Orig. time res.=3d, Blank correction=Blank corrected, Volume std. temperature=ambient, Volume std. pressure=ambient
potassium, ug/m3, Revision date=20181210133000
numflag potassium, no unit, Revision date=20181210133000
sulphate_total, ug S/m3, Revision date=20181210133000
numflag sulphate_total, no unit, Revision date=20181210133000
0
25
Data definition:              EBAS_1.1
Set type code:                TU
Timezone:                     UTC
File name:                    US1810R.20010101060000.20191216000000.filterpack..pm25.52w.1w.US03L_filterpack_US1810.US03L_IMPROVE_Davis.lev2.nas
File creation:                20191218120334
Startdate:                    20010101060000
Revision date:                20191216000000
Statistics:                   arithmetic mean
Data level:                   2
Period code:                  52w
Resolution code:              1w
Station code:                 US1810R
Platform code:                US1810S
Station name:                 Mammoth Cave National Park-Houchin Meadow
Station latitude:             37.1317
Station longitude:            -86.148
Station altitude:             236.0 m
Regime:                       IMG
Component:                    
Matrix:                       pm25
Laboratory code:              US03L
Instrument type:              filterpack
Instrument name:              filterpack_US1810
Method ref:                   US03L_IMPROVE_Davis
starttime endtime Fe flag_Fe Pb flag_Pb Mg++ flag_Mg++ Ni flag_Ni NO3- flag_NO3- OC flag_OC OM flag_OM PM10 flag_PM10 PM10-PM2.5 flag_PM10-PM2.5 PM2.5 flag_PM2.5 K+ flag_K+ SO4-- flag_SO4--
  0.25   1.25   58.64 0.000  2.59 0.000 9.999 0.259000 99.99 0.259  0.786 0.000  1.704 0.000  2.386 0.000  14.752 0.000   1.069 0.000  13.683 0.000 0.046 0.000  1.983 0.000
  3.25   4.25 9999.99 0.999 99.99 0.999 9.999 0.999000 99.99 0.999 99.999 0.999 99.999 0.999 99.999 0.999 999.999 0.999 999.999 0.999 999.999 0.999 9.999 0.999 99.999 0.999
  6.25   7.25 9999.99 0.999 99.99 0.999 9.999 0.999000 99.99 0.999 99.999 0.999 99.999 0.999 99.999 0.999 999.999 0.999 999.999 0.999 999.999 0.999 9.999 0.999 99.999 0.999
  9.25  10.25   54.29 0.000  2.00 0.000 9.999 0.259000 99.99 0.259  1.029 0.559  1.622 0.000  2.271 0.000  15.380 0.000   2.748 0.000  12.632 0.000 0.056 0.000  0.938 0.559
 12.25  13.25   24.60 0.000  3.34 0.000 9.999 0.259000  0.21 0.000  0.858 0.559  3.103 0.000  4.345 0.000  18.579 0.000   0.859 0.000  17.720 0.000 0.088 0.000  2.008 0.559
 15.25  16.25   19.01 0.000  3.74 0.000 9.999 0.259000 99.99 0.259  1.114 0.559  1.343 0.000  1.880 0.000  15.286 0.000   2.608 0.000  12.678 0.000 0.052 0.000  1.358 0.559
 18.25  19.25   18.21 0.000  4.50 0.000 9.999 0.259000 99.99 0.259  1.031 0.559  1.279 0.000  1.790 0.000  14.001 0.000   1.465 0.000  12.536 0.000 0.041 0.000  1.410 0.559
 21.25  22.25   22.17 0.000  1.93 0.000 9.999 0.259000 99.99 0.259  0.956 0.559  1.548 0.000  2.167 0.000  13.291 0.000   2.078 0.000  11.213 0.000 0.053 0.000  1.067 0.559
 24.25  25.25   15.14 0.000  1.67 0.000 9.999 0.259000 99.99 0.259  0.766 0.000  0.721 0.000  1.009 0.000   8.467 0.000   2.202 0.000   6.265 0.000 0.030 0.000  0.585 0.000
 27.25  28.25   17.99 0.000  1.66 0.000 9.999 0.259000 99.99 0.259  1.041 0.000  1.315 0.000  1.840 0.000  13.815 0.000   2.349 0.000  11.466 0.000 0.047 0.000  1.141 0.000
 30.25  31.25   18.63 0.000  1.40 0.000 9.999 0.259000 99.99 0.259  0.516 0.000  0.549 0.000  0.769 0.000   7.092 0.000   2.017 0.000   5.075 0.000 0.015 0.000  0.820 0.000
 33.25  34.25   24.87 0.000  3.75 0.000 9.999 0.259000 99.99 0.259  0.578 0.000  1.366 0.000  1.912 0.000  10.770 0.000   2.748 0.000   8.022 0.000 0.048 0.000  0.814 0.000
 36.25  37.25   21.97 0.000  3.17 0.000 9.999 0.259000  0.20 0.000  0.453 0.000  1.984 0.000  2.778 0.000  10.394 0.000   2.962 0.000   7.432 0.000 0.055 0.000  0.778 0.000
 39.25  40.25   28.11 0.000  1.12 0.000 9.999 0.259000  0.55 0.000  0.210 0.000  3.538 0.000  4.953 0.000  16.240 0.000   4.110 0.000  12.130 0.000 0.099 0.000  1.033 0.000
 42.25  43.25   23.81 0.000  2.55 0.000 9.999 0.259000 99.99 0.259  0.934 0.559  2.281 0.000  3.194 0.000  16.881 0.000   3.875 0.000  13.006 0.000 0.064 0.000  1.338 0.559
 45.25  46.25   12.58 0.000 99.99 0.259 9.999 0.259000 99.99 0.259  0.232 0.000  0.623 0.000  0.872 0.000   3.472 0.000   1.245 0.000   2.227 0.000 0.021 0.000  0.304 0.000
 48.25  49.25  128.33 0.000  1.79 0.000 9.999 0.259000 99.99 0.259  0.631 0.000  1.324 0.000  1.853 0.000   9.357 0.000   2.207 0.000   7.150 0.000 0.044 0.000  0.580 0.000
 51.25  52.25   28.21 0.000  3.69 0.000 9.999 0.259000 99.99 0.259  0.489 0.000  0.928 0.000  1.300 0.000   8.570 0.000   2.802 0.000   5.767 0.000 0.033 0.000  0.498 0.000
 54.25  55.25   15.40 0.000  2.21 0.000 9.999 0.259000  0.46 0.000  0.098 0.559  1.534 0.000  2.147 0.000  16.093 0.000   2.439 0.000  13.655 0.000 0.061 0.000  2.350 0.559
 57.25  58.25   38.25 0.000  3.12 0.000 9.999 0.259000  0.17 0.000  0.442 0.000  1.552 0.000  2.173 0.000  11.161 0.000   2.746 0.000   8.415 0.000 0.049 0.000  1.043 0.000
 60.25  61.25 9999.99 0.999 99.99 0.999 9.999 0.999000 99.99 0.999  0.470 0.000  1.846 0.000  2.585 0.000  13.044 0.000 999.999 0.999 999.999 0.999 9.999 0.999  1.340 0.000
 63.25  64.25 9999.99 0.999 99.99 0.999 9.999 0.999000 99.99 0.999 99.999 0.999 99.999 0.999 99.999 0.999 999.999 0.999 999.999 0.999 999.999 0.999 9.999 0.999 99.999 0.999
 66.25  67.25   68.85 0.000  5.20 0.000 9.999 0.259000  0.41 0.000  0.740 0.000  1.615 0.000  2.261 0.000  14.775 0.000   3.760 0.000  11.015 0.000 0.063 0.000  1.047 0.000
 69.25  70.25   22.05 0.000  3.99 0.000 9.999 0.259000  0.55 0.000  0.369 0.000  2.880 0.000  4.032 0.000  12.153 0.000   2.509 0.000   9.643 0.000 0.077 0.000  0.807 0.000
 72.25  73.25   20.36 0.000  1.90 0.000 9.999 0.259000 99.99 0.259  0.220 0.000  0.551 0.000  0.771 0.000   6.393 0.000   2.506 0.000   3.888 0.000 0.020 0.000  0.596 0.000
 75.25  76.25   22.78 0.000  2.92 0.000 9.999 0.259000  0.70 0.000  0.238 0.000  0.596 0.000  0.834 0.000   9.493 0.000   1.076 0.000   8.418 0.000 0.015 0.000  1.655 0.000
 78.25  79.25   23.80 0.000  3.10 0.000 9.999 0.259000  0.68 0.000  0.069 0.000  0.635 0.000  0.890 0.000   5.748 0.000   1.794 0.000   3.955 0.000 0.031 0.000  0.537 0.000
 81.25  82.25   73.05 0.000  6.87 0.000 9.999 0.259000  0.36 0.000  1.289 0.000  2.308 0.000  3.231 0.000  23.953 0.000   7.909 0.000  16.044 0.000 0.093 0.000  1.806 0.000
 84.25  85.25   21.54 0.000  2.22 0.000 9.999 0.259000 99.99 0.259  0.534 0.000  0.833 0.000  1.166 0.000  13.258 0.000   5.245 0.000   8.013 0.000 0.031 0.000  1.008 0.000
 87.25  88.25   41.39 0.000  3.46 0.000 9.999 0.259000  0.98 0.000  0.752 0.000  3.507 0.000  4.910 0.000  18.530 0.000   4.349 0.000  14.182 0.000 0.078 0.000  1.407 0.000
 90.25  91.25   15.68 0.000  1.89 0.000 9.999 0.259000  0.99 0.000  0.292 0.000  0.428 0.000  0.600 0.000   5.793 0.000   1.574 0.000   4.219 0.000 0.016 0.000  0.673 0.000
 93.25  94.25   47.20 0.000  5.87 0.000 9.999 0.259000  0.60 0.000  0.417 0.000  1.837 0.000  2.572 0.000  17.784 0.000   2.530 0.000  15.254 0.000 0.051 0.000  2.535 0.000
 96.25  97.25   36.12 0.000  3.11 0.000 9.999 0.259000  1.80 0.000  0.135 0.000  2.389 0.000  3.345 0.000  18.531 0.000   4.553 0.000  13.978 0.000 0.104 0.000  1.932 0.000
 99.25 100.25   37.01 0.000  3.12 0.000 9.999 0.259000  1.22 0.000  0.234 0.000  2.626 0.000  3.677 0.000  19.289 0.000   6.508 0.000  12.781 0.000 0.153 0.000  1.567 0.000
102.25 103.25  150.68 0.000  2.23 0.000 9.999 0.259000  0.25 0.000  0.223 0.000  1.245 0.000  1.743 0.000  16.849 0.000   7.442 0.000   9.408 0.000 0.101 0.000  0.955 0.000
105.25 106.25   61.54 0.000  2.66 0.000 9.999 0.259000  0.27 0.000  0.208 0.000  0.632 0.000  0.885 0.000   9.921 0.000   3.833 0.000   6.088 0.000 0.042 0.000  0.734 0.000
108.25 109.25  203.41 0.000  3.70 0.000 9.999 0.259000 99.99 0.259  0.278 0.000  1.524 0.000  2.133 0.000  21.461 0.000  12.392 0.000   9.070 0.000 0.124 0.000  0.789 0.000
111.25 112.25  249.62 0.000  3.58 0.000 9.999 0.259000 99.99 0.259  0.228 0.000  2.228 0.000  3.119 0.000  26.498 0.000  12.521 0.000  13.977 0.000 0.173 0.000  1.348 0.000
114.25 115.25   83.08 0.000  2.25 0.000 9.999 0.259000  0.34 0.000  0.151 0.000  1.079 0.000  1.511 0.000  10.422 0.000   4.245 0.000   6.177 0.000 0.059 0.000  0.715 0.000
117.25 118.25   83.70 0.000  5.66 0.000 9.999 0.259000  0.51 0.000  0.180 0.000  2.179 0.000  3.050 0.000  16.387 0.000   6.519 0.000   9.868 0.000 0.078 0.000  1.000 0.000
120.25 121.25   99.44 0.000  3.44 0.000 9.999 0.259000  0.39 0.000  0.202 0.000  2.679 0.000  3.751 0.000  25.115 0.000   6.029 0.000  19.087 0.000 0.090 0.000  2.866 0.000
123.25 124.25  136.04 0.000  3.14 0.000 9.999 0.259000 99.99 0.259  0.188 0.000  2.964 0.000  4.150 0.000  30.019 0.000   9.305 0.000  20.714 0.000 0.090 0.000  2.691 0.000
126.25 127.25   77.63 0.000  2.25 0.000 9.999 0.259000  0.26 0.000  0.144 0.559  2.555 0.000  3.577 0.000  23.355 0.000   5.282 0.000  18.073 0.000 0.059 0.000  2.610 0.559
129.25 130.25  107.77 0.000  2.56 0.000 9.999 0.259000  0.40 0.000  0.212 0.000  2.386 0.000  3.341 0.000  20.139 0.000   4.873 0.000  15.266 0.000 0.082 0.000  2.082 0.000
132.25 133.25   57.41 0.000  3.27 0.000 9.999 0.259000  0.34 0.000  0.098 0.000  1.457 0.000  2.040 0.000  10.288 0.000   3.942 0.000   6.346 0.000 0.058 0.000  0.644 0.000
135.25 136.25  124.97 0.000  3.13 0.000 9.999 0.259000 99.99 0.259  0.165 0.000  3.813 0.000  5.339 0.000  25.669 0.000   7.889 0.000  17.780 0.000 0.095 0.000  1.844 0.000
138.25 139.25   65.42 0.000  3.85 0.000 9.999 0.259000  0.86 0.000  0.130 0.000  2.607 0.000  3.650 0.000  16.798 0.000   4.076 0.000  12.722 0.000 0.081 0.000  1.542 0.000
141.25 142.25   41.68 0.000  3.10 0.000 9.999 0.259000  0.45 0.000  0.124 0.000  1.037 0.000  1.452 0.000  11.339 0.000   5.406 0.000   5.933 0.000 0.029 0.000  0.807 0.000
144.25 145.25   17.16 0.000  2.03 0.000 9.999 0.259000 99.99 0.259  0.115 0.000  1.011 0.000  1.415 0.000   6.798 0.000   3.073 0.000   3.726 0.000 0.022 0.000  0.424 0.000
147.25 148.25   13.38 0.000  2.54 0.000 9.999 0.259000  0.75 0.000  0.082 0.000  1.831 0.000  2.563 0.000  11.696 0.000   2.587 0.000   9.109 0.000 0.027 0.000  1.166 0.000
150.25 151.25   25.96 0.000  2.87 0.000 9.999 0.259000  0.69 0.000  0.136 0.000  1.938 0.000  2.713 0.000  13.642 0.000   2.578 0.000  11.064 0.000 0.034 0.000  1.529 0.000
153.25 154.25    9.83 0.000  2.03 0.000 9.999 0.259000  1.14 0.000  0.072 0.000  0.905 0.000  1.267 0.000   7.931 0.000   2.841 0.000   5.091 0.000 0.032 0.000  0.658 0.000
156.25 157.25   33.36 0.000  1.72 0.000 9.999 0.259000  0.30 0.000  0.100 0.000  1.757 0.000  2.461 0.000  12.144 0.000   4.606 0.000   7.538 0.000 0.048 0.000  0.826 0.000
159.25 160.25   34.08 0.000  4.61 0.000 9.999 0.259000  0.37 0.000  0.074 0.000  2.080 0.000  2.912 0.000  19.408 0.000   3.094 0.000  16.314 0.000 0.032 0.000  2.638 0.000
162.25 163.25   32.41 0.000  2.15 0.000 9.999 0.259000 99.99 0.259  0.078 0.000  3.480 0.000  4.872 0.000  30.303 0.000   5.130 0.000  25.173 0.000 0.059 0.000  3.873 0.000
165.25 166.25   91.05 0.000  0.86 0.000 9.999 0.259000  0.26 0.000  0.169 0.000  1.615 0.000  2.261 0.000  17.215 0.000   6.396 0.000  10.819 0.000 0.076 0.000  1.307 0.000
168.25 169.25   21.87 0.000  2.23 0.000 9.999 0.259000 99.99 0.259  0.034 0.000  1.664 0.000  2.330 0.000  11.550 0.000   3.952 0.000   7.597 0.000 0.033 0.000  0.833 0.000
171.25 172.25   39.16 0.000  1.69 0.000 9.999 0.259000  0.21 0.000  0.150 0.000  3.016 0.000  4.223 0.000  24.306 0.000   4.430 0.000  19.875 0.000 0.087 0.000  2.765 0.000
174.25 175.25   20.63 0.000  2.00 0.000 9.999 0.259000  0.21 0.000  0.053 0.000  1.701 0.000  2.382 0.000  15.643 0.000   2.055 0.000  13.588 0.000 0.039 0.000  2.201 0.000
177.25 178.25   20.12 0.000  1.26 0.000 9.999 0.259000 99.99 0.259  0.089 0.000  2.493 0.000  3.491 0.000  20.106 0.000   3.131 0.000  16.975 0.000 0.053 0.000  2.662 0.000
180.25 181.25   93.02 0.000  1.79 0.000 9.999 0.259000  0.25 0.000  0.113 0.000  1.444 0.000  2.021 0.000  14.547 0.000   5.228 0.000   9.319 0.000 0.067 0.000  1.094 0.000
183.25 184.25   72.10 0.000  3.02 0.000 9.999 0.259000  0.14 0.000  0.071 0.000  2.298 0.000  3.217 0.000  27.579 0.000   5.669 0.000  21.911 0.000 0.082 0.000  3.756 0.000
186.25 187.25 9999.99 0.999 99.99 0.999 9.999 0.999000 99.99 0.999 99.999 0.999 99.999 0.999 99.999 0.999 999.999 0.999 999.999 0.999 999.999 0.999 9.999 0.999 99.999 0.999
189.25 190.25   69.33 0.000  1.26 0.000 9.999 0.259000 99.99 0.259  0.097 0.000  1.995 0.000  2.793 0.000  17.235 0.000   3.286 0.000  13.949 0.000 0.051 0.000  1.627 0.000
192.25 193.25   28.34 0.000  1.96 0.000 9.999 0.259000  0.18 0.000  0.055 0.000  1.477 0.000  2.068 0.000  10.292 0.000   2.811 0.000   7.481 0.000 0.033 0.000  0.822 0.000
195.25 196.25   16.51 0.000  2.03 0.000 9.999 0.259000 99.99 0.259  0.038 0.000  1.768 0.000  2.475 0.000  10.577 0.000   2.112 0.000   8.464 0.000 0.032 0.000  0.924 0.000
198.25 199.25   32.28 0.000  1.65 0.000 9.999 0.259000  0.39 0.000  0.098 0.000  4.609 0.000  6.453 0.000  32.870 0.000   2.426 0.000  30.444 0.000 0.051 0.000  4.316 0.000
201.25 202.25   38.05 0.000  1.17 0.000 9.999 0.259000  0.34 0.000  0.074 0.000  1.902 0.000  2.663 0.000  25.962 0.000   1.842 0.000  24.119 0.000 0.043 0.000  4.356 0.000
204.25 205.25   38.39 0.000  1.75 0.000 9.999 0.259000 99.99 0.259  0.080 0.000  2.186 0.000  3.061 0.000  33.620 0.000   1.316 0.000  32.304 0.000 0.034 0.000  5.582 0.000
207.25 208.25   32.72 0.000  4.01 0.000 9.999 0.259000 99.99 0.259  0.102 0.000  1.668 0.000  2.336 0.000  26.282 0.000  10.038 0.000  16.244 0.000 0.042 0.000  2.740 0.000
210.25 211.25   16.34 0.000  1.36 0.000 9.999 0.259000 99.99 0.259  0.056 0.000  1.607 0.000  2.250 0.000  23.932 0.000   4.397 0.000  19.535 0.000 0.031 0.000  3.494 0.000
213.25 214.25   51.28 0.000  2.52 0.000 9.999 0.259000 99.99 0.259  0.074 0.000  3.500 0.000  4.900 0.000  39.847 0.000   4.543 0.000  35.303 0.000 0.032 0.000  6.309 0.000
216.25 217.25   24.12 0.000  2.46 0.000 9.999 0.259000 99.99 0.259  0.036 0.000  2.428 0.000  3.399 0.000  28.886 0.000   4.718 0.000  24.168 0.000 0.040 0.000  4.135 0.000
219.25 220.25   36.84 0.000  1.10 0.000 9.999 0.259000  0.31 0.000  0.065 0.000  1.994 0.000  2.791 0.000  21.054 0.000   3.723 0.000  17.331 0.000 0.039 0.000  2.816 0.000
222.25 223.25   32.19 0.000  1.04 0.000 9.999 0.259000  0.24 0.000  0.149 0.000  1.670 0.000  2.338 0.000  15.322 0.000   4.633 0.000  10.688 0.000 0.046 0.000  1.587 0.000
225.25 226.25   44.11 0.000  3.13 0.000 9.999 0.259000 99.99 0.259  0.086 0.000  2.798 0.000  3.917 0.000  25.168 0.000   5.452 0.000  19.716 0.000 0.059 0.000  3.003 0.000
228.25 229.25   49.06 0.000  2.23 0.000 9.999 0.259000  0.73 0.000  0.077 0.000  2.525 0.000  3.535 0.000  16.563 0.000   0.585 0.000  15.978 0.000 0.031 0.000  2.337 0.000
231.25 232.25   12.41 0.000  2.16 0.000 9.999 0.259000 99.99 0.259  0.084 0.000  1.611 0.000  2.255 0.000   8.281 0.000 999.999 0.259   8.717 0.000 0.019 0.000  1.197 0.000
234.25 235.25   77.66 0.000  1.71 0.000 9.999 0.259000  0.35 0.000  0.101 0.000  4.130 0.000  5.782 0.000  19.161 0.000   0.312 0.000  18.849 0.000 0.070 0.000  2.408 0.000
237.25 238.25   43.36 0.394  2.57 0.394 9.999 0.394259  0.44 0.394  0.081 0.394  5.372 0.000  7.521 0.000  25.452 0.000   0.138 0.000  25.314 0.000 0.085 0.394  3.331 0.394
240.25 241.25   36.44 0.000  2.17 0.000 9.999 0.259000 99.99 0.259  0.324 0.000  3.732 0.000  5.224 0.000  18.197 0.000   3.013 0.000  15.184 0.000 0.067 0.000  1.799 0.000
243.25 244.25   25.37 0.000  1.41 0.000 9.999 0.259000 99.99 0.259  0.119 0.000  2.082 0.000  2.915 0.000  12.744 0.000   2.209 0.000  10.534 0.000 0.040 0.000  1.539 0.000
246.25 247.25   40.36 0.000  1.29 0.000 9.999 0.259000 99.99 0.259  0.038 0.000  1.989 0.000  2.785 0.000  11.609 0.000   2.963 0.000   8.646 0.000 0.049 0.000  1.201 0.000
249.25 250.25   18.78 0.000  0.98 0.000 9.999 0.259000 99.99 0.259  0.060 0.000  3.398 0.000  4.757 0.000  21.130 0.000   0.974 0.000  20.157 0.000 0.040 0.000  3.154 0.000
252.25 253.25   16.44 0.000  1.76 0.000 9.999 0.259000  0.09 0.000  0.051 0.000  1.120 0.000  1.568 0.000   8.356 0.000   2.059 0.000   6.297 0.000 0.029 0.000  0.909 0.000
255.25 256.25   45.28 0.000  1.40 0.000 9.999 0.259000 99.99 0.259  0.056 0.000  2.723 0.000  3.813 0.000  18.892 0.000   0.245 0.000  18.647 0.000 0.057 0.000  3.152 0.000
258.25 259.25   16.12 0.000  2.23 0.000 9.999 0.259000 99.99 0.259  0.026 0.000  1.566 0.000  2.192 0.000   7.167 0.000   0.312 0.000   6.856 0.000 0.045 0.000  0.877 0.000
261.25 262.25   25.70 0.000  2.30 0.000 9.999 0.259000 99.99 0.259  0.145 0.000  2.183 0.000  3.055 0.000  13.180 0.000   0.151 0.000  13.028 0.000 0.033 0.000  1.964 0.000
264.25 265.25   19.50 0.000  2.82 0.000 9.999 0.259000 99.99 0.259  0.125 0.000  2.782 0.000  3.895 0.000  10.844 0.000   0.662 0.000  10.181 0.000 0.066 0.000  1.182 0.000
267.25 268.25   15.39 0.000  1.32 0.000 9.999 0.259000 99.99 0.259  0.053 0.000  0.439 0.000  0.614 0.000   3.848 0.000   1.131 0.000   2.717 0.000 0.027 0.000  0.360 0.000
270.25 271.25   20.22 0.000  2.99 0.000 9.999 0.259000 99.99 0.259  0.085 0.000  0.986 0.000  1.381 0.000   6.646 0.000   0.731 0.000   5.915 0.000 0.023 0.000  0.894 0.000
273.25 274.25   25.14 0.000  6.67 0.000 9.999 0.259000  0.16 0.000  0.079 0.000  2.082 0.000  2.915 0.000   8.690 0.000   0.024 0.000   8.666 0.000 0.068 0.000  0.945 0.000
