scripts/IMPROVE-2019_partial/data/US1810R.19990102060000.20191216000000.filterpack...1y.3d.US03L_filterpack_US1810.US03L_IMPROVE_Davis.lev2.nas
51 1001
MISSING INFORMATION
US03L, IMPROVE, , , , , , , 
MISSING INFORMATION
IMPROVE sel_HTAP
1 1
1999 01 01 2019 12 16
0
days from file reference point
4
1 1 1 1
999.99 999.999 999.999 9.999
end_time of measurement, days from the file reference point
pm10_mass, ug/m3, Matrix=pm10
pm25_mass, ug/m3, Matrix=pm25
numflag, no unit
0
33
Data definition:              EBAS_1.1
Set type code:                TI
Timezone:                     UTC
File name:                    US1810R.19990102060000.20191216000000.filterpack...1y.3d.US03L_filterpack_US1810.US03L_IMPROVE_Davis.lev2.nas
File creation:                20191218120334
Startdate:                    19990102060000
Revision date:                20191216000000
Version:                      2
Version description:          "Data extracted from http://views.cira.colostate.edu/fed/DataWizard 2019-12-16"
Statistics:                   arithmetic mean
Data level:                   2
Period code:                  1y
Resolution code:              3d
Sample duration:              1d
Orig. time res.:              3d
Station code:                 US1810R
Platform code:                US1810S
Station name:                 Mammoth Cave National Park-Houchin Meadow
Station latitude:             37.1317
Station longitude:            -86.148
Station altitude:             236.0 m
Regime:                       IMG
Component:                    
Unit:                         ug/m3
Matrix:                       
Laboratory code:              US03L
Instrument type:              filterpack
Instrument name:              filterpack_US1810
Method ref:                   US03L_IMPROVE_Davis
Blank correction:             Blank corrected
Volume std. temperature:      ambient
Volume std. pressure:         ambient
starttime endtime PM10 PM2.5 flag
  1.25   2.25  12.194  10.087 0.000
  5.25   6.25   8.962   8.261 0.000
  8.25   9.25  13.966   8.808 0.000
 12.25  13.25  11.096   7.305 0.000
 15.25  16.25  10.708   7.215 0.000
 19.25  20.25  15.984  12.182 0.000
 22.25  23.25   9.854   4.237 0.000
 26.25  27.25  18.531  14.580 0.000
 29.25  30.25  14.836  14.100 0.000
 33.25  34.25   7.254   6.509 0.000
 36.25  37.25  14.447  11.652 0.000
 40.25  41.25  11.146  11.187 0.000
 43.25  44.25   7.604   4.184 0.000
 47.25  48.25  11.741  10.711 0.000
 50.25  51.25  14.569  13.799 0.000
 54.25  55.25  15.464  12.220 0.000
 57.25  58.25  13.853  11.803 0.000
 61.25  62.25  10.152   5.650 0.000
 64.25  65.25  14.136  10.402 0.000
 68.25  69.25  24.412  18.185 0.000
 71.25  72.25 999.999   8.895 0.000
 75.25  76.25 999.999 999.999 0.999
 78.25  79.25  14.844  13.477 0.000
 82.25  83.25  18.005  15.521 0.000
 85.25  86.25  20.506  12.386 0.000
 89.25  90.25 999.999  20.366 0.000
 92.25  93.25  25.451  18.870 0.000
 96.25  97.25   8.284   5.978 0.000
 99.25 100.25  22.802  12.160 0.000
103.25 104.25  14.283  10.008 0.000
106.25 107.25   7.381   4.881 0.000
110.25 111.25  17.039   9.875 0.000
113.25 114.25   9.957   7.831 0.000
117.25 118.25  12.325   8.659 0.000
120.25 121.25  13.558   8.929 0.000
124.25 125.25  21.706  15.066 0.000
127.25 128.25  14.325   7.798 0.000
131.25 132.25  25.931  24.014 0.000
134.25 135.25  32.100  28.011 0.000
138.25 139.25  11.635   7.592 0.000
141.25 142.25  22.266  15.485 0.000
145.25 146.25  15.052   8.739 0.000
148.25 149.25  27.998  20.306 0.000
152.25 153.25  16.143  11.438 0.000
155.25 156.25  12.059   9.582 0.000
159.25 160.25  39.958  34.489 0.000
162.25 163.25  28.323  25.831 0.000
166.25 167.25  19.125  15.390 0.000
169.25 170.25  25.894  22.340 0.000
173.25 174.25  28.258  23.952 0.000
176.25 177.25  23.641  14.273 0.000
180.25 181.25  29.732  21.608 0.000
183.25 184.25  34.984  19.134 0.000
187.25 188.25  23.932  16.869 0.000
190.25 191.25  21.505  15.675 0.000
194.25 195.25 999.999 999.999 0.999
197.25 198.25  33.154  27.690 0.000
201.25 202.25  24.306  17.390 0.000
204.25 205.25  33.341  28.096 0.000
208.25 209.25  25.874  19.083 0.000
211.25 212.25  28.114 999.999 0.000
215.25 216.25  24.363  18.196 0.000
218.25 219.25  31.806  23.197 0.000
222.25 223.25  29.047  20.104 0.000
225.25 226.25  11.350   6.536 0.000
229.25 230.25  28.840  18.567 0.000
232.25 233.25  17.114  10.402 0.000
236.25 237.25  23.521  17.171 0.000
239.25 240.25  27.931  22.045 0.000
243.25 244.25  31.117  21.300 0.000
246.25 247.25  30.017  22.315 0.000
250.25 251.25  19.721  11.426 0.000
253.25 254.25  22.138   9.586 0.000
257.25 258.25  14.273   6.591 0.000
260.25 261.25  15.801   8.852 0.000
264.25 265.25   8.556   4.492 0.000
267.25 268.25  22.752  14.809 0.000
271.25 272.25   9.515   6.709 0.000
274.25 275.25  19.390  13.002 0.000
278.25 279.25  17.342  11.673 0.000
281.25 282.25  10.105   8.606 0.000
285.25 286.25  28.929  17.950 0.000
288.25 289.25  28.480  21.631 0.000
292.25 293.25  15.215   9.010 0.000
295.25 296.25  11.395   3.073 0.000
299.25 300.25  30.198  16.655 0.000
302.25 303.25  39.700  24.627 0.000
306.25 307.25  12.640   3.785 0.000
309.25 310.25  25.398  15.349 0.000
313.25 314.25  29.785  21.970 0.000
316.25 317.25  38.889  27.437 0.000
320.25 321.25  12.086   5.461 0.000
323.25 324.25  12.857   9.942 0.000
327.25 328.25   7.788   5.497 0.000
330.25 331.25  10.282   7.241 0.000
334.25 335.25   5.428   4.753 0.000
337.25 338.25  15.140   8.086 0.000
341.25 342.25  11.508   8.418 0.000
344.25 345.25 999.999 999.999 0.999
348.25 349.25   8.633   5.837 0.000
351.25 352.25  14.162   9.947 0.000
355.25 356.25   8.193   5.141 0.000
358.25 359.25   9.405   7.760 0.000
362.25 363.25  12.619   8.847 0.000
