scripts/IMPROVE-2019_partial/data/US1810R.19920101060000.20191216000000.filterpack...1y.3d.US03L_filterpack_US1810.US03L_IMPROVE_Davis.lev2.nas
52 1001
MISSING INFORMATION
US03L, IMPROVE, , , , , , , 
MISSING INFORMATION
IMPROVE sel_HTAP
1 1
1992 01 01 2019 12 16
0
days from file reference point
5
1 1 1 1 1
999.99 999.999 9.999 999.999 9.999
end_time of measurement, days from the file reference point
pm10_mass, ug/m3, Matrix=pm10
numflag pm10_mass, no unit, Matrix=pm10
pm25_mass, ug/m3, Matrix=pm25
numflag pm25_mass, no unit, Matrix=pm25
0
33
Data definition:              EBAS_1.1
Set type code:                TI
Timezone:                     UTC
File name:                    US1810R.19920101060000.20191216000000.filterpack...1y.3d.US03L_filterpack_US1810.US03L_IMPROVE_Davis.lev2.nas
File creation:                20191218120334
Startdate:                    19920101060000
Revision date:                20191216000000
Version:                      2
Version description:          "Data extracted from http://views.cira.colostate.edu/fed/DataWizard 2019-12-16"
Statistics:                   arithmetic mean
Data level:                   2
Period code:                  1y
Resolution code:              3d
Sample duration:              1d
Orig. time res.:              3d
Station code:                 US1810R
Platform code:                US1810S
Station name:                 Mammoth Cave National Park-Houchin Meadow
Station latitude:             37.1317
Station longitude:            -86.148
Station altitude:             236.0 m
Regime:                       IMG
Component:                    
Unit:                         ug/m3
Matrix:                       
Laboratory code:              US03L
Instrument type:              filterpack
Instrument name:              filterpack_US1810
Method ref:                   US03L_IMPROVE_Davis
Blank correction:             Blank corrected
Volume std. temperature:      ambient
Volume std. pressure:         ambient
starttime endtime PM10 flag_PM10 PM2.5 flag_PM2.5
  0.25   1.25  14.693 0.000  14.528 0.559
  3.25   4.25  15.090 0.000  13.899 0.559
  7.25   8.25 999.999 0.999  18.682 0.559
 10.25  11.25 999.999 0.999   9.673 0.559
 14.25  15.25  11.841 0.000   7.460 0.559
 17.25  18.25   8.205 0.000   4.469 0.559
 21.25  22.25  11.491 0.000   9.870 0.559
 24.25  25.25   9.855 0.000   6.783 0.559
 28.25  29.25 999.999 0.999  19.314 0.559
 31.25  32.25   9.570 0.000   8.196 0.559
 35.25  36.25   8.489 0.000   7.070 0.559
 38.25  39.25  17.007 0.000   7.987 0.559
 42.25  43.25 999.999 0.999  15.237 0.559
 45.25  46.25   8.050 0.000   6.892 0.559
 49.25  50.25  11.769 0.000   6.656 0.559
 52.25  53.25 999.999 0.999 999.999 0.999
 56.25  57.25 999.999 0.999 999.999 0.999
 59.25  60.25 999.999 0.999   5.204 0.000
 63.25  64.25  14.197 0.000  12.611 0.000
 66.25  67.25  11.314 0.000   8.854 0.000
 70.25  71.25   7.184 0.000   5.486 0.000
 73.25  74.25  13.574 0.000  12.104 0.000
 77.25  78.25   9.152 0.000   9.071 0.000
 80.25  81.25  12.464 0.000 999.999 0.999
 84.25  85.25  17.870 0.000  16.859 0.000
 87.25  88.25  13.682 0.000  12.290 0.000
 91.25  92.25   9.928 0.000   8.370 0.000
 94.25  95.25  17.174 0.000  12.187 0.000
 98.25  99.25  26.078 0.000  24.537 0.000
101.25 102.25  23.993 0.000  22.173 0.000
105.25 106.25  26.348 0.000  21.903 0.000
108.25 109.25  19.326 0.000  14.149 0.000
112.25 113.25   6.691 0.000   4.691 0.000
115.25 116.25  11.403 0.000 999.999 0.999
119.25 120.25  17.004 0.000  15.673 0.000
122.25 123.25  21.444 0.000  15.975 0.000
126.25 127.25  18.451 0.000  12.866 0.000
129.25 130.25  25.246 0.000  19.076 0.000
133.25 134.25  18.893 0.000  13.476 0.000
136.25 137.25  23.114 0.000  22.068 0.000
140.25 141.25  20.318 0.000  16.189 0.000
143.25 144.25  28.065 0.000  22.147 0.000
147.25 148.25  17.260 0.000  15.714 0.000
150.25 151.25  13.986 0.000  12.280 0.000
154.25 155.25  28.415 0.000  24.543 0.000
157.25 158.25  36.655 0.000  33.777 0.000
161.25 162.25  31.922 0.000  23.731 0.000
164.25 165.25  13.737 0.000  10.152 0.000
168.25 169.25  40.356 0.000  37.174 0.000
171.25 172.25  19.964 0.000  17.052 0.000
175.25 176.25  23.134 0.000  17.892 0.000
178.25 179.25  18.028 0.000  11.957 0.000
182.25 183.25  14.331 0.000  11.145 0.000
185.25 186.25   9.859 0.000   6.455 0.000
189.25 190.25  61.224 0.000  36.906 0.000
192.25 193.25  37.413 0.000  24.576 0.000
196.25 197.25  15.086 0.000  12.462 0.000
199.25 200.25  14.704 0.000  11.114 0.000
203.25 204.25 999.999 0.999  13.000 0.000
206.25 207.25 999.999 0.999  13.742 0.000
210.25 211.25  33.811 0.000  28.563 0.000
213.25 214.25  15.142 0.000  11.738 0.000
217.25 218.25  18.169 0.000  13.049 0.000
220.25 221.25  26.268 0.000  23.662 0.000
224.25 225.25  14.610 0.000  11.250 0.000
227.25 228.25  28.298 0.000  25.884 0.000
231.25 232.25  38.693 0.000  35.901 0.000
234.25 235.25  18.304 0.000  14.697 0.000
238.25 239.25  23.007 0.000  16.585 0.000
241.25 242.25  10.874 0.000   7.855 0.000
245.25 246.25  24.599 0.000  20.781 0.000
248.25 249.25  18.118 0.000  11.329 0.000
252.25 253.25  21.608 0.000  19.360 0.000
255.25 256.25  16.028 0.000  14.390 0.000
259.25 260.25  30.246 0.000  24.878 0.000
262.25 263.25  17.077 0.000  11.494 0.000
266.25 267.25   8.541 0.000   4.465 0.000
269.25 270.25  12.811 0.000   9.205 0.000
273.25 274.25   7.447 0.000   5.000 0.000
276.25 277.25  26.763 0.000  24.259 0.000
280.25 281.25  10.679 0.000   9.848 0.000
283.25 284.25  12.893 0.000   8.845 0.000
287.25 288.25  22.428 0.000  16.542 0.000
290.25 291.25   7.778 0.000   7.112 0.000
294.25 295.25  24.205 0.000  20.031 0.000
297.25 298.25  33.004 0.000  25.710 0.000
301.25 302.25  21.690 0.000  17.046 0.000
304.25 305.25  18.345 0.000  15.767 0.000
308.25 309.25 999.999 0.999   6.080 0.000
311.25 312.25 999.999 0.999   8.827 0.000
315.25 316.25  12.036 0.000  10.000 0.000
318.25 319.25   5.679 0.000   4.768 0.000
322.25 323.25  18.736 0.000  13.077 0.000
325.25 326.25  10.072 0.000   5.423 0.000
329.25 330.25   9.222 0.000   7.930 0.000
332.25 333.25 999.999 0.999  13.408 0.000
336.25 337.25   7.993 0.000   6.399 0.000
339.25 340.25   8.175 0.000   4.888 0.000
343.25 344.25 999.999 0.999  12.926 0.000
346.25 347.25   9.928 0.000   9.619 0.000
350.25 351.25   6.241 0.000   4.543 0.000
353.25 354.25 999.999 0.999  14.142 0.000
357.25 358.25  14.028 0.000  10.159 0.000
360.25 361.25   7.634 0.000   4.389 0.000
364.25 365.25  14.137 0.000  13.429 0.000
