scripts/IMPROVE-2019_partial/data/US1810R.20100102060000.20191216000000.filterpack...52w.3d.US03L_filterpack_US1810.US03L_IMPROVE_Davis.lev2.nas
51 1001
MISSING INFORMATION
US03L, IMPROVE, , , , , , , 
MISSING INFORMATION
IMPROVE sel_HTAP
1 1
2010 01 01 2019 12 16
3.00
days from file reference point
4
1 1 1 1
999.99 999.999 999.999 9.999
end_time of measurement, days from the file reference point
pm10_mass, ug/m3, Matrix=pm10
pm25_mass, ug/m3, Matrix=pm25
numflag, no unit
0
33
Data definition:              EBAS_1.1
Set type code:                TU
Timezone:                     UTC
File name:                    US1810R.20100102060000.20191216000000.filterpack...52w.3d.US03L_filterpack_US1810.US03L_IMPROVE_Davis.lev2.nas
File creation:                20191218120336
Startdate:                    20100102060000
Revision date:                20191216000000
Version:                      2
Version description:          "Data extracted from http://views.cira.colostate.edu/fed/DataWizard 2019-12-16"
Statistics:                   arithmetic mean
Data level:                   2
Period code:                  52w
Resolution code:              3d
Sample duration:              1d
Orig. time res.:              3d
Station code:                 US1810R
Platform code:                US1810S
Station name:                 Mammoth Cave National Park-Houchin Meadow
Station latitude:             37.1317
Station longitude:            -86.148
Station altitude:             236.0 m
Regime:                       IMG
Component:                    
Unit:                         ug/m3
Matrix:                       
Laboratory code:              US03L
Instrument type:              filterpack
Instrument name:              filterpack_US1810
Method ref:                   US03L_IMPROVE_Davis
Blank correction:             Blank corrected
Volume std. temperature:      ambient
Volume std. pressure:         ambient
starttime endtime PM10 PM2.5 flag
  1.25   2.25   6.056   6.085 0.000
  4.25   5.25  14.871  10.867 0.000
  7.25   8.25  11.487   8.414 0.000
 10.25  11.25  14.850  12.434 0.000
 13.25  14.25  14.661  11.316 0.000
 16.25  17.25  10.052   9.024 0.000
 19.25  20.25   9.235   7.768 0.000
 22.25  23.25   8.246   6.001 0.000
 25.25  26.25   8.811   6.001 0.000
 28.25  29.25  10.536   8.716 0.000
 31.25  32.25  13.785  12.251 0.000
 34.25  35.25  13.630  12.140 0.000
 37.25  38.25   8.071   7.190 0.000
 40.25  41.25   6.980   6.313 0.000
 43.25  44.25  15.185  13.579 0.000
 46.25  47.25   7.629   6.565 0.000
 49.25  50.25   9.417   7.831 0.000
 52.25  53.25  16.187  14.864 0.000
 55.25  56.25   9.565   8.049 0.000
 58.25  59.25   8.698   5.580 0.000
 61.25  62.25  11.220   9.102 0.000
 64.25  65.25 999.999 999.999 0.999
 67.25  68.25 999.999 999.999 0.999
 70.25  71.25   5.994   4.411 0.000
 73.25  74.25   5.784   4.357 0.000
 76.25  77.25   9.712   7.003 0.000
 79.25  80.25  16.261  13.326 0.000
 82.25  83.25  14.866  12.496 0.000
 85.25  86.25   6.975   5.338 0.000
 88.25  89.25  12.009   9.424 0.000
 91.25  92.25  20.363  13.035 0.000
 94.25  95.25  17.145  11.162 0.000
 97.25  98.25   7.363   4.020 0.000
100.25 101.25  11.455   7.436 0.000
103.25 104.25  24.149  15.337 0.000
106.25 107.25  12.625   5.399 0.000
109.25 110.25  13.537   8.330 0.000
112.25 113.25  18.418  11.870 0.000
115.25 116.25  10.856   7.731 0.000
118.25 119.25  11.502   7.293 0.000
121.25 122.25   6.204   3.476 0.000
124.25 125.25  14.790   8.016 0.000
127.25 128.25   8.969   3.882 0.000
130.25 131.25  18.353  12.659 0.000
133.25 134.25  21.367  16.193 0.000
136.25 137.25  13.625   8.856 0.000
139.25 140.25  13.297   9.413 0.000
142.25 143.25 999.999 999.999 0.999
145.25 146.25  13.156   8.546 0.000
148.25 149.25  16.133  12.508 0.000
151.25 152.25  16.208  12.467 0.000
154.25 155.25  16.059   8.720 0.000
157.25 158.25  12.364   7.116 0.000
160.25 161.25  17.122   9.713 0.000
163.25 164.25  17.300  12.155 0.000
166.25 167.25 999.999 999.999 0.999
169.25 170.25 999.999 999.999 0.999
172.25 173.25 999.999 999.999 0.999
175.25 176.25  16.800  11.191 0.000
178.25 179.25  11.842   7.543 0.000
181.25 182.25  11.271   6.719 0.000
184.25 185.25  23.437  18.035 0.000
187.25 188.25  21.788  13.306 0.000
190.25 191.25  15.357   8.995 0.000
193.25 194.25  10.625   5.285 0.000
196.25 197.25  18.512  11.451 0.000
199.25 200.25  14.599   7.925 0.000
202.25 203.25  16.628   9.271 0.000
205.25 206.25  28.342  16.722 0.000
208.25 209.25  16.908   7.864 0.000
211.25 212.25  21.029  13.519 0.000
214.25 215.25  25.972  17.069 0.000
217.25 218.25  20.187  12.367 0.000
220.25 221.25  21.873  17.389 0.000
223.25 224.25  18.850  11.229 0.000
226.25 227.25 999.999 999.999 0.999
229.25 230.25  10.894   6.146 0.000
232.25 233.25  11.141   6.382 0.000
235.25 236.25  13.894   9.557 0.000
238.25 239.25  12.915   8.396 0.000
241.25 242.25  16.810  12.340 0.000
244.25 245.25  19.496  12.392 0.000
247.25 248.25   7.303   3.526 0.000
250.25 251.25  14.302   6.678 0.000
253.25 254.25  18.207  10.134 0.000
256.25 257.25  12.201   7.132 0.000
259.25 260.25   9.473   5.453 0.000
262.25 263.25  16.346  11.224 0.000
265.25 266.25  23.757  15.791 0.000
268.25 269.25  10.348   4.214 0.000
271.25 272.25  12.084   8.960 0.000
274.25 275.25   7.989   3.770 0.000
277.25 278.25   6.566   3.762 0.000
280.25 281.25  15.614   7.317 0.000
283.25 284.25  22.411  13.797 0.000
286.25 287.25  10.299   4.817 0.000
289.25 290.25  18.659   8.508 0.000
292.25 293.25  17.508   7.542 0.000
295.25 296.25  13.239   5.638 0.000
298.25 299.25  10.389   3.993 0.000
301.25 302.25   9.790   5.688 0.000
304.25 305.25   8.918   5.617 0.000
307.25 308.25  15.877   7.207 0.000
310.25 311.25  10.106   5.014 0.000
313.25 314.25  13.602  10.230 0.000
316.25 317.25  18.640  13.361 0.000
319.25 320.25   6.698   5.499 0.000
322.25 323.25  11.146   8.820 0.000
325.25 326.25  12.451   6.608 0.000
328.25 329.25   7.559   4.703 0.000
331.25 332.25   8.380   5.784 0.000
334.25 335.25  10.216   6.840 0.000
337.25 338.25  12.728   9.629 0.000
340.25 341.25  11.594   8.087 0.000
343.25 344.25  15.716  10.742 0.000
346.25 347.25  11.771   5.610 0.000
349.25 350.25   8.602   7.365 0.000
352.25 353.25  12.421   9.882 0.000
355.25 356.25  16.337  13.128 0.000
358.25 359.25   7.808   6.790 0.000
361.25 362.25  12.090   8.788 0.000
364.25 365.25  13.508   9.571 0.000
