scripts/IMPROVE-2019_partial/data/US1810R.20160101060000.20191216000000.filterpack...52w.3d.US03L_filterpack_US1810.US03L_IMPROVE_Davis.lev2.nas
51 1001
MISSING INFORMATION
US03L, IMPROVE, , , , , , , 
MISSING INFORMATION
IMPROVE sel_HTAP
1 1
2016 01 01 2019 12 16
3.00
days from file reference point
4
1 1 1 1
999.99 999.999 999.999 9.999
end_time of measurement, days from the file reference point
pm10_mass, ug/m3, Matrix=pm10
pm25_mass, ug/m3, Matrix=pm25
numflag, no unit
0
33
Data definition:              EBAS_1.1
Set type code:                TU
Timezone:                     UTC
File name:                    US1810R.20160101060000.20191216000000.filterpack...52w.3d.US03L_filterpack_US1810.US03L_IMPROVE_Davis.lev2.nas
File creation:                20191218120337
Startdate:                    20160101060000
Revision date:                20191216000000
Version:                      2
Version description:          "Data extracted from http://views.cira.colostate.edu/fed/DataWizard 2019-12-16"
Statistics:                   arithmetic mean
Data level:                   2
Period code:                  52w
Resolution code:              3d
Sample duration:              1d
Orig. time res.:              3d
Station code:                 US1810R
Platform code:                US1810S
Station name:                 Mammoth Cave National Park-Houchin Meadow
Station latitude:             37.1317
Station longitude:            -86.148
Station altitude:             236.0 m
Regime:                       IMG
Component:                    
Unit:                         ug/m3
Matrix:                       
Laboratory code:              US03L
Instrument type:              filterpack
Instrument name:              filterpack_US1810
Method ref:                   US03L_IMPROVE_Davis
Blank correction:             Blank corrected
Volume std. temperature:      ambient
Volume std. pressure:         ambient
starttime endtime PM10 PM2.5 flag
  0.25   1.25   7.179   5.731 0.000
  3.25   4.25   3.825   2.638 0.000
  6.25   7.25   5.841   3.717 0.000
  9.25  10.25   5.885   4.230 0.000
 12.25  13.25   6.334   4.032 0.000
 15.25  16.25  17.370  15.054 0.000
 18.25  19.25   6.512   4.426 0.000
 21.25  22.25   9.098   8.190 0.000
 24.25  25.25   5.929   4.606 0.000
 27.25  28.25   8.971   5.862 0.000
 30.25  31.25   7.236   3.910 0.000
 33.25  34.25   6.956   3.580 0.000
 36.25  37.25   8.686   6.699 0.000
 39.25  40.25   8.517   5.131 0.000
 42.25  43.25   8.882   6.781 0.000
 45.25  46.25   7.816   7.099 0.000
 48.25  49.25   7.287   5.507 0.000
 51.25  52.25  10.172   7.815 0.000
 54.25  55.25   2.206   1.390 0.000
 57.25  58.25   9.426   5.941 0.000
 60.25  61.25   8.240   5.273 0.000
 63.25  64.25   8.164   5.521 0.000
 66.25  67.25   9.112   5.977 0.000
 69.25  70.25  10.218   6.808 0.000
 72.25  73.25   4.259   2.617 0.000
 75.25  76.25   6.514   2.489 0.000
 78.25  79.25   4.455   3.457 0.000
 81.25  82.25   9.851   6.659 0.000
 84.25  85.25   4.309   3.028 0.000
 87.25  88.25   3.794   3.169 0.000
 90.25  91.25   5.809   4.142 0.000
 93.25  94.25   4.941   2.524 0.000
 96.25  97.25   7.602   4.966 0.000
 99.25 100.25   3.780   2.695 0.000
102.25 103.25   6.191   3.420 0.000
105.25 106.25  11.977   8.136 0.000
108.25 109.25  12.250   6.752 0.000
111.25 112.25  13.232   6.870 0.000
114.25 115.25   8.250   5.708 0.000
117.25 118.25   8.233   4.320 0.000
120.25 121.25   7.776   5.087 0.000
123.25 124.25   8.436   5.541 0.000
126.25 127.25   7.798   4.577 0.000
129.25 130.25  12.276   8.884 0.000
132.25 133.25  10.930   5.620 0.000
135.25 136.25   6.680   3.298 0.000
138.25 139.25   6.539   4.865 0.000
141.25 142.25   9.162   7.308 0.000
144.25 145.25  15.755  10.603 0.000
147.25 148.25  12.217   7.475 0.000
150.25 151.25   8.916   5.089 0.000
153.25 154.25  12.841   9.203 0.000
156.25 157.25  10.400   5.367 0.000
159.25 160.25   6.754   3.644 0.000
162.25 163.25  13.889   8.571 0.000
165.25 166.25 999.999 999.999 0.999
168.25 169.25  11.017   7.298 0.000
171.25 172.25  14.716   8.630 0.000
174.25 175.25  75.834  10.295 0.000
177.25 178.25 999.999 999.999 0.999
180.25 181.25   7.274   4.039 0.000
183.25 184.25   8.144   5.154 0.000
186.25 187.25 999.999 999.999 0.999
189.25 190.25  14.164   7.854 0.000
192.25 193.25   9.679   5.878 0.000
195.25 196.25  11.869   6.262 0.000
198.25 199.25  10.933   6.372 0.000
201.25 202.25  15.764  10.608 0.000
204.25 205.25  13.649  10.421 0.000
207.25 208.25  12.613   8.419 0.000
210.25 211.25  10.628   5.334 0.000
213.25 214.25  14.275   8.752 0.000
216.25 217.25  13.437   8.858 0.000
219.25 220.25  14.904   7.833 0.000
222.25 223.25   8.368   3.823 0.000
225.25 226.25   8.103   3.587 0.000
228.25 229.25   9.505   4.047 0.000
231.25 232.25  10.935   4.828 0.000
234.25 235.25   7.826   3.688 0.000
237.25 238.25  13.129   7.707 0.000
240.25 241.25  10.153   5.939 0.000
243.25 244.25  13.890  10.065 0.000
246.25 247.25   7.497   4.338 0.000
249.25 250.25  12.582   8.080 0.000
252.25 253.25  16.292  10.775 0.000
255.25 256.25   6.989   3.815 0.000
258.25 259.25  16.338  11.517 0.000
261.25 262.25  10.612   6.323 0.000
264.25 265.25  11.242   7.239 0.000
267.25 268.25  18.444  13.614 0.000
270.25 271.25   9.001   3.800 0.000
273.25 274.25   7.017   5.106 0.000
276.25 277.25   9.551   6.083 0.000
279.25 280.25 999.999 999.999 0.999
282.25 283.25 999.999 999.999 0.999
285.25 286.25 999.999 999.999 0.999
288.25 289.25 999.999 999.999 0.999
291.25 292.25 999.999 999.999 0.999
294.25 295.25   6.563   3.392 0.000
297.25 298.25  13.068   6.064 0.000
300.25 301.25  16.472  11.118 0.000
303.25 304.25  15.391   8.867 0.000
306.25 307.25  25.421  11.638 0.000
309.25 310.25   7.624   5.410 0.000
312.25 313.25  14.941   9.895 0.000
315.25 316.25  11.864   5.573 0.000
318.25 319.25  21.798  17.326 0.000
321.25 322.25  14.877   6.802 0.000
324.25 325.25   6.603   2.401 0.000
327.25 328.25  14.746   8.110 0.000
330.25 331.25   8.179   6.499 0.000
333.25 334.25   5.098   2.602 0.000
336.25 337.25   8.812   5.676 0.000
339.25 340.25   4.633   3.752 0.000
342.25 343.25   5.771   3.196 0.000
345.25 346.25   8.172   5.677 0.000
348.25 349.25  11.163   8.700 0.000
351.25 352.25   8.947   6.215 0.000
354.25 355.25  10.843   7.909 0.000
357.25 358.25   7.140   5.183 0.000
360.25 361.25  10.201   6.948 0.000
363.25 364.25   4.829   2.444 0.000
