scripts/IMPROVE-2019_partial/data/US1810R.20080101060000.20191216000000.filterpack...52w.3d.US03L_filterpack_US1810.US03L_IMPROVE_Davis.lev2.nas
52 1001
MISSING INFORMATION
US03L, IMPROVE, , , , , , , 
MISSING INFORMATION
IMPROVE sel_HTAP
1 1
2008 01 01 2019 12 16
3.00
days from file reference point
5
1 1 1 1 1
999.99 999.999 9.999 999.999 9.999
end_time of measurement, days from the file reference point
pm10_mass, ug/m3, Matrix=pm10
numflag pm10_mass, no unit, Matrix=pm10
pm25_mass, ug/m3, Matrix=pm25
numflag pm25_mass, no unit, Matrix=pm25
0
33
Data definition:              EBAS_1.1
Set type code:                TU
Timezone:                     UTC
File name:                    US1810R.20080101060000.20191216000000.filterpack...52w.3d.US03L_filterpack_US1810.US03L_IMPROVE_Davis.lev2.nas
File creation:                20191218120336
Startdate:                    20080101060000
Revision date:                20191216000000
Version:                      2
Version description:          "Data extracted from http://views.cira.colostate.edu/fed/DataWizard 2019-12-16"
Statistics:                   arithmetic mean
Data level:                   2
Period code:                  52w
Resolution code:              3d
Sample duration:              1d
Orig. time res.:              3d
Station code:                 US1810R
Platform code:                US1810S
Station name:                 Mammoth Cave National Park-Houchin Meadow
Station latitude:             37.1317
Station longitude:            -86.148
Station altitude:             236.0 m
Regime:                       IMG
Component:                    
Unit:                         ug/m3
Matrix:                       
Laboratory code:              US03L
Instrument type:              filterpack
Instrument name:              filterpack_US1810
Method ref:                   US03L_IMPROVE_Davis
Blank correction:             Blank corrected
Volume std. temperature:      ambient
Volume std. pressure:         ambient
starttime endtime PM10 flag_PM10 PM2.5 flag_PM2.5
  0.25   1.25   8.525 0.000   5.782 0.000
  3.25   4.25  10.932 0.000   8.175 0.000
  6.25   7.25   9.139 0.000   5.922 0.000
  9.25  10.25   7.172 0.000   5.110 0.000
 12.25  13.25  12.576 0.000  11.083 0.000
 15.25  16.25  10.173 0.000   7.495 0.000
 18.25  19.25   9.012 0.000   5.683 0.000
 21.25  22.25  11.482 0.000   8.999 0.000
 24.25  25.25  11.341 0.000   8.352 0.000
 27.25  28.25   9.919 0.000   7.370 0.000
 30.25  31.25   6.986 0.000   4.816 0.000
 33.25  34.25  11.174 0.000   7.513 0.000
 36.25  37.25   3.677 0.000   2.186 0.000
 39.25  40.25   6.473 0.000   4.208 0.000
 42.25  43.25   7.690 0.000   6.491 0.000
 45.25  46.25  13.454 0.000  10.706 0.000
 48.25  49.25   5.772 0.000   4.184 0.000
 51.25  52.25  11.230 0.000  10.400 0.000
 54.25  55.25  19.426 0.000  17.997 0.000
 57.25  58.25   8.362 0.000   6.702 0.000
 60.25  61.25   5.536 0.000   4.151 0.000
 63.25  64.25   2.463 0.000   2.053 0.000
 66.25  67.25  14.330 0.000  12.690 0.000
 69.25  70.25   9.928 0.000   7.825 0.000
 72.25  73.25  16.065 0.000   9.196 0.000
 75.25  76.25  12.335 0.000   9.950 0.000
 78.25  79.25   6.862 0.000   4.980 0.000
 81.25  82.25  12.878 0.000  10.354 0.000
 84.25  85.25  12.409 0.000   9.050 0.000
 87.25  88.25  11.063 0.000   9.147 0.000
 90.25  91.25  12.161 0.000   9.924 0.000
 93.25  94.25   8.896 0.000   7.694 0.000
 96.25  97.25  10.773 0.000   9.643 0.000
 99.25 100.25  18.761 0.000  15.638 0.000
102.25 103.25   3.891 0.000   2.268 0.000
105.25 106.25   7.141 0.000   5.195 0.000
108.25 109.25  17.695 0.000  11.618 0.000
111.25 112.25  13.688 0.000  11.787 0.000
114.25 115.25  17.935 0.000  12.315 0.000
117.25 118.25  11.707 0.000   8.481 0.000
120.25 121.25  12.965 0.000   9.279 0.000
123.25 124.25  11.030 0.000   5.088 0.000
126.25 127.25  17.241 0.000  11.373 0.000
129.25 130.25  11.899 0.000   8.922 0.000
132.25 133.25  11.169 0.000   6.263 0.000
135.25 136.25  16.382 0.000  11.574 0.000
138.25 139.25  18.205 0.000   6.927 0.000
141.25 142.25  16.523 0.000   7.777 0.000
144.25 145.25  12.262 0.000   8.913 0.000
147.25 148.25  11.508 0.000   6.421 0.000
150.25 151.25  20.088 0.000  15.629 0.000
153.25 154.25  17.472 0.000  14.318 0.000
156.25 157.25  13.554 0.000   7.257 0.000
159.25 160.25  13.898 0.000   8.684 0.000
162.25 163.25  13.354 0.000   7.909 0.000
165.25 166.25  10.786 0.000   6.361 0.000
168.25 169.25  13.168 0.000   7.167 0.000
171.25 172.25  20.019 0.000  14.721 0.000
174.25 175.25  12.700 0.000   8.575 0.000
177.25 178.25  34.988 0.000  11.547 0.000
180.25 181.25  45.007 0.000   4.915 0.000
183.25 184.25  15.655 0.000  10.440 0.000
186.25 187.25  24.605 0.000  20.596 0.000
189.25 190.25  32.000 0.000  17.106 0.000
192.25 193.25  15.360 0.000  10.373 0.000
195.25 196.25  12.533 0.000   6.603 0.000
198.25 199.25  23.907 0.000  18.343 0.000
201.25 202.25  30.119 0.000  24.715 0.000
204.25 205.25  11.200 0.000   7.859 0.000
207.25 208.25  19.560 0.000  16.320 0.000
210.25 211.25  14.625 0.000  10.879 0.000
213.25 214.25  27.419 0.000  20.106 0.000
216.25 217.25  16.119 0.000  13.025 0.000
219.25 220.25  15.820 0.000   9.624 0.000
222.25 223.25  20.004 0.000  16.235 0.000
225.25 226.25  16.222 0.000  11.884 0.000
228.25 229.25  10.888 0.000   7.723 0.000
231.25 232.25  19.792 0.000  15.763 0.000
234.25 235.25  22.496 0.000  17.420 0.000
237.25 238.25  12.086 0.000   8.212 0.000
240.25 241.25  19.298 0.000  14.920 0.000
243.25 244.25  28.146 0.000  24.176 0.000
246.25 247.25  27.517 0.000  22.926 0.000
249.25 250.25  14.817 0.000 999.999 0.999
252.25 253.25  19.153 0.000 999.999 0.999
255.25 256.25  14.546 0.000   9.691 0.000
258.25 259.25   9.984 0.000   6.610 0.000
261.25 262.25  12.637 0.000   8.710 0.000
264.25 265.25  21.734 0.000  17.395 0.000
267.25 268.25  17.678 0.000  13.188 0.000
270.25 271.25  14.534 0.000  10.474 0.000
273.25 274.25  11.521 0.000   6.988 0.000
276.25 277.25  11.024 0.000   7.149 0.000
279.25 280.25  27.681 0.000  21.824 0.000
282.25 283.25   9.148 0.000   5.819 0.000
285.25 286.25   6.840 0.000   4.649 0.000
288.25 289.25  15.255 0.000  13.745 0.000
291.25 292.25   6.373 0.000   5.657 0.000
294.25 295.25 999.999 0.456   7.429 0.000
297.25 298.25 999.999 0.456   3.420 0.000
300.25 301.25 999.999 0.456   3.269 0.000
303.25 304.25  15.218 0.000   7.359 0.000
306.25 307.25  17.141 0.000  11.984 0.000
309.25 310.25  18.364 0.000  14.152 0.000
312.25 313.25   9.027 0.000   4.821 0.000
315.25 316.25   7.928 0.000   5.742 0.000
318.25 319.25  14.170 0.000  10.615 0.000
321.25 322.25   7.612 0.000   5.218 0.000
324.25 325.25  15.729 0.000   9.079 0.000
327.25 328.25  13.307 0.000   8.562 0.000
330.25 331.25   9.989 0.000   6.238 0.000
333.25 334.25   7.559 0.000   4.905 0.000
336.25 337.25  10.774 0.000   7.627 0.000
339.25 340.25   8.035 0.000   5.996 0.000
342.25 343.25   7.618 0.000   5.381 0.000
345.25 346.25   7.527 0.000   6.425 0.000
348.25 349.25   8.161 0.000   5.016 0.000
351.25 352.25   9.369 0.000   8.580 0.000
354.25 355.25   6.583 0.000   5.039 0.000
357.25 358.25   8.035 0.000   5.721 0.000
360.25 361.25   7.102 0.000   5.552 0.000
363.25 364.25   6.466 0.000   4.426 0.000
