scripts/IMPROVE-2019_partial/data/US1810R.20000101060000.20191216000000.filterpack..pm25.52w.1w.US03L_filterpack_US1810.US03L_IMPROVE_Davis.lev2.nas
64 1001
MISSING INFORMATION
US03L, IMPROVE, , , , , , , 
MISSING INFORMATION
IMPROVE sel_HTAP
1 1
2000 01 01 2019 12 16
0
days from file reference point
25
1 1 1 1 1 1 1 1 1 1 1 1 1 1 1 1 1 1 1 1 1 1 1 1 1
999.99 9999.99 9.999 999.99 9.999 9.999 9.999999 999.99 9.999999 99.999 9.999 999.999 9.999 999.999 9.999 999.999 9.999 999.999 9.999 999.999 9.999 9.999 9.999 99.999 9.999
end_time of measurement, days from the file reference point
iron, ng/m3, Revision date=20181210133000
numflag iron, no unit, Revision date=20181210133000
lead, ng/m3, Revision date=20181210133000
numflag lead, no unit, Revision date=20181210133000
magnesium, ug/m3, Revision date=20181210133000
numflag magnesium, no unit, Revision date=20181210133000
nickel, ng/m3, Revision date=20181210133000
numflag nickel, no unit, Revision date=20181210133000
nitrate, ug N/m3, Revision date=20181210133000
numflag nitrate, no unit, Revision date=20181210133000
organic_carbon, ug C/m3, Revision date=20181210133000
numflag organic_carbon, no unit, Revision date=20181210133000
organic_mass, ug/m3, Revision date=20181210133000
numflag organic_mass, no unit, Revision date=20181210133000
pm10_mass, ug/m3, Version=2, Version description=Data extracted from http://views.cira.colostate.edu/fed/DataWizard 2019-12-16, Sample duration=1d, Orig. time res.=3d, Matrix=pm10, Blank correction=Blank corrected, Volume std. temperature=ambient, Volume std. pressure=ambient
numflag pm10_mass, no unit, Version=2, Version description=Data extracted from http://views.cira.colostate.edu/fed/DataWizard 2019-12-16, Sample duration=1d, Orig. time res.=3d, Matrix=pm10, Blank correction=Blank corrected, Volume std. temperature=ambient, Volume std. pressure=ambient
pm10_pm25_mass, ug/m3, Revision date=20181210133000, Matrix=pm10_pm25
numflag pm10_pm25_mass, no unit, Revision date=20181210133000, Matrix=pm10_pm25
pm25_mass, ug/m3, Version=2, Version description=Data extracted from http://views.cira.colostate.edu/fed/DataWizard 2019-12-16, Sample duration=1d, Orig. time res.=3d, Blank correction=Blank corrected, Volume std. temperature=ambient, Volume std. pressure=ambient
numflag pm25_mass, no unit, Version=2, Version description=Data extracted from http://views.cira.colostate.edu/fed/DataWizard 2019-12-16, Sample duration=1d, Orig. time res.=3d, Blank correction=Blank corrected, Volume std. temperature=ambient, Volume std. pressure=ambient
potassium, ug/m3, Revision date=20181210133000
numflag potassium, no unit, Revision date=20181210133000
sulphate_total, ug S/m3, Revision date=20181210133000
numflag sulphate_total, no unit, Revision date=20181210133000
0
25
Data definition:              EBAS_1.1
Set type code:                TI
Timezone:                     UTC
File name:                    US1810R.20000101060000.20191216000000.filterpack..pm25.52w.1w.US03L_filterpack_US1810.US03L_IMPROVE_Davis.lev2.nas
File creation:                20191218120334
Startdate:                    20000101060000
Revision date:                20191216000000
Statistics:                   arithmetic mean
Data level:                   2
Period code:                  52w
Resolution code:              1w
Station code:                 US1810R
Platform code:                US1810S
Station name:                 Mammoth Cave National Park-Houchin Meadow
Station latitude:             37.1317
Station longitude:            -86.148
Station altitude:             236.0 m
Regime:                       IMG
Component:                    
Matrix:                       pm25
Laboratory code:              US03L
Instrument type:              filterpack
Instrument name:              filterpack_US1810
Method ref:                   US03L_IMPROVE_Davis
starttime endtime Fe flag_Fe Pb flag_Pb Mg++ flag_Mg++ Ni flag_Ni NO3- flag_NO3- OC flag_OC OM flag_OM PM10 flag_PM10 PM10-PM2.5 flag_PM10-PM2.5 PM2.5 flag_PM2.5 K+ flag_K+ SO4-- flag_SO4--
  0.25   1.25   29.65 0.000   4.51 0.000 9.999 0.259000 999.99 0.259000  0.249 0.699   3.524 0.000   4.934 0.000  19.524 0.000   3.247 0.000  16.277 0.000 0.148 0.000  1.585 0.699
  4.25   5.25   17.67 0.000   1.91 0.000 9.999 0.259000 999.99 0.259000  0.050 0.559   0.737 0.000   1.032 0.000   9.519 0.000   0.831 0.000   8.688 0.000 0.031 0.000  1.334 0.559
  7.25   8.25   21.60 0.000   9.49 0.000 0.010 0.000000 999.99 0.259000  0.121 0.699   2.092 0.000   2.929 0.000   9.087 0.000   1.769 0.000   7.318 0.000 0.086 0.000  0.363 0.699
 11.25  12.25   38.44 0.000   2.11 0.000 9.999 0.259000 999.99 0.259000  0.135 0.699   1.756 0.000   2.458 0.000  14.318 0.000   2.578 0.000  11.740 0.000 0.068 0.000  1.157 0.699
 14.25  15.25   27.89 0.000   2.68 0.000 9.999 0.259000 999.99 0.259000  0.126 0.559   1.783 0.000   2.496 0.000   7.540 0.000   0.721 0.000   6.819 0.000 0.052 0.000  0.402 0.559
 18.25  19.25   26.00 0.000   4.29 0.000 9.999 0.259000 999.99 0.259000  0.077 0.559   1.186 0.000   1.660 0.000  11.548 0.000   1.427 0.000  10.121 0.000 0.063 0.000  1.648 0.559
 21.25  22.25   16.89 0.000  11.54 0.000 9.999 0.259000 999.99 0.259000  0.145 0.559   1.923 0.000   2.692 0.000   9.087 0.000   1.642 0.000   7.445 0.000 0.069 0.000  0.716 0.559
 25.25  26.25   21.14 0.000   1.09 0.000 9.999 0.259000 999.99 0.259000  0.119 0.699   0.682 0.000   0.955 0.000   6.476 0.000   2.322 0.000   4.154 0.000 0.036 0.000  0.528 0.699
 28.25  29.25   13.99 0.000   1.49 0.000 9.999 0.259000   0.15 0.000000  0.092 0.699   1.505 0.000   2.107 0.000   6.281 0.000   0.956 0.000   5.325 0.000 0.064 0.000  0.372 0.699
 32.25  33.25   41.33 0.000   3.68 0.000 9.999 0.259000 999.99 0.259000 99.999 0.699   1.566 0.000   2.193 0.000  13.304 0.000   2.467 0.000  10.837 0.000 0.053 0.000 99.999 0.699
 35.25  36.25   32.89 0.000   2.02 0.000 9.999 0.259000 999.99 0.259000  0.315 0.699   1.283 0.000   1.796 0.000  11.119 0.000   2.230 0.000   8.889 0.000 0.056 0.000  1.008 0.699
 39.25  40.25   45.88 0.000   4.77 0.000 9.999 0.259000 999.99 0.259000  0.421 0.559   3.478 0.000   4.870 0.000  22.745 0.000   5.916 0.000  16.829 0.000 0.095 0.000  1.291 0.559
 42.25  43.25   26.89 0.000   1.78 0.000 9.999 0.259000 999.99 0.259000  0.129 0.559   1.477 0.000   2.068 0.000  12.289 0.000 999.999 0.259  12.412 0.000 0.029 0.000  1.796 0.559
 46.25  47.25   38.38 0.000   4.94 0.000 9.999 0.259000 999.99 0.259000  0.247 0.559   1.981 0.000   2.773 0.000  18.455 0.000   7.331 0.000  11.123 0.000 0.055 0.000  1.140 0.559
 49.25  50.25   41.80 0.000   3.31 0.000 9.999 0.259000 999.99 0.259000  0.046 0.559   0.909 0.000   1.272 0.000  11.779 0.000 999.999 0.259  11.922 0.000 0.027 0.000  1.894 0.559
 53.25  54.25   37.61 0.000   2.48 0.000 9.999 0.259000 999.99 0.259000  0.116 0.699   4.546 0.000   6.364 0.000  21.536 0.000   4.269 0.000  17.266 0.000 0.084 0.000  1.527 0.699
 56.25  57.25   23.35 0.000   0.65 0.000 9.999 0.259000 999.99 0.259000  0.113 0.559   3.310 0.000   4.634 0.000  15.215 0.000   5.295 0.000   9.921 0.000 0.070 0.000  0.647 0.559
 60.25  61.25   28.86 0.000   1.58 0.000 9.999 0.259000 999.99 0.259000  0.091 0.559   2.504 0.000   3.506 0.000  12.406 0.000   3.301 0.000   9.105 0.000 0.052 0.000  0.796 0.559
 63.25  64.25   36.66 0.000   3.67 0.000 9.999 0.259000 999.99 0.259000  0.214 0.699   1.659 0.000   2.323 0.000  11.080 0.000   3.099 0.000   7.981 0.000 0.055 0.000  0.797 0.699
 67.25  68.25   67.05 0.000   3.48 0.000 9.999 0.259000 999.99 0.259000  0.135 0.699   5.226 0.000   7.317 0.000  29.825 0.000   7.672 0.000  22.153 0.000 0.110 0.000  1.975 0.699
 70.25  71.25   32.51 0.000   3.29 0.000 9.999 0.259000 999.99 0.259000  0.207 0.699   1.057 0.000   1.479 0.000  10.091 0.000   0.584 0.000   9.506 0.000 0.034 0.000  0.941 0.699
 74.25  75.25   32.20 0.000   1.91 0.000 0.016 0.000000 999.99 0.259000  0.138 0.699   3.736 0.000   5.230 0.000  17.790 0.000   4.303 0.000  13.488 0.000 0.081 0.000  1.166 0.699
 77.25  78.25   20.02 0.000   3.16 0.000 9.999 0.259000 999.99 0.259000  0.086 0.699   1.455 0.000   2.037 0.000   9.597 0.000   1.820 0.000   7.778 0.000 0.044 0.000  0.959 0.699
 81.25  82.25   22.76 0.000   3.87 0.000 9.999 0.259000 999.99 0.259000  0.052 0.559   1.318 0.000   1.845 0.000  15.176 0.000   1.600 0.000  13.576 0.000 0.034 0.000  2.325 0.559
 84.25  85.25   39.03 0.000   2.58 0.000 9.999 0.259000 999.99 0.259000  0.177 0.699   2.372 0.000   3.321 0.000  18.413 0.000   4.145 0.000  14.268 0.000 0.062 0.000  1.804 0.699
 88.25  89.25   18.15 0.000   2.74 0.000 9.999 0.259000 999.99 0.259000  0.101 0.699   1.070 0.000   1.497 0.000   7.698 0.000   1.989 0.000   5.710 0.000 0.038 0.000  0.640 0.699
 91.25  92.25   39.59 0.000   2.93 0.000 9.999 0.259000 999.99 0.259000  0.124 0.699   3.130 0.000   4.382 0.000  20.119 0.000   3.998 0.000  16.121 0.000 0.082 0.000  1.840 0.699
 95.25  96.25   36.40 0.000   1.93 0.000 9.999 0.259000 999.99 0.259000  0.097 0.000   1.539 0.000   2.154 0.000   9.960 0.000   4.067 0.000   5.893 0.000 0.062 0.000  0.545 0.000
 98.25  99.25   21.82 0.000   0.95 0.000 0.013 0.000000 999.99 0.259000  0.097 0.000   0.622 0.000   0.870 0.000   6.429 0.000   1.672 0.000   4.756 0.000 0.023 0.000  0.739 0.000
102.25 103.25   42.78 0.000   3.38 0.000 9.999 0.259000 999.99 0.259000  0.102 0.000   1.127 0.000   1.578 0.000  13.258 0.000   2.172 0.000  11.086 0.000 0.038 0.000  1.958 0.000
105.25 106.25   23.27 0.000   3.71 0.000 9.999 0.259000 999.99 0.259000  0.200 0.000   2.470 0.000   3.457 0.000  14.520 0.000   2.597 0.000  11.923 0.000 0.054 0.000  1.619 0.000
109.25 110.25   23.65 0.000   3.12 0.000 9.999 0.259000 999.99 0.259000  0.039 0.000   1.303 0.000   1.824 0.000  21.389 0.000   2.974 0.000  18.415 0.000 0.027 0.000  3.255 0.000
112.25 113.25   67.18 0.000   3.10 0.000 9.999 0.259000 999.99 0.259000  0.122 0.000   1.005 0.000   1.407 0.000  11.802 0.000   2.935 0.000   8.867 0.000 0.060 0.000  0.952 0.000
116.25 117.25   57.60 0.000   2.82 0.000 9.999 0.259000 999.99 0.259000  0.082 0.559   1.349 0.000   1.888 0.000  12.093 0.000   3.778 0.000   8.315 0.000 0.056 0.000  0.781 0.559
119.25 120.25   60.48 0.000   4.01 0.000 9.999 0.259000 999.99 0.259000  0.117 0.000   1.939 0.000   2.715 0.000  17.441 0.000   6.604 0.000  10.837 0.000 0.081 0.000  1.310 0.000
123.25 124.25   59.41 0.000   1.65 0.000 0.037 0.000000 999.99 0.259000  0.130 0.000   2.504 0.000   3.505 0.000  19.484 0.000   5.194 0.000  14.290 0.000 0.078 0.000  1.914 0.000
126.25 127.25   61.64 0.000   2.19 0.000 9.999 0.259000   0.17 0.000000 99.999 0.699   3.436 0.000   4.810 0.000  24.365 0.000   5.784 0.000  18.581 0.000 0.075 0.000 99.999 0.699
130.25 131.25   35.46 0.000   1.17 0.000 9.999 0.259000 999.99 0.259000  0.080 0.559   1.512 0.000   2.117 0.000  10.456 0.000   4.372 0.000   6.084 0.000 0.039 0.000  0.699 0.559
133.25 134.25   38.11 0.000   2.12 0.000 9.999 0.259000 999.99 0.259000  0.094 0.000   1.724 0.000   2.413 0.000  13.928 0.000   5.293 0.000   8.634 0.000 0.074 0.000  0.954 0.000
137.25 138.25   65.68 0.000   2.73 0.000 9.999 0.259000 999.99 0.259000  0.103 0.000   5.039 0.000   7.054 0.000  28.285 0.000   7.731 0.000  20.554 0.000 0.091 0.000  1.952 0.000
140.25 141.25   22.88 0.000   2.95 0.000 9.999 0.259000 999.99 0.259000  0.201 0.000   1.571 0.000   2.200 0.000  20.159 0.000   4.317 0.000  15.842 0.000 0.032 0.000  2.795 0.000
144.25 145.25   42.96 0.000   0.71 0.000 9.999 0.259000  12.37 0.000000  0.133 0.000   3.611 0.000   5.055 0.000  20.438 0.000   6.072 0.000  14.366 0.000 0.064 0.000  1.357 0.000
147.25 148.25   42.21 0.000   1.33 0.000 9.999 0.259000   3.08 0.000000  0.130 0.000   2.310 0.000   3.234 0.000  14.321 0.000   5.767 0.000   8.554 0.000 0.074 0.000  0.748 0.000
151.25 152.25   39.38 0.000   3.07 0.000 9.999 0.259000 999.99 0.259000  0.101 0.000   3.877 0.000   5.428 0.000  26.837 0.000   5.830 0.000  21.008 0.000 0.051 0.000  2.846 0.000
154.25 155.25   29.04 0.000   0.42 0.000 9.999 0.259000 999.99 0.259000  0.078 0.000   1.696 0.000   2.375 0.000  14.106 0.000   5.667 0.000   8.439 0.000 0.027 0.000  0.917 0.000
158.25 159.25   27.40 0.000   1.79 0.000 9.999 0.259000 999.99 0.259000  0.056 0.559   1.997 0.000   2.796 0.000  11.696 0.000   3.464 0.000   8.232 0.000 0.041 0.000  0.833 0.559
161.25 162.25   57.26 0.000   1.47 0.000 9.999 0.259000 999.99 0.259000  0.108 0.559   4.244 0.000   5.942 0.000  32.054 0.000   5.520 0.000  26.534 0.000 0.097 0.000  3.124 0.559
165.25 166.25   62.50 0.000   0.62 0.000 9.999 0.259000 999.99 0.259000  0.122 0.000   2.601 0.000   3.642 0.000  18.998 0.000   5.851 0.000  13.147 0.000 0.064 0.000  1.483 0.000
168.25 169.25   68.41 0.000   0.76 0.000 9.999 0.259000 999.99 0.259000  0.121 0.000   1.182 0.000   1.655 0.000  10.723 0.000   3.278 0.000   7.445 0.000 0.052 0.000  0.862 0.000
172.25 173.25   36.38 0.000   0.60 0.000 9.999 0.259000 999.99 0.259000  0.087 0.559   1.236 0.000   1.731 0.000  10.938 0.000   3.788 0.000   7.150 0.000 0.046 0.000  0.804 0.559
175.25 176.25   75.11 0.000   1.65 0.000 9.999 0.259000 999.99 0.259000  0.067 0.000   3.106 0.000   4.348 0.000  22.129 0.000   6.886 0.000  15.242 0.000 0.089 0.000  1.434 0.000
179.25 180.25   47.83 0.000   1.93 0.000 9.999 0.259000 999.99 0.259000  0.173 0.000   2.261 0.000   3.166 0.000  17.325 0.000   5.292 0.000  12.033 0.000 0.042 0.000  1.395 0.000
182.25 183.25   16.26 0.000   1.51 0.000 9.999 0.259000 999.99 0.259000  0.041 0.000   1.733 0.000   2.426 0.000  16.108 0.000   3.992 0.000  12.116 0.000 0.042 0.000  1.640 0.000
186.25 187.25  643.75 0.000  10.87 0.000 9.999 0.259000 999.99 0.259000  0.259 0.000   2.414 0.000   3.380 0.000  36.261 0.000  14.033 0.000  22.228 0.000 0.582 0.000  1.530 0.000
189.25 190.25   36.35 0.000   2.15 0.000 9.999 0.259000 999.99 0.259000  0.047 0.000   2.057 0.000   2.879 0.000  22.373 0.000   6.512 0.000  15.860 0.000 0.036 0.000  2.571 0.000
193.25 194.25   47.58 0.000   0.14 0.000 9.999 0.259000 999.99 0.259000  0.094 0.559   2.238 0.000   3.134 0.000  17.759 0.000   3.217 0.000  14.542 0.000 0.055 0.000  1.975 0.559
196.25 197.25   32.90 0.000   3.20 0.000 9.999 0.259000 999.99 0.259000  0.054 0.559   2.364 0.000   3.309 0.000  17.180 0.000   5.220 0.000  11.960 0.000 0.041 0.000  1.436 0.559
200.25 201.25   48.41 0.000   1.33 0.000 9.999 0.259000 999.99 0.259000  0.081 0.000   2.264 0.000   3.170 0.000  29.131 0.000   6.778 0.000  22.353 0.000 0.036 0.000  3.652 0.000
203.25 204.25   27.32 0.000   3.46 0.000 9.999 0.259000 999.99 0.259000  0.071 0.000   1.710 0.000   2.393 0.000  17.913 0.000   4.447 0.000  13.466 0.000 0.020 0.000  1.928 0.000
207.25 208.25   46.47 0.000   1.98 0.000 9.999 0.259000 999.99 0.259000  0.066 0.000   1.535 0.000   2.149 0.000  37.872 0.000   4.159 0.000  33.713 0.000 0.031 0.000  6.258 0.000
210.25 211.25   18.27 0.000   2.94 0.000 0.012 0.000000 999.99 0.259000  0.087 0.000   2.736 0.000   3.831 0.000  14.032 0.000   3.337 0.000  10.695 0.000 0.049 0.000  1.056 0.000
214.25 215.25   26.71 0.000   1.48 0.000 9.999 0.259000 999.99 0.259000  0.110 0.559   1.866 0.000   2.612 0.000  19.330 0.000   3.859 0.000  15.471 0.000 0.045 0.000  2.525 0.559
217.25 218.25   43.65 0.000   1.69 0.000 9.999 0.259000 999.99 0.259000  0.054 0.000   2.873 0.000   4.022 0.000  32.805 0.000   7.665 0.000  25.141 0.000 0.048 0.000  4.318 0.000
221.25 222.25  111.56 0.000   1.12 0.000 9.999 0.259000 999.99 0.259000  0.092 0.000   2.676 0.000   3.746 0.000  23.017 0.000   7.030 0.000  15.987 0.000 0.072 0.000  1.616 0.000
224.25 225.25   24.36 0.000   1.78 0.000 9.999 0.259000 999.99 0.259000  0.039 0.000   1.917 0.000   2.684 0.000  17.576 0.000   3.805 0.000  13.771 0.000 0.028 0.000  1.910 0.000
228.25 229.25   63.01 0.000   1.44 0.000 9.999 0.259000 999.99 0.259000  0.097 0.559   4.604 0.000   6.445 0.000  39.533 0.000   9.036 0.000  30.497 0.000 0.066 0.000  4.049 0.559
231.25 232.25   26.07 0.000   1.11 0.000 9.999 0.259000 999.99 0.259000  0.041 0.000   1.504 0.000   2.106 0.000  18.989 0.000   3.711 0.000  15.278 0.000 0.025 0.000  2.618 0.000
235.25 236.25   50.61 0.000   1.58 0.000 9.999 0.259000 999.99 0.259000  0.081 0.559   3.537 0.000   4.952 0.000  31.250 0.000   5.431 0.000  25.819 0.000 0.061 0.000  3.858 0.559
238.25 239.25   39.42 0.000   1.39 0.000 9.999 0.259000 999.99 0.259000  0.107 0.559   3.183 0.000   4.456 0.000  25.129 0.000   4.414 0.000  20.715 0.000 0.068 0.000  2.935 0.559
243.25 244.25 9999.99 0.999 999.99 0.999 9.999 0.999000 999.99 0.999000 99.999 0.999 999.999 0.999 999.999 0.999 999.999 0.999 999.999 0.999 999.999 0.999 9.999 0.999 99.999 0.999
246.25 247.25 9999.99 0.999 999.99 0.999 9.999 0.999000 999.99 0.999000 99.999 0.999 999.999 0.999 999.999 0.999 999.999 0.999 999.999 0.999 999.999 0.999 9.999 0.999 99.999 0.999
249.25 250.25 9999.99 0.999 999.99 0.999 9.999 0.999000 999.99 0.999000 99.999 0.999 999.999 0.999 999.999 0.999 999.999 0.999 999.999 0.999 999.999 0.999 9.999 0.999 99.999 0.999
252.25 253.25 9999.99 0.999 999.99 0.999 9.999 0.999000 999.99 0.999000 99.999 0.999 999.999 0.999 999.999 0.999 999.999 0.999 999.999 0.999 999.999 0.999 9.999 0.999 99.999 0.999
255.25 256.25 9999.99 0.999 999.99 0.999 9.999 0.999000 999.99 0.999000 99.999 0.999 999.999 0.999 999.999 0.999 999.999 0.999 999.999 0.999 999.999 0.999 9.999 0.999 99.999 0.999
258.25 259.25 9999.99 0.999 999.99 0.999 9.999 0.999000 999.99 0.999000 99.999 0.999 999.999 0.999 999.999 0.999 999.999 0.999 999.999 0.999 999.999 0.999 9.999 0.999 99.999 0.999
261.25 262.25   11.73 0.000   0.96 0.000 9.999 0.259000 999.99 0.259000  0.024 0.000   1.461 0.000   2.045 0.000   7.716 0.000   3.016 0.000   4.700 0.000 0.030 0.000  0.536 0.000
264.25 265.25   18.13 0.000   0.79 0.000 9.999 0.259000 999.99 0.259000  0.045 0.000   0.678 0.000   0.949 0.000   7.275 0.000   2.120 0.000   5.155 0.000 0.028 0.000  0.828 0.000
267.25 268.25   18.00 0.000   2.72 0.000 9.999 0.259000   0.08 0.000000  0.230 0.000   1.615 0.000   2.261 0.000   9.576 0.000   2.569 0.000   7.007 0.000 0.060 0.000  0.854 0.000
270.25 271.25   17.80 0.000   1.75 0.000 9.999 0.259000 999.99 0.259000  0.185 0.000   1.097 0.000   1.536 0.000  11.422 0.000   2.697 0.000   8.725 0.000 0.042 0.000  1.562 0.000
273.25 274.25   31.41 0.000   3.22 0.000 9.999 0.259000 999.99 0.259000  0.144 0.000   1.808 0.000   2.531 0.000  20.356 0.000   4.587 0.000  15.769 0.000 0.051 0.000  2.680 0.000
276.25 277.25   30.19 0.000   1.49 0.000 9.999 0.259000 999.99 0.259000  0.181 0.000   2.836 0.000   3.971 0.000  19.760 0.000   6.549 0.000  13.211 0.000 0.063 0.000  1.558 0.000
279.25 280.25   14.09 0.000   0.78 0.000 9.999 0.259000 999.99 0.259000  0.151 0.000   0.745 0.000   1.043 0.000   9.863 0.000   2.857 0.000   7.005 0.000 0.039 0.000  1.170 0.000
282.25 283.25    9.78 0.000   1.26 0.000 9.999 0.259000 999.99 0.259000  0.130 0.000   0.687 0.000   0.962 0.000   5.905 0.000   1.714 0.000   4.191 0.000 0.028 0.000  0.529 0.000
285.25 286.25   31.66 0.000   2.37 0.000 9.999 0.259000 999.99 0.259000  0.106 0.000   1.563 0.000   2.188 0.000  10.596 0.000   3.564 0.000   7.032 0.000 0.047 0.000  1.020 0.000
288.25 289.25   46.11 0.000   1.95 0.000 9.999 0.259000 999.99 0.259000  0.131 0.000   4.521 0.000   6.330 0.000  22.208 0.000   6.406 0.000  15.802 0.000 0.137 0.000  1.731 0.000
291.25 292.25   36.87 0.000   2.07 0.000 9.999 0.259000 999.99 0.259000  0.477 0.000   1.724 0.000   2.413 0.000  14.991 0.000   2.255 0.000  12.736 0.000 0.056 0.000  2.044 0.000
294.25 295.25   41.22 0.000   2.17 0.000 9.999 0.259000 999.99 0.259000  0.378 0.000   5.387 0.000   7.541 0.000  31.856 0.000   4.788 0.000  27.069 0.000 0.085 0.000  4.021 0.000
297.25 298.25   73.04 0.000   2.03 0.000 9.999 0.259000 999.99 0.259000  0.197 0.000   5.169 0.000   7.236 0.000  34.245 0.000   6.824 0.000  27.421 0.000 0.135 0.000  4.049 0.000
