scripts/IMPROVE-2019_partial/data/US1810R.20120101060000.20191216000000.filterpack...52w.3d.US03L_filterpack_US1810.US03L_IMPROVE_Davis.lev2.nas
51 1001
MISSING INFORMATION
US03L, IMPROVE, , , , , , , 
MISSING INFORMATION
IMPROVE sel_HTAP
1 1
2012 01 01 2019 12 16
3.00
days from file reference point
4
1 1 1 1
999.99 999.999 999.999 9.999
end_time of measurement, days from the file reference point
pm10_mass, ug/m3, Matrix=pm10
pm25_mass, ug/m3, Matrix=pm25
numflag, no unit
0
33
Data definition:              EBAS_1.1
Set type code:                TU
Timezone:                     UTC
File name:                    US1810R.20120101060000.20191216000000.filterpack...52w.3d.US03L_filterpack_US1810.US03L_IMPROVE_Davis.lev2.nas
File creation:                20191218120337
Startdate:                    20120101060000
Revision date:                20191216000000
Version:                      2
Version description:          "Data extracted from http://views.cira.colostate.edu/fed/DataWizard 2019-12-16"
Statistics:                   arithmetic mean
Data level:                   2
Period code:                  52w
Resolution code:              3d
Sample duration:              1d
Orig. time res.:              3d
Station code:                 US1810R
Platform code:                US1810S
Station name:                 Mammoth Cave National Park-Houchin Meadow
Station latitude:             37.1317
Station longitude:            -86.148
Station altitude:             236.0 m
Regime:                       IMG
Component:                    
Unit:                         ug/m3
Matrix:                       
Laboratory code:              US03L
Instrument type:              filterpack
Instrument name:              filterpack_US1810
Method ref:                   US03L_IMPROVE_Davis
Blank correction:             Blank corrected
Volume std. temperature:      ambient
Volume std. pressure:         ambient
starttime endtime PM10 PM2.5 flag
  0.25   1.25   6.166   4.247 0.000
  3.25   4.25   6.495   5.491 0.000
  6.25   7.25   6.622   6.208 0.000
  9.25  10.25   6.049   5.984 0.000
 12.25  13.25   5.360   4.909 0.000
 15.25  16.25   5.049   4.500 0.000
 18.25  19.25   6.139   5.851 0.000
 21.25  22.25   6.559   7.256 0.000
 24.25  25.25  10.471  11.304 0.000
 27.25  28.25   4.186   3.897 0.000
 30.25  31.25   7.331   5.914 0.000
 33.25  34.25   4.266   3.974 0.000
 36.25  37.25   7.615   7.675 0.000
 39.25  40.25   6.182   5.927 0.000
 42.25  43.25   4.506   3.648 0.000
 45.25  46.25   5.059   5.223 0.000
 48.25  49.25   6.129   5.953 0.000
 51.25  52.25   7.330   4.983 0.000
 54.25  55.25   8.484   4.624 0.000
 57.25  58.25   8.032   6.151 0.000
 60.25  61.25   7.755   3.906 0.000
 63.25  64.25   5.506   4.431 0.000
 66.25  67.25  12.201   9.099 0.000
 69.25  70.25   3.798   2.763 0.000
 72.25  73.25   9.318   6.374 0.000
 75.25  76.25   6.357   3.669 0.000
 78.25  79.25  12.137   8.301 0.000
 81.25  82.25   9.169   5.986 0.000
 84.25  85.25   9.169   8.003 0.000
 87.25  88.25  16.452  12.540 0.000
 90.25  91.25  11.425   8.772 0.000
 93.25  94.25  16.385  11.541 0.000
 96.25  97.25   8.069   3.499 0.000
 99.25 100.25   9.943   5.091 0.000
102.25 103.25   8.071   3.573 0.000
105.25 106.25  16.957  10.041 0.000
108.25 109.25   8.180   5.215 0.000
111.25 112.25   4.088   3.050 0.000
114.25 115.25   9.459   5.544 0.000
117.25 118.25   8.171   3.671 0.000
120.25 121.25  11.367   7.776 0.000
123.25 124.25   9.277   6.413 0.000
126.25 127.25  10.400   7.671 0.000
129.25 130.25  10.317   5.218 0.000
132.25 133.25  10.869   8.905 0.000
135.25 136.25  14.201  10.411 0.000
138.25 139.25  16.365  11.021 0.000
141.25 142.25  11.709   9.682 0.000
144.25 145.25  14.770  10.786 0.000
147.25 148.25  14.000  10.840 0.000
150.25 151.25  10.357   7.268 0.000
153.25 154.25   8.786   6.228 0.000
156.25 157.25   8.519   6.030 0.000
159.25 160.25  12.548   7.689 0.000
162.25 163.25 999.999 999.999 0.456
165.25 166.25  12.356   7.471 0.000
168.25 169.25  14.437  10.227 0.000
171.25 172.25  19.680  14.047 0.000
174.25 175.25  12.940   8.194 0.000
177.25 178.25   9.151   3.759 0.000
180.25 181.25  25.613  14.513 0.000
183.25 184.25  23.707  14.798 0.000
186.25 187.25  28.562  16.894 0.000
189.25 190.25  22.453  15.806 0.000
192.25 193.25  16.318   8.880 0.000
195.25 196.25  14.610   6.390 0.000
198.25 199.25  14.590   7.340 0.000
201.25 202.25  13.991   8.370 0.000
204.25 205.25  17.166   9.040 0.000
207.25 208.25  20.934   9.734 0.000
210.25 211.25  11.669   7.111 0.000
213.25 214.25  21.201  15.050 0.000
216.25 217.25  22.412  12.238 0.000
219.25 220.25  20.007  11.299 0.000
222.25 223.25  13.585   8.739 0.000
225.25 226.25  15.269  10.018 0.000
228.25 229.25  19.909  13.542 0.000
231.25 232.25 999.999 999.999 0.999
234.25 235.25  15.372   9.479 0.000
237.25 238.25  18.644  11.953 0.000
240.25 241.25  14.530   9.320 0.000
243.25 244.25  10.269   5.982 0.000
246.25 247.25  13.049   6.479 0.000
249.25 250.25  15.915   9.781 0.000
252.25 253.25  13.187   5.356 0.000
255.25 256.25  15.334   9.523 0.000
258.25 259.25   8.698   4.513 0.000
261.25 262.25  11.393   6.088 0.000
264.25 265.25  12.488   6.320 0.000
267.25 268.25   7.024   4.242 0.000
270.25 271.25  11.411   8.224 0.000
273.25 274.25  19.862  13.302 0.000
276.25 277.25  12.405   7.289 0.000
279.25 280.25   9.359   2.334 0.000
282.25 283.25   7.096   4.630 0.000
285.25 286.25   9.755   6.328 0.000
288.25 289.25  15.715   7.844 0.000
291.25 292.25  21.353   4.003 0.000
294.25 295.25   9.999   4.656 0.000
297.25 298.25  14.874   8.253 0.000
300.25 301.25   5.805   3.962 0.000
303.25 304.25   8.011   3.347 0.000
306.25 307.25  17.465   8.235 0.000
309.25 310.25   8.370   6.380 0.000
312.25 313.25  16.340  13.858 0.000
315.25 316.25  11.285   7.593 0.000
318.25 319.25  18.515   5.027 0.000
321.25 322.25  11.599   8.785 0.000
324.25 325.25  17.234  12.134 0.000
327.25 328.25   9.653   5.549 0.000
330.25 331.25   9.193   6.404 0.000
333.25 334.25  12.102   8.413 0.000
336.25 337.25  11.249   5.912 0.000
339.25 340.25   4.344   2.070 0.000
342.25 343.25  12.906   9.175 0.000
345.25 346.25   6.350   5.238 0.000
348.25 349.25   7.609   6.003 0.000
351.25 352.25   6.560   3.896 0.000
354.25 355.25   9.972   4.814 0.000
357.25 358.25   7.699   5.297 0.000
360.25 361.25   4.147   3.870 0.000
363.25 364.25   9.233   8.280 0.000
