scripts/IMPROVE-2019_partial/data/US1810R.20150103060000.20191216000000.filterpack...1y.3d.US03L_filterpack_US1810.US03L_IMPROVE_Davis.lev2.nas
52 1001
MISSING INFORMATION
US03L, IMPROVE, , , , , , , 
MISSING INFORMATION
IMPROVE sel_HTAP
1 1
2015 01 01 2019 12 16
3.00
days from file reference point
5
1 1 1 1 1
999.99 999.999 9.999 999.999 9.999
end_time of measurement, days from the file reference point
pm10_mass, ug/m3, Matrix=pm10
numflag pm10_mass, no unit, Matrix=pm10
pm25_mass, ug/m3, Matrix=pm25
numflag pm25_mass, no unit, Matrix=pm25
0
33
Data definition:              EBAS_1.1
Set type code:                TU
Timezone:                     UTC
File name:                    US1810R.20150103060000.20191216000000.filterpack...1y.3d.US03L_filterpack_US1810.US03L_IMPROVE_Davis.lev2.nas
File creation:                20191218120337
Startdate:                    20150103060000
Revision date:                20191216000000
Version:                      2
Version description:          "Data extracted from http://views.cira.colostate.edu/fed/DataWizard 2019-12-16"
Statistics:                   arithmetic mean
Data level:                   2
Period code:                  1y
Resolution code:              3d
Sample duration:              1d
Orig. time res.:              3d
Station code:                 US1810R
Platform code:                US1810S
Station name:                 Mammoth Cave National Park-Houchin Meadow
Station latitude:             37.1317
Station longitude:            -86.148
Station altitude:             236.0 m
Regime:                       IMG
Component:                    
Unit:                         ug/m3
Matrix:                       
Laboratory code:              US03L
Instrument type:              filterpack
Instrument name:              filterpack_US1810
Method ref:                   US03L_IMPROVE_Davis
Blank correction:             Blank corrected
Volume std. temperature:      ambient
Volume std. pressure:         ambient
starttime endtime PM10 flag_PM10 PM2.5 flag_PM2.5
  2.25   3.25   2.500 0.000   1.786 0.000
  5.25   6.25   8.559 0.000   5.990 0.000
  8.25   9.25   9.466 0.000   4.196 0.000
 11.25  12.25   9.507 0.000   8.301 0.000
 14.25  15.25  15.623 0.000  13.602 0.000
 17.25  18.25   4.444 0.000   3.045 0.000
 20.25  21.25   6.643 0.000   4.529 0.000
 23.25  24.25  15.132 0.000  12.257 0.000
 26.25  27.25  10.000 0.000 999.999 0.456
 29.25  30.25   4.785 0.000   3.432 0.000
 32.25  33.25   6.042 0.000   4.690 0.000
 35.25  36.25 999.999 0.456   4.851 0.000
 38.25  39.25  10.573 0.000   8.378 0.000
 41.25  42.25  13.594 0.000  10.815 0.000
 44.25  45.25  12.138 0.000   7.122 0.000
 47.25  48.25  16.037 0.000  12.544 0.000
 50.25  51.25  10.233 0.000   7.132 0.000
 53.25  54.25   9.452 0.000   7.422 0.000
 56.25  57.25  17.232 0.000  11.291 0.000
 59.25  60.25  14.240 0.000  12.484 0.000
 62.25  63.25   1.851 0.000   1.648 0.000
 65.25  66.25   8.610 0.000   6.378 0.000
 68.25  69.25   9.947 0.000   6.676 0.000
 71.25  72.25  10.462 0.000   4.594 0.000
 74.25  75.25  14.290 0.000   4.341 0.000
 77.25  78.25  15.097 0.000   5.000 0.000
 80.25  81.25  15.723 0.000   6.973 0.000
 83.25  84.25  12.386 0.000   7.246 0.000
 86.25  87.25   5.723 0.000   3.135 0.000
 89.25  90.25  12.332 0.000   5.384 0.000
 92.25  93.25   7.849 0.000   4.996 0.000
 95.25  96.25   8.053 0.000   5.248 0.000
 98.25  99.25  11.399 0.000   7.044 0.000
101.25 102.25   8.290 0.000   4.627 0.000
104.25 105.25   7.154 0.000   3.961 0.000
107.25 108.25   8.705 0.000   5.692 0.000
110.25 111.25  10.055 0.000   3.750 0.000
113.25 114.25   7.492 0.000   3.704 0.000
116.25 117.25   6.635 0.000   4.363 0.000
119.25 120.25  10.211 0.000   6.679 0.000
122.25 123.25  11.392 0.000   8.504 0.000
125.25 126.25  16.346 0.000  12.132 0.000
128.25 129.25  17.126 0.000  11.356 0.000
131.25 132.25   9.309 0.000   4.187 0.000
134.25 135.25  17.695 0.000  11.041 0.000
137.25 138.25   8.853 0.000   5.203 0.000
140.25 141.25  11.234 0.000   8.328 0.000
143.25 144.25  13.826 0.000   8.667 0.000
146.25 147.25  11.306 0.000   6.502 0.000
149.25 150.25  11.863 0.000   6.920 0.000
152.25 153.25   7.779 0.000   4.816 0.000
155.25 156.25  11.631 0.000   8.985 0.000
158.25 159.25  15.125 0.000  11.198 0.000
161.25 162.25  16.710 0.000  12.608 0.000
164.25 165.25  15.568 0.000   8.127 0.000
167.25 168.25  19.207 0.000  11.287 0.000
170.25 171.25  10.557 0.000   6.585 0.000
173.25 174.25  58.636 0.000  24.891 0.000
176.25 177.25  15.094 0.000   8.278 0.000
179.25 180.25  13.406 0.000   8.712 0.000
182.25 183.25   7.502 0.000   4.490 0.000
185.25 186.25  15.983 0.000  10.963 0.000
188.25 189.25  24.117 0.000  11.393 0.000
191.25 192.25  24.317 0.000  14.286 0.000
194.25 195.25  19.387 0.000  11.122 0.000
197.25 198.25  17.491 0.000  11.663 0.000
200.25 201.25  13.517 0.000   9.172 0.000
203.25 204.25 999.999 0.999 999.999 0.999
206.25 207.25  20.346 0.000  16.855 0.000
209.25 210.25  14.338 0.000   9.300 0.000
212.25 213.25  13.282 0.000   6.377 0.000
215.25 216.25  18.002 0.000  11.784 0.000
218.25 219.25  10.549 0.000   7.171 0.000
221.25 222.25  12.588 0.000   8.837 0.000
224.25 225.25   7.310 0.000   4.291 0.000
227.25 228.25  12.804 0.000   7.775 0.000
230.25 231.25   9.193 0.000   4.736 0.000
233.25 234.25   9.109 0.000   6.191 0.000
236.25 237.25  11.599 0.000   4.795 0.000
239.25 240.25  10.776 0.000   7.506 0.000
242.25 243.25  11.706 0.000   8.678 0.000
245.25 246.25  15.056 0.000  11.391 0.000
248.25 249.25  17.672 0.000  11.744 0.000
251.25 252.25   9.297 0.000   5.735 0.000
254.25 255.25   7.725 0.000   3.137 0.000
257.25 258.25   7.539 0.000   4.561 0.000
260.25 261.25  10.354 0.000   6.551 0.000
263.25 264.25   5.968 0.000   3.663 0.000
266.25 267.25   8.444 0.000   4.678 0.000
269.25 270.25   4.965 0.000   2.057 0.000
272.25 273.25  11.855 0.000   7.812 0.000
275.25 276.25   3.787 0.000   2.262 0.000
278.25 279.25   7.171 0.000   3.703 0.000
281.25 282.25  21.199 0.000  12.554 0.000
284.25 285.25  13.945 0.000   6.835 0.000
287.25 288.25  19.866 0.000   5.393 0.000
290.25 291.25   6.067 0.000   3.014 0.000
293.25 294.25  13.164 0.000   7.412 0.000
296.25 297.25  13.214 0.000   6.129 0.000
299.25 300.25   4.287 0.000   2.501 0.000
302.25 303.25   4.564 0.000   2.778 0.000
305.25 306.25   6.464 0.000   4.025 0.000
308.25 309.25   9.659 0.000   6.624 0.000
311.25 312.25   6.006 0.000   4.185 0.000
314.25 315.25   9.887 0.000   7.094 0.000
317.25 318.25   7.209 0.000   3.866 0.000
320.25 321.25   9.000 0.000   5.449 0.000
323.25 324.25   4.117 0.000   1.680 0.000
326.25 327.25   5.217 0.000   3.396 0.000
329.25 330.25   6.941 0.000   3.200 0.000
332.25 333.25   1.957 0.000   0.981 0.000
335.25 336.25   4.795 0.000   2.952 0.000
338.25 339.25   5.339 0.000   4.128 0.000
341.25 342.25   9.111 0.000   6.809 0.000
344.25 345.25  12.247 0.000   9.259 0.000
347.25 348.25   3.000 0.000   1.597 0.000
350.25 351.25   4.030 0.000   2.215 0.000
353.25 354.25   5.310 0.000   3.930 0.000
356.25 357.25   3.791 0.000   2.137 0.000
359.25 360.25   4.134 0.000   2.055 0.000
362.25 363.25 999.999 0.999 999.999 0.999
