scripts/IMPROVE-2019_partial/data/US1810R.20110103060000.20191216000000.filterpack...1y.3d.US03L_filterpack_US1810.US03L_IMPROVE_Davis.lev2.nas
51 1001
MISSING INFORMATION
US03L, IMPROVE, , , , , , , 
MISSING INFORMATION
IMPROVE sel_HTAP
1 1
2011 01 01 2019 12 16
3.00
days from file reference point
4
1 1 1 1
999.99 999.999 999.999 9.999
end_time of measurement, days from the file reference point
pm10_mass, ug/m3, Matrix=pm10
pm25_mass, ug/m3, Matrix=pm25
numflag, no unit
0
33
Data definition:              EBAS_1.1
Set type code:                TU
Timezone:                     UTC
File name:                    US1810R.20110103060000.20191216000000.filterpack...1y.3d.US03L_filterpack_US1810.US03L_IMPROVE_Davis.lev2.nas
File creation:                20191218120336
Startdate:                    20110103060000
Revision date:                20191216000000
Version:                      2
Version description:          "Data extracted from http://views.cira.colostate.edu/fed/DataWizard 2019-12-16"
Statistics:                   arithmetic mean
Data level:                   2
Period code:                  1y
Resolution code:              3d
Sample duration:              1d
Orig. time res.:              3d
Station code:                 US1810R
Platform code:                US1810S
Station name:                 Mammoth Cave National Park-Houchin Meadow
Station latitude:             37.1317
Station longitude:            -86.148
Station altitude:             236.0 m
Regime:                       IMG
Component:                    
Unit:                         ug/m3
Matrix:                       
Laboratory code:              US03L
Instrument type:              filterpack
Instrument name:              filterpack_US1810
Method ref:                   US03L_IMPROVE_Davis
Blank correction:             Blank corrected
Volume std. temperature:      ambient
Volume std. pressure:         ambient
starttime endtime PM10 PM2.5 flag
  2.25   3.25   6.849   4.670 0.000
  5.25   6.25  14.566  11.363 0.000
  8.25   9.25   7.459   5.545 0.000
 11.25  12.25  14.318  11.930 0.000
 14.25  15.25  12.584   9.245 0.000
 17.25  18.25  12.329  10.013 0.000
 20.25  21.25   9.509   7.867 0.000
 23.25  24.25  11.327   8.157 0.000
 26.25  27.25  16.738  13.859 0.000
 29.25  30.25  13.244  10.134 0.000
 32.25  33.25   6.077   4.203 0.000
 35.25  36.25   8.348   7.164 0.000
 38.25  39.25   8.647   6.870 0.000
 41.25  42.25  11.578   9.125 0.000
 44.25  45.25  10.157   7.094 0.000
 47.25  48.25  19.182  14.173 0.000
 50.25  51.25  13.656   9.676 0.000
 53.25  54.25  10.842   8.096 0.000
 56.25  57.25  12.275  10.413 0.000
 59.25  60.25   9.144   7.568 0.000
 62.25  63.25  17.868  10.642 0.000
 65.25  66.25   7.855   6.636 0.000
 68.25  69.25  10.329   8.393 0.000
 71.25  72.25   8.786   4.521 0.000
 74.25  75.25  12.419   9.439 0.000
 77.25  78.25   5.351   3.646 0.000
 80.25  81.25  15.674   9.646 0.000
 83.25  84.25  12.227   8.917 0.000
 86.25  87.25   9.896   7.880 0.000
 89.25  90.25  14.071  11.508 0.000
 92.25  93.25  10.149   5.884 0.000
 95.25  96.25   6.571   3.360 0.000
 98.25  99.25  21.432  13.233 0.000
101.25 102.25   5.342   3.060 0.000
104.25 105.25  15.091  10.064 0.000
107.25 108.25  16.633   9.312 0.000
110.25 111.25  10.921   6.049 0.000
113.25 114.25   8.493   3.521 0.000
116.25 117.25   8.573   4.653 0.000
119.25 120.25  11.272   6.417 0.000
122.25 123.25   7.838   4.759 0.000
125.25 126.25  10.975   8.094 0.000
128.25 129.25  21.824  14.303 0.000
131.25 132.25  22.100  12.135 0.000
134.25 135.25   5.817   3.696 0.000
137.25 138.25  16.847  11.672 0.000
140.25 141.25  22.492  14.983 0.000
143.25 144.25   8.406   8.048 0.000
146.25 147.25  12.773   9.694 0.000
149.25 150.25  23.038  17.495 0.000
152.25 153.25  17.088  10.999 0.000
155.25 156.25  22.817  17.240 0.000
158.25 159.25  28.860  21.695 0.000
161.25 162.25  20.671  11.547 0.000
164.25 165.25  13.092   9.611 0.000
167.25 168.25  11.771   7.101 0.000
170.25 171.25  15.998   8.908 0.000
173.25 174.25  16.427   8.211 0.000
176.25 177.25  10.495   5.563 0.000
179.25 180.25  12.434   6.870 0.000
182.25 183.25  16.637  12.606 0.000
185.25 186.25  17.420  13.754 0.000
188.25 189.25  12.025   8.124 0.000
191.25 192.25  21.498  14.422 0.000
194.25 195.25  18.808  13.846 0.000
197.25 198.25  14.927   9.614 0.000
200.25 201.25  26.983  18.522 0.000
203.25 204.25  14.074  10.350 0.000
206.25 207.25  20.227  16.192 0.000
209.25 210.25  13.021   9.600 0.000
212.25 213.25  29.167  22.720 0.000
215.25 216.25  14.472  10.982 0.000
218.25 219.25  11.728   8.935 0.000
221.25 222.25  15.428   9.693 0.000
224.25 225.25  11.794   7.792 0.000
227.25 228.25  11.885   9.800 0.000
230.25 231.25  16.634  10.144 0.000
233.25 234.25  13.049   7.615 0.000
236.25 237.25  19.878  12.711 0.000
239.25 240.25  17.669  11.087 0.000
242.25 243.25  21.521  16.910 0.000
245.25 246.25  23.101  17.126 0.000
248.25 249.25   6.785   4.694 0.000
251.25 252.25  15.840   8.826 0.000
254.25 255.25  17.124  12.804 0.000
257.25 258.25   8.815   5.189 0.000
260.25 261.25  11.761   8.211 0.000
263.25 264.25  12.676   6.962 0.000
266.25 267.25  10.145   5.649 0.000
269.25 270.25  13.494   6.595 0.000
272.25 273.25  16.501   3.606 0.000
275.25 276.25   9.776   5.005 0.000
278.25 279.25  11.009   6.451 0.000
281.25 282.25  12.172   8.659 0.000
284.25 285.25  12.352   8.575 0.000
287.25 288.25  11.872   4.179 0.000
290.25 291.25   9.911   4.977 0.000
293.25 294.25  11.054   4.469 0.000
296.25 297.25  13.632   7.930 0.000
299.25 300.25   7.571   5.245 0.000
302.25 303.25  11.344   5.683 0.000
305.25 306.25  13.182   8.443 0.000
308.25 309.25  12.225   9.634 0.000
311.25 312.25  12.082   5.135 0.000
314.25 315.25   9.217   4.593 0.000
317.25 318.25   7.223   5.909 0.000
320.25 321.25   3.473   2.284 0.000
323.25 324.25   6.425   6.938 0.000
326.25 327.25   5.122   5.556 0.000
329.25 330.25   5.107   4.781 0.000
332.25 333.25   1.183   1.230 0.000
335.25 336.25   6.239   6.253 0.000
338.25 339.25   2.731   3.188 0.000
341.25 342.25   5.070   5.060 0.000
344.25 345.25   4.130   4.337 0.000
347.25 348.25   4.202   4.496 0.000
350.25 351.25   8.283   8.569 0.000
353.25 354.25   7.594   7.760 0.000
356.25 357.25   6.893   7.146 0.000
359.25 360.25   3.200   3.293 0.000
362.25 363.25   4.260   3.848 0.000
