scripts/IMPROVE-2019_partial/data/US1810R.19970101060000.20191216000000.filterpack...1y.3d.US03L_filterpack_US1810.US03L_IMPROVE_Davis.lev2.nas
51 1001
MISSING INFORMATION
US03L, IMPROVE, , , , , , , 
MISSING INFORMATION
IMPROVE sel_HTAP
1 1
1997 01 01 2019 12 16
0
days from file reference point
4
1 1 1 1
999.99 999.999 999.999 9.999
end_time of measurement, days from the file reference point
pm10_mass, ug/m3, Matrix=pm10
pm25_mass, ug/m3, Matrix=pm25
numflag, no unit
0
33
Data definition:              EBAS_1.1
Set type code:                TI
Timezone:                     UTC
File name:                    US1810R.19970101060000.20191216000000.filterpack...1y.3d.US03L_filterpack_US1810.US03L_IMPROVE_Davis.lev2.nas
File creation:                20191218120334
Startdate:                    19970101060000
Revision date:                20191216000000
Version:                      2
Version description:          "Data extracted from http://views.cira.colostate.edu/fed/DataWizard 2019-12-16"
Statistics:                   arithmetic mean
Data level:                   2
Period code:                  1y
Resolution code:              3d
Sample duration:              1d
Orig. time res.:              3d
Station code:                 US1810R
Platform code:                US1810S
Station name:                 Mammoth Cave National Park-Houchin Meadow
Station latitude:             37.1317
Station longitude:            -86.148
Station altitude:             236.0 m
Regime:                       IMG
Component:                    
Unit:                         ug/m3
Matrix:                       
Laboratory code:              US03L
Instrument type:              filterpack
Instrument name:              filterpack_US1810
Method ref:                   US03L_IMPROVE_Davis
Blank correction:             Blank corrected
Volume std. temperature:      ambient
Volume std. pressure:         ambient
starttime endtime PM10 PM2.5 flag
  0.25   1.25  14.597  10.886 0.000
  3.25   4.25  11.960   8.681 0.000
  7.25   8.25  10.739   8.060 0.000
 10.25  11.25   9.017   7.994 0.000
 14.25  15.25  16.797  13.576 0.000
 17.25  18.25   8.879   5.648 0.000
 21.25  22.25 999.999  11.192 0.000
 24.25  25.25   8.176   7.723 0.000
 28.25  29.25  11.528  11.155 0.000
 31.25  32.25  16.031   8.688 0.000
 35.25  36.25 999.999  13.952 0.000
 38.25  39.25 999.999  18.718 0.000
 42.25  43.25  20.081  13.730 0.000
 45.25  46.25  10.883  10.274 0.000
 49.25  50.25  21.511  19.722 0.000
 52.25  53.25 999.999   7.037 0.000
 56.25  57.25  15.326 999.999 0.000
 59.25  60.25  18.622   9.475 0.000
 63.25  64.25  18.849  18.105 0.000
 66.25  67.25  13.923  11.347 0.000
 70.25  71.25   8.381   7.225 0.000
 73.25  74.25   7.443   5.356 0.000
 77.25  78.25 999.999  11.011 0.000
 80.25  81.25  11.480   8.502 0.000
 84.25  85.25  10.434   5.574 0.000
 87.25  88.25  17.326  11.471 0.000
 91.25  92.25  12.772   7.384 0.000
 94.25  95.25  16.921  17.455 0.000
 98.25  99.25  13.371  13.364 0.000
101.25 102.25  20.272  14.881 0.000
105.25 106.25  14.107  11.055 0.000
108.25 109.25  17.196  15.633 0.000
112.25 113.25  15.616 999.999 0.000
115.25 116.25  22.625  18.390 0.000
119.25 120.25  18.705 999.999 0.000
122.25 123.25  12.431   9.654 0.000
126.25 127.25  18.817   7.450 0.000
129.25 130.25   7.904   5.808 0.000
133.25 134.25  13.700   7.720 0.000
136.25 137.25  16.980   9.580 0.000
140.25 141.25  15.532  14.819 0.000
143.25 144.25  33.280  26.999 0.000
147.25 148.25  22.230  14.231 0.000
150.25 151.25  14.342  11.824 0.000
154.25 155.25  18.108  16.474 0.000
157.25 158.25  17.649  13.235 0.000
161.25 162.25  17.911  14.268 0.000
164.25 165.25  14.344  11.824 0.000
168.25 169.25  30.653  14.329 0.000
171.25 172.25 999.999 999.999 0.999
175.25 176.25  31.439  32.617 0.000
178.25 179.25  24.759  23.106 0.000
182.25 183.25  34.200  22.141 0.000
185.25 186.25  13.436   7.848 0.000
189.25 190.25  20.390  15.695 0.000
192.25 193.25  26.374  22.203 0.000
196.25 197.25  20.645  19.262 0.000
199.25 200.25  44.422  33.744 0.000
203.25 204.25  35.974  23.764 0.000
206.25 207.25  45.272  40.638 0.000
210.25 211.25  32.458  17.314 0.000
213.25 214.25  32.269  29.475 0.000
217.25 218.25  19.900  14.546 0.000
220.25 221.25  20.154  19.221 0.000
224.25 225.25  18.033  12.928 0.000
227.25 228.25  16.418   8.867 0.000
231.25 232.25  15.905  14.106 0.000
234.25 235.25  13.361  10.107 0.000
238.25 239.25  31.511  26.526 0.000
241.25 242.25  24.642  19.137 0.000
245.25 246.25  21.701  18.403 0.000
248.25 249.25  31.929  27.246 0.000
252.25 253.25  27.400  18.956 0.000
255.25 256.25  18.877  15.078 0.000
259.25 260.25  30.910  24.399 0.000
262.25 263.25  31.627  25.370 0.000
266.25 267.25  17.097  14.045 0.000
269.25 270.25  18.003  13.297 0.000
273.25 274.25  12.661   8.720 0.000
276.25 277.25  33.801  26.996 0.000
280.25 281.25  38.717  27.932 0.000
283.25 284.25  27.891  22.178 0.000
287.25 288.25   8.530   5.719 0.000
290.25 291.25  15.474  11.995 0.000
294.25 295.25  14.229   5.105 0.000
297.25 298.25  13.697  11.663 0.000
301.25 302.25  18.095  12.291 0.000
304.25 305.25  12.738  12.526 0.000
308.25 309.25 999.999   9.196 0.000
311.25 312.25 999.999  11.828 0.000
315.25 316.25  11.624   7.039 0.000
318.25 319.25  13.964  11.174 0.000
322.25 323.25 999.999 999.999 0.999
325.25 326.25 999.999 999.999 0.999
329.25 330.25 999.999 999.999 0.999
332.25 333.25 999.999 999.999 0.999
336.25 337.25  10.435   9.037 0.000
339.25 340.25   6.614   5.613 0.000
343.25 344.25   9.612   8.484 0.000
346.25 347.25  13.300  12.454 0.000
350.25 351.25  15.285  14.657 0.000
353.25 354.25  24.133  18.106 0.000
357.25 358.25   8.496   5.398 0.000
360.25 361.25  10.708   8.847 0.000
364.25 365.25   8.749   5.466 0.000
