scripts/IMPROVE-2019_partial/data/US1810R.20010101060000.20191216000000.filterpack..pm25.52w.1w.US03L_filterpack_US1810.US03L_IMPROVE_Davis.lev2.nas
64 1001
MISSING INFORMATION
US03L, IMPROVE, , , , , , , 
MISSING INFORMATION
IMPROVE sel_HTAP
1 1
2001 01 01 2019 12 16
3.00
days from file reference point
25
1 1 1 1 1 1 1 1 1 1 1 1 1 1 1 1 1 1 1 1 1 1 1 1 1
999.99 9999.99 9.999 99.99 9.999 9.999 9.999999 99.99 9.999 99.999 9.999 99.999 9.999 99.999 9.999 999.999 9.999 999.999 9.999 999.999 9.999 9.999 9.999 99.999 9.999
end_time of measurement, days from the file reference point
iron, ng/m3, Revision date=20181210133000
numflag iron, no unit, Revision date=20181210133000
lead, ng/m3, Revision date=20181210133000
numflag lead, no unit, Revision date=20181210133000
magnesium, ug/m3, Revision date=20181210133000
numflag magnesium, no unit, Revision date=20181210133000
nickel, ng/m3, Revision date=20181210133000
numflag nickel, no unit, Revision date=20181210133000
nitrate, ug N/m3, Revision date=20181210133000
numflag nitrate, no unit, Revision date=20181210133000
organic_carbon, ug C/m3, Revision date=20181210133000
numflag organic_carbon, no unit, Revision date=20181210133000
organic_mass, ug/m3, Revision date=20181210133000
numflag organic_mass, no unit, Revision date=20181210133000
pm10_mass, ug/m3, Version=2, Version description=Data extracted from http://views.cira.colostate.edu/fed/DataWizard 2019-12-16, Sample duration=1d, Orig. time res.=3d, Matrix=pm10, Blank correction=Blank corrected, Volume std. temperature=ambient, Volume std. pressure=ambient
numflag pm10_mass, no unit, Version=2, Version description=Data extracted from http://views.cira.colostate.edu/fed/DataWizard 2019-12-16, Sample duration=1d, Orig. time res.=3d, Matrix=pm10, Blank correction=Blank corrected, Volume std. temperature=ambient, Volume std. pressure=ambient
pm10_pm25_mass, ug/m3, Revision date=20181210133000, Matrix=pm10_pm25
numflag pm10_pm25_mass, no unit, Revision date=20181210133000, Matrix=pm10_pm25
pm25_mass, ug/m3, Version=2, Version description=Data extracted from http://views.cira.colostate.edu/fed/DataWizard 2019-12-16, Sample duration=1d, Orig. time res.=3d, Blank correction=Blank corrected, Volume std. temperature=ambient, Volume std. pressure=ambient
numflag pm25_mass, no unit, Version=2, Version description=Data extracted from http://views.cira.colostate.edu/fed/DataWizard 2019-12-16, Sample duration=1d, Orig. time res.=3d, Blank correction=Blank corrected, Volume std. temperature=ambient, Volume std. pressure=ambient
potassium, ug/m3, Revision date=20181210133000
numflag potassium, no unit, Revision date=20181210133000
sulphate_total, ug S/m3, Revision date=20181210133000
numflag sulphate_total, no unit, Revision date=20181210133000
0
25
Data definition:              EBAS_1.1
Set type code:                TU
Timezone:                     UTC
File name:                    US1810R.20010101060000.20191216000000.filterpack..pm25.52w.1w.US03L_filterpack_US1810.US03L_IMPROVE_Davis.lev2.nas
File creation:                20191218120334
Startdate:                    20010101060000
Revision date:                20191216000000
Statistics:                   arithmetic mean
Data level:                   2
Period code:                  52w
Resolution code:              1w
Station code:                 US1810R
Platform code:                US1810S
Station name:                 Mammoth Cave National Park-Houchin Meadow
Station latitude:             37.1317
Station longitude:            -86.148
Station altitude:             236.0 m
Regime:                       IMG
Component:                    
Matrix:                       pm25
Laboratory code:              US03L
Instrument type:              filterpack
Instrument name:              filterpack_US1810
Method ref:                   US03L_IMPROVE_Davis
starttime endtime Fe flag_Fe Pb flag_Pb Mg++ flag_Mg++ Ni flag_Ni NO3- flag_NO3- OC flag_OC OM flag_OM PM10 flag_PM10 PM10-PM2.5 flag_PM10-PM2.5 PM2.5 flag_PM2.5 K+ flag_K+ SO4-- flag_SO4--
[from data line 93]
279.25 280.25   20.56 0.000  2.45 0.000 9.999 0.259000 99.99 0.259  0.052 0.000  0.881 0.000  1.234 0.000   5.218 0.000   1.016 0.000   4.202 0.000 0.051 0.000  0.474 0.000
282.25 283.25   19.71 0.000  1.72 0.000 9.999 0.259000  0.19 0.000  0.205 0.000  1.559 0.000  2.182 0.000   8.886 0.000   1.441 0.000   7.445 0.000 0.056 0.000  0.863 0.000
285.25 286.25   12.02 0.000  0.95 0.000 9.999 0.259000  0.43 0.000  0.161 0.000  1.703 0.000  2.384 0.000  11.104 0.000   1.993 0.000   9.111 0.000 0.043 0.000  1.236 0.000
288.25 289.25   16.50 0.000  1.29 0.000 9.999 0.259000 99.99 0.259  0.068 0.000  0.432 0.000  0.605 0.000   4.138 0.000   0.789 0.000   3.349 0.000 0.017 0.000  0.526 0.000
291.25 292.25   34.59 0.000  2.56 0.000 9.999 0.259000 99.99 0.259  0.152 0.559  3.929 0.000  5.500 0.000  12.237 0.000 999.999 0.259  12.332 0.000 0.071 0.000  1.057 0.559
294.25 295.25   23.51 0.000  2.40 0.000 9.999 0.259000 99.99 0.259  0.172 0.000  3.678 0.000  5.149 0.000  17.511 0.000   1.693 0.000  15.818 0.000 0.059 0.000  1.870 0.000
297.25 298.25   17.96 0.000  0.95 0.000 9.999 0.259000 99.99 0.259  0.075 0.559  0.672 0.000  0.941 0.000   5.003 0.000   2.237 0.000   2.766 0.000 0.040 0.000  0.210 0.559
300.25 301.25   14.12 0.000  3.12 0.000 9.999 0.259000 99.99 0.259  0.143 0.000  0.714 0.000  0.999 0.000   4.378 0.000   0.507 0.000   3.871 0.000 0.028 0.000  0.502 0.000
303.25 304.25   43.16 0.000  2.65 0.000 9.999 0.259000 99.99 0.259  0.164 0.000  3.719 0.000  5.207 0.000  13.776 0.000 999.999 0.259  13.889 0.000 0.086 0.000  1.371 0.000
306.25 307.25   18.93 0.000  2.44 0.000 9.999 0.259000 99.99 0.259  0.236 0.000  1.279 0.000  1.791 0.000   6.011 0.000   0.532 0.000   5.479 0.000 0.043 0.000  0.562 0.000
309.25 310.25   18.29 0.000  1.36 0.000 9.999 0.259000 99.99 0.259  0.050 0.000  0.889 0.000  1.245 0.000   4.829 0.000   1.410 0.000   3.420 0.000 0.033 0.000  0.293 0.000
312.25 313.25   18.36 0.000  1.75 0.000 9.999 0.259000  0.11 0.000  0.232 0.000  0.982 0.000  1.374 0.000   6.081 0.000   0.426 0.000   5.655 0.000 0.041 0.000  0.747 0.000
315.25 316.25   14.20 0.000  1.50 0.000 9.999 0.259000 99.99 0.259  0.156 0.000  2.362 0.000  3.307 0.000   8.333 0.000   0.083 0.000   8.250 0.000 0.053 0.000  0.747 0.000
318.25 319.25   48.15 0.000  2.04 0.000 9.999 0.259000  0.12 0.000  0.270 0.000  5.736 0.000  8.030 0.000  22.758 0.000   2.740 0.000  20.018 0.000 0.097 0.000  2.127 0.000
321.25 322.25   45.52 0.000  2.47 0.000 9.999 0.259000 99.99 0.259  0.377 0.000  5.730 0.000  8.022 0.000  28.080 0.000   2.657 0.000  25.423 0.000 0.103 0.000  3.244 0.000
324.25 325.25   81.28 0.000  1.34 0.000 9.999 0.259000 99.99 0.259  0.424 0.000  1.308 0.000  1.832 0.000   4.392 0.000   0.517 0.000   3.875 0.000 0.069 0.000  0.322 0.000
327.25 328.25   15.45 0.000  1.73 0.000 9.999 0.259000 99.99 0.259  0.076 0.000  1.007 0.000  1.409 0.000   6.608 0.000   1.154 0.000   5.454 0.000 0.032 0.000  0.809 0.000
330.25 331.25   38.94 0.000  2.78 0.000 9.999 0.259000  0.18 0.000  0.167 0.000  1.839 0.000  2.574 0.000   9.734 0.000   1.582 0.000   8.152 0.000 0.059 0.000  1.032 0.000
333.25 334.25    5.35 0.000  0.74 0.000 9.999 0.259000 99.99 0.259  0.080 0.000  0.408 0.000  0.571 0.000   1.652 0.000   0.351 0.000   1.300 0.000 0.013 0.000  0.150 0.000
336.25 337.25   25.93 0.000  3.71 0.000 9.999 0.259000 99.99 0.259  0.238 0.000  1.927 0.000  2.698 0.000   8.108 0.000 999.999 0.259   8.494 0.000 0.062 0.000  0.836 0.000
339.25 340.25   25.09 0.000  2.85 0.000 9.999 0.259000  0.35 0.000  0.396 0.559  4.613 0.000  6.459 0.000  13.142 0.000 999.999 0.259  13.209 0.000 0.083 0.000  1.302 0.559
342.25 343.25   23.72 0.000  5.00 0.000 9.999 0.259000 99.99 0.259  1.233 0.000  1.138 0.000  1.593 0.000  11.473 0.000   0.671 0.000  10.803 0.000 0.032 0.000  1.215 0.000
345.25 346.25   11.97 0.000  1.16 0.000 9.999 0.259000 99.99 0.259  0.363 0.559  1.602 0.000  2.243 0.000   7.920 0.000   0.178 0.000   7.742 0.000 0.035 0.000  1.094 0.559
348.25 349.25    9.75 0.000  1.63 0.000 9.999 0.259000  0.09 0.000  0.071 0.000  0.637 0.000  0.892 0.000   5.405 0.000   0.131 0.000   5.274 0.000 0.017 0.000  0.886 0.000
351.25 352.25   28.05 0.000  3.31 0.000 0.146 0.000000 99.99 0.259  0.501 0.000  0.986 0.000  1.381 0.000   7.397 0.000 999.999 0.259   7.620 0.000 0.028 0.000  1.281 0.000
354.25 355.25   35.15 0.000  1.91 0.000 9.999 0.259000 99.99 0.259  0.224 0.559  1.349 0.000  1.889 0.000   3.641 0.000 999.999 0.259   3.796 0.000 0.060 0.000  0.254 0.559
357.25 358.25   56.21 0.000  1.26 0.000 9.999 0.259000 99.99 0.259  0.225 0.000  0.672 0.000  0.941 0.000   3.434 0.000   0.112 0.000   3.323 0.000 0.030 0.000  0.345 0.000
360.25 361.25   19.53 0.000  2.13 0.000 9.999 0.259000 99.99 0.259  0.812 0.000  1.526 0.000  2.136 0.000   8.083 0.000 999.999 0.259   8.387 0.000 0.044 0.000  0.517 0.000
363.25 364.25   30.14 0.000  1.81 0.000 9.999 0.259000 99.99 0.259  0.575 0.000  1.104 0.000  1.546 0.000   6.337 0.000 999.999 0.259   6.706 0.000 0.039 0.000  0.732 0.000
