scripts/IMPROVE-2019_partial/data/US1810R.19950104060000.20191216000000.filterpack...1y.3d.US03L_filterpack_US1810.US03L_IMPROVE_Davis.lev2.nas
51 1001
MISSING INFORMATION
US03L, IMPROVE, , , , , , , 
MISSING INFORMATION
IMPROVE sel_HTAP
1 1
1995 01 01 2019 12 16
0
days from file reference point
4
1 1 1 1
999.99 999.999 999.999 9.999
end_time of measurement, days from the file reference point
pm10_mass, ug/m3, Matrix=pm10
pm25_mass, ug/m3, Matrix=pm25
numflag, no unit
0
33
Data definition:              EBAS_1.1
Set type code:                TI
Timezone:                     UTC
File name:                    US1810R.19950104060000.20191216000000.filterpack...1y.3d.US03L_filterpack_US1810.US03L_IMPROVE_Davis.lev2.nas
File creation:                20191218120334
Startdate:                    19950104060000
Revision date:                20191216000000
Version:                      2
Version description:          "Data extracted from http://views.cira.colostate.edu/fed/DataWizard 2019-12-16"
Statistics:                   arithmetic mean
Data level:                   2
Period code:                  1y
Resolution code:              3d
Sample duration:              1d
Orig. time res.:              3d
Station code:                 US1810R
Platform code:                US1810S
Station name:                 Mammoth Cave National Park-Houchin Meadow
Station latitude:             37.1317
Station longitude:            -86.148
Station altitude:             236.0 m
Regime:                       IMG
Component:                    
Unit:                         ug/m3
Matrix:                       
Laboratory code:              US03L
Instrument type:              filterpack
Instrument name:              filterpack_US1810
Method ref:                   US03L_IMPROVE_Davis
Blank correction:             Blank corrected
Volume std. temperature:      ambient
Volume std. pressure:         ambient
starttime endtime PM10 PM2.5 flag
  3.25   4.25  10.175   4.062 0.000
  6.25   7.25   9.306   8.562 0.000
 10.25  11.25  17.350  11.375 0.000
 13.25  14.25   4.964   2.708 0.000
 17.25  18.25  13.544   9.143 0.000
 20.25  21.25  14.526   8.903 0.000
 24.25  25.25  13.368   8.762 0.000
 27.25  28.25  12.770   9.114 0.000
 31.25  32.25  12.050   6.562 0.000
 34.25  35.25   8.504   6.050 0.000
 38.25  39.25  11.083   5.629 0.000
 41.25  42.25   8.467   4.094 0.000
 45.25  46.25  12.872   9.681 0.000
 48.25  49.25  10.777   9.342 0.000
 52.25  53.25  14.603   9.603 0.000
 55.25  56.25   9.933   7.435 0.000
 59.25  60.25  19.604  13.765 0.000
 62.25  63.25  18.606  15.407 0.000
 66.25  67.25  12.906  11.324 0.000
 69.25  70.25  15.185  10.831 0.000
 73.25  74.25  30.663  18.185 0.000
 76.25  77.25  25.128   9.153 0.000
 80.25  81.25  15.440   8.421 0.000
 83.25  84.25  13.231   5.450 0.000
 87.25  88.25  12.080   8.736 0.000
 90.25  91.25  14.295   9.270 0.000
 94.25  95.25  13.478   4.969 0.000
 97.25  98.25  22.758  14.761 0.000
101.25 102.25  10.885   4.038 0.000
104.25 105.25  23.404  11.711 0.000
108.25 109.25  21.621   8.982 0.000
111.25 112.25  13.853   7.221 0.000
115.25 116.25  13.827   9.576 0.000
118.25 119.25  20.468  10.236 0.000
122.25 123.25  15.264  12.009 0.000
125.25 126.25  22.760  16.395 0.000
129.25 130.25  18.459   7.551 0.000
132.25 133.25  26.732  19.347 0.000
136.25 137.25  23.935  17.117 0.000
139.25 140.25  14.171  10.523 0.000
143.25 144.25  35.664  26.838 0.000
146.25 147.25  39.958  26.352 0.000
150.25 151.25  17.361  12.421 0.000
153.25 154.25  18.991  10.616 0.000
157.25 158.25  23.124  15.395 0.000
160.25 161.25 999.999 999.999 0.999
164.25 165.25 999.999 999.999 0.999
167.25 168.25  25.279  20.772 0.000
171.25 172.25  32.321  26.681 0.000
174.25 175.25  17.494  12.975 0.000
178.25 179.25  27.741  16.703 0.000
181.25 182.25  33.058  25.820 0.000
185.25 186.25  17.000   8.335 0.000
188.25 189.25  28.073  24.229 0.000
192.25 193.25 999.999  36.956 0.000
195.25 196.25 999.999  35.389 0.000
199.25 200.25  24.844  19.774 0.000
202.25 203.25  27.431  16.265 0.000
206.25 207.25  21.254  12.573 0.000
209.25 210.25  19.383  12.797 0.000
213.25 214.25  19.624  15.480 0.000
216.25 217.25  15.079   8.188 0.000
220.25 221.25  17.937 999.999 0.000
223.25 224.25  45.765  28.475 0.000
227.25 228.25  48.017  41.882 0.000
230.25 231.25  31.441  21.686 0.000
234.25 235.25  22.917  16.347 0.000
237.25 238.25  41.029  32.764 0.000
241.25 242.25  44.415  37.690 0.000
244.25 245.25  16.029  10.646 0.000
248.25 249.25  20.536  15.595 0.000
251.25 252.25  39.302  29.783 0.000
255.25 256.25 999.999 999.999 0.999
258.25 259.25  21.100  13.313 0.000
262.25 263.25 999.999 999.999 0.999
265.25 266.25   8.796   4.064 0.000
269.25 270.25  20.172  14.634 0.000
272.25 273.25  23.815  19.349 0.000
276.25 277.25  20.797  15.076 0.000
279.25 280.25   9.767   5.461 0.000
283.25 284.25  27.444  20.215 0.000
286.25 287.25  17.605   7.033 0.000
290.25 291.25  17.012  12.470 0.000
293.25 294.25   8.059   4.699 0.000
297.25 298.25   7.650   4.570 0.000
300.25 301.25   9.767   4.590 0.000
304.25 305.25  11.416   8.772 0.000
307.25 308.25   5.658   3.828 0.000
311.25 312.25  10.621   7.455 0.000
314.25 315.25   5.952   5.097 0.000
318.25 319.25  11.029   8.444 0.000
321.25 322.25  18.010  12.778 0.000
325.25 326.25   9.009   5.832 0.000
328.25 329.25  10.586   7.337 0.000
332.25 333.25 999.999  13.167 0.000
335.25 336.25  23.573  18.508 0.000
339.25 340.25   6.425   2.305 0.000
342.25 343.25  13.443   6.129 0.000
346.25 347.25  11.464  12.084 0.000
349.25 350.25   6.344   4.359 0.000
353.25 354.25  13.592   5.452 0.000
356.25 357.25  13.509 999.999 0.000
360.25 361.25  15.991   7.250 0.000
363.25 364.25  18.649  11.821 0.000
