scripts/IMPROVE-2019_partial/data/US1810R.19980103060000.20191216000000.filterpack...1y.3d.US03L_filterpack_US1810.US03L_IMPROVE_Davis.lev2.nas
51 1001
MISSING INFORMATION
US03L, IMPROVE, , , , , , , 
MISSING INFORMATION
IMPROVE sel_HTAP
1 1
1998 01 01 2019 12 16
0
days from file reference point
4
1 1 1 1
999.99 999.999 999.999 9.999
end_time of measurement, days from the file reference point
pm10_mass, ug/m3, Matrix=pm10
pm25_mass, ug/m3, Matrix=pm25
numflag, no unit
0
33
Data definition:              EBAS_1.1
Set type code:                TI
Timezone:                     UTC
File name:                    US1810R.19980103060000.20191216000000.filterpack...1y.3d.US03L_filterpack_US1810.US03L_IMPROVE_Davis.lev2.nas
File creation:                20191218120334
Startdate:                    19980103060000
Revision date:                20191216000000
Version:                      2
Version description:          "Data extracted from http://views.cira.colostate.edu/fed/DataWizard 2019-12-16"
Statistics:                   arithmetic mean
Data level:                   2
Period code:                  1y
Resolution code:              3d
Sample duration:              1d
Orig. time res.:              3d
Station code:                 US1810R
Platform code:                US1810S
Station name:                 Mammoth Cave National Park-Houchin Meadow
Station latitude:             37.1317
Station longitude:            -86.148
Station altitude:             236.0 m
Regime:                       IMG
Component:                    
Unit:                         ug/m3
Matrix:                       
Laboratory code:              US03L
Instrument type:              filterpack
Instrument name:              filterpack_US1810
Method ref:                   US03L_IMPROVE_Davis
Blank correction:             Blank corrected
Volume std. temperature:      ambient
Volume std. pressure:         ambient
starttime endtime PM10 PM2.5 flag
  2.25   3.25  13.026   7.896 0.000
  6.25   7.25   3.709   3.079 0.000
  9.25  10.25   6.254   6.723 0.000
 13.25  14.25  18.004   7.668 0.000
 16.25  17.25  19.676  12.294 0.000
 20.25  21.25  11.721  10.467 0.000
 23.25  24.25  24.866  17.579 0.000
 27.25  28.25  12.563   9.655 0.000
 30.25  31.25  15.180  10.234 0.000
 34.25  35.25   6.186 999.999 0.000
 37.25  38.25  18.653  16.262 0.000
 41.25  42.25  15.651 999.999 0.000
 44.25  45.25  19.053  13.054 0.000
 48.25  49.25  11.341   9.347 0.000
 51.25  52.25  15.017  15.101 0.000
 55.25  56.25  22.543   7.003 0.000
 58.25  59.25   9.248   8.432 0.000
 62.25  63.25  22.690  18.538 0.000
 65.25  66.25 999.999  19.119 0.000
 69.25  70.25   6.876   4.581 0.000
 72.25  73.25  13.435   8.954 0.000
 76.25  77.25  12.479  10.883 0.000
 79.25  80.25   7.573   5.923 0.000
 83.25  84.25  22.718  18.266 0.000
 86.25  87.25  31.616  12.851 0.000
 90.25  91.25  11.632   7.204 0.000
 93.25  94.25  11.736   8.558 0.000
 97.25  98.25  19.011  11.817 0.000
100.25 101.25  17.735  11.377 0.000
104.25 105.25  30.694  19.994 0.000
107.25 108.25 999.999  10.719 0.000
111.25 112.25   9.666   9.979 0.000
114.25 115.25  23.727  19.706 0.000
118.25 119.25  16.960  13.947 0.000
121.25 122.25  14.993   9.395 0.000
125.25 126.25  21.221  17.653 0.000
128.25 129.25  22.507  17.916 0.000
132.25 133.25  29.050  22.286 0.000
135.25 136.25  34.088  23.559 0.000
139.25 140.25  46.273  28.945 0.000
142.25 143.25  36.273  25.910 0.000
146.25 147.25  20.869  17.811 0.000
149.25 150.25  21.724  19.709 0.000
153.25 154.25  18.648  12.535 0.000
156.25 157.25  10.963   7.932 0.000
160.25 161.25  21.937   8.097 0.000
163.25 164.25  18.338   8.833 0.000
167.25 168.25  20.228  13.094 0.000
170.25 171.25  15.480  10.700 0.000
174.25 175.25  32.835  25.522 0.000
177.25 178.25  49.488  31.788 0.000
181.25 182.25 999.999  42.887 0.000
184.25 185.25  20.684  18.820 0.000
188.25 189.25  37.715  26.654 0.000
191.25 192.25  32.113  26.180 0.000
195.25 196.25  26.298  20.921 0.000
198.25 199.25  38.563  25.308 0.000
202.25 203.25  33.379  29.968 0.000
205.25 206.25  32.407  20.717 0.000
209.25 210.25  24.325  18.091 0.000
212.25 213.25  24.018  16.544 0.000
216.25 217.25  37.821  31.177 0.000
219.25 220.25  23.034  16.911 0.000
223.25 224.25  36.065  27.019 0.000
226.25 227.25  34.645  26.928 0.000
230.25 231.25  32.881  25.860 0.000
233.25 234.25  40.094  32.194 0.000
237.25 238.25  27.125  21.534 0.000
240.25 241.25  26.919  20.833 0.000
244.25 245.25  21.984  17.056 0.000
247.25 248.25  36.507  23.547 0.000
251.25 252.25   9.001   4.337 0.000
254.25 255.25  25.331  16.409 0.000
258.25 259.25  27.738  19.549 0.000
261.25 262.25  31.605  24.306 0.000
265.25 266.25  11.509   6.069 0.000
268.25 269.25  33.381  26.566 0.000
272.25 273.25  24.364  15.618 0.000
275.25 276.25  14.044  10.257 0.000
279.25 280.25  13.113   9.318 0.000
282.25 283.25  12.143   8.945 0.000
286.25 287.25  14.122   4.494 0.000
289.25 290.25  26.989  17.479 0.000
293.25 294.25   9.233   4.610 0.000
296.25 297.25   9.351   4.805 0.000
300.25 301.25  31.034  19.837 0.000
303.25 304.25  22.520  11.281 0.000
307.25 308.25   9.466   6.472 0.000
310.25 311.25  12.532   7.992 0.000
314.25 315.25   6.944   3.956 0.000
317.25 318.25  13.573  11.252 0.000
321.25 322.25  15.130  13.054 0.000
324.25 325.25  12.153   7.971 0.000
328.25 329.25  12.815   9.840 0.000
331.25 332.25  24.306  14.009 0.000
335.25 336.25  13.462   9.269 0.000
338.25 339.25  14.122   7.063 0.000
342.25 343.25  10.377   6.638 0.000
345.25 346.25   8.681   6.792 0.000
349.25 350.25  18.186  10.812 0.000
352.25 353.25  10.630 999.999 0.000
356.25 357.25  10.824   7.329 0.000
359.25 360.25   9.115 999.999 0.000
363.25 364.25   6.250   6.253 0.000
