scripts/IMPROVE-2019_partial/data/US1810R.19940101060000.20191216000000.filterpack...1y.3d.US03L_filterpack_US1810.US03L_IMPROVE_Davis.lev2.nas
51 1001
MISSING INFORMATION
US03L, IMPROVE, , , , , , , 
MISSING INFORMATION
IMPROVE sel_HTAP
1 1
1994 01 01 2019 12 16
0
days from file reference point
4
1 1 1 1
999.99 999.999 999.999 9.999
end_time of measurement, days from the file reference point
pm10_mass, ug/m3, Matrix=pm10
pm25_mass, ug/m3, Matrix=pm25
numflag, no unit
0
33
Data definition:              EBAS_1.1
Set type code:                TI
Timezone:                     UTC
File name:                    US1810R.19940101060000.20191216000000.filterpack...1y.3d.US03L_filterpack_US1810.US03L_IMPROVE_Davis.lev2.nas
File creation:                20191218120334
Startdate:                    19940101060000
Revision date:                20191216000000
Version:                      2
Version description:          "Data extracted from http://views.cira.colostate.edu/fed/DataWizard 2019-12-16"
Statistics:                   arithmetic mean
Data level:                   2
Period code:                  1y
Resolution code:              3d
Sample duration:              1d
Orig. time res.:              3d
Station code:                 US1810R
Platform code:                US1810S
Station name:                 Mammoth Cave National Park-Houchin Meadow
Station latitude:             37.1317
Station longitude:            -86.148
Station altitude:             236.0 m
Regime:                       IMG
Component:                    
Unit:                         ug/m3
Matrix:                       
Laboratory code:              US03L
Instrument type:              filterpack
Instrument name:              filterpack_US1810
Method ref:                   US03L_IMPROVE_Davis
Blank correction:             Blank corrected
Volume std. temperature:      ambient
Volume std. pressure:         ambient
starttime endtime PM10 PM2.5 flag
  0.25   1.25 999.999   9.183 0.000
  4.25   5.25 999.999   9.808 0.000
  7.25   8.25  18.940   7.476 0.000
 11.25  12.25 999.999 999.999 0.999
 14.25  15.25   9.037   6.133 0.000
 18.25  19.25 999.999 999.999 0.999
 21.25  22.25  22.335  21.371 0.000
 25.25  26.25 999.999  15.422 0.000
 28.25  29.25 999.999  12.315 0.000
 32.25  33.25   7.420   6.480 0.000
 35.25  36.25  27.938  22.027 0.000
 39.25  40.25  12.043  10.404 0.000
 42.25  43.25 999.999 999.999 0.999
 46.25  47.25  13.240   7.735 0.000
 49.25  50.25  15.296   9.143 0.000
 53.25  54.25   8.738   4.874 0.000
 56.25  57.25  11.709   8.910 0.000
 60.25  61.25  21.579  20.503 0.000
 63.25  64.25  11.304   9.316 0.000
 67.25  68.25 999.999 999.999 0.999
 70.25  71.25 999.999  21.980 0.000
 74.25  75.25  10.199   6.154 0.000
 77.25  78.25  17.925  14.492 0.000
 81.25  82.25  18.169  12.524 0.000
 84.25  85.25  12.439  10.903 0.000
 88.25  89.25   8.967   8.607 0.000
 91.25  92.25  20.111  15.049 0.000
 95.25  96.25   7.869   6.596 0.000
 98.25  99.25  18.386  17.524 0.000
102.25 103.25   8.762   4.394 0.000
105.25 106.25   8.389   4.364 0.000
109.25 110.25  22.669  10.390 0.000
112.25 113.25  17.113  10.858 0.000
116.25 117.25  15.034  11.950 0.000
119.25 120.25  17.447  10.818 0.000
123.25 124.25  19.689  17.378 0.000
126.25 127.25  23.218  19.561 0.000
130.25 131.25  23.451  10.912 0.000
133.25 134.25  15.907  11.415 0.000
137.25 138.25  17.590   8.043 0.000
140.25 141.25  21.894  13.292 0.000
144.25 145.25  34.198  29.003 0.000
147.25 148.25  12.667  10.462 0.000
151.25 152.25  27.375  21.204 0.000
154.25 155.25  27.059  20.870 0.000
158.25 159.25  21.181  14.615 0.000
161.25 162.25 999.999 999.999 0.999
165.25 166.25  42.016  20.895 0.000
168.25 169.25  54.375  31.608 0.000
172.25 173.25  37.769  16.708 0.000
175.25 176.25  23.158  14.646 0.000
179.25 180.25  22.548  13.589 0.000
182.25 183.25 999.999 999.999 0.999
186.25 187.25  14.255   9.878 0.000
189.25 190.25 999.999 999.999 0.999
193.25 194.25  22.603  11.209 0.000
196.25 197.25 999.999 999.999 0.999
200.25 201.25  42.227  11.620 0.000
203.25 204.25 999.999 999.999 0.999
207.25 208.25 999.999 999.999 0.999
210.25 211.25 999.999 999.999 0.999
214.25 215.25 999.999 999.999 0.999
217.25 218.25 999.999 999.999 0.999
221.25 222.25  25.247  18.214 0.000
224.25 225.25  28.647  24.689 0.000
228.25 229.25  24.578  19.550 0.000
231.25 232.25  27.967  20.976 0.000
235.25 236.25  34.414  28.459 0.000
238.25 239.25  39.275  34.696 0.000
242.25 243.25 999.999 999.999 0.999
245.25 246.25 999.999 999.999 0.999
249.25 250.25 999.999 999.999 0.999
252.25 253.25 999.999 999.999 0.999
256.25 257.25  40.796  26.281 0.000
259.25 260.25  12.226   8.318 0.000
263.25 264.25  27.508  20.938 0.000
266.25 267.25  13.560   8.844 0.000
270.25 271.25  13.523   7.767 0.000
273.25 274.25  31.812  26.215 0.000
277.25 278.25  14.078   9.933 0.000
280.25 281.25   5.442   3.653 0.000
284.25 285.25   5.432   3.240 0.000
287.25 288.25   8.371   4.875 0.000
291.25 292.25  11.006   8.984 0.000
294.25 295.25  13.688   9.088 0.000
298.25 299.25  14.193   8.170 0.000
301.25 302.25  17.474  13.873 0.000
305.25 306.25 999.999 999.999 0.999
308.25 309.25 999.999 999.999 0.999
312.25 313.25 999.999 999.999 0.999
315.25 316.25 999.999 999.999 0.999
319.25 320.25 999.999 999.999 0.999
322.25 323.25 999.999 999.999 0.999
326.25 327.25 999.999 999.999 0.999
329.25 330.25 999.999 999.999 0.999
333.25 334.25 999.999 999.999 0.999
336.25 337.25 999.999 999.999 0.999
340.25 341.25  17.527   7.301 0.000
343.25 344.25   8.528   4.259 0.000
347.25 348.25  16.605  13.896 0.000
350.25 351.25  15.489   7.819 0.000
354.25 355.25  19.597  11.029 0.000
357.25 358.25  19.894  15.273 0.000
361.25 362.25  17.429  13.935 0.000
364.25 365.25  18.421   9.938 0.000
