scripts/IMPROVE-2019_partial/data/US1810R.20070103060000.20191216000000.filterpack...1y.3d.US03L_filterpack_US1810.US03L_IMPROVE_Davis.lev2.nas
51 1001
MISSING INFORMATION
US03L, IMPROVE, , , , , , , 
MISSING INFORMATION
IMPROVE sel_HTAP
1 1
2007 01 01 2019 12 16
3.00
days from file reference point
4
1 1 1 1
999.99 999.999 999.999 9.999
end_time of measurement, days from the file reference point
pm10_mass, ug/m3, Matrix=pm10
pm25_mass, ug/m3, Matrix=pm25
numflag, no unit
0
33
Data definition:              EBAS_1.1
Set type code:                TU
Timezone:                     UTC
File name:                    US1810R.20070103060000.20191216000000.filterpack...1y.3d.US03L_filterpack_US1810.US03L_IMPROVE_Davis.lev2.nas
File creation:                20191218120336
Startdate:                    20070103060000
Revision date:                20191216000000
Version:                      2
Version description:          "Data extracted from http://views.cira.colostate.edu/fed/DataWizard 2019-12-16"
Statistics:                   arithmetic mean
Data level:                   2
Period code:                  1y
Resolution code:              3d
Sample duration:              1d
Orig. time res.:              3d
Station code:                 US1810R
Platform code:                US1810S
Station name:                 Mammoth Cave National Park-Houchin Meadow
Station latitude:             37.1317
Station longitude:            -86.148
Station altitude:             236.0 m
Regime:                       IMG
Component:                    
Unit:                         ug/m3
Matrix:                       
Laboratory code:              US03L
Instrument type:              filterpack
Instrument name:              filterpack_US1810
Method ref:                   US03L_IMPROVE_Davis
Blank correction:             Blank corrected
Volume std. temperature:      ambient
Volume std. pressure:         ambient
starttime endtime PM10 PM2.5 flag
  2.25   3.25   9.525   7.550 0.000
  5.25   6.25  10.741   7.634 0.000
  8.25   9.25   5.092   3.007 0.000
 11.25  12.25  12.679   7.386 0.000
 14.25  15.25   5.787   3.776 0.000
 17.25  18.25  12.199   9.048 0.000
 20.25  21.25   6.721   5.621 0.000
 23.25  24.25  13.899  12.267 0.000
 26.25  27.25   7.711   5.645 0.000
 29.25  30.25   9.906   6.071 0.000
 32.25  33.25  15.766  13.121 0.000
 35.25  36.25   9.755   5.476 0.000
 38.25  39.25  12.937   8.382 0.000
 41.25  42.25  12.903   7.120 0.000
 44.25  45.25   6.806   5.021 0.000
 47.25  48.25  13.720  11.312 0.000
 50.25  51.25  14.372   8.172 0.000
 53.25  54.25   6.031   4.579 0.000
 56.25  57.25   5.718   4.372 0.000
 59.25  60.25  16.549  13.633 0.000
 62.25  63.25   6.337   4.585 0.000
 65.25  66.25  19.210  11.778 0.000
 68.25  69.25  33.340  27.981 0.000
 71.25  72.25  22.059  15.900 0.000
 74.25  75.25   9.245   6.290 0.000
 77.25  78.25  11.783   7.120 0.000
 80.25  81.25  23.494  17.407 0.000
 83.25  84.25  19.476  12.326 0.000
 86.25  87.25  16.640  13.069 0.000
 89.25  90.25  26.081  18.701 0.000
 92.25  93.25  13.853   7.248 0.000
 95.25  96.25  12.164   7.267 0.000
 98.25  99.25  11.327   6.978 0.000
101.25 102.25 999.999 999.999 0.999
104.25 105.25 999.999 999.999 0.999
107.25 108.25  13.759   9.485 0.000
110.25 111.25 999.999 999.999 0.999
113.25 114.25 999.999 999.999 0.999
116.25 117.25   7.926   5.149 0.000
119.25 120.25 999.999 999.999 0.999
122.25 123.25  22.458  16.734 0.000
125.25 126.25  20.023  12.115 0.000
128.25 129.25  22.482  16.126 0.000
131.25 132.25  26.548  17.959 0.000
134.25 135.25  36.741  21.450 0.000
137.25 138.25  13.207   6.595 0.000
140.25 141.25  14.438  10.400 0.000
143.25 144.25  27.188  18.644 0.000
146.25 147.25  36.978  29.360 0.000
149.25 150.25  31.257  21.858 0.000
152.25 153.25  39.859  32.389 0.000
155.25 156.25  14.508   8.711 0.000
158.25 159.25  13.862   7.090 0.000
161.25 162.25  21.748  17.428 0.000
164.25 165.25  20.414  15.951 0.000
167.25 168.25  24.542  19.315 0.000
170.25 171.25  15.762   9.915 0.000
173.25 174.25  20.550  14.809 0.000
176.25 177.25  27.424  18.586 0.000
179.25 180.25  20.366  11.412 0.000
182.25 183.25  18.734  12.706 0.000
185.25 186.25  19.018  14.553 0.000
188.25 189.25  23.673  20.821 0.000
191.25 192.25  15.210   7.949 0.000
194.25 195.25  20.403  15.392 0.000
197.25 198.25  15.413   8.030 0.000
200.25 201.25  18.701  12.653 0.000
203.25 204.25  19.872  16.480 0.000
206.25 207.25 999.999 999.999 0.999
209.25 210.25  29.298  24.690 0.000
212.25 213.25  36.348  32.062 0.000
215.25 216.25  43.467  38.037 0.000
218.25 219.25  27.474  18.474 0.000
221.25 222.25  18.354  11.378 0.000
224.25 225.25  29.879  23.391 0.000
227.25 228.25  29.845  20.343 0.000
230.25 231.25  26.114  19.562 0.000
233.25 234.25  17.179  10.612 0.000
236.25 237.25  16.337  11.298 0.000
239.25 240.25  29.690  22.805 0.000
242.25 243.25  20.205  15.284 0.000
245.25 246.25  39.975  33.135 0.000
248.25 249.25  38.649  32.108 0.000
251.25 252.25  13.153   8.798 0.000
254.25 255.25  15.221   5.706 0.000
257.25 258.25   9.913   3.315 0.000
260.25 261.25  26.684  19.855 0.000
263.25 264.25  20.705  15.476 0.000
266.25 267.25  13.287   8.482 0.000
269.25 270.25  17.537  12.165 0.000
272.25 273.25  14.453   9.015 0.000
275.25 276.25  16.496   8.854 0.000
278.25 279.25   8.409   4.712 0.000
281.25 282.25  15.867   7.822 0.000
284.25 285.25   9.585   4.576 0.000
287.25 288.25  18.869  11.524 0.000
290.25 291.25  12.908   8.203 0.000
293.25 294.25  11.263   7.268 0.000
296.25 297.25   4.088   2.659 0.000
299.25 300.25  11.457   7.712 0.000
302.25 303.25  10.978   8.290 0.000
305.25 306.25   7.671   3.779 0.000
308.25 309.25  20.500   9.471 0.000
311.25 312.25  14.617   7.899 0.000
314.25 315.25  16.877  11.202 0.000
317.25 318.25  13.732   9.283 0.000
320.25 321.25  15.513   9.583 0.000
323.25 324.25  16.962  12.631 0.000
326.25 327.25   4.220   3.562 0.000
329.25 330.25   5.403   4.278 0.000
332.25 333.25   9.548   4.338 0.000
335.25 336.25  14.372  11.324 0.000
338.25 339.25   8.804   6.152 0.000
341.25 342.25   9.722   8.327 0.000
344.25 345.25  12.318   8.268 0.000
347.25 348.25  11.299   9.578 0.000
350.25 351.25   9.751   8.213 0.000
353.25 354.25  16.924  13.698 0.000
356.25 357.25   3.519   2.368 0.000
359.25 360.25  12.679   4.947 0.000
362.25 363.25   7.506   6.188 0.000
