scripts/IMPROVE-2019_partial/data/US1810R.20090101060000.20191216000000.filterpack...52w.3d.US03L_filterpack_US1810.US03L_IMPROVE_Davis.lev2.nas
51 1001
MISSING INFORMATION
US03L, IMPROVE, , , , , , , 
MISSING INFORMATION
IMPROVE sel_HTAP
1 1
2009 01 01 2019 12 16
3.00
days from file reference point
4
1 1 1 1
999.99 999.999 999.999 9.999
end_time of measurement, days from the file reference point
pm10_mass, ug/m3, Matrix=pm10
pm25_mass, ug/m3, Matrix=pm25
numflag, no unit
0
33
Data definition:              EBAS_1.1
Set type code:                TU
Timezone:                     UTC
File name:                    US1810R.20090101060000.20191216000000.filterpack...52w.3d.US03L_filterpack_US1810.US03L_IMPROVE_Davis.lev2.nas
File creation:                20191218120336
Startdate:                    20090101060000
Revision date:                20191216000000
Version:                      2
Version description:          "Data extracted from http://views.cira.colostate.edu/fed/DataWizard 2019-12-16"
Statistics:                   arithmetic mean
Data level:                   2
Period code:                  52w
Resolution code:              3d
Sample duration:              1d
Orig. time res.:              3d
Station code:                 US1810R
Platform code:                US1810S
Station name:                 Mammoth Cave National Park-Houchin Meadow
Station latitude:             37.1317
Station longitude:            -86.148
Station altitude:             236.0 m
Regime:                       IMG
Component:                    
Unit:                         ug/m3
Matrix:                       
Laboratory code:              US03L
Instrument type:              filterpack
Instrument name:              filterpack_US1810
Method ref:                   US03L_IMPROVE_Davis
Blank correction:             Blank corrected
Volume std. temperature:      ambient
Volume std. pressure:         ambient
starttime endtime PM10 PM2.5 flag
  0.25   1.25   6.106   4.331 0.000
  3.25   4.25   8.466   6.828 0.000
  6.25   7.25   6.381   4.215 0.000
  9.25  10.25  11.215   9.273 0.000
 12.25  13.25  11.832   9.306 0.000
 15.25  16.25   5.600   3.785 0.000
 18.25  19.25  10.012   8.286 0.000
 21.25  22.25  17.175  12.203 0.000
 24.25  25.25  10.933   8.678 0.000
 27.25  28.25  11.200   9.835 0.000
 30.25  31.25  11.155   8.167 0.000
 33.25  34.25  10.075   6.333 0.000
 36.25  37.25  11.148   7.267 0.000
 39.25  40.25  17.207  11.811 0.000
 42.25  43.25   6.937   5.259 0.000
 45.25  46.25   8.582   7.284 0.000
 48.25  49.25  10.975   7.662 0.000
 51.25  52.25   8.876   6.407 0.000
 54.25  55.25   9.638   7.294 0.000
 57.25  58.25   9.952   7.395 0.000
 60.25  61.25   6.262   4.501 0.000
 63.25  64.25  14.715  10.689 0.000
 66.25  67.25  14.001   8.762 0.000
 69.25  70.25   5.823   4.168 0.000
 72.25  73.25   7.710   6.561 0.000
 75.25  76.25  19.928  17.456 0.000
 78.25  79.25  12.453  10.434 0.000
 81.25  82.25  17.321  13.542 0.000
 84.25  85.25   6.543   4.330 0.000
 87.25  88.25   5.212   4.147 0.000
 90.25  91.25   6.884   4.232 0.000
 93.25  94.25   8.456   6.570 0.000
 96.25  97.25   6.515   4.347 0.000
 99.25 100.25  16.071  11.625 0.000
102.25 103.25   7.460   5.544 0.000
105.25 106.25  15.082  13.137 0.000
108.25 109.25  10.559   8.131 0.000
111.25 112.25  10.489   5.487 0.000
114.25 115.25  15.245   8.759 0.000
117.25 118.25  12.622   6.767 0.000
120.25 121.25   7.133   3.306 0.000
123.25 124.25  15.662  11.765 0.000
126.25 127.25   9.247   5.128 0.000
129.25 130.25   8.748   4.600 0.000
132.25 133.25  15.139   8.508 0.000
135.25 136.25  13.926   7.685 0.000
138.25 139.25   9.934   5.719 0.000
141.25 142.25  13.543   7.738 0.000
144.25 145.25   8.522   5.182 0.000
147.25 148.25  12.789   7.107 0.000
150.25 151.25  15.217   8.699 0.000
153.25 154.25  17.215  11.292 0.000
156.25 157.25  12.101   9.219 0.000
159.25 160.25  14.660  10.327 0.000
162.25 163.25  16.155  11.313 0.000
165.25 166.25  11.398   7.431 0.000
168.25 169.25  14.202   7.722 0.000
171.25 172.25  18.309  13.850 0.000
174.25 175.25  17.091  12.171 0.000
177.25 178.25  19.583  13.991 0.000
180.25 181.25  17.410   6.810 0.000
183.25 184.25  17.046  12.433 0.000
186.25 187.25  18.122  13.371 0.000
189.25 190.25  16.809  14.327 0.000
192.25 193.25  21.579  18.175 0.000
195.25 196.25  15.269  10.951 0.000
198.25 199.25  12.752   5.804 0.000
201.25 202.25  14.669  10.302 0.000
204.25 205.25  20.334  13.958 0.000
207.25 208.25  17.532  10.478 0.000
210.25 211.25  12.522   7.648 0.000
213.25 214.25  14.419   9.743 0.000
216.25 217.25  16.816  11.781 0.000
219.25 220.25  28.673  23.129 0.000
222.25 223.25  18.265  13.344 0.000
225.25 226.25  21.651  16.551 0.000
228.25 229.25  18.092  10.058 0.000
231.25 232.25  10.215   6.739 0.000
234.25 235.25   5.675   3.669 0.000
237.25 238.25  17.595  13.971 0.000
240.25 241.25  15.717  11.964 0.000
243.25 244.25  12.559   9.583 0.000
246.25 247.25  13.166   9.404 0.000
249.25 250.25  11.407   8.289 0.000
252.25 253.25  17.363  13.995 0.000
255.25 256.25  11.129   8.315 0.000
258.25 259.25  20.254  15.535 0.000
261.25 262.25  14.669   8.932 0.000
264.25 265.25  12.029   5.782 0.000
267.25 268.25  16.988  11.229 0.000
270.25 271.25  23.786   6.164 0.000
273.25 274.25  12.588   7.569 0.000
276.25 277.25   7.565   4.246 0.000
279.25 280.25   6.594   2.382 0.000
282.25 283.25   6.176   3.214 0.000
285.25 286.25  13.762   9.080 0.000
288.25 289.25   7.630   4.909 0.000
291.25 292.25   7.243   5.390 0.000
294.25 295.25  14.327  10.817 0.000
297.25 298.25   5.461   3.736 0.000
300.25 301.25   7.293   4.443 0.000
303.25 304.25   4.633   2.818 0.000
306.25 307.25   7.655   4.643 0.000
309.25 310.25   9.421   5.632 0.000
312.25 313.25  17.081  11.982 0.000
315.25 316.25   7.583   3.781 0.000
318.25 319.25  16.788  12.952 0.000
321.25 322.25   5.741   4.069 0.000
324.25 325.25  14.969  11.100 0.000
327.25 328.25   9.877   7.580 0.000
330.25 331.25   8.106   6.110 0.000
333.25 334.25   8.518   6.604 0.000
336.25 337.25  14.531  12.016 0.000
339.25 340.25   9.770   7.770 0.000
342.25 343.25   5.245   4.726 0.000
345.25 346.25   4.619   3.511 0.000
348.25 349.25  11.604   9.605 0.000
351.25 352.25   7.295   5.802 0.000
354.25 355.25  22.393  21.322 0.000
357.25 358.25   9.673   7.462 0.000
360.25 361.25   8.907   4.155 0.000
363.25 364.25   9.169   7.245 0.000
