scripts/IMPROVE-2019_partial/data/US1810R.20170101060000.20191216000000.filterpack...52w.3d.US03L_filterpack_US1810.US03L_IMPROVE_Davis.lev2.nas
51 1001
MISSING INFORMATION
US03L, IMPROVE, , , , , , , 
MISSING INFORMATION
IMPROVE sel_HTAP
1 1
2017 01 01 2019 12 16
3.00
days from file reference point
4
1 1 1 1
999.99 999.999 999.999 9.999
end_time of measurement, days from the file reference point
pm10_mass, ug/m3, Matrix=pm10
pm25_mass, ug/m3, Matrix=pm25
numflag, no unit
0
33
Data definition:              EBAS_1.1
Set type code:                TU
Timezone:                     UTC
File name:                    US1810R.20170101060000.20191216000000.filterpack...52w.3d.US03L_filterpack_US1810.US03L_IMPROVE_Davis.lev2.nas
File creation:                20191218120337
Startdate:                    20170101060000
Revision date:                20191216000000
Version:                      2
Version description:          "Data extracted from http://views.cira.colostate.edu/fed/DataWizard 2019-12-16"
Statistics:                   arithmetic mean
Data level:                   2
Period code:                  52w
Resolution code:              3d
Sample duration:              1d
Orig. time res.:              3d
Station code:                 US1810R
Platform code:                US1810S
Station name:                 Mammoth Cave National Park-Houchin Meadow
Station latitude:             37.1317
Station longitude:            -86.148
Station altitude:             236.0 m
Regime:                       IMG
Component:                    
Unit:                         ug/m3
Matrix:                       
Laboratory code:              US03L
Instrument type:              filterpack
Instrument name:              filterpack_US1810
Method ref:                   US03L_IMPROVE_Davis
Blank correction:             Blank corrected
Volume std. temperature:      ambient
Volume std. pressure:         ambient
starttime endtime PM10 PM2.5 flag
  0.25   1.25   3.456   2.683 0.000
  3.25   4.25   5.076   3.129 0.000
  6.25   7.25  11.356   7.901 0.000
  9.25  10.25   7.305   3.700 0.000
 12.25  13.25   2.624   1.966 0.000
 15.25  16.25   8.135   5.425 0.000
 18.25  19.25   4.913   3.752 0.000
 21.25  22.25   5.629   3.796 0.000
 24.25  25.25   9.269   5.997 0.000
 27.25  28.25   5.397   3.197 0.000
 30.25  31.25   5.945   3.495 0.000
 33.25  34.25   7.126   3.511 0.000
 36.25  37.25  10.996   8.555 0.000
 39.25  40.25   6.667   4.220 0.000
 42.25  43.25   9.680   6.021 0.000
 45.25  46.25   7.405   3.005 0.000
 48.25  49.25  17.349  12.897 0.000
 51.25  52.25  16.496  10.728 0.000
 54.25  55.25  14.611   5.179 0.000
 57.25  58.25   6.213   4.367 0.000
 60.25  61.25   4.875   2.950 0.000
 63.25  64.25  12.257   8.305 0.000
 66.25  67.25   8.109   2.844 0.000
 69.25  70.25   6.381   3.423 0.000
 72.25  73.25   7.551   5.820 0.000
 75.25  76.25   9.175   6.182 0.000
 78.25  79.25   8.811   5.935 0.000
 81.25  82.25   7.571   4.872 0.000
 84.25  85.25   6.766   3.925 0.000
 87.25  88.25   8.237   5.656 0.000
 90.25  91.25   3.124   2.518 0.000
 93.25  94.25   6.490   3.112 0.000
 96.25  97.25   4.873   1.973 0.000
 99.25 100.25  10.955   5.884 0.000
102.25 103.25   9.091   5.359 0.000
105.25 106.25  11.153   5.505 0.000
108.25 109.25  11.894   6.224 0.000
111.25 112.25   5.133   2.775 0.000
114.25 115.25   9.040   4.811 0.000
117.25 118.25  15.070   8.256 0.000
120.25 121.25  12.270   3.381 0.000
123.25 124.25   7.591   3.633 0.000
126.25 127.25   7.054   3.734 0.000
129.25 130.25  19.857  13.158 0.000
132.25 133.25  11.871   7.009 0.000
135.25 136.25  16.436   9.485 0.000
138.25 139.25   9.802   4.833 0.000
141.25 142.25   6.929   2.913 0.000
144.25 145.25  10.201   6.105 0.000
147.25 148.25   7.227   3.368 0.000
150.25 151.25   9.359   4.951 0.000
153.25 154.25  12.693   6.032 0.000
156.25 157.25   8.775   4.231 0.000
159.25 160.25   8.296   4.620 0.000
162.25 163.25  11.928   6.609 0.000
165.25 166.25   8.739   3.818 0.000
168.25 169.25  10.665   5.613 0.000
171.25 172.25  13.874   7.982 0.000
174.25 175.25   8.563   3.390 0.000
177.25 178.25   7.723   3.827 0.000
180.25 181.25   6.167   3.175 0.000
183.25 184.25  10.725   6.179 0.000
186.25 187.25   8.605   3.932 0.000
189.25 190.25  14.468   6.425 0.000
192.25 193.25  11.497   7.487 0.000
195.25 196.25  11.233   6.276 0.000
198.25 199.25  15.551  11.225 0.000
201.25 202.25  22.106  15.999 0.000
204.25 205.25  14.040   9.905 0.000
207.25 208.25  25.516  12.980 0.000
210.25 211.25   7.250   3.937 0.000
213.25 214.25  11.197   7.482 0.000
216.25 217.25   6.454   3.099 0.000
219.25 220.25  12.967   7.057 0.000
222.25 223.25  15.099  10.860 0.000
225.25 226.25  15.887   9.227 0.000
228.25 229.25  15.290   6.402 0.000
231.25 232.25  16.003  10.928 0.000
234.25 235.25  11.857   6.431 0.000
237.25 238.25   9.954   7.180 0.000
240.25 241.25  11.847   8.591 0.000
243.25 244.25   2.473   1.548 0.000
246.25 247.25  16.947  11.167 0.000
249.25 250.25   6.958   3.181 0.000
252.25 253.25   7.378   4.401 0.000
255.25 256.25   3.254   0.885 0.000
258.25 259.25  15.804   8.323 0.000
261.25 262.25  12.598   6.847 0.000
264.25 265.25  13.666   8.409 0.000
267.25 268.25  13.715   8.682 0.000
270.25 271.25   9.988   3.143 0.000
273.25 274.25   7.411   3.682 0.000
276.25 277.25  10.668   5.167 0.000
279.25 280.25  12.344   5.401 0.000
282.25 283.25  13.698   6.256 0.000
285.25 286.25   7.419   3.775 0.000
288.25 289.25   4.203   1.872 0.000
291.25 292.25  10.672   6.643 0.000
294.25 295.25   9.850   4.175 0.000
297.25 298.25  12.072   3.254 0.000
300.25 301.25   6.001   2.739 0.000
303.25 304.25   8.753   2.588 0.000
306.25 307.25  10.770   6.330 0.000
309.25 310.25   8.039   4.384 0.000
312.25 313.25   6.449   3.598 0.000
315.25 316.25  13.118   8.786 0.000
318.25 319.25  10.553   7.811 0.000
321.25 322.25   9.389   6.702 0.000
324.25 325.25   8.932   5.555 0.000
327.25 328.25   8.229   5.636 0.000
330.25 331.25   6.423   3.331 0.000
333.25 334.25  16.625  11.175 0.000
336.25 337.25  13.663   7.614 0.000
339.25 340.25   8.465   3.810 0.000
342.25 343.25  11.886   6.969 0.000
345.25 346.25   8.207   3.785 0.000
348.25 349.25  14.877  10.332 0.000
351.25 352.25   5.587   4.067 0.000
354.25 355.25   7.431   3.806 0.000
357.25 358.25   8.936   6.543 0.000
360.25 361.25   5.621   3.591 0.000
363.25 364.25  16.053  11.667 0.000
