scripts/IMPROVE-2019_partial/data/US1810R.20000101060000.20191216000000.filterpack..pm25.52w.1w.US03L_filterpack_US1810.US03L_IMPROVE_Davis.lev2.nas
64 1001
MISSING INFORMATION
US03L, IMPROVE, , , , , , , 
MISSING INFORMATION
IMPROVE sel_HTAP
1 1
2000 01 01 2019 12 16
0
days from file reference point
25
1 1 1 1 1 1 1 1 1 1 1 1 1 1 1 1 1 1 1 1 1 1 1 1 1
999.99 9999.99 9.999 999.99 9.999 9.999 9.999999 999.99 9.999999 99.999 9.999 999.999 9.999 999.999 9.999 999.999 9.999 999.999 9.999 999.999 9.999 9.999 9.999 99.999 9.999
end_time of measurement, days from the file reference point
iron, ng/m3, Revision date=20181210133000
numflag iron, no unit, Revision date=20181210133000
lead, ng/m3, Revision date=20181210133000
numflag lead, no unit, Revision date=20181210133000
magnesium, ug/m3, Revision date=20181210133000
numflag magnesium, no unit, Revision date=20181210133000
nickel, ng/m3, Revision date=20181210133000
numflag nickel, no unit, Revision date=20181210133000
nitrate, ug N/m3, Revision date=20181210133000
numflag nitrate, no unit, Revision date=20181210133000
organic_carbon, ug C/m3, Revision date=20181210133000
numflag organic_carbon, no unit, Revision date=20181210133000
organic_mass, ug/m3, Revision date=20181210133000
numflag organic_mass, no unit, Revision date=20181210133000
pm10_mass, ug/m3, Version=2, Version description=Data extracted from http://views.cira.colostate.edu/fed/DataWizard 2019-12-16, Sample duration=1d, Orig. time res.=3d, Matrix=pm10, Blank correction=Blank corrected, Volume std. temperature=ambient, Volume std. pressure=ambient
numflag pm10_mass, no unit, Version=2, Version description=Data extracted from http://views.cira.colostate.edu/fed/DataWizard 2019-12-16, Sample duration=1d, Orig. time res.=3d, Matrix=pm10, Blank correction=Blank corrected, Volume std. temperature=ambient, Volume std. pressure=ambient
pm10_pm25_mass, ug/m3, Revision date=20181210133000, Matrix=pm10_pm25
numflag pm10_pm25_mass, no unit, Revision date=20181210133000, Matrix=pm10_pm25
pm25_mass, ug/m3, Version=2, Version description=Data extracted from http://views.cira.colostate.edu/fed/DataWizard 2019-12-16, Sample duration=1d, Orig. time res.=3d, Blank correction=Blank corrected, Volume std. temperature=ambient, Volume std. pressure=ambient
numflag pm25_mass, no unit, Version=2, Version description=Data extracted from http://views.cira.colostate.edu/fed/DataWizard 2019-12-16, Sample duration=1d, Orig. time res.=3d, Blank correction=Blank corrected, Volume std. temperature=ambient, Volume std. pressure=ambient
potassium, ug/m3, Revision date=20181210133000
numflag potassium, no unit, Revision date=20181210133000
sulphate_total, ug S/m3, Revision date=20181210133000
numflag sulphate_total, no unit, Revision date=20181210133000
0
25
Data definition:              EBAS_1.1
Set type code:                TI
Timezone:                     UTC
File name:                    US1810R.20000101060000.20191216000000.filterpack..pm25.52w.1w.US03L_filterpack_US1810.US03L_IMPROVE_Davis.lev2.nas
File creation:                20191218120334
Startdate:                    20000101060000
Revision date:                20191216000000
Statistics:                   arithmetic mean
Data level:                   2
Period code:                  52w
Resolution code:              1w
Station code:                 US1810R
Platform code:                US1810S
Station name:                 Mammoth Cave National Park-Houchin Meadow
Station latitude:             37.1317
Station longitude:            -86.148
Station altitude:             236.0 m
Regime:                       IMG
Component:                    
Matrix:                       pm25
Laboratory code:              US03L
Instrument type:              filterpack
Instrument name:              filterpack_US1810
Method ref:                   US03L_IMPROVE_Davis
starttime endtime Fe flag_Fe Pb flag_Pb Mg++ flag_Mg++ Ni flag_Ni NO3- flag_NO3- OC flag_OC OM flag_OM PM10 flag_PM10 PM10-PM2.5 flag_PM10-PM2.5 PM2.5 flag_PM2.5 K+ flag_K+ SO4-- flag_SO4--
[from data line 89]
303.25 304.25   26.41 0.000   1.36 0.000 9.999 0.259000 999.99 0.259000  0.079 0.000   2.632 0.000   3.686 0.000  12.015 0.000   2.787 0.000   9.228 0.000 0.068 0.000  1.004 0.000
306.25 307.25   68.03 0.559   2.97 0.559 9.999 0.559259 999.99 0.559259  0.288 0.559  15.057 0.000  21.079 0.000  60.213 0.559   9.900 0.000  50.313 0.559 0.213 0.559  4.345 0.559
309.25 310.25   25.08 0.000   1.63 0.000 9.999 0.259000 999.99 0.259000  0.251 0.000   1.679 0.000   2.351 0.000  10.584 0.000   5.189 0.000   5.395 0.000 0.054 0.000  0.426 0.000
312.25 313.25   19.57 0.000   2.32 0.000 9.999 0.259000 999.99 0.259000  0.471 0.000   2.148 0.000   3.007 0.000  14.037 0.000   3.989 0.000  10.047 0.000 0.047 0.000  1.431 0.000
315.25 316.25   14.39 0.000   1.28 0.000 9.999 0.259000 999.99 0.259000  0.091 0.000   0.693 0.000   0.970 0.000   7.353 0.000   1.541 0.000   5.812 0.000 0.025 0.000  1.037 0.000
318.25 319.25   14.65 0.000   2.42 0.000 0.030 0.000000 999.99 0.259000  0.434 0.000   0.841 0.000   1.177 0.000   7.467 0.000   1.904 0.000   5.564 0.000 0.027 0.000  0.732 0.000
321.25 322.25    9.95 0.394   1.62 0.394 9.999 0.394259 999.99 0.394259  0.554 0.394   1.100 0.000   1.541 0.000  14.718 0.000   3.765 0.000  10.953 0.000 0.043 0.394  1.709 0.394
324.25 325.25   19.31 0.000   1.50 0.000 9.999 0.259000 999.99 0.259000  0.227 0.000   1.031 0.000   1.443 0.000   9.110 0.000   4.410 0.000   4.700 0.000 0.038 0.000  0.519 0.000
327.25 328.25   46.42 0.000   3.91 0.000 9.999 0.259000 999.99 0.259000  0.687 0.000   2.387 0.000   3.342 0.000  18.791 0.000   9.063 0.000   9.728 0.000 0.099 0.000  0.739 0.000
330.25 331.25   17.16 0.000   5.71 0.000 9.999 0.259000 999.99 0.259000  0.567 0.000   1.732 0.000   2.424 0.000  12.106 0.000   3.016 0.000   9.090 0.000 0.073 0.000  1.202 0.000
333.25 334.25   22.59 0.000   2.28 0.000 9.999 0.259000 999.99 0.259000  0.426 0.000   1.372 0.000   1.921 0.000   8.281 0.000   2.529 0.000   5.752 0.000 0.042 0.000  0.662 0.000
336.25 337.25   16.16 0.000   3.59 0.000 9.999 0.259000 999.99 0.259000  0.342 0.559   0.869 0.000   1.216 0.000   7.056 0.000   0.773 0.000   6.283 0.000 0.027 0.000  1.012 0.559
339.25 340.25   32.28 0.000   2.61 0.000 9.999 0.259000 999.99 0.259000  0.592 0.559   1.329 0.000   1.861 0.000  12.310 0.000   2.155 0.000  10.155 0.000 0.050 0.000  1.179 0.559
342.25 343.25   26.67 0.000   2.79 0.000 9.999 0.259000   0.15 0.000000  1.094 0.559   2.100 0.000   2.940 0.000  17.585 0.000   3.636 0.000  13.949 0.000 0.060 0.000  1.193 0.559
345.25 346.25   21.21 0.000   2.52 0.000 9.999 0.259000   0.25 0.000000  0.650 0.559   2.833 0.000   3.967 0.000  19.552 0.000   3.438 0.000  16.113 0.000 0.066 0.000  2.239 0.559
348.25 349.25   30.67 0.000   2.99 0.000 9.999 0.259000 999.99 0.259000  0.170 0.559   0.969 0.000   1.356 0.000   9.073 0.000   0.663 0.000   8.409 0.000 0.038 0.000  1.568 0.559
351.25 352.25  124.10 0.000   3.02 0.000 9.999 0.259000 999.99 0.259000  0.840 0.000   1.788 0.000   2.503 0.000  17.625 0.000   5.404 0.000  12.221 0.000 0.108 0.000  0.761 0.000
354.25 355.25   45.55 0.000   2.49 0.000 9.999 0.259000   0.14 0.000000  0.563 0.000   1.475 0.000   2.065 0.000  10.945 0.000   3.065 0.000   7.880 0.000 0.072 0.000  0.583 0.000
357.25 358.25   40.16 0.000   3.31 0.000 9.999 0.259000 999.99 0.259000  0.506 0.559   2.106 0.000   2.949 0.000  11.599 0.000   2.752 0.000   8.847 0.000 0.094 0.000  0.685 0.559
360.25 361.25   19.77 0.000   2.63 0.000 9.999 0.259000 999.99 0.259000  0.619 0.000   1.882 0.000   2.635 0.000  10.887 0.000   1.764 0.000   9.123 0.000 0.064 0.000  0.676 0.000
363.25 364.25   67.33 0.000   3.88 0.000 9.999 0.259000 999.99 0.259000  1.326 0.000   1.998 0.000   2.797 0.000  20.270 0.000   3.095 0.000  17.175 0.000 0.069 0.000  1.295 0.000
