scripts/IMPROVE-2019_partial/data/US1810R.20040101060000.20191216000000.filterpack..pm25.52w.1w.US03L_filterpack_US1810.US03L_IMPROVE_Davis.lev2.nas
66 1001
MISSING INFORMATION
US03L, IMPROVE, , , , , , , 
MISSING INFORMATION
IMPROVE sel_HTAP
1 1
2004 01 01 2019 12 16
3.00
days from file reference point
27
1 1 1 1 1 1 1 1 1 1 1 1 1 1 1 1 1 1 1 1 1 1 1 1 1 1 1
999.99 99.999 9.999 9999.99 9.999 99.99 9.999 9.999 9.999 9.99 9.999 99.999 9.999 99.999 9.999 99.999 9.999 999.999 9.999 99.999 9.999 999.999 9.999 9.999 9.999 99.999 9.999
end_time of measurement, days from the file reference point
ammonium, ug N/m3, Revision date=20181210133000
numflag ammonium, no unit, Revision date=20181210133000
iron, ng/m3, Revision date=20181210133000
numflag iron, no unit, Revision date=20181210133000
lead, ng/m3, Revision date=20181210133000
numflag lead, no unit, Revision date=20181210133000
magnesium, ug/m3, Revision date=20181210133000
numflag magnesium, no unit, Revision date=20181210133000
nickel, ng/m3, Revision date=20181210133000
numflag nickel, no unit, Revision date=20181210133000
nitrate, ug N/m3, Revision date=20181210133000
numflag nitrate, no unit, Revision date=20181210133000
organic_carbon, ug C/m3, Revision date=20181210133000
numflag organic_carbon, no unit, Revision date=20181210133000
organic_mass, ug/m3, Revision date=20181210133000
numflag organic_mass, no unit, Revision date=20181210133000
pm10_mass, ug/m3, Version=2, Version description=Data extracted from http://views.cira.colostate.edu/fed/DataWizard 2019-12-16, Sample duration=1d, Orig. time res.=3d, Matrix=pm10, Blank correction=Blank corrected, Volume std. temperature=ambient, Volume std. pressure=ambient
numflag pm10_mass, no unit, Version=2, Version description=Data extracted from http://views.cira.colostate.edu/fed/DataWizard 2019-12-16, Sample duration=1d, Orig. time res.=3d, Matrix=pm10, Blank correction=Blank corrected, Volume std. temperature=ambient, Volume std. pressure=ambient
pm10_pm25_mass, ug/m3, Revision date=20181210133000, Matrix=pm10_pm25
numflag pm10_pm25_mass, no unit, Revision date=20181210133000, Matrix=pm10_pm25
pm25_mass, ug/m3, Version=2, Version description=Data extracted from http://views.cira.colostate.edu/fed/DataWizard 2019-12-16, Sample duration=1d, Orig. time res.=3d, Blank correction=Blank corrected, Volume std. temperature=ambient, Volume std. pressure=ambient
numflag pm25_mass, no unit, Version=2, Version description=Data extracted from http://views.cira.colostate.edu/fed/DataWizard 2019-12-16, Sample duration=1d, Orig. time res.=3d, Blank correction=Blank corrected, Volume std. temperature=ambient, Volume std. pressure=ambient
potassium, ug/m3, Revision date=20181210133000
numflag potassium, no unit, Revision date=20181210133000
sulphate_total, ug S/m3, Revision date=20181210133000
numflag sulphate_total, no unit, Revision date=20181210133000
0
25
Data definition:              EBAS_1.1
Set type code:                TU
Timezone:                     UTC
File name:                    US1810R.20040101060000.20191216000000.filterpack..pm25.52w.1w.US03L_filterpack_US1810.US03L_IMPROVE_Davis.lev2.nas
File creation:                20191218120335
Startdate:                    20040101060000
Revision date:                20191216000000
Statistics:                   arithmetic mean
Data level:                   2
Period code:                  52w
Resolution code:              1w
Station code:                 US1810R
Platform code:                US1810S
Station name:                 Mammoth Cave National Park-Houchin Meadow
Station latitude:             37.1317
Station longitude:            -86.148
Station altitude:             236.0 m
Regime:                       IMG
Component:                    
Matrix:                       pm25
Laboratory code:              US03L
Instrument type:              filterpack
Instrument name:              filterpack_US1810
Method ref:                   US03L_IMPROVE_Davis
starttime endtime NH4+ flag_NH4+ Fe flag_Fe Pb flag_Pb Mg++ flag_Mg++ Ni flag_Ni NO3- flag_NO3- OC flag_OC OM flag_OM PM10 flag_PM10 PM10-PM2.5 flag_PM10-PM2.5 PM2.5 flag_PM2.5 K+ flag_K+ SO4-- flag_SO4--
  0.25   1.25  0.462 0.559   26.27 0.000  2.62 0.000 9.999 0.259 9.99 0.259  0.135 0.559  2.127 0.000  2.978 0.000   7.817 0.000  1.236 0.000   6.580 0.000 0.080 0.000  0.458 0.559
  3.25   4.25  0.561 0.559    8.61 0.000  0.60 0.000 0.036 0.000 0.35 0.000  0.079 0.559  0.870 0.000  1.217 0.000   8.168 0.000  2.753 0.000   5.415 0.000 0.038 0.000  0.819 0.559
  6.25   7.25  0.562 0.559   34.51 0.000  2.07 0.000 9.999 0.259 0.11 0.000  0.394 0.559  1.284 0.000  1.797 0.000   7.639 0.000  2.168 0.000   5.471 0.000 0.054 0.000  0.302 0.559
  9.25  10.25  0.984 0.559   22.58 0.000  2.57 0.000 9.999 0.259 0.32 0.000  0.364 0.559  1.389 0.000  1.944 0.000   9.774 0.000  1.924 0.000   7.850 0.000 0.034 0.000  0.903 0.559
 12.25  13.25  1.479 0.559   28.65 0.000  4.81 0.000 9.999 0.259 0.14 0.000  1.001 0.559  1.601 0.000  2.242 0.000  13.128 0.000  2.761 0.000  10.367 0.000 0.080 0.000  0.808 0.559
 15.25  16.25  0.572 0.559   21.44 0.000  2.39 0.000 9.999 0.259 0.14 0.000  0.319 0.559  1.166 0.000  1.633 0.000   6.799 0.000  1.613 0.000   5.186 0.000 0.051 0.000  0.468 0.559
 18.25  19.25  0.809 0.559   19.00 0.000  2.01 0.000 9.999 0.259 0.18 0.000  0.290 0.559  1.137 0.000  1.592 0.000   7.968 0.000  1.421 0.000   6.547 0.000 0.038 0.000  0.789 0.559
 21.25  22.25  0.985 0.000   32.03 0.000  2.35 0.000 9.999 0.259 0.13 0.000  0.610 0.000  1.222 0.000  1.712 0.000  10.344 0.000  2.760 0.000   7.584 0.000 0.049 0.000  0.541 0.000
 24.25  25.25  0.915 0.000   25.83 0.000  3.20 0.000 9.999 0.259 9.99 0.259  0.467 0.000  1.345 0.000  1.882 0.000   7.748 0.000  1.324 0.000   6.424 0.000 0.049 0.000  0.655 0.000
 27.25  28.25  0.990 0.559   44.12 0.000  3.63 0.000 9.999 0.259 0.15 0.000  0.419 0.559  1.212 0.000  1.696 0.000   9.613 0.000  1.940 0.000   7.672 0.000 0.046 0.000  0.774 0.559
 30.25  31.25  1.015 0.000   20.33 0.000  2.09 0.000 0.042 0.000 0.13 0.000  0.477 0.000  1.240 0.000  1.736 0.000   8.902 0.000  1.135 0.000   7.767 0.000 0.046 0.000  0.815 0.000
 33.25  34.25  2.435 0.559   47.17 0.000  2.61 0.000 0.127 0.000 0.12 0.000  0.597 0.559  1.816 0.000  2.542 0.000  16.922 0.000  1.569 0.000  15.353 0.000 0.051 0.000  2.481 0.559
 36.25  37.25  1.199 0.559   44.09 0.000  1.49 0.000 9.999 0.259 0.07 0.000  0.261 0.559  0.877 0.000  1.228 0.000   9.235 0.000  0.896 0.000   8.339 0.000 0.032 0.000  1.538 0.559
 39.25  40.25  1.370 0.559   23.25 0.000  1.67 0.000 9.999 0.259 0.11 0.000  0.427 0.559  1.681 0.000  2.354 0.000  11.148 0.000  1.758 0.000   9.390 0.000 0.054 0.000  1.153 0.559
 42.25  43.25  1.137 0.559   29.33 0.000  1.96 0.000 9.999 0.259 9.99 0.259  0.683 0.559  1.208 0.000  1.691 0.000  10.471 0.000  2.986 0.000   7.486 0.000 0.038 0.000  0.680 0.559
 45.25  46.25  1.680 0.559   38.00 0.000  3.94 0.000 9.999 0.259 0.21 0.000  0.887 0.559  1.642 0.000  2.299 0.000  14.036 0.000  2.319 0.000  11.717 0.000 0.043 0.000  1.043 0.559
 48.25  49.25  2.408 0.559   48.74 0.000  2.36 0.000 0.048 0.000 0.17 0.000  1.457 0.559  2.135 0.000  2.989 0.000  21.491 0.000  4.578 0.000  16.914 0.000 0.065 0.000  1.295 0.559
 51.25  52.25  1.768 0.559   14.28 0.000  0.91 0.000 0.043 0.000 0.07 0.000  0.383 0.559  0.702 0.000  0.983 0.000   9.998 0.000  1.144 0.000   8.855 0.000 0.022 0.000  1.751 0.559
 54.25  55.25  2.165 0.559   43.59 0.000  3.90 0.000 9.999 0.259 0.19 0.000  0.566 0.559  2.746 0.000  3.844 0.000  17.178 0.000  2.463 0.000  14.715 0.000 0.060 0.000  2.220 0.559
 57.25  58.25  0.610 0.559   23.27 0.000  1.92 0.000 9.999 0.259 0.29 0.000  0.281 0.559  1.361 0.000  1.906 0.000   7.599 0.000  2.171 0.000   5.428 0.000 0.039 0.000  0.520 0.559
 60.25  61.25  0.390 0.559   14.21 0.000  1.29 0.000 9.999 0.259 0.23 0.000  0.146 0.559  1.454 0.000  2.035 0.000   7.520 0.000  2.099 0.000   5.421 0.000 0.041 0.000  0.493 0.559
 63.25  64.25  0.825 0.559   28.40 0.000  2.33 0.000 0.052 0.000 9.99 0.259  0.329 0.559  2.040 0.000  2.856 0.000  13.097 0.000  4.576 0.000   8.521 0.000 0.071 0.000  0.970 0.559
 66.25  67.25  0.697 0.559   18.14 0.000  2.32 0.000 9.999 0.259 0.08 0.000  0.300 0.559  0.769 0.000  1.077 0.000   5.636 0.000  1.542 0.000   4.094 0.000 0.021 0.000  0.685 0.559
 69.25  70.25  1.555 0.000   25.71 0.000  2.59 0.000 9.999 0.259 9.99 0.259  0.344 0.000  1.209 0.000  1.693 0.000  10.839 0.000  1.570 0.000   9.270 0.000 0.031 0.000  1.502 0.000
 72.25  73.25  0.779 0.000   22.97 0.000  3.39 0.000 9.999 0.259 0.09 0.000  0.347 0.000  1.006 0.000  1.408 0.000   9.087 0.000  3.290 0.000   5.797 0.000 0.047 0.000  0.733 0.000
 75.25  76.25  1.558 0.000   20.61 0.000  2.83 0.000 9.999 0.259 0.08 0.000  0.429 0.000  1.018 0.000  1.425 0.000  10.549 0.000  1.286 0.000   9.263 0.000 0.030 0.000  1.745 0.000
 78.25  79.25  1.002 0.000   28.25 0.000  3.52 0.000 9.999 0.259 0.09 0.000  0.400 0.000  0.876 0.000  1.226 0.000   7.639 0.000  1.449 0.000   6.190 0.000 0.045 0.000  0.908 0.000
 81.25  82.25  0.644 0.000   15.62 0.000  1.60 0.000 9.999 0.259 0.09 0.000  0.248 0.000  0.628 0.000  0.879 0.000   5.916 0.000  1.507 0.000   4.408 0.000 0.026 0.000  0.611 0.000
 84.25  85.25  1.055 0.000   47.84 0.000  5.07 0.000 9.999 0.259 0.10 0.000  0.181 0.000  3.317 0.000  4.643 0.000  18.085 0.000  5.604 0.000  12.482 0.000 0.076 0.000  1.284 0.000
 87.25  88.25  0.715 0.000   23.31 0.000  1.98 0.000 9.999 0.259 9.99 0.259  0.193 0.000  2.139 0.000  2.994 0.000  13.962 0.000  5.029 0.000   8.933 0.000 0.050 0.000  0.855 0.000
 90.25  91.25  1.301 0.000   11.52 0.000  1.06 0.000 9.999 0.259 9.99 0.259  0.392 0.000  0.514 0.000  0.720 0.000   6.944 0.000  1.066 0.000   5.878 0.000 0.017 0.000  1.079 0.000
 93.25  94.25  0.593 0.000   35.94 0.000  3.53 0.000 9.999 0.259 0.13 0.000  0.245 0.000  1.005 0.000  1.408 0.000   8.882 0.000  3.559 0.000   5.323 0.000 0.046 0.000  0.567 0.000
 96.25  97.25  0.645 0.000   33.87 0.000  1.91 0.000 0.037 0.000 9.99 0.259  0.308 0.000  1.259 0.000  1.763 0.000   9.297 0.000  3.761 0.000   5.536 0.000 0.056 0.000  0.551 0.000
 99.25 100.25  1.280 0.000   41.27 0.000  2.68 0.000 9.999 0.259 9.99 0.259  0.385 0.000  1.491 0.000  2.087 0.000  14.554 0.000  5.520 0.000   9.034 0.000 0.048 0.000  1.134 0.000
102.25 103.25  1.739 0.000   25.21 0.000  2.53 0.000 0.155 0.000 0.24 0.000  0.535 0.000  1.161 0.000  1.626 0.000  11.611 0.000  1.518 0.000  10.093 0.000 0.033 0.000  1.410 0.000
105.25 106.25  1.374 0.000   43.89 0.000  2.98 0.000 9.999 0.259 0.11 0.000  0.315 0.000  1.872 0.000  2.621 0.000  15.424 0.000  5.403 0.000  10.021 0.000 0.076 0.000  1.378 0.000
108.25 109.25  1.129 0.000   47.37 0.000  3.61 0.000 9.999 0.259 0.39 0.000  0.093 0.000  3.080 0.000  4.313 0.000  15.343 0.000  3.282 0.000  12.061 0.000 0.071 0.000  1.292 0.000
111.25 112.25  0.486 0.000   46.94 0.000  1.98 0.000 0.056 0.000 0.17 0.000  0.124 0.000  1.270 0.000  1.778 0.000   9.476 0.000  3.297 0.000   6.180 0.000 0.051 0.000  0.644 0.000
114.25 115.25  1.627 0.000   29.35 0.000  1.76 0.000 0.072 0.000 0.17 0.000  0.156 0.000  1.720 0.000  2.408 0.000  15.380 0.000  3.349 0.000  12.031 0.000 0.052 0.000  1.992 0.000
117.25 118.25  0.765 0.000   53.72 0.000  2.54 0.000 9.999 0.259 9.99 0.259  0.177 0.000  0.837 0.000  1.172 0.000  13.075 0.000  6.707 0.000   6.368 0.000 0.054 0.000  0.833 0.000
120.25 121.25  1.702 0.000   40.32 0.000  2.00 0.000 9.999 0.259 9.99 0.259  0.221 0.000  2.640 0.000  3.696 0.000  17.634 0.000  2.827 0.000  14.807 0.000 0.060 0.000  1.948 0.000
123.25 124.25  0.976 0.000   17.67 0.000  1.44 0.000 9.999 0.259 0.16 0.000  0.135 0.000  1.337 0.000  1.872 0.000   9.174 0.000  1.681 0.000   7.493 0.000 0.027 0.000  1.084 0.000
126.25 127.25  1.004 0.000   61.86 0.000  2.51 0.000 9.999 0.259 0.17 0.000  0.092 0.000  2.934 0.000  4.107 0.000  16.470 0.000  4.104 0.000  12.366 0.000 0.067 0.000  1.228 0.000
129.25 130.25  1.367 0.000   64.22 0.000  3.61 0.000 9.999 0.259 0.16 0.000  0.082 0.000  3.630 0.000  5.082 0.000  18.943 0.000  3.738 0.000  15.204 0.000 0.076 0.000  1.573 0.000
132.25 133.25  2.817 0.000   48.83 0.000  1.41 0.000 9.999 0.259 0.45 0.000  0.104 0.000  3.487 0.000  4.882 0.000  25.246 0.000  3.194 0.000  22.052 0.000 0.059 0.000  3.341 0.000
135.25 136.25  0.118 0.000    4.65 0.000  0.19 0.000 9.999 0.259 9.99 0.259  0.047 0.000  0.695 0.000  0.972 0.000   4.521 0.000  2.136 0.000   2.385 0.000 0.010 0.000  0.274 0.000
138.25 139.25  0.617 0.000   20.03 0.000  1.54 0.000 9.999 0.259 0.16 0.000  0.139 0.000  1.810 0.000  2.534 0.000  12.082 0.000  4.546 0.000   7.536 0.000 0.037 0.000  0.880 0.000
141.25 142.25  1.113 0.000   31.37 0.000  1.04 0.000 0.052 0.000 0.33 0.000  0.148 0.000  2.519 0.000  3.526 0.000  16.803 0.000  4.582 0.000  12.221 0.000 0.044 0.000  1.504 0.000
144.25 145.25  1.057 0.000   20.76 0.000  1.05 0.000 9.999 0.259 0.35 0.000  0.117 0.000  2.520 0.000  3.529 0.000  15.688 0.000  3.879 0.000  11.809 0.000 0.039 0.000  1.430 0.000
147.25 148.25  0.850 0.000   18.43 0.000  0.68 0.000 9.999 0.259 0.37 0.000  0.142 0.000  1.782 0.000  2.495 0.000  15.004 0.000  5.532 0.000   9.473 0.000 0.070 0.000  1.153 0.000
150.25 151.25  0.803 0.000   29.49 0.000  0.74 0.000 9.999 0.259 0.33 0.000  0.102 0.000  2.213 0.000  3.099 0.000  15.112 0.000  4.419 0.000  10.693 0.000 0.119 0.000  1.313 0.000
153.25 154.25  0.444 0.000   36.28 0.000  1.36 0.000 0.077 0.000 0.11 0.000  0.048 0.000  1.474 0.000  2.064 0.000  10.653 0.000  4.320 0.000   6.333 0.000 0.044 0.000  0.641 0.000
156.25 157.25  1.970 0.000   35.82 0.000  2.31 0.000 9.999 0.259 0.16 0.000  0.046 0.000  2.092 0.000  2.929 0.000  18.555 0.000  3.106 0.000  15.449 0.000 0.050 0.000  2.420 0.000
159.25 160.25  2.003 0.000  160.23 0.000  2.06 0.000 9.999 0.259 0.13 0.000  0.076 0.000  3.104 0.000  4.346 0.000  24.323 0.000  4.101 0.000  20.222 0.000 0.143 0.000  2.783 0.000
162.25 163.25  1.750 0.000   75.22 0.000  2.12 0.000 9.999 0.259 0.20 0.000  0.087 0.000  3.419 0.000  4.786 0.000  22.106 0.000  3.873 0.000  18.233 0.000 0.075 0.000  2.400 0.000
165.25 166.25  1.768 0.000   28.44 0.000  1.06 0.000 9.999 0.259 0.20 0.000  0.049 0.000  2.526 0.000  3.536 0.000  19.517 0.000  3.457 0.000  16.061 0.000 0.040 0.000  2.611 0.000
168.25 169.25  0.462 0.000  111.49 0.000  1.03 0.000 9.999 0.259 0.15 0.000  0.077 0.000  1.282 0.000  1.794 0.000  12.580 0.000  4.847 0.000   7.733 0.000 0.074 0.000  0.857 0.000
171.25 172.25  0.399 0.000   18.68 0.000  3.31 0.000 9.999 0.259 0.08 0.000  0.030 0.000  1.637 0.000  2.292 0.000   9.489 0.000  3.310 0.000   6.180 0.000 0.042 0.000  0.553 0.000
174.25 175.25  1.033 0.000   31.38 0.000  2.70 0.000 9.999 0.259 0.13 0.000  0.051 0.000  1.702 0.000  2.383 0.000  13.853 0.000  3.466 0.000  10.386 0.000 0.039 0.000  1.369 0.000
177.25 178.25  1.103 0.000   39.13 0.000  3.37 0.000 9.999 0.259 0.09 0.000  0.098 0.000  2.050 0.000  2.870 0.000  13.816 0.000  2.711 0.000  11.105 0.000 0.046 0.000  1.375 0.000
180.25 181.25  3.889 0.000   87.37 0.000  3.01 0.000 9.999 0.259 0.09 0.000  0.044 0.000  2.400 0.000  3.360 0.000  33.306 0.000  2.596 0.000  30.709 0.000 0.083 0.000  5.617 0.000
183.25 184.25  0.563 0.000   32.56 0.000  0.77 0.000 9.999 0.259 0.15 0.000  0.101 0.000  1.297 0.000  1.815 0.000   8.608 0.000  2.060 0.000   6.548 0.000 0.040 0.000  0.846 0.000
186.25 187.25  0.772 0.000   89.90 0.000  3.30 0.000 0.066 0.000 9.99 0.259  0.096 0.000  1.931 0.000  2.704 0.000  17.578 0.000  6.075 0.000  11.503 0.000 0.446 0.000  1.309 0.000
189.25 190.25  0.814 0.000   22.38 0.000  2.73 0.000 9.999 0.259 9.99 0.259  0.029 0.000  1.655 0.000  2.318 0.000  14.652 0.000  4.588 0.000  10.065 0.000 0.037 0.000  1.312 0.000
192.25 193.25  0.610 0.000   21.60 0.000  1.11 0.000 9.999 0.259 0.14 0.000  0.075 0.000  2.128 0.000  2.979 0.000  11.816 0.000  3.342 0.000   8.474 0.000 0.053 0.000  0.981 0.000
195.25 196.25  0.336 0.000   27.32 0.000  0.83 0.000 9.999 0.259 9.99 0.259  0.041 0.000  1.512 0.000  2.117 0.000  10.563 0.000  4.417 0.000   6.146 0.000 0.041 0.000  0.589 0.000
198.25 199.25  2.268 0.000   29.42 0.000  1.45 0.000 9.999 0.259 0.10 0.000  0.076 0.000  3.340 0.000  4.677 0.000  22.119 0.000  1.535 0.000  20.584 0.000 0.070 0.000  3.003 0.000
201.25 202.25  2.835 0.000   34.34 0.000  2.18 0.000 9.999 0.259 0.17 0.000  0.038 0.000  4.301 0.000  6.021 0.000  27.884 0.000  1.435 0.000  26.448 0.000 0.087 0.000  3.893 0.000
204.25 205.25  1.699 0.000   30.90 0.000  2.17 0.000 0.055 0.000 0.10 0.000  0.069 0.000  1.976 0.000  2.766 0.000  19.335 0.000  3.213 0.000  16.122 0.000 0.057 0.000  2.763 0.000
207.25 208.25  1.653 0.000   48.12 0.000  6.74 0.000 9.999 0.259 0.19 0.000  0.050 0.000  2.707 0.000  3.789 0.000  23.038 0.000  3.538 0.000  19.500 0.000 0.061 0.000  3.040 0.000
210.25 211.25  2.003 0.000   23.50 0.000  2.57 0.000 9.999 0.259 0.13 0.000  0.032 0.000  2.841 0.000  3.977 0.000  19.234 0.000  1.579 0.000  17.654 0.000 0.056 0.000  2.718 0.000
213.25 214.25  2.369 0.000   14.52 0.000  1.74 0.000 9.999 0.259 9.99 0.259  0.024 0.000  1.874 0.000  2.623 0.000  23.342 0.000  3.589 0.000  19.753 0.000 0.038 0.000  4.098 0.000
216.25 217.25  2.771 0.000   43.45 0.000  1.84 0.000 9.999 0.259 0.14 0.000  0.064 0.000  3.829 0.000  5.360 0.000  28.143 0.000  3.187 0.000  24.957 0.000 0.071 0.000  3.913 0.000
219.25 220.25  0.660 0.000   15.06 0.000  1.27 0.000 9.999 0.259 9.99 0.259  0.024 0.000  1.515 0.000  2.121 0.000   8.871 0.000  1.774 0.000   7.097 0.000 0.032 0.000  0.981 0.000
222.25 223.25  2.074 0.000   30.67 0.000  1.62 0.000 9.999 0.259 9.99 0.259  0.065 0.000  4.165 0.000  5.831 0.000  23.209 0.000  2.373 0.000  20.836 0.000 0.054 0.000  2.764 0.000
225.25 226.25  0.808 0.000   15.55 0.000  1.47 0.000 9.999 0.259 0.14 0.000  0.054 0.000  0.976 0.000  1.367 0.000   9.832 0.000  2.612 0.000   7.220 0.000 0.028 0.000  1.132 0.000
228.25 229.25  1.612 0.000   19.67 0.000  2.67 0.000 9.999 0.259 9.99 0.259  0.022 0.000  1.869 0.000  2.616 0.000  15.790 0.000  1.530 0.000  14.259 0.000 0.037 0.000  2.391 0.000
231.25 232.25  1.785 0.000   51.32 0.000  1.96 0.000 9.999 0.259 0.10 0.000  0.051 0.000  5.146 0.000  7.205 0.000  26.609 0.000  5.536 0.000  21.073 0.000 0.134 0.000  2.348 0.000
234.25 235.25  1.162 0.000    7.74 0.000  1.21 0.000 9.999 0.259 0.16 0.000  0.025 0.000  1.383 0.000  1.936 0.000  13.747 0.000  3.510 0.000  10.237 0.000 0.034 0.000  1.874 0.000
237.25 238.25  1.076 0.000  145.07 0.000  1.25 0.000 9.999 0.259 0.20 0.000  0.086 0.000  2.140 0.000  2.996 0.000  17.433 0.000  4.062 0.000  13.371 0.000 0.073 0.000  1.792 0.000
240.25 241.25  0.603 0.000   73.37 0.000  0.86 0.000 9.999 0.259 0.19 0.000  0.054 0.000  2.333 0.000  3.266 0.000  13.960 0.000  3.970 0.000   9.990 0.000 0.079 0.000  1.086 0.000
243.25 244.25  1.050 0.000   18.46 0.000  1.62 0.000 9.999 0.259 9.99 0.259  0.025 0.000  1.429 0.000  2.001 0.000  13.445 0.000  3.881 0.000   9.564 0.000 0.029 0.000  1.602 0.000
246.25 247.25  1.783 0.000   23.04 0.000  1.67 0.000 9.999 0.259 0.36 0.000  0.048 0.000  2.731 0.000  3.824 0.000  20.683 0.000  3.322 0.000  17.361 0.000 0.032 0.000  2.659 0.000
249.25 250.25  1.625 0.000   14.60 0.000  1.77 0.000 0.154 0.000 0.35 0.000  0.033 0.000  2.560 0.000  3.584 0.000  17.230 0.000  2.497 0.000  14.733 0.000 0.039 0.000  2.212 0.000
252.25 253.25  0.698 0.000   29.46 0.000  2.93 0.000 9.999 0.259 0.22 0.000  0.067 0.000  1.432 0.000  2.005 0.000  10.698 0.000  2.693 0.000   8.005 0.000 0.029 0.000  1.058 0.000
255.25 256.25  1.336 0.000   13.31 0.000  1.37 0.000 9.999 0.259 9.99 0.259  0.039 0.000  2.096 0.000  2.934 0.000  14.264 0.000  2.015 0.000  12.249 0.000 0.029 0.000  1.902 0.000
258.25 259.25  1.492 0.000   19.43 0.000  1.75 0.000 0.232 0.000 0.40 0.000  0.054 0.000  2.805 0.000  3.928 0.000  15.991 0.000  2.895 0.000  13.096 0.000 0.040 0.000  1.850 0.000
261.25 262.25  0.421 0.000   24.02 0.000  2.88 0.000 9.999 0.259 0.40 0.000  0.051 0.000  1.171 0.000  1.639 0.000   9.046 0.000  3.466 0.000   5.581 0.000 0.064 0.000  0.637 0.000
