scripts/IMPROVE-2019_partial/data/US1810R.20130101060000.20191216000000.filterpack...52w.3d.US03L_filterpack_US1810.US03L_IMPROVE_Davis.lev2.nas
51 1001
MISSING INFORMATION
US03L, IMPROVE, , , , , , , 
MISSING INFORMATION
IMPROVE sel_HTAP
1 1
2013 01 01 2019 12 16
3.00
days from file reference point
4
1 1 1 1
999.99 999.999 999.999 9.999
end_time of measurement, days from the file reference point
pm10_mass, ug/m3, Matrix=pm10
pm25_mass, ug/m3, Matrix=pm25
numflag, no unit
0
33
Data definition:              EBAS_1.1
Set type code:                TU
Timezone:                     UTC
File name:                    US1810R.20130101060000.20191216000000.filterpack...52w.3d.US03L_filterpack_US1810.US03L_IMPROVE_Davis.lev2.nas
File creation:                20191218120337
Startdate:                    20130101060000
Revision date:                20191216000000
Version:                      2
Version description:          "Data extracted from http://views.cira.colostate.edu/fed/DataWizard 2019-12-16"
Statistics:                   arithmetic mean
Data level:                   2
Period code:                  52w
Resolution code:              3d
Sample duration:              1d
Orig. time res.:              3d
Station code:                 US1810R
Platform code:                US1810S
Station name:                 Mammoth Cave National Park-Houchin Meadow
Station latitude:             37.1317
Station longitude:            -86.148
Station altitude:             236.0 m
Regime:                       IMG
Component:                    
Unit:                         ug/m3
Matrix:                       
Laboratory code:              US03L
Instrument type:              filterpack
Instrument name:              filterpack_US1810
Method ref:                   US03L_IMPROVE_Davis
Blank correction:             Blank corrected
Volume std. temperature:      ambient
Volume std. pressure:         ambient
starttime endtime PM10 PM2.5 flag
  0.25   1.25   9.602   8.027 0.000
  3.25   4.25  13.185  10.804 0.000
  6.25   7.25  15.060  12.407 0.000
  9.25  10.25   8.052   5.243 0.000
 12.25  13.25   4.625   2.542 0.000
 15.25  16.25  16.945  14.998 0.000
 18.25  19.25   6.086   4.674 0.000
 21.25  22.25   7.712   3.105 0.000
 24.25  25.25  12.549   9.883 0.000
 27.25  28.25  17.546  13.637 0.000
 30.25  31.25   5.301   3.759 0.000
 33.25  34.25   9.988   7.722 0.000
 36.25  37.25   9.272   6.893 0.000
 39.25  40.25   6.775   6.884 0.000
 42.25  43.25   5.470   3.035 0.000
 45.25  46.25   6.813   4.522 0.000
 48.25  49.25   8.064   5.167 0.000
 51.25  52.25   8.364   5.811 0.000
 54.25  55.25   7.220   5.955 0.000
 57.25  58.25   8.756   7.416 0.000
 60.25  61.25   6.547   5.163 0.000
 63.25  64.25  10.176   8.372 0.000
 66.25  67.25   8.878   7.121 0.000
 69.25  70.25   5.180   3.499 0.000
 72.25  73.25   7.674   5.169 0.000
 75.25  76.25  11.272   9.424 0.000
 78.25  79.25   6.753   3.851 0.000
 81.25  82.25   9.008   6.706 0.000
 84.25  85.25   5.889   4.564 0.000
 87.25  88.25   9.153   7.046 0.000
 90.25  91.25   7.287   5.133 0.000
 93.25  94.25   9.324   5.385 0.000
 96.25  97.25  10.351   6.775 0.000
 99.25 100.25  14.479   7.990 0.000
102.25 103.25   6.089   3.840 0.000
105.25 106.25  15.606   9.238 0.000
108.25 109.25   6.605   3.092 0.000
111.25 112.25  10.471   6.326 0.000
114.25 115.25   9.305   4.813 0.000
117.25 118.25   7.488   4.353 0.000
120.25 121.25  12.088   7.090 0.000
123.25 124.25   4.164   2.303 0.000
126.25 127.25   6.337   3.113 0.000
129.25 130.25   9.367   5.918 0.000
132.25 133.25   7.203   3.861 0.000
135.25 136.25  16.125   9.078 0.000
138.25 139.25  14.895   9.570 0.000
141.25 142.25   8.394   3.336 0.000
144.25 145.25   7.256   3.814 0.000
147.25 148.25  17.071   9.075 0.000
150.25 151.25  15.943   8.491 0.000
153.25 154.25  12.230   8.296 0.000
156.25 157.25   8.462   4.989 0.000
159.25 160.25  12.714   8.815 0.000
162.25 163.25  13.541  12.742 0.000
165.25 166.25   7.787   7.196 0.000
168.25 169.25   6.918   6.171 0.000
171.25 172.25  10.317   9.566 0.000
174.25 175.25  11.864  11.246 0.000
177.25 178.25 999.999 999.999 0.999
180.25 181.25 999.999 999.999 0.999
183.25 184.25  12.053   9.114 0.000
186.25 187.25   3.212   1.467 0.000
189.25 190.25  10.704   7.695 0.000
192.25 193.25  12.626   8.102 0.000
195.25 196.25  12.411   5.970 0.000
198.25 199.25  20.841  16.382 0.000
201.25 202.25   8.521   5.579 0.000
204.25 205.25  10.889   6.362 0.000
207.25 208.25  15.667  12.241 0.000
210.25 211.25  12.152   8.369 0.000
213.25 214.25  13.041   8.234 0.000
216.25 217.25   9.116   6.376 0.000
219.25 220.25   9.698   6.794 0.000
222.25 223.25  21.352  16.086 0.000
225.25 226.25   8.325   4.300 0.000
228.25 229.25  13.221   9.852 0.000
231.25 232.25  10.309   6.013 0.000
234.25 235.25  19.154  13.595 0.000
237.25 238.25  17.247  12.305 0.000
240.25 241.25  22.835  16.979 0.000
243.25 244.25   8.476   4.353 0.000
246.25 247.25   8.542   5.603 0.000
249.25 250.25  14.180  10.267 0.000
252.25 253.25  20.534  15.333 0.000
255.25 256.25   8.390   4.196 0.000
258.25 259.25  13.814  11.128 0.000
261.25 262.25  16.433  11.639 0.000
264.25 265.25   5.599   3.231 0.000
267.25 268.25   5.554   4.039 0.000
270.25 271.25   9.008   6.278 0.000
273.25 274.25  11.929   7.710 0.000
276.25 277.25 999.999 999.999 0.456
279.25 280.25 999.999 999.999 0.456
282.25 283.25 999.999 999.999 0.456
285.25 286.25 999.999 999.999 0.456
288.25 289.25 999.999 999.999 0.999
291.25 292.25   6.402   5.018 0.000
294.25 295.25   6.519   3.426 0.000
297.25 298.25   6.364   4.274 0.000
300.25 301.25  10.393   9.202 0.000
303.25 304.25  11.129   7.803 0.000
306.25 307.25   8.157   6.497 0.000
309.25 310.25   5.790   3.557 0.000
312.25 313.25   7.484   5.263 0.000
315.25 316.25   3.247   2.143 0.000
318.25 319.25  11.230   7.876 0.000
321.25 322.25   5.297   2.722 0.000
324.25 325.25   9.320   6.368 0.000
327.25 328.25   4.131   3.364 0.000
330.25 331.25   8.810   5.193 0.000
333.25 334.25   9.520   7.626 0.000
336.25 337.25  15.334  13.130 0.000
339.25 340.25   5.994   4.682 0.000
342.25 343.25   6.553   5.803 0.000
345.25 346.25   9.532   7.380 0.000
348.25 349.25  12.350  11.114 0.000
351.25 352.25   7.861   5.458 0.000
354.25 355.25   7.364   5.011 0.000
357.25 358.25   4.101   3.272 0.000
360.25 361.25   7.903   6.643 0.000
363.25 364.25  10.647   8.738 0.000
