scripts/IMPROVE-2019_partial/data/US1810R.20060102060000.20191216000000.filterpack..pm25.52w.1w.US03L_filterpack_US1810.US03L_IMPROVE_Davis.lev2.nas
64 1001
MISSING INFORMATION
US03L, IMPROVE, , , , , , , 
MISSING INFORMATION
IMPROVE sel_HTAP
1 1
2006 01 01 2019 12 16
3.00
days from file reference point
25
1 1 1 1 1 1 1 1 1 1 1 1 1 1 1 1 1 1 1 1 1 1 1 1 1
999.99 9999.99 9.999 99.99 9.999 9.999 9.999 99.99 9.999 99.999 9.999 99.999 9.999 99.999 9.999 999.999 9.999 999.999 9.999 999.999 9.999 9.999 9.999 99.999 9.999
end_time of measurement, days from the file reference point
iron, ng/m3, Revision date=20181210133000
numflag iron, no unit, Revision date=20181210133000
lead, ng/m3, Revision date=20181210133000
numflag lead, no unit, Revision date=20181210133000
magnesium, ug/m3, Revision date=20181210133000
numflag magnesium, no unit, Revision date=20181210133000
nickel, ng/m3, Revision date=20181210133000
numflag nickel, no unit, Revision date=20181210133000
nitrate, ug N/m3, Revision date=20181210133000
numflag nitrate, no unit, Revision date=20181210133000
organic_carbon, ug C/m3, Revision date=20181210133000
numflag organic_carbon, no unit, Revision date=20181210133000
organic_mass, ug/m3, Revision date=20181210133000
numflag organic_mass, no unit, Revision date=20181210133000
pm10_mass, ug/m3, Version=2, Version description=Data extracted from http://views.cira.colostate.edu/fed/DataWizard 2019-12-16, Sample duration=1d, Orig. time res.=3d, Matrix=pm10, Blank correction=Blank corrected, Volume std. temperature=ambient, Volume std. pressure=ambient
numflag pm10_mass, no unit, Version=2, Version description=Data extracted from http://views.cira.colostate.edu/fed/DataWizard 2019-12-16, Sample duration=1d, Orig. time res.=3d, Matrix=pm10, Blank correction=Blank corrected, Volume std. temperature=ambient, Volume std. pressure=ambient
pm10_pm25_mass, ug/m3, Revision date=20181210133000, Matrix=pm10_pm25
numflag pm10_pm25_mass, no unit, Revision date=20181210133000, Matrix=pm10_pm25
pm25_mass, ug/m3, Version=2, Version description=Data extracted from http://views.cira.colostate.edu/fed/DataWizard 2019-12-16, Sample duration=1d, Orig. time res.=3d, Blank correction=Blank corrected, Volume std. temperature=ambient, Volume std. pressure=ambient
numflag pm25_mass, no unit, Version=2, Version description=Data extracted from http://views.cira.colostate.edu/fed/DataWizard 2019-12-16, Sample duration=1d, Orig. time res.=3d, Blank correction=Blank corrected, Volume std. temperature=ambient, Volume std. pressure=ambient
potassium, ug/m3, Revision date=20181210133000
numflag potassium, no unit, Revision date=20181210133000
sulphate_total, ug S/m3, Revision date=20181210133000
numflag sulphate_total, no unit, Revision date=20181210133000
0
25
Data definition:              EBAS_1.1
Set type code:                TU
Timezone:                     UTC
File name:                    US1810R.20060102060000.20191216000000.filterpack..pm25.52w.1w.US03L_filterpack_US1810.US03L_IMPROVE_Davis.lev2.nas
File creation:                20191218120336
Startdate:                    20060102060000
Revision date:                20191216000000
Statistics:                   arithmetic mean
Data level:                   2
Period code:                  52w
Resolution code:              1w
Station code:                 US1810R
Platform code:                US1810S
Station name:                 Mammoth Cave National Park-Houchin Meadow
Station latitude:             37.1317
Station longitude:            -86.148
Station altitude:             236.0 m
Regime:                       IMG
Component:                    
Matrix:                       pm25
Laboratory code:              US03L
Instrument type:              filterpack
Instrument name:              filterpack_US1810
Method ref:                   US03L_IMPROVE_Davis
starttime endtime Fe flag_Fe Pb flag_Pb Mg++ flag_Mg++ Ni flag_Ni NO3- flag_NO3- OC flag_OC OM flag_OM PM10 flag_PM10 PM10-PM2.5 flag_PM10-PM2.5 PM2.5 flag_PM2.5 K+ flag_K+ SO4-- flag_SO4--
  1.25   2.25   47.27 0.000  1.37 0.000 0.020 0.000  0.37 0.000  0.228 0.000  2.408 0.000  3.372 0.000  20.339 0.000   8.143 0.000  12.196 0.000 0.117 0.000  1.563 0.000
  4.25   5.25    9.47 0.000  1.59 0.000 9.999 0.259 99.99 0.259  0.487 0.000  0.449 0.000  0.629 0.000  10.157 0.000   2.332 0.000   7.826 0.000 0.013 0.000  1.510 0.000
  7.25   8.25   18.52 0.000  1.52 0.000 0.011 0.000  0.26 0.000  0.140 0.000  1.932 0.000  2.705 0.000  10.712 0.000   4.613 0.000   6.099 0.000 0.055 0.000  0.450 0.000
 10.25  11.25   19.14 0.000  1.27 0.000 0.008 0.000  0.09 0.000  0.225 0.000  0.911 0.000  1.276 0.000   6.957 0.000   1.883 0.000   5.074 0.000 0.031 0.000  0.681 0.000
 13.25  14.25   13.00 0.000  1.40 0.000 9.999 0.259 99.99 0.259  0.399 0.000  0.676 0.000  0.946 0.000   7.567 0.000   1.808 0.000   5.759 0.000 0.024 0.000  0.818 0.000
 16.25  17.25   12.54 0.000  0.61 0.000 0.007 0.000  0.15 0.000  0.216 0.000  0.542 0.000  0.758 0.000   4.907 0.000   0.540 0.000   4.367 0.000 0.023 0.000  0.611 0.000
 19.25  20.25   20.58 0.000  1.14 0.000 0.012 0.000 99.99 0.259  0.104 0.000  1.524 0.000  2.133 0.000  10.420 0.000   4.291 0.000   6.129 0.000 0.044 0.000  0.522 0.000
 22.25  23.25   17.64 0.000  2.95 0.000 9.999 0.259 99.99 0.259  0.193 0.000  0.890 0.000  1.247 0.000   6.316 0.000   1.189 0.000   5.128 0.000 0.032 0.000  0.632 0.000
 25.25  26.25   15.04 0.000  2.04 0.000 9.999 0.259 99.99 0.259  0.562 0.000  0.908 0.000  1.271 0.000   7.913 0.000   2.022 0.000   5.892 0.000 0.031 0.000  0.627 0.000
 28.25  29.25   24.02 0.000  1.24 0.000 0.016 0.000  0.13 0.000  0.094 0.000  1.188 0.000  1.664 0.000   8.362 0.000   3.135 0.000   5.227 0.000 0.049 0.000  0.549 0.000
 31.25  32.25   39.55 0.000  2.83 0.000 9.999 0.259  0.21 0.000  0.444 0.000  2.099 0.000  2.939 0.000  10.717 0.000   3.013 0.000   7.704 0.000 0.078 0.000  0.683 0.000
 34.25  35.25    8.25 0.000  1.21 0.000 0.008 0.000 99.99 0.259  0.246 0.000  0.473 0.000  0.662 0.000   6.241 0.000   0.768 0.000   5.473 0.000 0.021 0.000  0.945 0.000
 37.25  38.25   25.22 0.000  2.22 0.000 9.999 0.259  0.15 0.000  0.461 0.000  0.900 0.000  1.260 0.000  10.117 0.000   4.371 0.000   5.745 0.000 0.043 0.000  0.474 0.000
 40.25  41.25   33.21 0.000  2.86 0.000 9.999 0.259  0.18 0.000  1.066 0.000  1.723 0.000  2.412 0.000  14.168 0.000   2.918 0.000  11.250 0.000 0.059 0.000  0.682 0.000
 43.25  44.25   20.26 0.000  1.61 0.000 9.999 0.259 99.99 0.259  0.643 0.000  0.658 0.000  0.921 0.000   9.600 0.000   2.111 0.000   7.489 0.000 0.025 0.000  0.905 0.000
 46.25  47.25   24.46 0.000  1.37 0.000 9.999 0.259  0.64 0.000  0.127 0.000  2.193 0.000  3.070 0.000  17.452 0.000   8.362 0.000   9.090 0.000 0.064 0.000  0.898 0.000
 49.25  50.25   29.65 0.000  1.53 0.000 0.012 0.000  0.18 0.000  0.384 0.000  1.190 0.000  1.666 0.000   8.565 0.000   1.738 0.000   6.827 0.000 0.050 0.000  0.744 0.000
 52.25  53.25   48.98 0.000  2.10 0.000 9.999 0.259 99.99 0.259  0.912 0.000  1.490 0.000  2.085 0.000  16.595 0.000   2.463 0.000  14.132 0.000 0.067 0.000  1.893 0.000
 55.25  56.25   34.15 0.000  3.14 0.000 9.999 0.259  0.11 0.000  0.267 0.000  1.350 0.000  1.889 0.000   8.875 0.000   3.736 0.000   5.139 0.000 0.047 0.000  0.419 0.000
 58.25  59.25   45.35 0.000  2.96 0.000 9.999 0.259 99.99 0.259  0.193 0.000  2.163 0.000  3.027 0.000  14.357 0.000   5.294 0.000   9.063 0.000 0.090 0.000  0.886 0.000
 61.25  62.25   22.01 0.000  1.83 0.000 9.999 0.259  0.15 0.000  0.648 0.000  0.731 0.000  1.023 0.000  12.509 0.000   4.864 0.000   7.645 0.000 0.034 0.000  1.081 0.000
 64.25  65.25   34.89 0.000  3.36 0.000 9.999 0.259 99.99 0.259  1.892 0.000  1.706 0.000  2.389 0.000  25.912 0.000   4.374 0.000  21.538 0.000 0.063 0.000  2.232 0.000
 67.25  68.25   36.08 0.000  1.54 0.000 9.999 0.259  0.13 0.000  0.149 0.000  2.745 0.000  3.843 0.000  18.622 0.000   5.913 0.000  12.710 0.000 0.068 0.000  1.601 0.000
 70.25  71.25   18.63 0.000  1.16 0.000 9.999 0.259  0.61 0.000  0.137 0.000  1.335 0.000  1.869 0.000  12.922 0.000   4.852 0.000   8.070 0.000 0.096 0.000  1.054 0.000
 73.25  74.25   34.73 0.000  3.17 0.000 9.999 0.259 99.99 0.259  0.314 0.000  1.020 0.000  1.428 0.000   9.021 0.000   3.485 0.000   5.536 0.000 0.047 0.000  0.659 0.000
 76.25  77.25   24.20 0.000  2.99 0.000 9.999 0.259 99.99 0.259  0.314 0.000  1.204 0.000  1.685 0.000   7.019 0.000   1.811 0.000   5.209 0.000 0.039 0.000  0.572 0.000
 79.25  80.25   25.63 0.000  2.15 0.000 9.999 0.259 99.99 0.259  0.248 0.000  1.095 0.000  1.532 0.000   8.822 0.000   1.191 0.000   7.631 0.000 0.038 0.000  1.236 0.000
 82.25  83.25   22.77 0.000  2.72 0.000 9.999 0.259 99.99 0.259  1.030 0.000  0.822 0.000  1.151 0.000  13.353 0.000   4.600 0.000   8.753 0.000 0.035 0.000  0.910 0.000
 85.25  86.25   20.19 0.000  1.94 0.000 9.999 0.259 99.99 0.259  0.208 0.000  1.270 0.000  1.778 0.000   9.860 0.000   2.164 0.000   7.696 0.000 0.042 0.000  1.131 0.000
 88.25  89.25   35.90 0.000  4.40 0.000 9.999 0.259 99.99 0.259  0.250 0.000  2.759 0.000  3.863 0.000  17.410 0.000   4.405 0.000  13.005 0.000 0.078 0.000  1.504 0.000
 91.25  92.25   22.92 0.000  2.76 0.000 9.999 0.259  0.28 0.000  0.321 0.000  1.539 0.000  2.155 0.000  12.081 0.000   2.448 0.000   9.633 0.000 0.074 0.000  1.393 0.000
 94.25  95.25   70.98 0.000  4.23 0.000 0.031 0.000  0.23 0.000  0.249 0.000  1.247 0.000  1.746 0.000  11.915 0.000   4.580 0.000   7.334 0.000 0.088 0.000  0.852 0.000
 97.25  98.25   42.89 0.000  3.24 0.000 9.999 0.259  0.17 0.000  0.152 0.000  0.836 0.000  1.170 0.000   8.886 0.000   2.912 0.000   5.973 0.000 0.043 0.000  0.885 0.000
100.25 101.25 9999.99 0.999 99.99 0.999 9.999 0.999 99.99 0.999 99.999 0.999 99.999 0.999 99.999 0.999 999.999 0.999 999.999 0.999 999.999 0.999 9.999 0.999 99.999 0.999
103.25 104.25   47.62 0.000  2.23 0.000 0.043 0.000  0.29 0.000  0.232 0.000  2.874 0.000  4.024 0.000  23.188 0.000  10.184 0.000  13.005 0.000 0.077 0.000  1.305 0.000
106.25 107.25   65.39 0.000  3.07 0.000 0.038 0.000  0.26 0.000  0.214 0.000  1.493 0.000  2.090 0.000  21.752 0.000   8.063 0.000  13.689 0.000 0.063 0.000  2.140 0.000
109.25 110.25   48.20 0.000  2.29 0.000 9.999 0.259  0.17 0.000  0.153 0.000  2.602 0.000  3.642 0.000  14.216 0.000   4.124 0.000  10.092 0.000 0.076 0.000  1.023 0.000
112.25 113.25   71.53 0.000  3.01 0.000 0.030 0.000 99.99 0.259  0.153 0.000  2.147 0.000  3.006 0.000  19.231 0.000   9.474 0.000   9.757 0.000 0.095 0.000  0.890 0.000
115.25 116.25   32.13 0.000  1.62 0.000 0.029 0.000  0.28 0.000  0.276 0.000  1.205 0.000  1.687 0.000  13.794 0.000   3.985 0.000   9.809 0.000 0.027 0.000  1.716 0.000
118.25 119.25  141.46 0.000  5.00 0.000 0.056 0.000  0.18 0.000  0.120 0.000  2.369 0.000  3.317 0.000  26.695 0.000   9.899 0.000  16.796 0.000 0.121 0.000  2.030 0.000
121.25 122.25 9999.99 0.999 99.99 0.999 9.999 0.999 99.99 0.999 99.999 0.999 99.999 0.999 99.999 0.999 999.999 0.999 999.999 0.999 999.999 0.999 9.999 0.999 99.999 0.999
124.25 125.25   30.28 0.000  1.91 0.000 9.999 0.259  0.11 0.000  0.088 0.000  1.066 0.000  1.492 0.000  17.325 0.000   9.155 0.000   8.171 0.000 0.031 0.000  1.088 0.000
127.25 128.25   20.92 0.000  2.80 0.000 9.999 0.259  0.11 0.000  0.124 0.000  1.135 0.000  1.589 0.000  12.185 0.000   4.088 0.000   8.098 0.000 0.030 0.000  1.054 0.000
130.25 131.25   35.41 0.000  1.07 0.000 9.999 0.259  0.09 0.000  0.080 0.000  0.665 0.000  0.931 0.000   9.534 0.000   4.874 0.000   4.660 0.000 0.029 0.000  0.600 0.000
133.25 134.25    7.83 0.000  1.32 0.000 9.999 0.259 99.99 0.259  0.101 0.000  0.397 0.000  0.555 0.000   7.148 0.000   3.005 0.000   4.143 0.000 0.016 0.000  0.624 0.000
136.25 137.25   35.56 0.000  2.02 0.000 9.999 0.259  0.16 0.000  0.354 0.000  1.135 0.000  1.589 0.000  14.935 0.000   2.918 0.000  12.017 0.000 0.040 0.000  2.085 0.000
139.25 140.25   40.69 0.000  2.53 0.000 9.999 0.259 99.99 0.259  0.075 0.000  1.550 0.000  2.169 0.000  11.681 0.000   4.766 0.000   6.915 0.000 0.047 0.000  0.632 0.000
142.25 143.25   42.37 0.000  2.32 0.000 9.999 0.259  0.20 0.000  0.036 0.000  1.220 0.000  1.708 0.000  11.524 0.000   4.769 0.000   6.755 0.000 0.045 0.000  0.706 0.000
145.25 146.25   52.68 0.000  2.30 0.000 9.999 0.259 99.99 0.259  0.059 0.000  2.138 0.000  2.993 0.000  17.131 0.000   7.256 0.000   9.874 0.000 0.070 0.000  1.033 0.000
148.25 149.25   40.03 0.000  1.82 0.000 9.999 0.259  0.17 0.000  0.041 0.000  2.637 0.000  3.692 0.000  15.118 0.000   3.901 0.000  11.217 0.000 0.069 0.000  1.217 0.000
151.25 152.25   44.67 0.000  1.43 0.000 9.999 0.259 99.99 0.259  0.064 0.000  2.885 0.000  4.038 0.000  23.594 0.000   4.810 0.000  18.784 0.000 0.054 0.000  2.716 0.000
154.25 155.25   32.02 0.000  1.59 0.000 9.999 0.259 99.99 0.259  0.041 0.000  1.789 0.000  2.504 0.000  12.561 0.000   3.410 0.000   9.151 0.000 0.048 0.000  0.970 0.000
157.25 158.25   48.95 0.000  2.25 0.000 0.023 0.000  0.12 0.000  0.073 0.000  3.158 0.000  4.422 0.000  19.785 0.000   5.581 0.000  14.204 0.000 0.142 0.000  1.367 0.000
160.25 161.25   65.40 0.000  5.91 0.000 0.031 0.000 99.99 0.259  0.064 0.000  3.843 0.000  5.380 0.000 999.999 0.456 999.999 0.999  17.637 0.000 0.186 0.000  1.634 0.000
163.25 164.25 9999.99 0.999 99.99 0.999 9.999 0.999 99.99 0.999 99.999 0.999 99.999 0.999 99.999 0.999 999.999 0.999 999.999 0.999 999.999 0.999 9.999 0.999 99.999 0.999
166.25 167.25   35.34 0.000  2.05 0.000 9.999 0.259  0.15 0.000  0.028 0.000  2.096 0.000  2.935 0.000  14.849 0.000   4.504 0.000  10.345 0.000 0.039 0.000  1.173 0.000
169.25 170.25   35.52 0.000  1.19 0.000 9.999 0.259  0.16 0.000  0.071 0.000  1.374 0.000  1.923 0.000  15.399 0.000   4.890 0.000  10.509 0.000 0.039 0.000  1.673 0.000
172.25 173.25   60.03 0.000  1.52 0.000 9.999 0.259  0.26 0.000  0.043 0.000  3.660 0.000  5.123 0.000  22.745 0.000   5.779 0.000  16.966 0.000 0.070 0.000  1.801 0.000
175.25 176.25   36.39 0.000  4.52 0.000 9.999 0.259  0.28 0.000  0.021 0.000  1.867 0.000  2.613 0.000  38.297 0.000   2.435 0.000  35.862 0.000 0.053 0.000  6.908 0.000
178.25 179.25   58.58 0.000  3.21 0.000 0.086 0.000  0.14 0.000  0.054 0.000  2.077 0.000  2.908 0.000  20.734 0.000   4.723 0.000  16.012 0.000 0.074 0.000  2.401 0.000
181.25 182.25   57.56 0.000  3.48 0.000 9.999 0.259  0.12 0.000  0.051 0.000  4.475 0.000  8.055 0.000  27.233 0.000   6.882 0.000  20.352 0.000 0.122 0.000  1.880 0.000
184.25 185.25   37.51 0.000  3.63 0.000 9.999 0.259  0.18 0.000  0.064 0.000  4.055 0.000  7.298 0.000  43.888 0.000  23.938 0.000  19.950 0.000 0.283 0.000  2.124 0.000
187.25 188.25   19.77 0.000  1.69 0.000 0.014 0.000 99.99 0.259  0.027 0.000  1.739 0.000  3.129 0.000  17.384 0.000   3.104 0.000  14.281 0.000 0.045 0.000  2.045 0.000
190.25 191.25   26.39 0.000  2.49 0.000 9.999 0.259  0.09 0.000  0.058 0.000  4.070 0.000  7.327 0.000  22.868 0.000   2.650 0.000  20.218 0.000 0.066 0.000  2.131 0.000
193.25 194.25  444.62 0.000  2.49 0.000 0.039 0.000  0.42 0.000  0.068 0.000  2.275 0.000  4.095 0.000  27.180 0.000   8.531 0.000  18.649 0.000 0.185 0.000  1.564 0.000
196.25 197.25   38.80 0.000  2.71 0.000 9.999 0.259  0.23 0.000  0.023 0.000  2.661 0.000  4.789 0.000  20.114 0.000   5.034 0.000  15.080 0.000 0.060 0.000  1.779 0.000
199.25 200.25   39.40 0.000  2.80 0.000 0.016 0.000 99.99 0.259  0.027 0.000  5.412 0.000  9.742 0.000  34.528 0.000   4.331 0.000  30.197 0.000 0.059 0.000  3.765 0.000
202.25 203.25   23.61 0.000  2.05 0.000 9.999 0.259 99.99 0.259  0.102 0.000  1.829 0.000  3.292 0.000  15.311 0.000   4.987 0.000  10.323 0.000 0.048 0.000  1.465 0.000
205.25 206.25   21.20 0.000  2.07 0.000 9.999 0.259  0.18 0.000  0.022 0.000  2.628 0.000  4.730 0.000  21.611 0.000   3.184 0.000  18.427 0.000 0.049 0.000  2.620 0.000
208.25 209.25  598.86 0.000  3.13 0.000 9.999 0.259  0.28 0.000  0.110 0.000  1.178 0.000  2.120 0.000  29.603 0.000  14.495 0.000  15.108 0.000 0.246 0.000  0.713 0.000
211.25 212.25   85.52 0.000  1.58 0.000 9.999 0.259  0.20 0.000  0.050 0.000  2.539 0.000  4.570 0.000  21.565 0.000   4.800 0.000  16.764 0.000 0.065 0.000  2.024 0.000
214.25 215.25  701.02 0.000  3.26 0.000 9.999 0.259  0.45 0.000  0.155 0.000  2.228 0.000  4.010 0.000  42.838 0.000  18.927 0.000  23.912 0.000 0.313 0.000  1.712 0.000
217.25 218.25  209.25 0.000  2.21 0.000 0.054 0.000  0.21 0.000  0.055 0.000  2.423 0.000  4.361 0.000  24.694 0.000   5.659 0.000  19.035 0.000 0.111 0.000  2.387 0.000
220.25 221.25   56.24 0.000  1.50 0.000 9.999 0.259  0.14 0.000  0.099 0.000  1.851 0.000  3.332 0.000  15.098 0.000   5.111 0.000   9.987 0.000 0.054 0.000  1.234 0.000
223.25 224.25   45.94 0.000  4.61 0.000 9.999 0.259  0.28 0.000  0.034 0.000  2.757 0.000  4.963 0.000  30.707 0.000   4.476 0.000  26.231 0.000 0.057 0.000  4.631 0.000
226.25 227.25   30.93 0.000  2.21 0.000 9.999 0.259  0.14 0.000  0.084 0.000  1.505 0.000  2.709 0.000  14.252 0.000   5.588 0.000   8.663 0.000 0.049 0.000  1.131 0.000
229.25 230.25 9999.99 0.456 99.99 0.456 9.999 0.456 99.99 0.456  0.043 0.000  3.800 0.000  6.840 0.000  36.075 0.000 999.999 0.456 999.999 0.456 9.999 0.456  5.317 0.000
232.25 233.25   26.17 0.000  3.61 0.000 9.999 0.259  0.19 0.000  0.028 0.000  2.410 0.000  4.339 0.000  27.158 0.000   6.742 0.000  20.416 0.000 0.059 0.000  3.590 0.000
235.25 236.25   35.46 0.000  2.83 0.000 9.999 0.259  0.29 0.000  0.026 0.000  2.015 0.000  3.627 0.000  24.737 0.000   4.604 0.000  20.133 0.000 0.047 0.000  3.109 0.000
238.25 239.25   19.71 0.000  1.88 0.000 0.068 0.000 99.99 0.259  0.036 0.000  2.661 0.000  4.790 0.000  25.376 0.000   3.935 0.000  21.441 0.000 0.044 0.000  3.360 0.000
241.25 242.25   16.95 0.000  1.54 0.000 9.999 0.259 99.99 0.259  0.092 0.000  1.319 0.000  2.374 0.000  20.006 0.000   5.767 0.000  14.239 0.000 0.035 0.000  2.445 0.000
244.25 245.25   13.54 0.000  2.80 0.000 0.019 0.000  0.20 0.000  0.024 0.000  1.262 0.000  2.272 0.000  18.282 0.000   4.950 0.000  13.332 0.000 0.025 0.000  2.425 0.000
247.25 248.25   22.49 0.000  3.60 0.000 0.018 0.000  0.42 0.000  0.074 0.000  1.814 0.000  3.265 0.000  20.132 0.000   3.193 0.000  16.939 0.000 0.045 0.000  2.751 0.000
250.25 251.25   25.12 0.000  2.22 0.000 9.999 0.259  0.10 0.000  0.061 0.000  2.568 0.000  4.622 0.000  21.398 0.000   2.910 0.000  18.488 0.000 0.048 0.000  2.757 0.000
253.25 254.25   24.44 0.000  3.33 0.000 9.999 0.259  0.19 0.000  0.056 0.000  3.724 0.000  6.704 0.000  30.029 0.000   5.773 0.000  24.256 0.000 0.062 0.000  3.515 0.000
256.25 257.25   12.15 0.000  1.04 0.000 9.999 0.259 99.99 0.259  0.136 0.000  0.801 0.000  1.442 0.000  11.924 0.000   4.224 0.000   7.700 0.000 0.024 0.000  1.374 0.000
259.25 260.25   26.32 0.000  2.47 0.000 9.999 0.259 99.99 0.259  0.043 0.000  3.388 0.000  6.098 0.000  25.285 0.000   4.829 0.000  20.456 0.000 0.058 0.000  2.779 0.000
262.25 263.25   11.30 0.000  0.69 0.000 9.999 0.259  0.22 0.000  0.114 0.000  0.612 0.000  1.102 0.000   9.442 0.000   4.621 0.000   4.821 0.000 0.020 0.000  0.740 0.000
265.25 266.25   33.36 0.000  0.25 0.000 0.012 0.000  0.25 0.000  0.035 0.000  0.754 0.000  1.358 0.000   5.319 0.000   3.152 0.000   2.168 0.000 0.029 0.000  0.158 0.000
268.25 269.25   34.22 0.000  2.95 0.000 0.007 0.000 99.99 0.259  0.079 0.000  1.412 0.000  2.541 0.000  15.564 0.000   7.992 0.000   7.572 0.000 0.042 0.000  0.730 0.000
271.25 272.25   30.20 0.000  1.23 0.000 9.999 0.259 99.99 0.259  0.097 0.000  0.961 0.000  1.729 0.000  12.604 0.000   7.828 0.000   4.776 0.000 0.033 0.000  0.547 0.000
274.25 275.25   23.43 0.000  2.90 0.000 9.999 0.259 99.99 0.259  0.030 0.000  1.583 0.000  2.850 0.000  14.613 0.000   5.941 0.000   8.671 0.000 0.046 0.000  0.838 0.000
277.25 278.25 9999.99 0.999 99.99 0.999 9.999 0.999 99.99 0.999 99.999 0.999 99.999 0.999 99.999 0.999 999.999 0.999 999.999 0.999 999.999 0.999 9.999 0.999 99.999 0.999
280.25 281.25 9999.99 0.999 99.99 0.999 9.999 0.999 99.99 0.999 99.999 0.999 99.999 0.999 99.999 0.999 999.999 0.999 999.999 0.999 999.999 0.999 9.999 0.999 99.999 0.999
