scripts/IMPROVE-2019_partial/data/US1810R.20050101060000.20191216000000.filterpack..pm25.52w.1w.US03L_filterpack_US1810.US03L_IMPROVE_Davis.lev2.nas
66 1001
MISSING INFORMATION
US03L, IMPROVE, , , , , , , 
MISSING INFORMATION
IMPROVE sel_HTAP
1 1
2005 01 01 2019 12 16
3.00
days from file reference point
27
1 1 1 1 1 1 1 1 1 1 1 1 1 1 1 1 1 1 1 1 1 1 1 1 1 1 1
999.99 99.999 9.999999 9999.99 9.999 99.99 9.999 9.999 9.999 9.99 9.999999 99.999 9.999 99.999 9.999 99.999 9.999 999.999 9.999 99.999 9.999 999.999 9.999 9.999 9.999 99.999 9.999
end_time of measurement, days from the file reference point
ammonium, ug N/m3, Revision date=20181210133000
numflag ammonium, no unit, Revision date=20181210133000
iron, ng/m3, Revision date=20181210133000
numflag iron, no unit, Revision date=20181210133000
lead, ng/m3, Revision date=20181210133000
numflag lead, no unit, Revision date=20181210133000
magnesium, ug/m3, Revision date=20181210133000
numflag magnesium, no unit, Revision date=20181210133000
nickel, ng/m3, Revision date=20181210133000
numflag nickel, no unit, Revision date=20181210133000
nitrate, ug N/m3, Revision date=20181210133000
numflag nitrate, no unit, Revision date=20181210133000
organic_carbon, ug C/m3, Revision date=20181210133000
numflag organic_carbon, no unit, Revision date=20181210133000
organic_mass, ug/m3, Revision date=20181210133000
numflag organic_mass, no unit, Revision date=20181210133000
pm10_mass, ug/m3, Version=2, Version description=Data extracted from http://views.cira.colostate.edu/fed/DataWizard 2019-12-16, Sample duration=1d, Orig. time res.=3d, Matrix=pm10, Blank correction=Blank corrected, Volume std. temperature=ambient, Volume std. pressure=ambient
numflag pm10_mass, no unit, Version=2, Version description=Data extracted from http://views.cira.colostate.edu/fed/DataWizard 2019-12-16, Sample duration=1d, Orig. time res.=3d, Matrix=pm10, Blank correction=Blank corrected, Volume std. temperature=ambient, Volume std. pressure=ambient
pm10_pm25_mass, ug/m3, Revision date=20181210133000, Matrix=pm10_pm25
numflag pm10_pm25_mass, no unit, Revision date=20181210133000, Matrix=pm10_pm25
pm25_mass, ug/m3, Version=2, Version description=Data extracted from http://views.cira.colostate.edu/fed/DataWizard 2019-12-16, Sample duration=1d, Orig. time res.=3d, Blank correction=Blank corrected, Volume std. temperature=ambient, Volume std. pressure=ambient
numflag pm25_mass, no unit, Version=2, Version description=Data extracted from http://views.cira.colostate.edu/fed/DataWizard 2019-12-16, Sample duration=1d, Orig. time res.=3d, Blank correction=Blank corrected, Volume std. temperature=ambient, Volume std. pressure=ambient
potassium, ug/m3, Revision date=20181210133000
numflag potassium, no unit, Revision date=20181210133000
sulphate_total, ug S/m3, Revision date=20181210133000
numflag sulphate_total, no unit, Revision date=20181210133000
0
25
Data definition:              EBAS_1.1
Set type code:                TU
Timezone:                     UTC
File name:                    US1810R.20050101060000.20191216000000.filterpack..pm25.52w.1w.US03L_filterpack_US1810.US03L_IMPROVE_Davis.lev2.nas
File creation:                20191218120336
Startdate:                    20050101060000
Revision date:                20191216000000
Statistics:                   arithmetic mean
Data level:                   2
Period code:                  52w
Resolution code:              1w
Station code:                 US1810R
Platform code:                US1810S
Station name:                 Mammoth Cave National Park-Houchin Meadow
Station latitude:             37.1317
Station longitude:            -86.148
Station altitude:             236.0 m
Regime:                       IMG
Component:                    
Matrix:                       pm25
Laboratory code:              US03L
Instrument type:              filterpack
Instrument name:              filterpack_US1810
Method ref:                   US03L_IMPROVE_Davis
starttime endtime NH4+ flag_NH4+ Fe flag_Fe Pb flag_Pb Mg++ flag_Mg++ Ni flag_Ni NO3- flag_NO3- OC flag_OC OM flag_OM PM10 flag_PM10 PM10-PM2.5 flag_PM10-PM2.5 PM2.5 flag_PM2.5 K+ flag_K+ SO4-- flag_SO4--
  0.25   1.25  0.937 0.000000   17.46 0.000  4.44 0.000 0.012 0.000 0.36 0.000000  0.265 0.000  2.271 0.000  4.087 0.000  13.332 0.000  3.595 0.000   9.735 0.000 0.103 0.000  1.007 0.000
  3.25   4.25  0.758 0.000000   19.74 0.000  1.53 0.000 9.999 0.259 0.28 0.000000  0.389 0.000  1.468 0.000  2.642 0.000   9.204 0.000  2.472 0.000   6.731 0.000 0.055 0.000  0.704 0.000
  6.25   7.25  0.548 0.000000    9.74 0.000  1.18 0.000 9.999 0.259 0.16 0.000000  0.253 0.000  0.522 0.000  0.939 0.000   3.964 0.000  0.602 0.000   3.362 0.000 0.021 0.000  0.472 0.000
  9.25  10.25  1.599 0.000000   24.56 0.000  1.84 0.000 9.999 0.259 0.15 0.000000  0.495 0.000  1.369 0.000  2.465 0.000  12.330 0.000  2.701 0.000   9.627 0.000 0.077 0.000  1.434 0.000
 12.25  13.25  0.234 0.000000   12.97 0.000  0.77 0.000 9.999 0.259 0.29 0.000000  0.060 0.000  0.727 0.000  1.309 0.000   4.479 0.000  1.579 0.000   2.899 0.000 0.031 0.000  0.310 0.000
 15.25  16.25  1.504 0.000000   51.66 0.000  5.94 0.000 0.014 0.000 0.30 0.000000  0.899 0.000  1.212 0.000  2.182 0.000  14.865 0.000  3.006 0.000  11.857 0.000 0.062 0.000  0.909 0.000
 18.25  19.25  0.999 0.000000   29.08 0.000  2.14 0.000 9.999 0.259 9.99 0.259000  0.556 0.000  1.227 0.000  2.209 0.000  10.567 0.000  3.420 0.000   7.145 0.000 0.045 0.000  0.677 0.000
 21.25  22.25  1.678 0.000000   44.65 0.000  2.46 0.000 9.999 0.259 0.20 0.000000  0.646 0.000  1.037 0.000  1.866 0.000  14.789 0.000  3.890 0.000  10.897 0.000 0.056 0.000  1.297 0.000
 24.25  25.25  0.689 0.000000   44.47 0.000  2.86 0.000 9.999 0.259 9.99 0.259000  0.423 0.000  2.940 0.000  5.293 0.000  13.595 0.000  4.694 0.000   8.957 0.000 0.093 0.000  0.535 0.000
 27.25  28.25  0.900 0.000000   43.41 0.000  3.26 0.000 9.999 0.259 0.36 0.000000  0.318 0.000  1.494 0.000  2.689 0.000  11.388 0.000  3.357 0.000   8.029 0.000 0.062 0.000  0.852 0.000
 30.25  31.25  1.975 0.000000   18.79 0.000  6.08 0.000 0.013 0.000 0.20 0.000000  0.195 0.000  1.226 0.000  2.206 0.000  18.343 0.000  0.947 0.000  17.392 0.000 0.041 0.000  3.453 0.000
 33.25  34.25  2.537 0.000000   49.78 0.000  7.87 0.000 9.999 0.259 0.46 0.000000  0.481 0.000  2.445 0.000  4.401 0.000  19.096 0.000  1.465 0.000  17.628 0.000 0.072 0.000  2.941 0.000
 36.25  37.25  1.001 0.000000   28.31 0.000  3.17 0.000 9.999 0.259 0.27 0.000000  0.219 0.000  1.798 0.000  3.236 0.000  10.363 0.000  1.970 0.000   8.391 0.000 0.087 0.000  1.014 0.000
 39.25  40.25  1.418 0.000000   28.34 0.000  1.16 0.000 9.999 0.259 0.14 0.000000  0.237 0.000  0.431 0.000  0.777 0.000   9.216 0.000  0.984 0.000   8.231 0.000 0.028 0.000  1.640 0.000
 42.25  43.25  0.604 0.000000   39.58 0.000  4.13 0.000 9.999 0.259 0.13 0.000000  0.443 0.000  1.755 0.000  3.159 0.000   9.167 0.000  3.202 0.000   5.964 0.000 0.082 0.000  0.393 0.000
 45.25  46.25  0.454 0.000000   29.22 0.000  1.84 0.000 9.999 0.259 9.99 0.259000  0.092 0.000  0.971 0.000  1.747 0.000   8.348 0.000  2.868 0.000   5.513 0.000 0.030 0.000  0.516 0.000
 48.25  49.25  0.692 0.000000   27.98 0.000  1.13 0.000 9.999 0.259 0.14 0.000000  0.395 0.000  0.683 0.000  1.230 0.000   8.574 0.000  3.647 0.000   4.926 0.000 0.034 0.000  0.538 0.000
 51.25  52.25  1.663 0.000000   14.26 0.000  1.42 0.000 9.999 0.259 0.23 0.000000  0.572 0.000  1.441 0.000  2.595 0.000  12.548 0.000  2.091 0.000  10.456 0.000 0.048 0.000  1.420 0.000
 54.25  55.25 99.999 0.259000   35.13 0.000  4.39 0.000 9.999 0.259 0.21 0.000000  0.268 0.000  1.037 0.000  1.866 0.000  12.186 0.000  0.924 0.000  11.261 0.000 0.035 0.000  2.025 0.000
 57.25  58.25 99.999 0.259000   35.73 0.000  4.55 0.000 9.999 0.259 0.15 0.000000  0.634 0.000  2.500 0.000  4.500 0.000  16.446 0.000  2.386 0.000  14.055 0.000 0.069 0.000  1.857 0.000
 60.25  61.25 99.999 0.259000   46.66 0.000  1.19 0.000 0.009 0.000 9.99 0.259000  0.636 0.000  0.618 0.000  1.113 0.000   9.426 0.000  2.663 0.000   6.761 0.000 0.046 0.000  0.687 0.000
 63.25  64.25 99.999 0.259000   49.59 0.000  2.65 0.000 9.999 0.259 9.99 0.259000  1.650 0.000  1.262 0.000  2.271 0.000  22.064 0.000  6.453 0.000  15.609 0.000 0.063 0.000  1.378 0.000
 66.25  67.25 99.999 0.259000   19.85 0.000  0.79 0.000 0.006 0.000 9.99 0.259000  0.389 0.000  0.441 0.000  0.795 0.000   7.570 0.000  2.078 0.000   5.514 0.000 0.019 0.000  0.974 0.000
 69.25  70.25 99.999 0.259000   24.01 0.000  0.76 0.000 0.015 0.000 9.99 0.259000  0.475 0.000  0.572 0.000  1.030 0.000   9.312 0.000  3.544 0.000   5.767 0.000 0.030 0.000  0.826 0.000
 72.25  73.25 99.999 0.259000   25.78 0.000  1.81 0.000 9.999 0.259 0.05 0.000000  0.611 0.000  0.915 0.000  1.648 0.000   9.118 0.000  2.269 0.000   6.848 0.000 0.031 0.000  0.747 0.000
 75.25  76.25 99.999 0.259000   23.77 0.000  1.78 0.000 0.007 0.000 9.99 0.259000  0.234 0.000  0.683 0.000  1.229 0.000   6.354 0.000  2.361 0.000   3.992 0.000 0.032 0.000  0.511 0.000
 78.25  79.25 99.999 0.259000   26.40 0.000  2.41 0.000 9.999 0.259 9.99 0.259000  1.623 0.000  1.217 0.000  2.190 0.000  24.516 0.000  5.768 0.000  18.744 0.000 0.044 0.000  2.284 0.000
 81.25  82.25 99.999 0.259000   34.03 0.000  2.42 0.000 0.015 0.000 9.99 0.259000  0.819 0.000  1.125 0.000  2.025 0.000  12.288 0.000  2.630 0.000   9.656 0.000 0.041 0.000  1.684 0.000
 84.25  85.25 99.999 0.259000   35.67 0.000  7.01 0.000 9.999 0.259 9.99 0.259000  0.346 0.000  1.590 0.000  2.862 0.000  20.730 0.000  1.920 0.000  18.806 0.000 0.051 0.000  3.551 0.000
 87.25  88.25 99.999 0.259000   67.16 0.000  3.69 0.000 9.999 0.259 9.99 0.259000  0.637 0.000  1.169 0.000  2.104 0.000  10.354 0.000  2.188 0.000   8.190 0.000 0.061 0.000  1.204 0.000
 90.25  91.25 99.999 0.259000   23.00 0.000  1.91 0.000 9.999 0.259 0.13 0.000000  0.228 0.000  0.629 0.000  1.133 0.000   6.537 0.000  1.696 0.000   4.840 0.000 0.024 0.000  0.705 0.000
 93.25  94.25 99.999 0.259000   27.82 0.000  3.18 0.000 9.999 0.259 9.99 0.259000  0.089 0.000  2.462 0.000  4.431 0.000  12.845 0.000  3.416 0.000   9.426 0.000 0.072 0.000  0.824 0.000
 96.25  97.25 99.999 0.259000   17.65 0.000  1.19 0.000 9.999 0.259 0.32 0.000000  0.120 0.000  1.561 0.000  2.811 0.000   7.907 0.000  1.450 0.000   6.455 0.000 0.041 0.000  0.777 0.000
 99.25 100.25 99.999 0.259000   30.92 0.000  2.69 0.000 9.999 0.259 0.16 0.000000  0.144 0.000  1.819 0.000  3.274 0.000  18.914 0.000  2.148 0.000  16.761 0.000 0.048 0.000  2.897 0.000
102.25 103.25 99.999 0.259000   50.27 0.000  2.52 0.000 9.999 0.259 0.25 0.000000  0.259 0.000  1.189 0.000  2.139 0.000  11.306 0.000  3.178 0.000   8.127 0.000 0.040 0.000  1.198 0.000
105.25 106.25 99.999 0.259000   79.99 0.000  4.01 0.000 9.999 0.259 0.35 0.000000  0.119 0.000  1.543 0.000  2.778 0.000  17.086 0.000  5.663 0.000  11.421 0.000 0.083 0.000  1.717 0.000
108.25 109.25 99.999 0.259000   83.76 0.000  4.53 0.000 0.010 0.000 0.11 0.000000  0.188 0.000  3.616 0.000  6.508 0.000  28.446 0.000  7.558 0.000  20.967 0.000 0.096 0.000  2.900 0.000
111.25 112.25 99.999 0.259000   45.94 0.000  2.55 0.000 0.008 0.000 0.23 0.000000  0.261 0.000  1.441 0.000  2.594 0.000  14.859 0.000  6.078 0.000   8.779 0.000 0.060 0.000  1.144 0.000
114.25 115.25 99.999 0.259000   29.69 0.000  2.81 0.000 0.009 0.000 9.99 0.259000  0.133 0.000  0.862 0.000  1.551 0.000   8.672 0.000  4.859 0.000   3.813 0.000 0.066 0.000  0.323 0.000
117.25 118.25 99.999 0.259000   29.44 0.000  1.49 0.000 9.999 0.259 0.18 0.000000  0.175 0.000  0.882 0.000  1.588 0.000   7.226 0.000  2.323 0.000   4.903 0.000 0.038 0.000  0.563 0.000
120.25 121.25 99.999 0.259000   34.22 0.000  2.84 0.000 9.999 0.259 0.12 0.000000  0.356 0.000  0.789 0.000  1.421 0.000  10.281 0.000  3.125 0.000   7.154 0.000 0.052 0.000  1.115 0.000
123.25 124.25 99.999 0.259000   33.53 0.000  1.85 0.000 9.999 0.259 9.99 0.259000  0.098 0.000  0.711 0.000  1.280 0.000  15.080 0.000  5.643 0.000   9.436 0.000 0.041 0.000  1.682 0.000
126.25 127.25 99.999 0.259000   58.25 0.000  3.90 0.000 9.999 0.259 0.16 0.000000  0.139 0.000  2.038 0.000  3.668 0.000  23.429 0.000  6.592 0.000  16.831 0.000 0.082 0.000  2.688 0.000
129.25 130.25 99.999 0.259000   48.33 0.000  1.46 0.000 9.999 0.259 0.22 0.000000  0.158 0.000  2.000 0.000  3.600 0.000  15.937 0.000  4.784 0.000  11.212 0.000 0.055 0.000  1.533 0.000
132.25 133.25 99.999 0.259000   62.61 0.000  3.44 0.000 9.999 0.259 9.99 0.259000  0.109 0.000  3.349 0.000  6.029 0.000  27.283 0.000  7.134 0.000  20.145 0.000 0.069 0.000  2.709 0.000
135.25 136.25 99.999 0.259000   11.96 0.000  3.06 0.000 9.999 0.259 0.15 0.000000  0.037 0.000  0.496 0.000  0.893 0.000   8.374 0.000  1.517 0.000   6.856 0.000 0.017 0.000  1.203 0.000
138.25 139.25 99.999 0.394259   61.75 0.394  3.09 0.394 0.009 0.394 9.99 0.394259  0.116 0.394  3.431 0.000  6.177 0.000  22.922 0.000  5.805 0.000  17.180 0.000 0.082 0.394  1.977 0.394
141.25 142.25 99.999 0.259000   32.32 0.000  3.99 0.000 9.999 0.259 0.22 0.000000  0.081 0.000  1.811 0.000  3.259 0.000  20.056 0.000  3.899 0.000  16.153 0.000 0.046 0.000  2.716 0.000
144.25 145.25 99.999 0.259000   15.20 0.000  0.94 0.000 9.999 0.259 9.99 0.259000  0.058 0.000  0.875 0.000  1.575 0.000   7.431 0.000  2.068 0.000   5.362 0.000 0.017 0.000  0.764 0.000
147.25 148.25 99.999 0.259000   22.98 0.000  2.19 0.000 0.012 0.000 0.17 0.000000  0.036 0.000  1.015 0.000  1.827 0.000   7.758 0.000  3.077 0.000   4.679 0.000 0.027 0.000  0.556 0.000
150.25 151.25 99.999 0.259000   26.33 0.000  3.18 0.000 9.999 0.259 9.99 0.259000  0.051 0.000  1.711 0.000  3.079 0.000  14.212 0.000  3.581 0.000  10.705 0.000 0.042 0.000  1.493 0.000
153.25 154.25 99.999 0.259000   10.76 0.000  0.74 0.000 0.012 0.000 9.99 0.259000  0.099 0.000  1.038 0.000  1.869 0.000  12.900 0.000  3.879 0.000   9.028 0.000 0.026 0.000  1.517 0.000
156.25 157.25 99.999 0.259000   48.62 0.000  1.27 0.000 0.014 0.000 0.17 0.000000  0.088 0.000  2.450 0.000  4.410 0.000  18.054 0.000  6.033 0.000  12.019 0.000 0.077 0.000  1.219 0.000
159.25 160.25 99.999 0.259000   35.87 0.000  1.49 0.000 9.999 0.259 0.08 0.000000  0.086 0.000  2.487 0.000  4.477 0.000  14.993 0.000  4.094 0.000  10.898 0.000 0.065 0.000  1.158 0.000
162.25 163.25 99.999 0.259000   13.75 0.000  0.85 0.000 9.999 0.259 0.14 0.000000  0.060 0.000  1.442 0.000  2.596 0.000  12.179 0.000  4.741 0.000   7.439 0.000 0.273 0.000  0.960 0.000
165.25 166.25 99.999 0.259000   34.48 0.000  1.43 0.000 9.999 0.259 9.99 0.259000  0.036 0.000  1.441 0.000  2.595 0.000  13.523 0.000  7.034 0.000   6.488 0.000 0.047 0.000  0.744 0.000
168.25 169.25 99.999 0.259000   24.54 0.000  4.97 0.000 9.999 0.259 0.11 0.000000  0.044 0.000  1.336 0.000  2.405 0.000  13.354 0.000  3.850 0.000   9.503 0.000 0.027 0.000  1.416 0.000
171.25 172.25 99.999 0.259000   24.71 0.000  2.62 0.000 0.027 0.000 9.99 0.259000  0.052 0.000  2.289 0.000  4.121 0.000  34.075 0.000  3.855 0.000  30.254 0.000 0.041 0.000  6.358 0.000
174.25 175.25 99.999 0.259000   29.76 0.000  1.50 0.000 9.999 0.259 0.11 0.000000  0.034 0.000  2.889 0.000  5.201 0.000  20.377 0.000  6.370 0.000  14.005 0.000 0.051 0.000  1.904 0.000
177.25 178.25 99.999 0.259000   32.71 0.000  3.76 0.000 9.999 0.259 0.14 0.000000  0.094 0.000  4.104 0.000  7.388 0.000  28.173 0.000  3.916 0.000  24.252 0.000 0.081 0.000  3.395 0.000
180.25 181.25 99.999 0.259000  117.11 0.000  2.00 0.000 9.999 0.259 9.99 0.259000  0.063 0.000  4.761 0.000  8.571 0.000  34.868 0.000  3.898 0.000  30.966 0.000 0.080 0.000  4.924 0.000
183.25 184.25 99.999 0.259000   36.16 0.000  3.89 0.000 9.999 0.259 9.99 0.259000  0.057 0.000  2.960 0.000  5.328 0.000  24.941 0.000  4.067 0.000  20.870 0.000 0.273 0.000  3.104 0.000
186.25 187.25 99.999 0.259000   15.48 0.000  1.53 0.000 0.015 0.000 9.99 0.259000  0.028 0.000  2.098 0.000  3.777 0.000  21.550 0.000  3.332 0.000  18.215 0.000 0.075 0.000  3.175 0.000
189.25 190.25 99.999 0.259000   29.52 0.000  2.19 0.000 9.999 0.259 0.13 0.000000  0.027 0.000  2.127 0.000  3.828 0.000  28.031 0.000  2.845 0.000  25.182 0.000 0.060 0.000  4.632 0.000
192.25 193.25 99.999 0.259000   57.21 0.000  1.61 0.000 9.999 0.259 9.99 0.259000  0.044 0.000  1.230 0.000  2.215 0.000  16.685 0.000  5.251 0.000  11.431 0.000 0.040 0.000  1.759 0.000
195.25 196.25 99.999 0.259000   28.49 0.000  2.79 0.000 0.030 0.000 0.08 0.000000  0.153 0.000  1.598 0.000  2.876 0.000  23.058 0.000  5.444 0.000  17.612 0.000 0.037 0.000  3.290 0.000
198.25 199.25 99.999 0.259000   13.93 0.000  0.95 0.000 9.999 0.259 0.21 0.000000  0.048 0.000  1.838 0.000  3.309 0.000  14.682 0.000  6.117 0.000   8.563 0.000 0.045 0.000  1.119 0.000
201.25 202.25 99.999 0.259000   62.76 0.000  1.58 0.000 9.999 0.259 0.23 0.000000  0.047 0.000  2.496 0.000  4.494 0.000  17.862 0.000  4.338 0.000  13.522 0.000 0.047 0.000  1.724 0.000
204.25 205.25 99.999 0.559259   25.66 0.000  1.97 0.000 9.999 0.259 9.99 0.259000  0.030 0.559  2.946 0.000  5.303 0.000  28.087 0.000  3.835 0.000  24.247 0.000 0.043 0.000  3.804 0.559
207.25 208.25 99.999 0.259000   47.34 0.000  0.90 0.000 9.999 0.259 0.09 0.000000  0.054 0.000  2.931 0.000  5.276 0.000  21.319 0.000  3.651 0.000  17.666 0.000 0.047 0.000  2.352 0.000
210.25 211.25 99.999 0.259000   32.56 0.000  2.92 0.000 9.999 0.259 0.10 0.000000  0.027 0.000  1.975 0.000  3.554 0.000  25.623 0.000  3.188 0.000  22.431 0.000 0.032 0.000  3.959 0.000
213.25 214.25 99.999 0.259000   18.76 0.000  1.59 0.000 9.999 0.259 9.99 0.259000  0.023 0.000  2.131 0.000  3.836 0.000  18.317 0.000  3.205 0.000  15.147 0.000 0.033 0.000  2.388 0.000
216.25 217.25 99.999 0.259000   36.15 0.000  1.44 0.000 9.999 0.259 0.14 0.000000  0.029 0.000  2.944 0.000  5.299 0.000  29.352 0.000  3.721 0.000  25.631 0.000 0.054 0.000  3.994 0.000
219.25 220.25 99.999 0.559259   15.04 0.000  0.92 0.000 9.999 0.259 0.18 0.000000  0.028 0.559  1.362 0.000  2.452 0.000  11.425 0.000  2.441 0.000   8.982 0.000 0.028 0.000  1.294 0.559
222.25 223.25 99.999 0.259000   54.12 0.000  1.66 0.000 9.999 0.259 0.09 0.000000  0.033 0.000  3.086 0.000  5.554 0.000  30.125 0.000  2.870 0.000  27.249 0.000 0.029 0.000  4.629 0.000
225.25 226.25 99.999 0.259000  349.21 0.000  2.60 0.000 9.999 0.259 9.99 0.259000  0.086 0.000  1.735 0.000  3.122 0.000  21.329 0.000  8.317 0.000  13.011 0.000 0.158 0.000  0.923 0.000
228.25 229.25 99.999 0.559259   11.64 0.000  1.27 0.000 0.008 0.000 9.99 0.259000  0.068 0.559  1.226 0.000  2.207 0.000  13.819 0.000  4.588 0.000   9.230 0.000 0.027 0.000  1.325 0.559
231.25 232.25 99.999 0.259000   54.49 0.000  0.94 0.000 9.999 0.259 0.26 0.000000  0.037 0.000  3.050 0.000  5.491 0.000  20.802 0.000  7.636 0.000  13.165 0.000 0.067 0.000  1.283 0.000
234.25 235.25 99.999 0.559259   26.34 0.000  3.38 0.000 9.999 0.259 9.99 0.259000  0.028 0.559  2.012 0.000  3.621 0.000  19.590 0.000  4.372 0.000  15.262 0.000 0.035 0.000  2.106 0.559
237.25 238.25 99.999 0.259000   17.53 0.000  1.06 0.000 9.999 0.259 0.17 0.000000  0.071 0.000  1.558 0.000  2.805 0.000  18.197 0.000  4.684 0.000  13.511 0.000 0.032 0.000  1.932 0.000
240.25 241.25 99.999 0.559259    6.20 0.000  0.64 0.000 9.999 0.259 9.99 0.259000  0.026 0.559  0.631 0.000  1.135 0.000  10.509 0.000  5.337 0.000   5.171 0.000 0.019 0.000  0.660 0.559
243.25 244.25 99.999 0.259000   46.28 0.000  2.69 0.000 9.999 0.259 9.99 0.259000  0.065 0.000  2.679 0.000  4.822 0.000  27.591 0.000  8.021 0.000  19.568 0.000 0.059 0.000  2.825 0.000
246.25 247.25 99.999 0.559259   23.84 0.000  3.85 0.000 9.999 0.259 0.11 0.000000  0.026 0.559  1.819 0.000  3.273 0.000  17.210 0.000  4.781 0.000  12.428 0.000 0.039 0.000  1.733 0.559
249.25 250.25 99.999 0.259000   20.10 0.000  2.59 0.000 9.999 0.259 9.99 0.259000  0.056 0.000  2.404 0.000  4.327 0.000  25.900 0.000  5.206 0.000  20.690 0.000 0.038 0.000  3.310 0.000
252.25 253.25 99.999 0.259000   41.55 0.000  3.10 0.000 9.999 0.259 0.24 0.000000  0.026 0.000  2.947 0.000  5.304 0.000  38.209 0.000  5.309 0.000  32.894 0.000 0.068 0.000  5.657 0.000
