scripts/IMPROVE-2019_partial/data/US1810R.20030103060000.20191216000000.filterpack..pm25.1y.1w.US03L_filterpack_US1810.US03L_IMPROVE_Davis.lev2.nas
66 1001
MISSING INFORMATION
US03L, IMPROVE, , , , , , , 
MISSING INFORMATION
IMPROVE sel_HTAP
1 1
2003 01 01 2019 12 16
3.00
days from file reference point
27
1 1 1 1 1 1 1 1 1 1 1 1 1 1 1 1 1 1 1 1 1 1 1 1 1 1 1
999.99 99.999 9.999999 9999.99 9.999 99.99 9.999 9.999 9.999999 99.99 9.999 99.999 9.999999 99.999 9.999 99.999 9.999 999.999 9.999 999.999 9.999 999.999 9.999 9.999 9.999 99.999 9.999999
end_time of measurement, days from the file reference point
ammonium, ug N/m3, Revision date=20181210133000
numflag ammonium, no unit, Revision date=20181210133000
iron, ng/m3, Revision date=20181210133000
numflag iron, no unit, Revision date=20181210133000
lead, ng/m3, Revision date=20181210133000
numflag lead, no unit, Revision date=20181210133000
magnesium, ug/m3, Revision date=20181210133000
numflag magnesium, no unit, Revision date=20181210133000
nickel, ng/m3, Revision date=20181210133000
numflag nickel, no unit, Revision date=20181210133000
nitrate, ug N/m3, Revision date=20181210133000
numflag nitrate, no unit, Revision date=20181210133000
organic_carbon, ug C/m3, Revision date=20181210133000
numflag organic_carbon, no unit, Revision date=20181210133000
organic_mass, ug/m3, Revision date=20181210133000
numflag organic_mass, no unit, Revision date=20181210133000
pm10_mass, ug/m3, Version=2, Version description=Data extracted from http://views.cira.colostate.edu/fed/DataWizard 2019-12-16, Sample duration=1d, Orig. time res.=3d, Matrix=pm10, Blank correction=Blank corrected, Volume std. temperature=ambient, Volume std. pressure=ambient
numflag pm10_mass, no unit, Version=2, Version description=Data extracted from http://views.cira.colostate.edu/fed/DataWizard 2019-12-16, Sample duration=1d, Orig. time res.=3d, Matrix=pm10, Blank correction=Blank corrected, Volume std. temperature=ambient, Volume std. pressure=ambient
pm10_pm25_mass, ug/m3, Revision date=20181210133000, Matrix=pm10_pm25
numflag pm10_pm25_mass, no unit, Revision date=20181210133000, Matrix=pm10_pm25
pm25_mass, ug/m3, Version=2, Version description=Data extracted from http://views.cira.colostate.edu/fed/DataWizard 2019-12-16, Sample duration=1d, Orig. time res.=3d, Blank correction=Blank corrected, Volume std. temperature=ambient, Volume std. pressure=ambient
numflag pm25_mass, no unit, Version=2, Version description=Data extracted from http://views.cira.colostate.edu/fed/DataWizard 2019-12-16, Sample duration=1d, Orig. time res.=3d, Blank correction=Blank corrected, Volume std. temperature=ambient, Volume std. pressure=ambient
potassium, ug/m3, Revision date=20181210133000
numflag potassium, no unit, Revision date=20181210133000
sulphate_total, ug S/m3, Revision date=20181210133000
numflag sulphate_total, no unit, Revision date=20181210133000
0
25
Data definition:              EBAS_1.1
Set type code:                TU
Timezone:                     UTC
File name:                    US1810R.20030103060000.20191216000000.filterpack..pm25.1y.1w.US03L_filterpack_US1810.US03L_IMPROVE_Davis.lev2.nas
File creation:                20191218120335
Startdate:                    20030103060000
Revision date:                20191216000000
Statistics:                   arithmetic mean
Data level:                   2
Period code:                  1y
Resolution code:              1w
Station code:                 US1810R
Platform code:                US1810S
Station name:                 Mammoth Cave National Park-Houchin Meadow
Station latitude:             37.1317
Station longitude:            -86.148
Station altitude:             236.0 m
Regime:                       IMG
Component:                    
Matrix:                       pm25
Laboratory code:              US03L
Instrument type:              filterpack
Instrument name:              filterpack_US1810
Method ref:                   US03L_IMPROVE_Davis
starttime endtime NH4+ flag_NH4+ Fe flag_Fe Pb flag_Pb Mg++ flag_Mg++ Ni flag_Ni NO3- flag_NO3- OC flag_OC OM flag_OM PM10 flag_PM10 PM10-PM2.5 flag_PM10-PM2.5 PM2.5 flag_PM2.5 K+ flag_K+ SO4-- flag_SO4--
  2.25   3.25  1.233 0.000000   21.96 0.000  3.41 0.000 0.017 0.000000  0.25 0.000  0.367 0.000000  0.724 0.000  1.014 0.000   8.845 0.000   1.842 0.000   7.003 0.000 0.026 0.000  1.234 0.000000
  5.25   6.25  1.346 0.000000   11.13 0.000  1.80 0.000 0.017 0.000000  0.15 0.000  0.630 0.000000  0.906 0.000  1.269 0.000   9.759 0.000   2.375 0.000   7.384 0.000 0.027 0.000  0.990 0.000000
  8.25   9.25  0.590 0.000000   45.18 0.000  1.84 0.000 9.999 0.259000 99.99 0.259  0.255 0.000000  1.461 0.000  2.045 0.000   9.549 0.000   3.875 0.000   5.674 0.000 0.053 0.000  0.561 0.000000
 11.25  12.25  0.323 0.559000   10.36 0.000  0.87 0.000 9.999 0.259000 99.99 0.259  0.324 0.559000  0.941 0.000  1.317 0.000   6.173 0.000   2.496 0.000   3.676 0.000 0.030 0.000  0.299 0.559000
 14.25  15.25  0.524 0.000000   20.60 0.000  1.34 0.000 9.999 0.259000 99.99 0.259  0.449 0.000000  0.966 0.000  1.353 0.000  10.453 0.000   5.543 0.000   4.910 0.000 0.035 0.000  0.307 0.000000
 17.25  18.25  1.520 0.000000   36.68 0.000  1.92 0.000 9.999 0.259000 99.99 0.259  1.244 0.000000  2.009 0.000  2.813 0.000  15.403 0.000   3.347 0.000  12.057 0.000 0.066 0.000  0.531 0.000000
 20.25  21.25  1.088 0.000000   36.52 0.000  4.30 0.000 0.020 0.000000  0.22 0.000  0.716 0.000000  1.505 0.000  2.108 0.000  11.696 0.000   3.215 0.000   8.481 0.000 0.048 0.000  0.738 0.000000
 23.25  24.25  1.170 0.000000   21.68 0.000  1.07 0.000 9.999 0.259000  0.17 0.000  0.972 0.000000  1.547 0.000  2.166 0.000  13.592 0.000   3.764 0.000   9.828 0.000 0.055 0.000  0.544 0.000000
 26.25  27.25  0.727 0.559000   17.97 0.000  1.46 0.000 9.999 0.259000 99.99 0.259  0.532 0.559000  1.024 0.000  1.434 0.000   9.382 0.000   3.459 0.000   5.923 0.000 0.042 0.000  0.419 0.559000
 29.25  30.25  2.819 0.000000   37.07 0.000  3.77 0.000 9.999 0.259000  0.21 0.000  0.634 0.000000  1.831 0.000  2.564 0.000  19.335 0.000   3.403 0.000  15.931 0.000 0.052 0.000  2.679 0.000000
 32.25  33.25  1.024 0.000000   13.87 0.000  1.75 0.000 9.999 0.259000  0.07 0.000  0.379 0.000000  1.940 0.000  2.716 0.000   9.017 0.000   1.340 0.000   7.677 0.000 0.040 0.000  0.915 0.000000
 35.25  36.25  0.513 0.000000   16.28 0.000  0.81 0.000 9.999 0.259000  0.09 0.000  0.343 0.000000  0.576 0.000  0.806 0.000   5.417 0.000   2.076 0.000   3.341 0.000 0.023 0.000  0.367 0.000000
 38.25  39.25  1.388 0.000000   19.61 0.000  2.45 0.000 9.999 0.259000  0.08 0.000  1.068 0.000000  1.108 0.000  1.551 0.000  10.749 0.000   1.929 0.000   8.820 0.000 0.037 0.000  0.631 0.000000
 41.25  42.25  1.683 0.559000   21.54 0.000  2.79 0.000 9.999 0.259000 99.99 0.259  0.971 0.559000  1.685 0.000  2.358 0.000  12.471 0.000   2.344 0.000  10.127 0.000 0.047 0.000  1.034 0.559000
 44.25  45.25  0.878 0.000000   17.57 0.000  1.96 0.000 9.999 0.259000 99.99 0.259  0.478 0.000000  1.946 0.000  2.724 0.000   9.271 0.000   2.561 0.000   6.710 0.000 0.047 0.000  0.614 0.000000
 47.25  48.25  1.726 0.559000   61.22 0.000  1.96 0.000 9.999 0.259000  0.19 0.000  0.541 0.559000  1.454 0.000  2.036 0.000  14.697 0.000   2.856 0.000  11.841 0.000 0.050 0.000  2.232 0.559000
 50.25  51.25  1.706 0.559000   13.23 0.000  1.92 0.000 0.032 0.000000 99.99 0.259  0.315 0.559000  1.294 0.000  1.811 0.000  11.489 0.000   1.378 0.000  10.112 0.000 0.048 0.000  1.970 0.559000
 53.25  54.25  1.962 0.559000   21.35 0.000  1.98 0.000 9.999 0.259000 99.99 0.259  0.608 0.559000  0.900 0.000  1.260 0.000  12.463 0.000   2.387 0.000  10.077 0.000 0.033 0.000  1.713 0.559000
 56.25  57.25  1.897 0.000000   39.31 0.000  8.19 0.000 9.999 0.259000  0.16 0.000  0.757 0.000000  1.803 0.000  2.524 0.000  15.059 0.000   2.840 0.000  12.219 0.000 0.059 0.000  1.564 0.000000
 59.25  60.25  2.843 0.000000   32.88 0.000  3.90 0.000 0.027 0.000000  0.23 0.000  0.569 0.000000  2.465 0.000  3.451 0.000  20.324 0.000   3.652 0.000  16.672 0.000 0.067 0.000  2.859 0.000000
 62.25  63.25  1.064 0.000000   21.54 0.000  1.76 0.000 9.999 0.259000 99.99 0.259  0.300 0.000000  1.513 0.000  2.118 0.000   9.284 0.000   1.909 0.000   7.374 0.000 0.048 0.000  1.095 0.000000
 65.25  66.25  2.056 0.000000   30.46 0.000  7.92 0.000 9.999 0.259000  0.12 0.000  0.478 0.000000  1.464 0.000  2.049 0.000  14.580 0.000   3.006 0.000  11.574 0.000 0.040 0.000  2.133 0.000000
 68.25  69.25  0.827 0.000000   17.58 0.000  2.05 0.000 0.031 0.000000  0.19 0.000  0.492 0.000000  0.914 0.000  1.280 0.000   7.858 0.000   2.174 0.000   5.684 0.000 0.036 0.000  0.690 0.000000
 71.25  72.25  2.035 0.000000   32.60 0.000  2.75 0.000 9.999 0.259000  0.27 0.000  0.513 0.000000  3.352 0.000  4.692 0.000  17.108 0.000   2.311 0.000  14.797 0.000 0.068 0.000  1.994 0.000000
 74.25  75.25  1.846 0.000000   18.34 0.000  2.94 0.000 9.999 0.259000  0.22 0.000  0.552 0.000000  2.429 0.000  3.401 0.000  14.685 0.000   2.480 0.000  12.204 0.000 0.063 0.000  1.737 0.000000
 77.25  78.25  0.599 0.000000   16.64 0.000  0.70 0.000 9.999 0.259000  0.19 0.000  0.193 0.000000  1.142 0.000  1.598 0.000   7.484 0.000   2.658 0.000   4.826 0.000 0.041 0.000  0.673 0.000000
 80.25  81.25  1.031 0.000000   24.74 0.000  1.78 0.000 9.999 0.259000  0.10 0.000  0.511 0.000000  1.015 0.000  1.421 0.000   8.581 0.000   2.637 0.000   5.944 0.000 0.040 0.000  0.913 0.000000
 83.25  84.25  1.181 0.000000   37.85 0.000  2.40 0.000 9.999 0.259000  0.16 0.000  0.286 0.000000  3.231 0.000  4.523 0.000  15.135 0.000   3.932 0.000  11.203 0.000 0.063 0.000  1.172 0.000000
 86.25  87.25  1.448 0.000000   20.85 0.000  1.10 0.000 9.999 0.259000  0.27 0.000  0.180 0.000000  1.837 0.000  2.572 0.000  12.917 0.000   2.177 0.000  10.740 0.000 0.039 0.000  1.669 0.000000
 89.25  90.25  0.941 0.000000   20.72 0.000  1.71 0.000 9.999 0.259000  0.10 0.000  0.467 0.000000  1.729 0.000  2.420 0.000   9.380 0.000   2.466 0.000   6.915 0.000 0.078 0.000  0.780 0.000000
 92.25  93.25  0.987 0.000000   31.33 0.000  1.46 0.000 9.999 0.259000  0.14 0.000  0.128 0.000000  1.634 0.000  2.287 0.000  12.695 0.000   4.250 0.000   8.445 0.000 0.049 0.000  1.135 0.000000
 95.25  96.25  2.035 0.000000   16.41 0.000  3.03 0.000 9.999 0.259000 99.99 0.259  0.533 0.000000  0.864 0.000  1.209 0.000  12.025 0.000   2.450 0.000   9.575 0.000 0.033 0.000  1.838 0.000000
 98.25  99.25  1.016 0.000000   10.21 0.000  0.88 0.000 9.999 0.259000  0.21 0.000  0.227 0.000000  0.539 0.000  0.754 0.000   6.067 0.000   0.394 0.000   5.674 0.000 0.019 0.000  1.070 0.000000
101.25 102.25  1.498 0.000000   62.28 0.000  4.54 0.000 9.999 0.259000  0.14 0.000  0.561 0.000000  3.337 0.000  4.672 0.000  20.833 0.000   7.125 0.000  13.709 0.000 0.129 0.000  1.399 0.000000
104.25 105.25  1.399 0.000000   69.76 0.000  2.77 0.000 9.999 0.259000 99.99 0.259  0.137 0.000000  5.290 0.000  7.406 0.000  23.933 0.000   5.932 0.000  18.002 0.000 0.139 0.000  1.573 0.000000
107.25 108.25  3.546 0.000000   39.88 0.000  1.98 0.000 9.999 0.259000 99.99 0.259  0.887 0.000000  1.598 0.000  2.237 0.000  21.052 0.000   3.439 0.000  17.612 0.000 0.042 0.000  3.364 0.000000
110.25 111.25  0.713 0.000000   14.71 0.000  1.40 0.000 0.031 0.000000 99.99 0.259  0.146 0.000000  0.811 0.000  1.136 0.000   8.799 0.000   3.509 0.000   5.290 0.000 0.024 0.000  0.804 0.000000
113.25 114.25  0.921 0.000000   73.64 0.000  3.35 0.000 9.999 0.259000  0.08 0.000  0.149 0.000000  1.912 0.000  2.677 0.000  12.544 0.000   3.708 0.000   8.836 0.000 0.091 0.000  1.017 0.000000
116.25 117.25  1.617 0.000000   94.00 0.000  4.49 0.000 9.999 0.259000  0.25 0.000  0.290 0.000000  2.237 0.000  3.132 0.000  17.763 0.000   4.841 0.000  12.923 0.000 0.090 0.000  1.780 0.000000
119.25 120.25  1.472 0.000000   54.38 0.000  1.61 0.000 9.999 0.259000 99.99 0.259  0.147 0.000000  2.803 0.000  3.925 0.000  17.468 0.000   4.496 0.000  12.973 0.000 0.068 0.000  1.785 0.000000
122.25 123.25  1.586 0.000000   29.14 0.000  1.98 0.000 9.999 0.259000 99.99 0.259  0.247 0.000000  1.009 0.000  1.412 0.000  12.153 0.000   2.578 0.000   9.575 0.000 0.025 0.000  1.796 0.000000
125.25 126.25  0.180 0.000000   27.70 0.000  0.54 0.000 9.999 0.259000 99.99 0.259  0.053 0.000000  1.151 0.000  1.611 0.000   7.018 0.000   3.241 0.000   3.776 0.000 0.042 0.000  0.328 0.000000
128.25 129.25  0.891 0.000000   63.65 0.000  0.84 0.000 9.999 0.259000  0.42 0.000  0.144 0.000000  2.204 0.000  3.086 0.000  18.936 0.000   7.027 0.000  11.909 0.000 0.092 0.000  1.493 0.000000
131.25 132.25 99.999 0.999000 9999.99 0.999 99.99 0.999 9.999 0.999000 99.99 0.999 99.999 0.999000 99.999 0.999 99.999 0.999 999.999 0.999 999.999 0.999 999.999 0.999 9.999 0.999 99.999 0.999000
134.25 135.25  0.896 0.000000   22.68 0.000  1.25 0.000 9.999 0.259000  0.07 0.000  0.222 0.000000  2.004 0.000  2.806 0.000  11.910 0.000   2.803 0.000   9.107 0.000 0.033 0.000  1.246 0.000000
137.25 138.25  0.341 0.000000   12.75 0.000  0.64 0.000 9.999 0.259000  0.15 0.000  0.040 0.000000  1.510 0.000  2.114 0.000  10.003 0.000   4.271 0.000   5.731 0.000 0.050 0.000  0.647 0.000000
140.25 141.25  1.084 0.000000   12.73 0.000  1.74 0.000 9.999 0.259000 99.99 0.259  0.161 0.000000  1.046 0.000  1.464 0.000  12.948 0.000   4.827 0.000   8.122 0.000 0.019 0.000  1.417 0.000000
143.25 144.25  1.295 0.000000   37.28 0.000  2.92 0.000 9.999 0.259000 99.99 0.259  0.106 0.000000  2.127 0.000  2.978 0.000  16.070 0.000   3.765 0.000  12.305 0.000 0.038 0.000  1.636 0.000000
146.25 147.25  0.950 0.000000   21.39 0.000  3.08 0.000 9.999 0.259000  1.15 0.000  0.099 0.000000  2.199 0.000  3.079 0.000  14.781 0.000   3.277 0.000  11.504 0.000 0.037 0.000  1.338 0.000000
149.25 150.25  0.909 0.000000   40.63 0.000  3.82 0.000 9.999 0.259000  0.05 0.000  0.158 0.000000  2.749 0.000  3.849 0.000  15.082 0.000   4.436 0.000  10.646 0.000 0.058 0.000  1.065 0.000000
152.25 153.25  0.634 0.000000   23.80 0.000  2.82 0.000 9.999 0.259000 99.99 0.259  0.076 0.000000  2.312 0.000  3.237 0.000  11.610 0.000   2.638 0.000   8.973 0.000 0.046 0.000  0.835 0.000000
155.25 156.25  1.852 0.000000   44.73 0.000  2.91 0.000 9.999 0.259000 99.99 0.259  0.196 0.000000  3.407 0.000  4.770 0.000  20.361 0.000   2.208 0.000  18.153 0.000 0.068 0.000  2.397 0.000000
158.25 159.25  0.867 0.000000   17.21 0.000  1.59 0.000 9.999 0.259000 99.99 0.259  0.156 0.000000  1.796 0.000  2.514 0.000  12.695 0.000   3.762 0.000   8.933 0.000 0.038 0.000  1.187 0.000000
161.25 162.25  0.276 0.000000   12.95 0.000  0.40 0.000 9.999 0.259000  0.08 0.000  0.050 0.000000  1.085 0.000  1.519 0.000   8.240 0.000   3.184 0.000   5.056 0.000 0.035 0.000  0.572 0.000000
164.25 165.25  0.573 0.000000   30.00 0.000  0.96 0.000 9.999 0.259000 99.99 0.259  0.081 0.000000  1.878 0.000  2.630 0.000  12.162 0.000   3.116 0.000   9.046 0.000 0.052 0.000  1.090 0.000000
167.25 168.25  4.295 0.000000   38.28 0.000  1.78 0.000 9.999 0.259000  0.27 0.000  0.102 0.000000  2.194 0.000  3.072 0.000  37.506 0.000   3.153 0.000  34.353 0.000 0.043 0.000  7.379 0.000000
170.25 171.25  0.501 0.000000   19.10 0.000  1.01 0.000 0.080 0.000000  0.21 0.000  0.063 0.000000  1.676 0.000  2.346 0.000   9.715 0.000   3.075 0.000   6.640 0.000 0.028 0.000  0.802 0.000000
173.25 174.25  0.788 0.000000   16.46 0.000  3.95 0.000 9.999 0.259000 99.99 0.259  0.024 0.000000  3.603 0.000  5.044 0.000  14.323 0.000   2.025 0.000  12.298 0.000 0.040 0.000  1.196 0.000000
176.25 177.25  2.354 0.000000   30.30 0.000  1.66 0.000 9.999 0.259000  0.20 0.000  0.100 0.000000  5.047 0.000  7.066 0.000  26.195 0.000   2.669 0.000  23.526 0.000 0.063 0.000  3.064 0.000000
179.25 180.25  1.443 0.559000   17.91 0.000  2.52 0.000 9.999 0.259000 99.99 0.259  0.035 0.559000  2.671 0.000  3.739 0.000  16.444 0.000   2.157 0.000  14.287 0.000 0.052 0.000  1.961 0.559000
182.25 183.25  1.247 0.000000  277.86 0.000  1.66 0.000 9.999 0.259000 99.99 0.259  0.080 0.000000  1.439 0.000  2.015 0.000  20.905 0.000   4.589 0.000  16.316 0.000 0.108 0.000  2.171 0.000000
185.25 186.25  1.914 0.000000   46.04 0.000  7.01 0.000 9.999 0.259000  0.04 0.000  0.097 0.000000  3.048 0.000  4.267 0.000  22.632 0.000   2.853 0.000  19.779 0.000 0.642 0.000  3.079 0.000000
188.25 189.25  0.701 0.000000  603.75 0.000  1.66 0.000 9.999 0.259000  0.24 0.000  0.129 0.000000  2.078 0.000  2.909 0.000  34.950 0.000  15.936 0.000  19.015 0.000 0.232 0.000  1.265 0.000000
191.25 192.25  0.765 0.000000   33.83 0.000  1.20 0.000 9.999 0.259000 99.99 0.259  0.043 0.000000  1.243 0.000  1.741 0.000  11.730 0.000   4.149 0.000   7.581 0.000 0.036 0.000  1.086 0.000000
194.25 195.25  1.252 0.000000   18.54 0.000  0.80 0.000 0.085 0.000000  0.07 0.000  0.039 0.000000  2.574 0.000  3.604 0.000  17.036 0.000   3.485 0.000  13.551 0.000 0.040 0.000  1.855 0.000000
197.25 198.25  1.836 0.559000   24.19 0.000  7.15 0.000 0.131 0.000000  0.09 0.000  0.061 0.559000  2.766 0.000  3.872 0.000  22.244 0.000   3.777 0.000  18.467 0.000 0.038 0.000  2.910 0.559000
200.25 201.25  4.069 0.559000   34.32 0.000  2.81 0.000 9.999 0.259000 99.99 0.259  0.067 0.559000  3.029 0.000  4.241 0.000  33.522 0.000   2.148 0.000  31.374 0.000 0.046 0.000  5.662 0.559000
203.25 204.25  0.789 0.559000   17.83 0.000  1.46 0.000 9.999 0.259000  0.07 0.000  0.129 0.559000  1.766 0.000  2.472 0.000  13.349 0.000   3.407 0.000   9.943 0.000 0.028 0.000  1.329 0.559000
206.25 207.25  2.123 0.559000   27.51 0.000  3.61 0.000 9.999 0.259000  0.09 0.000  0.041 0.559000  3.199 0.000  4.479 0.000  23.835 0.000   3.583 0.000  20.252 0.000 0.042 0.000  3.148 0.559000
209.25 210.25  0.987 0.559000   36.68 0.000  1.57 0.000 9.999 0.259000  0.10 0.000  0.148 0.559000  2.459 0.000  3.443 0.000  17.652 0.000   4.576 0.000  13.077 0.000 0.047 0.000  1.756 0.559000
212.25 213.25  1.304 0.559000   39.74 0.000  0.85 0.000 0.035 0.000000  0.10 0.000  0.121 0.559000  2.654 0.000  3.715 0.000  18.793 0.000   5.271 0.000  13.522 0.000 0.042 0.000  1.875 0.559000
215.25 216.25  0.799 0.559000   43.00 0.000  0.78 0.000 9.999 0.259000  0.06 0.000  0.094 0.559000  2.580 0.000  3.612 0.000  17.523 0.000   5.447 0.000  12.076 0.000 0.049 0.000  1.424 0.559000
218.25 219.25  2.358 0.559000   25.39 0.000  4.50 0.000 9.999 0.259000  0.11 0.000  0.089 0.559000  2.333 0.000  3.266 0.000  25.129 0.000   4.540 0.000  20.589 0.000 0.042 0.000  3.685 0.559000
221.25 222.25  2.157 0.559000   22.28 0.000  3.80 0.000 9.999 0.259000  0.15 0.000  0.060 0.559000  2.264 0.000  3.169 0.000  27.274 0.000   4.095 0.000  23.179 0.000 0.043 0.000  4.167 0.559000
224.25 225.25  1.462 0.559000   16.98 0.000  0.98 0.000 0.063 0.000000 99.99 0.259  0.085 0.559000  2.095 0.000  2.933 0.000  18.578 0.000   3.628 0.000  14.950 0.000 0.034 0.000  2.482 0.559000
227.25 228.25  3.764 0.559000   40.47 0.000  2.31 0.000 9.999 0.259000  0.12 0.000  0.127 0.559000  2.630 0.000  3.682 0.000  32.167 0.000   3.896 0.000  28.272 0.000 0.050 0.000  5.405 0.559000
230.25 231.25  2.195 0.559000   25.06 0.000  1.72 0.000 9.999 0.259000 99.99 0.259  0.027 0.559000  3.503 0.000  4.904 0.000  25.017 0.000   3.946 0.000  21.070 0.000 0.052 0.000  3.011 0.559000
233.25 234.25  1.884 0.559394   64.45 0.394  2.08 0.394 9.999 0.394259  0.14 0.394  0.177 0.559394  4.570 0.000  6.398 0.000  27.957 0.000   5.215 0.000  22.741 0.000 0.074 0.394  2.812 0.559394
236.25 237.25  2.881 0.559000   18.92 0.000  1.94 0.000 9.999 0.259000  0.06 0.000  0.027 0.559000  4.329 0.000  6.061 0.000  29.767 0.000   3.886 0.000  25.881 0.000 0.048 0.000  3.832 0.559000
239.25 240.25  1.352 0.559000   32.13 0.000  1.64 0.000 0.078 0.000000  0.08 0.000  0.167 0.559000  3.904 0.000  5.465 0.000  19.044 0.000   2.566 0.000  16.478 0.000 0.081 0.000  1.879 0.559000
242.25 243.25  0.250 0.559000   88.00 0.000  1.67 0.000 9.999 0.259000  0.07 0.000  0.185 0.559000  1.819 0.000  2.546 0.000  13.352 0.000   5.831 0.000   7.521 0.000 0.067 0.000  0.695 0.559000
245.25 246.25  0.158 0.559000    7.85 0.000  0.42 0.000 0.022 0.000000  0.14 0.000  0.047 0.559000  1.266 0.000  1.773 0.000   8.440 0.000   4.183 0.000   4.257 0.000 0.023 0.000  0.435 0.559000
