scripts/IMPROVE-2019_partial/data/US1810R.20020102060000.20191216000000.filterpack..pm25.52w.1w.US03L_filterpack_US1810.US03L_IMPROVE_Davis.lev2.nas
66 1001
MISSING INFORMATION
US03L, IMPROVE, , , , , , , 
MISSING INFORMATION
IMPROVE sel_HTAP
1 1
2002 01 01 2019 12 16
3.00
days from file reference point
27
1 1 1 1 1 1 1 1 1 1 1 1 1 1 1 1 1 1 1 1 1 1 1 1 1 1 1
999.99 99.999 9.999999 9999.99 9.999 99.99 9.999 9.999 9.999 9.99 9.999 99.999 9.999 99.999 9.999 99.999 9.999 999.999 9.999 99.999 9.999 999.999 9.999 9.999 9.999 99.999 9.999
end_time of measurement, days from the file reference point
ammonium, ug N/m3, Revision date=20181210133000
numflag ammonium, no unit, Revision date=20181210133000
iron, ng/m3, Revision date=20181210133000
numflag iron, no unit, Revision date=20181210133000
lead, ng/m3, Revision date=20181210133000
numflag lead, no unit, Revision date=20181210133000
magnesium, ug/m3, Revision date=20181210133000
numflag magnesium, no unit, Revision date=20181210133000
nickel, ng/m3, Revision date=20181210133000
numflag nickel, no unit, Revision date=20181210133000
nitrate, ug N/m3, Revision date=20181210133000
numflag nitrate, no unit, Revision date=20181210133000
organic_carbon, ug C/m3, Revision date=20181210133000
numflag organic_carbon, no unit, Revision date=20181210133000
organic_mass, ug/m3, Revision date=20181210133000
numflag organic_mass, no unit, Revision date=20181210133000
pm10_mass, ug/m3, Version=2, Version description=Data extracted from http://views.cira.colostate.edu/fed/DataWizard 2019-12-16, Sample duration=1d, Orig. time res.=3d, Matrix=pm10, Blank correction=Blank corrected, Volume std. temperature=ambient, Volume std. pressure=ambient
numflag pm10_mass, no unit, Version=2, Version description=Data extracted from http://views.cira.colostate.edu/fed/DataWizard 2019-12-16, Sample duration=1d, Orig. time res.=3d, Matrix=pm10, Blank correction=Blank corrected, Volume std. temperature=ambient, Volume std. pressure=ambient
pm10_pm25_mass, ug/m3, Revision date=20181210133000, Matrix=pm10_pm25
numflag pm10_pm25_mass, no unit, Revision date=20181210133000, Matrix=pm10_pm25
pm25_mass, ug/m3, Version=2, Version description=Data extracted from http://views.cira.colostate.edu/fed/DataWizard 2019-12-16, Sample duration=1d, Orig. time res.=3d, Blank correction=Blank corrected, Volume std. temperature=ambient, Volume std. pressure=ambient
numflag pm25_mass, no unit, Version=2, Version description=Data extracted from http://views.cira.colostate.edu/fed/DataWizard 2019-12-16, Sample duration=1d, Orig. time res.=3d, Blank correction=Blank corrected, Volume std. temperature=ambient, Volume std. pressure=ambient
potassium, ug/m3, Revision date=20181210133000
numflag potassium, no unit, Revision date=20181210133000
sulphate_total, ug S/m3, Revision date=20181210133000
numflag sulphate_total, no unit, Revision date=20181210133000
0
25
Data definition:              EBAS_1.1
Set type code:                TU
Timezone:                     UTC
File name:                    US1810R.20020102060000.20191216000000.filterpack..pm25.52w.1w.US03L_filterpack_US1810.US03L_IMPROVE_Davis.lev2.nas
File creation:                20191218120335
Startdate:                    20020102060000
Revision date:                20191216000000
Statistics:                   arithmetic mean
Data level:                   2
Period code:                  52w
Resolution code:              1w
Station code:                 US1810R
Platform code:                US1810S
Station name:                 Mammoth Cave National Park-Houchin Meadow
Station latitude:             37.1317
Station longitude:            -86.148
Station altitude:             236.0 m
Regime:                       IMG
Component:                    
Matrix:                       pm25
Laboratory code:              US03L
Instrument type:              filterpack
Instrument name:              filterpack_US1810
Method ref:                   US03L_IMPROVE_Davis
starttime endtime NH4+ flag_NH4+ Fe flag_Fe Pb flag_Pb Mg++ flag_Mg++ Ni flag_Ni NO3- flag_NO3- OC flag_OC OM flag_OM PM10 flag_PM10 PM10-PM2.5 flag_PM10-PM2.5 PM2.5 flag_PM2.5 K+ flag_K+ SO4-- flag_SO4--
  1.25   2.25 99.999 0.559999   21.81 0.000  4.53 0.000 9.999 0.259 9.99 0.259  0.521 0.559  1.603 0.000  2.244 0.000  11.195 0.000  2.266 0.000   8.929 0.000 0.062 0.000  0.883 0.559
  4.25   5.25 99.999 0.559999   39.77 0.000  3.60 0.000 9.999 0.259 9.99 0.259  0.915 0.559  2.713 0.000  3.798 0.000  14.951 0.000  1.946 0.000  13.006 0.000 0.097 0.000  0.851 0.559
  7.25   8.25 99.999 0.559999   20.60 0.000  2.31 0.000 9.999 0.259 9.99 0.259  0.827 0.559  1.760 0.000  2.464 0.000   8.283 0.000 99.999 0.259   8.524 0.000 0.051 0.000  0.623 0.559
 10.25  11.25 99.999 0.999000   34.55 0.000  3.63 0.000 9.999 0.259 0.11 0.000  1.131 0.000  1.108 0.000  1.552 0.000  10.039 0.000  1.255 0.000   8.784 0.000 0.040 0.000  0.794 0.000
 13.25  14.25 99.999 0.559999   16.19 0.000  1.97 0.000 9.999 0.259 9.99 0.259  0.292 0.559  1.444 0.000  2.022 0.000   6.194 0.000  1.267 0.000   4.926 0.000 0.034 0.000  0.449 0.559
 16.25  17.25 99.999 0.999000   21.59 0.000  2.72 0.000 0.134 0.000 9.99 0.259  0.842 0.000  1.114 0.000  1.560 0.000  10.870 0.000  1.729 0.000   9.141 0.000 0.041 0.000  1.006 0.000
 19.25  20.25 99.999 0.999000   21.04 0.000  3.70 0.000 0.090 0.000 9.99 0.259  0.837 0.000  1.313 0.000  1.839 0.000  14.455 0.000  1.524 0.000  12.931 0.000 0.045 0.000  1.925 0.000
 22.25  23.25 99.999 0.999000   19.26 0.000  1.13 0.000 0.067 0.000 0.21 0.000  0.200 0.000  1.094 0.000  1.531 0.000   6.086 0.000  0.885 0.000   5.201 0.000 0.033 0.000  0.734 0.000
 25.25  26.25 99.999 0.999000   28.66 0.000  3.31 0.000 9.999 0.259 9.99 0.259  0.620 0.000  1.748 0.000  2.447 0.000   6.039 0.000 99.999 0.259   6.381 0.000 0.047 0.000  0.645 0.000
 28.25  29.25 99.999 0.999000   15.59 0.000  1.32 0.000 9.999 0.259 0.21 0.000  0.244 0.000  1.347 0.000  1.885 0.000   9.075 0.000  0.274 0.000   8.802 0.000 0.043 0.000  1.328 0.000
 31.25  32.25 99.999 0.999000   12.00 0.000  1.18 0.000 9.999 0.259 9.99 0.259  0.109 0.000  0.554 0.000  0.776 0.000   4.317 0.000  0.390 0.000   3.926 0.000 0.020 0.000  0.689 0.000
 34.25  35.25 99.999 0.999000   11.09 0.000  1.12 0.000 9.999 0.259 9.99 0.259  0.585 0.000  0.823 0.000  1.152 0.000   5.208 0.000 99.999 0.259   5.490 0.000 0.028 0.000  0.519 0.000
 37.25  38.25 99.999 0.999000   21.40 0.000  2.17 0.000 9.999 0.259 9.99 0.259  0.373 0.000  1.172 0.000  1.640 0.000   6.869 0.000 99.999 0.259   7.241 0.000 0.047 0.000  1.001 0.000
 40.25  41.25 99.999 0.999000   10.86 0.000  1.35 0.000 9.999 0.259 9.99 0.259  0.276 0.000  1.347 0.000  1.886 0.000   7.511 0.000  0.271 0.000   7.240 0.000 0.030 0.000  0.927 0.000
 43.25  44.25 99.999 0.999000   13.84 0.000  1.59 0.000 9.999 0.259 0.12 0.000  0.373 0.000  0.635 0.000  0.889 0.000   4.831 0.000  0.132 0.000   4.699 0.000 0.025 0.000  0.598 0.000
 46.25  47.25 99.999 0.999000   24.77 0.000  2.82 0.000 9.999 0.259 9.99 0.259  0.644 0.000  1.094 0.000  1.532 0.000   6.757 0.000  0.446 0.000   6.310 0.000 0.042 0.000  0.585 0.000
 49.25  50.25 99.999 0.999000   25.62 0.000  1.83 0.000 9.999 0.259 9.99 0.259  0.248 0.000  3.974 0.000  5.563 0.000  11.975 0.000  1.382 0.000  10.593 0.000 0.096 0.000  0.584 0.000
 52.25  53.25 99.999 0.999000   17.77 0.000  2.03 0.000 9.999 0.259 9.99 0.259  0.195 0.000  0.516 0.000  0.723 0.000   6.454 0.000  0.103 0.000   6.351 0.000 0.028 0.000  1.151 0.000
 55.25  56.25 99.999 0.999000   25.59 0.000  1.89 0.000 9.999 0.259 0.23 0.000  0.215 0.000  3.078 0.000  4.309 0.000  13.092 0.000  0.671 0.000  12.421 0.000 0.085 0.000  1.326 0.000
 58.25  59.25 99.999 0.559999   24.50 0.000  2.34 0.000 9.999 0.259 0.11 0.000  0.645 0.559  1.226 0.000  1.716 0.000   8.766 0.000  2.147 0.000   6.619 0.000 0.036 0.000  0.499 0.559
 61.25  62.25 99.999 0.999000   21.53 0.000  1.69 0.000 9.999 0.259 0.17 0.000  0.330 0.000  0.676 0.000  0.947 0.000   6.048 0.000  0.907 0.000   5.142 0.000 0.025 0.000  0.851 0.000
 64.25  65.25 99.999 0.559999   44.47 0.000  2.79 0.000 9.999 0.259 0.31 0.000  0.379 0.559  2.810 0.000  3.934 0.000  10.303 0.000  1.315 0.000   8.989 0.000 0.073 0.000  0.782 0.559
 67.25  68.25 99.999 0.999000   24.37 0.000  1.56 0.000 9.999 0.259 0.23 0.000  0.166 0.000  2.142 0.000  2.998 0.000   9.835 0.000  2.445 0.000   7.390 0.000 0.048 0.000  0.798 0.000
 70.25  71.25 99.999 0.999000   25.33 0.000  2.02 0.000 9.999 0.259 0.22 0.000  0.389 0.000  2.479 0.000  3.470 0.000   9.409 0.000  0.661 0.000   8.748 0.000 0.060 0.000  0.867 0.000
 73.25  74.25 99.999 0.559999   35.26 0.000  1.77 0.000 0.090 0.000 0.38 0.000  0.332 0.559  1.786 0.000  2.500 0.000  12.657 0.000  0.467 0.000  12.190 0.000 0.066 0.000  1.966 0.559
 76.25  77.25 99.999 0.999000   83.00 0.000  2.29 0.000 9.999 0.259 0.17 0.000  0.343 0.000  1.289 0.000  1.804 0.000  13.589 0.000  0.323 0.000  13.266 0.000 0.067 0.000  2.502 0.000
 79.25  80.25 99.999 0.999000   37.09 0.000  3.62 0.000 9.999 0.259 0.32 0.000  0.519 0.000  1.238 0.000  1.732 0.000  10.832 0.000  0.267 0.000  10.565 0.000 0.040 0.000  1.833 0.000
 82.25  83.25 99.999 0.999000   37.19 0.000  3.25 0.000 9.999 0.259 0.22 0.000  0.199 0.000  2.128 0.000  2.979 0.000   8.634 0.000  0.276 0.000   8.357 0.000 0.063 0.000  0.868 0.000
 85.25  86.25 99.999 0.559999   35.74 0.000  1.50 0.000 9.999 0.259 0.41 0.000  0.103 0.559  0.801 0.000  1.122 0.000  13.472 0.000  0.325 0.000  13.147 0.000 0.042 0.000  2.842 0.559
 88.25  89.25 99.999 0.999000   66.83 0.000  3.23 0.000 9.999 0.259 9.99 0.259  0.238 0.000  1.042 0.000  1.458 0.000   6.269 0.000  0.477 0.000   5.792 0.000 0.042 0.000  0.821 0.000
 91.25  92.25 99.999 0.559999   61.81 0.000  2.49 0.000 9.999 0.259 0.19 0.000  0.246 0.559  1.675 0.000  2.346 0.000   9.701 0.000  0.881 0.000   8.820 0.000 0.064 0.000  1.127 0.559
 94.25  95.25 99.999 0.999000   47.32 0.000  3.26 0.000 9.999 0.259 9.99 0.259  0.771 0.000  1.117 0.000  1.564 0.000  10.266 0.000  0.175 0.000  10.090 0.000 0.053 0.000  1.338 0.000
 97.25  98.25 99.999 0.559999   53.62 0.000  2.42 0.000 9.999 0.259 0.34 0.000  0.227 0.559  1.844 0.000  2.581 0.000  15.841 0.000  3.059 0.000  12.781 0.000 0.060 0.000  1.957 0.559
100.25 101.25 99.999 0.999000   37.46 0.000  2.40 0.000 9.999 0.259 9.99 0.259  0.177 0.000  1.629 0.000  2.281 0.000   9.707 0.000  0.026 0.000   9.681 0.000 0.049 0.000  1.435 0.000
103.25 104.25 99.999 0.559999   21.29 0.000  1.29 0.000 9.999 0.259 9.99 0.259  0.172 0.559  1.162 0.000  1.626 0.000   8.288 0.000  0.691 0.000   7.597 0.000 0.035 0.000  1.213 0.559
106.25 107.25 99.999 0.999000   31.48 0.000  1.84 0.000 9.999 0.259 0.59 0.000  0.197 0.000  1.984 0.000  2.777 0.000  11.661 0.000  0.136 0.000  11.525 0.000 0.074 0.000  1.697 0.000
109.25 110.25 99.999 0.999000   39.73 0.000  2.56 0.000 9.999 0.259 0.48 0.000  0.216 0.000  2.122 0.000  2.970 0.000  11.809 0.000  0.295 0.000  11.515 0.000 0.074 0.000  1.633 0.000
112.25 113.25 99.999 0.999000   21.92 0.000  1.68 0.000 9.999 0.259 0.18 0.000  0.122 0.000  0.871 0.000  1.219 0.000   8.290 0.000  1.639 0.000   6.652 0.000 0.028 0.000  1.094 0.000
115.25 116.25 99.999 0.999000   64.17 0.000  2.61 0.000 9.999 0.259 9.99 0.259  0.081 0.000  1.292 0.000  1.809 0.000   6.006 0.000  0.628 0.000   5.378 0.000 0.087 0.000  0.510 0.000
118.25 119.25 99.999 0.999000   15.67 0.000  1.69 0.000 9.999 0.259 0.23 0.000  0.134 0.000  0.712 0.000  0.997 0.000  10.491 0.000  1.014 0.000   9.478 0.000 0.023 0.000  1.906 0.000
121.25 122.25 99.999 0.999000   30.64 0.000  2.18 0.000 9.999 0.259 0.29 0.000  0.287 0.000  2.583 0.000  3.615 0.000  14.561 0.000  1.510 0.000  13.051 0.000 0.129 0.000  1.670 0.000
124.25 125.25 99.999 0.999000   33.81 0.000  2.26 0.000 9.999 0.259 9.99 0.259  0.124 0.000  1.264 0.000  1.770 0.000   9.782 0.000  0.998 0.000   8.784 0.000 0.039 0.000  1.330 0.000
127.25 128.25 99.999 0.999000   63.68 0.000  0.88 0.000 9.999 0.259 0.62 0.000  0.159 0.000  1.887 0.000  2.641 0.000  11.857 0.000  0.962 0.000  10.896 0.000 0.083 0.000  1.423 0.000
130.25 131.25 99.999 0.999000   78.54 0.000  2.91 0.000 9.999 0.259 0.29 0.000  0.126 0.000  2.668 0.000  3.735 0.000  14.335 0.000  0.810 0.000  13.525 0.000 0.099 0.000  1.654 0.000
133.25 134.25 99.999 0.999000   32.24 0.000  1.54 0.000 9.999 0.259 0.37 0.000  0.224 0.000  1.157 0.000  1.620 0.000   8.400 0.000  0.573 0.000   7.827 0.000 0.045 0.000  1.291 0.000
136.25 137.25 99.999 0.559999   30.28 0.000  1.07 0.000 9.999 0.259 0.24 0.000  0.114 0.559  2.372 0.000  3.321 0.000  10.006 0.000  0.158 0.000   9.848 0.000 0.043 0.000  1.082 0.559
139.25 140.25 99.999 0.999000   26.46 0.000  3.36 0.000 0.062 0.000 0.18 0.000  0.101 0.000  1.198 0.000  1.677 0.000   6.982 0.000  0.307 0.000   6.675 0.000 0.036 0.000  0.918 0.000
142.25 143.25 99.999 0.456000   35.54 0.000  2.24 0.000 9.999 0.259 9.99 0.259 99.999 0.456  2.341 0.000  3.277 0.000  17.398 0.000  2.547 0.000  14.851 0.000 0.037 0.000 99.999 0.456
145.25 146.25 99.999 0.456000   23.59 0.000  0.92 0.000 9.999 0.259 0.21 0.000 99.999 0.456  1.689 0.000  2.364 0.000   9.745 0.000  0.436 0.000   9.309 0.000 0.038 0.000 99.999 0.456
148.25 149.25 99.999 0.999000   52.97 0.000  1.00 0.000 9.999 0.259 9.99 0.259  0.100 0.000  2.900 0.000  4.060 0.000  14.966 0.000 99.999 0.259  15.386 0.000 0.076 0.000  2.055 0.000
151.25 152.25 99.999 0.999000   54.54 0.000  3.72 0.000 9.999 0.259 0.26 0.000  0.178 0.000  3.614 0.000  5.060 0.000  16.080 0.000 99.999 0.259  16.775 0.000 0.110 0.000  1.864 0.000
154.25 155.25 99.999 0.999000   47.30 0.000  1.36 0.000 9.999 0.259 9.99 0.259  0.079 0.000  3.904 0.000  5.465 0.000  19.858 0.000 99.999 0.259  20.720 0.000 0.101 0.000  2.256 0.000
157.25 158.25 99.999 0.999000   14.36 0.000  2.03 0.000 9.999 0.259 9.99 0.259  0.114 0.000  1.009 0.000  1.412 0.000  10.658 0.000  0.167 0.000  10.491 0.000 0.027 0.000  1.834 0.000
160.25 161.25 99.999 0.999000   22.55 0.000  1.47 0.000 9.999 0.259 0.26 0.000  0.078 0.000  3.343 0.000  4.680 0.000  14.221 0.000 99.999 0.259  14.637 0.000 0.058 0.000  1.472 0.000
163.25 164.25 99.999 0.999000   19.15 0.000  0.88 0.000 9.999 0.259 9.99 0.259  0.147 0.000  1.841 0.000  2.578 0.000   9.693 0.000  0.683 0.000   9.010 0.000 0.051 0.000  1.052 0.000
166.25 167.25 99.999 0.999000   34.62 0.000  2.53 0.000 9.999 0.259 9.99 0.259  0.209 0.000  2.148 0.000  3.007 0.000   8.950 0.000  0.262 0.000   8.688 0.000 0.056 0.000  0.806 0.000
169.25 170.25 99.999 0.559999   49.10 0.000  1.46 0.000 9.999 0.259 0.13 0.000  0.067 0.559  3.845 0.000  5.382 0.000  18.691 0.000 99.999 0.259  19.816 0.000 0.069 0.000  2.400 0.559
172.25 173.25 99.999 0.999000   27.53 0.000  1.42 0.000 0.040 0.000 0.27 0.000  0.067 0.000  3.031 0.000  4.243 0.000  19.236 0.000 99.999 0.259  20.344 0.000 0.055 0.000  2.683 0.000
175.25 176.25 99.999 0.999000   15.16 0.000  0.74 0.000 9.999 0.259 0.13 0.000  0.091 0.000  1.653 0.000  2.314 0.000   9.232 0.000  0.403 0.000   8.828 0.000 0.022 0.000  1.092 0.000
178.25 179.25 99.999 0.999000   42.50 0.000  1.03 0.000 9.999 0.259 0.22 0.000  0.182 0.000  1.608 0.000  2.251 0.000  12.181 0.000  0.617 0.000  11.564 0.000 0.044 0.000  1.727 0.000
181.25 182.25 99.999 0.999000  256.87 0.000  1.37 0.000 9.999 0.259 9.99 0.259  0.097 0.000  2.567 0.000  3.594 0.000  20.982 0.000  0.447 0.000  20.535 0.000 0.128 0.000  2.376 0.000
184.25 185.25 99.999 0.999000  525.13 0.000  3.54 0.000 9.999 0.259 0.19 0.000  0.132 0.000  3.072 0.000  4.301 0.000  26.098 0.000 99.999 0.259  26.359 0.000 0.257 0.000  3.160 0.000
187.25 188.25 99.999 0.559999   24.90 0.000  2.76 0.000 9.999 0.259 9.99 0.259  0.043 0.559  2.739 0.000  3.835 0.000  14.300 0.000 99.999 0.259  15.041 0.000 0.058 0.000  2.102 0.559
190.25 191.25 99.999 0.559999   61.05 0.000  1.07 0.000 9.999 0.259 9.99 0.259  0.144 0.559  2.888 0.000  4.043 0.000  16.428 0.000 99.999 0.259  16.455 0.000 0.081 0.000  2.183 0.559
193.25 194.25 99.999 0.999000   11.08 0.000  0.75 0.000 9.999 0.259 9.99 0.259  0.051 0.000  1.779 0.000  2.491 0.000   9.745 0.000  0.405 0.000   9.340 0.000 0.035 0.000  1.385 0.000
196.25 197.25 99.999 0.999000   18.94 0.000  2.09 0.000 9.999 0.259 0.11 0.000  0.025 0.000  3.077 0.000  4.307 0.000  30.637 0.000 99.999 0.259  31.161 0.000 0.035 0.000  3.818 0.000
199.25 200.25 99.999 0.999000   37.06 0.000  0.90 0.000 9.999 0.259 9.99 0.259  0.100 0.000  1.478 0.000  2.070 0.000   8.319 0.000  1.645 0.000   6.674 0.000 0.036 0.000  0.830 0.000
202.25 203.25 99.999 0.999000   48.41 0.000  1.47 0.000 9.999 0.259 9.99 0.259  0.096 0.000  3.194 0.000  4.471 0.000  19.713 0.000  0.616 0.000  19.097 0.000 0.057 0.000  2.847 0.000
205.25 206.25 99.999 0.999000   23.74 0.000  2.39 0.000 9.999 0.259 9.99 0.259  0.045 0.000  3.041 0.000  4.258 0.000  22.327 0.000  0.592 0.000  21.735 0.000 0.038 0.000  4.107 0.000
208.25 209.25 99.999 0.999000   68.15 0.000  1.19 0.000 9.999 0.259 0.25 0.000  0.071 0.000  2.347 0.000  3.286 0.000  10.361 0.000  0.260 0.000  10.101 0.000 0.074 0.000  1.160 0.000
211.25 212.25 99.999 0.559999  155.33 0.000  1.96 0.000 9.999 0.259 0.27 0.000  0.171 0.559  2.707 0.000  3.789 0.000  18.271 0.000  0.233 0.000  18.038 0.000 0.084 0.000  2.893 0.559
214.25 215.25 99.999 0.999000   41.34 0.000  3.98 0.000 9.999 0.259 9.99 0.259  0.039 0.000  4.606 0.000  6.449 0.000  27.890 0.000 99.999 0.259  29.575 0.000 0.053 0.000  4.808 0.000
217.25 218.25 99.999 0.999000   55.05 0.000 99.99 0.259 0.048 0.000 9.99 0.259  0.056 0.000  2.728 0.000  3.820 0.000  17.204 0.000 99.999 0.259  17.302 0.000 0.042 0.000  2.691 0.000
220.25 221.25 99.999 0.999000   34.25 0.000  2.54 0.000 9.999 0.259 9.99 0.259  0.042 0.000  2.507 0.000  3.510 0.000  14.715 0.000 99.999 0.259  15.127 0.000 0.031 0.000  2.438 0.000
223.25 224.25 99.999 0.999000   29.59 0.000  1.59 0.000 9.999 0.259 0.24 0.000  0.077 0.000  5.188 0.000  7.263 0.000  25.966 0.000 99.999 0.259  26.954 0.000 0.048 0.000  3.759 0.000
226.25 227.25 99.999 0.999000   79.97 0.000  0.66 0.000 9.999 0.259 0.21 0.000  0.097 0.000  1.523 0.000  2.133 0.000   7.427 0.000  1.264 0.000   6.163 0.000 0.053 0.000  0.525 0.000
229.25 230.25 99.999 0.999000   27.98 0.000  1.37 0.000 9.999 0.259 0.27 0.000  0.080 0.000  2.148 0.000  3.007 0.000   9.770 0.000  1.481 0.000   8.289 0.000 0.045 0.000  0.941 0.000
232.25 233.25 99.999 0.999000   27.79 0.000  1.68 0.000 9.999 0.259 9.99 0.259  0.041 0.000  3.954 0.000  5.536 0.000  18.705 0.000 99.999 0.259  18.892 0.000 0.071 0.000  2.682 0.000
235.25 236.25 99.999 0.559999   57.74 0.000  1.36 0.000 9.999 0.259 0.23 0.000  0.139 0.559  2.745 0.000  3.843 0.000  20.474 0.000  4.651 0.000  15.823 0.000 0.070 0.000  2.355 0.559
238.25 239.25 99.999 0.559999   25.87 0.000  2.10 0.000 9.999 0.259 9.99 0.259  0.036 0.559  2.269 0.000  3.177 0.000  22.180 0.000  5.462 0.000  16.718 0.000 0.048 0.000  2.946 0.559
241.25 242.25 99.999 0.559999   19.04 0.000  1.54 0.000 9.999 0.259 9.99 0.259  0.025 0.559  2.077 0.000  2.908 0.000  13.889 0.000  4.097 0.000   9.792 0.000 0.037 0.000  1.439 0.559
244.25 245.25  1.686 0.000000   14.37 0.000  1.66 0.000 9.999 0.259 9.99 0.259  0.058 0.000  2.819 0.000  3.947 0.000  19.898 0.000  4.029 0.000  15.869 0.000 0.039 0.000  2.476 0.000
247.25 248.25  0.821 0.000000   30.00 0.000  2.55 0.000 9.999 0.259 9.99 0.259  0.041 0.000  2.095 0.000  2.933 0.000  13.925 0.000  5.521 0.000   8.403 0.000 0.038 0.000  1.131 0.000
250.25 251.25  3.285 0.000000   39.92 0.000  2.16 0.000 9.999 0.259 9.99 0.259  0.051 0.000  4.937 0.000  6.912 0.000  30.656 0.000  4.673 0.000  25.983 0.000 0.060 0.000  4.142 0.000
253.25 254.25  2.672 0.000000   37.96 0.000  2.83 0.000 9.999 0.259 9.99 0.259  0.079 0.000  2.290 0.000  3.206 0.000  24.323 0.000  6.053 0.000  18.270 0.000 0.041 0.000  3.587 0.000
256.25 257.25  0.474 0.000000   26.65 0.000  1.03 0.000 9.999 0.259 9.99 0.259  0.068 0.000  1.415 0.000  1.981 0.000   9.715 0.000  3.450 0.000   6.265 0.000 0.030 0.000  0.971 0.000
