scripts/IMPROVE-2019_partial/data/US1810R.20060102060000.20191216000000.filterpack..pm25.52w.1w.US03L_filterpack_US1810.US03L_IMPROVE_Davis.lev2.nas
64 1001
MISSING INFORMATION
US03L, IMPROVE, , , , , , , 
MISSING INFORMATION
IMPROVE sel_HTAP
1 1
2006 01 01 2019 12 16
3.00
days from file reference point
25
1 1 1 1 1 1 1 1 1 1 1 1 1 1 1 1 1 1 1 1 1 1 1 1 1
999.99 9999.99 9.999 99.99 9.999 9.999 9.999 99.99 9.999 99.999 9.999 99.999 9.999 99.999 9.999 999.999 9.999 999.999 9.999 999.999 9.999 9.999 9.999 99.999 9.999
end_time of measurement, days from the file reference point
iron, ng/m3, Revision date=20181210133000
numflag iron, no unit, Revision date=20181210133000
lead, ng/m3, Revision date=20181210133000
numflag lead, no unit, Revision date=20181210133000
magnesium, ug/m3, Revision date=20181210133000
numflag magnesium, no unit, Revision date=20181210133000
nickel, ng/m3, Revision date=20181210133000
numflag nickel, no unit, Revision date=20181210133000
nitrate, ug N/m3, Revision date=20181210133000
numflag nitrate, no unit, Revision date=20181210133000
organic_carbon, ug C/m3, Revision date=20181210133000
numflag organic_carbon, no unit, Revision date=20181210133000
organic_mass, ug/m3, Revision date=20181210133000
numflag organic_mass, no unit, Revision date=20181210133000
pm10_mass, ug/m3, Version=2, Version description=Data extracted from http://views.cira.colostate.edu/fed/DataWizard 2019-12-16, Sample duration=1d, Orig. time res.=3d, Matrix=pm10, Blank correction=Blank corrected, Volume std. temperature=ambient, Volume std. pressure=ambient
numflag pm10_mass, no unit, Version=2, Version description=Data extracted from http://views.cira.colostate.edu/fed/DataWizard 2019-12-16, Sample duration=1d, Orig. time res.=3d, Matrix=pm10, Blank correction=Blank corrected, Volume std. temperature=ambient, Volume std. pressure=ambient
pm10_pm25_mass, ug/m3, Revision date=20181210133000, Matrix=pm10_pm25
numflag pm10_pm25_mass, no unit, Revision date=20181210133000, Matrix=pm10_pm25
pm25_mass, ug/m3, Version=2, Version description=Data extracted from http://views.cira.colostate.edu/fed/DataWizard 2019-12-16, Sample duration=1d, Orig. time res.=3d, Blank correction=Blank corrected, Volume std. temperature=ambient, Volume std. pressure=ambient
numflag pm25_mass, no unit, Version=2, Version description=Data extracted from http://views.cira.colostate.edu/fed/DataWizard 2019-12-16, Sample duration=1d, Orig. time res.=3d, Blank correction=Blank corrected, Volume std. temperature=ambient, Volume std. pressure=ambient
potassium, ug/m3, Revision date=20181210133000
numflag potassium, no unit, Revision date=20181210133000
sulphate_total, ug S/m3, Revision date=20181210133000
numflag sulphate_total, no unit, Revision date=20181210133000
0
25
Data definition:              EBAS_1.1
Set type code:                TU
Timezone:                     UTC
File name:                    US1810R.20060102060000.20191216000000.filterpack..pm25.52w.1w.US03L_filterpack_US1810.US03L_IMPROVE_Davis.lev2.nas
File creation:                20191218120336
Startdate:                    20060102060000
Revision date:                20191216000000
Statistics:                   arithmetic mean
Data level:                   2
Period code:                  52w
Resolution code:              1w
Station code:                 US1810R
Platform code:                US1810S
Station name:                 Mammoth Cave National Park-Houchin Meadow
Station latitude:             37.1317
Station longitude:            -86.148
Station altitude:             236.0 m
Regime:                       IMG
Component:                    
Matrix:                       pm25
Laboratory code:              US03L
Instrument type:              filterpack
Instrument name:              filterpack_US1810
Method ref:                   US03L_IMPROVE_Davis
starttime endtime Fe flag_Fe Pb flag_Pb Mg++ flag_Mg++ Ni flag_Ni NO3- flag_NO3- OC flag_OC OM flag_OM PM10 flag_PM10 PM10-PM2.5 flag_PM10-PM2.5 PM2.5 flag_PM2.5 K+ flag_K+ SO4-- flag_SO4--
[from data line 95]
286.25 287.25   42.83 0.000  2.15 0.000 0.010 0.000  0.12 0.000  0.070 0.000  1.030 0.000  1.854 0.000  10.103 0.000   5.391 0.000   4.712 0.000 0.075 0.000  0.324 0.000
289.25 290.25   14.10 0.000  1.87 0.000 9.999 0.259  0.16 0.000  0.064 0.000  1.364 0.000  2.454 0.000   7.788 0.000   2.084 0.000   5.704 0.000 0.028 0.000  0.615 0.000
292.25 293.25   22.14 0.000  0.96 0.000 9.999 0.259 99.99 0.259  0.181 0.000  0.662 0.000  1.192 0.000   9.964 0.000   1.938 0.000   8.026 0.000 0.024 0.000  1.458 0.000
295.25 296.25   10.29 0.000  1.14 0.000 9.999 0.259 99.99 0.259  0.142 0.000  0.776 0.000  1.397 0.000   8.406 0.000   2.727 0.000   5.678 0.000 0.027 0.000  0.914 0.000
298.25 299.25   20.25 0.000  3.51 0.000 9.999 0.259 99.99 0.259  0.170 0.000  1.415 0.000  2.546 0.000   8.038 0.000   2.562 0.000   5.476 0.000 0.053 0.000  0.459 0.000
301.25 302.25   28.94 0.000  3.48 0.000 9.999 0.259  0.12 0.000  0.101 0.000  1.903 0.000  3.426 0.000  11.416 0.000   5.114 0.000   6.302 0.000 0.064 0.000  0.486 0.000
304.25 305.25   41.76 0.000  3.76 0.000 9.999 0.259  0.36 0.000  0.667 0.000  1.449 0.000  2.609 0.000  14.500 0.000   6.145 0.000   8.354 0.000 0.065 0.000  0.884 0.000
307.25 308.25   18.69 0.000  1.30 0.000 9.999 0.259 99.99 0.259  0.161 0.000  1.204 0.000  2.168 0.000   9.120 0.000   3.799 0.000   5.321 0.000 0.048 0.000  0.396 0.000
310.25 311.25   14.09 0.000  1.35 0.000 9.999 0.259  0.32 0.000  0.145 0.000  1.353 0.000  2.435 0.000   9.121 0.000   2.338 0.000   6.783 0.000 0.040 0.000  0.670 0.000
313.25 314.25   31.76 0.000  3.09 0.000 9.999 0.259  0.60 0.000  0.162 0.000  4.058 0.000  7.304 0.000  15.849 0.000   3.999 0.000  11.851 0.000 0.058 0.000  0.882 0.000
316.25 317.25    8.29 0.000  1.96 0.000 9.999 0.259 99.99 0.259  0.116 0.000  0.832 0.000  1.497 0.000   9.545 0.000   1.030 0.000   8.515 0.000 0.021 0.000  1.498 0.000
319.25 320.25   10.24 0.000  0.36 0.000 9.999 0.259  0.22 0.000  0.088 0.000  0.623 0.000  1.121 0.000   4.317 0.000   1.307 0.000   3.010 0.000 0.012 0.000  0.376 0.000
322.25 323.25   38.20 0.000  4.40 0.000 9.999 0.259  0.27 0.000  1.438 0.000  1.621 0.000  2.917 0.000  20.709 0.000   3.496 0.000  17.213 0.000 0.049 0.000  1.795 0.000
325.25 326.25   48.78 0.000  4.15 0.000 9.999 0.259  1.24 0.000  0.080 0.000  1.154 0.000  2.076 0.000   9.037 0.000   2.922 0.000   6.115 0.000 0.036 0.000  0.744 0.000
328.25 329.25   25.04 0.000  4.19 0.000 9.999 0.259 99.99 0.259  0.204 0.000  3.397 0.000  6.114 0.000  15.177 0.000   2.876 0.000  12.301 0.000 0.079 0.000  1.090 0.000
331.25 332.25 9999.99 0.999 99.99 0.999 9.999 0.999 99.99 0.999  0.335 0.000  3.262 0.000  5.871 0.000  17.935 0.000 999.999 0.999 999.999 0.999 9.999 0.999  1.238 0.000
334.25 335.25   20.82 0.000  0.83 0.000 9.999 0.259  0.14 0.000  0.128 0.000  0.645 0.000  1.162 0.000   6.924 0.000   2.931 0.000   3.993 0.000 0.026 0.000  0.561 0.000
337.25 338.25   33.19 0.000  1.14 0.000 9.999 0.259  0.23 0.000  0.542 0.000  1.067 0.000  1.920 0.000  11.649 0.000   4.784 0.000   6.865 0.000 0.047 0.000  0.569 0.000
340.25 341.25   26.87 0.000  1.38 0.000 9.999 0.259 99.99 0.259  0.654 0.000  1.001 0.000  1.802 0.000  13.000 0.000   5.583 0.000   7.416 0.000 0.052 0.000  0.530 0.000
343.25 344.25   29.86 0.000  2.93 0.000 9.999 0.259 99.99 0.259  0.337 0.000  2.548 0.000  4.586 0.000  10.537 0.000   2.884 0.000   7.653 0.000 0.064 0.000  0.374 0.000
346.25 347.25   32.78 0.000  1.68 0.000 9.999 0.259  0.27 0.000  0.872 0.000  1.920 0.000  3.455 0.000  10.702 0.000   3.749 0.000   6.952 0.000 0.051 0.000  0.831 0.000
349.25 350.25   40.50 0.000  3.54 0.000 9.999 0.259  0.25 0.000  0.437 0.000  2.620 0.000  4.716 0.000  16.187 0.000   4.643 0.000  11.544 0.000 0.081 0.000  1.186 0.000
352.25 353.25   45.02 0.000  4.24 0.000 9.999 0.259  0.23 0.000  0.326 0.000  1.387 0.000  2.497 0.000   9.233 0.000   3.657 0.000   5.575 0.000 0.044 0.000  0.413 0.000
355.25 356.25   17.59 0.000  1.21 0.000 9.999 0.259  0.19 0.000  0.409 0.000  1.274 0.000  2.293 0.000   9.447 0.000   2.476 0.000   6.971 0.000 0.040 0.000  0.849 0.000
358.25 359.25    6.52 0.000  1.14 0.000 0.007 0.000  0.09 0.000  0.217 0.000  0.909 0.000  1.636 0.000   5.470 0.000   0.970 0.000   4.500 0.000 0.023 0.000  0.551 0.000
361.25 362.25   19.69 0.000  2.19 0.000 9.999 0.259 99.99 0.259  0.177 0.000  1.522 0.000  2.740 0.000   8.912 0.000   1.553 0.000   7.360 0.000 0.043 0.000  0.925 0.000
364.25 365.25    7.66 0.000  1.17 0.000 9.999 0.259  0.18 0.000  0.072 0.000  1.000 0.000  1.800 0.000   5.729 0.000   1.573 0.000   4.157 0.000 0.031 0.000  0.454 0.000
