scripts/IMPROVE-2019_partial/data/US2096R.20120101050000.20191216000000.filterpack...52w.3d.US03L_filterpack_US2096.US03L_IMPROVE_Davis.lev2.nas
52 1001
MISSING INFORMATION
US03L, IMPROVE, , , , , , , 
MISSING INFORMATION
IMPROVE sel_HTAP
1 1
2012 01 01 2019 12 16
3.000000
days from file reference point
5
1 1 1 1 1
999.999999 999.999 9.999 999.999 9.999
end_time of measurement, days from the file reference point
pm10_mass, ug/m3, Matrix=pm10
numflag pm10_mass, no unit, Matrix=pm10
pm25_mass, ug/m3, Matrix=pm25
numflag pm25_mass, no unit, Matrix=pm25
0
33
Data definition:              EBAS_1.1
Set type code:                TU
Timezone:                     UTC
File name:                    US2096R.20120101050000.20191216000000.filterpack...52w.3d.US03L_filterpack_US2096.US03L_IMPROVE_Davis.lev2.nas
File creation:                20191218120346
Startdate:                    20120101050000
Revision date:                20191216000000
Version:                      2
Version description:          "Data extracted from http://views.cira.colostate.edu/fed/DataWizard 2019-12-16"
Statistics:                   arithmetic mean
Data level:                   2
Period code:                  52w
Resolution code:              3d
Sample duration:              1d
Orig. time res.:              3d
Station code:                 US2096R
Platform code:                US2096S
Station name:                 Casco Bay-Wolfe's Neck Farm (ME96)
Station latitude:             43.8325
Station longitude:            -70.0645
Station altitude:             15.0 m
Regime:                       IMG
Component:                    
Unit:                         ug/m3
Matrix:                       
Laboratory code:              US03L
Instrument type:              filterpack
Instrument name:              filterpack_US2096
Method ref:                   US03L_IMPROVE_Davis
Blank correction:             Blank corrected
Volume std. temperature:      ambient
Volume std. pressure:         ambient
starttime endtime PM10 flag_PM10 PM2.5 flag_PM2.5
  0.208333   1.208333   9.412 0.659   7.569 0.000
  3.208333   4.208333  11.848 0.659   4.846 0.000
  6.208333   7.208333  14.797 0.659  11.187 0.000
  9.208333  10.208333   9.518 0.659   4.329 0.000
 12.208333  13.208333   4.542 0.659   2.641 0.000
 15.208333  16.208333   6.245 0.659   2.731 0.659
 18.208333  19.208333   6.067 0.659   3.780 0.000
 21.208333  22.208333   9.392 0.659   7.957 0.000
 24.208333  25.208333   5.587 0.659   3.417 0.659
 27.208333  28.208333   4.346 0.000   2.289 0.000
 30.208333  31.208333   6.664 0.659   2.999 0.000
 33.208333  34.208333   7.019 0.659   3.412 0.000
 36.208333  37.208333   7.511 0.659   4.173 0.000
 39.208333  40.208333  13.512 0.659   6.834 0.000
 42.208333  43.208333   7.504 0.659   2.942 0.000
 45.208333  46.208333  18.646 0.659  11.372 0.000
 48.208333  49.208333   5.529 0.659   3.148 0.000
 51.208333  52.208333  10.094 0.659   3.315 0.000
 54.208333  55.208333   6.290 0.659   4.281 0.000
 57.208333  58.208333   7.277 0.659   3.217 0.659
 60.208333  61.208333  10.447 0.659   2.760 0.000
 63.208333  64.208333  11.165 0.659   4.572 0.000
 66.208333  67.208333  22.736 0.659   9.570 0.000
 69.208333  70.208333   5.616 0.659   2.325 0.659
 72.208333  73.208333  18.530 0.000   9.629 0.659
 75.208333  76.208333   6.475 0.659   4.158 0.000
 78.208333  79.208333  12.793 0.000   9.099 0.659
 81.208333  82.208333  11.115 0.000   5.653 0.659
 84.208333  85.208333   8.447 0.000   3.077 0.659
 87.208333  88.208333  10.607 0.659   3.027 0.000
 90.208333  91.208333   5.476 0.659   2.592 0.659
 93.208333  94.208333   6.540 0.659   1.734 0.000
 96.208333  97.208333   4.067 0.000   1.843 0.659
 99.208333 100.208333   6.701 0.000   2.595 0.000
102.208333 103.208333   3.719 0.000   1.819 0.000
105.208333 106.208333  18.420 0.000   9.772 0.659
108.208333 109.208333   7.175 0.000   2.172 0.659
111.208333 112.208333  12.760 0.000   5.328 0.659
114.208333 115.208333  16.900 0.000   5.399 0.000
117.208333 118.208333   4.514 0.000   2.037 0.000
120.208333 121.208333   6.217 0.000   2.352 0.659
123.208333 124.208333   6.375 0.000   2.227 0.659
126.208333 127.208333  15.233 0.000  12.688 0.659
129.208333 130.208333  11.891 0.000   4.125 0.659
132.208333 133.208333  23.304 0.000   3.009 0.659
135.208333 136.208333  25.675 0.000   7.378 0.659
138.208333 139.208333  12.514 0.000   2.758 0.659
141.208333 142.208333  23.834 0.000   3.569 0.659
144.208333 145.208333   7.804 0.000   2.399 0.659
147.208333 148.208333  14.362 0.000   6.708 0.659
150.208333 151.208333   8.314 0.000   5.234 0.659
153.208333 154.208333 999.999 0.999   2.620 0.000
156.208333 157.208333 999.999 0.999   2.199 0.000
159.208333 160.208333  12.843 0.000   6.619 0.000
162.208333 163.208333  13.905 0.000   3.593 0.000
165.208333 166.208333  10.083 0.000   2.819 0.000
168.208333 169.208333  11.222 0.000   4.258 0.000
171.208333 172.208333  17.898 0.000  10.519 0.000
174.208333 175.208333  13.977 0.000   8.933 0.000
177.208333 178.208333   5.091 0.000   2.203 0.000
180.208333 181.208333  15.927 0.000  11.206 0.000
183.208333 184.208333  10.374 0.000   5.342 0.000
186.208333 187.208333  19.440 0.000   5.903 0.000
189.208333 190.208333 999.999 0.456 999.999 0.456
192.208333 193.208333 999.999 0.999 999.999 0.999
195.208333 196.208333 999.999 0.999 999.999 0.999
198.208333 199.208333 999.999 0.999 999.999 0.999
201.208333 202.208333   7.323 0.000   2.487 0.000
204.208333 205.208333  16.468 0.000   8.396 0.000
207.208333 208.208333   8.262 0.000   5.517 0.000
210.208333 211.208333  11.503 0.000   8.694 0.000
213.208333 214.208333   7.507 0.000   4.794 0.000
216.208333 217.208333  13.003 0.000   8.525 0.000
219.208333 220.208333   6.688 0.000   3.200 0.000
222.208333 223.208333  12.193 0.000   9.078 0.000
225.208333 226.208333   9.413 0.000   6.064 0.000
228.208333 229.208333   6.846 0.000   4.514 0.000
231.208333 232.208333   9.979 0.000   5.049 0.000
234.208333 235.208333  10.902 0.000   6.770 0.000
237.208333 238.208333  11.171 0.000   7.963 0.000
240.208333 241.208333   9.576 0.000   5.936 0.000
243.208333 244.208333  11.737 0.000   5.925 0.000
246.208333 247.208333   7.024 0.000   3.133 0.000
249.208333 250.208333   6.101 0.000   3.115 0.000
252.208333 253.208333   6.048 0.000   2.260 0.000
255.208333 256.208333   5.304 0.000   2.627 0.000
258.208333 259.208333   6.591 0.000   3.552 0.000
261.208333 262.208333  12.229 0.000   5.770 0.000
264.208333 265.208333   4.621 0.000   2.649 0.000
267.208333 268.208333   3.816 0.000   1.873 0.000
270.208333 271.208333   5.647 0.000   3.117 0.000
273.208333 274.208333   2.568 0.000   1.288 0.000
276.208333 277.208333   8.688 0.000   4.864 0.000
279.208333 280.208333  17.824 0.000  10.118 0.000
282.208333 283.208333   7.609 0.000   3.707 0.000
285.208333 286.208333   4.305 0.000   2.061 0.000
288.208333 289.208333  17.631 0.000   7.213 0.000
291.208333 292.208333   9.529 0.000   5.583 0.000
294.208333 295.208333   5.668 0.000   3.037 0.000
297.208333 298.208333   6.147 0.000   3.928 0.000
300.208333 301.208333   6.611 0.000   4.828 0.000
303.208333 304.208333 999.999 0.999 999.999 0.999
306.208333 307.208333 999.999 0.999 999.999 0.999
309.208333 310.208333 999.999 0.999 999.999 0.999
312.208333 313.208333 999.999 0.456 999.999 0.456
315.208333 316.208333 999.999 0.456 999.999 0.456
318.208333 319.208333   2.791 0.000   2.042 0.000
321.208333 322.208333  11.329 0.000   9.228 0.000
324.208333 325.208333  12.415 0.000   9.889 0.000
327.208333 328.208333  12.406 0.000   7.005 0.000
330.208333 331.208333   3.617 0.000   2.792 0.000
333.208333 334.208333   7.528 0.000   5.168 0.000
336.208333 337.208333  12.707 0.000   9.421 0.000
339.208333 340.208333   9.406 0.000   3.231 0.000
342.208333 343.208333  10.029 0.000   9.238 0.000
345.208333 346.208333   4.085 0.000   3.346 0.000
348.208333 349.208333   9.967 0.000   8.102 0.000
351.208333 352.208333   3.750 0.000   2.704 0.000
354.208333 355.208333   2.986 0.000   1.934 0.000
357.208333 358.208333   2.884 0.000   1.960 0.000
360.208333 361.208333 999.999 0.999 999.999 0.999
363.208333 364.208333   5.866 0.000   4.429 0.000
