scripts/IMPROVE-2019_partial/data/US2002R.20040101050000.20191216000000.filterpack..pm25.52w.1w.US03L_filterpack_US2002.US03L_IMPROVE_Davis.lev2.nas
64 1001
MISSING INFORMATION
US03L, IMPROVE, , , , , , , 
MISSING INFORMATION
IMPROVE sel_HTAP
1 1
2004 01 01 2019 12 16
3.000000
days from file reference point
25
1 1 1 1 1 1 1 1 1 1 1 1 1 1 1 1 1 1 1 1 1 1 1 1 1
999.999999 999.99 9.999 999.99 9.999 9.999 9.999 99.99 9.999 9.999 9.999 99.999 9.999 99.999 9.999 999.999 9.999 99.999 9.999 999.999 9.999 9.999 9.999 99.999 9.999
end_time of measurement, days from the file reference point
iron, ng/m3, Revision date=20181210133000
numflag iron, no unit, Revision date=20181210133000
lead, ng/m3, Revision date=20181210133000
numflag lead, no unit, Revision date=20181210133000
magnesium, ug/m3, Revision date=20181210133000
numflag magnesium, no unit, Revision date=20181210133000
nickel, ng/m3, Revision date=20181210133000
numflag nickel, no unit, Revision date=20181210133000
nitrate, ug N/m3, Revision date=20181210133000
numflag nitrate, no unit, Revision date=20181210133000
organic_carbon, ug C/m3, Revision date=20181210133000
numflag organic_carbon, no unit, Revision date=20181210133000
organic_mass, ug/m3, Revision date=20181210133000
numflag organic_mass, no unit, Revision date=20181210133000
pm10_mass, ug/m3, Version=2, Version description=Data extracted from http://views.cira.colostate.edu/fed/DataWizard 2019-12-16, Sample duration=1d, Orig. time res.=3d, Matrix=pm10, Blank correction=Blank corrected, Volume std. temperature=ambient, Volume std. pressure=ambient
numflag pm10_mass, no unit, Version=2, Version description=Data extracted from http://views.cira.colostate.edu/fed/DataWizard 2019-12-16, Sample duration=1d, Orig. time res.=3d, Matrix=pm10, Blank correction=Blank corrected, Volume std. temperature=ambient, Volume std. pressure=ambient
pm10_pm25_mass, ug/m3, Revision date=20181210133000, Matrix=pm10_pm25
numflag pm10_pm25_mass, no unit, Revision date=20181210133000, Matrix=pm10_pm25
pm25_mass, ug/m3, Version=2, Version description=Data extracted from http://views.cira.colostate.edu/fed/DataWizard 2019-12-16, Sample duration=1d, Orig. time res.=3d, Blank correction=Blank corrected, Volume std. temperature=ambient, Volume std. pressure=ambient
numflag pm25_mass, no unit, Version=2, Version description=Data extracted from http://views.cira.colostate.edu/fed/DataWizard 2019-12-16, Sample duration=1d, Orig. time res.=3d, Blank correction=Blank corrected, Volume std. temperature=ambient, Volume std. pressure=ambient
potassium, ug/m3, Revision date=20181210133000
numflag potassium, no unit, Revision date=20181210133000
sulphate_total, ug S/m3, Revision date=20181210133000
numflag sulphate_total, no unit, Revision date=20181210133000
0
25
Data definition:              EBAS_1.1
Set type code:                TU
Timezone:                     UTC
File name:                    US2002R.20040101050000.20191216000000.filterpack..pm25.52w.1w.US03L_filterpack_US2002.US03L_IMPROVE_Davis.lev2.nas
File creation:                20191218120340
Startdate:                    20040101050000
Revision date:                20191216000000
Statistics:                   arithmetic mean
Data level:                   2
Period code:                  52w
Resolution code:              1w
Station code:                 US2002R
Platform code:                US2002S
Station name:                 Bridgton (ME02)
Station latitude:             44.1075
Station longitude:            -70.7289
Station altitude:             222.0 m
Regime:                       IMG
Component:                    
Matrix:                       pm25
Laboratory code:              US03L
Instrument type:              filterpack
Instrument name:              filterpack_US2002
Method ref:                   US03L_IMPROVE_Davis
starttime endtime Fe flag_Fe Pb flag_Pb Mg++ flag_Mg++ Ni flag_Ni NO3- flag_NO3- OC flag_OC OM flag_OM PM10 flag_PM10 PM10-PM2.5 flag_PM10-PM2.5 PM2.5 flag_PM2.5 K+ flag_K+ SO4-- flag_SO4--
[from data line 91]
273.208333 274.208333  12.54 0.000   1.26 0.000 9.999 0.259  0.33 0.000 0.020 0.000  0.916 0.000  1.282 0.000   4.792 0.000  2.417 0.000   2.375 0.000 0.053 0.000  0.098 0.000
276.208333 277.208333   4.88 0.000   1.12 0.000 9.999 0.259  0.41 0.000 0.014 0.559  0.682 0.000  0.955 0.000   4.207 0.000  1.364 0.000   2.844 0.000 0.027 0.000  0.318 0.559
279.208333 280.208333  11.98 0.000   1.53 0.000 9.999 0.259  0.28 0.000 0.024 0.559  0.703 0.000  0.985 0.000   5.250 0.000  1.777 0.000   3.472 0.000 0.026 0.000  0.353 0.559
282.208333 283.208333  53.26 0.000   4.45 0.000 9.999 0.259  1.87 0.000 0.251 0.000  2.515 0.000  3.521 0.000  19.190 0.000  2.825 0.000  16.365 0.000 0.044 0.000  2.057 0.000
285.208333 286.208333   6.01 0.000   0.84 0.000 9.999 0.259  0.23 0.000 0.010 0.000  0.550 0.000  0.771 0.000   4.622 0.000  2.529 0.000   2.092 0.000 0.011 0.000  0.214 0.000
288.208333 289.208333   5.15 0.000   1.17 0.000 9.999 0.259  0.59 0.000 0.026 0.000  0.785 0.000  1.100 0.000   3.595 0.000  0.653 0.000   2.942 0.000 0.028 0.000  0.241 0.000
291.208333 292.208333   2.79 0.000   0.58 0.000 9.999 0.259  0.17 0.000 0.005 0.000  0.344 0.000  0.482 0.000   1.767 0.000  0.426 0.000   1.341 0.000 0.008 0.000  0.179 0.000
294.208333 295.208333   7.95 0.000   0.86 0.000 9.999 0.259  0.52 0.000 0.035 0.000  1.085 0.000  1.519 0.000   4.382 0.000  1.151 0.000   3.231 0.000 0.032 0.000  0.160 0.000
297.208333 298.208333   6.25 0.000   2.10 0.000 9.999 0.259  0.30 0.000 0.038 0.000  0.758 0.000  1.061 0.000   6.448 0.000  1.360 0.000   5.089 0.000 0.024 0.000  0.793 0.000
300.208333 301.208333  17.51 0.000   1.51 0.000 9.999 0.259  0.46 0.000 0.042 0.000  1.189 0.000  1.664 0.000   6.577 0.000  1.152 0.000   5.424 0.000 0.028 0.000  0.645 0.000
303.208333 304.208333  10.70 0.000   7.79 0.000 0.106 0.000  0.35 0.000 0.108 0.000  2.887 0.000  4.042 0.000   9.369 0.000  1.156 0.000   8.213 0.000 0.063 0.000  0.265 0.000
306.208333 307.208333   5.51 0.000   0.92 0.000 9.999 0.259  0.26 0.000 0.048 0.000  0.438 0.000  0.614 0.000   2.355 0.000  0.519 0.000   1.836 0.000 0.024 0.000  0.162 0.000
309.208333 310.208333   1.73 0.000   0.53 0.000 9.999 0.259  0.21 0.000 0.018 0.000  0.151 0.000  0.211 0.000   1.471 0.000  0.740 0.000   0.731 0.000 0.008 0.000  0.080 0.000
312.208333 313.208333   8.12 0.000   0.94 0.000 9.999 0.259  0.24 0.000 0.018 0.000  0.317 0.000  0.444 0.000   2.728 0.000  0.323 0.000   2.405 0.000 0.021 0.000  0.257 0.000
315.208333 316.208333  40.77 0.000   3.00 0.000 9.999 0.259  2.62 0.000 0.169 0.000  1.529 0.000  2.140 0.000   8.391 0.000  2.349 0.000   6.043 0.000 0.043 0.000  0.501 0.000
318.208333 319.208333  10.64 0.000   1.92 0.000 9.999 0.259  0.34 0.000 0.098 0.000  0.712 0.000  0.997 0.000   4.712 0.000  1.448 0.000   3.264 0.000 0.045 0.000  0.315 0.000
321.208333 322.208333  26.31 0.000   3.42 0.000 9.999 0.259  0.58 0.000 0.116 0.000  1.323 0.000  1.852 0.000  10.459 0.000  1.951 0.000   8.508 0.000 0.081 0.000  0.557 0.000
324.208333 325.208333   5.25 0.000   4.03 0.000 9.999 0.259  0.21 0.000 0.031 0.000  0.827 0.000  1.158 0.000   3.616 0.000  0.737 0.000   2.879 0.000 0.046 0.000  0.184 0.000
327.208333 328.208333  12.88 0.000   1.55 0.000 9.999 0.259  0.69 0.000 0.086 0.000  2.314 0.000  3.240 0.000   6.982 0.000  0.839 0.000   6.143 0.000 0.050 0.000  0.596 0.000
330.208333 331.208333   4.46 0.000   1.59 0.000 0.086 0.000  0.20 0.000 0.016 0.000  0.254 0.000  0.355 0.000   2.191 0.000  0.567 0.000   1.623 0.000 0.015 0.000  0.175 0.000
333.208333 334.208333   3.89 0.000   0.76 0.000 9.999 0.259 99.99 0.259 0.011 0.000  0.385 0.000  0.539 0.000   2.852 0.000  0.259 0.000   2.593 0.000 0.019 0.000  0.372 0.000
336.208333 337.208333   5.56 0.000   0.84 0.000 9.999 0.259  0.16 0.000 0.012 0.000  0.367 0.000  0.514 0.000   2.204 0.000  0.198 0.000   2.006 0.000 0.015 0.000  0.250 0.000
339.208333 340.208333   9.94 0.000   2.09 0.000 9.999 0.259  0.24 0.000 0.175 0.000  0.787 0.000  1.101 0.000   4.491 0.000  0.777 0.000   3.714 0.000 0.025 0.000  0.335 0.000
342.208333 343.208333   2.19 0.000   1.04 0.000 9.999 0.259  0.56 0.000 0.019 0.000  0.337 0.000  0.471 0.000   2.794 0.000  0.299 0.000   2.495 0.000 0.013 0.000  0.364 0.000
345.208333 346.208333   0.41 0.000   0.43 0.000 9.999 0.259  0.67 0.000 0.020 0.000  0.457 0.000  0.640 0.000 999.999 0.999 99.999 0.999   1.486 0.000 0.016 0.000  0.142 0.000
348.208333 349.208333   6.78 0.000   0.77 0.000 9.999 0.259  0.44 0.000 0.075 0.000  0.457 0.000  0.640 0.000   3.149 0.000  0.599 0.000   2.550 0.000 0.021 0.000  0.304 0.000
351.208333 352.208333  22.56 0.000   5.24 0.000 9.999 0.259  0.91 0.000 0.161 0.000  1.209 0.000  1.693 0.000 999.999 0.999 99.999 0.999   4.580 0.000 0.037 0.000  0.434 0.000
354.208333 355.208333   6.86 0.000   1.41 0.000 0.123 0.000  0.66 0.000 0.240 0.000  0.922 0.000  1.291 0.000 999.999 0.999 99.999 0.999   4.397 0.000 0.061 0.000  0.359 0.000
357.208333 358.208333  12.65 0.000   3.09 0.000 9.999 0.259  2.40 0.000 0.203 0.559  1.352 0.000  1.893 0.000 999.999 0.999 99.999 0.999   7.005 0.000 0.047 0.000  0.592 0.559
360.208333 361.208333   9.34 0.000   1.20 0.000 0.050 0.000  2.06 0.000 0.086 0.000  0.772 0.000  1.081 0.000 999.999 0.999 99.999 0.999   3.650 0.000 0.063 0.000  0.371 0.000
363.208333 364.208333 999.99 0.456 999.99 0.456 9.999 0.456 99.99 0.456 9.999 0.456 99.999 0.999 99.999 0.999 999.999 0.456 99.999 0.999 999.999 0.456 9.999 0.456 99.999 0.456
