scripts/IMPROVE-2019_partial/data/US2098R.19980103050000.20191216000000.filterpack...1y.3d.US03L_filterpack_US2098.US03L_IMPROVE_Davis.lev2.nas
52 1001
MISSING INFORMATION
US03L, IMPROVE, , , , , , , 
MISSING INFORMATION
IMPROVE sel_HTAP
1 1
1998 01 01 2019 12 16
0
days from file reference point
5
1 1 1 1 1
999.999999 999.999 9.999 999.999 9.999
end_time of measurement, days from the file reference point
pm10_mass, ug/m3, Matrix=pm10
numflag pm10_mass, no unit, Matrix=pm10
pm25_mass, ug/m3, Matrix=pm25
numflag pm25_mass, no unit, Matrix=pm25
0
33
Data definition:              EBAS_1.1
Set type code:                TI
Timezone:                     UTC
File name:                    US2098R.19980103050000.20191216000000.filterpack...1y.3d.US03L_filterpack_US2098.US03L_IMPROVE_Davis.lev2.nas
File creation:                20191218120350
Startdate:                    19980103050000
Revision date:                20191216000000
Version:                      2
Version description:          "Data extracted from http://views.cira.colostate.edu/fed/DataWizard 2019-12-16"
Statistics:                   arithmetic mean
Data level:                   2
Period code:                  1y
Resolution code:              3d
Sample duration:              1d
Orig. time res.:              3d
Station code:                 US2098R
Platform code:                US2098S
Station name:                 Acadia National Park-McFarland Hill (ME98)
Station latitude:             44.3772
Station longitude:            -68.2608
Station altitude:             150.0 m
Regime:                       IMG
Component:                    
Unit:                         ug/m3
Matrix:                       
Laboratory code:              US03L
Instrument type:              filterpack
Instrument name:              filterpack_US2098
Method ref:                   US03L_IMPROVE_Davis
Blank correction:             Blank corrected
Volume std. temperature:      ambient
Volume std. pressure:         ambient
starttime endtime PM10 flag_PM10 PM2.5 flag_PM2.5
  2.208333   3.208333  18.481 0.000  14.061 0.000
  6.208333   7.208333 999.999 0.999   6.604 0.000
  9.208333  10.208333 999.999 0.999   5.378 0.000
 13.208333  14.208333  12.683 0.000   3.939 0.000
 16.208333  17.208333   6.016 0.000   6.253 0.000
 20.208333  21.208333  17.704 0.000   8.595 0.000
 23.208333  24.208333   5.616 0.000   1.925 0.000
 27.208333  28.208333   7.020 0.000   4.630 0.000
 30.208333  31.208333   9.768 0.000   4.425 0.000
 34.208333  35.208333  12.859 0.000   3.910 0.000
 37.208333  38.208333  10.534 0.000   4.315 0.000
 41.208333  42.208333  22.598 0.000  11.585 0.000
 44.208333  45.208333  10.358 0.000   2.046 0.000
 48.208333  49.208333   9.607 0.000   6.638 0.000
 51.208333  52.208333   3.909 0.000   3.034 0.000
 55.208333  56.208333   2.080 0.000 999.999 0.259
 58.208333  59.208333   3.801 0.000   3.135 0.000
 62.208333  63.208333   3.899 0.000   2.056 0.000
 65.208333  66.208333   5.098 0.000   2.723 0.000
 69.208333  70.208333   9.009 0.000   3.187 0.000
 72.208333  73.208333   7.646 0.000   4.026 0.000
 76.208333  77.208333  14.372 0.000   9.430 0.000
 79.208333  80.208333   5.409 0.000   2.924 0.000
 83.208333  84.208333   8.500 0.000   5.825 0.000
 86.208333  87.208333  27.934 0.000  19.122 0.000
 90.208333  91.208333   6.944 0.000   2.571 0.000
 93.208333  94.208333   2.389 0.000   1.580 0.000
 97.208333  98.208333  13.217 0.000   4.286 0.000
100.208333 101.208333  19.290 0.000   7.180 0.000
104.208333 105.208333  21.238 0.000   9.270 0.000
107.208333 108.208333   7.282 0.000   5.349 0.000
111.208333 112.208333   9.117 0.000   6.612 0.000
114.208333 115.208333   3.205 0.000   2.170 0.000
118.208333 119.208333   8.377 0.000   4.324 0.000
121.208333 122.208333   4.813 0.000   3.341 0.000
125.208333 126.208333   7.378 0.000   4.881 0.000
128.208333 129.208333   8.690 0.000   4.443 0.000
132.208333 133.208333  17.889 0.000  10.302 0.000
135.208333 136.208333  12.246 0.000   8.648 0.000
139.208333 140.208333  14.977 0.000   4.652 0.000
142.208333 143.208333   6.525 0.000   2.359 0.000
146.208333 147.208333   7.664 0.000   4.081 0.000
149.208333 150.208333   8.807 0.000   6.014 0.000
153.208333 154.208333   9.847 0.000   7.974 0.000
156.208333 157.208333   8.414 0.000 999.999 0.999
160.208333 161.208333  11.438 0.000   5.848 0.000
163.208333 164.208333  14.145 0.000   7.842 0.000
167.208333 168.208333  14.954 0.000  15.068 0.000
170.208333 171.208333  23.970 0.000  14.675 0.000
174.208333 175.208333  18.629 0.000 999.999 0.999
177.208333 178.208333 999.999 0.999 999.999 0.999
181.208333 182.208333   8.035 0.000   3.177 0.000
184.208333 185.208333  11.118 0.000   6.977 0.000
188.208333 189.208333  12.382 0.000   8.664 0.000
191.208333 192.208333   7.952 0.000   5.257 0.000
195.208333 196.208333  43.201 0.000  35.440 0.000
198.208333 199.208333   9.515 0.000   5.086 0.000
202.208333 203.208333  31.502 0.000  23.466 0.000
205.208333 206.208333   6.556 0.000   5.634 0.000
209.208333 210.208333  25.062 0.000  20.966 0.000
212.208333 213.208333   6.556 0.000   4.673 0.000
216.208333 217.208333  17.361 0.000  10.613 0.000
219.208333 220.208333  27.473 0.000  25.681 0.000
223.208333 224.208333  10.708 0.000   3.964 0.000
226.208333 227.208333  12.066 0.000   7.469 0.000
230.208333 231.208333   3.875 0.000   2.260 0.000
233.208333 234.208333   8.019 0.000   5.503 0.000
237.208333 238.208333  20.635 0.000  14.675 0.000
240.208333 241.208333  13.373 0.000   8.418 0.000
244.208333 245.208333   9.152 0.000   2.732 0.000
247.208333 248.208333   8.438 0.000   5.990 0.000
251.208333 252.208333   7.025 0.000   4.120 0.000
254.208333 255.208333  10.003 0.000   6.014 0.000
258.208333 259.208333  11.746 0.000   9.084 0.000
261.208333 262.208333  11.468 0.000   5.134 0.000
265.208333 266.208333  16.578 0.000   1.369 0.000
268.208333 269.208333  23.202 0.000  10.661 0.000
272.208333 273.208333  17.035 0.000   6.848 0.000
275.208333 276.208333   3.223 0.000   1.344 0.000
279.208333 280.208333  10.746 0.000   3.083 0.000
282.208333 283.208333   7.136 0.000   1.363 0.000
286.208333 287.208333  11.954 0.000   6.912 0.000
289.208333 290.208333   4.869 0.000   4.384 0.000
293.208333 294.208333   3.038 0.000   2.068 0.000
296.208333 297.208333  10.253 0.000   6.574 0.000
300.208333 301.208333   7.831 0.000   4.733 0.000
303.208333 304.208333   2.623 0.000   1.557 0.000
307.208333 308.208333   6.250 0.000   3.813 0.000
310.208333 311.208333   7.494 0.000   3.017 0.000
314.208333 315.208333   9.441 0.000   5.912 0.000
317.208333 318.208333   5.692 0.000   2.878 0.000
321.208333 322.208333   5.730 0.000   3.566 0.000
324.208333 325.208333   7.673 0.000   5.005 0.000
328.208333 329.208333   3.197 0.000 999.999 0.999
331.208333 332.208333  46.322 0.000   4.332 0.000
335.208333 336.208333   8.989 0.000   9.343 0.000
338.208333 339.208333   7.920 0.000   4.192 0.000
342.208333 343.208333   6.040 0.000   6.065 0.000
345.208333 346.208333   7.784 0.000   6.316 0.000
349.208333 350.208333  12.246 0.000   5.898 0.000
352.208333 353.208333   9.782 0.000   5.549 0.000
356.208333 357.208333   5.339 0.000   4.692 0.000
359.208333 360.208333   8.492 0.000   4.545 0.000
363.208333 364.208333   3.974 0.000   3.377 0.000
