scripts/IMPROVE-2019_partial/data/US2096R.20150103050000.20191216000000.filterpack...1y.3d.US03L_filterpack_US2096.US03L_IMPROVE_Davis.lev2.nas
52 1001
MISSING INFORMATION
US03L, IMPROVE, , , , , , , 
MISSING INFORMATION
IMPROVE sel_HTAP
1 1
2015 01 01 2019 12 16
3.000000
days from file reference point
5
1 1 1 1 1
999.999999 999.999 9.999 999.999 9.999
end_time of measurement, days from the file reference point
pm10_mass, ug/m3, Matrix=pm10
numflag pm10_mass, no unit, Matrix=pm10
pm25_mass, ug/m3, Matrix=pm25
numflag pm25_mass, no unit, Matrix=pm25
0
33
Data definition:              EBAS_1.1
Set type code:                TU
Timezone:                     UTC
File name:                    US2096R.20150103050000.20191216000000.filterpack...1y.3d.US03L_filterpack_US2096.US03L_IMPROVE_Davis.lev2.nas
File creation:                20191218120346
Startdate:                    20150103050000
Revision date:                20191216000000
Version:                      2
Version description:          "Data extracted from http://views.cira.colostate.edu/fed/DataWizard 2019-12-16"
Statistics:                   arithmetic mean
Data level:                   2
Period code:                  1y
Resolution code:              3d
Sample duration:              1d
Orig. time res.:              3d
Station code:                 US2096R
Platform code:                US2096S
Station name:                 Casco Bay-Wolfe's Neck Farm (ME96)
Station latitude:             43.8325
Station longitude:            -70.0645
Station altitude:             15.0 m
Regime:                       IMG
Component:                    
Unit:                         ug/m3
Matrix:                       
Laboratory code:              US03L
Instrument type:              filterpack
Instrument name:              filterpack_US2096
Method ref:                   US03L_IMPROVE_Davis
Blank correction:             Blank corrected
Volume std. temperature:      ambient
Volume std. pressure:         ambient
starttime endtime PM10 flag_PM10 PM2.5 flag_PM2.5
  2.208333   3.208333   7.255 0.000   3.129 0.000
  5.208333   6.208333   9.281 0.000   7.138 0.000
  8.208333   9.208333   8.458 0.000   5.421 0.000
 11.208333  12.208333   9.626 0.000  16.040 0.000
 14.208333  15.208333   9.415 0.000   5.750 0.000
 17.208333  18.208333  13.954 0.000   7.197 0.000
 20.208333  21.208333 999.999 0.456   4.139 0.000
 23.208333  24.208333 999.999 0.456   8.708 0.000
 26.208333  27.208333 999.999 0.456   2.688 0.000
 29.208333  30.208333   7.988 0.000   6.658 0.000
 32.208333  33.208333   6.249 0.000   3.172 0.000
 35.208333  36.208333 999.999 0.456   5.814 0.000
 38.208333  39.208333 999.999 0.456   3.912 0.000
 41.208333  42.208333  10.827 0.000   3.750 0.000
 44.208333  45.208333  12.537 0.000   8.306 0.000
 47.208333  48.208333 999.999 0.999 999.999 0.999
 50.208333  51.208333 999.999 0.999 999.999 0.999
 53.208333  54.208333 999.999 0.999 999.999 0.999
 56.208333  57.208333 999.999 0.999 999.999 0.999
 59.208333  60.208333  13.039 0.000   9.601 0.000
 62.208333  63.208333   5.654 0.000   3.982 0.000
 65.208333  66.208333  10.689 0.000 999.999 0.456
 68.208333  69.208333   9.242 0.000   5.269 0.000
 71.208333  72.208333   4.992 0.000   2.351 0.000
 74.208333  75.208333   4.558 0.000   2.282 0.000
 77.208333  78.208333   4.913 0.000   1.796 0.000
 80.208333  81.208333   6.086 0.000   3.624 0.000
 83.208333  84.208333  10.676 0.000   6.261 0.000
 86.208333  87.208333   4.162 0.000   2.834 0.000
 89.208333  90.208333   3.397 0.000   2.052 0.000
 92.208333  93.208333  13.983 0.000   7.836 0.000
 95.208333  96.208333   8.252 0.000   3.833 0.000
 98.208333  99.208333   5.555 0.000   2.571 0.000
101.208333 102.208333   7.574 0.000   4.488 0.000
104.208333 105.208333   3.832 0.000   1.905 0.000
107.208333 108.208333   4.851 0.000   3.342 0.000
110.208333 111.208333   5.008 0.000   2.997 0.000
113.208333 114.208333 999.999 0.456 999.999 0.456
116.208333 117.208333 999.999 0.456 999.999 0.456
119.208333 120.208333   2.186 0.000   1.187 0.000
122.208333 123.208333   7.323 0.000   4.194 0.000
125.208333 126.208333   7.096 0.000   3.258 0.000
128.208333 129.208333   8.051 0.000   3.689 0.000
131.208333 132.208333  10.568 0.000   6.028 0.000
134.208333 135.208333  10.257 0.000   5.199 0.000
137.208333 138.208333  10.400 0.000   5.220 0.000
140.208333 141.208333  15.587 0.000   4.021 0.000
143.208333 144.208333  25.091 0.000   7.258 0.000
146.208333 147.208333  25.941 0.000  11.223 0.000
149.208333 150.208333  14.465 0.000   5.805 0.000
152.208333 153.208333   3.334 0.000   1.220 0.000
155.208333 156.208333   6.006 0.000   2.499 0.000
158.208333 159.208333  20.927 0.000   8.419 0.000
161.208333 162.208333  18.498 0.000   9.408 0.000
164.208333 165.208333   9.222 0.000   4.536 0.000
167.208333 168.208333   7.601 0.000   2.609 0.000
170.208333 171.208333   8.608 0.000   4.082 0.000
173.208333 174.208333  17.405 0.000   7.030 0.000
176.208333 177.208333   7.325 0.000   3.612 0.000
179.208333 180.208333   7.572 0.000   3.039 0.000
182.208333 183.208333   5.557 0.000   2.570 0.000
185.208333 186.208333  14.846 0.000  11.159 0.000
188.208333 189.208333  13.442 0.000  10.204 0.000
191.208333 192.208333  16.848 0.000   8.914 0.000
194.208333 195.208333  16.075 0.000  11.700 0.000
197.208333 198.208333  10.232 0.000   4.768 0.000
200.208333 201.208333   8.481 0.000   6.519 0.000
203.208333 204.208333   6.489 0.000   3.215 0.000
206.208333 207.208333   9.057 0.000   5.038 0.000
209.208333 210.208333  14.306 0.000   9.294 0.000
212.208333 213.208333  10.624 0.000   4.913 0.000
215.208333 216.208333  10.363 0.000   6.762 0.000
218.208333 219.208333   5.339 0.000   2.518 0.000
221.208333 222.208333  12.242 0.000   5.634 0.000
224.208333 225.208333   6.541 0.000   3.231 0.000
227.208333 228.208333  13.089 0.000   9.585 0.000
230.208333 231.208333  14.157 0.000   9.965 0.000
233.208333 234.208333  10.541 0.000   6.817 0.000
236.208333 237.208333   3.496 0.000   1.444 0.000
239.208333 240.208333   7.960 0.000   3.181 0.000
242.208333 243.208333  19.190 0.000  13.778 0.000
245.208333 246.208333  20.094 0.000  15.828 0.000
248.208333 249.208333  10.223 0.000   5.799 0.000
251.208333 252.208333  16.289 0.000  11.134 0.000
254.208333 255.208333   6.213 0.000   3.290 0.000
257.208333 258.208333   9.329 0.000   4.050 0.000
260.208333 261.208333  15.475 0.000  10.826 0.000
263.208333 264.208333   4.586 0.000   2.067 0.000
266.208333 267.208333   7.302 0.000   3.450 0.000
269.208333 270.208333  10.116 0.000   3.574 0.000
272.208333 273.208333   1.737 0.000   0.682 0.000
275.208333 276.208333   2.400 0.000   0.888 0.000
278.208333 279.208333   5.729 0.000   3.524 0.000
281.208333 282.208333   9.048 0.000   3.659 0.000
284.208333 285.208333   9.671 0.000   6.590 0.000
287.208333 288.208333   6.663 0.000   2.245 0.000
290.208333 291.208333   2.482 0.000   1.266 0.000
293.208333 294.208333   5.504 0.000   2.978 0.000
296.208333 297.208333   4.079 0.000   1.979 0.000
299.208333 300.208333   9.513 0.000   4.763 0.000
302.208333 303.208333   3.370 0.000   1.532 0.000
305.208333 306.208333   5.753 0.000   2.979 0.000
308.208333 309.208333  10.728 0.000   7.131 0.000
311.208333 312.208333   3.854 0.000   2.511 0.000
314.208333 315.208333   8.914 0.000   7.070 0.000
317.208333 318.208333   1.777 0.000   1.035 0.000
320.208333 321.208333   5.121 0.000   3.981 0.000
323.208333 324.208333   7.519 0.000   3.021 0.000
326.208333 327.208333   2.558 0.000   1.539 0.000
329.208333 330.208333  16.888 0.000   7.324 0.000
332.208333 333.208333   4.895 0.000   3.491 0.000
335.208333 336.208333   4.979 0.000   4.202 0.000
338.208333 339.208333   5.808 0.000   4.351 0.000
341.208333 342.208333   4.346 0.000   4.058 0.000
344.208333 345.208333   7.613 0.000   7.491 0.000
347.208333 348.208333   3.712 0.000   2.465 0.000
350.208333 351.208333   3.243 0.000   1.460 0.000
353.208333 354.208333   3.565 0.000   2.005 0.000
356.208333 357.208333   5.350 0.000   4.275 0.000
359.208333 360.208333   4.128 0.000   3.103 0.000
362.208333 363.208333   4.218 0.000   1.785 0.000
