scripts/IMPROVE-2019_partial/data/US2098R.19890104050000.20191216000000.filterpack...1y.3d.US03L_filterpack_US2098.US03L_IMPROVE_Davis.lev2.nas
51 1001
MISSING INFORMATION
US03L, IMPROVE, , , , , , , 
MISSING INFORMATION
IMPROVE sel_HTAP
1 1
1989 01 01 2019 12 16
0
days from file reference point
4
1 1 1 1
999.999999 999.999 999.999 9.999
end_time of measurement, days from the file reference point
pm10_mass, ug/m3, Matrix=pm10
pm25_mass, ug/m3, Matrix=pm25
numflag, no unit
0
33
Data definition:              EBAS_1.1
Set type code:                TI
Timezone:                     UTC
File name:                    US2098R.19890104050000.20191216000000.filterpack...1y.3d.US03L_filterpack_US2098.US03L_IMPROVE_Davis.lev2.nas
File creation:                20191218120350
Startdate:                    19890104050000
Revision date:                20191216000000
Version:                      2
Version description:          "Data extracted from http://views.cira.colostate.edu/fed/DataWizard 2019-12-16"
Statistics:                   arithmetic mean
Data level:                   2
Period code:                  1y
Resolution code:              3d
Sample duration:              1d
Orig. time res.:              3d
Station code:                 US2098R
Platform code:                US2098S
Station name:                 Acadia National Park-McFarland Hill (ME98)
Station latitude:             44.3772
Station longitude:            -68.2608
Station altitude:             150.0 m
Regime:                       IMG
Component:                    
Unit:                         ug/m3
Matrix:                       
Laboratory code:              US03L
Instrument type:              filterpack
Instrument name:              filterpack_US2098
Method ref:                   US03L_IMPROVE_Davis
Blank correction:             Blank corrected
Volume std. temperature:      ambient
Volume std. pressure:         ambient
starttime endtime PM10 PM2.5 flag
  3.208333   4.208333   6.453   5.896 0.000
  6.208333   7.208333 999.999   7.517 0.000
 10.208333  11.208333  13.360   8.758 0.000
 13.208333  14.208333   9.960   5.638 0.000
 17.208333  18.208333 999.999  10.000 0.000
 20.208333  21.208333   4.659   3.754 0.000
 24.208333  25.208333   6.165   4.267 0.000
 27.208333  28.208333   9.470   5.133 0.000
 31.208333  32.208333  19.577  15.181 0.000
 34.208333  35.208333   5.923   4.983 0.000
 38.208333  39.208333  13.615  12.420 0.000
 41.208333  42.208333  15.451  12.038 0.000
 45.208333  46.208333 999.999   7.807 0.000
 48.208333  49.208333   7.875   5.719 0.000
 52.208333  53.208333   8.740   7.397 0.000
 55.208333  56.208333   5.267   3.417 0.000
 59.208333  60.208333  18.797  15.485 0.000
 62.208333  63.208333   8.631   5.927 0.000
 66.208333  67.208333   9.451   5.927 0.000
 69.208333  70.208333  12.235   8.020 0.000
 73.208333  74.208333  14.567  11.824 0.000
 76.208333  77.208333   8.765   5.831 0.000
 80.208333  81.208333  13.891   6.389 0.000
 83.208333  84.208333   7.743   5.276 0.000
 87.208333  88.208333  13.882   9.752 0.000
 90.208333  91.208333  69.294   2.547 0.000
 94.208333  95.208333  10.547   8.050 0.000
 97.208333  98.208333   7.500   7.296 0.000
101.208333 102.208333 999.999 999.999 0.999
104.208333 105.208333  12.129   8.196 0.000
108.208333 109.208333 999.999 999.999 0.999
111.208333 112.208333   7.316   6.572 0.000
115.208333 116.208333   9.401   5.157 0.000
118.208333 119.208333   9.015   5.406 0.000
122.208333 123.208333   5.076   3.148 0.000
125.208333 126.208333  12.644  11.080 0.000
129.208333 130.208333  23.736 999.999 0.000
132.208333 133.208333   2.151   1.527 0.000
136.208333 137.208333  17.600  14.907 0.000
139.208333 140.208333  13.051  10.062 0.000
143.208333 144.208333   5.000   3.503 0.000
146.208333 147.208333  14.094  11.114 0.000
150.208333 151.208333  23.022  20.818 0.000
153.208333 154.208333  12.268   9.294 0.000
157.208333 158.208333   8.859   5.583 0.000
160.208333 161.208333   5.095   1.538 0.000
164.208333 165.208333   9.182   5.808 0.000
167.208333 168.208333   6.213   4.768 0.000
171.208333 172.208333  23.852  19.939 0.000
174.208333 175.208333  10.214   8.640 0.000
178.208333 179.208333  25.201  22.492 0.000
181.208333 182.208333 999.999 999.999 0.999
185.208333 186.208333  30.330  26.798 0.000
188.208333 189.208333   7.582   4.653 0.000
192.208333 193.208333   8.828   5.793 0.000
195.208333 196.208333  10.806   8.685 0.000
199.208333 200.208333  22.518  21.652 0.000
202.208333 203.208333  16.418  13.104 0.000
206.208333 207.208333  37.428  28.339 0.000
209.208333 210.208333 999.999 999.999 0.999
213.208333 214.208333  11.429   9.721 0.000
216.208333 217.208333 999.999 999.999 0.999
220.208333 221.208333  22.519  18.385 0.000
223.208333 224.208333  11.550   9.596 0.000
227.208333 228.208333  22.355  20.152 0.000
230.208333 231.208333   6.873   4.878 0.000
234.208333 235.208333  13.142   9.421 0.000
237.208333 238.208333   4.751   1.890 0.000
241.208333 242.208333 999.999  17.130 0.000
244.208333 245.208333   9.278   6.159 0.000
248.208333 249.208333   7.283   3.049 0.000
251.208333 252.208333  15.057  12.591 0.000
255.208333 256.208333  14.479   8.920 0.000
258.208333 259.208333   6.062   4.012 0.000
262.208333 263.208333   3.784   2.546 0.000
265.208333 266.208333 999.999 999.999 0.999
269.208333 270.208333   4.674   2.031 0.000
272.208333 273.208333   5.019   2.755 0.000
276.208333 277.208333   5.038   3.022 0.000
279.208333 280.208333   9.308   7.383 0.000
283.208333 284.208333   6.758   5.047 0.000
286.208333 287.208333   5.898   3.659 0.000
290.208333 291.208333   6.680   5.962 0.000
293.208333 294.208333  11.508   7.429 0.000
297.208333 298.208333  17.748  12.844 0.000
300.208333 301.208333  34.046  27.988 0.000
304.208333 305.208333   7.645   6.062 0.000
307.208333 308.208333   2.934   2.461 0.000
311.208333 312.208333  11.484   9.589 0.000
314.208333 315.208333  12.253   7.683 0.000
318.208333 319.208333  15.339  12.971 0.000
321.208333 322.208333   9.640   7.296 0.000
325.208333 326.208333   4.940   3.874 0.000
328.208333 329.208333   9.878   6.744 0.000
332.208333 333.208333   9.317   5.455 0.000
335.208333 336.208333   5.422   3.247 0.000
339.208333 340.208333   9.023   7.344 0.000
342.208333 343.208333   7.333   5.654 0.000
346.208333 347.208333   8.256   4.207 0.000
349.208333 350.208333   8.444   6.601 0.000
353.208333 354.208333   8.295   7.184 0.000
356.208333 357.208333   8.366   5.987 0.000
360.208333 361.208333   7.403   5.817 0.000
363.208333 364.208333  11.265   9.444 0.000
