scripts/IMPROVE-2019_partial/data/US2098R.20100102050000.20191216000000.filterpack...52w.3d.US03L_filterpack_US2098.US03L_IMPROVE_Davis.lev2.nas
51 1001
MISSING INFORMATION
US03L, IMPROVE, , , , , , , 
MISSING INFORMATION
IMPROVE sel_HTAP
1 1
2010 01 01 2019 12 16
3.000000
days from file reference point
4
1 1 1 1
999.999999 999.999 999.999 9.999
end_time of measurement, days from the file reference point
pm10_mass, ug/m3, Matrix=pm10
pm25_mass, ug/m3, Matrix=pm25
numflag, no unit
0
33
Data definition:              EBAS_1.1
Set type code:                TU
Timezone:                     UTC
File name:                    US2098R.20100102050000.20191216000000.filterpack...52w.3d.US03L_filterpack_US2098.US03L_IMPROVE_Davis.lev2.nas
File creation:                20191218120352
Startdate:                    20100102050000
Revision date:                20191216000000
Version:                      2
Version description:          "Data extracted from http://views.cira.colostate.edu/fed/DataWizard 2019-12-16"
Statistics:                   arithmetic mean
Data level:                   2
Period code:                  52w
Resolution code:              3d
Sample duration:              1d
Orig. time res.:              3d
Station code:                 US2098R
Platform code:                US2098S
Station name:                 Acadia National Park-McFarland Hill (ME98)
Station latitude:             44.3772
Station longitude:            -68.2608
Station altitude:             150.0 m
Regime:                       IMG
Component:                    
Unit:                         ug/m3
Matrix:                       
Laboratory code:              US03L
Instrument type:              filterpack
Instrument name:              filterpack_US2098
Method ref:                   US03L_IMPROVE_Davis
Blank correction:             Blank corrected
Volume std. temperature:      ambient
Volume std. pressure:         ambient
starttime endtime PM10 PM2.5 flag
  1.208333   2.208333   4.116   2.180 0.000
  4.208333   5.208333   2.016   1.893 0.000
  7.208333   8.208333   2.906   2.023 0.000
 10.208333  11.208333   6.097   3.967 0.000
 13.208333  14.208333   5.179   2.644 0.000
 16.208333  17.208333   2.514   0.246 0.000
 19.208333  20.208333   1.423   1.174 0.000
 22.208333  23.208333   3.012   1.394 0.000
 25.208333  26.208333   2.673   2.234 0.000
 28.208333  29.208333   4.599   2.293 0.000
 31.208333  32.208333   5.560   3.123 0.000
 34.208333  35.208333   5.259   2.998 0.000
 37.208333  38.208333   2.788   1.474 0.000
 40.208333  41.208333   3.017   2.146 0.000
 43.208333  44.208333   3.447   1.886 0.000
 46.208333  47.208333   3.972   2.350 0.000
 49.208333  50.208333   1.541   1.061 0.000
 52.208333  53.208333   0.773   0.770 0.000
 55.208333  56.208333   4.013   2.090 0.000
 58.208333  59.208333   3.010   2.584 0.000
 61.208333  62.208333   2.486   1.659 0.000
 64.208333  65.208333   3.187   1.532 0.000
 67.208333  68.208333   3.371   2.055 0.000
 70.208333  71.208333   5.040   2.224 0.000
 73.208333  74.208333   5.002   2.146 0.000
 76.208333  77.208333   7.391   4.325 0.000
 79.208333  80.208333   3.328   1.934 0.000
 82.208333  83.208333   1.831   1.431 0.000
 85.208333  86.208333   4.030   2.453 0.000
 88.208333  89.208333   1.070   0.619 0.000
 91.208333  92.208333   3.187   1.965 0.000
 94.208333  95.208333   6.308   3.567 0.000
 97.208333  98.208333   4.284   2.401 0.000
100.208333 101.208333   4.746   3.144 0.000
103.208333 104.208333   5.961   2.984 0.000
106.208333 107.208333   5.347   2.802 0.000
109.208333 110.208333   3.811   2.071 0.000
112.208333 113.208333   7.842   6.382 0.000
115.208333 116.208333   5.048   3.362 0.000
118.208333 119.208333   3.064   1.766 0.000
121.208333 122.208333  19.267  14.014 0.000
124.208333 125.208333   5.600   2.925 0.000
127.208333 128.208333   3.356   2.145 0.000
130.208333 131.208333   4.990   2.509 0.000
133.208333 134.208333   7.866   3.851 0.000
136.208333 137.208333   7.046   2.487 0.000
139.208333 140.208333   8.110   3.209 0.000
142.208333 143.208333   9.556   4.178 0.000
145.208333 146.208333  10.796   6.556 0.000
148.208333 149.208333   9.348   4.582 0.000
151.208333 152.208333  24.000  18.279 0.000
154.208333 155.208333   6.039   2.344 0.000
157.208333 158.208333   5.284   1.840 0.000
160.208333 161.208333   8.631   2.899 0.000
163.208333 164.208333 999.999   3.100 0.000
166.208333 167.208333 999.999   9.027 0.000
169.208333 170.208333 999.999  10.287 0.000
172.208333 173.208333 999.999   5.998 0.000
175.208333 176.208333 999.999   6.219 0.000
178.208333 179.208333 999.999   8.630 0.000
181.208333 182.208333 999.999   2.069 0.000
184.208333 185.208333 999.999   8.845 0.000
187.208333 188.208333 999.999  13.667 0.000
190.208333 191.208333   4.449   3.178 0.000
193.208333 194.208333   4.114   2.994 0.000
196.208333 197.208333   4.500   3.194 0.000
199.208333 200.208333   6.793   4.425 0.000
202.208333 203.208333   7.555   4.681 0.000
205.208333 206.208333   3.887   2.156 0.000
208.208333 209.208333  12.537   8.492 0.000
211.208333 212.208333   4.362   2.381 0.000
214.208333 215.208333  11.279   6.426 0.000
217.208333 218.208333  11.991   8.657 0.000
220.208333 221.208333  12.982   9.509 0.000
223.208333 224.208333   3.955   2.055 0.000
226.208333 227.208333   5.416   3.337 0.000
229.208333 230.208333   9.693   5.578 0.000
232.208333 233.208333   7.131   4.443 0.000
235.208333 236.208333   5.566   1.906 0.000
238.208333 239.208333   6.089   2.938 0.000
241.208333 242.208333  18.260  10.450 0.000
244.208333 245.208333  27.003  22.000 0.000
247.208333 248.208333   5.363   2.277 0.000
250.208333 251.208333  11.973   8.656 0.000
253.208333 254.208333   2.446   1.075 0.000
256.208333 257.208333   5.539   3.593 0.000
259.208333 260.208333   2.367   1.310 0.000
262.208333 263.208333   4.525   2.325 0.000
265.208333 266.208333   5.069   2.110 0.000
268.208333 269.208333   5.431   1.869 0.000
271.208333 272.208333  10.943   5.696 0.000
274.208333 275.208333   4.224   1.507 0.000
277.208333 278.208333   8.084   3.256 0.000
280.208333 281.208333   5.331   1.751 0.000
283.208333 284.208333   3.896   1.935 0.000
286.208333 287.208333   5.421   2.044 0.000
289.208333 290.208333   4.832   2.356 0.000
292.208333 293.208333   8.668   3.600 0.000
295.208333 296.208333   2.961   1.640 0.000
298.208333 299.208333   3.712   2.328 0.000
301.208333 302.208333   6.162   2.857 0.000
304.208333 305.208333   2.638   1.172 0.000
307.208333 308.208333   4.926   2.036 0.000
310.208333 311.208333   2.406   1.697 0.000
313.208333 314.208333   3.958   1.761 0.000
316.208333 317.208333   5.574   3.627 0.000
319.208333 320.208333   3.909   2.008 0.000
322.208333 323.208333   2.133   1.430 0.000
325.208333 326.208333   2.985   1.673 0.000
328.208333 329.208333   2.186   1.122 0.000
331.208333 332.208333   3.356   2.237 0.000
334.208333 335.208333   8.092   3.366 0.000
337.208333 338.208333   0.637   0.347 0.000
340.208333 341.208333   1.897   1.439 0.000
343.208333 344.208333   4.426   2.925 0.000
346.208333 347.208333   4.472   2.498 0.000
349.208333 350.208333   5.247   3.171 0.000
352.208333 353.208333   7.034   5.851 0.000
355.208333 356.208333   1.536   0.977 0.000
358.208333 359.208333   2.507   1.547 0.000
361.208333 362.208333   0.917   0.806 0.000
364.208333 365.208333   6.286   4.366 0.000
