scripts/IMPROVE-2019_partial/data/US2098R.20040101050000.20191216000000.filterpack..pm25.52w.1w.US03L_filterpack_US2098.US03L_IMPROVE_Davis.lev2.nas
66 1001
MISSING INFORMATION
US03L, IMPROVE, , , , , , , 
MISSING INFORMATION
IMPROVE sel_HTAP
1 1
2004 01 01 2019 12 16
3.000000
days from file reference point
27
1 1 1 1 1 1 1 1 1 1 1 1 1 1 1 1 1 1 1 1 1 1 1 1 1 1 1
999.999999 999.99 9.999 99.99 9.999 9.999 9.999 99.99 9.999 9.999 9.999 99.999 9.999 99.999 9.999 999.99 9.999 999.999 9.999 99.999 9.999 999.999 9.999 9.999 9.999 99.999 9.999
end_time of measurement, days from the file reference point
iron, ng/m3, Revision date=20181210133000
numflag iron, no unit, Revision date=20181210133000
lead, ng/m3, Revision date=20181210133000
numflag lead, no unit, Revision date=20181210133000
magnesium, ug/m3, Revision date=20181210133000
numflag magnesium, no unit, Revision date=20181210133000
nickel, ng/m3, Revision date=20181210133000
numflag nickel, no unit, Revision date=20181210133000
nitrate, ug N/m3, Revision date=20181210133000
numflag nitrate, no unit, Revision date=20181210133000
organic_carbon, ug C/m3, Revision date=20181210133000
numflag organic_carbon, no unit, Revision date=20181210133000
organic_mass, ug/m3, Revision date=20181210133000
numflag organic_mass, no unit, Revision date=20181210133000
phosphorus, ng/m3, Revision date=20181210133000
numflag phosphorus, no unit, Revision date=20181210133000
pm10_mass, ug/m3, Version=2, Version description=Data extracted from http://views.cira.colostate.edu/fed/DataWizard 2019-12-16, Sample duration=1d, Orig. time res.=3d, Matrix=pm10, Blank correction=Blank corrected, Volume std. temperature=ambient, Volume std. pressure=ambient
numflag pm10_mass, no unit, Version=2, Version description=Data extracted from http://views.cira.colostate.edu/fed/DataWizard 2019-12-16, Sample duration=1d, Orig. time res.=3d, Matrix=pm10, Blank correction=Blank corrected, Volume std. temperature=ambient, Volume std. pressure=ambient
pm10_pm25_mass, ug/m3, Revision date=20181210133000, Matrix=pm10_pm25
numflag pm10_pm25_mass, no unit, Revision date=20181210133000, Matrix=pm10_pm25
pm25_mass, ug/m3, Version=2, Version description=Data extracted from http://views.cira.colostate.edu/fed/DataWizard 2019-12-16, Sample duration=1d, Orig. time res.=3d, Blank correction=Blank corrected, Volume std. temperature=ambient, Volume std. pressure=ambient
numflag pm25_mass, no unit, Version=2, Version description=Data extracted from http://views.cira.colostate.edu/fed/DataWizard 2019-12-16, Sample duration=1d, Orig. time res.=3d, Blank correction=Blank corrected, Volume std. temperature=ambient, Volume std. pressure=ambient
potassium, ug/m3, Revision date=20181210133000
numflag potassium, no unit, Revision date=20181210133000
sulphate_total, ug S/m3, Revision date=20181210133000
numflag sulphate_total, no unit, Revision date=20181210133000
0
25
Data definition:              EBAS_1.1
Set type code:                TU
Timezone:                     UTC
File name:                    US2098R.20040101050000.20191216000000.filterpack..pm25.52w.1w.US03L_filterpack_US2098.US03L_IMPROVE_Davis.lev2.nas
File creation:                20191218120351
Startdate:                    20040101050000
Revision date:                20191216000000
Statistics:                   arithmetic mean
Data level:                   2
Period code:                  52w
Resolution code:              1w
Station code:                 US2098R
Platform code:                US2098S
Station name:                 Acadia National Park-McFarland Hill (ME98)
Station latitude:             44.3772
Station longitude:            -68.2608
Station altitude:             150.0 m
Regime:                       IMG
Component:                    
Matrix:                       pm25
Laboratory code:              US03L
Instrument type:              filterpack
Instrument name:              filterpack_US2098
Method ref:                   US03L_IMPROVE_Davis
starttime endtime Fe flag_Fe Pb flag_Pb Mg++ flag_Mg++ Ni flag_Ni NO3- flag_NO3- OC flag_OC OM flag_OM P flag_P PM10 flag_PM10 PM10-PM2.5 flag_PM10-PM2.5 PM2.5 flag_PM2.5 K+ flag_K+ SO4-- flag_SO4--
[from data line 86]
258.208333 259.208333   6.78 0.000  0.20 0.000 9.999 0.259  0.41 0.000 0.045 0.000  0.616 0.000  0.862 0.000 999.99 0.259   6.407 0.000  3.918 0.000   2.489 0.000 0.013 0.000  0.217 0.000
261.208333 262.208333   5.52 0.000  0.61 0.000 0.077 0.000  0.25 0.000 0.017 0.000  0.743 0.000  1.040 0.000 999.99 0.259   3.514 0.000  1.116 0.000   2.398 0.000 0.011 0.000  0.236 0.000
264.208333 265.208333  20.32 0.000  0.58 0.000 9.999 0.259  0.27 0.000 0.022 0.000  1.100 0.000  1.540 0.000 999.99 0.259   5.887 0.000  3.233 0.000   2.654 0.000 0.024 0.000  0.102 0.000
267.208333 268.208333  23.36 0.000  0.43 0.000 9.999 0.259  0.36 0.000 0.019 0.000  0.966 0.000  1.353 0.000 999.99 0.259   7.232 0.000  4.356 0.000   2.876 0.000 0.021 0.000  0.151 0.000
270.208333 271.208333  10.75 0.000  1.45 0.000 9.999 0.259  0.71 0.000 0.027 0.000  1.623 0.000  2.273 0.000 999.99 0.259   8.432 0.000  2.877 0.000   5.556 0.000 0.023 0.000  0.639 0.000
273.208333 274.208333  11.58 0.000  0.72 0.000 9.999 0.259  0.21 0.000 0.017 0.000  0.847 0.000  1.186 0.000 999.99 0.259   5.013 0.000  3.077 0.000   1.936 0.000 0.015 0.000  0.060 0.000
276.208333 277.208333   5.69 0.000  0.73 0.000 0.102 0.000  0.59 0.000 0.021 0.000  0.568 0.000  0.795 0.000 999.99 0.259   4.574 0.000  1.642 0.000   2.932 0.000 0.013 0.000  0.396 0.000
279.208333 280.208333  13.02 0.000  1.22 0.000 9.999 0.259  0.42 0.000 0.063 0.000  0.613 0.000  0.858 0.000 999.99 0.259   5.167 0.000  2.396 0.000   2.771 0.000 0.016 0.000  0.322 0.000
282.208333 283.208333  29.77 0.000  1.71 0.000 0.123 0.000  0.94 0.000 0.164 0.000  0.862 0.000  1.207 0.000 999.99 0.259  11.630 0.000  4.112 0.000   7.518 0.000 0.031 0.000  1.111 0.000
285.208333 286.208333   2.20 0.000  1.37 0.000 0.132 0.000  0.07 0.000 0.006 0.000  0.375 0.000  0.525 0.000 999.99 0.259   1.886 0.000  0.975 0.000   0.912 0.000 0.009 0.000  0.070 0.000
288.208333 289.208333   3.80 0.000  0.22 0.000 0.098 0.000  0.47 0.000 0.015 0.000  0.732 0.000  1.024 0.000 999.99 0.259   3.183 0.000  0.858 0.000   2.325 0.000 0.008 0.000  0.176 0.000
291.208333 292.208333   5.28 0.000  0.98 0.000 9.999 0.259  0.26 0.000 0.010 0.000  0.838 0.000  1.174 0.000 999.99 0.259   3.307 0.000  1.139 0.000   2.168 0.000 0.012 0.000  0.257 0.000
294.208333 295.208333   6.58 0.000  0.76 0.000 0.118 0.000  0.19 0.000 0.026 0.000  0.734 0.000  1.027 0.000 999.99 0.259   4.117 0.000  1.586 0.000   2.531 0.000 0.036 0.000  0.175 0.000
297.208333 298.208333   3.37 0.000  0.37 0.000 9.999 0.259  0.26 0.000 0.042 0.000  0.529 0.000  0.741 0.000 999.99 0.259   7.069 0.000  2.543 0.000   4.526 0.000 0.036 0.000  0.754 0.000
300.208333 301.208333  11.76 0.000  0.80 0.000 9.999 0.259  0.46 0.000 0.027 0.000  1.416 0.000  1.982 0.000 999.99 0.259   6.903 0.000  1.664 0.000   5.239 0.000 0.030 0.000  0.467 0.000
303.208333 304.208333  12.29 0.000  0.90 0.000 9.999 0.259  0.51 0.000 0.066 0.000  0.984 0.000  1.378 0.000 999.99 0.259   5.780 0.000  1.856 0.000   3.924 0.000 0.030 0.000  0.323 0.000
306.208333 307.208333   2.81 0.000  0.26 0.000 9.999 0.259 99.99 0.259 0.027 0.000  0.477 0.000  0.668 0.000 999.99 0.259   2.744 0.000  1.108 0.000   1.636 0.000 0.016 0.000  0.126 0.000
309.208333 310.208333   3.01 0.000  0.75 0.000 0.126 0.000  0.09 0.000 0.009 0.000  0.189 0.000  0.265 0.000 999.99 0.259   2.703 0.000  1.156 0.000   1.547 0.000 0.011 0.000  0.121 0.000
312.208333 313.208333   6.58 0.000  0.96 0.000 9.999 0.259  0.26 0.000 0.042 0.000  0.767 0.000  1.074 0.000 999.99 0.259   3.998 0.000  0.853 0.000   3.145 0.000 0.019 0.000  0.314 0.000
315.208333 316.208333  28.18 0.000  1.71 0.000 9.999 0.259  1.51 0.000 0.279 0.000  1.293 0.000  1.811 0.000 999.99 0.259  12.475 0.000  5.345 0.000   7.130 0.000 0.044 0.000  0.560 0.000
318.208333 319.208333  10.10 0.000  1.27 0.000 9.999 0.259  0.18 0.000 0.040 0.000  0.704 0.000  0.985 0.000 999.99 0.259   3.769 0.000  1.157 0.000   2.612 0.000 0.028 0.000  0.254 0.000
321.208333 322.208333  20.56 0.000  1.02 0.000 0.093 0.000  0.41 0.000 0.051 0.000  0.670 0.000  0.938 0.000 999.99 0.259   5.303 0.000  2.278 0.000   3.025 0.000 0.030 0.000  0.272 0.000
324.208333 325.208333   3.29 0.000  0.83 0.000 9.999 0.259  0.08 0.000 0.011 0.000  0.484 0.000  0.678 0.000 999.99 0.259   2.075 0.000  0.501 0.000   1.574 0.000 0.011 0.000  0.183 0.000
327.208333 328.208333   8.31 0.000  0.85 0.000 0.078 0.000  0.35 0.000 0.037 0.000  0.747 0.000  1.046 0.000 999.99 0.259   5.200 0.000  1.340 0.000   3.859 0.000 0.031 0.000  0.486 0.000
330.208333 331.208333   5.33 0.000  0.94 0.000 0.136 0.000  0.24 0.000 0.019 0.000  0.385 0.000  0.539 0.000 999.99 0.259   2.684 0.000  1.081 0.000   1.603 0.000 0.017 0.000  0.164 0.000
333.208333 334.208333   3.76 0.000  0.58 0.000 9.999 0.259  0.19 0.000 0.009 0.000  0.423 0.000  0.592 0.000 999.99 0.259   2.828 0.000  0.720 0.000   2.108 0.000 0.011 0.000  0.290 0.000
336.208333 337.208333   7.71 0.000  1.60 0.000 0.077 0.000  0.23 0.000 0.012 0.000  0.958 0.000  1.342 0.000 999.99 0.259   2.869 0.000  0.752 0.000   2.118 0.000 0.017 0.000  0.324 0.000
339.208333 340.208333  22.06 0.000  2.72 0.000 9.999 0.259  1.00 0.000 0.279 0.000  0.996 0.000  1.395 0.000 999.99 0.259   6.563 0.000  1.693 0.000   4.870 0.000 0.033 0.000  0.453 0.000
342.208333 343.208333   2.09 0.000  0.67 0.000 9.999 0.259  0.33 0.000 0.026 0.000  0.898 0.000  1.257 0.000 999.99 0.259   2.147 0.000  0.745 0.000   1.401 0.000 0.015 0.000  0.202 0.000
345.208333 346.208333   0.78 0.000  0.68 0.000 9.999 0.259  0.44 0.000 0.030 0.000  0.168 0.000  0.234 0.000 999.99 0.259   1.372 0.000  0.210 0.000   1.163 0.000 0.007 0.000  0.211 0.000
348.208333 349.208333   7.97 0.000  1.43 0.000 9.999 0.259  0.76 0.000 0.089 0.000  0.945 0.000  1.323 0.000 999.99 0.259   4.117 0.000  0.931 0.000   3.185 0.000 0.031 0.000  0.451 0.000
351.208333 352.208333  44.16 0.000  6.47 0.000 0.253 0.000  3.29 0.000 0.290 0.000  1.150 0.000  1.611 0.000 999.99 0.259  11.179 0.000  4.172 0.000   7.007 0.000 0.053 0.000  0.596 0.000
354.208333 355.208333  15.53 0.000  1.06 0.000 9.999 0.259  0.47 0.000 0.183 0.000  0.618 0.000  0.865 0.000  14.97 0.000   4.218 0.000  0.698 0.000   3.519 0.000 0.047 0.000  0.341 0.000
357.208333 358.208333  13.87 0.000  0.64 0.000 9.999 0.259  0.61 0.000 0.155 0.000  0.722 0.000  1.011 0.000 999.99 0.259  15.719 0.000  7.540 0.000   8.179 0.000 0.062 0.000  0.826 0.000
360.208333 361.208333   8.28 0.000  1.33 0.000 9.999 0.259  0.31 0.000 0.067 0.000  0.532 0.000  0.744 0.000 999.99 0.259   6.816 0.000  4.143 0.000   2.673 0.000 0.054 0.000  0.339 0.000
363.208333 364.208333  27.09 0.000  3.39 0.000 9.999 0.259  2.67 0.000 0.230 0.000  1.175 0.000  1.645 0.000 999.99 0.259   6.917 0.000 99.999 0.259   7.177 0.000 0.043 0.000  0.803 0.000
