scripts/IMPROVE-2019_partial/data/US2096R.20020102050000.20191216000000.filterpack..pm25.52w.1w.US03L_filterpack_US2096.US03L_IMPROVE_Davis.lev2.nas
66 1001
MISSING INFORMATION
US03L, IMPROVE, , , , , , , 
MISSING INFORMATION
IMPROVE sel_HTAP
1 1
2002 01 01 2019 12 16
3.000000
days from file reference point
27
1 1 1 1 1 1 1 1 1 1 1 1 1 1 1 1 1 1 1 1 1 1 1 1 1 1 1
999.999999 9999.99 9.999 999.99 9.999 9.999 9.999999 99.99 9.999 9.999 9.999 99.999 9.999 999.999 9.999 999.99 9.999999 999.999 9.999 99.999 9.999 999.999 9.999 9.999 9.999 99.999 9.999
end_time of measurement, days from the file reference point
iron, ng/m3, Revision date=20181210133000
numflag iron, no unit, Revision date=20181210133000
lead, ng/m3, Revision date=20181210133000
numflag lead, no unit, Revision date=20181210133000
magnesium, ug/m3, Revision date=20181210133000
numflag magnesium, no unit, Revision date=20181210133000
nickel, ng/m3, Revision date=20181210133000
numflag nickel, no unit, Revision date=20181210133000
nitrate, ug N/m3, Revision date=20181210133000
numflag nitrate, no unit, Revision date=20181210133000
organic_carbon, ug C/m3, Revision date=20181210133000
numflag organic_carbon, no unit, Revision date=20181210133000
organic_mass, ug/m3, Revision date=20181210133000
numflag organic_mass, no unit, Revision date=20181210133000
phosphorus, ng/m3, Revision date=20181210133000
numflag phosphorus, no unit, Revision date=20181210133000
pm10_mass, ug/m3, Version=2, Version description=Data extracted from http://views.cira.colostate.edu/fed/DataWizard 2019-12-16, Sample duration=1d, Orig. time res.=3d, Matrix=pm10, Blank correction=Blank corrected, Volume std. temperature=ambient, Volume std. pressure=ambient
numflag pm10_mass, no unit, Version=2, Version description=Data extracted from http://views.cira.colostate.edu/fed/DataWizard 2019-12-16, Sample duration=1d, Orig. time res.=3d, Matrix=pm10, Blank correction=Blank corrected, Volume std. temperature=ambient, Volume std. pressure=ambient
pm10_pm25_mass, ug/m3, Revision date=20181210133000, Matrix=pm10_pm25
numflag pm10_pm25_mass, no unit, Revision date=20181210133000, Matrix=pm10_pm25
pm25_mass, ug/m3, Version=2, Version description=Data extracted from http://views.cira.colostate.edu/fed/DataWizard 2019-12-16, Sample duration=1d, Orig. time res.=3d, Blank correction=Blank corrected, Volume std. temperature=ambient, Volume std. pressure=ambient
numflag pm25_mass, no unit, Version=2, Version description=Data extracted from http://views.cira.colostate.edu/fed/DataWizard 2019-12-16, Sample duration=1d, Orig. time res.=3d, Blank correction=Blank corrected, Volume std. temperature=ambient, Volume std. pressure=ambient
potassium, ug/m3, Revision date=20181210133000
numflag potassium, no unit, Revision date=20181210133000
sulphate_total, ug S/m3, Revision date=20181210133000
numflag sulphate_total, no unit, Revision date=20181210133000
0
25
Data definition:              EBAS_1.1
Set type code:                TU
Timezone:                     UTC
File name:                    US2096R.20020102050000.20191216000000.filterpack..pm25.52w.1w.US03L_filterpack_US2096.US03L_IMPROVE_Davis.lev2.nas
File creation:                20191218120344
Startdate:                    20020102050000
Revision date:                20191216000000
Statistics:                   arithmetic mean
Data level:                   2
Period code:                  52w
Resolution code:              1w
Station code:                 US2096R
Platform code:                US2096S
Station name:                 Casco Bay-Wolfe's Neck Farm (ME96)
Station latitude:             43.8325
Station longitude:            -70.0645
Station altitude:             15.0 m
Regime:                       IMG
Component:                    
Matrix:                       pm25
Laboratory code:              US03L
Instrument type:              filterpack
Instrument name:              filterpack_US2096
Method ref:                   US03L_IMPROVE_Davis
starttime endtime Fe flag_Fe Pb flag_Pb Mg++ flag_Mg++ Ni flag_Ni NO3- flag_NO3- OC flag_OC OM flag_OM P flag_P PM10 flag_PM10 PM10-PM2.5 flag_PM10-PM2.5 PM2.5 flag_PM2.5 K+ flag_K+ SO4-- flag_SO4--
[from data line 82]
247.208333 248.208333   15.18 0.000   1.05 0.000 9.999 0.259000  0.22 0.000 0.022 0.000  0.725 0.000   1.015 0.000 999.99 0.259000   6.614 0.000  3.945 0.000   2.669 0.000 0.017 0.000  0.206 0.000
250.208333 251.208333   41.93 0.000   5.46 0.000 9.999 0.259000  1.84 0.000 0.100 0.000  3.730 0.000   5.222 0.000 999.99 0.259000  16.550 0.000  4.754 0.000  11.796 0.000 0.090 0.000  0.836 0.000
253.208333 254.208333   30.50 0.000   1.95 0.000 9.999 0.259000  1.52 0.000 0.066 0.000  1.728 0.000   2.420 0.000 999.99 0.259000  16.800 0.000  4.120 0.000  12.680 0.000 0.027 0.000  1.718 0.000
256.208333 257.208333   13.49 0.000   1.78 0.000 9.999 0.259000  0.72 0.000 0.082 0.000  1.114 0.000   1.560 0.000 999.99 0.259000  11.002 0.000  3.755 0.000   7.248 0.000 0.026 0.000  0.937 0.000
259.208333 260.208333    6.95 0.000   1.27 0.000 9.999 0.259000  0.85 0.000 0.072 0.000  1.011 0.000   1.416 0.000 999.99 0.259000   8.229 0.000  3.298 0.000   4.930 0.000 0.016 0.000  0.617 0.000
262.208333 263.208333   33.89 0.000   2.52 0.000 0.038 0.000000  1.54 0.000 0.264 0.000  1.588 0.000   2.223 0.000 999.99 0.259000  17.444 0.000  6.099 0.000  11.345 0.000 0.033 0.000  1.460 0.000
265.208333 266.208333    5.65 0.000   1.14 0.000 9.999 0.259000  0.55 0.000 0.045 0.000  0.794 0.000   1.111 0.000 999.99 0.259000   7.479 0.000  3.425 0.000   4.053 0.000 0.019 0.000  0.501 0.000
268.208333 269.208333    9.72 0.000   2.51 0.000 9.999 0.259000  0.78 0.000 0.061 0.000  1.838 0.000   2.573 0.000 999.99 0.259000  10.271 0.000  4.817 0.000   5.454 0.000 0.023 0.000  0.368 0.000
271.208333 272.208333    5.85 0.000   1.17 0.000 9.999 0.259000  0.54 0.000 0.026 0.000  0.997 0.000   1.396 0.000  13.42 0.000000   6.612 0.000  3.852 0.000   2.760 0.000 0.026 0.000  0.187 0.000
274.208333 275.208333   52.18 0.000   3.03 0.000 9.999 0.259000  1.54 0.000 0.089 0.000  2.692 0.000   3.769 0.000 999.99 0.259000  29.555 0.000  6.894 0.000  22.661 0.000 0.053 0.000  4.066 0.000
277.208333 278.208333    9.62 0.000   1.30 0.000 9.999 0.259000  0.50 0.000 0.064 0.000  1.164 0.000   1.630 0.000 999.99 0.259000  14.344 0.000  7.936 0.000   6.408 0.000 0.035 0.000  1.079 0.000
280.208333 281.208333    7.47 0.000   1.11 0.000 9.999 0.259000  0.30 0.000 0.010 0.000  0.705 0.000   0.987 0.000 999.99 0.259000   4.538 0.000  2.564 0.000   1.975 0.000 0.017 0.000  0.184 0.000
283.208333 284.208333    7.53 0.000   0.78 0.000 9.999 0.259000  0.49 0.000 0.049 0.000  0.865 0.000   1.211 0.000 999.99 0.259000   7.942 0.000  4.928 0.000   3.014 0.000 0.024 0.000  0.327 0.000
286.208333 287.208333    3.45 0.000   0.46 0.000 9.999 0.259000  0.23 0.000 0.009 0.000  0.532 0.000   0.745 0.000 999.99 0.259000   3.826 0.000  2.164 0.000   1.662 0.000 0.016 0.000  0.166 0.000
289.208333 290.208333    3.11 0.000   0.49 0.000 0.019 0.000000  0.36 0.000 0.040 0.000  0.506 0.000   0.708 0.000 999.99 0.259000   4.630 0.000  3.080 0.000   1.550 0.000 0.013 0.000  0.099 0.000
292.208333 293.208333    7.01 0.000   1.94 0.000 9.999 0.259000  0.27 0.000 0.030 0.000  0.864 0.000   1.209 0.000 999.99 0.259000   5.815 0.000  1.804 0.000   4.011 0.000 0.020 0.000  0.591 0.000
295.208333 296.208333    9.11 0.000   2.44 0.000 9.999 0.259000  0.48 0.000 0.039 0.000  1.061 0.000   1.485 0.000 999.99 0.259000   4.491 0.000  1.421 0.000   3.070 0.000 0.022 0.000  0.299 0.000
298.208333 299.208333   13.55 0.000   0.97 0.000 9.999 0.259000  0.55 0.000 0.039 0.000  0.937 0.000   1.311 0.000 999.99 0.259000   4.853 0.000  2.379 0.000   2.474 0.000 0.019 0.000  0.240 0.000
301.208333 302.208333    4.72 0.000   0.76 0.000 9.999 0.259000  0.56 0.000 0.012 0.000  0.550 0.000   0.770 0.000 999.99 0.259000   2.748 0.000  0.864 0.000   1.883 0.000 0.011 0.000  0.235 0.000
304.208333 305.208333   11.82 0.000   1.65 0.000 9.999 0.259000  0.63 0.000 0.051 0.000  1.369 0.000   1.917 0.000 999.99 0.259000   4.811 0.000  1.037 0.000   3.774 0.000 0.023 0.000  0.419 0.000
307.208333 308.208333   10.55 0.000   1.78 0.000 9.999 0.259000  1.06 0.000 0.119 0.000  2.096 0.000   2.935 0.000 999.99 0.259000   6.733 0.000  1.412 0.000   5.321 0.000 0.030 0.000  0.435 0.000
310.208333 311.208333    6.06 0.000   1.16 0.000 9.999 0.259000  0.32 0.000 0.043 0.000  0.896 0.000   1.254 0.000 999.99 0.259000   4.016 0.000  1.299 0.000   2.717 0.000 0.016 0.000  0.365 0.000
313.208333 314.208333   17.58 0.000   1.82 0.000 0.033 0.000000  1.59 0.000 0.339 0.000  1.881 0.000   2.633 0.000 999.99 0.259000  20.542 0.000  7.551 0.000  12.991 0.000 0.068 0.000  1.395 0.000
316.208333 317.208333    4.77 0.000   2.27 0.000 0.013 0.000000  0.31 0.000 0.040 0.000  1.035 0.000   1.449 0.000 999.99 0.259000   3.992 0.000  1.071 0.000   2.921 0.000 0.019 0.000  0.330 0.000
319.208333 320.208333    4.88 0.000   0.71 0.000 9.999 0.259000  0.35 0.000 0.027 0.000  0.726 0.000   1.016 0.000 999.99 0.259000   3.305 0.000  1.384 0.000   1.921 0.000 0.019 0.000  0.248 0.000
322.208333 323.208333   12.14 0.000   1.12 0.000 9.999 0.259000  0.52 0.000 0.032 0.000  1.151 0.000   1.611 0.000 999.99 0.259000   4.566 0.000  1.283 0.000   3.283 0.000 0.029 0.000  0.341 0.000
325.208333 326.208333    3.70 0.000   3.05 0.000 0.031 0.000000  0.67 0.000 0.038 0.000  1.341 0.000   1.878 0.000 999.99 0.259000   3.807 0.000  0.425 0.000   3.382 0.000 0.034 0.000  0.293 0.000
328.208333 329.208333    7.45 0.000   0.95 0.000 9.999 0.259000  0.21 0.000 0.040 0.000  1.138 0.000   1.593 0.000 999.99 0.259000   4.351 0.000  0.968 0.000   3.383 0.000 0.021 0.000  0.327 0.000
331.208333 332.208333    6.54 0.000   0.78 0.000 9.999 0.259000  0.18 0.000 0.041 0.000  0.757 0.000   1.060 0.000 999.99 0.259000   3.241 0.000  1.056 0.000   2.185 0.000 0.018 0.000  0.200 0.000
334.208333 335.208333    9.68 0.000   2.39 0.000 9.999 0.259000  0.44 0.000 0.141 0.000  1.926 0.000   2.697 0.000 999.99 0.259000   7.492 0.000  1.095 0.000   6.396 0.000 0.043 0.000  0.507 0.000
337.208333 338.208333   10.79 0.000   1.45 0.000 0.012 0.000000  0.29 0.000 0.051 0.000  0.754 0.000   1.055 0.000 999.99 0.259000   5.261 0.000  2.827 0.000   2.433 0.000 0.023 0.000  0.233 0.000
340.208333 341.208333   26.27 0.000   4.68 0.000 9.999 0.259000  2.50 0.000 0.417 0.000  3.749 0.000   5.248 0.000 999.99 0.259000  14.990 0.000  2.624 0.000  12.366 0.000 0.063 0.000  1.271 0.000
343.208333 344.208333   45.75 0.000   4.08 0.000 9.999 0.259000  2.88 0.000 0.372 0.000  5.485 0.000   7.679 0.000 999.99 0.259000  19.170 0.000  7.667 0.000  11.503 0.000 0.073 0.000  0.479 0.000
346.208333 347.208333   18.95 0.000   3.33 0.000 9.999 0.259000  0.81 0.000 0.367 0.000  2.341 0.000   3.278 0.000 999.99 0.259000  11.111 0.000  3.059 0.000   8.052 0.000 0.051 0.000  0.492 0.000
349.208333 350.208333    6.59 0.000   0.88 0.000 9.999 0.259000  0.34 0.000 0.032 0.000  0.822 0.000   1.151 0.000 999.99 0.259000   3.872 0.000  1.088 0.000   2.784 0.000 0.020 0.000  0.336 0.000
352.208333 353.208333   52.22 0.000   2.96 0.000 9.999 0.259000  1.63 0.000 0.100 0.000  4.444 0.000   6.221 0.000 999.99 0.259000  16.414 0.000  7.255 0.000   9.159 0.000 0.121 0.000  0.327 0.000
355.208333 356.208333   16.34 0.000   2.01 0.000 9.999 0.259000  0.84 0.000 0.087 0.000  1.260 0.000   1.764 0.000 999.99 0.259000   7.530 0.000  2.600 0.000   4.930 0.000 0.028 0.000  0.643 0.000
358.208333 359.208333    4.90 0.000   0.91 0.000 9.999 0.259000  0.47 0.000 0.157 0.000  1.331 0.000   1.863 0.000 999.99 0.259000   6.061 0.000  1.936 0.000   4.124 0.000 0.039 0.000  0.238 0.000
361.208333 362.208333 9999.99 0.999 999.99 0.999 9.999 0.999000 99.99 0.999 9.999 0.999 99.999 0.999 999.999 0.999 999.99 0.999000 999.999 0.999 99.999 0.999 999.999 0.999 9.999 0.999 99.999 0.999
364.208333 365.208333   14.30 0.000   4.78 0.000 9.999 0.259000  1.32 0.000 0.448 0.000  3.169 0.000   4.436 0.000 999.99 0.259000  10.985 0.000  1.776 0.000   9.209 0.000 0.064 0.000  0.597 0.000
