scripts/IMPROVE-2019_partial/data/US2098R.19960103050000.20191216000000.filterpack...1y.3d.US03L_filterpack_US2098.US03L_IMPROVE_Davis.lev2.nas
51 1001
MISSING INFORMATION
US03L, IMPROVE, , , , , , , 
MISSING INFORMATION
IMPROVE sel_HTAP
1 1
1996 01 01 2019 12 16
0
days from file reference point
4
1 1 1 1
999.999999 999.999 999.999 9.999
end_time of measurement, days from the file reference point
pm10_mass, ug/m3, Matrix=pm10
pm25_mass, ug/m3, Matrix=pm25
numflag, no unit
0
33
Data definition:              EBAS_1.1
Set type code:                TI
Timezone:                     UTC
File name:                    US2098R.19960103050000.20191216000000.filterpack...1y.3d.US03L_filterpack_US2098.US03L_IMPROVE_Davis.lev2.nas
File creation:                20191218120350
Startdate:                    19960103050000
Revision date:                20191216000000
Version:                      2
Version description:          "Data extracted from http://views.cira.colostate.edu/fed/DataWizard 2019-12-16"
Statistics:                   arithmetic mean
Data level:                   2
Period code:                  1y
Resolution code:              3d
Sample duration:              1d
Orig. time res.:              3d
Station code:                 US2098R
Platform code:                US2098S
Station name:                 Acadia National Park-McFarland Hill (ME98)
Station latitude:             44.3772
Station longitude:            -68.2608
Station altitude:             150.0 m
Regime:                       IMG
Component:                    
Unit:                         ug/m3
Matrix:                       
Laboratory code:              US03L
Instrument type:              filterpack
Instrument name:              filterpack_US2098
Method ref:                   US03L_IMPROVE_Davis
Blank correction:             Blank corrected
Volume std. temperature:      ambient
Volume std. pressure:         ambient
starttime endtime PM10 PM2.5 flag
  2.208333   3.208333 999.999 999.999 0.999
  5.208333   6.208333 999.999 999.999 0.999
  9.208333  10.208333 999.999 999.999 0.999
 12.208333  13.208333   4.955   4.136 0.000
 16.208333  17.208333  15.525   5.974 0.000
 19.208333  20.208333   7.312   2.547 0.000
 23.208333  24.208333  12.087   5.808 0.000
 26.208333  27.208333  17.267   8.880 0.000
 30.208333  31.208333  16.569   4.671 0.000
 33.208333  34.208333  11.806   4.111 0.000
 37.208333  38.208333  15.586  10.813 0.000
 40.208333  41.208333  14.761   5.650 0.000
 44.208333  45.208333   8.825   4.831 0.000
 47.208333  48.208333   5.425   4.136 0.000
 51.208333  52.208333  11.599   6.525 0.000
 54.208333  55.208333   0.923   0.532 0.000
 58.208333  59.208333   8.132   5.842 0.000
 61.208333  62.208333  15.857   6.319 0.000
 65.208333  66.208333  14.218   8.873 0.000
 68.208333  69.208333   6.944   4.066 0.000
 72.208333  73.208333  18.929   9.955 0.000
 75.208333  76.208333   6.720   4.292 0.000
 79.208333  80.208333   9.942   3.369 0.000
 82.208333  83.208333   8.541   4.620 0.000
 86.208333  87.208333  17.852   3.875 0.000
 89.208333  90.208333   6.302   3.689 0.000
 93.208333  94.208333   8.895   3.728 0.000
 96.208333  97.208333  10.217   5.961 0.000
100.208333 101.208333   1.925   1.276 0.000
103.208333 104.208333   4.299   2.634 0.000
107.208333 108.208333  11.686   6.088 0.000
110.208333 111.208333  16.278  10.697 0.000
114.208333 115.208333   8.737   3.073 0.000
117.208333 118.208333  10.230   6.588 0.000
121.208333 122.208333   6.339   3.706 0.000
124.208333 125.208333   9.651   7.683 0.000
128.208333 129.208333  10.253   4.785 0.000
131.208333 132.208333   3.138   1.371 0.000
135.208333 136.208333  11.240   7.356 0.000
138.208333 139.208333   3.276   1.854 0.000
142.208333 143.208333  10.124   5.019 0.000
145.208333 146.208333   4.580   1.809 0.000
149.208333 150.208333   6.834   3.708 0.000
152.208333 153.208333  14.264   8.386 0.000
156.208333 157.208333  23.769  10.005 0.000
159.208333 160.208333  22.931  15.219 0.000
163.208333 164.208333  18.636  15.337 0.000
166.208333 167.208333  21.524  16.726 0.000
170.208333 171.208333   8.862   2.637 0.000
173.208333 174.208333   5.058   3.956 0.000
177.208333 178.208333  13.969   6.974 0.000
180.208333 181.208333   5.459   2.571 0.000
184.208333 185.208333   7.772   4.511 0.000
187.208333 188.208333  11.978   7.242 0.000
191.208333 192.208333  11.221   5.767 0.000
194.208333 195.208333  10.695   6.013 0.000
198.208333 199.208333  18.639  11.663 0.000
201.208333 202.208333   7.340   2.730 0.000
205.208333 206.208333   7.268   4.590 0.000
208.208333 209.208333   9.319   7.419 0.000
212.208333 213.208333   4.900   3.047 0.000
215.208333 216.208333  13.818  11.505 0.000
219.208333 220.208333  34.177  33.280 0.000
222.208333 223.208333  16.045  13.418 0.000
226.208333 227.208333  10.507   7.772 0.000
229.208333 230.208333  31.599  28.891 0.000
233.208333 234.208333  14.901  10.490 0.000
236.208333 237.208333  17.415  12.658 0.000
240.208333 241.208333  22.052  11.799 0.000
243.208333 244.208333  16.366   8.712 0.000
247.208333 248.208333  10.529   5.580 0.000
250.208333 251.208333   6.907   3.142 0.000
254.208333 255.208333   9.182   4.030 0.000
257.208333 258.208333   1.973   1.116 0.000
261.208333 262.208333  11.458   6.975 0.000
264.208333 265.208333  10.913   6.510 0.000
268.208333 269.208333   3.984   2.346 0.000
271.208333 272.208333  13.997   5.401 0.000
275.208333 276.208333   9.737   4.650 0.000
278.208333 279.208333   3.601   1.407 0.000
282.208333 283.208333   3.281   1.595 0.000
285.208333 286.208333   7.878   4.278 0.000
289.208333 290.208333   6.413   3.224 0.000
292.208333 293.208333   6.132   3.299 0.000
296.208333 297.208333 999.999  14.984 0.000
299.208333 300.208333   6.865   2.878 0.000
303.208333 304.208333   6.352   1.543 0.000
306.208333 307.208333   9.612   6.322 0.000
310.208333 311.208333  13.436  10.662 0.000
313.208333 314.208333  22.521   9.188 0.000
317.208333 318.208333   9.360   3.565 0.000
320.208333 321.208333   7.096   2.170 0.000
324.208333 325.208333   7.572   4.858 0.000
327.208333 328.208333   9.078   2.721 0.000
331.208333 332.208333   8.277   1.752 0.000
334.208333 335.208333   7.224   4.598 0.000
338.208333 339.208333 999.999 999.999 0.999
341.208333 342.208333 999.999 999.999 0.999
345.208333 346.208333  11.980   7.226 0.000
348.208333 349.208333   2.877   2.002 0.000
352.208333 353.208333  17.868   7.070 0.000
355.208333 356.208333  15.462 999.999 0.000
359.208333 360.208333  14.007   6.691 0.000
362.208333 363.208333  13.171   9.196 0.000
