scripts/IMPROVE-2019_partial/data/US2098R.19990102050000.20191216000000.filterpack...1y.3d.US03L_filterpack_US2098.US03L_IMPROVE_Davis.lev2.nas
51 1001
MISSING INFORMATION
US03L, IMPROVE, , , , , , , 
MISSING INFORMATION
IMPROVE sel_HTAP
1 1
1999 01 01 2019 12 16
0
days from file reference point
4
1 1 1 1
999.999999 999.999 999.999 9.999
end_time of measurement, days from the file reference point
pm10_mass, ug/m3, Matrix=pm10
pm25_mass, ug/m3, Matrix=pm25
numflag, no unit
0
33
Data definition:              EBAS_1.1
Set type code:                TI
Timezone:                     UTC
File name:                    US2098R.19990102050000.20191216000000.filterpack...1y.3d.US03L_filterpack_US2098.US03L_IMPROVE_Davis.lev2.nas
File creation:                20191218120350
Startdate:                    19990102050000
Revision date:                20191216000000
Version:                      2
Version description:          "Data extracted from http://views.cira.colostate.edu/fed/DataWizard 2019-12-16"
Statistics:                   arithmetic mean
Data level:                   2
Period code:                  1y
Resolution code:              3d
Sample duration:              1d
Orig. time res.:              3d
Station code:                 US2098R
Platform code:                US2098S
Station name:                 Acadia National Park-McFarland Hill (ME98)
Station latitude:             44.3772
Station longitude:            -68.2608
Station altitude:             150.0 m
Regime:                       IMG
Component:                    
Unit:                         ug/m3
Matrix:                       
Laboratory code:              US03L
Instrument type:              filterpack
Instrument name:              filterpack_US2098
Method ref:                   US03L_IMPROVE_Davis
Blank correction:             Blank corrected
Volume std. temperature:      ambient
Volume std. pressure:         ambient
starttime endtime PM10 PM2.5 flag
  1.208333   2.208333   4.567   2.904 0.000
  5.208333   6.208333   6.231   3.865 0.000
  8.208333   9.208333 999.999   4.839 0.000
 12.208333  13.208333  10.740   8.276 0.000
 15.208333  16.208333  18.079   7.040 0.000
 19.208333  20.208333   7.176   4.419 0.000
 22.208333  23.208333   5.315   2.999 0.000
 26.208333  27.208333   7.180   4.996 0.000
 29.208333  30.208333   3.472   2.462 0.000
 33.208333  34.208333   6.362   4.399 0.000
 36.208333  37.208333   9.573   6.566 0.000
 40.208333  41.208333   9.272   7.380 0.000
 43.208333  44.208333   5.363   2.828 0.000
 47.208333  48.208333  13.480   5.028 0.000
 50.208333  51.208333   7.562   7.510 0.000
 54.208333  55.208333   8.039   3.630 0.000
 57.208333  58.208333 999.999 999.999 0.999
 61.208333  62.208333  13.434   8.609 0.000
 64.208333  65.208333   5.958   3.360 0.000
 68.208333  69.208333  14.963   3.551 0.000
 71.208333  72.208333   7.891   4.122 0.000
 75.208333  76.208333  14.006   9.291 0.000
 78.208333  79.208333   7.827   2.315 0.000
 82.208333  83.208333  11.639   9.697 0.000
 85.208333  86.208333   8.043   2.940 0.000
 89.208333  90.208333   5.198   2.604 0.000
 92.208333  93.208333   5.354 999.999 0.000
 96.208333  97.208333  16.333   8.736 0.000
 99.208333 100.208333   9.348   6.976 0.000
103.208333 104.208333   6.285   4.059 0.000
106.208333 107.208333   7.025   5.232 0.000
110.208333 111.208333   7.517   3.955 0.000
113.208333 114.208333   4.135   1.526 0.000
117.208333 118.208333   4.295   1.993 0.000
120.208333 121.208333   5.100   2.878 0.000
124.208333 125.208333   1.802   0.992 0.000
127.208333 128.208333   1.821 999.999 0.000
131.208333 132.208333   7.679   3.272 0.000
134.208333 135.208333   4.592   3.182 0.000
138.208333 139.208333  14.188   3.003 0.000
141.208333 142.208333   5.285 999.999 0.000
145.208333 146.208333  19.296   9.596 0.000
148.208333 149.208333   8.167   4.009 0.000
152.208333 153.208333  33.333  21.991 0.000
155.208333 156.208333  12.010   9.885 0.000
159.208333 160.208333  11.136   8.929 0.000
162.208333 163.208333  11.452   4.743 0.000
166.208333 167.208333   3.300   1.488 0.000
169.208333 170.208333   8.211   4.960 0.000
173.208333 174.208333  16.000   9.501 0.000
176.208333 177.208333  21.349  13.670 0.000
180.208333 181.208333   9.514   7.259 0.000
183.208333 184.208333  13.447   8.547 0.000
187.208333 188.208333   8.791   5.059 0.000
190.208333 191.208333  15.414  11.187 0.000
194.208333 195.208333  11.818   6.006 0.000
197.208333 198.208333  55.263  45.577 0.000
201.208333 202.208333   7.114   4.462 0.000
204.208333 205.208333  20.958  15.157 0.000
208.208333 209.208333  20.792  13.826 0.000
211.208333 212.208333  15.802  10.669 0.000
215.208333 216.208333  12.576   6.754 0.000
218.208333 219.208333   5.816   4.072 0.000
222.208333 223.208333  10.309   5.593 0.000
225.208333 226.208333  10.438   6.693 0.000
229.208333 230.208333  20.791  16.856 0.000
232.208333 233.208333   7.538   3.662 0.000
236.208333 237.208333  27.865  16.730 0.000
239.208333 240.208333  15.330  13.321 0.000
243.208333 244.208333   9.745   4.254 0.000
246.208333 247.208333  18.257  12.113 0.000
250.208333 251.208333  12.637   9.280 0.000
253.208333 254.208333  10.614   7.323 0.000
257.208333 258.208333   7.771   4.186 0.000
260.208333 261.208333   4.159   2.537 0.000
264.208333 265.208333 999.999 999.999 0.999
267.208333 268.208333  20.748  13.605 0.000
271.208333 272.208333   7.358   4.703 0.000
274.208333 275.208333   7.721   4.135 0.000
278.208333 279.208333   5.251   2.462 0.000
281.208333 282.208333  14.417   9.130 0.000
285.208333 286.208333   8.510   4.032 0.000
288.208333 289.208333   8.108   3.697 0.000
292.208333 293.208333   5.765   3.584 0.000
295.208333 296.208333   6.810   3.040 0.000
299.208333 300.208333   5.503   4.160 0.000
302.208333 303.208333   4.675   3.583 0.000
306.208333 307.208333  15.536   7.836 0.000
309.208333 310.208333  16.174   7.168 0.000
313.208333 314.208333  17.339  11.195 0.000
316.208333 317.208333   5.517   2.427 0.000
320.208333 321.208333   2.147   0.932 0.000
323.208333 324.208333  10.783   6.655 0.000
327.208333 328.208333   6.451   5.240 0.000
330.208333 331.208333   5.905   2.999 0.000
334.208333 335.208333   3.968   2.077 0.000
337.208333 338.208333  12.897   8.178 0.000
341.208333 342.208333   4.430   3.844 0.000
344.208333 345.208333 999.999   2.560 0.000
348.208333 349.208333   6.783   3.678 0.000
351.208333 352.208333   7.469   3.678 0.000
355.208333 356.208333   8.241   5.916 0.000
358.208333 359.208333   4.912   2.939 0.000
362.208333 363.208333   6.655   4.264 0.000
