scripts/IMPROVE-2019_partial/data/US2098R.19880302050000.20191216000000.filterpack...10mo.3d.US03L_filterpack_US2098.US03L_IMPROVE_Davis.lev2.nas
51 1001
MISSING INFORMATION
US03L, IMPROVE, , , , , , , 
MISSING INFORMATION
IMPROVE sel_HTAP
1 1
1988 01 01 2019 12 16
0
days from file reference point
4
1 1 1 1
999.999999 999.999 999.999 9.999
end_time of measurement, days from the file reference point
pm10_mass, ug/m3, Matrix=pm10
pm25_mass, ug/m3, Matrix=pm25
numflag, no unit
0
33
Data definition:              EBAS_1.1
Set type code:                TI
Timezone:                     UTC
File name:                    US2098R.19880302050000.20191216000000.filterpack...10mo.3d.US03L_filterpack_US2098.US03L_IMPROVE_Davis.lev2.nas
File creation:                20191218120349
Startdate:                    19880302050000
Revision date:                20191216000000
Version:                      2
Version description:          "Data extracted from http://views.cira.colostate.edu/fed/DataWizard 2019-12-16"
Statistics:                   arithmetic mean
Data level:                   2
Period code:                  10mo
Resolution code:              3d
Sample duration:              1d
Orig. time res.:              3d
Station code:                 US2098R
Platform code:                US2098S
Station name:                 Acadia National Park-McFarland Hill (ME98)
Station latitude:             44.3772
Station longitude:            -68.2608
Station altitude:             150.0 m
Regime:                       IMG
Component:                    
Unit:                         ug/m3
Matrix:                       
Laboratory code:              US03L
Instrument type:              filterpack
Instrument name:              filterpack_US2098
Method ref:                   US03L_IMPROVE_Davis
Blank correction:             Blank corrected
Volume std. temperature:      ambient
Volume std. pressure:         ambient
starttime endtime PM10 PM2.5 flag
 61.208333  62.208333  10.913 999.999 0.000
 64.208333  65.208333   9.109   5.533 0.000
 68.208333  69.208333   8.288   3.861 0.000
 71.208333  72.208333   5.725   2.691 0.000
 75.208333  76.208333   6.047   3.729 0.000
 78.208333  79.208333  12.846 999.999 0.000
 82.208333  83.208333   7.812   5.597 0.000
 85.208333  86.208333  13.320 999.999 0.000
 89.208333  90.208333   7.529   4.137 0.000
 92.208333  93.208333  13.686 999.999 0.000
 96.208333  97.208333   7.098   5.633 0.000
 99.208333 100.208333   3.882   2.933 0.000
103.208333 104.208333 999.999 999.999 0.999
106.208333 107.208333 999.999 999.999 0.999
110.208333 111.208333   7.715   5.000 0.000
113.208333 114.208333   3.933   2.683 0.000
117.208333 118.208333 999.999 999.999 0.999
120.208333 121.208333 999.999 999.999 0.999
124.208333 125.208333 999.999 999.999 0.999
127.208333 128.208333 999.999 999.999 0.999
131.208333 132.208333   4.115   3.366 0.000
134.208333 135.208333 999.999 999.999 0.999
138.208333 139.208333   4.721   2.943 0.000
141.208333 142.208333   9.850   8.576 0.000
145.208333 146.208333   5.634   3.205 0.000
148.208333 149.208333  33.684  22.838 0.000
152.208333 153.208333   7.614 999.999 0.000
155.208333 156.208333   6.245   6.026 0.000
159.208333 160.208333  12.022   2.952 0.000
162.208333 163.208333   6.533   4.232 0.000
166.208333 167.208333  43.799  12.921 0.000
169.208333 170.208333  15.878  13.397 0.000
173.208333 174.208333  33.669  27.083 0.000
176.208333 177.208333   9.200   5.796 0.000
180.208333 181.208333 999.999  16.925 0.000
183.208333 184.208333   9.500 999.999 0.000
187.208333 188.208333  39.713  25.110 0.000
190.208333 191.208333  43.102  26.530 0.000
194.208333 195.208333  12.601   7.642 0.000
197.208333 198.208333  15.092   9.560 0.000
201.208333 202.208333  13.596  10.190 0.000
204.208333 205.208333   9.064   7.143 0.000
208.208333 209.208333 999.999  19.646 0.000
211.208333 212.208333  41.312  34.817 0.000
215.208333 216.208333  30.780  27.024 0.000
218.208333 219.208333  20.355  15.375 0.000
222.208333 223.208333 999.999 999.999 0.999
225.208333 226.208333 999.999 999.999 0.999
229.208333 230.208333   5.993   3.301 0.000
232.208333 233.208333   7.426   5.261 0.000
236.208333 237.208333   3.901   2.219 0.000
239.208333 240.208333  20.254  15.460 0.000
243.208333 244.208333   7.201   4.554 0.000
246.208333 247.208333  17.707   9.431 0.000
250.208333 251.208333   7.519   4.313 0.000
253.208333 254.208333  17.731  11.196 0.000
257.208333 258.208333  57.472   3.505 0.000
260.208333 261.208333   9.019   5.523 0.000
264.208333 265.208333 999.999 999.999 0.999
267.208333 268.208333  10.679   6.346 0.000
271.208333 272.208333 999.999 999.999 0.999
274.208333 275.208333 999.999 999.999 0.999
278.208333 279.208333   2.322   1.180 0.000
281.208333 282.208333   3.525   2.541 0.000
285.208333 286.208333   4.731   2.434 0.000
288.208333 289.208333   6.535   4.216 0.000
292.208333 293.208333   5.731   2.769 0.000
295.208333 296.208333   9.112   3.672 0.000
299.208333 300.208333  11.245   7.649 0.000
302.208333 303.208333   6.868   5.567 0.000
306.208333 307.208333   8.390   3.981 0.000
309.208333 310.208333  12.425   9.577 0.000
313.208333 314.208333   4.655   4.628 0.000
316.208333 317.208333   3.382   2.862 0.000
320.208333 321.208333   5.893   3.816 0.000
323.208333 324.208333   3.357   1.831 0.000
327.208333 328.208333   6.882   6.414 0.000
330.208333 331.208333   8.208   7.000 0.000
334.208333 335.208333   8.399   5.642 0.000
337.208333 338.208333  11.566   9.932 0.000
341.208333 342.208333 999.999 999.999 0.999
344.208333 345.208333   7.164   5.730 0.000
348.208333 349.208333  11.212   7.158 0.000
351.208333 352.208333   5.758   4.623 0.000
355.208333 356.208333 999.999 999.999 0.999
358.208333 359.208333   5.644   5.385 0.000
362.208333 363.208333  14.647  11.919 0.000
365.208333 366.208333 999.999 999.999 0.999
