scripts/IMPROVE-2019_partial/data/US2096R.20080101050000.20191216000000.filterpack...52w.3d.US03L_filterpack_US2096.US03L_IMPROVE_Davis.lev2.nas
51 1001
MISSING INFORMATION
US03L, IMPROVE, , , , , , , 
MISSING INFORMATION
IMPROVE sel_HTAP
1 1
2008 01 01 2019 12 16
3.000000
days from file reference point
4
1 1 1 1
999.999999 999.999 999.999 9.999
end_time of measurement, days from the file reference point
pm10_mass, ug/m3, Matrix=pm10
pm25_mass, ug/m3, Matrix=pm25
numflag, no unit
0
33
Data definition:              EBAS_1.1
Set type code:                TU
Timezone:                     UTC
File name:                    US2096R.20080101050000.20191216000000.filterpack...52w.3d.US03L_filterpack_US2096.US03L_IMPROVE_Davis.lev2.nas
File creation:                20191218120346
Startdate:                    20080101050000
Revision date:                20191216000000
Version:                      2
Version description:          "Data extracted from http://views.cira.colostate.edu/fed/DataWizard 2019-12-16"
Statistics:                   arithmetic mean
Data level:                   2
Period code:                  52w
Resolution code:              3d
Sample duration:              1d
Orig. time res.:              3d
Station code:                 US2096R
Platform code:                US2096S
Station name:                 Casco Bay-Wolfe's Neck Farm (ME96)
Station latitude:             43.8325
Station longitude:            -70.0645
Station altitude:             15.0 m
Regime:                       IMG
Component:                    
Unit:                         ug/m3
Matrix:                       
Laboratory code:              US03L
Instrument type:              filterpack
Instrument name:              filterpack_US2096
Method ref:                   US03L_IMPROVE_Davis
Blank correction:             Blank corrected
Volume std. temperature:      ambient
Volume std. pressure:         ambient
starttime endtime PM10 PM2.5 flag
  0.208333   1.208333   5.803   4.687 0.000
  3.208333   4.208333  11.864   8.961 0.000
  6.208333   7.208333  29.096  25.277 0.659
  9.208333  10.208333   5.020   3.675 0.000
 12.208333  13.208333  10.734   7.168 0.000
 15.208333  16.208333   3.894   2.759 0.000
 18.208333  19.208333   7.207   4.630 0.000
 21.208333  22.208333  13.532   7.960 0.000
 24.208333  25.208333   7.620   4.345 0.000
 27.208333  28.208333   4.591   2.226 0.000
 30.208333  31.208333   9.621   5.344 0.000
 33.208333  34.208333   9.368   8.306 0.000
 36.208333  37.208333 999.999 999.999 0.999
 39.208333  40.208333 999.999 999.999 0.999
 42.208333  43.208333 999.999 999.999 0.999
 45.208333  46.208333   8.524   6.913 0.000
 48.208333  49.208333   5.523   3.157 0.000
 51.208333  52.208333   6.069   3.893 0.000
 54.208333  55.208333   9.518   6.441 0.000
 57.208333  58.208333   7.556   6.635 0.000
 60.208333  61.208333   5.112   3.202 0.000
 63.208333  64.208333  10.196   7.130 0.000
 66.208333  67.208333   8.786   5.194 0.000
 69.208333  70.208333   4.466   2.896 0.000
 72.208333  73.208333   4.091   1.956 0.000
 75.208333  76.208333   6.504   5.229 0.000
 78.208333  79.208333   5.320   3.056 0.000
 81.208333  82.208333   3.231   1.958 0.000
 84.208333  85.208333   7.021   3.615 0.000
 87.208333  88.208333   6.250   5.293 0.000
 90.208333  91.208333   5.315   3.581 0.000
 93.208333  94.208333   7.005   4.525 0.000
 96.208333  97.208333   4.309   3.400 0.000
 99.208333 100.208333  10.552   6.131 0.000
102.208333 103.208333   8.267   5.809 0.000
105.208333 106.208333   5.423   3.205 0.000
108.208333 109.208333  12.412   7.214 0.000
111.208333 112.208333  13.987   6.929 0.000
114.208333 115.208333   9.025   5.255 0.000
117.208333 118.208333   7.383   4.364 0.000
120.208333 121.208333   4.429   3.238 0.000
123.208333 124.208333   8.458   6.675 0.000
126.208333 127.208333   8.286   5.813 0.000
129.208333 130.208333   3.449   1.695 0.000
132.208333 133.208333   3.993   1.764 0.000
135.208333 136.208333   9.166   4.265 0.000
138.208333 139.208333   9.148   5.157 0.000
141.208333 142.208333  13.412   7.855 0.000
144.208333 145.208333   4.185   2.160 0.000
147.208333 148.208333  23.336  11.185 0.000
150.208333 151.208333  14.387   2.721 0.000
153.208333 154.208333   6.692   3.791 0.000
156.208333 157.208333   9.853   6.660 0.000
159.208333 160.208333  18.612  12.977 0.000
162.208333 163.208333  20.735  12.316 0.000
165.208333 166.208333  10.573   4.718 0.000
168.208333 169.208333  11.107   7.279 0.000
171.208333 172.208333  13.597  11.249 0.000
174.208333 175.208333  15.094  12.299 0.000
177.208333 178.208333  14.582  10.629 0.000
180.208333 181.208333  13.399  11.987 0.000
183.208333 184.208333  18.390  14.962 0.000
186.208333 187.208333  13.005  10.055 0.000
189.208333 190.208333  26.882  20.085 0.000
192.208333 193.208333  10.339   5.968 0.000
195.208333 196.208333  17.768   7.435 0.000
198.208333 199.208333  23.249  11.144 0.000
201.208333 202.208333  16.171  12.717 0.000
204.208333 205.208333   8.094   4.025 0.000
207.208333 208.208333  14.896  10.788 0.000
210.208333 211.208333  13.232   7.322 0.000
213.208333 214.208333  10.266   7.950 0.000
216.208333 217.208333   7.375   3.481 0.000
219.208333 220.208333   6.204   2.989 0.000
222.208333 223.208333  12.509   8.055 0.000
225.208333 226.208333   8.955   4.855 0.000
228.208333 229.208333  12.170   8.916 0.000
231.208333 232.208333   8.926   5.143 0.000
234.208333 235.208333  16.795   8.837 0.000
237.208333 238.208333   9.546   6.270 0.000
240.208333 241.208333  11.783   5.083 0.000
243.208333 244.208333   9.062   5.914 0.000
246.208333 247.208333   7.489   3.636 0.000
249.208333 250.208333   4.914   3.944 0.000
252.208333 253.208333  11.028   6.862 0.000
255.208333 256.208333   7.774   3.959 0.000
258.208333 259.208333   9.863   6.043 0.000
261.208333 262.208333   6.697   3.463 0.000
264.208333 265.208333   9.912   7.373 0.000
267.208333 268.208333   7.966   4.646 0.000
270.208333 271.208333   3.736   2.379 0.000
273.208333 274.208333   6.650   3.007 0.000
276.208333 277.208333   5.220   2.810 0.000
279.208333 280.208333   5.031   3.220 0.000
282.208333 283.208333   9.017   6.068 0.000
285.208333 286.208333   7.520   4.920 0.000
288.208333 289.208333   6.818   3.970 0.000
291.208333 292.208333 999.999 999.999 0.999
294.208333 295.208333 999.999 999.999 0.999
297.208333 298.208333   8.114   6.721 0.000
300.208333 301.208333   9.608   6.738 0.000
303.208333 304.208333   1.830   1.006 0.000
306.208333 307.208333   6.715   5.985 0.000
309.208333 310.208333  16.759  14.132 0.000
312.208333 313.208333   2.642   1.867 0.000
315.208333 316.208333   2.510   1.733 0.000
318.208333 319.208333   4.684   2.124 0.000
321.208333 322.208333   3.058   2.407 0.000
324.208333 325.208333   5.495   2.627 0.000
327.208333 328.208333   3.510   1.573 0.000
330.208333 331.208333  10.706   7.345 0.000
333.208333 334.208333   6.944   5.957 0.000
336.208333 337.208333   5.153   4.206 0.000
339.208333 340.208333   5.359   4.356 0.000
342.208333 343.208333   4.972   2.603 0.000
345.208333 346.208333   6.300   5.498 0.000
348.208333 349.208333   9.835   8.226 0.000
351.208333 352.208333   5.352   3.923 0.000
354.208333 355.208333   5.301   3.965 0.000
357.208333 358.208333   4.174   3.518 0.000
360.208333 361.208333   7.842   4.884 0.000
363.208333 364.208333   4.851   3.958 0.000
