scripts/IMPROVE-2019_partial/data/US2098R.19910102050000.20191216000000.filterpack...1y.3d.US03L_filterpack_US2098.US03L_IMPROVE_Davis.lev2.nas
52 1001
MISSING INFORMATION
US03L, IMPROVE, , , , , , , 
MISSING INFORMATION
IMPROVE sel_HTAP
1 1
1991 01 01 2019 12 16
0
days from file reference point
5
1 1 1 1 1
999.999999 999.999 9.999 999.999 9.999999
end_time of measurement, days from the file reference point
pm10_mass, ug/m3, Matrix=pm10
numflag pm10_mass, no unit, Matrix=pm10
pm25_mass, ug/m3, Matrix=pm25
numflag pm25_mass, no unit, Matrix=pm25
0
33
Data definition:              EBAS_1.1
Set type code:                TI
Timezone:                     UTC
File name:                    US2098R.19910102050000.20191216000000.filterpack...1y.3d.US03L_filterpack_US2098.US03L_IMPROVE_Davis.lev2.nas
File creation:                20191218120350
Startdate:                    19910102050000
Revision date:                20191216000000
Version:                      2
Version description:          "Data extracted from http://views.cira.colostate.edu/fed/DataWizard 2019-12-16"
Statistics:                   arithmetic mean
Data level:                   2
Period code:                  1y
Resolution code:              3d
Sample duration:              1d
Orig. time res.:              3d
Station code:                 US2098R
Platform code:                US2098S
Station name:                 Acadia National Park-McFarland Hill (ME98)
Station latitude:             44.3772
Station longitude:            -68.2608
Station altitude:             150.0 m
Regime:                       IMG
Component:                    
Unit:                         ug/m3
Matrix:                       
Laboratory code:              US03L
Instrument type:              filterpack
Instrument name:              filterpack_US2098
Method ref:                   US03L_IMPROVE_Davis
Blank correction:             Blank corrected
Volume std. temperature:      ambient
Volume std. pressure:         ambient
starttime endtime PM10 flag_PM10 PM2.5 flag_PM2.5
  1.208333   2.208333  13.984 0.000   9.905 0.559000
  4.208333   5.208333  10.830 0.000   8.077 0.559000
  8.208333   9.208333   6.962 0.000   6.487 0.559000
 11.208333  12.208333   7.016 0.000   6.392 0.559000
 15.208333  16.208333 999.999 0.999 999.999 0.999000
 18.208333  19.208333   8.992 0.000   8.301 0.559000
 22.208333  23.208333  17.873 0.000   9.182 0.559000
 25.208333  26.208333   8.242 0.000   7.862 0.559000
 29.208333  30.208333  11.744 0.000 999.999 0.559259
 32.208333  33.208333  30.285 0.000  10.586 0.559000
 36.208333  37.208333  15.912 0.000  12.461 0.559000
 39.208333  40.208333  13.750 0.000  12.150 0.559000
 43.208333  44.208333  17.239 0.000   5.906 0.559000
 46.208333  47.208333   7.757 0.000   6.215 0.559000
 50.208333  51.208333  11.155 0.000  10.568 0.559000
 53.208333  54.208333   8.664 0.000   4.721 0.559000
 57.208333  58.208333  11.037 0.000  10.125 0.559000
 60.208333  61.208333 999.999 0.999   6.750 0.559000
 64.208333  65.208333  17.282 0.000  16.083 0.559000
 67.208333  68.208333   8.119 0.000   4.606 0.559000
 71.208333  72.208333 999.999 0.999 999.999 0.559259
 74.208333  75.208333   5.089 0.000   2.562 0.559000
 78.208333  79.208333   7.685 0.000   5.154 0.559000
 81.208333  82.208333  10.114 0.000   8.318 0.559000
 85.208333  86.208333  12.145 0.000   6.526 0.559000
 88.208333  89.208333  12.126 0.000   5.471 0.559000
 92.208333  93.208333  11.954 0.000   9.099 0.559000
 95.208333  96.208333  16.647 0.000  14.424 0.559000
 99.208333 100.208333   3.559 0.000   2.185 0.559000
102.208333 103.208333   8.094 0.000 999.999 0.559259
106.208333 107.208333   7.211 0.000   6.161 0.559000
109.208333 110.208333  11.080 0.000   6.502 0.559000
113.208333 114.208333 999.999 0.999 999.999 0.559259
116.208333 117.208333   9.179 0.000   6.049 0.559000
120.208333 121.208333   4.984 0.000   2.761 0.559000
123.208333 124.208333 999.999 0.999   5.915 0.559000
127.208333 128.208333  17.565 0.000   5.856 0.559000
130.208333 131.208333  23.673 0.000   6.907 0.559000
134.208333 135.208333   9.727 0.000   4.911 0.559000
137.208333 138.208333   5.191 0.000   3.817 0.559000
141.208333 142.208333  16.369 0.000   8.922 0.559000
144.208333 145.208333  23.176 0.000  21.581 0.559000
148.208333 149.208333   7.020 0.000   4.431 0.559000
151.208333 152.208333   8.836 0.000   6.486 0.559000
155.208333 156.208333 999.999 0.999 999.999 0.559259
158.208333 159.208333  11.837 0.000   6.973 0.559000
162.208333 163.208333  27.982 0.000  22.000 0.559000
165.208333 166.208333 999.999 0.999 999.999 0.559259
169.208333 170.208333   9.691 0.000   2.597 0.559000
172.208333 173.208333  18.997 0.000   4.354 0.559000
176.208333 177.208333  26.758 0.000  18.133 0.559000
179.208333 180.208333   9.883 0.000   7.892 0.559000
183.208333 184.208333  25.112 0.000   5.775 0.559000
186.208333 187.208333  10.541 0.000   4.369 0.559000
190.208333 191.208333  10.440 0.000   4.790 0.559000
193.208333 194.208333  16.224 0.000  11.527 0.559000
197.208333 198.208333  24.006 0.000 999.999 0.559259
200.208333 201.208333  42.188 0.000 999.999 0.559259
204.208333 205.208333  12.366 0.000   8.961 0.559000
207.208333 208.208333 999.999 0.999 999.999 0.559259
211.208333 212.208333   9.269 0.000   4.924 0.559000
214.208333 215.208333  18.305 0.000   6.869 0.559000
218.208333 219.208333  15.029 0.000   6.341 0.559000
221.208333 222.208333   9.450 0.000   9.049 0.559000
225.208333 226.208333  22.507 0.000  16.858 0.559000
228.208333 229.208333 999.999 0.999 999.999 0.999000
232.208333 233.208333   3.068 0.000   2.730 0.559000
235.208333 236.208333   5.203 0.000   3.415 0.559000
239.208333 240.208333  30.364 0.000 999.999 0.559259
242.208333 243.208333  16.649 0.000 999.999 0.559259
246.208333 247.208333  17.378 0.000  14.909 0.559000
249.208333 250.208333   6.745 0.000   3.970 0.559000
253.208333 254.208333  12.962 0.000  11.381 0.559000
256.208333 257.208333  20.543 0.000   9.091 0.559000
260.208333 261.208333   9.792 0.000   6.758 0.559000
263.208333 264.208333   3.471 0.000   2.909 0.559000
267.208333 268.208333   9.330 0.000   4.863 0.559000
270.208333 271.208333   3.784 0.000   2.401 0.559000
274.208333 275.208333 999.999 0.999  13.142 0.559000
277.208333 278.208333   9.373 0.000   6.707 0.559000
281.208333 282.208333  19.110 0.000   7.957 0.559000
284.208333 285.208333 999.999 0.999 999.999 0.559259
288.208333 289.208333  11.474 0.000   4.062 0.559000
291.208333 292.208333  15.901 0.000   9.877 0.559000
295.208333 296.208333   9.970 0.000   8.110 0.559000
298.208333 299.208333  45.000 0.000  17.196 0.559000
302.208333 303.208333  15.471 0.000   5.535 0.559000
305.208333 306.208333  10.274 0.000   4.848 0.559000
309.208333 310.208333  17.098 0.000  10.525 0.559000
312.208333 313.208333   6.802 0.000   3.467 0.559000
316.208333 317.208333   5.030 0.000   3.396 0.559000
319.208333 320.208333   9.535 0.000   7.531 0.559000
323.208333 324.208333  24.390 0.000  17.651 0.559000
326.208333 327.208333   4.262 0.000 999.999 0.559259
330.208333 331.208333   8.099 0.000   3.488 0.559000
333.208333 334.208333  11.566 0.000   6.873 0.559000
337.208333 338.208333   4.706 0.000   2.091 0.559000
340.208333 341.208333 999.999 0.999   6.708 0.559000
344.208333 345.208333  13.870 0.000   9.554 0.559000
347.208333 348.208333   6.774 0.000   5.728 0.559000
351.208333 352.208333   7.197 0.000   3.041 0.559000
354.208333 355.208333  11.156 0.000   7.035 0.559000
358.208333 359.208333  11.776 0.000   8.006 0.559000
361.208333 362.208333   7.170 0.000   4.620 0.559000
