scripts/IMPROVE-2019_partial/data/US2096R.20070103050000.20191216000000.filterpack...1y.3d.US03L_filterpack_US2096.US03L_IMPROVE_Davis.lev2.nas
51 1001
MISSING INFORMATION
US03L, IMPROVE, , , , , , , 
MISSING INFORMATION
IMPROVE sel_HTAP
1 1
2007 01 01 2019 12 16
3.000000
days from file reference point
4
1 1 1 1
999.999999 999.999 999.999 9.999
end_time of measurement, days from the file reference point
pm10_mass, ug/m3, Matrix=pm10
pm25_mass, ug/m3, Matrix=pm25
numflag, no unit
0
33
Data definition:              EBAS_1.1
Set type code:                TU
Timezone:                     UTC
File name:                    US2096R.20070103050000.20191216000000.filterpack...1y.3d.US03L_filterpack_US2096.US03L_IMPROVE_Davis.lev2.nas
File creation:                20191218120346
Startdate:                    20070103050000
Revision date:                20191216000000
Version:                      2
Version description:          "Data extracted from http://views.cira.colostate.edu/fed/DataWizard 2019-12-16"
Statistics:                   arithmetic mean
Data level:                   2
Period code:                  1y
Resolution code:              3d
Sample duration:              1d
Orig. time res.:              3d
Station code:                 US2096R
Platform code:                US2096S
Station name:                 Casco Bay-Wolfe's Neck Farm (ME96)
Station latitude:             43.8325
Station longitude:            -70.0645
Station altitude:             15.0 m
Regime:                       IMG
Component:                    
Unit:                         ug/m3
Matrix:                       
Laboratory code:              US03L
Instrument type:              filterpack
Instrument name:              filterpack_US2096
Method ref:                   US03L_IMPROVE_Davis
Blank correction:             Blank corrected
Volume std. temperature:      ambient
Volume std. pressure:         ambient
starttime endtime PM10 PM2.5 flag
  2.208333   3.208333   6.162   3.111 0.000
  5.208333   6.208333   3.169   2.371 0.000
  8.208333   9.208333   3.269   2.489 0.000
 11.208333  12.208333   9.783   7.003 0.000
 14.208333  15.208333   4.836   3.606 0.000
 17.208333  18.208333  10.917   7.919 0.000
 20.208333  21.208333   3.073   1.638 0.000
 23.208333  24.208333   8.770   7.155 0.000
 26.208333  27.208333   8.769   6.522 0.000
 29.208333  30.208333   9.100   6.958 0.000
 32.208333  33.208333  21.338  16.887 0.000
 35.208333  36.208333   6.384   3.949 0.000
 38.208333  39.208333   8.248   6.408 0.000
 41.208333  42.208333   8.215   6.434 0.000
 44.208333  45.208333   5.960   3.596 0.000
 47.208333  48.208333   6.558   4.776 0.000
 50.208333  51.208333  12.130   6.691 0.000
 53.208333  54.208333   5.255   3.106 0.000
 56.208333  57.208333   6.067   5.019 0.000
 59.208333  60.208333   6.804   3.578 0.000
 62.208333  63.208333   4.572   4.032 0.000
 65.208333  66.208333   5.466   3.606 0.000
 68.208333  69.208333  13.743   7.718 0.000
 71.208333  72.208333  13.186   7.880 0.000
 74.208333  75.208333   5.708   3.218 0.000
 77.208333  78.208333   5.066   2.372 0.000
 80.208333  81.208333  18.501  11.335 0.000
 83.208333  84.208333   5.191   4.557 0.000
 86.208333  87.208333   4.900   2.766 0.000
 89.208333  90.208333   2.624   1.645 0.000
 92.208333  93.208333   3.243   1.803 0.000
 95.208333  96.208333 999.999 999.999 0.999
 98.208333  99.208333   2.136   1.450 0.000
101.208333 102.208333   7.261   5.092 0.000
104.208333 105.208333   4.906   3.861 0.000
107.208333 108.208333 999.999 999.999 0.999
110.208333 111.208333   6.578   3.990 0.000
113.208333 114.208333   7.862   4.680 0.000
116.208333 117.208333   5.831   3.472 0.000
119.208333 120.208333   4.013   2.668 0.000
122.208333 123.208333   4.156   1.829 0.000
125.208333 126.208333   2.170   1.317 0.000
128.208333 129.208333  15.358   7.411 0.000
131.208333 132.208333   3.742   1.501 0.000
134.208333 135.208333  12.111   7.168 0.000
137.208333 138.208333   1.884   1.141 0.000
140.208333 141.208333   4.114   1.794 0.000
143.208333 144.208333  10.387   6.983 0.000
146.208333 147.208333  18.613  12.527 0.000
149.208333 150.208333  13.965   5.780 0.000
152.208333 153.208333  16.013  12.776 0.000
155.208333 156.208333  15.788  10.348 0.000
158.208333 159.208333   9.967   5.250 0.000
161.208333 162.208333   7.853   4.081 0.000
164.208333 165.208333   7.510   4.184 0.000
167.208333 168.208333  15.491  10.500 0.000
170.208333 171.208333  12.525   8.231 0.000
173.208333 174.208333   7.439   3.724 0.000
176.208333 177.208333  29.529  21.293 0.000
179.208333 180.208333  10.377   3.510 0.000
182.208333 183.208333   4.920   2.160 0.000
185.208333 186.208333  16.756  10.577 0.000
188.208333 189.208333  10.272   7.509 0.000
191.208333 192.208333   7.731   6.128 0.000
194.208333 195.208333  10.707   7.104 0.000
197.208333 198.208333  11.995   7.644 0.000
200.208333 201.208333   8.642   5.256 0.000
203.208333 204.208333   7.046   5.614 0.000
206.208333 207.208333  22.986  17.083 0.000
209.208333 210.208333   9.216   8.704 0.000
212.208333 213.208333 999.999 999.999 0.999
215.208333 216.208333  23.542  17.898 0.000
218.208333 219.208333   6.427   4.872 0.000
221.208333 222.208333 999.999   5.466 0.000
224.208333 225.208333 999.999   8.678 0.000
227.208333 228.208333  18.113  14.296 0.000
230.208333 231.208333 999.999 999.999 0.999
233.208333 234.208333   5.987   3.522 0.000
236.208333 237.208333  29.047  24.258 0.000
239.208333 240.208333   8.450   5.124 0.000
242.208333 243.208333   9.768   7.206 0.000
245.208333 246.208333  14.525   9.727 0.000
248.208333 249.208333  10.255   3.863 0.000
251.208333 252.208333   4.895   2.636 0.000
254.208333 255.208333   5.485   2.521 0.000
257.208333 258.208333   6.130   2.786 0.000
260.208333 261.208333   6.100   4.223 0.000
263.208333 264.208333  14.854  11.843 0.000
266.208333 267.208333   7.970   3.760 0.000
269.208333 270.208333  17.056  13.297 0.000
272.208333 273.208333   4.604   2.498 0.000
275.208333 276.208333   4.432   3.604 0.000
278.208333 279.208333  12.635   8.692 0.000
281.208333 282.208333   4.739   1.941 0.000
284.208333 285.208333   2.749   1.290 0.000
287.208333 288.208333   3.774   2.470 0.000
290.208333 291.208333   9.536   7.404 0.000
293.208333 294.208333   9.255   4.741 0.000
296.208333 297.208333   3.572   1.822 0.000
299.208333 300.208333   4.455   3.016 0.000
302.208333 303.208333   5.545   3.811 0.000
305.208333 306.208333   4.281   2.656 0.000
308.208333 309.208333   8.924   6.330 0.000
311.208333 312.208333   4.356   3.469 0.000
314.208333 315.208333   4.250   3.038 0.000
317.208333 318.208333  15.920  11.379 0.000
320.208333 321.208333   2.978   2.082 0.000
323.208333 324.208333   6.261   4.495 0.000
326.208333 327.208333   2.555   1.981 0.000
329.208333 330.208333  14.588  12.453 0.000
332.208333 333.208333   8.871   4.814 0.000
335.208333 336.208333   6.152   3.582 0.000
338.208333 339.208333   4.654   3.893 0.000
341.208333 342.208333   8.600   7.094 0.000
344.208333 345.208333  13.177  11.190 0.000
347.208333 348.208333   6.234   5.149 0.000
350.208333 351.208333   2.635   1.976 0.000
353.208333 354.208333   4.563   4.098 0.000
356.208333 357.208333  15.374   9.668 0.000
359.208333 360.208333  12.613  10.135 0.000
362.208333 363.208333   7.213   5.889 0.000
