scripts/IMPROVE-2019_partial/data/US2098R.19970101050000.20191216000000.filterpack...1y.3d.US03L_filterpack_US2098.US03L_IMPROVE_Davis.lev2.nas
51 1001
MISSING INFORMATION
US03L, IMPROVE, , , , , , , 
MISSING INFORMATION
IMPROVE sel_HTAP
1 1
1997 01 01 2019 12 16
0
days from file reference point
4
1 1 1 1
999.999999 999.999 999.999 9.999
end_time of measurement, days from the file reference point
pm10_mass, ug/m3, Matrix=pm10
pm25_mass, ug/m3, Matrix=pm25
numflag, no unit
0
33
Data definition:              EBAS_1.1
Set type code:                TI
Timezone:                     UTC
File name:                    US2098R.19970101050000.20191216000000.filterpack...1y.3d.US03L_filterpack_US2098.US03L_IMPROVE_Davis.lev2.nas
File creation:                20191218120350
Startdate:                    19970101050000
Revision date:                20191216000000
Version:                      2
Version description:          "Data extracted from http://views.cira.colostate.edu/fed/DataWizard 2019-12-16"
Statistics:                   arithmetic mean
Data level:                   2
Period code:                  1y
Resolution code:              3d
Sample duration:              1d
Orig. time res.:              3d
Station code:                 US2098R
Platform code:                US2098S
Station name:                 Acadia National Park-McFarland Hill (ME98)
Station latitude:             44.3772
Station longitude:            -68.2608
Station altitude:             150.0 m
Regime:                       IMG
Component:                    
Unit:                         ug/m3
Matrix:                       
Laboratory code:              US03L
Instrument type:              filterpack
Instrument name:              filterpack_US2098
Method ref:                   US03L_IMPROVE_Davis
Blank correction:             Blank corrected
Volume std. temperature:      ambient
Volume std. pressure:         ambient
starttime endtime PM10 PM2.5 flag
  0.208333   1.208333   9.129 999.999 0.000
  3.208333   4.208333  17.322   7.773 0.000
  7.208333   8.208333   6.413   2.809 0.000
 10.208333  11.208333   9.698   6.559 0.000
 14.208333  15.208333   7.066   4.640 0.000
 17.208333  18.208333   7.808   4.609 0.000
 21.208333  22.208333  13.929   7.515 0.000
 24.208333  25.208333   6.440   4.598 0.000
 28.208333  29.208333   8.889   6.851 0.000
 31.208333  32.208333   9.778   4.849 0.000
 35.208333  36.208333  16.230   4.798 0.000
 38.208333  39.208333  14.262   3.125 0.000
 42.208333  43.208333  17.382   8.428 0.000
 45.208333  46.208333  10.262   5.422 0.000
 49.208333  50.208333  26.523  13.602 0.000
 52.208333  53.208333   5.061   2.688 0.000
 56.208333  57.208333  15.174   7.636 0.000
 59.208333  60.208333  14.204   5.412 0.000
 63.208333  64.208333  16.455   6.282 0.000
 66.208333  67.208333   6.559   4.817 0.000
 70.208333  71.208333  10.924   5.619 0.000
 73.208333  74.208333   8.373   2.746 0.000
 77.208333  78.208333   9.690   3.472 0.000
 80.208333  81.208333  21.552   3.394 0.000
 84.208333  85.208333   7.875   4.393 0.000
 87.208333  88.208333   8.294   6.510 0.000
 91.208333  92.208333   8.381   2.471 0.000
 94.208333  95.208333   6.226   4.697 0.000
 98.208333  99.208333   8.761   3.472 0.000
101.208333 102.208333  12.398   5.475 0.000
105.208333 106.208333  12.869   6.644 0.000
108.208333 109.208333   7.064   4.464 0.000
112.208333 113.208333   5.538   2.885 0.000
115.208333 116.208333   5.907   4.797 0.000
119.208333 120.208333  14.093   7.179 0.000
122.208333 123.208333 999.999   4.495 0.000
126.208333 127.208333   6.375   3.075 0.000
129.208333 130.208333   8.978   5.032 0.000
133.208333 134.208333  10.281   7.182 0.000
136.208333 137.208333  14.481   7.520 0.000
140.208333 141.208333   8.532   7.709 0.000
143.208333 144.208333   9.970   3.205 0.000
147.208333 148.208333   8.547   3.622 0.000
150.208333 151.208333  14.626   9.676 0.000
154.208333 155.208333   7.533   5.622 0.000
157.208333 158.208333   7.058   5.059 0.000
161.208333 162.208333  32.356  25.530 0.000
164.208333 165.208333  39.163  21.571 0.000
168.208333 169.208333   9.075   7.011 0.000
171.208333 172.208333  25.707  19.665 0.000
175.208333 176.208333  10.668   7.209 0.000
178.208333 179.208333   8.009   4.808 0.000
182.208333 183.208333  15.916   8.598 0.000
185.208333 186.208333  12.656   3.239 0.000
189.208333 190.208333  21.991  14.359 0.000
192.208333 193.208333  13.010   7.043 0.000
196.208333 197.208333  17.065  10.450 0.000
199.208333 200.208333  12.492   4.410 0.000
203.208333 204.208333   9.425   3.472 0.000
206.208333 207.208333  16.482   9.094 0.000
210.208333 211.208333  11.258   3.339 0.000
213.208333 214.208333  21.600  16.023 0.000
217.208333 218.208333  14.056   8.003 0.000
220.208333 221.208333  15.593  11.552 0.000
224.208333 225.208333   9.580   4.015 0.000
227.208333 228.208333  16.948  11.783 0.000
231.208333 232.208333  12.245   4.213 0.000
234.208333 235.208333  20.038  15.502 0.000
238.208333 239.208333  19.596  13.128 0.000
241.208333 242.208333  17.162   8.763 0.000
245.208333 246.208333  23.700  14.352 0.000
248.208333 249.208333  11.482   6.382 0.000
252.208333 253.208333  15.399   9.590 0.000
255.208333 256.208333   9.539   4.328 0.000
259.208333 260.208333   4.960   2.093 0.000
262.208333 263.208333  18.871  14.056 0.000
266.208333 267.208333   7.759   3.944 0.000
269.208333 270.208333  12.077   3.236 0.000
273.208333 274.208333   7.855   1.102 0.000
276.208333 277.208333  10.511   4.841 0.000
280.208333 281.208333  10.629   3.080 0.000
283.208333 284.208333   9.915   3.714 0.000
287.208333 288.208333  19.473  11.136 0.000
290.208333 291.208333   6.652   3.714 0.000
294.208333 295.208333   7.822   4.271 0.000
297.208333 298.208333  15.336   7.346 0.000
301.208333 302.208333   5.994   3.824 0.000
304.208333 305.208333  16.645  10.478 0.000
308.208333 309.208333   8.213   8.413 0.000
311.208333 312.208333  18.601   4.925 0.000
315.208333 316.208333   4.024   1.980 0.000
318.208333 319.208333   6.019 999.999 0.000
322.208333 323.208333  14.507  11.227 0.000
325.208333 326.208333   9.463   8.742 0.000
329.208333 330.208333  25.830  14.075 0.000
332.208333 333.208333   4.887   5.340 0.000
336.208333 337.208333   3.074   1.364 0.000
339.208333 340.208333 999.999 999.999 0.999
343.208333 344.208333 999.999 999.999 0.999
346.208333 347.208333   8.443   7.471 0.000
350.208333 351.208333  14.591  11.091 0.000
353.208333 354.208333   6.829   3.639 0.000
357.208333 358.208333   7.553   4.630 0.000
360.208333 361.208333   6.006   4.955 0.000
364.208333 365.208333 999.999   5.741 0.000
