scripts/IMPROVE-2019_partial/data/US2002R.20010314050000.20191216000000.filterpack..pm25.10mo.1w.US03L_filterpack_US2002.US03L_IMPROVE_Davis.lev2.nas
64 1001
MISSING INFORMATION
US03L, IMPROVE, , , , , , , 
MISSING INFORMATION
IMPROVE sel_HTAP
1 1
2001 01 01 2019 12 16
3.000000
days from file reference point
25
1 1 1 1 1 1 1 1 1 1 1 1 1 1 1 1 1 1 1 1 1 1 1 1 1
999.999999 9999.99 9.999 99.99 9.999 9.999 9.999999 99.99 9.999999 9.999 9.999 99.999 9.999 99.999 9.999 999.999 9.999 99.999 9.999 999.999 9.999 9.999 9.999 99.999 9.999
end_time of measurement, days from the file reference point
iron, ng/m3, Revision date=20181210133000
numflag iron, no unit, Revision date=20181210133000
lead, ng/m3, Revision date=20181210133000
numflag lead, no unit, Revision date=20181210133000
magnesium, ug/m3, Revision date=20181210133000
numflag magnesium, no unit, Revision date=20181210133000
nickel, ng/m3, Revision date=20181210133000
numflag nickel, no unit, Revision date=20181210133000
nitrate, ug N/m3, Revision date=20181210133000
numflag nitrate, no unit, Revision date=20181210133000
organic_carbon, ug C/m3, Revision date=20181210133000
numflag organic_carbon, no unit, Revision date=20181210133000
organic_mass, ug/m3, Revision date=20181210133000
numflag organic_mass, no unit, Revision date=20181210133000
pm10_mass, ug/m3, Version=2, Version description=Data extracted from http://views.cira.colostate.edu/fed/DataWizard 2019-12-16, Sample duration=1d, Orig. time res.=3d, Matrix=pm10, Blank correction=Blank corrected, Volume std. temperature=ambient, Volume std. pressure=ambient
numflag pm10_mass, no unit, Version=2, Version description=Data extracted from http://views.cira.colostate.edu/fed/DataWizard 2019-12-16, Sample duration=1d, Orig. time res.=3d, Matrix=pm10, Blank correction=Blank corrected, Volume std. temperature=ambient, Volume std. pressure=ambient
pm10_pm25_mass, ug/m3, Revision date=20181210133000, Matrix=pm10_pm25
numflag pm10_pm25_mass, no unit, Revision date=20181210133000, Matrix=pm10_pm25
pm25_mass, ug/m3, Version=2, Version description=Data extracted from http://views.cira.colostate.edu/fed/DataWizard 2019-12-16, Sample duration=1d, Orig. time res.=3d, Blank correction=Blank corrected, Volume std. temperature=ambient, Volume std. pressure=ambient
numflag pm25_mass, no unit, Version=2, Version description=Data extracted from http://views.cira.colostate.edu/fed/DataWizard 2019-12-16, Sample duration=1d, Orig. time res.=3d, Blank correction=Blank corrected, Volume std. temperature=ambient, Volume std. pressure=ambient
potassium, ug/m3, Revision date=20181210133000
numflag potassium, no unit, Revision date=20181210133000
sulphate_total, ug S/m3, Revision date=20181210133000
numflag sulphate_total, no unit, Revision date=20181210133000
0
25
Data definition:              EBAS_1.1
Set type code:                TU
Timezone:                     UTC
File name:                    US2002R.20010314050000.20191216000000.filterpack..pm25.10mo.1w.US03L_filterpack_US2002.US03L_IMPROVE_Davis.lev2.nas
File creation:                20191218120339
Startdate:                    20010314050000
Revision date:                20191216000000
Statistics:                   arithmetic mean
Data level:                   2
Period code:                  10mo
Resolution code:              1w
Station code:                 US2002R
Platform code:                US2002S
Station name:                 Bridgton (ME02)
Station latitude:             44.1075
Station longitude:            -70.7289
Station altitude:             222.0 m
Regime:                       IMG
Component:                    
Matrix:                       pm25
Laboratory code:              US03L
Instrument type:              filterpack
Instrument name:              filterpack_US2002
Method ref:                   US03L_IMPROVE_Davis
starttime endtime Fe flag_Fe Pb flag_Pb Mg++ flag_Mg++ Ni flag_Ni NO3- flag_NO3- OC flag_OC OM flag_OM PM10 flag_PM10 PM10-PM2.5 flag_PM10-PM2.5 PM2.5 flag_PM2.5 K+ flag_K+ SO4-- flag_SO4--
 72.208333  73.208333 9999.99 0.999 99.99 0.999 9.999 0.999000 99.99 0.999000 9.999 0.999 99.999 0.999 99.999 0.999 999.999 0.999 99.999 0.999 999.999 0.999 9.999 0.999 99.999 0.999
 75.208333  76.208333 9999.99 0.999 99.99 0.999 9.999 0.999000 99.99 0.999000 9.999 0.999 99.999 0.999 99.999 0.999 999.999 0.999 99.999 0.999 999.999 0.999 9.999 0.999 99.999 0.999
 78.208333  79.208333   17.33 0.559  1.67 0.559 9.999 0.559259  0.63 0.559000 0.040 0.000  0.521 0.000  0.729 0.000   3.899 0.000  0.878 0.000   3.021 0.559 0.033 0.559  0.167 0.000
 81.208333  82.208333 9999.99 0.999 99.99 0.999 9.999 0.999000 99.99 0.999000 9.999 0.999 99.999 0.999 99.999 0.999 999.999 0.999 99.999 0.999 999.999 0.999 9.999 0.999 99.999 0.999
 84.208333  85.208333   12.46 0.559  1.58 0.559 9.999 0.559259  0.51 0.559000 0.057 0.000  0.796 0.000  1.114 0.000   5.876 0.000  1.692 0.000   4.184 0.559 0.036 0.559  0.698 0.000
 87.208333  88.208333   25.63 0.000  2.14 0.000 9.999 0.259000  0.58 0.000000 0.045 0.000  0.720 0.000  1.008 0.000   7.557 0.000  2.593 0.000   4.964 0.000 0.033 0.000  0.731 0.000
 90.208333  91.208333    8.97 0.559  1.73 0.559 9.999 0.559259  0.38 0.559000 0.021 0.000  0.415 0.000  0.581 0.000   4.044 0.000  1.529 0.000   2.515 0.559 0.022 0.559  0.363 0.000
 93.208333  94.208333   21.54 0.559  1.57 0.559 9.999 0.559259  1.67 0.559000 0.066 0.000  0.430 0.000  0.601 0.000   4.853 0.000  1.325 0.000   3.529 0.559 0.036 0.559  0.402 0.000
 96.208333  97.208333   17.62 0.559  1.98 0.559 9.999 0.559259  0.41 0.559000 0.040 0.000  0.562 0.000  0.786 0.000   4.695 0.000  1.111 0.000   3.584 0.559 0.031 0.559  0.495 0.000
 99.208333 100.208333    9.15 0.559  2.11 0.559 9.999 0.559259  0.67 0.559000 0.188 0.000  0.418 0.000  0.585 0.000   3.761 0.000  0.898 0.000   2.862 0.559 0.021 0.559  0.468 0.000
102.208333 103.208333    3.18 0.000  0.67 0.000 9.999 0.259000  0.25 0.000000 0.020 0.000  0.383 0.000  0.537 0.000   3.411 0.000  1.360 0.000   2.051 0.000 0.017 0.000  0.269 0.000
105.208333 106.208333   12.42 0.000  1.37 0.000 9.999 0.259000  0.46 0.000000 0.041 0.000  0.411 0.000  0.575 0.000   4.183 0.000  0.754 0.000   3.429 0.000 0.041 0.000  0.299 0.000
108.208333 109.208333   23.74 0.000  1.53 0.000 9.999 0.259000 99.99 0.259000 0.056 0.000  0.393 0.000  0.550 0.000   5.361 0.000  2.343 0.000   3.018 0.000 0.027 0.000  0.428 0.000
111.208333 112.208333   97.19 0.000  3.43 0.000 9.999 0.259000 99.99 0.259000 0.083 0.000  1.245 0.000  1.743 0.000  13.239 0.000  3.331 0.000   9.908 0.000 0.072 0.000  1.281 0.000
114.208333 115.208333   97.73 0.000  2.06 0.000 9.999 0.259000 99.99 0.259000 0.038 0.000  0.619 0.000  0.867 0.000   8.488 0.000  4.011 0.000   4.477 0.000 0.066 0.000  0.410 0.000
117.208333 118.208333   41.27 0.559  1.15 0.559 9.999 0.559259  0.61 0.559000 0.050 0.000  0.587 0.000  0.822 0.000   6.132 0.000  2.362 0.000   3.770 0.559 0.036 0.559  0.377 0.000
120.208333 121.208333   97.86 0.000  4.50 0.000 9.999 0.259000  0.54 0.000000 0.092 0.000  1.730 0.000  2.422 0.000  17.535 0.000  7.067 0.000  10.469 0.000 0.070 0.000  1.125 0.000
123.208333 124.208333  108.35 0.000  3.61 0.000 9.999 0.259000  0.32 0.000000 0.094 0.000  1.705 0.000  2.387 0.000  25.731 0.000  8.791 0.000  16.940 0.000 0.076 0.000  2.599 0.000
126.208333 127.208333   42.22 0.559  1.52 0.559 9.999 0.559259  0.39 0.559000 0.055 0.000  0.771 0.000  1.080 0.000   6.985 0.000  3.880 0.000   3.105 0.559 0.035 0.559  0.245 0.000
129.208333 130.208333  126.98 0.000  3.44 0.000 9.999 0.259000 99.99 0.259000 0.089 0.000  1.706 0.000  2.389 0.000  17.644 0.000  8.691 0.000   8.953 0.000 0.090 0.000  0.919 0.000
132.208333 133.208333   23.51 0.559  1.10 0.559 9.999 0.559259  0.37 0.559000 0.013 0.000  0.541 0.000  0.757 0.000   4.752 0.000  2.532 0.000   2.220 0.559 0.024 0.559  0.233 0.000
135.208333 136.208333   13.28 0.000  1.59 0.000 9.999 0.259000  0.32 0.000000 0.090 0.000  0.324 0.000  0.453 0.000   6.097 0.000  2.005 0.000   4.092 0.000 0.026 0.000  0.572 0.000
138.208333 139.208333   12.88 0.000  2.02 0.000 9.999 0.259000  0.67 0.000000 0.161 0.000  0.699 0.000  0.978 0.000   9.868 0.000  2.636 0.000   7.233 0.000 0.024 0.000  1.219 0.000
141.208333 142.208333   16.09 0.000  0.82 0.000 9.999 0.259000 99.99 0.259000 0.163 0.000  0.489 0.000  0.684 0.000   6.821 0.000  2.901 0.000   3.920 0.000 0.013 0.000  0.749 0.000
144.208333 145.208333   33.14 0.000  2.29 0.000 9.999 0.259000  0.33 0.000000 0.089 0.000  0.833 0.000  1.166 0.000  10.397 0.000  5.700 0.000   4.697 0.000 0.035 0.000  0.396 0.000
147.208333 148.208333    4.05 0.559  3.56 0.559 9.999 0.559259  0.43 0.559000 0.030 0.000  0.840 0.000  1.176 0.000   3.755 0.000  0.926 0.000   2.829 0.559 0.018 0.559  0.258 0.000
150.208333 151.208333    6.54 0.000  0.89 0.000 9.999 0.259000 99.99 0.259000 0.169 0.000  0.299 0.000  0.419 0.000   3.289 0.000  2.219 0.000   1.071 0.000 0.013 0.000  0.197 0.000
153.208333 154.208333    1.07 0.000  4.06 0.000 9.999 0.259000  0.13 0.000000 0.024 0.000  0.429 0.000  0.601 0.000   2.315 0.000  0.499 0.000   1.815 0.000 0.028 0.000  0.170 0.000
156.208333 157.208333    7.45 0.559  0.60 0.559 9.999 0.559259  0.36 0.559000 0.021 0.000  0.353 0.000  0.494 0.000   4.538 0.000  2.261 0.000   2.277 0.559 0.019 0.559  0.248 0.000
159.208333 160.208333   28.63 0.000  1.36 0.000 9.999 0.259000  0.36 0.000000 0.021 0.000  0.970 0.000  1.359 0.000   7.547 0.000  3.185 0.000   4.362 0.000 0.030 0.000  0.303 0.000
162.208333 163.208333   31.80 0.000  2.21 0.000 9.999 0.259000  0.76 0.000000 0.062 0.000  0.871 0.000  1.220 0.000  11.121 0.000  1.117 0.000  10.004 0.000 0.026 0.000  1.425 0.000
165.208333 166.208333   71.77 0.559  2.98 0.559 9.999 0.559259  1.11 0.559000 0.040 0.000  2.898 0.000  4.057 0.000  26.326 0.000  3.862 0.000  22.464 0.559 0.053 0.559  3.161 0.000
168.208333 169.208333   33.49 0.559  1.24 0.559 9.999 0.559259  0.44 0.559000 0.045 0.000  1.940 0.000  2.716 0.000  10.959 0.000  3.189 0.000   7.770 0.559 0.056 0.559  0.648 0.000
171.208333 172.208333   68.36 0.000  1.78 0.000 9.999 0.259000  0.57 0.000000 0.027 0.000  3.290 0.000  4.606 0.000  12.645 0.000  3.433 0.000   9.211 0.000 0.072 0.000  0.375 0.000
174.208333 175.208333   23.78 0.000  2.66 0.000 9.999 0.259000  0.75 0.000000 0.080 0.000  1.386 0.000  1.940 0.000  13.207 0.000  3.794 0.000   9.412 0.000 0.042 0.000  1.431 0.000
177.208333 178.208333   42.68 0.559  1.98 0.559 9.999 0.559259  0.38 0.559000 0.022 0.000  2.560 0.000  3.584 0.000  18.229 0.000  3.773 0.000  14.456 0.559 0.041 0.559  1.716 0.000
180.208333 181.208333   49.64 0.000  2.30 0.000 9.999 0.259000  0.54 0.000000 0.038 0.000  2.062 0.000  2.887 0.000  27.577 0.000  4.611 0.000  22.966 0.000 0.048 0.000  4.084 0.000
183.208333 184.208333   32.50 0.559  0.98 0.559 9.999 0.559259 99.99 0.559259 0.018 0.000  0.663 0.000  0.928 0.000   5.882 0.000  2.243 0.000   3.639 0.559 0.031 0.559  0.229 0.000
186.208333 187.208333   10.17 0.000  1.03 0.000 9.999 0.259000  0.37 0.000000 0.010 0.000  0.694 0.000  0.972 0.000   5.531 0.000  2.662 0.000   2.870 0.000 0.027 0.000  0.240 0.000
189.208333 190.208333   14.56 0.559  2.33 0.559 9.999 0.559259  0.74 0.559000 0.039 0.000  1.416 0.000  1.982 0.000  17.082 0.000  3.221 0.000  13.860 0.559 0.030 0.559  2.279 0.000
192.208333 193.208333    6.07 0.000  0.59 0.000 9.999 0.259000 99.99 0.259000 0.066 0.000  0.477 0.000  0.668 0.000   4.456 0.000  2.935 0.000   1.521 0.000 0.016 0.000  0.162 0.000
195.208333 196.208333    3.00 0.559  0.59 0.559 9.999 0.559259  0.32 0.559000 0.008 0.000  0.496 0.000  0.694 0.000   4.151 0.000  2.138 0.000   2.013 0.559 0.028 0.559  0.197 0.000
198.208333 199.208333    3.48 0.559  1.33 0.559 9.999 0.559259  0.74 0.559000 0.023 0.559  0.743 0.000  1.040 0.000   4.937 0.000  1.835 0.000   3.102 0.559 0.040 0.559  0.258 0.559
201.208333 202.208333   15.79 0.559  1.10 0.559 9.999 0.559259  0.45 0.559000 0.025 0.000  3.388 0.000  4.743 0.000  13.969 0.000  5.692 0.000   8.277 0.559 0.034 0.559  0.335 0.000
204.208333 205.208333   41.11 0.000  1.76 0.000 9.999 0.259000  0.92 0.000000 0.024 0.000  2.247 0.000  3.146 0.000  47.389 0.000  0.229 0.000  47.159 0.000 0.044 0.000  7.613 0.000
207.208333 208.208333   11.80 0.559  0.37 0.559 9.999 0.559259 99.99 0.559259 0.023 0.000  0.505 0.000  0.707 0.000   4.441 0.000  2.477 0.000   1.964 0.559 0.022 0.559  0.126 0.000
210.208333 211.208333   20.69 0.559  2.38 0.559 9.999 0.559259  0.45 0.559000 0.041 0.000  1.888 0.000  2.643 0.000  10.557 0.000  3.499 0.000   7.058 0.559 0.029 0.559  0.586 0.000
213.208333 214.208333   31.76 0.559  2.13 0.559 9.999 0.559259  0.69 0.559000 0.026 0.000  2.961 0.000  4.145 0.000  18.494 0.000  4.794 0.000  13.700 0.559 0.037 0.559  1.609 0.000
216.208333 217.208333   18.00 0.000  1.41 0.000 9.999 0.259000  0.65 0.000000 0.045 0.559  2.635 0.000  3.689 0.000  13.091 0.000  3.191 0.000   9.900 0.000 0.030 0.000  1.050 0.559
219.208333 220.208333   39.32 0.000  1.02 0.000 9.999 0.259000  0.42 0.000000 0.025 0.000  2.630 0.000  3.682 0.000  14.927 0.000  4.957 0.000   9.970 0.000 0.041 0.000  0.753 0.000
222.208333 223.208333   34.75 0.559  0.68 0.559 9.999 0.559259  0.21 0.559000 0.011 0.000  0.787 0.000  1.102 0.000   5.627 0.000  3.020 0.000   2.608 0.559 0.035 0.559  0.054 0.000
225.208333 226.208333   18.74 0.000  0.65 0.000 9.999 0.259000 99.99 0.259000 0.059 0.000  1.237 0.000  1.732 0.000   8.153 0.000  3.290 0.000   4.863 0.000 0.030 0.000  0.419 0.000
228.208333 229.208333   30.64 0.000  1.50 0.000 9.999 0.259000  1.29 0.000000 0.068 0.000  1.577 0.000  2.208 0.000  18.163 0.000  4.034 0.000  14.129 0.000 0.031 0.000  1.820 0.000
231.208333 232.208333   14.51 0.000  2.98 0.000 9.999 0.259000  0.93 0.000000 0.050 0.000  0.892 0.000  1.249 0.000  16.244 0.000  1.979 0.000  14.265 0.000 0.024 0.000  2.476 0.000
234.208333 235.208333   13.69 0.000  1.62 0.000 9.999 0.259000 99.99 0.259000 0.035 0.559  1.706 0.000  2.389 0.000  10.878 0.000  3.761 0.000   7.117 0.000 0.024 0.000  0.638 0.559
237.208333 238.208333   27.41 0.000  2.40 0.000 9.999 0.259000  0.61 0.000000 0.073 0.000  1.857 0.000  2.600 0.000  13.485 0.000  4.934 0.000   8.551 0.000 0.035 0.000  0.883 0.000
240.208333 241.208333   18.00 0.000  0.61 0.000 9.999 0.259000  0.27 0.000000 0.018 0.000  0.673 0.000  0.942 0.000   5.747 0.000  2.012 0.000   3.735 0.000 0.021 0.000  0.444 0.000
243.208333 244.208333   14.22 0.000  0.26 0.000 9.999 0.259000 99.99 0.259000 0.016 0.000  0.642 0.000  0.898 0.000   6.434 0.000  1.673 0.000   4.760 0.000 0.014 0.000  0.710 0.000
246.208333 247.208333   13.62 0.000  2.61 0.000 9.999 0.259000  0.39 0.000000 0.035 0.000  1.185 0.000  1.659 0.000  11.758 0.000  2.255 0.000   9.503 0.000 0.022 0.000  1.446 0.000
249.208333 250.208333   22.32 0.000  0.94 0.000 9.999 0.259000 99.99 0.259000 0.028 0.559  1.421 0.000  1.990 0.000   9.139 0.000  4.734 0.000   4.406 0.000 0.045 0.000  0.225 0.559
252.208333 253.208333   13.50 0.000  0.88 0.000 0.064 0.000000  0.89 0.000000 0.076 0.000  1.284 0.000  1.798 0.000  12.133 0.000  3.258 0.000   8.875 0.000 0.024 0.000  1.375 0.000
255.208333 256.208333   56.69 0.000  0.94 0.000 9.999 0.259000  0.30 0.000000 0.028 0.000  1.119 0.000  1.567 0.000   9.219 0.000  3.530 0.000   5.690 0.000 0.022 0.000  0.688 0.000
258.208333 259.208333    9.37 0.000  1.35 0.000 9.999 0.259000  0.07 0.000000 0.017 0.000  1.086 0.000  1.521 0.000   4.270 0.000  2.052 0.000   2.219 0.000 0.026 0.000  0.174 0.000
261.208333 262.208333   33.26 0.000  1.24 0.000 9.999 0.259000  0.46 0.000000 0.028 0.000  0.509 0.000  0.713 0.000   8.358 0.000  5.188 0.000   3.170 0.000 0.032 0.000  0.294 0.000
264.208333 265.208333    7.20 0.559  2.83 0.559 9.999 0.559259  0.47 0.559000 0.052 0.000  0.743 0.000  1.040 0.000  10.780 0.000  2.092 0.000   8.688 0.559 0.020 0.559  1.528 0.000
267.208333 268.208333    2.15 0.000  1.13 0.000 9.999 0.259000  0.23 0.000000 0.092 0.000  0.194 0.000  0.271 0.000   4.366 0.000  1.120 0.000   3.246 0.000 0.014 0.000  0.671 0.000
270.208333 271.208333    5.05 0.000  1.56 0.000 9.999 0.259000  0.15 0.000000 0.031 0.000  0.595 0.000  0.833 0.000   5.671 0.000  1.865 0.000   3.806 0.000 0.043 0.000  0.483 0.000
273.208333 274.208333    7.45 0.000  2.91 0.000 9.999 0.259000 99.99 0.259000 0.018 0.000  0.896 0.000  1.255 0.000   3.980 0.000  1.606 0.000   2.374 0.000 0.027 0.000  0.136 0.000
276.208333 277.208333   72.74 0.000  3.92 0.000 9.999 0.259000  0.20 0.000000 0.082 0.000  3.300 0.000  4.620 0.000  28.460 0.000  8.312 0.000  20.148 0.000 0.083 0.000  2.700 0.000
279.208333 280.208333    2.51 0.000  0.62 0.000 9.999 0.259000 99.99 0.259000 0.007 0.000  0.311 0.000  0.435 0.000   1.868 0.000  0.711 0.000   1.157 0.000 0.014 0.000  0.134 0.000
282.208333 283.208333   23.33 0.000  2.42 0.000 9.999 0.259000  0.21 0.000000 0.026 0.000  1.203 0.000  1.685 0.000   8.082 0.000  3.492 0.000   4.590 0.000 0.049 0.000  0.430 0.000
285.208333 286.208333   21.42 0.000  2.72 0.000 9.999 0.259000  0.80 0.000000 0.147 0.000  1.868 0.000  2.615 0.000  14.376 0.000  3.129 0.000  11.248 0.000 0.069 0.000  1.409 0.000
288.208333 289.208333   12.43 0.000  2.02 0.000 9.999 0.259000  0.47 0.000000 0.054 0.000  0.935 0.000  1.309 0.000   7.926 0.000  2.806 0.000   5.120 0.000 0.034 0.000  0.655 0.000
291.208333 292.208333   14.59 0.000  1.19 0.000 9.999 0.259000  0.40 0.000000 0.024 0.000  0.921 0.000  1.290 0.000   4.657 0.000  1.557 0.000   3.100 0.000 0.025 0.000  0.283 0.000
294.208333 295.208333   12.59 0.000  1.26 0.000 9.999 0.259000 99.99 0.259000 0.028 0.000  1.224 0.000  1.713 0.000   6.457 0.000  1.293 0.000   5.164 0.000 0.032 0.000  0.668 0.000
297.208333 298.208333    6.00 0.000  7.84 0.000 0.020 0.000000  0.61 0.000000 0.059 0.000  1.278 0.000  1.789 0.000   6.985 0.000  1.777 0.000   5.208 0.000 0.026 0.000  0.611 0.000
300.208333 301.208333    2.66 0.000  0.25 0.000 9.999 0.259000 99.99 0.259000 0.004 0.000  0.338 0.000  0.473 0.000   1.797 0.000  0.586 0.000   1.212 0.000 0.015 0.000  0.135 0.000
303.208333 304.208333   12.20 0.000  1.23 0.000 9.999 0.259000  0.24 0.000000 0.039 0.000  0.755 0.000  1.057 0.000   4.412 0.000  1.889 0.000   2.523 0.000 0.028 0.000  0.184 0.000
306.208333 307.208333   22.73 0.000  1.38 0.000 9.999 0.259000  0.74 0.000000 0.086 0.000  1.653 0.000  2.314 0.000  10.013 0.000  3.275 0.000   6.738 0.000 0.036 0.000  0.779 0.000
309.208333 310.208333    5.38 0.000  0.74 0.000 9.999 0.259000  0.11 0.000000 0.019 0.559  0.356 0.000  0.499 0.000   2.910 0.000  0.937 0.000   1.973 0.000 0.018 0.000  0.233 0.559
312.208333 313.208333    8.80 0.000  0.81 0.000 9.999 0.259000  0.50 0.000000 0.060 0.559  0.608 0.000  0.852 0.000   3.616 0.000  1.262 0.000   2.354 0.000 0.017 0.000  0.202 0.559
315.208333 316.208333    3.31 0.000  0.88 0.000 0.012 0.000000 99.99 0.259000 0.026 0.000  0.313 0.000  0.438 0.000   1.736 0.000  0.265 0.000   1.471 0.000 0.015 0.000  0.176 0.000
318.208333 319.208333   32.17 0.000  3.64 0.000 9.999 0.259000  0.36 0.000000 0.237 0.559  3.804 0.000  5.326 0.000  17.157 0.000  2.506 0.000  14.651 0.000 0.088 0.000  1.717 0.559
321.208333 322.208333   13.81 0.000  4.87 0.000 9.999 0.259000  0.59 0.000000 0.064 0.000  1.671 0.000  2.339 0.000   6.168 0.000  1.776 0.000   4.392 0.000 0.058 0.000  0.255 0.000
324.208333 325.208333    2.86 0.000  1.09 0.000 9.999 0.259000  0.13 0.000000 0.012 0.000  0.409 0.000  0.573 0.000   2.055 0.000  0.281 0.000   1.774 0.000 0.021 0.000  0.157 0.000
327.208333 328.208333   19.68 0.000  2.46 0.000 9.999 0.259000  1.01 0.000000 0.280 0.000  1.503 0.000  2.104 0.000  11.629 0.000  2.566 0.000   9.063 0.000 0.052 0.000  1.052 0.000
330.208333 331.208333    8.67 0.000  1.20 0.000 9.999 0.259000  0.90 0.000000 0.062 0.000  0.906 0.000  1.268 0.000   5.903 0.000  1.704 0.000   4.199 0.000 0.035 0.000  0.448 0.000
