scripts/IMPROVE-2019_partial/data/US2002R.20030103050000.20191216000000.filterpack..pm25.1y.1w.US03L_filterpack_US2002.US03L_IMPROVE_Davis.lev2.nas
66 1001
MISSING INFORMATION
US03L, IMPROVE, , , , , , , 
MISSING INFORMATION
IMPROVE sel_HTAP
1 1
2003 01 01 2019 12 16
3.000000
days from file reference point
27
1 1 1 1 1 1 1 1 1 1 1 1 1 1 1 1 1 1 1 1 1 1 1 1 1 1 1
999.999999 999.99 9.999 99.99 9.999 9.999 9.999 99.99 9.999 9.999 9.999 99.999 9.999 99.999 9.999 99.99 9.999999 999.999 9.999 99.999 9.999 999.999 9.999 9.999 9.999 99.999 9.999
end_time of measurement, days from the file reference point
iron, ng/m3, Revision date=20181210133000
numflag iron, no unit, Revision date=20181210133000
lead, ng/m3, Revision date=20181210133000
numflag lead, no unit, Revision date=20181210133000
magnesium, ug/m3, Revision date=20181210133000
numflag magnesium, no unit, Revision date=20181210133000
nickel, ng/m3, Revision date=20181210133000
numflag nickel, no unit, Revision date=20181210133000
nitrate, ug N/m3, Revision date=20181210133000
numflag nitrate, no unit, Revision date=20181210133000
organic_carbon, ug C/m3, Revision date=20181210133000
numflag organic_carbon, no unit, Revision date=20181210133000
organic_mass, ug/m3, Revision date=20181210133000
numflag organic_mass, no unit, Revision date=20181210133000
phosphorus, ng/m3, Revision date=20181210133000
numflag phosphorus, no unit, Revision date=20181210133000
pm10_mass, ug/m3, Version=2, Version description=Data extracted from http://views.cira.colostate.edu/fed/DataWizard 2019-12-16, Sample duration=1d, Orig. time res.=3d, Matrix=pm10, Blank correction=Blank corrected, Volume std. temperature=ambient, Volume std. pressure=ambient
numflag pm10_mass, no unit, Version=2, Version description=Data extracted from http://views.cira.colostate.edu/fed/DataWizard 2019-12-16, Sample duration=1d, Orig. time res.=3d, Matrix=pm10, Blank correction=Blank corrected, Volume std. temperature=ambient, Volume std. pressure=ambient
pm10_pm25_mass, ug/m3, Revision date=20181210133000, Matrix=pm10_pm25
numflag pm10_pm25_mass, no unit, Revision date=20181210133000, Matrix=pm10_pm25
pm25_mass, ug/m3, Version=2, Version description=Data extracted from http://views.cira.colostate.edu/fed/DataWizard 2019-12-16, Sample duration=1d, Orig. time res.=3d, Blank correction=Blank corrected, Volume std. temperature=ambient, Volume std. pressure=ambient
numflag pm25_mass, no unit, Version=2, Version description=Data extracted from http://views.cira.colostate.edu/fed/DataWizard 2019-12-16, Sample duration=1d, Orig. time res.=3d, Blank correction=Blank corrected, Volume std. temperature=ambient, Volume std. pressure=ambient
potassium, ug/m3, Revision date=20181210133000
numflag potassium, no unit, Revision date=20181210133000
sulphate_total, ug S/m3, Revision date=20181210133000
numflag sulphate_total, no unit, Revision date=20181210133000
0
25
Data definition:              EBAS_1.1
Set type code:                TU
Timezone:                     UTC
File name:                    US2002R.20030103050000.20191216000000.filterpack..pm25.1y.1w.US03L_filterpack_US2002.US03L_IMPROVE_Davis.lev2.nas
File creation:                20191218120340
Startdate:                    20030103050000
Revision date:                20191216000000
Statistics:                   arithmetic mean
Data level:                   2
Period code:                  1y
Resolution code:              1w
Station code:                 US2002R
Platform code:                US2002S
Station name:                 Bridgton (ME02)
Station latitude:             44.1075
Station longitude:            -70.7289
Station altitude:             222.0 m
Regime:                       IMG
Component:                    
Matrix:                       pm25
Laboratory code:              US03L
Instrument type:              filterpack
Instrument name:              filterpack_US2002
Method ref:                   US03L_IMPROVE_Davis
starttime endtime Fe flag_Fe Pb flag_Pb Mg++ flag_Mg++ Ni flag_Ni NO3- flag_NO3- OC flag_OC OM flag_OM P flag_P PM10 flag_PM10 PM10-PM2.5 flag_PM10-PM2.5 PM2.5 flag_PM2.5 K+ flag_K+ SO4-- flag_SO4--
  2.208333   3.208333   8.40 0.000  1.16 0.000 9.999 0.259  0.38 0.000 0.047 0.559  0.751 0.000  1.052 0.000 99.99 0.259000   6.182 0.000  3.887 0.000   2.295 0.000 0.036 0.000  0.205 0.559
  5.208333   6.208333   5.61 0.000  0.63 0.000 0.074 0.000  0.52 0.000 0.115 0.559  1.307 0.000  1.829 0.000 99.99 0.259000   6.944 0.000  0.751 0.000   6.193 0.000 0.032 0.000  0.898 0.559
  8.208333   9.208333   3.46 0.000  1.10 0.000 9.999 0.259  0.12 0.000 0.046 0.559  0.922 0.000  1.290 0.000 99.99 0.259000   2.988 0.000  0.643 0.000   2.345 0.000 0.025 0.000  0.235 0.559
 11.208333  12.208333   4.17 0.000  0.50 0.000 9.999 0.259  0.14 0.000 0.047 0.559  0.764 0.000  1.070 0.000 99.99 0.259000   3.472 0.000  1.107 0.000   2.365 0.000 0.021 0.000  0.278 0.559
 14.208333  15.208333  10.43 0.000  1.49 0.000 9.999 0.259  0.28 0.000 0.093 0.559  0.964 0.000  1.350 0.000 99.99 0.259000   3.877 0.000  1.363 0.000   2.514 0.000 0.047 0.000  0.194 0.559
 17.208333  18.208333  21.48 0.000  1.97 0.000 9.999 0.259  1.06 0.000 0.236 0.559  1.778 0.000  2.490 0.000 99.99 0.259000   7.287 0.000  2.207 0.000   5.081 0.000 0.055 0.000  0.363 0.559
 20.208333  21.208333   5.88 0.000  1.24 0.000 9.999 0.259  0.12 0.000 0.053 0.559  0.381 0.000  0.533 0.000 99.99 0.259000   3.025 0.000  1.545 0.000   1.480 0.000 0.017 0.000  0.202 0.559
 23.208333  24.208333   9.04 0.000  1.04 0.000 0.023 0.000  0.43 0.000 0.162 0.559  0.780 0.000  1.092 0.000 99.99 0.259000   4.260 0.000  1.495 0.000   2.766 0.000 0.032 0.000  0.288 0.559
 26.208333  27.208333  10.95 0.000  1.80 0.000 9.999 0.259  0.49 0.000 0.184 0.559  0.855 0.000  1.197 0.000 99.99 0.259000   6.044 0.000  2.422 0.000   3.622 0.000 0.045 0.000  0.469 0.559
 29.208333  30.208333  24.93 0.000  3.54 0.000 0.019 0.000  0.70 0.000 0.415 0.559  2.702 0.000  3.783 0.000 99.99 0.259000  14.017 0.000  2.482 0.000  11.534 0.000 0.079 0.000  1.546 0.559
 32.208333  33.208333   1.52 0.000  0.52 0.000 0.062 0.000  0.14 0.000 0.015 0.559  0.570 0.000  0.799 0.000 99.99 0.259000   2.231 0.000  0.570 0.000   1.661 0.000 0.013 0.000  0.306 0.559
 35.208333  36.208333   3.64 0.000  0.58 0.000 9.999 0.259 99.99 0.259 0.026 0.559  0.187 0.000  0.261 0.000 99.99 0.259000   3.006 0.000  1.443 0.000   1.563 0.000 0.009 0.000  0.236 0.559
 38.208333  39.208333   7.64 0.456  1.35 0.456 0.027 0.456  0.18 0.456 0.116 0.559  0.945 0.000  1.323 0.000 99.99 0.456259   4.954 0.000 99.999 0.999 999.999 0.456 0.024 0.456  0.511 0.559
 41.208333  42.208333   9.90 0.000  0.93 0.000 0.024 0.000  0.27 0.000 0.131 0.559  1.410 0.000  1.974 0.000 99.99 0.259000   6.932 0.000  2.366 0.000   4.566 0.000 0.035 0.000  0.449 0.559
 44.208333  45.208333   8.34 0.000  2.58 0.000 0.055 0.000  0.28 0.000 0.142 0.559  1.205 0.000  1.687 0.000 99.99 0.259000   6.735 0.000  2.569 0.000   4.167 0.000 0.040 0.000  0.398 0.559
 47.208333  48.208333  13.29 0.000  2.58 0.000 9.999 0.259  0.94 0.000 0.101 0.559  1.458 0.000  2.042 0.000 99.99 0.259000   6.730 0.000  2.160 0.000   4.570 0.000 0.093 0.000  0.416 0.559
 50.208333  51.208333  16.06 0.000  1.39 0.000 9.999 0.259  0.32 0.000 0.119 0.559  1.072 0.000  1.501 0.000 99.99 0.259000   8.460 0.000  1.545 0.000   6.915 0.000 0.027 0.000  1.237 0.559
 53.208333  54.208333   2.62 0.000  2.12 0.000 9.999 0.259  0.44 0.000 0.019 0.559  0.511 0.000  0.715 0.000 99.99 0.259000   2.820 0.000  0.292 0.000   2.528 0.000 0.019 0.000  0.414 0.559
 56.208333  57.208333  19.66 0.000  4.52 0.000 9.999 0.259  0.20 0.000 0.059 0.559  1.190 0.000  1.666 0.000 99.99 0.259000   6.987 0.000  2.228 0.000   4.759 0.000 0.055 0.000  0.666 0.559
 59.208333  60.208333  29.16 0.000  3.30 0.000 0.031 0.000  2.35 0.000 0.215 0.559  2.673 0.000  3.742 0.000 99.99 0.259000  13.762 0.000  3.000 0.000  10.762 0.000 0.067 0.000  1.586 0.559
 62.208333  63.208333  18.57 0.000  2.37 0.000 9.999 0.259  1.36 0.000 0.133 0.559  1.385 0.000  1.939 0.000 99.99 0.259000   7.405 0.000  2.301 0.000   5.104 0.000 0.046 0.000  0.693 0.559
 65.208333  66.208333  16.43 0.000  1.84 0.000 9.999 0.259  0.91 0.000 0.117 0.559  1.101 0.000  1.542 0.000 99.99 0.259000   5.801 0.000  1.940 0.000   3.861 0.000 0.042 0.000  0.532 0.559
 68.208333  69.208333  21.91 0.000  2.01 0.000 9.999 0.259  0.13 0.000 0.090 0.559  1.093 0.000  1.530 0.000 99.99 0.259000   6.518 0.000  2.503 0.000   4.016 0.000 0.044 0.000  0.591 0.559
 71.208333  72.208333  14.97 0.000  1.06 0.000 9.999 0.259  0.37 0.000 0.098 0.559  0.770 0.000  1.078 0.000 99.99 0.259000   4.150 0.000  1.605 0.000   2.544 0.000 0.037 0.000  0.404 0.559
 74.208333  75.208333  28.48 0.000  5.02 0.000 9.999 0.259  1.69 0.000 0.426 0.559  2.458 0.000  3.441 0.000 99.99 0.259000  13.173 0.000  3.463 0.000   9.710 0.000 0.065 0.000  1.318 0.559
 77.208333  78.208333  17.28 0.000  1.40 0.000 9.999 0.259  0.28 0.000 0.085 0.559  0.835 0.000  1.168 0.000 99.99 0.259000   5.303 0.000  2.173 0.000   3.130 0.000 0.037 0.000  0.317 0.559
 80.208333  81.208333  10.58 0.000  2.06 0.000 9.999 0.259  0.84 0.000 0.108 0.559  1.528 0.000  2.139 0.000 99.99 0.259000   5.815 0.000  1.426 0.000   4.389 0.000 0.036 0.000  0.346 0.559
 83.208333  84.208333  13.37 0.000  1.37 0.000 0.032 0.000  0.94 0.000 0.280 0.559  1.169 0.000  1.636 0.000 99.99 0.259000  11.076 0.000  2.244 0.000   8.832 0.000 0.029 0.000  1.746 0.559
 86.208333  87.208333  18.08 0.000  1.60 0.000 9.999 0.259  0.40 0.000 0.101 0.559  0.970 0.000  1.358 0.000 99.99 0.259000   9.245 0.000  3.259 0.000   5.987 0.000 0.026 0.000  0.960 0.559
 89.208333  90.208333   9.31 0.000  0.92 0.000 9.999 0.259  0.20 0.000 0.035 0.559  0.376 0.000  0.527 0.000 99.99 0.259000   3.811 0.000  1.166 0.000   2.646 0.000 0.016 0.000  0.520 0.559
 92.208333  93.208333  18.82 0.000  2.37 0.000 9.999 0.259  0.23 0.000 0.140 0.559  1.454 0.000  2.035 0.000 99.99 0.259000   9.680 0.000  2.495 0.000   7.185 0.000 0.041 0.000  1.150 0.559
 95.208333  96.208333   9.64 0.000  1.00 0.000 9.999 0.259  0.18 0.000 0.059 0.559  0.497 0.000  0.696 0.000 99.99 0.259000   3.746 0.000  0.782 0.000   2.963 0.000 0.031 0.000  0.490 0.559
 98.208333  99.208333  28.11 0.000  2.36 0.000 9.999 0.259  0.50 0.000 0.161 0.559  1.496 0.000  2.095 0.000 99.99 0.259000  10.774 0.000  4.758 0.000   6.016 0.000 0.066 0.000  0.673 0.559
101.208333 102.208333  20.12 0.000  1.37 0.000 9.999 0.259  0.52 0.000 0.106 0.559  1.185 0.000  1.659 0.000 99.99 0.259000   7.441 0.000  2.751 0.000   4.690 0.000 0.053 0.000  0.560 0.559
104.208333 105.208333  69.21 0.000  3.30 0.000 9.999 0.259  0.66 0.000 0.121 0.559  2.719 0.000  3.806 0.000 99.99 0.259000  19.247 0.000  7.720 0.000  11.527 0.000 0.072 0.000  1.453 0.559
107.208333 108.208333  17.31 0.000  0.99 0.000 9.999 0.259  0.28 0.000 0.085 0.559  0.774 0.000  1.083 0.000 99.99 0.259000   8.418 0.000  4.662 0.000   3.755 0.000 0.037 0.000  0.467 0.559
110.208333 111.208333  20.09 0.000  1.37 0.000 9.999 0.259  0.26 0.000 0.076 0.559  1.014 0.000  1.420 0.000 99.99 0.259000   8.994 0.000  3.726 0.000   5.268 0.000 0.026 0.000  0.753 0.559
113.208333 114.208333   1.32 0.000  0.25 0.000 0.018 0.000  0.13 0.000 0.015 0.559  0.271 0.000  0.379 0.000  1.64 0.000000   1.004 0.000  0.343 0.000   0.661 0.000 0.007 0.000  0.083 0.559
116.208333 117.208333  17.36 0.000  1.43 0.000 9.999 0.259 99.99 0.259 0.033 0.559  0.660 0.000  0.923 0.000 99.99 0.259000   4.225 0.000  0.948 0.000   3.277 0.000 0.027 0.000  0.487 0.559
119.208333 120.208333  34.49 0.000  1.49 0.000 9.999 0.259  0.13 0.000 0.028 0.559  0.738 0.000  1.033 0.000 99.99 0.259000   5.291 0.000  2.561 0.000   2.730 0.000 0.039 0.000  0.274 0.559
122.208333 123.208333  19.84 0.000  0.83 0.000 9.999 0.259 99.99 0.259 0.020 0.559  0.651 0.000  0.911 0.000 99.99 0.259000   4.117 0.000  1.494 0.000   2.623 0.000 0.023 0.000  0.337 0.559
125.208333 126.208333  22.51 0.000  1.61 0.000 9.999 0.259  0.37 0.000 0.087 0.559  0.857 0.000  1.199 0.000 99.99 0.259000   5.876 0.000  2.730 0.000   3.146 0.000 0.022 0.000  0.287 0.559
128.208333 129.208333   4.94 0.000  1.31 0.000 0.030 0.000  0.30 0.000 0.054 0.559  1.040 0.000  1.456 0.000 99.99 0.259000   5.104 0.000  1.346 0.000   3.758 0.000 0.018 0.000  0.370 0.559
131.208333 132.208333 999.99 0.999 99.99 0.999 9.999 0.999 99.99 0.999 9.999 0.999 99.999 0.999 99.999 0.999 99.99 0.999000 999.999 0.999 99.999 0.999 999.999 0.999 9.999 0.999 99.999 0.999
134.208333 135.208333 999.99 0.999 99.99 0.999 9.999 0.999 99.99 0.999 9.999 0.999 99.999 0.999 99.999 0.999 99.99 0.999000 999.999 0.999 99.999 0.999 999.999 0.999 9.999 0.999 99.999 0.999
137.208333 138.208333 999.99 0.999 99.99 0.999 9.999 0.999 99.99 0.999 9.999 0.999 99.999 0.999 99.999 0.999 99.99 0.999000 999.999 0.999 99.999 0.999 999.999 0.999 9.999 0.999 99.999 0.999
140.208333 141.208333 999.99 0.999 99.99 0.999 9.999 0.999 99.99 0.999 9.999 0.999 99.999 0.999 99.999 0.999 99.99 0.999000 999.999 0.999 99.999 0.999 999.999 0.999 9.999 0.999 99.999 0.999
143.208333 144.208333 999.99 0.999 99.99 0.999 9.999 0.999 99.99 0.999 9.999 0.999 99.999 0.999 99.999 0.999 99.99 0.999000 999.999 0.999 99.999 0.999 999.999 0.999 9.999 0.999 99.999 0.999
146.208333 147.208333 999.99 0.999 99.99 0.999 9.999 0.999 99.99 0.999 9.999 0.999 99.999 0.999 99.999 0.999 99.99 0.999000 999.999 0.999 99.999 0.999 999.999 0.999 9.999 0.999 99.999 0.999
149.208333 150.208333 999.99 0.999 99.99 0.999 9.999 0.999 99.99 0.999 9.999 0.999 99.999 0.999 99.999 0.999 99.99 0.999000 999.999 0.999 99.999 0.999 999.999 0.999 9.999 0.999 99.999 0.999
152.208333 153.208333 999.99 0.999 99.99 0.999 9.999 0.999 99.99 0.999 9.999 0.999 99.999 0.999 99.999 0.999 99.99 0.999000 999.999 0.999 99.999 0.999 999.999 0.999 9.999 0.999 99.999 0.999
155.208333 156.208333   9.84 0.000  1.22 0.000 0.046 0.000  0.37 0.000 0.036 0.559  1.109 0.000  1.553 0.000 99.99 0.259000   5.531 0.000  1.907 0.000   3.623 0.000 0.028 0.000  0.263 0.559
158.208333 159.208333  16.21 0.000  3.01 0.000 0.042 0.000  0.31 0.000 0.135 0.559  2.179 0.000  3.050 0.000 99.99 0.259000  11.119 0.000  1.488 0.000   9.632 0.000 0.039 0.000  1.204 0.559
161.208333 162.208333  20.86 0.000  1.96 0.000 0.081 0.000  0.44 0.000 0.062 0.559  1.825 0.000  2.554 0.000 99.99 0.259000  11.987 0.000  2.809 0.000   9.179 0.000 0.034 0.000  1.088 0.559
164.208333 165.208333   2.07 0.000  1.14 0.000 9.999 0.259 99.99 0.259 0.017 0.559  0.621 0.000  0.870 0.000 99.99 0.259000   3.179 0.000  1.346 0.000   1.834 0.000 0.015 0.000  0.128 0.559
167.208333 168.208333  19.76 0.000  1.32 0.000 9.999 0.259  0.43 0.000 0.097 0.000  1.991 0.000  2.787 0.000 99.99 0.259000  11.434 0.000  5.601 0.000   5.833 0.000 0.030 0.000  0.503 0.000
170.208333 171.208333  12.15 0.000  0.75 0.000 9.999 0.259  0.15 0.000 0.024 0.559  1.626 0.000  2.277 0.000 99.99 0.259000   8.731 0.000  3.380 0.000   5.351 0.000 0.023 0.000  0.497 0.559
173.208333 174.208333  17.52 0.000  2.39 0.000 0.031 0.000  0.76 0.000 0.056 0.559  2.841 0.000  3.977 0.000 99.99 0.259000  10.417 0.000  3.087 0.000   7.330 0.000 0.039 0.000  0.466 0.559
176.208333 177.208333  63.98 0.000  2.35 0.000 9.999 0.259  0.32 0.000 0.055 0.559  5.069 0.000  7.097 0.000 99.99 0.259000  36.366 0.000  5.376 0.000  30.990 0.000 0.090 0.000  4.649 0.559
179.208333 180.208333  26.11 0.000  1.74 0.000 9.999 0.259  0.41 0.000 0.052 0.559  4.526 0.000  6.337 0.000 99.99 0.259000  18.973 0.000  5.477 0.000  13.496 0.000 0.055 0.000  1.084 0.559
182.208333 183.208333  15.71 0.000  1.07 0.000 9.999 0.259  0.16 0.000 0.033 0.559  1.680 0.000  2.352 0.000 99.99 0.259000   9.507 0.000  4.586 0.000   4.921 0.000 0.025 0.000  0.302 0.559
185.208333 186.208333  31.77 0.000  3.82 0.000 9.999 0.259  0.36 0.000 0.084 0.559  3.399 0.000  4.759 0.000 99.99 0.259000  22.458 0.000  4.482 0.000  17.976 0.000 0.166 0.000  2.424 0.559
188.208333 189.208333  28.72 0.000  1.66 0.000 9.999 0.259  2.00 0.000 0.083 0.559  2.538 0.000  3.553 0.000 99.99 0.259000  21.736 0.000  3.739 0.000  17.997 0.000 0.066 0.000  2.731 0.559
191.208333 192.208333   9.63 0.000  0.74 0.000 9.999 0.259  0.55 0.000 0.088 0.559  0.784 0.000  1.098 0.000 99.99 0.259000   5.726 0.000  2.680 0.000   3.046 0.000 0.025 0.000  0.219 0.559
194.208333 195.208333  13.70 0.000  0.68 0.000 0.047 0.000  0.07 0.000 0.027 0.559  1.998 0.000  2.798 0.000 99.99 0.259000   7.878 0.000  3.127 0.000   4.752 0.000 0.022 0.000  0.132 0.559
197.208333 198.208333   3.71 0.000  0.69 0.000 0.036 0.000  0.05 0.000 0.036 0.559  0.967 0.000  1.354 0.000 99.99 0.259000   5.612 0.000  2.321 0.000   3.291 0.000 0.016 0.000  0.339 0.559
200.208333 201.208333  10.17 0.000  1.36 0.000 0.036 0.000  0.12 0.000 0.018 0.559  1.759 0.000  2.462 0.000 99.99 0.259000   6.904 0.000  2.617 0.000   4.287 0.000 0.032 0.000  0.148 0.559
203.208333 204.208333  12.80 0.000  1.21 0.000 9.999 0.259  0.40 0.000 0.043 0.559  2.040 0.000  2.856 0.000 99.99 0.259000  10.541 0.000  1.982 0.000   8.559 0.000 0.036 0.000  0.803 0.559
206.208333 207.208333  22.23 0.000  2.45 0.000 9.999 0.259  0.15 0.000 0.029 0.000  1.840 0.000  2.576 0.000 99.99 0.259000  19.149 0.000  3.757 0.000  15.392 0.000 0.038 0.000  2.477 0.000
209.208333 210.208333 999.99 0.999 99.99 0.999 9.999 0.999 99.99 0.999 0.107 0.000  2.065 0.000  2.892 0.000 99.99 0.999000   9.800 0.000 99.999 0.999 999.999 0.999 9.999 0.999  0.834 0.000
212.208333 213.208333 999.99 0.999 99.99 0.999 9.999 0.999 99.99 0.999 0.019 0.000  1.313 0.000  1.838 0.000 99.99 0.999000   6.696 0.000 99.999 0.999 999.999 0.999 9.999 0.999  0.197 0.000
215.208333 216.208333 999.99 0.999 99.99 0.999 9.999 0.999 99.99 0.999 9.999 0.999 99.999 0.999 99.999 0.999 99.99 0.999000 999.999 0.999 99.999 0.999 999.999 0.999 9.999 0.999 99.999 0.999
218.208333 219.208333 999.99 0.999 99.99 0.999 9.999 0.999 99.99 0.999 9.999 0.999 99.999 0.999 99.999 0.999 99.99 0.999000 999.999 0.999 99.999 0.999 999.999 0.999 9.999 0.999 99.999 0.999
221.208333 222.208333 999.99 0.999 99.99 0.999 9.999 0.999 99.99 0.999 9.999 0.999 99.999 0.999 99.999 0.999 99.99 0.999000 999.999 0.999 99.999 0.999 999.999 0.999 9.999 0.999 99.999 0.999
224.208333 225.208333 999.99 0.999 99.99 0.999 9.999 0.999 99.99 0.999 0.031 0.000  1.610 0.000  2.254 0.000 99.99 0.999000   9.615 0.000 99.999 0.999 999.999 0.999 9.999 0.999  0.659 0.000
227.208333 228.208333 999.99 0.999 99.99 0.999 9.999 0.999 99.99 0.999 0.031 0.000  3.408 0.000  4.771 0.000 99.99 0.999000  17.875 0.000 99.999 0.999 999.999 0.999 9.999 0.999  1.541 0.000
230.208333 231.208333 999.99 0.999 99.99 0.999 9.999 0.999 99.99 0.999 0.022 0.000  2.546 0.000  3.565 0.000 99.99 0.999000  10.090 0.000 99.999 0.999 999.999 0.999 9.999 0.999  0.247 0.000
233.208333 234.208333  36.30 0.000  1.92 0.000 0.157 0.000  0.28 0.000 0.071 0.000  3.611 0.000  5.055 0.000 99.99 0.259000  30.654 0.000  5.980 0.000  24.674 0.000 0.058 0.000  4.350 0.000
236.208333 237.208333   7.06 0.000  1.27 0.000 9.999 0.259 99.99 0.259 0.019 0.000  1.089 0.000  1.525 0.000 99.99 0.259000   4.712 0.000  1.922 0.000   2.790 0.000 0.020 0.000  0.060 0.000
239.208333 240.208333   4.70 0.394  1.25 0.394 0.053 0.394  0.05 0.394 0.008 0.394  0.575 0.000  0.805 0.000 99.99 0.394259   5.855 0.000  3.444 0.000   2.411 0.000 0.012 0.394  0.230 0.394
242.208333 243.208333  11.21 0.000  1.05 0.000 9.999 0.259  0.54 0.000 0.015 0.000  0.799 0.000  1.118 0.000 99.99 0.259000   5.002 0.000  1.711 0.000   3.291 0.000 0.023 0.000  0.220 0.000
245.208333 246.208333   9.50 0.000  0.45 0.000 9.999 0.259  0.29 0.000 0.027 0.000  0.991 0.000  1.387 0.000 99.99 0.259000   6.448 0.000  2.961 0.000   3.487 0.000 0.015 0.000  0.251 0.000
248.208333 249.208333   7.93 0.000  1.23 0.000 9.999 0.259  0.15 0.000 0.012 0.000  0.821 0.000  1.150 0.000 99.99 0.259000   4.671 0.000  2.044 0.000   2.627 0.000 0.022 0.000  0.196 0.000
251.208333 252.208333 999.99 0.999 99.99 0.999 9.999 0.999 99.99 0.999 9.999 0.999 99.999 0.999 99.999 0.999 99.99 0.999000 999.999 0.999 99.999 0.999 999.999 0.999 9.999 0.999 99.999 0.999
