scripts/IMPROVE-2019_partial/data/US2098R.20000101050000.20191216000000.filterpack..pm25.52w.1w.US03L_filterpack_US2098.US03L_IMPROVE_Davis.lev2.nas
66 1001
MISSING INFORMATION
US03L, IMPROVE, , , , , , , 
MISSING INFORMATION
IMPROVE sel_HTAP
1 1
2000 01 01 2019 12 16
0
days from file reference point
27
1 1 1 1 1 1 1 1 1 1 1 1 1 1 1 1 1 1 1 1 1 1 1 1 1 1 1
999.999999 9999.99 9.999 99.99 9.999 9.999 9.999 99.99 9.999 9.999 9.999 99.999 9.999 99.999 9.999 999.9 9.999 999.999 9.999 999.999 9.999 999.999 9.999 9.999 9.999 99.999 9.999
end_time of measurement, days from the file reference point
iron, ng/m3, Revision date=20181210133000
numflag iron, no unit, Revision date=20181210133000
lead, ng/m3, Revision date=20181210133000
numflag lead, no unit, Revision date=20181210133000
magnesium, ug/m3, Revision date=20181210133000
numflag magnesium, no unit, Revision date=20181210133000
nickel, ng/m3, Revision date=20181210133000
numflag nickel, no unit, Revision date=20181210133000
nitrate, ug N/m3, Revision date=20181210133000
numflag nitrate, no unit, Revision date=20181210133000
organic_carbon, ug C/m3, Revision date=20181210133000
numflag organic_carbon, no unit, Revision date=20181210133000
organic_mass, ug/m3, Revision date=20181210133000
numflag organic_mass, no unit, Revision date=20181210133000
phosphorus, ng/m3, Revision date=20181210133000
numflag phosphorus, no unit, Revision date=20181210133000
pm10_mass, ug/m3, Version=2, Version description=Data extracted from http://views.cira.colostate.edu/fed/DataWizard 2019-12-16, Sample duration=1d, Orig. time res.=3d, Matrix=pm10, Blank correction=Blank corrected, Volume std. temperature=ambient, Volume std. pressure=ambient
numflag pm10_mass, no unit, Version=2, Version description=Data extracted from http://views.cira.colostate.edu/fed/DataWizard 2019-12-16, Sample duration=1d, Orig. time res.=3d, Matrix=pm10, Blank correction=Blank corrected, Volume std. temperature=ambient, Volume std. pressure=ambient
pm10_pm25_mass, ug/m3, Revision date=20181210133000, Matrix=pm10_pm25
numflag pm10_pm25_mass, no unit, Revision date=20181210133000, Matrix=pm10_pm25
pm25_mass, ug/m3, Version=2, Version description=Data extracted from http://views.cira.colostate.edu/fed/DataWizard 2019-12-16, Sample duration=1d, Orig. time res.=3d, Blank correction=Blank corrected, Volume std. temperature=ambient, Volume std. pressure=ambient
numflag pm25_mass, no unit, Version=2, Version description=Data extracted from http://views.cira.colostate.edu/fed/DataWizard 2019-12-16, Sample duration=1d, Orig. time res.=3d, Blank correction=Blank corrected, Volume std. temperature=ambient, Volume std. pressure=ambient
potassium, ug/m3, Revision date=20181210133000
numflag potassium, no unit, Revision date=20181210133000
sulphate_total, ug S/m3, Revision date=20181210133000
numflag sulphate_total, no unit, Revision date=20181210133000
0
25
Data definition:              EBAS_1.1
Set type code:                TI
Timezone:                     UTC
File name:                    US2098R.20000101050000.20191216000000.filterpack..pm25.52w.1w.US03L_filterpack_US2098.US03L_IMPROVE_Davis.lev2.nas
File creation:                20191218120350
Startdate:                    20000101050000
Revision date:                20191216000000
Statistics:                   arithmetic mean
Data level:                   2
Period code:                  52w
Resolution code:              1w
Station code:                 US2098R
Platform code:                US2098S
Station name:                 Acadia National Park-McFarland Hill (ME98)
Station latitude:             44.3772
Station longitude:            -68.2608
Station altitude:             150.0 m
Regime:                       IMG
Component:                    
Matrix:                       pm25
Laboratory code:              US03L
Instrument type:              filterpack
Instrument name:              filterpack_US2098
Method ref:                   US03L_IMPROVE_Davis
starttime endtime Fe flag_Fe Pb flag_Pb Mg++ flag_Mg++ Ni flag_Ni NO3- flag_NO3- OC flag_OC OM flag_OM P flag_P PM10 flag_PM10 PM10-PM2.5 flag_PM10-PM2.5 PM2.5 flag_PM2.5 K+ flag_K+ SO4-- flag_SO4--
  0.208333   1.208333   21.53 0.000  5.48 0.000 9.999 0.259  1.24 0.000 0.178 0.699  1.463 0.000  2.048 0.000 999.9 0.259  11.052 0.000   2.987 0.000   8.065 0.000 0.062 0.000  0.653 0.699
  4.208333   5.208333   12.03 0.000  0.46 0.000 0.011 0.000 99.99 0.259 0.019 0.699  0.274 0.000  0.383 0.000 999.9 0.259   2.719 0.000   0.888 0.000   1.831 0.000 0.017 0.000  0.193 0.699
  7.208333   8.208333   12.46 0.000  1.49 0.000 9.999 0.259  0.50 0.000 0.042 0.559  0.679 0.000  0.951 0.000 999.9 0.259   4.943 0.000   1.694 0.000   3.249 0.000 0.023 0.000  0.376 0.559
 11.208333  12.208333   11.02 0.000  1.71 0.000 9.999 0.259  0.34 0.000 0.038 0.699  0.496 0.000  0.694 0.000 999.9 0.259   7.822 0.000   4.478 0.000   3.345 0.000 0.021 0.000  0.410 0.699
 14.208333  15.208333   14.56 0.000  1.62 0.000 9.999 0.259 99.99 0.259 0.033 0.559  0.516 0.000  0.722 0.000 999.9 0.259   5.531 0.000   2.646 0.000   2.886 0.000 0.028 0.000  0.290 0.559
 18.208333  19.208333   26.03 0.000  2.27 0.000 9.999 0.259  0.79 0.000 0.106 0.699  1.029 0.000  1.441 0.000 999.9 0.259   5.035 0.000   0.946 0.000   4.089 0.000 0.048 0.000  0.330 0.699
 21.208333  22.208333   36.65 0.000  2.79 0.000 9.999 0.259 99.99 0.259 0.065 0.559  0.568 0.000  0.795 0.000 999.9 0.259  19.563 0.000  15.769 0.000   3.794 0.000 0.048 0.000  0.263 0.559
 25.208333  26.208333    7.77 0.000  1.23 0.000 9.999 0.259  0.93 0.000 0.141 0.559  0.852 0.000  1.193 0.000 999.9 0.259  13.556 0.559   5.628 0.000   7.927 0.000 0.052 0.000  0.819 0.559
 28.208333  29.208333   18.11 0.000  6.94 0.000 9.999 0.259  0.34 0.000 0.054 0.559  0.858 0.000  1.201 0.000 999.9 0.259   8.514 0.559   4.962 0.000   3.552 0.000 0.036 0.000  0.334 0.559
 32.208333  33.208333   18.73 0.000  0.72 0.000 9.999 0.259 99.99 0.259 0.085 0.699  0.809 0.000  1.132 0.000 999.9 0.259   5.376 0.000   1.426 0.000   3.950 0.000 0.037 0.000  0.333 0.699
 35.208333  36.208333   22.21 0.000  3.54 0.000 9.999 0.259  1.31 0.000 0.064 0.699  1.060 0.000  1.484 0.000 999.9 0.259   6.301 0.000   2.670 0.000   3.631 0.000 0.039 0.000  0.261 0.699
 39.208333  40.208333   35.02 0.000  3.95 0.000 0.088 0.000  3.36 0.000 0.385 0.699  1.321 0.000  1.850 0.000 999.9 0.259  20.292 0.000  10.628 0.000   9.665 0.000 0.060 0.000  0.882 0.699
 42.208333  43.208333   13.95 0.000  4.74 0.000 9.999 0.259  0.40 0.000 0.064 0.699  0.679 0.000  0.951 0.000 999.9 0.259   5.907 0.000   1.065 0.000   4.842 0.000 0.036 0.000  0.420 0.699
 46.208333  47.208333   19.09 0.000  4.71 0.000 9.999 0.259  1.13 0.000 0.101 0.559  1.080 0.000  1.512 0.000 999.9 0.259   9.526 0.000   0.798 0.000   8.728 0.000 0.040 0.000  0.816 0.559
 49.208333  50.208333    6.74 0.000  0.94 0.000 9.999 0.259  0.88 0.000 0.021 0.559  0.496 0.000  0.694 0.000 999.9 0.259   4.509 0.000   1.437 0.000   3.072 0.000 0.025 0.000  0.386 0.559
 53.208333  54.208333   14.61 0.000  2.27 0.000 9.999 0.259  0.99 0.000 0.219 0.699  0.904 0.000  1.265 0.000 999.9 0.259  14.262 0.559   5.629 0.000   8.633 0.000 0.042 0.000  1.135 0.699
 56.208333  57.208333    9.24 0.000  0.55 0.000 0.095 0.000 99.99 0.259 0.076 0.559  0.463 0.000  0.648 0.000 999.9 0.259  12.578 0.559   7.250 0.000   5.327 0.000 0.035 0.000  0.613 0.559
 60.208333  61.208333   10.39 0.000  0.69 0.000 9.999 0.259 99.99 0.259 0.024 0.559  0.485 0.000  0.680 0.000 999.9 0.259   3.776 0.000   1.483 0.000   2.293 0.000 0.022 0.000  0.266 0.559
 63.208333  64.208333    7.87 0.000  0.50 0.000 9.999 0.259 99.99 0.259 0.010 0.559  0.252 0.000  0.353 0.000 999.9 0.259   3.404 0.000   1.333 0.000   2.071 0.000 0.014 0.000  0.230 0.559
 67.208333  68.208333   19.77 0.000  1.99 0.000 0.025 0.000 99.99 0.259 0.021 0.559  0.740 0.000  1.036 0.000 999.9 0.259   5.971 0.000   3.371 0.000   2.600 0.000 0.039 0.000  0.214 0.559
 70.208333  71.208333   13.50 0.000  1.01 0.000 9.999 0.259 99.99 0.259 0.049 0.559  0.682 0.000  0.955 0.000 999.9 0.259   8.271 0.000   4.117 0.000   4.154 0.000 0.038 0.000  0.428 0.559
 74.208333  75.208333   25.87 0.000  1.93 0.000 9.999 0.259  1.98 0.000 0.457 0.699  1.310 0.000  1.834 0.000 999.9 0.259  16.363 0.000   6.862 0.000   9.501 0.000 0.049 0.000  1.089 0.699
 77.208333  78.208333   11.56 0.000  0.68 0.000 9.999 0.259 99.99 0.259 0.030 0.559  0.332 0.000  0.465 0.000 999.9 0.259   5.015 0.000   2.553 0.000   2.462 0.000 0.027 0.000  0.245 0.559
 81.208333  82.208333   22.40 0.000  0.84 0.000 9.999 0.259  0.39 0.000 0.069 0.559  0.655 0.000  0.917 0.000 999.9 0.259   8.473 0.000   4.604 0.000   3.869 0.000 0.035 0.000  0.400 0.559
 84.208333  85.208333   11.82 0.000  0.71 0.000 9.999 0.259  0.42 0.000 0.078 0.699  0.463 0.000  0.648 0.000 999.9 0.259   7.207 0.000   3.116 0.000   4.091 0.000 0.027 0.000  0.477 0.699
 88.208333  89.208333   24.08 0.000  2.44 0.000 9.999 0.259 99.99 0.259 0.317 0.559  0.691 0.000  0.968 0.000 999.9 0.259  16.204 0.000   6.578 0.000   9.625 0.000 0.052 0.000  0.995 0.559
 91.208333  92.208333   11.27 0.000  1.82 0.000 9.999 0.259 99.99 0.259 0.055 0.559  0.620 0.000  0.868 0.000 999.9 0.259   7.081 0.000   2.946 0.000   4.134 0.000 0.024 0.000  0.570 0.559
 95.208333  96.208333    4.84 0.000 99.99 0.259 9.999 0.259 99.99 0.259 0.015 0.000  0.399 0.000  0.559 0.000 999.9 0.259   7.955 0.000   5.228 0.000   2.727 0.000 0.009 0.000  0.355 0.000
 98.208333  99.208333   30.80 0.000  0.91 0.000 9.999 0.259 99.99 0.259 0.108 0.000  0.984 0.000  1.377 0.000 999.9 0.259  16.324 0.000   6.367 0.000   9.957 0.000 0.071 0.000  1.137 0.000
102.208333 103.208333   10.48 0.000  1.36 0.000 9.999 0.259 99.99 0.259 0.018 0.000  0.480 0.000  0.672 0.000 999.9 0.259   3.872 0.000   0.681 0.000   3.191 0.000 0.018 0.000  0.403 0.000
105.208333 106.208333   34.76 0.000  2.47 0.000 9.999 0.259 99.99 0.259 0.221 0.000  1.197 0.000  1.676 0.000 999.9 0.259  12.752 0.000   5.279 0.000   7.474 0.000 0.056 0.000  0.642 0.000
109.208333 110.208333   15.74 0.000  1.87 0.000 0.053 0.000 99.99 0.259 0.055 0.000  0.670 0.000  0.938 0.000 999.9 0.259   7.707 0.000   3.130 0.000   4.577 0.000 0.034 0.000  0.531 0.000
112.208333 113.208333    9.12 0.000  0.64 0.000 9.999 0.259  0.32 0.000 0.026 0.000  0.600 0.000  0.840 0.000 999.9 0.259   5.547 0.000   1.538 0.000   4.009 0.000 0.020 0.000  0.514 0.000
116.208333 117.208333   14.51 0.000  1.23 0.000 9.999 0.259 99.99 0.259 0.042 0.000  0.329 0.000  0.461 0.000 999.9 0.259   5.556 0.000   2.448 0.000   3.108 0.000 0.026 0.000  0.300 0.000
119.208333 120.208333   22.74 0.000  3.69 0.000 9.999 0.259  0.42 0.000 0.040 0.000  1.097 0.000  1.535 0.000 999.9 0.259   7.818 0.000   2.142 0.000   5.676 0.000 0.040 0.000  0.646 0.000
123.208333 124.208333   20.53 0.000  0.66 0.000 9.999 0.259 99.99 0.259 0.012 0.000  1.750 0.000  2.450 0.000 999.9 0.259   4.574 0.000   2.217 0.000   2.357 0.000 0.021 0.000  0.267 0.000
126.208333 127.208333   18.06 0.000  1.06 0.000 9.999 0.259  0.25 0.000 0.043 0.000  0.864 0.000  1.210 0.000 999.9 0.259   5.588 0.000   1.666 0.000   3.922 0.000 0.026 0.000  0.318 0.000
130.208333 131.208333    9.28 0.000  0.47 0.000 0.066 0.000 99.99 0.259 0.063 0.000  0.496 0.000  0.694 0.000 999.9 0.259   6.985 0.000   3.418 0.000   3.567 0.000 0.023 0.000  0.314 0.000
133.208333 134.208333    5.20 0.000  0.62 0.000 9.999 0.259 99.99 0.259 0.038 0.000  0.585 0.000  0.819 0.000 999.9 0.259   5.095 0.000   2.791 0.000   2.304 0.000 0.014 0.000  0.285 0.000
137.208333 138.208333   35.37 0.000  1.61 0.000 9.999 0.259 99.99 0.259 0.049 0.000  1.261 0.000  1.765 0.000 999.9 0.259  14.454 0.000   7.636 0.000   6.818 0.000 0.042 0.000  0.736 0.000
140.208333 141.208333   19.57 0.000  1.34 0.000 9.999 0.259 99.99 0.259 0.033 0.000  0.941 0.000  1.318 0.000 999.9 0.259   7.447 0.000   3.217 0.000   4.230 0.000 0.043 0.000  0.296 0.000
144.208333 145.208333   13.24 0.000  1.23 0.000 9.999 0.259  1.09 0.000 0.054 0.000  0.871 0.000  1.220 0.000 999.9 0.259   5.409 0.000   1.260 0.000   4.149 0.000 0.020 0.000  0.573 0.000
147.208333 148.208333    4.60 0.000  0.47 0.000 0.013 0.000  0.36 0.000 0.019 0.000  0.884 0.000  1.238 0.000 999.9 0.259   2.961 0.000   1.269 0.000   1.692 0.000 0.011 0.000  0.166 0.000
151.208333 152.208333    3.13 0.000 99.99 0.259 9.999 0.259 99.99 0.259 0.076 0.000  0.762 0.000  1.067 0.000 999.9 0.259   6.384 0.000   2.728 0.000   3.657 0.000 0.014 0.000  0.478 0.000
154.208333 155.208333   15.85 0.000 99.99 0.259 9.999 0.259  0.94 0.000 0.062 0.000  1.312 0.000  1.836 0.000 999.9 0.259   9.272 0.000   2.934 0.000   6.338 0.000 0.025 0.000  0.750 0.000
158.208333 159.208333    7.61 0.000  0.76 0.000 9.999 0.259 99.99 0.259 0.022 0.559  0.528 0.000  0.739 0.000 999.9 0.259   4.313 0.000   2.100 0.000   2.212 0.000 0.017 0.000  0.151 0.559
161.208333 162.208333   16.39 0.000 99.99 0.259 9.999 0.259 99.99 0.259 0.020 0.559  0.959 0.000  1.343 0.000 999.9 0.259   5.311 0.000   2.430 0.000   2.881 0.000 0.028 0.000  0.156 0.559
165.208333 166.208333    6.11 0.000 99.99 0.259 9.999 0.259 99.99 0.259 0.032 0.559  0.448 0.000  0.627 0.000 999.9 0.259   4.728 0.000   1.938 0.000   2.790 0.000 0.016 0.000  0.313 0.559
168.208333 169.208333   47.89 0.000  1.48 0.000 9.999 0.259  1.26 0.000 0.127 0.559  2.304 0.000  3.226 0.000 999.9 0.259  22.222 0.000   3.897 0.000  18.325 0.000 0.040 0.000  2.489 0.559
172.208333 173.208333   21.16 0.000  1.19 0.000 9.999 0.259  0.90 0.000 0.103 0.559  1.844 0.000  2.582 0.000 999.9 0.259  11.344 0.000   3.412 0.000   7.932 0.000 0.022 0.000  0.823 0.559
175.208333 176.208333   11.63 0.000 99.99 0.259 9.999 0.259 99.99 0.259 0.037 0.559  1.571 0.000  2.199 0.000 999.9 0.259   6.612 0.000   2.291 0.000   4.321 0.000 0.024 0.000  0.251 0.559
179.208333 180.208333   18.87 0.000 99.99 0.259 0.013 0.000  0.94 0.000 0.031 0.559  1.785 0.000  2.499 0.000 999.9 0.259   9.526 0.000   3.870 0.000   5.656 0.000 0.020 0.000  0.495 0.559
182.208333 183.208333    9.62 0.000 99.99 0.259 9.999 0.259  0.88 0.000 0.066 0.559  1.535 0.000  2.149 0.000 999.9 0.259   8.108 0.000   1.599 0.000   6.508 0.000 0.022 0.000  0.792 0.559
186.208333 187.208333    8.59 0.000 99.99 0.259 9.999 0.259  0.40 0.000 0.029 0.000  1.085 0.000  1.519 0.000 999.9 0.259   7.162 0.000   2.387 0.000   4.774 0.000 0.024 0.000  0.517 0.000
189.208333 190.208333    4.26 0.000  0.71 0.000 9.999 0.259 99.99 0.259 0.010 0.000  0.660 0.000  0.924 0.000 999.9 0.259   3.255 0.000   1.178 0.000   2.077 0.000 0.014 0.000  0.092 0.000
193.208333 194.208333   16.89 0.000  0.37 0.000 9.999 0.259  0.49 0.000 0.042 0.000  1.514 0.000  2.120 0.000 999.9 0.259   5.989 0.000   2.138 0.000   3.851 0.000 0.024 0.000  0.176 0.000
196.208333 197.208333   13.89 0.000 99.99 0.259 9.999 0.259 99.99 0.259 0.094 0.000  0.878 0.000  1.230 0.000 999.9 0.259   6.210 0.000   1.782 0.000   4.428 0.000 0.015 0.000  0.467 0.000
200.208333 201.208333    6.29 0.000  1.19 0.000 9.999 0.259 99.99 0.259 0.026 0.559  0.935 0.000  1.310 0.000 999.9 0.259   5.498 0.000   2.271 0.000   3.226 0.000 0.017 0.000  0.268 0.559
203.208333 204.208333    9.42 0.000  0.23 0.000 9.999 0.259 99.99 0.259 0.099 0.559  0.891 0.000  1.248 0.000 999.9 0.259  10.851 0.000   4.674 0.000   6.176 0.000 0.021 0.000  0.707 0.559
207.208333 208.208333    8.27 0.000  0.55 0.000 9.999 0.259 99.99 0.259 0.013 0.559  1.386 0.000  1.940 0.000 999.9 0.259   6.472 0.000   1.365 0.000   5.107 0.000 0.014 0.000  0.445 0.559
210.208333 211.208333    7.07 0.000 99.99 0.259 9.999 0.259 99.99 0.259 0.024 0.559  1.544 0.000  2.162 0.000 999.9 0.259   6.399 0.000   1.739 0.000   4.660 0.000 0.017 0.000  0.395 0.559
214.208333 215.208333    2.81 0.000 99.99 0.259 9.999 0.259  0.46 0.000 0.023 0.559  0.439 0.000  0.615 0.000 999.9 0.259   4.774 0.000   1.960 0.000   2.814 0.000 0.006 0.000  0.333 0.559
217.208333 218.208333   10.65 0.000  1.25 0.000 0.007 0.000 99.99 0.259 0.029 0.559  1.392 0.000  1.949 0.000 999.9 0.259   6.076 0.000   2.191 0.000   3.885 0.000 0.021 0.000  0.181 0.559
221.208333 222.208333  117.32 0.000  0.83 0.000 9.999 0.259 99.99 0.259 0.075 0.559  1.760 0.000  2.465 0.000 999.9 0.259  17.435 0.000   1.897 0.000  15.538 0.000 0.030 0.000  1.975 0.559
224.208333 225.208333    3.96 0.000  1.20 0.000 9.999 0.259  0.18 0.000 0.023 0.559  0.853 0.000  1.194 0.000 999.9 0.259   6.649 0.000   1.766 0.000   4.883 0.000 0.021 0.000  0.537 0.559
228.208333 229.208333    7.13 0.000 99.99 0.259 9.999 0.259 99.99 0.259 0.053 0.559  0.367 0.000  0.514 0.000 999.9 0.259   6.123 0.000   0.805 0.000   5.318 0.000 0.014 0.000  0.865 0.559
231.208333 232.208333   10.93 0.000  0.58 0.000 9.999 0.259  0.46 0.000 0.046 0.559  1.043 0.000  1.460 0.000 999.9 0.259   9.101 0.000   1.660 0.000   7.441 0.000 0.015 0.000  0.919 0.559
235.208333 236.208333   37.58 0.000  0.98 0.000 9.999 0.259  0.60 0.000 0.104 0.559  1.300 0.000  1.820 0.000 999.9 0.259  12.035 0.000   4.164 0.000   7.870 0.000 0.022 0.000  0.897 0.559
238.208333 239.208333   12.90 0.000  1.38 0.000 9.999 0.259  0.59 0.000 0.171 0.559  2.325 0.000  3.255 0.000 999.9 0.259  10.180 0.000   1.754 0.000   8.426 0.000 0.027 0.000  1.140 0.559
243.208333 244.208333 9999.99 0.999 99.99 0.999 9.999 0.999 99.99 0.999 9.999 0.999 99.999 0.999 99.999 0.999 999.9 0.999 999.999 0.999 999.999 0.999 999.999 0.999 9.999 0.999 99.999 0.999
246.208333 247.208333 9999.99 0.999 99.99 0.999 9.999 0.999 99.99 0.999 9.999 0.999 99.999 0.999 99.999 0.999 999.9 0.999 999.999 0.999 999.999 0.999 999.999 0.999 9.999 0.999 99.999 0.999
249.208333 250.208333   10.41 0.000  0.50 0.000 9.999 0.259 99.99 0.259 0.021 0.559  0.581 0.000  0.814 0.000 999.9 0.259   3.895 0.000   2.064 0.000   1.831 0.000 0.020 0.000  0.188 0.559
252.208333 253.208333   20.72 0.000  2.08 0.000 9.999 0.259  0.41 0.000 0.049 0.559  1.553 0.000  2.174 0.000 999.9 0.259   9.480 0.000   1.746 0.000   7.734 0.000 0.034 0.000  1.177 0.559
255.208333 256.208333 9999.99 0.999 99.99 0.999 9.999 0.999 99.99 0.999 9.999 0.999 99.999 0.999 99.999 0.999 999.9 0.999 999.999 0.999 999.999 0.999 999.999 0.999 9.999 0.999 99.999 0.999
258.208333 259.208333 9999.99 0.999 99.99 0.999 9.999 0.999 99.99 0.999 9.999 0.999 99.999 0.999 99.999 0.999 999.9 0.999 999.999 0.999 999.999 0.999 999.999 0.999 9.999 0.999 99.999 0.999
261.208333 262.208333 9999.99 0.999 99.99 0.999 9.999 0.999 99.99 0.999 9.999 0.999 99.999 0.999 99.999 0.999 999.9 0.999 999.999 0.999 999.999 0.999 999.999 0.999 9.999 0.999 99.999 0.999
264.208333 265.208333   19.92 0.000  1.24 0.000 9.999 0.259  1.00 0.000 0.124 0.000  1.313 0.000  1.838 0.000 999.9 0.259  12.037 0.000   1.850 0.000  10.187 0.000 0.030 0.000  1.491 0.000
267.208333 268.208333    3.62 0.000  1.14 0.000 9.999 0.259 99.99 0.259 0.025 0.000  0.598 0.000  0.837 0.000 999.9 0.259   4.452 0.000   1.331 0.000   3.120 0.000 0.021 0.000  0.508 0.000
270.208333 271.208333   10.03 0.000  1.25 0.000 9.999 0.259 99.99 0.259 0.048 0.000  1.021 0.000  1.429 0.000 999.9 0.259   5.781 0.000   2.170 0.000   3.611 0.000 0.041 0.000  0.296 0.000
273.208333 274.208333   10.98 0.000  0.99 0.000 9.999 0.259  0.49 0.000 0.091 0.000  0.593 0.000  0.830 0.000 999.9 0.259   7.544 0.000   4.102 0.000   3.442 0.000 0.027 0.000  0.317 0.000
276.208333 277.208333   12.46 0.000  0.97 0.000 9.999 0.259  0.75 0.000 0.220 0.000  0.783 0.000  1.097 0.000 999.9 0.259   8.074 0.000   2.277 0.000   5.797 0.000 0.025 0.000  0.940 0.000
279.208333 280.208333    3.18 0.000 99.99 0.259 0.036 0.000 99.99 0.259 0.024 0.000  0.296 0.000  0.414 0.000 999.9 0.259   2.254 0.000   0.750 0.000   1.504 0.000 0.027 0.000  0.174 0.000
282.208333 283.208333    2.93 0.000  1.11 0.000 9.999 0.259 99.99 0.259 0.022 0.000  0.462 0.000  0.647 0.000 999.9 0.259   2.618 0.000   0.442 0.000   2.176 0.000 0.024 0.000  0.299 0.000
285.208333 286.208333   22.16 0.000  1.81 0.000 9.999 0.259  0.29 0.000 0.087 0.559  1.396 0.000  1.955 0.000 999.9 0.259   8.319 0.000   3.492 0.000   4.827 0.000 0.078 0.000  0.355 0.559
