scripts/IMPROVE-2019_partial/data/US2096R.20110103050000.20191216000000.filterpack...1y.3d.US03L_filterpack_US2096.US03L_IMPROVE_Davis.lev2.nas
52 1001
MISSING INFORMATION
US03L, IMPROVE, , , , , , , 
MISSING INFORMATION
IMPROVE sel_HTAP
1 1
2011 01 01 2019 12 16
3.000000
days from file reference point
5
1 1 1 1 1
999.999999 999.999 9.999 999.999 9.999
end_time of measurement, days from the file reference point
pm10_mass, ug/m3, Matrix=pm10
numflag pm10_mass, no unit, Matrix=pm10
pm25_mass, ug/m3, Matrix=pm25
numflag pm25_mass, no unit, Matrix=pm25
0
33
Data definition:              EBAS_1.1
Set type code:                TU
Timezone:                     UTC
File name:                    US2096R.20110103050000.20191216000000.filterpack...1y.3d.US03L_filterpack_US2096.US03L_IMPROVE_Davis.lev2.nas
File creation:                20191218120346
Startdate:                    20110103050000
Revision date:                20191216000000
Version:                      2
Version description:          "Data extracted from http://views.cira.colostate.edu/fed/DataWizard 2019-12-16"
Statistics:                   arithmetic mean
Data level:                   2
Period code:                  1y
Resolution code:              3d
Sample duration:              1d
Orig. time res.:              3d
Station code:                 US2096R
Platform code:                US2096S
Station name:                 Casco Bay-Wolfe's Neck Farm (ME96)
Station latitude:             43.8325
Station longitude:            -70.0645
Station altitude:             15.0 m
Regime:                       IMG
Component:                    
Unit:                         ug/m3
Matrix:                       
Laboratory code:              US03L
Instrument type:              filterpack
Instrument name:              filterpack_US2096
Method ref:                   US03L_IMPROVE_Davis
Blank correction:             Blank corrected
Volume std. temperature:      ambient
Volume std. pressure:         ambient
starttime endtime PM10 flag_PM10 PM2.5 flag_PM2.5
  2.208333   3.208333   4.253 0.000 999.999 0.999
  5.208333   6.208333   8.143 0.000   5.145 0.000
  8.208333   9.208333   3.439 0.000   1.994 0.000
 11.208333  12.208333 999.999 0.999 999.999 0.999
 14.208333  15.208333 999.999 0.999 999.999 0.999
 17.208333  18.208333 999.999 0.999 999.999 0.999
 20.208333  21.208333   8.842 0.000   5.675 0.000
 23.208333  24.208333   6.921 0.000   3.993 0.000
 26.208333  27.208333  12.744 0.000   6.149 0.000
 29.208333  30.208333  14.220 0.000  12.989 0.000
 32.208333  33.208333   4.270 0.000   2.382 0.000
 35.208333  36.208333  14.675 0.000  10.588 0.000
 38.208333  39.208333   6.910 0.000   5.705 0.000
 41.208333  42.208333  11.772 0.000   8.442 0.000
 44.208333  45.208333  13.940 0.000   7.671 0.000
 47.208333  48.208333  15.170 0.000  10.540 0.000
 50.208333  51.208333   5.497 0.000   3.573 0.000
 53.208333  54.208333 999.999 0.999 999.999 0.999
 56.208333  57.208333   4.729 0.000   3.774 0.000
 59.208333  60.208333   5.120 0.000   3.143 0.000
 62.208333  63.208333   8.960 0.000   4.151 0.000
 65.208333  66.208333   2.876 0.000   1.303 0.000
 68.208333  69.208333  17.098 0.000   5.453 0.000
 71.208333  72.208333   6.772 0.000   4.879 0.000
 74.208333  75.208333   5.995 0.000   2.859 0.000
 77.208333  78.208333   2.953 0.000   2.110 0.000
 80.208333  81.208333   3.124 0.000   2.478 0.000
 83.208333  84.208333   5.126 0.000   3.848 0.000
 86.208333  87.208333   4.281 0.000   2.017 0.000
 89.208333  90.208333   7.283 0.000   4.314 0.000
 92.208333  93.208333   4.631 0.000   2.855 0.000
 95.208333  96.208333   3.189 0.000   2.365 0.000
 98.208333  99.208333   9.833 0.000   5.145 0.000
101.208333 102.208333   6.526 0.000   3.969 0.000
104.208333 105.208333   4.503 0.000   2.373 0.000
107.208333 108.208333   4.326 0.000   2.445 0.000
110.208333 111.208333   3.469 0.000   2.110 0.000
113.208333 114.208333   5.343 0.000   3.393 0.000
116.208333 117.208333   4.342 0.000   3.135 0.000
119.208333 120.208333   3.490 0.000   2.042 0.000
122.208333 123.208333   7.526 0.000   2.739 0.000
125.208333 126.208333  11.903 0.000   3.838 0.000
128.208333 129.208333   3.363 0.000   1.504 0.000
131.208333 132.208333   6.083 0.000   1.950 0.000
134.208333 135.208333   3.891 0.000   1.632 0.000
137.208333 138.208333   2.857 0.000   1.479 0.000
140.208333 141.208333   6.026 0.000   3.334 0.000
143.208333 144.208333  17.883 0.000  10.002 0.000
146.208333 147.208333  13.281 0.000   8.683 0.000
149.208333 150.208333  21.290 0.000  11.190 0.000
152.208333 153.208333  23.246 0.000   2.970 0.000
155.208333 156.208333  13.785 0.000   2.398 0.000
158.208333 159.208333  19.306 0.000   9.521 0.000
161.208333 162.208333   9.565 0.000   3.171 0.000
164.208333 165.208333  10.099 0.000   2.857 0.000
167.208333 168.208333  17.961 0.000  10.508 0.000
170.208333 171.208333   7.574 0.000   3.263 0.000
173.208333 174.208333   9.432 0.000   4.945 0.000
176.208333 177.208333   8.743 0.000   4.987 0.000
179.208333 180.208333 999.999 0.999 999.999 0.999
182.208333 183.208333 999.999 0.999 999.999 0.999
185.208333 186.208333 999.999 0.999 999.999 0.999
188.208333 189.208333  12.054 0.000   6.739 0.000
191.208333 192.208333  22.959 0.000  13.702 0.000
194.208333 195.208333   8.689 0.000   3.258 0.000
197.208333 198.208333  31.000 0.000  14.311 0.000
200.208333 201.208333  23.051 0.000  14.008 0.000
203.208333 204.208333  21.685 0.000   8.915 0.000
206.208333 207.208333  11.213 0.000   5.709 0.000
209.208333 210.208333  10.768 0.000   5.857 0.000
212.208333 213.208333  14.941 0.000  12.167 0.000
215.208333 216.208333 999.999 0.999 999.999 0.999
218.208333 219.208333 999.999 0.999 999.999 0.999
221.208333 222.208333   5.091 0.000   1.718 0.000
224.208333 225.208333  11.246 0.000   6.549 0.000
227.208333 228.208333   4.254 0.000 999.999 0.999
230.208333 231.208333  17.784 0.000  13.858 0.000
233.208333 234.208333   7.685 0.000   3.110 0.000
236.208333 237.208333  16.364 0.000   7.367 0.000
239.208333 240.208333 999.999 0.999 999.999 0.999
242.208333 243.208333  11.794 0.000   6.242 0.000
245.208333 246.208333  16.123 0.000   9.688 0.000
248.208333 249.208333   6.974 0.000   2.492 0.000
251.208333 252.208333  11.480 0.000   3.997 0.000
254.208333 255.208333  14.027 0.000   7.676 0.000
257.208333 258.208333  16.380 0.000  12.779 0.000
260.208333 261.208333 999.999 0.999 999.999 0.999
263.208333 264.208333 999.999 0.999   3.764 0.000
266.208333 267.208333 999.999 0.999   2.711 0.000
269.208333 270.208333 999.999 0.999   7.306 0.000
272.208333 273.208333  15.404 0.000   8.442 0.000
275.208333 276.208333   4.849 0.000   2.146 0.000
278.208333 279.208333   4.460 0.000   1.720 0.000
281.208333 282.208333  15.238 0.000   9.540 0.000
284.208333 285.208333   7.693 0.000   2.688 0.000
287.208333 288.208333 999.999 0.999 999.999 0.999
290.208333 291.208333 999.999 0.999 999.999 0.999
293.208333 294.208333   6.838 0.000   2.880 0.000
296.208333 297.208333   8.963 0.000   5.649 0.000
299.208333 300.208333   4.369 0.659   2.915 0.000
302.208333 303.208333 999.999 0.999 999.999 0.999
305.208333 306.208333   8.042 0.659   5.966 0.000
308.208333 309.208333   3.396 0.659   2.223 0.000
311.208333 312.208333  17.212 0.659  12.611 0.000
314.208333 315.208333   3.880 0.000   2.029 0.000
317.208333 318.208333  16.685 0.000   8.940 0.000
320.208333 321.208333   4.949 0.000   2.772 0.000
323.208333 324.208333  10.984 0.000   7.241 0.000
326.208333 327.208333   3.853 0.659   2.675 0.000
329.208333 330.208333  11.677 0.659  10.337 0.000
332.208333 333.208333   9.471 0.000   5.036 0.000
335.208333 336.208333   6.450 0.659   4.303 0.000
338.208333 339.208333   9.944 0.000   7.117 0.000
341.208333 342.208333   2.748 0.659   1.421 0.000
344.208333 345.208333   9.067 0.659   4.753 0.659
347.208333 348.208333   8.183 0.659   5.628 0.659
350.208333 351.208333   6.297 0.659   4.484 0.000
353.208333 354.208333  15.543 0.659   4.861 0.000
356.208333 357.208333   4.621 0.659   3.738 0.000
359.208333 360.208333   8.271 0.659   6.979 0.000
362.208333 363.208333   4.050 0.659   1.868 0.000
