scripts/IMPROVE-2019_partial/data/US2096R.20050101050000.20191216000000.filterpack..pm25.52w.1w.US03L_filterpack_US2096.US03L_IMPROVE_Davis.lev2.nas
64 1001
MISSING INFORMATION
US03L, IMPROVE, , , , , , , 
MISSING INFORMATION
IMPROVE sel_HTAP
1 1
2005 01 01 2019 12 16
3.000000
days from file reference point
25
1 1 1 1 1 1 1 1 1 1 1 1 1 1 1 1 1 1 1 1 1 1 1 1 1
999.999999 999.99 9.999 99.99 9.999 9.999 9.999 99.99 9.999 9.999 9.999 99.999 9.999 99.999 9.999 999.999 9.999 999.999 9.999 999.999 9.999 9.999 9.999 99.999 9.999
end_time of measurement, days from the file reference point
iron, ng/m3, Revision date=20181210133000
numflag iron, no unit, Revision date=20181210133000
lead, ng/m3, Revision date=20181210133000
numflag lead, no unit, Revision date=20181210133000
magnesium, ug/m3, Revision date=20181210133000
numflag magnesium, no unit, Revision date=20181210133000
nickel, ng/m3, Revision date=20181210133000
numflag nickel, no unit, Revision date=20181210133000
nitrate, ug N/m3, Revision date=20181210133000
numflag nitrate, no unit, Revision date=20181210133000
organic_carbon, ug C/m3, Revision date=20181210133000
numflag organic_carbon, no unit, Revision date=20181210133000
organic_mass, ug/m3, Revision date=20181210133000
numflag organic_mass, no unit, Revision date=20181210133000
pm10_mass, ug/m3, Version=2, Version description=Data extracted from http://views.cira.colostate.edu/fed/DataWizard 2019-12-16, Sample duration=1d, Orig. time res.=3d, Matrix=pm10, Blank correction=Blank corrected, Volume std. temperature=ambient, Volume std. pressure=ambient
numflag pm10_mass, no unit, Version=2, Version description=Data extracted from http://views.cira.colostate.edu/fed/DataWizard 2019-12-16, Sample duration=1d, Orig. time res.=3d, Matrix=pm10, Blank correction=Blank corrected, Volume std. temperature=ambient, Volume std. pressure=ambient
pm10_pm25_mass, ug/m3, Revision date=20181210133000, Matrix=pm10_pm25
numflag pm10_pm25_mass, no unit, Revision date=20181210133000, Matrix=pm10_pm25
pm25_mass, ug/m3, Version=2, Version description=Data extracted from http://views.cira.colostate.edu/fed/DataWizard 2019-12-16, Sample duration=1d, Orig. time res.=3d, Blank correction=Blank corrected, Volume std. temperature=ambient, Volume std. pressure=ambient
numflag pm25_mass, no unit, Version=2, Version description=Data extracted from http://views.cira.colostate.edu/fed/DataWizard 2019-12-16, Sample duration=1d, Orig. time res.=3d, Blank correction=Blank corrected, Volume std. temperature=ambient, Volume std. pressure=ambient
potassium, ug/m3, Revision date=20181210133000
numflag potassium, no unit, Revision date=20181210133000
sulphate_total, ug S/m3, Revision date=20181210133000
numflag sulphate_total, no unit, Revision date=20181210133000
0
25
Data definition:              EBAS_1.1
Set type code:                TU
Timezone:                     UTC
File name:                    US2096R.20050101050000.20191216000000.filterpack..pm25.52w.1w.US03L_filterpack_US2096.US03L_IMPROVE_Davis.lev2.nas
File creation:                20191218120345
Startdate:                    20050101050000
Revision date:                20191216000000
Statistics:                   arithmetic mean
Data level:                   2
Period code:                  52w
Resolution code:              1w
Station code:                 US2096R
Platform code:                US2096S
Station name:                 Casco Bay-Wolfe's Neck Farm (ME96)
Station latitude:             43.8325
Station longitude:            -70.0645
Station altitude:             15.0 m
Regime:                       IMG
Component:                    
Matrix:                       pm25
Laboratory code:              US03L
Instrument type:              filterpack
Instrument name:              filterpack_US2096
Method ref:                   US03L_IMPROVE_Davis
starttime endtime Fe flag_Fe Pb flag_Pb Mg++ flag_Mg++ Ni flag_Ni NO3- flag_NO3- OC flag_OC OM flag_OM PM10 flag_PM10 PM10-PM2.5 flag_PM10-PM2.5 PM2.5 flag_PM2.5 K+ flag_K+ SO4-- flag_SO4--
[from data line 91]
273.208333 274.208333  22.28 0.000  2.33 0.000 0.020 0.000  6.08 0.000 0.135 0.000  1.453 0.000  2.615 0.000  10.087 0.000   4.293 0.000   5.710 0.000 0.032 0.000  0.519 0.000
276.208333 277.208333  13.27 0.000  1.44 0.000 0.028 0.000  6.73 0.000 0.208 0.000  0.785 0.000  1.413 0.000  10.013 0.000   0.856 0.000   9.113 0.000 0.008 0.000  1.547 0.000
279.208333 280.208333  16.20 0.000  0.59 0.000 0.034 0.000  2.25 0.000 0.232 0.000  0.601 0.000  1.081 0.000   9.371 0.000   4.004 0.000   5.290 0.000 0.022 0.000  0.732 0.000
282.208333 283.208333   4.31 0.000  0.75 0.000 9.999 0.259 99.99 0.259 0.004 0.000  0.633 0.000  1.140 0.000   2.521 0.000   1.038 0.000   1.463 0.000 0.016 0.000  0.102 0.000
285.208333 286.208333   5.83 0.000  0.32 0.000 0.048 0.000  0.45 0.000 0.055 0.000  0.462 0.000  0.832 0.000  10.409 0.000   6.722 0.000   3.591 0.000 0.028 0.000  0.238 0.000
288.208333 289.208333   1.75 0.000  0.53 0.000 0.012 0.000 99.99 0.259 0.002 0.000  0.332 0.000  0.598 0.000   2.543 0.000   1.495 0.000   1.025 0.000 0.008 0.000  0.097 0.000
291.208333 292.208333  13.89 0.000  1.18 0.000 9.999 0.259  1.23 0.000 0.046 0.000  0.958 0.000  1.725 0.000   6.168 0.000   3.193 0.000   2.962 0.000 0.018 0.000  0.252 0.000
294.208333 295.208333  10.41 0.000  2.37 0.000 0.006 0.000  0.56 0.000 0.032 0.000  1.016 0.000  1.829 0.000   4.809 0.000   1.475 0.000   3.296 0.000 0.023 0.000  0.237 0.000
297.208333 298.208333   2.00 0.394  0.22 0.394 0.010 0.394  0.21 0.394 0.009 0.394  0.292 0.000  0.526 0.000   1.240 0.000   0.516 0.000   0.718 0.000 0.008 0.394  0.068 0.394
300.208333 301.208333  15.57 0.000  1.86 0.000 9.999 0.259  0.44 0.000 0.030 0.000  1.193 0.000  2.147 0.000   6.098 0.000   1.980 0.000   4.118 0.000 0.024 0.000  0.384 0.000
303.208333 304.208333  39.37 0.000  4.36 0.000 0.016 0.000  0.81 0.000 0.113 0.000  2.301 0.000  4.142 0.000  14.443 0.000   3.713 0.000  10.619 0.000 0.059 0.000  1.031 0.000
306.208333 307.208333  32.21 0.000  1.78 0.000 0.010 0.000  1.84 0.000 0.125 0.000  1.166 0.000  2.098 0.000  11.730 0.000   4.665 0.000   6.969 0.000 0.040 0.000  0.680 0.000
309.208333 310.208333   8.22 0.000  2.72 0.000 9.999 0.259  1.36 0.000 0.128 0.000  1.397 0.000  2.514 0.000  10.839 0.000   0.684 0.000  10.090 0.000 0.035 0.000  1.299 0.000
312.208333 313.208333   5.83 0.000  0.61 0.000 9.999 0.259  0.47 0.000 0.023 0.000  0.259 0.000  0.465 0.000   3.502 0.000   2.088 0.000   1.432 0.000 0.014 0.000  0.111 0.000
315.208333 316.208333   8.26 0.000  1.25 0.000 9.999 0.259  0.55 0.000 0.033 0.000  2.919 0.000  5.254 0.000   8.230 0.000   1.184 0.000   6.988 0.000 0.057 0.000  0.291 0.000
318.208333 319.208333  15.64 0.000  1.10 0.000 9.999 0.259  0.70 0.000 0.031 0.000  1.181 0.000  2.126 0.000 999.999 0.456   1.899 0.000   3.422 0.000 0.036 0.000  0.160 0.000
321.208333 322.208333   8.30 0.000  0.90 0.000 0.010 0.000  0.42 0.000 0.019 0.000  0.731 0.000  1.316 0.000 999.999 0.456   1.899 0.000   2.527 0.000 0.022 0.000  0.242 0.000
324.208333 325.208333  62.23 0.000  5.72 0.000 9.999 0.259  3.32 0.000 0.239 0.000  2.902 0.000  5.223 0.000 999.999 0.456   1.899 0.000  12.181 0.000 0.083 0.000  1.067 0.000
327.208333 328.208333   6.30 0.000  1.09 0.000 9.999 0.259  1.26 0.000 0.076 0.000  1.009 0.000  1.815 0.000 999.999 0.456   1.899 0.000   3.808 0.000 0.024 0.000  0.391 0.000
330.208333 331.208333  16.97 0.000  3.53 0.000 9.999 0.259  1.17 0.000 0.184 0.000  2.621 0.000  4.718 0.000  11.676 0.000   1.909 0.000   9.682 0.000 0.061 0.000  0.825 0.000
333.208333 334.208333   2.94 0.000  0.13 0.000 0.118 0.000  0.65 0.000 0.071 0.000  0.488 0.000  0.879 0.000  14.013 0.000   7.826 0.000   6.162 0.000 0.042 0.000  0.553 0.000
336.208333 337.208333   2.36 0.000  0.63 0.000 9.999 0.259  0.10 0.000 0.010 0.000  0.239 0.000  0.431 0.000   1.739 0.000   0.533 0.000   1.193 0.000 0.009 0.000  0.183 0.000
339.208333 340.208333  22.34 0.000  1.30 0.000 9.999 0.259  0.70 0.000 0.093 0.000  1.837 0.000  3.307 0.000   7.726 0.000   1.735 0.000   5.969 0.000 0.042 0.000  0.532 0.000
342.208333 343.208333  22.98 0.000  2.91 0.000 9.999 0.259  3.56 0.000 0.160 0.000  3.062 0.000  5.511 0.000   9.829 0.000   1.173 0.000   8.587 0.000 0.081 0.000  0.419 0.000
345.208333 346.208333  28.50 0.000  3.36 0.000 9.999 0.259  1.61 0.000 0.265 0.000  3.970 0.000  7.147 0.000  16.932 0.000   2.283 0.000  14.663 0.000 0.091 0.000  1.376 0.000
348.208333 349.208333  19.88 0.000  1.23 0.000 0.011 0.000  0.48 0.000 0.085 0.000  3.459 0.000  6.226 0.000   9.854 0.000   2.125 0.000   7.656 0.000 0.071 0.000  0.265 0.000
351.208333 352.208333  16.06 0.000  2.46 0.000 9.999 0.259  0.24 0.000 0.058 0.000  3.329 0.000  5.993 0.000  12.553 0.000   0.774 0.000  11.694 0.000 0.058 0.000  1.208 0.000
354.208333 355.208333  17.59 0.000  1.85 0.000 0.029 0.000  2.33 0.000 0.209 0.000  1.342 0.000  2.415 0.000   7.652 0.000   2.139 0.000   5.502 0.000 0.047 0.000  0.385 0.000
357.208333 358.208333  22.46 0.000  3.71 0.000 9.999 0.259  1.31 0.000 0.326 0.000  2.961 0.000  5.330 0.000  14.790 0.000   0.781 0.000  13.912 0.000 0.069 0.000  1.563 0.000
360.208333 361.208333   4.96 0.000  0.52 0.000 0.010 0.000  0.58 0.000 0.031 0.000  0.425 0.000  0.764 0.000   2.860 0.000   1.043 0.000   1.816 0.000 0.018 0.000  0.201 0.000
363.208333 364.208333   2.99 0.000  0.70 0.000 0.006 0.000  0.51 0.000 0.036 0.000  0.508 0.000  0.915 0.000   2.545 0.000   0.631 0.000   1.895 0.000 0.016 0.000  0.223 0.000
