scripts/IMPROVE-2019_partial/data/US2098R.20030103050000.20191216000000.filterpack..pm25.1y.1w.US03L_filterpack_US2098.US03L_IMPROVE_Davis.lev2.nas
66 1001
MISSING INFORMATION
US03L, IMPROVE, , , , , , , 
MISSING INFORMATION
IMPROVE sel_HTAP
1 1
2003 01 01 2019 12 16
3.000000
days from file reference point
27
1 1 1 1 1 1 1 1 1 1 1 1 1 1 1 1 1 1 1 1 1 1 1 1 1 1 1
999.999999 999.99 9.999 99.99 9.999 9.999 9.999999 99.99 9.999 9.999 9.999 99.999 9.999 99.999 9.999 99.99 9.999999 999.999 9.999 99.999 9.999 999.999 9.999 9.999 9.999 99.999 9.999
end_time of measurement, days from the file reference point
iron, ng/m3, Revision date=20181210133000
numflag iron, no unit, Revision date=20181210133000
lead, ng/m3, Revision date=20181210133000
numflag lead, no unit, Revision date=20181210133000
magnesium, ug/m3, Revision date=20181210133000
numflag magnesium, no unit, Revision date=20181210133000
nickel, ng/m3, Revision date=20181210133000
numflag nickel, no unit, Revision date=20181210133000
nitrate, ug N/m3, Revision date=20181210133000
numflag nitrate, no unit, Revision date=20181210133000
organic_carbon, ug C/m3, Revision date=20181210133000
numflag organic_carbon, no unit, Revision date=20181210133000
organic_mass, ug/m3, Revision date=20181210133000
numflag organic_mass, no unit, Revision date=20181210133000
phosphorus, ng/m3, Revision date=20181210133000
numflag phosphorus, no unit, Revision date=20181210133000
pm10_mass, ug/m3, Version=2, Version description=Data extracted from http://views.cira.colostate.edu/fed/DataWizard 2019-12-16, Sample duration=1d, Orig. time res.=3d, Matrix=pm10, Blank correction=Blank corrected, Volume std. temperature=ambient, Volume std. pressure=ambient
numflag pm10_mass, no unit, Version=2, Version description=Data extracted from http://views.cira.colostate.edu/fed/DataWizard 2019-12-16, Sample duration=1d, Orig. time res.=3d, Matrix=pm10, Blank correction=Blank corrected, Volume std. temperature=ambient, Volume std. pressure=ambient
pm10_pm25_mass, ug/m3, Revision date=20181210133000, Matrix=pm10_pm25
numflag pm10_pm25_mass, no unit, Revision date=20181210133000, Matrix=pm10_pm25
pm25_mass, ug/m3, Version=2, Version description=Data extracted from http://views.cira.colostate.edu/fed/DataWizard 2019-12-16, Sample duration=1d, Orig. time res.=3d, Blank correction=Blank corrected, Volume std. temperature=ambient, Volume std. pressure=ambient
numflag pm25_mass, no unit, Version=2, Version description=Data extracted from http://views.cira.colostate.edu/fed/DataWizard 2019-12-16, Sample duration=1d, Orig. time res.=3d, Blank correction=Blank corrected, Volume std. temperature=ambient, Volume std. pressure=ambient
potassium, ug/m3, Revision date=20181210133000
numflag potassium, no unit, Revision date=20181210133000
sulphate_total, ug S/m3, Revision date=20181210133000
numflag sulphate_total, no unit, Revision date=20181210133000
0
25
Data definition:              EBAS_1.1
Set type code:                TU
Timezone:                     UTC
File name:                    US2098R.20030103050000.20191216000000.filterpack..pm25.1y.1w.US03L_filterpack_US2098.US03L_IMPROVE_Davis.lev2.nas
File creation:                20191218120351
Startdate:                    20030103050000
Revision date:                20191216000000
Statistics:                   arithmetic mean
Data level:                   2
Period code:                  1y
Resolution code:              1w
Station code:                 US2098R
Platform code:                US2098S
Station name:                 Acadia National Park-McFarland Hill (ME98)
Station latitude:             44.3772
Station longitude:            -68.2608
Station altitude:             150.0 m
Regime:                       IMG
Component:                    
Matrix:                       pm25
Laboratory code:              US03L
Instrument type:              filterpack
Instrument name:              filterpack_US2098
Method ref:                   US03L_IMPROVE_Davis
starttime endtime Fe flag_Fe Pb flag_Pb Mg++ flag_Mg++ Ni flag_Ni NO3- flag_NO3- OC flag_OC OM flag_OM P flag_P PM10 flag_PM10 PM10-PM2.5 flag_PM10-PM2.5 PM2.5 flag_PM2.5 K+ flag_K+ SO4-- flag_SO4--
  2.208333   3.208333   6.20 0.000  0.60 0.000 9.999 0.259000  0.28 0.000 0.028 0.559  0.367 0.000  0.514 0.000 99.99 0.259000   3.281 0.000  1.583 0.000   1.699 0.000 0.016 0.000  0.167 0.559
  5.208333   6.208333   5.56 0.000  0.50 0.000 0.019 0.000000  0.31 0.000 0.065 0.000  0.485 0.000  0.679 0.000 99.99 0.259000   4.668 0.000  0.820 0.000   3.848 0.000 0.039 0.000  0.544 0.000
  8.208333   9.208333   9.55 0.000  0.83 0.000 9.999 0.259000  0.34 0.000 0.072 0.000  0.739 0.000  1.035 0.000 99.99 0.259000   4.402 0.000  1.465 0.000   2.937 0.000 0.032 0.000  0.257 0.000
 11.208333  12.208333   6.95 0.000  0.95 0.000 0.034 0.000000  0.22 0.000 0.058 0.000  0.642 0.000  0.899 0.000 99.99 0.259000   4.144 0.000  1.384 0.000   2.760 0.000 0.028 0.000  0.278 0.000
 14.208333  15.208333  13.67 0.000  1.74 0.000 0.026 0.000000  0.43 0.000 0.184 0.000  1.301 0.000  1.822 0.000 99.99 0.259000   6.203 0.000  2.049 0.000   4.154 0.000 0.041 0.000  0.208 0.000
 17.208333  18.208333  13.43 0.000  1.31 0.000 0.040 0.000000  0.49 0.000 0.140 0.000  0.764 0.000  1.070 0.000 99.99 0.259000   6.281 0.000  2.400 0.000   3.882 0.000 0.043 0.000  0.251 0.000
 20.208333  21.208333  16.08 0.000  2.83 0.000 9.999 0.259000  0.18 0.000 0.089 0.000  0.664 0.000  0.929 0.000 99.99 0.259000   5.964 0.000  2.853 0.000   3.111 0.000 0.035 0.000  0.252 0.000
 23.208333  24.208333   9.02 0.000  0.84 0.000 9.999 0.259000  0.37 0.000 0.154 0.000  0.700 0.000  0.980 0.000 99.99 0.259000   4.888 0.000  1.325 0.000   3.564 0.000 0.033 0.000  0.255 0.000
 26.208333  27.208333  11.06 0.000  1.81 0.000 0.021 0.000000  0.50 0.000 0.188 0.000  1.170 0.000  1.638 0.000 99.99 0.259000   5.787 0.000  0.701 0.000   5.087 0.000 0.034 0.000  0.607 0.000
 29.208333  30.208333  25.10 0.000  3.88 0.000 0.023 0.000000  0.78 0.000 0.293 0.000  1.743 0.000  2.441 0.000 99.99 0.259000  12.469 0.000  1.737 0.000  10.732 0.000 0.064 0.000  1.482 0.000
 32.208333  33.208333   0.71 0.000  0.12 0.000 9.999 0.259000  0.07 0.000 0.003 0.000  0.295 0.000  0.413 0.000 99.99 0.259000   0.683 0.000  0.071 0.000   0.612 0.000 0.005 0.000  0.109 0.000
 35.208333  36.208333   7.20 0.000  0.34 0.000 0.020 0.000000  0.19 0.000 0.031 0.000  0.337 0.000  0.472 0.000 99.99 0.259000   3.548 0.000  1.556 0.000   1.993 0.000 0.015 0.000  0.259 0.000
 38.208333  39.208333   7.55 0.000  1.47 0.000 9.999 0.259000  0.36 0.000 0.145 0.000  0.803 0.000  1.124 0.000 99.99 0.259000   4.900 0.000  1.018 0.000   3.882 0.000 0.025 0.000  0.471 0.000
 41.208333  42.208333  23.52 0.000  1.72 0.000 9.999 0.259000  0.75 0.000 0.262 0.000  1.065 0.000  1.490 0.000 99.99 0.259000   6.552 0.000  1.036 0.000   5.516 0.000 0.034 0.000  0.688 0.000
 44.208333  45.208333  15.16 0.000  3.22 0.000 0.058 0.000000  0.32 0.000 0.147 0.000  0.892 0.000  1.248 0.000 99.99 0.259000   6.238 0.000  1.629 0.000   4.609 0.000 0.060 0.000  0.387 0.000
 47.208333  48.208333   6.86 0.000  1.23 0.000 9.999 0.259000  0.43 0.000 0.073 0.000  0.623 0.000  0.872 0.000 99.99 0.259000   4.057 0.000  1.081 0.000   2.976 0.000 0.037 0.000  0.358 0.000
 50.208333  51.208333  25.28 0.000  2.00 0.000 9.999 0.259000  1.32 0.000 0.247 0.000  1.462 0.000  2.047 0.000 99.99 0.259000  11.916 0.000  1.679 0.000  10.237 0.000 0.044 0.000  1.638 0.000
 53.208333  54.208333   1.40 0.000  0.36 0.000 0.038 0.000000  0.22 0.000 0.018 0.000  0.304 0.000  0.426 0.000 99.99 0.259000   1.283 0.000  0.004 0.000   1.279 0.000 0.008 0.000  0.207 0.000
 56.208333  57.208333  27.02 0.000  2.41 0.000 9.999 0.259000  0.27 0.000 0.035 0.000  0.772 0.000  1.081 0.000 99.99 0.259000   6.401 0.000  2.433 0.000   3.968 0.000 0.059 0.000  0.547 0.000
 59.208333  60.208333  25.31 0.000  2.82 0.000 9.999 0.259000  1.41 0.000 0.096 0.000  1.484 0.000  2.078 0.000 99.99 0.259000  10.989 0.000  2.698 0.000   8.291 0.000 0.062 0.000  1.355 0.000
 62.208333  63.208333  17.61 0.000  2.07 0.000 0.022 0.000000  1.14 0.000 0.137 0.000  0.969 0.000  1.356 0.000 99.99 0.259000   6.979 0.000  2.774 0.000   4.205 0.000 0.041 0.000  0.509 0.000
 65.208333  66.208333  15.54 0.000  2.31 0.000 9.999 0.259000  0.45 0.000 0.063 0.000  0.703 0.000  0.984 0.000 99.99 0.259000   5.141 0.000  1.729 0.000   3.412 0.000 0.032 0.000  0.480 0.000
 68.208333  69.208333  22.26 0.000  2.32 0.000 0.035 0.000000  0.35 0.000 0.078 0.000  0.934 0.000  1.307 0.000 99.99 0.259000   5.440 0.000  1.575 0.000   3.865 0.000 0.039 0.000  0.515 0.000
 71.208333  72.208333  16.25 0.000  1.02 0.000 9.999 0.259000  0.32 0.000 0.099 0.000  0.458 0.000  0.641 0.000 99.99 0.259000   4.388 0.000  1.550 0.000   2.838 0.000 0.029 0.000  0.390 0.000
 74.208333  75.208333  24.48 0.000  3.06 0.000 9.999 0.259000  0.87 0.000 0.153 0.000  1.052 0.000  1.472 0.000 99.99 0.259000   9.539 0.000  2.291 0.000   7.248 0.000 0.069 0.000  1.185 0.000
 77.208333  78.208333  13.08 0.000  0.63 0.000 0.017 0.000000  0.21 0.000 0.062 0.000  0.269 0.000  0.376 0.000 99.99 0.259000   3.434 0.000  1.357 0.000   2.077 0.000 0.024 0.000  0.267 0.000
 80.208333  81.208333   9.45 0.000  0.92 0.000 0.020 0.000000  0.16 0.000 0.040 0.000  0.843 0.000  1.180 0.000 99.99 0.259000   2.966 0.000  0.721 0.000   2.245 0.000 0.026 0.000  0.230 0.000
 83.208333  84.208333   4.29 0.000  0.32 0.000 0.051 0.000000  0.29 0.000 0.058 0.000  0.452 0.000  0.633 0.000 99.99 0.259000   6.369 0.000  0.683 0.000   5.687 0.000 0.016 0.000  1.072 0.000
 86.208333  87.208333  13.20 0.000  1.56 0.000 9.999 0.259000  0.24 0.000 0.051 0.559  0.913 0.000  1.279 0.000 99.99 0.259000   7.170 0.000  2.116 0.000   5.053 0.000 0.025 0.000  0.860 0.559
 89.208333  90.208333   8.16 0.000  0.59 0.000 0.024 0.000000  0.25 0.000 0.025 0.000  0.285 0.000  0.399 0.000 99.99 0.259000   2.201 0.000  0.139 0.000   2.062 0.000 0.015 0.000  0.380 0.000
 92.208333  93.208333  19.66 0.000  1.92 0.000 9.999 0.259000  0.52 0.000 0.086 0.000  1.160 0.000  1.624 0.000 99.99 0.259000   8.235 0.000  1.771 0.000   6.463 0.000 0.036 0.000  0.933 0.000
 95.208333  96.208333   8.91 0.000  1.05 0.000 9.999 0.259000  0.38 0.000 0.043 0.000  0.441 0.000  0.617 0.000 99.99 0.259000   4.098 0.000  0.731 0.000   3.367 0.000 0.022 0.000  0.551 0.000
 98.208333  99.208333  23.08 0.000  1.46 0.000 9.999 0.259000  0.28 0.000 0.036 0.000  0.791 0.000  1.107 0.000 99.99 0.259000   7.020 0.000  3.146 0.000   3.875 0.000 0.038 0.000  0.460 0.000
101.208333 102.208333   9.42 0.000  1.83 0.000 9.999 0.259000  0.19 0.000 0.025 0.000  0.534 0.000  0.747 0.000 99.99 0.259000   3.321 0.000  0.835 0.000   2.487 0.000 0.023 0.000  0.320 0.000
104.208333 105.208333  57.48 0.000  3.15 0.000 9.999 0.259000  1.58 0.000 0.379 0.000  2.159 0.000  3.023 0.000 99.99 0.259000  19.026 0.000  7.300 0.000  11.726 0.000 0.075 0.000  1.238 0.000
107.208333 108.208333  11.13 0.000  0.57 0.000 9.999 0.259000  0.17 0.000 0.037 0.000  0.444 0.000  0.621 0.000 99.99 0.259000   5.057 0.000  2.250 0.000   2.807 0.000 0.020 0.000  0.372 0.000
110.208333 111.208333  13.92 0.000  1.00 0.000 9.999 0.259000  0.27 0.000 0.039 0.000  0.504 0.000  0.705 0.000 99.99 0.259000   5.133 0.000  1.914 0.000   3.219 0.000 0.022 0.000  0.454 0.000
113.208333 114.208333  11.69 0.000  1.44 0.000 9.999 0.259000  0.22 0.000 0.023 0.000  0.579 0.000  0.810 0.000 99.99 0.259000   1.755 0.000  0.245 0.000   1.510 0.000 0.012 0.000  0.163 0.000
116.208333 117.208333   6.30 0.000  0.48 0.000 9.999 0.259000  0.15 0.000 0.008 0.000  0.505 0.000  0.707 0.000 99.99 0.259000   2.102 0.000  0.479 0.000   1.623 0.000 0.014 0.000  0.208 0.000
119.208333 120.208333 999.99 0.999 99.99 0.999 9.999 0.999000 99.99 0.999 9.999 0.999 99.999 0.999 99.999 0.999 99.99 0.999000 999.999 0.999 99.999 0.999 999.999 0.999 9.999 0.999 99.999 0.999
122.208333 123.208333  13.54 0.000  1.07 0.000 0.037 0.000000  0.14 0.000 0.010 0.000  0.462 0.000  0.646 0.000 99.99 0.259000   2.688 0.000  0.743 0.000   1.946 0.000 0.016 0.000  0.213 0.000
125.208333 126.208333  29.58 0.000  0.80 0.000 0.009 0.000000  0.18 0.000 0.026 0.000  0.430 0.000  0.602 0.000 99.99 0.259000   4.821 0.000  2.324 0.000   2.496 0.000 0.025 0.000  0.236 0.000
128.208333 129.208333   7.08 0.000  0.93 0.000 9.999 0.259000  0.43 0.000 0.033 0.000  0.853 0.000  1.195 0.000 99.99 0.259000   4.580 0.000  1.437 0.000   3.143 0.000 0.020 0.000  0.307 0.000
131.208333 132.208333   1.15 0.000  0.48 0.000 9.999 0.259000  0.22 0.000 0.017 0.000  0.385 0.000  0.539 0.000 99.99 0.259000   1.990 0.000  0.493 0.000   1.497 0.000 0.007 0.000  0.193 0.000
134.208333 135.208333   3.14 0.000  0.58 0.000 9.999 0.259000  0.29 0.000 0.022 0.000  0.329 0.000  0.460 0.000 99.99 0.259000   2.042 0.000  0.979 0.000   1.064 0.000 0.008 0.000  0.173 0.000
137.208333 138.208333  25.21 0.000  1.59 0.000 9.999 0.259000  0.35 0.000 0.042 0.000  1.516 0.000  2.122 0.000 99.99 0.259000   6.723 0.000  1.640 0.000   5.083 0.000 0.038 0.000  0.517 0.000
140.208333 141.208333  52.49 0.000  1.72 0.000 9.999 0.259000  1.11 0.000 0.158 0.000  2.117 0.000  2.963 0.000 99.99 0.259000  12.855 0.000  4.817 0.000   8.038 0.000 0.042 0.000  0.796 0.000
143.208333 144.208333   7.16 0.000  0.50 0.000 9.999 0.259000  0.27 0.000 0.042 0.000  0.304 0.000  0.426 0.000 99.99 0.259000   3.041 0.000  0.904 0.000   2.137 0.000 0.012 0.000  0.376 0.000
146.208333 147.208333   3.83 0.000  0.50 0.000 0.016 0.000000  0.33 0.000 0.035 0.000  0.587 0.000  0.821 0.000 99.99 0.259000   5.485 0.000  0.848 0.000   4.637 0.000 0.014 0.000  0.871 0.000
149.208333 150.208333  20.37 0.000  1.58 0.000 9.999 0.259000  0.36 0.000 0.064 0.000  2.180 0.000  3.052 0.000 99.99 0.259000  10.729 0.000  1.869 0.000   8.860 0.000 0.025 0.000  1.017 0.000
152.208333 153.208333  10.19 0.000  0.83 0.000 9.999 0.259000  0.13 0.000 0.008 0.000  1.056 0.000  1.479 0.000 99.99 0.259000   4.580 0.000  2.175 0.000   2.405 0.000 0.019 0.000  0.207 0.000
155.208333 156.208333   6.00 0.000  0.74 0.000 9.999 0.259000  0.37 0.000 0.040 0.000  0.870 0.000  1.218 0.000 99.99 0.259000   4.828 0.000  0.859 0.000   3.968 0.000 0.014 0.000  0.339 0.000
158.208333 159.208333  12.69 0.000  3.30 0.000 0.055 0.000000  0.43 0.000 0.024 0.000  1.109 0.000  1.552 0.000 99.99 0.259000  14.524 0.000  0.726 0.000  13.798 0.000 0.020 0.000  2.542 0.000
161.208333 162.208333  15.51 0.000  0.90 0.000 9.999 0.259000  0.40 0.000 0.056 0.000  1.043 0.000  1.460 0.000 99.99 0.259000   9.419 0.000  2.892 0.000   6.527 0.000 0.022 0.000  0.847 0.000
164.208333 165.208333   1.93 0.000 99.99 0.259 9.999 0.259000 99.99 0.259 0.014 0.000  0.354 0.000  0.496 0.000 99.99 0.259000   3.194 0.000  1.029 0.000   2.164 0.000 0.005 0.000  0.238 0.000
167.208333 168.208333   6.09 0.000  0.58 0.000 0.056 0.000000  0.36 0.000 0.074 0.000  0.534 0.000  0.748 0.000 99.99 0.259000   6.180 0.000  3.154 0.000   3.026 0.000 0.012 0.000  0.313 0.000
170.208333 171.208333  12.84 0.000  1.10 0.000 9.999 0.259000  0.29 0.000 0.011 0.000  1.194 0.000  1.671 0.000 99.99 0.259000   6.099 0.000  2.330 0.000   3.769 0.000 0.018 0.000  0.260 0.000
173.208333 174.208333   5.73 0.000 99.99 0.259 9.999 0.259000  0.33 0.000 0.015 0.000  0.504 0.000  0.706 0.000 99.99 0.259000   4.248 0.000  1.178 0.000   3.070 0.000 0.006 0.000  0.299 0.000
176.208333 177.208333  60.77 0.000  3.00 0.000 9.999 0.259000  1.44 0.000 0.061 0.000  4.583 0.000  6.417 0.000 99.99 0.259000  34.031 0.000  5.655 0.000  28.376 0.000 0.079 0.000  4.017 0.000
179.208333 180.208333  27.47 0.000  1.33 0.000 9.999 0.259000  0.48 0.000 0.038 0.000  3.581 0.000  5.013 0.000 99.99 0.259000  17.471 0.000  4.749 0.000  12.722 0.000 0.050 0.000  1.192 0.000
182.208333 183.208333  15.54 0.000  0.46 0.000 9.999 0.259000  0.16 0.000 0.020 0.000  1.070 0.000  1.497 0.000 99.99 0.259000   5.848 0.000  2.242 0.000   3.606 0.000 0.016 0.000  0.204 0.000
185.208333 186.208333  36.67 0.000  4.75 0.000 9.999 0.259000  0.49 0.000 0.052 0.000  2.077 0.000  2.908 0.000 99.99 0.259000  20.614 0.000  2.106 0.000  18.509 0.000 0.138 0.000  2.946 0.000
188.208333 189.208333  19.96 0.000  1.56 0.000 9.999 0.259000  1.46 0.000 0.035 0.000  1.454 0.000  2.036 0.000 99.99 0.259000  21.164 0.000  0.992 0.000  20.172 0.000 0.057 0.000  3.263 0.000
191.208333 192.208333   6.40 0.000  0.21 0.000 9.999 0.259000  0.69 0.000 0.020 0.000  0.380 0.000  0.531 0.000 99.99 0.259000   4.048 0.000  1.653 0.000   2.395 0.000 0.009 0.000  0.220 0.000
194.208333 195.208333  12.60 0.000  1.16 0.000 9.999 0.259000  0.51 0.000 0.039 0.000  1.906 0.000  2.668 0.000 99.99 0.259000   9.604 0.000  1.792 0.000   7.812 0.000 0.030 0.000  0.867 0.000
197.208333 198.208333   5.23 0.000  0.63 0.000 9.999 0.259000  0.27 0.000 0.030 0.559  0.591 0.000  0.827 0.000 99.99 0.259000   6.181 0.000  1.700 0.000   4.481 0.000 0.007 0.000  0.625 0.559
200.208333 201.208333  10.50 0.000  0.90 0.000 9.999 0.259000  0.57 0.000 0.026 0.559  0.930 0.000  1.302 0.000 99.99 0.259000  12.015 0.000  0.832 0.000  11.183 0.000 0.015 0.000  1.650 0.559
203.208333 204.208333  22.84 0.000  0.37 0.000 0.057 0.000000  0.50 0.000 0.058 0.000  0.556 0.000  0.778 0.000 99.99 0.259000   9.210 0.000  1.849 0.000   7.362 0.000 0.021 0.000  1.137 0.000
206.208333 207.208333  20.87 0.000  1.54 0.000 0.051 0.000000  0.45 0.000 0.054 0.559  2.734 0.000  3.827 0.000 99.99 0.259000  14.072 0.000  2.854 0.000  11.218 0.000 0.023 0.000  1.089 0.559
209.208333 210.208333   8.52 0.000  0.68 0.000 0.095 0.000000  0.12 0.000 0.029 0.559  1.231 0.000  1.724 0.000 99.99 0.259000   5.811 0.000  1.574 0.000   4.237 0.000 0.026 0.000  0.286 0.559
212.208333 213.208333   7.37 0.000  0.29 0.000 9.999 0.259000  0.21 0.000 0.010 0.559  1.293 0.000  1.810 0.000 99.99 0.259000   6.542 0.000  2.376 0.000   4.167 0.000 0.016 0.000  0.175 0.559
215.208333 216.208333  42.47 0.000  0.19 0.000 9.999 0.259000  0.52 0.000 0.027 0.559  0.362 0.000  0.507 0.000 99.99 0.259000   7.310 0.000  2.413 0.000   4.897 0.000 0.023 0.000  0.705 0.559
218.208333 219.208333   4.73 0.000 99.99 0.259 9.999 0.259000  0.36 0.000 0.013 0.559  0.269 0.000  0.376 0.000 99.99 0.259000   3.200 0.000  1.122 0.000   2.077 0.000 0.005 0.000  0.298 0.559
221.208333 222.208333  14.17 0.000  0.28 0.000 9.999 0.259000  0.33 0.000 0.041 0.559  0.306 0.000  0.428 0.000 99.99 0.259000   5.642 0.000  2.421 0.000   3.221 0.000 0.020 0.000  0.407 0.559
224.208333 225.208333   8.98 0.000  1.66 0.000 9.999 0.259000  0.26 0.000 0.030 0.559  1.928 0.000  2.699 0.000 99.99 0.259000   9.162 0.000  1.331 0.000   7.831 0.000 0.014 0.000  0.720 0.559
227.208333 228.208333  29.44 0.000  2.58 0.000 9.999 0.259000  0.77 0.000 0.077 0.559  3.135 0.000  4.389 0.000 99.99 0.259000  17.088 0.000  2.272 0.000  14.817 0.000 0.040 0.000  1.531 0.559
230.208333 231.208333  17.02 0.000  0.80 0.000 9.999 0.259000  0.58 0.000 0.035 0.559  2.257 0.000  3.160 0.000 99.99 0.259000   9.393 0.000  2.406 0.000   6.988 0.000 0.028 0.000  0.348 0.559
233.208333 234.208333  55.22 0.000  2.72 0.000 9.999 0.259000  1.77 0.000 0.071 0.559  4.496 0.000  6.294 0.000 99.99 0.259000  37.667 0.000 99.999 0.259  37.698 0.000 0.047 0.000  5.897 0.559
236.208333 237.208333  16.57 0.000  1.02 0.000 9.999 0.259000  0.27 0.000 0.022 0.559  0.993 0.000  1.390 0.000 99.99 0.259000   4.850 0.000  1.964 0.000   2.886 0.000 0.027 0.000  0.174 0.559
239.208333 240.208333  10.18 0.000  0.50 0.000 9.999 0.259000  0.48 0.000 0.012 0.000  0.908 0.000  1.271 0.000 99.99 0.259000   4.240 0.000  1.492 0.000   2.748 0.000 0.013 0.000  0.182 0.000
242.208333 243.208333   9.57 0.000  0.48 0.000 9.999 0.259000  0.26 0.000 0.015 0.000  0.620 0.000  0.868 0.000 99.99 0.259000   3.821 0.000  1.527 0.000   2.294 0.000 0.017 0.000  0.102 0.000
245.208333 246.208333   6.65 0.000  0.22 0.000 9.999 0.259000  0.22 0.000 0.012 0.000  0.545 0.000  0.764 0.000 99.99 0.259000   3.493 0.000  1.886 0.000   1.607 0.000 0.006 0.000  0.065 0.000
