scripts/IMPROVE-2019_partial/data/US2098R.19920101050000.20191216000000.filterpack...1y.3d.US03L_filterpack_US2098.US03L_IMPROVE_Davis.lev2.nas
52 1001
MISSING INFORMATION
US03L, IMPROVE, , , , , , , 
MISSING INFORMATION
IMPROVE sel_HTAP
1 1
1992 01 01 2019 12 16
0
days from file reference point
5
1 1 1 1 1
999.999999 999.999 9.999 999.999 9.999999
end_time of measurement, days from the file reference point
pm10_mass, ug/m3, Matrix=pm10
numflag pm10_mass, no unit, Matrix=pm10
pm25_mass, ug/m3, Matrix=pm25
numflag pm25_mass, no unit, Matrix=pm25
0
33
Data definition:              EBAS_1.1
Set type code:                TI
Timezone:                     UTC
File name:                    US2098R.19920101050000.20191216000000.filterpack...1y.3d.US03L_filterpack_US2098.US03L_IMPROVE_Davis.lev2.nas
File creation:                20191218120350
Startdate:                    19920101050000
Revision date:                20191216000000
Version:                      2
Version description:          "Data extracted from http://views.cira.colostate.edu/fed/DataWizard 2019-12-16"
Statistics:                   arithmetic mean
Data level:                   2
Period code:                  1y
Resolution code:              3d
Sample duration:              1d
Orig. time res.:              3d
Station code:                 US2098R
Platform code:                US2098S
Station name:                 Acadia National Park-McFarland Hill (ME98)
Station latitude:             44.3772
Station longitude:            -68.2608
Station altitude:             150.0 m
Regime:                       IMG
Component:                    
Unit:                         ug/m3
Matrix:                       
Laboratory code:              US03L
Instrument type:              filterpack
Instrument name:              filterpack_US2098
Method ref:                   US03L_IMPROVE_Davis
Blank correction:             Blank corrected
Volume std. temperature:      ambient
Volume std. pressure:         ambient
starttime endtime PM10 flag_PM10 PM2.5 flag_PM2.5
  0.208333   1.208333  10.000 0.000   5.078 0.559000
  3.208333   4.208333  21.902 0.000 999.999 0.559259
  7.208333   8.208333   8.978 0.000   4.735 0.559000
 10.208333  11.208333   6.076 0.000   3.043 0.559000
 14.208333  15.208333   7.338 0.000   3.185 0.559000
 17.208333  18.208333  12.871 0.000   4.304 0.559000
 21.208333  22.208333   8.594 0.000   4.423 0.559000
 24.208333  25.208333   7.405 0.000   5.305 0.559000
 28.208333  29.208333  16.467 0.000 999.999 0.559259
 31.208333  32.208333   6.113 0.000   3.199 0.559000
 35.208333  36.208333   5.106 0.000   3.029 0.559000
 38.208333  39.208333  16.277 0.000  10.987 0.559000
 42.208333  43.208333  19.050 0.000  16.055 0.559000
 45.208333  46.208333  20.247 0.000   8.807 0.559000
 49.208333  50.208333   5.356 0.000   2.154 0.559000
 52.208333  53.208333  15.056 0.000   6.667 0.559000
 56.208333  57.208333   9.391 0.000   5.651 0.559000
 59.208333  60.208333   9.717 0.000   6.278 0.000000
 63.208333  64.208333  11.042 0.000   7.090 0.000000
 66.208333  67.208333   9.211 0.000   2.804 0.000000
 70.208333  71.208333   4.167 0.000   3.419 0.000000
 73.208333  74.208333   9.141 0.000   9.032 0.000000
 77.208333  78.208333 999.999 0.999 999.999 0.999000
 80.208333  81.208333  17.953 0.000   9.094 0.000000
 84.208333  85.208333 999.999 0.999   9.939 0.000000
 87.208333  88.208333   4.470 0.000   1.077 0.000000
 91.208333  92.208333  13.179 0.000   7.108 0.000000
 94.208333  95.208333   6.399 0.000   3.908 0.000000
 98.208333  99.208333   9.154 0.000   5.666 0.000000
101.208333 102.208333   5.318 0.000   2.941 0.000000
105.208333 106.208333   6.656 0.000   3.218 0.000000
108.208333 109.208333   9.873 0.000   9.333 0.000000
112.208333 113.208333   9.850 0.000   8.841 0.000000
115.208333 116.208333   4.932 0.000   3.354 0.000000
119.208333 120.208333   5.418 0.000   3.049 0.000000
122.208333 123.208333  12.245 0.000   9.628 0.000000
126.208333 127.208333   8.516 0.000   2.364 0.000000
129.208333 130.208333 999.999 0.999   2.266 0.000000
133.208333 134.208333   3.886 0.000   2.266 0.000000
136.208333 137.208333   6.235 0.000   3.061 0.000000
140.208333 141.208333  11.969 0.000   5.969 0.000000
143.208333 144.208333 999.999 0.999  34.706 0.000000
147.208333 148.208333   8.347 0.000   6.024 0.000000
150.208333 151.208333  17.041 0.000  12.000 0.000000
154.208333 155.208333  12.289 0.000   6.935 0.000000
157.208333 158.208333   4.811 0.000   1.815 0.000000
161.208333 162.208333   5.193 0.000   2.222 0.000000
164.208333 165.208333  24.096 0.000  17.470 0.000000
168.208333 169.208333  10.120 0.000   5.879 0.000000
171.208333 172.208333   9.103 0.000   5.485 0.000000
175.208333 176.208333  13.967 0.000   9.911 0.000000
178.208333 179.208333  13.202 0.000   7.899 0.000000
182.208333 183.208333  13.333 0.000  10.269 0.000000
185.208333 186.208333   3.982 0.000   2.801 0.000000
189.208333 190.208333   8.300 0.000   6.388 0.000000
192.208333 193.208333   7.675 0.000   5.731 0.000000
196.208333 197.208333   6.902 0.000   4.878 0.000000
199.208333 200.208333  10.207 0.000   4.102 0.000000
203.208333 204.208333   6.997 0.000   2.904 0.000000
206.208333 207.208333  12.765 0.000   8.882 0.000000
210.208333 211.208333  12.870 0.000   7.246 0.000000
213.208333 214.208333  10.245 0.000   9.222 0.000000
217.208333 218.208333  10.284 0.000   5.623 0.000000
220.208333 221.208333  19.033 0.000  16.177 0.000000
224.208333 225.208333   6.599 0.000   2.439 0.000000
227.208333 228.208333  11.406 0.000   5.518 0.000000
231.208333 232.208333  14.207 0.000  11.716 0.000000
234.208333 235.208333  11.225 0.000   8.230 0.000000
238.208333 239.208333  38.623 0.000  32.416 0.000000
241.208333 242.208333  14.731 0.000  12.613 0.000000
245.208333 246.208333   4.041 0.000   1.976 0.000000
248.208333 249.208333   5.404 0.000   3.814 0.000000
252.208333 253.208333   9.373 0.000   9.252 0.000000
255.208333 256.208333   4.567 0.000   2.605 0.000000
259.208333 260.208333  34.302 0.000  33.508 0.000000
262.208333 263.208333  16.147 0.000  15.521 0.000000
266.208333 267.208333   6.646 0.000   1.821 0.000000
269.208333 270.208333   9.589 0.000   3.142 0.000000
273.208333 274.208333   3.217 0.000   1.108 0.000000
276.208333 277.208333  19.817 0.000  18.972 0.000000
280.208333 281.208333   9.011 0.000   3.495 0.000000
283.208333 284.208333   8.000 0.000   4.468 0.000000
287.208333 288.208333   5.517 0.000   4.263 0.000000
290.208333 291.208333   6.477 0.000   5.342 0.000000
294.208333 295.208333 999.999 0.999 999.999 0.999000
297.208333 298.208333 999.999 0.999 999.999 0.999000
301.208333 302.208333   6.211 0.000   3.075 0.000000
304.208333 305.208333   3.423 0.000   2.382 0.000000
308.208333 309.208333   4.792 0.000   1.902 0.000000
311.208333 312.208333   5.598 0.000   2.755 0.000000
315.208333 316.208333   9.831 0.000   9.133 0.000000
318.208333 319.208333   5.797 0.000   4.427 0.000000
322.208333 323.208333   7.836 0.000   7.664 0.000000
325.208333 326.208333   8.539 0.000   6.031 0.000000
329.208333 330.208333   7.448 0.000   5.296 0.000000
332.208333 333.208333   8.152 0.000   6.469 0.000000
336.208333 337.208333 999.999 0.999  13.099 0.000000
339.208333 340.208333  15.062 0.000   3.439 0.000000
343.208333 344.208333   7.647 0.000   3.416 0.000000
346.208333 347.208333   5.476 0.000   2.960 0.000000
350.208333 351.208333  18.116 0.000  16.219 0.000000
353.208333 354.208333   6.764 0.000   3.789 0.000000
357.208333 358.208333  11.957 0.000  10.960 0.000000
360.208333 361.208333   8.645 0.000   4.785 0.000000
364.208333 365.208333 999.999 0.999   5.938 0.000000
