scripts/IMPROVE-2019_partial/data/US2096R.20040101050000.20191216000000.filterpack..pm25.52w.1w.US03L_filterpack_US2096.US03L_IMPROVE_Davis.lev2.nas
66 1001
MISSING INFORMATION
US03L, IMPROVE, , , , , , , 
MISSING INFORMATION
IMPROVE sel_HTAP
1 1
2004 01 01 2019 12 16
3.000000
days from file reference point
27
1 1 1 1 1 1 1 1 1 1 1 1 1 1 1 1 1 1 1 1 1 1 1 1 1 1 1
999.999999 999.99 9.999 999.99 9.999 9.999 9.999999 99.99 9.999 9.999 9.999 99.999 9.999 99.999 9.999 99.99 9.999999 999.999 9.999 99.999 9.999 999.999 9.999 9.999 9.999 99.999 9.999
end_time of measurement, days from the file reference point
iron, ng/m3, Revision date=20181210133000
numflag iron, no unit, Revision date=20181210133000
lead, ng/m3, Revision date=20181210133000
numflag lead, no unit, Revision date=20181210133000
magnesium, ug/m3, Revision date=20181210133000
numflag magnesium, no unit, Revision date=20181210133000
nickel, ng/m3, Revision date=20181210133000
numflag nickel, no unit, Revision date=20181210133000
nitrate, ug N/m3, Revision date=20181210133000
numflag nitrate, no unit, Revision date=20181210133000
organic_carbon, ug C/m3, Revision date=20181210133000
numflag organic_carbon, no unit, Revision date=20181210133000
organic_mass, ug/m3, Revision date=20181210133000
numflag organic_mass, no unit, Revision date=20181210133000
phosphorus, ng/m3, Revision date=20181210133000
numflag phosphorus, no unit, Revision date=20181210133000
pm10_mass, ug/m3, Version=2, Version description=Data extracted from http://views.cira.colostate.edu/fed/DataWizard 2019-12-16, Sample duration=1d, Orig. time res.=3d, Matrix=pm10, Blank correction=Blank corrected, Volume std. temperature=ambient, Volume std. pressure=ambient
numflag pm10_mass, no unit, Version=2, Version description=Data extracted from http://views.cira.colostate.edu/fed/DataWizard 2019-12-16, Sample duration=1d, Orig. time res.=3d, Matrix=pm10, Blank correction=Blank corrected, Volume std. temperature=ambient, Volume std. pressure=ambient
pm10_pm25_mass, ug/m3, Revision date=20181210133000, Matrix=pm10_pm25
numflag pm10_pm25_mass, no unit, Revision date=20181210133000, Matrix=pm10_pm25
pm25_mass, ug/m3, Version=2, Version description=Data extracted from http://views.cira.colostate.edu/fed/DataWizard 2019-12-16, Sample duration=1d, Orig. time res.=3d, Blank correction=Blank corrected, Volume std. temperature=ambient, Volume std. pressure=ambient
numflag pm25_mass, no unit, Version=2, Version description=Data extracted from http://views.cira.colostate.edu/fed/DataWizard 2019-12-16, Sample duration=1d, Orig. time res.=3d, Blank correction=Blank corrected, Volume std. temperature=ambient, Volume std. pressure=ambient
potassium, ug/m3, Revision date=20181210133000
numflag potassium, no unit, Revision date=20181210133000
sulphate_total, ug S/m3, Revision date=20181210133000
numflag sulphate_total, no unit, Revision date=20181210133000
0
25
Data definition:              EBAS_1.1
Set type code:                TU
Timezone:                     UTC
File name:                    US2096R.20040101050000.20191216000000.filterpack..pm25.52w.1w.US03L_filterpack_US2096.US03L_IMPROVE_Davis.lev2.nas
File creation:                20191218120345
Startdate:                    20040101050000
Revision date:                20191216000000
Statistics:                   arithmetic mean
Data level:                   2
Period code:                  52w
Resolution code:              1w
Station code:                 US2096R
Platform code:                US2096S
Station name:                 Casco Bay-Wolfe's Neck Farm (ME96)
Station latitude:             43.8325
Station longitude:            -70.0645
Station altitude:             15.0 m
Regime:                       IMG
Component:                    
Matrix:                       pm25
Laboratory code:              US03L
Instrument type:              filterpack
Instrument name:              filterpack_US2096
Method ref:                   US03L_IMPROVE_Davis
starttime endtime Fe flag_Fe Pb flag_Pb Mg++ flag_Mg++ Ni flag_Ni NO3- flag_NO3- OC flag_OC OM flag_OM P flag_P PM10 flag_PM10 PM10-PM2.5 flag_PM10-PM2.5 PM2.5 flag_PM2.5 K+ flag_K+ SO4-- flag_SO4--
[from data line 83]
249.208333 250.208333   1.98 0.000   0.83 0.000 0.127 0.000000  0.34 0.000 0.048 0.000  0.730 0.000  1.021 0.000  2.59 0.000000   6.404 0.000  3.758 0.000   2.646 0.000 0.021 0.000  0.143 0.000
252.208333 253.208333  54.42 0.000   1.17 0.000 9.999 0.259000  0.34 0.000 0.060 0.000  2.293 0.000  3.210 0.000 99.99 0.259000   8.846 0.000  2.566 0.000   6.280 0.000 0.054 0.000  0.311 0.000
255.208333 256.208333   9.76 0.000   2.57 0.000 0.107 0.000000  0.80 0.000 0.064 0.000  1.498 0.000  2.098 0.000 99.99 0.259000   6.986 0.000  2.819 0.000   4.167 0.000 0.030 0.000  0.244 0.000
258.208333 259.208333  19.99 0.000   1.31 0.000 9.999 0.259000  0.77 0.000 0.088 0.000  0.929 0.000  1.301 0.000 99.99 0.259000   9.011 0.000  4.772 0.000   4.239 0.000 0.021 0.000  0.393 0.000
261.208333 262.208333   9.73 0.000   1.67 0.000 0.128 0.000000  0.34 0.000 0.015 0.000  1.946 0.000  2.725 0.000 99.99 0.259000   4.366 0.000  1.631 0.000   2.736 0.000 0.027 0.000  0.183 0.000
264.208333 265.208333  19.23 0.000   1.37 0.000 9.999 0.259000  0.73 0.000 0.035 0.000  1.134 0.000  1.588 0.000 99.99 0.259000   8.361 0.000  4.684 0.000   3.676 0.000 0.032 0.000  0.192 0.000
267.208333 268.208333  21.10 0.000   1.19 0.000 9.999 0.259000  1.03 0.000 0.108 0.000  1.875 0.000  2.625 0.000 99.99 0.259000  10.146 0.000  4.078 0.000   6.069 0.000 0.024 0.000  0.995 0.000
270.208333 271.208333  20.01 0.000   2.39 0.000 9.999 0.259000  1.32 0.000 0.073 0.000  1.535 0.000  2.149 0.000 99.99 0.259000   9.980 0.000  2.583 0.000   7.397 0.000 0.028 0.000  0.771 0.000
273.208333 274.208333  13.98 0.000   1.06 0.000 9.999 0.259000  0.75 0.000 0.033 0.559  0.957 0.000  1.340 0.000 99.99 0.259000   5.281 0.000  2.552 0.000   2.729 0.000 0.026 0.000  0.134 0.559
276.208333 277.208333   6.37 0.000   0.62 0.000 9.999 0.259000  0.71 0.000 0.023 0.000  0.938 0.000  1.313 0.000 99.99 0.259000   6.362 0.000  2.437 0.000   3.925 0.000 0.019 0.000  0.420 0.000
279.208333 280.208333  20.71 0.000   1.49 0.000 0.102 0.000000  0.65 0.000 0.055 0.000  1.232 0.000  1.724 0.000 99.99 0.259000   6.903 0.000  2.712 0.000   4.191 0.000 0.020 0.000  0.365 0.000
282.208333 283.208333  47.13 0.000   3.59 0.000 9.999 0.259000  1.88 0.000 0.311 0.559  1.359 0.000  1.902 0.000 99.99 0.259000  18.518 0.000  6.183 0.000  12.335 0.000 0.047 0.000  1.856 0.559
285.208333 286.208333   7.04 0.000   0.57 0.000 0.137 0.000000  0.35 0.000 0.014 0.000  0.602 0.000  0.843 0.000 99.99 0.259000   4.299 0.000  2.366 0.000   1.933 0.000 0.014 0.000  0.160 0.000
288.208333 289.208333   8.16 0.000   0.97 0.000 9.999 0.259000  0.53 0.000 0.025 0.000  0.818 0.000  1.145 0.000 99.99 0.259000   3.765 0.000  0.920 0.000   2.845 0.000 0.014 0.000  0.220 0.000
291.208333 292.208333   5.73 0.000   0.67 0.000 9.999 0.259000  0.33 0.000 0.011 0.000  0.608 0.000  0.851 0.000 99.99 0.259000   3.721 0.000  1.626 0.000   2.095 0.000 0.013 0.000  0.225 0.000
294.208333 295.208333  12.18 0.000   0.74 0.000 0.105 0.000000  0.40 0.000 0.049 0.000  1.457 0.000  2.040 0.000 99.99 0.259000   5.239 0.000  1.318 0.000   3.921 0.000 0.025 0.000  0.161 0.000
297.208333 298.208333   4.93 0.000   1.51 0.000 9.999 0.259000  0.31 0.000 0.049 0.000  0.912 0.000  1.277 0.000 99.99 0.259000   7.865 0.000  2.641 0.000   5.223 0.000 0.029 0.000  0.826 0.000
300.208333 301.208333  26.19 0.000   1.82 0.000 9.999 0.259000  0.87 0.000 0.093 0.000  1.307 0.000  1.830 0.000 99.99 0.259000   8.158 0.000  1.905 0.000   6.253 0.000 0.043 0.000  0.714 0.000
303.208333 304.208333  36.55 0.000   2.10 0.000 9.999 0.259000  0.77 0.000 0.159 0.000  1.916 0.000  2.682 0.000 99.99 0.259000   9.091 0.000  1.537 0.000   7.554 0.000 0.051 0.000  0.574 0.000
306.208333 307.208333   4.60 0.000   0.39 0.000 9.999 0.259000  0.31 0.000 0.027 0.000  0.511 0.000  0.715 0.000 99.99 0.259000   2.908 0.000  0.961 0.000   1.947 0.000 0.013 0.000  0.152 0.000
309.208333 310.208333   2.76 0.000   0.60 0.000 9.999 0.259000  0.16 0.000 0.008 0.000  0.298 0.000  0.417 0.000 99.99 0.259000   3.368 0.000  2.272 0.000   1.097 0.000 0.009 0.000  0.090 0.000
312.208333 313.208333  11.92 0.000   1.21 0.000 0.084 0.000000  0.46 0.000 0.024 0.000  0.676 0.000  0.947 0.000 99.99 0.259000   4.309 0.000  1.350 0.000   2.959 0.000 0.022 0.000  0.305 0.000
315.208333 316.208333  45.85 0.000   3.47 0.000 9.999 0.259000  3.41 0.000 0.320 0.000  1.567 0.000  2.194 0.000 99.99 0.259000  11.839 0.000  4.258 0.000   7.581 0.000 0.037 0.000  0.609 0.000
318.208333 319.208333  12.09 0.000   1.35 0.000 9.999 0.259000  0.35 0.000 0.066 0.000  0.874 0.000  1.224 0.000 99.99 0.259000   5.892 0.000  1.954 0.000   3.938 0.000 0.036 0.000  0.343 0.000
321.208333 322.208333  34.92 0.000   4.48 0.000 9.999 0.259000  0.96 0.000 0.131 0.000  3.932 0.000  5.505 0.000 99.99 0.259000  13.847 0.000  2.524 0.000  11.322 0.000 0.093 0.000  0.555 0.000
324.208333 325.208333   9.25 0.000   1.36 0.000 9.999 0.259000  0.49 0.000 0.038 0.000  1.956 0.000  2.738 0.000 99.99 0.259000   5.513 0.000  0.773 0.000   4.740 0.000 0.043 0.000  0.247 0.000
327.208333 328.208333  17.99 0.000   2.35 0.000 9.999 0.259000  0.83 0.000 0.125 0.000  1.887 0.000  2.642 0.000 99.99 0.259000   9.727 0.000  1.528 0.000   8.199 0.000 0.053 0.000  0.558 0.000
330.208333 331.208333   5.48 0.000   1.29 0.000 9.999 0.259000 99.99 0.259 0.018 0.000  0.567 0.000  0.793 0.000 99.99 0.259000   2.988 0.000  1.086 0.000   1.902 0.000 0.017 0.000  0.205 0.000
333.208333 334.208333   5.87 0.000   1.29 0.000 0.179 0.000000  0.23 0.000 0.018 0.000  0.541 0.000  0.758 0.000 99.99 0.259000   2.886 0.000  0.522 0.000   2.365 0.000 0.016 0.000  0.346 0.000
336.208333 337.208333 999.99 0.999 999.99 0.999 9.999 0.999000 99.99 0.999 9.999 0.999 99.999 0.999 99.999 0.999 99.99 0.999000 999.999 0.999 99.999 0.999 999.999 0.999 9.999 0.999 99.999 0.999
339.208333 340.208333  26.88 0.000   2.76 0.000 9.999 0.259000  1.61 0.000 0.376 0.000  1.090 0.000  1.526 0.000 99.99 0.259000   8.081 0.000  1.529 0.000   6.552 0.000 0.033 0.000  0.460 0.000
342.208333 343.208333  12.45 0.000   1.20 0.000 9.999 0.259000  0.89 0.000 0.067 0.000  0.986 0.000  1.380 0.000 99.99 0.259000   4.756 0.000  0.237 0.000   4.518 0.000 0.025 0.000  0.601 0.000
345.208333 346.208333   2.41 0.000   0.89 0.000 0.042 0.000000  0.28 0.000 0.085 0.000  1.022 0.000  1.431 0.000 99.99 0.259000   3.138 0.000  0.014 0.000   3.123 0.000 0.016 0.000  0.366 0.000
348.208333 349.208333  10.57 0.000   0.76 0.000 9.999 0.259000  0.58 0.000 0.117 0.000  0.959 0.000  1.342 0.000 99.99 0.259000   5.104 0.000  1.137 0.000   3.966 0.000 0.028 0.000  0.411 0.000
351.208333 352.208333  40.75 0.000   8.44 0.000 9.999 0.259000  3.07 0.000 0.343 0.559  1.206 0.000  1.689 0.000 99.99 0.259000   9.343 0.000  2.338 0.000   7.005 0.000 0.037 0.000  0.598 0.559
354.208333 355.208333   7.57 0.000   1.52 0.000 0.110 0.000000  1.02 0.000 0.317 0.000  1.413 0.000  1.978 0.000 99.99 0.259000   7.283 0.000  1.100 0.000   6.183 0.000 0.048 0.000  0.415 0.000
357.208333 358.208333  10.51 0.000   0.76 0.000 0.093 0.000000  1.40 0.000 0.223 0.000  0.921 0.000  1.289 0.000 99.99 0.259000  14.642 0.000  5.774 0.000   8.868 0.000 0.060 0.000  0.847 0.000
360.208333 361.208333  12.32 0.000   1.41 0.000 9.999 0.259000  0.41 0.000 0.097 0.000  1.025 0.000  1.436 0.000 99.99 0.259000   5.716 0.000  1.929 0.000   3.788 0.000 0.039 0.000  0.321 0.000
363.208333 364.208333  45.28 0.000   4.06 0.000 0.082 0.000000  3.21 0.000 0.330 0.000  1.849 0.000  2.588 0.000 99.99 0.259000  12.290 0.000  2.175 0.000  10.115 0.000 0.066 0.000  0.902 0.000
