scripts/IMPROVE-2019_partial/data/US2002R.20050101050000.20191216000000.filterpack..pm25.52w.1w.US03L_filterpack_US2002.US03L_IMPROVE_Davis.lev2.nas
64 1001
MISSING INFORMATION
US03L, IMPROVE, , , , , , , 
MISSING INFORMATION
IMPROVE sel_HTAP
1 1
2005 01 01 2019 12 16
3.000000
days from file reference point
25
1 1 1 1 1 1 1 1 1 1 1 1 1 1 1 1 1 1 1 1 1 1 1 1 1
999.999999 999.99 9.999 99.99 9.999 9.999 9.999999 99.99 9.999 99.999 9.999 99.999 9.999999 99.999 9.999999 999.999 9.999 99.999 9.999 999.999 9.999 9.999 9.999 99.999 9.999
end_time of measurement, days from the file reference point
iron, ng/m3, Revision date=20181210133000
numflag iron, no unit, Revision date=20181210133000
lead, ng/m3, Revision date=20181210133000
numflag lead, no unit, Revision date=20181210133000
magnesium, ug/m3, Revision date=20181210133000
numflag magnesium, no unit, Revision date=20181210133000
nickel, ng/m3, Revision date=20181210133000
numflag nickel, no unit, Revision date=20181210133000
nitrate, ug N/m3, Revision date=20181210133000
numflag nitrate, no unit, Revision date=20181210133000
organic_carbon, ug C/m3, Revision date=20181210133000
numflag organic_carbon, no unit, Revision date=20181210133000
organic_mass, ug/m3, Revision date=20181210133000
numflag organic_mass, no unit, Revision date=20181210133000
pm10_mass, ug/m3, Version=2, Version description=Data extracted from http://views.cira.colostate.edu/fed/DataWizard 2019-12-16, Sample duration=1d, Orig. time res.=3d, Matrix=pm10, Blank correction=Blank corrected, Volume std. temperature=ambient, Volume std. pressure=ambient
numflag pm10_mass, no unit, Version=2, Version description=Data extracted from http://views.cira.colostate.edu/fed/DataWizard 2019-12-16, Sample duration=1d, Orig. time res.=3d, Matrix=pm10, Blank correction=Blank corrected, Volume std. temperature=ambient, Volume std. pressure=ambient
pm10_pm25_mass, ug/m3, Revision date=20181210133000, Matrix=pm10_pm25
numflag pm10_pm25_mass, no unit, Revision date=20181210133000, Matrix=pm10_pm25
pm25_mass, ug/m3, Version=2, Version description=Data extracted from http://views.cira.colostate.edu/fed/DataWizard 2019-12-16, Sample duration=1d, Orig. time res.=3d, Blank correction=Blank corrected, Volume std. temperature=ambient, Volume std. pressure=ambient
numflag pm25_mass, no unit, Version=2, Version description=Data extracted from http://views.cira.colostate.edu/fed/DataWizard 2019-12-16, Sample duration=1d, Orig. time res.=3d, Blank correction=Blank corrected, Volume std. temperature=ambient, Volume std. pressure=ambient
potassium, ug/m3, Revision date=20181210133000
numflag potassium, no unit, Revision date=20181210133000
sulphate_total, ug S/m3, Revision date=20181210133000
numflag sulphate_total, no unit, Revision date=20181210133000
0
25
Data definition:              EBAS_1.1
Set type code:                TU
Timezone:                     UTC
File name:                    US2002R.20050101050000.20191216000000.filterpack..pm25.52w.1w.US03L_filterpack_US2002.US03L_IMPROVE_Davis.lev2.nas
File creation:                20191218120341
Startdate:                    20050101050000
Revision date:                20191216000000
Statistics:                   arithmetic mean
Data level:                   2
Period code:                  52w
Resolution code:              1w
Station code:                 US2002R
Platform code:                US2002S
Station name:                 Bridgton (ME02)
Station latitude:             44.1075
Station longitude:            -70.7289
Station altitude:             222.0 m
Regime:                       IMG
Component:                    
Matrix:                       pm25
Laboratory code:              US03L
Instrument type:              filterpack
Instrument name:              filterpack_US2002
Method ref:                   US03L_IMPROVE_Davis
starttime endtime Fe flag_Fe Pb flag_Pb Mg++ flag_Mg++ Ni flag_Ni NO3- flag_NO3- OC flag_OC OM flag_OM PM10 flag_PM10 PM10-PM2.5 flag_PM10-PM2.5 PM2.5 flag_PM2.5 K+ flag_K+ SO4-- flag_SO4--
[from data line 87]
261.208333 262.208333   7.66 0.394  1.24 0.394 9.999 0.394259  0.20 0.394  0.010 0.394  0.518 0.000000  0.932 0.000000   8.157 0.000  4.088 0.000   4.123 0.000 0.021 0.394  0.439 0.394
264.208333 265.208333  31.67 0.000  1.54 0.000 9.999 0.259000  0.60 0.000  0.016 0.000  1.324 0.000000  2.382 0.000000  15.283 0.000  8.473 0.000   6.674 0.000 0.038 0.000  0.593 0.000
267.208333 268.208333  10.04 0.000  2.50 0.000 9.999 0.259000  0.33 0.000  0.026 0.000  0.848 0.000000  1.526 0.000000   6.686 0.000  2.991 0.000   3.638 0.000 0.027 0.000  0.245 0.000
270.208333 271.208333   8.80 0.000  2.91 0.000 9.999 0.259000  0.13 0.000  0.015 0.000  0.754 0.000000  1.357 0.000000   5.957 0.000  3.122 0.000   2.845 0.000 0.019 0.000  0.239 0.000
273.208333 274.208333  16.08 0.000  2.55 0.000 9.999 0.259000  0.88 0.000  0.018 0.000  1.147 0.000000  2.065 0.000000   7.167 0.000  2.448 0.000   4.662 0.000 0.028 0.000  0.501 0.000
276.208333 277.208333  29.58 0.000  3.85 0.000 9.999 0.259000  5.00 0.000  0.078 0.000  1.445 0.000000  2.601 0.000000  15.300 0.000  1.777 0.000  13.442 0.000 0.025 0.000  2.024 0.000
279.208333 280.208333  26.61 0.000  1.02 0.000 9.999 0.259000  2.44 0.000  0.106 0.000  0.951 0.000000  1.712 0.000000  11.108 0.000  3.684 0.000   7.337 0.000 0.022 0.000  1.142 0.000
282.208333 283.208333   1.86 0.000  0.80 0.000 9.999 0.259000  1.20 0.000  0.006 0.000  1.059 0.000000  1.907 0.000000   3.980 0.000  1.593 0.000   2.354 0.000 0.031 0.000  0.237 0.000
285.208333 286.208333   4.60 0.000  0.68 0.000 0.034 0.000000  0.77 0.000  0.063 0.000  0.970 0.000000  1.746 0.000000  10.267 0.000  6.393 0.000   3.780 0.000 0.028 0.000  0.260 0.000
288.208333 289.208333   4.60 0.000  0.31 0.000 0.006 0.000000  0.14 0.000 99.999 0.259  0.185 0.000000  0.333 0.000000   1.621 0.000  1.230 0.000   0.375 0.000 0.006 0.000  0.045 0.000
291.208333 292.208333   6.03 0.000  0.54 0.000 0.008 0.000000  0.23 0.000  0.006 0.000  0.601 0.000000  1.081 0.000000   3.626 0.000  2.051 0.000   1.580 0.000 0.013 0.000  0.190 0.000
294.208333 295.208333  10.04 0.000  2.06 0.000 9.999 0.259000  0.49 0.000  0.039 0.000  1.063 0.000000  1.913 0.000000   4.250 0.000  1.405 0.000   2.811 0.000 0.025 0.000  0.221 0.000
297.208333 298.208333   9.54 0.000  0.22 0.000 0.009 0.000000  0.20 0.000  0.008 0.000  0.154 0.000000  0.277 0.000000   0.836 0.000  0.518 0.000   0.310 0.000 0.008 0.000  0.067 0.000
300.208333 301.208333  13.02 0.000  1.34 0.000 0.013 0.000000  0.48 0.000  0.017 0.000  0.498 0.000000  0.897 0.000000   4.480 0.000  1.289 0.000   3.156 0.000 0.018 0.000  0.492 0.000
303.208333 304.208333  29.43 0.000  2.94 0.000 9.999 0.259000  0.31 0.000  0.045 0.000  1.506 0.000000  2.711 0.000000   9.816 0.000  2.046 0.000   7.697 0.000 0.047 0.000  0.987 0.000
306.208333 307.208333  22.74 0.000  1.43 0.000 9.999 0.259000  0.37 0.000  0.038 0.000  1.014 0.000000  1.825 0.000000   7.798 0.000  3.093 0.000   4.640 0.000 0.040 0.000  0.542 0.000
309.208333 310.208333   3.97 0.000  2.76 0.000 9.999 0.259000  1.87 0.000  0.059 0.000  1.442 0.000000  2.595 0.000000   6.700 0.000  0.644 0.000   6.009 0.000 0.045 0.000  0.584 0.000
312.208333 313.208333   4.52 0.000  0.55 0.000 9.999 0.259000  0.39 0.000  0.024 0.000  0.418 0.000000  0.752 0.000000   1.798 0.000  0.472 0.000   1.324 0.000 0.012 0.000  0.086 0.000
315.208333 316.208333   5.61 0.000  1.24 0.000 9.999 0.259000  0.22 0.000  0.026 0.000  1.017 0.000000  1.830 0.000000   3.751 0.000  0.532 0.000   3.192 0.000 0.022 0.000  0.248 0.000
318.208333 319.208333   8.32 0.000  0.69 0.000 9.999 0.259000  0.81 0.000  0.033 0.000  0.937 0.000000  1.686 0.000000   2.957 0.000  0.777 0.000   2.167 0.000 0.017 0.000  0.111 0.000
321.208333 322.208333   4.05 0.000  0.66 0.000 9.999 0.259000 99.99 0.259  0.015 0.000  0.344 0.000000  0.619 0.000000   2.168 0.000  0.542 0.000   1.609 0.000 0.012 0.000  0.192 0.000
324.208333 325.208333  33.64 0.000  3.79 0.000 9.999 0.259000  0.52 0.000  0.069 0.000  2.255 0.000000  4.059 0.000000  11.657 0.000  3.364 0.000   8.202 0.000 0.055 0.000  0.786 0.000
327.208333 328.208333   4.37 0.000  1.14 0.000 9.999 0.259000  1.13 0.000  0.109 0.000  0.649 0.000000  1.168 0.000000   4.032 0.000  0.397 0.000   3.607 0.000 0.032 0.000  0.448 0.000
330.208333 331.208333  12.21 0.000  4.24 0.000 9.999 0.259000  1.39 0.000  0.110 0.000  1.760 0.000000  3.169 0.000000   9.876 0.000  0.935 0.000   8.872 0.000 0.067 0.000  0.898 0.000
333.208333 334.208333   2.27 0.000  0.34 0.000 9.999 0.259000  0.35 0.000  0.031 0.000  1.187 0.000000  2.136 0.000000   5.883 0.000  1.861 0.000   4.028 0.000 0.050 0.000  0.338 0.000
336.208333 337.208333   3.84 0.000  0.52 0.000 9.999 0.259000 99.99 0.259  0.011 0.000  0.174 0.000000  0.313 0.000000   2.532 0.000  1.549 0.000   0.959 0.000 0.005 0.000  0.117 0.000
339.208333 340.208333  13.06 0.000  0.69 0.000 9.999 0.259000  0.30 0.000  0.050 0.000  0.798 0.000000  1.437 0.000000   5.056 0.000  0.984 0.000   4.072 0.000 0.030 0.000  0.521 0.000
342.208333 343.208333  10.24 0.000  2.31 0.000 9.999 0.259000  0.92 0.000  0.070 0.000  1.865 0.000000  3.358 0.000000   6.206 0.000  1.011 0.000   5.149 0.000 0.042 0.000  0.303 0.000
345.208333 346.208333  20.77 0.000  2.84 0.000 9.999 0.259000  0.97 0.000  0.189 0.000  2.194 0.000000  3.950 0.000000  11.216 0.000  1.142 0.000   9.995 0.000 0.056 0.000  1.228 0.000
348.208333 349.208333  11.32 0.000  0.85 0.000 0.007 0.000000  0.46 0.000  0.058 0.000  1.093 0.000000  1.968 0.000000   5.346 0.000  1.893 0.000   3.409 0.000 0.046 0.000  0.321 0.000
351.208333 352.208333  10.64 0.000  1.45 0.000 9.999 0.259000  0.28 0.000  0.039 0.000  1.120 0.000000  2.017 0.000000   7.521 0.000  0.467 0.000   7.002 0.000 0.032 0.000  1.119 0.000
354.208333 355.208333  13.02 0.000  1.54 0.000 0.031 0.000000  0.33 0.000  0.188 0.000  0.774 0.000000  1.393 0.000000   4.994 0.000  1.507 0.000   3.490 0.000 0.052 0.000  0.290 0.000
357.208333 358.208333  25.16 0.000  3.42 0.000 9.999 0.259000  0.68 0.000  0.427 0.000  3.066 0.000000  5.518 0.000000  14.313 0.000  0.351 0.000  13.868 0.000 0.072 0.000  1.652 0.000
360.208333 361.208333   3.32 0.000  0.38 0.000 0.011 0.000000  0.26 0.000  0.026 0.000  0.171 0.000000  0.308 0.000000   1.955 0.000  0.750 0.000   1.205 0.000 0.016 0.000  0.202 0.000
363.208333 364.208333   2.48 0.000  0.43 0.000 9.999 0.259000  0.36 0.000  0.018 0.000  0.369 0.000000  0.664 0.000000   1.797 0.000  0.289 0.000   1.496 0.000 0.018 0.000  0.237 0.000
