scripts/IMPROVE-2019_partial/data/US2096R.20010314050000.20191216000000.filterpack..pm25.10mo.1w.US03L_filterpack_US2096.US03L_IMPROVE_Davis.lev2.nas
64 1001
MISSING INFORMATION
US03L, IMPROVE, , , , , , , 
MISSING INFORMATION
IMPROVE sel_HTAP
1 1
2001 01 01 2019 12 16
3.000000
days from file reference point
25
1 1 1 1 1 1 1 1 1 1 1 1 1 1 1 1 1 1 1 1 1 1 1 1 1
999.999999 9999.99 9.999 99.99 9.999 9.999 9.999 99.99 9.999 9.999 9.999 99.999 9.999 999.999 9.999 999.999 9.999 99.999 9.999 999.999 9.999 9.999 9.999 99.999 9.999
end_time of measurement, days from the file reference point
iron, ng/m3, Revision date=20181210133000
numflag iron, no unit, Revision date=20181210133000
lead, ng/m3, Revision date=20181210133000
numflag lead, no unit, Revision date=20181210133000
magnesium, ug/m3, Revision date=20181210133000
numflag magnesium, no unit, Revision date=20181210133000
nickel, ng/m3, Revision date=20181210133000
numflag nickel, no unit, Revision date=20181210133000
nitrate, ug N/m3, Revision date=20181210133000
numflag nitrate, no unit, Revision date=20181210133000
organic_carbon, ug C/m3, Revision date=20181210133000
numflag organic_carbon, no unit, Revision date=20181210133000
organic_mass, ug/m3, Revision date=20181210133000
numflag organic_mass, no unit, Revision date=20181210133000
pm10_mass, ug/m3, Version=2, Version description=Data extracted from http://views.cira.colostate.edu/fed/DataWizard 2019-12-16, Sample duration=1d, Orig. time res.=3d, Matrix=pm10, Blank correction=Blank corrected, Volume std. temperature=ambient, Volume std. pressure=ambient
numflag pm10_mass, no unit, Version=2, Version description=Data extracted from http://views.cira.colostate.edu/fed/DataWizard 2019-12-16, Sample duration=1d, Orig. time res.=3d, Matrix=pm10, Blank correction=Blank corrected, Volume std. temperature=ambient, Volume std. pressure=ambient
pm10_pm25_mass, ug/m3, Revision date=20181210133000, Matrix=pm10_pm25
numflag pm10_pm25_mass, no unit, Revision date=20181210133000, Matrix=pm10_pm25
pm25_mass, ug/m3, Version=2, Version description=Data extracted from http://views.cira.colostate.edu/fed/DataWizard 2019-12-16, Sample duration=1d, Orig. time res.=3d, Blank correction=Blank corrected, Volume std. temperature=ambient, Volume std. pressure=ambient
numflag pm25_mass, no unit, Version=2, Version description=Data extracted from http://views.cira.colostate.edu/fed/DataWizard 2019-12-16, Sample duration=1d, Orig. time res.=3d, Blank correction=Blank corrected, Volume std. temperature=ambient, Volume std. pressure=ambient
potassium, ug/m3, Revision date=20181210133000
numflag potassium, no unit, Revision date=20181210133000
sulphate_total, ug S/m3, Revision date=20181210133000
numflag sulphate_total, no unit, Revision date=20181210133000
0
25
Data definition:              EBAS_1.1
Set type code:                TU
Timezone:                     UTC
File name:                    US2096R.20010314050000.20191216000000.filterpack..pm25.10mo.1w.US03L_filterpack_US2096.US03L_IMPROVE_Davis.lev2.nas
File creation:                20191218120344
Startdate:                    20010314050000
Revision date:                20191216000000
Statistics:                   arithmetic mean
Data level:                   2
Period code:                  10mo
Resolution code:              1w
Station code:                 US2096R
Platform code:                US2096S
Station name:                 Casco Bay-Wolfe's Neck Farm (ME96)
Station latitude:             43.8325
Station longitude:            -70.0645
Station altitude:             15.0 m
Regime:                       IMG
Component:                    
Matrix:                       pm25
Laboratory code:              US03L
Instrument type:              filterpack
Instrument name:              filterpack_US2096
Method ref:                   US03L_IMPROVE_Davis
starttime endtime Fe flag_Fe Pb flag_Pb Mg++ flag_Mg++ Ni flag_Ni NO3- flag_NO3- OC flag_OC OM flag_OM PM10 flag_PM10 PM10-PM2.5 flag_PM10-PM2.5 PM2.5 flag_PM2.5 K+ flag_K+ SO4-- flag_SO4--
 72.208333  73.208333 9999.99 0.999 99.99 0.999 9.999 0.999 99.99 0.999 9.999 0.999 99.999 0.999 999.999 0.999 999.999 0.999 99.999 0.999 999.999 0.999 9.999 0.999 99.999 0.999
 75.208333  76.208333 9999.99 0.999 99.99 0.999 9.999 0.999 99.99 0.999 9.999 0.999 99.999 0.999 999.999 0.999 999.999 0.999 99.999 0.999 999.999 0.999 9.999 0.999 99.999 0.999
 78.208333  79.208333 9999.99 0.999 99.99 0.999 9.999 0.999 99.99 0.999 9.999 0.999 99.999 0.999 999.999 0.999 999.999 0.999 99.999 0.999 999.999 0.999 9.999 0.999 99.999 0.999
 81.208333  82.208333 9999.99 0.999 99.99 0.999 9.999 0.999 99.99 0.999 9.999 0.999 99.999 0.999 999.999 0.999 999.999 0.999 99.999 0.999 999.999 0.999 9.999 0.999 99.999 0.999
 84.208333  85.208333 9999.99 0.999 99.99 0.999 9.999 0.999 99.99 0.999 9.999 0.999 99.999 0.999 999.999 0.999 999.999 0.999 99.999 0.999 999.999 0.999 9.999 0.999 99.999 0.999
 87.208333  88.208333 9999.99 0.999 99.99 0.999 9.999 0.999 99.99 0.999 9.999 0.999 99.999 0.999 999.999 0.999 999.999 0.999 99.999 0.999 999.999 0.999 9.999 0.999 99.999 0.999
 90.208333  91.208333 9999.99 0.999 99.99 0.999 9.999 0.999 99.99 0.999 9.999 0.999 99.999 0.999 999.999 0.999 999.999 0.999 99.999 0.999 999.999 0.999 9.999 0.999 99.999 0.999
 93.208333  94.208333   17.59 0.000  1.81 0.000 9.999 0.259  1.56 0.000 0.288 0.000  0.728 0.000   1.019 0.000   5.678 0.000  1.553 0.000   4.125 0.000 0.039 0.000  0.482 0.000
 96.208333  97.208333   18.91 0.000  1.46 0.000 9.999 0.259  0.98 0.000 0.053 0.000  0.731 0.000   1.023 0.000   5.311 0.000  0.889 0.000   4.422 0.000 0.031 0.000  0.498 0.000
 99.208333 100.208333   10.75 0.000  2.54 0.000 9.999 0.259  0.66 0.000 0.028 0.000  0.667 0.000   0.934 0.000   4.941 0.000  1.238 0.000   3.703 0.000 0.024 0.000  0.450 0.000
102.208333 103.208333    5.63 0.000  3.34 0.000 0.036 0.000  1.00 0.000 0.068 0.000  0.600 0.000   0.840 0.000   4.943 0.000  1.155 0.000   3.788 0.000 0.015 0.000  0.525 0.000
105.208333 106.208333   12.31 0.000  1.83 0.000 9.999 0.259  1.66 0.000 0.047 0.000  0.652 0.000   0.913 0.000   4.995 0.000  1.538 0.000   3.457 0.000 0.039 0.000  0.330 0.000
108.208333 109.208333   26.75 0.000  2.74 0.000 9.999 0.259  0.77 0.000 0.042 0.000  0.658 0.000   0.921 0.000   6.822 0.000  2.512 0.000   4.310 0.000 0.027 0.000  0.376 0.000
111.208333 112.208333  272.59 0.000  4.52 0.000 9.999 0.259  0.57 0.000 0.319 0.000  1.492 0.000   2.088 0.000  24.407 0.000  9.386 0.000  15.021 0.000 0.150 0.000  1.560 0.000
114.208333 115.208333  100.52 0.000  1.71 0.000 9.999 0.259 99.99 0.259 0.026 0.000  0.559 0.000   0.782 0.000   8.479 0.000  3.948 0.000   4.530 0.000 0.066 0.000  0.395 0.000
117.208333 118.208333   44.81 0.000  2.13 0.000 9.999 0.259  0.40 0.000 0.147 0.000  0.667 0.000   0.934 0.000   7.310 0.000  2.958 0.000   4.351 0.000 0.042 0.000  0.571 0.000
120.208333 121.208333   70.47 0.000  4.54 0.000 9.999 0.259  1.81 0.000 0.201 0.000  2.844 0.000   3.982 0.000  17.968 0.000  5.064 0.000  12.905 0.000 0.082 0.000  1.185 0.000
123.208333 124.208333  124.20 0.000  4.78 0.000 9.999 0.259  0.63 0.000 0.105 0.000  2.820 0.000   3.948 0.000  32.259 0.000  6.847 0.000  25.412 0.000 0.090 0.000  3.674 0.000
126.208333 127.208333   38.48 0.000  1.62 0.000 9.999 0.259  0.70 0.000 0.082 0.000  0.599 0.000   0.839 0.000   9.909 0.000  6.481 0.000   3.428 0.000 0.036 0.000  0.272 0.000
129.208333 130.208333   64.32 0.000  3.13 0.000 9.999 0.259  1.66 0.000 0.133 0.000  1.171 0.000   1.640 0.000  15.463 0.000  7.527 0.000   7.936 0.000 0.047 0.000  0.820 0.000
132.208333 133.208333   20.61 0.000  1.36 0.000 9.999 0.259 99.99 0.259 0.013 0.000  0.562 0.000   0.787 0.000   5.976 0.000  3.512 0.000   2.463 0.000 0.023 0.000  0.243 0.000
135.208333 136.208333   14.94 0.000  1.45 0.000 9.999 0.259  0.56 0.000 0.101 0.000  0.470 0.000   0.658 0.000   6.132 0.000  2.104 0.000   4.028 0.000 0.023 0.000  0.585 0.000
138.208333 139.208333   15.36 0.000  4.29 0.000 9.999 0.259  0.53 0.000 0.107 0.000  0.708 0.000   0.991 0.000   9.016 0.000  2.977 0.000   6.039 0.000 0.025 0.000  0.888 0.000
141.208333 142.208333   20.05 0.000  1.36 0.000 9.999 0.259  0.29 0.000 0.052 0.000  0.463 0.000   0.647 0.000   6.415 0.000  1.971 0.000   4.445 0.000 0.019 0.000  0.511 0.000
144.208333 145.208333   31.24 0.000  3.87 0.000 9.999 0.259  0.68 0.000 0.119 0.000  0.948 0.000   1.327 0.000  10.315 0.000  5.047 0.000   5.268 0.000 0.042 0.000  0.409 0.000
147.208333 148.208333    2.95 0.000  1.74 0.000 9.999 0.259  0.62 0.000 0.048 0.000  0.969 0.000   1.357 0.000   6.213 0.000  1.554 0.000   4.660 0.000 0.020 0.000  0.520 0.000
150.208333 151.208333    7.64 0.000  0.85 0.000 9.999 0.259 99.99 0.259 0.011 0.000  0.358 0.000   0.501 0.000   3.876 0.000  2.457 0.000   1.419 0.000 0.010 0.000  0.132 0.000
153.208333 154.208333    2.37 0.000  4.80 0.000 9.999 0.259  0.48 0.000 0.021 0.559  0.576 0.000   0.807 0.000   4.142 0.000  0.791 0.000   3.351 0.000 0.017 0.000  0.442 0.559
156.208333 157.208333    8.01 0.000  1.48 0.000 9.999 0.259 99.99 0.259 0.039 0.000  0.706 0.000   0.989 0.000   5.047 0.000  2.450 0.000   2.597 0.000 0.021 0.000  0.266 0.000
159.208333 160.208333   32.97 0.000  1.74 0.000 9.999 0.259  0.66 0.000 0.077 0.000  1.468 0.000   2.055 0.000   9.448 0.000  4.178 0.000   5.269 0.000 0.039 0.000  0.319 0.000
162.208333 163.208333   24.87 0.000  4.10 0.000 9.999 0.259  0.93 0.000 0.105 0.000  1.091 0.000   1.527 0.000  18.194 0.000  4.423 0.000  13.772 0.000 0.047 0.000  1.675 0.000
165.208333 166.208333   45.38 0.000  2.37 0.000 9.999 0.259  2.62 0.000 0.079 0.000  2.229 0.000   3.121 0.000  33.598 0.000  2.024 0.000  31.575 0.000 0.090 0.000  4.893 0.000
168.208333 169.208333    9.81 0.000  1.03 0.000 9.999 0.259  0.31 0.000 0.017 0.000  2.037 0.000   2.852 0.000  11.561 0.000  4.284 0.000   7.277 0.000 0.035 0.000  0.542 0.000
171.208333 172.208333   20.52 0.000  1.80 0.000 9.999 0.259  1.68 0.000 0.030 0.000  3.251 0.000   4.552 0.000  13.848 0.000  3.553 0.000  10.296 0.000 0.053 0.000  0.612 0.000
174.208333 175.208333   16.97 0.000  0.85 0.000 9.999 0.259  1.00 0.000 0.163 0.000  0.558 0.000   0.781 0.000  12.925 0.000  4.019 0.000   8.907 0.000 0.040 0.000  1.211 0.000
177.208333 178.208333   34.77 0.000  2.23 0.000 9.999 0.259  0.95 0.000 0.069 0.000  9.037 0.000  12.651 0.000  30.507 0.000  5.513 0.000  24.994 0.000 0.109 0.000  1.550 0.000
180.208333 181.208333   56.93 0.000  3.13 0.000 9.999 0.259  1.74 0.000 0.100 0.000  2.962 0.000   4.147 0.000  28.621 0.000  5.340 0.000  23.281 0.000 0.061 0.000  3.491 0.000
183.208333 184.208333 9999.99 0.999 99.99 0.999 9.999 0.999 99.99 0.999 9.999 0.999 99.999 0.999 999.999 0.999 999.999 0.999 99.999 0.999 999.999 0.999 9.999 0.999 99.999 0.999
186.208333 187.208333    9.61 0.000  1.21 0.000 9.999 0.259 99.99 0.259 0.020 0.559  0.803 0.000   1.124 0.000   6.383 0.000  2.622 0.000   3.760 0.000 0.027 0.000  0.316 0.559
189.208333 190.208333   20.30 0.000  1.52 0.000 9.999 0.259  1.74 0.000 0.150 0.559  0.869 0.000   1.216 0.000  16.433 0.000  2.849 0.000  13.583 0.000 0.045 0.000  2.182 0.559
192.208333 193.208333    6.29 0.000  0.85 0.000 9.999 0.259  0.64 0.000 0.057 0.559  0.703 0.000   0.984 0.000   6.944 0.000  3.518 0.000   3.426 0.000 0.027 0.000  0.289 0.559
195.208333 196.208333    6.73 0.000  2.18 0.000 9.999 0.259  0.26 0.000 0.026 0.559  0.861 0.000   1.205 0.000   6.503 0.000  3.310 0.000   3.193 0.000 0.033 0.000  0.156 0.559
198.208333 199.208333    6.08 0.000  1.06 0.000 9.999 0.259  5.47 0.000 0.042 0.559  0.888 0.000   1.243 0.000   9.457 0.000  2.922 0.000   6.535 0.000 0.021 0.000  0.770 0.559
201.208333 202.208333   22.86 0.000  4.13 0.000 9.999 0.259  1.41 0.000 0.231 0.559  3.983 0.000   5.576 0.000  20.187 0.000  3.717 0.000  16.470 0.000 0.054 0.000  1.519 0.559
204.208333 205.208333   66.88 0.000  1.91 0.000 9.999 0.259  3.70 0.000 0.109 0.000  3.240 0.000   4.535 0.000  41.963 0.000  5.119 0.000  36.844 0.000 0.053 0.000  4.627 0.000
207.208333 208.208333    9.44 0.000  0.37 0.000 9.999 0.259  0.26 0.000 0.027 0.000  0.415 0.000   0.581 0.000   4.536 0.000  2.535 0.000   2.002 0.000 0.025 0.000  0.120 0.000
210.208333 211.208333   17.35 0.000  2.17 0.000 9.999 0.259  3.26 0.000 0.051 0.559  1.679 0.000   2.350 0.000  12.314 0.000  2.034 0.000  10.280 0.000 0.031 0.000  1.101 0.559
213.208333 214.208333   54.54 0.000  3.84 0.000 9.999 0.259  2.74 0.000 0.134 0.559  3.981 0.000   5.574 0.000  26.526 0.000  6.178 0.000  20.348 0.000 0.057 0.000  1.999 0.559
216.208333 217.208333   10.35 0.000  1.24 0.000 9.999 0.259  1.30 0.000 0.048 0.559  1.245 0.000   1.742 0.000  15.262 0.000  1.614 0.000  13.647 0.000 0.025 0.000  1.975 0.559
219.208333 220.208333   32.37 0.000  1.18 0.000 9.999 0.259  0.84 0.000 0.072 0.000  2.419 0.000   3.386 0.000  16.619 0.000  3.467 0.000  13.151 0.000 0.038 0.000  1.297 0.000
222.208333 223.208333   13.69 0.000  1.04 0.000 9.999 0.259  0.39 0.000 0.024 0.000  0.950 0.000   1.330 0.000   7.547 0.000  3.712 0.000   3.835 0.000 0.033 0.000  0.272 0.000
225.208333 226.208333   21.03 0.000  1.21 0.000 0.092 0.000  0.63 0.000 0.042 0.559  1.307 0.000   1.830 0.000  10.506 0.000  3.366 0.000   7.140 0.000 0.037 0.000  0.486 0.559
228.208333 229.208333   18.60 0.000  2.78 0.000 9.999 0.259  1.22 0.000 0.134 0.000  1.204 0.000   1.685 0.000  14.939 0.000  5.720 0.000   9.218 0.000 0.036 0.000  0.881 0.000
231.208333 232.208333   14.25 0.000  2.52 0.000 9.999 0.259  1.34 0.000 0.060 0.000  1.098 0.000   1.538 0.000  17.300 0.000  0.138 0.000  17.162 0.000 0.029 0.000  2.977 0.000
234.208333 235.208333   20.44 0.000  1.53 0.000 9.999 0.259  1.73 0.000 0.080 0.000  1.767 0.000   2.473 0.000  16.659 0.000  3.323 0.000  13.336 0.000 0.035 0.000  1.567 0.000
237.208333 238.208333   13.92 0.000  1.31 0.000 9.999 0.259  1.10 0.000 0.113 0.000  1.175 0.000   1.645 0.000  13.566 0.000  6.652 0.000   6.914 0.000 0.035 0.000  0.761 0.000
240.208333 241.208333   11.29 0.000  0.53 0.000 9.999 0.259 99.99 0.259 0.019 0.559  0.559 0.000   0.783 0.000   5.540 0.000  2.173 0.000   3.366 0.000 0.016 0.000  0.373 0.559
243.208333 244.208333    6.76 0.000  0.45 0.000 9.999 0.259  0.33 0.000 0.084 0.000  0.585 0.000   0.819 0.000   6.744 0.000  1.886 0.000   4.858 0.000 0.021 0.000  0.833 0.000
246.208333 247.208333   21.72 0.000  2.00 0.000 9.999 0.259  1.41 0.000 0.156 0.000  0.877 0.000   1.228 0.000  10.975 0.000  3.311 0.000   7.664 0.000 0.025 0.000  1.035 0.000
249.208333 250.208333   40.46 0.000  2.19 0.000 9.999 0.259  2.52 0.000 0.088 0.000  2.337 0.000   3.272 0.000  12.153 0.000  3.350 0.000   8.802 0.000 0.033 0.000  0.746 0.000
252.208333 253.208333   14.38 0.000  1.16 0.000 9.999 0.259  1.87 0.000 0.117 0.000  0.655 0.000   0.918 0.000  10.758 0.000  4.568 0.000   6.190 0.000 0.029 0.000  0.897 0.000
255.208333 256.208333   28.50 0.000  4.89 0.000 9.999 0.259  1.42 0.000 0.102 0.559  1.126 0.000   1.576 0.000  11.264 0.000  4.684 0.000   6.580 0.000 0.031 0.000  0.739 0.559
258.208333 259.208333   12.65 0.000  2.27 0.000 9.999 0.259  0.57 0.000 0.047 0.559  1.007 0.000   1.410 0.000   6.701 0.000  2.564 0.000   4.136 0.000 0.030 0.000  0.374 0.559
261.208333 262.208333   29.19 0.000  0.86 0.000 9.999 0.259  0.26 0.000 0.055 0.000  0.505 0.000   0.707 0.000   7.712 0.000  4.838 0.000   2.874 0.000 0.030 0.000  0.232 0.000
264.208333 265.208333    3.17 0.000  3.02 0.000 9.999 0.259  1.03 0.000 0.088 0.000  0.496 0.000   0.695 0.000   6.420 0.000  0.738 0.000   5.682 0.000 0.019 0.000  0.594 0.000
267.208333 268.208333    2.78 0.000  0.29 0.000 9.999 0.259  0.32 0.000 0.034 0.000  0.137 0.000   0.191 0.000   3.367 0.000  0.997 0.000   2.370 0.000 0.011 0.000  0.387 0.000
270.208333 271.208333    9.00 0.000  0.72 0.000 9.999 0.259  0.27 0.000 0.043 0.559  0.804 0.000   1.126 0.000   7.859 0.000  3.096 0.000   4.763 0.000 0.019 0.000  0.616 0.559
273.208333 274.208333   11.09 0.000  2.62 0.000 9.999 0.259  0.67 0.000 0.065 0.000  1.028 0.000   1.440 0.000   5.994 0.000  1.970 0.000   4.024 0.000 0.047 0.000  0.257 0.000
276.208333 277.208333   85.66 0.000  6.53 0.000 9.999 0.259  2.40 0.000 0.259 0.000  3.038 0.000   4.253 0.000  32.227 0.000  6.545 0.000  25.683 0.000 0.075 0.000  3.501 0.000
279.208333 280.208333    4.28 0.000  0.81 0.000 0.012 0.000 99.99 0.259 0.010 0.000  0.419 0.000   0.587 0.000   3.160 0.000  1.447 0.000   1.714 0.000 0.017 0.000  0.161 0.000
282.208333 283.208333   52.82 0.000  3.33 0.000 9.999 0.259  4.35 0.000 0.084 0.559  1.289 0.000   1.804 0.000  10.086 0.000  4.159 0.000   5.928 0.000 0.050 0.000  0.522 0.559
285.208333 286.208333   17.11 0.000  1.91 0.000 9.999 0.259  1.56 0.000 0.206 0.000  2.800 0.000   3.920 0.000  15.760 0.000  0.883 0.000  14.877 0.000 0.029 0.000  2.078 0.000
288.208333 289.208333   10.88 0.000  1.76 0.000 9.999 0.259  0.47 0.000 0.063 0.559  1.056 0.000   1.478 0.000   8.062 0.000  2.972 0.000   5.090 0.000 0.025 0.000  0.598 0.559
291.208333 292.208333   22.34 0.000  2.56 0.000 9.999 0.259  0.89 0.000 0.114 0.559  1.167 0.000   1.634 0.000   8.483 0.000  4.053 0.000   4.430 0.000 0.037 0.000  0.324 0.559
294.208333 295.208333   26.09 0.000  1.87 0.000 9.999 0.259  0.29 0.000 0.056 0.559  1.375 0.000   1.925 0.000  11.367 0.000  3.555 0.000   7.812 0.000 0.046 0.000  0.873 0.559
297.208333 298.208333    5.55 0.000  0.84 0.000 9.999 0.259  0.94 0.000 0.102 0.559  0.733 0.000   1.026 0.000   6.118 0.000  1.323 0.000   4.794 0.000 0.012 0.000  0.616 0.559
300.208333 301.208333    3.60 0.000  0.45 0.000 9.999 0.259  0.65 0.000 0.010 0.000  0.478 0.000   0.670 0.000   2.578 0.000  0.946 0.000   1.632 0.000 0.020 0.000  0.152 0.000
303.208333 304.208333   25.60 0.000  1.47 0.000 9.999 0.259  0.36 0.000 0.066 0.000  0.932 0.000   1.305 0.000   5.982 0.000  1.392 0.000   4.590 0.000 0.034 0.000  0.289 0.000
306.208333 307.208333   20.68 0.000  1.46 0.000 9.999 0.259  1.39 0.000 0.151 0.000  1.644 0.000   2.301 0.000  12.649 0.000  5.617 0.000   7.032 0.000 0.046 0.000  0.706 0.000
309.208333 310.208333    6.42 0.000  0.99 0.000 9.999 0.259  0.27 0.000 0.014 0.000  0.465 0.000   0.650 0.000   3.451 0.000  1.437 0.000   2.014 0.000 0.016 0.000  0.232 0.000
312.208333 313.208333    9.26 0.000  1.34 0.000 9.999 0.259  0.62 0.000 0.096 0.000  0.693 0.000   0.970 0.000   5.489 0.000  2.226 0.000   3.263 0.000 0.027 0.000  0.300 0.000
315.208333 316.208333    4.49 0.000  0.76 0.000 9.999 0.259 99.99 0.259 0.024 0.000  0.423 0.000   0.592 0.000   2.510 0.000  0.433 0.000   2.077 0.000 0.021 0.000  0.190 0.000
318.208333 319.208333   52.80 0.000  5.09 0.000 9.999 0.259  2.09 0.000 0.203 0.000  3.417 0.000   4.784 0.000  19.285 0.000  2.168 0.000  17.117 0.000 0.102 0.000  1.479 0.000
321.208333 322.208333   25.28 0.000  3.64 0.000 9.999 0.259  2.82 0.000 0.170 0.559  2.426 0.000   3.397 0.000  10.770 0.000  3.349 0.000   7.421 0.000 0.061 0.000  0.380 0.559
324.208333 325.208333    6.83 0.000  1.13 0.000 9.999 0.259 99.99 0.259 0.022 0.000  0.875 0.000   1.225 0.000   3.305 0.000  0.739 0.000   2.566 0.000 0.041 0.000  0.136 0.000
327.208333 328.208333   12.07 0.000  3.95 0.000 9.999 0.259  1.38 0.000 0.262 0.000  2.094 0.000   2.931 0.000  13.178 0.000  3.420 0.000   9.758 0.000 0.057 0.000  0.783 0.000
330.208333 331.208333   10.20 0.000  1.54 0.000 9.999 0.259  0.47 0.000 0.075 0.000  0.853 0.000   1.195 0.000   8.020 0.000  3.392 0.000   4.628 0.000 0.033 0.000  0.522 0.000
333.208333 334.208333    7.39 0.000  3.64 0.000 9.999 0.259  0.79 0.000 0.138 0.000  1.200 0.000   1.679 0.000   4.267 0.000  0.376 0.000   3.891 0.000 0.037 0.000  0.228 0.000
336.208333 337.208333   23.48 0.000  2.65 0.000 9.999 0.259  1.23 0.000 0.125 0.000  1.476 0.000   2.066 0.000   9.162 0.000  2.426 0.000   6.736 0.000 0.035 0.000  0.694 0.000
339.208333 340.208333   63.00 0.000  3.56 0.000 9.999 0.259  2.86 0.000 0.176 0.559  2.124 0.000   2.973 0.000  12.690 0.000  2.980 0.000   9.710 0.000 0.044 0.000  1.091 0.559
