scripts/IMPROVE-2019_partial/data/US2098R.19940101050000.20191216000000.filterpack...1y.3d.US03L_filterpack_US2098.US03L_IMPROVE_Davis.lev2.nas
51 1001
MISSING INFORMATION
US03L, IMPROVE, , , , , , , 
MISSING INFORMATION
IMPROVE sel_HTAP
1 1
1994 01 01 2019 12 16
0
days from file reference point
4
1 1 1 1
999.999999 999.999 999.999 9.999
end_time of measurement, days from the file reference point
pm10_mass, ug/m3, Matrix=pm10
pm25_mass, ug/m3, Matrix=pm25
numflag, no unit
0
33
Data definition:              EBAS_1.1
Set type code:                TI
Timezone:                     UTC
File name:                    US2098R.19940101050000.20191216000000.filterpack...1y.3d.US03L_filterpack_US2098.US03L_IMPROVE_Davis.lev2.nas
File creation:                20191218120350
Startdate:                    19940101050000
Revision date:                20191216000000
Version:                      2
Version description:          "Data extracted from http://views.cira.colostate.edu/fed/DataWizard 2019-12-16"
Statistics:                   arithmetic mean
Data level:                   2
Period code:                  1y
Resolution code:              3d
Sample duration:              1d
Orig. time res.:              3d
Station code:                 US2098R
Platform code:                US2098S
Station name:                 Acadia National Park-McFarland Hill (ME98)
Station latitude:             44.3772
Station longitude:            -68.2608
Station altitude:             150.0 m
Regime:                       IMG
Component:                    
Unit:                         ug/m3
Matrix:                       
Laboratory code:              US03L
Instrument type:              filterpack
Instrument name:              filterpack_US2098
Method ref:                   US03L_IMPROVE_Davis
Blank correction:             Blank corrected
Volume std. temperature:      ambient
Volume std. pressure:         ambient
starttime endtime PM10 PM2.5 flag
  0.208333   1.208333  15.040   9.040 0.000
  4.208333   5.208333   7.052   5.130 0.000
  7.208333   8.208333   6.759   5.162 0.000
 11.208333  12.208333  13.441   9.672 0.000
 14.208333  15.208333   7.649   5.407 0.000
 18.208333  19.208333   5.444   3.322 0.000
 21.208333  22.208333  12.661   7.869 0.000
 25.208333  26.208333  12.596   3.442 0.000
 28.208333  29.208333   6.984   4.771 0.000
 32.208333  33.208333  15.121  10.224 0.000
 35.208333  36.208333  21.680  13.082 0.000
 39.208333  40.208333   7.823   5.974 0.000
 42.208333  43.208333  11.992   6.906 0.000
 46.208333  47.208333  10.000   5.431 0.000
 49.208333  50.208333 999.999  19.935 0.000
 53.208333  54.208333   8.127   3.441 0.000
 56.208333  57.208333   7.154   3.528 0.000
 60.208333  61.208333   8.843   4.492 0.000
 63.208333  64.208333   5.813   5.321 0.000
 67.208333  68.208333  10.976   4.254 0.000
 70.208333  71.208333  10.467   5.112 0.000
 74.208333  75.208333  17.364  16.550 0.000
 77.208333  78.208333  11.781   8.159 0.000
 81.208333  82.208333   4.822   2.429 0.000
 84.208333  85.208333   7.280   4.290 0.000
 88.208333  89.208333  11.318   7.053 0.000
 91.208333  92.208333   7.154   3.596 0.000
 95.208333  96.208333   9.793   8.491 0.000
 98.208333  99.208333  10.593   7.740 0.000
102.208333 103.208333  11.434   5.812 0.000
105.208333 106.208333  11.793   8.994 0.000
109.208333 110.208333   8.755   6.913 0.000
112.208333 113.208333   9.053   4.618 0.000
116.208333 117.208333  13.359   7.429 0.000
119.208333 120.208333  13.494   6.465 0.000
123.208333 124.208333  10.407   6.749 0.000
126.208333 127.208333  12.912   8.037 0.000
130.208333 131.208333  19.170   7.293 0.000
133.208333 134.208333   2.727 999.999 0.000
137.208333 138.208333   3.292   0.886 0.000
140.208333 141.208333   7.619   3.846 0.000
144.208333 145.208333   9.023   4.907 0.000
147.208333 148.208333   8.630   4.969 0.000
151.208333 152.208333  13.256   6.584 0.000
154.208333 155.208333   4.830   2.704 0.000
158.208333 159.208333  10.876   7.210 0.000
161.208333 162.208333  11.395   4.075 0.000
165.208333 166.208333  10.332   7.175 0.000
168.208333 169.208333  12.143  11.630 0.000
172.208333 173.208333  16.360   8.442 0.000
175.208333 176.208333  14.286   7.264 0.000
179.208333 180.208333  19.373  17.757 0.000
182.208333 183.208333  29.628  25.344 0.000
186.208333 187.208333  16.556  12.531 0.000
189.208333 190.208333   5.169   2.805 0.000
193.208333 194.208333  22.664  16.456 0.000
196.208333 197.208333  11.236   7.357 0.000
200.208333 201.208333  21.541  17.072 0.000
203.208333 204.208333  21.034  18.349 0.000
207.208333 208.208333  22.113  18.640 0.000
210.208333 211.208333  14.517  11.273 0.000
214.208333 215.208333  33.333 999.999 0.000
217.208333 218.208333   8.175   3.872 0.000
221.208333 222.208333  16.274   9.877 0.000
224.208333 225.208333  30.608  22.562 0.000
228.208333 229.208333  20.738  17.337 0.000
231.208333 232.208333  23.495  15.497 0.000
235.208333 236.208333   6.102   3.048 0.000
238.208333 239.208333  28.377  26.109 0.000
242.208333 243.208333   8.624   5.531 0.000
245.208333 246.208333   8.068   5.627 0.000
249.208333 250.208333  18.967  10.230 0.000
252.208333 253.208333  20.594   3.994 0.000
256.208333 257.208333   9.041   3.871 0.000
259.208333 260.208333  48.516  39.281 0.000
263.208333 264.208333  23.413   5.974 0.000
266.208333 267.208333  13.007   4.727 0.000
270.208333 271.208333   9.609   6.505 0.000
273.208333 274.208333   5.467   1.845 0.000
277.208333 278.208333   8.877   2.452 0.000
280.208333 281.208333  21.310  14.673 0.000
284.208333 285.208333   5.906   2.548 0.000
287.208333 288.208333   4.096   1.158 0.000
291.208333 292.208333   8.616   4.427 0.000
294.208333 295.208333   2.653   1.218 0.000
298.208333 299.208333   9.178   6.558 0.000
301.208333 302.208333  88.472  12.285 0.000
305.208333 306.208333   6.691   2.647 0.000
308.208333 309.208333  25.235  15.809 0.000
312.208333 313.208333   9.852   9.803 0.000
315.208333 316.208333 999.999   2.117 0.000
319.208333 320.208333   4.891   2.201 0.000
322.208333 323.208333   5.464   2.816 0.000
326.208333 327.208333   3.393   1.678 0.000
329.208333 330.208333 999.999   4.605 0.000
333.208333 334.208333   4.574   3.235 0.000
336.208333 337.208333  13.018   7.291 0.000
340.208333 341.208333   9.712   3.476 0.000
343.208333 344.208333   7.158   3.720 0.000
347.208333 348.208333   7.444   4.350 0.000
350.208333 351.208333  12.429   6.350 0.000
354.208333 355.208333  11.791   6.227 0.000
357.208333 358.208333   4.829   3.485 0.000
361.208333 362.208333  14.539   6.512 0.000
364.208333 365.208333   5.451   3.025 0.000
