scripts/IMPROVE-2019_partial/data/US2098R.19900103050000.20191216000000.filterpack...1y.3d.US03L_filterpack_US2098.US03L_IMPROVE_Davis.lev2.nas
52 1001
MISSING INFORMATION
US03L, IMPROVE, , , , , , , 
MISSING INFORMATION
IMPROVE sel_HTAP
1 1
1990 01 01 2019 12 16
0
days from file reference point
5
1 1 1 1 1
999.999999 999.999 9.999 999.999 9.999999
end_time of measurement, days from the file reference point
pm10_mass, ug/m3, Matrix=pm10
numflag pm10_mass, no unit, Matrix=pm10
pm25_mass, ug/m3, Matrix=pm25
numflag pm25_mass, no unit, Matrix=pm25
0
33
Data definition:              EBAS_1.1
Set type code:                TI
Timezone:                     UTC
File name:                    US2098R.19900103050000.20191216000000.filterpack...1y.3d.US03L_filterpack_US2098.US03L_IMPROVE_Davis.lev2.nas
File creation:                20191218120350
Startdate:                    19900103050000
Revision date:                20191216000000
Version:                      2
Version description:          "Data extracted from http://views.cira.colostate.edu/fed/DataWizard 2019-12-16"
Statistics:                   arithmetic mean
Data level:                   2
Period code:                  1y
Resolution code:              3d
Sample duration:              1d
Orig. time res.:              3d
Station code:                 US2098R
Platform code:                US2098S
Station name:                 Acadia National Park-McFarland Hill (ME98)
Station latitude:             44.3772
Station longitude:            -68.2608
Station altitude:             150.0 m
Regime:                       IMG
Component:                    
Unit:                         ug/m3
Matrix:                       
Laboratory code:              US03L
Instrument type:              filterpack
Instrument name:              filterpack_US2098
Method ref:                   US03L_IMPROVE_Davis
Blank correction:             Blank corrected
Volume std. temperature:      ambient
Volume std. pressure:         ambient
starttime endtime PM10 flag_PM10 PM2.5 flag_PM2.5
  2.208333   3.208333  11.705 0.000  11.073 0.000000
  5.208333   6.208333   7.137 0.000 999.999 0.999000
  9.208333  10.208333   8.937 0.000   7.120 0.000000
 12.208333  13.208333   6.126 0.000   4.608 0.000000
 16.208333  17.208333  23.889 0.000  21.433 0.000000
 19.208333  20.208333  10.397 0.000   5.162 0.000000
 23.208333  24.208333   8.736 0.000   7.557 0.000000
 26.208333  27.208333   5.632 0.000   4.351 0.000000
 30.208333  31.208333   7.373 0.000   4.837 0.000000
 33.208333  34.208333   9.805 0.000   4.854 0.000000
 37.208333  38.208333  16.988 0.000  14.519 0.000000
 40.208333  41.208333  15.155 0.000   9.231 0.000000
 44.208333  45.208333  13.506 0.000   9.773 0.000000
 47.208333  48.208333   5.600 0.000   4.211 0.000000
 51.208333  52.208333  12.222 0.000   6.294 0.000000
 54.208333  55.208333   3.846 0.000   2.939 0.000000
 58.208333  59.208333   8.774 0.000   7.348 0.000000
 61.208333  62.208333  13.065 0.000   8.645 0.000000
 65.208333  66.208333 999.999 0.999   9.807 0.000000
 68.208333  69.208333  10.962 0.000   8.506 0.000000
 72.208333  73.208333  11.686 0.000   5.409 0.000000
 75.208333  76.208333  11.762 0.000  10.918 0.000000
 79.208333  80.208333   4.436 0.000   4.121 0.000000
 82.208333  83.208333   8.794 0.000   6.720 0.000000
 86.208333  87.208333 999.999 0.999   6.688 0.000000
 89.208333  90.208333   2.713 0.000   2.317 0.000000
 93.208333  94.208333   7.019 0.000   3.551 0.000000
 96.208333  97.208333   5.720 0.000   4.798 0.000000
100.208333 101.208333   9.504 0.000   6.404 0.000000
103.208333 104.208333  15.763 0.000  10.000 0.000000
107.208333 108.208333 999.999 0.999   6.749 0.000000
110.208333 111.208333   9.004 0.000   7.616 0.000000
114.208333 115.208333  14.566 0.000   5.245 0.000000
117.208333 118.208333  23.358 0.000  13.302 0.000000
121.208333 122.208333  10.231 0.000   6.750 0.000000
124.208333 125.208333   9.653 0.000   8.125 0.000000
128.208333 129.208333 999.999 0.999 999.999 0.999000
131.208333 132.208333   7.099 0.000   5.140 0.000000
135.208333 136.208333 999.999 0.999 999.999 0.999000
138.208333 139.208333   4.577 0.000   3.502 0.000000
142.208333 143.208333 999.999 0.999   2.253 0.000000
145.208333 146.208333  12.717 0.000   9.938 0.000000
149.208333 150.208333 999.999 0.999   5.387 0.000000
152.208333 153.208333  26.038 0.000  19.721 0.000000
156.208333 157.208333  13.678 0.000   5.262 0.000000
159.208333 160.208333  11.724 0.000   7.716 0.000000
163.208333 164.208333  13.527 0.000   6.223 0.000000
166.208333 167.208333  10.116 0.000   4.308 0.000000
170.208333 171.208333  22.248 0.000   9.200 0.000000
173.208333 174.208333  24.008 0.000  19.562 0.000000
177.208333 178.208333  23.668 0.000  21.204 0.000000
180.208333 181.208333 999.999 0.999   3.692 0.000000
184.208333 185.208333  68.727 0.000  20.091 0.000000
187.208333 188.208333  32.697 0.000   2.340 0.000000
191.208333 192.208333  12.189 0.000   7.270 0.000000
194.208333 195.208333  31.870 0.000   8.344 0.000000
198.208333 199.208333  30.307 0.000  26.584 0.000000
201.208333 202.208333  16.885 0.000  16.142 0.000000
205.208333 206.208333  12.689 0.000   7.424 0.000000
208.208333 209.208333  24.189 0.000   5.392 0.000000
212.208333 213.208333  22.111 0.000  16.114 0.000000
215.208333 216.208333  16.148 0.000  11.873 0.000000
219.208333 220.208333 999.999 0.999   2.862 0.000000
222.208333 223.208333  13.307 0.000   1.292 0.000000
226.208333 227.208333  31.776 0.000  12.531 0.000000
229.208333 230.208333  81.660 0.000 999.999 0.999000
233.208333 234.208333  11.787 0.000  11.269 0.000000
236.208333 237.208333  11.521 0.000   5.287 0.000000
240.208333 241.208333 999.999 0.999  15.401 0.000000
243.208333 244.208333  11.538 0.000  10.092 0.559000
247.208333 248.208333  15.077 0.000 999.999 0.559259
250.208333 251.208333   6.962 0.000   2.310 0.559000
254.208333 255.208333 999.999 0.999  24.167 0.559000
257.208333 258.208333   7.137 0.000   6.429 0.559000
261.208333 262.208333 999.999 0.999   6.416 0.559000
264.208333 265.208333   8.237 0.000   6.386 0.559000
268.208333 269.208333  34.167 0.000  11.360 0.559000
271.208333 272.208333  29.197 0.000  28.615 0.559000
275.208333 276.208333  19.853 0.000   8.266 0.559000
278.208333 279.208333  22.565 0.000  11.548 0.559000
282.208333 283.208333 999.999 0.999 999.999 0.559259
285.208333 286.208333   8.155 0.000   1.843 0.559000
289.208333 290.208333 999.999 0.999  13.153 0.559000
292.208333 293.208333   7.883 0.000   5.826 0.559000
296.208333 297.208333 999.999 0.999   3.437 0.559000
299.208333 300.208333   4.189 0.000   3.146 0.559000
303.208333 304.208333  10.568 0.000   5.399 0.559000
306.208333 307.208333 999.999 0.999 999.999 0.999000
310.208333 311.208333 999.999 0.999   8.254 0.559000
313.208333 314.208333   8.706 0.000   4.858 0.559000
317.208333 318.208333   5.625 0.000   4.795 0.559000
320.208333 321.208333  21.562 0.000  15.732 0.559000
324.208333 325.208333  10.808 0.000   5.358 0.559000
327.208333 328.208333 999.999 0.999   6.321 0.559000
331.208333 332.208333  22.557 0.000  20.093 0.559000
334.208333 335.208333  14.731 0.000  10.683 0.559000
338.208333 339.208333  17.099 0.000   5.648 0.559000
341.208333 342.208333   9.923 0.000 999.999 0.559259
345.208333 346.208333   6.580 0.000   3.230 0.559000
348.208333 349.208333   8.662 0.000   5.062 0.559000
352.208333 353.208333 999.999 0.999 999.999 0.559259
355.208333 356.208333  16.327 0.000   4.303 0.559000
359.208333 360.208333  11.660 0.000   9.320 0.559000
362.208333 363.208333   6.409 0.000   3.419 0.559000
