scripts/IMPROVE-2019_partial/data/US2098R.19930102050000.20191216000000.filterpack...1y.3d.US03L_filterpack_US2098.US03L_IMPROVE_Davis.lev2.nas
51 1001
MISSING INFORMATION
US03L, IMPROVE, , , , , , , 
MISSING INFORMATION
IMPROVE sel_HTAP
1 1
1993 01 01 2019 12 16
0
days from file reference point
4
1 1 1 1
999.999999 999.999 999.999 9.999
end_time of measurement, days from the file reference point
pm10_mass, ug/m3, Matrix=pm10
pm25_mass, ug/m3, Matrix=pm25
numflag, no unit
0
33
Data definition:              EBAS_1.1
Set type code:                TI
Timezone:                     UTC
File name:                    US2098R.19930102050000.20191216000000.filterpack...1y.3d.US03L_filterpack_US2098.US03L_IMPROVE_Davis.lev2.nas
File creation:                20191218120350
Startdate:                    19930102050000
Revision date:                20191216000000
Version:                      2
Version description:          "Data extracted from http://views.cira.colostate.edu/fed/DataWizard 2019-12-16"
Statistics:                   arithmetic mean
Data level:                   2
Period code:                  1y
Resolution code:              3d
Sample duration:              1d
Orig. time res.:              3d
Station code:                 US2098R
Platform code:                US2098S
Station name:                 Acadia National Park-McFarland Hill (ME98)
Station latitude:             44.3772
Station longitude:            -68.2608
Station altitude:             150.0 m
Regime:                       IMG
Component:                    
Unit:                         ug/m3
Matrix:                       
Laboratory code:              US03L
Instrument type:              filterpack
Instrument name:              filterpack_US2098
Method ref:                   US03L_IMPROVE_Davis
Blank correction:             Blank corrected
Volume std. temperature:      ambient
Volume std. pressure:         ambient
starttime endtime PM10 PM2.5 flag
  1.208333   2.208333   7.328   3.108 0.000
  5.208333   6.208333  11.524   3.271 0.000
  8.208333   9.208333   5.237   3.489 0.000
 12.208333  13.208333   9.763   5.047 0.000
 15.208333  16.208333  12.470  12.141 0.000
 19.208333  20.208333 999.999   6.087 0.000
 22.208333  23.208333 999.999   3.012 0.000
 26.208333  27.208333   7.864   4.254 0.000
 29.208333  30.208333   7.804   5.208 0.000
 33.208333  34.208333 999.999   6.698 0.000
 36.208333  37.208333   6.952   4.525 0.000
 40.208333  41.208333  15.781  10.652 0.000
 43.208333  44.208333   4.667   2.236 0.000
 47.208333  48.208333 999.999 999.999 0.999
 50.208333  51.208333  11.547   8.652 0.000
 54.208333  55.208333 999.999 999.999 0.999
 57.208333  58.208333   6.339   5.062 0.000
 61.208333  62.208333  19.877  17.819 0.000
 64.208333  65.208333   5.248   3.832 0.000
 68.208333  69.208333   5.341   4.037 0.000
 71.208333  72.208333  10.736   4.037 0.000
 75.208333  76.208333  10.529   5.988 0.000
 78.208333  79.208333  10.120   6.154 0.000
 82.208333  83.208333   8.621   6.128 0.000
 85.208333  86.208333  11.702   9.938 0.000
 89.208333  90.208333  11.227   4.537 0.000
 92.208333  93.208333  10.882 999.999 0.000
 96.208333  97.208333   9.372   2.914 0.000
 99.208333 100.208333   8.290   3.773 0.000
103.208333 104.208333   9.725   3.631 0.000
106.208333 107.208333  11.903   6.511 0.000
110.208333 111.208333  32.687   8.239 0.000
113.208333 114.208333   4.264   2.812 0.000
117.208333 118.208333  12.792   4.356 0.000
120.208333 121.208333   9.122   5.429 0.000
124.208333 125.208333   8.067   5.185 0.000
127.208333 128.208333   9.423   6.708 0.000
131.208333 132.208333   4.509   2.477 0.000
134.208333 135.208333   8.535   5.015 0.000
138.208333 139.208333   7.778   6.212 0.000
141.208333 142.208333  10.141   5.515 0.000
145.208333 146.208333  16.245  11.735 0.000
148.208333 149.208333   8.456   4.606 0.000
152.208333 153.208333   7.819   4.019 0.000
155.208333 156.208333   4.789   2.692 0.000
159.208333 160.208333  14.767  10.333 0.000
162.208333 163.208333   8.231 999.999 0.000
166.208333 167.208333  13.175   6.327 0.000
169.208333 170.208333  19.806  16.845 0.000
173.208333 174.208333   5.564   1.969 0.000
176.208333 177.208333  30.802  20.940 0.000
180.208333 181.208333   8.425   4.665 0.000
183.208333 184.208333   4.364   2.954 0.000
187.208333 188.208333  35.563  29.052 0.000
190.208333 191.208333  26.796  21.258 0.000
194.208333 195.208333  10.761   5.505 0.000
197.208333 198.208333   4.176   2.280 0.000
201.208333 202.208333   7.266   3.384 0.000
204.208333 205.208333   7.164   4.909 0.000
208.208333 209.208333   5.451   4.451 0.000
211.208333 212.208333  18.233  15.862 0.000
215.208333 216.208333  42.332  22.853 0.000
218.208333 219.208333   7.158   4.831 0.000
222.208333 223.208333   9.453   4.116 0.000
225.208333 226.208333  18.513  15.325 0.000
229.208333 230.208333   9.781   6.626 0.000
232.208333 233.208333   7.409   4.073 0.000
236.208333 237.208333  15.596  11.411 0.000
239.208333 240.208333  37.380  31.125 0.000
243.208333 244.208333   9.615   4.255 0.000
246.208333 247.208333  12.070   8.213 0.000
250.208333 251.208333   7.964   4.154 0.000
253.208333 254.208333   5.876   3.292 0.000
257.208333 258.208333  21.011  14.923 0.000
260.208333 261.208333   3.092   1.703 0.000
264.208333 265.208333   9.779   6.887 0.000
267.208333 268.208333  12.583   7.201 0.000
271.208333 272.208333  13.048   6.113 0.000
274.208333 275.208333  14.855   6.151 0.000
278.208333 279.208333   5.946   3.544 0.000
281.208333 282.208333  11.197   7.692 0.000
285.208333 286.208333   3.686   2.244 0.000
288.208333 289.208333  15.378  13.686 0.000
292.208333 293.208333   7.480   4.528 0.000
295.208333 296.208333   3.920   2.159 0.000
299.208333 300.208333   7.317   3.375 0.000
302.208333 303.208333  17.668  11.171 0.000
306.208333 307.208333  10.000   4.424 0.000
309.208333 310.208333   7.941   5.389 0.000
313.208333 314.208333  15.800  11.529 0.000
316.208333 317.208333   7.922   2.643 0.000
320.208333 321.208333  10.962   7.134 0.000
323.208333 324.208333   5.894   4.272 0.000
327.208333 328.208333  11.905   6.415 0.000
330.208333 331.208333   9.237   3.323 0.000
334.208333 335.208333   5.855   3.067 0.000
337.208333 338.208333  10.400   8.211 0.000
341.208333 342.208333  11.165   6.474 0.000
344.208333 345.208333   7.959   3.000 0.000
348.208333 349.208333   3.550   2.095 0.000
351.208333 352.208333  12.000   5.402 0.000
355.208333 356.208333   8.080   4.073 0.000
358.208333 359.208333   9.030   7.881 0.000
362.208333 363.208333  10.165   7.803 0.000
