scripts/IMPROVE-2019_partial/data/US2096R.20030103050000.20191216000000.filterpack..pm25.1y.1w.US03L_filterpack_US2096.US03L_IMPROVE_Davis.lev2.nas
64 1001
MISSING INFORMATION
US03L, IMPROVE, , , , , , , 
MISSING INFORMATION
IMPROVE sel_HTAP
1 1
2003 01 01 2019 12 16
3.000000
days from file reference point
25
1 1 1 1 1 1 1 1 1 1 1 1 1 1 1 1 1 1 1 1 1 1 1 1 1
999.999999 9999.99 9.999 999.99 9.999 9.999 9.999 99.99 9.999 9.999 9.999 999.999 9.999 999.999 9.999 999.999 9.999 999.999 9.999 999.999 9.999 9.999 9.999 99.999 9.999
end_time of measurement, days from the file reference point
iron, ng/m3, Revision date=20181210133000
numflag iron, no unit, Revision date=20181210133000
lead, ng/m3, Revision date=20181210133000
numflag lead, no unit, Revision date=20181210133000
magnesium, ug/m3, Revision date=20181210133000
numflag magnesium, no unit, Revision date=20181210133000
nickel, ng/m3, Revision date=20181210133000
numflag nickel, no unit, Revision date=20181210133000
nitrate, ug N/m3, Revision date=20181210133000
numflag nitrate, no unit, Revision date=20181210133000
organic_carbon, ug C/m3, Revision date=20181210133000
numflag organic_carbon, no unit, Revision date=20181210133000
organic_mass, ug/m3, Revision date=20181210133000
numflag organic_mass, no unit, Revision date=20181210133000
pm10_mass, ug/m3, Version=2, Version description=Data extracted from http://views.cira.colostate.edu/fed/DataWizard 2019-12-16, Sample duration=1d, Orig. time res.=3d, Matrix=pm10, Blank correction=Blank corrected, Volume std. temperature=ambient, Volume std. pressure=ambient
numflag pm10_mass, no unit, Version=2, Version description=Data extracted from http://views.cira.colostate.edu/fed/DataWizard 2019-12-16, Sample duration=1d, Orig. time res.=3d, Matrix=pm10, Blank correction=Blank corrected, Volume std. temperature=ambient, Volume std. pressure=ambient
pm10_pm25_mass, ug/m3, Revision date=20181210133000, Matrix=pm10_pm25
numflag pm10_pm25_mass, no unit, Revision date=20181210133000, Matrix=pm10_pm25
pm25_mass, ug/m3, Version=2, Version description=Data extracted from http://views.cira.colostate.edu/fed/DataWizard 2019-12-16, Sample duration=1d, Orig. time res.=3d, Blank correction=Blank corrected, Volume std. temperature=ambient, Volume std. pressure=ambient
numflag pm25_mass, no unit, Version=2, Version description=Data extracted from http://views.cira.colostate.edu/fed/DataWizard 2019-12-16, Sample duration=1d, Orig. time res.=3d, Blank correction=Blank corrected, Volume std. temperature=ambient, Volume std. pressure=ambient
potassium, ug/m3, Revision date=20181210133000
numflag potassium, no unit, Revision date=20181210133000
sulphate_total, ug S/m3, Revision date=20181210133000
numflag sulphate_total, no unit, Revision date=20181210133000
0
25
Data definition:              EBAS_1.1
Set type code:                TU
Timezone:                     UTC
File name:                    US2096R.20030103050000.20191216000000.filterpack..pm25.1y.1w.US03L_filterpack_US2096.US03L_IMPROVE_Davis.lev2.nas
File creation:                20191218120345
Startdate:                    20030103050000
Revision date:                20191216000000
Statistics:                   arithmetic mean
Data level:                   2
Period code:                  1y
Resolution code:              1w
Station code:                 US2096R
Platform code:                US2096S
Station name:                 Casco Bay-Wolfe's Neck Farm (ME96)
Station latitude:             43.8325
Station longitude:            -70.0645
Station altitude:             15.0 m
Regime:                       IMG
Component:                    
Matrix:                       pm25
Laboratory code:              US03L
Instrument type:              filterpack
Instrument name:              filterpack_US2096
Method ref:                   US03L_IMPROVE_Davis
starttime endtime Fe flag_Fe Pb flag_Pb Mg++ flag_Mg++ Ni flag_Ni NO3- flag_NO3- OC flag_OC OM flag_OM PM10 flag_PM10 PM10-PM2.5 flag_PM10-PM2.5 PM2.5 flag_PM2.5 K+ flag_K+ SO4-- flag_SO4--
[from data line 89]
269.208333 270.208333    5.37 0.000   1.09 0.000 9.999 0.259  0.56 0.000 0.069 0.000   0.783 0.000   1.096 0.000   7.236 0.000   2.997 0.000   4.239 0.000 0.021 0.000  0.530 0.000
272.208333 273.208333    7.60 0.000   0.83 0.000 9.999 0.259  0.55 0.000 0.010 0.000   0.691 0.000   0.967 0.000   7.816 0.000   4.626 0.000   3.190 0.000 0.018 0.000  0.274 0.000
275.208333 276.208333    7.86 0.000   0.52 0.000 9.999 0.259  0.27 0.000 0.020 0.000   0.425 0.000   0.594 0.000   4.216 0.000   2.563 0.000   1.653 0.000 0.010 0.000  0.106 0.000
278.208333 279.208333    4.72 0.000   0.47 0.000 9.999 0.259  0.16 0.000 0.008 0.000   0.655 0.000   0.917 0.000   4.811 0.000   2.015 0.000   2.796 0.000 0.016 0.000  0.279 0.000
281.208333 282.208333   42.07 0.000   3.65 0.000 0.054 0.000  0.67 0.000 0.068 0.000   2.502 0.000   3.503 0.000  19.253 0.000   5.364 0.000  13.889 0.000 0.043 0.000  1.673 0.000
284.208333 285.208333   22.87 0.000   3.46 0.000 9.999 0.259  0.74 0.000 0.052 0.000   2.023 0.000   2.832 0.000  13.429 0.000   2.982 0.000  10.447 0.000 0.048 0.000  1.034 0.000
287.208333 288.208333 9999.99 0.999 999.99 0.999 9.999 0.999 99.99 0.999 9.999 0.999 999.999 0.999 999.999 0.999 999.999 0.999 999.999 0.999 999.999 0.999 9.999 0.999 99.999 0.999
290.208333 291.208333    8.95 0.000   1.61 0.000 9.999 0.259  0.52 0.000 0.017 0.000   1.182 0.000   1.654 0.000   6.404 0.000   2.827 0.000   3.577 0.000 0.021 0.000  0.238 0.000
293.208333 294.208333   19.43 0.000   2.11 0.000 0.045 0.000  1.22 0.000 0.144 0.000   1.357 0.000   1.899 0.000  12.386 0.000   4.163 0.000   8.223 0.000 0.037 0.000  0.893 0.000
296.208333 297.208333    6.14 0.000   0.56 0.000 9.999 0.259  0.18 0.000 0.008 0.000   0.405 0.000   0.567 0.000   3.096 0.000   1.270 0.000   1.826 0.000 0.014 0.000  0.127 0.000
299.208333 300.208333    1.92 0.000   0.34 0.000 9.999 0.259  0.64 0.000 0.047 0.000   0.222 0.000   0.311 0.000   9.647 0.000   5.367 0.000   4.280 0.000 0.033 0.000  0.260 0.000
302.208333 303.208333   10.60 0.000   0.82 0.000 9.999 0.259 99.99 0.259 0.024 0.000   0.716 0.000   1.002 0.000   6.030 0.000   2.737 0.000   3.293 0.000 0.017 0.000  0.332 0.000
305.208333 306.208333    8.01 0.000   1.72 0.000 9.999 0.259  0.31 0.000 0.030 0.000   1.800 0.000   2.519 0.000   8.026 0.000   2.542 0.000   5.484 0.000 0.036 0.000  0.371 0.000
308.208333 309.208333    7.46 0.000   1.28 0.000 0.051 0.000  0.96 0.000 0.061 0.000   1.008 0.000   1.410 0.000   4.016 0.000   0.946 0.000   3.070 0.000 0.022 0.000  0.192 0.000
311.208333 312.208333    6.35 0.000   0.92 0.000 9.999 0.259  0.12 0.000 0.032 0.000   0.907 0.000   1.270 0.000   5.271 0.000   2.214 0.000   3.057 0.000 0.025 0.000  0.323 0.000
314.208333 315.208333   29.15 0.000   3.49 0.000 9.999 0.259  1.69 0.000 0.152 0.000   3.086 0.000   4.321 0.000  11.237 0.000   2.934 0.000   8.303 0.000 0.053 0.000  0.562 0.000
317.208333 318.208333    5.64 0.000   0.41 0.000 9.999 0.259  0.08 0.000 0.012 0.000   0.451 0.000   0.631 0.000   4.560 0.000   2.983 0.000   1.577 0.000 0.011 0.000  0.134 0.000
320.208333 321.208333   21.05 0.000   3.86 0.000 9.999 0.259  1.06 0.000 0.042 0.000   2.336 0.000   3.270 0.000   7.618 0.000   1.811 0.000   5.807 0.000 0.044 0.000  0.252 0.000
323.208333 324.208333    1.73 0.000   0.45 0.000 9.999 0.259  0.27 0.000 0.018 0.000   0.350 0.000   0.490 0.000   7.568 0.000   4.307 0.000   3.261 0.000 0.027 0.000  0.103 0.000
326.208333 327.208333    7.61 0.000   1.99 0.000 9.999 0.259  0.63 0.000 0.012 0.000   1.574 0.000   2.204 0.000   4.476 0.000   0.929 0.000   3.547 0.000 0.027 0.000  0.168 0.000
329.208333 330.208333   23.24 0.000   2.49 0.000 9.999 0.259  1.07 0.000 0.058 0.000   2.238 0.000   3.133 0.000   8.628 0.000   1.774 0.000   6.854 0.000 0.045 0.000  0.565 0.000
332.208333 333.208333    1.74 0.000   0.42 0.000 9.999 0.259  0.17 0.000 0.016 0.000   0.355 0.000   0.497 0.000   4.795 0.000   2.339 0.000   2.456 0.000 0.016 0.000  0.169 0.000
335.208333 336.208333   11.88 0.000   1.13 0.000 9.999 0.259  0.36 0.000 0.029 0.000   0.531 0.000   0.743 0.000   3.762 0.000   1.585 0.000   2.178 0.000 0.026 0.000  0.226 0.000
338.208333 339.208333   28.82 0.000   1.73 0.000 9.999 0.259  1.02 0.000 0.122 0.000   1.405 0.000   1.967 0.000   8.469 0.000   3.979 0.000   4.490 0.000 0.051 0.000  0.261 0.000
341.208333 342.208333    6.32 0.000   0.52 0.000 0.023 0.000  0.54 0.000 0.041 0.000   0.678 0.000   0.949 0.000   3.640 0.000   1.206 0.000   2.433 0.000 0.030 0.000  0.115 0.000
344.208333 345.208333    5.09 0.000   0.27 0.000 9.999 0.259  0.23 0.000 0.057 0.000   0.325 0.000   0.455 0.000  15.095 0.000   8.752 0.000   6.343 0.000 0.047 0.000  0.371 0.000
347.208333 348.208333   16.12 0.000   9.72 0.000 0.034 0.000  0.96 0.000 0.096 0.000   1.481 0.000   2.073 0.000   7.410 0.000   2.988 0.000   4.422 0.000 0.050 0.000  0.235 0.000
350.208333 351.208333   12.29 0.000   2.12 0.000 9.999 0.259  0.55 0.000 0.063 0.000   1.707 0.000   2.390 0.000  15.311 0.000   7.642 0.000   7.669 0.000 0.066 0.000  0.503 0.000
353.208333 354.208333   15.93 0.000   1.53 0.000 9.999 0.259  0.77 0.000 0.045 0.000   1.409 0.000   1.972 0.000   7.534 0.000   3.175 0.000   4.359 0.000 0.036 0.000  0.398 0.000
356.208333 357.208333   99.17 0.000   4.95 0.000 9.999 0.259  3.63 0.000 0.096 0.000   6.381 0.000   8.934 0.000  29.857 0.000  15.484 0.000  14.372 0.000 0.128 0.000  0.927 0.000
359.208333 360.208333    5.70 0.000   0.65 0.000 9.999 0.259  0.26 0.000 0.010 0.000   0.545 0.000   0.763 0.000   3.389 0.000   0.964 0.000   2.425 0.000 0.011 0.000  0.333 0.000
362.208333 363.208333   51.60 0.000   6.79 0.000 9.999 0.259  1.56 0.000 0.064 0.000   6.127 0.000   8.578 0.000  16.895 0.000   4.674 0.000  12.221 0.000 0.125 0.000  0.477 0.000
