scripts/IMPROVE-2019_partial/data/US2098R.20060102050000.20191216000000.filterpack..pm25.52w.1w.US03L_filterpack_US2098.US03L_IMPROVE_Davis.lev2.nas
66 1001
MISSING INFORMATION
US03L, IMPROVE, , , , , , , 
MISSING INFORMATION
IMPROVE sel_HTAP
1 1
2006 01 01 2019 12 16
3.000000
days from file reference point
27
1 1 1 1 1 1 1 1 1 1 1 1 1 1 1 1 1 1 1 1 1 1 1 1 1 1 1
999.999999 999.99 9.999 99.99 9.999 9.999 9.999999 99.99 9.999 9.999 9.999 99.999 9.999 99.999 9.999 999.99 9.999999 999.999 9.999 99.999 9.999 999.999 9.999 9.999 9.999 99.999 9.999
end_time of measurement, days from the file reference point
iron, ng/m3, Revision date=20181210133000
numflag iron, no unit, Revision date=20181210133000
lead, ng/m3, Revision date=20181210133000
numflag lead, no unit, Revision date=20181210133000
magnesium, ug/m3, Revision date=20181210133000
numflag magnesium, no unit, Revision date=20181210133000
nickel, ng/m3, Revision date=20181210133000
numflag nickel, no unit, Revision date=20181210133000
nitrate, ug N/m3, Revision date=20181210133000
numflag nitrate, no unit, Revision date=20181210133000
organic_carbon, ug C/m3, Revision date=20181210133000
numflag organic_carbon, no unit, Revision date=20181210133000
organic_mass, ug/m3, Revision date=20181210133000
numflag organic_mass, no unit, Revision date=20181210133000
phosphorus, ng/m3, Revision date=20181210133000
numflag phosphorus, no unit, Revision date=20181210133000
pm10_mass, ug/m3, Version=2, Version description=Data extracted from http://views.cira.colostate.edu/fed/DataWizard 2019-12-16, Sample duration=1d, Orig. time res.=3d, Matrix=pm10, Blank correction=Blank corrected, Volume std. temperature=ambient, Volume std. pressure=ambient
numflag pm10_mass, no unit, Version=2, Version description=Data extracted from http://views.cira.colostate.edu/fed/DataWizard 2019-12-16, Sample duration=1d, Orig. time res.=3d, Matrix=pm10, Blank correction=Blank corrected, Volume std. temperature=ambient, Volume std. pressure=ambient
pm10_pm25_mass, ug/m3, Revision date=20181210133000, Matrix=pm10_pm25
numflag pm10_pm25_mass, no unit, Revision date=20181210133000, Matrix=pm10_pm25
pm25_mass, ug/m3, Version=2, Version description=Data extracted from http://views.cira.colostate.edu/fed/DataWizard 2019-12-16, Sample duration=1d, Orig. time res.=3d, Blank correction=Blank corrected, Volume std. temperature=ambient, Volume std. pressure=ambient
numflag pm25_mass, no unit, Version=2, Version description=Data extracted from http://views.cira.colostate.edu/fed/DataWizard 2019-12-16, Sample duration=1d, Orig. time res.=3d, Blank correction=Blank corrected, Volume std. temperature=ambient, Volume std. pressure=ambient
potassium, ug/m3, Revision date=20181210133000
numflag potassium, no unit, Revision date=20181210133000
sulphate_total, ug S/m3, Revision date=20181210133000
numflag sulphate_total, no unit, Revision date=20181210133000
0
25
Data definition:              EBAS_1.1
Set type code:                TU
Timezone:                     UTC
File name:                    US2098R.20060102050000.20191216000000.filterpack..pm25.52w.1w.US03L_filterpack_US2098.US03L_IMPROVE_Davis.lev2.nas
File creation:                20191218120352
Startdate:                    20060102050000
Revision date:                20191216000000
Statistics:                   arithmetic mean
Data level:                   2
Period code:                  52w
Resolution code:              1w
Station code:                 US2098R
Platform code:                US2098S
Station name:                 Acadia National Park-McFarland Hill (ME98)
Station latitude:             44.3772
Station longitude:            -68.2608
Station altitude:             150.0 m
Regime:                       IMG
Component:                    
Matrix:                       pm25
Laboratory code:              US03L
Instrument type:              filterpack
Instrument name:              filterpack_US2098
Method ref:                   US03L_IMPROVE_Davis
starttime endtime Fe flag_Fe Pb flag_Pb Mg++ flag_Mg++ Ni flag_Ni NO3- flag_NO3- OC flag_OC OM flag_OM P flag_P PM10 flag_PM10 PM10-PM2.5 flag_PM10-PM2.5 PM2.5 flag_PM2.5 K+ flag_K+ SO4-- flag_SO4--
[from data line 83]
250.208333 251.208333   8.64 0.000  0.90 0.000 0.016 0.000000  0.63 0.000 0.026 0.559  1.107 0.000  1.992 0.000 999.99 0.259000   8.680 0.000  1.517 0.000   7.164 0.000 0.012 0.000  0.862 0.559
253.208333 254.208333   3.52 0.000  0.20 0.000 9.999 0.259000  0.15 0.000 0.005 0.000  0.469 0.000  0.844 0.000 999.99 0.259000   2.474 0.000  1.335 0.000   1.139 0.000 0.013 0.000  0.033 0.000
256.208333 257.208333  21.60 0.000  1.12 0.000 9.999 0.259000  0.71 0.000 0.061 0.559  0.725 0.000  1.306 0.000 999.99 0.259000   9.788 0.000  6.215 0.000   3.573 0.000 0.021 0.000  0.165 0.559
259.208333 260.208333  26.55 0.000  4.10 0.000 9.999 0.259000  0.51 0.000 0.018 0.000  3.766 0.000  6.779 0.000 999.99 0.259000  17.410 0.000  6.350 0.000  11.060 0.000 0.052 0.000  0.539 0.000
262.208333 263.208333   7.72 0.000  0.91 0.000 9.999 0.259000  0.41 0.000 0.020 0.000  0.627 0.000  1.129 0.000 999.99 0.259000   7.322 0.000  3.514 0.000   3.809 0.000 0.015 0.000  0.428 0.000
265.208333 266.208333  13.43 0.000  1.35 0.000 0.015 0.000000  0.71 0.000 0.063 0.000  0.578 0.000  1.040 0.000 999.99 0.259000   6.605 0.000  2.400 0.000   4.205 0.000 0.017 0.000  0.486 0.000
268.208333 269.208333 999.99 0.456 99.99 0.456 9.999 0.456000 99.99 0.456 0.022 0.000  0.558 0.000  1.004 0.000 999.99 0.456000   5.504 0.000 99.999 0.456 999.999 0.456 9.999 0.456  0.231 0.000
271.208333 272.208333   4.57 0.000  0.64 0.000 9.999 0.259000  0.43 0.000 0.023 0.000  0.183 0.000  0.329 0.000 999.99 0.259000   3.894 0.000  1.369 0.000   2.525 0.000 0.013 0.000  0.342 0.000
274.208333 275.208333   3.79 0.000  0.79 0.000 9.999 0.259000  0.26 0.000 0.014 0.000  0.856 0.000  1.540 0.000 999.99 0.259000   4.380 0.000  1.633 0.000   2.747 0.000 0.018 0.000  0.246 0.000
277.208333 278.208333   5.53 0.000  0.30 0.000 9.999 0.259000  0.33 0.000 0.035 0.000  0.537 0.000  0.966 0.000 999.99 0.259000   4.251 0.000  1.618 0.000   2.633 0.000 0.014 0.000  0.283 0.000
280.208333 281.208333   9.42 0.000  1.48 0.000 0.007 0.000000  0.87 0.000 0.036 0.000  0.870 0.000  1.567 0.000 999.99 0.259000   5.322 0.000  1.956 0.000   3.366 0.000 0.025 0.000  0.187 0.000
283.208333 284.208333  11.45 0.000  0.41 0.000 0.037 0.000000  1.40 0.000 0.052 0.000  0.691 0.000  1.243 0.000 999.99 0.259000   9.992 0.000  6.447 0.000   3.545 0.000 0.036 0.000  0.212 0.000
286.208333 287.208333  19.74 0.000  1.22 0.000 0.014 0.000000  0.41 0.000 0.084 0.000  0.682 0.000  1.228 0.000 999.99 0.259000   8.322 0.000  4.439 0.000   3.883 0.000 0.014 0.000  0.487 0.000
289.208333 290.208333   6.78 0.000  0.80 0.000 0.009 0.000000 99.99 0.259 0.026 0.000  0.349 0.000  0.628 0.000 999.99 0.259000   4.216 0.000  1.990 0.000   2.226 0.000 0.014 0.000  0.279 0.000
292.208333 293.208333   6.47 0.000  4.42 0.000 9.999 0.259000  1.03 0.000 0.069 0.000  0.555 0.000  1.000 0.000 999.99 0.259000   7.031 0.000  0.998 0.000   6.033 0.000 0.015 0.000  0.988 0.000
295.208333 296.208333   7.80 0.000  1.15 0.000 9.999 0.259000  0.30 0.000 0.020 0.000  0.643 0.000  1.157 0.000 999.99 0.259000   3.899 0.000  1.037 0.000   2.862 0.000 0.025 0.000  0.299 0.000
298.208333 299.208333   3.98 0.000  0.37 0.000 0.007 0.000000 99.99 0.259 0.004 0.000  0.810 0.000  1.457 0.000 999.99 0.259000   1.941 0.000  0.710 0.000   1.231 0.000 0.009 0.000  0.112 0.000
301.208333 302.208333   2.89 0.394  0.48 0.394 0.053 0.394000  0.12 0.394 0.056 0.394  0.319 0.394  0.574 0.394 999.99 0.394259   6.660 0.000  3.612 0.394   3.048 0.000 0.024 0.394  0.220 0.394
304.208333 305.208333  42.37 0.000  2.77 0.000 9.999 0.259000  1.55 0.000 0.127 0.000  2.089 0.000  3.760 0.000 999.99 0.259000  12.122 0.000  3.148 0.000   8.974 0.000 0.058 0.000  0.787 0.000
307.208333 308.208333   6.71 0.000  1.31 0.000 9.999 0.259000  0.28 0.000 0.028 0.000  0.809 0.000  1.457 0.000 999.99 0.259000   3.539 0.000  0.702 0.000   2.837 0.000 0.025 0.000  0.230 0.000
310.208333 311.208333  18.50 0.000  2.64 0.000 0.023 0.000000  0.83 0.000 0.160 0.000  0.771 0.000  1.387 0.000 999.99 0.259000  10.755 0.000  3.448 0.000   7.307 0.000 0.044 0.000  0.914 0.000
313.208333 314.208333   8.80 0.000  1.89 0.000 9.999 0.259000 99.99 0.259 0.018 0.000  0.617 0.000  1.111 0.000 999.99 0.259000   3.797 0.000  1.005 0.000   2.792 0.000 0.014 0.000  0.305 0.000
316.208333 317.208333   1.28 0.000 99.99 0.259 0.012 0.000000  0.58 0.000 0.031 0.000  0.337 0.000  0.607 0.000 999.99 0.259000   3.673 0.000  1.642 0.000   2.031 0.000 0.011 0.000  0.246 0.000
319.208333 320.208333   2.08 0.000  0.22 0.000 0.006 0.000000  0.50 0.000 0.019 0.000  0.283 0.000  0.510 0.000 999.99 0.259000   1.675 0.000  0.354 0.000   1.322 0.000 0.003 0.000  0.202 0.000
322.208333 323.208333   4.51 0.000  0.97 0.000 9.999 0.259000  0.35 0.000 0.007 0.000  0.590 0.000  1.061 0.000 999.99 0.259000   3.368 0.000  0.637 0.000   2.730 0.000 0.015 0.000  0.293 0.000
325.208333 326.208333  13.24 0.000  1.42 0.000 9.999 0.259000  0.53 0.000 0.031 0.000  1.074 0.000  1.934 0.000 999.99 0.259000   5.180 0.000  1.617 0.000   3.563 0.000 0.028 0.000  0.325 0.000
328.208333 329.208333   5.88 0.000  0.40 0.000 9.999 0.259000  0.21 0.000 0.033 0.000  0.506 0.000  0.911 0.000 999.99 0.259000   4.735 0.000  2.625 0.000   2.110 0.000 0.029 0.000  0.138 0.000
331.208333 332.208333  10.78 0.000  1.74 0.000 0.016 0.000000  0.37 0.000 0.089 0.000  0.952 0.000  1.714 0.000 999.99 0.259000   7.093 0.000  2.342 0.000   4.751 0.000 0.036 0.000  0.395 0.000
334.208333 335.208333   4.71 0.000  0.58 0.000 0.050 0.000000  0.45 0.000 0.104 0.000  0.212 0.000  0.381 0.000 999.99 0.259000   5.212 0.000  2.325 0.000   2.887 0.000 0.019 0.000  0.183 0.000
337.208333 338.208333   6.95 0.000  1.12 0.000 9.999 0.259000  0.44 0.000 0.062 0.000  0.635 0.000  1.144 0.000 999.99 0.259000   4.638 0.000  1.139 0.000   3.499 0.000 0.020 0.000  0.382 0.000
340.208333 341.208333  21.80 0.000  2.12 0.000 0.038 0.000000  0.90 0.000 0.239 0.000  1.351 0.000  2.433 0.000 999.99 0.259000  14.728 0.000  6.747 0.000   7.981 0.000 0.055 0.000  0.787 0.000
343.208333 344.208333  28.08 0.000  3.96 0.000 9.999 0.259000  0.54 0.000 0.358 0.000  1.729 0.000  3.113 0.000 999.99 0.259000  11.074 0.000  2.890 0.000   8.185 0.000 0.052 0.000  0.722 0.000
346.208333 347.208333   2.10 0.000  0.38 0.000 9.999 0.259000  0.25 0.000 0.039 0.000  0.332 0.000  0.597 0.000 999.99 0.259000   4.348 0.000  2.267 0.000   2.081 0.000 0.014 0.000  0.198 0.000
349.208333 350.208333  10.63 0.000  1.41 0.000 9.999 0.259000  0.73 0.000 0.149 0.000  1.046 0.000  1.883 0.000 999.99 0.259000   6.678 0.000  0.931 0.000   5.746 0.000 0.023 0.000  0.807 0.000
352.208333 353.208333   8.34 0.000  0.66 0.000 9.999 0.259000 99.99 0.259 0.009 0.000  0.360 0.000  0.647 0.000 999.99 0.259000   2.893 0.000  1.363 0.000   1.530 0.000 0.013 0.000  0.153 0.000
355.208333 356.208333  10.58 0.000  0.47 0.000 9.999 0.259000  0.16 0.000 0.058 0.000  0.563 0.000  1.013 0.000 999.99 0.259000   4.800 0.000  1.960 0.000   2.840 0.000 0.022 0.000  0.266 0.000
358.208333 359.208333   5.52 0.000  0.34 0.000 9.999 0.259000  0.21 0.000 0.026 0.000  0.660 0.000  1.188 0.000 999.99 0.259000   3.409 0.000  1.422 0.000   1.986 0.000 0.020 0.000  0.158 0.000
361.208333 362.208333  11.21 0.000  1.13 0.000 9.999 0.259000  0.48 0.000 0.085 0.000  0.732 0.000  1.318 0.000 999.99 0.259000   5.388 0.000  1.651 0.000   3.737 0.000 0.030 0.000  0.428 0.000
364.208333 365.208333   5.23 0.000  1.85 0.000 9.999 0.259000  0.31 0.000 0.032 0.000  0.762 0.000  1.372 0.000 999.99 0.259000   3.243 0.000  0.398 0.000   2.845 0.000 0.024 0.000  0.245 0.000
