scripts/IMPROVE-2019_partial/data/US2098R.20000101050000.20191216000000.filterpack..pm25.52w.1w.US03L_filterpack_US2098.US03L_IMPROVE_Davis.lev2.nas
66 1001
MISSING INFORMATION
US03L, IMPROVE, , , , , , , 
MISSING INFORMATION
IMPROVE sel_HTAP
1 1
2000 01 01 2019 12 16
0
days from file reference point
27
1 1 1 1 1 1 1 1 1 1 1 1 1 1 1 1 1 1 1 1 1 1 1 1 1 1 1
999.999999 9999.99 9.999 99.99 9.999 9.999 9.999 99.99 9.999 9.999 9.999 99.999 9.999 99.999 9.999 999.9 9.999 999.999 9.999 999.999 9.999 999.999 9.999 9.999 9.999 99.999 9.999
end_time of measurement, days from the file reference point
iron, ng/m3, Revision date=20181210133000
numflag iron, no unit, Revision date=20181210133000
lead, ng/m3, Revision date=20181210133000
numflag lead, no unit, Revision date=20181210133000
magnesium, ug/m3, Revision date=20181210133000
numflag magnesium, no unit, Revision date=20181210133000
nickel, ng/m3, Revision date=20181210133000
numflag nickel, no unit, Revision date=20181210133000
nitrate, ug N/m3, Revision date=20181210133000
numflag nitrate, no unit, Revision date=20181210133000
organic_carbon, ug C/m3, Revision date=20181210133000
numflag organic_carbon, no unit, Revision date=20181210133000
organic_mass, ug/m3, Revision date=20181210133000
numflag organic_mass, no unit, Revision date=20181210133000
phosphorus, ng/m3, Revision date=20181210133000
numflag phosphorus, no unit, Revision date=20181210133000
pm10_mass, ug/m3, Version=2, Version description=Data extracted from http://views.cira.colostate.edu/fed/DataWizard 2019-12-16, Sample duration=1d, Orig. time res.=3d, Matrix=pm10, Blank correction=Blank corrected, Volume std. temperature=ambient, Volume std. pressure=ambient
numflag pm10_mass, no unit, Version=2, Version description=Data extracted from http://views.cira.colostate.edu/fed/DataWizard 2019-12-16, Sample duration=1d, Orig. time res.=3d, Matrix=pm10, Blank correction=Blank corrected, Volume std. temperature=ambient, Volume std. pressure=ambient
pm10_pm25_mass, ug/m3, Revision date=20181210133000, Matrix=pm10_pm25
numflag pm10_pm25_mass, no unit, Revision date=20181210133000, Matrix=pm10_pm25
pm25_mass, ug/m3, Version=2, Version description=Data extracted from http://views.cira.colostate.edu/fed/DataWizard 2019-12-16, Sample duration=1d, Orig. time res.=3d, Blank correction=Blank corrected, Volume std. temperature=ambient, Volume std. pressure=ambient
numflag pm25_mass, no unit, Version=2, Version description=Data extracted from http://views.cira.colostate.edu/fed/DataWizard 2019-12-16, Sample duration=1d, Orig. time res.=3d, Blank correction=Blank corrected, Volume std. temperature=ambient, Volume std. pressure=ambient
potassium, ug/m3, Revision date=20181210133000
numflag potassium, no unit, Revision date=20181210133000
sulphate_total, ug S/m3, Revision date=20181210133000
numflag sulphate_total, no unit, Revision date=20181210133000
0
25
Data definition:              EBAS_1.1
Set type code:                TI
Timezone:                     UTC
File name:                    US2098R.20000101050000.20191216000000.filterpack..pm25.52w.1w.US03L_filterpack_US2098.US03L_IMPROVE_Davis.lev2.nas
File creation:                20191218120350
Startdate:                    20000101050000
Revision date:                20191216000000
Statistics:                   arithmetic mean
Data level:                   2
Period code:                  52w
Resolution code:              1w
Station code:                 US2098R
Platform code:                US2098S
Station name:                 Acadia National Park-McFarland Hill (ME98)
Station latitude:             44.3772
Station longitude:            -68.2608
Station altitude:             150.0 m
Regime:                       IMG
Component:                    
Matrix:                       pm25
Laboratory code:              US03L
Instrument type:              filterpack
Instrument name:              filterpack_US2098
Method ref:                   US03L_IMPROVE_Davis
starttime endtime Fe flag_Fe Pb flag_Pb Mg++ flag_Mg++ Ni flag_Ni NO3- flag_NO3- OC flag_OC OM flag_OM P flag_P PM10 flag_PM10 PM10-PM2.5 flag_PM10-PM2.5 PM2.5 flag_PM2.5 K+ flag_K+ SO4-- flag_SO4--
[from data line 85]
291.208333 292.208333    3.16 0.000  0.76 0.000 9.999 0.259 99.99 0.259 0.068 0.559  0.422 0.000  0.591 0.000 999.9 0.259   7.502 0.000   4.668 0.000   2.834 0.000 0.038 0.000  0.313 0.559
294.208333 295.208333   52.49 0.000  2.75 0.000 9.999 0.259  1.39 0.000 0.308 0.000  2.150 0.000  3.010 0.000 999.9 0.259  18.617 0.000   6.557 0.000  12.060 0.000 0.066 0.000  1.520 0.000
297.208333 298.208333   19.86 0.000  1.24 0.000 9.999 0.259  2.09 0.000 0.168 0.000  1.031 0.000  1.443 0.000 999.9 0.259   8.368 0.000   3.805 0.000   4.563 0.000 0.032 0.000  0.648 0.000
300.208333 301.208333   26.82 0.000  2.59 0.000 9.999 0.259  1.65 0.000 0.108 0.559  1.243 0.000  1.740 0.000 999.9 0.259  18.063 0.000   1.415 0.000  16.648 0.000 0.044 0.000  2.792 0.559
303.208333 304.208333    1.31 0.000  0.37 0.000 9.999 0.259  0.21 0.000 0.009 0.559  0.038 0.000  0.053 0.000  17.4 0.000   1.089 0.000   0.397 0.000   0.691 0.000 0.013 0.000  0.104 0.559
306.208333 307.208333    5.93 0.000  3.06 0.000 9.999 0.259  0.12 0.000 0.018 0.000  0.449 0.000  0.628 0.000 999.9 0.259   2.562 0.000   1.009 0.000   1.553 0.000 0.028 0.000  0.174 0.000
309.208333 310.208333    1.13 0.000  0.41 0.000 9.999 0.259 99.99 0.259 0.012 0.559  0.442 0.000  0.618 0.000 999.9 0.259   1.493 0.000   0.117 0.000   1.376 0.000 0.031 0.000  0.098 0.559
312.208333 313.208333    1.83 0.000  1.52 0.000 9.999 0.259 99.99 0.259 0.010 0.000  0.356 0.000  0.499 0.000 999.9 0.259   3.417 0.000   1.345 0.000   2.071 0.000 0.015 0.000  0.287 0.000
315.208333 316.208333    0.89 0.000  0.35 0.000 9.999 0.259 99.99 0.259 0.009 0.559  0.225 0.000  0.315 0.000 999.9 0.259   1.942 0.000   0.571 0.000   1.370 0.000 0.017 0.000  0.160 0.559
318.208333 319.208333    1.03 0.000  0.51 0.000 9.999 0.259 99.99 0.259 0.007 0.559  0.117 0.000  0.164 0.000 999.9 0.259   1.137 0.000 999.999 0.259   1.238 0.000 0.011 0.000  0.111 0.559
321.208333 322.208333   25.88 0.000  1.32 0.000 9.999 0.259  1.42 0.000 0.271 0.559  1.112 0.000  1.557 0.000 999.9 0.259  13.702 0.000   4.380 0.000   9.322 0.000 0.034 0.000  1.309 0.559
324.208333 325.208333    2.95 0.000  1.20 0.000 9.999 0.259  0.27 0.000 0.037 0.559  0.522 0.000  0.731 0.000 999.9 0.259   3.472 0.000   0.473 0.000   2.999 0.000 0.020 0.000  0.367 0.559
327.208333 328.208333   28.79 0.000  1.52 0.000 9.999 0.259  0.14 0.000 0.125 0.559  0.729 0.000  1.020 0.000 999.9 0.259   4.518 0.000   0.889 0.000   3.629 0.000 0.039 0.000  0.500 0.559
330.208333 331.208333   15.42 0.000  0.37 0.000 9.999 0.259  1.06 0.000 0.055 0.000  0.361 0.000  0.505 0.000 999.9 0.259   4.592 0.000 999.999 0.259   4.974 0.000 0.039 0.000  0.432 0.000
333.208333 334.208333    5.86 0.000  1.13 0.000 9.999 0.259 99.99 0.259 0.036 0.559  0.693 0.000  0.970 0.000 999.9 0.259   4.054 0.000   1.104 0.000   2.950 0.000 0.027 0.000  0.340 0.559
336.208333 337.208333    3.82 0.000  0.38 0.000 9.999 0.259  0.58 0.000 0.016 0.000  0.286 0.000  0.401 0.000 999.9 0.259   1.984 0.000   0.702 0.000   1.282 0.000 0.012 0.000  0.176 0.000
339.208333 340.208333   21.29 0.000  3.03 0.000 9.999 0.259  2.72 0.000 0.140 0.000  0.881 0.000  1.233 0.000 999.9 0.259   9.341 0.000   4.841 0.000   4.500 0.000 0.042 0.000  0.421 0.000
342.208333 343.208333   15.35 0.000  2.84 0.000 9.999 0.259  0.63 0.000 0.071 0.000  0.652 0.000  0.913 0.000 999.9 0.259   5.218 0.000   2.575 0.000   2.643 0.000 0.034 0.000  0.193 0.000
345.208333 346.208333    2.69 0.000  1.60 0.000 9.999 0.259  0.76 0.000 0.047 0.000  0.588 0.000  0.823 0.000 999.9 0.259   3.774 0.000   1.089 0.000   2.685 0.000 0.022 0.000  0.348 0.000
348.208333 349.208333    8.83 0.000  0.97 0.000 9.999 0.259  0.73 0.000 9.999 0.999  0.406 0.000  0.569 0.000 999.9 0.259   2.846 0.000   1.017 0.000   1.829 0.000 0.025 0.000 99.999 0.999
351.208333 352.208333    1.73 0.000  0.14 0.000 9.999 0.259  0.26 0.000 0.012 0.559  0.127 0.000  0.177 0.000 999.9 0.259   2.987 0.000   1.617 0.000   1.370 0.000 0.009 0.000  0.183 0.559
354.208333 355.208333   11.61 0.000  1.39 0.000 9.999 0.259  0.76 0.000 0.080 0.559  0.600 0.000  0.840 0.000 999.9 0.259   3.955 0.000   0.928 0.000   3.027 0.000 0.027 0.000  0.413 0.559
357.208333 358.208333   24.95 0.000  2.80 0.000 9.999 0.259  0.90 0.000 0.333 0.559  1.277 0.000  1.787 0.000 999.9 0.259   7.904 0.000   0.802 0.000   7.102 0.000 0.041 0.000  0.797 0.559
360.208333 361.208333    5.99 0.000  1.40 0.000 9.999 0.259  0.43 0.000 0.045 0.000  0.415 0.000  0.581 0.000 999.9 0.259   2.667 0.000   0.733 0.000   1.933 0.000 0.020 0.000  0.187 0.000
363.208333 364.208333    5.16 0.000  0.61 0.000 9.999 0.259  0.93 0.000 0.039 0.000  0.702 0.000  0.983 0.000 999.9 0.259   2.862 0.000   0.234 0.000   2.628 0.000 0.019 0.000  0.242 0.000
