scripts/IMPROVE-2019_partial/data/US2098R.20020102050000.20191216000000.filterpack..pm25.52w.1w.US03L_filterpack_US2098.US03L_IMPROVE_Davis.lev2.nas
66 1001
MISSING INFORMATION
US03L, IMPROVE, , , , , , , 
MISSING INFORMATION
IMPROVE sel_HTAP
1 1
2002 01 01 2019 12 16
3.000000
days from file reference point
27
1 1 1 1 1 1 1 1 1 1 1 1 1 1 1 1 1 1 1 1 1 1 1 1 1 1 1
999.999999 9999.99 9.999 99.99 9.999 9.999 9.999999 99.99 9.999 9.999 9.999 99.999 9.999 999.999 9.999 999.99 9.999999 999.999 9.999 99.999 9.999 999.999 9.999 9.999 9.999 99.999 9.999
end_time of measurement, days from the file reference point
iron, ng/m3, Revision date=20181210133000
numflag iron, no unit, Revision date=20181210133000
lead, ng/m3, Revision date=20181210133000
numflag lead, no unit, Revision date=20181210133000
magnesium, ug/m3, Revision date=20181210133000
numflag magnesium, no unit, Revision date=20181210133000
nickel, ng/m3, Revision date=20181210133000
numflag nickel, no unit, Revision date=20181210133000
nitrate, ug N/m3, Revision date=20181210133000
numflag nitrate, no unit, Revision date=20181210133000
organic_carbon, ug C/m3, Revision date=20181210133000
numflag organic_carbon, no unit, Revision date=20181210133000
organic_mass, ug/m3, Revision date=20181210133000
numflag organic_mass, no unit, Revision date=20181210133000
phosphorus, ng/m3, Revision date=20181210133000
numflag phosphorus, no unit, Revision date=20181210133000
pm10_mass, ug/m3, Version=2, Version description=Data extracted from http://views.cira.colostate.edu/fed/DataWizard 2019-12-16, Sample duration=1d, Orig. time res.=3d, Matrix=pm10, Blank correction=Blank corrected, Volume std. temperature=ambient, Volume std. pressure=ambient
numflag pm10_mass, no unit, Version=2, Version description=Data extracted from http://views.cira.colostate.edu/fed/DataWizard 2019-12-16, Sample duration=1d, Orig. time res.=3d, Matrix=pm10, Blank correction=Blank corrected, Volume std. temperature=ambient, Volume std. pressure=ambient
pm10_pm25_mass, ug/m3, Revision date=20181210133000, Matrix=pm10_pm25
numflag pm10_pm25_mass, no unit, Revision date=20181210133000, Matrix=pm10_pm25
pm25_mass, ug/m3, Version=2, Version description=Data extracted from http://views.cira.colostate.edu/fed/DataWizard 2019-12-16, Sample duration=1d, Orig. time res.=3d, Blank correction=Blank corrected, Volume std. temperature=ambient, Volume std. pressure=ambient
numflag pm25_mass, no unit, Version=2, Version description=Data extracted from http://views.cira.colostate.edu/fed/DataWizard 2019-12-16, Sample duration=1d, Orig. time res.=3d, Blank correction=Blank corrected, Volume std. temperature=ambient, Volume std. pressure=ambient
potassium, ug/m3, Revision date=20181210133000
numflag potassium, no unit, Revision date=20181210133000
sulphate_total, ug S/m3, Revision date=20181210133000
numflag sulphate_total, no unit, Revision date=20181210133000
0
25
Data definition:              EBAS_1.1
Set type code:                TU
Timezone:                     UTC
File name:                    US2098R.20020102050000.20191216000000.filterpack..pm25.52w.1w.US03L_filterpack_US2098.US03L_IMPROVE_Davis.lev2.nas
File creation:                20191218120351
Startdate:                    20020102050000
Revision date:                20191216000000
Statistics:                   arithmetic mean
Data level:                   2
Period code:                  52w
Resolution code:              1w
Station code:                 US2098R
Platform code:                US2098S
Station name:                 Acadia National Park-McFarland Hill (ME98)
Station latitude:             44.3772
Station longitude:            -68.2608
Station altitude:             150.0 m
Regime:                       IMG
Component:                    
Matrix:                       pm25
Laboratory code:              US03L
Instrument type:              filterpack
Instrument name:              filterpack_US2098
Method ref:                   US03L_IMPROVE_Davis
starttime endtime Fe flag_Fe Pb flag_Pb Mg++ flag_Mg++ Ni flag_Ni NO3- flag_NO3- OC flag_OC OM flag_OM P flag_P PM10 flag_PM10 PM10-PM2.5 flag_PM10-PM2.5 PM2.5 flag_PM2.5 K+ flag_K+ SO4-- flag_SO4--
  1.208333   2.208333   14.21 0.000  1.28 0.000 9.999 0.259000 99.99 0.259 0.069 0.000  0.439 0.000   0.615 0.000 999.99 0.259000   4.388 0.000  2.133 0.000   2.255 0.000 0.028 0.000  0.174 0.000
  4.208333   5.208333   17.51 0.000  2.44 0.000 9.999 0.259000  0.48 0.000 0.186 0.000  1.169 0.000   1.637 0.000 999.99 0.259000   6.944 0.000  1.804 0.000   5.141 0.000 0.072 0.000  0.538 0.000
  7.208333   8.208333    4.81 0.000  0.74 0.000 9.999 0.259000  0.44 0.000 0.044 0.559  0.643 0.000   0.900 0.000 999.99 0.259000   2.030 0.000  0.220 0.000   1.810 0.000 0.018 0.000  0.185 0.559
 10.208333  11.208333    6.60 0.000  1.43 0.000 9.999 0.259000  0.41 0.000 0.058 0.000  0.708 0.000   0.991 0.000 999.99 0.259000   3.454 0.000  0.374 0.000   3.080 0.000 0.024 0.000  0.331 0.000
 13.208333  14.208333    4.08 0.000  1.17 0.000 9.999 0.259000  0.25 0.000 0.045 0.000  0.516 0.000   0.723 0.000 999.99 0.259000   2.747 0.000  0.543 0.000   2.204 0.000 0.017 0.000  0.289 0.000
 16.208333  17.208333    7.82 0.000  1.56 0.000 9.999 0.259000  0.68 0.000 0.139 0.000  0.892 0.000   1.249 0.000 999.99 0.259000   4.426 0.000  0.501 0.000   3.925 0.000 0.028 0.000  0.449 0.000
 19.208333  20.208333   10.75 0.000  2.23 0.000 9.999 0.259000  0.53 0.000 0.112 0.000  1.034 0.000   1.448 0.000 999.99 0.259000   4.998 0.000  0.319 0.000   4.680 0.000 0.033 0.000  0.521 0.000
 22.208333  23.208333   18.87 0.000  1.87 0.000 9.999 0.259000  1.18 0.000 0.316 0.000  0.729 0.000   1.020 0.000 999.99 0.259000  11.374 0.000  4.310 0.000   7.064 0.000 0.048 0.000  0.660 0.000
 25.208333  26.208333   18.79 0.000  1.68 0.000 9.999 0.259000  0.35 0.000 0.158 0.000 99.999 0.999 999.999 0.999 999.99 0.259000   6.341 0.000  1.982 0.000   4.359 0.000 0.029 0.000  0.486 0.000
 28.208333  29.208333   16.10 0.000  2.92 0.000 9.999 0.259000  1.55 0.000 0.169 0.000  1.692 0.000   2.369 0.000 999.99 0.259000  11.717 0.000  0.877 0.000  10.839 0.000 0.066 0.000  1.545 0.000
 31.208333  32.208333    3.80 0.000  1.19 0.000 9.999 0.259000  0.26 0.000 0.038 0.000  0.293 0.000   0.411 0.000 999.99 0.259000   1.870 0.000  0.596 0.000   1.274 0.000 0.026 0.000  0.131 0.000
 34.208333  35.208333    8.17 0.000  1.38 0.000 9.999 0.259000  0.89 0.000 0.143 0.000  0.747 0.000   1.045 0.000 999.99 0.259000   5.199 0.000  0.338 0.000   4.861 0.000 0.030 0.000  0.741 0.000
 37.208333  38.208333   18.84 0.000  2.09 0.000 9.999 0.259000  0.79 0.000 0.255 0.559  0.806 0.000   1.128 0.000 999.99 0.259000   8.852 0.000  3.599 0.000   5.254 0.000 0.048 0.000  0.620 0.559
 40.208333  41.208333    3.55 0.000 99.99 0.259 9.999 0.259000  0.32 0.000 0.034 0.559  0.245 0.000   0.342 0.000 999.99 0.259000   4.668 0.000  2.849 0.000   1.818 0.000 0.018 0.000  0.123 0.559
 43.208333  44.208333   19.72 0.000  1.49 0.000 9.999 0.259000  0.64 0.000 0.142 0.000  0.616 0.000   0.862 0.000 999.99 0.259000   5.113 0.000  1.838 0.000   3.275 0.000 0.030 0.000  0.329 0.000
 46.208333  47.208333   16.58 0.000  0.84 0.000 9.999 0.259000  1.29 0.000 0.346 0.000  1.190 0.000   1.666 0.000 999.99 0.259000  13.282 0.000  5.375 0.000   7.906 0.000 0.051 0.000  0.641 0.000
 49.208333  50.208333   28.50 0.000  1.01 0.000 9.999 0.259000  0.62 0.000 0.060 0.000  0.602 0.000   0.842 0.000 999.99 0.259000   4.820 0.000  2.470 0.000   2.349 0.000 0.029 0.000  0.067 0.000
 52.208333  53.208333    4.82 0.000  1.36 0.000 0.072 0.000000  0.31 0.000 0.256 0.000  0.819 0.000   1.146 0.000 999.99 0.259000   3.866 0.000  0.183 0.000   3.684 0.000 0.024 0.000  0.673 0.000
 55.208333  56.208333    6.05 0.000  0.92 0.000 9.999 0.259000  0.30 0.000 0.106 0.000  0.371 0.000   0.519 0.000 999.99 0.259000   5.888 0.000  2.954 0.000   2.933 0.000 0.022 0.000  0.446 0.000
 58.208333  59.208333    9.16 0.000  1.20 0.000 9.999 0.259000  0.24 0.000 0.049 0.559  0.453 0.000   0.635 0.000 999.99 0.259000   3.871 0.000  1.020 0.000   2.851 0.000 0.018 0.000  0.443 0.559
 61.208333  62.208333    5.63 0.000  0.91 0.000 9.999 0.259000 99.99 0.259 0.057 0.000  0.379 0.000   0.530 0.000 999.99 0.259000   4.294 0.000  1.347 0.000   2.946 0.000 0.014 0.000  0.486 0.000
 64.208333  65.208333   35.05 0.000  2.28 0.000 9.999 0.259000  0.70 0.000 0.244 0.000  1.021 0.000   1.429 0.000 999.99 0.259000   9.942 0.000  2.066 0.000   7.876 0.000 0.044 0.000  1.133 0.000
 67.208333  68.208333   12.11 0.000  1.74 0.000 9.999 0.259000  0.74 0.000 0.031 0.000  0.742 0.000   1.038 0.000 999.99 0.259000   6.832 0.000  0.600 0.000   6.232 0.000 0.022 0.000  1.009 0.000
 70.208333  71.208333   40.55 0.000  2.66 0.000 0.046 0.000000  1.22 0.000 0.327 0.000  1.017 0.000   1.423 0.000 999.99 0.259000  10.717 0.000  2.913 0.000   7.804 0.000 0.050 0.000  0.881 0.000
 73.208333  74.208333   20.53 0.000  1.28 0.000 9.999 0.259000  0.43 0.000 0.050 0.559  0.466 0.000   0.652 0.000 999.99 0.259000   5.199 0.000  2.205 0.000   2.993 0.000 0.037 0.000  0.394 0.559
 76.208333  77.208333   30.18 0.000  1.46 0.000 9.999 0.259000  0.38 0.000 0.039 0.000  0.372 0.000   0.521 0.000 999.99 0.259000   4.705 0.000  1.678 0.000   3.027 0.000 0.032 0.000  0.368 0.000
 79.208333  80.208333    8.57 0.000  1.98 0.000 9.999 0.259000  0.28 0.000 0.033 0.559  0.482 0.000   0.675 0.000 999.99 0.259000   3.303 0.000  0.759 0.000   2.544 0.000 0.014 0.000  0.373 0.559
 82.208333  83.208333   30.55 0.000  1.58 0.000 9.999 0.259000  0.42 0.000 0.062 0.000  0.523 0.000   0.732 0.000 999.99 0.259000   5.963 0.000  1.304 0.000   4.660 0.000 0.033 0.000  0.706 0.000
 85.208333  86.208333    3.13 0.000  0.62 0.000 9.999 0.259000  0.34 0.000 0.016 0.000  0.251 0.000   0.352 0.000 999.99 0.259000   2.315 0.000  0.497 0.000   1.818 0.000 0.012 0.000  0.273 0.000
 88.208333  89.208333    9.07 0.000  1.48 0.000 9.999 0.259000  0.58 0.000 0.135 0.000  0.530 0.000   0.741 0.000 999.99 0.259000   7.627 0.000  2.210 0.000   5.418 0.000 0.030 0.000  0.798 0.000
 91.208333  92.208333   15.58 0.000  2.63 0.000 9.999 0.259000  0.33 0.000 0.070 0.000  0.436 0.000   0.610 0.000 999.99 0.259000   6.178 0.000  1.872 0.000   4.307 0.000 0.023 0.000  0.681 0.000
 94.208333  95.208333   10.88 0.000  1.40 0.000 9.999 0.259000  0.27 0.000 0.025 0.000  0.424 0.000   0.593 0.000 999.99 0.259000   5.057 0.000  1.839 0.000   3.219 0.000 0.021 0.000  0.446 0.000
 97.208333  98.208333  120.31 0.000  2.59 0.000 9.999 0.259000  1.28 0.000 0.321 0.000  0.762 0.000   1.066 0.000 999.99 0.259000  19.107 0.000  9.788 0.000   9.319 0.000 0.103 0.000  0.621 0.000
100.208333 101.208333   36.60 0.000  2.31 0.000 9.999 0.259000  0.29 0.000 0.047 0.000  0.529 0.000   0.740 0.000 999.99 0.259000   7.131 0.000  1.886 0.000   5.245 0.000 0.042 0.000  0.787 0.000
103.208333 104.208333    1.59 0.000  0.40 0.000 9.999 0.259000 99.99 0.259 0.011 0.000  0.287 0.000   0.402 0.000 999.99 0.259000   1.523 0.000  0.306 0.000   1.217 0.000 0.006 0.000  0.208 0.000
106.208333 107.208333   26.88 0.000  2.66 0.000 9.999 0.259000  0.92 0.000 0.071 0.000  1.154 0.000   1.615 0.000 999.99 0.259000  11.401 0.000  1.744 0.000   9.657 0.000 0.038 0.000  1.461 0.000
109.208333 110.208333   10.76 0.000  1.20 0.000 9.999 0.259000  0.34 0.000 0.021 0.000  0.346 0.000   0.484 0.000 999.99 0.259000   3.173 0.000  0.799 0.000   2.375 0.000 0.017 0.000  0.275 0.000
112.208333 113.208333   17.44 0.000  0.97 0.000 9.999 0.259000  0.41 0.000 0.045 0.000  0.703 0.000   0.985 0.000 999.99 0.259000 999.999 0.999 99.999 0.999   3.243 0.000 0.027 0.000  0.334 0.000
115.208333 116.208333   12.43 0.000  0.81 0.000 9.999 0.259000 99.99 0.259 0.017 0.000  0.357 0.000   0.500 0.000 999.99 0.259000 999.999 0.999 99.999 0.999   2.146 0.000 0.015 0.000  0.266 0.000
118.208333 119.208333    5.03 0.000  0.51 0.000 9.999 0.259000  0.13 0.000 0.007 0.559  0.155 0.000   0.217 0.000 999.99 0.259000 999.999 0.999 99.999 0.999   1.057 0.000 0.008 0.000  0.154 0.559
121.208333 122.208333   21.54 0.000  1.46 0.000 9.999 0.259000  0.32 0.000 0.027 0.000  0.453 0.000   0.634 0.000 999.99 0.259000 999.999 0.999 99.999 0.999   3.788 0.000 0.026 0.000  0.506 0.000
124.208333 125.208333   39.45 0.000  2.83 0.000 9.999 0.259000  0.93 0.000 0.112 0.000  1.081 0.000   1.514 0.000 999.99 0.259000 999.999 0.999 99.999 0.999   5.881 0.000 0.047 0.000  0.616 0.000
127.208333 128.208333   20.71 0.000  1.14 0.000 9.999 0.259000  0.42 0.000 0.028 0.000  0.459 0.000   0.642 0.000 999.99 0.259000 999.999 0.999 99.999 0.999   3.123 0.000 0.024 0.000  0.367 0.000
130.208333 131.208333   25.51 0.000  1.05 0.000 9.999 0.259000  0.30 0.000 0.019 0.000  0.471 0.000   0.660 0.000 999.99 0.259000 999.999 0.999 99.999 0.999   3.310 0.000 0.026 0.000  0.413 0.000
133.208333 134.208333    8.93 0.000  0.77 0.000 9.999 0.259000  0.36 0.000 0.057 0.559  0.389 0.000   0.544 0.000 999.99 0.259000 999.999 0.999 99.999 0.999   2.721 0.000 0.021 0.000  0.257 0.559
136.208333 137.208333   40.45 0.000  2.45 0.000 0.050 0.000000  0.61 0.000 0.110 0.000  1.290 0.000   1.806 0.000 999.99 0.259000 999.999 0.999 99.999 0.999   8.508 0.000 0.039 0.000  1.124 0.000
139.208333 140.208333    9.59 0.000  1.08 0.000 9.999 0.259000  0.38 0.000 0.025 0.000  0.543 0.000   0.760 0.000 999.99 0.259000   3.491 0.000  1.315 0.000   2.176 0.000 0.016 0.000  0.195 0.000
142.208333 143.208333   32.06 0.000  2.54 0.000 0.080 0.000000  0.92 0.000 0.235 0.000  1.330 0.000   1.862 0.000 999.99 0.259000  12.264 0.000  4.817 0.000   7.447 0.000 0.038 0.000  0.852 0.000
145.208333 146.208333    7.25 0.000  0.39 0.000 9.999 0.259000  0.52 0.000 0.087 0.000  0.566 0.000   0.792 0.000 999.99 0.259000   7.724 0.000  3.985 0.000   3.739 0.000 0.026 0.000  0.248 0.000
148.208333 149.208333   11.66 0.000  1.11 0.000 9.999 0.259000  1.15 0.000 0.022 0.000  0.577 0.000   0.807 0.000 999.99 0.259000  10.158 0.000  0.276 0.000   9.883 0.000 0.031 0.000  1.824 0.000
151.208333 152.208333   21.84 0.000  1.05 0.000 9.999 0.259000  0.39 0.000 0.114 0.000  1.766 0.000   2.473 0.000 999.99 0.259000  11.096 0.000  3.609 0.000   7.488 0.000 0.045 0.000  0.520 0.000
154.208333 155.208333   10.12 0.000  0.50 0.000 9.999 0.259000  0.28 0.000 0.020 0.000  0.317 0.000   0.444 0.000 999.99 0.259000   3.549 0.000  1.666 0.000   1.883 0.000 0.012 0.000  0.147 0.000
157.208333 158.208333    8.26 0.000  0.74 0.000 9.999 0.259000  0.11 0.000 0.017 0.000  0.562 0.000   0.787 0.000 999.99 0.259000   4.580 0.000  2.157 0.000   2.423 0.000 0.019 0.000  0.171 0.000
160.208333 161.208333   10.15 0.000  0.27 0.000 9.999 0.259000  0.34 0.000 0.011 0.000  0.525 0.000   0.735 0.000   9.31 0.000000   3.748 0.000  2.027 0.000   1.721 0.000 0.011 0.000  0.082 0.000
163.208333 164.208333    5.89 0.000  0.88 0.000 9.999 0.259000  0.26 0.000 0.035 0.000  0.608 0.000   0.852 0.000 999.99 0.259000   5.135 0.000  1.587 0.000   3.547 0.000 0.013 0.000  0.355 0.000
166.208333 167.208333    0.85 0.000  0.42 0.000 9.999 0.259000  0.08 0.000 0.019 0.000  0.171 0.000   0.239 0.000 999.99 0.259000   2.302 0.000  1.125 0.000   1.177 0.000 0.006 0.000  0.103 0.000
169.208333 170.208333    4.86 0.000  1.04 0.000 9.999 0.259000  0.54 0.000 0.028 0.000  1.063 0.000   1.488 0.000 999.99 0.259000   6.540 0.000  1.703 0.000   4.837 0.000 0.018 0.000  0.577 0.000
172.208333 173.208333   35.86 0.000  1.80 0.000 0.054 0.000000  0.97 0.000 0.096 0.000  3.033 0.000   4.246 0.000 999.99 0.259000  17.268 0.000  2.873 0.000  14.396 0.000 0.043 0.000  1.692 0.000
175.208333 176.208333    9.62 0.000  0.49 0.000 9.999 0.259000  0.26 0.000 0.023 0.000  1.065 0.000   1.491 0.000 999.99 0.259000   4.741 0.000  1.608 0.000   3.132 0.000 0.015 0.000  0.116 0.000
178.208333 179.208333   23.22 0.000  1.47 0.000 9.999 0.259000  0.58 0.000 0.076 0.000  2.073 0.000   2.902 0.000 999.99 0.259000  11.562 0.000  0.980 0.000  10.582 0.000 0.042 0.000  1.135 0.000
181.208333 182.208333   17.85 0.000  2.22 0.000 9.999 0.259000  1.12 0.000 0.110 0.000  2.805 0.000   3.927 0.000 999.99 0.259000  15.873 0.000  1.443 0.000  14.430 0.000 0.046 0.000  1.629 0.000
184.208333 185.208333  170.97 0.000  5.12 0.000 9.999 0.259000  0.83 0.000 0.087 0.000  3.896 0.000   5.455 0.000 999.99 0.259000  29.642 0.000  5.562 0.000  24.080 0.000 0.256 0.000  2.735 0.000
187.208333 188.208333    4.07 0.000  0.86 0.000 9.999 0.259000  0.31 0.000 0.018 0.000  1.113 0.000   1.558 0.000 999.99 0.259000   3.821 0.000  1.056 0.000   2.766 0.000 0.021 0.000  0.102 0.000
190.208333 191.208333   16.00 0.000  1.41 0.000 9.999 0.259000  0.31 0.000 0.044 0.000  9.673 0.000  13.542 0.000 999.99 0.259000  26.116 0.000  5.343 0.000  20.772 0.000 0.117 0.000  0.492 0.000
193.208333 194.208333   39.16 0.000  1.96 0.000 9.999 0.259000  0.83 0.000 0.122 0.000  3.277 0.000   4.588 0.000 999.99 0.259000  14.183 0.000  3.144 0.000  11.038 0.000 0.053 0.000  0.711 0.000
196.208333 197.208333    4.57 0.000  0.31 0.000 9.999 0.259000 99.99 0.259 0.043 0.000  0.801 0.000   1.122 0.000 999.99 0.259000   3.236 0.000 99.999 0.259   3.512 0.000 0.015 0.000  0.328 0.000
199.208333 200.208333   11.03 0.000  0.41 0.000 9.999 0.259000  0.70 0.000 0.027 0.000  0.928 0.000   1.299 0.000 999.99 0.259000 999.999 0.999 99.999 0.999   4.016 0.000 0.025 0.000  0.375 0.000
202.208333 203.208333    9.72 0.000  0.54 0.000 0.049 0.000000  0.64 0.000 0.142 0.000  1.972 0.000   2.760 0.000 999.99 0.259000 999.999 0.999 99.999 0.999   8.022 0.000 0.041 0.000  0.781 0.000
205.208333 206.208333    9.76 0.000  0.46 0.000 9.999 0.259000  0.23 0.000 0.020 0.000  0.530 0.000   0.742 0.000 999.99 0.259000 999.999 0.999 99.999 0.999   1.959 0.000 0.018 0.000  0.061 0.000
208.208333 209.208333   12.60 0.000  0.89 0.000 9.999 0.259000  0.65 0.000 0.065 0.000  0.520 0.000   0.728 0.000 999.99 0.259000 999.999 0.999 99.999 0.999  11.987 0.000 0.019 0.000  2.156 0.000
211.208333 212.208333   13.89 0.000  0.66 0.000 9.999 0.259000  0.18 0.000 0.019 0.000  2.038 0.000   2.853 0.000 999.99 0.259000 999.999 0.999 99.999 0.999   5.089 0.000 0.022 0.000  0.251 0.000
214.208333 215.208333    9.00 0.000  0.29 0.000 9.999 0.259000  0.67 0.000 0.048 0.000  1.069 0.000   1.496 0.000 999.99 0.259000   9.604 0.000  1.378 0.000   8.226 0.000 0.014 0.000  1.140 0.000
217.208333 218.208333   10.28 0.000  0.55 0.000 9.999 0.259000  0.23 0.000 0.016 0.000  0.683 0.000   0.957 0.000 999.99 0.259000   4.965 0.000  1.714 0.000   3.251 0.000 0.014 0.000  0.279 0.000
220.208333 221.208333   21.07 0.000  0.44 0.000 0.018 0.000000  0.15 0.000 0.023 0.000  0.914 0.000   1.280 0.000 999.99 0.259000   5.300 0.000  2.438 0.000   2.861 0.000 0.019 0.000  0.089 0.000
223.208333 224.208333   31.60 0.000  1.76 0.000 9.999 0.259000  1.43 0.000 0.079 0.000  2.228 0.000   3.119 0.000 999.99 0.259000  19.298 0.000  1.591 0.000  17.707 0.000 0.031 0.000  2.707 0.000
226.208333 227.208333  211.10 0.000  1.59 0.000 9.999 0.259000  1.84 0.000 0.150 0.000  2.274 0.000   3.183 0.000 999.99 0.259000  31.709 0.000  4.145 0.000  27.565 0.000 0.142 0.000  4.549 0.000
229.208333 230.208333  124.20 0.000  1.11 0.000 9.999 0.259000  0.80 0.000 0.046 0.000  1.410 0.000   1.974 0.000 999.99 0.259000  14.689 0.000  1.952 0.000  12.736 0.000 0.080 0.000  2.073 0.000
232.208333 233.208333   16.91 0.000  0.72 0.000 9.999 0.259000  0.30 0.000 0.015 0.000  0.667 0.000   0.934 0.000 999.99 0.259000   4.715 0.000  1.943 0.000   2.772 0.000 0.015 0.000  0.202 0.000
235.208333 236.208333    6.01 0.000  0.36 0.000 9.999 0.259000  0.31 0.000 0.038 0.000  0.961 0.000   1.346 0.000 999.99 0.259000   5.438 0.000  2.133 0.000   3.305 0.000 0.015 0.000  0.234 0.000
238.208333 239.208333   20.06 0.000  0.93 0.000 9.999 0.259000  0.42 0.000 0.034 0.000  0.882 0.000   1.235 0.000 999.99 0.259000   6.312 0.000  2.337 0.000   3.976 0.000 0.020 0.000  0.354 0.000
241.208333 242.208333   11.00 0.000  0.64 0.000 9.999 0.259000  0.21 0.000 0.027 0.000  0.836 0.000   1.171 0.000 999.99 0.259000   3.874 0.000  1.043 0.000   2.831 0.000 0.013 0.000  0.163 0.000
