scripts/IMPROVE-2019_partial/data/US2705R.20060102070000.20191216000000.filterpack..pm25.52w.1w.US03L_filterpack_US2705.US03L_IMPROVE_Davis.lev2.nas
66 1001
MISSING INFORMATION
US03L, IMPROVE, , , , , , , 
MISSING INFORMATION
IMPROVE sel_HTAP
1 1
2006 01 01 2019 12 16
3.000000
days from file reference point
27
1 1 1 1 1 1 1 1 1 1 1 1 1 1 1 1 1 1 1 1 1 1 1 1 1 1 1
999.999999 9999.99 9.999 99.99 9.999 9.999 9.999999 9.99 9.999999 9.999 9.999999 99.999 9.999999 999.999 9.999999 99.99 9.999999 999.999 9.999 999.999 9.999 999.999 9.999 9.999 9.999 99.999 9.999999
end_time of measurement, days from the file reference point
iron, ng/m3, Revision date=20181210133000
numflag iron, no unit, Revision date=20181210133000
lead, ng/m3, Revision date=20181210133000
numflag lead, no unit, Revision date=20181210133000
magnesium, ug/m3, Revision date=20181210133000
numflag magnesium, no unit, Revision date=20181210133000
nickel, ng/m3, Revision date=20181210133000
numflag nickel, no unit, Revision date=20181210133000
nitrate, ug N/m3, Revision date=20181210133000
numflag nitrate, no unit, Revision date=20181210133000
organic_carbon, ug C/m3, Revision date=20181210133000
numflag organic_carbon, no unit, Revision date=20181210133000
organic_mass, ug/m3, Revision date=20181210133000
numflag organic_mass, no unit, Revision date=20181210133000
phosphorus, ng/m3, Revision date=20181210133000
numflag phosphorus, no unit, Revision date=20181210133000
pm10_mass, ug/m3, Version=2, Version description=Data extracted from http://views.cira.colostate.edu/fed/DataWizard 2019-12-16, Sample duration=1d, Orig. time res.=3d, Matrix=pm10, Blank correction=Blank corrected, Volume std. temperature=ambient, Volume std. pressure=ambient
numflag pm10_mass, no unit, Version=2, Version description=Data extracted from http://views.cira.colostate.edu/fed/DataWizard 2019-12-16, Sample duration=1d, Orig. time res.=3d, Matrix=pm10, Blank correction=Blank corrected, Volume std. temperature=ambient, Volume std. pressure=ambient
pm10_pm25_mass, ug/m3, Revision date=20181210133000, Matrix=pm10_pm25
numflag pm10_pm25_mass, no unit, Revision date=20181210133000, Matrix=pm10_pm25
pm25_mass, ug/m3, Version=2, Version description=Data extracted from http://views.cira.colostate.edu/fed/DataWizard 2019-12-16, Sample duration=1d, Orig. time res.=3d, Blank correction=Blank corrected, Volume std. temperature=ambient, Volume std. pressure=ambient
numflag pm25_mass, no unit, Version=2, Version description=Data extracted from http://views.cira.colostate.edu/fed/DataWizard 2019-12-16, Sample duration=1d, Orig. time res.=3d, Blank correction=Blank corrected, Volume std. temperature=ambient, Volume std. pressure=ambient
potassium, ug/m3, Revision date=20181210133000
numflag potassium, no unit, Revision date=20181210133000
sulphate_total, ug S/m3, Revision date=20181210133000
numflag sulphate_total, no unit, Revision date=20181210133000
0
25
Data definition:              EBAS_1.1
Set type code:                TU
Timezone:                     UTC
File name:                    US2705R.20060102070000.20191216000000.filterpack..pm25.52w.1w.US03L_filterpack_US2705.US03L_IMPROVE_Davis.lev2.nas
File creation:                20191218120359
Startdate:                    20060102070000
Revision date:                20191216000000
Statistics:                   arithmetic mean
Data level:                   2
Period code:                  52w
Resolution code:              1w
Station code:                 US2705R
Platform code:                US2705S
Station name:                 Glacier National Park-Fire Weather Station (MT05)
Station latitude:             48.5103
Station longitude:            -113.9958
Station altitude:             980.0 m
Regime:                       IMG
Component:                    
Matrix:                       pm25
Laboratory code:              US03L
Instrument type:              filterpack
Instrument name:              filterpack_US2705
Method ref:                   US03L_IMPROVE_Davis
starttime endtime Fe flag_Fe Pb flag_Pb Mg++ flag_Mg++ Ni flag_Ni NO3- flag_NO3- OC flag_OC OM flag_OM P flag_P PM10 flag_PM10 PM10-PM2.5 flag_PM10-PM2.5 PM2.5 flag_PM2.5 K+ flag_K+ SO4-- flag_SO4--
  1.291667   2.291667   23.91 0.000  0.25 0.000 0.007 0.000000 9.99 0.259000 0.052 0.000000  0.929 0.000000   1.301 0.000000 99.99 0.259000   2.799 0.000   0.328 0.000   2.471 0.000 0.011 0.000  0.071 0.000000
  4.291667   5.291667   61.07 0.000  0.46 0.000 9.999 0.259000 9.99 0.259000 0.034 0.000000  1.342 0.000000   1.879 0.000000 99.99 0.259000   4.698 0.000   1.075 0.000   3.623 0.000 0.022 0.000  0.069 0.000000
  7.291667   8.291667   11.55 0.000  0.41 0.000 9.999 0.259000 9.99 0.259000 0.015 0.000000  0.408 0.559000   0.571 0.559000 99.99 0.259000   1.900 0.000   0.727 0.000   1.173 0.000 0.012 0.000  0.033 0.000000
 10.291667  11.291667    4.19 0.000  0.27 0.000 9.999 0.259000 0.10 0.000000 0.006 0.000000  0.256 0.000000   0.358 0.000000 99.99 0.259000   0.926 0.000   0.523 0.000   0.403 0.000 0.008 0.000  0.019 0.000000
 13.291667  14.291667    5.67 0.000  0.20 0.000 9.999 0.259000 9.99 0.259000 0.006 0.000000  0.468 0.000000   0.655 0.000000 99.99 0.259000   1.227 0.000   0.043 0.000   1.184 0.000 0.004 0.000  0.014 0.000000
 16.291667  17.291667    5.00 0.000  0.18 0.000 0.004 0.000000 9.99 0.259000 0.024 0.000000  0.584 0.559000   0.817 0.559000 99.99 0.259000   1.626 0.000 999.999 0.259   1.736 0.000 0.011 0.000  0.052 0.000000
 19.291667  20.291667    3.79 0.000  0.22 0.000 9.999 0.259000 0.13 0.000000 0.031 0.000000  0.672 0.000000   0.940 0.000000 99.99 0.259000   2.240 0.000   0.279 0.000   1.962 0.000 0.016 0.000  0.062 0.000000
 22.291667  23.291667   16.34 0.000  0.29 0.000 9.999 0.259000 9.99 0.259000 0.010 0.000000  0.404 0.559000   0.566 0.559000 99.99 0.259000   2.199 0.000   0.756 0.000   1.443 0.000 0.015 0.000  0.057 0.000000
 25.291667  26.291667   27.82 0.000  0.46 0.000 0.004 0.000000 0.24 0.000000 0.068 0.000000  1.138 0.000000   1.593 0.000000 99.99 0.259000   4.436 0.000   1.216 0.000   3.220 0.000 0.039 0.000  0.126 0.000000
 28.291667  29.291667    5.53 0.000  0.18 0.000 9.999 0.259000 9.99 0.259000 0.020 0.000000  0.437 0.559000   0.611 0.559000 99.99 0.259000   1.189 0.000   0.195 0.000   0.994 0.000 0.021 0.000  0.046 0.000000
 31.291667  32.291667    5.84 0.000  0.13 0.000 9.999 0.259000 9.99 0.259000 0.021 0.000000  0.433 0.000000   0.606 0.000000 99.99 0.259000   1.732 0.000   0.576 0.000   1.157 0.000 0.011 0.000  0.041 0.000000
 34.291667  35.291667   29.86 0.000  0.25 0.000 9.999 0.259000 9.99 0.259000 0.016 0.000000  0.592 0.000000   0.829 0.000000 99.99 0.259000   1.826 0.000   0.356 0.000   1.470 0.000 0.012 0.000  0.052 0.000000
 37.291667  38.291667   34.19 0.000  0.42 0.000 9.999 0.259000 0.12 0.000000 0.053 0.000000  1.379 0.559000   1.931 0.559000 99.99 0.259000   6.072 0.000   2.185 0.000   3.887 0.000 0.036 0.000  0.095 0.000000
 40.291667  41.291667   87.86 0.000  0.43 0.000 9.999 0.259000 9.99 0.259000 0.022 0.000000  0.736 0.000000   1.030 0.000000 99.99 0.259000   5.538 0.000   2.872 0.000   2.666 0.000 0.025 0.000  0.121 0.000000
 43.291667  44.291667   63.46 0.000  1.09 0.000 0.012 0.000000 9.99 0.259000 0.170 0.000000  2.726 0.000000   3.816 0.000000 99.99 0.259000  10.594 0.000   2.928 0.000   7.666 0.000 0.070 0.000  0.214 0.000000
 46.291667  47.291667   12.07 0.000  0.41 0.000 9.999 0.259000 9.99 0.259000 0.056 0.000000  0.416 0.559000   0.582 0.559000 99.99 0.259000   2.635 0.000   1.016 0.000   1.619 0.000 0.017 0.000  0.214 0.000000
 49.291667  50.291667   80.34 0.000  0.75 0.000 9.999 0.259000 9.99 0.259000 0.134 0.000000  2.014 0.559000   2.820 0.559000 99.99 0.259000   9.259 0.000   4.046 0.000   5.213 0.000 0.063 0.000  0.200 0.000000
 52.291667  53.291667   20.99 0.000  0.34 0.000 9.999 0.259000 9.99 0.259000 0.039 0.000000  0.680 0.000000   0.953 0.000000 99.99 0.259000   2.940 0.000   1.097 0.000   1.844 0.000 0.026 0.000  0.108 0.000000
 55.291667  56.291667   39.15 0.000  0.91 0.000 9.999 0.259000 9.99 0.259000 0.027 0.000000  1.343 0.559000   1.880 0.559000 99.99 0.259000   4.101 0.000   0.886 0.000   3.214 0.000 0.021 0.000  0.137 0.000000
 58.291667  59.291667    3.46 0.000  0.24 0.000 9.999 0.259000 9.99 0.259000 0.025 0.000000  0.298 0.000000   0.417 0.000000 99.99 0.259000   1.205 0.000   0.280 0.000   0.924 0.000 0.006 0.000  0.058 0.000000
 61.291667  62.291667   23.48 0.000  1.02 0.000 9.999 0.259000 9.99 0.259000 0.500 0.000000  0.813 0.000000   1.139 0.000000 99.99 0.259000  11.812 0.000   1.624 0.000  10.188 0.000 0.038 0.000  1.294 0.000000
 64.291667  65.291667   56.84 0.000  0.48 0.000 9.999 0.259000 9.99 0.259000 0.024 0.000000  1.280 0.000000   1.791 0.000000 99.99 0.259000   3.972 0.000   0.786 0.000   3.187 0.000 0.023 0.000  0.078 0.000000
 67.291667  68.291667    7.90 0.000  0.31 0.000 9.999 0.259000 0.18 0.000000 0.017 0.000000  0.339 0.000000   0.474 0.000000 99.99 0.259000   2.918 0.000   1.967 0.000   0.952 0.000 0.013 0.000  0.052 0.000000
 70.291667  71.291667   19.22 0.000  0.59 0.000 9.999 0.259000 0.18 0.000000 0.022 0.000000  0.430 0.000000   0.602 0.000000 99.99 0.259000   4.694 0.000   0.860 0.000   3.834 0.000 0.014 0.000  0.645 0.000000
 73.291667  74.291667   52.95 0.000  0.47 0.000 9.999 0.259000 9.99 0.259000 0.079 0.000000  1.610 0.000000   2.255 0.000000 99.99 0.259000   5.939 0.000   1.851 0.000   4.087 0.000 0.030 0.000  0.133 0.000000
 76.291667  77.291667   23.46 0.000  0.45 0.000 9.999 0.259000 9.99 0.259000 0.059 0.000000  0.821 0.000000   1.149 0.000000 99.99 0.259000   2.554 0.000   0.418 0.000   2.136 0.000 0.021 0.000  0.154 0.000000
 79.291667  80.291667   16.73 0.000  0.61 0.000 9.999 0.259000 9.99 0.259000 0.052 0.000000  0.460 0.000000   0.644 0.000000 99.99 0.259000   4.940 0.000   1.700 0.000   3.240 0.000 0.017 0.000  0.444 0.000000
 82.291667  83.291667  155.52 0.000  0.87 0.000 0.039 0.000000 9.99 0.259000 0.036 0.000000  1.588 0.000000   2.223 0.000000 99.99 0.259000   9.625 0.000   4.173 0.000   5.452 0.000 0.058 0.000  0.162 0.000000
 85.291667  86.291667   53.64 0.000  0.73 0.000 9.999 0.259000 0.08 0.000000 0.024 0.000000  0.922 0.000000   1.291 0.000000 99.99 0.259000   4.034 0.000   1.313 0.000   2.721 0.000 0.029 0.000  0.130 0.000000
 88.291667  89.291667   47.90 0.000  1.14 0.000 9.999 0.259000 9.99 0.259000 0.050 0.000000  0.846 0.000000   1.184 0.000000 99.99 0.259000   4.777 0.000   1.200 0.000   3.577 0.000 0.025 0.000  0.280 0.000000
 91.291667  92.291667   15.83 0.000  0.56 0.000 9.999 0.259000 9.99 0.259000 0.017 0.000000  0.512 0.559000   0.717 0.559000 99.99 0.259000   1.902 0.000   0.642 0.000   1.260 0.000 0.017 0.000  0.068 0.000000
 94.291667  95.291667    4.12 0.000 99.99 0.259 9.999 0.259000 9.99 0.259000 0.004 0.000000  0.269 0.000000   0.376 0.000000 99.99 0.259000   1.171 0.000   0.057 0.000   1.114 0.000 0.006 0.000  0.106 0.000000
 97.291667  98.291667   38.20 0.000  0.59 0.000 0.009 0.000000 9.99 0.259000 0.010 0.000000  0.827 0.000000   1.158 0.000000 99.99 0.259000   3.229 0.000   1.102 0.000   2.127 0.000 0.014 0.000  0.103 0.000000
100.291667 101.291667   17.53 0.000  0.46 0.000 0.007 0.000000 9.99 0.259000 0.011 0.000000  0.486 0.000000   0.680 0.000000 99.99 0.259000   2.281 0.000   1.286 0.000   0.995 0.000 0.011 0.000  0.063 0.000000
103.291667 104.291667   26.93 0.000 99.99 0.259 9.999 0.259000 9.99 0.259000 0.011 0.000000  0.496 0.000000   0.695 0.000000 99.99 0.259000   2.211 0.000   0.629 0.000   1.581 0.000 0.015 0.000  0.070 0.000000
106.291667 107.291667   23.44 0.000  0.34 0.000 0.012 0.000000 9.99 0.259000 0.010 0.000000  0.382 0.559000   0.534 0.559000 99.99 0.259000   4.822 0.000   3.248 0.000   1.573 0.000 0.016 0.000  0.074 0.000000
109.291667 110.291667  113.88 0.000  1.05 0.000 0.033 0.000000 9.99 0.259000 0.018 0.559000  1.428 0.000000   1.999 0.000000 99.99 0.259000  11.839 0.000   6.679 0.000   5.160 0.000 0.056 0.000  0.123 0.559000
112.291667 113.291667   39.33 0.000  0.37 0.000 0.017 0.000000 9.99 0.259000 0.008 0.559000  0.468 0.000000   0.655 0.000000 99.99 0.259000  12.436 0.000  10.345 0.000   2.092 0.000 0.025 0.000  0.215 0.559000
115.291667 116.291667  140.19 0.000  1.46 0.000 0.061 0.000000 9.99 0.259000 0.045 0.559000  1.256 0.000000   1.758 0.000000 99.99 0.259000  14.803 0.000   9.009 0.000   5.794 0.000 0.092 0.000  0.276 0.559000
118.291667 119.291667  145.18 0.000  1.22 0.000 0.047 0.000000 9.99 0.259000 0.032 0.559000  4.399 0.000000   6.159 0.000000 99.99 0.259000  19.509 0.000   8.748 0.000  10.761 0.000 0.092 0.000  0.140 0.559000
121.291667 122.291667   30.78 0.000  1.05 0.000 9.999 0.259000 0.13 0.000000 0.026 0.559000  0.745 0.559000   1.042 0.559000 99.99 0.259000   4.463 0.000   1.855 0.000   2.609 0.000 0.030 0.000  0.176 0.559000
124.291667 125.291667  147.23 0.000  1.77 0.000 9.999 0.259000 0.11 0.000000 0.028 0.559000  1.351 0.000000   1.891 0.000000 99.99 0.259000  11.996 0.000   6.126 0.000   5.870 0.000 0.078 0.000  0.336 0.559000
127.291667 128.291667   32.83 0.000  0.70 0.000 9.999 0.259000 9.99 0.259000 0.012 0.559000  0.536 0.000000   0.750 0.000000 99.99 0.259000   3.609 0.000   1.659 0.000   1.950 0.000 0.029 0.000  0.135 0.559000
130.291667 131.291667   89.46 0.000  1.08 0.000 9.999 0.259000 9.99 0.259000 0.023 0.559000  1.427 0.000000   1.997 0.000000 99.99 0.259000   9.208 0.000   4.880 0.000   4.327 0.000 0.051 0.000  0.236 0.559000
133.291667 134.291667  170.79 0.000  2.06 0.000 9.999 0.259000 9.99 0.259000 0.034 0.559000  1.969 0.000000   2.757 0.000000 99.99 0.259000  14.167 0.000   6.829 0.000   7.338 0.000 0.092 0.000  0.338 0.559000
136.291667 137.291667  188.14 0.000  1.60 0.000 9.999 0.259000 9.99 0.259000 0.026 0.559000  3.715 0.000000   5.201 0.000000 99.99 0.259000  31.098 0.000  20.368 0.000  10.730 0.000 0.114 0.000  0.205 0.559000
139.291667 140.291667   39.00 0.000  0.76 0.000 9.999 0.259000 9.99 0.259000 0.018 0.559000  1.618 0.000000   2.265 0.000000 99.99 0.259000   7.106 0.000   3.065 0.000   4.041 0.000 0.023 0.000  0.103 0.559000
142.291667 143.291667   59.33 0.000  0.71 0.000 9.999 0.259000 9.99 0.259000 0.013 0.559000  1.210 0.000000   1.694 0.000000 99.99 0.259000   7.480 0.000   4.268 0.000   3.212 0.000 0.033 0.000  0.164 0.559000
145.291667 146.291667   19.39 0.000  0.31 0.000 9.999 0.259000 9.99 0.259000 0.008 0.559000  0.713 0.000000   0.999 0.000000 99.99 0.259000   3.456 0.000   1.739 0.000   1.717 0.000 0.018 0.000  0.096 0.559000
148.291667 149.291667   11.41 0.000 99.99 0.259 9.999 0.259000 9.99 0.259000 0.008 0.559000  0.653 0.000000   0.914 0.000000 99.99 0.259000   3.168 0.000   1.795 0.000   1.374 0.000 0.013 0.000  0.047 0.559000
151.291667 152.291667   77.67 0.000  0.77 0.000 0.018 0.000000 9.99 0.259000 0.016 0.559000  1.248 0.559000   1.748 0.559000 99.99 0.259000  10.029 0.000   5.825 0.000   4.204 0.000 0.036 0.000  0.142 0.559000
154.291667 155.291667   57.16 0.394  0.85 0.394 9.999 0.394259 9.99 0.394259 0.015 0.559394  1.036 0.559394   1.451 0.559394 99.99 0.394259   5.837 0.000   3.056 0.394   2.781 0.000 0.027 0.394  0.082 0.559394
157.291667 158.291667 9999.99 0.999 99.99 0.999 9.999 0.999000 9.99 0.999000 9.999 0.999000 99.999 0.999000 999.999 0.999000 99.99 0.999000 999.999 0.999 999.999 0.999 999.999 0.999 9.999 0.999 99.999 0.999000
160.291667 161.291667    0.84 0.000  0.10 0.000 9.999 0.259000 9.99 0.259000 0.003 0.559000  0.226 0.559000   0.317 0.559000  6.93 0.000000   2.332 0.000   1.611 0.000   0.721 0.000 0.006 0.000  0.052 0.559000
163.291667 164.291667   18.07 0.000  0.68 0.000 9.999 0.259000 9.99 0.259000 0.010 0.559000  0.838 0.559000   1.173 0.559000 99.99 0.259000   7.209 0.000   3.760 0.000   3.449 0.000 0.020 0.000  0.239 0.559000
166.291667 167.291667   18.30 0.000  0.32 0.000 0.007 0.000000 9.99 0.259000 0.011 0.000000  0.705 0.559000   0.986 0.559000 99.99 0.259000   5.772 0.000   3.559 0.000   2.213 0.000 0.029 0.000  0.113 0.000000
169.291667 170.291667   45.86 0.000  0.50 0.000 9.999 0.259000 9.99 0.259000 0.014 0.559000  1.299 0.000000   1.818 0.000000 99.99 0.259000   7.433 0.000   4.018 0.000   3.415 0.000 0.024 0.000  0.137 0.559000
172.291667 173.291667   80.03 0.000  0.95 0.000 0.017 0.000000 9.99 0.259000 0.018 0.559000  1.334 0.559000   1.867 0.559000 99.99 0.259000  13.353 0.000   8.130 0.000   5.223 0.000 0.044 0.000  0.209 0.559000
175.291667 176.291667  109.99 0.000  0.68 0.000 0.023 0.000000 0.08 0.000000 0.016 0.559000  1.919 0.559000   2.686 0.559000 99.99 0.259000  12.803 0.000   6.497 0.000   6.307 0.000 0.047 0.000  0.289 0.559000
178.291667 179.291667  151.60 0.000  0.82 0.000 0.048 0.000000 9.99 0.259000 0.015 0.559000  2.254 0.000000   3.156 0.000000 99.99 0.259000  24.976 0.000  16.893 0.000   8.083 0.000 0.081 0.000  0.176 0.559000
181.291667 182.291667 9999.99 0.456 99.99 0.456 9.999 0.456000 9.99 0.456000 0.025 0.559000  2.219 0.000000   3.995 0.000000 99.99 0.456000  14.716 0.000 999.999 0.456 999.999 0.456 9.999 0.456  0.179 0.559000
184.291667 185.291667   53.46 0.000  1.05 0.000 0.023 0.000000 9.99 0.259000 0.010 0.559000  1.658 0.000000   2.984 0.000000 99.99 0.259000  17.247 0.000  11.130 0.000   6.117 0.000 0.141 0.000  0.158 0.559000
187.291667 188.291667   44.49 0.000  0.66 0.000 9.999 0.259000 9.99 0.259000 0.017 0.559000  1.004 0.000000   1.807 0.000000 99.99 0.259000  10.051 0.000   5.785 0.000   4.266 0.000 0.039 0.000  0.146 0.559000
190.291667 191.291667  111.62 0.000  0.85 0.000 0.023 0.000000 9.99 0.259000 0.016 0.559000  1.522 0.000000   2.740 0.000000 99.99 0.259000  13.059 0.000   6.950 0.000   6.109 0.000 0.048 0.000  0.096 0.559000
193.291667 194.291667   46.56 0.000  0.77 0.000 0.019 0.000000 9.99 0.259000 0.007 0.000000  0.639 0.000000   1.151 0.000000 99.99 0.259000   9.110 0.000   6.883 0.000   2.228 0.000 0.028 0.000  0.077 0.000000
196.291667 197.291667  159.27 0.000  0.80 0.000 0.067 0.000000 0.13 0.000000 0.013 0.000000  1.348 0.000000   2.426 0.000000 99.99 0.259000  19.824 0.000  14.450 0.000   5.374 0.000 0.086 0.000  0.109 0.000000
199.291667 200.291667  195.31 0.000  0.55 0.000 0.049 0.000000 9.99 0.259000 0.022 0.000000  1.280 0.000000   2.303 0.000000 99.99 0.259000  25.561 0.000  19.444 0.000   6.116 0.000 0.087 0.000  0.143 0.000000
202.291667 203.291667  559.53 0.000  0.87 0.000 9.999 0.259000 0.88 0.000000 0.018 0.000000  2.745 0.000000   4.940 0.000000 99.99 0.259000  27.992 0.000  18.570 0.000   9.423 0.000 0.106 0.000  0.152 0.000000
205.291667 206.291667  106.08 0.000  0.52 0.000 0.018 0.000000 9.99 0.259000 0.016 0.000000  2.133 0.000000   3.840 0.000000 99.99 0.259000  15.981 0.000   9.490 0.000   6.491 0.000 0.050 0.000  0.133 0.000000
208.291667 209.291667  197.47 0.000  0.51 0.000 0.067 0.000000 9.99 0.259000 0.017 0.000000  1.843 0.000000   3.318 0.000000 99.99 0.259000  24.825 0.000  17.824 0.000   7.001 0.000 0.101 0.000  0.128 0.000000
211.291667 212.291667  112.69 0.394  0.59 0.394 0.031 0.394000 0.07 0.394000 0.025 0.394000  3.418 0.394000   6.152 0.394000 99.99 0.394259  22.770 0.000  14.207 0.394   8.563 0.000 0.088 0.394  0.098 0.394000
214.291667 215.291667 9999.99 0.456 99.99 0.456 9.999 0.456000 9.99 0.456000 0.019 0.000000  1.665 0.000000   2.997 0.000000 99.99 0.456000  20.513 0.000 999.999 0.456 999.999 0.456 9.999 0.456  0.141 0.000000
217.291667 218.291667  152.50 0.000  0.64 0.000 0.050 0.000000 9.99 0.259000 0.030 0.000000  5.485 0.000000   9.873 0.000000 99.99 0.259000  30.763 0.000  16.699 0.000  14.064 0.000 0.132 0.000  0.143 0.000000
220.291667 221.291667  129.50 0.000  0.70 0.000 0.057 0.000000 0.07 0.000000 0.024 0.000000  2.603 0.000000   4.685 0.000000 99.99 0.259000  24.863 0.000  16.967 0.000   7.897 0.000 0.135 0.000  0.175 0.000000
223.291667 224.291667   27.52 0.000  0.40 0.000 0.010 0.000000 0.06 0.000000 0.009 0.000000  1.171 0.000000   2.107 0.000000 99.99 0.259000   5.321 0.000   2.016 0.000   3.305 0.000 0.017 0.000  0.056 0.000000
226.291667 227.291667  127.87 0.000  0.51 0.000 0.027 0.000000 0.08 0.000000 0.020 0.000000  3.339 0.000000   6.011 0.000000 99.99 0.259000  17.163 0.000   8.122 0.000   9.042 0.000 0.069 0.000  0.112 0.000000
