scripts/IMPROVE-2019_partial/data/US2705R.20160101070000.20191216000000.filterpack...52w.3d.US03L_filterpack_US2705.US03L_IMPROVE_Davis.lev2.nas
51 1001
MISSING INFORMATION
US03L, IMPROVE, , , , , , , 
MISSING INFORMATION
IMPROVE sel_HTAP
1 1
2016 01 01 2019 12 16
3.000000
days from file reference point
4
1 1 1 1
999.999999 999.999 999.999 9.999
end_time of measurement, days from the file reference point
pm10_mass, ug/m3, Matrix=pm10
pm25_mass, ug/m3, Matrix=pm25
numflag, no unit
0
33
Data definition:              EBAS_1.1
Set type code:                TU
Timezone:                     UTC
File name:                    US2705R.20160101070000.20191216000000.filterpack...52w.3d.US03L_filterpack_US2705.US03L_IMPROVE_Davis.lev2.nas
File creation:                20191218120400
Startdate:                    20160101070000
Revision date:                20191216000000
Version:                      2
Version description:          "Data extracted from http://views.cira.colostate.edu/fed/DataWizard 2019-12-16"
Statistics:                   arithmetic mean
Data level:                   2
Period code:                  52w
Resolution code:              3d
Sample duration:              1d
Orig. time res.:              3d
Station code:                 US2705R
Platform code:                US2705S
Station name:                 Glacier National Park-Fire Weather Station (MT05)
Station latitude:             48.5103
Station longitude:            -113.9958
Station altitude:             980.0 m
Regime:                       IMG
Component:                    
Unit:                         ug/m3
Matrix:                       
Laboratory code:              US03L
Instrument type:              filterpack
Instrument name:              filterpack_US2705
Method ref:                   US03L_IMPROVE_Davis
Blank correction:             Blank corrected
Volume std. temperature:      ambient
Volume std. pressure:         ambient
starttime endtime PM10 PM2.5 flag
  0.291667   1.291667 999.999 999.999 0.999
  3.291667   4.291667 999.999 999.999 0.999
  6.291667   7.291667   9.708   9.440 0.000
  9.291667  10.291667   9.171   7.660 0.000
 12.291667  13.291667   2.685   2.840 0.000
 15.291667  16.291667   1.544   1.690 0.000
 18.291667  19.291667   1.513   1.119 0.000
 21.291667  22.291667   1.927   1.477 0.000
 24.291667  25.291667   2.231   1.771 0.000
 27.291667  28.291667   1.748   1.440 0.000
 30.291667  31.291667   1.156   1.081 0.000
 33.291667  34.291667   3.340   2.099 0.000
 36.291667  37.291667   1.066   0.517 0.000
 39.291667  40.291667   4.654   2.705 0.000
 42.291667  43.291667   3.939   2.856 0.000
 45.291667  46.291667   1.160   0.518 0.000
 48.291667  49.291667   0.898   0.779 0.000
 51.291667  52.291667   1.655   1.065 0.000
 54.291667  55.291667   5.713   2.065 0.000
 57.291667  58.291667 999.999 999.999 0.999
 60.291667  61.291667 999.999 999.999 0.999
 63.291667  64.291667   3.814   2.005 0.000
 66.291667  67.291667 999.999 999.999 0.999
 69.291667  70.291667 999.999 999.999 0.999
 72.291667  73.291667 999.999 999.999 0.999
 75.291667  76.291667 999.999 999.999 0.999
 78.291667  79.291667 999.999 999.999 0.999
 81.291667  82.291667 999.999 999.999 0.999
 84.291667  85.291667   1.065   0.794 0.000
 87.291667  88.291667   1.796   0.895 0.000
 90.291667  91.291667   3.264   1.768 0.000
 93.291667  94.291667   8.384   4.149 0.000
 96.291667  97.291667 999.999 999.999 0.999
 99.291667 100.291667 999.999 999.999 0.999
102.291667 103.291667 999.999 999.999 0.999
105.291667 106.291667   2.754   1.636 0.000
108.291667 109.291667   6.707   3.907 0.000
111.291667 112.291667  11.042   5.145 0.000
114.291667 115.291667 999.999 999.999 0.999
117.291667 118.291667 999.999 999.999 0.999
120.291667 121.291667   2.822   1.672 0.000
123.291667 124.291667  11.506   4.882 0.000
126.291667 127.291667  10.925   6.162 0.000
129.291667 130.291667   1.853   0.703 0.000
132.291667 133.291667   5.309   1.792 0.000
135.291667 136.291667   8.442   3.012 0.000
138.291667 139.291667  24.784   6.127 0.000
141.291667 142.291667   2.980   0.883 0.000
144.291667 145.291667   4.040   1.127 0.000
147.291667 148.291667   7.890   3.109 0.000
150.291667 151.291667   4.468   1.664 0.000
153.291667 154.291667   9.211   2.973 0.000
156.291667 157.291667  12.628   5.033 0.000
159.291667 160.291667  15.229   7.150 0.000
162.291667 163.291667   5.976   1.453 0.000
165.291667 166.291667   3.660   1.024 0.000
168.291667 169.291667   2.449   3.497 0.000
171.291667 172.291667   3.844   5.826 0.000
174.291667 175.291667  10.657   3.637 0.000
177.291667 178.291667   5.560   2.564 0.000
180.291667 181.291667  10.038   3.860 0.000
183.291667 184.291667  28.341   6.826 0.000
186.291667 187.291667  25.201   5.205 0.000
189.291667 190.291667   5.821   3.012 0.000
192.291667 193.291667   4.435   2.336 0.000
195.291667 196.291667 999.999 999.999 0.999
198.291667 199.291667 999.999 999.999 0.999
201.291667 202.291667  11.691   3.744 0.000
204.291667 205.291667  14.413   3.383 0.000
207.291667 208.291667  13.315   4.639 0.000
210.291667 211.291667  16.581   5.755 0.000
213.291667 214.291667  32.996   6.684 0.000
216.291667 217.291667  12.749   3.463 0.000
219.291667 220.291667   8.870   5.760 0.000
222.291667 223.291667   4.109   2.186 0.000
225.291667 226.291667  12.752   4.837 0.000
228.291667 229.291667  18.177   7.195 0.000
231.291667 232.291667   7.048   2.565 0.000
234.291667 235.291667  20.446   7.170 0.000
237.291667 238.291667   7.823   3.224 0.000
240.291667 241.291667  21.356   6.396 0.000
243.291667 244.291667  23.517  13.691 0.000
246.291667 247.291667   3.291   1.666 0.000
249.291667 250.291667   3.262   2.148 0.000
252.291667 253.291667   4.007   1.578 0.000
255.291667 256.291667   1.639   0.520 0.000
258.291667 259.291667 999.999 999.999 0.999
261.291667 262.291667 999.999 999.999 0.999
264.291667 265.291667   4.921   1.807 0.000
267.291667 268.291667   5.862   2.384 0.000
270.291667 271.291667  14.337   4.069 0.000
273.291667 274.291667  13.987   5.913 0.000
276.291667 277.291667   9.695   3.685 0.000
279.291667 280.291667   9.824   5.168 0.000
282.291667 283.291667   7.628   4.589 0.000
285.291667 286.291667   6.741   5.118 0.000
288.291667 289.291667   4.438   1.835 0.000
291.291667 292.291667   6.676   4.353 0.000
294.291667 295.291667   8.875   5.981 0.000
297.291667 298.291667   5.870   3.083 0.000
300.291667 301.291667  14.395  12.511 0.000
303.291667 304.291667   9.407   7.454 0.000
306.291667 307.291667   4.600   2.195 0.000
309.291667 310.291667   7.307   5.426 0.000
312.291667 313.291667   7.722   6.118 0.000
315.291667 316.291667   5.581   4.030 0.000
318.291667 319.291667   4.312   3.167 0.000
321.291667 322.291667   5.939   5.359 0.000
324.291667 325.291667   3.249   2.690 0.000
327.291667 328.291667   2.420   2.162 0.000
330.291667 331.291667   3.706   2.846 0.000
333.291667 334.291667   4.096   3.175 0.000
336.291667 337.291667   2.630   2.142 0.000
339.291667 340.291667   1.330   0.957 0.000
342.291667 343.291667   2.336   1.947 0.000
345.291667 346.291667   5.279   5.271 0.000
348.291667 349.291667   2.055   1.677 0.000
351.291667 352.291667   4.325   3.893 0.000
354.291667 355.291667   1.609   1.233 0.000
357.291667 358.291667   5.656   4.424 0.000
360.291667 361.291667   3.065   2.391 0.000
363.291667 364.291667   2.053   1.503 0.000
