scripts/IMPROVE-2019_partial/data/US2705R.19960103070000.20191216000000.filterpack...1y.3d.US03L_filterpack_US2705.US03L_IMPROVE_Davis.lev2.nas
51 1001
MISSING INFORMATION
US03L, IMPROVE, , , , , , , 
MISSING INFORMATION
IMPROVE sel_HTAP
1 1
1996 01 01 2019 12 16
0
days from file reference point
4
1 1 1 1
999.999999 999.999 999.999 9.999
end_time of measurement, days from the file reference point
pm10_mass, ug/m3, Matrix=pm10
pm25_mass, ug/m3, Matrix=pm25
numflag, no unit
0
33
Data definition:              EBAS_1.1
Set type code:                TI
Timezone:                     UTC
File name:                    US2705R.19960103070000.20191216000000.filterpack...1y.3d.US03L_filterpack_US2705.US03L_IMPROVE_Davis.lev2.nas
File creation:                20191218120357
Startdate:                    19960103070000
Revision date:                20191216000000
Version:                      2
Version description:          "Data extracted from http://views.cira.colostate.edu/fed/DataWizard 2019-12-16"
Statistics:                   arithmetic mean
Data level:                   2
Period code:                  1y
Resolution code:              3d
Sample duration:              1d
Orig. time res.:              3d
Station code:                 US2705R
Platform code:                US2705S
Station name:                 Glacier National Park-Fire Weather Station (MT05)
Station latitude:             48.5103
Station longitude:            -113.9958
Station altitude:             980.0 m
Regime:                       IMG
Component:                    
Unit:                         ug/m3
Matrix:                       
Laboratory code:              US03L
Instrument type:              filterpack
Instrument name:              filterpack_US2705
Method ref:                   US03L_IMPROVE_Davis
Blank correction:             Blank corrected
Volume std. temperature:      ambient
Volume std. pressure:         ambient
starttime endtime PM10 PM2.5 flag
  2.291667   3.291667   3.974   2.875 0.000
  5.291667   6.291667   8.283   7.300 0.000
  9.291667  10.291667   2.327   1.696 0.000
 12.291667  13.291667  16.001  13.307 0.000
 16.291667  17.291667   6.540   5.869 0.000
 19.291667  20.291667   8.671   7.825 0.000
 23.291667  24.291667   2.810   2.519 0.000
 26.291667  27.291667   6.944   5.337 0.000
 30.291667  31.291667   8.356   6.944 0.000
 33.291667  34.291667   6.944   6.129 0.000
 37.291667  38.291667   1.672   1.239 0.000
 40.291667  41.291667   3.257   1.924 0.000
 44.291667  45.291667   7.487   6.003 0.000
 47.291667  48.291667  10.719   9.336 0.000
 51.291667  52.291667   3.622   2.404 0.000
 54.291667  55.291667   4.443   3.000 0.000
 58.291667  59.291667   3.585   2.915 0.000
 61.291667  62.291667  10.039   5.825 0.000
 65.291667  66.291667   3.067   2.569 0.000
 68.291667  69.291667  13.889  11.532 0.000
 72.291667  73.291667   4.776   2.158 0.000
 75.291667  76.291667   3.726   2.873 0.000
 79.291667  80.291667  18.013  14.145 0.000
 82.291667  83.291667   7.297   5.039 0.000
 86.291667  87.291667   5.393   3.982 0.000
 89.291667  90.291667   8.777   6.819 0.000
 93.291667  94.291667   6.458   3.662 0.000
 96.291667  97.291667   7.766   4.388 0.000
100.291667 101.291667   5.998   4.830 0.000
103.291667 104.291667   5.051   3.062 0.000
107.291667 108.291667   3.227   1.823 0.000
110.291667 111.291667   5.471   4.630 0.000
114.291667 115.291667   3.216   1.389 0.000
117.291667 118.291667   2.634   1.939 0.000
121.291667 122.291667   4.201   2.829 0.000
124.291667 125.291667   4.167   3.215 0.000
128.291667 129.291667   2.115   1.504 0.000
131.291667 132.291667  12.937   8.777 0.000
135.291667 136.291667   4.037   2.525 0.000
138.291667 139.291667   3.116   1.656 0.000
142.291667 143.291667   4.975   3.725 0.000
145.291667 146.291667   9.859   3.441 0.000
149.291667 150.291667   5.073   3.257 0.000
152.291667 153.291667   8.851   5.629 0.000
156.291667 157.291667  15.679   4.069 0.000
159.291667 160.291667  12.529   7.190 0.000
163.291667 164.291667  15.165   7.945 0.000
166.291667 167.291667  15.728   6.944 0.000
170.291667 171.291667   6.639   3.128 0.000
173.291667 174.291667   3.208   1.308 0.000
177.291667 178.291667   5.723   3.011 0.000
180.291667 181.291667   9.352   3.411 0.000
184.291667 185.291667  13.929   8.327 0.000
187.291667 188.291667  14.170   3.879 0.000
191.291667 192.291667  27.741   6.088 0.000
194.291667 195.291667  21.016   7.596 0.000
198.291667 199.291667  25.768   6.313 0.000
201.291667 202.291667   8.531   2.456 0.000
205.291667 206.291667  18.839   7.736 0.000
208.291667 209.291667  17.913   7.526 0.000
212.291667 213.291667  13.538   5.512 0.000
215.291667 216.291667   6.147   3.097 0.000
219.291667 220.291667   8.071   3.920 0.000
222.291667 223.291667  17.680   7.536 0.000
226.291667 227.291667  27.626   9.741 0.000
229.291667 230.291667  20.644   6.446 0.000
233.291667 234.291667   6.242   3.266 0.000
236.291667 237.291667  16.369   9.197 0.000
240.291667 241.291667  17.884  11.717 0.000
243.291667 244.291667  23.932   5.101 0.000
247.291667 248.291667  10.986   6.508 0.000
250.291667 251.291667  18.010   3.270 0.000
254.291667 255.291667  14.864   5.028 0.000
257.291667 258.291667   9.665   3.869 0.000
261.291667 262.291667   4.149   1.655 0.000
264.291667 265.291667   7.876   2.726 0.000
268.291667 269.291667  10.999   6.061 0.000
271.291667 272.291667  23.421   9.123 0.000
275.291667 276.291667   8.984   4.102 0.000
278.291667 279.291667   8.843   4.501 0.000
282.291667 283.291667  17.495   6.752 0.000
285.291667 286.291667  12.420   4.780 0.000
289.291667 290.291667  17.870  11.867 0.000
292.291667 293.291667  18.056   4.597 0.000
296.291667 297.291667  20.088  12.079 0.000
299.291667 300.291667  12.864   9.347 0.000
303.291667 304.291667   2.130   1.337 0.000
306.291667 307.291667  19.009  10.696 0.000
310.291667 311.291667   7.174   4.587 0.000
313.291667 314.291667  15.278   6.592 0.000
317.291667 318.291667  15.499  10.893 0.000
320.291667 321.291667   3.170 999.999 0.000
324.291667 325.291667   7.047   4.344 0.000
327.291667 328.291667   8.272   5.957 0.000
331.291667 332.291667   7.192   5.438 0.000
334.291667 335.291667   5.059   2.739 0.000
338.291667 339.291667   7.297   2.207 0.000
341.291667 342.291667   3.642   2.543 0.000
345.291667 346.291667   2.333   1.430 0.000
348.291667 349.291667  14.052   7.389 0.000
352.291667 353.291667   6.015   3.803 0.000
355.291667 356.291667  10.499   2.426 0.000
359.291667 360.291667   3.498   2.195 0.000
362.291667 363.291667   4.438   3.912 0.000
