scripts/IMPROVE-2019_partial/data/US2705R.20060102070000.20191216000000.filterpack..pm25.52w.1w.US03L_filterpack_US2705.US03L_IMPROVE_Davis.lev2.nas
66 1001
MISSING INFORMATION
US03L, IMPROVE, , , , , , , 
MISSING INFORMATION
IMPROVE sel_HTAP
1 1
2006 01 01 2019 12 16
3.000000
days from file reference point
27
1 1 1 1 1 1 1 1 1 1 1 1 1 1 1 1 1 1 1 1 1 1 1 1 1 1 1
999.999999 9999.99 9.999 99.99 9.999 9.999 9.999999 9.99 9.999999 9.999 9.999999 99.999 9.999999 999.999 9.999999 99.99 9.999999 999.999 9.999 999.999 9.999 999.999 9.999 9.999 9.999 99.999 9.999999
end_time of measurement, days from the file reference point
iron, ng/m3, Revision date=20181210133000
numflag iron, no unit, Revision date=20181210133000
lead, ng/m3, Revision date=20181210133000
numflag lead, no unit, Revision date=20181210133000
magnesium, ug/m3, Revision date=20181210133000
numflag magnesium, no unit, Revision date=20181210133000
nickel, ng/m3, Revision date=20181210133000
numflag nickel, no unit, Revision date=20181210133000
nitrate, ug N/m3, Revision date=20181210133000
numflag nitrate, no unit, Revision date=20181210133000
organic_carbon, ug C/m3, Revision date=20181210133000
numflag organic_carbon, no unit, Revision date=20181210133000
organic_mass, ug/m3, Revision date=20181210133000
numflag organic_mass, no unit, Revision date=20181210133000
phosphorus, ng/m3, Revision date=20181210133000
numflag phosphorus, no unit, Revision date=20181210133000
pm10_mass, ug/m3, Version=2, Version description=Data extracted from http://views.cira.colostate.edu/fed/DataWizard 2019-12-16, Sample duration=1d, Orig. time res.=3d, Matrix=pm10, Blank correction=Blank corrected, Volume std. temperature=ambient, Volume std. pressure=ambient
numflag pm10_mass, no unit, Version=2, Version description=Data extracted from http://views.cira.colostate.edu/fed/DataWizard 2019-12-16, Sample duration=1d, Orig. time res.=3d, Matrix=pm10, Blank correction=Blank corrected, Volume std. temperature=ambient, Volume std. pressure=ambient
pm10_pm25_mass, ug/m3, Revision date=20181210133000, Matrix=pm10_pm25
numflag pm10_pm25_mass, no unit, Revision date=20181210133000, Matrix=pm10_pm25
pm25_mass, ug/m3, Version=2, Version description=Data extracted from http://views.cira.colostate.edu/fed/DataWizard 2019-12-16, Sample duration=1d, Orig. time res.=3d, Blank correction=Blank corrected, Volume std. temperature=ambient, Volume std. pressure=ambient
numflag pm25_mass, no unit, Version=2, Version description=Data extracted from http://views.cira.colostate.edu/fed/DataWizard 2019-12-16, Sample duration=1d, Orig. time res.=3d, Blank correction=Blank corrected, Volume std. temperature=ambient, Volume std. pressure=ambient
potassium, ug/m3, Revision date=20181210133000
numflag potassium, no unit, Revision date=20181210133000
sulphate_total, ug S/m3, Revision date=20181210133000
numflag sulphate_total, no unit, Revision date=20181210133000
0
25
Data definition:              EBAS_1.1
Set type code:                TU
Timezone:                     UTC
File name:                    US2705R.20060102070000.20191216000000.filterpack..pm25.52w.1w.US03L_filterpack_US2705.US03L_IMPROVE_Davis.lev2.nas
File creation:                20191218120359
Startdate:                    20060102070000
Revision date:                20191216000000
Statistics:                   arithmetic mean
Data level:                   2
Period code:                  52w
Resolution code:              1w
Station code:                 US2705R
Platform code:                US2705S
Station name:                 Glacier National Park-Fire Weather Station (MT05)
Station latitude:             48.5103
Station longitude:            -113.9958
Station altitude:             980.0 m
Regime:                       IMG
Component:                    
Matrix:                       pm25
Laboratory code:              US03L
Instrument type:              filterpack
Instrument name:              filterpack_US2705
Method ref:                   US03L_IMPROVE_Davis
starttime endtime Fe flag_Fe Pb flag_Pb Mg++ flag_Mg++ Ni flag_Ni NO3- flag_NO3- OC flag_OC OM flag_OM P flag_P PM10 flag_PM10 PM10-PM2.5 flag_PM10-PM2.5 PM2.5 flag_PM2.5 K+ flag_K+ SO4-- flag_SO4--
[from data line 77]
232.291667 233.291667  189.45 0.000  0.76 0.000 0.071 0.000000 9.99 0.259000 0.025 0.000000  4.248 0.000000   7.647 0.000000 99.99 0.259000  28.190 0.000  15.854 0.000  12.336 0.000 0.114 0.000  0.138 0.000000
235.291667 236.291667  153.62 0.000  0.86 0.000 0.032 0.000000 9.99 0.259000 0.028 0.000000  3.900 0.559000   7.019 0.559000 99.99 0.259000  23.075 0.000  11.843 0.000  11.232 0.000 0.091 0.000  0.181 0.000000
238.291667 239.291667   94.06 0.000  0.25 0.000 0.023 0.000000 9.99 0.259000 0.016 0.000000  1.963 0.000000   3.534 0.000000 99.99 0.259000  13.011 0.000   6.467 0.000   6.544 0.000 0.051 0.000  0.162 0.000000
241.291667 242.291667   59.64 0.000  0.25 0.000 9.999 0.259000 9.99 0.259000 0.042 0.000000  3.023 0.000000   5.441 0.000000 99.99 0.259000  15.251 0.000   6.907 0.000   8.343 0.000 0.092 0.000  0.171 0.000000
244.291667 245.291667  113.65 0.000  0.37 0.000 0.029 0.000000 9.99 0.259000 0.013 0.000000  1.516 0.000000   2.730 0.000000 99.99 0.259000  11.906 0.000   7.115 0.000   4.791 0.000 0.047 0.000  0.059 0.000000
247.291667 248.291667  180.31 0.000  0.55 0.000 0.032 0.000000 0.12 0.000000 0.034 0.000000  7.595 0.000000  13.671 0.000000 99.99 0.259000  33.081 0.000  14.162 0.000  18.919 0.000 0.168 0.000  0.142 0.000000
250.291667 251.291667   92.29 0.000  0.26 0.000 0.009 0.000000 9.99 0.259000 0.036 0.000000  7.787 0.559000  14.017 0.559000 99.99 0.259000  28.653 0.000   9.635 0.000  19.018 0.000 0.135 0.000  0.329 0.000000
253.291667 254.291667  160.37 0.000  0.30 0.000 0.045 0.000000 9.99 0.259000 0.019 0.000000  3.710 0.559000   6.678 0.559000 99.99 0.259000  23.586 0.000  13.587 0.000   9.998 0.000 0.092 0.000  0.106 0.000000
256.291667 257.291667   13.06 0.000  0.21 0.000 9.999 0.259000 0.15 0.000000 0.016 0.000000  1.046 0.000000   1.882 0.000000 99.99 0.259000   5.898 0.000   1.513 0.000   4.386 0.000 0.074 0.000  0.123 0.000000
259.291667 260.291667   28.65 0.000  0.33 0.000 9.999 0.259000 9.99 0.259000 0.025 0.000000  3.386 0.000000   6.096 0.000000 99.99 0.259000   4.203 0.000   1.043 0.000   3.161 0.000 0.026 0.000  0.125 0.000000
262.291667 263.291667    8.45 0.000  0.18 0.000 0.008 0.000000 9.99 0.259000 0.009 0.000000  0.664 0.000000   1.196 0.000000 99.99 0.259000   3.122 0.000   1.181 0.000   1.941 0.000 0.011 0.000  0.093 0.000000
265.291667 266.291667   60.65 0.000  0.41 0.000 0.006 0.000000 9.99 0.259000 0.013 0.000000  1.021 0.000000   1.837 0.000000 99.99 0.259000   5.443 0.000   2.099 0.000   3.345 0.000 0.022 0.000  0.185 0.000000
268.291667 269.291667   82.01 0.000  0.52 0.000 9.999 0.259000 0.10 0.000000 0.014 0.000000  1.746 0.000000   3.143 0.000000 99.99 0.259000   9.530 0.000   4.674 0.000   4.857 0.000 0.040 0.000  0.098 0.000000
271.291667 272.291667  158.01 0.000  0.78 0.000 0.019 0.000000 9.99 0.259000 0.021 0.000000  2.220 0.559000   3.996 0.559000 99.99 0.259000  14.360 0.000   7.628 0.000   6.732 0.000 0.077 0.000  0.136 0.000000
274.291667 275.291667   94.55 0.000  0.41 0.000 9.999 0.259000 0.13 0.000000 0.018 0.000000  1.598 0.000000   2.877 0.000000 99.99 0.259000  11.903 0.000   6.498 0.000   5.405 0.000 0.068 0.000  0.254 0.000000
277.291667 278.291667   82.07 0.000  0.78 0.000 9.999 0.259000 9.99 0.259000 0.020 0.000000  1.704 0.000000   3.067 0.000000 99.99 0.259000  12.030 0.000   5.898 0.000   6.132 0.000 0.088 0.000  0.322 0.000000
280.291667 281.291667   36.87 0.000  0.38 0.000 9.999 0.259000 0.14 0.000000 0.004 0.000000  0.725 0.000000   1.304 0.000000 99.99 0.259000   4.767 0.000   2.390 0.000   2.377 0.000 0.018 0.000  0.181 0.000000
283.291667 284.291667  109.84 0.000  0.54 0.000 9.999 0.259000 0.06 0.000000 0.032 0.000000  2.120 0.000000   3.816 0.000000 99.99 0.259000  13.229 0.000   6.954 0.000   6.274 0.000 0.074 0.000  0.211 0.000000
286.291667 287.291667  123.26 0.000  0.75 0.000 9.999 0.259000 0.12 0.000000 0.025 0.000000  2.794 0.000000   5.029 0.000000 99.99 0.259000 999.999 0.456 999.999 0.999   7.792 0.000 0.090 0.000  0.122 0.000000
289.291667 290.291667 9999.99 0.456 99.99 0.456 9.999 0.456000 9.99 0.456000 0.005 0.000000  0.581 0.000000   1.045 0.000000 99.99 0.456000   3.233 0.000 999.999 0.456 999.999 0.456 9.999 0.456  0.084 0.000000
292.291667 293.291667   21.18 0.000  0.25 0.000 9.999 0.259000 0.16 0.000000 0.006 0.000000  0.848 0.000000   1.527 0.000000 99.99 0.259000   2.864 0.000   1.077 0.000   1.787 0.000 0.011 0.000  0.029 0.000000
295.291667 296.291667   90.10 0.000  0.97 0.000 9.999 0.259000 0.08 0.000000 0.023 0.000000  2.662 0.000000   4.792 0.000000 99.99 0.259000   8.650 0.000   1.914 0.000   6.736 0.000 0.058 0.000  0.154 0.000000
298.291667 299.291667   16.37 0.000  0.46 0.000 9.999 0.259000 0.23 0.000000 0.112 0.000000  2.939 0.559000   5.290 0.559000 99.99 0.259000  10.290 0.000   3.066 0.000   7.224 0.000 0.062 0.000  0.142 0.000000
301.291667 302.291667   71.90 0.000  0.90 0.000 9.999 0.259000 0.10 0.000000 0.023 0.000000  2.202 0.000000   3.963 0.000000 99.99 0.259000   8.426 0.000   1.961 0.000   6.465 0.000 0.043 0.000  0.250 0.000000
304.291667 305.291667   41.38 0.000  0.83 0.000 9.999 0.259000 9.99 0.259000 0.051 0.000000  3.808 0.000000   6.854 0.000000 99.99 0.259000  10.429 0.000   1.107 0.000   9.322 0.000 0.070 0.000  0.205 0.000000
307.291667 308.291667   33.78 0.000  0.59 0.000 9.999 0.259000 9.99 0.259000 0.022 0.000000  1.187 0.000000   2.136 0.000000 99.99 0.259000   3.937 0.000   0.775 0.000   3.162 0.000 0.035 0.000  0.045 0.000000
310.291667 311.291667    2.37 0.000  0.36 0.000 9.999 0.259000 9.99 0.259000 0.002 0.000000  0.573 0.000000   1.031 0.000000  4.18 0.000000   2.453 0.000   1.406 0.000   1.047 0.000 0.017 0.000  0.009 0.000000
313.291667 314.291667   15.06 0.000  0.62 0.000 9.999 0.259000 9.99 0.259000 0.029 0.000000  1.689 0.000000   3.040 0.000000 99.99 0.259000   4.563 0.000   0.379 0.000   4.184 0.000 0.034 0.000  0.073 0.000000
316.291667 317.291667    8.10 0.000  0.81 0.000 9.999 0.259000 9.99 0.259000 0.013 0.000000  0.718 0.000000   1.293 0.000000 99.99 0.259000   3.353 0.000   0.838 0.000   2.516 0.000 0.027 0.000  0.178 0.000000
319.291667 320.291667   19.53 0.000  0.46 0.000 0.007 0.000000 9.99 0.259000 0.017 0.000000  1.147 0.000000   2.065 0.000000 99.99 0.259000   3.855 0.000   1.260 0.000   2.595 0.000 0.025 0.000  0.054 0.000000
322.291667 323.291667  104.39 0.000  0.90 0.000 9.999 0.259000 0.16 0.000000 0.045 0.000000  4.152 0.000000   7.474 0.000000 99.99 0.259000  11.912 0.000   2.611 0.000   9.301 0.000 0.069 0.000  0.183 0.000000
325.291667 326.291667    8.28 0.000  0.14 0.000 9.999 0.259000 0.12 0.000000 0.013 0.000000  0.654 0.000000   1.178 0.000000 99.99 0.259000   1.907 0.000   0.439 0.000   1.468 0.000 0.008 0.000  0.035 0.000000
328.291667 329.291667    6.45 0.000  0.48 0.000 9.999 0.259000 9.99 0.259000 0.195 0.000000  0.825 0.559000   1.486 0.559000 99.99 0.259000   6.005 0.000   1.705 0.000   4.300 0.000 0.025 0.000  0.306 0.000000
331.291667 332.291667    4.14 0.000  0.30 0.000 9.999 0.259000 9.99 0.259000 0.114 0.000000  0.431 0.000000   0.775 0.000000 99.99 0.259000   2.916 0.000   0.352 0.000   2.564 0.000 0.019 0.000  0.191 0.000000
334.291667 335.291667    4.44 0.000  0.44 0.000 9.999 0.259000 9.99 0.259000 0.082 0.000000  1.337 0.000000   2.406 0.000000 99.99 0.259000   3.724 0.000   0.406 0.000   3.318 0.000 0.035 0.000  0.154 0.000000
337.291667 338.291667   14.87 0.000  0.60 0.000 9.999 0.259000 0.12 0.000000 0.230 0.000000  2.328 0.559000   4.190 0.559000 99.99 0.259000   7.496 0.000   0.606 0.000   6.891 0.000 0.057 0.000  0.151 0.000000
340.291667 341.291667   91.98 0.000  0.51 0.000 9.999 0.259000 0.27 0.000000 0.059 0.000000  1.527 0.000000   2.748 0.000000 99.99 0.259000   4.449 0.000   0.739 0.000   3.711 0.000 0.023 0.000  0.187 0.000000
343.291667 344.291667   52.74 0.000  0.71 0.000 9.999 0.259000 0.18 0.000000 0.326 0.000000  2.356 0.000000   4.241 0.000000 99.99 0.259000   9.652 0.000   0.920 0.000   8.732 0.000 0.087 0.000  0.468 0.000000
346.291667 347.291667   11.01 0.000  0.27 0.000 9.999 0.259000 9.99 0.259000 0.016 0.000000  0.553 0.000000   0.995 0.000000 99.99 0.259000   1.572 0.000   0.558 0.000   1.014 0.000 0.016 0.000  0.049 0.000000
349.291667 350.291667   14.50 0.000  0.65 0.000 9.999 0.259000 9.99 0.259000 0.012 0.000000  0.685 0.000000   1.232 0.000000 99.99 0.259000   2.126 0.000   0.878 0.000   1.248 0.000 0.017 0.000  0.034 0.000000
352.291667 353.291667   55.31 0.000  0.69 0.000 9.999 0.259000 0.17 0.000000 0.158 0.000000  3.111 0.000000   5.600 0.000000 99.99 0.259000   9.795 0.000   2.675 0.000   7.120 0.000 0.080 0.000  0.161 0.000000
355.291667 356.291667   66.52 0.000  0.71 0.000 9.999 0.259000 9.99 0.259000 0.454 0.000000  3.415 0.000000   6.146 0.000000 99.99 0.259000  12.457 0.000   1.931 0.000  10.526 0.000 0.068 0.000  0.229 0.000000
358.291667 359.291667   14.92 0.000  0.22 0.000 9.999 0.259000 9.99 0.259000 0.014 0.000000  1.047 0.000000   1.884 0.000000 99.99 0.259000   2.168 0.000   0.259 0.000   1.910 0.000 0.009 0.000  0.035 0.000000
361.291667 362.291667    3.38 0.000  0.11 0.000 9.999 0.259000 0.18 0.000000 0.010 0.000000  0.259 0.559000   0.466 0.559000 99.99 0.259000   1.416 0.000   0.205 0.000   1.211 0.000 0.006 0.000  0.117 0.000000
364.291667 365.291667    4.75 0.000  0.69 0.000 9.999 0.259000 0.11 0.000000 0.046 0.000000  0.867 0.559000   1.561 0.559000 99.99 0.259000   3.346 0.000   0.299 0.000   3.046 0.000 0.066 0.000  0.224 0.000000
