scripts/IMPROVE-2019_partial/data/US2705R.19880302070000.20191216000000.filterpack...10mo.3d.US03L_filterpack_US2705.US03L_IMPROVE_Davis.lev2.nas
51 1001
MISSING INFORMATION
US03L, IMPROVE, , , , , , , 
MISSING INFORMATION
IMPROVE sel_HTAP
1 1
1988 01 01 2019 12 16
0
days from file reference point
4
1 1 1 1
999.999999 999.999 999.999 9.999
end_time of measurement, days from the file reference point
pm10_mass, ug/m3, Matrix=pm10
pm25_mass, ug/m3, Matrix=pm25
numflag, no unit
0
33
Data definition:              EBAS_1.1
Set type code:                TI
Timezone:                     UTC
File name:                    US2705R.19880302070000.20191216000000.filterpack...10mo.3d.US03L_filterpack_US2705.US03L_IMPROVE_Davis.lev2.nas
File creation:                20191218120356
Startdate:                    19880302070000
Revision date:                20191216000000
Version:                      2
Version description:          "Data extracted from http://views.cira.colostate.edu/fed/DataWizard 2019-12-16"
Statistics:                   arithmetic mean
Data level:                   2
Period code:                  10mo
Resolution code:              3d
Sample duration:              1d
Orig. time res.:              3d
Station code:                 US2705R
Platform code:                US2705S
Station name:                 Glacier National Park-Fire Weather Station (MT05)
Station latitude:             48.5103
Station longitude:            -113.9958
Station altitude:             980.0 m
Regime:                       IMG
Component:                    
Unit:                         ug/m3
Matrix:                       
Laboratory code:              US03L
Instrument type:              filterpack
Instrument name:              filterpack_US2705
Method ref:                   US03L_IMPROVE_Davis
Blank correction:             Blank corrected
Volume std. temperature:      ambient
Volume std. pressure:         ambient
starttime endtime PM10 PM2.5 flag
 61.291667  62.291667  10.150 999.999 0.000
 64.291667  65.291667 999.999 999.999 0.999
 68.291667  69.291667   4.474   1.947 0.000
 71.291667  72.291667   7.180   4.570 0.000
 75.291667  76.291667   9.476   5.490 0.000
 78.291667  79.291667  11.198   7.185 0.000
 82.291667  83.291667   4.559   3.980 0.000
 85.291667  86.291667   6.981   1.118 0.000
 89.291667  90.291667   5.865   3.876 0.000
 92.291667  93.291667   5.789   3.300 0.000
 96.291667  97.291667   2.509   1.929 0.000
 99.291667 100.291667   6.182   3.558 0.000
103.291667 104.291667 999.999   6.820 0.000
106.291667 107.291667 999.999   8.954 0.000
110.291667 111.291667  13.725   6.490 0.000
113.291667 114.291667   9.035   5.691 0.000
117.291667 118.291667   9.213   6.811 0.000
120.291667 121.291667   3.819   1.225 0.000
124.291667 125.291667   3.273   2.516 0.000
127.291667 128.291667  13.469   7.697 0.000
131.291667 132.291667  14.098   5.645 0.000
134.291667 135.291667   9.037   2.387 0.000
138.291667 139.291667   6.592   3.269 0.000
141.291667 142.291667  10.674   5.566 0.000
145.291667 146.291667 999.999   3.267 0.000
148.291667 149.291667  10.417   5.446 0.000
152.291667 153.291667   6.196   3.981 0.000
155.291667 156.291667   7.464   3.726 0.000
159.291667 160.291667 999.999 999.999 0.999
162.291667 163.291667 999.999 999.999 0.999
166.291667 167.291667  17.774   7.215 0.000
169.291667 170.291667  13.074   6.688 0.000
173.291667 174.291667  25.756   8.799 0.000
176.291667 177.291667  14.760   6.129 0.000
180.291667 181.291667   7.917   4.839 0.000
183.291667 184.291667  13.902   5.534 0.000
187.291667 188.291667   8.068   3.355 0.000
190.291667 191.291667  15.597   7.756 0.000
194.291667 195.291667   6.968   3.303 0.000
197.291667 198.291667  10.949   4.802 0.000
201.291667 202.291667  18.618 999.999 0.000
204.291667 205.291667  30.255   7.590 0.000
208.291667 209.291667  27.435   9.000 0.000
211.291667 212.291667  35.167   8.922 0.000
215.291667 216.291667  19.262   4.209 0.000
218.291667 219.291667  14.244   5.706 0.000
222.291667 223.291667  24.502  10.270 0.000
225.291667 226.291667  29.483  11.309 0.000
229.291667 230.291667  18.030   6.046 0.000
232.291667 233.291667  10.325   4.786 0.000
236.291667 237.291667  16.844   5.248 0.000
239.291667 240.291667  16.274   8.237 0.000
243.291667 244.291667 999.999 999.999 0.999
246.291667 247.291667  24.567   9.966 0.000
250.291667 251.291667 999.999 999.999 0.999
253.291667 254.291667 999.999 999.999 0.999
257.291667 258.291667  20.228  10.515 0.000
260.291667 261.291667 999.999 999.999 0.999
264.291667 265.291667   6.640   4.419 0.000
267.291667 268.291667   8.640   3.880 0.000
271.291667 272.291667  10.560   4.831 0.000
274.291667 275.291667  13.130   8.723 0.000
278.291667 279.291667  11.680   7.893 0.000
281.291667 282.291667 999.999 999.999 0.999
285.291667 286.291667 999.999 999.999 0.999
288.291667 289.291667 999.999 999.999 0.999
292.291667 293.291667  20.403  13.099 0.000
295.291667 296.291667 999.999 999.999 0.999
299.291667 300.291667 999.999 999.999 0.999
302.291667 303.291667  13.028   8.520 0.000
306.291667 307.291667   5.061   3.188 0.000
309.291667 310.291667 999.999 999.999 0.999
313.291667 314.291667 999.999 999.999 0.999
316.291667 317.291667   4.590   3.725 0.000
320.291667 321.291667   9.429   6.319 0.000
323.291667 324.291667   5.755   3.912 0.000
327.291667 328.291667   2.195   1.570 0.000
330.291667 331.291667   9.919   7.361 0.000
334.291667 335.291667   9.797   8.380 0.000
337.291667 338.291667 999.999 999.999 0.999
341.291667 342.291667   3.592   2.682 0.000
344.291667 345.291667   8.750   7.483 0.000
348.291667 349.291667   2.780   1.747 0.000
351.291667 352.291667   8.838   6.759 0.000
355.291667 356.291667   7.251   6.438 0.000
358.291667 359.291667   4.440   3.562 0.000
362.291667 363.291667  10.283   8.507 0.000
365.291667 366.291667   7.692   4.570 0.000
