scripts/IMPROVE-2019_partial/data/US2705R.19970101070000.20191216000000.filterpack...1y.3d.US03L_filterpack_US2705.US03L_IMPROVE_Davis.lev2.nas
51 1001
MISSING INFORMATION
US03L, IMPROVE, , , , , , , 
MISSING INFORMATION
IMPROVE sel_HTAP
1 1
1997 01 01 2019 12 16
0
days from file reference point
4
1 1 1 1
999.999999 999.999 999.999 9.999
end_time of measurement, days from the file reference point
pm10_mass, ug/m3, Matrix=pm10
pm25_mass, ug/m3, Matrix=pm25
numflag, no unit
0
33
Data definition:              EBAS_1.1
Set type code:                TI
Timezone:                     UTC
File name:                    US2705R.19970101070000.20191216000000.filterpack...1y.3d.US03L_filterpack_US2705.US03L_IMPROVE_Davis.lev2.nas
File creation:                20191218120357
Startdate:                    19970101070000
Revision date:                20191216000000
Version:                      2
Version description:          "Data extracted from http://views.cira.colostate.edu/fed/DataWizard 2019-12-16"
Statistics:                   arithmetic mean
Data level:                   2
Period code:                  1y
Resolution code:              3d
Sample duration:              1d
Orig. time res.:              3d
Station code:                 US2705R
Platform code:                US2705S
Station name:                 Glacier National Park-Fire Weather Station (MT05)
Station latitude:             48.5103
Station longitude:            -113.9958
Station altitude:             980.0 m
Regime:                       IMG
Component:                    
Unit:                         ug/m3
Matrix:                       
Laboratory code:              US03L
Instrument type:              filterpack
Instrument name:              filterpack_US2705
Method ref:                   US03L_IMPROVE_Davis
Blank correction:             Blank corrected
Volume std. temperature:      ambient
Volume std. pressure:         ambient
starttime endtime PM10 PM2.5 flag
  0.291667   1.291667   3.546   0.779 0.000
  3.291667   4.291667   4.777   2.109 0.000
  7.291667   8.291667  15.821   3.325 0.000
 10.291667  11.291667   8.145   1.598 0.000
 14.291667  15.291667   7.356   4.264 0.000
 17.291667  18.291667  15.123  11.293 0.000
 21.291667  22.291667   9.069 999.999 0.000
 24.291667  25.291667  14.040   2.905 0.000
 28.291667  29.291667  22.532  13.985 0.000
 31.291667  32.291667  10.052   3.104 0.000
 35.291667  36.291667   7.427   5.042 0.000
 38.291667  39.291667  10.745   7.702 0.000
 42.291667  43.291667  22.165   3.890 0.000
 45.291667  46.291667   3.035   1.929 0.000
 49.291667  50.291667   4.028   1.550 0.000
 52.291667  53.291667  14.791   2.888 0.000
 56.291667  57.291667   3.426   2.564 0.000
 59.291667  60.291667  11.667   4.219 0.000
 63.291667  64.291667   9.195   9.683 0.000
 66.291667  67.291667  12.787   2.293 0.000
 70.291667  71.291667   7.559   5.342 0.000
 73.291667  74.291667  12.519   5.056 0.000
 77.291667  78.291667   4.897   4.109 0.000
 80.291667  81.291667   7.835   3.647 0.000
 84.291667  85.291667  11.865   3.058 0.000
 87.291667  88.291667 999.999 999.999 0.999
 91.291667  92.291667  15.384   4.575 0.000
 94.291667  95.291667  11.574   4.029 0.000
 98.291667  99.291667   8.146   5.056 0.000
101.291667 102.291667  10.506   5.491 0.000
105.291667 106.291667   5.859   6.068 0.000
108.291667 109.291667   8.333   6.129 0.000
112.291667 113.291667   5.197   3.392 0.000
115.291667 116.291667  11.111   6.032 0.000
119.291667 120.291667   5.794   5.755 0.000
122.291667 123.291667   6.192   3.982 0.000
126.291667 127.291667   3.048   1.204 0.000
129.291667 130.291667  11.813   9.022 0.000
133.291667 134.291667  17.863   8.049 0.000
136.291667 137.291667  13.460   6.881 0.000
140.291667 141.291667  11.976 999.999 0.000
143.291667 144.291667   2.079   1.300 0.000
147.291667 148.291667   4.710   4.017 0.000
150.291667 151.291667   8.981   2.842 0.000
154.291667 155.291667   8.720   4.995 0.000
157.291667 158.291667  11.395   4.252 0.000
161.291667 162.291667   7.587   6.033 0.000
164.291667 165.291667   9.915   5.952 0.000
168.291667 169.291667  10.296   2.702 0.000
171.291667 172.291667   6.621   4.009 0.000
175.291667 176.291667   9.514   3.215 0.000
178.291667 179.291667  11.681   5.610 0.000
182.291667 183.291667   5.054   2.449 0.000
185.291667 186.291667  11.883   5.881 0.000
189.291667 190.291667   4.363   2.876 0.000
192.291667 193.291667  10.435   3.100 0.000
196.291667 197.291667  23.197   6.427 0.000
199.291667 200.291667 999.999   5.482 0.000
203.291667 204.291667  21.340   7.250 0.000
206.291667 207.291667  24.138   6.373 0.000
210.291667 211.291667  11.458   4.893 0.000
213.291667 214.291667   8.294   7.861 0.000
217.291667 218.291667  18.982   5.930 0.000
220.291667 221.291667   3.646 999.999 0.000
224.291667 225.291667  22.319   6.319 0.000
227.291667 228.291667  10.397   3.097 0.000
231.291667 232.291667  13.806   6.944 0.000
234.291667 235.291667  22.640   5.916 0.000
238.291667 239.291667  11.915   4.216 0.000
241.291667 242.291667   7.693   3.689 0.000
245.291667 246.291667   9.008   7.518 0.000
248.291667 249.291667   8.411   6.441 0.000
252.291667 253.291667  46.007  10.400 0.000
255.291667 256.291667   7.888   4.697 0.000
259.291667 260.291667   3.716   2.014 0.000
262.291667 263.291667   8.108   3.307 0.000
266.291667 267.291667  13.926   7.005 0.000
269.291667 270.291667   4.854   1.570 0.000
273.291667 274.291667  14.827   6.092 0.000
276.291667 277.291667  11.374   2.346 0.000
280.291667 281.291667  10.827   5.291 0.000
283.291667 284.291667   7.841   3.848 0.000
287.291667 288.291667  13.661   9.167 0.000
290.291667 291.291667   9.525   5.900 0.000
294.291667 295.291667  19.702  14.290 0.000
297.291667 298.291667  10.222   8.720 0.000
301.291667 302.291667   7.793   3.518 0.000
304.291667 305.291667  10.108   3.365 0.000
308.291667 309.291667  11.259   8.276 0.000
311.291667 312.291667   2.544   1.547 0.000
315.291667 316.291667  14.252   7.567 0.000
318.291667 319.291667   7.833   4.211 0.000
322.291667 323.291667   8.226   7.256 0.000
325.291667 326.291667   5.580   4.235 0.000
329.291667 330.291667   5.674   4.965 0.000
332.291667 333.291667   5.293   3.642 0.000
336.291667 337.291667  10.895   4.285 0.000
339.291667 340.291667   4.824   3.691 0.000
343.291667 344.291667   4.683   3.351 0.000
346.291667 347.291667  12.172  10.161 0.000
350.291667 351.291667   1.931   0.957 0.000
353.291667 354.291667   3.899   3.425 0.000
357.291667 358.291667   3.780   3.210 0.000
360.291667 361.291667   2.301   1.713 0.000
364.291667 365.291667   3.922   3.411 0.000
