scripts/IMPROVE-2019_partial/data/US2705R.20000101070000.20191216000000.filterpack..pm25.52w.1w.US03L_filterpack_US2705.US03L_IMPROVE_Davis.lev2.nas
64 1001
MISSING INFORMATION
US03L, IMPROVE, , , , , , , 
MISSING INFORMATION
IMPROVE sel_HTAP
1 1
2000 01 01 2019 12 16
0
days from file reference point
25
1 1 1 1 1 1 1 1 1 1 1 1 1 1 1 1 1 1 1 1 1 1 1 1 1
999.999999 99999.99 9.999 99.99 9.999999 9.999 9.999999 9.99 9.999999 9.999 9.999 999.999 9.999 999.999 9.999 999.999 9.999 999.999 9.999 999.999 9.999 9.999 9.999 9.999 9.999
end_time of measurement, days from the file reference point
iron, ng/m3, Revision date=20181210133000
numflag iron, no unit, Revision date=20181210133000
lead, ng/m3, Revision date=20181210133000
numflag lead, no unit, Revision date=20181210133000
magnesium, ug/m3, Revision date=20181210133000
numflag magnesium, no unit, Revision date=20181210133000
nickel, ng/m3, Revision date=20181210133000
numflag nickel, no unit, Revision date=20181210133000
nitrate, ug N/m3, Revision date=20181210133000
numflag nitrate, no unit, Revision date=20181210133000
organic_carbon, ug C/m3, Revision date=20181210133000
numflag organic_carbon, no unit, Revision date=20181210133000
organic_mass, ug/m3, Revision date=20181210133000
numflag organic_mass, no unit, Revision date=20181210133000
pm10_mass, ug/m3, Version=2, Version description=Data extracted from http://views.cira.colostate.edu/fed/DataWizard 2019-12-16, Sample duration=1d, Orig. time res.=3d, Matrix=pm10, Blank correction=Blank corrected, Volume std. temperature=ambient, Volume std. pressure=ambient
numflag pm10_mass, no unit, Version=2, Version description=Data extracted from http://views.cira.colostate.edu/fed/DataWizard 2019-12-16, Sample duration=1d, Orig. time res.=3d, Matrix=pm10, Blank correction=Blank corrected, Volume std. temperature=ambient, Volume std. pressure=ambient
pm10_pm25_mass, ug/m3, Revision date=20181210133000, Matrix=pm10_pm25
numflag pm10_pm25_mass, no unit, Revision date=20181210133000, Matrix=pm10_pm25
pm25_mass, ug/m3, Version=2, Version description=Data extracted from http://views.cira.colostate.edu/fed/DataWizard 2019-12-16, Sample duration=1d, Orig. time res.=3d, Blank correction=Blank corrected, Volume std. temperature=ambient, Volume std. pressure=ambient
numflag pm25_mass, no unit, Version=2, Version description=Data extracted from http://views.cira.colostate.edu/fed/DataWizard 2019-12-16, Sample duration=1d, Orig. time res.=3d, Blank correction=Blank corrected, Volume std. temperature=ambient, Volume std. pressure=ambient
potassium, ug/m3, Revision date=20181210133000
numflag potassium, no unit, Revision date=20181210133000
sulphate_total, ug S/m3, Revision date=20181210133000
numflag sulphate_total, no unit, Revision date=20181210133000
0
25
Data definition:              EBAS_1.1
Set type code:                TI
Timezone:                     UTC
File name:                    US2705R.20000101070000.20191216000000.filterpack..pm25.52w.1w.US03L_filterpack_US2705.US03L_IMPROVE_Davis.lev2.nas
File creation:                20191218120357
Startdate:                    20000101070000
Revision date:                20191216000000
Statistics:                   arithmetic mean
Data level:                   2
Period code:                  52w
Resolution code:              1w
Station code:                 US2705R
Platform code:                US2705S
Station name:                 Glacier National Park-Fire Weather Station (MT05)
Station latitude:             48.5103
Station longitude:            -113.9958
Station altitude:             980.0 m
Regime:                       IMG
Component:                    
Matrix:                       pm25
Laboratory code:              US03L
Instrument type:              filterpack
Instrument name:              filterpack_US2705
Method ref:                   US03L_IMPROVE_Davis
starttime endtime Fe flag_Fe Pb flag_Pb Mg++ flag_Mg++ Ni flag_Ni NO3- flag_NO3- OC flag_OC OM flag_OM PM10 flag_PM10 PM10-PM2.5 flag_PM10-PM2.5 PM2.5 flag_PM2.5 K+ flag_K+ SO4-- flag_SO4--
[from data line 86]
294.291667 295.291667    10.39 0.000  1.22 0.000000 9.999 0.259000 9.99 0.259000 0.015 0.559   0.911 0.000   1.275 0.000   2.879 0.000   1.000 0.000   1.879 0.000 0.027 0.000 0.087 0.559
297.291667 298.291667   149.52 0.559  0.85 0.559000 9.999 0.559259 9.99 0.559259 0.038 0.000   3.260 0.000   4.564 0.000   8.575 0.000   1.518 0.000   7.057 0.559 0.040 0.559 0.116 0.000
300.291667 301.291667    78.10 0.559  0.48 0.559000 9.999 0.559259 9.99 0.559259 0.054 0.559   2.382 0.000   3.335 0.000   9.466 0.000   2.357 0.000   7.109 0.559 0.133 0.559 0.321 0.559
303.291667 304.291667    32.39 0.559  0.86 0.559000 9.999 0.559259 9.99 0.559259 0.032 0.000   1.634 0.000   2.288 0.000   4.423 0.000   0.852 0.000   3.571 0.559 0.024 0.559 0.109 0.000
306.291667 307.291667    48.85 0.000  1.24 0.000000 9.999 0.259000 9.99 0.259000 0.096 0.559   4.682 0.000   6.555 0.000  11.037 0.000   1.052 0.000   9.985 0.000 0.066 0.000 0.201 0.559
309.291667 310.291667    14.42 0.559 99.99 0.559259 9.999 0.559259 9.99 0.559259 0.014 0.000   0.521 0.000   0.730 0.000   2.191 0.000   0.901 0.000   1.290 0.559 0.025 0.559 0.119 0.000
312.291667 313.291667    22.42 0.559  0.62 0.559000 9.999 0.559259 9.99 0.559259 0.209 0.559   3.920 0.000   5.489 0.000  10.779 0.000   1.248 0.000   9.531 0.559 0.066 0.559 0.322 0.559
315.291667 316.291667    56.72 0.559  1.15 0.559000 9.999 0.559259 9.99 0.559259 0.255 0.000   4.739 0.000   6.635 0.000  14.536 0.000   2.417 0.000  12.119 0.559 0.060 0.559 0.522 0.000
318.291667 319.291667    44.68 0.559  0.79 0.559000 9.999 0.559259 9.99 0.559259 0.173 0.000   8.222 0.000  11.511 0.000  22.077 0.000   3.418 0.000  18.659 0.559 0.085 0.559 0.572 0.000
321.291667 322.291667 99999.99 0.699 99.99 0.699000 9.999 0.699000 9.99 0.699000 0.222 0.000   4.156 0.000   5.818 0.000  13.074 0.000 999.999 0.999 999.999 0.699 9.999 0.699 0.370 0.000
324.291667 325.291667    59.57 0.559  0.60 0.559000 9.999 0.559259 9.99 0.559259 0.143 0.000   3.772 0.000   5.281 0.000  11.488 0.000   2.384 0.000   9.104 0.559 0.060 0.559 0.326 0.000
327.291667 328.291667    28.92 0.559  0.76 0.559000 9.999 0.559259 9.99 0.559259 0.275 0.000   3.520 0.000   4.928 0.000  14.532 0.000   2.803 0.000  11.729 0.559 0.067 0.559 0.709 0.000
330.291667 331.291667    19.97 0.000  0.29 0.000000 9.999 0.259000 9.99 0.259000 0.051 0.000   1.604 0.000   2.246 0.000   3.877 0.000   0.421 0.000   3.456 0.000 0.038 0.000 0.118 0.000
333.291667 334.291667     9.03 0.559  0.43 0.559000 9.999 0.559259 9.99 0.559259 0.046 0.000   2.660 0.000   3.723 0.000   5.739 0.000   0.655 0.000   5.084 0.559 0.025 0.559 0.079 0.000
336.291667 337.291667    10.57 0.000  1.15 0.000000 9.999 0.259000 9.99 0.259000 0.235 0.000   2.770 0.000   3.878 0.000   7.802 0.000   0.825 0.000   6.976 0.000 0.035 0.000 0.268 0.000
339.291667 340.291667    15.38 0.559  0.44 0.559000 9.999 0.559259 0.15 0.559000 0.226 0.000   2.523 0.000   3.532 0.000   7.984 0.000   0.832 0.000   7.152 0.559 0.032 0.559 0.329 0.000
342.291667 343.291667    28.82 0.559  1.05 0.559000 9.999 0.559259 9.99 0.559259 0.650 0.000   3.250 0.000   4.549 0.000  13.675 0.000   0.949 0.000  12.726 0.559 0.061 0.559 0.535 0.000
345.291667 346.291667    11.44 0.559  0.47 0.559000 9.999 0.559259 9.99 0.559259 0.119 0.000   0.818 0.000   1.145 0.000   3.325 0.000   0.162 0.000   3.163 0.559 0.020 0.559 0.282 0.000
348.291667 349.291667    14.77 0.000  0.58 0.000000 9.999 0.259000 9.99 0.259000 0.155 0.000   2.330 0.000   3.262 0.000   6.531 0.000   0.203 0.000   6.328 0.000 0.059 0.000 0.291 0.000
351.291667 352.291667     3.19 0.000  0.25 0.000000 9.999 0.259000 9.99 0.259000 0.038 0.000   0.734 0.000   1.027 0.000   1.695 0.000   0.287 0.000   1.408 0.000 0.016 0.000 0.107 0.000
354.291667 355.291667    43.99 0.559  0.62 0.559000 9.999 0.559259 9.99 0.559259 0.029 0.000   1.694 0.000   2.372 0.000   3.598 0.000   0.612 0.000   2.986 0.559 0.017 0.559 0.084 0.000
357.291667 358.291667     7.67 0.000  0.59 0.000000 9.999 0.259000 0.31 0.000000 0.138 0.000   2.543 0.000   3.561 0.000   6.601 0.000   0.750 0.000   5.851 0.000 0.035 0.000 0.187 0.000
360.291667 361.291667    21.58 0.000  0.45 0.000000 9.999 0.259000 0.27 0.000000 0.134 0.000 999.999 0.999 999.999 0.999 999.999 0.456 999.999 0.999   4.463 0.000 0.029 0.000 0.170 0.000
363.291667 364.291667    44.73 0.559  0.96 0.559000 9.999 0.559259 9.99 0.559259 0.040 0.000   1.722 0.000   2.411 0.000   4.844 0.000   0.524 0.000   4.319 0.559 0.020 0.559 0.215 0.000
