scripts/IMPROVE-2019_partial/data/US2705R.20000101070000.20191216000000.filterpack..pm25.52w.1w.US03L_filterpack_US2705.US03L_IMPROVE_Davis.lev2.nas
64 1001
MISSING INFORMATION
US03L, IMPROVE, , , , , , , 
MISSING INFORMATION
IMPROVE sel_HTAP
1 1
2000 01 01 2019 12 16
0
days from file reference point
25
1 1 1 1 1 1 1 1 1 1 1 1 1 1 1 1 1 1 1 1 1 1 1 1 1
999.999999 99999.99 9.999 99.99 9.999999 9.999 9.999999 9.99 9.999999 9.999 9.999 999.999 9.999 999.999 9.999 999.999 9.999 999.999 9.999 999.999 9.999 9.999 9.999 9.999 9.999
end_time of measurement, days from the file reference point
iron, ng/m3, Revision date=20181210133000
numflag iron, no unit, Revision date=20181210133000
lead, ng/m3, Revision date=20181210133000
numflag lead, no unit, Revision date=20181210133000
magnesium, ug/m3, Revision date=20181210133000
numflag magnesium, no unit, Revision date=20181210133000
nickel, ng/m3, Revision date=20181210133000
numflag nickel, no unit, Revision date=20181210133000
nitrate, ug N/m3, Revision date=20181210133000
numflag nitrate, no unit, Revision date=20181210133000
organic_carbon, ug C/m3, Revision date=20181210133000
numflag organic_carbon, no unit, Revision date=20181210133000
organic_mass, ug/m3, Revision date=20181210133000
numflag organic_mass, no unit, Revision date=20181210133000
pm10_mass, ug/m3, Version=2, Version description=Data extracted from http://views.cira.colostate.edu/fed/DataWizard 2019-12-16, Sample duration=1d, Orig. time res.=3d, Matrix=pm10, Blank correction=Blank corrected, Volume std. temperature=ambient, Volume std. pressure=ambient
numflag pm10_mass, no unit, Version=2, Version description=Data extracted from http://views.cira.colostate.edu/fed/DataWizard 2019-12-16, Sample duration=1d, Orig. time res.=3d, Matrix=pm10, Blank correction=Blank corrected, Volume std. temperature=ambient, Volume std. pressure=ambient
pm10_pm25_mass, ug/m3, Revision date=20181210133000, Matrix=pm10_pm25
numflag pm10_pm25_mass, no unit, Revision date=20181210133000, Matrix=pm10_pm25
pm25_mass, ug/m3, Version=2, Version description=Data extracted from http://views.cira.colostate.edu/fed/DataWizard 2019-12-16, Sample duration=1d, Orig. time res.=3d, Blank correction=Blank corrected, Volume std. temperature=ambient, Volume std. pressure=ambient
numflag pm25_mass, no unit, Version=2, Version description=Data extracted from http://views.cira.colostate.edu/fed/DataWizard 2019-12-16, Sample duration=1d, Orig. time res.=3d, Blank correction=Blank corrected, Volume std. temperature=ambient, Volume std. pressure=ambient
potassium, ug/m3, Revision date=20181210133000
numflag potassium, no unit, Revision date=20181210133000
sulphate_total, ug S/m3, Revision date=20181210133000
numflag sulphate_total, no unit, Revision date=20181210133000
0
25
Data definition:              EBAS_1.1
Set type code:                TI
Timezone:                     UTC
File name:                    US2705R.20000101070000.20191216000000.filterpack..pm25.52w.1w.US03L_filterpack_US2705.US03L_IMPROVE_Davis.lev2.nas
File creation:                20191218120357
Startdate:                    20000101070000
Revision date:                20191216000000
Statistics:                   arithmetic mean
Data level:                   2
Period code:                  52w
Resolution code:              1w
Station code:                 US2705R
Platform code:                US2705S
Station name:                 Glacier National Park-Fire Weather Station (MT05)
Station latitude:             48.5103
Station longitude:            -113.9958
Station altitude:             980.0 m
Regime:                       IMG
Component:                    
Matrix:                       pm25
Laboratory code:              US03L
Instrument type:              filterpack
Instrument name:              filterpack_US2705
Method ref:                   US03L_IMPROVE_Davis
starttime endtime Fe flag_Fe Pb flag_Pb Mg++ flag_Mg++ Ni flag_Ni NO3- flag_NO3- OC flag_OC OM flag_OM PM10 flag_PM10 PM10-PM2.5 flag_PM10-PM2.5 PM2.5 flag_PM2.5 K+ flag_K+ SO4-- flag_SO4--
  0.291667   1.291667     3.18 0.559  0.74 0.559000 9.999 0.559259 9.99 0.559259 0.024 0.699   0.738 0.000   1.033 0.000   1.554 0.559   0.073 0.000   1.481 0.559 0.025 0.559 0.057 0.699
  4.291667   5.291667     3.47 0.559  0.21 0.559000 9.999 0.559259 9.99 0.559259 0.011 0.699   0.518 0.000   0.726 0.000   3.130 0.559   1.368 0.000   1.761 0.559 0.010 0.559 0.058 0.699
  7.291667   8.291667     5.94 0.559  0.48 0.559000 9.999 0.559259 9.99 0.559259 0.007 0.699   0.362 0.000   0.507 0.000   2.250 0.559   1.335 0.000   0.915 0.559 0.012 0.559 0.036 0.699
 11.291667  12.291667     4.26 0.559  0.18 0.559000 9.999 0.559259 9.99 0.559259 0.025 0.699   0.735 0.000   1.029 0.000   2.298 0.559   0.889 0.000   1.409 0.559 0.013 0.559 0.062 0.699
 14.291667  15.291667     3.08 0.559  0.15 0.559000 9.999 0.559259 9.99 0.559259 0.014 0.699   0.213 0.000   0.298 0.000   1.699 0.559   0.220 0.000   1.478 0.559 0.009 0.559 0.033 0.699
 18.291667  19.291667    39.29 0.559  0.64 0.559000 9.999 0.559259 9.99 0.559259 0.042 0.699   1.731 0.000   2.424 0.000   6.691 0.559   2.197 0.000   4.494 0.559 0.030 0.559 0.141 0.699
 21.291667  22.291667    21.15 0.559  0.84 0.559000 9.999 0.559259 9.99 0.559259 0.197 0.559   1.726 0.000   2.416 0.000   6.539 0.559   1.297 0.000   5.242 0.559 0.040 0.559 0.154 0.559
 25.291667  26.291667    10.16 0.559  0.60 0.559000 9.999 0.559259 0.84 0.559000 0.378 0.699   2.911 0.000   4.076 0.000  13.790 0.559   3.339 0.000  10.451 0.559 0.080 0.559 0.399 0.699
 28.291667  29.291667    18.86 0.559  0.77 0.559000 9.999 0.559259 9.99 0.559259 0.050 0.699   1.573 0.000   2.202 0.000  11.557 0.559   6.676 0.000   4.882 0.559 0.031 0.559 0.363 0.699
 32.291667  33.291667    19.88 0.559  0.14 0.559000 9.999 0.559259 9.99 0.559259 0.012 0.699   0.816 0.000   1.142 0.000   1.929 0.559   0.209 0.000   1.720 0.559 0.018 0.559 0.038 0.699
 35.291667  36.291667    14.48 0.559  0.47 0.559000 9.999 0.559259 9.99 0.559259 0.024 0.699   1.125 0.000   1.575 0.000   4.533 0.559   1.689 0.000   2.844 0.559 0.020 0.559 0.116 0.699
 39.291667  40.291667    24.41 0.559  0.23 0.559000 9.999 0.559259 9.99 0.559259 0.037 0.559   1.176 0.000   1.646 0.000   4.856 0.559   1.600 0.000   3.256 0.559 0.025 0.559 0.120 0.559
 42.291667  43.291667    13.67 0.559  1.03 0.559000 9.999 0.559259 9.99 0.559259 0.083 0.699   2.274 0.000   3.183 0.000   7.527 0.559   2.111 0.000   5.416 0.559 0.043 0.559 0.466 0.699
 46.291667  47.291667    12.27 0.559  0.47 0.559000 9.999 0.559259 0.25 0.559000 0.045 0.559   0.919 0.000   1.287 0.000   4.744 0.559   1.815 0.000   2.929 0.559 0.021 0.559 0.127 0.559
 49.291667  50.291667    63.63 0.559  0.41 0.559000 0.021 0.559000 9.99 0.559259 0.039 0.559   1.554 0.000   2.175 0.000   8.860 0.559   4.528 0.000   4.332 0.559 0.041 0.559 0.151 0.559
 53.291667  54.291667    60.31 0.559  0.34 0.559000 9.999 0.559259 9.99 0.559259 0.025 0.699   1.738 0.000   2.433 0.000   5.305 0.559   1.532 0.000   3.773 0.559 0.028 0.559 0.071 0.699
 56.291667  57.291667    28.57 0.559  0.39 0.559000 9.999 0.559259 9.99 0.559259 0.056 0.699   1.169 0.000   1.636 0.000   5.353 0.559   0.946 0.000   4.407 0.559 0.032 0.559 0.197 0.699
 60.291667  61.291667    57.47 0.000  0.52 0.000000 9.999 0.259000 9.99 0.259000 0.025 0.559   1.075 0.000   1.505 0.000   6.339 0.559   3.185 0.000   3.154 0.000 0.024 0.000 0.106 0.559
 63.291667  64.291667    57.94 0.000  0.28 0.000000 9.999 0.259000 9.99 0.259000 0.023 0.559   1.319 0.000   1.847 0.000   5.034 0.559   2.039 0.000   2.994 0.000 0.025 0.000 0.063 0.559
 67.291667  68.291667     3.37 0.000 99.99 0.259000 9.999 0.259000 9.99 0.259000 0.070 0.559   0.305 0.000   0.427 0.000   5.173 0.559   0.897 0.000   4.276 0.000 0.006 0.000 0.827 0.559
 70.291667  71.291667    48.93 0.000 99.99 0.259000 9.999 0.259000 9.99 0.259000 0.030 0.559   1.169 0.000   1.637 0.000   5.208 0.000   2.122 0.000   3.086 0.000 0.019 0.000 0.147 0.559
 74.291667  75.291667    46.43 0.559  0.23 0.559000 9.999 0.559259 9.99 0.559259 0.040 0.699   0.895 0.000   1.253 0.000  10.393 0.559   6.611 0.000   3.782 0.559 0.023 0.559 0.126 0.699
 77.291667  78.291667     9.40 0.559  0.23 0.559000 9.999 0.559259 9.99 0.559259 0.023 0.559   0.662 0.000   0.927 0.000   4.205 0.559   0.260 0.000   3.945 0.559 0.014 0.559 0.086 0.559
 81.291667  82.291667    73.89 0.000  0.37 0.000000 9.999 0.259000 9.99 0.259000 0.019 0.699   2.023 0.000   2.832 0.000  13.618 0.000  10.783 0.000   2.835 0.000 0.031 0.000 0.130 0.699
 84.291667  85.291667    58.03 0.000  0.65 0.000000 9.999 0.259000 9.99 0.259000 0.026 0.699   1.102 0.000   1.543 0.000   6.494 0.000   1.970 0.000   4.523 0.000 0.030 0.000 0.205 0.699
 88.291667  89.291667 99999.99 0.999 99.99 0.999000 9.999 0.999000 9.99 0.999000 9.999 0.999 999.999 0.999 999.999 0.999 999.999 0.999 999.999 0.999 999.999 0.999 9.999 0.999 9.999 0.999
 91.291667  92.291667 99999.99 0.999 99.99 0.999000 9.999 0.999000 9.99 0.999000 9.999 0.999 999.999 0.999 999.999 0.999 999.999 0.999 999.999 0.999 999.999 0.999 9.999 0.999 9.999 0.999
 95.291667  96.291667 99999.99 0.999 99.99 0.999000 9.999 0.999000 9.99 0.999000 9.999 0.999 999.999 0.999 999.999 0.999 999.999 0.999 999.999 0.999 999.999 0.999 9.999 0.999 9.999 0.999
 98.291667  99.291667 99999.99 0.999 99.99 0.999000 9.999 0.999000 9.99 0.999000 9.999 0.999 999.999 0.999 999.999 0.999 999.999 0.999 999.999 0.999 999.999 0.999 9.999 0.999 9.999 0.999
102.291667 103.291667 99999.99 0.999 99.99 0.999000 9.999 0.999000 9.99 0.999000 9.999 0.999 999.999 0.999 999.999 0.999 999.999 0.999 999.999 0.999 999.999 0.999 9.999 0.999 9.999 0.999
105.291667 106.291667 99999.99 0.999 99.99 0.999000 9.999 0.999000 9.99 0.999000 9.999 0.999 999.999 0.999 999.999 0.999 999.999 0.999 999.999 0.999 999.999 0.999 9.999 0.999 9.999 0.999
109.291667 110.291667 99999.99 0.999 99.99 0.999000 9.999 0.999000 9.99 0.999000 9.999 0.999 999.999 0.999 999.999 0.999 999.999 0.999 999.999 0.999 999.999 0.999 9.999 0.999 9.999 0.999
112.291667 113.291667 99999.99 0.999 99.99 0.999000 9.999 0.999000 9.99 0.999000 9.999 0.999 999.999 0.999 999.999 0.999 999.999 0.999 999.999 0.999 999.999 0.999 9.999 0.999 9.999 0.999
116.291667 117.291667 99999.99 0.999 99.99 0.999000 9.999 0.999000 9.99 0.999000 9.999 0.999 999.999 0.999 999.999 0.999 999.999 0.999 999.999 0.999 999.999 0.999 9.999 0.999 9.999 0.999
119.291667 120.291667 99999.99 0.999 99.99 0.999000 9.999 0.999000 9.99 0.999000 9.999 0.999 999.999 0.999 999.999 0.999 999.999 0.999 999.999 0.999 999.999 0.999 9.999 0.999 9.999 0.999
123.291667 124.291667    36.49 0.000  0.49 0.000000 9.999 0.259000 9.99 0.259000 0.017 0.000   1.386 0.000   1.940 0.000   4.494 0.000   1.681 0.000   2.812 0.000 0.018 0.000 0.140 0.000
126.291667 127.291667    18.72 0.000  0.37 0.000000 9.999 0.259000 9.99 0.259000 0.017 0.000   0.875 0.000   1.226 0.000   4.003 0.000   1.995 0.000   2.009 0.000 0.018 0.000 0.129 0.000
130.291667 131.291667    19.78 0.000  0.30 0.000000 9.999 0.259000 9.99 0.259000 0.012 0.000   0.611 0.000   0.855 0.000   3.881 0.000   2.294 0.000   1.586 0.000 0.017 0.000 0.072 0.000
133.291667 134.291667    34.70 0.000 99.99 0.259000 0.009 0.000000 9.99 0.259000 0.016 0.000   0.960 0.000   1.344 0.000   5.024 0.000   2.729 0.000   2.296 0.000 0.016 0.000 0.105 0.000
137.291667 138.291667    62.88 0.000  0.86 0.000000 9.999 0.259000 9.99 0.259000 0.029 0.000   1.692 0.000   2.369 0.000  21.364 0.000  14.799 0.000   6.565 0.000 0.053 0.000 0.582 0.000
140.291667 141.291667    50.98 0.000  0.75 0.000000 9.999 0.259000 9.99 0.259000 0.027 0.000   1.795 0.000   2.513 0.000   8.701 0.000   3.478 0.000   5.223 0.000 0.040 0.000 0.273 0.000
144.291667 145.291667    91.17 0.000  0.73 0.000000 9.999 0.259000 9.99 0.259000 0.025 0.000   2.205 0.000   3.087 0.000  17.122 0.000  10.591 0.000   6.531 0.000 0.052 0.000 0.301 0.000
147.291667 148.291667    34.90 0.000  0.61 0.000000 9.999 0.259000 9.99 0.259000 0.012 0.000   1.174 0.000   1.644 0.000   6.027 0.000   3.138 0.000   2.889 0.000 0.025 0.000 0.120 0.000
151.291667 152.291667    17.88 0.000  0.29 0.000000 9.999 0.259000 9.99 0.259000 0.011 0.000   0.729 0.000   1.021 0.000   8.940 0.000   6.673 0.000   2.267 0.000 0.019 0.000 0.208 0.000
154.291667 155.291667    27.31 0.000 99.99 0.259000 9.999 0.259000 9.99 0.259000 0.010 0.000   0.827 0.000   1.158 0.000  13.330 0.000   9.657 0.000   3.673 0.000 0.022 0.000 0.289 0.000
158.291667 159.291667   180.98 0.000 99.99 0.259000 9.999 0.259000 9.99 0.259000 0.016 0.000   1.665 0.000   2.331 0.000  44.891 0.000  38.040 0.000   6.851 0.000 0.126 0.000 0.133 0.000
161.291667 162.291667    23.67 0.000  0.21 0.000000 9.999 0.259000 9.99 0.259000 0.009 0.000   0.721 0.000   1.010 0.000   6.118 0.000   4.112 0.000   2.006 0.000 0.016 0.000 0.079 0.000
165.291667 166.291667    27.55 0.000  0.49 0.000000 9.999 0.259000 9.99 0.259000 0.004 0.000   0.754 0.000   1.055 0.000   5.106 0.000   2.305 0.000   2.801 0.000 0.017 0.000 0.008 0.000
168.291667 169.291667     8.50 0.000 99.99 0.259000 9.999 0.259000 9.99 0.259000 0.000 0.000   0.768 0.000   1.075 0.000   5.351 0.000   3.105 0.000   2.247 0.000 0.010 0.000 0.032 0.000
172.291667 173.291667    44.85 0.559  0.13 0.559000 9.999 0.559259 9.99 0.559259 0.024 0.559   1.281 0.000   1.793 0.000  10.517 0.000   6.402 0.000   4.115 0.559 0.027 0.559 0.143 0.559
175.291667 176.291667    52.16 0.559 99.99 0.559259 9.999 0.559259 9.99 0.559259 0.024 0.559   1.295 0.000   1.813 0.000  12.123 0.000   8.207 0.000   3.915 0.559 0.029 0.559 0.151 0.559
179.291667 180.291667    92.97 0.000 99.99 0.259000 9.999 0.259000 9.99 0.259000 0.025 0.559   1.878 0.000   2.629 0.000  28.380 0.000  21.847 0.000   6.532 0.000 0.052 0.000 0.159 0.559
182.291667 183.291667   136.72 0.559 99.99 0.559259 9.999 0.559259 9.99 0.559259 0.028 0.000   2.527 0.000   3.538 0.000  28.500 0.000  20.070 0.000   8.431 0.559 0.101 0.559 0.205 0.000
186.291667 187.291667    28.14 0.559  5.97 0.559000 9.999 0.559259 9.99 0.559259 0.021 0.000   0.934 0.000   1.308 0.000   5.998 0.000   3.180 0.000   2.818 0.559 0.150 0.559 0.129 0.000
189.291667 190.291667    34.38 0.559  1.00 0.559000 9.999 0.559259 9.99 0.559259 0.014 0.559   1.587 0.000   2.222 0.000   8.878 0.000   4.370 0.000   4.508 0.559 0.040 0.559 0.144 0.559
193.291667 194.291667    77.05 0.559 99.99 0.559259 9.999 0.559259 9.99 0.559259 0.020 0.559   2.329 0.000   3.260 0.000  23.950 0.000  17.734 0.000   6.216 0.559 0.045 0.559 0.141 0.559
196.291667 197.291667    36.52 0.559 99.99 0.559259 9.999 0.559259 9.99 0.559259 0.011 0.000   0.859 0.000   1.203 0.000  13.376 0.000  10.660 0.000   2.716 0.559 0.023 0.559 0.149 0.000
200.291667 201.291667   184.91 0.559  0.21 0.559000 9.999 0.559259 9.99 0.559259 0.036 0.559   2.561 0.000   3.586 0.000  57.545 0.000  48.401 0.000   9.145 0.559 0.123 0.559 0.326 0.559
203.291667 204.291667   117.85 0.559 99.99 0.559259 9.999 0.559259 9.99 0.559259 0.029 0.559   2.935 0.000   4.109 0.000  25.690 0.000  17.717 0.000   7.973 0.559 0.057 0.559 0.151 0.559
207.291667 208.291667   239.38 0.559 99.99 0.559259 9.999 0.559259 9.99 0.559259 0.022 0.559   2.230 0.000   3.121 0.000  45.721 0.000  38.091 0.000   7.630 0.559 0.106 0.559 0.161 0.559
210.291667 211.291667   198.88 0.559  0.20 0.559000 9.999 0.559259 9.99 0.559259 0.020 0.559   2.064 0.000   2.889 0.000  33.277 0.000  26.504 0.000   6.773 0.559 0.112 0.559 0.098 0.559
214.291667 215.291667   441.60 0.000 99.99 0.259000 9.999 0.259000 9.99 0.259000 0.024 0.559   3.092 0.000   4.328 0.000  68.673 0.000  56.746 0.000  11.926 0.000 0.204 0.000 0.218 0.559
217.291667 218.291667   170.31 0.000  0.59 0.000000 9.999 0.259000 9.99 0.259000 0.022 0.559   2.826 0.000   3.957 0.000  33.138 0.000  25.091 0.000   8.047 0.000 0.082 0.000 0.160 0.559
221.291667 222.291667  1970.56 0.559  1.20 0.559000 9.999 0.559259 9.99 0.559259 0.040 0.559  12.970 0.000  18.157 0.000  77.184 0.000  29.110 0.000  48.074 0.559 0.691 0.559 0.177 0.559
224.291667 225.291667    77.02 0.000  0.36 0.000000 9.999 0.259000 9.99 0.259000 0.033 0.559   2.783 0.000   3.897 0.000  13.166 0.000   6.542 0.000   6.625 0.000 0.066 0.000 0.136 0.559
228.291667 229.291667   158.91 0.559 99.99 0.559259 9.999 0.559259 9.99 0.559259 0.046 0.559   6.615 0.000   9.262 0.000  31.555 0.000  14.730 0.000  16.824 0.559 0.110 0.559 0.274 0.559
231.291667 232.291667   101.97 0.000  0.18 0.000000 9.999 0.259000 9.99 0.259000 0.025 0.559   1.386 0.000   1.940 0.000  14.973 0.000  10.413 0.000   4.559 0.000 0.109 0.000 0.156 0.559
235.291667 236.291667   212.91 0.559 99.99 0.559259 9.999 0.559259 9.99 0.559259 0.043 0.559   8.893 0.000  12.450 0.000  40.855 0.000  19.003 0.000  21.851 0.559 0.199 0.559 0.145 0.559
238.291667 239.291667   109.97 0.000 99.99 0.259000 9.999 0.259000 9.99 0.259000 0.045 0.559   5.654 0.000   7.916 0.000  26.275 0.000  11.881 0.000  14.394 0.000 0.152 0.000 0.338 0.559
243.291667 244.291667    29.31 0.559 99.99 0.559259 9.999 0.559259 9.99 0.559259 0.093 0.000   5.670 0.000   7.938 0.000  13.889 0.000   2.845 0.000  11.043 0.559 0.036 0.559 0.192 0.000
246.291667 247.291667    12.58 0.000 99.99 0.259000 9.999 0.259000 9.99 0.259000 0.031 0.000   0.767 0.000   1.074 0.000   3.554 0.000   1.597 0.000   1.957 0.000 0.015 0.000 0.144 0.000
249.291667 250.291667    29.43 0.000  0.37 0.000000 9.999 0.259000 9.99 0.259000 0.038 0.000   0.981 0.000   1.374 0.000   8.047 0.000   4.897 0.000   3.151 0.000 0.022 0.000 0.219 0.000
252.291667 253.291667    21.80 0.000 99.99 0.259000 9.999 0.259000 9.99 0.259000 0.031 0.000   0.340 0.000   0.475 0.000   1.838 0.000   0.228 0.000   1.610 0.000 0.018 0.000 0.182 0.000
255.291667 256.291667    45.23 0.000  0.45 0.000000 9.999 0.259000 9.99 0.259000 0.031 0.000   1.131 0.000   1.583 0.000   7.522 0.000   4.107 0.000   3.416 0.000 0.024 0.000 0.188 0.000
258.291667 259.291667    85.75 0.000  0.41 0.000000 9.999 0.259000 9.99 0.259000 0.048 0.000   3.192 0.000   4.468 0.000  13.644 0.000   5.060 0.000   8.584 0.000 0.032 0.000 0.190 0.000
261.291667 262.291667    43.95 0.559 99.99 0.559259 9.999 0.559259 9.99 0.559259 0.029 0.000   0.786 0.000   1.100 0.000  10.008 0.000   6.339 0.000   3.669 0.559 0.031 0.559 0.314 0.000
264.291667 265.291667     4.06 0.000  0.21 0.000000 9.999 0.259000 9.99 0.259000 0.011 0.000   0.352 0.000   0.493 0.000   3.100 0.000   1.596 0.000   1.504 0.000 0.007 0.000 0.137 0.000
267.291667 268.291667    87.84 0.000  0.44 0.000000 9.999 0.259000 9.99 0.259000 0.040 0.000   1.452 0.000   2.033 0.000   7.936 0.000   3.329 0.000   4.608 0.000 0.036 0.000 0.199 0.000
270.291667 271.291667   128.77 0.559  0.48 0.559000 9.999 0.559259 9.99 0.559259 0.045 0.000   2.437 0.000   3.412 0.000  13.889 0.000   6.196 0.000   7.693 0.559 0.082 0.559 0.165 0.000
273.291667 274.291667    37.82 0.559  0.36 0.559000 9.999 0.559259 9.99 0.559259 0.017 0.000   0.811 0.000   1.136 0.000   5.136 0.000   2.221 0.000   2.915 0.559 0.038 0.559 0.132 0.000
276.291667 277.291667    79.83 0.000  0.68 0.000000 9.999 0.259000 9.99 0.259000 0.052 0.000   1.408 0.000   1.970 0.000   8.588 0.000   3.620 0.000   4.967 0.000 0.036 0.000 0.300 0.000
279.291667 280.291667    61.18 0.559  0.41 0.559000 0.027 0.559000 9.99 0.559259 0.030 0.000   1.577 0.000   2.208 0.000   5.709 0.000   1.079 0.000   4.630 0.559 0.021 0.559 0.214 0.000
282.291667 283.291667    93.32 0.559  0.72 0.559000 9.999 0.559259 9.99 0.559259 0.052 0.559   3.683 0.000   5.157 0.000  10.883 0.000   1.470 0.000   9.413 0.559 0.055 0.559 0.244 0.559
285.291667 286.291667   107.49 0.559  0.32 0.559000 9.999 0.559259 9.99 0.559259 0.117 0.559   2.246 0.000   3.145 0.000  13.338 0.000   3.841 0.000   9.498 0.559 0.212 0.559 0.866 0.559
288.291667 289.291667    61.01 0.000  1.24 0.000000 9.999 0.259000 9.99 0.259000 0.042 0.559   1.746 0.000   2.444 0.000   5.801 0.000   1.628 0.000   4.173 0.000 0.030 0.000 0.197 0.559
