scripts/IMPROVE-2019_partial/data/US2705R.19890104070000.20191216000000.filterpack...1y.3d.US03L_filterpack_US2705.US03L_IMPROVE_Davis.lev2.nas
51 1001
MISSING INFORMATION
US03L, IMPROVE, , , , , , , 
MISSING INFORMATION
IMPROVE sel_HTAP
1 1
1989 01 01 2019 12 16
0
days from file reference point
4
1 1 1 1
999.999999 999.999 999.999 9.999
end_time of measurement, days from the file reference point
pm10_mass, ug/m3, Matrix=pm10
pm25_mass, ug/m3, Matrix=pm25
numflag, no unit
0
33
Data definition:              EBAS_1.1
Set type code:                TI
Timezone:                     UTC
File name:                    US2705R.19890104070000.20191216000000.filterpack...1y.3d.US03L_filterpack_US2705.US03L_IMPROVE_Davis.lev2.nas
File creation:                20191218120356
Startdate:                    19890104070000
Revision date:                20191216000000
Version:                      2
Version description:          "Data extracted from http://views.cira.colostate.edu/fed/DataWizard 2019-12-16"
Statistics:                   arithmetic mean
Data level:                   2
Period code:                  1y
Resolution code:              3d
Sample duration:              1d
Orig. time res.:              3d
Station code:                 US2705R
Platform code:                US2705S
Station name:                 Glacier National Park-Fire Weather Station (MT05)
Station latitude:             48.5103
Station longitude:            -113.9958
Station altitude:             980.0 m
Regime:                       IMG
Component:                    
Unit:                         ug/m3
Matrix:                       
Laboratory code:              US03L
Instrument type:              filterpack
Instrument name:              filterpack_US2705
Method ref:                   US03L_IMPROVE_Davis
Blank correction:             Blank corrected
Volume std. temperature:      ambient
Volume std. pressure:         ambient
starttime endtime PM10 PM2.5 flag
  3.291667   4.291667   4.024   2.733 0.000
  6.291667   7.291667   9.594   6.846 0.000
 10.291667  11.291667   7.659   5.795 0.000
 13.291667  14.291667   3.373   1.457 0.000
 17.291667  18.291667 999.999   2.072 0.000
 20.291667  21.291667   4.024   2.583 0.000
 24.291667  25.291667 999.999 999.999 0.999
 27.291667  28.291667  13.195   7.061 0.000
 31.291667  32.291667 999.999 999.999 0.999
 34.291667  35.291667  10.166   7.124 0.000
 38.291667  39.291667   8.140   6.756 0.000
 41.291667  42.291667 999.999 999.999 0.999
 45.291667  46.291667  12.320   8.271 0.000
 48.291667  49.291667   8.320   8.035 0.000
 52.291667  53.291667   8.780   7.746 0.000
 55.291667  56.291667   6.016   4.132 0.000
 59.291667  60.291667   3.918   2.690 0.000
 62.291667  63.291667  12.122   8.503 0.000
 66.291667  67.291667   5.620   3.778 0.000
 69.291667  70.291667   3.388   2.762 0.000
 73.291667  74.291667   2.540   1.899 0.000
 76.291667  77.291667  12.661  10.063 0.000
 80.291667  81.291667 999.999 999.999 0.999
 83.291667  84.291667 999.999   8.111 0.000
 87.291667  88.291667   3.937   3.146 0.000
 90.291667  91.291667   9.409   3.832 0.000
 94.291667  95.291667   3.843   2.322 0.000
 97.291667  98.291667   4.588   2.602 0.000
101.291667 102.291667  21.061   9.003 0.000
104.291667 105.291667  19.677   9.366 0.000
108.291667 109.291667 999.999   4.969 0.000
111.291667 112.291667 999.999   6.770 0.000
115.291667 116.291667   1.320   1.049 0.000
118.291667 119.291667   9.560   5.549 0.000
122.291667 123.291667   5.059   3.692 0.000
125.291667 126.291667  18.314  10.156 0.000
129.291667 130.291667   8.314   4.646 0.000
132.291667 133.291667  12.046   5.354 0.000
136.291667 137.291667  10.039   5.248 0.000
139.291667 140.291667  10.394   4.340 0.000
143.291667 144.291667   4.538   2.617 0.000
146.291667 147.291667   5.502   2.399 0.000
150.291667 151.291667  10.695   6.106 0.000
153.291667 154.291667   5.451   3.300 0.000
157.291667 158.291667  18.127   7.792 0.000
160.291667 161.291667   6.745   3.702 0.000
164.291667 165.291667  20.000   9.915 0.000
167.291667 168.291667  13.143   3.929 0.000
171.291667 172.291667   6.908   2.876 0.000
174.291667 175.291667  12.450   6.139 0.000
178.291667 179.291667  19.317   6.602 0.000
181.291667 182.291667  12.811   3.023 0.000
185.291667 186.291667  18.208   6.054 0.000
188.291667 189.291667  22.798   5.915 0.000
192.291667 193.291667  11.803   5.658 0.000
195.291667 196.291667  16.680   7.890 0.000
199.291667 200.291667  13.233   5.268 0.000
202.291667 203.291667 999.999 999.999 0.999
206.291667 207.291667  12.357   6.101 0.000
209.291667 210.291667  16.882   7.484 0.000
213.291667 214.291667  16.680   7.340 0.000
216.291667 217.291667  14.252   6.489 0.000
220.291667 221.291667  13.557   7.396 0.000
223.291667 224.291667  10.079   4.313 0.000
227.291667 228.291667   8.279   4.106 0.000
230.291667 231.291667  12.172   5.762 0.000
234.291667 235.291667   8.017   4.272 0.000
237.291667 238.291667   8.419   2.930 0.000
241.291667 242.291667   7.849   4.290 0.000
244.291667 245.291667   5.464   2.595 0.000
248.291667 249.291667   6.828   1.845 0.000
251.291667 252.291667   9.087   3.503 0.000
255.291667 256.291667  23.776  12.339 0.000
258.291667 259.291667  26.573   9.737 0.000
262.291667 263.291667  15.935   5.799 0.000
265.291667 266.291667  26.727  10.178 0.000
269.291667 270.291667  26.047   8.399 0.000
272.291667 273.291667  24.496  10.581 0.000
276.291667 277.291667  16.100   9.610 0.000
279.291667 280.291667  17.490  11.865 0.000
283.291667 284.291667  10.913   3.030 0.000
286.291667 287.291667  13.929   4.061 0.000
290.291667 291.291667  16.014  13.364 0.000
293.291667 294.291667   7.865   5.667 0.000
297.291667 298.291667 999.999 999.999 0.999
300.291667 301.291667  10.000   7.741 0.000
304.291667 305.291667 999.999  12.202 0.000
307.291667 308.291667   3.255   2.083 0.000
311.291667 312.291667   6.873   4.424 0.000
314.291667 315.291667   6.062   4.576 0.000
318.291667 319.291667  12.556  10.445 0.000
321.291667 322.291667   8.346   6.077 0.000
325.291667 326.291667   7.100   5.463 0.000
328.291667 329.291667   2.528   1.731 0.000
332.291667 333.291667  12.293   9.792 0.000
335.291667 336.291667  14.737  11.696 0.000
339.291667 340.291667 999.999   4.164 0.000
342.291667 343.291667   5.969   2.072 0.000
346.291667 347.291667  19.883  16.615 0.000
349.291667 350.291667   9.183   8.036 0.000
353.291667 354.291667   6.139   3.412 0.000
356.291667 357.291667  17.181  14.424 0.000
360.291667 361.291667  17.326  14.333 0.000
363.291667 364.291667  10.039   7.620 0.000
