scripts/IMPROVE-2019_partial/data/US2705R.20030103070000.20191216000000.filterpack..pm25.1y.1w.US03L_filterpack_US2705.US03L_IMPROVE_Davis.lev2.nas
66 1001
MISSING INFORMATION
US03L, IMPROVE, , , , , , , 
MISSING INFORMATION
IMPROVE sel_HTAP
1 1
2003 01 01 2019 12 16
3.000000
days from file reference point
27
1 1 1 1 1 1 1 1 1 1 1 1 1 1 1 1 1 1 1 1 1 1 1 1 1 1 1
999.999999 9999.99 9.999999 999.99 9.999999 9.999 9.999999 99.99 9.999999999 9.999 9.999999 9999.999 9.999 9999.999 9.999 999.99 9.999999999 999.999 9.999 999.999 9.999 999.999 9.999 9.999 9.999999 9.999 9.999999
end_time of measurement, days from the file reference point
iron, ng/m3, Revision date=20181210133000
numflag iron, no unit, Revision date=20181210133000
lead, ng/m3, Revision date=20181210133000
numflag lead, no unit, Revision date=20181210133000
magnesium, ug/m3, Revision date=20181210133000
numflag magnesium, no unit, Revision date=20181210133000
nickel, ng/m3, Revision date=20181210133000
numflag nickel, no unit, Revision date=20181210133000
nitrate, ug N/m3, Revision date=20181210133000
numflag nitrate, no unit, Revision date=20181210133000
organic_carbon, ug C/m3, Revision date=20181210133000
numflag organic_carbon, no unit, Revision date=20181210133000
organic_mass, ug/m3, Revision date=20181210133000
numflag organic_mass, no unit, Revision date=20181210133000
phosphorus, ng/m3, Revision date=20181210133000
numflag phosphorus, no unit, Revision date=20181210133000
pm10_mass, ug/m3, Version=2, Version description=Data extracted from http://views.cira.colostate.edu/fed/DataWizard 2019-12-16, Sample duration=1d, Orig. time res.=3d, Matrix=pm10, Blank correction=Blank corrected, Volume std. temperature=ambient, Volume std. pressure=ambient
numflag pm10_mass, no unit, Version=2, Version description=Data extracted from http://views.cira.colostate.edu/fed/DataWizard 2019-12-16, Sample duration=1d, Orig. time res.=3d, Matrix=pm10, Blank correction=Blank corrected, Volume std. temperature=ambient, Volume std. pressure=ambient
pm10_pm25_mass, ug/m3, Revision date=20181210133000, Matrix=pm10_pm25
numflag pm10_pm25_mass, no unit, Revision date=20181210133000, Matrix=pm10_pm25
pm25_mass, ug/m3, Version=2, Version description=Data extracted from http://views.cira.colostate.edu/fed/DataWizard 2019-12-16, Sample duration=1d, Orig. time res.=3d, Blank correction=Blank corrected, Volume std. temperature=ambient, Volume std. pressure=ambient
numflag pm25_mass, no unit, Version=2, Version description=Data extracted from http://views.cira.colostate.edu/fed/DataWizard 2019-12-16, Sample duration=1d, Orig. time res.=3d, Blank correction=Blank corrected, Volume std. temperature=ambient, Volume std. pressure=ambient
potassium, ug/m3, Revision date=20181210133000
numflag potassium, no unit, Revision date=20181210133000
sulphate_total, ug S/m3, Revision date=20181210133000
numflag sulphate_total, no unit, Revision date=20181210133000
0
25
Data definition:              EBAS_1.1
Set type code:                TU
Timezone:                     UTC
File name:                    US2705R.20030103070000.20191216000000.filterpack..pm25.1y.1w.US03L_filterpack_US2705.US03L_IMPROVE_Davis.lev2.nas
File creation:                20191218120358
Startdate:                    20030103070000
Revision date:                20191216000000
Statistics:                   arithmetic mean
Data level:                   2
Period code:                  1y
Resolution code:              1w
Station code:                 US2705R
Platform code:                US2705S
Station name:                 Glacier National Park-Fire Weather Station (MT05)
Station latitude:             48.5103
Station longitude:            -113.9958
Station altitude:             980.0 m
Regime:                       IMG
Component:                    
Matrix:                       pm25
Laboratory code:              US03L
Instrument type:              filterpack
Instrument name:              filterpack_US2705
Method ref:                   US03L_IMPROVE_Davis
starttime endtime Fe flag_Fe Pb flag_Pb Mg++ flag_Mg++ Ni flag_Ni NO3- flag_NO3- OC flag_OC OM flag_OM P flag_P PM10 flag_PM10 PM10-PM2.5 flag_PM10-PM2.5 PM2.5 flag_PM2.5 K+ flag_K+ SO4-- flag_SO4--
[from data line 72]
218.291667 219.291667 9999.99 0.456000 999.99 0.456000 9.999 0.456000 99.99 0.456000000 0.424 0.699000   95.000 0.000  133.000 0.000 999.99 0.456000000 999.999 0.456 999.999 0.999 999.999 0.456 9.999 0.456000 0.300 0.699000
221.291667 222.291667 9999.99 0.699000 999.99 0.699000 9.999 0.699000 99.99 0.699000000 9.999 0.699000 9999.999 0.999 9999.999 0.999 999.99 0.699000000 999.999 0.456 999.999 0.999 999.999 0.699 9.999 0.699000 9.999 0.699000
224.291667 225.291667 9999.99 0.699000 999.99 0.699000 9.999 0.699000 99.99 0.699000000 9.999 0.699000 9999.999 0.999 9999.999 0.999 999.99 0.699000000 999.999 0.699 999.999 0.999 999.999 0.699 9.999 0.699000 9.999 0.699000
227.291667 228.291667 9999.99 0.699000 999.99 0.699000 9.999 0.699000 99.99 0.699000000 9.999 0.699000  101.354 0.000  141.896 0.000 999.99 0.699000000 999.999 0.699 999.999 0.999 999.999 0.699 9.999 0.699000 9.999 0.699000
230.291667 231.291667 9999.99 0.699000 999.99 0.699000 9.999 0.699000 99.99 0.699000000 0.318 0.699000   62.402 0.000   87.362 0.000 999.99 0.699000000 999.999 0.699 999.999 0.999 999.999 0.699 9.999 0.699000 0.355 0.699000
233.291667 234.291667 9999.99 0.456000 999.99 0.456000 9.999 0.456000 99.99 0.456000000 9.999 0.699000   96.939 0.000  135.714 0.000 999.99 0.456000000 999.999 0.456 999.999 0.999 999.999 0.456 9.999 0.456000 9.999 0.699000
236.291667 237.291667 9999.99 0.699000 999.99 0.699000 9.999 0.699000 99.99 0.699000000 0.279 0.699000   50.891 0.000   71.248 0.000 999.99 0.699000000 999.999 0.699 999.999 0.999 999.999 0.699 9.999 0.699000 0.321 0.699000
239.291667 240.291667 9999.99 0.699000 999.99 0.699000 9.999 0.699000 99.99 0.699000000 9.999 0.699000   95.031 0.000  133.044 0.000 999.99 0.699000000 999.999 0.699 999.999 0.999 999.999 0.699 9.999 0.699000 9.999 0.699000
242.291667 243.291667 9999.99 0.699000 999.99 0.699000 9.999 0.699000 99.99 0.699000000 9.999 0.699000 9999.999 0.999 9999.999 0.999 999.99 0.699000000 999.999 0.699 999.999 0.999 999.999 0.699 9.999 0.699000 9.999 0.699000
245.291667 246.291667 9999.99 0.456000 999.99 0.456000 9.999 0.456000 99.99 0.456000000 9.999 0.699000 9999.999 0.999 9999.999 0.999 999.99 0.456000000 999.999 0.699 999.999 0.999 999.999 0.456 9.999 0.456000 9.999 0.699000
248.291667 249.291667 9999.99 0.699000 999.99 0.699000 9.999 0.699000 99.99 0.699000000 9.999 0.699000 9999.999 0.999 9999.999 0.999 999.99 0.699000000 999.999 0.699 999.999 0.999 999.999 0.699 9.999 0.699000 9.999 0.699000
251.291667 252.291667   42.97 0.559000   0.38 0.559000 9.999 0.559259 99.99 0.559259000 9.999 0.456000   10.816 0.000   15.142 0.000 999.99 0.559259000  17.863 0.000 999.999 0.259  18.395 0.559 0.036 0.559000 9.999 0.456000
254.291667 255.291667   82.73 0.559000   0.36 0.559000 9.999 0.559259  0.11 0.559000000 0.020 0.559000    1.553 0.000    2.174 0.000 999.99 0.559259000   5.335 0.000   2.212 0.000   3.123 0.559 0.025 0.559000 0.060 0.559000
257.291667 258.291667   53.33 0.559000   0.38 0.559000 0.067 0.559000 99.99 0.559259000 0.021 0.559000    4.457 0.000    6.240 0.000 999.99 0.559259000  13.426 0.000   5.341 0.000   8.085 0.559 0.039 0.559000 0.161 0.559000
260.291667 261.291667   56.82 0.559000   0.56 0.559000 9.999 0.559259  0.16 0.559000000 0.028 0.559000    2.679 0.000    3.750 0.000 999.99 0.559259000   6.777 0.000   0.863 0.000   5.914 0.559 0.027 0.559000 0.150 0.559000
263.291667 264.291667   63.14 0.559000   0.51 0.559000 9.999 0.559259 99.99 0.559259000 0.028 0.559000    3.033 0.000    4.246 0.000 999.99 0.559259000   7.660 0.000   1.746 0.000   5.914 0.559 0.028 0.559000 0.127 0.559000
266.291667 267.291667   52.22 0.559000   0.31 0.559000 9.999 0.559259  0.09 0.559000000 0.023 0.559000    3.760 0.000    5.263 0.000 999.99 0.559259000  16.077 0.000   8.535 0.000   7.543 0.559 0.044 0.559000 0.164 0.559000
269.291667 270.291667  110.68 0.559000   0.48 0.559000 9.999 0.559259 99.99 0.559259000 0.079 0.559000    6.021 0.000    8.430 0.000 999.99 0.559259000  15.947 0.000   4.439 0.000  11.507 0.559 0.042 0.559000 0.122 0.559000
272.291667 273.291667   98.17 0.559000   0.30 0.559000 9.999 0.559259  0.09 0.559000000 0.063 0.559000    8.931 0.000   12.503 0.000 999.99 0.559259000  37.912 0.000  18.283 0.000  19.629 0.559 0.077 0.559000 0.577 0.559000
275.291667 276.291667  225.62 0.394000   0.62 0.394000 9.999 0.394259  0.26 0.394000000 0.058 0.394000    8.930 0.000   12.503 0.000 999.99 0.394259000  43.525 0.000  24.583 0.000  18.942 0.000 0.125 0.394000 0.306 0.394000
278.291667 279.291667  396.98 0.000000   1.10 0.000000 0.191 0.000000  0.13 0.000000000 0.097 0.000000   11.675 0.000   16.344 0.000 999.99 0.259000000  80.871 0.000  52.561 0.000  28.310 0.000 0.254 0.000000 0.260 0.000000
281.291667 282.291667  143.58 0.559000   0.45 0.559000 0.077 0.559000  0.17 0.559000000 0.031 0.000000    0.371 0.000    0.519 0.000 999.99 0.559259000  14.796 0.000   9.986 0.000   4.810 0.559 0.105 0.559000 0.112 0.000000
284.291667 285.291667   20.31 0.559000   0.67 0.559000 0.030 0.559000  0.06 0.559000000 0.011 0.000000    0.513 0.000    0.719 0.000 999.99 0.559259000   2.421 0.000   0.924 0.000   1.496 0.559 0.023 0.559000 0.037 0.000000
287.291667 288.291667   44.98 0.559000   1.34 0.559000 9.999 0.559259 99.99 0.559259000 0.035 0.000000    1.898 0.000    2.657 0.000 999.99 0.559259000   6.786 0.000   1.882 0.000   4.904 0.559 0.027 0.559000 0.099 0.000000
290.291667 291.291667   93.06 0.559000   0.84 0.559000 0.021 0.559000 99.99 0.559259000 0.019 0.000000    2.029 0.000    2.841 0.000 999.99 0.559259000  11.349 0.000   5.624 0.000   5.726 0.559 0.066 0.559000 0.168 0.000000
293.291667 294.291667   42.92 0.559000   0.71 0.559000 9.999 0.559259  0.18 0.559000000 0.014 0.559000    1.354 0.000    1.896 0.000 999.99 0.559259000   6.699 0.000   2.863 0.000   3.836 0.559 0.050 0.559000 0.086 0.559000
296.291667 297.291667   96.36 0.559000   0.37 0.559000 0.055 0.559000 99.99 0.559259000 0.015 0.559000    1.142 0.000    1.599 0.000 999.99 0.559259000  26.493 0.000  22.517 0.000   3.976 0.559 0.064 0.559000 0.056 0.559000
299.291667 300.291667   80.20 0.559000   1.14 0.559000 9.999 0.559259  0.10 0.559000000 0.039 0.559000    3.844 0.000    5.381 0.000 999.99 0.559259000  18.279 0.000   9.997 0.000   8.282 0.559 0.099 0.559000 0.116 0.559000
302.291667 303.291667   17.19 0.559394   0.43 0.559394 0.033 0.559394 99.99 0.559394259 0.024 0.559394    0.109 0.000    0.152 0.000 999.99 0.559394259   7.292 0.000   5.788 0.000   1.504 0.559 0.018 0.559394 0.175 0.559394
305.291667 306.291667   24.28 0.559000   0.49 0.559000 9.999 0.559259 99.99 0.559259000 0.079 0.000000    3.074 0.000    4.303 0.000 999.99 0.559259000   9.044 0.000   1.476 0.000   7.568 0.559 0.059 0.559000 0.335 0.000000
308.291667 309.291667   68.51 0.000000   1.44 0.000000 0.034 0.000000 99.99 0.259000000 0.332 0.000000   12.748 0.000   17.847 0.000 999.99 0.259000000  45.117 0.000  18.843 0.000  26.275 0.000 0.162 0.000000 0.551 0.000000
311.291667 312.291667   51.04 0.559000   1.03 0.559000 0.029 0.559000 99.99 0.559259000 0.129 0.000000    4.917 0.000    6.884 0.000 999.99 0.559259000  15.310 0.000   4.019 0.000  11.292 0.559 0.081 0.559000 0.269 0.000000
314.291667 315.291667   14.25 0.559000   0.33 0.559000 9.999 0.559259 99.99 0.559259000 0.021 0.000000    1.578 0.000    2.209 0.000 999.99 0.559259000   3.609 0.000   0.315 0.000   3.294 0.559 0.029 0.559000 0.068 0.000000
317.291667 318.291667   33.31 0.559000   0.94 0.559000 0.032 0.559000  0.12 0.559000000 0.155 0.000000    5.274 0.000    7.384 0.000 999.99 0.559259000  13.364 0.000   1.176 0.000  12.188 0.559 0.077 0.559000 0.284 0.000000
320.291667 321.291667    8.48 0.000000   0.29 0.000000 9.999 0.259000 99.99 0.259000000 0.015 0.000000    1.062 0.000    1.487 0.000 999.99 0.259000000   2.834 0.000   0.796 0.000   2.037 0.000 0.025 0.000000 0.031 0.000000
323.291667 324.291667   10.66 0.559000   0.51 0.559000 0.037 0.559000  0.11 0.559000000 0.052 0.000000    1.125 0.000    1.575 0.000 999.99 0.559259000   3.653 0.000   0.818 0.000   2.835 0.559 0.027 0.559000 0.090 0.000000
326.291667 327.291667   14.23 0.559000   0.85 0.559000 0.034 0.559000  0.10 0.559000000 0.185 0.559000    3.103 0.000    4.344 0.000 999.99 0.559259000   8.430 0.000   0.895 0.000   7.535 0.559 0.068 0.559000 0.214 0.559000
329.291667 330.291667    7.92 0.559000   0.27 0.559000 9.999 0.559259  0.17 0.559000000 0.031 0.000000    1.097 0.000    1.537 0.000 999.99 0.559259000   3.091 0.000   0.426 0.000   2.664 0.559 0.022 0.559000 0.045 0.000000
332.291667 333.291667   17.70 0.559000   0.33 0.559000 9.999 0.559259  0.08 0.559000000 0.015 0.000000    0.624 0.000    0.874 0.000 999.99 0.559259000   1.996 0.000   0.522 0.000   1.474 0.559 0.013 0.559000 0.045 0.000000
335.291667 336.291667   26.00 0.559000   0.93 0.559000 9.999 0.559259  0.13 0.559000000 0.282 0.559000    3.254 0.000    4.555 0.000 999.99 0.559259000  10.647 0.000   0.703 0.000   9.944 0.559 0.132 0.559000 0.305 0.559000
338.291667 339.291667   17.13 0.559000   0.41 0.559000 9.999 0.559259 99.99 0.559259000 0.015 0.559000    1.253 0.000    1.754 0.000 999.99 0.559259000   3.091 0.000   0.532 0.000   2.558 0.559 0.012 0.559000 0.057 0.559000
341.291667 342.291667   55.31 0.559000   1.77 0.559000 9.999 0.559259 99.99 0.559259000 0.113 0.000000    4.114 0.000    5.760 0.000 999.99 0.559259000   9.327 0.000   0.625 0.000   8.702 0.559 0.035 0.559000 0.152 0.000000
344.291667 345.291667   20.06 0.559000   0.27 0.559000 9.999 0.559259 99.99 0.559259000 0.015 0.559000    1.554 0.000    2.175 0.000 999.99 0.559259000   3.311 0.000   0.538 0.000   2.772 0.559 0.012 0.559000 0.066 0.559000
347.291667 348.291667    2.65 0.559000   0.45 0.559000 9.999 0.559259  0.19 0.559000000 0.026 0.000000    1.667 0.000    2.334 0.000 999.99 0.559259000 999.999 0.456 999.999 0.999   2.903 0.559 0.027 0.559000 0.054 0.000000
350.291667 351.291667   13.63 0.559000   0.41 0.559000 9.999 0.559259 99.99 0.559259000 0.036 0.559000    1.229 0.000    1.721 0.000 999.99 0.559259000   2.930 0.000   0.569 0.000   2.361 0.559 0.032 0.559000 0.078 0.559000
353.291667 354.291667   40.05 0.559000   0.77 0.559000 0.019 0.559000  0.10 0.559000000 0.469 0.000000    3.265 0.000    4.571 0.000 999.99 0.559259000  11.264 0.000   1.171 0.000  10.093 0.559 0.069 0.559000 0.363 0.000000
356.291667 357.291667   51.58 0.559000   0.16 0.559000 9.999 0.559259 99.99 0.559259000 0.023 0.559000    1.794 0.000    2.511 0.000 999.99 0.559259000   3.612 0.000   0.337 0.000   3.275 0.559 0.012 0.559000 0.080 0.559000
359.291667 360.291667    7.88 0.559000   0.27 0.559000 0.074 0.559000  0.09 0.559000000 0.031 0.559000    1.123 0.000    1.571 0.000 999.99 0.559259000   2.262 0.000 999.999 0.259   2.391 0.559 0.016 0.559000 0.050 0.559000
362.291667 363.291667   12.59 0.559000   1.42 0.559000 9.999 0.559259  0.07 0.559000000 0.023 0.000000    0.815 0.000    1.141 0.000 999.99 0.559259000   2.261 0.000   0.257 0.000   2.004 0.559 0.011 0.559000 0.086 0.000000
