scripts/IMPROVE-2019_partial/data/US2705R.19910102070000.20191216000000.filterpack...1y.3d.US03L_filterpack_US2705.US03L_IMPROVE_Davis.lev2.nas
52 1001
MISSING INFORMATION
US03L, IMPROVE, , , , , , , 
MISSING INFORMATION
IMPROVE sel_HTAP
1 1
1991 01 01 2019 12 16
0
days from file reference point
5
1 1 1 1 1
999.999999 9999.999 9.999 999.999 9.999999
end_time of measurement, days from the file reference point
pm10_mass, ug/m3, Matrix=pm10
numflag pm10_mass, no unit, Matrix=pm10
pm25_mass, ug/m3, Matrix=pm25
numflag pm25_mass, no unit, Matrix=pm25
0
33
Data definition:              EBAS_1.1
Set type code:                TI
Timezone:                     UTC
File name:                    US2705R.19910102070000.20191216000000.filterpack...1y.3d.US03L_filterpack_US2705.US03L_IMPROVE_Davis.lev2.nas
File creation:                20191218120356
Startdate:                    19910102070000
Revision date:                20191216000000
Version:                      2
Version description:          "Data extracted from http://views.cira.colostate.edu/fed/DataWizard 2019-12-16"
Statistics:                   arithmetic mean
Data level:                   2
Period code:                  1y
Resolution code:              3d
Sample duration:              1d
Orig. time res.:              3d
Station code:                 US2705R
Platform code:                US2705S
Station name:                 Glacier National Park-Fire Weather Station (MT05)
Station latitude:             48.5103
Station longitude:            -113.9958
Station altitude:             980.0 m
Regime:                       IMG
Component:                    
Unit:                         ug/m3
Matrix:                       
Laboratory code:              US03L
Instrument type:              filterpack
Instrument name:              filterpack_US2705
Method ref:                   US03L_IMPROVE_Davis
Blank correction:             Blank corrected
Volume std. temperature:      ambient
Volume std. pressure:         ambient
starttime endtime PM10 flag_PM10 PM2.5 flag_PM2.5
  1.291667   2.291667 9999.999 0.999 999.999 0.999000
  4.291667   5.291667    2.453 0.000 999.999 0.559259
  8.291667   9.291667 9999.999 0.999 999.999 0.999000
 11.291667  12.291667    3.359 0.000   3.031 0.559000
 15.291667  16.291667   15.962 0.000   4.721 0.559000
 18.291667  19.291667    3.538 0.000   2.688 0.559000
 22.291667  23.291667   14.715 0.000  10.097 0.559000
 25.291667  26.291667    9.797 0.000   7.500 0.559000
 29.291667  30.291667   11.977 0.000   9.749 0.559000
 32.291667  33.291667    9.109 0.000   9.068 0.559000
 36.291667  37.291667    5.229 0.000   4.006 0.559000
 39.291667  40.291667   10.649 0.000   7.609 0.559000
 43.291667  44.291667    4.855 0.000   3.856 0.559000
 46.291667  47.291667   12.135 0.000  10.872 0.559000
 50.291667  51.291667    3.664 0.000   3.502 0.559000
 53.291667  54.291667    9.884 0.000   4.190 0.559000
 57.291667  58.291667   12.115 0.000   8.270 0.559000
 60.291667  61.291667    4.038 0.000   3.522 0.559000
 64.291667  65.291667    5.300 0.000   3.639 0.559000
 67.291667  68.291667    8.660 0.000   4.557 0.559000
 71.291667  72.291667    9.355 0.000   3.522 0.559000
 74.291667  75.291667    8.485 0.000   3.333 0.559000
 78.291667  79.291667   11.146 0.000   5.460 0.559000
 81.291667  82.291667    9.158 0.000   3.556 0.559000
 85.291667  86.291667   15.738 0.000   6.400 0.559000
 88.291667  89.291667   14.296 0.000   6.822 0.559000
 92.291667  93.291667   18.019 0.000   3.801 0.559000
 95.291667  96.291667    8.951 0.000   2.665 0.559000
 99.291667 100.291667   10.327 0.000   3.006 0.559000
102.291667 103.291667   14.603 0.000   6.563 0.559000
106.291667 107.291667   11.730 0.000 999.999 0.559259
109.291667 110.291667   12.591 0.000   6.006 0.559000
113.291667 114.291667    9.080 0.000   5.370 0.559000
116.291667 117.291667    7.301 0.000   3.920 0.559000
120.291667 121.291667   11.758 0.000   5.323 0.559000
123.291667 124.291667    8.495 0.000   2.301 0.559000
127.291667 128.291667    5.520 0.000   1.951 0.559000
130.291667 131.291667   11.875 0.000   4.185 0.559000
134.291667 135.291667    9.391 0.000   3.323 0.559000
137.291667 138.291667   10.921 0.000   2.844 0.559000
141.291667 142.291667   21.915 0.000   7.077 0.559000
144.291667 145.291667   12.697 0.000   1.877 0.559000
148.291667 149.291667   16.655 0.000   5.429 0.559000
151.291667 152.291667   17.797 0.000   5.854 0.559000
155.291667 156.291667    6.907 0.000   4.024 0.559000
158.291667 159.291667    6.937 0.000   3.232 0.559000
162.291667 163.291667   15.185 0.000   3.558 0.559000
165.291667 166.291667   11.128 0.000   3.209 0.559000
169.291667 170.291667    8.542 0.000   3.293 0.559000
172.291667 173.291667    7.634 0.000   3.009 0.559000
176.291667 177.291667   13.907 0.000   4.360 0.559000
179.291667 180.291667   10.301 0.000   3.807 0.559000
183.291667 184.291667   20.539 0.000   7.386 0.559000
186.291667 187.291667   13.766 0.000   4.819 0.559000
190.291667 191.291667   22.594 0.000   5.198 0.559000
193.291667 194.291667   20.631 0.000   7.674 0.559000
197.291667 198.291667    7.888 0.000   3.253 0.559000
200.291667 201.291667   17.547 0.000   5.939 0.559000
204.291667 205.291667   17.325 0.000   5.449 0.559000
207.291667 208.291667   19.042 0.000   5.240 0.559000
211.291667 212.291667 9999.999 0.999 999.999 0.999000
214.291667 215.291667   12.492 0.000   5.862 0.559000
218.291667 219.291667   19.688 0.000   7.370 0.559000
221.291667 222.291667   27.981 0.000   8.298 0.559000
225.291667 226.291667   16.132 0.000   4.909 0.559000
228.291667 229.291667   16.585 0.000   9.333 0.559000
232.291667 233.291667   45.087 0.000  18.199 0.559000
235.291667 236.291667   32.432 0.000   7.219 0.559000
239.291667 240.291667   20.160 0.000   5.186 0.559000
242.291667 243.291667   24.085 0.000   7.837 0.559000
246.291667 247.291667   19.710 0.000   5.600 0.559000
249.291667 250.291667   29.863 0.000  10.031 0.559000
253.291667 254.291667   14.901 0.000   8.624 0.559000
256.291667 257.291667    6.350 0.000   2.585 0.559000
260.291667 261.291667    8.107 0.000   4.286 0.559000
263.291667 264.291667    6.911 0.000   2.174 0.559000
267.291667 268.291667   21.579 0.000  12.236 0.559000
270.291667 271.291667   27.000 0.000  13.500 0.559000
274.291667 275.291667   15.785 0.000   5.048 0.559000
277.291667 278.291667   14.435 0.000   6.495 0.559000
281.291667 282.291667   22.917 0.000   8.896 0.559000
284.291667 285.291667   21.217 0.000   7.382 0.559000
288.291667 289.291667  122.383 0.000  24.025 0.559000
291.291667 292.291667   21.585 0.000  10.446 0.559000
295.291667 296.291667   15.079 0.000   7.264 0.559000
298.291667 299.291667   15.703 0.000   6.750 0.559000
302.291667 303.291667   21.914 0.000   8.793 0.559000
305.291667 306.291667   13.492 0.000   5.962 0.559000
309.291667 310.291667   27.027 0.000 999.999 0.559259
312.291667 313.291667   30.225 0.000 999.999 0.559259
316.291667 317.291667   10.127 0.000   4.875 0.559000
319.291667 320.291667   29.091 0.000 999.999 0.559259
323.291667 324.291667    5.785 0.000   2.444 0.559000
326.291667 327.291667   20.311 0.000   7.587 0.559000
330.291667 331.291667    6.456 0.000   3.616 0.559000
333.291667 334.291667    8.033 0.000   6.132 0.559000
337.291667 338.291667 9999.999 0.999   4.441 0.559000
340.291667 341.291667   29.582 0.000   1.646 0.559000
344.291667 345.291667    7.205 0.000   2.785 0.559000
347.291667 348.291667    9.432 0.000   6.804 0.559000
351.291667 352.291667   13.056 0.000   4.589 0.559000
354.291667 355.291667   11.221 0.000   7.120 0.559000
358.291667 359.291667   12.128 0.000   7.634 0.559000
361.291667 362.291667   16.933 0.000   5.141 0.559000
