scripts/IMPROVE-2019_partial/data/US2705R.20020102070000.20191216000000.filterpack..pm25.52w.1w.US03L_filterpack_US2705.US03L_IMPROVE_Davis.lev2.nas
66 1001
MISSING INFORMATION
US03L, IMPROVE, , , , , , , 
MISSING INFORMATION
IMPROVE sel_HTAP
1 1
2002 01 01 2019 12 16
3.000000
days from file reference point
27
1 1 1 1 1 1 1 1 1 1 1 1 1 1 1 1 1 1 1 1 1 1 1 1 1 1 1
999.999999 9999.99 9.999999 99.99 9.999999999 9.999 9.999999999 9.99 9.999999999 9.999 9.999999999 99.999 9.999 999.999 9.999 999.99 9.999999999 999.999 9.999 999.999 9.999 999.999 9.999 9.999 9.999999 9.999 9.999999
end_time of measurement, days from the file reference point
iron, ng/m3, Revision date=20181210133000
numflag iron, no unit, Revision date=20181210133000
lead, ng/m3, Revision date=20181210133000
numflag lead, no unit, Revision date=20181210133000
magnesium, ug/m3, Revision date=20181210133000
numflag magnesium, no unit, Revision date=20181210133000
nickel, ng/m3, Revision date=20181210133000
numflag nickel, no unit, Revision date=20181210133000
nitrate, ug N/m3, Revision date=20181210133000
numflag nitrate, no unit, Revision date=20181210133000
organic_carbon, ug C/m3, Revision date=20181210133000
numflag organic_carbon, no unit, Revision date=20181210133000
organic_mass, ug/m3, Revision date=20181210133000
numflag organic_mass, no unit, Revision date=20181210133000
phosphorus, ng/m3, Revision date=20181210133000
numflag phosphorus, no unit, Revision date=20181210133000
pm10_mass, ug/m3, Version=2, Version description=Data extracted from http://views.cira.colostate.edu/fed/DataWizard 2019-12-16, Sample duration=1d, Orig. time res.=3d, Matrix=pm10, Blank correction=Blank corrected, Volume std. temperature=ambient, Volume std. pressure=ambient
numflag pm10_mass, no unit, Version=2, Version description=Data extracted from http://views.cira.colostate.edu/fed/DataWizard 2019-12-16, Sample duration=1d, Orig. time res.=3d, Matrix=pm10, Blank correction=Blank corrected, Volume std. temperature=ambient, Volume std. pressure=ambient
pm10_pm25_mass, ug/m3, Revision date=20181210133000, Matrix=pm10_pm25
numflag pm10_pm25_mass, no unit, Revision date=20181210133000, Matrix=pm10_pm25
pm25_mass, ug/m3, Version=2, Version description=Data extracted from http://views.cira.colostate.edu/fed/DataWizard 2019-12-16, Sample duration=1d, Orig. time res.=3d, Blank correction=Blank corrected, Volume std. temperature=ambient, Volume std. pressure=ambient
numflag pm25_mass, no unit, Version=2, Version description=Data extracted from http://views.cira.colostate.edu/fed/DataWizard 2019-12-16, Sample duration=1d, Orig. time res.=3d, Blank correction=Blank corrected, Volume std. temperature=ambient, Volume std. pressure=ambient
potassium, ug/m3, Revision date=20181210133000
numflag potassium, no unit, Revision date=20181210133000
sulphate_total, ug S/m3, Revision date=20181210133000
numflag sulphate_total, no unit, Revision date=20181210133000
0
25
Data definition:              EBAS_1.1
Set type code:                TU
Timezone:                     UTC
File name:                    US2705R.20020102070000.20191216000000.filterpack..pm25.52w.1w.US03L_filterpack_US2705.US03L_IMPROVE_Davis.lev2.nas
File creation:                20191218120357
Startdate:                    20020102070000
Revision date:                20191216000000
Statistics:                   arithmetic mean
Data level:                   2
Period code:                  52w
Resolution code:              1w
Station code:                 US2705R
Platform code:                US2705S
Station name:                 Glacier National Park-Fire Weather Station (MT05)
Station latitude:             48.5103
Station longitude:            -113.9958
Station altitude:             980.0 m
Regime:                       IMG
Component:                    
Matrix:                       pm25
Laboratory code:              US03L
Instrument type:              filterpack
Instrument name:              filterpack_US2705
Method ref:                   US03L_IMPROVE_Davis
starttime endtime Fe flag_Fe Pb flag_Pb Mg++ flag_Mg++ Ni flag_Ni NO3- flag_NO3- OC flag_OC OM flag_OM P flag_P PM10 flag_PM10 PM10-PM2.5 flag_PM10-PM2.5 PM2.5 flag_PM2.5 K+ flag_K+ SO4-- flag_SO4--
[from data line 71]
214.291667 215.291667   91.24 0.559000  0.39 0.559000000 0.050 0.559000000 9.99 0.559259000 0.012 0.559000000  0.560 0.000   0.784 0.000 999.99 0.559259000   6.818 0.000   4.001 0.000   2.817 0.559 0.060 0.559000 0.204 0.559000
217.291667 218.291667   63.65 0.559000  0.27 0.559000000 9.999 0.559259000 0.32 0.559000000 0.022 0.559000000  2.654 0.000   3.716 0.000 999.99 0.559259000   8.793 0.000   1.609 0.000   7.184 0.559 0.054 0.559000 0.172 0.559000
220.291667 221.291667  266.57 0.559000  0.49 0.559000000 9.999 0.559259000 9.99 0.559259000 0.020 0.559000000  1.551 0.000   2.172 0.000 999.99 0.559259000  15.530 0.000   9.667 0.000   5.864 0.559 0.209 0.559000 0.115 0.559000
223.291667 224.291667  130.14 0.559000 99.99 0.559259000 9.999 0.559259000 0.07 0.559000000 0.009 0.559000000  1.065 0.000   1.492 0.000 999.99 0.559259000   9.329 0.000   5.610 0.000   3.719 0.559 0.112 0.559000 0.104 0.559000
226.291667 227.291667   55.90 0.559000  0.29 0.559000000 0.034 0.559000000 9.99 0.559259000 0.012 0.000000000  0.809 0.000   1.132 0.000 999.99 0.559259000  11.253 0.000   7.945 0.000   3.308 0.559 0.034 0.559000 0.096 0.000000
229.291667 230.291667   84.74 0.559000  0.44 0.559000000 9.999 0.559259000 9.99 0.559259000 0.020 0.000000000  1.284 0.000   1.797 0.000 999.99 0.559259000  13.220 0.000   8.678 0.000   4.542 0.559 0.050 0.559000 0.090 0.000000
232.291667 233.291667 9999.99 0.999000 99.99 0.999000000 9.999 0.999000000 9.99 0.999000000 9.999 0.999000000 99.999 0.999 999.999 0.999 999.99 0.999000000 999.999 0.999 999.999 0.999 999.999 0.999 9.999 0.999000 9.999 0.999000
235.291667 236.291667 9999.99 0.999000 99.99 0.999000000 9.999 0.999000000 9.99 0.999000000 9.999 0.999000000 99.999 0.999 999.999 0.999 999.99 0.999000000 999.999 0.999 999.999 0.999 999.999 0.999 9.999 0.999000 9.999 0.999000
238.291667 239.291667 9999.99 0.999000 99.99 0.999000000 9.999 0.999000000 9.99 0.999000000 9.999 0.999000000 99.999 0.999 999.999 0.999 999.99 0.999000000 999.999 0.999 999.999 0.999 999.999 0.999 9.999 0.999000 9.999 0.999000
241.291667 242.291667  107.67 0.559000  0.50 0.559000000 9.999 0.559259000 0.15 0.559000000 0.021 0.559000000  2.005 0.000   2.807 0.000 999.99 0.559259000  10.907 0.000   5.141 0.000   5.765 0.559 0.049 0.559000 0.157 0.559000
244.291667 245.291667   92.51 0.559000  1.03 0.559000000 0.032 0.559000000 0.10 0.559000000 0.015 0.000000000  0.888 0.000   1.243 0.000 999.99 0.559259000  11.264 0.000   7.527 0.000   3.737 0.559 0.044 0.559000 0.120 0.000000
247.291667 248.291667   11.91 0.559000  0.32 0.559000000 9.999 0.559259000 9.99 0.559259000 0.010 0.000000000  0.653 0.000   0.914 0.000   9.91 0.559000000   4.461 0.000   2.103 0.000   2.358 0.559 0.016 0.559000 0.119 0.000000
250.291667 251.291667   40.47 0.559000  0.63 0.559000000 9.999 0.559259000 9.99 0.559259000 0.036 0.000000000  0.809 0.000   1.133 0.000 999.99 0.559259000   5.892 0.000   2.649 0.000   3.243 0.559 0.034 0.559000 0.213 0.000000
253.291667 254.291667   71.48 0.559000  0.80 0.559000000 9.999 0.559259000 9.99 0.559259000 0.022 0.559000000  1.603 0.000   2.244 0.000 999.99 0.559259000  10.564 0.000   4.442 0.000   6.122 0.559 0.036 0.559000 0.099 0.559000
256.291667 257.291667  125.57 0.559000  0.99 0.559000000 0.030 0.559000000 9.99 0.559259000 0.032 0.000000000  2.089 0.000   2.925 0.000 999.99 0.559259000  14.520 0.000   6.888 0.000   7.632 0.559 0.075 0.559000 0.348 0.000000
259.291667 260.291667 9999.99 0.699000 99.99 0.699000000 9.999 0.699000000 9.99 0.699000000 9.999 0.699000000 99.999 0.999 999.999 0.999 999.99 0.699000000   7.746 0.000 999.999 0.999 999.999 0.699 9.999 0.699000 9.999 0.699000
262.291667 263.291667 9999.99 0.999000 99.99 0.999000000 9.999 0.999000000 9.99 0.999000000 9.999 0.999000000 99.999 0.999 999.999 0.999 999.99 0.999000000 999.999 0.999 999.999 0.999 999.999 0.999 9.999 0.999000 9.999 0.999000
265.291667 266.291667 9999.99 0.999000 99.99 0.999000000 9.999 0.999000000 9.99 0.999000000 9.999 0.999000000 99.999 0.999 999.999 0.999 999.99 0.999000000 999.999 0.999 999.999 0.999 999.999 0.999 9.999 0.999000 9.999 0.999000
268.291667 269.291667  114.23 0.559000  1.20 0.559000000 9.999 0.559259000 0.22 0.559000000 9.999 0.999000000  2.745 0.000   3.842 0.000 999.99 0.559259000  16.956 0.000   9.813 0.000   7.143 0.559 0.079 0.559000 9.999 0.999000
271.291667 272.291667   75.74 0.559000  0.82 0.559000000 0.030 0.559000000 9.99 0.559259000 9.999 0.999000000  1.446 0.000   2.025 0.000 999.99 0.559259000   6.479 0.000   2.990 0.000   3.489 0.559 0.031 0.559000 9.999 0.999000
274.291667 275.291667   33.09 0.559000  0.60 0.559000000 0.025 0.559000000 9.99 0.559259000 9.999 0.999000000  1.512 0.000   2.116 0.000 999.99 0.559259000   5.632 0.000   2.225 0.000   3.407 0.559 0.027 0.559000 9.999 0.999000
277.291667 278.291667   40.73 0.559000  1.12 0.559000000 9.999 0.559259000 9.99 0.559259000 9.999 0.999000000  1.586 0.000   2.220 0.000 999.99 0.559259000   5.759 0.000   1.776 0.000   3.982 0.559 0.044 0.559000 9.999 0.999000
280.291667 281.291667   24.07 0.559000  0.33 0.559000000 0.027 0.559000000 9.99 0.559259000 9.999 0.999000000  1.292 0.000   1.808 0.000 999.99 0.559259000   6.677 0.000   3.566 0.000   3.112 0.559 0.037 0.559000 9.999 0.999000
283.291667 284.291667   22.14 0.559000  0.48 0.559000000 0.020 0.559000000 9.99 0.559259000 9.999 0.999000000  0.695 0.000   0.972 0.000 999.99 0.559259000   3.153 0.000   1.229 0.000   1.924 0.559 0.018 0.559000 9.999 0.999000
286.291667 287.291667   96.46 0.000000  1.65 0.000000000 9.999 0.259000000 9.99 0.259000000 9.999 0.999000000  2.620 0.000   3.669 0.000 999.99 0.259000000   8.691 0.000   2.720 0.000   5.971 0.000 0.058 0.000000 9.999 0.999000
289.291667 290.291667  138.55 0.559000  0.95 0.559000000 9.999 0.559259000 9.99 0.559259000 9.999 0.999000000  3.045 0.000   4.264 0.000 999.99 0.559259000  11.941 0.000   4.207 0.000   7.734 0.559 0.059 0.559000 9.999 0.999000
292.291667 293.291667  171.32 0.559000  2.44 0.559000000 9.999 0.559259000 0.15 0.559000000 9.999 0.999000000  5.120 0.000   7.167 0.000 999.99 0.559259000  16.938 0.000   5.231 0.000  11.706 0.559 0.096 0.559000 9.999 0.999000
295.291667 296.291667   38.40 0.559000  0.47 0.559000000 9.999 0.559259000 9.99 0.559259000 0.010 0.559000000  0.579 0.000   0.810 0.000 999.99 0.559259000   4.346 0.000   1.053 0.000   3.293 0.559 0.016 0.559000 0.373 0.559000
298.291667 299.291667  149.49 0.559000  0.99 0.559000000 0.029 0.559000000 9.99 0.559259000 0.073 0.000000000  3.898 0.000   5.458 0.000 999.99 0.559259000  14.191 0.000   4.204 0.000   9.987 0.559 0.067 0.559000 0.306 0.000000
301.291667 302.291667    4.95 0.000000  0.55 0.000000000 9.999 0.259000000 9.99 0.259000000 9.999 0.999000000  0.282 0.000   0.396 0.000 999.99 0.259000000   3.615 0.000   1.025 0.000   2.591 0.000 0.009 0.000000 9.999 0.999000
304.291667 305.291667   96.71 0.559000  0.95 0.559000000 9.999 0.559259000 0.07 0.559000000 9.999 0.999000000  4.575 0.000   6.405 0.000 999.99 0.559259000  12.492 0.000   2.156 0.000  10.335 0.559 0.086 0.559000 9.999 0.999000
307.291667 308.291667  120.43 0.559000  1.94 0.559000000 9.999 0.559259000 0.17 0.559000000 9.999 0.999000000  7.971 0.000  11.159 0.000 999.99 0.559259000  22.188 0.000   4.926 0.000  17.262 0.559 0.143 0.559000 9.999 0.999000
310.291667 311.291667  149.64 0.559000  1.15 0.559000000 9.999 0.559259000 9.99 0.559259000 0.110 0.000000000  6.817 0.000   9.544 0.000 999.99 0.559259000  18.218 0.000   4.397 0.000  13.822 0.559 0.138 0.559000 0.144 0.000000
313.291667 314.291667   35.32 0.559000  1.48 0.559000000 9.999 0.559259000 9.99 0.559259000 0.109 0.000000000  3.832 0.000   5.364 0.000 999.99 0.559259000   7.754 0.000 999.999 0.259   8.307 0.559 0.104 0.559000 0.114 0.000000
316.291667 317.291667   21.24 0.559000  0.63 0.559000000 9.999 0.559259000 9.99 0.559259000 0.074 0.000000000  3.231 0.000   4.523 0.000 999.99 0.559259000   6.561 0.000   0.176 0.000   6.385 0.559 0.072 0.559000 0.079 0.000000
319.291667 320.291667  102.44 0.559000  2.55 0.559000000 9.999 0.559259000 0.34 0.559000000 0.102 0.000000000  7.420 0.000  10.387 0.000 999.99 0.559259000  15.218 0.000 999.999 0.259  15.365 0.559 0.118 0.559000 0.271 0.000000
322.291667 323.291667   42.75 0.559000  0.49 0.559000000 9.999 0.559259000 9.99 0.559259000 0.010 0.000000000  0.882 0.000   1.234 0.000 999.99 0.559259000   1.925 0.000   0.337 0.000   1.589 0.559 0.016 0.559000 0.031 0.000000
325.291667 326.291667   14.49 0.559000  0.57 0.559000000 9.999 0.559259000 0.18 0.559000000 0.131 0.000000000  2.086 0.000   2.921 0.000 999.99 0.559259000   6.092 0.000   0.991 0.000   5.101 0.559 0.046 0.559000 0.233 0.000000
328.291667 329.291667   66.60 0.000000  0.84 0.000000000 9.999 0.259000000 0.10 0.000000000 0.098 0.559000000  3.487 0.000   4.882 0.000 999.99 0.259000000  10.159 0.000   3.053 0.000   7.107 0.000 0.050 0.000000 0.146 0.559000
331.291667 332.291667   57.64 0.000000  1.40 0.000000000 9.999 0.259000000 0.20 0.000000000 0.365 0.000000000  8.200 0.000  11.481 0.000 999.99 0.259000000  22.495 0.000   3.025 0.000  19.470 0.000 0.116 0.000000 0.622 0.000000
334.291667 335.291667   17.44 0.559000  0.55 0.559000000 9.999 0.559259000 0.23 0.559000000 0.162 0.000000000  3.481 0.000   4.874 0.000 999.99 0.559259000  11.801 0.000   0.435 0.000  11.367 0.559 0.090 0.559000 0.728 0.000000
337.291667 338.291667   16.77 0.000000  0.41 0.000000000 0.020 0.000000000 9.99 0.259000000 0.138 0.559000000  1.526 0.000   2.136 0.000 999.99 0.259000000   8.137 0.000   1.777 0.000   6.360 0.000 0.020 0.000000 0.709 0.559000
340.291667 341.291667   34.79 0.559000  0.85 0.559000000 9.999 0.559259000 0.19 0.559000000 0.493 0.000000000  4.286 0.000   6.001 0.000 999.99 0.559259000  12.946 0.000   0.400 0.000  12.546 0.559 0.078 0.559000 0.338 0.000000
343.291667 344.291667   10.90 0.559000  0.57 0.559000000 9.999 0.559259000 9.99 0.559259000 0.436 0.559000000  1.622 0.000   2.271 0.000 999.99 0.559259000   7.783 0.000   0.267 0.000   7.516 0.559 0.036 0.559000 0.521 0.559000
346.291667 347.291667   21.22 0.559000  0.31 0.559000000 9.999 0.559259000 9.99 0.559259000 0.091 0.000000000  1.374 0.000   1.923 0.000 999.99 0.559259000   3.980 0.000   0.078 0.000   3.902 0.559 0.024 0.559000 0.139 0.000000
349.291667 350.291667   37.20 0.559000  0.14 0.559000000 9.999 0.559259000 9.99 0.559259000 0.015 0.000000000  0.679 0.000   0.951 0.000 999.99 0.559259000   1.936 0.000   0.601 0.000   1.336 0.559 0.008 0.559000 0.027 0.000000
352.291667 353.291667   28.13 0.559000  0.25 0.559000000 9.999 0.559259000 0.27 0.559000000 0.076 0.000000000  1.573 0.000   2.202 0.000 999.99 0.559259000   3.707 0.000   0.202 0.000   3.505 0.559 0.030 0.559000 0.088 0.000000
355.291667 356.291667   15.45 0.559000  0.29 0.559000000 0.044 0.559000000 9.99 0.559259000 0.026 0.000000000  1.285 0.000   1.799 0.000 999.99 0.559259000   3.218 0.000   0.740 0.000   2.478 0.559 0.012 0.559000 0.063 0.000000
358.291667 359.291667   18.91 0.559000  0.63 0.559000000 9.999 0.559259000 0.15 0.559000000 0.246 0.000000000  2.778 0.000   3.889 0.000 999.99 0.559259000   8.478 0.000   1.501 0.000   6.977 0.559 0.046 0.559000 0.152 0.000000
361.291667 362.291667   26.80 0.559000  0.68 0.559000000 0.054 0.559000000 9.99 0.559259000 0.017 0.000000000  0.653 0.000   0.914 0.000 999.99 0.559259000   1.978 0.000   0.497 0.000   1.481 0.559 0.013 0.559000 0.107 0.000000
364.291667 365.291667    4.43 0.559000  0.49 0.559000000 9.999 0.559259000 9.99 0.559259000 0.017 0.559000000  0.942 0.000   1.319 0.000 999.99 0.559259000   2.396 0.000   0.002 0.000   2.395 0.559 0.052 0.559000 0.082 0.559000
