scripts/IMPROVE-2019_partial/data/US2705R.19920101070000.20191216000000.filterpack...1y.3d.US03L_filterpack_US2705.US03L_IMPROVE_Davis.lev2.nas
52 1001
MISSING INFORMATION
US03L, IMPROVE, , , , , , , 
MISSING INFORMATION
IMPROVE sel_HTAP
1 1
1992 01 01 2019 12 16
0
days from file reference point
5
1 1 1 1 1
999.999999 9999.999 9.999 999.999 9.999
end_time of measurement, days from the file reference point
pm10_mass, ug/m3, Matrix=pm10
numflag pm10_mass, no unit, Matrix=pm10
pm25_mass, ug/m3, Matrix=pm25
numflag pm25_mass, no unit, Matrix=pm25
0
33
Data definition:              EBAS_1.1
Set type code:                TI
Timezone:                     UTC
File name:                    US2705R.19920101070000.20191216000000.filterpack...1y.3d.US03L_filterpack_US2705.US03L_IMPROVE_Davis.lev2.nas
File creation:                20191218120356
Startdate:                    19920101070000
Revision date:                20191216000000
Version:                      2
Version description:          "Data extracted from http://views.cira.colostate.edu/fed/DataWizard 2019-12-16"
Statistics:                   arithmetic mean
Data level:                   2
Period code:                  1y
Resolution code:              3d
Sample duration:              1d
Orig. time res.:              3d
Station code:                 US2705R
Platform code:                US2705S
Station name:                 Glacier National Park-Fire Weather Station (MT05)
Station latitude:             48.5103
Station longitude:            -113.9958
Station altitude:             980.0 m
Regime:                       IMG
Component:                    
Unit:                         ug/m3
Matrix:                       
Laboratory code:              US03L
Instrument type:              filterpack
Instrument name:              filterpack_US2705
Method ref:                   US03L_IMPROVE_Davis
Blank correction:             Blank corrected
Volume std. temperature:      ambient
Volume std. pressure:         ambient
starttime endtime PM10 flag_PM10 PM2.5 flag_PM2.5
  0.291667   1.291667   26.081 0.000  16.497 0.559
  3.291667   4.291667   11.991 0.000   7.325 0.559
  7.291667   8.291667   10.681 0.000   5.517 0.559
 10.291667  11.291667   12.016 0.000   6.282 0.559
 14.291667  15.291667   10.480 0.000   6.321 0.559
 17.291667  18.291667    9.397 0.000   8.522 0.559
 21.291667  22.291667   16.130 0.000   4.984 0.559
 24.291667  25.291667    8.776 0.000   3.628 0.559
 28.291667  29.291667    4.557 0.000   2.397 0.559
 31.291667  32.291667   10.129 0.000   4.603 0.559
 35.291667  36.291667   17.257 0.000   7.066 0.559
 38.291667  39.291667   22.146 0.000  15.238 0.559
 42.291667  43.291667   13.782 0.000   6.865 0.559
 45.291667  46.291667   10.504 0.000   4.201 0.559
 49.291667  50.291667    7.724 0.000   1.344 0.559
 52.291667  53.291667    4.958 0.000   2.688 0.559
 56.291667  57.291667   10.041 0.000   4.750 0.559
 59.291667  60.291667   16.446 0.000  12.500 0.000
 63.291667  64.291667   11.872 0.000   4.543 0.000
 66.291667  67.291667   15.404 0.000   6.667 0.000
 70.291667  71.291667   17.976 0.000   9.495 0.000
 73.291667  74.291667   16.967 0.000   8.644 0.000
 77.291667  78.291667    6.895 0.000   2.941 0.000
 80.291667  81.291667    7.661 0.000   4.201 0.000
 84.291667  85.291667   29.215 0.000  12.038 0.000
 87.291667  88.291667    6.706 0.000   5.545 0.000
 91.291667  92.291667   20.667 0.000   7.900 0.000
 94.291667  95.291667   12.757 0.000   4.075 0.000
 98.291667  99.291667   10.857 0.000   7.453 0.000
101.291667 102.291667    7.934 0.000   4.721 0.000
105.291667 106.291667    6.210 0.000   3.793 0.000
108.291667 109.291667    3.266 0.000   1.682 0.000
112.291667 113.291667    6.970 0.000   3.364 0.000
115.291667 116.291667   11.355 0.000   4.303 0.000
119.291667 120.291667   14.739 0.000   5.429 0.000
122.291667 123.291667    9.918 0.000   4.815 0.000
126.291667 127.291667   28.765 0.000  14.560 0.000
129.291667 130.291667   11.142 0.000   3.251 0.000
133.291667 134.291667 9999.999 0.999   3.506 0.000
136.291667 137.291667   11.746 0.000   2.530 0.000
140.291667 141.291667   12.957 0.000   5.394 0.000
143.291667 144.291667   10.337 0.000   4.724 0.000
147.291667 148.291667 9999.999 0.999 999.999 0.999
150.291667 151.291667    4.518 0.000   2.134 0.000
154.291667 155.291667   19.280 0.000   4.006 0.000
157.291667 158.291667    7.589 0.000   4.098 0.000
161.291667 162.291667   24.297 0.000  10.942 0.000
164.291667 165.291667    8.474 0.000   1.075 0.000
168.291667 169.291667    9.923 0.000   5.493 0.000
171.291667 172.291667   21.985 0.000   7.939 0.000
175.291667 176.291667   19.526 0.000   6.563 0.000
178.291667 179.291667   15.896 0.000   6.918 0.000
182.291667 183.291667    3.815 0.000   0.463 0.000
185.291667 186.291667    9.762 0.000   4.441 0.000
189.291667 190.291667    9.004 0.000   4.893 0.000
192.291667 193.291667    6.628 0.000   2.294 0.000
196.291667 197.291667   10.361 0.000   3.272 0.000
199.291667 200.291667   16.859 0.000   6.909 0.000
203.291667 204.291667   20.576 0.000   6.707 0.000
206.291667 207.291667   10.000 0.000   5.030 0.000
210.291667 211.291667   15.109 0.000   3.834 0.000
213.291667 214.291667   22.362 0.000   7.654 0.000
217.291667 218.291667   26.810 0.000   9.483 0.000
220.291667 221.291667    6.272 0.000   2.553 0.000
224.291667 225.291667   20.662 0.000   4.526 0.000
227.291667 228.291667   37.148 0.000  10.523 0.000
231.291667 232.291667   21.055 0.000   9.268 0.000
234.291667 235.291667 9999.999 0.999 999.999 0.999
238.291667 239.291667   15.598 0.000   6.543 0.000
241.291667 242.291667    6.564 0.000   3.426 0.000
245.291667 246.291667   26.512 0.000   9.904 0.000
248.291667 249.291667  126.151 0.000  16.603 0.000
252.291667 253.291667    4.457 0.000   2.057 0.000
255.291667 256.291667   10.833 0.000   4.905 0.000
259.291667 260.291667    7.549 0.000   4.057 0.000
262.291667 263.291667   15.409 0.000   6.730 0.000
266.291667 267.291667   12.812 0.000   5.962 0.000
269.291667 270.291667    8.398 0.000   4.637 0.000
273.291667 274.291667   11.527 0.000   6.301 0.000
276.291667 277.291667   20.584 0.000   9.346 0.000
280.291667 281.291667   10.742 0.000   5.849 0.000
283.291667 284.291667   12.930 0.000   6.918 0.000
287.291667 288.291667   11.960 0.000   7.091 0.000
290.291667 291.291667   13.600 0.000  11.209 0.000
294.291667 295.291667   19.722 0.000  13.281 0.000
297.291667 298.291667   13.016 0.000   8.349 0.000
301.291667 302.291667    5.447 0.000   3.820 0.000
304.291667 305.291667   10.623 0.000   8.781 0.000
308.291667 309.291667   12.892 0.000  10.596 0.000
311.291667 312.291667    9.567 0.000   8.354 0.000
315.291667 316.291667    7.743 0.000   5.559 0.000
318.291667 319.291667    7.063 0.000   5.463 0.000
322.291667 323.291667    7.842 0.000   5.196 0.000
325.291667 326.291667    8.050 0.000   6.206 0.000
329.291667 330.291667    9.919 0.000   7.290 0.000
332.291667 333.291667   18.415 0.000  16.883 0.000
336.291667 337.291667    2.510 0.000   1.891 0.000
339.291667 340.291667    6.461 0.000   5.258 0.000
343.291667 344.291667    6.736 0.000   1.677 0.000
346.291667 347.291667    5.950 0.000   5.097 0.000
350.291667 351.291667    9.405 0.000   4.222 0.000
353.291667 354.291667    7.778 0.000   5.836 0.000
357.291667 358.291667 9999.999 0.999   1.881 0.000
360.291667 361.291667    2.511 0.000   1.628 0.000
364.291667 365.291667    5.315 0.000   3.108 0.000
