scripts/IMPROVE-2019_partial/data/US2705R.20170101070000.20191216000000.filterpack...52w.3d.US03L_filterpack_US2705.US03L_IMPROVE_Davis.lev2.nas
52 1001
MISSING INFORMATION
US03L, IMPROVE, , , , , , , 
MISSING INFORMATION
IMPROVE sel_HTAP
1 1
2017 01 01 2019 12 16
3.000000
days from file reference point
5
1 1 1 1 1
999.999999 9999.999 9.999 999.999 9.999
end_time of measurement, days from the file reference point
pm10_mass, ug/m3, Matrix=pm10
numflag pm10_mass, no unit, Matrix=pm10
pm25_mass, ug/m3, Matrix=pm25
numflag pm25_mass, no unit, Matrix=pm25
0
33
Data definition:              EBAS_1.1
Set type code:                TU
Timezone:                     UTC
File name:                    US2705R.20170101070000.20191216000000.filterpack...52w.3d.US03L_filterpack_US2705.US03L_IMPROVE_Davis.lev2.nas
File creation:                20191218120400
Startdate:                    20170101070000
Revision date:                20191216000000
Version:                      2
Version description:          "Data extracted from http://views.cira.colostate.edu/fed/DataWizard 2019-12-16"
Statistics:                   arithmetic mean
Data level:                   2
Period code:                  52w
Resolution code:              3d
Sample duration:              1d
Orig. time res.:              3d
Station code:                 US2705R
Platform code:                US2705S
Station name:                 Glacier National Park-Fire Weather Station (MT05)
Station latitude:             48.5103
Station longitude:            -113.9958
Station altitude:             980.0 m
Regime:                       IMG
Component:                    
Unit:                         ug/m3
Matrix:                       
Laboratory code:              US03L
Instrument type:              filterpack
Instrument name:              filterpack_US2705
Method ref:                   US03L_IMPROVE_Davis
Blank correction:             Blank corrected
Volume std. temperature:      ambient
Volume std. pressure:         ambient
starttime endtime PM10 flag_PM10 PM2.5 flag_PM2.5
  0.291667   1.291667    2.758 0.000   2.206 0.000
  3.291667   4.291667    4.025 0.000   3.280 0.000
  6.291667   7.291667    2.977 0.000   2.269 0.000
  9.291667  10.291667    2.005 0.000   1.466 0.000
 12.291667  13.291667    7.708 0.000   6.315 0.000
 15.291667  16.291667   11.723 0.000  10.365 0.000
 18.291667  19.291667    4.765 0.000   4.922 0.000
 21.291667  22.291667    1.228 0.000   1.022 0.000
 24.291667  25.291667    4.097 0.000   3.623 0.000
 27.291667  28.291667    3.709 0.000   2.878 0.000
 30.291667  31.291667    1.838 0.000   1.070 0.000
 33.291667  34.291667    3.072 0.000   2.066 0.000
 36.291667  37.291667    2.273 0.000   2.411 0.000
 39.291667  40.291667    0.806 0.000   0.746 0.000
 42.291667  43.291667    2.514 0.000   1.526 0.000
 45.291667  46.291667    9.070 0.000   6.697 0.000
 48.291667  49.291667    0.971 0.000   0.686 0.000
 51.291667  52.291667    1.319 0.000   0.969 0.000
 54.291667  55.291667    3.816 0.000   1.905 0.000
 57.291667  58.291667    2.696 0.000   2.364 0.000
 60.291667  61.291667    1.940 0.000   1.126 0.000
 63.291667  64.291667    1.394 0.000   1.120 0.000
 66.291667  67.291667    1.096 0.000   0.951 0.000
 69.291667  70.291667    2.229 0.000   1.593 0.000
 72.291667  73.291667    0.424 0.000   0.370 0.000
 75.291667  76.291667    4.228 0.000   2.477 0.000
 78.291667  79.291667    2.579 0.000   1.193 0.000
 81.291667  82.291667    1.931 0.000   1.194 0.000
 84.291667  85.291667    2.179 0.000   1.536 0.000
 87.291667  88.291667    0.798 0.000   0.429 0.000
 90.291667  91.291667    4.921 0.000   3.312 0.000
 93.291667  94.291667    3.456 0.000   2.045 0.000
 96.291667  97.291667    1.465 0.000   1.023 0.000
 99.291667 100.291667    2.497 0.000   1.753 0.000
102.291667 103.291667    0.836 0.000   0.922 0.000
105.291667 106.291667    2.223 0.000   1.377 0.000
108.291667 109.291667    3.886 0.000   2.469 0.000
111.291667 112.291667    3.139 0.000   2.356 0.000
114.291667 115.291667    2.675 0.000   1.901 0.000
117.291667 118.291667    2.519 0.000   1.673 0.000
120.291667 121.291667    3.441 0.000   1.866 0.000
123.291667 124.291667    6.601 0.000   2.709 0.000
126.291667 127.291667    2.093 0.000   1.224 0.000
129.291667 130.291667    8.777 0.000   3.888 0.000
132.291667 133.291667    2.759 0.000   1.416 0.000
135.291667 136.291667    3.355 0.000   1.809 0.000
138.291667 139.291667    8.213 0.000   3.304 0.000
141.291667 142.291667   10.460 0.000   4.800 0.000
144.291667 145.291667    2.407 0.000   0.858 0.000
147.291667 148.291667   10.260 0.000   5.318 0.000
150.291667 151.291667   22.175 0.000   5.780 0.000
153.291667 154.291667    9.832 0.000   2.958 0.000
156.291667 157.291667   14.006 0.000   3.492 0.000
159.291667 160.291667    9.252 0.000   1.503 0.000
162.291667 163.291667   11.007 0.000   2.513 0.000
165.291667 166.291667    7.489 0.000   2.943 0.000
168.291667 169.291667    7.332 0.000   3.272 0.000
171.291667 172.291667   12.329 0.000   2.473 0.000
174.291667 175.291667   10.191 0.000   3.250 0.000
177.291667 178.291667   11.904 0.000   4.128 0.000
180.291667 181.291667   15.748 0.000   4.850 0.000
183.291667 184.291667   28.522 0.000   7.052 0.000
186.291667 187.291667   48.199 0.000  10.291 0.000
189.291667 190.291667   35.658 0.000   8.619 0.000
192.291667 193.291667   19.184 0.000   6.245 0.000
195.291667 196.291667   25.866 0.000   7.105 0.000
198.291667 199.291667   29.762 0.000   9.311 0.000
201.291667 202.291667   38.144 0.000   8.187 0.000
204.291667 205.291667   25.554 0.000   4.987 0.000
207.291667 208.291667   35.849 0.000  11.324 0.000
210.291667 211.291667   33.968 0.000   6.374 0.000
213.291667 214.291667   17.814 0.000   6.239 0.000
216.291667 217.291667   19.006 0.000   8.184 0.000
219.291667 220.291667   30.261 0.000  23.829 0.000
222.291667 223.291667 9999.999 0.999 999.999 0.999
225.291667 226.291667   14.821 0.000   5.775 0.000
228.291667 229.291667   31.924 0.000  12.390 0.000
231.291667 232.291667   36.714 0.000  15.164 0.000
234.291667 235.291667   27.491 0.000  14.015 0.000
237.291667 238.291667   20.074 0.000   6.521 0.000
240.291667 241.291667   44.958 0.000  28.540 0.000
243.291667 244.291667   33.736 0.000  17.074 0.000
246.291667 247.291667   51.846 0.000  40.133 0.659
249.291667 250.291667  695.639 0.659 999.999 0.699
252.291667 253.291667   30.582 0.000  17.415 0.000
255.291667 256.291667   92.168 0.000  55.950 0.659
258.291667 259.291667   27.202 0.000  22.617 0.000
261.291667 262.291667    3.151 0.000   1.792 0.000
264.291667 265.291667    4.930 0.000   3.650 0.000
267.291667 268.291667   11.235 0.000   8.231 0.000
270.291667 271.291667   16.607 0.000  11.896 0.000
273.291667 274.291667    3.742 0.000   2.092 0.000
276.291667 277.291667   13.952 0.000  11.480 0.000
279.291667 280.291667    8.354 0.000   1.968 0.000
282.291667 283.291667    7.410 0.000   4.989 0.000
285.291667 286.291667    3.631 0.000   2.770 0.000
288.291667 289.291667    6.107 0.000   3.928 0.000
291.291667 292.291667    9.444 0.000   6.226 0.000
294.291667 295.291667    1.639 0.000   0.625 0.000
297.291667 298.291667    8.542 0.000   6.021 0.000
300.291667 301.291667   11.501 0.000   9.739 0.000
303.291667 304.291667   16.181 0.000  12.665 0.000
306.291667 307.291667    4.683 0.000   2.731 0.000
309.291667 310.291667    6.872 0.000   5.730 0.000
312.291667 313.291667   15.772 0.000  15.074 0.000
315.291667 316.291667    7.464 0.000   6.812 0.000
318.291667 319.291667    4.957 0.000   3.607 0.000
321.291667 322.291667    2.242 0.000   1.552 0.000
324.291667 325.291667    3.802 0.000   2.986 0.000
327.291667 328.291667    1.765 0.000   1.089 0.000
330.291667 331.291667    1.092 0.000   0.437 0.000
333.291667 334.291667    3.438 0.000   2.423 0.000
336.291667 337.291667 9999.999 0.456   1.797 0.000
339.291667 340.291667    2.348 0.000   0.949 0.000
342.291667 343.291667    4.767 0.000   2.947 0.000
345.291667 346.291667    9.297 0.000   6.112 0.000
348.291667 349.291667    5.893 0.000   5.333 0.000
351.291667 352.291667    0.843 0.000   0.655 0.000
354.291667 355.291667    2.398 0.000   1.847 0.000
357.291667 358.291667    1.618 0.000   1.191 0.000
360.291667 361.291667    4.278 0.000   3.694 0.000
363.291667 364.291667    1.446 0.000   1.134 0.000
