scripts/IMPROVE-2019_partial/data/US2705R.19980103070000.20191216000000.filterpack...1y.3d.US03L_filterpack_US2705.US03L_IMPROVE_Davis.lev2.nas
51 1001
MISSING INFORMATION
US03L, IMPROVE, , , , , , , 
MISSING INFORMATION
IMPROVE sel_HTAP
1 1
1998 01 01 2019 12 16
0
days from file reference point
4
1 1 1 1
999.999999 999.999 999.999 9.999
end_time of measurement, days from the file reference point
pm10_mass, ug/m3, Matrix=pm10
pm25_mass, ug/m3, Matrix=pm25
numflag, no unit
0
33
Data definition:              EBAS_1.1
Set type code:                TI
Timezone:                     UTC
File name:                    US2705R.19980103070000.20191216000000.filterpack...1y.3d.US03L_filterpack_US2705.US03L_IMPROVE_Davis.lev2.nas
File creation:                20191218120357
Startdate:                    19980103070000
Revision date:                20191216000000
Version:                      2
Version description:          "Data extracted from http://views.cira.colostate.edu/fed/DataWizard 2019-12-16"
Statistics:                   arithmetic mean
Data level:                   2
Period code:                  1y
Resolution code:              3d
Sample duration:              1d
Orig. time res.:              3d
Station code:                 US2705R
Platform code:                US2705S
Station name:                 Glacier National Park-Fire Weather Station (MT05)
Station latitude:             48.5103
Station longitude:            -113.9958
Station altitude:             980.0 m
Regime:                       IMG
Component:                    
Unit:                         ug/m3
Matrix:                       
Laboratory code:              US03L
Instrument type:              filterpack
Instrument name:              filterpack_US2705
Method ref:                   US03L_IMPROVE_Davis
Blank correction:             Blank corrected
Volume std. temperature:      ambient
Volume std. pressure:         ambient
starttime endtime PM10 PM2.5 flag
  2.291667   3.291667   2.900   1.797 0.000
  6.291667   7.291667   2.269   1.656 0.000
  9.291667  10.291667   7.444   4.340 0.000
 13.291667  14.291667  18.074  12.589 0.000
 16.291667  17.291667   3.955   3.441 0.000
 20.291667  21.291667  10.684   3.286 0.000
 23.291667  24.291667   9.185   2.747 0.000
 27.291667  28.291667   8.175   3.393 0.000
 30.291667  31.291667   7.384   4.756 0.000
 34.291667  35.291667   6.071   2.715 0.000
 37.291667  38.291667   4.930   3.630 0.000
 41.291667  42.291667   4.486   2.967 0.000
 44.291667  45.291667   5.032   2.168 0.000
 48.291667  49.291667  11.749   5.575 0.000
 51.291667  52.291667   5.110   2.746 0.000
 55.291667  56.291667   7.796   3.928 0.000
 58.291667  59.291667   6.859   4.043 0.000
 62.291667  63.291667   4.960   3.754 0.000
 65.291667  66.291667   7.879   4.974 0.000
 69.291667  70.291667   6.903   5.185 0.000
 72.291667  73.291667  10.729   7.068 0.000
 76.291667  77.291667   5.919   3.861 0.000
 79.291667  80.291667   6.440   4.559 0.000
 83.291667  84.291667   5.115   2.760 0.000
 86.291667  87.291667   9.559   2.396 0.000
 90.291667  91.291667   8.013   4.659 0.000
 93.291667  94.291667   4.617   3.989 0.000
 97.291667  98.291667   9.288   3.317 0.000
100.291667 101.291667   3.689   2.840 0.000
104.291667 105.291667   4.772   2.716 0.000
107.291667 108.291667  11.844   6.451 0.000
111.291667 112.291667  19.478   8.951 0.000
114.291667 115.291667  13.381   2.778 0.000
118.291667 119.291667  46.405  18.652 0.000
121.291667 122.291667  20.139   7.770 0.000
125.291667 126.291667  79.471  46.420 0.000
128.291667 129.291667  11.259   4.600 0.000
132.291667 133.291667  14.618   5.721 0.000
135.291667 136.291667   7.032   3.137 0.000
139.291667 140.291667  13.556   3.668 0.000
142.291667 143.291667   3.900   2.086 0.000
146.291667 147.291667   6.438   1.208 0.000
149.291667 150.291667   6.083 999.999 0.000
153.291667 154.291667  15.665   4.909 0.000
156.291667 157.291667   8.559   4.011 0.000
160.291667 161.291667  16.782   7.005 0.000
163.291667 164.291667   9.201   3.063 0.000
167.291667 168.291667  26.365   6.766 0.000
170.291667 171.291667  18.420   4.879 0.000
174.291667 175.291667  19.980   5.525 0.000
177.291667 178.291667  10.644   3.148 0.000
181.291667 182.291667  17.940   5.792 0.000
184.291667 185.291667  10.281   5.300 0.000
188.291667 189.291667  31.753   8.102 0.000
191.291667 192.291667  16.324   4.951 0.000
195.291667 196.291667  28.636   5.838 0.000
198.291667 199.291667  36.227   9.506 0.000
202.291667 203.291667  22.346   7.434 0.000
205.291667 206.291667 999.999  10.045 0.000
209.291667 210.291667   8.661   4.363 0.000
212.291667 213.291667   7.184   3.964 0.000
216.291667 217.291667  27.857  10.847 0.000
219.291667 220.291667  29.624  13.552 0.000
223.291667 224.291667  40.621   8.252 0.000
226.291667 227.291667  39.682   9.000 0.000
230.291667 231.291667  57.260   5.129 0.000
233.291667 234.291667  12.185   8.276 0.000
237.291667 238.291667  29.132   7.388 0.000
240.291667 241.291667  27.947  10.337 0.000
244.291667 245.291667  48.997  21.267 0.000
247.291667 248.291667  62.814  35.943 0.000
251.291667 252.291667  15.003   7.457 0.000
254.291667 255.291667  12.946   6.592 0.000
258.291667 259.291667 999.999   9.561 0.000
261.291667 262.291667  35.334   2.432 0.000
265.291667 266.291667  13.577   5.939 0.000
268.291667 269.291667   2.982   1.525 0.000
272.291667 273.291667  15.348   4.308 0.000
275.291667 276.291667   7.381   3.504 0.000
279.291667 280.291667   9.650   5.419 0.000
282.291667 283.291667   6.325   4.206 0.000
286.291667 287.291667   5.853   3.667 0.000
289.291667 290.291667  10.105   7.788 0.000
293.291667 294.291667   8.139   5.248 0.000
296.291667 297.291667  21.314  14.241 0.000
300.291667 301.291667   8.488   6.879 0.000
303.291667 304.291667  14.706  11.334 0.000
307.291667 308.291667  10.212   7.566 0.000
310.291667 311.291667   1.725   1.558 0.000
314.291667 315.291667  18.915   9.683 0.000
317.291667 318.291667   8.498   2.380 0.000
321.291667 322.291667  13.066   8.772 0.000
324.291667 325.291667   3.335   1.185 0.000
328.291667 329.291667   1.279   0.661 0.000
331.291667 332.291667   3.111   1.769 0.000
335.291667 336.291667   2.092   0.848 0.000
338.291667 339.291667   4.993   2.139 0.000
342.291667 343.291667   8.244   3.702 0.000
345.291667 346.291667   3.226   2.875 0.000
349.291667 350.291667   9.364   3.534 0.000
352.291667 353.291667   2.419   1.643 0.000
356.291667 357.291667   5.779   2.457 0.000
359.291667 360.291667   4.567   2.358 0.000
363.291667 364.291667   2.814   1.843 0.000
