scripts/IMPROVE-2019_partial/data/US2705R.19990102070000.20191216000000.filterpack...1y.3d.US03L_filterpack_US2705.US03L_IMPROVE_Davis.lev2.nas
51 1001
MISSING INFORMATION
US03L, IMPROVE, , , , , , , 
MISSING INFORMATION
IMPROVE sel_HTAP
1 1
1999 01 01 2019 12 16
0
days from file reference point
4
1 1 1 1
999.999999 9999.999 999.999 9.999
end_time of measurement, days from the file reference point
pm10_mass, ug/m3, Matrix=pm10
pm25_mass, ug/m3, Matrix=pm25
numflag, no unit
0
33
Data definition:              EBAS_1.1
Set type code:                TI
Timezone:                     UTC
File name:                    US2705R.19990102070000.20191216000000.filterpack...1y.3d.US03L_filterpack_US2705.US03L_IMPROVE_Davis.lev2.nas
File creation:                20191218120357
Startdate:                    19990102070000
Revision date:                20191216000000
Version:                      2
Version description:          "Data extracted from http://views.cira.colostate.edu/fed/DataWizard 2019-12-16"
Statistics:                   arithmetic mean
Data level:                   2
Period code:                  1y
Resolution code:              3d
Sample duration:              1d
Orig. time res.:              3d
Station code:                 US2705R
Platform code:                US2705S
Station name:                 Glacier National Park-Fire Weather Station (MT05)
Station latitude:             48.5103
Station longitude:            -113.9958
Station altitude:             980.0 m
Regime:                       IMG
Component:                    
Unit:                         ug/m3
Matrix:                       
Laboratory code:              US03L
Instrument type:              filterpack
Instrument name:              filterpack_US2705
Method ref:                   US03L_IMPROVE_Davis
Blank correction:             Blank corrected
Volume std. temperature:      ambient
Volume std. pressure:         ambient
starttime endtime PM10 PM2.5 flag
  1.291667   2.291667    3.813   2.863 0.000
  5.291667   6.291667    6.442   4.815 0.000
  8.291667   9.291667    3.247   1.540 0.000
 12.291667  13.291667    3.792   2.758 0.000
 15.291667  16.291667    7.170   1.915 0.000
 19.291667  20.291667    7.468   3.929 0.000
 22.291667  23.291667    8.847   6.068 0.000
 26.291667  27.291667   12.387   5.661 0.000
 29.291667  30.291667    5.959   3.737 0.000
 33.291667  34.291667    3.565   1.970 0.000
 36.291667  37.291667    4.167   0.801 0.000
 40.291667  41.291667    2.851   1.572 0.000
 43.291667  44.291667    8.658   5.864 0.000
 47.291667  48.291667    4.093   3.256 0.000
 50.291667  51.291667    2.224   1.861 0.000
 54.291667  55.291667    1.246   1.109 0.000
 57.291667  58.291667    3.828   2.411 0.000
 61.291667  62.291667    2.626   1.415 0.000
 64.291667  65.291667    3.268   2.499 0.000
 68.291667  69.291667    7.340   2.210 0.000
 71.291667  72.291667    7.076   3.950 0.000
 75.291667  76.291667   15.422   4.089 0.000
 78.291667  79.291667   14.588   6.023 0.000
 82.291667  83.291667   10.832   5.233 0.000
 85.291667  86.291667    4.270   1.793 0.000
 89.291667  90.291667    3.317   2.260 0.000
 92.291667  93.291667    7.298   3.803 0.000
 96.291667  97.291667    9.160   4.974 0.000
 99.291667 100.291667    8.350   3.650 0.000
103.291667 104.291667   13.079   4.083 0.000
106.291667 107.291667   18.000   9.769 0.000
110.291667 111.291667    9.388   3.008 0.000
113.291667 114.291667    4.844   2.926 0.000
117.291667 118.291667    9.554   3.108 0.000
120.291667 121.291667   10.701   4.696 0.000
124.291667 125.291667    4.857   2.348 0.000
127.291667 128.291667    4.541   4.530 0.000
131.291667 132.291667    5.485   3.192 0.000
134.291667 135.291667    2.053   1.251 0.000
138.291667 139.291667    6.103   2.422 0.000
141.291667 142.291667   15.657   6.331 0.000
145.291667 146.291667   30.911 999.999 0.000
148.291667 149.291667   14.098   3.732 0.000
152.291667 153.291667    6.650 999.999 0.000
155.291667 156.291667   11.574   5.176 0.000
159.291667 160.291667    6.985   2.139 0.000
162.291667 163.291667   12.305   2.315 0.000
166.291667 167.291667   30.915   5.619 0.000
169.291667 170.291667   10.626   6.029 0.000
173.291667 174.291667    7.622   3.551 0.000
176.291667 177.291667    4.319   1.440 0.000
180.291667 181.291667   10.690   3.393 0.000
183.291667 184.291667   12.037   2.188 0.000
187.291667 188.291667   33.317   7.642 0.000
190.291667 191.291667   40.976  13.382 0.000
194.291667 195.291667   64.268   9.153 0.000
197.291667 198.291667    8.965   4.096 0.000
201.291667 202.291667   34.939   5.814 0.000
204.291667 205.291667   38.846   8.129 0.000
208.291667 209.291667   59.336  12.114 0.000
211.291667 212.291667   22.368   4.925 0.000
215.291667 216.291667  104.465  14.781 0.000
218.291667 219.291667   19.087   8.139 0.000
222.291667 223.291667   30.679  11.521 0.000
225.291667 226.291667    6.944   3.409 0.000
229.291667 230.291667   34.635   6.944 0.000
232.291667 233.291667   14.981   7.008 0.000
236.291667 237.291667   42.652   7.745 0.000
239.291667 240.291667   34.095  16.847 0.000
243.291667 244.291667    9.229   4.825 0.000
246.291667 247.291667   13.032   4.284 0.000
250.291667 251.291667   36.819   5.365 0.000
253.291667 254.291667   12.509   4.311 0.000
257.291667 258.291667   46.281  11.727 0.000
260.291667 261.291667   54.437  10.762 0.000
264.291667 265.291667   72.664  45.543 0.000
267.291667 268.291667    9.612   2.995 0.000
271.291667 272.291667   10.345   4.474 0.000
274.291667 275.291667    5.603   3.086 0.000
278.291667 279.291667   41.810  16.304 0.000
281.291667 282.291667    3.354   2.106 0.000
285.291667 286.291667    8.094   4.519 0.000
288.291667 289.291667    8.787   5.117 0.000
292.291667 293.291667   12.341   7.763 0.000
295.291667 296.291667   11.250   9.413 0.000
299.291667 300.291667    5.473   3.803 0.000
302.291667 303.291667    7.690   5.117 0.000
306.291667 307.291667   18.704  13.889 0.000
309.291667 310.291667   12.222   8.582 0.000
313.291667 314.291667   11.385   7.639 0.000
316.291667 317.291667    4.722   2.216 0.000
320.291667 321.291667    9.666   6.047 0.000
323.291667 324.291667    7.883   6.380 0.000
327.291667 328.291667   13.003   4.319 0.000
330.291667 331.291667   11.186   3.888 0.000
334.291667 335.291667    9.066   3.915 0.000
337.291667 338.291667    5.584   3.929 0.000
341.291667 342.291667    3.805   2.596 0.000
344.291667 345.291667    1.712   1.026 0.000
348.291667 349.291667    1.809   1.202 0.000
351.291667 352.291667    1.533   0.601 0.000
355.291667 356.291667   11.638   6.810 0.000
358.291667 359.291667    3.968   2.899 0.000
362.291667 363.291667    8.061   5.250 0.000
