scripts/IMPROVE-2019_partial/data/US2705R.19940101070000.20191216000000.filterpack...1y.3d.US03L_filterpack_US2705.US03L_IMPROVE_Davis.lev2.nas
51 1001
MISSING INFORMATION
US03L, IMPROVE, , , , , , , 
MISSING INFORMATION
IMPROVE sel_HTAP
1 1
1994 01 01 2019 12 16
0
days from file reference point
4
1 1 1 1
999.999999 999.999 999.999 9.999
end_time of measurement, days from the file reference point
pm10_mass, ug/m3, Matrix=pm10
pm25_mass, ug/m3, Matrix=pm25
numflag, no unit
0
33
Data definition:              EBAS_1.1
Set type code:                TI
Timezone:                     UTC
File name:                    US2705R.19940101070000.20191216000000.filterpack...1y.3d.US03L_filterpack_US2705.US03L_IMPROVE_Davis.lev2.nas
File creation:                20191218120357
Startdate:                    19940101070000
Revision date:                20191216000000
Version:                      2
Version description:          "Data extracted from http://views.cira.colostate.edu/fed/DataWizard 2019-12-16"
Statistics:                   arithmetic mean
Data level:                   2
Period code:                  1y
Resolution code:              3d
Sample duration:              1d
Orig. time res.:              3d
Station code:                 US2705R
Platform code:                US2705S
Station name:                 Glacier National Park-Fire Weather Station (MT05)
Station latitude:             48.5103
Station longitude:            -113.9958
Station altitude:             980.0 m
Regime:                       IMG
Component:                    
Unit:                         ug/m3
Matrix:                       
Laboratory code:              US03L
Instrument type:              filterpack
Instrument name:              filterpack_US2705
Method ref:                   US03L_IMPROVE_Davis
Blank correction:             Blank corrected
Volume std. temperature:      ambient
Volume std. pressure:         ambient
starttime endtime PM10 PM2.5 flag
  0.291667   1.291667 999.999   3.176 0.000
  4.291667   5.291667   2.852   1.861 0.000
  7.291667   8.291667   4.093   1.937 0.000
 11.291667  12.291667 999.999   3.025 0.000
 14.291667  15.291667   3.320   2.803 0.000
 18.291667  19.291667  11.245   5.911 0.000
 21.291667  22.291667  23.307  15.527 0.000
 25.291667  26.291667  10.613   6.139 0.000
 28.291667  29.291667   3.640   2.628 0.000
 32.291667  33.291667  12.251   8.288 0.000
 35.291667  36.291667  13.030   8.055 0.000
 39.291667  40.291667   8.862   7.267 0.000
 42.291667  43.291667   4.320   3.408 0.000
 46.291667  47.291667   5.608   3.674 0.000
 49.291667  50.291667   6.494   1.865 0.000
 53.291667  54.291667   3.333   1.844 0.000
 56.291667  57.291667   9.961   8.679 0.000
 60.291667  61.291667   9.389   4.237 0.000
 63.291667  64.291667   7.595   2.586 0.000
 67.291667  68.291667  11.591   7.227 0.000
 70.291667  71.291667   9.440   6.400 0.000
 74.291667  75.291667   9.109   5.868 0.000
 77.291667  78.291667   4.225   1.723 0.000
 81.291667  82.291667   5.353   2.074 0.000
 84.291667  85.291667   8.792   4.984 0.000
 88.291667  89.291667  13.321   9.279 0.000
 91.291667  92.291667   9.251   5.205 0.000
 95.291667  96.291667   5.251   4.586 0.000
 98.291667  99.291667   3.668   3.228 0.000
102.291667 103.291667   8.130   2.654 0.000
105.291667 106.291667  12.977   6.981 0.000
109.291667 110.291667   7.917   3.719 0.000
112.291667 113.291667   7.538   5.285 0.000
116.291667 117.291667   6.805   2.445 0.000
119.291667 120.291667  13.872   7.147 0.000
123.291667 124.291667   7.345   5.120 0.000
126.291667 127.291667  17.964   7.975 0.000
130.291667 131.291667 999.999 999.999 0.999
133.291667 134.291667  15.840   5.409 0.000
137.291667 138.291667   3.030   1.460 0.000
140.291667 141.291667   3.712   2.174 0.000
144.291667 145.291667  13.034   6.656 0.000
147.291667 148.291667  10.075   4.094 0.000
151.291667 152.291667   6.911   5.794 0.000
154.291667 155.291667   7.396   4.037 0.000
158.291667 159.291667   4.370   2.120 0.000
161.291667 162.291667  10.000   5.000 0.000
165.291667 166.291667  10.573   1.846 0.000
168.291667 169.291667  10.573   8.390 0.000
172.291667 173.291667  22.205   8.442 0.000
175.291667 176.291667  16.996   5.377 0.000
179.291667 180.291667  23.626   7.584 0.000
182.291667 183.291667   5.752   2.154 0.000
186.291667 187.291667  16.407   7.370 0.000
189.291667 190.291667  21.296   8.452 0.000
193.291667 194.291667  11.168   4.551 0.000
196.291667 197.291667 999.999   7.771 0.000
200.291667 201.291667  17.709   3.678 0.000
203.291667 204.291667  19.236   8.523 0.000
207.291667 208.291667  16.679   9.266 0.000
210.291667 211.291667  23.545  13.815 0.000
214.291667 215.291667  20.892  10.745 0.000
217.291667 218.291667  28.104   8.727 0.000
221.291667 222.291667  33.647  13.003 0.000
224.291667 225.291667  23.176  12.555 0.000
228.291667 229.291667 999.999 999.999 0.999
231.291667 232.291667  45.804 999.999 0.000
235.291667 236.291667 999.999 999.999 0.999
238.291667 239.291667  33.893  18.371 0.000
242.291667 243.291667   8.992   5.844 0.000
245.291667 246.291667  15.000   8.742 0.000
249.291667 250.291667   9.737   6.523 0.000
252.291667 253.291667  12.368   3.776 0.000
256.291667 257.291667  16.958   7.805 0.000
259.291667 260.291667  15.752  10.280 0.000
263.291667 264.291667  11.160   4.571 0.000
266.291667 267.291667 999.999 999.999 0.999
270.291667 271.291667  38.259  22.655 0.000
273.291667 274.291667  23.130  10.671 0.000
277.291667 278.291667  50.270   8.193 0.000
280.291667 281.291667  15.483   9.031 0.000
284.291667 285.291667   2.808   2.118 0.000
287.291667 288.291667   6.269   4.660 0.000
291.291667 292.291667  13.882  10.596 0.000
294.291667 295.291667   6.202   4.514 0.000
298.291667 299.291667  18.157  11.122 0.000
301.291667 302.291667   6.471   5.288 0.000
305.291667 306.291667  18.521   6.226 0.000
308.291667 309.291667  12.296   7.468 0.000
312.291667 313.291667  14.008   6.129 0.000
315.291667 316.291667  10.931   9.674 0.000
319.291667 320.291667   6.034   4.702 0.000
322.291667 323.291667 999.999 999.999 0.999
326.291667 327.291667  28.954  16.124 0.000
329.291667 330.291667   5.272   3.779 0.000
333.291667 334.291667   1.260   0.927 0.000
336.291667 337.291667   4.748   3.841 0.000
340.291667 341.291667  24.689  10.852 0.000
343.291667 344.291667   6.456   4.286 0.000
347.291667 348.291667  15.638  12.820 0.000
350.291667 351.291667   7.927   6.997 0.000
354.291667 355.291667   9.798   4.936 0.000
357.291667 358.291667   9.433   6.763 0.000
361.291667 362.291667   2.008   1.706 0.000
364.291667 365.291667   7.705   4.054 0.000
