scripts/IMPROVE-2019_partial/data/US2705R.20010101070000.20191216000000.filterpack..pm25.52w.1w.US03L_filterpack_US2705.US03L_IMPROVE_Davis.lev2.nas
64 1001
MISSING INFORMATION
US03L, IMPROVE, , , , , , , 
MISSING INFORMATION
IMPROVE sel_HTAP
1 1
2001 01 01 2019 12 16
3.000000
days from file reference point
25
1 1 1 1 1 1 1 1 1 1 1 1 1 1 1 1 1 1 1 1 1 1 1 1 1
999.999999 9999.99 9.999999 99.99 9.999999 9.999 9.999999999 99.99 9.999999999 9.999 9.999 999.999 9.999 999.999 9.999 999.999 9.999 999.999 9.999 999.999 9.999 9.999 9.999999 9.999 9.999
end_time of measurement, days from the file reference point
iron, ng/m3, Revision date=20181210133000
numflag iron, no unit, Revision date=20181210133000
lead, ng/m3, Revision date=20181210133000
numflag lead, no unit, Revision date=20181210133000
magnesium, ug/m3, Revision date=20181210133000
numflag magnesium, no unit, Revision date=20181210133000
nickel, ng/m3, Revision date=20181210133000
numflag nickel, no unit, Revision date=20181210133000
nitrate, ug N/m3, Revision date=20181210133000
numflag nitrate, no unit, Revision date=20181210133000
organic_carbon, ug C/m3, Revision date=20181210133000
numflag organic_carbon, no unit, Revision date=20181210133000
organic_mass, ug/m3, Revision date=20181210133000
numflag organic_mass, no unit, Revision date=20181210133000
pm10_mass, ug/m3, Version=2, Version description=Data extracted from http://views.cira.colostate.edu/fed/DataWizard 2019-12-16, Sample duration=1d, Orig. time res.=3d, Matrix=pm10, Blank correction=Blank corrected, Volume std. temperature=ambient, Volume std. pressure=ambient
numflag pm10_mass, no unit, Version=2, Version description=Data extracted from http://views.cira.colostate.edu/fed/DataWizard 2019-12-16, Sample duration=1d, Orig. time res.=3d, Matrix=pm10, Blank correction=Blank corrected, Volume std. temperature=ambient, Volume std. pressure=ambient
pm10_pm25_mass, ug/m3, Revision date=20181210133000, Matrix=pm10_pm25
numflag pm10_pm25_mass, no unit, Revision date=20181210133000, Matrix=pm10_pm25
pm25_mass, ug/m3, Version=2, Version description=Data extracted from http://views.cira.colostate.edu/fed/DataWizard 2019-12-16, Sample duration=1d, Orig. time res.=3d, Blank correction=Blank corrected, Volume std. temperature=ambient, Volume std. pressure=ambient
numflag pm25_mass, no unit, Version=2, Version description=Data extracted from http://views.cira.colostate.edu/fed/DataWizard 2019-12-16, Sample duration=1d, Orig. time res.=3d, Blank correction=Blank corrected, Volume std. temperature=ambient, Volume std. pressure=ambient
potassium, ug/m3, Revision date=20181210133000
numflag potassium, no unit, Revision date=20181210133000
sulphate_total, ug S/m3, Revision date=20181210133000
numflag sulphate_total, no unit, Revision date=20181210133000
0
25
Data definition:              EBAS_1.1
Set type code:                TU
Timezone:                     UTC
File name:                    US2705R.20010101070000.20191216000000.filterpack..pm25.52w.1w.US03L_filterpack_US2705.US03L_IMPROVE_Davis.lev2.nas
File creation:                20191218120357
Startdate:                    20010101070000
Revision date:                20191216000000
Statistics:                   arithmetic mean
Data level:                   2
Period code:                  52w
Resolution code:              1w
Station code:                 US2705R
Platform code:                US2705S
Station name:                 Glacier National Park-Fire Weather Station (MT05)
Station latitude:             48.5103
Station longitude:            -113.9958
Station altitude:             980.0 m
Regime:                       IMG
Component:                    
Matrix:                       pm25
Laboratory code:              US03L
Instrument type:              filterpack
Instrument name:              filterpack_US2705
Method ref:                   US03L_IMPROVE_Davis
starttime endtime Fe flag_Fe Pb flag_Pb Mg++ flag_Mg++ Ni flag_Ni NO3- flag_NO3- OC flag_OC OM flag_OM PM10 flag_PM10 PM10-PM2.5 flag_PM10-PM2.5 PM2.5 flag_PM2.5 K+ flag_K+ SO4-- flag_SO4--
[from data line 81]
243.291667 244.291667  155.39 0.000000  0.75 0.000000 9.999 0.259000000 99.99 0.259000000 0.021 0.000   1.625 0.000   2.275 0.000  26.000 0.000  19.820 0.000   6.180 0.000 0.107 0.000000 0.204 0.000
246.291667 247.291667 9999.99 0.999000 99.99 0.999000 9.999 0.999000000 99.99 0.999000000 9.999 0.999 999.999 0.999 999.999 0.999 999.999 0.999 999.999 0.999 999.999 0.999 9.999 0.999000 9.999 0.999
249.291667 250.291667   12.80 0.000000  0.14 0.000000 9.999 0.259000000 99.99 0.259000000 0.014 0.000   4.069 0.000   5.696 0.000   9.287 0.000   2.728 0.000   6.559 0.000 0.021 0.000000 0.117 0.000
252.291667 253.291667   95.00 0.559000  0.34 0.559000 9.999 0.559259000 99.99 0.559259000 0.026 0.000   2.159 0.000   3.023 0.000  12.641 0.000   7.034 0.000   5.608 0.559 0.035 0.559000 0.194 0.000
255.291667 256.291667  410.44 0.559000  0.85 0.559000 9.999 0.559259000  6.68 0.559000000 0.048 0.000   8.985 0.000  12.578 0.000 999.999 0.456 999.999 0.999  21.390 0.559 0.216 0.559000 0.407 0.000
258.291667 259.291667  153.49 0.699000  0.60 0.699000 9.999 0.699259000  0.66 0.699000000 0.035 0.000   4.147 0.000   5.806 0.000 999.999 0.456 999.999 0.999  11.150 0.699 0.074 0.699000 0.268 0.000
261.291667 262.291667  100.49 0.000000  0.45 0.000000 9.999 0.259000000 99.99 0.259000000 0.023 0.559   2.673 0.000   3.743 0.000  17.774 0.000  11.069 0.000   6.706 0.000 0.078 0.000000 0.139 0.559
264.291667 265.291667  148.88 0.559000  0.42 0.559000 9.999 0.559259000 99.99 0.559259000 0.087 0.000   8.679 0.000  12.151 0.000  26.073 0.000   8.564 0.000  17.509 0.559 0.095 0.559000 0.174 0.000
267.291667 268.291667  278.02 0.559394  0.62 0.559394 9.999 0.559394259 99.99 0.559394259 0.094 0.394  30.105 0.000  42.147 0.000  70.687 0.000  19.814 0.000  50.873 0.559 0.164 0.559394 0.191 0.394
270.291667 271.291667   41.52 0.000000  0.64 0.000000 9.999 0.259000000  0.05 0.000000000 0.021 0.000   2.088 0.000   2.923 0.000   6.820 0.000   2.352 0.000   4.469 0.000 0.031 0.000000 0.128 0.000
273.291667 274.291667  120.32 0.559000  0.62 0.559000 9.999 0.559259000 99.99 0.559259000 0.046 0.000   5.046 0.000   7.065 0.000  22.156 0.000  11.510 0.000  10.646 0.559 0.072 0.559000 0.131 0.000
276.291667 277.291667   56.59 0.000000 99.99 0.259000 9.999 0.259000000 99.99 0.259000000 0.015 0.000   0.572 0.000   0.801 0.000  15.136 0.000  12.014 0.000   3.122 0.000 0.048 0.000000 0.182 0.000
279.291667 280.291667   92.19 0.000000  0.62 0.000000 9.999 0.259000000 99.99 0.259000000 0.032 0.000   1.566 0.000   2.193 0.000  12.974 0.000   7.437 0.000   5.537 0.000 0.049 0.000000 0.282 0.000
282.291667 283.291667   51.35 0.000000  0.45 0.000000 9.999 0.259000000 99.99 0.259000000 0.033 0.000   0.790 0.000   1.106 0.000   6.283 0.000   3.671 0.000   2.612 0.000 0.028 0.000000 0.117 0.000
285.291667 286.291667   31.26 0.000000  0.48 0.000000 9.999 0.259000000 99.99 0.259000000 0.024 0.000   0.784 0.000   1.097 0.000   3.762 0.000   1.447 0.000   2.315 0.000 0.035 0.000000 0.113 0.000
288.291667 289.291667   31.74 0.000000  0.55 0.000000 9.999 0.259000000  0.05 0.000000000 0.021 0.000   1.658 0.000   2.321 0.000   8.194 0.000   4.042 0.000   4.152 0.000 0.040 0.000000 0.110 0.000
291.291667 292.291667   27.86 0.000000  0.79 0.000000 9.999 0.259000000 99.99 0.259000000 0.051 0.000   2.129 0.000   2.980 0.000   6.653 0.000   1.468 0.000   5.186 0.000 0.041 0.000000 0.184 0.000
294.291667 295.291667    7.11 0.000000  0.62 0.000000 9.999 0.259000000 99.99 0.259000000 0.009 0.000   0.459 0.000   0.642 0.000   2.067 0.000   0.850 0.000   1.217 0.000 0.018 0.000000 0.057 0.000
297.291667 298.291667   26.94 0.000000  0.31 0.000000 0.007 0.000000000 99.99 0.259000000 0.048 0.000   2.079 0.000   2.911 0.000   5.899 0.000   0.885 0.000   5.014 0.000 0.036 0.000000 0.129 0.000
300.291667 301.291667    5.29 0.000000 99.99 0.259000 9.999 0.259000000 99.99 0.259000000 0.005 0.000   0.483 0.000   0.676 0.000   2.370 0.000   1.063 0.000   1.308 0.000 0.011 0.000000 0.077 0.000
303.291667 304.291667   14.42 0.000000  0.26 0.000000 9.999 0.259000000 99.99 0.259000000 0.019 0.000   1.064 0.000   1.490 0.000   3.327 0.000   1.134 0.000   2.193 0.000 0.027 0.000000 0.043 0.000
306.291667 307.291667   42.91 0.000000  0.58 0.000000 9.999 0.259000000 99.99 0.259000000 0.017 0.559   1.900 0.000   2.659 0.000   6.570 0.000   2.433 0.000   4.138 0.000 0.041 0.000000 0.084 0.559
309.291667 310.291667   32.24 0.000000  0.90 0.000000 9.999 0.259000000 99.99 0.259000000 0.041 0.559   2.874 0.000   4.023 0.000   7.779 0.000   1.276 0.000   6.502 0.000 0.038 0.000000 0.125 0.559
312.291667 313.291667   96.64 0.000000  1.22 0.000000 9.999 0.259000000 99.99 0.259000000 0.097 0.000   5.437 0.000   7.612 0.000  14.726 0.000   2.898 0.000  11.828 0.000 0.078 0.000000 0.169 0.000
315.291667 316.291667   91.97 0.000000  0.63 0.000000 9.999 0.259000000 99.99 0.259000000 0.035 0.000   4.292 0.000   6.008 0.000  11.881 0.000   2.165 0.000   9.716 0.000 0.052 0.000000 0.215 0.000
318.291667 319.291667   76.41 0.000000  0.65 0.000000 9.999 0.259000000 99.99 0.259000000 0.024 0.000   2.695 0.000   3.772 0.000   7.818 0.000   2.268 0.000   5.550 0.000 0.067 0.000000 0.078 0.000
321.291667 322.291667   30.67 0.000000  0.45 0.000000 9.999 0.259000000 99.99 0.259000000 0.035 0.000   0.500 0.000   0.700 0.000   3.701 0.000   1.618 0.000   2.083 0.000 0.013 0.000000 0.230 0.000
324.291667 325.291667   39.36 0.000000  0.79 0.000000 9.999 0.259000000 99.99 0.259000000 0.038 0.559   2.061 0.000   2.886 0.000   5.271 0.000   0.907 0.000   4.364 0.000 0.046 0.000000 0.060 0.559
327.291667 328.291667   10.41 0.000000 99.99 0.259000 9.999 0.259000000 99.99 0.259000000 0.009 0.559   0.393 0.000   0.550 0.000   1.715 0.000   0.611 0.000   1.104 0.000 0.008 0.000000 0.103 0.559
330.291667 331.291667   33.96 0.000000  0.79 0.000000 9.999 0.259000000 99.99 0.259000000 0.110 0.559   3.199 0.000   4.479 0.000   7.655 0.000   0.816 0.000   6.840 0.000 0.052 0.000000 0.180 0.559
333.291667 334.291667    6.80 0.000000  0.34 0.000000 9.999 0.259000000 99.99 0.259000000 0.038 0.000   0.536 0.000   0.750 0.000   2.008 0.000   0.613 0.000   1.395 0.000 0.016 0.000000 0.089 0.000
336.291667 337.291667    4.51 0.000000  0.27 0.000000 9.999 0.259000000 99.99 0.259000000 0.013 0.000   0.457 0.000   0.639 0.000   1.339 0.000   0.261 0.000   1.078 0.000 0.008 0.000000 0.051 0.000
339.291667 340.291667 9999.99 0.999000 99.99 0.999000 9.999 0.999000000 99.99 0.999000000 9.999 0.999 999.999 0.999 999.999 0.999 999.999 0.999 999.999 0.999 999.999 0.999 9.999 0.999000 9.999 0.999
342.291667 343.291667    5.58 0.000000  0.33 0.000000 9.999 0.259000000 99.99 0.259000000 0.028 0.559   0.513 0.000   0.719 0.000   2.495 0.000   1.285 0.000   1.210 0.000 0.014 0.000000 0.064 0.559
345.291667 346.291667   11.89 0.000000  0.24 0.000000 9.999 0.259000000 99.99 0.259000000 0.079 0.559   1.137 0.000   1.592 0.000 999.999 0.999 999.999 0.999   2.742 0.000 0.023 0.000000 0.099 0.559
348.291667 349.291667   12.47 0.000000 99.99 0.259000 9.999 0.259000000 99.99 0.259000000 0.041 0.559   0.440 0.000   0.616 0.000   2.079 0.000   0.777 0.000   1.302 0.000 0.014 0.000000 0.048 0.559
351.291667 352.291667   41.42 0.000000 99.99 0.259000 9.999 0.259000000 99.99 0.259000000 0.033 0.559   0.869 0.000   1.216 0.000   4.119 0.000   1.627 0.000   2.491 0.000 0.016 0.000000 0.072 0.559
354.291667 355.291667   17.93 0.000000  0.41 0.000000 9.999 0.259000000 99.99 0.259000000 0.163 0.559   2.241 0.000   3.137 0.000 999.999 0.999 999.999 0.999   5.598 0.000 0.041 0.000000 0.092 0.559
357.291667 358.291667   21.72 0.000000  0.29 0.000000 9.999 0.259000000 99.99 0.259000000 0.140 0.559   1.572 0.000   2.201 0.000   4.644 0.000   0.675 0.000   3.968 0.000 0.028 0.000000 0.074 0.559
360.291667 361.291667    2.34 0.559000 99.99 0.559259 9.999 0.559259000 99.99 0.559259000 0.162 0.559   0.844 0.000   1.182 0.000 999.999 0.999 999.999 0.999   2.315 0.559 0.017 0.559000 0.081 0.559
363.291667 364.291667    2.10 0.559000  0.35 0.559000 9.999 0.559259000 99.99 0.559259000 0.045 0.559   0.365 0.000   0.511 0.000   2.578 0.000   0.183 0.000   2.396 0.559 0.005 0.559000 0.369 0.559
