scripts/IMPROVE-2019_partial/data/US2705R.19900103070000.20191216000000.filterpack...1y.3d.US03L_filterpack_US2705.US03L_IMPROVE_Davis.lev2.nas
52 1001
MISSING INFORMATION
US03L, IMPROVE, , , , , , , 
MISSING INFORMATION
IMPROVE sel_HTAP
1 1
1990 01 01 2019 12 16
0
days from file reference point
5
1 1 1 1 1
999.999999 999.999 9.999 999.999 9.999999
end_time of measurement, days from the file reference point
pm10_mass, ug/m3, Matrix=pm10
numflag pm10_mass, no unit, Matrix=pm10
pm25_mass, ug/m3, Matrix=pm25
numflag pm25_mass, no unit, Matrix=pm25
0
33
Data definition:              EBAS_1.1
Set type code:                TI
Timezone:                     UTC
File name:                    US2705R.19900103070000.20191216000000.filterpack...1y.3d.US03L_filterpack_US2705.US03L_IMPROVE_Davis.lev2.nas
File creation:                20191218120356
Startdate:                    19900103070000
Revision date:                20191216000000
Version:                      2
Version description:          "Data extracted from http://views.cira.colostate.edu/fed/DataWizard 2019-12-16"
Statistics:                   arithmetic mean
Data level:                   2
Period code:                  1y
Resolution code:              3d
Sample duration:              1d
Orig. time res.:              3d
Station code:                 US2705R
Platform code:                US2705S
Station name:                 Glacier National Park-Fire Weather Station (MT05)
Station latitude:             48.5103
Station longitude:            -113.9958
Station altitude:             980.0 m
Regime:                       IMG
Component:                    
Unit:                         ug/m3
Matrix:                       
Laboratory code:              US03L
Instrument type:              filterpack
Instrument name:              filterpack_US2705
Method ref:                   US03L_IMPROVE_Davis
Blank correction:             Blank corrected
Volume std. temperature:      ambient
Volume std. pressure:         ambient
starttime endtime PM10 flag_PM10 PM2.5 flag_PM2.5
  2.291667   3.291667   5.079 0.000   3.574 0.000000
  5.291667   6.291667   2.402 0.000   1.134 0.000000
  9.291667  10.291667   4.329 0.000   2.914 0.000000
 12.291667  13.291667   8.780 0.000   6.916 0.000000
 16.291667  17.291667   9.960 0.000   3.825 0.000000
 19.291667  20.291667  16.783 0.000  10.606 0.000000
 23.291667  24.291667   6.066 0.000   2.390 0.000000
 26.291667  27.291667  10.544 0.000   2.588 0.000000
 30.291667  31.291667   5.743 0.000   3.776 0.000000
 33.291667  34.291667   4.418 0.000   1.824 0.000000
 37.291667  38.291667   4.324 0.000   2.333 0.000000
 40.291667  41.291667   2.500 0.000   1.402 0.000000
 44.291667  45.291667 999.999 0.999 999.999 0.999000
 47.291667  48.291667  10.231 0.000   7.915 0.000000
 51.291667  52.291667   4.280 0.000   2.904 0.000000
 54.291667  55.291667  13.920 0.000  11.228 0.000000
 58.291667  59.291667   9.105 0.000   5.422 0.000000
 61.291667  62.291667  14.786 0.000   7.440 0.000000
 65.291667  66.291667  15.135 0.000   9.486 0.000000
 68.291667  69.291667   6.873 0.000   4.805 0.000000
 72.291667  73.291667  10.752 0.000  10.742 0.000000
 75.291667  76.291667 999.999 0.999   4.661 0.000000
 79.291667  80.291667   4.613 0.000   3.569 0.000000
 82.291667  83.291667   8.635 0.000   3.959 0.000000
 86.291667  87.291667   8.985 0.000   5.731 0.000000
 89.291667  90.291667  15.240 0.000   9.910 0.000000
 93.291667  94.291667   5.075 0.000   2.997 0.000000
 96.291667  97.291667  10.677 0.000   5.403 0.000000
100.291667 101.291667 999.999 0.999   8.938 0.000000
103.291667 104.291667  45.000 0.000   3.481 0.000000
107.291667 108.291667  13.778 0.000   9.790 0.000000
110.291667 111.291667 999.999 0.999   5.149 0.000000
114.291667 115.291667   8.083 0.000   4.125 0.000000
117.291667 118.291667   2.820 0.000   1.888 0.000000
121.291667 122.291667  13.459 0.000   6.269 0.000000
124.291667 125.291667   9.699 0.000   5.672 0.000000
128.291667 129.291667 999.999 0.259   5.409 0.000000
131.291667 132.291667   3.869 0.000   2.558 0.000000
135.291667 136.291667   4.640 0.000   3.108 0.000000
138.291667 139.291667   6.187 0.000   4.106 0.000000
142.291667 143.291667   8.029 0.000   5.088 0.000000
145.291667 146.291667 999.999 0.999 999.999 0.999000
149.291667 150.291667   4.717 0.000   2.031 0.000000
152.291667 153.291667   2.920 0.000   1.488 0.000000
156.291667 157.291667  13.722 0.000   4.192 0.000000
159.291667 160.291667   6.617 0.000   3.601 0.000000
163.291667 164.291667  75.978 0.000   5.756 0.000000
166.291667 167.291667   8.292 0.000   4.390 0.000000
170.291667 171.291667   6.349 0.000   3.295 0.000000
173.291667 174.291667  22.599 0.000   7.066 0.000000
177.291667 178.291667  36.007 0.000   8.035 0.000000
180.291667 181.291667 999.999 0.999   6.231 0.000000
184.291667 185.291667   4.822 0.000   3.482 0.000000
187.291667 188.291667   6.789 0.000   5.059 0.000000
191.291667 192.291667  19.115 0.000   9.077 0.000000
194.291667 195.291667  15.903 0.000   8.398 0.000000
198.291667 199.291667  14.448 0.000   6.035 0.000000
201.291667 202.291667   8.287 0.000   6.529 0.000000
205.291667 206.291667   8.339 0.000   6.518 0.000000
208.291667 209.291667 999.999 0.999  10.059 0.000000
212.291667 213.291667  10.206 0.000   5.254 0.000000
215.291667 216.291667  14.192 0.000   7.576 0.000000
219.291667 220.291667  20.651 0.000  10.776 0.000000
222.291667 223.291667  32.945 0.000  13.194 0.000000
226.291667 227.291667  27.840 0.000  16.405 0.000000
229.291667 230.291667  10.801 0.000   5.770 0.000000
233.291667 234.291667   5.228 0.000   3.253 0.000000
236.291667 237.291667   3.018 0.000   2.018 0.000000
240.291667 241.291667  13.415 0.000   7.988 0.000000
243.291667 244.291667   8.134 0.000   4.320 0.559000
247.291667 248.291667  22.015 0.000  14.785 0.559000
250.291667 251.291667  23.640 0.000  10.311 0.559000
254.291667 255.291667  19.597 0.000   7.877 0.559000
257.291667 258.291667  17.881 0.000   8.452 0.559000
261.291667 262.291667  16.030 0.000   7.090 0.559000
264.291667 265.291667   9.513 0.000   6.056 0.559000
268.291667 269.291667  14.647 0.000   8.359 0.559000
271.291667 272.291667  20.967 0.000   9.231 0.559000
275.291667 276.291667   9.323 0.000   4.099 0.559000
278.291667 279.291667   5.526 0.000   4.245 0.559000
282.291667 283.291667  14.771 0.000 999.999 0.559259
285.291667 286.291667   9.656 0.000   5.126 0.559000
289.291667 290.291667 999.999 0.999  12.595 0.559000
292.291667 293.291667  38.812 0.000  11.289 0.559000
296.291667 297.291667  18.380 0.000  14.887 0.559000
299.291667 300.291667   7.148 0.000   6.063 0.559000
303.291667 304.291667  12.548 0.000  12.276 0.559000
306.291667 307.291667  25.019 0.000  23.045 0.559000
310.291667 311.291667  11.346 0.000   9.465 0.559000
313.291667 314.291667   3.308 0.000   2.125 0.559000
317.291667 318.291667   7.895 0.000   4.250 0.559000
320.291667 321.291667 999.999 0.999 999.999 0.999000
324.291667 325.291667   7.159 0.000   5.510 0.559000
327.291667 328.291667   7.231 0.000   3.481 0.559000
331.291667 332.291667   6.757 0.000   4.984 0.559000
334.291667 335.291667   2.934 0.000   1.609 0.559000
338.291667 339.291667   4.559 0.000   3.084 0.559000
341.291667 342.291667  18.429 0.000  15.094 0.559000
345.291667 346.291667   5.120 0.000   4.542 0.559000
348.291667 349.291667   7.760 0.000   4.837 0.559000
352.291667 353.291667   4.818 0.000   3.734 0.559000
355.291667 356.291667 999.999 0.999   8.149 0.559000
359.291667 360.291667 999.999 0.999 999.999 0.999000
362.291667 363.291667 999.999 0.999   1.582 0.559000
