scripts/IMPROVE-2019_partial/data/US2705R.19950104070000.20191216000000.filterpack...1y.3d.US03L_filterpack_US2705.US03L_IMPROVE_Davis.lev2.nas
51 1001
MISSING INFORMATION
US03L, IMPROVE, , , , , , , 
MISSING INFORMATION
IMPROVE sel_HTAP
1 1
1995 01 01 2019 12 16
0
days from file reference point
4
1 1 1 1
999.999999 999.999 999.999 9.999
end_time of measurement, days from the file reference point
pm10_mass, ug/m3, Matrix=pm10
pm25_mass, ug/m3, Matrix=pm25
numflag, no unit
0
33
Data definition:              EBAS_1.1
Set type code:                TI
Timezone:                     UTC
File name:                    US2705R.19950104070000.20191216000000.filterpack...1y.3d.US03L_filterpack_US2705.US03L_IMPROVE_Davis.lev2.nas
File creation:                20191218120357
Startdate:                    19950104070000
Revision date:                20191216000000
Version:                      2
Version description:          "Data extracted from http://views.cira.colostate.edu/fed/DataWizard 2019-12-16"
Statistics:                   arithmetic mean
Data level:                   2
Period code:                  1y
Resolution code:              3d
Sample duration:              1d
Orig. time res.:              3d
Station code:                 US2705R
Platform code:                US2705S
Station name:                 Glacier National Park-Fire Weather Station (MT05)
Station latitude:             48.5103
Station longitude:            -113.9958
Station altitude:             980.0 m
Regime:                       IMG
Component:                    
Unit:                         ug/m3
Matrix:                       
Laboratory code:              US03L
Instrument type:              filterpack
Instrument name:              filterpack_US2705
Method ref:                   US03L_IMPROVE_Davis
Blank correction:             Blank corrected
Volume std. temperature:      ambient
Volume std. pressure:         ambient
starttime endtime PM10 PM2.5 flag
  3.291667   4.291667   2.996   2.428 0.000
  6.291667   7.291667  17.368  10.162 0.000
 10.291667  11.291667   3.252   2.739 0.000
 13.291667  14.291667   2.967   2.771 0.000
 17.291667  18.291667   7.510   4.078 0.000
 20.291667  21.291667   1.743   1.521 0.000
 24.291667  25.291667   8.105   3.601 0.000
 27.291667  28.291667  13.589   9.453 0.000
 31.291667  32.291667   2.674   1.592 0.000
 34.291667  35.291667   7.364   4.888 0.000
 38.291667  39.291667   6.778   3.154 0.000
 41.291667  42.291667   7.531   3.142 0.000
 45.291667  46.291667   8.095   5.825 0.000
 48.291667  49.291667   7.500   1.068 0.000
 52.291667  53.291667   6.270   2.932 0.000
 55.291667  56.291667   3.452   2.378 0.000
 59.291667  60.291667   4.356   2.293 0.000
 62.291667  63.291667   7.191   3.472 0.000
 66.291667  67.291667   9.730   5.312 0.000
 69.291667  70.291667   5.401   2.196 0.000
 73.291667  74.291667   4.630   1.873 0.000
 76.291667  77.291667   8.929   7.593 0.000
 80.291667  81.291667   3.376   2.099 0.000
 83.291667  84.291667   6.484   2.099 0.000
 87.291667  88.291667   9.081   5.200 0.000
 90.291667  91.291667  14.843   8.498 0.000
 94.291667  95.291667   6.591 999.999 0.000
 97.291667  98.291667   2.392   1.656 0.000
101.291667 102.291667   5.440   1.975 0.000
104.291667 105.291667 999.999   3.504 0.000
108.291667 109.291667  10.303   4.344 0.000
111.291667 112.291667   3.771   2.560 0.000
115.291667 116.291667   5.635   3.457 0.000
118.291667 119.291667   1.381   0.314 0.000
122.291667 123.291667   4.854   2.180 0.000
125.291667 126.291667   2.576 999.999 0.000
129.291667 130.291667   8.991   4.817 0.000
132.291667 133.291667  13.672   4.911 0.000
136.291667 137.291667   8.348   6.159 0.000
139.291667 140.291667 999.999 999.999 0.999
143.291667 144.291667   8.716   3.810 0.000
146.291667 147.291667  18.212   5.456 0.000
150.291667 151.291667  42.706  11.510 0.000
153.291667 154.291667 999.999   9.452 0.000
157.291667 158.291667   4.622   2.851 0.000
160.291667 161.291667   6.873   3.723 0.000
164.291667 165.291667  18.713   4.640 0.000
167.291667 168.291667   7.237   3.361 0.000
171.291667 172.291667   8.596   3.583 0.000
174.291667 175.291667  24.700   7.709 0.000
178.291667 179.291667 999.999 999.999 0.999
181.291667 182.291667  16.945   8.696 0.000
185.291667 186.291667  11.004   4.122 0.000
188.291667 189.291667  14.870   6.216 0.000
192.291667 193.291667  15.250   5.129 0.000
195.291667 196.291667  16.018   6.819 0.000
199.291667 200.291667  30.081   7.559 0.000
202.291667 203.291667   7.588   4.793 0.000
206.291667 207.291667  14.861   4.796 0.000
209.291667 210.291667  12.951   4.317 0.000
213.291667 214.291667   6.551   3.253 0.000
216.291667 217.291667  39.207   8.665 0.000
220.291667 221.291667   7.565   3.673 0.000
223.291667 224.291667   6.729   3.913 0.000
227.291667 228.291667   9.356   5.099 0.000
230.291667 231.291667   8.192   3.220 0.000
234.291667 235.291667  20.794   7.460 0.000
237.291667 238.291667  20.911   8.764 0.000
241.291667 242.291667  11.394   3.409 0.000
244.291667 245.291667  21.748   7.674 0.000
248.291667 249.291667  10.523   4.951 0.000
251.291667 252.291667  14.220   4.566 0.000
255.291667 256.291667  27.821   9.496 0.000
258.291667 259.291667  15.604   5.280 0.000
262.291667 263.291667   6.452   3.456 0.000
265.291667 266.291667  10.241   6.488 0.000
269.291667 270.291667   8.692   4.805 0.000
272.291667 273.291667   5.600   3.192 0.000
276.291667 277.291667   5.794   2.086 0.000
279.291667 280.291667  16.786  10.723 0.000
283.291667 284.291667   4.703   2.758 0.000
286.291667 287.291667   9.010   5.143 0.000
290.291667 291.291667   4.006   4.455 0.000
293.291667 294.291667   9.478   6.393 0.000
297.291667 298.291667  10.578   7.672 0.000
300.291667 301.291667  10.575   6.779 0.000
304.291667 305.291667   8.352   5.027 0.000
307.291667 308.291667  21.707  15.358 0.000
311.291667 312.291667   3.244   1.867 0.000
314.291667 315.291667   6.990   6.286 0.000
318.291667 319.291667   4.101   3.172 0.000
321.291667 322.291667   5.500   2.704 0.000
325.291667 326.291667  20.833  16.627 0.000
328.291667 329.291667   2.851   1.587 0.000
332.291667 333.291667 999.999   2.152 0.000
335.291667 336.291667   5.173   0.750 0.000
339.291667 340.291667   5.862   3.791 0.000
342.291667 343.291667   8.811   2.039 0.000
346.291667 347.291667   2.016   0.872 0.000
349.291667 350.291667   6.496   5.184 0.000
353.291667 354.291667  26.589  18.254 0.000
356.291667 357.291667   2.860   2.282 0.000
360.291667 361.291667   5.916   4.738 0.000
363.291667 364.291667  24.848  19.319 0.000
