scripts/IMPROVE-2019_partial/data/US2705R.20090101070000.20191216000000.filterpack...52w.3d.US03L_filterpack_US2705.US03L_IMPROVE_Davis.lev2.nas
52 1001
MISSING INFORMATION
US03L, IMPROVE, , , , , , , 
MISSING INFORMATION
IMPROVE sel_HTAP
1 1
2009 01 01 2019 12 16
3.000000
days from file reference point
5
1 1 1 1 1
999.999999 999.999 9.999 999.999 9.999
end_time of measurement, days from the file reference point
pm10_mass, ug/m3, Matrix=pm10
numflag pm10_mass, no unit, Matrix=pm10
pm25_mass, ug/m3, Matrix=pm25
numflag pm25_mass, no unit, Matrix=pm25
0
33
Data definition:              EBAS_1.1
Set type code:                TU
Timezone:                     UTC
File name:                    US2705R.20090101070000.20191216000000.filterpack...52w.3d.US03L_filterpack_US2705.US03L_IMPROVE_Davis.lev2.nas
File creation:                20191218120359
Startdate:                    20090101070000
Revision date:                20191216000000
Version:                      2
Version description:          "Data extracted from http://views.cira.colostate.edu/fed/DataWizard 2019-12-16"
Statistics:                   arithmetic mean
Data level:                   2
Period code:                  52w
Resolution code:              3d
Sample duration:              1d
Orig. time res.:              3d
Station code:                 US2705R
Platform code:                US2705S
Station name:                 Glacier National Park-Fire Weather Station (MT05)
Station latitude:             48.5103
Station longitude:            -113.9958
Station altitude:             980.0 m
Regime:                       IMG
Component:                    
Unit:                         ug/m3
Matrix:                       
Laboratory code:              US03L
Instrument type:              filterpack
Instrument name:              filterpack_US2705
Method ref:                   US03L_IMPROVE_Davis
Blank correction:             Blank corrected
Volume std. temperature:      ambient
Volume std. pressure:         ambient
starttime endtime PM10 flag_PM10 PM2.5 flag_PM2.5
  0.291667   1.291667 999.999 0.999 999.999 0.999
  3.291667   4.291667 999.999 0.999 999.999 0.999
  6.291667   7.291667   1.006 0.000   0.912 0.000
  9.291667  10.291667   2.279 0.000   1.416 0.000
 12.291667  13.291667   3.362 0.000   2.595 0.000
 15.291667  16.291667   5.619 0.000   4.420 0.000
 18.291667  19.291667   1.664 0.000   1.365 0.000
 21.291667  22.291667   8.361 0.000   6.702 0.000
 24.291667  25.291667   3.455 0.000   2.564 0.000
 27.291667  28.291667   6.137 0.000   5.168 0.000
 30.291667  31.291667   1.766 0.000   0.778 0.000
 33.291667  34.291667   2.230 0.000   1.361 0.000
 36.291667  37.291667   3.660 0.000   3.318 0.000
 39.291667  40.291667   5.226 0.000   4.165 0.000
 42.291667  43.291667   2.997 0.000   2.690 0.000
 45.291667  46.291667   2.789 0.000   2.413 0.000
 48.291667  49.291667   6.624 0.000   5.174 0.000
 51.291667  52.291667   4.162 0.000   2.815 0.000
 54.291667  55.291667   0.669 0.000   0.569 0.000
 57.291667  58.291667   2.600 0.000   2.460 0.000
 60.291667  61.291667   6.492 0.000   5.289 0.000
 63.291667  64.291667   4.095 0.000   1.957 0.000
 66.291667  67.291667   3.257 0.000   1.993 0.000
 69.291667  70.291667   5.515 0.000   4.203 0.000
 72.291667  73.291667   7.094 0.000   4.758 0.000
 75.291667  76.291667   2.358 0.000   1.349 0.000
 78.291667  79.291667   7.507 0.000   5.364 0.000
 81.291667  82.291667   5.491 0.000   4.510 0.000
 84.291667  85.291667   3.765 0.000   1.881 0.000
 87.291667  88.291667   3.623 0.000   2.567 0.000
 90.291667  91.291667   4.300 0.000   3.933 0.000
 93.291667  94.291667   3.486 0.000   2.270 0.000
 96.291667  97.291667   7.656 0.000   4.004 0.000
 99.291667 100.291667   6.261 0.000   2.951 0.000
102.291667 103.291667   2.591 0.000   1.587 0.000
105.291667 106.291667  12.279 0.000   6.018 0.000
108.291667 109.291667   6.726 0.000   3.902 0.000
111.291667 112.291667  11.564 0.000   3.349 0.000
114.291667 115.291667   8.258 0.000   5.808 0.000
117.291667 118.291667 999.999 0.456   2.087 0.000
120.291667 121.291667 999.999 0.999 999.999 0.999
123.291667 124.291667 999.999 0.999 999.999 0.999
126.291667 127.291667   2.074 0.000   1.030 0.000
129.291667 130.291667   6.799 0.000   2.550 0.000
132.291667 133.291667   2.953 0.000   1.560 0.000
135.291667 136.291667   8.890 0.000   4.538 0.000
138.291667 139.291667   6.549 0.000   2.962 0.000
141.291667 142.291667  14.690 0.000   4.216 0.000
144.291667 145.291667  10.165 0.000   5.321 0.000
147.291667 148.291667  16.517 0.000   4.535 0.000
150.291667 151.291667  14.665 0.000   5.062 0.000
153.291667 154.291667 999.999 0.999 999.999 0.999
156.291667 157.291667 999.999 0.999 999.999 0.999
159.291667 160.291667 999.999 0.999 999.999 0.999
162.291667 163.291667  14.072 0.000   7.465 0.000
165.291667 166.291667 999.999 0.999   5.554 0.000
168.291667 169.291667 999.999 0.999   3.115 0.000
171.291667 172.291667 999.999 0.999   3.414 0.000
174.291667 175.291667 999.999 0.999   3.359 0.000
177.291667 178.291667 999.999 0.999   4.912 0.000
180.291667 181.291667 999.999 0.999   5.754 0.000
183.291667 184.291667 999.999 0.999   6.716 0.000
186.291667 187.291667 999.999 0.999   5.742 0.000
189.291667 190.291667 999.999 0.999   2.770 0.000
192.291667 193.291667 999.999 0.999   6.711 0.000
195.291667 196.291667 999.999 0.999 999.999 0.999
198.291667 199.291667  21.622 0.000   7.319 0.000
201.291667 202.291667  23.705 0.000   7.420 0.000
204.291667 205.291667 999.999 0.999   7.056 0.000
207.291667 208.291667 999.999 0.999   5.166 0.000
210.291667 211.291667 999.999 0.999   8.265 0.000
213.291667 214.291667 999.999 0.999  11.585 0.000
216.291667 217.291667  30.189 0.000   6.738 0.000
219.291667 220.291667  14.225 0.000   6.241 0.000
222.291667 223.291667  13.389 0.000   4.287 0.000
225.291667 226.291667   5.032 0.000   2.725 0.000
228.291667 229.291667   5.926 0.000   2.960 0.000
231.291667 232.291667  18.116 0.000   8.477 0.000
234.291667 235.291667  21.601 0.000   7.587 0.000
237.291667 238.291667  23.183 0.000   7.227 0.000
240.291667 241.291667  24.901 0.000   7.456 0.000
243.291667 244.291667  21.521 0.000   6.758 0.000
246.291667 247.291667  27.427 0.000   4.972 0.000
249.291667 250.291667   5.972 0.000   1.646 0.000
252.291667 253.291667  12.528 0.000   3.550 0.000
255.291667 256.291667  10.015 0.000   4.108 0.000
258.291667 259.291667  17.529 0.000   7.367 0.000
261.291667 262.291667  12.483 0.000   5.245 0.000
264.291667 265.291667   7.853 0.000   4.522 0.000
267.291667 268.291667  21.878 0.000  11.332 0.000
270.291667 271.291667  10.022 0.000   4.795 0.000
273.291667 274.291667   7.463 0.000   4.235 0.000
276.291667 277.291667   1.372 0.000   0.903 0.000
279.291667 280.291667   2.958 0.000   0.786 0.000
282.291667 283.291667   3.317 0.000   2.099 0.000
285.291667 286.291667   5.175 0.000   2.957 0.000
288.291667 289.291667  11.790 0.000   3.731 0.000
291.291667 292.291667   6.092 0.000   4.097 0.000
294.291667 295.291667   4.926 0.000   3.808 0.000
297.291667 298.291667   3.623 0.000   2.359 0.000
300.291667 301.291667   6.524 0.000   6.047 0.000
303.291667 304.291667   2.663 0.000   1.785 0.000
306.291667 307.291667   8.713 0.000   6.952 0.000
309.291667 310.291667   6.116 0.000   5.442 0.000
312.291667 313.291667   2.972 0.000   1.978 0.000
315.291667 316.291667   5.548 0.000   4.011 0.000
318.291667 319.291667   2.791 0.000   2.210 0.000
321.291667 322.291667   2.487 0.000   1.251 0.000
324.291667 325.291667   2.664 0.000   1.057 0.000
327.291667 328.291667   4.674 0.000   3.632 0.000
330.291667 331.291667   3.314 0.000   2.562 0.000
333.291667 334.291667   3.035 0.000   1.755 0.000
336.291667 337.291667   1.857 0.000   2.097 0.000
339.291667 340.291667   3.156 0.000   1.116 0.000
342.291667 343.291667   5.253 0.000   2.935 0.000
345.291667 346.291667   8.231 0.000   4.630 0.000
348.291667 349.291667   3.848 0.000   4.011 0.000
351.291667 352.291667   2.539 0.000   2.228 0.000
354.291667 355.291667   1.179 0.000   0.902 0.000
357.291667 358.291667   2.799 0.000   2.180 0.000
360.291667 361.291667   3.247 0.000   1.810 0.000
363.291667 364.291667   7.116 0.000   6.499 0.000
