scripts/IMPROVE-2019_partial/data/US2705R.20010101070000.20191216000000.filterpack..pm25.52w.1w.US03L_filterpack_US2705.US03L_IMPROVE_Davis.lev2.nas
64 1001
MISSING INFORMATION
US03L, IMPROVE, , , , , , , 
MISSING INFORMATION
IMPROVE sel_HTAP
1 1
2001 01 01 2019 12 16
3.000000
days from file reference point
25
1 1 1 1 1 1 1 1 1 1 1 1 1 1 1 1 1 1 1 1 1 1 1 1 1
999.999999 9999.99 9.999999 99.99 9.999999 9.999 9.999999999 99.99 9.999999999 9.999 9.999 999.999 9.999 999.999 9.999 999.999 9.999 999.999 9.999 999.999 9.999 9.999 9.999999 9.999 9.999
end_time of measurement, days from the file reference point
iron, ng/m3, Revision date=20181210133000
numflag iron, no unit, Revision date=20181210133000
lead, ng/m3, Revision date=20181210133000
numflag lead, no unit, Revision date=20181210133000
magnesium, ug/m3, Revision date=20181210133000
numflag magnesium, no unit, Revision date=20181210133000
nickel, ng/m3, Revision date=20181210133000
numflag nickel, no unit, Revision date=20181210133000
nitrate, ug N/m3, Revision date=20181210133000
numflag nitrate, no unit, Revision date=20181210133000
organic_carbon, ug C/m3, Revision date=20181210133000
numflag organic_carbon, no unit, Revision date=20181210133000
organic_mass, ug/m3, Revision date=20181210133000
numflag organic_mass, no unit, Revision date=20181210133000
pm10_mass, ug/m3, Version=2, Version description=Data extracted from http://views.cira.colostate.edu/fed/DataWizard 2019-12-16, Sample duration=1d, Orig. time res.=3d, Matrix=pm10, Blank correction=Blank corrected, Volume std. temperature=ambient, Volume std. pressure=ambient
numflag pm10_mass, no unit, Version=2, Version description=Data extracted from http://views.cira.colostate.edu/fed/DataWizard 2019-12-16, Sample duration=1d, Orig. time res.=3d, Matrix=pm10, Blank correction=Blank corrected, Volume std. temperature=ambient, Volume std. pressure=ambient
pm10_pm25_mass, ug/m3, Revision date=20181210133000, Matrix=pm10_pm25
numflag pm10_pm25_mass, no unit, Revision date=20181210133000, Matrix=pm10_pm25
pm25_mass, ug/m3, Version=2, Version description=Data extracted from http://views.cira.colostate.edu/fed/DataWizard 2019-12-16, Sample duration=1d, Orig. time res.=3d, Blank correction=Blank corrected, Volume std. temperature=ambient, Volume std. pressure=ambient
numflag pm25_mass, no unit, Version=2, Version description=Data extracted from http://views.cira.colostate.edu/fed/DataWizard 2019-12-16, Sample duration=1d, Orig. time res.=3d, Blank correction=Blank corrected, Volume std. temperature=ambient, Volume std. pressure=ambient
potassium, ug/m3, Revision date=20181210133000
numflag potassium, no unit, Revision date=20181210133000
sulphate_total, ug S/m3, Revision date=20181210133000
numflag sulphate_total, no unit, Revision date=20181210133000
0
25
Data definition:              EBAS_1.1
Set type code:                TU
Timezone:                     UTC
File name:                    US2705R.20010101070000.20191216000000.filterpack..pm25.52w.1w.US03L_filterpack_US2705.US03L_IMPROVE_Davis.lev2.nas
File creation:                20191218120357
Startdate:                    20010101070000
Revision date:                20191216000000
Statistics:                   arithmetic mean
Data level:                   2
Period code:                  52w
Resolution code:              1w
Station code:                 US2705R
Platform code:                US2705S
Station name:                 Glacier National Park-Fire Weather Station (MT05)
Station latitude:             48.5103
Station longitude:            -113.9958
Station altitude:             980.0 m
Regime:                       IMG
Component:                    
Matrix:                       pm25
Laboratory code:              US03L
Instrument type:              filterpack
Instrument name:              filterpack_US2705
Method ref:                   US03L_IMPROVE_Davis
starttime endtime Fe flag_Fe Pb flag_Pb Mg++ flag_Mg++ Ni flag_Ni NO3- flag_NO3- OC flag_OC OM flag_OM PM10 flag_PM10 PM10-PM2.5 flag_PM10-PM2.5 PM2.5 flag_PM2.5 K+ flag_K+ SO4-- flag_SO4--
  0.291667   1.291667   13.55 0.559000  3.55 0.559000 9.999 0.559259000  0.04 0.559000000 0.593 0.000   3.150 0.000   4.410 0.000  11.418 0.000   0.266 0.000  11.152 0.559 0.114 0.559000 0.370 0.000
  3.291667   4.291667   12.27 0.559000  0.29 0.559000 9.999 0.559259000 99.99 0.559259000 0.152 0.000   1.306 0.000   1.828 0.000   3.224 0.000   0.149 0.000   3.075 0.559 0.021 0.559000 0.156 0.000
  6.291667   7.291667   84.26 0.000000  0.22 0.000000 9.999 0.259000000 99.99 0.259000000 0.041 0.000   1.637 0.000   2.291 0.000   7.030 0.000   2.915 0.000   4.115 0.000 0.033 0.000000 0.125 0.000
  9.291667  10.291667   51.12 0.559000  0.71 0.559000 9.999 0.559259000  0.28 0.559000000 0.735 0.000   3.263 0.000   4.569 0.000  14.097 0.000   1.238 0.000  12.859 0.559 0.059 0.559000 0.372 0.000
 12.291667  13.291667   14.16 0.000000  0.20 0.000000 9.999 0.259000000  0.06 0.000000000 0.183 0.000   1.626 0.000   2.277 0.000   6.196 0.000   0.312 0.000   5.883 0.000 0.050 0.000000 0.518 0.000
 15.291667  16.291667   11.39 0.000000  0.34 0.000000 9.999 0.259000000 99.99 0.259000000 0.215 0.000   1.733 0.000   2.426 0.000   6.227 0.000   1.380 0.000   4.847 0.000 0.041 0.000000 0.309 0.000
 18.291667  19.291667   12.23 0.000000  0.57 0.000000 9.999 0.259000000 99.99 0.259000000 0.143 0.000   1.813 0.000   2.539 0.000   4.782 0.000 999.999 0.259   4.822 0.000 0.026 0.000000 0.273 0.000
 21.291667  22.291667    8.27 0.000000  0.13 0.000000 9.999 0.259000000  0.26 0.000000000 0.058 0.000   1.606 0.000   2.248 0.000   3.431 0.000 999.999 0.259   3.680 0.000 0.023 0.000000 0.189 0.000
 24.291667  25.291667   50.98 0.559000  0.42 0.559000 9.999 0.559259000 99.99 0.559259000 0.067 0.000   1.291 0.000   1.808 0.000   4.742 0.000   1.369 0.000   3.374 0.559 0.022 0.559000 0.153 0.000
 27.291667  28.291667    6.62 0.559000  0.69 0.559000 9.999 0.559259000 99.99 0.559259000 0.239 0.000   0.803 0.000   1.125 0.000   4.167 0.000   0.957 0.000   3.210 0.559 0.025 0.559000 0.235 0.000
 30.291667  31.291667   13.68 0.559000 99.99 0.559259 9.999 0.559259000 99.99 0.559259000 0.072 0.000   0.844 0.000   1.181 0.000   2.231 0.000   0.194 0.000   2.037 0.559 0.026 0.559000 0.086 0.000
 33.291667  34.291667   15.22 0.000000  0.50 0.000000 9.999 0.259000000  0.07 0.000000000 0.060 0.000   0.462 0.000   0.647 0.000   3.367 0.000   1.319 0.000   2.048 0.000 0.023 0.000000 0.242 0.000
 36.291667  37.291667    5.87 0.000000  0.49 0.000000 9.999 0.259000000 99.99 0.259000000 0.066 0.000   0.362 0.000   0.507 0.000   2.182 0.000   0.283 0.000   1.899 0.000 0.013 0.000000 0.279 0.000
 39.291667  40.291667   66.31 0.559000  0.35 0.559000 9.999 0.559259000 99.99 0.559259000 0.083 0.000   1.425 0.000   1.995 0.000   5.632 0.000   1.492 0.000   4.140 0.559 0.033 0.559000 0.252 0.000
 42.291667  43.291667   29.98 0.559000  0.56 0.559000 9.999 0.559259000 99.99 0.559259000 0.255 0.000   1.520 0.000   2.128 0.000   6.352 0.000   0.427 0.000   5.924 0.559 0.026 0.559000 0.317 0.000
 45.291667  46.291667    8.58 0.559000  0.48 0.559000 9.999 0.559259000 99.99 0.559259000 0.030 0.000 999.999 0.999 999.999 0.999   3.811 0.000   2.008 0.000   1.803 0.559 0.019 0.559000 0.253 0.000
 48.291667  49.291667   29.30 0.000000  0.80 0.000000 9.999 0.259000000 99.99 0.259000000 0.450 0.000 999.999 0.999 999.999 0.999   8.808 0.000   0.338 0.000   8.470 0.000 0.054 0.000000 0.389 0.000
 51.291667  52.291667   18.67 0.559000  0.56 0.559000 9.999 0.559259000  0.08 0.559000000 0.544 0.000 999.999 0.999 999.999 0.999   8.765 0.000 999.999 0.259   8.997 0.559 0.051 0.559000 0.198 0.000
 54.291667  55.291667   16.77 0.000000  0.40 0.000000 0.023 0.000000000 99.99 0.259000000 0.258 0.000 999.999 0.999 999.999 0.999   4.798 0.000   0.514 0.000   4.284 0.000 0.020 0.000000 0.477 0.000
 57.291667  58.291667   56.18 0.559000  0.30 0.559000 9.999 0.559259000 99.99 0.559259000 0.068 0.000 999.999 0.999 999.999 0.999 999.999 0.456 999.999 0.999   4.005 0.559 0.032 0.559000 0.214 0.000
 60.291667  61.291667   35.08 0.559000  1.00 0.559000 9.999 0.559259000 99.99 0.559259000 0.262 0.000   1.780 0.000   2.492 0.000 999.999 0.456 999.999 0.999   5.556 0.559 0.048 0.559000 0.172 0.000
 63.291667  64.291667  128.56 0.559000  0.90 0.559000 9.999 0.559259000 99.99 0.559259000 0.045 0.000   1.954 0.000   2.735 0.000   7.614 0.000   2.692 0.000   4.922 0.559 0.038 0.559000 0.152 0.000
 66.291667  67.291667  169.89 0.559000  0.94 0.559000 9.999 0.559259000 99.99 0.559259000 0.042 0.000   1.697 0.000   2.376 0.000  10.542 0.000   5.112 0.000   5.431 0.559 0.049 0.559000 0.139 0.000
 69.291667  70.291667   59.66 0.559000  0.78 0.559000 9.999 0.559259000 99.99 0.559259000 0.051 0.000   1.006 0.000   1.408 0.000   4.335 0.000   1.275 0.000   3.060 0.559 0.034 0.559000 0.170 0.000
 72.291667  73.291667    7.49 0.559000  0.82 0.559000 9.999 0.559259000  0.11 0.559000000 0.016 0.000   0.454 0.000   0.636 0.000   1.171 0.000   0.093 0.000   1.079 0.559 0.009 0.559000 0.081 0.000
 75.291667  76.291667   71.34 0.559000  4.31 0.559000 9.999 0.559259000 99.99 0.559259000 0.106 0.000   1.752 0.000   2.452 0.000   5.682 0.000   1.251 0.000   4.431 0.559 0.032 0.559000 0.226 0.000
 78.291667  79.291667  108.12 0.000000  1.82 0.000000 9.999 0.259000000 99.99 0.259000000 0.069 0.000   1.164 0.000   1.629 0.000   9.144 0.000   4.717 0.000   4.427 0.000 0.054 0.000000 0.253 0.000
 81.291667  82.291667   35.86 0.559000  1.25 0.559000 9.999 0.559259000 99.99 0.559259000 0.264 0.000   0.637 0.000   0.892 0.000   8.965 0.000   2.088 0.000   6.876 0.559 0.040 0.559000 0.915 0.000
 84.291667  85.291667   57.84 0.559000  1.04 0.559000 9.999 0.559259000 99.99 0.559259000 0.066 0.000   1.020 0.000   1.428 0.000   4.100 0.000   0.745 0.000   3.355 0.559 0.037 0.559000 0.196 0.000
 87.291667  88.291667   50.02 0.559000  1.54 0.559000 9.999 0.559259000  0.12 0.559000000 0.050 0.000   0.787 0.000   1.102 0.000   4.309 0.000   1.219 0.000   3.090 0.559 0.035 0.559000 0.233 0.000
 90.291667  91.291667   24.05 0.000000  0.96 0.000000 9.999 0.259000000 99.99 0.259000000 0.019 0.000   0.414 0.000   0.580 0.000   2.510 0.000   0.798 0.000   1.712 0.000 0.021 0.000000 0.118 0.000
 93.291667  94.291667   41.21 0.559000  0.65 0.559000 9.999 0.559259000  0.24 0.559000000 0.030 0.000   0.693 0.000   0.970 0.000   6.275 0.000   1.454 0.000   4.821 0.559 0.020 0.559000 0.634 0.000
 96.291667  97.291667   20.08 0.559000  0.60 0.559000 9.999 0.559259000  0.31 0.559000000 0.014 0.000   0.589 0.000   0.825 0.000   2.412 0.000   0.315 0.000   2.096 0.559 0.015 0.559000 0.104 0.000
 99.291667 100.291667   10.07 0.559000 99.99 0.559259 9.999 0.559259000 99.99 0.559259000 0.020 0.000   0.376 0.000   0.526 0.000   2.722 0.000   0.269 0.000   2.453 0.559 0.008 0.559000 0.268 0.000
102.291667 103.291667   16.41 0.559000  0.58 0.559000 9.999 0.559259000  0.31 0.559000000 0.036 0.000   0.483 0.000   0.676 0.000   3.054 0.000   0.728 0.000   2.326 0.559 0.016 0.559000 0.184 0.000
105.291667 106.291667   88.79 0.559000  1.00 0.559000 9.999 0.559259000 99.99 0.559259000 0.029 0.000   0.434 0.000   0.608 0.000   9.245 0.000   3.635 0.000   5.610 0.559 0.058 0.559000 0.639 0.000
108.291667 109.291667   83.71 0.559000  0.73 0.559000 9.999 0.559259000 99.99 0.559259000 0.032 0.559   1.000 0.000   1.401 0.000   4.853 0.000   1.877 0.000   2.976 0.559 0.049 0.559000 0.067 0.559
111.291667 112.291667   89.44 0.559000  2.52 0.559000 9.999 0.559259000 99.99 0.559259000 0.048 0.000   1.926 0.000   2.697 0.000   9.538 0.000   2.559 0.000   6.979 0.559 0.065 0.559000 0.486 0.000
114.291667 115.291667 9999.99 0.699000 99.99 0.699000 9.999 0.699000000 99.99 0.699000000 0.058 0.000   5.465 0.000   7.651 0.000  18.909 0.000 999.999 0.999 999.999 0.699 9.999 0.699000 0.346 0.000
117.291667 118.291667   39.83 0.559000  0.80 0.559000 9.999 0.559259000 99.99 0.559259000 0.016 0.000   0.939 0.000   1.314 0.000   4.283 0.000   1.466 0.000   2.817 0.559 0.036 0.559000 0.112 0.000
120.291667 121.291667   40.53 0.559000  0.40 0.559000 9.999 0.559259000 99.99 0.559259000 0.015 0.000   0.334 0.000   0.467 0.000   4.650 0.000   3.233 0.000   1.417 0.559 0.024 0.559000 0.060 0.000
123.291667 124.291667   89.91 0.559000  0.84 0.559000 9.999 0.559259000 99.99 0.559259000 0.031 0.000   1.212 0.000   1.697 0.000  10.978 0.000   6.348 0.000   4.630 0.559 0.055 0.559000 0.135 0.000
126.291667 127.291667  167.30 0.559000  1.73 0.559000 9.999 0.559259000 99.99 0.559259000 0.033 0.000   1.909 0.000   2.673 0.000  13.764 0.000   7.026 0.000   6.738 0.559 0.089 0.559000 0.187 0.000
129.291667 130.291667  233.51 0.559000  2.36 0.559000 9.999 0.559259000 99.99 0.559259000 0.057 0.000   1.558 0.000   2.181 0.000  17.132 0.000   9.095 0.000   8.037 0.559 0.117 0.559000 0.342 0.000
132.291667 133.291667  171.31 0.559000  1.99 0.559000 9.999 0.559259000 99.99 0.559259000 0.062 0.559   2.112 0.000   2.957 0.000  19.221 0.000  10.524 0.000   8.697 0.559 0.115 0.559000 0.545 0.559
135.291667 136.291667   41.79 0.559000  0.69 0.559000 9.999 0.559259000 99.99 0.559259000 0.018 0.559   0.818 0.000   1.145 0.000   4.034 0.000   1.652 0.000   2.382 0.559 0.021 0.559000 0.128 0.559
138.291667 139.291667   52.97 0.000000  2.20 0.000000 9.999 0.259000000  0.20 0.000000000 0.033 0.000   1.091 0.000   1.527 0.000   7.154 0.000   2.643 0.000   4.511 0.000 0.047 0.000000 0.394 0.000
141.291667 142.291667   83.72 0.559000  0.69 0.559000 9.999 0.559259000 99.99 0.559259000 0.028 0.000   1.585 0.000   2.219 0.000  11.612 0.000   7.048 0.000   4.565 0.559 0.049 0.559000 0.126 0.000
144.291667 145.291667   87.00 0.559000  0.72 0.559000 9.999 0.559259000 99.99 0.559259000 0.032 0.000   4.057 0.000   5.680 0.000  16.782 0.000   6.366 0.000  10.417 0.559 0.072 0.559000 0.345 0.000
147.291667 148.291667   86.67 0.559000  1.45 0.559000 9.999 0.559259000 99.99 0.559259000 0.029 0.000   1.786 0.000   2.500 0.000   9.921 0.000   4.358 0.000   5.562 0.559 0.050 0.559000 0.253 0.000
150.291667 151.291667  102.91 0.559000  0.68 0.559000 9.999 0.559259000 99.99 0.559259000 0.030 0.000 999.999 0.999 999.999 0.999  12.855 0.000   8.643 0.000   4.213 0.559 0.049 0.559000 0.171 0.000
153.291667 154.291667   23.65 0.559000  0.31 0.559000 9.999 0.559259000 99.99 0.559259000 0.025 0.000   0.637 0.000   0.892 0.000   3.054 0.000   1.235 0.000   1.819 0.559 0.018 0.559000 0.103 0.000
156.291667 157.291667    8.74 0.559000  0.19 0.559000 9.999 0.559259000 99.99 0.559259000 0.008 0.000   0.431 0.000   0.603 0.000   2.204 0.000   1.226 0.000   0.978 0.559 0.013 0.559000 0.038 0.000
159.291667 160.291667   47.84 0.559000  0.65 0.559000 9.999 0.559259000 99.99 0.559259000 0.019 0.000 999.999 0.999 999.999 0.999   6.283 0.000   2.975 0.000   3.308 0.559 0.031 0.559000 0.160 0.000
162.291667 163.291667   13.36 0.000000  0.21 0.000000 9.999 0.259000000 99.99 0.259000000 0.009 0.000   0.467 0.000   0.654 0.000   2.269 0.000   1.121 0.000   1.148 0.000 0.019 0.000000 0.040 0.000
165.291667 166.291667   22.82 0.000000  0.31 0.000000 9.999 0.259000000 99.99 0.259000000 0.018 0.000   0.679 0.000   0.951 0.000   3.950 0.000   2.036 0.000   1.915 0.000 0.018 0.000000 0.085 0.000
168.291667 169.291667    7.28 0.000000  0.19 0.000000 9.999 0.259000000 99.99 0.259000000 0.007 0.000   0.474 0.000   0.663 0.000   2.703 0.000   1.481 0.000   1.222 0.000 0.012 0.000000 0.063 0.000
171.291667 172.291667   91.65 0.000000  0.40 0.000000 9.999 0.259000000 99.99 0.259000000 0.025 0.000   2.083 0.000   2.916 0.000 999.999 0.456 999.999 0.999   5.398 0.000 0.041 0.000000 0.086 0.000
174.291667 175.291667   26.39 0.000000  0.41 0.000000 9.999 0.259000000 99.99 0.259000000 0.017 0.000   0.463 0.000   0.648 0.000 999.999 0.456 999.999 0.999   2.229 0.000 0.023 0.000000 0.130 0.000
177.291667 178.291667   18.46 0.000000  0.28 0.000000 9.999 0.259000000 99.99 0.259000000 0.018 0.000   1.083 0.000   1.516 0.000   6.903 0.000   3.609 0.000   3.295 0.000 0.024 0.000000 0.146 0.000
180.291667 181.291667   20.25 0.000000  0.16 0.000000 9.999 0.259000000 99.99 0.259000000 0.017 0.000   0.895 0.000   1.253 0.000   9.879 0.000   4.679 0.000   5.200 0.000 0.022 0.000000 0.507 0.000
183.291667 184.291667   92.79 0.000000  0.65 0.000000 9.999 0.259000000 99.99 0.259000000 0.029 0.000   2.392 0.000   3.349 0.000  15.622 0.000   8.668 0.000   6.954 0.000 0.068 0.000000 0.224 0.000
186.291667 187.291667   65.92 0.559000  1.99 0.559000 9.999 0.559259000 99.99 0.559259000 0.030 0.000   1.430 0.000   2.003 0.000  15.377 0.000  10.234 0.000   5.143 0.559 0.099 0.559000 0.163 0.000
189.291667 190.291667  131.42 0.000000  0.62 0.000000 9.999 0.259000000 99.99 0.259000000 0.027 0.000   2.417 0.000   3.384 0.000  18.560 0.000  11.423 0.000   7.136 0.000 0.067 0.000000 0.168 0.000
192.291667 193.291667  104.47 0.559000  0.42 0.559000 9.999 0.559259000 99.99 0.559259000 0.027 0.000   1.657 0.000   2.320 0.000 999.999 0.456 999.999 0.999   6.385 0.559 0.053 0.559000 0.307 0.000
195.291667 196.291667  144.54 0.000000  0.52 0.000000 9.999 0.259000000 99.99 0.259000000 0.031 0.000   2.941 0.000   4.118 0.000 999.999 0.456 999.999 0.999   7.809 0.000 0.093 0.000000 0.206 0.000
198.291667 199.291667   66.32 0.559000  0.29 0.559000 9.999 0.559259000 99.99 0.559259000 0.015 0.000   0.756 0.000   1.059 0.000  20.337 0.000  15.997 0.000   4.340 0.559 0.051 0.559000 0.202 0.000
201.291667 202.291667   15.13 0.000000  0.23 0.000000 9.999 0.259000000 99.99 0.259000000 0.016 0.000   1.114 0.000   1.560 0.000   4.671 0.000   1.653 0.000   3.018 0.000 0.020 0.000000 0.071 0.000
204.291667 205.291667   71.44 0.000000  0.39 0.000000 9.999 0.259000000 99.99 0.259000000 0.021 0.000 999.999 0.999 999.999 0.999 999.999 0.456 999.999 0.999   5.607 0.000 0.041 0.000000 0.150 0.000
207.291667 208.291667  164.68 0.000000  0.53 0.000000 9.999 0.259000000 99.99 0.259000000 0.029 0.000   2.284 0.000   3.198 0.000 999.999 0.456 999.999 0.999   7.393 0.000 0.074 0.000000 0.158 0.000
210.291667 211.291667   70.15 0.559000  0.33 0.559000 9.999 0.559259000 99.99 0.559259000 0.020 0.000   1.581 0.000   2.213 0.000 999.999 0.456 999.999 0.999   5.569 0.559 0.077 0.559000 0.181 0.000
213.291667 214.291667   99.94 0.000000  0.34 0.000000 9.999 0.259000000 99.99 0.259000000 0.022 0.559   1.942 0.000   2.719 0.000  17.940 0.000  11.839 0.000   6.101 0.000 0.061 0.000000 0.151 0.559
216.291667 217.291667  124.24 0.559000  0.35 0.559000 9.999 0.559259000 99.99 0.559259000 0.015 0.000   1.515 0.000   2.121 0.000  17.609 0.000  12.751 0.000   4.858 0.559 0.076 0.559000 0.079 0.000
219.291667 220.291667  114.43 0.000000  0.20 0.000000 9.999 0.259000000 99.99 0.259000000 0.012 0.000   0.920 0.000   1.288 0.000  24.595 0.000  19.490 0.000   5.105 0.000 0.072 0.000000 0.178 0.000
222.291667 223.291667  210.00 0.559000  0.63 0.559000 9.999 0.559259000 99.99 0.559259000 0.031 0.000   2.913 0.000   4.078 0.000  31.622 0.000  21.687 0.000   9.935 0.559 0.145 0.559000 0.138 0.000
225.291667 226.291667 9999.99 0.456000 99.99 0.456000 9.999 0.456000000 99.99 0.456000000 0.030 0.000   3.632 0.000   5.085 0.000  25.052 0.000 999.999 0.999 999.999 0.456 9.999 0.456000 0.299 0.000
228.291667 229.291667  195.95 0.394000  0.97 0.394000 9.999 0.394259000 99.99 0.394259000 0.035 0.394   7.329 0.000  10.260 0.000  46.800 0.000  29.091 0.000  17.709 0.000 0.195 0.394000 0.215 0.394
231.291667 232.291667 9999.99 0.699000 99.99 0.699000 9.999 0.699000000 99.99 0.699000000 0.043 0.559   7.313 0.000  10.238 0.000  33.509 0.000 999.999 0.999 999.999 0.699 9.999 0.699000 0.253 0.559
234.291667 235.291667  117.68 0.559000  0.44 0.559000 9.999 0.559259000 99.99 0.559259000 0.027 0.000   2.821 0.000   3.950 0.000  17.729 0.000  10.719 0.000   7.010 0.559 0.096 0.559000 0.119 0.000
237.291667 238.291667  186.69 0.559000  1.00 0.559000 9.999 0.559259000 99.99 0.559259000 0.040 0.000   4.408 0.000   6.172 0.000  27.614 0.000  17.247 0.000  10.368 0.559 0.123 0.559000 0.109 0.000
