scripts/IMPROVE-2019_partial/data/US2705R.20050101070000.20191216000000.filterpack..pm25.52w.1w.US03L_filterpack_US2705.US03L_IMPROVE_Davis.lev2.nas
64 1001
MISSING INFORMATION
US03L, IMPROVE, , , , , , , 
MISSING INFORMATION
IMPROVE sel_HTAP
1 1
2005 01 01 2019 12 16
3.000000
days from file reference point
25
1 1 1 1 1 1 1 1 1 1 1 1 1 1 1 1 1 1 1 1 1 1 1 1 1
999.999999 9999.99 9.999 99.99 9.999 9.999 9.999999 9.99 9.999999 99.999 9.999 99.999 9.999 999.999 9.999 999.999 9.999 999.999 9.999 999.999 9.999 9.999 9.999 99.999 9.999
end_time of measurement, days from the file reference point
iron, ng/m3, Revision date=20181210133000
numflag iron, no unit, Revision date=20181210133000
lead, ng/m3, Revision date=20181210133000
numflag lead, no unit, Revision date=20181210133000
magnesium, ug/m3, Revision date=20181210133000
numflag magnesium, no unit, Revision date=20181210133000
nickel, ng/m3, Revision date=20181210133000
numflag nickel, no unit, Revision date=20181210133000
nitrate, ug N/m3, Revision date=20181210133000
numflag nitrate, no unit, Revision date=20181210133000
organic_carbon, ug C/m3, Revision date=20181210133000
numflag organic_carbon, no unit, Revision date=20181210133000
organic_mass, ug/m3, Revision date=20181210133000
numflag organic_mass, no unit, Revision date=20181210133000
pm10_mass, ug/m3, Version=2, Version description=Data extracted from http://views.cira.colostate.edu/fed/DataWizard 2019-12-16, Sample duration=1d, Orig. time res.=3d, Matrix=pm10, Blank correction=Blank corrected, Volume std. temperature=ambient, Volume std. pressure=ambient
numflag pm10_mass, no unit, Version=2, Version description=Data extracted from http://views.cira.colostate.edu/fed/DataWizard 2019-12-16, Sample duration=1d, Orig. time res.=3d, Matrix=pm10, Blank correction=Blank corrected, Volume std. temperature=ambient, Volume std. pressure=ambient
pm10_pm25_mass, ug/m3, Revision date=20181210133000, Matrix=pm10_pm25
numflag pm10_pm25_mass, no unit, Revision date=20181210133000, Matrix=pm10_pm25
pm25_mass, ug/m3, Version=2, Version description=Data extracted from http://views.cira.colostate.edu/fed/DataWizard 2019-12-16, Sample duration=1d, Orig. time res.=3d, Blank correction=Blank corrected, Volume std. temperature=ambient, Volume std. pressure=ambient
numflag pm25_mass, no unit, Version=2, Version description=Data extracted from http://views.cira.colostate.edu/fed/DataWizard 2019-12-16, Sample duration=1d, Orig. time res.=3d, Blank correction=Blank corrected, Volume std. temperature=ambient, Volume std. pressure=ambient
potassium, ug/m3, Revision date=20181210133000
numflag potassium, no unit, Revision date=20181210133000
sulphate_total, ug S/m3, Revision date=20181210133000
numflag sulphate_total, no unit, Revision date=20181210133000
0
25
Data definition:              EBAS_1.1
Set type code:                TU
Timezone:                     UTC
File name:                    US2705R.20050101070000.20191216000000.filterpack..pm25.52w.1w.US03L_filterpack_US2705.US03L_IMPROVE_Davis.lev2.nas
File creation:                20191218120358
Startdate:                    20050101070000
Revision date:                20191216000000
Statistics:                   arithmetic mean
Data level:                   2
Period code:                  52w
Resolution code:              1w
Station code:                 US2705R
Platform code:                US2705S
Station name:                 Glacier National Park-Fire Weather Station (MT05)
Station latitude:             48.5103
Station longitude:            -113.9958
Station altitude:             980.0 m
Regime:                       IMG
Component:                    
Matrix:                       pm25
Laboratory code:              US03L
Instrument type:              filterpack
Instrument name:              filterpack_US2705
Method ref:                   US03L_IMPROVE_Davis
starttime endtime Fe flag_Fe Pb flag_Pb Mg++ flag_Mg++ Ni flag_Ni NO3- flag_NO3- OC flag_OC OM flag_OM PM10 flag_PM10 PM10-PM2.5 flag_PM10-PM2.5 PM2.5 flag_PM2.5 K+ flag_K+ SO4-- flag_SO4--
[from data line 87]
261.291667 262.291667   69.28 0.000  1.06 0.000 0.009 0.000000 9.99 0.259000  0.020 0.000  1.165 0.000   2.097 0.000   7.422 0.000   3.741 0.000   3.618 0.000 0.048 0.000  0.182 0.000
264.291667 265.291667   79.19 0.000  0.58 0.000 0.009 0.000000 0.06 0.000000  0.040 0.000  2.553 0.000   4.595 0.000  13.623 0.000   6.965 0.000   6.540 0.000 0.042 0.000  0.190 0.000
267.291667 268.291667   85.56 0.000  0.72 0.000 9.999 0.259000 9.99 0.259000  0.021 0.000  1.342 0.000   2.416 0.000   8.017 0.000   3.830 0.000   4.120 0.000 0.040 0.000  0.185 0.000
270.291667 271.291667   58.84 0.000  0.54 0.000 9.999 0.259000 9.99 0.259000  0.012 0.000  0.820 0.000   1.475 0.000   9.113 0.000   6.453 0.000   2.712 0.000 0.032 0.000  0.098 0.000
273.291667 274.291667    7.88 0.000  0.33 0.000 9.999 0.259000 9.99 0.259000  0.003 0.000  0.454 0.000   0.817 0.000   1.724 0.000   0.598 0.000   1.113 0.000 0.009 0.000  0.053 0.000
276.291667 277.291667    3.22 0.000  0.15 0.000 9.999 0.259000 9.99 0.259000  0.003 0.000  0.201 0.000   0.362 0.000   1.748 0.000   0.853 0.000   0.895 0.000 0.005 0.000  0.098 0.000
279.291667 280.291667   36.76 0.000  0.91 0.000 9.999 0.259000 9.99 0.259000  0.027 0.000  2.367 0.000   4.261 0.000   6.919 0.000   1.700 0.000   5.168 0.000 0.040 0.000  0.069 0.000
282.291667 283.291667   87.69 0.000  0.42 0.000 9.999 0.259000 0.11 0.000000  0.022 0.000  2.622 0.000   4.719 0.000   8.739 0.000   2.811 0.000   5.859 0.000 0.032 0.000  0.143 0.000
285.291667 286.291667 9999.99 0.999 99.99 0.999 9.999 0.999000 9.99 0.999000 99.999 0.999 99.999 0.999 999.999 0.999 999.999 0.999 999.999 0.999 999.999 0.999 9.999 0.999 99.999 0.999
288.291667 289.291667   21.25 0.000  0.40 0.000 9.999 0.259000 9.99 0.259000  0.011 0.000  0.727 0.000   1.309 0.000   5.657 0.000   3.249 0.000   2.358 0.000 0.032 0.000  0.132 0.000
291.291667 292.291667   90.61 0.000  0.75 0.000 0.006 0.000000 9.99 0.259000  0.027 0.000  3.920 0.000   7.056 0.000  13.043 0.000   4.043 0.000   9.020 0.000 0.051 0.000  0.185 0.000
294.291667 295.291667   62.11 0.000  0.53 0.000 0.006 0.000000 9.99 0.259000  0.012 0.000  3.159 0.000   5.686 0.000   9.578 0.000   2.959 0.000   6.545 0.000 0.026 0.000  0.128 0.000
297.291667 298.291667  104.32 0.000  0.54 0.000 9.999 0.259000 9.99 0.259000  0.050 0.000  4.039 0.559   7.271 0.559  12.877 0.000   2.519 0.000  10.313 0.000 0.099 0.000  0.293 0.000
300.291667 301.291667   37.34 0.000  1.43 0.000 9.999 0.259000 9.99 0.259000  0.142 0.000  4.847 0.000   8.724 0.000  12.648 0.000   1.876 0.000  10.688 0.000 0.084 0.000  0.195 0.000
303.291667 304.291667   43.80 0.000  0.35 0.000 9.999 0.259000 9.99 0.259000  0.014 0.000  1.502 0.000   2.703 0.000   4.458 0.000   1.090 0.000   3.335 0.000 0.030 0.000  0.085 0.000
306.291667 307.291667   55.87 0.000  0.62 0.000 9.999 0.259000 9.99 0.259000  0.067 0.000  7.115 0.000  12.807 0.000  15.192 0.000   1.466 0.000  13.626 0.000 0.087 0.000  0.183 0.000
309.291667 310.291667    9.41 0.000  0.40 0.000 9.999 0.259000 9.99 0.259000  0.032 0.000  3.906 0.000   7.031 0.000   6.862 0.000   0.200 0.000   6.618 0.000 0.018 0.000  0.073 0.000
312.291667 313.291667   38.30 0.000  1.42 0.000 9.999 0.259000 9.99 0.259000  0.139 0.000  8.616 0.559  15.508 0.559  17.887 0.000   1.835 0.000  16.020 0.000 0.085 0.000  0.256 0.000
315.291667 316.291667   10.35 0.000  0.33 0.000 0.008 0.000000 9.99 0.259000  0.022 0.000  1.600 0.559   2.881 0.559   3.562 0.000   0.453 0.000   3.085 0.000 0.018 0.000  0.045 0.000
318.291667 319.291667   20.95 0.000  0.40 0.000 9.999 0.259000 9.99 0.259000  0.097 0.000  3.778 0.559   6.800 0.559   9.225 0.000   1.244 0.000   7.939 0.000 0.054 0.000  0.174 0.000
321.291667 322.291667   54.26 0.000  0.83 0.000 9.999 0.259000 9.99 0.259000  0.108 0.000  4.715 0.559   8.486 0.559  11.693 0.000   1.439 0.000  10.174 0.000 0.067 0.000  0.176 0.000
324.291667 325.291667    6.83 0.000  0.33 0.000 9.999 0.259000 9.99 0.259000  0.091 0.000  1.853 0.559   3.335 0.559   5.766 0.000   0.170 0.000   5.560 0.000 0.048 0.000  0.266 0.000
327.291667 328.291667    4.85 0.000  0.35 0.000 9.999 0.259000 9.99 0.259000  0.134 0.000  1.266 0.559   2.278 0.559   4.108 0.000   0.334 0.000   3.747 0.000 0.041 0.000  0.201 0.000
330.291667 331.291667    3.32 0.000  0.24 0.000 9.999 0.259000 9.99 0.259000  0.019 0.000  1.569 0.559   2.825 0.559   2.679 0.000   0.080 0.000   2.583 0.000 0.014 0.000  0.059 0.000
333.291667 334.291667   18.55 0.000  0.98 0.000 9.999 0.259000 9.99 0.259000  0.515 0.000  0.617 0.559   1.111 0.559   6.616 0.000   1.105 0.000   5.511 0.000 0.032 0.000  0.361 0.000
336.291667 337.291667   23.98 0.000  0.71 0.000 9.999 0.259000 9.99 0.259000  0.107 0.000  1.930 0.559   3.474 0.559   5.077 0.000   0.356 0.000   4.689 0.000 0.048 0.000  0.207 0.000
339.291667 340.291667   12.73 0.000  0.22 0.000 9.999 0.259000 9.99 0.259000  0.025 0.000  1.194 0.559   2.149 0.559   3.619 0.000   0.390 0.000   3.209 0.000 0.028 0.000  0.236 0.000
342.291667 343.291667   30.10 0.000  0.92 0.000 9.999 0.259000 0.17 0.000000  0.572 0.000  3.504 0.559   6.307 0.559  12.604 0.000   1.189 0.000  11.519 0.000 0.065 0.000  0.340 0.000
345.291667 346.291667   33.79 0.000  0.47 0.000 9.999 0.259000 9.99 0.259000  0.180 0.000  1.447 0.559   2.604 0.559   6.054 0.000   0.398 0.000   5.617 0.000 0.056 0.000  0.386 0.000
348.291667 349.291667   20.49 0.000  0.46 0.000 9.999 0.259000 9.99 0.259000  0.038 0.000  1.450 0.000   2.610 0.000   3.642 0.000   0.565 0.000   3.052 0.000 0.026 0.000  0.101 0.000
351.291667 352.291667   72.61 0.000  0.39 0.000 0.006 0.000000 0.08 0.000000  0.079 0.000  1.267 0.000   2.280 0.000   5.033 0.000   1.188 0.000   3.806 0.000 0.014 0.000  0.222 0.000
354.291667 355.291667   24.50 0.000  1.69 0.000 9.999 0.259000 0.40 0.000000  1.158 0.000  4.221 0.000   7.598 0.000  22.036 0.000   2.249 0.000  19.798 0.000 0.185 0.000  0.637 0.000
357.291667 358.291667   20.43 0.000  0.54 0.000 9.999 0.259000 0.20 0.000000  0.062 0.000  1.114 0.000   2.005 0.000   3.547 0.000   0.552 0.000   2.971 0.000 0.038 0.000  0.112 0.000
360.291667 361.291667   22.63 0.000  0.23 0.000 9.999 0.259000 9.99 0.259000  0.028 0.000  0.659 0.000   1.186 0.000   2.383 0.000   0.564 0.000   1.809 0.000 0.023 0.000  0.047 0.000
363.291667 364.291667   18.80 0.000  0.30 0.000 9.999 0.259000 0.07 0.000000  0.022 0.000  0.824 0.000   1.484 0.000   2.623 0.000   0.506 0.000   2.099 0.000 0.010 0.000  0.042 0.000
