scripts/IMPROVE-2019_partial/data/US2705R.19930102070000.20191216000000.filterpack...1y.3d.US03L_filterpack_US2705.US03L_IMPROVE_Davis.lev2.nas
51 1001
MISSING INFORMATION
US03L, IMPROVE, , , , , , , 
MISSING INFORMATION
IMPROVE sel_HTAP
1 1
1993 01 01 2019 12 16
0
days from file reference point
4
1 1 1 1
999.999999 999.999 999.999 9.999
end_time of measurement, days from the file reference point
pm10_mass, ug/m3, Matrix=pm10
pm25_mass, ug/m3, Matrix=pm25
numflag, no unit
0
33
Data definition:              EBAS_1.1
Set type code:                TI
Timezone:                     UTC
File name:                    US2705R.19930102070000.20191216000000.filterpack...1y.3d.US03L_filterpack_US2705.US03L_IMPROVE_Davis.lev2.nas
File creation:                20191218120356
Startdate:                    19930102070000
Revision date:                20191216000000
Version:                      2
Version description:          "Data extracted from http://views.cira.colostate.edu/fed/DataWizard 2019-12-16"
Statistics:                   arithmetic mean
Data level:                   2
Period code:                  1y
Resolution code:              3d
Sample duration:              1d
Orig. time res.:              3d
Station code:                 US2705R
Platform code:                US2705S
Station name:                 Glacier National Park-Fire Weather Station (MT05)
Station latitude:             48.5103
Station longitude:            -113.9958
Station altitude:             980.0 m
Regime:                       IMG
Component:                    
Unit:                         ug/m3
Matrix:                       
Laboratory code:              US03L
Instrument type:              filterpack
Instrument name:              filterpack_US2705
Method ref:                   US03L_IMPROVE_Davis
Blank correction:             Blank corrected
Volume std. temperature:      ambient
Volume std. pressure:         ambient
starttime endtime PM10 PM2.5 flag
  1.291667   2.291667  17.658  13.716 0.000
  5.291667   6.291667   6.137   4.437 0.000
  8.291667   9.291667   4.077   3.322 0.000
 12.291667  13.291667   6.864   6.181 0.000
 15.291667  16.291667 999.999 999.999 0.999
 19.291667  20.291667  10.159   8.000 0.000
 22.291667  23.291667   7.063   3.375 0.000
 26.291667  27.291667   4.600   3.470 0.000
 29.291667  30.291667  12.080  10.505 0.000
 33.291667  34.291667   7.131   4.860 0.000
 36.291667  37.291667  22.195  17.210 0.000
 40.291667  41.291667   5.470   4.040 0.000
 43.291667  44.291667  15.739  11.788 0.000
 47.291667  48.291667  10.381   5.327 0.000
 50.291667  51.291667   5.508   2.115 0.000
 54.291667  55.291667   6.245   3.778 0.000
 57.291667  58.291667  10.640   8.243 0.000
 61.291667  62.291667  12.659   6.006 0.000
 64.291667  65.291667   6.786   2.594 0.000
 68.291667  69.291667   4.878   3.526 0.000
 71.291667  72.291667  10.691   6.804 0.000
 75.291667  76.291667   5.556   2.281 0.000
 78.291667  79.291667  13.095   5.344 0.000
 82.291667  83.291667   5.310   2.704 0.000
 85.291667  86.291667   3.450   2.468 0.000
 89.291667  90.291667  12.578   7.445 0.000
 92.291667  93.291667   4.180   2.759 0.000
 96.291667  97.291667   7.729   4.858 0.000
 99.291667 100.291667   4.900   2.839 0.000
103.291667 104.291667   8.450   4.188 0.000
106.291667 107.291667   8.016   4.531 0.000
110.291667 111.291667   5.635   2.969 0.000
113.291667 114.291667   4.444   3.094 0.000
117.291667 118.291667   5.808   3.375 0.000
120.291667 121.291667   7.192   3.925 0.000
124.291667 125.291667  11.365   4.724 0.000
127.291667 128.291667   4.096   2.685 0.000
131.291667 132.291667  14.420 999.999 0.000
134.291667 135.291667  13.587   6.409 0.000
138.291667 139.291667  16.556   8.731 0.000
141.291667 142.291667   5.036   1.994 0.000
145.291667 146.291667  12.218   4.630 0.000
148.291667 149.291667   9.023   2.747 0.000
152.291667 153.291667   8.307   4.603 0.000
155.291667 156.291667   7.181   3.594 0.000
159.291667 160.291667  11.245   5.920 0.000
162.291667 163.291667   4.008   1.411 0.000
166.291667 167.291667   7.849   4.112 0.000
169.291667 170.291667  20.075   6.897 0.000
173.291667 174.291667   3.953   1.420 0.000
176.291667 177.291667  10.386   4.984 0.000
180.291667 181.291667   7.000   3.131 0.000
183.291667 184.291667   5.347   3.448 0.000
187.291667 188.291667   7.753   3.609 0.000
190.291667 191.291667   7.085   5.994 0.000
194.291667 195.291667   9.121   3.951 0.000
197.291667 198.291667   5.165   3.313 0.000
201.291667 202.291667   8.242   2.599 0.000
204.291667 205.291667   9.817   3.969 0.000
208.291667 209.291667  13.993   5.631 0.000
211.291667 212.291667  16.960   3.739 0.000
215.291667 216.291667  17.518   9.819 0.000
218.291667 219.291667  24.549  10.302 0.000
222.291667 223.291667  11.812   5.385 0.000
225.291667 226.291667  21.051   8.602 0.000
229.291667 230.291667   7.992   4.691 0.000
232.291667 233.291667  10.148   6.025 0.000
236.291667 237.291667   7.925   3.502 0.000
239.291667 240.291667   5.094   3.302 0.000
243.291667 244.291667   8.491   4.180 0.000
246.291667 247.291667  10.415   6.842 0.000
250.291667 251.291667  21.577   9.844 0.000
253.291667 254.291667  27.808   8.251 0.000
257.291667 258.291667   8.566   1.761 0.000
260.291667 261.291667  13.358   6.422 0.000
264.291667 265.291667   7.041   4.921 0.000
267.291667 268.291667  10.225   5.776 0.000
271.291667 272.291667  17.128   8.399 0.000
274.291667 275.291667  21.135  11.970 0.000
278.291667 279.291667   9.579   6.453 0.000
281.291667 282.291667   7.614   6.185 0.000
285.291667 286.291667  13.829  10.599 0.000
288.291667 289.291667  11.722   7.778 0.000
292.291667 293.291667  10.923   9.325 0.000
295.291667 296.291667  13.846  11.182 0.000
299.291667 300.291667  17.283  13.240 0.000
302.291667 303.291667  11.509   8.723 0.000
306.291667 307.291667  16.953   7.138 0.000
309.291667 310.291667  24.219 999.999 0.000
313.291667 314.291667  19.729  16.899 0.000
316.291667 317.291667  13.062   9.119 0.000
320.291667 321.291667  12.875  11.980 0.000
323.291667 324.291667   8.145   6.951 0.000
327.291667 328.291667   7.294   5.728 0.000
330.291667 331.291667  13.216  11.006 0.000
334.291667 335.291667   7.171   3.905 0.000
337.291667 338.291667 999.999 999.999 0.999
341.291667 342.291667   4.563   3.153 0.000
344.291667 345.291667   4.683   2.637 0.000
348.291667 349.291667 999.999   5.309 0.000
351.291667 352.291667   9.524   7.443 0.000
355.291667 356.291667  10.586   6.901 0.000
358.291667 359.291667   9.102   7.962 0.000
362.291667 363.291667  22.568  18.576 0.000
