scripts/IMPROVE-2019_partial/data/US2705R.20150103070000.20191216000000.filterpack...1y.3d.US03L_filterpack_US2705.US03L_IMPROVE_Davis.lev2.nas
52 1001
MISSING INFORMATION
US03L, IMPROVE, , , , , , , 
MISSING INFORMATION
IMPROVE sel_HTAP
1 1
2015 01 01 2019 12 16
3.000000
days from file reference point
5
1 1 1 1 1
999.999999 9999.999 9.999 999.999 9.999
end_time of measurement, days from the file reference point
pm10_mass, ug/m3, Matrix=pm10
numflag pm10_mass, no unit, Matrix=pm10
pm25_mass, ug/m3, Matrix=pm25
numflag pm25_mass, no unit, Matrix=pm25
0
33
Data definition:              EBAS_1.1
Set type code:                TU
Timezone:                     UTC
File name:                    US2705R.20150103070000.20191216000000.filterpack...1y.3d.US03L_filterpack_US2705.US03L_IMPROVE_Davis.lev2.nas
File creation:                20191218120359
Startdate:                    20150103070000
Revision date:                20191216000000
Version:                      2
Version description:          "Data extracted from http://views.cira.colostate.edu/fed/DataWizard 2019-12-16"
Statistics:                   arithmetic mean
Data level:                   2
Period code:                  1y
Resolution code:              3d
Sample duration:              1d
Orig. time res.:              3d
Station code:                 US2705R
Platform code:                US2705S
Station name:                 Glacier National Park-Fire Weather Station (MT05)
Station latitude:             48.5103
Station longitude:            -113.9958
Station altitude:             980.0 m
Regime:                       IMG
Component:                    
Unit:                         ug/m3
Matrix:                       
Laboratory code:              US03L
Instrument type:              filterpack
Instrument name:              filterpack_US2705
Method ref:                   US03L_IMPROVE_Davis
Blank correction:             Blank corrected
Volume std. temperature:      ambient
Volume std. pressure:         ambient
starttime endtime PM10 flag_PM10 PM2.5 flag_PM2.5
  2.291667   3.291667    3.049 0.000   2.036 0.000
  5.291667   6.291667    4.684 0.000   4.207 0.000
  8.291667   9.291667    2.448 0.000   1.580 0.000
 11.291667  12.291667    9.141 0.000   8.061 0.000
 14.291667  15.291667    4.454 0.000   3.920 0.000
 17.291667  18.291667    1.956 0.000   1.636 0.000
 20.291667  21.291667    3.486 0.000   2.545 0.000
 23.291667  24.291667    2.044 0.000   1.475 0.000
 26.291667  27.291667    6.144 0.000   4.673 0.000
 29.291667  30.291667    5.384 0.000   3.862 0.000
 32.291667  33.291667    3.627 0.000   3.370 0.000
 35.291667  36.291667    2.343 0.000   2.166 0.000
 38.291667  39.291667    1.016 0.000   0.572 0.000
 41.291667  42.291667    1.146 0.000   0.863 0.000
 44.291667  45.291667    3.666 0.000   2.379 0.000
 47.291667  48.291667    6.864 0.000   2.978 0.000
 50.291667  51.291667    4.446 0.000   2.978 0.000
 53.291667  54.291667    6.688 0.000   3.048 0.000
 56.291667  57.291667    2.183 0.000   1.540 0.000
 59.291667  60.291667    7.506 0.000   4.257 0.000
 62.291667  63.291667 9999.999 0.456   5.451 0.000
 65.291667  66.291667 9999.999 0.456   4.347 0.000
 68.291667  69.291667 9999.999 0.456   4.565 0.000
 71.291667  72.291667    4.444 0.000   2.300 0.000
 74.291667  75.291667    0.511 0.000   0.358 0.000
 77.291667  78.291667    3.985 0.000   2.361 0.000
 80.291667  81.291667    5.353 0.000   2.563 0.000
 83.291667  84.291667    1.792 0.000   1.385 0.000
 86.291667  87.291667    2.840 0.000   1.813 0.000
 89.291667  90.291667    6.150 0.000   3.216 0.000
 92.291667  93.291667    5.021 0.000   3.015 0.000
 95.291667  96.291667    0.977 0.000   0.545 0.000
 98.291667  99.291667    5.327 0.000   2.847 0.000
101.291667 102.291667    2.462 0.000   0.879 0.000
104.291667 105.291667    2.967 0.000   1.501 0.000
107.291667 108.291667    3.590 0.000   2.105 0.000
110.291667 111.291667   13.712 0.000   7.417 0.000
113.291667 114.291667    7.468 0.000   3.856 0.000
116.291667 117.291667    7.729 0.000   2.552 0.000
119.291667 120.291667   12.820 0.000   3.067 0.000
122.291667 123.291667   11.266 0.000   3.568 0.000
125.291667 126.291667    9.261 0.000   2.271 0.000
128.291667 129.291667    5.175 0.000   3.772 0.000
131.291667 132.291667   12.486 0.000   5.650 0.000
134.291667 135.291667    5.409 0.000   2.030 0.000
137.291667 138.291667    9.233 0.000   2.610 0.000
140.291667 141.291667   11.546 0.000   2.797 0.000
143.291667 144.291667   17.452 0.000   4.732 0.000
146.291667 147.291667   18.017 0.000   4.352 0.000
149.291667 150.291667    7.708 0.000   4.116 0.000
152.291667 153.291667    6.065 0.000   3.051 0.000
155.291667 156.291667    7.639 0.000   3.078 0.000
158.291667 159.291667   18.853 0.000   7.155 0.000
161.291667 162.291667   19.994 0.000   6.112 0.000
164.291667 165.291667    5.692 0.000   2.263 0.000
167.291667 168.291667   12.262 0.000   5.545 0.000
170.291667 171.291667   24.405 0.000   4.360 0.000
173.291667 174.291667   21.132 0.000   4.976 0.000
176.291667 177.291667   25.223 0.000   8.053 0.000
179.291667 180.291667   32.493 0.000  12.553 0.000
182.291667 183.291667   37.529 0.000   9.438 0.000
185.291667 186.291667    7.512 0.000   4.327 0.000
188.291667 189.291667   24.168 0.000  13.936 0.000
191.291667 192.291667   12.589 0.000   7.194 0.000
194.291667 195.291667   11.618 0.000   3.770 0.000
197.291667 198.291667    5.404 0.000   2.904 0.000
200.291667 201.291667   14.568 0.000   5.315 0.000
203.291667 204.291667   21.665 0.000   4.643 0.000
206.291667 207.291667   13.745 0.000   3.114 0.000
209.291667 210.291667   14.728 0.000   3.965 0.000
212.291667 213.291667   26.285 0.000   6.933 0.000
215.291667 216.291667 9999.999 0.456  21.297 0.000
218.291667 219.291667   21.643 0.000   5.171 0.000
221.291667 222.291667   33.508 0.000  13.914 0.000
224.291667 225.291667   42.329 0.000  24.337 0.000
227.291667 228.291667   26.583 0.000  21.241 0.000
230.291667 231.291667 9999.999 0.456  30.564 0.000
233.291667 234.291667   10.805 0.000   7.642 0.000
236.291667 237.291667   91.455 0.000  77.139 0.000
239.291667 240.291667  117.893 0.000  96.542 0.659
242.291667 243.291667    9.066 0.000   3.637 0.000
245.291667 246.291667    7.763 0.000   5.115 0.000
248.291667 249.291667    4.000 0.000   1.900 0.000
251.291667 252.291667    6.600 0.000   3.769 0.000
254.291667 255.291667   13.150 0.000   7.049 0.000
257.291667 258.291667    6.760 0.000   4.437 0.000
260.291667 261.291667    5.670 0.000   3.531 0.000
263.291667 264.291667    5.603 0.000   1.822 0.000
266.291667 267.291667   11.706 0.000   7.391 0.000
269.291667 270.291667    9.328 0.000   4.184 0.000
272.291667 273.291667   19.663 0.000  13.949 0.000
275.291667 276.291667    1.536 0.000   0.498 0.000
278.291667 279.291667 9999.999 0.999 999.999 0.999
281.291667 282.291667 9999.999 0.999 999.999 0.999
284.291667 285.291667 9999.999 0.999 999.999 0.999
287.291667 288.291667 9999.999 0.999 999.999 0.999
290.291667 291.291667 9999.999 0.999 999.999 0.999
293.291667 294.291667    6.849 0.000   5.165 0.000
296.291667 297.291667    6.772 0.000   4.283 0.000
299.291667 300.291667    3.690 0.000   2.925 0.000
302.291667 303.291667    2.753 0.000   2.229 0.000
305.291667 306.291667    3.223 0.000   1.894 0.000
308.291667 309.291667   10.787 0.000  10.464 0.000
311.291667 312.291667    5.926 0.000   5.072 0.000
314.291667 315.291667    8.180 0.000   7.708 0.000
317.291667 318.291667    4.942 0.000   3.933 0.000
320.291667 321.291667    3.448 0.000   1.795 0.000
323.291667 324.291667    5.985 0.000   4.450 0.000
326.291667 327.291667   15.986 0.000  12.012 0.000
329.291667 330.291667    7.333 0.000   4.634 0.000
332.291667 333.291667    6.577 0.000   5.299 0.000
335.291667 336.291667   12.262 0.000  11.031 0.000
338.291667 339.291667    1.532 0.000   0.958 0.000
341.291667 342.291667    0.956 0.000   0.640 0.000
344.291667 345.291667    2.075 0.000   1.466 0.000
347.291667 348.291667    1.026 0.000   1.064 0.000
350.291667 351.291667    2.216 0.000   1.828 0.000
353.291667 354.291667    0.753 0.000   0.662 0.000
356.291667 357.291667    1.712 0.000   1.576 0.000
359.291667 360.291667    3.391 0.000   2.958 0.000
362.291667 363.291667    2.026 0.000   1.822 0.000
