scripts/IMPROVE-2019_partial/data/US2705R.20020102070000.20191216000000.filterpack..pm25.52w.1w.US03L_filterpack_US2705.US03L_IMPROVE_Davis.lev2.nas
66 1001
MISSING INFORMATION
US03L, IMPROVE, , , , , , , 
MISSING INFORMATION
IMPROVE sel_HTAP
1 1
2002 01 01 2019 12 16
3.000000
days from file reference point
27
1 1 1 1 1 1 1 1 1 1 1 1 1 1 1 1 1 1 1 1 1 1 1 1 1 1 1
999.999999 9999.99 9.999999 99.99 9.999999999 9.999 9.999999999 9.99 9.999999999 9.999 9.999999999 99.999 9.999 999.999 9.999 999.99 9.999999999 999.999 9.999 999.999 9.999 999.999 9.999 9.999 9.999999 9.999 9.999999
end_time of measurement, days from the file reference point
iron, ng/m3, Revision date=20181210133000
numflag iron, no unit, Revision date=20181210133000
lead, ng/m3, Revision date=20181210133000
numflag lead, no unit, Revision date=20181210133000
magnesium, ug/m3, Revision date=20181210133000
numflag magnesium, no unit, Revision date=20181210133000
nickel, ng/m3, Revision date=20181210133000
numflag nickel, no unit, Revision date=20181210133000
nitrate, ug N/m3, Revision date=20181210133000
numflag nitrate, no unit, Revision date=20181210133000
organic_carbon, ug C/m3, Revision date=20181210133000
numflag organic_carbon, no unit, Revision date=20181210133000
organic_mass, ug/m3, Revision date=20181210133000
numflag organic_mass, no unit, Revision date=20181210133000
phosphorus, ng/m3, Revision date=20181210133000
numflag phosphorus, no unit, Revision date=20181210133000
pm10_mass, ug/m3, Version=2, Version description=Data extracted from http://views.cira.colostate.edu/fed/DataWizard 2019-12-16, Sample duration=1d, Orig. time res.=3d, Matrix=pm10, Blank correction=Blank corrected, Volume std. temperature=ambient, Volume std. pressure=ambient
numflag pm10_mass, no unit, Version=2, Version description=Data extracted from http://views.cira.colostate.edu/fed/DataWizard 2019-12-16, Sample duration=1d, Orig. time res.=3d, Matrix=pm10, Blank correction=Blank corrected, Volume std. temperature=ambient, Volume std. pressure=ambient
pm10_pm25_mass, ug/m3, Revision date=20181210133000, Matrix=pm10_pm25
numflag pm10_pm25_mass, no unit, Revision date=20181210133000, Matrix=pm10_pm25
pm25_mass, ug/m3, Version=2, Version description=Data extracted from http://views.cira.colostate.edu/fed/DataWizard 2019-12-16, Sample duration=1d, Orig. time res.=3d, Blank correction=Blank corrected, Volume std. temperature=ambient, Volume std. pressure=ambient
numflag pm25_mass, no unit, Version=2, Version description=Data extracted from http://views.cira.colostate.edu/fed/DataWizard 2019-12-16, Sample duration=1d, Orig. time res.=3d, Blank correction=Blank corrected, Volume std. temperature=ambient, Volume std. pressure=ambient
potassium, ug/m3, Revision date=20181210133000
numflag potassium, no unit, Revision date=20181210133000
sulphate_total, ug S/m3, Revision date=20181210133000
numflag sulphate_total, no unit, Revision date=20181210133000
0
25
Data definition:              EBAS_1.1
Set type code:                TU
Timezone:                     UTC
File name:                    US2705R.20020102070000.20191216000000.filterpack..pm25.52w.1w.US03L_filterpack_US2705.US03L_IMPROVE_Davis.lev2.nas
File creation:                20191218120357
Startdate:                    20020102070000
Revision date:                20191216000000
Statistics:                   arithmetic mean
Data level:                   2
Period code:                  52w
Resolution code:              1w
Station code:                 US2705R
Platform code:                US2705S
Station name:                 Glacier National Park-Fire Weather Station (MT05)
Station latitude:             48.5103
Station longitude:            -113.9958
Station altitude:             980.0 m
Regime:                       IMG
Component:                    
Matrix:                       pm25
Laboratory code:              US03L
Instrument type:              filterpack
Instrument name:              filterpack_US2705
Method ref:                   US03L_IMPROVE_Davis
starttime endtime Fe flag_Fe Pb flag_Pb Mg++ flag_Mg++ Ni flag_Ni NO3- flag_NO3- OC flag_OC OM flag_OM P flag_P PM10 flag_PM10 PM10-PM2.5 flag_PM10-PM2.5 PM2.5 flag_PM2.5 K+ flag_K+ SO4-- flag_SO4--
  1.291667   2.291667   27.16 0.559000 99.99 0.559259000 9.999 0.559259000 9.99 0.559259000 0.016 0.559000000  0.615 0.000   0.860 0.000 999.99 0.559259000 999.999 0.999 999.999 0.999   1.607 0.559 0.014 0.559000 0.073 0.559000
  4.291667   5.291667   28.68 0.559000  0.52 0.559000000 9.999 0.559259000 9.99 0.559259000 0.092 0.559000000  1.493 0.000   2.090 0.000 999.99 0.559259000   3.451 0.000   0.231 0.000   3.220 0.559 0.029 0.559000 0.074 0.559000
  7.291667   8.291667    5.28 0.559394 99.99 0.559394259 9.999 0.559394259 9.99 0.559394259 9.999 0.559394259  0.355 0.000   0.497 0.000 999.99 0.559394259   1.056 0.000   0.474 0.000   0.582 0.559 0.012 0.559394 0.056 0.559394
 10.291667  11.291667   39.41 0.559000  0.35 0.559000000 9.999 0.559259000 9.99 0.559259000 0.073 0.559000000  2.032 0.000   2.845 0.000 999.99 0.559259000   6.861 0.000   2.596 0.000   4.265 0.559 0.035 0.559000 0.058 0.559000
 13.291667  14.291667    3.03 0.559000  0.37 0.559000000 9.999 0.559259000 9.99 0.559259000 0.009 0.559000000  0.289 0.000   0.405 0.000 999.99 0.559259000   1.422 0.000   0.568 0.000   0.854 0.559 9.999 0.559259 0.097 0.559000
 16.291667  17.291667   30.38 0.559000  0.80 0.559000000 9.999 0.559259000 9.99 0.559259000 0.084 0.559000000  1.575 0.000   2.204 0.000 999.99 0.559259000   4.657 0.000   0.736 0.000   3.922 0.559 0.043 0.559000 0.140 0.559000
 19.291667  20.291667    2.12 0.559000  0.34 0.559000000 9.999 0.559259000 0.11 0.559000000 0.036 0.559000000  0.424 0.000   0.594 0.000 999.99 0.559259000   1.040 0.000   0.359 0.000   0.681 0.559 0.012 0.559000 0.040 0.559000
 22.291667  23.291667    3.93 0.559000  0.34 0.559000000 9.999 0.559259000 9.99 0.559259000 0.053 0.559000000  0.590 0.000   0.826 0.000 999.99 0.559259000   2.121 0.000   0.544 0.000   1.577 0.559 0.017 0.559000 0.076 0.559000
 25.291667  26.291667    2.12 0.559000  0.17 0.559000000 9.999 0.559259000 9.99 0.559259000 9.999 0.559259000  0.171 0.000   0.239 0.000 999.99 0.559259000   0.333 0.000   0.001 0.000   0.332 0.559 0.005 0.559000 0.009 0.559000
 28.291667  29.291667   17.67 0.559000  0.41 0.559000000 9.999 0.559259000 9.99 0.559259000 0.065 0.559000000  1.051 0.000   1.471 0.000 999.99 0.559259000   2.891 0.000   0.202 0.000   2.689 0.559 0.022 0.559000 0.057 0.559000
 31.291667  32.291667    3.53 0.559000  0.45 0.559000000 9.999 0.559259000 9.99 0.559259000 0.022 0.559000000  0.485 0.000   0.678 0.000 999.99 0.559259000   1.040 0.000   0.141 0.000   0.899 0.559 0.015 0.559000 0.038 0.559000
 34.291667  35.291667   17.52 0.559000 99.99 0.559259000 9.999 0.559259000 9.99 0.559259000 0.058 0.559000000  1.055 0.000   1.477 0.000 999.99 0.559259000   3.077 0.000   0.544 0.000   2.533 0.559 0.022 0.559000 0.085 0.559000
 37.291667  38.291667    4.47 0.559000  0.46 0.559000000 9.999 0.559259000 9.99 0.559259000 0.014 0.559000000  0.224 0.000   0.314 0.000 999.99 0.559259000   1.788 0.000   0.986 0.000   0.802 0.559 0.007 0.559000 0.074 0.559000
 40.291667  41.291667   25.67 0.559000  0.46 0.559000000 9.999 0.559259000 9.99 0.559259000 0.033 0.559000000  0.854 0.000   1.195 0.000 999.99 0.559259000   3.179 0.000   1.266 0.000   1.914 0.559 0.016 0.559000 0.058 0.559000
 43.291667  44.291667   56.51 0.559000  0.51 0.559000000 9.999 0.559259000 9.99 0.559259000 0.042 0.559000000  1.522 0.000   2.131 0.000 999.99 0.559259000   7.156 0.000   3.614 0.000   3.542 0.559 0.031 0.559000 0.065 0.559000
 46.291667  47.291667   73.21 0.559000  0.79 0.559000000 9.999 0.559259000 0.13 0.559000000 0.042 0.559000000  1.668 0.000   2.335 0.000 999.99 0.559259000   6.394 0.000   2.355 0.000   4.039 0.559 0.026 0.559000 0.117 0.559000
 49.291667  50.291667   34.28 0.559000  0.37 0.559000000 9.999 0.559259000 9.99 0.559259000 0.022 0.559000000  1.176 0.000   1.647 0.000 999.99 0.559259000   3.402 0.000   0.595 0.000   2.807 0.559 0.011 0.559000 0.120 0.559000
 52.291667  53.291667    3.60 0.559000  0.22 0.559000000 9.999 0.559259000 9.99 0.559259000 0.006 0.559000000  0.190 0.000   0.266 0.000 999.99 0.559259000   1.081 0.000   0.502 0.000   0.579 0.559 0.005 0.559000 0.043 0.559000
 55.291667  56.291667   11.54 0.559000  0.36 0.559000000 9.999 0.559259000 9.99 0.559259000 0.024 0.559000000  1.008 0.000   1.411 0.000 999.99 0.559259000   3.726 0.000   0.610 0.000   3.117 0.559 0.017 0.559000 0.260 0.559000
 58.291667  59.291667    9.57 0.559000  0.58 0.559000000 9.999 0.559259000 0.09 0.559000000 0.065 0.000000000  0.675 0.000   0.945 0.000 999.99 0.559259000   3.367 0.000   0.545 0.000   2.822 0.559 0.018 0.559000 0.308 0.000000
 61.291667  62.291667   36.78 0.559000  0.85 0.559000000 9.999 0.559259000 9.99 0.559259000 0.121 0.559000000  2.550 0.000   3.570 0.000 999.99 0.559259000   7.664 0.000   1.708 0.000   5.956 0.559 0.068 0.559000 0.260 0.559000
 64.291667  65.291667 9999.99 0.999000 99.99 0.999000000 9.999 0.999000000 9.99 0.999000000 9.999 0.999000000 99.999 0.999 999.999 0.999 999.99 0.999000000 999.999 0.999 999.999 0.999 999.999 0.999 9.999 0.999000 9.999 0.999000
 67.291667  68.291667 9999.99 0.999000 99.99 0.999000000 9.999 0.999000000 9.99 0.999000000 9.999 0.999000000 99.999 0.999 999.999 0.999 999.99 0.999000000 999.999 0.999 999.999 0.999 999.999 0.999 9.999 0.999000 9.999 0.999000
 70.291667  71.291667 9999.99 0.999000 99.99 0.999000000 9.999 0.999000000 9.99 0.999000000 9.999 0.999000000 99.999 0.999 999.999 0.999 999.99 0.999000000 999.999 0.999 999.999 0.999 999.999 0.999 9.999 0.999000 9.999 0.999000
 73.291667  74.291667   22.89 0.000000  0.63 0.000000000 9.999 0.259000000 0.27 0.000000000 0.052 0.000000000  0.781 0.000   1.093 0.000 999.99 0.259000000   3.221 0.000   0.576 0.000   2.646 0.000 0.024 0.000000 0.187 0.000000
 76.291667  77.291667   19.41 0.000000  1.13 0.000000000 9.999 0.259000000 0.19 0.000000000 0.088 0.000000000  0.596 0.000   0.835 0.000 999.99 0.259000000   5.177 0.000   0.698 0.000   4.479 0.000 0.027 0.000000 0.680 0.000000
 79.291667  80.291667   20.80 0.000000  0.92 0.000000000 9.999 0.259000000 9.99 0.259000000 0.026 0.000000000  0.571 0.000   0.799 0.000 999.99 0.259000000   4.023 0.000   0.639 0.000   3.383 0.000 0.028 0.000000 0.464 0.000000
 82.291667  83.291667   35.37 0.000000  3.41 0.000000000 9.999 0.259000000 0.19 0.000000000 0.051 0.000000000  1.036 0.000   1.450 0.000 999.99 0.259000000   6.401 0.000   1.397 0.000   5.004 0.000 0.050 0.000000 0.532 0.000000
 85.291667  86.291667   51.30 0.000000  0.62 0.000000000 9.999 0.259000000 9.99 0.259000000 0.027 0.000000000  0.380 0.000   0.531 0.000 999.99 0.259000000   4.200 0.000   2.084 0.000   2.116 0.000 0.033 0.000000 0.113 0.000000
 88.291667  89.291667   37.88 0.000000  0.60 0.000000000 9.999 0.259000000 9.99 0.259000000 0.030 0.000000000  0.592 0.000   0.829 0.000 999.99 0.259000000   3.867 0.000   2.116 0.000   1.751 0.000 0.038 0.000000 0.123 0.000000
 91.291667  92.291667   18.52 0.000000  0.77 0.000000000 9.999 0.259000000 9.99 0.259000000 0.038 0.559000000  0.360 0.000   0.504 0.000 999.99 0.259000000   4.678 0.000   1.364 0.000   3.315 0.000 0.019 0.000000 0.591 0.559000
 94.291667  95.291667   82.37 0.000000  1.17 0.000000000 9.999 0.259000000 9.99 0.259000000 0.089 0.000000000  0.816 0.000   1.142 0.000 999.99 0.259000000   8.941 0.000   3.259 0.000   5.682 0.000 0.047 0.000000 0.586 0.000000
 97.291667  98.291667   45.65 0.000000  0.69 0.000000000 9.999 0.259000000 9.99 0.259000000 0.071 0.000000000  0.733 0.000   1.026 0.000 999.99 0.259000000   5.364 0.000   2.118 0.000   3.247 0.000 0.024 0.000000 0.325 0.000000
100.291667 101.291667   35.18 0.000000  0.66 0.000000000 9.999 0.259000000 9.99 0.259000000 0.025 0.000000000  0.683 0.000   0.956 0.000 999.99 0.259000000   2.952 0.000   0.947 0.000   2.006 0.000 0.029 0.000000 0.094 0.000000
103.291667 104.291667   25.62 0.000000  0.44 0.000000000 9.999 0.259000000 0.21 0.000000000 0.011 0.000000000  0.366 0.000   0.513 0.000 999.99 0.259000000   2.911 0.000   1.854 0.000   1.057 0.000 0.017 0.000000 0.069 0.000000
106.291667 107.291667   49.64 0.000000  0.52 0.000000000 9.999 0.259000000 9.99 0.259000000 0.030 0.000000000  0.555 0.000   0.777 0.000 999.99 0.259000000   7.859 0.000   4.088 0.000   3.772 0.000 0.024 0.000000 0.472 0.000000
109.291667 110.291667   63.16 0.000000  0.84 0.000000000 9.999 0.259000000 0.12 0.000000000 0.020 0.559000000  1.069 0.000   1.497 0.000 999.99 0.259000000   6.487 0.000   2.027 0.000   4.460 0.000 0.034 0.000000 0.349 0.559000
112.291667 113.291667   44.31 0.000000  0.77 0.000000000 9.999 0.259000000 0.23 0.000000000 0.013 0.559000000  0.375 0.000   0.524 0.000 999.99 0.259000000   5.757 0.000   3.888 0.000   1.869 0.000 0.024 0.000000 0.137 0.559000
115.291667 116.291667   83.95 0.000000  1.72 0.000000000 9.999 0.259000000 0.14 0.000000000 0.031 0.000000000  0.680 0.000   0.952 0.000 999.99 0.259000000  10.105 0.000   5.385 0.000   4.720 0.000 0.059 0.000000 0.359 0.000000
118.291667 119.291667   64.34 0.000000  1.39 0.000000000 9.999 0.259000000 9.99 0.259000000 0.035 0.000000000  1.158 0.000   1.622 0.000 999.99 0.259000000  10.354 0.000   6.343 0.000   4.011 0.000 0.050 0.000000 0.316 0.000000
121.291667 122.291667  119.40 0.000000  0.85 0.000000000 9.999 0.259000000 9.99 0.259000000 0.042 0.000000000  1.428 0.000   2.000 0.000  15.46 0.000000000  27.282 0.000  21.581 0.000   5.701 0.000 0.060 0.000000 0.220 0.000000
124.291667 125.291667   37.13 0.000000  0.46 0.000000000 9.999 0.259000000 9.99 0.259000000 0.031 0.559000000  0.614 0.000   0.859 0.000 999.99 0.259000000   3.096 0.000   1.043 0.000   2.053 0.000 0.015 0.000000 0.103 0.559000
127.291667 128.291667   19.19 0.000000  0.95 0.000000000 9.999 0.259000000 0.14 0.000000000 0.082 0.559000000  0.790 0.000   1.106 0.000 999.99 0.259000000   5.982 0.000   1.702 0.000   4.280 0.000 0.031 0.000000 0.511 0.559000
130.291667 131.291667   50.25 0.000000  0.95 0.000000000 9.999 0.259000000 9.99 0.259000000 0.019 0.000000000  1.475 0.000   2.065 0.000 999.99 0.259000000   7.192 0.000   3.032 0.000   4.161 0.000 0.032 0.000000 0.209 0.000000
133.291667 134.291667   48.42 0.000000  0.30 0.000000000 9.999 0.259000000 9.99 0.259000000 0.012 0.559000000  0.796 0.000   1.115 0.000 999.99 0.259000000   8.779 0.000   6.336 0.000   2.443 0.000 0.028 0.000000 0.089 0.559000
136.291667 137.291667   45.68 0.000000 99.99 0.259000000 9.999 0.259000000 9.99 0.259000000 0.018 0.559000000  1.199 0.000   1.679 0.000 999.99 0.259000000   6.861 0.000   2.863 0.000   3.998 0.000 0.026 0.000000 0.199 0.559000
139.291667 140.291667  179.71 0.000000  0.78 0.000000000 9.999 0.259000000 0.18 0.000000000 0.033 0.000000000  1.437 0.000   2.012 0.000 999.99 0.259000000  28.312 0.000  20.579 0.000   7.733 0.000 0.117 0.000000 0.289 0.000000
142.291667 143.291667   55.16 0.000000 99.99 0.259000000 9.999 0.259000000 9.99 0.259000000 0.052 0.559000000  0.904 0.000   1.266 0.000 999.99 0.259000000  10.584 0.000   6.292 0.000   4.292 0.000 0.040 0.000000 0.330 0.559000
145.291667 146.291667   11.57 0.000000  0.80 0.000000000 9.999 0.259000000 0.12 0.000000000 0.015 0.559000000  1.143 0.000   1.599 0.000 999.99 0.259000000   3.927 0.000   0.938 0.000   2.989 0.000 0.018 0.000000 0.130 0.559000
148.291667 149.291667   32.82 0.000000  0.54 0.000000000 9.999 0.259000000 9.99 0.259000000 0.016 0.559000000  1.143 0.000   1.600 0.000 999.99 0.259000000   6.076 0.000   3.178 0.000   2.899 0.000 0.023 0.000000 0.124 0.559000
151.291667 152.291667   37.39 0.000000  0.78 0.000000000 0.037 0.000000000 9.99 0.259000000 0.028 0.559000000  1.114 0.000   1.560 0.000 999.99 0.259000000   8.350 0.000   4.286 0.000   4.064 0.000 0.026 0.000000 0.186 0.559000
154.291667 155.291667   31.22 0.000000  0.76 0.000000000 0.037 0.000000000 9.99 0.259000000 0.035 0.559000000  1.177 0.000   1.647 0.000 999.99 0.259000000   8.970 0.000   4.280 0.000   4.690 0.000 0.029 0.000000 0.211 0.559000
157.291667 158.291667   41.34 0.000000  0.56 0.000000000 9.999 0.259000000 9.99 0.259000000 0.022 0.559000000  0.556 0.000   0.779 0.000 999.99 0.259000000   7.651 0.000   5.257 0.000   2.395 0.000 0.023 0.000000 0.103 0.559000
160.291667 161.291667    2.06 0.000000  0.26 0.000000000 9.999 0.259000000 9.99 0.259000000 0.005 0.000000000  0.072 0.000   0.101 0.000 999.99 0.259000000   1.164 0.000   0.895 0.000   0.269 0.000 0.007 0.000000 0.034 0.000000
163.291667 164.291667   43.67 0.000000  0.61 0.000000000 9.999 0.259000000 9.99 0.259000000 0.025 0.000000000  1.950 0.000   2.730 0.000 999.99 0.259000000  10.789 0.000   4.593 0.000   6.196 0.000 0.033 0.000000 0.319 0.000000
166.291667 167.291667   84.07 0.000000  0.92 0.000000000 9.999 0.259000000 0.14 0.000000000 0.037 0.000000000  3.062 0.000   4.287 0.000 999.99 0.259000000  15.790 0.000   7.451 0.000   8.339 0.000 0.046 0.000000 0.240 0.000000
169.291667 170.291667   16.19 0.000000  0.70 0.000000000 9.999 0.259000000 9.99 0.259000000 0.019 0.000000000  0.654 0.000   0.916 0.000 999.99 0.259000000   3.886 0.000   2.112 0.000   1.774 0.000 0.019 0.000000 0.065 0.000000
172.291667 173.291667   35.97 0.000000  0.52 0.000000000 9.999 0.259000000 9.99 0.259000000 0.018 0.000000000  2.702 0.000   3.783 0.000 999.99 0.259000000  14.592 0.000   8.070 0.000   6.522 0.000 0.054 0.000000 0.124 0.000000
175.291667 176.291667   62.85 0.000000  0.52 0.000000000 9.999 0.259000000 9.99 0.259000000 0.025 0.000000000  2.161 0.000   3.025 0.000 999.99 0.259000000  13.325 0.000   7.310 0.000   6.015 0.000 0.042 0.000000 0.169 0.000000
178.291667 179.291667   86.52 0.000000  0.67 0.000000000 9.999 0.259000000 0.89 0.000000000 0.015 0.000000000  1.525 0.000   2.134 0.000 999.99 0.259000000   9.574 0.000   5.552 0.000   4.022 0.000 0.043 0.000000 0.094 0.000000
181.291667 182.291667   63.28 0.559000  0.56 0.559000000 9.999 0.559259000 9.99 0.559259000 0.019 0.559000000  0.855 0.000   1.197 0.000 999.99 0.559259000   6.903 0.000   3.776 0.000   3.127 0.559 0.030 0.559000 0.142 0.559000
184.291667 185.291667   91.90 0.559000  2.29 0.559000000 9.999 0.559259000 0.23 0.559000000 0.024 0.559000000  1.235 0.000   1.729 0.000 999.99 0.559259000  19.304 0.000  13.248 0.000   6.056 0.559 0.546 0.559000 0.291 0.559000
187.291667 188.291667  146.98 0.559000  0.60 0.559000000 0.053 0.559000000 9.99 0.559259000 0.017 0.559000000  2.041 0.000   2.858 0.000 999.99 0.559259000  17.881 0.000  11.825 0.000   6.056 0.559 0.075 0.559000 0.077 0.559000
190.291667 191.291667   34.21 0.559000  0.27 0.559000000 9.999 0.559259000 9.99 0.559259000 0.017 0.559000000  1.590 0.000   2.225 0.000 999.99 0.559259000 999.999 0.999 999.999 0.999   4.324 0.559 0.028 0.559000 0.089 0.559000
193.291667 194.291667 9999.99 0.999000 99.99 0.999000000 9.999 0.999000000 9.99 0.999000000 9.999 0.699000000 99.999 0.999 999.999 0.999 999.99 0.999000000 999.999 0.999 999.999 0.999 999.999 0.999 9.999 0.999000 9.999 0.699000
196.291667 197.291667 9999.99 0.999000 99.99 0.999000000 9.999 0.999000000 9.99 0.999000000 9.999 0.999000000 99.999 0.999 999.999 0.999 999.99 0.999000000 999.999 0.999 999.999 0.999 999.999 0.999 9.999 0.999000 9.999 0.999000
199.291667 200.291667  162.52 0.559000  0.78 0.559000000 9.999 0.559259000 9.99 0.559259000 0.029 0.000000000  5.974 0.000   8.364 0.000 999.99 0.559259000  28.108 0.000  12.368 0.000  15.741 0.559 0.135 0.559000 0.197 0.000000
202.291667 203.291667   25.24 0.559000 99.99 0.559259000 9.999 0.559259000 9.99 0.559259000 0.009 0.559000000  1.212 0.000   1.697 0.000 999.99 0.559259000   9.549 0.000   4.842 0.000   4.706 0.559 0.022 0.559000 0.303 0.559000
205.291667 206.291667  651.33 0.559000  0.93 0.559000000 9.999 0.559259000 0.30 0.559000000 0.034 0.000000000  5.729 0.000   8.020 0.000 999.99 0.559259000  31.860 0.000  17.046 0.000  14.815 0.559 0.433 0.559000 0.215 0.000000
208.291667 209.291667  359.91 0.559000  0.60 0.559000000 9.999 0.559259000 0.19 0.559000000 0.027 0.559000000  1.809 0.000   2.533 0.000 999.99 0.559259000  14.015 0.000   7.864 0.000   6.151 0.559 0.153 0.559000 0.191 0.559000
