scripts/IMPROVE-2019_partial/data/US2705R.20040101070000.20191216000000.filterpack..pm25.52w.1w.US03L_filterpack_US2705.US03L_IMPROVE_Davis.lev2.nas
66 1001
MISSING INFORMATION
US03L, IMPROVE, , , , , , , 
MISSING INFORMATION
IMPROVE sel_HTAP
1 1
2004 01 01 2019 12 16
3.000000
days from file reference point
27
1 1 1 1 1 1 1 1 1 1 1 1 1 1 1 1 1 1 1 1 1 1 1 1 1 1 1
999.999999 9999.99 9.999 99.99 9.999999 9.999 9.999999 9.99 9.999999 9.999 9.999 99.999 9.999 999.999 9.999 99.99 9.999999 999.999 9.999 999.999 9.999 999.999 9.999 9.999 9.999 9.999 9.999
end_time of measurement, days from the file reference point
iron, ng/m3, Revision date=20181210133000
numflag iron, no unit, Revision date=20181210133000
lead, ng/m3, Revision date=20181210133000
numflag lead, no unit, Revision date=20181210133000
magnesium, ug/m3, Revision date=20181210133000
numflag magnesium, no unit, Revision date=20181210133000
nickel, ng/m3, Revision date=20181210133000
numflag nickel, no unit, Revision date=20181210133000
nitrate, ug N/m3, Revision date=20181210133000
numflag nitrate, no unit, Revision date=20181210133000
organic_carbon, ug C/m3, Revision date=20181210133000
numflag organic_carbon, no unit, Revision date=20181210133000
organic_mass, ug/m3, Revision date=20181210133000
numflag organic_mass, no unit, Revision date=20181210133000
phosphorus, ng/m3, Revision date=20181210133000
numflag phosphorus, no unit, Revision date=20181210133000
pm10_mass, ug/m3, Version=2, Version description=Data extracted from http://views.cira.colostate.edu/fed/DataWizard 2019-12-16, Sample duration=1d, Orig. time res.=3d, Matrix=pm10, Blank correction=Blank corrected, Volume std. temperature=ambient, Volume std. pressure=ambient
numflag pm10_mass, no unit, Version=2, Version description=Data extracted from http://views.cira.colostate.edu/fed/DataWizard 2019-12-16, Sample duration=1d, Orig. time res.=3d, Matrix=pm10, Blank correction=Blank corrected, Volume std. temperature=ambient, Volume std. pressure=ambient
pm10_pm25_mass, ug/m3, Revision date=20181210133000, Matrix=pm10_pm25
numflag pm10_pm25_mass, no unit, Revision date=20181210133000, Matrix=pm10_pm25
pm25_mass, ug/m3, Version=2, Version description=Data extracted from http://views.cira.colostate.edu/fed/DataWizard 2019-12-16, Sample duration=1d, Orig. time res.=3d, Blank correction=Blank corrected, Volume std. temperature=ambient, Volume std. pressure=ambient
numflag pm25_mass, no unit, Version=2, Version description=Data extracted from http://views.cira.colostate.edu/fed/DataWizard 2019-12-16, Sample duration=1d, Orig. time res.=3d, Blank correction=Blank corrected, Volume std. temperature=ambient, Volume std. pressure=ambient
potassium, ug/m3, Revision date=20181210133000
numflag potassium, no unit, Revision date=20181210133000
sulphate_total, ug S/m3, Revision date=20181210133000
numflag sulphate_total, no unit, Revision date=20181210133000
0
25
Data definition:              EBAS_1.1
Set type code:                TU
Timezone:                     UTC
File name:                    US2705R.20040101070000.20191216000000.filterpack..pm25.52w.1w.US03L_filterpack_US2705.US03L_IMPROVE_Davis.lev2.nas
File creation:                20191218120358
Startdate:                    20040101070000
Revision date:                20191216000000
Statistics:                   arithmetic mean
Data level:                   2
Period code:                  52w
Resolution code:              1w
Station code:                 US2705R
Platform code:                US2705S
Station name:                 Glacier National Park-Fire Weather Station (MT05)
Station latitude:             48.5103
Station longitude:            -113.9958
Station altitude:             980.0 m
Regime:                       IMG
Component:                    
Matrix:                       pm25
Laboratory code:              US03L
Instrument type:              filterpack
Instrument name:              filterpack_US2705
Method ref:                   US03L_IMPROVE_Davis
starttime endtime Fe flag_Fe Pb flag_Pb Mg++ flag_Mg++ Ni flag_Ni NO3- flag_NO3- OC flag_OC OM flag_OM P flag_P PM10 flag_PM10 PM10-PM2.5 flag_PM10-PM2.5 PM2.5 flag_PM2.5 K+ flag_K+ SO4-- flag_SO4--
  0.291667   1.291667    9.28 0.559  2.61 0.559000 9.999 0.559259 0.09 0.559000 0.354 0.559  2.333 0.000   3.265 0.000 99.99 0.559259   8.871 0.000   1.728 0.000   7.143 0.559 0.124 0.559 0.322 0.559
  3.291667   4.291667    7.09 0.559  0.22 0.559000 9.999 0.559259 0.15 0.559000 0.016 0.559  0.828 0.000   1.159 0.000 99.99 0.559259   2.355 0.000   0.494 0.000   1.861 0.559 0.011 0.559 0.099 0.559
  6.291667   7.291667    6.45 0.559  0.78 0.559000 9.999 0.559259 0.18 0.559000 0.186 0.559  2.476 0.000   3.466 0.000 99.99 0.559259   6.823 0.000   0.576 0.000   6.247 0.559 0.064 0.559 0.206 0.559
  9.291667  10.291667   12.89 0.559  0.46 0.559000 9.999 0.559259 9.99 0.559259 0.444 0.559  3.516 0.000   4.923 0.000 99.99 0.559259  10.018 0.000   0.166 0.000   9.852 0.559 0.070 0.559 0.274 0.559
 12.291667  13.291667   23.03 0.559  0.52 0.559000 0.024 0.559000 0.32 0.559000 0.598 0.559  3.336 0.000   4.671 0.000 99.99 0.559259  12.745 0.000   0.662 0.000  12.083 0.559 0.093 0.559 0.421 0.559
 15.291667  16.291667   22.38 0.559  0.88 0.559000 9.999 0.559259 0.10 0.559000 0.609 0.559  3.478 0.000   4.869 0.000 99.99 0.559259  11.681 0.000   0.333 0.000  11.348 0.559 0.071 0.559 0.349 0.559
 18.291667  19.291667   10.56 0.559  0.37 0.559000 9.999 0.559259 0.12 0.559000 0.279 0.559  2.139 0.000   2.994 0.000 99.99 0.559259   7.184 0.000   0.493 0.000   6.690 0.559 0.048 0.559 0.292 0.559
 21.291667  22.291667   15.37 0.559  0.55 0.559000 9.999 0.559259 9.99 0.559259 0.204 0.559  1.688 0.000   2.364 0.000 99.99 0.559259   4.643 0.000   0.443 0.000   4.200 0.559 0.031 0.559 0.087 0.559
 24.291667  25.291667   11.24 0.559  1.90 0.559000 9.999 0.559259 0.20 0.559000 0.255 0.559  0.989 0.000   1.384 0.000 99.99 0.559259   5.941 0.000   0.888 0.000   5.053 0.559 0.055 0.559 0.410 0.559
 27.291667  28.291667   15.39 0.559  0.58 0.559000 0.029 0.559000 0.21 0.559000 0.036 0.559  0.970 0.000   1.357 0.000 99.99 0.559259   2.544 0.000   0.342 0.000   2.202 0.559 0.023 0.559 0.092 0.559
 30.291667  31.291667    3.59 0.559  0.23 0.559000 9.999 0.559259 0.19 0.559000 0.016 0.559  0.395 0.000   0.553 0.000 99.99 0.559259   1.667 0.000   0.964 0.000   0.703 0.559 0.013 0.559 0.037 0.559
 33.291667  34.291667   50.14 0.559  0.51 0.559000 0.058 0.559000 0.06 0.559000 0.021 0.559  1.372 0.000   1.921 0.000 99.99 0.559259   4.961 0.000   2.165 0.000   2.796 0.559 0.013 0.559 0.060 0.559
 36.291667  37.291667   24.45 0.559  0.57 0.559000 9.999 0.559259 9.99 0.559259 0.077 0.559  1.680 0.000   2.353 0.000 99.99 0.559259   5.548 0.000   1.515 0.000   4.032 0.559 0.028 0.559 0.104 0.559
 39.291667  40.291667   18.49 0.559  0.52 0.559000 9.999 0.559259 9.99 0.559259 0.061 0.559  1.223 0.000   1.712 0.000 99.99 0.559259   3.294 0.000   0.623 0.000   2.671 0.559 0.032 0.559 0.108 0.559
 42.291667  43.291667   57.25 0.559  0.56 0.559000 9.999 0.559259 9.99 0.559259 0.077 0.000  2.384 0.000   3.338 0.000 99.99 0.559259   7.413 0.000   1.718 0.000   5.694 0.559 0.038 0.559 0.212 0.000
 45.291667  46.291667   22.56 0.559  1.20 0.559000 9.999 0.559259 0.24 0.559000 0.886 0.559  4.316 0.000   6.043 0.000 99.99 0.559259  14.405 0.000   0.544 0.000  13.860 0.559 0.109 0.559 0.419 0.559
 48.291667  49.291667   14.83 0.559  0.43 0.559000 9.999 0.559259 9.99 0.559259 0.055 0.000  1.054 0.000   1.476 0.000 99.99 0.559259   2.263 0.000   0.098 0.000   2.165 0.559 0.013 0.559 0.052 0.000
 51.291667  52.291667   49.01 0.559  0.66 0.559000 9.999 0.559259 0.18 0.559000 0.034 0.000  1.290 0.000   1.806 0.000 99.99 0.559259   3.979 0.000   0.649 0.000   3.330 0.559 0.032 0.559 0.144 0.000
 54.291667  55.291667   73.90 0.559  0.94 0.559000 9.999 0.559259 0.05 0.559000 0.032 0.000  2.131 0.000   2.984 0.000 99.99 0.559259   6.132 0.000   1.401 0.000   4.731 0.559 0.019 0.559 0.167 0.000
 57.291667  58.291667   70.48 0.559  0.83 0.559000 9.999 0.559259 9.99 0.559259 0.034 0.000  1.390 0.000   1.946 0.000 99.99 0.559259   4.682 0.000   1.589 0.000   3.093 0.559 0.024 0.559 0.111 0.000
 60.291667  61.291667   10.28 0.559  0.64 0.559000 9.999 0.559259 9.99 0.559259 0.128 0.000  0.763 0.000   1.068 0.000 99.99 0.559259   4.955 0.000   1.047 0.000   3.908 0.559 0.013 0.559 0.523 0.000
 63.291667  64.291667    9.27 0.559  0.84 0.559000 9.999 0.559259 9.99 0.559259 0.028 0.000  0.804 0.000   1.126 0.000 99.99 0.559259   2.367 0.000   0.440 0.000   1.927 0.559 0.013 0.559 0.128 0.000
 66.291667  67.291667   25.39 0.559  1.97 0.559000 9.999 0.559259 9.99 0.559259 0.054 0.559  0.729 0.000   1.021 0.000 99.99 0.559259   5.208 0.000   1.988 0.000   3.220 0.559 0.041 0.559 0.342 0.559
 69.291667  70.291667   25.08 0.559  0.56 0.559000 9.999 0.559259 9.99 0.559259 0.023 0.559  0.807 0.000   1.130 0.000 99.99 0.559259   6.984 0.000   4.725 0.000   2.259 0.559 0.032 0.559 0.129 0.559
 72.291667  73.291667   13.76 0.559 99.99 0.559259 9.999 0.559259 9.99 0.559259 0.013 0.000  0.587 0.000   0.822 0.000 99.99 0.559259   2.222 0.000   0.710 0.000   1.512 0.559 0.010 0.559 0.107 0.000
 75.291667  76.291667   49.12 0.559  1.03 0.559000 9.999 0.559259 9.99 0.559259 0.034 0.559  1.240 0.000   1.737 0.000 99.99 0.559259   8.772 0.000   5.392 0.000   3.380 0.559 0.046 0.559 0.168 0.559
 78.291667  79.291667   22.50 0.559  0.61 0.559000 0.047 0.559000 9.99 0.559259 0.025 0.559  0.305 0.000   0.427 0.000 99.99 0.559259   4.350 0.000   2.804 0.000   1.546 0.559 0.017 0.559 0.080 0.559
 81.291667  82.291667  108.39 0.559  1.52 0.559000 9.999 0.559259 0.05 0.559000 0.036 0.559  2.327 0.000   3.257 0.000 99.99 0.559259  20.195 0.000  13.993 0.000   6.201 0.559 0.058 0.559 0.134 0.559
 84.291667  85.291667  118.58 0.559  0.59 0.559000 0.059 0.559000 9.99 0.559259 0.041 0.559  0.966 0.000   1.352 0.000 99.99 0.559259  15.159 0.000  11.404 0.000   3.755 0.559 0.053 0.559 0.104 0.559
 87.291667  88.291667   54.02 0.559  1.00 0.559000 9.999 0.559259 9.99 0.559259 0.024 0.559  1.108 0.000   1.552 0.000 99.99 0.559259   6.349 0.000   3.979 0.000   2.371 0.559 0.040 0.559 0.072 0.559
 90.291667  91.291667   41.10 0.559  0.67 0.559000 9.999 0.559259 9.99 0.559259 0.021 0.559  1.228 0.000   1.720 0.000 99.99 0.559259   6.510 0.000   3.704 0.000   2.806 0.559 0.021 0.559 0.104 0.559
 93.291667  94.291667   32.45 0.559  0.76 0.559000 9.999 0.559259 9.99 0.559259 0.018 0.559  0.966 0.000   1.353 0.000 99.99 0.559259   5.800 0.000   2.554 0.000   3.246 0.559 0.031 0.559 0.234 0.559
 96.291667  97.291667  124.85 0.559  2.12 0.559000 0.075 0.559000 9.99 0.559259 0.033 0.559  2.384 0.000   3.338 0.000 99.99 0.559259  28.907 0.000  21.091 0.000   7.816 0.559 0.091 0.559 0.349 0.559
 99.291667 100.291667   42.84 0.559  0.90 0.559000 9.999 0.559259 9.99 0.559259 0.065 0.000  0.957 0.000   1.340 0.000 99.99 0.559259   7.743 0.000   2.590 0.000   5.152 0.559 0.034 0.559 0.631 0.000
102.291667 103.291667  112.86 0.559  1.57 0.559000 9.999 0.559259 9.99 0.559259 0.028 0.559  3.046 0.000   4.265 0.000 99.99 0.559259  35.600 0.000  27.239 0.000   8.362 0.559 0.080 0.559 0.413 0.559
105.291667 106.291667   30.44 0.559  0.36 0.559000 9.999 0.559259 9.99 0.559259 0.011 0.559  0.794 0.000   1.111 0.000 99.99 0.559259   4.722 0.000   2.908 0.000   1.814 0.559 0.016 0.559 0.059 0.559
108.291667 109.291667   39.05 0.559  1.58 0.559000 9.999 0.559259 9.99 0.559259 0.029 0.559  1.165 0.000   1.630 0.000 99.99 0.559259   4.444 0.000   0.930 0.000   3.515 0.559 0.036 0.559 0.242 0.559
111.291667 112.291667   12.81 0.559  0.59 0.559000 9.999 0.559259 0.13 0.559000 0.017 0.559  0.694 0.000   0.972 0.000 99.99 0.559259   3.313 0.000   1.393 0.000   1.920 0.559 0.016 0.559 0.115 0.559
114.291667 115.291667   41.85 0.559  1.81 0.559000 9.999 0.559259 9.99 0.559259 0.020 0.559  0.831 0.000   1.163 0.000 99.99 0.559259   5.556 0.000   2.969 0.000   2.587 0.559 0.038 0.559 0.220 0.559
117.291667 118.291667   97.32 0.559  2.08 0.559000 9.999 0.559259 9.99 0.559259 0.023 0.559  1.487 0.000   2.082 0.000 99.99 0.559259  22.010 0.000  16.825 0.000   5.184 0.559 0.058 0.559 0.265 0.559
120.291667 121.291667   74.63 0.559  1.00 0.559000 9.999 0.559259 9.99 0.559259 0.019 0.559  1.748 0.000   2.448 0.000 99.99 0.559259  17.619 0.000  12.193 0.000   5.426 0.559 0.038 0.559 0.437 0.559
123.291667 124.291667   71.94 0.559  0.67 0.559000 9.999 0.559259 9.99 0.559259 0.018 0.559  2.102 0.000   2.943 0.000 99.99 0.559259  15.890 0.000  11.374 0.000   4.515 0.559 0.036 0.559 0.137 0.559
126.291667 127.291667  126.34 0.559  0.80 0.559000 9.999 0.559259 9.99 0.559259 0.024 0.559  1.086 0.000   1.521 0.000 99.99 0.559259  26.318 0.000  22.055 0.000   4.263 0.559 0.063 0.559 0.125 0.559
129.291667 130.291667   30.99 0.559  0.71 0.559000 9.999 0.559259 0.13 0.559000 0.016 0.559  0.739 0.000   1.035 0.000 99.99 0.559259   4.120 0.000   1.946 0.000   2.174 0.559 0.024 0.559 0.113 0.559
132.291667 133.291667  268.61 0.559  0.58 0.559000 9.999 0.559259 0.26 0.559000 0.017 0.559  0.539 0.000   0.754 0.000 99.99 0.559259   8.089 0.000   5.520 0.000   2.569 0.559 0.025 0.559 0.161 0.559
135.291667 136.291667   33.71 0.559  1.50 0.559000 9.999 0.559259 0.13 0.559000 0.019 0.559  1.295 0.000   1.813 0.000 99.99 0.559259   5.958 0.000   1.949 0.000   4.009 0.559 0.027 0.559 0.283 0.559
138.291667 139.291667   65.96 0.559  1.45 0.559000 9.999 0.559259 9.99 0.559259 0.019 0.559  0.914 0.000   1.279 0.000 99.99 0.559259  23.114 0.000  17.679 0.000   5.436 0.559 0.052 0.559 0.541 0.559
141.291667 142.291667   15.60 0.559 99.99 0.559259 9.999 0.559259 0.08 0.559000 0.004 0.559  0.377 0.000   0.527 0.000 99.99 0.559259   2.012 0.000   0.883 0.000   1.129 0.559 0.010 0.559 0.060 0.559
144.291667 145.291667   31.74 0.559  0.69 0.559000 0.040 0.559000 0.11 0.559000 0.020 0.559  0.922 0.000   1.291 0.000 99.99 0.559259   9.075 0.000   5.659 0.000   3.416 0.559 0.022 0.559 0.321 0.559
147.291667 148.291667   28.48 0.559  1.14 0.559000 0.035 0.559000 0.18 0.559000 0.011 0.559  0.878 0.000   1.229 0.000 99.99 0.559259   5.454 0.000   2.562 0.000   2.891 0.559 0.018 0.559 0.138 0.559
150.291667 151.291667   16.31 0.559  0.56 0.559000 9.999 0.559259 0.13 0.559000 0.012 0.559  3.774 0.000   5.284 0.000 99.99 0.559259   3.884 0.000   1.985 0.000   1.899 0.559 0.020 0.559 0.096 0.559
153.291667 154.291667   81.25 0.559  1.54 0.559000 9.999 0.559259 0.09 0.559000 0.024 0.559  1.408 0.000   1.971 0.000 99.99 0.559259  12.555 0.000   8.105 0.000   4.450 0.559 0.047 0.559 0.221 0.559
156.291667 157.291667  113.50 0.559  1.49 0.559000 9.999 0.559259 0.08 0.559000 0.035 0.559  3.262 0.000   4.567 0.000 99.99 0.559259  16.361 0.000   8.102 0.000   8.259 0.559 0.067 0.559 0.232 0.559
159.291667 160.291667   22.66 0.559  0.47 0.559000 9.999 0.559259 0.09 0.559000 0.011 0.559 99.999 0.999 999.999 0.999 99.99 0.559259 999.999 0.456 999.999 0.999   3.380 0.559 0.016 0.559 0.348 0.559
162.291667 163.291667   10.57 0.559  0.47 0.559000 9.999 0.559259 0.14 0.559000 0.017 0.559 99.999 0.999 999.999 0.999 99.99 0.559259 999.999 0.456 999.999 0.999   1.750 0.559 0.015 0.559 0.092 0.559
165.291667 166.291667   17.39 0.559 99.99 0.559259 0.078 0.559000 0.11 0.559000 0.017 0.559 99.999 0.999 999.999 0.999 99.99 0.559259 999.999 0.456 999.999 0.999   1.878 0.559 0.019 0.559 0.100 0.559
168.291667 169.291667   17.72 0.559  0.71 0.559000 9.999 0.559259 0.23 0.559000 0.006 0.559  0.454 0.000   0.635 0.000 99.99 0.559259   6.984 0.000   5.080 0.000   1.904 0.559 0.014 0.559 0.154 0.559
171.291667 172.291667  106.38 0.394  0.53 0.394000 9.999 0.394259 0.86 0.394000 0.017 0.394  1.518 0.000   2.125 0.000 99.99 0.394259  12.595 0.000   7.635 0.000   4.960 0.000 0.050 0.394 0.170 0.394
174.291667 175.291667  130.54 0.000  0.72 0.000000 0.069 0.000000 0.09 0.000000 0.024 0.000  3.920 0.000   5.487 0.000 99.99 0.259000  22.806 0.000  13.084 0.000   9.722 0.000 0.082 0.000 0.227 0.000
177.291667 178.291667   12.54 0.000  0.59 0.000000 9.999 0.259000 9.99 0.259000 0.014 0.000  2.929 0.000   4.100 0.000 99.99 0.259000   9.780 0.000   2.475 0.000   7.305 0.000 0.052 0.000 0.303 0.000
180.291667 181.291667   61.17 0.000  0.60 0.000000 9.999 0.259000 0.64 0.000000 0.016 0.000  1.950 0.000   2.730 0.000 99.99 0.259000  14.613 0.000   9.162 0.000   5.451 0.000 0.046 0.000 0.182 0.000
183.291667 184.291667   35.16 0.000  0.72 0.000000 9.999 0.259000 9.99 0.259000 0.020 0.000  2.163 0.000   3.028 0.000 99.99 0.259000  10.210 0.000   4.994 0.000   5.216 0.000 0.034 0.000 0.164 0.000
186.291667 187.291667   14.41 0.000  1.06 0.000000 0.039 0.000000 9.99 0.259000 0.017 0.000  0.759 0.000   1.062 0.000 99.99 0.259000   5.188 0.000   3.012 0.000   2.176 0.000 0.068 0.000 0.099 0.000
189.291667 190.291667   39.96 0.000 99.99 0.259000 9.999 0.259000 9.99 0.259000 0.015 0.000  1.112 0.000   1.557 0.000 99.99 0.259000   6.369 0.000   3.243 0.000   3.127 0.000 0.025 0.000 0.071 0.000
192.291667 193.291667   26.03 0.000  0.46 0.000000 9.999 0.259000 9.99 0.259000 0.011 0.000  1.371 0.000   1.920 0.000 99.99 0.259000   8.129 0.000   4.208 0.000   3.921 0.000 0.027 0.000 0.107 0.000
195.291667 196.291667   83.67 0.000  0.43 0.000000 9.999 0.259000 9.99 0.259000 0.023 0.000  2.970 0.000   4.158 0.000 99.99 0.259000  20.425 0.000  12.914 0.000   7.511 0.000 0.058 0.000 0.140 0.000
198.291667 199.291667  205.54 0.000  0.69 0.000000 0.157 0.000000 9.99 0.259000 0.031 0.000  4.415 0.000   6.181 0.000 99.99 0.259000  36.928 0.000  25.053 0.000  11.875 0.000 0.146 0.000 0.187 0.000
201.291667 202.291667   34.98 0.000  1.46 0.000000 9.999 0.259000 0.16 0.000000 0.014 0.000  1.230 0.000   1.722 0.000 99.99 0.259000 999.999 0.456 999.999 0.999   3.115 0.000 0.033 0.000 0.096 0.000
204.291667 205.291667   62.79 0.000 99.99 0.259000 0.048 0.000000 0.09 0.000000 0.010 0.000  2.266 0.000   3.172 0.000 99.99 0.259000  14.985 0.000   8.041 0.000   6.944 0.000 0.064 0.000 0.297 0.000
207.291667 208.291667  137.87 0.000  0.60 0.000000 0.096 0.000000 0.13 0.000000 0.026 0.000  3.571 0.000   5.000 0.000 99.99 0.259000  23.148 0.000  13.717 0.000   9.431 0.000 0.083 0.000 0.156 0.000
210.291667 211.291667  186.47 0.000 99.99 0.259000 9.999 0.259000 9.99 0.259000 0.023 0.000  4.983 0.000   6.976 0.000 99.99 0.259000  29.298 0.000  16.622 0.000  12.676 0.000 0.138 0.000 0.191 0.000
213.291667 214.291667  180.96 0.000  0.35 0.000000 9.999 0.259000 9.99 0.259000 0.033 0.000  4.873 0.000   6.822 0.000 99.99 0.259000  25.312 0.000  12.885 0.000  12.427 0.000 0.130 0.000 0.262 0.000
216.291667 217.291667  120.43 0.000  0.46 0.000000 9.999 0.259000 9.99 0.259000 0.023 0.000  2.546 0.000   3.565 0.000 99.99 0.259000  14.297 0.000   8.670 0.000   5.627 0.000 0.090 0.000 0.154 0.000
219.291667 220.291667   17.44 0.000  0.22 0.000000 9.999 0.259000 0.18 0.000000 0.013 0.000  0.695 0.000   0.972 0.000 99.99 0.259000   2.753 0.000   1.263 0.000   1.490 0.000 0.023 0.000 0.055 0.000
222.291667 223.291667   31.74 0.000  0.08 0.000000 0.016 0.000000 9.99 0.259000 0.012 0.000  1.085 0.000   1.519 0.000 99.99 0.259000  10.774 0.000   6.267 0.000   4.507 0.000 0.025 0.000 0.416 0.000
225.291667 226.291667  162.49 0.000  0.26 0.000000 9.999 0.259000 9.99 0.259000 0.019 0.000  2.674 0.000   3.743 0.000 99.99 0.259000  19.272 0.000  11.519 0.000   7.753 0.000 0.070 0.000 0.152 0.000
228.291667 229.291667   96.02 0.000 99.99 0.259000 9.999 0.259000 9.99 0.259000 0.018 0.000  6.551 0.000   9.172 0.000 99.99 0.259000  27.124 0.000  11.672 0.000  15.452 0.000 0.104 0.000 0.351 0.000
231.291667 232.291667   86.22 0.000  0.38 0.000000 0.038 0.000000 9.99 0.259000 0.023 0.000  4.155 0.000   5.817 0.000 99.99 0.259000  16.626 0.000   6.838 0.000   9.788 0.000 0.073 0.000 0.274 0.000
234.291667 235.291667   21.37 0.000 99.99 0.259000 9.999 0.259000 9.99 0.259000 0.011 0.000  1.268 0.000   1.775 0.000 99.99 0.259000   4.726 0.000   1.646 0.000   3.080 0.000 0.029 0.000 0.107 0.000
237.291667 238.291667   11.15 0.000  0.15 0.000000 0.073 0.000000 9.99 0.259000 0.006 0.000  0.476 0.000   0.666 0.000 99.99 0.259000   2.219 0.000   1.188 0.000   1.031 0.000 0.008 0.000 0.034 0.000
