scripts/IMPROVE-2019_partial/data/US2905R.20040101080000.20191216000000.filterpack..pm25.52w.1w.US03L_filterpack_US2905.US03L_IMPROVE_Davis.lev2.nas
66 1001
MISSING INFORMATION
US03L, IMPROVE, , , , , , , 
MISSING INFORMATION
IMPROVE sel_HTAP
1 1
2004 01 01 2019 12 16
3.000000
days from file reference point
27
1 1 1 1 1 1 1 1 1 1 1 1 1 1 1 1 1 1 1 1 1 1 1 1 1 1 1
999.999999 9999.99 9.999 99.99 9.999999 9.999 9.999999 9.99 9.999999 9.999 9.999 99.999 9.999 99.999 9.999 999.99 9.999999 999.999 9.999 999.999 9.999 99.999 9.999 9.999 9.999 99.999 9.999
end_time of measurement, days from the file reference point
iron, ng/m3, Revision date=20181210133000
numflag iron, no unit, Revision date=20181210133000
lead, ng/m3, Revision date=20181210133000
numflag lead, no unit, Revision date=20181210133000
magnesium, ug/m3, Revision date=20181210133000
numflag magnesium, no unit, Revision date=20181210133000
nickel, ng/m3, Revision date=20181210133000
numflag nickel, no unit, Revision date=20181210133000
nitrate, ug N/m3, Revision date=20181210133000
numflag nitrate, no unit, Revision date=20181210133000
organic_carbon, ug C/m3, Revision date=20181210133000
numflag organic_carbon, no unit, Revision date=20181210133000
organic_mass, ug/m3, Revision date=20181210133000
numflag organic_mass, no unit, Revision date=20181210133000
phosphorus, ng/m3, Revision date=20181210133000
numflag phosphorus, no unit, Revision date=20181210133000
pm10_mass, ug/m3, Version=2, Version description=Data extracted from http://views.cira.colostate.edu/fed/DataWizard 2019-12-16, Sample duration=1d, Orig. time res.=3d, Matrix=pm10, Blank correction=Blank corrected, Volume std. temperature=ambient, Volume std. pressure=ambient
numflag pm10_mass, no unit, Version=2, Version description=Data extracted from http://views.cira.colostate.edu/fed/DataWizard 2019-12-16, Sample duration=1d, Orig. time res.=3d, Matrix=pm10, Blank correction=Blank corrected, Volume std. temperature=ambient, Volume std. pressure=ambient
pm10_pm25_mass, ug/m3, Revision date=20181210133000, Matrix=pm10_pm25
numflag pm10_pm25_mass, no unit, Revision date=20181210133000, Matrix=pm10_pm25
pm25_mass, ug/m3, Version=2, Version description=Data extracted from http://views.cira.colostate.edu/fed/DataWizard 2019-12-16, Sample duration=1d, Orig. time res.=3d, Blank correction=Blank corrected, Volume std. temperature=ambient, Volume std. pressure=ambient
numflag pm25_mass, no unit, Version=2, Version description=Data extracted from http://views.cira.colostate.edu/fed/DataWizard 2019-12-16, Sample duration=1d, Orig. time res.=3d, Blank correction=Blank corrected, Volume std. temperature=ambient, Volume std. pressure=ambient
potassium, ug/m3, Revision date=20181210133000
numflag potassium, no unit, Revision date=20181210133000
sulphate_total, ug S/m3, Revision date=20181210133000
numflag sulphate_total, no unit, Revision date=20181210133000
0
25
Data definition:              EBAS_1.1
Set type code:                TU
Timezone:                     UTC
File name:                    US2905R.20040101080000.20191216000000.filterpack..pm25.52w.1w.US03L_filterpack_US2905.US03L_IMPROVE_Davis.lev2.nas
File creation:                20191218120404
Startdate:                    20040101080000
Revision date:                20191216000000
Statistics:                   arithmetic mean
Data level:                   2
Period code:                  52w
Resolution code:              1w
Station code:                 US2905R
Platform code:                US2905S
Station name:                 Great Basin National Park-Lehman Caves (NV05)
Station latitude:             39.005
Station longitude:            -114.2158
Station altitude:             2067.0 m
Regime:                       IMG
Component:                    
Matrix:                       pm25
Laboratory code:              US03L
Instrument type:              filterpack
Instrument name:              filterpack_US2905
Method ref:                   US03L_IMPROVE_Davis
starttime endtime Fe flag_Fe Pb flag_Pb Mg++ flag_Mg++ Ni flag_Ni NO3- flag_NO3- OC flag_OC OM flag_OM P flag_P PM10 flag_PM10 PM10-PM2.5 flag_PM10-PM2.5 PM2.5 flag_PM2.5 K+ flag_K+ SO4-- flag_SO4--
[from data line 81]
243.333333 244.333333   20.03 0.000 99.99 0.259000 9.999 0.259000 9.99 0.259000 0.015 0.000  0.517 0.000  0.724 0.000 999.99 0.259000 999.999 0.456 999.999 0.999  2.533 0.000 0.018 0.000  0.279 0.000
246.333333 247.333333    8.78 0.000  0.26 0.000000 9.999 0.259000 9.99 0.259000 0.015 0.000  0.604 0.000  0.846 0.000 999.99 0.259000 999.999 0.456 999.999 0.999  1.218 0.000 0.009 0.000  0.045 0.000
249.333333 250.333333   10.60 0.000  0.43 0.000000 9.999 0.259000 0.11 0.000000 0.006 0.000  0.535 0.000  0.749 0.000 999.99 0.259000 999.999 0.456 999.999 0.999  1.167 0.000 0.010 0.000  0.065 0.000
252.333333 253.333333   29.17 0.000  0.75 0.000000 9.999 0.259000 0.09 0.000000 0.026 0.000  0.836 0.000  1.171 0.000 999.99 0.259000   6.698 0.000   3.602 0.000  3.096 0.000 0.035 0.000  0.243 0.000
255.333333 256.333333   22.70 0.000  0.79 0.000000 9.999 0.259000 0.20 0.000000 0.023 0.000  0.536 0.000  0.750 0.000 999.99 0.259000   4.808 0.000   2.313 0.000  2.495 0.000 0.015 0.000  0.272 0.000
258.333333 259.333333   17.71 0.000  0.18 0.000000 9.999 0.259000 0.08 0.000000 0.020 0.000  0.292 0.000  0.408 0.000 999.99 0.259000   4.464 0.000   2.901 0.000  1.563 0.000 0.011 0.000  0.103 0.000
261.333333 262.333333   27.19 0.000  0.67 0.000000 0.088 0.000000 0.24 0.000000 0.050 0.000  0.411 0.000  0.575 0.000 999.99 0.259000   8.722 0.000   6.144 0.000  2.578 0.000 0.020 0.000  0.239 0.000
264.333333 265.333333    3.36 0.000 99.99 0.259000 9.999 0.259000 9.99 0.259000 0.012 0.000  0.285 0.000  0.399 0.000 999.99 0.259000   1.901 0.000   0.968 0.000  0.933 0.000 0.005 0.000  0.085 0.000
267.333333 268.333333    8.55 0.000 99.99 0.259000 0.107 0.000000 9.99 0.259000 0.005 0.000  0.182 0.000  0.255 0.000 999.99 0.259000   2.563 0.000   1.758 0.000  0.805 0.000 0.006 0.000  0.051 0.000
270.333333 271.333333   25.15 0.000  0.56 0.000000 9.999 0.259000 9.99 0.259000 0.041 0.000  0.443 0.000  0.620 0.000 999.99 0.259000   4.919 0.000   3.055 0.000  1.864 0.000 0.016 0.000  0.135 0.000
273.333333 274.333333   14.61 0.000  0.78 0.000000 9.999 0.259000 0.09 0.000000 0.016 0.000  0.613 0.000  0.858 0.000 999.99 0.259000   3.867 0.000   1.883 0.000  1.984 0.000 0.012 0.000  0.192 0.000
276.333333 277.333333   17.53 0.000  0.42 0.000000 9.999 0.259000 9.99 0.259000 0.025 0.000  1.365 0.000  1.911 0.000 999.99 0.259000   4.491 0.000   1.857 0.000  2.634 0.000 0.014 0.000  0.307 0.000
279.333333 280.333333   27.77 0.000  0.49 0.000000 0.109 0.000000 9.99 0.259000 0.012 0.000  0.756 0.000  1.058 0.000 999.99 0.259000   5.239 0.000   2.522 0.000  2.717 0.000 0.025 0.000  0.142 0.000
282.333333 283.333333   26.55 0.000  0.56 0.000000 0.110 0.000000 9.99 0.259000 0.026 0.000  0.618 0.000  0.865 0.000 999.99 0.259000   6.448 0.000   3.355 0.000  3.093 0.000 0.020 0.000  0.211 0.000
285.333333 286.333333   22.47 0.000  0.37 0.000000 9.999 0.259000 9.99 0.259000 0.024 0.000  0.706 0.000  0.988 0.000  13.60 0.000000 999.999 0.456 999.999 0.999  3.348 0.000 0.016 0.000  0.261 0.000
288.333333 289.333333   15.74 0.000  0.25 0.000000 0.086 0.000000 0.17 0.000000 0.006 0.000  0.303 0.000  0.424 0.000 999.99 0.259000   2.480 0.000   1.544 0.000  0.936 0.000 0.011 0.000  0.052 0.000
291.333333 292.333333   11.81 0.000  0.39 0.000000 9.999 0.259000 0.18 0.000000 0.058 0.000  0.709 0.000  0.993 0.000 999.99 0.259000   3.263 0.000   1.375 0.000  1.888 0.000 0.015 0.000  0.105 0.000
294.333333 295.333333    1.48 0.000  0.22 0.000000 9.999 0.259000 0.08 0.000000 0.018 0.000  0.743 0.000  1.040 0.000   1.06 0.000000   1.614 0.000   0.292 0.000  1.322 0.000 0.005 0.000  0.033 0.000
297.333333 298.333333    3.13 0.000  0.37 0.000000 9.999 0.259000 9.99 0.259000 0.032 0.000  0.858 0.000  1.201 0.000 999.99 0.259000   1.882 0.000   0.620 0.000  1.263 0.000 0.008 0.000  0.097 0.000
300.333333 301.333333    2.44 0.000  0.52 0.000000 0.172 0.000000 9.99 0.259000 0.007 0.000  0.326 0.000  0.456 0.000 999.99 0.259000   1.171 0.000   0.266 0.000  0.906 0.000 0.004 0.000  0.093 0.000
303.333333 304.333333    7.34 0.000  0.44 0.000000 0.089 0.000000 9.99 0.259000 0.009 0.000  0.638 0.000  0.893 0.000 999.99 0.259000   1.978 0.000   0.092 0.000  1.886 0.000 0.009 0.000  0.110 0.000
306.333333 307.333333    3.01 0.000  0.37 0.000000 9.999 0.259000 9.99 0.259000 0.008 0.559  0.269 0.000  0.377 0.000 999.99 0.259000   1.058 0.000   0.285 0.000  0.772 0.000 0.004 0.000  0.053 0.559
309.333333 310.333333    9.36 0.000  0.61 0.000000 0.132 0.000000 9.99 0.259000 0.111 0.000  0.479 0.000  0.670 0.000 999.99 0.259000   2.845 0.000   1.146 0.000  1.699 0.000 0.010 0.000  0.106 0.000
312.333333 313.333333    2.83 0.000  0.35 0.000000 9.999 0.259000 9.99 0.259000 0.151 0.000  0.793 0.000  1.110 0.000 999.99 0.259000   2.008 0.000   0.242 0.000  1.766 0.000 0.008 0.000  0.084 0.000
315.333333 316.333333    1.82 0.000  0.28 0.000000 9.999 0.259000 9.99 0.259000 0.016 0.000  0.529 0.000  0.741 0.000 999.99 0.259000   1.590 0.000   0.512 0.000  1.078 0.000 0.006 0.000  0.086 0.000
318.333333 319.333333    3.72 0.000  0.51 0.000000 9.999 0.259000 9.99 0.259000 0.163 0.000  0.814 0.000  1.139 0.000 999.99 0.259000   3.821 0.000   0.364 0.000  3.457 0.000 0.008 0.000  0.355 0.000
321.333333 322.333333    1.26 0.000  0.48 0.000000 0.090 0.000000 0.15 0.000000 0.006 0.000  0.337 0.000  0.472 0.000   4.30 0.000000   0.998 0.000   0.174 0.000  0.824 0.000 0.005 0.000  0.121 0.000
324.333333 325.333333    2.14 0.000  0.32 0.000000 0.111 0.000000 9.99 0.259000 0.110 0.000  0.519 0.000  0.727 0.000 999.99 0.259000   1.548 0.000   0.315 0.000  1.233 0.000 0.008 0.000  0.089 0.000
327.333333 328.333333    3.03 0.000  0.44 0.000000 9.999 0.259000 9.99 0.259000 0.032 0.000  0.252 0.000  0.353 0.000 999.99 0.259000   0.968 0.000   0.218 0.000  0.750 0.000 0.007 0.000  0.081 0.000
330.333333 331.333333    3.20 0.000  0.24 0.000000 9.999 0.259000 0.18 0.000000 0.005 0.000  0.213 0.000  0.298 0.000   2.38 0.000000   0.624 0.000   0.356 0.000  0.268 0.000 0.003 0.000  0.040 0.000
333.333333 334.333333    3.32 0.000  0.31 0.000000 9.999 0.259000 0.13 0.000000 0.059 0.000  0.277 0.000  0.388 0.000 999.99 0.259000   1.094 0.000   0.286 0.000  0.808 0.000 0.006 0.000  0.098 0.000
336.333333 337.333333    1.56 0.000  0.34 0.000000 0.080 0.000000 0.20 0.000000 0.071 0.000  0.391 0.000  0.548 0.000 999.99 0.259000   0.669 0.000   0.105 0.000  0.564 0.000 0.003 0.000  0.054 0.000
339.333333 340.333333    9.24 0.000  1.17 0.000000 0.050 0.000000 0.16 0.000000 0.048 0.000  0.586 0.000  0.820 0.000 999.99 0.259000   1.966 0.000   0.571 0.000  1.395 0.000 0.011 0.000  0.155 0.000
342.333333 343.333333    2.60 0.000  0.32 0.000000 9.999 0.259000 9.99 0.259000 0.010 0.000  0.239 0.000  0.335 0.000 999.99 0.259000   1.520 0.000   1.009 0.000  0.511 0.000 0.005 0.000  0.064 0.000
345.333333 346.333333    0.71 0.000  0.40 0.000000 0.045 0.000000 9.99 0.259000 0.002 0.000  0.097 0.000  0.136 0.000 999.99 0.259000   0.452 0.000   0.246 0.000  0.206 0.000 0.003 0.000  0.023 0.000
348.333333 349.333333    4.43 0.000 99.99 0.259000 9.999 0.259000 9.99 0.259000 0.006 0.000  0.340 0.000  0.475 0.000 999.99 0.259000   1.108 0.000   0.578 0.000  0.530 0.000 0.007 0.000  0.032 0.000
351.333333 352.333333    4.85 0.000  0.36 0.000000 0.051 0.000000 9.99 0.259000 0.007 0.000  0.282 0.000  0.396 0.000 999.99 0.259000   1.838 0.000   0.930 0.000  0.908 0.000 0.006 0.000  0.038 0.000
354.333333 355.333333    3.12 0.000 99.99 0.259000 9.999 0.259000 9.99 0.259000 0.012 0.000  0.268 0.000  0.375 0.000 999.99 0.259000   1.185 0.000   0.586 0.000  0.599 0.000 0.006 0.000  0.035 0.000
357.333333 358.333333    2.54 0.000 99.99 0.259000 9.999 0.259000 0.12 0.000000 0.033 0.000  0.253 0.000  0.354 0.000 999.99 0.259000   1.756 0.000   0.907 0.000  0.850 0.000 0.006 0.000  0.090 0.000
360.333333 361.333333    3.05 0.000 99.99 0.259000 9.999 0.259000 9.99 0.259000 0.005 0.000  0.131 0.000  0.183 0.000 999.99 0.259000   1.389 0.000   0.832 0.000  0.557 0.000 0.005 0.000  0.035 0.000
363.333333 364.333333    0.78 0.000  0.30 0.000000 9.999 0.259000 0.19 0.000000 0.004 0.000  0.301 0.000  0.422 0.000 999.99 0.259000   0.856 0.000   0.427 0.000  0.429 0.000 0.004 0.000  0.009 0.000
