scripts/IMPROVE-2019_partial/data/US2905R.19950104080000.20191216000000.filterpack...1y.3d.US03L_filterpack_US2905.US03L_IMPROVE_Davis.lev2.nas
51 1001
MISSING INFORMATION
US03L, IMPROVE, , , , , , , 
MISSING INFORMATION
IMPROVE sel_HTAP
1 1
1995 01 01 2019 12 16
0
days from file reference point
4
1 1 1 1
999.999999 999.999 99.999 9.999
end_time of measurement, days from the file reference point
pm10_mass, ug/m3, Matrix=pm10
pm25_mass, ug/m3, Matrix=pm25
numflag, no unit
0
33
Data definition:              EBAS_1.1
Set type code:                TI
Timezone:                     UTC
File name:                    US2905R.19950104080000.20191216000000.filterpack...1y.3d.US03L_filterpack_US2905.US03L_IMPROVE_Davis.lev2.nas
File creation:                20191218120403
Startdate:                    19950104080000
Revision date:                20191216000000
Version:                      2
Version description:          "Data extracted from http://views.cira.colostate.edu/fed/DataWizard 2019-12-16"
Statistics:                   arithmetic mean
Data level:                   2
Period code:                  1y
Resolution code:              3d
Sample duration:              1d
Orig. time res.:              3d
Station code:                 US2905R
Platform code:                US2905S
Station name:                 Great Basin National Park-Lehman Caves (NV05)
Station latitude:             39.005
Station longitude:            -114.2158
Station altitude:             2067.0 m
Regime:                       IMG
Component:                    
Unit:                         ug/m3
Matrix:                       
Laboratory code:              US03L
Instrument type:              filterpack
Instrument name:              filterpack_US2905
Method ref:                   US03L_IMPROVE_Davis
Blank correction:             Blank corrected
Volume std. temperature:      ambient
Volume std. pressure:         ambient
starttime endtime PM10 PM2.5 flag
  3.333333   4.333333   5.741  3.426 0.000
  6.333333   7.333333   2.624  0.895 0.000
 10.333333  11.333333   0.956  0.823 0.000
 13.333333  14.333333   5.074  0.812 0.000
 17.333333  18.333333   5.136  1.254 0.000
 20.333333  21.333333   6.825  4.765 0.000
 24.333333  25.333333   4.640  1.994 0.000
 27.333333  28.333333   4.234  0.774 0.000
 31.333333  32.333333   1.502  0.743 0.000
 34.333333  35.333333   3.287  0.872 0.000
 38.333333  39.333333   3.480  1.956 0.000
 41.333333  42.333333   2.784  1.191 0.000
 45.333333  46.333333   2.482  1.548 0.000
 48.333333  49.333333   1.403  0.862 0.000
 52.333333  53.333333   1.690  1.306 0.000
 55.333333  56.333333   4.120  1.561 0.000
 59.333333  60.333333  12.502  1.413 0.000
 62.333333  63.333333   5.413  1.475 0.000
 66.333333  67.333333   3.367  1.298 0.000
 69.333333  70.333333   3.472  2.838 0.000
 73.333333  74.333333   3.107  1.240 0.000
 76.333333  77.333333   4.094  1.891 0.000
 80.333333  81.333333   5.007  1.658 0.000
 83.333333  84.333333   1.145  0.720 0.000
 87.333333  88.333333   6.229  4.081 0.000
 90.333333  91.333333   5.835  2.753 0.000
 94.333333  95.333333   6.583  1.848 0.000
 97.333333  98.333333  22.817  6.307 0.000
101.333333 102.333333   7.947  2.608 0.000
104.333333 105.333333   4.865  2.200 0.000
108.333333 109.333333   2.685  0.830 0.000
111.333333 112.333333   4.904  3.565 0.000
115.333333 116.333333   6.283  2.924 0.000
118.333333 119.333333   6.807  2.802 0.000
122.333333 123.333333   2.067  0.970 0.000
125.333333 126.333333  13.660  7.559 0.000
129.333333 130.333333   3.629  2.204 0.000
132.333333 133.333333   2.510  1.359 0.000
136.333333 137.333333   2.976  1.581 0.000
139.333333 140.333333   7.800  3.348 0.000
143.333333 144.333333   2.204 99.999 0.000
146.333333 147.333333   6.004  3.518 0.000
150.333333 151.333333   7.495  4.095 0.000
153.333333 154.333333   2.315 99.999 0.000
157.333333 158.333333   1.463  1.707 0.000
160.333333 161.333333   4.951  2.354 0.000
164.333333 165.333333   6.637  3.233 0.000
167.333333 168.333333   2.990  1.796 0.000
171.333333 172.333333   5.853  1.331 0.000
174.333333 175.333333   5.216  2.001 0.000
178.333333 179.333333   6.112  2.478 0.000
181.333333 182.333333  11.027  2.790 0.000
185.333333 186.333333   9.311  1.774 0.000
188.333333 189.333333  10.462  5.712 0.000
192.333333 193.333333   7.103  1.781 0.000
195.333333 196.333333   8.657  5.275 0.000
199.333333 200.333333   5.255  2.246 0.000
202.333333 203.333333  10.178  3.221 0.000
206.333333 207.333333   8.241  2.540 0.000
209.333333 210.333333  12.859  5.565 0.000
213.333333 214.333333   7.700  4.337 0.000
216.333333 217.333333   7.466  4.784 0.000
220.333333 221.333333   9.090  5.525 0.000
223.333333 224.333333   7.451  3.321 0.000
227.333333 228.333333  11.750  4.759 0.000
230.333333 231.333333   6.241  2.904 0.000
234.333333 235.333333   5.072  2.676 0.000
237.333333 238.333333   5.734  2.504 0.000
241.333333 242.333333   3.571  1.109 0.000
244.333333 245.333333   8.125  4.231 0.000
248.333333 249.333333   6.417  3.310 0.000
251.333333 252.333333   5.664  2.433 0.000
255.333333 256.333333   4.049  2.684 0.000
258.333333 259.333333   6.270  3.073 0.000
262.333333 263.333333   6.446  4.012 0.000
265.333333 266.333333   6.980  3.235 0.000
269.333333 270.333333   6.810  3.064 0.000
272.333333 273.333333   2.326  1.196 0.000
276.333333 277.333333   9.587  3.073 0.000
279.333333 280.333333  10.942  3.192 0.000
283.333333 284.333333  11.506  3.157 0.000
286.333333 287.333333   4.153  1.229 0.000
290.333333 291.333333   8.896  2.555 0.000
293.333333 294.333333  10.232  3.277 0.000
297.333333 298.333333   7.529  2.554 0.000
300.333333 301.333333   6.396  1.707 0.000
304.333333 305.333333   5.163  3.308 0.000
307.333333 308.333333   3.222  1.603 0.000
311.333333 312.333333   2.961  0.717 0.000
314.333333 315.333333   1.562  0.492 0.000
318.333333 319.333333   1.503  0.992 0.000
321.333333 322.333333   8.777  1.342 0.000
325.333333 326.333333   7.529  2.849 0.000
328.333333 329.333333   2.851  0.772 0.000
332.333333 333.333333   1.531  0.295 0.000
335.333333 336.333333   3.170  1.514 0.000
339.333333 340.333333   4.439  2.344 0.000
342.333333 343.333333   3.973  0.443 0.000
346.333333 347.333333   2.076  1.133 0.000
349.333333 350.333333   2.755  1.059 0.000
353.333333 354.333333   3.918  2.294 0.000
356.333333 357.333333   3.065  2.203 0.000
360.333333 361.333333   1.687  0.841 0.000
363.333333 364.333333   2.354  0.369 0.000
