scripts/IMPROVE-2019_partial/data/US2905R.20100102080000.20191216000000.filterpack...52w.3d.US03L_filterpack_US2905.US03L_IMPROVE_Davis.lev2.nas
52 1001
MISSING INFORMATION
US03L, IMPROVE, , , , , , , 
MISSING INFORMATION
IMPROVE sel_HTAP
1 1
2010 01 01 2019 12 16
3.000000
days from file reference point
5
1 1 1 1 1
999.999999 999.999 9.999 999.999 9.999
end_time of measurement, days from the file reference point
pm10_mass, ug/m3, Matrix=pm10
numflag pm10_mass, no unit, Matrix=pm10
pm25_mass, ug/m3, Matrix=pm25
numflag pm25_mass, no unit, Matrix=pm25
0
33
Data definition:              EBAS_1.1
Set type code:                TU
Timezone:                     UTC
File name:                    US2905R.20100102080000.20191216000000.filterpack...52w.3d.US03L_filterpack_US2905.US03L_IMPROVE_Davis.lev2.nas
File creation:                20191218120405
Startdate:                    20100102080000
Revision date:                20191216000000
Version:                      2
Version description:          "Data extracted from http://views.cira.colostate.edu/fed/DataWizard 2019-12-16"
Statistics:                   arithmetic mean
Data level:                   2
Period code:                  52w
Resolution code:              3d
Sample duration:              1d
Orig. time res.:              3d
Station code:                 US2905R
Platform code:                US2905S
Station name:                 Great Basin National Park-Lehman Caves (NV05)
Station latitude:             39.005
Station longitude:            -114.2158
Station altitude:             2067.0 m
Regime:                       IMG
Component:                    
Unit:                         ug/m3
Matrix:                       
Laboratory code:              US03L
Instrument type:              filterpack
Instrument name:              filterpack_US2905
Method ref:                   US03L_IMPROVE_Davis
Blank correction:             Blank corrected
Volume std. temperature:      ambient
Volume std. pressure:         ambient
starttime endtime PM10 flag_PM10 PM2.5 flag_PM2.5
  1.333333   2.333333   0.610 0.000   0.509 0.000
  4.333333   5.333333   0.909 0.000   0.598 0.000
  7.333333   8.333333   1.329 0.000   0.865 0.000
 10.333333  11.333333   0.975 0.000   0.538 0.000
 13.333333  14.333333   0.787 0.000   0.598 0.000
 16.333333  17.333333   1.832 0.000   0.936 0.000
 19.333333  20.333333   0.998 0.000   0.644 0.000
 22.333333  23.333333   1.050 0.000   0.792 0.000
 25.333333  26.333333   2.082 0.000   1.293 0.000
 28.333333  29.333333   2.124 0.000   1.329 0.000
 31.333333  32.333333   1.415 0.000   0.662 0.000
 34.333333  35.333333   2.365 0.000   0.942 0.000
 37.333333  38.333333   0.640 0.000   0.638 0.000
 40.333333  41.333333   2.344 0.000   1.391 0.000
 43.333333  44.333333   3.613 0.000   1.143 0.000
 46.333333  47.333333   4.823 0.000   1.888 0.000
 49.333333  50.333333   1.905 0.000   1.090 0.000
 52.333333  53.333333   4.270 0.000   2.763 0.000
 55.333333  56.333333   1.966 0.000   0.897 0.000
 58.333333  59.333333   1.313 0.000   1.062 0.000
 61.333333  62.333333   3.822 0.000   2.333 0.000
 64.333333  65.333333   2.308 0.000   1.332 0.000
 67.333333  68.333333   2.410 0.000   1.466 0.000
 70.333333  71.333333   2.291 0.000   2.641 0.000
 73.333333  74.333333   2.508 0.000   2.530 0.000
 76.333333  77.333333   9.388 0.000   2.692 0.000
 79.333333  80.333333  13.203 0.000   5.727 0.000
 82.333333  83.333333   6.274 0.000   3.172 0.000
 85.333333  86.333333   2.794 0.000   1.103 0.000
 88.333333  89.333333  59.900 0.000  10.890 0.000
 91.333333  92.333333   3.491 0.000   0.575 0.000
 94.333333  95.333333   6.813 0.000   1.881 0.000
 97.333333  98.333333   5.349 0.000   1.825 0.000
100.333333 101.333333   9.433 0.000   3.421 0.000
103.333333 104.333333   4.257 0.000   1.987 0.000
106.333333 107.333333   7.114 0.000   3.365 0.000
109.333333 110.333333   8.109 0.000   3.311 0.000
112.333333 113.333333   3.461 0.000   1.578 0.000
115.333333 116.333333   6.235 0.000   3.370 0.000
118.333333 119.333333   1.911 0.000   0.606 0.000
121.333333 122.333333   2.030 0.000   0.696 0.000
124.333333 125.333333  14.159 0.000   4.180 0.000
127.333333 128.333333   6.481 0.000   2.817 0.000
130.333333 131.333333   0.561 0.000   0.302 0.000
133.333333 134.333333   1.898 0.000   0.953 0.000
136.333333 137.333333   7.279 0.000   2.808 0.000
139.333333 140.333333   6.341 0.000   2.247 0.000
142.333333 143.333333   2.591 0.000   1.516 0.000
145.333333 146.333333   7.602 0.000   2.517 0.000
148.333333 149.333333   2.651 0.000   0.779 0.000
151.333333 152.333333   4.302 0.000   1.958 0.000
154.333333 155.333333   6.161 0.000   2.054 0.000
157.333333 158.333333   7.695 0.000   2.704 0.000
160.333333 161.333333  13.229 0.000   3.994 0.000
163.333333 164.333333   1.406 0.000   0.900 0.000
166.333333 167.333333  13.024 0.000   3.846 0.000
169.333333 170.333333   5.615 0.000   2.118 0.000
172.333333 173.333333   6.320 0.000   2.566 0.000
175.333333 176.333333   9.449 0.000   3.138 0.000
178.333333 179.333333   7.732 0.000   2.183 0.000
181.333333 182.333333   8.422 0.000   2.206 0.000
184.333333 185.333333   3.674 0.000   1.262 0.000
187.333333 188.333333   7.918 0.000   2.161 0.000
190.333333 191.333333   6.051 0.000   2.671 0.000
193.333333 194.333333   9.472 0.000   4.027 0.000
196.333333 197.333333   8.854 0.000   2.927 0.000
199.333333 200.333333  10.460 0.000   4.723 0.000
202.333333 203.333333   8.347 0.000   2.778 0.000
205.333333 206.333333   9.235 0.000   3.341 0.000
208.333333 209.333333   5.728 0.000   2.769 0.000
211.333333 212.333333   7.793 0.000   4.570 0.000
214.333333 215.333333   7.404 0.000   3.132 0.000
217.333333 218.333333  17.543 0.000   2.116 0.000
220.333333 221.333333   9.465 0.000   2.478 0.000
223.333333 224.333333 999.999 0.456   3.364 0.000
226.333333 227.333333 999.999 0.456   2.012 0.000
229.333333 230.333333  11.557 0.000   3.367 0.000
232.333333 233.333333   5.763 0.000   1.993 0.000
235.333333 236.333333   5.671 0.000   2.658 0.000
238.333333 239.333333   7.462 0.000   2.633 0.000
241.333333 242.333333   4.154 0.000   1.788 0.000
244.333333 245.333333   3.701 0.000   1.291 0.000
247.333333 248.333333  15.102 0.000   4.742 0.000
250.333333 251.333333   9.008 0.000   2.637 0.000
253.333333 254.333333   2.598 0.000   0.986 0.000
256.333333 257.333333 999.999 0.999 999.999 0.999
259.333333 260.333333 999.999 0.999 999.999 0.999
262.333333 263.333333 999.999 0.999 999.999 0.999
265.333333 266.333333 999.999 0.999 999.999 0.999
268.333333 269.333333 999.999 0.999 999.999 0.999
271.333333 272.333333   7.008 0.000   2.615 0.000
274.333333 275.333333   8.110 0.000   3.412 0.000
277.333333 278.333333   2.480 0.000   1.780 0.000
280.333333 281.333333   2.283 0.000   1.520 0.000
283.333333 284.333333   2.140 0.000   1.404 0.000
286.333333 287.333333   4.619 0.000   2.576 0.000
289.333333 290.333333   4.668 0.000   2.725 0.000
292.333333 293.333333   3.743 0.000   1.982 0.000
295.333333 296.333333   2.497 0.000   1.694 0.000
298.333333 299.333333   1.311 0.000   0.772 0.000
301.333333 302.333333   3.163 0.000   1.324 0.000
304.333333 305.333333   1.780 0.000   0.961 0.000
307.333333 308.333333  40.979 0.000  34.085 0.000
310.333333 311.333333  20.070 0.000   7.575 0.000
313.333333 314.333333   7.095 0.000   0.871 0.000
316.333333 317.333333 999.999 0.456   1.134 0.000
319.333333 320.333333   4.181 0.000 999.999 0.999
322.333333 323.333333   7.503 0.000 999.999 0.999
325.333333 326.333333   1.608 0.000 999.999 0.999
328.333333 329.333333   1.698 0.000   1.067 0.659
331.333333 332.333333   1.293 0.000   0.606 0.000
334.333333 335.333333   1.732 0.000   0.713 0.000
337.333333 338.333333 999.999 0.456   1.314 0.000
340.333333 341.333333   0.944 0.000   0.505 0.000
343.333333 344.333333   1.211 0.000   0.446 0.000
346.333333 347.333333   1.160 0.000   0.387 0.000
349.333333 350.333333   0.995 0.000   0.719 0.000
352.333333 353.333333   0.260 0.000   0.241 0.000
355.333333 356.333333   1.075 0.000   0.915 0.000
358.333333 359.333333   1.411 0.000   1.050 0.000
361.333333 362.333333   1.339 0.000   0.599 0.000
364.333333 365.333333   1.057 0.000   0.813 0.000
