scripts/IMPROVE-2019_partial/data/US2905R.20130101080000.20191216000000.filterpack...52w.3d.US03L_filterpack_US2905.US03L_IMPROVE_Davis.lev2.nas
51 1001
MISSING INFORMATION
US03L, IMPROVE, , , , , , , 
MISSING INFORMATION
IMPROVE sel_HTAP
1 1
2013 01 01 2019 12 16
3.000000
days from file reference point
4
1 1 1 1
999.999999 999.999 999.999 9.999
end_time of measurement, days from the file reference point
pm10_mass, ug/m3, Matrix=pm10
pm25_mass, ug/m3, Matrix=pm25
numflag, no unit
0
33
Data definition:              EBAS_1.1
Set type code:                TU
Timezone:                     UTC
File name:                    US2905R.20130101080000.20191216000000.filterpack...52w.3d.US03L_filterpack_US2905.US03L_IMPROVE_Davis.lev2.nas
File creation:                20191218120405
Startdate:                    20130101080000
Revision date:                20191216000000
Version:                      2
Version description:          "Data extracted from http://views.cira.colostate.edu/fed/DataWizard 2019-12-16"
Statistics:                   arithmetic mean
Data level:                   2
Period code:                  52w
Resolution code:              3d
Sample duration:              1d
Orig. time res.:              3d
Station code:                 US2905R
Platform code:                US2905S
Station name:                 Great Basin National Park-Lehman Caves (NV05)
Station latitude:             39.005
Station longitude:            -114.2158
Station altitude:             2067.0 m
Regime:                       IMG
Component:                    
Unit:                         ug/m3
Matrix:                       
Laboratory code:              US03L
Instrument type:              filterpack
Instrument name:              filterpack_US2905
Method ref:                   US03L_IMPROVE_Davis
Blank correction:             Blank corrected
Volume std. temperature:      ambient
Volume std. pressure:         ambient
starttime endtime PM10 PM2.5 flag
  0.333333   1.333333   0.752   0.489 0.000
  3.333333   4.333333   0.976   0.401 0.000
  6.333333   7.333333   1.161   0.702 0.000
  9.333333  10.333333   2.060   0.617 0.000
 12.333333  13.333333   1.595   0.977 0.000
 15.333333  16.333333   1.569   0.786 0.000
 18.333333  19.333333   0.772   0.485 0.000
 21.333333  22.333333   1.093   0.310 0.000
 24.333333  25.333333   1.409   1.012 0.000
 27.333333  28.333333   0.479   0.153 0.000
 30.333333  31.333333   0.470   0.574 0.000
 33.333333  34.333333   0.555   0.610 0.000
 36.333333  37.333333   1.195   0.665 0.000
 39.333333  40.333333   1.334   1.007 0.000
 42.333333  43.333333   0.917   0.579 0.000
 45.333333  46.333333   1.497   0.628 0.000
 48.333333  49.333333   1.072   0.515 0.000
 51.333333  52.333333   1.211   0.576 0.000
 54.333333  55.333333   0.690   0.290 0.000
 57.333333  58.333333   1.249   0.540 0.000
 60.333333  61.333333   1.900   1.090 0.000
 63.333333  64.333333   5.089   2.339 0.000
 66.333333  67.333333   9.824   2.921 0.000
 69.333333  70.333333   2.287   1.270 0.000
 72.333333  73.333333 999.999 999.999 0.999
 75.333333  76.333333   9.050   2.699 0.000
 78.333333  79.333333   4.659   1.828 0.000
 81.333333  82.333333   2.230   1.215 0.000
 84.333333  85.333333   5.935   2.854 0.000
 87.333333  88.333333   4.490   2.064 0.000
 90.333333  91.333333 999.999 999.999 0.999
 93.333333  94.333333   7.872   2.437 0.000
 96.333333  97.333333  14.749   8.031 0.000
 99.333333 100.333333   3.708   1.303 0.000
102.333333 103.333333  16.619   4.456 0.000
105.333333 106.333333 999.999 999.999 0.999
108.333333 109.333333   3.587   1.853 0.000
111.333333 112.333333  11.329   4.768 0.000
114.333333 115.333333 999.999 999.999 0.999
117.333333 118.333333 999.999 999.999 0.999
120.333333 121.333333 999.999 999.999 0.999
123.333333 124.333333 999.999 999.999 0.999
126.333333 127.333333   2.780   1.706 0.000
129.333333 130.333333   6.351   3.207 0.000
132.333333 133.333333   4.556   2.671 0.000
135.333333 136.333333  27.715  11.468 0.000
138.333333 139.333333 999.999 999.999 0.999
141.333333 142.333333  18.125   5.527 0.000
144.333333 145.333333  10.966   4.654 0.000
147.333333 148.333333   2.886   1.241 0.000
150.333333 151.333333   4.291   2.522 0.000
153.333333 154.333333  19.638   5.942 0.000
156.333333 157.333333   6.076   2.279 0.000
159.333333 160.333333   8.623   3.285 0.000
162.333333 163.333333  13.238   5.013 0.000
165.333333 166.333333   5.857   2.476 0.000
168.333333 169.333333   9.527   3.963 0.000
171.333333 172.333333   7.969   2.575 0.000
174.333333 175.333333  10.220   3.087 0.000
177.333333 178.333333   7.623   3.017 0.000
180.333333 181.333333  13.566   6.344 0.000
183.333333 184.333333  11.332   5.414 0.000
186.333333 187.333333  14.021   8.592 0.000
189.333333 190.333333   9.328   5.625 0.000
192.333333 193.333333   7.791   4.867 0.000
195.333333 196.333333   5.825   3.009 0.000
198.333333 199.333333  12.912   8.330 0.000
201.333333 202.333333  11.853   7.933 0.000
204.333333 205.333333   8.390   4.755 0.000
207.333333 208.333333   5.304   3.312 0.000
210.333333 211.333333   7.984   3.485 0.000
213.333333 214.333333  10.008   4.181 0.000
216.333333 217.333333   5.100   3.270 0.000
219.333333 220.333333 999.999 999.999 0.999
222.333333 223.333333 999.999 999.999 0.999
225.333333 226.333333   5.277   2.382 0.000
228.333333 229.333333   6.671   3.378 0.000
231.333333 232.333333   5.605   3.044 0.000
234.333333 235.333333   6.108   3.813 0.000
237.333333 238.333333   3.176   1.914 0.000
240.333333 241.333333   6.368   4.225 0.000
243.333333 244.333333   4.361   2.914 0.000
246.333333 247.333333   3.546   1.880 0.000
249.333333 250.333333   3.230   2.008 0.000
252.333333 253.333333   4.019   2.114 0.000
255.333333 256.333333   2.494   1.187 0.000
258.333333 259.333333   5.911   3.050 0.000
261.333333 262.333333   3.851   1.685 0.000
264.333333 265.333333  10.566   3.342 0.000
267.333333 268.333333   6.885   2.009 0.000
270.333333 271.333333   1.398   0.869 0.000
273.333333 274.333333   4.478   1.779 0.000
276.333333 277.333333   1.547   0.686 0.000
279.333333 280.333333   2.613   1.631 0.000
282.333333 283.333333 999.999 999.999 0.999
285.333333 286.333333 999.999 999.999 0.999
288.333333 289.333333 999.999 999.999 0.999
291.333333 292.333333 999.999 999.999 0.999
294.333333 295.333333 999.999 999.999 0.456
297.333333 298.333333   4.894   2.401 0.000
300.333333 301.333333   8.897   2.345 0.000
303.333333 304.333333   2.800   2.097 0.000
306.333333 307.333333   3.514   1.571 0.000
309.333333 310.333333   1.249   0.565 0.000
312.333333 313.333333   2.523   1.386 0.000
315.333333 316.333333   2.494   0.663 0.000
318.333333 319.333333   3.619   1.570 0.000
321.333333 322.333333   3.100   1.052 0.000
324.333333 325.333333   1.052   0.814 0.000
327.333333 328.333333   1.508   0.900 0.000
330.333333 331.333333   0.627   0.599 0.000
333.333333 334.333333   1.002   0.839 0.000
336.333333 337.333333   1.373   0.398 0.000
339.333333 340.333333   1.508   1.175 0.000
342.333333 343.333333   2.122   1.162 0.000
345.333333 346.333333   0.552   0.418 0.000
348.333333 349.333333   0.802   0.779 0.000
351.333333 352.333333 999.999 999.999 0.999
354.333333 355.333333 999.999 999.999 0.999
357.333333 358.333333 999.999 999.999 0.999
360.333333 361.333333   0.975   0.273 0.000
363.333333 364.333333   1.548   0.655 0.000
