scripts/IMPROVE-2019_partial/data/US2905R.20050101080000.20191216000000.filterpack..pm25.52w.1w.US03L_filterpack_US2905.US03L_IMPROVE_Davis.lev2.nas
66 1001
MISSING INFORMATION
US03L, IMPROVE, , , , , , , 
MISSING INFORMATION
IMPROVE sel_HTAP
1 1
2005 01 01 2019 12 16
3.000000
days from file reference point
27
1 1 1 1 1 1 1 1 1 1 1 1 1 1 1 1 1 1 1 1 1 1 1 1 1 1 1
999.999999 9999.99 9.999 99.99 9.999 9.999 9.999 9.99 9.999 9.999 9.999 99.999 9.999 999.999 9.999 99.99 9.999 999.999 9.999 999.999 9.999 999.999 9.999 9.999 9.999 9.999 9.999
end_time of measurement, days from the file reference point
iron, ng/m3, Revision date=20181210133000
numflag iron, no unit, Revision date=20181210133000
lead, ng/m3, Revision date=20181210133000
numflag lead, no unit, Revision date=20181210133000
magnesium, ug/m3, Revision date=20181210133000
numflag magnesium, no unit, Revision date=20181210133000
nickel, ng/m3, Revision date=20181210133000
numflag nickel, no unit, Revision date=20181210133000
nitrate, ug N/m3, Revision date=20181210133000
numflag nitrate, no unit, Revision date=20181210133000
organic_carbon, ug C/m3, Revision date=20181210133000
numflag organic_carbon, no unit, Revision date=20181210133000
organic_mass, ug/m3, Revision date=20181210133000
numflag organic_mass, no unit, Revision date=20181210133000
phosphorus, ng/m3, Revision date=20181210133000
numflag phosphorus, no unit, Revision date=20181210133000
pm10_mass, ug/m3, Version=2, Version description=Data extracted from http://views.cira.colostate.edu/fed/DataWizard 2019-12-16, Sample duration=1d, Orig. time res.=3d, Matrix=pm10, Blank correction=Blank corrected, Volume std. temperature=ambient, Volume std. pressure=ambient
numflag pm10_mass, no unit, Version=2, Version description=Data extracted from http://views.cira.colostate.edu/fed/DataWizard 2019-12-16, Sample duration=1d, Orig. time res.=3d, Matrix=pm10, Blank correction=Blank corrected, Volume std. temperature=ambient, Volume std. pressure=ambient
pm10_pm25_mass, ug/m3, Revision date=20181210133000, Matrix=pm10_pm25
numflag pm10_pm25_mass, no unit, Revision date=20181210133000, Matrix=pm10_pm25
pm25_mass, ug/m3, Version=2, Version description=Data extracted from http://views.cira.colostate.edu/fed/DataWizard 2019-12-16, Sample duration=1d, Orig. time res.=3d, Blank correction=Blank corrected, Volume std. temperature=ambient, Volume std. pressure=ambient
numflag pm25_mass, no unit, Version=2, Version description=Data extracted from http://views.cira.colostate.edu/fed/DataWizard 2019-12-16, Sample duration=1d, Orig. time res.=3d, Blank correction=Blank corrected, Volume std. temperature=ambient, Volume std. pressure=ambient
potassium, ug/m3, Revision date=20181210133000
numflag potassium, no unit, Revision date=20181210133000
sulphate_total, ug S/m3, Revision date=20181210133000
numflag sulphate_total, no unit, Revision date=20181210133000
0
25
Data definition:              EBAS_1.1
Set type code:                TU
Timezone:                     UTC
File name:                    US2905R.20050101080000.20191216000000.filterpack..pm25.52w.1w.US03L_filterpack_US2905.US03L_IMPROVE_Davis.lev2.nas
File creation:                20191218120405
Startdate:                    20050101080000
Revision date:                20191216000000
Statistics:                   arithmetic mean
Data level:                   2
Period code:                  52w
Resolution code:              1w
Station code:                 US2905R
Platform code:                US2905S
Station name:                 Great Basin National Park-Lehman Caves (NV05)
Station latitude:             39.005
Station longitude:            -114.2158
Station altitude:             2067.0 m
Regime:                       IMG
Component:                    
Matrix:                       pm25
Laboratory code:              US03L
Instrument type:              filterpack
Instrument name:              filterpack_US2905
Method ref:                   US03L_IMPROVE_Davis
starttime endtime Fe flag_Fe Pb flag_Pb Mg++ flag_Mg++ Ni flag_Ni NO3- flag_NO3- OC flag_OC OM flag_OM P flag_P PM10 flag_PM10 PM10-PM2.5 flag_PM10-PM2.5 PM2.5 flag_PM2.5 K+ flag_K+ SO4-- flag_SO4--
[from data line 86]
258.333333 259.333333   40.16 0.000  0.80 0.000 0.010 0.000 0.12 0.000 0.108 0.000  0.652 0.000   1.174 0.000 99.99 0.259   9.965 0.000   5.989 0.000   3.976 0.000 0.034 0.000 0.360 0.000
261.333333 262.333333   31.70 0.000  0.78 0.000 9.999 0.259 9.99 0.259 0.023 0.000  0.449 0.000   0.808 0.000 99.99 0.259   6.344 0.000   3.628 0.000   2.715 0.000 0.027 0.000 0.222 0.000
264.333333 265.333333   23.18 0.000  0.54 0.000 0.009 0.000 9.99 0.259 0.011 0.000  0.711 0.000   1.281 0.000 99.99 0.259   4.370 0.000   1.869 0.000   2.500 0.000 0.018 0.000 0.157 0.000
267.333333 268.333333   41.73 0.000  0.48 0.000 9.999 0.259 9.99 0.259 0.032 0.000  0.679 0.000   1.222 0.000 99.99 0.259   6.819 0.000   4.186 0.000   2.633 0.000 0.029 0.000 0.142 0.000
270.333333 271.333333   19.88 0.000  0.76 0.000 9.999 0.259 9.99 0.259 0.012 0.000  0.539 0.000   0.970 0.000 99.99 0.259   3.760 0.000   1.817 0.000   1.944 0.000 0.019 0.000 0.118 0.000
273.333333 274.333333   20.92 0.000  0.46 0.000 9.999 0.259 9.99 0.259 0.043 0.000  0.829 0.000   1.491 0.000 99.99 0.259   5.061 0.000   2.373 0.000   2.687 0.000 0.053 0.000 0.154 0.000
276.333333 277.333333    4.37 0.000  0.36 0.000 9.999 0.259 9.99 0.259 0.009 0.000  0.856 0.000   1.540 0.000 99.99 0.259   2.302 0.000   0.793 0.000   1.512 0.000 0.005 0.000 0.076 0.000
279.333333 280.333333   15.44 0.000  0.25 0.000 9.999 0.259 9.99 0.259 0.004 0.000  0.286 0.000   0.515 0.000 99.99 0.259   3.109 0.000   1.749 0.000   1.360 0.000 0.011 0.000 0.076 0.000
282.333333 283.333333    4.22 0.000  0.34 0.000 9.999 0.259 9.99 0.259 0.023 0.000  0.621 0.000   1.117 0.000 99.99 0.259   2.222 0.000   0.802 0.000   1.419 0.000 0.008 0.000 0.105 0.000
285.333333 286.333333   14.30 0.000  0.41 0.000 9.999 0.259 9.99 0.259 0.004 0.559  0.300 0.000   0.539 0.000 99.99 0.259   2.465 0.000   1.239 0.000   1.226 0.000 0.011 0.000 0.107 0.559
288.333333 289.333333   27.60 0.000  0.37 0.000 0.011 0.000 0.14 0.000 0.016 0.000  0.605 0.000   1.089 0.000 99.99 0.259   6.411 0.000   3.845 0.000   2.566 0.000 0.024 0.000 0.218 0.000
291.333333 292.333333    4.67 0.000  0.16 0.000 9.999 0.259 9.99 0.259 0.004 0.000  0.807 0.000   1.452 0.000 99.99 0.259   2.376 0.000   0.594 0.000   1.781 0.000 0.006 0.000 0.084 0.000
294.333333 295.333333   17.45 0.000  0.17 0.000 9.999 0.259 9.99 0.259 0.017 0.000  0.719 0.000   1.295 0.000 99.99 0.259   4.716 0.000   2.075 0.000   2.641 0.000 0.019 0.000 0.141 0.000
297.333333 298.333333   12.89 0.000  0.55 0.000 9.999 0.259 9.99 0.259 0.009 0.000  0.449 0.000   0.808 0.000 99.99 0.259   3.489 0.000   1.143 0.000   2.354 0.000 0.010 0.000 0.211 0.000
300.333333 301.333333    4.62 0.000  0.24 0.000 0.014 0.000 9.99 0.259 0.007 0.000  1.121 0.000   2.019 0.000 99.99 0.259   1.929 0.000   0.323 0.000   1.605 0.000 0.006 0.000 0.067 0.000
303.333333 304.333333   37.98 0.000  1.45 0.000 0.014 0.000 9.99 0.259 0.017 0.000  0.607 0.000   1.093 0.000 99.99 0.259   4.586 0.000   1.363 0.000   3.223 0.000 0.032 0.000 0.366 0.000
306.333333 307.333333  165.54 0.000  1.02 0.000 0.106 0.000 0.15 0.000 0.082 0.000  0.590 0.000   1.062 0.000 99.99 0.259  16.518 0.000  10.396 0.000   6.122 0.000 0.119 0.000 0.310 0.000
309.333333 310.333333   13.56 0.000  0.29 0.000 9.999 0.259 9.99 0.259 0.007 0.000  0.302 0.000   0.544 0.000 99.99 0.259   1.674 0.000   0.792 0.000   0.882 0.000 0.013 0.000 0.055 0.000
312.333333 313.333333   15.86 0.000  0.36 0.000 9.999 0.259 9.99 0.259 0.018 0.000  0.451 0.000   0.812 0.000 99.99 0.259   3.843 0.000   2.119 0.000   1.724 0.000 0.014 0.000 0.178 0.000
315.333333 316.333333    7.04 0.000  0.33 0.000 9.999 0.259 9.99 0.259 0.011 0.000  0.490 0.000   0.882 0.000 99.99 0.259   2.240 0.000   0.752 0.000   1.488 0.000 0.011 0.000 0.102 0.000
318.333333 319.333333    5.81 0.000  0.35 0.000 9.999 0.259 9.99 0.259 0.012 0.000  0.406 0.000   0.731 0.000 99.99 0.259   2.329 0.000   1.481 0.000   0.872 0.000 0.007 0.000 0.064 0.000
321.333333 322.333333    5.64 0.000  0.62 0.000 9.999 0.259 9.99 0.259 0.004 0.000  0.155 0.559   0.279 0.559 99.99 0.259   1.445 0.000   0.544 0.000   0.900 0.000 0.009 0.000 0.087 0.000
324.333333 325.333333    5.40 0.000  0.14 0.000 9.999 0.259 9.99 0.259 0.005 0.000  0.182 0.000   0.327 0.000 99.99 0.259   1.445 0.000   0.725 0.000   0.721 0.000 0.006 0.000 0.063 0.000
327.333333 328.333333    5.88 0.000  0.35 0.000 9.999 0.259 9.99 0.259 0.002 0.000  0.184 0.000   0.331 0.000 99.99 0.259   1.322 0.000   0.536 0.000   0.786 0.000 0.006 0.000 0.086 0.000
330.333333 331.333333    1.62 0.000  0.25 0.000 9.999 0.259 9.99 0.259 0.003 0.000  0.110 0.000   0.199 0.000 99.99 0.259   0.875 0.000   0.509 0.000   0.366 0.000 0.004 0.000 0.036 0.000
333.333333 334.333333    2.73 0.000  0.18 0.000 9.999 0.259 9.99 0.259 0.014 0.000  0.527 0.000   0.948 0.000 99.99 0.259   1.526 0.000   0.619 0.000   0.908 0.000 0.006 0.000 0.036 0.000
336.333333 337.333333   13.16 0.000  0.24 0.000 9.999 0.259 9.99 0.259 0.009 0.000  0.117 0.000   0.210 0.000 99.99 0.259   1.950 0.000   1.190 0.000   0.760 0.000 0.011 0.000 0.051 0.000
339.333333 340.333333    5.47 0.000  0.28 0.000 9.999 0.259 9.99 0.259 0.003 0.000  0.407 0.000   0.733 0.000 99.99 0.259   2.198 0.000   1.395 0.000   0.812 0.000 0.006 0.000 0.047 0.000
342.333333 343.333333    3.45 0.000  0.23 0.000 9.999 0.259 9.99 0.259 0.023 0.000  0.625 0.000   1.124 0.000 99.99 0.259   1.655 0.000   0.906 0.000   0.749 0.000 0.006 0.000 0.049 0.000
345.333333 346.333333    7.58 0.000  0.87 0.000 9.999 0.259 9.99 0.259 0.041 0.000  0.507 0.000   0.913 0.000  6.83 0.000   2.034 0.000   0.917 0.000   1.117 0.000 0.013 0.000 0.064 0.000
348.333333 349.333333    2.92 0.000  0.14 0.000 9.999 0.259 9.99 0.259 0.004 0.000  0.391 0.000   0.705 0.000 99.99 0.259   1.416 0.000   0.752 0.000   0.664 0.000 0.006 0.000 0.027 0.000
351.333333 352.333333    8.83 0.000  0.40 0.000 9.999 0.259 0.19 0.000 0.170 0.000  0.648 0.000   1.166 0.000 99.99 0.259   3.105 0.000   0.777 0.000   2.328 0.000 0.015 0.000 0.165 0.000
354.333333 355.333333    3.18 0.000  0.12 0.000 9.999 0.259 9.99 0.259 0.002 0.000  0.181 0.000   0.325 0.000 99.99 0.259   0.532 0.000   0.323 0.000   0.209 0.000 0.003 0.000 0.029 0.000
357.333333 358.333333    2.24 0.000  0.20 0.000 9.999 0.259 9.99 0.259 0.003 0.000  0.300 0.000   0.539 0.000 99.99 0.259 999.999 0.456 999.999 0.999   0.419 0.000 0.003 0.000 0.026 0.000
360.333333 361.333333    5.86 0.000  0.11 0.000 9.999 0.259 9.99 0.259 0.006 0.000  0.221 0.000   0.397 0.000 99.99 0.259 999.999 0.456 999.999 0.999   0.211 0.000 0.003 0.000 0.018 0.000
363.333333 364.333333    1.77 0.000  0.20 0.000 9.999 0.259 9.99 0.259 0.003 0.000  0.252 0.000   0.454 0.000 99.99 0.259 999.999 0.999 999.999 0.999   0.242 0.000 0.003 0.000 0.019 0.000
