scripts/IMPROVE-2019_partial/data/US2905R.20030103080000.20191216000000.filterpack..pm25.1y.1w.US03L_filterpack_US2905.US03L_IMPROVE_Davis.lev2.nas
66 1001
MISSING INFORMATION
US03L, IMPROVE, , , , , , , 
MISSING INFORMATION
IMPROVE sel_HTAP
1 1
2003 01 01 2019 12 16
3.000000
days from file reference point
27
1 1 1 1 1 1 1 1 1 1 1 1 1 1 1 1 1 1 1 1 1 1 1 1 1 1 1
999.999999 9999.99 9.999 9.99 9.999 9.999 9.999999 9.99 9.999999 9.999 9.999 99.999 9.999 99.999 9.999 99.99 9.999999 999.999 9.999 999.999 9.999 99.999 9.999 9.999 9.999 9.999 9.999
end_time of measurement, days from the file reference point
iron, ng/m3, Revision date=20181210133000
numflag iron, no unit, Revision date=20181210133000
lead, ng/m3, Revision date=20181210133000
numflag lead, no unit, Revision date=20181210133000
magnesium, ug/m3, Revision date=20181210133000
numflag magnesium, no unit, Revision date=20181210133000
nickel, ng/m3, Revision date=20181210133000
numflag nickel, no unit, Revision date=20181210133000
nitrate, ug N/m3, Revision date=20181210133000
numflag nitrate, no unit, Revision date=20181210133000
organic_carbon, ug C/m3, Revision date=20181210133000
numflag organic_carbon, no unit, Revision date=20181210133000
organic_mass, ug/m3, Revision date=20181210133000
numflag organic_mass, no unit, Revision date=20181210133000
phosphorus, ng/m3, Revision date=20181210133000
numflag phosphorus, no unit, Revision date=20181210133000
pm10_mass, ug/m3, Version=2, Version description=Data extracted from http://views.cira.colostate.edu/fed/DataWizard 2019-12-16, Sample duration=1d, Orig. time res.=3d, Matrix=pm10, Blank correction=Blank corrected, Volume std. temperature=ambient, Volume std. pressure=ambient
numflag pm10_mass, no unit, Version=2, Version description=Data extracted from http://views.cira.colostate.edu/fed/DataWizard 2019-12-16, Sample duration=1d, Orig. time res.=3d, Matrix=pm10, Blank correction=Blank corrected, Volume std. temperature=ambient, Volume std. pressure=ambient
pm10_pm25_mass, ug/m3, Revision date=20181210133000, Matrix=pm10_pm25
numflag pm10_pm25_mass, no unit, Revision date=20181210133000, Matrix=pm10_pm25
pm25_mass, ug/m3, Version=2, Version description=Data extracted from http://views.cira.colostate.edu/fed/DataWizard 2019-12-16, Sample duration=1d, Orig. time res.=3d, Blank correction=Blank corrected, Volume std. temperature=ambient, Volume std. pressure=ambient
numflag pm25_mass, no unit, Version=2, Version description=Data extracted from http://views.cira.colostate.edu/fed/DataWizard 2019-12-16, Sample duration=1d, Orig. time res.=3d, Blank correction=Blank corrected, Volume std. temperature=ambient, Volume std. pressure=ambient
potassium, ug/m3, Revision date=20181210133000
numflag potassium, no unit, Revision date=20181210133000
sulphate_total, ug S/m3, Revision date=20181210133000
numflag sulphate_total, no unit, Revision date=20181210133000
0
25
Data definition:              EBAS_1.1
Set type code:                TU
Timezone:                     UTC
File name:                    US2905R.20030103080000.20191216000000.filterpack..pm25.1y.1w.US03L_filterpack_US2905.US03L_IMPROVE_Davis.lev2.nas
File creation:                20191218120404
Startdate:                    20030103080000
Revision date:                20191216000000
Statistics:                   arithmetic mean
Data level:                   2
Period code:                  1y
Resolution code:              1w
Station code:                 US2905R
Platform code:                US2905S
Station name:                 Great Basin National Park-Lehman Caves (NV05)
Station latitude:             39.005
Station longitude:            -114.2158
Station altitude:             2067.0 m
Regime:                       IMG
Component:                    
Matrix:                       pm25
Laboratory code:              US03L
Instrument type:              filterpack
Instrument name:              filterpack_US2905
Method ref:                   US03L_IMPROVE_Davis
starttime endtime Fe flag_Fe Pb flag_Pb Mg++ flag_Mg++ Ni flag_Ni NO3- flag_NO3- OC flag_OC OM flag_OM P flag_P PM10 flag_PM10 PM10-PM2.5 flag_PM10-PM2.5 PM2.5 flag_PM2.5 K+ flag_K+ SO4-- flag_SO4--
[from data line 83]
251.333333 252.333333   20.21 0.000 0.27 0.000 9.999 0.259000 9.99 0.259000 0.012 0.000  0.685 0.000  0.958 0.000 99.99 0.259000   4.917 0.000   2.598 0.000  2.319 0.000 0.017 0.000 0.095 0.000
254.333333 255.333333   26.81 0.000 0.09 0.000 9.999 0.259000 9.99 0.259000 0.007 0.000  0.322 0.000  0.451 0.000 99.99 0.259000   7.191 0.000   5.131 0.000  2.060 0.000 0.021 0.000 0.080 0.000
257.333333 258.333333   33.42 0.000 0.39 0.000 9.999 0.259000 0.04 0.000000 0.038 0.000  0.848 0.000  1.187 0.000 99.99 0.259000   8.026 0.000   4.644 0.000  3.382 0.000 0.032 0.000 0.213 0.000
260.333333 261.333333    8.25 0.000 0.14 0.000 9.999 0.259000 9.99 0.259000 0.007 0.000  0.240 0.000  0.337 0.000 99.99 0.259000   2.869 0.000   1.921 0.000  0.948 0.000 0.007 0.000 0.036 0.000
263.333333 264.333333   22.11 0.000 0.54 0.000 0.039 0.000000 0.05 0.000000 0.010 0.000  0.279 0.000  0.391 0.000 99.99 0.259000   3.618 0.000   2.004 0.000  1.614 0.000 0.022 0.000 0.110 0.000
266.333333 267.333333   25.74 0.000 0.36 0.000 9.999 0.259000 9.99 0.259000 0.007 0.000  0.445 0.000  0.623 0.000 99.99 0.259000   5.198 0.000   2.952 0.000  2.247 0.000 0.024 0.000 0.083 0.000
269.333333 270.333333   14.51 0.000 0.17 0.000 0.021 0.000000 9.99 0.259000 0.002 0.000  0.255 0.000  0.357 0.000 99.99 0.259000   3.696 0.000   2.466 0.000  1.229 0.000 0.011 0.000 0.027 0.000
272.333333 273.333333   16.51 0.000 0.51 0.000 9.999 0.259000 0.07 0.000000 0.010 0.000  0.387 0.000  0.541 0.000 99.99 0.259000   4.637 0.000   2.235 0.000  2.402 0.000 0.013 0.000 0.194 0.000
275.333333 276.333333    9.44 0.000 0.29 0.000 0.024 0.000000 9.99 0.259000 0.013 0.000  0.411 0.000  0.575 0.000 99.99 0.259000   3.717 0.000   1.751 0.000  1.967 0.000 0.014 0.000 0.110 0.000
278.333333 279.333333    9.05 0.000 0.22 0.000 0.016 0.000000 9.99 0.259000 0.011 0.000  0.407 0.000  0.570 0.000 99.99 0.259000   3.736 0.000   1.611 0.000  2.125 0.000 0.011 0.000 0.149 0.000
281.333333 282.333333   21.42 0.000 0.54 0.000 0.045 0.000000 0.08 0.000000 0.016 0.000  0.536 0.000  0.750 0.000 99.99 0.259000   6.782 0.000   3.928 0.000  2.854 0.000 0.017 0.000 0.174 0.000
284.333333 285.333333   24.68 0.000 0.46 0.000 0.033 0.000000 0.03 0.000000 0.018 0.000  0.299 0.000  0.419 0.000 99.99 0.259000   5.311 0.000   3.254 0.000  2.057 0.000 0.018 0.000 0.082 0.000
287.333333 288.333333   34.67 0.000 0.42 0.000 0.029 0.000000 0.07 0.000000 0.016 0.000  0.332 0.000  0.465 0.000 99.99 0.259000   6.196 0.000   3.901 0.000  2.295 0.000 0.025 0.000 0.114 0.000
290.333333 291.333333   24.36 0.000 0.50 0.000 0.026 0.000000 9.99 0.259000 0.017 0.000  0.982 0.000  1.375 0.000 99.99 0.259000   5.746 0.000   2.575 0.000  3.171 0.000 0.035 0.000 0.133 0.000
293.333333 294.333333   20.31 0.000 0.44 0.000 9.999 0.259000 9.99 0.259000 0.007 0.000  0.248 0.000  0.347 0.000 99.99 0.259000   5.049 0.000   2.836 0.000  2.213 0.000 0.016 0.000 0.141 0.000
296.333333 297.333333   41.54 0.000 0.31 0.000 9.999 0.259000 9.99 0.259000 0.009 0.000  0.470 0.000  0.658 0.000 99.99 0.259000   8.226 0.000   5.478 0.000  2.748 0.000 0.028 0.000 0.086 0.000
299.333333 300.333333    9.23 0.559 0.20 0.559 0.031 0.559000 9.99 0.559259 0.000 0.000  0.224 0.000  0.313 0.000 99.99 0.559259   2.522 0.000   1.781 0.000  0.740 0.559 0.007 0.559 0.020 0.000
302.333333 303.333333   19.96 0.000 0.22 0.000 0.012 0.000000 9.99 0.259000 0.040 0.000  0.205 0.000  0.286 0.000 99.99 0.259000   4.840 0.000   3.348 0.000  1.492 0.000 0.018 0.000 0.051 0.000
305.333333 306.333333    6.04 0.000 0.09 0.000 9.999 0.259000 9.99 0.259000 0.105 0.000  1.000 0.000  1.400 0.000 99.99 0.259000   3.012 0.000   0.175 0.000  2.837 0.000 0.009 0.000 0.122 0.000
308.333333 309.333333    2.90 0.000 0.22 0.000 0.023 0.000000 9.99 0.259000 0.094 0.000  0.956 0.000  1.339 0.000 99.99 0.259000   2.537 0.000   0.456 0.000  2.080 0.000 0.007 0.000 0.074 0.000
311.333333 312.333333    8.73 0.000 0.35 0.000 9.999 0.259000 9.99 0.259000 0.120 0.000  0.599 0.000  0.839 0.000 99.99 0.259000   3.100 0.000   1.212 0.000  1.888 0.000 0.014 0.000 0.119 0.000
314.333333 315.333333    6.06 0.000 0.55 0.000 0.026 0.000000 9.99 0.259000 0.011 0.000  0.654 0.000  0.915 0.000 99.99 0.259000   1.681 0.000   0.333 0.000  1.348 0.000 0.008 0.000 0.090 0.000
317.333333 318.333333    8.62 0.000 0.40 0.000 0.019 0.000000 9.99 0.259000 0.035 0.000  0.946 0.000  1.324 0.000 99.99 0.259000   2.769 0.000   0.661 0.000  2.108 0.000 0.012 0.000 0.093 0.000
320.333333 321.333333    3.07 0.000 0.13 0.000 9.999 0.259000 9.99 0.259000 0.009 0.000  0.607 0.000  0.850 0.000 99.99 0.259000   1.488 0.000   0.613 0.000  0.875 0.000 0.004 0.000 0.023 0.000
323.333333 324.333333    4.22 0.000 0.20 0.000 9.999 0.259000 0.05 0.000000 0.002 0.000  0.173 0.000  0.243 0.000 99.99 0.259000   1.027 0.000   0.518 0.000  0.509 0.000 0.004 0.000 0.027 0.000
326.333333 327.333333    4.74 0.000 0.20 0.000 0.020 0.000000 0.09 0.000000 0.010 0.000  0.356 0.000  0.499 0.000 99.99 0.259000   1.852 0.000   0.843 0.000  1.009 0.000 0.007 0.000 0.051 0.000
329.333333 330.333333    3.50 0.000 0.28 0.000 9.999 0.259000 0.05 0.000000 0.006 0.000  0.235 0.000  0.329 0.000 99.99 0.259000   1.548 0.000   0.969 0.000  0.579 0.000 0.004 0.000 0.048 0.000
332.333333 333.333333    3.33 0.000 0.26 0.000 9.999 0.259000 0.05 0.000000 0.001 0.000  0.240 0.000  0.336 0.000 99.99 0.259000   1.033 0.000   0.567 0.000  0.467 0.000 0.005 0.000 0.036 0.000
335.333333 336.333333   12.43 0.000 0.46 0.000 0.049 0.000000 9.99 0.259000 0.027 0.000  0.451 0.000  0.631 0.000 99.99 0.259000   2.017 0.000   1.140 0.000  0.877 0.000 0.014 0.000 0.055 0.000
338.333333 339.333333    8.68 0.559 0.35 0.559 0.024 0.559000 0.04 0.559000 0.019 0.000  0.730 0.000  1.021 0.000 99.99 0.559259   1.984 0.000   1.012 0.000  0.972 0.559 0.009 0.559 0.040 0.000
341.333333 342.333333    1.04 0.559 0.15 0.559 0.030 0.559000 0.05 0.559000 0.007 0.000  0.386 0.000  0.540 0.000 99.99 0.559259   0.586 0.000   0.219 0.000  0.367 0.559 0.005 0.559 0.019 0.000
344.333333 345.333333    5.99 0.000 0.24 0.000 9.999 0.259000 0.10 0.000000 0.061 0.000  0.647 0.000  0.906 0.000 99.99 0.259000   2.217 0.000   1.099 0.000  1.118 0.000 0.007 0.000 0.040 0.000
347.333333 348.333333    5.09 0.000 0.44 0.000 9.999 0.259000 9.99 0.259000 0.030 0.000  0.185 0.000  0.258 0.000 99.99 0.259000   2.245 0.000   1.606 0.000  0.639 0.000 0.007 0.000 0.060 0.000
350.333333 351.333333    2.58 0.559 0.13 0.559 9.999 0.559259 0.05 0.559000 0.002 0.000  0.268 0.000  0.376 0.000 99.99 0.559259   0.915 0.000   0.546 0.000  0.368 0.559 0.004 0.559 0.016 0.000
353.333333 354.333333    8.58 0.000 0.29 0.000 9.999 0.259000 0.06 0.000000 0.008 0.000  0.455 0.000  0.637 0.000 99.99 0.259000   1.520 0.000   1.005 0.000  0.515 0.000 0.008 0.000 0.025 0.000
356.333333 357.333333   13.77 0.000 0.14 0.000 9.999 0.259000 0.06 0.000000 0.008 0.000  0.830 0.000  1.162 0.000 99.99 0.259000   2.047 0.000   0.744 0.000  1.303 0.000 0.013 0.000 0.035 0.000
359.333333 360.333333    1.31 0.000 0.10 0.000 0.037 0.000000 0.07 0.000000 0.003 0.000  0.102 0.000  0.142 0.000 99.99 0.259000   0.582 0.000   0.552 0.000  0.030 0.000 0.005 0.000 0.016 0.000
362.333333 363.333333   10.10 0.000 0.18 0.000 9.999 0.259000 0.06 0.000000 0.015 0.000  0.384 0.000  0.538 0.000  2.60 0.000000   2.087 0.000   1.394 0.000  0.693 0.000 0.008 0.000 0.050 0.000
