scripts/IMPROVE-2019_partial/data/US2905R.20020102080000.20191216000000.filterpack..pm25.52w.1w.US03L_filterpack_US2905.US03L_IMPROVE_Davis.lev2.nas
66 1001
MISSING INFORMATION
US03L, IMPROVE, , , , , , , 
MISSING INFORMATION
IMPROVE sel_HTAP
1 1
2002 01 01 2019 12 16
3.000000
days from file reference point
27
1 1 1 1 1 1 1 1 1 1 1 1 1 1 1 1 1 1 1 1 1 1 1 1 1 1 1
999.999999 9999.99 9.999 99.99 9.999999 9.999 9.999999 9.99 9.999999 9.999 9.999999 99.999 9.999 99.999 9.999 9999.99 9.999999 9999.999 9.999 999.999 9.999 999.999 9.999 9.999 9.999 9.999 9.999999
end_time of measurement, days from the file reference point
iron, ng/m3, Revision date=20181210133000
numflag iron, no unit, Revision date=20181210133000
lead, ng/m3, Revision date=20181210133000
numflag lead, no unit, Revision date=20181210133000
magnesium, ug/m3, Revision date=20181210133000
numflag magnesium, no unit, Revision date=20181210133000
nickel, ng/m3, Revision date=20181210133000
numflag nickel, no unit, Revision date=20181210133000
nitrate, ug N/m3, Revision date=20181210133000
numflag nitrate, no unit, Revision date=20181210133000
organic_carbon, ug C/m3, Revision date=20181210133000
numflag organic_carbon, no unit, Revision date=20181210133000
organic_mass, ug/m3, Revision date=20181210133000
numflag organic_mass, no unit, Revision date=20181210133000
phosphorus, ng/m3, Revision date=20181210133000
numflag phosphorus, no unit, Revision date=20181210133000
pm10_mass, ug/m3, Version=2, Version description=Data extracted from http://views.cira.colostate.edu/fed/DataWizard 2019-12-16, Sample duration=1d, Orig. time res.=3d, Matrix=pm10, Blank correction=Blank corrected, Volume std. temperature=ambient, Volume std. pressure=ambient
numflag pm10_mass, no unit, Version=2, Version description=Data extracted from http://views.cira.colostate.edu/fed/DataWizard 2019-12-16, Sample duration=1d, Orig. time res.=3d, Matrix=pm10, Blank correction=Blank corrected, Volume std. temperature=ambient, Volume std. pressure=ambient
pm10_pm25_mass, ug/m3, Revision date=20181210133000, Matrix=pm10_pm25
numflag pm10_pm25_mass, no unit, Revision date=20181210133000, Matrix=pm10_pm25
pm25_mass, ug/m3, Version=2, Version description=Data extracted from http://views.cira.colostate.edu/fed/DataWizard 2019-12-16, Sample duration=1d, Orig. time res.=3d, Blank correction=Blank corrected, Volume std. temperature=ambient, Volume std. pressure=ambient
numflag pm25_mass, no unit, Version=2, Version description=Data extracted from http://views.cira.colostate.edu/fed/DataWizard 2019-12-16, Sample duration=1d, Orig. time res.=3d, Blank correction=Blank corrected, Volume std. temperature=ambient, Volume std. pressure=ambient
potassium, ug/m3, Revision date=20181210133000
numflag potassium, no unit, Revision date=20181210133000
sulphate_total, ug S/m3, Revision date=20181210133000
numflag sulphate_total, no unit, Revision date=20181210133000
0
25
Data definition:              EBAS_1.1
Set type code:                TU
Timezone:                     UTC
File name:                    US2905R.20020102080000.20191216000000.filterpack..pm25.52w.1w.US03L_filterpack_US2905.US03L_IMPROVE_Davis.lev2.nas
File creation:                20191218120404
Startdate:                    20020102080000
Revision date:                20191216000000
Statistics:                   arithmetic mean
Data level:                   2
Period code:                  52w
Resolution code:              1w
Station code:                 US2905R
Platform code:                US2905S
Station name:                 Great Basin National Park-Lehman Caves (NV05)
Station latitude:             39.005
Station longitude:            -114.2158
Station altitude:             2067.0 m
Regime:                       IMG
Component:                    
Matrix:                       pm25
Laboratory code:              US03L
Instrument type:              filterpack
Instrument name:              filterpack_US2905
Method ref:                   US03L_IMPROVE_Davis
starttime endtime Fe flag_Fe Pb flag_Pb Mg++ flag_Mg++ Ni flag_Ni NO3- flag_NO3- OC flag_OC OM flag_OM P flag_P PM10 flag_PM10 PM10-PM2.5 flag_PM10-PM2.5 PM2.5 flag_PM2.5 K+ flag_K+ SO4-- flag_SO4--
[from data line 77]
232.333333 233.333333   68.36 0.559  0.72 0.559000 9.999 0.559259 9.99 0.559259 0.081 0.000000  3.207 0.000  4.489 0.000 9999.99 0.559259   13.601 0.000   4.930 0.000   8.672 0.559 0.076 0.559 0.150 0.000000
235.333333 236.333333   34.23 0.559  0.56 0.559000 9.999 0.559259 0.13 0.559000 0.039 0.559000  1.623 0.000  2.272 0.000 9999.99 0.559259   10.478 0.000   5.279 0.000   5.200 0.559 0.047 0.559 0.164 0.559000
238.333333 239.333333 9999.99 0.699 99.99 0.699000 9.999 0.699000 9.99 0.699000 0.029 0.394000 99.999 0.999 99.999 0.999 9999.99 0.699000   15.873 0.000 999.999 0.999 999.999 0.699 9.999 0.699 0.165 0.394000
241.333333 242.333333   64.50 0.000  0.43 0.000000 0.022 0.000000 0.70 0.000000 0.073 0.000000  0.931 0.000  1.304 0.000 9999.99 0.259000   10.703 0.000   6.310 0.000   4.393 0.000 0.057 0.000 0.243 0.000000
244.333333 245.333333   48.68 0.000  0.71 0.000000 9.999 0.259000 0.84 0.000000 0.034 0.559000  1.164 0.000  1.629 0.000 9999.99 0.259000    9.150 0.000   5.097 0.000   4.053 0.000 0.044 0.000 0.207 0.559000
247.333333 248.333333   48.27 0.699  0.74 0.699000 9.999 0.699259 0.83 0.699000 0.050 0.000000  2.001 0.000  2.802 0.000 9999.99 0.699259   10.866 0.000   3.884 0.000   6.982 0.699 0.068 0.699 0.459 0.000000
250.333333 251.333333   12.73 0.000  0.31 0.000000 9.999 0.259000 0.26 0.000000 0.064 0.000000  0.950 0.000  1.329 0.000 9999.99 0.259000    3.307 0.000   0.798 0.000   2.509 0.000 0.015 0.000 0.199 0.000000
253.333333 254.333333   37.62 0.000  0.94 0.000000 9.999 0.259000 0.19 0.000000 0.026 0.000000  0.917 0.000  1.284 0.000 9999.99 0.259000    5.178 0.000   1.659 0.000   3.518 0.000 0.017 0.000 0.299 0.000000
256.333333 257.333333   18.80 0.559  0.62 0.559000 9.999 0.559259 9.99 0.559259 0.010 0.559000  0.722 0.000  1.010 0.000 9999.99 0.559259    3.803 0.000   1.476 0.000   2.326 0.559 0.020 0.559 0.133 0.559000
259.333333 260.333333   31.78 0.000  0.61 0.000000 9.999 0.259000 9.99 0.259000 0.024 0.000000  0.786 0.000  1.100 0.000 9999.99 0.259000    6.316 0.000   3.280 0.000   3.035 0.000 0.036 0.000 0.197 0.000000
262.333333 263.333333    8.70 0.000  0.24 0.000000 9.999 0.259000 9.99 0.259000 0.007 0.000000  0.288 0.000  0.403 0.000    4.24 0.000000    2.206 0.000   1.310 0.000   0.896 0.000 0.009 0.000 0.053 0.000000
265.333333 266.333333   37.51 0.000  0.52 0.000000 0.019 0.000000 9.99 0.259000 0.008 0.000000  0.591 0.000  0.827 0.000    8.42 0.000000    4.044 0.000   1.958 0.000   2.086 0.000 0.021 0.000 0.105 0.000000
268.333333 269.333333   53.49 0.559  0.70 0.559000 0.035 0.559000 9.99 0.559259 0.020 0.000000  1.233 0.000  1.726 0.000 9999.99 0.559259    8.218 0.000   4.143 0.000   4.075 0.559 0.048 0.559 0.127 0.000000
271.333333 272.333333   38.10 0.000  0.45 0.000000 9.999 0.259000 9.99 0.259000 0.021 0.000000  0.287 0.000  0.402 0.000 9999.99 0.259000    5.506 0.000   3.265 0.000   2.241 0.000 0.028 0.000 0.202 0.000000
274.333333 275.333333    7.55 0.000  0.11 0.000000 9.999 0.259000 9.99 0.259000 0.030 0.000000  0.652 0.000  0.912 0.000 9999.99 0.259000    2.092 0.000   0.622 0.000   1.470 0.000 0.009 0.000 0.082 0.000000
277.333333 278.333333    8.15 0.000  0.52 0.000000 9.999 0.259000 9.99 0.259000 0.010 0.000000  0.567 0.000  0.794 0.000 9999.99 0.259000    2.397 0.000   0.700 0.000   1.698 0.000 0.012 0.000 0.105 0.000000
280.333333 281.333333    6.18 0.000  0.28 0.000000 0.011 0.000000 9.99 0.259000 0.004 0.559000  0.229 0.000  0.320 0.000 9999.99 0.259000    1.744 0.000   0.742 0.000   1.002 0.000 0.007 0.000 0.042 0.559000
283.333333 284.333333   83.49 0.000  0.80 0.000000 9.999 0.259000 9.99 0.259000 0.083 0.559000  1.224 0.000  1.714 0.000 9999.99 0.259000   14.464 0.000   9.248 0.000   5.216 0.000 0.059 0.000 0.184 0.559000
286.333333 287.333333   15.50 0.000  0.38 0.000000 9.999 0.259000 9.99 0.259000 0.007 0.559000  0.225 0.000  0.316 0.000 9999.99 0.259000    2.646 0.000   1.623 0.000   1.022 0.000 0.015 0.000 0.055 0.559000
289.333333 290.333333   27.44 0.000  0.58 0.000000 0.025 0.000000 9.99 0.259000 0.017 0.000000  0.321 0.000  0.450 0.000 9999.99 0.259000    3.720 0.000   2.177 0.000   1.543 0.000 0.023 0.000 0.064 0.000000
292.333333 293.333333   27.81 0.000  0.55 0.000000 9.999 0.259000 9.99 0.259000 0.009 0.559000  0.333 0.000  0.467 0.000 9999.99 0.259000    3.369 0.000   1.950 0.000   1.420 0.000 0.022 0.000 0.072 0.559000
295.333333 296.333333   31.63 0.000  1.00 0.000000 9.999 0.259000 0.09 0.000000 0.041 0.559000  0.849 0.000  1.189 0.000 9999.99 0.259000    6.324 0.000   2.852 0.000   3.472 0.000 0.030 0.000 0.275 0.559000
298.333333 299.333333   20.91 0.559  1.59 0.559000 0.020 0.559000 0.18 0.559000 0.089 0.000000  0.819 0.000  1.147 0.000 9999.99 0.559259    3.974 0.000   0.153 0.000   3.821 0.559 0.028 0.559 0.450 0.000000
301.333333 302.333333   21.91 0.000  0.36 0.000000 9.999 0.259000 0.08 0.000000 0.016 0.000000  0.280 0.000  0.391 0.000 9999.99 0.259000    0.882 0.000 999.999 0.259   1.164 0.000 0.018 0.000 0.065 0.000000
304.333333 305.333333   12.42 0.559  0.45 0.559000 9.999 0.559259 9.99 0.559259 0.131 0.000000  1.040 0.000  1.456 0.000 9999.99 0.559259    5.345 0.000   1.873 0.000   3.472 0.559 0.022 0.559 0.262 0.000000
307.333333 308.333333    9.97 0.000  0.30 0.000000 9.999 0.259000 0.08 0.000000 0.021 0.000000  0.395 0.000  0.553 0.000 9999.99 0.259000    2.370 0.000   1.000 0.000   1.370 0.000 0.012 0.000 0.113 0.000000
310.333333 311.333333   20.50 0.000  0.44 0.000000 9.999 0.259000 9.99 0.259000 0.050 0.000000  0.485 0.000  0.679 0.000 9999.99 0.259000    4.630 0.000   3.124 0.000   1.506 0.000 0.016 0.000 0.083 0.000000
313.333333 314.333333    0.80 0.000 99.99 0.259000 9.999 0.259000 9.99 0.259000 0.010 0.000000  0.171 0.000  0.240 0.000 9999.99 0.259000    0.790 0.000   0.323 0.000   0.467 0.000 0.002 0.000 0.038 0.000000
316.333333 317.333333    4.29 0.000  0.22 0.000000 0.009 0.000000 9.99 0.259000 0.009 0.000000  0.553 0.000  0.774 0.000 9999.99 0.259000    1.726 0.000   0.368 0.000   1.358 0.000 0.009 0.000 0.037 0.000000
319.333333 320.333333   32.12 0.000  0.53 0.000000 9.999 0.259000 9.99 0.259000 0.006 0.000000  0.173 0.000  0.242 0.000 9999.99 0.259000    2.219 0.000   0.587 0.000   1.632 0.000 0.013 0.000 0.148 0.000000
322.333333 323.333333    7.48 0.000  0.35 0.000000 9.999 0.259000 9.99 0.259000 0.005 0.559000  0.321 0.000  0.449 0.000 9999.99 0.259000    2.383 0.000   1.170 0.000   1.213 0.000 0.008 0.000 0.065 0.559000
325.333333 326.333333    4.40 0.000  0.22 0.000000 9.999 0.259000 9.99 0.259000 0.003 0.559000  0.139 0.000  0.195 0.000 9999.99 0.259000    1.644 0.000   0.825 0.000   0.819 0.000 0.005 0.000 0.020 0.559000
328.333333 329.333333    2.80 0.000  0.50 0.000000 9.999 0.259000 9.99 0.259000 0.065 0.559000  0.907 0.000  1.269 0.000 9999.99 0.259000    2.671 0.000   0.700 0.000   1.971 0.000 0.012 0.000 0.082 0.559000
331.333333 332.333333    2.59 0.000  0.28 0.000000 9.999 0.259000 9.99 0.259000 0.006 0.000000  0.383 0.000  0.537 0.000 9999.99 0.259000    1.479 0.000   0.337 0.000   1.142 0.000 0.009 0.000 0.026 0.000000
334.333333 335.333333    3.60 0.000  0.21 0.000000 9.999 0.259000 9.99 0.259000 0.016 0.000000  0.459 0.000  0.642 0.000 9999.99 0.259000    1.685 0.000   0.381 0.000   1.304 0.000 0.007 0.000 0.084 0.000000
337.333333 338.333333    2.73 0.000  0.17 0.000000 9.999 0.259000 0.06 0.000000 0.005 0.559000  0.970 0.000  1.359 0.000 9999.99 0.259000    1.612 0.000   0.163 0.000   1.449 0.000 0.005 0.000 0.049 0.559000
340.333333 341.333333    5.23 0.000  0.21 0.000000 9.999 0.259000 9.99 0.259000 0.025 0.000000  0.441 0.000  0.617 0.000 9999.99 0.259000    1.768 0.000   0.744 0.000   1.024 0.000 0.007 0.000 0.063 0.000000
343.333333 344.333333   11.44 0.000  0.21 0.000000 0.012 0.000000 0.04 0.000000 0.012 0.000000  0.516 0.000  0.723 0.000 9999.99 0.259000    2.935 0.000   1.647 0.000   1.288 0.000 0.010 0.000 0.071 0.000000
346.333333 347.333333   54.80 0.000  0.41 0.000000 9.999 0.259000 0.06 0.000000 0.012 0.000000  0.621 0.000  0.869 0.000 9999.99 0.259000    6.154 0.000   3.474 0.000   2.681 0.000 0.053 0.000 0.075 0.000000
349.333333 350.333333   19.13 0.000  0.15 0.000000 9.999 0.259000 9.99 0.259000 0.057 0.000000  0.437 0.000  0.612 0.000    5.79 0.000000    6.778 0.000   5.314 0.000   1.464 0.000 0.018 0.000 0.097 0.000000
352.333333 353.333333    1.94 0.000  0.07 0.000000 9.999 0.259000 9.99 0.259000 0.006 0.000000  0.802 0.000  1.123 0.000 9999.99 0.259000    2.175 0.000   0.924 0.000   1.251 0.000 0.007 0.000 0.042 0.000000
355.333333 356.333333    1.09 0.000  0.11 0.000000 9.999 0.259000 9.99 0.259000 0.018 0.000000  0.158 0.000  0.221 0.000 9999.99 0.259000    0.042 0.000 999.999 0.259   0.346 0.000 0.003 0.000 0.054 0.000000
358.333333 359.333333 9999.99 0.999 99.99 0.999000 9.999 0.999000 9.99 0.999000 9.999 0.999000 99.999 0.999 99.999 0.999 9999.99 0.999000 9999.999 0.999 999.999 0.999 999.999 0.999 9.999 0.999 9.999 0.999000
361.333333 362.333333    6.00 0.000  0.52 0.000000 9.999 0.259000 9.99 0.259000 0.006 0.000000  0.286 0.000  0.400 0.000 9999.99 0.259000    1.663 0.000   0.926 0.000   0.738 0.000 0.007 0.000 0.067 0.000000
364.333333 365.333333   40.71 0.000 99.99 0.259000 9.999 0.259000 0.80 0.000000 0.010 0.559000  0.292 0.000  0.409 0.000 9999.99 0.259000    1.996 0.000   0.422 0.000   1.574 0.000 0.027 0.000 0.037 0.559000
