scripts/IMPROVE-2019_partial/data/US2905R.20060102080000.20191216000000.filterpack..pm25.52w.1w.US03L_filterpack_US2905.US03L_IMPROVE_Davis.lev2.nas
64 1001
MISSING INFORMATION
US03L, IMPROVE, , , , , , , 
MISSING INFORMATION
IMPROVE sel_HTAP
1 1
2006 01 01 2019 12 16
3.000000
days from file reference point
25
1 1 1 1 1 1 1 1 1 1 1 1 1 1 1 1 1 1 1 1 1 1 1 1 1
999.999999 9999.99 9.999 99.99 9.999 9.999 9.999 9.99 9.999 9.999 9.999 99.999 9.999 99.999 9.999 999.999 9.999 999.999 9.999 99.999 9.999 9.999 9.999 9.999 9.999
end_time of measurement, days from the file reference point
iron, ng/m3, Revision date=20181210133000
numflag iron, no unit, Revision date=20181210133000
lead, ng/m3, Revision date=20181210133000
numflag lead, no unit, Revision date=20181210133000
magnesium, ug/m3, Revision date=20181210133000
numflag magnesium, no unit, Revision date=20181210133000
nickel, ng/m3, Revision date=20181210133000
numflag nickel, no unit, Revision date=20181210133000
nitrate, ug N/m3, Revision date=20181210133000
numflag nitrate, no unit, Revision date=20181210133000
organic_carbon, ug C/m3, Revision date=20181210133000
numflag organic_carbon, no unit, Revision date=20181210133000
organic_mass, ug/m3, Revision date=20181210133000
numflag organic_mass, no unit, Revision date=20181210133000
pm10_mass, ug/m3, Version=2, Version description=Data extracted from http://views.cira.colostate.edu/fed/DataWizard 2019-12-16, Sample duration=1d, Orig. time res.=3d, Matrix=pm10, Blank correction=Blank corrected, Volume std. temperature=ambient, Volume std. pressure=ambient
numflag pm10_mass, no unit, Version=2, Version description=Data extracted from http://views.cira.colostate.edu/fed/DataWizard 2019-12-16, Sample duration=1d, Orig. time res.=3d, Matrix=pm10, Blank correction=Blank corrected, Volume std. temperature=ambient, Volume std. pressure=ambient
pm10_pm25_mass, ug/m3, Revision date=20181210133000, Matrix=pm10_pm25
numflag pm10_pm25_mass, no unit, Revision date=20181210133000, Matrix=pm10_pm25
pm25_mass, ug/m3, Version=2, Version description=Data extracted from http://views.cira.colostate.edu/fed/DataWizard 2019-12-16, Sample duration=1d, Orig. time res.=3d, Blank correction=Blank corrected, Volume std. temperature=ambient, Volume std. pressure=ambient
numflag pm25_mass, no unit, Version=2, Version description=Data extracted from http://views.cira.colostate.edu/fed/DataWizard 2019-12-16, Sample duration=1d, Orig. time res.=3d, Blank correction=Blank corrected, Volume std. temperature=ambient, Volume std. pressure=ambient
potassium, ug/m3, Revision date=20181210133000
numflag potassium, no unit, Revision date=20181210133000
sulphate_total, ug S/m3, Revision date=20181210133000
numflag sulphate_total, no unit, Revision date=20181210133000
0
25
Data definition:              EBAS_1.1
Set type code:                TU
Timezone:                     UTC
File name:                    US2905R.20060102080000.20191216000000.filterpack..pm25.52w.1w.US03L_filterpack_US2905.US03L_IMPROVE_Davis.lev2.nas
File creation:                20191218120405
Startdate:                    20060102080000
Revision date:                20191216000000
Statistics:                   arithmetic mean
Data level:                   2
Period code:                  52w
Resolution code:              1w
Station code:                 US2905R
Platform code:                US2905S
Station name:                 Great Basin National Park-Lehman Caves (NV05)
Station latitude:             39.005
Station longitude:            -114.2158
Station altitude:             2067.0 m
Regime:                       IMG
Component:                    
Matrix:                       pm25
Laboratory code:              US03L
Instrument type:              filterpack
Instrument name:              filterpack_US2905
Method ref:                   US03L_IMPROVE_Davis
starttime endtime Fe flag_Fe Pb flag_Pb Mg++ flag_Mg++ Ni flag_Ni NO3- flag_NO3- OC flag_OC OM flag_OM PM10 flag_PM10 PM10-PM2.5 flag_PM10-PM2.5 PM2.5 flag_PM2.5 K+ flag_K+ SO4-- flag_SO4--
[from data line 92]
277.333333 278.333333    8.58 0.000  0.30 0.000 9.999 0.259 9.99 0.259 0.008 0.000  0.114 0.000  0.206 0.000   1.852 0.000   0.999 0.000  0.853 0.000 0.009 0.000 0.108 0.000
280.333333 281.333333   18.81 0.000  0.43 0.000 9.999 0.259 0.24 0.000 0.052 0.000  1.068 0.000  1.923 0.000   4.403 0.000   1.188 0.000  3.216 0.000 0.022 0.000 0.190 0.000
283.333333 284.333333 9999.99 0.999 99.99 0.999 9.999 0.999 9.99 0.999 9.999 0.999 99.999 0.999 99.999 0.999 999.999 0.999 999.999 0.999 99.999 0.999 9.999 0.999 9.999 0.999
286.333333 287.333333    8.50 0.000  0.18 0.000 9.999 0.259 0.23 0.000 0.007 0.000  0.373 0.000  0.671 0.000   2.366 0.000   0.728 0.000  1.638 0.000 0.008 0.000 0.110 0.000
289.333333 290.333333    9.25 0.000  0.18 0.000 0.008 0.000 0.22 0.000 0.007 0.000  0.346 0.000  0.624 0.000   1.227 0.000   0.110 0.000  1.117 0.000 0.008 0.000 0.084 0.000
292.333333 293.333333   25.53 0.000  0.43 0.000 0.030 0.000 0.18 0.000 0.005 0.000  0.292 0.000  0.526 0.000   3.534 0.000   1.477 0.000  2.057 0.000 0.020 0.000 0.116 0.000
295.333333 296.333333    6.63 0.000  0.32 0.000 0.008 0.000 9.99 0.259 0.002 0.000  0.214 0.000  0.386 0.000   1.638 0.000   0.873 0.000  0.765 0.000 0.005 0.000 0.057 0.000
298.333333 299.333333    7.61 0.000  0.32 0.000 9.999 0.259 0.22 0.000 0.017 0.000  0.267 0.000  0.480 0.000   2.344 0.000   0.935 0.000  1.410 0.000 0.010 0.000 0.064 0.000
301.333333 302.333333    9.36 0.000  0.30 0.000 9.999 0.259 0.29 0.000 0.003 0.000  0.097 0.000  0.175 0.000   2.075 0.000   0.871 0.000  1.204 0.000 0.011 0.000 0.110 0.000
304.333333 305.333333   21.75 0.000  0.84 0.000 9.999 0.259 9.99 0.259 0.038 0.000  0.679 0.000  1.223 0.000   4.995 0.000   2.438 0.000  2.557 0.000 0.021 0.000 0.116 0.000
307.333333 308.333333   16.18 0.000  0.67 0.000 9.999 0.259 9.99 0.259 0.020 0.000  0.501 0.000  0.902 0.000   3.207 0.000   1.283 0.000  1.925 0.000 0.015 0.000 0.108 0.000
310.333333 311.333333    5.82 0.000  0.29 0.000 9.999 0.259 9.99 0.259 0.001 0.000  0.138 0.000  0.249 0.000   1.009 0.000   0.436 0.000  0.574 0.000 0.005 0.000 0.036 0.000
313.333333 314.333333    6.29 0.000  0.29 0.000 9.999 0.259 9.99 0.259 0.003 0.000  0.262 0.000  0.472 0.000   1.515 0.000   0.694 0.000  0.821 0.000 0.007 0.000 0.042 0.000
316.333333 317.333333    3.79 0.000  0.28 0.000 9.999 0.259 9.99 0.259 0.001 0.000  0.091 0.000  0.163 0.000   1.175 0.000   0.287 0.000  0.889 0.000 0.005 0.000 0.092 0.000
319.333333 320.333333    7.60 0.000  0.60 0.000 9.999 0.259 9.99 0.259 0.002 0.000  0.124 0.000  0.223 0.000   2.146 0.000   1.016 0.000  1.130 0.000 0.010 0.000 0.090 0.000
322.333333 323.333333    6.08 0.000  0.30 0.000 9.999 0.259 9.99 0.259 0.010 0.000  0.261 0.000  0.469 0.000   1.705 0.000   0.523 0.000  1.182 0.000 0.009 0.000 0.074 0.000
325.333333 326.333333   26.73 0.000  0.85 0.000 9.999 0.259 9.99 0.259 0.023 0.000  0.372 0.000  0.669 0.000   4.559 0.000   2.926 0.000  1.633 0.000 0.022 0.000 0.110 0.000
328.333333 329.333333   12.17 0.000  0.25 0.000 9.999 0.259 9.99 0.259 0.007 0.000  0.328 0.000  0.590 0.000   2.830 0.000   1.818 0.000  1.012 0.000 0.011 0.000 0.061 0.000
331.333333 332.333333    5.75 0.000  0.16 0.000 9.999 0.259 9.99 0.259 0.006 0.000  0.319 0.000  0.574 0.000   1.524 0.000   0.934 0.000  0.590 0.000 0.006 0.000 0.034 0.000
334.333333 335.333333    5.39 0.000  0.26 0.000 9.999 0.259 9.99 0.259 0.009 0.000  0.594 0.000  1.069 0.000   1.720 0.000   0.777 0.000  0.943 0.000 0.007 0.000 0.048 0.000
337.333333 338.333333    4.52 0.000  0.36 0.000 9.999 0.259 9.99 0.259 0.010 0.000  0.298 0.000  0.536 0.000   1.687 0.000   0.839 0.000  0.848 0.000 0.005 0.000 0.054 0.000
340.333333 341.333333   13.76 0.000  0.41 0.000 9.999 0.259 9.99 0.259 0.012 0.000  0.282 0.000  0.508 0.000   2.699 0.000   1.701 0.000  0.998 0.000 0.014 0.000 0.056 0.000
343.333333 344.333333   16.10 0.000  0.54 0.000 9.999 0.259 9.99 0.259 0.054 0.000  0.568 0.000  1.023 0.000   3.442 0.000   1.593 0.000  1.848 0.000 0.021 0.000 0.108 0.000
346.333333 347.333333    2.32 0.000  0.30 0.000 9.999 0.259 9.99 0.259 0.001 0.000  0.298 0.000  0.537 0.000   0.773 0.000   0.324 0.000  0.450 0.000 0.003 0.000 0.062 0.000
349.333333 350.333333   15.08 0.000  0.18 0.000 0.032 0.000 9.99 0.259 0.014 0.000  0.535 0.000  0.962 0.000   5.817 0.000   4.491 0.000  1.326 0.000 0.014 0.000 0.018 0.000
352.333333 353.333333    3.40 0.000  0.22 0.000 0.008 0.000 9.99 0.259 0.036 0.000  0.706 0.000  1.271 0.000   1.408 0.000   0.461 0.000  0.946 0.000 0.005 0.000 0.054 0.000
355.333333 356.333333    2.98 0.000  0.27 0.000 9.999 0.259 9.99 0.259 0.120 0.000  0.733 0.000  1.319 0.000   1.691 0.000   0.261 0.000  1.430 0.000 0.004 0.000 0.065 0.000
358.333333 359.333333    3.64 0.000  0.20 0.000 9.999 0.259 9.99 0.259 0.001 0.000  0.387 0.000  0.697 0.000   1.349 0.000   0.268 0.000  1.081 0.000 0.005 0.000 0.155 0.000
361.333333 362.333333    2.87 0.000  0.09 0.000 0.015 0.000 9.99 0.259 0.020 0.000  0.616 0.000  1.108 0.000   0.947 0.000   0.245 0.000  0.702 0.000 0.005 0.000 0.023 0.000
364.333333 365.333333    1.71 0.000  0.33 0.000 9.999 0.259 0.15 0.000 0.024 0.000  1.274 0.000  2.294 0.000   2.015 0.000   0.005 0.000  2.010 0.000 0.005 0.000 0.073 0.000
