scripts/IMPROVE-2019_partial/data/US2905R.20010101080000.20191216000000.filterpack..pm25.52w.1w.US03L_filterpack_US2905.US03L_IMPROVE_Davis.lev2.nas
64 1001
MISSING INFORMATION
US03L, IMPROVE, , , , , , , 
MISSING INFORMATION
IMPROVE sel_HTAP
1 1
2001 01 01 2019 12 16
3.000000
days from file reference point
25
1 1 1 1 1 1 1 1 1 1 1 1 1 1 1 1 1 1 1 1 1 1 1 1 1
999.999999 9999.99 9.999 99.99 9.999999 9.999 9.999999 9.99 9.999999 9.999 9.999 99.999 9.999 99.999 9.999 999.999 9.999 999.999 9.999 999.999 9.999 9.999 9.999 9.999 9.999
end_time of measurement, days from the file reference point
iron, ng/m3, Revision date=20181210133000
numflag iron, no unit, Revision date=20181210133000
lead, ng/m3, Revision date=20181210133000
numflag lead, no unit, Revision date=20181210133000
magnesium, ug/m3, Revision date=20181210133000
numflag magnesium, no unit, Revision date=20181210133000
nickel, ng/m3, Revision date=20181210133000
numflag nickel, no unit, Revision date=20181210133000
nitrate, ug N/m3, Revision date=20181210133000
numflag nitrate, no unit, Revision date=20181210133000
organic_carbon, ug C/m3, Revision date=20181210133000
numflag organic_carbon, no unit, Revision date=20181210133000
organic_mass, ug/m3, Revision date=20181210133000
numflag organic_mass, no unit, Revision date=20181210133000
pm10_mass, ug/m3, Version=2, Version description=Data extracted from http://views.cira.colostate.edu/fed/DataWizard 2019-12-16, Sample duration=1d, Orig. time res.=3d, Matrix=pm10, Blank correction=Blank corrected, Volume std. temperature=ambient, Volume std. pressure=ambient
numflag pm10_mass, no unit, Version=2, Version description=Data extracted from http://views.cira.colostate.edu/fed/DataWizard 2019-12-16, Sample duration=1d, Orig. time res.=3d, Matrix=pm10, Blank correction=Blank corrected, Volume std. temperature=ambient, Volume std. pressure=ambient
pm10_pm25_mass, ug/m3, Revision date=20181210133000, Matrix=pm10_pm25
numflag pm10_pm25_mass, no unit, Revision date=20181210133000, Matrix=pm10_pm25
pm25_mass, ug/m3, Version=2, Version description=Data extracted from http://views.cira.colostate.edu/fed/DataWizard 2019-12-16, Sample duration=1d, Orig. time res.=3d, Blank correction=Blank corrected, Volume std. temperature=ambient, Volume std. pressure=ambient
numflag pm25_mass, no unit, Version=2, Version description=Data extracted from http://views.cira.colostate.edu/fed/DataWizard 2019-12-16, Sample duration=1d, Orig. time res.=3d, Blank correction=Blank corrected, Volume std. temperature=ambient, Volume std. pressure=ambient
potassium, ug/m3, Revision date=20181210133000
numflag potassium, no unit, Revision date=20181210133000
sulphate_total, ug S/m3, Revision date=20181210133000
numflag sulphate_total, no unit, Revision date=20181210133000
0
25
Data definition:              EBAS_1.1
Set type code:                TU
Timezone:                     UTC
File name:                    US2905R.20010101080000.20191216000000.filterpack..pm25.52w.1w.US03L_filterpack_US2905.US03L_IMPROVE_Davis.lev2.nas
File creation:                20191218120403
Startdate:                    20010101080000
Revision date:                20191216000000
Statistics:                   arithmetic mean
Data level:                   2
Period code:                  52w
Resolution code:              1w
Station code:                 US2905R
Platform code:                US2905S
Station name:                 Great Basin National Park-Lehman Caves (NV05)
Station latitude:             39.005
Station longitude:            -114.2158
Station altitude:             2067.0 m
Regime:                       IMG
Component:                    
Matrix:                       pm25
Laboratory code:              US03L
Instrument type:              filterpack
Instrument name:              filterpack_US2905
Method ref:                   US03L_IMPROVE_Davis
starttime endtime Fe flag_Fe Pb flag_Pb Mg++ flag_Mg++ Ni flag_Ni NO3- flag_NO3- OC flag_OC OM flag_OM PM10 flag_PM10 PM10-PM2.5 flag_PM10-PM2.5 PM2.5 flag_PM2.5 K+ flag_K+ SO4-- flag_SO4--
[from data line 87]
261.333333 262.333333   32.15 0.000  0.16 0.000000 9.999 0.259000 9.99 0.259000 0.015 0.000  0.641 0.000  0.898 0.000   6.092 0.000   3.265 0.000   2.827 0.000 0.027 0.000 0.157 0.000
264.333333 265.333333   23.00 0.000  0.28 0.000000 9.999 0.259000 9.99 0.259000 0.015 0.000  0.350 0.000  0.490 0.000   5.188 0.000   2.966 0.000   2.222 0.000 0.021 0.000 0.180 0.000
267.333333 268.333333   48.02 0.000  0.55 0.000000 9.999 0.259000 9.99 0.259000 0.015 0.559  0.508 0.000  0.711 0.000  12.255 0.000   8.321 0.000   3.934 0.000 0.043 0.000 0.329 0.559
270.333333 271.333333   31.99 0.000  0.58 0.000000 9.999 0.259000 9.99 0.259000 0.027 0.559  0.529 0.000  0.740 0.000   8.610 0.000   5.214 0.000   3.395 0.000 0.034 0.000 0.330 0.559
273.333333 274.333333   25.26 0.000  0.54 0.000000 9.999 0.259000 9.99 0.259000 0.017 0.559  1.240 0.000  1.737 0.000   9.862 0.000   4.406 0.000   5.456 0.000 0.027 0.000 0.372 0.559
276.333333 277.333333   38.15 0.000  0.38 0.000000 9.999 0.259000 9.99 0.259000 0.013 0.000  0.609 0.000  0.853 0.000   7.310 0.000   4.289 0.000   3.021 0.000 0.031 0.000 0.185 0.000
279.333333 280.333333   30.58 0.000  0.52 0.000000 9.999 0.259000 0.13 0.000000 0.040 0.000  0.299 0.000  0.419 0.000   7.027 0.000   3.889 0.000   3.137 0.000 0.029 0.000 0.337 0.000
282.333333 283.333333   13.92 0.000  0.22 0.000000 9.999 0.259000 9.99 0.259000 0.027 0.000  0.218 0.000  0.305 0.000   4.010 0.000   2.443 0.000   1.566 0.000 0.017 0.000 0.094 0.000
285.333333 286.333333    8.16 0.000  0.17 0.000000 9.999 0.259000 9.99 0.259000 0.006 0.559  0.056 0.000  0.078 0.000   1.943 0.000   1.171 0.000   0.772 0.000 0.009 0.000 0.041 0.559
288.333333 289.333333   17.10 0.000  0.16 0.000000 9.999 0.259000 9.99 0.259000 0.005 0.000  0.062 0.000  0.087 0.000   4.582 0.000   3.433 0.000   1.149 0.000 0.017 0.000 0.045 0.000
291.333333 292.333333   17.78 0.000  0.21 0.000000 9.999 0.259000 9.99 0.259000 0.007 0.000  0.219 0.000  0.306 0.000   4.003 0.000   2.425 0.000   1.578 0.000 0.020 0.000 0.052 0.000
294.333333 295.333333   24.19 0.000  0.38 0.000000 9.999 0.259000 9.99 0.259000 0.023 0.000  0.362 0.000  0.506 0.000   4.167 0.000   2.400 0.000   1.767 0.000 0.020 0.000 0.073 0.000
297.333333 298.333333   32.56 0.000  0.21 0.000000 9.999 0.259000 9.99 0.259000 0.015 0.000  0.050 0.000  0.070 0.000   6.575 0.000   4.831 0.000   1.744 0.000 0.028 0.000 0.058 0.000
300.333333 301.333333   33.29 0.000  1.05 0.000000 9.999 0.259000 0.20 0.000000 0.042 0.000  0.346 0.000  0.484 0.000   8.752 0.000   4.428 0.000   4.325 0.000 0.032 0.000 0.534 0.000
303.333333 304.333333    5.91 0.000  0.18 0.000000 9.999 0.259000 9.99 0.259000 0.006 0.000  0.387 0.000  0.542 0.000   1.266 0.000   0.346 0.000   0.920 0.000 0.009 0.000 0.034 0.000
306.333333 307.333333   10.96 0.000  0.54 0.000000 9.999 0.259000 9.99 0.259000 0.087 0.000  0.600 0.000  0.839 0.000   3.205 0.000   0.991 0.000   2.214 0.000 0.012 0.000 0.166 0.000
309.333333 310.333333   18.07 0.000  0.48 0.000000 9.999 0.259000 9.99 0.259000 0.010 0.559  0.354 0.000  0.496 0.000   4.116 0.000   0.897 0.000   3.219 0.000 0.014 0.000 0.364 0.559
312.333333 313.333333    8.01 0.000  0.70 0.000000 9.999 0.259000 9.99 0.259000 0.065 0.559  0.642 0.000  0.899 0.000   3.968 0.000   1.286 0.000   2.682 0.000 0.013 0.000 0.240 0.559
315.333333 316.333333   24.48 0.000  0.76 0.000000 9.999 0.259000 9.99 0.259000 0.021 0.559  0.449 0.000  0.629 0.000   6.246 0.000   3.308 0.000   2.938 0.000 0.031 0.000 0.302 0.559
318.333333 319.333333   10.02 0.000  0.37 0.000000 9.999 0.259000 9.99 0.259000 0.005 0.559  0.251 0.000  0.351 0.000   1.529 0.000   0.463 0.000   1.066 0.000 0.009 0.000 0.064 0.559
321.333333 322.333333    7.22 0.000  0.55 0.000000 9.999 0.259000 9.99 0.259000 0.092 0.000  0.599 0.000  0.839 0.000   3.265 0.000   1.030 0.000   2.235 0.000 0.013 0.000 0.168 0.000
324.333333 325.333333    5.27 0.000  0.24 0.000000 9.999 0.259000 9.99 0.259000 0.004 0.559  0.124 0.000  0.174 0.000   1.695 0.000   0.890 0.000   0.805 0.000 9.999 0.259 0.075 0.559
327.333333 328.333333    3.86 0.000 99.99 0.259000 9.999 0.259000 9.99 0.259000 0.012 0.000  0.374 0.000  0.523 0.000   2.928 0.000   2.009 0.000   0.920 0.000 0.007 0.000 0.056 0.000
330.333333 331.333333    1.76 0.000  0.15 0.000000 9.999 0.259000 9.99 0.259000 0.046 0.000  0.648 0.000  0.907 0.000   2.029 0.000   0.456 0.000   1.573 0.000 0.006 0.000 0.072 0.000
333.333333 334.333333    7.20 0.000  0.33 0.000000 9.999 0.259000 0.06 0.000000 0.014 0.000  0.932 0.000  1.305 0.000   3.119 0.000   1.202 0.000   1.917 0.000 0.011 0.000 0.106 0.000
336.333333 337.333333    4.09 0.000 99.99 0.259000 9.999 0.259000 9.99 0.259000 0.033 0.000  0.186 0.000  0.260 0.000   1.488 0.000   0.818 0.000   0.670 0.000 0.006 0.000 0.056 0.000
339.333333 340.333333 9999.99 0.999 99.99 0.999000 9.999 0.999000 9.99 0.999000 9.999 0.999 99.999 0.999 99.999 0.999 999.999 0.999 999.999 0.999 999.999 0.999 9.999 0.999 9.999 0.999
342.333333 343.333333 9999.99 0.999 99.99 0.999000 9.999 0.999000 9.99 0.999000 9.999 0.999 99.999 0.999 99.999 0.999 999.999 0.999 999.999 0.999 999.999 0.999 9.999 0.999 9.999 0.999
345.333333 346.333333    2.28 0.000  0.26 0.000000 9.999 0.259000 9.99 0.259000 0.030 0.000  0.249 0.000  0.348 0.000   1.046 0.000   0.420 0.000   0.626 0.000 0.006 0.000 0.056 0.000
348.333333 349.333333    1.02 0.000  0.18 0.000000 9.999 0.259000 9.99 0.259000 0.018 0.000  0.136 0.000  0.191 0.000   0.956 0.000   0.507 0.000   0.449 0.000 0.006 0.000 0.025 0.000
351.333333 352.333333    6.15 0.000  0.26 0.000000 9.999 0.259000 9.99 0.259000 0.010 0.559  0.262 0.000  0.366 0.000   1.471 0.000   0.901 0.000   0.570 0.000 0.008 0.000 0.043 0.559
354.333333 355.333333    8.73 0.000  0.54 0.000000 9.999 0.259000 9.99 0.259000 0.124 0.559  0.315 0.000  0.441 0.000   2.646 0.000   1.448 0.000   1.197 0.000 0.009 0.000 0.048 0.559
357.333333 358.333333    1.58 0.000  0.26 0.000000 9.999 0.259000 9.99 0.259000 0.019 0.559  0.185 0.000  0.258 0.000   0.552 0.000   0.166 0.000   0.386 0.000 0.004 0.000 0.029 0.559
360.333333 361.333333    1.33 0.000 99.99 0.259000 9.999 0.259000 9.99 0.259000 0.016 0.000  0.870 0.000  1.217 0.000   1.943 0.000   0.400 0.000   1.543 0.000 0.005 0.000 0.034 0.000
363.333333 364.333333    0.70 0.000 99.99 0.259000 9.999 0.259000 9.99 0.259000 0.010 0.000  0.420 0.000  0.588 0.000   0.785 0.000   0.082 0.000   0.703 0.000 0.004 0.000 0.044 0.000
