scripts/IMPROVE-2019_partial/data/US2905R.20000101080000.20191216000000.filterpack..pm25.52w.1w.US03L_filterpack_US2905.US03L_IMPROVE_Davis.lev2.nas
64 1001
MISSING INFORMATION
US03L, IMPROVE, , , , , , , 
MISSING INFORMATION
IMPROVE sel_HTAP
1 1
2000 01 01 2019 12 16
0
days from file reference point
25
1 1 1 1 1 1 1 1 1 1 1 1 1 1 1 1 1 1 1 1 1 1 1 1 1
999.999999 9999.99 9.999 99.99 9.999999 9.999 9.999999 99.99 9.999999 9.999 9.999 99.999 9.999 99.999 9.999 999.999 9.999 999.999 9.999 99.999 9.999 9.999 9.999 9.999 9.999
end_time of measurement, days from the file reference point
iron, ng/m3, Revision date=20181210133000
numflag iron, no unit, Revision date=20181210133000
lead, ng/m3, Revision date=20181210133000
numflag lead, no unit, Revision date=20181210133000
magnesium, ug/m3, Revision date=20181210133000
numflag magnesium, no unit, Revision date=20181210133000
nickel, ng/m3, Revision date=20181210133000
numflag nickel, no unit, Revision date=20181210133000
nitrate, ug N/m3, Revision date=20181210133000
numflag nitrate, no unit, Revision date=20181210133000
organic_carbon, ug C/m3, Revision date=20181210133000
numflag organic_carbon, no unit, Revision date=20181210133000
organic_mass, ug/m3, Revision date=20181210133000
numflag organic_mass, no unit, Revision date=20181210133000
pm10_mass, ug/m3, Version=2, Version description=Data extracted from http://views.cira.colostate.edu/fed/DataWizard 2019-12-16, Sample duration=1d, Orig. time res.=3d, Matrix=pm10, Blank correction=Blank corrected, Volume std. temperature=ambient, Volume std. pressure=ambient
numflag pm10_mass, no unit, Version=2, Version description=Data extracted from http://views.cira.colostate.edu/fed/DataWizard 2019-12-16, Sample duration=1d, Orig. time res.=3d, Matrix=pm10, Blank correction=Blank corrected, Volume std. temperature=ambient, Volume std. pressure=ambient
pm10_pm25_mass, ug/m3, Revision date=20181210133000, Matrix=pm10_pm25
numflag pm10_pm25_mass, no unit, Revision date=20181210133000, Matrix=pm10_pm25
pm25_mass, ug/m3, Version=2, Version description=Data extracted from http://views.cira.colostate.edu/fed/DataWizard 2019-12-16, Sample duration=1d, Orig. time res.=3d, Blank correction=Blank corrected, Volume std. temperature=ambient, Volume std. pressure=ambient
numflag pm25_mass, no unit, Version=2, Version description=Data extracted from http://views.cira.colostate.edu/fed/DataWizard 2019-12-16, Sample duration=1d, Orig. time res.=3d, Blank correction=Blank corrected, Volume std. temperature=ambient, Volume std. pressure=ambient
potassium, ug/m3, Revision date=20181210133000
numflag potassium, no unit, Revision date=20181210133000
sulphate_total, ug S/m3, Revision date=20181210133000
numflag sulphate_total, no unit, Revision date=20181210133000
0
25
Data definition:              EBAS_1.1
Set type code:                TI
Timezone:                     UTC
File name:                    US2905R.20000101080000.20191216000000.filterpack..pm25.52w.1w.US03L_filterpack_US2905.US03L_IMPROVE_Davis.lev2.nas
File creation:                20191218120403
Startdate:                    20000101080000
Revision date:                20191216000000
Statistics:                   arithmetic mean
Data level:                   2
Period code:                  52w
Resolution code:              1w
Station code:                 US2905R
Platform code:                US2905S
Station name:                 Great Basin National Park-Lehman Caves (NV05)
Station latitude:             39.005
Station longitude:            -114.2158
Station altitude:             2067.0 m
Regime:                       IMG
Component:                    
Matrix:                       pm25
Laboratory code:              US03L
Instrument type:              filterpack
Instrument name:              filterpack_US2905
Method ref:                   US03L_IMPROVE_Davis
starttime endtime Fe flag_Fe Pb flag_Pb Mg++ flag_Mg++ Ni flag_Ni NO3- flag_NO3- OC flag_OC OM flag_OM PM10 flag_PM10 PM10-PM2.5 flag_PM10-PM2.5 PM2.5 flag_PM2.5 K+ flag_K+ SO4-- flag_SO4--
[from data line 87]
297.333333 298.333333 9999.99 0.259  0.20 0.000000 9.999 0.259000 99.99 0.259000 0.009 0.000  0.636 0.000  0.890 0.000   1.163 0.000   0.056 0.000  1.107 0.000 9.999 0.259 0.040 0.000
300.333333 301.333333    7.26 0.559  0.38 0.559000 9.999 0.559259 99.99 0.559259 0.035 0.000  0.418 0.000  0.586 0.000   1.832 0.000   0.332 0.000  1.500 0.559 0.011 0.559 0.196 0.000
303.333333 304.333333    0.48 0.000  0.17 0.000000 9.999 0.259000 99.99 0.259000 0.008 0.559  0.268 0.000  0.375 0.000   0.383 0.000   0.163 0.000  0.220 0.000 9.999 0.259 0.038 0.559
306.333333 307.333333 9999.99 0.999 99.99 0.999000 9.999 0.999000 99.99 0.999000 9.999 0.999 99.999 0.999 99.999 0.999 999.999 0.999 999.999 0.999 99.999 0.999 9.999 0.999 9.999 0.999
309.333333 310.333333   11.45 0.000 99.99 0.259000 0.016 0.000000 99.99 0.259000 0.034 0.559  0.941 0.000  1.317 0.000   4.473 0.000   2.274 0.000  2.200 0.000 0.015 0.000 0.101 0.559
312.333333 313.333333    5.55 0.000  0.16 0.000000 0.025 0.000000 99.99 0.259000 0.013 0.000  0.600 0.000  0.840 0.000   1.819 0.000   0.449 0.000  1.370 0.000 0.017 0.000 0.092 0.000
315.333333 316.333333    3.41 0.559  0.16 0.559000 9.999 0.559259 99.99 0.559259 0.053 0.000  1.100 0.000  1.540 0.000   1.860 0.000 999.999 0.259  1.956 0.559 0.010 0.559 0.106 0.000
318.333333 319.333333    7.15 0.000  0.44 0.000000 9.999 0.259000 99.99 0.259000 0.049 0.000  0.519 0.000  0.727 0.000   2.765 0.000   1.293 0.000  1.472 0.000 0.011 0.000 0.102 0.000
321.333333 322.333333    4.40 0.000  0.23 0.000000 0.019 0.000000 99.99 0.259000 0.019 0.559  0.668 0.000  0.935 0.000   2.342 0.000   0.201 0.000  2.142 0.000 0.010 0.000 0.217 0.559
324.333333 325.333333    3.67 0.000  0.20 0.000000 9.999 0.259000 99.99 0.259000 0.019 0.000  0.365 0.000  0.511 0.000   1.356 0.000   0.515 0.000  0.841 0.000 0.006 0.000 0.090 0.000
327.333333 328.333333   10.65 0.000  0.88 0.000000 9.999 0.259000 99.99 0.259000 0.224 0.000  0.246 0.000  0.345 0.000   2.451 0.000   0.529 0.000  1.922 0.000 0.010 0.000 0.143 0.000
330.333333 331.333333    5.68 0.000  0.23 0.000000 0.010 0.000000 99.99 0.259000 0.011 0.000  0.281 0.000  0.394 0.000   1.144 0.000   0.307 0.000  0.837 0.000 0.010 0.000 0.071 0.000
333.333333 334.333333   24.50 0.000  0.32 0.000000 9.999 0.259000 99.99 0.259000 0.045 0.000  0.434 0.000  0.607 0.000   8.332 0.000   6.593 0.000  1.739 0.000 0.022 0.000 0.093 0.000
336.333333 337.333333    6.72 0.000  0.22 0.000000 9.999 0.259000 99.99 0.259000 0.019 0.000  0.434 0.000  0.608 0.000   2.728 0.000   1.660 0.000  1.068 0.000 0.011 0.000 0.095 0.000
339.333333 340.333333    6.92 0.000  0.29 0.000000 9.999 0.259000 99.99 0.259000 9.999 0.456  0.863 0.000  1.208 0.000   3.785 0.000   1.945 0.000  1.840 0.000 0.016 0.000 9.999 0.456
342.333333 343.333333    5.95 0.000  0.31 0.000000 9.999 0.259000 99.99 0.259000 0.010 0.000  0.939 0.000  1.315 0.000   2.556 0.000   0.922 0.000  1.634 0.000 0.010 0.000 0.109 0.000
345.333333 346.333333    2.96 0.000  0.09 0.000000 9.999 0.259000 99.99 0.259000 0.036 0.000  0.748 0.000  1.048 0.000   2.058 0.000   0.606 0.000  1.452 0.000 0.011 0.000 0.150 0.000
348.333333 349.333333    6.65 0.000  0.33 0.000000 9.999 0.259000 99.99 0.259000 0.054 0.000  0.355 0.000  0.497 0.000   3.238 0.000   2.201 0.000  1.037 0.000 0.010 0.000 0.081 0.000
351.333333 352.333333    2.86 0.000  0.16 0.000000 9.999 0.259000  0.07 0.000000 0.007 0.000  0.280 0.000  0.392 0.000   1.672 0.000   1.012 0.000  0.660 0.000 0.006 0.000 0.079 0.000
354.333333 355.333333 9999.99 0.456 99.99 0.456000 9.999 0.456000 99.99 0.456000 0.016 0.000  0.633 0.000  0.886 0.000   2.215 0.000 999.999 0.999 99.999 0.456 9.999 0.456 0.138 0.000
357.333333 358.333333   36.08 0.559  0.12 0.559000 9.999 0.559259 99.99 0.559259 0.034 0.000  0.515 0.000  0.722 0.000   6.301 0.000   4.008 0.000  2.293 0.559 0.026 0.559 0.138 0.000
360.333333 361.333333    2.79 0.559 99.99 0.559259 9.999 0.559259 99.99 0.559259 0.009 0.000  0.570 0.000  0.798 0.000   1.516 0.000   0.485 0.000  1.031 0.559 0.006 0.559 0.061 0.000
363.333333 364.333333   15.01 0.559  0.15 0.559000 9.999 0.559259 99.99 0.559259 0.018 0.000  1.524 0.000  2.133 0.000   4.501 0.000   1.881 0.000  2.620 0.559 0.015 0.559 0.090 0.000
