scripts/IMPROVE-2019_partial/data/US2905R.20040101080000.20191216000000.filterpack..pm25.52w.1w.US03L_filterpack_US2905.US03L_IMPROVE_Davis.lev2.nas
66 1001
MISSING INFORMATION
US03L, IMPROVE, , , , , , , 
MISSING INFORMATION
IMPROVE sel_HTAP
1 1
2004 01 01 2019 12 16
3.000000
days from file reference point
27
1 1 1 1 1 1 1 1 1 1 1 1 1 1 1 1 1 1 1 1 1 1 1 1 1 1 1
999.999999 9999.99 9.999 99.99 9.999999 9.999 9.999999 9.99 9.999999 9.999 9.999 99.999 9.999 99.999 9.999 999.99 9.999999 999.999 9.999 999.999 9.999 99.999 9.999 9.999 9.999 99.999 9.999
end_time of measurement, days from the file reference point
iron, ng/m3, Revision date=20181210133000
numflag iron, no unit, Revision date=20181210133000
lead, ng/m3, Revision date=20181210133000
numflag lead, no unit, Revision date=20181210133000
magnesium, ug/m3, Revision date=20181210133000
numflag magnesium, no unit, Revision date=20181210133000
nickel, ng/m3, Revision date=20181210133000
numflag nickel, no unit, Revision date=20181210133000
nitrate, ug N/m3, Revision date=20181210133000
numflag nitrate, no unit, Revision date=20181210133000
organic_carbon, ug C/m3, Revision date=20181210133000
numflag organic_carbon, no unit, Revision date=20181210133000
organic_mass, ug/m3, Revision date=20181210133000
numflag organic_mass, no unit, Revision date=20181210133000
phosphorus, ng/m3, Revision date=20181210133000
numflag phosphorus, no unit, Revision date=20181210133000
pm10_mass, ug/m3, Version=2, Version description=Data extracted from http://views.cira.colostate.edu/fed/DataWizard 2019-12-16, Sample duration=1d, Orig. time res.=3d, Matrix=pm10, Blank correction=Blank corrected, Volume std. temperature=ambient, Volume std. pressure=ambient
numflag pm10_mass, no unit, Version=2, Version description=Data extracted from http://views.cira.colostate.edu/fed/DataWizard 2019-12-16, Sample duration=1d, Orig. time res.=3d, Matrix=pm10, Blank correction=Blank corrected, Volume std. temperature=ambient, Volume std. pressure=ambient
pm10_pm25_mass, ug/m3, Revision date=20181210133000, Matrix=pm10_pm25
numflag pm10_pm25_mass, no unit, Revision date=20181210133000, Matrix=pm10_pm25
pm25_mass, ug/m3, Version=2, Version description=Data extracted from http://views.cira.colostate.edu/fed/DataWizard 2019-12-16, Sample duration=1d, Orig. time res.=3d, Blank correction=Blank corrected, Volume std. temperature=ambient, Volume std. pressure=ambient
numflag pm25_mass, no unit, Version=2, Version description=Data extracted from http://views.cira.colostate.edu/fed/DataWizard 2019-12-16, Sample duration=1d, Orig. time res.=3d, Blank correction=Blank corrected, Volume std. temperature=ambient, Volume std. pressure=ambient
potassium, ug/m3, Revision date=20181210133000
numflag potassium, no unit, Revision date=20181210133000
sulphate_total, ug S/m3, Revision date=20181210133000
numflag sulphate_total, no unit, Revision date=20181210133000
0
25
Data definition:              EBAS_1.1
Set type code:                TU
Timezone:                     UTC
File name:                    US2905R.20040101080000.20191216000000.filterpack..pm25.52w.1w.US03L_filterpack_US2905.US03L_IMPROVE_Davis.lev2.nas
File creation:                20191218120404
Startdate:                    20040101080000
Revision date:                20191216000000
Statistics:                   arithmetic mean
Data level:                   2
Period code:                  52w
Resolution code:              1w
Station code:                 US2905R
Platform code:                US2905S
Station name:                 Great Basin National Park-Lehman Caves (NV05)
Station latitude:             39.005
Station longitude:            -114.2158
Station altitude:             2067.0 m
Regime:                       IMG
Component:                    
Matrix:                       pm25
Laboratory code:              US03L
Instrument type:              filterpack
Instrument name:              filterpack_US2905
Method ref:                   US03L_IMPROVE_Davis
starttime endtime Fe flag_Fe Pb flag_Pb Mg++ flag_Mg++ Ni flag_Ni NO3- flag_NO3- OC flag_OC OM flag_OM P flag_P PM10 flag_PM10 PM10-PM2.5 flag_PM10-PM2.5 PM2.5 flag_PM2.5 K+ flag_K+ SO4-- flag_SO4--
  0.333333   1.333333    8.65 0.000  0.53 0.000000 0.013 0.000000 9.99 0.259000 0.061 0.000  0.707 0.000  0.990 0.000 999.99 0.259000   6.779 0.000   4.728 0.000  2.051 0.000 0.021 0.000  0.127 0.000
  3.333333   4.333333    1.13 0.000  0.20 0.000000 9.999 0.259000 9.99 0.259000 0.002 0.000  0.211 0.000  0.295 0.000 999.99 0.259000   0.084 0.000   0.084 0.000 99.999 0.259 0.003 0.000  0.017 0.000
  6.333333   7.333333    4.03 0.000  0.44 0.000000 9.999 0.259000 9.99 0.259000 0.005 0.000  0.506 0.000  0.709 0.000 999.99 0.259000   1.882 0.000   1.047 0.000  0.836 0.000 0.005 0.000  0.046 0.000
  9.333333  10.333333    8.03 0.000  0.25 0.000000 9.999 0.259000 0.06 0.000000 0.003 0.000  0.483 0.000  0.676 0.000 999.99 0.259000   1.372 0.000   0.559 0.000  0.814 0.000 0.010 0.000  0.029 0.000
 12.333333  13.333333 9999.99 0.456 99.99 0.456000 9.999 0.456000 9.99 0.456000 0.004 0.000  0.433 0.000  0.606 0.000 999.99 0.456000   1.902 0.000 999.999 0.999 99.999 0.456 9.999 0.456  0.041 0.000
 15.333333  16.333333    3.42 0.000  0.17 0.000000 9.999 0.259000 0.10 0.000000 0.023 0.000  0.740 0.000  1.036 0.000 999.99 0.259000   2.287 0.000   0.939 0.000  1.348 0.000 0.008 0.000  0.042 0.000
 18.333333  19.333333    1.62 0.000 99.99 0.259000 9.999 0.259000 0.04 0.000000 0.014 0.000  0.909 0.000  1.272 0.000 999.99 0.259000   1.841 0.000   0.435 0.000  1.406 0.000 0.007 0.000  0.049 0.000
 21.333333  22.333333    4.82 0.000  0.15 0.000000 9.999 0.259000 0.06 0.000000 0.124 0.000  0.380 0.000  0.532 0.000 999.99 0.259000   2.736 0.000   0.927 0.000  1.809 0.000 0.006 0.000  0.143 0.000
 24.333333  25.333333    3.19 0.000 99.99 0.259000 9.999 0.259000 9.99 0.259000 0.007 0.000  0.147 0.000  0.206 0.000 999.99 0.259000   1.936 0.000   1.406 0.000  0.530 0.000 0.003 0.000  0.030 0.000
 27.333333  28.333333    5.41 0.559  0.10 0.559000 9.999 0.559259 0.03 0.559000 0.005 0.559  0.527 0.000  0.738 0.000 999.99 0.559259   1.653 0.000   0.803 0.000  0.850 0.559 0.008 0.559  0.044 0.559
 30.333333  31.333333    2.67 0.000  0.09 0.000000 9.999 0.259000 9.99 0.259000 0.013 0.000  0.231 0.000  0.324 0.000 999.99 0.259000   0.665 0.000   0.389 0.000  0.277 0.000 0.002 0.000  0.015 0.000
 33.333333  34.333333    3.16 0.000  0.25 0.000000 9.999 0.259000 9.99 0.259000 0.057 0.000  0.387 0.000  0.541 0.000 999.99 0.259000   1.219 0.000   0.405 0.000  0.813 0.000 0.005 0.000  0.078 0.000
 36.333333  37.333333    2.53 0.000  0.26 0.000000 9.999 0.259000 0.14 0.000000 0.005 0.000  0.192 0.000  0.268 0.000 999.99 0.259000   1.040 0.000   0.503 0.000  0.536 0.000 0.004 0.000  0.026 0.000
 39.333333  40.333333    1.47 0.000  0.24 0.000000 9.999 0.259000 9.99 0.259000 0.043 0.000  0.506 0.000  0.708 0.000 999.99 0.259000   1.081 0.000   0.246 0.000  0.836 0.000 0.006 0.000  0.058 0.000
 42.333333  43.333333    2.35 0.000  0.51 0.000000 9.999 0.259000 9.99 0.259000 0.050 0.000  0.483 0.000  0.676 0.000 999.99 0.259000   1.799 0.000   0.670 0.000  1.129 0.000 0.006 0.000  0.103 0.000
 45.333333  46.333333    3.57 0.000  0.29 0.000000 0.020 0.000000 9.99 0.259000 0.006 0.559  0.276 0.000  0.386 0.000 999.99 0.259000   0.744 0.000   0.131 0.000  0.613 0.000 0.005 0.000  0.039 0.559
 48.333333  49.333333   16.91 0.000  0.33 0.000000 0.028 0.000000 0.11 0.000000 0.052 0.000  0.487 0.000  0.682 0.000 999.99 0.259000   3.723 0.000   2.432 0.000  1.291 0.000 0.015 0.000  0.107 0.000
 51.333333  52.333333    3.93 0.000  0.22 0.000000 9.999 0.259000 0.10 0.000000 0.202 0.000  0.331 0.000  0.463 0.000 999.99 0.259000   1.213 0.000   0.021 0.000  1.192 0.000 0.004 0.000  0.077 0.000
 54.333333  55.333333 9999.99 0.456 99.99 0.456000 9.999 0.456000 9.99 0.456000 0.006 0.000  0.348 0.000  0.487 0.000 999.99 0.456000   0.924 0.000 999.999 0.999 99.999 0.456 9.999 0.456  0.082 0.000
 57.333333  58.333333    1.32 0.000  0.30 0.000000 9.999 0.259000 0.11 0.000000 0.008 0.559  0.234 0.000  0.328 0.000 999.99 0.259000   0.665 0.000   0.276 0.000  0.389 0.000 0.005 0.000  0.041 0.559
 60.333333  61.333333    2.05 0.000 99.99 0.259000 9.999 0.259000 9.99 0.259000 0.020 0.559  0.698 0.000  0.977 0.000 999.99 0.259000   1.497 0.000   0.373 0.000  1.124 0.000 0.006 0.000  0.073 0.559
 63.333333  64.333333    7.95 0.000  0.27 0.000000 9.999 0.259000 9.99 0.259000 0.004 0.000  0.268 0.000  0.375 0.000 999.99 0.259000   1.440 0.000   0.648 0.000  0.792 0.000 0.007 0.000  0.046 0.000
 66.333333  67.333333   52.67 0.000  1.75 0.000000 9.999 0.259000 9.99 0.259000 0.034 0.000  0.324 0.000  0.453 0.000 999.99 0.259000   4.936 0.000   2.718 0.000  2.219 0.000 0.038 0.000  0.211 0.000
 69.333333  70.333333   23.25 0.559  0.86 0.559000 0.034 0.559000 9.99 0.559259 0.057 0.559  0.398 0.000  0.557 0.000 999.99 0.559259   3.638 0.000   1.845 0.000  1.793 0.559 0.020 0.559  0.120 0.559
 72.333333  73.333333   18.19 0.000  0.52 0.000000 9.999 0.259000 9.99 0.259000 0.016 0.559  0.420 0.000  0.588 0.000 999.99 0.259000   1.972 0.000   0.651 0.000  1.321 0.000 0.015 0.000  0.058 0.559
 75.333333  76.333333   53.81 0.000  1.17 0.000000 0.046 0.000000 0.09 0.000000 0.019 0.000  0.386 0.000  0.540 0.000 999.99 0.259000   4.561 0.000   1.927 0.000  2.634 0.000 0.038 0.000  0.129 0.000
 78.333333  79.333333   32.33 0.000  1.73 0.000000 9.999 0.259000 9.99 0.259000 0.017 0.000  0.454 0.000  0.636 0.000 999.99 0.259000   5.229 0.000   2.955 0.000  2.273 0.000 0.026 0.000  0.146 0.000
 81.333333  82.333333   29.19 0.000  1.17 0.000000 9.999 0.259000 9.99 0.259000 0.013 0.000  0.413 0.000  0.578 0.000 999.99 0.259000   5.401 0.000   2.987 0.000  2.414 0.000 0.025 0.000  0.175 0.000
 84.333333  85.333333   81.38 0.000  1.34 0.000000 9.999 0.259000 9.99 0.259000 0.092 0.000  0.679 0.000  0.951 0.000 999.99 0.259000  12.623 0.000   7.697 0.000  4.925 0.000 0.057 0.000  0.292 0.000
 87.333333  88.333333   16.64 0.000  0.54 0.000000 9.999 0.259000 9.99 0.259000 0.012 0.559  0.148 0.000  0.207 0.000 999.99 0.259000   2.507 0.000   1.427 0.000  1.080 0.000 0.011 0.000  0.070 0.559
 90.333333  91.333333   80.58 0.000  1.12 0.000000 0.051 0.000000 9.99 0.259000 0.051 0.000  0.410 0.000  0.574 0.000 999.99 0.259000   9.163 0.000   5.752 0.000  3.411 0.000 0.056 0.000  0.203 0.000
 93.333333  94.333333   20.07 0.000  0.55 0.000000 9.999 0.259000 0.08 0.000000 0.021 0.000  0.337 0.000  0.471 0.000 999.99 0.259000   2.370 0.000   1.081 0.000  1.289 0.000 0.015 0.000  0.102 0.000
 96.333333  97.333333 9999.99 0.999 99.99 0.999000 9.999 0.999000 9.99 0.999000 9.999 0.999 99.999 0.999 99.999 0.999 999.99 0.999000 999.999 0.999 999.999 0.999 99.999 0.999 9.999 0.999 99.999 0.999
 99.333333 100.333333   50.34 0.000  1.13 0.000000 9.999 0.259000 9.99 0.259000 0.030 0.000  0.443 0.000  0.621 0.000 999.99 0.259000   5.406 0.000   2.468 0.000  2.938 0.000 0.033 0.000  0.194 0.000
102.333333 103.333333    0.02 0.000  0.24 0.000000 0.046 0.000000 9.99 0.259000 0.041 0.000  0.374 0.000  0.524 0.000 999.99 0.259000   8.275 0.000   3.179 0.000  5.097 0.000 0.003 0.000  0.476 0.000
105.333333 106.333333  196.88 0.000  2.64 0.000000 0.087 0.000000 9.99 0.259000 0.088 0.000  0.470 0.000  0.658 0.000 999.99 0.259000  12.732 0.000   5.563 0.000  7.168 0.000 0.125 0.000  0.326 0.000
108.333333 109.333333   32.05 0.000  1.23 0.000000 0.049 0.000000 9.99 0.259000 0.022 0.000  0.335 0.000  0.469 0.000 999.99 0.259000   2.786 0.000   0.873 0.000  1.913 0.000 0.027 0.000  0.185 0.000
111.333333 112.333333   34.35 0.000  1.18 0.000000 9.999 0.259000 9.99 0.259000 0.013 0.000  0.250 0.000  0.350 0.000 999.99 0.259000   3.164 0.000   1.614 0.000  1.550 0.000 0.027 0.000  0.167 0.000
114.333333 115.333333   29.05 0.000  1.05 0.000000 9.999 0.259000 9.99 0.259000 0.017 0.000  0.418 0.000  0.585 0.000 999.99 0.259000   3.041 0.000   1.236 0.000  1.805 0.000 0.023 0.000  0.176 0.000
117.333333 118.333333  156.95 0.000  8.40 0.000000 0.084 0.000000 9.99 0.259000 0.043 0.000  0.416 0.000  0.582 0.000 999.99 0.259000  12.384 0.000   3.832 0.000  8.552 0.000 0.128 0.000  1.042 0.000
120.333333 121.333333   48.73 0.000  0.72 0.000000 9.999 0.259000 9.99 0.259000 0.053 0.559  0.304 0.000  0.425 0.000 999.99 0.259000   6.903 0.000   4.235 0.000  2.669 0.000 0.033 0.000  0.179 0.559
123.333333 124.333333  103.93 0.000  0.93 0.000000 9.999 0.259000 0.05 0.000000 0.030 0.559  0.557 0.000  0.780 0.000 999.99 0.259000   7.680 0.000   3.555 0.000  4.125 0.000 0.063 0.000  0.154 0.559
126.333333 127.333333  102.32 0.000  1.23 0.000000 0.080 0.000000 0.12 0.000000 0.102 0.000  0.559 0.000  0.782 0.000 999.99 0.259000   9.698 0.000   5.017 0.000  4.681 0.000 0.068 0.000  0.233 0.000
129.333333 130.333333  147.12 0.000  1.58 0.000000 0.087 0.000000 0.07 0.000000 0.068 0.000  0.418 0.000  0.585 0.000 999.99 0.259000  10.212 0.000   4.688 0.000  5.524 0.000 0.092 0.000  0.269 0.000
132.333333 133.333333   18.74 0.000  0.53 0.000000 9.999 0.259000 0.10 0.000000 0.014 0.000  0.379 0.000  0.530 0.000 999.99 0.259000   2.609 0.000   1.138 0.000  1.471 0.000 0.017 0.000  0.092 0.000
135.333333 136.333333   49.99 0.000  1.03 0.000000 0.036 0.000000 0.05 0.000000 0.056 0.000  0.610 0.000  0.854 0.000 999.99 0.259000   5.780 0.000   2.428 0.000  3.353 0.000 0.039 0.000  0.233 0.000
138.333333 139.333333   65.63 0.000  1.22 0.000000 9.999 0.259000 0.10 0.000000 0.090 0.559  0.403 0.000  0.564 0.000 999.99 0.259000   8.983 0.000   5.360 0.000  3.623 0.000 0.046 0.000  0.237 0.559
141.333333 142.333333   53.40 0.000  0.91 0.000000 9.999 0.259000 0.10 0.000000 0.052 0.000  0.424 0.000  0.594 0.000 999.99 0.259000   8.383 0.000   4.896 0.000  3.487 0.000 0.038 0.000  0.214 0.000
144.333333 145.333333   28.53 0.000  0.77 0.000000 9.999 0.259000 0.04 0.000000 0.035 0.000  0.480 0.000  0.672 0.000 999.99 0.259000   5.415 0.000   2.945 0.000  2.470 0.000 0.023 0.000  0.168 0.000
147.333333 148.333333   21.78 0.000  0.32 0.000000 0.036 0.000000 0.07 0.000000 0.016 0.559  0.386 0.000  0.540 0.000 999.99 0.259000   3.554 0.000   2.040 0.000  1.514 0.000 0.015 0.000  0.091 0.559
150.333333 151.333333   23.19 0.559  0.51 0.559000 0.032 0.559000 0.05 0.559000 0.013 0.000  0.246 0.000  0.345 0.000 999.99 0.559259   3.534 0.000   1.905 0.000  1.629 0.559 0.017 0.559  0.114 0.000
153.333333 154.333333   51.45 0.559  1.20 0.559000 9.999 0.559259 9.99 0.559259 0.018 0.000  0.581 0.000  0.813 0.000 999.99 0.559259   5.320 0.000   2.246 0.000  3.074 0.559 0.038 0.559  0.185 0.000
156.333333 157.333333   49.34 0.559  0.74 0.559000 9.999 0.559259 0.12 0.559000 0.026 0.000  0.653 0.000  0.914 0.000 999.99 0.559259   6.177 0.000   3.454 0.000  2.723 0.559 0.032 0.559  0.150 0.000
159.333333 160.333333  110.53 0.559  0.99 0.559000 9.999 0.559259 9.99 0.559259 0.131 0.000  1.066 0.000  1.493 0.000 999.99 0.559259  17.049 0.000  10.957 0.000  6.091 0.559 0.127 0.559  0.347 0.000
162.333333 163.333333   42.88 0.559  1.21 0.559000 9.999 0.559259 9.99 0.559259 0.024 0.000  0.449 0.000  0.628 0.000 999.99 0.559259   6.822 0.000   3.432 0.000  3.390 0.559 0.039 0.559  0.281 0.000
165.333333 166.333333   47.06 0.559  1.14 0.559000 9.999 0.559259 9.99 0.559259 0.024 0.000  0.623 0.000  0.872 0.000 999.99 0.559259   6.659 0.000   3.487 0.000  3.171 0.559 0.041 0.559  0.217 0.000
168.333333 169.333333   31.80 0.559  0.49 0.559000 9.999 0.559259 0.12 0.559000 0.019 0.000  0.583 0.000  0.816 0.000 999.99 0.559259   5.136 0.000   3.004 0.000  2.132 0.559 0.027 0.559  0.102 0.000
171.333333 172.333333   39.22 0.559  0.55 0.559000 9.999 0.559259 0.17 0.559000 0.038 0.000  0.643 0.000  0.901 0.000 999.99 0.559259   8.325 0.000   5.004 0.000  3.321 0.559 0.038 0.559  0.206 0.000
174.333333 175.333333   31.07 0.559  0.50 0.559000 9.999 0.559259 0.12 0.559000 0.023 0.000  0.551 0.000  0.772 0.000 999.99 0.559259   5.964 0.000   3.011 0.000  2.953 0.559 0.035 0.559  0.235 0.000
177.333333 178.333333   33.47 0.559 99.99 0.559259 9.999 0.559259 0.09 0.559000 0.020 0.000  0.440 0.000  0.616 0.000 999.99 0.559259   6.291 0.000   3.611 0.000  2.679 0.559 0.036 0.559  0.227 0.000
180.333333 181.333333   32.05 0.559  0.54 0.559000 9.999 0.559259 0.20 0.559000 0.018 0.000  1.121 0.000  1.569 0.000 999.99 0.559259   7.018 0.000   3.247 0.000  3.770 0.559 0.048 0.559  0.205 0.000
183.333333 184.333333   34.71 0.559  0.48 0.559000 9.999 0.559259 9.99 0.559259 0.059 0.000  0.394 0.000  0.551 0.000 999.99 0.559259   8.374 0.000   5.245 0.000  3.129 0.559 0.063 0.559  0.284 0.000
186.333333 187.333333   24.92 0.559  0.30 0.559000 9.999 0.559259 9.99 0.559259 0.013 0.000  0.721 0.000  1.010 0.000 999.99 0.559259   5.229 0.000   2.914 0.000  2.315 0.559 0.023 0.559  0.101 0.000
189.333333 190.333333   71.58 0.559  0.59 0.559000 9.999 0.559259 0.16 0.559000 0.057 0.000  0.740 0.000  1.035 0.000 999.99 0.559259  10.784 0.000   6.072 0.000  4.712 0.559 0.077 0.559  0.287 0.000
192.333333 193.333333   19.80 0.559  0.52 0.559000 9.999 0.559259 9.99 0.559259 0.014 0.559  0.583 0.000  0.817 0.000 999.99 0.559259   3.411 0.000   1.995 0.000  1.416 0.559 0.015 0.559  0.122 0.559
195.333333 196.333333   58.43 0.559  0.55 0.559000 9.999 0.559259 0.15 0.559000 0.047 0.559  0.959 0.000  1.343 0.000 999.99 0.559259  12.021 0.000   6.908 0.000  5.113 0.559 0.064 0.559  0.399 0.559
198.333333 199.333333   18.48 0.559  0.39 0.559000 9.999 0.559259 0.12 0.559000 0.020 0.000  0.861 0.000  1.205 0.000 999.99 0.559259   4.752 0.000   1.897 0.000  2.855 0.559 0.027 0.559  0.214 0.000
201.333333 202.333333 9999.99 0.456 99.99 0.456000 9.999 0.456000 9.99 0.456000 0.015 0.000 99.999 0.999 99.999 0.999 999.99 0.456000   4.954 0.000 999.999 0.999 99.999 0.456 9.999 0.456  0.214 0.000
204.333333 205.333333 9999.99 0.456 99.99 0.456000 9.999 0.456000 9.99 0.456000 0.013 0.000 99.999 0.999 99.999 0.999 999.99 0.456000   6.782 0.000 999.999 0.999 99.999 0.456 9.999 0.456  0.135 0.000
207.333333 208.333333 9999.99 0.456 99.99 0.456000 9.999 0.456000 9.99 0.456000 0.030 0.000 99.999 0.999 99.999 0.999 999.99 0.456000  10.662 0.000 999.999 0.999 99.999 0.456 9.999 0.456  0.276 0.000
210.333333 211.333333   52.48 0.559 99.99 0.559259 9.999 0.559259 9.99 0.559259 0.040 0.000  0.956 0.000  1.338 0.000 999.99 0.559259   8.701 0.000   4.655 0.000  4.046 0.559 0.045 0.559  0.220 0.000
213.333333 214.333333   23.85 0.559  0.25 0.559000 9.999 0.559259 0.13 0.559000 0.024 0.000  0.552 0.000  0.773 0.000 999.99 0.559259   5.229 0.000   2.308 0.000  2.921 0.559 0.030 0.559  0.263 0.000
216.333333 217.333333   28.74 0.559  0.31 0.559000 9.999 0.559259 0.11 0.559000 0.032 0.000  0.362 0.000  0.507 0.000 999.99 0.559259   6.132 0.000   3.590 0.000  2.543 0.559 0.032 0.559  0.256 0.000
219.333333 220.333333   37.71 0.559  0.49 0.559000 9.999 0.559259 0.07 0.559000 0.023 0.000  0.436 0.000  0.611 0.000 999.99 0.559259   6.413 0.000   4.017 0.000  2.397 0.559 0.031 0.559  0.159 0.000
222.333333 223.333333   22.11 0.559  0.49 0.559000 9.999 0.559259 9.99 0.559259 0.021 0.559  0.708 0.000  0.991 0.000 999.99 0.559259   5.745 0.000   3.296 0.000  2.449 0.559 0.025 0.559  0.193 0.559
225.333333 226.333333   36.45 0.394  0.59 0.394000 9.999 0.394259 9.99 0.394259 0.018 0.394  0.905 0.000  1.267 0.000 999.99 0.394259  12.646 0.000   8.991 0.000  3.655 0.000 0.042 0.394  0.256 0.394
228.333333 229.333333   25.27 0.000  0.59 0.000000 9.999 0.259000 0.24 0.000000 0.017 0.000  0.877 0.000  1.228 0.000 999.99 0.259000   8.846 0.000   5.733 0.000  3.113 0.000 0.026 0.000  0.201 0.000
231.333333 232.333333   13.04 0.000  0.28 0.000000 9.999 0.259000 9.99 0.259000 0.011 0.000  1.717 0.000  2.403 0.000 999.99 0.259000   5.332 0.000   1.680 0.000  3.652 0.000 0.021 0.000  0.118 0.000
234.333333 235.333333   23.02 0.000  0.35 0.000000 9.999 0.259000 0.20 0.000000 0.020 0.000  0.496 0.000  0.695 0.000 999.99 0.259000   5.250 0.000   2.915 0.000  2.335 0.000 0.023 0.000  0.223 0.000
237.333333 238.333333   36.55 0.000  0.42 0.000000 9.999 0.259000 0.12 0.000000 0.020 0.000  0.429 0.000  0.601 0.000 999.99 0.259000   6.862 0.000   4.054 0.000  2.808 0.000 0.029 0.000  0.252 0.000
