scripts/IMPROVE-2019_partial/data/US2905R.19960103080000.20191216000000.filterpack...1y.3d.US03L_filterpack_US2905.US03L_IMPROVE_Davis.lev2.nas
52 1001
MISSING INFORMATION
US03L, IMPROVE, , , , , , , 
MISSING INFORMATION
IMPROVE sel_HTAP
1 1
1996 01 01 2019 12 16
0
days from file reference point
5
1 1 1 1 1
999.999999 999.999 9.999 999.999 9.999
end_time of measurement, days from the file reference point
pm10_mass, ug/m3, Matrix=pm10
numflag pm10_mass, no unit, Matrix=pm10
pm25_mass, ug/m3, Matrix=pm25
numflag pm25_mass, no unit, Matrix=pm25
0
33
Data definition:              EBAS_1.1
Set type code:                TI
Timezone:                     UTC
File name:                    US2905R.19960103080000.20191216000000.filterpack...1y.3d.US03L_filterpack_US2905.US03L_IMPROVE_Davis.lev2.nas
File creation:                20191218120403
Startdate:                    19960103080000
Revision date:                20191216000000
Version:                      2
Version description:          "Data extracted from http://views.cira.colostate.edu/fed/DataWizard 2019-12-16"
Statistics:                   arithmetic mean
Data level:                   2
Period code:                  1y
Resolution code:              3d
Sample duration:              1d
Orig. time res.:              3d
Station code:                 US2905R
Platform code:                US2905S
Station name:                 Great Basin National Park-Lehman Caves (NV05)
Station latitude:             39.005
Station longitude:            -114.2158
Station altitude:             2067.0 m
Regime:                       IMG
Component:                    
Unit:                         ug/m3
Matrix:                       
Laboratory code:              US03L
Instrument type:              filterpack
Instrument name:              filterpack_US2905
Method ref:                   US03L_IMPROVE_Davis
Blank correction:             Blank corrected
Volume std. temperature:      ambient
Volume std. pressure:         ambient
starttime endtime PM10 flag_PM10 PM2.5 flag_PM2.5
  2.333333   3.333333   1.511 0.000 999.999 0.259
  5.333333   6.333333   1.151 0.000   0.566 0.000
  9.333333  10.333333   1.543 0.000   0.355 0.000
 12.333333  13.333333   1.881 0.000   0.325 0.000
 16.333333  17.333333   3.335 0.000   0.640 0.000
 19.333333  20.333333   2.353 0.000   0.609 0.000
 23.333333  24.333333   5.952 0.000   1.059 0.000
 26.333333  27.333333   3.511 0.000   1.198 0.000
 30.333333  31.333333   2.556 0.000   1.553 0.000
 33.333333  34.333333   3.530 0.000   2.335 0.000
 37.333333  38.333333   3.604 0.000   1.092 0.000
 40.333333  41.333333   5.105 0.000   2.092 0.000
 44.333333  45.333333   3.564 0.000   1.157 0.000
 47.333333  48.333333   4.740 0.000   1.484 0.000
 51.333333  52.333333   2.099 0.000   0.601 0.000
 54.333333  55.333333   8.547 0.000   3.396 0.000
 58.333333  59.333333   2.824 0.000   1.789 0.000
 61.333333  62.333333   3.434 0.000   1.516 0.000
 65.333333  66.333333   2.068 0.000   0.810 0.000
 68.333333  69.333333   3.004 0.000   0.926 0.000
 72.333333  73.333333   3.825 0.000   0.962 0.000
 75.333333  76.333333   5.645 0.000   2.474 0.000
 79.333333  80.333333   5.071 0.000   2.600 0.000
 82.333333  83.333333  11.170 0.000   1.600 0.000
 86.333333  87.333333   7.631 0.000   2.377 0.000
 89.333333  90.333333   7.057 0.000   1.667 0.000
 93.333333  94.333333   7.830 0.000   1.257 0.000
 96.333333  97.333333   7.051 0.000   1.706 0.000
100.333333 101.333333   5.622 0.000   2.437 0.000
103.333333 104.333333   3.417 0.000   0.883 0.000
107.333333 108.333333   8.504 0.000   3.861 0.000
110.333333 111.333333   7.130 0.000   1.347 0.000
114.333333 115.333333  11.586 0.000   4.131 0.000
117.333333 118.333333  13.637 0.000   6.726 0.000
121.333333 122.333333   5.306 0.000   2.185 0.000
124.333333 125.333333  15.776 0.000   9.341 0.000
128.333333 129.333333   5.590 0.000   1.993 0.000
131.333333 132.333333   7.465 0.000   4.590 0.000
135.333333 136.333333  12.907 0.000   4.033 0.000
138.333333 139.333333   7.407 0.000   4.913 0.000
142.333333 143.333333   7.776 0.000   4.999 0.000
145.333333 146.333333   4.847 0.000   3.472 0.000
149.333333 150.333333   6.840 0.000   4.698 0.000
152.333333 153.333333   6.667 0.000   4.581 0.000
156.333333 157.333333   9.403 0.000   5.626 0.000
159.333333 160.333333  16.855 0.000  11.998 0.000
163.333333 164.333333   8.292 0.000   4.204 0.000
166.333333 167.333333   8.154 0.000 999.999 0.999
170.333333 171.333333  23.063 0.000   6.852 0.000
173.333333 174.333333  19.115 0.000   6.335 0.000
177.333333 178.333333  12.067 0.000   3.060 0.000
180.333333 181.333333   5.428 0.000   4.443 0.000
184.333333 185.333333   8.933 0.000   5.319 0.000
187.333333 188.333333  10.518 0.000   4.659 0.000
191.333333 192.333333   5.142 0.000   3.167 0.000
194.333333 195.333333   6.544 0.000   3.312 0.000
198.333333 199.333333   8.139 0.000   4.380 0.000
201.333333 202.333333   5.814 0.000   2.673 0.000
205.333333 206.333333   6.680 0.000   3.370 0.000
208.333333 209.333333   7.970 0.000   4.388 0.000
212.333333 213.333333   6.135 0.000   3.051 0.000
215.333333 216.333333  10.697 0.000   4.943 0.000
219.333333 220.333333   7.205 0.000   4.178 0.000
222.333333 223.333333   9.064 0.000   5.266 0.000
226.333333 227.333333  12.791 0.000   6.305 0.000
229.333333 230.333333   7.558 0.000   5.608 0.000
233.333333 234.333333  15.470 0.000  12.009 0.000
236.333333 237.333333  12.161 0.000   7.651 0.000
240.333333 241.333333  21.697 0.000  16.524 0.000
243.333333 244.333333  12.527 0.000   8.635 0.000
247.333333 248.333333   7.566 0.000   3.780 0.000
250.333333 251.333333   8.534 0.000   3.353 0.000
254.333333 255.333333   5.563 0.000   2.676 0.000
257.333333 258.333333   4.891 0.000   1.593 0.000
261.333333 262.333333   3.748 0.000   1.520 0.000
264.333333 265.333333   5.498 0.000   5.178 0.000
268.333333 269.333333   5.769 0.000   2.444 0.000
271.333333 272.333333   4.209 0.000   1.627 0.000
275.333333 276.333333   5.897 0.000   2.860 0.000
278.333333 279.333333   6.805 0.000   3.442 0.000
282.333333 283.333333   5.816 0.000   1.591 0.000
285.333333 286.333333   3.090 0.000   2.653 0.000
289.333333 290.333333   7.122 0.000   2.497 0.000
292.333333 293.333333   9.544 0.000   2.121 0.000
296.333333 297.333333   4.167 0.000   1.127 0.000
299.333333 300.333333   2.770 0.000   1.304 0.000
303.333333 304.333333   5.917 0.000   2.608 0.000
306.333333 307.333333   2.753 0.000   2.491 0.000
310.333333 311.333333 999.999 0.999   4.679 0.000
313.333333 314.333333  10.790 0.000   5.231 0.000
317.333333 318.333333  14.405 0.000   2.315 0.000
320.333333 321.333333  20.765 0.000   1.306 0.000
324.333333 325.333333   2.502 0.000   1.075 0.000
327.333333 328.333333   0.971 0.000   0.830 0.000
331.333333 332.333333   1.288 0.000   0.676 0.000
334.333333 335.333333   1.834 0.000   0.953 0.000
338.333333 339.333333   6.827 0.000   1.018 0.000
341.333333 342.333333   2.590 0.000   1.049 0.000
345.333333 346.333333   4.231 0.000   1.049 0.000
348.333333 349.333333   2.754 0.000   1.111 0.000
352.333333 353.333333   3.947 0.000   2.275 0.000
355.333333 356.333333   6.527 0.000   4.221 0.000
359.333333 360.333333   1.736 0.000   1.437 0.000
362.333333 363.333333   3.132 0.000   0.722 0.000
