scripts/IMPROVE-2019_partial/data/US2905R.19940101080000.20191216000000.filterpack...1y.3d.US03L_filterpack_US2905.US03L_IMPROVE_Davis.lev2.nas
51 1001
MISSING INFORMATION
US03L, IMPROVE, , , , , , , 
MISSING INFORMATION
IMPROVE sel_HTAP
1 1
1994 01 01 2019 12 16
0
days from file reference point
4
1 1 1 1
999.999999 999.999 99.999 9.999
end_time of measurement, days from the file reference point
pm10_mass, ug/m3, Matrix=pm10
pm25_mass, ug/m3, Matrix=pm25
numflag, no unit
0
33
Data definition:              EBAS_1.1
Set type code:                TI
Timezone:                     UTC
File name:                    US2905R.19940101080000.20191216000000.filterpack...1y.3d.US03L_filterpack_US2905.US03L_IMPROVE_Davis.lev2.nas
File creation:                20191218120403
Startdate:                    19940101080000
Revision date:                20191216000000
Version:                      2
Version description:          "Data extracted from http://views.cira.colostate.edu/fed/DataWizard 2019-12-16"
Statistics:                   arithmetic mean
Data level:                   2
Period code:                  1y
Resolution code:              3d
Sample duration:              1d
Orig. time res.:              3d
Station code:                 US2905R
Platform code:                US2905S
Station name:                 Great Basin National Park-Lehman Caves (NV05)
Station latitude:             39.005
Station longitude:            -114.2158
Station altitude:             2067.0 m
Regime:                       IMG
Component:                    
Unit:                         ug/m3
Matrix:                       
Laboratory code:              US03L
Instrument type:              filterpack
Instrument name:              filterpack_US2905
Method ref:                   US03L_IMPROVE_Davis
Blank correction:             Blank corrected
Volume std. temperature:      ambient
Volume std. pressure:         ambient
starttime endtime PM10 PM2.5 flag
  0.333333   1.333333   6.466  1.438 0.000
  4.333333   5.333333  10.156  1.556 0.000
  7.333333   8.333333   2.008  1.302 0.000
 11.333333  12.333333   2.210  1.025 0.000
 14.333333  15.333333   2.436  1.118 0.000
 18.333333  19.333333   2.555  1.969 0.000
 21.333333  22.333333   3.120  1.219 0.000
 25.333333  26.333333   1.462 99.999 0.000
 28.333333  29.333333   4.007  2.804 0.000
 32.333333  33.333333 999.999  1.270 0.000
 35.333333  36.333333   4.924 99.999 0.000
 39.333333  40.333333   8.258  1.918 0.000
 42.333333  43.333333   3.990  1.625 0.000
 46.333333  47.333333  10.000  2.994 0.000
 49.333333  50.333333   2.109  0.892 0.000
 53.333333  54.333333   3.722  1.429 0.000
 56.333333  57.333333   5.038  2.174 0.000
 60.333333  61.333333   9.586  2.329 0.000
 63.333333  64.333333   6.128  3.323 0.000
 67.333333  68.333333   5.400  1.846 0.000
 70.333333  71.333333   3.682  1.785 0.000
 74.333333  75.333333   6.284  5.065 0.000
 77.333333  78.333333   4.958  2.143 0.000
 81.333333  82.333333  10.395  3.502 0.000
 84.333333  85.333333   8.577  3.060 0.000
 88.333333  89.333333   6.235  2.601 0.000
 91.333333  92.333333   5.551  3.240 0.000
 95.333333  96.333333   3.717  2.038 0.000
 98.333333  99.333333   2.308 99.999 0.000
102.333333 103.333333  14.029  7.530 0.000
105.333333 106.333333  11.259  6.585 0.000
109.333333 110.333333  13.630  6.210 0.000
112.333333 113.333333  21.165  7.134 0.000
116.333333 117.333333   4.137  1.031 0.000
119.333333 120.333333   4.886  4.780 0.000
123.333333 124.333333  10.116  7.830 0.000
126.333333 127.333333   8.608 99.999 0.000
130.333333 131.333333  13.563  5.674 0.000
133.333333 134.333333  18.956  6.454 0.000
137.333333 138.333333   6.958  3.704 0.000
140.333333 141.333333   5.914  1.944 0.000
144.333333 145.333333  12.154  4.299 0.000
147.333333 148.333333   9.846  5.892 0.000
151.333333 152.333333   6.382  4.013 0.000
154.333333 155.333333   9.462  4.146 0.000
158.333333 159.333333   6.170  3.445 0.000
161.333333 162.333333   8.951  3.865 0.000
165.333333 166.333333  10.821  4.799 0.000
168.333333 169.333333   5.888 99.999 0.000
172.333333 173.333333   9.861  3.969 0.000
175.333333 176.333333   5.788  3.169 0.000
179.333333 180.333333   9.684  5.046 0.000
182.333333 183.333333  13.310  7.600 0.000
186.333333 187.333333  24.494  8.517 0.000
189.333333 190.333333  12.446  9.576 0.000
193.333333 194.333333   7.801  4.545 0.000
196.333333 197.333333  11.916  5.736 0.000
200.333333 201.333333 999.999  2.997 0.000
203.333333 204.333333  10.831  5.195 0.000
207.333333 208.333333   9.236  3.879 0.000
210.333333 211.333333  11.063  7.303 0.000
214.333333 215.333333   8.374  2.840 0.000
217.333333 218.333333   7.891  6.748 0.000
221.333333 222.333333   6.597  3.636 0.000
224.333333 225.333333   5.461  2.606 0.000
228.333333 229.333333  13.821  4.940 0.000
231.333333 232.333333   9.594  6.168 0.000
235.333333 236.333333   6.986  2.840 0.000
238.333333 239.333333   8.502  4.012 0.000
242.333333 243.333333  10.833  4.650 0.000
245.333333 246.333333  14.706  5.478 0.000
249.333333 250.333333   5.900  3.333 0.000
252.333333 253.333333   5.564  2.107 0.000
256.333333 257.333333  11.628  3.354 0.000
259.333333 260.333333   9.275  3.407 0.000
263.333333 264.333333  11.567  5.556 0.000
266.333333 267.333333   7.132  2.679 0.000
270.333333 271.333333   6.733  2.968 0.000
273.333333 274.333333   4.937  3.149 0.000
277.333333 278.333333   3.525  1.810 0.000
280.333333 281.333333   6.025  3.175 0.000
284.333333 285.333333 999.999  4.395 0.000
287.333333 288.333333   8.945  0.757 0.000
291.333333 292.333333   6.653  1.812 0.000
294.333333 295.333333   8.645  2.063 0.000
298.333333 299.333333   5.407  2.677 0.000
301.333333 302.333333   8.533  1.492 0.000
305.333333 306.333333   5.902  1.396 0.000
308.333333 309.333333   3.286  1.830 0.000
312.333333 313.333333   5.662  1.934 0.000
315.333333 316.333333   2.370  1.082 0.000
319.333333 320.333333   5.778  1.226 0.000
322.333333 323.333333   3.937  2.065 0.000
326.333333 327.333333   3.787  2.033 0.000
329.333333 330.333333   1.277  1.067 0.000
333.333333 334.333333   1.404  0.912 0.000
336.333333 337.333333  10.921  2.085 0.000
340.333333 341.333333   9.017 99.999 0.000
343.333333 344.333333   2.686  1.688 0.000
347.333333 348.333333   2.906  2.373 0.000
350.333333 351.333333   2.076  0.879 0.000
354.333333 355.333333   9.729  1.772 0.000
357.333333 358.333333   1.849  1.108 0.000
361.333333 362.333333   3.517  2.075 0.000
364.333333 365.333333   4.508  2.880 0.000
