scripts/IMPROVE-2019_partial/data/US2905R.20030103080000.20191216000000.filterpack..pm25.1y.1w.US03L_filterpack_US2905.US03L_IMPROVE_Davis.lev2.nas
66 1001
MISSING INFORMATION
US03L, IMPROVE, , , , , , , 
MISSING INFORMATION
IMPROVE sel_HTAP
1 1
2003 01 01 2019 12 16
3.000000
days from file reference point
27
1 1 1 1 1 1 1 1 1 1 1 1 1 1 1 1 1 1 1 1 1 1 1 1 1 1 1
999.999999 9999.99 9.999 9.99 9.999 9.999 9.999999 9.99 9.999999 9.999 9.999 99.999 9.999 99.999 9.999 99.99 9.999999 999.999 9.999 999.999 9.999 99.999 9.999 9.999 9.999 9.999 9.999
end_time of measurement, days from the file reference point
iron, ng/m3, Revision date=20181210133000
numflag iron, no unit, Revision date=20181210133000
lead, ng/m3, Revision date=20181210133000
numflag lead, no unit, Revision date=20181210133000
magnesium, ug/m3, Revision date=20181210133000
numflag magnesium, no unit, Revision date=20181210133000
nickel, ng/m3, Revision date=20181210133000
numflag nickel, no unit, Revision date=20181210133000
nitrate, ug N/m3, Revision date=20181210133000
numflag nitrate, no unit, Revision date=20181210133000
organic_carbon, ug C/m3, Revision date=20181210133000
numflag organic_carbon, no unit, Revision date=20181210133000
organic_mass, ug/m3, Revision date=20181210133000
numflag organic_mass, no unit, Revision date=20181210133000
phosphorus, ng/m3, Revision date=20181210133000
numflag phosphorus, no unit, Revision date=20181210133000
pm10_mass, ug/m3, Version=2, Version description=Data extracted from http://views.cira.colostate.edu/fed/DataWizard 2019-12-16, Sample duration=1d, Orig. time res.=3d, Matrix=pm10, Blank correction=Blank corrected, Volume std. temperature=ambient, Volume std. pressure=ambient
numflag pm10_mass, no unit, Version=2, Version description=Data extracted from http://views.cira.colostate.edu/fed/DataWizard 2019-12-16, Sample duration=1d, Orig. time res.=3d, Matrix=pm10, Blank correction=Blank corrected, Volume std. temperature=ambient, Volume std. pressure=ambient
pm10_pm25_mass, ug/m3, Revision date=20181210133000, Matrix=pm10_pm25
numflag pm10_pm25_mass, no unit, Revision date=20181210133000, Matrix=pm10_pm25
pm25_mass, ug/m3, Version=2, Version description=Data extracted from http://views.cira.colostate.edu/fed/DataWizard 2019-12-16, Sample duration=1d, Orig. time res.=3d, Blank correction=Blank corrected, Volume std. temperature=ambient, Volume std. pressure=ambient
numflag pm25_mass, no unit, Version=2, Version description=Data extracted from http://views.cira.colostate.edu/fed/DataWizard 2019-12-16, Sample duration=1d, Orig. time res.=3d, Blank correction=Blank corrected, Volume std. temperature=ambient, Volume std. pressure=ambient
potassium, ug/m3, Revision date=20181210133000
numflag potassium, no unit, Revision date=20181210133000
sulphate_total, ug S/m3, Revision date=20181210133000
numflag sulphate_total, no unit, Revision date=20181210133000
0
25
Data definition:              EBAS_1.1
Set type code:                TU
Timezone:                     UTC
File name:                    US2905R.20030103080000.20191216000000.filterpack..pm25.1y.1w.US03L_filterpack_US2905.US03L_IMPROVE_Davis.lev2.nas
File creation:                20191218120404
Startdate:                    20030103080000
Revision date:                20191216000000
Statistics:                   arithmetic mean
Data level:                   2
Period code:                  1y
Resolution code:              1w
Station code:                 US2905R
Platform code:                US2905S
Station name:                 Great Basin National Park-Lehman Caves (NV05)
Station latitude:             39.005
Station longitude:            -114.2158
Station altitude:             2067.0 m
Regime:                       IMG
Component:                    
Matrix:                       pm25
Laboratory code:              US03L
Instrument type:              filterpack
Instrument name:              filterpack_US2905
Method ref:                   US03L_IMPROVE_Davis
starttime endtime Fe flag_Fe Pb flag_Pb Mg++ flag_Mg++ Ni flag_Ni NO3- flag_NO3- OC flag_OC OM flag_OM P flag_P PM10 flag_PM10 PM10-PM2.5 flag_PM10-PM2.5 PM2.5 flag_PM2.5 K+ flag_K+ SO4-- flag_SO4--
  2.333333   3.333333 9999.99 0.999 9.99 0.999 9.999 0.999000 9.99 0.999000 9.999 0.999 99.999 0.999 99.999 0.999 99.99 0.999000 999.999 0.999 999.999 0.999 99.999 0.999 9.999 0.999 9.999 0.999
  5.333333   6.333333    2.64 0.000 0.15 0.000 0.012 0.000000 9.99 0.259000 0.017 0.559  0.421 0.000  0.590 0.000 99.99 0.259000   1.497 0.000   0.561 0.000  0.936 0.000 0.003 0.000 0.129 0.559
  8.333333   9.333333   12.73 0.000 0.33 0.000 0.010 0.000000 9.99 0.259000 0.027 0.000  1.420 0.000  1.987 0.000 99.99 0.259000   5.988 0.000   2.564 0.000  3.424 0.000 0.023 0.000 0.226 0.000
 11.333333  12.333333    7.86 0.000 0.16 0.000 9.999 0.259000 0.16 0.000000 0.003 0.559  1.016 0.000  1.422 0.000 99.99 0.259000   1.206 0.000 999.999 0.259  1.291 0.000 0.008 0.000 0.029 0.559
 14.333333  15.333333 9999.99 0.456 9.99 0.456 9.999 0.456000 9.99 0.456000 0.010 0.559  0.816 0.000  1.142 0.000 99.99 0.456000 999.999 0.456 999.999 0.999 99.999 0.456 9.999 0.456 0.052 0.559
 17.333333  18.333333 9999.99 0.456 9.99 0.456 9.999 0.456000 9.99 0.456000 0.002 0.559  0.503 0.000  0.704 0.000 99.99 0.456000 999.999 0.456 999.999 0.999 99.999 0.456 9.999 0.456 0.016 0.559
 20.333333  21.333333 9999.99 0.456 9.99 0.456 9.999 0.456000 9.99 0.456000 0.005 0.000  0.810 0.000  1.134 0.000 99.99 0.456000 999.999 0.456 999.999 0.999 99.999 0.456 9.999 0.456 0.025 0.000
 23.333333  24.333333 9999.99 0.456 9.99 0.456 9.999 0.456000 9.99 0.456000 0.009 0.559  0.734 0.000  1.028 0.000 99.99 0.456000 999.999 0.456 999.999 0.999 99.999 0.456 9.999 0.456 0.032 0.559
 26.333333  27.333333 9999.99 0.456 9.99 0.456 9.999 0.456000 9.99 0.456000 0.002 0.000  0.851 0.000  1.191 0.000 99.99 0.456000 999.999 0.456 999.999 0.999 99.999 0.456 9.999 0.456 0.131 0.000
 29.333333  30.333333 9999.99 0.456 9.99 0.456 9.999 0.456000 9.99 0.456000 0.001 0.000  1.086 0.000  1.520 0.000 99.99 0.456000 999.999 0.456 999.999 0.999 99.999 0.456 9.999 0.456 0.027 0.000
 32.333333  33.333333 9999.99 0.456 9.99 0.456 9.999 0.456000 9.99 0.456000 0.005 0.559  0.332 0.000  0.464 0.000 99.99 0.456000 999.999 0.456 999.999 0.999 99.999 0.456 9.999 0.456 0.024 0.559
 35.333333  36.333333    2.07 0.000 9.99 0.259 0.015 0.000000 9.99 0.259000 0.082 0.000  0.521 0.000  0.729 0.000 99.99 0.259000   1.590 0.000   0.660 0.000  0.930 0.000 0.006 0.000 0.050 0.000
 38.333333  39.333333    1.82 0.000 0.15 0.000 9.999 0.259000 9.99 0.259000 0.086 0.000  0.339 0.000  0.475 0.000 99.99 0.259000   1.179 0.000   0.146 0.000  1.032 0.000 0.005 0.000 0.083 0.000
 41.333333  42.333333    6.19 0.000 0.11 0.000 9.999 0.259000 9.99 0.259000 0.003 0.559  1.161 0.000  1.625 0.000 99.99 0.259000   4.325 0.000   2.442 0.000  1.883 0.000 0.009 0.000 0.031 0.559
 44.333333  45.333333 9999.99 0.999 9.99 0.999 9.999 0.999000 9.99 0.999000 9.999 0.999 99.999 0.999 99.999 0.999 99.99 0.999000 999.999 0.999 999.999 0.999 99.999 0.999 9.999 0.999 9.999 0.999
 47.333333  48.333333 9999.99 0.999 9.99 0.999 9.999 0.999000 9.99 0.999000 9.999 0.999 99.999 0.999 99.999 0.999 99.99 0.999000 999.999 0.999 999.999 0.999 99.999 0.999 9.999 0.999 9.999 0.999
 50.333333  51.333333    6.69 0.000 0.52 0.000 9.999 0.259000 9.99 0.259000 0.090 0.000  1.112 0.000  1.557 0.000 99.99 0.259000   4.699 0.000   2.644 0.000  2.055 0.000 0.015 0.000 0.112 0.000
 53.333333  54.333333   10.97 0.000 0.12 0.000 9.999 0.259000 9.99 0.259000 0.006 0.000  0.546 0.000  0.764 0.000  2.87 0.000000   2.245 0.000   1.297 0.000  0.948 0.000 0.013 0.000 0.049 0.000
 56.333333  57.333333    8.92 0.000 0.34 0.000 9.999 0.259000 9.99 0.259000 0.144 0.559  0.399 0.000  0.558 0.000 99.99 0.259000   2.468 0.000   0.655 0.000  1.813 0.000 0.009 0.000 0.167 0.559
 59.333333  60.333333    5.35 0.000 0.19 0.000 0.023 0.000000 9.99 0.259000 0.042 0.000  0.297 0.000  0.416 0.000 99.99 0.259000   1.557 0.000   0.336 0.000  1.222 0.000 0.008 0.000 0.114 0.000
 62.333333  63.333333    8.59 0.000 0.23 0.000 0.016 0.000000 9.99 0.259000 0.030 0.000  0.539 0.000  0.754 0.000 99.99 0.259000   3.194 0.000   2.045 0.000  1.148 0.000 0.008 0.000 0.078 0.000
 65.333333  66.333333   16.28 0.000 0.60 0.000 9.999 0.259000 0.04 0.000000 0.014 0.559  0.483 0.000  0.676 0.000 99.99 0.259000   2.811 0.000   1.154 0.000  1.656 0.000 0.016 0.000 0.101 0.559
 68.333333  69.333333   16.40 0.000 0.41 0.000 0.014 0.000000 9.99 0.259000 0.008 0.000  0.338 0.000  0.473 0.000 99.99 0.259000   3.886 0.000   2.373 0.000  1.512 0.000 0.018 0.000 0.076 0.000
 71.333333  72.333333   45.58 0.000 0.81 0.000 0.009 0.000000 9.99 0.259000 0.078 0.000  0.558 0.000  0.781 0.000 99.99 0.259000   8.905 0.000   5.734 0.000  3.171 0.000 0.043 0.000 0.170 0.000
 74.333333  75.333333   32.31 0.000 0.24 0.000 9.999 0.259000 9.99 0.259000 0.017 0.000  0.340 0.000  0.475 0.000 99.99 0.259000   3.844 0.000   2.171 0.000  1.673 0.000 0.028 0.000 0.073 0.000
 77.333333  78.333333   38.99 0.000 0.22 0.000 0.018 0.000000 9.99 0.259000 0.052 0.000  0.385 0.000  0.539 0.000 99.99 0.259000   5.043 0.000   3.276 0.000  1.767 0.000 0.027 0.000 0.099 0.000
 80.333333  81.333333   15.08 0.000 0.22 0.000 9.999 0.259000 9.99 0.259000 0.018 0.000  0.142 0.000  0.199 0.000 99.99 0.259000   1.808 0.000   1.074 0.000  0.734 0.000 0.011 0.000 0.042 0.000
 83.333333  84.333333 9999.99 0.456 9.99 0.456 9.999 0.456000 9.99 0.456000 0.028 0.000  0.461 0.000  0.645 0.000 99.99 0.456000   4.428 0.000 999.999 0.999 99.999 0.456 9.999 0.456 0.117 0.000
 86.333333  87.333333    5.54 0.000 0.19 0.000 9.999 0.259000 9.99 0.259000 0.060 0.559  0.372 0.000  0.521 0.000 99.99 0.259000   1.622 0.000   0.810 0.000  0.812 0.000 0.006 0.000 0.066 0.559
 89.333333  90.333333   25.99 0.000 0.24 0.000 0.016 0.000000 9.99 0.259000 0.025 0.559  0.300 0.000  0.420 0.000 99.99 0.259000   2.466 0.000   1.409 0.000  1.057 0.000 0.012 0.000 0.075 0.559
 92.333333  93.333333   10.57 0.000 0.28 0.000 9.999 0.259000 0.05 0.000000 0.025 0.000  0.127 0.000  0.178 0.000 99.99 0.259000   2.952 0.000   2.037 0.000  0.915 0.000 0.012 0.000 0.087 0.000
 95.333333  96.333333   18.87 0.000 0.29 0.000 9.999 0.259000 9.99 0.259000 0.018 0.559  0.424 0.000  0.593 0.000 99.99 0.259000   2.744 0.000   1.337 0.000  1.407 0.000 0.017 0.000 0.102 0.559
 98.333333  99.333333 9999.99 0.999 9.99 0.999 9.999 0.999000 9.99 0.999000 9.999 0.999 99.999 0.999 99.999 0.999 99.99 0.999000 999.999 0.999 999.999 0.999 99.999 0.999 9.999 0.999 9.999 0.999
101.333333 102.333333   67.25 0.559 0.85 0.559 9.999 0.559259 9.99 0.559259 0.106 0.000  0.596 0.000  0.835 0.000 99.99 0.559259   9.590 0.000   6.118 0.000  3.472 0.559 0.042 0.559 0.197 0.000
104.333333 105.333333 9999.99 0.999 9.99 0.999 9.999 0.999000 9.99 0.999000 9.999 0.999 99.999 0.999 99.999 0.999 99.99 0.999000 999.999 0.999 999.999 0.999 99.999 0.999 9.999 0.999 9.999 0.999
107.333333 108.333333   28.15 0.559 0.24 0.559 9.999 0.559259 9.99 0.559259 0.015 0.000  0.439 0.000  0.615 0.000 99.99 0.559259   2.412 0.000   0.990 0.000  1.422 0.559 0.022 0.559 0.083 0.000
110.333333 111.333333   56.08 0.000 0.62 0.000 9.999 0.259000 9.99 0.259000 0.060 0.000  0.657 0.000  0.919 0.000 99.99 0.259000   5.863 0.000   2.631 0.000  3.232 0.000 0.037 0.000 0.266 0.000
113.333333 114.333333   56.83 0.000 0.82 0.000 9.999 0.259000 9.99 0.259000 0.067 0.000  0.579 0.000  0.811 0.000 99.99 0.259000   5.828 0.000   2.594 0.000  3.234 0.000 0.041 0.000 0.225 0.000
116.333333 117.333333   29.12 0.000 0.45 0.000 9.999 0.259000 9.99 0.259000 0.029 0.000  0.398 0.000  0.556 0.000 99.99 0.259000   3.720 0.000   1.903 0.000  1.817 0.000 0.023 0.000 0.146 0.000
119.333333 120.333333    7.26 0.000 0.09 0.000 9.999 0.259000 9.99 0.259000 0.014 0.000  0.546 0.000  0.765 0.000 99.99 0.259000   1.440 0.000   0.532 0.000  0.907 0.000 0.010 0.000 0.058 0.000
122.333333 123.333333   29.95 0.000 0.17 0.000 9.999 0.259000 0.05 0.000000 0.031 0.000  0.338 0.000  0.473 0.000 99.99 0.259000   3.072 0.000   1.754 0.000  1.318 0.000 0.016 0.000 0.078 0.000
125.333333 126.333333   30.67 0.000 0.94 0.000 9.999 0.259000 9.99 0.259000 0.013 0.000  0.824 0.000  1.154 0.000 99.99 0.259000   5.538 0.000   2.093 0.000  3.445 0.000 0.030 0.000 0.313 0.000
128.333333 129.333333    7.99 0.000 0.24 0.000 0.019 0.000000 9.99 0.259000 0.009 0.000  0.424 0.000  0.593 0.000 99.99 0.259000   2.217 0.000   0.977 0.000  1.240 0.000 0.008 0.000 0.063 0.000
131.333333 132.333333   39.06 0.000 0.84 0.000 9.999 0.259000 9.99 0.259000 0.050 0.000  0.711 0.000  0.996 0.000 99.99 0.259000   5.368 0.000   2.082 0.000  3.286 0.000 0.031 0.000 0.253 0.000
134.333333 135.333333   77.23 0.559 0.67 0.559 9.999 0.559259 9.99 0.559259 0.043 0.000  0.766 0.000  1.072 0.000 99.99 0.559259   7.656 0.000   3.571 0.000  4.085 0.559 0.058 0.559 0.247 0.000
137.333333 138.333333   37.11 0.000 0.45 0.000 9.999 0.259000 9.99 0.259000 0.023 0.000  1.190 0.000  1.665 0.000 99.99 0.259000   9.975 0.000   5.472 0.000  4.503 0.000 0.042 0.000 0.236 0.000
140.333333 141.333333   52.31 0.000 0.33 0.000 9.999 0.259000 9.99 0.259000 0.019 0.000  0.578 0.000  0.809 0.000 99.99 0.259000   6.862 0.000   3.979 0.000  2.883 0.000 0.043 0.000 0.140 0.000
143.333333 144.333333  107.99 0.559 0.78 0.559 9.999 0.559259 9.99 0.559259 0.045 0.559  0.806 0.000  1.128 0.000 99.99 0.559259  14.259 0.000   7.647 0.000  6.612 0.559 0.093 0.559 0.364 0.559
146.333333 147.333333   61.36 0.559 0.56 0.559 9.999 0.559259 9.99 0.559259 0.021 0.559  0.945 0.000  1.323 0.000 99.99 0.559259   8.008 0.000   3.716 0.000  4.292 0.559 0.045 0.559 0.252 0.559
149.333333 150.333333   68.90 0.559 0.61 0.559 9.999 0.559259 9.99 0.559259 0.035 0.000  0.852 0.000  1.193 0.000 99.99 0.559259  11.724 0.000   6.241 0.000  5.482 0.559 0.058 0.559 0.434 0.000
152.333333 153.333333   40.01 0.559 0.45 0.559 9.999 0.559259 0.06 0.559000 0.017 0.000  1.508 0.000  2.111 0.000 99.99 0.559259   8.342 0.000   3.297 0.000  5.045 0.559 0.036 0.559 0.233 0.000
155.333333 156.333333   34.63 0.559 0.45 0.559 9.999 0.559259 9.99 0.559259 0.016 0.559 99.999 0.999 99.999 0.999 99.99 0.559259   8.752 0.000   3.825 0.000  4.927 0.559 0.033 0.559 0.210 0.559
158.333333 159.333333   42.07 0.559 0.62 0.559 9.999 0.559259 9.99 0.559259 0.010 0.000 99.999 0.999 99.999 0.999 99.99 0.559259  10.498 0.000   6.358 0.000  4.140 0.559 0.034 0.559 0.187 0.000
161.333333 162.333333   51.01 0.000 0.30 0.000 9.999 0.259000 0.09 0.000000 9.999 0.456  0.605 0.000  0.847 0.000 99.99 0.259000   8.977 0.000   4.209 0.000  4.768 0.000 0.072 0.000 9.999 0.456
164.333333 165.333333   49.65 0.699 0.33 0.699 9.999 0.699259 9.99 0.699259 9.999 0.456  0.896 0.000  1.255 0.000 99.99 0.699259   9.689 0.000   3.954 0.000  5.735 0.699 0.050 0.699 9.999 0.456
167.333333 168.333333   59.72 0.699 0.62 0.699 9.999 0.699259 9.99 0.699259 9.999 0.456  1.244 0.000  1.742 0.000 99.99 0.699259  12.270 0.000   6.060 0.000  6.210 0.699 0.074 0.699 9.999 0.456
170.333333 171.333333   66.41 0.559 0.83 0.559 9.999 0.559259 0.15 0.559000 0.125 0.000  1.069 0.000  1.497 0.000 99.99 0.559259  14.760 0.000   7.994 0.000  6.766 0.559 0.134 0.559 0.539 0.000
173.333333 174.333333   16.30 0.000 0.19 0.000 9.999 0.259000 9.99 0.259000 0.050 0.000  0.851 0.000  1.192 0.000 99.99 0.259000   4.874 0.000   1.960 0.000  2.913 0.000 0.018 0.000 0.179 0.000
176.333333 177.333333   16.94 0.000 0.24 0.000 9.999 0.259000 9.99 0.259000 0.008 0.000  0.698 0.000  0.977 0.000 99.99 0.259000   4.769 0.000   2.402 0.000  2.367 0.000 0.015 0.000 0.097 0.000
179.333333 180.333333   30.37 0.000 0.53 0.000 9.999 0.259000 9.99 0.259000 0.036 0.000  1.224 0.000  1.714 0.000 99.99 0.259000   8.317 0.000   4.549 0.000  3.768 0.000 0.025 0.000 0.176 0.000
182.333333 183.333333   30.66 0.000 0.26 0.000 9.999 0.259000 0.06 0.000000 0.016 0.559  0.580 0.000  0.812 0.000 99.99 0.259000   6.536 0.000   4.159 0.000  2.377 0.000 0.036 0.000 0.149 0.559
185.333333 186.333333   36.03 0.559 0.34 0.559 9.999 0.559259 9.99 0.559259 0.014 0.000  0.574 0.000  0.804 0.000 99.99 0.559259   7.189 0.000   4.606 0.000  2.583 0.559 0.037 0.559 0.161 0.000
188.333333 189.333333  163.26 0.699 0.67 0.699 9.999 0.699259 0.06 0.699000 0.059 0.559  0.894 0.000  1.252 0.000 99.99 0.699259  17.482 0.000  10.143 0.000  7.340 0.699 0.142 0.699 0.232 0.559
191.333333 192.333333   59.50 0.699 0.40 0.699 9.999 0.699259 0.08 0.699000 0.031 0.000  1.491 0.000  2.088 0.000 99.99 0.699259  12.960 0.000   7.078 0.000  5.882 0.699 0.061 0.699 0.317 0.000
194.333333 195.333333   36.36 0.000 0.17 0.000 9.999 0.259000 0.03 0.000000 0.024 0.000  0.955 0.000  1.337 0.000 99.99 0.259000   8.610 0.000   5.416 0.000  3.193 0.000 0.031 0.000 0.174 0.000
197.333333 198.333333   64.25 0.699 0.40 0.699 9.999 0.699259 0.06 0.699000 0.036 0.000  2.264 0.000  3.169 0.000 99.99 0.699259  13.239 0.000   5.486 0.000  7.753 0.699 0.080 0.699 0.411 0.000
200.333333 201.333333   29.02 0.000 0.14 0.000 9.999 0.259000 9.99 0.259000 0.015 0.000  1.072 0.000  1.500 0.000 99.99 0.259000   6.010 0.000   2.506 0.000  3.504 0.000 0.029 0.000 0.221 0.000
203.333333 204.333333   35.25 0.000 0.22 0.000 9.999 0.259000 9.99 0.259000 0.019 0.559  1.474 0.000  2.063 0.000 99.99 0.259000   8.460 0.000   3.508 0.000  4.951 0.000 0.047 0.000 0.344 0.559
206.333333 207.333333   33.33 0.000 0.27 0.000 9.999 0.259000 0.06 0.000000 0.029 0.559  0.900 0.000  1.260 0.000 99.99 0.259000   6.287 0.000   2.598 0.000  3.689 0.000 0.044 0.000 0.296 0.559
209.333333 210.333333   20.32 0.000 0.27 0.000 9.999 0.259000 0.03 0.000000 0.017 0.559  1.069 0.000  1.497 0.000 99.99 0.259000   6.516 0.000   3.072 0.000  3.444 0.000 0.024 0.000 0.165 0.559
212.333333 213.333333   25.14 0.000 0.16 0.000 9.999 0.259000 9.99 0.259000 0.013 0.559  0.797 0.000  1.117 0.000 99.99 0.259000   5.999 0.000   3.319 0.000  2.680 0.000 0.020 0.000 0.144 0.559
215.333333 216.333333   18.23 0.000 0.20 0.000 9.999 0.259000 0.06 0.000000 0.015 0.559  0.722 0.000  1.011 0.000 99.99 0.259000   6.071 0.000   3.475 0.000  2.597 0.000 0.016 0.000 0.168 0.559
218.333333 219.333333   25.33 0.000 0.31 0.000 9.999 0.259000 0.05 0.000000 0.017 0.559  0.432 0.000  0.604 0.000 99.99 0.259000   5.364 0.000   3.103 0.000  2.261 0.000 0.020 0.000 0.174 0.559
221.333333 222.333333   30.94 0.000 0.48 0.000 9.999 0.259000 0.12 0.000000 0.026 0.559  0.501 0.000  0.702 0.000 99.99 0.259000   6.655 0.000   3.043 0.000  3.612 0.000 0.033 0.000 0.370 0.559
224.333333 225.333333   35.20 0.000 0.44 0.000 0.024 0.000000 0.34 0.000000 0.021 0.000  0.480 0.000  0.672 0.000 99.99 0.259000   6.541 0.000   3.686 0.000  2.854 0.000 0.026 0.000 0.232 0.000
227.333333 228.333333   28.39 0.000 0.06 0.000 9.999 0.259000 0.05 0.000000 0.022 0.000  0.991 0.000  1.387 0.000 99.99 0.259000   5.637 0.000   2.411 0.000  3.226 0.000 0.030 0.000 0.162 0.000
230.333333 231.333333   39.98 0.559 0.46 0.559 9.999 0.559259 0.10 0.559000 0.021 0.000  2.127 0.000  2.977 0.000 99.99 0.559259  10.320 0.000   4.324 0.000  5.996 0.559 0.051 0.559 0.219 0.000
233.333333 234.333333   18.27 0.000 0.15 0.000 9.999 0.259000 0.08 0.000000 0.022 0.000  0.710 0.000  0.993 0.000 99.99 0.259000   5.158 0.000   2.012 0.000  3.145 0.000 0.016 0.000 0.311 0.000
236.333333 237.333333   11.07 0.000 0.33 0.000 9.999 0.259000 0.12 0.000000 0.010 0.000  0.246 0.000  0.345 0.000 99.99 0.259000   3.736 0.000   1.863 0.000  1.873 0.000 0.010 0.000 0.175 0.000
239.333333 240.333333   12.74 0.000 0.27 0.000 9.999 0.259000 0.13 0.000000 0.007 0.000  0.519 0.000  0.727 0.000 99.99 0.259000   4.670 0.000   2.520 0.000  2.150 0.000 0.012 0.000 0.132 0.000
242.333333 243.333333   19.72 0.000 0.28 0.000 9.999 0.259000 0.05 0.000000 0.018 0.000  1.049 0.000  1.469 0.000 99.99 0.259000   6.173 0.000   2.685 0.000  3.487 0.000 0.035 0.000 0.132 0.000
245.333333 246.333333   20.85 0.000 0.21 0.000 9.999 0.259000 0.06 0.000000 0.018 0.000  0.662 0.000  0.927 0.000 99.99 0.259000   4.919 0.000   2.418 0.000  2.501 0.000 0.021 0.000 0.161 0.000
