scripts/IMPROVE-2019_partial/data/US2905R.19980103080000.20191216000000.filterpack...1y.3d.US03L_filterpack_US2905.US03L_IMPROVE_Davis.lev2.nas
51 1001
MISSING INFORMATION
US03L, IMPROVE, , , , , , , 
MISSING INFORMATION
IMPROVE sel_HTAP
1 1
1998 01 01 2019 12 16
0
days from file reference point
4
1 1 1 1
999.999999 999.999 999.999 9.999
end_time of measurement, days from the file reference point
pm10_mass, ug/m3, Matrix=pm10
pm25_mass, ug/m3, Matrix=pm25
numflag, no unit
0
33
Data definition:              EBAS_1.1
Set type code:                TI
Timezone:                     UTC
File name:                    US2905R.19980103080000.20191216000000.filterpack...1y.3d.US03L_filterpack_US2905.US03L_IMPROVE_Davis.lev2.nas
File creation:                20191218120403
Startdate:                    19980103080000
Revision date:                20191216000000
Version:                      2
Version description:          "Data extracted from http://views.cira.colostate.edu/fed/DataWizard 2019-12-16"
Statistics:                   arithmetic mean
Data level:                   2
Period code:                  1y
Resolution code:              3d
Sample duration:              1d
Orig. time res.:              3d
Station code:                 US2905R
Platform code:                US2905S
Station name:                 Great Basin National Park-Lehman Caves (NV05)
Station latitude:             39.005
Station longitude:            -114.2158
Station altitude:             2067.0 m
Regime:                       IMG
Component:                    
Unit:                         ug/m3
Matrix:                       
Laboratory code:              US03L
Instrument type:              filterpack
Instrument name:              filterpack_US2905
Method ref:                   US03L_IMPROVE_Davis
Blank correction:             Blank corrected
Volume std. temperature:      ambient
Volume std. pressure:         ambient
starttime endtime PM10 PM2.5 flag
  2.333333   3.333333  10.329   2.398 0.000
  6.333333   7.333333   4.184   2.325 0.000
  9.333333  10.333333   2.329   1.836 0.000
 13.333333  14.333333   9.571   1.931 0.000
 16.333333  17.333333   1.870   1.019 0.000
 20.333333  21.333333   2.079   0.815 0.000
 23.333333  24.333333   4.782   1.268 0.000
 27.333333  28.333333   2.244   1.224 0.000
 30.333333  31.333333   1.143   0.642 0.000
 34.333333  35.333333   3.192 999.999 0.000
 37.333333  38.333333   3.451 999.999 0.000
 41.333333  42.333333  16.504   1.610 0.000
 44.333333  45.333333  10.951   0.657 0.000
 48.333333  49.333333  17.136   3.851 0.000
 51.333333  52.333333  12.429   1.042 0.000
 55.333333  56.333333   8.016   0.806 0.000
 58.333333  59.333333   2.315   1.426 0.000
 62.333333  63.333333   1.768   0.918 0.000
 65.333333  66.333333   2.150   1.897 0.000
 69.333333  70.333333   6.130   2.052 0.000
 72.333333  73.333333   7.545   3.900 0.000
 76.333333  77.333333   1.665   1.304 0.000
 79.333333  80.333333   2.112 999.999 0.000
 83.333333  84.333333   5.787   3.196 0.000
 86.333333  87.333333   3.208   1.456 0.000
 90.333333  91.333333   6.289   2.909 0.000
 93.333333  94.333333   3.581   1.689 0.000
 97.333333  98.333333   8.987   3.615 0.000
100.333333 101.333333   7.988   1.712 0.000
104.333333 105.333333   3.054   1.213 0.000
107.333333 108.333333   7.321   3.305 0.000
111.333333 112.333333  11.041   6.149 0.000
114.333333 115.333333   2.653   1.577 0.000
118.333333 119.333333   8.525   4.974 0.000
121.333333 122.333333  20.631  11.223 0.000
125.333333 126.333333   1.186   0.701 0.000
128.333333 129.333333   5.886   3.154 0.000
132.333333 133.333333   3.153   1.265 0.000
135.333333 136.333333   6.120   2.901 0.000
139.333333 140.333333  12.833   5.074 0.000
142.333333 143.333333   3.614   1.578 0.000
146.333333 147.333333   4.484   3.286 0.000
149.333333 150.333333  10.556   2.728 0.000
153.333333 154.333333  10.417   5.240 0.000
156.333333 157.333333   3.390   2.283 0.000
160.333333 161.333333   9.230   1.970 0.000
163.333333 164.333333  10.120   1.704 0.000
167.333333 168.333333   1.591 999.999 0.000
170.333333 171.333333   8.652   2.406 0.000
174.333333 175.333333   5.342   3.428 0.000
177.333333 178.333333   6.268   2.041 0.000
181.333333 182.333333   6.481   2.487 0.000
184.333333 185.333333   7.906   3.700 0.000
188.333333 189.333333  12.011   4.858 0.000
191.333333 192.333333   8.574   2.295 0.000
195.333333 196.333333   6.720   3.735 0.000
198.333333 199.333333   9.595   4.691 0.000
202.333333 203.333333  11.387   3.986 0.000
205.333333 206.333333   8.500   4.378 0.000
209.333333 210.333333   8.168   3.457 0.000
212.333333 213.333333  11.946   3.367 0.000
216.333333 217.333333   3.919   2.870 0.000
219.333333 220.333333   9.213   4.138 0.000
223.333333 224.333333   7.947   3.427 0.000
226.333333 227.333333   5.727   3.457 0.000
230.333333 231.333333   4.327   2.484 0.000
233.333333 234.333333   5.199   1.916 0.000
237.333333 238.333333 999.999   3.973 0.000
240.333333 241.333333 999.999   3.063 0.000
244.333333 245.333333   7.390   4.081 0.000
247.333333 248.333333   7.130   3.154 0.000
251.333333 252.333333   3.490   3.472 0.000
254.333333 255.333333   3.563   1.891 0.000
258.333333 259.333333   2.950   2.204 0.000
261.333333 262.333333   6.609   1.966 0.000
265.333333 266.333333   5.405   2.937 0.000
268.333333 269.333333   5.978   3.123 0.000
272.333333 273.333333   3.153   2.244 0.000
275.333333 276.333333   4.783   3.123 0.000
279.333333 280.333333   2.420   1.523 0.000
282.333333 283.333333   7.085   3.899 0.000
286.333333 287.333333  13.187   8.003 0.000
289.333333 290.333333   3.563   2.037 0.000
293.333333 294.333333   7.209   3.920 0.000
296.333333 297.333333   4.816   3.148 0.000
300.333333 301.333333   3.238   2.896 0.000
303.333333 304.333333   3.415   2.647 0.000
307.333333 308.333333 999.999 999.999 0.999
310.333333 311.333333   3.394   1.495 0.000
314.333333 315.333333   1.548   1.189 0.000
317.333333 318.333333   1.825   0.626 0.000
321.333333 322.333333   2.091   1.157 0.000
324.333333 325.333333   2.486   1.310 0.000
328.333333 329.333333   6.223   2.062 0.000
331.333333 332.333333   9.563   2.355 0.000
335.333333 336.333333   2.550   0.768 0.000
338.333333 339.333333   1.883   1.462 0.000
342.333333 343.333333   2.001   1.820 0.000
345.333333 346.333333   6.199   1.949 0.000
349.333333 350.333333   4.455   3.717 0.000
352.333333 353.333333   6.813   3.008 0.000
356.333333 357.333333   3.655   3.768 0.000
359.333333 360.333333   4.670   1.451 0.000
363.333333 364.333333   2.266   1.490 0.000
