scripts/IMPROVE-2019_partial/data/US3201R.20000101070000.20191216000000.filterpack..pm25.52w.1w.US03L_filterpack_US3201.US03L_IMPROVE_Davis.lev2.nas
63 1001
MISSING INFORMATION
US03L, IMPROVE, , , , , , , 
MISSING INFORMATION
IMPROVE sel_HTAP
1 1
2000 01 01 2019 12 16
0
days from file reference point
23
1 1 1 1 1 1 1 1 1 1 1 1 1 1 1 1 1 1 1 1 1 1 1
999.999999 9999.99 9.999 99.99 9.999999 9.999 9.999999 9.999 9.999999 999.999 9.999 999.999 9.999 999.999 9.999 999.999 9.999 999.999 9.999 9.999 9.999 9.999 9.999999
end_time of measurement, days from the file reference point
iron, ng/m3, Revision date=20181210133000
numflag iron, no unit, Revision date=20181210133000
lead, ng/m3, Revision date=20181210133000
numflag lead, no unit, Revision date=20181210133000
magnesium, ug/m3, Revision date=20181210133000
numflag magnesium, no unit, Revision date=20181210133000
nitrate, ug N/m3, Revision date=20181210133000
numflag nitrate, no unit, Revision date=20181210133000
organic_carbon, ug C/m3, Revision date=20181210133000
numflag organic_carbon, no unit, Revision date=20181210133000
organic_mass, ug/m3, Revision date=20181210133000
numflag organic_mass, no unit, Revision date=20181210133000
pm10_mass, ug/m3, Version=2, Version description=Data extracted from http://views.cira.colostate.edu/fed/DataWizard 2019-12-16, Sample duration=1d, Orig. time res.=3d, Matrix=pm10, Blank correction=Blank corrected, Volume std. temperature=ambient, Volume std. pressure=ambient
numflag pm10_mass, no unit, Version=2, Version description=Data extracted from http://views.cira.colostate.edu/fed/DataWizard 2019-12-16, Sample duration=1d, Orig. time res.=3d, Matrix=pm10, Blank correction=Blank corrected, Volume std. temperature=ambient, Volume std. pressure=ambient
pm10_pm25_mass, ug/m3, Revision date=20181210133000, Matrix=pm10_pm25
numflag pm10_pm25_mass, no unit, Revision date=20181210133000, Matrix=pm10_pm25
pm25_mass, ug/m3, Version=2, Version description=Data extracted from http://views.cira.colostate.edu/fed/DataWizard 2019-12-16, Sample duration=1d, Orig. time res.=3d, Blank correction=Blank corrected, Volume std. temperature=ambient, Volume std. pressure=ambient
numflag pm25_mass, no unit, Version=2, Version description=Data extracted from http://views.cira.colostate.edu/fed/DataWizard 2019-12-16, Sample duration=1d, Orig. time res.=3d, Blank correction=Blank corrected, Volume std. temperature=ambient, Volume std. pressure=ambient
potassium, ug/m3, Revision date=20181210133000
numflag potassium, no unit, Revision date=20181210133000
sulphate_total, ug S/m3, Revision date=20181210133000
numflag sulphate_total, no unit, Revision date=20181210133000
0
26
Data definition:              EBAS_1.1
Set type code:                TI
Timezone:                     UTC
File name:                    US3201R.20000101070000.20191216000000.filterpack..pm25.52w.1w.US03L_filterpack_US3201.US03L_IMPROVE_Davis.lev2.nas
File creation:                20191218120409
Startdate:                    20000101070000
Revision date:                20191216000000
Statistics:                   arithmetic mean
Data level:                   2
Period code:                  52w
Resolution code:              1w
Station code:                 US3201R
Platform code:                US3201S
Station name:                 Gila Cliff Dwellings National Monument (NM01)
Station latitude:             33.2203
Station longitude:            -108.2347
Station altitude:             1772.0 m
Regime:                       IMG
Component:                    
Unit:                         ug/m3
Matrix:                       pm25
Laboratory code:              US03L
Instrument type:              filterpack
Instrument name:              filterpack_US3201
Method ref:                   US03L_IMPROVE_Davis
starttime endtime Fe flag_Fe Pb flag_Pb Mg++ flag_Mg++ NO3- flag_NO3- OC flag_OC OM flag_OM PM10 flag_PM10 PM10-PM2.5 flag_PM10-PM2.5 PM2.5 flag_PM2.5 K+ flag_K+ SO4-- flag_SO4--
[from data line 90]
318.291667 319.291667 9999.99 0.999 99.99 0.999000 9.999 0.999000 9.999 0.999000 999.999 0.999 999.999 0.999 999.999 0.999 999.999 0.999 999.999 0.999 9.999 0.999 9.999 0.999000
321.291667 322.291667   10.25 0.000  0.77 0.000000 9.999 0.259000 0.039 0.559000   0.256 0.000   0.358 0.000   2.410 0.000   0.713 0.000   1.698 0.000 0.015 0.000 0.166 0.559000
324.291667 325.291667    8.72 0.000  2.26 0.000000 9.999 0.259000 0.012 0.559000   0.247 0.000   0.346 0.000   2.206 0.000   0.570 0.000   1.636 0.000 0.009 0.000 0.203 0.559000
327.291667 328.291667   11.66 0.000  0.46 0.000000 9.999 0.259000 0.033 0.000000   0.320 0.000   0.448 0.000   3.962 0.000   1.575 0.000   2.387 0.000 0.018 0.000 0.338 0.000000
330.291667 331.291667    5.78 0.000  0.39 0.000000 9.999 0.259000 0.010 0.000000   0.152 0.000   0.213 0.000   1.756 0.000   0.516 0.000   1.240 0.000 0.010 0.000 0.119 0.000000
333.291667 334.291667   13.21 0.000  1.00 0.000000 9.999 0.259000 0.013 0.000000   0.355 0.000   0.497 0.000   2.343 0.000   0.567 0.000   1.776 0.000 0.017 0.000 0.141 0.000000
336.291667 337.291667   50.22 0.000  1.38 0.000000 9.999 0.259000 0.031 0.000000   0.521 0.000   0.729 0.000  12.508 0.000   8.481 0.000   4.027 0.000 0.044 0.000 0.326 0.000000
339.291667 340.291667 9999.99 0.456 99.99 0.456000 9.999 0.456000 0.019 0.000000   0.616 0.000   0.862 0.000   6.402 0.000 999.999 0.999 999.999 0.456 9.999 0.456 0.343 0.000000
342.291667 343.291667   11.49 0.000  1.52 0.000000 9.999 0.259000 0.012 0.000000   0.374 0.000   0.524 0.000   2.761 0.000   0.910 0.000   1.852 0.000 0.013 0.000 0.188 0.000000
345.291667 346.291667    6.48 0.000  0.45 0.000000 9.999 0.259000 0.008 0.000000   0.157 0.000   0.219 0.000   1.218 0.000   0.447 0.000   0.772 0.000 0.015 0.000 0.093 0.000000
348.291667 349.291667   41.76 0.000  0.92 0.000000 9.999 0.259000 0.043 0.000000   0.437 0.000   0.612 0.000   5.658 0.000   2.987 0.000   2.671 0.000 0.032 0.000 0.203 0.000000
351.291667 352.291667    5.09 0.000  0.90 0.000000 9.999 0.259000 0.011 0.000000   0.270 0.000   0.377 0.000   1.248 0.000   0.242 0.000   1.006 0.000 0.007 0.000 0.119 0.000000
354.291667 355.291667    4.64 0.000  0.59 0.000000 9.999 0.259000 0.006 0.000000   0.350 0.000   0.490 0.000   1.281 0.000   0.398 0.000   0.883 0.000 0.008 0.000 0.087 0.000000
357.291667 358.291667    9.13 0.000  0.35 0.000000 9.999 0.259000 0.010 0.000000   0.429 0.000   0.601 0.000   1.777 0.000   0.650 0.000   1.127 0.000 0.014 0.000 0.099 0.000000
360.291667 361.291667    8.67 0.000  0.90 0.000000 9.999 0.259000 0.039 0.000000   0.214 0.000   0.300 0.000   6.332 0.000   4.685 0.000   1.647 0.000 0.010 0.000 0.256 0.000000
363.291667 364.291667   13.26 0.000  0.89 0.000000 9.999 0.259000 0.014 0.000000   0.258 0.000   0.361 0.000   5.929 0.000   4.547 0.000   1.383 0.000 0.012 0.000 0.187 0.000000
