scripts/IMPROVE-2019_partial/data/US3201R.20020102070000.20191216000000.filterpack..pm25.52w.1w.US03L_filterpack_US3201.US03L_IMPROVE_Davis.lev2.nas
66 1001
MISSING INFORMATION
US03L, IMPROVE, , , , , , , 
MISSING INFORMATION
IMPROVE sel_HTAP
1 1
2002 01 01 2019 12 16
3.000000
days from file reference point
27
1 1 1 1 1 1 1 1 1 1 1 1 1 1 1 1 1 1 1 1 1 1 1 1 1 1 1
999.999999 9999.99 9.999 99.99 9.999 9.999 9.999999 99.99 9.999999 9.999 9.999 99.999 9.999 999.999 9.999 999.99 9.999999 999.999 9.999 999.999 9.999 999.999 9.999 9.999 9.999 9.999 9.999
end_time of measurement, days from the file reference point
iron, ng/m3, Revision date=20181210133000
numflag iron, no unit, Revision date=20181210133000
lead, ng/m3, Revision date=20181210133000
numflag lead, no unit, Revision date=20181210133000
magnesium, ug/m3, Revision date=20181210133000
numflag magnesium, no unit, Revision date=20181210133000
nickel, ng/m3, Revision date=20181210133000
numflag nickel, no unit, Revision date=20181210133000
nitrate, ug N/m3, Revision date=20181210133000
numflag nitrate, no unit, Revision date=20181210133000
organic_carbon, ug C/m3, Revision date=20181210133000
numflag organic_carbon, no unit, Revision date=20181210133000
organic_mass, ug/m3, Revision date=20181210133000
numflag organic_mass, no unit, Revision date=20181210133000
phosphorus, ng/m3, Revision date=20181210133000
numflag phosphorus, no unit, Revision date=20181210133000
pm10_mass, ug/m3, Version=2, Version description=Data extracted from http://views.cira.colostate.edu/fed/DataWizard 2019-12-16, Sample duration=1d, Orig. time res.=3d, Matrix=pm10, Blank correction=Blank corrected, Volume std. temperature=ambient, Volume std. pressure=ambient
numflag pm10_mass, no unit, Version=2, Version description=Data extracted from http://views.cira.colostate.edu/fed/DataWizard 2019-12-16, Sample duration=1d, Orig. time res.=3d, Matrix=pm10, Blank correction=Blank corrected, Volume std. temperature=ambient, Volume std. pressure=ambient
pm10_pm25_mass, ug/m3, Revision date=20181210133000, Matrix=pm10_pm25
numflag pm10_pm25_mass, no unit, Revision date=20181210133000, Matrix=pm10_pm25
pm25_mass, ug/m3, Version=2, Version description=Data extracted from http://views.cira.colostate.edu/fed/DataWizard 2019-12-16, Sample duration=1d, Orig. time res.=3d, Blank correction=Blank corrected, Volume std. temperature=ambient, Volume std. pressure=ambient
numflag pm25_mass, no unit, Version=2, Version description=Data extracted from http://views.cira.colostate.edu/fed/DataWizard 2019-12-16, Sample duration=1d, Orig. time res.=3d, Blank correction=Blank corrected, Volume std. temperature=ambient, Volume std. pressure=ambient
potassium, ug/m3, Revision date=20181210133000
numflag potassium, no unit, Revision date=20181210133000
sulphate_total, ug S/m3, Revision date=20181210133000
numflag sulphate_total, no unit, Revision date=20181210133000
0
25
Data definition:              EBAS_1.1
Set type code:                TU
Timezone:                     UTC
File name:                    US3201R.20020102070000.20191216000000.filterpack..pm25.52w.1w.US03L_filterpack_US3201.US03L_IMPROVE_Davis.lev2.nas
File creation:                20191218120409
Startdate:                    20020102070000
Revision date:                20191216000000
Statistics:                   arithmetic mean
Data level:                   2
Period code:                  52w
Resolution code:              1w
Station code:                 US3201R
Platform code:                US3201S
Station name:                 Gila Cliff Dwellings National Monument (NM01)
Station latitude:             33.2203
Station longitude:            -108.2347
Station altitude:             1772.0 m
Regime:                       IMG
Component:                    
Matrix:                       pm25
Laboratory code:              US03L
Instrument type:              filterpack
Instrument name:              filterpack_US3201
Method ref:                   US03L_IMPROVE_Davis
starttime endtime Fe flag_Fe Pb flag_Pb Mg++ flag_Mg++ Ni flag_Ni NO3- flag_NO3- OC flag_OC OM flag_OM P flag_P PM10 flag_PM10 PM10-PM2.5 flag_PM10-PM2.5 PM2.5 flag_PM2.5 K+ flag_K+ SO4-- flag_SO4--
[from data line 81]
244.291667 245.291667   14.78 0.000  0.43 0.000 0.032 0.000000 99.99 0.259000 0.012 0.559  0.943 0.000   1.320 0.000 999.99 0.259000   4.698 0.000   1.368 0.000   3.329 0.000 0.018 0.000 0.383 0.559
247.291667 248.291667   22.96 0.000  0.69 0.000 9.999 0.259000 99.99 0.259000 0.016 0.000  1.033 0.000   1.446 0.000 999.99 0.259000   6.287 0.000   1.657 0.000   4.630 0.000 0.028 0.000 0.503 0.000
250.291667 251.291667   14.85 0.000  0.97 0.000 9.999 0.259000 99.99 0.259000 0.012 0.000  0.786 0.000   1.101 0.000 999.99 0.259000   5.465 0.000   1.506 0.000   3.959 0.000 0.019 0.000 0.472 0.000
253.291667 254.291667    7.84 0.000  0.35 0.000 9.999 0.259000 99.99 0.259000 0.011 0.000  0.651 0.000   0.912 0.000  20.82 0.000000   3.390 0.000   1.250 0.000   2.139 0.000 0.011 0.000 0.189 0.000
256.291667 257.291667    8.14 0.000  0.47 0.000 9.999 0.259000 99.99 0.259000 0.009 0.000  0.709 0.000   0.992 0.000 999.99 0.259000   3.679 0.000   1.333 0.000   2.346 0.000 0.010 0.000 0.205 0.000
259.291667 260.291667   15.75 0.000  0.69 0.000 9.999 0.259000  0.26 0.000000 0.018 0.559  0.525 0.000   0.736 0.000 999.99 0.259000   5.813 0.000   2.226 0.000   3.587 0.000 0.016 0.000 0.483 0.559
262.291667 263.291667   14.51 0.559  0.83 0.559 0.023 0.559000 99.99 0.559259 0.020 0.000  0.703 0.000   0.984 0.000 999.99 0.559259   3.886 0.000   1.375 0.000   2.510 0.559 0.018 0.559 0.142 0.000
265.291667 266.291667   29.48 0.000  0.46 0.000 9.999 0.259000  0.11 0.000000 0.013 0.000  0.610 0.000   0.854 0.000 999.99 0.259000   7.027 0.000   3.876 0.000   3.151 0.000 0.026 0.000 0.240 0.000
268.291667 269.291667   27.80 0.000  0.83 0.000 0.022 0.000000  0.13 0.000000 0.017 0.000  0.893 0.000   1.250 0.000 999.99 0.259000   6.328 0.000   1.935 0.000   4.393 0.000 0.041 0.000 0.328 0.000
271.291667 272.291667   14.52 0.000  1.06 0.000 0.019 0.000000 99.99 0.259000 0.022 0.559  0.491 0.000   0.688 0.000 999.99 0.259000   4.960 0.000   1.938 0.000   3.022 0.000 0.016 0.000 0.361 0.559
274.291667 275.291667   13.95 0.000  0.70 0.000 9.999 0.259000  0.13 0.000000 0.035 0.000  0.302 0.000   0.423 0.000 999.99 0.259000   4.588 0.000   2.295 0.000   2.293 0.000 0.016 0.000 0.280 0.000
277.291667 278.291667   14.70 0.000  1.53 0.000 9.999 0.259000  0.13 0.000000 0.017 0.559  0.521 0.000   0.730 0.000 999.99 0.259000   3.555 0.000   1.475 0.000   2.080 0.000 0.016 0.000 0.180 0.559
280.291667 281.291667    5.03 0.000  0.21 0.000 9.999 0.259000 99.99 0.259000 0.012 0.000  0.590 0.000   0.826 0.000 999.99 0.259000   2.130 0.000   0.538 0.000   1.592 0.000 0.006 0.000 0.126 0.000
283.291667 284.291667   22.27 0.000  1.21 0.000 9.999 0.259000 99.99 0.259000 0.011 0.000  0.945 0.000   1.323 0.000 999.99 0.259000   5.208 0.000   1.831 0.000   3.377 0.000 0.021 0.000 0.242 0.000
286.291667 287.291667   39.72 0.000  0.52 0.000 9.999 0.259000  0.11 0.000000 0.016 0.000  0.943 0.000   1.321 0.000 999.99 0.259000   7.234 0.000   3.220 0.000   4.014 0.000 0.029 0.000 0.400 0.000
289.291667 290.291667   16.37 0.000  0.82 0.000 9.999 0.259000  0.20 0.000000 0.021 0.000  0.619 0.000   0.866 0.000 999.99 0.259000   4.671 0.000   1.815 0.000   2.856 0.000 0.020 0.000 0.335 0.000
292.291667 293.291667   16.46 0.559  0.72 0.559 0.016 0.559000  0.11 0.559000 0.030 0.000  0.730 0.000   1.022 0.000 999.99 0.559259   4.117 0.000   1.345 0.000   2.771 0.559 0.020 0.559 0.266 0.000
295.291667 296.291667    5.13 0.000  1.19 0.000 9.999 0.259000 99.99 0.259000 0.019 0.000  0.333 0.000   0.466 0.000 999.99 0.259000   3.224 0.000   1.144 0.000   2.080 0.000 0.008 0.000 0.342 0.000
298.291667 299.291667   11.25 0.000  1.52 0.000 0.022 0.000000  0.15 0.000000 0.022 0.000  0.378 0.000   0.529 0.000 999.99 0.259000   4.242 0.000   1.699 0.000   2.542 0.000 0.019 0.000 0.357 0.000
301.291667 302.291667   22.26 0.000  1.57 0.000 9.999 0.259000  0.09 0.000000 0.017 0.559  0.400 0.000   0.560 0.000 999.99 0.259000   3.362 0.000   1.116 0.000   2.246 0.000 0.015 0.000 0.258 0.559
304.291667 305.291667   14.52 0.559  0.92 0.559 9.999 0.559259  0.20 0.559000 0.017 0.000  0.519 0.000   0.726 0.000 999.99 0.559259   5.167 0.000   1.810 0.000   3.357 0.559 0.018 0.559 0.493 0.000
307.291667 308.291667   24.42 0.000  0.80 0.000 9.999 0.259000  0.10 0.000000 0.039 0.000  0.657 0.000   0.919 0.000 999.99 0.259000   7.606 0.000   4.198 0.000   3.408 0.000 0.023 0.000 0.375 0.000
310.291667 311.291667   16.31 0.000  0.49 0.000 9.999 0.259000  0.10 0.000000 0.010 0.000  0.479 0.000   0.671 0.000 999.99 0.259000   3.348 0.000   1.612 0.000   1.736 0.000 0.014 0.000 0.136 0.000
313.291667 314.291667   15.71 0.000  0.22 0.000 9.999 0.259000 99.99 0.259000 0.015 0.559  0.286 0.000   0.400 0.000 999.99 0.259000   2.439 0.000   1.147 0.000   1.292 0.000 0.011 0.000 0.152 0.559
316.291667 317.291667    8.75 0.000  0.24 0.000 9.999 0.259000 99.99 0.259000 0.010 0.000  0.312 0.000   0.437 0.000 999.99 0.259000   2.620 0.000   1.306 0.000   1.314 0.000 0.009 0.000 0.082 0.000
319.291667 320.291667    8.51 0.000  0.36 0.000 9.999 0.259000 99.99 0.259000 0.007 0.559  0.360 0.000   0.505 0.000 999.99 0.259000   2.495 0.000   0.980 0.000   1.515 0.000 0.010 0.000 0.130 0.559
322.291667 323.291667    8.23 0.000  0.43 0.000 9.999 0.259000 99.99 0.259000 0.006 0.559  0.310 0.000   0.434 0.000 999.99 0.259000   1.990 0.000   0.639 0.000   1.351 0.000 0.009 0.000 0.100 0.559
325.291667 326.291667   10.91 0.000  0.34 0.000 9.999 0.259000 99.99 0.259000 0.006 0.000  0.350 0.000   0.490 0.000 999.99 0.259000   2.245 0.000   0.857 0.000   1.389 0.000 0.011 0.000 0.063 0.000
328.291667 329.291667   28.80 0.000  1.41 0.000 9.999 0.259000  0.11 0.000000 0.030 0.000  0.648 0.000   0.907 0.000 999.99 0.259000   6.071 0.000   3.035 0.000   3.036 0.000 0.033 0.000 0.218 0.000
331.291667 332.291667   17.40 0.000  0.61 0.000 9.999 0.259000  0.15 0.000000 0.015 0.000  0.985 0.000   1.379 0.000 999.99 0.259000   5.406 0.000   1.392 0.000   4.014 0.000 0.026 0.000 0.364 0.000
334.291667 335.291667    5.86 0.000  0.33 0.000 9.999 0.259000 99.99 0.259000 0.010 0.000  0.526 0.000   0.736 0.000 999.99 0.259000   2.026 0.000   0.375 0.000   1.651 0.000 0.010 0.000 0.127 0.000
337.291667 338.291667    2.09 0.000  0.11 0.000 9.999 0.259000 99.99 0.259000 0.010 0.000  0.474 0.000   0.663 0.000 999.99 0.259000   1.414 0.000 999.999 0.259   1.438 0.000 0.003 0.000 0.198 0.000
340.291667 341.291667    3.07 0.000  0.35 0.000 9.999 0.259000  0.05 0.000000 0.008 0.000  0.664 0.000   0.930 0.000 999.99 0.259000   2.245 0.000   0.433 0.000   1.813 0.000 0.006 0.000 0.152 0.000
343.291667 344.291667    3.95 0.000  0.28 0.000 0.012 0.000000  0.04 0.000000 0.007 0.559  0.452 0.000   0.632 0.000 999.99 0.259000   1.471 0.000   0.276 0.000   1.195 0.000 0.005 0.000 0.094 0.559
346.291667 347.291667   10.38 0.000  0.32 0.000 9.999 0.259000 99.99 0.259000 0.006 0.000  0.214 0.000   0.299 0.000 999.99 0.259000   1.206 0.000   0.366 0.000   0.840 0.000 0.008 0.000 0.072 0.000
349.291667 350.291667  103.41 0.559  1.28 0.559 0.052 0.559000 99.99 0.559259 0.017 0.000  0.300 0.000   0.420 0.000 999.99 0.559259   6.986 0.000   3.547 0.000   3.439 0.559 0.074 0.559 0.109 0.000
352.291667 353.291667    4.00 0.000  0.49 0.000 9.999 0.259000 99.99 0.259000 0.019 0.000  0.189 0.000   0.265 0.000 999.99 0.259000   1.129 0.000   0.389 0.000   0.741 0.000 0.006 0.000 0.093 0.000
355.291667 356.291667   12.68 0.000  0.66 0.000 9.999 0.259000  0.08 0.000000 0.015 0.559  0.507 0.000   0.710 0.000 999.99 0.259000   2.537 0.000   1.353 0.000   1.183 0.000 0.019 0.000 0.107 0.559
358.291667 359.291667    2.45 0.000  0.60 0.000 9.999 0.259000 99.99 0.259000 0.005 0.000  0.261 0.000   0.365 0.000 999.99 0.259000   1.548 0.000   0.116 0.000   1.431 0.000 0.006 0.000 0.228 0.000
361.291667 362.291667    7.20 0.000  0.19 0.000 9.999 0.259000 99.99 0.259000 0.004 0.000  0.382 0.000   0.534 0.000 999.99 0.259000   1.289 0.000   0.297 0.000   0.992 0.000 0.008 0.000 0.061 0.000
364.291667 365.291667    1.74 0.000  0.18 0.000 9.999 0.259000 99.99 0.259000 0.005 0.000  0.242 0.000   0.339 0.000 999.99 0.259000   1.177 0.000   0.527 0.000   0.649 0.000 0.004 0.000 0.069 0.000
