scripts/IMPROVE-2019_partial/data/US3201R.20000101070000.20191216000000.filterpack..pm25.52w.1w.US03L_filterpack_US3201.US03L_IMPROVE_Davis.lev2.nas
63 1001
MISSING INFORMATION
US03L, IMPROVE, , , , , , , 
MISSING INFORMATION
IMPROVE sel_HTAP
1 1
2000 01 01 2019 12 16
0
days from file reference point
23
1 1 1 1 1 1 1 1 1 1 1 1 1 1 1 1 1 1 1 1 1 1 1
999.999999 9999.99 9.999 99.99 9.999999 9.999 9.999999 9.999 9.999999 999.999 9.999 999.999 9.999 999.999 9.999 999.999 9.999 999.999 9.999 9.999 9.999 9.999 9.999999
end_time of measurement, days from the file reference point
iron, ng/m3, Revision date=20181210133000
numflag iron, no unit, Revision date=20181210133000
lead, ng/m3, Revision date=20181210133000
numflag lead, no unit, Revision date=20181210133000
magnesium, ug/m3, Revision date=20181210133000
numflag magnesium, no unit, Revision date=20181210133000
nitrate, ug N/m3, Revision date=20181210133000
numflag nitrate, no unit, Revision date=20181210133000
organic_carbon, ug C/m3, Revision date=20181210133000
numflag organic_carbon, no unit, Revision date=20181210133000
organic_mass, ug/m3, Revision date=20181210133000
numflag organic_mass, no unit, Revision date=20181210133000
pm10_mass, ug/m3, Version=2, Version description=Data extracted from http://views.cira.colostate.edu/fed/DataWizard 2019-12-16, Sample duration=1d, Orig. time res.=3d, Matrix=pm10, Blank correction=Blank corrected, Volume std. temperature=ambient, Volume std. pressure=ambient
numflag pm10_mass, no unit, Version=2, Version description=Data extracted from http://views.cira.colostate.edu/fed/DataWizard 2019-12-16, Sample duration=1d, Orig. time res.=3d, Matrix=pm10, Blank correction=Blank corrected, Volume std. temperature=ambient, Volume std. pressure=ambient
pm10_pm25_mass, ug/m3, Revision date=20181210133000, Matrix=pm10_pm25
numflag pm10_pm25_mass, no unit, Revision date=20181210133000, Matrix=pm10_pm25
pm25_mass, ug/m3, Version=2, Version description=Data extracted from http://views.cira.colostate.edu/fed/DataWizard 2019-12-16, Sample duration=1d, Orig. time res.=3d, Blank correction=Blank corrected, Volume std. temperature=ambient, Volume std. pressure=ambient
numflag pm25_mass, no unit, Version=2, Version description=Data extracted from http://views.cira.colostate.edu/fed/DataWizard 2019-12-16, Sample duration=1d, Orig. time res.=3d, Blank correction=Blank corrected, Volume std. temperature=ambient, Volume std. pressure=ambient
potassium, ug/m3, Revision date=20181210133000
numflag potassium, no unit, Revision date=20181210133000
sulphate_total, ug S/m3, Revision date=20181210133000
numflag sulphate_total, no unit, Revision date=20181210133000
0
26
Data definition:              EBAS_1.1
Set type code:                TI
Timezone:                     UTC
File name:                    US3201R.20000101070000.20191216000000.filterpack..pm25.52w.1w.US03L_filterpack_US3201.US03L_IMPROVE_Davis.lev2.nas
File creation:                20191218120409
Startdate:                    20000101070000
Revision date:                20191216000000
Statistics:                   arithmetic mean
Data level:                   2
Period code:                  52w
Resolution code:              1w
Station code:                 US3201R
Platform code:                US3201S
Station name:                 Gila Cliff Dwellings National Monument (NM01)
Station latitude:             33.2203
Station longitude:            -108.2347
Station altitude:             1772.0 m
Regime:                       IMG
Component:                    
Unit:                         ug/m3
Matrix:                       pm25
Laboratory code:              US03L
Instrument type:              filterpack
Instrument name:              filterpack_US3201
Method ref:                   US03L_IMPROVE_Davis
starttime endtime Fe flag_Fe Pb flag_Pb Mg++ flag_Mg++ NO3- flag_NO3- OC flag_OC OM flag_OM PM10 flag_PM10 PM10-PM2.5 flag_PM10-PM2.5 PM2.5 flag_PM2.5 K+ flag_K+ SO4-- flag_SO4--
  0.291667   1.291667 9999.99 0.999 99.99 0.999000 9.999 0.999000 9.999 0.699259 999.999 0.259 999.999 0.259 999.999 0.999 999.999 0.999 999.999 0.999 9.999 0.999 9.999 0.699259
  4.291667   5.291667 9999.99 0.999 99.99 0.999000 9.999 0.999000 9.999 0.699259   0.083 0.000   0.116 0.000 999.999 0.999 999.999 0.999 999.999 0.999 9.999 0.999 9.999 0.699259
  7.291667   8.291667 9999.99 0.999 99.99 0.999000 9.999 0.999000 9.999 0.559259 999.999 0.259 999.999 0.259 999.999 0.999 999.999 0.999 999.999 0.999 9.999 0.999 9.999 0.559259
 11.291667  12.291667 9999.99 0.999 99.99 0.999000 9.999 0.999000 9.999 0.999000 999.999 0.999 999.999 0.999 999.999 0.999 999.999 0.999 999.999 0.999 9.999 0.999 9.999 0.999000
 14.291667  15.291667 9999.99 0.999 99.99 0.999000 9.999 0.999000 9.999 0.999000 999.999 0.999 999.999 0.999 999.999 0.999 999.999 0.999 999.999 0.999 9.999 0.999 9.999 0.999000
 18.291667  19.291667 9999.99 0.999 99.99 0.999000 9.999 0.999000 9.999 0.999000 999.999 0.999 999.999 0.999 999.999 0.999 999.999 0.999 999.999 0.999 9.999 0.999 9.999 0.999000
 21.291667  22.291667 9999.99 0.999 99.99 0.999000 9.999 0.999000 9.999 0.999000 999.999 0.999 999.999 0.999 999.999 0.999 999.999 0.999 999.999 0.999 9.999 0.999 9.999 0.999000
 25.291667  26.291667 9999.99 0.999 99.99 0.999000 9.999 0.999000 9.999 0.999000 999.999 0.999 999.999 0.999 999.999 0.999 999.999 0.999 999.999 0.999 9.999 0.999 9.999 0.999000
 28.291667  29.291667 9999.99 0.999 99.99 0.999000 9.999 0.999000 9.999 0.999000 999.999 0.999 999.999 0.999 999.999 0.999 999.999 0.999 999.999 0.999 9.999 0.999 9.999 0.999000
 32.291667  33.291667 9999.99 0.999 99.99 0.999000 9.999 0.999000 9.999 0.999000 999.999 0.999 999.999 0.999 999.999 0.999 999.999 0.999 999.999 0.999 9.999 0.999 9.999 0.999000
 35.291667  36.291667 9999.99 0.999 99.99 0.999000 9.999 0.999000 9.999 0.999000 999.999 0.999 999.999 0.999 999.999 0.999 999.999 0.999 999.999 0.999 9.999 0.999 9.999 0.999000
 39.291667  40.291667 9999.99 0.999 99.99 0.999000 9.999 0.999000 9.999 0.999000 999.999 0.999 999.999 0.999 999.999 0.999 999.999 0.999 999.999 0.999 9.999 0.999 9.999 0.999000
 42.291667  43.291667 9999.99 0.999 99.99 0.999000 9.999 0.999000 9.999 0.999000 999.999 0.999 999.999 0.999 999.999 0.999 999.999 0.999 999.999 0.999 9.999 0.999 9.999 0.999000
 46.291667  47.291667 9999.99 0.999 99.99 0.999000 9.999 0.999000 9.999 0.999000 999.999 0.999 999.999 0.999 999.999 0.999 999.999 0.999 999.999 0.999 9.999 0.999 9.999 0.999000
 49.291667  50.291667 9999.99 0.999 99.99 0.999000 9.999 0.999000 9.999 0.999000 999.999 0.999 999.999 0.999 999.999 0.999 999.999 0.999 999.999 0.999 9.999 0.999 9.999 0.999000
 53.291667  54.291667 9999.99 0.999 99.99 0.999000 9.999 0.999000 9.999 0.999000 999.999 0.999 999.999 0.999 999.999 0.999 999.999 0.999 999.999 0.999 9.999 0.999 9.999 0.999000
 56.291667  57.291667 9999.99 0.999 99.99 0.999000 9.999 0.999000 9.999 0.999000 999.999 0.999 999.999 0.999 999.999 0.999 999.999 0.999 999.999 0.999 9.999 0.999 9.999 0.999000
 60.291667  61.291667 9999.99 0.999 99.99 0.999000 9.999 0.999000 9.999 0.999000 999.999 0.999 999.999 0.999 999.999 0.999 999.999 0.999 999.999 0.999 9.999 0.999 9.999 0.999000
 63.291667  64.291667 9999.99 0.999 99.99 0.999000 9.999 0.999000 9.999 0.999000 999.999 0.999 999.999 0.999 999.999 0.999 999.999 0.999 999.999 0.999 9.999 0.999 9.999 0.999000
 67.291667  68.291667    6.31 0.000  0.27 0.000000 9.999 0.259000 0.030 0.559000   0.617 0.000   0.863 0.000   3.036 0.000   1.653 0.000   1.383 0.000 0.014 0.000 0.117 0.559000
 70.291667  71.291667   22.37 0.000  0.76 0.000000 9.999 0.259000 0.018 0.699000   0.818 0.000   1.145 0.000   3.662 0.000   1.379 0.000   2.283 0.000 0.019 0.000 0.220 0.699000
 74.291667  75.291667   43.94 0.000  2.14 0.000000 9.999 0.259000 0.031 0.699000   0.599 0.000   0.839 0.000   5.682 0.000   2.859 0.000   2.823 0.000 0.037 0.000 0.250 0.699000
 77.291667  78.291667   27.25 0.000 99.99 0.259000 9.999 0.259000 0.018 0.699000   0.338 0.000   0.473 0.000   6.019 0.000   4.169 0.000   1.850 0.000 0.023 0.000 0.156 0.699000
 81.291667  82.291667   53.28 0.000  0.54 0.000000 9.999 0.259000 0.028 0.559000   0.499 0.000   0.698 0.000   4.510 0.000   1.973 0.000   2.537 0.000 0.040 0.000 0.217 0.559000
 84.291667  85.291667   20.19 0.000  0.97 0.000000 9.999 0.259000 0.010 0.559000   0.585 0.000   0.819 0.000   3.992 0.000   1.834 0.000   2.158 0.000 0.021 0.000 0.205 0.559000
 88.291667  89.291667   26.37 0.000  0.61 0.000000 9.999 0.259000 0.026 0.559000   0.661 0.000   0.926 0.000   3.980 0.000   1.411 0.000   2.569 0.000 0.021 0.000 0.235 0.559000
 91.291667  92.291667   26.53 0.000  0.32 0.000000 9.999 0.259000 0.019 0.559000   0.436 0.000   0.610 0.000   4.789 0.000   2.434 0.000   2.356 0.000 0.018 0.000 0.219 0.559000
 95.291667  96.291667   38.09 0.000  0.73 0.000000 0.027 0.000000 0.016 0.559000   0.718 0.000   1.005 0.000   4.902 0.000   2.502 0.000   2.400 0.000 0.031 0.000 0.171 0.559000
 98.291667  99.291667  237.83 0.000  0.72 0.000000 9.999 0.259000 0.033 0.559000   1.187 0.000   1.661 0.000  32.190 0.000  24.189 0.000   8.001 0.000 0.139 0.000 0.175 0.559000
102.291667 103.291667   59.98 0.559  0.72 0.559000 9.999 0.559259 0.021 0.559000   1.344 0.000   1.881 0.000   6.291 0.000   1.373 0.000   4.918 0.559 0.050 0.559 0.284 0.559000
105.291667 106.291667  135.49 0.000  0.48 0.000000 9.999 0.259000 0.035 0.559000   0.522 0.000   0.731 0.000  16.381 0.000  11.709 0.000   4.672 0.000 0.087 0.000 0.156 0.559000
109.291667 110.291667   40.58 0.000  0.36 0.000000 9.999 0.259000 0.036 0.000000   0.535 0.000   0.749 0.000   5.342 0.000   3.281 0.000   2.061 0.000 0.031 0.000 0.110 0.000000
112.291667 113.291667  118.95 0.000  0.94 0.000000 9.999 0.259000 0.095 0.000000   0.722 0.000   1.010 0.000  13.519 0.000   8.636 0.000   4.883 0.000 0.079 0.000 0.251 0.000000
116.291667 117.291667  101.47 0.000  1.27 0.000000 9.999 0.259000 0.035 0.000000   1.019 0.000   1.426 0.000   7.590 0.000   3.177 0.000   4.413 0.000 0.067 0.000 0.238 0.000000
119.291667 120.291667  182.89 0.000  1.84 0.000000 9.999 0.259000 0.061 0.000000   1.128 0.000   1.580 0.000  13.687 0.000   7.671 0.000   6.016 0.000 0.125 0.000 0.292 0.000000
123.291667 124.291667   90.07 0.000  1.43 0.000000 9.999 0.259000 0.028 0.000000   1.263 0.000   1.768 0.000   7.300 0.000   3.292 0.000   4.008 0.000 0.048 0.000 0.156 0.000000
126.291667 127.291667  105.44 0.000  0.94 0.000000 9.999 0.259000 0.081 0.000000   2.450 0.000   3.430 0.000  14.678 0.000   6.030 0.000   8.648 0.000 0.106 0.000 0.494 0.000000
130.291667 131.291667  110.59 0.000  0.87 0.000000 9.999 0.259000 0.050 0.000000   1.019 0.000   1.427 0.000  10.026 0.000   5.209 0.000   4.817 0.000 0.075 0.000 0.238 0.000000
133.291667 134.291667  182.90 0.000  1.33 0.000000 9.999 0.259000 0.064 0.000000   1.687 0.000   2.362 0.000  14.793 0.000   7.205 0.000   7.587 0.000 0.129 0.000 0.258 0.000000
137.291667 138.291667  140.57 0.000  0.49 0.000000 9.999 0.259000 0.056 0.000000   0.915 0.000   1.281 0.000  16.796 0.000  10.735 0.000   6.061 0.000 0.100 0.000 0.156 0.000000
140.291667 141.291667   41.97 0.000  0.53 0.000000 9.999 0.259000 0.026 0.000000   0.927 0.000   1.298 0.000   6.541 0.000   3.146 0.000   3.395 0.000 0.034 0.000 0.238 0.000000
144.291667 145.291667   81.95 0.000  1.09 0.000000 9.999 0.259000 0.051 0.000000   1.682 0.000   2.355 0.000  11.758 0.000   5.285 0.000   6.473 0.000 0.084 0.000 0.411 0.000000
147.291667 148.291667   61.33 0.000  0.96 0.000000 9.999 0.259000 0.049 0.000000   1.283 0.000   1.797 0.000   7.812 0.000   3.286 0.000   4.526 0.000 0.053 0.000 0.344 0.000000
151.291667 152.291667   82.84 0.000  1.07 0.000000 9.999 0.259000 0.052 0.559000   2.163 0.000   3.028 0.000  11.166 0.000   4.561 0.000   6.605 0.000 0.095 0.000 0.428 0.559000
154.291667 155.291667   31.90 0.000 99.99 0.259000 9.999 0.259000 0.026 0.000000   1.085 0.000   1.518 0.000   6.195 0.000   1.778 0.000   4.416 0.000 0.037 0.000 0.397 0.000000
158.291667 159.291667   45.39 0.000  0.43 0.000000 9.999 0.259000 0.026 0.000000   1.413 0.000   1.978 0.000   7.931 0.000   2.997 0.000   4.934 0.000 0.044 0.000 0.439 0.000000
161.291667 162.291667   39.77 0.000 99.99 0.259000 9.999 0.259000 0.084 0.559000   0.718 0.000   1.005 0.000   7.694 0.000   4.111 0.000   3.583 0.000 0.045 0.000 0.358 0.559000
165.291667 166.291667   43.85 0.000  0.44 0.000000 9.999 0.259000 0.024 0.000000   1.472 0.000   2.062 0.000   6.471 0.000   3.363 0.000   3.108 0.000 0.041 0.000 0.179 0.000000
168.291667 169.291667   47.63 0.000 99.99 0.259000 9.999 0.259000 0.039 0.000000   1.380 0.000   1.932 0.000   8.207 0.000   3.859 0.000   4.348 0.000 0.049 0.000 0.314 0.000000
172.291667 173.291667 9999.99 0.999 99.99 0.999000 9.999 0.999000 9.999 0.999000 999.999 0.999 999.999 0.999 999.999 0.999 999.999 0.999 999.999 0.999 9.999 0.999 9.999 0.999000
175.291667 176.291667   31.68 0.000 99.99 0.259000 9.999 0.259000 0.028 0.000000   0.950 0.000   1.331 0.000   5.714 0.000   2.242 0.000   3.472 0.000 0.043 0.000 0.362 0.000000
179.291667 180.291667   26.05 0.000 99.99 0.259000 9.999 0.259000 0.016 0.699000   1.124 0.000   1.573 0.000   5.035 0.000   1.930 0.000   3.106 0.000 0.027 0.000 0.179 0.699000
182.291667 183.291667   21.97 0.000 99.99 0.259000 9.999 0.259000 0.019 0.699000   1.446 0.000   2.025 0.000   6.091 0.000   1.815 0.000   4.276 0.000 0.026 0.000 0.264 0.699000
186.291667 187.291667   62.85 0.000 99.99 0.259000 9.999 0.259000 0.063 0.699000   1.280 0.000   1.792 0.000   6.904 0.000   1.538 0.000   5.366 0.000 0.061 0.000 0.461 0.699000
189.291667 190.291667   37.79 0.000  0.35 0.000000 9.999 0.259000 0.028 0.699000   0.676 0.000   0.947 0.000   5.218 0.000   1.500 0.000   3.718 0.000 0.028 0.000 0.349 0.699000
193.291667 194.291667   11.73 0.000  0.26 0.000000 9.999 0.259000 0.011 0.699000   1.326 0.000   1.857 0.000   5.423 0.000   1.921 0.000   3.502 0.000 0.019 0.000 0.254 0.699000
196.291667 197.291667   14.58 0.000  1.20 0.000000 9.999 0.259000 0.015 0.699000   1.159 0.000   1.623 0.000   4.960 0.000   1.488 0.000   3.472 0.000 0.016 0.000 0.371 0.699000
200.291667 201.291667   23.74 0.000 99.99 0.259000 9.999 0.259000 0.021 0.699000   1.668 0.000   2.335 0.000   6.984 0.000   2.273 0.000   4.711 0.000 0.023 0.000 0.390 0.699000
203.291667 204.291667   32.74 0.000 99.99 0.259000 9.999 0.259000 0.025 0.699000   3.846 0.000   5.385 0.000  10.851 0.000   3.042 0.000   7.809 0.000 0.029 0.000 0.365 0.699000
207.291667 208.291667 9999.99 0.699 99.99 0.699000 9.999 0.699000 0.046 0.699000  10.678 0.000  14.949 0.000  22.135 0.000 999.999 0.999 999.999 0.699 9.999 0.699 0.432 0.699000
210.291667 211.291667   26.95 0.000 99.99 0.259000 9.999 0.259000 0.026 0.699000   4.293 0.000   6.010 0.000  10.693 0.000   1.945 0.000   8.748 0.000 0.048 0.000 0.370 0.699000
214.291667 215.291667 9999.99 0.699 99.99 0.699000 9.999 0.699000 0.044 0.699000  15.514 0.000  21.719 0.000  29.705 0.000 999.999 0.999 999.999 0.699 9.999 0.699 0.464 0.699000
217.291667 218.291667 9999.99 0.699 99.99 0.699000 9.999 0.699000 0.064 0.699000  20.803 0.000  29.124 0.000 999.999 0.456 999.999 0.999 999.999 0.699 9.999 0.699 0.476 0.699000
221.291667 222.291667   18.26 0.000  0.20 0.000000 9.999 0.259000 0.023 0.559000   6.628 0.000   9.279 0.000  14.987 0.000   2.220 0.000  12.767 0.000 0.035 0.000 0.344 0.559000
224.291667 225.291667   48.88 0.000  0.49 0.000000 9.999 0.259000 0.057 0.699000   1.763 0.000   2.468 0.000   7.611 0.000   2.411 0.000   5.201 0.000 0.029 0.000 0.429 0.699000
228.291667 229.291667   60.46 0.559  0.16 0.559000 9.999 0.559259 0.066 0.699000  11.947 0.000  16.726 0.000  30.336 0.000   5.750 0.000  24.586 0.559 0.094 0.559 0.812 0.699000
231.291667 232.291667   14.44 0.000 99.99 0.259000 9.999 0.259000 0.017 0.699000   3.137 0.000   4.392 0.000   7.908 0.000   1.114 0.000   6.793 0.000 0.025 0.000 0.365 0.699000
249.291667 250.291667 9999.99 0.999 99.99 0.999000 9.999 0.999000 9.999 0.999000 999.999 0.999 999.999 0.999 999.999 0.999 999.999 0.999 999.999 0.999 9.999 0.999 9.999 0.999000
252.291667 253.291667 9999.99 0.999 99.99 0.999000 9.999 0.999000 9.999 0.999000 999.999 0.999 999.999 0.999 999.999 0.999 999.999 0.999 999.999 0.999 9.999 0.999 9.999 0.999000
255.291667 256.291667   57.60 0.559  0.27 0.559000 9.999 0.559259 0.068 0.000000   6.658 0.000   9.321 0.000  16.085 0.000   4.830 0.000  11.255 0.559 0.056 0.559 0.338 0.000000
258.291667 259.291667   34.41 0.699 99.99 0.699259 9.999 0.699259 0.059 0.559000   9.274 0.000  12.983 0.000  21.412 0.000   4.745 0.000  16.667 0.699 0.072 0.699 0.441 0.559000
261.291667 262.291667 9999.99 0.699 99.99 0.699000 9.999 0.699000 0.095 0.559000  19.575 0.000  27.405 0.000  32.738 0.000 999.999 0.999 999.999 0.699 9.999 0.699 0.634 0.559000
264.291667 265.291667  164.02 0.559  1.23 0.559000 9.999 0.559259 0.074 0.559000   8.711 0.000  12.196 0.000  41.708 0.000  23.006 0.000  18.702 0.559 0.147 0.559 0.818 0.559000
267.291667 268.291667   18.53 0.000  0.44 0.000000 9.999 0.259000 0.037 0.000000   2.153 0.000   3.014 0.000   6.744 0.000   2.028 0.000   4.716 0.000 0.020 0.000 0.374 0.000000
270.291667 271.291667   41.59 0.559  1.85 0.559000 9.999 0.559259 0.039 0.559000   6.768 0.000   9.476 0.000  15.202 0.000   2.572 0.000  12.629 0.559 0.061 0.559 0.775 0.559000
273.291667 274.291667   17.70 0.559  1.08 0.559000 9.999 0.559259 0.022 0.000000   3.505 0.000   4.908 0.000   9.699 0.000   2.359 0.000   7.340 0.559 0.039 0.559 0.485 0.000000
276.291667 277.291667   20.41 0.000  0.79 0.000000 9.999 0.259000 0.038 0.000000   4.763 0.000   6.668 0.000  13.809 0.000   3.263 0.000  10.546 0.000 0.046 0.000 0.501 0.000000
279.291667 280.291667   85.29 0.559  0.85 0.559000 9.999 0.559259 0.054 0.000000   4.024 0.000   5.634 0.000  18.725 0.000   8.205 0.000  10.520 0.559 0.065 0.559 0.786 0.000000
282.291667 283.291667    2.58 0.000  0.25 0.000000 9.999 0.259000 0.022 0.000000   0.652 0.000   0.913 0.000   1.237 0.000   0.031 0.000   1.206 0.000 0.005 0.000 0.129 0.000000
285.291667 286.291667    2.94 0.000  0.38 0.000000 0.011 0.000000 0.010 0.000000   0.605 0.000   0.847 0.000   1.756 0.000   0.209 0.000   1.547 0.000 0.006 0.000 0.168 0.000000
288.291667 289.291667    7.00 0.000  0.74 0.000000 9.999 0.259000 0.020 0.000000   0.646 0.000   0.905 0.000   3.672 0.000   0.821 0.000   2.851 0.000 0.008 0.000 0.392 0.000000
291.291667 292.291667 9999.99 0.999 99.99 0.999000 9.999 0.999000 9.999 0.999000 999.999 0.999 999.999 0.999 999.999 0.999 999.999 0.999 999.999 0.999 9.999 0.999 9.999 0.999000
294.291667 295.291667 9999.99 0.999 99.99 0.999000 9.999 0.999000 9.999 0.999000 999.999 0.999 999.999 0.999 999.999 0.999 999.999 0.999 999.999 0.999 9.999 0.999 9.999 0.999000
297.291667 298.291667   20.48 0.000  0.46 0.000000 9.999 0.259000 0.033 0.000000   0.504 0.000   0.706 0.000   2.476 0.000   0.981 0.000   1.495 0.000 0.021 0.000 0.153 0.000000
300.291667 301.291667   17.38 0.000  1.53 0.000000 9.999 0.259000 0.016 0.000000   0.430 0.000   0.602 0.000   2.301 0.000   0.775 0.000   1.526 0.000 0.014 0.000 0.145 0.000000
303.291667 304.291667    9.38 0.000  1.19 0.000000 9.999 0.259000 0.017 0.000000   0.375 0.000   0.525 0.000   1.890 0.000   0.458 0.000   1.433 0.000 0.015 0.000 0.151 0.000000
306.291667 307.291667 9999.99 0.999 99.99 0.999000 9.999 0.999000 9.999 0.999000 999.999 0.999 999.999 0.999 999.999 0.999 999.999 0.999 999.999 0.999 9.999 0.999 9.999 0.999000
309.291667 310.291667 9999.99 0.999 99.99 0.999000 9.999 0.999000 9.999 0.999000 999.999 0.999 999.999 0.999 999.999 0.999 999.999 0.999 999.999 0.999 9.999 0.999 9.999 0.999000
312.291667 313.291667 9999.99 0.999 99.99 0.999000 9.999 0.999000 9.999 0.999000 999.999 0.999 999.999 0.999 999.999 0.999 999.999 0.999 999.999 0.999 9.999 0.999 9.999 0.999000
