scripts/IMPROVE-2019_partial/data/US3201R.19940406070000.20191216000000.filterpack...9mo.3d.US03L_filterpack_US3201.US03L_IMPROVE_Davis.lev2.nas
51 1001
MISSING INFORMATION
US03L, IMPROVE, , , , , , , 
MISSING INFORMATION
IMPROVE sel_HTAP
1 1
1994 01 01 2019 12 16
0
days from file reference point
4
1 1 1 1
999.999999 999.999 999.999 9.999
end_time of measurement, days from the file reference point
pm10_mass, ug/m3, Matrix=pm10
pm25_mass, ug/m3, Matrix=pm25
numflag, no unit
0
33
Data definition:              EBAS_1.1
Set type code:                TI
Timezone:                     UTC
File name:                    US3201R.19940406070000.20191216000000.filterpack...9mo.3d.US03L_filterpack_US3201.US03L_IMPROVE_Davis.lev2.nas
File creation:                20191218120409
Startdate:                    19940406070000
Revision date:                20191216000000
Version:                      2
Version description:          "Data extracted from http://views.cira.colostate.edu/fed/DataWizard 2019-12-16"
Statistics:                   arithmetic mean
Data level:                   2
Period code:                  9mo
Resolution code:              3d
Sample duration:              1d
Orig. time res.:              3d
Station code:                 US3201R
Platform code:                US3201S
Station name:                 Gila Cliff Dwellings National Monument (NM01)
Station latitude:             33.2203
Station longitude:            -108.2347
Station altitude:             1772.0 m
Regime:                       IMG
Component:                    
Unit:                         ug/m3
Matrix:                       
Laboratory code:              US03L
Instrument type:              filterpack
Instrument name:              filterpack_US3201
Method ref:                   US03L_IMPROVE_Davis
Blank correction:             Blank corrected
Volume std. temperature:      ambient
Volume std. pressure:         ambient
starttime endtime PM10 PM2.5 flag
 95.291667  96.291667   5.357 999.999 0.000
 98.291667  99.291667  10.437 999.999 0.000
102.291667 103.291667   7.797   3.476 0.000
105.291667 106.291667  27.457   9.660 0.000
109.291667 110.291667  11.277   9.133 0.000
112.291667 113.291667  24.874   6.215 0.000
116.291667 117.291667   8.945   3.415 0.000
119.291667 120.291667   9.578   3.062 0.000
123.291667 124.291667   7.511   6.502 0.000
126.291667 127.291667   9.375   5.759 0.000
130.291667 131.291667   9.440   4.260 0.000
133.291667 134.291667   7.920   4.048 0.000
137.291667 138.291667  10.124   8.287 0.000
140.291667 141.291667   7.388   4.154 0.000
144.291667 145.291667   9.339   5.502 0.000
147.291667 148.291667  13.926   5.471 0.000
151.291667 152.291667  14.937  10.400 0.000
154.291667 155.291667  15.356   7.125 0.000
158.291667 159.291667   8.204   4.222 0.000
161.291667 162.291667  11.265   5.529 0.000
165.291667 166.291667  10.254   4.571 0.000
168.291667 169.291667  10.254   5.245 0.000
172.291667 173.291667   6.163   4.636 0.000
175.291667 176.291667   9.918   5.000 0.000
179.291667 180.291667   7.920   5.821 0.000
182.291667 183.291667  13.080   6.898 0.000
186.291667 187.291667   9.174   4.444 0.000
189.291667 190.291667  28.347   9.843 0.000
193.291667 194.291667   9.544   4.805 0.000
196.291667 197.291667   8.921   4.985 0.000
200.291667 201.291667   8.696   5.427 0.000
203.291667 204.291667   8.739   4.212 0.000
207.291667 208.291667   6.580   4.745 0.000
210.291667 211.291667 999.999 999.999 0.999
214.291667 215.291667  12.412   4.708 0.000
217.291667 218.291667  13.421   4.923 0.000
221.291667 222.291667  10.000   5.810 0.000
224.291667 225.291667   6.738   4.465 0.000
228.291667 229.291667   7.296   5.138 0.000
231.291667 232.291667   6.395   2.683 0.000
235.291667 236.291667 999.999   5.815 0.000
238.291667 239.291667  14.912   5.138 0.000
242.291667 243.291667  10.185   3.841 0.000
245.291667 246.291667   7.717   3.365 0.000
249.291667 250.291667  12.174   5.662 0.000
252.291667 253.291667   8.597   4.198 0.000
256.291667 257.291667   5.446   3.692 0.000
259.291667 260.291667  10.312   5.846 0.000
263.291667 264.291667   8.077   4.969 0.000
266.291667 267.291667   6.106   2.105 0.000
270.291667 271.291667   8.042   5.362 0.000
273.291667 274.291667   6.931   3.366 0.000
277.291667 278.291667   9.703   3.000 0.000
280.291667 281.291667   4.455   2.594 0.000
284.291667 285.291667   5.846   3.119 0.000
287.291667 288.291667  14.103   4.984 0.000
291.291667 292.291667   5.385   3.000 0.000
294.291667 295.291667   5.231   2.290 0.000
298.291667 299.291667   7.344   4.423 0.000
301.291667 302.291667   5.833   5.000 0.000
305.291667 306.291667  15.847   5.196 0.000
308.291667 309.291667   8.415   4.790 0.000
312.291667 313.291667   6.576   2.516 0.000
315.291667 316.291667  10.380   0.777 0.000
319.291667 320.291667   6.150   2.820 0.000
322.291667 323.291667   4.278   1.786 0.000
326.291667 327.291667   3.655   2.083 0.000
329.291667 330.291667   5.141   1.923 0.000
333.291667 334.291667   3.029   1.104 0.000
336.291667 337.291667   4.772   2.000 0.000
340.291667 341.291667   3.165   2.359 0.000
343.291667 344.291667   4.135   2.079 0.000
347.291667 348.291667   2.120   1.369 0.000
350.291667 351.291667   2.360   0.863 0.000
354.291667 355.291667   2.869   1.455 0.000
357.291667 358.291667   3.465   1.856 0.000
361.291667 362.291667   2.658   1.969 0.000
364.291667 365.291667 999.999   2.092 0.000
