scripts/IMPROVE-2019_partial/data/US3201R.19960103070000.20191216000000.filterpack...1y.3d.US03L_filterpack_US3201.US03L_IMPROVE_Davis.lev2.nas
51 1001
MISSING INFORMATION
US03L, IMPROVE, , , , , , , 
MISSING INFORMATION
IMPROVE sel_HTAP
1 1
1996 01 01 2019 12 16
0
days from file reference point
4
1 1 1 1
999.999999 999.999 999.999 9.999
end_time of measurement, days from the file reference point
pm10_mass, ug/m3, Matrix=pm10
pm25_mass, ug/m3, Matrix=pm25
numflag, no unit
0
33
Data definition:              EBAS_1.1
Set type code:                TI
Timezone:                     UTC
File name:                    US3201R.19960103070000.20191216000000.filterpack...1y.3d.US03L_filterpack_US3201.US03L_IMPROVE_Davis.lev2.nas
File creation:                20191218120409
Startdate:                    19960103070000
Revision date:                20191216000000
Version:                      2
Version description:          "Data extracted from http://views.cira.colostate.edu/fed/DataWizard 2019-12-16"
Statistics:                   arithmetic mean
Data level:                   2
Period code:                  1y
Resolution code:              3d
Sample duration:              1d
Orig. time res.:              3d
Station code:                 US3201R
Platform code:                US3201S
Station name:                 Gila Cliff Dwellings National Monument (NM01)
Station latitude:             33.2203
Station longitude:            -108.2347
Station altitude:             1772.0 m
Regime:                       IMG
Component:                    
Unit:                         ug/m3
Matrix:                       
Laboratory code:              US03L
Instrument type:              filterpack
Instrument name:              filterpack_US3201
Method ref:                   US03L_IMPROVE_Davis
Blank correction:             Blank corrected
Volume std. temperature:      ambient
Volume std. pressure:         ambient
starttime endtime PM10 PM2.5 flag
  2.291667   3.291667   3.123   0.992 0.000
  5.291667   6.291667   2.703   1.312 0.000
  9.291667  10.291667   4.200   0.856 0.000
 12.291667  13.291667   3.909   1.839 0.000
 16.291667  17.291667 999.999 999.999 0.999
 19.291667  20.291667   1.662   0.698 0.000
 23.291667  24.291667   1.278   0.796 0.000
 26.291667  27.291667   4.303   1.543 0.000
 30.291667  31.291667   4.453   1.376 0.000
 33.291667  34.291667   3.105   2.002 0.000
 37.291667  38.291667   2.533   2.086 0.000
 40.291667  41.291667   2.911   1.948 0.000
 44.291667  45.291667   4.657   2.790 0.000
 47.291667  48.291667   3.788   2.577 0.000
 51.291667  52.291667   2.401   1.071 0.000
 54.291667  55.291667   3.386   1.575 0.000
 58.291667  59.291667   4.167   1.831 0.000
 61.291667  62.291667   2.946   0.951 0.000
 65.291667  66.291667   6.620   1.962 0.000
 68.291667  69.291667  12.914   3.301 0.000
 72.291667  73.291667   7.304   2.623 0.000
 75.291667  76.291667   4.071   2.046 0.000
 79.291667  80.291667   7.353   3.237 0.000
 82.291667  83.291667  15.400   3.362 0.000
 86.291667  87.291667  11.668   4.651 0.000
 89.291667  90.291667   6.621   3.255 0.000
 93.291667  94.291667   6.821   3.205 0.000
 96.291667  97.291667  15.342   2.884 0.000
100.291667 101.291667  11.414   3.812 0.000
103.291667 104.291667  15.405   4.226 0.000
107.291667 108.291667  10.478   4.053 0.000
110.291667 111.291667   7.232   3.964 0.000
114.291667 115.291667  12.173   5.461 0.000
117.291667 118.291667   9.600   3.517 0.000
121.291667 122.291667  10.437   5.408 0.000
124.291667 125.291667   9.206   3.939 0.000
128.291667 129.291667  17.554   5.356 0.000
131.291667 132.291667   7.947   4.380 0.000
135.291667 136.291667  13.771   4.149 0.000
138.291667 139.291667   7.655   2.554 0.000
142.291667 143.291667  12.909   6.497 0.000
145.291667 146.291667  15.972   8.387 0.000
149.291667 150.291667  11.614   4.271 0.000
152.291667 153.291667  12.024   6.739 0.000
156.291667 157.291667  12.289   6.227 0.000
159.291667 160.291667  15.449   8.363 0.000
163.291667 164.291667  31.701  26.337 0.000
166.291667 167.291667  19.049  17.106 0.000
170.291667 171.291667  28.849  20.456 0.000
173.291667 174.291667  12.437  10.474 0.000
177.291667 178.291667  21.731  12.011 0.000
180.291667 181.291667   8.505   5.977 0.000
184.291667 185.291667   8.934   4.417 0.000
187.291667 188.291667   9.137   6.040 0.000
191.291667 192.291667   5.419   3.299 0.000
194.291667 195.291667   8.068   5.077 0.000
198.291667 199.291667   5.964   4.144 0.000
201.291667 202.291667   7.871   4.362 0.000
205.291667 206.291667   8.121   5.351 0.000
208.291667 209.291667  41.941   4.753 0.000
212.291667 213.291667   8.514   3.704 0.000
215.291667 216.291667   7.651 999.999 0.000
219.291667 220.291667   7.611   3.231 0.000
222.291667 223.291667   5.807   2.870 0.000
226.291667 227.291667  12.960   6.069 0.000
229.291667 230.291667  11.830   4.571 0.000
233.291667 234.291667   3.849 999.999 0.000
236.291667 237.291667  11.191   6.305 0.000
240.291667 241.291667   8.691   2.468 0.000
243.291667 244.291667  12.937   5.266 0.000
247.291667 248.291667   7.919   5.333 0.000
250.291667 251.291667  12.102   3.077 0.000
254.291667 255.291667   6.662   4.202 0.000
257.291667 258.291667   3.069   2.199 0.000
261.291667 262.291667   8.035   4.533 0.000
264.291667 265.291667   4.724   2.517 0.000
268.291667 269.291667   5.637   4.395 0.000
271.291667 272.291667   5.822   2.344 0.000
275.291667 276.291667   7.516   6.202 0.000
278.291667 279.291667  11.642   6.212 0.000
282.291667 283.291667  10.640   3.733 0.000
285.291667 286.291667  12.305   6.450 0.000
289.291667 290.291667  36.597   4.960 0.000
292.291667 293.291667 999.999   3.367 0.000
296.291667 297.291667   5.264   2.050 0.000
299.291667 300.291667  23.539   6.405 0.000
303.291667 304.291667   3.494   2.454 0.000
306.291667 307.291667   2.897   1.706 0.000
310.291667 311.291667   7.070   2.807 0.000
313.291667 314.291667   3.179   2.215 0.000
317.291667 318.291667   6.903   5.738 0.000
320.291667 321.291667  12.773   4.255 0.000
324.291667 325.291667   7.791   1.758 0.000
327.291667 328.291667   4.742   2.053 0.000
331.291667 332.291667   6.259   3.744 0.000
334.291667 335.291667   3.386   2.155 0.000
338.291667 339.291667   3.238   1.167 0.000
341.291667 342.291667   1.917   1.197 0.000
345.291667 346.291667   2.989   1.031 0.000
348.291667 349.291667   3.033   1.744 0.000
352.291667 353.291667   3.033   0.694 0.000
355.291667 356.291667   5.802   1.243 0.000
359.291667 360.291667   2.951   2.295 0.000
362.291667 363.291667  10.200 999.999 0.000
