scripts/IMPROVE-2019_partial/data/US3201R.20060102070000.20191216000000.filterpack..pm25.52w.1w.US03L_filterpack_US3201.US03L_IMPROVE_Davis.lev2.nas
66 1001
MISSING INFORMATION
US03L, IMPROVE, , , , , , , 
MISSING INFORMATION
IMPROVE sel_HTAP
1 1
2006 01 01 2019 12 16
3.000000
days from file reference point
27
1 1 1 1 1 1 1 1 1 1 1 1 1 1 1 1 1 1 1 1 1 1 1 1 1 1 1
999.999999 9999.99 9.999 99.99 9.999 9.999 9.999999 9.99 9.999999 9.999 9.999 999.999 9.999 999.999 9.999 99.99 9.999999 999.999 9.999 999.999 9.999 999.999 9.999 9.999 9.999 9.999 9.999
end_time of measurement, days from the file reference point
iron, ng/m3, Revision date=20181210133000
numflag iron, no unit, Revision date=20181210133000
lead, ng/m3, Revision date=20181210133000
numflag lead, no unit, Revision date=20181210133000
magnesium, ug/m3, Revision date=20181210133000
numflag magnesium, no unit, Revision date=20181210133000
nickel, ng/m3, Revision date=20181210133000
numflag nickel, no unit, Revision date=20181210133000
nitrate, ug N/m3, Revision date=20181210133000
numflag nitrate, no unit, Revision date=20181210133000
organic_carbon, ug C/m3, Revision date=20181210133000
numflag organic_carbon, no unit, Revision date=20181210133000
organic_mass, ug/m3, Revision date=20181210133000
numflag organic_mass, no unit, Revision date=20181210133000
phosphorus, ng/m3, Revision date=20181210133000
numflag phosphorus, no unit, Revision date=20181210133000
pm10_mass, ug/m3, Version=2, Version description=Data extracted from http://views.cira.colostate.edu/fed/DataWizard 2019-12-16, Sample duration=1d, Orig. time res.=3d, Matrix=pm10, Blank correction=Blank corrected, Volume std. temperature=ambient, Volume std. pressure=ambient
numflag pm10_mass, no unit, Version=2, Version description=Data extracted from http://views.cira.colostate.edu/fed/DataWizard 2019-12-16, Sample duration=1d, Orig. time res.=3d, Matrix=pm10, Blank correction=Blank corrected, Volume std. temperature=ambient, Volume std. pressure=ambient
pm10_pm25_mass, ug/m3, Revision date=20181210133000, Matrix=pm10_pm25
numflag pm10_pm25_mass, no unit, Revision date=20181210133000, Matrix=pm10_pm25
pm25_mass, ug/m3, Version=2, Version description=Data extracted from http://views.cira.colostate.edu/fed/DataWizard 2019-12-16, Sample duration=1d, Orig. time res.=3d, Blank correction=Blank corrected, Volume std. temperature=ambient, Volume std. pressure=ambient
numflag pm25_mass, no unit, Version=2, Version description=Data extracted from http://views.cira.colostate.edu/fed/DataWizard 2019-12-16, Sample duration=1d, Orig. time res.=3d, Blank correction=Blank corrected, Volume std. temperature=ambient, Volume std. pressure=ambient
potassium, ug/m3, Revision date=20181210133000
numflag potassium, no unit, Revision date=20181210133000
sulphate_total, ug S/m3, Revision date=20181210133000
numflag sulphate_total, no unit, Revision date=20181210133000
0
25
Data definition:              EBAS_1.1
Set type code:                TU
Timezone:                     UTC
File name:                    US3201R.20060102070000.20191216000000.filterpack..pm25.52w.1w.US03L_filterpack_US3201.US03L_IMPROVE_Davis.lev2.nas
File creation:                20191218120410
Startdate:                    20060102070000
Revision date:                20191216000000
Statistics:                   arithmetic mean
Data level:                   2
Period code:                  52w
Resolution code:              1w
Station code:                 US3201R
Platform code:                US3201S
Station name:                 Gila Cliff Dwellings National Monument (NM01)
Station latitude:             33.2203
Station longitude:            -108.2347
Station altitude:             1772.0 m
Regime:                       IMG
Component:                    
Matrix:                       pm25
Laboratory code:              US03L
Instrument type:              filterpack
Instrument name:              filterpack_US3201
Method ref:                   US03L_IMPROVE_Davis
starttime endtime Fe flag_Fe Pb flag_Pb Mg++ flag_Mg++ Ni flag_Ni NO3- flag_NO3- OC flag_OC OM flag_OM P flag_P PM10 flag_PM10 PM10-PM2.5 flag_PM10-PM2.5 PM2.5 flag_PM2.5 K+ flag_K+ SO4-- flag_SO4--
  1.291667   2.291667    8.49 0.000  0.43 0.000 9.999 0.259000 0.12 0.000000 0.011 0.559   0.187 0.000   0.261 0.000 99.99 0.259000   1.875 0.000   1.172 0.000   0.703 0.000 0.015 0.000 0.051 0.559
  4.291667   5.291667   20.41 0.000  0.32 0.000 9.999 0.259000 0.13 0.000000 0.004 0.559   0.207 0.000   0.290 0.000  4.16 0.000000   1.557 0.000   0.677 0.000   0.879 0.000 0.015 0.000 0.048 0.559
  7.291667   8.291667   67.93 0.000  0.72 0.000 0.025 0.000000 9.99 0.259000 0.008 0.559   0.239 0.000   0.334 0.000 99.99 0.259000   5.478 0.000   3.287 0.000   2.191 0.000 0.056 0.000 0.067 0.559
 10.291667  11.291667  110.23 0.000  0.39 0.000 0.049 0.000000 9.99 0.259000 0.016 0.559   0.353 0.000   0.494 0.000 99.99 0.259000   7.693 0.000   4.271 0.000   3.423 0.000 0.074 0.000 0.067 0.559
 13.291667  14.291667   86.02 0.000  0.85 0.000 0.041 0.000000 0.11 0.000000 0.018 0.559   0.339 0.000   0.474 0.000 99.99 0.259000   5.223 0.000   2.020 0.000   3.203 0.000 0.063 0.000 0.107 0.559
 16.291667  17.291667    5.05 0.000  0.21 0.000 9.999 0.259000 9.99 0.259000 0.005 0.000   0.035 0.000   0.049 0.000 99.99 0.259000   1.395 0.000   0.874 0.000   0.521 0.000 0.004 0.000 0.039 0.000
 19.291667  20.291667   30.87 0.000  0.31 0.000 0.017 0.000000 9.99 0.259000 0.018 0.559   0.070 0.000   0.099 0.000 99.99 0.259000   3.167 0.000   1.812 0.000   1.355 0.000 0.020 0.000 0.053 0.559
 22.291667  23.291667   35.59 0.000  1.09 0.000 9.999 0.259000 9.99 0.259000 0.027 0.559   0.308 0.000   0.430 0.000 99.99 0.259000   5.184 0.000   2.759 0.000   2.426 0.000 0.032 0.000 0.167 0.559
 25.291667  26.291667   82.59 0.000  1.45 0.000 0.024 0.000000 0.23 0.000000 0.047 0.559   0.660 0.000   0.924 0.000 99.99 0.259000  13.636 0.000   8.884 0.000   4.752 0.000 0.074 0.000 0.356 0.559
 28.291667  29.291667   20.83 0.000  1.06 0.000 9.999 0.259000 9.99 0.259000 0.015 0.559   0.454 0.000   0.636 0.000 99.99 0.259000   2.798 0.000   1.318 0.000   1.480 0.000 0.017 0.000 0.078 0.559
 31.291667  32.291667   32.43 0.000  1.01 0.000 9.999 0.259000 9.99 0.259000 0.021 0.559   0.511 0.000   0.716 0.000 99.99 0.259000   3.389 0.000   1.580 0.000   1.809 0.000 0.027 0.000 0.088 0.559
 34.291667  35.291667   42.57 0.000  1.24 0.000 9.999 0.259000 9.99 0.259000 0.009 0.559   0.257 0.000   0.360 0.000 99.99 0.259000   3.308 0.000   1.374 0.000   1.934 0.000 0.035 0.000 0.150 0.559
 37.291667  38.291667   16.28 0.000  0.37 0.000 0.011 0.000000 9.99 0.259000 0.006 0.559   0.176 0.000   0.246 0.000 99.99 0.259000   1.864 0.000   1.126 0.000   0.738 0.000 0.014 0.000 0.040 0.559
 40.291667  41.291667   29.98 0.000  0.64 0.000 9.999 0.259000 9.99 0.259000 0.014 0.559   0.537 0.000   0.752 0.000 99.99 0.259000   3.853 0.000   1.340 0.000   2.513 0.000 0.035 0.000 0.176 0.559
 43.291667  44.291667   20.86 0.000  0.44 0.000 9.999 0.259000 9.99 0.259000 0.021 0.559   0.191 0.000   0.267 0.000 99.99 0.259000   2.729 0.000   1.426 0.000   1.303 0.000 0.017 0.000 0.090 0.559
 46.291667  47.291667   49.69 0.000  0.68 0.000 0.023 0.000000 0.11 0.000000 0.051 0.559   0.242 0.000   0.339 0.000 99.99 0.259000   8.567 0.000   5.745 0.000   2.822 0.000 0.043 0.000 0.128 0.559
 49.291667  50.291667   16.70 0.000  1.32 0.000 9.999 0.259000 9.99 0.259000 0.023 0.559   0.109 0.000   0.153 0.000 99.99 0.259000   2.788 0.000   1.653 0.000   1.135 0.000 0.017 0.000 0.072 0.559
 52.291667  53.291667   23.00 0.000  1.02 0.000 9.999 0.259000 9.99 0.259000 0.018 0.559   0.178 0.000   0.249 0.000 99.99 0.259000   2.692 0.000   1.295 0.000   1.397 0.000 0.022 0.000 0.089 0.559
 55.291667  56.291667   10.50 0.000  0.82 0.000 9.999 0.259000 9.99 0.259000 0.010 0.559   0.472 0.000   0.660 0.000 99.99 0.259000   2.117 0.000   0.676 0.000   1.441 0.000 0.014 0.000 0.150 0.559
 58.291667  59.291667   19.16 0.000  0.57 0.000 9.999 0.259000 9.99 0.259000 0.007 0.559   0.372 0.000   0.520 0.000 99.99 0.259000   3.647 0.000   2.105 0.000   1.542 0.000 0.023 0.000 0.103 0.559
 61.291667  62.291667   21.38 0.000  1.21 0.000 9.999 0.259000 9.99 0.259000 0.007 0.559   0.341 0.000   0.477 0.000 99.99 0.259000   3.822 0.000   1.859 0.000   1.963 0.000 0.028 0.000 0.221 0.559
 64.291667  65.291667   20.67 0.000  0.54 0.000 9.999 0.259000 9.99 0.259000 0.007 0.559   0.211 0.000   0.296 0.000 99.99 0.259000   2.397 0.000   1.134 0.000   1.263 0.000 0.019 0.000 0.108 0.559
 67.291667  68.291667   27.00 0.000  0.38 0.000 9.999 0.259000 9.99 0.259000 0.018 0.559   0.249 0.000   0.348 0.000 99.99 0.259000   3.719 0.000   2.477 0.000   1.242 0.000 0.016 0.000 0.064 0.559
 70.291667  71.291667   20.22 0.000  0.49 0.000 9.999 0.259000 9.99 0.259000 0.011 0.559   0.090 0.000   0.126 0.000 99.99 0.259000   3.569 0.000   2.488 0.000   1.081 0.000 0.017 0.000 0.073 0.559
 73.291667  74.291667   22.26 0.000  1.13 0.000 9.999 0.259000 9.99 0.259000 0.024 0.000   0.348 0.000   0.488 0.000 99.99 0.259000   4.109 0.000   2.633 0.000   1.476 0.000 0.038 0.000 0.111 0.000
 76.291667  77.291667   40.06 0.000  1.74 0.000 9.999 0.259000 9.99 0.259000 0.031 0.000   0.259 0.000   0.362 0.000 99.99 0.259000   6.893 0.000   4.747 0.000   2.145 0.000 0.037 0.000 0.193 0.000
 79.291667  80.291667   29.34 0.000  0.96 0.000 9.999 0.259000 9.99 0.259000 0.042 0.000   0.282 0.000   0.395 0.000 99.99 0.259000   3.906 0.000   1.904 0.000   2.002 0.000 0.021 0.000 0.199 0.000
 82.291667  83.291667   40.83 0.000  0.69 0.000 9.999 0.259000 9.99 0.259000 0.029 0.000   0.439 0.000   0.615 0.000 99.99 0.259000   5.859 0.000   2.546 0.000   3.314 0.000 0.029 0.000 0.342 0.000
 85.291667  86.291667   44.61 0.000  1.54 0.000 9.999 0.259000 9.99 0.259000 0.025 0.559   0.381 0.000   0.534 0.000 99.99 0.259000   3.932 0.000   1.602 0.000   2.330 0.000 0.035 0.000 0.170 0.559
 88.291667  89.291667   40.44 0.000  0.50 0.000 0.034 0.000000 9.99 0.259000 0.035 0.000   0.218 0.000   0.305 0.000 99.99 0.259000   3.719 0.000   1.869 0.000   1.850 0.000 0.029 0.000 0.148 0.000
 91.291667  92.291667   63.90 0.000  1.69 0.000 9.999 0.259000 0.11 0.000000 0.028 0.559   0.171 0.000   0.239 0.000 99.99 0.259000   4.596 0.000   1.642 0.000   2.954 0.000 0.045 0.000 0.300 0.559
 94.291667  95.291667   43.49 0.000  0.71 0.000 0.026 0.000000 9.99 0.259000 0.015 0.559   0.211 0.000   0.295 0.000 99.99 0.259000   7.045 0.000   5.228 0.000   1.817 0.000 0.033 0.000 0.105 0.559
 97.291667  98.291667   67.80 0.000  1.42 0.000 0.026 0.000000 9.99 0.259000 0.017 0.559   0.306 0.000   0.429 0.000 99.99 0.259000   6.659 0.000   4.087 0.000   2.572 0.000 0.045 0.000 0.154 0.559
100.291667 101.291667   32.73 0.000  0.84 0.000 0.027 0.000000 0.11 0.000000 0.015 0.559   0.134 0.000   0.188 0.000 99.99 0.259000   3.641 0.000   2.162 0.000   1.479 0.000 0.026 0.000 0.140 0.559
103.291667 104.291667   58.09 0.000  1.04 0.000 0.021 0.000000 0.12 0.000000 0.011 0.559   0.371 0.000   0.520 0.000 99.99 0.259000   8.719 0.000   5.283 0.000   3.436 0.000 0.057 0.000 0.294 0.559
106.291667 107.291667  182.71 0.000  1.35 0.000 0.094 0.000000 9.99 0.259000 0.028 0.559   0.263 0.000   0.368 0.000 99.99 0.259000  11.841 0.000   7.021 0.000   4.820 0.000 0.103 0.000 0.156 0.559
109.291667 110.291667  169.97 0.000  1.81 0.000 0.099 0.000000 9.99 0.259000 0.043 0.000   0.356 0.559   0.499 0.559 99.99 0.259000   8.999 0.000   4.135 0.000   4.864 0.000 0.101 0.000 0.199 0.000
112.291667 113.291667  160.37 0.000  1.71 0.000 0.083 0.000000 9.99 0.259000 0.036 0.000   0.342 0.000   0.479 0.000 99.99 0.259000  10.778 0.000   5.957 0.000   4.820 0.000 0.102 0.000 0.241 0.000
115.291667 116.291667  134.23 0.000  2.13 0.000 0.070 0.000000 0.11 0.000000 0.036 0.559   1.536 0.559   2.151 0.559 99.99 0.259000  10.579 0.000   4.210 0.000   6.369 0.000 0.091 0.000 0.302 0.559
118.291667 119.291667  103.84 0.000  1.31 0.000 0.050 0.000000 0.08 0.000000 0.028 0.559   0.410 0.000   0.575 0.000 99.99 0.259000   6.445 0.000   2.671 0.000   3.774 0.000 0.063 0.000 0.232 0.559
121.291667 122.291667   46.80 0.000  0.89 0.000 9.999 0.259000 0.09 0.000000 0.029 0.559   0.749 0.000   1.049 0.000 99.99 0.259000   5.540 0.000   2.878 0.000   2.663 0.000 0.032 0.000 0.167 0.559
124.291667 125.291667   81.74 0.000  0.66 0.000 9.999 0.259000 0.13 0.000000 0.036 0.559   0.538 0.559   0.753 0.559 99.99 0.259000   7.906 0.000   4.224 0.000   3.682 0.000 0.057 0.000 0.190 0.559
127.291667 128.291667   85.29 0.000  1.89 0.000 0.017 0.000000 0.15 0.000000 0.055 0.559   0.955 0.000   1.337 0.000 99.99 0.259000   8.269 0.000   3.399 0.000   4.870 0.000 0.053 0.000 0.379 0.559
130.291667 131.291667  145.54 0.000  1.37 0.000 9.999 0.259000 9.99 0.259000 0.047 0.559   0.658 0.000   0.922 0.000 99.99 0.259000  11.627 0.000   6.072 0.000   5.555 0.000 0.088 0.000 0.328 0.559
133.291667 134.291667  105.38 0.000  1.65 0.000 0.034 0.000000 0.12 0.000000 0.045 0.559   0.991 0.000   1.387 0.000 99.99 0.259000   9.169 0.000   4.263 0.000   4.906 0.000 0.068 0.000 0.314 0.559
136.291667 137.291667   56.41 0.000  1.03 0.000 9.999 0.259000 9.99 0.259000 0.018 0.559   0.666 0.000   0.932 0.000 99.99 0.259000   4.265 0.000   1.131 0.000   3.134 0.000 0.037 0.000 0.215 0.559
139.291667 140.291667   40.98 0.000  0.63 0.000 9.999 0.259000 9.99 0.259000 0.023 0.559   1.461 0.000   2.045 0.000 99.99 0.259000   6.816 0.000   2.452 0.000   4.364 0.000 0.035 0.000 0.293 0.559
142.291667 143.291667   48.69 0.000  0.41 0.000 9.999 0.259000 0.17 0.000000 0.029 0.559   0.501 0.000   0.701 0.000 99.99 0.259000   6.559 0.000   3.987 0.000   2.571 0.000 0.037 0.000 0.175 0.559
145.291667 146.291667   53.68 0.000  0.39 0.000 0.032 0.000000 0.30 0.000000 0.016 0.559   0.550 0.000   0.770 0.000 99.99 0.259000   6.053 0.000   3.575 0.000   2.478 0.000 0.040 0.000 0.093 0.559
148.291667 149.291667   58.35 0.000  1.21 0.000 9.999 0.259000 0.30 0.000000 0.084 0.000   0.706 0.000   0.988 0.000 99.99 0.259000   8.757 0.000   4.590 0.000   4.167 0.000 0.053 0.000 0.259 0.000
151.291667 152.291667  243.44 0.000  0.89 0.000 0.124 0.000000 0.39 0.000000 0.043 0.000   2.970 0.000   4.157 0.000 99.99 0.259000  28.353 0.000  15.413 0.000  12.940 0.000 0.184 0.000 0.293 0.000
154.291667 155.291667   58.21 0.000  0.86 0.000 9.999 0.259000 9.99 0.259000 0.032 0.000   1.972 0.000   2.760 0.000 99.99 0.259000  10.927 0.000   4.871 0.000   6.056 0.000 0.056 0.000 0.389 0.000
157.291667 158.291667  163.96 0.000  0.96 0.000 0.070 0.000000 0.37 0.000000 0.037 0.000   2.260 0.000   3.164 0.000 99.99 0.259000  16.745 0.000   7.718 0.000   9.027 0.000 0.125 0.000 0.357 0.000
160.291667 161.291667   30.21 0.000  0.90 0.000 9.999 0.259000 9.99 0.259000 0.022 0.000   1.782 0.000   2.494 0.000 99.99 0.259000   6.962 0.000   2.873 0.000   4.089 0.000 0.035 0.000 0.323 0.000
163.291667 164.291667   36.18 0.000  0.45 0.000 0.015 0.000000 9.99 0.259000 0.029 0.000   1.837 0.000   2.572 0.000 99.99 0.259000  10.464 0.000   4.463 0.000   6.001 0.000 0.046 0.000 0.474 0.000
166.291667 167.291667 9999.99 0.999 99.99 0.999 9.999 0.999000 9.99 0.999000 9.999 0.999 999.999 0.999 999.999 0.999 99.99 0.999000 999.999 0.999 999.999 0.999 999.999 0.999 9.999 0.999 9.999 0.999
169.291667 170.291667   32.68 0.394  1.00 0.394 0.016 0.394000 9.99 0.394259 0.035 0.394   1.531 0.394   2.144 0.394 99.99 0.394259   7.865 0.000   3.273 0.394   4.592 0.000 0.047 0.394 0.312 0.394
172.291667 173.291667  265.68 0.000  0.76 0.000 0.092 0.000000 0.29 0.000000 0.129 0.000  14.426 0.000  20.197 0.000 99.99 0.259000  53.418 0.000  20.940 0.000  32.478 0.000 0.295 0.000 0.405 0.000
175.291667 176.291667 9999.99 0.999 99.99 0.999 9.999 0.999000 9.99 0.999000 9.999 0.999 999.999 0.999 999.999 0.999 99.99 0.999000 999.999 0.999 999.999 0.999 999.999 0.999 9.999 0.999 9.999 0.999
178.291667 179.291667   96.16 0.000  0.65 0.000 0.031 0.000000 0.37 0.000000 0.019 0.000   1.169 0.000   1.636 0.000 99.99 0.259000   6.133 0.000 999.999 0.259   6.307 0.000 0.077 0.000 0.482 0.000
181.291667 182.291667   65.17 0.000  0.76 0.000 0.015 0.000000 0.32 0.000000 0.018 0.000   2.017 0.000   3.630 0.000 99.99 0.259000   9.276 0.000   2.163 0.000   7.113 0.000 0.058 0.000 0.429 0.000
184.291667 185.291667 9999.99 0.999 99.99 0.999 9.999 0.999000 9.99 0.999000 9.999 0.999 999.999 0.999 999.999 0.999 99.99 0.999000 999.999 0.999 999.999 0.999 999.999 0.999 9.999 0.999 9.999 0.999
187.291667 188.291667   32.36 0.000  0.31 0.000 9.999 0.259000 0.23 0.000000 0.008 0.000   0.685 0.000   1.232 0.000 99.99 0.259000   3.129 0.000   0.378 0.000   2.752 0.000 0.028 0.000 0.147 0.000
190.291667 191.291667   98.95 0.000  1.10 0.000 0.020 0.000000 9.99 0.259000 0.027 0.000   1.094 0.000   1.970 0.000 99.99 0.259000  13.203 0.000   7.991 0.000   5.213 0.000 0.083 0.000 0.328 0.000
193.291667 194.291667   54.91 0.000  0.79 0.000 9.999 0.259000 0.22 0.000000 0.025 0.000   1.647 0.000   2.964 0.000 99.99 0.259000   6.567 0.000   1.416 0.000   5.151 0.000 0.060 0.000 0.316 0.000
196.291667 197.291667   46.21 0.000  0.36 0.000 0.010 0.000000 9.99 0.259000 0.028 0.000   1.071 0.000   1.927 0.000 99.99 0.259000   7.013 0.000   3.332 0.000   3.681 0.000 0.040 0.000 0.266 0.000
199.291667 200.291667   37.47 0.000  0.40 0.000 0.009 0.000000 9.99 0.259000 0.018 0.000   1.049 0.000   1.888 0.000 99.99 0.259000   6.045 0.000   1.812 0.000   4.233 0.000 0.025 0.000 0.325 0.000
202.291667 203.291667   26.30 0.000  0.54 0.000 9.999 0.259000 9.99 0.259000 0.020 0.000   1.444 0.000   2.598 0.000 99.99 0.259000   9.874 0.000   4.288 0.000   5.585 0.000 0.033 0.000 0.544 0.000
205.291667 206.291667   17.80 0.000  0.30 0.000 9.999 0.259000 9.99 0.259000 0.009 0.000 999.999 0.999 999.999 0.999 99.99 0.259000   4.800 0.000   1.839 0.000   2.961 0.000 0.018 0.000 0.224 0.000
208.291667 209.291667 9999.99 0.999 99.99 0.999 9.999 0.999000 9.99 0.999000 9.999 0.999 999.999 0.999 999.999 0.999 99.99 0.999000 999.999 0.999 999.999 0.999 999.999 0.999 9.999 0.999 9.999 0.999
211.291667 212.291667   11.87 0.394  1.28 0.394 9.999 0.394259 9.99 0.394259 0.013 0.394   0.700 0.394   1.261 0.394 99.99 0.394259   4.292 0.000   1.975 0.394   2.317 0.000 0.019 0.394 0.205 0.394
214.291667 215.291667 9999.99 0.456 99.99 0.456 9.999 0.456000 9.99 0.456000 0.019 0.000   1.246 0.000   2.242 0.000 99.99 0.456000   7.332 0.000 999.999 0.456 999.999 0.456 9.999 0.456 0.358 0.000
217.291667 218.291667    6.69 0.000  0.12 0.000 9.999 0.259000 9.99 0.259000 0.008 0.000   0.954 0.000   1.717 0.000 99.99 0.259000   5.190 0.000   2.740 0.000   2.450 0.000 0.012 0.000 0.227 0.000
220.291667 221.291667   46.61 0.000  0.51 0.000 0.012 0.000000 0.17 0.000000 0.019 0.000   1.039 0.000   1.870 0.000 99.99 0.259000   8.336 0.000   3.611 0.000   4.725 0.000 0.030 0.000 0.442 0.000
223.291667 224.291667   12.61 0.000  0.73 0.000 0.012 0.000000 9.99 0.259000 0.013 0.000   0.939 0.000   1.689 0.000 99.99 0.259000   5.196 0.000   2.345 0.000   2.851 0.000 0.013 0.000 0.249 0.000
226.291667 227.291667   12.19 0.000  0.33 0.000 9.999 0.259000 9.99 0.259000 0.006 0.000   0.750 0.000   1.349 0.000 99.99 0.259000   5.118 0.000   3.124 0.000   1.994 0.000 0.023 0.000 0.096 0.000
229.291667 230.291667    8.67 0.000  0.20 0.000 9.999 0.259000 9.99 0.259000 0.011 0.000   0.927 0.000   1.669 0.000 99.99 0.259000   5.824 0.000   3.165 0.000   2.659 0.000 0.015 0.000 0.175 0.000
232.291667 233.291667    6.73 0.000  0.34 0.000 9.999 0.259000 9.99 0.259000 0.008 0.000   0.863 0.000   1.553 0.000 99.99 0.259000   5.621 0.000   3.034 0.000   2.587 0.000 0.012 0.000 0.199 0.000
235.291667 236.291667   21.08 0.000  0.61 0.000 9.999 0.259000 9.99 0.259000 0.009 0.000   0.912 0.000   1.642 0.000 99.99 0.259000   5.761 0.000   2.129 0.000   3.632 0.000 0.017 0.000 0.373 0.000
238.291667 239.291667   19.55 0.000  0.99 0.000 9.999 0.259000 0.24 0.000000 0.023 0.000   0.889 0.000   1.601 0.000 99.99 0.259000   6.956 0.000   3.148 0.000   3.808 0.000 0.022 0.000 0.445 0.000
