scripts/IMPROVE-2019_partial/data/US3201R.20080101070000.20191216000000.filterpack...52w.3d.US03L_filterpack_US3201.US03L_IMPROVE_Davis.lev2.nas
52 1001
MISSING INFORMATION
US03L, IMPROVE, , , , , , , 
MISSING INFORMATION
IMPROVE sel_HTAP
1 1
2008 01 01 2019 12 16
3.000000
days from file reference point
5
1 1 1 1 1
999.999999 999.999 9.999 999.999 9.999
end_time of measurement, days from the file reference point
pm10_mass, ug/m3, Matrix=pm10
numflag pm10_mass, no unit, Matrix=pm10
pm25_mass, ug/m3, Matrix=pm25
numflag pm25_mass, no unit, Matrix=pm25
0
33
Data definition:              EBAS_1.1
Set type code:                TU
Timezone:                     UTC
File name:                    US3201R.20080101070000.20191216000000.filterpack...52w.3d.US03L_filterpack_US3201.US03L_IMPROVE_Davis.lev2.nas
File creation:                20191218120411
Startdate:                    20080101070000
Revision date:                20191216000000
Version:                      2
Version description:          "Data extracted from http://views.cira.colostate.edu/fed/DataWizard 2019-12-16"
Statistics:                   arithmetic mean
Data level:                   2
Period code:                  52w
Resolution code:              3d
Sample duration:              1d
Orig. time res.:              3d
Station code:                 US3201R
Platform code:                US3201S
Station name:                 Gila Cliff Dwellings National Monument (NM01)
Station latitude:             33.2203
Station longitude:            -108.2347
Station altitude:             1772.0 m
Regime:                       IMG
Component:                    
Unit:                         ug/m3
Matrix:                       
Laboratory code:              US03L
Instrument type:              filterpack
Instrument name:              filterpack_US3201
Method ref:                   US03L_IMPROVE_Davis
Blank correction:             Blank corrected
Volume std. temperature:      ambient
Volume std. pressure:         ambient
starttime endtime PM10 flag_PM10 PM2.5 flag_PM2.5
  0.291667   1.291667   1.986 0.000   1.022 0.000
  3.291667   4.291667   3.925 0.000   1.964 0.000
  6.291667   7.291667   5.640 0.000   2.078 0.000
  9.291667  10.291667   1.850 0.000   1.183 0.000
 12.291667  13.291667   1.306 0.000   0.791 0.000
 15.291667  16.291667   2.740 0.000   1.222 0.000
 18.291667  19.291667   1.228 0.000   0.881 0.000
 21.291667  22.291667   3.380 0.000   1.850 0.000
 24.291667  25.291667   1.510 0.000   0.935 0.000
 27.291667  28.291667   1.040 0.000   0.421 0.000
 30.291667  31.291667   0.761 0.000   0.183 0.000
 33.291667  34.291667   3.544 0.000   0.965 0.000
 36.291667  37.291667   1.865 0.000   0.973 0.000
 39.291667  40.291667   0.669 0.000   0.391 0.000
 42.291667  43.291667   1.371 0.000   0.696 0.000
 45.291667  46.291667   3.255 0.000   1.238 0.000
 48.291667  49.291667   3.383 0.000   1.509 0.000
 51.291667  52.291667   3.266 0.000   1.608 0.000
 54.291667  55.291667   2.796 0.000   1.284 0.000
 57.291667  58.291667   1.539 0.000   0.720 0.000
 60.291667  61.291667   4.690 0.000   2.200 0.000
 63.291667  64.291667   3.075 0.000   1.331 0.000
 66.291667  67.291667   2.086 0.000   1.020 0.000
 69.291667  70.291667   3.610 0.000   1.942 0.000
 72.291667  73.291667   4.709 0.000   2.607 0.000
 75.291667  76.291667   8.352 0.000   2.148 0.000
 78.291667  79.291667   6.814 0.000   4.582 0.000
 81.291667  82.291667   5.274 0.000   3.072 0.000
 84.291667  85.291667   9.907 0.000   5.104 0.000
 87.291667  88.291667   4.972 0.000   2.983 0.000
 90.291667  91.291667   7.632 0.000   2.659 0.000
 93.291667  94.291667   7.208 0.000   3.445 0.000
 96.291667  97.291667   7.539 0.000   3.706 0.000
 99.291667 100.291667  11.231 0.000   5.190 0.000
102.291667 103.291667   4.289 0.000   2.515 0.000
105.291667 106.291667   6.657 0.000   2.306 0.000
108.291667 109.291667  23.853 0.000   5.134 0.000
111.291667 112.291667  22.422 0.000   4.374 0.000
114.291667 115.291667 999.999 0.456   8.257 0.000
117.291667 118.291667 999.999 0.456   7.272 0.000
120.291667 121.291667  16.519 0.000   5.906 0.000
123.291667 124.291667   6.343 0.000   2.779 0.000
126.291667 127.291667  10.675 0.000   3.620 0.000
129.291667 130.291667  14.299 0.000   7.147 0.000
132.291667 133.291667  15.280 0.000   7.606 0.000
135.291667 136.291667   8.473 0.000   4.427 0.000
138.291667 139.291667   6.618 0.000   3.620 0.000
141.291667 142.291667  34.381 0.000   9.303 0.000
144.291667 145.291667   6.636 0.000   6.251 0.000
147.291667 148.291667   6.229 0.000   2.569 0.000
150.291667 151.291667   5.362 0.000   3.230 0.000
153.291667 154.291667   6.957 0.000   4.321 0.000
156.291667 157.291667  32.429 0.000  10.333 0.000
159.291667 160.291667  10.777 0.000   4.681 0.000
162.291667 163.291667  10.075 0.000   4.288 0.000
165.291667 166.291667   6.552 0.000   3.091 0.000
168.291667 169.291667   7.366 0.000   3.647 0.000
171.291667 172.291667   8.994 0.000   3.929 0.000
174.291667 175.291667 999.999 0.999 999.999 0.999
177.291667 178.291667  14.114 0.000   8.356 0.000
180.291667 181.291667  15.805 0.000   5.812 0.000
183.291667 184.291667 999.999 0.999 999.999 0.999
186.291667 187.291667 999.999 0.999 999.999 0.999
189.291667 190.291667 999.999 0.999 999.999 0.999
192.291667 193.291667   2.314 0.000   2.081 0.000
195.291667 196.291667   1.793 0.000   1.890 0.000
198.291667 199.291667   8.413 0.000   5.280 0.000
201.291667 202.291667   5.682 0.000   3.397 0.000
204.291667 205.291667 999.999 0.999 999.999 0.999
207.291667 208.291667 999.999 0.999 999.999 0.999
210.291667 211.291667  14.868 0.000   4.229 0.000
213.291667 214.291667   4.836 0.000   4.830 0.000
216.291667 217.291667   3.990 0.000   3.995 0.000
219.291667 220.291667   8.169 0.000   5.518 0.000
222.291667 223.291667 999.999 0.999 999.999 0.999
225.291667 226.291667 999.999 0.999 999.999 0.999
228.291667 229.291667 999.999 0.999 999.999 0.999
231.291667 232.291667 999.999 0.999 999.999 0.999
234.291667 235.291667 999.999 0.999 999.999 0.999
237.291667 238.291667 999.999 0.999 999.999 0.999
240.291667 241.291667   2.975 0.000   2.193 0.000
243.291667 244.291667   2.372 0.000   1.295 0.000
246.291667 247.291667   3.505 0.000   2.097 0.000
249.291667 250.291667   4.812 0.000   3.413 0.000
252.291667 253.291667   4.103 0.000   2.467 0.000
255.291667 256.291667 999.999 0.999 999.999 0.999
258.291667 259.291667 999.999 0.999 999.999 0.999
261.291667 262.291667   3.441 0.000   2.493 0.000
264.291667 265.291667   4.130 0.000   2.744 0.000
267.291667 268.291667   5.202 0.000   4.034 0.000
270.291667 271.291667   5.851 0.000   5.184 0.000
273.291667 274.291667   7.351 0.000   6.301 0.000
276.291667 277.291667   7.030 0.000   5.131 0.000
279.291667 280.291667   2.716 0.000   2.482 0.000
282.291667 283.291667   4.009 0.000   2.469 0.000
285.291667 286.291667 999.999 0.999 999.999 0.999
288.291667 289.291667   3.761 0.000   2.949 0.000
291.291667 292.291667   3.072 0.000   2.180 0.000
294.291667 295.291667   3.386 0.000   2.061 0.000
297.291667 298.291667   2.492 0.000   1.781 0.000
300.291667 301.291667   7.050 0.000   4.392 0.000
303.291667 304.291667   5.435 0.000   3.725 0.000
306.291667 307.291667   5.402 0.000   3.245 0.000
309.291667 310.291667 999.999 0.456   3.161 0.000
312.291667 313.291667 999.999 0.456   1.421 0.000
315.291667 316.291667 999.999 0.456 999.999 0.456
318.291667 319.291667   1.551 0.000   1.083 0.000
321.291667 322.291667   2.433 0.000   1.627 0.000
324.291667 325.291667   4.599 0.000   2.147 0.000
327.291667 328.291667   5.990 0.000   3.153 0.000
330.291667 331.291667   4.801 0.000   2.836 0.000
333.291667 334.291667   1.567 0.000   1.574 0.000
336.291667 337.291667   1.311 0.000   1.123 0.000
339.291667 340.291667   2.207 0.000   1.370 0.000
342.291667 343.291667   1.870 0.000   1.541 0.000
345.291667 346.291667   0.850 0.000   0.714 0.000
348.291667 349.291667   4.420 0.000   2.052 0.000
351.291667 352.291667   1.606 0.000   0.710 0.000
354.291667 355.291667   1.036 0.000   0.884 0.000
357.291667 358.291667 999.999 0.999 999.999 0.999
360.291667 361.291667   1.583 0.000   0.829 0.000
363.291667 364.291667   0.603 0.000   0.469 0.000
