scripts/IMPROVE-2019_partial/data/US3201R.20130101070000.20191216000000.filterpack...52w.3d.US03L_filterpack_US3201.US03L_IMPROVE_Davis.lev2.nas
52 1001
MISSING INFORMATION
US03L, IMPROVE, , , , , , , 
MISSING INFORMATION
IMPROVE sel_HTAP
1 1
2013 01 01 2019 12 16
3.000000
days from file reference point
5
1 1 1 1 1
999.999999 999.999 9.999 999.999 9.999
end_time of measurement, days from the file reference point
pm10_mass, ug/m3, Matrix=pm10
numflag pm10_mass, no unit, Matrix=pm10
pm25_mass, ug/m3, Matrix=pm25
numflag pm25_mass, no unit, Matrix=pm25
0
33
Data definition:              EBAS_1.1
Set type code:                TU
Timezone:                     UTC
File name:                    US3201R.20130101070000.20191216000000.filterpack...52w.3d.US03L_filterpack_US3201.US03L_IMPROVE_Davis.lev2.nas
File creation:                20191218120411
Startdate:                    20130101070000
Revision date:                20191216000000
Version:                      2
Version description:          "Data extracted from http://views.cira.colostate.edu/fed/DataWizard 2019-12-16"
Statistics:                   arithmetic mean
Data level:                   2
Period code:                  52w
Resolution code:              3d
Sample duration:              1d
Orig. time res.:              3d
Station code:                 US3201R
Platform code:                US3201S
Station name:                 Gila Cliff Dwellings National Monument (NM01)
Station latitude:             33.2203
Station longitude:            -108.2347
Station altitude:             1772.0 m
Regime:                       IMG
Component:                    
Unit:                         ug/m3
Matrix:                       
Laboratory code:              US03L
Instrument type:              filterpack
Instrument name:              filterpack_US3201
Method ref:                   US03L_IMPROVE_Davis
Blank correction:             Blank corrected
Volume std. temperature:      ambient
Volume std. pressure:         ambient
starttime endtime PM10 flag_PM10 PM2.5 flag_PM2.5
  0.291667   1.291667   1.245 0.000   0.908 0.000
  3.291667   4.291667   2.989 0.000   2.443 0.000
  6.291667   7.291667   1.758 0.000   1.177 0.000
  9.291667  10.291667   2.765 0.000   1.367 0.000
 12.291667  13.291667   2.179 0.000   0.721 0.000
 15.291667  16.291667   1.312 0.000   0.773 0.000
 18.291667  19.291667   1.517 0.000   0.737 0.000
 21.291667  22.291667   4.713 0.000   0.872 0.000
 24.291667  25.291667   1.407 0.000   0.939 0.000
 27.291667  28.291667   1.838 0.000   1.055 0.000
 30.291667  31.291667   0.798 0.000   0.492 0.000
 33.291667  34.291667   2.085 0.000   1.016 0.000
 36.291667  37.291667   2.446 0.000   1.505 0.000
 39.291667  40.291667   3.936 0.000   1.550 0.000
 42.291667  43.291667   1.744 0.000   1.089 0.000
 45.291667  46.291667   1.875 0.000   0.973 0.000
 48.291667  49.291667   4.036 0.000   1.662 0.000
 51.291667  52.291667   1.428 0.000   0.835 0.000
 54.291667  55.291667   3.194 0.000   1.247 0.000
 57.291667  58.291667   2.254 0.000   0.949 0.000
 60.291667  61.291667   2.230 0.000   1.301 0.000
 63.291667  64.291667  20.243 0.000   4.244 0.000
 66.291667  67.291667   3.315 0.000   1.754 0.000
 69.291667  70.291667   2.113 0.000   1.464 0.000
 72.291667  73.291667   4.139 0.000   2.176 0.000
 75.291667  76.291667   7.714 0.000   3.248 0.000
 78.291667  79.291667   7.879 0.000   3.473 0.000
 81.291667  82.291667  11.901 0.000   6.369 0.000
 84.291667  85.291667  11.544 0.000   4.720 0.000
 87.291667  88.291667   6.093 0.000   3.466 0.000
 90.291667  91.291667   5.080 0.000   2.459 0.000
 93.291667  94.291667   2.953 0.000   1.300 0.000
 96.291667  97.291667   7.853 0.000   3.945 0.000
 99.291667 100.291667   5.065 0.000   2.246 0.000
102.291667 103.291667   6.113 0.000   2.639 0.000
105.291667 106.291667  10.534 0.000   3.096 0.000
108.291667 109.291667   9.042 0.000   3.205 0.000
111.291667 112.291667   8.864 0.000   4.219 0.000
114.291667 115.291667  20.723 0.000   6.584 0.000
117.291667 118.291667   8.725 0.000   4.527 0.000
120.291667 121.291667  11.315 0.000   6.208 0.000
123.291667 124.291667  28.262 0.000   9.021 0.000
126.291667 127.291667   4.660 0.000   2.925 0.000
129.291667 130.291667   4.636 0.000   3.045 0.000
132.291667 133.291667   5.159 0.000   3.256 0.000
135.291667 136.291667   9.153 0.000   4.919 0.000
138.291667 139.291667  10.200 0.000   5.588 0.000
141.291667 142.291667 999.999 0.999 999.999 0.999
144.291667 145.291667 999.999 0.999 999.999 0.999
147.291667 148.291667 999.999 0.999 999.999 0.999
150.291667 151.291667  16.314 0.000   7.644 0.000
153.291667 154.291667  22.696 0.000   7.141 0.000
156.291667 157.291667  14.252 0.000   4.672 0.000
159.291667 160.291667   9.951 0.000   4.911 0.000
162.291667 163.291667  16.647 0.000   8.486 0.000
165.291667 166.291667  20.953 0.000   7.579 0.000
168.291667 169.291667   9.440 0.000   3.462 0.000
171.291667 172.291667   9.279 0.000   3.842 0.000
174.291667 175.291667   9.198 0.000   3.394 0.000
177.291667 178.291667  26.231 0.000  18.139 0.000
180.291667 181.291667  21.301 0.000  13.104 0.000
183.291667 184.291667 999.999 0.999 999.999 0.999
186.291667 187.291667 999.999 0.999 999.999 0.999
189.291667 190.291667   8.189 0.000   4.016 0.000
192.291667 193.291667   7.918 0.000   3.649 0.000
195.291667 196.291667   5.420 0.000   2.698 0.000
198.291667 199.291667   3.893 0.000   1.797 0.000
201.291667 202.291667   4.550 0.000   2.173 0.000
204.291667 205.291667   4.899 0.000   2.867 0.000
207.291667 208.291667 999.999 0.999 999.999 0.999
210.291667 211.291667 999.999 0.999 999.999 0.999
213.291667 214.291667   5.312 0.000   3.161 0.000
216.291667 217.291667   5.341 0.000   3.237 0.000
219.291667 220.291667   7.355 0.000   4.434 0.000
222.291667 223.291667   8.241 0.000   5.366 0.000
225.291667 226.291667   5.955 0.000   3.056 0.000
228.291667 229.291667   5.675 0.000   3.561 0.000
231.291667 232.291667   6.708 0.000   4.114 0.000
234.291667 235.291667   8.525 0.000   6.006 0.000
237.291667 238.291667   7.358 0.000   5.007 0.000
240.291667 241.291667   2.910 0.000   1.711 0.000
243.291667 244.291667   4.626 0.000   2.774 0.000
246.291667 247.291667   6.566 0.000   3.820 0.000
249.291667 250.291667   6.930 0.000   4.611 0.000
252.291667 253.291667   2.926 0.000   2.087 0.000
255.291667 256.291667 999.999 0.999 999.999 0.999
258.291667 259.291667 999.999 0.999 999.999 0.999
261.291667 262.291667 999.999 0.999 999.999 0.999
264.291667 265.291667 999.999 0.999 999.999 0.999
267.291667 268.291667   4.749 0.000   1.852 0.000
270.291667 271.291667   3.226 0.000   1.424 0.000
273.291667 274.291667  13.165 0.000   2.138 0.000
276.291667 277.291667  10.126 0.000   2.720 0.000
279.291667 280.291667   8.152 0.000   1.829 0.000
282.291667 283.291667 999.999 0.999 999.999 0.999
285.291667 286.291667 999.999 0.456   2.582 0.000
288.291667 289.291667 999.999 0.999 999.999 0.999
291.291667 292.291667 999.999 0.999 999.999 0.999
294.291667 295.291667 999.999 0.456 999.999 0.456
297.291667 298.291667   7.642 0.000   3.406 0.000
300.291667 301.291667   8.973 0.000   2.527 0.000
303.291667 304.291667   3.479 0.000   1.383 0.000
306.291667 307.291667   4.432 0.000   1.267 0.000
309.291667 310.291667   2.567 0.000   1.924 0.000
312.291667 313.291667   3.626 0.000   1.917 0.000
315.291667 316.291667   4.848 0.000   2.115 0.000
318.291667 319.291667 999.999 0.999 999.999 0.999
321.291667 322.291667 999.999 0.999 999.999 0.999
324.291667 325.291667 999.999 0.999 999.999 0.999
327.291667 328.291667 999.999 0.999 999.999 0.999
330.291667 331.291667   1.380 0.000   1.051 0.000
333.291667 334.291667   2.446 0.000   1.713 0.000
336.291667 337.291667   1.968 0.000   1.059 0.000
339.291667 340.291667   3.594 0.000   1.266 0.000
342.291667 343.291667   2.581 0.000   1.261 0.000
345.291667 346.291667   2.623 0.000   1.540 0.000
348.291667 349.291667   0.957 0.000   0.583 0.000
351.291667 352.291667   0.911 0.000   0.704 0.000
354.291667 355.291667   0.823 0.000   0.516 0.000
357.291667 358.291667   1.792 0.000   0.563 0.000
360.291667 361.291667   1.592 0.000   0.705 0.000
363.291667 364.291667   2.385 0.000   1.048 0.000
