scripts/IMPROVE-2019_partial/data/US3201R.20030103070000.20191216000000.filterpack..pm25.1y.1w.US03L_filterpack_US3201.US03L_IMPROVE_Davis.lev2.nas
66 1001
MISSING INFORMATION
US03L, IMPROVE, , , , , , , 
MISSING INFORMATION
IMPROVE sel_HTAP
1 1
2003 01 01 2019 12 16
3.000000
days from file reference point
27
1 1 1 1 1 1 1 1 1 1 1 1 1 1 1 1 1 1 1 1 1 1 1 1 1 1 1
999.999999 9999.99 9.999999 99.99 9.999999 9.999 9.999999999 99.99 9.999999999 9.999 9.999999 999.999 9.999 999.999 9.999 99.99 9.999999999 9999.999 9.999 999.999 9.999 999.999 9.999 9.999 9.999999 9.999 9.999999
end_time of measurement, days from the file reference point
iron, ng/m3, Revision date=20181210133000
numflag iron, no unit, Revision date=20181210133000
lead, ng/m3, Revision date=20181210133000
numflag lead, no unit, Revision date=20181210133000
magnesium, ug/m3, Revision date=20181210133000
numflag magnesium, no unit, Revision date=20181210133000
nickel, ng/m3, Revision date=20181210133000
numflag nickel, no unit, Revision date=20181210133000
nitrate, ug N/m3, Revision date=20181210133000
numflag nitrate, no unit, Revision date=20181210133000
organic_carbon, ug C/m3, Revision date=20181210133000
numflag organic_carbon, no unit, Revision date=20181210133000
organic_mass, ug/m3, Revision date=20181210133000
numflag organic_mass, no unit, Revision date=20181210133000
phosphorus, ng/m3, Revision date=20181210133000
numflag phosphorus, no unit, Revision date=20181210133000
pm10_mass, ug/m3, Version=2, Version description=Data extracted from http://views.cira.colostate.edu/fed/DataWizard 2019-12-16, Sample duration=1d, Orig. time res.=3d, Matrix=pm10, Blank correction=Blank corrected, Volume std. temperature=ambient, Volume std. pressure=ambient
numflag pm10_mass, no unit, Version=2, Version description=Data extracted from http://views.cira.colostate.edu/fed/DataWizard 2019-12-16, Sample duration=1d, Orig. time res.=3d, Matrix=pm10, Blank correction=Blank corrected, Volume std. temperature=ambient, Volume std. pressure=ambient
pm10_pm25_mass, ug/m3, Revision date=20181210133000, Matrix=pm10_pm25
numflag pm10_pm25_mass, no unit, Revision date=20181210133000, Matrix=pm10_pm25
pm25_mass, ug/m3, Version=2, Version description=Data extracted from http://views.cira.colostate.edu/fed/DataWizard 2019-12-16, Sample duration=1d, Orig. time res.=3d, Blank correction=Blank corrected, Volume std. temperature=ambient, Volume std. pressure=ambient
numflag pm25_mass, no unit, Version=2, Version description=Data extracted from http://views.cira.colostate.edu/fed/DataWizard 2019-12-16, Sample duration=1d, Orig. time res.=3d, Blank correction=Blank corrected, Volume std. temperature=ambient, Volume std. pressure=ambient
potassium, ug/m3, Revision date=20181210133000
numflag potassium, no unit, Revision date=20181210133000
sulphate_total, ug S/m3, Revision date=20181210133000
numflag sulphate_total, no unit, Revision date=20181210133000
0
25
Data definition:              EBAS_1.1
Set type code:                TU
Timezone:                     UTC
File name:                    US3201R.20030103070000.20191216000000.filterpack..pm25.1y.1w.US03L_filterpack_US3201.US03L_IMPROVE_Davis.lev2.nas
File creation:                20191218120410
Startdate:                    20030103070000
Revision date:                20191216000000
Statistics:                   arithmetic mean
Data level:                   2
Period code:                  1y
Resolution code:              1w
Station code:                 US3201R
Platform code:                US3201S
Station name:                 Gila Cliff Dwellings National Monument (NM01)
Station latitude:             33.2203
Station longitude:            -108.2347
Station altitude:             1772.0 m
Regime:                       IMG
Component:                    
Matrix:                       pm25
Laboratory code:              US03L
Instrument type:              filterpack
Instrument name:              filterpack_US3201
Method ref:                   US03L_IMPROVE_Davis
starttime endtime Fe flag_Fe Pb flag_Pb Mg++ flag_Mg++ Ni flag_Ni NO3- flag_NO3- OC flag_OC OM flag_OM P flag_P PM10 flag_PM10 PM10-PM2.5 flag_PM10-PM2.5 PM2.5 flag_PM2.5 K+ flag_K+ SO4-- flag_SO4--
[from data line 72]
218.291667 219.291667   81.96 0.559394  0.29 0.559394 9.999 0.559394259  0.09 0.559394000 0.020 0.394000   1.744 0.000   2.442 0.000 99.99 0.559394259    7.547 0.000   0.645 0.000   6.902 0.559 0.059 0.559394 0.271 0.394000
221.291667 222.291667   23.18 0.559000  0.24 0.559000 9.999 0.559259000  0.07 0.559000000 0.016 0.559000   1.699 0.000   2.379 0.000 99.99 0.559259000    6.739 0.000   2.000 0.000   4.739 0.559 0.022 0.559000 0.248 0.559000
224.291667 225.291667   35.33 0.394000  0.22 0.394000 0.040 0.394000000  0.07 0.394000000 9.999 0.699000   2.156 0.000   3.019 0.000 99.99 0.394259000    7.285 0.000   0.896 0.000   6.389 0.000 0.035 0.394000 9.999 0.699000
227.291667 228.291667   12.74 0.000000  0.42 0.000000 9.999 0.259000000 99.99 0.259000000 0.013 0.559000   0.705 0.000   0.987 0.000 99.99 0.259000000    5.528 0.000   1.836 0.000   3.691 0.000 0.014 0.000000 0.474 0.559000
230.291667 231.291667 9999.99 0.999000 99.99 0.999000 9.999 0.999000000 99.99 0.999000000 9.999 0.999000 999.999 0.999 999.999 0.999 99.99 0.999000000 9999.999 0.999 999.999 0.999 999.999 0.999 9.999 0.999000 9.999 0.999000
233.291667 234.291667   22.32 0.559000  0.23 0.559000 9.999 0.559259000 99.99 0.559259000 0.014 0.000000   0.714 0.000   1.000 0.000 99.99 0.559259000    5.637 0.000   2.833 0.000   2.804 0.559 0.019 0.559000 0.260 0.000000
236.291667 237.291667   17.65 0.559000  0.09 0.559000 9.999 0.559259000  0.11 0.559000000 0.010 0.000000   1.227 0.000   1.718 0.000 99.99 0.559259000    5.801 0.000   1.489 0.000   4.311 0.559 0.021 0.559000 0.425 0.000000
239.291667 240.291667   12.68 0.000000  0.31 0.000000 0.084 0.000000000  0.09 0.000000000 0.007 0.000000   1.009 0.000   1.412 0.000 99.99 0.259000000    4.456 0.000   1.910 0.000   2.545 0.000 0.014 0.000000 0.161 0.000000
242.291667 243.291667   23.45 0.394000  0.35 0.394000 9.999 0.394259000  0.21 0.394000000 0.011 0.394000   1.883 0.000   2.636 0.000 99.99 0.394259000    7.429 0.000   2.295 0.000   5.134 0.000 0.026 0.394000 0.414 0.394000
245.291667 246.291667   12.19 0.000000  0.27 0.000000 9.999 0.259000000 99.99 0.259000000 0.011 0.000000   1.198 0.000   1.677 0.000 99.99 0.259000000    5.970 0.000   2.482 0.000   3.487 0.000 0.015 0.000000 0.311 0.000000
248.291667 249.291667   16.88 0.000000  0.52 0.000000 9.999 0.259000000  0.06 0.000000000 0.016 0.000000   1.354 0.000   1.896 0.000 99.99 0.259000000    6.128 0.000   2.465 0.000   3.663 0.000 0.022 0.000000 0.285 0.000000
251.291667 252.291667   34.30 0.000000  0.72 0.000000 9.999 0.259000000  1.09 0.000000000 0.022 0.000000   0.719 0.000   1.006 0.000 99.99 0.259000000    6.811 0.000   2.037 0.000   4.774 0.000 0.029 0.000000 0.474 0.000000
254.291667 255.291667    6.90 0.000000  0.17 0.000000 9.999 0.259000000  0.06 0.000000000 0.007 0.000000   0.681 0.000   0.954 0.000 99.99 0.259000000    2.369 0.000   0.826 0.000   1.543 0.000 0.007 0.000000 0.089 0.000000
257.291667 258.291667   34.78 0.000000  0.68 0.000000 0.021 0.000000000 99.99 0.259000000 0.018 0.000000   1.021 0.000   1.429 0.000 99.99 0.259000000    9.763 0.000   5.799 0.000   3.964 0.000 0.027 0.000000 0.292 0.000000
260.291667 261.291667   14.09 0.000000  0.31 0.000000 9.999 0.259000000  0.17 0.000000000 0.013 0.000000   0.370 0.000   0.517 0.000 99.99 0.259000000    3.513 0.000   1.603 0.000   1.910 0.000 0.013 0.000000 0.181 0.000000
263.291667 264.291667   26.82 0.000000  0.46 0.000000 9.999 0.259000000  0.06 0.000000000 0.013 0.000000   0.916 0.000   1.282 0.000 99.99 0.259000000    5.392 0.000   2.403 0.000   2.989 0.000 0.023 0.000000 0.160 0.000000
266.291667 267.291667   47.26 0.000000  0.21 0.000000 9.999 0.259000000  0.05 0.000000000 0.025 0.000000   0.353 0.000   0.494 0.000 99.99 0.259000000    6.741 0.000   4.359 0.000   2.383 0.000 0.034 0.000000 0.106 0.000000
269.291667 270.291667   22.17 0.000000  0.40 0.000000 9.999 0.259000000  0.03 0.000000000 0.013 0.000000   1.579 0.000   2.211 0.000 99.99 0.259000000    6.536 0.000   2.449 0.000   4.087 0.000 0.035 0.000000 0.183 0.000000
272.291667 273.291667   19.20 0.000000  0.77 0.000000 9.999 0.259000000  0.05 0.000000000 0.011 0.000000   1.448 0.000   2.028 0.000 99.99 0.259000000    6.115 0.000   2.982 0.000   3.132 0.000 0.021 0.000000 0.238 0.000000
275.291667 276.291667   22.90 0.000000  0.35 0.000000 9.999 0.259000000  0.10 0.000000000 0.012 0.000000   0.627 0.000   0.878 0.000 99.99 0.259000000    4.943 0.000   1.993 0.000   2.950 0.000 0.022 0.000000 0.247 0.000000
278.291667 279.291667    8.50 0.000000  0.46 0.000000 9.999 0.259000000 99.99 0.259000000 0.006 0.000000   0.443 0.000   0.620 0.000 99.99 0.259000000    2.819 0.000   0.936 0.000   1.883 0.000 0.009 0.000000 0.188 0.000000
281.291667 282.291667    4.65 0.000000  0.17 0.000000 9.999 0.259000000  0.02 0.000000000 0.011 0.000000   0.686 0.000   0.960 0.000 99.99 0.259000000    2.819 0.000   0.759 0.000   2.060 0.000 0.005 0.000000 0.108 0.000000
284.291667 285.291667   21.46 0.000000  0.21 0.000000 9.999 0.259000000 99.99 0.259000000 0.014 0.000000   0.706 0.000   0.988 0.000 99.99 0.259000000    6.046 0.000   3.056 0.000   2.990 0.000 0.017 0.000000 0.167 0.000000
287.291667 288.291667   43.71 0.000000  0.58 0.000000 9.999 0.259000000  0.07 0.000000000 0.012 0.000000   0.739 0.000   1.035 0.000 99.99 0.259000000   11.259 0.000   7.452 0.000   3.807 0.000 0.037 0.000000 0.178 0.000000
290.291667 291.291667   24.32 0.000000  0.60 0.000000 9.999 0.259000000 99.99 0.259000000 0.010 0.000000   1.107 0.000   1.550 0.000 99.99 0.259000000    6.164 0.000   3.081 0.000   3.083 0.000 0.026 0.000000 0.192 0.000000
293.291667 294.291667   14.20 0.000000  0.48 0.000000 9.999 0.259000000  0.09 0.000000000 0.008 0.000000   0.821 0.000   1.150 0.000 99.99 0.259000000    3.468 0.000   1.427 0.000   2.040 0.000 0.017 0.000000 0.104 0.000000
296.291667 297.291667   21.84 0.000000  0.37 0.000000 9.999 0.259000000 99.99 0.259000000 0.013 0.000000   1.294 0.000   1.812 0.000 99.99 0.259000000    5.958 0.000   2.114 0.000   3.844 0.000 0.023 0.000000 0.172 0.000000
299.291667 300.291667   18.07 0.000000  0.21 0.000000 9.999 0.259000000  0.05 0.000000000 0.009 0.000000   0.277 0.000   0.387 0.000 99.99 0.259000000    3.886 0.000   2.368 0.000   1.517 0.000 0.015 0.000000 0.068 0.000000
302.291667 303.291667   57.21 0.699000  1.26 0.699000 0.029 0.699000000  0.08 0.699000000 0.232 0.000000   5.060 0.000   7.083 0.000 99.99 0.699259000   21.536 0.000   8.520 0.000  13.017 0.699 0.252 0.699000 0.228 0.000000
305.291667 306.291667   55.48 0.000000  0.92 0.000000 9.999 0.259000000  0.11 0.000000000 0.030 0.000000   1.540 0.000   2.156 0.000 99.99 0.259000000   12.286 0.000   6.088 0.000   6.198 0.000 0.128 0.000000 0.290 0.000000
308.291667 309.291667   15.66 0.000000  0.28 0.000000 9.999 0.259000000 99.99 0.259000000 0.017 0.000000   0.170 0.000   0.238 0.000 99.99 0.259000000    2.869 0.000   1.422 0.000   1.447 0.000 0.015 0.000000 0.079 0.000000
311.291667 312.291667   10.27 0.000000  0.26 0.000000 0.018 0.000000000  0.09 0.000000000 0.005 0.000000   0.349 0.000   0.488 0.000 99.99 0.259000000    2.439 0.000   1.339 0.000   1.099 0.000 0.012 0.000000 0.050 0.000000
314.291667 315.291667    3.81 0.000000  0.16 0.000000 9.999 0.259000000 99.99 0.259000000 0.008 0.000000   0.363 0.000   0.509 0.000 99.99 0.259000000    1.890 0.000   0.334 0.000   1.556 0.000 0.006 0.000000 0.179 0.000000
317.291667 318.291667 9999.99 0.999000 99.99 0.999000 9.999 0.999000000 99.99 0.999000000 9.999 0.999000 999.999 0.999 999.999 0.999 99.99 0.999000000 9999.999 0.999 999.999 0.999 999.999 0.999 9.999 0.999000 9.999 0.999000
320.291667 321.291667 9999.99 0.999000 99.99 0.999000 9.999 0.999000000 99.99 0.999000000 9.999 0.999000 999.999 0.999 999.999 0.999 99.99 0.999000000 9999.999 0.999 999.999 0.999 999.999 0.999 9.999 0.999000 9.999 0.999000
323.291667 324.291667    5.55 0.000000  0.23 0.000000 9.999 0.259000000 99.99 0.259000000 0.006 0.000000   0.597 0.000   0.835 0.000 99.99 0.259000000    1.653 0.000   0.607 0.000   1.046 0.000 0.005 0.000000 0.031 0.000000
326.291667 327.291667    8.14 0.000000  0.26 0.000000 9.999 0.259000000  0.06 0.000000000 0.009 0.000000   0.298 0.000   0.417 0.000 99.99 0.259000000    2.439 0.000   1.382 0.000   1.057 0.000 0.009 0.000000 0.052 0.000000
329.291667 330.291667   12.63 0.000000  1.57 0.000000 0.025 0.000000000  0.03 0.000000000 0.012 0.000000   0.370 0.000   0.518 0.000 99.99 0.259000000    2.604 0.000   1.476 0.000   1.129 0.000 0.013 0.000000 0.068 0.000000
332.291667 333.291667    6.94 0.000000  0.31 0.000000 0.034 0.000000000 99.99 0.259000000 0.005 0.000000   0.299 0.000   0.418 0.000 99.99 0.259000000    1.529 0.000   0.430 0.000   1.099 0.000 0.006 0.000000 0.053 0.000000
335.291667 336.291667   23.03 0.699000  0.57 0.699000 0.051 0.699000000 99.99 0.699259000 0.009 0.699000   0.713 0.000   0.998 0.000 99.99 0.699259000    3.945 0.000   1.953 0.000   1.992 0.699 0.022 0.699000 0.098 0.699000
338.291667 339.291667   31.09 0.000000  0.76 0.000000 9.999 0.259000000 99.99 0.259000000 0.015 0.000000   0.940 0.000   1.315 0.000 99.99 0.259000000    6.490 0.000   3.606 0.000   2.884 0.000 0.027 0.000000 0.113 0.000000
341.291667 342.291667   14.14 0.000000  0.62 0.000000 9.999 0.259000000  0.17 0.000000000 0.024 0.000000   0.656 0.000   0.919 0.000 99.99 0.259000000    5.374 0.000   1.814 0.000   3.560 0.000 0.033 0.000000 0.467 0.000000
344.291667 345.291667 9999.99 0.456000 99.99 0.456000 9.999 0.456000000 99.99 0.456000000 0.011 0.000000   0.399 0.000   0.559 0.000 99.99 0.456000000    2.412 0.000 999.999 0.999 999.999 0.456 9.999 0.456000 0.107 0.000000
347.291667 348.291667    2.08 0.559000  0.35 0.559000 0.045 0.559000000  0.06 0.559000000 0.003 0.000000   0.235 0.000   0.329 0.000 99.99 0.559259000    0.703 0.000   0.077 0.000   0.626 0.559 0.005 0.559000 0.030 0.000000
350.291667 351.291667 9999.99 0.999000 99.99 0.999000 9.999 0.999000000 99.99 0.999000000 9.999 0.999000 999.999 0.999 999.999 0.999 99.99 0.999000000 9999.999 0.999 999.999 0.999 999.999 0.999 9.999 0.999000 9.999 0.999000
353.291667 354.291667 9999.99 0.999000 99.99 0.999000 9.999 0.999000000 99.99 0.999000000 9.999 0.999000 999.999 0.999 999.999 0.999 99.99 0.999000000 9999.999 0.999 999.999 0.999 999.999 0.999 9.999 0.999000 9.999 0.999000
356.291667 357.291667 9999.99 0.999000 99.99 0.999000 9.999 0.999000000 99.99 0.999000000 9.999 0.999000 999.999 0.999 999.999 0.999 99.99 0.999000000 9999.999 0.999 999.999 0.999 999.999 0.999 9.999 0.999000 9.999 0.999000
359.291667 360.291667   25.19 0.000000  0.30 0.000000 9.999 0.259000000  0.05 0.000000000 0.011 0.000000   0.268 0.000   0.375 0.000 99.99 0.259000000    8.019 0.000   6.554 0.000   1.465 0.000 0.028 0.000000 0.061 0.000000
362.291667 363.291667    2.46 0.000000  0.10 0.000000 9.999 0.259000000  0.05 0.000000000 0.004 0.000000   0.168 0.000   0.234 0.000 99.99 0.259000000    0.665 0.000   0.195 0.000   0.471 0.000 0.003 0.000000 0.036 0.000000
