scripts/IMPROVE-2019_partial/data/US3201R.20010101070000.20191216000000.filterpack..pm25.52w.1w.US03L_filterpack_US3201.US03L_IMPROVE_Davis.lev2.nas
64 1001
MISSING INFORMATION
US03L, IMPROVE, , , , , , , 
MISSING INFORMATION
IMPROVE sel_HTAP
1 1
2001 01 01 2019 12 16
3.000000
days from file reference point
25
1 1 1 1 1 1 1 1 1 1 1 1 1 1 1 1 1 1 1 1 1 1 1 1 1
999.999999 9999.99 9.999 99.99 9.999 9.999 9.999999 9.99 9.999999 9.999 9.999999 99.999 9.999 99.999 9.999 999.999 9.999 999.999 9.999 999.999 9.999 9.999 9.999 9.999 9.999999
end_time of measurement, days from the file reference point
iron, ng/m3, Revision date=20181210133000
numflag iron, no unit, Revision date=20181210133000
lead, ng/m3, Revision date=20181210133000
numflag lead, no unit, Revision date=20181210133000
magnesium, ug/m3, Revision date=20181210133000
numflag magnesium, no unit, Revision date=20181210133000
nickel, ng/m3, Revision date=20181210133000
numflag nickel, no unit, Revision date=20181210133000
nitrate, ug N/m3, Revision date=20181210133000
numflag nitrate, no unit, Revision date=20181210133000
organic_carbon, ug C/m3, Revision date=20181210133000
numflag organic_carbon, no unit, Revision date=20181210133000
organic_mass, ug/m3, Revision date=20181210133000
numflag organic_mass, no unit, Revision date=20181210133000
pm10_mass, ug/m3, Version=2, Version description=Data extracted from http://views.cira.colostate.edu/fed/DataWizard 2019-12-16, Sample duration=1d, Orig. time res.=3d, Matrix=pm10, Blank correction=Blank corrected, Volume std. temperature=ambient, Volume std. pressure=ambient
numflag pm10_mass, no unit, Version=2, Version description=Data extracted from http://views.cira.colostate.edu/fed/DataWizard 2019-12-16, Sample duration=1d, Orig. time res.=3d, Matrix=pm10, Blank correction=Blank corrected, Volume std. temperature=ambient, Volume std. pressure=ambient
pm10_pm25_mass, ug/m3, Revision date=20181210133000, Matrix=pm10_pm25
numflag pm10_pm25_mass, no unit, Revision date=20181210133000, Matrix=pm10_pm25
pm25_mass, ug/m3, Version=2, Version description=Data extracted from http://views.cira.colostate.edu/fed/DataWizard 2019-12-16, Sample duration=1d, Orig. time res.=3d, Blank correction=Blank corrected, Volume std. temperature=ambient, Volume std. pressure=ambient
numflag pm25_mass, no unit, Version=2, Version description=Data extracted from http://views.cira.colostate.edu/fed/DataWizard 2019-12-16, Sample duration=1d, Orig. time res.=3d, Blank correction=Blank corrected, Volume std. temperature=ambient, Volume std. pressure=ambient
potassium, ug/m3, Revision date=20181210133000
numflag potassium, no unit, Revision date=20181210133000
sulphate_total, ug S/m3, Revision date=20181210133000
numflag sulphate_total, no unit, Revision date=20181210133000
0
25
Data definition:              EBAS_1.1
Set type code:                TU
Timezone:                     UTC
File name:                    US3201R.20010101070000.20191216000000.filterpack..pm25.52w.1w.US03L_filterpack_US3201.US03L_IMPROVE_Davis.lev2.nas
File creation:                20191218120409
Startdate:                    20010101070000
Revision date:                20191216000000
Statistics:                   arithmetic mean
Data level:                   2
Period code:                  52w
Resolution code:              1w
Station code:                 US3201R
Platform code:                US3201S
Station name:                 Gila Cliff Dwellings National Monument (NM01)
Station latitude:             33.2203
Station longitude:            -108.2347
Station altitude:             1772.0 m
Regime:                       IMG
Component:                    
Matrix:                       pm25
Laboratory code:              US03L
Instrument type:              filterpack
Instrument name:              filterpack_US3201
Method ref:                   US03L_IMPROVE_Davis
starttime endtime Fe flag_Fe Pb flag_Pb Mg++ flag_Mg++ Ni flag_Ni NO3- flag_NO3- OC flag_OC OM flag_OM PM10 flag_PM10 PM10-PM2.5 flag_PM10-PM2.5 PM2.5 flag_PM2.5 K+ flag_K+ SO4-- flag_SO4--
  0.291667   1.291667   14.85 0.000  1.41 0.000 9.999 0.259000 9.99 0.259000 0.016 0.000000  0.362 0.000  0.507 0.000   2.315 0.000   0.603 0.000   1.712 0.000 0.013 0.000 0.236 0.000000
  3.291667   4.291667    4.39 0.000  0.44 0.000 9.999 0.259000 0.06 0.000000 0.008 0.000000  0.240 0.000  0.336 0.000   3.640 0.000   2.815 0.000   0.825 0.000 0.008 0.000 0.117 0.000000
  6.291667   7.291667   10.66 0.559  0.65 0.559 9.999 0.559259 9.99 0.559259 0.013 0.000000  0.518 0.000  0.725 0.000   2.134 0.000   0.471 0.000   1.663 0.559 0.011 0.559 0.217 0.000000
  9.291667  10.291667    2.85 0.000  0.25 0.000 0.015 0.000000 9.99 0.259000 0.012 0.000000  0.446 0.000  0.625 0.000   1.830 0.000   0.259 0.000   1.571 0.000 0.007 0.000 0.236 0.000000
 12.291667  13.291667    1.01 0.000 99.99 0.259 9.999 0.259000 9.99 0.259000 0.008 0.000000  0.166 0.000  0.232 0.000   0.483 0.000   0.218 0.000   0.265 0.000 0.005 0.000 0.061 0.000000
 15.291667  16.291667    7.83 0.000  1.82 0.000 9.999 0.259000 0.16 0.000000 0.037 0.000000  0.342 0.000  0.478 0.000   2.257 0.000   0.428 0.000   1.829 0.000 0.009 0.000 0.242 0.000000
 18.291667  19.291667    3.91 0.000  1.67 0.000 9.999 0.259000 9.99 0.259000 0.013 0.000000  0.384 0.000  0.537 0.000   2.191 0.000   0.064 0.000   2.127 0.000 0.007 0.000 0.286 0.000000
 21.291667  22.291667    3.54 0.000  1.15 0.000 0.014 0.000000 9.99 0.259000 0.011 0.000000  0.387 0.000  0.541 0.000   1.653 0.000   0.340 0.000   1.314 0.000 0.004 0.000 0.159 0.000000
 24.291667  25.291667   12.99 0.000  1.32 0.000 9.999 0.259000 0.19 0.000000 0.057 0.000000  0.423 0.000  0.592 0.000   5.580 0.000   2.828 0.000   2.753 0.000 0.022 0.000 0.328 0.000000
 27.291667  28.291667    2.98 0.000  0.10 0.000 9.999 0.259000 0.18 0.000000 0.007 0.000000  0.129 0.000  0.181 0.000   1.033 0.000   0.470 0.000   0.563 0.000 0.007 0.000 0.083 0.000000
 30.291667  31.291667    3.41 0.000  1.58 0.000 9.999 0.259000 9.99 0.259000 0.009 0.000000  0.180 0.000  0.252 0.000   0.923 0.000 999.999 0.259   1.009 0.000 9.999 0.259 0.177 0.000000
 33.291667  34.291667   24.27 0.000  0.44 0.000 9.999 0.259000 9.99 0.259000 0.012 0.000000  0.381 0.000  0.534 0.000   3.392 0.000   1.985 0.000   1.407 0.000 0.024 0.000 0.141 0.000000
 36.291667  37.291667   14.75 0.000  1.33 0.000 9.999 0.259000 9.99 0.259000 0.012 0.000000  0.420 0.000  0.588 0.000   4.114 0.000   2.866 0.000   1.248 0.000 0.013 0.000 0.114 0.000000
 39.291667  40.291667   15.42 0.000  0.46 0.000 9.999 0.259000 9.99 0.259000 0.093 0.000000  0.240 0.000  0.336 0.000   3.968 0.000   2.373 0.000   1.595 0.000 0.013 0.000 0.159 0.000000
 42.291667  43.291667   22.70 0.000  1.44 0.000 9.999 0.259000 9.99 0.259000 0.016 0.000000  0.353 0.000  0.495 0.000   2.976 0.000   1.619 0.000   1.357 0.000 0.021 0.000 0.127 0.000000
 45.291667  46.291667    3.12 0.000 99.99 0.259 9.999 0.259000 9.99 0.259000 0.020 0.000000  0.179 0.000  0.251 0.000   2.168 0.000   1.416 0.000   0.752 0.000 0.006 0.000 0.121 0.000000
 48.291667  49.291667   19.78 0.000  3.15 0.000 9.999 0.259000 9.99 0.259000 0.019 0.000000  0.427 0.000  0.598 0.000   3.472 0.000   1.294 0.000   2.178 0.000 0.021 0.000 0.241 0.000000
 51.291667  52.291667   20.13 0.000  1.00 0.000 9.999 0.259000 9.99 0.259000 0.008 0.000000  0.335 0.000  0.469 0.000   2.646 0.000   1.318 0.000   1.327 0.000 0.024 0.000 0.084 0.000000
 54.291667  55.291667   21.86 0.000  0.45 0.000 9.999 0.259000 9.99 0.259000 0.037 0.000000  0.331 0.000  0.463 0.000   4.479 0.000   2.495 0.000   1.984 0.000 0.020 0.000 0.187 0.000000
 57.291667  58.291667    5.99 0.000  0.94 0.000 9.999 0.259000 9.99 0.259000 0.011 0.000000  0.409 0.000  0.573 0.000   2.285 0.000   0.445 0.000   1.840 0.000 0.011 0.000 0.260 0.000000
 60.291667  61.291667    6.73 0.000  1.39 0.000 9.999 0.259000 9.99 0.259000 0.011 0.000000  0.294 0.000  0.411 0.000   2.518 0.000   0.591 0.000   1.927 0.000 0.008 0.000 0.290 0.000000
 63.291667  64.291667   12.31 0.000  0.70 0.000 9.999 0.259000 9.99 0.259000 0.015 0.000000  0.355 0.000  0.496 0.000   3.086 0.000   1.388 0.000   1.698 0.000 0.012 0.000 0.175 0.000000
 66.291667  67.291667    6.22 0.000 99.99 0.259 9.999 0.259000 9.99 0.259000 0.006 0.000000  0.293 0.000  0.410 0.000   2.055 0.000   0.498 0.000   1.557 0.000 0.006 0.000 0.197 0.000000
 69.291667  70.291667   13.47 0.000  0.56 0.000 9.999 0.259000 9.99 0.259000 0.031 0.000000  0.229 0.000  0.320 0.000   3.164 0.000   1.341 0.000   1.823 0.000 0.011 0.000 0.214 0.000000
 72.291667  73.291667   25.05 0.000  0.92 0.000 9.999 0.259000 0.27 0.000000 0.021 0.000000  0.468 0.000  0.656 0.000   3.309 0.000   1.219 0.000   2.090 0.000 0.023 0.000 0.187 0.000000
 75.291667  76.291667   38.99 0.000  1.21 0.000 9.999 0.259000 9.99 0.259000 0.056 0.000000  0.445 0.000  0.622 0.000   5.841 0.000   2.713 0.000   3.128 0.000 0.031 0.000 0.288 0.000000
 78.291667  79.291667   24.23 0.000  2.73 0.000 9.999 0.259000 9.99 0.259000 0.012 0.000000  0.593 0.000  0.830 0.000   5.119 0.000   1.954 0.000   3.164 0.000 0.024 0.000 0.359 0.000000
 81.291667  82.291667   16.90 0.000  1.04 0.000 9.999 0.259000 0.40 0.000000 0.014 0.000000  0.431 0.000  0.604 0.000   3.758 0.000   2.014 0.000   1.744 0.000 0.016 0.000 0.132 0.000000
 84.291667  85.291667   34.57 0.559  1.12 0.559 9.999 0.559259 0.24 0.559000 0.040 0.000000  0.767 0.000  1.074 0.000   7.271 0.000   3.587 0.000   3.684 0.559 0.039 0.559 0.322 0.000000
 87.291667  88.291667   35.70 0.000  0.96 0.000 9.999 0.259000 9.99 0.259000 0.019 0.000000  0.387 0.000  0.542 0.000   4.183 0.000   1.889 0.000   2.294 0.000 0.031 0.000 0.158 0.000000
 90.291667  91.291667   44.60 0.559  0.84 0.559 9.999 0.559259 9.99 0.559259 0.022 0.000000  0.530 0.000  0.743 0.000   4.739 0.000   2.261 0.000   2.478 0.559 0.036 0.559 0.121 0.000000
 93.291667  94.291667   30.90 0.000  3.01 0.000 9.999 0.259000 0.13 0.000000 0.033 0.000000  0.385 0.000  0.538 0.000   5.821 0.000   2.831 0.000   2.990 0.000 0.037 0.000 0.375 0.000000
 96.291667  97.291667   11.18 0.000  0.82 0.000 9.999 0.259000 9.99 0.259000 0.015 0.559000  0.363 0.000  0.509 0.000   1.836 0.000   0.326 0.000   1.510 0.000 0.010 0.000 0.153 0.559000
 99.291667 100.291667   23.23 0.000  0.92 0.000 9.999 0.259000 9.99 0.259000 0.025 0.000000  0.318 0.000  0.445 0.000 999.999 0.456 999.999 0.999   1.713 0.000 0.023 0.000 0.179 0.000000
102.291667 103.291667   89.87 0.000  1.52 0.000 9.999 0.259000 9.99 0.259000 0.042 0.000000  0.401 0.000  0.561 0.000   6.101 0.000   2.568 0.000   3.534 0.000 0.057 0.000 0.239 0.000000
105.291667 106.291667  196.55 0.000  1.24 0.000 9.999 0.259000 9.99 0.259000 0.029 0.000000  0.610 0.000  0.854 0.000   9.353 0.000   3.948 0.000   5.405 0.000 0.115 0.000 0.182 0.000000
108.291667 109.291667  140.73 0.000  1.20 0.000 9.999 0.259000 9.99 0.259000 0.030 0.000000  0.657 0.000  0.920 0.000  12.909 0.000   7.359 0.000   5.549 0.000 0.088 0.000 0.311 0.000000
111.291667 112.291667   28.65 0.000  0.77 0.000 9.999 0.259000 9.99 0.259000 0.013 0.000000  0.155 0.000  0.217 0.000   3.411 0.000   2.041 0.000   1.370 0.000 0.018 0.000 0.135 0.000000
114.291667 115.291667  172.55 0.000  1.50 0.000 9.999 0.259000 9.99 0.259000 0.037 0.000000  1.635 0.000  2.289 0.000  19.057 0.000  11.418 0.000   7.639 0.000 0.114 0.000 0.288 0.000000
117.291667 118.291667   64.54 0.000  0.70 0.000 9.999 0.259000 9.99 0.259000 0.026 0.559000  1.163 0.000  1.628 0.000   8.028 0.000   3.430 0.000   4.599 0.000 0.051 0.000 0.396 0.559000
120.291667 121.291667  159.59 0.000  1.32 0.000 9.999 0.259000 9.99 0.259000 0.031 0.000000  1.627 0.000  2.279 0.000  10.186 0.000   4.184 0.000   6.002 0.000 0.086 0.000 0.277 0.000000
123.291667 124.291667   93.89 0.000  0.67 0.000 9.999 0.259000 9.99 0.259000 0.058 0.000000  0.564 0.000  0.790 0.000  10.336 0.000   6.202 0.000   4.134 0.000 0.070 0.000 0.247 0.000000
126.291667 127.291667  132.65 0.559  0.66 0.559 9.999 0.559259 9.99 0.559259 0.045 0.000000  1.934 0.000  2.708 0.000  10.315 0.000   3.709 0.000   6.606 0.559 0.081 0.559 0.225 0.000000
129.291667 130.291667  132.47 0.000  0.54 0.000 9.999 0.259000 9.99 0.259000 0.032 0.000000  1.201 0.000  1.682 0.000   9.528 0.000   4.296 0.000   5.232 0.000 0.080 0.000 0.305 0.000000
132.291667 133.291667   74.00 0.000  0.72 0.000 9.999 0.259000 9.99 0.259000 0.026 0.559000  1.260 0.000  1.764 0.000   8.277 0.000   3.390 0.000   4.887 0.000 0.052 0.000 0.308 0.559000
135.291667 136.291667   83.57 0.000  1.13 0.000 9.999 0.259000 0.18 0.000000 0.036 0.000000  1.019 0.000  1.427 0.000   6.534 0.000   1.763 0.000   4.770 0.000 0.062 0.000 0.317 0.000000
138.291667 139.291667   26.18 0.000  0.62 0.000 9.999 0.259000 0.31 0.000000 0.011 0.000000  0.622 0.000  0.871 0.000   3.164 0.000   0.849 0.000   2.315 0.000 0.032 0.000 0.214 0.000000
141.291667 142.291667   65.66 0.000  0.87 0.000 9.999 0.259000 9.99 0.259000 0.014 0.000000  0.832 0.000  1.164 0.000   5.107 0.000   2.692 0.000   2.415 0.000 0.043 0.000 0.164 0.000000
144.291667 145.291667   51.26 0.000  0.79 0.000 9.999 0.259000 9.99 0.259000 0.019 0.000000  1.112 0.000  1.557 0.000   5.712 0.000   2.303 0.000   3.409 0.000 0.033 0.000 0.169 0.000000
147.291667 148.291667   42.30 0.559  0.63 0.559 9.999 0.559259 9.99 0.559259 0.019 0.000000  0.912 0.000  1.276 0.000   5.835 0.000   2.836 0.000   3.000 0.559 0.042 0.559 0.225 0.000000
150.291667 151.291667   84.57 0.000  0.92 0.000 9.999 0.259000 0.17 0.000000 0.030 0.000000  1.243 0.000  1.740 0.000   7.848 0.000   2.981 0.000   4.868 0.000 0.057 0.000 0.338 0.000000
153.291667 154.291667   65.00 0.559  0.55 0.559 9.999 0.559259 9.99 0.559259 0.024 0.000000  0.742 0.000  1.039 0.000   9.780 0.000   5.150 0.000   4.630 0.559 0.055 0.559 0.413 0.000000
156.291667 157.291667   61.80 0.000  0.96 0.000 9.999 0.259000 9.99 0.259000 0.034 0.000000  0.910 0.000  1.275 0.000   6.864 0.000   2.993 0.000   3.872 0.000 0.054 0.000 0.254 0.000000
159.291667 160.291667   78.21 0.000  2.11 0.000 9.999 0.259000 9.99 0.259000 0.031 0.000000  1.143 0.000  1.600 0.000  11.761 0.000   6.691 0.000   5.070 0.000 0.065 0.000 0.325 0.000000
162.291667 163.291667   39.40 0.000  0.92 0.000 9.999 0.259000 0.13 0.000000 0.041 0.000000  0.859 0.000  1.202 0.000   9.313 0.000   5.331 0.000   3.982 0.000 0.068 0.000 0.355 0.000000
165.291667 166.291667   70.51 0.000  0.83 0.000 9.999 0.259000 9.99 0.259000 0.030 0.000000  0.749 0.000  1.048 0.000   7.703 0.000   4.152 0.000   3.551 0.000 0.067 0.000 0.164 0.000000
168.291667 169.291667   73.19 0.000  0.61 0.000 9.999 0.259000 9.99 0.259000 0.028 0.000000  1.202 0.000  1.682 0.000   7.104 0.000   1.880 0.000   5.224 0.000 0.079 0.000 0.334 0.000000
171.291667 172.291667   60.38 0.000  0.59 0.000 9.999 0.259000 9.99 0.259000 0.024 0.000000  1.271 0.000  1.780 0.000   8.189 0.000   3.353 0.000   4.836 0.000 0.061 0.000 0.311 0.000000
174.291667 175.291667   29.23 0.000  0.45 0.000 9.999 0.259000 9.99 0.259000 0.021 0.559000  1.869 0.000  2.617 0.000   6.583 0.000   1.674 0.000   4.910 0.000 0.032 0.000 0.292 0.559000
177.291667 178.291667   36.34 0.000  1.26 0.000 9.999 0.259000 9.99 0.259000 0.021 0.000000  1.298 0.000  1.817 0.000   5.678 0.000   0.995 0.000   4.683 0.000 0.036 0.000 0.421 0.000000
180.291667 181.291667   20.21 0.000  0.35 0.000 9.999 0.259000 9.99 0.259000 0.011 0.000000  1.574 0.000  2.203 0.000   4.371 0.000   0.756 0.000   3.615 0.000 0.024 0.000 0.200 0.000000
183.291667 184.291667   49.38 0.559  0.27 0.559 9.999 0.559259 9.99 0.559259 0.023 0.000000  2.535 0.000  3.548 0.000   7.059 0.000   1.233 0.000   5.826 0.559 0.039 0.559 0.254 0.000000
186.291667 187.291667  433.04 0.559  0.90 0.559 9.999 0.559259 9.99 0.559259 0.048 0.000000  1.875 0.000  2.625 0.000  44.690 0.000  27.448 0.000  17.241 0.559 0.295 0.559 0.387 0.000000
189.291667 190.291667  113.47 0.000  0.42 0.000 9.999 0.259000 9.99 0.259000 0.034 0.000000  0.766 0.000  1.072 0.000   8.701 0.000   3.516 0.000   5.185 0.000 0.072 0.000 0.266 0.000000
192.291667 193.291667 9999.99 0.999 99.99 0.999 9.999 0.999000 9.99 0.999000 9.999 0.999000 99.999 0.999 99.999 0.999 999.999 0.999 999.999 0.999 999.999 0.999 9.999 0.999 9.999 0.999000
195.291667 196.291667 9999.99 0.999 99.99 0.999 9.999 0.999000 9.99 0.999000 9.999 0.999000 99.999 0.999 99.999 0.999 999.999 0.999 999.999 0.999 999.999 0.999 9.999 0.999 9.999 0.999000
198.291667 199.291667   40.97 0.000  0.52 0.000 9.999 0.259000 9.99 0.259000 0.017 0.000000  1.111 0.000  1.556 0.000   5.228 0.000   0.760 0.000   4.469 0.000 0.038 0.000 0.363 0.000000
201.291667 202.291667   32.24 0.000  0.37 0.000 9.999 0.259000 0.14 0.000000 0.023 0.559000  0.825 0.000  1.154 0.000   7.185 0.000   2.260 0.000   4.925 0.000 0.032 0.000 0.529 0.559000
204.291667 205.291667   25.77 0.000  0.61 0.000 9.999 0.259000 0.12 0.000000 0.015 0.000000  1.030 0.000  1.442 0.000   6.492 0.000   2.251 0.000   4.241 0.000 0.029 0.000 0.390 0.000000
207.291667 208.291667   22.02 0.000  0.29 0.000 9.999 0.259000 9.99 0.259000 0.020 0.000000  0.741 0.000  1.038 0.000   5.320 0.000   1.625 0.000   3.695 0.000 0.024 0.000 0.352 0.000000
210.291667 211.291667   31.63 0.000  0.30 0.000 9.999 0.259000 9.99 0.259000 0.014 0.000000  0.644 0.000  0.902 0.000   4.142 0.000   1.070 0.000   3.072 0.000 0.034 0.000 0.223 0.000000
213.291667 214.291667   15.92 0.000  0.93 0.000 9.999 0.259000 0.15 0.000000 0.012 0.000000  0.769 0.000  1.077 0.000   6.984 0.000   2.949 0.000   4.035 0.000 0.023 0.000 0.349 0.000000
216.291667 217.291667   18.33 0.000  0.48 0.000 9.999 0.259000 9.99 0.259000 0.017 0.000000  0.844 0.000  1.182 0.000   6.984 0.000   2.216 0.000   4.768 0.000 0.023 0.000 0.536 0.000000
219.291667 220.291667   23.44 0.000  0.55 0.000 9.999 0.259000 9.99 0.259000 0.014 0.000000  0.874 0.000  1.224 0.000   6.823 0.000   1.755 0.000   5.068 0.000 0.022 0.000 0.684 0.000000
222.291667 223.291667   40.92 0.000  2.51 0.000 9.999 0.259000 0.08 0.000000 0.014 0.000000  0.800 0.000  1.120 0.000   7.351 0.000   2.332 0.000   5.019 0.000 0.030 0.000 0.603 0.000000
225.291667 226.291667   24.35 0.000  0.25 0.000 9.999 0.259000 0.09 0.000000 0.013 0.000000  0.785 0.000  1.099 0.000   5.366 0.000   2.482 0.000   2.884 0.000 0.021 0.000 0.242 0.000000
228.291667 229.291667   11.64 0.000  0.26 0.000 9.999 0.259000 9.99 0.259000 0.013 0.000000  2.051 0.000  2.872 0.000   7.925 0.000   2.281 0.000   5.644 0.000 0.088 0.000 0.322 0.000000
231.291667 232.291667   28.00 0.000  0.86 0.000 9.999 0.259000 9.99 0.259000 0.016 0.000000  1.269 0.000  1.776 0.000   7.310 0.000   2.400 0.000   4.910 0.000 0.047 0.000 0.451 0.000000
234.291667 235.291667   44.01 0.000  0.72 0.000 9.999 0.259000 0.11 0.000000 0.014 0.000000  0.724 0.000  1.013 0.000   5.767 0.000   0.598 0.000   5.169 0.000 0.038 0.000 0.390 0.000000
237.291667 238.291667   13.75 0.000  0.30 0.000 9.999 0.259000 0.35 0.000000 0.014 0.000000  1.167 0.000  1.634 0.000  10.437 0.000   6.116 0.000   4.321 0.000 0.018 0.000 0.575 0.000000
240.291667 241.291667   16.79 0.000  0.33 0.000 9.999 0.259000 9.99 0.259000 0.010 0.000000  0.900 0.000  1.261 0.000   4.223 0.000   1.199 0.000   3.025 0.000 0.021 0.000 0.237 0.000000
243.291667 244.291667   15.02 0.000  0.64 0.000 9.999 0.259000 9.99 0.259000 0.020 0.000000  0.690 0.000  0.966 0.000   4.345 0.000   1.648 0.000   2.697 0.000 0.022 0.000 0.295 0.000000
246.291667 247.291667 9999.99 0.999 99.99 0.999 9.999 0.999000 9.99 0.999000 9.999 0.999000 99.999 0.999 99.999 0.999 999.999 0.999 999.999 0.999 999.999 0.999 9.999 0.999 9.999 0.999000
249.291667 250.291667 9999.99 0.999 99.99 0.999 9.999 0.999000 9.99 0.999000 9.999 0.999000 99.999 0.999 99.999 0.999 999.999 0.999 999.999 0.999 999.999 0.999 9.999 0.999 9.999 0.999000
252.291667 253.291667 9999.99 0.999 99.99 0.999 9.999 0.999000 9.99 0.999000 9.999 0.999000 99.999 0.999 99.999 0.999 999.999 0.999 999.999 0.999 999.999 0.999 9.999 0.999 9.999 0.999000
