scripts/IMPROVE-2019_partial/data/US3201R.20040101070000.20191216000000.filterpack..pm25.52w.1w.US03L_filterpack_US3201.US03L_IMPROVE_Davis.lev2.nas
64 1001
MISSING INFORMATION
US03L, IMPROVE, , , , , , , 
MISSING INFORMATION
IMPROVE sel_HTAP
1 1
2004 01 01 2019 12 16
3.000000
days from file reference point
25
1 1 1 1 1 1 1 1 1 1 1 1 1 1 1 1 1 1 1 1 1 1 1 1 1
999.999999 9999.99 9.999 99.99 9.999999 9.999 9.999999 9.99 9.999999 9.999 9.999 99.999 9.999 999.999 9.999 999.999 9.999 999.999 9.999 999.999 9.999 9.999 9.999 9.999 9.999
end_time of measurement, days from the file reference point
iron, ng/m3, Revision date=20181210133000
numflag iron, no unit, Revision date=20181210133000
lead, ng/m3, Revision date=20181210133000
numflag lead, no unit, Revision date=20181210133000
magnesium, ug/m3, Revision date=20181210133000
numflag magnesium, no unit, Revision date=20181210133000
nickel, ng/m3, Revision date=20181210133000
numflag nickel, no unit, Revision date=20181210133000
nitrate, ug N/m3, Revision date=20181210133000
numflag nitrate, no unit, Revision date=20181210133000
organic_carbon, ug C/m3, Revision date=20181210133000
numflag organic_carbon, no unit, Revision date=20181210133000
organic_mass, ug/m3, Revision date=20181210133000
numflag organic_mass, no unit, Revision date=20181210133000
pm10_mass, ug/m3, Version=2, Version description=Data extracted from http://views.cira.colostate.edu/fed/DataWizard 2019-12-16, Sample duration=1d, Orig. time res.=3d, Matrix=pm10, Blank correction=Blank corrected, Volume std. temperature=ambient, Volume std. pressure=ambient
numflag pm10_mass, no unit, Version=2, Version description=Data extracted from http://views.cira.colostate.edu/fed/DataWizard 2019-12-16, Sample duration=1d, Orig. time res.=3d, Matrix=pm10, Blank correction=Blank corrected, Volume std. temperature=ambient, Volume std. pressure=ambient
pm10_pm25_mass, ug/m3, Revision date=20181210133000, Matrix=pm10_pm25
numflag pm10_pm25_mass, no unit, Revision date=20181210133000, Matrix=pm10_pm25
pm25_mass, ug/m3, Version=2, Version description=Data extracted from http://views.cira.colostate.edu/fed/DataWizard 2019-12-16, Sample duration=1d, Orig. time res.=3d, Blank correction=Blank corrected, Volume std. temperature=ambient, Volume std. pressure=ambient
numflag pm25_mass, no unit, Version=2, Version description=Data extracted from http://views.cira.colostate.edu/fed/DataWizard 2019-12-16, Sample duration=1d, Orig. time res.=3d, Blank correction=Blank corrected, Volume std. temperature=ambient, Volume std. pressure=ambient
potassium, ug/m3, Revision date=20181210133000
numflag potassium, no unit, Revision date=20181210133000
sulphate_total, ug S/m3, Revision date=20181210133000
numflag sulphate_total, no unit, Revision date=20181210133000
0
25
Data definition:              EBAS_1.1
Set type code:                TU
Timezone:                     UTC
File name:                    US3201R.20040101070000.20191216000000.filterpack..pm25.52w.1w.US03L_filterpack_US3201.US03L_IMPROVE_Davis.lev2.nas
File creation:                20191218120410
Startdate:                    20040101070000
Revision date:                20191216000000
Statistics:                   arithmetic mean
Data level:                   2
Period code:                  52w
Resolution code:              1w
Station code:                 US3201R
Platform code:                US3201S
Station name:                 Gila Cliff Dwellings National Monument (NM01)
Station latitude:             33.2203
Station longitude:            -108.2347
Station altitude:             1772.0 m
Regime:                       IMG
Component:                    
Matrix:                       pm25
Laboratory code:              US03L
Instrument type:              filterpack
Instrument name:              filterpack_US3201
Method ref:                   US03L_IMPROVE_Davis
starttime endtime Fe flag_Fe Pb flag_Pb Mg++ flag_Mg++ Ni flag_Ni NO3- flag_NO3- OC flag_OC OM flag_OM PM10 flag_PM10 PM10-PM2.5 flag_PM10-PM2.5 PM2.5 flag_PM2.5 K+ flag_K+ SO4-- flag_SO4--
[from data line 87]
261.291667 262.291667 9999.99 0.999 99.99 0.999000 9.999 0.999000 9.99 0.999000 0.018 0.000  1.170 0.000   1.638 0.000   5.976 0.000 999.999 0.999 999.999 0.999 9.999 0.999 0.450 0.000
264.291667 265.291667   15.95 0.000  0.60 0.000000 9.999 0.259000 9.99 0.259000 0.049 0.000  0.446 0.000   0.625 0.000   4.851 0.000   2.412 0.000   2.439 0.000 0.016 0.000 0.286 0.000
267.291667 268.291667   14.74 0.000  0.99 0.000000 9.999 0.259000 9.99 0.259000 0.015 0.000  1.010 0.000   1.415 0.000   4.737 0.000   1.566 0.000   3.170 0.000 0.017 0.000 0.256 0.000
270.291667 271.291667    3.50 0.000  0.30 0.000000 0.140 0.000000 9.99 0.259000 0.008 0.000  0.776 0.000   1.086 0.000   2.786 0.000   1.095 0.000   1.691 0.000 0.006 0.000 0.126 0.000
273.291667 274.291667   10.43 0.000  0.81 0.000000 0.156 0.000000 0.25 0.000000 0.019 0.000  0.575 0.000   0.804 0.000   3.755 0.000   1.158 0.000   2.597 0.000 0.010 0.000 0.329 0.000
276.291667 277.291667   12.43 0.000  1.14 0.000000 9.999 0.259000 9.99 0.259000 0.011 0.000  1.099 0.000   1.539 0.000   6.101 0.000   1.633 0.000   4.469 0.000 0.018 0.000 0.630 0.000
279.291667 280.291667   16.42 0.000  0.85 0.000000 9.999 0.259000 9.99 0.259000 0.017 0.000  0.515 0.000   0.722 0.000   3.795 0.000   1.490 0.000   2.305 0.000 0.015 0.000 0.208 0.000
282.291667 283.291667   11.56 0.000  0.71 0.000000 9.999 0.259000 9.99 0.259000 0.012 0.000  0.912 0.000   1.278 0.000   4.078 0.000   1.240 0.000   2.838 0.000 0.014 0.000 0.260 0.000
285.291667 286.291667    8.12 0.000  0.69 0.000000 9.999 0.259000 9.99 0.259000 0.018 0.000  0.742 0.000   1.039 0.000   4.053 0.000   1.004 0.000   3.049 0.000 0.011 0.000 0.399 0.000
288.291667 289.291667   23.51 0.000  0.64 0.000000 0.125 0.000000 9.99 0.259000 0.010 0.000  0.859 0.000   1.202 0.000   2.988 0.000   0.723 0.000   2.264 0.000 0.015 0.000 0.091 0.000
291.291667 292.291667   63.77 0.000  0.48 0.000000 0.081 0.000000 0.09 0.000000 0.096 0.000  0.638 0.000   0.893 0.000  12.880 0.000   8.482 0.000   4.397 0.000 0.060 0.000 0.323 0.000
294.291667 295.291667   13.92 0.000 99.99 0.259000 9.999 0.259000 0.20 0.000000 0.028 0.000  0.347 0.000   0.486 0.000   4.215 0.000   2.373 0.000   1.842 0.000 0.021 0.000 0.157 0.000
297.291667 298.291667    4.53 0.000  0.61 0.000000 9.999 0.259000 9.99 0.259000 0.014 0.000  0.923 0.000   1.292 0.000   2.234 0.000   0.845 0.000   1.389 0.000 0.007 0.000 0.129 0.000
300.291667 301.291667    1.90 0.000 99.99 0.259000 9.999 0.259000 9.99 0.259000 0.016 0.000  0.522 0.000   0.730 0.000   1.776 0.000   0.267 0.000   1.510 0.000 0.004 0.000 0.111 0.000
303.291667 304.291667    2.25 0.000  1.04 0.000000 0.159 0.000000 9.99 0.259000 0.012 0.000  0.596 0.000   0.835 0.000   1.624 0.000   0.071 0.000   1.553 0.000 0.008 0.000 0.128 0.000
306.291667 307.291667    7.85 0.000  0.20 0.000000 9.999 0.259000 9.99 0.259000 0.009 0.000  0.438 0.000   0.613 0.000   2.227 0.000   0.429 0.000   1.799 0.000 0.007 0.000 0.133 0.000
309.291667 310.291667    8.04 0.000  0.69 0.000000 9.999 0.259000 9.99 0.259000 0.006 0.000  0.525 0.000   0.734 0.000   2.518 0.000   0.512 0.000   2.006 0.000 0.011 0.000 0.094 0.000
312.291667 313.291667   16.22 0.000  1.11 0.000000 0.104 0.000000 0.22 0.000000 0.011 0.000  0.663 0.000   0.928 0.000   6.173 0.000   2.519 0.000   3.653 0.000 0.020 0.000 0.310 0.000
315.291667 316.291667    9.39 0.000  0.78 0.000000 0.132 0.000000 9.99 0.259000 0.017 0.000  0.442 0.000   0.619 0.000   3.614 0.000   1.833 0.000   1.781 0.000 0.013 0.000 0.127 0.000
318.291667 319.291667    1.72 0.000  0.29 0.000000 9.999 0.259000 9.99 0.259000 0.004 0.000  0.179 0.000   0.251 0.000   1.185 0.000   0.339 0.000   0.845 0.000 0.003 0.000 0.091 0.000
321.291667 322.291667    1.59 0.000 99.99 0.259000 0.132 0.000000 9.99 0.259000 0.007 0.000  0.546 0.000   0.765 0.000   1.421 0.000 999.999 0.259   1.443 0.000 0.003 0.000 0.154 0.000
324.291667 325.291667    8.77 0.000  1.31 0.000000 9.999 0.259000 0.17 0.000000 0.013 0.000  0.558 0.000   0.781 0.000   3.186 0.000   0.689 0.000   2.498 0.000 0.009 0.000 0.260 0.000
327.291667 328.291667    2.03 0.000  0.38 0.000000 9.999 0.259000 9.99 0.259000 0.009 0.000  0.276 0.000   0.386 0.000   1.489 0.000   0.194 0.000   1.295 0.000 0.003 0.000 0.193 0.000
330.291667 331.291667    8.46 0.000  0.95 0.000000 9.999 0.259000 9.99 0.259000 0.014 0.000  0.400 0.000   0.560 0.000   2.247 0.000   0.730 0.000   1.516 0.000 0.008 0.000 0.120 0.000
333.291667 334.291667    9.02 0.000  0.40 0.000000 9.999 0.259000 9.99 0.259000 0.014 0.000  0.164 0.000   0.230 0.000   2.137 0.000   1.106 0.000   1.031 0.000 0.007 0.000 0.143 0.000
336.291667 337.291667    6.57 0.000  0.88 0.000000 9.999 0.259000 0.17 0.000000 0.006 0.000  0.266 0.000   0.372 0.000   1.562 0.000   0.288 0.000   1.274 0.000 0.008 0.000 0.096 0.000
339.291667 340.291667    2.69 0.000  0.28 0.000000 9.999 0.259000 0.11 0.000000 0.009 0.000  0.244 0.000   0.341 0.000   1.062 0.000   0.114 0.000   0.948 0.000 0.008 0.000 0.100 0.000
342.291667 343.291667    2.23 0.000  0.43 0.000000 9.999 0.259000 0.12 0.000000 0.008 0.000  0.353 0.000   0.495 0.000   1.021 0.000   0.243 0.000   0.778 0.000 0.004 0.000 0.065 0.000
345.291667 346.291667    5.23 0.000  1.30 0.000000 9.999 0.259000 9.99 0.259000 0.005 0.000  0.379 0.000   0.531 0.000   1.171 0.000 999.999 0.259   1.203 0.000 0.008 0.000 0.066 0.000
348.291667 349.291667   11.76 0.000  0.35 0.000000 9.999 0.259000 9.99 0.259000 0.017 0.000  0.433 0.000   0.607 0.000   3.055 0.000   1.361 0.000   1.694 0.000 0.014 0.000 0.090 0.000
351.291667 352.291667    1.76 0.000 99.99 0.259000 9.999 0.259000 0.22 0.000000 0.005 0.000  0.171 0.000   0.240 0.000   0.975 0.000   0.289 0.000   0.685 0.000 0.003 0.000 0.075 0.000
354.291667 355.291667    9.61 0.000  0.66 0.000000 9.999 0.259000 0.25 0.000000 0.007 0.000  0.306 0.000   0.429 0.000   1.655 0.000   0.513 0.000   1.142 0.000 0.013 0.000 0.089 0.000
357.291667 358.291667    3.27 0.000  0.60 0.000000 0.076 0.000000 0.15 0.000000 0.052 0.000  0.148 0.000   0.207 0.000   1.462 0.000   0.526 0.000   0.936 0.000 0.005 0.000 0.088 0.000
360.291667 361.291667    3.50 0.000 99.99 0.259000 0.055 0.000000 0.12 0.000000 0.005 0.000  0.160 0.000   0.224 0.000   1.340 0.000   0.585 0.000   0.755 0.000 0.006 0.000 0.051 0.000
363.291667 364.291667   10.69 0.394  1.03 0.394000 9.999 0.394259 9.99 0.394259 0.008 0.394  0.410 0.000   0.574 0.000   1.434 0.000   0.366 0.000   1.067 0.000 0.013 0.394 0.113 0.394
