scripts/IMPROVE-2019_partial/data/US3500R.20040101070000.20191216000000.filterpack..pm25.52w.1w.US03L_filterpack_US3500.US03L_IMPROVE_Davis.lev2.nas
64 1001
MISSING INFORMATION
US03L, IMPROVE, , , , , , , 
MISSING INFORMATION
IMPROVE sel_HTAP
1 1
2004 01 01 2019 12 16
3.000000
days from file reference point
25
1 1 1 1 1 1 1 1 1 1 1 1 1 1 1 1 1 1 1 1 1 1 1 1 1
999.999999 9999.99 9.999 99.99 9.999999 9.999 9.999999 9.99 9.999999 99.999 9.999 999.999 9.999 999.999 9.999 999.999 9.999 999.999 9.999 999.999 9.999 9.999 9.999 9.999 9.999
end_time of measurement, days from the file reference point
iron, ng/m3, Revision date=20181210133000
numflag iron, no unit, Revision date=20181210133000
lead, ng/m3, Revision date=20181210133000
numflag lead, no unit, Revision date=20181210133000
magnesium, ug/m3, Revision date=20181210133000
numflag magnesium, no unit, Revision date=20181210133000
nickel, ng/m3, Revision date=20181210133000
numflag nickel, no unit, Revision date=20181210133000
nitrate, ug N/m3, Revision date=20181210133000
numflag nitrate, no unit, Revision date=20181210133000
organic_carbon, ug C/m3, Revision date=20181210133000
numflag organic_carbon, no unit, Revision date=20181210133000
organic_mass, ug/m3, Revision date=20181210133000
numflag organic_mass, no unit, Revision date=20181210133000
pm10_mass, ug/m3, Version=2, Version description=Data extracted from http://views.cira.colostate.edu/fed/DataWizard 2019-12-16, Sample duration=1d, Orig. time res.=3d, Matrix=pm10, Blank correction=Blank corrected, Volume std. temperature=ambient, Volume std. pressure=ambient
numflag pm10_mass, no unit, Version=2, Version description=Data extracted from http://views.cira.colostate.edu/fed/DataWizard 2019-12-16, Sample duration=1d, Orig. time res.=3d, Matrix=pm10, Blank correction=Blank corrected, Volume std. temperature=ambient, Volume std. pressure=ambient
pm10_pm25_mass, ug/m3, Revision date=20181210133000, Matrix=pm10_pm25
numflag pm10_pm25_mass, no unit, Revision date=20181210133000, Matrix=pm10_pm25
pm25_mass, ug/m3, Version=2, Version description=Data extracted from http://views.cira.colostate.edu/fed/DataWizard 2019-12-16, Sample duration=1d, Orig. time res.=3d, Blank correction=Blank corrected, Volume std. temperature=ambient, Volume std. pressure=ambient
numflag pm25_mass, no unit, Version=2, Version description=Data extracted from http://views.cira.colostate.edu/fed/DataWizard 2019-12-16, Sample duration=1d, Orig. time res.=3d, Blank correction=Blank corrected, Volume std. temperature=ambient, Volume std. pressure=ambient
potassium, ug/m3, Revision date=20181210133000
numflag potassium, no unit, Revision date=20181210133000
sulphate_total, ug S/m3, Revision date=20181210133000
numflag sulphate_total, no unit, Revision date=20181210133000
0
25
Data definition:              EBAS_1.1
Set type code:                TU
Timezone:                     UTC
File name:                    US3500R.20040101070000.20191216000000.filterpack..pm25.52w.1w.US03L_filterpack_US3500.US03L_IMPROVE_Davis.lev2.nas
File creation:                20191218120415
Startdate:                    20040101070000
Revision date:                20191216000000
Statistics:                   arithmetic mean
Data level:                   2
Period code:                  52w
Resolution code:              1w
Station code:                 US3500R
Platform code:                US3500S
Station name:                 Theodore Roosevelt National Park-Painted Canyon
Station latitude:             46.8947
Station longitude:            -103.3777
Station altitude:             841.0 m
Regime:                       IMG
Component:                    
Matrix:                       pm25
Laboratory code:              US03L
Instrument type:              filterpack
Instrument name:              filterpack_US3500
Method ref:                   US03L_IMPROVE_Davis
starttime endtime Fe flag_Fe Pb flag_Pb Mg++ flag_Mg++ Ni flag_Ni NO3- flag_NO3- OC flag_OC OM flag_OM PM10 flag_PM10 PM10-PM2.5 flag_PM10-PM2.5 PM2.5 flag_PM2.5 K+ flag_K+ SO4-- flag_SO4--
[from data line 86]
258.291667 259.291667   12.61 0.000  0.30 0.000000 0.095 0.000000 9.99 0.259000  0.073 0.000   0.567 0.000   0.794 0.000   4.274 0.000   1.392 0.000   2.881 0.000 0.005 0.000 0.436 0.000
261.291667 262.291667   98.04 0.000  0.66 0.000000 9.999 0.259000 9.99 0.259000  0.103 0.000   1.284 0.000   1.798 0.000  20.021 0.000  14.258 0.000   5.763 0.000 0.043 0.000 0.456 0.000
264.291667 265.291667   29.35 0.394  0.34 0.394000 9.999 0.394259 0.38 0.394000  0.015 0.394   0.579 0.000   0.811 0.000   5.221 0.000   3.758 0.000   1.462 0.000 0.008 0.394 0.098 0.394
267.291667 268.291667   93.81 0.000 99.99 0.259000 9.999 0.259000 0.19 0.000000  0.015 0.000   0.581 0.000   0.814 0.000  22.321 0.000  19.017 0.000   3.304 0.000 0.028 0.000 0.177 0.000
270.291667 271.291667   74.45 0.000 99.99 0.259000 9.999 0.259000 0.08 0.000000  0.019 0.000   0.682 0.000   0.955 0.000  12.558 0.000   9.608 0.000   2.950 0.000 0.034 0.000 0.143 0.000
273.291667 274.291667  123.09 0.000  0.39 0.000000 9.999 0.259000 9.99 0.259000  0.064 0.000   0.933 0.000   1.306 0.000  21.577 0.000  16.648 0.000   4.929 0.000 0.038 0.000 0.262 0.000
276.291667 277.291667   54.25 0.000 99.99 0.259000 9.999 0.259000 0.15 0.000000  0.014 0.000   0.591 0.000   0.827 0.000   9.440 0.000   6.981 0.000   2.458 0.000 0.030 0.000 0.089 0.000
279.291667 280.291667 9999.99 0.999 99.99 0.999000 9.999 0.999000 9.99 0.999000 99.999 0.999 999.999 0.999 999.999 0.999 999.999 0.999 999.999 0.999 999.999 0.999 9.999 0.999 9.999 0.999
282.291667 283.291667 9999.99 0.999 99.99 0.999000 9.999 0.999000 9.99 0.999000 99.999 0.999 999.999 0.999 999.999 0.999 999.999 0.999 999.999 0.999 999.999 0.999 9.999 0.999 9.999 0.999
285.291667 286.291667 9999.99 0.999 99.99 0.999000 9.999 0.999000 9.99 0.999000 99.999 0.999 999.999 0.999 999.999 0.999 999.999 0.999 999.999 0.999 999.999 0.999 9.999 0.999 9.999 0.999
288.291667 289.291667   19.90 0.000  0.98 0.000000 9.999 0.259000 0.16 0.000000  0.016 0.000   0.214 0.000   0.300 0.000   4.158 0.000   2.763 0.000   1.395 0.000 0.019 0.000 0.113 0.000
291.291667 292.291667   24.19 0.000  1.71 0.000000 9.999 0.259000 9.99 0.259000  0.532 0.000   0.759 0.000   1.062 0.000   9.915 0.000   3.776 0.000   6.138 0.000 0.017 0.000 0.390 0.000
294.291667 295.291667   16.37 0.000  0.66 0.000000 9.999 0.259000 0.09 0.000000  0.443 0.000   0.605 0.000   0.847 0.000   7.739 0.000   1.384 0.000   6.355 0.000 0.013 0.000 0.644 0.000
297.291667 298.291667   21.09 0.000  1.20 0.000000 9.999 0.259000 9.99 0.259000  0.255 0.000   0.886 0.000   1.240 0.000   5.739 0.000   0.880 0.000   4.858 0.000 0.025 0.000 0.504 0.000
300.291667 301.291667   29.74 0.000  1.72 0.000000 0.079 0.000000 9.99 0.259000  1.037 0.000   0.965 0.000   1.351 0.000  15.909 0.000   3.384 0.000  12.525 0.000 0.033 0.000 0.728 0.000
303.291667 304.291667   31.52 0.000  0.98 0.000000 9.999 0.259000 0.14 0.000000  0.385 0.000   1.352 0.000   1.893 0.000   7.405 0.000   1.700 0.000   5.704 0.000 0.043 0.000 0.298 0.000
306.291667 307.291667   27.89 0.000  0.58 0.000000 9.999 0.259000 9.99 0.259000  0.012 0.000   0.985 0.000   1.379 0.000   4.974 0.000   3.699 0.000   1.275 0.000 0.009 0.000 0.069 0.000
309.291667 310.291667   60.58 0.000  1.22 0.000000 9.999 0.259000 9.99 0.259000  0.010 0.000   0.713 0.000   0.998 0.000   7.610 0.000   5.643 0.000   1.967 0.000 0.022 0.000 0.152 0.000
312.291667 313.291667   88.63 0.000  0.42 0.000000 9.999 0.259000 9.99 0.259000  0.060 0.000   0.596 0.000   0.834 0.000  14.226 0.000  11.088 0.000   3.137 0.000 0.049 0.000 0.222 0.000
315.291667 316.291667  147.75 0.000  0.55 0.000000 9.999 0.259000 9.99 0.259000  0.082 0.000   0.597 0.000   0.835 0.000  18.700 0.000  14.954 0.000   3.746 0.000 0.050 0.000 0.176 0.000
318.291667 319.291667   61.78 0.000  0.57 0.000000 9.999 0.259000 0.09 0.000000  0.430 0.000   0.707 0.000   0.989 0.000  12.341 0.000   6.828 0.000   5.513 0.000 0.016 0.000 0.424 0.000
321.291667 322.291667  103.58 0.000  0.47 0.000000 9.999 0.259000 9.99 0.259000  0.018 0.000   0.707 0.000   0.989 0.000  10.751 0.000   7.080 0.000   3.671 0.000 0.032 0.000 0.161 0.000
324.291667 325.291667   17.25 0.000  0.42 0.000000 9.999 0.259000 9.99 0.259000  0.133 0.000   0.309 0.000   0.432 0.000   5.598 0.000   3.283 0.000   2.315 0.000 0.021 0.000 0.220 0.000
327.291667 328.291667   50.16 0.000 99.99 0.259000 9.999 0.259000 0.07 0.000000  0.090 0.000   0.210 0.000   0.295 0.000   6.446 0.000   4.216 0.000   2.229 0.000 0.013 0.000 0.183 0.000
330.291667 331.291667   11.94 0.000  0.39 0.000000 0.107 0.000000 9.99 0.259000  0.260 0.000   0.439 0.000   0.615 0.000   4.449 0.000   0.946 0.000   3.503 0.000 0.023 0.000 0.241 0.000
333.291667 334.291667    8.10 0.000  0.20 0.000000 9.999 0.259000 9.99 0.259000  0.108 0.000   0.442 0.000   0.618 0.000   3.577 0.000   1.864 0.000   1.713 0.000 0.010 0.000 0.126 0.000
336.291667 337.291667   10.96 0.000  0.28 0.000000 9.999 0.259000 9.99 0.259000  0.014 0.000   0.364 0.000   0.509 0.000   3.119 0.000   1.840 0.000   1.279 0.000 0.010 0.000 0.069 0.000
339.291667 340.291667   11.50 0.000  1.39 0.000000 9.999 0.259000 0.10 0.000000  0.460 0.000   1.104 0.000   1.545 0.000   9.400 0.000   1.407 0.000   7.994 0.000 0.051 0.000 0.655 0.000
342.291667 343.291667   13.55 0.000  0.69 0.000000 9.999 0.259000 0.18 0.000000  0.324 0.000   0.382 0.000   0.535 0.000   4.924 0.000   0.845 0.000   4.080 0.000 0.013 0.000 0.283 0.000
345.291667 346.291667   29.15 0.000  0.83 0.000000 9.999 0.259000 9.99 0.259000  0.047 0.000   0.249 0.000   0.348 0.000   7.936 0.000   6.468 0.000   1.468 0.000 0.011 0.000 0.114 0.000
348.291667 349.291667   79.24 0.000  0.38 0.000000 9.999 0.259000 9.99 0.259000  0.015 0.000   0.241 0.000   0.337 0.000   8.775 0.000   6.922 0.000   1.853 0.000 0.019 0.000 0.072 0.000
351.291667 352.291667   22.35 0.000 99.99 0.259000 9.999 0.259000 0.16 0.000000  0.014 0.000   0.189 0.000   0.264 0.000   5.167 0.000   3.949 0.000   1.218 0.000 0.010 0.000 0.044 0.000
354.291667 355.291667   27.28 0.000  0.55 0.000000 9.999 0.259000 9.99 0.259000  0.023 0.000   0.332 0.000   0.465 0.000  16.022 0.000  13.945 0.000   2.077 0.000 0.020 0.000 0.119 0.000
357.291667 358.291667   40.68 0.000  0.65 0.000000 0.081 0.000000 9.99 0.259000  0.088 0.000   0.277 0.000   0.387 0.000   7.200 0.000   5.220 0.000   1.980 0.000 0.039 0.000 0.164 0.000
360.291667 361.291667    7.05 0.000  1.21 0.000000 0.045 0.000000 0.19 0.000000  1.253 0.000   0.518 0.000   0.725 0.000  11.729 0.000   0.903 0.000  10.826 0.000 0.021 0.000 0.568 0.000
363.291667 364.291667   24.30 0.000  1.63 0.000000 9.999 0.259000 9.99 0.259000  0.272 0.000   0.670 0.000   0.938 0.000   6.401 0.000   2.621 0.000   3.780 0.000 0.018 0.000 0.207 0.000
