scripts/IMPROVE-2019_partial/data/US3500R.20050101070000.20191216000000.filterpack..pm25.52w.1w.US03L_filterpack_US3500.US03L_IMPROVE_Davis.lev2.nas
64 1001
MISSING INFORMATION
US03L, IMPROVE, , , , , , , 
MISSING INFORMATION
IMPROVE sel_HTAP
1 1
2005 01 01 2019 12 16
3.000000
days from file reference point
25
1 1 1 1 1 1 1 1 1 1 1 1 1 1 1 1 1 1 1 1 1 1 1 1 1
999.999999 9999.99 9.999 99.99 9.999 9.999 9.999999 9.99 9.999999 9.999 9.999 99.999 9.999 99.999 9.999 999.999 9.999 999.999 9.999 999.999 9.999 9.999 9.999 99.999 9.999
end_time of measurement, days from the file reference point
iron, ng/m3, Revision date=20181210133000
numflag iron, no unit, Revision date=20181210133000
lead, ng/m3, Revision date=20181210133000
numflag lead, no unit, Revision date=20181210133000
magnesium, ug/m3, Revision date=20181210133000
numflag magnesium, no unit, Revision date=20181210133000
nickel, ng/m3, Revision date=20181210133000
numflag nickel, no unit, Revision date=20181210133000
nitrate, ug N/m3, Revision date=20181210133000
numflag nitrate, no unit, Revision date=20181210133000
organic_carbon, ug C/m3, Revision date=20181210133000
numflag organic_carbon, no unit, Revision date=20181210133000
organic_mass, ug/m3, Revision date=20181210133000
numflag organic_mass, no unit, Revision date=20181210133000
pm10_mass, ug/m3, Version=2, Version description=Data extracted from http://views.cira.colostate.edu/fed/DataWizard 2019-12-16, Sample duration=1d, Orig. time res.=3d, Matrix=pm10, Blank correction=Blank corrected, Volume std. temperature=ambient, Volume std. pressure=ambient
numflag pm10_mass, no unit, Version=2, Version description=Data extracted from http://views.cira.colostate.edu/fed/DataWizard 2019-12-16, Sample duration=1d, Orig. time res.=3d, Matrix=pm10, Blank correction=Blank corrected, Volume std. temperature=ambient, Volume std. pressure=ambient
pm10_pm25_mass, ug/m3, Revision date=20181210133000, Matrix=pm10_pm25
numflag pm10_pm25_mass, no unit, Revision date=20181210133000, Matrix=pm10_pm25
pm25_mass, ug/m3, Version=2, Version description=Data extracted from http://views.cira.colostate.edu/fed/DataWizard 2019-12-16, Sample duration=1d, Orig. time res.=3d, Blank correction=Blank corrected, Volume std. temperature=ambient, Volume std. pressure=ambient
numflag pm25_mass, no unit, Version=2, Version description=Data extracted from http://views.cira.colostate.edu/fed/DataWizard 2019-12-16, Sample duration=1d, Orig. time res.=3d, Blank correction=Blank corrected, Volume std. temperature=ambient, Volume std. pressure=ambient
potassium, ug/m3, Revision date=20181210133000
numflag potassium, no unit, Revision date=20181210133000
sulphate_total, ug S/m3, Revision date=20181210133000
numflag sulphate_total, no unit, Revision date=20181210133000
0
25
Data definition:              EBAS_1.1
Set type code:                TU
Timezone:                     UTC
File name:                    US3500R.20050101070000.20191216000000.filterpack..pm25.52w.1w.US03L_filterpack_US3500.US03L_IMPROVE_Davis.lev2.nas
File creation:                20191218120415
Startdate:                    20050101070000
Revision date:                20191216000000
Statistics:                   arithmetic mean
Data level:                   2
Period code:                  52w
Resolution code:              1w
Station code:                 US3500R
Platform code:                US3500S
Station name:                 Theodore Roosevelt National Park-Painted Canyon
Station latitude:             46.8947
Station longitude:            -103.3777
Station altitude:             841.0 m
Regime:                       IMG
Component:                    
Matrix:                       pm25
Laboratory code:              US03L
Instrument type:              filterpack
Instrument name:              filterpack_US3500
Method ref:                   US03L_IMPROVE_Davis
starttime endtime Fe flag_Fe Pb flag_Pb Mg++ flag_Mg++ Ni flag_Ni NO3- flag_NO3- OC flag_OC OM flag_OM PM10 flag_PM10 PM10-PM2.5 flag_PM10-PM2.5 PM2.5 flag_PM2.5 K+ flag_K+ SO4-- flag_SO4--
  0.291667   1.291667   14.51 0.000  1.36 0.000 0.016 0.000000 9.99 0.259000 0.122 0.000  0.392 0.000  0.705 0.000   5.548 0.000   2.958 0.000   2.590 0.000 0.016 0.000  0.264 0.000
  3.291667   4.291667   14.83 0.000  2.11 0.000 9.999 0.259000 0.16 0.000000 0.315 0.000  0.729 0.000  1.312 0.000   8.158 0.000   3.429 0.000   4.772 0.000 0.030 0.000  0.504 0.000
  6.291667   7.291667   17.57 0.000  0.88 0.000 9.999 0.259000 0.21 0.000000 0.128 0.000  0.731 0.000  1.315 0.000   5.021 0.000   1.379 0.000   3.642 0.000 0.036 0.000  0.444 0.000
  9.291667  10.291667   21.02 0.000  0.37 0.000 9.999 0.259000 9.99 0.259000 0.175 0.000  0.588 0.000  1.058 0.000   6.501 0.000   2.826 0.000   3.673 0.000 0.027 0.000  0.418 0.000
 12.291667  13.291667   41.38 0.000  1.19 0.000 9.999 0.259000 9.99 0.259000 0.090 0.000  0.033 0.000  0.060 0.000   5.577 0.000   2.860 0.000   2.717 0.000 0.029 0.000  0.237 0.000
 15.291667  16.291667   32.63 0.000  0.64 0.000 9.999 0.259000 9.99 0.259000 0.199 0.000  0.982 0.000  1.767 0.000   7.502 0.000   3.282 0.000   4.218 0.000 0.032 0.000  0.284 0.000
 18.291667  19.291667   10.91 0.000  0.32 0.000 9.999 0.259000 9.99 0.259000 0.039 0.000  0.222 0.000  0.400 0.000   1.532 0.000   0.672 0.000   0.860 0.000 0.006 0.000  0.061 0.000
 21.291667  22.291667   17.29 0.000  0.85 0.000 9.999 0.259000 9.99 0.259000 0.023 0.000  0.022 0.000  0.041 0.000   5.051 0.000   3.456 0.000   1.594 0.000 0.015 0.000  0.238 0.000
 24.291667  25.291667    5.69 0.000  0.27 0.000 9.999 0.259000 9.99 0.259000 0.019 0.000  0.129 0.000  0.233 0.000   1.284 0.000   0.613 0.000   0.680 0.000 0.007 0.000  0.073 0.000
 27.291667  28.291667   23.48 0.000  0.65 0.000 0.005 0.000000 0.10 0.000000 0.722 0.000  0.425 0.000  0.764 0.000   9.714 0.000   2.406 0.000   7.307 0.000 0.022 0.000  0.560 0.000
 30.291667  31.291667   38.28 0.000  0.59 0.000 9.999 0.259000 0.17 0.000000 0.502 0.000  0.291 0.000  0.524 0.000   8.449 0.000   5.000 0.000   3.449 0.000 0.016 0.000  0.126 0.000
 33.291667  34.291667   56.90 0.000  0.85 0.000 0.013 0.000000 0.13 0.000000 0.016 0.000  0.313 0.000  0.563 0.000   8.259 0.000   6.367 0.000   1.891 0.000 0.022 0.000  0.109 0.000
 36.291667  37.291667    8.93 0.000  0.91 0.000 0.028 0.000000 0.21 0.000000 0.071 0.000  0.121 0.000  0.218 0.000   3.424 0.000   1.373 0.000   2.051 0.000 0.022 0.000  0.215 0.000
 39.291667  40.291667   32.77 0.000  0.40 0.000 9.999 0.259000 9.99 0.259000 0.214 0.000  0.403 0.000  0.726 0.000   6.150 0.000   3.210 0.000   2.939 0.000 0.016 0.000  0.171 0.000
 42.291667  43.291667  115.23 0.000  0.63 0.000 0.031 0.000000 9.99 0.259000 0.028 0.000  0.294 0.000  0.529 0.000   8.436 0.000   5.570 0.000   2.865 0.000 0.039 0.000  0.124 0.000
 45.291667  46.291667   15.65 0.000  0.26 0.000 9.999 0.259000 9.99 0.259000 0.107 0.000  0.283 0.000  0.510 0.000   7.782 0.000   5.866 0.000   2.022 0.000 0.019 0.000  0.193 0.000
 48.291667  49.291667   38.83 0.000  0.56 0.000 9.999 0.259000 9.99 0.259000 0.228 0.000  0.354 0.000  0.638 0.000   7.008 0.000   3.449 0.000   3.558 0.000 0.024 0.000  0.320 0.000
 51.291667  52.291667   27.76 0.000  0.71 0.000 9.999 0.259000 0.10 0.000000 0.682 0.000  0.519 0.000  0.934 0.000  10.369 0.000   2.840 0.000   7.528 0.000 0.030 0.000  0.604 0.000
 54.291667  55.291667 9999.99 0.999 99.99 0.999 9.999 0.999000 9.99 0.999000 0.222 0.000  0.438 0.000  0.787 0.000  20.541 0.000 999.999 0.999 999.999 0.999 9.999 0.999  0.227 0.000
 57.291667  58.291667 9999.99 0.999 99.99 0.999 9.999 0.999000 9.99 0.999000 0.341 0.000  0.951 0.000  1.712 0.000   6.975 0.000 999.999 0.999 999.999 0.999 9.999 0.999  0.370 0.000
 60.291667  61.291667 9999.99 0.999 99.99 0.999 9.999 0.999000 9.99 0.999000 0.280 0.000  0.453 0.000  0.816 0.000  14.837 0.000 999.999 0.999 999.999 0.999 9.999 0.999  0.313 0.000
 63.291667  64.291667 9999.99 0.999 99.99 0.999 9.999 0.999000 9.99 0.999000 0.017 0.000  0.553 0.000  0.995 0.000   9.423 0.000 999.999 0.999 999.999 0.999 9.999 0.999  0.118 0.000
 66.291667  67.291667 9999.99 0.999 99.99 0.999 9.999 0.999000 9.99 0.999000 0.227 0.000  0.375 0.000  0.675 0.000   4.503 0.000 999.999 0.999 999.999 0.999 9.999 0.999  0.458 0.000
 69.291667  70.291667   58.68 0.000  0.69 0.000 9.999 0.259000 0.28 0.000000 0.076 0.000  0.243 0.000  0.438 0.000   5.992 0.000   3.698 0.000   2.293 0.000 0.025 0.000  0.113 0.000
 72.291667  73.291667   13.89 0.000  0.90 0.000 9.999 0.259000 0.38 0.000000 0.031 0.000  0.157 0.000  0.282 0.000   2.599 0.000   1.369 0.000   1.229 0.000 0.015 0.000  0.226 0.000
 75.291667  76.291667   18.68 0.000  0.97 0.000 9.999 0.259000 0.32 0.000000 0.714 0.000  0.295 0.000  0.531 0.000  11.566 0.000   4.415 0.000   7.149 0.000 0.024 0.000  0.562 0.000
 78.291667  79.291667   19.94 0.000  1.78 0.000 9.999 0.259000 0.18 0.000000 0.691 0.000  0.857 0.000  1.542 0.000  11.868 0.000   4.008 0.000   7.857 0.000 0.030 0.000  0.464 0.000
 81.291667  82.291667   12.40 0.000  2.41 0.000 9.999 0.259000 9.99 0.259000 0.987 0.000  0.534 0.000  0.961 0.000  11.919 0.000   0.414 0.000  11.502 0.000 0.017 0.000  0.978 0.000
 84.291667  85.291667    9.47 0.000  1.06 0.000 9.999 0.259000 9.99 0.259000 0.109 0.000  0.432 0.000  0.778 0.000   3.944 0.000   1.261 0.000   2.682 0.000 0.009 0.000  0.413 0.000
 87.291667  88.291667   10.07 0.000  0.62 0.000 9.999 0.259000 9.99 0.259000 0.009 0.000  0.142 0.000  0.256 0.000   2.437 0.000   1.815 0.000   0.647 0.000 0.006 0.000  0.063 0.000
 90.291667  91.291667  113.76 0.000  0.95 0.000 9.999 0.259000 9.99 0.259000 0.019 0.000  0.278 0.000  0.501 0.000  12.103 0.000   9.317 0.000   2.785 0.000 0.033 0.000  0.248 0.000
 93.291667  94.291667   43.31 0.000  1.56 0.000 9.999 0.259000 9.99 0.259000 0.696 0.000  1.672 0.000  3.010 0.000  17.547 0.000   8.613 0.000   8.933 0.000 0.064 0.000  0.451 0.000
 96.291667  97.291667  140.67 0.000  1.78 0.000 9.999 0.259000 9.99 0.259000 0.026 0.000  0.473 0.000  0.852 0.000  16.436 0.000  12.118 0.000   4.316 0.000 0.057 0.000  0.401 0.000
 99.291667 100.291667    3.85 0.000 99.99 0.259 9.999 0.259000 9.99 0.259000 0.006 0.000  0.105 0.000  0.188 0.000   1.662 0.000   0.866 0.000   0.796 0.000 0.003 0.000  0.139 0.000
102.291667 103.291667   43.63 0.000  1.97 0.000 9.999 0.259000 9.99 0.259000 0.402 0.000  0.317 0.000  0.571 0.000   9.713 0.000   4.004 0.000   5.709 0.000 0.019 0.000  0.834 0.000
105.291667 106.291667  211.88 0.000  1.45 0.000 9.999 0.259000 9.99 0.259000 0.023 0.000  0.401 0.000  0.721 0.000  15.700 0.000  12.211 0.000   3.489 0.000 0.052 0.000  0.216 0.000
108.291667 109.291667   29.48 0.000  0.84 0.000 9.999 0.259000 9.99 0.259000 0.019 0.000  0.439 0.000  0.791 0.000   6.147 0.000   4.268 0.000   1.944 0.000 0.025 0.000  0.153 0.000
111.291667 112.291667   47.23 0.000  0.67 0.000 9.999 0.259000 9.99 0.259000 0.037 0.000  0.377 0.000  0.678 0.000   8.676 0.000   5.673 0.000   3.003 0.000 0.027 0.000  0.337 0.000
114.291667 115.291667   55.70 0.000  1.25 0.000 0.009 0.000000 9.99 0.259000 0.031 0.000  0.707 0.000  1.273 0.000  19.341 0.000  15.675 0.000   3.666 0.000 0.058 0.000  0.340 0.000
117.291667 118.291667   40.48 0.000  1.08 0.000 9.999 0.259000 9.99 0.259000 0.021 0.000  0.247 0.000  0.445 0.000   7.519 0.000   5.045 0.000   2.474 0.000 0.023 0.000  0.333 0.000
120.291667 121.291667   13.49 0.000  0.46 0.000 0.005 0.000000 0.05 0.000000 0.017 0.000  2.454 0.000  4.418 0.000   4.381 0.000   2.757 0.000   1.624 0.000 0.014 0.000  0.278 0.000
123.291667 124.291667  192.26 0.559  1.16 0.559 0.018 0.559000 9.99 0.559259 0.019 0.000  0.354 0.000  0.638 0.000  12.050 0.000   7.008 0.559   5.062 0.659 0.065 0.559  0.298 0.000
126.291667 127.291667  182.22 0.559  1.30 0.559 0.019 0.559000 9.99 0.559259 0.489 0.000  0.888 0.000  1.598 0.000  14.819 0.000   2.564 0.559  12.325 0.659 0.079 0.559  1.144 0.000
129.291667 130.291667   37.69 0.000  0.50 0.000 9.999 0.259000 9.99 0.259000 0.206 0.000  0.569 0.000  1.025 0.000   9.024 0.000   3.458 0.000   5.566 0.000 0.034 0.000  0.705 0.000
132.291667 133.291667   20.33 0.000  0.68 0.000 9.999 0.259000 0.08 0.000000 0.059 0.000  0.224 0.000  0.404 0.000   3.705 0.000   1.395 0.000   2.309 0.000 0.018 0.000  0.322 0.000
135.291667 136.291667   39.94 0.000  1.49 0.000 0.005 0.000000 9.99 0.259000 0.391 0.000  0.544 0.000  0.979 0.000   9.038 0.000   4.243 0.000   4.795 0.000 0.028 0.000  0.446 0.000
138.291667 139.291667   38.46 0.000  0.55 0.000 9.999 0.259000 9.99 0.259000 0.009 0.000  0.369 0.000  0.665 0.000   4.377 0.000   2.786 0.000   1.590 0.000 0.013 0.000  0.108 0.000
141.291667 142.291667   30.13 0.000  0.69 0.000 9.999 0.259000 9.99 0.259000 0.016 0.000  0.342 0.000  0.615 0.000   5.219 0.000   3.049 0.000   2.170 0.000 0.014 0.000  0.223 0.000
144.291667 145.291667   21.64 0.000  0.33 0.000 9.999 0.259000 9.99 0.259000 0.013 0.000  1.833 0.000  3.300 0.000   5.682 0.000   3.449 0.000   2.233 0.000 0.010 0.000  0.266 0.000
147.291667 148.291667   32.41 0.000  0.26 0.000 9.999 0.259000 9.99 0.259000 0.013 0.000  0.329 0.000  0.591 0.000   6.347 0.000   4.403 0.000   1.944 0.000 0.016 0.000  0.167 0.000
150.291667 151.291667    7.65 0.000 99.99 0.259 9.999 0.259000 9.99 0.259000 0.034 0.000  0.234 0.000  0.421 0.000   2.066 0.000   0.866 0.000   1.203 0.000 0.004 0.000  0.078 0.000
153.291667 154.291667   18.71 0.000  0.40 0.000 9.999 0.259000 9.99 0.259000 0.005 0.000  0.231 0.000  0.417 0.000   3.061 0.000   1.952 0.000   1.109 0.000 0.006 0.000  0.084 0.000
156.291667 157.291667   35.14 0.000  0.55 0.000 9.999 0.259000 9.99 0.259000 0.061 0.000  0.481 0.000  0.866 0.000  10.273 0.000   6.728 0.000   3.545 0.000 0.013 0.000  0.426 0.000
159.291667 160.291667   15.87 0.000  0.30 0.000 0.006 0.000000 9.99 0.259000 0.021 0.000  0.361 0.000  0.650 0.000   3.171 0.000   1.726 0.000   1.445 0.000 0.006 0.000  0.110 0.000
162.291667 163.291667   33.96 0.000  0.67 0.000 9.999 0.259000 9.99 0.259000 0.029 0.000  0.540 0.000  0.972 0.000   7.228 0.000   3.970 0.000   3.258 0.000 0.013 0.000  0.375 0.000
165.291667 166.291667   51.87 0.000  0.66 0.000 9.999 0.259000 9.99 0.259000 0.013 0.000  0.590 0.000  1.063 0.000  10.476 0.000   7.607 0.000   2.869 0.000 0.016 0.000  0.222 0.000
168.291667 169.291667   48.26 0.000  0.54 0.000 9.999 0.259000 9.99 0.259000 0.030 0.000  1.306 0.000  2.350 0.000  15.331 0.000   9.209 0.000   6.122 0.000 0.035 0.000  0.613 0.000
171.291667 172.291667   32.87 0.000  0.78 0.000 9.999 0.259000 9.99 0.259000 0.019 0.000  0.776 0.000  1.398 0.000   9.319 0.000   2.648 0.000   6.680 0.000 0.023 0.000  0.305 0.000
174.291667 175.291667   91.17 0.000  0.27 0.000 9.999 0.259000 9.99 0.259000 0.008 0.000  0.493 0.000  0.887 0.000  11.406 0.000   8.777 0.000   2.630 0.000 0.024 0.000  0.149 0.000
177.291667 178.291667   14.05 0.000  0.66 0.000 9.999 0.259000 9.99 0.259000 0.026 0.000  0.751 0.000  1.353 0.000   6.306 0.000   2.889 0.000   3.416 0.000 0.022 0.000  0.347 0.000
180.291667 181.291667   41.40 0.000  0.36 0.000 0.005 0.000000 0.16 0.000000 0.009 0.000  0.778 0.000  1.401 0.000   6.841 0.000   3.124 0.000   3.716 0.000 0.037 0.000  0.388 0.000
183.291667 184.291667   86.20 0.000  0.27 0.000 9.999 0.259000 9.99 0.259000 0.007 0.000  0.633 0.000  1.140 0.000   9.165 0.000   6.519 0.000   2.646 0.000 0.061 0.000  0.165 0.000
186.291667 187.291667   80.64 0.000  0.79 0.000 9.999 0.259000 9.99 0.259000 0.025 0.000  1.256 0.000  2.260 0.000  18.055 0.000  13.017 0.000   5.038 0.000 0.045 0.000  0.286 0.000
189.291667 190.291667  141.55 0.000  0.84 0.000 9.999 0.259000 9.99 0.259000 0.021 0.000  2.164 0.000  3.895 0.000  28.509 0.000  20.292 0.000   8.216 0.000 0.090 0.000  0.494 0.000
192.291667 193.291667   83.77 0.000 99.99 0.259 9.999 0.259000 9.99 0.259000 0.013 0.000  0.816 0.000  1.468 0.000  12.564 0.000   8.522 0.000   4.141 0.000 0.027 0.000  0.282 0.000
195.291667 196.291667  110.95 0.000  0.48 0.000 0.020 0.000000 9.99 0.259000 0.011 0.000  0.739 0.000  1.331 0.000  14.731 0.000  10.677 0.000   4.054 0.000 0.031 0.000  0.157 0.000
198.291667 199.291667   27.74 0.000  0.30 0.000 9.999 0.259000 9.99 0.259000 0.009 0.000  1.416 0.000  2.549 0.000  10.029 0.000   4.768 0.000   5.260 0.000 0.021 0.000  0.334 0.000
201.291667 202.291667  106.58 0.000  1.03 0.000 9.999 0.259000 9.99 0.259000 0.030 0.000  1.084 0.000  1.951 0.000  18.843 0.000  13.244 0.000   5.597 0.000 0.039 0.000  0.365 0.000
204.291667 205.291667   45.60 0.000  0.20 0.000 9.999 0.259000 9.99 0.259000 0.017 0.000  1.148 0.000  2.066 0.000  12.179 0.000   7.603 0.000   4.574 0.000 0.037 0.000  0.302 0.000
207.291667 208.291667   91.85 0.000  0.45 0.000 0.016 0.000000 9.99 0.259000 0.012 0.000  0.836 0.000  1.506 0.000  13.562 0.000   9.783 0.000   3.778 0.000 0.023 0.000  0.234 0.000
210.291667 211.291667   96.67 0.000  0.34 0.000 9.999 0.259000 9.99 0.259000 0.012 0.000  1.473 0.000  2.652 0.000  16.684 0.000  11.469 0.000   5.213 0.000 0.046 0.000  0.274 0.000
213.291667 214.291667  131.87 0.000  1.48 0.000 9.999 0.259000 9.99 0.259000 0.017 0.000  1.648 0.000  2.967 0.000  16.427 0.000   9.664 0.000   6.792 0.000 0.058 0.000  0.359 0.000
216.291667 217.291667  195.04 0.000  0.26 0.000 0.024 0.000000 9.99 0.259000 0.008 0.000  0.932 0.000  1.678 0.000  18.208 0.000  12.889 0.000   5.317 0.000 0.042 0.000  0.161 0.000
219.291667 220.291667  317.79 0.000  0.74 0.000 0.065 0.000000 9.99 0.259000 0.020 0.000  2.319 0.000  4.173 0.000  51.710 0.000  41.560 0.000  10.154 0.000 0.099 0.000  0.244 0.000
222.291667 223.291667   62.82 0.000  0.68 0.000 9.999 0.259000 9.99 0.259000 0.039 0.000  1.349 0.000  2.428 0.000   9.873 0.000   4.397 0.000   5.476 0.000 0.028 0.000  0.442 0.000
225.291667 226.291667   53.97 0.000  0.20 0.000 9.999 0.259000 9.99 0.259000 0.011 0.000  0.832 0.000  1.497 0.000   7.796 0.000   5.072 0.000   2.723 0.000 0.014 0.000  0.168 0.000
228.291667 229.291667   50.22 0.000  0.67 0.000 9.999 0.259000 9.99 0.259000 0.098 0.000  1.431 0.000  2.576 0.000  12.588 0.000   7.095 0.000   5.492 0.000 0.036 0.000  0.478 0.000
231.291667 232.291667   73.16 0.000  0.40 0.000 9.999 0.259000 9.99 0.259000 0.010 0.000  0.672 0.000  1.209 0.000  10.767 0.000   7.436 0.000   3.330 0.000 0.019 0.000  0.265 0.000
234.291667 235.291667   91.22 0.000  0.51 0.000 9.999 0.259000 9.99 0.259000 0.028 0.000  0.815 0.000  1.467 0.000  18.048 0.000  13.189 0.000   5.042 0.000 0.033 0.000  0.440 0.000
237.291667 238.291667   73.91 0.000  0.19 0.000 9.999 0.259000 9.99 0.259000 0.007 0.000  1.744 0.000  3.139 0.000  13.767 0.000   8.491 0.000   5.274 0.000 0.028 0.000  0.133 0.000
240.291667 241.291667  207.95 0.000  0.57 0.000 9.999 0.259000 9.99 0.259000 0.018 0.000  2.201 0.000  3.962 0.000  21.687 0.000  14.414 0.000   7.272 0.000 0.052 0.000  0.261 0.000
243.291667 244.291667  160.01 0.000  0.49 0.000 9.999 0.259000 9.99 0.259000 0.013 0.000  0.544 0.000  0.979 0.000  13.226 0.000   9.460 0.000   3.765 0.000 0.033 0.000  0.193 0.000
246.291667 247.291667  187.32 0.000  1.37 0.000 9.999 0.259000 9.99 0.259000 0.053 0.000  1.500 0.000  2.699 0.000  21.546 0.000  14.039 0.000   7.506 0.000 0.061 0.000  0.604 0.000
249.291667 250.291667   72.60 0.000  0.82 0.000 0.016 0.000000 9.99 0.259000 0.016 0.000  0.743 0.000  1.337 0.000  12.444 0.000   9.159 0.000   3.285 0.000 0.045 0.000  0.203 0.000
252.291667 253.291667  150.25 0.000  1.22 0.000 9.999 0.259000 9.99 0.259000 0.040 0.000  2.840 0.000  5.112 0.000  25.088 0.000  16.626 0.000   8.462 0.000 0.094 0.000  0.426 0.000
255.291667 256.291667   28.01 0.394  0.52 0.394 9.999 0.394259 0.18 0.394000 0.019 0.394  0.746 0.000  1.342 0.000   6.067 0.000   3.291 0.000   2.817 0.000 0.011 0.394  0.233 0.394
258.291667 259.291667  150.25 0.000  1.03 0.000 9.999 0.259000 9.99 0.259000 0.038 0.000  1.278 0.000  2.301 0.000  21.257 0.000  15.719 0.000   5.335 0.000 0.096 0.000  0.282 0.000
