scripts/IMPROVE-2019_partial/data/US3500R.20020102070000.20191216000000.filterpack..pm25.52w.1w.US03L_filterpack_US3500.US03L_IMPROVE_Davis.lev2.nas
64 1001
MISSING INFORMATION
US03L, IMPROVE, , , , , , , 
MISSING INFORMATION
IMPROVE sel_HTAP
1 1
2002 01 01 2019 12 16
3.000000
days from file reference point
25
1 1 1 1 1 1 1 1 1 1 1 1 1 1 1 1 1 1 1 1 1 1 1 1 1
999.999999 9999.99 9.999 99.99 9.999 9.999 9.999999 9.99 9.999999 9.999 9.999999 99.999 9.999 99.999 9.999 999.999 9.999 999.999 9.999 999.999 9.999 9.999 9.999 99.999 9.999999
end_time of measurement, days from the file reference point
iron, ng/m3, Revision date=20181210133000
numflag iron, no unit, Revision date=20181210133000
lead, ng/m3, Revision date=20181210133000
numflag lead, no unit, Revision date=20181210133000
magnesium, ug/m3, Revision date=20181210133000
numflag magnesium, no unit, Revision date=20181210133000
nickel, ng/m3, Revision date=20181210133000
numflag nickel, no unit, Revision date=20181210133000
nitrate, ug N/m3, Revision date=20181210133000
numflag nitrate, no unit, Revision date=20181210133000
organic_carbon, ug C/m3, Revision date=20181210133000
numflag organic_carbon, no unit, Revision date=20181210133000
organic_mass, ug/m3, Revision date=20181210133000
numflag organic_mass, no unit, Revision date=20181210133000
pm10_mass, ug/m3, Version=2, Version description=Data extracted from http://views.cira.colostate.edu/fed/DataWizard 2019-12-16, Sample duration=1d, Orig. time res.=3d, Matrix=pm10, Blank correction=Blank corrected, Volume std. temperature=ambient, Volume std. pressure=ambient
numflag pm10_mass, no unit, Version=2, Version description=Data extracted from http://views.cira.colostate.edu/fed/DataWizard 2019-12-16, Sample duration=1d, Orig. time res.=3d, Matrix=pm10, Blank correction=Blank corrected, Volume std. temperature=ambient, Volume std. pressure=ambient
pm10_pm25_mass, ug/m3, Revision date=20181210133000, Matrix=pm10_pm25
numflag pm10_pm25_mass, no unit, Revision date=20181210133000, Matrix=pm10_pm25
pm25_mass, ug/m3, Version=2, Version description=Data extracted from http://views.cira.colostate.edu/fed/DataWizard 2019-12-16, Sample duration=1d, Orig. time res.=3d, Blank correction=Blank corrected, Volume std. temperature=ambient, Volume std. pressure=ambient
numflag pm25_mass, no unit, Version=2, Version description=Data extracted from http://views.cira.colostate.edu/fed/DataWizard 2019-12-16, Sample duration=1d, Orig. time res.=3d, Blank correction=Blank corrected, Volume std. temperature=ambient, Volume std. pressure=ambient
potassium, ug/m3, Revision date=20181210133000
numflag potassium, no unit, Revision date=20181210133000
sulphate_total, ug S/m3, Revision date=20181210133000
numflag sulphate_total, no unit, Revision date=20181210133000
0
25
Data definition:              EBAS_1.1
Set type code:                TU
Timezone:                     UTC
File name:                    US3500R.20020102070000.20191216000000.filterpack..pm25.52w.1w.US03L_filterpack_US3500.US03L_IMPROVE_Davis.lev2.nas
File creation:                20191218120414
Startdate:                    20020102070000
Revision date:                20191216000000
Statistics:                   arithmetic mean
Data level:                   2
Period code:                  52w
Resolution code:              1w
Station code:                 US3500R
Platform code:                US3500S
Station name:                 Theodore Roosevelt National Park-Painted Canyon
Station latitude:             46.8947
Station longitude:            -103.3777
Station altitude:             841.0 m
Regime:                       IMG
Component:                    
Matrix:                       pm25
Laboratory code:              US03L
Instrument type:              filterpack
Instrument name:              filterpack_US3500
Method ref:                   US03L_IMPROVE_Davis
starttime endtime Fe flag_Fe Pb flag_Pb Mg++ flag_Mg++ Ni flag_Ni NO3- flag_NO3- OC flag_OC OM flag_OM PM10 flag_PM10 PM10-PM2.5 flag_PM10-PM2.5 PM2.5 flag_PM2.5 K+ flag_K+ SO4-- flag_SO4--
[from data line 86]
259.291667 260.291667  156.77 0.559  0.81 0.559 9.999 0.559259 9.99 0.559259 0.025 0.000000  1.219 0.000  1.706 0.000  20.098 0.000  14.341 0.000   5.757 0.559 0.066 0.559  0.266 0.000000
262.291667 263.291667   33.07 0.000  0.31 0.000 9.999 0.259000 0.11 0.000000 0.012 0.000000  1.114 0.000  1.559 0.000   9.962 0.000   8.307 0.000   1.655 0.000 0.015 0.000  0.142 0.000000
265.291667 266.291667   44.40 0.000  0.30 0.000 0.023 0.000000 9.99 0.259000 0.023 0.000000  0.462 0.000  0.647 0.000   5.239 0.000   3.357 0.000   1.883 0.000 0.014 0.000  0.207 0.000000
268.291667 269.291667  312.20 0.000  0.88 0.000 9.999 0.259000 0.11 0.000000 0.023 0.000000  1.025 0.000  1.436 0.000  17.816 0.000  10.777 0.000   7.039 0.000 0.095 0.000  0.287 0.000000
271.291667 272.291667   80.44 0.000  1.08 0.000 9.999 0.259000 9.99 0.259000 0.132 0.000000  0.903 0.000  1.264 0.000   9.218 0.000   4.701 0.000   4.517 0.000 0.045 0.000  0.355 0.000000
274.291667 275.291667  125.60 0.559  0.51 0.559 9.999 0.559259 0.05 0.559000 0.030 0.000000  0.443 0.000  0.621 0.000  10.479 0.000   6.876 0.000   3.603 0.559 0.050 0.559  0.239 0.000000
277.291667 278.291667    8.90 0.000  0.16 0.000 9.999 0.259000 9.99 0.259000 0.074 0.000000  0.653 0.000  0.914 0.000   3.681 0.000   1.145 0.000   2.536 0.000 0.012 0.000  0.343 0.000000
280.291667 281.291667   24.49 0.000  0.26 0.000 9.999 0.259000 9.99 0.259000 0.035 0.000000  0.717 0.000  1.003 0.000   4.094 0.000   1.104 0.000   2.990 0.000 0.019 0.000  0.271 0.000000
283.291667 284.291667   39.41 0.000  0.66 0.000 9.999 0.259000 0.07 0.000000 0.070 0.000000  0.695 0.000  0.972 0.000   7.236 0.000   3.528 0.000   3.708 0.000 0.033 0.000  0.361 0.000000
286.291667 287.291667   79.53 0.000  0.49 0.000 0.011 0.000000 0.07 0.000000 0.014 0.000000  0.576 0.000  0.806 0.000   7.152 0.000   4.046 0.000   3.107 0.000 0.037 0.000  0.098 0.000000
289.291667 290.291667   33.29 0.000  0.70 0.000 9.999 0.259000 9.99 0.259000 0.088 0.000000  0.669 0.000  0.936 0.000   5.370 0.000   2.539 0.000   2.830 0.000 0.020 0.000  0.264 0.000000
292.291667 293.291667   17.49 0.559  0.61 0.559 9.999 0.559259 9.99 0.559259 0.561 0.000000  0.639 0.000  0.895 0.000  10.740 0.000   2.287 0.000   8.453 0.559 0.025 0.559  1.097 0.000000
295.291667 296.291667   20.10 0.000  0.66 0.000 9.999 0.259000 0.07 0.000000 0.215 0.000000  0.585 0.000  0.820 0.000   6.451 0.000   1.272 0.000   5.179 0.000 0.020 0.000  0.669 0.000000
298.291667 299.291667   51.33 0.000  0.36 0.000 0.013 0.000000 9.99 0.259000 0.311 0.000000  0.502 0.000  0.703 0.000   5.095 0.000   0.829 0.000   4.267 0.000 0.023 0.000  0.389 0.000000
301.291667 302.291667    5.07 0.000  0.51 0.000 9.999 0.259000 0.44 0.000000 0.033 0.000000  0.119 0.000  0.167 0.000   3.174 0.000   0.866 0.000   2.308 0.000 0.010 0.000  0.442 0.000000
304.291667 305.291667   50.43 0.000  0.46 0.000 9.999 0.259000 9.99 0.259000 0.098 0.559000  0.607 0.000  0.849 0.000   8.670 0.000   4.733 0.000   3.937 0.000 0.023 0.000  0.572 0.559000
307.291667 308.291667   77.93 0.000  0.57 0.000 9.999 0.259000 9.99 0.259000 0.273 0.000000  0.999 0.000  1.399 0.000   8.794 0.000   4.391 0.000   4.402 0.000 0.043 0.000  0.208 0.000000
310.291667 311.291667  193.62 0.000  0.48 0.000 9.999 0.259000 0.04 0.000000 0.013 0.000000  0.716 0.000  1.002 0.000   9.094 0.000   5.282 0.000   3.811 0.000 0.053 0.000  0.087 0.000000
313.291667 314.291667   41.95 0.000  0.87 0.000 0.015 0.000000 9.99 0.259000 0.202 0.000000  0.644 0.000  0.901 0.000   4.630 0.000   1.005 0.000   3.625 0.000 0.062 0.000  0.381 0.000000
316.291667 317.291667   11.58 0.000  0.27 0.000 9.999 0.259000 9.99 0.259000 0.064 0.000000  0.760 0.000  1.064 0.000   2.976 0.000   1.408 0.000   1.568 0.000 0.012 0.000  0.116 0.000000
319.291667 320.291667   67.12 0.000  0.58 0.000 9.999 0.259000 0.06 0.000000 0.041 0.000000  1.198 0.000  1.677 0.000   6.568 0.000   3.003 0.000   3.565 0.000 0.029 0.000  0.232 0.000000
322.291667 323.291667   43.39 0.000  0.24 0.000 0.008 0.000000 9.99 0.259000 0.010 0.000000  0.522 0.000  0.730 0.000   5.250 0.000   3.514 0.000   1.736 0.000 0.021 0.000  0.054 0.000000
325.291667 326.291667   38.07 0.000  0.20 0.000 0.017 0.000000 9.99 0.259000 0.015 0.000000  0.591 0.000  0.827 0.000   5.787 0.000   4.348 0.000   1.439 0.000 0.016 0.000  0.050 0.000000
328.291667 329.291667   18.88 0.000  0.43 0.000 9.999 0.259000 0.08 0.000000 0.274 0.000000  0.558 0.000  0.782 0.000  11.433 0.000   7.093 0.000   4.340 0.000 0.018 0.000  0.511 0.000000
331.291667 332.291667   43.27 0.000  0.24 0.000 9.999 0.259000 0.05 0.000000 0.029 0.000000  0.559 0.000  0.782 0.000   3.659 0.000   1.375 0.000   2.284 0.000 0.023 0.000  0.100 0.000000
334.291667 335.291667   23.66 0.000  0.47 0.000 0.016 0.000000 9.99 0.259000 0.115 0.000000  0.560 0.000  0.784 0.000   8.649 0.000   3.245 0.000   5.405 0.000 0.018 0.000  0.922 0.000000
337.291667 338.291667   68.49 0.000  0.89 0.000 9.999 0.259000 9.99 0.259000 0.245 0.000000  0.665 0.000  0.932 0.000  11.034 0.000   5.593 0.000   5.441 0.000 0.065 0.000  0.487 0.000000
340.291667 341.291667   34.96 0.000  0.14 0.000 9.999 0.259000 9.99 0.259000 0.235 0.000000  0.500 0.000  0.700 0.000   6.481 0.000   3.965 0.000   2.517 0.000 0.019 0.000  0.088 0.000000
343.291667 344.291667  245.60 0.000  0.24 0.000 9.999 0.259000 0.09 0.000000 0.020 0.000000  0.626 0.000  0.877 0.000  17.019 0.000  12.693 0.000   4.326 0.000 0.072 0.000  0.070 0.000000
346.291667 347.291667  137.16 0.000  0.38 0.000 0.047 0.000000 9.99 0.259000 0.019 0.000000  0.430 0.000  0.602 0.000  15.428 0.000  12.515 0.000   2.912 0.000 0.058 0.000  0.106 0.000000
349.291667 350.291667   26.62 0.000  0.11 0.000 9.999 0.259000 9.99 0.259000 0.067 0.000000  0.408 0.000  0.571 0.000   2.453 0.000   1.071 0.000   1.383 0.000 0.020 0.000  0.054 0.000000
352.291667 353.291667   12.75 0.000  0.13 0.000 9.999 0.259000 9.99 0.259000 0.125 0.559000  0.180 0.000  0.252 0.000   3.138 0.659 999.999 0.999   1.059 0.000 0.011 0.000  0.045 0.559000
355.291667 356.291667    8.30 0.000  0.53 0.000 9.999 0.259000 9.99 0.259000 0.133 0.000000  0.109 0.000  0.152 0.000   2.583 0.000   0.930 0.000   1.653 0.000 0.013 0.000  0.161 0.000000
358.291667 359.291667   20.06 0.000  0.30 0.000 9.999 0.259000 0.05 0.000000 0.169 0.000000  0.396 0.000  0.555 0.000   4.209 0.000   2.011 0.000   2.198 0.000 0.006 0.000  0.132 0.000000
361.291667 362.291667   36.25 0.000  0.81 0.000 9.999 0.259000 9.99 0.259000 0.015 0.000000  0.245 0.000  0.344 0.000   2.578 0.000   1.214 0.000   1.364 0.000 0.016 0.000  0.080 0.000000
364.291667 365.291667   24.60 0.000  0.73 0.000 9.999 0.259000 9.99 0.259000 0.204 0.000000  0.298 0.000  0.417 0.000   6.677 0.000   3.551 0.000   3.126 0.000 0.013 0.000  0.264 0.000000
