scripts/IMPROVE-2019_partial/data/US3500R.20060102070000.20191216000000.filterpack..pm25.52w.1w.US03L_filterpack_US3500.US03L_IMPROVE_Davis.lev2.nas
64 1001
MISSING INFORMATION
US03L, IMPROVE, , , , , , , 
MISSING INFORMATION
IMPROVE sel_HTAP
1 1
2006 01 01 2019 12 16
3.000000
days from file reference point
25
1 1 1 1 1 1 1 1 1 1 1 1 1 1 1 1 1 1 1 1 1 1 1 1 1
999.999999 9999.99 9.999 99.99 9.999 9.999 9.999999 9.99 9.999999 9.999 9.999 99.999 9.999 999.999 9.999 999.999 9.999 999.999 9.999 999.999 9.999 9.999 9.999 99.999 9.999
end_time of measurement, days from the file reference point
iron, ng/m3, Revision date=20181210133000
numflag iron, no unit, Revision date=20181210133000
lead, ng/m3, Revision date=20181210133000
numflag lead, no unit, Revision date=20181210133000
magnesium, ug/m3, Revision date=20181210133000
numflag magnesium, no unit, Revision date=20181210133000
nickel, ng/m3, Revision date=20181210133000
numflag nickel, no unit, Revision date=20181210133000
nitrate, ug N/m3, Revision date=20181210133000
numflag nitrate, no unit, Revision date=20181210133000
organic_carbon, ug C/m3, Revision date=20181210133000
numflag organic_carbon, no unit, Revision date=20181210133000
organic_mass, ug/m3, Revision date=20181210133000
numflag organic_mass, no unit, Revision date=20181210133000
pm10_mass, ug/m3, Version=2, Version description=Data extracted from http://views.cira.colostate.edu/fed/DataWizard 2019-12-16, Sample duration=1d, Orig. time res.=3d, Matrix=pm10, Blank correction=Blank corrected, Volume std. temperature=ambient, Volume std. pressure=ambient
numflag pm10_mass, no unit, Version=2, Version description=Data extracted from http://views.cira.colostate.edu/fed/DataWizard 2019-12-16, Sample duration=1d, Orig. time res.=3d, Matrix=pm10, Blank correction=Blank corrected, Volume std. temperature=ambient, Volume std. pressure=ambient
pm10_pm25_mass, ug/m3, Revision date=20181210133000, Matrix=pm10_pm25
numflag pm10_pm25_mass, no unit, Revision date=20181210133000, Matrix=pm10_pm25
pm25_mass, ug/m3, Version=2, Version description=Data extracted from http://views.cira.colostate.edu/fed/DataWizard 2019-12-16, Sample duration=1d, Orig. time res.=3d, Blank correction=Blank corrected, Volume std. temperature=ambient, Volume std. pressure=ambient
numflag pm25_mass, no unit, Version=2, Version description=Data extracted from http://views.cira.colostate.edu/fed/DataWizard 2019-12-16, Sample duration=1d, Orig. time res.=3d, Blank correction=Blank corrected, Volume std. temperature=ambient, Volume std. pressure=ambient
potassium, ug/m3, Revision date=20181210133000
numflag potassium, no unit, Revision date=20181210133000
sulphate_total, ug S/m3, Revision date=20181210133000
numflag sulphate_total, no unit, Revision date=20181210133000
0
25
Data definition:              EBAS_1.1
Set type code:                TU
Timezone:                     UTC
File name:                    US3500R.20060102070000.20191216000000.filterpack..pm25.52w.1w.US03L_filterpack_US3500.US03L_IMPROVE_Davis.lev2.nas
File creation:                20191218120415
Startdate:                    20060102070000
Revision date:                20191216000000
Statistics:                   arithmetic mean
Data level:                   2
Period code:                  52w
Resolution code:              1w
Station code:                 US3500R
Platform code:                US3500S
Station name:                 Theodore Roosevelt National Park-Painted Canyon
Station latitude:             46.8947
Station longitude:            -103.3777
Station altitude:             841.0 m
Regime:                       IMG
Component:                    
Matrix:                       pm25
Laboratory code:              US03L
Instrument type:              filterpack
Instrument name:              filterpack_US3500
Method ref:                   US03L_IMPROVE_Davis
starttime endtime Fe flag_Fe Pb flag_Pb Mg++ flag_Mg++ Ni flag_Ni NO3- flag_NO3- OC flag_OC OM flag_OM PM10 flag_PM10 PM10-PM2.5 flag_PM10-PM2.5 PM2.5 flag_PM2.5 K+ flag_K+ SO4-- flag_SO4--
  1.291667   2.291667 9999.99 0.999 99.99 0.999 9.999 0.999000 9.99 0.999000 9.999 0.999 99.999 0.999 999.999 0.999 999.999 0.999 999.999 0.999 999.999 0.999 9.999 0.999 99.999 0.999
  4.291667   5.291667   27.54 0.000  1.00 0.000 9.999 0.259000 9.99 0.259000 0.038 0.000  0.328 0.000   0.459 0.000   2.329 0.000   0.888 0.000   1.441 0.000 0.008 0.000  0.036 0.000
  7.291667   8.291667    6.69 0.000  1.00 0.000 9.999 0.259000 9.99 0.259000 0.277 0.000  0.384 0.000   0.537 0.000   4.247 0.000 999.999 0.259   4.427 0.000 0.023 0.000  0.435 0.000
 10.291667  11.291667   25.62 0.000  0.53 0.000 0.010 0.000000 9.99 0.259000 0.009 0.000  0.207 0.000   0.290 0.000   4.296 0.000   3.221 0.000   1.075 0.000 0.013 0.000  0.056 0.000
 13.291667  14.291667   31.31 0.000  0.70 0.000 9.999 0.259000 9.99 0.259000 0.016 0.000  0.437 0.000   0.612 0.000   4.673 0.000   3.027 0.000   1.647 0.000 0.007 0.000  0.041 0.000
 16.291667  17.291667   19.68 0.000  0.47 0.000 9.999 0.259000 9.99 0.259000 0.087 0.000  0.269 0.000   0.376 0.000   4.030 0.000   2.693 0.000   1.337 0.000 0.007 0.000  0.079 0.000
 19.291667  20.291667   23.92 0.000  0.63 0.000 9.999 0.259000 9.99 0.259000 0.229 0.000  0.636 0.000   0.891 0.000   4.809 0.000   0.949 0.000   3.861 0.000 0.020 0.000  0.262 0.000
 22.291667  23.291667    9.54 0.000  0.56 0.000 9.999 0.259000 9.99 0.259000 0.006 0.000  0.207 0.000   0.289 0.000   3.750 0.000   2.781 0.000   0.969 0.000 0.007 0.000  0.052 0.000
 25.291667  26.291667  108.85 0.559  0.36 0.559 0.027 0.559000 9.99 0.559259 0.025 0.000  0.553 0.000   0.774 0.000   7.635 0.000   4.345 0.559   3.290 0.659 0.045 0.559  0.086 0.000
 28.291667  29.291667   15.65 0.559  0.31 0.559 9.999 0.559259 9.99 0.559259 0.062 0.000  0.194 0.000   0.272 0.000   2.679 0.000   1.297 0.559   1.382 0.659 0.007 0.559  0.091 0.000
 31.291667  32.291667   20.33 0.000 99.99 0.259 9.999 0.259000 9.99 0.259000 0.162 0.000  0.276 0.000   0.387 0.000   3.404 0.000   1.668 0.000   1.736 0.000 0.005 0.000  0.094 0.000
 34.291667  35.291667   10.47 0.000  0.24 0.000 9.999 0.259000 9.99 0.259000 0.256 0.000  0.277 0.000   0.388 0.000   5.396 0.000   1.600 0.000   3.796 0.000 0.010 0.000  0.468 0.000
 37.291667  38.291667   14.96 0.000  0.29 0.000 0.006 0.000000 9.99 0.259000 0.164 0.000  0.381 0.000   0.533 0.000   4.442 0.000   1.675 0.000   2.767 0.000 0.013 0.000  0.403 0.000
 40.291667  41.291667   15.17 0.000  0.23 0.000 9.999 0.259000 9.99 0.259000 0.021 0.000  0.115 0.000   0.162 0.000   5.686 0.000   4.454 0.000   1.232 0.000 0.014 0.000  0.152 0.000
 43.291667  44.291667   21.38 0.000  0.36 0.000 9.999 0.259000 9.99 0.259000 0.032 0.000  0.349 0.000   0.489 0.000   4.151 0.000   2.738 0.000   1.413 0.000 0.016 0.000  0.087 0.000
 46.291667  47.291667   23.53 0.000  0.70 0.000 9.999 0.259000 9.99 0.259000 0.098 0.000  0.200 0.000   0.280 0.000   5.188 0.000   2.874 0.000   2.314 0.000 0.020 0.000  0.240 0.000
 49.291667  50.291667   22.15 0.000  0.68 0.000 9.999 0.259000 9.99 0.259000 0.199 0.000  0.456 0.000   0.639 0.000   5.479 0.000   2.038 0.000   3.441 0.000 0.025 0.000  0.265 0.000
 52.291667  53.291667   16.04 0.000  0.65 0.000 9.999 0.259000 9.99 0.259000 0.060 0.000  0.490 0.000   0.686 0.000   4.657 0.000   2.087 0.000   2.570 0.000 0.018 0.000  0.311 0.000
 55.291667  56.291667   32.18 0.000  0.89 0.000 9.999 0.259000 9.99 0.259000 0.267 0.000  0.391 0.000   0.548 0.000   7.583 0.000   2.413 0.000   5.170 0.000 0.020 0.000  0.716 0.000
 58.291667  59.291667   85.00 0.000  1.58 0.000 9.999 0.259000 9.99 0.259000 0.652 0.000  0.813 0.000   1.138 0.000  16.450 0.000   9.606 0.000   6.844 0.000 0.036 0.000  0.368 0.000
 61.291667  62.291667   24.25 0.000  0.99 0.000 9.999 0.259000 9.99 0.259000 0.620 0.000  0.438 0.000   0.613 0.000  12.873 0.000   4.064 0.000   8.809 0.000 0.027 0.000  1.009 0.000
 64.291667  65.291667   34.41 0.000  0.66 0.000 9.999 0.259000 9.99 0.259000 0.339 0.000  0.434 0.000   0.607 0.000   8.866 0.000   3.828 0.000   5.038 0.000 0.016 0.000  0.570 0.000
 67.291667  68.291667   34.48 0.000  0.10 0.000 9.999 0.259000 9.99 0.259000 0.024 0.000  0.129 0.000   0.180 0.000   3.019 0.000   1.991 0.000   1.028 0.000 0.007 0.000  0.063 0.000
 70.291667  71.291667   14.59 0.000  1.64 0.000 9.999 0.259000 0.17 0.000000 0.114 0.000  0.273 0.000   0.382 0.000   4.254 0.000   1.147 0.000   3.107 0.000 0.015 0.000  0.514 0.000
 73.291667  74.291667   29.74 0.000  1.61 0.000 9.999 0.259000 9.99 0.259000 0.363 0.000  0.430 0.000   0.602 0.000  11.966 0.000   5.335 0.000   6.630 0.000 0.020 0.000  0.831 0.000
 76.291667  77.291667   17.26 0.000  2.07 0.000 9.999 0.259000 0.13 0.000000 0.915 0.000  0.568 0.000   0.795 0.000  12.989 0.000   3.296 0.000   9.693 0.000 0.025 0.000  0.737 0.000
 79.291667  80.291667   31.04 0.000  0.60 0.000 9.999 0.259000 9.99 0.259000 0.234 0.000  0.241 0.000   0.337 0.000   6.652 0.000   3.558 0.000   3.094 0.000 0.020 0.000  0.222 0.000
 82.291667  83.291667   55.00 0.000  1.27 0.000 0.016 0.000000 9.99 0.259000 0.172 0.000  0.262 0.000   0.367 0.000   6.663 0.000   4.294 0.000   2.369 0.000 0.015 0.000  0.160 0.000
 85.291667  86.291667   33.21 0.000  0.67 0.000 9.999 0.259000 9.99 0.259000 0.429 0.000  0.565 0.000   0.792 0.000   8.619 0.000   2.582 0.000   6.037 0.000 0.019 0.000  0.813 0.000
 88.291667  89.291667    8.26 0.000  0.58 0.000 9.999 0.259000 9.99 0.259000 0.279 0.000  0.255 0.000   0.357 0.000   5.199 0.000   1.273 0.000   3.926 0.000 0.011 0.000  0.388 0.000
 91.291667  92.291667   28.57 0.000  1.02 0.000 0.019 0.000000 9.99 0.259000 0.234 0.000  0.423 0.000   0.592 0.000   6.802 0.000   2.272 0.000   4.531 0.000 0.027 0.000  0.621 0.000
 94.291667  95.291667   74.35 0.000  1.40 0.000 0.017 0.000000 9.99 0.259000 0.263 0.000  0.929 0.000   1.300 0.000  15.415 0.000   9.749 0.000   5.666 0.000 0.048 0.000  0.486 0.000
 97.291667  98.291667   37.84 0.000  0.56 0.000 0.011 0.000000 9.99 0.259000 0.039 0.000  0.171 0.000   0.240 0.000   5.703 0.000   3.021 0.000   2.682 0.000 0.020 0.000  0.360 0.000
100.291667 101.291667   25.21 0.000  0.24 0.000 9.999 0.259000 9.99 0.259000 0.030 0.000  0.164 0.000   0.230 0.000   3.794 0.000   2.172 0.000   1.623 0.000 0.012 0.000  0.092 0.000
103.291667 104.291667   69.08 0.000  0.53 0.000 0.020 0.000000 9.99 0.259000 0.014 0.000  0.202 0.000   0.283 0.000   8.760 0.000   6.707 0.000   2.052 0.000 0.025 0.000  0.120 0.000
106.291667 107.291667   27.93 0.000  0.22 0.000 9.999 0.259000 9.99 0.259000 0.113 0.000  0.424 0.000   0.594 0.000   6.595 0.000   4.124 0.000   2.471 0.000 0.016 0.000  0.254 0.000
109.291667 110.291667   11.67 0.000  0.33 0.000 9.999 0.259000 0.12 0.000000 0.053 0.000  0.610 0.000   0.854 0.000   4.626 0.000   0.964 0.000   3.662 0.000 0.007 0.000  0.496 0.000
112.291667 113.291667   27.22 0.000  0.39 0.000 9.999 0.259000 9.99 0.259000 0.070 0.000  0.420 0.000   0.588 0.000   5.606 0.000   2.660 0.000   2.946 0.000 0.019 0.000  0.355 0.000
115.291667 116.291667  123.95 0.000  0.77 0.000 0.056 0.000000 9.99 0.259000 0.036 0.000  0.460 0.000   0.644 0.000  11.129 0.000   6.830 0.000   4.298 0.000 0.062 0.000  0.244 0.000
118.291667 119.291667   58.47 0.000  0.78 0.000 0.030 0.000000 0.11 0.000000 0.206 0.000  0.738 0.000   1.033 0.000  10.475 0.000   4.945 0.000   5.530 0.000 0.052 0.000  0.495 0.000
121.291667 122.291667   56.33 0.000  0.53 0.000 9.999 0.259000 9.99 0.259000 0.020 0.000  0.327 0.000   0.457 0.000   6.100 0.000   3.686 0.000   2.414 0.000 0.028 0.000  0.219 0.000
124.291667 125.291667   63.75 0.000  0.61 0.000 9.999 0.259000 9.99 0.259000 0.035 0.000  0.341 0.000   0.477 0.000   5.756 0.000   3.137 0.000   2.619 0.000 0.034 0.000  0.252 0.000
127.291667 128.291667   40.85 0.000  0.60 0.000 9.999 0.259000 0.07 0.000000 0.014 0.000  0.321 0.000   0.449 0.000   5.015 0.000   3.143 0.000   1.873 0.000 0.019 0.000  0.133 0.000
130.291667 131.291667   68.59 0.000  0.68 0.000 9.999 0.259000 9.99 0.259000 0.038 0.000  0.398 0.000   0.557 0.000   8.249 0.000   4.768 0.000   3.481 0.000 0.042 0.000  0.331 0.000
133.291667 134.291667   65.67 0.000  0.46 0.000 0.015 0.000000 9.99 0.259000 0.074 0.000  0.649 0.000   0.908 0.000  12.443 0.000   8.976 0.000   3.468 0.000 0.037 0.000  0.231 0.000
136.291667 137.291667  175.24 0.000  1.05 0.000 0.029 0.000000 0.08 0.000000 0.037 0.000  0.969 0.000   1.356 0.000  18.417 0.000  12.334 0.000   6.083 0.000 0.076 0.000  0.364 0.000
139.291667 140.291667   97.75 0.000  0.97 0.000 0.022 0.000000 9.99 0.259000 0.138 0.000  1.101 0.000   1.541 0.000  15.755 0.000  10.320 0.000   5.435 0.000 0.038 0.000  0.429 0.000
142.291667 143.291667   68.12 0.000  0.66 0.000 9.999 0.259000 0.07 0.000000 0.024 0.000  0.966 0.000   1.352 0.000  17.620 0.000  12.980 0.000   4.640 0.000 0.043 0.000  0.309 0.000
145.291667 146.291667   77.57 0.000  1.18 0.000 9.999 0.259000 9.99 0.259000 0.079 0.000  0.900 0.000   1.260 0.000  15.194 0.000   9.504 0.000   5.691 0.000 0.047 0.000  0.483 0.000
148.291667 149.291667   13.78 0.000  0.30 0.000 9.999 0.259000 9.99 0.259000 0.009 0.000  0.377 0.000   0.528 0.000   3.778 0.000   2.439 0.000   1.339 0.000 0.008 0.000  0.099 0.000
151.291667 152.291667  121.17 0.000  0.36 0.000 0.027 0.000000 9.99 0.259000 0.013 0.000  0.631 0.000   0.883 0.000  11.036 0.000   7.723 0.000   3.312 0.000 0.028 0.000  0.142 0.000
154.291667 155.291667   85.28 0.000  0.26 0.000 0.023 0.000000 9.99 0.259000 0.013 0.000  0.598 0.000   0.837 0.000  10.496 0.000   7.218 0.000   3.277 0.000 0.024 0.000  0.135 0.000
157.291667 158.291667   76.95 0.000  0.48 0.000 0.028 0.000000 9.99 0.259000 0.027 0.000  0.939 0.000   1.315 0.000  15.597 0.000  11.020 0.000   4.577 0.000 0.034 0.000  0.266 0.000
160.291667 161.291667   12.16 0.000  0.71 0.000 0.007 0.000000 9.99 0.259000 0.258 0.000  0.545 0.000   0.763 0.000   5.768 0.000   2.267 0.000   3.502 0.000 0.011 0.000  0.210 0.000
163.291667 164.291667   27.37 0.000  0.84 0.000 9.999 0.259000 9.99 0.259000 0.069 0.000  0.505 0.000   0.706 0.000  11.888 0.000   8.152 0.000   3.736 0.000 0.015 0.000  0.382 0.000
166.291667 167.291667   28.68 0.000  0.17 0.000 9.999 0.259000 9.99 0.259000 0.008 0.000  0.551 0.000   0.772 0.000   5.333 0.000   3.921 0.000   1.413 0.000 0.010 0.000  0.042 0.000
169.291667 170.291667   58.99 0.000  0.46 0.000 0.011 0.000000 9.99 0.259000 0.009 0.000  0.579 0.000   0.810 0.000   9.928 0.000   6.765 0.000   3.163 0.000 0.016 0.000  0.185 0.000
172.291667 173.291667  103.11 0.000  0.40 0.000 0.030 0.000000 9.99 0.259000 0.007 0.000  0.812 0.000   1.136 0.000  10.867 0.000   6.786 0.000   4.082 0.000 0.029 0.000  0.206 0.000
175.291667 176.291667   46.37 0.000  0.28 0.000 0.012 0.000000 9.99 0.259000 0.013 0.000  3.521 0.000   4.930 0.000  14.184 0.000   4.364 0.000   9.820 0.000 0.055 0.000  0.358 0.000
178.291667 179.291667  145.49 0.000  0.68 0.000 0.031 0.000000 9.99 0.259000 0.048 0.000  6.789 0.000   9.504 0.000  33.365 0.000  14.572 0.000  18.793 0.000 0.135 0.000  0.456 0.000
181.291667 182.291667   40.33 0.000  0.36 0.000 9.999 0.259000 9.99 0.259000 0.048 0.000  5.673 0.000  10.211 0.000  18.698 0.000   4.766 0.000  13.932 0.000 0.100 0.000  0.307 0.000
184.291667 185.291667   59.36 0.000  0.59 0.000 9.999 0.259000 9.99 0.259000 0.037 0.000  6.438 0.000  11.588 0.000  27.504 0.000  10.501 0.000  17.003 0.000 0.143 0.000  0.455 0.000
187.291667 188.291667  350.23 0.000  0.58 0.000 0.038 0.000000 0.11 0.000000 0.015 0.000  1.231 0.000   2.216 0.000  23.609 0.000  16.803 0.000   6.806 0.000 0.080 0.000  0.248 0.000
190.291667 191.291667  111.56 0.000  0.27 0.000 0.014 0.000000 9.99 0.259000 0.009 0.000  0.704 0.000   1.266 0.000  13.859 0.000   9.648 0.000   4.211 0.000 0.032 0.000  0.204 0.000
193.291667 194.291667   66.31 0.000  0.44 0.000 9.999 0.259000 9.99 0.259000 0.014 0.000  0.867 0.000   1.560 0.000  10.749 0.000   7.352 0.000   3.397 0.000 0.052 0.000  0.123 0.000
196.291667 197.291667   87.08 0.000  0.52 0.000 9.999 0.259000 9.99 0.259000 0.009 0.000  0.994 0.000   1.789 0.000  14.352 0.000  10.371 0.000   3.982 0.000 0.045 0.000  0.169 0.000
199.291667 200.291667   91.46 0.000  0.29 0.000 0.025 0.000000 9.99 0.259000 0.016 0.000  0.904 0.000   1.627 0.000  16.118 0.000  11.281 0.000   4.837 0.000 0.039 0.000  0.243 0.000
202.291667 203.291667  127.56 0.000  0.15 0.000 9.999 0.259000 9.99 0.259000 0.020 0.000  1.021 0.000   1.838 0.000  17.240 0.000  11.529 0.000   5.711 0.000 0.034 0.000  0.401 0.000
205.291667 206.291667   94.16 0.000  0.64 0.000 0.012 0.000000 9.99 0.259000 0.017 0.000  1.345 0.000   2.420 0.000  13.141 0.000   7.502 0.000   5.639 0.000 0.033 0.000  0.291 0.000
208.291667 209.291667  140.07 0.000  0.85 0.000 0.016 0.000000 9.99 0.259000 0.029 0.000  2.093 0.000   3.768 0.000  28.046 0.000  18.833 0.000   9.213 0.000 0.057 0.000  0.507 0.000
211.291667 212.291667   64.99 0.000  0.64 0.000 0.010 0.000000 9.99 0.259000 0.023 0.000  2.301 0.000   4.143 0.000  22.198 0.000  14.849 0.000   7.349 0.000 0.053 0.000  0.298 0.000
214.291667 215.291667  191.28 0.000  0.62 0.000 9.999 0.259000 9.99 0.259000 0.022 0.000  2.242 0.000   4.035 0.000  21.945 0.000  14.455 0.000   7.490 0.000 0.065 0.000  0.162 0.000
217.291667 218.291667  158.16 0.000  0.41 0.000 9.999 0.259000 9.99 0.259000 0.013 0.000  1.609 0.000   2.896 0.000  17.118 0.000  11.477 0.000   5.641 0.000 0.043 0.000  0.216 0.000
220.291667 221.291667  108.99 0.000  0.72 0.000 9.999 0.259000 0.10 0.000000 0.024 0.000  1.334 0.000   2.402 0.000  15.988 0.000  10.115 0.000   5.872 0.000 0.067 0.000  0.338 0.000
223.291667 224.291667   36.21 0.000  0.70 0.000 9.999 0.259000 9.99 0.259000 0.027 0.000  1.377 0.000   2.479 0.000  14.690 0.000   9.267 0.000   5.423 0.000 0.042 0.000  0.359 0.000
226.291667 227.291667   71.25 0.000  0.38 0.000 0.019 0.000000 9.99 0.259000 0.018 0.000  1.330 0.000   2.394 0.000  21.320 0.000  16.115 0.000   5.205 0.000 0.046 0.000  0.289 0.000
229.291667 230.291667   58.07 0.000  0.48 0.000 0.018 0.000000 0.10 0.000000 0.043 0.000  1.207 0.000   2.172 0.000   8.400 0.000   3.441 0.000   4.960 0.000 0.062 0.000  0.257 0.000
232.291667 233.291667   78.82 0.000  0.34 0.000 0.013 0.000000 9.99 0.259000 0.013 0.000  1.124 0.000   2.024 0.000  16.759 0.000  12.238 0.000   4.520 0.000 0.034 0.000  0.155 0.000
235.291667 236.291667   78.09 0.000  0.52 0.000 9.999 0.259000 9.99 0.259000 0.075 0.000  3.540 0.000   6.372 0.000  18.505 0.000   7.725 0.000  10.780 0.000 0.119 0.000  0.484 0.000
238.291667 239.291667  128.70 0.000  0.80 0.000 9.999 0.259000 9.99 0.259000 0.032 0.000  1.996 0.000   3.592 0.000  16.241 0.000   8.692 0.000   7.548 0.000 0.070 0.000  0.441 0.000
241.291667 242.291667  109.87 0.000  0.94 0.000 0.017 0.000000 0.07 0.000000 0.018 0.000  1.088 0.000   1.959 0.000  17.677 0.000  12.148 0.000   5.529 0.000 0.045 0.000  0.392 0.000
244.291667 245.291667   87.94 0.000  0.17 0.000 9.999 0.259000 0.06 0.000000 0.014 0.000  0.762 0.000   1.372 0.000  10.334 0.000   7.386 0.000   2.948 0.000 0.034 0.000  0.157 0.000
247.291667 248.291667  293.53 0.000  0.69 0.000 0.052 0.000000 9.99 0.259000 0.013 0.000  0.608 0.000   1.094 0.000  14.422 0.000   8.385 0.000   6.037 0.000 0.077 0.000  0.239 0.000
250.291667 251.291667  225.78 0.000  0.34 0.000 0.029 0.000000 9.99 0.259000 0.061 0.000  1.672 0.000   3.010 0.000  22.874 0.000  15.679 0.000   7.195 0.000 0.079 0.000  0.217 0.000
253.291667 254.291667   83.07 0.000  0.58 0.000 9.999 0.259000 9.99 0.259000 0.016 0.000  1.718 0.000   3.093 0.000  12.009 0.000   6.376 0.000   5.632 0.000 0.046 0.000  0.210 0.000
256.291667 257.291667 9999.99 0.456 99.99 0.456 9.999 0.456000 9.99 0.456000 0.062 0.000  3.040 0.000   5.471 0.000  31.774 0.000 999.999 0.456 999.999 0.456 9.999 0.456  0.484 0.000
259.291667 260.291667    6.62 0.000  0.23 0.000 9.999 0.259000 9.99 0.259000 0.039 0.000  0.076 0.000   0.136 0.000   0.252 0.000   0.058 0.000   0.183 0.000 0.003 0.000  0.016 0.000
