scripts/IMPROVE-2019_partial/data/US3500R.20010101070000.20191216000000.filterpack..pm25.52w.1w.US03L_filterpack_US3500.US03L_IMPROVE_Davis.lev2.nas
64 1001
MISSING INFORMATION
US03L, IMPROVE, , , , , , , 
MISSING INFORMATION
IMPROVE sel_HTAP
1 1
2001 01 01 2019 12 16
3.000000
days from file reference point
25
1 1 1 1 1 1 1 1 1 1 1 1 1 1 1 1 1 1 1 1 1 1 1 1 1
999.999999 9999.99 9.999 99.99 9.999999 9.999 9.999999 9.99 9.999999 9.999 9.999 99.999 9.999 99.999 9.999 999.999 9.999 999.999 9.999 999.999 9.999 9.999 9.999999 99.999 9.999
end_time of measurement, days from the file reference point
iron, ng/m3, Revision date=20181210133000
numflag iron, no unit, Revision date=20181210133000
lead, ng/m3, Revision date=20181210133000
numflag lead, no unit, Revision date=20181210133000
magnesium, ug/m3, Revision date=20181210133000
numflag magnesium, no unit, Revision date=20181210133000
nickel, ng/m3, Revision date=20181210133000
numflag nickel, no unit, Revision date=20181210133000
nitrate, ug N/m3, Revision date=20181210133000
numflag nitrate, no unit, Revision date=20181210133000
organic_carbon, ug C/m3, Revision date=20181210133000
numflag organic_carbon, no unit, Revision date=20181210133000
organic_mass, ug/m3, Revision date=20181210133000
numflag organic_mass, no unit, Revision date=20181210133000
pm10_mass, ug/m3, Version=2, Version description=Data extracted from http://views.cira.colostate.edu/fed/DataWizard 2019-12-16, Sample duration=1d, Orig. time res.=3d, Matrix=pm10, Blank correction=Blank corrected, Volume std. temperature=ambient, Volume std. pressure=ambient
numflag pm10_mass, no unit, Version=2, Version description=Data extracted from http://views.cira.colostate.edu/fed/DataWizard 2019-12-16, Sample duration=1d, Orig. time res.=3d, Matrix=pm10, Blank correction=Blank corrected, Volume std. temperature=ambient, Volume std. pressure=ambient
pm10_pm25_mass, ug/m3, Revision date=20181210133000, Matrix=pm10_pm25
numflag pm10_pm25_mass, no unit, Revision date=20181210133000, Matrix=pm10_pm25
pm25_mass, ug/m3, Version=2, Version description=Data extracted from http://views.cira.colostate.edu/fed/DataWizard 2019-12-16, Sample duration=1d, Orig. time res.=3d, Blank correction=Blank corrected, Volume std. temperature=ambient, Volume std. pressure=ambient
numflag pm25_mass, no unit, Version=2, Version description=Data extracted from http://views.cira.colostate.edu/fed/DataWizard 2019-12-16, Sample duration=1d, Orig. time res.=3d, Blank correction=Blank corrected, Volume std. temperature=ambient, Volume std. pressure=ambient
potassium, ug/m3, Revision date=20181210133000
numflag potassium, no unit, Revision date=20181210133000
sulphate_total, ug S/m3, Revision date=20181210133000
numflag sulphate_total, no unit, Revision date=20181210133000
0
25
Data definition:              EBAS_1.1
Set type code:                TU
Timezone:                     UTC
File name:                    US3500R.20010101070000.20191216000000.filterpack..pm25.52w.1w.US03L_filterpack_US3500.US03L_IMPROVE_Davis.lev2.nas
File creation:                20191218120414
Startdate:                    20010101070000
Revision date:                20191216000000
Statistics:                   arithmetic mean
Data level:                   2
Period code:                  52w
Resolution code:              1w
Station code:                 US3500R
Platform code:                US3500S
Station name:                 Theodore Roosevelt National Park-Painted Canyon
Station latitude:             46.8947
Station longitude:            -103.3777
Station altitude:             841.0 m
Regime:                       IMG
Component:                    
Matrix:                       pm25
Laboratory code:              US03L
Instrument type:              filterpack
Instrument name:              filterpack_US3500
Method ref:                   US03L_IMPROVE_Davis
starttime endtime Fe flag_Fe Pb flag_Pb Mg++ flag_Mg++ Ni flag_Ni NO3- flag_NO3- OC flag_OC OM flag_OM PM10 flag_PM10 PM10-PM2.5 flag_PM10-PM2.5 PM2.5 flag_PM2.5 K+ flag_K+ SO4-- flag_SO4--
[from data line 86]
258.291667 259.291667 9999.99 0.999 99.99 0.999000 9.999 0.999000 9.99 0.999000 9.999 0.999 99.999 0.999 99.999 0.999 999.999 0.999 999.999 0.999 999.999 0.999 9.999 0.999000 99.999 0.999
261.291667 262.291667 9999.99 0.999 99.99 0.999000 9.999 0.999000 9.99 0.999000 9.999 0.999 99.999 0.999 99.999 0.999 999.999 0.999 999.999 0.999 999.999 0.999 9.999 0.999000 99.999 0.999
264.291667 265.291667   17.45 0.000  0.12 0.000000 9.999 0.259000 9.99 0.259000 0.019 0.559  0.566 0.000  0.793 0.000   7.346 0.000   5.090 0.000   2.256 0.000 0.018 0.000000  0.183 0.559
267.291667 268.291667 9999.99 0.999 99.99 0.999000 9.999 0.999000 9.99 0.999000 9.999 0.999 99.999 0.999 99.999 0.999 999.999 0.999 999.999 0.999 999.999 0.999 9.999 0.999000 99.999 0.999
270.291667 271.291667 9999.99 0.999 99.99 0.999000 9.999 0.999000 9.99 0.999000 9.999 0.999 99.999 0.999 99.999 0.999 999.999 0.999 999.999 0.999 999.999 0.999 9.999 0.999000 99.999 0.999
273.291667 274.291667 9999.99 0.999 99.99 0.999000 9.999 0.999000 9.99 0.999000 9.999 0.999 99.999 0.999 99.999 0.999 999.999 0.999 999.999 0.999 999.999 0.999 9.999 0.999000 99.999 0.999
276.291667 277.291667   58.14 0.000 99.99 0.259000 9.999 0.259000 9.99 0.259000 0.014 0.559  0.350 0.000  0.490 0.000  13.642 0.000  11.624 0.000   2.018 0.000 9.999 0.259000  0.119 0.559
279.291667 280.291667   85.16 0.000  0.30 0.000000 9.999 0.259000 9.99 0.259000 0.024 0.000  0.723 0.000  1.013 0.000  12.214 0.000   8.408 0.000   3.806 0.000 0.031 0.000000  0.253 0.000
282.291667 283.291667   64.22 0.000  0.23 0.000000 9.999 0.259000 9.99 0.259000 0.017 0.559  0.416 0.000  0.582 0.000   9.232 0.000   6.699 0.000   2.533 0.000 0.030 0.000000  0.175 0.559
285.291667 286.291667   24.79 0.000 99.99 0.259000 9.999 0.259000 9.99 0.259000 0.011 0.000  0.349 0.000  0.488 0.000  10.580 0.000   8.910 0.000   1.670 0.000 0.014 0.000000  0.111 0.000
288.291667 289.291667   65.66 0.000  0.34 0.000000 9.999 0.259000 9.99 0.259000 0.021 0.000  0.469 0.000  0.657 0.000   9.509 0.000   6.840 0.000   2.669 0.000 0.036 0.000000  0.162 0.000
291.291667 292.291667   83.33 0.000 99.99 0.259000 9.999 0.259000 9.99 0.259000 0.011 0.000  0.532 0.000  0.744 0.000   8.835 0.000   6.792 0.000   2.042 0.000 0.030 0.000000  0.082 0.000
294.291667 295.291667   62.27 0.000  0.42 0.000000 9.999 0.259000 9.99 0.259000 0.018 0.000  0.337 0.000  0.471 0.000   7.271 0.000   5.105 0.000   2.166 0.000 0.026 0.000000  0.104 0.000
297.291667 298.291667   26.12 0.000  1.28 0.000000 9.999 0.259000 9.99 0.259000 0.164 0.000  1.037 0.000  1.452 0.000   7.192 0.000   1.223 0.000   5.970 0.000 0.028 0.000000  0.819 0.000
300.291667 301.291667   35.60 0.000  0.81 0.000000 9.999 0.259000 9.99 0.259000 0.076 0.000  0.544 0.000  0.761 0.000   4.972 0.000   2.860 0.000   2.112 0.000 0.045 0.000000  0.106 0.000
303.291667 304.291667   72.25 0.000  1.23 0.000000 9.999 0.259000 9.99 0.259000 0.118 0.000  0.915 0.000  1.281 0.000  12.697 0.000   8.410 0.000   4.287 0.000 0.046 0.000000  0.322 0.000
306.291667 307.291667   89.94 0.000  0.40 0.000000 9.999 0.259000 9.99 0.259000 0.011 0.000  0.528 0.000  0.740 0.000   7.314 0.000   5.687 0.000   1.627 0.000 0.028 0.000000  0.078 0.000
309.291667 310.291667   89.36 0.000  2.19 0.000000 9.999 0.259000 9.99 0.259000 0.300 0.000  1.876 0.000  2.626 0.000  16.568 0.000   9.203 0.000   7.365 0.000 0.175 0.000000  0.384 0.000
312.291667 313.291667   87.44 0.000  0.74 0.000000 9.999 0.259000 9.99 0.259000 0.019 0.000  0.553 0.000  0.774 0.000  10.907 0.000   8.310 0.000   2.597 0.000 0.037 0.000000  0.124 0.000
315.291667 316.291667  173.16 0.000  0.60 0.000000 9.999 0.259000 9.99 0.259000 0.163 0.000  0.946 0.000  1.324 0.000  18.491 0.000  13.201 0.000   5.290 0.000 0.041 0.000000  0.407 0.000
318.291667 319.291667  252.19 0.559  0.31 0.559000 9.999 0.559259 9.99 0.559259 0.018 0.000  0.772 0.000  1.080 0.000  21.326 0.000  16.659 0.000   4.668 0.559 9.999 0.559259  0.174 0.000
321.291667 322.291667   28.40 0.559 99.99 0.559259 9.999 0.559259 9.99 0.559259 0.030 0.559  0.229 0.000  0.320 0.000   4.630 0.000   3.382 0.000   1.247 0.559 0.020 0.559000  0.048 0.559
324.291667 325.291667  216.22 0.559  0.50 0.559000 9.999 0.559259 9.99 0.559259 0.026 0.000  0.705 0.000  0.987 0.000  22.929 0.000  18.271 0.000   4.658 0.559 0.048 0.559000  0.143 0.000
327.291667 328.291667    9.78 0.000  1.26 0.000000 9.999 0.259000 0.14 0.000000 0.167 0.000  0.659 0.000  0.923 0.000   5.994 0.000   2.492 0.000   3.502 0.000 0.029 0.000000  0.359 0.000
330.291667 331.291667    8.16 0.394 99.99 0.394259 9.999 0.394259 9.99 0.394259 0.066 0.394  0.046 0.000  0.064 0.000   3.625 0.000   1.823 0.000   1.802 0.000 0.008 0.394000  0.220 0.394
333.291667 334.291667   71.89 0.000  0.77 0.000000 9.999 0.259000 9.99 0.259000 0.618 0.559  0.779 0.000  1.091 0.000  13.224 0.000   6.279 0.000   6.944 0.000 0.026 0.000000  0.352 0.559
336.291667 337.291667   76.89 0.000  0.63 0.000000 9.999 0.259000 9.99 0.259000 0.036 0.000  0.494 0.000  0.692 0.000   6.739 0.000   4.632 0.000   2.107 0.000 0.016 0.000000  0.153 0.000
339.291667 340.291667   31.77 0.000  0.63 0.000000 9.999 0.259000 9.99 0.259000 0.102 0.000  0.849 0.000  1.188 0.000   4.299 0.000   1.771 0.000   2.528 0.000 0.013 0.000000  0.087 0.000
342.291667 343.291667   22.21 0.000  0.81 0.000000 9.999 0.259000 0.08 0.000000 0.075 0.000  0.453 0.000  0.634 0.000   3.844 0.000   1.990 0.000   1.854 0.000 0.012 0.000000  0.148 0.000
345.291667 346.291667  548.36 0.000  1.10 0.000000 9.999 0.259000 0.66 0.000000 0.466 0.000  0.562 0.000  0.787 0.000  11.285 0.000   5.471 0.000   5.813 0.000 0.026 0.000000  0.295 0.000
348.291667 349.291667   39.95 0.000  0.40 0.000000 9.999 0.259000 9.99 0.259000 0.135 0.000  0.456 0.000  0.639 0.000   4.506 0.000   2.313 0.000   2.193 0.000 0.012 0.000000  0.090 0.000
351.291667 352.291667  113.65 0.559  0.72 0.559000 9.999 0.559259 9.99 0.559259 0.024 0.000  0.334 0.000  0.467 0.000   8.943 0.000   6.384 0.000   2.559 0.559 0.028 0.559000  0.099 0.000
354.291667 355.291667   55.73 0.000  0.97 0.000000 9.999 0.259000 9.99 0.259000 0.524 0.559  0.643 0.000  0.900 0.000  12.442 0.000   6.583 0.000   5.859 0.000 0.026 0.000000  0.232 0.559
357.291667 358.291667   39.35 0.000  0.37 0.000000 9.999 0.259000 9.99 0.259000 0.320 0.000  0.484 0.000  0.678 0.000   5.994 0.000   2.491 0.000   3.502 0.000 0.017 0.000000  0.104 0.000
360.291667 361.291667   18.32 0.000 99.99 0.259000 9.999 0.259000 9.99 0.259000 9.999 0.999  0.242 0.000  0.339 0.000   3.285 0.000   1.220 0.000   2.065 0.000 0.008 0.000000 99.999 0.999
363.291667 364.291667   10.49 0.000  0.39 0.000000 9.999 0.259000 9.99 0.259000 0.121 0.559  0.268 0.000  0.375 0.000   3.096 0.000   0.781 0.000   2.315 0.000 0.010 0.000000  0.370 0.559
