scripts/IMPROVE-2019_partial/data/US3500R.20000101070000.20191216000000.filterpack..pm25.52w.1w.US03L_filterpack_US3500.US03L_IMPROVE_Davis.lev2.nas
64 1001
MISSING INFORMATION
US03L, IMPROVE, , , , , , , 
MISSING INFORMATION
IMPROVE sel_HTAP
1 1
2000 01 01 2019 12 16
0
days from file reference point
25
1 1 1 1 1 1 1 1 1 1 1 1 1 1 1 1 1 1 1 1 1 1 1 1 1
999.999999 9999.99 9.999 99.99 9.999999 9.999 9.999999 9.99 9.999999 9.999 9.999 99.999 9.999 999.999 9.999 999.999 9.999 999.999 9.999 999.999 9.999 9.999 9.999 9.999 9.999
end_time of measurement, days from the file reference point
iron, ng/m3, Revision date=20181210133000
numflag iron, no unit, Revision date=20181210133000
lead, ng/m3, Revision date=20181210133000
numflag lead, no unit, Revision date=20181210133000
magnesium, ug/m3, Revision date=20181210133000
numflag magnesium, no unit, Revision date=20181210133000
nickel, ng/m3, Revision date=20181210133000
numflag nickel, no unit, Revision date=20181210133000
nitrate, ug N/m3, Revision date=20181210133000
numflag nitrate, no unit, Revision date=20181210133000
organic_carbon, ug C/m3, Revision date=20181210133000
numflag organic_carbon, no unit, Revision date=20181210133000
organic_mass, ug/m3, Revision date=20181210133000
numflag organic_mass, no unit, Revision date=20181210133000
pm10_mass, ug/m3, Version=2, Version description=Data extracted from http://views.cira.colostate.edu/fed/DataWizard 2019-12-16, Sample duration=1d, Orig. time res.=3d, Matrix=pm10, Blank correction=Blank corrected, Volume std. temperature=ambient, Volume std. pressure=ambient
numflag pm10_mass, no unit, Version=2, Version description=Data extracted from http://views.cira.colostate.edu/fed/DataWizard 2019-12-16, Sample duration=1d, Orig. time res.=3d, Matrix=pm10, Blank correction=Blank corrected, Volume std. temperature=ambient, Volume std. pressure=ambient
pm10_pm25_mass, ug/m3, Revision date=20181210133000, Matrix=pm10_pm25
numflag pm10_pm25_mass, no unit, Revision date=20181210133000, Matrix=pm10_pm25
pm25_mass, ug/m3, Version=2, Version description=Data extracted from http://views.cira.colostate.edu/fed/DataWizard 2019-12-16, Sample duration=1d, Orig. time res.=3d, Blank correction=Blank corrected, Volume std. temperature=ambient, Volume std. pressure=ambient
numflag pm25_mass, no unit, Version=2, Version description=Data extracted from http://views.cira.colostate.edu/fed/DataWizard 2019-12-16, Sample duration=1d, Orig. time res.=3d, Blank correction=Blank corrected, Volume std. temperature=ambient, Volume std. pressure=ambient
potassium, ug/m3, Revision date=20181210133000
numflag potassium, no unit, Revision date=20181210133000
sulphate_total, ug S/m3, Revision date=20181210133000
numflag sulphate_total, no unit, Revision date=20181210133000
0
25
Data definition:              EBAS_1.1
Set type code:                TI
Timezone:                     UTC
File name:                    US3500R.20000101070000.20191216000000.filterpack..pm25.52w.1w.US03L_filterpack_US3500.US03L_IMPROVE_Davis.lev2.nas
File creation:                20191218120414
Startdate:                    20000101070000
Revision date:                20191216000000
Statistics:                   arithmetic mean
Data level:                   2
Period code:                  52w
Resolution code:              1w
Station code:                 US3500R
Platform code:                US3500S
Station name:                 Theodore Roosevelt National Park-Painted Canyon
Station latitude:             46.8947
Station longitude:            -103.3777
Station altitude:             841.0 m
Regime:                       IMG
Component:                    
Matrix:                       pm25
Laboratory code:              US03L
Instrument type:              filterpack
Instrument name:              filterpack_US3500
Method ref:                   US03L_IMPROVE_Davis
starttime endtime Fe flag_Fe Pb flag_Pb Mg++ flag_Mg++ Ni flag_Ni NO3- flag_NO3- OC flag_OC OM flag_OM PM10 flag_PM10 PM10-PM2.5 flag_PM10-PM2.5 PM2.5 flag_PM2.5 K+ flag_K+ SO4-- flag_SO4--
  0.291667   1.291667   28.04 0.000  0.82 0.000000 9.999 0.259000 9.99 0.259000 0.456 0.559  0.520 0.000   0.728 0.000  11.574 0.000   6.977 0.000   4.598 0.000 0.034 0.000 0.276 0.559
  4.291667   5.291667    6.05 0.000  0.29 0.000000 9.999 0.259000 9.99 0.259000 0.029 0.000  0.258 0.000   0.360 0.000   4.545 0.000   3.294 0.000   1.252 0.000 0.015 0.000 0.059 0.000
  7.291667   8.291667   27.52 0.000  0.51 0.000000 9.999 0.259000 9.99 0.259000 0.009 0.000  0.324 0.000   0.453 0.000   8.039 0.000   6.638 0.000   1.401 0.000 0.012 0.000 0.065 0.000
 11.291667  12.291667   13.88 0.000  0.93 0.000000 9.999 0.259000 9.99 0.259000 0.105 0.559  0.497 0.000   0.696 0.000   7.447 0.000   4.805 0.000   2.641 0.000 0.025 0.000 0.190 0.559
 14.291667  15.291667   27.16 0.000  3.15 0.000000 9.999 0.259000 9.99 0.259000 0.493 0.559  0.876 0.000   1.226 0.000  12.466 0.000   5.642 0.000   6.825 0.000 0.058 0.000 0.696 0.559
 18.291667  19.291667   26.24 0.000  2.45 0.000000 9.999 0.259000 9.99 0.259000 0.271 0.559  0.977 0.000   1.368 0.000  11.546 0.000   5.156 0.000   6.390 0.000 0.042 0.000 0.650 0.559
 21.291667  22.291667   11.54 0.000  0.27 0.000000 9.999 0.259000 9.99 0.259000 0.032 0.000  0.336 0.000   0.471 0.000   5.606 0.000   3.549 0.000   2.057 0.000 0.014 0.000 0.232 0.000
 25.291667  26.291667   25.47 0.000  0.20 0.000000 9.999 0.259000 9.99 0.259000 0.192 0.559  0.360 0.000   0.504 0.000   8.827 0.000   5.809 0.000   3.018 0.000 0.016 0.000 0.139 0.559
 28.291667  29.291667   13.87 0.000  1.27 0.000000 9.999 0.259000 9.99 0.259000 0.675 0.559  0.738 0.000   1.033 0.000  10.584 0.000   2.132 0.000   8.451 0.000 0.024 0.000 0.424 0.559
 32.291667  33.291667   14.83 0.000  0.38 0.000000 9.999 0.259000 9.99 0.259000 0.008 0.559  0.170 0.000   0.237 0.000   4.242 0.000   3.359 0.000   0.883 0.000 0.012 0.000 0.044 0.559
 35.291667  36.291667   63.64 0.000  0.56 0.000000 9.999 0.259000 9.99 0.259000 0.057 0.559  0.418 0.000   0.585 0.000  10.729 0.000   8.492 0.000   2.236 0.000 0.026 0.000 0.094 0.559
 39.291667  40.291667   39.86 0.000  0.77 0.000000 9.999 0.259000 9.99 0.259000 0.667 0.559  0.641 0.000   0.897 0.000  15.562 0.000   8.017 0.000   7.546 0.000 0.028 0.000 0.331 0.559
 42.291667  43.291667   14.64 0.000  4.88 0.000000 0.011 0.000000 0.08 0.000000 0.516 0.559  0.430 0.000   0.603 0.000  10.040 0.000   3.005 0.000   7.035 0.000 0.019 0.000 0.748 0.559
 46.291667  47.291667   16.31 0.000  2.75 0.000000 9.999 0.259000 9.99 0.259000 0.452 0.559  1.134 0.000   1.587 0.000  13.396 0.000   3.796 0.000   9.600 0.000 0.020 0.000 0.870 0.559
 49.291667  50.291667   11.96 0.000  0.35 0.000000 9.999 0.259000 9.99 0.259000 0.162 0.000  0.726 0.000   1.016 0.000   4.972 0.000   1.850 0.000   3.122 0.000 0.018 0.000 0.206 0.000
 53.291667  54.291667   27.06 0.000  1.41 0.000000 9.999 0.259000 9.99 0.259000 0.298 0.000  0.701 0.000   0.981 0.000   7.606 0.000   3.007 0.000   4.599 0.000 0.024 0.000 0.241 0.000
 56.291667  57.291667    7.33 0.000  0.27 0.000000 9.999 0.259000 9.99 0.259000 0.147 0.000  0.679 0.000   0.950 0.000   4.258 0.000   1.803 0.000   2.454 0.000 0.022 0.000 0.148 0.000
 60.291667  61.291667   30.91 0.000  0.51 0.000000 9.999 0.259000 9.99 0.259000 0.151 0.559  0.520 0.000   0.728 0.000   9.232 0.000   5.804 0.000   3.427 0.000 0.022 0.000 0.379 0.559
 63.291667  64.291667   38.62 0.000  0.72 0.000000 9.999 0.259000 9.99 0.259000 0.021 0.559  0.514 0.000   0.719 0.000   7.360 0.000   5.316 0.000   2.044 0.000 0.019 0.000 0.112 0.559
 67.291667  68.291667   11.61 0.000  0.55 0.000000 9.999 0.259000 9.99 0.259000 0.102 0.559  0.253 0.000   0.354 0.000   8.492 0.000   4.524 0.000   3.968 0.000 0.011 0.000 0.756 0.559
 70.291667  71.291667   22.69 0.000  0.76 0.000000 9.999 0.259000 9.99 0.259000 0.431 0.000  0.500 0.000   0.699 0.000  13.470 0.000   6.526 0.000   6.944 0.000 0.040 0.000 0.813 0.000
 74.291667  75.291667   18.57 0.000  0.44 0.000000 9.999 0.259000 9.99 0.259000 0.100 0.559  0.288 0.000   0.403 0.000   5.062 0.000   2.272 0.000   2.790 0.000 0.019 0.000 0.378 0.559
 77.291667  78.291667   24.54 0.000  0.23 0.000000 9.999 0.259000 9.99 0.259000 0.017 0.699  0.047 0.000   0.066 0.000   3.640 0.000   2.786 0.000   0.853 0.000 0.013 0.000 0.074 0.699
 81.291667  82.291667   40.98 0.000  0.67 0.000000 9.999 0.259000 9.99 0.259000 0.022 0.699  0.253 0.000   0.354 0.000   5.994 0.000   3.855 0.000   2.139 0.000 0.022 0.000 0.228 0.699
 84.291667  85.291667   32.13 0.000  1.14 0.000000 9.999 0.259000 9.99 0.259000 0.043 0.559  0.256 0.000   0.358 0.000   5.704 0.000   3.184 0.000   2.520 0.000 0.026 0.000 0.309 0.559
 88.291667  89.291667   24.10 0.000  0.44 0.000000 9.999 0.259000 9.99 0.259000 0.051 0.000  0.407 0.000   0.570 0.000   5.556 0.000   2.903 0.000   2.653 0.000 0.022 0.000 0.234 0.000
 91.291667  92.291667   26.41 0.000  0.55 0.000000 9.999 0.259000 9.99 0.259000 0.033 0.000  0.624 0.000   0.874 0.000   4.494 0.000   2.556 0.000   1.937 0.000 0.018 0.000 0.147 0.000
 95.291667  96.291667   49.63 0.000  0.49 0.000000 9.999 0.259000 9.99 0.259000 0.017 0.000  0.643 0.000   0.900 0.000  17.487 0.000  13.726 0.000   3.760 0.000 0.034 0.000 0.222 0.000
 98.291667  99.291667   25.91 0.000  0.74 0.000000 9.999 0.259000 9.99 0.259000 0.030 0.000  0.533 0.000   0.746 0.000   4.853 0.000   1.851 0.000   3.002 0.000 0.023 0.000 0.198 0.000
102.291667 103.291667   52.93 0.000  0.93 0.000000 9.999 0.259000 9.99 0.259000 0.093 0.559  0.597 0.000   0.835 0.000  13.145 0.000   8.871 0.000   4.274 0.000 0.039 0.000 0.417 0.559
105.291667 106.291667   19.08 0.000  0.81 0.000000 9.999 0.259000 9.99 0.259000 0.329 0.559  0.382 0.000   0.535 0.000   6.738 0.000   2.002 0.000   4.736 0.000 0.015 0.000 0.358 0.559
109.291667 110.291667  159.57 0.000  4.27 0.000000 9.999 0.259000 9.99 0.259000 0.101 0.000  0.814 0.000   1.140 0.000  21.446 0.000  13.467 0.000   7.979 0.000 0.156 0.000 0.581 0.000
112.291667 113.291667  136.35 0.000  1.30 0.000000 9.999 0.259000 9.99 0.259000 0.099 0.559  1.607 0.000   2.249 0.000  22.508 0.000  15.002 0.000   7.506 0.000 0.138 0.000 0.335 0.559
116.291667 117.291667   47.49 0.000  1.26 0.000000 9.999 0.259000 9.99 0.259000 0.045 0.559  0.750 0.000   1.050 0.000   8.610 0.000   5.341 0.000   3.268 0.000 0.037 0.000 0.242 0.559
119.291667 120.291667   29.15 0.000  0.96 0.000000 9.999 0.259000 9.99 0.259000 0.120 0.559  0.906 0.000   1.269 0.000   8.772 0.000   4.939 0.000   3.832 0.000 0.040 0.000 0.230 0.559
123.291667 124.291667  155.07 0.000  1.19 0.000000 9.999 0.259000 9.99 0.259000 0.042 0.000  1.448 0.000   2.028 0.000  20.258 0.000  14.619 0.000   5.639 0.000 0.091 0.000 0.184 0.000
126.291667 127.291667   59.44 0.000  0.67 0.000000 9.999 0.259000 9.99 0.259000 0.051 0.000  1.170 0.000   1.638 0.000   8.629 0.000   5.245 0.000   3.384 0.000 0.051 0.000 0.165 0.000
130.291667 131.291667   45.70 0.000  0.67 0.000000 9.999 0.259000 9.99 0.259000 0.042 0.000  0.832 0.000   1.165 0.000   6.904 0.000   3.683 0.000   3.221 0.000 0.031 0.000 0.229 0.000
133.291667 134.291667   34.92 0.000  1.31 0.000000 9.999 0.259000 9.99 0.259000 0.078 0.559  0.910 0.000   1.274 0.000   7.639 0.000   3.513 0.000   4.126 0.000 0.032 0.000 0.462 0.559
137.291667 138.291667   30.83 0.000  1.29 0.000000 9.999 0.259000 0.08 0.000000 0.211 0.000  0.868 0.000   1.215 0.000  14.011 0.000   8.322 0.000   5.690 0.000 0.030 0.000 0.666 0.000
140.291667 141.291667   42.19 0.000  0.67 0.000000 9.999 0.259000 9.99 0.259000 0.040 0.000  0.961 0.000   1.345 0.000   9.191 0.000   5.042 0.000   4.149 0.000 0.035 0.000 0.309 0.000
144.291667 145.291667   38.81 0.000  0.36 0.000000 9.999 0.259000 9.99 0.259000 0.016 0.559  0.810 0.000   1.134 0.000  13.235 0.000   9.872 0.000   3.363 0.000 0.029 0.000 0.190 0.559
147.291667 148.291667 9999.99 0.999 99.99 0.999000 9.999 0.999000 9.99 0.999000 9.999 0.999 99.999 0.999 999.999 0.999 999.999 0.999 999.999 0.999 999.999 0.999 9.999 0.999 9.999 0.999
151.291667 152.291667 9999.99 0.999 99.99 0.999000 9.999 0.999000 9.99 0.999000 9.999 0.999 99.999 0.999 999.999 0.999 999.999 0.999 999.999 0.999 999.999 0.999 9.999 0.999 9.999 0.999
154.291667 155.291667 9999.99 0.999 99.99 0.999000 9.999 0.999000 9.99 0.999000 9.999 0.999 99.999 0.999 999.999 0.999 999.999 0.999 999.999 0.999 999.999 0.999 9.999 0.999 9.999 0.999
158.291667 159.291667   80.12 0.000  1.21 0.000000 9.999 0.259000 9.99 0.259000 0.035 0.000  1.196 0.000   1.675 0.000  18.105 0.000  12.889 0.000   5.216 0.000 0.032 0.000 0.254 0.000
161.291667 162.291667   26.43 0.000  0.26 0.000000 9.999 0.259000 9.99 0.259000 0.040 0.000  0.517 0.000   0.724 0.000   7.771 0.000   5.051 0.000   2.720 0.000 0.020 0.000 0.147 0.000
165.291667 166.291667   13.00 0.000  1.15 0.000000 9.999 0.259000 9.99 0.259000 0.041 0.699  0.617 0.000   0.864 0.000   8.547 0.000   4.446 0.000   4.101 0.000 0.010 0.000 0.337 0.699
168.291667 169.291667   12.54 0.000 99.99 0.259000 0.005 0.000000 9.99 0.259000 0.015 0.699  0.338 0.000   0.473 0.000   3.369 0.000   1.604 0.000   1.765 0.000 0.007 0.000 0.151 0.699
172.291667 173.291667   36.59 0.000 99.99 0.259000 9.999 0.259000 9.99 0.259000 0.011 0.000  0.682 0.000   0.955 0.000  13.399 0.000  10.178 0.000   3.221 0.000 0.019 0.000 0.215 0.000
175.291667 176.291667   34.67 0.000 99.99 0.259000 9.999 0.259000 9.99 0.259000 0.018 0.559  1.053 0.000   1.474 0.000  10.989 0.000   7.648 0.000   3.340 0.000 0.013 0.000 0.252 0.559
179.291667 180.291667   64.40 0.000 99.99 0.259000 9.999 0.259000 9.99 0.259000 0.012 0.000  0.492 0.000   0.688 0.000   9.163 0.000   5.781 0.000   3.382 0.000 0.022 0.000 0.158 0.000
182.291667 183.291667   87.26 0.000  0.20 0.000000 9.999 0.259000 9.99 0.259000 0.014 0.000  2.062 0.000   2.887 0.000  17.053 0.000  10.638 0.000   6.415 0.000 0.070 0.000 0.179 0.000
186.291667 187.291667   31.12 0.000 99.99 0.259000 9.999 0.259000 9.99 0.259000 0.015 0.559  0.482 0.000   0.675 0.000   8.136 0.000   4.891 0.000   3.245 0.000 0.021 0.000 0.224 0.559
189.291667 190.291667   41.41 0.000  0.35 0.000000 9.999 0.259000 9.99 0.259000 0.042 0.559  1.032 0.000   1.445 0.000  14.300 0.000   8.085 0.000   6.215 0.000 0.031 0.000 0.471 0.559
193.291667 194.291667   37.56 0.000 99.99 0.259000 9.999 0.259000 9.99 0.259000 0.012 0.000 99.999 0.999 999.999 0.999  11.409 0.000   7.594 0.000   3.815 0.000 0.016 0.000 0.189 0.000
196.291667 197.291667   62.23 0.000 99.99 0.259000 9.999 0.259000 9.99 0.259000 0.027 0.000 99.999 0.999 999.999 0.999  23.148 0.000  16.450 0.000   6.699 0.000 0.054 0.000 0.319 0.000
200.291667 201.291667   10.11 0.000  0.26 0.000000 9.999 0.259000 9.99 0.259000 0.014 0.559  0.433 0.000   0.606 0.000   6.051 0.000   2.430 0.000   3.621 0.000 0.006 0.000 0.184 0.559
203.291667 204.291667   30.34 0.559 99.99 0.559259 9.999 0.559259 9.99 0.559259 0.017 0.559  0.865 0.000   1.211 0.000  10.437 0.000   6.150 0.000   4.287 0.559 0.009 0.559 0.156 0.559
207.291667 208.291667   83.72 0.000 99.99 0.259000 9.999 0.259000 9.99 0.259000 0.036 0.000  1.070 0.000   1.497 0.000  18.162 0.000  12.685 0.000   5.478 0.000 0.026 0.000 0.343 0.000
210.291667 211.291667   79.79 0.000  0.17 0.000000 9.999 0.259000 9.99 0.259000 0.019 0.000  1.429 0.000   2.000 0.000  17.752 0.000  11.341 0.000   6.410 0.000 0.042 0.000 0.331 0.000
214.291667 215.291667   90.70 0.000  0.08 0.000000 9.999 0.259000 9.99 0.259000 0.021 0.559  1.940 0.000   2.716 0.000  20.268 0.000  13.828 0.000   6.440 0.000 0.056 0.000 0.146 0.559
217.291667 218.291667   40.94 0.559 99.99 0.559259 9.999 0.559259 9.99 0.559259 0.020 0.559  4.692 0.000   6.569 0.000  22.125 0.000  11.266 0.000  10.860 0.559 0.067 0.559 0.259 0.559
221.291667 222.291667  147.03 0.000 99.99 0.259000 9.999 0.259000 9.99 0.259000 0.018 0.000  2.493 0.000   3.490 0.000  26.762 0.000  18.521 0.000   8.241 0.000 0.068 0.000 0.227 0.000
224.291667 225.291667   57.52 0.000 99.99 0.259000 9.999 0.259000 9.99 0.259000 0.016 0.000  2.734 0.000   3.828 0.000  17.669 0.000  10.784 0.000   6.885 0.000 0.062 0.000 0.166 0.000
228.291667 229.291667   82.46 0.000  0.03 0.000000 9.999 0.259000 9.99 0.259000 0.019 0.559  1.826 0.000   2.557 0.000  23.956 0.000  17.460 0.000   6.496 0.000 0.039 0.000 0.193 0.559
231.291667 232.291667   97.90 0.000 99.99 0.259000 9.999 0.259000 9.99 0.259000 0.045 0.559  3.815 0.000   5.341 0.000  27.654 0.000  16.351 0.000  11.303 0.000 0.091 0.000 0.519 0.559
235.291667 236.291667  130.71 0.000  0.86 0.000000 9.999 0.259000 9.99 0.259000 0.022 0.559  2.658 0.000   3.722 0.000  28.626 0.000  17.932 0.000  10.693 0.000 0.055 0.000 0.506 0.559
238.291667 239.291667  146.69 0.000 99.99 0.259000 9.999 0.259000 9.99 0.259000 0.045 0.559  7.617 0.000  10.665 0.000  45.570 0.000  27.485 0.000  18.085 0.000 0.219 0.000 0.356 0.559
243.291667 244.291667 9999.99 0.999 99.99 0.999000 9.999 0.999000 9.99 0.999000 9.999 0.999 99.999 0.999 999.999 0.999 999.999 0.999 999.999 0.999 999.999 0.999 9.999 0.999 9.999 0.999
246.291667 247.291667 9999.99 0.999 99.99 0.999000 9.999 0.999000 9.99 0.999000 9.999 0.999 99.999 0.999 999.999 0.999 999.999 0.999 999.999 0.999 999.999 0.999 9.999 0.999 9.999 0.999
249.291667 250.291667 9999.99 0.999 99.99 0.999000 9.999 0.999000 9.99 0.999000 9.999 0.999 99.999 0.999 999.999 0.999 999.999 0.999 999.999 0.999 999.999 0.999 9.999 0.999 9.999 0.999
252.291667 253.291667 9999.99 0.999 99.99 0.999000 9.999 0.999000 9.99 0.999000 9.999 0.999 99.999 0.999 999.999 0.999 999.999 0.999 999.999 0.999 999.999 0.999 9.999 0.999 9.999 0.999
255.291667 256.291667 9999.99 0.999 99.99 0.999000 9.999 0.999000 9.99 0.999000 9.999 0.999 99.999 0.999 999.999 0.999 999.999 0.999 999.999 0.999 999.999 0.999 9.999 0.999 9.999 0.999
258.291667 259.291667 9999.99 0.999 99.99 0.999000 9.999 0.999000 9.99 0.999000 9.999 0.999 99.999 0.999 999.999 0.999 999.999 0.999 999.999 0.999 999.999 0.999 9.999 0.999 9.999 0.999
261.291667 262.291667 9999.99 0.999 99.99 0.999000 9.999 0.999000 9.99 0.999000 9.999 0.999 99.999 0.999 999.999 0.999 999.999 0.999 999.999 0.999 999.999 0.999 9.999 0.999 9.999 0.999
264.291667 265.291667 9999.99 0.999 99.99 0.999000 9.999 0.999000 9.99 0.999000 9.999 0.999 99.999 0.999 999.999 0.999 999.999 0.999 999.999 0.999 999.999 0.999 9.999 0.999 9.999 0.999
267.291667 268.291667 9999.99 0.999 99.99 0.999000 9.999 0.999000 9.99 0.999000 9.999 0.999 99.999 0.999 999.999 0.999 999.999 0.999 999.999 0.999 999.999 0.999 9.999 0.999 9.999 0.999
270.291667 271.291667 9999.99 0.999 99.99 0.999000 9.999 0.999000 9.99 0.999000 9.999 0.999 99.999 0.999 999.999 0.999 999.999 0.999 999.999 0.999 999.999 0.999 9.999 0.999 9.999 0.999
273.291667 274.291667 9999.99 0.999 99.99 0.999000 9.999 0.999000 9.99 0.999000 9.999 0.999 99.999 0.999 999.999 0.999 999.999 0.999 999.999 0.999 999.999 0.999 9.999 0.999 9.999 0.999
276.291667 277.291667 9999.99 0.999 99.99 0.999000 9.999 0.999000 9.99 0.999000 9.999 0.999 99.999 0.999 999.999 0.999 999.999 0.999 999.999 0.999 999.999 0.999 9.999 0.999 9.999 0.999
279.291667 280.291667   24.32 0.559 99.99 0.559259 9.999 0.559259 9.99 0.559259 0.044 0.000  0.382 0.000   0.535 0.000   5.870 0.000   2.973 0.000   2.896 0.559 0.024 0.559 0.335 0.000
282.291667 283.291667   76.85 0.000  0.42 0.000000 9.999 0.259000 9.99 0.259000 0.048 0.000  0.553 0.000   0.775 0.000  11.928 0.000   7.888 0.000   4.040 0.000 0.039 0.000 0.369 0.000
285.291667 286.291667   96.20 0.559  0.17 0.559000 9.999 0.559259 9.99 0.559259 0.062 0.000  1.274 0.000   1.784 0.000  13.889 0.000   8.118 0.000   5.771 0.559 0.087 0.559 0.451 0.000
288.291667 289.291667   45.40 0.000  0.67 0.000000 9.999 0.259000 9.99 0.259000 0.123 0.000  0.965 0.000   1.351 0.000   8.553 0.000   3.819 0.000   4.735 0.000 0.062 0.000 0.488 0.000
291.291667 292.291667  177.19 0.559  0.45 0.559000 9.999 0.559259 9.99 0.559259 0.017 0.000  0.747 0.000   1.046 0.000  15.520 0.000  10.846 0.000   4.674 0.559 0.063 0.559 0.189 0.000
