scripts/IMPROVE-2019_partial/data/US3500R.20000101070000.20191216000000.filterpack..pm25.52w.1w.US03L_filterpack_US3500.US03L_IMPROVE_Davis.lev2.nas
64 1001
MISSING INFORMATION
US03L, IMPROVE, , , , , , , 
MISSING INFORMATION
IMPROVE sel_HTAP
1 1
2000 01 01 2019 12 16
0
days from file reference point
25
1 1 1 1 1 1 1 1 1 1 1 1 1 1 1 1 1 1 1 1 1 1 1 1 1
999.999999 9999.99 9.999 99.99 9.999999 9.999 9.999999 9.99 9.999999 9.999 9.999 99.999 9.999 999.999 9.999 999.999 9.999 999.999 9.999 999.999 9.999 9.999 9.999 9.999 9.999
end_time of measurement, days from the file reference point
iron, ng/m3, Revision date=20181210133000
numflag iron, no unit, Revision date=20181210133000
lead, ng/m3, Revision date=20181210133000
numflag lead, no unit, Revision date=20181210133000
magnesium, ug/m3, Revision date=20181210133000
numflag magnesium, no unit, Revision date=20181210133000
nickel, ng/m3, Revision date=20181210133000
numflag nickel, no unit, Revision date=20181210133000
nitrate, ug N/m3, Revision date=20181210133000
numflag nitrate, no unit, Revision date=20181210133000
organic_carbon, ug C/m3, Revision date=20181210133000
numflag organic_carbon, no unit, Revision date=20181210133000
organic_mass, ug/m3, Revision date=20181210133000
numflag organic_mass, no unit, Revision date=20181210133000
pm10_mass, ug/m3, Version=2, Version description=Data extracted from http://views.cira.colostate.edu/fed/DataWizard 2019-12-16, Sample duration=1d, Orig. time res.=3d, Matrix=pm10, Blank correction=Blank corrected, Volume std. temperature=ambient, Volume std. pressure=ambient
numflag pm10_mass, no unit, Version=2, Version description=Data extracted from http://views.cira.colostate.edu/fed/DataWizard 2019-12-16, Sample duration=1d, Orig. time res.=3d, Matrix=pm10, Blank correction=Blank corrected, Volume std. temperature=ambient, Volume std. pressure=ambient
pm10_pm25_mass, ug/m3, Revision date=20181210133000, Matrix=pm10_pm25
numflag pm10_pm25_mass, no unit, Revision date=20181210133000, Matrix=pm10_pm25
pm25_mass, ug/m3, Version=2, Version description=Data extracted from http://views.cira.colostate.edu/fed/DataWizard 2019-12-16, Sample duration=1d, Orig. time res.=3d, Blank correction=Blank corrected, Volume std. temperature=ambient, Volume std. pressure=ambient
numflag pm25_mass, no unit, Version=2, Version description=Data extracted from http://views.cira.colostate.edu/fed/DataWizard 2019-12-16, Sample duration=1d, Orig. time res.=3d, Blank correction=Blank corrected, Volume std. temperature=ambient, Volume std. pressure=ambient
potassium, ug/m3, Revision date=20181210133000
numflag potassium, no unit, Revision date=20181210133000
sulphate_total, ug S/m3, Revision date=20181210133000
numflag sulphate_total, no unit, Revision date=20181210133000
0
25
Data definition:              EBAS_1.1
Set type code:                TI
Timezone:                     UTC
File name:                    US3500R.20000101070000.20191216000000.filterpack..pm25.52w.1w.US03L_filterpack_US3500.US03L_IMPROVE_Davis.lev2.nas
File creation:                20191218120414
Startdate:                    20000101070000
Revision date:                20191216000000
Statistics:                   arithmetic mean
Data level:                   2
Period code:                  52w
Resolution code:              1w
Station code:                 US3500R
Platform code:                US3500S
Station name:                 Theodore Roosevelt National Park-Painted Canyon
Station latitude:             46.8947
Station longitude:            -103.3777
Station altitude:             841.0 m
Regime:                       IMG
Component:                    
Matrix:                       pm25
Laboratory code:              US03L
Instrument type:              filterpack
Instrument name:              filterpack_US3500
Method ref:                   US03L_IMPROVE_Davis
starttime endtime Fe flag_Fe Pb flag_Pb Mg++ flag_Mg++ Ni flag_Ni NO3- flag_NO3- OC flag_OC OM flag_OM PM10 flag_PM10 PM10-PM2.5 flag_PM10-PM2.5 PM2.5 flag_PM2.5 K+ flag_K+ SO4-- flag_SO4--
[from data line 87]
297.291667 298.291667   63.45 0.000  0.09 0.000000 9.999 0.259000 9.99 0.259000 0.093 0.000  0.858 0.000   1.201 0.000  11.781 0.000   7.252 0.000   4.529 0.000 0.092 0.000 0.332 0.000
300.291667 301.291667   19.54 0.000  0.60 0.000000 9.999 0.259000 9.99 0.259000 0.203 0.000  0.511 0.000   0.715 0.000   9.780 0.000   4.706 0.000   5.074 0.000 0.042 0.000 0.538 0.000
303.291667 304.291667    8.41 0.000  0.37 0.000000 9.999 0.259000 9.99 0.259000 0.191 0.000  0.573 0.000   0.802 0.000   6.250 0.000   3.283 0.000   2.967 0.000 0.008 0.000 0.328 0.000
306.291667 307.291667    5.98 0.000  0.36 0.000000 0.016 0.000000 9.99 0.259000 0.074 0.000  0.379 0.000   0.530 0.000   3.265 0.000   1.808 0.000   1.457 0.000 0.023 0.000 0.132 0.000
309.291667 310.291667   14.91 0.000  0.18 0.000000 9.999 0.259000 9.99 0.259000 0.039 0.000  0.247 0.000   0.345 0.000   5.952 0.000   4.526 0.000   1.426 0.000 0.018 0.000 0.128 0.000
312.291667 313.291667   16.45 0.000  0.41 0.000000 9.999 0.259000 9.99 0.259000 0.095 0.559  0.168 0.000   0.235 0.000   5.606 0.000   3.474 0.000   2.132 0.000 0.020 0.000 0.196 0.559
315.291667 316.291667   11.26 0.000  1.56 0.000000 9.999 0.259000 9.99 0.259000 0.147 0.000  0.595 0.000   0.832 0.000   5.003 0.000   1.656 0.000   3.347 0.000 0.030 0.000 0.371 0.000
318.291667 319.291667   12.06 0.000  0.77 0.000000 9.999 0.259000 9.99 0.259000 0.246 0.000  1.615 0.000   2.261 0.000   7.426 0.000   1.751 0.000   5.675 0.000 0.024 0.000 0.322 0.000
321.291667 322.291667   13.82 0.000  0.26 0.000000 0.031 0.000000 9.99 0.259000 0.215 0.000  1.252 0.000   1.753 0.000   8.899 0.000   3.755 0.000   5.144 0.000 0.041 0.000 0.359 0.000
324.291667 325.291667    9.67 0.000  0.38 0.000000 9.999 0.259000 9.99 0.259000 0.241 0.000  0.828 0.000   1.159 0.000   4.978 0.000   0.863 0.000   4.115 0.000 0.022 0.000 0.289 0.000
327.291667 328.291667   36.67 0.000  0.60 0.000000 9.999 0.259000 9.99 0.259000 0.444 0.000  0.473 0.000   0.662 0.000   7.416 0.000   2.744 0.000   4.672 0.000 0.019 0.000 0.213 0.000
330.291667 331.291667   14.20 0.000  0.29 0.000000 9.999 0.259000 0.05 0.000000 0.057 0.000  0.407 0.000   0.570 0.000   2.854 0.000   1.286 0.000   1.568 0.000 0.013 0.000 0.100 0.000
333.291667 334.291667   28.10 0.559  0.79 0.559000 0.028 0.559000 9.99 0.559259 0.336 0.000  0.766 0.000   1.073 0.000   7.962 0.000   3.828 0.000   4.134 0.559 0.029 0.559 0.149 0.000
336.291667 337.291667   12.34 0.000  0.86 0.000000 0.017 0.000000 9.99 0.259000 0.479 0.000  0.579 0.000   0.810 0.000   7.073 0.000   1.377 0.000   5.696 0.000 0.010 0.000 0.498 0.000
339.291667 340.291667   10.66 0.000 99.99 0.259000 9.999 0.259000 9.99 0.259000 0.282 0.000  0.397 0.000   0.556 0.000   4.755 0.000   0.802 0.000   3.953 0.000 0.013 0.000 0.351 0.000
342.291667 343.291667    8.91 0.000 99.99 0.259000 9.999 0.259000 9.99 0.259000 0.097 0.000  0.310 0.000   0.433 0.000   3.296 0.000   1.504 0.000   1.792 0.000 0.007 0.000 0.238 0.000
345.291667 346.291667    7.29 0.000  0.29 0.000000 9.999 0.259000 0.05 0.000000 0.156 0.000  0.400 0.000   0.560 0.000   3.049 0.000   0.895 0.000   2.154 0.000 0.011 0.000 0.173 0.000
348.291667 349.291667   28.37 0.000  0.64 0.000000 9.999 0.259000 9.99 0.259000 0.359 0.000  0.797 0.000   1.116 0.000   9.592 0.000   4.400 0.000   5.192 0.000 0.016 0.000 0.418 0.000
351.291667 352.291667   43.73 0.000  0.78 0.000000 9.999 0.259000 9.99 0.259000 0.096 0.000  0.709 0.000   0.992 0.000  14.334 0.000  11.081 0.000   3.253 0.000 0.035 0.000 0.263 0.000
354.291667 355.291667   57.32 0.000  3.24 0.000000 9.999 0.259000 9.99 0.259000 0.097 0.559  0.580 0.000   0.812 0.000   9.373 0.000   5.518 0.000   3.854 0.000 0.045 0.000 0.218 0.559
357.291667 358.291667   14.81 0.000  0.73 0.000000 9.999 0.259000 9.99 0.259000 0.104 0.000  0.668 0.000   0.935 0.000   6.250 0.000   2.615 0.000   3.635 0.000 0.025 0.000 0.463 0.000
360.291667 361.291667   19.11 0.000  0.36 0.000000 9.999 0.259000 9.99 0.259000 0.162 0.559  0.662 0.000   0.927 0.000   5.230 0.000   2.338 0.000   2.891 0.000 0.007 0.000 0.238 0.559
363.291667 364.291667    2.92 0.000  0.27 0.000000 9.999 0.259000 9.99 0.259000 0.064 0.559  0.406 0.000   0.568 0.000   5.230 0.000   2.786 0.000   2.443 0.000 0.009 0.000 0.363 0.559
