scripts/IMPROVE-2019_partial/data/US3500R.20140102070000.20191216000000.filterpack...52w.3d.US03L_filterpack_US3500.US03L_IMPROVE_Davis.lev2.nas
51 1001
MISSING INFORMATION
US03L, IMPROVE, , , , , , , 
MISSING INFORMATION
IMPROVE sel_HTAP
1 1
2014 01 01 2019 12 16
3.000000
days from file reference point
4
1 1 1 1
999.999999 999.999 999.999 9.999
end_time of measurement, days from the file reference point
pm10_mass, ug/m3, Matrix=pm10
pm25_mass, ug/m3, Matrix=pm25
numflag, no unit
0
33
Data definition:              EBAS_1.1
Set type code:                TU
Timezone:                     UTC
File name:                    US3500R.20140102070000.20191216000000.filterpack...52w.3d.US03L_filterpack_US3500.US03L_IMPROVE_Davis.lev2.nas
File creation:                20191218120416
Startdate:                    20140102070000
Revision date:                20191216000000
Version:                      2
Version description:          "Data extracted from http://views.cira.colostate.edu/fed/DataWizard 2019-12-16"
Statistics:                   arithmetic mean
Data level:                   2
Period code:                  52w
Resolution code:              3d
Sample duration:              1d
Orig. time res.:              3d
Station code:                 US3500R
Platform code:                US3500S
Station name:                 Theodore Roosevelt National Park-Painted Canyon
Station latitude:             46.8947
Station longitude:            -103.3777
Station altitude:             841.0 m
Regime:                       IMG
Component:                    
Unit:                         ug/m3
Matrix:                       
Laboratory code:              US03L
Instrument type:              filterpack
Instrument name:              filterpack_US3500
Method ref:                   US03L_IMPROVE_Davis
Blank correction:             Blank corrected
Volume std. temperature:      ambient
Volume std. pressure:         ambient
starttime endtime PM10 PM2.5 flag
  1.291667   2.291667   3.843   3.458 0.000
  4.291667   5.291667   4.495   1.312 0.000
  7.291667   8.291667   4.107   2.569 0.000
 10.291667  11.291667   2.555   0.704 0.000
 13.291667  14.291667   1.759   0.674 0.000
 16.291667  17.291667   4.349   1.029 0.000
 19.291667  20.291667   7.135   1.611 0.000
 22.291667  23.291667   6.906   1.935 0.000
 25.291667  26.291667  10.453   1.161 0.000
 28.291667  29.291667   8.338   2.404 0.000
 31.291667  32.291667   3.991   1.416 0.000
 34.291667  35.291667   4.347   1.134 0.000
 37.291667  38.291667   4.639   2.399 0.000
 40.291667  41.291667   8.419   4.494 0.000
 43.291667  44.291667  11.249   5.367 0.000
 46.291667  47.291667   5.338   4.325 0.000
 49.291667  50.291667   2.168   0.487 0.000
 52.291667  53.291667   4.701   2.534 0.000
 55.291667  56.291667   4.017   2.586 0.000
 58.291667  59.291667  10.274   3.492 0.000
 61.291667  62.291667   9.016   4.153 0.000
 64.291667  65.291667   7.543   4.276 0.000
 67.291667  68.291667   2.790   0.905 0.000
 70.291667  71.291667   2.606   1.116 0.000
 73.291667  74.291667   5.360   3.467 0.000
 76.291667  77.291667   6.378   3.104 0.000
 79.291667  80.291667   5.736   2.828 0.000
 82.291667  83.291667   8.466   3.571 0.000
 85.291667  86.291667  15.892   4.787 0.000
 88.291667  89.291667   6.394   3.605 0.000
 91.291667  92.291667   6.017   3.107 0.000
 94.291667  95.291667   5.506   2.297 0.000
 97.291667  98.291667   8.607   2.684 0.000
100.291667 101.291667  13.430   3.014 0.000
103.291667 104.291667   6.798   3.161 0.000
106.291667 107.291667  14.741   5.482 0.000
109.291667 110.291667  10.126   3.098 0.000
112.291667 113.291667 999.999 999.999 0.999
115.291667 116.291667  21.092   3.546 0.000
118.291667 119.291667   2.550   1.505 0.000
121.291667 122.291667   4.933   2.209 0.000
124.291667 125.291667   8.924   2.859 0.000
127.291667 128.291667   4.792   2.192 0.000
130.291667 131.291667   6.199   3.680 0.000
133.291667 134.291667  14.812   3.728 0.000
136.291667 137.291667   4.995   2.548 0.000
139.291667 140.291667   7.131   1.815 0.000
142.291667 143.291667  23.347   6.484 0.000
145.291667 146.291667  14.033   5.793 0.000
148.291667 149.291667  17.385   4.618 0.000
151.291667 152.291667   7.127   3.136 0.000
154.291667 155.291667  10.431   3.210 0.000
157.291667 158.291667   5.980   2.304 0.000
160.291667 161.291667  15.345   4.908 0.000
163.291667 164.291667  28.877   5.707 0.000
166.291667 167.291667   9.986   2.805 0.000
169.291667 170.291667   7.911   1.591 0.000
172.291667 173.291667   7.062   1.806 0.000
175.291667 176.291667  10.121   4.158 0.000
178.291667 179.291667   6.470   2.462 0.000
181.291667 182.291667   8.618   3.642 0.000
184.291667 185.291667  12.235   4.870 0.000
187.291667 188.291667  10.362   4.525 0.000
190.291667 191.291667  21.976   9.307 0.000
193.291667 194.291667  23.968  15.364 0.000
196.291667 197.291667  17.517   6.430 0.000
199.291667 200.291667  30.781  15.494 0.000
202.291667 203.291667  13.121   7.568 0.000
205.291667 206.291667  13.870   2.910 0.000
208.291667 209.291667  16.683   6.545 0.000
211.291667 212.291667  20.542   6.901 0.000
214.291667 215.291667  12.234   7.694 0.000
217.291667 218.291667   8.055   4.293 0.000
220.291667 221.291667  10.310   4.213 0.000
223.291667 224.291667  30.353   8.342 0.000
226.291667 227.291667   6.467   4.052 0.000
229.291667 230.291667  19.584  12.937 0.000
232.291667 233.291667  12.065   7.118 0.000
235.291667 236.291667   1.210   0.364 0.000
238.291667 239.291667   9.737   3.002 0.000
241.291667 242.291667  15.752   5.393 0.000
244.291667 245.291667   8.473   2.157 0.000
247.291667 248.291667  11.861   3.004 0.000
250.291667 251.291667  20.286   5.139 0.000
253.291667 254.291667   3.616   1.316 0.000
256.291667 257.291667   8.307   3.872 0.000
259.291667 260.291667  26.101   5.619 0.000
262.291667 263.291667  11.949   2.423 0.000
265.291667 266.291667  20.726   5.257 0.000
268.291667 269.291667  22.650   6.043 0.000
271.291667 272.291667   6.104   2.168 0.000
274.291667 275.291667   5.935   1.463 0.000
277.291667 278.291667   5.166   1.311 0.000
280.291667 281.291667  17.065   1.240 0.000
283.291667 284.291667  18.708   6.750 0.000
286.291667 287.291667   6.986   1.757 0.000
289.291667 290.291667   9.514   3.291 0.000
292.291667 293.291667  17.843   2.925 0.000
295.291667 296.291667  14.422   2.658 0.000
298.291667 299.291667  12.108   2.325 0.000
301.291667 302.291667 999.999 999.999 0.999
304.291667 305.291667 999.999 999.999 0.999
307.291667 308.291667 999.999 999.999 0.999
310.291667 311.291667   8.441   2.381 0.000
313.291667 314.291667   4.795   1.239 0.000
316.291667 317.291667   4.392   1.627 0.000
319.291667 320.291667  12.627   3.692 0.000
322.291667 323.291667   4.046   2.535 0.000
325.291667 326.291667   3.022   1.374 0.000
328.291667 329.291667   4.710   3.921 0.000
331.291667 332.291667   3.568   1.944 0.000
334.291667 335.291667   5.595   2.583 0.000
337.291667 338.291667  12.662   2.324 0.000
340.291667 341.291667   2.948   2.137 0.000
343.291667 344.291667   3.139   1.432 0.000
346.291667 347.291667   6.604   2.545 0.000
349.291667 350.291667   3.507   2.243 0.000
352.291667 353.291667   2.449   0.976 0.000
355.291667 356.291667   3.608   2.483 0.000
358.291667 359.291667 999.999 999.999 0.999
361.291667 362.291667 999.999 999.999 0.999
364.291667 365.291667   3.981   1.256 0.000
