scripts/IMPROVE-2019_partial/data/US3500R.20030103070000.20191216000000.filterpack..pm25.1y.1w.US03L_filterpack_US3500.US03L_IMPROVE_Davis.lev2.nas
64 1001
MISSING INFORMATION
US03L, IMPROVE, , , , , , , 
MISSING INFORMATION
IMPROVE sel_HTAP
1 1
2003 01 01 2019 12 16
3.000000
days from file reference point
25
1 1 1 1 1 1 1 1 1 1 1 1 1 1 1 1 1 1 1 1 1 1 1 1 1
999.999999 9999.99 9.999 99.99 9.999 9.999 9.999999 9.99 9.999999 9.999 9.999 99.999 9.999 999.999 9.999 999.999 9.999 999.999 9.999 999.999 9.999 9.999 9.999 99.999 9.999
end_time of measurement, days from the file reference point
iron, ng/m3, Revision date=20181210133000
numflag iron, no unit, Revision date=20181210133000
lead, ng/m3, Revision date=20181210133000
numflag lead, no unit, Revision date=20181210133000
magnesium, ug/m3, Revision date=20181210133000
numflag magnesium, no unit, Revision date=20181210133000
nickel, ng/m3, Revision date=20181210133000
numflag nickel, no unit, Revision date=20181210133000
nitrate, ug N/m3, Revision date=20181210133000
numflag nitrate, no unit, Revision date=20181210133000
organic_carbon, ug C/m3, Revision date=20181210133000
numflag organic_carbon, no unit, Revision date=20181210133000
organic_mass, ug/m3, Revision date=20181210133000
numflag organic_mass, no unit, Revision date=20181210133000
pm10_mass, ug/m3, Version=2, Version description=Data extracted from http://views.cira.colostate.edu/fed/DataWizard 2019-12-16, Sample duration=1d, Orig. time res.=3d, Matrix=pm10, Blank correction=Blank corrected, Volume std. temperature=ambient, Volume std. pressure=ambient
numflag pm10_mass, no unit, Version=2, Version description=Data extracted from http://views.cira.colostate.edu/fed/DataWizard 2019-12-16, Sample duration=1d, Orig. time res.=3d, Matrix=pm10, Blank correction=Blank corrected, Volume std. temperature=ambient, Volume std. pressure=ambient
pm10_pm25_mass, ug/m3, Revision date=20181210133000, Matrix=pm10_pm25
numflag pm10_pm25_mass, no unit, Revision date=20181210133000, Matrix=pm10_pm25
pm25_mass, ug/m3, Version=2, Version description=Data extracted from http://views.cira.colostate.edu/fed/DataWizard 2019-12-16, Sample duration=1d, Orig. time res.=3d, Blank correction=Blank corrected, Volume std. temperature=ambient, Volume std. pressure=ambient
numflag pm25_mass, no unit, Version=2, Version description=Data extracted from http://views.cira.colostate.edu/fed/DataWizard 2019-12-16, Sample duration=1d, Orig. time res.=3d, Blank correction=Blank corrected, Volume std. temperature=ambient, Volume std. pressure=ambient
potassium, ug/m3, Revision date=20181210133000
numflag potassium, no unit, Revision date=20181210133000
sulphate_total, ug S/m3, Revision date=20181210133000
numflag sulphate_total, no unit, Revision date=20181210133000
0
25
Data definition:              EBAS_1.1
Set type code:                TU
Timezone:                     UTC
File name:                    US3500R.20030103070000.20191216000000.filterpack..pm25.1y.1w.US03L_filterpack_US3500.US03L_IMPROVE_Davis.lev2.nas
File creation:                20191218120415
Startdate:                    20030103070000
Revision date:                20191216000000
Statistics:                   arithmetic mean
Data level:                   2
Period code:                  1y
Resolution code:              1w
Station code:                 US3500R
Platform code:                US3500S
Station name:                 Theodore Roosevelt National Park-Painted Canyon
Station latitude:             46.8947
Station longitude:            -103.3777
Station altitude:             841.0 m
Regime:                       IMG
Component:                    
Matrix:                       pm25
Laboratory code:              US03L
Instrument type:              filterpack
Instrument name:              filterpack_US3500
Method ref:                   US03L_IMPROVE_Davis
starttime endtime Fe flag_Fe Pb flag_Pb Mg++ flag_Mg++ Ni flag_Ni NO3- flag_NO3- OC flag_OC OM flag_OM PM10 flag_PM10 PM10-PM2.5 flag_PM10-PM2.5 PM2.5 flag_PM2.5 K+ flag_K+ SO4-- flag_SO4--
  2.291667   3.291667   34.36 0.000  0.14 0.000 0.013 0.000000 9.99 0.259000 0.007 0.000  0.194 0.000   0.271 0.000   6.242 0.000   4.985 0.000   1.257 0.000 0.015 0.000  0.062 0.000
  5.291667   6.291667   11.63 0.000  0.32 0.000 9.999 0.259000 9.99 0.259000 0.231 0.000  0.304 0.000   0.426 0.000   3.077 0.000   1.063 0.000   2.014 0.000 0.007 0.000  0.181 0.000
  8.291667   9.291667   15.53 0.000 99.99 0.259 9.999 0.259000 9.99 0.259000 0.056 0.000  0.222 0.000   0.310 0.000   4.785 0.000   3.679 0.000   1.106 0.000 0.008 0.000  0.143 0.000
 11.291667  12.291667   15.53 0.000  1.27 0.000 9.999 0.259000 9.99 0.259000 0.492 0.000  0.451 0.000   0.631 0.000  11.687 0.000   7.943 0.000   3.744 0.000 0.039 0.000  0.121 0.000
 14.291667  15.291667   60.28 0.000  0.25 0.000 0.011 0.000000 9.99 0.259000 0.308 0.000  0.252 0.000   0.353 0.000   6.817 0.000   1.679 0.000   5.138 0.000 0.024 0.000  0.493 0.000
 17.291667  18.291667    9.59 0.000  0.12 0.000 0.016 0.000000 9.99 0.259000 0.225 0.000  0.434 0.000   0.608 0.000   3.619 0.000   1.183 0.000   2.437 0.000 0.016 0.000  0.168 0.000
 20.291667  21.291667   18.66 0.000  1.61 0.000 9.999 0.259000 0.08 0.000000 0.070 0.000  0.535 0.000   0.749 0.000   4.951 0.000   1.707 0.000   3.244 0.000 0.026 0.000  0.393 0.000
 23.291667  24.291667   27.22 0.000  1.41 0.000 0.011 0.000000 9.99 0.259000 0.189 0.000  0.845 0.000   1.182 0.000   7.664 0.000   3.292 0.000   4.372 0.000 0.031 0.000  0.396 0.000
 26.291667  27.291667    9.19 0.000  0.25 0.000 9.999 0.259000 9.99 0.259000 0.025 0.000  0.228 0.000   0.319 0.000   1.199 0.000   0.551 0.000   0.648 0.000 0.005 0.000  0.059 0.000
 29.291667  30.291667    3.55 0.000  0.21 0.000 0.011 0.000000 9.99 0.259000 0.111 0.000  0.436 0.000   0.611 0.000   2.661 0.000   0.933 0.000   1.728 0.000 0.005 0.000  0.219 0.000
 32.291667  33.291667    2.44 0.000  0.26 0.000 9.999 0.259000 9.99 0.259000 0.164 0.000  0.522 0.000   0.731 0.000   3.619 0.000   0.286 0.000   3.333 0.000 0.018 0.000  0.535 0.000
 35.291667  36.291667    9.00 0.000  0.80 0.000 9.999 0.259000 0.07 0.000000 0.126 0.000  0.721 0.000   1.010 0.000   3.956 0.000   0.420 0.000   3.537 0.000 0.031 0.000  0.458 0.000
 38.291667  39.291667   17.91 0.000  0.50 0.000 9.999 0.259000 9.99 0.259000 0.026 0.000  0.591 0.000   0.827 0.000   3.515 0.000   1.366 0.000   2.149 0.000 0.022 0.000  0.279 0.000
 41.291667  42.291667   20.33 0.000 99.99 0.259 9.999 0.259000 9.99 0.259000 0.052 0.000  0.266 0.000   0.372 0.000   5.316 0.000   3.778 0.000   1.538 0.000 0.019 0.000  0.175 0.000
 44.291667  45.291667   15.73 0.000  0.79 0.000 9.999 0.259000 0.05 0.000000 0.515 0.000  0.482 0.000   0.674 0.000  10.227 0.000   0.904 0.000   9.324 0.000 0.024 0.000  1.424 0.000
 47.291667  48.291667   19.76 0.000  0.80 0.000 9.999 0.259000 9.99 0.259000 0.567 0.000  0.686 0.000   0.960 0.000   7.572 0.000   0.596 0.000   6.976 0.000 0.021 0.000  0.695 0.000
 50.291667  51.291667   28.33 0.000  0.49 0.000 9.999 0.259000 0.06 0.000000 0.487 0.559  0.635 0.000   0.889 0.000   8.409 0.000   1.012 0.000   7.397 0.000 0.015 0.000  1.032 0.559
 53.291667  54.291667    9.66 0.000  1.34 0.000 0.011 0.000000 0.12 0.000000 0.179 0.000  0.671 0.000   0.939 0.000   3.920 0.000   0.540 0.000   3.380 0.000 0.031 0.000  0.489 0.000
 56.291667  57.291667   59.30 0.000  0.52 0.000 9.999 0.259000 9.99 0.259000 0.203 0.000  0.626 0.000   0.876 0.000   5.104 0.000   1.392 0.000   3.712 0.000 0.027 0.000  0.275 0.000
 59.291667  60.291667   36.68 0.000  1.16 0.000 9.999 0.259000 0.08 0.000000 0.319 0.000  0.884 0.000   1.238 0.000   7.870 0.000   2.109 0.000   5.761 0.000 0.045 0.000  0.686 0.000
 62.291667  63.291667   74.83 0.000  1.34 0.000 9.999 0.259000 0.10 0.000000 0.064 0.000  0.623 0.000   0.872 0.000   5.359 0.000   1.834 0.000   3.525 0.000 0.044 0.000  0.368 0.000
 65.291667  66.291667   44.72 0.559  3.33 0.559 0.020 0.559000 0.15 0.559000 0.128 0.000  0.874 0.000   1.224 0.000   9.288 0.000   1.169 0.000   8.119 0.559 0.036 0.559  1.531 0.000
 68.291667  69.291667   18.49 0.000  1.55 0.000 9.999 0.259000 0.09 0.000000 0.134 0.000  0.777 0.000   1.088 0.000   6.019 0.000   1.272 0.000   4.746 0.000 0.024 0.000  0.761 0.000
 71.291667  72.291667   37.05 0.000  0.61 0.000 9.999 0.259000 9.99 0.259000 0.105 0.000  0.523 0.000   0.732 0.000   5.073 0.000   2.385 0.000   2.688 0.000 0.016 0.000  0.252 0.000
 74.291667  75.291667   30.17 0.000  0.83 0.000 9.999 0.259000 9.99 0.259000 0.092 0.000  0.280 0.000   0.392 0.000   4.491 0.000   2.987 0.000   1.504 0.000 0.016 0.000  0.089 0.000
 77.291667  78.291667   11.11 0.559  0.51 0.559 9.999 0.559259 9.99 0.559259 0.382 0.000  0.533 0.000   0.747 0.000   6.693 0.000   0.769 0.000   5.924 0.559 0.019 0.559  0.659 0.000
 80.291667  81.291667   53.82 0.000  0.24 0.000 9.999 0.259000 0.04 0.000000 0.053 0.000  0.485 0.000   0.679 0.000   4.740 0.000   2.835 0.000   1.906 0.000 0.018 0.000  0.109 0.000
 83.291667  84.291667   26.66 0.559  0.29 0.559 9.999 0.559259 9.99 0.559259 0.058 0.000  0.305 0.000   0.426 0.000   4.118 0.000   2.455 0.000   1.663 0.559 0.010 0.559  0.190 0.000
 86.291667  87.291667    9.06 0.000  0.36 0.000 0.020 0.000000 9.99 0.259000 0.054 0.000  0.111 0.000   0.155 0.000   5.115 0.000   3.432 0.000   1.683 0.000 0.016 0.000  0.261 0.000
 89.291667  90.291667   41.06 0.000  0.26 0.000 9.999 0.259000 9.99 0.259000 0.020 0.000  0.269 0.000   0.377 0.000   6.572 0.000   5.026 0.000   1.547 0.000 0.020 0.000  0.084 0.000
 92.291667  93.291667    6.18 0.000  0.52 0.000 0.017 0.000000 9.99 0.259000 0.190 0.000  0.289 0.000   0.404 0.000   3.221 0.000   0.957 0.000   2.264 0.000 0.007 0.000  0.253 0.000
 95.291667  96.291667 9999.99 0.999 99.99 0.999 9.999 0.999000 9.99 0.999000 9.999 0.999 99.999 0.999 999.999 0.999 999.999 0.999 999.999 0.999 999.999 0.999 9.999 0.999 99.999 0.999
 98.291667  99.291667  252.60 0.000  0.44 0.000 9.999 0.259000 9.99 0.259000 0.029 0.000  0.450 0.000   0.631 0.000  19.395 0.000  15.098 0.000   4.298 0.000 0.058 0.000  0.121 0.000
101.291667 102.291667  112.06 0.000  1.22 0.000 9.999 0.259000 9.99 0.259000 0.441 0.000  1.315 0.000   1.841 0.000  19.428 0.000  13.156 0.000   6.272 0.000 0.094 0.000  0.340 0.000
104.291667 105.291667   57.50 0.000  0.61 0.000 9.999 0.259000 9.99 0.259000 0.371 0.000  1.050 0.000   1.469 0.000  16.910 0.000  11.459 0.000   5.451 0.000 0.071 0.000  0.306 0.000
107.291667 108.291667   24.57 0.000  0.74 0.000 9.999 0.259000 9.99 0.259000 0.403 0.000  0.473 0.000   0.663 0.000   6.196 0.000   2.546 0.000   3.650 0.000 0.015 0.000  0.196 0.000
110.291667 111.291667   96.67 0.000  0.98 0.000 9.999 0.259000 0.07 0.000000 0.071 0.000  0.604 0.000   0.846 0.000   7.936 0.000   2.898 0.000   5.039 0.000 0.055 0.000  0.450 0.000
113.291667 114.291667   75.01 0.559  2.11 0.559 9.999 0.559259 0.03 0.559000 0.522 0.000  1.301 0.000   1.821 0.000  15.344 0.000   7.503 0.000   7.842 0.559 0.056 0.559  0.819 0.000
116.291667 117.291667   20.89 0.000  0.08 0.000 9.999 0.259000 0.07 0.000000 0.014 0.000  0.444 0.000   0.621 0.000   3.451 0.000   2.007 0.000   1.444 0.000 0.011 0.000  0.168 0.000
119.291667 120.291667   78.61 0.000  0.46 0.000 9.999 0.259000 9.99 0.259000 0.318 0.000  0.634 0.000   0.887 0.000   9.466 0.000   4.708 0.000   4.758 0.000 0.046 0.000  0.541 0.000
122.291667 123.291667   41.20 0.000  0.85 0.000 9.999 0.259000 9.99 0.259000 0.138 0.000  0.648 0.000   0.907 0.000   9.287 0.000   5.845 0.000   3.442 0.000 0.033 0.000  0.360 0.000
125.291667 126.291667    4.15 0.000  0.23 0.000 9.999 0.259000 9.99 0.259000 0.058 0.000  0.249 0.000   0.348 0.000   2.899 0.000   1.035 0.000   1.865 0.000 0.002 0.000  0.284 0.000
128.291667 129.291667   10.24 0.000  0.70 0.000 9.999 0.259000 9.99 0.259000 0.076 0.000  0.553 0.000   0.775 0.000   3.535 0.000   0.907 0.000   2.628 0.000 0.014 0.000  0.324 0.000
131.291667 132.291667   24.18 0.000  0.79 0.000 9.999 0.259000 9.99 0.259000 0.051 0.000  0.837 0.000   1.172 0.000   6.279 0.000   2.567 0.000   3.712 0.000 0.025 0.000  0.413 0.000
134.291667 135.291667   29.54 0.000  0.91 0.000 9.999 0.259000 9.99 0.259000 0.090 0.000  0.925 0.000   1.296 0.000  10.582 0.000   5.599 0.000   4.983 0.000 0.022 0.000  0.479 0.000
137.291667 138.291667   19.49 0.000  0.66 0.000 9.999 0.259000 9.99 0.259000 0.132 0.000  1.095 0.000   1.533 0.000   9.631 0.000   5.295 0.000   4.337 0.000 0.029 0.000  0.375 0.000
140.291667 141.291667 9999.99 0.999 99.99 0.999 9.999 0.999000 9.99 0.999000 9.999 0.999 99.999 0.999 999.999 0.999 999.999 0.999 999.999 0.999 999.999 0.999 9.999 0.999 99.999 0.999
143.291667 144.291667   38.44 0.000  0.74 0.000 9.999 0.259000 9.99 0.259000 0.039 0.000  1.022 0.000   1.431 0.000  23.299 0.000  19.077 0.000   4.222 0.000 0.031 0.000  0.302 0.000
146.291667 147.291667   33.05 0.000  0.46 0.000 9.999 0.259000 0.03 0.000000 0.047 0.000  1.606 0.000   2.248 0.000  13.273 0.000   8.056 0.000   5.216 0.000 0.029 0.000  0.282 0.000
149.291667 150.291667   42.39 0.000  0.26 0.000 0.007 0.000000 9.99 0.259000 0.017 0.000 99.999 0.259 999.999 0.259  21.367 0.000  17.035 0.000   4.332 0.000 0.027 0.000  0.220 0.000
152.291667 153.291667   21.86 0.000  1.23 0.000 9.999 0.259000 9.99 0.259000 0.304 0.000 99.999 0.259 999.999 0.259   9.122 0.000   4.086 0.000   5.036 0.000 0.022 0.000  0.289 0.000
155.291667 156.291667   13.06 0.000 99.99 0.259 9.999 0.259000 9.99 0.259000 0.048 0.559 99.999 0.999 999.999 0.999 999.999 0.456 999.999 0.999   2.654 0.000 0.015 0.000  0.297 0.559
158.291667 159.291667   18.01 0.000 99.99 0.259 9.999 0.259000 9.99 0.259000 0.076 0.000 99.999 0.999 999.999 0.999 999.999 0.456 999.999 0.999   3.366 0.000 0.013 0.000  0.246 0.000
161.291667 162.291667   16.09 0.000 99.99 0.259 9.999 0.259000 9.99 0.259000 0.063 0.000  0.668 0.000   0.935 0.000   5.794 0.000   3.787 0.000   2.007 0.000 0.009 0.000  0.133 0.000
164.291667 165.291667   74.46 0.000 99.99 0.259 9.999 0.259000 0.07 0.000000 0.042 0.000  0.849 0.000   1.188 0.000   9.821 0.000   5.461 0.000   4.360 0.000 0.028 0.000  0.316 0.000
167.291667 168.291667   77.40 0.000  0.59 0.000 9.999 0.259000 9.99 0.259000 0.023 0.000  1.404 0.000   1.965 0.000  11.930 0.000   6.611 0.000   5.319 0.000 0.033 0.000  0.286 0.000
170.291667 171.291667   59.28 0.000  0.79 0.000 9.999 0.259000 0.04 0.000000 0.063 0.000  1.664 0.000   2.329 0.000  21.943 0.000  13.590 0.000   8.352 0.000 0.039 0.000  0.912 0.000
173.291667 174.291667   38.93 0.000 99.99 0.259 9.999 0.259000 9.99 0.259000 0.012 0.000  0.433 0.000   0.606 0.000   5.876 0.000   4.215 0.000   1.661 0.000 0.010 0.000  0.093 0.000
176.291667 177.291667   78.33 0.000  0.49 0.000 9.999 0.259000 9.99 0.259000 0.013 0.000  0.982 0.000   1.374 0.000   8.226 0.000   3.893 0.000   4.333 0.000 0.024 0.000  0.284 0.000
179.291667 180.291667   85.23 0.000 99.99 0.259 9.999 0.259000 0.07 0.000000 0.013 0.000  1.106 0.000   1.548 0.000  10.067 0.000   5.287 0.000   4.780 0.000 0.025 0.000  0.305 0.000
182.291667 183.291667 9999.99 0.999 99.99 0.999 9.999 0.999000 9.99 0.999000 9.999 0.999 99.999 0.999 999.999 0.999 999.999 0.999 999.999 0.999 999.999 0.999 9.999 0.999 99.999 0.999
185.291667 186.291667   84.80 0.000  0.42 0.000 9.999 0.259000 0.08 0.000000 0.013 0.000  1.277 0.000   1.788 0.000  11.397 0.000   7.377 0.000   4.021 0.000 0.038 0.000  0.126 0.000
188.291667 189.291667   71.57 0.000  0.32 0.000 9.999 0.259000 0.08 0.000000 0.044 0.000  0.777 0.000   1.087 0.000  10.672 0.000   6.762 0.000   3.909 0.000 0.022 0.000  0.247 0.000
191.291667 192.291667   24.45 0.559  0.22 0.559 9.999 0.559259 9.99 0.559259 0.009 0.000  1.239 0.000   1.735 0.000   8.259 0.000   4.347 0.000   3.912 0.559 0.012 0.559  0.191 0.000
194.291667 195.291667   28.43 0.000  0.29 0.000 0.020 0.000000 9.99 0.259000 0.012 0.000  1.266 0.000   1.773 0.000  10.989 0.000   7.169 0.000   3.819 0.000 0.019 0.000  0.151 0.000
197.291667 198.291667  110.27 0.000  0.89 0.000 9.999 0.259000 0.06 0.000000 0.045 0.000  1.407 0.000   1.969 0.000  20.915 0.000  12.921 0.000   7.994 0.000 0.051 0.000  0.490 0.000
200.291667 201.291667   74.89 0.000  0.29 0.000 9.999 0.259000 0.08 0.000000 0.018 0.000  1.620 0.000   2.269 0.000  10.907 0.000   4.569 0.000   6.338 0.000 0.038 0.000  0.292 0.000
203.291667 204.291667  101.39 0.000  0.26 0.000 0.031 0.000000 9.99 0.259000 0.021 0.000  1.708 0.000   2.391 0.000  19.935 0.000  13.408 0.000   6.527 0.000 0.043 0.000  0.305 0.000
206.291667 207.291667  114.26 0.000  0.51 0.000 9.999 0.259000 0.05 0.000000 0.020 0.000  1.930 0.000   2.703 0.000  11.799 0.559   4.646 0.000   7.153 0.000 0.049 0.000  0.314 0.000
209.291667 210.291667  131.47 0.000  0.22 0.000 9.999 0.259000 9.99 0.259000 0.024 0.000  2.882 0.000   4.035 0.000  17.352 0.000   8.108 0.000   9.244 0.000 0.065 0.000  0.256 0.000
212.291667 213.291667  194.32 0.000  0.27 0.000 9.999 0.259000 0.10 0.000000 0.016 0.000  1.559 0.000   2.182 0.000  13.138 0.000   6.179 0.000   6.959 0.000 0.061 0.000  0.156 0.000
215.291667 216.291667   39.11 0.000  0.84 0.000 9.999 0.259000 9.99 0.259000 0.227 0.000  2.363 0.000   3.308 0.000  15.409 0.000   6.090 0.000   9.319 0.000 0.033 0.000  0.664 0.000
218.291667 219.291667   56.96 0.000  0.88 0.000 0.018 0.000000 0.04 0.000000 0.030 0.000  1.650 0.000   2.310 0.000  18.219 0.000  13.141 0.000   5.078 0.000 0.040 0.000  0.294 0.000
221.291667 222.291667   65.07 0.000  0.55 0.000 9.999 0.259000 9.99 0.259000 0.100 0.000  1.454 0.000   2.036 0.000  13.478 0.000   8.691 0.000   4.787 0.000 0.032 0.000  0.509 0.000
224.291667 225.291667  105.50 0.000  0.65 0.000 9.999 0.259000 9.99 0.259000 0.026 0.000  1.652 0.000   2.313 0.000  26.519 0.000  18.702 0.000   7.816 0.000 0.058 0.000  0.625 0.000
227.291667 228.291667  128.74 0.000  1.43 0.000 9.999 0.259000 9.99 0.259000 0.041 0.000  2.247 0.000   3.146 0.000  34.967 0.000  24.041 0.000  10.926 0.000 0.059 0.000  1.071 0.000
230.291667 231.291667   78.88 0.000  0.70 0.000 9.999 0.259000 9.99 0.259000 0.055 0.000  2.767 0.000   3.874 0.000  19.370 0.000  10.536 0.000   8.835 0.000 0.047 0.000  0.629 0.000
233.291667 234.291667  106.77 0.559  0.79 0.559 9.999 0.559259 9.99 0.559259 0.022 0.000  4.205 0.000   5.888 0.000  30.490 0.000  19.826 0.000  10.663 0.559 0.069 0.559  0.352 0.000
236.291667 237.291667   87.16 0.000  0.37 0.000 9.999 0.259000 0.03 0.000000 0.019 0.000  3.725 0.000   5.215 0.000  18.750 0.000   9.448 0.000   9.302 0.000 0.054 0.000  0.269 0.000
239.291667 240.291667  129.67 0.699  0.44 0.699 9.999 0.699259 9.99 0.699259 0.053 0.000  7.546 0.000  10.564 0.000  30.813 0.000  13.886 0.000  16.927 0.699 0.144 0.699  0.328 0.000
242.291667 243.291667  120.83 0.000  0.61 0.000 9.999 0.259000 9.99 0.259000 0.050 0.000  1.675 0.000   2.345 0.000  14.875 0.000   8.170 0.000   6.705 0.000 0.043 0.000  0.404 0.000
245.291667 246.291667  126.06 0.000  0.14 0.000 9.999 0.259000 9.99 0.259000 0.014 0.000  1.039 0.000   1.454 0.000  17.299 0.000  13.176 0.000   4.123 0.000 0.043 0.000  0.162 0.000
248.291667 249.291667  270.99 0.699  0.63 0.699 9.999 0.699259 9.99 0.699259 0.052 0.000  8.441 0.000  11.817 0.000  37.966 0.000  17.744 0.000  20.222 0.699 0.160 0.699  0.385 0.000
251.291667 252.291667 9999.99 0.999 99.99 0.999 9.999 0.999000 9.99 0.999000 9.999 0.999 99.999 0.999 999.999 0.999 999.999 0.999 999.999 0.999 999.999 0.999 9.999 0.999 99.999 0.999
254.291667 255.291667 9999.99 0.999 99.99 0.999 9.999 0.999000 9.99 0.999000 9.999 0.999 99.999 0.999 999.999 0.999 999.999 0.999 999.999 0.999 999.999 0.999 9.999 0.999 99.999 0.999
257.291667 258.291667 9999.99 0.999 99.99 0.999 9.999 0.999000 9.99 0.999000 9.999 0.999 99.999 0.999 999.999 0.999 999.999 0.999 999.999 0.999 999.999 0.999 9.999 0.999 99.999 0.999
260.291667 261.291667 9999.99 0.999 99.99 0.999 9.999 0.999000 9.99 0.999000 9.999 0.999 99.999 0.999 999.999 0.999 999.999 0.999 999.999 0.999 999.999 0.999 9.999 0.999 99.999 0.999
