scripts/IMPROVE-2019_partial/data/US3500R.20040101070000.20191216000000.filterpack..pm25.52w.1w.US03L_filterpack_US3500.US03L_IMPROVE_Davis.lev2.nas
64 1001
MISSING INFORMATION
US03L, IMPROVE, , , , , , , 
MISSING INFORMATION
IMPROVE sel_HTAP
1 1
2004 01 01 2019 12 16
3.000000
days from file reference point
25
1 1 1 1 1 1 1 1 1 1 1 1 1 1 1 1 1 1 1 1 1 1 1 1 1
999.999999 9999.99 9.999 99.99 9.999999 9.999 9.999999 9.99 9.999999 99.999 9.999 999.999 9.999 999.999 9.999 999.999 9.999 999.999 9.999 999.999 9.999 9.999 9.999 9.999 9.999
end_time of measurement, days from the file reference point
iron, ng/m3, Revision date=20181210133000
numflag iron, no unit, Revision date=20181210133000
lead, ng/m3, Revision date=20181210133000
numflag lead, no unit, Revision date=20181210133000
magnesium, ug/m3, Revision date=20181210133000
numflag magnesium, no unit, Revision date=20181210133000
nickel, ng/m3, Revision date=20181210133000
numflag nickel, no unit, Revision date=20181210133000
nitrate, ug N/m3, Revision date=20181210133000
numflag nitrate, no unit, Revision date=20181210133000
organic_carbon, ug C/m3, Revision date=20181210133000
numflag organic_carbon, no unit, Revision date=20181210133000
organic_mass, ug/m3, Revision date=20181210133000
numflag organic_mass, no unit, Revision date=20181210133000
pm10_mass, ug/m3, Version=2, Version description=Data extracted from http://views.cira.colostate.edu/fed/DataWizard 2019-12-16, Sample duration=1d, Orig. time res.=3d, Matrix=pm10, Blank correction=Blank corrected, Volume std. temperature=ambient, Volume std. pressure=ambient
numflag pm10_mass, no unit, Version=2, Version description=Data extracted from http://views.cira.colostate.edu/fed/DataWizard 2019-12-16, Sample duration=1d, Orig. time res.=3d, Matrix=pm10, Blank correction=Blank corrected, Volume std. temperature=ambient, Volume std. pressure=ambient
pm10_pm25_mass, ug/m3, Revision date=20181210133000, Matrix=pm10_pm25
numflag pm10_pm25_mass, no unit, Revision date=20181210133000, Matrix=pm10_pm25
pm25_mass, ug/m3, Version=2, Version description=Data extracted from http://views.cira.colostate.edu/fed/DataWizard 2019-12-16, Sample duration=1d, Orig. time res.=3d, Blank correction=Blank corrected, Volume std. temperature=ambient, Volume std. pressure=ambient
numflag pm25_mass, no unit, Version=2, Version description=Data extracted from http://views.cira.colostate.edu/fed/DataWizard 2019-12-16, Sample duration=1d, Orig. time res.=3d, Blank correction=Blank corrected, Volume std. temperature=ambient, Volume std. pressure=ambient
potassium, ug/m3, Revision date=20181210133000
numflag potassium, no unit, Revision date=20181210133000
sulphate_total, ug S/m3, Revision date=20181210133000
numflag sulphate_total, no unit, Revision date=20181210133000
0
25
Data definition:              EBAS_1.1
Set type code:                TU
Timezone:                     UTC
File name:                    US3500R.20040101070000.20191216000000.filterpack..pm25.52w.1w.US03L_filterpack_US3500.US03L_IMPROVE_Davis.lev2.nas
File creation:                20191218120415
Startdate:                    20040101070000
Revision date:                20191216000000
Statistics:                   arithmetic mean
Data level:                   2
Period code:                  52w
Resolution code:              1w
Station code:                 US3500R
Platform code:                US3500S
Station name:                 Theodore Roosevelt National Park-Painted Canyon
Station latitude:             46.8947
Station longitude:            -103.3777
Station altitude:             841.0 m
Regime:                       IMG
Component:                    
Matrix:                       pm25
Laboratory code:              US03L
Instrument type:              filterpack
Instrument name:              filterpack_US3500
Method ref:                   US03L_IMPROVE_Davis
starttime endtime Fe flag_Fe Pb flag_Pb Mg++ flag_Mg++ Ni flag_Ni NO3- flag_NO3- OC flag_OC OM flag_OM PM10 flag_PM10 PM10-PM2.5 flag_PM10-PM2.5 PM2.5 flag_PM2.5 K+ flag_K+ SO4-- flag_SO4--
  0.291667   1.291667   17.37 0.000  0.55 0.000000 9.999 0.259000 0.06 0.000000  0.205 0.000   0.576 0.000   0.806 0.000   3.968 0.000   1.326 0.000   2.643 0.000 0.011 0.000 0.128 0.000
  3.291667   4.291667   13.26 0.000  0.44 0.000000 0.018 0.000000 9.99 0.259000  0.152 0.559   0.587 0.000   0.821 0.000   3.260 0.000   0.542 0.000   2.719 0.000 0.023 0.000 0.240 0.559
  6.291667   7.291667   29.62 0.000  1.09 0.000000 9.999 0.259000 9.99 0.259000  0.100 0.000   0.652 0.000   0.913 0.000   7.194 0.000   4.827 0.000   2.367 0.000 0.013 0.000 0.094 0.000
  9.291667  10.291667   20.58 0.000  0.41 0.000000 9.999 0.259000 9.99 0.259000  0.060 0.000   0.626 0.000   0.876 0.000   2.356 0.000   0.830 0.000   1.527 0.000 0.017 0.000 0.065 0.000
 12.291667  13.291667   11.38 0.000  0.54 0.000000 9.999 0.259000 9.99 0.259000  0.320 0.000   0.750 0.000   1.050 0.000   4.010 0.000   0.792 0.000   3.218 0.000 0.008 0.000 0.097 0.000
 15.291667  16.291667   13.82 0.000  0.40 0.000000 9.999 0.259000 9.99 0.259000  0.374 0.000   0.599 0.000   0.839 0.000   4.520 0.000   0.971 0.000   3.549 0.000 0.007 0.000 0.187 0.000
 18.291667  19.291667   10.54 0.000  1.49 0.000000 9.999 0.259000 9.99 0.259000  0.594 0.000   0.874 0.000   1.224 0.000   8.275 0.000   1.654 0.000   6.621 0.000 0.021 0.000 0.524 0.000
 21.291667  22.291667 9999.99 0.456 99.99 0.456000 9.999 0.456000 9.99 0.456000  0.067 0.000   0.291 0.000   0.408 0.000   3.142 0.000 999.999 0.999 999.999 0.456 9.999 0.456 0.139 0.000
 24.291667  25.291667 9999.99 0.456 99.99 0.456000 9.999 0.456000 9.99 0.456000  0.235 0.000   0.709 0.000   0.993 0.000   7.660 0.000 999.999 0.999 999.999 0.456 9.999 0.456 0.293 0.000
 27.291667  28.291667   12.31 0.000  1.04 0.000000 0.020 0.000000 0.08 0.000000  0.066 0.559   0.394 0.000   0.552 0.000   6.092 0.000   3.367 0.000   2.725 0.000 0.012 0.000 0.404 0.559
 30.291667  31.291667   26.21 0.000  1.82 0.000000 9.999 0.259000 0.09 0.000000  0.219 0.559   0.767 0.000   1.073 0.000   4.267 0.000 999.999 0.259   4.990 0.000 0.022 0.000 0.707 0.559
 33.291667  34.291667   37.27 0.000  1.10 0.000000 9.999 0.259000 0.07 0.000000  0.244 0.559   1.210 0.000   1.694 0.000   7.069 0.000   0.265 0.000   6.804 0.000 0.018 0.000 0.949 0.559
 36.291667  37.291667   18.73 0.000  0.53 0.000000 9.999 0.259000 9.99 0.259000  0.153 0.559   1.137 0.000   1.592 0.000   6.526 0.000   1.262 0.000   5.264 0.000 0.024 0.000 0.679 0.559
 39.291667  40.291667    5.03 0.000  0.10 0.000000 9.999 0.259000 0.06 0.000000  0.056 0.559   0.281 0.000   0.393 0.000   2.245 0.000   1.133 0.000   1.112 0.000 0.010 0.000 0.170 0.559
 42.291667  43.291667   32.35 0.000  0.49 0.000000 9.999 0.259000 9.99 0.259000  0.076 0.559   0.448 0.000   0.627 0.000   3.826 0.000   1.600 0.000   2.226 0.000 0.017 0.000 0.215 0.559
 45.291667  46.291667   16.45 0.000  0.36 0.000000 0.021 0.000000 0.09 0.000000  0.284 0.000   0.535 0.000   0.749 0.000   7.854 0.000   3.480 0.000   4.373 0.000 0.011 0.000 0.477 0.000
 48.291667  49.291667   54.96 0.000  0.25 0.000000 9.999 0.259000 9.99 0.259000  0.125 0.000   0.567 0.000   0.794 0.000   8.013 0.000   5.401 0.000   2.612 0.000 0.012 0.000 0.160 0.000
 51.291667  52.291667   35.31 0.000  0.28 0.000000 9.999 0.259000 0.04 0.000000  0.121 0.000   0.500 0.000   0.700 0.000   3.246 0.000   1.518 0.000   1.729 0.000 0.010 0.000 0.077 0.000
 54.291667  55.291667   22.41 0.000  1.27 0.000000 9.999 0.259000 9.99 0.259000  0.595 0.000   0.534 0.000   0.747 0.000  10.234 0.000   2.281 0.000   7.953 0.000 0.019 0.000 0.757 0.000
 57.291667  58.291667   17.79 0.000  1.45 0.000000 9.999 0.259000 9.99 0.259000  0.263 0.000   0.510 0.000   0.714 0.000   5.588 0.000   2.055 0.000   3.533 0.000 0.015 0.000 0.309 0.000
 60.291667  61.291667    2.61 0.000  0.45 0.000000 9.999 0.259000 9.99 0.259000  0.089 0.000   0.196 0.000   0.274 0.000   3.307 0.000   0.097 0.000   3.210 0.000 0.007 0.000 0.550 0.000
 63.291667  64.291667    8.24 0.000  0.56 0.000000 9.999 0.259000 9.99 0.259000  0.361 0.000   0.839 0.000   1.175 0.000   7.818 0.000   0.996 0.000   6.822 0.000 0.007 0.000 0.836 0.000
 66.291667  67.291667   14.39 0.000  0.59 0.000000 9.999 0.259000 0.05 0.000000  0.039 0.559   0.201 0.000   0.281 0.000   3.636 0.000   2.527 0.000   1.109 0.000 0.010 0.000 0.107 0.559
 69.291667  70.291667   17.08 0.000  0.23 0.000000 9.999 0.259000 0.05 0.000000  0.044 0.559   0.270 0.000   0.378 0.000  10.417 0.000   9.135 0.000   1.282 0.000 0.011 0.000 0.133 0.559
 72.291667  73.291667   11.04 0.000  0.59 0.000000 9.999 0.259000 9.99 0.259000  0.109 0.000   0.312 0.000   0.436 0.000   4.919 0.000   2.747 0.000   2.172 0.000 0.012 0.000 0.296 0.000
 75.291667  76.291667   37.27 0.000  0.62 0.000000 0.050 0.000000 0.03 0.000000  0.046 0.000   0.216 0.000   0.302 0.000   2.673 0.000   0.794 0.000   1.880 0.000 0.017 0.000 0.185 0.000
 78.291667  79.291667   47.07 0.559  0.54 0.559000 9.999 0.559259 0.05 0.559000  0.019 0.000   0.272 0.000   0.381 0.000   7.108 0.000   5.282 0.000   1.826 0.559 0.022 0.559 0.110 0.000
 81.291667  82.291667   33.87 0.000  0.85 0.000000 9.999 0.259000 9.99 0.259000  0.127 0.000   0.262 0.000   0.367 0.000   7.151 0.000   3.925 0.000   3.226 0.000 0.016 0.000 0.427 0.000
 84.291667  85.291667   89.30 0.000  1.04 0.000000 9.999 0.259000 9.99 0.259000  0.028 0.000   0.473 0.000   0.662 0.000   7.314 0.000   4.249 0.000   3.066 0.000 0.038 0.000 0.150 0.000
 87.291667  88.291667   23.04 0.000  0.30 0.000000 9.999 0.259000 0.04 0.000000  0.015 0.000   0.286 0.000   0.400 0.000   8.060 0.000   6.458 0.000   1.603 0.000 0.015 0.000 0.120 0.000
 90.291667  91.291667   60.88 0.000  0.97 0.000000 9.999 0.259000 9.99 0.259000  0.042 0.000   0.370 0.000   0.518 0.000   9.656 0.000   6.626 0.000   3.030 0.000 0.032 0.000 0.245 0.000
 93.291667  94.291667   59.67 0.000  1.11 0.000000 0.036 0.000000 9.99 0.259000  0.087 0.559   0.288 0.000   0.403 0.000   7.479 0.000   3.779 0.000   3.700 0.000 0.027 0.000 0.462 0.559
 96.291667  97.291667  331.14 0.559  1.48 0.559000 0.136 0.559000 9.99 0.559259  0.042 0.559   0.725 0.000   1.015 0.000  17.486 0.000   9.478 0.000   8.008 0.559 0.111 0.559 0.367 0.559
 99.291667 100.291667   56.61 0.000  0.74 0.000000 0.055 0.000000 9.99 0.259000  0.141 0.559   0.403 0.000   0.564 0.000   9.342 0.000   4.825 0.000   4.517 0.000 0.031 0.000 0.634 0.559
102.291667 103.291667   70.83 0.000  0.74 0.000000 0.025 0.000000 9.99 0.259000  0.109 0.559   0.281 0.000   0.393 0.000  10.954 0.000   6.215 0.000   4.739 0.000 0.025 0.000 0.726 0.559
105.291667 106.291667  126.76 0.000  1.60 0.000000 9.999 0.259000 9.99 0.259000  0.118 0.000   0.761 0.000   1.065 0.000  13.478 0.000   8.454 0.000   5.024 0.000 0.069 0.000 0.296 0.000
108.291667 109.291667   27.22 0.000  1.03 0.000000 9.999 0.259000 0.05 0.000000  0.434 0.000   1.027 0.000   1.437 0.000  11.078 0.000   3.469 0.000   7.609 0.000 0.034 0.000 0.760 0.000
111.291667 112.291667   30.62 0.000  0.71 0.000000 9.999 0.259000 9.99 0.259000  0.068 0.559   0.500 0.000   0.700 0.000   6.903 0.000   3.580 0.000   3.324 0.000 0.027 0.000 0.402 0.559
114.291667 115.291667   62.41 0.000  1.34 0.000000 9.999 0.259000 9.99 0.259000  0.022 0.559   0.440 0.000   0.616 0.000  15.155 0.000  11.822 0.000   3.333 0.000 0.041 0.000 0.267 0.559
117.291667 118.291667  169.33 0.559  1.41 0.559000 0.109 0.559000 9.99 0.559259  0.022 0.000   0.842 0.000   1.178 0.000  20.396 0.000  15.116 0.000   5.280 0.559 0.066 0.559 0.254 0.000
120.291667 121.291667   31.51 0.000  0.55 0.000000 0.028 0.000000 0.08 0.000000  0.019 0.000   0.255 0.000   0.357 0.000   8.958 0.000   6.757 0.000   2.201 0.000 0.018 0.000 0.271 0.000
123.291667 124.291667   80.32 0.000  0.90 0.000000 9.999 0.259000 0.06 0.000000  0.015 0.559   0.734 0.000   1.027 0.000  23.229 0.000  19.464 0.000   3.765 0.000 0.044 0.000 0.243 0.559
126.291667 127.291667   61.89 0.000  0.29 0.000000 9.999 0.259000 9.99 0.259000  0.132 0.000   0.494 0.000   0.692 0.000  14.788 0.000  11.270 0.000   3.518 0.000 0.029 0.000 0.360 0.000
129.291667 130.291667   57.28 0.000  0.53 0.000000 9.999 0.259000 0.09 0.000000  0.035 0.000   0.513 0.000   0.718 0.000   9.600 0.000   6.870 0.000   2.729 0.000 0.033 0.000 0.185 0.000
132.291667 133.291667    8.16 0.000  0.76 0.000000 0.041 0.000000 0.10 0.000000  0.015 0.559   0.241 0.000   0.337 0.000   3.202 0.000   0.764 0.000   2.438 0.000 0.007 0.000 0.451 0.559
135.291667 136.291667   73.05 0.000  0.69 0.000000 9.999 0.259000 9.99 0.259000  0.020 0.000   0.682 0.000   0.955 0.000   8.864 0.000   4.704 0.000   4.160 0.000 0.050 0.000 0.341 0.000
138.291667 139.291667   61.07 0.000  1.06 0.000000 0.031 0.000000 0.04 0.000000  0.085 0.000   0.555 0.000   0.776 0.000   8.008 0.000   5.381 0.000   2.628 0.000 0.022 0.000 0.223 0.000
141.291667 142.291667   33.92 0.000  1.45 0.000000 9.999 0.259000 0.07 0.000000  0.304 0.000   0.900 0.000   1.261 0.000   9.273 0.000   5.100 0.000   4.173 0.000 0.028 0.000 0.381 0.000
144.291667 145.291667 9999.99 0.456 99.99 0.456000 9.999 0.456000 9.99 0.456000 99.999 0.456 999.999 0.999 999.999 0.999 999.999 0.456 999.999 0.999 999.999 0.456 9.999 0.456 9.999 0.456
147.291667 148.291667 9999.99 0.456 99.99 0.456000 9.999 0.456000 9.99 0.456000 99.999 0.456 999.999 0.999 999.999 0.999 999.999 0.456 999.999 0.999 999.999 0.456 9.999 0.456 9.999 0.456
150.291667 151.291667 9999.99 0.456 99.99 0.456000 9.999 0.456000 9.99 0.456000 99.999 0.456 999.999 0.999 999.999 0.999 999.999 0.456 999.999 0.999 999.999 0.456 9.999 0.456 9.999 0.456
153.291667 154.291667   42.21 0.000  0.86 0.000000 9.999 0.259000 9.99 0.259000  0.030 0.000   0.870 0.000   1.217 0.000  13.440 0.000   9.148 0.000   4.292 0.000 0.018 0.000 0.437 0.000
156.291667 157.291667   53.48 0.000  1.16 0.000000 9.999 0.259000 0.06 0.000000  0.073 0.000   0.777 0.000   1.087 0.000  14.579 0.000   9.164 0.000   5.415 0.000 0.033 0.000 0.578 0.000
159.291667 160.291667   19.92 0.000  0.49 0.000000 9.999 0.259000 9.99 0.259000  0.013 0.000   0.416 0.000   0.583 0.000   6.646 0.000   3.858 0.000   2.788 0.000 0.012 0.000 0.330 0.000
162.291667 163.291667   22.72 0.000  0.37 0.000000 9.999 0.259000 0.09 0.000000  0.028 0.000   0.473 0.000   0.662 0.000   5.482 0.000   3.296 0.000   2.186 0.000 0.015 0.000 0.169 0.000
165.291667 166.291667   23.34 0.000  0.49 0.000000 0.051 0.000000 9.99 0.259000  0.009 0.000   0.367 0.000   0.514 0.000   4.589 0.000   3.008 0.000   1.581 0.000 0.012 0.000 0.111 0.000
168.291667 169.291667  148.75 0.559  0.30 0.559000 9.999 0.559259 0.08 0.559000  0.011 0.000   0.297 0.000   0.416 0.000   5.106 0.000   0.353 0.000   4.753 0.559 0.045 0.559 0.201 0.000
171.291667 172.291667   98.31 0.559  0.31 0.559000 9.999 0.559259 0.09 0.559000  0.010 0.000   0.407 0.000   0.570 0.000   6.413 0.000   3.154 0.000   3.260 0.559 0.031 0.559 0.183 0.000
174.291667 175.291667   40.64 0.559  0.55 0.559000 9.999 0.559259 0.09 0.559000  0.014 0.000   0.824 0.000   1.153 0.000   6.904 0.000   4.058 0.000   2.846 0.559 0.025 0.559 0.153 0.000
177.291667 178.291667   50.91 0.559  0.46 0.559000 9.999 0.559259 9.99 0.559259  0.023 0.000   0.560 0.000   0.785 0.000   9.518 0.000   6.570 0.000   2.948 0.559 0.021 0.559 0.258 0.000
180.291667 181.291667   78.73 0.000  0.46 0.000000 0.069 0.000000 0.19 0.000000  0.014 0.000   0.801 0.000   1.121 0.000  13.251 0.000   9.075 0.000   4.176 0.000 0.031 0.000 0.334 0.000
183.291667 184.291667   39.20 0.559  0.43 0.559000 9.999 0.559259 9.99 0.559259  0.054 0.000   1.088 0.000   1.523 0.000   8.358 0.000   4.458 0.000   3.899 0.559 0.027 0.559 0.211 0.000
186.291667 187.291667    3.12 0.559  0.23 0.559000 9.999 0.559259 9.99 0.559259  0.018 0.000   0.305 0.000   0.426 0.000   3.698 0.000   1.326 0.000   2.372 0.559 0.013 0.559 0.349 0.000
189.291667 190.291667   10.52 0.000 99.99 0.259000 9.999 0.259000 9.99 0.259000  0.021 0.000   0.408 0.000   0.571 0.000   3.739 0.000   2.327 0.000   1.412 0.000 0.009 0.000 0.079 0.000
192.291667 193.291667   45.91 0.000  1.21 0.000000 9.999 0.259000 9.99 0.259000  0.215 0.000   0.942 0.000   1.319 0.000  14.175 0.000   9.239 0.000   4.936 0.000 0.036 0.000 0.548 0.000
195.291667 196.291667   89.84 0.000  0.66 0.000000 9.999 0.259000 9.99 0.259000  0.028 0.000   1.269 0.000   1.776 0.000  15.523 0.000  10.243 0.000   5.280 0.000 0.036 0.000 0.401 0.000
198.291667 199.291667   59.57 0.559  0.73 0.559000 9.999 0.559259 0.07 0.559000  0.029 0.000   3.265 0.000   4.571 0.000  18.316 0.000   9.863 0.000   8.453 0.559 0.066 0.559 0.277 0.000
201.291667 202.291667   73.94 0.000  0.11 0.000000 9.999 0.259000 9.99 0.259000  0.014 0.000   1.714 0.000   2.399 0.000  14.856 0.000   9.781 0.000   5.075 0.000 0.038 0.000 0.198 0.000
204.291667 205.291667  124.61 0.559  0.28 0.559000 9.999 0.559259 9.99 0.559259  0.037 0.000   4.439 0.000   6.215 0.000  21.394 0.000  10.917 0.000  10.477 0.559 0.082 0.559 0.238 0.000
207.291667 208.291667   69.98 0.559  0.25 0.559000 9.999 0.559259 9.99 0.559259  0.012 0.000   1.060 0.000   1.484 0.000  13.402 0.000   9.344 0.000   4.058 0.559 0.031 0.559 0.231 0.000
210.291667 211.291667  168.19 0.000  0.44 0.000000 9.999 0.259000 9.99 0.259000  0.016 0.000   0.902 0.000   1.264 0.000  16.095 0.000  11.475 0.000   4.620 0.000 0.049 0.000 0.227 0.000
213.291667 214.291667   61.35 0.000  0.33 0.000000 9.999 0.259000 9.99 0.259000  0.026 0.000   2.787 0.000   3.902 0.000  16.683 0.000   9.393 0.000   7.290 0.000 0.044 0.000 0.337 0.000
216.291667 217.291667   30.46 0.559  0.43 0.559000 9.999 0.559259 9.99 0.559259  0.024 0.000   1.850 0.000   2.590 0.000   9.122 0.000   4.625 0.000   4.497 0.559 0.065 0.559 0.121 0.000
219.291667 220.291667   62.16 0.559  0.87 0.559000 9.999 0.559259 9.99 0.559259  0.055 0.559   1.221 0.000   1.709 0.000  15.432 0.000  10.708 0.000   4.724 0.559 0.028 0.559 0.363 0.559
222.291667 223.291667   23.14 0.559 99.99 0.559259 9.999 0.559259 9.99 0.559259  0.010 0.000   0.395 0.000   0.553 0.000   5.896 0.000   3.739 0.000   2.157 0.559 0.013 0.559 0.209 0.000
225.291667 226.291667   65.79 0.559  0.42 0.559000 9.999 0.559259 9.99 0.559259  0.023 0.559   0.943 0.000   1.320 0.000  15.286 0.000  11.017 0.000   4.269 0.559 0.020 0.559 0.429 0.559
228.291667 229.291667   43.55 0.000  0.18 0.000000 9.999 0.259000 9.99 0.259000  0.059 0.000  11.440 0.000  16.016 0.000  28.568 0.000   6.211 0.000  22.357 0.000 0.114 0.000 0.439 0.000
231.291667 232.291667  175.16 0.559 99.99 0.559259 0.072 0.559000 9.99 0.559259  0.015 0.000   2.888 0.000   4.043 0.000  23.815 0.000  16.957 0.000   6.859 0.559 0.051 0.559 0.146 0.000
234.291667 235.291667   50.30 0.000 99.99 0.259000 9.999 0.259000 9.99 0.259000  0.019 0.000   0.932 0.000   1.305 0.000   9.903 0.000   6.259 0.000   3.644 0.000 0.023 0.000 0.371 0.000
237.291667 238.291667  139.93 0.000  0.30 0.000000 0.082 0.000000 9.99 0.259000  0.009 0.000   0.446 0.000   0.624 0.000  12.377 0.000  10.352 0.000   2.026 0.000 0.024 0.000 0.055 0.000
240.291667 241.291667   44.47 0.000  0.17 0.000000 9.999 0.259000 9.99 0.259000  0.016 0.000   0.501 0.000   0.701 0.000   7.884 0.000   5.014 0.000   2.870 0.000 0.014 0.000 0.299 0.000
243.291667 244.291667   95.85 0.559 99.99 0.559259 9.999 0.559259 9.99 0.559259  0.013 0.559   0.609 0.000   0.852 0.000  12.053 0.000   8.977 0.000   3.075 0.559 0.026 0.559 0.190 0.559
246.291667 247.291667   48.09 0.000 99.99 0.259000 0.134 0.000000 0.06 0.000000  0.021 0.000   0.892 0.000   1.249 0.000   8.007 0.000   5.287 0.000   2.720 0.000 0.020 0.000 0.132 0.000
249.291667 250.291667   14.76 0.000 99.99 0.259000 9.999 0.259000 0.09 0.000000  0.007 0.000   0.679 0.000   0.951 0.000   9.451 0.000   7.520 0.000   1.931 0.000 0.009 0.000 0.111 0.000
252.291667 253.291667   82.21 0.000  0.34 0.000000 9.999 0.259000 9.99 0.259000  0.050 0.000   1.051 0.000   1.471 0.000  12.346 0.000   8.382 0.000   3.964 0.000 0.028 0.000 0.245 0.000
