scripts/IMPROVE-2019_partial/data/US3500R.20170101070000.20191216000000.filterpack...52w.3d.US03L_filterpack_US3500.US03L_IMPROVE_Davis.lev2.nas
51 1001
MISSING INFORMATION
US03L, IMPROVE, , , , , , , 
MISSING INFORMATION
IMPROVE sel_HTAP
1 1
2017 01 01 2019 12 16
3.000000
days from file reference point
4
1 1 1 1
999.999999 999.999 999.999 9.999
end_time of measurement, days from the file reference point
pm10_mass, ug/m3, Matrix=pm10
pm25_mass, ug/m3, Matrix=pm25
numflag, no unit
0
33
Data definition:              EBAS_1.1
Set type code:                TU
Timezone:                     UTC
File name:                    US3500R.20170101070000.20191216000000.filterpack...52w.3d.US03L_filterpack_US3500.US03L_IMPROVE_Davis.lev2.nas
File creation:                20191218120416
Startdate:                    20170101070000
Revision date:                20191216000000
Version:                      2
Version description:          "Data extracted from http://views.cira.colostate.edu/fed/DataWizard 2019-12-16"
Statistics:                   arithmetic mean
Data level:                   2
Period code:                  52w
Resolution code:              3d
Sample duration:              1d
Orig. time res.:              3d
Station code:                 US3500R
Platform code:                US3500S
Station name:                 Theodore Roosevelt National Park-Painted Canyon
Station latitude:             46.8947
Station longitude:            -103.3777
Station altitude:             841.0 m
Regime:                       IMG
Component:                    
Unit:                         ug/m3
Matrix:                       
Laboratory code:              US03L
Instrument type:              filterpack
Instrument name:              filterpack_US3500
Method ref:                   US03L_IMPROVE_Davis
Blank correction:             Blank corrected
Volume std. temperature:      ambient
Volume std. pressure:         ambient
starttime endtime PM10 PM2.5 flag
  0.291667   1.291667   7.028   2.672 0.000
  3.291667   4.291667   4.554   2.782 0.000
  6.291667   7.291667   5.048   2.455 0.000
  9.291667  10.291667  11.121   4.441 0.000
 12.291667  13.291667   5.675   2.788 0.000
 15.291667  16.291667   3.697   1.611 0.000
 18.291667  19.291667   7.227   3.728 0.000
 21.291667  22.291667   3.205   2.794 0.000
 24.291667  25.291667 999.999 999.999 0.999
 27.291667  28.291667   2.293   1.102 0.000
 30.291667  31.291667   2.687   0.966 0.000
 33.291667  34.291667   6.904   3.236 0.000
 36.291667  37.291667   9.565   6.687 0.000
 39.291667  40.291667   6.850   3.476 0.000
 42.291667  43.291667   2.253   0.761 0.000
 45.291667  46.291667   6.606   1.134 0.000
 48.291667  49.291667   4.052   0.864 0.000
 51.291667  52.291667   3.487   0.405 0.000
 54.291667  55.291667   5.017   3.101 0.000
 57.291667  58.291667  11.682   9.393 0.000
 60.291667  61.291667   4.957   3.030 0.000
 63.291667  64.291667   4.666   1.757 0.000
 66.291667  67.291667   3.562   1.448 0.000
 69.291667  70.291667   5.088   2.555 0.000
 72.291667  73.291667   5.910   4.190 0.000
 75.291667  76.291667   3.091   1.983 0.000
 78.291667  79.291667   3.690   1.648 0.000
 81.291667  82.291667   7.501   2.789 0.000
 84.291667  85.291667   2.419   0.764 0.000
 87.291667  88.291667   5.188   1.683 0.000
 90.291667  91.291667   5.697   1.712 0.000
 93.291667  94.291667   3.039   2.189 0.000
 96.291667  97.291667  10.357   2.708 0.000
 99.291667 100.291667   6.647   1.695 0.000
102.291667 103.291667  22.580   6.915 0.000
105.291667 106.291667   3.072   1.106 0.000
108.291667 109.291667   3.034   1.875 0.000
111.291667 112.291667   7.125   2.870 0.000
114.291667 115.291667   3.631   1.660 0.000
117.291667 118.291667  11.546   3.032 0.000
120.291667 121.291667   8.648   1.722 0.000
123.291667 124.291667   8.297   2.695 0.000
126.291667 127.291667  19.912   5.573 0.000
129.291667 130.291667  10.107   3.118 0.000
132.291667 133.291667  13.159   4.014 0.000
135.291667 136.291667   8.406   4.331 0.000
138.291667 139.291667  16.002   3.442 0.000
141.291667 142.291667  10.873   4.752 0.000
144.291667 145.291667   5.312   1.487 0.000
147.291667 148.291667  13.397   3.185 0.000
150.291667 151.291667  15.075   4.228 0.000
153.291667 154.291667   7.465   1.833 0.000
156.291667 157.291667   7.374   2.173 0.000
159.291667 160.291667  17.008   4.593 0.000
162.291667 163.291667   6.866   1.256 0.000
165.291667 166.291667   8.693   2.340 0.000
168.291667 169.291667   5.845   1.967 0.000
171.291667 172.291667  11.827   2.833 0.000
174.291667 175.291667   7.121   1.500 0.000
177.291667 178.291667  17.640   4.420 0.000
180.291667 181.291667   7.688   2.632 0.000
183.291667 184.291667 999.999 999.999 0.999
186.291667 187.291667 999.999 999.999 0.999
189.291667 190.291667 999.999 999.999 0.999
192.291667 193.291667   9.328   2.830 0.000
195.291667 196.291667  17.392   6.583 0.000
198.291667 199.291667  25.004  13.958 0.000
201.291667 202.291667  11.720   6.358 0.000
204.291667 205.291667  16.574   7.310 0.000
207.291667 208.291667  19.067   6.186 0.000
210.291667 211.291667  10.545   4.049 0.000
213.291667 214.291667  11.146   5.205 0.000
216.291667 217.291667   8.696   3.207 0.000
219.291667 220.291667  13.166   5.105 0.000
222.291667 223.291667  15.259   4.374 0.000
225.291667 226.291667  13.625   3.328 0.000
228.291667 229.291667  22.376  12.468 0.000
231.291667 232.291667  17.180   4.364 0.000
234.291667 235.291667  19.109   6.265 0.000
237.291667 238.291667  16.080   6.618 0.000
240.291667 241.291667  23.072   8.569 0.000
243.291667 244.291667  27.425  15.726 0.000
246.291667 247.291667 999.999 999.999 0.999
249.291667 250.291667  22.112   5.127 0.000
252.291667 253.291667 999.999 999.999 0.999
255.291667 256.291667  77.075  44.069 0.000
258.291667 259.291667   1.899   0.267 0.000
261.291667 262.291667 999.999 999.999 0.999
264.291667 265.291667 999.999 999.999 0.999
267.291667 268.291667   2.969   1.717 0.000
270.291667 271.291667 999.999 999.999 0.999
273.291667 274.291667   5.454   2.805 0.000
276.291667 277.291667   3.071   1.314 0.000
279.291667 280.291667   9.526   2.846 0.000
282.291667 283.291667   7.746   1.574 0.000
285.291667 286.291667  11.864   4.681 0.000
288.291667 289.291667   6.764   1.501 0.000
291.291667 292.291667  18.656   4.279 0.000
294.291667 295.291667   7.110   0.738 0.000
297.291667 298.291667  11.159   1.412 0.000
300.291667 301.291667   6.190   1.885 0.000
303.291667 304.291667   5.926   1.538 0.000
306.291667 307.291667   5.148   3.580 0.000
309.291667 310.291667   6.690   4.629 0.000
312.291667 313.291667   7.907   6.395 0.000
315.291667 316.291667   3.274   1.017 0.000
318.291667 319.291667   8.281   4.204 0.000
321.291667 322.291667   8.961   5.903 0.000
324.291667 325.291667   7.098   3.120 0.000
327.291667 328.291667   1.208   0.525 0.000
330.291667 331.291667   3.521   0.684 0.000
333.291667 334.291667   3.128   0.963 0.000
336.291667 337.291667   5.694   1.437 0.000
339.291667 340.291667   1.635   1.086 0.000
342.291667 343.291667   4.124   1.579 0.000
345.291667 346.291667   9.360   2.836 0.000
348.291667 349.291667   4.548   1.618 0.000
351.291667 352.291667   1.350   0.532 0.000
354.291667 355.291667   3.101   2.098 0.000
357.291667 358.291667   2.731   1.192 0.000
360.291667 361.291667   3.428   1.359 0.000
363.291667 364.291667   2.233   1.676 0.000
