scripts/IMPROVE-2019_partial/data/US3818R.20020102080000.20191216000000.filterpack..pm25.52w.1w.US03L_filterpack_US3818.US03L_IMPROVE_Davis.lev2.nas
64 1001
MISSING INFORMATION
US03L, IMPROVE, , , , , , , 
MISSING INFORMATION
IMPROVE sel_HTAP
1 1
2002 01 01 2019 12 16
3.000000
days from file reference point
25
1 1 1 1 1 1 1 1 1 1 1 1 1 1 1 1 1 1 1 1 1 1 1 1 1
999.999999 9999.99 9.999 99.99 9.999 9.999 9.999999 9.99 9.999999 99.999 9.999999 999.999 9.999 999.999 9.999 9999.999 9.999 999.999 9.999 999.999 9.999 9.999 9.999 9.999 9.999999
end_time of measurement, days from the file reference point
iron, ng/m3, Revision date=20181210133000
numflag iron, no unit, Revision date=20181210133000
lead, ng/m3, Revision date=20181210133000
numflag lead, no unit, Revision date=20181210133000
magnesium, ug/m3, Revision date=20181210133000
numflag magnesium, no unit, Revision date=20181210133000
nickel, ng/m3, Revision date=20181210133000
numflag nickel, no unit, Revision date=20181210133000
nitrate, ug N/m3, Revision date=20181210133000
numflag nitrate, no unit, Revision date=20181210133000
organic_carbon, ug C/m3, Revision date=20181210133000
numflag organic_carbon, no unit, Revision date=20181210133000
organic_mass, ug/m3, Revision date=20181210133000
numflag organic_mass, no unit, Revision date=20181210133000
pm10_mass, ug/m3, Version=2, Version description=Data extracted from http://views.cira.colostate.edu/fed/DataWizard 2019-12-16, Sample duration=1d, Orig. time res.=3d, Matrix=pm10, Blank correction=Blank corrected, Volume std. temperature=ambient, Volume std. pressure=ambient
numflag pm10_mass, no unit, Version=2, Version description=Data extracted from http://views.cira.colostate.edu/fed/DataWizard 2019-12-16, Sample duration=1d, Orig. time res.=3d, Matrix=pm10, Blank correction=Blank corrected, Volume std. temperature=ambient, Volume std. pressure=ambient
pm10_pm25_mass, ug/m3, Revision date=20181210133000, Matrix=pm10_pm25
numflag pm10_pm25_mass, no unit, Revision date=20181210133000, Matrix=pm10_pm25
pm25_mass, ug/m3, Version=2, Version description=Data extracted from http://views.cira.colostate.edu/fed/DataWizard 2019-12-16, Sample duration=1d, Orig. time res.=3d, Blank correction=Blank corrected, Volume std. temperature=ambient, Volume std. pressure=ambient
numflag pm25_mass, no unit, Version=2, Version description=Data extracted from http://views.cira.colostate.edu/fed/DataWizard 2019-12-16, Sample duration=1d, Orig. time res.=3d, Blank correction=Blank corrected, Volume std. temperature=ambient, Volume std. pressure=ambient
potassium, ug/m3, Revision date=20181210133000
numflag potassium, no unit, Revision date=20181210133000
sulphate_total, ug S/m3, Revision date=20181210133000
numflag sulphate_total, no unit, Revision date=20181210133000
0
25
Data definition:              EBAS_1.1
Set type code:                TU
Timezone:                     UTC
File name:                    US3818R.20020102080000.20191216000000.filterpack..pm25.52w.1w.US03L_filterpack_US3818.US03L_IMPROVE_Davis.lev2.nas
File creation:                20191218120419
Startdate:                    20020102080000
Revision date:                20191216000000
Statistics:                   arithmetic mean
Data level:                   2
Period code:                  52w
Resolution code:              1w
Station code:                 US3818R
Platform code:                US3818S
Station name:                 Starkey Experimental Forest (OR18)
Station latitude:             45.2244
Station longitude:            -118.5114
Station altitude:             1253.0 m
Regime:                       IMG
Component:                    
Matrix:                       pm25
Laboratory code:              US03L
Instrument type:              filterpack
Instrument name:              filterpack_US3818
Method ref:                   US03L_IMPROVE_Davis
starttime endtime Fe flag_Fe Pb flag_Pb Mg++ flag_Mg++ Ni flag_Ni NO3- flag_NO3- OC flag_OC OM flag_OM PM10 flag_PM10 PM10-PM2.5 flag_PM10-PM2.5 PM2.5 flag_PM2.5 K+ flag_K+ SO4-- flag_SO4--
  1.333333   2.333333    1.96 0.000  0.26 0.000 9.999 0.259000 9.99 0.259000  0.228 0.000000   1.130 0.000   1.582 0.000    3.347 0.000 999.999 0.259   3.457 0.000 0.006 0.000 0.201 0.000000
  4.333333   5.333333    2.19 0.000  0.20 0.000 9.999 0.259000 9.99 0.259000  0.087 0.000000   1.240 0.000   1.736 0.000    2.552 0.000   0.003 0.000   2.549 0.000 0.009 0.000 0.074 0.000000
  7.333333   8.333333    1.76 0.000 99.99 0.259 9.999 0.259000 9.99 0.259000 99.999 0.259000   2.886 0.000   4.040 0.000    4.412 0.000 999.999 0.259   4.798 0.000 0.018 0.000 0.017 0.000000
 10.333333  11.333333    6.67 0.000  0.44 0.000 9.999 0.259000 9.99 0.259000  0.481 0.000000   2.091 0.000   2.927 0.000    5.522 0.000   0.037 0.000   5.486 0.000 0.012 0.000 0.129 0.000000
 13.333333  14.333333    4.02 0.000  0.42 0.000 9.999 0.259000 9.99 0.259000  0.175 0.559000   0.657 0.000   0.920 0.000    2.525 0.000   0.240 0.000   2.285 0.000 0.012 0.000 0.113 0.559000
 16.333333  17.333333    2.23 0.000  0.30 0.000 9.999 0.259000 9.99 0.259000  0.070 0.000000   0.519 0.000   0.727 0.000    2.175 0.000   0.287 0.000   1.888 0.000 0.007 0.000 0.190 0.000000
 19.333333  20.333333    1.67 0.000  0.20 0.000 9.999 0.259000 9.99 0.259000  0.005 0.000000   0.137 0.000   0.192 0.000    1.004 0.000   0.533 0.000   0.471 0.000 0.005 0.000 0.031 0.000000
 22.333333  23.333333    2.10 0.000  0.23 0.000 9.999 0.259000 9.99 0.259000  0.007 0.559000   0.112 0.000   0.157 0.000    1.094 0.000   0.569 0.000   0.525 0.000 0.004 0.000 0.026 0.559000
 25.333333  26.333333    4.19 0.000  0.26 0.000 0.029 0.000000 0.07 0.000000 99.999 0.259000   1.801 0.000   2.522 0.000    3.096 0.000   0.420 0.000   2.676 0.000 0.005 0.000 0.013 0.000000
 28.333333  29.333333    1.78 0.000  0.25 0.000 9.999 0.259000 9.99 0.259000  0.041 0.559000   3.043 0.000   4.260 0.000    5.819 0.000   0.321 0.000   5.499 0.000 0.014 0.000 0.042 0.559000
 31.333333  32.333333    8.53 0.000 99.99 0.259 9.999 0.259000 9.99 0.259000  1.002 0.000000   1.286 0.000   1.800 0.000    9.007 0.000   0.727 0.000   8.280 0.000 0.015 0.000 0.240 0.000000
 34.333333  35.333333   24.05 0.000  0.47 0.000 9.999 0.259000 9.99 0.259000  0.762 0.000000   3.968 0.000   5.555 0.000   12.332 0.000 999.999 0.259  12.975 0.000 0.049 0.000 0.204 0.000000
 37.333333  38.333333   28.94 0.000  0.32 0.000 9.999 0.259000 9.99 0.259000  0.030 0.000000   0.261 0.000   0.366 0.000    9.580 0.000   8.243 0.000   1.337 0.000 0.019 0.000 0.051 0.000000
 40.333333  41.333333   14.70 0.000  0.30 0.000 9.999 0.259000 9.99 0.259000  0.101 0.559000   0.316 0.000   0.442 0.000    3.681 0.000   2.461 0.000   1.220 0.000 0.011 0.000 0.056 0.559000
 43.333333  44.333333   14.38 0.000  0.63 0.000 9.999 0.259000 0.04 0.000000  0.243 0.000000   0.412 0.000   0.577 0.000    3.389 0.000   1.084 0.000   2.305 0.000 0.021 0.000 0.135 0.000000
 46.333333  47.333333   18.88 0.000  1.18 0.000 9.999 0.259000 9.99 0.259000  0.366 0.559000   0.466 0.000   0.653 0.000    4.644 0.000   1.611 0.000   3.033 0.000 0.017 0.000 0.220 0.559000
 49.333333  50.333333    2.87 0.000  0.21 0.000 9.999 0.259000 9.99 0.259000  0.008 0.000000   0.184 0.000   0.257 0.000    0.672 0.000   0.254 0.000   0.418 0.000 0.003 0.000 0.026 0.000000
 52.333333  53.333333    9.64 0.000  0.34 0.000 9.999 0.259000 9.99 0.259000  0.088 0.000000   1.209 0.000   1.693 0.000    3.160 0.000   0.582 0.000   2.579 0.000 0.012 0.000 0.087 0.000000
 55.333333  56.333333    5.61 0.000  0.41 0.000 9.999 0.259000 9.99 0.259000  0.043 0.559000   2.726 0.000   3.816 0.000    5.513 0.000 999.999 0.259   5.591 0.000 0.023 0.000 0.183 0.559000
 58.333333  59.333333    9.27 0.000  0.44 0.000 9.999 0.259000 0.08 0.000000  0.142 0.000000   2.317 0.000   3.244 0.000    9.413 0.000   4.227 0.000   5.186 0.000 0.026 0.000 0.176 0.000000
 61.333333  62.333333   12.17 0.000  1.56 0.000 9.999 0.259000 9.99 0.259000  0.043 0.559000   4.220 0.000   5.908 0.000    7.907 0.000   0.034 0.000   7.872 0.000 0.094 0.000 0.121 0.559000
 64.333333  65.333333    4.99 0.000  0.26 0.000 9.999 0.259000 9.99 0.259000  0.006 0.000000   0.667 0.000   0.935 0.000    2.162 0.000   1.124 0.000   1.039 0.000 0.008 0.000 0.029 0.000000
 67.333333  68.333333   64.03 0.000  1.01 0.000 9.999 0.259000 0.13 0.000000  0.063 0.000000   0.709 0.000   0.993 0.000    8.534 0.000   5.566 0.000   2.968 0.000 0.036 0.000 0.169 0.000000
 70.333333  71.333333   75.90 0.000  0.43 0.000 9.999 0.259000 9.99 0.259000  0.012 0.000000   2.759 0.000   3.862 0.000    5.799 0.000   0.401 0.000   5.398 0.000 0.052 0.000 0.061 0.000000
 73.333333  74.333333   52.58 0.000  0.83 0.000 9.999 0.259000 0.12 0.000000  0.028 0.000000   0.432 0.000   0.604 0.000    3.974 0.000   1.911 0.000   2.063 0.000 0.035 0.000 0.121 0.000000
 76.333333  77.333333    6.09 0.000  0.34 0.000 9.999 0.259000 9.99 0.259000  0.053 0.000000   0.746 0.000   1.044 0.000    2.552 0.000   0.580 0.000   1.972 0.000 0.010 0.000 0.133 0.000000
 79.333333  80.333333   14.56 0.000  0.42 0.000 9.999 0.259000 0.15 0.000000  0.106 0.000000   0.823 0.000   1.153 0.000    4.058 0.000   0.978 0.000   3.080 0.000 0.024 0.000 0.318 0.000000
 82.333333  83.333333    7.93 0.000  0.62 0.000 9.999 0.259000 0.13 0.000000  0.033 0.000000   0.421 0.000   0.590 0.000    2.635 0.000   0.907 0.000   1.728 0.000 0.010 0.000 0.196 0.000000
 85.333333  86.333333  153.34 0.000  1.32 0.000 9.999 0.259000 0.14 0.000000  0.041 0.000000   0.529 0.000   0.741 0.000   10.687 0.000   5.114 0.000   5.573 0.000 0.088 0.000 0.184 0.000000
 88.333333  89.333333   53.85 0.000  1.24 0.000 9.999 0.259000 0.15 0.000000  0.042 0.559000   4.498 0.000   6.297 0.000   11.768 0.000   2.560 0.000   9.208 0.000 0.076 0.000 0.237 0.559000
 91.333333  92.333333   35.90 0.000  0.95 0.000 9.999 0.259000 9.99 0.259000  0.045 0.000000   0.522 0.000   0.731 0.000    6.513 0.000   4.315 0.000   2.199 0.000 0.029 0.000 0.167 0.000000
 94.333333  95.333333   66.83 0.000  1.77 0.000 9.999 0.259000 0.10 0.000000  0.054 0.000000   0.865 0.000   1.210 0.000    8.483 0.000   4.562 0.000   3.921 0.000 0.041 0.000 0.192 0.000000
 97.333333  98.333333   37.06 0.000  1.37 0.000 0.054 0.000000 0.11 0.000000  0.022 0.000000   0.440 0.000   0.615 0.000    4.200 0.000   2.237 0.000   1.963 0.000 0.025 0.000 0.145 0.000000
100.333333 101.333333   25.18 0.000  0.46 0.000 9.999 0.259000 9.99 0.259000  0.013 0.000000   1.146 0.000   1.604 0.000    3.142 0.000   0.522 0.000   2.619 0.000 0.024 0.000 0.079 0.000000
103.333333 104.333333    9.35 0.000  0.33 0.000 9.999 0.259000 9.99 0.259000  0.027 0.000000   0.281 0.000   0.394 0.000    2.703 0.000   1.314 0.000   1.389 0.000 0.013 0.000 0.076 0.000000
106.333333 107.333333   23.15 0.000  0.26 0.000 9.999 0.259000 0.09 0.000000  0.015 0.000000   0.114 0.000   0.159 0.000    1.663 0.000   0.960 0.000   0.703 0.000 0.014 0.000 0.057 0.000000
109.333333 110.333333   40.80 0.000  1.13 0.000 9.999 0.259000 0.10 0.000000  0.060 0.000000   0.721 0.000   1.009 0.000    6.778 0.000   3.004 0.000   3.774 0.000 0.033 0.000 0.330 0.000000
112.333333 113.333333   41.28 0.000  0.72 0.000 9.999 0.259000 9.99 0.259000  0.050 0.000000   0.254 0.000   0.356 0.000    5.337 0.000   2.739 0.000   2.598 0.000 0.032 0.000 0.197 0.000000
115.333333 116.333333  104.42 0.000  2.05 0.000 9.999 0.259000 0.21 0.000000  0.083 0.000000   0.730 0.000   1.022 0.000   10.521 0.000   5.711 0.000   4.810 0.000 0.068 0.000 0.350 0.000000
118.333333 119.333333   47.69 0.000  0.92 0.000 9.999 0.259000 9.99 0.259000  0.023 0.000000   0.689 0.000   0.964 0.000    4.948 0.000   2.212 0.000   2.737 0.000 0.033 0.000 0.156 0.000000
121.333333 122.333333   93.96 0.000  1.03 0.000 9.999 0.259000 0.13 0.000000  0.051 0.559000   1.061 0.000   1.486 0.000   13.723 0.000   8.461 0.000   5.263 0.000 0.051 0.000 0.257 0.559000
124.333333 125.333333   93.57 0.000  1.21 0.000 9.999 0.259000 0.15 0.000000  0.052 0.559000   0.386 0.000   0.541 0.000    9.814 0.000   6.130 0.000   3.684 0.000 0.055 0.000 0.168 0.559000
127.333333 128.333333   21.13 0.000  0.54 0.000 9.999 0.259000 0.21 0.000000  0.042 0.559000   0.568 0.000   0.795 0.000    4.034 0.000   0.997 0.000   3.036 0.000 0.015 0.000 0.293 0.559000
130.333333 131.333333   26.40 0.000  2.30 0.000 9.999 0.259000 0.17 0.000000  0.046 0.559000   0.765 0.000   1.071 0.000    6.612 0.000   2.821 0.000   3.791 0.000 0.023 0.000 0.337 0.559000
133.333333 134.333333   38.44 0.000 99.99 0.259 9.999 0.259000 0.14 0.000000  0.007 0.559000   0.135 0.000   0.189 0.000    3.353 0.000   1.872 0.000   1.481 0.000 0.018 0.000 0.057 0.559000
136.333333 137.333333   52.97 0.000  0.63 0.000 9.999 0.259000 0.18 0.000000  0.033 0.000000   1.434 0.000   2.007 0.000    7.194 0.000   2.756 0.000   4.438 0.000 0.031 0.000 0.189 0.000000
139.333333 140.333333    8.75 0.000  0.27 0.000 9.999 0.259000 9.99 0.259000  0.007 0.559000   0.392 0.000   0.549 0.000    2.728 0.000   1.556 0.000   1.172 0.000 0.008 0.000 0.058 0.559000
142.333333 143.333333    7.20 0.000  0.43 0.000 9.999 0.259000 0.10 0.000000  0.033 0.559000   0.407 0.000   0.570 0.000    2.952 0.000   1.436 0.000   1.516 0.000 0.006 0.000 0.132 0.559000
145.333333 146.333333   23.06 0.000  0.41 0.000 9.999 0.259000 9.99 0.259000  0.011 0.559000   0.586 0.000   0.821 0.000    4.299 0.000   2.495 0.000   1.804 0.000 0.016 0.000 0.095 0.559000
148.333333 149.333333   12.62 0.000  0.27 0.000 9.999 0.259000 9.99 0.259000  0.018 0.559000   0.601 0.000   0.842 0.000    3.657 0.000   1.958 0.000   1.699 0.000 0.010 0.000 0.099 0.559000
151.333333 152.333333   33.23 0.000  0.78 0.000 9.999 0.259000 9.99 0.259000  0.070 0.559000   1.142 0.000   1.599 0.000    7.564 0.000   3.274 0.000   4.290 0.000 0.029 0.000 0.238 0.559000
154.333333 155.333333   21.44 0.000  0.50 0.000 0.011 0.000000 9.99 0.259000  0.025 0.559000   0.424 0.000   0.594 0.000    4.941 0.000   3.210 0.000   1.732 0.000 0.014 0.000 0.103 0.559000
157.333333 158.333333   32.03 0.394  0.32 0.394 9.999 0.394259 9.99 0.394259  0.049 0.559394   0.381 0.000   0.534 0.000    7.430 0.000   5.206 0.000   2.224 0.000 0.015 0.394 0.143 0.559394
160.333333 161.333333    8.40 0.000  0.40 0.000 9.999 0.259000 9.99 0.259000  0.015 0.559000   0.424 0.000   0.594 0.000    2.480 0.000   0.538 0.000   1.942 0.000 0.009 0.000 0.136 0.559000
163.333333 164.333333   25.11 0.000  0.65 0.000 9.999 0.259000 9.99 0.259000  0.017 0.000000   1.638 0.000   2.294 0.000    6.986 0.000   2.261 0.000   4.725 0.000 0.018 0.000 0.233 0.000000
166.333333 167.333333   56.10 0.000  0.64 0.000 9.999 0.259000 9.99 0.259000  0.028 0.000000   1.182 0.000   1.655 0.000   12.656 0.000   8.521 0.000   4.135 0.000 0.033 0.000 0.226 0.000000
169.333333 170.333333    7.66 0.000  0.50 0.000 9.999 0.259000 9.99 0.259000  0.026 0.000000   0.473 0.000   0.662 0.000    5.291 0.000   3.524 0.000   1.767 0.000 0.006 0.000 0.131 0.000000
172.333333 173.333333   47.47 0.000  0.74 0.000 9.999 0.259000 0.12 0.000000  0.024 0.000000   1.980 0.000   2.772 0.000   11.629 0.000   6.080 0.000   5.549 0.000 0.036 0.000 0.124 0.000000
175.333333 176.333333   42.73 0.000  0.85 0.000 9.999 0.259000 0.14 0.000000  0.016 0.559000   1.025 0.000   1.435 0.000    8.869 0.000   5.769 0.000   3.100 0.000 0.020 0.000 0.164 0.559000
178.333333 179.333333   28.58 0.000  0.31 0.000 9.999 0.259000 9.99 0.259000  0.020 0.000000   0.566 0.000   0.793 0.000    7.071 0.000   5.437 0.000   1.634 0.000 0.013 0.000 0.082 0.000000
181.333333 182.333333   10.85 0.000  0.31 0.000 9.999 0.259000 9.99 0.259000  0.022 0.000000   0.234 0.000   0.327 0.000    4.209 0.000   2.778 0.000   1.431 0.000 0.009 0.000 0.135 0.000000
184.333333 185.333333   32.58 0.000  0.44 0.000 9.999 0.259000 0.13 0.000000  0.034 0.000000   0.835 0.000   1.169 0.000    8.681 0.000   5.480 0.000   3.200 0.000 0.023 0.000 0.236 0.000000
187.333333 188.333333   61.91 0.000  0.54 0.000 9.999 0.259000 0.12 0.000000  0.021 0.000000   1.548 0.000   2.167 0.000   13.638 0.000   9.756 0.000   3.882 0.000 0.035 0.000 0.094 0.000000
190.333333 191.333333   65.36 0.000  0.34 0.000 9.999 0.259000 9.99 0.259000  0.024 0.559000   1.736 0.000   2.431 0.000   14.684 0.000  10.155 0.000   4.529 0.000 0.023 0.000 0.083 0.559000
193.333333 194.333333  170.32 0.000  0.48 0.000 9.999 0.259000 0.09 0.000000  0.050 0.559000   2.796 0.000   3.914 0.000   27.861 0.000  18.301 0.000   9.561 0.000 0.089 0.000 0.214 0.559000
196.333333 197.333333  120.92 0.559  0.27 0.559 9.999 0.559259 9.99 0.559259  0.051 0.559000   2.970 0.000   4.158 0.000   19.989 0.000  11.555 0.000   8.435 0.559 0.055 0.559 0.177 0.559000
199.333333 200.333333   57.84 0.000  0.53 0.000 9.999 0.259000 0.12 0.000000  0.019 0.559000   0.976 0.000   1.367 0.000   10.985 0.000   7.468 0.000   3.516 0.000 0.046 0.000 0.122 0.559000
202.333333 203.333333   86.86 0.559  0.30 0.559 9.999 0.559259 9.99 0.559259  0.020 0.559000   3.571 0.000   4.999 0.000   17.887 0.000   9.141 0.000   8.746 0.559 0.071 0.559 0.133 0.559000
205.333333 206.333333  123.74 0.699  0.36 0.699 9.999 0.699259 9.99 0.699259  0.028 0.000000   3.760 0.000   5.263 0.000   25.758 0.000  15.520 0.000  10.238 0.699 0.083 0.699 0.232 0.000000
208.333333 209.333333   84.57 0.699  0.57 0.699 9.999 0.699259 9.99 0.699259  0.044 0.000000   5.562 0.000   7.786 0.000   20.113 0.000   7.637 0.000  12.476 0.699 0.086 0.699 0.155 0.000000
211.333333 212.333333  132.11 0.000  0.33 0.000 9.999 0.259000 9.99 0.259000  0.020 0.000000   0.365 0.000   0.511 0.000   17.912 0.000  14.697 0.000   3.215 0.000 0.029 0.000 0.118 0.000000
214.333333 215.333333  155.15 0.000  0.17 0.000 0.040 0.000000 0.14 0.000000  0.033 0.000000   0.802 0.000   1.123 0.000   21.299 0.000  16.939 0.000   4.360 0.000 0.054 0.000 0.142 0.000000
217.333333 218.333333   29.92 0.559  0.46 0.559 0.023 0.559000 9.99 0.559259  0.119 0.000000   2.647 0.000   3.706 0.000   12.794 0.000   4.676 0.000   8.118 0.559 0.300 0.559 0.302 0.000000
220.333333 221.333333  101.54 0.000  0.42 0.000 0.020 0.000000 9.99 0.259000  0.035 0.000000   1.395 0.000   1.953 0.000   14.689 0.000   9.741 0.000   4.947 0.000 0.116 0.000 0.185 0.000000
223.333333 224.333333   75.18 0.000  0.37 0.000 9.999 0.259000 9.99 0.259000  0.019 0.000000   1.350 0.000   1.890 0.000   16.456 0.000  12.398 0.000   4.058 0.000 0.032 0.000 0.126 0.000000
226.333333 227.333333   92.88 0.699  0.49 0.699 9.999 0.699259 9.99 0.699259  0.057 0.000000   1.751 0.000   2.452 0.000   18.561 0.000  12.599 0.000   5.962 0.699 0.064 0.699 0.160 0.000000
229.333333 230.333333   71.49 0.000  0.39 0.000 9.999 0.259000 0.12 0.000000  0.046 0.000000   1.058 0.000   1.481 0.000   11.658 0.000   7.919 0.000   3.739 0.000 0.031 0.000 0.108 0.000000
232.333333 233.333333   44.99 0.000  0.24 0.000 9.999 0.259000 9.99 0.259000  0.027 0.000000   0.620 0.000   0.868 0.000    6.733 0.000   3.842 0.000   2.891 0.000 0.033 0.000 0.158 0.000000
235.333333 236.333333   27.90 0.000  0.24 0.000 9.999 0.259000 0.10 0.000000  0.015 0.000000   1.732 0.000   2.424 0.000    8.502 0.000   4.177 0.000   4.325 0.000 0.039 0.000 0.101 0.000000
238.333333 239.333333 9999.99 0.456 99.99 0.456 9.999 0.456000 9.99 0.456000 99.999 0.456000 999.999 0.999 999.999 0.999 9999.999 0.456 999.999 0.999 999.999 0.456 9.999 0.456 9.999 0.456000
241.333333 242.333333  100.94 0.000  0.29 0.000 9.999 0.259000 9.99 0.259000  0.038 0.000000   1.012 0.000   1.416 0.000   13.678 0.000   8.970 0.000   4.708 0.000 0.055 0.000 0.151 0.000000
244.333333 245.333333   84.59 0.000  0.56 0.000 9.999 0.259000 0.29 0.000000  0.008 0.000000   0.322 0.000   0.451 0.000    6.734 0.000   3.968 0.000   2.766 0.000 0.027 0.000 0.096 0.000000
247.333333 248.333333   92.78 0.000  0.46 0.000 0.027 0.000000 0.06 0.000000  0.111 0.000000   1.540 0.000   2.156 0.000   16.684 0.000  11.248 0.000   5.436 0.000 0.157 0.000 0.236 0.000000
