scripts/IMPROVE-2019_partial/data/US3818R.20030103080000.20191216000000.filterpack..pm25.1y.1w.US03L_filterpack_US3818.US03L_IMPROVE_Davis.lev2.nas
66 1001
MISSING INFORMATION
US03L, IMPROVE, , , , , , , 
MISSING INFORMATION
IMPROVE sel_HTAP
1 1
2003 01 01 2019 12 16
3.000000
days from file reference point
27
1 1 1 1 1 1 1 1 1 1 1 1 1 1 1 1 1 1 1 1 1 1 1 1 1 1 1
999.999999 99999.99 9.999 99.99 9.999999 9.999 9.999999 99.99 9.999999 9.999 9.999 999.999 9.999 999.999 9.999 99.99 9.999999 999.999 9.999 999.999 9.999 999.999 9.999 9.999 9.999 9.999 9.999
end_time of measurement, days from the file reference point
iron, ng/m3, Revision date=20181210133000
numflag iron, no unit, Revision date=20181210133000
lead, ng/m3, Revision date=20181210133000
numflag lead, no unit, Revision date=20181210133000
magnesium, ug/m3, Revision date=20181210133000
numflag magnesium, no unit, Revision date=20181210133000
nickel, ng/m3, Revision date=20181210133000
numflag nickel, no unit, Revision date=20181210133000
nitrate, ug N/m3, Revision date=20181210133000
numflag nitrate, no unit, Revision date=20181210133000
organic_carbon, ug C/m3, Revision date=20181210133000
numflag organic_carbon, no unit, Revision date=20181210133000
organic_mass, ug/m3, Revision date=20181210133000
numflag organic_mass, no unit, Revision date=20181210133000
phosphorus, ng/m3, Revision date=20181210133000
numflag phosphorus, no unit, Revision date=20181210133000
pm10_mass, ug/m3, Version=2, Version description=Data extracted from http://views.cira.colostate.edu/fed/DataWizard 2019-12-16, Sample duration=1d, Orig. time res.=3d, Matrix=pm10, Blank correction=Blank corrected, Volume std. temperature=ambient, Volume std. pressure=ambient
numflag pm10_mass, no unit, Version=2, Version description=Data extracted from http://views.cira.colostate.edu/fed/DataWizard 2019-12-16, Sample duration=1d, Orig. time res.=3d, Matrix=pm10, Blank correction=Blank corrected, Volume std. temperature=ambient, Volume std. pressure=ambient
pm10_pm25_mass, ug/m3, Revision date=20181210133000, Matrix=pm10_pm25
numflag pm10_pm25_mass, no unit, Revision date=20181210133000, Matrix=pm10_pm25
pm25_mass, ug/m3, Version=2, Version description=Data extracted from http://views.cira.colostate.edu/fed/DataWizard 2019-12-16, Sample duration=1d, Orig. time res.=3d, Blank correction=Blank corrected, Volume std. temperature=ambient, Volume std. pressure=ambient
numflag pm25_mass, no unit, Version=2, Version description=Data extracted from http://views.cira.colostate.edu/fed/DataWizard 2019-12-16, Sample duration=1d, Orig. time res.=3d, Blank correction=Blank corrected, Volume std. temperature=ambient, Volume std. pressure=ambient
potassium, ug/m3, Revision date=20181210133000
numflag potassium, no unit, Revision date=20181210133000
sulphate_total, ug S/m3, Revision date=20181210133000
numflag sulphate_total, no unit, Revision date=20181210133000
0
25
Data definition:              EBAS_1.1
Set type code:                TU
Timezone:                     UTC
File name:                    US3818R.20030103080000.20191216000000.filterpack..pm25.1y.1w.US03L_filterpack_US3818.US03L_IMPROVE_Davis.lev2.nas
File creation:                20191218120420
Startdate:                    20030103080000
Revision date:                20191216000000
Statistics:                   arithmetic mean
Data level:                   2
Period code:                  1y
Resolution code:              1w
Station code:                 US3818R
Platform code:                US3818S
Station name:                 Starkey Experimental Forest (OR18)
Station latitude:             45.2244
Station longitude:            -118.5114
Station altitude:             1253.0 m
Regime:                       IMG
Component:                    
Matrix:                       pm25
Laboratory code:              US03L
Instrument type:              filterpack
Instrument name:              filterpack_US3818
Method ref:                   US03L_IMPROVE_Davis
starttime endtime Fe flag_Fe Pb flag_Pb Mg++ flag_Mg++ Ni flag_Ni NO3- flag_NO3- OC flag_OC OM flag_OM P flag_P PM10 flag_PM10 PM10-PM2.5 flag_PM10-PM2.5 PM2.5 flag_PM2.5 K+ flag_K+ SO4-- flag_SO4--
  2.333333   3.333333     1.73 0.559  0.20 0.559000 0.014 0.559000 99.99 0.559259 0.068 0.000   0.474 0.000   0.664 0.000 99.99 0.559259   1.321 0.000   0.357 0.000   0.964 0.559 0.004 0.559 0.053 0.000
  5.333333   6.333333     2.50 0.000  0.34 0.000000 9.999 0.259000  0.03 0.000000 0.079 0.000   1.107 0.000   1.551 0.000 99.99 0.259000   3.149 0.000   0.815 0.000   2.334 0.000 0.014 0.000 0.035 0.000
  8.333333   9.333333     3.82 0.000  0.20 0.000000 9.999 0.259000 99.99 0.259000 0.352 0.000   1.127 0.000   1.578 0.000 99.99 0.259000   5.230 0.000   0.780 0.000   4.449 0.000 0.013 0.000 0.127 0.000
 11.333333  12.333333     2.06 0.000  0.57 0.000000 9.999 0.259000 99.99 0.259000 0.195 0.000   0.610 0.000   0.854 0.000 99.99 0.259000   1.832 0.000   0.156 0.000   1.676 0.000 0.006 0.000 0.107 0.000
 14.333333  15.333333     3.57 0.000  0.26 0.000000 0.035 0.000000 99.99 0.259000 0.075 0.559   0.936 0.000   1.310 0.000  2.79 0.000000   2.502 0.000   0.365 0.000   2.137 0.000 0.013 0.000 0.028 0.559
 17.333333  18.333333    14.51 0.000  0.91 0.000000 9.999 0.259000 99.99 0.259000 0.156 0.000   1.696 0.000   2.374 0.000 99.99 0.259000   4.400 0.000   0.595 0.000   3.804 0.000 0.016 0.000 0.049 0.000
 20.333333  21.333333    32.96 0.000  0.70 0.000000 9.999 0.259000 99.99 0.259000 0.641 0.000   0.946 0.000   1.324 0.000 99.99 0.259000   6.368 0.000   0.797 0.000   5.571 0.000 0.008 0.000 0.124 0.000
 23.333333  24.333333     2.15 0.000  0.12 0.000000 9.999 0.259000 99.99 0.259000 0.028 0.000   0.734 0.000   1.027 0.000 99.99 0.259000   1.800 0.000   0.493 0.000   1.308 0.000 0.008 0.000 0.025 0.000
 26.333333  27.333333     0.63 0.000  0.08 0.000000 9.999 0.259000 99.99 0.259000 0.008 0.000   0.087 0.000   0.123 0.000 99.99 0.259000   0.639 0.000   0.198 0.000   0.441 0.000 0.002 0.000 0.017 0.000
 29.333333  30.333333     0.41 0.000  0.12 0.000000 9.999 0.259000 99.99 0.259000 0.015 0.000   0.259 0.000   0.362 0.000 99.99 0.259000   0.169 0.000   0.054 0.000   0.116 0.000 0.002 0.000 0.017 0.000
 32.333333  33.333333     0.50 0.559  0.16 0.559000 0.021 0.559000 99.99 0.559259 0.006 0.000   0.124 0.000   0.174 0.000 99.99 0.559259   0.298 0.000   0.156 0.000   0.142 0.559 0.003 0.559 0.030 0.000
 35.333333  36.333333     2.42 0.000 99.99 0.259000 9.999 0.259000  0.04 0.000000 0.048 0.000   0.334 0.000   0.467 0.000 99.99 0.259000   1.115 0.000   0.225 0.000   0.890 0.000 0.007 0.000 0.048 0.000
 38.333333  39.333333     6.27 0.000  0.21 0.000000 9.999 0.259000 99.99 0.259000 0.105 0.000   0.875 0.000   1.225 0.000 99.99 0.259000   2.760 0.000   0.603 0.000   2.157 0.000 0.014 0.000 0.131 0.000
 41.333333  42.333333    10.67 0.000  0.56 0.000000 9.999 0.259000 99.99 0.259000 0.078 0.000   1.079 0.000   1.510 0.000 99.99 0.259000   3.422 0.000   1.112 0.000   2.310 0.000 0.020 0.000 0.079 0.000
 44.333333  45.333333     5.33 0.559  0.33 0.559000 9.999 0.559259 99.99 0.559259 0.029 0.000   1.008 0.000   1.412 0.000 99.99 0.559259   2.915 0.000   0.772 0.000   2.143 0.559 0.015 0.559 0.099 0.000
 47.333333  48.333333     1.35 0.000  0.11 0.000000 9.999 0.259000 99.99 0.259000 0.003 0.000   0.103 0.000   0.144 0.000  0.98 0.000000   0.511 0.000   0.310 0.000   0.202 0.000 0.003 0.000 0.027 0.000
 50.333333  51.333333     2.01 0.000  0.15 0.000000 9.999 0.259000  0.05 0.000000 0.004 0.559   0.205 0.000   0.287 0.000  1.20 0.000000   0.639 0.000   0.493 0.000   0.146 0.000 0.003 0.000 0.029 0.559
 53.333333  54.333333     4.21 0.000  0.42 0.000000 0.020 0.000000 99.99 0.259000 0.036 0.000   0.350 0.000   0.490 0.000 99.99 0.259000   2.100 0.000   1.134 0.000   0.967 0.000 0.011 0.000 0.136 0.000
 56.333333  57.333333    11.28 0.000  0.43 0.000000 9.999 0.259000 99.99 0.259000 0.044 0.000   0.819 0.000   1.147 0.000 99.99 0.259000   3.472 0.000   1.467 0.000   2.006 0.000 0.020 0.000 0.134 0.000
 59.333333  60.333333     5.56 0.000  0.46 0.000000 9.999 0.259000  0.08 0.000000 0.113 0.000   0.682 0.000   0.955 0.000 99.99 0.259000   2.615 0.000   0.555 0.000   2.060 0.000 0.013 0.000 0.214 0.000
 62.333333  63.333333     6.33 0.000  0.40 0.000000 9.999 0.259000  0.09 0.000000 0.027 0.000   0.494 0.000   0.691 0.000 99.99 0.259000   2.153 0.000   0.458 0.000   1.695 0.000 0.010 0.000 0.182 0.000
 65.333333  66.333333     2.68 0.559 99.99 0.559259 9.999 0.559259 99.99 0.559259 0.004 0.000   0.090 0.000   0.125 0.000 99.99 0.559259   0.682 0.000   0.568 0.000   0.114 0.559 0.003 0.559 0.010 0.000
 68.333333  69.333333     1.94 0.000  0.16 0.000000 9.999 0.259000 99.99 0.259000 0.004 0.559   0.195 0.000   0.273 0.000 99.99 0.259000   0.466 0.000   0.147 0.000   0.318 0.000 0.003 0.000 0.033 0.559
 71.333333  72.333333   185.92 0.000  0.39 0.000000 9.999 0.259000 99.99 0.259000 0.049 0.000   0.601 0.000   0.842 0.000 99.99 0.259000  36.712 0.000  30.244 0.000   6.469 0.000 0.094 0.000 0.157 0.000
 74.333333  75.333333     3.16 0.000  0.14 0.000000 9.999 0.259000 99.99 0.259000 0.018 0.000   0.166 0.000   0.232 0.000 99.99 0.259000   0.847 0.000   0.437 0.000   0.410 0.000 0.003 0.000 0.019 0.000
 77.333333  78.333333    18.33 0.000  0.62 0.000000 9.999 0.259000 99.99 0.259000 0.032 0.000   0.275 0.000   0.385 0.000 99.99 0.259000   2.727 0.000   1.491 0.000   1.236 0.000 0.016 0.000 0.078 0.000
 80.333333  81.333333     6.07 0.000  0.26 0.000000 9.999 0.259000 99.99 0.259000 0.013 0.000   0.174 0.000   0.243 0.000 99.99 0.259000   0.974 0.000   0.435 0.000   0.539 0.000 0.008 0.000 0.038 0.000
 83.333333  84.333333     5.47 0.000  0.36 0.000000 9.999 0.259000 99.99 0.259000 0.013 0.559   0.198 0.000   0.277 0.000 99.99 0.259000   1.161 0.000   0.422 0.000   0.740 0.000 0.005 0.000 0.052 0.559
 86.333333  87.333333     5.00 0.559  0.22 0.559000 9.999 0.559259 99.99 0.559259 0.035 0.000   0.309 0.000   0.432 0.000 99.99 0.559259   1.832 0.000   0.807 0.000   1.025 0.559 0.006 0.559 0.099 0.000
 89.333333  90.333333    13.33 0.000  0.38 0.000000 9.999 0.259000 99.99 0.259000 0.015 0.000   0.495 0.000   0.693 0.000 99.99 0.259000   2.414 0.000   1.001 0.000   1.412 0.000 0.013 0.000 0.058 0.000
 92.333333  93.333333     3.96 0.000  0.21 0.000000 0.015 0.000000 99.99 0.259000 0.006 0.000   0.303 0.000   0.424 0.000 99.99 0.259000   1.639 0.000   1.091 0.000   0.548 0.000 0.007 0.000 0.041 0.000
 95.333333  96.333333     7.71 0.000  0.21 0.000000 9.999 0.259000 99.99 0.259000 0.004 0.559   0.088 0.000   0.123 0.000 99.99 0.259000   1.682 0.000   0.901 0.000   0.782 0.000 0.006 0.000 0.065 0.559
 98.333333  99.333333    22.72 0.000  1.10 0.000000 9.999 0.259000 99.99 0.259000 0.028 0.000   0.493 0.000   0.691 0.000 99.99 0.259000   3.925 0.000   1.941 0.000   1.984 0.000 0.020 0.000 0.111 0.000
101.333333 102.333333    23.33 0.000  0.73 0.000000 9.999 0.259000 99.99 0.259000 0.016 0.000   0.398 0.000   0.558 0.000 99.99 0.259000   3.558 0.000   1.466 0.000   2.092 0.000 0.020 0.000 0.180 0.000
104.333333 105.333333     3.80 0.000  0.19 0.000000 9.999 0.259000 99.99 0.259000 0.008 0.000   0.197 0.000   0.276 0.000 99.99 0.259000   1.447 0.000   0.657 0.000   0.790 0.000 0.005 0.000 0.051 0.000
107.333333 108.333333    13.16 0.000  0.45 0.000000 9.999 0.259000 99.99 0.259000 0.036 0.000   0.893 0.000   1.251 0.000 99.99 0.259000   4.037 0.000   0.880 0.000   3.157 0.000 0.027 0.000 0.226 0.000
110.333333 111.333333    31.60 0.000  0.66 0.000000 9.999 0.259000 99.99 0.259000 0.047 0.559   0.883 0.000   1.236 0.000 99.99 0.259000   6.082 0.000   2.877 0.000   3.205 0.000 0.028 0.000 0.187 0.559
113.333333 114.333333    11.76 0.000  0.32 0.000000 9.999 0.259000 99.99 0.259000 0.016 0.000   0.215 0.000   0.301 0.000 99.99 0.259000   1.629 0.000   0.659 0.000   0.970 0.000 0.011 0.000 0.075 0.000
116.333333 117.333333     9.08 0.000  0.36 0.000000 9.999 0.259000 99.99 0.259000 0.013 0.000   0.386 0.000   0.541 0.000 99.99 0.259000   1.972 0.000   0.967 0.000   1.005 0.000 0.010 0.000 0.069 0.000
119.333333 120.333333     3.02 0.000  0.24 0.000000 0.008 0.000000 99.99 0.259000 0.008 0.000   0.289 0.000   0.404 0.000 99.99 0.259000   1.466 0.000   0.628 0.000   0.838 0.000 0.003 0.000 0.051 0.000
122.333333 123.333333    12.53 0.000  0.42 0.000000 9.999 0.259000 99.99 0.259000 0.030 0.000   0.520 0.000   0.728 0.000 99.99 0.259000   3.106 0.000   1.206 0.000   1.900 0.000 0.013 0.000 0.127 0.000
125.333333 126.333333    22.23 0.000  0.78 0.000000 9.999 0.259000  0.04 0.000000 0.042 0.000   0.810 0.000   1.133 0.000 99.99 0.259000   6.102 0.000   2.486 0.000   3.616 0.000 0.023 0.000 0.245 0.000
128.333333 129.333333    28.88 0.000  0.75 0.000000 9.999 0.259000 99.99 0.259000 0.094 0.000   1.109 0.000   1.553 0.000 99.99 0.259000  10.373 0.000   6.172 0.000   4.202 0.000 0.024 0.000 0.333 0.000
131.333333 132.333333     7.24 0.000  0.33 0.000000 9.999 0.259000 99.99 0.259000 0.008 0.000   0.414 0.000   0.580 0.000 99.99 0.259000   2.415 0.000   0.849 0.000   1.566 0.000 0.006 0.000 0.120 0.000
134.333333 135.333333    22.00 0.000  0.57 0.000000 9.999 0.259000  0.04 0.000000 0.042 0.000   1.245 0.000   1.743 0.000 99.99 0.259000   8.880 0.000   4.671 0.000   4.210 0.000 0.022 0.000 0.254 0.000
137.333333 138.333333     3.88 0.000  0.35 0.000000 9.999 0.259000 99.99 0.259000 0.010 0.000   0.399 0.000   0.558 0.000 99.99 0.259000   2.609 0.000   0.889 0.000   1.721 0.000 0.004 0.000 0.140 0.000
140.333333 141.333333    19.12 0.000  0.62 0.000000 9.999 0.259000 99.99 0.259000 0.011 0.000   0.796 0.000   1.114 0.000 99.99 0.259000   6.019 0.000   3.384 0.000   2.634 0.000 0.016 0.000 0.129 0.000
143.333333 144.333333    63.54 0.000  0.97 0.000000 9.999 0.259000 99.99 0.259000 0.030 0.000   2.524 0.000   3.534 0.000 99.99 0.259000  12.037 0.000   5.699 0.000   6.338 0.000 0.050 0.000 0.224 0.000
146.333333 147.333333    20.29 0.000  0.66 0.000000 9.999 0.259000 99.99 0.259000 0.040 0.000   1.463 0.000   2.048 0.000 99.99 0.259000   7.029 0.000   3.137 0.000   3.891 0.000 0.024 0.000 0.186 0.000
149.333333 150.333333    20.34 0.000  0.49 0.000000 9.999 0.259000 99.99 0.259000 0.026 0.000   1.221 0.000   1.710 0.000 99.99 0.259000   5.219 0.000   1.558 0.000   3.661 0.000 0.022 0.000 0.257 0.000
152.333333 153.333333    26.21 0.000  0.77 0.000000 0.022 0.000000 99.99 0.259000 0.041 0.000   2.506 0.000   3.508 0.000 99.99 0.259000   9.428 0.000   2.259 0.000   7.168 0.000 0.040 0.000 0.318 0.000
155.333333 156.333333    53.88 0.699  0.52 0.699000 9.999 0.699259 99.99 0.699259 0.018 0.559   2.545 0.000   3.563 0.000 99.99 0.699259  11.674 0.000   4.932 0.000   6.741 0.699 0.035 0.699 0.177 0.559
158.333333 159.333333    46.84 0.000  0.83 0.000000 9.999 0.259000 99.99 0.259000 0.017 0.000   2.690 0.000   3.766 0.000 99.99 0.259000  13.633 0.000   7.002 0.000   6.632 0.000 0.032 0.000 0.208 0.000
161.333333 162.333333    44.94 0.000  0.43 0.000000 9.999 0.259000  0.09 0.000000 0.082 0.000   1.262 0.000   1.766 0.000 99.99 0.259000  10.845 0.000   6.607 0.000   4.239 0.000 0.025 0.000 0.228 0.000
164.333333 165.333333    26.02 0.000  0.53 0.000000 9.999 0.259000  0.06 0.000000 0.048 0.000   0.895 0.000   1.254 0.000 99.99 0.259000   7.630 0.000   4.969 0.000   2.662 0.000 0.016 0.000 0.159 0.000
167.333333 168.333333    51.60 0.000  0.68 0.000000 9.999 0.259000 99.99 0.259000 0.019 0.559   2.200 0.000   3.080 0.000 99.99 0.259000  11.883 0.000   6.319 0.000   5.564 0.000 0.031 0.000 0.202 0.559
170.333333 171.333333    47.67 0.000  0.59 0.000000 9.999 0.259000 99.99 0.259000 0.027 0.000   0.667 0.000   0.934 0.000 99.99 0.259000   9.058 0.000   6.498 0.000   2.560 0.000 0.016 0.000 0.171 0.000
173.333333 174.333333    20.02 0.000 99.99 0.259000 9.999 0.259000 99.99 0.259000 0.031 0.000   0.429 0.000   0.601 0.000 99.99 0.259000   7.245 0.000   5.633 0.000   1.612 0.000 0.010 0.000 0.130 0.000
176.333333 177.333333    89.54 0.000 99.99 0.259000 9.999 0.259000 99.99 0.259000 0.017 0.559   1.049 0.000   1.469 0.000 99.99 0.259000  16.540 0.000  12.780 0.000   3.760 0.000 0.025 0.000 0.204 0.559
179.333333 180.333333    58.12 0.000  0.36 0.000000 9.999 0.259000 99.99 0.259000 0.016 0.000   2.243 0.000   3.140 0.000 99.99 0.259000  12.963 0.000   7.747 0.000   5.216 0.000 0.057 0.000 0.154 0.000
182.333333 183.333333    61.87 0.000  0.31 0.000000 9.999 0.259000  0.04 0.000000 0.037 0.000   0.610 0.000   0.854 0.000 99.99 0.259000   9.902 0.000   6.874 0.000   3.029 0.000 0.019 0.000 0.176 0.000
185.333333 186.333333    31.34 0.559  0.33 0.559000 9.999 0.559259 99.99 0.559259 0.013 0.559   1.862 0.000   2.607 0.000 99.99 0.559259   6.987 0.000   3.277 0.000   3.711 0.559 0.029 0.559 0.095 0.559
188.333333 189.333333    40.09 0.000  0.41 0.000000 9.999 0.259000 99.99 0.259000 0.028 0.000   0.699 0.000   0.978 0.000 99.99 0.259000   8.094 0.000   5.431 0.000   2.663 0.000 0.024 0.000 0.160 0.000
191.333333 192.333333   237.98 0.000  0.66 0.000000 0.047 0.000000 99.99 0.259000 0.020 0.000   2.410 0.000   3.374 0.000 99.99 0.259000  34.208 0.000  25.689 0.000   8.518 0.000 0.063 0.000 0.222 0.000
194.333333 195.333333   201.66 0.000  0.27 0.000000 9.999 0.259000 99.99 0.259000 0.038 0.000   0.628 0.000   0.880 0.000 99.99 0.259000  21.345 0.000  17.190 0.000   4.154 0.000 0.044 0.000 0.159 0.000
197.333333 198.333333   538.76 0.559  0.93 0.559000 9.999 0.559259 99.99 0.559259 0.025 0.559   1.362 0.000   1.907 0.000 99.99 0.559259  59.731 0.000  48.865 0.000  10.865 0.559 0.100 0.559 0.214 0.559
200.333333 201.333333    87.07 0.000  0.43 0.000000 9.999 0.259000 99.99 0.259000 0.017 0.559   0.835 0.000   1.168 0.000 99.99 0.259000  11.153 0.000   8.285 0.000   2.868 0.000 0.024 0.000 0.133 0.559
203.333333 204.333333  1230.46 0.559  2.14 0.559000 9.999 0.559259 99.99 0.559259 0.027 0.559   2.196 0.000   3.075 0.000 99.99 0.559259  88.243 0.000  67.066 0.000  21.177 0.559 0.205 0.559 0.214 0.559
206.333333 207.333333    64.98 0.000  0.37 0.000000 0.027 0.000000 99.99 0.259000 0.020 0.559   1.982 0.000   2.774 0.000 99.99 0.259000   9.230 0.000   3.805 0.000   5.425 0.000 0.025 0.000 0.151 0.559
209.333333 210.333333   601.48 0.000  0.91 0.000000 9.999 0.259000 99.99 0.259000 0.026 0.559   1.682 0.000   2.355 0.000 99.99 0.259000  47.093 0.000  36.304 0.000  10.789 0.000 0.171 0.000 0.185 0.559
212.333333 213.333333   745.60 0.000  0.86 0.000000 9.999 0.259000 99.99 0.259000 0.022 0.559   1.587 0.000   2.222 0.000 99.99 0.259000  43.359 0.000  31.128 0.000  12.231 0.000 0.160 0.000 0.100 0.559
215.333333 216.333333   121.66 0.000  0.39 0.000000 9.999 0.259000 99.99 0.259000 0.020 0.559   2.194 0.000   3.072 0.000 99.99 0.259000  19.726 0.000  13.119 0.000   6.606 0.000 0.054 0.000 0.167 0.559
218.333333 219.333333    91.68 0.000  0.38 0.000000 9.999 0.259000  0.09 0.000000 0.075 0.559   2.844 0.000   3.981 0.000 99.99 0.259000  12.696 0.000   3.991 0.000   8.705 0.000 0.249 0.000 0.375 0.559
221.333333 222.333333    54.89 0.000  0.45 0.000000 9.999 0.259000  0.03 0.000000 0.019 0.559   1.410 0.000   1.974 0.000 99.99 0.259000   8.808 0.000   4.739 0.000   4.069 0.000 0.038 0.000 0.172 0.559
224.333333 225.333333    93.89 0.559  0.33 0.559000 9.999 0.559259 99.99 0.559259 0.053 0.559   1.808 0.000   2.531 0.000 99.99 0.559259  14.613 0.000   8.455 0.000   6.158 0.559 0.163 0.559 0.221 0.559
227.333333 228.333333    73.06 0.000  0.22 0.000000 9.999 0.259000 99.99 0.259000 0.038 0.559   1.476 0.000   2.066 0.000 99.99 0.259000  14.315 0.000   9.273 0.000   5.042 0.000 0.117 0.000 0.181 0.559
230.333333 231.333333   152.06 0.000  0.51 0.000000 9.999 0.259000 99.99 0.259000 0.012 0.559   0.964 0.000   1.349 0.000 99.99 0.259000  14.982 0.000  10.210 0.000   4.772 0.000 0.040 0.000 0.144 0.559
233.333333 234.333333   196.77 0.699  0.53 0.699000 9.999 0.699259 99.99 0.699259 0.119 0.559   9.853 0.000  13.794 0.000 99.99 0.699259  25.868 0.000   4.162 0.000  21.706 0.699 0.209 0.699 0.317 0.559
