scripts/IMPROVE-2019_partial/data/US3818R.20040101080000.20191216000000.filterpack..pm25.52w.1w.US03L_filterpack_US3818.US03L_IMPROVE_Davis.lev2.nas
66 1001
MISSING INFORMATION
US03L, IMPROVE, , , , , , , 
MISSING INFORMATION
IMPROVE sel_HTAP
1 1
2004 01 01 2019 12 16
3.000000
days from file reference point
27
1 1 1 1 1 1 1 1 1 1 1 1 1 1 1 1 1 1 1 1 1 1 1 1 1 1 1
999.999999 9999.99 9.999 99.99 9.999 9.999 9.999999 9.99 9.999999 99.999 9.999 99.999 9.999 99.999 9.999 999.99 9.999999 999.999 9.999 999.999 9.999 999.999 9.999 9.999 9.999 9.999 9.999
end_time of measurement, days from the file reference point
iron, ng/m3, Revision date=20181210133000
numflag iron, no unit, Revision date=20181210133000
lead, ng/m3, Revision date=20181210133000
numflag lead, no unit, Revision date=20181210133000
magnesium, ug/m3, Revision date=20181210133000
numflag magnesium, no unit, Revision date=20181210133000
nickel, ng/m3, Revision date=20181210133000
numflag nickel, no unit, Revision date=20181210133000
nitrate, ug N/m3, Revision date=20181210133000
numflag nitrate, no unit, Revision date=20181210133000
organic_carbon, ug C/m3, Revision date=20181210133000
numflag organic_carbon, no unit, Revision date=20181210133000
organic_mass, ug/m3, Revision date=20181210133000
numflag organic_mass, no unit, Revision date=20181210133000
phosphorus, ng/m3, Revision date=20181210133000
numflag phosphorus, no unit, Revision date=20181210133000
pm10_mass, ug/m3, Version=2, Version description=Data extracted from http://views.cira.colostate.edu/fed/DataWizard 2019-12-16, Sample duration=1d, Orig. time res.=3d, Matrix=pm10, Blank correction=Blank corrected, Volume std. temperature=ambient, Volume std. pressure=ambient
numflag pm10_mass, no unit, Version=2, Version description=Data extracted from http://views.cira.colostate.edu/fed/DataWizard 2019-12-16, Sample duration=1d, Orig. time res.=3d, Matrix=pm10, Blank correction=Blank corrected, Volume std. temperature=ambient, Volume std. pressure=ambient
pm10_pm25_mass, ug/m3, Revision date=20181210133000, Matrix=pm10_pm25
numflag pm10_pm25_mass, no unit, Revision date=20181210133000, Matrix=pm10_pm25
pm25_mass, ug/m3, Version=2, Version description=Data extracted from http://views.cira.colostate.edu/fed/DataWizard 2019-12-16, Sample duration=1d, Orig. time res.=3d, Blank correction=Blank corrected, Volume std. temperature=ambient, Volume std. pressure=ambient
numflag pm25_mass, no unit, Version=2, Version description=Data extracted from http://views.cira.colostate.edu/fed/DataWizard 2019-12-16, Sample duration=1d, Orig. time res.=3d, Blank correction=Blank corrected, Volume std. temperature=ambient, Volume std. pressure=ambient
potassium, ug/m3, Revision date=20181210133000
numflag potassium, no unit, Revision date=20181210133000
sulphate_total, ug S/m3, Revision date=20181210133000
numflag sulphate_total, no unit, Revision date=20181210133000
0
25
Data definition:              EBAS_1.1
Set type code:                TU
Timezone:                     UTC
File name:                    US3818R.20040101080000.20191216000000.filterpack..pm25.52w.1w.US03L_filterpack_US3818.US03L_IMPROVE_Davis.lev2.nas
File creation:                20191218120420
Startdate:                    20040101080000
Revision date:                20191216000000
Statistics:                   arithmetic mean
Data level:                   2
Period code:                  52w
Resolution code:              1w
Station code:                 US3818R
Platform code:                US3818S
Station name:                 Starkey Experimental Forest (OR18)
Station latitude:             45.2244
Station longitude:            -118.5114
Station altitude:             1253.0 m
Regime:                       IMG
Component:                    
Matrix:                       pm25
Laboratory code:              US03L
Instrument type:              filterpack
Instrument name:              filterpack_US3818
Method ref:                   US03L_IMPROVE_Davis
starttime endtime Fe flag_Fe Pb flag_Pb Mg++ flag_Mg++ Ni flag_Ni NO3- flag_NO3- OC flag_OC OM flag_OM P flag_P PM10 flag_PM10 PM10-PM2.5 flag_PM10-PM2.5 PM2.5 flag_PM2.5 K+ flag_K+ SO4-- flag_SO4--
[from data line 81]
243.333333 244.333333   65.78 0.000  0.47 0.000 0.025 0.000000 0.09 0.000000  0.025 0.000  1.336 0.000  1.870 0.000 999.99 0.259000  11.143 0.000   7.201 0.000   3.942 0.000 0.092 0.000 0.132 0.000
246.333333 247.333333   30.02 0.000 99.99 0.259 9.999 0.259000 9.99 0.259000  0.032 0.000  1.504 0.000  2.106 0.000 999.99 0.259000   5.857 0.000   1.859 0.000   3.998 0.000 0.023 0.000 0.139 0.000
249.333333 250.333333   27.79 0.000 99.99 0.259 9.999 0.259000 9.99 0.259000  0.028 0.000  1.004 0.000  1.406 0.000 999.99 0.259000   5.994 0.000   3.360 0.000   2.634 0.000 0.021 0.000 0.149 0.000
252.333333 253.333333   64.03 0.000 99.99 0.259 9.999 0.259000 9.99 0.259000  0.031 0.000  1.928 0.000  2.700 0.000 999.99 0.259000  10.063 0.000   4.824 0.000   5.239 0.000 0.143 0.000 0.162 0.000
255.333333 256.333333   13.17 0.000 99.99 0.259 0.123 0.000000 0.23 0.000000  0.082 0.000  0.574 0.000  0.803 0.000 999.99 0.259000   4.978 0.000   2.522 0.000   2.456 0.000 0.025 0.000 0.175 0.000
258.333333 259.333333   23.63 0.000 99.99 0.259 0.071 0.000000 0.35 0.000000  0.043 0.000  0.403 0.000  0.564 0.000 999.99 0.259000   3.701 0.000   2.040 0.000   1.661 0.000 0.016 0.000 0.092 0.000
261.333333 262.333333    3.76 0.000 99.99 0.259 9.999 0.259000 9.99 0.259000  0.008 0.000  0.162 0.000  0.227 0.000 999.99 0.259000   1.548 0.000   1.061 0.000   0.487 0.000 0.005 0.000 0.035 0.000
264.333333 265.333333    7.81 0.000  0.77 0.000 9.999 0.259000 0.24 0.000000  0.029 0.000  0.462 0.000  0.646 0.000 999.99 0.259000   4.426 0.000   2.496 0.000   1.930 0.000 0.010 0.000 0.170 0.000
267.333333 268.333333   43.77 0.000  0.56 0.000 9.999 0.259000 9.99 0.259000  0.012 0.000  0.692 0.000  0.968 0.000 999.99 0.259000   7.818 0.000   5.503 0.000   2.315 0.000 0.019 0.000 0.124 0.000
270.333333 271.333333   95.03 0.000  1.31 0.000 9.999 0.259000 9.99 0.259000  0.028 0.000  2.619 0.000  3.667 0.000 999.99 0.259000  20.038 0.000  12.822 0.000   7.216 0.000 0.061 0.000 0.258 0.000
273.333333 274.333333  159.93 0.000 99.99 0.259 9.999 0.259000 9.99 0.259000  0.049 0.000  2.272 0.000  3.181 0.000 999.99 0.259000  30.288 0.000  23.343 0.000   6.944 0.000 0.079 0.000 0.205 0.000
276.333333 277.333333  118.21 0.000  0.35 0.000 9.999 0.259000 9.99 0.259000  0.029 0.000  3.616 0.000  5.062 0.000 999.99 0.259000  22.576 0.000  13.142 0.000   9.434 0.000 0.080 0.000 0.242 0.000
279.333333 280.333333  108.30 0.000  0.50 0.000 9.999 0.259000 9.99 0.259000  0.024 0.000  1.645 0.000  2.303 0.000 999.99 0.259000  15.220 0.000  10.125 0.000   5.095 0.000 0.052 0.000 0.211 0.000
282.333333 283.333333    3.44 0.000 99.99 0.259 0.148 0.000000 9.99 0.259000  0.015 0.000  0.228 0.000  0.319 0.000 999.99 0.259000   1.757 0.000   0.855 0.000   0.902 0.000 0.006 0.000 0.049 0.000
285.333333 286.333333   17.19 0.000 99.99 0.259 9.999 0.259000 0.22 0.000000  0.024 0.000  1.040 0.000  1.456 0.000 999.99 0.259000   3.769 0.000   1.608 0.000   2.161 0.000 0.016 0.000 0.121 0.000
288.333333 289.333333   42.81 0.000  0.76 0.000 9.999 0.259000 9.99 0.259000  0.019 0.559  2.292 0.000  3.209 0.000 999.99 0.259000   9.481 0.000   4.409 0.000   5.072 0.000 0.037 0.000 0.131 0.559
291.333333 292.333333    1.74 0.000 99.99 0.259 0.066 0.000000 9.99 0.259000  0.005 0.000  0.232 0.000  0.324 0.000   2.04 0.000000   1.046 0.000   0.348 0.000   0.698 0.000 0.006 0.000 0.028 0.000
294.333333 295.333333   10.21 0.000  0.63 0.000 9.999 0.259000 0.24 0.000000  0.035 0.000  1.418 0.000  1.985 0.000 999.99 0.259000   3.694 0.000   0.625 0.000   3.069 0.000 0.035 0.000 0.117 0.000
297.333333 298.333333    2.39 0.000 99.99 0.259 0.099 0.000000 9.99 0.259000  0.011 0.000  0.679 0.000  0.951 0.000   2.96 0.000000   1.863 0.000   0.293 0.000   1.570 0.000 0.017 0.000 0.075 0.000
300.333333 301.333333   11.29 0.000  0.72 0.000 9.999 0.259000 9.99 0.259000  0.059 0.000  2.335 0.000  3.269 0.000 999.99 0.259000   6.066 0.000   0.766 0.000   5.300 0.000 0.050 0.000 0.187 0.000
303.333333 304.333333   23.65 0.000  1.85 0.000 9.999 0.259000 0.11 0.000000  0.018 0.000  0.670 0.000  0.938 0.000 999.99 0.259000   4.082 0.000   1.016 0.000   3.066 0.000 0.050 0.000 0.312 0.000
306.333333 307.333333    7.17 0.000  0.35 0.000 9.999 0.259000 9.99 0.259000  0.035 0.000  0.740 0.000  1.036 0.000 999.99 0.259000   2.549 0.000   0.624 0.000   1.925 0.000 0.022 0.000 0.079 0.000
309.333333 310.333333    7.89 0.000  1.32 0.000 0.087 0.000000 9.99 0.259000  0.016 0.000  1.721 0.000  2.409 0.000 999.99 0.259000   4.377 0.000   0.489 0.000   3.888 0.000 0.031 0.000 0.113 0.000
312.333333 313.333333   12.59 0.000  0.92 0.000 9.999 0.259000 9.99 0.259000  0.101 0.000  1.917 0.000  2.684 0.000 999.99 0.259000   5.934 0.000   1.073 0.000   4.861 0.000 0.028 0.000 0.173 0.000
315.333333 316.333333   11.41 0.000  1.43 0.000 9.999 0.259000 0.13 0.000000  0.723 0.000  6.358 0.000  8.901 0.000 999.99 0.259000  15.752 0.000   0.165 0.000  15.587 0.000 0.086 0.000 0.301 0.000
318.333333 319.333333    3.39 0.000  1.14 0.000 0.083 0.000000 0.13 0.000000  0.027 0.000  2.101 0.000  2.942 0.000 999.99 0.259000   4.840 0.000   0.380 0.000   4.460 0.000 0.039 0.000 0.171 0.000
321.333333 322.333333    4.78 0.000  0.69 0.000 9.999 0.259000 0.16 0.000000  0.048 0.000  1.968 0.000  2.755 0.000 999.99 0.259000   4.924 0.000   0.176 0.000   4.748 0.000 0.026 0.000 0.166 0.000
324.333333 325.333333    4.35 0.000  0.71 0.000 9.999 0.259000 0.23 0.000000  0.106 0.000  1.167 0.000  1.634 0.000 999.99 0.259000   3.834 0.000   0.675 0.000   3.159 0.000 0.033 0.000 0.127 0.000
327.333333 328.333333    1.77 0.000  0.40 0.000 0.092 0.000000 9.99 0.259000  0.007 0.000  0.672 0.000  0.941 0.000 999.99 0.259000   1.558 0.000   0.082 0.000   1.476 0.000 0.014 0.000 0.069 0.000
330.333333 331.333333    1.03 0.000 99.99 0.259 0.062 0.000000 0.27 0.000000  0.027 0.000  0.131 0.000  0.184 0.000 999.99 0.259000   1.431 0.000   0.544 0.000   0.886 0.000 0.004 0.000 0.063 0.000
333.333333 334.333333    3.27 0.000 99.99 0.259 0.118 0.000000 9.99 0.259000  0.019 0.000  0.677 0.000  0.947 0.000 999.99 0.259000   1.609 0.000   0.214 0.000   1.395 0.000 0.013 0.000 0.047 0.000
336.333333 337.333333    1.78 0.000  0.63 0.000 9.999 0.259000 9.99 0.259000  0.009 0.000  0.360 0.000  0.504 0.000 999.99 0.259000   1.548 0.000   0.165 0.000   1.383 0.000 0.006 0.000 0.125 0.000
339.333333 340.333333    5.45 0.000  0.59 0.000 9.999 0.259000 0.20 0.000000  0.348 0.000  0.647 0.000  0.906 0.000 999.99 0.259000   3.619 0.000   0.283 0.000   3.337 0.000 0.014 0.000 0.169 0.000
342.333333 343.333333    0.61 0.000  0.37 0.000 0.107 0.000000 9.99 0.259000  0.004 0.000  0.062 0.000  0.087 0.000 999.99 0.259000   0.627 0.000   0.208 0.000   0.419 0.000 0.006 0.000 0.012 0.000
345.333333 346.333333    2.50 0.000  0.57 0.000 0.035 0.000000 0.22 0.000000  0.009 0.000  0.201 0.000  0.281 0.000 999.99 0.259000   1.164 0.000   0.422 0.000   0.742 0.000 0.004 0.000 0.057 0.000
348.333333 349.333333    4.08 0.000  0.28 0.000 9.999 0.259000 0.15 0.000000  0.019 0.000  0.372 0.000  0.520 0.000 999.99 0.259000   1.718 0.000   0.443 0.000   1.275 0.000 0.008 0.000 0.046 0.000
351.333333 352.333333    7.75 0.000  0.67 0.000 0.041 0.000000 0.19 0.000000  0.192 0.000  0.893 0.000  1.251 0.000 999.99 0.259000   3.096 0.000   0.499 0.000   2.597 0.000 0.010 0.000 0.116 0.000
354.333333 355.333333    1.69 0.000  0.26 0.000 9.999 0.259000 0.23 0.000000  0.037 0.000  0.186 0.000  0.260 0.000   1.73 0.000000   2.426 0.000   0.883 0.000   1.543 0.000 0.009 0.000 0.073 0.000
357.333333 358.333333    3.68 0.000  0.84 0.000 9.999 0.259000 9.99 0.259000  0.015 0.000  0.689 0.000  0.964 0.000 999.99 0.259000   1.863 0.000   0.060 0.000   1.803 0.000 0.018 0.000 0.123 0.000
360.333333 361.333333    8.89 0.000  1.23 0.000 0.056 0.000000 0.14 0.000000  0.291 0.000  0.417 0.000  0.584 0.000 999.99 0.259000   2.828 0.000   0.732 0.000   2.095 0.000 0.020 0.000 0.138 0.000
363.333333 364.333333    0.74 0.000 99.99 0.259 0.078 0.000000 9.99 0.259000  0.015 0.000  0.163 0.000  0.228 0.000 999.99 0.259000   0.499 0.000   0.289 0.000   0.210 0.000 0.005 0.000 0.024 0.000
