scripts/IMPROVE-2019_partial/data/US3818R.20170101080000.20191216000000.filterpack...52w.3d.US03L_filterpack_US3818.US03L_IMPROVE_Davis.lev2.nas
52 1001
MISSING INFORMATION
US03L, IMPROVE, , , , , , , 
MISSING INFORMATION
IMPROVE sel_HTAP
1 1
2017 01 01 2019 12 16
3.000000
days from file reference point
5
1 1 1 1 1
999.999999 9999.999 9.999 9999.999 9.999
end_time of measurement, days from the file reference point
pm10_mass, ug/m3, Matrix=pm10
numflag pm10_mass, no unit, Matrix=pm10
pm25_mass, ug/m3, Matrix=pm25
numflag pm25_mass, no unit, Matrix=pm25
0
33
Data definition:              EBAS_1.1
Set type code:                TU
Timezone:                     UTC
File name:                    US3818R.20170101080000.20191216000000.filterpack...52w.3d.US03L_filterpack_US3818.US03L_IMPROVE_Davis.lev2.nas
File creation:                20191218120421
Startdate:                    20170101080000
Revision date:                20191216000000
Version:                      2
Version description:          "Data extracted from http://views.cira.colostate.edu/fed/DataWizard 2019-12-16"
Statistics:                   arithmetic mean
Data level:                   2
Period code:                  52w
Resolution code:              3d
Sample duration:              1d
Orig. time res.:              3d
Station code:                 US3818R
Platform code:                US3818S
Station name:                 Starkey Experimental Forest (OR18)
Station latitude:             45.2244
Station longitude:            -118.5114
Station altitude:             1253.0 m
Regime:                       IMG
Component:                    
Unit:                         ug/m3
Matrix:                       
Laboratory code:              US03L
Instrument type:              filterpack
Instrument name:              filterpack_US3818
Method ref:                   US03L_IMPROVE_Davis
Blank correction:             Blank corrected
Volume std. temperature:      ambient
Volume std. pressure:         ambient
starttime endtime PM10 flag_PM10 PM2.5 flag_PM2.5
  0.333333   1.333333    2.235 0.000    1.464 0.000
  3.333333   4.333333    2.947 0.000    1.968 0.000
  6.333333   7.333333    3.513 0.000    2.737 0.000
  9.333333  10.333333    0.383 0.000    0.031 0.000
 12.333333  13.333333    0.724 0.000    0.519 0.000
 15.333333  16.333333    4.523 0.000    3.879 0.000
 18.333333  19.333333    0.792 0.000    0.796 0.000
 21.333333  22.333333    1.378 0.000    0.307 0.000
 24.333333  25.333333    1.135 0.000    0.844 0.000
 27.333333  28.333333    3.789 0.000    2.779 0.000
 30.333333  31.333333    3.106 0.000    2.777 0.000
 33.333333  34.333333    3.021 0.000    2.886 0.000
 36.333333  37.333333    0.790 0.000    0.246 0.000
 39.333333  40.333333    0.772 0.000    0.415 0.000
 42.333333  43.333333    1.639 0.000    0.822 0.000
 45.333333  46.333333    2.503 0.000    1.722 0.000
 48.333333  49.333333    0.041 0.000    0.245 0.000
 51.333333  52.333333    0.212 0.000    0.154 0.000
 54.333333  55.333333    1.179 0.000    0.879 0.000
 57.333333  58.333333 9999.999 0.259    0.245 0.000
 60.333333  61.333333    2.172 0.000    1.348 0.000
 63.333333  64.333333    0.375 0.000    0.154 0.000
 66.333333  67.333333    0.416 0.000    0.211 0.000
 69.333333  70.333333    1.209 0.000    0.968 0.000
 72.333333  73.333333    2.555 0.000    2.491 0.000
 75.333333  76.333333    1.950 0.000    1.325 0.000
 78.333333  79.333333    2.447 0.000    1.694 0.000
 81.333333  82.333333    1.412 0.000    0.905 0.000
 84.333333  85.333333    0.707 0.000    0.624 0.000
 87.333333  88.333333    1.120 0.000    0.814 0.000
 90.333333  91.333333    1.787 0.000    1.141 0.000
 93.333333  94.333333    3.803 0.000    1.655 0.000
 96.333333  97.333333    7.691 0.000    2.005 0.000
 99.333333 100.333333    1.621 0.000    1.092 0.000
102.333333 103.333333    0.373 0.000    0.454 0.000
105.333333 106.333333    2.814 0.000    1.510 0.000
108.333333 109.333333    3.235 0.000    2.588 0.000
111.333333 112.333333    2.435 0.000    1.332 0.000
114.333333 115.333333    0.711 0.000    0.275 0.000
117.333333 118.333333    1.664 0.000    0.842 0.000
120.333333 121.333333    6.852 0.000    2.883 0.000
123.333333 124.333333    4.881 0.000    2.025 0.000
126.333333 127.333333    3.237 0.000    1.723 0.000
129.333333 130.333333    8.845 0.000    4.009 0.000
132.333333 133.333333    0.625 0.000    0.394 0.000
135.333333 136.333333    1.811 0.000    0.834 0.000
138.333333 139.333333    8.072 0.000    5.423 0.000
141.333333 142.333333    5.465 0.000    2.433 0.000
144.333333 145.333333    5.234 0.000    1.362 0.000
147.333333 148.333333    7.331 0.000    2.677 0.000
150.333333 151.333333    4.810 0.000    2.558 0.000
153.333333 154.333333    6.600 0.000    2.693 0.000
156.333333 157.333333   10.507 0.000    6.757 0.000
159.333333 160.333333    2.753 0.000    0.816 0.000
162.333333 163.333333    7.445 0.000    2.324 0.000
165.333333 166.333333    3.687 0.000    1.231 0.000
168.333333 169.333333    6.080 0.000    3.072 0.000
171.333333 172.333333    5.705 0.000    1.310 0.000
174.333333 175.333333   10.344 0.000    5.889 0.000
177.333333 178.333333 9999.999 0.999 9999.999 0.999
180.333333 181.333333   12.896 0.000    6.578 0.000
183.333333 184.333333    8.799 0.000    4.950 0.000
186.333333 187.333333   11.770 0.000    4.123 0.000
189.333333 190.333333    9.227 0.000    4.849 0.000
192.333333 193.333333   10.878 0.000    3.373 0.000
195.333333 196.333333   11.909 0.000    4.414 0.000
198.333333 199.333333   13.508 0.000    4.376 0.000
201.333333 202.333333   11.471 0.000    3.581 0.000
204.333333 205.333333   17.517 0.000    5.109 0.000
207.333333 208.333333   10.567 0.000    4.535 0.000
210.333333 211.333333    7.828 0.000    1.931 0.000
213.333333 214.333333   32.044 0.000   22.460 0.000
216.333333 217.333333   43.741 0.000   34.096 0.000
219.333333 220.333333   37.081 0.000   28.049 0.000
222.333333 223.333333   33.769 0.000   26.039 0.000
225.333333 226.333333    5.007 0.000    2.839 0.000
228.333333 229.333333    5.267 0.000    1.784 0.000
231.333333 232.333333    7.214 0.000    3.377 0.000
234.333333 235.333333   34.298 0.000   27.933 0.000
237.333333 238.333333   17.181 0.000   10.860 0.000
240.333333 241.333333   20.837 0.000   12.629 0.000
243.333333 244.333333   13.732 0.000    4.435 0.000
246.333333 247.333333   28.623 0.000   19.980 0.000
249.333333 250.333333  143.754 0.000  131.303 0.659
252.333333 253.333333   14.654 0.000   10.447 0.000
255.333333 256.333333   29.133 0.000   22.350 0.000
258.333333 259.333333   15.742 0.000    9.368 0.000
261.333333 262.333333    1.156 0.000    0.662 0.000
264.333333 265.333333    3.812 0.000    2.364 0.000
267.333333 268.333333    5.065 0.000    3.054 0.000
270.333333 271.333333    5.170 0.000    2.865 0.000
273.333333 274.333333    1.383 0.000    0.705 0.000
276.333333 277.333333    7.598 0.000    3.242 0.000
279.333333 280.333333    3.214 0.000    1.443 0.000
282.333333 283.333333    9.817 0.000    5.403 0.000
285.333333 286.333333    2.022 0.000    0.921 0.000
288.333333 289.333333    3.684 0.000    2.744 0.000
291.333333 292.333333    7.903 0.000    4.151 0.000
294.333333 295.333333    1.256 0.000    0.671 0.000
297.333333 298.333333    3.548 0.000    2.593 0.000
300.333333 301.333333    6.685 0.000    5.044 0.000
303.333333 304.333333    4.145 0.000    2.720 0.000
306.333333 307.333333    1.096 0.000    0.865 0.000
309.333333 310.333333    1.906 0.000    1.601 0.000
312.333333 313.333333    1.302 0.000    0.922 0.000
315.333333 316.333333    2.311 0.000    1.991 0.000
318.333333 319.333333    1.638 0.000    1.138 0.000
321.333333 322.333333    1.863 0.000    1.500 0.000
324.333333 325.333333    1.787 0.000    1.666 0.000
327.333333 328.333333    0.547 0.000    0.275 0.000
330.333333 331.333333    0.253 0.000    0.123 0.000
333.333333 334.333333    1.020 0.000    0.859 0.000
336.333333 337.333333    0.338 0.000    0.277 0.000
339.333333 340.333333    1.845 0.000    1.463 0.000
342.333333 343.333333    7.466 0.000    7.139 0.000
345.333333 346.333333    6.484 0.000    5.172 0.000
348.333333 349.333333    2.470 0.000    2.027 0.000
351.333333 352.333333    1.138 0.000    0.702 0.000
354.333333 355.333333    1.070 0.000    1.010 0.000
357.333333 358.333333    1.419 0.000    1.326 0.000
360.333333 361.333333    0.676 0.000    0.608 0.000
363.333333 364.333333    0.380 0.000    0.183 0.000
