scripts/IMPROVE-2019_partial/data/US3818R.20120101080000.20191216000000.filterpack...52w.3d.US03L_filterpack_US3818.US03L_IMPROVE_Davis.lev2.nas
51 1001
MISSING INFORMATION
US03L, IMPROVE, , , , , , , 
MISSING INFORMATION
IMPROVE sel_HTAP
1 1
2012 01 01 2019 12 16
3.000000
days from file reference point
4
1 1 1 1
999.999999 999.999 999.999 9.999
end_time of measurement, days from the file reference point
pm10_mass, ug/m3, Matrix=pm10
pm25_mass, ug/m3, Matrix=pm25
numflag, no unit
0
33
Data definition:              EBAS_1.1
Set type code:                TU
Timezone:                     UTC
File name:                    US3818R.20120101080000.20191216000000.filterpack...52w.3d.US03L_filterpack_US3818.US03L_IMPROVE_Davis.lev2.nas
File creation:                20191218120421
Startdate:                    20120101080000
Revision date:                20191216000000
Version:                      2
Version description:          "Data extracted from http://views.cira.colostate.edu/fed/DataWizard 2019-12-16"
Statistics:                   arithmetic mean
Data level:                   2
Period code:                  52w
Resolution code:              3d
Sample duration:              1d
Orig. time res.:              3d
Station code:                 US3818R
Platform code:                US3818S
Station name:                 Starkey Experimental Forest (OR18)
Station latitude:             45.2244
Station longitude:            -118.5114
Station altitude:             1253.0 m
Regime:                       IMG
Component:                    
Unit:                         ug/m3
Matrix:                       
Laboratory code:              US03L
Instrument type:              filterpack
Instrument name:              filterpack_US3818
Method ref:                   US03L_IMPROVE_Davis
Blank correction:             Blank corrected
Volume std. temperature:      ambient
Volume std. pressure:         ambient
starttime endtime PM10 PM2.5 flag
  0.333333   1.333333 999.999 999.999 0.999
  3.333333   4.333333   2.476   1.652 0.000
  6.333333   7.333333   0.591   0.535 0.000
  9.333333  10.333333   1.345   1.009 0.000
 12.333333  13.333333   3.142   2.489 0.000
 15.333333  16.333333   0.891   0.255 0.000
 18.333333  19.333333   0.543   0.222 0.000
 21.333333  22.333333   0.841   0.445 0.000
 24.333333  25.333333   2.210   1.470 0.000
 27.333333  28.333333   2.957   1.941 0.000
 30.333333  31.333333   1.341   0.849 0.000
 33.333333  34.333333   1.437   1.163 0.000
 36.333333  37.333333   3.511   2.724 0.000
 39.333333  40.333333   2.885   2.609 0.000
 42.333333  43.333333   0.585   0.411 0.000
 45.333333  46.333333   1.470   1.360 0.000
 48.333333  49.333333   1.095   0.475 0.000
 51.333333  52.333333   0.500   0.252 0.000
 54.333333  55.333333   2.131   1.480 0.000
 57.333333  58.333333   1.357   0.986 0.000
 60.333333  61.333333   1.135   0.508 0.000
 63.333333  64.333333   8.807   2.783 0.000
 66.333333  67.333333   2.508   1.707 0.000
 69.333333  70.333333   6.745   3.864 0.000
 72.333333  73.333333   4.116   1.637 0.000
 75.333333  76.333333   0.913   0.575 0.000
 78.333333  79.333333   0.964   0.576 0.000
 81.333333  82.333333   0.961   0.632 0.000
 84.333333  85.333333   5.063   3.384 0.000
 87.333333  88.333333   1.579   0.946 0.000
 90.333333  91.333333   3.666   1.755 0.000
 93.333333  94.333333   3.234   1.579 0.000
 96.333333  97.333333   0.921   0.662 0.000
 99.333333 100.333333  13.387   7.639 0.000
102.333333 103.333333   1.328   0.858 0.000
105.333333 106.333333   2.861   1.787 0.000
108.333333 109.333333   0.996   0.533 0.000
111.333333 112.333333   6.089   3.999 0.000
114.333333 115.333333   5.268   2.979 0.000
117.333333 118.333333   1.370   0.723 0.000
120.333333 121.333333   3.639   2.224 0.000
123.333333 124.333333   3.555   2.033 0.000
126.333333 127.333333   6.207   3.399 0.000
129.333333 130.333333  11.279   5.518 0.000
132.333333 133.333333   8.709   4.097 0.000
135.333333 136.333333  15.649   7.079 0.000
138.333333 139.333333   8.366   4.715 0.000
141.333333 142.333333   7.240   5.033 0.000
144.333333 145.333333   1.697   1.377 0.000
147.333333 148.333333   5.500   3.357 0.000
150.333333 151.333333   3.887   2.148 0.000
153.333333 154.333333   3.277   2.029 0.000
156.333333 157.333333   1.808   0.614 0.000
159.333333 160.333333   1.101   0.836 0.000
162.333333 163.333333   4.483   2.585 0.000
165.333333 166.333333   4.325   1.671 0.000
168.333333 169.333333   6.513   1.830 0.000
171.333333 172.333333   4.630   1.403 0.000
174.333333 175.333333   3.976   1.425 0.000
177.333333 178.333333   1.629   0.675 0.000
180.333333 181.333333   7.085   2.760 0.000
183.333333 184.333333   5.909   2.083 0.000
186.333333 187.333333   7.540   2.236 0.000
189.333333 190.333333   9.351   4.102 0.000
192.333333 193.333333  16.837   8.731 0.000
195.333333 196.333333   9.268   5.644 0.000
198.333333 199.333333   8.064   4.885 0.000
201.333333 202.333333  11.684   4.318 0.000
204.333333 205.333333   7.241   2.878 0.000
207.333333 208.333333  13.078   5.244 0.000
210.333333 211.333333   7.331   3.739 0.000
213.333333 214.333333   7.872   3.662 0.000
216.333333 217.333333  10.776   3.629 0.000
219.333333 220.333333  18.241   8.970 0.000
222.333333 223.333333  13.630   4.661 0.000
225.333333 226.333333  20.432  11.044 0.000
228.333333 229.333333  13.853   5.226 0.000
231.333333 232.333333  13.487   7.593 0.000
234.333333 235.333333   7.779   3.680 0.000
237.333333 238.333333  14.168   6.884 0.000
240.333333 241.333333  24.521  16.484 0.000
243.333333 244.333333  14.469   5.630 0.000
246.333333 247.333333   6.567   2.249 0.000
249.333333 250.333333  21.764   5.482 0.000
252.333333 253.333333  20.680   5.920 0.000
255.333333 256.333333  19.322   9.299 0.000
258.333333 259.333333  22.812  11.880 0.000
261.333333 262.333333  19.863   8.860 0.000
264.333333 265.333333  63.149  54.121 0.000
267.333333 268.333333  10.595   9.030 0.000
270.333333 271.333333  25.033  13.497 0.000
273.333333 274.333333   7.830   3.105 0.000
276.333333 277.333333  34.493   5.443 0.000
279.333333 280.333333  21.341  10.088 0.000
282.333333 283.333333  14.242   6.887 0.000
285.333333 286.333333  13.522   4.019 0.000
288.333333 289.333333   1.661   0.763 0.000
291.333333 292.333333   4.773   2.684 0.000
294.333333 295.333333   1.267   0.884 0.000
297.333333 298.333333   1.527   1.344 0.000
300.333333 301.333333 999.999 999.999 0.999
303.333333 304.333333   2.979   1.993 0.000
306.333333 307.333333   2.464   1.421 0.000
309.333333 310.333333   2.037   1.220 0.000
312.333333 313.333333   3.313   2.507 0.000
315.333333 316.333333 999.999 999.999 0.999
318.333333 319.333333   2.610   2.233 0.000
321.333333 322.333333 999.999 999.999 0.999
324.333333 325.333333 999.999 999.999 0.999
327.333333 328.333333 999.999 999.999 0.999
330.333333 331.333333 999.999 999.999 0.999
333.333333 334.333333 999.999 999.999 0.999
336.333333 337.333333   0.665   0.333 0.000
339.333333 340.333333   1.460   0.912 0.000
342.333333 343.333333   1.627   0.882 0.000
345.333333 346.333333   1.474   0.921 0.000
348.333333 349.333333   0.718   0.493 0.000
351.333333 352.333333   0.972   0.370 0.000
354.333333 355.333333  18.430   2.392 0.000
357.333333 358.333333   0.672   0.153 0.000
360.333333 361.333333 999.999 999.999 0.999
363.333333 364.333333   1.450   1.366 0.000
