scripts/IMPROVE-2019_partial/data/US3818R.20050101080000.20191216000000.filterpack..pm25.52w.1w.US03L_filterpack_US3818.US03L_IMPROVE_Davis.lev2.nas
66 1001
MISSING INFORMATION
US03L, IMPROVE, , , , , , , 
MISSING INFORMATION
IMPROVE sel_HTAP
1 1
2005 01 01 2019 12 16
3.000000
days from file reference point
27
1 1 1 1 1 1 1 1 1 1 1 1 1 1 1 1 1 1 1 1 1 1 1 1 1 1 1
999.999999 9999.99 9.999 99.99 9.999 9.999 9.999 9.99 9.999 99.999 9.999 99.999 9.999 999.999 9.999 999.99 9.999 999.999 9.999 999.999 9.999 999.999 9.999 9.999 9.999 9.999 9.999
end_time of measurement, days from the file reference point
iron, ng/m3, Revision date=20181210133000
numflag iron, no unit, Revision date=20181210133000
lead, ng/m3, Revision date=20181210133000
numflag lead, no unit, Revision date=20181210133000
magnesium, ug/m3, Revision date=20181210133000
numflag magnesium, no unit, Revision date=20181210133000
nickel, ng/m3, Revision date=20181210133000
numflag nickel, no unit, Revision date=20181210133000
nitrate, ug N/m3, Revision date=20181210133000
numflag nitrate, no unit, Revision date=20181210133000
organic_carbon, ug C/m3, Revision date=20181210133000
numflag organic_carbon, no unit, Revision date=20181210133000
organic_mass, ug/m3, Revision date=20181210133000
numflag organic_mass, no unit, Revision date=20181210133000
phosphorus, ng/m3, Revision date=20181210133000
numflag phosphorus, no unit, Revision date=20181210133000
pm10_mass, ug/m3, Version=2, Version description=Data extracted from http://views.cira.colostate.edu/fed/DataWizard 2019-12-16, Sample duration=1d, Orig. time res.=3d, Matrix=pm10, Blank correction=Blank corrected, Volume std. temperature=ambient, Volume std. pressure=ambient
numflag pm10_mass, no unit, Version=2, Version description=Data extracted from http://views.cira.colostate.edu/fed/DataWizard 2019-12-16, Sample duration=1d, Orig. time res.=3d, Matrix=pm10, Blank correction=Blank corrected, Volume std. temperature=ambient, Volume std. pressure=ambient
pm10_pm25_mass, ug/m3, Revision date=20181210133000, Matrix=pm10_pm25
numflag pm10_pm25_mass, no unit, Revision date=20181210133000, Matrix=pm10_pm25
pm25_mass, ug/m3, Version=2, Version description=Data extracted from http://views.cira.colostate.edu/fed/DataWizard 2019-12-16, Sample duration=1d, Orig. time res.=3d, Blank correction=Blank corrected, Volume std. temperature=ambient, Volume std. pressure=ambient
numflag pm25_mass, no unit, Version=2, Version description=Data extracted from http://views.cira.colostate.edu/fed/DataWizard 2019-12-16, Sample duration=1d, Orig. time res.=3d, Blank correction=Blank corrected, Volume std. temperature=ambient, Volume std. pressure=ambient
potassium, ug/m3, Revision date=20181210133000
numflag potassium, no unit, Revision date=20181210133000
sulphate_total, ug S/m3, Revision date=20181210133000
numflag sulphate_total, no unit, Revision date=20181210133000
0
25
Data definition:              EBAS_1.1
Set type code:                TU
Timezone:                     UTC
File name:                    US3818R.20050101080000.20191216000000.filterpack..pm25.52w.1w.US03L_filterpack_US3818.US03L_IMPROVE_Davis.lev2.nas
File creation:                20191218120420
Startdate:                    20050101080000
Revision date:                20191216000000
Statistics:                   arithmetic mean
Data level:                   2
Period code:                  52w
Resolution code:              1w
Station code:                 US3818R
Platform code:                US3818S
Station name:                 Starkey Experimental Forest (OR18)
Station latitude:             45.2244
Station longitude:            -118.5114
Station altitude:             1253.0 m
Regime:                       IMG
Component:                    
Matrix:                       pm25
Laboratory code:              US03L
Instrument type:              filterpack
Instrument name:              filterpack_US3818
Method ref:                   US03L_IMPROVE_Davis
starttime endtime Fe flag_Fe Pb flag_Pb Mg++ flag_Mg++ Ni flag_Ni NO3- flag_NO3- OC flag_OC OM flag_OM P flag_P PM10 flag_PM10 PM10-PM2.5 flag_PM10-PM2.5 PM2.5 flag_PM2.5 K+ flag_K+ SO4-- flag_SO4--
  0.333333   1.333333    1.75 0.000  0.37 0.000 9.999 0.259 0.32 0.000  0.163 0.000  0.364 0.000   0.656 0.000 999.99 0.259   1.134 0.000   0.118 0.000   1.016 0.000 0.008 0.000 0.082 0.000
  3.333333   4.333333    4.84 0.000  0.35 0.000 0.008 0.000 0.27 0.000  0.081 0.000  0.368 0.000   0.662 0.000 999.99 0.259   0.882 0.000   0.169 0.000   0.714 0.000 0.007 0.000 0.068 0.000
  6.333333   7.333333    6.19 0.000  0.75 0.000 9.999 0.259 9.99 0.259  0.262 0.000  0.499 0.000   0.897 0.000 999.99 0.259   3.604 0.000   1.215 0.000   2.388 0.000 0.017 0.000 0.154 0.000
  9.333333  10.333333    5.64 0.000  0.35 0.000 9.999 0.259 9.99 0.259  0.185 0.000  3.172 0.000   5.710 0.000 999.99 0.259   5.273 0.000 999.999 0.259   6.248 0.000 0.010 0.000 0.047 0.000
 12.333333  13.333333    6.35 0.000  0.19 0.000 9.999 0.259 9.99 0.259  0.008 0.000  1.490 0.000   2.681 0.000 999.99 0.259   2.253 0.000 999.999 0.259   2.590 0.000 0.008 0.000 0.049 0.000
 15.333333  16.333333    6.58 0.000  0.67 0.000 9.999 0.259 0.12 0.000  1.019 0.000  1.140 0.000   2.053 0.000 999.99 0.259   8.006 0.000   0.162 0.000   7.842 0.000 0.018 0.000 0.347 0.000
 18.333333  19.333333    6.97 0.000  0.13 0.000 9.999 0.259 0.19 0.000  0.317 0.000  4.054 0.000   7.296 0.000 999.99 0.259   6.822 0.000 999.999 0.259   8.325 0.000 0.023 0.000 0.213 0.000
 21.333333  22.333333    7.28 0.000  0.72 0.000 9.999 0.259 9.99 0.259  0.234 0.000  2.835 0.000   5.103 0.000 999.99 0.259   5.253 0.000 999.999 0.259   5.913 0.000 0.019 0.000 0.138 0.000
 24.333333  25.333333   11.90 0.000  0.75 0.000 9.999 0.259 0.10 0.000  0.853 0.000  5.832 0.000  10.498 0.000 999.99 0.259  13.293 0.000 999.999 0.259  15.192 0.000 0.025 0.000 0.321 0.000
 27.333333  28.333333    4.11 0.000  0.51 0.000 9.999 0.259 0.25 0.000  0.310 0.000  1.074 0.000   1.933 0.000 999.99 0.259   2.742 0.000 999.999 0.259   2.848 0.000 0.009 0.000 0.143 0.000
 30.333333  31.333333    5.62 0.000  0.98 0.000 9.999 0.259 0.16 0.000  0.010 0.000  1.014 0.000   1.825 0.000 999.99 0.259   2.040 0.000   0.073 0.000   1.966 0.000 0.012 0.000 0.074 0.000
 33.333333  34.333333   19.23 0.000  1.09 0.000 0.005 0.000 0.09 0.000  0.130 0.000  0.795 0.000   1.431 0.000   6.80 0.000   5.457 0.000   2.212 0.000   3.019 0.000 0.019 0.000 0.120 0.000
 36.333333  37.333333    2.64 0.000  0.67 0.000 9.999 0.259 9.99 0.259  0.017 0.000  0.148 0.000   0.266 0.000 999.99 0.259   1.321 0.000   0.406 0.000   0.878 0.000 0.004 0.000 0.054 0.000
 39.333333  40.333333   12.06 0.000 99.99 0.259 9.999 0.259 0.16 0.000  0.042 0.000  0.687 0.000   1.237 0.000 999.99 0.259   2.583 0.000   0.715 0.000   1.820 0.000 0.010 0.000 0.054 0.000
 42.333333  43.333333   21.53 0.000  0.69 0.000 9.999 0.259 0.18 0.000  0.116 0.000  0.487 0.000   0.876 0.000 999.99 0.259   3.338 0.000   0.926 0.000   2.303 0.000 0.017 0.000 0.123 0.000
 45.333333  46.333333    9.72 0.000  0.45 0.000 9.999 0.259 9.99 0.259  0.068 0.000  0.285 0.000   0.513 0.000 999.99 0.259   2.133 0.000   0.437 0.000   1.663 0.000 0.009 0.000 0.119 0.000
 48.333333  49.333333   21.15 0.000  0.98 0.000 0.009 0.000 0.15 0.000  0.356 0.000  0.494 0.000   0.890 0.000 999.99 0.259   4.227 0.000   0.839 0.000   3.349 0.000 0.016 0.000 0.144 0.000
 51.333333  52.333333    2.65 0.000  0.61 0.000 9.999 0.259 9.99 0.259  0.062 0.000  0.626 0.000   1.126 0.000 999.99 0.259   1.958 0.000   0.158 0.000   1.786 0.000 0.010 0.000 0.072 0.000
 54.333333  55.333333   24.57 0.000  0.55 0.000 9.999 0.259 0.14 0.000  0.040 0.000  0.715 0.000   1.287 0.000 999.99 0.259   3.404 0.000   1.360 0.000   2.043 0.000 0.020 0.000 0.076 0.000
 57.333333  58.333333   32.72 0.000  1.24 0.000 9.999 0.259 0.12 0.000  0.235 0.000  0.980 0.000   1.763 0.000 999.99 0.259   5.067 0.000   2.060 0.000   3.006 0.000 0.031 0.000 0.125 0.000
 60.333333  61.333333   48.34 0.000  1.14 0.000 9.999 0.259 9.99 0.259  0.103 0.000  0.416 0.000   0.749 0.000 999.99 0.259   3.780 0.000   2.024 0.000   1.756 0.000 0.017 0.000 0.160 0.000
 63.333333  64.333333   13.29 0.000  0.96 0.000 9.999 0.259 9.99 0.259  0.077 0.000  0.702 0.000   1.263 0.000 999.99 0.259   3.108 0.000   1.106 0.000   2.002 0.000 0.023 0.000 0.093 0.000
 66.333333  67.333333   14.73 0.000  1.29 0.000 9.999 0.259 9.99 0.259  0.020 0.000  0.351 0.000   0.633 0.000 999.99 0.259   2.726 0.000   1.161 0.000   1.569 0.000 0.016 0.000 0.110 0.000
 69.333333  70.333333   54.73 0.000  0.68 0.000 9.999 0.259 9.99 0.259  0.013 0.000  0.502 0.000   0.904 0.000 999.99 0.259   4.611 0.000   2.360 0.000   2.251 0.000 0.032 0.000 0.067 0.000
 72.333333  73.333333   62.61 0.000  1.76 0.000 9.999 0.259 9.99 0.259  0.021 0.000  0.465 0.000   0.836 0.000 999.99 0.259   3.987 0.000   1.343 0.000   2.643 0.000 0.050 0.000 0.154 0.000
 75.333333  76.333333   13.52 0.000  0.94 0.000 9.999 0.259 9.99 0.259  0.017 0.000  0.157 0.000   0.282 0.000 999.99 0.259   1.874 0.000   0.713 0.000   1.161 0.000 0.010 0.000 0.108 0.000
 78.333333  79.333333   17.93 0.000  0.64 0.000 9.999 0.259 0.21 0.000  0.005 0.000  0.080 0.000   0.144 0.000 999.99 0.259   3.294 0.000   2.662 0.000   0.632 0.000 0.012 0.000 0.027 0.000
 81.333333  82.333333    4.47 0.000  0.62 0.000 9.999 0.259 9.99 0.259  0.081 0.000  0.277 0.000   0.498 0.000 999.99 0.259   1.745 0.000   0.429 0.000   1.315 0.000 0.007 0.000 0.179 0.000
 84.333333  85.333333    5.19 0.000  0.99 0.000 9.999 0.259 9.99 0.259  0.023 0.000  0.370 0.000   0.667 0.000 999.99 0.259   1.581 0.000   0.252 0.000   1.328 0.000 0.007 0.000 0.157 0.000
 87.333333  88.333333    3.41 0.000 99.99 0.259 9.999 0.259 9.99 0.259  0.009 0.000  0.094 0.000   0.170 0.000 999.99 0.259   1.038 0.000   0.383 0.000   0.661 0.000 0.005 0.000 0.075 0.000
 90.333333  91.333333   13.26 0.000  0.54 0.000 9.999 0.259 9.99 0.259  0.027 0.000  0.346 0.000   0.623 0.000 999.99 0.259   2.402 0.000   0.767 0.000   1.634 0.000 0.016 0.000 0.194 0.000
 93.333333  94.333333    2.66 0.000  0.55 0.000 0.012 0.000 9.99 0.259  0.008 0.000  0.037 0.000   0.067 0.000 999.99 0.259   0.913 0.000   0.197 0.000   0.717 0.000 0.007 0.000 0.110 0.000
 96.333333  97.333333   55.30 0.000  1.56 0.000 9.999 0.259 9.99 0.259  0.029 0.000  0.394 0.000   0.708 0.000 999.99 0.259   7.553 0.000   4.865 0.000   2.688 0.000 0.036 0.000 0.225 0.000
 99.333333 100.333333   24.42 0.000  2.04 0.000 0.007 0.000 9.99 0.259  0.024 0.000  0.156 0.000   0.281 0.000 999.99 0.259   5.217 0.000   2.798 0.000   2.418 0.000 0.034 0.000 0.327 0.000
102.333333 103.333333    6.43 0.000  0.40 0.000 9.999 0.259 9.99 0.259  0.029 0.000  0.114 0.000   0.205 0.000 999.99 0.259   1.931 0.000   0.814 0.000   1.118 0.000 0.009 0.000 0.121 0.000
105.333333 106.333333   29.24 0.000  1.04 0.000 9.999 0.259 9.99 0.259  0.024 0.000  0.409 0.000   0.736 0.000 999.99 0.259   3.535 0.000   1.780 0.000   1.754 0.000 0.025 0.000 0.139 0.000
108.333333 109.333333   14.17 0.000  0.70 0.000 9.999 0.259 9.99 0.259  0.105 0.000  0.428 0.000   0.770 0.000 999.99 0.259   3.557 0.000   1.557 0.000   2.019 0.000 0.012 0.000 0.235 0.000
111.333333 112.333333   18.52 0.000  0.72 0.000 9.999 0.259 9.99 0.259  0.021 0.000  0.642 0.000   1.155 0.000 999.99 0.259   3.439 0.000   1.414 0.000   2.025 0.000 0.014 0.000 0.165 0.000
114.333333 115.333333   24.07 0.000  0.76 0.000 9.999 0.259 9.99 0.259  0.035 0.000  0.844 0.000   1.519 0.000 999.99 0.259   3.547 0.000   0.896 0.000   2.651 0.000 0.022 0.000 0.249 0.000
117.333333 118.333333   26.73 0.000  0.62 0.000 9.999 0.259 0.14 0.000  0.017 0.000  0.411 0.000   0.741 0.000 999.99 0.259   5.193 0.000   3.120 0.000   2.072 0.000 0.019 0.000 0.235 0.000
120.333333 121.333333   21.45 0.000  0.56 0.000 9.999 0.259 9.99 0.259  0.010 0.000  0.514 0.000   0.925 0.000 999.99 0.259   3.421 0.000   1.097 0.000   2.324 0.000 0.017 0.000 0.229 0.000
123.333333 124.333333   16.33 0.000  0.86 0.000 9.999 0.259 9.99 0.259 99.999 0.899  0.554 0.000   0.998 0.000 999.99 0.259   2.310 0.000   0.597 0.000   1.713 0.000 0.013 0.000 9.999 0.899
126.333333 127.333333   16.15 0.000  1.51 0.000 9.999 0.259 0.13 0.000  0.017 0.000  0.262 0.000   0.472 0.000 999.99 0.259   2.734 0.000   0.970 0.000   1.765 0.000 0.018 0.000 0.229 0.000
129.333333 130.333333    2.35 0.000  0.51 0.000 9.999 0.259 9.99 0.259  0.008 0.000  0.086 0.000   0.155 0.000 999.99 0.259   0.579 0.000   0.284 0.000   0.299 0.000 0.003 0.000 0.028 0.000
132.333333 133.333333   32.00 0.000  1.02 0.000 0.006 0.000 0.06 0.000  0.021 0.000  0.689 0.000   1.240 0.000 999.99 0.259   4.906 0.000   1.615 0.000   3.291 0.000 0.031 0.000 0.315 0.000
135.333333 136.333333   13.06 0.000  1.17 0.000 9.999 0.259 9.99 0.259  0.015 0.000  0.241 0.000   0.434 0.000 999.99 0.259   2.067 0.000   0.768 0.000   1.299 0.000 0.014 0.000 0.175 0.000
138.333333 139.333333    8.43 0.000  0.54 0.000 9.999 0.259 0.12 0.000  0.015 0.000  0.180 0.000   0.325 0.000 999.99 0.259   1.728 0.000   0.825 0.000   0.903 0.000 0.008 0.000 0.072 0.000
141.333333 142.333333    7.62 0.000  1.06 0.000 9.999 0.259 9.99 0.259  0.031 0.000  0.656 0.000   1.182 0.000 999.99 0.259   3.141 0.000   1.494 0.000   1.648 0.000 0.014 0.000 0.121 0.000
144.333333 145.333333   17.56 0.000  0.45 0.000 9.999 0.259 9.99 0.259  0.023 0.000  0.526 0.000   0.947 0.000 999.99 0.259   4.364 0.000   2.397 0.000   1.967 0.000 0.016 0.000 0.112 0.000
147.333333 148.333333   44.14 0.000  2.71 0.000 9.999 0.259 0.12 0.000  0.017 0.000  2.353 0.000   4.235 0.000 999.99 0.259   9.931 0.000   3.929 0.000   6.000 0.000 0.062 0.000 0.275 0.000
150.333333 151.333333   23.42 0.000  1.30 0.000 9.999 0.259 9.99 0.259  0.030 0.000  0.718 0.000   1.292 0.000 999.99 0.259   6.027 0.000   2.725 0.000   3.340 0.000 0.018 0.000 0.283 0.000
153.333333 154.333333   15.34 0.000  2.98 0.000 9.999 0.259 9.99 0.259  0.026 0.000  1.695 0.000   3.051 0.000 999.99 0.259   7.111 0.000   2.345 0.000   4.766 0.000 0.063 0.000 0.209 0.000
156.333333 157.333333    3.82 0.000  0.45 0.000 9.999 0.259 9.99 0.259  0.003 0.000  0.123 0.000   0.221 0.000 999.99 0.259   0.956 0.000   0.294 0.000   0.662 0.000 0.004 0.000 0.052 0.000
159.333333 160.333333   12.19 0.000  0.41 0.000 9.999 0.259 9.99 0.259  0.007 0.000  0.408 0.000   0.734 0.000 999.99 0.259   3.887 0.000   2.587 0.000   1.300 0.000 0.007 0.000 0.073 0.000
162.333333 163.333333    6.15 0.000  0.36 0.000 9.999 0.259 9.99 0.259  0.008 0.000  0.003 0.000   0.006 0.000 999.99 0.259   2.552 0.000   1.774 0.000   0.778 0.000 0.005 0.000 0.089 0.000
165.333333 166.333333   29.44 0.000  0.87 0.000 9.999 0.259 9.99 0.259  0.066 0.000  0.775 0.000   1.395 0.000 999.99 0.259   6.297 0.000   3.657 0.000   2.640 0.000 0.019 0.000 0.205 0.000
168.333333 169.333333   12.32 0.000  0.57 0.000 0.008 0.000 9.99 0.259  0.004 0.000  0.225 0.000   0.404 0.000 999.99 0.259   2.889 0.000   2.285 0.000   0.604 0.000 0.005 0.000 0.036 0.000
171.333333 172.333333   48.46 0.000  0.89 0.000 9.999 0.259 9.99 0.259  0.025 0.000  1.669 0.000   3.004 0.000 999.99 0.259  11.580 0.000   7.483 0.000   4.192 0.000 0.028 0.000 0.202 0.000
174.333333 175.333333   51.41 0.000  0.67 0.000 9.999 0.259 9.99 0.259  0.022 0.000  1.296 0.000   2.332 0.000 999.99 0.259   9.069 0.000   5.354 0.000   3.715 0.000 0.060 0.000 0.153 0.000
177.333333 178.333333   19.41 0.000  0.44 0.000 9.999 0.259 9.99 0.259  0.007 0.000  0.569 0.000   1.024 0.000 999.99 0.259   3.262 0.000   1.658 0.000   1.605 0.000 0.011 0.000 0.086 0.000
180.333333 181.333333 9999.99 0.999 99.99 0.999 9.999 0.999 9.99 0.999 99.999 0.999 99.999 0.999 999.999 0.999 999.99 0.999 999.999 0.999 999.999 0.999 999.999 0.999 9.999 0.999 9.999 0.999
183.333333 184.333333 9999.99 0.999 99.99 0.999 9.999 0.999 9.99 0.999 99.999 0.999 99.999 0.999 999.999 0.999 999.99 0.999 999.999 0.999 999.999 0.999 999.999 0.999 9.999 0.999 9.999 0.999
186.333333 187.333333   62.79 0.000  0.99 0.000 0.011 0.000 9.99 0.259  0.018 0.000  0.932 0.000   1.677 0.000 999.99 0.259  12.929 0.000   9.263 0.000   3.567 0.000 0.071 0.000 0.197 0.000
189.333333 190.333333   35.67 0.000  0.32 0.000 9.999 0.259 0.06 0.000  0.010 0.000  0.482 0.000   0.868 0.000 999.99 0.259   2.080 0.000   0.963 0.000   1.107 0.000 0.025 0.000 0.071 0.000
192.333333 193.333333   30.98 0.000  0.29 0.000 0.008 0.000 9.99 0.259  0.021 0.000  0.746 0.000   1.343 0.000 999.99 0.259 999.999 0.456   7.565 0.000   2.404 0.000 0.016 0.000 0.122 0.000
195.333333 196.333333   81.87 0.000  0.37 0.000 9.999 0.259 9.99 0.259  0.014 0.000  1.444 0.000   2.599 0.000 999.99 0.259  13.801 0.000   9.796 0.000   3.901 0.000 0.031 0.000 0.150 0.000
198.333333 199.333333   50.59 0.000  0.61 0.000 9.999 0.259 9.99 0.259  0.008 0.000  0.946 0.000   1.703 0.000 999.99 0.259   7.382 0.000   4.843 0.000   2.488 0.000 0.017 0.000 0.054 0.000
201.333333 202.333333  151.60 0.000  0.54 0.000 9.999 0.259 9.99 0.259  0.024 0.000  1.620 0.000   2.916 0.000 999.99 0.259  19.462 0.000  14.218 0.000   5.094 0.000 0.052 0.000 0.161 0.000
204.333333 205.333333   45.47 0.000  0.59 0.000 9.999 0.259 9.99 0.259  0.041 0.000  1.398 0.000   2.516 0.000 999.99 0.259   9.195 0.000   5.043 0.000   4.098 0.000 0.050 0.000 0.201 0.000
207.333333 208.333333   99.91 0.000  0.45 0.000 9.999 0.259 9.99 0.259  0.012 0.000  1.607 0.000   2.892 0.000 999.99 0.259  13.020 0.000   8.290 0.000   4.641 0.000 0.073 0.000 0.063 0.000
210.333333 211.333333  128.74 0.000  0.79 0.000 9.999 0.259 9.99 0.259  0.015 0.000  1.163 0.000   2.093 0.000 999.99 0.259  16.726 0.000  12.783 0.000   3.808 0.000 0.037 0.000 0.165 0.000
213.333333 214.333333   52.00 0.000  0.39 0.000 9.999 0.259 9.99 0.259  0.010 0.000  0.605 0.000   1.088 0.000 999.99 0.259   8.945 0.000   6.740 0.000   2.235 0.000 0.017 0.000 0.115 0.000
216.333333 217.333333  232.85 0.000  0.60 0.000 0.014 0.000 9.99 0.259  0.022 0.000  2.212 0.000   3.981 0.000 999.99 0.259  23.063 0.000  15.157 0.000   7.744 0.000 0.085 0.000 0.167 0.000
219.333333 220.333333  122.94 0.000  0.59 0.000 9.999 0.259 0.08 0.000  0.020 0.000  1.428 0.000   2.571 0.000 999.99 0.259  11.509 0.000   6.511 0.000   4.927 0.000 0.041 0.000 0.205 0.000
222.333333 223.333333  157.29 0.000  0.42 0.000 0.017 0.000 9.99 0.259  0.009 0.000  0.652 0.000   1.174 0.000 999.99 0.259  11.702 0.000   8.221 0.000   3.393 0.000 0.036 0.000 0.101 0.000
225.333333 226.333333   88.54 0.000  0.34 0.000 9.999 0.259 9.99 0.259  0.013 0.000  2.085 0.000   3.753 0.000 999.99 0.259  12.502 0.000   7.642 0.000   4.778 0.000 0.035 0.000 0.086 0.000
228.333333 229.333333   76.33 0.000  0.19 0.000 9.999 0.259 9.99 0.259  0.005 0.000  0.307 0.000   0.552 0.000 999.99 0.259   7.097 0.000   5.248 0.000   1.794 0.000 0.022 0.000 0.068 0.000
231.333333 232.333333   66.14 0.000  0.64 0.000 9.999 0.259 9.99 0.259  0.016 0.000  1.875 0.000   3.376 0.000 999.99 0.259  11.947 0.000   6.964 0.000   4.908 0.000 0.065 0.000 0.107 0.000
234.333333 235.333333   63.26 0.000  0.46 0.000 9.999 0.259 9.99 0.259  0.022 0.000  2.448 0.000   4.407 0.000 999.99 0.259  12.437 0.000   7.030 0.000   5.467 0.000 0.027 0.000 0.141 0.000
237.333333 238.333333  176.51 0.000  0.78 0.000 9.999 0.259 9.99 0.259  0.056 0.000  3.882 0.000   6.987 0.000 999.99 0.259  23.903 0.000  13.385 0.000  10.374 0.000 0.233 0.000 0.158 0.000
240.333333 241.333333   35.72 0.000  0.43 0.000 9.999 0.259 9.99 0.259  0.025 0.000  0.363 0.000   0.654 0.000 999.99 0.259   7.820 0.000   5.894 0.000   1.862 0.000 0.015 0.000 0.134 0.000
243.333333 244.333333 9999.99 0.999 99.99 0.999 9.999 0.999 9.99 0.999 99.999 0.999 99.999 0.999 999.999 0.999 999.99 0.999 999.999 0.999 999.999 0.999 999.999 0.999 9.999 0.999 9.999 0.999
246.333333 247.333333 9999.99 0.999 99.99 0.999 9.999 0.999 9.99 0.999 99.999 0.999 99.999 0.999 999.999 0.999 999.99 0.999 999.999 0.999 999.999 0.999 999.999 0.999 9.999 0.999 9.999 0.999
249.333333 250.333333  187.17 0.000  0.89 0.000 9.999 0.259 9.99 0.259  0.018 0.000  0.821 0.000   1.478 0.000 999.99 0.259  20.395 0.000  16.218 0.000   4.004 0.000 0.051 0.000 0.093 0.000
