scripts/IMPROVE-2019_partial/data/US3818R.20070103080000.20191216000000.filterpack...1y.3d.US03L_filterpack_US3818.US03L_IMPROVE_Davis.lev2.nas
51 1001
MISSING INFORMATION
US03L, IMPROVE, , , , , , , 
MISSING INFORMATION
IMPROVE sel_HTAP
1 1
2007 01 01 2019 12 16
3.000000
days from file reference point
4
1 1 1 1
999.999999 999.999 999.999 9.999
end_time of measurement, days from the file reference point
pm10_mass, ug/m3, Matrix=pm10
pm25_mass, ug/m3, Matrix=pm25
numflag, no unit
0
33
Data definition:              EBAS_1.1
Set type code:                TU
Timezone:                     UTC
File name:                    US3818R.20070103080000.20191216000000.filterpack...1y.3d.US03L_filterpack_US3818.US03L_IMPROVE_Davis.lev2.nas
File creation:                20191218120421
Startdate:                    20070103080000
Revision date:                20191216000000
Version:                      2
Version description:          "Data extracted from http://views.cira.colostate.edu/fed/DataWizard 2019-12-16"
Statistics:                   arithmetic mean
Data level:                   2
Period code:                  1y
Resolution code:              3d
Sample duration:              1d
Orig. time res.:              3d
Station code:                 US3818R
Platform code:                US3818S
Station name:                 Starkey Experimental Forest (OR18)
Station latitude:             45.2244
Station longitude:            -118.5114
Station altitude:             1253.0 m
Regime:                       IMG
Component:                    
Unit:                         ug/m3
Matrix:                       
Laboratory code:              US03L
Instrument type:              filterpack
Instrument name:              filterpack_US3818
Method ref:                   US03L_IMPROVE_Davis
Blank correction:             Blank corrected
Volume std. temperature:      ambient
Volume std. pressure:         ambient
starttime endtime PM10 PM2.5 flag
  2.333333   3.333333 999.999 999.999 0.999
  5.333333   6.333333   2.184   1.201 0.000
  8.333333   9.333333   1.628   0.818 0.000
 11.333333  12.333333   1.531   0.932 0.000
 14.333333  15.333333   3.326   2.364 0.000
 17.333333  18.333333   1.891   1.421 0.000
 20.333333  21.333333   1.341   0.935 0.000
 23.333333  24.333333   4.514   3.264 0.000
 26.333333  27.333333   3.111   2.852 0.000
 29.333333  30.333333   1.882   1.922 0.000
 32.333333  33.333333   1.888   1.824 0.000
 35.333333  36.333333   1.988   1.554 0.000
 38.333333  39.333333   1.334   0.986 0.000
 41.333333  42.333333   0.628   0.493 0.000
 44.333333  45.333333   0.589   0.670 0.000
 47.333333  48.333333   1.041   0.823 0.000
 50.333333  51.333333   0.709   0.526 0.000
 53.333333  54.333333   0.544   0.340 0.000
 56.333333  57.333333   0.881   0.466 0.000
 59.333333  60.333333   1.135   0.924 0.000
 62.333333  63.333333   1.964   1.805 0.000
 65.333333  66.333333   2.588   2.042 0.000
 68.333333  69.333333   1.123   0.856 0.000
 71.333333  72.333333   1.662   0.981 0.000
 74.333333  75.333333   3.176   1.971 0.000
 77.333333  78.333333   2.001   1.235 0.000
 80.333333  81.333333   2.540   1.379 0.000
 83.333333  84.333333   1.628   0.986 0.000
 86.333333  87.333333   3.948   2.674 0.000
 89.333333  90.333333   2.555   1.748 0.000
 92.333333  93.333333   3.510   2.348 0.000
 95.333333  96.333333   6.809   3.837 0.000
 98.333333  99.333333   1.554   0.923 0.000
101.333333 102.333333   1.004   0.645 0.000
104.333333 105.333333   2.138   1.436 0.000
107.333333 108.333333   2.007   0.798 0.000
110.333333 111.333333   2.848   1.939 0.000
113.333333 114.333333   3.533   1.782 0.000
116.333333 117.333333   6.475   3.733 0.000
119.333333 120.333333   7.721   4.010 0.000
122.333333 123.333333   1.170   0.835 0.000
125.333333 126.333333   3.253   2.036 0.000
128.333333 129.333333   6.935   3.645 0.000
131.333333 132.333333  14.309   6.533 0.000
134.333333 135.333333  13.075   7.722 0.000
137.333333 138.333333  12.056   6.061 0.000
140.333333 141.333333   1.956   1.091 0.000
143.333333 144.333333   5.439   2.808 0.000
146.333333 147.333333   9.605   3.320 0.000
149.333333 150.333333  10.190   4.435 0.000
152.333333 153.333333   9.161   4.958 0.000
155.333333 156.333333 999.999 999.999 0.999
158.333333 159.333333   5.031   2.229 0.000
161.333333 162.333333   4.539   1.694 0.000
164.333333 165.333333   6.232   2.822 0.000
167.333333 168.333333   2.709   1.528 0.000
170.333333 171.333333  10.419   3.616 0.000
173.333333 174.333333 999.999 999.999 0.999
176.333333 177.333333 999.999 999.999 0.999
179.333333 180.333333   4.358   1.620 0.000
182.333333 183.333333   7.903   3.478 0.000
185.333333 186.333333  11.202   4.428 0.000
188.333333 189.333333   5.892   1.780 0.000
191.333333 192.333333  18.971   5.817 0.000
194.333333 195.333333  16.800   8.255 0.000
197.333333 198.333333  31.407  17.455 0.000
200.333333 201.333333  10.784   6.089 0.000
203.333333 204.333333  10.873   3.602 0.000
206.333333 207.333333  15.194   6.404 0.000
209.333333 210.333333   8.352   2.262 0.000
212.333333 213.333333  13.023   4.494 0.000
215.333333 216.333333   9.746   5.735 0.000
218.333333 219.333333  15.772   4.432 0.000
221.333333 222.333333  11.031   5.975 0.000
224.333333 225.333333  10.693   3.751 0.000
227.333333 228.333333  40.322  15.036 0.000
230.333333 231.333333   4.801   2.657 0.000
233.333333 234.333333   4.543   2.846 0.000
236.333333 237.333333  10.510   2.838 0.000
239.333333 240.333333  11.790   3.328 0.000
242.333333 243.333333  10.073   4.452 0.000
245.333333 246.333333  11.977   6.906 0.000
248.333333 249.333333   4.864   2.250 0.000
251.333333 252.333333   9.351   3.394 0.000
254.333333 255.333333  18.313   7.812 0.000
257.333333 258.333333  21.058  11.756 0.000
260.333333 261.333333   8.686   2.471 0.000
263.333333 264.333333  16.429   3.883 0.000
266.333333 267.333333   5.695   2.572 0.000
269.333333 270.333333  13.377   3.769 0.000
272.333333 273.333333   2.873   1.151 0.000
275.333333 276.333333   1.827   1.341 0.000
278.333333 279.333333   3.730   3.086 0.000
281.333333 282.333333   7.678   2.294 0.000
284.333333 285.333333   5.530   3.227 0.000
287.333333 288.333333  17.601  11.560 0.000
290.333333 291.333333   3.030   1.925 0.000
293.333333 294.333333   1.465   1.137 0.000
296.333333 297.333333   6.506   3.557 0.000
299.333333 300.333333   7.340   5.557 0.000
302.333333 303.333333   5.629   4.891 0.000
305.333333 306.333333   4.336   2.873 0.000
308.333333 309.333333   5.906   4.093 0.000
311.333333 312.333333  10.935   7.476 0.000
314.333333 315.333333   2.214   1.668 0.000
317.333333 318.333333   3.543   2.960 0.000
320.333333 321.333333   1.410   1.016 0.000
323.333333 324.333333   3.669   3.466 0.000
326.333333 327.333333   3.229   2.762 0.000
329.333333 330.333333   6.018   5.407 0.000
332.333333 333.333333   1.271   1.083 0.000
335.333333 336.333333   3.088   1.186 0.000
338.333333 339.333333   1.176   0.743 0.000
341.333333 342.333333   2.433   2.305 0.000
344.333333 345.333333   2.161   2.069 0.000
347.333333 348.333333   2.420   1.727 0.000
350.333333 351.333333   0.764   0.558 0.000
353.333333 354.333333   1.061   0.342 0.000
356.333333 357.333333   1.317   1.176 0.000
359.333333 360.333333   1.412   0.556 0.000
362.333333 363.333333   0.379   0.124 0.000
