scripts/IMPROVE-2019_partial/data/US3818R.20060102080000.20191216000000.filterpack..pm25.52w.1w.US03L_filterpack_US3818.US03L_IMPROVE_Davis.lev2.nas
66 1001
MISSING INFORMATION
US03L, IMPROVE, , , , , , , 
MISSING INFORMATION
IMPROVE sel_HTAP
1 1
2006 01 01 2019 12 16
3.000000
days from file reference point
27
1 1 1 1 1 1 1 1 1 1 1 1 1 1 1 1 1 1 1 1 1 1 1 1 1 1 1
999.999999 9999.99 9.999 99.99 9.999 9.999 9.999 9.99 9.999 9.999 9.999 999.999 9.999 999.999 9.999 99.99 9.999 999.999 9.999 999.999 9.999 999.999 9.999 9.999 9.999 9.999 9.999
end_time of measurement, days from the file reference point
iron, ng/m3, Revision date=20181210133000
numflag iron, no unit, Revision date=20181210133000
lead, ng/m3, Revision date=20181210133000
numflag lead, no unit, Revision date=20181210133000
magnesium, ug/m3, Revision date=20181210133000
numflag magnesium, no unit, Revision date=20181210133000
nickel, ng/m3, Revision date=20181210133000
numflag nickel, no unit, Revision date=20181210133000
nitrate, ug N/m3, Revision date=20181210133000
numflag nitrate, no unit, Revision date=20181210133000
organic_carbon, ug C/m3, Revision date=20181210133000
numflag organic_carbon, no unit, Revision date=20181210133000
organic_mass, ug/m3, Revision date=20181210133000
numflag organic_mass, no unit, Revision date=20181210133000
phosphorus, ng/m3, Revision date=20181210133000
numflag phosphorus, no unit, Revision date=20181210133000
pm10_mass, ug/m3, Version=2, Version description=Data extracted from http://views.cira.colostate.edu/fed/DataWizard 2019-12-16, Sample duration=1d, Orig. time res.=3d, Matrix=pm10, Blank correction=Blank corrected, Volume std. temperature=ambient, Volume std. pressure=ambient
numflag pm10_mass, no unit, Version=2, Version description=Data extracted from http://views.cira.colostate.edu/fed/DataWizard 2019-12-16, Sample duration=1d, Orig. time res.=3d, Matrix=pm10, Blank correction=Blank corrected, Volume std. temperature=ambient, Volume std. pressure=ambient
pm10_pm25_mass, ug/m3, Revision date=20181210133000, Matrix=pm10_pm25
numflag pm10_pm25_mass, no unit, Revision date=20181210133000, Matrix=pm10_pm25
pm25_mass, ug/m3, Version=2, Version description=Data extracted from http://views.cira.colostate.edu/fed/DataWizard 2019-12-16, Sample duration=1d, Orig. time res.=3d, Blank correction=Blank corrected, Volume std. temperature=ambient, Volume std. pressure=ambient
numflag pm25_mass, no unit, Version=2, Version description=Data extracted from http://views.cira.colostate.edu/fed/DataWizard 2019-12-16, Sample duration=1d, Orig. time res.=3d, Blank correction=Blank corrected, Volume std. temperature=ambient, Volume std. pressure=ambient
potassium, ug/m3, Revision date=20181210133000
numflag potassium, no unit, Revision date=20181210133000
sulphate_total, ug S/m3, Revision date=20181210133000
numflag sulphate_total, no unit, Revision date=20181210133000
0
25
Data definition:              EBAS_1.1
Set type code:                TU
Timezone:                     UTC
File name:                    US3818R.20060102080000.20191216000000.filterpack..pm25.52w.1w.US03L_filterpack_US3818.US03L_IMPROVE_Davis.lev2.nas
File creation:                20191218120421
Startdate:                    20060102080000
Revision date:                20191216000000
Statistics:                   arithmetic mean
Data level:                   2
Period code:                  52w
Resolution code:              1w
Station code:                 US3818R
Platform code:                US3818S
Station name:                 Starkey Experimental Forest (OR18)
Station latitude:             45.2244
Station longitude:            -118.5114
Station altitude:             1253.0 m
Regime:                       IMG
Component:                    
Matrix:                       pm25
Laboratory code:              US03L
Instrument type:              filterpack
Instrument name:              filterpack_US3818
Method ref:                   US03L_IMPROVE_Davis
starttime endtime Fe flag_Fe Pb flag_Pb Mg++ flag_Mg++ Ni flag_Ni NO3- flag_NO3- OC flag_OC OM flag_OM P flag_P PM10 flag_PM10 PM10-PM2.5 flag_PM10-PM2.5 PM2.5 flag_PM2.5 K+ flag_K+ SO4-- flag_SO4--
[from data line 85]
256.333333 257.333333  133.20 0.000  0.16 0.000 0.013 0.000 0.08 0.000 0.041 0.000   0.102 0.000   0.185 0.000 99.99 0.259  11.981 0.000   8.286 0.000   3.696 0.000 0.034 0.000 0.155 0.000
259.333333 260.333333   22.26 0.000  0.41 0.000 0.009 0.000 0.11 0.000 0.031 0.000   0.450 0.000   0.809 0.000 99.99 0.259   5.028 0.000   3.049 0.000   1.979 0.000 0.011 0.000 0.095 0.000
262.333333 263.333333   20.29 0.000  0.29 0.000 0.008 0.000 9.99 0.259 0.032 0.000   0.323 0.000   0.582 0.000 99.99 0.259   3.240 0.000   1.281 0.000   1.958 0.000 0.011 0.000 0.139 0.000
265.333333 266.333333   20.87 0.000  0.37 0.000 9.999 0.259 9.99 0.259 0.021 0.000   0.720 0.000   1.295 0.000 99.99 0.259   3.239 0.000   0.844 0.000   2.395 0.000 0.018 0.000 0.086 0.000
268.333333 269.333333   41.92 0.000  0.64 0.000 9.999 0.259 9.99 0.259 0.016 0.000   2.705 0.000   4.869 0.000 99.99 0.259  11.117 0.000   4.694 0.000   6.423 0.000 0.025 0.000 0.079 0.000
271.333333 272.333333   89.75 0.000  0.52 0.000 0.020 0.000 9.99 0.259 0.026 0.000   3.759 0.000   6.766 0.000 99.99 0.259  17.184 0.000   7.596 0.000   9.588 0.000 0.080 0.000 0.100 0.000
274.333333 275.333333   66.82 0.000  0.56 0.000 9.999 0.259 9.99 0.259 0.012 0.000   0.373 0.000   0.671 0.000 99.99 0.259   8.397 0.000   5.976 0.000   2.421 0.000 0.022 0.000 0.124 0.000
277.333333 278.333333   40.53 0.000  0.29 0.000 9.999 0.259 0.11 0.000 0.014 0.000   0.678 0.000   1.220 0.000 99.99 0.259   3.548 0.000   1.185 0.000   2.363 0.000 0.021 0.000 0.098 0.000
280.333333 281.333333   19.91 0.000  0.68 0.000 9.999 0.259 9.99 0.259 0.025 0.000   0.653 0.000   1.175 0.000 99.99 0.259   4.650 0.000   2.214 0.000   2.435 0.000 0.020 0.000 0.158 0.000
283.333333 284.333333   30.30 0.000  0.24 0.000 9.999 0.259 9.99 0.259 0.007 0.000   0.539 0.000   0.971 0.000 99.99 0.259   5.473 0.000   3.185 0.000   2.287 0.000 0.017 0.000 0.112 0.000
286.333333 287.333333   94.94 0.000  0.45 0.000 9.999 0.259 9.99 0.259 0.025 0.000   2.234 0.000   4.021 0.000 99.99 0.259  14.506 0.000   8.175 0.000   6.330 0.000 0.047 0.000 0.110 0.000
289.333333 290.333333    2.80 0.000  0.25 0.000 9.999 0.259 9.99 0.259 0.062 0.000   0.436 0.000   0.785 0.000 99.99 0.259   1.635 0.000   0.339 0.000   1.296 0.000 0.006 0.000 0.101 0.000
292.333333 293.333333    9.84 0.000  0.32 0.000 9.999 0.259 9.99 0.259 0.036 0.000   0.440 0.000   0.791 0.000 99.99 0.259   2.734 0.000   0.906 0.000   1.828 0.000 0.019 0.000 0.094 0.000
295.333333 296.333333   13.83 0.000  1.19 0.000 9.999 0.259 9.99 0.259 0.015 0.000   1.423 0.000   2.561 0.000 99.99 0.259   5.419 0.000   1.651 0.000   3.769 0.000 0.031 0.000 0.092 0.000
298.333333 299.333333   16.64 0.000  0.64 0.000 0.006 0.000 9.99 0.259 0.030 0.000   1.472 0.000   2.651 0.000 99.99 0.259   6.583 0.000   2.417 0.000   4.166 0.000 0.020 0.000 0.133 0.000
301.333333 302.333333   16.54 0.000  0.61 0.000 0.013 0.000 9.99 0.259 0.021 0.000   2.101 0.000   3.783 0.000 99.99 0.259   8.168 0.000   2.823 0.000   5.345 0.000 0.026 0.000 0.164 0.000
304.333333 305.333333   28.93 0.000  0.52 0.000 0.007 0.000 9.99 0.259 0.068 0.000   2.079 0.000   3.741 0.000 99.99 0.259   8.449 0.000   3.127 0.000   5.322 0.000 0.048 0.000 0.107 0.000
307.333333 308.333333    4.20 0.000  0.11 0.000 9.999 0.259 9.99 0.259 0.007 0.000   0.533 0.000   0.959 0.000 99.99 0.259   1.958 0.000   0.879 0.000   1.079 0.000 0.013 0.000 0.026 0.000
310.333333 311.333333    2.20 0.000 99.99 0.259 9.999 0.259 9.99 0.259 0.003 0.000   0.519 0.000   0.935 0.000 99.99 0.259   1.824 0.000   0.673 0.000   1.150 0.000 0.012 0.000 0.038 0.000
313.333333 314.333333    5.04 0.000 99.99 0.259 0.009 0.000 9.99 0.259 0.020 0.000   1.078 0.000   1.941 0.000 99.99 0.259   2.729 0.000   0.522 0.000   2.207 0.000 0.021 0.000 0.042 0.000
316.333333 317.333333    1.08 0.000  0.30 0.000 0.008 0.000 9.99 0.259 0.002 0.000   0.104 0.000   0.187 0.000 99.99 0.259   0.668 0.000   0.151 0.000   0.517 0.000 0.004 0.000 0.037 0.000
319.333333 320.333333    1.99 0.000  0.31 0.000 0.007 0.000 9.99 0.259 0.016 0.000   0.443 0.000   0.798 0.000 99.99 0.259   1.843 0.000   0.608 0.000   1.235 0.000 0.007 0.000 0.085 0.000
322.333333 323.333333    4.06 0.000  0.54 0.000 9.999 0.259 9.99 0.259 0.053 0.000   1.148 0.000   2.067 0.000 99.99 0.259   3.306 0.000   0.635 0.000   2.671 0.000 0.015 0.000 0.143 0.000
325.333333 326.333333    1.43 0.000  0.20 0.000 0.006 0.000 9.99 0.259 0.007 0.000   0.173 0.000   0.312 0.000 99.99 0.259   0.885 0.000   0.404 0.000   0.481 0.000 0.004 0.000 0.027 0.000
328.333333 329.333333    0.81 0.000  0.31 0.000 9.999 0.259 9.99 0.259 0.004 0.000   0.084 0.000   0.151 0.000 99.99 0.259   0.925 0.000   0.414 0.000   0.511 0.000 0.004 0.000 0.043 0.000
331.333333 332.333333    1.84 0.000 99.99 0.259 9.999 0.259 9.99 0.259 0.024 0.000   0.134 0.000   0.242 0.000 99.99 0.259   1.480 0.000   0.247 0.000   1.233 0.000 0.007 0.000 0.097 0.000
334.333333 335.333333    7.53 0.000  0.09 0.000 9.999 0.259 0.15 0.000 0.029 0.000   0.318 0.000   0.573 0.000 99.99 0.259   1.684 0.000   0.115 0.000   1.570 0.000 0.009 0.000 0.091 0.000
337.333333 338.333333    7.73 0.000  0.82 0.000 9.999 0.259 9.99 0.259 0.371 0.000   4.936 0.000   8.885 0.000 99.99 0.259  11.164 0.000   0.851 0.000  10.312 0.000 0.060 0.000 0.192 0.000
340.333333 341.333333   15.00 0.000  0.54 0.000 9.999 0.259 9.99 0.259 0.709 0.000   1.078 0.000   1.940 0.000 99.99 0.259   7.101 0.000   0.906 0.000   6.196 0.000 0.020 0.000 0.143 0.000
343.333333 344.333333    9.80 0.000  0.26 0.000 0.009 0.000 9.99 0.259 0.145 0.000   0.530 0.000   0.954 0.000 99.99 0.259   2.303 0.000   0.763 0.000   1.540 0.000 0.011 0.000 0.082 0.000
346.333333 347.333333    1.57 0.000  0.14 0.000 0.072 0.000 0.13 0.000 0.013 0.000   0.223 0.000   0.401 0.000 99.99 0.259   2.905 0.000   0.969 0.000   1.935 0.000 0.017 0.000 0.074 0.000
349.333333 350.333333    1.97 0.000  0.19 0.000 9.999 0.259 9.99 0.259 0.011 0.000   0.145 0.000   0.262 0.000 99.99 0.259   1.010 0.000   0.237 0.000   0.773 0.000 0.004 0.000 0.019 0.000
352.333333 353.333333    9.64 0.000  0.57 0.000 0.012 0.000 9.99 0.259 0.166 0.000   0.777 0.000   1.398 0.000 99.99 0.259   3.251 0.000   0.831 0.000   2.419 0.000 0.010 0.000 0.030 0.000
355.333333 356.333333    1.52 0.000  0.15 0.000 9.999 0.259 9.99 0.259 0.069 0.000   0.209 0.000   0.376 0.000 99.99 0.259   1.471 0.000   0.246 0.000   1.225 0.000 0.007 0.000 0.073 0.000
358.333333 359.333333    1.46 0.000  0.07 0.000 9.999 0.259 9.99 0.259 0.076 0.000   0.198 0.000   0.356 0.000 99.99 0.259   1.004 0.000   0.131 0.000   0.873 0.000 0.003 0.000 0.073 0.000
361.333333 362.333333    4.30 0.000  0.13 0.000 0.014 0.000 9.99 0.259 0.074 0.000   0.206 0.000   0.372 0.000 99.99 0.259   1.981 0.000   0.573 0.000   1.408 0.000 0.009 0.000 0.084 0.000
364.333333 365.333333    9.11 0.000  1.01 0.000 9.999 0.259 9.99 0.259 0.337 0.000   1.222 0.000   2.200 0.000 99.99 0.259   4.011 0.000   0.578 0.000   3.433 0.000 0.013 0.000 0.061 0.000
