scripts/IMPROVE-2019_partial/data/US3818R.20010101080000.20191216000000.filterpack..pm25.52w.1w.US03L_filterpack_US3818.US03L_IMPROVE_Davis.lev2.nas
64 1001
MISSING INFORMATION
US03L, IMPROVE, , , , , , , 
MISSING INFORMATION
IMPROVE sel_HTAP
1 1
2001 01 01 2019 12 16
3.000000
days from file reference point
25
1 1 1 1 1 1 1 1 1 1 1 1 1 1 1 1 1 1 1 1 1 1 1 1 1
999.999999 9999.99 9.999999 99.99 9.999999 9.999 9.999999999 9.99 9.999999999 9.999 9.999 999.999 9.999 999.999 9.999 999.999 9.999 999.999 9.999 999.999 9.999 9.999 9.999999 9.999 9.999
end_time of measurement, days from the file reference point
iron, ng/m3, Revision date=20181210133000
numflag iron, no unit, Revision date=20181210133000
lead, ng/m3, Revision date=20181210133000
numflag lead, no unit, Revision date=20181210133000
magnesium, ug/m3, Revision date=20181210133000
numflag magnesium, no unit, Revision date=20181210133000
nickel, ng/m3, Revision date=20181210133000
numflag nickel, no unit, Revision date=20181210133000
nitrate, ug N/m3, Revision date=20181210133000
numflag nitrate, no unit, Revision date=20181210133000
organic_carbon, ug C/m3, Revision date=20181210133000
numflag organic_carbon, no unit, Revision date=20181210133000
organic_mass, ug/m3, Revision date=20181210133000
numflag organic_mass, no unit, Revision date=20181210133000
pm10_mass, ug/m3, Version=2, Version description=Data extracted from http://views.cira.colostate.edu/fed/DataWizard 2019-12-16, Sample duration=1d, Orig. time res.=3d, Matrix=pm10, Blank correction=Blank corrected, Volume std. temperature=ambient, Volume std. pressure=ambient
numflag pm10_mass, no unit, Version=2, Version description=Data extracted from http://views.cira.colostate.edu/fed/DataWizard 2019-12-16, Sample duration=1d, Orig. time res.=3d, Matrix=pm10, Blank correction=Blank corrected, Volume std. temperature=ambient, Volume std. pressure=ambient
pm10_pm25_mass, ug/m3, Revision date=20181210133000, Matrix=pm10_pm25
numflag pm10_pm25_mass, no unit, Revision date=20181210133000, Matrix=pm10_pm25
pm25_mass, ug/m3, Version=2, Version description=Data extracted from http://views.cira.colostate.edu/fed/DataWizard 2019-12-16, Sample duration=1d, Orig. time res.=3d, Blank correction=Blank corrected, Volume std. temperature=ambient, Volume std. pressure=ambient
numflag pm25_mass, no unit, Version=2, Version description=Data extracted from http://views.cira.colostate.edu/fed/DataWizard 2019-12-16, Sample duration=1d, Orig. time res.=3d, Blank correction=Blank corrected, Volume std. temperature=ambient, Volume std. pressure=ambient
potassium, ug/m3, Revision date=20181210133000
numflag potassium, no unit, Revision date=20181210133000
sulphate_total, ug S/m3, Revision date=20181210133000
numflag sulphate_total, no unit, Revision date=20181210133000
0
25
Data definition:              EBAS_1.1
Set type code:                TU
Timezone:                     UTC
File name:                    US3818R.20010101080000.20191216000000.filterpack..pm25.52w.1w.US03L_filterpack_US3818.US03L_IMPROVE_Davis.lev2.nas
File creation:                20191218120419
Startdate:                    20010101080000
Revision date:                20191216000000
Statistics:                   arithmetic mean
Data level:                   2
Period code:                  52w
Resolution code:              1w
Station code:                 US3818R
Platform code:                US3818S
Station name:                 Starkey Experimental Forest (OR18)
Station latitude:             45.2244
Station longitude:            -118.5114
Station altitude:             1253.0 m
Regime:                       IMG
Component:                    
Matrix:                       pm25
Laboratory code:              US03L
Instrument type:              filterpack
Instrument name:              filterpack_US3818
Method ref:                   US03L_IMPROVE_Davis
starttime endtime Fe flag_Fe Pb flag_Pb Mg++ flag_Mg++ Ni flag_Ni NO3- flag_NO3- OC flag_OC OM flag_OM PM10 flag_PM10 PM10-PM2.5 flag_PM10-PM2.5 PM2.5 flag_PM2.5 K+ flag_K+ SO4-- flag_SO4--
[from data line 81]
243.333333 244.333333   52.32 0.000000  0.40 0.000000 9.999 0.259000000 9.99 0.259000000 0.010 0.000   0.530 0.000   0.742 0.000   9.507 0.000   7.353 0.000   2.154 0.000 0.029 0.000000 0.105 0.000
246.333333 247.333333   52.70 0.000000 99.99 0.259000 9.999 0.259000000 9.99 0.259000000 0.031 0.000   0.422 0.000   0.591 0.000   8.392 0.000   6.138 0.000   2.254 0.000 0.061 0.000000 0.107 0.000
249.333333 250.333333  233.56 0.000000  0.53 0.000000 9.999 0.259000000 9.99 0.259000000 0.040 0.000   1.211 0.000   1.695 0.000  40.035 0.000  32.869 0.000   7.166 0.000 0.124 0.000000 0.219 0.000
252.333333 253.333333  114.04 0.000000  0.57 0.000000 9.999 0.259000000 0.13 0.000000000 0.021 0.000   0.958 0.000   1.341 0.000  17.258 0.000  12.869 0.000   4.389 0.000 0.047 0.000000 0.269 0.000
255.333333 256.333333   69.63 0.000000  0.35 0.000000 9.999 0.259000000 9.99 0.259000000 0.028 0.559   1.045 0.000   1.462 0.000  12.862 0.000   8.893 0.000   3.968 0.000 0.039 0.000000 0.184 0.559
258.333333 259.333333   42.53 0.000000  0.36 0.000000 9.999 0.259000000 9.99 0.259000000 0.012 0.000   1.518 0.000   2.125 0.000   8.424 0.000   4.275 0.000   4.149 0.000 0.052 0.000000 0.197 0.000
261.333333 262.333333   43.92 0.000000  0.35 0.000000 9.999 0.259000000 9.99 0.259000000 0.012 0.559   0.367 0.000   0.514 0.000   6.986 0.000   4.750 0.000   2.235 0.000 0.017 0.000000 0.233 0.559
264.333333 265.333333   79.38 0.000000  0.80 0.000000 9.999 0.259000000 9.99 0.259000000 0.017 0.000   0.908 0.000   1.272 0.000  10.602 0.000   7.223 0.000   3.378 0.000 0.049 0.000000 0.188 0.000
267.333333 268.333333   53.36 0.000000  0.44 0.000000 9.999 0.259000000 9.99 0.259000000 0.017 0.559   0.651 0.000   0.911 0.000   8.981 0.000   6.590 0.000   2.391 0.000 0.021 0.000000 0.107 0.559
270.333333 271.333333   26.05 0.000000  0.29 0.000000 9.999 0.259000000 9.99 0.259000000 0.065 0.559   0.719 0.000   1.006 0.000   4.092 0.000   1.551 0.000   2.541 0.000 0.031 0.000000 0.182 0.559
273.333333 274.333333   48.48 0.000000  0.46 0.000000 9.999 0.259000000 9.99 0.259000000 0.022 0.559   0.839 0.000   1.175 0.000   7.561 0.000   4.464 0.000   3.096 0.000 0.043 0.000000 0.133 0.559
276.333333 277.333333  102.18 0.000000  0.59 0.000000 9.999 0.259000000 9.99 0.259000000 0.134 0.000   2.243 0.000   3.140 0.000  19.835 0.000  12.644 0.000   7.191 0.000 0.211 0.000000 0.161 0.000
279.333333 280.333333   39.34 0.000000  0.75 0.000000 9.999 0.259000000 0.10 0.000000000 0.045 0.000   0.693 0.000   0.970 0.000   9.564 0.000   6.152 0.000   3.412 0.000 0.037 0.000000 0.270 0.000
282.333333 283.333333   17.30 0.000000  0.23 0.000000 9.999 0.259000000 9.99 0.259000000 0.027 0.000   0.426 0.000   0.596 0.000   3.138 0.000   1.514 0.000   1.623 0.000 0.017 0.000000 0.082 0.000
285.333333 286.333333    9.05 0.000000  0.69 0.000000 9.999 0.259000000 9.99 0.259000000 0.012 0.000   0.179 0.000   0.250 0.000   1.901 0.000   0.918 0.000   0.984 0.000 0.012 0.000000 0.077 0.000
288.333333 289.333333   28.48 0.000000  0.50 0.000000 9.999 0.259000000 9.99 0.259000000 0.024 0.000   0.902 0.000   1.263 0.000   8.563 0.000   5.768 0.000   2.795 0.000 0.051 0.000000 0.077 0.000
291.333333 292.333333   15.57 0.000000  0.36 0.000000 9.999 0.259000000 9.99 0.259000000 0.020 0.000   1.765 0.000   2.471 0.000   4.671 0.000   1.452 0.000   3.219 0.000 0.010 0.000000 0.053 0.000
294.333333 295.333333   11.79 0.000000 99.99 0.259000 9.999 0.259000000 9.99 0.259000000 0.006 0.000   0.414 0.000   0.580 0.000   1.331 0.000   0.168 0.000   1.162 0.000 9.999 0.259000 0.027 0.000
297.333333 298.333333   17.14 0.000000  0.43 0.000000 9.999 0.259000000 9.99 0.259000000 0.042 0.000   5.708 0.000   7.991 0.000  10.354 0.000   0.153 0.000  10.202 0.000 0.032 0.000000 0.098 0.000
300.333333 301.333333   11.39 0.000000  0.62 0.000000 9.999 0.259000000 9.99 0.259000000 0.083 0.000   0.516 0.000   0.723 0.000   1.871 0.000   0.289 0.000   1.582 0.000 0.023 0.000000 0.130 0.000
303.333333 304.333333    3.23 0.000000  0.28 0.000000 9.999 0.259000000 9.99 0.259000000 0.005 0.000   0.859 0.000   1.203 0.000   2.204 0.000   0.519 0.000   1.684 0.000 0.016 0.000000 0.033 0.000
306.333333 307.333333    9.55 0.000000  0.92 0.000000 9.999 0.259000000 9.99 0.259000000 0.028 0.000   1.547 0.000   2.165 0.000   5.115 0.000   1.409 0.000   3.706 0.000 0.034 0.000000 0.149 0.000
309.333333 310.333333    5.72 0.000000  0.64 0.000000 9.999 0.259000000 0.13 0.000000000 0.106 0.000   2.537 0.000   3.552 0.000   5.151 0.000   0.310 0.000   4.841 0.000 0.039 0.000000 0.138 0.000
312.333333 313.333333   15.06 0.000000  1.15 0.000000 9.999 0.259000000 9.99 0.259000000 0.160 0.000   1.705 0.000   2.387 0.000   6.610 0.000   1.864 0.000   4.745 0.000 0.034 0.000000 0.253 0.000
315.333333 316.333333   14.06 0.000000  0.62 0.000000 9.999 0.259000000 9.99 0.259000000 0.031 0.000   1.113 0.000   1.558 0.000   5.104 0.000   1.855 0.000   3.249 0.000 0.026 0.000000 0.219 0.000
318.333333 319.333333   21.05 0.000000 99.99 0.259000 9.999 0.259000000 0.40 0.000000000 0.031 0.559   0.670 0.000   0.937 0.000   3.950 0.000   1.406 0.000   2.544 0.000 0.024 0.000000 0.121 0.559
321.333333 322.333333    7.30 0.000000  0.43 0.000000 9.999 0.259000000 9.99 0.259000000 0.026 0.000   1.934 0.000   2.708 0.000   4.434 0.000   0.094 0.000   4.340 0.000 0.039 0.000000 0.139 0.000
324.333333 325.333333    6.67 0.000000 99.99 0.259000 9.999 0.259000000 9.99 0.259000000 0.010 0.559   0.179 0.000   0.250 0.000   1.422 0.000   0.644 0.000   0.778 0.000 0.010 0.000000 0.021 0.559
327.333333 328.333333    3.27 0.000000  0.18 0.000000 0.008 0.000000000 9.99 0.259000000 0.020 0.000   0.419 0.000   0.586 0.000   1.641 0.000   0.464 0.000   1.177 0.000 0.010 0.000000 0.046 0.000
330.333333 331.333333    2.75 0.000000  0.26 0.000000 9.999 0.259000000 9.99 0.259000000 0.036 0.559   4.274 0.000   5.983 0.000   6.730 0.000   0.004 0.000   6.726 0.000 0.032 0.000000 0.032 0.559
333.333333 334.333333   10.17 0.000000 99.99 0.259000 9.999 0.259000000 0.27 0.000000000 0.027 0.559   0.936 0.000   1.311 0.000   2.385 0.000   0.363 0.000   2.022 0.000 0.014 0.000000 0.037 0.559
336.333333 337.333333    3.56 0.000000 99.99 0.259000 9.999 0.259000000 0.07 0.000000000 0.013 0.559   0.498 0.000   0.697 0.000   1.297 0.000   0.326 0.000   0.971 0.000 0.005 0.000000 0.030 0.559
339.333333 340.333333    0.64 0.394000  0.18 0.394000 9.999 0.394259000 9.99 0.394259000 0.005 0.394   0.203 0.000   0.285 0.000   0.774 0.000   0.425 0.000   0.349 0.000 0.004 0.394000 0.035 0.394
342.333333 343.333333    5.21 0.000000  0.27 0.000000 9.999 0.259000000 9.99 0.259000000 0.038 0.000   1.796 0.000   2.514 0.000   4.503 0.000   0.827 0.000   3.676 0.000 0.013 0.000000 0.084 0.000
345.333333 346.333333    6.17 0.000000  0.58 0.000000 9.999 0.259000000 9.99 0.259000000 0.030 0.000   0.850 0.000   1.190 0.000   1.841 0.000   0.179 0.000   1.662 0.000 0.009 0.000000 0.035 0.000
348.333333 349.333333    0.87 0.000000 99.99 0.259000 9.999 0.259000000 9.99 0.259000000 0.010 0.000   0.986 0.000   1.381 0.000   2.008 0.000   0.385 0.000   1.623 0.000 0.005 0.000000 0.010 0.000
351.333333 352.333333    3.30 0.000000 99.99 0.259000 9.999 0.259000000 9.99 0.259000000 0.027 0.559   1.182 0.000   1.655 0.000   2.917 0.000   0.278 0.000   2.639 0.000 0.007 0.000000 0.034 0.559
354.333333 355.333333    0.48 0.000000  0.33 0.000000 9.999 0.259000000 9.99 0.259000000 0.013 0.000   0.893 0.000   1.250 0.000   2.104 0.000   0.361 0.000   1.743 0.000 0.034 0.000000 0.016 0.000
357.333333 358.333333    2.22 0.000000 99.99 0.259000 9.999 0.259000000 9.99 0.259000000 0.207 0.559   0.474 0.000   0.664 0.000   2.062 0.000   0.070 0.000   1.993 0.000 0.007 0.000000 0.086 0.559
360.333333 361.333333    4.96 0.000000  0.32 0.000000 9.999 0.259000000 9.99 0.259000000 0.334 0.000   1.333 0.000   1.866 0.000   5.313 0.000   0.514 0.000   4.798 0.000 0.010 0.000000 0.225 0.000
363.333333 364.333333    7.68 0.000000  1.03 0.000000 9.999 0.259000000 9.99 0.259000000 0.865 0.000   4.456 0.000   6.239 0.000  13.429 0.000   0.136 0.000  13.293 0.000 0.034 0.000000 0.316 0.000
