scripts/IMPROVE-2019_partial/data/US3900R.20050101050000.20191216000000.filterpack..pm25.52w.1w.US03L_filterpack_US3900.US03L_IMPROVE_Davis.lev2.nas
64 1001
MISSING INFORMATION
US03L, IMPROVE, , , , , , , 
MISSING INFORMATION
IMPROVE sel_HTAP
1 1
2005 01 01 2019 12 16
3.000000
days from file reference point
25
1 1 1 1 1 1 1 1 1 1 1 1 1 1 1 1 1 1 1 1 1 1 1 1 1
999.999999 9999.99 9.999 999.99 9.999 9.999 9.999999 99.99 9.999999 99.999 9.999 99.999 9.999 99.999 9.999 999.999 9.999 999.999 9.999 999.999 9.999 9.999 9.999 99.999 9.999
end_time of measurement, days from the file reference point
iron, ng/m3, Revision date=20181210133000
numflag iron, no unit, Revision date=20181210133000
lead, ng/m3, Revision date=20181210133000
numflag lead, no unit, Revision date=20181210133000
magnesium, ug/m3, Revision date=20181210133000
numflag magnesium, no unit, Revision date=20181210133000
nickel, ng/m3, Revision date=20181210133000
numflag nickel, no unit, Revision date=20181210133000
nitrate, ug N/m3, Revision date=20181210133000
numflag nitrate, no unit, Revision date=20181210133000
organic_carbon, ug C/m3, Revision date=20181210133000
numflag organic_carbon, no unit, Revision date=20181210133000
organic_mass, ug/m3, Revision date=20181210133000
numflag organic_mass, no unit, Revision date=20181210133000
pm10_mass, ug/m3, Version=2, Version description=Data extracted from http://views.cira.colostate.edu/fed/DataWizard 2019-12-16, Sample duration=1d, Orig. time res.=3d, Matrix=pm10, Blank correction=Blank corrected, Volume std. temperature=ambient, Volume std. pressure=ambient
numflag pm10_mass, no unit, Version=2, Version description=Data extracted from http://views.cira.colostate.edu/fed/DataWizard 2019-12-16, Sample duration=1d, Orig. time res.=3d, Matrix=pm10, Blank correction=Blank corrected, Volume std. temperature=ambient, Volume std. pressure=ambient
pm10_pm25_mass, ug/m3, Revision date=20181210133000, Matrix=pm10_pm25
numflag pm10_pm25_mass, no unit, Revision date=20181210133000, Matrix=pm10_pm25
pm25_mass, ug/m3, Version=2, Version description=Data extracted from http://views.cira.colostate.edu/fed/DataWizard 2019-12-16, Sample duration=1d, Orig. time res.=3d, Blank correction=Blank corrected, Volume std. temperature=ambient, Volume std. pressure=ambient
numflag pm25_mass, no unit, Version=2, Version description=Data extracted from http://views.cira.colostate.edu/fed/DataWizard 2019-12-16, Sample duration=1d, Orig. time res.=3d, Blank correction=Blank corrected, Volume std. temperature=ambient, Volume std. pressure=ambient
potassium, ug/m3, Revision date=20181210133000
numflag potassium, no unit, Revision date=20181210133000
sulphate_total, ug S/m3, Revision date=20181210133000
numflag sulphate_total, no unit, Revision date=20181210133000
0
25
Data definition:              EBAS_1.1
Set type code:                TU
Timezone:                     UTC
File name:                    US3900R.20050101050000.20191216000000.filterpack..pm25.52w.1w.US03L_filterpack_US3900.US03L_IMPROVE_Davis.lev2.nas
File creation:                20191218120424
Startdate:                    20050101050000
Revision date:                20191216000000
Statistics:                   arithmetic mean
Data level:                   2
Period code:                  52w
Resolution code:              1w
Station code:                 US3900R
Platform code:                US3900S
Station name:                 Arendtsville (PA00)
Station latitude:             39.9231
Station longitude:            -77.3078
Station altitude:             269.0 m
Regime:                       IMG
Component:                    
Matrix:                       pm25
Laboratory code:              US03L
Instrument type:              filterpack
Instrument name:              filterpack_US3900
Method ref:                   US03L_IMPROVE_Davis
starttime endtime Fe flag_Fe Pb flag_Pb Mg++ flag_Mg++ Ni flag_Ni NO3- flag_NO3- OC flag_OC OM flag_OM PM10 flag_PM10 PM10-PM2.5 flag_PM10-PM2.5 PM2.5 flag_PM2.5 K+ flag_K+ SO4-- flag_SO4--
[from data line 87]
261.208333 262.208333   30.30 0.000   3.44 0.000 9.999 0.259000  0.13 0.000000  0.034 0.000  1.258 0.000  2.265 0.000  23.526 0.000   5.339 0.000  18.184 0.000 0.024 0.000  3.474 0.000
264.208333 265.208333   55.83 0.000   2.39 0.000 9.999 0.259000  0.89 0.000000  0.084 0.000  2.406 0.000  4.330 0.000  27.652 0.000   9.761 0.000  17.887 0.000 0.045 0.000  2.534 0.000
267.208333 268.208333   41.81 0.000   2.30 0.000 9.999 0.259000  1.10 0.000000  0.221 0.000  1.034 0.000  1.862 0.000  19.399 0.000  12.301 0.000   7.098 0.000 0.036 0.000  0.923 0.000
270.208333 271.208333   37.44 0.000   2.39 0.000 9.999 0.259000  0.64 0.000000  0.090 0.000  1.011 0.000  1.820 0.000  11.760 0.000   6.524 0.000   5.234 0.000 0.027 0.000  0.628 0.000
273.208333 274.208333   39.93 0.000   3.75 0.000 9.999 0.259000  0.50 0.000000  0.166 0.000  1.651 0.000  2.971 0.000  17.504 0.000   7.601 0.000   9.902 0.000 0.041 0.000  1.368 0.000
276.208333 277.208333   45.31 0.000   4.40 0.000 9.999 0.259000  1.27 0.000000  0.620 0.000  1.030 0.000  1.854 0.000  25.567 0.000   8.895 0.000  16.797 0.000 0.035 0.000  3.111 0.000
279.208333 280.208333   19.36 0.000   1.66 0.000 0.023 0.000000  0.52 0.000000  0.140 0.000  0.459 0.000  0.827 0.000   5.953 0.000   1.734 0.000   4.219 0.000 0.021 0.000  0.715 0.000
282.208333 283.208333   14.21 0.559   3.09 0.559 9.999 0.559259  0.44 0.559000  0.060 0.000  0.723 0.000  1.301 0.000  11.826 0.000   3.324 0.559   8.502 0.659 0.016 0.559  1.561 0.000
285.208333 286.208333    1.85 0.559   2.28 0.559 0.013 0.559000 99.99 0.559259  0.012 0.000  0.384 0.000  0.690 0.000   2.472 0.000   1.132 0.559   1.340 0.659 0.013 0.559  0.142 0.000
288.208333 289.208333    7.41 0.559   0.68 0.559 9.999 0.559259 99.99 0.559259  0.012 0.000  0.596 0.000  1.073 0.000   6.765 0.000   4.262 0.559   2.503 0.659 0.013 0.559  0.358 0.000
291.208333 292.208333   52.74 0.000   3.44 0.000 9.999 0.259000  0.14 0.000000  0.060 0.000  1.442 0.000  2.595 0.000  18.050 0.000   8.498 0.000   9.551 0.000 0.060 0.000  1.233 0.000
294.208333 295.208333    7.45 0.000   2.41 0.000 9.999 0.259000  0.64 0.000000  0.287 0.000  0.727 0.000  1.309 0.000   4.679 0.000   0.962 0.000   3.717 0.000 0.012 0.000  0.417 0.000
297.208333 298.208333    2.11 0.559   0.36 0.559 9.999 0.559259  0.18 0.559000  0.013 0.000  0.112 0.000  0.201 0.000   0.736 0.000   0.193 0.559   0.546 0.659 0.005 0.559  0.062 0.000
300.208333 301.208333   18.20 0.559   2.41 0.559 0.009 0.559000  0.24 0.559000  0.167 0.000  1.070 0.559  1.927 0.559  16.614 0.000  10.204 0.559   6.409 0.659 0.042 0.559  0.832 0.000
303.208333 304.208333   33.73 0.000   2.39 0.000 9.999 0.259000 99.99 0.259000  0.046 0.000  1.324 0.000  2.383 0.000  11.475 0.000   4.092 0.000   7.382 0.000 0.048 0.000  0.947 0.000
306.208333 307.208333   38.88 0.000   2.91 0.000 9.999 0.259000  0.27 0.000000  0.115 0.000  1.413 0.000  2.544 0.000  14.806 0.000   7.807 0.000   6.998 0.000 0.049 0.000  0.792 0.000
309.208333 310.208333   47.34 0.000   5.69 0.000 9.999 0.259000  0.56 0.000000  0.632 0.000  3.899 0.000  7.018 0.000  24.550 0.000   7.861 0.000  16.686 0.000 0.088 0.000  1.798 0.000
312.208333 313.208333   93.61 0.000   7.95 0.000 9.999 0.259000  1.14 0.000000  1.357 0.000  3.654 0.000  6.577 0.000  31.236 0.000  10.309 0.000  20.923 0.000 0.081 0.000  1.518 0.000
315.208333 316.208333   41.50 0.000   4.73 0.000 9.999 0.259000  0.23 0.000000  0.284 0.000  1.986 0.000  3.575 0.000  12.198 0.000   4.928 0.000   7.269 0.000 0.066 0.000  0.607 0.000
318.208333 319.208333   58.69 0.000   5.73 0.000 9.999 0.259000  1.42 0.000000  1.149 0.000  2.094 0.000  3.770 0.000  24.322 0.000   8.712 0.000  15.723 0.000 0.058 0.000  1.155 0.000
321.208333 322.208333 9999.99 0.999 999.99 0.999 9.999 0.999000 99.99 0.999000 99.999 0.999 99.999 0.999 99.999 0.999 999.999 0.999 999.999 0.999 999.999 0.999 9.999 0.999 99.999 0.999
324.208333 325.208333 9999.99 0.999 999.99 0.999 9.999 0.999000 99.99 0.999000 99.999 0.999 99.999 0.999 99.999 0.999 999.999 0.999 999.999 0.999 999.999 0.999 9.999 0.999 99.999 0.999
327.208333 328.208333    7.67 0.000   0.52 0.000 9.999 0.259000 99.99 0.259000  0.161 0.000  0.389 0.000  0.700 0.000   4.635 0.000   1.647 0.000   2.988 0.000 0.016 0.000  0.387 0.000
330.208333 331.208333   46.56 0.000   4.57 0.000 9.999 0.259000  0.91 0.000000  1.170 0.000  4.195 0.000  7.551 0.000  23.351 0.000   5.582 0.000  17.766 0.000 0.102 0.000  0.894 0.000
333.208333 334.208333   25.34 0.000   0.98 0.000 9.999 0.259000  0.19 0.000000  0.093 0.000  1.327 0.000  2.388 0.000  10.917 0.000   3.776 0.000   7.141 0.000 0.030 0.000  1.091 0.000
336.208333 337.208333   16.34 0.000   1.32 0.000 0.006 0.000000  0.14 0.000000  0.618 0.000  1.054 0.000  1.897 0.000  10.548 0.000   2.633 0.000   7.915 0.000 0.033 0.000  0.618 0.000
339.208333 340.208333   29.03 0.000   2.98 0.000 9.999 0.259000  0.32 0.000000  0.423 0.000  1.259 0.000  2.266 0.000  11.594 0.000   2.620 0.000   9.023 0.000 0.031 0.000  1.322 0.000
342.208333 343.208333   33.79 0.000   3.21 0.000 9.999 0.259000  2.15 0.000000  0.542 0.000  1.641 0.000  2.954 0.000  13.583 0.000   1.578 0.000  12.003 0.000 0.048 0.000  1.217 0.000
345.208333 346.208333   12.60 0.000   1.28 0.000 9.999 0.259000  0.18 0.000000  0.232 0.000  0.705 0.000  1.268 0.000   6.406 0.000   1.517 0.000   4.889 0.000 0.019 0.000  0.745 0.000
348.208333 349.208333   68.84 0.000  11.64 0.000 9.999 0.259000  8.26 0.000000  1.350 0.000  3.661 0.000  6.589 0.000  30.250 0.000   8.766 0.000  21.479 0.000 0.095 0.000  1.006 0.000
351.208333 352.208333   24.93 0.000   3.48 0.000 9.999 0.259000  0.14 0.000000  0.294 0.000  1.911 0.000  3.439 0.000  12.412 0.000   3.291 0.000   9.119 0.000 0.051 0.000  1.047 0.000
354.208333 355.208333   23.85 0.000   1.65 0.000 9.999 0.259000  0.17 0.000000  0.646 0.000  1.232 0.000  2.218 0.000  14.938 0.000   4.130 0.000  10.806 0.000 0.033 0.000  1.280 0.000
357.208333 358.208333   39.94 0.000   4.02 0.000 9.999 0.259000  0.49 0.000000  0.428 0.000  2.602 0.000  4.684 0.000  14.548 0.000   5.370 0.000   9.177 0.000 0.094 0.000  0.563 0.000
360.208333 361.208333   21.21 0.000   2.73 0.000 0.019 0.000000  0.17 0.000000  0.120 0.000  0.982 0.000  1.768 0.000   9.879 0.000   1.799 0.000   8.104 0.000 0.031 0.000  1.521 0.000
363.208333 364.208333   10.23 0.000   2.11 0.000 0.021 0.000000  0.15 0.000000  0.070 0.000  0.689 0.000  1.239 0.000   6.804 0.000   1.195 0.000   5.610 0.000 0.017 0.000  1.031 0.000
