scripts/IMPROVE-2019_partial/data/US3900R.20030103050000.20191216000000.filterpack..pm25.1y.1w.US03L_filterpack_US3900.US03L_IMPROVE_Davis.lev2.nas
64 1001
MISSING INFORMATION
US03L, IMPROVE, , , , , , , 
MISSING INFORMATION
IMPROVE sel_HTAP
1 1
2003 01 01 2019 12 16
3.000000
days from file reference point
25
1 1 1 1 1 1 1 1 1 1 1 1 1 1 1 1 1 1 1 1 1 1 1 1 1
999.999999 9999.99 9.999 99.99 9.999 9.999 9.999999 99.99 9.999999 99.999 9.999 99.999 9.999 999.999 9.999 999.999 9.999 999.999 9.999 999.999 9.999 9.999 9.999 999.999 9.999
end_time of measurement, days from the file reference point
iron, ng/m3, Revision date=20181210133000
numflag iron, no unit, Revision date=20181210133000
lead, ng/m3, Revision date=20181210133000
numflag lead, no unit, Revision date=20181210133000
magnesium, ug/m3, Revision date=20181210133000
numflag magnesium, no unit, Revision date=20181210133000
nickel, ng/m3, Revision date=20181210133000
numflag nickel, no unit, Revision date=20181210133000
nitrate, ug N/m3, Revision date=20181210133000
numflag nitrate, no unit, Revision date=20181210133000
organic_carbon, ug C/m3, Revision date=20181210133000
numflag organic_carbon, no unit, Revision date=20181210133000
organic_mass, ug/m3, Revision date=20181210133000
numflag organic_mass, no unit, Revision date=20181210133000
pm10_mass, ug/m3, Version=2, Version description=Data extracted from http://views.cira.colostate.edu/fed/DataWizard 2019-12-16, Sample duration=1d, Orig. time res.=3d, Matrix=pm10, Blank correction=Blank corrected, Volume std. temperature=ambient, Volume std. pressure=ambient
numflag pm10_mass, no unit, Version=2, Version description=Data extracted from http://views.cira.colostate.edu/fed/DataWizard 2019-12-16, Sample duration=1d, Orig. time res.=3d, Matrix=pm10, Blank correction=Blank corrected, Volume std. temperature=ambient, Volume std. pressure=ambient
pm10_pm25_mass, ug/m3, Revision date=20181210133000, Matrix=pm10_pm25
numflag pm10_pm25_mass, no unit, Revision date=20181210133000, Matrix=pm10_pm25
pm25_mass, ug/m3, Version=2, Version description=Data extracted from http://views.cira.colostate.edu/fed/DataWizard 2019-12-16, Sample duration=1d, Orig. time res.=3d, Blank correction=Blank corrected, Volume std. temperature=ambient, Volume std. pressure=ambient
numflag pm25_mass, no unit, Version=2, Version description=Data extracted from http://views.cira.colostate.edu/fed/DataWizard 2019-12-16, Sample duration=1d, Orig. time res.=3d, Blank correction=Blank corrected, Volume std. temperature=ambient, Volume std. pressure=ambient
potassium, ug/m3, Revision date=20181210133000
numflag potassium, no unit, Revision date=20181210133000
sulphate_total, ug S/m3, Revision date=20181210133000
numflag sulphate_total, no unit, Revision date=20181210133000
0
25
Data definition:              EBAS_1.1
Set type code:                TU
Timezone:                     UTC
File name:                    US3900R.20030103050000.20191216000000.filterpack..pm25.1y.1w.US03L_filterpack_US3900.US03L_IMPROVE_Davis.lev2.nas
File creation:                20191218120424
Startdate:                    20030103050000
Revision date:                20191216000000
Statistics:                   arithmetic mean
Data level:                   2
Period code:                  1y
Resolution code:              1w
Station code:                 US3900R
Platform code:                US3900S
Station name:                 Arendtsville (PA00)
Station latitude:             39.9231
Station longitude:            -77.3078
Station altitude:             269.0 m
Regime:                       IMG
Component:                    
Matrix:                       pm25
Laboratory code:              US03L
Instrument type:              filterpack
Instrument name:              filterpack_US3900
Method ref:                   US03L_IMPROVE_Davis
starttime endtime Fe flag_Fe Pb flag_Pb Mg++ flag_Mg++ Ni flag_Ni NO3- flag_NO3- OC flag_OC OM flag_OM PM10 flag_PM10 PM10-PM2.5 flag_PM10-PM2.5 PM2.5 flag_PM2.5 K+ flag_K+ SO4-- flag_SO4--
  2.208333   3.208333    5.98 0.000  1.70 0.000 9.999 0.259000  0.93 0.000000  0.145 0.000  0.554 0.000   0.776 0.000   4.533 0.000   0.200 0.000   4.333 0.000 0.012 0.000   0.611 0.000
  5.208333   6.208333   31.82 0.000  4.98 0.000 9.999 0.259000  0.32 0.000000  0.718 0.000  2.428 0.000   3.399 0.000  21.083 0.000   0.711 0.000  20.372 0.000 0.070 0.000   2.760 0.000
  8.208333   9.208333   25.02 0.000  2.41 0.000 0.018 0.000000 99.99 0.259000  0.312 0.000  0.866 0.000   1.212 0.000   7.680 0.000   4.309 0.000   3.370 0.000 0.032 0.000   0.314 0.000
 11.208333  12.208333   33.51 0.559  9.45 0.559 9.999 0.559259 99.99 0.559259  0.416 0.559  8.072 0.000  11.301 0.000  31.041 0.000  12.780 0.000  18.261 0.559 0.391 0.559   0.694 0.559
 14.208333  15.208333   29.08 0.559  3.32 0.559 9.999 0.559259  0.16 0.559000  0.934 0.559  1.271 0.000   1.779 0.000  14.097 0.000   3.225 0.000  10.872 0.559 0.035 0.559   0.791 0.559
 17.208333  18.208333   20.43 0.559  3.23 0.559 9.999 0.559259  0.22 0.559000  0.707 0.000  2.979 0.000   4.170 0.000  17.738 0.000   5.278 0.000  12.460 0.559 0.084 0.559   0.761 0.000
 20.208333  21.208333   25.46 0.559  3.16 0.559 9.999 0.559259  0.14 0.559000  0.482 0.559  1.379 0.000   1.931 0.000  11.136 0.000   2.934 0.000   8.202 0.559 0.041 0.559   0.721 0.559
 23.208333  24.208333   21.73 0.559  3.39 0.559 9.999 0.559259  0.24 0.559000  0.318 0.000  0.789 0.000   1.105 0.000   9.088 0.000   3.489 0.000   5.599 0.559 0.027 0.559   0.577 0.000
 26.208333  27.208333    8.88 0.559  2.04 0.559 9.999 0.559259  0.13 0.559000  0.193 0.559  0.619 0.000   0.866 0.000   5.857 0.000   2.131 0.000   3.726 0.559 0.020 0.559   0.379 0.559
 29.208333  30.208333   55.60 0.559  6.63 0.559 9.999 0.559259  2.70 0.559000  2.469 0.000  3.366 0.000   4.713 0.000  33.142 0.000   4.678 0.000  28.464 0.559 0.075 0.559   1.863 0.000
 32.208333  33.208333   18.65 0.000  3.27 0.000 9.999 0.259000  0.21 0.000000  0.346 0.000  1.117 0.000   1.564 0.000  11.450 0.000   0.817 0.000  10.633 0.000 0.028 0.000   1.694 0.000
 35.208333  36.208333   18.60 0.559  1.46 0.559 9.999 0.559259  0.12 0.559000  0.356 0.000  0.822 0.000   1.151 0.000   8.400 0.000   2.456 0.000   5.944 0.559 0.019 0.559   0.745 0.000
 38.208333  39.208333   16.88 0.559  2.71 0.559 0.021 0.559000 99.99 0.559259  0.924 0.000  1.368 0.000   1.915 0.000  13.303 0.000   2.015 0.000  11.288 0.559 0.035 0.559   0.952 0.000
 41.208333  42.208333   16.15 0.559  1.74 0.559 9.999 0.559259 99.99 0.559259  0.745 0.000  1.056 0.000   1.478 0.000  12.186 0.000   2.916 0.000   9.270 0.559 0.027 0.559   0.753 0.000
 44.208333  45.208333 9999.99 0.456 99.99 0.456 9.999 0.456000 99.99 0.456000  0.926 0.559  1.231 0.000   1.724 0.000  14.633 0.000 999.999 0.999 999.999 0.456 9.999 0.456   0.426 0.559
 47.208333  48.208333    6.00 0.559  1.35 0.559 9.999 0.559259  0.99 0.559000  0.128 0.000  1.099 0.000   1.539 0.000   2.886 0.000 999.999 0.259   4.122 0.559 0.027 0.559   0.439 0.000
 50.208333  51.208333   25.64 0.559  2.99 0.559 0.033 0.559000  0.16 0.559000  0.227 0.000  1.477 0.000   2.068 0.000  15.377 0.000   3.139 0.000  12.238 0.559 0.031 0.559   2.358 0.000
 53.208333  54.208333   22.58 0.000  2.51 0.000 9.999 0.259000  0.39 0.000000  0.068 0.000  0.919 0.000   1.286 0.000   5.787 0.000   1.148 0.000   4.639 0.000 0.025 0.000   0.752 0.000
 56.208333  57.208333   43.30 0.559  5.29 0.559 9.999 0.559259  3.19 0.559000  1.788 0.559  2.659 0.000   3.722 0.000  25.686 0.000   6.100 0.000  19.586 0.559 0.063 0.559   1.229 0.559
 59.208333  60.208333   34.73 0.000  4.77 0.000 9.999 0.259000  5.30 0.000000  2.051 0.000  4.239 0.000   5.935 0.000  31.811 0.000   3.252 0.000  28.559 0.000 0.077 0.000   2.748 0.000
 62.208333  63.208333   41.04 0.559  2.50 0.559 9.999 0.559259  0.89 0.559000  0.995 0.000  2.424 0.000   3.393 0.000  21.389 0.000   7.556 0.000  13.833 0.559 0.066 0.559   0.970 0.000
 65.208333  66.208333   31.32 0.559  4.08 0.559 9.999 0.559259  1.30 0.559000  0.774 0.000  2.252 0.000   3.152 0.000  15.594 0.000   4.426 0.000  11.168 0.559 0.055 0.559   0.965 0.000
 68.208333  69.208333   26.99 0.559  3.82 0.559 9.999 0.559259  0.21 0.559000  0.491 0.000  1.162 0.000   1.627 0.000  11.421 0.000   3.762 0.000   7.659 0.559 0.032 0.559   0.812 0.000
 71.208333  72.208333   34.91 0.000  4.11 0.000 9.999 0.259000  0.36 0.000000  1.273 0.000  3.314 0.000   4.639 0.000  24.471 0.000   4.419 0.000  20.052 0.000 0.068 0.000   1.621 0.000
 74.208333  75.208333   28.46 0.000  3.63 0.000 0.014 0.000000  0.65 0.000000  0.779 0.000  2.223 0.000   3.113 0.000  18.423 0.000   8.741 0.000   9.682 0.000 0.049 0.000   0.904 0.000
 77.208333  78.208333   31.21 0.000  3.08 0.000 0.034 0.000000  1.00 0.000000  1.156 0.559  1.884 0.000   2.638 0.000  27.861 0.000   7.667 0.000  20.194 0.000 0.059 0.000   2.438 0.559
 80.208333  81.208333   18.36 0.000  1.34 0.000 9.999 0.259000 99.99 0.259000  0.251 0.559  0.788 0.000   1.104 0.000  10.026 0.000   2.181 0.000   7.845 0.000 0.020 0.000   1.536 0.559
 83.208333  84.208333   70.03 0.000  4.28 0.000 9.999 0.259000  1.11 0.000000  1.157 0.559  2.622 0.000   3.670 0.000  27.360 0.000   6.637 0.000  20.723 0.000 0.058 0.000   2.867 0.559
 86.208333  87.208333   35.19 0.000  3.15 0.000 9.999 0.259000  0.47 0.000000  1.005 0.000  1.162 0.000   1.626 0.000  16.741 0.000   4.712 0.000  12.029 0.000 0.034 0.000   1.181 0.000
 89.208333  90.208333   21.09 0.000  1.78 0.000 9.999 0.259000 99.99 0.259000  0.191 0.000  0.910 0.000   1.274 0.000   6.283 0.000   1.807 0.000   4.477 0.000 0.023 0.000   0.765 0.000
 92.208333  93.208333   65.47 0.000  3.82 0.000 9.999 0.259000  1.44 0.000000  1.073 0.000  3.194 0.000   4.472 0.000  26.226 0.000   9.729 0.000  16.497 0.000 0.068 0.000   1.893 0.000
 95.208333  96.208333   16.16 0.000  1.65 0.000 9.999 0.259000  0.18 0.000000  0.126 0.000  0.747 0.000   1.046 0.000   6.779 0.000   1.298 0.000   5.481 0.000 0.028 0.000   0.962 0.000
 98.208333  99.208333   17.77 0.000  2.73 0.000 9.999 0.259000  3.28 0.000000  0.727 0.559  0.939 0.000   1.314 0.000  13.099 0.000   2.161 0.000  10.938 0.000 0.023 0.000   1.163 0.559
101.208333 102.208333   27.07 0.000  2.99 0.000 9.999 0.259000  0.19 0.000000  0.192 0.000  1.250 0.000   1.750 0.000   8.383 0.000   3.204 0.000   5.179 0.000 0.041 0.000   0.577 0.000
104.208333 105.208333   70.34 0.000  3.73 0.000 9.999 0.259000  1.36 0.000000  0.228 0.000  3.406 0.000   4.768 0.000  22.838 0.000   8.203 0.000  14.635 0.000 0.084 0.000   1.574 0.000
107.208333 108.208333   13.87 0.000  3.47 0.000 9.999 0.259000  0.60 0.000000  0.651 0.000  1.011 0.000   1.416 0.000  21.208 0.000   9.105 0.000  12.102 0.000 0.055 0.000   1.107 0.000
110.208333 111.208333   45.61 0.000  3.39 0.000 9.999 0.259000  0.83 0.000000  0.991 0.000  1.323 0.000   1.852 0.000  20.012 0.000   6.035 0.000  13.977 0.000 0.039 0.000   1.307 0.000
113.208333 114.208333   37.23 0.000  2.46 0.000 9.999 0.259000  0.16 0.000000  0.156 0.000  0.736 0.000   1.030 0.000   8.218 0.000   4.543 0.000   3.675 0.000 0.039 0.000   0.384 0.000
116.208333 117.208333   60.11 0.000  3.76 0.000 9.999 0.259000  0.13 0.000000  0.484 0.000  1.516 0.000   2.123 0.000  14.379 0.000   5.859 0.000   8.520 0.000 0.064 0.000   1.020 0.000
119.208333 120.208333   73.81 0.000  2.86 0.000 9.999 0.259000  0.39 0.000000  0.677 0.000  1.526 0.000   2.136 0.000  18.587 0.000  10.730 0.000   7.857 0.000 0.050 0.000   0.894 0.000
122.208333 123.208333   39.09 0.000  3.27 0.000 9.999 0.259000  0.15 0.000000  0.255 0.559  1.243 0.000   1.740 0.000  11.670 0.000   3.759 0.000   7.911 0.000 0.036 0.000   0.982 0.559
125.208333 126.208333   15.03 0.000  3.06 0.000 9.999 0.259000  0.49 0.000000  0.910 0.000  0.807 0.000   1.129 0.000  17.968 0.000   3.357 0.000  14.611 0.000 0.027 0.000   1.869 0.000
128.208333 129.208333   26.44 0.000  3.71 0.000 0.017 0.000000  0.47 0.000000  1.072 0.000  1.183 0.000   1.656 0.000  21.902 0.000   2.428 0.000  19.474 0.000 0.022 0.000   2.392 0.000
131.208333 132.208333    6.97 0.000  0.44 0.000 9.999 0.259000 99.99 0.259000  0.023 0.000  0.532 0.000   0.744 0.000   9.232 0.000   4.583 0.000   4.649 0.000 0.003 0.000   0.816 0.000
134.208333 135.208333   28.97 0.000  3.80 0.000 9.999 0.259000  0.61 0.000000  0.731 0.000  1.647 0.000   2.305 0.000  18.505 0.000   7.927 0.000  10.578 0.000 0.026 0.000   1.161 0.000
137.208333 138.208333   14.48 0.000  2.56 0.000 9.999 0.259000  0.84 0.000000  0.832 0.000  1.172 0.000   1.641 0.000  16.231 0.000   3.918 0.000  12.313 0.000 0.024 0.000   1.356 0.000
140.208333 141.208333   19.73 0.000  1.55 0.000 9.999 0.259000  0.12 0.000000  0.312 0.559  1.403 0.000   1.964 0.000  10.725 0.000   3.869 0.000   6.856 0.000 0.021 0.000   0.670 0.559
143.208333 144.208333    6.97 0.000  1.60 0.000 9.999 0.259000  0.18 0.000000  0.283 0.000  0.693 0.000   0.970 0.000   7.843 0.000   1.690 0.000   6.153 0.000 0.015 0.000   0.964 0.000
146.208333 147.208333   24.71 0.000  4.48 0.000 9.999 0.259000  0.12 0.000000  0.712 0.000  1.290 0.000   1.806 0.000  16.845 0.000   3.623 0.000  13.221 0.000 0.047 0.000   1.830 0.000
149.208333 150.208333   41.68 0.000  4.30 0.000 9.999 0.259000 99.99 0.259000  0.131 0.000  3.562 0.000   4.987 0.000  23.856 0.000   6.287 0.000  17.569 0.000 0.056 0.000   2.248 0.000
152.208333 153.208333   14.89 0.000  1.48 0.000 9.999 0.259000  0.09 0.000000  0.035 0.000  1.533 0.000   2.146 0.000   8.333 0.000   3.154 0.000   5.179 0.000 0.024 0.000   0.406 0.000
155.208333 156.208333   22.01 0.000  2.24 0.000 9.999 0.259000  0.26 0.000000  0.104 0.000  1.784 0.000   2.497 0.000  15.727 0.000   5.178 0.000  10.550 0.000 0.030 0.000   1.567 0.000
158.208333 159.208333   14.06 0.000  3.96 0.000 0.076 0.000000  0.46 0.000000  0.447 0.000  1.119 0.000   1.566 0.000  12.500 0.000   2.098 0.000  10.402 0.000 0.022 0.000   1.868 0.000
161.208333 162.208333   32.96 0.000  1.69 0.000 0.079 0.000000  0.57 0.000000  0.369 0.000  3.371 0.000   4.719 0.000  25.082 0.000   5.361 0.000  19.721 0.000 0.042 0.000   2.754 0.000
164.208333 165.208333   35.24 0.000  1.42 0.000 9.999 0.259000 99.99 0.259000  0.124 0.000  1.785 0.000   2.499 0.000  20.630 0.000   4.100 0.000  16.530 0.000 0.038 0.000   3.157 0.000
167.208333 168.208333   21.54 0.000  2.57 0.000 9.999 0.259000  0.35 0.000000  0.406 0.000  0.848 0.000   1.187 0.000  12.012 0.000   4.579 0.000   7.434 0.000 0.027 0.000   1.047 0.000
170.208333 171.208333   14.89 0.000  2.04 0.000 9.999 0.259000 99.99 0.259000  0.150 0.000  1.437 0.000   2.011 0.000  13.276 0.000   2.978 0.000  10.298 0.000 0.024 0.000   1.551 0.000
173.208333 174.208333   28.15 0.000  2.29 0.000 9.999 0.259000 99.99 0.259000  0.021 0.000  4.427 0.000   6.198 0.000  16.691 0.000   6.185 0.000  10.506 0.000 0.062 0.000   0.480 0.000
176.208333 177.208333 9999.99 0.699 99.99 0.699 9.999 0.699000 99.99 0.699000  0.055 0.000  4.947 0.000   6.925 0.000  64.770 0.000 999.999 0.999 999.999 0.699 9.999 0.699  10.285 0.000
179.208333 180.208333   32.07 0.000  2.39 0.000 9.999 0.259000  0.18 0.000000  0.164 0.000  4.277 0.000   5.987 0.000  29.524 0.000   5.218 0.000  24.306 0.000 0.071 0.000   3.374 0.000
182.208333 183.208333   80.14 0.000  2.30 0.000 9.999 0.259000  0.57 0.000000  0.400 0.559  3.092 0.000   4.329 0.000  28.105 0.000   6.877 0.000  21.228 0.000 0.051 0.000   2.798 0.559
185.208333 186.208333   64.41 0.000  3.44 0.000 9.999 0.259000  0.05 0.000000  0.090 0.000  2.423 0.000   3.392 0.000  29.605 0.000   3.388 0.000  26.218 0.000 0.296 0.000   4.561 0.000
188.208333 189.208333   64.47 0.000  0.87 0.000 0.105 0.000000 99.99 0.259000  0.056 0.000  1.208 0.000   1.692 0.000  13.009 0.000   3.986 0.000   9.023 0.000 0.039 0.000   1.179 0.000
191.208333 192.208333   18.43 0.000  0.77 0.000 9.999 0.259000  0.30 0.000000  0.188 0.000  0.965 0.000   1.351 0.000  16.691 0.000   5.207 0.000  11.484 0.000 0.019 0.000   2.073 0.000
194.208333 195.208333   26.20 0.000  1.74 0.000 0.059 0.000000  0.39 0.000000  0.115 0.000  2.434 0.000   3.407 0.000  17.279 0.000   3.209 0.000  14.070 0.000 0.030 0.000   1.849 0.000
197.208333 198.208333   13.37 0.000  1.17 0.000 0.106 0.000000  0.10 0.000000  0.022 0.000  1.221 0.000   1.709 0.000  10.559 0.000   4.426 0.000   6.133 0.000 0.014 0.000   0.732 0.000
200.208333 201.208333   21.63 0.000  1.86 0.000 9.999 0.259000  0.22 0.000000  0.046 0.000  2.187 0.000   3.061 0.000  19.371 0.000   3.318 0.000  16.053 0.000 0.023 0.000   2.410 0.000
203.208333 204.208333   35.21 0.000  1.24 0.000 9.999 0.259000  0.06 0.000000  0.356 0.000  1.663 0.000   2.328 0.000  19.643 0.000   4.636 0.000  15.007 0.000 0.037 0.000   2.434 0.000
206.208333 207.208333   23.80 0.000  1.61 0.000 9.999 0.259000  0.13 0.000000  0.067 0.559  2.712 0.000   3.797 0.000  22.530 0.000   4.980 0.000  17.550 0.000 0.030 0.000   2.491 0.559
209.208333 210.208333   23.75 0.000  2.43 0.000 0.063 0.000000  0.26 0.000000  0.109 0.000  3.322 0.000   4.652 0.000  18.150 0.000   6.171 0.000  11.979 0.000 0.034 0.000   1.001 0.000
212.208333 213.208333   33.30 0.000  1.65 0.000 0.048 0.000000  0.62 0.000000  0.342 0.000  1.957 0.000   2.739 0.000  19.531 0.000   6.168 0.000  13.364 0.000 0.032 0.000   1.947 0.000
215.208333 216.208333   20.83 0.000  0.68 0.000 0.039 0.000000  0.16 0.000000  0.110 0.000  1.601 0.000   2.242 0.000  14.757 0.000   4.907 0.000   9.850 0.000 0.021 0.000   1.387 0.000
218.208333 219.208333   41.14 0.000  2.93 0.000 9.999 0.259000  0.45 0.000000  0.152 0.000  2.161 0.000   3.026 0.000  44.365 0.000   7.995 0.000  36.370 0.000 0.043 0.000   7.311 0.000
221.208333 222.208333   18.16 0.000  0.76 0.000 0.060 0.000000  0.21 0.000000  0.273 0.559  1.545 0.000   2.162 0.000  14.757 0.000   4.543 0.000  10.214 0.000 0.025 0.000   1.390 0.559
224.208333 225.208333   35.67 0.000  1.84 0.000 0.111 0.000000  1.19 0.000000  0.078 0.559  2.370 0.000   3.318 0.000  30.698 0.000   5.884 0.000  24.814 0.000 0.035 0.000   4.331 0.559
227.208333 228.208333   36.07 0.000  3.31 0.000 0.083 0.000000  0.15 0.000000  0.058 0.000  1.772 0.000   2.481 0.000  34.994 0.000   3.456 0.000  31.537 0.000 0.037 0.000   6.264 0.000
230.208333 231.208333   11.80 0.000  1.99 0.000 0.127 0.000000 99.99 0.259000  0.034 0.559  2.623 0.000   3.672 0.000  20.044 0.000   4.752 0.000  15.292 0.000 0.035 0.000   2.056 0.559
233.208333 234.208333   54.05 0.000  1.38 0.000 9.999 0.259000  0.11 0.000000  0.063 0.000  3.979 0.000   5.571 0.000  47.743 0.000   9.061 0.000  38.682 0.000 0.062 0.000   6.786 0.000
236.208333 237.208333   33.23 0.000  2.31 0.000 9.999 0.259000  0.12 0.000000  0.036 0.000  2.674 0.000   3.744 0.000  25.568 0.000   7.606 0.000  17.962 0.000 0.040 0.000   2.723 0.000
239.208333 240.208333   40.98 0.000  3.36 0.000 0.068 0.000000  0.18 0.000000  0.243 0.000  3.815 0.000   5.341 0.000  31.468 0.000   6.683 0.000  24.785 0.000 0.054 0.000   3.563 0.000
242.208333 243.208333    7.52 0.000  2.43 0.000 0.054 0.000000 99.99 0.259000  0.058 0.559  1.563 0.000   2.188 0.000  11.071 0.000   4.040 0.000   7.031 0.000 0.031 0.000   0.699 0.559
245.208333 246.208333   18.99 0.000  1.26 0.000 9.999 0.259000  0.42 0.000000  0.611 0.000  0.848 0.000   1.187 0.000  12.897 0.000   3.638 0.000   9.259 0.000 0.016 0.000   1.501 0.000
248.208333 249.208333    6.73 0.559  2.03 0.559 9.999 0.559259 99.99 0.559259  0.073 0.559  1.019 0.000   1.427 0.000   7.694 0.000   2.179 0.000   5.516 0.559 0.023 0.559   1.069 0.559
251.208333 252.208333   34.78 0.000  3.61 0.000 9.999 0.259000  0.88 0.000000  0.668 0.000  2.007 0.000   2.809 0.000  18.887 0.000   8.900 0.000   9.988 0.000 0.031 0.000   0.959 0.000
254.208333 255.208333   40.80 0.000  5.34 0.000 9.999 0.259000  0.97 0.000000  0.347 0.000  1.836 0.000   2.571 0.000  18.691 0.000  10.853 0.000   7.838 0.000 0.045 0.000   0.558 0.000
257.208333 258.208333   17.66 0.000  1.56 0.000 0.050 0.000000  0.27 0.000000  0.607 0.000  1.805 0.000   2.527 0.000  17.637 0.000   3.488 0.000  14.149 0.000 0.026 0.000   2.130 0.000
