scripts/IMPROVE-2019_partial/data/US3900R.20020102050000.20191216000000.filterpack..pm25.52w.1w.US03L_filterpack_US3900.US03L_IMPROVE_Davis.lev2.nas
64 1001
MISSING INFORMATION
US03L, IMPROVE, , , , , , , 
MISSING INFORMATION
IMPROVE sel_HTAP
1 1
2002 01 01 2019 12 16
3.000000
days from file reference point
25
1 1 1 1 1 1 1 1 1 1 1 1 1 1 1 1 1 1 1 1 1 1 1 1 1
999.999999 9999.99 9.999 999.99 9.999 9.999 9.999999 99.99 9.999999 99.999 9.999 999.999 9.999 999.999 9.999 999.999 9.999 999.999 9.999 999.999 9.999 9.999 9.999 99.999 9.999
end_time of measurement, days from the file reference point
iron, ng/m3, Revision date=20181210133000
numflag iron, no unit, Revision date=20181210133000
lead, ng/m3, Revision date=20181210133000
numflag lead, no unit, Revision date=20181210133000
magnesium, ug/m3, Revision date=20181210133000
numflag magnesium, no unit, Revision date=20181210133000
nickel, ng/m3, Revision date=20181210133000
numflag nickel, no unit, Revision date=20181210133000
nitrate, ug N/m3, Revision date=20181210133000
numflag nitrate, no unit, Revision date=20181210133000
organic_carbon, ug C/m3, Revision date=20181210133000
numflag organic_carbon, no unit, Revision date=20181210133000
organic_mass, ug/m3, Revision date=20181210133000
numflag organic_mass, no unit, Revision date=20181210133000
pm10_mass, ug/m3, Version=2, Version description=Data extracted from http://views.cira.colostate.edu/fed/DataWizard 2019-12-16, Sample duration=1d, Orig. time res.=3d, Matrix=pm10, Blank correction=Blank corrected, Volume std. temperature=ambient, Volume std. pressure=ambient
numflag pm10_mass, no unit, Version=2, Version description=Data extracted from http://views.cira.colostate.edu/fed/DataWizard 2019-12-16, Sample duration=1d, Orig. time res.=3d, Matrix=pm10, Blank correction=Blank corrected, Volume std. temperature=ambient, Volume std. pressure=ambient
pm10_pm25_mass, ug/m3, Revision date=20181210133000, Matrix=pm10_pm25
numflag pm10_pm25_mass, no unit, Revision date=20181210133000, Matrix=pm10_pm25
pm25_mass, ug/m3, Version=2, Version description=Data extracted from http://views.cira.colostate.edu/fed/DataWizard 2019-12-16, Sample duration=1d, Orig. time res.=3d, Blank correction=Blank corrected, Volume std. temperature=ambient, Volume std. pressure=ambient
numflag pm25_mass, no unit, Version=2, Version description=Data extracted from http://views.cira.colostate.edu/fed/DataWizard 2019-12-16, Sample duration=1d, Orig. time res.=3d, Blank correction=Blank corrected, Volume std. temperature=ambient, Volume std. pressure=ambient
potassium, ug/m3, Revision date=20181210133000
numflag potassium, no unit, Revision date=20181210133000
sulphate_total, ug S/m3, Revision date=20181210133000
numflag sulphate_total, no unit, Revision date=20181210133000
0
25
Data definition:              EBAS_1.1
Set type code:                TU
Timezone:                     UTC
File name:                    US3900R.20020102050000.20191216000000.filterpack..pm25.52w.1w.US03L_filterpack_US3900.US03L_IMPROVE_Davis.lev2.nas
File creation:                20191218120424
Startdate:                    20020102050000
Revision date:                20191216000000
Statistics:                   arithmetic mean
Data level:                   2
Period code:                  52w
Resolution code:              1w
Station code:                 US3900R
Platform code:                US3900S
Station name:                 Arendtsville (PA00)
Station latitude:             39.9231
Station longitude:            -77.3078
Station altitude:             269.0 m
Regime:                       IMG
Component:                    
Matrix:                       pm25
Laboratory code:              US03L
Instrument type:              filterpack
Instrument name:              filterpack_US3900
Method ref:                   US03L_IMPROVE_Davis
starttime endtime Fe flag_Fe Pb flag_Pb Mg++ flag_Mg++ Ni flag_Ni NO3- flag_NO3- OC flag_OC OM flag_OM PM10 flag_PM10 PM10-PM2.5 flag_PM10-PM2.5 PM2.5 flag_PM2.5 K+ flag_K+ SO4-- flag_SO4--
  1.208333   2.208333   19.78 0.559   3.62 0.559 9.999 0.559259  0.16 0.559000  0.546 0.000   1.606 0.000   2.249 0.000  11.532 0.000   2.273 0.000   9.259 0.559 0.037 0.559  0.871 0.000
  4.208333   5.208333   29.61 0.000   3.73 0.000 9.999 0.259000 99.99 0.259000  0.668 0.000   1.901 0.000   2.661 0.000  15.530 0.000   5.866 0.000   9.664 0.000 0.061 0.000  0.598 0.000
  7.208333   8.208333   15.65 0.559   2.15 0.559 9.999 0.559259 99.99 0.559259  0.325 0.000   1.520 0.000   2.129 0.000   9.413 0.000   1.614 0.000   7.798 0.559 0.035 0.559  1.170 0.000
 10.208333  11.208333   16.27 0.000   1.58 0.000 9.999 0.259000 99.99 0.259000  0.280 0.559   1.010 0.000   1.414 0.000   7.028 0.000   0.897 0.000   6.131 0.000 0.021 0.000  0.823 0.559
 13.208333  14.208333   24.47 0.000   2.35 0.000 9.999 0.259000  0.32 0.000000  0.440 0.000   1.885 0.000   2.639 0.000   9.873 0.000   3.245 0.000   6.627 0.000 0.041 0.000  0.458 0.000
 16.208333  17.208333   53.80 0.000   3.98 0.000 9.999 0.259000  0.38 0.000000  0.694 0.000   2.740 0.000   3.837 0.000  17.361 0.000   4.141 0.000  13.221 0.000 0.094 0.000  1.047 0.000
 19.208333  20.208333   24.08 0.000   4.78 0.000 9.999 0.259000  0.31 0.000000  0.684 0.000   2.250 0.000   3.150 0.000  14.731 0.000   1.588 0.000  13.143 0.000 0.057 0.000  1.357 0.000
 22.208333  23.208333   22.89 0.000   2.52 0.000 0.050 0.000000  0.50 0.000000  0.513 0.000   1.580 0.000   2.212 0.000  10.124 0.000   2.485 0.000   7.639 0.000 0.066 0.000  0.441 0.000
 25.208333  26.208333   19.30 0.559   2.52 0.559 9.999 0.559259 99.99 0.559259  0.150 0.559   0.900 0.000   1.260 0.000   5.863 0.000   2.148 0.000   3.715 0.559 0.037 0.559  0.389 0.559
 28.208333  29.208333   28.74 0.000   2.49 0.000 9.999 0.259000  0.32 0.000000  0.121 0.000   1.841 0.000   2.577 0.000  17.836 0.000   5.680 0.000  12.156 0.000 0.069 0.000  1.718 0.000
 31.208333  32.208333   13.17 0.000   1.68 0.000 9.999 0.259000  0.41 0.000000  0.086 0.559   0.768 0.000   1.075 0.000   4.907 0.000   1.435 0.000   3.472 0.000 0.031 0.000  0.471 0.559
 34.208333  35.208333   17.83 0.000   3.52 0.000 9.999 0.259000 99.99 0.259000  0.377 0.000   0.931 0.000   1.304 0.000   9.175 0.000   2.922 0.000   6.253 0.000 0.030 0.000  0.675 0.000
 37.208333  38.208333   31.02 0.000   2.59 0.000 9.999 0.259000  0.64 0.000000  1.279 0.000   2.364 0.000   3.310 0.000  20.038 0.000   4.377 0.000  15.661 0.000 0.077 0.000  0.689 0.000
 40.208333  41.208333   70.04 0.000   4.41 0.000 9.999 0.259000  0.52 0.000000  0.563 0.559   1.583 0.000   2.216 0.000  18.282 0.000   6.554 0.000  11.728 0.000 0.076 0.000  1.135 0.559
 43.208333  44.208333   13.30 0.000   0.89 0.000 9.999 0.259000 99.99 0.259000  0.159 0.559   0.365 0.000   0.511 0.000   4.727 0.000   2.019 0.000   2.709 0.000 0.019 0.000  0.324 0.559
 46.208333  47.208333   25.19 0.000   1.53 0.000 9.999 0.259000 99.99 0.259000  0.498 0.559   1.603 0.000   2.244 0.000  13.224 0.000   4.303 0.000   8.920 0.000 0.042 0.000  0.873 0.559
 49.208333  50.208333   65.50 0.000   4.21 0.000 9.999 0.259000  0.51 0.000000  0.551 0.559   1.846 0.000   2.585 0.000  15.092 0.000   6.211 0.000   8.881 0.000 0.083 0.000  0.535 0.559
 52.208333  53.208333   21.99 0.000   5.20 0.000 9.999 0.259000  0.16 0.000000  0.120 0.559   0.534 0.000   0.748 0.000   7.901 0.000   1.102 0.000   6.799 0.000 0.019 0.000  1.194 0.559
 55.208333  56.208333   52.77 0.000   4.17 0.000 9.999 0.259000  0.70 0.000000  0.921 0.559   2.809 0.000   3.933 0.000  21.377 0.000   7.254 0.000  14.123 0.000 0.077 0.000  1.007 0.559
 58.208333  59.208333   29.23 0.000   1.78 0.000 9.999 0.259000 99.99 0.259000  0.381 0.559   0.617 0.000   0.863 0.000   9.538 0.000   2.709 0.000   6.829 0.000 0.027 0.000  0.807 0.559
 61.208333  62.208333    9.42 0.000   1.42 0.000 9.999 0.259000  0.20 0.000000  0.143 0.000   0.724 0.000   1.014 0.000   6.861 0.000   0.643 0.000   6.218 0.000 0.023 0.000  1.046 0.000
 64.208333  65.208333   39.04 0.000   2.67 0.000 9.999 0.259000  0.24 0.000000  0.483 0.559   1.953 0.000   2.734 0.000  15.144 0.000   5.962 0.000   9.182 0.000 0.071 0.000  0.660 0.559
 67.208333  68.208333   21.26 0.000   1.15 0.000 9.999 0.259000  0.42 0.000000  0.552 0.559   1.522 0.000   2.131 0.000  15.760 0.000   6.433 0.000   9.327 0.000 0.057 0.000  0.910 0.559
 70.208333  71.208333   68.13 0.000   5.48 0.000 9.999 0.259000  0.87 0.000000  1.201 0.559   2.309 0.000   3.233 0.000  22.110 0.000   7.434 0.000  14.676 0.000 0.112 0.000  0.829 0.559
 73.208333  74.208333  129.73 0.000   4.69 0.000 9.999 0.259000  0.43 0.000000  0.863 0.559   3.179 0.000   4.450 0.000  26.031 0.000   4.876 0.000  21.156 0.000 0.088 0.000  2.887 0.559
 76.208333  77.208333    7.89 0.559   5.60 0.559 9.999 0.559259  0.51 0.559000  0.764 0.559   1.034 0.000   1.448 0.000  14.516 0.000   1.742 0.000  12.774 0.559 0.031 0.559  1.585 0.559
 79.208333  80.208333   27.51 0.000   2.07 0.000 9.999 0.259000  0.37 0.000000  0.120 0.559   0.802 0.000   1.122 0.000  10.937 0.000   1.697 0.000   9.240 0.000 0.029 0.000  1.666 0.559
 82.208333  83.208333   37.10 0.000   2.94 0.000 9.999 0.259000  0.21 0.000000  0.350 0.559   1.186 0.000   1.661 0.000  10.188 0.000   3.849 0.000   6.339 0.000 0.047 0.000  0.745 0.559
 85.208333  86.208333   16.47 0.000   1.69 0.000 9.999 0.259000  0.61 0.000000  0.050 0.559   0.537 0.000   0.752 0.000   8.200 0.000   0.732 0.000   7.468 0.000 0.019 0.000  1.445 0.559
 88.208333  89.208333   38.64 0.000   2.21 0.000 9.999 0.259000  0.63 0.000000  0.244 0.559   1.229 0.000   1.720 0.000  11.698 0.000   2.662 0.000   9.037 0.000 0.044 0.000  1.352 0.559
 91.208333  92.208333   56.00 0.000   3.01 0.000 9.999 0.259000  0.72 0.000000  0.312 0.559   1.586 0.000   2.221 0.000  14.749 0.000   5.031 0.000   9.719 0.000 0.047 0.000  1.387 0.559
 94.208333  95.208333   25.35 0.000   1.82 0.000 0.079 0.000000  0.22 0.000000  0.148 0.559   0.618 0.000   0.865 0.000   7.739 0.000   1.808 0.000   5.932 0.000 0.024 0.000  0.999 0.559
 97.208333  98.208333   63.64 0.000   3.22 0.000 9.999 0.259000  1.03 0.000000  0.732 0.559   2.242 0.000   3.139 0.000  36.011 0.000  22.268 0.000  13.744 0.000 0.069 0.000  1.718 0.559
100.208333 101.208333   46.24 0.000   5.19 0.000 9.999 0.259000  0.58 0.000000  0.531 0.559   1.014 0.000   1.420 0.000  11.394 0.000   4.304 0.000   7.090 0.000 0.042 0.000  0.891 0.559
103.208333 104.208333   18.43 0.000   3.08 0.000 9.999 0.259000 99.99 0.259000  0.276 0.559   1.163 0.000   1.629 0.000   9.590 0.000   2.210 0.000   7.380 0.000 0.035 0.000  0.924 0.559
106.208333 107.208333   57.19 0.000   2.99 0.000 9.999 0.259000  0.39 0.000000  0.072 0.000   2.044 0.000   2.862 0.000  21.825 0.000   6.148 0.000  15.677 0.000 0.072 0.000  2.759 0.000
109.208333 110.208333   35.91 0.000   7.82 0.000 9.999 0.259000 99.99 0.259000  0.229 0.000   1.691 0.000   2.367 0.000  12.814 0.000   2.647 0.000  10.168 0.000 0.064 0.000  1.349 0.000
112.208333 113.208333   27.32 0.000   1.92 0.000 9.999 0.259000  0.18 0.000000  0.231 0.559   0.502 0.000   0.703 0.000   6.529 0.000   1.918 0.000   4.610 0.000 0.027 0.000  0.729 0.559
115.208333 116.208333   71.91 0.000   2.08 0.000 9.999 0.259000  0.21 0.000000  0.367 0.559   0.814 0.000   1.139 0.000  21.665 0.000  15.450 0.000   6.215 0.000 0.049 0.000  0.754 0.559
118.208333 119.208333   11.93 0.000   1.19 0.000 9.999 0.259000  0.25 0.000000  0.023 0.000   0.400 0.000   0.560 0.000   7.527 0.000   1.370 0.000   6.157 0.000 0.009 0.000  1.334 0.000
121.208333 122.208333   42.37 0.000   2.81 0.000 9.999 0.259000  0.54 0.000000  0.429 0.000   1.736 0.000   2.431 0.000  17.898 0.000   4.660 0.000  13.239 0.000 0.063 0.000  1.887 0.000
124.208333 125.208333   28.20 0.000   4.17 0.000 9.999 0.259000  0.38 0.000000  0.202 0.559   1.276 0.000   1.786 0.000  12.814 0.000   2.470 0.000  10.344 0.000 0.038 0.000  1.629 0.559
127.208333 128.208333   55.74 0.000   5.69 0.000 9.999 0.259000  1.07 0.000000  0.390 0.559   1.554 0.000   2.175 0.000  17.361 0.000   5.465 0.000  11.896 0.000 0.039 0.000  1.811 0.559
130.208333 131.208333   58.88 0.000   3.46 0.000 9.999 0.259000  0.26 0.000000  0.261 0.559   1.738 0.000   2.433 0.000  20.916 0.000  13.422 0.000   7.494 0.000 0.061 0.000  0.704 0.559
133.208333 134.208333   31.53 0.000   1.77 0.000 9.999 0.259000  0.28 0.000000  0.068 0.559   1.015 0.000   1.421 0.000  10.334 0.000   3.301 0.000   7.033 0.000 0.033 0.000  1.126 0.559
136.208333 137.208333   45.48 0.000   2.13 0.000 0.119 0.000000  0.18 0.000000  0.093 0.559   1.813 0.000   2.539 0.000  14.716 0.000   4.652 0.000  10.064 0.000 0.042 0.000  1.386 0.559
139.208333 140.208333   19.44 0.000   2.06 0.000 9.999 0.259000 99.99 0.259000  0.045 0.559   0.885 0.000   1.239 0.000   6.944 0.000   1.867 0.000   5.077 0.000 0.028 0.000  0.827 0.559
142.208333 143.208333   41.90 0.000   5.77 0.000 0.063 0.000000  0.19 0.000000  0.141 0.559   1.380 0.000   1.932 0.000  15.336 0.000   6.714 0.000   8.622 0.000 0.040 0.000  1.167 0.559
145.208333 146.208333   51.20 0.000   3.07 0.000 9.999 0.259000  0.63 0.000000  0.570 0.559   2.589 0.000   3.625 0.000  27.819 0.000   8.582 0.000  19.238 0.000 0.064 0.000  2.762 0.559
148.208333 149.208333   43.64 0.000   2.49 0.000 9.999 0.259000  1.01 0.000000  0.459 0.559   1.945 0.000   2.723 0.000  30.736 0.000   5.114 0.000  25.623 0.000 0.053 0.000  4.281 0.559
151.208333 152.208333   34.53 0.000   1.99 0.000 9.999 0.259000 99.99 0.259000  0.129 0.559   2.560 0.000   3.584 0.000  20.217 0.000   6.627 0.000  13.590 0.000 0.051 0.000  1.910 0.559
154.208333 155.208333   41.27 0.000   2.52 0.000 9.999 0.259000  0.76 0.000000  0.232 0.559   2.622 0.000   3.671 0.000  20.494 0.000   8.287 0.000  12.207 0.000 0.045 0.000  1.306 0.559
157.208333 158.208333   12.39 0.000   1.50 0.000 9.999 0.259000 99.99 0.259000  0.087 0.000   1.244 0.000   1.741 0.000   7.684 0.000   2.745 0.000   4.939 0.000 0.021 0.000  0.507 0.000
160.208333 161.208333   50.47 0.000   4.77 0.000 9.999 0.259000  0.53 0.000000  0.161 0.559   4.312 0.000   6.037 0.000  41.831 0.000   5.835 0.000  35.996 0.000 0.057 0.000  5.557 0.559
163.208333 164.208333   26.94 0.000   3.00 0.000 9.999 0.259000  0.33 0.000000  0.544 0.699   2.003 0.000   2.804 0.000  18.995 0.000   4.540 0.000  14.455 0.000 0.050 0.000  1.904 0.699
166.208333 167.208333   12.82 0.000   1.39 0.000 9.999 0.259000 99.99 0.259000  0.055 0.000   1.625 0.000   2.275 0.000  13.766 0.000   3.350 0.000  10.417 0.000 0.027 0.000  1.527 0.000
169.208333 170.208333   70.63 0.000   3.52 0.000 9.999 0.259000  0.50 0.000000  0.457 0.559   2.984 0.000   4.177 0.000  24.632 0.000   4.452 0.000  20.180 0.000 0.077 0.000  2.746 0.559
172.208333 173.208333   50.16 0.000   2.50 0.000 9.999 0.259000  0.89 0.000000  0.079 0.559   2.933 0.000   4.107 0.000  26.248 0.000   5.147 0.000  21.102 0.000 0.050 0.000  3.059 0.559
175.208333 176.208333 9999.99 0.699 999.99 0.699 9.999 0.699000 99.99 0.699000  0.049 0.559   2.625 0.000   3.676 0.000  47.744 0.000 999.999 0.999 999.999 0.699 9.999 0.699  7.935 0.559
178.208333 179.208333   19.80 0.000   1.42 0.000 9.999 0.259000 99.99 0.259000  0.048 0.559   1.378 0.000   1.930 0.000  14.546 0.000   2.953 0.000  11.594 0.000 0.030 0.000  1.898 0.559
181.208333 182.208333   39.61 0.000   2.31 0.000 9.999 0.259000  0.72 0.000000  0.078 0.559   5.519 0.000   7.727 0.000  39.175 0.000   6.280 0.000  32.895 0.000 0.089 0.000  4.064 0.559
184.208333 185.208333  612.81 0.000   3.12 0.000 9.999 0.259000  0.37 0.000000  0.078 0.559   2.052 0.000   2.873 0.000  39.338 0.000  12.596 0.000  26.742 0.000 0.240 0.000  3.322 0.559
187.208333 188.208333   25.17 0.559   4.46 0.559 9.999 0.559259 99.99 0.559259  0.115 0.559  21.184 0.000  29.657 0.000  48.230 0.000   2.147 0.000  46.083 0.559 0.404 0.559  0.566 0.559
190.208333 191.208333   32.16 0.000   2.65 0.000 9.999 0.259000 99.99 0.259000  0.164 0.000   2.923 0.000   4.093 0.000  20.131 0.000   3.716 0.000  16.414 0.000 0.055 0.000  2.254 0.000
193.208333 194.208333   42.93 0.000   1.89 0.000 9.999 0.259000  0.41 0.000000  0.149 0.559   2.473 0.000   3.462 0.000  17.898 0.000   5.835 0.000  12.063 0.000 0.035 0.000  1.243 0.559
196.208333 197.208333   49.05 0.000   3.14 0.000 0.099 0.000000  0.29 0.000000  0.056 0.000   3.493 0.000   4.890 0.000  21.842 0.000   5.012 0.000  16.830 0.000 0.052 0.000  1.914 0.000
199.208333 200.208333   54.05 0.000   3.43 0.000 9.999 0.259000 99.99 0.259000  0.057 0.000   1.914 0.000   2.679 0.000  44.411 0.000   6.674 0.000  37.738 0.000 0.043 0.000  8.264 0.000
202.208333 203.208333   46.07 0.000   1.99 0.000 9.999 0.259000  0.80 0.000000  0.096 0.000   4.290 0.000   6.007 0.000  35.544 0.000   6.389 0.000  29.155 0.000 0.072 0.000  4.201 0.000
205.208333 206.208333   23.12 0.000   1.18 0.000 9.999 0.259000  0.54 0.000000  0.197 0.000   1.298 0.000   1.817 0.000  14.881 0.000   6.059 0.000   8.822 0.000 0.023 0.000  1.077 0.000
208.208333 209.208333   22.65 0.000   0.99 0.000 9.999 0.259000  0.20 0.000000  0.111 0.000   2.247 0.000   3.146 0.000  27.572 0.000   6.078 0.000  21.495 0.000 0.042 0.000  3.573 0.000
211.208333 212.208333   26.03 0.000   0.93 0.000 9.999 0.259000 99.99 0.259000  0.060 0.559   2.002 0.000   2.803 0.000  14.998 0.000   4.299 0.000  10.700 0.000 0.025 0.000  1.385 0.559
214.208333 215.208333   45.24 0.000   2.67 0.000 9.999 0.259000  0.84 0.000000  0.087 0.559   3.457 0.000   4.840 0.000  32.118 0.000   5.032 0.000  27.086 0.000 0.051 0.000  4.254 0.559
217.208333 218.208333   14.44 0.000   1.09 0.000 0.029 0.000000 99.99 0.259000  0.039 0.559   0.975 0.000   1.365 0.000  10.796 0.000   4.807 0.000   5.989 0.000 0.017 0.000  0.775 0.559
220.208333 221.208333   18.30 0.000   1.22 0.000 9.999 0.259000  0.11 0.000000  0.027 0.559   1.196 0.000   1.674 0.000   9.410 0.000   5.118 0.000   4.292 0.000 0.020 0.000  0.331 0.559
223.208333 224.208333   58.59 0.000   2.85 0.000 9.999 0.259000  0.27 0.000000  0.073 0.000   4.774 0.000   6.683 0.000  49.556 0.000   8.108 0.000  41.448 0.000 0.061 0.000  6.984 0.000
226.208333 227.208333   46.15 0.000   0.79 0.000 0.042 0.000000  0.96 0.000000  0.084 0.559   3.310 0.000   4.634 0.000  25.835 0.000   7.012 0.000  18.823 0.000 0.043 0.000  2.299 0.559
229.208333 230.208333   23.89 0.000   1.52 0.000 9.999 0.259000 99.99 0.259000  0.036 0.559   1.827 0.000   2.558 0.000  19.436 0.000   3.887 0.000  15.550 0.000 0.039 0.000  2.539 0.559
232.208333 233.208333   36.77 0.000   2.24 0.000 9.999 0.259000  0.89 0.000000  0.086 0.000   1.778 0.000   2.490 0.000  21.280 0.000   6.747 0.000  14.534 0.000 0.024 0.000  2.264 0.000
235.208333 236.208333   16.75 0.000   1.81 0.000 9.999 0.259000  0.27 0.000000  0.287 0.000   1.489 0.000   2.085 0.000  17.280 0.000   3.479 0.000  13.801 0.000 0.028 0.000  2.534 0.000
238.208333 239.208333   31.36 0.000   3.06 0.000 9.999 0.259000  0.35 0.000000  0.110 0.000   1.954 0.000   2.736 0.000  23.378 0.000   4.792 0.000  18.586 0.000 0.039 0.000  2.705 0.000
241.208333 242.208333    8.44 0.000   1.62 0.000 9.999 0.259000 99.99 0.259000  0.037 0.000   0.519 0.000   0.726 0.000  11.438 0.000   3.231 0.000   8.207 0.000 0.012 0.000  1.573 0.000
244.208333 245.208333    6.15 0.000   1.61 0.000 9.999 0.259000  0.37 0.000000  0.197 0.000   0.966 0.000   1.353 0.000  12.541 0.000   3.903 0.000   8.637 0.000 0.026 0.000  1.465 0.000
247.208333 248.208333   16.87 0.000   1.70 0.000 0.055 0.000000 99.99 0.259000  0.031 0.000   1.037 0.000   1.452 0.000  10.924 0.000   5.190 0.000   5.734 0.000 0.018 0.000  0.722 0.000
250.208333 251.208333   40.27 0.000   3.99 0.000 0.050 0.000000  1.34 0.000000  0.089 0.000   1.926 0.000   2.696 0.000  16.447 0.000   5.210 0.000  11.238 0.000 0.039 0.000  1.503 0.000
253.208333 254.208333   29.10 0.000   1.70 0.000 0.051 0.000000 99.99 0.259000  0.028 0.559   1.092 0.000   1.529 0.000  21.849 0.000  10.432 0.000  11.417 0.000 0.023 0.000  1.909 0.559
