scripts/IMPROVE-2019_partial/data/US3900R.20100102050000.20191216000000.filterpack...52w.3d.US03L_filterpack_US3900.US03L_IMPROVE_Davis.lev2.nas
52 1001
MISSING INFORMATION
US03L, IMPROVE, , , , , , , 
MISSING INFORMATION
IMPROVE sel_HTAP
1 1
2010 01 01 2019 12 16
3.000000
days from file reference point
5
1 1 1 1 1
999.999999 999.999 9.999 999.999 9.999
end_time of measurement, days from the file reference point
pm10_mass, ug/m3, Matrix=pm10
numflag pm10_mass, no unit, Matrix=pm10
pm25_mass, ug/m3, Matrix=pm25
numflag pm25_mass, no unit, Matrix=pm25
0
33
Data definition:              EBAS_1.1
Set type code:                TU
Timezone:                     UTC
File name:                    US3900R.20100102050000.20191216000000.filterpack...52w.3d.US03L_filterpack_US3900.US03L_IMPROVE_Davis.lev2.nas
File creation:                20191218120425
Startdate:                    20100102050000
Revision date:                20191216000000
Version:                      2
Version description:          "Data extracted from http://views.cira.colostate.edu/fed/DataWizard 2019-12-16"
Statistics:                   arithmetic mean
Data level:                   2
Period code:                  52w
Resolution code:              3d
Sample duration:              1d
Orig. time res.:              3d
Station code:                 US3900R
Platform code:                US3900S
Station name:                 Arendtsville (PA00)
Station latitude:             39.9231
Station longitude:            -77.3078
Station altitude:             269.0 m
Regime:                       IMG
Component:                    
Unit:                         ug/m3
Matrix:                       
Laboratory code:              US03L
Instrument type:              filterpack
Instrument name:              filterpack_US3900
Method ref:                   US03L_IMPROVE_Davis
Blank correction:             Blank corrected
Volume std. temperature:      ambient
Volume std. pressure:         ambient
starttime endtime PM10 flag_PM10 PM2.5 flag_PM2.5
  1.208333   2.208333   6.307 0.000   2.857 0.000
  4.208333   5.208333   4.393 0.000   2.905 0.000
  7.208333   8.208333  22.342 0.000  13.125 0.000
 10.208333  11.208333  10.025 0.000   6.692 0.000
 13.208333  14.208333  17.221 0.000   7.324 0.000
 16.208333  17.208333  15.474 0.000  13.533 0.000
 19.208333  20.208333  10.570 0.000   8.425 0.000
 22.208333  23.208333  10.081 0.000   7.557 0.000
 25.208333  26.208333   4.253 0.000   3.061 0.000
 28.208333  29.208333   8.010 0.000   3.254 0.000
 31.208333  32.208333  20.023 0.000  15.270 0.000
 34.208333  35.208333  13.214 0.000   9.628 0.000
 37.208333  38.208333   5.971 0.000   2.742 0.000
 40.208333  41.208333 999.999 0.456   9.920 0.000
 43.208333  44.208333  28.702 0.000   7.200 0.000
 46.208333  47.208333  26.347 0.000   9.350 0.000
 49.208333  50.208333   6.264 0.000   6.348 0.000
 52.208333  53.208333  31.516 0.000  10.629 0.000
 55.208333  56.208333   8.957 0.000   5.281 0.000
 58.208333  59.208333   6.051 0.000   3.972 0.000
 61.208333  62.208333   7.555 0.000   4.368 0.000
 64.208333  65.208333   6.828 0.000   2.839 0.000
 67.208333  68.208333  16.044 0.000  10.330 0.000
 70.208333  71.208333  13.763 0.000   9.533 0.000
 73.208333  74.208333   3.041 0.000   1.676 0.000
 76.208333  77.208333   9.280 0.000   3.925 0.000
 79.208333  80.208333  20.974 0.000  14.839 0.000
 82.208333  83.208333   8.775 0.000   5.098 0.000
 85.208333  86.208333   8.704 0.000   5.772 0.000
 88.208333  89.208333   6.665 0.000   3.802 0.000
 91.208333  92.208333  18.250 0.000  10.157 0.000
 94.208333  95.208333  16.792 0.000   9.897 0.000
 97.208333  98.208333  28.181 0.000   9.839 0.000
100.208333 101.208333  20.154 0.000  11.459 0.000
103.208333 104.208333  14.804 0.000   7.889 0.000
106.208333 107.208333   7.747 0.000   4.738 0.000
109.208333 110.208333   8.129 0.000   3.623 0.000
112.208333 113.208333  15.160 0.000   6.071 0.000
115.208333 116.208333   7.026 0.000   5.388 0.000
118.208333 119.208333  10.370 0.000   4.556 0.000
121.208333 122.208333  17.555 0.000  12.270 0.000
124.208333 125.208333  14.763 0.000   7.356 0.000
127.208333 128.208333  16.357 0.000   5.365 0.000
130.208333 131.208333   9.503 0.000   4.744 0.000
133.208333 134.208333  21.012 0.000  11.563 0.000
136.208333 137.208333   8.552 0.000   4.854 0.000
139.208333 140.208333  14.461 0.000   7.949 0.000
142.208333 143.208333  13.145 0.000   8.864 0.000
145.208333 146.208333  15.297 0.000   7.691 0.000
148.208333 149.208333  15.475 0.000   9.944 0.000
151.208333 152.208333  12.750 0.000   7.934 0.000
154.208333 155.208333  21.024 0.000  11.655 0.000
157.208333 158.208333  10.393 0.000   4.240 0.000
160.208333 161.208333  16.149 0.000   9.400 0.000
163.208333 164.208333  15.176 0.000  11.758 0.000
166.208333 167.208333  22.261 0.000  14.861 0.000
169.208333 170.208333  18.968 0.000  13.493 0.000
172.208333 173.208333  18.077 0.000  12.775 0.000
175.208333 176.208333  21.192 0.000  15.073 0.000
178.208333 179.208333  12.323 0.000   9.363 0.000
181.208333 182.208333   7.981 0.000   3.025 0.000
184.208333 185.208333  15.131 0.000  10.681 0.000
187.208333 188.208333  38.888 0.000  32.526 0.000
190.208333 191.208333  10.682 0.000   7.774 0.000
193.208333 194.208333  12.535 0.000  10.279 0.000
196.208333 197.208333  26.790 0.000  19.697 0.000
199.208333 200.208333  14.916 0.000  11.361 0.000
202.208333 203.208333  20.704 0.000  14.642 0.000
205.208333 206.208333  24.131 0.000  13.734 0.000
208.208333 209.208333  26.597 0.000  19.943 0.000
211.208333 212.208333  16.361 0.000  11.676 0.000
214.208333 215.208333  13.889 0.000   9.169 0.000
217.208333 218.208333  20.478 0.000  14.300 0.000
220.208333 221.208333  25.830 0.000  19.831 0.000
223.208333 224.208333  14.371 0.000   9.526 0.000
226.208333 227.208333  12.285 0.000   6.026 0.000
229.208333 230.208333  18.263 0.000  11.444 0.000
232.208333 233.208333  25.916 0.000  17.890 0.000
235.208333 236.208333   8.098 0.000   4.100 0.000
238.208333 239.208333   6.678 0.000   2.957 0.000
241.208333 242.208333  18.668 0.000  13.432 0.000
244.208333 245.208333  23.549 0.000  14.340 0.000
247.208333 248.208333   8.222 0.000   4.627 0.000
250.208333 251.208333  18.970 0.000   6.138 0.000
253.208333 254.208333   7.351 0.000   2.693 0.000
256.208333 257.208333   9.497 0.000   4.546 0.000
259.208333 260.208333   8.976 0.000   3.966 0.000
262.208333 263.208333   7.128 0.000   3.655 0.000
265.208333 266.208333  23.422 0.000  15.155 0.000
268.208333 269.208333   9.546 0.000   4.947 0.000
271.208333 272.208333   8.178 0.000   5.091 0.000
274.208333 275.208333   6.492 0.000   3.033 0.000
277.208333 278.208333   3.486 0.000   1.988 0.000
280.208333 281.208333  11.171 0.000   4.648 0.000
283.208333 284.208333  23.183 0.000  11.463 0.000
286.208333 287.208333   8.677 0.000   4.470 0.000
289.208333 290.208333  14.453 0.000   6.591 0.000
292.208333 293.208333  13.216 0.000   7.787 0.000
295.208333 296.208333  11.173 0.000   5.358 0.000
298.208333 299.208333   9.220 0.000   5.470 0.000
301.208333 302.208333   5.487 0.000   2.928 0.000
304.208333 305.208333   4.952 0.000   2.481 0.000
307.208333 308.208333   5.684 0.000   4.536 0.000
310.208333 311.208333   4.917 0.000   3.699 0.000
313.208333 314.208333   4.838 0.000   2.023 0.000
316.208333 317.208333   5.910 0.000   3.146 0.000
319.208333 320.208333  21.715 0.000  20.172 0.000
322.208333 323.208333   7.035 0.000   5.225 0.000
325.208333 326.208333  20.979 0.000  14.860 0.000
328.208333 329.208333   6.974 0.000   5.098 0.000
331.208333 332.208333   5.632 0.000   4.548 0.000
334.208333 335.208333   4.553 0.000   2.997 0.000
337.208333 338.208333   7.122 0.000   6.320 0.000
340.208333 341.208333   7.232 0.000   5.155 0.000
343.208333 344.208333  18.996 0.000  14.877 0.000
346.208333 347.208333   5.024 0.000   2.955 0.000
349.208333 350.208333  11.344 0.000   7.570 0.000
352.208333 353.208333  14.996 0.000  12.305 0.000
355.208333 356.208333   8.579 0.000   5.455 0.000
358.208333 359.208333   8.040 0.000   6.899 0.000
361.208333 362.208333   7.503 0.000   4.708 0.000
364.208333 365.208333  25.269 0.000  19.348 0.000
