scripts/IMPROVE-2019_partial/data/US3900R.20040101050000.20191216000000.filterpack..pm25.52w.1w.US03L_filterpack_US3900.US03L_IMPROVE_Davis.lev2.nas
64 1001
MISSING INFORMATION
US03L, IMPROVE, , , , , , , 
MISSING INFORMATION
IMPROVE sel_HTAP
1 1
2004 01 01 2019 12 16
3.000000
days from file reference point
25
1 1 1 1 1 1 1 1 1 1 1 1 1 1 1 1 1 1 1 1 1 1 1 1 1
999.999999 9999.99 9.999 999.99 9.999 9.999 9.999999 99.99 9.999999 99.999 9.999 99.999 9.999 999.999 9.999 999.999 9.999 999.999 9.999 999.999 9.999 9.999 9.999 99.999 9.999
end_time of measurement, days from the file reference point
iron, ng/m3, Revision date=20181210133000
numflag iron, no unit, Revision date=20181210133000
lead, ng/m3, Revision date=20181210133000
numflag lead, no unit, Revision date=20181210133000
magnesium, ug/m3, Revision date=20181210133000
numflag magnesium, no unit, Revision date=20181210133000
nickel, ng/m3, Revision date=20181210133000
numflag nickel, no unit, Revision date=20181210133000
nitrate, ug N/m3, Revision date=20181210133000
numflag nitrate, no unit, Revision date=20181210133000
organic_carbon, ug C/m3, Revision date=20181210133000
numflag organic_carbon, no unit, Revision date=20181210133000
organic_mass, ug/m3, Revision date=20181210133000
numflag organic_mass, no unit, Revision date=20181210133000
pm10_mass, ug/m3, Version=2, Version description=Data extracted from http://views.cira.colostate.edu/fed/DataWizard 2019-12-16, Sample duration=1d, Orig. time res.=3d, Matrix=pm10, Blank correction=Blank corrected, Volume std. temperature=ambient, Volume std. pressure=ambient
numflag pm10_mass, no unit, Version=2, Version description=Data extracted from http://views.cira.colostate.edu/fed/DataWizard 2019-12-16, Sample duration=1d, Orig. time res.=3d, Matrix=pm10, Blank correction=Blank corrected, Volume std. temperature=ambient, Volume std. pressure=ambient
pm10_pm25_mass, ug/m3, Revision date=20181210133000, Matrix=pm10_pm25
numflag pm10_pm25_mass, no unit, Revision date=20181210133000, Matrix=pm10_pm25
pm25_mass, ug/m3, Version=2, Version description=Data extracted from http://views.cira.colostate.edu/fed/DataWizard 2019-12-16, Sample duration=1d, Orig. time res.=3d, Blank correction=Blank corrected, Volume std. temperature=ambient, Volume std. pressure=ambient
numflag pm25_mass, no unit, Version=2, Version description=Data extracted from http://views.cira.colostate.edu/fed/DataWizard 2019-12-16, Sample duration=1d, Orig. time res.=3d, Blank correction=Blank corrected, Volume std. temperature=ambient, Volume std. pressure=ambient
potassium, ug/m3, Revision date=20181210133000
numflag potassium, no unit, Revision date=20181210133000
sulphate_total, ug S/m3, Revision date=20181210133000
numflag sulphate_total, no unit, Revision date=20181210133000
0
25
Data definition:              EBAS_1.1
Set type code:                TU
Timezone:                     UTC
File name:                    US3900R.20040101050000.20191216000000.filterpack..pm25.52w.1w.US03L_filterpack_US3900.US03L_IMPROVE_Davis.lev2.nas
File creation:                20191218120424
Startdate:                    20040101050000
Revision date:                20191216000000
Statistics:                   arithmetic mean
Data level:                   2
Period code:                  52w
Resolution code:              1w
Station code:                 US3900R
Platform code:                US3900S
Station name:                 Arendtsville (PA00)
Station latitude:             39.9231
Station longitude:            -77.3078
Station altitude:             269.0 m
Regime:                       IMG
Component:                    
Matrix:                       pm25
Laboratory code:              US03L
Instrument type:              filterpack
Instrument name:              filterpack_US3900
Method ref:                   US03L_IMPROVE_Davis
starttime endtime Fe flag_Fe Pb flag_Pb Mg++ flag_Mg++ Ni flag_Ni NO3- flag_NO3- OC flag_OC OM flag_OM PM10 flag_PM10 PM10-PM2.5 flag_PM10-PM2.5 PM2.5 flag_PM2.5 K+ flag_K+ SO4-- flag_SO4--
[from data line 87]
261.208333 262.208333    3.42 0.000   0.86 0.000 9.999 0.259000 99.99 0.259000  0.037 0.559  0.810 0.000   1.134 0.000   3.020 0.000   2.079 0.000   0.942 0.000 0.006 0.000  0.229 0.559
264.208333 265.208333   14.92 0.000   1.57 0.000 9.999 0.259000  0.16 0.000000  0.029 0.559  1.166 0.000   1.632 0.000   6.572 0.000   3.333 0.000   3.239 0.000 0.016 0.000  0.181 0.559
267.208333 268.208333   61.38 0.000   4.34 0.000 9.999 0.259000  0.62 0.000000  0.402 0.559  3.213 0.000   4.499 0.000  27.404 0.000   6.142 0.000  21.262 0.000 0.067 0.000  3.078 0.559
270.208333 271.208333   47.57 0.000   7.24 0.000 9.999 0.259000  0.56 0.000000  0.379 0.559  2.177 0.000   3.048 0.000  25.200 0.000   5.519 0.000  19.681 0.000 0.049 0.000  3.255 0.559
273.208333 274.208333   29.88 0.000   3.01 0.000 9.999 0.259000  0.27 0.000000  0.126 0.559  1.438 0.000   2.013 0.000  16.425 0.000   4.801 0.000  11.624 0.000 0.022 0.000  1.917 0.559
276.208333 277.208333    8.67 0.000   1.69 0.000 0.089 0.000000 99.99 0.259000  0.027 0.559  0.851 0.000   1.192 0.000   5.198 0.000   2.534 0.000   2.664 0.000 0.017 0.000  0.289 0.559
279.208333 280.208333   22.21 0.000   2.69 0.000 9.999 0.259000  0.10 0.000000  0.110 0.000  1.013 0.000   1.419 0.000   8.691 0.000   4.220 0.000   4.471 0.000 0.022 0.000  0.459 0.000
282.208333 283.208333   50.79 0.000   4.39 0.000 9.999 0.259000  0.42 0.000000  0.812 0.000  3.838 0.000   5.373 0.000  27.528 0.000   7.974 0.000  19.554 0.000 0.065 0.000  2.429 0.000
285.208333 286.208333   12.79 0.000   1.18 0.000 9.999 0.259000 99.99 0.259000  0.055 0.000  0.768 0.000   1.075 0.000   8.125 0.000   3.901 0.000   4.223 0.000 0.014 0.000  0.548 0.000
288.208333 289.208333   45.04 0.000   4.34 0.000 0.158 0.000000  0.37 0.000000  0.279 0.000  2.117 0.000   2.964 0.000  15.646 0.000   8.022 0.000   7.623 0.000 0.037 0.000  0.874 0.000
291.208333 292.208333   32.73 0.000   4.61 0.000 9.999 0.259000  0.56 0.000000  0.823 0.000  1.350 0.000   1.890 0.000  12.969 0.000   1.324 0.000  11.645 0.000 0.043 0.000  1.161 0.000
294.208333 295.208333   27.18 0.000   4.83 0.000 9.999 0.259000  2.21 0.000000  0.368 0.000  1.584 0.000   2.217 0.000  14.057 0.000   2.321 0.000  11.736 0.000 0.025 0.000  1.241 0.000
297.208333 298.208333   40.04 0.000   6.65 0.000 9.999 0.259000  1.44 0.000000  1.145 0.000  2.147 0.000   3.006 0.000  20.034 0.000   4.022 0.000  16.012 0.000 0.054 0.000  1.200 0.000
300.208333 301.208333   15.11 0.000   1.83 0.000 9.999 0.259000 99.99 0.259000  0.087 0.559  0.934 0.000   1.308 0.000  11.394 0.000   3.423 0.000   7.971 0.000 0.025 0.000  1.210 0.559
303.208333 304.208333   22.55 0.000   3.18 0.000 0.101 0.000000  0.76 0.000000  0.683 0.559  2.726 0.000   3.816 0.000  21.503 0.000   3.128 0.000  18.375 0.000 0.058 0.000  1.949 0.559
306.208333 307.208333   72.23 0.000   6.48 0.000 9.999 0.259000  1.05 0.000000  0.907 0.559  3.126 0.000   4.377 0.000  23.111 0.000   8.220 0.000  14.892 0.000 0.055 0.000  1.285 0.559
309.208333 310.208333   20.41 0.000   1.98 0.000 9.999 0.259000  0.20 0.000000  0.065 0.559  0.746 0.000   1.044 0.000   6.150 0.000   2.557 0.000   3.593 0.000 0.042 0.000  0.406 0.559
312.208333 313.208333    9.26 0.000   0.97 0.000 9.999 0.259000  0.16 0.000000  0.045 0.559  0.578 0.000   0.809 0.000   4.518 0.000   2.313 0.000   2.205 0.000 0.021 0.000  0.244 0.559
315.208333 316.208333   60.18 0.000   5.65 0.000 9.999 0.259000  0.37 0.000000  0.727 0.559  3.574 0.000   5.004 0.000  24.790 0.000   9.693 0.000  15.097 0.000 0.096 0.000  0.964 0.559
318.208333 319.208333    8.48 0.000   1.46 0.000 9.999 0.259000  0.10 0.000000  0.061 0.559  0.721 0.000   1.010 0.000   4.335 0.000   1.451 0.000   2.884 0.000 0.039 0.000  0.294 0.559
321.208333 322.208333   64.50 0.000   6.68 0.000 9.999 0.259000  0.31 0.000000  0.433 0.000  1.466 0.000   2.052 0.000  14.558 0.000   4.021 0.000  10.537 0.000 0.059 0.000  1.413 0.000
324.208333 325.208333  112.90 0.699  14.53 0.699 9.999 0.699259  1.33 0.699000  2.611 0.000  2.935 0.000   4.109 0.000  38.322 0.000  10.544 0.000  27.778 0.699 0.082 0.699  2.219 0.000
327.208333 328.208333   39.34 0.000   5.91 0.000 9.999 0.259000  0.76 0.000000  2.434 0.000  1.776 0.000   2.486 0.000  30.639 0.000   4.106 0.000  26.533 0.000 0.053 0.000  2.193 0.000
330.208333 331.208333   15.72 0.000   1.89 0.000 9.999 0.259000  0.18 0.000000  0.216 0.000  0.866 0.000   1.212 0.000   4.936 0.000   1.374 0.000   3.562 0.000 0.030 0.000  0.346 0.000
333.208333 334.208333    9.51 0.000   1.36 0.000 9.999 0.259000  0.16 0.000000  0.164 0.000  1.157 0.000   1.620 0.000   5.261 0.000   0.981 0.000   4.280 0.000 0.024 0.000  0.481 0.000
336.208333 337.208333   22.54 0.000   2.16 0.000 9.999 0.259000  0.17 0.000000  0.345 0.000  1.079 0.000   1.510 0.000   7.071 0.000   1.870 0.000   5.201 0.000 0.029 0.000  0.523 0.000
339.208333 340.208333   28.82 0.000   2.61 0.000 0.156 0.000000 99.99 0.259000  0.389 0.000  1.704 0.000   2.386 0.000   9.891 0.000   2.525 0.000   7.365 0.000 0.046 0.000  0.883 0.000
342.208333 343.208333   11.57 0.000   1.29 0.000 9.999 0.259000  0.08 0.000000  0.032 0.559  0.531 0.000   0.744 0.000   4.907 0.000   1.029 0.000   3.878 0.000 0.013 0.000  0.703 0.559
345.208333 346.208333   10.32 0.000   0.89 0.000 9.999 0.259000  0.15 0.000000  0.216 0.559  0.701 0.000   0.981 0.000   4.183 0.000   0.560 0.000   3.623 0.000 0.017 0.000  0.561 0.559
348.208333 349.208333    6.67 0.000   1.44 0.000 9.999 0.259000  0.16 0.000000  0.070 0.559  0.375 0.000   0.525 0.000   2.756 0.000   0.800 0.000   1.957 0.000 0.014 0.000  0.336 0.559
351.208333 352.208333   35.39 0.000   2.93 0.000 9.999 0.259000  0.30 0.000000  0.631 0.559  1.606 0.000   2.248 0.000  13.169 0.000   3.751 0.000   9.418 0.000 0.047 0.000  0.829 0.559
354.208333 355.208333   16.89 0.000   1.34 0.000 0.154 0.000000  0.14 0.000000  0.161 0.559  0.527 0.000   0.738 0.000   4.912 0.000   1.868 0.000   3.044 0.000 0.027 0.000  0.298 0.559
357.208333 358.208333   14.93 0.000   1.10 0.000 9.999 0.259000  1.29 0.000000  0.248 0.000  0.924 0.000   1.294 0.000   6.777 0.000   1.629 0.000   5.149 0.000 0.023 0.000  0.678 0.000
360.208333 361.208333   27.62 0.000   5.16 0.000 9.999 0.259000  2.03 0.000000  0.722 0.559  2.042 0.000   2.859 0.000  13.931 0.000   2.731 0.000  11.200 0.000 0.057 0.000  0.744 0.559
363.208333 364.208333   77.45 0.000   3.58 0.000 9.999 0.259000  0.23 0.000000  0.715 0.559  2.654 0.000   3.715 0.000  19.907 0.000   6.079 0.000  13.829 0.000 0.085 0.000  1.088 0.559
