scripts/IMPROVE-2019_partial/data/US3900R.20020102050000.20191216000000.filterpack..pm25.52w.1w.US03L_filterpack_US3900.US03L_IMPROVE_Davis.lev2.nas
64 1001
MISSING INFORMATION
US03L, IMPROVE, , , , , , , 
MISSING INFORMATION
IMPROVE sel_HTAP
1 1
2002 01 01 2019 12 16
3.000000
days from file reference point
25
1 1 1 1 1 1 1 1 1 1 1 1 1 1 1 1 1 1 1 1 1 1 1 1 1
999.999999 9999.99 9.999 999.99 9.999 9.999 9.999999 99.99 9.999999 99.999 9.999 999.999 9.999 999.999 9.999 999.999 9.999 999.999 9.999 999.999 9.999 9.999 9.999 99.999 9.999
end_time of measurement, days from the file reference point
iron, ng/m3, Revision date=20181210133000
numflag iron, no unit, Revision date=20181210133000
lead, ng/m3, Revision date=20181210133000
numflag lead, no unit, Revision date=20181210133000
magnesium, ug/m3, Revision date=20181210133000
numflag magnesium, no unit, Revision date=20181210133000
nickel, ng/m3, Revision date=20181210133000
numflag nickel, no unit, Revision date=20181210133000
nitrate, ug N/m3, Revision date=20181210133000
numflag nitrate, no unit, Revision date=20181210133000
organic_carbon, ug C/m3, Revision date=20181210133000
numflag organic_carbon, no unit, Revision date=20181210133000
organic_mass, ug/m3, Revision date=20181210133000
numflag organic_mass, no unit, Revision date=20181210133000
pm10_mass, ug/m3, Version=2, Version description=Data extracted from http://views.cira.colostate.edu/fed/DataWizard 2019-12-16, Sample duration=1d, Orig. time res.=3d, Matrix=pm10, Blank correction=Blank corrected, Volume std. temperature=ambient, Volume std. pressure=ambient
numflag pm10_mass, no unit, Version=2, Version description=Data extracted from http://views.cira.colostate.edu/fed/DataWizard 2019-12-16, Sample duration=1d, Orig. time res.=3d, Matrix=pm10, Blank correction=Blank corrected, Volume std. temperature=ambient, Volume std. pressure=ambient
pm10_pm25_mass, ug/m3, Revision date=20181210133000, Matrix=pm10_pm25
numflag pm10_pm25_mass, no unit, Revision date=20181210133000, Matrix=pm10_pm25
pm25_mass, ug/m3, Version=2, Version description=Data extracted from http://views.cira.colostate.edu/fed/DataWizard 2019-12-16, Sample duration=1d, Orig. time res.=3d, Blank correction=Blank corrected, Volume std. temperature=ambient, Volume std. pressure=ambient
numflag pm25_mass, no unit, Version=2, Version description=Data extracted from http://views.cira.colostate.edu/fed/DataWizard 2019-12-16, Sample duration=1d, Orig. time res.=3d, Blank correction=Blank corrected, Volume std. temperature=ambient, Volume std. pressure=ambient
potassium, ug/m3, Revision date=20181210133000
numflag potassium, no unit, Revision date=20181210133000
sulphate_total, ug S/m3, Revision date=20181210133000
numflag sulphate_total, no unit, Revision date=20181210133000
0
25
Data definition:              EBAS_1.1
Set type code:                TU
Timezone:                     UTC
File name:                    US3900R.20020102050000.20191216000000.filterpack..pm25.52w.1w.US03L_filterpack_US3900.US03L_IMPROVE_Davis.lev2.nas
File creation:                20191218120424
Startdate:                    20020102050000
Revision date:                20191216000000
Statistics:                   arithmetic mean
Data level:                   2
Period code:                  52w
Resolution code:              1w
Station code:                 US3900R
Platform code:                US3900S
Station name:                 Arendtsville (PA00)
Station latitude:             39.9231
Station longitude:            -77.3078
Station altitude:             269.0 m
Regime:                       IMG
Component:                    
Matrix:                       pm25
Laboratory code:              US03L
Instrument type:              filterpack
Instrument name:              filterpack_US3900
Method ref:                   US03L_IMPROVE_Davis
starttime endtime Fe flag_Fe Pb flag_Pb Mg++ flag_Mg++ Ni flag_Ni NO3- flag_NO3- OC flag_OC OM flag_OM PM10 flag_PM10 PM10-PM2.5 flag_PM10-PM2.5 PM2.5 flag_PM2.5 K+ flag_K+ SO4-- flag_SO4--
[from data line 86]
259.208333 260.208333   27.85 0.000   3.15 0.000 9.999 0.259000 99.99 0.259000  0.102 0.559   1.357 0.000   1.900 0.000  20.310 0.000   3.045 0.000  17.265 0.000 0.033 0.000  3.135 0.559
262.208333 263.208333   43.53 0.000   2.33 0.000 9.999 0.259000  0.95 0.000000  0.731 0.000   2.567 0.000   3.593 0.000  28.554 0.000   6.320 0.000  22.234 0.000 0.043 0.000  3.561 0.000
265.208333 266.208333   14.53 0.000   1.92 0.000 9.999 0.259000  0.20 0.000000  0.043 0.000   0.846 0.000   1.185 0.000  10.825 0.000   4.373 0.000   6.452 0.000 0.019 0.000  1.096 0.000
268.208333 269.208333   31.69 0.000   4.25 0.000 9.999 0.259000  0.77 0.000000  0.555 0.000   0.846 0.000   1.185 0.000  11.806 0.000   3.437 0.000   8.368 0.000 0.025 0.000  0.715 0.000
271.208333 272.208333   17.99 0.000   4.05 0.000 9.999 0.259000  0.33 0.000000  0.069 0.559   1.685 0.000   2.359 0.000  16.462 0.000   3.355 0.000  13.108 0.000 0.034 0.000  2.186 0.559
274.208333 275.208333   24.10 0.000   1.90 0.000 0.056 0.000000  0.17 0.000000 99.999 0.456   2.496 0.000   3.494 0.000  30.362 0.000   4.609 0.000  25.752 0.000 0.029 0.000 99.999 0.456
277.208333 278.208333   16.76 0.000   1.90 0.000 9.999 0.259000  0.19 0.000000  0.137 0.559   1.823 0.000   2.552 0.000  17.967 0.000   6.103 0.000  11.863 0.000 0.033 0.000  2.093 0.559
280.208333 281.208333   14.29 0.559   1.47 0.559 0.025 0.559000  0.10 0.559000  0.137 0.000   1.295 0.000   1.812 0.000   8.055 0.000   2.958 0.000   5.096 0.559 0.026 0.559  0.650 0.000
283.208333 284.208333    4.95 0.559   2.47 0.559 9.999 0.559259  0.21 0.559000  0.064 0.000   0.580 0.000   0.812 0.000   2.705 0.000   0.693 0.000   2.013 0.559 0.007 0.559  0.291 0.000
286.208333 287.208333    8.43 0.000   1.50 0.000 0.014 0.000000 99.99 0.259000  0.049 0.000   0.786 0.000   1.101 0.000   5.612 0.000   2.458 0.000   3.154 0.000 0.019 0.000  0.373 0.000
289.208333 290.208333   12.30 0.559   1.92 0.559 9.999 0.559259  0.18 0.559000  0.140 0.000   0.800 0.000   1.120 0.000   8.681 0.000   2.190 0.000   6.491 0.559 0.014 0.559  1.218 0.000
292.208333 293.208333   10.36 0.000   2.45 0.000 9.999 0.259000  0.14 0.000000  0.106 0.000   1.005 0.000   1.408 0.000   7.146 0.000   2.211 0.000   4.936 0.000 0.019 0.000  0.724 0.000
295.208333 296.208333   26.54 0.000   4.58 0.000 9.999 0.259000  0.16 0.000000  0.452 0.559   1.835 0.000   2.568 0.000  13.149 0.000   3.035 0.000  10.114 0.000 0.036 0.000  1.271 0.559
298.208333 299.208333    8.14 0.000   3.55 0.000 0.024 0.000000  0.40 0.000000  0.251 0.000   0.979 0.000   1.370 0.000   8.088 0.000   1.374 0.000   6.714 0.000 0.018 0.000  1.180 0.000
301.208333 302.208333   16.07 0.559   5.02 0.559 9.999 0.559259  0.25 0.559000  0.296 0.000   1.633 0.000   2.287 0.000  27.318 0.000  20.185 0.000   7.133 0.559 0.030 0.559  0.668 0.000
304.208333 305.208333   29.39 0.000   2.82 0.000 9.999 0.259000  0.19 0.000000  0.442 0.000   1.410 0.000   1.974 0.000  10.995 0.000   2.329 0.000   8.666 0.000 0.030 0.000  1.225 0.000
307.208333 308.208333   28.02 0.000   4.08 0.000 9.999 0.259000  0.15 0.000000  1.025 0.000   2.517 0.000   3.523 0.000  17.940 0.000   2.725 0.000  15.214 0.000 0.049 0.000  1.494 0.000
310.208333 311.208333   13.70 0.559   1.96 0.559 9.999 0.559259  0.15 0.559000  0.145 0.000   0.701 0.000   0.981 0.000   6.616 0.000   1.414 0.000   5.201 0.559 0.018 0.559  0.793 0.000
313.208333 314.208333   18.29 0.000   2.34 0.000 9.999 0.259000  0.39 0.000000  0.276 0.000   2.889 0.000   4.045 0.000  17.075 0.000   4.959 0.000  12.117 0.000 0.046 0.000  1.663 0.000
316.208333 317.208333   27.36 0.000   3.10 0.000 9.999 0.259000  0.16 0.000000  0.247 0.000   0.996 0.000   1.394 0.000   9.590 0.000   1.957 0.000   7.633 0.000 0.029 0.000  1.371 0.000
319.208333 320.208333   42.49 0.000   5.99 0.000 9.999 0.259000  1.04 0.000000  0.690 0.000   2.281 0.000   3.194 0.000  15.212 0.000   2.111 0.000  13.101 0.000 0.052 0.000  0.960 0.000
322.208333 323.208333   37.18 0.559   3.69 0.559 9.999 0.559259  0.29 0.559000  0.612 0.000   2.883 0.000   4.037 0.000  14.620 0.000   2.606 0.000  12.014 0.559 0.062 0.559  1.034 0.000
325.208333 326.208333   14.38 0.000   2.85 0.000 9.999 0.259000  0.48 0.000000  0.372 0.000   1.451 0.000   2.031 0.000   9.094 0.000   1.889 0.000   7.205 0.000 0.041 0.000  0.755 0.000
328.208333 329.208333   29.62 0.000   4.33 0.000 9.999 0.259000 99.99 0.259000  0.681 0.000   2.654 0.000   3.716 0.000  15.615 0.000   4.492 0.000  11.123 0.000 0.065 0.000  0.952 0.000
331.208333 332.208333   15.91 0.559   2.47 0.559 9.999 0.559259  0.22 0.559000  0.463 0.000   0.924 0.000   1.293 0.000   7.689 0.000   1.368 0.000   6.321 0.559 0.023 0.559  0.712 0.000
334.208333 335.208333    9.95 0.559   0.88 0.559 0.024 0.559000 99.99 0.559259  0.112 0.559   0.412 0.000   0.577 0.000   4.990 0.000   2.315 0.000   2.675 0.559 0.015 0.559  0.402 0.559
337.208333 338.208333   16.73 0.559   1.96 0.559 9.999 0.559259  0.12 0.559000  0.520 0.559   1.259 0.000   1.762 0.000  10.354 0.000   3.070 0.000   7.285 0.559 0.037 0.559  0.540 0.559
340.208333 341.208333   35.98 0.000  10.02 0.000 9.999 0.259000  0.36 0.000000  1.111 0.559   4.453 0.000   6.235 0.000  23.302 0.000   3.336 0.000  19.965 0.000 0.117 0.000  1.601 0.559
343.208333 344.208333   72.82 0.000   4.67 0.000 9.999 0.259000  0.87 0.000000  1.716 0.559   4.493 0.000   6.290 0.000  29.108 0.000   7.552 0.000  21.557 0.000 0.121 0.000  0.929 0.559
346.208333 347.208333   26.00 0.000   5.50 0.000 9.999 0.259000  0.97 0.000000  0.929 0.000   1.678 0.000   2.349 0.000  15.428 0.000   0.761 0.000  14.667 0.000 0.057 0.000  1.273 0.000
349.208333 350.208333    9.82 0.559   1.49 0.559 9.999 0.559259 99.99 0.559259  0.224 0.000   0.795 0.000   1.113 0.000   5.250 0.000   1.220 0.000   4.029 0.559 0.018 0.559  0.561 0.000
352.208333 353.208333   62.59 0.000   3.43 0.000 9.999 0.259000  3.09 0.000000  0.901 0.000   3.518 0.000   4.925 0.000  22.996 0.000   8.588 0.000  14.408 0.000 0.070 0.000  0.697 0.000
355.208333 356.208333    9.77 0.000   1.02 0.000 9.999 0.259000  0.13 0.000000  0.108 0.000   0.938 0.000   1.314 0.000   6.410 0.000   2.578 0.000   3.832 0.000 0.024 0.000  0.455 0.000
358.208333 359.208333    3.91 0.000   1.21 0.000 9.999 0.259000  0.43 0.000000  0.392 0.000   0.679 0.000   0.951 0.000   5.863 0.000   0.481 0.000   5.382 0.000 0.015 0.000  0.558 0.000
361.208333 362.208333   17.63 0.559   5.00 0.559 9.999 0.559259 99.99 0.559259  0.281 0.000   1.301 0.000   1.822 0.000  12.483 0.000   2.081 0.000  10.402 0.559 0.036 0.559  1.727 0.000
364.208333 365.208333   70.52 0.000   7.44 0.000 9.999 0.259000  0.83 0.000000  2.361 0.000   4.524 0.000   6.334 0.000  35.297 0.000   4.907 0.000  30.390 0.000 0.136 0.000  1.729 0.000
