scripts/IMPROVE-2019_partial/data/US3900R.20090101050000.20191216000000.filterpack...52w.3d.US03L_filterpack_US3900.US03L_IMPROVE_Davis.lev2.nas
51 1001
MISSING INFORMATION
US03L, IMPROVE, , , , , , , 
MISSING INFORMATION
IMPROVE sel_HTAP
1 1
2009 01 01 2019 12 16
3.000000
days from file reference point
4
1 1 1 1
999.999999 999.999 999.999 9.999
end_time of measurement, days from the file reference point
pm10_mass, ug/m3, Matrix=pm10
pm25_mass, ug/m3, Matrix=pm25
numflag, no unit
0
33
Data definition:              EBAS_1.1
Set type code:                TU
Timezone:                     UTC
File name:                    US3900R.20090101050000.20191216000000.filterpack...52w.3d.US03L_filterpack_US3900.US03L_IMPROVE_Davis.lev2.nas
File creation:                20191218120425
Startdate:                    20090101050000
Revision date:                20191216000000
Version:                      2
Version description:          "Data extracted from http://views.cira.colostate.edu/fed/DataWizard 2019-12-16"
Statistics:                   arithmetic mean
Data level:                   2
Period code:                  52w
Resolution code:              3d
Sample duration:              1d
Orig. time res.:              3d
Station code:                 US3900R
Platform code:                US3900S
Station name:                 Arendtsville (PA00)
Station latitude:             39.9231
Station longitude:            -77.3078
Station altitude:             269.0 m
Regime:                       IMG
Component:                    
Unit:                         ug/m3
Matrix:                       
Laboratory code:              US03L
Instrument type:              filterpack
Instrument name:              filterpack_US3900
Method ref:                   US03L_IMPROVE_Davis
Blank correction:             Blank corrected
Volume std. temperature:      ambient
Volume std. pressure:         ambient
starttime endtime PM10 PM2.5 flag
  0.208333   1.208333   4.168   3.179 0.000
  3.208333   4.208333  12.343  10.268 0.000
  6.208333   7.208333   6.042   6.100 0.000
  9.208333  10.208333  22.109  19.898 0.000
 12.208333  13.208333  17.127  15.361 0.000
 15.208333  16.208333   8.218   5.996 0.000
 18.208333  19.208333  21.527  20.499 0.000
 21.208333  22.208333  15.397  11.280 0.000
 24.208333  25.208333  10.288   7.582 0.000
 27.208333  28.208333  13.793  13.560 0.000
 30.208333  31.208333   9.284   7.439 0.000
 33.208333  34.208333   9.433   8.035 0.000
 36.208333  37.208333  15.440  10.594 0.000
 39.208333  40.208333  14.891  11.713 0.000
 42.208333  43.208333   7.020   3.498 0.000
 45.208333  46.208333   5.347   4.314 0.000
 48.208333  49.208333  15.386  13.136 0.000
 51.208333  52.208333  12.023   9.799 0.000
 54.208333  55.208333   5.091   3.300 0.000
 57.208333  58.208333  16.662  13.725 0.000
 60.208333  61.208333   7.425   3.346 0.000
 63.208333  64.208333  19.807  14.765 0.000
 66.208333  67.208333  12.902   8.656 0.000
 69.208333  70.208333  12.389   6.766 0.000
 72.208333  73.208333  24.214  21.767 0.000
 75.208333  76.208333  22.037  20.443 0.000
 78.208333  79.208333   6.837   5.257 0.000
 81.208333  82.208333   6.248   3.866 0.000
 84.208333  85.208333  10.842   9.862 0.000
 87.208333  88.208333   5.001   4.228 0.000
 90.208333  91.208333  11.504  10.129 0.000
 93.208333  94.208333   5.243   4.540 0.000
 96.208333  97.208333   4.417   4.168 0.000
 99.208333 100.208333  18.710  13.292 0.000
102.208333 103.208333   6.558   4.377 0.000
105.208333 106.208333   7.987   5.203 0.000
108.208333 109.208333  14.334   9.418 0.000
111.208333 112.208333   5.558   4.260 0.000
114.208333 115.208333  15.588  10.234 0.000
117.208333 118.208333  17.550   8.017 0.000
120.208333 121.208333  19.144  13.139 0.000
123.208333 124.208333   8.165   7.489 0.000
126.208333 127.208333  11.379   8.592 0.000
129.208333 130.208333  10.639   7.425 0.000
132.208333 133.208333  19.230   9.968 0.000
135.208333 136.208333  18.301  13.842 0.000
138.208333 139.208333  10.839   5.655 0.000
141.208333 142.208333  22.911  12.523 0.000
144.208333 145.208333  20.513  14.876 0.000
147.208333 148.208333  26.670  19.504 0.000
150.208333 151.208333  11.826   6.912 0.000
153.208333 154.208333  12.502   8.460 0.000
156.208333 157.208333   8.188   4.758 0.000
159.208333 160.208333  24.514  18.067 0.000
162.208333 163.208333  13.431   8.934 0.000
165.208333 166.208333  13.579   7.875 0.000
168.208333 169.208333  10.086   6.808 0.000
171.208333 172.208333   6.321   3.739 0.000
174.208333 175.208333  12.658   5.355 0.000
177.208333 178.208333  13.407   9.129 0.000
180.208333 181.208333  13.572   8.523 0.000
183.208333 184.208333   9.849   7.182 0.000
186.208333 187.208333  16.076  11.333 0.000
189.208333 190.208333  12.885   7.409 0.000
192.208333 193.208333  16.849  11.693 0.000
195.208333 196.208333  14.253   7.542 0.000
198.208333 199.208333  13.051   7.853 0.000
201.208333 202.208333  19.467  15.322 0.000
204.208333 205.208333 999.999 999.999 0.999
207.208333 208.208333 999.999 999.999 0.999
210.208333 211.208333  19.073  15.161 0.000
213.208333 214.208333  11.619   9.384 0.000
216.208333 217.208333  22.843  18.013 0.000
219.208333 220.208333  15.848  11.845 0.000
222.208333 223.208333  15.326  11.978 0.000
225.208333 226.208333  17.682  12.865 0.000
228.208333 229.208333  18.945  12.180 0.000
231.208333 232.208333  12.336   7.487 0.000
234.208333 235.208333  17.271  11.617 0.000
237.208333 238.208333  25.723  19.813 0.000
240.208333 241.208333  15.138  11.199 0.000
243.208333 244.208333   6.257   3.481 0.000
246.208333 247.208333  12.930   7.190 0.000
249.208333 250.208333  18.963   9.240 0.000
252.208333 253.208333  14.347   6.763 0.000
255.208333 256.208333   8.337   4.037 0.000
258.208333 259.208333  12.922   7.593 0.000
261.208333 262.208333   7.585   3.542 0.000
264.208333 265.208333  12.632   6.567 0.000
267.208333 268.208333   9.213   4.890 0.000
270.208333 271.208333  13.365   6.575 0.000
273.208333 274.208333   7.479   4.052 0.000
276.208333 277.208333   9.912   4.759 0.000
279.208333 280.208333  10.997   3.934 0.000
282.208333 283.208333   6.474   2.911 0.000
285.208333 286.208333 999.999 999.999 0.999
288.208333 289.208333   1.525   1.230 0.000
291.208333 292.208333   6.914   4.887 0.000
294.208333 295.208333  20.324   7.063 0.000
297.208333 298.208333   5.022   3.246 0.000
300.208333 301.208333   4.253   2.688 0.000
303.208333 304.208333 999.999 999.999 0.999
306.208333 307.208333 999.999 999.999 0.999
309.208333 310.208333   3.253   1.649 0.000
312.208333 313.208333  29.490  20.169 0.000
315.208333 316.208333   5.340   2.225 0.000
318.208333 319.208333  10.983   7.888 0.000
321.208333 322.208333  16.097   6.792 0.000
324.208333 325.208333   8.578   7.000 0.000
327.208333 328.208333 999.999 999.999 0.999
330.208333 331.208333 999.999 999.999 0.999
333.208333 334.208333   3.951   2.625 0.000
336.208333 337.208333   3.437   2.319 0.000
339.208333 340.208333  13.555  11.670 0.000
342.208333 343.208333   4.908   2.482 0.000
345.208333 346.208333   9.551   6.591 0.000
348.208333 349.208333   8.327   4.630 0.000
351.208333 352.208333  13.157   8.337 0.000
354.208333 355.208333   8.558   7.124 0.000
357.208333 358.208333  18.110   7.246 0.000
360.208333 361.208333   6.527   3.587 0.000
363.208333 364.208333  10.407   4.366 0.000
