scripts/IMPROVE-2019_partial/data/US3900R.20080101050000.20191216000000.filterpack...52w.3d.US03L_filterpack_US3900.US03L_IMPROVE_Davis.lev2.nas
51 1001
MISSING INFORMATION
US03L, IMPROVE, , , , , , , 
MISSING INFORMATION
IMPROVE sel_HTAP
1 1
2008 01 01 2019 12 16
3.000000
days from file reference point
4
1 1 1 1
999.999999 999.999 999.999 9.999
end_time of measurement, days from the file reference point
pm10_mass, ug/m3, Matrix=pm10
pm25_mass, ug/m3, Matrix=pm25
numflag, no unit
0
33
Data definition:              EBAS_1.1
Set type code:                TU
Timezone:                     UTC
File name:                    US3900R.20080101050000.20191216000000.filterpack...52w.3d.US03L_filterpack_US3900.US03L_IMPROVE_Davis.lev2.nas
File creation:                20191218120425
Startdate:                    20080101050000
Revision date:                20191216000000
Version:                      2
Version description:          "Data extracted from http://views.cira.colostate.edu/fed/DataWizard 2019-12-16"
Statistics:                   arithmetic mean
Data level:                   2
Period code:                  52w
Resolution code:              3d
Sample duration:              1d
Orig. time res.:              3d
Station code:                 US3900R
Platform code:                US3900S
Station name:                 Arendtsville (PA00)
Station latitude:             39.9231
Station longitude:            -77.3078
Station altitude:             269.0 m
Regime:                       IMG
Component:                    
Unit:                         ug/m3
Matrix:                       
Laboratory code:              US03L
Instrument type:              filterpack
Instrument name:              filterpack_US3900
Method ref:                   US03L_IMPROVE_Davis
Blank correction:             Blank corrected
Volume std. temperature:      ambient
Volume std. pressure:         ambient
starttime endtime PM10 PM2.5 flag
  0.208333   1.208333   9.431   8.934 0.000
  3.208333   4.208333  12.973   8.728 0.000
  6.208333   7.208333  13.344  10.935 0.000
  9.208333  10.208333   9.171   6.957 0.000
 12.208333  13.208333  14.357  12.599 0.000
 15.208333  16.208333   9.543   9.157 0.000
 18.208333  19.208333   9.435   7.832 0.000
 21.208333  22.208333  16.167  11.944 0.000
 24.208333  25.208333   9.767   7.511 0.000
 27.208333  28.208333  20.470  18.635 0.000
 30.208333  31.208333  10.132   6.746 0.000
 33.208333  34.208333  15.575  14.677 0.000
 36.208333  37.208333   8.351   6.563 0.000
 39.208333  40.208333  14.679  13.442 0.000
 42.208333  43.208333  17.544  15.798 0.000
 45.208333  46.208333  14.277  11.771 0.000
 48.208333  49.208333   7.210   5.791 0.000
 51.208333  52.208333   8.373   6.328 0.000
 54.208333  55.208333  14.721  12.865 0.000
 57.208333  58.208333   6.926   5.872 0.000
 60.208333  61.208333   8.978 999.999 0.000
 63.208333  64.208333  13.506 999.999 0.000
 66.208333  67.208333  20.663 999.999 0.000
 69.208333  70.208333  15.766 999.999 0.000
 72.208333  73.208333  14.598  10.586 0.000
 75.208333  76.208333   8.893   7.461 0.000
 78.208333  79.208333  17.495  14.945 0.000
 81.208333  82.208333   5.840   4.238 0.000
 84.208333  85.208333  11.275   7.536 0.000
 87.208333  88.208333  21.758  18.071 0.000
 90.208333  91.208333   6.684   4.411 0.000
 93.208333  94.208333  10.052   5.791 0.000
 96.208333  97.208333  11.704   9.839 0.000
 99.208333 100.208333  23.503  16.746 0.000
102.208333 103.208333   8.460   5.252 0.000
105.208333 106.208333   5.712   2.747 0.000
108.208333 109.208333  23.115  15.349 0.000
111.208333 112.208333  25.369  13.456 0.000
114.208333 115.208333  15.158   8.114 0.000
117.208333 118.208333  23.821  19.211 0.000
120.208333 121.208333  13.533   9.718 0.000
123.208333 124.208333  45.945  39.246 0.000
126.208333 127.208333  20.587  12.183 0.000
129.208333 130.208333   8.998   5.003 0.000
132.208333 133.208333   4.871   2.876 0.000
135.208333 136.208333  15.651   9.812 0.000
138.208333 139.208333  11.977   6.809 0.000
141.208333 142.208333  12.331   6.425 0.000
144.208333 145.208333   7.734   3.758 0.000
147.208333 148.208333  18.846  13.531 0.000
150.208333 151.208333  20.486  11.193 0.000
153.208333 154.208333   9.540   5.655 0.000
156.208333 157.208333  22.023  14.856 0.000
159.208333 160.208333  22.249  15.216 0.000
162.208333 163.208333  13.235   6.559 0.000
165.208333 166.208333  28.810  22.108 0.000
168.208333 169.208333  12.629   7.255 0.000
171.208333 172.208333  19.313  10.679 0.000
174.208333 175.208333  16.660  10.325 0.000
177.208333 178.208333  25.514  19.061 0.000
180.208333 181.208333   9.146   5.856 0.000
183.208333 184.208333  14.234   9.807 0.000
186.208333 187.208333  23.216  18.980 0.000
189.208333 190.208333  21.608  15.848 0.000
192.208333 193.208333  19.002  13.418 0.000
195.208333 196.208333  15.045   9.945 0.000
198.208333 199.208333  34.095  24.273 0.000
201.208333 202.208333  30.994  23.952 0.000
204.208333 205.208333   7.763   4.806 0.000
207.208333 208.208333  19.352 999.999 0.000
210.208333 211.208333  25.980 999.999 0.000
213.208333 214.208333  22.479 999.999 0.000
216.208333 217.208333  12.158 999.999 0.000
219.208333 220.208333  11.553   7.723 0.000
222.208333 223.208333  14.004  11.315 0.000
225.208333 226.208333  14.512  10.780 0.000
228.208333 229.208333  10.049   7.477 0.000
231.208333 232.208333  20.977  14.393 0.000
234.208333 235.208333  17.448  10.752 0.000
237.208333 238.208333  14.432   8.937 0.000
240.208333 241.208333  11.138   5.846 0.000
243.208333 244.208333  11.863   7.776 0.000
246.208333 247.208333  18.907  13.552 0.000
249.208333 250.208333   8.594   5.392 0.000
252.208333 253.208333  13.787  10.641 0.000
255.208333 256.208333   9.041   5.182 0.000
258.208333 259.208333   8.958   4.487 0.000
261.208333 262.208333  12.104   6.987 0.000
264.208333 265.208333  20.378  15.260 0.000
267.208333 268.208333  14.323   7.139 0.000
270.208333 271.208333   3.338   2.374 0.000
273.208333 274.208333  16.164  11.635 0.000
276.208333 277.208333   8.533   4.742 0.000
279.208333 280.208333   8.887   5.973 0.000
282.208333 283.208333  15.083  11.109 0.000
285.208333 286.208333  13.586   8.164 0.000
288.208333 289.208333  18.614  13.014 0.000
291.208333 292.208333   5.178   2.348 0.000
294.208333 295.208333   8.906   4.054 0.000
297.208333 298.208333  15.194   7.387 0.000
300.208333 301.208333  10.899   4.041 0.000
303.208333 304.208333   3.796   2.470 0.000
306.208333 307.208333  15.057   9.543 0.000
309.208333 310.208333  17.361  11.956 0.000
312.208333 313.208333  12.498   7.408 0.000
315.208333 316.208333  10.964   5.702 0.000
318.208333 319.208333   5.545   3.456 0.000
321.208333 322.208333   5.542   4.670 0.000
324.208333 325.208333   8.741   6.276 0.000
327.208333 328.208333  12.304   8.874 0.000
330.208333 331.208333   5.619   4.515 0.000
333.208333 334.208333  10.012   7.772 0.000
336.208333 337.208333   5.728   4.878 0.000
339.208333 340.208333   8.379   6.522 0.000
342.208333 343.208333   8.449   5.083 0.000
345.208333 346.208333   2.167   1.894 0.000
348.208333 349.208333  12.842  10.431 0.000
351.208333 352.208333   4.961   4.094 0.000
354.208333 355.208333  13.089   9.982 0.000
357.208333 358.208333  15.174  10.093 0.000
360.208333 361.208333  15.752  12.485 0.000
363.208333 364.208333   4.836   2.847 0.000
