scripts/IMPROVE-2019_partial/data/US3900R.20030103050000.20191216000000.filterpack..pm25.1y.1w.US03L_filterpack_US3900.US03L_IMPROVE_Davis.lev2.nas
64 1001
MISSING INFORMATION
US03L, IMPROVE, , , , , , , 
MISSING INFORMATION
IMPROVE sel_HTAP
1 1
2003 01 01 2019 12 16
3.000000
days from file reference point
25
1 1 1 1 1 1 1 1 1 1 1 1 1 1 1 1 1 1 1 1 1 1 1 1 1
999.999999 9999.99 9.999 99.99 9.999 9.999 9.999999 99.99 9.999999 99.999 9.999 99.999 9.999 999.999 9.999 999.999 9.999 999.999 9.999 999.999 9.999 9.999 9.999 999.999 9.999
end_time of measurement, days from the file reference point
iron, ng/m3, Revision date=20181210133000
numflag iron, no unit, Revision date=20181210133000
lead, ng/m3, Revision date=20181210133000
numflag lead, no unit, Revision date=20181210133000
magnesium, ug/m3, Revision date=20181210133000
numflag magnesium, no unit, Revision date=20181210133000
nickel, ng/m3, Revision date=20181210133000
numflag nickel, no unit, Revision date=20181210133000
nitrate, ug N/m3, Revision date=20181210133000
numflag nitrate, no unit, Revision date=20181210133000
organic_carbon, ug C/m3, Revision date=20181210133000
numflag organic_carbon, no unit, Revision date=20181210133000
organic_mass, ug/m3, Revision date=20181210133000
numflag organic_mass, no unit, Revision date=20181210133000
pm10_mass, ug/m3, Version=2, Version description=Data extracted from http://views.cira.colostate.edu/fed/DataWizard 2019-12-16, Sample duration=1d, Orig. time res.=3d, Matrix=pm10, Blank correction=Blank corrected, Volume std. temperature=ambient, Volume std. pressure=ambient
numflag pm10_mass, no unit, Version=2, Version description=Data extracted from http://views.cira.colostate.edu/fed/DataWizard 2019-12-16, Sample duration=1d, Orig. time res.=3d, Matrix=pm10, Blank correction=Blank corrected, Volume std. temperature=ambient, Volume std. pressure=ambient
pm10_pm25_mass, ug/m3, Revision date=20181210133000, Matrix=pm10_pm25
numflag pm10_pm25_mass, no unit, Revision date=20181210133000, Matrix=pm10_pm25
pm25_mass, ug/m3, Version=2, Version description=Data extracted from http://views.cira.colostate.edu/fed/DataWizard 2019-12-16, Sample duration=1d, Orig. time res.=3d, Blank correction=Blank corrected, Volume std. temperature=ambient, Volume std. pressure=ambient
numflag pm25_mass, no unit, Version=2, Version description=Data extracted from http://views.cira.colostate.edu/fed/DataWizard 2019-12-16, Sample duration=1d, Orig. time res.=3d, Blank correction=Blank corrected, Volume std. temperature=ambient, Volume std. pressure=ambient
potassium, ug/m3, Revision date=20181210133000
numflag potassium, no unit, Revision date=20181210133000
sulphate_total, ug S/m3, Revision date=20181210133000
numflag sulphate_total, no unit, Revision date=20181210133000
0
25
Data definition:              EBAS_1.1
Set type code:                TU
Timezone:                     UTC
File name:                    US3900R.20030103050000.20191216000000.filterpack..pm25.1y.1w.US03L_filterpack_US3900.US03L_IMPROVE_Davis.lev2.nas
File creation:                20191218120424
Startdate:                    20030103050000
Revision date:                20191216000000
Statistics:                   arithmetic mean
Data level:                   2
Period code:                  1y
Resolution code:              1w
Station code:                 US3900R
Platform code:                US3900S
Station name:                 Arendtsville (PA00)
Station latitude:             39.9231
Station longitude:            -77.3078
Station altitude:             269.0 m
Regime:                       IMG
Component:                    
Matrix:                       pm25
Laboratory code:              US03L
Instrument type:              filterpack
Instrument name:              filterpack_US3900
Method ref:                   US03L_IMPROVE_Davis
starttime endtime Fe flag_Fe Pb flag_Pb Mg++ flag_Mg++ Ni flag_Ni NO3- flag_NO3- OC flag_OC OM flag_OM PM10 flag_PM10 PM10-PM2.5 flag_PM10-PM2.5 PM2.5 flag_PM2.5 K+ flag_K+ SO4-- flag_SO4--
[from data line 87]
263.208333 264.208333   17.77 0.000  4.93 0.000 0.034 0.000000  0.26 0.000000  0.325 0.000  2.230 0.000   3.122 0.000  18.135 0.000   5.939 0.000  12.196 0.000 0.043 0.000   1.524 0.000
266.208333 267.208333   29.48 0.000  2.35 0.000 9.999 0.259000  0.10 0.000000  0.062 0.559  1.083 0.000   1.516 0.000  15.278 0.000   6.143 0.000   9.134 0.000 0.027 0.000   1.259 0.559
269.208333 270.208333   26.36 0.000  2.46 0.000 9.999 0.259000  0.84 0.000000  0.572 0.000  2.251 0.000   3.151 0.000  21.944 0.000   4.539 0.000  17.405 0.000 0.044 0.000   2.415 0.000
272.208333 273.208333   13.26 0.000  1.35 0.000 9.999 0.259000  0.06 0.000000  0.091 0.559  0.744 0.000   1.041 0.000   8.341 0.000   2.686 0.000   5.655 0.000 0.020 0.000   0.807 0.559
275.208333 276.208333   15.49 0.559  1.12 0.559 9.999 0.559259  0.20 0.559000  0.069 0.000  0.815 0.000   1.142 0.000   7.304 0.000   3.931 0.000   3.372 0.559 0.016 0.559   0.314 0.000
278.208333 279.208333   11.67 0.000  2.27 0.000 9.999 0.259000  0.11 0.000000  0.065 0.000  1.001 0.000   1.402 0.000   7.743 0.000   2.181 0.000   5.561 0.000 0.025 0.000   0.658 0.000
281.208333 282.208333   39.04 0.000  3.22 0.000 9.999 0.259000  0.15 0.000000  0.199 0.000  3.027 0.000   4.237 0.000  26.200 0.000   6.825 0.000  19.374 0.000 0.052 0.000   2.361 0.000
284.208333 285.208333   32.75 0.000  3.55 0.000 9.999 0.259000  0.53 0.000000  0.083 0.000  2.337 0.000   3.272 0.000  22.183 0.000   6.251 0.000  15.931 0.000 0.055 0.000   2.260 0.000
287.208333 288.208333   12.05 0.000  0.78 0.000 9.999 0.259000  0.15 0.000000  0.018 0.000  0.528 0.000   0.739 0.000   8.770 0.000   4.918 0.000   3.852 0.000 0.010 0.000   0.521 0.000
290.208333 291.208333   14.74 0.000  2.70 0.000 9.999 0.259000  0.10 0.000000  0.229 0.000  1.148 0.000   1.607 0.000   8.222 0.000   2.228 0.000   5.994 0.000 0.038 0.000   0.742 0.000
293.208333 294.208333   49.60 0.000  3.55 0.000 9.999 0.259000  0.28 0.000000  0.320 0.000  3.148 0.000   4.407 0.000  25.384 0.000   9.743 0.000  15.641 0.000 0.098 0.000   1.812 0.000
296.208333 297.208333   26.58 0.000  2.79 0.000 9.999 0.259000  0.21 0.000000  0.276 0.000  0.811 0.000   1.135 0.000   9.152 0.000   2.982 0.000   6.170 0.000 0.022 0.000   0.712 0.000
299.208333 300.208333    8.03 0.000  1.39 0.000 0.029 0.000000  0.16 0.000000  0.105 0.000  0.646 0.000   0.905 0.000   5.987 0.000   1.367 0.000   4.620 0.000 0.018 0.000   0.632 0.000
302.208333 303.208333   31.30 0.000  2.33 0.000 0.028 0.000000  0.11 0.000000  0.126 0.000  1.080 0.000   1.512 0.000  13.929 0.000   7.590 0.000   6.339 0.000 0.028 0.000   0.691 0.000
305.208333 306.208333   32.21 0.000  2.02 0.000 9.999 0.259000  0.22 0.000000  0.133 0.559  2.738 0.000   3.834 0.000  25.556 0.000   7.454 0.000  18.102 0.000 0.090 0.000   2.976 0.559
308.208333 309.208333   13.13 0.000  5.39 0.000 0.018 0.000000  0.82 0.000000  0.359 0.000  1.377 0.000   1.928 0.000  11.309 0.000   4.045 0.000   7.264 0.000 0.026 0.000   0.837 0.000
311.208333 312.208333   15.84 0.559  1.90 0.559 0.029 0.559000  0.11 0.559000  0.297 0.559  1.209 0.000   1.692 0.000   8.309 0.000   3.044 0.000   5.265 0.559 0.031 0.559   0.463 0.559
314.208333 315.208333   54.86 0.000  5.79 0.000 9.999 0.259000  1.15 0.000000  0.903 0.000  3.765 0.000   5.271 0.000  20.633 0.000   5.534 0.000  15.099 0.000 0.073 0.000   0.647 0.000
317.208333 318.208333   14.56 0.559  1.46 0.559 9.999 0.559259  0.07 0.559000  0.126 0.000  0.529 0.000   0.741 0.000   5.821 0.000   3.231 0.000   2.590 0.559 0.016 0.559   0.287 0.000
320.208333 321.208333   26.37 0.000  4.34 0.000 9.999 0.259000  0.16 0.000000  0.711 0.000  2.882 0.000   4.034 0.000  16.899 0.000   3.358 0.000  13.542 0.000 0.055 0.000   1.238 0.000
323.208333 324.208333   22.61 0.000  1.48 0.000 9.999 0.259000  0.22 0.000000  0.130 0.000  1.098 0.000   1.537 0.000   5.707 0.000   1.862 0.000   3.845 0.000 0.020 0.000   0.374 0.000
326.208333 327.208333  118.07 0.000  8.63 0.000 9.999 0.259000  1.36 0.000000  1.457 0.000  3.616 0.000   5.062 0.000  26.172 0.000   6.123 0.000  20.049 0.000 0.105 0.000   1.157 0.000
329.208333 330.208333   39.05 0.000  2.67 0.000 9.999 0.259000  0.08 0.000000  0.594 0.000  3.119 0.000   4.367 0.000  17.038 0.000   4.573 0.000  12.465 0.000 0.063 0.000   0.758 0.000
332.208333 333.208333    6.96 0.000  0.96 0.000 9.999 0.259000  0.06 0.000000  0.105 0.000  0.594 0.000   0.831 0.000   5.459 0.000   1.166 0.000   4.293 0.000 0.012 0.000   0.635 0.000
335.208333 336.208333   10.15 0.559  0.69 0.559 9.999 0.559259  0.12 0.559000  0.074 0.559  0.426 0.000   0.597 0.000   4.056 0.000   2.109 0.000   1.948 0.559 0.012 0.559   0.210 0.559
338.208333 339.208333   36.82 0.000  3.89 0.000 9.999 0.259000  3.53 0.000000  0.652 0.000  1.763 0.000   2.469 0.000  15.237 0.000   1.953 0.000  13.284 0.000 0.048 0.000   1.141 0.000
341.208333 342.208333   14.81 0.559  2.75 0.559 9.999 0.559259  0.16 0.559000  0.356 0.000  1.405 0.000   1.966 0.000   7.590 0.000   2.098 0.000   5.493 0.559 0.026 0.559   0.337 0.000
344.208333 345.208333   18.74 0.000  1.17 0.000 9.999 0.259000  0.43 0.000000  0.068 0.000  0.607 0.000   0.849 0.000   5.388 0.000   1.930 0.000   3.458 0.000 0.012 0.000   0.641 0.000
347.208333 348.208333   33.62 0.000  1.76 0.000 9.999 0.259000  1.62 0.000000  0.637 0.000  1.348 0.000   1.887 0.000  12.549 0.000   4.887 0.000   7.662 0.000 0.033 0.000   0.484 0.000
350.208333 351.208333   16.05 0.559  1.02 0.559 9.999 0.559259  0.22 0.559000  0.312 0.000  1.583 0.000   2.217 0.000   8.590 0.000   0.846 0.000   7.745 0.559 0.032 0.559   0.921 0.000
353.208333 354.208333   21.68 0.559  2.00 0.559 9.999 0.559259  0.26 0.559000  0.453 0.559  1.359 0.000   1.903 0.000   8.075 0.000   0.931 0.000   7.144 0.559 0.029 0.559   0.791 0.559
356.208333 357.208333   41.63 0.000  2.22 0.000 9.999 0.259000  0.67 0.000000  0.340 0.000  3.122 0.000   4.370 0.000  16.226 0.000   6.284 0.000   9.941 0.000 0.089 0.000   0.739 0.000
359.208333 360.208333   16.73 0.559  1.66 0.559 9.999 0.559259  0.15 0.559000  0.133 0.000  1.022 0.000   1.431 0.000   7.712 0.000   1.618 0.000   6.094 0.559 0.021 0.559   1.033 0.000
362.208333 363.208333   64.70 0.000  7.23 0.000 9.999 0.259000  0.75 0.000000  0.893 0.000  5.271 0.000   7.380 0.000  22.368 0.000   5.282 0.000  17.085 0.000 0.113 0.000   0.933 0.000
