scripts/IMPROVE-2019_partial/data/US4205R.20140102050000.20191216000000.filterpack...52w.3d.US03L_filterpack_US4205.US03L_IMPROVE_Davis.lev2.nas
52 1001
MISSING INFORMATION
US03L, IMPROVE, , , , , , , 
MISSING INFORMATION
IMPROVE sel_HTAP
1 1
2014 01 01 2019 12 16
3.000000
days from file reference point
5
1 1 1 1 1
999.999999 999.999 9.999 999.999 9.999
end_time of measurement, days from the file reference point
pm10_mass, ug/m3, Matrix=pm10
numflag pm10_mass, no unit, Matrix=pm10
pm25_mass, ug/m3, Matrix=pm25
numflag pm25_mass, no unit, Matrix=pm25
0
33
Data definition:              EBAS_1.1
Set type code:                TU
Timezone:                     UTC
File name:                    US4205R.20140102050000.20191216000000.filterpack...52w.3d.US03L_filterpack_US4205.US03L_IMPROVE_Davis.lev2.nas
File creation:                20191218120431
Startdate:                    20140102050000
Revision date:                20191216000000
Version:                      2
Version description:          "Data extracted from http://views.cira.colostate.edu/fed/DataWizard 2019-12-16"
Statistics:                   arithmetic mean
Data level:                   2
Period code:                  52w
Resolution code:              3d
Sample duration:              1d
Orig. time res.:              3d
Station code:                 US4205R
Platform code:                US4205S
Station name:                 Cape Romain National Wildlife Refuge
Station latitude:             32.9419
Station longitude:            -79.6591
Station altitude:             3.0 m
Regime:                       IMG
Component:                    
Unit:                         ug/m3
Matrix:                       
Laboratory code:              US03L
Instrument type:              filterpack
Instrument name:              filterpack_US4205
Method ref:                   US03L_IMPROVE_Davis
Blank correction:             Blank corrected
Volume std. temperature:      ambient
Volume std. pressure:         ambient
starttime endtime PM10 flag_PM10 PM2.5 flag_PM2.5
  1.208333   2.208333   5.241 0.000   3.807 0.000
  4.208333   5.208333   8.830 0.000   5.489 0.000
  7.208333   8.208333   7.460 0.000   4.115 0.000
 10.208333  11.208333   7.856 0.000   4.364 0.000
 13.208333  14.208333   8.399 0.000   4.406 0.000
 16.208333  17.208333  13.163 0.000   6.247 0.000
 19.208333  20.208333  14.037 0.000   6.348 0.000
 22.208333  23.208333  12.083 0.000   6.549 0.000
 25.208333  26.208333  10.789 0.000   5.026 0.000
 28.208333  29.208333 999.999 0.999 999.999 0.999
 31.208333  32.208333  10.244 0.000   5.536 0.000
 34.208333  35.208333   9.733 0.000   5.992 0.000
 37.208333  38.208333   7.583 0.000   5.596 0.000
 40.208333  41.208333  14.285 0.000   9.920 0.000
 43.208333  44.208333   8.288 0.000   7.324 0.000
 46.208333  47.208333  10.266 0.000   7.328 0.000
 49.208333  50.208333  13.629 0.000   7.596 0.000
 52.208333  53.208333   7.532 0.000   3.252 0.000
 55.208333  56.208333  13.778 0.000   9.118 0.000
 58.208333  59.208333  13.685 0.000   7.589 0.000
 61.208333  62.208333  10.290 0.000   6.242 0.000
 64.208333  65.208333   7.662 0.000   5.014 0.000
 67.208333  68.208333  10.214 0.000   7.851 0.000
 70.208333  71.208333  13.310 0.000   7.888 0.000
 73.208333  74.208333  13.873 0.000   9.132 0.000
 76.208333  77.208333   3.167 0.000   2.105 0.000
 79.208333  80.208333  13.305 0.000   6.793 0.000
 82.208333  83.208333  12.721 0.000   7.463 0.000
 85.208333  86.208333  30.154 0.000   5.798 0.000
 88.208333  89.208333  14.110 0.000   2.084 0.000
 91.208333  92.208333  33.681 0.000  11.274 0.000
 94.208333  95.208333  19.859 0.000   7.060 0.000
 97.208333  98.208333  16.389 0.000   5.494 0.000
100.208333 101.208333  12.942 0.000   7.270 0.000
103.208333 104.208333  14.374 0.000   4.755 0.000
106.208333 107.208333  14.440 0.000   5.674 0.000
109.208333 110.208333   9.661 0.000   4.696 0.000
112.208333 113.208333  18.567 0.000  14.729 0.000
115.208333 116.208333  10.583 0.000   6.748 0.000
118.208333 119.208333  17.719 0.000   8.980 0.000
121.208333 122.208333  13.232 0.000   7.016 0.000
124.208333 125.208333  16.523 0.000   8.340 0.000
127.208333 128.208333  14.318 0.000   6.304 0.000
130.208333 131.208333  15.574 0.000   7.799 0.000
133.208333 134.208333  16.997 0.000   6.516 0.000
136.208333 137.208333  11.259 0.000   6.599 0.000
139.208333 140.208333  11.725 0.000   7.207 0.000
142.208333 143.208333  24.608 0.000  15.520 0.000
145.208333 146.208333  12.187 0.000   3.945 0.000
148.208333 149.208333 999.999 0.456   9.444 0.000
151.208333 152.208333  14.930 0.000   4.916 0.000
154.208333 155.208333  19.215 0.000   7.216 0.000
157.208333 158.208333  16.061 0.000   7.576 0.000
160.208333 161.208333  14.874 0.000   8.116 0.000
163.208333 164.208333  18.275 0.000   8.366 0.000
166.208333 167.208333  14.871 0.000   8.764 0.000
169.208333 170.208333  14.305 0.000   5.671 0.000
172.208333 173.208333  19.775 0.000   9.879 0.000
175.208333 176.208333  21.400 0.000   9.771 0.000
178.208333 179.208333  13.121 0.000   7.486 0.000
181.208333 182.208333   9.107 0.000   4.259 0.000
184.208333 185.208333  21.138 0.000  11.892 0.000
187.208333 188.208333  11.359 0.000   5.228 0.000
190.208333 191.208333  17.780 0.000   9.629 0.000
193.208333 194.208333   6.199 0.000   2.842 0.000
196.208333 197.208333  13.625 0.000   7.691 0.000
199.208333 200.208333  18.512 0.000   8.722 0.000
202.208333 203.208333  13.069 0.000   4.395 0.000
205.208333 206.208333  18.025 0.000   8.966 0.000
208.208333 209.208333  29.963 0.000  17.183 0.000
211.208333 212.208333  15.316 0.000   6.108 0.000
214.208333 215.208333   9.548 0.000   2.649 0.000
217.208333 218.208333 999.999 0.999 999.999 0.999
220.208333 221.208333  16.806 0.000  10.675 0.000
223.208333 224.208333  20.185 0.000   8.506 0.000
226.208333 227.208333  14.684 0.000   9.521 0.000
229.208333 230.208333  15.493 0.000   7.534 0.000
232.208333 233.208333  23.026 0.000  14.015 0.000
235.208333 236.208333  18.164 0.000   6.764 0.000
238.208333 239.208333  18.302 0.000   6.316 0.000
241.208333 242.208333   8.980 0.000   3.636 0.000
244.208333 245.208333  24.994 0.000   9.909 0.000
247.208333 248.208333  10.970 0.000   3.338 0.000
250.208333 251.208333  12.524 0.000   5.246 0.000
253.208333 254.208333  11.822 0.000   5.368 0.000
256.208333 257.208333  11.530 0.000   5.888 0.000
259.208333 260.208333  10.874 0.000   4.534 0.000
262.208333 263.208333  13.438 0.000   6.526 0.000
265.208333 266.208333  10.452 0.000   6.109 0.000
268.208333 269.208333   6.299 0.000   2.684 0.000
271.208333 272.208333   9.540 0.000   4.561 0.000
274.208333 275.208333  13.534 0.000   8.035 0.000
277.208333 278.208333   7.367 0.000   3.629 0.000
280.208333 281.208333  13.552 0.000   7.327 0.000
283.208333 284.208333  11.495 0.000   5.591 0.000
286.208333 287.208333  15.865 0.000   4.365 0.000
289.208333 290.208333   9.778 0.000   5.016 0.000
292.208333 293.208333  10.737 0.000   7.750 0.000
295.208333 296.208333  10.977 0.000   4.372 0.000
298.208333 299.208333  12.679 0.000   8.849 0.000
301.208333 302.208333  12.688 0.000   7.686 0.000
304.208333 305.208333   5.787 0.000   3.664 0.000
307.208333 308.208333  12.389 0.000   6.923 0.000
310.208333 311.208333   9.261 0.000   3.542 0.000
313.208333 314.208333  11.678 0.000   7.532 0.000
316.208333 317.208333  20.994 0.000  15.349 0.000
319.208333 320.208333   9.544 0.000   6.826 0.000
322.208333 323.208333   9.300 0.000   7.072 0.000
325.208333 326.208333  15.584 0.000 999.999 0.456
328.208333 329.208333  10.093 0.000   6.130 0.000
331.208333 332.208333   6.676 0.000   5.838 0.000
334.208333 335.208333   8.888 0.000   5.138 0.000
337.208333 338.208333  11.379 0.000   8.178 0.000
340.208333 341.208333   6.794 0.000   4.373 0.000
343.208333 344.208333   8.447 0.000   6.291 0.000
346.208333 347.208333  11.613 0.000   8.082 0.000
349.208333 350.208333  15.966 0.000  11.309 0.000
352.208333 353.208333  10.228 0.000   6.523 0.000
355.208333 356.208333   4.933 0.000   3.898 0.000
358.208333 359.208333 999.999 0.999 999.999 0.999
361.208333 362.208333 999.999 0.999 999.999 0.999
364.208333 365.208333   6.425 0.000   5.288 0.000
