scripts/IMPROVE-2019_partial/data/US4205R.20050101050000.20191216000000.filterpack..pm25.52w.1w.US03L_filterpack_US4205.US03L_IMPROVE_Davis.lev2.nas
68 1001
MISSING INFORMATION
US03L, IMPROVE, , , , , , , 
MISSING INFORMATION
IMPROVE sel_HTAP
1 1
2005 01 01 2019 12 16
3.000000
days from file reference point
29
1 1 1 1 1 1 1 1 1 1 1 1 1 1 1 1 1 1 1 1 1 1 1 1 1 1 1 1 1
999.999999 99.999 9.999 9999.99 9.999 99.99 9.999 9.999 9.999 99.99 9.999 9.999 9.999 99.999 9.999 999.999 9.999 99.99 9.999 999.999 9.999 999.999 9.999 999.999 9.999 9.999 9.999 99.999 9.999
end_time of measurement, days from the file reference point
ammonium, ug N/m3, Revision date=20181210133000
numflag ammonium, no unit, Revision date=20181210133000
iron, ng/m3, Revision date=20181210133000
numflag iron, no unit, Revision date=20181210133000
lead, ng/m3, Revision date=20181210133000
numflag lead, no unit, Revision date=20181210133000
magnesium, ug/m3, Revision date=20181210133000
numflag magnesium, no unit, Revision date=20181210133000
nickel, ng/m3, Revision date=20181210133000
numflag nickel, no unit, Revision date=20181210133000
nitrate, ug N/m3, Revision date=20181210133000
numflag nitrate, no unit, Revision date=20181210133000
organic_carbon, ug C/m3, Revision date=20181210133000
numflag organic_carbon, no unit, Revision date=20181210133000
organic_mass, ug/m3, Revision date=20181210133000
numflag organic_mass, no unit, Revision date=20181210133000
phosphorus, ng/m3, Revision date=20181210133000
numflag phosphorus, no unit, Revision date=20181210133000
pm10_mass, ug/m3, Version=2, Version description=Data extracted from http://views.cira.colostate.edu/fed/DataWizard 2019-12-16, Sample duration=1d, Orig. time res.=3d, Matrix=pm10, Blank correction=Blank corrected, Volume std. temperature=ambient, Volume std. pressure=ambient
numflag pm10_mass, no unit, Version=2, Version description=Data extracted from http://views.cira.colostate.edu/fed/DataWizard 2019-12-16, Sample duration=1d, Orig. time res.=3d, Matrix=pm10, Blank correction=Blank corrected, Volume std. temperature=ambient, Volume std. pressure=ambient
pm10_pm25_mass, ug/m3, Revision date=20181210133000, Matrix=pm10_pm25
numflag pm10_pm25_mass, no unit, Revision date=20181210133000, Matrix=pm10_pm25
pm25_mass, ug/m3, Version=2, Version description=Data extracted from http://views.cira.colostate.edu/fed/DataWizard 2019-12-16, Sample duration=1d, Orig. time res.=3d, Blank correction=Blank corrected, Volume std. temperature=ambient, Volume std. pressure=ambient
numflag pm25_mass, no unit, Version=2, Version description=Data extracted from http://views.cira.colostate.edu/fed/DataWizard 2019-12-16, Sample duration=1d, Orig. time res.=3d, Blank correction=Blank corrected, Volume std. temperature=ambient, Volume std. pressure=ambient
potassium, ug/m3, Revision date=20181210133000
numflag potassium, no unit, Revision date=20181210133000
sulphate_total, ug S/m3, Revision date=20181210133000
numflag sulphate_total, no unit, Revision date=20181210133000
0
25
Data definition:              EBAS_1.1
Set type code:                TU
Timezone:                     UTC
File name:                    US4205R.20050101050000.20191216000000.filterpack..pm25.52w.1w.US03L_filterpack_US4205.US03L_IMPROVE_Davis.lev2.nas
File creation:                20191218120430
Startdate:                    20050101050000
Revision date:                20191216000000
Statistics:                   arithmetic mean
Data level:                   2
Period code:                  52w
Resolution code:              1w
Station code:                 US4205R
Platform code:                US4205S
Station name:                 Cape Romain National Wildlife Refuge
Station latitude:             32.9419
Station longitude:            -79.6591
Station altitude:             3.0 m
Regime:                       IMG
Component:                    
Matrix:                       pm25
Laboratory code:              US03L
Instrument type:              filterpack
Instrument name:              filterpack_US4205
Method ref:                   US03L_IMPROVE_Davis
starttime endtime NH4+ flag_NH4+ Fe flag_Fe Pb flag_Pb Mg++ flag_Mg++ Ni flag_Ni NO3- flag_NO3- OC flag_OC OM flag_OM P flag_P PM10 flag_PM10 PM10-PM2.5 flag_PM10-PM2.5 PM2.5 flag_PM2.5 K+ flag_K+ SO4-- flag_SO4--
  0.208333   1.208333  0.917 0.000   15.40 0.000  3.61 0.000 0.014 0.000  0.44 0.000 0.081 0.000  2.640 0.000   4.751 0.000 99.99 0.259  13.266 0.000   1.418 0.000  11.845 0.000 0.180 0.000  1.246 0.000
  3.208333   4.208333  0.736 0.000   37.60 0.000  2.11 0.000 9.999 0.259  1.74 0.000 0.087 0.000  2.018 0.000   3.633 0.000 99.99 0.259   9.850 0.000   0.711 0.000   9.142 0.000 0.063 0.000  1.102 0.000
  6.208333   7.208333  0.383 0.000   14.62 0.000  1.39 0.000 9.999 0.259  1.72 0.000 0.243 0.000  2.793 0.000   5.028 0.000 99.99 0.259  13.442 0.000   4.105 0.000   9.335 0.000 0.088 0.000  0.678 0.000
  9.208333  10.208333  0.742 0.000   14.55 0.000  1.26 0.000 0.014 0.000  0.96 0.000 0.091 0.000  1.740 0.000   3.131 0.000 99.99 0.259   9.977 0.000   0.850 0.000   9.124 0.000 0.043 0.000  1.108 0.000
 12.208333  13.208333  0.066 0.000    1.21 0.000  0.39 0.000 0.187 0.000  0.74 0.000 0.061 0.000  0.237 0.000   0.427 0.000 99.99 0.259  17.300 0.000  10.676 0.000   6.623 0.000 0.055 0.000  0.368 0.000
 15.208333  16.208333  0.396 0.000   12.08 0.000  2.18 0.000 9.999 0.259  1.17 0.000 0.125 0.000  0.912 0.000   1.642 0.000 99.99 0.259   5.534 0.000   1.310 0.000   4.223 0.000 0.034 0.000  0.484 0.000
 18.208333  19.208333  0.616 0.000   26.07 0.000  2.14 0.000 9.999 0.259  0.61 0.000 0.299 0.000  4.291 0.000   7.724 0.000 99.99 0.259  12.964 0.000   2.275 0.000  10.684 0.000 0.077 0.000  0.547 0.000
 21.208333  22.208333  1.086 0.559   18.38 0.000  1.91 0.000 0.022 0.000  1.16 0.000 0.194 0.559  1.855 0.000   3.338 0.000 99.99 0.259  16.029 0.000   4.412 0.000  11.613 0.000 0.061 0.000  1.644 0.559
 24.208333  25.208333  0.546 0.000   36.87 0.000  1.86 0.000 9.999 0.259  0.62 0.000 0.217 0.000  5.126 0.000   9.228 0.000 99.99 0.259  17.963 0.000   4.090 0.000  13.908 0.000 0.117 0.000  0.574 0.000
 27.208333  28.208333  0.511 0.559   21.48 0.000  1.41 0.000 9.999 0.259  1.56 0.000 0.352 0.559  1.466 0.000   2.639 0.000 99.99 0.259  10.056 0.000   4.099 0.000   5.957 0.000 0.042 0.000  0.384 0.559
 30.208333  31.208333  1.092 0.000   14.52 0.000  1.65 0.000 9.999 0.259  1.09 0.000 0.252 0.000  1.928 0.000   3.470 0.000 99.99 0.259  10.914 0.000   1.460 0.000   9.452 0.000 0.046 0.000  1.181 0.000
 33.208333  34.208333  0.250 0.000    7.66 0.000  0.85 0.000 0.037 0.000  1.15 0.000 0.144 0.000  0.888 0.000   1.599 0.000 99.99 0.259   8.842 0.000   4.146 0.000   4.695 0.000 0.034 0.000  0.439 0.000
 36.208333  37.208333  0.748 0.000   30.62 0.000  3.09 0.000 0.018 0.000  2.42 0.000 0.342 0.000  2.121 0.000   3.817 0.000 99.99 0.259  15.468 0.000   5.648 0.000   9.818 0.000 0.079 0.000  0.936 0.000
 39.208333  40.208333  0.600 0.000   27.09 0.000  2.06 0.000 0.012 0.000  1.68 0.000 0.226 0.000  4.805 0.000   8.648 0.000 99.99 0.259  17.625 0.000   3.161 0.000  14.459 0.000 0.099 0.000  0.795 0.000
 42.208333  43.208333  0.493 0.000   47.24 0.000  4.06 0.000 9.999 0.259  2.26 0.000 0.195 0.000  3.887 0.000   6.997 0.000 99.99 0.259  13.460 0.000   2.492 0.000  10.964 0.000 0.075 0.000  0.607 0.000
 45.208333  46.208333  0.913 0.000   13.67 0.000  0.85 0.000 9.999 0.259  1.00 0.000 0.100 0.000  1.715 0.000   3.086 0.000 99.99 0.259  12.568 0.000   0.420 0.000  12.150 0.000 0.048 0.000  1.806 0.000
 48.208333  49.208333  0.560 0.000   25.05 0.000  1.49 0.000 0.008 0.000  0.38 0.000 0.138 0.000  3.711 0.000   6.680 0.000 99.99 0.259  12.831 0.000   2.951 0.000   9.880 0.000 0.045 0.000  0.621 0.000
 51.208333  52.208333  0.639 0.000   19.26 0.000  0.89 0.000 9.999 0.259  1.02 0.000 0.173 0.000  1.052 0.000   1.894 0.000 99.99 0.259  15.379 0.000   6.960 0.000   8.417 0.000 0.053 0.000  1.073 0.000
 54.208333  55.208333 99.999 0.259   15.13 0.000  1.81 0.000 9.999 0.259  0.99 0.000 0.135 0.000  1.294 0.000   2.329 0.000 99.99 0.259  13.934 0.000   2.898 0.000  11.033 0.000 0.064 0.000  1.810 0.000
 57.208333  58.208333 99.999 0.259   18.52 0.000  1.28 0.000 0.038 0.000  0.84 0.000 0.142 0.000  1.049 0.000   1.887 0.000 99.99 0.259  15.794 0.000   4.595 0.000  11.197 0.000 0.045 0.000  1.805 0.000
 60.208333  61.208333 99.999 0.259   51.09 0.000  2.99 0.000 9.999 0.259  0.60 0.000 0.115 0.000  3.128 0.000   5.630 0.000 99.99 0.259  12.088 0.000   1.785 0.000  10.300 0.000 0.051 0.000  0.831 0.000
 63.208333  64.208333 99.999 0.259   30.43 0.000  2.43 0.000 9.999 0.259  0.64 0.000 0.136 0.000  5.396 0.000   9.713 0.000 99.99 0.259  17.780 0.000   3.360 0.000  14.413 0.000 0.089 0.000  0.827 0.000
 66.208333  67.208333 99.999 0.259   48.20 0.000  1.09 0.000 9.999 0.259  0.41 0.000 0.082 0.000  1.100 0.000   1.980 0.000 99.99 0.259  12.726 0.000   6.650 0.000   6.162 0.000 0.042 0.000  0.626 0.000
 69.208333  70.208333 99.999 0.259   34.52 0.000  2.07 0.000 9.999 0.259  0.34 0.000 0.140 0.000  4.431 0.000   7.975 0.000 99.99 0.259  20.650 0.000   6.562 0.000  14.083 0.000 0.092 0.000  0.838 0.000
 72.208333  73.208333 99.999 0.259   31.57 0.000  1.77 0.000 9.999 0.259  0.68 0.000 0.276 0.000  1.626 0.000   2.927 0.000 99.99 0.259  20.216 0.000   7.849 0.000  12.365 0.000 0.063 0.000  1.728 0.000
 75.208333  76.208333 99.999 0.259    3.94 0.000  1.10 0.000 9.999 0.259 99.99 0.259 0.021 0.000  0.463 0.000   0.833 0.000 99.99 0.259   6.578 0.000   0.921 0.000   5.657 0.000 0.011 0.000  1.156 0.000
 78.208333  79.208333 99.999 0.259   37.34 0.000  3.21 0.000 9.999 0.259  0.53 0.000 0.152 0.000  3.303 0.000   5.946 0.000 99.99 0.259  16.990 0.000   1.291 0.000  15.700 0.000 0.084 0.000  1.902 0.000
 81.208333  82.208333 99.999 0.259   10.52 0.000  1.14 0.000 0.092 0.000  0.85 0.000 0.214 0.000  0.922 0.000   1.660 0.000 99.99 0.259  14.484 0.000   7.607 0.000   6.879 0.000 0.072 0.000  0.591 0.000
 84.208333  85.208333 99.999 0.259   15.49 0.000  1.58 0.000 0.025 0.000  1.42 0.000 0.116 0.000  1.123 0.000   2.022 0.000 99.99 0.259  13.324 0.000   2.054 0.000  11.273 0.000 0.038 0.000  2.005 0.000
 87.208333  88.208333 99.999 0.259   30.19 0.000  1.91 0.000 0.011 0.000  0.56 0.000 0.037 0.000  1.191 0.000   2.143 0.000 99.99 0.259  10.522 0.000   2.594 0.000   7.928 0.000 0.027 0.000  1.317 0.000
 90.208333  91.208333 99.999 0.259   29.60 0.000  2.55 0.000 9.999 0.259  1.49 0.000 0.091 0.000  3.156 0.000   5.680 0.000 99.99 0.259  18.083 0.000   2.668 0.000  15.418 0.000 0.096 0.000  1.932 0.000
 93.208333  94.208333 99.999 0.259   35.78 0.000  2.48 0.000 9.999 0.259  0.84 0.000 0.063 0.000  1.768 0.000   3.182 0.000 99.99 0.259  13.695 0.000   4.504 0.000   9.188 0.000 0.046 0.000  1.161 0.000
 96.208333  97.208333 99.999 0.259   33.41 0.000  1.54 0.000 0.040 0.000  0.54 0.000 0.098 0.000  0.532 0.000   0.957 0.000 99.99 0.259  17.364 0.000  10.868 0.000   6.495 0.000 0.059 0.000  0.821 0.000
 99.208333 100.208333 99.999 0.259   38.33 0.000  2.27 0.000 9.999 0.259  0.43 0.000 0.060 0.000  1.090 0.000   1.962 0.000 99.99 0.259  11.699 0.000   6.050 0.000   5.647 0.000 0.039 0.000  0.669 0.000
102.208333 103.208333 99.999 0.259   24.82 0.000  1.11 0.000 0.018 0.000  0.76 0.000 0.109 0.000  2.414 0.000   4.345 0.000 99.99 0.259  13.259 0.000   3.169 0.000  10.088 0.000 0.060 0.000  1.232 0.000
105.208333 106.208333 99.999 0.259   32.75 0.000  0.84 0.000 0.024 0.000  0.26 0.000 0.175 0.000  1.067 0.000   1.920 0.000 99.99 0.259  14.737 0.000   9.084 0.000   5.652 0.000 0.045 0.000  0.400 0.000
108.208333 109.208333 99.999 0.259   63.62 0.000  2.10 0.000 0.024 0.000  0.49 0.000 0.125 0.000  1.192 0.000   2.145 0.000 99.99 0.259  17.084 0.000  10.365 0.000   6.853 0.000 0.066 0.000  0.733 0.000
111.208333 112.208333 99.999 0.259   94.78 0.000  1.81 0.000 0.033 0.000  1.13 0.000 0.155 0.000  1.788 0.000   3.219 0.000 99.99 0.259  19.912 0.000   8.979 0.000  10.930 0.000 0.106 0.000  1.310 0.000
114.208333 115.208333 99.999 0.259   35.21 0.000  1.90 0.000 9.999 0.259 99.99 0.259 0.082 0.000  1.445 0.000   2.600 0.000 99.99 0.259  13.661 0.000   6.596 0.000   7.063 0.000 0.047 0.000  0.790 0.000
117.208333 118.208333 99.999 0.259   26.59 0.000  0.99 0.000 9.999 0.259  0.31 0.000 0.035 0.000  0.880 0.000   1.585 0.000 99.99 0.259  12.417 0.000   4.789 0.000   7.628 0.000 0.035 0.000  1.237 0.000
120.208333 121.208333 99.999 0.259   18.74 0.000  0.99 0.000 0.012 0.000  0.55 0.000 0.050 0.000  1.369 0.000   2.463 0.000 99.99 0.259   9.369 0.000   2.784 0.000   6.584 0.000 0.038 0.000  0.876 0.000
123.208333 124.208333 99.999 0.259   24.61 0.000  1.66 0.000 0.034 0.000  0.79 0.000 0.120 0.000  1.194 0.000   2.150 0.000 99.99 0.259  18.372 0.000   5.898 0.000  12.472 0.000 0.045 0.000  2.078 0.000
126.208333 127.208333 99.999 0.259   34.19 0.000  1.91 0.000 9.999 0.259  0.56 0.000 0.071 0.000  1.650 0.000   2.969 0.000 99.99 0.259  17.237 0.000   3.087 0.000  14.145 0.000 0.043 0.000  2.333 0.000
129.208333 130.208333 99.999 0.259   69.66 0.000  3.18 0.000 9.999 0.259  1.82 0.000 0.074 0.000  3.765 0.000   6.776 0.000 99.99 0.259  25.958 0.000   4.594 0.000  21.421 0.000 0.071 0.000  2.894 0.000
132.208333 133.208333 99.999 0.259   34.77 0.000  1.65 0.000 0.045 0.000  1.53 0.000 0.142 0.000  0.956 0.000   1.720 0.000 99.99 0.259  20.749 0.000   5.440 0.000  15.310 0.000 0.061 0.000  2.769 0.000
135.208333 136.208333 99.999 0.259   18.78 0.000  0.81 0.000 0.026 0.000  1.27 0.000 0.122 0.000  0.941 0.000   1.694 0.000 99.99 0.259  13.071 0.000   5.431 0.000   7.638 0.000 0.036 0.000  1.210 0.000
138.208333 139.208333 99.999 0.259   36.35 0.000  1.76 0.000 9.999 0.259  0.38 0.000 0.069 0.000  0.675 0.000   1.214 0.000 99.99 0.259  16.776 0.000   4.305 0.000  12.468 0.000 0.049 0.000  2.206 0.000
141.208333 142.208333 99.999 0.259   26.47 0.000  1.39 0.000 9.999 0.259  0.79 0.000 0.056 0.000  1.003 0.000   1.806 0.000 99.99 0.259  10.225 0.000   3.274 0.000   6.949 0.000 0.029 0.000  1.001 0.000
144.208333 145.208333 99.999 0.259   11.74 0.000  0.49 0.000 0.013 0.000  0.36 0.000 0.024 0.000  0.942 0.000   1.695 0.000 99.99 0.259   9.102 0.000   3.103 0.000   5.999 0.000 0.018 0.000  0.862 0.000
147.208333 148.208333 99.999 0.259   31.22 0.000  1.11 0.000 9.999 0.259  1.13 0.000 0.068 0.000  1.862 0.000   3.352 0.000 99.99 0.259  23.257 0.000   6.362 0.000  16.891 0.000 0.057 0.000  2.683 0.000
150.208333 151.208333 99.999 0.259   15.61 0.000  1.34 0.000 0.022 0.000  0.55 0.000 0.061 0.000  1.291 0.000   2.324 0.000 99.99 0.259  14.054 0.000   2.194 0.000  11.865 0.000 0.039 0.000  1.724 0.000
153.208333 154.208333 99.999 0.259  127.50 0.000  0.46 0.000 9.999 0.259  0.83 0.000 0.115 0.000  0.695 0.000   1.252 0.000 99.99 0.259  11.861 0.000   5.564 0.000   6.296 0.000 0.069 0.000  0.441 0.000
156.208333 157.208333 99.999 0.259  164.99 0.000  0.33 0.000 9.999 0.259  0.95 0.000 0.120 0.000  1.127 0.000   2.029 0.000 99.99 0.259  17.310 0.000   8.263 0.000   9.045 0.000 0.103 0.000  0.756 0.000
159.208333 160.208333 99.999 0.259  387.06 0.000  0.72 0.000 0.047 0.000  0.99 0.000 0.097 0.000  0.469 0.000   0.843 0.000 99.99 0.259  20.257 0.000  10.450 0.000   9.814 0.000 0.153 0.000  0.524 0.000
162.208333 163.208333 99.999 0.259   33.43 0.000  0.44 0.000 0.053 0.000  0.34 0.000 0.079 0.000  0.129 0.000   0.233 0.000 99.99 0.259  14.754 0.000   9.343 0.000   5.514 0.000 0.051 0.000  0.541 0.000
165.208333 166.208333 99.999 0.259   40.44 0.000  1.20 0.000 9.999 0.259  0.74 0.000 0.053 0.000  2.897 0.000   5.214 0.000 99.99 0.259 999.999 0.999   6.001 0.000  19.015 0.000 0.056 0.000  2.712 0.000
168.208333 169.208333 99.999 0.259   49.88 0.000  1.58 0.000 0.018 0.000  0.35 0.000 0.069 0.000  2.934 0.000   5.281 0.000 99.99 0.259  28.032 0.000  11.005 0.000  17.025 0.000 0.183 0.000  2.167 0.000
171.208333 172.208333 99.999 0.259   16.92 0.000  0.38 0.000 0.018 0.000  0.51 0.000 0.109 0.000  2.246 0.000   4.043 0.000 99.99 0.259  65.024 0.000  55.692 0.000  10.111 0.000 0.330 0.000  1.041 0.000
174.208333 175.208333 99.999 0.259   28.28 0.000  1.98 0.000 9.999 0.259  0.80 0.000 0.074 0.000  1.819 0.000   3.274 0.000 99.99 0.259  30.073 0.000   0.943 0.000  29.124 0.000 0.132 0.000  5.117 0.000
177.208333 178.208333 99.999 0.259   60.29 0.000  0.46 0.000 9.999 0.259  0.86 0.000 0.082 0.000  0.468 0.000   0.843 0.000 99.99 0.259  11.713 0.000   6.440 0.000   5.272 0.000 0.049 0.000  0.531 0.000
180.208333 181.208333 99.999 0.259   29.59 0.000  1.35 0.000 9.999 0.259  0.75 0.000 0.035 0.000  1.359 0.000   2.447 0.000 99.99 0.259  13.520 0.000   5.035 0.000   8.484 0.000 0.050 0.000  1.263 0.000
183.208333 184.208333 99.999 0.259   32.72 0.000  0.59 0.000 9.999 0.259  1.08 0.000 0.031 0.000  2.042 0.000   3.676 0.000 99.99 0.259  23.976 0.000   6.634 0.000  17.340 0.000 0.069 0.000  2.572 0.000
186.208333 187.208333 99.999 0.259  277.19 0.000  1.07 0.000 9.999 0.259  0.91 0.000 0.083 0.000  1.797 0.000   3.235 0.000 99.99 0.259  21.136 0.000   8.514 0.000  12.621 0.000 0.134 0.000  1.021 0.000
189.208333 190.208333 99.999 0.259   85.23 0.000  0.68 0.000 9.999 0.259  0.56 0.000 0.044 0.000  0.964 0.000   1.735 0.000 99.99 0.259  15.119 0.000   6.340 0.000   8.778 0.000 0.062 0.000  1.183 0.000
192.208333 193.208333 99.999 0.259  179.88 0.000  0.53 0.000 0.017 0.000  0.71 0.000 0.096 0.000  0.410 0.000   0.738 0.000 99.99 0.259  16.608 0.000   7.208 0.000   9.501 0.000 0.084 0.000  1.234 0.000
195.208333 196.208333 99.999 0.259   77.08 0.000  0.91 0.000 9.999 0.259  1.81 0.000 0.059 0.000  0.831 0.000   1.495 0.000 99.99 0.259  17.010 0.000   3.722 0.000  13.286 0.000 0.056 0.000  2.243 0.000
198.208333 199.208333 99.999 0.259   65.36 0.000  0.49 0.000 9.999 0.259  0.35 0.000 0.050 0.000  0.464 0.000   0.835 0.000 99.99 0.259   8.525 0.000   4.338 0.000   4.187 0.000 0.032 0.000  0.447 0.000
201.208333 202.208333 99.999 0.259   26.16 0.000  0.56 0.000 9.999 0.259  0.91 0.000 0.038 0.000  0.483 0.000   0.869 0.000 99.99 0.259   9.938 0.000   4.990 0.000   4.947 0.000 0.024 0.000  0.767 0.000
204.208333 205.208333 99.999 0.259   26.69 0.000  1.71 0.000 9.999 0.259  0.76 0.000 0.035 0.000  1.717 0.000   3.091 0.000 99.99 0.259  22.978 0.000   3.017 0.000  19.959 0.000 0.045 0.000  3.417 0.000
207.208333 208.208333 99.999 0.259   86.87 0.000  4.17 0.000 9.999 0.259  1.24 0.000 0.038 0.000  5.089 0.000   9.160 0.000 99.99 0.259 999.999 0.456   5.042 0.000  37.829 0.000 0.067 0.000  5.839 0.000
210.208333 211.208333 99.999 0.259   59.85 0.000  0.52 0.000 9.999 0.259  0.72 0.000 0.068 0.000  0.829 0.000   1.493 0.000 99.99 0.259  14.010 0.000   5.315 0.000   8.694 0.000 0.063 0.000  1.465 0.000
213.208333 214.208333 99.999 0.259   23.52 0.000  0.37 0.000 9.999 0.259  0.22 0.000 0.042 0.000  1.201 0.000   2.162 0.000 99.99 0.259  12.427 0.000   6.151 0.000   6.360 0.000 0.034 0.000  0.872 0.000
216.208333 217.208333 99.999 0.259   18.34 0.000  1.53 0.000 9.999 0.259  0.72 0.000 0.035 0.000  0.887 0.000   1.597 0.000 99.99 0.259  16.118 0.000   2.466 0.000  13.676 0.000 0.022 0.000  2.816 0.000
219.208333 220.208333 99.999 0.259   19.07 0.000  0.36 0.000 9.999 0.259  0.38 0.000 0.047 0.000  0.421 0.000   0.759 0.000 99.99 0.259  10.567 0.000   6.779 0.000   3.792 0.000 0.024 0.000  0.529 0.000
222.208333 223.208333 99.999 0.259   29.39 0.000  4.08 0.000 9.999 0.259  0.78 0.000 0.038 0.000  1.599 0.000   2.879 0.000 99.99 0.259  20.153 0.000   3.931 0.000  16.219 0.000 0.035 0.000  3.117 0.000
225.208333 226.208333 99.999 0.259   60.35 0.000  1.58 0.000 9.999 0.259  1.30 0.000 0.036 0.000  3.573 0.000   6.432 0.000 99.99 0.259  30.340 0.000   9.939 0.000  20.398 0.000 0.066 0.000  3.126 0.000
228.208333 229.208333 99.999 0.259   94.10 0.000  1.07 0.000 9.999 0.259  1.59 0.000 0.039 0.000  2.088 0.000   3.759 0.000 99.99 0.259  21.518 0.000   6.519 0.000  14.997 0.000 0.072 0.000  2.316 0.000
231.208333 232.208333 99.999 0.259   56.92 0.000  2.76 0.000 9.999 0.259  0.61 0.000 0.033 0.000  3.900 0.000   7.019 0.000 99.99 0.259  31.366 0.000   4.160 0.000  27.202 0.000 0.061 0.000  4.356 0.000
