scripts/IMPROVE-2019_partial/data/US4205R.20050101050000.20191216000000.filterpack..pm25.52w.1w.US03L_filterpack_US4205.US03L_IMPROVE_Davis.lev2.nas
68 1001
MISSING INFORMATION
US03L, IMPROVE, , , , , , , 
MISSING INFORMATION
IMPROVE sel_HTAP
1 1
2005 01 01 2019 12 16
3.000000
days from file reference point
29
1 1 1 1 1 1 1 1 1 1 1 1 1 1 1 1 1 1 1 1 1 1 1 1 1 1 1 1 1
999.999999 99.999 9.999 9999.99 9.999 99.99 9.999 9.999 9.999 99.99 9.999 9.999 9.999 99.999 9.999 999.999 9.999 99.99 9.999 999.999 9.999 999.999 9.999 999.999 9.999 9.999 9.999 99.999 9.999
end_time of measurement, days from the file reference point
ammonium, ug N/m3, Revision date=20181210133000
numflag ammonium, no unit, Revision date=20181210133000
iron, ng/m3, Revision date=20181210133000
numflag iron, no unit, Revision date=20181210133000
lead, ng/m3, Revision date=20181210133000
numflag lead, no unit, Revision date=20181210133000
magnesium, ug/m3, Revision date=20181210133000
numflag magnesium, no unit, Revision date=20181210133000
nickel, ng/m3, Revision date=20181210133000
numflag nickel, no unit, Revision date=20181210133000
nitrate, ug N/m3, Revision date=20181210133000
numflag nitrate, no unit, Revision date=20181210133000
organic_carbon, ug C/m3, Revision date=20181210133000
numflag organic_carbon, no unit, Revision date=20181210133000
organic_mass, ug/m3, Revision date=20181210133000
numflag organic_mass, no unit, Revision date=20181210133000
phosphorus, ng/m3, Revision date=20181210133000
numflag phosphorus, no unit, Revision date=20181210133000
pm10_mass, ug/m3, Version=2, Version description=Data extracted from http://views.cira.colostate.edu/fed/DataWizard 2019-12-16, Sample duration=1d, Orig. time res.=3d, Matrix=pm10, Blank correction=Blank corrected, Volume std. temperature=ambient, Volume std. pressure=ambient
numflag pm10_mass, no unit, Version=2, Version description=Data extracted from http://views.cira.colostate.edu/fed/DataWizard 2019-12-16, Sample duration=1d, Orig. time res.=3d, Matrix=pm10, Blank correction=Blank corrected, Volume std. temperature=ambient, Volume std. pressure=ambient
pm10_pm25_mass, ug/m3, Revision date=20181210133000, Matrix=pm10_pm25
numflag pm10_pm25_mass, no unit, Revision date=20181210133000, Matrix=pm10_pm25
pm25_mass, ug/m3, Version=2, Version description=Data extracted from http://views.cira.colostate.edu/fed/DataWizard 2019-12-16, Sample duration=1d, Orig. time res.=3d, Blank correction=Blank corrected, Volume std. temperature=ambient, Volume std. pressure=ambient
numflag pm25_mass, no unit, Version=2, Version description=Data extracted from http://views.cira.colostate.edu/fed/DataWizard 2019-12-16, Sample duration=1d, Orig. time res.=3d, Blank correction=Blank corrected, Volume std. temperature=ambient, Volume std. pressure=ambient
potassium, ug/m3, Revision date=20181210133000
numflag potassium, no unit, Revision date=20181210133000
sulphate_total, ug S/m3, Revision date=20181210133000
numflag sulphate_total, no unit, Revision date=20181210133000
0
25
Data definition:              EBAS_1.1
Set type code:                TU
Timezone:                     UTC
File name:                    US4205R.20050101050000.20191216000000.filterpack..pm25.52w.1w.US03L_filterpack_US4205.US03L_IMPROVE_Davis.lev2.nas
File creation:                20191218120430
Startdate:                    20050101050000
Revision date:                20191216000000
Statistics:                   arithmetic mean
Data level:                   2
Period code:                  52w
Resolution code:              1w
Station code:                 US4205R
Platform code:                US4205S
Station name:                 Cape Romain National Wildlife Refuge
Station latitude:             32.9419
Station longitude:            -79.6591
Station altitude:             3.0 m
Regime:                       IMG
Component:                    
Matrix:                       pm25
Laboratory code:              US03L
Instrument type:              filterpack
Instrument name:              filterpack_US4205
Method ref:                   US03L_IMPROVE_Davis
starttime endtime NH4+ flag_NH4+ Fe flag_Fe Pb flag_Pb Mg++ flag_Mg++ Ni flag_Ni NO3- flag_NO3- OC flag_OC OM flag_OM P flag_P PM10 flag_PM10 PM10-PM2.5 flag_PM10-PM2.5 PM2.5 flag_PM2.5 K+ flag_K+ SO4-- flag_SO4--
[from data line 79]
237.208333 238.208333 99.999 0.259   13.29 0.000  0.63 0.000 9.999 0.259  0.59 0.000 0.065 0.000  1.026 0.000   1.847 0.000 99.99 0.259  13.223 0.000   6.921 0.000   6.301 0.000 0.027 0.000  0.924 0.000
240.208333 241.208333 99.999 0.259   10.23 0.000  0.62 0.000 9.999 0.259  0.48 0.000 0.038 0.000  1.145 0.000   2.061 0.000 99.99 0.259  10.589 0.000   5.703 0.000   4.886 0.000 0.020 0.000  0.678 0.000
243.208333 244.208333 99.999 0.259   24.86 0.000  1.61 0.000 9.999 0.259  0.95 0.000 0.030 0.000  2.067 0.000   3.720 0.000 99.99 0.259  17.234 0.000   1.877 0.000  15.355 0.000 0.040 0.000  2.623 0.000
246.208333 247.208333 99.999 0.259   26.39 0.000  2.03 0.000 9.999 0.259  0.35 0.000 0.039 0.000  1.650 0.000   2.971 0.000 99.99 0.259  20.677 0.000   4.379 0.000  16.296 0.000 0.036 0.000  2.756 0.000
249.208333 250.208333 99.999 0.259    6.17 0.000  0.96 0.000 9.999 0.259  0.45 0.000 0.085 0.000  0.889 0.000   1.601 0.000 99.99 0.259  12.326 0.000   7.133 0.000   5.192 0.000 0.035 0.000  0.518 0.000
252.208333 253.208333 99.999 0.259   84.13 0.000  1.48 0.000 9.999 0.259  0.77 0.000 0.065 0.000  1.668 0.000   3.002 0.000 99.99 0.259  26.052 0.000  15.018 0.000  11.034 0.000 0.050 0.000  1.562 0.000
255.208333 256.208333 99.999 0.259   31.15 0.000  0.60 0.000 9.999 0.259  0.35 0.000 0.084 0.000  0.677 0.000   1.219 0.000 99.99 0.259   9.910 0.000   4.675 0.000   5.246 0.000 0.038 0.000  0.751 0.000
258.208333 259.208333 99.999 0.259   96.35 0.000  3.36 0.000 9.999 0.259  2.10 0.000 0.058 0.000  7.436 0.000  13.385 0.000 99.99 0.259  44.924 0.000   5.646 0.000  39.268 0.000 0.094 0.000  5.655 0.000
261.208333 262.208333 99.999 0.259   32.24 0.000  1.13 0.000 9.999 0.259  1.51 0.000 0.045 0.000  0.591 0.000   1.063 0.000 99.99 0.259  12.572 0.000   2.555 0.000  10.015 0.000 0.034 0.000  2.208 0.000
264.208333 265.208333 99.999 0.259   10.34 0.000  0.26 0.000 0.019 0.000  0.34 0.000 0.054 0.000  0.139 0.000   0.250 0.000 99.99 0.259   7.930 0.000   4.934 0.000   2.995 0.000 0.018 0.000  0.407 0.000
267.208333 268.208333 99.999 0.259   24.10 0.000  1.17 0.000 9.999 0.259  1.01 0.000 0.056 0.000  1.250 0.000   2.251 0.000 99.99 0.259  21.093 0.000   1.625 0.000  19.465 0.000 0.037 0.000  3.745 0.000
270.208333 271.208333 99.999 0.259   15.15 0.000  1.16 0.000 9.999 0.259  0.91 0.000 0.071 0.000  1.186 0.000   2.134 0.000 99.99 0.259 999.999 0.456   5.042 0.000  11.735 0.000 0.033 0.000  2.045 0.000
273.208333 274.208333 99.999 0.259   13.88 0.000  0.91 0.000 0.054 0.000  1.06 0.000 0.098 0.000  1.131 0.000   2.036 0.000 99.99 0.259 999.999 0.456   3.642 0.000   7.508 0.000 0.045 0.000  1.081 0.000
276.208333 277.208333 99.999 0.259   26.32 0.000  0.44 0.000 9.999 0.259  1.17 0.000 0.078 0.000  1.191 0.000   2.143 0.000 99.99 0.259 999.999 0.456   3.642 0.000   6.594 0.000 0.041 0.000  0.949 0.000
279.208333 280.208333 99.999 0.259    3.44 0.000  0.20 0.000 0.042 0.000  0.57 0.000 0.030 0.000  0.221 0.000   0.398 0.000 99.99 0.259   9.842 0.000   7.202 0.000   2.640 0.000 0.020 0.000  0.187 0.000
282.208333 283.208333 99.999 0.259   10.90 0.000  0.74 0.000 9.999 0.259  1.09 0.000 0.044 0.000  1.613 0.000   2.903 0.000 99.99 0.259  16.577 0.000   4.587 0.000  11.987 0.000 0.028 0.000  2.266 0.000
285.208333 286.208333 99.999 0.259   13.14 0.000  1.14 0.000 9.999 0.259  0.85 0.000 0.042 0.000  1.661 0.000   2.989 0.000 99.99 0.259  14.603 0.000   4.364 0.000  10.237 0.000 0.026 0.000  1.767 0.000
288.208333 289.208333 99.999 0.259   32.72 0.000  2.88 0.000 9.999 0.259  0.38 0.000 0.067 0.000  2.259 0.000   4.065 0.000 99.99 0.259  17.670 0.000   4.618 0.000  13.049 0.000 0.047 0.000  2.043 0.000
291.208333 292.208333 99.999 0.259   44.86 0.000  2.68 0.000 0.034 0.000  2.17 0.000 0.073 0.000  3.983 0.000   7.169 0.000 99.99 0.259  24.660 0.000   4.648 0.000  20.008 0.000 0.069 0.000  2.693 0.000
294.208333 295.208333 99.999 0.259   36.89 0.000  1.52 0.000 0.034 0.000  1.50 0.000 0.080 0.000  2.395 0.000   4.311 0.000 99.99 0.259  18.091 0.000   4.940 0.000  13.148 0.000 0.071 0.000  1.867 0.000
297.208333 298.208333 99.999 0.259   19.17 0.000  1.22 0.000 9.999 0.259  0.89 0.000 0.031 0.000  1.005 0.000   1.810 0.000 99.99 0.259   8.978 0.000   2.493 0.000   6.516 0.000 0.024 0.000  1.042 0.000
300.208333 301.208333 99.999 0.259   15.36 0.000  1.17 0.000 0.019 0.000  0.60 0.000 0.061 0.000  1.520 0.000   2.737 0.000 99.99 0.259  11.153 0.000   1.221 0.000   9.930 0.000 0.034 0.000  1.506 0.000
303.208333 304.208333 99.999 0.259   45.11 0.000  4.48 0.000 0.008 0.000  0.60 0.000 0.072 0.000  1.947 0.000   3.504 0.000 99.99 0.259  13.200 0.000   1.944 0.000  11.251 0.000 0.054 0.000  1.611 0.000
306.208333 307.208333 99.999 0.259   18.03 0.000  1.17 0.000 9.999 0.259  0.49 0.000 0.042 0.000  1.129 0.000   2.032 0.000 99.99 0.259   9.300 0.000   2.612 0.000   6.686 0.000 0.035 0.000  0.865 0.000
309.208333 310.208333 99.999 0.259   38.40 0.000  1.96 0.000 9.999 0.259  3.41 0.000 0.097 0.000  1.261 0.000   2.270 0.000 99.99 0.259  12.054 0.000   3.430 0.000   8.622 0.000 0.034 0.000  1.257 0.000
312.208333 313.208333 99.999 0.259   28.87 0.000  1.35 0.000 9.999 0.259  2.39 0.000 0.103 0.000  3.937 0.000   7.086 0.000 99.99 0.259  27.476 0.000   5.232 0.000  22.238 0.000 0.063 0.000  3.277 0.000
315.208333 316.208333 99.999 0.259   21.86 0.000  0.96 0.000 9.999 0.259  0.55 0.000 0.048 0.000  1.579 0.000   2.843 0.000 99.99 0.259  12.383 0.000   4.391 0.000   7.990 0.000 0.060 0.000  0.970 0.000
318.208333 319.208333 99.999 0.259   13.71 0.000  0.41 0.000 9.999 0.259  0.78 0.000 0.068 0.000  0.411 0.000   0.740 0.000  8.32 0.000   8.292 0.000   5.412 0.000   2.895 0.000 0.014 0.000  0.296 0.000
321.208333 322.208333 99.999 0.259   22.95 0.000  2.18 0.000 9.999 0.259  0.32 0.000 0.098 0.000  1.440 0.000   2.593 0.000 99.99 0.259  11.474 0.000   4.017 0.000   7.455 0.000 0.044 0.000  0.904 0.000
324.208333 325.208333 99.999 0.259    4.29 0.000  0.36 0.000 9.999 0.259  0.49 0.000 0.034 0.000  0.802 0.000   1.444 0.000 99.99 0.259   6.640 0.000   2.486 0.000   4.152 0.000 0.015 0.000  0.494 0.000
327.208333 328.208333 99.999 0.259   26.55 0.000  2.33 0.000 9.999 0.259  0.78 0.000 0.085 0.000  2.962 0.000   5.331 0.000 99.99 0.259  12.874 0.000   4.378 0.000   8.493 0.000 0.118 0.000  0.561 0.000
330.208333 331.208333 99.999 0.259   10.61 0.000  1.22 0.000 0.010 0.000  0.92 0.000 0.105 0.000  1.433 0.000   2.579 0.000 99.99 0.259   9.051 0.000   3.071 0.000   5.982 0.000 0.036 0.000  0.747 0.000
333.208333 334.208333 99.999 0.259   68.80 0.000  1.11 0.000 9.999 0.259  0.84 0.000 0.074 0.000  3.240 0.000   5.833 0.000 99.99 0.259  14.914 0.000   5.285 0.000   9.627 0.000 0.064 0.000  0.658 0.000
336.208333 337.208333 99.999 0.259   83.80 0.000  1.81 0.000 9.999 0.259  1.28 0.000 0.070 0.000  1.887 0.000   3.397 0.000 99.99 0.259   9.528 0.000   3.074 0.000   6.452 0.000 0.042 0.000  0.585 0.000
339.208333 340.208333 99.999 0.259    7.93 0.000  1.80 0.000 0.007 0.000  0.37 0.000 0.038 0.000  0.966 0.000   1.739 0.000 99.99 0.259   5.528 0.000   0.619 0.000   4.916 0.000 0.023 0.000  0.698 0.000
342.208333 343.208333 99.999 0.259    7.69 0.000  0.70 0.000 9.999 0.259  0.53 0.000 0.023 0.000  1.248 0.000   2.247 0.000 99.99 0.259   8.514 0.000   3.791 0.000   4.722 0.000 0.028 0.000  0.530 0.000
345.208333 346.208333 99.999 0.259   62.20 0.000  2.63 0.000 9.999 0.259  0.28 0.000 0.102 0.000  1.829 0.000   3.293 0.000 99.99 0.259  10.031 0.000   3.929 0.000   6.100 0.000 0.047 0.000  0.420 0.000
348.208333 349.208333 99.999 0.259   17.87 0.000  1.08 0.000 0.048 0.000  3.31 0.000 0.204 0.000  1.040 0.000   1.871 0.000 99.99 0.259  13.663 0.000   6.413 0.000   7.247 0.000 0.053 0.000  0.768 0.000
351.208333 352.208333 99.999 0.259    5.51 0.000  1.18 0.000 9.999 0.259  0.43 0.000 0.061 0.000  0.680 0.000   1.225 0.000 99.99 0.259   5.267 0.000   0.694 0.000   4.572 0.000 0.018 0.000  0.659 0.000
354.208333 355.208333 99.999 0.259   20.71 0.000  1.64 0.000 9.999 0.259  0.55 0.000 0.109 0.000  1.654 0.000   2.976 0.000 99.99 0.259   7.361 0.000   1.972 0.000   5.388 0.000 0.041 0.000  0.452 0.000
357.208333 358.208333 99.999 0.259   26.53 0.000  2.39 0.000 9.999 0.259  2.84 0.000 0.314 0.000  4.245 0.000   7.641 0.000 99.99 0.259  16.521 0.000   2.091 0.000  14.426 0.000 0.100 0.000  1.181 0.000
360.208333 361.208333 99.999 0.259   43.27 0.000  2.90 0.000 9.999 0.259  0.90 0.000 0.133 0.000  1.649 0.000   2.969 0.000 99.99 0.259  11.485 0.000   2.004 0.000   9.506 0.000 0.037 0.000  1.261 0.000
363.208333 364.208333 99.999 0.259   33.88 0.000  2.15 0.000 0.011 0.000  0.98 0.000 0.199 0.000  2.249 0.000   4.047 0.000 99.99 0.259  14.736 0.000   2.425 0.000  12.307 0.000 0.058 0.000  1.655 0.000
