scripts/IMPROVE-2019_partial/data/US4205R.20100102050000.20191216000000.filterpack...52w.3d.US03L_filterpack_US4205.US03L_IMPROVE_Davis.lev2.nas
51 1001
MISSING INFORMATION
US03L, IMPROVE, , , , , , , 
MISSING INFORMATION
IMPROVE sel_HTAP
1 1
2010 01 01 2019 12 16
3.000000
days from file reference point
4
1 1 1 1
999.999999 999.999 999.999 9.999
end_time of measurement, days from the file reference point
pm10_mass, ug/m3, Matrix=pm10
pm25_mass, ug/m3, Matrix=pm25
numflag, no unit
0
33
Data definition:              EBAS_1.1
Set type code:                TU
Timezone:                     UTC
File name:                    US4205R.20100102050000.20191216000000.filterpack...52w.3d.US03L_filterpack_US4205.US03L_IMPROVE_Davis.lev2.nas
File creation:                20191218120431
Startdate:                    20100102050000
Revision date:                20191216000000
Version:                      2
Version description:          "Data extracted from http://views.cira.colostate.edu/fed/DataWizard 2019-12-16"
Statistics:                   arithmetic mean
Data level:                   2
Period code:                  52w
Resolution code:              3d
Sample duration:              1d
Orig. time res.:              3d
Station code:                 US4205R
Platform code:                US4205S
Station name:                 Cape Romain National Wildlife Refuge
Station latitude:             32.9419
Station longitude:            -79.6591
Station altitude:             3.0 m
Regime:                       IMG
Component:                    
Unit:                         ug/m3
Matrix:                       
Laboratory code:              US03L
Instrument type:              filterpack
Instrument name:              filterpack_US4205
Method ref:                   US03L_IMPROVE_Davis
Blank correction:             Blank corrected
Volume std. temperature:      ambient
Volume std. pressure:         ambient
starttime endtime PM10 PM2.5 flag
  1.208333   2.208333   5.518   4.634 0.000
  4.208333   5.208333   8.967   7.038 0.000
  7.208333   8.208333   9.603   7.040 0.000
 10.208333  11.208333  14.808   9.396 0.000
 13.208333  14.208333  20.578  15.515 0.000
 16.208333  17.208333   8.449   4.850 0.000
 19.208333  20.208333  12.069  10.357 0.000
 22.208333  23.208333   6.865   4.172 0.000
 25.208333  26.208333   8.144   2.515 0.000
 28.208333  29.208333  15.378   8.688 0.000
 31.208333  32.208333   6.249   4.000 0.000
 34.208333  35.208333  12.962  10.581 0.000
 37.208333  38.208333   4.814   3.984 0.000
 40.208333  41.208333   7.059   5.001 0.000
 43.208333  44.208333 999.999 999.999 0.999
 46.208333  47.208333   5.941   4.818 0.000
 49.208333  50.208333   9.119   7.272 0.000
 52.208333  53.208333   7.134   5.508 0.000
 55.208333  56.208333   9.807   8.051 0.000
 58.208333  59.208333  10.679   9.444 0.000
 61.208333  62.208333   8.552   7.510 0.000
 64.208333  65.208333   9.980   7.282 0.000
 67.208333  68.208333  22.404  19.822 0.000
 70.208333  71.208333  11.520   6.757 0.000
 73.208333  74.208333   6.308   5.743 0.000
 76.208333  77.208333   7.796   5.380 0.000
 79.208333  80.208333  11.326   6.683 0.000
 82.208333  83.208333  15.331  12.454 0.000
 85.208333  86.208333  11.549   5.030 0.000
 88.208333  89.208333  14.230   5.972 0.000
 91.208333  92.208333  32.498  22.368 0.000
 94.208333  95.208333  21.710   5.942 0.000
 97.208333  98.208333  23.478   7.931 0.000
100.208333 101.208333  10.212   5.633 0.000
103.208333 104.208333  14.268   9.087 0.000
106.208333 107.208333  17.015   6.643 0.000
109.208333 110.208333  12.240   7.019 0.000
112.208333 113.208333  24.320  16.517 0.000
115.208333 116.208333  17.541   8.557 0.000
118.208333 119.208333  14.645   7.615 0.000
121.208333 122.208333  21.858   9.590 0.000
124.208333 125.208333   9.144   4.489 0.000
127.208333 128.208333  19.827  12.831 0.000
130.208333 131.208333  11.745   4.996 0.000
133.208333 134.208333  12.912   5.191 0.000
136.208333 137.208333  13.440   6.032 0.000
139.208333 140.208333  14.196  10.622 0.000
142.208333 143.208333  12.877   6.786 0.000
145.208333 146.208333  10.107   4.993 0.000
148.208333 149.208333  13.565   8.153 0.000
151.208333 152.208333  13.552   6.850 0.000
154.208333 155.208333  15.826   9.617 0.000
157.208333 158.208333  14.063   7.270 0.000
160.208333 161.208333  26.288  12.065 0.000
163.208333 164.208333  22.115  15.037 0.000
166.208333 167.208333  14.776   9.632 0.000
169.208333 170.208333  15.810  10.659 0.000
172.208333 173.208333   8.490   3.971 0.000
175.208333 176.208333  13.152   5.899 0.000
178.208333 179.208333  13.929   7.894 0.000
181.208333 182.208333  13.582   7.521 0.000
184.208333 185.208333   7.878   3.465 0.000
187.208333 188.208333  13.388   6.543 0.000
190.208333 191.208333  20.386  13.178 0.000
193.208333 194.208333  22.628  11.269 0.000
196.208333 197.208333  26.130  10.393 0.000
199.208333 200.208333  20.984   7.751 0.000
202.208333 203.208333  46.171  17.638 0.000
205.208333 206.208333  12.749   5.834 0.000
208.208333 209.208333  12.122   6.891 0.000
211.208333 212.208333  21.015  11.471 0.000
214.208333 215.208333  14.223   7.938 0.000
217.208333 218.208333  14.510   6.918 0.000
220.208333 221.208333  10.963   4.867 0.000
223.208333 224.208333  23.308   9.289 0.000
226.208333 227.208333  14.047   5.923 0.000
229.208333 230.208333  10.350   5.714 0.000
232.208333 233.208333  13.044   6.816 0.000
235.208333 236.208333  16.174  10.188 0.000
238.208333 239.208333  10.837   6.089 0.000
241.208333 242.208333  11.627   5.723 0.000
244.208333 245.208333  18.831   8.660 0.000
247.208333 248.208333  16.220   8.975 0.000
250.208333 251.208333  16.083   6.477 0.000
253.208333 254.208333  20.002  10.383 0.000
256.208333 257.208333  13.111   9.534 0.000
259.208333 260.208333  17.189   9.515 0.000
262.208333 263.208333  19.646  13.894 0.000
265.208333 266.208333  12.472   4.409 0.000
268.208333 269.208333  10.303   4.040 0.000
271.208333 272.208333  10.516   5.243 0.000
274.208333 275.208333  12.745   9.008 0.000
277.208333 278.208333   8.546   6.192 0.000
280.208333 281.208333  18.455   9.988 0.000
283.208333 284.208333  20.649  15.097 0.000
286.208333 287.208333  16.411  10.650 0.000
289.208333 290.208333  13.331   8.220 0.000
292.208333 293.208333  23.284  15.367 0.000
295.208333 296.208333  12.346   5.093 0.000
298.208333 299.208333  18.084   7.666 0.000
301.208333 302.208333  11.996   6.790 0.000
304.208333 305.208333  15.845  11.173 0.000
307.208333 308.208333   8.310   6.570 0.000
310.208333 311.208333   6.001   4.807 0.000
313.208333 314.208333  14.075   9.858 0.000
316.208333 317.208333   9.805   6.053 0.000
319.208333 320.208333  14.811   6.089 0.000
322.208333 323.208333  34.210  28.794 0.000
325.208333 326.208333   6.833   4.094 0.000
328.208333 329.208333  12.888   5.688 0.000
331.208333 332.208333   9.427   6.421 0.000
334.208333 335.208333  10.340   5.730 0.000
337.208333 338.208333  16.500  11.980 0.000
340.208333 341.208333  12.887   7.535 0.000
343.208333 344.208333  12.647   7.721 0.000
346.208333 347.208333   7.303   3.739 0.000
349.208333 350.208333  23.274  14.759 0.000
352.208333 353.208333  10.108   8.968 0.000
355.208333 356.208333  16.701  13.179 0.000
358.208333 359.208333   9.372   8.297 0.000
361.208333 362.208333   6.980   5.449 0.000
364.208333 365.208333  12.631   8.463 0.000
