scripts/IMPROVE-2019_partial/data/US4205R.20030103050000.20191216000000.filterpack..pm25.1y.1w.US03L_filterpack_US4205.US03L_IMPROVE_Davis.lev2.nas
66 1001
MISSING INFORMATION
US03L, IMPROVE, , , , , , , 
MISSING INFORMATION
IMPROVE sel_HTAP
1 1
2003 01 01 2019 12 16
3.000000
days from file reference point
27
1 1 1 1 1 1 1 1 1 1 1 1 1 1 1 1 1 1 1 1 1 1 1 1 1 1 1
999.999999 99.999 9.999999 9999.99 9.999 99.99 9.999 9.999 9.999999 99.99 9.999 9.999 9.999 99.999 9.999 99.999 9.999 999.999 9.999 999.999 9.999 999.999 9.999 9.999 9.999 99.999 9.999
end_time of measurement, days from the file reference point
ammonium, ug N/m3, Revision date=20181210133000
numflag ammonium, no unit, Revision date=20181210133000
iron, ng/m3, Revision date=20181210133000
numflag iron, no unit, Revision date=20181210133000
lead, ng/m3, Revision date=20181210133000
numflag lead, no unit, Revision date=20181210133000
magnesium, ug/m3, Revision date=20181210133000
numflag magnesium, no unit, Revision date=20181210133000
nickel, ng/m3, Revision date=20181210133000
numflag nickel, no unit, Revision date=20181210133000
nitrate, ug N/m3, Revision date=20181210133000
numflag nitrate, no unit, Revision date=20181210133000
organic_carbon, ug C/m3, Revision date=20181210133000
numflag organic_carbon, no unit, Revision date=20181210133000
organic_mass, ug/m3, Revision date=20181210133000
numflag organic_mass, no unit, Revision date=20181210133000
pm10_mass, ug/m3, Version=2, Version description=Data extracted from http://views.cira.colostate.edu/fed/DataWizard 2019-12-16, Sample duration=1d, Orig. time res.=3d, Matrix=pm10, Blank correction=Blank corrected, Volume std. temperature=ambient, Volume std. pressure=ambient
numflag pm10_mass, no unit, Version=2, Version description=Data extracted from http://views.cira.colostate.edu/fed/DataWizard 2019-12-16, Sample duration=1d, Orig. time res.=3d, Matrix=pm10, Blank correction=Blank corrected, Volume std. temperature=ambient, Volume std. pressure=ambient
pm10_pm25_mass, ug/m3, Revision date=20181210133000, Matrix=pm10_pm25
numflag pm10_pm25_mass, no unit, Revision date=20181210133000, Matrix=pm10_pm25
pm25_mass, ug/m3, Version=2, Version description=Data extracted from http://views.cira.colostate.edu/fed/DataWizard 2019-12-16, Sample duration=1d, Orig. time res.=3d, Blank correction=Blank corrected, Volume std. temperature=ambient, Volume std. pressure=ambient
numflag pm25_mass, no unit, Version=2, Version description=Data extracted from http://views.cira.colostate.edu/fed/DataWizard 2019-12-16, Sample duration=1d, Orig. time res.=3d, Blank correction=Blank corrected, Volume std. temperature=ambient, Volume std. pressure=ambient
potassium, ug/m3, Revision date=20181210133000
numflag potassium, no unit, Revision date=20181210133000
sulphate_total, ug S/m3, Revision date=20181210133000
numflag sulphate_total, no unit, Revision date=20181210133000
0
25
Data definition:              EBAS_1.1
Set type code:                TU
Timezone:                     UTC
File name:                    US4205R.20030103050000.20191216000000.filterpack..pm25.1y.1w.US03L_filterpack_US4205.US03L_IMPROVE_Davis.lev2.nas
File creation:                20191218120429
Startdate:                    20030103050000
Revision date:                20191216000000
Statistics:                   arithmetic mean
Data level:                   2
Period code:                  1y
Resolution code:              1w
Station code:                 US4205R
Platform code:                US4205S
Station name:                 Cape Romain National Wildlife Refuge
Station latitude:             32.9419
Station longitude:            -79.6591
Station altitude:             3.0 m
Regime:                       IMG
Component:                    
Matrix:                       pm25
Laboratory code:              US03L
Instrument type:              filterpack
Instrument name:              filterpack_US4205
Method ref:                   US03L_IMPROVE_Davis
starttime endtime NH4+ flag_NH4+ Fe flag_Fe Pb flag_Pb Mg++ flag_Mg++ Ni flag_Ni NO3- flag_NO3- OC flag_OC OM flag_OM PM10 flag_PM10 PM10-PM2.5 flag_PM10-PM2.5 PM2.5 flag_PM2.5 K+ flag_K+ SO4-- flag_SO4--
[from data line 82]
248.208333 249.208333  1.351 0.559000   11.28 0.000  1.30 0.000 0.122 0.000000  0.53 0.000 0.062 0.559  2.169 0.000  3.037 0.000  17.755 0.000   6.298 0.000  11.457 0.000 0.023 0.000  2.303 0.559
251.208333 252.208333  1.147 0.559000   12.10 0.000  1.80 0.000 9.999 0.259000  0.52 0.000 0.059 0.559  2.578 0.000  3.610 0.000  18.038 0.000   5.961 0.000  12.077 0.000 0.029 0.000  1.771 0.559
254.208333 255.208333  0.630 0.559000   12.77 0.000  1.18 0.000 9.999 0.259000  0.53 0.000 0.099 0.559  2.412 0.000  3.376 0.000  14.777 0.000   6.488 0.000   8.289 0.000 0.031 0.000  1.194 0.559
257.208333 258.208333  0.149 0.559000    7.57 0.000  0.22 0.000 9.999 0.259000  0.27 0.000 0.047 0.559  0.726 0.000  1.017 0.000   7.073 0.000   4.131 0.000   2.942 0.000 0.015 0.000  0.457 0.559
260.208333 261.208333  0.779 0.559000   23.24 0.000  1.31 0.000 9.999 0.259000  0.50 0.000 0.066 0.559  2.344 0.000  3.282 0.000  16.330 0.000   6.814 0.000   9.516 0.000 0.035 0.000  1.189 0.559
263.208333 264.208333  1.961 0.559000   12.09 0.000  1.27 0.000 9.999 0.259000  0.69 0.000 0.049 0.559  1.952 0.000  2.732 0.000  22.811 0.000   7.019 0.000  15.792 0.000 0.032 0.000  3.482 0.559
266.208333 267.208333  0.845 0.559000    8.18 0.000  1.00 0.000 9.999 0.259000  0.25 0.000 0.041 0.559  2.004 0.000  2.805 0.000  14.815 0.000   6.367 0.000   8.448 0.000 0.032 0.000  1.433 0.559
269.208333 270.208333  0.098 0.559000    4.16 0.000  0.25 0.000 9.999 0.259000  0.16 0.000 0.031 0.559  0.525 0.000  0.736 0.000   7.221 0.000   4.837 0.000   2.384 0.000 0.010 0.000  0.432 0.559
272.208333 273.208333  0.657 0.559000   14.66 0.000  1.19 0.000 0.044 0.000000 99.99 0.259 0.034 0.559  1.149 0.000  1.608 0.000  11.165 0.000   5.042 0.000   6.122 0.000 0.037 0.000  0.954 0.559
275.208333 276.208333  1.053 0.559000   19.50 0.000  1.23 0.000 0.038 0.000000  0.17 0.000 0.067 0.559  1.957 0.000  2.739 0.000  16.575 0.000   7.048 0.000   9.527 0.000 0.049 0.000  1.447 0.559
278.208333 279.208333  1.295 0.559000   17.48 0.000  1.63 0.000 0.030 0.000000  0.15 0.000 0.032 0.559  2.892 0.000  4.049 0.000  19.467 0.000   7.286 0.000  12.181 0.000 0.052 0.000  1.809 0.559
281.208333 282.208333  0.287 0.559000    3.85 0.000  0.37 0.000 0.034 0.000000  0.14 0.000 0.064 0.559  0.640 0.000  0.896 0.000   9.813 0.000   6.129 0.000   3.684 0.000 0.014 0.000  0.687 0.559
284.208333 285.208333  2.099 0.559000   10.28 0.000  1.14 0.000 0.038 0.000000  0.61 0.000 0.104 0.559  2.428 0.000  3.399 0.000  24.232 0.000  11.481 0.000  12.751 0.000 0.028 0.000  2.988 0.559
287.208333 288.208333  0.569 0.559000    9.22 0.000  0.82 0.000 9.999 0.259000  0.43 0.000 0.020 0.559  1.271 0.000  1.780 0.000  11.562 0.000   5.765 0.000   5.796 0.000 0.017 0.000  0.765 0.559
290.208333 291.208333  1.025 0.559000   11.50 0.000  1.19 0.000 9.999 0.259000  0.27 0.000 0.038 0.559  2.340 0.000  3.275 0.000  14.705 0.000   4.255 0.000  10.449 0.000 0.036 0.000  1.422 0.559
293.208333 294.208333  1.169 0.559000   21.00 0.000  1.98 0.000 9.999 0.259000  0.50 0.000 0.077 0.559  2.767 0.000  3.874 0.000  19.439 0.000   7.022 0.000  12.417 0.000 0.037 0.000  1.772 0.559
296.208333 297.208333  0.697 0.559000   12.98 0.000  1.15 0.000 9.999 0.259000  0.25 0.000 0.092 0.559  1.577 0.000  2.207 0.000  14.746 0.000   6.915 0.000   7.831 0.000 0.033 0.000  1.090 0.559
299.208333 300.208333  0.400 0.559000    5.69 0.000  0.54 0.000 9.999 0.259000  0.63 0.000 0.081 0.559  1.184 0.000  1.657 0.000  12.235 0.000   6.644 0.000   5.591 0.000 0.023 0.000  0.881 0.559
302.208333 303.208333  0.661 0.559000   22.62 0.000  2.14 0.000 0.030 0.000000  0.22 0.000 0.078 0.559  2.962 0.000  4.147 0.000  15.752 0.000   5.732 0.000  10.021 0.000 0.050 0.000  1.109 0.559
305.208333 306.208333  0.439 0.559000    9.93 0.000  0.66 0.000 0.057 0.000000  0.50 0.000 0.088 0.559  1.878 0.000  2.629 0.000  12.507 0.000   6.121 0.000   6.386 0.000 0.028 0.000  0.815 0.559
308.208333 309.208333  0.018 0.559000    0.54 0.000  0.15 0.000 0.040 0.000000  0.47 0.000 0.032 0.559  0.724 0.000  1.014 0.000  10.667 0.000   8.530 0.000   2.137 0.000 0.013 0.000  0.202 0.559
311.208333 312.208333  0.958 0.559000   14.81 0.000  1.46 0.000 9.999 0.259000  0.82 0.000 0.087 0.559  1.983 0.000  2.777 0.000  15.625 0.000   5.742 0.000   9.883 0.000 0.031 0.000  1.554 0.559
314.208333 315.208333  0.339 0.559000    6.24 0.000  0.73 0.000 9.999 0.259000  0.46 0.000 0.071 0.559  1.498 0.000  2.098 0.000   7.642 0.000   2.034 0.000   5.608 0.000 0.033 0.000  0.683 0.559
317.208333 318.208333  0.229 0.559000   19.85 0.000  1.01 0.000 9.999 0.259000  0.17 0.000 0.034 0.559  1.201 0.000  1.682 0.000   8.972 0.000   5.393 0.000   3.578 0.000 0.026 0.000  0.284 0.559
320.208333 321.208333  0.324 0.559000   11.61 0.000  0.64 0.000 9.999 0.259000  1.18 0.000 0.047 0.559  0.912 0.000  1.277 0.000   7.921 0.000   3.611 0.000   4.310 0.000 0.013 0.000  0.632 0.559
323.208333 324.208333  0.263 0.559000   70.69 0.000  9.76 0.000 0.046 0.000000  0.45 0.000 0.021 0.559  1.500 0.000  2.100 0.000   7.199 0.000   2.758 0.000   4.441 0.000 0.024 0.000  0.361 0.559
326.208333 327.208333  0.894 0.559000   22.74 0.000  4.66 0.000 9.999 0.259000  0.81 0.000 0.065 0.559  3.675 0.000  5.145 0.000  14.612 0.000   2.370 0.000  12.243 0.000 0.055 0.000  1.293 0.559
329.208333 330.208333 99.999 0.999000 9999.99 0.999 99.99 0.999 9.999 0.999000 99.99 0.999 9.999 0.999 99.999 0.999 99.999 0.999 999.999 0.999 999.999 0.999 999.999 0.999 9.999 0.999 99.999 0.999
332.208333 333.208333 99.999 0.999000 9999.99 0.999 99.99 0.999 9.999 0.999000 99.99 0.999 9.999 0.999 99.999 0.999 99.999 0.999 999.999 0.999 999.999 0.999 999.999 0.999 9.999 0.999 99.999 0.999
335.208333 336.208333 99.999 0.999000 9999.99 0.999 99.99 0.999 9.999 0.999000 99.99 0.999 9.999 0.999 99.999 0.999 99.999 0.999 999.999 0.999 999.999 0.999 999.999 0.999 9.999 0.999 99.999 0.999
338.208333 339.208333  0.744 0.559000   19.53 0.000  1.28 0.000 9.999 0.259000  0.73 0.000 0.097 0.559  1.901 0.000  2.661 0.000  10.051 0.000   2.511 0.000   7.540 0.000 0.040 0.000  1.179 0.559
341.208333 342.208333  0.816 0.559000   56.21 0.000  2.63 0.000 9.999 0.259000  0.26 0.000 0.132 0.559  2.972 0.000  4.161 0.000  12.610 0.000   2.388 0.000  10.221 0.000 0.058 0.000  1.069 0.559
344.208333 345.208333  0.406 0.559000   23.59 0.000  1.03 0.000 0.055 0.000000  0.37 0.000 0.035 0.559  1.080 0.000  1.512 0.000   6.104 0.000   3.570 0.000   2.533 0.000 0.022 0.000  0.525 0.559
347.208333 348.208333  0.386 0.559000    7.02 0.000  0.69 0.000 9.999 0.259000  0.22 0.000 0.060 0.559  0.708 0.000  0.991 0.000   4.945 0.000   1.053 0.000   3.891 0.000 0.017 0.000  0.764 0.559
350.208333 351.208333  0.403 0.559000   31.82 0.000  0.82 0.000 9.999 0.259000  0.58 0.000 0.071 0.559  1.059 0.000  1.482 0.000   9.903 0.000   4.941 0.000   4.963 0.000 0.036 0.000  0.688 0.559
353.208333 354.208333  0.383 0.559000   21.61 0.000  0.79 0.000 9.999 0.259000  0.34 0.000 0.038 0.559  0.897 0.000  1.256 0.000   4.850 0.000   1.407 0.000   3.443 0.000 0.024 0.000  0.431 0.559
356.208333 357.208333  0.204 0.559000    4.13 0.000  0.26 0.000 0.126 0.000000  0.30 0.000 0.024 0.559  0.720 0.000  1.009 0.000   4.850 0.000   1.586 0.000   3.264 0.000 0.013 0.000  0.427 0.559
359.208333 360.208333  0.797 0.559000    9.11 0.000  1.04 0.000 0.046 0.000000  0.13 0.000 0.034 0.559  2.114 0.000  2.959 0.000   9.174 0.000   1.550 0.000   7.624 0.000 0.048 0.000  0.940 0.559
362.208333 363.208333  0.407 0.559000   12.65 0.000  1.31 0.000 9.999 0.259000  0.56 0.000 0.075 0.559  1.602 0.000  2.242 0.000  10.180 0.000   4.037 0.000   6.143 0.000 0.030 0.000  0.667 0.559
