scripts/IMPROVE-2019_partial/data/US4205R.20170101050000.20191216000000.filterpack...52w.3d.US03L_filterpack_US4205.US03L_IMPROVE_Davis.lev2.nas
51 1001
MISSING INFORMATION
US03L, IMPROVE, , , , , , , 
MISSING INFORMATION
IMPROVE sel_HTAP
1 1
2017 01 01 2019 12 16
3.000000
days from file reference point
4
1 1 1 1
999.999999 999.999 999.999 9.999
end_time of measurement, days from the file reference point
pm10_mass, ug/m3, Matrix=pm10
pm25_mass, ug/m3, Matrix=pm25
numflag, no unit
0
33
Data definition:              EBAS_1.1
Set type code:                TU
Timezone:                     UTC
File name:                    US4205R.20170101050000.20191216000000.filterpack...52w.3d.US03L_filterpack_US4205.US03L_IMPROVE_Davis.lev2.nas
File creation:                20191218120431
Startdate:                    20170101050000
Revision date:                20191216000000
Version:                      2
Version description:          "Data extracted from http://views.cira.colostate.edu/fed/DataWizard 2019-12-16"
Statistics:                   arithmetic mean
Data level:                   2
Period code:                  52w
Resolution code:              3d
Sample duration:              1d
Orig. time res.:              3d
Station code:                 US4205R
Platform code:                US4205S
Station name:                 Cape Romain National Wildlife Refuge
Station latitude:             32.9419
Station longitude:            -79.6591
Station altitude:             3.0 m
Regime:                       IMG
Component:                    
Unit:                         ug/m3
Matrix:                       
Laboratory code:              US03L
Instrument type:              filterpack
Instrument name:              filterpack_US4205
Method ref:                   US03L_IMPROVE_Davis
Blank correction:             Blank corrected
Volume std. temperature:      ambient
Volume std. pressure:         ambient
starttime endtime PM10 PM2.5 flag
  0.208333   1.208333  10.853   7.796 0.000
  3.208333   4.208333   6.864   4.127 0.000
  6.208333   7.208333   3.577   2.875 0.000
  9.208333  10.208333   5.971   3.682 0.000
 12.208333  13.208333   8.865   5.093 0.000
 15.208333  16.208333   9.247   6.833 0.000
 18.208333  19.208333   8.015   4.763 0.000
 21.208333  22.208333  10.352   4.757 0.000
 24.208333  25.208333  10.563   7.498 0.000
 27.208333  28.208333   5.892   3.974 0.000
 30.208333  31.208333  15.535   9.361 0.000
 33.208333  34.208333  13.598  10.081 0.000
 36.208333  37.208333  16.121  13.657 0.000
 39.208333  40.208333   6.336   3.899 0.000
 42.208333  43.208333  13.902   8.235 0.000
 45.208333  46.208333  10.916   8.195 0.000
 48.208333  49.208333  18.941  15.967 0.000
 51.208333  52.208333  14.119   7.506 0.000
 54.208333  55.208333  12.794   5.893 0.000
 57.208333  58.208333   8.848   3.013 0.000
 60.208333  61.208333  12.310   5.488 0.000
 63.208333  64.208333  11.415   5.178 0.000
 66.208333  67.208333  18.387   9.109 0.000
 69.208333  70.208333   6.331   2.629 0.000
 72.208333  73.208333   4.580   2.782 0.000
 75.208333  76.208333  16.510  12.917 0.000
 78.208333  79.208333  10.556   4.949 0.000
 81.208333  82.208333  14.441   4.644 0.000
 84.208333  85.208333  10.651   3.466 0.000
 87.208333  88.208333  13.257   7.628 0.000
 90.208333  91.208333   8.733   4.249 0.000
 93.208333  94.208333  15.530   6.147 0.000
 96.208333  97.208333   6.396   2.456 0.000
 99.208333 100.208333   5.528   2.184 0.000
102.208333 103.208333  10.204   3.173 0.000
105.208333 106.208333  16.493   6.264 0.000
108.208333 109.208333  15.185   6.228 0.000
111.208333 112.208333  14.055   6.642 0.000
114.208333 115.208333   4.284   2.274 0.000
117.208333 118.208333  20.144   9.988 0.000
120.208333 121.208333  19.657   8.053 0.000
123.208333 124.208333  10.904   4.538 0.000
126.208333 127.208333   5.514   3.510 0.000
129.208333 130.208333  21.509  12.660 0.000
132.208333 133.208333  12.881   7.442 0.000
135.208333 136.208333  13.191   6.680 0.000
138.208333 139.208333  12.296   4.365 0.000
141.208333 142.208333  13.871   5.750 0.000
144.208333 145.208333   7.340   3.342 0.000
147.208333 148.208333  17.368   9.709 0.000
150.208333 151.208333  18.574   9.014 0.000
153.208333 154.208333  15.564   8.648 0.000
156.208333 157.208333  11.831   5.014 0.000
159.208333 160.208333   8.817   4.080 0.000
162.208333 163.208333   7.123   3.036 0.000
165.208333 166.208333  11.265   5.526 0.000
168.208333 169.208333  13.097   5.952 0.000
171.208333 172.208333  15.184   4.411 0.000
174.208333 175.208333  15.854   6.394 0.000
177.208333 178.208333  13.393   7.678 0.000
180.208333 181.208333   8.345   2.976 0.000
183.208333 184.208333  14.980   8.253 0.000
186.208333 187.208333  21.142  10.281 0.000
189.208333 190.208333  10.656   5.094 0.000
192.208333 193.208333  14.209   5.550 0.000
195.208333 196.208333  12.698   5.202 0.000
198.208333 199.208333  12.852   3.642 0.000
201.208333 202.208333  10.620   5.667 0.000
204.208333 205.208333   8.184   4.018 0.000
207.208333 208.208333  19.560   8.623 0.000
210.208333 211.208333  10.804   5.003 0.000
213.208333 214.208333  10.287   4.244 0.000
216.208333 217.208333  13.126   5.979 0.000
219.208333 220.208333  14.255   5.901 0.000
222.208333 223.208333  14.510   4.788 0.000
225.208333 226.208333  11.802   6.462 0.000
228.208333 229.208333  15.714   7.575 0.000
231.208333 232.208333  14.188   7.286 0.000
234.208333 235.208333  19.363   9.081 0.000
237.208333 238.208333  19.980   7.330 0.000
240.208333 241.208333   6.445   2.883 0.000
243.208333 244.208333  16.949   7.392 0.000
246.208333 247.208333  13.262   9.148 0.000
249.208333 250.208333  13.034   8.591 0.000
252.208333 253.208333   9.452   3.492 0.000
255.208333 256.208333   8.863   4.080 0.000
258.208333 259.208333  15.933  11.836 0.000
261.208333 262.208333  11.967   7.908 0.000
264.208333 265.208333  11.462   7.599 0.000
267.208333 268.208333   8.023   4.244 0.000
270.208333 271.208333  18.749  12.252 0.000
273.208333 274.208333  10.616   4.154 0.000
276.208333 277.208333  17.084   5.981 0.000
279.208333 280.208333  11.189   5.019 0.000
282.208333 283.208333  14.144   5.070 0.000
285.208333 286.208333   8.770   4.321 0.000
288.208333 289.208333   7.314   3.991 0.000
291.208333 292.208333   9.361   3.770 0.000
294.208333 295.208333   9.825   4.006 0.000
297.208333 298.208333   8.676   4.198 0.000
300.208333 301.208333   7.499   3.712 0.000
303.208333 304.208333  10.915   6.673 0.000
306.208333 307.208333   8.351   5.196 0.000
309.208333 310.208333  10.714   7.566 0.000
312.208333 313.208333   2.588   1.503 0.000
315.208333 316.208333   8.740   4.106 0.000
318.208333 319.208333 999.999 999.999 0.999
321.208333 322.208333 999.999 999.999 0.999
324.208333 325.208333 999.999 999.999 0.999
327.208333 328.208333   6.133   4.430 0.000
330.208333 331.208333   8.639   6.060 0.000
333.208333 334.208333  10.225   6.821 0.000
336.208333 337.208333  13.048   9.649 0.000
339.208333 340.208333   7.977   4.896 0.000
342.208333 343.208333   2.314   1.862 0.000
345.208333 346.208333  10.307   6.023 0.000
348.208333 349.208333  20.734  15.850 0.000
351.208333 352.208333  11.722   8.913 0.000
354.208333 355.208333  10.458   4.524 0.000
357.208333 358.208333  13.205   8.026 0.000
360.208333 361.208333   4.543   3.053 0.000
363.208333 364.208333  11.815   8.920 0.000
