scripts/IMPROVE-2019_partial/data/US4205R.20010101050000.20191216000000.filterpack..pm25.52w.1w.US03L_filterpack_US4205.US03L_IMPROVE_Davis.lev2.nas
64 1001
MISSING INFORMATION
US03L, IMPROVE, , , , , , , 
MISSING INFORMATION
IMPROVE sel_HTAP
1 1
2001 01 01 2019 12 16
3.000000
days from file reference point
25
1 1 1 1 1 1 1 1 1 1 1 1 1 1 1 1 1 1 1 1 1 1 1 1 1
999.999999 9999.99 9.999 999.99 9.999 9.999 9.999999 99.99 9.999 9.999 9.999 99.999 9.999 999.999 9.999 999.999 9.999 999.999 9.999 999.999 9.999 9.999 9.999 99.999 9.999
end_time of measurement, days from the file reference point
iron, ng/m3, Revision date=20181210133000
numflag iron, no unit, Revision date=20181210133000
lead, ng/m3, Revision date=20181210133000
numflag lead, no unit, Revision date=20181210133000
magnesium, ug/m3, Revision date=20181210133000
numflag magnesium, no unit, Revision date=20181210133000
nickel, ng/m3, Revision date=20181210133000
numflag nickel, no unit, Revision date=20181210133000
nitrate, ug N/m3, Revision date=20181210133000
numflag nitrate, no unit, Revision date=20181210133000
organic_carbon, ug C/m3, Revision date=20181210133000
numflag organic_carbon, no unit, Revision date=20181210133000
organic_mass, ug/m3, Revision date=20181210133000
numflag organic_mass, no unit, Revision date=20181210133000
pm10_mass, ug/m3, Version=2, Version description=Data extracted from http://views.cira.colostate.edu/fed/DataWizard 2019-12-16, Sample duration=1d, Orig. time res.=3d, Matrix=pm10, Blank correction=Blank corrected, Volume std. temperature=ambient, Volume std. pressure=ambient
numflag pm10_mass, no unit, Version=2, Version description=Data extracted from http://views.cira.colostate.edu/fed/DataWizard 2019-12-16, Sample duration=1d, Orig. time res.=3d, Matrix=pm10, Blank correction=Blank corrected, Volume std. temperature=ambient, Volume std. pressure=ambient
pm10_pm25_mass, ug/m3, Revision date=20181210133000, Matrix=pm10_pm25
numflag pm10_pm25_mass, no unit, Revision date=20181210133000, Matrix=pm10_pm25
pm25_mass, ug/m3, Version=2, Version description=Data extracted from http://views.cira.colostate.edu/fed/DataWizard 2019-12-16, Sample duration=1d, Orig. time res.=3d, Blank correction=Blank corrected, Volume std. temperature=ambient, Volume std. pressure=ambient
numflag pm25_mass, no unit, Version=2, Version description=Data extracted from http://views.cira.colostate.edu/fed/DataWizard 2019-12-16, Sample duration=1d, Orig. time res.=3d, Blank correction=Blank corrected, Volume std. temperature=ambient, Volume std. pressure=ambient
potassium, ug/m3, Revision date=20181210133000
numflag potassium, no unit, Revision date=20181210133000
sulphate_total, ug S/m3, Revision date=20181210133000
numflag sulphate_total, no unit, Revision date=20181210133000
0
25
Data definition:              EBAS_1.1
Set type code:                TU
Timezone:                     UTC
File name:                    US4205R.20010101050000.20191216000000.filterpack..pm25.52w.1w.US03L_filterpack_US4205.US03L_IMPROVE_Davis.lev2.nas
File creation:                20191218120429
Startdate:                    20010101050000
Revision date:                20191216000000
Statistics:                   arithmetic mean
Data level:                   2
Period code:                  52w
Resolution code:              1w
Station code:                 US4205R
Platform code:                US4205S
Station name:                 Cape Romain National Wildlife Refuge
Station latitude:             32.9419
Station longitude:            -79.6591
Station altitude:             3.0 m
Regime:                       IMG
Component:                    
Matrix:                       pm25
Laboratory code:              US03L
Instrument type:              filterpack
Instrument name:              filterpack_US4205
Method ref:                   US03L_IMPROVE_Davis
starttime endtime Fe flag_Fe Pb flag_Pb Mg++ flag_Mg++ Ni flag_Ni NO3- flag_NO3- OC flag_OC OM flag_OM PM10 flag_PM10 PM10-PM2.5 flag_PM10-PM2.5 PM2.5 flag_PM2.5 K+ flag_K+ SO4-- flag_SO4--
[from data line 88]
264.208333 265.208333   18.23 0.000   2.51 0.000 9.999 0.259000  2.07 0.000 0.049 0.000  1.550 0.000   2.170 0.000  17.379 0.000   2.406 0.000  14.973 0.000 0.023 0.000  2.741 0.000
267.208333 268.208333   22.71 0.000   1.12 0.000 9.999 0.259000  0.16 0.000 0.072 0.000  2.417 0.000   3.384 0.000  11.017 0.000   2.608 0.000   8.409 0.000 0.032 0.000  1.033 0.000
270.208333 271.208333   25.44 0.000   2.04 0.000 9.999 0.259000 99.99 0.259 0.049 0.000  2.082 0.000   2.915 0.000  12.659 0.000   0.939 0.000  11.721 0.000 0.041 0.000  1.707 0.000
273.208333 274.208333   22.84 0.000   2.13 0.000 9.999 0.259000 99.99 0.259 0.043 0.000  2.317 0.000   3.244 0.000  10.344 0.000   2.070 0.000   8.274 0.000 0.029 0.000  0.906 0.000
276.208333 277.208333   18.29 0.000   1.13 0.000 9.999 0.259000  0.85 0.000 0.057 0.000  0.838 0.000   1.174 0.000   8.959 0.000   1.665 0.000   7.295 0.000 0.030 0.000  1.214 0.000
279.208333 280.208333   11.86 0.000   1.78 0.000 0.023 0.000000 99.99 0.259 0.037 0.000  0.883 0.000   1.236 0.000   5.823 0.000   0.688 0.000   5.135 0.000 0.018 0.000  0.759 0.000
282.208333 283.208333    9.04 0.000   0.50 0.000 9.999 0.259000  0.47 0.000 0.064 0.000  0.496 0.000   0.695 0.000   7.376 0.000   4.034 0.000   3.343 0.000 0.018 0.000  0.298 0.000
285.208333 286.208333    6.49 0.000   0.23 0.000 9.999 0.259000  0.39 0.000 0.041 0.000  0.269 0.000   0.376 0.000   4.534 0.000   2.267 0.000   2.266 0.000 0.007 0.000  0.265 0.000
288.208333 289.208333   21.01 0.000   1.54 0.000 9.999 0.259000  0.10 0.000 0.065 0.000  1.593 0.000   2.230 0.000   8.981 0.000   2.756 0.000   6.225 0.000 0.030 0.000  0.640 0.000
291.208333 292.208333   23.59 0.000   1.02 0.000 9.999 0.259000  0.45 0.000 0.101 0.000  1.286 0.000   1.800 0.000  10.815 0.000   3.111 0.000   7.703 0.000 0.030 0.000  1.115 0.000
294.208333 295.208333    7.32 0.000   0.51 0.000 9.999 0.259000  0.45 0.000 0.080 0.000  0.623 0.000   0.872 0.000   7.664 0.000   3.064 0.000   4.600 0.000 0.021 0.000  0.650 0.000
297.208333 298.208333   30.03 0.000   2.33 0.000 9.999 0.259000  0.91 0.000 0.055 0.000  1.230 0.000   1.722 0.000   9.175 0.000   2.700 0.000   6.476 0.000 0.023 0.000  0.968 0.000
300.208333 301.208333   39.38 0.000   1.02 0.000 9.999 0.259000 99.99 0.259 0.035 0.000  1.338 0.000   1.873 0.000   6.981 0.000   1.368 0.000   5.613 0.000 0.022 0.000  0.688 0.000
303.208333 304.208333   45.79 0.000   3.53 0.000 0.041 0.000000  0.66 0.000 0.141 0.000  2.428 0.000   3.399 0.000  15.780 0.000   3.048 0.000  12.732 0.000 0.046 0.000  1.827 0.000
306.208333 307.208333    5.24 0.000 999.99 0.259 9.999 0.259000  0.20 0.000 0.063 0.000  0.763 0.000   1.068 0.000   6.297 0.000   3.172 0.000   3.125 0.000 0.021 0.000  0.281 0.000
309.208333 310.208333   37.85 0.000   1.69 0.000 0.017 0.000000 99.99 0.259 0.066 0.000  2.436 0.000   3.410 0.000   9.566 0.000   2.489 0.000   7.077 0.000 0.039 0.000  0.544 0.000
312.208333 313.208333   44.48 0.000   2.58 0.000 9.999 0.259000  0.29 0.000 0.126 0.000  6.827 0.000   9.558 0.000  22.734 0.000   2.136 0.000  20.598 0.000 0.087 0.000  1.940 0.000
315.208333 316.208333   28.92 0.000   1.62 0.000 9.999 0.259000 99.99 0.259 0.124 0.000  2.581 0.000   3.614 0.000  14.145 0.000   3.875 0.000  10.270 0.000 0.040 0.000  1.131 0.000
318.208333 319.208333   17.09 0.000   0.66 0.000 9.999 0.259000  0.42 0.000 0.074 0.000  0.806 0.000   1.129 0.000   7.885 0.000   3.391 0.000   4.494 0.000 0.020 0.000  0.511 0.000
321.208333 322.208333   25.47 0.000   1.49 0.000 9.999 0.259000  0.63 0.000 0.183 0.000  2.511 0.000   3.516 0.000  15.372 0.000   3.124 0.000  12.248 0.000 0.052 0.000  1.676 0.000
324.208333 325.208333   46.44 0.000   1.37 0.000 9.999 0.259000  0.62 0.000 0.076 0.000  1.789 0.000   2.505 0.000   9.998 0.000   3.550 0.000   6.448 0.000 9.999 0.259  0.640 0.000
327.208333 328.208333    2.65 0.000   0.18 0.000 9.999 0.259000  0.27 0.000 0.049 0.000  0.499 0.000   0.698 0.000   9.751 0.000   5.121 0.000   4.630 0.000 0.015 0.000  0.423 0.000
330.208333 331.208333    2.98 0.000   0.91 0.000 9.999 0.259000  0.86 0.000 0.071 0.000  0.609 0.000   0.853 0.000   5.818 0.000   3.098 0.000   2.719 0.000 9.999 0.259  0.266 0.000
333.208333 334.208333   10.68 0.000   0.60 0.000 9.999 0.259000  1.89 0.000 0.127 0.000  0.754 0.000   1.056 0.000  11.586 0.000   4.729 0.000   6.857 0.000 0.031 0.000  0.997 0.000
336.208333 337.208333   30.08 0.000   2.75 0.000 9.999 0.259000  0.69 0.000 0.164 0.000  2.390 0.000   3.346 0.000  14.943 0.000   1.347 0.000  13.596 0.000 0.151 0.000  1.916 0.000
339.208333 340.208333    5.33 0.000 999.99 0.259 9.999 0.259000  0.58 0.000 0.071 0.000  0.483 0.000   0.676 0.000   4.462 0.000   1.829 0.000   2.633 0.000 0.015 0.000  0.389 0.000
342.208333 343.208333    9.82 0.000   1.44 0.000 9.999 0.259000  0.45 0.000 0.109 0.559  1.549 0.000   2.169 0.000   9.838 0.000   2.220 0.000   7.618 0.000 0.031 0.000  1.122 0.559
345.208333 346.208333   13.03 0.000   3.23 0.000 9.999 0.259000  0.48 0.000 0.099 0.000  1.768 0.000   2.475 0.000   9.780 0.000   1.302 0.000   8.478 0.000 0.046 0.000  1.456 0.000
348.208333 349.208333   10.61 0.000   1.38 0.000 9.999 0.259000  0.62 0.000 0.104 0.000  1.867 0.000   2.614 0.000   7.885 0.000   1.957 0.000   5.928 0.000 0.035 0.000  0.643 0.000
351.208333 352.208333    8.69 0.000   0.79 0.000 9.999 0.259000  0.22 0.000 0.031 0.000  1.109 0.000   1.552 0.000   4.825 0.000   1.479 0.000   3.346 0.000 0.022 0.000  0.350 0.000
354.208333 355.208333   67.17 0.000   2.72 0.000 9.999 0.259000  0.10 0.000 0.086 0.559  3.294 0.000   4.612 0.000   7.459 0.000 999.999 0.259   7.530 0.000 0.060 0.000  0.380 0.559
357.208333 358.208333   14.83 0.000   1.32 0.000 9.999 0.259000  0.33 0.000 0.049 0.000  1.159 0.000   1.622 0.000   5.781 0.000   1.880 0.000   3.901 0.000 0.022 0.000  0.472 0.000
360.208333 361.208333   16.89 0.000   1.53 0.000 9.999 0.259000  0.27 0.000 0.176 0.000  1.793 0.000   2.511 0.000   7.349 0.000   1.758 0.000   5.591 0.000 0.039 0.000  0.380 0.000
363.208333 364.208333   14.17 0.000   1.18 0.000 9.999 0.259000 99.99 0.259 0.056 0.000  1.972 0.000   2.761 0.000   7.712 0.000   0.650 0.000   7.062 0.000 0.041 0.000  0.698 0.000
