scripts/IMPROVE-2019_partial/data/US4205R.19950104050000.20191216000000.filterpack...1y.3d.US03L_filterpack_US4205.US03L_IMPROVE_Davis.lev2.nas
51 1001
MISSING INFORMATION
US03L, IMPROVE, , , , , , , 
MISSING INFORMATION
IMPROVE sel_HTAP
1 1
1995 01 01 2019 12 16
0
days from file reference point
4
1 1 1 1
999.999999 999.999 999.999 9.999
end_time of measurement, days from the file reference point
pm10_mass, ug/m3, Matrix=pm10
pm25_mass, ug/m3, Matrix=pm25
numflag, no unit
0
33
Data definition:              EBAS_1.1
Set type code:                TI
Timezone:                     UTC
File name:                    US4205R.19950104050000.20191216000000.filterpack...1y.3d.US03L_filterpack_US4205.US03L_IMPROVE_Davis.lev2.nas
File creation:                20191218120428
Startdate:                    19950104050000
Revision date:                20191216000000
Version:                      2
Version description:          "Data extracted from http://views.cira.colostate.edu/fed/DataWizard 2019-12-16"
Statistics:                   arithmetic mean
Data level:                   2
Period code:                  1y
Resolution code:              3d
Sample duration:              1d
Orig. time res.:              3d
Station code:                 US4205R
Platform code:                US4205S
Station name:                 Cape Romain National Wildlife Refuge
Station latitude:             32.9419
Station longitude:            -79.6591
Station altitude:             3.0 m
Regime:                       IMG
Component:                    
Unit:                         ug/m3
Matrix:                       
Laboratory code:              US03L
Instrument type:              filterpack
Instrument name:              filterpack_US4205
Method ref:                   US03L_IMPROVE_Davis
Blank correction:             Blank corrected
Volume std. temperature:      ambient
Volume std. pressure:         ambient
starttime endtime PM10 PM2.5 flag
  3.208333   4.208333  13.636  10.581 0.000
  6.208333   7.208333  12.632   6.718 0.000
 10.208333  11.208333  17.905   7.945 0.000
 13.208333  14.208333  33.099  13.659 0.000
 17.208333  18.208333  15.226   7.508 0.000
 20.208333  21.208333  17.816   9.621 0.000
 24.208333  25.208333  14.974   9.338 0.000
 27.208333  28.208333  18.794  12.019 0.000
 31.208333  32.208333  18.438  13.683 0.000
 34.208333  35.208333   9.548   5.304 0.000
 38.208333  39.208333  14.241   5.204 0.000
 41.208333  42.208333  17.828   7.712 0.000
 45.208333  46.208333  34.898   8.941 0.000
 48.208333  49.208333  15.050   5.452 0.000
 52.208333  53.208333   8.585   6.101 0.000
 55.208333  56.208333 999.999 999.999 0.999
 59.208333  60.208333   6.855   4.873 0.000
 62.208333  63.208333  15.860  13.194 0.000
 66.208333  67.208333  14.118   7.421 0.000
 69.208333  70.208333  16.306  10.506 0.000
 73.208333  74.208333  19.280  13.768 0.000
 76.208333  77.208333  22.491  13.491 0.000
 80.208333  81.208333  32.986  19.576 0.000
 83.208333  84.208333  15.324   8.657 0.000
 87.208333  88.208333  23.809  13.418 0.000
 90.208333  91.208333  29.815  20.370 0.000
 94.208333  95.208333  23.816  12.676 0.000
 97.208333  98.208333  15.912  10.034 0.000
101.208333 102.208333  21.918   7.213 0.000
104.208333 105.208333  20.582  10.506 0.000
108.208333 109.208333  27.821  15.266 0.000
111.208333 112.208333  20.334  11.644 0.000
115.208333 116.208333  18.235  13.919 0.000
118.208333 119.208333  15.321   9.903 0.000
122.208333 123.208333  21.412  11.736 0.000
125.208333 126.208333  23.672  14.976 0.000
129.208333 130.208333  28.625  14.186 0.000
132.208333 133.208333  24.203  16.797 0.000
136.208333 137.208333  22.805  11.534 0.000
139.208333 140.208333  15.460   8.584 0.000
143.208333 144.208333  16.751   9.740 0.000
146.208333 147.208333  18.965  10.506 0.000
150.208333 151.208333  20.053  15.106 0.000
153.208333 154.208333  10.217   4.855 0.000
157.208333 158.208333  26.797  22.252 0.000
160.208333 161.208333  26.865  21.877 0.000
164.208333 165.208333  50.940  17.029 0.000
167.208333 168.208333  15.843  13.560 0.000
171.208333 172.208333  16.943   4.728 0.000
174.208333 175.208333  22.246  11.417 0.000
178.208333 179.208333  20.709  12.820 0.000
181.208333 182.208333  25.782  15.775 0.000
185.208333 186.208333  49.183  31.877 0.000
188.208333 189.208333  24.325  15.469 0.000
192.208333 193.208333  25.032  15.492 0.000
195.208333 196.208333  16.165   9.734 0.000
199.208333 200.208333  28.537   6.678 0.000
202.208333 203.208333  25.476  18.233 0.000
206.208333 207.208333  18.880  10.432 0.000
209.208333 210.208333  13.047   5.089 0.000
213.208333 214.208333  18.347   5.661 0.000
216.208333 217.208333  24.347   8.403 0.000
220.208333 221.208333  18.928   8.136 0.000
223.208333 224.208333  28.641  21.331 0.000
227.208333 228.208333  43.224  28.914 0.000
230.208333 231.208333  22.980  15.091 0.000
234.208333 235.208333  11.979   4.460 0.000
237.208333 238.208333  21.801   9.515 0.000
241.208333 242.208333  35.977  25.233 0.000
244.208333 245.208333  23.105  14.518 0.000
248.208333 249.208333  14.856   6.736 0.000
251.208333 252.208333  14.571   8.836 0.000
255.208333 256.208333  14.768   7.003 0.000
258.208333 259.208333  17.042   9.570 0.000
262.208333 263.208333  15.188   7.214 0.000
265.208333 266.208333  12.916   8.598 0.000
269.208333 270.208333 999.999 999.999 0.999
272.208333 273.208333 999.999 999.999 0.999
276.208333 277.208333  13.581   7.091 0.000
279.208333 280.208333  19.933  10.257 0.000
283.208333 284.208333  18.959   7.472 0.000
286.208333 287.208333  20.286  11.023 0.000
290.208333 291.208333  18.518   6.914 0.000
293.208333 294.208333  10.462   5.381 0.000
297.208333 298.208333  18.596   9.788 0.000
300.208333 301.208333  11.787   4.849 0.000
304.208333 305.208333  10.488   4.977 0.000
307.208333 308.208333  10.440   5.141 0.000
311.208333 312.208333  10.293   5.746 0.000
314.208333 315.208333  19.540 999.999 0.000
318.208333 319.208333  15.063   7.476 0.000
321.208333 322.208333  15.097  10.479 0.000
325.208333 326.208333  10.154   4.587 0.000
328.208333 329.208333  17.286  14.657 0.000
332.208333 333.208333 999.999  10.260 0.000
335.208333 336.208333  19.231  14.765 0.000
339.208333 340.208333  26.439  20.058 0.000
342.208333 343.208333  16.204  10.076 0.000
346.208333 347.208333 999.999 999.999 0.999
349.208333 350.208333 999.999 999.999 0.999
353.208333 354.208333 999.999 999.999 0.999
356.208333 357.208333 999.999 999.999 0.999
360.208333 361.208333  20.073   9.843 0.000
363.208333 364.208333  19.834  10.166 0.000
