scripts/IMPROVE-2019_partial/data/US4205R.20030103050000.20191216000000.filterpack..pm25.1y.1w.US03L_filterpack_US4205.US03L_IMPROVE_Davis.lev2.nas
66 1001
MISSING INFORMATION
US03L, IMPROVE, , , , , , , 
MISSING INFORMATION
IMPROVE sel_HTAP
1 1
2003 01 01 2019 12 16
3.000000
days from file reference point
27
1 1 1 1 1 1 1 1 1 1 1 1 1 1 1 1 1 1 1 1 1 1 1 1 1 1 1
999.999999 99.999 9.999999 9999.99 9.999 99.99 9.999 9.999 9.999999 99.99 9.999 9.999 9.999 99.999 9.999 99.999 9.999 999.999 9.999 999.999 9.999 999.999 9.999 9.999 9.999 99.999 9.999
end_time of measurement, days from the file reference point
ammonium, ug N/m3, Revision date=20181210133000
numflag ammonium, no unit, Revision date=20181210133000
iron, ng/m3, Revision date=20181210133000
numflag iron, no unit, Revision date=20181210133000
lead, ng/m3, Revision date=20181210133000
numflag lead, no unit, Revision date=20181210133000
magnesium, ug/m3, Revision date=20181210133000
numflag magnesium, no unit, Revision date=20181210133000
nickel, ng/m3, Revision date=20181210133000
numflag nickel, no unit, Revision date=20181210133000
nitrate, ug N/m3, Revision date=20181210133000
numflag nitrate, no unit, Revision date=20181210133000
organic_carbon, ug C/m3, Revision date=20181210133000
numflag organic_carbon, no unit, Revision date=20181210133000
organic_mass, ug/m3, Revision date=20181210133000
numflag organic_mass, no unit, Revision date=20181210133000
pm10_mass, ug/m3, Version=2, Version description=Data extracted from http://views.cira.colostate.edu/fed/DataWizard 2019-12-16, Sample duration=1d, Orig. time res.=3d, Matrix=pm10, Blank correction=Blank corrected, Volume std. temperature=ambient, Volume std. pressure=ambient
numflag pm10_mass, no unit, Version=2, Version description=Data extracted from http://views.cira.colostate.edu/fed/DataWizard 2019-12-16, Sample duration=1d, Orig. time res.=3d, Matrix=pm10, Blank correction=Blank corrected, Volume std. temperature=ambient, Volume std. pressure=ambient
pm10_pm25_mass, ug/m3, Revision date=20181210133000, Matrix=pm10_pm25
numflag pm10_pm25_mass, no unit, Revision date=20181210133000, Matrix=pm10_pm25
pm25_mass, ug/m3, Version=2, Version description=Data extracted from http://views.cira.colostate.edu/fed/DataWizard 2019-12-16, Sample duration=1d, Orig. time res.=3d, Blank correction=Blank corrected, Volume std. temperature=ambient, Volume std. pressure=ambient
numflag pm25_mass, no unit, Version=2, Version description=Data extracted from http://views.cira.colostate.edu/fed/DataWizard 2019-12-16, Sample duration=1d, Orig. time res.=3d, Blank correction=Blank corrected, Volume std. temperature=ambient, Volume std. pressure=ambient
potassium, ug/m3, Revision date=20181210133000
numflag potassium, no unit, Revision date=20181210133000
sulphate_total, ug S/m3, Revision date=20181210133000
numflag sulphate_total, no unit, Revision date=20181210133000
0
25
Data definition:              EBAS_1.1
Set type code:                TU
Timezone:                     UTC
File name:                    US4205R.20030103050000.20191216000000.filterpack..pm25.1y.1w.US03L_filterpack_US4205.US03L_IMPROVE_Davis.lev2.nas
File creation:                20191218120429
Startdate:                    20030103050000
Revision date:                20191216000000
Statistics:                   arithmetic mean
Data level:                   2
Period code:                  1y
Resolution code:              1w
Station code:                 US4205R
Platform code:                US4205S
Station name:                 Cape Romain National Wildlife Refuge
Station latitude:             32.9419
Station longitude:            -79.6591
Station altitude:             3.0 m
Regime:                       IMG
Component:                    
Matrix:                       pm25
Laboratory code:              US03L
Instrument type:              filterpack
Instrument name:              filterpack_US4205
Method ref:                   US03L_IMPROVE_Davis
starttime endtime NH4+ flag_NH4+ Fe flag_Fe Pb flag_Pb Mg++ flag_Mg++ Ni flag_Ni NO3- flag_NO3- OC flag_OC OM flag_OM PM10 flag_PM10 PM10-PM2.5 flag_PM10-PM2.5 PM2.5 flag_PM2.5 K+ flag_K+ SO4-- flag_SO4--
  2.208333   3.208333  0.619 0.000000   13.55 0.000  0.88 0.000 9.999 0.259000  0.52 0.000 0.078 0.000  1.019 0.000  1.427 0.000   9.657 0.000   3.938 0.000   5.719 0.000 0.036 0.000  0.933 0.000
  5.208333   6.208333  0.607 0.000000   16.65 0.000  1.52 0.000 9.999 0.259000  0.73 0.000 0.096 0.000  1.990 0.000  2.786 0.000  10.636 0.000   3.485 0.000   7.151 0.000 0.047 0.000  0.780 0.000
  8.208333   9.208333  0.694 0.000000   22.92 0.000  2.01 0.000 9.999 0.259000  0.43 0.000 0.130 0.000  4.625 0.000  6.474 0.000  17.016 0.000   5.768 0.000  11.248 0.000 0.084 0.000  0.901 0.000
 11.208333  12.208333  0.327 0.000000   12.35 0.000  1.48 0.000 9.999 0.259000  0.22 0.000 0.189 0.000  1.651 0.000  2.311 0.000   8.479 0.000   3.986 0.000   4.494 0.000 0.038 0.000  0.340 0.000
 14.208333  15.208333  0.781 0.559000   17.51 0.000  0.97 0.000 9.999 0.259000  0.28 0.000 0.216 0.559  2.525 0.000  3.535 0.000  12.994 0.000   4.908 0.000   8.086 0.000 0.053 0.000  0.811 0.559
 17.208333  18.208333  0.950 0.000000   13.96 0.000  1.98 0.000 9.999 0.259000  0.33 0.000 0.304 0.000  1.996 0.000  2.795 0.000  10.563 0.000   2.743 0.000   7.820 0.000 0.051 0.000  0.970 0.000
 20.208333  21.208333  0.679 0.000000   53.31 0.000  0.99 0.000 0.030 0.000000  0.43 0.000 0.264 0.000  2.597 0.000  3.636 0.000  15.899 0.000   7.795 0.000   8.104 0.000 0.058 0.000  0.862 0.000
 23.208333  24.208333  0.402 0.000000   14.71 0.000  1.06 0.000 9.999 0.259000  0.65 0.000 0.151 0.000  0.878 0.000  1.229 0.000   7.643 0.000   3.724 0.000   3.919 0.000 0.029 0.000  0.518 0.000
 26.208333  27.208333  0.596 0.559000   22.32 0.000  1.97 0.000 9.999 0.259000  0.16 0.000 0.234 0.559  1.293 0.000  1.810 0.000   8.662 0.000   3.665 0.000   4.998 0.000 0.032 0.000  0.579 0.559
 29.208333  30.208333  0.723 0.000000   10.02 0.000  1.36 0.000 9.999 0.259000  1.59 0.000 0.108 0.000  2.285 0.000  3.199 0.000  12.701 0.000   4.918 0.000   7.784 0.000 0.049 0.000  1.016 0.000
 32.208333  33.208333  0.955 0.000000   22.88 0.000  2.90 0.000 9.999 0.259000  1.64 0.000 0.185 0.000  2.266 0.000  3.172 0.000  12.948 0.000   4.604 0.000   8.345 0.000 0.066 0.000  1.153 0.000
 35.208333  36.208333  0.409 0.000000   14.61 0.000  1.45 0.000 9.999 0.259000  0.42 0.000 0.042 0.000  1.442 0.000  2.019 0.000   6.764 0.000   2.434 0.000   4.329 0.000 0.032 0.000  0.488 0.000
 38.208333  39.208333  1.436 0.559000   10.43 0.000  1.73 0.000 9.999 0.259000  0.47 0.000 0.152 0.559  2.322 0.000  3.250 0.000  12.406 0.000   2.353 0.000  10.053 0.000 0.041 0.000  1.679 0.559
 41.208333  42.208333  0.949 0.000000   16.53 0.000  1.28 0.000 0.021 0.000000  0.58 0.000 0.092 0.000  1.472 0.000  2.060 0.000   9.210 0.000   2.457 0.000   6.753 0.000 0.032 0.000  1.119 0.000
 44.208333  45.208333  0.567 0.559000   23.64 0.000  8.10 0.000 9.999 0.259000  1.67 0.000 0.252 0.559  3.745 0.000  5.243 0.000  12.507 0.000   3.529 0.000   8.978 0.000 0.055 0.000  0.562 0.559
 47.208333  48.208333  0.672 0.000000    5.27 0.000  0.62 0.000 9.999 0.259000  0.70 0.000 0.018 0.000  0.815 0.000  1.141 0.000   7.999 0.000   1.550 0.000   6.448 0.000 0.017 0.000  1.407 0.000
 50.208333  51.208333  1.621 0.559000   14.23 0.000  1.50 0.000 0.039 0.000000  1.10 0.000 0.113 0.559  1.876 0.000  2.626 0.000  15.925 0.000   4.244 0.000  11.681 0.000 0.035 0.000  2.441 0.559
 53.208333  54.208333  0.299 0.000000    7.18 0.000  0.68 0.000 9.999 0.259000  0.15 0.000 0.042 0.000  0.724 0.000  1.014 0.000   6.474 0.000   3.632 0.000   2.842 0.000 0.013 0.000  0.478 0.000
 56.208333  57.208333  2.002 0.559000   21.52 0.000  1.95 0.000 0.036 0.000000  0.92 0.000 0.278 0.559  2.149 0.000  3.008 0.000  27.199 0.000  12.584 0.000  14.615 0.000 0.051 0.000  3.110 0.559
 59.208333  60.208333  0.433 0.559000    3.30 0.000  0.40 0.000 9.999 0.259000  0.55 0.000 0.101 0.559  0.578 0.000  0.809 0.000   8.427 0.000   4.197 0.000   4.231 0.000 0.013 0.000  0.936 0.559
 62.208333  63.208333  0.784 0.000000    6.07 0.000  0.80 0.000 9.999 0.259000  0.35 0.000 0.151 0.000  1.705 0.000  2.387 0.000  11.586 0.000   3.979 0.000   7.607 0.000 0.038 0.000  1.228 0.000
 65.208333  66.208333  0.670 0.559000    8.99 0.000  0.84 0.000 9.999 0.259000  1.20 0.000 0.134 0.559  0.969 0.000  1.356 0.000  11.429 0.000   5.880 0.000   5.550 0.000 0.017 0.000  1.099 0.559
 68.208333  69.208333  1.059 0.000000   16.09 0.000  1.16 0.000 0.049 0.000000  1.42 0.000 0.115 0.000  1.863 0.000  2.608 0.000  13.205 0.000   4.760 0.000   8.445 0.000 0.037 0.000  1.561 0.000
 71.208333  72.208333  0.616 0.559000   18.36 0.000  1.33 0.000 0.070 0.000000  1.18 0.000 0.100 0.559  1.130 0.000  1.582 0.000  10.219 0.000   3.741 0.000   6.478 0.000 0.031 0.000  1.212 0.559
 74.208333  75.208333  0.494 0.000000   53.44 0.000  2.40 0.000 0.027 0.000000  2.23 0.000 0.058 0.000  0.822 0.000  1.150 0.000   8.276 0.000   3.257 0.000   5.019 0.000 0.031 0.000  1.082 0.000
 77.208333  78.208333  0.899 0.000000    8.15 0.000  0.67 0.000 0.042 0.000000  0.98 0.000 0.212 0.000  0.935 0.000  1.309 0.000  12.594 0.000   5.678 0.000   6.915 0.000 0.020 0.000  1.612 0.000
 80.208333  81.208333  0.801 0.559000   28.67 0.000  1.31 0.000 0.016 0.000000  1.01 0.000 0.072 0.559  2.469 0.000  3.457 0.000  13.421 0.000   4.535 0.000   8.886 0.000 0.050 0.000  1.189 0.559
 83.208333  84.208333  1.765 0.000000   16.46 0.000  1.75 0.000 0.027 0.000000  0.34 0.000 0.070 0.000  1.496 0.000  2.094 0.000  16.886 0.000   4.130 0.000  12.756 0.000 0.027 0.000  2.758 0.000
 86.208333  87.208333  0.052 0.000000    4.20 0.000  0.34 0.000 9.999 0.259000  0.36 0.000 0.085 0.000  0.375 0.000  0.525 0.000  13.567 0.000  10.707 0.000   2.860 0.000 0.022 0.000  0.462 0.000
 89.208333  90.208333  0.622 0.000000   12.04 0.000  0.92 0.000 9.999 0.259000  0.33 0.000 0.034 0.000  0.916 0.000  1.283 0.000   6.363 0.000   1.850 0.000   4.512 0.000 0.022 0.000  0.816 0.000
 92.208333  93.208333  0.850 0.000000   21.47 0.559  1.28 0.559 9.999 0.559259  0.57 0.559 0.148 0.000  2.212 0.000  3.097 0.000  17.023 0.000   7.707 0.000   9.316 0.559 0.056 0.559  1.327 0.000
 95.208333  96.208333  0.902 0.559000   16.21 0.559  1.87 0.559 0.016 0.559000  1.32 0.559 0.177 0.559  2.613 0.000  3.658 0.000  20.976 0.000  10.305 0.000  10.671 0.559 0.052 0.559  1.697 0.559
 98.208333  99.208333  0.184 0.559000    1.38 0.000 99.99 0.259 9.999 0.259000  0.22 0.000 0.025 0.559  0.454 0.000  0.635 0.000  20.027 0.000  17.693 0.000   2.334 0.000 0.007 0.000  0.459 0.559
101.208333 102.208333  0.925 0.000000   19.12 0.000  1.52 0.000 9.999 0.259000  0.92 0.000 0.064 0.000  1.587 0.000  2.222 0.000  11.048 0.000   3.527 0.000   7.521 0.000 0.024 0.000  1.314 0.000
104.208333 105.208333  0.654 0.000000   11.50 0.000  1.78 0.000 0.041 0.000000  0.49 0.000 0.057 0.000  1.041 0.000  1.457 0.000  11.964 0.000   4.918 0.000   7.046 0.000 0.024 0.000  1.355 0.000
107.208333 108.208333  0.292 0.000000   15.03 0.000  0.67 0.000 9.999 0.259000  0.44 0.000 0.124 0.000  0.463 0.000  0.649 0.000  16.975 0.000  11.629 0.000   5.346 0.000 0.037 0.000  1.089 0.000
110.208333 111.208333  1.172 0.000000   23.45 0.000  1.45 0.000 9.999 0.259000  0.74 0.000 0.146 0.000  1.921 0.000  2.689 0.000  17.046 0.000   6.876 0.000  10.170 0.000 0.034 0.000  2.115 0.000
113.208333 114.208333  1.447 0.000000   35.03 0.000  4.07 0.000 9.999 0.259000  1.47 0.000 0.060 0.000  1.649 0.000  2.308 0.000  14.501 0.000   4.055 0.000  10.446 0.000 0.029 0.000  2.059 0.000
116.208333 117.208333  0.919 0.000000   10.54 0.000  1.16 0.000 9.999 0.259000  0.51 0.000 0.060 0.000  1.865 0.000  2.611 0.000  13.457 0.000   5.777 0.000   7.680 0.000 0.025 0.000  1.471 0.000
119.208333 120.208333  0.329 0.000000    7.64 0.000  0.37 0.000 9.999 0.259000  0.72 0.000 0.077 0.000  3.054 0.000  4.275 0.000  10.650 0.000   4.295 0.000   6.356 0.000 0.026 0.000  0.826 0.000
122.208333 123.208333 99.999 0.999000 9999.99 0.999 99.99 0.999 9.999 0.999000 99.99 0.999 9.999 0.999 99.999 0.999 99.999 0.999 999.999 0.999 999.999 0.999 999.999 0.999 9.999 0.999 99.999 0.999
125.208333 126.208333 99.999 0.999000 9999.99 0.999 99.99 0.999 9.999 0.999000 99.99 0.999 9.999 0.999 99.999 0.999 99.999 0.999 999.999 0.999 999.999 0.999 999.999 0.999 9.999 0.999 99.999 0.999
128.208333 129.208333  0.529 0.000000   24.55 0.000  0.46 0.000 9.999 0.259000  0.83 0.000 0.135 0.000  2.356 0.000  3.298 0.000  17.628 0.000   8.955 0.000   8.673 0.000 0.040 0.000  1.244 0.000
131.208333 132.208333  0.451 0.000000   29.93 0.000  1.10 0.000 9.999 0.259000  0.23 0.000 0.037 0.000  1.921 0.000  2.689 0.000  14.285 0.000   8.171 0.000   6.114 0.000 0.040 0.000  0.675 0.000
134.208333 135.208333  0.455 0.559000   10.97 0.000  0.61 0.000 9.999 0.259000  0.27 0.000 0.061 0.559  1.861 0.000  2.606 0.000  13.817 0.000   7.341 0.000   6.476 0.000 0.022 0.000  1.003 0.559
137.208333 138.208333  0.081 0.000000    4.81 0.000  0.19 0.000 9.999 0.259000  0.36 0.000 0.148 0.000  0.427 0.000  0.597 0.000  24.699 0.000  20.392 0.000   4.307 0.000 0.027 0.000  0.850 0.000
140.208333 141.208333  0.187 0.000000   15.44 0.000  0.45 0.000 9.999 0.259000  0.38 0.000 0.059 0.000  1.426 0.000  1.997 0.000  12.242 0.000   8.478 0.000   3.764 0.000 0.024 0.000  0.529 0.000
143.208333 144.208333  0.134 0.000000    5.51 0.000  0.38 0.000 9.999 0.259000  0.24 0.000 0.036 0.000  0.989 0.000  1.385 0.000   7.195 0.000   4.851 0.000   2.344 0.000 0.010 0.000  0.302 0.000
146.208333 147.208333  1.368 0.000000   15.32 0.000  1.53 0.000 9.999 0.259000  0.33 0.000 0.057 0.000  3.668 0.000  5.135 0.000  23.947 0.000  11.136 0.000  12.811 0.000 0.035 0.000  2.280 0.000
149.208333 150.208333  1.435 0.000000   30.77 0.000  2.58 0.000 9.999 0.259000  1.18 0.000 0.057 0.000  5.569 0.000  7.797 0.000  23.908 0.000   7.971 0.000  15.937 0.000 0.077 0.000  2.149 0.000
152.208333 153.208333  0.995 0.000000   10.95 0.000  1.26 0.000 9.999 0.259000  0.36 0.000 0.029 0.000  2.559 0.000  3.583 0.000  14.321 0.000   4.349 0.000   9.972 0.000 0.031 0.000  1.435 0.000
155.208333 156.208333  1.101 0.000000   42.22 0.000  1.02 0.000 9.999 0.259000  0.80 0.000 0.078 0.000  2.601 0.000  3.641 0.000  19.587 0.000   9.053 0.000  10.534 0.000 0.046 0.000  1.792 0.000
158.208333 159.208333  0.167 0.000000    8.44 0.000  0.31 0.000 9.999 0.259000  0.64 0.000 0.091 0.000  0.794 0.000  1.111 0.000  11.168 0.000   7.961 0.000   3.207 0.000 0.018 0.000  0.680 0.000
161.208333 162.208333  0.860 0.000000   11.74 0.000  0.51 0.000 9.999 0.259000  1.32 0.000 0.075 0.000  0.860 0.000  1.204 0.000  14.174 0.000   5.670 0.000   8.504 0.000 0.025 0.000  2.149 0.000
164.208333 165.208333  0.137 0.000000    6.16 0.000 99.99 0.259 9.999 0.259000  0.68 0.000 0.072 0.000  0.673 0.000  0.943 0.000   9.081 0.000   6.591 0.000   2.491 0.000 0.011 0.000  0.582 0.000
167.208333 168.208333  0.152 0.000000   10.35 0.000 99.99 0.259 9.999 0.259000  0.35 0.000 0.060 0.000  0.919 0.000  1.287 0.000   9.717 0.000   6.756 0.000   2.961 0.000 0.016 0.000  0.645 0.000
170.208333 171.208333  0.626 0.559000   10.87 0.000  0.70 0.000 9.999 0.259000  0.36 0.000 0.048 0.559  1.984 0.000  2.778 0.000  14.637 0.000   7.253 0.000   7.384 0.000 0.028 0.000  1.505 0.559
173.208333 174.208333  1.231 0.000000   13.36 0.000  1.56 0.000 9.999 0.259000  0.94 0.000 0.022 0.000  2.452 0.000  3.432 0.000  17.831 0.000   5.403 0.000  12.428 0.000 0.028 0.000  2.260 0.000
176.208333 177.208333  1.997 0.000000   18.01 0.000  1.55 0.000 9.999 0.259000  0.88 0.000 0.036 0.000  4.230 0.000  5.921 0.000  27.526 0.000   9.194 0.000  18.332 0.000 0.061 0.000  3.155 0.000
179.208333 180.208333  0.138 0.000000   98.25 0.000  0.89 0.000 9.999 0.259000  0.36 0.000 0.071 0.000  1.200 0.000  1.681 0.000  16.239 0.000  11.833 0.000   4.406 0.000 0.053 0.000  0.601 0.000
182.208333 183.208333  0.133 0.000000  131.18 0.000  0.57 0.000 9.999 0.259000  0.83 0.000 0.123 0.000  0.664 0.000  0.929 0.000  29.925 0.000  24.078 0.000   5.848 0.000 0.057 0.000  0.744 0.000
185.208333 186.208333  0.183 0.000000   36.08 0.000  1.84 0.000 9.999 0.259000  1.29 0.000 0.099 0.000  0.952 0.000  1.332 0.000  12.331 0.000   7.542 0.000   4.789 0.000 0.164 0.000  0.786 0.000
188.208333 189.208333  0.485 0.000000   32.10 0.000  0.34 0.000 9.999 0.259000  1.25 0.000 0.088 0.000  1.940 0.000  2.715 0.000  16.624 0.000   8.449 0.000   8.175 0.000 0.041 0.000  1.249 0.000
191.208333 192.208333  0.580 0.000000  121.63 0.000  0.71 0.000 9.999 0.259000  1.56 0.000 0.134 0.000  2.014 0.000  2.820 0.000  27.741 0.000  16.271 0.000  11.470 0.000 0.063 0.000  1.641 0.000
194.208333 195.208333  0.010 0.000000    2.08 0.000  0.21 0.000 9.999 0.259000  0.09 0.000 0.024 0.000  0.564 0.000  0.789 0.000   7.962 0.000   6.759 0.000   1.203 0.000 0.006 0.000  0.184 0.000
197.208333 198.208333  0.774 0.559000   30.68 0.000  0.60 0.000 9.999 0.259000  1.04 0.000 0.078 0.559  1.624 0.000  2.274 0.000  16.516 0.000   6.814 0.000   9.701 0.000 0.029 0.000  1.729 0.559
200.208333 201.208333  0.468 0.559000   16.03 0.000  0.58 0.000 9.999 0.259000  0.48 0.000 0.044 0.559  2.087 0.000  2.922 0.000  16.923 0.000  10.171 0.000   6.752 0.000 0.021 0.000  1.111 0.559
203.208333 204.208333  0.142 0.559000   36.88 0.000  0.49 0.000 9.999 0.259000  0.32 0.000 0.058 0.559  0.850 0.000  1.189 0.000  11.776 0.000   7.662 0.000   4.114 0.000 0.025 0.000  0.580 0.559
206.208333 207.208333 99.999 0.559259   18.49 0.000  0.17 0.000 9.999 0.259000  0.12 0.000 0.025 0.559  0.765 0.000  1.071 0.000  13.405 0.000  11.974 0.000   1.431 0.000 0.011 0.000  0.172 0.559
209.208333 210.208333  0.789 0.559000   26.24 0.000  0.98 0.000 9.999 0.259000  0.71 0.000 0.066 0.559  2.911 0.000  4.076 0.000  21.628 0.000  10.446 0.000  11.182 0.000 0.040 0.000  1.811 0.559
212.208333 213.208333  0.413 0.559000   35.36 0.000  0.29 0.000 9.999 0.259000  0.80 0.000 0.059 0.559  1.614 0.000  2.260 0.000  14.368 0.000   6.785 0.000   7.583 0.000 0.029 0.000  1.382 0.559
215.208333 216.208333  0.201 0.559000   19.41 0.000  0.30 0.000 9.999 0.259000  0.40 0.000 0.052 0.559  1.074 0.000  1.504 0.000  11.479 0.000   6.752 0.000   4.727 0.000 0.018 0.000  0.793 0.559
218.208333 219.208333  0.653 0.559000   21.67 0.000  0.32 0.000 9.999 0.259000  0.32 0.000 0.043 0.559  1.368 0.000  1.915 0.000  14.034 0.000   6.944 0.000   7.091 0.000 0.023 0.000  1.515 0.559
221.208333 222.208333  0.021 0.559000    8.96 0.000  0.25 0.000 9.999 0.259000  0.73 0.000 0.117 0.559  0.553 0.000  0.775 0.000  11.052 0.000   8.873 0.000   2.180 0.000 0.012 0.000  0.560 0.559
224.208333 225.208333  0.258 0.559000   48.00 0.000  0.17 0.000 9.999 0.259000  0.66 0.000 0.064 0.559  0.828 0.000  1.159 0.000  13.395 0.000   9.036 0.000   4.359 0.000 0.027 0.000  0.911 0.559
227.208333 228.208333  0.201 0.559000   36.08 0.000  0.40 0.000 9.999 0.259000  0.74 0.000 0.061 0.559  0.952 0.000  1.332 0.000  10.426 0.000   7.325 0.000   3.101 0.000 0.025 0.000  0.564 0.559
230.208333 231.208333  0.882 0.559000   15.46 0.000  0.60 0.000 9.999 0.259000  0.37 0.000 0.050 0.559  2.332 0.000  3.265 0.000  22.091 0.000  12.471 0.000   9.620 0.000 0.023 0.000  2.132 0.559
233.208333 234.208333  0.208 0.559000   37.80 0.000  1.01 0.000 9.999 0.259000  1.25 0.000 0.065 0.559  1.465 0.000  2.051 0.000  12.479 0.000   8.580 0.000   3.899 0.000 0.025 0.000  0.670 0.559
236.208333 237.208333  0.904 0.559000    7.18 0.000  0.80 0.000 0.057 0.000000  0.33 0.000 0.042 0.559  2.037 0.000  2.852 0.000  16.960 0.000   6.989 0.000   9.971 0.000 0.024 0.000  1.770 0.559
239.208333 240.208333 99.999 0.999000 9999.99 0.999 99.99 0.999 9.999 0.999000 99.99 0.999 9.999 0.999 99.999 0.999 99.999 0.999 999.999 0.999 999.999 0.999 999.999 0.999 9.999 0.999 99.999 0.999
242.208333 243.208333  0.632 0.559000    7.41 0.000  0.27 0.000 9.999 0.259000  0.52 0.000 0.040 0.559  0.743 0.000  1.040 0.000  11.826 0.000   5.931 0.000   5.894 0.000 0.022 0.000  1.273 0.559
