scripts/IMPROVE-2019_partial/data/US4205R.20000101050000.20191216000000.filterpack..pm25.52w.1w.US03L_filterpack_US4205.US03L_IMPROVE_Davis.lev2.nas
64 1001
MISSING INFORMATION
US03L, IMPROVE, , , , , , , 
MISSING INFORMATION
IMPROVE sel_HTAP
1 1
2000 01 01 2019 12 16
0
days from file reference point
25
1 1 1 1 1 1 1 1 1 1 1 1 1 1 1 1 1 1 1 1 1 1 1 1 1
999.999999 9999.99 9.999 999.99 9.999 9.999 9.999999 99.99 9.999999 9.999 9.999 99.999 9.999 999.999 9.999 999.999 9.999 999.999 9.999 999.999 9.999 9.999 9.999 99.999 9.999
end_time of measurement, days from the file reference point
iron, ng/m3, Revision date=20181210133000
numflag iron, no unit, Revision date=20181210133000
lead, ng/m3, Revision date=20181210133000
numflag lead, no unit, Revision date=20181210133000
magnesium, ug/m3, Revision date=20181210133000
numflag magnesium, no unit, Revision date=20181210133000
nickel, ng/m3, Revision date=20181210133000
numflag nickel, no unit, Revision date=20181210133000
nitrate, ug N/m3, Revision date=20181210133000
numflag nitrate, no unit, Revision date=20181210133000
organic_carbon, ug C/m3, Revision date=20181210133000
numflag organic_carbon, no unit, Revision date=20181210133000
organic_mass, ug/m3, Revision date=20181210133000
numflag organic_mass, no unit, Revision date=20181210133000
pm10_mass, ug/m3, Version=2, Version description=Data extracted from http://views.cira.colostate.edu/fed/DataWizard 2019-12-16, Sample duration=1d, Orig. time res.=3d, Matrix=pm10, Blank correction=Blank corrected, Volume std. temperature=ambient, Volume std. pressure=ambient
numflag pm10_mass, no unit, Version=2, Version description=Data extracted from http://views.cira.colostate.edu/fed/DataWizard 2019-12-16, Sample duration=1d, Orig. time res.=3d, Matrix=pm10, Blank correction=Blank corrected, Volume std. temperature=ambient, Volume std. pressure=ambient
pm10_pm25_mass, ug/m3, Revision date=20181210133000, Matrix=pm10_pm25
numflag pm10_pm25_mass, no unit, Revision date=20181210133000, Matrix=pm10_pm25
pm25_mass, ug/m3, Version=2, Version description=Data extracted from http://views.cira.colostate.edu/fed/DataWizard 2019-12-16, Sample duration=1d, Orig. time res.=3d, Blank correction=Blank corrected, Volume std. temperature=ambient, Volume std. pressure=ambient
numflag pm25_mass, no unit, Version=2, Version description=Data extracted from http://views.cira.colostate.edu/fed/DataWizard 2019-12-16, Sample duration=1d, Orig. time res.=3d, Blank correction=Blank corrected, Volume std. temperature=ambient, Volume std. pressure=ambient
potassium, ug/m3, Revision date=20181210133000
numflag potassium, no unit, Revision date=20181210133000
sulphate_total, ug S/m3, Revision date=20181210133000
numflag sulphate_total, no unit, Revision date=20181210133000
0
25
Data definition:              EBAS_1.1
Set type code:                TI
Timezone:                     UTC
File name:                    US4205R.20000101050000.20191216000000.filterpack..pm25.52w.1w.US03L_filterpack_US4205.US03L_IMPROVE_Davis.lev2.nas
File creation:                20191218120428
Startdate:                    20000101050000
Revision date:                20191216000000
Statistics:                   arithmetic mean
Data level:                   2
Period code:                  52w
Resolution code:              1w
Station code:                 US4205R
Platform code:                US4205S
Station name:                 Cape Romain National Wildlife Refuge
Station latitude:             32.9419
Station longitude:            -79.6591
Station altitude:             3.0 m
Regime:                       IMG
Component:                    
Matrix:                       pm25
Laboratory code:              US03L
Instrument type:              filterpack
Instrument name:              filterpack_US4205
Method ref:                   US03L_IMPROVE_Davis
starttime endtime Fe flag_Fe Pb flag_Pb Mg++ flag_Mg++ Ni flag_Ni NO3- flag_NO3- OC flag_OC OM flag_OM PM10 flag_PM10 PM10-PM2.5 flag_PM10-PM2.5 PM2.5 flag_PM2.5 K+ flag_K+ SO4-- flag_SO4--
[from data line 87]
297.208333 298.208333   29.21 0.000   0.80 0.000 9.999 0.259000 99.99 0.259000 0.126 0.000  1.207 0.000   1.690 0.000  14.856 0.000   9.019 0.000   5.838 0.000 0.058 0.000  0.438 0.000
300.208333 301.208333   44.40 0.000   1.60 0.000 9.999 0.259000 99.99 0.259000 0.103 0.000  2.680 0.000   3.751 0.000  17.176 0.000   7.835 0.000   9.341 0.000 0.047 0.000  0.736 0.000
303.208333 304.208333   44.95 0.000   1.45 0.000 9.999 0.259000 99.99 0.259000 0.078 0.000  2.143 0.000   3.000 0.000  14.374 0.000   5.987 0.000   8.387 0.000 0.053 0.000  0.734 0.000
306.208333 307.208333   72.10 0.000   1.48 0.000 9.999 0.259000 99.99 0.259000 0.109 0.000  3.016 0.000   4.222 0.000  22.170 0.000   7.083 0.000  15.087 0.000 0.104 0.000  1.626 0.000
309.208333 310.208333   49.67 0.000   2.54 0.000 9.999 0.259000 99.99 0.259000 0.221 0.000  8.478 0.000  11.869 0.000  30.489 0.000   3.172 0.000  27.317 0.000 0.109 0.000  2.521 0.000
312.208333 313.208333   14.71 0.000   0.69 0.000 9.999 0.259000 99.99 0.259000 0.070 0.000  1.674 0.000   2.344 0.000  18.395 0.000   3.761 0.000  14.634 0.000 0.072 0.000  2.640 0.000
315.208333 316.208333   39.78 0.000  14.16 0.000 9.999 0.259000 99.99 0.259000 0.042 0.000  1.616 0.000   2.262 0.000  15.942 0.000   8.273 0.000   7.669 0.000 0.042 0.000  1.004 0.000
318.208333 319.208333   16.24 0.000   1.20 0.000 9.999 0.259000 99.99 0.259000 0.072 0.000  4.024 0.000   5.634 0.000  15.761 0.000   3.691 0.000  12.070 0.000 0.055 0.000  0.982 0.000
321.208333 322.208333   34.74 0.000   1.87 0.000 9.999 0.259000  0.57 0.000000 0.141 0.000  3.818 0.000   5.345 0.000  14.860 0.000   2.390 0.000  12.469 0.000 0.082 0.000  1.196 0.000
324.208333 325.208333   12.64 0.000   0.85 0.000 9.999 0.259000 99.99 0.259000 0.113 0.000  1.986 0.000   2.780 0.000   9.947 0.000   1.675 0.000   8.273 0.000 0.033 0.000  1.061 0.000
327.208333 328.208333   28.76 0.000   2.03 0.000 9.999 0.259000 99.99 0.259000 0.303 0.000  4.599 0.000   6.439 0.000  16.066 0.000   4.110 0.000  11.957 0.000 0.093 0.000  0.761 0.000
330.208333 331.208333    7.42 0.000   0.92 0.000 9.999 0.259000 99.99 0.259000 0.075 0.000  2.115 0.000   2.961 0.000  11.947 0.000   3.320 0.000   8.628 0.000 0.029 0.000  1.167 0.000
333.208333 334.208333   39.63 0.000   3.12 0.000 9.999 0.259000 99.99 0.259000 0.189 0.000  6.480 0.000   9.072 0.000  20.124 0.000   4.937 0.000  15.187 0.000 0.103 0.000  0.826 0.000
336.208333 337.208333   19.10 0.000   1.77 0.000 9.999 0.259000  0.66 0.000000 0.257 0.000  2.076 0.000   2.906 0.000  14.188 0.000   4.496 0.000   9.692 0.000 0.051 0.000  1.267 0.000
339.208333 340.208333   31.34 0.000   2.61 0.000 9.999 0.259000  1.05 0.000000 0.139 0.000  2.383 0.000   3.336 0.000  11.911 0.000   3.361 0.000   8.550 0.000 0.068 0.000  0.839 0.000
342.208333 343.208333   27.77 0.000   9.03 0.000 9.999 0.259000  0.45 0.000000 0.336 0.000  7.958 0.000  11.141 0.000  24.940 0.000   4.892 0.000  20.048 0.000 0.120 0.000  1.426 0.000
345.208333 346.208333   24.59 0.000   2.85 0.000 9.999 0.259000  1.75 0.000000 0.240 0.000  2.501 0.000   3.501 0.000  19.303 0.000   4.538 0.000  14.764 0.000 0.053 0.000  2.457 0.000
348.208333 349.208333   26.55 0.000   2.18 0.000 9.999 0.259000  2.30 0.000000 0.147 0.000  2.045 0.000   2.863 0.000  14.000 0.000   1.705 0.000  12.296 0.000 0.055 0.000  1.787 0.000
351.208333 352.208333   23.94 0.000   0.83 0.000 9.999 0.259000  1.04 0.000000 0.173 0.000  1.195 0.000   1.673 0.000  15.009 0.000   7.914 0.000   7.095 0.000 0.050 0.000  0.712 0.000
354.208333 355.208333   34.68 0.000   2.35 0.000 9.999 0.259000  0.43 0.000000 0.210 0.000  1.399 0.000   1.959 0.000  10.115 0.000   2.369 0.000   7.746 0.000 0.046 0.000  1.072 0.000
357.208333 358.208333   17.67 0.000   1.20 0.000 9.999 0.259000  0.56 0.000000 0.180 0.000  1.207 0.000   1.690 0.000   8.341 0.000   2.851 0.000   5.490 0.000 0.038 0.000  0.656 0.000
360.208333 361.208333   11.99 0.000   1.08 0.000 9.999 0.259000  0.15 0.000000 0.111 0.000  1.063 0.000   1.489 0.000   5.606 0.000   1.798 0.000   3.809 0.000 0.036 0.000  0.438 0.000
363.208333 364.208333   19.70 0.000   2.22 0.000 9.999 0.259000  0.67 0.000000 0.206 0.000  1.762 0.000   2.467 0.000  10.173 0.000   2.071 0.000   8.102 0.000 0.053 0.000  1.133 0.000
