scripts/IMPROVE-2019_partial/data/US4205R.19990102050000.20191216000000.filterpack...1y.3d.US03L_filterpack_US4205.US03L_IMPROVE_Davis.lev2.nas
51 1001
MISSING INFORMATION
US03L, IMPROVE, , , , , , , 
MISSING INFORMATION
IMPROVE sel_HTAP
1 1
1999 01 01 2019 12 16
0
days from file reference point
4
1 1 1 1
999.999999 999.999 999.999 9.999
end_time of measurement, days from the file reference point
pm10_mass, ug/m3, Matrix=pm10
pm25_mass, ug/m3, Matrix=pm25
numflag, no unit
0
33
Data definition:              EBAS_1.1
Set type code:                TI
Timezone:                     UTC
File name:                    US4205R.19990102050000.20191216000000.filterpack...1y.3d.US03L_filterpack_US4205.US03L_IMPROVE_Davis.lev2.nas
File creation:                20191218120428
Startdate:                    19990102050000
Revision date:                20191216000000
Version:                      2
Version description:          "Data extracted from http://views.cira.colostate.edu/fed/DataWizard 2019-12-16"
Statistics:                   arithmetic mean
Data level:                   2
Period code:                  1y
Resolution code:              3d
Sample duration:              1d
Orig. time res.:              3d
Station code:                 US4205R
Platform code:                US4205S
Station name:                 Cape Romain National Wildlife Refuge
Station latitude:             32.9419
Station longitude:            -79.6591
Station altitude:             3.0 m
Regime:                       IMG
Component:                    
Unit:                         ug/m3
Matrix:                       
Laboratory code:              US03L
Instrument type:              filterpack
Instrument name:              filterpack_US4205
Method ref:                   US03L_IMPROVE_Davis
Blank correction:             Blank corrected
Volume std. temperature:      ambient
Volume std. pressure:         ambient
starttime endtime PM10 PM2.5 flag
  1.208333   2.208333  25.700  10.642 0.000
  5.208333   6.208333  14.515   8.911 0.000
  8.208333   9.208333  10.547   6.183 0.000
 12.208333  13.208333 999.999 999.999 0.999
 15.208333  16.208333 999.999 999.999 0.999
 19.208333  20.208333  15.554  10.087 0.000
 22.208333  23.208333  21.113  10.566 0.000
 26.208333  27.208333  17.898  13.047 0.000
 29.208333  30.208333  18.224  13.376 0.000
 33.208333  34.208333  18.718  18.849 0.000
 36.208333  37.208333  14.402  10.664 0.000
 40.208333  41.208333  17.459  16.457 0.000
 43.208333  44.208333   9.182   6.268 0.000
 47.208333  48.208333  17.708  10.934 0.000
 50.208333  51.208333  22.836  15.991 0.000
 54.208333  55.208333  18.431  12.213 0.000
 57.208333  58.208333  24.198  17.391 0.000
 61.208333  62.208333  22.047   8.989 0.000
 64.208333  65.208333  14.307   7.636 0.000
 68.208333  69.208333 999.999 999.999 0.999
 71.208333  72.208333 999.999 999.999 0.999
 75.208333  76.208333  22.861  17.619 0.000
 78.208333  79.208333  18.081  13.127 0.000
 82.208333  83.208333  20.709  14.545 0.000
 85.208333  86.208333  13.768   8.072 0.000
 89.208333  90.208333  38.305  20.409 0.000
 92.208333  93.208333  23.277  15.821 0.000
 96.208333  97.208333  24.633   9.188 0.000
 99.208333 100.208333  32.393  20.982 0.000
103.208333 104.208333 999.999 999.999 0.999
106.208333 107.208333 999.999 999.999 0.999
110.208333 111.208333  28.819  19.833 0.000
113.208333 114.208333  26.322  14.180 0.000
117.208333 118.208333  19.131  12.277 0.000
120.208333 121.208333  10.002   8.738 0.000
124.208333 125.208333 999.999 999.999 0.999
127.208333 128.208333 999.999 999.999 0.999
131.208333 132.208333  17.523   7.183 0.000
134.208333 135.208333  11.548   5.738 0.000
138.208333 139.208333  21.586  14.677 0.000
141.208333 142.208333 999.999  14.902 0.000
145.208333 146.208333  26.920  15.727 0.000
148.208333 149.208333  21.865  15.676 0.000
152.208333 153.208333  22.262 999.999 0.000
155.208333 156.208333 999.999  14.180 0.000
159.208333 160.208333  13.040   9.269 0.000
162.208333 163.208333  18.697  10.127 0.000
166.208333 167.208333  17.577  10.764 0.000
169.208333 170.208333  18.750  12.109 0.000
173.208333 174.208333  17.640  10.240 0.000
176.208333 177.208333 999.999  13.918 0.000
180.208333 181.208333 999.999  13.949 0.000
183.208333 184.208333 999.999   5.544 0.000
187.208333 188.208333  14.241 999.999 0.000
190.208333 191.208333 999.999 999.999 0.999
194.208333 195.208333  19.286  11.757 0.000
197.208333 198.208333  22.823  12.131 0.000
201.208333 202.208333  41.821  30.709 0.000
204.208333 205.208333  35.785  31.995 0.000
208.208333 209.208333  50.858  41.253 0.000
211.208333 212.208333  43.915  33.113 0.000
215.208333 216.208333  34.993  14.948 0.000
218.208333 219.208333 999.999  12.316 0.000
222.208333 223.208333  34.906  25.258 0.000
225.208333 226.208333  25.018  18.577 0.000
229.208333 230.208333  22.035 999.999 0.000
232.208333 233.208333  15.097 999.999 0.000
236.208333 237.208333  11.093   6.944 0.000
239.208333 240.208333  11.487   4.202 0.000
243.208333 244.208333  19.275  10.271 0.000
246.208333 247.208333  17.233  10.329 0.000
250.208333 251.208333  11.268   6.536 0.000
253.208333 254.208333  22.315  11.417 0.000
257.208333 258.208333 999.999 999.999 0.999
260.208333 261.208333  24.892  12.220 0.000
264.208333 265.208333  12.118   6.223 0.000
267.208333 268.208333  20.067  10.598 0.000
271.208333 272.208333  11.543   3.593 0.000
274.208333 275.208333  14.779   8.076 0.000
278.208333 279.208333  22.811  15.886 0.000
281.208333 282.208333  16.560   7.924 0.000
285.208333 286.208333  22.595   9.942 0.000
288.208333 289.208333   8.416   6.410 0.000
292.208333 293.208333  32.346  15.189 0.000
295.208333 296.208333  20.701   9.645 0.000
299.208333 300.208333  31.836  18.892 0.000
302.208333 303.208333  18.964  13.288 0.000
306.208333 307.208333  22.282   8.598 0.000
309.208333 310.208333  25.773  12.033 0.000
313.208333 314.208333  26.249  13.857 0.000
316.208333 317.208333  28.894  16.628 0.000
320.208333 321.208333  26.742  15.108 0.000
323.208333 324.208333   7.820   3.203 0.000
327.208333 328.208333  13.200   6.944 0.000
330.208333 331.208333  13.628   6.648 0.000
334.208333 335.208333   8.961   5.208 0.000
337.208333 338.208333  14.535   8.227 0.000
341.208333 342.208333  15.248   7.672 0.000
344.208333 345.208333  16.204   9.390 0.000
348.208333 349.208333  19.356   9.820 0.000
351.208333 352.208333  11.131   6.853 0.000
355.208333 356.208333  19.015  17.345 0.000
358.208333 359.208333  11.556  10.832 0.000
362.208333 363.208333  14.985   8.907 0.000
