scripts/IMPROVE-2019_partial/data/US4205R.20040101050000.20191216000000.filterpack..pm25.52w.1w.US03L_filterpack_US4205.US03L_IMPROVE_Davis.lev2.nas
66 1001
MISSING INFORMATION
US03L, IMPROVE, , , , , , , 
MISSING INFORMATION
IMPROVE sel_HTAP
1 1
2004 01 01 2019 12 16
3.000000
days from file reference point
27
1 1 1 1 1 1 1 1 1 1 1 1 1 1 1 1 1 1 1 1 1 1 1 1 1 1 1
999.999999 99.999 9.999999 9999.99 9.999 99.99 9.999 9.999 9.999999 99.99 9.999 9.999 9.999999 999.999 9.999 999.999 9.999 999.999 9.999 999.999 9.999 999.999 9.999 9.999 9.999 99.999 9.999999
end_time of measurement, days from the file reference point
ammonium, ug N/m3, Revision date=20181210133000
numflag ammonium, no unit, Revision date=20181210133000
iron, ng/m3, Revision date=20181210133000
numflag iron, no unit, Revision date=20181210133000
lead, ng/m3, Revision date=20181210133000
numflag lead, no unit, Revision date=20181210133000
magnesium, ug/m3, Revision date=20181210133000
numflag magnesium, no unit, Revision date=20181210133000
nickel, ng/m3, Revision date=20181210133000
numflag nickel, no unit, Revision date=20181210133000
nitrate, ug N/m3, Revision date=20181210133000
numflag nitrate, no unit, Revision date=20181210133000
organic_carbon, ug C/m3, Revision date=20181210133000
numflag organic_carbon, no unit, Revision date=20181210133000
organic_mass, ug/m3, Revision date=20181210133000
numflag organic_mass, no unit, Revision date=20181210133000
pm10_mass, ug/m3, Version=2, Version description=Data extracted from http://views.cira.colostate.edu/fed/DataWizard 2019-12-16, Sample duration=1d, Orig. time res.=3d, Matrix=pm10, Blank correction=Blank corrected, Volume std. temperature=ambient, Volume std. pressure=ambient
numflag pm10_mass, no unit, Version=2, Version description=Data extracted from http://views.cira.colostate.edu/fed/DataWizard 2019-12-16, Sample duration=1d, Orig. time res.=3d, Matrix=pm10, Blank correction=Blank corrected, Volume std. temperature=ambient, Volume std. pressure=ambient
pm10_pm25_mass, ug/m3, Revision date=20181210133000, Matrix=pm10_pm25
numflag pm10_pm25_mass, no unit, Revision date=20181210133000, Matrix=pm10_pm25
pm25_mass, ug/m3, Version=2, Version description=Data extracted from http://views.cira.colostate.edu/fed/DataWizard 2019-12-16, Sample duration=1d, Orig. time res.=3d, Blank correction=Blank corrected, Volume std. temperature=ambient, Volume std. pressure=ambient
numflag pm25_mass, no unit, Version=2, Version description=Data extracted from http://views.cira.colostate.edu/fed/DataWizard 2019-12-16, Sample duration=1d, Orig. time res.=3d, Blank correction=Blank corrected, Volume std. temperature=ambient, Volume std. pressure=ambient
potassium, ug/m3, Revision date=20181210133000
numflag potassium, no unit, Revision date=20181210133000
sulphate_total, ug S/m3, Revision date=20181210133000
numflag sulphate_total, no unit, Revision date=20181210133000
0
25
Data definition:              EBAS_1.1
Set type code:                TU
Timezone:                     UTC
File name:                    US4205R.20040101050000.20191216000000.filterpack..pm25.52w.1w.US03L_filterpack_US4205.US03L_IMPROVE_Davis.lev2.nas
File creation:                20191218120430
Startdate:                    20040101050000
Revision date:                20191216000000
Statistics:                   arithmetic mean
Data level:                   2
Period code:                  52w
Resolution code:              1w
Station code:                 US4205R
Platform code:                US4205S
Station name:                 Cape Romain National Wildlife Refuge
Station latitude:             32.9419
Station longitude:            -79.6591
Station altitude:             3.0 m
Regime:                       IMG
Component:                    
Matrix:                       pm25
Laboratory code:              US03L
Instrument type:              filterpack
Instrument name:              filterpack_US4205
Method ref:                   US03L_IMPROVE_Davis
starttime endtime NH4+ flag_NH4+ Fe flag_Fe Pb flag_Pb Mg++ flag_Mg++ Ni flag_Ni NO3- flag_NO3- OC flag_OC OM flag_OM PM10 flag_PM10 PM10-PM2.5 flag_PM10-PM2.5 PM2.5 flag_PM2.5 K+ flag_K+ SO4-- flag_SO4--
  0.208333   1.208333  0.547 0.559000   63.42 0.000  8.40 0.000 0.063 0.000000  1.09 0.000 0.263 0.559000   3.900 0.000   5.460 0.000  15.947 0.000   4.153 0.000  11.794 0.000 0.651 0.000  0.759 0.559000
  3.208333   4.208333  0.588 0.559000    8.83 0.000  0.96 0.000 0.046 0.000000  1.43 0.000 0.089 0.559000   1.205 0.000   1.687 0.000   9.512 0.000   3.458 0.000   6.054 0.000 0.055 0.000  1.008 0.559000
  6.208333   7.208333  0.387 0.559000   14.26 0.000  1.42 0.000 0.078 0.000000  0.24 0.000 0.047 0.559000   1.369 0.000   1.916 0.000   6.063 0.000   1.972 0.000   4.090 0.000 0.040 0.000  0.445 0.559000
  9.208333  10.208333  1.430 0.559000   22.09 0.000  2.68 0.000 0.067 0.000000  0.74 0.000 0.332 0.559000   1.880 0.000   2.632 0.000  11.868 0.000   2.015 0.000   9.853 0.000 0.048 0.000  1.526 0.559000
 12.208333  13.208333  0.921 0.559000   40.85 0.000  3.15 0.000 9.999 0.259000  0.51 0.000 0.118 0.559000   6.244 0.000   8.741 0.000  18.342 0.000   4.246 0.000  14.096 0.000 0.104 0.000  1.061 0.559000
 15.208333  16.208333  0.575 0.559000   17.99 0.000  1.23 0.000 9.999 0.259000  0.14 0.000 0.088 0.559000   1.848 0.000   2.587 0.000   8.782 0.000   2.728 0.000   6.054 0.000 0.049 0.000  0.691 0.559000
 18.208333  19.208333  0.739 0.559000   12.06 0.000  1.18 0.000 9.999 0.259000  0.67 0.000 0.062 0.559000   1.525 0.000   2.135 0.000   8.326 0.000   2.046 0.000   6.280 0.000 0.031 0.000  0.866 0.559000
 21.208333  22.208333  0.789 0.559000   19.94 0.000  1.92 0.000 9.999 0.259000  0.43 0.000 0.224 0.559000   6.708 0.000   9.391 0.000  17.915 0.000   4.682 0.000  13.233 0.000 0.061 0.000  0.750 0.559000
 24.208333  25.208333  0.812 0.559000   23.32 0.000  2.26 0.000 9.999 0.259000  0.72 0.000 0.233 0.559000   2.422 0.000   3.390 0.000  18.776 0.000   9.220 0.000   9.556 0.000 0.125 0.000  1.167 0.559000
 27.208333  28.208333  0.784 0.559000   33.22 0.000  2.15 0.000 9.999 0.259000  0.32 0.000 0.138 0.559000   1.569 0.000   2.197 0.000   8.385 0.000   1.913 0.000   6.472 0.000 0.036 0.000  0.838 0.559000
 30.208333  31.208333  0.464 0.559000   15.05 0.000  1.69 0.000 9.999 0.259000  0.31 0.000 0.084 0.559000   2.506 0.000   3.509 0.000   9.013 0.000   1.979 0.000   7.034 0.000 0.051 0.000  0.560 0.559000
 33.208333  34.208333  0.750 0.559000   22.39 0.000  1.12 0.000 0.049 0.000000  0.77 0.000 0.049 0.559000   2.216 0.000   3.103 0.000  11.280 0.000   2.373 0.000   8.907 0.000 0.057 0.000  1.299 0.559000
 36.208333  37.208333  0.158 0.559000    3.40 0.000  0.19 0.000 9.999 0.259000  0.91 0.000 0.081 0.559000   0.439 0.000   0.614 0.000  16.922 0.000  10.928 0.000   5.995 0.000 0.045 0.000  0.686 0.559000
 39.208333  40.208333  0.397 0.559000    9.09 0.000  1.60 0.000 0.018 0.000000  0.42 0.000 0.083 0.559000   2.038 0.000   2.853 0.000  10.995 0.000   4.528 0.000   6.468 0.000 0.031 0.000  0.605 0.559000
 42.208333  43.208333  0.229 0.559000    4.31 0.000  0.74 0.000 0.059 0.000000  0.39 0.000 0.041 0.559000   0.836 0.000   1.170 0.000   4.409 0.000   0.937 0.000   3.472 0.000 0.023 0.000  0.509 0.559000
 45.208333  46.208333  0.272 0.559000    5.72 0.000  1.05 0.000 9.999 0.259000  0.42 0.000 0.096 0.559000   0.954 0.000   1.336 0.000   6.542 0.000   2.502 0.000   4.041 0.000 0.025 0.000  0.592 0.559000
 48.208333  49.208333  0.877 0.559000   23.90 0.000  2.26 0.000 0.037 0.000000  0.75 0.000 0.172 0.559000   1.891 0.000   2.647 0.000  10.712 0.000   2.521 0.000   8.191 0.000 0.048 0.000  1.176 0.559000
 51.208333  52.208333  1.044 0.559000   65.86 0.000  4.22 0.000 9.999 0.259000  0.50 0.000 0.107 0.559000   3.553 0.000   4.974 0.000  16.792 0.000   4.775 0.000  12.017 0.000 0.067 0.000  1.576 0.559000
 54.208333  55.208333  1.384 0.559000   13.43 0.000  1.42 0.000 0.080 0.000000  0.66 0.000 0.108 0.559000   5.430 0.000   7.601 0.000  15.476 0.000   2.264 0.000  13.211 0.000 0.054 0.000  1.996 0.559000
 57.208333  58.208333  0.373 0.559000   10.43 0.000  1.35 0.000 9.999 0.259000  0.80 0.000 0.149 0.559000   0.895 0.000   1.253 0.000   4.189 0.000   0.820 0.000   3.369 0.000 0.020 0.000  0.441 0.559000
 60.208333  61.208333  0.192 0.559000    9.15 0.000  1.23 0.000 9.999 0.259000  1.22 0.000 0.081 0.559000   0.537 0.000   0.752 0.000   8.508 0.000   5.006 0.000   3.502 0.000 0.023 0.000  0.498 0.559000
 63.208333  64.208333  0.231 0.559000    8.43 0.000  1.30 0.000 9.999 0.259000  2.22 0.000 0.113 0.559000   0.564 0.000   0.790 0.000   9.139 0.000   4.907 0.000   4.232 0.000 0.028 0.000  0.677 0.559000
 66.208333  67.208333  0.266 0.559000   55.50 0.000  1.66 0.000 0.068 0.000000  0.39 0.000 0.065 0.559000   2.459 0.000   3.442 0.000  16.638 0.000   9.633 0.000   7.004 0.000 0.062 0.000  0.404 0.559000
 69.208333  70.208333  1.249 0.559000   14.60 0.000  1.15 0.000 9.999 0.259000  0.50 0.000 0.133 0.559000   1.365 0.000   1.911 0.000   9.417 0.000   0.721 0.000   8.696 0.000 0.033 0.000  1.488 0.559000
 72.208333  73.208333  0.455 0.559000   38.02 0.000  1.54 0.000 9.999 0.259000  0.50 0.000 0.118 0.559000   8.077 0.000  11.308 0.000  18.986 0.000   5.037 0.000  13.949 0.000 0.049 0.000  0.576 0.559000
 75.208333  76.208333  0.539 0.559000   20.14 0.000  0.91 0.000 9.999 0.259000  0.86 0.000 0.098 0.559000   2.895 0.000   4.053 0.000  11.720 0.000   3.170 0.000   8.550 0.000 0.085 0.000  0.985 0.559000
 78.208333  79.208333  0.900 0.559000   33.64 0.000  1.56 0.000 9.999 0.259000  0.69 0.000 0.122 0.559000   5.086 0.000   7.120 0.000  17.561 0.000   4.151 0.000  13.410 0.000 0.072 0.000  1.121 0.559000
 81.208333  82.208333  0.716 0.559000   25.81 0.000  1.07 0.000 9.999 0.259000 99.99 0.259 0.064 0.559000   1.237 0.000   1.731 0.000   8.908 0.000   3.280 0.000   5.627 0.000 0.042 0.000  0.834 0.559000
 84.208333  85.208333  0.401 0.559000   33.53 0.000  1.78 0.000 9.999 0.259000  0.43 0.000 0.055 0.559000   0.953 0.000   1.335 0.000   9.910 0.000   4.993 0.000   4.918 0.000 0.044 0.000  0.691 0.559000
 87.208333  88.208333  0.672 0.559000   23.90 0.000  1.62 0.000 9.999 0.259000  0.50 0.000 0.134 0.559000   1.954 0.000   2.736 0.000  14.142 0.000   5.951 0.000   8.191 0.000 0.049 0.000  1.173 0.559000
 90.208333  91.208333  0.493 0.559000   25.47 0.000  1.30 0.000 9.999 0.259000  0.57 0.000 0.060 0.559000   1.323 0.000   1.852 0.000   8.319 0.000   2.975 0.000   5.344 0.000 0.026 0.000  0.773 0.559000
 93.208333  94.208333  0.607 0.559000   48.53 0.000  1.34 0.000 9.999 0.259000  0.63 0.000 0.080 0.559000   1.819 0.000   2.546 0.000   9.064 0.000   2.694 0.000   6.371 0.000 0.024 0.000  0.814 0.559000
 96.208333  97.208333  0.577 0.559000   42.24 0.000  1.64 0.000 9.999 0.259000  0.46 0.000 0.110 0.559000   2.435 0.000   3.409 0.000  12.756 0.000   5.554 0.000   7.201 0.000 0.034 0.000  0.778 0.559000
 99.208333 100.208333  1.671 0.559000   46.45 0.000  3.58 0.000 9.999 0.259000  0.97 0.000 0.197 0.559000  10.534 0.000  14.747 0.000  26.287 0.000   1.428 0.000  24.859 0.000 0.093 0.000  1.956 0.559000
102.208333 103.208333  0.516 0.559000   11.00 0.000  0.70 0.000 9.999 0.259000  1.12 0.000 0.119 0.559000   1.298 0.000   1.817 0.000  18.494 0.000   9.338 0.000   9.157 0.000 0.090 0.000  1.391 0.559000
105.208333 106.208333  0.769 0.559000   74.24 0.000  2.33 0.000 0.051 0.000000  0.33 0.000 0.035 0.559000   1.095 0.000   1.533 0.000   7.740 0.000   1.630 0.000   6.110 0.000 0.029 0.000  0.976 0.559000
108.208333 109.208333  0.986 0.559000   25.14 0.000  1.88 0.000 0.076 0.000000  1.40 0.000 0.043 0.559000   0.917 0.000   1.284 0.000  10.902 0.000   2.771 0.000   8.132 0.000 0.029 0.000  1.456 0.559000
111.208333 112.208333  0.550 0.559000   39.97 0.000  2.17 0.000 9.999 0.259000  1.39 0.000 0.158 0.559000   1.248 0.000   1.747 0.000  16.824 0.000   9.257 0.000   7.568 0.000 0.054 0.000  1.061 0.559000
114.208333 115.208333  0.463 0.559000   32.81 0.000  1.19 0.000 9.999 0.259000  0.80 0.000 0.093 0.559000   0.447 0.000   0.626 0.000  11.419 0.000   5.893 0.000   5.526 0.000 0.038 0.000  1.048 0.559000
117.208333 118.208333  0.722 0.559000   50.19 0.000  2.28 0.000 9.999 0.259000 99.99 0.259 0.034 0.559000   1.312 0.000   1.837 0.000  13.770 0.000   6.305 0.000   7.465 0.000 0.052 0.000  0.995 0.559000
120.208333 121.208333  0.571 0.559000   80.85 0.000  1.96 0.000 9.999 0.259000  0.44 0.000 0.088 0.559000   0.810 0.000   1.134 0.000  22.632 0.000  15.243 0.000   7.390 0.000 0.065 0.000  1.263 0.559000
123.208333 124.208333  0.396 0.559000   26.34 0.000  1.33 0.000 9.999 0.259000  0.26 0.000 0.051 0.559000   0.975 0.000   1.364 0.000 999.999 0.999 999.999 0.999   4.660 0.000 0.031 0.000  0.720 0.559000
126.208333 127.208333  1.895 0.559000   51.80 0.000  3.21 0.000 9.999 0.259000  0.58 0.000 0.046 0.559000   3.368 0.000   4.715 0.000  21.229 0.000   3.778 0.000  17.451 0.000 0.060 0.000  2.685 0.559000
129.208333 130.208333  1.207 0.559000   23.88 0.000  1.49 0.000 9.999 0.259000  0.67 0.000 0.030 0.559000   0.951 0.000   1.331 0.000 999.999 0.999 999.999 0.999   9.951 0.000 0.032 0.000  2.012 0.559000
132.208333 133.208333  1.655 0.559000   54.43 0.000  1.84 0.000 9.999 0.259000  0.77 0.000 0.062 0.559000   0.546 0.000   0.765 0.000  20.513 0.000   6.085 0.000  14.428 0.000 0.048 0.000  3.268 0.559000
135.208333 136.208333  0.717 0.559000   41.45 0.000  1.44 0.000 9.999 0.259000  0.28 0.000 0.081 0.559000   0.334 0.000   0.467 0.000  14.569 0.000   6.936 0.000   7.633 0.000 0.046 0.000  1.532 0.559000
138.208333 139.208333  0.838 0.559394   48.64 0.394  1.44 0.394 9.999 0.394259  0.52 0.394 0.067 0.559394   0.580 0.000   0.812 0.000  16.186 0.000   7.457 0.000   8.729 0.000 0.045 0.394  1.835 0.559394
141.208333 142.208333 99.999 0.999000 9999.99 0.999 99.99 0.999 9.999 0.999000 99.99 0.999 9.999 0.999000 999.999 0.999 999.999 0.999 999.999 0.999 999.999 0.999 999.999 0.999 9.999 0.999 99.999 0.999000
144.208333 145.208333  0.597 0.559000   26.06 0.000  1.13 0.000 9.999 0.259000  0.98 0.000 0.141 0.559000   0.769 0.000   1.077 0.000  17.165 0.000   9.104 0.000   8.062 0.000 0.044 0.000  1.506 0.559000
147.208333 148.208333  1.172 0.559000   47.49 0.000  0.91 0.000 9.999 0.259000  0.76 0.000 0.058 0.559000   2.839 0.000   3.974 0.000  21.800 0.000   9.245 0.000  12.555 0.000 0.073 0.000  1.798 0.559000
150.208333 151.208333  0.843 0.559000   32.86 0.000  0.83 0.000 9.999 0.259000  1.25 0.000 0.054 0.559000   2.056 0.000   2.878 0.000  16.702 0.000   6.286 0.000  10.417 0.000 0.118 0.000  1.567 0.559000
153.208333 154.208333 99.999 0.999000 9999.99 0.999 99.99 0.999 9.999 0.999000 99.99 0.999 9.999 0.999000 999.999 0.999 999.999 0.999 999.999 0.999 999.999 0.999 999.999 0.999 9.999 0.999 99.999 0.999000
156.208333 157.208333 99.999 0.999000 9999.99 0.999 99.99 0.999 9.999 0.999000 99.99 0.999 9.999 0.999000 999.999 0.999 999.999 0.999 999.999 0.999 999.999 0.999 999.999 0.999 9.999 0.999 99.999 0.999000
159.208333 160.208333 99.999 0.999000 9999.99 0.999 99.99 0.999 9.999 0.999000 99.99 0.999 9.999 0.999000 999.999 0.999 999.999 0.999 999.999 0.999 999.999 0.999 999.999 0.999 9.999 0.999 99.999 0.999000
162.208333 163.208333  0.894 0.559000   51.78 0.000  1.01 0.000 9.999 0.259000  0.66 0.000 0.057 0.559000   2.345 0.000   3.282 0.000  14.494 0.000   3.822 0.000  10.672 0.000 0.056 0.000  1.531 0.559000
165.208333 166.208333  0.070 0.559000   13.18 0.000  0.57 0.000 9.999 0.259000  0.26 0.000 0.048 0.559000   0.180 0.000   0.251 0.000  15.135 0.000  11.873 0.000   3.263 0.000 0.030 0.000  0.367 0.559000
168.208333 169.208333  0.168 0.559000   11.89 0.000  0.73 0.000 9.999 0.259000  0.55 0.000 0.057 0.559000   0.407 0.000   0.570 0.000   9.259 0.000   5.862 0.000   3.397 0.000 0.023 0.000  0.546 0.559000
171.208333 172.208333  1.864 0.559000   28.07 0.000  1.80 0.000 9.999 0.259000  0.53 0.000 0.034 0.559000   2.425 0.000   3.394 0.000  21.084 0.000   3.586 0.000  17.498 0.000 0.047 0.000  3.311 0.559000
174.208333 175.208333  0.522 0.559000   45.45 0.000  0.84 0.000 9.999 0.259000  0.29 0.000 0.036 0.559000   1.854 0.000   2.595 0.000  12.999 0.000   5.934 0.000   7.065 0.000 0.043 0.000  0.996 0.559000
177.208333 178.208333  0.328 0.559000   45.44 0.000  0.84 0.000 9.999 0.259000  0.28 0.000 0.033 0.559000   1.135 0.000   1.588 0.000   9.437 0.000   3.985 0.000   5.452 0.000 0.041 0.000  0.761 0.559000
180.208333 181.208333  0.659 0.559000  375.91 0.000  1.90 0.000 9.999 0.259000  0.24 0.000 0.069 0.559000   1.914 0.000   2.680 0.000  24.799 0.000  10.195 0.000  14.604 0.000 0.145 0.000  1.463 0.559000
183.208333 184.208333  0.646 0.559000   51.71 0.000  0.82 0.000 0.031 0.000000  0.97 0.000 0.045 0.559000   1.860 0.000   2.604 0.000  13.924 0.000   5.205 0.000   8.719 0.000 0.058 0.000  1.361 0.559000
186.208333 187.208333  0.578 0.559394   44.06 0.394  1.00 0.394 9.999 0.394259  0.83 0.394 0.070 0.559394   2.296 0.000   3.215 0.000  15.760 0.000   5.674 0.000  10.087 0.000 0.137 0.394  1.355 0.559394
189.208333 190.208333  0.569 0.559000   29.20 0.000  0.78 0.000 9.999 0.259000  0.31 0.000 0.025 0.559000   2.220 0.000   3.109 0.000  13.284 0.000   3.912 0.000   9.372 0.000 0.043 0.000  1.315 0.559000
192.208333 193.208333  1.359 0.559000   41.03 0.000  1.73 0.000 9.999 0.259000  0.54 0.000 0.021 0.559000   3.101 0.000   4.341 0.000  25.236 0.000   6.085 0.000  19.151 0.000 0.052 0.000  3.574 0.559000
195.208333 196.208333  1.023 0.559000   91.61 0.000  1.26 0.000 0.053 0.000000  0.38 0.000 0.032 0.559000   3.627 0.000   5.077 0.000  21.902 0.000   5.657 0.000  16.244 0.000 0.077 0.000  2.169 0.559000
198.208333 199.208333  0.496 0.559000   30.65 0.000  0.98 0.000 9.999 0.259000  0.49 0.000 0.040 0.559000   2.185 0.000   3.059 0.000  12.785 0.000   4.127 0.000   8.658 0.000 0.043 0.000  1.157 0.559000
201.208333 202.208333  1.305 0.000000   31.28 0.000  0.95 0.000 9.999 0.259000  0.43 0.000 0.031 0.000000   2.913 0.000   4.078 0.000  19.289 0.000   4.760 0.000  14.530 0.000 0.047 0.000  2.607 0.000000
204.208333 205.208333  2.739 0.559000   40.78 0.000  1.22 0.000 9.999 0.259000  0.87 0.000 0.025 0.559000   3.096 0.000   4.334 0.000 999.999 0.456 999.999 0.999  29.404 0.000 0.080 0.000  5.420 0.559000
207.208333 208.208333  1.866 0.000000   13.58 0.000  0.94 0.000 0.058 0.000000  0.33 0.000 0.027 0.000000   2.059 0.000   2.882 0.000  19.801 0.000   1.334 0.000  18.467 0.000 0.042 0.000  3.668 0.000000
210.208333 211.208333  0.023 0.559000   27.53 0.000  0.23 0.000 9.999 0.259000  0.20 0.000 0.034 0.559000   0.617 0.000   0.864 0.000  10.417 0.000   7.475 0.000   2.942 0.000 0.034 0.000  0.187 0.559000
213.208333 214.208333  0.023 0.559000    1.85 0.000 99.99 0.259 0.051 0.000000  0.29 0.000 0.053 0.559000   0.583 0.000   0.816 0.000   9.224 0.000   5.949 0.000   3.275 0.000 0.030 0.000  0.239 0.559000
216.208333 217.208333  0.742 0.559000   19.94 0.000  0.86 0.000 9.999 0.259000  1.04 0.000 0.028 0.559000   2.341 0.000   3.277 0.000  15.598 0.000   3.851 0.000  11.747 0.000 0.044 0.000  1.853 0.559000
219.208333 220.208333  0.576 0.559000   13.67 0.000  1.02 0.000 9.999 0.259000 99.99 0.259 0.027 0.559000   1.578 0.000   2.209 0.000   9.657 0.000   2.106 0.000   7.551 0.000 0.032 0.000  1.072 0.559000
222.208333 223.208333  0.667 0.559000   12.01 0.000  1.34 0.000 0.054 0.000000  0.23 0.000 0.021 0.559000   1.010 0.000   1.414 0.000  11.454 0.000   2.965 0.000   8.489 0.000 0.023 0.000  1.641 0.559000
225.208333 226.208333  0.099 0.559000   32.40 0.000  0.52 0.000 9.999 0.259000  0.22 0.000 0.035 0.559000   0.958 0.000   1.342 0.000   8.262 0.000   4.346 0.000   3.916 0.000 0.035 0.000  0.430 0.559000
228.208333 229.208333  0.458 0.559000   41.42 0.000  0.33 0.000 9.999 0.259000  0.22 0.000 0.029 0.559000   1.660 0.000   2.325 0.000  12.322 0.000   2.889 0.000   9.433 0.000 0.035 0.000  1.575 0.559000
231.208333 232.208333  0.983 0.559000   38.18 0.000  1.43 0.000 9.999 0.259000  0.74 0.000 0.018 0.559000   2.132 0.000   2.984 0.000  15.213 0.000   1.814 0.000  13.399 0.000 0.042 0.000  2.147 0.559000
