scripts/IMPROVE-2019_partial/data/US4205R.20110103050000.20191216000000.filterpack...1y.3d.US03L_filterpack_US4205.US03L_IMPROVE_Davis.lev2.nas
52 1001
MISSING INFORMATION
US03L, IMPROVE, , , , , , , 
MISSING INFORMATION
IMPROVE sel_HTAP
1 1
2011 01 01 2019 12 16
3.000000
days from file reference point
5
1 1 1 1 1
999.999999 999.999 9.999 999.999 9.999
end_time of measurement, days from the file reference point
pm10_mass, ug/m3, Matrix=pm10
numflag pm10_mass, no unit, Matrix=pm10
pm25_mass, ug/m3, Matrix=pm25
numflag pm25_mass, no unit, Matrix=pm25
0
33
Data definition:              EBAS_1.1
Set type code:                TU
Timezone:                     UTC
File name:                    US4205R.20110103050000.20191216000000.filterpack...1y.3d.US03L_filterpack_US4205.US03L_IMPROVE_Davis.lev2.nas
File creation:                20191218120431
Startdate:                    20110103050000
Revision date:                20191216000000
Version:                      2
Version description:          "Data extracted from http://views.cira.colostate.edu/fed/DataWizard 2019-12-16"
Statistics:                   arithmetic mean
Data level:                   2
Period code:                  1y
Resolution code:              3d
Sample duration:              1d
Orig. time res.:              3d
Station code:                 US4205R
Platform code:                US4205S
Station name:                 Cape Romain National Wildlife Refuge
Station latitude:             32.9419
Station longitude:            -79.6591
Station altitude:             3.0 m
Regime:                       IMG
Component:                    
Unit:                         ug/m3
Matrix:                       
Laboratory code:              US03L
Instrument type:              filterpack
Instrument name:              filterpack_US4205
Method ref:                   US03L_IMPROVE_Davis
Blank correction:             Blank corrected
Volume std. temperature:      ambient
Volume std. pressure:         ambient
starttime endtime PM10 flag_PM10 PM2.5 flag_PM2.5
  2.208333   3.208333   7.485 0.000   5.135 0.000
  5.208333   6.208333  10.047 0.000   8.715 0.000
  8.208333   9.208333   3.934 0.000   3.085 0.000
 11.208333  12.208333   9.573 0.000   7.871 0.000
 14.208333  15.208333  10.808 0.000   9.185 0.000
 17.208333  18.208333  11.178 0.000   9.773 0.000
 20.208333  21.208333   8.016 0.000   6.971 0.000
 23.208333  24.208333  12.323 0.000   8.374 0.000
 26.208333  27.208333  10.959 0.000   9.340 0.000
 29.208333  30.208333  17.992 0.000  15.148 0.000
 32.208333  33.208333  13.515 0.000   8.360 0.000
 35.208333  36.208333   5.245 0.000   3.624 0.000
 38.208333  39.208333   5.324 0.000   3.947 0.000
 41.208333  42.208333   8.249 0.000   5.737 0.000
 44.208333  45.208333  14.643 0.000  10.351 0.000
 47.208333  48.208333   7.349 0.000   4.379 0.000
 50.208333  51.208333  11.005 0.000   6.198 0.000
 53.208333  54.208333  10.798 0.000   6.848 0.000
 56.208333  57.208333  18.822 0.000   8.358 0.000
 59.208333  60.208333  10.928 0.000   5.270 0.000
 62.208333  63.208333  20.202 0.000   8.089 0.000
 65.208333  66.208333   6.013 0.000   4.950 0.000
 68.208333  69.208333   8.265 0.000   4.177 0.000
 71.208333  72.208333  19.440 0.000  15.230 0.000
 74.208333  75.208333  24.737 0.000  14.644 0.659
 77.208333  78.208333  34.347 0.000  21.818 0.659
 80.208333  81.208333  30.866 0.000  13.857 0.659
 83.208333  84.208333  22.061 0.000   7.531 0.659
 86.208333  87.208333  10.177 0.000   6.656 0.659
 89.208333  90.208333   7.863 0.000   4.919 0.659
 92.208333  93.208333   7.745 0.000   3.994 0.659
 95.208333  96.208333   8.549 0.000   4.120 0.659
 98.208333  99.208333  21.977 0.000  12.996 0.659
101.208333 102.208333  17.446 0.000   7.962 0.659
104.208333 105.208333  14.204 0.000   5.794 0.659
107.208333 108.208333  11.582 0.000   5.699 0.000
110.208333 111.208333  24.012 0.000  11.616 0.659
113.208333 114.208333  16.569 0.000   8.315 0.659
116.208333 117.208333  23.471 0.000   9.456 0.659
119.208333 120.208333  11.208 0.000   6.548 0.659
122.208333 123.208333  11.323 0.000   4.834 0.659
125.208333 126.208333  14.274 0.000   6.372 0.659
128.208333 129.208333  21.887 0.000  16.815 0.000
131.208333 132.208333  16.992 0.000   6.979 0.000
134.208333 135.208333  17.552 0.000   8.896 0.000
137.208333 138.208333  13.981 0.000   8.584 0.000
140.208333 141.208333  20.693 0.000  13.314 0.000
143.208333 144.208333  25.856 0.000  16.551 0.000
146.208333 147.208333  13.783 0.659   5.719 0.000
149.208333 150.208333  11.027 0.659   3.802 0.000
152.208333 153.208333  19.989 0.659   8.936 0.000
155.208333 156.208333  27.870 0.659  15.555 0.000
158.208333 159.208333  22.054 0.000   9.621 0.000
161.208333 162.208333  13.827 0.659   5.506 0.000
164.208333 165.208333  25.101 0.659  20.941 0.000
167.208333 168.208333  33.202 0.000  26.394 0.000
170.208333 171.208333  23.805 0.000  14.443 0.000
173.208333 174.208333  43.108 0.659  43.165 0.000
176.208333 177.208333  13.379 0.000   8.703 0.000
179.208333 180.208333  18.292 0.000   9.329 0.000
182.208333 183.208333  16.702 0.000  10.678 0.000
185.208333 186.208333 999.999 0.999   9.540 0.000
188.208333 189.208333  14.027 0.000   5.898 0.000
191.208333 192.208333  29.166 0.000  21.778 0.000
194.208333 195.208333  19.089 0.000  11.714 0.000
197.208333 198.208333  13.091 0.000   4.730 0.000
200.208333 201.208333  28.682 0.000  16.966 0.000
203.208333 204.208333  14.130 0.000   8.634 0.000
206.208333 207.208333 999.999 0.999   6.580 0.000
209.208333 210.208333  20.456 0.000   9.998 0.000
212.208333 213.208333  16.235 0.000  10.663 0.000
215.208333 216.208333  23.703 0.000  16.247 0.000
218.208333 219.208333  20.850 0.000  12.929 0.000
221.208333 222.208333  32.433 0.000   9.557 0.000
224.208333 225.208333  18.015 0.000   7.076 0.000
227.208333 228.208333  19.661 0.000  10.572 0.000
230.208333 231.208333  18.131 0.000   9.981 0.000
233.208333 234.208333  25.409 0.000 999.999 0.456
236.208333 237.208333  36.641 0.000  11.046 0.000
239.208333 240.208333  33.643 0.000  20.212 0.000
242.208333 243.208333  18.543 0.000   9.894 0.000
245.208333 246.208333  16.018 0.000   7.070 0.000
248.208333 249.208333  21.050 0.000   7.050 0.000
251.208333 252.208333 999.999 0.999   9.295 0.000
254.208333 255.208333  15.268 0.000   9.351 0.000
257.208333 258.208333  19.441 0.000  12.593 0.000
260.208333 261.208333   4.979 0.000   2.801 0.000
263.208333 264.208333   8.201 0.000   2.945 0.000
266.208333 267.208333 999.999 0.999   4.055 0.000
269.208333 270.208333   9.250 0.000   3.996 0.000
272.208333 273.208333  18.422 0.000  10.991 0.000
275.208333 276.208333   9.269 0.000   3.638 0.000
278.208333 279.208333  12.177 0.000   7.151 0.000
281.208333 282.208333  12.724 0.000   5.780 0.000
284.208333 285.208333  12.160 0.000   4.167 0.000
287.208333 288.208333  12.237 0.000   6.680 0.000
290.208333 291.208333   9.898 0.000   6.098 0.000
293.208333 294.208333 999.999 0.456   4.850 0.000
296.208333 297.208333 999.999 0.456   8.730 0.000
299.208333 300.208333  14.284 0.000   8.904 0.000
302.208333 303.208333   6.452 0.000   5.152 0.000
305.208333 306.208333  10.635 0.000   5.993 0.000
308.208333 309.208333   9.958 0.000   5.157 0.000
311.208333 312.208333   9.249 0.000   4.136 0.000
314.208333 315.208333   9.552 0.000   4.543 0.000
317.208333 318.208333   8.473 0.000   3.616 0.000
320.208333 321.208333   8.760 0.000   5.310 0.000
323.208333 324.208333   9.764 0.000   5.250 0.000
326.208333 327.208333   6.538 0.000   3.443 0.000
329.208333 330.208333   4.685 0.000   2.554 0.000
332.208333 333.208333   3.546 0.000   2.364 0.000
335.208333 336.208333   6.332 0.000   4.793 0.000
338.208333 339.208333   8.650 0.000   3.694 0.000
341.208333 342.208333   3.474 0.000   2.194 0.000
344.208333 345.208333   8.424 0.000   6.098 0.000
347.208333 348.208333   8.860 0.000   5.808 0.000
350.208333 351.208333   9.648 0.000   7.164 0.000
353.208333 354.208333   7.649 0.000 999.999 0.456
356.208333 357.208333  11.392 0.000   6.189 0.000
359.208333 360.208333   6.480 0.000   5.049 0.000
362.208333 363.208333   6.758 0.000   5.254 0.000
