scripts/IMPROVE-2019_partial/data/US4205R.20120101050000.20191216000000.filterpack...52w.3d.US03L_filterpack_US4205.US03L_IMPROVE_Davis.lev2.nas
51 1001
MISSING INFORMATION
US03L, IMPROVE, , , , , , , 
MISSING INFORMATION
IMPROVE sel_HTAP
1 1
2012 01 01 2019 12 16
3.000000
days from file reference point
4
1 1 1 1
999.999999 999.999 999.999 9.999
end_time of measurement, days from the file reference point
pm10_mass, ug/m3, Matrix=pm10
pm25_mass, ug/m3, Matrix=pm25
numflag, no unit
0
33
Data definition:              EBAS_1.1
Set type code:                TU
Timezone:                     UTC
File name:                    US4205R.20120101050000.20191216000000.filterpack...52w.3d.US03L_filterpack_US4205.US03L_IMPROVE_Davis.lev2.nas
File creation:                20191218120431
Startdate:                    20120101050000
Revision date:                20191216000000
Version:                      2
Version description:          "Data extracted from http://views.cira.colostate.edu/fed/DataWizard 2019-12-16"
Statistics:                   arithmetic mean
Data level:                   2
Period code:                  52w
Resolution code:              3d
Sample duration:              1d
Orig. time res.:              3d
Station code:                 US4205R
Platform code:                US4205S
Station name:                 Cape Romain National Wildlife Refuge
Station latitude:             32.9419
Station longitude:            -79.6591
Station altitude:             3.0 m
Regime:                       IMG
Component:                    
Unit:                         ug/m3
Matrix:                       
Laboratory code:              US03L
Instrument type:              filterpack
Instrument name:              filterpack_US4205
Method ref:                   US03L_IMPROVE_Davis
Blank correction:             Blank corrected
Volume std. temperature:      ambient
Volume std. pressure:         ambient
starttime endtime PM10 PM2.5 flag
  0.208333   1.208333  13.965  11.257 0.000
  3.208333   4.208333   7.287   5.049 0.000
  6.208333   7.208333  18.878  15.398 0.000
  9.208333  10.208333  12.642  10.268 0.000
 12.208333  13.208333   8.909   5.136 0.000
 15.208333  16.208333   7.170   4.153 0.000
 18.208333  19.208333   8.101   5.255 0.000
 21.208333  22.208333   6.881   5.316 0.000
 24.208333  25.208333  14.680   7.389 0.000
 27.208333  28.208333   8.791   6.233 0.000
 30.208333  31.208333   6.828   3.744 0.000
 33.208333  34.208333  11.846   5.434 0.000
 36.208333  37.208333  13.408   6.808 0.000
 39.208333  40.208333  24.092  15.435 0.000
 42.208333  43.208333   7.316   4.650 0.000
 45.208333  46.208333  14.255   8.697 0.000
 48.208333  49.208333  15.178   6.486 0.000
 51.208333  52.208333   6.004   5.244 0.000
 54.208333  55.208333   7.397  11.133 0.000
 57.208333  58.208333   2.267   4.513 0.000
 60.208333  61.208333   3.712   7.047 0.000
 63.208333  64.208333   6.940   3.223 0.000
 66.208333  67.208333  16.476  13.345 0.000
 69.208333  70.208333  13.969   6.978 0.000
 72.208333  73.208333  12.923   3.417 0.000
 75.208333  76.208333   8.393   3.330 0.000
 78.208333  79.208333  13.421   8.832 0.000
 81.208333  82.208333 999.999 999.999 0.999
 84.208333  85.208333 999.999 999.999 0.999
 87.208333  88.208333  19.851   6.992 0.000
 90.208333  91.208333  18.639   9.170 0.000
 93.208333  94.208333  18.443   6.120 0.000
 96.208333  97.208333   8.143   4.561 0.000
 99.208333 100.208333  13.231   7.702 0.000
102.208333 103.208333  14.229   8.116 0.000
105.208333 106.208333  12.515   5.369 0.000
108.208333 109.208333  15.570   5.638 0.000
111.208333 112.208333   9.610   5.011 0.000
114.208333 115.208333  12.005   6.501 0.000
117.208333 118.208333  18.655   8.269 0.000
120.208333 121.208333  13.875   8.577 0.000
123.208333 124.208333  12.312   5.112 0.000
126.208333 127.208333  10.489   7.242 0.000
129.208333 130.208333  11.284   4.422 0.000
132.208333 133.208333  11.124   6.365 0.000
135.208333 136.208333  12.315   7.459 0.000
138.208333 139.208333  10.784   6.910 0.000
141.208333 142.208333   7.520   4.143 0.000
144.208333 145.208333  13.315   7.221 0.000
147.208333 148.208333  16.118   7.410 0.000
150.208333 151.208333   9.979   5.613 0.000
153.208333 154.208333  10.943   6.632 0.000
156.208333 157.208333  11.270   7.232 0.000
159.208333 160.208333   8.202   5.071 0.000
162.208333 163.208333   8.450   3.311 0.000
165.208333 166.208333  11.531   6.735 0.000
168.208333 169.208333  14.174   9.138 0.000
171.208333 172.208333   7.301   2.934 0.000
174.208333 175.208333  12.208   5.801 0.000
177.208333 178.208333   9.778   5.113 0.000
180.208333 181.208333  21.900  14.431 0.000
183.208333 184.208333  13.562   9.546 0.000
186.208333 187.208333  22.784  15.046 0.000
189.208333 190.208333  22.165  12.329 0.000
192.208333 193.208333  12.469   6.594 0.000
195.208333 196.208333  11.018   5.022 0.000
198.208333 199.208333   8.189   3.925 0.000
201.208333 202.208333   9.821   4.773 0.000
204.208333 205.208333  29.122   9.912 0.000
207.208333 208.208333  25.182  14.189 0.000
210.208333 211.208333  15.505   9.193 0.000
213.208333 214.208333  16.779  10.403 0.000
216.208333 217.208333  11.258   5.471 0.000
219.208333 220.208333   9.946   4.388 0.000
222.208333 223.208333  22.523   9.061 0.000
225.208333 226.208333  19.905  10.915 0.000
228.208333 229.208333  17.794  11.363 0.000
231.208333 232.208333  12.716   7.041 0.000
234.208333 235.208333  13.611   4.836 0.000
237.208333 238.208333  12.385   6.500 0.000
240.208333 241.208333  11.127   3.137 0.000
243.208333 244.208333  16.183   7.203 0.000
246.208333 247.208333  12.245   6.876 0.000
249.208333 250.208333  14.250   7.481 0.000
252.208333 253.208333   8.083   4.424 0.000
255.208333 256.208333  10.354   5.179 0.000
258.208333 259.208333   8.057   3.308 0.000
261.208333 262.208333  13.346   4.320 0.000
264.208333 265.208333   9.844   5.760 0.000
267.208333 268.208333  13.919   5.752 0.000
270.208333 271.208333  13.133   3.928 0.000
273.208333 274.208333  17.630  11.139 0.000
276.208333 277.208333  14.040   5.260 0.000
279.208333 280.208333  14.395  10.195 0.000
282.208333 283.208333   4.208   2.773 0.000
285.208333 286.208333  12.596   8.063 0.000
288.208333 289.208333  14.278   4.964 0.000
291.208333 292.208333   7.927   3.881 0.000
294.208333 295.208333  20.169   6.372 0.000
297.208333 298.208333   9.974   5.244 0.000
300.208333 301.208333   8.958   4.530 0.000
303.208333 304.208333  12.051   4.045 0.000
306.208333 307.208333  16.480   7.258 0.000
309.208333 310.208333  11.499   7.987 0.000
312.208333 313.208333  12.103   9.065 0.000
315.208333 316.208333  11.934   7.159 0.000
318.208333 319.208333   8.423   5.708 0.000
321.208333 322.208333  11.254   6.639 0.000
324.208333 325.208333  10.668   5.895 0.000
327.208333 328.208333  14.272   9.276 0.000
330.208333 331.208333  13.115   9.296 0.000
333.208333 334.208333  10.241   7.454 0.000
336.208333 337.208333   7.624   4.785 0.000
339.208333 340.208333   8.491   4.333 0.000
342.208333 343.208333  13.724  10.031 0.000
345.208333 346.208333  13.478   8.608 0.000
348.208333 349.208333  10.947   5.727 0.000
351.208333 352.208333   7.817   3.810 0.000
354.208333 355.208333  13.364   6.144 0.000
357.208333 358.208333   8.712   5.750 0.000
360.208333 361.208333 999.999 999.999 0.999
363.208333 364.208333   4.904   3.382 0.000
