scripts/IMPROVE-2019_partial/data/US4205R.20040101050000.20191216000000.filterpack..pm25.52w.1w.US03L_filterpack_US4205.US03L_IMPROVE_Davis.lev2.nas
66 1001
MISSING INFORMATION
US03L, IMPROVE, , , , , , , 
MISSING INFORMATION
IMPROVE sel_HTAP
1 1
2004 01 01 2019 12 16
3.000000
days from file reference point
27
1 1 1 1 1 1 1 1 1 1 1 1 1 1 1 1 1 1 1 1 1 1 1 1 1 1 1
999.999999 99.999 9.999999 9999.99 9.999 99.99 9.999 9.999 9.999999 99.99 9.999 9.999 9.999999 999.999 9.999 999.999 9.999 999.999 9.999 999.999 9.999 999.999 9.999 9.999 9.999 99.999 9.999999
end_time of measurement, days from the file reference point
ammonium, ug N/m3, Revision date=20181210133000
numflag ammonium, no unit, Revision date=20181210133000
iron, ng/m3, Revision date=20181210133000
numflag iron, no unit, Revision date=20181210133000
lead, ng/m3, Revision date=20181210133000
numflag lead, no unit, Revision date=20181210133000
magnesium, ug/m3, Revision date=20181210133000
numflag magnesium, no unit, Revision date=20181210133000
nickel, ng/m3, Revision date=20181210133000
numflag nickel, no unit, Revision date=20181210133000
nitrate, ug N/m3, Revision date=20181210133000
numflag nitrate, no unit, Revision date=20181210133000
organic_carbon, ug C/m3, Revision date=20181210133000
numflag organic_carbon, no unit, Revision date=20181210133000
organic_mass, ug/m3, Revision date=20181210133000
numflag organic_mass, no unit, Revision date=20181210133000
pm10_mass, ug/m3, Version=2, Version description=Data extracted from http://views.cira.colostate.edu/fed/DataWizard 2019-12-16, Sample duration=1d, Orig. time res.=3d, Matrix=pm10, Blank correction=Blank corrected, Volume std. temperature=ambient, Volume std. pressure=ambient
numflag pm10_mass, no unit, Version=2, Version description=Data extracted from http://views.cira.colostate.edu/fed/DataWizard 2019-12-16, Sample duration=1d, Orig. time res.=3d, Matrix=pm10, Blank correction=Blank corrected, Volume std. temperature=ambient, Volume std. pressure=ambient
pm10_pm25_mass, ug/m3, Revision date=20181210133000, Matrix=pm10_pm25
numflag pm10_pm25_mass, no unit, Revision date=20181210133000, Matrix=pm10_pm25
pm25_mass, ug/m3, Version=2, Version description=Data extracted from http://views.cira.colostate.edu/fed/DataWizard 2019-12-16, Sample duration=1d, Orig. time res.=3d, Blank correction=Blank corrected, Volume std. temperature=ambient, Volume std. pressure=ambient
numflag pm25_mass, no unit, Version=2, Version description=Data extracted from http://views.cira.colostate.edu/fed/DataWizard 2019-12-16, Sample duration=1d, Orig. time res.=3d, Blank correction=Blank corrected, Volume std. temperature=ambient, Volume std. pressure=ambient
potassium, ug/m3, Revision date=20181210133000
numflag potassium, no unit, Revision date=20181210133000
sulphate_total, ug S/m3, Revision date=20181210133000
numflag sulphate_total, no unit, Revision date=20181210133000
0
25
Data definition:              EBAS_1.1
Set type code:                TU
Timezone:                     UTC
File name:                    US4205R.20040101050000.20191216000000.filterpack..pm25.52w.1w.US03L_filterpack_US4205.US03L_IMPROVE_Davis.lev2.nas
File creation:                20191218120430
Startdate:                    20040101050000
Revision date:                20191216000000
Statistics:                   arithmetic mean
Data level:                   2
Period code:                  52w
Resolution code:              1w
Station code:                 US4205R
Platform code:                US4205S
Station name:                 Cape Romain National Wildlife Refuge
Station latitude:             32.9419
Station longitude:            -79.6591
Station altitude:             3.0 m
Regime:                       IMG
Component:                    
Matrix:                       pm25
Laboratory code:              US03L
Instrument type:              filterpack
Instrument name:              filterpack_US4205
Method ref:                   US03L_IMPROVE_Davis
starttime endtime NH4+ flag_NH4+ Fe flag_Fe Pb flag_Pb Mg++ flag_Mg++ Ni flag_Ni NO3- flag_NO3- OC flag_OC OM flag_OM PM10 flag_PM10 PM10-PM2.5 flag_PM10-PM2.5 PM2.5 flag_PM2.5 K+ flag_K+ SO4-- flag_SO4--
[from data line 79]
237.208333 238.208333  0.416 0.559000   14.27 0.000  0.67 0.000 9.999 0.259000  0.38 0.000 0.047 0.559000   1.181 0.000   1.653 0.000  11.182 0.000   3.962 0.000   7.220 0.000 0.040 0.000  1.148 0.559000
240.208333 241.208333  0.158 0.559000   34.67 0.000  0.36 0.000 9.999 0.259000  0.14 0.000 0.038 0.559000   0.820 0.000   1.148 0.000   9.915 0.000   5.196 0.000   4.720 0.000 0.041 0.000  0.600 0.559000
243.208333 244.208333  0.404 0.559000   50.51 0.000  1.15 0.000 9.999 0.259000  1.01 0.000 0.042 0.559000   1.939 0.000   2.714 0.000  12.780 0.000   4.766 0.000   8.014 0.000 0.043 0.000  0.970 0.559000
246.208333 247.208333  1.017 0.559000   19.75 0.000  1.59 0.000 9.999 0.259000  0.82 0.000 0.047 0.559000   2.347 0.000   3.286 0.000  15.832 0.000   3.090 0.000  12.742 0.000 0.043 0.000  1.868 0.559000
249.208333 250.208333  0.035 0.559000   12.71 0.000 99.99 0.259 9.999 0.259000  0.20 0.000 0.035 0.559000   0.111 0.000   0.156 0.000  14.067 0.000   9.089 0.000   4.978 0.000 0.037 0.000  0.256 0.559000
252.208333 253.208333  1.233 0.559000   23.86 0.000  0.97 0.000 0.136 0.000000  0.77 0.000 0.030 0.559000   1.887 0.000   2.642 0.000  16.275 0.000   3.374 0.000  12.901 0.000 0.026 0.000  2.157 0.559000
255.208333 256.208333  0.572 0.559000   10.46 0.000  1.29 0.000 0.075 0.000000  0.64 0.000 0.062 0.559000   1.570 0.000   2.197 0.000  13.284 0.000   4.956 0.000   8.327 0.000 0.035 0.000  1.204 0.559000
258.208333 259.208333  0.741 0.559000    7.32 0.000  0.83 0.000 9.999 0.259000  0.36 0.000 0.040 0.559000   1.392 0.000   1.949 0.000  10.558 0.000   1.978 0.000   8.580 0.000 0.028 0.000  1.555 0.559000
261.208333 262.208333  0.488 0.559000   25.90 0.000  2.69 0.000 9.999 0.259000  0.15 0.000 0.018 0.559000   1.200 0.000   1.680 0.000   8.191 0.000   2.022 0.000   6.169 0.000 0.022 0.000  0.908 0.559000
264.208333 265.208333  0.122 0.559000    5.81 0.000  0.44 0.000 9.999 0.259000  0.41 0.000 0.078 0.559000   0.899 0.000   1.259 0.000  10.279 0.000   6.217 0.000   4.063 0.000 0.030 0.000  0.350 0.559000
267.208333 268.208333  2.177 0.559000   44.46 0.000  3.19 0.000 9.999 0.259000  0.77 0.000 0.072 0.559000   2.438 0.000   3.414 0.000  23.267 0.000   3.872 0.000  19.395 0.000 0.060 0.000  3.369 0.559000
270.208333 271.208333  0.298 0.559000    9.24 0.000  0.38 0.000 9.999 0.259000  0.76 0.000 0.091 0.559000   0.514 0.000   0.720 0.000  22.614 0.000  12.667 0.000   9.947 0.000 0.066 0.000  1.208 0.559000
273.208333 274.208333  2.218 0.559000   21.07 0.000  1.91 0.000 9.999 0.259000  0.89 0.000 0.036 0.559000   3.432 0.000   4.805 0.000  22.970 0.000   1.983 0.000  20.987 0.000 0.047 0.000  3.724 0.559000
276.208333 277.208333  1.649 0.559000   35.07 0.000  0.67 0.000 0.106 0.000000  1.86 0.000 0.021 0.559000   2.633 0.000   3.687 0.000  23.349 0.000   4.500 0.000  18.849 0.000 0.085 0.000  3.946 0.559000
279.208333 280.208333  1.280 0.559000   23.38 0.000  2.00 0.000 9.999 0.259000  0.28 0.000 0.063 0.559000   1.925 0.000   2.695 0.000  16.108 0.000   2.281 0.000  13.827 0.000 0.041 0.000  2.147 0.559000
282.208333 283.208333  0.155 0.559000   16.37 0.000  1.01 0.000 9.999 0.259000  0.39 0.000 0.073 0.559000   3.778 0.000   5.289 0.000  16.073 0.000   5.809 0.000  10.263 0.000 0.141 0.000  0.618 0.559000
285.208333 286.208333  1.076 0.559000   18.51 0.000  2.07 0.000 9.999 0.259000  0.41 0.000 0.038 0.559000   1.430 0.000   2.002 0.000  12.205 0.000   1.612 0.000  10.593 0.000 0.031 0.000  1.794 0.559000
288.208333 289.208333  0.414 0.559000   15.12 0.000  1.15 0.000 0.095 0.000000  0.23 0.000 0.033 0.559000   1.572 0.000   2.200 0.000   7.906 0.000   1.587 0.000   6.319 0.000 0.029 0.000  0.731 0.559000
291.208333 292.208333  0.381 0.559000   24.14 0.000  0.97 0.000 9.999 0.259000  1.28 0.000 0.047 0.559000   1.798 0.000   2.517 0.000  13.245 0.000   5.490 0.000   7.754 0.000 0.079 0.000  0.876 0.559000
294.208333 295.208333  1.396 0.559000    8.73 0.000  1.13 0.000 9.999 0.259000  0.38 0.000 0.076 0.559000   1.686 0.000   2.360 0.000  15.263 0.000   2.986 0.000  12.277 0.000 0.024 0.000  2.227 0.559000
297.208333 298.208333  1.209 0.559000   20.58 0.000  1.80 0.000 0.141 0.000000  0.85 0.000 0.060 0.559000   2.133 0.000   2.986 0.000  14.289 0.000   2.909 0.000  11.380 0.000 0.037 0.000  1.733 0.559000
300.208333 301.208333  3.870 0.559000   27.24 0.000  2.50 0.000 9.999 0.259000  0.26 0.000 0.074 0.559000   8.376 0.000  11.727 0.000  36.913 0.000   6.229 0.000  30.684 0.000 0.092 0.000  4.596 0.559000
303.208333 304.208333  2.064 0.559000   16.20 0.000  1.48 0.000 9.999 0.259000  2.28 0.000 0.053 0.559000   2.687 0.000   3.762 0.000  21.779 0.000   1.683 0.000  20.096 0.000 0.036 0.000  3.678 0.559000
306.208333 307.208333  0.292 0.559000    5.61 0.000  0.64 0.000 9.999 0.259000  1.49 0.000 0.059 0.559000   0.513 0.000   0.718 0.000   8.150 0.000   4.047 0.000   4.103 0.000 0.016 0.000  0.753 0.559000
309.208333 310.208333  0.659 0.559000   11.50 0.000  0.73 0.000 0.086 0.000000  0.23 0.000 0.026 0.559000   1.476 0.000   2.066 0.000   8.923 0.000   2.754 0.000   6.169 0.000 0.023 0.000  0.832 0.559000
312.208333 313.208333  1.259 0.559000   31.45 0.000  2.73 0.000 9.999 0.259000  0.69 0.000 0.085 0.559000   3.469 0.000   4.857 0.000  18.567 0.000   4.740 0.000  13.827 0.000 0.061 0.000  1.571 0.559000
315.208333 316.208333  0.156 0.000000   15.88 0.000  1.00 0.000 9.999 0.259000  0.74 0.000 0.075 0.000000   0.845 0.000   1.183 0.000   8.226 0.000   3.893 0.000   4.333 0.000 0.028 0.000  0.420 0.000000
318.208333 319.208333  0.505 0.000000   23.37 0.000  2.52 0.000 9.999 0.259000  0.32 0.000 0.135 0.000000   1.334 0.000   1.868 0.000   9.590 0.000   3.074 0.000   6.516 0.000 0.049 0.000  0.622 0.000000
321.208333 322.208333  0.633 0.000000   36.85 0.000  3.06 0.000 9.999 0.259000  0.29 0.000 0.105 0.000000   3.656 0.000   5.118 0.000  13.682 0.000   2.743 0.000  10.939 0.000 0.081 0.000  0.768 0.000000
324.208333 325.208333  0.726 0.000000   17.38 0.000  1.39 0.000 9.999 0.259000  1.65 0.000 0.099 0.000000   2.040 0.000   2.856 0.000  12.296 0.000   3.057 0.000   9.239 0.000 0.094 0.000  1.089 0.000000
327.208333 328.208333  0.989 0.000000   23.24 0.000  2.36 0.000 9.999 0.259000  1.79 0.000 0.150 0.000000   2.572 0.000   3.601 0.000  15.632 0.000   2.360 0.000  13.272 0.000 0.108 0.000  1.539 0.000000
330.208333 331.208333  0.366 0.000000   11.32 0.000  0.65 0.000 9.999 0.259000 99.99 0.259 0.034 0.000000   0.901 0.000   1.261 0.000   5.655 0.000   1.489 0.000   4.167 0.000 0.033 0.000  0.438 0.000000
333.208333 334.208333  0.584 0.000000    8.45 0.000  0.72 0.000 9.999 0.259000  0.34 0.000 0.087 0.000000   1.108 0.000   1.551 0.000   9.451 0.000   3.254 0.000   6.197 0.000 0.027 0.000  0.776 0.000000
336.208333 337.208333  0.333 0.000000   10.67 0.000  1.02 0.000 9.999 0.259000  0.69 0.000 0.061 0.000000   1.547 0.000   2.167 0.000   8.887 0.000   3.656 0.000   5.231 0.000 0.030 0.000  0.497 0.000000
339.208333 340.208333  1.156 0.000000   34.41 0.000  3.61 0.000 9.999 0.259000  1.99 0.000 0.091 0.000000   4.008 0.000   5.611 0.000  17.964 0.000   2.563 0.000  15.401 0.000 0.079 0.000  1.506 0.000000
342.208333 343.208333  0.531 0.000000   18.27 0.000  0.87 0.000 0.167 0.000000  1.84 0.000 0.199 0.000000   1.738 0.000   2.433 0.000  13.154 0.000   4.049 0.000   9.105 0.000 0.064 0.000  1.106 0.000000
345.208333 346.208333  0.393 0.000000   11.59 0.000  0.97 0.000 0.129 0.000000  0.20 0.000 0.030 0.000000   1.014 0.000   1.420 0.000   5.958 0.000   1.463 0.000   4.495 0.000 0.019 0.000  0.489 0.000000
348.208333 349.208333  0.519 0.000000   12.84 0.000  0.52 0.000 9.999 0.259000  0.28 0.000 0.053 0.000000   0.743 0.000   1.040 0.000   6.463 0.000   1.439 0.000   5.024 0.000 0.024 0.000  0.665 0.000000
351.208333 352.208333  0.581 0.000000   18.42 0.000  1.13 0.000 0.140 0.000000  0.26 0.000 0.026 0.000000   2.074 0.000   2.904 0.000   9.673 0.000   2.178 0.000   7.495 0.000 0.058 0.000  0.722 0.000000
354.208333 355.208333  0.201 0.000000   17.76 0.000  0.93 0.000 9.999 0.259000 99.99 0.259 0.041 0.000000   0.511 0.000   0.716 0.000   7.236 0.000   4.952 0.000   2.284 0.000 0.017 0.000  0.236 0.000000
357.208333 358.208333  0.217 0.000000    7.02 0.000  0.69 0.000 9.999 0.259000  0.85 0.000 0.183 0.000000   0.748 0.000   1.047 0.000  19.812 0.000  11.491 0.000   8.321 0.000 0.067 0.000  0.675 0.000000
360.208333 361.208333  0.738 0.000000   11.46 0.000  1.26 0.000 9.999 0.259000  1.59 0.000 0.199 0.000000   1.251 0.000   1.751 0.000   7.152 0.000   0.606 0.000   6.547 0.000 0.032 0.000  0.785 0.000000
363.208333 364.208333  0.856 0.000000   33.41 0.000  5.11 0.000 9.999 0.259000  0.69 0.000 0.125 0.000000   2.383 0.000   3.336 0.000  14.344 0.000   3.348 0.000  10.995 0.000 0.121 0.000  1.188 0.000000
