scripts/IMPROVE-2019_partial/data/US4205R.19960103050000.20191216000000.filterpack...1y.3d.US03L_filterpack_US4205.US03L_IMPROVE_Davis.lev2.nas
51 1001
MISSING INFORMATION
US03L, IMPROVE, , , , , , , 
MISSING INFORMATION
IMPROVE sel_HTAP
1 1
1996 01 01 2019 12 16
0
days from file reference point
4
1 1 1 1
999.999999 999.999 999.999 9.999
end_time of measurement, days from the file reference point
pm10_mass, ug/m3, Matrix=pm10
pm25_mass, ug/m3, Matrix=pm25
numflag, no unit
0
33
Data definition:              EBAS_1.1
Set type code:                TI
Timezone:                     UTC
File name:                    US4205R.19960103050000.20191216000000.filterpack...1y.3d.US03L_filterpack_US4205.US03L_IMPROVE_Davis.lev2.nas
File creation:                20191218120428
Startdate:                    19960103050000
Revision date:                20191216000000
Version:                      2
Version description:          "Data extracted from http://views.cira.colostate.edu/fed/DataWizard 2019-12-16"
Statistics:                   arithmetic mean
Data level:                   2
Period code:                  1y
Resolution code:              3d
Sample duration:              1d
Orig. time res.:              3d
Station code:                 US4205R
Platform code:                US4205S
Station name:                 Cape Romain National Wildlife Refuge
Station latitude:             32.9419
Station longitude:            -79.6591
Station altitude:             3.0 m
Regime:                       IMG
Component:                    
Unit:                         ug/m3
Matrix:                       
Laboratory code:              US03L
Instrument type:              filterpack
Instrument name:              filterpack_US4205
Method ref:                   US03L_IMPROVE_Davis
Blank correction:             Blank corrected
Volume std. temperature:      ambient
Volume std. pressure:         ambient
starttime endtime PM10 PM2.5 flag
  2.208333   3.208333  10.981   7.677 0.000
  5.208333   6.208333  16.761  10.831 0.000
  9.208333  10.208333  17.335  11.531 0.000
 12.208333  13.208333  13.400  10.511 0.000
 16.208333  17.208333  25.225  17.017 0.000
 19.208333  20.208333  16.757   8.463 0.000
 23.208333  24.208333  19.525   8.564 0.000
 26.208333  27.208333  19.780   8.704 0.000
 30.208333  31.208333  13.523  10.820 0.000
 33.208333  34.208333  16.975  11.349 0.000
 37.208333  38.208333  16.340   9.062 0.000
 40.208333  41.208333  19.525   8.402 0.000
 44.208333  45.208333  28.221  14.145 0.000
 47.208333  48.208333  13.554   9.947 0.000
 51.208333  52.208333  12.993  11.713 0.000
 54.208333  55.208333  16.265  12.838 0.000
 58.208333  59.208333  17.820  14.685 0.000
 61.208333  62.208333  11.240   9.059 0.000
 65.208333  66.208333  25.664  10.849 0.000
 68.208333  69.208333  12.059   7.741 0.000
 72.208333  73.208333  28.575  14.242 0.000
 75.208333  76.208333  20.195  10.926 0.000
 79.208333  80.208333  22.676   6.361 0.000
 82.208333  83.208333  12.991   7.620 0.000
 86.208333  87.208333  17.689  10.856 0.000
 89.208333  90.208333  12.818   8.273 0.000
 93.208333  94.208333  16.009  10.980 0.000
 96.208333  97.208333  16.359   9.894 0.000
100.208333 101.208333  13.673   8.963 0.000
103.208333 104.208333  21.503  11.504 0.000
107.208333 108.208333  18.133   9.530 0.000
110.208333 111.208333  16.728   7.093 0.000
114.208333 115.208333  10.676   6.582 0.000
117.208333 118.208333  26.752  11.209 0.000
121.208333 122.208333  22.952   8.666 0.000
124.208333 125.208333  18.273   6.470 0.000
128.208333 129.208333  26.422  10.806 0.000
131.208333 132.208333  19.477   6.135 0.000
135.208333 136.208333 999.999 999.999 0.999
138.208333 139.208333 999.999 999.999 0.999
142.208333 143.208333 999.999 999.999 0.999
145.208333 146.208333 999.999 999.999 0.999
149.208333 150.208333 999.999 999.999 0.999
152.208333 153.208333  13.122   5.890 0.000
156.208333 157.208333  21.932   8.071 0.000
159.208333 160.208333  13.300   5.665 0.000
163.208333 164.208333 999.999 999.999 0.999
166.208333 167.208333  16.241   8.592 0.000
170.208333 171.208333  20.049   6.238 0.000
173.208333 174.208333  42.032  22.902 0.000
177.208333 178.208333  38.536  20.231 0.000
180.208333 181.208333  37.875  25.091 0.000
184.208333 185.208333  37.546  13.426 0.000
187.208333 188.208333  11.676   4.690 0.000
191.208333 192.208333  19.777  12.662 0.000
194.208333 195.208333 999.999 999.999 0.999
198.208333 199.208333 999.999 999.999 0.999
201.208333 202.208333  28.669  18.400 0.000
205.208333 206.208333  21.054  11.241 0.000
208.208333 209.208333  24.655  15.890 0.000
212.208333 213.208333  19.651   8.274 0.000
215.208333 216.208333  17.580   7.630 0.000
219.208333 220.208333  20.757   8.177 0.000
222.208333 223.208333  19.041  10.163 0.000
226.208333 227.208333  31.849  10.239 0.000
229.208333 230.208333  45.492  19.273 0.000
233.208333 234.208333  26.415  20.772 0.000
236.208333 237.208333  17.770  12.788 0.000
240.208333 241.208333  22.453  16.904 0.000
243.208333 244.208333  43.970  27.437 0.000
247.208333 248.208333 999.999 999.999 0.999
250.208333 251.208333 999.999  16.063 0.000
254.208333 255.208333   9.944   3.596 0.000
257.208333 258.208333 999.999  13.297 0.000
261.208333 262.208333  22.138  10.385 0.000
264.208333 265.208333  14.184   8.987 0.000
268.208333 269.208333  22.433  14.077 0.000
271.208333 272.208333  19.295   7.505 0.000
275.208333 276.208333  17.693  11.886 0.000
278.208333 279.208333  15.658   6.044 0.000
282.208333 283.208333  23.723  11.900 0.000
285.208333 286.208333  17.757  11.498 0.000
289.208333 290.208333  24.907  14.918 0.000
292.208333 293.208333  18.138   5.443 0.000
296.208333 297.208333  25.941   9.447 0.000
299.208333 300.208333  24.151  13.201 0.000
303.208333 304.208333  29.467  18.714 0.000
306.208333 307.208333  14.687   8.340 0.000
310.208333 311.208333   7.338   3.425 0.000
313.208333 314.208333  10.701   6.135 0.000
317.208333 318.208333  15.432   8.048 0.000
320.208333 321.208333  17.651   8.938 0.000
324.208333 325.208333  19.994   1.415 0.000
327.208333 328.208333 999.999  16.511 0.000
331.208333 332.208333   9.608   6.027 0.000
334.208333 335.208333  17.173   6.621 0.000
338.208333 339.208333  15.588   9.788 0.000
341.208333 342.208333  16.687  11.839 0.000
345.208333 346.208333  26.389   8.461 0.000
348.208333 349.208333  11.657   8.929 0.000
352.208333 353.208333  14.427   7.866 0.000
355.208333 356.208333  13.793   6.718 0.000
359.208333 360.208333 999.999 999.999 0.999
362.208333 363.208333 999.999 999.999 0.999
