scripts/IMPROVE-2019_partial/data/US4205R.20060102050000.20191216000000.filterpack..pm25.52w.1w.US03L_filterpack_US4205.US03L_IMPROVE_Davis.lev2.nas
66 1001
MISSING INFORMATION
US03L, IMPROVE, , , , , , , 
MISSING INFORMATION
IMPROVE sel_HTAP
1 1
2006 01 01 2019 12 16
3.000000
days from file reference point
27
1 1 1 1 1 1 1 1 1 1 1 1 1 1 1 1 1 1 1 1 1 1 1 1 1 1 1
999.999999 9999.99 9.999 999.99 9.999 9.999 9.999 99.99 9.999 9.999 9.999 99.999 9.999 99.999 9.999 99.99 9.999 999.999 9.999 999.999 9.999 999.999 9.999 9.999 9.999 99.999 9.999
end_time of measurement, days from the file reference point
iron, ng/m3, Revision date=20181210133000
numflag iron, no unit, Revision date=20181210133000
lead, ng/m3, Revision date=20181210133000
numflag lead, no unit, Revision date=20181210133000
magnesium, ug/m3, Revision date=20181210133000
numflag magnesium, no unit, Revision date=20181210133000
nickel, ng/m3, Revision date=20181210133000
numflag nickel, no unit, Revision date=20181210133000
nitrate, ug N/m3, Revision date=20181210133000
numflag nitrate, no unit, Revision date=20181210133000
organic_carbon, ug C/m3, Revision date=20181210133000
numflag organic_carbon, no unit, Revision date=20181210133000
organic_mass, ug/m3, Revision date=20181210133000
numflag organic_mass, no unit, Revision date=20181210133000
phosphorus, ng/m3, Revision date=20181210133000
numflag phosphorus, no unit, Revision date=20181210133000
pm10_mass, ug/m3, Version=2, Version description=Data extracted from http://views.cira.colostate.edu/fed/DataWizard 2019-12-16, Sample duration=1d, Orig. time res.=3d, Matrix=pm10, Blank correction=Blank corrected, Volume std. temperature=ambient, Volume std. pressure=ambient
numflag pm10_mass, no unit, Version=2, Version description=Data extracted from http://views.cira.colostate.edu/fed/DataWizard 2019-12-16, Sample duration=1d, Orig. time res.=3d, Matrix=pm10, Blank correction=Blank corrected, Volume std. temperature=ambient, Volume std. pressure=ambient
pm10_pm25_mass, ug/m3, Revision date=20181210133000, Matrix=pm10_pm25
numflag pm10_pm25_mass, no unit, Revision date=20181210133000, Matrix=pm10_pm25
pm25_mass, ug/m3, Version=2, Version description=Data extracted from http://views.cira.colostate.edu/fed/DataWizard 2019-12-16, Sample duration=1d, Orig. time res.=3d, Blank correction=Blank corrected, Volume std. temperature=ambient, Volume std. pressure=ambient
numflag pm25_mass, no unit, Version=2, Version description=Data extracted from http://views.cira.colostate.edu/fed/DataWizard 2019-12-16, Sample duration=1d, Orig. time res.=3d, Blank correction=Blank corrected, Volume std. temperature=ambient, Volume std. pressure=ambient
potassium, ug/m3, Revision date=20181210133000
numflag potassium, no unit, Revision date=20181210133000
sulphate_total, ug S/m3, Revision date=20181210133000
numflag sulphate_total, no unit, Revision date=20181210133000
0
25
Data definition:              EBAS_1.1
Set type code:                TU
Timezone:                     UTC
File name:                    US4205R.20060102050000.20191216000000.filterpack..pm25.52w.1w.US03L_filterpack_US4205.US03L_IMPROVE_Davis.lev2.nas
File creation:                20191218120430
Startdate:                    20060102050000
Revision date:                20191216000000
Statistics:                   arithmetic mean
Data level:                   2
Period code:                  52w
Resolution code:              1w
Station code:                 US4205R
Platform code:                US4205S
Station name:                 Cape Romain National Wildlife Refuge
Station latitude:             32.9419
Station longitude:            -79.6591
Station altitude:             3.0 m
Regime:                       IMG
Component:                    
Matrix:                       pm25
Laboratory code:              US03L
Instrument type:              filterpack
Instrument name:              filterpack_US4205
Method ref:                   US03L_IMPROVE_Davis
starttime endtime Fe flag_Fe Pb flag_Pb Mg++ flag_Mg++ Ni flag_Ni NO3- flag_NO3- OC flag_OC OM flag_OM P flag_P PM10 flag_PM10 PM10-PM2.5 flag_PM10-PM2.5 PM2.5 flag_PM2.5 K+ flag_K+ SO4-- flag_SO4--
[from data line 85]
256.208333 257.208333   18.73 0.000   1.09 0.000 0.038 0.000  0.76 0.000 0.039 0.000  1.236 0.000  2.224 0.000  1.51 0.000  16.145 0.000   5.292 0.000  10.853 0.000 0.034 0.000  1.729 0.000
259.208333 260.208333   32.49 0.000   1.88 0.000 9.999 0.259  0.39 0.000 0.027 0.559 99.999 0.999 99.999 0.999 99.99 0.259  21.354 0.000   7.020 0.000  14.334 0.000 0.036 0.000  2.382 0.559
262.208333 263.208333   35.45 0.000   1.46 0.000 9.999 0.259  0.65 0.000 0.025 0.559  1.712 0.000  3.081 0.000 99.99 0.259  17.497 0.000   7.573 0.000   9.924 0.000 0.047 0.000  1.130 0.559
265.208333 266.208333   12.40 0.000   0.87 0.000 0.043 0.000  0.98 0.000 0.060 0.559  0.698 0.000  1.256 0.000 99.99 0.259  14.917 0.000   5.590 0.000   9.327 0.000 0.037 0.000  1.568 0.559
268.208333 269.208333   29.13 0.000   1.67 0.000 9.999 0.259  0.21 0.000 0.032 0.000  1.880 0.000  3.384 0.000 99.99 0.259  18.626 0.000   6.230 0.000  12.396 0.000 0.046 0.000  1.743 0.000
271.208333 272.208333   34.51 0.000   1.98 0.000 9.999 0.259  0.37 0.000 0.024 0.000  1.410 0.000  2.539 0.000 99.99 0.259  12.193 0.000   3.587 0.000   8.606 0.000 0.036 0.000  1.050 0.000
274.208333 275.208333   25.31 0.000   1.55 0.000 9.999 0.259  0.28 0.000 0.027 0.559  2.190 0.000  3.942 0.000 99.99 0.259  16.923 0.000   5.422 0.000  11.501 0.000 0.040 0.000  1.269 0.559
277.208333 278.208333   47.58 0.000   2.26 0.000 9.999 0.259  1.15 0.000 0.029 0.559  1.409 0.000  2.536 0.000 99.99 0.259  16.939 0.000   5.372 0.000  11.567 0.000 0.040 0.000  1.573 0.559
280.208333 281.208333    8.04 0.000   1.26 0.000 0.010 0.000 99.99 0.259 0.051 0.000  0.969 0.000  1.744 0.000 99.99 0.259   6.583 0.000   2.451 0.000   4.132 0.000 0.028 0.000  0.425 0.000
283.208333 284.208333 9999.99 0.999 999.99 0.999 9.999 0.999 99.99 0.999 9.999 0.999 99.999 0.999 99.999 0.999 99.99 0.999 999.999 0.999 999.999 0.999 999.999 0.999 9.999 0.999 99.999 0.999
286.208333 287.208333   47.75 0.000   2.32 0.000 9.999 0.259  0.41 0.000 0.042 0.000  1.501 0.000  2.702 0.000 99.99 0.259  11.730 0.000   5.428 0.000   6.302 0.000 0.049 0.000  0.446 0.000
289.208333 290.208333    8.17 0.000   0.55 0.000 0.089 0.000  0.68 0.000 0.051 0.000  0.380 0.000  0.683 0.000 99.99 0.259  19.300 0.000  11.763 0.000   7.538 0.000 0.042 0.000  0.940 0.000
292.208333 293.208333 9999.99 0.999 999.99 0.999 9.999 0.999 99.99 0.999 9.999 0.999 99.999 0.999 99.999 0.999 99.99 0.999 999.999 0.999 999.999 0.999 999.999 0.999 9.999 0.999 99.999 0.999
295.208333 296.208333 9999.99 0.999 999.99 0.999 9.999 0.999 99.99 0.999 9.999 0.999 99.999 0.999 99.999 0.999 99.99 0.999 999.999 0.999 999.999 0.999 999.999 0.999 9.999 0.999 99.999 0.999
298.208333 299.208333   37.73 0.000   1.82 0.000 0.015 0.000  0.26 0.000 0.053 0.000  1.691 0.000  3.044 0.000 99.99 0.259  11.236 0.000   3.386 0.000   7.851 0.000 0.041 0.000  0.781 0.000
301.208333 302.208333   26.39 0.000   1.54 0.000 9.999 0.259  0.71 0.000 0.048 0.000  2.067 0.000  3.721 0.000 99.99 0.259   9.647 0.000   2.798 0.000   6.849 0.000 0.037 0.000  0.622 0.000
304.208333 305.208333   15.58 0.000   1.06 0.000 9.999 0.259  0.53 0.000 0.041 0.000  1.081 0.000  1.946 0.000 99.99 0.259   9.909 0.000   4.409 0.000   5.500 0.000 0.023 0.000  0.691 0.000
307.208333 308.208333   24.22 0.000   2.42 0.000 9.999 0.259  0.45 0.000 0.145 0.000  1.645 0.000  2.961 0.000 99.99 0.259  12.302 0.000   4.970 0.000   7.332 0.000 0.054 0.000  0.722 0.000
310.208333 311.208333    3.52 0.000 999.99 0.259 0.181 0.000  0.38 0.000 0.070 0.000  0.932 0.000  1.677 0.000 99.99 0.259  16.234 0.000   8.946 0.000   7.288 0.000 0.058 0.000  0.245 0.000
313.208333 314.208333   31.71 0.000   2.28 0.000 9.999 0.259  2.48 0.000 0.071 0.000  4.101 0.000  7.381 0.000 99.99 0.259  19.124 0.000   3.328 0.000  15.796 0.000 0.053 0.000  1.554 0.000
316.208333 317.208333   11.20 0.000   2.00 0.000 0.014 0.000 99.99 0.259 0.025 0.000  1.579 0.000  2.842 0.000 99.99 0.259   9.556 0.000   1.642 0.000   7.914 0.000 0.028 0.000  1.039 0.000
319.208333 320.208333   13.85 0.000   0.36 0.000 0.115 0.000  0.60 0.000 0.079 0.000  1.298 0.000  2.337 0.000 99.99 0.259  18.236 0.000   9.591 0.000   8.645 0.000 0.067 0.000  0.641 0.000
322.208333 323.208333   16.39 0.000   2.53 0.000 9.999 0.259  0.39 0.000 0.057 0.000  2.986 0.000  5.375 0.000 99.99 0.259  12.890 0.000   2.149 0.000  10.742 0.000 0.046 0.000  1.073 0.000
325.208333 326.208333    8.51 0.000   0.89 0.000 9.999 0.259  0.34 0.000 0.016 0.000  0.787 0.000  1.417 0.000 99.99 0.259   3.945 0.000   1.540 0.000   2.406 0.000 0.011 0.000  0.242 0.000
328.208333 329.208333   14.88 0.000   8.09 0.000 9.999 0.259  0.61 0.000 0.060 0.000  2.746 0.000  4.942 0.000 99.99 0.259   9.927 0.000   2.344 0.000   7.583 0.000 0.043 0.000  0.410 0.000
331.208333 332.208333    8.64 0.000   1.25 0.000 0.063 0.000  0.46 0.000 0.116 0.000  0.930 0.000  1.674 0.000 99.99 0.259   8.611 0.000   4.160 0.000   4.451 0.000 0.028 0.000  0.268 0.000
334.208333 335.208333    5.25 0.000   0.31 0.000 9.999 0.259  1.34 0.000 0.186 0.000  0.874 0.000  1.573 0.000 99.99 0.259  21.509 0.000  10.196 0.000  11.313 0.000 0.085 0.000  0.467 0.000
337.208333 338.208333   20.71 0.000   2.31 0.000 9.999 0.259  0.45 0.000 0.080 0.000  1.732 0.000  3.119 0.000 99.99 0.259  11.012 0.000   2.299 0.000   8.713 0.000 0.040 0.000  0.896 0.000
340.208333 341.208333   83.03 0.000   2.14 0.000 9.999 0.259  1.96 0.000 0.094 0.000  3.531 0.000  6.356 0.000 99.99 0.259  16.894 0.000   6.206 0.000  10.688 0.000 0.089 0.000  0.714 0.000
343.208333 344.208333   15.83 0.000   1.24 0.000 9.999 0.259  0.21 0.000 0.046 0.000  1.345 0.000  2.420 0.000 99.99 0.259   5.510 0.000   1.413 0.000   4.097 0.000 0.042 0.000  0.369 0.000
346.208333 347.208333    8.17 0.000   0.18 0.000 9.999 0.259  0.53 0.000 0.050 0.000  1.082 0.000  1.947 0.000 99.99 0.259   5.378 0.000   1.915 0.000   3.463 0.000 0.021 0.000  0.381 0.000
349.208333 350.208333   87.14 0.000   3.84 0.000 9.999 0.259  0.77 0.000 0.143 0.000  3.363 0.000  6.053 0.000 99.99 0.259  17.758 0.000   5.865 0.000  11.894 0.000 0.083 0.000  1.044 0.000
352.208333 353.208333   88.89 0.000   2.16 0.000 9.999 0.259  3.41 0.000 0.146 0.000  3.964 0.000  7.134 0.000 99.99 0.259  20.270 0.000   4.774 0.000  15.496 0.000 0.089 0.000  1.581 0.000
355.208333 356.208333    5.95 0.000   0.85 0.000 9.999 0.259  0.82 0.000 0.060 0.000  0.513 0.000  0.924 0.000 99.99 0.259  18.318 0.000  10.417 0.000   7.901 0.000 0.065 0.000  0.663 0.000
358.208333 359.208333    4.20 0.000   0.33 0.000 9.999 0.259  0.48 0.000 0.109 0.000  0.903 0.000  1.625 0.000 99.99 0.259   8.990 0.000   0.044 0.000   8.946 0.000 0.071 0.000  0.593 0.000
361.208333 362.208333    9.50 0.000   0.93 0.000 9.999 0.259  0.55 0.000 0.052 0.000  1.355 0.000  2.439 0.000 99.99 0.259   7.400 0.000   1.546 0.000   5.853 0.000 0.031 0.000  0.751 0.000
364.208333 365.208333    4.01 0.000   0.88 0.000 0.083 0.000  0.80 0.000 0.070 0.000  0.685 0.000  1.233 0.000 99.99 0.259   8.867 0.000   4.559 0.000   4.308 0.000 0.031 0.000  0.417 0.000
