scripts/IMPROVE-2019_partial/data/US4205R.19970101050000.20191216000000.filterpack...1y.3d.US03L_filterpack_US4205.US03L_IMPROVE_Davis.lev2.nas
51 1001
MISSING INFORMATION
US03L, IMPROVE, , , , , , , 
MISSING INFORMATION
IMPROVE sel_HTAP
1 1
1997 01 01 2019 12 16
0
days from file reference point
4
1 1 1 1
999.999999 999.999 999.999 9.999
end_time of measurement, days from the file reference point
pm10_mass, ug/m3, Matrix=pm10
pm25_mass, ug/m3, Matrix=pm25
numflag, no unit
0
33
Data definition:              EBAS_1.1
Set type code:                TI
Timezone:                     UTC
File name:                    US4205R.19970101050000.20191216000000.filterpack...1y.3d.US03L_filterpack_US4205.US03L_IMPROVE_Davis.lev2.nas
File creation:                20191218120428
Startdate:                    19970101050000
Revision date:                20191216000000
Version:                      2
Version description:          "Data extracted from http://views.cira.colostate.edu/fed/DataWizard 2019-12-16"
Statistics:                   arithmetic mean
Data level:                   2
Period code:                  1y
Resolution code:              3d
Sample duration:              1d
Orig. time res.:              3d
Station code:                 US4205R
Platform code:                US4205S
Station name:                 Cape Romain National Wildlife Refuge
Station latitude:             32.9419
Station longitude:            -79.6591
Station altitude:             3.0 m
Regime:                       IMG
Component:                    
Unit:                         ug/m3
Matrix:                       
Laboratory code:              US03L
Instrument type:              filterpack
Instrument name:              filterpack_US4205
Method ref:                   US03L_IMPROVE_Davis
Blank correction:             Blank corrected
Volume std. temperature:      ambient
Volume std. pressure:         ambient
starttime endtime PM10 PM2.5 flag
  0.208333   1.208333 999.999 999.999 0.999
  3.208333   4.208333 999.999 999.999 0.999
  7.208333   8.208333  10.215   5.536 0.000
 10.208333  11.208333   8.110   4.051 0.000
 14.208333  15.208333  22.065  10.302 0.000
 17.208333  18.208333  21.818  11.938 0.000
 21.208333  22.208333  22.213   9.709 0.000
 24.208333  25.208333   9.713   4.839 0.000
 28.208333  29.208333  16.348   6.358 0.000
 31.208333  32.208333  19.270  13.792 0.000
 35.208333  36.208333  23.958  14.319 0.000
 38.208333  39.208333  20.163  15.517 0.000
 42.208333  43.208333  31.180  21.563 0.000
 45.208333  46.208333   9.092   4.312 0.000
 49.208333  50.208333  15.887   8.956 0.000
 52.208333  53.208333  16.050   8.378 0.000
 56.208333  57.208333  14.204   5.461 0.000
 59.208333  60.208333  15.924   5.766 0.000
 63.208333  64.208333  14.583  11.501 0.000
 66.208333  67.208333  11.703   7.412 0.000
 70.208333  71.208333  22.154  12.565 0.000
 73.208333  74.208333  14.307   7.832 0.000
 77.208333  78.208333  26.736   9.518 0.000
 80.208333  81.208333  26.235  13.794 0.000
 84.208333  85.208333  22.177  12.601 0.000
 87.208333  88.208333  22.691  12.303 0.000
 91.208333  92.208333  15.791   6.788 0.000
 94.208333  95.208333  14.103   5.377 0.000
 98.208333  99.208333  29.398  14.118 0.000
101.208333 102.208333  25.493  12.105 0.000
105.208333 106.208333  18.783  12.698 0.000
108.208333 109.208333  24.283  14.345 0.000
112.208333 113.208333  18.554   7.760 0.000
115.208333 116.208333  29.384  18.401 0.000
119.208333 120.208333  22.731  14.045 0.000
122.208333 123.208333  21.685  11.824 0.000
126.208333 127.208333  21.472  12.301 0.000
129.208333 130.208333  17.403   9.356 0.000
133.208333 134.208333  18.886  11.469 0.000
136.208333 137.208333  33.635  14.288 0.000
140.208333 141.208333  32.005  20.430 0.000
143.208333 144.208333  27.192  15.467 0.000
147.208333 148.208333  17.943   6.787 0.000
150.208333 151.208333  10.124   4.827 0.000
154.208333 155.208333   9.318   4.399 0.000
157.208333 158.208333  11.375   6.107 0.000
161.208333 162.208333  18.090   5.398 0.000
164.208333 165.208333  20.418   7.614 0.000
168.208333 169.208333  19.552   9.442 0.000
171.208333 172.208333  31.659  20.616 0.000
175.208333 176.208333  19.076   9.055 0.000
178.208333 179.208333  23.473  11.123 0.000
182.208333 183.208333  22.601  11.836 0.000
185.208333 186.208333  41.136  24.495 0.000
189.208333 190.208333  21.416  13.515 0.000
192.208333 193.208333  19.167  12.844 0.000
196.208333 197.208333  22.957  15.036 0.000
199.208333 200.208333  26.092  16.721 0.000
203.208333 204.208333  21.650   5.193 0.000
206.208333 207.208333  34.682  16.489 0.000
210.208333 211.208333  23.585  14.296 0.000
213.208333 214.208333  22.381   7.909 0.000
217.208333 218.208333  29.951  18.291 0.000
220.208333 221.208333  14.543   7.465 0.000
224.208333 225.208333  25.463  11.490 0.000
227.208333 228.208333  20.463  12.721 0.000
231.208333 232.208333  23.527  16.016 0.000
234.208333 235.208333  17.402  12.438 0.000
238.208333 239.208333  23.611  14.967 0.000
241.208333 242.208333 999.999 999.999 0.999
245.208333 246.208333  10.290   4.526 0.000
248.208333 249.208333  12.891   7.006 0.000
252.208333 253.208333  21.523  10.882 0.000
255.208333 256.208333  18.114  10.953 0.000
259.208333 260.208333  31.721  24.819 0.000
262.208333 263.208333 999.999  10.236 0.000
266.208333 267.208333  12.153   7.159 0.000
269.208333 270.208333   9.647   5.881 0.000
273.208333 274.208333  23.033  11.784 0.000
276.208333 277.208333  15.744   8.627 0.000
280.208333 281.208333  30.625  22.951 0.000
283.208333 284.208333  25.362  10.248 0.000
287.208333 288.208333  13.523   8.252 0.000
290.208333 291.208333  13.623  10.573 0.000
294.208333 295.208333  29.205  18.614 0.000
297.208333 298.208333  22.075  10.513 0.000
301.208333 302.208333  13.403   7.300 0.000
304.208333 305.208333  12.189   5.391 0.000
308.208333 309.208333  16.255   9.014 0.000
311.208333 312.208333  19.393  12.413 0.000
315.208333 316.208333  24.385  16.957 0.000
318.208333 319.208333  15.931  11.322 0.000
322.208333 323.208333  21.594  15.199 0.000
325.208333 326.208333  13.691   7.909 0.000
329.208333 330.208333  23.131   8.582 0.000
332.208333 333.208333  12.832   6.618 0.000
336.208333 337.208333 999.999 999.999 0.999
339.208333 340.208333 999.999 999.999 0.999
343.208333 344.208333  21.538  10.368 0.000
346.208333 347.208333  29.108  11.713 0.000
350.208333 351.208333  23.165  10.993 0.000
353.208333 354.208333  31.201  23.253 0.000
357.208333 358.208333  14.925   8.062 0.000
360.208333 361.208333   6.492   5.208 0.000
364.208333 365.208333   7.857   4.220 0.000
