scripts/IMPROVE-2019_partial/data/US4205R.20020102050000.20191216000000.filterpack..pm25.52w.1w.US03L_filterpack_US4205.US03L_IMPROVE_Davis.lev2.nas
68 1001
MISSING INFORMATION
US03L, IMPROVE, , , , , , , 
MISSING INFORMATION
IMPROVE sel_HTAP
1 1
2002 01 01 2019 12 16
3.000000
days from file reference point
29
1 1 1 1 1 1 1 1 1 1 1 1 1 1 1 1 1 1 1 1 1 1 1 1 1 1 1 1 1
999.999999 99.999 9.999999 9999.99 9.999 999.99 9.999 9.999 9.999999 99.99 9.999999 9.999 9.999 99.999 9.999 999.999 9.999 999.99 9.999999 999.999 9.999 999.999 9.999 999.999 9.999 9.999 9.999 99.999 9.999
end_time of measurement, days from the file reference point
ammonium, ug N/m3, Revision date=20181210133000
numflag ammonium, no unit, Revision date=20181210133000
iron, ng/m3, Revision date=20181210133000
numflag iron, no unit, Revision date=20181210133000
lead, ng/m3, Revision date=20181210133000
numflag lead, no unit, Revision date=20181210133000
magnesium, ug/m3, Revision date=20181210133000
numflag magnesium, no unit, Revision date=20181210133000
nickel, ng/m3, Revision date=20181210133000
numflag nickel, no unit, Revision date=20181210133000
nitrate, ug N/m3, Revision date=20181210133000
numflag nitrate, no unit, Revision date=20181210133000
organic_carbon, ug C/m3, Revision date=20181210133000
numflag organic_carbon, no unit, Revision date=20181210133000
organic_mass, ug/m3, Revision date=20181210133000
numflag organic_mass, no unit, Revision date=20181210133000
phosphorus, ng/m3, Revision date=20181210133000
numflag phosphorus, no unit, Revision date=20181210133000
pm10_mass, ug/m3, Version=2, Version description=Data extracted from http://views.cira.colostate.edu/fed/DataWizard 2019-12-16, Sample duration=1d, Orig. time res.=3d, Matrix=pm10, Blank correction=Blank corrected, Volume std. temperature=ambient, Volume std. pressure=ambient
numflag pm10_mass, no unit, Version=2, Version description=Data extracted from http://views.cira.colostate.edu/fed/DataWizard 2019-12-16, Sample duration=1d, Orig. time res.=3d, Matrix=pm10, Blank correction=Blank corrected, Volume std. temperature=ambient, Volume std. pressure=ambient
pm10_pm25_mass, ug/m3, Revision date=20181210133000, Matrix=pm10_pm25
numflag pm10_pm25_mass, no unit, Revision date=20181210133000, Matrix=pm10_pm25
pm25_mass, ug/m3, Version=2, Version description=Data extracted from http://views.cira.colostate.edu/fed/DataWizard 2019-12-16, Sample duration=1d, Orig. time res.=3d, Blank correction=Blank corrected, Volume std. temperature=ambient, Volume std. pressure=ambient
numflag pm25_mass, no unit, Version=2, Version description=Data extracted from http://views.cira.colostate.edu/fed/DataWizard 2019-12-16, Sample duration=1d, Orig. time res.=3d, Blank correction=Blank corrected, Volume std. temperature=ambient, Volume std. pressure=ambient
potassium, ug/m3, Revision date=20181210133000
numflag potassium, no unit, Revision date=20181210133000
sulphate_total, ug S/m3, Revision date=20181210133000
numflag sulphate_total, no unit, Revision date=20181210133000
0
25
Data definition:              EBAS_1.1
Set type code:                TU
Timezone:                     UTC
File name:                    US4205R.20020102050000.20191216000000.filterpack..pm25.52w.1w.US03L_filterpack_US4205.US03L_IMPROVE_Davis.lev2.nas
File creation:                20191218120429
Startdate:                    20020102050000
Revision date:                20191216000000
Statistics:                   arithmetic mean
Data level:                   2
Period code:                  52w
Resolution code:              1w
Station code:                 US4205R
Platform code:                US4205S
Station name:                 Cape Romain National Wildlife Refuge
Station latitude:             32.9419
Station longitude:            -79.6591
Station altitude:             3.0 m
Regime:                       IMG
Component:                    
Matrix:                       pm25
Laboratory code:              US03L
Instrument type:              filterpack
Instrument name:              filterpack_US4205
Method ref:                   US03L_IMPROVE_Davis
starttime endtime NH4+ flag_NH4+ Fe flag_Fe Pb flag_Pb Mg++ flag_Mg++ Ni flag_Ni NO3- flag_NO3- OC flag_OC OM flag_OM P flag_P PM10 flag_PM10 PM10-PM2.5 flag_PM10-PM2.5 PM2.5 flag_PM2.5 K+ flag_K+ SO4-- flag_SO4--
  1.208333   2.208333 99.999 0.999000 9999.99 0.999 999.99 0.999 9.999 0.999000 99.99 0.999000 9.999 0.999 99.999 0.999 999.999 0.999 999.99 0.999000 999.999 0.999 999.999 0.999 999.999 0.999 9.999 0.999 99.999 0.999
  4.208333   5.208333 99.999 0.999000   17.79 0.000   2.36 0.000 9.999 0.259000  0.76 0.000000 0.221 0.000  2.966 0.000   4.152 0.000 999.99 0.259000  10.619 0.000   0.217 0.000  10.402 0.000 0.067 0.000  0.994 0.000
  7.208333   8.208333 99.999 0.999000   31.49 0.000   2.22 0.000 9.999 0.259000  0.44 0.000000 0.105 0.000  1.445 0.000   2.023 0.000 999.99 0.259000   6.275 0.000 999.999 0.259   6.401 0.000 0.039 0.000  0.743 0.000
 10.208333  11.208333 99.999 0.999000    9.08 0.000   0.84 0.000 9.999 0.259000  0.67 0.000000 0.095 0.000  1.932 0.000   2.704 0.000 999.99 0.259000   8.871 0.000   1.250 0.000   7.621 0.000 0.038 0.000  0.872 0.000
 13.208333  14.208333 99.999 0.999000   18.27 0.000   1.65 0.000 9.999 0.259000 99.99 0.259000 0.059 0.000  1.413 0.000   1.979 0.000 999.99 0.259000   5.890 0.000   0.240 0.000   5.650 0.000 0.033 0.000  0.500 0.000
 16.208333  17.208333 99.999 0.559999   34.89 0.000   2.09 0.000 9.999 0.259000  1.23 0.000000 0.163 0.559  3.246 0.000   4.545 0.000 999.99 0.259000  11.952 0.000   0.466 0.000  11.486 0.000 0.081 0.000  1.129 0.559
 19.208333  20.208333 99.999 0.999000    6.73 0.000   1.89 0.000 9.999 0.259000  0.32 0.000000 0.093 0.000  1.455 0.000   2.037 0.000 999.99 0.259000   7.126 0.000   0.765 0.000   6.361 0.000 0.047 0.000  0.818 0.000
 22.208333  23.208333 99.999 0.559999   12.15 0.000   0.76 0.000 9.999 0.259000  0.72 0.000000 0.079 0.559  0.637 0.000   0.892 0.000 999.99 0.259000   8.851 0.000   3.846 0.000   5.006 0.000 0.038 0.000  0.727 0.559
 25.208333  26.208333 99.999 0.999000   18.81 0.000   1.97 0.000 0.071 0.000000  0.39 0.000000 0.112 0.000  1.297 0.000   1.815 0.000 999.99 0.259000   8.762 0.000   2.573 0.000   6.189 0.000 0.055 0.000  0.842 0.000
 28.208333  29.208333 99.999 0.999000   18.39 0.000   1.97 0.000 9.999 0.259000  2.22 0.000000 0.094 0.000  2.552 0.000   3.572 0.000 999.99 0.259000  12.061 0.000   0.680 0.000  11.381 0.000 0.062 0.000  1.563 0.000
 31.208333  32.208333 99.999 0.559999    5.18 0.000   0.46 0.000 9.999 0.259000  2.09 0.000000 0.134 0.559  0.982 0.000   1.375 0.000 999.99 0.259000   8.102 0.000   2.778 0.000   5.324 0.000 0.032 0.000  0.772 0.559
 34.208333  35.208333 99.999 0.559999   20.59 0.000   1.53 0.000 9.999 0.259000  0.47 0.000000 0.233 0.559  2.517 0.000   3.523 0.000 999.99 0.259000  10.766 0.000   1.973 0.000   8.792 0.000 0.041 0.000  0.873 0.559
 37.208333  38.208333 99.999 0.999000   44.70 0.000   4.20 0.000 9.999 0.259000  0.33 0.000000 0.072 0.000  0.822 0.000   1.151 0.000 999.99 0.259000   6.217 0.000   1.617 0.000   4.600 0.000 0.034 0.000  0.937 0.000
 40.208333  41.208333 99.999 0.999000    6.66 0.000   0.63 0.000 0.095 0.000000  1.03 0.000000 0.141 0.000  0.675 0.000   0.946 0.000 999.99 0.259000   8.384 0.000   3.706 0.000   4.678 0.000 0.028 0.000  0.746 0.000
 43.208333  44.208333 99.999 0.999000   32.82 0.000   2.56 0.000 9.999 0.259000  0.18 0.000000 0.139 0.000  5.592 0.000   7.829 0.000 999.99 0.259000  14.517 0.000   0.212 0.000  14.304 0.000 0.076 0.000  1.072 0.000
 46.208333  47.208333 99.999 0.999000   27.83 0.000   1.72 0.000 9.999 0.259000  1.45 0.000000 0.277 0.000  7.711 0.000  10.795 0.000  71.87 0.000000  19.152 0.000   0.180 0.000  18.972 0.000 0.090 0.000  1.191 0.000
 49.208333  50.208333 99.999 0.999000   12.31 0.000   1.36 0.000 9.999 0.259000  0.27 0.000000 0.094 0.000  4.450 0.000   6.230 0.000 999.99 0.259000  10.842 0.000   0.242 0.000  10.600 0.000 0.030 0.000  0.773 0.000
 52.208333  53.208333 99.999 0.999000   61.04 0.000   2.50 0.000 9.999 0.259000  1.24 0.000000 0.128 0.000  6.228 0.000   8.719 0.000 999.99 0.259000  14.803 0.000   0.027 0.000  14.775 0.000 0.082 0.000  0.892 0.000
 55.208333  56.208333 99.999 0.999000   18.00 0.000   2.45 0.000 9.999 0.259000  0.44 0.000000 0.255 0.000  2.452 0.000   3.433 0.000 999.99 0.259000  10.928 0.000   0.953 0.000   9.975 0.000 0.055 0.000  1.312 0.000
 58.208333  59.208333 99.999 0.999000   21.14 0.000   1.60 0.000 9.999 0.259000  0.94 0.000000 0.198 0.000  4.043 0.000   5.659 0.000 999.99 0.259000  11.118 0.000   0.657 0.000  10.461 0.000 0.037 0.000  0.845 0.000
 61.208333  62.208333 99.999 0.999000   26.17 0.000   0.73 0.000 9.999 0.259000  0.59 0.000000 0.074 0.000  0.768 0.000   1.076 0.000 999.99 0.259000   6.908 0.000   3.160 0.000   3.748 0.000 0.030 0.000  0.385 0.000
 64.208333  65.208333 99.999 0.999000   24.47 0.000   2.02 0.000 9.999 0.259000  0.49 0.000000 0.037 0.000  0.773 0.000   1.083 0.000 999.99 0.259000   6.031 0.000   0.786 0.000   5.244 0.000 0.037 0.000  0.728 0.000
 67.208333  68.208333 99.999 0.999000    1.32 0.000 999.99 0.259 9.999 0.259000  0.57 0.000000 0.058 0.000  0.293 0.000   0.410 0.000   7.71 0.000000   6.009 0.000   3.312 0.000   2.697 0.000 0.017 0.000  0.162 0.000
 70.208333  71.208333 99.999 0.999000   13.21 0.000   0.97 0.000 0.044 0.000000  0.62 0.000000 0.132 0.000  1.528 0.000   2.140 0.000 999.99 0.259000  12.208 0.000   5.337 0.000   6.871 0.000 0.040 0.000  0.768 0.000
 73.208333  74.208333 99.999 0.999000   27.65 0.000   1.01 0.000 9.999 0.259000  1.18 0.000000 0.049 0.000  0.963 0.000   1.349 0.000 999.99 0.259000  12.162 0.000   1.890 0.000  10.272 0.000 0.034 0.000  1.917 0.000
 76.208333  77.208333 99.999 0.999000    8.47 0.000   2.47 0.000 9.999 0.259000  0.97 0.000000 0.059 0.000  1.180 0.000   1.652 0.000 999.99 0.259000  12.370 0.000   1.792 0.000  10.578 0.000 0.030 0.000  2.141 0.000
 79.208333  80.208333 99.999 0.999000   10.70 0.000   0.86 0.000 9.999 0.259000  0.54 0.000000 0.073 0.000  1.606 0.000   2.248 0.000 999.99 0.259000   9.199 0.000   1.224 0.000   7.974 0.000 0.024 0.000  1.176 0.000
 82.208333  83.208333 99.999 0.999000   26.12 0.000  13.43 0.000 9.999 0.259000  0.52 0.000000 0.094 0.000  1.112 0.000   1.557 0.000 999.99 0.259000   7.885 0.000   1.086 0.000   6.799 0.000 0.039 0.000  1.034 0.000
 85.208333  86.208333 99.999 0.999000   20.27 0.000   1.04 0.000 9.999 0.259000  0.58 0.000000 0.058 0.000  1.657 0.000   2.319 0.000 999.99 0.259000  10.794 0.000   2.070 0.000   8.724 0.000 0.039 0.000  1.310 0.000
 88.208333  89.208333 99.999 0.999000   16.61 0.000   0.80 0.000 9.999 0.259000  1.52 0.000000 0.138 0.000  0.516 0.000   0.723 0.000 999.99 0.259000  15.010 0.000   7.053 0.000   7.957 0.000 0.045 0.000  1.498 0.000
 91.208333  92.208333 99.999 0.999000   15.08 0.000   0.98 0.000 9.999 0.259000  0.40 0.000000 0.043 0.000  0.846 0.000   1.185 0.000 999.99 0.259000   6.360 0.000   1.360 0.000   5.000 0.000 0.026 0.000  0.673 0.000
 94.208333  95.208333 99.999 0.999000   34.92 0.000   2.45 0.000 9.999 0.259000  0.66 0.000000 0.103 0.000  1.363 0.000   1.908 0.000 999.99 0.259000  11.598 0.000   1.505 0.000  10.093 0.000 0.040 0.000  1.663 0.000
 97.208333  98.208333 99.999 0.999000   23.73 0.000   0.84 0.000 9.999 0.259000  0.44 0.000000 0.069 0.000  0.657 0.000   0.920 0.000 999.99 0.259000   9.788 0.000   3.965 0.000   5.823 0.000 0.035 0.000  0.977 0.000
100.208333 101.208333 99.999 0.999000   14.25 0.000   1.59 0.000 9.999 0.259000  0.73 0.000000 0.091 0.000  0.796 0.000   1.115 0.000 999.99 0.259000   9.693 0.000   1.505 0.000   8.189 0.000 0.027 0.000  1.554 0.000
103.208333 104.208333 99.999 0.999000    4.86 0.000   0.46 0.000 9.999 0.259000  0.82 0.000000 0.062 0.000  0.264 0.000   0.369 0.000 999.99 0.259000   5.397 0.000   2.909 0.000   2.488 0.000 0.021 0.000  0.233 0.000
106.208333 107.208333 99.999 0.999000    7.31 0.000   0.26 0.000 9.999 0.259000  1.19 0.000000 0.088 0.000  0.457 0.000   0.640 0.000 999.99 0.259000   6.333 0.000   3.278 0.000   3.054 0.000 0.016 0.000  0.441 0.000
109.208333 110.208333 99.999 0.999000   29.31 0.000   1.72 0.000 9.999 0.259000  1.15 0.000000 0.119 0.000  2.664 0.000   3.730 0.000 999.99 0.259000  15.580 0.000   3.202 0.000  12.378 0.000 0.055 0.000  1.786 0.000
112.208333 113.208333 99.999 0.999000   40.46 0.000   1.44 0.000 9.999 0.259000  0.43 0.000000 0.049 0.000  1.800 0.000   2.520 0.000 999.99 0.259000  11.926 0.000   2.845 0.000   9.082 0.000 0.040 0.000  1.315 0.000
115.208333 116.208333 99.999 0.999000   42.99 0.000   1.63 0.000 9.999 0.259000  0.41 0.000000 0.136 0.000  1.324 0.000   1.854 0.000 999.99 0.259000  12.881 0.000   4.949 0.000   7.932 0.000 0.045 0.000  1.309 0.000
118.208333 119.208333 99.999 0.999000   64.26 0.000   1.23 0.000 9.999 0.259000  0.73 0.000000 0.092 0.000  2.158 0.000   3.022 0.000 999.99 0.259000  15.004 0.000   5.412 0.000   9.593 0.000 0.074 0.000  0.996 0.000
121.208333 122.208333 99.999 0.999000   39.19 0.000   1.14 0.000 0.137 0.000000  1.22 0.000000 0.173 0.000  2.414 0.000   3.379 0.000 999.99 0.259000  19.502 0.000   7.247 0.000  12.255 0.000 0.131 0.000  1.727 0.000
124.208333 125.208333 99.999 0.999000    8.09 0.000   1.46 0.000 9.999 0.259000 99.99 0.259000 0.025 0.000  1.053 0.000   1.475 0.000 999.99 0.259000   5.541 0.000   1.444 0.000   4.097 0.000 0.019 0.000  0.581 0.000
127.208333 128.208333 99.999 0.559999   35.94 0.000   0.71 0.000 9.999 0.259000  0.86 0.000000 0.120 0.559  0.724 0.000   1.014 0.000 999.99 0.259000  11.262 0.000   5.672 0.000   5.590 0.000 0.054 0.000  0.790 0.559
130.208333 131.208333 99.999 0.999000   38.31 0.000   0.77 0.000 9.999 0.259000  1.45 0.000000 0.135 0.000  1.158 0.000   1.622 0.000 999.99 0.259000  11.741 0.000   4.395 0.000   7.346 0.000 0.049 0.000  1.135 0.000
133.208333 134.208333 99.999 0.999000   20.79 0.000   0.85 0.000 9.999 0.259000  0.31 0.000000 0.022 0.000  1.249 0.000   1.749 0.000 999.99 0.259000   8.145 0.000   2.625 0.000   5.520 0.000 0.025 0.000  0.880 0.000
136.208333 137.208333 99.999 0.999000   20.22 0.000   0.69 0.000 9.999 0.259000  0.49 0.000000 0.075 0.000  0.646 0.000   0.905 0.000 999.99 0.259000  11.276 0.000   5.145 0.000   6.131 0.000 0.036 0.000  1.063 0.000
139.208333 140.208333 99.999 0.999000   16.24 0.000   1.51 0.000 9.999 0.259000  0.26 0.000000 0.049 0.000  1.318 0.000   1.846 0.000 999.99 0.259000   9.042 0.000   0.721 0.000   8.322 0.000 0.027 0.000  1.432 0.000
142.208333 143.208333 99.999 0.999000   26.41 0.000   1.64 0.000 9.999 0.259000  0.65 0.000000 0.081 0.000  1.906 0.000   2.668 0.000 999.99 0.259000  11.176 0.000   2.750 0.000   8.426 0.000 0.038 0.000  1.262 0.000
145.208333 146.208333 99.999 0.559999   13.89 0.000   0.54 0.000 9.999 0.259000  0.83 0.000000 0.040 0.559  0.590 0.000   0.826 0.000 999.99 0.259000   6.980 0.000   1.925 0.000   5.056 0.000 0.035 0.000  0.907 0.559
148.208333 149.208333 99.999 0.999000   19.95 0.000   0.46 0.000 9.999 0.259000  0.24 0.000000 0.051 0.000  1.251 0.000   1.751 0.000 999.99 0.259000   8.931 0.000   3.179 0.000   5.752 0.000 0.026 0.000  0.912 0.000
151.208333 152.208333 99.999 0.999000   34.19 0.000   0.92 0.000 9.999 0.259000  0.94 0.000000 0.082 0.000  1.831 0.000   2.564 0.000 999.99 0.259000  10.596 0.000   2.896 0.000   7.700 0.000 0.047 0.000  1.006 0.000
154.208333 155.208333 99.999 0.999000   19.51 0.000   1.70 0.000 9.999 0.259000  0.80 0.000000 0.117 0.000  3.467 0.000   4.854 0.000 999.99 0.259000  19.425 0.000   4.538 0.000  14.887 0.000 0.081 0.000  1.867 0.000
157.208333 158.208333 99.999 0.999000   22.42 0.000   0.88 0.000 9.999 0.259000  0.54 0.000000 0.065 0.000  1.092 0.000   1.528 0.000 999.99 0.259000  15.929 0.000   5.905 0.000  10.024 0.000 0.043 0.000  1.767 0.000
160.208333 161.208333 99.999 0.999000    4.73 0.000   0.45 0.000 0.085 0.000000  0.39 0.000000 0.082 0.000  1.012 0.000   1.417 0.000 999.99 0.259000   6.766 0.000   3.206 0.000   3.560 0.000 0.018 0.000  0.317 0.000
163.208333 164.208333 99.999 0.999000  250.83 0.000   0.53 0.000 9.999 0.259000  0.43 0.000000 0.130 0.000  0.537 0.000   0.751 0.000 999.99 0.259000  14.641 0.000   6.879 0.000   7.761 0.000 0.091 0.000  0.643 0.000
166.208333 167.208333 99.999 0.999000   27.69 0.000   1.99 0.000 9.999 0.259000  0.66 0.000000 0.054 0.000  1.989 0.000   2.784 0.000 999.99 0.259000  11.118 0.000   1.967 0.000   9.151 0.000 0.044 0.000  1.193 0.000
169.208333 170.208333 99.999 0.999000   43.94 0.000   0.37 0.000 9.999 0.259000 99.99 0.259000 0.039 0.000  0.440 0.000   0.615 0.000 999.99 0.259000   5.829 0.000   3.127 0.000   2.702 0.000 0.021 0.000  0.235 0.000
172.208333 173.208333 99.999 0.999000   32.12 0.000   0.28 0.000 9.999 0.259000 99.99 0.259000 0.018 0.000  0.273 0.000   0.382 0.000 999.99 0.259000   7.448 0.000   5.625 0.000   1.823 0.000 0.019 0.000  0.105 0.000
175.208333 176.208333 99.999 0.999000   23.43 0.000   0.29 0.000 9.999 0.259000  0.42 0.000000 0.070 0.000  0.367 0.000   0.513 0.000 999.99 0.259000   7.360 0.000   3.771 0.000   3.590 0.000 0.015 0.000  0.507 0.000
178.208333 179.208333 99.999 0.999000  105.61 0.000   1.11 0.000 0.044 0.000000  0.97 0.000000 0.087 0.000  1.682 0.000   2.355 0.000 999.99 0.259000  15.508 0.000   6.142 0.000   9.366 0.000 0.051 0.000  1.151 0.000
181.208333 182.208333 99.999 0.999000   86.42 0.000   0.68 0.000 9.999 0.259000  0.65 0.000000 0.057 0.000  1.482 0.000   2.074 0.000 999.99 0.259000  20.258 0.000   4.359 0.000  15.898 0.000 0.053 0.000  2.984 0.000
184.208333 185.208333 99.999 0.999000   46.06 0.000   4.56 0.000 9.999 0.259000  0.92 0.000000 0.051 0.000  1.943 0.000   2.721 0.000 999.99 0.259000  17.451 0.000   2.797 0.000  14.654 0.000 0.186 0.000  2.585 0.000
187.208333 188.208333 99.999 0.999000   25.22 0.000   1.80 0.000 0.081 0.000000  0.40 0.000000 0.051 0.000  3.804 0.000   5.326 0.000 999.99 0.259000  17.723 0.000   3.422 0.000  14.301 0.000 0.090 0.000  1.705 0.000
190.208333 191.208333 99.999 0.999000   33.20 0.000   0.48 0.000 0.031 0.000000  0.53 0.000000 0.068 0.000  0.419 0.000   0.587 0.000 999.99 0.259000   7.660 0.000   3.883 0.000   3.777 0.000 0.030 0.000  0.498 0.000
193.208333 194.208333 99.999 0.999000   56.29 0.000   0.81 0.000 9.999 0.259000  0.43 0.000000 0.064 0.000  1.756 0.000   2.459 0.000 999.99 0.259000  12.171 0.000   4.787 0.000   7.384 0.000 0.042 0.000  0.940 0.000
196.208333 197.208333 99.999 0.999000   29.06 0.000   1.42 0.000 0.084 0.000000  1.03 0.000000 0.046 0.000  2.645 0.000   3.702 0.000 999.99 0.259000  26.288 0.000   4.880 0.000  21.408 0.000 0.040 0.000  3.896 0.000
199.208333 200.208333 99.999 0.999000   45.72 0.000   0.97 0.000 9.999 0.259000  1.61 0.000000 0.061 0.000  1.979 0.000   2.771 0.000 999.99 0.259000  25.799 0.000   4.643 0.000  21.156 0.000 0.050 0.000  3.938 0.000
202.208333 203.208333 99.999 0.559999   23.30 0.000   0.50 0.000 9.999 0.259000  0.59 0.000000 0.054 0.559  0.679 0.000   0.951 0.000 999.99 0.259000   9.859 0.000   3.680 0.000   6.179 0.000 0.020 0.000  0.995 0.559
205.208333 206.208333 99.999 0.999000   43.73 0.000   0.27 0.000 9.999 0.259000  1.39 0.000000 0.105 0.000  1.353 0.000   1.894 0.000 999.99 0.259000  13.493 0.000   4.863 0.000   8.630 0.000 0.040 0.000  1.523 0.000
208.208333 209.208333 99.999 0.999000   22.56 0.000   0.53 0.000 9.999 0.259000  0.59 0.000000 0.086 0.000  1.478 0.000   2.070 0.000 999.99 0.259000   9.880 0.000   2.437 0.000   7.443 0.000 0.029 0.000  1.150 0.000
211.208333 212.208333 99.999 0.559999   88.65 0.000   1.00 0.000 9.999 0.259000  0.21 0.000000 0.055 0.559  2.385 0.000   3.339 0.000 999.99 0.259000  18.171 0.000   5.864 0.000  12.307 0.000 0.043 0.000  1.746 0.559
214.208333 215.208333 99.999 0.999000    9.30 0.000   0.80 0.000 9.999 0.259000  0.36 0.000000 0.047 0.000  1.771 0.000   2.479 0.000 999.99 0.259000   9.823 0.000   3.550 0.000   6.273 0.000 0.018 0.000  0.714 0.000
217.208333 218.208333 99.999 0.999000 9999.99 0.456 999.99 0.456 9.999 0.456000 99.99 0.456000 0.058 0.000  1.659 0.000   2.322 0.000 999.99 0.456000  12.299 0.000 999.999 0.999 999.999 0.456 9.999 0.456  1.482 0.000
