scripts/IMPROVE-2019_partial/data/US4205R.20060102050000.20191216000000.filterpack..pm25.52w.1w.US03L_filterpack_US4205.US03L_IMPROVE_Davis.lev2.nas
66 1001
MISSING INFORMATION
US03L, IMPROVE, , , , , , , 
MISSING INFORMATION
IMPROVE sel_HTAP
1 1
2006 01 01 2019 12 16
3.000000
days from file reference point
27
1 1 1 1 1 1 1 1 1 1 1 1 1 1 1 1 1 1 1 1 1 1 1 1 1 1 1
999.999999 9999.99 9.999 999.99 9.999 9.999 9.999 99.99 9.999 9.999 9.999 99.999 9.999 99.999 9.999 99.99 9.999 999.999 9.999 999.999 9.999 999.999 9.999 9.999 9.999 99.999 9.999
end_time of measurement, days from the file reference point
iron, ng/m3, Revision date=20181210133000
numflag iron, no unit, Revision date=20181210133000
lead, ng/m3, Revision date=20181210133000
numflag lead, no unit, Revision date=20181210133000
magnesium, ug/m3, Revision date=20181210133000
numflag magnesium, no unit, Revision date=20181210133000
nickel, ng/m3, Revision date=20181210133000
numflag nickel, no unit, Revision date=20181210133000
nitrate, ug N/m3, Revision date=20181210133000
numflag nitrate, no unit, Revision date=20181210133000
organic_carbon, ug C/m3, Revision date=20181210133000
numflag organic_carbon, no unit, Revision date=20181210133000
organic_mass, ug/m3, Revision date=20181210133000
numflag organic_mass, no unit, Revision date=20181210133000
phosphorus, ng/m3, Revision date=20181210133000
numflag phosphorus, no unit, Revision date=20181210133000
pm10_mass, ug/m3, Version=2, Version description=Data extracted from http://views.cira.colostate.edu/fed/DataWizard 2019-12-16, Sample duration=1d, Orig. time res.=3d, Matrix=pm10, Blank correction=Blank corrected, Volume std. temperature=ambient, Volume std. pressure=ambient
numflag pm10_mass, no unit, Version=2, Version description=Data extracted from http://views.cira.colostate.edu/fed/DataWizard 2019-12-16, Sample duration=1d, Orig. time res.=3d, Matrix=pm10, Blank correction=Blank corrected, Volume std. temperature=ambient, Volume std. pressure=ambient
pm10_pm25_mass, ug/m3, Revision date=20181210133000, Matrix=pm10_pm25
numflag pm10_pm25_mass, no unit, Revision date=20181210133000, Matrix=pm10_pm25
pm25_mass, ug/m3, Version=2, Version description=Data extracted from http://views.cira.colostate.edu/fed/DataWizard 2019-12-16, Sample duration=1d, Orig. time res.=3d, Blank correction=Blank corrected, Volume std. temperature=ambient, Volume std. pressure=ambient
numflag pm25_mass, no unit, Version=2, Version description=Data extracted from http://views.cira.colostate.edu/fed/DataWizard 2019-12-16, Sample duration=1d, Orig. time res.=3d, Blank correction=Blank corrected, Volume std. temperature=ambient, Volume std. pressure=ambient
potassium, ug/m3, Revision date=20181210133000
numflag potassium, no unit, Revision date=20181210133000
sulphate_total, ug S/m3, Revision date=20181210133000
numflag sulphate_total, no unit, Revision date=20181210133000
0
25
Data definition:              EBAS_1.1
Set type code:                TU
Timezone:                     UTC
File name:                    US4205R.20060102050000.20191216000000.filterpack..pm25.52w.1w.US03L_filterpack_US4205.US03L_IMPROVE_Davis.lev2.nas
File creation:                20191218120430
Startdate:                    20060102050000
Revision date:                20191216000000
Statistics:                   arithmetic mean
Data level:                   2
Period code:                  52w
Resolution code:              1w
Station code:                 US4205R
Platform code:                US4205S
Station name:                 Cape Romain National Wildlife Refuge
Station latitude:             32.9419
Station longitude:            -79.6591
Station altitude:             3.0 m
Regime:                       IMG
Component:                    
Matrix:                       pm25
Laboratory code:              US03L
Instrument type:              filterpack
Instrument name:              filterpack_US4205
Method ref:                   US03L_IMPROVE_Davis
starttime endtime Fe flag_Fe Pb flag_Pb Mg++ flag_Mg++ Ni flag_Ni NO3- flag_NO3- OC flag_OC OM flag_OM P flag_P PM10 flag_PM10 PM10-PM2.5 flag_PM10-PM2.5 PM2.5 flag_PM2.5 K+ flag_K+ SO4-- flag_SO4--
  1.208333   2.208333   12.83 0.000   0.55 0.000 0.065 0.000  0.95 0.000 0.098 0.000  1.117 0.000  1.564 0.000 99.99 0.259  12.959 0.000   4.900 0.000   8.059 0.000 0.077 0.000  0.880 0.000
  4.208333   5.208333   44.88 0.000   3.22 0.000 0.018 0.000  1.53 0.000 0.192 0.000  4.009 0.000  5.612 0.000 99.99 0.259  20.571 0.000   3.942 0.000  16.629 0.000 0.096 0.000  1.830 0.000
  7.208333   8.208333   13.28 0.000   1.47 0.000 9.999 0.259  0.58 0.000 0.111 0.000  2.896 0.000  4.054 0.000 99.99 0.259  12.077 0.000   2.839 0.000   9.238 0.000 0.069 0.000  0.868 0.000
 10.208333  11.208333   39.88 0.000   0.32 0.000 0.026 0.000  1.40 0.000 0.082 0.000  0.498 0.000  0.697 0.000 99.99 0.259   9.384 0.000   4.812 0.000   4.572 0.000 0.050 0.000  0.526 0.000
 13.208333  14.208333   20.27 0.000   0.86 0.000 0.005 0.000  0.22 0.000 0.026 0.000  0.556 0.000  0.779 0.000 99.99 0.259   5.412 0.000   2.582 0.000   2.830 0.000 0.016 0.000  0.392 0.000
 16.208333  17.208333   16.70 0.000   1.38 0.000 0.082 0.000  2.21 0.000 0.186 0.000  1.417 0.000  1.984 0.000 99.99 0.259  17.571 0.000   9.042 0.000   8.529 0.000 0.082 0.000  0.732 0.000
 19.208333  20.208333   24.27 0.000   0.97 0.000 0.018 0.000  0.70 0.000 0.051 0.000  0.949 0.000  1.328 0.000 99.99 0.259   8.434 0.000   2.954 0.000   5.479 0.000 0.026 0.000  0.708 0.000
 22.208333  23.208333    9.85 0.000   0.93 0.000 0.060 0.000  1.14 0.000 0.089 0.000  0.845 0.000  1.183 0.000 99.99 0.259   9.237 0.000   2.563 0.000   6.674 0.000 0.039 0.000  1.107 0.000
 25.208333  26.208333   17.66 0.000   1.17 0.000 9.999 0.259  0.25 0.000 0.033 0.000  0.919 0.000  1.287 0.000 99.99 0.259   5.329 0.000   1.567 0.000   3.762 0.000 0.024 0.000  0.488 0.000
 28.208333  29.208333   11.81 0.000   0.27 0.000 0.083 0.000  0.93 0.000 0.135 0.000  0.440 0.000  0.617 0.000 99.99 0.259  13.581 0.000   7.728 0.000   5.852 0.000 0.048 0.000  0.446 0.000
 31.208333  32.208333   51.51 0.000   2.08 0.000 9.999 0.259  0.84 0.000 0.066 0.000  1.753 0.000  2.454 0.000 99.99 0.259  12.415 0.000   2.095 0.000  10.320 0.000 0.038 0.000  1.612 0.000
 34.208333  35.208333    5.85 0.000   0.14 0.000 9.999 0.259  0.83 0.000 0.087 0.000  0.608 0.000  0.852 0.000 99.99 0.259  14.425 0.000   8.046 0.000   6.379 0.000 0.051 0.000  0.469 0.000
 37.208333  38.208333   19.83 0.000   1.33 0.000 9.999 0.259  0.73 0.000 0.049 0.000  1.396 0.000  1.954 0.000 99.99 0.259   7.597 0.000   2.163 0.000   5.434 0.000 0.034 0.000  0.551 0.000
 40.208333  41.208333   24.83 0.000   1.79 0.000 9.999 0.259  2.00 0.000 0.142 0.000  1.761 0.000  2.466 0.000 99.99 0.259  10.994 0.000   2.116 0.000   8.878 0.000 0.046 0.000  1.142 0.000
 43.208333  44.208333   41.95 0.000   1.60 0.000 9.999 0.259  1.41 0.000 0.221 0.000  1.930 0.000  2.701 0.000 99.99 0.259  11.486 0.000   2.131 0.000   9.355 0.000 0.044 0.000  1.170 0.000
 46.208333  47.208333   10.75 0.000   0.67 0.000 9.999 0.259  1.45 0.000 0.042 0.000  0.948 0.000  1.327 0.000 99.99 0.259   7.162 0.000   1.562 0.000   5.600 0.000 0.040 0.000  0.802 0.000
 49.208333  50.208333   24.45 0.000   2.03 0.000 9.999 0.259  0.42 0.000 0.137 0.000  1.149 0.000  1.609 0.000 99.99 0.259  11.721 0.000   1.987 0.000   9.735 0.000 0.040 0.000  1.619 0.000
 52.208333  53.208333   11.20 0.000   1.10 0.000 9.999 0.259  1.90 0.000 0.112 0.000  1.680 0.000  2.352 0.000 99.99 0.259  11.451 0.000   1.162 0.000  10.290 0.000 0.062 0.000  1.390 0.000
 55.208333  56.208333   14.03 0.000   1.05 0.000 0.012 0.000  0.79 0.000 0.042 0.000  1.029 0.000  1.441 0.000 99.99 0.259   7.073 0.000   2.277 0.000   4.796 0.000 0.035 0.000  0.436 0.000
 58.208333  59.208333   55.16 0.000   3.12 0.000 9.999 0.259  0.52 0.000 0.193 0.000  4.868 0.000  6.815 0.000 99.99 0.259  19.585 0.000   4.909 0.000  14.676 0.000 0.142 0.000  0.951 0.000
 61.208333  62.208333   54.32 0.000   4.83 0.000 9.999 0.259  0.72 0.000 0.303 0.000  3.199 0.000  4.478 0.000 99.99 0.259  23.544 0.000   4.286 0.000  19.259 0.000 0.076 0.000  2.575 0.000
 64.208333  65.208333   46.21 0.000   2.49 0.000 9.999 0.259  1.11 0.000 0.121 0.000  4.946 0.000  6.925 0.000 99.99 0.259  23.712 0.000   3.168 0.000  20.544 0.000 0.103 0.000  1.761 0.000
 67.208333  68.208333   19.03 0.000   1.30 0.000 9.999 0.259  0.84 0.000 0.111 0.000  1.083 0.000  1.517 0.000 99.99 0.259  15.123 0.000   7.543 0.000   7.581 0.000 0.049 0.000  1.205 0.000
 70.208333  71.208333   12.01 0.000   0.35 0.000 9.999 0.259  2.67 0.000 0.170 0.000  0.664 0.000  0.930 0.000 99.99 0.259  12.555 0.000   5.707 0.000   6.848 0.000 0.073 0.000  0.711 0.000
 73.208333  74.208333   35.92 0.000   1.25 0.000 9.999 0.259  0.22 0.000 0.061 0.000  1.208 0.000  1.691 0.000 99.99 0.259  10.294 0.000   5.111 0.000   5.183 0.000 0.049 0.000  0.487 0.000
 76.208333  77.208333   47.11 0.000   3.27 0.000 9.999 0.259  0.37 0.000 0.050 0.000  2.109 0.000  2.953 0.000 99.99 0.259  20.187 0.000   6.532 0.000  13.655 0.000 0.056 0.000  1.908 0.000
 79.208333  80.208333   40.46 0.000  22.99 0.000 9.999 0.259  0.12 0.000 0.081 0.000  1.981 0.000  2.774 0.000 99.99 0.259  14.196 0.000   2.654 0.000  11.543 0.000 0.053 0.000  1.574 0.000
 82.208333  83.208333   26.99 0.000   1.83 0.000 9.999 0.259  0.30 0.000 0.082 0.000  2.100 0.000  2.941 0.000 99.99 0.259  13.805 0.000   1.664 0.000  12.141 0.000 0.043 0.000  1.627 0.000
 85.208333  86.208333   14.25 0.000   1.56 0.000 9.999 0.259  0.60 0.000 0.071 0.000  2.907 0.000  4.070 0.000 99.99 0.259  13.302 0.000   0.910 0.000  12.392 0.000 0.052 0.000  1.737 0.000
 88.208333  89.208333   29.28 0.000   1.76 0.000 9.999 0.259  0.74 0.000 0.068 0.000  2.742 0.000  3.839 0.000 99.99 0.259  23.064 0.000   3.751 0.000  19.313 0.000 0.070 0.000  2.898 0.000
 91.208333  92.208333   44.54 0.000   2.43 0.000 9.999 0.259  2.22 0.000 0.136 0.000  3.218 0.000  4.506 0.000 99.99 0.259  23.677 0.000   3.770 0.000  19.907 0.000 0.104 0.000  2.708 0.000
 94.208333  95.208333   77.30 0.000   2.62 0.000 0.022 0.000  0.68 0.000 0.091 0.000  1.810 0.000  2.534 0.000 99.99 0.259  19.139 0.000   7.961 0.000  11.178 0.000 0.072 0.000  1.382 0.000
 97.208333  98.208333   49.90 0.000   1.00 0.000 0.092 0.000  1.51 0.000 0.192 0.000  1.759 0.000  2.463 0.000 99.99 0.259  22.260 0.000  10.175 0.000  12.086 0.000 0.106 0.000  1.529 0.000
100.208333 101.208333   23.97 0.000   1.06 0.000 0.027 0.000  0.58 0.000 0.103 0.000  0.514 0.000  0.720 0.000 99.99 0.259  12.066 0.000   6.365 0.000   5.700 0.000 0.038 0.000  0.706 0.000
103.208333 104.208333   42.88 0.000   1.38 0.000 0.049 0.000  1.71 0.000 0.204 0.000  1.680 0.000  2.352 0.000 99.99 0.259  20.697 0.000  10.908 0.000   9.789 0.000 0.073 0.000  1.050 0.000
106.208333 107.208333   64.14 0.000   0.77 0.000 0.050 0.000  0.44 0.000 0.154 0.000  2.205 0.000  3.087 0.000 99.99 0.259  27.592 0.000  15.132 0.000  12.460 0.000 0.081 0.000  1.370 0.000
109.208333 110.208333   51.51 0.000   1.93 0.000 0.027 0.000  0.59 0.000 0.050 0.000  2.252 0.000  3.152 0.000 99.99 0.259  16.182 0.000   3.553 0.000  12.629 0.000 0.051 0.000  1.452 0.000
112.208333 113.208333   43.80 0.000   1.49 0.000 0.029 0.000  0.93 0.000 0.049 0.000  1.323 0.000  1.853 0.000 99.99 0.259  15.913 0.000   4.700 0.000  11.213 0.000 0.061 0.000  1.612 0.000
115.208333 116.208333   91.61 0.000   1.25 0.000 0.062 0.000  1.11 0.000 0.130 0.000  2.830 0.000  3.962 0.000 99.99 0.259  23.731 0.000   6.881 0.000  16.850 0.000 0.162 0.000  1.913 0.000
118.208333 119.208333   53.83 0.000   1.36 0.000 0.044 0.000  0.54 0.000 0.138 0.000  1.398 0.000  1.957 0.000 99.99 0.259  17.250 0.000   9.771 0.000   7.479 0.000 0.050 0.000  0.711 0.000
121.208333 122.208333   33.30 0.000   0.85 0.000 0.009 0.000  0.38 0.000 0.115 0.000  0.858 0.000  1.201 0.000 99.99 0.259  12.421 0.000   5.696 0.000   6.725 0.000 0.040 0.000  0.648 0.000
124.208333 125.208333   70.83 0.000   1.75 0.000 9.999 0.259  1.71 0.000 0.089 0.000  2.362 0.000  3.306 0.000 99.99 0.259  24.681 0.000   5.863 0.000  18.817 0.000 0.072 0.000  2.456 0.000
127.208333 128.208333   10.94 0.000   1.23 0.000 9.999 0.259  0.21 0.000 0.046 0.000  1.337 0.000  1.872 0.000 99.99 0.259  11.614 0.000   2.697 0.000   8.916 0.000 0.022 0.000  1.341 0.000
130.208333 131.208333   24.13 0.000   0.49 0.000 9.999 0.259  0.96 0.000 0.081 0.000  1.166 0.000  1.632 0.000 99.99 0.259  13.653 0.000   6.520 0.000   7.133 0.000 0.059 0.000  0.848 0.000
133.208333 134.208333   53.58 0.000   1.91 0.000 9.999 0.259  0.84 0.000 0.054 0.000  1.931 0.000  2.704 0.000 99.99 0.259  13.854 0.000   5.519 0.000   8.335 0.000 0.057 0.000  0.707 0.000
136.208333 137.208333   44.22 0.000   2.27 0.000 9.999 0.259  0.42 0.000 0.059 0.000  1.767 0.000  2.473 0.000 99.99 0.259  17.346 0.000   3.599 0.000  13.748 0.000 0.040 0.000  2.215 0.000
139.208333 140.208333   60.67 0.000   2.10 0.000 9.999 0.259  0.79 0.000 0.074 0.000  2.378 0.000  3.329 0.000 99.99 0.259  19.576 0.000   8.031 0.000  11.545 0.000 0.076 0.000  1.030 0.000
142.208333 143.208333   50.65 0.000   2.23 0.000 9.999 0.259  0.51 0.000 0.059 0.000  2.016 0.000  2.822 0.000 99.99 0.259  23.025 0.000   7.514 0.000  15.511 0.000 0.059 0.000  2.238 0.000
145.208333 146.208333   46.08 0.000   1.25 0.000 9.999 0.259  1.46 0.000 0.123 0.000  2.155 0.000  3.016 0.000 99.99 0.259  25.809 0.000   9.938 0.000  15.871 0.000 0.069 0.000  2.180 0.000
148.208333 149.208333   38.34 0.000   2.47 0.000 9.999 0.259  0.56 0.000 0.045 0.000  1.969 0.000  2.756 0.000 99.99 0.259  22.268 0.000   3.595 0.000  18.673 0.000 0.043 0.000  2.994 0.000
151.208333 152.208333   13.77 0.000   0.42 0.000 0.050 0.000  0.50 0.000 0.056 0.559  0.331 0.000  0.463 0.000 99.99 0.259  13.464 0.000   8.883 0.000   4.580 0.000 0.032 0.000  0.604 0.559
154.208333 155.208333   16.09 0.000   1.94 0.000 9.999 0.259  0.28 0.000 0.023 0.000  1.713 0.000  2.398 0.000 99.99 0.259  15.886 0.000   4.091 0.000  11.795 0.000 0.037 0.000  1.564 0.000
157.208333 158.208333   52.61 0.000   1.55 0.000 9.999 0.259  0.48 0.000 0.050 0.000  2.708 0.000  3.792 0.000 99.99 0.259  19.648 0.000   5.614 0.000  14.033 0.000 0.047 0.000  1.673 0.000
160.208333 161.208333   44.50 0.000   1.28 0.000 9.999 0.259  1.78 0.000 0.055 0.000  2.473 0.000  3.462 0.000 99.99 0.259  24.242 0.000   5.385 0.000  18.857 0.000 0.077 0.000  2.763 0.000
163.208333 164.208333  331.13 0.000   0.48 0.000 0.136 0.000  0.37 0.000 0.065 0.000  0.223 0.000  0.312 0.000 99.99 0.259  20.980 0.000  10.933 0.000  10.047 0.000 0.128 0.000  0.346 0.000
166.208333 167.208333   27.79 0.000   1.75 0.000 9.999 0.259  0.30 0.000 0.027 0.000  1.563 0.000  2.188 0.000 99.99 0.259  20.469 0.000   2.955 0.000  17.514 0.000 0.038 0.000  2.853 0.000
169.208333 170.208333   15.47 0.000   0.50 0.000 0.020 0.000  0.59 0.000 0.041 0.000  0.557 0.000  0.780 0.000 99.99 0.259  10.608 0.000   6.184 0.000   4.424 0.000 0.023 0.000  0.492 0.000
172.208333 173.208333   47.23 0.000   0.28 0.000 0.026 0.000  0.55 0.000 0.045 0.000  0.822 0.000  1.151 0.000 99.99 0.259  14.106 0.000   6.858 0.000   7.248 0.000 0.032 0.000  0.971 0.000
175.208333 176.208333   49.49 0.000   0.34 0.000 0.066 0.000  0.32 0.000 0.077 0.000 99.999 0.999 99.999 0.999 99.99 0.259  13.794 0.000   8.938 0.000   4.856 0.000 0.043 0.000  0.290 0.000
178.208333 179.208333   55.97 0.000   1.48 0.000 0.076 0.000  0.86 0.000 0.032 0.000  2.607 0.000  3.649 0.000 99.99 0.259  24.918 0.000   3.931 0.000  20.986 0.000 0.043 0.000  3.282 0.000
181.208333 182.208333   30.09 0.000   1.82 0.000 9.999 0.259  1.23 0.000 0.028 0.000  3.486 0.394  6.275 0.394 99.99 0.259  29.561 0.000   5.424 0.000  24.138 0.000 0.060 0.000  3.711 0.000
184.208333 185.208333   29.21 0.000   0.66 0.000 0.009 0.000  0.67 0.000 0.055 0.000  0.393 0.000  0.708 0.000 99.99 0.259   8.696 0.000   4.237 0.000   4.459 0.000 0.033 0.000  0.609 0.000
187.208333 188.208333   20.31 0.000   1.86 0.000 9.999 0.259  0.28 0.000 0.039 0.000  2.229 0.000  4.013 0.000 99.99 0.259  18.385 0.000   5.561 0.000  12.825 0.000 0.058 0.000  1.710 0.000
190.208333 191.208333   17.81 0.000   0.71 0.000 9.999 0.259  0.50 0.000 0.041 0.000 99.999 0.999 99.999 0.999 99.99 0.259   9.471 0.000   3.557 0.000   5.914 0.000 0.031 0.000  0.593 0.000
193.208333 194.208333  118.39 0.000   0.86 0.000 0.029 0.000  0.50 0.000 0.076 0.000  0.225 0.000  0.405 0.000 99.99 0.259  21.469 0.000  16.227 0.000   5.242 0.000 0.064 0.000  0.494 0.000
196.208333 197.208333   65.87 0.000   1.64 0.000 9.999 0.259  0.85 0.000 0.037 0.000  3.252 0.000  5.854 0.000 99.99 0.259  26.150 0.000   8.354 0.000  17.796 0.000 0.076 0.000  2.178 0.000
199.208333 200.208333   41.51 0.000   2.13 0.000 9.999 0.259  1.22 0.000 0.023 0.000  1.974 0.000  3.554 0.000 99.99 0.259  23.594 0.000   3.516 0.000  20.078 0.000 0.039 0.000  3.356 0.000
202.208333 203.208333   23.64 0.000   0.30 0.000 0.014 0.000  0.45 0.000 0.062 0.000 99.999 0.999 99.999 0.999 99.99 0.259   8.222 0.000   5.518 0.000   2.704 0.000 0.039 0.000  0.304 0.000
205.208333 206.208333   19.99 0.000   1.10 0.000 9.999 0.259  0.88 0.000 0.037 0.000  1.587 0.000  2.857 0.000 99.99 0.259  13.965 0.000   4.651 0.000   9.314 0.000 0.033 0.000  1.158 0.000
208.208333 209.208333  144.43 0.000   0.94 0.000 0.018 0.000  1.66 0.000 0.070 0.000  1.341 0.000  2.413 0.000 99.99 0.259  20.595 0.000   6.864 0.000  13.731 0.000 0.080 0.000  1.724 0.000
211.208333 212.208333  113.67 0.000   1.14 0.000 9.999 0.259  0.62 0.000 0.035 0.000  1.917 0.000  3.450 0.000 99.99 0.259  21.217 0.000   5.399 0.000  15.818 0.000 0.067 0.000  2.242 0.000
214.208333 215.208333  201.97 0.000   1.53 0.000 9.999 0.259  1.13 0.000 0.025 0.000  2.888 0.000  5.198 0.000 99.99 0.259  32.098 0.000  10.044 0.000  22.054 0.000 0.115 0.000  2.897 0.000
217.208333 218.208333  375.88 0.000   0.91 0.000 9.999 0.259  1.76 0.000 0.065 0.000  0.827 0.000  1.488 0.000 99.99 0.259  25.250 0.000  10.149 0.000  15.101 0.000 0.168 0.000  1.619 0.000
220.208333 221.208333  126.26 0.000   0.88 0.000 9.999 0.259  0.62 0.000 0.036 0.000  2.519 0.000  4.533 0.000 99.99 0.259  21.874 0.000   7.248 0.000  14.625 0.000 0.081 0.000  1.684 0.000
223.208333 224.208333   22.98 0.000   2.03 0.000 9.999 0.259  0.72 0.000 0.047 0.000 99.999 0.999 99.999 0.999 99.99 0.259  22.367 0.000   6.437 0.000  15.930 0.000 0.062 0.000  2.547 0.000
226.208333 227.208333    7.91 0.000   0.43 0.000 9.999 0.259  0.92 0.000 0.032 0.000  0.670 0.000  1.207 0.000 99.99 0.259   9.860 0.000   5.333 0.000   4.527 0.000 0.020 0.000  0.594 0.000
229.208333 230.208333   23.45 0.000   0.97 0.000 0.023 0.000  0.80 0.000 0.044 0.000  0.662 0.000  1.192 0.000 99.99 0.259  11.027 0.000   4.012 0.000   7.015 0.000 0.039 0.000  1.150 0.000
232.208333 233.208333  136.52 0.000   0.56 0.000 9.999 0.259  1.15 0.000 0.089 0.000 99.999 0.999 99.999 0.999 99.99 0.259  21.304 0.000  12.867 0.000   8.437 0.000 0.065 0.000  0.992 0.000
235.208333 236.208333   19.31 0.000   0.90 0.000 9.999 0.259  0.53 0.000 0.029 0.000  1.369 0.000  2.464 0.000 99.99 0.259  18.366 0.000   4.844 0.000  13.522 0.000 0.040 0.000  2.079 0.000
238.208333 239.208333   11.86 0.000   0.64 0.000 0.035 0.000  1.02 0.000 0.037 0.000 99.999 0.999 99.999 0.999 99.99 0.259  10.394 0.000   4.240 0.000   6.154 0.000 0.027 0.000  1.029 0.000
241.208333 242.208333   22.00 0.000   0.19 0.000 0.023 0.000  0.77 0.000 0.056 0.000  0.040 0.000  0.073 0.000 99.99 0.259  11.470 0.000   7.415 0.000   4.055 0.000 0.029 0.000  0.363 0.000
244.208333 245.208333    7.93 0.000   0.73 0.000 9.999 0.259  0.18 0.000 0.017 0.000 99.999 0.999 99.999 0.999 99.99 0.259   9.075 0.000   4.154 0.000   4.921 0.000 0.019 0.000  0.562 0.000
247.208333 248.208333   41.00 0.000   0.94 0.000 0.014 0.000  0.51 0.000 0.056 0.000  0.518 0.000  0.932 0.000 99.99 0.259  13.020 0.000   7.411 0.000   5.609 0.000 0.039 0.000  0.677 0.000
250.208333 251.208333   11.50 0.000   1.23 0.000 9.999 0.259  0.59 0.000 0.058 0.000  1.095 0.000  1.971 0.000 99.99 0.259  17.293 0.000   7.330 0.000   9.963 0.000 0.038 0.000  1.701 0.000
