scripts/IMPROVE-2019_partial/data/US4205R.20080101050000.20191216000000.filterpack...52w.3d.US03L_filterpack_US4205.US03L_IMPROVE_Davis.lev2.nas
52 1001
MISSING INFORMATION
US03L, IMPROVE, , , , , , , 
MISSING INFORMATION
IMPROVE sel_HTAP
1 1
2008 01 01 2019 12 16
3.000000
days from file reference point
5
1 1 1 1 1
999.999999 999.999 9.999 999.999 9.999
end_time of measurement, days from the file reference point
pm10_mass, ug/m3, Matrix=pm10
numflag pm10_mass, no unit, Matrix=pm10
pm25_mass, ug/m3, Matrix=pm25
numflag pm25_mass, no unit, Matrix=pm25
0
33
Data definition:              EBAS_1.1
Set type code:                TU
Timezone:                     UTC
File name:                    US4205R.20080101050000.20191216000000.filterpack...52w.3d.US03L_filterpack_US4205.US03L_IMPROVE_Davis.lev2.nas
File creation:                20191218120431
Startdate:                    20080101050000
Revision date:                20191216000000
Version:                      2
Version description:          "Data extracted from http://views.cira.colostate.edu/fed/DataWizard 2019-12-16"
Statistics:                   arithmetic mean
Data level:                   2
Period code:                  52w
Resolution code:              3d
Sample duration:              1d
Orig. time res.:              3d
Station code:                 US4205R
Platform code:                US4205S
Station name:                 Cape Romain National Wildlife Refuge
Station latitude:             32.9419
Station longitude:            -79.6591
Station altitude:             3.0 m
Regime:                       IMG
Component:                    
Unit:                         ug/m3
Matrix:                       
Laboratory code:              US03L
Instrument type:              filterpack
Instrument name:              filterpack_US4205
Method ref:                   US03L_IMPROVE_Davis
Blank correction:             Blank corrected
Volume std. temperature:      ambient
Volume std. pressure:         ambient
starttime endtime PM10 flag_PM10 PM2.5 flag_PM2.5
  0.208333   1.208333   9.477 0.000   6.264 0.000
  3.208333   4.208333   8.132 0.000   5.208 0.000
  6.208333   7.208333   3.245 0.000   2.403 0.000
  9.208333  10.208333   7.800 0.000   4.508 0.000
 12.208333  13.208333  23.090 0.000  16.278 0.000
 15.208333  16.208333   9.985 0.000   7.433 0.000
 18.208333  19.208333   8.386 0.000   7.425 0.000
 21.208333  22.208333  12.758 0.000   8.625 0.000
 24.208333  25.208333  10.761 0.000   8.571 0.000
 27.208333  28.208333  11.850 0.000   9.273 0.000
 30.208333  31.208333  13.176 0.000   5.668 0.000
 33.208333  34.208333  14.591 0.000  11.412 0.000
 36.208333  37.208333  15.965 0.000   8.472 0.000
 39.208333  40.208333  17.775 0.000  14.168 0.000
 42.208333  43.208333  18.218 0.000   6.999 0.000
 45.208333  46.208333  15.241 0.000  12.328 0.000
 48.208333  49.208333  12.264 0.000   6.512 0.000
 51.208333  52.208333  14.360 0.000   8.795 0.000
 54.208333  55.208333  20.177 0.000  15.344 0.000
 57.208333  58.208333   6.569 0.000   4.716 0.000
 60.208333  61.208333  14.876 0.000  11.800 0.000
 63.208333  64.208333  24.365 0.000  10.319 0.000
 66.208333  67.208333  17.908 0.000   8.812 0.000
 69.208333  70.208333   9.890 0.000   8.212 0.000
 72.208333  73.208333  21.079 0.000  16.447 0.000
 75.208333  76.208333  12.114 0.000   6.527 0.000
 78.208333  79.208333  30.528 0.000  10.545 0.000
 81.208333  82.208333  15.036 0.000   8.193 0.000
 84.208333  85.208333  15.725 0.000  10.961 0.000
 87.208333  88.208333  25.426 0.000  12.651 0.000
 90.208333  91.208333   7.912 0.000   4.793 0.000
 93.208333  94.208333  16.537 0.000   9.086 0.000
 96.208333  97.208333   9.793 0.000   4.803 0.000
 99.208333 100.208333   6.852 0.000   5.206 0.000
102.208333 103.208333  13.646 0.000   6.951 0.000
105.208333 106.208333  13.184 0.000   6.142 0.000
108.208333 109.208333  22.557 0.000  11.040 0.000
111.208333 112.208333  12.669 0.000   8.804 0.000
114.208333 115.208333  15.974 0.000   6.988 0.000
117.208333 118.208333  14.489 0.000   7.275 0.000
120.208333 121.208333  12.651 0.000   8.671 0.000
123.208333 124.208333  19.166 0.000   6.744 0.000
126.208333 127.208333  12.906 0.000   8.520 0.000
129.208333 130.208333  21.090 0.000  11.575 0.000
132.208333 133.208333  12.332 0.000   6.016 0.000
135.208333 136.208333 999.999 0.456 999.999 0.456
138.208333 139.208333 999.999 0.456 999.999 0.456
141.208333 142.208333  21.235 0.000  12.260 0.000
144.208333 145.208333  15.694 0.000  11.446 0.000
147.208333 148.208333  10.143 0.000   3.724 0.000
150.208333 151.208333  12.740 0.000   8.497 0.000
153.208333 154.208333  16.415 0.000  12.896 0.000
156.208333 157.208333  13.686 0.000   6.785 0.000
159.208333 160.208333   9.674 0.000   5.505 0.000
162.208333 163.208333  15.991 0.000   9.457 0.000
165.208333 166.208333  17.224 0.000  12.929 0.000
168.208333 169.208333  21.334 0.000  14.515 0.000
171.208333 172.208333  17.268 0.000  11.172 0.000
174.208333 175.208333  13.252 0.000 999.999 0.456
177.208333 178.208333  18.826 0.000  12.290 0.000
180.208333 181.208333  23.197 0.000  11.861 0.000
183.208333 184.208333  13.431 0.000   8.700 0.000
186.208333 187.208333  17.158 0.000  10.653 0.000
189.208333 190.208333   9.792 0.000   4.189 0.000
192.208333 193.208333  13.536 0.000   7.775 0.000
195.208333 196.208333  16.386 0.000  12.200 0.000
198.208333 199.208333  12.188 0.000   7.159 0.000
201.208333 202.208333  20.430 0.000  13.032 0.000
204.208333 205.208333  21.214 0.000  15.564 0.000
207.208333 208.208333  18.077 0.000  14.479 0.000
210.208333 211.208333  14.069 0.000   7.372 0.000
213.208333 214.208333  16.196 0.000   9.688 0.000
216.208333 217.208333  22.032 0.000  11.939 0.000
219.208333 220.208333  21.226 0.000  15.005 0.000
222.208333 223.208333  16.206 0.000  12.969 0.000
225.208333 226.208333  12.352 0.000   9.369 0.000
228.208333 229.208333  18.338 0.000  14.323 0.000
231.208333 232.208333  14.263 0.000  10.621 0.000
234.208333 235.208333  18.812 0.000   8.009 0.000
237.208333 238.208333  10.539 0.000   3.742 0.000
240.208333 241.208333  15.930 0.000  10.793 0.000
243.208333 244.208333   9.887 0.000   4.594 0.000
246.208333 247.208333  10.606 0.000   5.913 0.000
249.208333 250.208333  15.177 0.000   9.928 0.000
252.208333 253.208333  13.027 0.000   5.369 0.000
255.208333 256.208333   9.214 0.000   3.772 0.000
258.208333 259.208333  12.050 0.000   5.776 0.000
261.208333 262.208333  17.416 0.000  13.491 0.000
264.208333 265.208333  11.326 0.000   6.450 0.000
267.208333 268.208333  15.915 0.000   6.831 0.000
270.208333 271.208333  18.240 0.000  10.296 0.000
273.208333 274.208333  20.436 0.000  17.737 0.000
276.208333 277.208333  11.587 0.000   7.769 0.000
279.208333 280.208333  10.934 0.000   6.399 0.000
282.208333 283.208333  11.279 0.000   3.971 0.000
285.208333 286.208333  14.022 0.000   6.095 0.000
288.208333 289.208333 999.999 0.999 999.999 0.999
291.208333 292.208333  10.940 0.000   7.943 0.000
294.208333 295.208333  11.904 0.000   8.050 0.000
297.208333 298.208333  19.763 0.000   6.757 0.000
300.208333 301.208333  13.932 0.000   8.688 0.000
303.208333 304.208333 999.999 0.999 999.999 0.999
306.208333 307.208333 999.999 0.999 999.999 0.999
309.208333 310.208333 999.999 0.999 999.999 0.999
312.208333 313.208333 999.999 0.999 999.999 0.999
315.208333 316.208333 999.999 0.999 999.999 0.999
318.208333 319.208333  13.176 0.000   6.315 0.000
321.208333 322.208333   9.762 0.000   7.324 0.000
324.208333 325.208333  14.483 0.000   9.709 0.000
327.208333 328.208333   6.799 0.000   4.214 0.000
330.208333 331.208333  13.374 0.000   8.870 0.000
333.208333 334.208333  10.191 0.000   7.197 0.000
336.208333 337.208333   7.691 0.000   5.757 0.000
339.208333 340.208333  11.987 0.000   9.791 0.000
342.208333 343.208333   7.023 0.000   3.870 0.000
345.208333 346.208333  19.484 0.000   8.481 0.000
348.208333 349.208333  14.073 0.000   7.002 0.000
351.208333 352.208333   5.425 0.000   3.553 0.000
354.208333 355.208333  12.371 0.000   8.845 0.000
357.208333 358.208333   9.791 0.000   5.171 0.000
360.208333 361.208333  13.697 0.000   5.670 0.000
363.208333 364.208333   8.690 0.000   5.303 0.000
