scripts/IMPROVE-2019_partial/data/US4205R.19980103050000.20191216000000.filterpack...1y.3d.US03L_filterpack_US4205.US03L_IMPROVE_Davis.lev2.nas
51 1001
MISSING INFORMATION
US03L, IMPROVE, , , , , , , 
MISSING INFORMATION
IMPROVE sel_HTAP
1 1
1998 01 01 2019 12 16
0
days from file reference point
4
1 1 1 1
999.999999 999.999 999.999 9.999
end_time of measurement, days from the file reference point
pm10_mass, ug/m3, Matrix=pm10
pm25_mass, ug/m3, Matrix=pm25
numflag, no unit
0
33
Data definition:              EBAS_1.1
Set type code:                TI
Timezone:                     UTC
File name:                    US4205R.19980103050000.20191216000000.filterpack...1y.3d.US03L_filterpack_US4205.US03L_IMPROVE_Davis.lev2.nas
File creation:                20191218120428
Startdate:                    19980103050000
Revision date:                20191216000000
Version:                      2
Version description:          "Data extracted from http://views.cira.colostate.edu/fed/DataWizard 2019-12-16"
Statistics:                   arithmetic mean
Data level:                   2
Period code:                  1y
Resolution code:              3d
Sample duration:              1d
Orig. time res.:              3d
Station code:                 US4205R
Platform code:                US4205S
Station name:                 Cape Romain National Wildlife Refuge
Station latitude:             32.9419
Station longitude:            -79.6591
Station altitude:             3.0 m
Regime:                       IMG
Component:                    
Unit:                         ug/m3
Matrix:                       
Laboratory code:              US03L
Instrument type:              filterpack
Instrument name:              filterpack_US4205
Method ref:                   US03L_IMPROVE_Davis
Blank correction:             Blank corrected
Volume std. temperature:      ambient
Volume std. pressure:         ambient
starttime endtime PM10 PM2.5 flag
  2.208333   3.208333   9.492   3.767 0.000
  6.208333   7.208333  20.785   8.144 0.000
  9.208333  10.208333  10.839   5.989 0.000
 13.208333  14.208333  33.294  10.006 0.000
 16.208333  17.208333  15.762   6.783 0.000
 20.208333  21.208333  13.478   8.193 0.000
 23.208333  24.208333  11.452   6.643 0.000
 27.208333  28.208333   8.752   3.702 0.000
 30.208333  31.208333  15.392   7.932 0.000
 34.208333  35.208333   5.178   1.690 0.000
 37.208333  38.208333   7.479   5.361 0.000
 41.208333  42.208333  15.677   6.819 0.000
 44.208333  45.208333  20.021  13.357 0.000
 48.208333  49.208333  16.975   6.107 0.000
 51.208333  52.208333  12.280   8.712 0.000
 55.208333  56.208333  15.794  10.062 0.000
 58.208333  59.208333  21.696   8.502 0.000
 62.208333  63.208333  20.413  12.742 0.000
 65.208333  66.208333  19.066  13.303 0.000
 69.208333  70.208333  13.037   8.013 0.000
 72.208333  73.208333  25.884  13.629 0.000
 76.208333  77.208333  24.162  10.619 0.000
 79.208333  80.208333  11.641   6.455 0.000
 83.208333  84.208333  19.574  10.891 0.000
 86.208333  87.208333  24.935   6.674 0.000
 90.208333  91.208333 999.999 999.999 0.999
 93.208333  94.208333 999.999 999.999 0.999
 97.208333  98.208333  27.494  11.292 0.000
100.208333 101.208333  12.364   7.840 0.000
104.208333 105.208333  17.634  11.505 0.000
107.208333 108.208333  21.798   9.645 0.000
111.208333 112.208333  13.813   6.915 0.000
114.208333 115.208333  24.759  16.184 0.000
118.208333 119.208333  23.566   6.466 0.000
121.208333 122.208333  19.923  11.177 0.000
125.208333 126.208333  27.897  14.730 0.000
128.208333 129.208333  28.602  16.765 0.000
132.208333 133.208333  12.630   6.680 0.000
135.208333 136.208333  23.783  15.111 0.000
139.208333 140.208333  43.347  30.504 0.000
142.208333 143.208333  43.969  31.639 0.000
146.208333 147.208333 999.999 999.999 0.999
149.208333 150.208333  15.021   9.259 0.000
153.208333 154.208333  39.315  27.482 0.000
156.208333 157.208333  17.580  10.565 0.000
160.208333 161.208333 999.999 999.999 0.999
163.208333 164.208333 999.999 999.999 0.999
167.208333 168.208333 999.999 999.999 0.999
170.208333 171.208333 999.999 999.999 0.999
174.208333 175.208333  43.492  29.172 0.000
177.208333 178.208333 999.999  27.778 0.000
181.208333 182.208333  38.340  18.078 0.000
184.208333 185.208333  37.516  25.263 0.000
188.208333 189.208333  28.488  18.899 0.000
191.208333 192.208333  36.088  26.957 0.000
195.208333 196.208333  22.925  11.858 0.000
198.208333 199.208333  31.484  17.764 0.000
202.208333 203.208333  37.974  14.402 0.000
205.208333 206.208333 999.999  12.329 0.000
209.208333 210.208333  40.557  20.565 0.000
212.208333 213.208333  24.727  12.717 0.000
216.208333 217.208333  14.554   7.713 0.000
219.208333 220.208333   9.772   4.965 0.000
223.208333 224.208333 999.999 999.999 0.999
226.208333 227.208333 999.999 999.999 0.999
230.208333 231.208333  23.730  18.617 0.000
233.208333 234.208333  14.430   8.392 0.000
237.208333 238.208333 999.999 999.999 0.999
240.208333 241.208333 999.999 999.999 0.999
244.208333 245.208333 999.999  20.775 0.000
247.208333 248.208333  26.633  22.059 0.000
251.208333 252.208333  14.493   6.596 0.000
254.208333 255.208333  30.078  19.226 0.000
258.208333 259.208333  25.856  14.441 0.000
261.208333 262.208333  15.295   9.879 0.000
265.208333 266.208333  31.963  16.574 0.000
268.208333 269.208333  14.751   6.572 0.000
272.208333 273.208333 999.999 999.999 0.999
275.208333 276.208333 999.999 999.999 0.999
279.208333 280.208333 999.999 999.999 0.999
282.208333 283.208333 999.999 999.999 0.999
286.208333 287.208333 999.999 999.999 0.999
289.208333 290.208333 999.999 999.999 0.999
293.208333 294.208333  29.742  10.904 0.000
296.208333 297.208333  26.361  10.024 0.000
300.208333 301.208333  30.346  17.917 0.000
303.208333 304.208333 999.999  22.001 0.000
307.208333 308.208333  21.537  12.011 0.000
310.208333 311.208333  20.107  12.850 0.000
314.208333 315.208333  23.194   8.814 0.000
317.208333 318.208333  28.364  16.962 0.000
321.208333 322.208333  23.414  16.696 0.000
324.208333 325.208333  15.534   6.944 0.000
328.208333 329.208333 999.999 999.999 0.999
331.208333 332.208333 999.999 999.999 0.999
335.208333 336.208333  32.974  19.254 0.000
338.208333 339.208333  24.972  15.313 0.000
342.208333 343.208333  21.917   9.098 0.000
345.208333 346.208333  30.740  19.620 0.000
349.208333 350.208333  13.180   5.216 0.000
352.208333 353.208333   9.387   5.495 0.000
356.208333 357.208333  14.961  11.153 0.000
359.208333 360.208333  13.571  13.798 0.000
363.208333 364.208333  11.557  11.329 0.000
