scripts/IMPROVE-2019_partial/data/US4205R.20130101050000.20191216000000.filterpack...52w.3d.US03L_filterpack_US4205.US03L_IMPROVE_Davis.lev2.nas
52 1001
MISSING INFORMATION
US03L, IMPROVE, , , , , , , 
MISSING INFORMATION
IMPROVE sel_HTAP
1 1
2013 01 01 2019 12 16
3.000000
days from file reference point
5
1 1 1 1 1
999.999999 999.999 9.999 999.999 9.999
end_time of measurement, days from the file reference point
pm10_mass, ug/m3, Matrix=pm10
numflag pm10_mass, no unit, Matrix=pm10
pm25_mass, ug/m3, Matrix=pm25
numflag pm25_mass, no unit, Matrix=pm25
0
33
Data definition:              EBAS_1.1
Set type code:                TU
Timezone:                     UTC
File name:                    US4205R.20130101050000.20191216000000.filterpack...52w.3d.US03L_filterpack_US4205.US03L_IMPROVE_Davis.lev2.nas
File creation:                20191218120431
Startdate:                    20130101050000
Revision date:                20191216000000
Version:                      2
Version description:          "Data extracted from http://views.cira.colostate.edu/fed/DataWizard 2019-12-16"
Statistics:                   arithmetic mean
Data level:                   2
Period code:                  52w
Resolution code:              3d
Sample duration:              1d
Orig. time res.:              3d
Station code:                 US4205R
Platform code:                US4205S
Station name:                 Cape Romain National Wildlife Refuge
Station latitude:             32.9419
Station longitude:            -79.6591
Station altitude:             3.0 m
Regime:                       IMG
Component:                    
Unit:                         ug/m3
Matrix:                       
Laboratory code:              US03L
Instrument type:              filterpack
Instrument name:              filterpack_US4205
Method ref:                   US03L_IMPROVE_Davis
Blank correction:             Blank corrected
Volume std. temperature:      ambient
Volume std. pressure:         ambient
starttime endtime PM10 flag_PM10 PM2.5 flag_PM2.5
  0.208333   1.208333  13.127 0.000   8.746 0.000
  3.208333   4.208333  10.289 0.000   7.509 0.000
  6.208333   7.208333   7.871 0.000   5.480 0.000
  9.208333  10.208333   8.793 0.000   5.343 0.000
 12.208333  13.208333   5.390 0.000   3.070 0.000
 15.208333  16.208333  10.791 0.000   5.456 0.000
 18.208333  19.208333  10.468 0.000   6.201 0.000
 21.208333  22.208333  11.744 0.000   7.680 0.000
 24.208333  25.208333  13.016 0.000   6.439 0.000
 27.208333  28.208333  15.929 0.000   9.678 0.000
 30.208333  31.208333   5.910 0.000   2.500 0.000
 33.208333  34.208333  12.447 0.000   9.346 0.000
 36.208333  37.208333  22.094 0.000  17.133 0.000
 39.208333  40.208333   6.873 0.000   5.727 0.000
 42.208333  43.208333   4.474 0.000   2.401 0.000
 45.208333  46.208333   7.573 0.000   5.989 0.000
 48.208333  49.208333   5.856 0.000   3.727 0.000
 51.208333  52.208333   9.680 0.000   6.361 0.000
 54.208333  55.208333  12.647 0.659   8.267 0.659
 57.208333  58.208333  16.218 0.659   5.167 0.659
 60.208333  61.208333  11.223 0.659   7.098 0.659
 63.208333  64.208333  25.636 0.659   5.268 0.659
 66.208333  67.208333  31.218 0.659   8.094 0.659
 69.208333  70.208333 999.999 0.456 999.999 0.456
 72.208333  73.208333  29.114 0.000   8.640 0.000
 75.208333  76.208333  26.827 0.000  10.499 0.000
 78.208333  79.208333  17.190 0.000   3.814 0.000
 81.208333  82.208333  19.345 0.000  12.228 0.000
 84.208333  85.208333  11.665 0.000   4.648 0.000
 87.208333  88.208333  22.203 0.000  13.810 0.000
 90.208333  91.208333  15.761 0.000   7.075 0.000
 93.208333  94.208333  14.531 0.000   5.998 0.000
 96.208333  97.208333 999.999 0.456   8.616 0.000
 99.208333 100.208333  10.297 0.000   4.293 0.000
102.208333 103.208333  11.457 0.000   5.396 0.000
105.208333 106.208333  16.719 0.000   6.375 0.000
108.208333 109.208333  20.984 0.000   6.846 0.000
111.208333 112.208333  12.324 0.000   5.153 0.000
114.208333 115.208333  18.928 0.000  10.866 0.000
117.208333 118.208333  20.408 0.000   6.304 0.000
120.208333 121.208333   8.661 0.000   4.858 0.000
123.208333 124.208333  30.768 0.000  12.882 0.000
126.208333 127.208333   9.705 0.000   5.942 0.000
129.208333 130.208333  17.814 0.000  12.627 0.000
132.208333 133.208333  13.454 0.000   6.645 0.000
135.208333 136.208333  24.580 0.000  11.462 0.000
138.208333 139.208333  14.727 0.000   6.108 0.000
141.208333 142.208333  16.363 0.000   4.454 0.000
144.208333 145.208333   9.409 0.000   4.574 0.000
147.208333 148.208333 999.999 0.456   4.431 0.000
150.208333 151.208333  12.672 0.000   4.571 0.000
153.208333 154.208333  13.832 0.000   5.101 0.000
156.208333 157.208333  15.265 0.000   5.811 0.000
159.208333 160.208333  11.286 0.000   5.183 0.000
162.208333 163.208333  24.788 0.000  14.749 0.000
165.208333 166.208333  10.718 0.000   5.180 0.000
168.208333 169.208333  16.908 0.000   7.864 0.000
171.208333 172.208333  14.536 0.000   6.727 0.000
174.208333 175.208333  20.119 0.000   8.201 0.000
177.208333 178.208333  23.806 0.000   9.095 0.000
180.208333 181.208333  17.444 0.000   6.411 0.000
183.208333 184.208333  20.925 0.000   7.390 0.000
186.208333 187.208333  15.690 0.000   5.223 0.000
189.208333 190.208333  12.497 0.000   4.705 0.000
192.208333 193.208333  12.055 0.000   4.701 0.000
195.208333 196.208333  25.101 0.000   8.344 0.000
198.208333 199.208333  10.292 0.000   5.404 0.000
201.208333 202.208333  10.155 0.000   4.300 0.000
204.208333 205.208333  10.099 0.000   6.443 0.000
207.208333 208.208333  13.486 0.000   6.597 0.000
210.208333 211.208333  12.592 0.000   8.008 0.000
213.208333 214.208333  13.528 0.000   6.600 0.000
216.208333 217.208333  15.328 0.000   7.622 0.000
219.208333 220.208333  11.065 0.000   5.969 0.000
222.208333 223.208333  16.283 0.000   7.555 0.000
225.208333 226.208333  17.190 0.000   9.268 0.000
228.208333 229.208333  15.182 0.000   8.916 0.000
231.208333 232.208333  10.200 0.000   3.408 0.000
234.208333 235.208333   8.838 0.000   3.923 0.000
237.208333 238.208333  11.505 0.000   4.260 0.000
240.208333 241.208333  19.382 0.000  13.832 0.000
243.208333 244.208333  14.092 0.000   9.704 0.000
246.208333 247.208333  20.572 0.000  13.134 0.000
249.208333 250.208333  14.894 0.000   8.423 0.000
252.208333 253.208333  15.922 0.000   9.658 0.000
255.208333 256.208333  19.090 0.000   9.188 0.000
258.208333 259.208333  17.419 0.000   8.287 0.000
261.208333 262.208333 999.999 0.999 999.999 0.999
264.208333 265.208333 999.999 0.999 999.999 0.999
267.208333 268.208333   9.636 0.000   5.638 0.000
270.208333 271.208333   7.856 0.000   3.533 0.000
273.208333 274.208333  13.181 0.000   5.495 0.000
276.208333 277.208333   7.602 0.000   4.516 0.000
279.208333 280.208333  12.060 0.000   4.392 0.000
282.208333 283.208333 999.999 0.999 999.999 0.999
285.208333 286.208333 999.999 0.999 999.999 0.999
288.208333 289.208333 999.999 0.999 999.999 0.999
291.208333 292.208333 999.999 0.999 999.999 0.999
294.208333 295.208333 999.999 0.999 999.999 0.999
297.208333 298.208333  11.152 0.000   6.189 0.000
300.208333 301.208333  18.385 0.000  11.458 0.000
303.208333 304.208333  11.332 0.000   5.660 0.000
306.208333 307.208333   8.022 0.000   5.380 0.000
309.208333 310.208333   9.742 0.000   4.035 0.000
312.208333 313.208333   8.926 0.000   5.261 0.000
315.208333 316.208333  15.216 0.000   7.858 0.000
318.208333 319.208333   7.641 0.000   3.819 0.000
321.208333 322.208333   9.776 0.000   6.629 0.000
324.208333 325.208333  11.022 0.000   4.276 0.000
327.208333 328.208333   6.197 0.000   3.633 0.000
330.208333 331.208333   6.174 0.000   3.382 0.000
333.208333 334.208333  10.101 0.000   7.652 0.000
336.208333 337.208333  17.556 0.000 999.999 0.456
339.208333 340.208333   7.283 0.000   3.366 0.000
342.208333 343.208333   5.899 0.000   3.948 0.000
345.208333 346.208333   6.847 0.000   4.782 0.000
348.208333 349.208333   7.311 0.000   4.270 0.000
351.208333 352.208333   6.808 0.000   4.669 0.000
354.208333 355.208333  11.069 0.000   4.501 0.000
357.208333 358.208333   6.913 0.000   3.684 0.000
360.208333 361.208333   8.302 0.000   6.518 0.000
363.208333 364.208333   6.817 0.000   4.393 0.000
