scripts/IMPROVE-2019_partial/data/US4205R.20090101050000.20191216000000.filterpack...52w.3d.US03L_filterpack_US4205.US03L_IMPROVE_Davis.lev2.nas
51 1001
MISSING INFORMATION
US03L, IMPROVE, , , , , , , 
MISSING INFORMATION
IMPROVE sel_HTAP
1 1
2009 01 01 2019 12 16
3.000000
days from file reference point
4
1 1 1 1
999.999999 999.999 999.999 9.999
end_time of measurement, days from the file reference point
pm10_mass, ug/m3, Matrix=pm10
pm25_mass, ug/m3, Matrix=pm25
numflag, no unit
0
33
Data definition:              EBAS_1.1
Set type code:                TU
Timezone:                     UTC
File name:                    US4205R.20090101050000.20191216000000.filterpack...52w.3d.US03L_filterpack_US4205.US03L_IMPROVE_Davis.lev2.nas
File creation:                20191218120431
Startdate:                    20090101050000
Revision date:                20191216000000
Version:                      2
Version description:          "Data extracted from http://views.cira.colostate.edu/fed/DataWizard 2019-12-16"
Statistics:                   arithmetic mean
Data level:                   2
Period code:                  52w
Resolution code:              3d
Sample duration:              1d
Orig. time res.:              3d
Station code:                 US4205R
Platform code:                US4205S
Station name:                 Cape Romain National Wildlife Refuge
Station latitude:             32.9419
Station longitude:            -79.6591
Station altitude:             3.0 m
Regime:                       IMG
Component:                    
Unit:                         ug/m3
Matrix:                       
Laboratory code:              US03L
Instrument type:              filterpack
Instrument name:              filterpack_US4205
Method ref:                   US03L_IMPROVE_Davis
Blank correction:             Blank corrected
Volume std. temperature:      ambient
Volume std. pressure:         ambient
starttime endtime PM10 PM2.5 flag
  0.208333   1.208333   5.113   2.796 0.000
  3.208333   4.208333  12.473  10.519 0.000
  6.208333   7.208333  11.348   4.901 0.000
  9.208333  10.208333   6.503   3.327 0.000
 12.208333  13.208333  11.073   9.473 0.000
 15.208333  16.208333   7.784   5.561 0.000
 18.208333  19.208333   7.563   5.542 0.000
 21.208333  22.208333  22.835  11.805 0.000
 24.208333  25.208333  16.442   8.944 0.000
 27.208333  28.208333   8.549   5.820 0.000
 30.208333  31.208333   5.509   3.914 0.000
 33.208333  34.208333   6.343   4.573 0.000
 36.208333  37.208333  17.465  11.753 0.000
 39.208333  40.208333  19.282  12.933 0.000
 42.208333  43.208333  16.702   8.200 0.000
 45.208333  46.208333  14.578  11.107 0.000
 48.208333  49.208333  18.596   8.858 0.000
 51.208333  52.208333  11.638   9.337 0.000
 54.208333  55.208333  12.024   8.882 0.000
 57.208333  58.208333  10.368   5.089 0.000
 60.208333  61.208333   6.654   5.517 0.000
 63.208333  64.208333   6.798   4.124 0.000
 66.208333  67.208333  15.451   7.956 0.000
 69.208333  70.208333  15.034  10.745 0.000
 72.208333  73.208333  10.520   8.832 0.000
 75.208333  76.208333   5.349   2.388 0.000
 78.208333  79.208333  12.561   7.919 0.000
 81.208333  82.208333  13.961   8.297 0.000
 84.208333  85.208333  27.488  11.108 0.000
 87.208333  88.208333  17.205   5.774 0.000
 90.208333  91.208333  13.334   5.624 0.000
 93.208333  94.208333  12.593   8.791 0.000
 96.208333  97.208333   6.298   3.385 0.000
 99.208333 100.208333  17.338   8.248 0.000
102.208333 103.208333  16.985   7.827 0.000
105.208333 106.208333   9.308   5.309 0.000
108.208333 109.208333  13.384   3.859 0.000
111.208333 112.208333  15.881   4.963 0.000
114.208333 115.208333  14.180   7.348 0.000
117.208333 118.208333  12.811   3.969 0.000
120.208333 121.208333  16.820   7.705 0.000
123.208333 124.208333  19.207   7.891 0.000
126.208333 127.208333  16.915   6.679 0.000
129.208333 130.208333  16.840   9.879 0.000
132.208333 133.208333  17.192   6.829 0.000
135.208333 136.208333   9.824   4.021 0.000
138.208333 139.208333   8.944   4.493 0.000
141.208333 142.208333  14.714   5.643 0.000
144.208333 145.208333  10.152   3.316 0.000
147.208333 148.208333  14.049   8.607 0.000
150.208333 151.208333  15.147  10.088 0.000
153.208333 154.208333  11.307   6.070 0.000
156.208333 157.208333  13.296   6.676 0.000
159.208333 160.208333  15.059  10.945 0.000
162.208333 163.208333  25.347  14.890 0.000
165.208333 166.208333  24.488  14.863 0.000
168.208333 169.208333  11.188   5.980 0.000
171.208333 172.208333  20.656  14.449 0.000
174.208333 175.208333  13.223   7.183 0.000
177.208333 178.208333  23.401  17.960 0.000
180.208333 181.208333  19.883  11.829 0.000
183.208333 184.208333  18.901  12.369 0.000
186.208333 187.208333  11.588   6.543 0.000
189.208333 190.208333  16.219   9.890 0.000
192.208333 193.208333   9.040   4.477 0.000
195.208333 196.208333  15.214  11.352 0.000
198.208333 199.208333  13.369   8.951 0.000
201.208333 202.208333  11.509   7.728 0.000
204.208333 205.208333  19.956  10.973 0.000
207.208333 208.208333  19.126  10.326 0.000
210.208333 211.208333  20.265  10.004 0.000
213.208333 214.208333  19.592   8.783 0.000
216.208333 217.208333  18.850  10.937 0.000
219.208333 220.208333  16.943  11.120 0.000
222.208333 223.208333  18.149  12.098 0.000
225.208333 226.208333  15.745   5.520 0.000
228.208333 229.208333  10.981   6.802 0.000
231.208333 232.208333  16.452   7.333 0.000
234.208333 235.208333  13.457   7.844 0.000
237.208333 238.208333   9.680   3.525 0.000
240.208333 241.208333  15.881   9.583 0.000
243.208333 244.208333  15.428  10.674 0.000
246.208333 247.208333  13.869   7.860 0.000
249.208333 250.208333  11.388   7.520 0.000
252.208333 253.208333  14.604   7.331 0.000
255.208333 256.208333  14.251   9.554 0.000
258.208333 259.208333  13.273   7.486 0.000
261.208333 262.208333  13.088   7.852 0.000
264.208333 265.208333   7.553   4.633 0.000
267.208333 268.208333   8.043   3.674 0.000
270.208333 271.208333  16.341  10.826 0.000
273.208333 274.208333   8.847   5.444 0.000
276.208333 277.208333  14.015   6.590 0.000
279.208333 280.208333  15.571   8.882 0.000
282.208333 283.208333  12.690   8.056 0.000
285.208333 286.208333  10.146   5.574 0.000
288.208333 289.208333  14.341   6.821 0.000
291.208333 292.208333   7.260   5.444 0.000
294.208333 295.208333   9.471   5.365 0.000
297.208333 298.208333  11.101   7.113 0.000
300.208333 301.208333  14.420   7.621 0.000
303.208333 304.208333   6.109   2.700 0.000
306.208333 307.208333   9.840   7.102 0.000
309.208333 310.208333  12.508   7.106 0.000
312.208333 313.208333   9.659   5.296 0.000
315.208333 316.208333   1.631   0.894 0.000
318.208333 319.208333   7.087   5.894 0.000
321.208333 322.208333  12.869   5.984 0.000
324.208333 325.208333  13.653   9.995 0.000
327.208333 328.208333   7.061   3.112 0.000
330.208333 331.208333   7.328   4.529 0.000
333.208333 334.208333  13.467   6.323 0.000
336.208333 337.208333   9.474   5.175 0.000
339.208333 340.208333   7.785   5.755 0.000
342.208333 343.208333  14.596   9.455 0.000
345.208333 346.208333   7.322   4.193 0.000
348.208333 349.208333   5.376   4.071 0.000
351.208333 352.208333   9.277   5.117 0.000
354.208333 355.208333   9.101   8.576 0.000
357.208333 358.208333  12.622   7.675 0.000
360.208333 361.208333   7.279   5.133 0.000
363.208333 364.208333   9.271   4.709 0.000
