scripts/IMPROVE-2019_partial/data/US4304R.20040101070000.20191216000000.filterpack..pm25.52w.1w.US03L_filterpack_US4304.US03L_IMPROVE_Davis.lev2.nas
66 1001
MISSING INFORMATION
US03L, IMPROVE, , , , , , , 
MISSING INFORMATION
IMPROVE sel_HTAP
1 1
2004 01 01 2019 12 16
3.000000
days from file reference point
27
1 1 1 1 1 1 1 1 1 1 1 1 1 1 1 1 1 1 1 1 1 1 1 1 1 1 1
999.999999 9999.99 9.999 99.99 9.999 9.999 9.999 9.99 9.999 9.999 9.999 99.999 9.999 99.999 9.999 99.99 9.999 999.999 9.999 999.999 9.999 99.999 9.999 9.999 9.999 99.999 9.999
end_time of measurement, days from the file reference point
iron, ng/m3, Revision date=20181210133000
numflag iron, no unit, Revision date=20181210133000
lead, ng/m3, Revision date=20181210133000
numflag lead, no unit, Revision date=20181210133000
magnesium, ug/m3, Revision date=20181210133000
numflag magnesium, no unit, Revision date=20181210133000
nickel, ng/m3, Revision date=20181210133000
numflag nickel, no unit, Revision date=20181210133000
nitrate, ug N/m3, Revision date=20181210133000
numflag nitrate, no unit, Revision date=20181210133000
organic_carbon, ug C/m3, Revision date=20181210133000
numflag organic_carbon, no unit, Revision date=20181210133000
organic_mass, ug/m3, Revision date=20181210133000
numflag organic_mass, no unit, Revision date=20181210133000
phosphorus, ng/m3, Revision date=20181210133000
numflag phosphorus, no unit, Revision date=20181210133000
pm10_mass, ug/m3, Version=2, Version description=Data extracted from http://views.cira.colostate.edu/fed/DataWizard 2019-12-16, Sample duration=1d, Orig. time res.=3d, Matrix=pm10, Blank correction=Blank corrected, Volume std. temperature=ambient, Volume std. pressure=ambient
numflag pm10_mass, no unit, Version=2, Version description=Data extracted from http://views.cira.colostate.edu/fed/DataWizard 2019-12-16, Sample duration=1d, Orig. time res.=3d, Matrix=pm10, Blank correction=Blank corrected, Volume std. temperature=ambient, Volume std. pressure=ambient
pm10_pm25_mass, ug/m3, Revision date=20181210133000, Matrix=pm10_pm25
numflag pm10_pm25_mass, no unit, Revision date=20181210133000, Matrix=pm10_pm25
pm25_mass, ug/m3, Version=2, Version description=Data extracted from http://views.cira.colostate.edu/fed/DataWizard 2019-12-16, Sample duration=1d, Orig. time res.=3d, Blank correction=Blank corrected, Volume std. temperature=ambient, Volume std. pressure=ambient
numflag pm25_mass, no unit, Version=2, Version description=Data extracted from http://views.cira.colostate.edu/fed/DataWizard 2019-12-16, Sample duration=1d, Orig. time res.=3d, Blank correction=Blank corrected, Volume std. temperature=ambient, Volume std. pressure=ambient
potassium, ug/m3, Revision date=20181210133000
numflag potassium, no unit, Revision date=20181210133000
sulphate_total, ug S/m3, Revision date=20181210133000
numflag sulphate_total, no unit, Revision date=20181210133000
0
25
Data definition:              EBAS_1.1
Set type code:                TU
Timezone:                     UTC
File name:                    US4304R.20040101070000.20191216000000.filterpack..pm25.52w.1w.US03L_filterpack_US4304.US03L_IMPROVE_Davis.lev2.nas
File creation:                20191218120435
Startdate:                    20040101070000
Revision date:                20191216000000
Statistics:                   arithmetic mean
Data level:                   2
Period code:                  52w
Resolution code:              1w
Station code:                 US4304R
Platform code:                US4304S
Station name:                 Wind Cave National Park-Elk Mountain
Station latitude:             43.5577
Station longitude:            -103.4835
Station altitude:             1311.0 m
Regime:                       IMG
Component:                    
Matrix:                       pm25
Laboratory code:              US03L
Instrument type:              filterpack
Instrument name:              filterpack_US4304
Method ref:                   US03L_IMPROVE_Davis
starttime endtime Fe flag_Fe Pb flag_Pb Mg++ flag_Mg++ Ni flag_Ni NO3- flag_NO3- OC flag_OC OM flag_OM P flag_P PM10 flag_PM10 PM10-PM2.5 flag_PM10-PM2.5 PM2.5 flag_PM2.5 K+ flag_K+ SO4-- flag_SO4--
[from data line 86]
258.291667 259.291667    7.66 0.000 99.99 0.259 0.089 0.000 0.31 0.000 0.041 0.559  0.383 0.000  0.535 0.000 99.99 0.259   2.067 0.000   1.027 0.000  1.040 0.000 0.007 0.000  0.163 0.559
261.291667 262.291667   40.12 0.000  0.47 0.000 9.999 0.259 0.26 0.000 0.034 0.000  0.804 0.000  1.125 0.000 99.99 0.259  10.375 0.000   6.544 0.000  3.831 0.000 0.032 0.000  0.300 0.000
264.291667 265.291667    5.79 0.000 99.99 0.259 9.999 0.259 0.44 0.000 0.028 0.000  0.358 0.000  0.502 0.000 99.99 0.259   2.423 0.000   1.564 0.000  0.859 0.000 0.006 0.000  0.061 0.000
267.291667 268.291667   14.56 0.000 99.99 0.259 9.999 0.259 9.99 0.259 0.017 0.559  1.430 0.000  2.002 0.000 99.99 0.259   6.076 0.000   2.692 0.000  3.384 0.000 0.020 0.000  0.162 0.559
270.291667 271.291667   28.43 0.000  0.58 0.000 9.999 0.259 0.05 0.000 0.024 0.000  0.816 0.000  1.142 0.000 99.99 0.259   9.356 0.000   6.120 0.000  3.237 0.000 0.021 0.000  0.285 0.000
273.291667 274.291667   37.93 0.000  0.24 0.000 9.999 0.259 9.99 0.259 0.022 0.000  2.849 0.000  3.988 0.000 99.99 0.259   8.309 0.000   4.701 0.000  3.607 0.000 0.021 0.000  0.263 0.000
276.291667 277.291667   30.40 0.000  0.70 0.000 9.999 0.259 9.99 0.259 0.012 0.000  1.196 0.000  1.674 0.000 99.99 0.259   7.402 0.000   3.738 0.000  3.664 0.000 0.025 0.000  0.179 0.000
279.291667 280.291667   17.85 0.000  0.37 0.000 9.999 0.259 9.99 0.259 0.022 0.000  0.630 0.000  0.882 0.000 99.99 0.259   6.779 0.000   3.292 0.000  3.487 0.000 0.017 0.000  0.343 0.000
282.291667 283.291667   39.48 0.000  0.43 0.000 9.999 0.259 0.13 0.000 9.999 0.259  3.502 0.000  4.902 0.000 99.99 0.259   7.405 0.000   4.110 0.000  3.294 0.000 0.029 0.000 99.999 0.259
285.291667 286.291667   33.57 0.000 99.99 0.259 9.999 0.259 9.99 0.259 0.034 0.000  0.967 0.000  1.354 0.000 99.99 0.259   8.288 0.000   4.835 0.000  3.453 0.000 0.024 0.000  0.296 0.000
288.291667 289.291667   11.97 0.000  0.34 0.000 9.999 0.259 9.99 0.259 0.012 0.000  0.241 0.000  0.338 0.000 99.99 0.259   2.604 0.000   1.097 0.000  1.507 0.000 0.012 0.000  0.143 0.000
291.291667 292.291667   24.81 0.000  0.70 0.000 9.999 0.259 9.99 0.259 0.173 0.000  0.468 0.000  0.655 0.000 99.99 0.259   7.618 0.000   5.223 0.000  2.395 0.000 0.020 0.000  0.142 0.000
294.291667 295.291667   18.33 0.000  0.23 0.000 9.999 0.259 9.99 0.259 0.195 0.000  0.709 0.000  0.992 0.000 99.99 0.259   6.118 0.000   2.496 0.000  3.622 0.000 0.016 0.000  0.421 0.000
297.291667 298.291667    6.09 0.000  0.67 0.000 9.999 0.259 9.99 0.259 0.014 0.000  0.467 0.000  0.654 0.000 99.99 0.259   2.468 0.000   0.650 0.000  1.818 0.000 0.015 0.000  0.198 0.000
300.291667 301.291667   18.83 0.000  0.61 0.000 9.999 0.259 9.99 0.259 0.341 0.000  0.952 0.000  1.333 0.000 99.99 0.259   7.889 0.000   3.389 0.000  4.500 0.000 0.039 0.000  0.457 0.000
303.291667 304.291667    9.58 0.000  0.68 0.000 9.999 0.259 9.99 0.259 0.037 0.000  1.313 0.000  1.838 0.000 99.99 0.259   4.966 0.000   0.734 0.000  4.232 0.000 0.039 0.000  0.243 0.000
306.291667 307.291667    5.95 0.000  0.40 0.000 0.200 0.000 0.06 0.000 0.013 0.559  0.227 0.000  0.318 0.000  3.72 0.000   2.178 0.000   1.081 0.000  1.097 0.000 0.010 0.000  0.070 0.559
309.291667 310.291667   11.95 0.000  0.50 0.000 9.999 0.259 9.99 0.259 0.012 0.000  0.244 0.000  0.341 0.000 99.99 0.259   4.533 0.000   2.996 0.000  1.537 0.000 0.012 0.000  0.142 0.000
312.291667 313.291667   28.32 0.000  0.37 0.000 9.999 0.259 9.99 0.259 0.014 0.559  0.355 0.000  0.497 0.000 99.99 0.259   6.819 0.000   4.762 0.000  2.057 0.000 0.019 0.000  0.143 0.559
315.291667 316.291667   25.23 0.000  0.54 0.000 9.999 0.259 9.99 0.259 0.069 0.000  0.631 0.000  0.884 0.000 99.99 0.259   5.406 0.000   2.894 0.000  2.512 0.000 0.027 0.000  0.156 0.000
318.291667 319.291667   15.97 0.000  0.92 0.000 9.999 0.259 9.99 0.259 0.641 0.559  0.536 0.000  0.751 0.000 99.99 0.259   6.521 0.000   1.417 0.000  5.104 0.000 0.016 0.000  0.584 0.559
321.291667 322.291667   36.83 0.000  0.59 0.000 9.999 0.259 0.08 0.000 0.021 0.000  1.359 0.000  1.903 0.000 99.99 0.259   9.356 0.000   5.426 0.000  3.930 0.000 0.026 0.000  0.157 0.000
324.291667 325.291667   14.07 0.000 99.99 0.259 9.999 0.259 9.99 0.259 0.058 0.559  0.495 0.000  0.693 0.000 99.99 0.259   4.361 0.000   2.492 0.000  1.870 0.000 0.019 0.000  0.140 0.559
327.291667 328.291667    4.95 0.000 99.99 0.259 0.165 0.000 9.99 0.259 0.063 0.000  0.273 0.000  0.382 0.000 99.99 0.259   2.107 0.000   0.576 0.000  1.531 0.000 0.009 0.000  0.175 0.000
330.291667 331.291667    6.70 0.000  0.27 0.000 9.999 0.259 9.99 0.259 0.047 0.000  0.261 0.000  0.365 0.000 99.99 0.259   1.455 0.000   0.353 0.000  1.103 0.000 0.008 0.000  0.107 0.000
333.291667 334.291667    2.21 0.000  0.35 0.000 9.999 0.259 9.99 0.259 0.014 0.559  0.163 0.000  0.228 0.000 99.99 0.259   1.059 0.000   0.231 0.000  0.827 0.000 0.009 0.000  0.067 0.559
336.291667 337.291667   12.55 0.000  0.48 0.000 9.999 0.259 9.99 0.259 0.076 0.000  0.405 0.000  0.567 0.000 99.99 0.259   3.909 0.000   2.395 0.000  1.514 0.000 0.011 0.000  0.110 0.000
339.291667 340.291667   10.16 0.000  0.62 0.000 9.999 0.259 0.18 0.000 0.171 0.559  0.331 0.000  0.464 0.000 99.99 0.259   2.231 0.000   1.058 0.000  1.172 0.000 0.009 0.000  0.104 0.559
342.291667 343.291667    9.39 0.000  0.33 0.000 9.999 0.259 0.09 0.000 0.013 0.000  0.239 0.000  0.335 0.000 99.99 0.259   3.100 0.000   1.933 0.000  1.167 0.000 0.006 0.000  0.173 0.000
345.291667 346.291667    8.97 0.000  0.50 0.000 0.120 0.000 0.16 0.000 0.009 0.559  0.214 0.000  0.300 0.000 99.99 0.259   3.347 0.000   2.756 0.000  0.591 0.000 0.006 0.000  0.065 0.559
348.291667 349.291667   16.48 0.000  0.53 0.000 9.999 0.259 9.99 0.259 0.071 0.000  0.266 0.000  0.372 0.000 99.99 0.259   2.857 0.000   1.906 0.000  0.952 0.000 0.008 0.000  0.084 0.000
351.291667 352.291667   11.42 0.000  0.31 0.000 0.063 0.000 0.28 0.000 0.006 0.559  0.118 0.000  0.165 0.000 99.99 0.259   1.323 0.000   0.854 0.000  0.469 0.000 0.007 0.000  0.035 0.559
354.291667 355.291667   14.75 0.000 99.99 0.259 9.999 0.259 0.14 0.000 0.012 0.000  0.105 0.000  0.146 0.000  2.29 0.000   5.808 0.000   5.182 0.000  0.626 0.000 0.010 0.000  0.040 0.000
357.291667 358.291667    9.69 0.000  1.46 0.000 9.999 0.259 0.12 0.000 0.056 0.559  0.227 0.000  0.317 0.000 99.99 0.259   2.988 0.000   1.475 0.000  1.514 0.000 0.015 0.000  0.174 0.559
360.291667 361.291667    8.22 0.000  0.34 0.000 0.062 0.000 9.99 0.259 0.029 0.000  0.178 0.000  0.249 0.000 99.99 0.259   2.862 0.000   1.734 0.000  1.128 0.000 0.009 0.000  0.104 0.000
363.291667 364.291667   22.30 0.000  0.77 0.000 9.999 0.259 9.99 0.259 0.033 0.000  0.253 0.000  0.353 0.000 99.99 0.259   4.836 0.000   3.174 0.000  1.662 0.000 0.017 0.000  0.136 0.000
