scripts/IMPROVE-2019_partial/data/US4304R.20010101070000.20191216000000.filterpack..pm25.52w.1w.US03L_filterpack_US4304.US03L_IMPROVE_Davis.lev2.nas
64 1001
MISSING INFORMATION
US03L, IMPROVE, , , , , , , 
MISSING INFORMATION
IMPROVE sel_HTAP
1 1
2001 01 01 2019 12 16
3.000000
days from file reference point
25
1 1 1 1 1 1 1 1 1 1 1 1 1 1 1 1 1 1 1 1 1 1 1 1 1
999.999999 9999.99 9.999 99.99 9.999999 9.999 9.999999 99.99 9.999999 9.999 9.999 99.999 9.999 99.999 9.999 999.999 9.999 999.999 9.999 999.999 9.999 9.999 9.999999 99.999 9.999
end_time of measurement, days from the file reference point
iron, ng/m3, Revision date=20181210133000
numflag iron, no unit, Revision date=20181210133000
lead, ng/m3, Revision date=20181210133000
numflag lead, no unit, Revision date=20181210133000
magnesium, ug/m3, Revision date=20181210133000
numflag magnesium, no unit, Revision date=20181210133000
nickel, ng/m3, Revision date=20181210133000
numflag nickel, no unit, Revision date=20181210133000
nitrate, ug N/m3, Revision date=20181210133000
numflag nitrate, no unit, Revision date=20181210133000
organic_carbon, ug C/m3, Revision date=20181210133000
numflag organic_carbon, no unit, Revision date=20181210133000
organic_mass, ug/m3, Revision date=20181210133000
numflag organic_mass, no unit, Revision date=20181210133000
pm10_mass, ug/m3, Version=2, Version description=Data extracted from http://views.cira.colostate.edu/fed/DataWizard 2019-12-16, Sample duration=1d, Orig. time res.=3d, Matrix=pm10, Blank correction=Blank corrected, Volume std. temperature=ambient, Volume std. pressure=ambient
numflag pm10_mass, no unit, Version=2, Version description=Data extracted from http://views.cira.colostate.edu/fed/DataWizard 2019-12-16, Sample duration=1d, Orig. time res.=3d, Matrix=pm10, Blank correction=Blank corrected, Volume std. temperature=ambient, Volume std. pressure=ambient
pm10_pm25_mass, ug/m3, Revision date=20181210133000, Matrix=pm10_pm25
numflag pm10_pm25_mass, no unit, Revision date=20181210133000, Matrix=pm10_pm25
pm25_mass, ug/m3, Version=2, Version description=Data extracted from http://views.cira.colostate.edu/fed/DataWizard 2019-12-16, Sample duration=1d, Orig. time res.=3d, Blank correction=Blank corrected, Volume std. temperature=ambient, Volume std. pressure=ambient
numflag pm25_mass, no unit, Version=2, Version description=Data extracted from http://views.cira.colostate.edu/fed/DataWizard 2019-12-16, Sample duration=1d, Orig. time res.=3d, Blank correction=Blank corrected, Volume std. temperature=ambient, Volume std. pressure=ambient
potassium, ug/m3, Revision date=20181210133000
numflag potassium, no unit, Revision date=20181210133000
sulphate_total, ug S/m3, Revision date=20181210133000
numflag sulphate_total, no unit, Revision date=20181210133000
0
25
Data definition:              EBAS_1.1
Set type code:                TU
Timezone:                     UTC
File name:                    US4304R.20010101070000.20191216000000.filterpack..pm25.52w.1w.US03L_filterpack_US4304.US03L_IMPROVE_Davis.lev2.nas
File creation:                20191218120434
Startdate:                    20010101070000
Revision date:                20191216000000
Statistics:                   arithmetic mean
Data level:                   2
Period code:                  52w
Resolution code:              1w
Station code:                 US4304R
Platform code:                US4304S
Station name:                 Wind Cave National Park-Elk Mountain
Station latitude:             43.5577
Station longitude:            -103.4835
Station altitude:             1311.0 m
Regime:                       IMG
Component:                    
Matrix:                       pm25
Laboratory code:              US03L
Instrument type:              filterpack
Instrument name:              filterpack_US4304
Method ref:                   US03L_IMPROVE_Davis
starttime endtime Fe flag_Fe Pb flag_Pb Mg++ flag_Mg++ Ni flag_Ni NO3- flag_NO3- OC flag_OC OM flag_OM PM10 flag_PM10 PM10-PM2.5 flag_PM10-PM2.5 PM2.5 flag_PM2.5 K+ flag_K+ SO4-- flag_SO4--
[from data line 85]
255.291667 256.291667   33.09 0.000  0.50 0.000000 9.999 0.259000 99.99 0.259000 0.175 0.000  0.957 0.000  1.340 0.000  12.184 0.000   8.267 0.000   3.917 0.000 0.037 0.000000  0.370 0.000
258.291667 259.291667    8.67 0.000  0.46 0.000000 9.999 0.259000 99.99 0.259000 0.050 0.000  0.863 0.000  1.208 0.000   4.058 0.000   1.629 0.000   2.429 0.000 9.999 0.259000  0.206 0.000
261.291667 262.291667   23.00 0.000  0.24 0.000000 9.999 0.259000 99.99 0.259000 0.017 0.000  0.892 0.000  1.249 0.000   7.482 0.000   3.946 0.000   3.535 0.000 0.020 0.000000  0.327 0.000
264.291667 265.291667   28.58 0.000  0.59 0.000000 9.999 0.259000 99.99 0.259000 0.019 0.000  0.960 0.000  1.344 0.000   8.081 0.000   4.885 0.000   3.196 0.000 0.027 0.000000  0.249 0.000
267.291667 268.291667   47.79 0.000  0.30 0.000000 9.999 0.259000 99.99 0.259000 0.025 0.000  0.925 0.000  1.295 0.000  12.740 0.000   8.213 0.000   4.527 0.000 0.035 0.000000  0.305 0.000
270.291667 271.291667   92.25 0.000  1.06 0.000000 9.999 0.259000 99.99 0.259000 0.070 0.000  1.956 0.000  2.738 0.000  30.671 0.000  21.622 0.000   9.050 0.000 0.078 0.000000  0.719 0.000
273.291667 274.291667   74.25 0.699  1.05 0.699000 9.999 0.699259 99.99 0.699259 0.055 0.000  2.070 0.000  2.898 0.000  20.541 0.000  11.089 0.000   9.451 0.699 0.067 0.699000  0.812 0.000
276.291667 277.291667   35.15 0.000 99.99 0.259000 9.999 0.259000  0.11 0.000000 0.025 0.000  0.663 0.000  0.928 0.000   4.978 0.000   2.098 0.000   2.880 0.000 0.038 0.000000  0.157 0.000
279.291667 280.291667   35.80 0.000  0.67 0.000000 9.999 0.259000 99.99 0.259000 0.047 0.000  0.874 0.000  1.224 0.000   7.155 0.000   3.794 0.000   3.361 0.000 0.024 0.000000  0.241 0.000
282.291667 283.291667   13.85 0.000  0.37 0.000000 9.999 0.259000 99.99 0.259000 0.018 0.000  0.291 0.000  0.407 0.000   3.659 0.000   1.923 0.000   1.736 0.000 9.999 0.259000  0.161 0.000
285.291667 286.291667    4.90 0.000 99.99 0.259000 9.999 0.259000 99.99 0.259000 0.011 0.000  0.226 0.000  0.316 0.000   1.978 0.000   1.141 0.000   0.837 0.000 0.011 0.000000  0.086 0.000
288.291667 289.291667   17.33 0.000  0.98 0.000000 9.999 0.259000 99.99 0.259000 0.018 0.000  0.301 0.000  0.421 0.000   4.616 0.000   2.526 0.000   2.090 0.000 0.017 0.000000  0.214 0.000
291.291667 292.291667   18.56 0.000  0.48 0.000000 9.999 0.259000 99.99 0.259000 0.016 0.000  0.245 0.000  0.343 0.000   3.803 0.000   2.134 0.000   1.669 0.000 9.999 0.259000  0.105 0.000
294.291667 295.291667   39.80 0.000  0.33 0.000000 9.999 0.259000 99.99 0.259000 0.023 0.000  0.581 0.000  0.814 0.000   6.860 0.000   4.160 0.000   2.701 0.000 0.028 0.000000  0.129 0.000
297.291667 298.291667   11.27 0.000  0.27 0.000000 9.999 0.259000 99.99 0.259000 0.029 0.000  0.302 0.000  0.423 0.000   3.640 0.000   1.718 0.000   1.922 0.000 9.999 0.259000  0.131 0.000
300.291667 301.291667   33.23 0.559  0.90 0.559000 9.999 0.559259 99.99 0.559259 0.044 0.000  0.681 0.000  0.953 0.000   9.873 0.000   5.827 0.000   4.045 0.559 0.026 0.559000  0.347 0.000
303.291667 304.291667   17.04 0.000  1.90 0.000000 9.999 0.259000  0.09 0.000000 0.015 0.000  0.528 0.000  0.739 0.000   5.828 0.000   3.630 0.000   2.198 0.000 0.017 0.000000  0.182 0.000
306.291667 307.291667    9.08 0.000  0.39 0.000000 9.999 0.259000 99.99 0.259000 0.009 0.000  0.217 0.000  0.304 0.000   2.820 0.000   1.510 0.000   1.310 0.000 9.999 0.259000  0.114 0.000
309.291667 310.291667   52.63 0.000  0.68 0.000000 9.999 0.259000 99.99 0.259000 0.018 0.000  0.475 0.000  0.666 0.000   8.317 0.000   5.017 0.000   3.299 0.000 0.019 0.000000  0.245 0.000
312.291667 313.291667   27.11 0.000  0.59 0.000000 9.999 0.259000 99.99 0.259000 0.015 0.000  0.205 0.000  0.287 0.000   4.948 0.000   2.942 0.000   2.007 0.000 9.999 0.259000  0.125 0.000
315.291667 316.291667   23.74 0.000  0.65 0.000000 9.999 0.259000 99.99 0.259000 0.017 0.000  0.329 0.000  0.460 0.000   5.261 0.000   2.451 0.000   2.810 0.000 0.012 0.000000  0.275 0.000
318.291667 319.291667   27.86 0.000  0.42 0.000000 9.999 0.259000 99.99 0.259000 0.017 0.559  0.353 0.000  0.495 0.000   6.445 0.000   3.897 0.000   2.548 0.000 0.020 0.000000  0.232 0.559
321.291667 322.291667   12.72 0.000  0.25 0.000000 9.999 0.259000 99.99 0.259000 0.021 0.559  0.289 0.000  0.405 0.000   3.557 0.000   2.028 0.000   1.529 0.000 0.016 0.000000  0.109 0.559
324.291667 325.291667   16.46 0.394  0.80 0.394000 9.999 0.394259 99.99 0.394259 9.999 0.699  0.479 0.000  0.670 0.000   6.108 0.000   3.662 0.000   2.446 0.000 9.999 0.394259 99.999 0.699
327.291667 328.291667   11.54 0.000  0.15 0.000000 9.999 0.259000  0.11 0.000000 0.060 0.000  0.329 0.000  0.461 0.000   3.176 0.000   1.273 0.000   1.903 0.000 0.012 0.000000  0.188 0.000
330.291667 331.291667    6.42 0.000  1.66 0.000000 9.999 0.259000 99.99 0.259000 0.131 0.000  0.297 0.000  0.415 0.000   3.423 0.000   1.190 0.000   2.233 0.000 0.014 0.000000  0.240 0.000
333.291667 334.291667   11.72 0.000  0.52 0.000000 9.999 0.259000 99.99 0.259000 0.044 0.559  1.598 0.000  2.237 0.000   4.756 0.000   1.162 0.000   3.594 0.000 0.011 0.000000  0.158 0.559
336.291667 337.291667    9.59 0.000  0.44 0.000000 9.999 0.259000 99.99 0.259000 0.034 0.559  0.337 0.000  0.471 0.000   3.176 0.000   1.690 0.000   1.486 0.000 0.008 0.000000  0.128 0.559
339.291667 340.291667   16.21 0.000 99.99 0.259000 9.999 0.259000 99.99 0.259000 0.018 0.000  0.304 0.000  0.426 0.000   4.560 0.000   3.109 0.000   1.451 0.000 0.009 0.000000  0.118 0.000
342.291667 343.291667   23.52 0.000  0.97 0.000000 9.999 0.259000 99.99 0.259000 0.021 0.000  0.252 0.000  0.353 0.000   7.828 0.000   6.076 0.000   1.752 0.000 0.014 0.000000  0.099 0.000
345.291667 346.291667    6.09 0.000  0.36 0.000000 9.999 0.259000 99.99 0.259000 0.038 0.000  0.283 0.000  0.396 0.000   2.694 0.000   1.235 0.000   1.459 0.000 0.007 0.000000  0.143 0.000
348.291667 349.291667   14.97 0.000 99.99 0.259000 9.999 0.259000 99.99 0.259000 0.031 0.000  0.232 0.000  0.325 0.000   4.065 0.000   2.794 0.000   1.271 0.000 0.009 0.000000  0.069 0.000
351.291667 352.291667   11.09 0.000  0.24 0.000000 9.999 0.259000 99.99 0.259000 0.016 0.000  0.242 0.000  0.339 0.000   3.263 0.000   2.190 0.000   1.073 0.000 0.013 0.000000  0.047 0.000
354.291667 355.291667   30.85 0.000  0.53 0.000000 9.999 0.259000 99.99 0.259000 0.120 0.000  0.407 0.000  0.570 0.000   7.405 0.000   5.343 0.000   2.061 0.000 0.019 0.000000  0.101 0.000
357.291667 358.291667    7.83 0.000 99.99 0.259000 9.999 0.259000 99.99 0.259000 0.026 0.000  0.183 0.000  0.256 0.000   1.917 0.000   1.135 0.000   0.782 0.000 0.008 0.000000  0.041 0.000
360.291667 361.291667   14.86 0.000  0.31 0.000000 9.999 0.259000 99.99 0.259000 9.999 0.259  0.158 0.000  0.221 0.000   1.381 0.000   0.589 0.000   0.791 0.000 0.008 0.000000  0.033 0.000
363.291667 364.291667    8.24 0.000  0.24 0.000000 9.999 0.259000 99.99 0.259000 0.030 0.000  0.198 0.000  0.277 0.000   1.506 0.000   0.627 0.000   0.879 0.000 0.007 0.000000  0.079 0.000
