scripts/IMPROVE-2019_partial/data/US4304R.20060102070000.20191216000000.filterpack..pm25.52w.1w.US03L_filterpack_US4304.US03L_IMPROVE_Davis.lev2.nas
64 1001
MISSING INFORMATION
US03L, IMPROVE, , , , , , , 
MISSING INFORMATION
IMPROVE sel_HTAP
1 1
2006 01 01 2019 12 16
3.000000
days from file reference point
25
1 1 1 1 1 1 1 1 1 1 1 1 1 1 1 1 1 1 1 1 1 1 1 1 1
999.999999 9999.99 9.999 99.99 9.999 9.999 9.999999 9.99 9.999999 9.999 9.999 99.999 9.999 999.999 9.999 999.999 9.999 999.999 9.999 999.999 9.999 9.999 9.999 99.999 9.999
end_time of measurement, days from the file reference point
iron, ng/m3, Revision date=20181210133000
numflag iron, no unit, Revision date=20181210133000
lead, ng/m3, Revision date=20181210133000
numflag lead, no unit, Revision date=20181210133000
magnesium, ug/m3, Revision date=20181210133000
numflag magnesium, no unit, Revision date=20181210133000
nickel, ng/m3, Revision date=20181210133000
numflag nickel, no unit, Revision date=20181210133000
nitrate, ug N/m3, Revision date=20181210133000
numflag nitrate, no unit, Revision date=20181210133000
organic_carbon, ug C/m3, Revision date=20181210133000
numflag organic_carbon, no unit, Revision date=20181210133000
organic_mass, ug/m3, Revision date=20181210133000
numflag organic_mass, no unit, Revision date=20181210133000
pm10_mass, ug/m3, Version=2, Version description=Data extracted from http://views.cira.colostate.edu/fed/DataWizard 2019-12-16, Sample duration=1d, Orig. time res.=3d, Matrix=pm10, Blank correction=Blank corrected, Volume std. temperature=ambient, Volume std. pressure=ambient
numflag pm10_mass, no unit, Version=2, Version description=Data extracted from http://views.cira.colostate.edu/fed/DataWizard 2019-12-16, Sample duration=1d, Orig. time res.=3d, Matrix=pm10, Blank correction=Blank corrected, Volume std. temperature=ambient, Volume std. pressure=ambient
pm10_pm25_mass, ug/m3, Revision date=20181210133000, Matrix=pm10_pm25
numflag pm10_pm25_mass, no unit, Revision date=20181210133000, Matrix=pm10_pm25
pm25_mass, ug/m3, Version=2, Version description=Data extracted from http://views.cira.colostate.edu/fed/DataWizard 2019-12-16, Sample duration=1d, Orig. time res.=3d, Blank correction=Blank corrected, Volume std. temperature=ambient, Volume std. pressure=ambient
numflag pm25_mass, no unit, Version=2, Version description=Data extracted from http://views.cira.colostate.edu/fed/DataWizard 2019-12-16, Sample duration=1d, Orig. time res.=3d, Blank correction=Blank corrected, Volume std. temperature=ambient, Volume std. pressure=ambient
potassium, ug/m3, Revision date=20181210133000
numflag potassium, no unit, Revision date=20181210133000
sulphate_total, ug S/m3, Revision date=20181210133000
numflag sulphate_total, no unit, Revision date=20181210133000
0
25
Data definition:              EBAS_1.1
Set type code:                TU
Timezone:                     UTC
File name:                    US4304R.20060102070000.20191216000000.filterpack..pm25.52w.1w.US03L_filterpack_US4304.US03L_IMPROVE_Davis.lev2.nas
File creation:                20191218120436
Startdate:                    20060102070000
Revision date:                20191216000000
Statistics:                   arithmetic mean
Data level:                   2
Period code:                  52w
Resolution code:              1w
Station code:                 US4304R
Platform code:                US4304S
Station name:                 Wind Cave National Park-Elk Mountain
Station latitude:             43.5577
Station longitude:            -103.4835
Station altitude:             1311.0 m
Regime:                       IMG
Component:                    
Matrix:                       pm25
Laboratory code:              US03L
Instrument type:              filterpack
Instrument name:              filterpack_US4304
Method ref:                   US03L_IMPROVE_Davis
starttime endtime Fe flag_Fe Pb flag_Pb Mg++ flag_Mg++ Ni flag_Ni NO3- flag_NO3- OC flag_OC OM flag_OM PM10 flag_PM10 PM10-PM2.5 flag_PM10-PM2.5 PM2.5 flag_PM2.5 K+ flag_K+ SO4-- flag_SO4--
  1.291667   2.291667    6.59 0.000  0.26 0.000 9.999 0.259000 9.99 0.259000 0.009 0.000  0.147 0.000   0.206 0.000   1.520 0.000   0.783 0.000   0.736 0.000 0.005 0.000  0.047 0.000
  4.291667   5.291667    4.65 0.000  0.26 0.000 9.999 0.259000 9.99 0.259000 0.013 0.000  0.231 0.000   0.323 0.000   1.845 0.000   1.027 0.000   0.818 0.000 0.004 0.000  0.033 0.000
  7.291667   8.291667    6.70 0.000  0.31 0.000 9.999 0.259000 9.99 0.259000 0.148 0.000  0.316 0.000   0.442 0.000   3.103 0.000   0.838 0.000   2.265 0.000 0.010 0.000  0.300 0.000
 10.291667  11.291667   62.69 0.000  0.87 0.000 0.026 0.000000 9.99 0.259000 0.021 0.000  0.231 0.000   0.324 0.000   8.108 0.000   5.670 0.000   2.439 0.000 0.040 0.000  0.078 0.000
 13.291667  14.291667   19.66 0.000  0.31 0.000 9.999 0.259000 9.99 0.259000 0.009 0.000  0.152 0.000   0.212 0.000   3.033 0.000   1.926 0.000   1.107 0.000 0.013 0.000  0.037 0.000
 16.291667  17.291667   18.24 0.000  0.31 0.000 9.999 0.259000 9.99 0.259000 0.012 0.000  0.149 0.000   0.208 0.000   4.632 0.000   3.315 0.000   1.317 0.000 0.011 0.000  0.069 0.000
 19.291667  20.291667   10.43 0.000  0.40 0.000 9.999 0.259000 9.99 0.259000 0.022 0.000  0.217 0.000   0.303 0.000   2.101 0.000   0.940 0.000   1.161 0.000 0.007 0.000  0.064 0.000
 22.291667  23.291667   22.77 0.000  0.60 0.000 9.999 0.259000 9.99 0.259000 0.016 0.000  0.342 0.000   0.478 0.000   6.675 0.000   5.069 0.000   1.606 0.000 0.013 0.000  0.079 0.000
 25.291667  26.291667   47.01 0.000  0.81 0.000 0.014 0.000000 9.99 0.259000 0.049 0.000  0.411 0.000   0.575 0.000   7.134 0.000   4.821 0.000   2.313 0.000 0.036 0.000  0.156 0.000
 28.291667  29.291667    5.85 0.000  0.16 0.000 9.999 0.259000 9.99 0.259000 0.010 0.000  0.102 0.000   0.143 0.000   1.611 0.000   1.456 0.000   0.280 0.000 0.004 0.000  0.034 0.000
 31.291667  32.291667   19.15 0.000  0.33 0.000 9.999 0.259000 9.99 0.259000 0.013 0.000  0.248 0.000   0.347 0.000   4.077 0.000   3.083 0.000   0.995 0.000 0.013 0.000  0.049 0.000
 34.291667  35.291667    9.00 0.000  0.60 0.000 9.999 0.259000 0.08 0.000000 0.025 0.000  0.147 0.000   0.205 0.000   2.147 0.000   1.345 0.000   0.803 0.000 0.009 0.000  0.091 0.000
 37.291667  38.291667    9.16 0.000  0.47 0.000 9.999 0.259000 9.99 0.259000 0.045 0.000  0.395 0.000   0.554 0.000   3.035 0.000   1.549 0.000   1.485 0.000 0.015 0.000  0.124 0.000
 40.291667  41.291667   11.30 0.000  0.21 0.000 9.999 0.259000 9.99 0.259000 0.014 0.000  0.193 0.000   0.270 0.000   3.793 0.000   2.816 0.000   0.977 0.000 0.009 0.000  0.131 0.000
 43.291667  44.291667   26.20 0.000  0.38 0.000 9.999 0.259000 9.99 0.259000 0.015 0.000  0.224 0.000   0.313 0.000   4.424 0.000   3.220 0.000   1.204 0.000 0.018 0.000  0.076 0.000
 46.291667  47.291667   18.14 0.000  2.35 0.000 9.999 0.259000 9.99 0.259000 0.119 0.000  1.076 0.000   1.506 0.000   5.726 0.000   1.917 0.000   3.810 0.000 0.049 0.000  0.296 0.000
 49.291667  50.291667    8.44 0.000  0.82 0.000 9.999 0.259000 9.99 0.259000 0.117 0.000  1.906 0.000   2.668 0.000   5.691 0.000   1.145 0.000   4.546 0.000 0.055 0.000  0.202 0.000
 52.291667  53.291667   12.71 0.000  0.34 0.000 9.999 0.259000 9.99 0.259000 0.060 0.000  0.509 0.000   0.713 0.000   3.510 0.000   2.008 0.000   1.502 0.000 0.010 0.000  0.115 0.000
 55.291667  56.291667   16.00 0.000  1.28 0.000 9.999 0.259000 0.08 0.000000 0.341 0.000  0.476 0.000   0.666 0.000   6.359 0.000   0.962 0.000   5.396 0.000 0.019 0.000  0.859 0.000
 58.291667  59.291667   37.85 0.000  0.78 0.000 9.999 0.259000 9.99 0.259000 0.017 0.000  0.278 0.000   0.390 0.000   4.829 0.000   2.244 0.000   2.585 0.000 0.030 0.000  0.149 0.000
 61.291667  62.291667   63.90 0.000  1.03 0.000 9.999 0.259000 9.99 0.259000 0.154 0.000  0.669 0.000   0.936 0.000  14.710 0.000  10.245 0.000   4.465 0.000 0.054 0.000  0.337 0.000
 64.291667  65.291667   36.34 0.000 99.99 0.259 9.999 0.259000 0.09 0.000000 0.069 0.000  0.341 0.000   0.477 0.000   7.609 0.000   5.350 0.000   2.259 0.000 0.024 0.000  0.163 0.000
 67.291667  68.291667   33.15 0.000  0.23 0.000 9.999 0.259000 0.16 0.000000 0.041 0.000  0.329 0.000   0.460 0.000   3.860 0.000   2.140 0.000   1.719 0.000 0.019 0.000  0.091 0.000
 70.291667  71.291667    9.19 0.000  0.79 0.000 9.999 0.259000 9.99 0.259000 0.048 0.000  0.181 0.000   0.253 0.000   2.260 0.000   0.440 0.000   1.820 0.000 0.010 0.000  0.313 0.000
 73.291667  74.291667   19.86 0.000  1.21 0.000 9.999 0.259000 0.12 0.000000 0.321 0.000  0.589 0.000   0.825 0.000   5.010 0.000   1.656 0.000   3.354 0.000 0.021 0.000  0.296 0.000
 76.291667  77.291667   18.11 0.000  1.00 0.000 9.999 0.259000 9.99 0.259000 0.630 0.000  0.685 0.000   0.960 0.000   9.923 0.000   3.621 0.000   6.302 0.000 0.023 0.000  0.649 0.000
 79.291667  80.291667   17.10 0.000  0.67 0.000 9.999 0.259000 9.99 0.259000 0.364 0.000  0.164 0.000   0.229 0.000   3.786 0.000   0.803 0.000   2.983 0.000 0.014 0.000  0.399 0.000
 82.291667  83.291667   18.63 0.000  0.58 0.000 9.999 0.259000 9.99 0.259000 0.475 0.000  0.671 0.000   0.940 0.000   6.862 0.000   0.913 0.000   5.949 0.000 0.016 0.000  0.823 0.000
 85.291667  86.291667   16.41 0.000  0.60 0.000 9.999 0.259000 0.12 0.000000 0.050 0.000  0.282 0.000   0.395 0.000   2.819 0.000   1.007 0.000   1.811 0.000 0.012 0.000  0.249 0.000
 88.291667  89.291667   10.74 0.000  0.42 0.000 0.012 0.000000 9.99 0.259000 0.007 0.000  0.218 0.000   0.305 0.000   1.476 0.000   0.433 0.000   1.043 0.000 0.005 0.000  0.110 0.000
 91.291667  92.291667   20.17 0.000  0.25 0.000 9.999 0.259000 9.99 0.259000 0.022 0.000  0.250 0.000   0.350 0.000   2.702 0.000   0.855 0.000   1.847 0.000 0.012 0.000  0.236 0.000
 94.291667  95.291667   37.55 0.000  0.68 0.000 9.999 0.259000 9.99 0.259000 0.020 0.000  0.398 0.000   0.557 0.000   4.991 0.000   2.417 0.000   2.574 0.000 0.027 0.000  0.231 0.000
 97.291667  98.291667   30.26 0.000  0.87 0.000 0.015 0.000000 9.99 0.259000 0.030 0.000  0.333 0.000   0.466 0.000   4.166 0.000   1.369 0.000   2.797 0.000 0.023 0.000  0.363 0.000
100.291667 101.291667   32.05 0.000  0.61 0.000 0.016 0.000000 0.12 0.000000 0.022 0.000  0.401 0.000   0.561 0.000   4.511 0.000   2.303 0.000   2.209 0.000 0.022 0.000  0.185 0.000
103.291667 104.291667   64.16 0.000  1.01 0.000 0.034 0.000000 9.99 0.259000 0.032 0.000  0.514 0.000   0.719 0.000   7.417 0.000   3.931 0.000   3.486 0.000 0.054 0.000  0.266 0.000
106.291667 107.291667 9999.99 0.456 99.99 0.456 9.999 0.456000 9.99 0.456000 9.999 0.456 99.999 0.456 999.999 0.456 999.999 0.456 999.999 0.456 999.999 0.456 9.999 0.456 99.999 0.456
109.291667 110.291667 9999.99 0.999 99.99 0.999 9.999 0.999000 9.99 0.999000 9.999 0.999 99.999 0.999 999.999 0.999 999.999 0.999 999.999 0.999 999.999 0.999 9.999 0.999 99.999 0.999
112.291667 113.291667  315.63 0.000  2.99 0.000 0.153 0.000000 0.10 0.000000 0.227 0.000  3.259 0.000   4.563 0.000  49.688 0.000  26.578 0.000  23.109 0.000 0.231 0.000  2.071 0.000
115.291667 116.291667   84.55 0.000  0.29 0.000 0.029 0.000000 9.99 0.259000 0.128 0.000  0.355 0.000   0.497 0.000   6.517 0.000   2.607 0.000   3.911 0.000 0.050 0.000  0.323 0.000
118.291667 119.291667   81.35 0.000  0.99 0.000 0.034 0.000000 9.99 0.259000 0.063 0.000  0.714 0.000   0.999 0.000   7.907 0.000   2.381 0.000   5.526 0.000 0.060 0.000  0.479 0.000
121.291667 122.291667  107.10 0.000  1.40 0.000 9.999 0.259000 0.12 0.000000 0.036 0.000  0.576 0.000   0.806 0.000   8.693 0.000   4.643 0.000   4.049 0.000 0.058 0.000  0.206 0.000
124.291667 125.291667   15.88 0.000  0.47 0.000 9.999 0.259000 9.99 0.259000 0.056 0.000  0.348 0.000   0.488 0.000   2.386 0.000   0.660 0.000   1.726 0.000 0.009 0.000  0.166 0.000
127.291667 128.291667   37.72 0.000  0.73 0.000 9.999 0.259000 9.99 0.259000 0.013 0.000  0.401 0.000   0.561 0.000   4.482 0.000   1.933 0.000   2.550 0.000 0.025 0.000  0.168 0.000
130.291667 131.291667   19.58 0.000  0.53 0.000 9.999 0.259000 9.99 0.259000 0.013 0.000  0.301 0.000   0.422 0.000   2.429 0.000   0.900 0.000   1.529 0.000 0.013 0.000  0.131 0.000
133.291667 134.291667   75.42 0.000  0.70 0.000 0.018 0.000000 9.99 0.259000 0.039 0.000  0.768 0.000   1.076 0.000  10.620 0.000   5.471 0.000   5.149 0.000 0.056 0.000  0.417 0.000
136.291667 137.291667   79.02 0.000  0.80 0.000 9.999 0.259000 9.99 0.259000 0.022 0.000  0.589 0.000   0.825 0.000   7.633 0.000   3.541 0.000   4.093 0.000 0.043 0.000  0.313 0.000
139.291667 140.291667   68.15 0.000  0.60 0.000 0.011 0.000000 0.21 0.000000 0.035 0.000  1.574 0.000   2.203 0.000  11.658 0.000   6.092 0.000   5.566 0.000 0.050 0.000  0.309 0.000
142.291667 143.291667   26.54 0.000 99.99 0.259 9.999 0.259000 9.99 0.259000 0.011 0.000  0.505 0.000   0.707 0.000   5.877 0.000   3.722 0.000   2.155 0.000 0.025 0.000  0.132 0.000
145.291667 146.291667   64.61 0.000  1.14 0.000 9.999 0.259000 0.18 0.000000 0.022 0.000  1.085 0.000   1.520 0.000  13.352 0.000   8.539 0.000   4.813 0.000 0.053 0.000  0.333 0.000
148.291667 149.291667   30.22 0.000  0.65 0.000 9.999 0.259000 9.99 0.259000 0.016 0.000  0.463 0.000   0.648 0.000   3.721 0.000   1.623 0.000   2.098 0.000 0.022 0.000  0.153 0.000
151.291667 152.291667   33.80 0.000  0.47 0.000 9.999 0.259000 9.99 0.259000 0.013 0.000  0.496 0.000   0.695 0.000   5.292 0.000   2.910 0.000   2.382 0.000 0.022 0.000  0.173 0.000
154.291667 155.291667   22.99 0.000  0.49 0.000 0.013 0.000000 9.99 0.259000 0.012 0.000  0.548 0.000   0.767 0.000   4.904 0.000   3.175 0.000   1.730 0.000 0.015 0.000  0.092 0.000
157.291667 158.291667   51.23 0.000  0.85 0.000 0.021 0.000000 0.11 0.000000 0.024 0.000  1.010 0.000   1.415 0.000   9.692 0.000   5.950 0.000   3.742 0.000 0.032 0.000  0.183 0.000
160.291667 161.291667   26.47 0.000  0.80 0.000 0.011 0.000000 0.10 0.000000 0.069 0.000  0.873 0.000   1.222 0.000   5.461 0.000   2.624 0.000   2.836 0.000 0.022 0.000  0.190 0.000
163.291667 164.291667   53.95 0.000  1.40 0.000 0.031 0.000000 9.99 0.259000 0.049 0.000  1.392 0.000   1.949 0.000  16.641 0.000   8.338 0.000   8.303 0.000 0.047 0.000  0.920 0.000
166.291667 167.291667   30.97 0.000  0.62 0.000 9.999 0.259000 9.99 0.259000 0.014 0.000  0.824 0.000   1.153 0.000   7.445 0.000   4.446 0.000   2.999 0.000 0.025 0.000  0.182 0.000
169.291667 170.291667   23.41 0.000  0.39 0.000 9.999 0.259000 9.99 0.259000 0.010 0.000  0.542 0.000   0.759 0.000   9.346 0.000   7.045 0.000   2.301 0.000 0.020 0.000  0.152 0.000
172.291667 173.291667   24.14 0.000  0.55 0.000 0.007 0.000000 9.99 0.259000 0.010 0.000  0.750 0.000   1.050 0.000   6.008 0.000   2.956 0.000   3.052 0.000 0.027 0.000  0.226 0.000
175.291667 176.291667   14.71 0.000  0.15 0.000 0.013 0.000000 9.99 0.259000 0.008 0.000  1.423 0.000   1.992 0.000   6.724 0.000   2.781 0.000   3.944 0.000 0.021 0.000  0.247 0.000
178.291667 179.291667   45.22 0.000  0.59 0.000 0.014 0.000000 0.07 0.000000 0.016 0.000  1.243 0.000   1.740 0.000  13.759 0.000   8.272 0.000   5.486 0.000 0.042 0.000  0.380 0.000
181.291667 182.291667   23.96 0.394  0.71 0.394 9.999 0.394259 9.99 0.394259 0.015 0.394  1.796 0.394   3.232 0.394   8.537 0.000   3.964 0.394   4.573 0.000 0.036 0.394  0.181 0.394
184.291667 185.291667   26.80 0.000  0.92 0.000 0.006 0.000000 9.99 0.259000 0.025 0.000  2.465 0.000   4.438 0.000  12.312 0.000   5.127 0.000   7.185 0.000 0.066 0.000  0.266 0.000
187.291667 188.291667   25.93 0.000  0.84 0.000 9.999 0.259000 9.99 0.259000 0.014 0.000  1.240 0.000   2.233 0.000  10.625 0.000   6.265 0.000   4.360 0.000 0.045 0.000  0.261 0.000
190.291667 191.291667   25.51 0.000  0.65 0.000 9.999 0.259000 9.99 0.259000 0.016 0.000  0.893 0.000   1.608 0.000   8.778 0.000   4.981 0.000   3.797 0.000 0.025 0.000  0.206 0.000
193.291667 194.291667   35.31 0.000  0.62 0.000 9.999 0.259000 9.99 0.259000 0.031 0.000  1.696 0.000   3.052 0.000  11.925 0.000   6.796 0.000   5.130 0.000 0.125 0.000  0.212 0.000
196.291667 197.291667   54.38 0.000  0.42 0.000 0.018 0.000000 9.99 0.259000 0.025 0.000  3.219 0.000   5.795 0.000  17.540 0.000   8.726 0.000   8.814 0.000 0.132 0.000  0.316 0.000
199.291667 200.291667   74.08 0.000  0.52 0.000 9.999 0.259000 9.99 0.259000 0.040 0.000  2.971 0.000   5.347 0.000  19.678 0.000  10.823 0.000   8.855 0.000 0.154 0.000  0.333 0.000
202.291667 203.291667   39.38 0.000  0.73 0.000 9.999 0.259000 9.99 0.259000 0.037 0.000  1.048 0.000   1.887 0.000   8.888 0.000   4.502 0.000   4.387 0.000 0.029 0.000  0.295 0.000
205.291667 206.291667   39.09 0.000 99.99 0.259 9.999 0.259000 9.99 0.259000 0.013 0.000  1.540 0.000   2.771 0.000  10.911 0.000   6.307 0.000   4.605 0.000 0.031 0.000  0.184 0.000
208.291667 209.291667   40.24 0.000  0.47 0.000 9.999 0.259000 9.99 0.259000 0.053 0.000  6.167 0.000  11.100 0.000  23.263 0.000   9.818 0.000  13.445 0.000 0.129 0.000  0.274 0.000
211.291667 212.291667   48.34 0.000  0.42 0.000 9.999 0.259000 9.99 0.259000 0.033 0.000  3.455 0.000   6.219 0.000  18.260 0.000   8.421 0.000   9.839 0.000 0.163 0.000  0.306 0.000
214.291667 215.291667   57.60 0.000  0.60 0.000 9.999 0.259000 9.99 0.259000 0.024 0.000  1.673 0.000   3.011 0.000  16.902 0.000  10.874 0.000   6.028 0.000 0.055 0.000  0.225 0.000
217.291667 218.291667   46.23 0.000  0.29 0.000 9.999 0.259000 9.99 0.259000 0.024 0.000  2.893 0.000   5.208 0.000  17.378 0.000   9.209 0.000   8.170 0.000 0.059 0.000  0.280 0.000
220.291667 221.291667   30.24 0.000  0.38 0.000 9.999 0.259000 9.99 0.259000 0.018 0.000  1.019 0.000   1.834 0.000   8.050 0.000   4.092 0.000   3.958 0.000 0.048 0.000  0.272 0.000
223.291667 224.291667   37.05 0.000  0.49 0.000 9.999 0.259000 0.10 0.000000 0.013 0.000  0.556 0.000   1.001 0.000   9.529 0.000   6.568 0.000   2.961 0.000 0.030 0.000  0.200 0.000
226.291667 227.291667   31.32 0.000  0.71 0.000 9.999 0.259000 9.99 0.259000 0.025 0.000  1.776 0.000   3.197 0.000  11.090 0.000   5.666 0.000   5.425 0.000 0.052 0.000  0.304 0.000
229.291667 230.291667   22.97 0.000  0.70 0.000 0.010 0.000000 9.99 0.259000 0.036 0.000  1.025 0.000   1.846 0.000   6.623 0.000   2.326 0.000   4.298 0.000 0.062 0.000  0.296 0.000
232.291667 233.291667   19.14 0.000  0.51 0.000 9.999 0.259000 9.99 0.259000 0.013 0.000  0.980 0.000   1.763 0.000   8.119 0.000   4.475 0.000   3.644 0.000 0.039 0.000  0.225 0.000
235.291667 236.291667   38.15 0.000  0.62 0.000 9.999 0.259000 9.99 0.259000 0.065 0.000  5.546 0.000   9.983 0.000  22.637 0.000   8.413 0.000  14.224 0.000 0.216 0.000  0.312 0.000
238.291667 239.291667   19.99 0.000  0.57 0.000 9.999 0.259000 9.99 0.259000 0.050 0.000  2.158 0.000   3.884 0.000   8.103 0.000   2.041 0.000   6.062 0.000 0.058 0.000  0.333 0.000
241.291667 242.291667   40.28 0.000  0.64 0.000 9.999 0.259000 9.99 0.259000 0.022 0.000  1.236 0.000   2.226 0.000  12.007 0.000   7.121 0.000   4.886 0.000 0.042 0.000  0.297 0.000
244.291667 245.291667   20.51 0.000  0.19 0.000 0.010 0.000000 9.99 0.259000 0.017 0.000  1.338 0.000   2.408 0.000   6.821 0.000   2.850 0.000   3.971 0.000 0.028 0.000  0.248 0.000
247.291667 248.291667   18.47 0.000  0.30 0.000 9.999 0.259000 9.99 0.259000 0.013 0.000  0.603 0.000   1.085 0.000   6.964 0.000   4.028 0.000   2.937 0.000 0.019 0.000  0.224 0.000
250.291667 251.291667   50.61 0.000  0.39 0.000 9.999 0.259000 0.16 0.000000 0.030 0.000  1.958 0.000   3.525 0.000  14.515 0.000   8.629 0.000   5.887 0.000 0.053 0.000  0.244 0.000
253.291667 254.291667   12.87 0.000  0.44 0.000 9.999 0.259000 9.99 0.259000 0.011 0.000  1.430 0.000   2.573 0.000   7.325 0.000   3.219 0.000   4.106 0.000 0.028 0.000  0.229 0.000
256.291667 257.291667   54.59 0.000  0.56 0.000 9.999 0.259000 0.16 0.000000 0.026 0.000  2.428 0.000   4.371 0.000  16.774 0.000   9.464 0.000   7.310 0.000 0.064 0.000  0.228 0.000
259.291667 260.291667    7.01 0.000  0.22 0.000 0.010 0.000000 9.99 0.259000 0.006 0.000  0.323 0.000   0.582 0.000   2.737 0.000   1.563 0.000   1.174 0.000 0.011 0.000  0.078 0.000
