scripts/IMPROVE-2019_partial/data/US4304R.20080101070000.20191216000000.filterpack...52w.3d.US03L_filterpack_US4304.US03L_IMPROVE_Davis.lev2.nas
52 1001
MISSING INFORMATION
US03L, IMPROVE, , , , , , , 
MISSING INFORMATION
IMPROVE sel_HTAP
1 1
2008 01 01 2019 12 16
3.000000
days from file reference point
5
1 1 1 1 1
999.999999 999.999 9.999 999.999 9.999
end_time of measurement, days from the file reference point
pm10_mass, ug/m3, Matrix=pm10
numflag pm10_mass, no unit, Matrix=pm10
pm25_mass, ug/m3, Matrix=pm25
numflag pm25_mass, no unit, Matrix=pm25
0
33
Data definition:              EBAS_1.1
Set type code:                TU
Timezone:                     UTC
File name:                    US4304R.20080101070000.20191216000000.filterpack...52w.3d.US03L_filterpack_US4304.US03L_IMPROVE_Davis.lev2.nas
File creation:                20191218120436
Startdate:                    20080101070000
Revision date:                20191216000000
Version:                      2
Version description:          "Data extracted from http://views.cira.colostate.edu/fed/DataWizard 2019-12-16"
Statistics:                   arithmetic mean
Data level:                   2
Period code:                  52w
Resolution code:              3d
Sample duration:              1d
Orig. time res.:              3d
Station code:                 US4304R
Platform code:                US4304S
Station name:                 Wind Cave National Park-Elk Mountain
Station latitude:             43.5577
Station longitude:            -103.4835
Station altitude:             1311.0 m
Regime:                       IMG
Component:                    
Unit:                         ug/m3
Matrix:                       
Laboratory code:              US03L
Instrument type:              filterpack
Instrument name:              filterpack_US4304
Method ref:                   US03L_IMPROVE_Davis
Blank correction:             Blank corrected
Volume std. temperature:      ambient
Volume std. pressure:         ambient
starttime endtime PM10 flag_PM10 PM2.5 flag_PM2.5
  0.291667   1.291667   1.387 0.000   0.980 0.000
  3.291667   4.291667   8.163 0.000   2.161 0.000
  6.291667   7.291667   3.377 0.000   2.399 0.000
  9.291667  10.291667   4.332 0.000   1.184 0.000
 12.291667  13.291667   1.007 0.000   0.414 0.000
 15.291667  16.291667   2.185 0.000   0.797 0.000
 18.291667  19.291667   2.354 0.000   1.306 0.000
 21.291667  22.291667   3.519 0.000   1.992 0.000
 24.291667  25.291667   4.630 0.000   2.221 0.000
 27.291667  28.291667   9.097 0.000   3.172 0.000
 30.291667  31.291667 999.999 0.999 999.999 0.999
 33.291667  34.291667 999.999 0.999 999.999 0.999
 36.291667  37.291667   3.311 0.000   1.376 0.000
 39.291667  40.291667 999.999 0.999 999.999 0.999
 42.291667  43.291667 999.999 0.999 999.999 0.999
 45.291667  46.291667   2.570 0.000   1.261 0.000
 48.291667  49.291667   2.712 0.000   2.006 0.000
 51.291667  52.291667   8.131 0.000   5.435 0.000
 54.291667  55.291667   4.101 0.000   2.323 0.000
 57.291667  58.291667   2.559 0.000   1.929 0.000
 60.291667  61.291667   5.680 0.000   2.191 0.000
 63.291667  64.291667   4.856 0.000   2.619 0.000
 66.291667  67.291667   3.969 0.000   2.725 0.000
 69.291667  70.291667   3.432 0.000   2.227 0.000
 72.291667  73.291667 999.999 0.999 999.999 0.999
 75.291667  76.291667 999.999 0.999 999.999 0.999
 78.291667  79.291667   5.729 0.000   3.889 0.000
 81.291667  82.291667   6.328 0.000   4.840 0.000
 84.291667  85.291667   8.075 0.000   3.468 0.000
 87.291667  88.291667   2.329 0.000   1.310 0.000
 90.291667  91.291667   2.719 0.000   2.238 0.000
 93.291667  94.291667 999.999 0.999 999.999 0.999
 96.291667  97.291667 999.999 0.999 999.999 0.999
 99.291667 100.291667 999.999 0.999 999.999 0.999
102.291667 103.291667 999.999 0.999 999.999 0.999
105.291667 106.291667 999.999 0.999 999.999 0.999
108.291667 109.291667 999.999 0.999 999.999 0.999
111.291667 112.291667   9.441 0.000   3.768 0.659
114.291667 115.291667   7.994 0.000   4.566 0.000
117.291667 118.291667   7.370 0.000   4.777 0.659
120.291667 121.291667  18.989 0.000   6.273 0.000
123.291667 124.291667   8.900 0.000   4.853 0.659
126.291667 127.291667  10.150 0.000   4.995 0.000
129.291667 130.291667   2.464 0.000   1.461 0.659
132.291667 133.291667   6.613 0.000   3.224 0.659
135.291667 136.291667   7.807 0.000   3.503 0.659
138.291667 139.291667  14.247 0.000   7.187 0.000
141.291667 142.291667  16.651 0.000   5.278 0.000
144.291667 145.291667   1.814 0.000   1.244 0.000
147.291667 148.291667   0.452 0.000   0.227 0.659
150.291667 151.291667   3.431 0.000   1.989 0.000
153.291667 154.291667 999.999 0.999 999.999 0.999
156.291667 157.291667 999.999 0.999 999.999 0.999
159.291667 160.291667 999.999 0.999 999.999 0.999
162.291667 163.291667   4.259 0.000   1.309 0.000
165.291667 166.291667   6.066 0.000   2.234 0.000
168.291667 169.291667   8.882 0.000   4.340 0.000
171.291667 172.291667   4.040 0.000   2.131 0.659
174.291667 175.291667   7.185 0.000   3.273 0.000
177.291667 178.291667   9.839 0.000   5.522 0.000
180.291667 181.291667  12.240 0.000   8.806 0.000
183.291667 184.291667  38.510 0.000  32.764 0.000
186.291667 187.291667  13.565 0.000   5.592 0.000
189.291667 190.291667   9.941 0.000   5.670 0.000
192.291667 193.291667  23.144 0.000   4.538 0.000
195.291667 196.291667  10.349 0.000   3.101 0.000
198.291667 199.291667  12.525 0.000   5.909 0.000
201.291667 202.291667  11.110 0.000   5.718 0.000
204.291667 205.291667   9.122 0.000   5.574 0.000
207.291667 208.291667   9.726 0.000   3.469 0.000
210.291667 211.291667  15.535 0.000   6.684 0.000
213.291667 214.291667  19.144 0.000   8.033 0.000
216.291667 217.291667  14.268 0.000   6.679 0.000
219.291667 220.291667  11.298 0.000   6.690 0.000
222.291667 223.291667   8.270 0.000   4.928 0.000
225.291667 226.291667   8.849 0.000   3.725 0.000
228.291667 229.291667   7.859 0.000   3.843 0.000
231.291667 232.291667   8.121 0.000   2.971 0.000
234.291667 235.291667  11.829 0.000   2.837 0.000
237.291667 238.291667  12.245 0.000   6.157 0.000
240.291667 241.291667  13.945 0.000   7.856 0.000
243.291667 244.291667  13.002 0.000   4.329 0.000
246.291667 247.291667   5.394 0.000   2.251 0.000
249.291667 250.291667   3.043 0.000   1.910 0.000
252.291667 253.291667   4.697 0.000   2.609 0.000
255.291667 256.291667   5.645 0.000   3.903 0.000
258.291667 259.291667   3.107 0.000   1.520 0.000
261.291667 262.291667  16.574 0.000   4.955 0.000
264.291667 265.291667  10.476 0.000   4.703 0.000
267.291667 268.291667   7.500 0.000   2.914 0.000
270.291667 271.291667  11.153 0.000   4.914 0.000
273.291667 274.291667   9.371 0.000   3.584 0.000
276.291667 277.291667  20.137 0.000   5.336 0.000
279.291667 280.291667   2.449 0.000   1.166 0.000
282.291667 283.291667   5.490 0.000   2.037 0.000
285.291667 286.291667   1.119 0.000   1.015 0.000
288.291667 289.291667   3.294 0.000   1.469 0.000
291.291667 292.291667   4.966 0.000   2.065 0.000
294.291667 295.291667   4.946 0.000   2.891 0.000
297.291667 298.291667   4.003 0.000   1.981 0.000
300.291667 301.291667   5.942 0.000   2.054 0.000
303.291667 304.291667  10.573 0.000   5.234 0.000
306.291667 307.291667   8.370 0.000   3.772 0.000
309.291667 310.291667   2.000 0.000   0.918 0.000
312.291667 313.291667   3.017 0.000   2.265 0.000
315.291667 316.291667   8.111 0.000   5.029 0.000
318.291667 319.291667   2.433 0.000   0.917 0.000
321.291667 322.291667   2.889 0.000   1.281 0.000
324.291667 325.291667   5.521 0.000 999.999 0.456
327.291667 328.291667   2.866 0.000   1.514 0.000
330.291667 331.291667   5.702 0.000   2.274 0.000
333.291667 334.291667   2.377 0.000   1.098 0.000
336.291667 337.291667   3.645 0.000   1.203 0.000
339.291667 340.291667   4.457 0.000   1.673 0.000
342.291667 343.291667   1.224 0.000   0.935 0.000
345.291667 346.291667   1.505 0.000   1.264 0.000
348.291667 349.291667   7.864 0.000   6.412 0.000
351.291667 352.291667   4.786 0.000   2.377 0.000
354.291667 355.291667   5.667 0.000   4.377 0.000
357.291667 358.291667   6.028 0.000   4.484 0.000
360.291667 361.291667   2.728 0.000   1.383 0.000
363.291667 364.291667   2.523 0.000   0.927 0.000
