scripts/IMPROVE-2019_partial/data/US4304R.20000101070000.20191216000000.filterpack..pm25.52w.1w.US03L_filterpack_US4304.US03L_IMPROVE_Davis.lev2.nas
64 1001
MISSING INFORMATION
US03L, IMPROVE, , , , , , , 
MISSING INFORMATION
IMPROVE sel_HTAP
1 1
2000 01 01 2019 12 16
0
days from file reference point
25
1 1 1 1 1 1 1 1 1 1 1 1 1 1 1 1 1 1 1 1 1 1 1 1 1
999.999999 9999.99 9.999 99.99 9.999999 9.999 9.999999 9.99 9.999999 9.999 9.999999 99.999 9.999 99.999 9.999 999.999 9.999 999.999 9.999 999.999 9.999 9.999 9.999 9.999 9.999999
end_time of measurement, days from the file reference point
iron, ng/m3, Revision date=20181210133000
numflag iron, no unit, Revision date=20181210133000
lead, ng/m3, Revision date=20181210133000
numflag lead, no unit, Revision date=20181210133000
magnesium, ug/m3, Revision date=20181210133000
numflag magnesium, no unit, Revision date=20181210133000
nickel, ng/m3, Revision date=20181210133000
numflag nickel, no unit, Revision date=20181210133000
nitrate, ug N/m3, Revision date=20181210133000
numflag nitrate, no unit, Revision date=20181210133000
organic_carbon, ug C/m3, Revision date=20181210133000
numflag organic_carbon, no unit, Revision date=20181210133000
organic_mass, ug/m3, Revision date=20181210133000
numflag organic_mass, no unit, Revision date=20181210133000
pm10_mass, ug/m3, Version=2, Version description=Data extracted from http://views.cira.colostate.edu/fed/DataWizard 2019-12-16, Sample duration=1d, Orig. time res.=3d, Matrix=pm10, Blank correction=Blank corrected, Volume std. temperature=ambient, Volume std. pressure=ambient
numflag pm10_mass, no unit, Version=2, Version description=Data extracted from http://views.cira.colostate.edu/fed/DataWizard 2019-12-16, Sample duration=1d, Orig. time res.=3d, Matrix=pm10, Blank correction=Blank corrected, Volume std. temperature=ambient, Volume std. pressure=ambient
pm10_pm25_mass, ug/m3, Revision date=20181210133000, Matrix=pm10_pm25
numflag pm10_pm25_mass, no unit, Revision date=20181210133000, Matrix=pm10_pm25
pm25_mass, ug/m3, Version=2, Version description=Data extracted from http://views.cira.colostate.edu/fed/DataWizard 2019-12-16, Sample duration=1d, Orig. time res.=3d, Blank correction=Blank corrected, Volume std. temperature=ambient, Volume std. pressure=ambient
numflag pm25_mass, no unit, Version=2, Version description=Data extracted from http://views.cira.colostate.edu/fed/DataWizard 2019-12-16, Sample duration=1d, Orig. time res.=3d, Blank correction=Blank corrected, Volume std. temperature=ambient, Volume std. pressure=ambient
potassium, ug/m3, Revision date=20181210133000
numflag potassium, no unit, Revision date=20181210133000
sulphate_total, ug S/m3, Revision date=20181210133000
numflag sulphate_total, no unit, Revision date=20181210133000
0
25
Data definition:              EBAS_1.1
Set type code:                TI
Timezone:                     UTC
File name:                    US4304R.20000101070000.20191216000000.filterpack..pm25.52w.1w.US03L_filterpack_US4304.US03L_IMPROVE_Davis.lev2.nas
File creation:                20191218120434
Startdate:                    20000101070000
Revision date:                20191216000000
Statistics:                   arithmetic mean
Data level:                   2
Period code:                  52w
Resolution code:              1w
Station code:                 US4304R
Platform code:                US4304S
Station name:                 Wind Cave National Park-Elk Mountain
Station latitude:             43.5577
Station longitude:            -103.4835
Station altitude:             1311.0 m
Regime:                       IMG
Component:                    
Matrix:                       pm25
Laboratory code:              US03L
Instrument type:              filterpack
Instrument name:              filterpack_US4304
Method ref:                   US03L_IMPROVE_Davis
starttime endtime Fe flag_Fe Pb flag_Pb Mg++ flag_Mg++ Ni flag_Ni NO3- flag_NO3- OC flag_OC OM flag_OM PM10 flag_PM10 PM10-PM2.5 flag_PM10-PM2.5 PM2.5 flag_PM2.5 K+ flag_K+ SO4-- flag_SO4--
[from data line 85]
297.291667 298.291667    8.17 0.000 99.99 0.259000 0.010 0.000000 9.99 0.259000 0.186 0.000000  0.569 0.000  0.796 0.000   3.330 0.000   1.175 0.000   2.155 0.000 0.026 0.000 0.252 0.000000
300.291667 301.291667    8.61 0.000  0.37 0.000000 9.999 0.259000 9.99 0.259000 0.106 0.000000  0.566 0.000  0.792 0.000   1.920 0.000   0.058 0.000   1.862 0.000 0.029 0.000 0.191 0.000000
303.291667 304.291667   13.49 0.000  0.16 0.000000 9.999 0.259000 9.99 0.259000 0.033 0.000000  0.580 0.000  0.812 0.000   4.085 0.000   1.717 0.000   2.368 0.000 0.009 0.000 0.285 0.000000
306.291667 307.291667    6.03 0.000  0.21 0.000000 9.999 0.259000 9.99 0.259000 0.045 0.000000  0.380 0.000  0.532 0.000   3.018 0.000   0.950 0.000   2.068 0.000 0.010 0.000 0.257 0.000000
309.291667 310.291667   10.05 0.000 99.99 0.259000 9.999 0.259000 9.99 0.259000 0.024 0.000000  0.387 0.000  0.542 0.000   3.123 0.000   1.464 0.000   1.659 0.000 0.011 0.000 0.193 0.000000
312.291667 313.291667   12.31 0.000 99.99 0.259000 9.999 0.259000 9.99 0.259000 0.022 0.000000  0.441 0.000  0.617 0.000   1.539 0.000   0.227 0.000   1.312 0.000 0.013 0.000 0.104 0.000000
315.291667 316.291667    4.80 0.000  0.42 0.000000 9.999 0.259000 9.99 0.259000 0.132 0.000000  0.583 0.000  0.817 0.000   2.911 0.000 999.999 0.259   2.958 0.000 0.020 0.000 0.301 0.000000
318.291667 319.291667    7.61 0.000  0.65 0.000000 9.999 0.259000 9.99 0.259000 0.044 0.000000  0.619 0.000  0.866 0.000   2.840 0.000   0.738 0.000   2.102 0.000 0.020 0.000 0.165 0.000000
321.291667 322.291667    5.30 0.000  0.36 0.000000 9.999 0.259000 9.99 0.259000 0.033 0.000000  0.911 0.000  1.275 0.000   3.659 0.000   0.559 0.000   3.100 0.000 0.017 0.000 0.303 0.000000
324.291667 325.291667    8.10 0.000  0.21 0.000000 9.999 0.259000 9.99 0.259000 0.077 0.000000  0.534 0.000  0.748 0.000   2.728 0.000   0.682 0.000   2.046 0.000 0.021 0.000 0.177 0.000000
327.291667 328.291667    8.94 0.000  0.23 0.000000 9.999 0.259000 9.99 0.259000 0.025 0.000000  0.465 0.000  0.650 0.000   1.972 0.000   0.713 0.000   1.260 0.000 0.012 0.000 0.104 0.000000
330.291667 331.291667    6.01 0.000 99.99 0.259000 9.999 0.259000 9.99 0.259000 0.024 0.000000  0.335 0.000  0.469 0.000   1.520 0.000   0.565 0.000   0.956 0.000 0.009 0.000 0.104 0.000000
333.291667 334.291667    4.78 0.000  0.34 0.000000 9.999 0.259000 9.99 0.259000 0.028 0.000000  0.290 0.000  0.406 0.000   1.943 0.000   0.855 0.000   1.088 0.000 0.010 0.000 0.092 0.000000
336.291667 337.291667   14.59 0.000  0.55 0.000000 9.999 0.259000 9.99 0.259000 0.362 0.000000  0.510 0.000  0.714 0.000   4.216 0.000   1.336 0.000   2.880 0.000 0.020 0.000 0.235 0.000000
339.291667 340.291667    6.57 0.000  0.34 0.000000 9.999 0.259000 9.99 0.259000 0.196 0.000000  0.506 0.000  0.708 0.000   3.509 0.000   1.310 0.000   2.199 0.000 0.013 0.000 0.324 0.000000
342.291667 343.291667    7.01 0.000  0.39 0.000000 9.999 0.259000 9.99 0.259000 0.165 0.000000  0.343 0.000  0.480 0.000   2.852 0.000   1.060 0.000   1.792 0.000 0.008 0.000 0.277 0.000000
345.291667 346.291667    9.98 0.000  1.14 0.000000 9.999 0.259000 9.99 0.259000 0.096 0.000000  0.548 0.000  0.767 0.000   2.441 0.000   0.559 0.000   1.882 0.000 0.019 0.000 0.175 0.000000
348.291667 349.291667   14.37 0.559 99.99 0.559259 9.999 0.559259 9.99 0.559259 0.124 0.000000  0.952 0.000  1.333 0.000   4.960 0.000   2.083 0.000   2.877 0.559 0.024 0.559 0.254 0.000000
351.291667 352.291667   12.15 0.559 99.99 0.559259 9.999 0.559259 9.99 0.559259 0.025 0.559000  0.293 0.000  0.410 0.000   4.464 0.000   2.976 0.000   1.488 0.559 0.012 0.559 0.181 0.559000
354.291667 355.291667   34.17 0.000  0.23 0.000000 9.999 0.259000 0.21 0.000000 0.050 0.000000  0.515 0.000  0.722 0.000   4.283 0.000   1.775 0.000   2.508 0.000 0.032 0.000 0.170 0.000000
357.291667 358.291667   14.27 0.559  0.52 0.559000 9.999 0.559259 9.99 0.559259 0.406 0.000000  0.727 0.000  1.018 0.000   6.903 0.000   2.229 0.000   4.674 0.559 0.023 0.559 0.328 0.000000
360.291667 361.291667    2.59 0.000  0.11 0.000000 9.999 0.259000 9.99 0.259000 0.029 0.000000  0.284 0.000  0.397 0.000   1.420 0.000   0.455 0.000   0.966 0.000 0.012 0.000 0.104 0.000000
363.291667 364.291667    4.38 0.000  0.23 0.000000 9.999 0.259000 9.99 0.259000 0.057 0.000000  0.248 0.000  0.346 0.000   1.871 0.000   0.662 0.000   1.209 0.000 0.006 0.000 0.194 0.000000
