scripts/IMPROVE-2019_partial/data/US4304R.20000101070000.20191216000000.filterpack..pm25.52w.1w.US03L_filterpack_US4304.US03L_IMPROVE_Davis.lev2.nas
64 1001
MISSING INFORMATION
US03L, IMPROVE, , , , , , , 
MISSING INFORMATION
IMPROVE sel_HTAP
1 1
2000 01 01 2019 12 16
0
days from file reference point
25
1 1 1 1 1 1 1 1 1 1 1 1 1 1 1 1 1 1 1 1 1 1 1 1 1
999.999999 9999.99 9.999 99.99 9.999999 9.999 9.999999 9.99 9.999999 9.999 9.999999 99.999 9.999 99.999 9.999 999.999 9.999 999.999 9.999 999.999 9.999 9.999 9.999 9.999 9.999999
end_time of measurement, days from the file reference point
iron, ng/m3, Revision date=20181210133000
numflag iron, no unit, Revision date=20181210133000
lead, ng/m3, Revision date=20181210133000
numflag lead, no unit, Revision date=20181210133000
magnesium, ug/m3, Revision date=20181210133000
numflag magnesium, no unit, Revision date=20181210133000
nickel, ng/m3, Revision date=20181210133000
numflag nickel, no unit, Revision date=20181210133000
nitrate, ug N/m3, Revision date=20181210133000
numflag nitrate, no unit, Revision date=20181210133000
organic_carbon, ug C/m3, Revision date=20181210133000
numflag organic_carbon, no unit, Revision date=20181210133000
organic_mass, ug/m3, Revision date=20181210133000
numflag organic_mass, no unit, Revision date=20181210133000
pm10_mass, ug/m3, Version=2, Version description=Data extracted from http://views.cira.colostate.edu/fed/DataWizard 2019-12-16, Sample duration=1d, Orig. time res.=3d, Matrix=pm10, Blank correction=Blank corrected, Volume std. temperature=ambient, Volume std. pressure=ambient
numflag pm10_mass, no unit, Version=2, Version description=Data extracted from http://views.cira.colostate.edu/fed/DataWizard 2019-12-16, Sample duration=1d, Orig. time res.=3d, Matrix=pm10, Blank correction=Blank corrected, Volume std. temperature=ambient, Volume std. pressure=ambient
pm10_pm25_mass, ug/m3, Revision date=20181210133000, Matrix=pm10_pm25
numflag pm10_pm25_mass, no unit, Revision date=20181210133000, Matrix=pm10_pm25
pm25_mass, ug/m3, Version=2, Version description=Data extracted from http://views.cira.colostate.edu/fed/DataWizard 2019-12-16, Sample duration=1d, Orig. time res.=3d, Blank correction=Blank corrected, Volume std. temperature=ambient, Volume std. pressure=ambient
numflag pm25_mass, no unit, Version=2, Version description=Data extracted from http://views.cira.colostate.edu/fed/DataWizard 2019-12-16, Sample duration=1d, Orig. time res.=3d, Blank correction=Blank corrected, Volume std. temperature=ambient, Volume std. pressure=ambient
potassium, ug/m3, Revision date=20181210133000
numflag potassium, no unit, Revision date=20181210133000
sulphate_total, ug S/m3, Revision date=20181210133000
numflag sulphate_total, no unit, Revision date=20181210133000
0
25
Data definition:              EBAS_1.1
Set type code:                TI
Timezone:                     UTC
File name:                    US4304R.20000101070000.20191216000000.filterpack..pm25.52w.1w.US03L_filterpack_US4304.US03L_IMPROVE_Davis.lev2.nas
File creation:                20191218120434
Startdate:                    20000101070000
Revision date:                20191216000000
Statistics:                   arithmetic mean
Data level:                   2
Period code:                  52w
Resolution code:              1w
Station code:                 US4304R
Platform code:                US4304S
Station name:                 Wind Cave National Park-Elk Mountain
Station latitude:             43.5577
Station longitude:            -103.4835
Station altitude:             1311.0 m
Regime:                       IMG
Component:                    
Matrix:                       pm25
Laboratory code:              US03L
Instrument type:              filterpack
Instrument name:              filterpack_US4304
Method ref:                   US03L_IMPROVE_Davis
starttime endtime Fe flag_Fe Pb flag_Pb Mg++ flag_Mg++ Ni flag_Ni NO3- flag_NO3- OC flag_OC OM flag_OM PM10 flag_PM10 PM10-PM2.5 flag_PM10-PM2.5 PM2.5 flag_PM2.5 K+ flag_K+ SO4-- flag_SO4--
  0.291667   1.291667 9999.99 0.999 99.99 0.999000 9.999 0.999000 9.99 0.999000 9.999 0.999000 99.999 0.999 99.999 0.999 999.999 0.999 999.999 0.999 999.999 0.999 9.999 0.999 9.999 0.999000
  4.291667   5.291667 9999.99 0.999 99.99 0.999000 9.999 0.999000 9.99 0.999000 9.999 0.999000 99.999 0.999 99.999 0.999 999.999 0.999 999.999 0.999 999.999 0.999 9.999 0.999 9.999 0.999000
  7.291667   8.291667 9999.99 0.999 99.99 0.999000 9.999 0.999000 9.99 0.999000 9.999 0.999000 99.999 0.999 99.999 0.999 999.999 0.999 999.999 0.999 999.999 0.999 9.999 0.999 9.999 0.999000
 11.291667  12.291667    7.40 0.000  0.26 0.000000 9.999 0.259000 0.84 0.000000 0.042 0.559000  0.191 0.000  0.268 0.000   1.990 0.000   1.024 0.000   0.966 0.000 0.007 0.000 0.075 0.559000
 14.291667  15.291667   14.12 0.000  0.63 0.000000 9.999 0.259000 9.99 0.259000 0.021 0.559000  0.263 0.000  0.369 0.000   4.107 0.000   2.884 0.000   1.224 0.000 0.012 0.000 0.080 0.559000
 18.291667  19.291667   17.84 0.000  0.63 0.000000 9.999 0.259000 9.99 0.259000 0.240 0.559000  0.430 0.000  0.602 0.000   7.031 0.000   2.667 0.000   4.363 0.000 0.017 0.000 0.440 0.559000
 21.291667  22.291667   12.53 0.000  0.38 0.000000 9.999 0.259000 9.99 0.259000 0.026 0.559000  0.402 0.000  0.563 0.000   4.227 0.000   2.814 0.000   1.413 0.000 0.011 0.000 0.102 0.559000
 25.291667  26.291667    8.34 0.000  0.23 0.000000 9.999 0.259000 9.99 0.259000 0.088 0.000000  0.586 0.000  0.821 0.000   3.598 0.000   0.934 0.000   2.664 0.000 0.018 0.000 0.249 0.000000
 28.291667  29.291667    7.05 0.000  2.29 0.000000 9.999 0.259000 9.99 0.259000 0.278 0.559000  1.467 0.000  2.054 0.000   6.819 0.000   0.383 0.000   6.436 0.000 0.031 0.000 0.539 0.559000
 32.291667  33.291667    6.31 0.000  0.27 0.000000 9.999 0.259000 9.99 0.259000 0.016 0.559000  0.761 0.000  1.065 0.000   3.451 0.000   1.407 0.000   2.044 0.000 0.042 0.000 0.072 0.559000
 35.291667  36.291667   17.19 0.000  0.41 0.000000 9.999 0.259000 9.99 0.259000 0.100 0.000000  0.589 0.000  0.825 0.000   6.019 0.000   3.289 0.000   2.729 0.000 0.017 0.000 0.182 0.000000
 39.291667  40.291667   24.11 0.000  0.87 0.000000 0.020 0.000000 9.99 0.259000 0.019 0.000000  0.518 0.000  0.725 0.000   5.573 0.000   3.707 0.000   1.866 0.000 0.024 0.000 0.105 0.000000
 42.291667  43.291667   12.16 0.000  1.09 0.000000 9.999 0.259000 9.99 0.259000 0.315 0.000000  0.839 0.000  1.174 0.000   7.159 0.000   1.683 0.000   5.476 0.000 0.017 0.000 0.628 0.000000
 46.291667  47.291667    7.39 0.000  0.32 0.000000 9.999 0.259000 9.99 0.259000 0.051 0.000000  0.473 0.000  0.662 0.000   2.893 0.000   0.768 0.000   2.125 0.000 0.013 0.000 0.214 0.000000
 49.291667  50.291667    8.34 0.000  0.54 0.000000 9.999 0.259000 9.99 0.259000 0.037 0.559000  0.615 0.000  0.861 0.000   2.687 0.000   0.681 0.000   2.006 0.000 0.013 0.000 0.193 0.559000
 53.291667  54.291667   35.79 0.000  0.23 0.000000 9.999 0.259000 9.99 0.259000 0.042 0.000000  0.537 0.000  0.752 0.000  12.299 0.000   9.729 0.000   2.570 0.000 0.033 0.000 0.185 0.000000
 56.291667  57.291667    4.78 0.000  0.11 0.000000 9.999 0.259000 9.99 0.259000 0.018 0.000000  0.317 0.000  0.444 0.000   2.420 0.000   1.041 0.000   1.379 0.000 0.009 0.000 0.130 0.000000
 60.291667  61.291667   11.96 0.000  0.27 0.000000 9.999 0.259000 9.99 0.259000 0.047 0.000000  0.264 0.000  0.369 0.000   6.608 0.000   4.151 0.000   2.456 0.000 0.011 0.000 0.220 0.000000
 63.291667  64.291667   15.44 0.000  0.33 0.000000 9.999 0.259000 9.99 0.259000 0.018 0.000000  0.406 0.000  0.569 0.000   4.125 0.000   1.571 0.000   2.554 0.000 0.011 0.000 0.275 0.000000
 67.291667  68.291667    2.89 0.000  0.21 0.000000 9.999 0.259000 9.99 0.259000 0.014 0.559000  0.974 0.000  1.364 0.000   2.904 0.000   0.415 0.000   2.489 0.000 0.016 0.000 0.105 0.559000
 70.291667  71.291667    8.37 0.000 99.99 0.259000 9.999 0.259000 9.99 0.259000 0.041 0.559000  0.486 0.000  0.680 0.000   3.325 0.000   0.621 0.000   2.704 0.000 0.007 0.000 0.354 0.559000
 74.291667  75.291667    7.13 0.000  0.47 0.000000 9.999 0.259000 9.99 0.259000 0.045 0.559000  0.282 0.000  0.395 0.000   4.844 0.000   1.511 0.000   3.333 0.000 0.014 0.000 0.634 0.559000
 77.291667  78.291667    6.74 0.000  0.37 0.000000 9.999 0.259000 0.07 0.000000 0.028 0.559000  0.129 0.000  0.180 0.000   1.800 0.000   0.913 0.000   0.887 0.000 0.008 0.000 0.103 0.559000
 81.291667  82.291667   13.84 0.000  0.41 0.000000 9.999 0.259000 9.99 0.259000 0.041 0.699000  0.314 0.000  0.439 0.000   5.177 0.000   2.903 0.000   2.274 0.000 0.012 0.000 0.283 0.699000
 84.291667  85.291667   56.83 0.000  1.79 0.000000 9.999 0.259000 9.99 0.259000 0.034 0.559000  0.424 0.000  0.594 0.000   5.892 0.000   2.727 0.000   3.165 0.000 0.046 0.000 0.266 0.559000
 88.291667  89.291667   20.22 0.000  0.25 0.000000 9.999 0.259000 9.99 0.259000 0.046 0.559000  0.528 0.000  0.739 0.000   5.136 0.000   2.953 0.000   2.183 0.000 0.022 0.000 0.188 0.559000
 91.291667  92.291667   46.63 0.000  0.89 0.000000 9.999 0.259000 9.99 0.259000 0.038 0.000000  0.279 0.000  0.391 0.000   5.547 0.000   2.242 0.000   3.305 0.000 0.036 0.000 0.293 0.000000
 95.291667  96.291667   57.78 0.000  1.25 0.000000 9.999 0.259000 9.99 0.259000 0.017 0.559000  0.379 0.000  0.531 0.000  13.889 0.000   9.778 0.000   4.111 0.000 0.040 0.000 0.220 0.559000
 98.291667  99.291667   28.27 0.000  0.64 0.000000 0.012 0.000000 9.99 0.259000 0.015 0.559000  0.409 0.000  0.572 0.000   4.419 0.000   1.741 0.000   2.678 0.000 0.021 0.000 0.195 0.559000
102.291667 103.291667   71.11 0.000  0.94 0.000000 0.022 0.000000 9.99 0.259000 0.053 0.000000  0.928 0.000  1.299 0.000  14.468 0.000   7.988 0.000   6.479 0.000 0.050 0.000 0.487 0.000000
105.291667 106.291667   14.19 0.000  0.73 0.000000 9.999 0.259000 9.99 0.259000 0.074 0.000000  0.346 0.000  0.484 0.000   3.514 0.000   0.580 0.000   2.933 0.000 0.019 0.000 0.346 0.000000
109.291667 110.291667 9999.99 0.999 99.99 0.999000 9.999 0.999000 9.99 0.999000 9.999 0.999000 99.999 0.999 99.999 0.999 999.999 0.999 999.999 0.999 999.999 0.999 9.999 0.999 9.999 0.999000
112.291667 113.291667 9999.99 0.999 99.99 0.999000 9.999 0.999000 9.99 0.999000 9.999 0.999000 99.999 0.999 99.999 0.999 999.999 0.999 999.999 0.999 999.999 0.999 9.999 0.999 9.999 0.999000
116.291667 117.291667 9999.99 0.999 99.99 0.999000 9.999 0.999000 9.99 0.999000 9.999 0.999000 99.999 0.999 99.999 0.999 999.999 0.999 999.999 0.999 999.999 0.999 9.999 0.999 9.999 0.999000
119.291667 120.291667   40.92 0.000  0.80 0.000000 9.999 0.259000 9.99 0.259000 0.100 0.000000  1.234 0.000  1.728 0.000  10.807 0.000   5.446 0.000   5.361 0.000 0.048 0.000 0.409 0.000000
123.291667 124.291667   78.15 0.000  0.61 0.000000 9.999 0.259000 9.99 0.259000 0.028 0.000000  0.934 0.000  1.308 0.000  12.350 0.000   8.431 0.000   3.920 0.000 0.056 0.000 0.181 0.000000
126.291667 127.291667  106.21 0.000  0.72 0.000000 9.999 0.259000 9.99 0.259000 0.069 0.000000  1.365 0.000  1.911 0.000  16.675 0.000  10.903 0.000   5.772 0.000 0.079 0.000 0.336 0.000000
130.291667 131.291667   64.90 0.000  0.71 0.000000 9.999 0.259000 9.99 0.259000 0.019 0.000000  0.710 0.000  0.994 0.000   5.465 0.000   1.780 0.000   3.685 0.000 0.045 0.000 0.164 0.000000
133.291667 134.291667   20.31 0.000  1.10 0.000000 0.038 0.000000 9.99 0.259000 0.019 0.000000  0.652 0.000  0.913 0.000   4.232 0.000   1.065 0.000   3.168 0.000 0.024 0.000 0.354 0.000000
137.291667 138.291667   24.30 0.000  0.90 0.000000 0.012 0.000000 9.99 0.259000 0.197 0.000000  0.895 0.000  1.253 0.000   7.035 0.000   2.864 0.000   4.172 0.000 0.029 0.000 0.422 0.000000
140.291667 141.291667   22.79 0.000  0.45 0.000000 9.999 0.259000 9.99 0.259000 0.012 0.000000  0.545 0.000  0.764 0.000   3.821 0.000   1.723 0.000   2.099 0.000 0.027 0.000 0.140 0.000000
144.291667 145.291667   89.69 0.000  0.66 0.000000 9.999 0.259000 9.99 0.259000 0.024 0.559000  0.759 0.000  1.062 0.000  14.851 0.000  10.860 0.000   3.991 0.000 0.041 0.000 0.241 0.559000
147.291667 148.291667   27.83 0.000  0.54 0.000000 0.013 0.000000 9.99 0.259000 0.015 0.000000  0.774 0.000  1.084 0.000   6.191 0.000   3.458 0.000   2.734 0.000 0.023 0.000 0.197 0.000000
151.291667 152.291667   13.09 0.000  0.54 0.000000 9.999 0.259000 9.99 0.259000 0.049 0.000000  0.460 0.000  0.644 0.000   2.869 0.000   1.194 0.000   1.675 0.000 0.012 0.000 0.099 0.000000
154.291667 155.291667   44.56 0.000  0.60 0.000000 9.999 0.259000 9.99 0.259000 0.041 0.000000  1.070 0.000  1.498 0.000  16.467 0.000  11.898 0.000   4.569 0.000 0.038 0.000 0.267 0.000000
158.291667 159.291667   68.46 0.000  0.36 0.000000 9.999 0.259000 9.99 0.259000 0.027 0.559000  1.440 0.000  2.017 0.000  15.843 0.000  10.189 0.000   5.654 0.000 0.048 0.000 0.346 0.559000
161.291667 162.291667   23.37 0.000 99.99 0.259000 9.999 0.259000 9.99 0.259000 0.018 0.559000  0.607 0.000  0.849 0.000   5.032 0.000   2.819 0.000   2.212 0.000 0.021 0.000 0.142 0.559000
165.291667 166.291667   28.34 0.000 99.99 0.259000 9.999 0.259000 9.99 0.259000 0.007 0.559000  0.256 0.000  0.358 0.000   4.657 0.000   2.155 0.000   2.502 0.000 0.016 0.000 0.170 0.559000
168.291667 169.291667 9999.99 0.456 99.99 0.456000 9.999 0.456000 9.99 0.456000 0.009 0.559000  0.317 0.000  0.444 0.000   2.828 0.000 999.999 0.999 999.999 0.456 9.999 0.456 0.197 0.559000
172.291667 173.291667   18.72 0.000  0.30 0.000000 9.999 0.259000 9.99 0.259000 0.020 0.699000  0.555 0.000  0.777 0.000   6.066 0.000   3.687 0.000   2.379 0.000 0.018 0.000 0.117 0.699000
175.291667 176.291667   20.72 0.559 99.99 0.559259 9.999 0.559259 9.99 0.559259 0.020 0.559000  1.149 0.000  1.609 0.000   6.819 0.000   2.613 0.000   4.206 0.559 0.020 0.559 0.320 0.559000
179.291667 180.291667 9999.99 0.999 99.99 0.999000 9.999 0.999000 9.99 0.999000 9.999 0.999000 99.999 0.999 99.999 0.999 999.999 0.999 999.999 0.999 999.999 0.999 9.999 0.999 9.999 0.999000
182.291667 183.291667 9999.99 0.999 99.99 0.999000 9.999 0.999000 9.99 0.999000 9.999 0.999000 99.999 0.999 99.999 0.999 999.999 0.999 999.999 0.999 999.999 0.999 9.999 0.999 9.999 0.999000
186.291667 187.291667   71.18 0.000  0.25 0.000000 9.999 0.259000 9.99 0.259000 0.052 0.699000  1.341 0.000  1.877 0.000  10.681 0.000   4.362 0.000   6.319 0.000 0.067 0.000 0.668 0.699000
189.291667 190.291667  187.65 0.559 99.99 0.559259 9.999 0.559259 9.99 0.559259 0.084 0.699000  1.937 0.000  2.712 0.000  20.793 0.000   9.833 0.000  10.960 0.559 0.106 0.559 0.831 0.699000
193.291667 194.291667   34.01 0.000 99.99 0.259000 9.999 0.259000 9.99 0.259000 0.024 0.699000  1.179 0.000  1.650 0.000   8.958 0.000   5.192 0.000   3.765 0.000 0.048 0.000 0.247 0.699000
196.291667 197.291667   41.87 0.000 99.99 0.259000 9.999 0.259000 9.99 0.259000 0.055 0.699000  5.921 0.000  8.290 0.000  18.902 0.000   6.773 0.000  12.129 0.000 0.137 0.000 0.382 0.699000
200.291667 201.291667   29.45 0.000 99.99 0.259000 9.999 0.259000 9.99 0.259000 0.015 0.559000  1.296 0.000  1.815 0.000   8.763 0.000   4.516 0.000   4.247 0.000 0.045 0.000 0.151 0.559000
203.291667 204.291667    2.90 0.000 99.99 0.259000 9.999 0.259000 9.99 0.259000 9.999 0.559259 99.999 0.259 99.999 0.259   0.289 0.000 999.999 0.259   0.403 0.000 9.999 0.259 9.999 0.559259
207.291667 208.291667 9999.99 0.999 99.99 0.999000 9.999 0.999000 9.99 0.999000 9.999 0.999000 99.999 0.999 99.999 0.999 999.999 0.999 999.999 0.999 999.999 0.999 9.999 0.999 9.999 0.999000
210.291667 211.291667 9999.99 0.999 99.99 0.999000 9.999 0.999000 9.99 0.999000 9.999 0.999000 99.999 0.999 99.999 0.999 999.999 0.999 999.999 0.999 999.999 0.999 9.999 0.999 9.999 0.999000
214.291667 215.291667   17.20 0.000 99.99 0.259000 9.999 0.259000 9.99 0.259000 0.017 0.559000  1.686 0.000  2.360 0.000   7.561 0.000   3.076 0.000   4.484 0.000 0.049 0.000 0.189 0.559000
217.291667 218.291667   41.32 0.559 99.99 0.559259 9.999 0.559259 9.99 0.559259 0.029 0.559000  5.950 0.000  8.330 0.000  18.203 0.000   4.053 0.000  14.151 0.559 0.133 0.559 0.286 0.559000
221.291667 222.291667   85.53 0.559  0.05 0.559000 9.999 0.559259 9.99 0.559259 0.070 0.699000  3.658 0.000  5.121 0.000  20.293 0.000   8.452 0.000  11.840 0.559 0.105 0.559 0.561 0.699000
224.291667 225.291667   46.06 0.559  0.14 0.559000 9.999 0.559259 9.99 0.559259 0.030 0.699000  3.688 0.000  5.164 0.000  14.180 0.000   5.286 0.000   8.894 0.559 0.094 0.559 0.282 0.699000
228.291667 229.291667   86.12 0.559  0.15 0.559000 9.999 0.559259 9.99 0.559259 0.087 0.699000  4.926 0.000  6.896 0.000  24.659 0.000  11.051 0.000  13.608 0.559 0.109 0.559 0.518 0.699000
231.291667 232.291667   58.22 0.559 99.99 0.559259 9.999 0.559259 9.99 0.559259 0.066 0.699000  5.316 0.000  7.442 0.000  22.081 0.000   8.473 0.000  13.608 0.559 0.132 0.559 0.349 0.699000
243.291667 244.291667 9999.99 0.999 99.99 0.999000 9.999 0.999000 9.99 0.999000 9.999 0.999000 99.999 0.999 99.999 0.999 999.999 0.999 999.999 0.999 999.999 0.999 9.999 0.999 9.999 0.999000
246.291667 247.291667   22.16 0.000 99.99 0.259000 9.999 0.259000 9.99 0.259000 0.021 0.000000  1.054 0.000  1.476 0.000   4.616 0.000   2.384 0.000   2.232 0.000 0.021 0.000 0.161 0.000000
249.291667 250.291667   26.80 0.000  0.42 0.000000 9.999 0.259000 9.99 0.259000 0.060 0.000000  1.945 0.000  2.723 0.000  11.360 0.000   5.630 0.000   5.730 0.000 0.089 0.000 0.519 0.000000
252.291667 253.291667   30.82 0.000  0.23 0.000000 9.999 0.259000 9.99 0.259000 0.025 0.000000  0.724 0.000  1.014 0.000   9.004 0.000   6.751 0.000   2.252 0.000 0.033 0.000 0.159 0.000000
255.291667 256.291667   30.03 0.000  0.25 0.000000 9.999 0.259000 9.99 0.259000 0.017 0.000000  0.733 0.000  1.026 0.000   8.259 0.000   5.862 0.000   2.397 0.000 0.026 0.000 0.167 0.000000
258.291667 259.291667   85.28 0.000  0.19 0.000000 9.999 0.259000 9.99 0.259000 0.031 0.000000  1.110 0.000  1.554 0.000  20.066 0.000  15.115 0.000   4.951 0.000 0.055 0.000 0.294 0.000000
261.291667 262.291667   75.36 0.000  0.33 0.000000 9.999 0.259000 9.99 0.259000 0.037 0.000000  1.731 0.000  2.424 0.000  18.264 0.000  11.289 0.000   6.975 0.000 0.077 0.000 0.400 0.000000
264.291667 265.291667   21.05 0.559  0.21 0.559000 9.999 0.559259 9.99 0.559259 0.033 0.000000  0.639 0.000  0.895 0.000   5.726 0.000   3.477 0.000   2.250 0.559 0.019 0.559 0.176 0.000000
267.291667 268.291667    6.67 0.000 99.99 0.259000 9.999 0.259000 9.99 0.259000 0.045 0.000000  0.754 0.000  1.056 0.000   3.945 0.000   0.805 0.000   3.139 0.000 0.020 0.000 0.354 0.000000
270.291667 271.291667 9999.99 0.999 99.99 0.999000 9.999 0.999000 9.99 0.999000 9.999 0.999000 99.999 0.999 99.999 0.999 999.999 0.999 999.999 0.999 999.999 0.999 9.999 0.999 9.999 0.999000
273.291667 274.291667   62.05 0.000  0.25 0.000000 9.999 0.259000 9.99 0.259000 0.023 0.000000  1.062 0.000  1.487 0.000   9.747 0.000   5.204 0.000   4.543 0.000 0.041 0.000 0.290 0.000000
276.291667 277.291667   30.02 0.559  0.73 0.559000 9.999 0.559259 9.99 0.559259 0.089 0.000000  0.707 0.000  0.989 0.000  11.083 0.000   7.210 0.000   3.873 0.559 0.028 0.559 0.414 0.000000
279.291667 280.291667   16.07 0.000  0.34 0.000000 9.999 0.259000 9.99 0.259000 0.036 0.000000  0.454 0.000  0.636 0.000   3.472 0.000   0.849 0.000   2.623 0.000 0.017 0.000 0.307 0.000000
282.291667 283.291667   23.51 0.559  0.31 0.559000 9.999 0.559259 9.99 0.559259 0.123 0.000000  0.592 0.000  0.829 0.000   6.860 0.000   3.224 0.000   3.636 0.559 0.024 0.559 0.381 0.000000
285.291667 286.291667   20.22 0.000  0.20 0.000000 9.999 0.259000 9.99 0.259000 0.034 0.000000  0.288 0.000  0.403 0.000   6.904 0.000   4.751 0.000   2.153 0.000 0.016 0.000 0.253 0.000000
288.291667 289.291667    8.61 0.000  0.21 0.000000 9.999 0.259000 9.99 0.259000 0.029 0.000000  0.552 0.000  0.772 0.000   2.655 0.000   0.973 0.000   1.683 0.000 0.019 0.000 0.193 0.000000
291.291667 292.291667 9999.99 0.999 99.99 0.999000 9.999 0.999000 9.99 0.999000 9.999 0.999000 99.999 0.999 99.999 0.999 999.999 0.999 999.999 0.999 999.999 0.999 9.999 0.999 9.999 0.999000
