scripts/IMPROVE-2019_partial/data/US4304R.20030103070000.20191216000000.filterpack..pm25.1y.1w.US03L_filterpack_US4304.US03L_IMPROVE_Davis.lev2.nas
66 1001
MISSING INFORMATION
US03L, IMPROVE, , , , , , , 
MISSING INFORMATION
IMPROVE sel_HTAP
1 1
2003 01 01 2019 12 16
3.000000
days from file reference point
27
1 1 1 1 1 1 1 1 1 1 1 1 1 1 1 1 1 1 1 1 1 1 1 1 1 1 1
999.999999 9999.99 9.999 99.99 9.999 9.999 9.999 9.99 9.999 9.999 9.999 99.999 9.999 99.999 9.999 999.99 9.999 999.999 9.999 999.999 9.999 999.999 9.999 9.999 9.999 9.999 9.999
end_time of measurement, days from the file reference point
iron, ng/m3, Revision date=20181210133000
numflag iron, no unit, Revision date=20181210133000
lead, ng/m3, Revision date=20181210133000
numflag lead, no unit, Revision date=20181210133000
magnesium, ug/m3, Revision date=20181210133000
numflag magnesium, no unit, Revision date=20181210133000
nickel, ng/m3, Revision date=20181210133000
numflag nickel, no unit, Revision date=20181210133000
nitrate, ug N/m3, Revision date=20181210133000
numflag nitrate, no unit, Revision date=20181210133000
organic_carbon, ug C/m3, Revision date=20181210133000
numflag organic_carbon, no unit, Revision date=20181210133000
organic_mass, ug/m3, Revision date=20181210133000
numflag organic_mass, no unit, Revision date=20181210133000
phosphorus, ng/m3, Revision date=20181210133000
numflag phosphorus, no unit, Revision date=20181210133000
pm10_mass, ug/m3, Version=2, Version description=Data extracted from http://views.cira.colostate.edu/fed/DataWizard 2019-12-16, Sample duration=1d, Orig. time res.=3d, Matrix=pm10, Blank correction=Blank corrected, Volume std. temperature=ambient, Volume std. pressure=ambient
numflag pm10_mass, no unit, Version=2, Version description=Data extracted from http://views.cira.colostate.edu/fed/DataWizard 2019-12-16, Sample duration=1d, Orig. time res.=3d, Matrix=pm10, Blank correction=Blank corrected, Volume std. temperature=ambient, Volume std. pressure=ambient
pm10_pm25_mass, ug/m3, Revision date=20181210133000, Matrix=pm10_pm25
numflag pm10_pm25_mass, no unit, Revision date=20181210133000, Matrix=pm10_pm25
pm25_mass, ug/m3, Version=2, Version description=Data extracted from http://views.cira.colostate.edu/fed/DataWizard 2019-12-16, Sample duration=1d, Orig. time res.=3d, Blank correction=Blank corrected, Volume std. temperature=ambient, Volume std. pressure=ambient
numflag pm25_mass, no unit, Version=2, Version description=Data extracted from http://views.cira.colostate.edu/fed/DataWizard 2019-12-16, Sample duration=1d, Orig. time res.=3d, Blank correction=Blank corrected, Volume std. temperature=ambient, Volume std. pressure=ambient
potassium, ug/m3, Revision date=20181210133000
numflag potassium, no unit, Revision date=20181210133000
sulphate_total, ug S/m3, Revision date=20181210133000
numflag sulphate_total, no unit, Revision date=20181210133000
0
25
Data definition:              EBAS_1.1
Set type code:                TU
Timezone:                     UTC
File name:                    US4304R.20030103070000.20191216000000.filterpack..pm25.1y.1w.US03L_filterpack_US4304.US03L_IMPROVE_Davis.lev2.nas
File creation:                20191218120435
Startdate:                    20030103070000
Revision date:                20191216000000
Statistics:                   arithmetic mean
Data level:                   2
Period code:                  1y
Resolution code:              1w
Station code:                 US4304R
Platform code:                US4304S
Station name:                 Wind Cave National Park-Elk Mountain
Station latitude:             43.5577
Station longitude:            -103.4835
Station altitude:             1311.0 m
Regime:                       IMG
Component:                    
Matrix:                       pm25
Laboratory code:              US03L
Instrument type:              filterpack
Instrument name:              filterpack_US4304
Method ref:                   US03L_IMPROVE_Davis
starttime endtime Fe flag_Fe Pb flag_Pb Mg++ flag_Mg++ Ni flag_Ni NO3- flag_NO3- OC flag_OC OM flag_OM P flag_P PM10 flag_PM10 PM10-PM2.5 flag_PM10-PM2.5 PM2.5 flag_PM2.5 K+ flag_K+ SO4-- flag_SO4--
  2.291667   3.291667    7.63 0.000  0.17 0.000 9.999 0.259 9.99 0.259 0.007 0.000  0.132 0.000  0.185 0.000 999.99 0.259   4.305 0.000   3.543 0.000   0.762 0.000 0.006 0.000 0.049 0.000
  5.291667   6.291667    3.66 0.000 99.99 0.259 9.999 0.259 9.99 0.259 0.029 0.559  0.645 0.000  0.902 0.000 999.99 0.259   2.178 0.000   0.928 0.000   1.249 0.000 0.005 0.000 0.082 0.559
  8.291667   9.291667   10.06 0.000  0.13 0.000 0.020 0.000 9.99 0.259 0.021 0.559  0.257 0.000  0.360 0.000 999.99 0.259   3.593 0.000   2.722 0.000   0.872 0.000 0.011 0.000 0.074 0.559
 11.291667  12.291667   10.32 0.000  0.24 0.000 0.021 0.000 9.99 0.259 0.029 0.559  0.446 0.000  0.624 0.000 999.99 0.259   2.826 0.000   1.315 0.000   1.511 0.000 0.008 0.000 0.174 0.559
 14.291667  15.291667   18.99 0.000  0.73 0.000 0.018 0.000 9.99 0.259 0.330 0.000  0.506 0.000  0.709 0.000 999.99 0.259   5.330 0.000   1.488 0.000   3.842 0.000 0.030 0.000 0.327 0.000
 17.291667  18.291667    2.70 0.000  0.43 0.000 0.029 0.000 9.99 0.259 0.018 0.000  0.220 0.000  0.308 0.000 999.99 0.259   1.373 0.000   0.604 0.000   0.768 0.000 0.005 0.000 0.085 0.000
 20.291667  21.291667    4.82 0.000  0.96 0.000 9.999 0.259 0.04 0.000 0.316 0.000  0.483 0.000  0.677 0.000 999.99 0.259   5.526 0.000   0.935 0.000   4.591 0.000 0.023 0.000 0.608 0.000
 23.291667  24.291667    2.80 0.000  0.48 0.000 9.999 0.259 0.04 0.000 0.059 0.559  2.040 0.000  2.856 0.000 999.99 0.259   3.957 0.000   0.267 0.000   3.690 0.000 0.038 0.000 0.084 0.559
 26.291667  27.291667    4.32 0.000  0.81 0.000 0.020 0.000 9.99 0.259 0.020 0.559  0.680 0.000  0.952 0.000 999.99 0.259   2.826 0.000   1.170 0.000   1.656 0.000 0.014 0.000 0.139 0.559
 29.291667  30.291667    4.13 0.000  0.49 0.000 9.999 0.259 9.99 0.259 0.008 0.000  0.313 0.000  0.438 0.000   6.75 0.000   2.982 0.000   1.998 0.000   0.984 0.000 0.006 0.000 0.056 0.000
 32.291667  33.291667    1.23 0.000 99.99 0.259 0.024 0.000 9.99 0.259 0.070 0.000  0.206 0.000  0.289 0.000 999.99 0.259   2.067 0.000   0.375 0.000   1.692 0.000 0.006 0.000 0.229 0.000
 35.291667  36.291667   11.06 0.000  0.23 0.000 9.999 0.259 9.99 0.259 0.082 0.559  0.549 0.000  0.769 0.000 999.99 0.259   2.876 0.000   0.542 0.000   2.335 0.000 0.012 0.000 0.233 0.559
 38.291667  39.291667    3.32 0.000  0.31 0.000 9.999 0.259 9.99 0.259 0.078 0.559  0.306 0.000  0.428 0.000 999.99 0.259   1.871 0.000   0.523 0.000   1.348 0.000 0.007 0.000 0.193 0.559
 41.291667  42.291667    7.38 0.000  0.25 0.000 0.020 0.000 9.99 0.259 0.032 0.559  0.366 0.000  0.512 0.000 999.99 0.259 999.999 0.456 999.999 0.999   1.451 0.000 0.012 0.000 0.159 0.559
 44.291667  45.291667    9.51 0.000  0.93 0.000 9.999 0.259 9.99 0.259 0.745 0.000  0.812 0.000  1.137 0.000 999.99 0.259 999.999 0.456 999.999 0.999   7.153 0.000 0.021 0.000 0.537 0.000
 47.291667  48.291667    3.67 0.000  0.19 0.000 0.048 0.000 9.99 0.259 0.004 0.559  0.162 0.000  0.226 0.000 999.99 0.259 999.999 0.456 999.999 0.999   0.423 0.000 0.006 0.000 0.052 0.559
 50.291667  51.291667    8.47 0.000 99.99 0.259 0.040 0.000 9.99 0.259 0.041 0.559  0.344 0.000  0.482 0.000 999.99 0.259   2.655 0.000   1.296 0.000   1.359 0.000 0.009 0.000 0.108 0.559
 53.291667  54.291667    8.95 0.000  1.77 0.000 0.031 0.000 9.99 0.259 0.123 0.559  0.881 0.000  1.234 0.000 999.99 0.259   3.998 0.000   0.436 0.000   3.562 0.000 0.019 0.000 0.405 0.559
 56.291667  57.291667    7.09 0.000  0.44 0.000 9.999 0.259 0.05 0.000 0.074 0.000  0.389 0.000  0.545 0.000 999.99 0.259   2.424 0.000   0.881 0.000   1.543 0.000 0.014 0.000 0.112 0.000
 59.291667  60.291667   14.69 0.000  0.57 0.000 9.999 0.259 9.99 0.259 0.231 0.000  1.109 0.000  1.552 0.000 999.99 0.259   6.570 0.000   1.724 0.000   4.846 0.000 0.026 0.000 0.602 0.000
 62.291667  63.291667   13.45 0.000  1.76 0.000 0.021 0.000 9.99 0.259 0.089 0.000  1.240 0.000  1.736 0.000 999.99 0.259   7.186 0.000   1.535 0.000   5.651 0.000 0.036 0.000 0.772 0.000
 65.291667  66.291667   31.08 0.000  1.48 0.000 9.999 0.259 9.99 0.259 0.230 0.559  0.553 0.000  0.774 0.000 999.99 0.259   7.766 0.000   3.523 0.000   4.244 0.000 0.038 0.000 0.476 0.559
 68.291667  69.291667   11.99 0.000  0.92 0.000 9.999 0.259 9.99 0.259 0.272 0.000  0.368 0.000  0.515 0.000 999.99 0.259   4.109 0.000   1.726 0.000   2.384 0.000 0.017 0.000 0.318 0.000
 71.291667  72.291667   47.79 0.000  0.68 0.000 9.999 0.259 9.99 0.259 0.044 0.000  0.363 0.000  0.509 0.000 999.99 0.259   5.523 0.000   3.218 0.000   2.305 0.000 0.034 0.000 0.160 0.000
 74.291667  75.291667   63.43 0.000  0.70 0.000 9.999 0.259 9.99 0.259 0.068 0.559  0.567 0.000  0.794 0.000 999.99 0.259   9.763 0.000   6.897 0.000   2.866 0.000 0.052 0.000 0.200 0.559
 77.291667  78.291667    2.35 0.000  1.94 0.000 9.999 0.259 9.99 0.259 0.115 0.000  0.274 0.000  0.384 0.000 999.99 0.259   0.980 0.000   0.368 0.000   0.613 0.000 0.007 0.000 0.097 0.000
 80.291667  81.291667   16.27 0.000  0.32 0.000 9.999 0.259 9.99 0.259 0.041 0.559  0.406 0.000  0.568 0.000 999.99 0.259   3.164 0.000   1.472 0.000   1.692 0.000 0.015 0.000 0.143 0.559
 83.291667  84.291667   16.13 0.000  0.41 0.000 0.029 0.000 9.99 0.259 0.039 0.000  0.301 0.000  0.421 0.000 999.99 0.259   3.276 0.000   2.050 0.000   1.226 0.000 0.013 0.000 0.111 0.000
 86.291667  87.291667   11.52 0.000  0.25 0.000 9.999 0.259 9.99 0.259 0.039 0.000  0.117 0.000  0.163 0.000 999.99 0.259   3.332 0.000   1.662 0.000   1.670 0.000 0.011 0.000 0.276 0.000
 89.291667  90.291667   16.41 0.000  0.29 0.000 0.069 0.000 9.99 0.259 0.023 0.000  0.604 0.000  0.846 0.000 999.99 0.259   3.171 0.000   2.277 0.000   0.894 0.000 0.014 0.000 0.094 0.000
 92.291667  93.291667   39.56 0.000  1.05 0.000 9.999 0.259 0.14 0.000 0.397 0.559  0.666 0.000  0.932 0.000 999.99 0.259  10.049 0.000   5.230 0.000   4.819 0.000 0.034 0.000 0.530 0.559
 95.291667  96.291667    4.37 0.000  1.38 0.000 9.999 0.259 9.99 0.259 0.411 0.000  0.353 0.000  0.494 0.000 999.99 0.259   4.117 0.000   0.378 0.000   3.739 0.000 0.012 0.000 0.410 0.000
 98.291667  99.291667   33.51 0.000  0.40 0.000 9.999 0.259 9.99 0.259 0.018 0.000  0.287 0.000  0.402 0.000 999.99 0.259   3.755 0.000   1.872 0.000   1.883 0.000 0.019 0.000 0.156 0.000
101.291667 102.291667   73.51 0.000  1.38 0.000 0.034 0.000 0.10 0.000 0.089 0.000  0.740 0.000  1.037 0.000 999.99 0.259  11.046 0.000   6.494 0.000   4.552 0.000 0.053 0.000 0.342 0.000
104.291667 105.291667   79.34 0.000  1.64 0.000 9.999 0.259 0.05 0.000 0.159 0.000  1.710 0.000  2.394 0.000 999.99 0.259  22.400 0.000  15.449 0.000   6.951 0.000 0.085 0.000 0.394 0.000
107.291667 108.291667    7.56 0.000  0.20 0.000 9.999 0.259 0.09 0.000 0.169 0.559  0.371 0.000  0.520 0.000 999.99 0.259   1.920 0.000   0.911 0.000   1.009 0.000 0.012 0.000 0.069 0.559
110.291667 111.291667   28.01 0.000  0.66 0.000 9.999 0.259 9.99 0.259 0.050 0.000  0.382 0.000  0.535 0.000 999.99 0.259   5.301 0.000   2.325 0.000   2.976 0.000 0.023 0.000 0.387 0.000
113.291667 114.291667   14.68 0.000  0.67 0.000 9.999 0.259 9.99 0.259 0.081 0.000  0.479 0.000  0.671 0.000 999.99 0.259   3.268 0.000   1.288 0.000   1.980 0.000 0.017 0.000 0.204 0.000
116.291667 117.291667   16.55 0.000  0.36 0.000 9.999 0.259 9.99 0.259 0.009 0.000  0.272 0.000  0.380 0.000 999.99 0.259   2.941 0.000   1.823 0.000   1.118 0.000 0.011 0.000 0.084 0.000
119.291667 120.291667    2.50 0.000  0.42 0.000 9.999 0.259 0.08 0.000 0.146 0.559  0.309 0.000  0.432 0.000 999.99 0.259   1.266 0.000   0.295 0.000   0.971 0.000 0.007 0.000 0.102 0.559
122.291667 123.291667   33.62 0.000  0.67 0.000 9.999 0.259 9.99 0.259 0.181 0.559  0.604 0.000  0.845 0.000 999.99 0.259   5.547 0.000   2.546 0.000   3.001 0.000 0.029 0.000 0.299 0.559
125.291667 126.291667    6.41 0.000  0.39 0.000 9.999 0.259 9.99 0.259 0.013 0.559  0.303 0.000  0.424 0.000 999.99 0.259   2.064 0.000   0.577 0.000   1.487 0.000 0.007 0.000 0.178 0.559
128.291667 129.291667    2.12 0.000  0.20 0.000 9.999 0.259 0.07 0.000 0.009 0.000  0.303 0.000  0.424 0.000 999.99 0.259   1.838 0.000   0.720 0.000   1.118 0.000 0.002 0.000 0.159 0.000
131.291667 132.291667   14.67 0.000  0.41 0.000 9.999 0.259 9.99 0.259 0.016 0.559  0.463 0.000  0.649 0.000 999.99 0.259   4.464 0.000   1.769 0.000   2.696 0.000 0.019 0.000 0.297 0.559
134.291667 135.291667   34.30 0.000  1.22 0.000 9.999 0.259 0.06 0.000 0.066 0.559  1.101 0.000  1.542 0.000 999.99 0.259  10.497 0.000   5.710 0.000   4.787 0.000 0.037 0.000 0.396 0.559
137.291667 138.291667   21.83 0.000  0.96 0.000 9.999 0.259 9.99 0.259 0.047 0.559  0.802 0.000  1.123 0.000 999.99 0.259   5.882 0.000   2.293 0.000   3.590 0.000 0.025 0.000 0.393 0.559
140.291667 141.291667   18.87 0.000  0.41 0.000 9.999 0.259 9.99 0.259 0.031 0.000  0.705 0.000  0.987 0.000 999.99 0.259   7.472 0.000   4.177 0.000   3.296 0.000 0.023 0.000 0.305 0.000
143.291667 144.291667   26.25 0.000  0.64 0.000 9.999 0.259 9.99 0.259 0.020 0.559  0.705 0.000  0.987 0.000 999.99 0.259   8.864 0.000   5.901 0.000   2.964 0.000 0.025 0.000 0.216 0.559
146.291667 147.291667   26.38 0.000  0.56 0.000 9.999 0.259 9.99 0.259 0.050 0.000  1.197 0.000  1.676 0.000 999.99 0.259   9.533 0.000   4.600 0.000   4.933 0.000 0.024 0.000 0.483 0.000
149.291667 150.291667   56.40 0.000  0.67 0.000 9.999 0.259 9.99 0.259 0.020 0.559  1.724 0.000  2.414 0.000 999.99 0.259  16.998 0.000  11.541 0.000   5.456 0.000 0.050 0.000 0.217 0.559
152.291667 153.291667   19.86 0.000  0.40 0.000 9.999 0.259 9.99 0.259 0.023 0.559  1.289 0.000  1.804 0.000 999.99 0.259   6.740 0.000   2.990 0.000   3.751 0.000 0.021 0.000 0.199 0.559
155.291667 156.291667    6.39 0.000  0.15 0.000 9.999 0.259 9.99 0.259 0.010 0.000  0.444 0.000  0.622 0.000 999.99 0.259   2.761 0.000   1.320 0.000   1.442 0.000 0.007 0.000 0.126 0.000
158.291667 159.291667    4.43 0.000 99.99 0.259 0.035 0.000 9.99 0.259 0.014 0.000  0.550 0.000  0.770 0.000 999.99 0.259   2.900 0.000   1.009 0.000   1.891 0.000 0.007 0.000 0.131 0.000
161.291667 162.291667   18.42 0.000  0.67 0.000 9.999 0.259 9.99 0.259 0.032 0.000  0.957 0.000  1.339 0.000 999.99 0.259   8.115 0.000   4.761 0.000   3.354 0.000 0.016 0.000 0.263 0.000
164.291667 165.291667   14.84 0.000 99.99 0.259 9.999 0.259 9.99 0.259 0.026 0.559  0.773 0.000  1.083 0.000 999.99 0.259   5.637 0.000   2.619 0.000   3.018 0.000 0.017 0.000 0.262 0.559
167.291667 168.291667   18.84 0.000 99.99 0.259 9.999 0.259 0.07 0.000 0.027 0.559  1.402 0.000  1.962 0.000 999.99 0.259   8.119 0.000   3.407 0.000   4.712 0.000 0.024 0.000 0.408 0.559
170.291667 171.291667 9999.99 0.999 99.99 0.999 9.999 0.999 9.99 0.999 9.999 0.999 99.999 0.999 99.999 0.999 999.99 0.999 999.999 0.999 999.999 0.999 999.999 0.999 9.999 0.999 9.999 0.999
173.291667 174.291667 9999.99 0.999 99.99 0.999 9.999 0.999 9.99 0.999 9.999 0.999 99.999 0.999 99.999 0.999 999.99 0.999 999.999 0.999 999.999 0.999 999.999 0.999 9.999 0.999 9.999 0.999
176.291667 177.291667    8.22 0.000 99.99 0.259 9.999 0.259 0.17 0.000 0.008 0.000  1.039 0.000  1.454 0.000 999.99 0.259   6.118 0.000   3.364 0.000   2.753 0.000 0.010 0.000 0.190 0.000
179.291667 180.291667   12.45 0.000 99.99 0.259 0.054 0.000 9.99 0.259 0.019 0.000  1.111 0.000  1.555 0.000 999.99 0.259   6.903 0.000   3.721 0.000   3.182 0.000 0.017 0.000 0.210 0.000
182.291667 183.291667   60.35 0.000  0.43 0.000 9.999 0.259 0.12 0.000 0.029 0.000  1.626 0.000  2.277 0.000 999.99 0.259  15.114 0.000   9.682 0.000   5.432 0.000 0.064 0.000 0.278 0.000
185.291667 186.291667   35.64 0.000  0.65 0.000 9.999 0.259 9.99 0.259 0.058 0.000  1.119 0.000  1.566 0.000 999.99 0.259  12.309 0.000   7.184 0.000   5.125 0.000 0.050 0.000 0.493 0.000
188.291667 189.291667   53.53 0.000  1.93 0.000 9.999 0.259 0.62 0.000 0.032 0.000  1.382 0.000  1.935 0.000 999.99 0.259  16.836 0.000  11.932 0.000   4.904 0.000 0.038 0.000 0.261 0.000
191.291667 192.291667   34.74 0.000  0.33 0.000 9.999 0.259 0.11 0.000 0.014 0.000  1.158 0.000  1.622 0.000 999.99 0.259  12.306 0.000   8.713 0.000   3.593 0.000 0.020 0.000 0.188 0.000
194.291667 195.291667   48.14 0.000  0.24 0.000 9.999 0.259 0.08 0.000 0.019 0.000  1.657 0.000  2.320 0.000 999.99 0.259  14.922 0.000   9.501 0.000   5.421 0.000 0.040 0.000 0.257 0.000
197.291667 198.291667  158.19 0.000  0.55 0.000 9.999 0.259 0.10 0.000 0.081 0.000  2.927 0.000  4.098 0.000 999.99 0.259  29.248 0.000  16.761 0.000  12.488 0.000 0.137 0.000 0.811 0.000
200.291667 201.291667   54.54 0.000  0.57 0.000 9.999 0.259 0.07 0.000 0.027 0.559  2.086 0.000  2.921 0.000 999.99 0.259  14.385 0.000   7.622 0.000   6.763 0.000 0.055 0.000 0.440 0.559
203.291667 204.291667   64.91 0.000  0.57 0.000 9.999 0.259 0.06 0.000 0.032 0.559  2.310 0.000  3.234 0.000 999.99 0.259  19.935 0.000  12.164 0.000   7.770 0.000 0.066 0.000 0.415 0.559
206.291667 207.291667   70.51 0.000  0.35 0.000 9.999 0.259 9.99 0.259 0.028 0.559  3.713 0.000  5.198 0.000 999.99 0.259  16.176 0.000   6.804 0.000   9.372 0.000 0.072 0.000 0.335 0.559
209.291667 210.291667   48.37 0.000  0.52 0.000 9.999 0.259 9.99 0.259 0.029 0.559  3.929 0.000  5.500 0.000 999.99 0.259  16.499 0.000   6.547 0.000   9.952 0.000 0.071 0.000 0.331 0.559
212.291667 213.291667   51.93 0.000  0.43 0.000 9.999 0.259 0.07 0.000 0.017 0.559  2.036 0.000  2.850 0.000 999.99 0.259  14.053 0.000   6.987 0.000   7.066 0.000 0.037 0.000 0.389 0.559
215.291667 216.291667   29.97 0.000  0.37 0.000 9.999 0.259 9.99 0.259 0.021 0.559  2.284 0.000  3.198 0.000 999.99 0.259   8.876 0.000   3.130 0.000   5.746 0.000 0.052 0.000 0.233 0.559
218.291667 219.291667   91.63 0.000  0.60 0.000 9.999 0.259 0.21 0.000 0.047 0.559  1.820 0.000  2.549 0.000 999.99 0.259  16.054 0.000   8.409 0.000   7.645 0.000 0.072 0.000 0.427 0.559
221.291667 222.291667   29.47 0.000  0.45 0.000 9.999 0.259 0.05 0.000 0.020 0.559  1.081 0.000  1.514 0.000 999.99 0.259   7.441 0.000   3.347 0.000   4.094 0.000 0.033 0.000 0.309 0.559
224.291667 225.291667   59.45 0.000  0.62 0.000 9.999 0.259 0.09 0.000 0.032 0.000  1.258 0.000  1.762 0.000 999.99 0.259  22.631 0.000  15.504 0.000   7.127 0.000 0.055 0.000 0.686 0.000
227.291667 228.291667   44.65 0.000  0.36 0.000 9.999 0.259 9.99 0.259 0.017 0.000  0.896 0.000  1.255 0.000 999.99 0.259  15.129 0.000   8.858 0.000   6.271 0.000 0.036 0.000 0.744 0.000
230.291667 231.291667   19.57 0.000  0.14 0.000 9.999 0.259 9.99 0.259 0.019 0.000  4.066 0.000  5.693 0.000 999.99 0.259  12.748 0.000   3.329 0.000   9.419 0.000 0.064 0.000 0.266 0.000
233.291667 234.291667   63.82 0.000  0.45 0.000 9.999 0.259 9.99 0.259 0.024 0.000  4.717 0.000  6.604 0.000 999.99 0.259  21.285 0.000   9.649 0.000  11.636 0.000 0.094 0.000 0.320 0.000
236.291667 237.291667   29.62 0.000  0.33 0.000 9.999 0.259 0.06 0.000 0.014 0.000  1.651 0.000  2.312 0.000 999.99 0.259  10.251 0.000   5.187 0.000   5.064 0.000 0.034 0.000 0.257 0.000
239.291667 240.291667   49.43 0.000  0.55 0.000 9.999 0.259 0.08 0.000 0.027 0.000  5.903 0.000  8.264 0.000 999.99 0.259  17.898 0.000   4.944 0.000  12.955 0.000 0.093 0.000 0.210 0.000
242.291667 243.291667   18.84 0.000  0.73 0.000 9.999 0.259 9.99 0.259 0.121 0.559  1.897 0.000  2.656 0.000 999.99 0.259   8.200 0.000   2.286 0.000   5.913 0.000 0.033 0.000 0.351 0.559
245.291667 246.291667   54.99 0.000  0.32 0.000 9.999 0.259 0.08 0.000 0.019 0.000  2.070 0.000  2.898 0.000 999.99 0.259  19.552 0.000  13.396 0.000   6.156 0.000 0.038 0.000 0.264 0.000
248.291667 249.291667   41.93 0.000  0.47 0.000 9.999 0.259 0.06 0.000 0.039 0.000  4.859 0.000  6.803 0.000 999.99 0.259  18.030 0.000   5.909 0.000  12.121 0.000 0.094 0.000 0.353 0.000
251.291667 252.291667   19.39 0.000 99.99 0.259 9.999 0.259 9.99 0.259 0.019 0.000  0.728 0.000  1.019 0.000 999.99 0.259   4.983 0.000   2.572 0.000   2.411 0.000 0.020 0.000 0.142 0.000
254.291667 255.291667   14.42 0.000  0.27 0.000 9.999 0.259 9.99 0.259 0.010 0.000  0.621 0.000  0.870 0.000 999.99 0.259   3.968 0.000   1.976 0.000   1.993 0.000 0.008 0.000 0.114 0.000
