scripts/IMPROVE-2019_partial/data/US4304R.20050101070000.20191216000000.filterpack..pm25.52w.1w.US03L_filterpack_US4304.US03L_IMPROVE_Davis.lev2.nas
64 1001
MISSING INFORMATION
US03L, IMPROVE, , , , , , , 
MISSING INFORMATION
IMPROVE sel_HTAP
1 1
2005 01 01 2019 12 16
3.000000
days from file reference point
25
1 1 1 1 1 1 1 1 1 1 1 1 1 1 1 1 1 1 1 1 1 1 1 1 1
999.999999 9999.99 9.999 99.99 9.999 9.999 9.999 9.99 9.999 9.999 9.999 999.999 9.999 999.999 9.999 999.999 9.999 999.999 9.999 999.999 9.999 9.999 9.999 9.999 9.999
end_time of measurement, days from the file reference point
iron, ng/m3, Revision date=20181210133000
numflag iron, no unit, Revision date=20181210133000
lead, ng/m3, Revision date=20181210133000
numflag lead, no unit, Revision date=20181210133000
magnesium, ug/m3, Revision date=20181210133000
numflag magnesium, no unit, Revision date=20181210133000
nickel, ng/m3, Revision date=20181210133000
numflag nickel, no unit, Revision date=20181210133000
nitrate, ug N/m3, Revision date=20181210133000
numflag nitrate, no unit, Revision date=20181210133000
organic_carbon, ug C/m3, Revision date=20181210133000
numflag organic_carbon, no unit, Revision date=20181210133000
organic_mass, ug/m3, Revision date=20181210133000
numflag organic_mass, no unit, Revision date=20181210133000
pm10_mass, ug/m3, Version=2, Version description=Data extracted from http://views.cira.colostate.edu/fed/DataWizard 2019-12-16, Sample duration=1d, Orig. time res.=3d, Matrix=pm10, Blank correction=Blank corrected, Volume std. temperature=ambient, Volume std. pressure=ambient
numflag pm10_mass, no unit, Version=2, Version description=Data extracted from http://views.cira.colostate.edu/fed/DataWizard 2019-12-16, Sample duration=1d, Orig. time res.=3d, Matrix=pm10, Blank correction=Blank corrected, Volume std. temperature=ambient, Volume std. pressure=ambient
pm10_pm25_mass, ug/m3, Revision date=20181210133000, Matrix=pm10_pm25
numflag pm10_pm25_mass, no unit, Revision date=20181210133000, Matrix=pm10_pm25
pm25_mass, ug/m3, Version=2, Version description=Data extracted from http://views.cira.colostate.edu/fed/DataWizard 2019-12-16, Sample duration=1d, Orig. time res.=3d, Blank correction=Blank corrected, Volume std. temperature=ambient, Volume std. pressure=ambient
numflag pm25_mass, no unit, Version=2, Version description=Data extracted from http://views.cira.colostate.edu/fed/DataWizard 2019-12-16, Sample duration=1d, Orig. time res.=3d, Blank correction=Blank corrected, Volume std. temperature=ambient, Volume std. pressure=ambient
potassium, ug/m3, Revision date=20181210133000
numflag potassium, no unit, Revision date=20181210133000
sulphate_total, ug S/m3, Revision date=20181210133000
numflag sulphate_total, no unit, Revision date=20181210133000
0
25
Data definition:              EBAS_1.1
Set type code:                TU
Timezone:                     UTC
File name:                    US4304R.20050101070000.20191216000000.filterpack..pm25.52w.1w.US03L_filterpack_US4304.US03L_IMPROVE_Davis.lev2.nas
File creation:                20191218120435
Startdate:                    20050101070000
Revision date:                20191216000000
Statistics:                   arithmetic mean
Data level:                   2
Period code:                  52w
Resolution code:              1w
Station code:                 US4304R
Platform code:                US4304S
Station name:                 Wind Cave National Park-Elk Mountain
Station latitude:             43.5577
Station longitude:            -103.4835
Station altitude:             1311.0 m
Regime:                       IMG
Component:                    
Matrix:                       pm25
Laboratory code:              US03L
Instrument type:              filterpack
Instrument name:              filterpack_US4304
Method ref:                   US03L_IMPROVE_Davis
starttime endtime Fe flag_Fe Pb flag_Pb Mg++ flag_Mg++ Ni flag_Ni NO3- flag_NO3- OC flag_OC OM flag_OM PM10 flag_PM10 PM10-PM2.5 flag_PM10-PM2.5 PM2.5 flag_PM2.5 K+ flag_K+ SO4-- flag_SO4--
  0.291667   1.291667   18.92 0.000  1.22 0.000 0.011 0.000 9.99 0.259 0.244 0.000   0.388 0.000   0.698 0.000   6.418 0.000   2.619 0.000   3.799 0.000 0.040 0.000 0.384 0.000
  3.291667   4.291667   12.09 0.000  1.65 0.000 9.999 0.259 0.18 0.000 0.204 0.000   0.824 0.000   1.484 0.000   5.889 0.000   2.250 0.000   3.664 0.000 0.033 0.000 0.335 0.000
  6.291667   7.291667   15.15 0.000  0.78 0.000 9.999 0.259 9.99 0.259 0.097 0.000   1.407 0.000   2.533 0.000   6.669 0.000   2.259 0.000   4.410 0.000 0.040 0.000 0.394 0.000
  9.291667  10.291667   14.52 0.000  1.12 0.000 9.999 0.259 9.99 0.259 0.161 0.000   0.911 0.000   1.640 0.000   7.361 0.000   3.115 0.000   4.245 0.000 0.038 0.000 0.364 0.000
 12.291667  13.291667   40.91 0.000  0.68 0.000 9.999 0.259 9.99 0.259 0.292 0.000   0.874 0.000   1.574 0.000   6.755 0.000   1.897 0.000   4.858 0.000 0.045 0.000 0.292 0.000
 15.291667  16.291667    6.73 0.000  0.51 0.000 9.999 0.259 9.99 0.259 0.084 0.559   0.504 0.559   0.907 0.559   2.027 0.000   0.447 0.000   1.580 0.000 0.027 0.000 0.110 0.559
 18.291667  19.291667    7.17 0.000  0.16 0.000 0.008 0.000 9.99 0.259 0.014 0.559   0.339 0.000   0.610 0.000   2.217 0.000   1.191 0.000   1.026 0.000 0.009 0.000 0.053 0.559
 21.291667  22.291667    8.94 0.000  0.43 0.000 9.999 0.259 0.18 0.000 0.190 0.559   0.496 0.000   0.893 0.000   4.771 0.000   0.699 0.000   4.072 0.000 0.027 0.000 0.538 0.559
 24.291667  25.291667    8.62 0.000  0.37 0.000 9.999 0.259 9.99 0.259 0.008 0.559   0.262 0.000   0.472 0.000   1.726 0.000   0.971 0.000   0.767 0.000 0.009 0.000 0.046 0.559
 27.291667  28.291667   15.20 0.000  0.36 0.000 9.999 0.259 9.99 0.259 0.371 0.559   0.663 0.000   1.193 0.000   4.969 0.000   1.407 0.000   3.561 0.000 0.017 0.000 0.371 0.559
 30.291667  31.291667    3.44 0.000  0.66 0.000 9.999 0.259 9.99 0.259 0.019 0.559   0.205 0.000   0.369 0.000   1.469 0.000   0.353 0.000   1.115 0.000 0.006 0.000 0.098 0.559
 33.291667  34.291667   15.10 0.000  0.72 0.000 9.999 0.259 9.99 0.259 0.011 0.559   0.193 0.000   0.347 0.000   3.408 0.000   2.263 0.000   1.145 0.000 0.012 0.000 0.088 0.559
 36.291667  37.291667    6.39 0.000  0.44 0.000 0.006 0.000 0.14 0.000 0.326 0.000   0.308 0.000   0.554 0.000   3.643 0.000   1.299 0.000   2.344 0.000 0.013 0.000 0.295 0.000
 39.291667  40.291667   11.87 0.000  0.53 0.000 9.999 0.259 9.99 0.259 0.058 0.000   0.372 0.000   0.670 0.000   2.369 0.000   0.770 0.000   1.598 0.000 0.012 0.000 0.146 0.000
 42.291667  43.291667   37.57 0.000  0.25 0.000 9.999 0.259 9.99 0.259 0.023 0.559   0.171 0.000   0.307 0.000   3.462 0.000   1.864 0.000   1.597 0.000 0.020 0.000 0.097 0.559
 45.291667  46.291667    8.41 0.000  0.33 0.000 9.999 0.259 0.16 0.000 0.058 0.000   0.102 0.000   0.183 0.000   1.959 0.000   0.673 0.000   1.294 0.000 0.007 0.000 0.153 0.000
 48.291667  49.291667   21.30 0.000  0.46 0.000 9.999 0.259 0.09 0.000 0.113 0.000   0.207 0.000   0.373 0.000   4.510 0.000   2.917 0.000   1.592 0.000 0.016 0.000 0.114 0.000
 51.291667  52.291667   29.58 0.000  1.03 0.000 9.999 0.259 0.11 0.000 0.772 0.559   0.538 0.000   0.969 0.000  10.450 0.000   4.228 0.000   6.221 0.000 0.033 0.000 0.509 0.559
 54.291667  55.291667   21.32 0.000  0.68 0.000 9.999 0.259 9.99 0.259 0.017 0.000   0.221 0.000   0.398 0.000   2.922 0.000   1.572 0.000   1.349 0.000 0.015 0.000 0.075 0.000
 57.291667  58.291667   22.77 0.000  0.83 0.000 9.999 0.259 9.99 0.259 0.120 0.000   0.486 0.000   0.874 0.000   4.608 0.000   2.467 0.000   2.141 0.000 0.023 0.000 0.151 0.000
 60.291667  61.291667   43.77 0.000  0.54 0.000 0.016 0.000 0.25 0.000 0.018 0.000   0.159 0.000   0.287 0.000   5.340 0.000   3.655 0.000   1.685 0.000 0.033 0.000 0.095 0.000
 63.291667  64.291667   37.29 0.000  1.28 0.000 9.999 0.259 9.99 0.259 0.054 0.559   0.334 0.000   0.602 0.000   6.560 0.000   3.983 0.000   2.577 0.000 0.027 0.000 0.243 0.559
 66.291667  67.291667   14.76 0.000  0.93 0.000 9.999 0.259 9.99 0.259 0.021 0.000   0.132 0.000   0.237 0.000   3.594 0.000   2.417 0.000   1.212 0.000 0.012 0.000 0.110 0.000
 69.291667  70.291667   49.52 0.000  0.72 0.000 0.015 0.000 9.99 0.259 0.014 0.000   0.029 0.000   0.053 0.000   3.862 0.000   2.087 0.000   1.774 0.000 0.024 0.000 0.070 0.000
 72.291667  73.291667    8.91 0.000  0.83 0.000 9.999 0.259 9.99 0.259 0.021 0.559 999.999 0.259 999.999 0.259   2.733 0.000   1.635 0.000   1.098 0.000 0.008 0.000 0.097 0.559
 75.291667  76.291667   55.24 0.000  1.45 0.000 9.999 0.259 9.99 0.259 0.350 0.000   0.562 0.000   1.012 0.000  12.796 0.000   7.971 0.000   4.824 0.000 0.041 0.000 0.333 0.000
 78.291667  79.291667   31.74 0.000  2.64 0.000 9.999 0.259 0.19 0.000 0.847 0.000   1.291 0.000   2.323 0.000  14.552 0.000   5.322 0.000   9.227 0.000 0.049 0.000 0.735 0.000
 81.291667  82.291667   11.02 0.000  1.67 0.000 9.999 0.259 9.99 0.259 0.676 0.000   0.558 0.000   1.004 0.000   6.617 0.000   1.080 0.000   5.535 0.000 0.021 0.000 0.664 0.000
 84.291667  85.291667    6.15 0.000  1.46 0.000 9.999 0.259 9.99 0.259 0.098 0.000   0.446 0.000   0.802 0.000   2.732 0.000   0.379 0.000   2.352 0.000 0.009 0.000 0.298 0.000
 87.291667  88.291667   31.33 0.000  0.79 0.000 9.999 0.259 9.99 0.259 0.015 0.000   0.251 0.000   0.451 0.000   2.339 0.000   1.097 0.000   1.256 0.000 0.006 0.000 0.125 0.000
 90.291667  91.291667   35.23 0.000  0.92 0.000 0.012 0.000 0.19 0.000 0.017 0.000   0.139 0.000   0.250 0.000   3.545 0.000   1.518 0.000   2.026 0.000 0.023 0.000 0.194 0.000
 93.291667  94.291667   74.95 0.000  1.40 0.000 0.021 0.000 0.14 0.000 0.035 0.000   0.354 0.000   0.638 0.000   7.402 0.000   4.015 0.000   3.386 0.000 0.043 0.000 0.215 0.000
 96.291667  97.291667   92.61 0.000  2.72 0.000 0.020 0.000 0.14 0.000 0.040 0.000   0.291 0.000   0.525 0.000   7.375 0.000   2.647 0.000   4.726 0.000 0.067 0.000 0.465 0.000
 99.291667 100.291667   12.40 0.000  0.21 0.000 0.007 0.000 9.99 0.259 0.010 0.000   0.082 0.000   0.147 0.000   1.919 0.000   0.421 0.000   1.497 0.000 0.009 0.000 0.224 0.000
102.291667 103.291667  128.85 0.000  0.91 0.000 0.027 0.000 0.31 0.000 0.067 0.000   0.243 0.000   0.437 0.000   5.494 0.000   0.611 0.000   4.882 0.000 0.073 0.000 0.250 0.000
105.291667 106.291667  137.63 0.000  0.86 0.000 0.025 0.000 0.38 0.000 0.040 0.000   0.346 0.000   0.624 0.000   8.546 0.000   2.826 0.000   5.718 0.000 0.081 0.000 0.266 0.000
108.291667 109.291667   62.49 0.000  1.39 0.000 0.011 0.000 0.16 0.000 0.117 0.000   1.122 0.000   2.019 0.000   9.559 0.000   4.252 0.000   5.366 0.000 0.055 0.000 0.553 0.000
111.291667 112.291667   44.77 0.000  0.79 0.000 9.999 0.259 9.99 0.259 0.082 0.000   0.872 0.000   1.570 0.000   9.104 0.000   4.244 0.000   4.859 0.000 0.058 0.000 0.443 0.000
114.291667 115.291667   42.52 0.000  1.16 0.000 9.999 0.259 9.99 0.259 0.056 0.000   0.474 0.000   0.853 0.000   7.637 0.000   4.491 0.000   3.146 0.000 0.052 0.000 0.276 0.000
117.291667 118.291667    9.00 0.000  0.27 0.000 0.012 0.000 9.99 0.259 0.058 0.000   0.293 0.000   0.527 0.000   2.040 0.000   0.909 0.000   1.130 0.000 0.012 0.000 0.159 0.000
120.291667 121.291667    5.36 0.000  0.21 0.000 9.999 0.259 9.99 0.259 0.026 0.000   0.032 0.000   0.058 0.000   1.855 0.000   0.709 0.000   1.146 0.000 0.005 0.000 0.230 0.000
123.291667 124.291667   29.51 0.000  0.70 0.000 9.999 0.259 9.99 0.259 0.064 0.000   0.443 0.000   0.797 0.000   6.037 0.000   2.751 0.000   3.285 0.000 0.020 0.000 0.437 0.000
126.291667 127.291667   36.69 0.000  0.69 0.000 9.999 0.259 0.16 0.000 0.019 0.000   0.375 0.000   0.675 0.000   4.049 0.000   1.605 0.000   2.444 0.000 0.026 0.000 0.301 0.000
129.291667 130.291667    4.28 0.000 99.99 0.259 9.999 0.259 0.30 0.000 0.099 0.000   0.205 0.000   0.369 0.000   2.017 0.000   0.907 0.000   1.121 0.000 0.006 0.000 0.165 0.000
132.291667 133.291667   28.70 0.000  0.84 0.000 9.999 0.259 9.99 0.259 0.017 0.000   0.135 0.000   0.243 0.000   3.547 0.000   1.225 0.000   2.322 0.000 0.018 0.000 0.314 0.000
135.291667 136.291667   75.88 0.000  1.60 0.000 9.999 0.259 9.99 0.259 0.041 0.000   0.493 0.000   0.888 0.000   8.613 0.000   4.034 0.000   4.576 0.000 0.045 0.000 0.468 0.000
138.291667 139.291667   26.60 0.000  0.56 0.000 9.999 0.259 9.99 0.259 0.016 0.000   0.395 0.000   0.710 0.000   3.728 0.000   2.088 0.000   1.639 0.000 0.017 0.000 0.135 0.000
141.291667 142.291667   34.10 0.000  0.62 0.000 9.999 0.259 0.11 0.000 0.016 0.000   0.234 0.000   0.422 0.000   6.497 0.000   4.216 0.000   2.280 0.000 0.020 0.000 0.169 0.000
144.291667 145.291667   13.32 0.000 99.99 0.259 9.999 0.259 0.19 0.000 0.005 0.000   0.226 0.000   0.406 0.000   2.128 0.000   0.913 0.000   1.215 0.000 0.008 0.000 0.117 0.000
147.291667 148.291667   31.63 0.000  0.50 0.000 0.005 0.000 9.99 0.259 0.014 0.000   0.465 0.000   0.838 0.000   6.599 0.000   4.367 0.000   2.232 0.000 0.018 0.000 0.165 0.000
150.291667 151.291667    3.19 0.000  0.16 0.000 9.999 0.259 9.99 0.259 0.007 0.000   0.312 0.000   0.562 0.000   1.438 0.000   0.827 0.000   0.621 0.000 0.004 0.000 0.054 0.000
153.291667 154.291667   23.49 0.000  0.77 0.000 9.999 0.259 9.99 0.259 0.011 0.000   0.596 0.000   1.074 0.000   4.654 0.000   2.398 0.000   2.256 0.000 0.017 0.000 0.197 0.000
156.291667 157.291667   22.35 0.000  0.73 0.000 9.999 0.259 9.99 0.259 0.015 0.000   0.520 0.000   0.935 0.000   7.896 0.000   5.185 0.000   2.711 0.000 0.018 0.000 0.242 0.000
159.291667 160.291667   13.48 0.000  0.41 0.000 9.999 0.259 9.99 0.259 0.020 0.000   0.560 0.000   1.009 0.000   2.953 0.000   1.279 0.000   1.674 0.000 0.010 0.000 0.126 0.000
162.291667 163.291667   73.44 0.000  0.33 0.000 0.019 0.000 0.12 0.000 0.030 0.000   0.510 0.000   0.919 0.000   3.293 0.000 999.999 0.259   3.413 0.000 0.041 0.000 0.182 0.000
165.291667 166.291667   25.75 0.000  0.74 0.000 9.999 0.259 0.08 0.000 0.017 0.000   0.729 0.000   1.313 0.000   6.173 0.000   3.647 0.000   2.524 0.000 0.019 0.000 0.192 0.000
168.291667 169.291667   74.03 0.000  0.50 0.000 9.999 0.259 9.99 0.259 0.048 0.000   1.389 0.000   2.500 0.000  13.655 0.000   7.117 0.000   6.536 0.000 0.071 0.000 0.500 0.000
171.291667 172.291667   49.33 0.000  0.23 0.000 9.999 0.259 9.99 0.259 0.072 0.000   2.275 0.000   4.094 0.000  20.446 0.000  11.811 0.000   8.805 0.000 0.050 0.000 0.884 0.000
174.291667 175.291667   72.33 0.000  0.76 0.000 9.999 0.259 9.99 0.259 0.028 0.000   1.299 0.000   2.339 0.000  10.271 0.000   4.586 0.000   5.684 0.000 0.051 0.000 0.399 0.000
177.291667 178.291667   43.93 0.000  0.38 0.000 9.999 0.259 9.99 0.259 0.019 0.000   1.315 0.000   2.366 0.000   8.057 0.000   3.568 0.000   4.488 0.000 0.072 0.000 0.224 0.000
180.291667 181.291667   16.87 0.000  0.10 0.000 9.999 0.259 9.99 0.259 0.007 0.000   0.583 0.000   1.049 0.000   4.208 0.000   2.018 0.000   2.189 0.000 0.014 0.000 0.233 0.000
183.291667 184.291667   26.25 0.000  0.55 0.000 9.999 0.259 9.99 0.259 0.011 0.000   0.988 0.000   1.779 0.000   6.358 0.000   3.274 0.000   3.083 0.000 0.031 0.000 0.141 0.000
186.291667 187.291667   57.54 0.000  0.61 0.000 0.008 0.000 9.99 0.259 0.024 0.000   0.997 0.000   1.795 0.000  12.123 0.000   7.556 0.000   4.564 0.000 0.064 0.000 0.255 0.000
189.291667 190.291667   69.75 0.000  0.28 0.000 9.999 0.259 9.99 0.259 0.026 0.000   1.851 0.000   3.331 0.000  25.830 0.000  18.666 0.000   7.162 0.000 0.086 0.000 0.496 0.000
192.291667 193.291667   38.69 0.000  0.64 0.000 9.999 0.259 0.06 0.000 0.026 0.000   1.295 0.000   2.331 0.000   9.684 0.000   4.344 0.000   5.398 0.000 0.037 0.000 0.485 0.000
195.291667 196.291667   76.25 0.000  0.71 0.000 9.999 0.259 9.99 0.259 0.023 0.000   1.059 0.000   1.905 0.000  14.983 0.000   8.970 0.000   6.010 0.000 0.046 0.000 0.434 0.000
198.291667 199.291667  100.09 0.000  0.41 0.000 0.018 0.000 9.99 0.259 0.009 0.000   0.614 0.000   1.105 0.000   9.873 0.000   4.905 0.000   4.967 0.000 0.060 0.000 0.227 0.000
201.291667 202.291667   83.62 0.000  0.73 0.000 0.013 0.000 9.99 0.259 0.049 0.559   1.433 0.000   2.579 0.000  16.692 0.000  10.651 0.000   6.038 0.000 0.065 0.000 0.374 0.559
204.291667 205.291667   12.10 0.000  0.51 0.000 9.999 0.259 9.99 0.259 0.017 0.000   1.134 0.000   2.042 0.000   5.166 0.000   1.704 0.000   3.461 0.000 0.051 0.000 0.164 0.000
207.291667 208.291667   20.66 0.000  0.42 0.000 9.999 0.259 9.99 0.259 0.016 0.000   0.744 0.000   1.339 0.000   4.229 0.000   1.766 0.000   2.461 0.000 0.015 0.000 0.184 0.000
210.291667 211.291667   32.48 0.000  0.48 0.000 9.999 0.259 9.99 0.259 0.016 0.000   0.934 0.000   1.681 0.000   9.484 0.000   5.686 0.000   3.797 0.000 0.031 0.000 0.254 0.000
213.291667 214.291667  141.76 0.000  0.33 0.000 9.999 0.259 0.18 0.000 0.016 0.000   0.843 0.000   1.517 0.000   7.183 0.000   0.728 0.000   6.463 0.000 0.079 0.000 0.274 0.000
216.291667 217.291667   83.58 0.000  0.51 0.000 9.999 0.259 0.19 0.000 0.018 0.000   0.848 0.000   1.526 0.000   9.222 0.000   3.926 0.000   5.294 0.000 0.053 0.000 0.232 0.000
219.291667 220.291667   84.06 0.000  0.72 0.000 0.014 0.000 0.14 0.000 0.015 0.000   1.144 0.000   2.059 0.000  10.812 0.000   4.756 0.000   6.054 0.000 0.058 0.000 0.333 0.000
222.291667 223.291667   65.45 0.000  0.44 0.000 0.012 0.000 0.20 0.000 0.019 0.000   1.320 0.000   2.376 0.000   6.301 0.000   1.384 0.000   4.917 0.000 0.051 0.000 0.196 0.000
225.291667 226.291667   30.11 0.000  0.45 0.000 9.999 0.259 0.17 0.000 0.022 0.000   0.724 0.000   1.303 0.000   3.957 0.000   0.855 0.000   3.101 0.000 0.019 0.000 0.278 0.000
228.291667 229.291667   47.24 0.000  0.51 0.000 9.999 0.259 0.15 0.000 0.018 0.000   1.309 0.000   2.356 0.000   6.787 0.000   2.019 0.000   4.766 0.000 0.043 0.000 0.281 0.000
231.291667 232.291667   76.07 0.000  0.54 0.000 9.999 0.259 0.18 0.000 0.015 0.000   1.467 0.000   2.641 0.000   8.454 0.000   2.402 0.000   6.050 0.000 0.053 0.000 0.256 0.000
234.291667 235.291667   55.00 0.000  0.26 0.000 0.009 0.000 0.13 0.000 0.018 0.000   0.642 0.000   1.155 0.000   9.624 0.000   5.549 0.000   4.074 0.000 0.039 0.000 0.287 0.000
237.291667 238.291667   65.10 0.000  0.41 0.000 9.999 0.259 0.19 0.000 0.016 0.000   1.203 0.000   2.166 0.000   6.928 0.000   2.203 0.000   4.723 0.000 0.049 0.000 0.153 0.000
240.291667 241.291667   56.80 0.000  0.36 0.000 9.999 0.259 9.99 0.259 0.014 0.000   2.370 0.000   4.265 0.000  12.273 0.000   5.213 0.000   7.058 0.000 0.066 0.000 0.181 0.000
243.291667 244.291667  101.46 0.000  0.32 0.000 0.013 0.000 0.15 0.000 0.016 0.559   1.556 0.000   2.801 0.000  12.007 0.000   6.159 0.000   5.845 0.000 0.072 0.000 0.129 0.559
246.291667 247.291667   65.44 0.000  0.23 0.000 9.999 0.259 9.99 0.259 0.016 0.559   0.798 0.000   1.436 0.000   9.963 0.000   5.374 0.000   4.588 0.000 0.044 0.000 0.290 0.559
249.291667 250.291667   92.28 0.000  0.72 0.000 9.999 0.259 0.24 0.000 0.038 0.559   1.448 0.000   2.606 0.000  14.677 0.000   6.623 0.000   8.051 0.000 0.067 0.000 0.667 0.559
252.291667 253.291667   75.24 0.000  0.26 0.000 9.999 0.259 9.99 0.259 0.013 0.000   0.406 0.000   0.730 0.000   8.816 0.000   5.072 0.000   3.744 0.000 0.043 0.000 0.220 0.000
255.291667 256.291667   79.65 0.000  0.46 0.000 0.012 0.000 0.37 0.000 0.011 0.000   0.564 0.000   1.016 0.000   2.905 0.000 999.999 0.259   3.816 0.000 0.046 0.000 0.106 0.000
258.291667 259.291667   82.05 0.000  0.56 0.000 9.999 0.259 0.25 0.000 0.019 0.559   0.649 0.000   1.168 0.000   7.436 0.000   2.842 0.000   4.593 0.000 0.054 0.000 0.195 0.559
261.291667 262.291667   31.95 0.000  0.36 0.000 9.999 0.259 9.99 0.259 0.031 0.000   0.981 0.000   1.766 0.000  11.888 0.000   7.585 0.000   4.362 0.000 0.031 0.000 0.439 0.000
264.291667 265.291667   45.12 0.000  0.25 0.000 9.999 0.259 9.99 0.259 0.036 0.000   0.751 0.000   1.353 0.000  10.553 0.000   7.463 0.000   2.991 0.000 0.071 0.000 0.142 0.000
267.291667 268.291667    7.67 0.000  0.10 0.000 9.999 0.259 9.99 0.259 0.051 0.000   0.639 0.000   1.150 0.000   2.755 0.000   0.570 0.000   2.166 0.000 0.010 0.000 0.249 0.000
