scripts/IMPROVE-2019_partial/data/US4304R.20120101070000.20191216000000.filterpack...52w.3d.US03L_filterpack_US4304.US03L_IMPROVE_Davis.lev2.nas
51 1001
MISSING INFORMATION
US03L, IMPROVE, , , , , , , 
MISSING INFORMATION
IMPROVE sel_HTAP
1 1
2012 01 01 2019 12 16
3.000000
days from file reference point
4
1 1 1 1
999.999999 999.999 999.999 9.999
end_time of measurement, days from the file reference point
pm10_mass, ug/m3, Matrix=pm10
pm25_mass, ug/m3, Matrix=pm25
numflag, no unit
0
33
Data definition:              EBAS_1.1
Set type code:                TU
Timezone:                     UTC
File name:                    US4304R.20120101070000.20191216000000.filterpack...52w.3d.US03L_filterpack_US4304.US03L_IMPROVE_Davis.lev2.nas
File creation:                20191218120436
Startdate:                    20120101070000
Revision date:                20191216000000
Version:                      2
Version description:          "Data extracted from http://views.cira.colostate.edu/fed/DataWizard 2019-12-16"
Statistics:                   arithmetic mean
Data level:                   2
Period code:                  52w
Resolution code:              3d
Sample duration:              1d
Orig. time res.:              3d
Station code:                 US4304R
Platform code:                US4304S
Station name:                 Wind Cave National Park-Elk Mountain
Station latitude:             43.5577
Station longitude:            -103.4835
Station altitude:             1311.0 m
Regime:                       IMG
Component:                    
Unit:                         ug/m3
Matrix:                       
Laboratory code:              US03L
Instrument type:              filterpack
Instrument name:              filterpack_US4304
Method ref:                   US03L_IMPROVE_Davis
Blank correction:             Blank corrected
Volume std. temperature:      ambient
Volume std. pressure:         ambient
starttime endtime PM10 PM2.5 flag
  0.291667   1.291667   1.501   0.798 0.000
  3.291667   4.291667   1.988   1.197 0.000
  6.291667   7.291667   1.536   0.675 0.000
  9.291667  10.291667   2.549   0.893 0.000
 12.291667  13.291667   2.224   1.032 0.000
 15.291667  16.291667   4.221   2.411 0.000
 18.291667  19.291667   7.457   4.486 0.000
 21.291667  22.291667   1.241   0.419 0.000
 24.291667  25.291667   6.979   1.448 0.000
 27.291667  28.291667   2.918   1.136 0.000
 30.291667  31.291667   1.831   0.642 0.000
 33.291667  34.291667   4.617   2.271 0.000
 36.291667  37.291667   6.902   2.919 0.000
 39.291667  40.291667   4.533   2.568 0.000
 42.291667  43.291667   5.794   4.515 0.000
 45.291667  46.291667   1.613   1.401 0.000
 48.291667  49.291667   2.615   1.637 0.000
 51.291667  52.291667   1.994   0.586 0.000
 54.291667  55.291667   1.653   0.876 0.000
 57.291667  58.291667  17.630   3.929 0.000
 60.291667  61.291667   2.186   1.242 0.000
 63.291667  64.291667   2.618   0.976 0.000
 66.291667  67.291667   2.958   1.364 0.000
 69.291667  70.291667   4.380   2.790 0.000
 72.291667  73.291667   9.752   4.072 0.000
 75.291667  76.291667   5.883   2.468 0.000
 78.291667  79.291667   3.410   0.639 0.000
 81.291667  82.291667   7.236   2.556 0.000
 84.291667  85.291667   8.681   4.467 0.000
 87.291667  88.291667   7.766   3.634 0.000
 90.291667  91.291667   5.146   1.334 0.000
 93.291667  94.291667   3.214   1.353 0.000
 96.291667  97.291667  11.633   4.494 0.000
 99.291667 100.291667   7.787   2.782 0.000
102.291667 103.291667  11.846   3.965 0.000
105.291667 106.291667   2.032   1.212 0.000
108.291667 109.291667   2.590   1.695 0.000
111.291667 112.291667   3.471   1.927 0.000
114.291667 115.291667   5.435   2.772 0.000
117.291667 118.291667   4.066   3.942 0.000
120.291667 121.291667   6.143   4.605 0.000
123.291667 124.291667   6.644   4.087 0.000
126.291667 127.291667   4.273   2.870 0.000
129.291667 130.291667   8.856   4.742 0.000
132.291667 133.291667   7.022   2.677 0.000
135.291667 136.291667  15.947   5.918 0.000
138.291667 139.291667  11.715   6.218 0.000
141.291667 142.291667 999.999 999.999 0.456
144.291667 145.291667 999.999 999.999 0.456
147.291667 148.291667   9.673   3.371 0.000
150.291667 151.291667   4.772   2.285 0.000
153.291667 154.291667   4.406   1.722 0.000
156.291667 157.291667  15.811   4.157 0.000
159.291667 160.291667   9.554   4.130 0.000
162.291667 163.291667   2.691   1.246 0.000
165.291667 166.291667   4.876   2.332 0.000
168.291667 169.291667   7.226   2.768 0.000
171.291667 172.291667   2.943   1.461 0.000
174.291667 175.291667  15.401   6.412 0.000
177.291667 178.291667  15.842   7.157 0.000
180.291667 181.291667  22.392  11.946 0.000
183.291667 184.291667  31.416  17.776 0.000
186.291667 187.291667  14.606   5.850 0.000
189.291667 190.291667   7.556   3.676 0.000
192.291667 193.291667  12.963   5.873 0.000
195.291667 196.291667  16.112   6.839 0.000
198.291667 199.291667  12.903   7.349 0.000
201.291667 202.291667 999.999 999.999 0.999
204.291667 205.291667  14.024  11.507 0.000
207.291667 208.291667 999.999 999.999 0.999
210.291667 211.291667   7.303   3.292 0.000
213.291667 214.291667  10.153   5.737 0.000
216.291667 217.291667   4.492   2.347 0.000
219.291667 220.291667  11.585   6.064 0.000
222.291667 223.291667  13.432   5.320 0.000
225.291667 226.291667  13.620   7.188 0.000
228.291667 229.291667   6.566   2.776 0.000
231.291667 232.291667   9.470   4.717 0.000
234.291667 235.291667  17.509   8.494 0.000
237.291667 238.291667  15.657   6.983 0.000
240.291667 241.291667  14.092   6.957 0.000
243.291667 244.291667  26.822  12.668 0.000
246.291667 247.291667  11.730   8.138 0.000
249.291667 250.291667  20.591  11.093 0.000
252.291667 253.291667  15.375   6.449 0.000
255.291667 256.291667  18.571   8.184 0.000
258.291667 259.291667  13.415   8.930 0.000
261.291667 262.291667   8.345   3.306 0.000
264.291667 265.291667   9.663   3.285 0.000
267.291667 268.291667  19.965   5.141 0.000
270.291667 271.291667  16.473   8.093 0.000
273.291667 274.291667  14.815  10.074 0.000
276.291667 277.291667  11.597   4.114 0.000
279.291667 280.291667   2.834   1.637 0.000
282.291667 283.291667   2.585   1.851 0.000
285.291667 286.291667  16.807   4.230 0.000
288.291667 289.291667   8.364   3.384 0.000
291.291667 292.291667  22.563   9.356 0.000
294.291667 295.291667   3.399   1.484 0.000
297.291667 298.291667 999.999   0.973 0.000
300.291667 301.291667 999.999   2.332 0.000
303.291667 304.291667 999.999   1.037 0.000
306.291667 307.291667 999.999   1.600 0.000
309.291667 310.291667 999.999   0.991 0.000
312.291667 313.291667 999.999   2.891 0.000
315.291667 316.291667 999.999   2.911 0.000
318.291667 319.291667 999.999   1.134 0.000
321.291667 322.291667 999.999   1.710 0.000
324.291667 325.291667 999.999   1.501 0.000
327.291667 328.291667 999.999   1.145 0.000
330.291667 331.291667 999.999   2.137 0.000
333.291667 334.291667 999.999   1.900 0.000
336.291667 337.291667 999.999   1.301 0.000
339.291667 340.291667 999.999   0.996 0.000
342.291667 343.291667 999.999   1.910 0.000
345.291667 346.291667 999.999   1.286 0.000
348.291667 349.291667 999.999   2.583 0.000
351.291667 352.291667 999.999   1.019 0.000
354.291667 355.291667 999.999   1.588 0.000
357.291667 358.291667 999.999   3.980 0.000
360.291667 361.291667 999.999   4.033 0.000
363.291667 364.291667 999.999   0.731 0.000
