scripts/IMPROVE-2019_partial/data/US4304R.20110103070000.20191216000000.filterpack.pm10_mass.pm10.1y.3d.US03L_filterpack_US4304_2.US03L_IMPROVE_Davis.lev2.nas
50 1001
MISSING INFORMATION
US03L, IMPROVE, , , , , , , 
MISSING INFORMATION
IMPROVE sel_HTAP
1 1
2011 01 01 2019 12 16
3.000000
days from file reference point
3
1 1 1
999.999999 999.999 9.999
end_time of measurement, days from the file reference point
pm10_mass, ug/m3
numflag pm10_mass, no unit
0
33
Data definition:              EBAS_1.1
Set type code:                TU
Timezone:                     UTC
File name:                    US4304R.20110103070000.20191216000000.filterpack.pm10_mass.pm10.1y.3d.US03L_filterpack_US4304_2.US03L_IMPROVE_Davis.lev2.nas
File creation:                20191218120437
Startdate:                    20110103070000
Revision date:                20191216000000
Version:                      2
Version description:          "Data extracted from http://views.cira.colostate.edu/fed/DataWizard 2019-12-16"
Statistics:                   arithmetic mean
Data level:                   2
Period code:                  1y
Resolution code:              3d
Sample duration:              1d
Orig. time res.:              3d
Station code:                 US4304R
Platform code:                US4304S
Station name:                 Wind Cave National Park-Elk Mountain
Station latitude:             43.5577
Station longitude:            -103.4835
Station altitude:             1311.0 m
Regime:                       IMG
Component:                    pm10_mass
Unit:                         ug/m3
Matrix:                       pm10
Laboratory code:              US03L
Instrument type:              filterpack
Instrument name:              filterpack_US4304_2
Method ref:                   US03L_IMPROVE_Davis
Blank correction:             Blank corrected
Volume std. temperature:      ambient
Volume std. pressure:         ambient
starttime endtime PM10 flag_PM10
  2.291667   3.291667   1.915 0.000
  5.291667   6.291667   2.903 0.000
  8.291667   9.291667   3.112 0.000
 11.291667  12.291667   2.894 0.000
 14.291667  15.291667 999.999 0.456
 17.291667  18.291667 999.999 0.999
 20.291667  21.291667 999.999 0.999
 23.291667  24.291667 999.999 0.999
 26.291667  27.291667   2.129 0.000
 29.291667  30.291667   2.324 0.000
 32.291667  33.291667   2.804 0.000
 35.291667  36.291667   0.737 0.000
 38.291667  39.291667   5.267 0.000
 41.291667  42.291667   2.624 0.000
 44.291667  45.291667   3.462 0.000
 47.291667  48.291667   6.315 0.000
 50.291667  51.291667   4.221 0.000
 53.291667  54.291667   3.962 0.000
 56.291667  57.291667   5.873 0.000
 59.291667  60.291667   6.329 0.000
 62.291667  63.291667   5.323 0.000
 65.291667  66.291667   4.795 0.000
 68.291667  69.291667   5.293 0.000
 71.291667  72.291667   5.193 0.000
 74.291667  75.291667   3.689 0.000
 77.291667  78.291667  14.534 0.000
 80.291667  81.291667   6.611 0.000
 83.291667  84.291667  15.832 0.000
 86.291667  87.291667   3.232 0.000
 89.291667  90.291667   0.898 0.000
 92.291667  93.291667   1.711 0.000
 95.291667  96.291667   2.796 0.000
 98.291667  99.291667   4.386 0.000
101.291667 102.291667   4.380 0.000
104.291667 105.291667   5.967 0.000
107.291667 108.291667   0.246 0.000
110.291667 111.291667   5.538 0.000
113.291667 114.291667   4.463 0.000
116.291667 117.291667   1.788 0.000
119.291667 120.291667   3.424 0.000
122.291667 123.291667   5.292 0.000
125.291667 126.291667   5.579 0.000
128.291667 129.291667  13.145 0.000
131.291667 132.291667   1.498 0.000
134.291667 135.291667   2.661 0.000
137.291667 138.291667   6.727 0.000
140.291667 141.291667   0.844 0.000
143.291667 144.291667   2.338 0.000
146.291667 147.291667   3.746 0.000
149.291667 150.291667   3.026 0.000
152.291667 153.291667  15.082 0.000
155.291667 156.291667  12.108 0.000
158.291667 159.291667   6.046 0.000
161.291667 162.291667   9.224 0.000
164.291667 165.291667   5.836 0.000
167.291667 168.291667   5.615 0.000
170.291667 171.291667   5.378 0.000
173.291667 174.291667   8.354 0.000
176.291667 177.291667   8.247 0.000
179.291667 180.291667  22.742 0.000
182.291667 183.291667   8.781 0.000
185.291667 186.291667  11.423 0.000
188.291667 189.291667  10.692 0.000
191.291667 192.291667  10.440 0.000
194.291667 195.291667  10.351 0.000
197.291667 198.291667   7.928 0.000
200.291667 201.291667  18.113 0.000
203.291667 204.291667  13.383 0.000
206.291667 207.291667   9.491 0.000
209.291667 210.291667  14.026 0.000
212.291667 213.291667  11.262 0.000
215.291667 216.291667   7.424 0.000
218.291667 219.291667   6.841 0.000
221.291667 222.291667   7.077 0.000
224.291667 225.291667   7.786 0.000
227.291667 228.291667   9.357 0.000
230.291667 231.291667  13.287 0.000
233.291667 234.291667  11.958 0.000
236.291667 237.291667  23.230 0.000
239.291667 240.291667  11.400 0.000
242.291667 243.291667  10.198 0.000
245.291667 246.291667   4.856 0.000
248.291667 249.291667  12.466 0.000
251.291667 252.291667  12.655 0.000
254.291667 255.291667  19.021 0.000
257.291667 258.291667   2.904 0.000
260.291667 261.291667   5.170 0.000
263.291667 264.291667 999.999 0.999
266.291667 267.291667 999.999 0.999
269.291667 270.291667 999.999 0.999
272.291667 273.291667 999.999 0.999
275.291667 276.291667 999.999 0.999
278.291667 279.291667 999.999 0.999
281.291667 282.291667   5.844 0.000
284.291667 285.291667   2.113 0.000
287.291667 288.291667   6.085 0.000
290.291667 291.291667   3.323 0.000
293.291667 294.291667   6.778 0.000
296.291667 297.291667   3.970 0.000
299.291667 300.291667   4.106 0.000
302.291667 303.291667   3.429 0.000
305.291667 306.291667   2.216 0.000
308.291667 309.291667   6.694 0.000
311.291667 312.291667   4.335 0.000
314.291667 315.291667   6.277 0.000
317.291667 318.291667   3.044 0.000
320.291667 321.291667   6.290 0.000
323.291667 324.291667   3.376 0.000
326.291667 327.291667   2.599 0.000
329.291667 330.291667   2.017 0.000
332.291667 333.291667   2.395 0.000
335.291667 336.291667   3.028 0.000
338.291667 339.291667   2.078 0.000
341.291667 342.291667  19.533 0.000
344.291667 345.291667 999.999 0.999
347.291667 348.291667   2.477 0.000
350.291667 351.291667   3.850 0.000
353.291667 354.291667   1.898 0.000
356.291667 357.291667   1.676 0.000
359.291667 360.291667   3.058 0.000
362.291667 363.291667   3.261 0.000
