scripts/IMPROVE-2019_partial/data/US4304R.20030103070000.20191216000000.filterpack..pm25.1y.1w.US03L_filterpack_US4304.US03L_IMPROVE_Davis.lev2.nas
66 1001
MISSING INFORMATION
US03L, IMPROVE, , , , , , , 
MISSING INFORMATION
IMPROVE sel_HTAP
1 1
2003 01 01 2019 12 16
3.000000
days from file reference point
27
1 1 1 1 1 1 1 1 1 1 1 1 1 1 1 1 1 1 1 1 1 1 1 1 1 1 1
999.999999 9999.99 9.999 99.99 9.999 9.999 9.999 9.99 9.999 9.999 9.999 99.999 9.999 99.999 9.999 999.99 9.999 999.999 9.999 999.999 9.999 999.999 9.999 9.999 9.999 9.999 9.999
end_time of measurement, days from the file reference point
iron, ng/m3, Revision date=20181210133000
numflag iron, no unit, Revision date=20181210133000
lead, ng/m3, Revision date=20181210133000
numflag lead, no unit, Revision date=20181210133000
magnesium, ug/m3, Revision date=20181210133000
numflag magnesium, no unit, Revision date=20181210133000
nickel, ng/m3, Revision date=20181210133000
numflag nickel, no unit, Revision date=20181210133000
nitrate, ug N/m3, Revision date=20181210133000
numflag nitrate, no unit, Revision date=20181210133000
organic_carbon, ug C/m3, Revision date=20181210133000
numflag organic_carbon, no unit, Revision date=20181210133000
organic_mass, ug/m3, Revision date=20181210133000
numflag organic_mass, no unit, Revision date=20181210133000
phosphorus, ng/m3, Revision date=20181210133000
numflag phosphorus, no unit, Revision date=20181210133000
pm10_mass, ug/m3, Version=2, Version description=Data extracted from http://views.cira.colostate.edu/fed/DataWizard 2019-12-16, Sample duration=1d, Orig. time res.=3d, Matrix=pm10, Blank correction=Blank corrected, Volume std. temperature=ambient, Volume std. pressure=ambient
numflag pm10_mass, no unit, Version=2, Version description=Data extracted from http://views.cira.colostate.edu/fed/DataWizard 2019-12-16, Sample duration=1d, Orig. time res.=3d, Matrix=pm10, Blank correction=Blank corrected, Volume std. temperature=ambient, Volume std. pressure=ambient
pm10_pm25_mass, ug/m3, Revision date=20181210133000, Matrix=pm10_pm25
numflag pm10_pm25_mass, no unit, Revision date=20181210133000, Matrix=pm10_pm25
pm25_mass, ug/m3, Version=2, Version description=Data extracted from http://views.cira.colostate.edu/fed/DataWizard 2019-12-16, Sample duration=1d, Orig. time res.=3d, Blank correction=Blank corrected, Volume std. temperature=ambient, Volume std. pressure=ambient
numflag pm25_mass, no unit, Version=2, Version description=Data extracted from http://views.cira.colostate.edu/fed/DataWizard 2019-12-16, Sample duration=1d, Orig. time res.=3d, Blank correction=Blank corrected, Volume std. temperature=ambient, Volume std. pressure=ambient
potassium, ug/m3, Revision date=20181210133000
numflag potassium, no unit, Revision date=20181210133000
sulphate_total, ug S/m3, Revision date=20181210133000
numflag sulphate_total, no unit, Revision date=20181210133000
0
25
Data definition:              EBAS_1.1
Set type code:                TU
Timezone:                     UTC
File name:                    US4304R.20030103070000.20191216000000.filterpack..pm25.1y.1w.US03L_filterpack_US4304.US03L_IMPROVE_Davis.lev2.nas
File creation:                20191218120435
Startdate:                    20030103070000
Revision date:                20191216000000
Statistics:                   arithmetic mean
Data level:                   2
Period code:                  1y
Resolution code:              1w
Station code:                 US4304R
Platform code:                US4304S
Station name:                 Wind Cave National Park-Elk Mountain
Station latitude:             43.5577
Station longitude:            -103.4835
Station altitude:             1311.0 m
Regime:                       IMG
Component:                    
Matrix:                       pm25
Laboratory code:              US03L
Instrument type:              filterpack
Instrument name:              filterpack_US4304
Method ref:                   US03L_IMPROVE_Davis
starttime endtime Fe flag_Fe Pb flag_Pb Mg++ flag_Mg++ Ni flag_Ni NO3- flag_NO3- OC flag_OC OM flag_OM P flag_P PM10 flag_PM10 PM10-PM2.5 flag_PM10-PM2.5 PM2.5 flag_PM2.5 K+ flag_K+ SO4-- flag_SO4--
[from data line 86]
260.291667 261.291667   16.45 0.000  0.22 0.000 9.999 0.259 0.18 0.000 0.006 0.559  0.255 0.000  0.356 0.000 999.99 0.259   1.364 0.000   0.151 0.000   1.213 0.000 0.010 0.000 0.075 0.559
263.291667 264.291667   11.76 0.000  0.23 0.000 9.999 0.259 9.99 0.259 0.010 0.559  0.446 0.000  0.624 0.000 999.99 0.259   4.183 0.000   2.091 0.000   2.092 0.000 0.011 0.000 0.204 0.559
266.291667 267.291667   23.34 0.000  0.24 0.000 9.999 0.259 9.99 0.259 0.014 0.000  0.615 0.000  0.861 0.000 999.99 0.259   6.159 0.000   3.905 0.000   2.254 0.000 0.018 0.000 0.126 0.000
269.291667 270.291667   17.33 0.000  0.19 0.000 9.999 0.259 9.99 0.259 0.011 0.559  0.365 0.000  0.511 0.000 999.99 0.259   4.242 0.000   2.634 0.000   1.607 0.000 0.013 0.000 0.102 0.559
272.291667 273.291667   13.45 0.000  0.29 0.000 0.043 0.000 9.99 0.259 0.015 0.000  0.340 0.000  0.477 0.000 999.99 0.259   4.740 0.000   2.696 0.000   2.044 0.000 0.013 0.000 0.205 0.000
275.291667 276.291667   58.21 0.000  0.37 0.000 9.999 0.259 9.99 0.259 0.024 0.559  1.868 0.000  2.615 0.000 999.99 0.259  11.477 0.000   6.086 0.000   5.391 0.000 0.029 0.000 0.280 0.559
278.291667 279.291667   50.02 0.000  0.49 0.000 9.999 0.259 0.06 0.000 0.013 0.000  0.831 0.000  1.163 0.000 999.99 0.259   8.317 0.000   4.162 0.000   4.154 0.000 0.034 0.000 0.251 0.000
281.291667 282.291667   51.76 0.000  0.26 0.000 9.999 0.259 9.99 0.259 0.012 0.000  1.237 0.000  1.732 0.000 999.99 0.259   9.451 0.000   5.321 0.000   4.130 0.000 0.041 0.000 0.157 0.000
284.291667 285.291667   29.22 0.000  0.38 0.000 0.034 0.000 0.11 0.000 0.015 0.000  0.340 0.000  0.476 0.000 999.99 0.259   5.531 0.000   3.749 0.000   1.781 0.000 0.021 0.000 0.086 0.000
287.291667 288.291667   16.78 0.000  0.11 0.000 9.999 0.259 9.99 0.259 0.010 0.000  0.223 0.000  0.312 0.000 999.99 0.259   3.596 0.000   1.996 0.000   1.600 0.000 0.011 0.000 0.154 0.000
290.291667 291.291667   34.68 0.000  0.41 0.000 9.999 0.259 9.99 0.259 0.007 0.559  0.305 0.000  0.428 0.000 999.99 0.259   5.198 0.000   3.537 0.000   1.661 0.000 0.024 0.000 0.111 0.559
293.291667 294.291667   39.97 0.000  0.41 0.000 9.999 0.259 9.99 0.259 0.009 0.559  0.536 0.000  0.751 0.000 999.99 0.259   7.348 0.000   5.153 0.000   2.195 0.000 0.029 0.000 0.105 0.559
296.291667 297.291667   28.90 0.000  0.31 0.000 9.999 0.259 0.11 0.000 0.006 0.000  0.314 0.000  0.440 0.000 999.99 0.259   6.324 0.000   4.731 0.000   1.593 0.000 0.020 0.000 0.044 0.000
299.291667 300.291667   18.91 0.000  0.46 0.000 9.999 0.259 0.08 0.000 0.006 0.000  0.494 0.000  0.691 0.000 999.99 0.259   5.073 0.000   3.587 0.000   1.486 0.000 0.017 0.000 0.053 0.000
302.291667 303.291667   13.04 0.000  0.29 0.000 9.999 0.259 9.99 0.259 0.009 0.559  0.207 0.000  0.290 0.000 999.99 0.259   2.092 0.000   0.788 0.000   1.304 0.000 0.009 0.000 0.107 0.559
305.291667 306.291667    7.59 0.000  0.51 0.000 9.999 0.259 0.09 0.000 0.141 0.559  0.514 0.000  0.719 0.000 999.99 0.259   4.065 0.000   1.518 0.000   2.547 0.000 0.014 0.000 0.270 0.559
308.291667 309.291667    6.29 0.000  1.08 0.000 9.999 0.259 9.99 0.259 0.084 0.000  1.392 0.000  1.949 0.000 999.99 0.259   6.355 0.000   0.866 0.000   5.489 0.000 0.034 0.000 0.569 0.000
311.291667 312.291667   12.99 0.000  0.79 0.000 0.040 0.000 0.06 0.000 0.606 0.559  1.100 0.000  1.539 0.000 999.99 0.259   7.029 0.000   1.662 0.000   5.367 0.000 0.014 0.000 0.293 0.559
314.291667 315.291667    9.34 0.000  0.35 0.000 9.999 0.259 0.11 0.000 0.016 0.559  0.424 0.000  0.594 0.000 999.99 0.259   4.491 0.000   2.907 0.000   1.584 0.000 0.011 0.000 0.092 0.559
317.291667 318.291667   13.84 0.000  0.45 0.000 0.030 0.000 9.99 0.259 0.019 0.559  0.494 0.000  0.691 0.000 999.99 0.259   3.285 0.000   1.266 0.000   2.019 0.000 0.011 0.000 0.091 0.559
320.291667 321.291667    8.66 0.000  0.45 0.000 9.999 0.259 9.99 0.259 0.009 0.000  0.241 0.000  0.338 0.000 999.99 0.259   2.946 0.000   1.594 0.000   1.352 0.000 0.006 0.000 0.107 0.000
323.291667 324.291667   12.15 0.000 99.99 0.259 9.999 0.259 9.99 0.259 0.067 0.000  2.316 0.000  3.242 0.000 999.99 0.259   7.363 0.000   3.263 0.000   4.099 0.000 0.025 0.000 0.064 0.000
326.291667 327.291667    6.78 0.000  0.58 0.000 9.999 0.259 9.99 0.259 0.063 0.559  0.785 0.000  1.099 0.000 999.99 0.259   3.621 0.000   0.710 0.000   2.911 0.000 0.032 0.000 0.189 0.559
329.291667 330.291667    5.11 0.000  0.21 0.000 9.999 0.259 9.99 0.259 0.015 0.000  0.171 0.000  0.239 0.000 999.99 0.259   2.008 0.000   1.246 0.000   0.761 0.000 0.009 0.000 0.040 0.000
332.291667 333.291667   15.80 0.000  0.65 0.000 0.042 0.000 0.14 0.000 0.011 0.559  0.234 0.000  0.328 0.000 999.99 0.259   6.108 0.000   4.561 0.000   1.547 0.000 0.012 0.000 0.089 0.559
335.291667 336.291667   17.05 0.000  1.01 0.000 9.999 0.259 9.99 0.259 0.093 0.559  0.843 0.000  1.180 0.000 999.99 0.259   5.169 0.000   2.398 0.000   2.770 0.000 0.020 0.000 0.135 0.559
338.291667 339.291667   10.51 0.000  0.49 0.000 9.999 0.259 0.08 0.000 0.050 0.559  0.243 0.000  0.340 0.000 999.99 0.259   2.635 0.000   1.458 0.000   1.177 0.000 0.011 0.000 0.052 0.559
341.291667 342.291667    6.22 0.000  0.44 0.000 9.999 0.259 9.99 0.259 0.105 0.559  0.479 0.000  0.670 0.000 999.99 0.259   2.414 0.000   0.976 0.000   1.438 0.000 0.013 0.000 0.124 0.559
344.291667 345.291667    7.36 0.000  0.60 0.000 9.999 0.259 9.99 0.259 0.132 0.559  0.699 0.000  0.979 0.000 999.99 0.259   4.335 0.000   0.619 0.000   3.716 0.000 0.016 0.000 0.495 0.559
347.291667 348.291667    8.05 0.000  0.40 0.000 9.999 0.259 9.99 0.259 0.009 0.559  0.229 0.000  0.321 0.000  10.50 0.000   2.343 0.000   1.554 0.000   0.788 0.000 0.007 0.000 0.068 0.559
350.291667 351.291667   16.08 0.000  0.26 0.000 0.068 0.000 9.99 0.259 0.010 0.000  0.285 0.000  0.399 0.000 999.99 0.259   5.406 0.000   4.173 0.000   1.233 0.000 0.016 0.000 0.068 0.000
353.291667 354.291667   10.70 0.000  0.28 0.000 9.999 0.259 9.99 0.259 0.009 0.559  0.177 0.000  0.248 0.000 999.99 0.259   3.765 0.000   2.855 0.000   0.910 0.000 0.008 0.000 0.037 0.559
356.291667 357.291667    9.61 0.000  0.48 0.000 0.186 0.000 0.11 0.000 0.020 0.000  0.604 0.000  0.845 0.000 999.99 0.259   2.479 0.000   1.437 0.000   1.042 0.000 0.011 0.000 0.044 0.000
359.291667 360.291667   10.41 0.000  0.31 0.000 9.999 0.259 9.99 0.259 0.065 0.000  0.386 0.000  0.541 0.000 999.99 0.259   2.412 0.000   0.767 0.000   1.645 0.000 0.010 0.000 0.153 0.000
362.291667 363.291667 9999.99 0.456 99.99 0.456 9.999 0.456 9.99 0.456 0.014 0.559  0.607 0.000  0.849 0.000 999.99 0.456   4.446 0.000 999.999 0.999 999.999 0.456 9.999 0.456 0.074 0.559
