scripts/IMPROVE-2019_partial/data/US4504R.20060102060000.20191216000000.filterpack..pm25.52w.1w.US03L_filterpack_US4504.US03L_IMPROVE_Davis.lev2.nas
64 1001
MISSING INFORMATION
US03L, IMPROVE, , , , , , , 
MISSING INFORMATION
IMPROVE sel_HTAP
1 1
2006 01 01 2019 12 16
3.00
days from file reference point
25
1 1 1 1 1 1 1 1 1 1 1 1 1 1 1 1 1 1 1 1 1 1 1 1 1
999.99 9999.99 9.999 99.99 9.999 9.999 9.999999 99.99 9.999999 9.999 9.999999 99.999 9.999 99.999 9.999 999.999 9.999 999.999 9.999 999.999 9.999 9.999 9.999 99.999 9.999999
end_time of measurement, days from the file reference point
iron, ng/m3, Revision date=20181210133000
numflag iron, no unit, Revision date=20181210133000
lead, ng/m3, Revision date=20181210133000
numflag lead, no unit, Revision date=20181210133000
magnesium, ug/m3, Revision date=20181210133000
numflag magnesium, no unit, Revision date=20181210133000
nickel, ng/m3, Revision date=20181210133000
numflag nickel, no unit, Revision date=20181210133000
nitrate, ug N/m3, Revision date=20181210133000
numflag nitrate, no unit, Revision date=20181210133000
organic_carbon, ug C/m3, Revision date=20181210133000
numflag organic_carbon, no unit, Revision date=20181210133000
organic_mass, ug/m3, Revision date=20181210133000
numflag organic_mass, no unit, Revision date=20181210133000
pm10_mass, ug/m3, Version=2, Version description=Data extracted from http://views.cira.colostate.edu/fed/DataWizard 2019-12-16, Sample duration=1d, Orig. time res.=3d, Matrix=pm10, Blank correction=Blank corrected, Volume std. temperature=ambient, Volume std. pressure=ambient
numflag pm10_mass, no unit, Version=2, Version description=Data extracted from http://views.cira.colostate.edu/fed/DataWizard 2019-12-16, Sample duration=1d, Orig. time res.=3d, Matrix=pm10, Blank correction=Blank corrected, Volume std. temperature=ambient, Volume std. pressure=ambient
pm10_pm25_mass, ug/m3, Revision date=20181210133000, Matrix=pm10_pm25
numflag pm10_pm25_mass, no unit, Revision date=20181210133000, Matrix=pm10_pm25
pm25_mass, ug/m3, Version=2, Version description=Data extracted from http://views.cira.colostate.edu/fed/DataWizard 2019-12-16, Sample duration=1d, Orig. time res.=3d, Blank correction=Blank corrected, Volume std. temperature=ambient, Volume std. pressure=ambient
numflag pm25_mass, no unit, Version=2, Version description=Data extracted from http://views.cira.colostate.edu/fed/DataWizard 2019-12-16, Sample duration=1d, Orig. time res.=3d, Blank correction=Blank corrected, Volume std. temperature=ambient, Volume std. pressure=ambient
potassium, ug/m3, Revision date=20181210133000
numflag potassium, no unit, Revision date=20181210133000
sulphate_total, ug S/m3, Revision date=20181210133000
numflag sulphate_total, no unit, Revision date=20181210133000
0
25
Data definition:              EBAS_1.1
Set type code:                TU
Timezone:                     UTC
File name:                    US4504R.20060102060000.20191216000000.filterpack..pm25.52w.1w.US03L_filterpack_US4504.US03L_IMPROVE_Davis.lev2.nas
File creation:                20191218120442
Startdate:                    20060102060000
Revision date:                20191216000000
Statistics:                   arithmetic mean
Data level:                   2
Period code:                  52w
Resolution code:              1w
Station code:                 US4504R
Platform code:                US4504S
Station name:                 Big Bend National Park-K-Bar (TX04)
Station latitude:             29.3022
Station longitude:            -103.1772
Station altitude:             1056.0 m
Regime:                       IMG
Component:                    
Matrix:                       pm25
Laboratory code:              US03L
Instrument type:              filterpack
Instrument name:              filterpack_US4504
Method ref:                   US03L_IMPROVE_Davis
starttime endtime Fe flag_Fe Pb flag_Pb Mg++ flag_Mg++ Ni flag_Ni NO3- flag_NO3- OC flag_OC OM flag_OM PM10 flag_PM10 PM10-PM2.5 flag_PM10-PM2.5 PM2.5 flag_PM2.5 K+ flag_K+ SO4-- flag_SO4--
  1.25   2.25   21.84 0.000  0.64 0.000 9.999 0.259000 99.99 0.259000 0.008 0.000000  0.089 0.000  0.125 0.000   4.520 0.000   3.269 0.000   1.251 0.000 0.030 0.000  0.071 0.000000
  4.25   5.25   31.11 0.000  0.57 0.000 0.009 0.000000 99.99 0.259000 0.014 0.559000  0.195 0.000  0.272 0.000   9.022 0.000   7.247 0.000   1.775 0.000 0.029 0.000  0.077 0.559000
  7.25   8.25   25.60 0.000  0.95 0.000 9.999 0.259000  0.45 0.000000 0.017 0.000000  0.394 0.000  0.551 0.000   9.316 0.000   6.461 0.000   2.855 0.000 0.049 0.000  0.254 0.000000
 10.25  11.25  109.14 0.000  1.39 0.000 0.043 0.000000  0.23 0.000000 0.037 0.000000  0.613 0.000  0.858 0.000  20.204 0.000  14.033 0.000   6.170 0.000 0.094 0.000  0.518 0.000000
 13.25  14.25   34.11 0.000  0.43 0.000 9.999 0.259000 99.99 0.259000 0.015 0.000000  0.185 0.000  0.258 0.000   7.355 0.000   5.597 0.000   1.758 0.000 0.026 0.000  0.109 0.000000
 16.25  17.25   16.28 0.000  0.42 0.000 9.999 0.259000 99.99 0.259000 0.011 0.000000  0.139 0.000  0.195 0.000   5.680 0.000   4.372 0.000   1.308 0.000 0.012 0.000  0.110 0.000000
 19.25  20.25   58.75 0.000  0.79 0.000 9.999 0.259000  0.35 0.000000 0.023 0.000000  0.506 0.000  0.708 0.000  11.397 0.000   7.402 0.000   3.995 0.000 0.067 0.000  0.258 0.000000
 22.25  23.25   21.96 0.000  0.48 0.000 9.999 0.259000 99.99 0.259000 0.059 0.000000  0.505 0.000  0.707 0.000   8.790 0.000   5.654 0.000   3.137 0.000 0.024 0.000  0.357 0.000000
 25.25  26.25   28.74 0.000  1.68 0.000 9.999 0.259000  0.20 0.000000 0.028 0.000000  0.772 0.000  1.081 0.000   6.229 0.000   1.639 0.000   4.590 0.000 0.042 0.000  0.564 0.000000
 28.25  29.25   26.27 0.000  0.94 0.000 9.999 0.259000  0.10 0.000000 0.020 0.000000  0.329 0.000  0.460 0.000   4.719 0.000   2.994 0.000   1.725 0.000 0.024 0.000  0.119 0.000000
 31.25  32.25   48.43 0.000  0.99 0.000 0.018 0.000000  0.11 0.000000 0.047 0.000000  0.500 0.000  0.700 0.000  10.284 0.000   7.229 0.000   3.054 0.000 0.088 0.000  0.195 0.000000
 34.25  35.25   26.65 0.000  0.83 0.000 0.014 0.000000 99.99 0.259000 0.014 0.000000  0.273 0.000  0.382 0.000   3.602 0.000   1.736 0.000   1.866 0.000 0.027 0.000  0.168 0.000000
 37.25  38.25   37.90 0.000  0.42 0.000 9.999 0.259000 99.99 0.259000 0.015 0.000000  0.208 0.000  0.292 0.000   9.528 0.000   7.804 0.000   1.724 0.000 0.031 0.000  0.108 0.000000
 40.25  41.25  100.42 0.000  1.04 0.000 9.999 0.259000 99.99 0.259000 0.088 0.000000  0.879 0.000  1.231 0.000  32.588 0.000  25.795 0.000   6.793 0.000 0.101 0.000  0.527 0.000000
 43.25  44.25   35.52 0.000  0.70 0.000 9.999 0.259000 99.99 0.259000 0.019 0.000000  0.177 0.000  0.248 0.000   6.723 0.000   4.978 0.000   1.745 0.000 0.027 0.000  0.149 0.000000
 46.25  47.25   35.21 0.000  0.35 0.000 0.010 0.000000  0.20 0.000000 0.010 0.000000  0.191 0.000  0.268 0.000   5.205 0.000   3.446 0.000   1.759 0.000 0.035 0.000  0.090 0.000000
 49.25  50.25   16.80 0.000  0.71 0.000 0.006 0.000000  0.14 0.000000 0.170 0.000000  0.674 0.000  0.943 0.000   6.940 0.000   3.445 0.000   3.495 0.000 0.022 0.000  0.418 0.000000
 52.25  53.25   24.40 0.000  0.61 0.000 9.999 0.259000  0.38 0.000000 0.011 0.000000  0.278 0.000  0.389 0.000   8.947 0.000   5.058 0.000   3.889 0.000 0.039 0.000  0.590 0.000000
 55.25  56.25   21.02 0.000  1.19 0.000 9.999 0.259000  0.16 0.000000 0.033 0.000000  0.935 0.000  1.309 0.000   9.210 0.000   3.450 0.000   5.759 0.000 0.042 0.000  0.766 0.000000
 58.25  59.25   26.58 0.000  2.13 0.000 9.999 0.259000  0.14 0.000000 0.011 0.000000  0.673 0.000  0.942 0.000   8.899 0.000   4.947 0.000   3.952 0.000 0.033 0.000  0.501 0.000000
 61.25  62.25   29.10 0.000  1.49 0.000 9.999 0.259000  0.60 0.000000 0.103 0.000000  0.922 0.000  1.291 0.000  18.822 0.000   7.946 0.000  10.876 0.000 0.076 0.000  1.865 0.000000
 64.25  65.25   28.60 0.000  1.32 0.000 9.999 0.259000  0.56 0.000000 0.069 0.000000  0.783 0.000  1.097 0.000  15.089 0.000   7.874 0.000   7.215 0.000 0.066 0.000  1.145 0.000000
 67.25  68.25 9999.99 0.999 99.99 0.999 9.999 0.999000 99.99 0.999000 9.999 0.999000 99.999 0.999 99.999 0.999 999.999 0.999 999.999 0.999 999.999 0.999 9.999 0.999 99.999 0.999000
 70.25  71.25   90.44 0.000  0.91 0.000 0.023 0.000000  0.13 0.000000 0.029 0.000000  0.302 0.000  0.423 0.000  12.704 0.000   9.012 0.000   3.692 0.000 0.069 0.000  0.207 0.000000
 73.25  74.25  130.96 0.000  2.24 0.000 0.012 0.000000  0.20 0.000000 0.137 0.000000  1.800 0.000  2.519 0.000  35.309 0.000  25.091 0.000  10.219 0.000 0.158 0.000  0.654 0.000000
 76.25  77.25   36.82 0.000  1.36 0.000 9.999 0.259000  0.54 0.000000 0.138 0.000000  1.215 0.000  1.701 0.000  16.288 0.000   7.488 0.000   8.800 0.000 0.082 0.000  1.287 0.000000
 79.25  80.25   86.90 0.000  0.87 0.000 0.030 0.000000  0.10 0.000000 0.030 0.000000  0.257 0.000  0.359 0.000  11.869 0.000   7.942 0.000   3.926 0.000 0.059 0.000  0.249 0.000000
 82.25  83.25   21.12 0.000  1.26 0.000 9.999 0.259000 99.99 0.259000 0.087 0.000000  0.661 0.000  0.926 0.000   7.422 0.000   1.875 0.000   5.548 0.000 0.018 0.000  0.948 0.000000
 85.25  86.25   38.78 0.000  1.39 0.000 9.999 0.259000  0.30 0.000000 0.051 0.000000  0.795 0.000  1.113 0.000  13.376 0.000   6.434 0.000   6.941 0.000 0.052 0.000  1.117 0.000000
 88.25  89.25   42.52 0.000  1.09 0.000 0.012 0.000000  0.43 0.000000 0.043 0.000000  0.536 0.000  0.751 0.000   9.207 0.000   4.048 0.000   5.159 0.000 0.060 0.000  0.646 0.000000
 91.25  92.25   48.41 0.000  0.90 0.000 9.999 0.259000  0.16 0.000000 0.031 0.000000  0.442 0.000  0.619 0.000   6.942 0.000   4.059 0.000   2.882 0.000 0.052 0.000  0.255 0.000000
 94.25  95.25 9999.99 0.999 99.99 0.999 9.999 0.999000 99.99 0.999000 9.999 0.999000 99.999 0.999 99.999 0.999 999.999 0.999 999.999 0.999 999.999 0.999 9.999 0.999 99.999 0.999000
 97.25  98.25  194.00 0.000  0.57 0.000 0.073 0.000000 99.99 0.259000 0.037 0.000000  0.492 0.000  0.689 0.000  30.776 0.000  24.321 0.000   6.455 0.000 0.117 0.000  0.281 0.000000
100.25 101.25   65.00 0.000  0.87 0.000 0.025 0.000000  0.20 0.000000 0.069 0.000000  0.942 0.000  1.318 0.000  19.388 0.000  12.596 0.000   6.793 0.000 0.066 0.000  0.685 0.000000
103.25 104.25   59.43 0.000  1.09 0.000 0.055 0.000000  0.33 0.000000 0.159 0.000000  0.703 0.000  0.985 0.000  18.257 0.000  10.240 0.000   8.017 0.000 0.083 0.000  0.833 0.000000
106.25 107.25  176.07 0.000  0.93 0.000 0.097 0.000000  0.16 0.000000 0.033 0.000000  0.342 0.000  0.479 0.000  11.158 0.000   5.936 0.000   5.221 0.000 0.107 0.000  0.224 0.000000
109.25 110.25  115.38 0.000  0.70 0.000 0.053 0.000000  0.27 0.000000 0.097 0.000000  1.250 0.000  1.750 0.000  25.426 0.000  16.389 0.000   9.037 0.000 0.128 0.000  0.896 0.000000
112.25 113.25   43.84 0.000  0.87 0.000 9.999 0.259000  0.40 0.000000 0.047 0.000000  1.564 0.000  2.190 0.000  15.936 0.000   7.932 0.000   8.004 0.000 0.098 0.000  0.786 0.000000
115.25 116.25   50.75 0.000  0.73 0.000 0.016 0.000000  0.23 0.000000 0.059 0.559000  0.798 0.000  1.118 0.000  14.699 0.000   8.591 0.000   6.108 0.000 0.067 0.000  0.697 0.559000
118.25 119.25  138.11 0.000  1.25 0.000 0.066 0.000000 99.99 0.259000 0.050 0.559000  0.365 0.000  0.512 0.000  15.770 0.000  11.004 0.000   4.767 0.000 0.090 0.000  0.254 0.559000
121.25 122.25   60.66 0.394  0.97 0.394 0.011 0.394000 99.99 0.394259 0.089 0.559394  1.688 0.394  2.363 0.394  18.828 0.000  11.030 0.394   7.798 0.000 0.120 0.394  0.606 0.559394
124.25 125.25   63.52 0.000  0.90 0.000 9.999 0.259000  0.45 0.000000 0.147 0.559000  2.408 0.000  3.371 0.000  21.915 0.000   7.976 0.000  13.939 0.000 0.188 0.000  1.515 0.559000
127.25 128.25   59.60 0.000  0.93 0.000 9.999 0.259000  0.23 0.000000 0.064 0.559000  1.257 0.000  1.760 0.000  13.453 0.000   5.035 0.000   8.418 0.000 0.151 0.000  0.876 0.559000
130.25 131.25  116.16 0.000  0.94 0.000 0.018 0.000000 99.99 0.259000 0.037 0.559000  0.584 0.000  0.817 0.000  14.003 0.000   8.819 0.000   5.184 0.000 0.081 0.000  0.299 0.559000
133.25 134.25  102.97 0.000  1.49 0.000 9.999 0.259000 99.99 0.259000 0.053 0.559000  1.275 0.000  1.784 0.000  19.651 0.000  12.163 0.000   7.488 0.000 0.097 0.000  0.567 0.559000
136.25 137.25   61.81 0.000  0.77 0.000 9.999 0.259000 99.99 0.259000 0.032 0.559000  0.695 0.000  0.973 0.000  11.260 0.000   5.632 0.000   5.629 0.000 0.045 0.000  0.570 0.559000
139.25 140.25 9999.99 0.999 99.99 0.999 9.999 0.999000 99.99 0.999000 0.030 0.000000  0.998 0.000  1.397 0.000  13.514 0.000 999.999 0.999 999.999 0.999 9.999 0.999  0.462 0.000000
142.25 143.25 9999.99 0.999 99.99 0.999 9.999 0.999000 99.99 0.999000 0.068 0.394000  2.079 0.394  2.910 0.394  19.585 0.000 999.999 0.999 999.999 0.999 9.999 0.999  1.300 0.394000
145.25 146.25   88.36 0.000  0.50 0.000 0.027 0.000000  1.39 0.000000 0.051 0.000000  1.216 0.000  1.703 0.000  14.704 0.000   6.732 0.000   7.973 0.000 0.086 0.000  0.451 0.000000
148.25 149.25   51.62 0.000  1.11 0.000 9.999 0.259000  0.21 0.000000 0.052 0.000000  1.140 0.000  1.596 0.000  15.162 0.000   7.966 0.000   7.196 0.000 0.086 0.000  0.686 0.000000
151.25 152.25   55.18 0.000  0.45 0.000 9.999 0.259000  0.30 0.000000 0.035 0.000000  0.577 0.000  0.808 0.000  10.424 0.000   5.219 0.000   5.205 0.000 0.048 0.000  0.472 0.000000
154.25 155.25   34.88 0.000  0.68 0.000 9.999 0.259000 99.99 0.259000 0.023 0.000000  0.652 0.000  0.913 0.000  10.687 0.000   3.482 0.000   7.205 0.000 0.031 0.000  1.009 0.000000
157.25 158.25   44.79 0.000  0.68 0.000 0.022 0.000000  0.14 0.000000 0.028 0.000000  0.491 0.000  0.688 0.000  11.257 0.000   6.415 0.000   4.842 0.000 0.041 0.000  0.574 0.000000
160.25 161.25   57.59 0.000  0.77 0.000 0.030 0.000000  0.15 0.000000 0.023 0.000000  0.717 0.000  1.004 0.000  13.018 0.000   5.805 0.000   7.213 0.000 0.048 0.000  0.995 0.000000
163.25 164.25   36.77 0.000  0.68 0.000 9.999 0.259000  0.24 0.000000 0.034 0.000000  0.546 0.000  0.765 0.000  11.752 0.000   6.424 0.000   5.328 0.000 0.035 0.000  0.743 0.000000
166.25 167.25   88.09 0.000  1.22 0.000 0.038 0.000000  0.36 0.000000 0.048 0.000000  1.278 0.000  1.790 0.000  28.695 0.000  17.871 0.000  10.824 0.000 0.089 0.000  1.256 0.000000
169.25 170.25  108.71 0.000  0.58 0.000 0.062 0.000000  0.18 0.000000 0.146 0.000000  0.826 0.000  1.157 0.000  16.119 0.000   7.384 0.000   8.735 0.000 0.075 0.000  1.023 0.000000
172.25 173.25  185.53 0.000  0.34 0.000 0.073 0.000000  0.41 0.000000 0.142 0.000000  0.729 0.000  1.021 0.000  25.191 0.000  14.737 0.000  10.454 0.000 0.101 0.000  1.055 0.000000
175.25 176.25   27.77 0.559  0.52 0.559 0.014 0.559000  0.22 0.559000 0.044 0.000000  0.505 0.000  0.706 0.000   7.407 0.000   3.001 0.559   4.406 0.659 0.024 0.559  0.555 0.000000
178.25 179.25   27.52 0.000  0.88 0.000 9.999 0.259000 99.99 0.259000 0.029 0.000000  1.224 0.000  1.713 0.000  13.698 0.000   3.441 0.000  10.257 0.000 0.034 0.000  1.371 0.000000
181.25 182.25   57.26 0.000  0.66 0.000 9.999 0.259000 99.99 0.259000 0.038 0.000000  0.281 0.559  0.506 0.559   7.160 0.000   2.484 0.000   4.676 0.000 0.033 0.000  0.565 0.000000
184.25 185.25   23.89 0.000  0.63 0.000 9.999 0.259000 99.99 0.259000 0.023 0.000000 99.999 0.999 99.999 0.999   6.662 0.000   2.385 0.000   4.277 0.000 0.013 0.000  0.614 0.000000
187.25 188.25   18.74 0.000  0.56 0.000 9.999 0.259000 99.99 0.259000 0.014 0.000000  0.704 0.559  1.267 0.559  10.035 0.000   2.112 0.000   7.923 0.000 0.030 0.000  1.254 0.000000
190.25 191.25   38.74 0.000  0.48 0.000 9.999 0.259000  0.15 0.000000 0.049 0.000000  0.325 0.394  0.584 0.394   6.743 0.000   3.399 0.000   3.344 0.000 0.023 0.000  0.375 0.000000
193.25 194.25   69.28 0.000  0.26 0.000 0.008 0.000000  0.20 0.000000 0.070 0.000000  0.675 0.000  1.216 0.000  11.189 0.000   5.837 0.000   5.351 0.000 0.047 0.000  0.436 0.000000
196.25 197.25  346.43 0.000  1.18 0.000 9.999 0.259000 99.99 0.259000 0.134 0.000000  0.291 0.394  0.524 0.394  20.619 0.000  11.274 0.000   9.346 0.000 0.121 0.000  0.398 0.000000
199.25 200.25   40.85 0.000  0.45 0.000 9.999 0.259000  0.21 0.000000 0.041 0.000000  0.809 0.000  1.457 0.000  14.120 0.000   6.315 0.000   7.805 0.000 0.029 0.000  1.061 0.000000
202.25 203.25  195.60 0.000  0.52 0.000 0.018 0.000000  0.11 0.000000 0.078 0.000000  0.352 0.000  0.634 0.000  15.608 0.000   8.762 0.000   6.846 0.000 0.072 0.000  0.481 0.000000
205.25 206.25   58.41 0.000  0.24 0.000 9.999 0.259000  0.13 0.000000 0.045 0.000000  0.494 0.000  0.888 0.000  10.022 0.000   5.700 0.000   4.322 0.000 0.033 0.000  0.377 0.000000
208.25 209.25 9999.99 0.999 99.99 0.999 9.999 0.999000 99.99 0.999000 9.999 0.999000 99.999 0.999 99.999 0.999 999.999 0.999 999.999 0.999 999.999 0.999 9.999 0.999 99.999 0.999000
211.25 212.25   59.45 0.559  0.99 0.559 9.999 0.559259  0.27 0.559000 0.067 0.000000 99.999 0.699 99.999 0.699  11.281 0.000   6.186 0.559   5.094 0.659 0.038 0.559  0.618 0.000000
214.25 215.25   94.63 0.559  0.81 0.559 0.025 0.559000 99.99 0.559259 0.041 0.000000  0.224 0.000  0.403 0.000   6.600 0.000   2.309 0.559   4.291 0.659 0.046 0.559  0.431 0.000000
217.25 218.25   48.31 0.559  0.41 0.559 0.018 0.559000  0.15 0.559000 0.051 0.000000  0.130 0.000  0.234 0.000   5.612 0.000   2.793 0.559   2.819 0.659 0.025 0.559  0.234 0.000000
220.25 221.25  194.80 0.559  0.46 0.559 0.086 0.559000 99.99 0.559259 0.035 0.000000  0.036 0.000  0.064 0.000  12.731 0.000   6.805 0.559   5.927 0.659 0.081 0.559  0.332 0.000000
223.25 224.25   28.20 0.000  0.37 0.000 0.018 0.000000 99.99 0.259000 0.093 0.000000  0.293 0.000  0.527 0.000   6.882 0.000   3.614 0.000   3.268 0.000 0.021 0.000  0.375 0.000000
226.25 227.25  134.58 0.000  1.04 0.000 0.044 0.000000  0.30 0.000000 0.075 0.000000  0.403 0.000  0.726 0.000  12.721 0.000   6.250 0.000   6.472 0.000 0.061 0.000  0.669 0.000000
229.25 230.25  125.09 0.559  0.80 0.559 9.999 0.559259  0.18 0.559000 0.072 0.000000  0.412 0.000  0.742 0.000  13.554 0.000   7.857 0.559   5.697 0.659 0.056 0.559  0.440 0.000000
232.25 233.25   82.77 0.559  0.48 0.559 0.025 0.559000  0.25 0.559000 0.044 0.000000  0.365 0.000  0.657 0.000   9.952 0.000   4.979 0.559   4.973 0.659 0.039 0.559  0.573 0.000000
235.25 236.25   40.55 0.000  0.46 0.000 0.015 0.000000  0.13 0.000000 0.032 0.000000  0.231 0.000  0.416 0.000   6.807 0.000   3.716 0.000   3.090 0.000 0.021 0.000  0.304 0.000000
238.25 239.25   44.83 0.000  0.97 0.000 0.015 0.000000  0.23 0.000000 0.053 0.000000  0.418 0.559  0.753 0.559   8.242 0.000   3.667 0.000   4.576 0.000 0.034 0.000  0.482 0.000000
241.25 242.25  457.39 0.000  0.73 0.000 0.188 0.000000  0.26 0.000000 0.107 0.000000  0.482 0.000  0.868 0.000  22.188 0.000  11.306 0.000  10.881 0.000 0.171 0.000  0.487 0.000000
244.25 245.25  250.40 0.000  0.87 0.000 0.043 0.000000  0.16 0.000000 0.069 0.000000  0.614 0.000  1.105 0.000  19.786 0.000  11.340 0.000   8.446 0.000 0.099 0.000  0.628 0.000000
247.25 248.25    6.45 0.000  0.38 0.000 9.999 0.259000 99.99 0.259000 0.006 0.000000  0.391 0.000  0.703 0.000   4.506 0.000   1.164 0.000   3.343 0.000 0.007 0.000  0.510 0.000000
250.25 251.25   25.26 0.000  1.06 0.000 0.008 0.000000  0.18 0.000000 0.015 0.000000  0.925 0.000  1.665 0.000  10.536 0.000   2.257 0.000   8.279 0.000 0.029 0.000  1.094 0.000000
253.25 254.25    9.65 0.559  0.26 0.559 0.005 0.559000 99.99 0.559259 0.008 0.000000 99.999 0.999 99.999 0.999   5.864 0.000   2.280 0.559   3.584 0.659 0.012 0.559  0.584 0.000000
256.25 257.25   11.55 0.000  0.46 0.000 9.999 0.259000  0.09 0.000000 0.007 0.000000  0.218 0.000  0.392 0.000  11.099 0.000   1.875 0.000   9.225 0.000 0.012 0.000  1.762 0.000000
259.25 260.25    5.33 0.000  0.30 0.000 9.999 0.259000 99.99 0.259000 0.008 0.000000  0.432 0.000  0.778 0.000   3.529 0.000   1.423 0.000   2.105 0.000 0.008 0.000  0.189 0.000000
262.25 263.25   27.22 0.000  1.47 0.000 9.999 0.259000 99.99 0.259000 0.014 0.000000  0.561 0.000  1.010 0.000   8.826 0.000   4.173 0.000   4.653 0.000 0.025 0.000  0.555 0.000000
