scripts/IMPROVE-2019_partial/data/US4504R.20050101060000.20191216000000.filterpack..pm25.52w.1w.US03L_filterpack_US4504.US03L_IMPROVE_Davis.lev2.nas
64 1001
MISSING INFORMATION
US03L, IMPROVE, , , , , , , 
MISSING INFORMATION
IMPROVE sel_HTAP
1 1
2005 01 01 2019 12 16
3.00
days from file reference point
25
1 1 1 1 1 1 1 1 1 1 1 1 1 1 1 1 1 1 1 1 1 1 1 1 1
999.99 9999.99 9.999 99.99 9.999 9.999 9.999999 9.99 9.999 9.999 9.999 99.999 9.999 99.999 9.999 999.999 9.999 999.999 9.999 999.999 9.999 9.999 9.999 99.999 9.999
end_time of measurement, days from the file reference point
iron, ng/m3, Revision date=20181210133000
numflag iron, no unit, Revision date=20181210133000
lead, ng/m3, Revision date=20181210133000
numflag lead, no unit, Revision date=20181210133000
magnesium, ug/m3, Revision date=20181210133000
numflag magnesium, no unit, Revision date=20181210133000
nickel, ng/m3, Revision date=20181210133000
numflag nickel, no unit, Revision date=20181210133000
nitrate, ug N/m3, Revision date=20181210133000
numflag nitrate, no unit, Revision date=20181210133000
organic_carbon, ug C/m3, Revision date=20181210133000
numflag organic_carbon, no unit, Revision date=20181210133000
organic_mass, ug/m3, Revision date=20181210133000
numflag organic_mass, no unit, Revision date=20181210133000
pm10_mass, ug/m3, Version=2, Version description=Data extracted from http://views.cira.colostate.edu/fed/DataWizard 2019-12-16, Sample duration=1d, Orig. time res.=3d, Matrix=pm10, Blank correction=Blank corrected, Volume std. temperature=ambient, Volume std. pressure=ambient
numflag pm10_mass, no unit, Version=2, Version description=Data extracted from http://views.cira.colostate.edu/fed/DataWizard 2019-12-16, Sample duration=1d, Orig. time res.=3d, Matrix=pm10, Blank correction=Blank corrected, Volume std. temperature=ambient, Volume std. pressure=ambient
pm10_pm25_mass, ug/m3, Revision date=20181210133000, Matrix=pm10_pm25
numflag pm10_pm25_mass, no unit, Revision date=20181210133000, Matrix=pm10_pm25
pm25_mass, ug/m3, Version=2, Version description=Data extracted from http://views.cira.colostate.edu/fed/DataWizard 2019-12-16, Sample duration=1d, Orig. time res.=3d, Blank correction=Blank corrected, Volume std. temperature=ambient, Volume std. pressure=ambient
numflag pm25_mass, no unit, Version=2, Version description=Data extracted from http://views.cira.colostate.edu/fed/DataWizard 2019-12-16, Sample duration=1d, Orig. time res.=3d, Blank correction=Blank corrected, Volume std. temperature=ambient, Volume std. pressure=ambient
potassium, ug/m3, Revision date=20181210133000
numflag potassium, no unit, Revision date=20181210133000
sulphate_total, ug S/m3, Revision date=20181210133000
numflag sulphate_total, no unit, Revision date=20181210133000
0
25
Data definition:              EBAS_1.1
Set type code:                TU
Timezone:                     UTC
File name:                    US4504R.20050101060000.20191216000000.filterpack..pm25.52w.1w.US03L_filterpack_US4504.US03L_IMPROVE_Davis.lev2.nas
File creation:                20191218120442
Startdate:                    20050101060000
Revision date:                20191216000000
Statistics:                   arithmetic mean
Data level:                   2
Period code:                  52w
Resolution code:              1w
Station code:                 US4504R
Platform code:                US4504S
Station name:                 Big Bend National Park-K-Bar (TX04)
Station latitude:             29.3022
Station longitude:            -103.1772
Station altitude:             1056.0 m
Regime:                       IMG
Component:                    
Matrix:                       pm25
Laboratory code:              US03L
Instrument type:              filterpack
Instrument name:              filterpack_US4504
Method ref:                   US03L_IMPROVE_Davis
starttime endtime Fe flag_Fe Pb flag_Pb Mg++ flag_Mg++ Ni flag_Ni NO3- flag_NO3- OC flag_OC OM flag_OM PM10 flag_PM10 PM10-PM2.5 flag_PM10-PM2.5 PM2.5 flag_PM2.5 K+ flag_K+ SO4-- flag_SO4--
  0.25   1.25 9999.99 0.999 99.99 0.999 9.999 0.999000 9.99 0.999 9.999 0.999 99.999 0.999 99.999 0.999 999.999 0.999 999.999 0.999 999.999 0.999 9.999 0.999 99.999 0.999
  3.25   4.25   46.52 0.000  3.89 0.000 9.999 0.259000 0.63 0.000 0.058 0.559  1.224 0.000  2.202 0.000  15.324 0.000   6.046 0.000   9.351 0.000 0.110 0.000  1.363 0.559
  6.25   7.25   13.85 0.000  0.83 0.000 9.999 0.259000 0.21 0.000 0.032 0.559  0.391 0.000  0.704 0.000   5.417 0.000   2.717 0.000   2.699 0.000 0.023 0.000  0.311 0.559
  9.25  10.25   34.00 0.000  2.00 0.000 9.999 0.259000 0.36 0.000 0.027 0.000  0.889 0.000  1.601 0.000  10.736 0.000   3.814 0.000   6.920 0.000 0.072 0.000  0.973 0.000
 12.25  13.25   61.91 0.000  0.71 0.000 9.999 0.259000 9.99 0.259 0.029 0.559  0.264 0.000  0.475 0.000  12.565 0.000  10.028 0.000   2.537 0.000 0.044 0.000  0.107 0.559
 15.25  16.25   23.36 0.000  1.29 0.000 9.999 0.259000 0.19 0.000 0.225 0.559  1.327 0.000  2.389 0.000  10.524 0.000   4.642 0.000   5.881 0.000 0.075 0.000  0.507 0.559
 18.25  19.25   24.62 0.000  2.34 0.000 9.999 0.259000 0.26 0.000 0.042 0.559  0.996 0.000  1.794 0.000  11.526 0.000   3.732 0.000   7.792 0.000 0.090 0.000  1.048 0.559
 21.25  22.25   18.42 0.000  1.65 0.000 9.999 0.259000 0.31 0.000 0.025 0.559  0.537 0.000  0.967 0.000   8.996 0.000   5.340 0.000   3.656 0.000 0.044 0.000  0.398 0.559
 24.25  25.25   10.48 0.000  1.25 0.000 9.999 0.259000 0.39 0.000 0.018 0.559  0.749 0.000  1.349 0.000   4.857 0.000   0.976 0.000   3.900 0.000 0.024 0.000  0.414 0.559
 27.25  28.25    5.64 0.000  0.82 0.000 9.999 0.259000 9.99 0.259 0.011 0.559  0.442 0.000  0.795 0.000   1.776 0.000   0.543 0.000   1.232 0.000 0.008 0.000  0.087 0.559
 30.25  31.25    4.63 0.000  0.80 0.000 0.011 0.000000 0.13 0.000 0.027 0.559  0.351 0.000  0.632 0.000   4.387 0.000   0.545 0.000   3.841 0.000 0.008 0.000  0.625 0.559
 33.25  34.25    3.19 0.000  0.51 0.000 9.999 0.259000 9.99 0.259 0.183 0.559  0.123 0.000  0.221 0.000   4.424 0.000   0.694 0.000   3.729 0.000 0.005 0.000  0.683 0.559
 36.25  37.25    3.44 0.000  0.48 0.000 9.999 0.259000 0.27 0.000 0.010 0.559  0.151 0.000  0.271 0.000   1.784 0.000   0.281 0.000   1.502 0.000 0.007 0.000  0.177 0.559
 39.25  40.25   11.53 0.000  0.73 0.000 9.999 0.259000 0.34 0.000 0.026 0.000  0.272 0.000  0.490 0.000   4.439 0.000   1.051 0.000   3.388 0.000 0.013 0.000  0.483 0.000
 42.25  43.25   12.96 0.000  1.44 0.000 0.008 0.000000 0.28 0.000 0.037 0.559  0.721 0.000  1.298 0.000   6.080 0.000   2.150 0.000   3.929 0.000 0.035 0.000  0.518 0.559
 45.25  46.25    9.18 0.000  0.52 0.000 9.999 0.259000 0.35 0.000 0.005 0.559  0.194 0.000  0.349 0.000   2.650 0.000   1.340 0.000   1.335 0.000 0.015 0.000  0.128 0.559
 48.25  49.25   12.96 0.000  0.64 0.000 9.999 0.259000 0.15 0.000 0.119 0.559  0.814 0.000  1.464 0.000   8.232 0.000   2.610 0.000   5.622 0.000 0.025 0.000  0.774 0.559
 51.25  52.25   20.91 0.000  0.88 0.000 9.999 0.259000 0.21 0.000 0.006 0.559  0.185 0.000  0.333 0.000   5.562 0.000   3.257 0.000   2.305 0.000 0.032 0.000  0.280 0.559
 54.25  55.25    4.60 0.000  0.46 0.000 9.999 0.259000 9.99 0.259 0.049 0.559  0.431 0.000  0.775 0.000   3.664 0.000   1.293 0.000   2.371 0.000 0.014 0.000  0.366 0.559
 57.25  58.25    7.87 0.000  0.45 0.000 9.999 0.259000 0.22 0.000 0.044 0.000  0.366 0.000  0.659 0.000   2.304 0.000   1.034 0.000   1.270 0.000 0.008 0.000  0.223 0.000
 60.25  61.25   20.36 0.000  0.84 0.000 9.999 0.259000 9.99 0.259 0.015 0.000  0.289 0.000  0.521 0.000   4.549 0.000   2.209 0.000   2.340 0.000 0.019 0.000  0.269 0.000
 63.25  64.25   16.55 0.000  1.11 0.000 9.999 0.259000 0.11 0.000 0.016 0.000  0.597 0.000  1.074 0.000   8.561 0.000   1.263 0.000   7.297 0.000 0.040 0.000  1.276 0.000
 66.25  67.25   36.67 0.000  0.91 0.000 9.999 0.259000 9.99 0.259 0.017 0.000  0.386 0.000  0.695 0.000   9.866 0.000   7.243 0.000   2.830 0.000 0.035 0.000  0.261 0.000
 69.25  70.25   33.36 0.000  0.53 0.000 9.999 0.259000 9.99 0.259 0.021 0.000  0.369 0.000  0.664 0.000   9.335 0.000   6.711 0.000   2.623 0.000 0.028 0.000  0.174 0.000
 72.25  73.25   31.40 0.000  0.41 0.000 9.999 0.259000 9.99 0.259 0.029 0.000  1.114 0.000  2.004 0.000  11.844 0.000   8.202 0.000   3.642 0.000 0.031 0.000  0.235 0.000
 75.25  76.25   15.84 0.000  0.64 0.000 0.006 0.000000 9.99 0.259 0.009 0.000  1.846 0.000  3.323 0.000   5.535 0.000   1.220 0.000   4.314 0.000 0.023 0.000  0.476 0.000
 78.25  79.25   32.02 0.000  1.45 0.000 9.999 0.259000 9.99 0.259 0.014 0.000  0.361 0.000  0.651 0.000   4.418 0.000   2.083 0.000   2.334 0.000 0.027 0.000  0.225 0.000
 81.25  82.25   57.40 0.000  0.69 0.000 0.022 0.000000 9.99 0.259 0.023 0.000  0.262 0.000  0.471 0.000  10.581 0.000   7.918 0.000   2.662 0.000 0.043 0.000  0.164 0.000
 84.25  85.25   55.84 0.000  0.66 0.000 9.999 0.259000 0.09 0.000 0.033 0.000  0.485 0.000  0.873 0.000  14.536 0.000  10.230 0.000   4.306 0.000 0.050 0.000  0.440 0.000
 87.25  88.25  163.20 0.000  0.75 0.000 0.061 0.000000 9.99 0.259 0.023 0.000  0.469 0.000  0.843 0.000  26.494 0.000  21.070 0.000   5.843 0.000 0.116 0.000  0.198 0.000
 90.25  91.25   13.80 0.000  0.47 0.000 0.007 0.000000 9.99 0.259 0.034 0.559  0.165 0.000  0.296 0.000   5.686 0.000   3.809 0.000   1.876 0.000 0.014 0.000  0.253 0.559
 93.25  94.25   49.53 0.000  1.17 0.000 9.999 0.259000 9.99 0.259 0.020 0.000  0.630 0.000  1.134 0.000  10.383 0.000   6.364 0.000   4.019 0.000 0.059 0.000  0.309 0.000
 96.25  97.25  118.61 0.000  1.62 0.000 0.019 0.000000 9.99 0.259 0.033 0.000  0.360 0.000  0.648 0.000  13.729 0.000   8.756 0.000   4.972 0.000 0.075 0.000  0.374 0.000
 99.25 100.25  185.43 0.000  1.96 0.000 0.077 0.000000 0.23 0.000 0.069 0.000  0.388 0.000  0.698 0.000  18.283 0.000  11.431 0.000   6.853 0.000 0.127 0.000  0.379 0.000
102.25 103.25   99.85 0.000  1.14 0.000 0.019 0.000000 0.10 0.000 0.038 0.000  0.846 0.000  1.523 0.000  15.928 0.000   9.167 0.000   6.759 0.000 0.080 0.000  0.660 0.000
105.25 106.25   58.03 0.000  1.42 0.000 9.999 0.259000 0.20 0.000 0.047 0.000  1.245 0.000  2.241 0.000  15.943 0.000   6.658 0.000   9.284 0.000 0.074 0.000  1.201 0.000
108.25 109.25   14.87 0.000  0.38 0.000 9.999 0.259000 9.99 0.259 0.011 0.000  0.195 0.000  0.351 0.000   5.772 0.000   3.968 0.000   1.804 0.000 0.017 0.000  0.221 0.000
111.25 112.25   95.62 0.000  0.93 0.000 0.022 0.000000 0.26 0.000 0.089 0.000  1.205 0.000  2.169 0.000  19.863 0.000   8.899 0.000  10.960 0.000 0.111 0.000  1.484 0.000
114.25 115.25   73.67 0.000  1.27 0.000 0.023 0.000000 9.99 0.259 0.043 0.000  0.459 0.000  0.827 0.000   9.561 0.000   5.249 0.000   4.311 0.000 0.055 0.000  0.337 0.000
117.25 118.25   76.41 0.000  1.21 0.000 0.018 0.000000 9.99 0.259 0.030 0.000  0.443 0.000  0.796 0.000  10.281 0.000   6.459 0.000   3.822 0.000 0.053 0.000  0.304 0.000
120.25 121.25   55.29 0.000  0.90 0.000 9.999 0.259000 0.15 0.000 0.023 0.559  0.607 0.000  1.092 0.000  10.936 0.000   5.823 0.000   5.112 0.000 0.044 0.000  0.559 0.559
123.25 124.25   21.95 0.000  1.13 0.000 9.999 0.259000 0.41 0.000 0.026 0.000  0.698 0.000  1.257 0.000  11.172 0.000   2.501 0.000   8.669 0.000 0.030 0.000  1.570 0.000
126.25 127.25   63.18 0.000  1.66 0.000 0.015 0.000000 0.26 0.000 0.040 0.000  0.586 0.000  1.054 0.000  13.145 0.000   5.623 0.000   7.521 0.000 0.070 0.000  1.135 0.000
129.25 130.25   58.19 0.000  1.44 0.000 0.020 0.000000 0.52 0.000 0.106 0.000  2.488 0.000  4.478 0.000  24.631 0.000   7.582 0.000  17.209 0.000 0.213 0.000  1.961 0.000
132.25 133.25   37.92 0.000  0.81 0.000 9.999 0.259000 0.30 0.000 0.075 0.000  2.020 0.000  3.635 0.000  17.138 0.000   6.058 0.000  11.079 0.000 0.133 0.000  1.315 0.000
135.25 136.25   24.74 0.000  0.41 0.000 9.999 0.259000 0.28 0.000 0.025 0.000  0.420 0.000  0.756 0.000   4.642 0.000   1.758 0.000   2.884 0.000 0.027 0.000  0.325 0.000
138.25 139.25   63.28 0.000  1.56 0.000 0.012 0.000000 0.40 0.000 0.066 0.000  0.718 0.000  1.292 0.000  14.124 0.000   5.999 0.000   8.124 0.000 0.070 0.000  1.172 0.000
141.25 142.25   58.51 0.000  1.13 0.000 9.999 0.259000 0.32 0.000 0.062 0.000  1.115 0.000  2.007 0.000  12.962 0.000   4.985 0.000   7.979 0.000 0.118 0.000  0.915 0.000
144.25 145.25   80.88 0.000  1.55 0.000 0.012 0.000000 0.30 0.000 0.043 0.000  1.460 0.000  2.628 0.000  17.835 0.000   9.215 0.000   8.619 0.000 0.113 0.000  0.920 0.000
147.25 148.25   25.25 0.000  0.47 0.000 9.999 0.259000 9.99 0.259 0.026 0.000  1.060 0.000  1.908 0.000   7.884 0.000   3.082 0.000   4.801 0.000 0.050 0.000  0.519 0.000
150.25 151.25 9999.99 0.999 99.99 0.999 9.999 0.999000 9.99 0.999 9.999 0.999 99.999 0.999 99.999 0.999 999.999 0.999 999.999 0.999 999.999 0.999 9.999 0.999 99.999 0.999
153.25 154.25   53.24 0.000  0.86 0.000 0.017 0.000000 0.47 0.000 0.066 0.000  0.949 0.000  1.709 0.000  15.384 0.000   8.794 0.000   6.586 0.000 0.098 0.000  0.726 0.000
156.25 157.25   42.67 0.000  0.94 0.000 0.017 0.000000 0.31 0.000 0.106 0.000  2.005 0.000  3.610 0.000  19.586 0.000   5.628 0.000  14.017 0.000 0.167 0.000  1.977 0.000
159.25 160.25   52.36 0.000  1.06 0.000 9.999 0.259000 0.39 0.000 0.086 0.000  1.444 0.000  2.599 0.000  18.482 0.000   6.970 0.000  11.434 0.000 0.109 0.000  1.591 0.000
162.25 163.25   53.00 0.000  1.05 0.000 0.008 0.000000 0.42 0.000 0.073 0.000  0.961 0.000  1.729 0.000  15.327 0.000   6.673 0.000   8.581 0.000 0.092 0.000  1.105 0.000
165.25 166.25   20.29 0.000  0.78 0.000 9.999 0.259000 0.22 0.000 0.045 0.000  1.105 0.000  1.989 0.000  11.041 0.000   4.102 0.000   6.894 0.000 0.060 0.000  1.024 0.000
168.25 169.25   32.98 0.394  0.95 0.394 9.999 0.394259 0.23 0.394 0.038 0.394  0.833 0.000  1.499 0.000  10.493 0.000   5.629 0.000   4.862 0.000 0.051 0.394  0.586 0.394
171.25 172.25   19.34 0.000  0.89 0.000 9.999 0.259000 0.25 0.000 0.024 0.000  1.420 0.000  2.555 0.000  15.475 0.000   4.705 0.000  10.803 0.000 0.030 0.000  1.829 0.000
174.25 175.25   21.37 0.000  0.77 0.000 9.999 0.259000 9.99 0.259 0.031 0.000  0.884 0.000  1.592 0.000  12.398 0.000   6.035 0.000   6.297 0.000 0.027 0.000  1.007 0.000
177.25 178.25   73.25 0.000  0.58 0.000 9.999 0.259000 9.99 0.259 0.062 0.000  0.450 0.000  0.811 0.000   9.337 0.000   5.343 0.000   3.937 0.000 0.038 0.000  0.378 0.000
180.25 181.25   20.78 0.000  0.46 0.000 9.999 0.259000 0.15 0.000 0.032 0.000  0.407 0.000  0.733 0.000   9.258 0.000   5.803 0.000   3.393 0.000 0.023 0.000  0.434 0.000
183.25 184.25 9999.99 0.999 99.99 0.999 9.999 0.999000 9.99 0.999 9.999 0.999 99.999 0.999 99.999 0.999 999.999 0.999 999.999 0.999 999.999 0.999 9.999 0.999 99.999 0.999
186.25 187.25   39.25 0.000  0.43 0.000 9.999 0.259000 9.99 0.259 0.039 0.000  0.649 0.000  1.169 0.000  13.475 0.000   6.257 0.000   7.149 0.000 0.061 0.000  1.073 0.000
189.25 190.25   41.83 0.000  0.28 0.000 9.999 0.259000 9.99 0.259 0.035 0.000  0.898 0.000  1.616 0.000  13.399 0.000   7.144 0.000   6.178 0.000 0.057 0.000  0.710 0.000
192.25 193.25   98.17 0.000 99.99 0.259 9.999 0.259000 9.99 0.259 0.028 0.559  0.786 0.000  1.414 0.000  13.775 0.000   6.259 0.000   7.519 0.000 0.055 0.000  0.906 0.559
195.25 196.25   38.52 0.000  0.23 0.000 9.999 0.259000 0.10 0.000 0.034 0.000  0.715 0.000  1.288 0.000  11.254 0.000   5.334 0.000   5.862 0.000 0.033 0.000  0.812 0.000
198.25 199.25   16.35 0.000  0.59 0.000 9.999 0.259000 0.17 0.000 0.034 0.000  0.318 0.000  0.572 0.000   7.393 0.000   3.318 0.000   4.039 0.000 0.020 0.000  0.592 0.000
201.25 202.25   41.58 0.000  0.07 0.000 9.999 0.259000 0.20 0.000 0.062 0.559  0.184 0.000  0.331 0.000   7.148 0.000   2.946 0.000   4.170 0.000 0.023 0.000  0.625 0.559
204.25 205.25   22.99 0.000  0.07 0.000 9.999 0.259000 0.20 0.000 0.042 0.559  0.078 0.000  0.140 0.000   5.190 0.000   2.477 0.000   2.686 0.000 0.015 0.000  0.358 0.559
207.25 208.25   55.24 0.000  0.25 0.000 9.999 0.259000 0.10 0.000 0.033 0.000  0.407 0.559  0.733 0.559   7.292 0.000   2.995 0.000   4.263 0.000 0.027 0.000  0.541 0.000
210.25 211.25  706.34 0.000  1.14 0.000 0.240 0.000000 9.99 0.259 0.142 0.000  0.478 0.559  0.861 0.559  34.225 0.000  18.861 0.000  15.161 0.000 0.273 0.000  0.509 0.000
213.25 214.25  255.82 0.000  1.03 0.000 9.999 0.259000 9.99 0.259 0.039 0.000  1.344 0.559  2.418 0.559  24.477 0.000   9.315 0.000  15.223 0.000 0.111 0.000  1.925 0.000
216.25 217.25  103.60 0.000  0.46 0.000 9.999 0.259000 0.17 0.000 0.022 0.000  0.428 0.559  0.770 0.559   7.455 0.000   2.602 0.000   4.824 0.000 0.049 0.000  0.519 0.000
219.25 220.25   56.50 0.000  0.18 0.000 9.999 0.259000 0.10 0.000 0.018 0.000  0.330 0.559  0.593 0.559   5.972 0.000   2.329 0.000   3.617 0.000 0.028 0.000  0.417 0.000
222.25 223.25   57.89 0.000  0.61 0.000 0.009 0.000000 9.99 0.259 0.016 0.000  0.195 0.559  0.350 0.559   6.298 0.000   3.255 0.000   3.007 0.000 0.029 0.000  0.329 0.000
225.25 226.25   47.64 0.000  2.06 0.000 9.999 0.259000 0.23 0.000 0.019 0.000  1.684 0.559  3.030 0.559   8.761 0.000   2.269 0.000   6.466 0.000 0.034 0.000  1.067 0.000
228.25 229.25   11.98 0.000  0.20 0.000 9.999 0.259000 0.23 0.000 0.030 0.000  0.569 0.000  1.023 0.000   6.866 0.000   3.237 0.000   3.630 0.000 0.017 0.000  0.520 0.000
231.25 232.25   95.57 0.000  0.30 0.000 0.011 0.000000 0.22 0.000 0.031 0.000  0.534 0.000  0.961 0.000  10.369 0.000   5.249 0.000   5.121 0.000 0.041 0.000  0.581 0.000
234.25 235.25   30.30 0.000  0.20 0.000 9.999 0.259000 0.21 0.000 0.030 0.000  0.321 0.000  0.577 0.000   6.609 0.000   3.637 0.000   3.057 0.000 0.019 0.000  0.398 0.000
237.25 238.25   10.32 0.000  0.21 0.000 9.999 0.259000 0.29 0.000 0.016 0.000  0.353 0.000  0.636 0.000   7.386 0.000   3.540 0.000   3.846 0.000 0.016 0.000  0.652 0.000
240.25 241.25   10.60 0.000  0.30 0.000 9.999 0.259000 9.99 0.259 0.010 0.000  0.738 0.000  1.329 0.000   5.620 0.000   2.061 0.000   3.559 0.000 0.015 0.000  0.383 0.000
243.25 244.25   25.93 0.000  0.80 0.000 9.999 0.259000 0.13 0.000 0.018 0.000  1.248 0.000  2.246 0.000  16.156 0.000   8.165 0.000   7.994 0.000 0.039 0.000  1.058 0.000
246.25 247.25 9999.99 0.999 99.99 0.999 9.999 0.999000 9.99 0.999 9.999 0.999 99.999 0.999 99.999 0.999   5.775 0.000 999.999 0.999   3.678 0.000 9.999 0.999 99.999 0.999
249.25 250.25   26.01 0.000  1.34 0.000 9.999 0.259000 0.17 0.000 0.024 0.000  1.360 0.559  2.448 0.559  20.212 0.000   4.754 0.000  15.459 0.000 0.032 0.000  2.896 0.000
252.25 253.25   13.99 0.000  0.92 0.000 9.999 0.259000 9.99 0.259 0.030 0.000  0.694 0.000  1.248 0.000   8.278 0.000   3.256 0.000   5.023 0.000 0.018 0.000  0.764 0.000
255.25 256.25   97.99 0.000  0.46 0.000 9.999 0.259000 9.99 0.259 0.027 0.000  0.352 0.000  0.634 0.000  11.670 0.000   4.167 0.000   7.503 0.000 0.046 0.000  1.159 0.000
258.25 259.25   52.14 0.000  0.96 0.000 9.999 0.259000 0.30 0.000 0.044 0.000  0.793 0.000  1.427 0.000  14.158 0.000   6.411 0.000   7.747 0.000 0.036 0.000  1.245 0.000
261.25 262.25   37.56 0.000  0.52 0.000 0.008 0.000000 0.27 0.000 0.031 0.000  0.332 0.000  0.597 0.000   8.470 0.000   4.385 0.000   4.085 0.000 0.025 0.000  0.600 0.000
264.25 265.25   18.54 0.000  0.62 0.000 9.999 0.259000 0.19 0.000 0.015 0.000  0.610 0.559  1.098 0.559   9.403 0.000   4.224 0.000   5.179 0.000 0.019 0.000  0.900 0.000
267.25 268.25   26.17 0.000  1.17 0.000 9.999 0.259000 0.26 0.000 0.011 0.000  1.682 0.000  3.028 0.000  13.586 0.000   4.486 0.000   9.101 0.000 0.038 0.000  1.340 0.000
270.25 271.25   21.40 0.000  0.83 0.000 9.999 0.259000 0.14 0.000 0.010 0.000  0.565 0.000  1.018 0.000   7.093 0.000   3.247 0.000   3.846 0.000 0.020 0.000  0.547 0.000
273.25 274.25   27.81 0.000  1.01 0.000 9.999 0.259000 0.24 0.000 0.027 0.000  1.238 0.000  2.229 0.000  14.710 0.000   7.170 0.000   7.541 0.000 0.035 0.000  1.114 0.000
276.25 277.25    3.29 0.000  0.18 0.000 9.999 0.259000 0.24 0.000 0.069 0.000  0.337 0.000  0.606 0.000   5.179 0.000   2.850 0.000   2.329 0.000 0.011 0.000  0.260 0.000
