scripts/IMPROVE-2019_partial/data/US4504R.20110103060000.20191216000000.filterpack...1y.3d.US03L_filterpack_US4504.US03L_IMPROVE_Davis.lev2.nas
51 1001
MISSING INFORMATION
US03L, IMPROVE, , , , , , , 
MISSING INFORMATION
IMPROVE sel_HTAP
1 1
2011 01 01 2019 12 16
3.00
days from file reference point
4
1 1 1 1
999.99 9999.999 999.999 9.999
end_time of measurement, days from the file reference point
pm10_mass, ug/m3, Matrix=pm10
pm25_mass, ug/m3, Matrix=pm25
numflag, no unit
0
33
Data definition:              EBAS_1.1
Set type code:                TU
Timezone:                     UTC
File name:                    US4504R.20110103060000.20191216000000.filterpack...1y.3d.US03L_filterpack_US4504.US03L_IMPROVE_Davis.lev2.nas
File creation:                20191218120443
Startdate:                    20110103060000
Revision date:                20191216000000
Version:                      2
Version description:          "Data extracted from http://views.cira.colostate.edu/fed/DataWizard 2019-12-16"
Statistics:                   arithmetic mean
Data level:                   2
Period code:                  1y
Resolution code:              3d
Sample duration:              1d
Orig. time res.:              3d
Station code:                 US4504R
Platform code:                US4504S
Station name:                 Big Bend National Park-K-Bar (TX04)
Station latitude:             29.3022
Station longitude:            -103.1772
Station altitude:             1056.0 m
Regime:                       IMG
Component:                    
Unit:                         ug/m3
Matrix:                       
Laboratory code:              US03L
Instrument type:              filterpack
Instrument name:              filterpack_US4504
Method ref:                   US03L_IMPROVE_Davis
Blank correction:             Blank corrected
Volume std. temperature:      ambient
Volume std. pressure:         ambient
starttime endtime PM10 PM2.5 flag
  2.25   3.25   12.530   4.272 0.000
  5.25   6.25    3.472   1.451 0.000
  8.25   9.25    3.311   1.430 0.000
 11.25  12.25    5.621   3.722 0.000
 14.25  15.25    8.637   6.990 0.000
 17.25  18.25    5.179   1.097 0.000
 20.25  21.25   18.890   2.979 0.000
 23.25  24.25    7.175   1.851 0.000
 26.25  27.25   10.667   3.186 0.000
 29.25  30.25    4.245   1.598 0.000
 32.25  33.25   16.011   3.984 0.000
 35.25  36.25    6.122   2.143 0.000
 38.25  39.25   22.863   3.980 0.000
 41.25  42.25   13.925   3.443 0.000
 44.25  45.25    8.720   3.951 0.000
 47.25  48.25   12.100   5.417 0.000
 50.25  51.25   30.991   9.841 0.000
 53.25  54.25   12.145   7.050 0.000
 56.25  57.25   14.117   4.855 0.000
 59.25  60.25   12.845   4.200 0.000
 62.25  63.25    9.904   4.327 0.000
 65.25  66.25   18.261   6.313 0.000
 68.25  69.25   12.421   5.396 0.000
 71.25  72.25   11.194   5.623 0.000
 74.25  75.25   20.212   9.479 0.000
 77.25  78.25   22.069  10.528 0.000
 80.25  81.25   16.920   6.082 0.000
 83.25  84.25   19.831   8.938 0.000
 86.25  87.25   19.994  11.692 0.000
 89.25  90.25   10.595   3.155 0.000
 92.25  93.25   26.681  11.552 0.000
 95.25  96.25   32.488  13.550 0.000
 98.25  99.25   15.900   5.521 0.000
101.25 102.25   54.413  25.439 0.000
104.25 105.25   47.672  19.168 0.000
107.25 108.25   24.026   9.992 0.000
110.25 111.25   38.452  20.134 0.000
113.25 114.25   13.969  10.034 0.000
116.25 117.25   46.101  11.356 0.000
119.25 120.25   24.447   9.963 0.000
122.25 123.25   14.575   4.330 0.000
125.25 126.25   41.581  12.851 0.000
128.25 129.25   20.136   9.225 0.000
131.25 132.25   29.960  13.193 0.000
134.25 135.25   23.234   6.587 0.000
137.25 138.25   19.517   7.118 0.000
140.25 141.25   16.134   4.788 0.000
143.25 144.25   19.201   7.465 0.000
146.25 147.25   29.118  12.801 0.000
149.25 150.25   46.739  20.071 0.000
152.25 153.25   19.019   5.997 0.000
155.25 156.25   13.381   4.722 0.000
158.25 159.25   31.679  18.194 0.000
161.25 162.25   23.836  10.237 0.000
164.25 165.25   42.796  19.821 0.000
167.25 168.25   32.715  12.346 0.000
170.25 171.25   27.815   9.783 0.000
173.25 174.25   10.387   5.001 0.000
176.25 177.25   14.705   5.118 0.000
179.25 180.25   15.204   4.581 0.000
182.25 183.25   14.191   6.001 0.000
185.25 186.25   28.736  11.162 0.000
188.25 189.25   15.700   7.020 0.000
191.25 192.25   12.184   6.749 0.000
194.25 195.25   16.758   6.471 0.000
197.25 198.25   12.025   4.105 0.000
200.25 201.25   17.352   5.127 0.000
203.25 204.25    6.589   3.446 0.000
206.25 207.25   14.275   4.562 0.000
209.25 210.25   14.704   5.761 0.000
212.25 213.25   10.567   3.850 0.000
215.25 216.25    6.850   2.865 0.000
218.25 219.25   11.595   5.150 0.000
221.25 222.25   13.057   5.890 0.000
224.25 225.25    9.919   6.245 0.000
227.25 228.25   12.529   5.378 0.000
230.25 231.25   18.960   8.099 0.000
233.25 234.25   11.089   4.906 0.000
236.25 237.25   12.702   5.096 0.000
239.25 240.25   14.631   8.759 0.000
242.25 243.25   11.881   5.806 0.000
245.25 246.25    2.374   4.201 0.000
248.25 249.25   19.773   3.530 0.000
251.25 252.25   20.601   8.651 0.000
254.25 255.25   18.819   7.081 0.000
257.25 258.25   14.428   6.247 0.000
260.25 261.25    6.250   3.629 0.000
263.25 264.25    8.484   3.592 0.000
266.25 267.25    9.469   4.647 0.000
269.25 270.25   13.426   5.277 0.000
272.25 273.25   13.164   4.756 0.000
275.25 276.25   17.706   5.925 0.000
278.25 279.25   13.839   5.043 0.000
281.25 282.25    4.167   2.411 0.000
284.25 285.25   30.109   5.959 0.000
287.25 288.25   29.527   4.982 0.000
290.25 291.25   99.160  34.926 0.000
293.25 294.25   27.512   6.137 0.000
296.25 297.25   24.544   6.454 0.000
299.25 300.25   27.622   5.493 0.000
302.25 303.25   10.409   2.885 0.000
305.25 306.25  123.496  19.027 0.000
308.25 309.25   38.044   5.993 0.000
311.25 312.25   25.772   4.432 0.000
314.25 315.25   12.161   3.286 0.000
317.25 318.25   12.455   2.538 0.000
320.25 321.25   15.739   4.148 0.000
323.25 324.25    4.970   2.390 0.000
326.25 327.25   10.780   2.443 0.000
329.25 330.25   50.127   9.967 0.000
332.25 333.25 9999.999 999.999 0.999
335.25 336.25   27.752   7.417 0.000
338.25 339.25    4.338   1.362 0.000
341.25 342.25    4.217   1.862 0.000
344.25 345.25    4.989   4.076 0.000
347.25 348.25   10.119   5.382 0.000
350.25 351.25    4.476   2.093 0.000
353.25 354.25    4.161   1.110 0.000
356.25 357.25    6.874   4.444 0.000
359.25 360.25    1.942   1.135 0.000
362.25 363.25    3.938   1.494 0.000
