scripts/IMPROVE-2019_partial/data/US4504R.19880302060000.20191216000000.filterpack...10mo.3d.US03L_filterpack_US4504.US03L_IMPROVE_Davis.lev2.nas
51 1001
MISSING INFORMATION
US03L, IMPROVE, , , , , , , 
MISSING INFORMATION
IMPROVE sel_HTAP
1 1
1988 01 01 2019 12 16
0
days from file reference point
4
1 1 1 1
999.99 999.999 999.999 9.999
end_time of measurement, days from the file reference point
pm10_mass, ug/m3, Matrix=pm10
pm25_mass, ug/m3, Matrix=pm25
numflag, no unit
0
33
Data definition:              EBAS_1.1
Set type code:                TI
Timezone:                     UTC
File name:                    US4504R.19880302060000.20191216000000.filterpack...10mo.3d.US03L_filterpack_US4504.US03L_IMPROVE_Davis.lev2.nas
File creation:                20191218120440
Startdate:                    19880302060000
Revision date:                20191216000000
Version:                      2
Version description:          "Data extracted from http://views.cira.colostate.edu/fed/DataWizard 2019-12-16"
Statistics:                   arithmetic mean
Data level:                   2
Period code:                  10mo
Resolution code:              3d
Sample duration:              1d
Orig. time res.:              3d
Station code:                 US4504R
Platform code:                US4504S
Station name:                 Big Bend National Park-K-Bar (TX04)
Station latitude:             29.3022
Station longitude:            -103.1772
Station altitude:             1056.0 m
Regime:                       IMG
Component:                    
Unit:                         ug/m3
Matrix:                       
Laboratory code:              US03L
Instrument type:              filterpack
Instrument name:              filterpack_US4504
Method ref:                   US03L_IMPROVE_Davis
Blank correction:             Blank corrected
Volume std. temperature:      ambient
Volume std. pressure:         ambient
starttime endtime PM10 PM2.5 flag
 61.25  62.25  22.746   4.801 0.000
 64.25  65.25   7.742   4.228 0.000
 68.25  69.25   5.656   5.533 0.000
 71.25  72.25  34.597 999.999 0.000
 75.25  76.25  15.020  11.133 0.000
 78.25  79.25   5.422   2.763 0.000
 82.25  83.25  14.898   8.233 0.000
 85.25  86.25  27.702   9.456 0.000
 89.25  90.25  38.414   8.973 0.000
 92.25  93.25   8.862   4.088 0.000
 96.25  97.25  42.869  10.166 0.000
 99.25 100.25  31.048   8.856 0.000
103.25 104.25  12.683   5.588 0.000
106.25 107.25 999.999 999.999 0.999
110.25 111.25  13.629   7.467 0.000
113.25 114.25  17.371   6.536 0.000
117.25 118.25  28.273   8.947 0.000
120.25 121.25  10.558   5.229 0.000
124.25 125.25  20.320  10.065 0.000
127.25 128.25  15.198 999.999 0.000
131.25 132.25  31.165  23.497 0.000
134.25 135.25 999.999   8.454 0.000
138.25 139.25  11.566   7.105 0.000
141.25 142.25   9.444   5.855 0.000
145.25 146.25  14.560   8.846 0.000
148.25 149.25  19.368  14.422 0.000
152.25 153.25  17.581  10.439 0.000
155.25 156.25  14.900   7.733 0.000
159.25 160.25  17.073  10.135 0.000
162.25 163.25  22.097  15.369 0.000
166.25 167.25 999.999   3.300 0.000
169.25 170.25  12.470   7.855 0.000
173.25 174.25  10.880   6.689 0.000
176.25 177.25   6.838   4.032 0.000
180.25 181.25 999.999 999.999 0.999
183.25 184.25 999.999 999.999 0.999
187.25 188.25  11.660   6.174 0.000
190.25 191.25   8.281   6.302 0.000
194.25 195.25  11.621   7.396 0.000
197.25 198.25   7.876   4.175 0.000
201.25 202.25  14.400   6.275 0.000
204.25 205.25   9.409   4.575 0.000
208.25 209.25  18.211   8.671 0.000
211.25 212.25  15.863   7.475 0.000
215.25 216.25  10.081   5.743 0.000
218.25 219.25  10.199   6.124 0.000
222.25 223.25  19.786  10.491 0.000
225.25 226.25  13.676   6.341 0.000
229.25 230.25   5.556   1.781 0.000
232.25 233.25   7.020   3.542 0.000
236.25 237.25   8.780   4.132 0.000
239.25 240.25  15.000   9.326 0.000
243.25 244.25  22.600   6.667 0.000
246.25 247.25   8.214   6.055 0.000
250.25 251.25   7.660   5.199 0.000
253.25 254.25 999.999 999.999 0.999
257.25 258.25  11.049   5.263 0.000
260.25 261.25   4.729   2.418 0.000
264.25 265.25  10.818   8.268 0.000
267.25 268.25   8.358   5.701 0.000
271.25 272.25  10.000   6.124 0.000
274.25 275.25   7.555   3.311 0.000
278.25 279.25  10.191   6.033 0.000
281.25 282.25  14.583   9.898 0.000
285.25 286.25  10.516   5.188 0.000
288.25 289.25  14.163   9.129 0.000
292.25 293.25 999.999 999.999 0.999
295.25 296.25  11.364   6.477 0.000
299.25 300.25  15.946   8.508 0.000
302.25 303.25  12.331   6.267 0.000
306.25 307.25   6.603   3.980 0.000
309.25 310.25  12.210   3.225 0.000
313.25 314.25 999.999 999.999 0.999
316.25 317.25   8.120   3.456 0.000
320.25 321.25  11.790   2.923 0.000
323.25 324.25  12.176   3.136 0.000
327.25 328.25   8.511   5.234 0.000
330.25 331.25   8.864   2.100 0.000
334.25 335.25  17.743   3.664 0.000
337.25 338.25  12.500   5.512 0.000
341.25 342.25  11.858   8.116 0.000
344.25 345.25 999.999   2.933 0.000
348.25 349.25   5.748   3.468 0.000
351.25 352.25  10.383   5.597 0.000
355.25 356.25  20.687   7.633 0.000
358.25 359.25   9.176   2.271 0.000
362.25 363.25   4.600   1.858 0.000
365.25 366.25   5.652   2.778 0.000
