scripts/IMPROVE-2019_partial/data/US4504R.20020102060000.20191216000000.filterpack..pm25.52w.1w.US03L_filterpack_US4504.US03L_IMPROVE_Davis.lev2.nas
64 1001
MISSING INFORMATION
US03L, IMPROVE, , , , , , , 
MISSING INFORMATION
IMPROVE sel_HTAP
1 1
2002 01 01 2019 12 16
3.00
days from file reference point
25
1 1 1 1 1 1 1 1 1 1 1 1 1 1 1 1 1 1 1 1 1 1 1 1 1
999.99 9999.99 9.999 99.99 9.999999 9.999 9.999999 9.99 9.999999 9.999 9.999999 99.999 9.999 99.999 9.999 999.999 9.999 999.999 9.999 999.999 9.999 9.999 9.999 99.999 9.999999
end_time of measurement, days from the file reference point
iron, ng/m3, Revision date=20181210133000
numflag iron, no unit, Revision date=20181210133000
lead, ng/m3, Revision date=20181210133000
numflag lead, no unit, Revision date=20181210133000
magnesium, ug/m3, Revision date=20181210133000
numflag magnesium, no unit, Revision date=20181210133000
nickel, ng/m3, Revision date=20181210133000
numflag nickel, no unit, Revision date=20181210133000
nitrate, ug N/m3, Revision date=20181210133000
numflag nitrate, no unit, Revision date=20181210133000
organic_carbon, ug C/m3, Revision date=20181210133000
numflag organic_carbon, no unit, Revision date=20181210133000
organic_mass, ug/m3, Revision date=20181210133000
numflag organic_mass, no unit, Revision date=20181210133000
pm10_mass, ug/m3, Version=2, Version description=Data extracted from http://views.cira.colostate.edu/fed/DataWizard 2019-12-16, Sample duration=1d, Orig. time res.=3d, Matrix=pm10, Blank correction=Blank corrected, Volume std. temperature=ambient, Volume std. pressure=ambient
numflag pm10_mass, no unit, Version=2, Version description=Data extracted from http://views.cira.colostate.edu/fed/DataWizard 2019-12-16, Sample duration=1d, Orig. time res.=3d, Matrix=pm10, Blank correction=Blank corrected, Volume std. temperature=ambient, Volume std. pressure=ambient
pm10_pm25_mass, ug/m3, Revision date=20181210133000, Matrix=pm10_pm25
numflag pm10_pm25_mass, no unit, Revision date=20181210133000, Matrix=pm10_pm25
pm25_mass, ug/m3, Version=2, Version description=Data extracted from http://views.cira.colostate.edu/fed/DataWizard 2019-12-16, Sample duration=1d, Orig. time res.=3d, Blank correction=Blank corrected, Volume std. temperature=ambient, Volume std. pressure=ambient
numflag pm25_mass, no unit, Version=2, Version description=Data extracted from http://views.cira.colostate.edu/fed/DataWizard 2019-12-16, Sample duration=1d, Orig. time res.=3d, Blank correction=Blank corrected, Volume std. temperature=ambient, Volume std. pressure=ambient
potassium, ug/m3, Revision date=20181210133000
numflag potassium, no unit, Revision date=20181210133000
sulphate_total, ug S/m3, Revision date=20181210133000
numflag sulphate_total, no unit, Revision date=20181210133000
0
25
Data definition:              EBAS_1.1
Set type code:                TU
Timezone:                     UTC
File name:                    US4504R.20020102060000.20191216000000.filterpack..pm25.52w.1w.US03L_filterpack_US4504.US03L_IMPROVE_Davis.lev2.nas
File creation:                20191218120441
Startdate:                    20020102060000
Revision date:                20191216000000
Statistics:                   arithmetic mean
Data level:                   2
Period code:                  52w
Resolution code:              1w
Station code:                 US4504R
Platform code:                US4504S
Station name:                 Big Bend National Park-K-Bar (TX04)
Station latitude:             29.3022
Station longitude:            -103.1772
Station altitude:             1056.0 m
Regime:                       IMG
Component:                    
Matrix:                       pm25
Laboratory code:              US03L
Instrument type:              filterpack
Instrument name:              filterpack_US4504
Method ref:                   US03L_IMPROVE_Davis
starttime endtime Fe flag_Fe Pb flag_Pb Mg++ flag_Mg++ Ni flag_Ni NO3- flag_NO3- OC flag_OC OM flag_OM PM10 flag_PM10 PM10-PM2.5 flag_PM10-PM2.5 PM2.5 flag_PM2.5 K+ flag_K+ SO4-- flag_SO4--
  1.25   2.25    5.40 0.559 99.99 0.559259 0.052 0.559000 0.07 0.559000 0.129 0.000000  0.505 0.000  0.707 0.000   4.135 0.000   1.026 0.000   3.108 0.559 0.012 0.559  0.526 0.000000
  4.25   5.25   10.97 0.559  0.48 0.559000 9.999 0.559259 9.99 0.559259 0.079 0.559000  0.437 0.000  0.612 0.000   6.665 0.000   3.809 0.000   2.856 0.559 0.015 0.559  0.421 0.559000
  7.25   8.25 9999.99 0.999 99.99 0.999000 9.999 0.999000 9.99 0.999000 9.999 0.999000 99.999 0.999 99.999 0.999 999.999 0.999 999.999 0.999 999.999 0.999 9.999 0.999 99.999 0.999000
 10.25  11.25   11.96 0.559  0.28 0.559000 9.999 0.559259 9.99 0.559259 0.025 0.559000  0.177 0.000  0.248 0.000   5.268 0.000   4.144 0.000   1.125 0.559 0.015 0.559  0.079 0.559000
 13.25  14.25   18.51 0.559  0.45 0.559000 9.999 0.559259 0.16 0.559000 0.017 0.559000  0.269 0.000  0.376 0.000   9.060 0.000   7.047 0.000   2.013 0.559 0.020 0.559  0.176 0.559000
 16.25  17.25   20.21 0.559  1.27 0.559000 9.999 0.559259 0.39 0.559000 0.023 0.559000  0.684 0.000  0.957 0.000   7.897 0.000   3.770 0.000   4.127 0.559 0.036 0.559  0.447 0.559000
 19.25  20.25   49.68 0.559  0.85 0.559000 9.999 0.559259 9.99 0.559259 0.016 0.559000  0.199 0.000  0.279 0.000  14.286 0.000  11.399 0.000   2.886 0.559 0.036 0.559  0.242 0.559000
 22.25  23.25   28.42 0.559 99.99 0.559259 9.999 0.559259 0.23 0.559000 0.021 0.559000  0.310 0.000  0.433 0.000   7.778 0.000   5.206 0.000   2.572 0.559 0.034 0.559  0.287 0.559000
 25.25  26.25   44.85 0.559  0.93 0.559000 9.999 0.559259 9.99 0.559259 0.046 0.559000  0.340 0.000  0.476 0.000  13.729 0.000   9.934 0.000   3.796 0.559 0.043 0.559  0.339 0.559000
 28.25  29.25   38.00 0.000  1.98 0.000000 9.999 0.259000 0.80 0.000000 0.040 0.000000  1.538 0.000  2.154 0.000  16.663 0.000   6.400 0.000  10.263 0.000 0.087 0.000  1.583 0.000000
 31.25  32.25   13.77 0.559  0.52 0.559000 9.999 0.559259 9.99 0.559259 0.082 0.559000  0.377 0.000  0.528 0.000   5.580 0.000   2.937 0.000   2.643 0.559 0.014 0.559  0.338 0.559000
 34.25  35.25   11.22 0.559  1.07 0.559000 9.999 0.559259 9.99 0.559259 0.393 0.559000  0.717 0.000  1.003 0.000   6.904 0.000   2.406 0.000   4.498 0.559 0.017 0.559  0.296 0.559000
 37.25  38.25   10.95 0.559  0.53 0.559000 9.999 0.559259 0.15 0.559000 0.019 0.559000  0.234 0.000  0.328 0.000   3.073 0.000   1.309 0.000   1.764 0.559 0.011 0.559  0.208 0.559000
 40.25  41.25  220.69 0.559  0.33 0.559000 9.999 0.559259 9.99 0.559259 0.031 0.559000  0.387 0.000  0.542 0.000  41.948 0.000  33.698 0.000   8.250 0.559 0.125 0.559  0.149 0.559000
 43.25  44.25   90.67 0.559  0.57 0.559000 9.999 0.559259 9.99 0.559259 0.170 0.000000  0.607 0.000  0.850 0.000  26.855 0.000  22.677 0.000   4.178 0.559 0.058 0.559  0.195 0.000000
 46.25  47.25   45.56 0.559  0.86 0.559000 9.999 0.559259 9.99 0.559259 0.028 0.000000  0.394 0.000  0.552 0.000  12.133 0.000   9.165 0.000   2.968 0.559 0.037 0.559  0.250 0.000000
 49.25  50.25  180.00 0.559  0.68 0.559000 9.999 0.559259 9.99 0.559259 0.043 0.559000  0.353 0.000  0.494 0.000  30.341 0.000  24.012 0.000   6.330 0.559 0.130 0.559  0.260 0.559000
 52.25  53.25  178.89 0.000  0.39 0.000000 9.999 0.259000 9.99 0.259000 0.039 0.559000  0.283 0.000  0.396 0.000  20.594 0.000  14.472 0.000   6.122 0.000 0.099 0.000  0.175 0.559000
 55.25  56.25  105.86 0.000  1.14 0.000000 9.999 0.259000 9.99 0.259000 0.020 0.559000  0.448 0.000  0.627 0.000  10.969 0.000   7.343 0.000   3.626 0.000 0.081 0.000  0.111 0.559000
 58.25  59.25   59.19 0.000  0.70 0.000000 9.999 0.259000 9.99 0.259000 0.035 0.559000  0.451 0.000  0.631 0.000  17.702 0.000  12.847 0.000   4.855 0.000 0.054 0.000  0.465 0.559000
 61.25  62.25   45.91 0.000  0.46 0.000000 9.999 0.259000 0.21 0.000000 0.032 0.000000  0.277 0.000  0.387 0.000  10.878 0.000   7.785 0.000   3.093 0.000 0.036 0.000  0.325 0.000000
 64.25  65.25  121.21 0.000  1.96 0.000000 9.999 0.259000 0.49 0.000000 0.031 0.559000  0.540 0.000  0.757 0.000  17.321 0.000  11.210 0.000   6.111 0.000 0.099 0.000  0.456 0.559000
 67.25  68.25  234.06 0.000  0.95 0.000000 9.999 0.259000 9.99 0.259000 0.032 0.559000  0.503 0.000  0.704 0.000  42.984 0.000  35.856 0.000   7.127 0.000 0.144 0.000  0.182 0.559000
 70.25  71.25  716.86 0.000  1.12 0.000000 9.999 0.259000 0.48 0.000000 0.063 0.559000  0.727 0.000  1.018 0.000  77.129 0.000  59.235 0.000  17.894 0.000 0.389 0.000  0.172 0.559000
 73.25  74.25  130.97 0.000  0.42 0.000000 9.999 0.259000 0.36 0.000000 0.034 0.000000  0.490 0.000  0.686 0.000  19.768 0.000  14.645 0.000   5.123 0.000 0.099 0.000  0.185 0.000000
 76.25  77.25   41.57 0.000  0.42 0.000000 9.999 0.259000 0.30 0.000000 0.016 0.559000  0.214 0.000  0.299 0.000   8.968 0.000   6.387 0.000   2.581 0.000 0.039 0.000  0.192 0.559000
 79.25  80.25   79.39 0.000  0.76 0.000000 9.999 0.259000 0.32 0.000000 0.030 0.559000  0.338 0.000  0.473 0.000   8.571 0.000   4.053 0.000   4.518 0.000 0.049 0.000  0.317 0.559000
 82.25  83.25  104.89 0.000  1.58 0.000000 9.999 0.259000 0.63 0.000000 0.024 0.559000  0.597 0.000  0.836 0.000  18.624 0.000  12.361 0.000   6.262 0.000 0.099 0.000  0.594 0.559000
 85.25  86.25   86.79 0.000  1.28 0.000000 9.999 0.259000 0.32 0.000000 0.051 0.000000  0.553 0.000  0.774 0.000  17.341 0.000   9.598 0.000   7.743 0.000 0.081 0.000  0.950 0.000000
 88.25  89.25  378.64 0.000  1.99 0.000000 9.999 0.259000 9.99 0.259000 0.039 0.000000  0.535 0.000  0.749 0.000  44.921 0.000  33.408 0.000  11.512 0.000 0.223 0.000  0.294 0.000000
 91.25  92.25  228.63 0.000  1.81 0.000000 9.999 0.259000 0.26 0.000000 0.050 0.000000  1.580 0.000  2.212 0.000  46.406 0.000  36.398 0.000  10.009 0.000 0.156 0.000  0.453 0.000000
 94.25  95.25   69.02 0.000  1.72 0.000000 9.999 0.259000 9.99 0.259000 0.111 0.000000  2.041 0.000  2.858 0.000  26.865 0.000  10.334 0.000  16.532 0.000 0.069 0.000  2.342 0.000000
 97.25  98.25  121.69 0.000  2.55 0.000000 9.999 0.259000 0.18 0.000000 0.053 0.000000  0.592 0.000  0.829 0.000  17.953 0.000  12.336 0.000   5.617 0.000 0.095 0.000  0.385 0.000000
100.25 101.25  145.45 0.000  1.26 0.000000 9.999 0.259000 0.57 0.000000 0.085 0.000000  0.851 0.000  1.191 0.000  18.624 0.000   9.087 0.000   9.537 0.000 0.124 0.000  0.929 0.000000
103.25 104.25  100.45 0.000  0.92 0.000000 9.999 0.259000 0.30 0.000000 0.046 0.000000  0.692 0.000  0.968 0.000   8.681 0.000   1.829 0.000   6.852 0.000 0.082 0.000  0.693 0.000000
106.25 107.25   53.54 0.000  0.49 0.000000 0.057 0.000000 0.31 0.000000 0.049 0.000000  0.773 0.000  1.083 0.000  12.074 0.000   4.852 0.000   7.222 0.000 0.068 0.000  1.069 0.000000
109.25 110.25   72.72 0.000  1.10 0.000000 9.999 0.259000 0.73 0.000000 0.108 0.000000  2.138 0.000  2.993 0.000  14.678 0.000   4.974 0.000   9.704 0.000 0.159 0.000  1.131 0.000000
112.25 113.25   60.58 0.000  0.72 0.000000 9.999 0.259000 0.57 0.000000 0.058 0.000000  1.315 0.000  1.841 0.000  11.349 0.000   2.977 0.000   8.372 0.000 0.121 0.000  1.141 0.000000
115.25 116.25  136.45 0.000  1.40 0.000000 9.999 0.259000 0.56 0.000000 0.112 0.000000  1.960 0.000  2.744 0.000  20.044 0.000   6.744 0.000  13.300 0.000 0.221 0.000  1.465 0.000000
118.25 119.25   82.32 0.000  1.30 0.000000 9.999 0.259000 0.91 0.000000 0.101 0.000000  2.881 0.000  4.033 0.000  26.555 0.000  10.288 0.000  16.266 0.000 0.258 0.000  1.831 0.000000
121.25 122.25  232.46 0.000  0.76 0.000000 9.999 0.259000 0.33 0.000000 0.018 0.000000  0.780 0.000  1.092 0.000  31.034 0.000  21.630 0.000   9.405 0.000 0.166 0.000  0.248 0.000000
124.25 125.25   80.79 0.000  0.81 0.000000 9.999 0.259000 0.47 0.000000 0.092 0.000000  4.014 0.000  5.620 0.000  27.268 0.000  10.032 0.000  17.236 0.000 0.251 0.000  1.379 0.000000
127.25 128.25  135.99 0.000  1.09 0.000000 9.999 0.259000 0.57 0.000000 0.073 0.559000  2.117 0.000  2.964 0.000  20.990 0.000   9.343 0.000  11.648 0.000 0.205 0.000  1.023 0.559000
130.25 131.25  104.14 0.000  0.86 0.000000 9.999 0.259000 0.74 0.000000 0.160 0.559000  4.767 0.000  6.674 0.000  32.513 0.000  13.610 0.000  18.903 0.000 0.420 0.000  1.476 0.559000
133.25 134.25   47.85 0.000  0.47 0.000000 9.999 0.259000 0.25 0.000000 0.038 0.000000  1.036 0.000  1.450 0.000   9.960 0.000   5.737 0.000   4.222 0.000 0.067 0.000  0.443 0.000000
136.25 137.25   79.18 0.000  0.71 0.000000 9.999 0.259000 0.33 0.000000 0.035 0.559000  1.203 0.000  1.684 0.000  15.576 0.000   9.345 0.000   6.231 0.000 0.093 0.000  0.495 0.559000
139.25 140.25   32.30 0.000  1.09 0.000000 9.999 0.259000 9.99 0.259000 0.028 0.559000  1.242 0.000  1.739 0.000  12.232 0.000   5.689 0.000   6.543 0.000 0.035 0.000  0.750 0.559000
142.25 143.25   72.91 0.000  1.06 0.000000 9.999 0.259000 0.59 0.000000 0.048 0.559000  1.710 0.000  2.394 0.000  22.333 0.000  12.118 0.000  10.214 0.000 0.107 0.000  1.145 0.559000
145.25 146.25 9999.99 0.999 99.99 0.999000 9.999 0.999000 9.99 0.999000 9.999 0.999000 99.999 0.999 99.999 0.999 999.999 0.999 999.999 0.999 999.999 0.999 9.999 0.999 99.999 0.999000
148.25 149.25   36.45 0.000  0.41 0.000000 9.999 0.259000 0.51 0.000000 0.075 0.559000  0.775 0.000  1.086 0.000  13.114 0.000   4.051 0.000   9.063 0.000 0.051 0.000  1.484 0.559000
151.25 152.25   32.16 0.000  0.69 0.000000 9.999 0.259000 9.99 0.259000 0.026 0.559000  0.870 0.000  1.219 0.000   9.706 0.000   3.163 0.000   6.543 0.000 0.034 0.000  0.776 0.559000
154.25 155.25   39.56 0.000  0.66 0.000000 9.999 0.259000 0.32 0.000000 0.041 0.559000  0.905 0.000  1.267 0.000  14.511 0.000   6.807 0.000   7.704 0.000 0.060 0.000  1.042 0.559000
157.25 158.25   20.53 0.000  0.76 0.000000 9.999 0.259000 0.27 0.000000 0.030 0.559000  0.657 0.000  0.920 0.000   9.351 0.000   1.208 0.000   8.143 0.000 0.033 0.000  1.290 0.559000
160.25 161.25   27.18 0.000  0.66 0.000000 9.999 0.259000 0.41 0.000000 0.052 0.559000  0.459 0.000  0.642 0.000  11.113 0.000   6.100 0.000   5.013 0.000 0.035 0.000  0.679 0.559000
163.25 164.25   52.68 0.394  0.53 0.394000 9.999 0.394259 0.41 0.394000 0.052 0.559394  0.417 0.000  0.584 0.000  10.482 0.000   4.540 0.000   5.942 0.000 0.044 0.394  0.751 0.559394
166.25 167.25  201.06 0.000  0.73 0.000000 9.999 0.259000 9.99 0.259000 0.058 0.559000  1.076 0.000  1.507 0.000  48.493 0.000  38.401 0.000  10.093 0.000 0.129 0.000  0.682 0.559000
169.25 170.25   87.30 0.000  1.01 0.000000 9.999 0.259000 0.38 0.000000 0.054 0.559000  0.909 0.000  1.273 0.000  23.403 0.000  15.674 0.000   7.729 0.000 0.081 0.000  0.700 0.559000
172.25 173.25  215.60 0.000  0.76 0.000000 9.999 0.259000 0.24 0.000000 0.144 0.559000  0.519 0.000  0.726 0.000  19.294 0.000  11.296 0.000   7.998 0.000 0.091 0.000  0.483 0.559000
175.25 176.25   38.63 0.000  0.39 0.000000 9.999 0.259000 9.99 0.259000 0.034 0.559000  1.016 0.000  1.422 0.000  11.220 0.000   4.392 0.000   6.828 0.000 0.033 0.000  0.768 0.559000
178.25 179.25   82.45 0.000  0.41 0.000000 9.999 0.259000 9.99 0.259000 0.049 0.559000  1.442 0.000  2.019 0.000  14.481 0.000   4.877 0.000   9.603 0.000 0.062 0.000  1.021 0.559000
181.25 182.25  217.08 0.000  0.61 0.000000 9.999 0.259000 0.15 0.000000 0.082 0.559000  0.423 0.000  0.592 0.000  12.547 0.000   4.513 0.000   8.034 0.000 0.080 0.000  0.901 0.559000
184.25 185.25  168.82 0.000  0.50 0.000000 9.999 0.259000 0.25 0.000000 0.063 0.559000  1.002 0.000  1.403 0.000  16.138 0.000   7.325 0.000   8.813 0.000 0.101 0.000  0.771 0.559000
187.25 188.25   88.91 0.000  0.30 0.000000 9.999 0.259000 9.99 0.259000 0.063 0.559000  0.419 0.000  0.587 0.000  11.127 0.000   4.525 0.000   6.602 0.000 0.065 0.000  0.770 0.559000
190.25 191.25   51.46 0.000  0.40 0.000000 9.999 0.259000 9.99 0.259000 0.033 0.000000  0.915 0.000  1.281 0.000  11.877 0.000   3.064 0.000   8.813 0.000 0.044 0.000  1.293 0.000000
193.25 194.25   97.66 0.000  0.26 0.000000 9.999 0.259000 0.19 0.000000 0.039 0.000000  0.277 0.000  0.387 0.000   6.230 0.000   2.138 0.000   4.092 0.000 0.035 0.000  0.373 0.000000
196.25 197.25   56.82 0.000  0.52 0.000000 9.999 0.259000 9.99 0.259000 0.023 0.000000  0.157 0.000  0.220 0.000   9.482 0.000   2.160 0.000   7.322 0.000 0.022 0.000  1.372 0.000000
199.25 200.25   41.60 0.394  0.56 0.394000 9.999 0.394259 0.52 0.394000 0.046 0.559394  0.452 0.000  0.632 0.000   9.448 0.000   3.921 0.000   5.527 0.000 0.044 0.394  0.786 0.559394
202.25 203.25   74.16 0.000  0.52 0.000000 9.999 0.259000 0.40 0.000000 0.056 0.000000  0.308 0.000  0.431 0.000   8.799 0.000   3.606 0.000   5.193 0.000 0.041 0.000  0.617 0.000000
205.25 206.25  138.92 0.000  0.47 0.000000 9.999 0.259000 9.99 0.259000 0.046 0.000000  0.261 0.000  0.365 0.000   8.357 0.000   3.490 0.000   4.867 0.000 0.061 0.000  0.307 0.000000
208.25 209.25   62.33 0.000  0.52 0.000000 9.999 0.259000 0.27 0.000000 0.024 0.559000  0.380 0.000  0.533 0.000   8.452 0.000   4.008 0.000   4.444 0.000 0.037 0.000  0.458 0.559000
211.25 212.25   45.77 0.000  0.80 0.000000 9.999 0.259000 9.99 0.259000 0.017 0.559000  0.134 0.000  0.188 0.000   4.419 0.000   1.148 0.000   3.272 0.000 0.023 0.000  0.365 0.559000
214.25 215.25  110.29 0.000  0.26 0.000000 9.999 0.259000 0.34 0.000000 0.052 0.559000  0.346 0.000  0.484 0.000   9.921 0.000   5.013 0.000   4.907 0.000 0.062 0.000  0.400 0.559000
217.25 218.25   92.73 0.000  0.35 0.000000 9.999 0.259000 9.99 0.259000 0.034 0.559000  0.729 0.000  1.021 0.000  11.549 0.000   2.348 0.000   9.201 0.000 0.055 0.000  1.313 0.559000
220.25 221.25   34.16 0.000  0.55 0.000000 9.999 0.259000 9.99 0.259000 0.017 0.559000  2.219 0.000  3.106 0.000  20.281 0.000   2.244 0.000  18.037 0.000 0.034 0.000  2.828 0.559000
223.25 224.25   82.01 0.000  0.35 0.000000 9.999 0.259000 9.99 0.259000 0.031 0.559000  0.310 0.000  0.434 0.000   8.004 0.000   2.479 0.000   5.525 0.000 0.042 0.000  0.739 0.559000
226.25 227.25  114.60 0.000  0.27 0.000000 9.999 0.259000 9.99 0.259000 0.072 0.559000  0.519 0.000  0.727 0.000  12.153 0.000   5.733 0.000   6.420 0.000 0.062 0.000  0.586 0.559000
229.25 230.25  103.22 0.000  0.64 0.000000 9.999 0.259000 0.43 0.000000 0.106 0.559000  0.608 0.000  0.851 0.000  14.047 0.000   5.965 0.000   8.081 0.000 0.068 0.000  1.037 0.559000
232.25 233.25  166.27 0.000  0.45 0.000000 0.050 0.000000 0.28 0.000000 0.069 0.000000  0.650 0.000  0.910 0.000  12.587 0.000   4.141 0.000   8.446 0.000 0.100 0.000  0.739 0.000000
235.25 236.25   76.42 0.000  0.08 0.000000 9.999 0.259000 0.26 0.000000 0.056 0.000000  0.445 0.000  0.623 0.000   9.746 0.000   4.897 0.000   4.849 0.000 0.040 0.000  0.466 0.000000
238.25 239.25  189.07 0.000  0.48 0.000000 9.999 0.259000 0.31 0.000000 0.060 0.000000  1.025 0.000  1.436 0.000  13.158 0.000   6.426 0.000   6.732 0.000 0.087 0.000  0.496 0.000000
241.25 242.25   80.23 0.000  0.43 0.000000 9.999 0.259000 0.19 0.000000 0.045 0.000000  0.827 0.000  1.157 0.000  19.176 0.000  10.012 0.000   9.164 0.000 0.052 0.000  1.130 0.000000
244.25 245.25   27.09 0.000  0.86 0.000000 9.999 0.259000 9.99 0.259000 0.021 0.000000  0.966 0.000  1.352 0.000  17.203 0.000   1.563 0.000  15.641 0.000 0.035 0.000  2.751 0.000000
247.25 248.25   27.06 0.000  0.46 0.000000 9.999 0.259000 9.99 0.259000 0.019 0.000000  0.605 0.000  0.847 0.000   7.378 0.000   1.804 0.000   5.574 0.000 0.023 0.000  0.838 0.000000
250.25 251.25   11.79 0.000  0.67 0.000000 9.999 0.259000 9.99 0.259000 0.019 0.559000  0.650 0.000  0.910 0.000   7.619 0.000   2.101 0.000   5.518 0.000 0.014 0.000  0.816 0.559000
253.25 254.25   11.41 0.000  1.07 0.000000 9.999 0.259000 0.36 0.000000 0.039 0.000000  1.252 0.000  1.752 0.000  11.032 0.000   2.227 0.000   8.805 0.000 0.024 0.000  1.348 0.000000
256.25 257.25   14.91 0.000  0.81 0.000000 9.999 0.259000 9.99 0.259000 0.017 0.000000  0.580 0.000  0.812 0.000 999.999 0.456 999.999 0.999   5.154 0.000 0.018 0.000  0.783 0.000000
259.25 260.25    8.18 0.000  0.35 0.000000 9.999 0.259000 9.99 0.259000 0.010 0.559000  0.179 0.000  0.251 0.000   4.027 0.000   1.033 0.000   2.994 0.000 0.008 0.000  0.497 0.559000
