scripts/IMPROVE-2019_partial/data/US4504R.19980103060000.20191216000000.filterpack...1y.3d.US03L_filterpack_US4504.US03L_IMPROVE_Davis.lev2.nas
51 1001
MISSING INFORMATION
US03L, IMPROVE, , , , , , , 
MISSING INFORMATION
IMPROVE sel_HTAP
1 1
1998 01 01 2019 12 16
0
days from file reference point
4
1 1 1 1
999.99 999.999 999.999 9.999
end_time of measurement, days from the file reference point
pm10_mass, ug/m3, Matrix=pm10
pm25_mass, ug/m3, Matrix=pm25
numflag, no unit
0
33
Data definition:              EBAS_1.1
Set type code:                TI
Timezone:                     UTC
File name:                    US4504R.19980103060000.20191216000000.filterpack...1y.3d.US03L_filterpack_US4504.US03L_IMPROVE_Davis.lev2.nas
File creation:                20191218120440
Startdate:                    19980103060000
Revision date:                20191216000000
Version:                      2
Version description:          "Data extracted from http://views.cira.colostate.edu/fed/DataWizard 2019-12-16"
Statistics:                   arithmetic mean
Data level:                   2
Period code:                  1y
Resolution code:              3d
Sample duration:              1d
Orig. time res.:              3d
Station code:                 US4504R
Platform code:                US4504S
Station name:                 Big Bend National Park-K-Bar (TX04)
Station latitude:             29.3022
Station longitude:            -103.1772
Station altitude:             1056.0 m
Regime:                       IMG
Component:                    
Unit:                         ug/m3
Matrix:                       
Laboratory code:              US03L
Instrument type:              filterpack
Instrument name:              filterpack_US4504
Method ref:                   US03L_IMPROVE_Davis
Blank correction:             Blank corrected
Volume std. temperature:      ambient
Volume std. pressure:         ambient
starttime endtime PM10 PM2.5 flag
  2.25   3.25  17.969   9.954 0.000
  6.25   7.25   4.719   3.571 0.000
  9.25  10.25   8.581   2.612 0.000
 13.25  14.25  10.036   4.495 0.000
 16.25  17.25   8.857   3.221 0.000
 20.25  21.25   9.135   4.054 0.000
 23.25  24.25  14.305   6.283 0.000
 27.25  28.25  15.469   3.293 0.000
 30.25  31.25  15.802   3.815 0.000
 34.25  35.25  22.367   5.192 0.000
 37.25  38.25  23.678   3.407 0.000
 41.25  42.25   2.691   1.389 0.000
 44.25  45.25  15.764   5.059 0.000
 48.25  49.25   4.865   2.061 0.000
 51.25  52.25   8.067   3.072 0.000
 55.25  56.25  13.889   5.192 0.000
 58.25  59.25   6.612   2.099 0.000
 62.25  63.25   9.245   4.024 0.000
 65.25  66.25  52.517  11.717 0.000
 69.25  70.25  15.278   4.501 0.000
 72.25  73.25  10.105   6.044 0.000
 76.25  77.25   8.406   3.186 0.000
 79.25  80.25  11.813   3.805 0.000
 83.25  84.25  17.277   7.792 0.000
 86.25  87.25 999.999 999.999 0.999
 90.25  91.25   8.150   2.804 0.000
 93.25  94.25  15.885   5.489 0.000
 97.25  98.25 999.999 999.999 0.999
100.25 101.25 999.999 999.999 0.999
104.25 105.25  23.527   5.380 0.000
107.25 108.25  15.303   6.687 0.000
111.25 112.25  16.980   7.336 0.000
114.25 115.25  17.424   6.551 0.000
118.25 119.25  10.989   4.756 0.000
121.25 122.25  17.321   6.880 0.000
125.25 126.25  12.971   6.339 0.000
128.25 129.25  23.571   5.436 0.000
132.25 133.25  21.706  12.662 0.000
135.25 136.25  61.289  27.010 0.000
139.25 140.25  58.227  32.743 0.000
142.25 143.25  25.317  15.030 0.000
146.25 147.25  52.649  43.462 0.000
149.25 150.25  29.998  20.379 0.000
153.25 154.25  22.619   8.850 0.000
156.25 157.25  29.269  11.024 0.000
160.25 161.25  18.782  11.199 0.000
163.25 164.25  12.874   5.704 0.000
167.25 168.25  38.394  16.809 0.000
170.25 171.25  21.731  12.137 0.000
174.25 175.25  13.889   6.107 0.000
177.25 178.25  17.969   5.859 0.000
181.25 182.25   9.495   4.796 0.000
184.25 185.25  11.574   6.913 0.000
188.25 189.25  24.424  13.040 0.000
191.25 192.25  19.926   9.965 0.000
195.25 196.25  17.181   8.926 0.000
198.25 199.25  25.317  12.200 0.000
202.25 203.25  15.126   6.379 0.000
205.25 206.25  26.062   8.736 0.000
209.25 210.25  12.222   4.092 0.000
212.25 213.25  32.262  11.404 0.000
216.25 217.25   9.032   7.380 0.000
219.25 220.25  10.072   8.307 0.000
223.25 224.25 999.999 999.999 0.999
226.25 227.25   5.419   3.910 0.000
230.25 231.25  10.560   6.848 0.000
233.25 234.25  13.930  11.846 0.000
237.25 238.25   8.088   5.854 0.000
240.25 241.25  15.383  11.865 0.000
244.25 245.25  21.315  18.858 0.000
247.25 248.25  16.335  11.029 0.000
251.25 252.25  10.949   8.127 0.000
254.25 255.25   7.744   2.851 0.000
258.25 259.25 999.999 999.999 0.999
261.25 262.25   9.645   5.418 0.000
265.25 266.25  12.919   9.537 0.000
268.25 269.25  10.339  10.077 0.000
272.25 273.25   3.592   2.491 0.000
275.25 276.25   9.339   6.974 0.000
279.25 280.25   3.086   1.788 0.000
282.25 283.25   6.783   4.155 0.000
286.25 287.25   7.376   4.098 0.000
289.25 290.25  13.548   7.544 0.000
293.25 294.25 999.999 999.999 0.999
296.25 297.25  13.638  10.562 0.000
300.25 301.25   7.568   5.580 0.000
303.25 304.25  14.097   9.007 0.000
307.25 308.25   9.330   5.822 0.000
310.25 311.25   5.648   3.700 0.000
314.25 315.25  18.759   4.943 0.000
317.25 318.25   9.120   3.275 0.000
321.25 322.25  10.582   2.942 0.000
324.25 325.25  11.574   4.490 0.000
328.25 329.25   6.818   4.228 0.000
331.25 332.25  16.717  11.051 0.000
335.25 336.25  15.818   9.581 0.000
338.25 339.25  10.332   3.584 0.000
342.25 343.25   7.108   4.059 0.000
345.25 346.25   4.248   3.932 0.000
349.25 350.25   8.984   4.431 0.000
352.25 353.25   6.344   2.771 0.000
356.25 357.25   8.045   4.320 0.000
359.25 360.25   7.876   3.601 0.000
363.25 364.25  18.301   4.344 0.000
