scripts/IMPROVE-2019_partial/data/US4504R.19930102060000.20191216000000.filterpack...1y.3d.US03L_filterpack_US4504.US03L_IMPROVE_Davis.lev2.nas
51 1001
MISSING INFORMATION
US03L, IMPROVE, , , , , , , 
MISSING INFORMATION
IMPROVE sel_HTAP
1 1
1993 01 01 2019 12 16
0
days from file reference point
4
1 1 1 1
999.99 999.999 999.999 9.999
end_time of measurement, days from the file reference point
pm10_mass, ug/m3, Matrix=pm10
pm25_mass, ug/m3, Matrix=pm25
numflag, no unit
0
33
Data definition:              EBAS_1.1
Set type code:                TI
Timezone:                     UTC
File name:                    US4504R.19930102060000.20191216000000.filterpack...1y.3d.US03L_filterpack_US4504.US03L_IMPROVE_Davis.lev2.nas
File creation:                20191218120440
Startdate:                    19930102060000
Revision date:                20191216000000
Version:                      2
Version description:          "Data extracted from http://views.cira.colostate.edu/fed/DataWizard 2019-12-16"
Statistics:                   arithmetic mean
Data level:                   2
Period code:                  1y
Resolution code:              3d
Sample duration:              1d
Orig. time res.:              3d
Station code:                 US4504R
Platform code:                US4504S
Station name:                 Big Bend National Park-K-Bar (TX04)
Station latitude:             29.3022
Station longitude:            -103.1772
Station altitude:             1056.0 m
Regime:                       IMG
Component:                    
Unit:                         ug/m3
Matrix:                       
Laboratory code:              US03L
Instrument type:              filterpack
Instrument name:              filterpack_US4504
Method ref:                   US03L_IMPROVE_Davis
Blank correction:             Blank corrected
Volume std. temperature:      ambient
Volume std. pressure:         ambient
starttime endtime PM10 PM2.5 flag
  1.25   2.25   9.395   3.082 0.000
  5.25   6.25   4.091   2.744 0.000
  8.25   9.25   2.355   1.230 0.000
 12.25  13.25   4.874   2.762 0.000
 15.25  16.25   3.653   2.243 0.000
 19.25  20.25   2.209   1.058 0.000
 22.25  23.25  20.290   5.788 0.000
 26.25  27.25   5.904   3.019 0.000
 29.25  30.25  17.638   7.327 0.000
 33.25  34.25  11.947   8.196 0.000
 36.25  37.25   8.860   6.108 0.000
 40.25  41.25   4.088   1.010 0.000
 43.25  44.25   6.978   1.974 0.000
 47.25  48.25  14.759   8.006 0.000
 50.25  51.25  11.172   3.043 0.000
 54.25  55.25  14.120   6.221 0.000
 57.25  58.25  20.176   8.361 0.000
 61.25  62.25   7.296   3.453 0.000
 64.25  65.25   5.827 999.999 0.000
 68.25  69.25   9.405   4.084 0.000
 71.25  72.25   8.364   3.502 0.000
 75.25  76.25  14.126   7.720 0.000
 78.25  79.25   9.294   4.904 0.000
 82.25  83.25   6.167   3.718 0.000
 85.25  86.25  16.970   7.468 0.000
 89.25  90.25  12.885   3.960 0.000
 92.25  93.25  16.482  10.000 0.000
 96.25  97.25  18.298   7.327 0.000
 99.25 100.25  14.848   4.554 0.000
103.25 104.25   8.678   3.453 0.000
106.25 107.25  11.727   5.505 0.000
110.25 111.25  18.431   9.799 0.000
113.25 114.25  16.692   4.097 0.000
117.25 118.25  15.373   9.199 0.000
120.25 121.25  23.269   8.376 0.000
124.25 125.25  19.130  10.000 0.000
127.25 128.25  19.656  10.325 0.000
131.25 132.25  15.764   4.239 0.000
134.25 135.25  17.210   5.815 0.000
138.25 139.25   8.560   5.681 0.000
141.25 142.25  17.857   5.581 0.000
145.25 146.25   9.261   5.799 0.000
148.25 149.25   5.824   3.659 0.000
152.25 153.25  17.008   8.846 0.000
155.25 156.25  30.150  15.863 0.000
159.25 160.25  23.462  14.199 0.000
162.25 163.25   8.399   4.938 0.000
166.25 167.25   4.435   2.997 0.000
169.25 170.25   9.494   4.413 0.000
173.25 174.25   5.909   2.081 0.000
176.25 177.25   3.244   1.877 0.000
180.25 181.25  14.858   5.905 0.000
183.25 184.25  23.789  11.111 0.000
187.25 188.25  12.626   5.267 0.000
190.25 191.25  25.992  12.032 0.000
194.25 195.25  14.319   8.076 0.000
197.25 198.25   5.137   2.540 0.000
201.25 202.25  10.850   6.865 0.000
204.25 205.25  11.351   6.814 0.000
208.25 209.25  19.506   9.809 0.000
211.25 212.25  17.180   8.145 0.000
215.25 216.25  30.076  12.390 0.000
218.25 219.25  26.198  12.233 0.000
222.25 223.25  17.710   8.354 0.000
225.25 226.25  15.189   5.252 0.000
229.25 230.25  21.955   9.516 0.000
232.25 233.25  18.736   8.032 0.000
236.25 237.25  10.817   6.765 0.000
239.25 240.25  12.292   8.137 0.000
243.25 244.25   7.868   2.372 0.000
246.25 247.25  15.649   6.297 0.000
250.25 251.25  10.269   7.885 0.000
253.25 254.25   9.848   3.956 0.000
257.25 258.25   7.753   3.491 0.000
260.25 261.25  11.049   6.132 0.000
264.25 265.25   6.080   2.935 0.000
267.25 268.25   7.799   2.555 0.000
271.25 272.25   7.799   3.797 0.000
274.25 275.25  12.780   5.994 0.000
278.25 279.25   9.385   5.208 0.000
281.25 282.25  12.852   5.080 0.000
285.25 286.25   8.088   3.302 0.000
288.25 289.25   8.645   3.482 0.000
292.25 293.25   5.583   2.582 0.000
295.25 296.25   6.899   3.268 0.000
299.25 300.25  12.249   4.116 0.000
302.25 303.25   5.663   2.748 0.000
306.25 307.25  12.629   5.788 0.000
309.25 310.25  10.405   2.412 0.000
313.25 314.25  13.930  10.701 0.000
316.25 317.25   5.686   1.677 0.000
320.25 321.25   7.020   3.505 0.000
323.25 324.25   8.346   3.482 0.000
327.25 328.25  14.542   7.353 0.000
330.25 331.25   9.170   4.776 0.000
334.25 335.25  14.577   8.867 0.000
337.25 338.25   7.713   1.383 0.000
341.25 342.25  18.571   9.033 0.000
344.25 345.25  17.395   4.139 0.000
348.25 349.25 999.999 999.999 0.999
351.25 352.25  15.584   6.700 0.000
355.25 356.25 999.999 999.999 0.999
358.25 359.25   8.233   3.191 0.000
362.25 363.25  10.248   5.804 0.000
