scripts/IMPROVE-2019_partial/data/US4504R.19960103060000.20191216000000.filterpack...1y.3d.US03L_filterpack_US4504.US03L_IMPROVE_Davis.lev2.nas
51 1001
MISSING INFORMATION
US03L, IMPROVE, , , , , , , 
MISSING INFORMATION
IMPROVE sel_HTAP
1 1
1996 01 01 2019 12 16
0
days from file reference point
4
1 1 1 1
999.99 999.999 999.999 9.999
end_time of measurement, days from the file reference point
pm10_mass, ug/m3, Matrix=pm10
pm25_mass, ug/m3, Matrix=pm25
numflag, no unit
0
33
Data definition:              EBAS_1.1
Set type code:                TI
Timezone:                     UTC
File name:                    US4504R.19960103060000.20191216000000.filterpack...1y.3d.US03L_filterpack_US4504.US03L_IMPROVE_Davis.lev2.nas
File creation:                20191218120440
Startdate:                    19960103060000
Revision date:                20191216000000
Version:                      2
Version description:          "Data extracted from http://views.cira.colostate.edu/fed/DataWizard 2019-12-16"
Statistics:                   arithmetic mean
Data level:                   2
Period code:                  1y
Resolution code:              3d
Sample duration:              1d
Orig. time res.:              3d
Station code:                 US4504R
Platform code:                US4504S
Station name:                 Big Bend National Park-K-Bar (TX04)
Station latitude:             29.3022
Station longitude:            -103.1772
Station altitude:             1056.0 m
Regime:                       IMG
Component:                    
Unit:                         ug/m3
Matrix:                       
Laboratory code:              US03L
Instrument type:              filterpack
Instrument name:              filterpack_US4504
Method ref:                   US03L_IMPROVE_Davis
Blank correction:             Blank corrected
Volume std. temperature:      ambient
Volume std. pressure:         ambient
starttime endtime PM10 PM2.5 flag
  2.25   3.25 999.999 999.999 0.999
  5.25   6.25 999.999 999.999 0.999
  9.25  10.25   8.121   4.048 0.000
 12.25  13.25   5.775   1.781 0.000
 16.25  17.25 999.999 999.999 0.999
 19.25  20.25 999.999 999.999 0.999
 23.25  24.25  15.200   4.078 0.000
 26.25  27.25  15.802   4.660 0.000
 30.25  31.25  27.249   5.268 0.000
 33.25  34.25  16.761   7.250 0.000
 37.25  38.25  15.271   8.521 0.000
 40.25  41.25  14.036   5.441 0.000
 44.25  45.25  11.166   4.494 0.000
 47.25  48.25  24.695   6.503 0.000
 51.25  52.25   3.528   1.846 0.000
 54.25  55.25  68.504  17.468 0.000
 58.25  59.25  41.415   7.443 0.000
 61.25  62.25  12.493   2.413 0.000
 65.25  66.25  82.562  14.046 0.000
 68.25  69.25   9.680   4.798 0.000
 72.25  73.25  20.139   6.129 0.000
 75.25  76.25  12.181   3.726 0.000
 79.25  80.25  11.398   3.396 0.000
 82.25  83.25  21.896   7.820 0.000
 86.25  87.25  20.645   5.508 0.000
 89.25  90.25  19.503   6.256 0.000
 93.25  94.25  29.469   6.532 0.000
 96.25  97.25  10.066   4.504 0.000
100.25 101.25  11.824   3.973 0.000
103.25 104.25  15.071   5.238 0.000
107.25 108.25  18.255   6.712 0.000
110.25 111.25  26.905   8.912 0.000
114.25 115.25  19.626   5.465 0.000
117.25 118.25  27.641   8.739 0.000
121.25 122.25  35.120  13.117 0.000
124.25 125.25  34.505  24.582 0.000
128.25 129.25  15.306   7.878 0.000
131.25 132.25  23.830  12.268 0.000
135.25 136.25  20.901  10.255 0.000
138.25 139.25  19.412  10.085 0.000
142.25 143.25  24.123  10.501 0.000
145.25 146.25  30.464  18.828 0.000
149.25 150.25  23.976  15.662 0.000
152.25 153.25  11.856   9.191 0.000
156.25 157.25  16.851   6.267 0.000
159.25 160.25  10.433   4.819 0.000
163.25 164.25  15.018   7.226 0.000
166.25 167.25  10.023   7.704 0.000
170.25 171.25   7.941   3.858 0.000
173.25 174.25  17.636   8.916 0.000
177.25 178.25  21.979   7.627 0.000
180.25 181.25  30.438  10.876 0.000
184.25 185.25  25.808  10.544 0.000
187.25 188.25  18.042   6.321 0.000
191.25 192.25   9.600   5.456 0.000
194.25 195.25  19.063  10.313 0.000
198.25 199.25  14.476   4.184 0.000
201.25 202.25  13.992   4.876 0.000
205.25 206.25  17.804   7.244 0.000
208.25 209.25  18.110   9.151 0.000
212.25 213.25 999.999 999.999 0.999
215.25 216.25 999.999 999.999 0.999
219.25 220.25 999.999 999.999 0.999
222.25 223.25 999.999 999.999 0.999
226.25 227.25 999.999 999.999 0.999
229.25 230.25 999.999 999.999 0.999
233.25 234.25 999.999 999.999 0.999
236.25 237.25 999.999 999.999 0.999
240.25 241.25 999.999 999.999 0.999
243.25 244.25 999.999 999.999 0.999
247.25 248.25 999.999 999.999 0.999
250.25 251.25 999.999 999.999 0.999
254.25 255.25 999.999 999.999 0.999
257.25 258.25 999.999 999.999 0.999
261.25 262.25 999.999 999.999 0.999
264.25 265.25 999.999 999.999 0.999
268.25 269.25 999.999 999.999 0.999
271.25 272.25 999.999 999.999 0.999
275.25 276.25 999.999 999.999 0.999
278.25 279.25 999.999 999.999 0.999
282.25 283.25 999.999 999.999 0.999
285.25 286.25 999.999 999.999 0.999
289.25 290.25 999.999   7.596 0.000
292.25 293.25 999.999   6.851 0.000
296.25 297.25   8.373   2.760 0.000
299.25 300.25   6.484   4.149 0.000
303.25 304.25   7.109 999.999 0.000
306.25 307.25   7.429   3.758 0.000
310.25 311.25  11.111   4.245 0.000
313.25 314.25   9.553   4.711 0.000
317.25 318.25   8.043   5.017 0.000
320.25 321.25  14.212   8.749 0.000
324.25 325.25  12.390   3.964 0.000
327.25 328.25  15.119  10.244 0.000
331.25 332.25 999.999 999.999 0.999
334.25 335.25 999.999 999.999 0.999
338.25 339.25 999.999 999.999 0.999
341.25 342.25 999.999 999.999 0.999
345.25 346.25   8.047   3.234 0.000
348.25 349.25  16.458   5.556 0.000
352.25 353.25 999.999 999.999 0.999
355.25 356.25  10.519   4.511 0.000
359.25 360.25   7.915   4.681 0.000
362.25 363.25   5.115   3.612 0.000
