scripts/IMPROVE-2019_partial/data/US4504R.19910102060000.20191216000000.filterpack...1y.3d.US03L_filterpack_US4504.US03L_IMPROVE_Davis.lev2.nas
52 1001
MISSING INFORMATION
US03L, IMPROVE, , , , , , , 
MISSING INFORMATION
IMPROVE sel_HTAP
1 1
1991 01 01 2019 12 16
0
days from file reference point
5
1 1 1 1 1
999.99 999.999 9.999 999.999 9.999999
end_time of measurement, days from the file reference point
pm10_mass, ug/m3, Matrix=pm10
numflag pm10_mass, no unit, Matrix=pm10
pm25_mass, ug/m3, Matrix=pm25
numflag pm25_mass, no unit, Matrix=pm25
0
33
Data definition:              EBAS_1.1
Set type code:                TI
Timezone:                     UTC
File name:                    US4504R.19910102060000.20191216000000.filterpack...1y.3d.US03L_filterpack_US4504.US03L_IMPROVE_Davis.lev2.nas
File creation:                20191218120440
Startdate:                    19910102060000
Revision date:                20191216000000
Version:                      2
Version description:          "Data extracted from http://views.cira.colostate.edu/fed/DataWizard 2019-12-16"
Statistics:                   arithmetic mean
Data level:                   2
Period code:                  1y
Resolution code:              3d
Sample duration:              1d
Orig. time res.:              3d
Station code:                 US4504R
Platform code:                US4504S
Station name:                 Big Bend National Park-K-Bar (TX04)
Station latitude:             29.3022
Station longitude:            -103.1772
Station altitude:             1056.0 m
Regime:                       IMG
Component:                    
Unit:                         ug/m3
Matrix:                       
Laboratory code:              US03L
Instrument type:              filterpack
Instrument name:              filterpack_US4504
Method ref:                   US03L_IMPROVE_Davis
Blank correction:             Blank corrected
Volume std. temperature:      ambient
Volume std. pressure:         ambient
starttime endtime PM10 flag_PM10 PM2.5 flag_PM2.5
  1.25   2.25   9.370 0.000   5.773 0.559000
  4.25   5.25   5.367 0.000   2.469 0.559000
  8.25   9.25   8.431 0.000   4.486 0.559000
 11.25  12.25   5.462 0.000   3.405 0.559000
 15.25  16.25   2.262 0.000   1.924 0.559000
 18.25  19.25   5.669 0.000   2.871 0.559000
 22.25  23.25 999.999 0.999   6.123 0.559000
 25.25  26.25  10.506 0.000   9.565 0.559000
 29.25  30.25   7.519 0.000   4.396 0.559000
 32.25  33.25  12.077 0.000   7.862 0.559000
 36.25  37.25   4.302 0.000   2.688 0.559000
 39.25  40.25   8.115 0.000   5.237 0.559000
 43.25  44.25   5.255 0.000   3.075 0.559000
 46.25  47.25  19.731 0.000   5.723 0.559000
 50.25  51.25   4.921 0.000   2.618 0.559000
 53.25  54.25   5.175 0.000   2.965 0.559000
 57.25  58.25   7.799 0.000   4.743 0.559000
 60.25  61.25 999.999 0.999 999.999 0.999000
 64.25  65.25   6.596 0.000 999.999 0.559259
 67.25  68.25  17.284 0.000 999.999 0.559259
 71.25  72.25  14.388 0.000   3.686 0.559000
 74.25  75.25  17.372 0.000   6.847 0.559000
 78.25  79.25   3.506 0.000 999.999 0.559259
 81.25  82.25 999.999 0.999 999.999 0.999000
 85.25  86.25   9.126 0.000   2.615 0.559000
 88.25  89.25  12.109 0.000   3.091 0.559000
 92.25  93.25  17.267 0.000   5.994 0.559000
 95.25  96.25   4.486 0.000   3.040 0.559000
 99.25 100.25  16.541 0.000   7.920 0.559000
102.25 103.25  18.639 0.000   6.239 0.559000
106.25 107.25  23.246 0.000 999.999 0.559259
109.25 110.25  22.835 0.000  11.028 0.559000
113.25 114.25  17.862 0.000   7.195 0.559000
116.25 117.25  14.511 0.000   4.080 0.559000
120.25 121.25  30.328 0.000  15.062 0.559000
123.25 124.25  12.468 0.000   4.660 0.559000
127.25 128.25  22.145 0.000   9.970 0.559000
130.25 131.25  30.095 0.000  19.161 0.559000
134.25 135.25  30.994 0.000   5.061 0.559000
137.25 138.25  21.178 0.000   6.168 0.559000
141.25 142.25  12.563 0.000   6.073 0.559000
144.25 145.25  14.763 0.000   5.438 0.559000
148.25 149.25  48.675 0.000   8.658 0.559000
151.25 152.25  33.471 0.000  11.919 0.559000
155.25 156.25  25.925 0.000  12.068 0.559000
158.25 159.25  12.986 0.000   3.841 0.559000
162.25 163.25  11.556 0.000   9.167 0.559000
165.25 166.25  14.615 0.000   5.839 0.559000
169.25 170.25  12.790 0.000   5.352 0.559000
172.25 173.25  13.416 0.000   6.364 0.559000
176.25 177.25  19.486 0.000   8.257 0.559000
179.25 180.25  12.102 0.000   4.759 0.559000
183.25 184.25  10.603 0.000   3.283 0.559000
186.25 187.25  24.097 0.000   4.103 0.559000
190.25 191.25  19.638 0.000   8.742 0.559000
193.25 194.25  19.412 0.000   5.732 0.559000
197.25 198.25  35.556 0.000 999.999 0.559259
200.25 201.25  23.586 0.000  11.277 0.559000
204.25 205.25   8.014 0.000   6.164 0.559000
207.25 208.25   9.934 0.000   4.618 0.559000
211.25 212.25  19.625 0.000   8.642 0.559000
214.25 215.25  23.256 0.000   8.800 0.559000
218.25 219.25   6.844 0.000   2.988 0.559000
221.25 222.25  13.514 0.000   7.039 0.559000
225.25 226.25  14.851 0.000   5.212 0.559000
228.25 229.25  23.422 0.000  12.080 0.559000
232.25 233.25  32.020 0.000  10.985 0.559000
235.25 236.25  26.450 0.000   7.095 0.559000
239.25 240.25  20.134 0.000   9.210 0.559000
242.25 243.25  14.689 0.000   6.883 0.559000
246.25 247.25   8.439 0.000   5.289 0.559000
249.25 250.25   9.169 0.000   3.474 0.559000
253.25 254.25 999.999 0.999 999.999 0.999000
256.25 257.25 999.999 0.999   2.477 0.559000
260.25 261.25   5.017 0.000   1.779 0.559000
263.25 264.25   5.808 0.000   3.262 0.559000
267.25 268.25  13.067 0.000   4.067 0.559000
270.25 271.25  13.477 0.000   5.199 0.559000
274.25 275.25  20.209 0.000   8.899 0.559000
277.25 278.25  26.151 0.000   5.723 0.559000
281.25 282.25  12.737 0.000   5.994 0.559000
284.25 285.25  10.034 0.000   3.726 0.559000
288.25 289.25  20.104 0.000   7.438 0.559000
291.25 292.25  22.276 0.000   8.224 0.559000
295.25 296.25  11.898 0.000   3.091 0.559000
298.25 299.25  20.692 0.000   9.117 0.559000
302.25 303.25   8.763 0.000   3.153 0.559000
305.25 306.25   8.671 0.000   5.489 0.559000
309.25 310.25  15.391 0.000   6.238 0.559000
312.25 313.25  13.208 0.000   5.541 0.559000
316.25 317.25   6.029 0.000   3.962 0.559000
319.25 320.25   7.742 0.000   2.736 0.559000
323.25 324.25   6.752 0.000   1.132 0.559000
326.25 327.25   6.906 0.000   1.739 0.559000
330.25 331.25   9.217 0.000   3.853 0.559000
333.25 334.25  17.385 0.000   2.744 0.559000
337.25 338.25   6.477 0.000   2.264 0.559000
340.25 341.25  10.212 0.000   3.418 0.559000
344.25 345.25   7.500 0.000   6.413 0.559000
347.25 348.25  10.141 0.000   2.000 0.559000
351.25 352.25  12.305 0.000   5.860 0.559000
354.25 355.25   8.502 0.000 999.999 0.559259
358.25 359.25   6.453 0.000   3.227 0.559000
361.25 362.25   6.893 0.000   2.492 0.559000
