scripts/IMPROVE-2019_partial/data/US4504R.20040101060000.20191216000000.filterpack..pm25.52w.1w.US03L_filterpack_US4504.US03L_IMPROVE_Davis.lev2.nas
64 1001
MISSING INFORMATION
US03L, IMPROVE, , , , , , , 
MISSING INFORMATION
IMPROVE sel_HTAP
1 1
2004 01 01 2019 12 16
3.00
days from file reference point
25
1 1 1 1 1 1 1 1 1 1 1 1 1 1 1 1 1 1 1 1 1 1 1 1 1
999.99 9999.99 9.999 99.99 9.999 9.999 9.999999 9.99 9.999999 9.999 9.999999 99.999 9.999 99.999 9.999 999.999 9.999 999.999 9.999 999.999 9.999 9.999 9.999 99.999 9.999999
end_time of measurement, days from the file reference point
iron, ng/m3, Revision date=20181210133000
numflag iron, no unit, Revision date=20181210133000
lead, ng/m3, Revision date=20181210133000
numflag lead, no unit, Revision date=20181210133000
magnesium, ug/m3, Revision date=20181210133000
numflag magnesium, no unit, Revision date=20181210133000
nickel, ng/m3, Revision date=20181210133000
numflag nickel, no unit, Revision date=20181210133000
nitrate, ug N/m3, Revision date=20181210133000
numflag nitrate, no unit, Revision date=20181210133000
organic_carbon, ug C/m3, Revision date=20181210133000
numflag organic_carbon, no unit, Revision date=20181210133000
organic_mass, ug/m3, Revision date=20181210133000
numflag organic_mass, no unit, Revision date=20181210133000
pm10_mass, ug/m3, Version=2, Version description=Data extracted from http://views.cira.colostate.edu/fed/DataWizard 2019-12-16, Sample duration=1d, Orig. time res.=3d, Matrix=pm10, Blank correction=Blank corrected, Volume std. temperature=ambient, Volume std. pressure=ambient
numflag pm10_mass, no unit, Version=2, Version description=Data extracted from http://views.cira.colostate.edu/fed/DataWizard 2019-12-16, Sample duration=1d, Orig. time res.=3d, Matrix=pm10, Blank correction=Blank corrected, Volume std. temperature=ambient, Volume std. pressure=ambient
pm10_pm25_mass, ug/m3, Revision date=20181210133000, Matrix=pm10_pm25
numflag pm10_pm25_mass, no unit, Revision date=20181210133000, Matrix=pm10_pm25
pm25_mass, ug/m3, Version=2, Version description=Data extracted from http://views.cira.colostate.edu/fed/DataWizard 2019-12-16, Sample duration=1d, Orig. time res.=3d, Blank correction=Blank corrected, Volume std. temperature=ambient, Volume std. pressure=ambient
numflag pm25_mass, no unit, Version=2, Version description=Data extracted from http://views.cira.colostate.edu/fed/DataWizard 2019-12-16, Sample duration=1d, Orig. time res.=3d, Blank correction=Blank corrected, Volume std. temperature=ambient, Volume std. pressure=ambient
potassium, ug/m3, Revision date=20181210133000
numflag potassium, no unit, Revision date=20181210133000
sulphate_total, ug S/m3, Revision date=20181210133000
numflag sulphate_total, no unit, Revision date=20181210133000
0
25
Data definition:              EBAS_1.1
Set type code:                TU
Timezone:                     UTC
File name:                    US4504R.20040101060000.20191216000000.filterpack..pm25.52w.1w.US03L_filterpack_US4504.US03L_IMPROVE_Davis.lev2.nas
File creation:                20191218120442
Startdate:                    20040101060000
Revision date:                20191216000000
Statistics:                   arithmetic mean
Data level:                   2
Period code:                  52w
Resolution code:              1w
Station code:                 US4504R
Platform code:                US4504S
Station name:                 Big Bend National Park-K-Bar (TX04)
Station latitude:             29.3022
Station longitude:            -103.1772
Station altitude:             1056.0 m
Regime:                       IMG
Component:                    
Matrix:                       pm25
Laboratory code:              US03L
Instrument type:              filterpack
Instrument name:              filterpack_US4504
Method ref:                   US03L_IMPROVE_Davis
starttime endtime Fe flag_Fe Pb flag_Pb Mg++ flag_Mg++ Ni flag_Ni NO3- flag_NO3- OC flag_OC OM flag_OM PM10 flag_PM10 PM10-PM2.5 flag_PM10-PM2.5 PM2.5 flag_PM2.5 K+ flag_K+ SO4-- flag_SO4--
[from data line 89]
267.25 268.25    8.01 0.559  0.38 0.559 9.999 0.559259 0.25 0.559000 0.026 0.559000  0.608 0.000  0.851 0.000   7.743 0.000   1.998 0.000   5.744 0.559 0.015 0.559  1.030 0.559000
270.25 271.25    5.29 0.394  0.33 0.394 9.999 0.394259 0.12 0.394000 0.009 0.559394  0.648 0.000  0.908 0.000   4.697 0.000   1.288 0.000   3.409 0.000 0.009 0.394  0.445 0.559394
273.25 274.25   26.71 0.000  1.91 0.000 9.999 0.259000 0.23 0.000000 0.012 0.559000  0.909 0.000  1.272 0.000  14.603 0.000   2.319 0.000  12.284 0.000 0.030 0.000  2.227 0.559000
276.25 277.25    6.83 0.000  0.20 0.000 9.999 0.259000 0.20 0.000000 0.030 0.559000  0.761 0.000  1.065 0.000   6.984 0.000   1.488 0.000   5.497 0.000 0.010 0.000  0.850 0.559000
279.25 280.25    5.60 0.000  0.69 0.000 9.999 0.259000 0.17 0.000000 0.019 0.559000  0.469 0.000  0.657 0.000   4.957 0.000   1.453 0.000   3.504 0.000 0.009 0.000  0.595 0.559000
282.25 283.25    7.76 0.000  0.47 0.000 9.999 0.259000 9.99 0.259000 0.010 0.000000  0.530 0.000  0.742 0.000   4.401 0.000   1.357 0.000   3.044 0.000 0.008 0.000  0.399 0.000000
285.25 286.25 9999.99 0.999 99.99 0.999 9.999 0.999000 9.99 0.999000 9.999 0.999000 99.999 0.999 99.999 0.999 999.999 0.999 999.999 0.999 999.999 0.999 9.999 0.999 99.999 0.999000
288.25 289.25 9999.99 0.999 99.99 0.999 9.999 0.999000 9.99 0.999000 9.999 0.999000 99.999 0.999 99.999 0.999 999.999 0.999 999.999 0.999 999.999 0.999 9.999 0.999 99.999 0.999000
291.25 292.25 9999.99 0.999 99.99 0.999 9.999 0.999000 9.99 0.999000 9.999 0.999000 99.999 0.999 99.999 0.999 999.999 0.999 999.999 0.999 999.999 0.999 9.999 0.999 99.999 0.999000
294.25 295.25   39.23 0.000  2.18 0.000 9.999 0.259000 0.47 0.000000 0.015 0.000000  1.112 0.000  1.557 0.000  14.985 0.000   4.898 0.000  10.087 0.000 0.036 0.000  1.575 0.000000
297.25 298.25    2.93 0.000 99.99 0.259 0.084 0.000000 0.24 0.000000 0.008 0.000000  0.449 0.000  0.629 0.000   2.071 0.000   0.700 0.000   1.371 0.000 0.006 0.000  0.147 0.000000
300.25 301.25   14.76 0.000  0.98 0.000 9.999 0.259000 0.77 0.000000 0.026 0.559000  1.003 0.000  1.404 0.000  14.414 0.000   2.359 0.000  12.055 0.000 0.040 0.000  2.185 0.559000
303.25 304.25    9.98 0.000  0.67 0.000 9.999 0.259000 0.38 0.000000 0.027 0.559000  0.750 0.000  1.051 0.000  10.296 0.000   3.142 0.000   7.153 0.000 0.021 0.000  1.216 0.559000
306.25 307.25    1.37 0.000 99.99 0.259 0.214 0.000000 9.99 0.259000 0.005 0.559000  0.114 0.000  0.160 0.000   1.250 0.000   0.682 0.000   0.568 0.000 0.006 0.000  0.057 0.559000
309.25 310.25    5.65 0.000  0.53 0.000 9.999 0.259000 0.19 0.000000 0.006 0.559000  0.205 0.000  0.287 0.000   1.938 0.000   0.854 0.000   1.084 0.000 0.006 0.000  0.105 0.559000
312.25 313.25   24.40 0.000  2.43 0.000 9.999 0.259000 0.18 0.000000 0.020 0.559000  0.878 0.000  1.229 0.000  10.112 0.000   4.438 0.000   5.674 0.000 0.054 0.000  0.670 0.559000
315.25 316.25   12.22 0.000  0.72 0.000 9.999 0.259000 0.12 0.000000 0.031 0.559000  0.458 0.000  0.641 0.000   7.351 0.000   4.290 0.000   3.060 0.000 0.038 0.000  0.335 0.559000
318.25 319.25    0.96 0.000  0.37 0.000 0.133 0.000000 9.99 0.259000 0.018 0.559000  0.214 0.000  0.299 0.000   1.300 0.000   0.152 0.000   1.148 0.000 0.006 0.000  0.149 0.559000
321.25 322.25    1.02 0.000  0.34 0.000 0.126 0.000000 0.13 0.000000 0.011 0.559000  0.465 0.000  0.651 0.000   1.178 0.000   0.266 0.000   0.912 0.000 9.999 0.259  0.072 0.559000
324.25 325.25    8.17 0.000  1.03 0.000 0.116 0.000000 0.21 0.000000 0.017 0.559000  1.300 0.000  1.820 0.000   4.845 0.000   0.690 0.000   4.155 0.000 0.009 0.000  0.390 0.559000
327.25 328.25   11.74 0.000  0.86 0.000 9.999 0.259000 0.19 0.000000 0.016 0.559000  0.305 0.000  0.427 0.000   6.156 0.000   3.989 0.000   2.167 0.000 0.012 0.000  0.295 0.559000
330.25 331.25    7.01 0.000  0.92 0.000 9.999 0.259000 0.33 0.000000 0.012 0.559000  0.399 0.000  0.559 0.000   3.736 0.000   2.067 0.000   1.669 0.000 0.013 0.000  0.177 0.559000
333.25 334.25    5.49 0.000  0.25 0.000 9.999 0.259000 9.99 0.259000 0.018 0.559000  0.212 0.000  0.296 0.000   3.149 0.000   2.081 0.000   1.068 0.000 0.007 0.000  0.150 0.559000
336.25 337.25   17.35 0.000  0.94 0.000 0.209 0.000000 9.99 0.259000 0.016 0.559000  1.131 0.000  1.583 0.000   6.781 0.000   4.181 0.000   2.601 0.000 0.021 0.000  0.316 0.559000
339.25 340.25   25.88 0.000  2.18 0.000 9.999 0.259000 0.32 0.000000 0.017 0.559000  0.470 0.000  0.658 0.000   6.581 0.000   3.392 0.000   3.189 0.000 0.035 0.000  0.385 0.559000
342.25 343.25   14.68 0.000 99.99 0.259 9.999 0.259000 0.21 0.000000 0.008 0.559000  0.167 0.000  0.234 0.000   3.755 0.000   2.632 0.000   1.123 0.000 0.015 0.000  0.075 0.559000
345.25 346.25    7.89 0.000  0.80 0.000 9.999 0.259000 9.99 0.259000 0.007 0.559000  0.234 0.000  0.328 0.000   2.624 0.000   1.383 0.000   1.241 0.000 0.010 0.000  0.110 0.559000
348.25 349.25    7.98 0.000  0.47 0.000 9.999 0.259000 0.13 0.000000 0.039 0.559000  0.197 0.000  0.276 0.000   3.704 0.000   2.764 0.000   0.941 0.000 0.010 0.000  0.084 0.559000
351.25 352.25   10.90 0.000  0.65 0.000 9.999 0.259000 0.17 0.000000 0.037 0.559000  0.333 0.000  0.466 0.000   4.142 0.000   2.689 0.000   1.453 0.000 0.013 0.000  0.122 0.559000
354.25 355.25   24.74 0.000  1.92 0.000 9.999 0.259000 0.18 0.000000 0.014 0.559000  0.407 0.000  0.570 0.000   4.926 0.000   2.347 0.000   2.579 0.000 0.033 0.000  0.345 0.559000
357.25 358.25    4.31 0.000  0.44 0.000 9.999 0.259000 0.18 0.000000 0.022 0.559000  0.212 0.000  0.296 0.000   2.655 0.000   1.007 0.000   1.648 0.000 0.007 0.000  0.268 0.559000
360.25 361.25    3.46 0.000  0.47 0.000 9.999 0.259000 0.26 0.000000 0.008 0.559000  0.217 0.000  0.303 0.000   2.019 0.000   0.612 0.000   1.406 0.000 0.009 0.000  0.177 0.559000
363.25 364.25   38.90 0.000  2.05 0.000 0.199 0.000000 0.44 0.000000 0.031 0.559000  0.917 0.000  1.284 0.000   9.787 0.000   4.167 0.000   5.620 0.000 0.078 0.000  0.674 0.559000
