scripts/IMPROVE-2019_partial/data/US4504R.19970101060000.20191216000000.filterpack...1y.3d.US03L_filterpack_US4504.US03L_IMPROVE_Davis.lev2.nas
51 1001
MISSING INFORMATION
US03L, IMPROVE, , , , , , , 
MISSING INFORMATION
IMPROVE sel_HTAP
1 1
1997 01 01 2019 12 16
0
days from file reference point
4
1 1 1 1
999.99 999.999 999.999 9.999
end_time of measurement, days from the file reference point
pm10_mass, ug/m3, Matrix=pm10
pm25_mass, ug/m3, Matrix=pm25
numflag, no unit
0
33
Data definition:              EBAS_1.1
Set type code:                TI
Timezone:                     UTC
File name:                    US4504R.19970101060000.20191216000000.filterpack...1y.3d.US03L_filterpack_US4504.US03L_IMPROVE_Davis.lev2.nas
File creation:                20191218120440
Startdate:                    19970101060000
Revision date:                20191216000000
Version:                      2
Version description:          "Data extracted from http://views.cira.colostate.edu/fed/DataWizard 2019-12-16"
Statistics:                   arithmetic mean
Data level:                   2
Period code:                  1y
Resolution code:              3d
Sample duration:              1d
Orig. time res.:              3d
Station code:                 US4504R
Platform code:                US4504S
Station name:                 Big Bend National Park-K-Bar (TX04)
Station latitude:             29.3022
Station longitude:            -103.1772
Station altitude:             1056.0 m
Regime:                       IMG
Component:                    
Unit:                         ug/m3
Matrix:                       
Laboratory code:              US03L
Instrument type:              filterpack
Instrument name:              filterpack_US4504
Method ref:                   US03L_IMPROVE_Davis
Blank correction:             Blank corrected
Volume std. temperature:      ambient
Volume std. pressure:         ambient
starttime endtime PM10 PM2.5 flag
  0.25   1.25   7.725   2.106 0.000
  3.25   4.25   7.513   2.391 0.000
  7.25   8.25   4.533   2.249 0.000
 10.25  11.25   5.946   4.207 0.000
 14.25  15.25   9.694   2.690 0.000
 17.25  18.25  12.598   5.200 0.000
 21.25  22.25   7.196   3.456 0.000
 24.25  25.25   4.583   1.736 0.000
 28.25  29.25   5.401   2.241 0.000
 31.25  32.25  13.163   6.719 0.000
 35.25  36.25   9.764   4.839 0.000
 38.25  39.25   5.957   6.253 0.000
 42.25  43.25   7.898   4.179 0.000
 45.25  46.25   3.608   3.442 0.000
 49.25  50.25  16.073  10.289 0.000
 52.25  53.25   4.145   3.122 0.000
 56.25  57.25   4.538   2.028 0.000
 59.25  60.25   6.264   1.523 0.000
 63.25  64.25  16.372   4.247 0.000
 66.25  67.25  25.399   8.875 0.000
 70.25  71.25   2.642   2.080 0.000
 73.25  74.25  10.681   4.589 0.000
 77.25  78.25  11.828   4.087 0.000
 80.25  81.25  17.684   5.619 0.000
 84.25  85.25  11.483   4.752 0.000
 87.25  88.25   5.488   3.319 0.000
 91.25  92.25   6.469   5.261 0.000
 94.25  95.25  10.965   6.286 0.000
 98.25  99.25   9.406   5.717 0.000
101.25 102.25  16.322   6.625 0.000
105.25 106.25  10.766   4.314 0.000
108.25 109.25  19.327   3.684 0.000
112.25 113.25  10.928   4.529 0.000
115.25 116.25   7.553   3.865 0.000
119.25 120.25   7.234   6.854 0.000
122.25 123.25  58.699  13.733 0.000
126.25 127.25  10.489   6.617 0.000
129.25 130.25   5.155   3.233 0.000
133.25 134.25   6.683   4.094 0.000
136.25 137.25  10.010   9.381 0.000
140.25 141.25   5.401   2.074 0.000
143.25 144.25   5.563   3.187 0.000
147.25 148.25  12.408   7.988 0.000
150.25 151.25  14.277   8.269 0.000
154.25 155.25  13.547   8.883 0.000
157.25 158.25  11.234   7.870 0.000
161.25 162.25   9.751   9.210 0.000
164.25 165.25  12.036   7.018 0.000
168.25 169.25  13.712   7.483 0.000
171.25 172.25   9.921   6.028 0.000
175.25 176.25   4.606   2.980 0.000
178.25 179.25  13.398   9.201 0.000
182.25 183.25  18.315   7.419 0.000
185.25 186.25  48.107  21.970 0.000
189.25 190.25  10.011   5.279 0.000
192.25 193.25  21.327   8.921 0.000
196.25 197.25  22.990  12.849 0.000
199.25 200.25  20.146  11.190 0.000
203.25 204.25  10.059   8.865 0.000
206.25 207.25  12.887   5.792 0.000
210.25 211.25  20.795  11.981 0.000
213.25 214.25  14.790  12.407 0.000
217.25 218.25  14.153   9.372 0.000
220.25 221.25  11.537   6.852 0.000
224.25 225.25  18.018   7.989 0.000
227.25 228.25   7.883   5.224 0.000
231.25 232.25  12.162   5.890 0.000
234.25 235.25  17.437   5.586 0.000
238.25 239.25   7.482   4.278 0.000
241.25 242.25  15.625   6.262 0.000
245.25 246.25  14.342  11.605 0.000
248.25 249.25  18.494  16.318 0.000
252.25 253.25  10.739   7.284 0.000
255.25 256.25   8.882   4.942 0.000
259.25 260.25   8.031   3.951 0.000
262.25 263.25   9.932   5.598 0.000
266.25 267.25  12.751   5.432 0.000
269.25 270.25   7.886   3.007 0.000
273.25 274.25   9.549   4.492 0.000
276.25 277.25  23.325   7.780 0.000
280.25 281.25   7.972   5.664 0.000
283.25 284.25 999.999 999.999 0.999
287.25 288.25   4.267   3.862 0.000
290.25 291.25   7.195   3.101 0.000
294.25 295.25  12.697   9.086 0.000
297.25 298.25  11.029   3.342 0.000
301.25 302.25   5.401   3.362 0.000
304.25 305.25   8.812   3.108 0.000
308.25 309.25  18.533   5.479 0.000
311.25 312.25 999.999 999.999 0.999
315.25 316.25   8.057   4.365 0.000
318.25 319.25   9.348   3.105 0.000
322.25 323.25   5.115   4.405 0.000
325.25 326.25   6.780   3.936 0.000
329.25 330.25  14.410  10.903 0.000
332.25 333.25   3.384   1.409 0.000
336.25 337.25   2.964   1.618 0.000
339.25 340.25  11.559   7.787 0.000
343.25 344.25   3.886   1.618 0.000
346.25 347.25   2.315   1.180 0.000
350.25 351.25  11.456   2.738 0.000
353.25 354.25  13.629   9.641 0.000
357.25 358.25   4.157   1.562 0.000
360.25 361.25   7.885   1.543 0.000
364.25 365.25   5.503   2.600 0.000
