scripts/IMPROVE-2019_partial/data/US4504R.19990102060000.20191216000000.filterpack...1y.3d.US03L_filterpack_US4504.US03L_IMPROVE_Davis.lev2.nas
51 1001
MISSING INFORMATION
US03L, IMPROVE, , , , , , , 
MISSING INFORMATION
IMPROVE sel_HTAP
1 1
1999 01 01 2019 12 16
0
days from file reference point
4
1 1 1 1
999.99 9999.999 999.999 9.999
end_time of measurement, days from the file reference point
pm10_mass, ug/m3, Matrix=pm10
pm25_mass, ug/m3, Matrix=pm25
numflag, no unit
0
33
Data definition:              EBAS_1.1
Set type code:                TI
Timezone:                     UTC
File name:                    US4504R.19990102060000.20191216000000.filterpack...1y.3d.US03L_filterpack_US4504.US03L_IMPROVE_Davis.lev2.nas
File creation:                20191218120440
Startdate:                    19990102060000
Revision date:                20191216000000
Version:                      2
Version description:          "Data extracted from http://views.cira.colostate.edu/fed/DataWizard 2019-12-16"
Statistics:                   arithmetic mean
Data level:                   2
Period code:                  1y
Resolution code:              3d
Sample duration:              1d
Orig. time res.:              3d
Station code:                 US4504R
Platform code:                US4504S
Station name:                 Big Bend National Park-K-Bar (TX04)
Station latitude:             29.3022
Station longitude:            -103.1772
Station altitude:             1056.0 m
Regime:                       IMG
Component:                    
Unit:                         ug/m3
Matrix:                       
Laboratory code:              US03L
Instrument type:              filterpack
Instrument name:              filterpack_US4504
Method ref:                   US03L_IMPROVE_Davis
Blank correction:             Blank corrected
Volume std. temperature:      ambient
Volume std. pressure:         ambient
starttime endtime PM10 PM2.5 flag
  1.25   2.25    9.841   2.168 0.000
  5.25   6.25   12.437   6.536 0.000
  8.25   9.25 9999.999 999.999 0.999
 12.25  13.25 9999.999   3.535 0.000
 15.25  16.25 9999.999   4.091 0.000
 19.25  20.25    9.753   4.437 0.000
 22.25  23.25    4.617   1.823 0.000
 26.25  27.25   17.840   8.410 0.000
 29.25  30.25    7.304   2.178 0.000
 33.25  34.25    6.476   2.460 0.000
 36.25  37.25   11.844   7.386 0.000
 40.25  41.25   14.484   7.946 0.000
 43.25  44.25    5.964   2.420 0.000
 47.25  48.25   12.437   3.549 0.000
 50.25  51.25   13.026   4.111 0.000
 54.25  55.25   21.177  11.011 0.000
 57.25  58.25   16.242   4.197 0.000
 61.25  62.25   15.625   4.317 0.000
 64.25  65.25   18.754   7.750 0.000
 68.25  69.25   20.680  10.648 0.000
 71.25  72.25   12.940   5.481 0.000
 75.25  76.25   37.886  10.024 0.000
 78.25  79.25    4.340   2.635 0.000
 82.25  83.25   15.453   8.790 0.000
 85.25  86.25    5.020   3.611 0.000
 89.25  90.25   14.875   9.773 0.000
 92.25  93.25  148.428  31.867 0.000
 96.25  97.25   31.003  15.463 0.000
 99.25 100.25   15.710   3.716 0.000
103.25 104.25   49.313  12.352 0.000
106.25 107.25   14.197   4.386 0.000
110.25 111.25   17.039   6.420 0.000
113.25 114.25   23.034  11.717 0.000
117.25 118.25   22.541  10.478 0.000
120.25 121.25   12.032   7.790 0.000
124.25 125.25   30.255  11.513 0.000
127.25 128.25   43.247  16.852 0.000
131.25 132.25   21.284   9.157 0.000
134.25 135.25   20.083  12.130 0.000
138.25 139.25   13.739   8.430 0.000
141.25 142.25   16.876   9.198 0.000
145.25 146.25   12.939   6.341 0.000
148.25 149.25   12.180   6.463 0.000
152.25 153.25   19.664  12.138 0.000
155.25 156.25   18.243   8.816 0.000
159.25 160.25   18.029   8.110 0.000
162.25 163.25   18.458  10.688 0.000
166.25 167.25    4.805   3.426 0.000
169.25 170.25   14.297   9.649 0.000
173.25 174.25   11.956   3.457 0.000
176.25 177.25    8.269   5.067 0.000
180.25 181.25 9999.999 999.999 0.999
183.25 184.25 9999.999 999.999 0.999
187.25 188.25 9999.999 999.999 0.999
190.25 191.25 9999.999 999.999 0.999
194.25 195.25 9999.999 999.999 0.999
197.25 198.25 9999.999 999.999 0.999
201.25 202.25 9999.999 999.999 0.999
204.25 205.25 9999.999 999.999 0.999
208.25 209.25   14.069   8.102 0.000
211.25 212.25    9.878   3.886 0.000
215.25 216.25   34.483  18.668 0.000
218.25 219.25   17.982   9.145 0.000
222.25 223.25   12.575   6.529 0.000
225.25 226.25   19.666   9.814 0.000
229.25 230.25   25.636  11.285 0.000
232.25 233.25   31.218  19.271 0.000
236.25 237.25    5.682   4.283 0.000
239.25 240.25    6.944   4.726 0.000
243.25 244.25   23.089  15.483 0.000
246.25 247.25 9999.999   9.009 0.000
250.25 251.25    4.063   2.199 0.000
253.25 254.25   13.667   3.819 0.000
257.25 258.25   20.679  12.758 0.000
260.25 261.25   17.289   8.739 0.000
264.25 265.25    8.939   5.304 0.000
267.25 268.25    8.127   3.897 0.000
271.25 272.25    8.030   3.354 0.000
274.25 275.25    9.549   2.091 0.000
278.25 279.25   15.810  10.067 0.000
281.25 282.25    8.422   4.890 0.000
285.25 286.25   22.784  14.916 0.000
288.25 289.25   22.512  11.588 0.000
292.25 293.25    6.944   4.010 0.000
295.25 296.25   17.170   4.754 0.000
299.25 300.25   19.195   7.306 0.000
302.25 303.25   35.485   8.671 0.000
306.25 307.25   13.337   5.199 0.000
309.25 310.25   17.284   7.597 0.000
313.25 314.25   16.253   7.122 0.000
316.25 317.25   12.153   6.698 0.000
320.25 321.25   13.813   7.772 0.000
323.25 324.25   23.271   6.803 0.000
327.25 328.25    9.558   3.401 0.000
330.25 331.25    9.782   2.997 0.000
334.25 335.25   62.423  15.212 0.000
337.25 338.25   35.038   9.618 0.000
341.25 342.25   20.753   8.784 0.000
344.25 345.25   38.437   7.958 0.000
348.25 349.25   59.070  15.692 0.000
351.25 352.25   13.577   4.326 0.000
355.25 356.25   15.262   7.888 0.000
358.25 359.25    8.075   4.448 0.000
362.25 363.25   11.789   4.196 0.000
