scripts/IMPROVE-2019_partial/data/US4504R.20070103060000.20191216000000.filterpack...1y.3d.US03L_filterpack_US4504.US03L_IMPROVE_Davis.lev2.nas
52 1001
MISSING INFORMATION
US03L, IMPROVE, , , , , , , 
MISSING INFORMATION
IMPROVE sel_HTAP
1 1
2007 01 01 2019 12 16
3.00
days from file reference point
5
1 1 1 1 1
999.99 999.999 9.999 999.999 9.999
end_time of measurement, days from the file reference point
pm10_mass, ug/m3, Matrix=pm10
numflag pm10_mass, no unit, Matrix=pm10
pm25_mass, ug/m3, Matrix=pm25
numflag pm25_mass, no unit, Matrix=pm25
0
33
Data definition:              EBAS_1.1
Set type code:                TU
Timezone:                     UTC
File name:                    US4504R.20070103060000.20191216000000.filterpack...1y.3d.US03L_filterpack_US4504.US03L_IMPROVE_Davis.lev2.nas
File creation:                20191218120443
Startdate:                    20070103060000
Revision date:                20191216000000
Version:                      2
Version description:          "Data extracted from http://views.cira.colostate.edu/fed/DataWizard 2019-12-16"
Statistics:                   arithmetic mean
Data level:                   2
Period code:                  1y
Resolution code:              3d
Sample duration:              1d
Orig. time res.:              3d
Station code:                 US4504R
Platform code:                US4504S
Station name:                 Big Bend National Park-K-Bar (TX04)
Station latitude:             29.3022
Station longitude:            -103.1772
Station altitude:             1056.0 m
Regime:                       IMG
Component:                    
Unit:                         ug/m3
Matrix:                       
Laboratory code:              US03L
Instrument type:              filterpack
Instrument name:              filterpack_US4504
Method ref:                   US03L_IMPROVE_Davis
Blank correction:             Blank corrected
Volume std. temperature:      ambient
Volume std. pressure:         ambient
starttime endtime PM10 flag_PM10 PM2.5 flag_PM2.5
  2.25   3.25 999.999 0.999 999.999 0.999
  5.25   6.25   6.120 0.000   3.584 0.000
  8.25   9.25   6.035 0.000 999.999 0.456
 11.25  12.25   5.002 0.000   3.707 0.000
 14.25  15.25   3.872 0.000   2.865 0.659
 17.25  18.25   1.423 0.000   1.208 0.659
 20.25  21.25   1.700 0.000   1.293 0.659
 23.25  24.25   3.932 0.000   2.553 0.000
 26.25  27.25   2.612 0.000   1.612 0.659
 29.25  30.25   7.109 0.000   5.248 0.000
 32.25  33.25   1.949 0.000   1.075 0.000
 35.25  36.25   2.849 0.000   2.060 0.659
 38.25  39.25   5.036 0.000   2.762 0.000
 41.25  42.25   4.675 0.000   3.919 0.000
 44.25  45.25   6.561 0.000   4.553 0.000
 47.25  48.25   4.327 0.000   1.095 0.000
 50.25  51.25   5.133 0.000   2.465 0.000
 53.25  54.25  12.701 0.000   5.908 0.000
 56.25  57.25   3.760 0.000   1.018 0.000
 59.25  60.25   7.888 0.000   1.844 0.000
 62.25  63.25  19.439 0.000   4.956 0.659
 65.25  66.25  13.943 0.000   4.548 0.000
 68.25  69.25  15.005 0.000   7.650 0.000
 71.25  72.25   6.497 0.000   3.046 0.000
 74.25  75.25  12.881 0.000   7.373 0.000
 77.25  78.25  20.112 0.000  14.337 0.000
 80.25  81.25  16.450 0.000   8.938 0.000
 83.25  84.25   6.841 0.000   4.468 0.000
 86.25  87.25  12.505 0.000   6.288 0.000
 89.25  90.25   8.997 0.000   3.318 0.000
 92.25  93.25   9.598 0.000   5.201 0.000
 95.25  96.25  15.849 0.000  10.777 0.000
 98.25  99.25   8.964 0.000   6.411 0.000
101.25 102.25  16.358 0.000   6.258 0.000
104.25 105.25   2.909 0.000   1.541 0.000
107.25 108.25  12.561 0.000   4.333 0.000
110.25 111.25  15.495 0.000   6.873 0.000
113.25 114.25   9.842 0.000   2.895 0.000
116.25 117.25  17.873 0.000   6.641 0.000
119.25 120.25  10.913 0.000   7.125 0.000
122.25 123.25   9.448 0.000   4.674 0.000
125.25 126.25  11.389 0.000   5.537 0.000
128.25 129.25   6.091 0.000   3.634 0.000
131.25 132.25   6.100 0.000   4.146 0.000
134.25 135.25   8.212 0.000   4.688 0.000
137.25 138.25  15.491 0.000  10.643 0.000
140.25 141.25   5.957 0.000   3.619 0.000
143.25 144.25  21.061 0.000  15.610 0.000
146.25 147.25   6.166 0.000   4.038 0.000
149.25 150.25  11.152 0.000   6.050 0.000
152.25 153.25  12.994 0.000   7.155 0.000
155.25 156.25  10.542 0.000   4.888 0.000
158.25 159.25  28.075 0.000  21.087 0.000
161.25 162.25  12.817 0.000   7.451 0.000
164.25 165.25   9.302 0.000   5.504 0.000
167.25 168.25   8.738 0.000   5.610 0.000
170.25 171.25   7.825 0.000   5.458 0.000
173.25 174.25  11.960 0.000   8.462 0.000
176.25 177.25  12.729 0.000   8.087 0.000
179.25 180.25  10.323 0.000   5.025 0.000
182.25 183.25  15.082 0.000  12.472 0.000
185.25 186.25   4.961 0.000   3.042 0.000
188.25 189.25   8.002 0.000   6.089 0.000
191.25 192.25  14.808 0.000  10.220 0.000
194.25 195.25  13.940 0.000   9.037 0.000
197.25 198.25  16.693 0.000  12.918 0.000
200.25 201.25   5.433 0.000   4.249 0.000
203.25 204.25  10.348 0.000   5.662 0.000
206.25 207.25   6.465 0.000   5.151 0.000
209.25 210.25 999.999 0.999 999.999 0.999
212.25 213.25   8.168 0.000   5.304 0.000
215.25 216.25  18.218 0.000  10.858 0.000
218.25 219.25  15.149 0.000   8.651 0.000
221.25 222.25  17.433 0.000   9.672 0.000
224.25 225.25  13.673 0.000  10.636 0.000
227.25 228.25  27.731 0.000  24.163 0.000
230.25 231.25  10.966 0.000   6.405 0.000
233.25 234.25   8.145 0.000   4.113 0.000
236.25 237.25   9.617 0.000   5.742 0.000
239.25 240.25   4.123 0.000   2.532 0.000
242.25 243.25   9.469 0.000   6.430 0.000
245.25 246.25   9.361 0.000   7.690 0.000
248.25 249.25   9.095 0.000   6.514 0.000
251.25 252.25   7.779 0.000   5.441 0.000
254.25 255.25   5.213 0.000   3.873 0.000
257.25 258.25  10.985 0.000   7.796 0.000
260.25 261.25   4.583 0.000   2.586 0.000
263.25 264.25   8.279 0.000   4.948 0.000
266.25 267.25   6.051 0.000   4.626 0.000
269.25 270.25   9.304 0.000   5.229 0.000
272.25 273.25   5.496 0.000   3.203 0.000
275.25 276.25   4.913 0.000   2.962 0.000
278.25 279.25  10.558 0.000   5.407 0.000
281.25 282.25   8.459 0.000   5.709 0.000
284.25 285.25   6.537 0.000   4.421 0.000
287.25 288.25   9.589 0.000   4.346 0.000
290.25 291.25   8.288 0.000   2.132 0.000
293.25 294.25  17.761 0.000   6.814 0.000
296.25 297.25   8.688 0.000   1.896 0.000
299.25 300.25  13.063 0.000   5.464 0.000
302.25 303.25  11.459 0.000   5.668 0.000
305.25 306.25  18.569 0.000   7.545 0.000
308.25 309.25  10.939 0.000   5.758 0.000
311.25 312.25  12.115 0.000   6.541 0.000
314.25 315.25  19.394 0.000  11.382 0.000
317.25 318.25  35.461 0.000   9.601 0.000
320.25 321.25  12.819 0.000   5.342 0.000
323.25 324.25  11.208 0.000   5.351 0.000
326.25 327.25   9.432 0.000   3.906 0.000
329.25 330.25   3.091 0.000   2.516 0.000
332.25 333.25  14.571 0.000   6.799 0.000
335.25 336.25   2.069 0.000   0.893 0.000
338.25 339.25   4.348 0.000   1.828 0.000
341.25 342.25   4.870 0.000   2.626 0.000
344.25 345.25   5.574 0.000   3.444 0.000
347.25 348.25   6.990 0.000   3.898 0.000
350.25 351.25   7.342 0.000   3.899 0.000
353.25 354.25   5.051 0.000   1.850 0.000
356.25 357.25   3.357 0.000   1.301 0.000
359.25 360.25  14.888 0.000   2.647 0.000
362.25 363.25   8.794 0.000   2.277 0.000
