scripts/IMPROVE-2019_partial/data/US4504R.20080101060000.20191216000000.filterpack...52w.3d.US03L_filterpack_US4504.US03L_IMPROVE_Davis.lev2.nas
51 1001
MISSING INFORMATION
US03L, IMPROVE, , , , , , , 
MISSING INFORMATION
IMPROVE sel_HTAP
1 1
2008 01 01 2019 12 16
3.00
days from file reference point
4
1 1 1 1
999.99 999.999 999.999 9.999
end_time of measurement, days from the file reference point
pm10_mass, ug/m3, Matrix=pm10
pm25_mass, ug/m3, Matrix=pm25
numflag, no unit
0
33
Data definition:              EBAS_1.1
Set type code:                TU
Timezone:                     UTC
File name:                    US4504R.20080101060000.20191216000000.filterpack...52w.3d.US03L_filterpack_US4504.US03L_IMPROVE_Davis.lev2.nas
File creation:                20191218120443
Startdate:                    20080101060000
Revision date:                20191216000000
Version:                      2
Version description:          "Data extracted from http://views.cira.colostate.edu/fed/DataWizard 2019-12-16"
Statistics:                   arithmetic mean
Data level:                   2
Period code:                  52w
Resolution code:              3d
Sample duration:              1d
Orig. time res.:              3d
Station code:                 US4504R
Platform code:                US4504S
Station name:                 Big Bend National Park-K-Bar (TX04)
Station latitude:             29.3022
Station longitude:            -103.1772
Station altitude:             1056.0 m
Regime:                       IMG
Component:                    
Unit:                         ug/m3
Matrix:                       
Laboratory code:              US03L
Instrument type:              filterpack
Instrument name:              filterpack_US4504
Method ref:                   US03L_IMPROVE_Davis
Blank correction:             Blank corrected
Volume std. temperature:      ambient
Volume std. pressure:         ambient
starttime endtime PM10 PM2.5 flag
  0.25   1.25   3.103   0.894 0.000
  3.25   4.25  10.283   3.621 0.000
  6.25   7.25   4.546   1.953 0.000
  9.25  10.25   8.484   1.967 0.000
 12.25  13.25   5.154   1.405 0.000
 15.25  16.25   9.076   3.591 0.000
 18.25  19.25   8.216   2.541 0.000
 21.25  22.25   9.193   4.442 0.000
 24.25  25.25   4.835   4.049 0.000
 27.25  28.25   7.667   3.632 0.000
 30.25  31.25   8.049   2.086 0.000
 33.25  34.25   3.599   2.026 0.000
 36.25  37.25   2.874   1.030 0.000
 39.25  40.25  12.005   3.789 0.000
 42.25  43.25   8.315   2.311 0.000
 45.25  46.25  13.961   5.101 0.000
 48.25  49.25   4.069   1.864 0.000
 51.25  52.25   9.554   2.733 0.000
 54.25  55.25  10.614   2.372 0.000
 57.25  58.25  11.655   6.171 0.000
 60.25  61.25  19.979   8.918 0.000
 63.25  64.25   4.349   1.562 0.000
 66.25  67.25   5.266   2.773 0.000
 69.25  70.25  12.380   4.504 0.000
 72.25  73.25   9.931   3.697 0.000
 75.25  76.25  15.936   4.413 0.000
 78.25  79.25 999.999 999.999 0.999
 81.25  82.25 999.999 999.999 0.999
 84.25  85.25  16.934   8.310 0.000
 87.25  88.25  15.349   6.547 0.000
 90.25  91.25  12.038   7.436 0.000
 93.25  94.25  18.357  10.775 0.000
 96.25  97.25  10.139   4.529 0.000
 99.25 100.25  18.670   6.978 0.000
102.25 103.25  10.251   3.444 0.000
105.25 106.25  18.907   6.532 0.000
108.25 109.25   9.243   3.535 0.000
111.25 112.25  12.913   5.447 0.000
114.25 115.25  15.591   9.377 0.000
117.25 118.25  38.200   7.134 0.000
120.25 121.25  21.032   7.580 0.000
123.25 124.25  54.304  12.758 0.000
126.25 127.25  17.400  10.578 0.000
129.25 130.25  12.016   5.487 0.000
132.25 133.25  20.676  10.202 0.000
135.25 136.25  20.426   7.323 0.000
138.25 139.25   9.067   4.725 0.000
141.25 142.25   8.776   4.166 0.000
144.25 145.25  14.705   6.912 0.000
147.25 148.25  20.422  13.103 0.000
150.25 151.25  11.694   5.215 0.000
153.25 154.25   7.514   3.410 0.000
156.25 157.25  15.535   6.765 0.000
159.25 160.25   9.081   3.221 0.000
162.25 163.25  10.404   3.907 0.000
165.25 166.25   9.878   5.130 0.000
168.25 169.25  11.523   5.171 0.000
171.25 172.25  13.438   5.547 0.000
174.25 175.25   6.954   4.223 0.000
177.25 178.25  31.837  12.404 0.000
180.25 181.25   9.275   5.438 0.000
183.25 184.25 999.999 999.999 0.999
186.25 187.25   5.052   3.560 0.000
189.25 190.25   1.422   0.621 0.000
192.25 193.25   9.229   5.448 0.000
195.25 196.25   8.859   5.623 0.000
198.25 199.25  19.940  11.341 0.000
201.25 202.25  13.953   9.384 0.000
204.25 205.25  16.345   9.675 0.000
207.25 208.25  18.599  10.607 0.000
210.25 211.25  12.628   6.162 0.000
213.25 214.25  10.744   7.817 0.000
216.25 217.25  11.752   6.405 0.000
219.25 220.25  10.939   6.867 0.000
222.25 223.25   7.604   4.080 0.000
225.25 226.25   6.344   4.102 0.000
228.25 229.25   8.399   5.183 0.000
231.25 232.25   7.778   5.569 0.000
234.25 235.25   5.688   4.642 0.000
237.25 238.25   7.221   5.188 0.000
240.25 241.25   4.229   2.330 0.000
243.25 244.25   4.956   3.536 0.000
246.25 247.25   8.911   6.119 0.000
249.25 250.25   7.858   4.753 0.000
252.25 253.25   5.451   2.928 0.000
255.25 256.25   3.297   1.243 0.000
258.25 259.25   6.071   2.890 0.000
261.25 262.25 999.999 999.999 0.999
264.25 265.25  13.065  10.059 0.000
267.25 268.25   9.748   6.862 0.000
270.25 271.25  15.739  12.290 0.000
273.25 274.25  16.717  12.390 0.000
276.25 277.25  10.001   5.306 0.000
279.25 280.25   7.118   2.877 0.000
282.25 283.25   9.101   4.433 0.000
285.25 286.25   7.396   3.779 0.000
288.25 289.25   3.687   2.190 0.000
291.25 292.25   3.884   3.028 0.000
294.25 295.25   8.476   4.943 0.000
297.25 298.25  13.186   3.546 0.000
300.25 301.25  14.597   4.562 0.000
303.25 304.25  11.288   5.689 0.000
306.25 307.25  10.372   6.609 0.000
309.25 310.25   7.929   3.732 0.000
312.25 313.25   4.989   1.747 0.000
315.25 316.25   8.429   2.706 0.000
318.25 319.25  16.578   3.055 0.000
321.25 322.25   7.005   1.789 0.000
324.25 325.25  28.587   5.412 0.000
327.25 328.25  10.525   4.097 0.000
330.25 331.25  12.119   5.750 0.000
333.25 334.25   3.731   2.017 0.000
336.25 337.25   7.210   1.768 0.000
339.25 340.25   7.928   1.969 0.000
342.25 343.25  30.817   7.042 0.000
345.25 346.25   4.154   2.849 0.000
348.25 349.25   9.393   2.945 0.000
351.25 352.25   8.680   3.661 0.000
354.25 355.25   6.423   2.302 0.000
357.25 358.25  13.585   4.128 0.000
360.25 361.25   6.047   2.429 0.000
363.25 364.25   3.044   1.081 0.000
