scripts/IMPROVE-2019_partial/data/US4504R.20020102060000.20191216000000.filterpack..pm25.52w.1w.US03L_filterpack_US4504.US03L_IMPROVE_Davis.lev2.nas
64 1001
MISSING INFORMATION
US03L, IMPROVE, , , , , , , 
MISSING INFORMATION
IMPROVE sel_HTAP
1 1
2002 01 01 2019 12 16
3.00
days from file reference point
25
1 1 1 1 1 1 1 1 1 1 1 1 1 1 1 1 1 1 1 1 1 1 1 1 1
999.99 9999.99 9.999 99.99 9.999999 9.999 9.999999 9.99 9.999999 9.999 9.999999 99.999 9.999 99.999 9.999 999.999 9.999 999.999 9.999 999.999 9.999 9.999 9.999 99.999 9.999999
end_time of measurement, days from the file reference point
iron, ng/m3, Revision date=20181210133000
numflag iron, no unit, Revision date=20181210133000
lead, ng/m3, Revision date=20181210133000
numflag lead, no unit, Revision date=20181210133000
magnesium, ug/m3, Revision date=20181210133000
numflag magnesium, no unit, Revision date=20181210133000
nickel, ng/m3, Revision date=20181210133000
numflag nickel, no unit, Revision date=20181210133000
nitrate, ug N/m3, Revision date=20181210133000
numflag nitrate, no unit, Revision date=20181210133000
organic_carbon, ug C/m3, Revision date=20181210133000
numflag organic_carbon, no unit, Revision date=20181210133000
organic_mass, ug/m3, Revision date=20181210133000
numflag organic_mass, no unit, Revision date=20181210133000
pm10_mass, ug/m3, Version=2, Version description=Data extracted from http://views.cira.colostate.edu/fed/DataWizard 2019-12-16, Sample duration=1d, Orig. time res.=3d, Matrix=pm10, Blank correction=Blank corrected, Volume std. temperature=ambient, Volume std. pressure=ambient
numflag pm10_mass, no unit, Version=2, Version description=Data extracted from http://views.cira.colostate.edu/fed/DataWizard 2019-12-16, Sample duration=1d, Orig. time res.=3d, Matrix=pm10, Blank correction=Blank corrected, Volume std. temperature=ambient, Volume std. pressure=ambient
pm10_pm25_mass, ug/m3, Revision date=20181210133000, Matrix=pm10_pm25
numflag pm10_pm25_mass, no unit, Revision date=20181210133000, Matrix=pm10_pm25
pm25_mass, ug/m3, Version=2, Version description=Data extracted from http://views.cira.colostate.edu/fed/DataWizard 2019-12-16, Sample duration=1d, Orig. time res.=3d, Blank correction=Blank corrected, Volume std. temperature=ambient, Volume std. pressure=ambient
numflag pm25_mass, no unit, Version=2, Version description=Data extracted from http://views.cira.colostate.edu/fed/DataWizard 2019-12-16, Sample duration=1d, Orig. time res.=3d, Blank correction=Blank corrected, Volume std. temperature=ambient, Volume std. pressure=ambient
potassium, ug/m3, Revision date=20181210133000
numflag potassium, no unit, Revision date=20181210133000
sulphate_total, ug S/m3, Revision date=20181210133000
numflag sulphate_total, no unit, Revision date=20181210133000
0
25
Data definition:              EBAS_1.1
Set type code:                TU
Timezone:                     UTC
File name:                    US4504R.20020102060000.20191216000000.filterpack..pm25.52w.1w.US03L_filterpack_US4504.US03L_IMPROVE_Davis.lev2.nas
File creation:                20191218120441
Startdate:                    20020102060000
Revision date:                20191216000000
Statistics:                   arithmetic mean
Data level:                   2
Period code:                  52w
Resolution code:              1w
Station code:                 US4504R
Platform code:                US4504S
Station name:                 Big Bend National Park-K-Bar (TX04)
Station latitude:             29.3022
Station longitude:            -103.1772
Station altitude:             1056.0 m
Regime:                       IMG
Component:                    
Matrix:                       pm25
Laboratory code:              US03L
Instrument type:              filterpack
Instrument name:              filterpack_US4504
Method ref:                   US03L_IMPROVE_Davis
starttime endtime Fe flag_Fe Pb flag_Pb Mg++ flag_Mg++ Ni flag_Ni NO3- flag_NO3- OC flag_OC OM flag_OM PM10 flag_PM10 PM10-PM2.5 flag_PM10-PM2.5 PM2.5 flag_PM2.5 K+ flag_K+ SO4-- flag_SO4--
[from data line 88]
265.25 266.25   18.45 0.000  1.16 0.000000 9.999 0.259000 9.99 0.259000 0.016 0.000000  1.084 0.000  1.518 0.000   9.881 0.000   3.893 0.000   5.988 0.000 0.029 0.000  0.656 0.000000
268.25 269.25   24.56 0.000  0.82 0.000000 9.999 0.259000 9.99 0.259000 0.011 0.000000  0.456 0.000  0.638 0.000   6.111 0.000   2.232 0.000   3.879 0.000 0.021 0.000  0.407 0.000000
271.25 272.25   20.85 0.000  0.88 0.000000 9.999 0.259000 9.99 0.259000 0.017 0.559000  0.664 0.000  0.930 0.000  10.000 0.000   3.803 0.000   6.197 0.000 0.023 0.000  0.814 0.559000
274.25 275.25   25.80 0.000  1.12 0.000000 0.019 0.000000 0.84 0.000000 0.021 0.000000  0.658 0.000  0.921 0.000  15.507 0.000   6.247 0.000   9.259 0.000 0.030 0.000  1.718 0.000000
277.25 278.25   17.81 0.000  0.55 0.000000 9.999 0.259000 0.45 0.000000 0.045 0.000000  0.504 0.000  0.706 0.000  12.500 0.000   5.120 0.000   7.380 0.000 0.024 0.000  1.235 0.000000
280.25 281.25    4.24 0.000  0.27 0.000000 0.024 0.000000 9.99 0.259000 0.011 0.000000  0.355 0.000  0.498 0.000   2.165 0.000   0.949 0.000   1.216 0.000 0.006 0.000  0.095 0.000000
283.25 284.25    8.96 0.000  0.43 0.000000 9.999 0.259000 9.99 0.259000 0.010 0.000000  0.549 0.000  0.769 0.000   5.436 0.000   0.899 0.000   4.537 0.000 0.010 0.000  0.674 0.000000
286.25 287.25   11.38 0.000  0.64 0.000000 9.999 0.259000 9.99 0.259000 0.048 0.000000  0.707 0.000  0.989 0.000   4.175 0.000   1.348 0.000   2.827 0.000 0.017 0.000  0.237 0.000000
289.25 290.25   14.87 0.000  0.76 0.000000 9.999 0.259000 0.17 0.000000 0.016 0.000000  0.882 0.000  1.236 0.000   7.381 0.000   1.371 0.000   6.010 0.000 0.018 0.000  0.800 0.000000
292.25 293.25   17.93 0.000  0.62 0.000000 9.999 0.259000 9.99 0.259000 0.027 0.000000  0.486 0.000  0.681 0.000   6.468 0.000   2.965 0.000   3.503 0.000 0.021 0.000  0.422 0.000000
295.25 296.25    7.25 0.000  0.79 0.000000 9.999 0.259000 9.99 0.259000 0.019 0.000000  0.370 0.000  0.518 0.000   4.550 0.000   0.939 0.000   3.611 0.000 0.008 0.000  0.725 0.000000
298.25 299.25    4.30 0.000 99.99 0.259000 0.025 0.000000 9.99 0.259000 0.037 0.000000  0.195 0.000  0.273 0.000   1.270 0.000   0.194 0.000   1.075 0.000 0.005 0.000  0.131 0.000000
301.25 302.25   16.00 0.000  0.71 0.000000 0.011 0.000000 9.99 0.259000 0.018 0.559000  0.006 0.000  0.009 0.000   2.807 0.000   1.404 0.000   1.403 0.000 0.015 0.000  0.153 0.559000
304.25 305.25    1.59 0.000  0.57 0.000000 9.999 0.259000 9.99 0.259000 0.043 0.559000  0.372 0.000  0.521 0.000   3.233 0.000   0.332 0.000   2.901 0.000 0.005 0.000  0.469 0.559000
307.25 308.25    0.63 0.000  0.12 0.000000 9.999 0.259000 0.11 0.000000 0.010 0.000000  0.150 0.000  0.210 0.000   0.758 0.000   0.236 0.000   0.522 0.000 0.002 0.000  0.067 0.000000
310.25 311.25   47.20 0.000  0.73 0.000000 0.013 0.000000 9.99 0.259000 0.013 0.559000  0.438 0.000  0.613 0.000   4.897 0.000   2.205 0.000   2.692 0.000 0.021 0.000  0.370 0.559000
313.25 314.25  213.45 0.000  0.24 0.000000 0.098 0.000000 0.08 0.000000 0.015 0.559000  0.287 0.000  0.403 0.000  40.595 0.000  32.869 0.000   7.726 0.000 0.158 0.000  0.185 0.559000
316.25 317.25   46.08 0.000  0.76 0.000000 9.999 0.259000 0.11 0.000000 0.020 0.000000  0.667 0.000  0.933 0.000   8.541 0.000   3.952 0.000   4.589 0.000 0.039 0.000  0.431 0.000000
319.25 320.25    2.90 0.000  0.15 0.000000 9.999 0.259000 9.99 0.259000 0.012 0.000000  0.280 0.000  0.392 0.000   1.847 0.000   0.542 0.000   1.304 0.000 0.005 0.000  0.134 0.000000
322.25 323.25   51.41 0.000  0.71 0.000000 9.999 0.259000 9.99 0.259000 0.017 0.559000  0.554 0.000  0.776 0.000  11.414 0.000   8.153 0.000   3.260 0.000 0.036 0.000  0.204 0.559000
325.25 326.25   21.09 0.000  0.21 0.000000 9.999 0.259000 9.99 0.259000 0.010 0.000000  0.156 0.000  0.219 0.000   3.632 0.000   1.911 0.000   1.721 0.000 0.020 0.000  0.108 0.000000
328.25 329.25   47.91 0.000  1.45 0.000000 9.999 0.259000 0.13 0.000000 0.134 0.000000  1.117 0.000  1.564 0.000  16.899 0.000  10.264 0.000   6.636 0.000 0.058 0.000  0.772 0.000000
331.25 332.25   17.86 0.000  0.85 0.000000 9.999 0.259000 0.16 0.000000 0.014 0.559000  0.477 0.000  0.668 0.000   7.787 0.000   3.584 0.000   4.203 0.000 0.027 0.000  0.548 0.559000
334.25 335.25   25.28 0.000  0.85 0.000000 9.999 0.259000 9.99 0.259000 0.019 0.559000  0.846 0.000  1.184 0.000   8.022 0.000   4.718 0.000   3.304 0.000 0.029 0.000  0.288 0.559000
337.25 338.25    2.15 0.000  0.20 0.000000 0.035 0.000000 9.99 0.259000 0.097 0.000000  0.445 0.000  0.623 0.000   2.168 0.000   0.263 0.000   1.905 0.000 0.006 0.000  0.225 0.000000
340.25 341.25   20.40 0.000  0.75 0.000000 9.999 0.259000 0.10 0.000000 0.042 0.000000  0.431 0.000  0.603 0.000   4.375 0.000   0.995 0.000   3.381 0.000 0.016 0.000  0.537 0.000000
343.25 344.25    2.31 0.000  0.26 0.000000 9.999 0.259000 9.99 0.259000 0.010 0.000000  0.249 0.000  0.349 0.000   2.353 0.000   0.459 0.000   1.894 0.000 0.006 0.000  0.270 0.000000
346.25 347.25   21.16 0.000  0.76 0.000000 9.999 0.259000 9.99 0.259000 0.012 0.559000  0.297 0.000  0.416 0.000   3.552 0.000   1.708 0.000   1.844 0.000 0.025 0.000  0.150 0.559000
349.25 350.25   72.38 0.000  0.52 0.000000 0.035 0.000000 9.99 0.259000 0.016 0.000000  0.135 0.000  0.190 0.000   7.064 0.000   4.206 0.000   2.858 0.000 0.057 0.000  0.116 0.000000
352.25 353.25   10.02 0.000  0.35 0.000000 9.999 0.259000 9.99 0.259000 0.023 0.000000 99.999 0.259 99.999 0.259   4.135 0.000   2.819 0.000   1.316 0.000 0.010 0.000  0.093 0.000000
355.25 356.25   44.17 0.000  1.28 0.000000 0.026 0.000000 0.23 0.000000 0.040 0.000000  0.502 0.000  0.703 0.000  13.126 0.000   9.078 0.000   4.048 0.000 0.051 0.000  0.345 0.000000
358.25 359.25    4.27 0.000  0.40 0.000000 9.999 0.259000 9.99 0.259000 0.006 0.000000  0.135 0.000  0.189 0.000   1.629 0.000   0.172 0.000   1.457 0.000 0.007 0.000  0.215 0.000000
361.25 362.25   17.45 0.000  0.71 0.000000 9.999 0.259000 0.19 0.000000 0.014 0.000000  0.289 0.000  0.405 0.000   3.985 0.000   2.127 0.000   1.858 0.000 0.024 0.000  0.231 0.000000
364.25 365.25   14.76 0.000  0.76 0.000000 9.999 0.259000 0.12 0.000000 0.018 0.000000  0.163 0.000  0.228 0.000   5.840 0.000   3.799 0.000   2.041 0.000 0.021 0.000  0.250 0.000000
