scripts/IMPROVE-2019_partial/data/US4504R.19940101060000.20191216000000.filterpack...1y.3d.US03L_filterpack_US4504.US03L_IMPROVE_Davis.lev2.nas
51 1001
MISSING INFORMATION
US03L, IMPROVE, , , , , , , 
MISSING INFORMATION
IMPROVE sel_HTAP
1 1
1994 01 01 2019 12 16
0
days from file reference point
4
1 1 1 1
999.99 999.999 999.999 9.999
end_time of measurement, days from the file reference point
pm10_mass, ug/m3, Matrix=pm10
pm25_mass, ug/m3, Matrix=pm25
numflag, no unit
0
33
Data definition:              EBAS_1.1
Set type code:                TI
Timezone:                     UTC
File name:                    US4504R.19940101060000.20191216000000.filterpack...1y.3d.US03L_filterpack_US4504.US03L_IMPROVE_Davis.lev2.nas
File creation:                20191218120440
Startdate:                    19940101060000
Revision date:                20191216000000
Version:                      2
Version description:          "Data extracted from http://views.cira.colostate.edu/fed/DataWizard 2019-12-16"
Statistics:                   arithmetic mean
Data level:                   2
Period code:                  1y
Resolution code:              3d
Sample duration:              1d
Orig. time res.:              3d
Station code:                 US4504R
Platform code:                US4504S
Station name:                 Big Bend National Park-K-Bar (TX04)
Station latitude:             29.3022
Station longitude:            -103.1772
Station altitude:             1056.0 m
Regime:                       IMG
Component:                    
Unit:                         ug/m3
Matrix:                       
Laboratory code:              US03L
Instrument type:              filterpack
Instrument name:              filterpack_US4504
Method ref:                   US03L_IMPROVE_Davis
Blank correction:             Blank corrected
Volume std. temperature:      ambient
Volume std. pressure:         ambient
starttime endtime PM10 PM2.5 flag
  0.25   1.25   8.445   5.043 0.000
  4.25   5.25  22.016   4.389 0.000
  7.25   8.25   7.037   0.615 0.000
 11.25  12.25  15.760   5.114 0.000
 14.25  15.25   8.730   4.267 0.000
 18.25  19.25  15.607   6.612 0.000
 21.25  22.25   4.511   1.715 0.000
 25.25  26.25   6.552   3.454 0.000
 28.25  29.25  11.286   5.691 0.000
 32.25  33.25   5.205   3.236 0.000
 35.25  36.25   7.871   3.023 0.000
 39.25  40.25   8.034   3.762 0.000
 42.25  43.25  12.034   3.257 0.000
 46.25  47.25  11.477   5.329 0.000
 49.25  50.25   9.476   5.078 0.000
 53.25  54.25  10.516   3.762 0.000
 56.25  57.25  14.640   5.627 0.000
 60.25  61.25   5.481   3.290 0.000
 63.25  64.25   4.919   1.645 0.000
 67.25  68.25 999.999 999.999 0.999
 70.25  71.25  16.377   7.248 0.000
 74.25  75.25 999.999 999.999 0.999
 77.25  78.25   9.313   4.586 0.000
 81.25  82.25   7.778   4.032 0.000
 84.25  85.25  17.942   6.818 0.000
 88.25  89.25  14.208   5.794 0.000
 91.25  92.25  10.758   5.373 0.000
 95.25  96.25  18.178   5.443 0.000
 98.25  99.25  14.269   5.097 0.000
102.25 103.25  17.992   6.516 0.000
105.25 106.25  19.036   5.417 0.000
109.25 110.25  17.689   9.487 0.000
112.25 113.25  11.310   7.179 0.000
116.25 117.25  10.687   6.688 0.000
119.25 120.25  11.694   5.097 0.000
123.25 124.25  17.830  12.338 0.000
126.25 127.25  13.699   9.455 0.000
130.25 131.25  26.694  20.333 0.000
133.25 134.25  17.619   5.783 0.000
137.25 138.25  14.919   8.498 0.000
140.25 141.25  18.120  13.578 0.000
144.25 145.25  15.255   7.476 0.000
147.25 148.25  20.824   8.847 0.000
151.25 152.25  24.303   9.720 0.000
154.25 155.25  18.125   7.284 0.000
158.25 159.25  10.938   4.938 0.000
161.25 162.25  13.320   6.406 0.000
165.25 166.25  15.898   6.950 0.000
168.25 169.25  13.759   5.031 0.000
172.25 173.25   9.777   6.226 0.000
175.25 176.25  16.014   6.748 0.000
179.25 180.25  24.923  13.020 0.000
182.25 183.25  18.731   8.328 0.000
186.25 187.25  18.601   8.778 0.000
189.25 190.25  34.661  12.572 0.000
193.25 194.25  15.647   8.349 0.000
196.25 197.25  29.269  14.473 0.000
200.25 201.25  18.571  10.189 0.000
203.25 204.25  13.810   7.531 0.000
207.25 208.25  19.035   7.700 0.000
210.25 211.25  18.631   9.404 0.000
214.25 215.25  14.904   9.361 0.000
217.25 218.25   9.509   4.921 0.000
221.25 222.25  12.773   7.937 0.000
224.25 225.25  18.467  13.143 0.000
228.25 229.25  11.970   6.904 0.000
231.25 232.25  17.401   7.491 0.000
235.25 236.25  17.229   8.494 0.000
238.25 239.25  10.271   4.459 0.000
242.25 243.25  10.329   4.057 0.000
245.25 246.25  10.000   4.099 0.000
249.25 250.25  10.917   4.675 0.000
252.25 253.25  20.162   7.798 0.000
256.25 257.25  19.009 999.999 0.000
259.25 260.25  18.133   3.628 0.000
263.25 264.25  16.976   5.398 0.000
266.25 267.25  24.844 999.999 0.000
270.25 271.25  16.402   5.401 0.000
273.25 274.25   8.649   3.353 0.000
277.25 278.25  14.834   5.706 0.000
280.25 281.25  10.000   3.578 0.000
284.25 285.25   8.429   4.495 0.000
287.25 288.25   7.136   2.296 0.000
291.25 292.25  12.828   7.160 0.000
294.25 295.25   9.652   4.259 0.000
298.25 299.25   6.552   1.049 0.000
301.25 302.25  14.483 999.999 0.000
305.25 306.25  16.172   5.950 0.000
308.25 309.25  26.172   6.471 0.000
312.25 313.25  11.787   3.684 0.000
315.25 316.25  17.826   8.824 0.000
319.25 320.25   4.369   2.188 0.000
322.25 323.25  15.261   7.791 0.000
326.25 327.25   8.906   4.625 0.000
329.25 330.25   8.754   3.478 0.000
333.25 334.25   6.904   2.013 0.000
336.25 337.25   3.606   1.406 0.000
340.25 341.25  13.100  10.857 0.000
343.25 344.25   3.855   2.492 0.000
347.25 348.25   5.884   3.239 0.000
350.25 351.25   5.568   2.358 0.000
354.25 355.25  11.993   3.576 0.000
357.25 358.25   8.821   5.032 0.000
361.25 362.25   2.157   1.242 0.000
364.25 365.25   9.396   3.910 0.000
