scripts/IMPROVE-2019_partial/data/US4504R.19950104060000.20191216000000.filterpack...1y.3d.US03L_filterpack_US4504.US03L_IMPROVE_Davis.lev2.nas
51 1001
MISSING INFORMATION
US03L, IMPROVE, , , , , , , 
MISSING INFORMATION
IMPROVE sel_HTAP
1 1
1995 01 01 2019 12 16
0
days from file reference point
4
1 1 1 1
999.99 999.999 999.999 9.999
end_time of measurement, days from the file reference point
pm10_mass, ug/m3, Matrix=pm10
pm25_mass, ug/m3, Matrix=pm25
numflag, no unit
0
33
Data definition:              EBAS_1.1
Set type code:                TI
Timezone:                     UTC
File name:                    US4504R.19950104060000.20191216000000.filterpack...1y.3d.US03L_filterpack_US4504.US03L_IMPROVE_Davis.lev2.nas
File creation:                20191218120440
Startdate:                    19950104060000
Revision date:                20191216000000
Version:                      2
Version description:          "Data extracted from http://views.cira.colostate.edu/fed/DataWizard 2019-12-16"
Statistics:                   arithmetic mean
Data level:                   2
Period code:                  1y
Resolution code:              3d
Sample duration:              1d
Orig. time res.:              3d
Station code:                 US4504R
Platform code:                US4504S
Station name:                 Big Bend National Park-K-Bar (TX04)
Station latitude:             29.3022
Station longitude:            -103.1772
Station altitude:             1056.0 m
Regime:                       IMG
Component:                    
Unit:                         ug/m3
Matrix:                       
Laboratory code:              US03L
Instrument type:              filterpack
Instrument name:              filterpack_US4504
Method ref:                   US03L_IMPROVE_Davis
Blank correction:             Blank corrected
Volume std. temperature:      ambient
Volume std. pressure:         ambient
starttime endtime PM10 PM2.5 flag
  3.25   4.25   6.335   3.589 0.000
  6.25   7.25   8.387   2.774 0.000
 10.25  11.25   8.963   2.696 0.000
 13.25  14.25  14.348   3.446 0.000
 17.25  18.25 999.999 999.999 0.999
 20.25  21.25   6.517   3.742 0.000
 24.25  25.25 999.999 999.999 0.999
 27.25  28.25   4.393   1.218 0.000
 31.25  32.25  21.382   2.141 0.000
 34.25  35.25   4.775   3.211 0.000
 38.25  39.25  10.154   3.556 0.000
 41.25  42.25   4.038   1.763 0.000
 45.25  46.25  10.839   3.260 0.000
 48.25  49.25  17.372   8.854 0.000
 52.25  53.25   1.832   0.719 0.000
 55.25  56.25   3.919   2.284 0.000
 59.25  60.25   9.196   3.425 0.000
 62.25  63.25   4.731   2.039 0.000
 66.25  67.25   8.502   2.716 0.000
 69.25  70.25  19.167   7.785 0.000
 73.25  74.25  35.399   7.543 0.000
 76.25  77.25  11.895   5.897 0.000
 80.25  81.25  16.622   3.487 0.000
 83.25  84.25  18.573   5.742 0.000
 87.25  88.25  11.587   5.320 0.000
 90.25  91.25  12.476   7.891 0.000
 94.25  95.25   2.392   1.357 0.000
 97.25  98.25  13.464   4.810 0.000
101.25 102.25  17.878   6.173 0.000
104.25 105.25  11.182   4.650 0.000
108.25 109.25  49.824  13.672 0.000
111.25 112.25  55.743  15.918 0.000
115.25 116.25  16.549   6.629 0.000
118.25 119.25  14.220   5.327 0.000
122.25 123.25  12.493   4.508 0.000
125.25 126.25  23.017  11.830 0.000
129.25 130.25   9.400   4.076 0.000
132.25 133.25   9.189   3.696 0.000
136.25 137.25  17.354   6.059 0.000
139.25 140.25  20.195   8.428 0.000
143.25 144.25  20.177  11.424 0.000
146.25 147.25  23.731   7.383 0.000
150.25 151.25  21.144   4.919 0.000
153.25 154.25  27.600  10.212 0.000
157.25 158.25  26.620   9.775 0.000
160.25 161.25  20.085  14.242 0.000
164.25 165.25  13.431   8.665 0.000
167.25 168.25  17.235   9.475 0.000
171.25 172.25   7.921   4.344 0.000
174.25 175.25  13.367   7.134 0.000
178.25 179.25   7.308   4.826 0.000
181.25 182.25  15.129   6.538 0.000
185.25 186.25  16.364   7.710 0.000
188.25 189.25  11.075   6.124 0.000
192.25 193.25  10.918   5.077 0.000
195.25 196.25  27.815  12.494 0.000
199.25 200.25   6.804   4.131 0.000
202.25 203.25   9.017   4.466 0.000
206.25 207.25  10.897   4.699 0.000
209.25 210.25  11.034   5.598 0.000
213.25 214.25   4.960   5.114 0.000
216.25 217.25   7.692   2.630 0.000
220.25 221.25  29.721  10.789 0.000
223.25 224.25  15.571   6.114 0.000
227.25 228.25   7.529   2.569 0.000
230.25 231.25  10.681   6.091 0.000
234.25 235.25  21.186  14.615 0.000
237.25 238.25  14.263   4.873 0.000
241.25 242.25   8.013   4.514 0.000
244.25 245.25   9.926   7.407 0.000
248.25 249.25  16.901   8.316 0.000
251.25 252.25  16.730  12.805 0.000
255.25 256.25   5.162   3.782 0.000
258.25 259.25   7.234   4.435 0.000
262.25 263.25   5.244   2.653 0.000
265.25 266.25   2.411   1.187 0.000
269.25 270.25  11.916   6.170 0.000
272.25 273.25   9.493   5.550 0.000
276.25 277.25 999.999 999.999 0.999
279.25 280.25  12.267   3.897 0.000
283.25 284.25 999.999 999.999 0.999
286.25 287.25 999.999 999.999 0.999
290.25 291.25 999.999 999.999 0.999
293.25 294.25 999.999 999.999 0.999
297.25 298.25  23.678   8.267 0.000
300.25 301.25   9.535   2.997 0.000
304.25 305.25   6.569   2.104 0.000
307.25 308.25  10.360   5.351 0.000
311.25 312.25  10.945   4.142 0.000
314.25 315.25  17.911   3.273 0.000
318.25 319.25  18.395   8.494 0.000
321.25 322.25   8.884   4.411 0.000
325.25 326.25   6.682   4.600 0.000
328.25 329.25   8.059   4.659 0.000
332.25 333.25  12.463   3.027 0.000
335.25 336.25   6.796   2.868 0.000
339.25 340.25  21.103   4.978 0.000
342.25 343.25  27.019  10.034 0.000
346.25 347.25 999.999 999.999 0.999
349.25 350.25 999.999 999.999 0.999
353.25 354.25 999.999 999.999 0.999
356.25 357.25 999.999 999.999 0.999
360.25 361.25 999.999 999.999 0.999
363.25 364.25 999.999 999.999 0.999
