scripts/IMPROVE-2019_partial/data/US4504R.20050101060000.20191216000000.filterpack..pm25.52w.1w.US03L_filterpack_US4504.US03L_IMPROVE_Davis.lev2.nas
64 1001
MISSING INFORMATION
US03L, IMPROVE, , , , , , , 
MISSING INFORMATION
IMPROVE sel_HTAP
1 1
2005 01 01 2019 12 16
3.00
days from file reference point
25
1 1 1 1 1 1 1 1 1 1 1 1 1 1 1 1 1 1 1 1 1 1 1 1 1
999.99 9999.99 9.999 99.99 9.999 9.999 9.999999 9.99 9.999 9.999 9.999 99.999 9.999 99.999 9.999 999.999 9.999 999.999 9.999 999.999 9.999 9.999 9.999 99.999 9.999
end_time of measurement, days from the file reference point
iron, ng/m3, Revision date=20181210133000
numflag iron, no unit, Revision date=20181210133000
lead, ng/m3, Revision date=20181210133000
numflag lead, no unit, Revision date=20181210133000
magnesium, ug/m3, Revision date=20181210133000
numflag magnesium, no unit, Revision date=20181210133000
nickel, ng/m3, Revision date=20181210133000
numflag nickel, no unit, Revision date=20181210133000
nitrate, ug N/m3, Revision date=20181210133000
numflag nitrate, no unit, Revision date=20181210133000
organic_carbon, ug C/m3, Revision date=20181210133000
numflag organic_carbon, no unit, Revision date=20181210133000
organic_mass, ug/m3, Revision date=20181210133000
numflag organic_mass, no unit, Revision date=20181210133000
pm10_mass, ug/m3, Version=2, Version description=Data extracted from http://views.cira.colostate.edu/fed/DataWizard 2019-12-16, Sample duration=1d, Orig. time res.=3d, Matrix=pm10, Blank correction=Blank corrected, Volume std. temperature=ambient, Volume std. pressure=ambient
numflag pm10_mass, no unit, Version=2, Version description=Data extracted from http://views.cira.colostate.edu/fed/DataWizard 2019-12-16, Sample duration=1d, Orig. time res.=3d, Matrix=pm10, Blank correction=Blank corrected, Volume std. temperature=ambient, Volume std. pressure=ambient
pm10_pm25_mass, ug/m3, Revision date=20181210133000, Matrix=pm10_pm25
numflag pm10_pm25_mass, no unit, Revision date=20181210133000, Matrix=pm10_pm25
pm25_mass, ug/m3, Version=2, Version description=Data extracted from http://views.cira.colostate.edu/fed/DataWizard 2019-12-16, Sample duration=1d, Orig. time res.=3d, Blank correction=Blank corrected, Volume std. temperature=ambient, Volume std. pressure=ambient
numflag pm25_mass, no unit, Version=2, Version description=Data extracted from http://views.cira.colostate.edu/fed/DataWizard 2019-12-16, Sample duration=1d, Orig. time res.=3d, Blank correction=Blank corrected, Volume std. temperature=ambient, Volume std. pressure=ambient
potassium, ug/m3, Revision date=20181210133000
numflag potassium, no unit, Revision date=20181210133000
sulphate_total, ug S/m3, Revision date=20181210133000
numflag sulphate_total, no unit, Revision date=20181210133000
0
25
Data definition:              EBAS_1.1
Set type code:                TU
Timezone:                     UTC
File name:                    US4504R.20050101060000.20191216000000.filterpack..pm25.52w.1w.US03L_filterpack_US4504.US03L_IMPROVE_Davis.lev2.nas
File creation:                20191218120442
Startdate:                    20050101060000
Revision date:                20191216000000
Statistics:                   arithmetic mean
Data level:                   2
Period code:                  52w
Resolution code:              1w
Station code:                 US4504R
Platform code:                US4504S
Station name:                 Big Bend National Park-K-Bar (TX04)
Station latitude:             29.3022
Station longitude:            -103.1772
Station altitude:             1056.0 m
Regime:                       IMG
Component:                    
Matrix:                       pm25
Laboratory code:              US03L
Instrument type:              filterpack
Instrument name:              filterpack_US4504
Method ref:                   US03L_IMPROVE_Davis
starttime endtime Fe flag_Fe Pb flag_Pb Mg++ flag_Mg++ Ni flag_Ni NO3- flag_NO3- OC flag_OC OM flag_OM PM10 flag_PM10 PM10-PM2.5 flag_PM10-PM2.5 PM2.5 flag_PM2.5 K+ flag_K+ SO4-- flag_SO4--
[from data line 94]
282.25 283.25   13.55 0.000  0.42 0.000 9.999 0.259000 0.20 0.000 0.033 0.000  0.719 0.000  1.294 0.000   4.097 0.000   1.721 0.000   2.377 0.000 0.016 0.000  0.235 0.000
285.25 286.25    9.24 0.000  0.58 0.000 0.009 0.000000 9.99 0.259 0.014 0.000  0.587 0.000  1.057 0.000   4.625 0.000   1.145 0.000   3.481 0.000 0.011 0.000  0.553 0.000
288.25 289.25   28.22 0.000  1.14 0.000 9.999 0.259000 0.20 0.000 0.018 0.000  1.916 0.559  3.449 0.559  16.310 0.000   2.598 0.000  13.712 0.000 0.044 0.000  2.061 0.000
291.25 292.25   44.10 0.000  2.55 0.000 9.999 0.259000 0.27 0.000 0.015 0.000  1.174 0.000  2.114 0.000  11.935 0.000   3.548 0.000   8.415 0.000 0.044 0.000  1.349 0.000
294.25 295.25   19.84 0.000  0.65 0.000 9.999 0.259000 0.18 0.000 0.018 0.000  0.978 0.000  1.760 0.000  11.639 0.000   4.569 0.000   6.977 0.000 0.024 0.000  1.114 0.000
297.25 298.25   19.70 0.000  0.76 0.000 9.999 0.259000 9.99 0.259 0.017 0.000  0.560 0.000  1.008 0.000  10.133 0.000   5.624 0.000   4.588 0.000 0.025 0.000  0.627 0.000
300.25 301.25    9.92 0.000  0.46 0.000 9.999 0.259000 0.20 0.000 0.022 0.000  0.672 0.000  1.210 0.000   7.903 0.000   2.097 0.000   5.747 0.000 0.023 0.000  0.887 0.000
303.25 304.25   26.33 0.000  1.06 0.000 9.999 0.259000 0.27 0.000 0.021 0.000  0.692 0.000  1.245 0.000  12.456 0.000   7.234 0.000   5.111 0.000 0.029 0.000  0.680 0.000
306.25 307.25   45.25 0.000  2.34 0.000 9.999 0.259000 0.25 0.000 0.013 0.000  0.348 0.000  0.627 0.000   7.497 0.000   3.629 0.000   3.805 0.000 0.037 0.000  0.478 0.000
309.25 310.25   19.24 0.000  0.78 0.000 9.999 0.259000 0.34 0.000 0.012 0.000  0.300 0.000  0.540 0.000   6.706 0.000   3.423 0.000   3.226 0.000 0.024 0.000  0.412 0.000
312.25 313.25   29.00 0.000  1.93 0.000 9.999 0.259000 0.48 0.000 0.024 0.000  0.916 0.000  1.650 0.000  11.495 0.000   4.402 0.000   7.253 0.000 0.035 0.000  1.234 0.000
315.25 316.25   32.56 0.000  1.44 0.000 9.999 0.259000 0.36 0.000 0.025 0.000  0.520 0.000  0.935 0.000   9.294 0.000   4.026 0.000   5.192 0.000 0.030 0.000  0.829 0.000
318.25 319.25   76.57 0.000  0.56 0.000 9.999 0.259000 9.99 0.259 0.026 0.000  0.821 0.000  1.479 0.000  34.078 0.000  29.475 0.000   4.718 0.000 0.081 0.000  0.284 0.000
321.25 322.25   30.94 0.000  0.65 0.000 9.999 0.259000 0.19 0.000 0.049 0.000  0.718 0.000  1.293 0.000  14.474 0.000   9.098 0.000   5.244 0.000 0.055 0.000  0.689 0.000
324.25 325.25   10.54 0.000  0.29 0.000 9.999 0.259000 9.99 0.259 0.007 0.000  0.194 0.000  0.349 0.000   3.644 0.000   2.506 0.000   1.104 0.000 0.008 0.000  0.108 0.000
327.25 328.25   66.07 0.000  0.64 0.000 9.999 0.259000 0.24 0.000 0.009 0.000  0.502 0.000  0.903 0.000   7.046 0.000   3.642 0.000   3.431 0.000 0.053 0.000  0.159 0.000
330.25 331.25  608.45 0.000  1.23 0.000 9.999 0.259000 9.99 0.259 0.035 0.000  1.337 0.000  2.406 0.000  77.395 0.000  57.473 0.000  19.781 0.000 0.416 0.000  0.218 0.000
333.25 334.25   80.39 0.000  0.57 0.000 9.999 0.259000 9.99 0.259 0.013 0.000  0.361 0.000  0.651 0.000  11.791 0.000   8.801 0.000   2.992 0.000 0.057 0.000  0.116 0.000
336.25 337.25   58.01 0.000  3.27 0.000 9.999 0.259000 0.39 0.000 0.026 0.000  0.560 0.000  1.009 0.000  12.511 0.000   8.282 0.000   4.114 0.000 0.069 0.000  0.361 0.000
339.25 340.25   34.06 0.000  1.41 0.000 9.999 0.259000 9.99 0.259 0.059 0.000  0.671 0.000  1.207 0.000  10.680 0.000   7.160 0.000   3.604 0.000 0.035 0.000  0.407 0.000
342.25 343.25   41.05 0.000  1.12 0.000 9.999 0.259000 9.99 0.259 0.107 0.000  0.633 0.000  1.139 0.000  12.924 0.000   8.214 0.000   4.591 0.000 0.040 0.000  0.532 0.000
345.25 346.25   39.71 0.000  1.03 0.000 0.010 0.000000 0.27 0.000 0.025 0.000  0.630 0.000  1.134 0.000  11.531 0.000   7.495 0.000   3.930 0.000 0.043 0.000  0.379 0.000
348.25 349.25   24.39 0.000  0.35 0.000 0.012 0.000000 9.99 0.259 0.031 0.000  0.454 0.000  0.817 0.000   6.373 0.000   4.081 0.000   2.233 0.000 0.019 0.000  0.143 0.000
351.25 352.25   14.23 0.000  0.96 0.000 9.999 0.259000 0.29 0.000 0.056 0.000  0.659 0.000  1.187 0.000  11.118 0.000   1.650 0.000   9.392 0.000 0.024 0.000  1.920 0.000
354.25 355.25   11.18 0.000  1.02 0.000 9.999 0.259000 9.99 0.259 0.074 0.000  1.175 0.000  2.115 0.000   9.576 0.000   2.152 0.000   7.407 0.000 0.019 0.000  1.062 0.000
357.25 358.25   22.57 0.000  0.46 0.000 9.999 0.259000 9.99 0.259 0.012 0.000  0.188 0.000  0.338 0.000   5.370 0.000   3.918 0.000   1.402 0.000 0.022 0.000  0.059 0.000
360.25 361.25   15.68 0.000  0.65 0.000 9.999 0.259000 0.27 0.000 0.007 0.000  0.209 0.000  0.375 0.000   4.287 0.000   2.954 0.000   1.335 0.000 0.025 0.000  0.095 0.000
363.25 364.25   23.48 0.000  2.75 0.000 9.999 0.259000 0.15 0.000 0.007 0.000  0.236 0.000  0.426 0.000   4.248 0.000   2.456 0.000   1.754 0.000 0.032 0.000  0.156 0.000
