scripts/IMPROVE-2019_partial/data/US4504R.19890104060000.20191216000000.filterpack...1y.3d.US03L_filterpack_US4504.US03L_IMPROVE_Davis.lev2.nas
51 1001
MISSING INFORMATION
US03L, IMPROVE, , , , , , , 
MISSING INFORMATION
IMPROVE sel_HTAP
1 1
1989 01 01 2019 12 16
0
days from file reference point
4
1 1 1 1
999.99 999.999 999.999 9.999
end_time of measurement, days from the file reference point
pm10_mass, ug/m3, Matrix=pm10
pm25_mass, ug/m3, Matrix=pm25
numflag, no unit
0
33
Data definition:              EBAS_1.1
Set type code:                TI
Timezone:                     UTC
File name:                    US4504R.19890104060000.20191216000000.filterpack...1y.3d.US03L_filterpack_US4504.US03L_IMPROVE_Davis.lev2.nas
File creation:                20191218120440
Startdate:                    19890104060000
Revision date:                20191216000000
Version:                      2
Version description:          "Data extracted from http://views.cira.colostate.edu/fed/DataWizard 2019-12-16"
Statistics:                   arithmetic mean
Data level:                   2
Period code:                  1y
Resolution code:              3d
Sample duration:              1d
Orig. time res.:              3d
Station code:                 US4504R
Platform code:                US4504S
Station name:                 Big Bend National Park-K-Bar (TX04)
Station latitude:             29.3022
Station longitude:            -103.1772
Station altitude:             1056.0 m
Regime:                       IMG
Component:                    
Unit:                         ug/m3
Matrix:                       
Laboratory code:              US03L
Instrument type:              filterpack
Instrument name:              filterpack_US4504
Method ref:                   US03L_IMPROVE_Davis
Blank correction:             Blank corrected
Volume std. temperature:      ambient
Volume std. pressure:         ambient
starttime endtime PM10 PM2.5 flag
  3.25   4.25  12.642   7.295 0.000
  6.25   7.25   2.480   0.853 0.000
 10.25  11.25  13.665   4.864 0.000
 13.25  14.25   9.648   3.469 0.000
 17.25  18.25  13.400   6.594 0.000
 20.25  21.25   5.176   2.457 0.000
 24.25  25.25  10.119   7.109 0.000
 27.25  28.25   3.817   1.678 0.000
 31.25  32.25   7.166   4.069 0.000
 34.25  35.25   8.555   5.612 0.000
 38.25  39.25   8.828   4.305 0.000
 41.25  42.25  12.261   5.455 0.000
 45.25  46.25   3.490   3.072 0.000
 48.25  49.25   4.000   2.760 0.000
 52.25  53.25   4.737   3.446 0.000
 55.25  56.25   9.926   5.607 0.000
 59.25  60.25   9.922   7.320 0.000
 62.25  63.25  24.521   8.063 0.000
 66.25  67.25   7.719   4.721 0.000
 69.25  70.25  14.444   7.484 0.000
 73.25  74.25 999.999 999.999 0.999
 76.25  77.25  25.098  11.809 0.000
 80.25  81.25   5.458   4.038 0.000
 83.25  84.25 999.999   8.474 0.000
 87.25  88.25   4.079   2.816 0.000
 90.25  91.25  19.264   5.259 0.000
 94.25  95.25  17.511   4.941 0.000
 97.25  98.25  22.377   4.094 0.000
101.25 102.25  16.070   8.454 0.000
104.25 105.25   7.214   4.548 0.000
108.25 109.25  13.750   6.440 0.000
111.25 112.25  15.265   6.822 0.000
115.25 116.25  20.996  13.204 0.000
118.25 119.25  16.753   8.276 0.000
122.25 123.25  13.903   7.530 0.000
125.25 126.25  17.263   9.480 0.000
129.25 130.25  18.608   8.978 0.000
132.25 133.25  13.007   8.923 0.000
136.25 137.25 999.999   8.400 0.000
139.25 140.25  21.434  13.636 0.000
143.25 144.25  18.993  10.867 0.000
146.25 147.25 999.999  15.016 0.000
150.25 151.25 999.999   9.755 0.000
153.25 154.25 999.999  10.359 0.000
157.25 158.25 999.999   6.557 0.000
160.25 161.25 999.999  14.590 0.000
164.25 165.25 999.999   5.645 0.000
167.25 168.25 999.999   5.516 0.000
171.25 172.25 999.999  16.591 0.000
174.25 175.25 999.999   4.698 0.000
178.25 179.25 999.999   7.877 0.000
181.25 182.25 999.999   6.655 0.000
185.25 186.25 999.999   8.302 0.000
188.25 189.25 999.999  13.131 0.000
192.25 193.25 999.999   9.452 0.000
195.25 196.25 999.999 999.999 0.999
199.25 200.25 999.999  17.213 0.000
202.25 203.25 999.999   7.853 0.000
206.25 207.25   7.778   3.863 0.000
209.25 210.25  14.694   7.492 0.000
213.25 214.25  17.403  10.219 0.000
216.25 217.25  14.147   7.743 0.000
220.25 221.25  16.063   8.145 0.000
223.25 224.25  13.527   9.120 0.000
227.25 228.25  11.721   7.171 0.000
230.25 231.25   8.755   3.477 0.000
234.25 235.25   5.939   3.520 0.000
237.25 238.25   7.224   3.053 0.000
241.25 242.25   7.385   2.938 0.000
244.25 245.25   9.223   3.129 0.000
248.25 249.25  17.133  11.864 0.000
251.25 252.25   8.369   4.841 0.000
255.25 256.25   6.764   3.431 0.000
258.25 259.25   5.714   2.950 0.000
262.25 263.25  13.606   8.601 0.000
265.25 266.25  17.263   4.218 0.000
269.25 270.25  12.963   5.191 0.000
272.25 273.25  14.327   8.404 0.000
276.25 277.25  14.982   7.096 0.000
279.25 280.25  11.841   5.859 0.000
283.25 284.25   9.811   4.187 0.000
286.25 287.25  11.333   5.861 0.000
290.25 291.25   9.774   2.679 0.000
293.25 294.25  13.778   5.119 0.000
297.25 298.25   9.736   5.813 0.000
300.25 301.25  11.561   6.517 0.000
304.25 305.25  27.019   6.495 0.000
307.25 308.25  15.407   6.138 0.000
311.25 312.25   9.108   5.654 0.000
314.25 315.25  16.850   7.515 0.000
318.25 319.25  16.455   4.061 0.000
321.25 322.25  14.280   5.596 0.000
325.25 326.25  38.431   7.034 0.000
328.25 329.25  11.231   4.848 0.000
332.25 333.25   8.346   1.071 0.000
335.25 336.25   7.977   5.357 0.000
339.25 340.25  10.040   3.535 0.000
342.25 343.25   5.039   2.190 0.000
346.25 347.25   5.622   2.803 0.000
349.25 350.25  11.063   3.175 0.000
353.25 354.25  13.861   5.836 0.000
356.25 357.25 999.999 999.999 0.999
360.25 361.25   6.576   2.988 0.000
363.25 364.25   9.924   4.938 0.000
