scripts/IMPROVE-2019_partial/data/US4504R.20120101060000.20191216000000.filterpack...52w.3d.US03L_filterpack_US4504.US03L_IMPROVE_Davis.lev2.nas
52 1001
MISSING INFORMATION
US03L, IMPROVE, , , , , , , 
MISSING INFORMATION
IMPROVE sel_HTAP
1 1
2012 01 01 2019 12 16
3.00
days from file reference point
5
1 1 1 1 1
999.99 999.999 9.999 999.999 9.999
end_time of measurement, days from the file reference point
pm10_mass, ug/m3, Matrix=pm10
numflag pm10_mass, no unit, Matrix=pm10
pm25_mass, ug/m3, Matrix=pm25
numflag pm25_mass, no unit, Matrix=pm25
0
33
Data definition:              EBAS_1.1
Set type code:                TU
Timezone:                     UTC
File name:                    US4504R.20120101060000.20191216000000.filterpack...52w.3d.US03L_filterpack_US4504.US03L_IMPROVE_Davis.lev2.nas
File creation:                20191218120443
Startdate:                    20120101060000
Revision date:                20191216000000
Version:                      2
Version description:          "Data extracted from http://views.cira.colostate.edu/fed/DataWizard 2019-12-16"
Statistics:                   arithmetic mean
Data level:                   2
Period code:                  52w
Resolution code:              3d
Sample duration:              1d
Orig. time res.:              3d
Station code:                 US4504R
Platform code:                US4504S
Station name:                 Big Bend National Park-K-Bar (TX04)
Station latitude:             29.3022
Station longitude:            -103.1772
Station altitude:             1056.0 m
Regime:                       IMG
Component:                    
Unit:                         ug/m3
Matrix:                       
Laboratory code:              US03L
Instrument type:              filterpack
Instrument name:              filterpack_US4504
Method ref:                   US03L_IMPROVE_Davis
Blank correction:             Blank corrected
Volume std. temperature:      ambient
Volume std. pressure:         ambient
starttime endtime PM10 flag_PM10 PM2.5 flag_PM2.5
  0.25   1.25  24.694 0.000   4.339 0.000
  3.25   4.25  12.308 0.000   3.151 0.000
  6.25   7.25   7.479 0.000   1.945 0.000
  9.25  10.25   4.816 0.000   3.037 0.000
 12.25  13.25 999.999 0.999 999.999 0.999
 15.25  16.25 999.999 0.999 999.999 0.999
 18.25  19.25   5.869 0.000   1.757 0.000
 21.25  22.25   7.482 0.000   1.798 0.000
 24.25  25.25   7.416 0.000   1.720 0.000
 27.25  28.25   6.181 0.000   1.649 0.000
 30.25  31.25   7.835 0.000   3.570 0.000
 33.25  34.25  10.662 0.000   5.612 0.000
 36.25  37.25   3.364 0.000   1.576 0.000
 39.25  40.25   7.708 0.000   3.594 0.000
 42.25  43.25   5.760 0.000   4.206 0.000
 45.25  46.25 999.999 0.456   2.610 0.000
 48.25  49.25   3.078 0.000   1.727 0.000
 51.25  52.25   6.278 0.000   3.154 0.000
 54.25  55.25  15.818 0.000   2.188 0.000
 57.25  58.25   8.668 0.000   4.044 0.000
 60.25  61.25  23.978 0.000   8.939 0.000
 63.25  64.25   7.383 0.000   1.608 0.000
 66.25  67.25  18.435 0.000   6.271 0.000
 69.25  70.25   5.673 0.000 999.999 0.456
 72.25  73.25  13.643 0.000   6.559 0.000
 75.25  76.25  15.832 0.000   9.019 0.000
 78.25  79.25  20.986 0.000   4.841 0.000
 81.25  82.25   5.937 0.000   1.737 0.000
 84.25  85.25  14.503 0.000   6.252 0.000
 87.25  88.25   7.364 0.000   3.495 0.000
 90.25  91.25  13.630 0.000   4.954 0.000
 93.25  94.25  27.290 0.000   7.708 0.000
 96.25  97.25  22.243 0.000   8.989 0.000
 99.25 100.25  12.397 0.000   6.670 0.000
102.25 103.25  13.116 0.000   5.753 0.000
105.25 106.25  45.244 0.000  16.565 0.000
108.25 109.25  18.882 0.000   6.419 0.000
111.25 112.25  12.514 0.000   3.170 0.000
114.25 115.25  16.879 0.000   6.465 0.000
117.25 118.25   9.424 0.000   3.568 0.000
120.25 121.25  26.129 0.000  14.915 0.000
123.25 124.25  20.739 0.000  10.257 0.000
126.25 127.25  30.281 0.000  11.972 0.000
129.25 130.25 999.999 0.456 999.999 0.456
132.25 133.25   6.737 0.000   4.035 0.000
135.25 136.25   5.732 0.000   4.090 0.000
138.25 139.25  17.576 0.000   9.086 0.000
141.25 142.25  12.307 0.000   6.606 0.000
144.25 145.25  22.511 0.000  10.446 0.000
147.25 148.25  15.605 0.000   8.771 0.000
150.25 151.25  16.360 0.000   8.524 0.000
153.25 154.25  19.398 0.000   7.465 0.000
156.25 157.25  20.539 0.000   9.933 0.000
159.25 160.25  13.130 0.000   6.115 0.000
162.25 163.25  19.789 0.000   7.813 0.000
165.25 166.25  14.027 0.000   7.764 0.000
168.25 169.25  12.996 0.000   5.363 0.000
171.25 172.25  23.238 0.000   7.355 0.000
174.25 175.25  17.957 0.000   9.628 0.000
177.25 178.25  16.299 0.000   8.304 0.000
180.25 181.25  14.167 0.000   7.846 0.000
183.25 184.25  11.055 0.000   6.640 0.000
186.25 187.25   4.960 0.000   3.763 0.000
189.25 190.25  13.679 0.000   7.078 0.000
192.25 193.25   8.882 0.000   6.551 0.000
195.25 196.25  12.579 0.000   8.518 0.000
198.25 199.25  18.411 0.000   9.711 0.000
201.25 202.25   9.072 0.000   4.717 0.000
204.25 205.25  20.115 0.000   9.139 0.000
207.25 208.25   8.457 0.000   4.635 0.000
210.25 211.25  13.740 0.000   6.326 0.000
213.25 214.25  17.880 0.000   8.847 0.000
216.25 217.25  18.006 0.000   8.873 0.000
219.25 220.25  15.415 0.000   6.788 0.000
222.25 223.25 999.999 0.999 999.999 0.999
225.25 226.25  20.314 0.000   8.139 0.000
228.25 229.25  15.278 0.000   6.202 0.000
231.25 232.25   7.159 0.000   4.299 0.000
234.25 235.25  12.787 0.000   6.263 0.000
237.25 238.25   7.871 0.000   4.477 0.000
240.25 241.25   9.947 0.000   6.131 0.000
243.25 244.25  10.837 0.000   5.819 0.000
246.25 247.25  10.502 0.000   4.920 0.000
249.25 250.25   9.440 0.000   4.271 0.000
252.25 253.25  11.757 0.000   3.677 0.000
255.25 256.25  14.216 0.000   5.407 0.000
258.25 259.25   4.957 0.000   3.975 0.000
261.25 262.25  13.541 0.000  10.074 0.000
264.25 265.25  12.047 0.000   6.570 0.000
267.25 268.25   7.945 0.000   3.875 0.000
270.25 271.25   7.725 0.000   3.259 0.000
273.25 274.25   2.749 0.000   2.136 0.000
276.25 277.25   8.901 0.000   4.369 0.000
279.25 280.25  13.352 0.000   6.627 0.000
282.25 283.25   8.488 0.000   4.420 0.000
285.25 286.25  10.032 0.000   4.817 0.000
288.25 289.25   7.469 0.000   3.608 0.000
291.25 292.25   6.154 0.000   2.501 0.000
294.25 295.25  10.968 0.000   5.656 0.000
297.25 298.25  12.274 0.000   6.474 0.000
300.25 301.25   7.785 0.000   2.038 0.000
303.25 304.25   9.344 0.000   3.752 0.000
306.25 307.25  11.201 0.000   4.825 0.000
309.25 310.25  10.327 0.000   5.485 0.000
312.25 313.25  15.679 0.000   6.310 0.000
315.25 316.25  12.664 0.000   2.639 0.000
318.25 319.25  15.918 0.000   4.882 0.000
321.25 322.25  18.703 0.000  11.877 0.000
324.25 325.25   7.470 0.000   4.411 0.000
327.25 328.25  17.893 0.000   3.938 0.000
330.25 331.25   7.421 0.000   4.290 0.000
333.25 334.25  14.699 0.000   7.695 0.000
336.25 337.25   8.855 0.000   5.186 0.000
339.25 340.25  15.878 0.000   3.187 0.000
342.25 343.25   7.342 0.000   2.257 0.000
345.25 346.25  28.680 0.000   3.963 0.000
348.25 349.25  30.043 0.000   6.263 0.000
351.25 352.25   6.999 0.000   1.522 0.000
354.25 355.25  70.211 0.000  12.498 0.000
357.25 358.25  19.596 0.000   5.069 0.000
360.25 361.25 999.999 0.999 999.999 0.999
363.25 364.25 999.999 0.999 999.999 0.999
