scripts/IMPROVE-2019_partial/data/US4504R.20150103060000.20191216000000.filterpack...1y.3d.US03L_filterpack_US4504.US03L_IMPROVE_Davis.lev2.nas
51 1001
MISSING INFORMATION
US03L, IMPROVE, , , , , , , 
MISSING INFORMATION
IMPROVE sel_HTAP
1 1
2015 01 01 2019 12 16
3.00
days from file reference point
4
1 1 1 1
999.99 999.999 999.999 9.999
end_time of measurement, days from the file reference point
pm10_mass, ug/m3, Matrix=pm10
pm25_mass, ug/m3, Matrix=pm25
numflag, no unit
0
33
Data definition:              EBAS_1.1
Set type code:                TU
Timezone:                     UTC
File name:                    US4504R.20150103060000.20191216000000.filterpack...1y.3d.US03L_filterpack_US4504.US03L_IMPROVE_Davis.lev2.nas
File creation:                20191218120443
Startdate:                    20150103060000
Revision date:                20191216000000
Version:                      2
Version description:          "Data extracted from http://views.cira.colostate.edu/fed/DataWizard 2019-12-16"
Statistics:                   arithmetic mean
Data level:                   2
Period code:                  1y
Resolution code:              3d
Sample duration:              1d
Orig. time res.:              3d
Station code:                 US4504R
Platform code:                US4504S
Station name:                 Big Bend National Park-K-Bar (TX04)
Station latitude:             29.3022
Station longitude:            -103.1772
Station altitude:             1056.0 m
Regime:                       IMG
Component:                    
Unit:                         ug/m3
Matrix:                       
Laboratory code:              US03L
Instrument type:              filterpack
Instrument name:              filterpack_US4504
Method ref:                   US03L_IMPROVE_Davis
Blank correction:             Blank corrected
Volume std. temperature:      ambient
Volume std. pressure:         ambient
starttime endtime PM10 PM2.5 flag
  2.25   3.25 999.999 999.999 0.999
  5.25   6.25 999.999 999.999 0.999
  8.25   9.25   6.180   3.321 0.000
 11.25  12.25   3.822   2.253 0.000
 14.25  15.25   1.947   1.310 0.000
 17.25  18.25   5.827   1.642 0.000
 20.25  21.25  12.784   5.785 0.000
 23.25  24.25   1.037   0.623 0.000
 26.25  27.25   1.767   0.769 0.000
 29.25  30.25   8.075   3.204 0.000
 32.25  33.25   3.038   1.859 0.000
 35.25  36.25  16.179   4.187 0.000
 38.25  39.25   3.559   1.826 0.000
 41.25  42.25  15.857   4.607 0.000
 44.25  45.25   5.554   3.540 0.000
 47.25  48.25   5.026   2.097 0.000
 50.25  51.25   4.520   2.098 0.000
 53.25  54.25   1.794   0.921 0.000
 56.25  57.25   5.596   1.778 0.000
 59.25  60.25   3.874   3.262 0.000
 62.25  63.25   5.081   3.330 0.000
 65.25  66.25   6.613   3.638 0.000
 68.25  69.25   5.527   3.671 0.000
 71.25  72.25   5.437   2.943 0.000
 74.25  75.25  11.168   6.843 0.000
 77.25  78.25   3.760   2.271 0.000
 80.25  81.25   2.078   1.033 0.000
 83.25  84.25   5.090   2.539 0.000
 86.25  87.25   6.451   2.186 0.000
 89.25  90.25  11.247   6.102 0.000
 92.25  93.25  42.111   8.758 0.000
 95.25  96.25   8.802   5.599 0.000
 98.25  99.25  10.579   5.345 0.000
101.25 102.25   4.318   2.383 0.000
104.25 105.25   3.947   2.089 0.000
107.25 108.25  10.665   4.207 0.000
110.25 111.25  10.192   3.575 0.000
113.25 114.25   5.360   1.717 0.000
116.25 117.25  11.850   2.899 0.000
119.25 120.25   5.360   2.349 0.000
122.25 123.25  12.665   6.242 0.000
125.25 126.25  13.842   9.357 0.000
128.25 129.25  10.092   5.389 0.000
131.25 132.25   6.365   3.651 0.000
134.25 135.25   6.897   4.275 0.000
137.25 138.25  13.542   7.897 0.000
140.25 141.25   5.784   3.458 0.000
143.25 144.25   5.864   2.476 0.000
146.25 147.25  15.178  10.471 0.000
149.25 150.25   6.817   3.939 0.000
152.25 153.25   8.610   3.766 0.000
155.25 156.25   9.099   5.103 0.000
158.25 159.25   9.431   4.991 0.000
161.25 162.25   9.718   4.601 0.000
164.25 165.25   9.414   4.521 0.000
167.25 168.25   3.069   2.014 0.000
170.25 171.25   6.890   4.228 0.000
173.25 174.25  27.178  13.286 0.000
176.25 177.25  13.793   6.941 0.000
179.25 180.25  12.274   7.789 0.000
182.25 183.25  10.630   5.806 0.000
185.25 186.25  16.199   9.430 0.000
188.25 189.25   4.583   2.820 0.000
191.25 192.25  19.480   9.391 0.000
194.25 195.25  26.215  12.978 0.000
197.25 198.25  14.115   8.339 0.000
200.25 201.25  10.499   5.791 0.000
203.25 204.25  17.128   9.730 0.000
206.25 207.25  12.661   7.504 0.000
209.25 210.25  18.198   8.991 0.000
212.25 213.25  15.104   8.942 0.000
215.25 216.25  16.440   8.335 0.000
218.25 219.25  20.130  10.321 0.000
221.25 222.25  18.088   9.028 0.000
224.25 225.25  19.285   9.770 0.000
227.25 228.25  15.806   9.494 0.000
230.25 231.25   9.478   4.886 0.000
233.25 234.25  12.872   8.122 0.000
236.25 237.25   7.232   3.412 0.000
239.25 240.25  16.347   9.525 0.000
242.25 243.25  14.897   9.180 0.000
245.25 246.25  11.441   5.721 0.000
248.25 249.25  17.821   9.625 0.000
251.25 252.25  18.644  10.683 0.000
254.25 255.25  10.759   7.013 0.000
257.25 258.25   9.793   4.735 0.000
260.25 261.25   8.212   3.786 0.000
263.25 264.25   7.857   3.507 0.000
266.25 267.25  10.588   5.466 0.000
269.25 270.25  11.569   6.416 0.000
272.25 273.25  11.182   6.781 0.000
275.25 276.25  17.166   9.404 0.000
278.25 279.25  13.141   7.547 0.000
281.25 282.25   3.290   1.382 0.000
284.25 285.25   7.823   4.249 0.000
287.25 288.25  10.061   4.160 0.000
290.25 291.25  17.016   7.111 0.000
293.25 294.25  14.049   6.104 0.000
296.25 297.25   7.972   4.950 0.000
299.25 300.25   4.195   1.952 0.000
302.25 303.25   7.150   3.275 0.000
305.25 306.25   2.059   0.947 0.000
308.25 309.25   4.424   1.449 0.000
311.25 312.25   5.556   2.836 0.000
314.25 315.25   6.579   1.984 0.000
317.25 318.25   7.134   3.908 0.000
320.25 321.25  12.133   2.054 0.000
323.25 324.25   8.706   2.976 0.000
326.25 327.25   8.188   2.640 0.000
329.25 330.25  11.385   6.396 0.000
332.25 333.25   2.344   1.738 0.000
335.25 336.25   3.292   1.242 0.000
338.25 339.25   7.814   3.732 0.000
341.25 342.25 999.999 999.999 0.999
344.25 345.25 999.999 999.999 0.999
347.25 348.25   2.191   0.775 0.000
350.25 351.25   5.970   1.561 0.000
353.25 354.25  14.508   5.655 0.000
356.25 357.25   4.156   1.237 0.000
359.25 360.25  12.411   2.424 0.000
362.25 363.25   4.076   1.370 0.000
