scripts/IMPROVE-2019_partial/data/US4504R.20030103060000.20191216000000.filterpack..pm25.1y.1w.US03L_filterpack_US4504.US03L_IMPROVE_Davis.lev2.nas
64 1001
MISSING INFORMATION
US03L, IMPROVE, , , , , , , 
MISSING INFORMATION
IMPROVE sel_HTAP
1 1
2003 01 01 2019 12 16
3.00
days from file reference point
25
1 1 1 1 1 1 1 1 1 1 1 1 1 1 1 1 1 1 1 1 1 1 1 1 1
999.99 9999.99 9.999 99.99 9.999 9.999 9.999999 9.99 9.999 9.999 9.999999 99.999 9.999 99.999 9.999 999.999 9.999 999.999 9.999 999.999 9.999 9.999 9.999 99.999 9.999999
end_time of measurement, days from the file reference point
iron, ng/m3, Revision date=20181210133000
numflag iron, no unit, Revision date=20181210133000
lead, ng/m3, Revision date=20181210133000
numflag lead, no unit, Revision date=20181210133000
magnesium, ug/m3, Revision date=20181210133000
numflag magnesium, no unit, Revision date=20181210133000
nickel, ng/m3, Revision date=20181210133000
numflag nickel, no unit, Revision date=20181210133000
nitrate, ug N/m3, Revision date=20181210133000
numflag nitrate, no unit, Revision date=20181210133000
organic_carbon, ug C/m3, Revision date=20181210133000
numflag organic_carbon, no unit, Revision date=20181210133000
organic_mass, ug/m3, Revision date=20181210133000
numflag organic_mass, no unit, Revision date=20181210133000
pm10_mass, ug/m3, Version=2, Version description=Data extracted from http://views.cira.colostate.edu/fed/DataWizard 2019-12-16, Sample duration=1d, Orig. time res.=3d, Matrix=pm10, Blank correction=Blank corrected, Volume std. temperature=ambient, Volume std. pressure=ambient
numflag pm10_mass, no unit, Version=2, Version description=Data extracted from http://views.cira.colostate.edu/fed/DataWizard 2019-12-16, Sample duration=1d, Orig. time res.=3d, Matrix=pm10, Blank correction=Blank corrected, Volume std. temperature=ambient, Volume std. pressure=ambient
pm10_pm25_mass, ug/m3, Revision date=20181210133000, Matrix=pm10_pm25
numflag pm10_pm25_mass, no unit, Revision date=20181210133000, Matrix=pm10_pm25
pm25_mass, ug/m3, Version=2, Version description=Data extracted from http://views.cira.colostate.edu/fed/DataWizard 2019-12-16, Sample duration=1d, Orig. time res.=3d, Blank correction=Blank corrected, Volume std. temperature=ambient, Volume std. pressure=ambient
numflag pm25_mass, no unit, Version=2, Version description=Data extracted from http://views.cira.colostate.edu/fed/DataWizard 2019-12-16, Sample duration=1d, Orig. time res.=3d, Blank correction=Blank corrected, Volume std. temperature=ambient, Volume std. pressure=ambient
potassium, ug/m3, Revision date=20181210133000
numflag potassium, no unit, Revision date=20181210133000
sulphate_total, ug S/m3, Revision date=20181210133000
numflag sulphate_total, no unit, Revision date=20181210133000
0
25
Data definition:              EBAS_1.1
Set type code:                TU
Timezone:                     UTC
File name:                    US4504R.20030103060000.20191216000000.filterpack..pm25.1y.1w.US03L_filterpack_US4504.US03L_IMPROVE_Davis.lev2.nas
File creation:                20191218120441
Startdate:                    20030103060000
Revision date:                20191216000000
Statistics:                   arithmetic mean
Data level:                   2
Period code:                  1y
Resolution code:              1w
Station code:                 US4504R
Platform code:                US4504S
Station name:                 Big Bend National Park-K-Bar (TX04)
Station latitude:             29.3022
Station longitude:            -103.1772
Station altitude:             1056.0 m
Regime:                       IMG
Component:                    
Matrix:                       pm25
Laboratory code:              US03L
Instrument type:              filterpack
Instrument name:              filterpack_US4504
Method ref:                   US03L_IMPROVE_Davis
starttime endtime Fe flag_Fe Pb flag_Pb Mg++ flag_Mg++ Ni flag_Ni NO3- flag_NO3- OC flag_OC OM flag_OM PM10 flag_PM10 PM10-PM2.5 flag_PM10-PM2.5 PM2.5 flag_PM2.5 K+ flag_K+ SO4-- flag_SO4--
  2.25   3.25 9999.99 0.999 99.99 0.999 9.999 0.999000 9.99 0.999 9.999 0.999000 99.999 0.999 99.999 0.999 999.999 0.999 999.999 0.999 999.999 0.999 9.999 0.999 99.999 0.999000
  5.25   6.25 9999.99 0.999 99.99 0.999 9.999 0.999000 9.99 0.999 9.999 0.999000 99.999 0.999 99.999 0.999 999.999 0.999 999.999 0.999 999.999 0.999 9.999 0.999 99.999 0.999000
  8.25   9.25   13.85 0.000  0.76 0.000 0.023 0.000000 0.23 0.000 0.010 0.000000  0.688 0.000  0.963 0.000   6.037 0.000   2.138 0.000   3.899 0.000 0.026 0.000  0.470 0.000000
 11.25  12.25   26.20 0.000  0.98 0.000 0.020 0.000000 9.99 0.259 0.125 0.000000  0.847 0.000  1.186 0.000   6.984 0.000   2.172 0.000   4.812 0.000 0.035 0.000  0.558 0.000000
 14.25  15.25   22.61 0.000  0.99 0.000 0.018 0.000000 0.16 0.000 0.016 0.000000  0.551 0.000  0.771 0.000   4.829 0.000   1.311 0.000   3.518 0.000 0.025 0.000  0.467 0.000000
 17.25  18.25   32.68 0.000  0.36 0.000 9.999 0.259000 9.99 0.259 0.022 0.000000  0.429 0.000  0.601 0.000  10.196 0.000   6.555 0.000   3.640 0.000 0.026 0.000  0.436 0.000000
 20.25  21.25   12.46 0.000  1.02 0.000 9.999 0.259000 0.25 0.000 0.008 0.000000  0.190 0.000  0.265 0.000   4.375 0.000   2.230 0.000   2.144 0.000 0.020 0.000  0.231 0.000000
 23.25  24.25   18.81 0.000  2.05 0.000 9.999 0.259000 0.14 0.000 0.249 0.559000  1.194 0.000  1.672 0.000  10.941 0.000   4.028 0.000   6.914 0.000 0.033 0.000  0.945 0.559000
 26.25  27.25   14.63 0.000  1.17 0.000 0.028 0.000000 9.99 0.259 0.038 0.000000  0.777 0.000  1.088 0.000   8.550 0.000   2.189 0.000   6.361 0.000 0.028 0.000  0.981 0.000000
 29.25  30.25   30.51 0.000  0.96 0.000 9.999 0.259000 9.99 0.259 0.100 0.000000  0.648 0.000  0.908 0.000  11.893 0.000   8.039 0.000   3.855 0.000 0.041 0.000  0.442 0.000000
 32.25  33.25   72.06 0.000  2.38 0.000 9.999 0.259000 0.23 0.000 0.022 0.000000  0.542 0.000  0.759 0.000  18.532 0.000  12.729 0.000   5.803 0.000 0.069 0.000  0.551 0.000000
 35.25  36.25   39.09 0.000  0.53 0.000 0.021 0.000000 9.99 0.259 0.020 0.000000  0.496 0.000  0.694 0.000  12.084 0.000   7.955 0.000   4.129 0.000 0.033 0.000  0.506 0.000000
 38.25  39.25    4.36 0.000  0.70 0.000 9.999 0.259000 9.99 0.259 0.548 0.000000  1.055 0.000  1.476 0.000   9.405 0.000   0.208 0.000   9.197 0.000 0.015 0.000  1.129 0.000000
 41.25  42.25   16.90 0.000  0.64 0.000 0.021 0.000000 9.99 0.259 0.012 0.000000  0.295 0.000  0.413 0.000   3.688 0.000   1.592 0.000   2.096 0.000 0.017 0.000  0.275 0.000000
 44.25  45.25    6.93 0.000  0.23 0.000 0.028 0.000000 9.99 0.259 0.008 0.000000  0.417 0.000  0.583 0.000   1.944 0.000   0.833 0.000   1.111 0.000 0.012 0.000  0.091 0.000000
 47.25  48.25    8.03 0.000  0.15 0.000 0.016 0.000000 9.99 0.259 0.017 0.000000  0.492 0.000  0.689 0.000   4.246 0.000   1.869 0.000   2.377 0.000 0.010 0.000  0.338 0.000000
 50.25  51.25   18.66 0.000  1.37 0.000 9.999 0.259000 0.14 0.000 0.587 0.000000  1.038 0.000  1.454 0.000  10.040 0.000   2.200 0.000   7.840 0.000 0.028 0.000  1.124 0.000000
 53.25  54.25   40.20 0.000  1.60 0.000 9.999 0.259000 9.99 0.259 0.018 0.000000  0.282 0.000  0.395 0.000   4.841 0.000   2.835 0.000   2.006 0.000 0.033 0.000  0.191 0.000000
 56.25  57.25    9.32 0.000  0.45 0.000 0.019 0.000000 9.99 0.259 0.025 0.000000  0.246 0.000  0.344 0.000   4.014 0.000   1.441 0.000   2.573 0.000 0.015 0.000  0.419 0.000000
 59.25  60.25   25.20 0.000  0.82 0.000 9.999 0.259000 0.23 0.000 0.030 0.000000  0.789 0.000  1.105 0.000   7.988 0.000   2.414 0.000   5.574 0.000 0.031 0.000  0.790 0.000000
 62.25  63.25   42.19 0.000  0.42 0.000 9.999 0.259000 9.99 0.259 0.019 0.000000  0.296 0.000  0.415 0.000 999.999 0.999 999.999 0.999   2.698 0.000 0.037 0.000  0.267 0.000000
 65.25  66.25   27.03 0.000  0.43 0.000 9.999 0.259000 9.99 0.259 0.030 0.559000  0.295 0.000  0.413 0.000 999.999 0.999 999.999 0.999   2.108 0.000 0.027 0.000  0.220 0.559000
 68.25  69.25   29.56 0.000  1.10 0.000 9.999 0.259000 0.30 0.000 0.024 0.000000  0.971 0.000  1.359 0.000 999.999 0.999 999.999 0.999  10.231 0.000 0.063 0.000  1.832 0.000000
 71.25  72.25   71.61 0.000  0.96 0.000 9.999 0.259000 0.36 0.000 0.057 0.000000  0.676 0.000  0.946 0.000  15.595 0.000   6.502 0.000   9.093 0.000 0.086 0.000  1.413 0.000000
 74.25  75.25   53.83 0.000  0.69 0.000 9.999 0.259000 0.16 0.000 0.039 0.000000  0.424 0.000  0.594 0.000   9.405 0.000   6.042 0.000   3.363 0.000 0.048 0.000  0.307 0.000000
 77.25  78.25   79.21 0.000  0.63 0.000 9.999 0.259000 9.99 0.259 0.046 0.000000  0.209 0.000  0.293 0.000  16.842 0.000  13.527 0.000   3.316 0.000 0.057 0.000  0.154 0.000000
 80.25  81.25  128.66 0.000  0.53 0.000 9.999 0.259000 0.12 0.000 0.063 0.000000  0.241 0.000  0.337 0.000  20.035 0.000  14.897 0.000   5.138 0.000 0.095 0.000  0.308 0.000000
 83.25  84.25   58.53 0.000  0.93 0.000 9.999 0.259000 0.14 0.000 0.056 0.000000  0.487 0.000  0.682 0.000  10.105 0.000   6.344 0.000   3.762 0.000 0.046 0.000  0.277 0.000000
 86.25  87.25  196.79 0.000  0.34 0.000 9.999 0.259000 9.99 0.259 0.083 0.000000  0.403 0.000  0.564 0.000  49.494 0.000  41.674 0.000   7.820 0.000 0.121 0.000  0.349 0.000000
 89.25  90.25   27.45 0.000  0.66 0.000 9.999 0.259000 9.99 0.259 0.027 0.000000  0.102 0.000  0.143 0.000   4.111 0.000   2.175 0.000   1.936 0.000 0.023 0.000  0.226 0.000000
 92.25  93.25   39.11 0.000 99.99 0.259 9.999 0.259000 0.17 0.000 0.020 0.000000  0.061 0.000  0.085 0.000   4.774 0.000   2.418 0.000   2.356 0.000 0.035 0.000  0.102 0.000000
 95.25  96.25  453.69 0.000  1.43 0.000 9.999 0.259000 9.99 0.259 0.045 0.559000  0.427 0.000  0.598 0.000  43.143 0.000  29.348 0.000  13.795 0.000 0.295 0.000  0.234 0.559000
 98.25  99.25   48.72 0.000  0.63 0.000 9.999 0.259000 0.13 0.000 0.016 0.000000  0.261 0.000  0.366 0.000   5.941 0.000   2.903 0.000   3.038 0.000 0.039 0.000  0.208 0.000000
101.25 102.25   81.01 0.000  1.85 0.000 9.999 0.259000 0.24 0.000 0.048 0.000000  0.600 0.000  0.840 0.000  12.857 0.000   6.971 0.000   5.886 0.000 0.067 0.000  0.598 0.000000
104.25 105.25  182.64 0.000  1.13 0.000 9.999 0.259000 0.27 0.000 0.062 0.000000  0.943 0.000  1.321 0.000  40.914 0.000  28.966 0.000  11.948 0.000 0.171 0.000  1.152 0.000000
107.25 108.25   86.28 0.000  0.45 0.000 9.999 0.259000 0.11 0.000 0.039 0.000000  0.233 0.000  0.326 0.000  17.698 0.000  13.386 0.000   4.312 0.000 0.066 0.000  0.210 0.000000
110.25 111.25   53.27 0.000  0.81 0.000 9.999 0.259000 0.12 0.000 0.043 0.000000  0.721 0.000  1.010 0.000  13.135 0.000   6.441 0.000   6.694 0.000 0.062 0.000  0.809 0.000000
113.25 114.25  283.35 0.000  1.30 0.000 9.999 0.259000 0.12 0.000 0.095 0.000000  0.556 0.000  0.778 0.000  29.921 0.000  19.897 0.000  10.024 0.000 0.197 0.000  0.337 0.000000
116.25 117.25  148.12 0.000  1.58 0.000 9.999 0.259000 0.28 0.000 0.111 0.000000  2.612 0.000  3.657 0.000  27.219 0.000  11.491 0.000  15.728 0.000 0.202 0.000  1.280 0.000000
119.25 120.25   81.16 0.000  0.68 0.000 9.999 0.259000 0.22 0.000 0.035 0.000000  0.391 0.000  0.547 0.000  10.140 0.000   3.915 0.000   6.225 0.000 0.073 0.000  0.427 0.000000
122.25 123.25   58.43 0.000  0.92 0.000 9.999 0.259000 0.40 0.000 0.083 0.000000  1.669 0.000  2.337 0.000  17.579 0.000   5.576 0.000  12.004 0.000 0.152 0.000  1.471 0.000000
125.25 126.25   66.08 0.000  0.61 0.000 9.999 0.259000 0.09 0.000 0.024 0.000000  0.311 0.000  0.435 0.000   7.376 0.000   4.392 0.000   2.985 0.000 0.047 0.000  0.129 0.000000
128.25 129.25  152.45 0.000  1.15 0.000 9.999 0.259000 0.24 0.000 0.146 0.000000  4.646 0.000  6.504 0.000  32.579 0.000  12.192 0.000  20.387 0.000 0.291 0.000  1.485 0.000000
131.25 132.25  120.36 0.000  0.98 0.000 9.999 0.259000 9.99 0.259 0.114 0.000000  5.501 0.000  7.701 0.000  30.794 0.000   9.303 0.000  21.490 0.000 0.254 0.000  1.788 0.000000
134.25 135.25  173.74 0.000  1.35 0.000 9.999 0.259000 0.19 0.000 0.097 0.000000  2.888 0.000  4.043 0.000  25.675 0.000  10.570 0.000  15.105 0.000 0.210 0.000  1.144 0.000000
137.25 138.25  118.85 0.000  1.13 0.000 9.999 0.259000 0.14 0.000 0.159 0.559000  2.997 0.000  4.196 0.000  25.357 0.000  11.752 0.000  13.605 0.000 0.180 0.000  1.202 0.559000
140.25 141.25   67.00 0.000  0.74 0.000 9.999 0.259000 0.13 0.000 0.171 0.000000  1.521 0.000  2.129 0.000  13.490 0.000   5.300 0.000   8.190 0.000 0.083 0.000  0.833 0.000000
143.25 144.25   55.99 0.000  0.77 0.000 9.999 0.259000 0.21 0.000 0.042 0.000000  1.482 0.000  2.075 0.000  16.071 0.000   6.106 0.000   9.965 0.000 0.089 0.000  1.290 0.000000
146.25 147.25   19.51 0.000  0.45 0.000 9.999 0.259000 9.99 0.259 0.077 0.000000  0.745 0.000  1.043 0.000   6.655 0.000   1.297 0.000   5.357 0.000 0.032 0.000  0.793 0.000000
149.25 150.25   27.27 0.000  0.51 0.000 0.017 0.000000 0.12 0.000 0.023 0.000000  0.989 0.000  1.385 0.000  10.101 0.000   2.312 0.000   7.789 0.000 0.044 0.000  1.149 0.000000
152.25 153.25   57.85 0.000 99.99 0.259 9.999 0.259000 9.99 0.259 0.031 0.000000  0.874 0.000  1.224 0.000  14.599 0.000   8.566 0.000   6.033 0.000 0.072 0.000  0.647 0.000000
155.25 156.25   40.18 0.000  0.70 0.000 9.999 0.259000 0.14 0.000 0.026 0.000000  0.845 0.000  1.183 0.000   9.444 0.000   2.250 0.000   7.195 0.000 0.045 0.000  0.544 0.000000
158.25 159.25   42.00 0.000  0.63 0.000 0.027 0.000000 0.16 0.000 0.027 0.000000  1.001 0.000  1.401 0.000  11.956 0.000   6.763 0.000   5.193 0.000 0.053 0.000  0.878 0.000000
161.25 162.25 9999.99 0.999 99.99 0.999 9.999 0.999000 9.99 0.999 9.999 0.999000 99.999 0.999 99.999 0.999 999.999 0.999 999.999 0.999 999.999 0.999 9.999 0.999 99.999 0.999000
164.25 165.25 9999.99 0.999 99.99 0.999 9.999 0.999000 9.99 0.999 9.999 0.999000 99.999 0.999 99.999 0.999 999.999 0.999 999.999 0.999 999.999 0.999 9.999 0.999 99.999 0.999000
167.25 168.25 9999.99 0.999 99.99 0.999 9.999 0.999000 9.99 0.999 9.999 0.999000 99.999 0.999 99.999 0.999 999.999 0.999 999.999 0.999 999.999 0.999 9.999 0.999 99.999 0.999000
170.25 171.25   50.38 0.000  0.93 0.000 9.999 0.259000 0.16 0.000 0.031 0.000000  1.370 0.000  1.917 0.000  14.244 0.000   5.501 0.000   8.743 0.000 0.039 0.000  1.102 0.000000
173.25 174.25   31.58 0.000  0.44 0.000 9.999 0.259000 0.26 0.000 0.052 0.000000  0.921 0.000  1.289 0.000  12.784 0.000   5.530 0.000   7.255 0.000 0.055 0.000  1.009 0.000000
176.25 177.25   56.20 0.000  0.49 0.000 9.999 0.259000 0.15 0.000 0.054 0.000000  0.591 0.000  0.828 0.000   9.286 0.000   4.502 0.000   4.784 0.000 0.039 0.000  0.496 0.000000
179.25 180.25  117.29 0.000  0.38 0.000 9.999 0.259000 9.99 0.259 0.064 0.559000  0.808 0.000  1.131 0.000  11.270 0.000   4.540 0.000   6.729 0.000 0.055 0.000  0.625 0.559000
182.25 183.25   27.84 0.000  0.56 0.000 9.999 0.259000 0.10 0.000 0.019 0.559000  0.371 0.000  0.519 0.000   6.037 0.000   1.139 0.000   4.898 0.000 0.024 0.000  0.740 0.559000
185.25 186.25   79.71 0.000  0.27 0.000 9.999 0.259000 0.09 0.000 0.052 0.000000  0.289 0.000  0.404 0.000  10.198 0.000   2.235 0.000   7.963 0.000 0.038 0.000  1.286 0.000000
188.25 189.25   40.94 0.000  0.37 0.000 9.999 0.259000 0.15 0.000 0.036 0.000000  0.313 0.000  0.439 0.000   5.574 0.000   2.127 0.000   3.447 0.000 0.020 0.000  0.407 0.000000
191.25 192.25  100.49 0.000  0.17 0.000 9.999 0.259000 0.16 0.000 0.080 0.559000  0.542 0.000  0.759 0.000  12.863 0.000   4.900 0.000   7.963 0.000 0.046 0.000  0.977 0.559000
194.25 195.25  129.85 0.000  0.40 0.000 9.999 0.259000 0.19 0.000 0.061 0.000000  0.504 0.000  0.706 0.000  12.192 0.000   6.328 0.000   5.864 0.000 0.054 0.000  0.404 0.000000
197.25 198.25   97.21 0.394  0.36 0.394 9.999 0.394259 0.14 0.394 0.043 0.559394  0.174 0.000  0.243 0.000   8.083 0.000   3.485 0.000   4.598 0.000 0.039 0.394  0.368 0.559394
200.25 201.25  517.52 0.000  1.00 0.000 9.999 0.259000 0.26 0.000 0.132 0.000000  0.597 0.000  0.836 0.000  29.167 0.000  15.185 0.000  13.982 0.000 0.188 0.000  0.646 0.000000
203.25 204.25  105.33 0.000  0.28 0.000 9.999 0.259000 0.37 0.000 0.047 0.000000  0.865 0.000  1.211 0.000  19.216 0.000   7.275 0.000  11.941 0.000 0.051 0.000  1.779 0.000000
206.25 207.25  252.85 0.000  0.44 0.000 9.999 0.259000 0.28 0.000 0.094 0.000000  0.458 0.000  0.641 0.000  18.979 0.000   9.988 0.000   8.991 0.000 0.101 0.000  0.687 0.000000
209.25 210.25  370.49 0.000  0.60 0.000 9.999 0.259000 0.17 0.000 0.083 0.559000  0.375 0.000  0.525 0.000  17.738 0.000   7.462 0.000  10.277 0.000 0.139 0.000  0.509 0.559000
212.25 213.25  599.05 0.000  1.17 0.000 9.999 0.259000 0.38 0.000 0.095 0.559000  0.532 0.000  0.744 0.000  30.357 0.000  14.288 0.000  16.069 0.000 0.222 0.000  0.830 0.559000
215.25 216.25  313.42 0.000  0.42 0.000 9.999 0.259000 0.33 0.000 0.091 0.559000  0.577 0.000  0.808 0.000  20.754 0.000   9.170 0.000  11.585 0.000 0.149 0.000  0.822 0.559000
218.25 219.25  119.20 0.000  0.43 0.000 9.999 0.259000 0.41 0.000 0.042 0.559000  0.663 0.000  0.929 0.000  14.244 0.000   6.370 0.000   7.875 0.000 0.065 0.000  0.805 0.559000
221.25 222.25  204.18 0.000  0.57 0.000 9.999 0.259000 0.15 0.000 0.048 0.559000  1.799 0.000  2.518 0.000  38.037 0.000  25.605 0.000  12.432 0.000 0.138 0.000  0.983 0.559000
224.25 225.25   44.58 0.000  0.75 0.000 9.999 0.259000 9.99 0.259 0.021 0.559000  0.999 0.000  1.399 0.000  10.198 0.000   2.760 0.000   7.438 0.000 0.038 0.000  0.863 0.559000
227.25 228.25  224.81 0.000  0.67 0.000 9.999 0.259000 0.30 0.000 0.089 0.559000  0.723 0.000  1.012 0.000  17.817 0.000   6.663 0.000  11.154 0.000 0.103 0.000  1.251 0.559000
230.25 231.25   81.59 0.000  0.32 0.000 9.999 0.259000 0.18 0.000 0.035 0.559000  0.168 0.000  0.235 0.000   7.533 0.000   3.062 0.000   4.471 0.000 0.044 0.000  0.528 0.559000
233.25 234.25   19.74 0.000  0.33 0.000 0.026 0.000000 0.10 0.000 0.030 0.559000  0.341 0.000  0.477 0.000   5.484 0.000   3.097 0.000   2.387 0.000 0.016 0.000  0.196 0.559000
236.25 237.25   17.21 0.000  0.42 0.000 9.999 0.259000 0.12 0.000 0.013 0.559000  0.140 0.000  0.195 0.000   3.867 0.000   1.058 0.000   2.809 0.000 0.010 0.000  0.399 0.559000
239.25 240.25   51.84 0.000  0.30 0.000 9.999 0.259000 0.33 0.000 0.019 0.559000  0.521 0.000  0.729 0.000  10.811 0.000   5.146 0.000   5.665 0.000 0.030 0.000  0.646 0.559000
242.25 243.25   44.10 0.000  0.37 0.000 0.030 0.000000 0.95 0.000 0.056 0.000000  0.762 0.000  1.066 0.000   8.871 0.000   3.545 0.000   5.326 0.000 0.033 0.000  0.612 0.000000
245.25 246.25   27.29 0.000  0.41 0.000 9.999 0.259000 0.53 0.000 0.007 0.000000  0.796 0.000  1.114 0.000   4.441 0.000   0.969 0.000   3.472 0.000 0.024 0.000  0.200 0.000000
248.25 249.25   13.04 0.000  0.68 0.000 9.999 0.259000 0.11 0.000 0.013 0.000000  0.877 0.000  1.228 0.000   6.985 0.000   1.547 0.000   5.437 0.000 0.014 0.000  0.704 0.000000
251.25 252.25   24.90 0.000  0.68 0.000 9.999 0.259000 0.27 0.000 0.016 0.000000  0.772 0.000  1.081 0.000   8.992 0.000   3.150 0.000   5.842 0.000 0.022 0.000  0.829 0.000000
254.25 255.25   23.43 0.000  0.36 0.000 9.999 0.259000 0.09 0.000 0.023 0.000000  0.599 0.000  0.839 0.000   6.056 0.000   2.776 0.000   3.280 0.000 0.023 0.000  0.272 0.000000
257.25 258.25   10.39 0.000  0.26 0.000 9.999 0.259000 0.14 0.000 0.014 0.000000  0.760 0.000  1.064 0.000   4.482 0.000   0.965 0.000   3.516 0.000 0.010 0.000  0.420 0.000000
260.25 261.25   26.05 0.000  0.60 0.000 9.999 0.259000 0.17 0.000 0.021 0.000000  0.588 0.000  0.823 0.000   8.963 0.000   5.122 0.000   3.842 0.000 0.022 0.000  0.481 0.000000
263.25 264.25    5.37 0.000  0.44 0.000 9.999 0.259000 0.13 0.000 0.008 0.000000  0.369 0.000  0.517 0.000   3.715 0.000   0.713 0.000   3.001 0.000 0.009 0.000  0.411 0.000000
266.25 267.25   10.69 0.000  0.76 0.000 9.999 0.259000 0.14 0.000 0.007 0.000000  0.480 0.000  0.673 0.000   5.976 0.000   1.435 0.000   4.541 0.000 0.011 0.000  0.683 0.000000
269.25 270.25    8.69 0.000  0.37 0.000 9.999 0.259000 0.10 0.000 0.014 0.000000  0.610 0.000  0.854 0.000   5.401 0.000   1.028 0.000   4.373 0.000 0.010 0.000  0.599 0.000000
