scripts/IMPROVE-2019_partial/data/US4504R.19900103060000.20191216000000.filterpack...1y.3d.US03L_filterpack_US4504.US03L_IMPROVE_Davis.lev2.nas
52 1001
MISSING INFORMATION
US03L, IMPROVE, , , , , , , 
MISSING INFORMATION
IMPROVE sel_HTAP
1 1
1990 01 01 2019 12 16
0
days from file reference point
5
1 1 1 1 1
999.99 999.999 9.999 999.999 9.999999
end_time of measurement, days from the file reference point
pm10_mass, ug/m3, Matrix=pm10
numflag pm10_mass, no unit, Matrix=pm10
pm25_mass, ug/m3, Matrix=pm25
numflag pm25_mass, no unit, Matrix=pm25
0
33
Data definition:              EBAS_1.1
Set type code:                TI
Timezone:                     UTC
File name:                    US4504R.19900103060000.20191216000000.filterpack...1y.3d.US03L_filterpack_US4504.US03L_IMPROVE_Davis.lev2.nas
File creation:                20191218120440
Startdate:                    19900103060000
Revision date:                20191216000000
Version:                      2
Version description:          "Data extracted from http://views.cira.colostate.edu/fed/DataWizard 2019-12-16"
Statistics:                   arithmetic mean
Data level:                   2
Period code:                  1y
Resolution code:              3d
Sample duration:              1d
Orig. time res.:              3d
Station code:                 US4504R
Platform code:                US4504S
Station name:                 Big Bend National Park-K-Bar (TX04)
Station latitude:             29.3022
Station longitude:            -103.1772
Station altitude:             1056.0 m
Regime:                       IMG
Component:                    
Unit:                         ug/m3
Matrix:                       
Laboratory code:              US03L
Instrument type:              filterpack
Instrument name:              filterpack_US4504
Method ref:                   US03L_IMPROVE_Davis
Blank correction:             Blank corrected
Volume std. temperature:      ambient
Volume std. pressure:         ambient
starttime endtime PM10 flag_PM10 PM2.5 flag_PM2.5
  2.25   3.25   6.489 0.000   2.317 0.000000
  5.25   6.25   7.143 0.000   3.708 0.000000
  9.25  10.25  25.299 0.000   4.066 0.000000
 12.25  13.25  10.517 0.000   5.512 0.000000
 16.25  17.25 999.999 0.999   3.524 0.000000
 19.25  20.25 999.999 0.999   3.587 0.000000
 23.25  24.25 999.999 0.999   3.313 0.000000
 26.25  27.25 999.999 0.999   5.982 0.000000
 30.25  31.25 999.999 0.999   5.576 0.000000
 33.25  34.25 999.999 0.999   2.914 0.000000
 37.25  38.25  14.440 0.000   4.012 0.000000
 40.25  41.25   6.557 0.000   4.054 0.000000
 44.25  45.25   8.289 0.000   2.554 0.000000
 47.25  48.25  22.575 0.000   5.291 0.000000
 51.25  52.25   6.385 0.000   3.364 0.000000
 54.25  55.25   8.922 0.000   2.263 0.000000
 58.25  59.25   9.033 0.000 999.999 0.999000
 61.25  62.25   7.289 0.000   4.562 0.000000
 65.25  66.25  32.030 0.000   7.771 0.000000
 68.25  69.25  15.616 0.000   9.790 0.000000
 72.25  73.25  12.358 0.000   2.792 0.000000
 75.25  76.25   5.772 0.000   2.669 0.000000
 79.25  80.25 999.999 0.999 999.999 0.999000
 82.25  83.25  10.184 0.000   7.100 0.000000
 86.25  87.25   5.187 0.000   3.262 0.000000
 89.25  90.25   6.740 0.000   4.364 0.000000
 93.25  94.25 999.999 0.999  10.695 0.000000
 96.25  97.25  16.058 0.000   5.559 0.000000
100.25 101.25  15.204 0.000   7.923 0.000000
103.25 104.25  18.832 0.000   9.732 0.000000
107.25 108.25   5.897 0.000   2.139 0.000000
110.25 111.25  21.600 0.000  15.392 0.000000
114.25 115.25 999.999 0.999  24.055 0.000000
117.25 118.25  14.103 0.000   5.471 0.000000
121.25 122.25   8.667 0.000   3.940 0.000000
124.25 125.25   9.745 0.000   6.667 0.000000
128.25 129.25  12.589 0.000   5.193 0.000000
131.25 132.25  11.127 0.000   3.779 0.000000
135.25 136.25  13.170 0.000  10.125 0.000000
138.25 139.25  11.541 0.000   2.849 0.000000
142.25 143.25  13.978 0.000   7.909 0.000000
145.25 146.25  16.820 0.000   9.249 0.000000
149.25 150.25  18.842 0.000   9.176 0.000000
152.25 153.25  24.655 0.000  20.560 0.000000
156.25 157.25  14.235 0.000   7.071 0.000000
159.25 160.25  14.895 0.000   6.202 0.000000
163.25 164.25  10.459 0.000   3.519 0.000000
166.25 167.25   9.896 0.000   6.540 0.000000
170.25 171.25  11.285 0.000   4.556 0.000000
173.25 174.25  12.355 0.000   6.100 0.000000
177.25 178.25  11.625 0.000   5.982 0.000000
180.25 181.25  20.103 0.000   6.923 0.000000
184.25 185.25  15.825 0.000   9.142 0.000000
187.25 188.25  29.690 0.000  14.865 0.000000
191.25 192.25  13.929 0.000   6.042 0.000000
194.25 195.25 999.999 0.999  10.595 0.000000
198.25 199.25  11.870 0.000   7.139 0.000000
201.25 202.25 999.999 0.999 999.999 0.999000
205.25 206.25   4.889 0.000   3.077 0.000000
208.25 209.25   8.982 0.000   5.262 0.000000
212.25 213.25  13.907 0.000   5.030 0.000000
215.25 216.25  23.047 0.000   5.723 0.000000
219.25 220.25 999.999 0.999  11.390 0.000000
222.25 223.25  10.070 0.000   4.865 0.000000
226.25 227.25 999.999 0.999   4.311 0.000000
229.25 230.25  27.024 0.000   6.765 0.000000
233.25 234.25  15.897 0.000  12.979 0.000000
236.25 237.25  14.784 0.000 999.999 0.999000
240.25 241.25  25.894 0.000  13.251 0.000000
243.25 244.25  22.239 0.000 999.999 0.559259
247.25 248.25 999.999 0.999  14.455 0.559000
250.25 251.25  18.238 0.000   3.272 0.559000
254.25 255.25  11.978 0.000   4.142 0.559000
257.25 258.25  14.249 0.000   4.392 0.559000
261.25 262.25 999.999 0.999   5.801 0.559000
264.25 265.25  21.450 0.000   5.196 0.559000
268.25 269.25   5.189 0.000   4.650 0.559000
271.25 272.25  32.218 0.000   8.012 0.559000
275.25 276.25 999.999 0.999   5.460 0.559000
278.25 279.25  14.884 0.000  12.446 0.559000
282.25 283.25  12.357 0.000   2.943 0.559000
285.25 286.25 999.999 0.999 999.999 0.559259
289.25 290.25  17.383 0.000   5.851 0.559000
292.25 293.25  10.310 0.000   5.604 0.559000
296.25 297.25   9.585 0.000   3.727 0.559000
299.25 300.25  18.015 0.000 999.999 0.559259
303.25 304.25  12.264 0.000 999.999 0.559259
306.25 307.25  21.704 0.000   9.027 0.559000
310.25 311.25   7.118 0.000   2.895 0.559000
313.25 314.25   6.525 0.000   2.507 0.559000
317.25 318.25   8.817 0.000   5.166 0.559000
320.25 321.25  16.217 0.000  13.897 0.559000
324.25 325.25   8.340 0.000   5.767 0.559000
327.25 328.25   7.727 0.000   5.319 0.559000
331.25 332.25  19.453 0.000   8.037 0.559000
334.25 335.25  13.257 0.000   4.673 0.559000
338.25 339.25   8.256 0.000   3.067 0.559000
341.25 342.25  17.586 0.000   4.613 0.559000
345.25 346.25  11.569 0.000   8.230 0.559000
348.25 349.25  14.385 0.000  11.317 0.559000
352.25 353.25   6.016 0.000   3.166 0.559000
355.25 356.25   7.391 0.000   5.047 0.559000
359.25 360.25  12.132 0.000   6.111 0.559000
362.25 363.25   7.529 0.000   4.571 0.559000
