scripts/IMPROVE-2019_partial/data/US4504R.20000101060000.20191216000000.filterpack..pm25.52w.1w.US03L_filterpack_US4504.US03L_IMPROVE_Davis.lev2.nas
64 1001
MISSING INFORMATION
US03L, IMPROVE, , , , , , , 
MISSING INFORMATION
IMPROVE sel_HTAP
1 1
2000 01 01 2019 12 16
0
days from file reference point
25
1 1 1 1 1 1 1 1 1 1 1 1 1 1 1 1 1 1 1 1 1 1 1 1 1
999.99 9999.99 9.999 99.99 9.999999 9.999 9.999999 99.99 9.999999 9.999 9.999 99.999 9.999 99.999 9.999 999.999 9.999 999.999 9.999 999.999 9.999 9.999 9.999 99.999 9.999
end_time of measurement, days from the file reference point
iron, ng/m3, Revision date=20181210133000
numflag iron, no unit, Revision date=20181210133000
lead, ng/m3, Revision date=20181210133000
numflag lead, no unit, Revision date=20181210133000
magnesium, ug/m3, Revision date=20181210133000
numflag magnesium, no unit, Revision date=20181210133000
nickel, ng/m3, Revision date=20181210133000
numflag nickel, no unit, Revision date=20181210133000
nitrate, ug N/m3, Revision date=20181210133000
numflag nitrate, no unit, Revision date=20181210133000
organic_carbon, ug C/m3, Revision date=20181210133000
numflag organic_carbon, no unit, Revision date=20181210133000
organic_mass, ug/m3, Revision date=20181210133000
numflag organic_mass, no unit, Revision date=20181210133000
pm10_mass, ug/m3, Version=2, Version description=Data extracted from http://views.cira.colostate.edu/fed/DataWizard 2019-12-16, Sample duration=1d, Orig. time res.=3d, Matrix=pm10, Blank correction=Blank corrected, Volume std. temperature=ambient, Volume std. pressure=ambient
numflag pm10_mass, no unit, Version=2, Version description=Data extracted from http://views.cira.colostate.edu/fed/DataWizard 2019-12-16, Sample duration=1d, Orig. time res.=3d, Matrix=pm10, Blank correction=Blank corrected, Volume std. temperature=ambient, Volume std. pressure=ambient
pm10_pm25_mass, ug/m3, Revision date=20181210133000, Matrix=pm10_pm25
numflag pm10_pm25_mass, no unit, Revision date=20181210133000, Matrix=pm10_pm25
pm25_mass, ug/m3, Version=2, Version description=Data extracted from http://views.cira.colostate.edu/fed/DataWizard 2019-12-16, Sample duration=1d, Orig. time res.=3d, Blank correction=Blank corrected, Volume std. temperature=ambient, Volume std. pressure=ambient
numflag pm25_mass, no unit, Version=2, Version description=Data extracted from http://views.cira.colostate.edu/fed/DataWizard 2019-12-16, Sample duration=1d, Orig. time res.=3d, Blank correction=Blank corrected, Volume std. temperature=ambient, Volume std. pressure=ambient
potassium, ug/m3, Revision date=20181210133000
numflag potassium, no unit, Revision date=20181210133000
sulphate_total, ug S/m3, Revision date=20181210133000
numflag sulphate_total, no unit, Revision date=20181210133000
0
25
Data definition:              EBAS_1.1
Set type code:                TI
Timezone:                     UTC
File name:                    US4504R.20000101060000.20191216000000.filterpack..pm25.52w.1w.US03L_filterpack_US4504.US03L_IMPROVE_Davis.lev2.nas
File creation:                20191218120441
Startdate:                    20000101060000
Revision date:                20191216000000
Statistics:                   arithmetic mean
Data level:                   2
Period code:                  52w
Resolution code:              1w
Station code:                 US4504R
Platform code:                US4504S
Station name:                 Big Bend National Park-K-Bar (TX04)
Station latitude:             29.3022
Station longitude:            -103.1772
Station altitude:             1056.0 m
Regime:                       IMG
Component:                    
Matrix:                       pm25
Laboratory code:              US03L
Instrument type:              filterpack
Instrument name:              filterpack_US4504
Method ref:                   US03L_IMPROVE_Davis
starttime endtime Fe flag_Fe Pb flag_Pb Mg++ flag_Mg++ Ni flag_Ni NO3- flag_NO3- OC flag_OC OM flag_OM PM10 flag_PM10 PM10-PM2.5 flag_PM10-PM2.5 PM2.5 flag_PM2.5 K+ flag_K+ SO4-- flag_SO4--
  0.25   1.25   33.68 0.559  0.72 0.559000 0.011 0.559000 99.99 0.559259 0.008 0.559  0.338 0.000  0.473 0.000   7.833 0.559   4.883 0.000   2.950 0.559 0.029 0.559  0.150 0.559
  4.25   5.25  125.41 0.559  1.30 0.559000 9.999 0.559259 99.99 0.559259 0.033 0.559  0.609 0.000  0.852 0.000  18.102 0.559  12.885 0.000   5.217 0.559 0.093 0.559  0.221 0.559
  7.25   8.25   60.39 0.559  0.56 0.559000 9.999 0.559259 99.99 0.559259 0.086 0.559  0.834 0.000  1.168 0.000  16.789 0.559  10.327 0.000   6.462 0.559 0.072 0.559  0.566 0.559
 11.25  12.25   30.51 0.559  1.06 0.559000 9.999 0.559259 99.99 0.559259 0.007 0.000  0.802 0.000  1.123 0.000   6.353 0.559   3.767 0.000   2.587 0.559 0.038 0.559  0.177 0.000
 14.25  15.25   29.08 0.559  0.68 0.559000 9.999 0.559259 99.99 0.559259 0.045 0.559  0.813 0.000  1.138 0.000  10.195 0.559   3.865 0.000   6.330 0.559 0.048 0.559  0.816 0.559
 18.25  19.25   33.23 0.559  1.19 0.559000 0.012 0.559000 99.99 0.559259 0.017 0.559  0.251 0.000  0.351 0.000   8.013 0.559   5.104 0.000   2.909 0.559 0.029 0.559  0.346 0.559
 21.25  22.25   48.13 0.559  1.16 0.559000 9.999 0.559259 99.99 0.559259 0.021 0.559  0.614 0.000  0.859 0.000   9.185 0.559   4.775 0.000   4.409 0.559 0.052 0.559  0.446 0.559
 25.25  26.25   68.92 0.559  2.51 0.559000 9.999 0.559259 99.99 0.559259 0.061 0.000  1.583 0.000  2.216 0.000  21.242 0.559  13.279 0.000   7.963 0.559 0.077 0.559  0.653 0.000
 28.25  29.25   16.20 0.559  1.04 0.559000 9.999 0.559259 99.99 0.559259 0.055 0.000  1.655 0.000  2.317 0.000   7.803 0.559   1.404 0.000   6.399 0.559 0.025 0.559  0.819 0.000
 32.25  33.25    4.54 0.559  0.42 0.559000 9.999 0.559259 99.99 0.559259 0.076 0.000  0.937 0.000  1.311 0.000   4.167 0.559   1.231 0.000   2.935 0.559 0.017 0.559  0.265 0.000
 35.25  36.25   17.12 0.559  0.86 0.559000 9.999 0.559259 99.99 0.559259 0.032 0.000  0.995 0.000  1.393 0.000   5.603 0.559   2.489 0.000   3.114 0.559 0.015 0.559  0.286 0.000
 39.25  40.25   62.45 0.559  2.08 0.559000 9.999 0.559259 99.99 0.559259 0.044 0.559  2.101 0.000  2.942 0.000  15.046 0.559   7.956 0.000   7.091 0.559 0.063 0.559  0.755 0.559
 42.25  43.25   57.43 0.559  0.85 0.559000 9.999 0.559259 99.99 0.559259 0.011 0.559  0.312 0.000  0.437 0.000   8.939 0.559   5.684 0.000   3.255 0.559 0.051 0.559  0.130 0.559
 46.25  47.25   43.14 0.559  0.61 0.559000 9.999 0.559259 99.99 0.559259 0.038 0.559  0.920 0.000  1.288 0.000  15.201 0.559   8.364 0.000   6.837 0.559 0.052 0.559  0.845 0.559
 49.25  50.25   55.14 0.559  0.68 0.559000 9.999 0.559259 99.99 0.559259 0.076 0.559  1.207 0.000  1.689 0.000  14.040 0.559   6.700 0.000   7.340 0.559 0.052 0.559  0.654 0.559
 53.25  54.25   52.82 0.559  0.55 0.559000 9.999 0.559259 99.99 0.559259 0.017 0.559  0.761 0.000  1.065 0.000   6.865 0.559   4.429 0.000   2.436 0.559 0.033 0.559  0.092 0.559
 56.25  57.25   87.86 0.559  1.05 0.559000 9.999 0.559259 99.99 0.559259 0.045 0.559  0.553 0.000  0.774 0.000  17.166 0.559  12.948 0.000   4.218 0.559 0.059 0.559  0.136 0.559
 60.25  61.25  107.95 0.559  0.95 0.559000 9.999 0.559259 99.99 0.559259 0.095 0.559  0.918 0.000  1.286 0.000  27.304 0.559  17.415 0.000   9.889 0.559 0.106 0.559  1.093 0.559
 63.25  64.25   41.94 0.559  0.31 0.559000 9.999 0.559259 99.99 0.559259 0.024 0.559  0.336 0.000  0.470 0.000  16.572 0.559  12.938 0.000   3.634 0.559 0.038 0.559  0.288 0.559
 67.25  68.25  126.23 0.559  0.28 0.559000 9.999 0.559259 99.99 0.559259 0.014 0.000  0.466 0.000  0.652 0.000  13.021 0.559   8.605 0.000   4.416 0.559 0.083 0.559  0.093 0.000
 70.25  71.25  174.52 0.559  0.34 0.559000 9.999 0.559259 99.99 0.559259 0.037 0.559  1.901 0.000  2.661 0.000  21.149 0.559  13.403 0.000   7.746 0.559 0.110 0.559  0.356 0.559
 74.25  75.25   59.30 0.699  0.89 0.699000 9.999 0.699259 99.99 0.699259 0.025 0.559  0.713 0.000  0.998 0.000   7.264 0.559   3.072 0.000   4.191 0.699 0.048 0.699  0.331 0.559
 77.25  78.25  236.67 0.699  0.82 0.699000 0.112 0.699000 99.99 0.699259 0.050 0.000  0.920 0.000  1.288 0.000  23.733 0.559  14.460 0.000   9.273 0.699 0.153 0.699  0.362 0.000
 81.25  82.25  445.75 0.699  0.74 0.699000 0.348 0.699000 99.99 0.699259 0.069 0.000  3.194 0.000  4.472 0.000  62.021 0.559  44.228 0.000  17.793 0.699 0.326 0.699  0.348 0.000
 84.25  85.25   68.03 0.699  0.61 0.699000 9.999 0.699259 99.99 0.699259 0.105 0.559  1.058 0.000  1.482 0.000  17.241 0.559   7.076 0.000  10.166 0.699 0.106 0.699  1.218 0.559
 88.25  89.25  113.47 0.699 99.99 0.699259 9.999 0.699259 99.99 0.699259 0.021 0.559 99.999 0.999 99.999 0.999  10.049 0.559   0.709 0.000   9.341 0.699 0.078 0.699  0.145 0.559
 91.25  92.25   66.74 0.699  0.61 0.699000 9.999 0.699259 99.99 0.699259 0.088 0.559 99.999 0.999 99.999 0.999  19.121 0.559   9.090 0.000  10.031 0.699 0.078 0.699  1.173 0.559
 95.25  96.25  129.65 0.699  0.98 0.699000 9.999 0.699259 99.99 0.699259 0.026 0.559 99.999 0.999 99.999 0.999  13.974 0.559   8.052 0.000   5.922 0.699 0.077 0.699  0.398 0.559
 98.25  99.25  266.84 0.699  0.97 0.699000 9.999 0.699259 99.99 0.699259 0.025 0.559 99.999 0.999 99.999 0.999  29.845 0.559  19.112 0.000  10.732 0.699 0.184 0.699  0.255 0.559
102.25 103.25 9999.99 0.999 99.99 0.999000 9.999 0.999000 99.99 0.999000 9.999 0.999 99.999 0.999 99.999 0.999 999.999 0.999 999.999 0.999 999.999 0.999 9.999 0.999 99.999 0.999
105.25 106.25   58.31 0.000  0.77 0.000000 9.999 0.259000 99.99 0.259000 0.040 0.000  1.365 0.000  1.911 0.000  12.976 0.000   7.318 0.000   5.658 0.000 0.054 0.000  0.517 0.000
109.25 110.25   35.75 0.559  0.58 0.559000 9.999 0.559259  1.57 0.559000 0.071 0.000  1.660 0.000  2.324 0.000  18.294 0.000   6.565 0.000  11.729 0.559 0.101 0.559  1.547 0.000
112.25 113.25  226.69 0.559  0.49 0.559000 9.999 0.559259 99.99 0.559259 0.104 0.559  1.788 0.000  2.503 0.000  42.349 0.000  26.343 0.000  16.006 0.559 0.218 0.559  0.941 0.559
116.25 117.25  150.55 0.559  1.12 0.559000 9.999 0.559259 99.99 0.559259 0.089 0.559  3.408 0.000  4.772 0.000  21.294 0.000   6.649 0.000  14.645 0.559 0.160 0.559  0.781 0.559
119.25 120.25   81.93 0.559  0.78 0.559000 9.999 0.559259 99.99 0.559259 0.045 0.559  2.230 0.000  3.122 0.000  12.425 0.000   3.897 0.000   8.528 0.559 0.204 0.559  0.407 0.559
123.25 124.25  105.91 0.559  0.67 0.559000 9.999 0.559259 99.99 0.559259 0.054 0.559  1.145 0.000  1.603 0.000  16.603 0.000   7.243 0.000   9.360 0.559 0.089 0.559  1.098 0.559
126.25 127.25  117.01 0.699  1.02 0.699000 9.999 0.699259 99.99 0.699259 0.088 0.559  2.617 0.000  3.663 0.000  22.327 0.000   9.063 0.000  13.265 0.699 0.145 0.699  0.964 0.559
130.25 131.25   67.23 0.559  0.72 0.559000 0.015 0.559000 99.99 0.559259 0.132 0.559  4.037 0.000  5.652 0.000  29.325 0.000  12.171 0.000  17.155 0.559 0.062 0.559  1.660 0.559
133.25 134.25   79.65 0.559  0.85 0.559000 9.999 0.559259 99.99 0.559259 0.053 0.000  1.861 0.000  2.605 0.000  22.936 0.000  15.242 0.000   7.694 0.559 0.084 0.559  0.489 0.000
137.25 138.25   71.50 0.000  0.77 0.000000 9.999 0.259000 99.99 0.259000 0.053 0.000  2.536 0.000  3.550 0.000  20.833 0.000  11.552 0.000   9.281 0.000 0.116 0.000  0.669 0.000
140.25 141.25   33.94 0.559  0.60 0.559000 9.999 0.559259  1.19 0.559000 0.054 0.000  1.079 0.000  1.510 0.000  10.959 0.000   4.771 0.000   6.188 0.559 0.046 0.559  0.604 0.000
144.25 145.25   75.01 0.559  0.86 0.559000 9.999 0.559259 99.99 0.559259 0.056 0.000  1.099 0.000  1.538 0.000  13.410 0.000   5.746 0.000   7.664 0.559 0.067 0.559  0.605 0.000
147.25 148.25  115.35 0.559  0.52 0.559000 9.999 0.559259 99.99 0.559259 0.094 0.559  1.443 0.000  2.020 0.000  16.683 0.000   5.961 0.000  10.722 0.559 0.131 0.559  1.056 0.559
151.25 152.25   22.64 0.559  0.41 0.559000 9.999 0.559259 99.99 0.559259 0.053 0.000  0.710 0.000  0.994 0.000   9.232 0.000   3.975 0.000   5.258 0.559 0.040 0.559  0.680 0.000
154.25 155.25   30.66 0.559 99.99 0.559259 9.999 0.559259  0.26 0.559000 0.022 0.000  0.465 0.000  0.651 0.000   9.232 0.000   4.570 0.000   4.663 0.559 0.028 0.559  0.638 0.000
158.25 159.25   41.12 0.000  0.45 0.000000 9.999 0.259000 99.99 0.259000 0.029 0.559  0.783 0.000  1.097 0.000  13.086 0.000   3.466 0.000   9.620 0.000 0.045 0.000  1.546 0.559
161.25 162.25   30.48 0.000 99.99 0.259000 9.999 0.259000 99.99 0.259000 0.046 0.559  0.464 0.000  0.649 0.000   6.704 0.000   2.881 0.000   3.823 0.000 0.035 0.000  0.402 0.559
165.25 166.25  172.10 0.559  0.33 0.559000 9.999 0.559259 99.99 0.559259 0.104 0.559  0.561 0.000  0.785 0.000  22.350 0.000  13.847 0.000   8.503 0.559 0.086 0.559  0.542 0.559
168.25 169.25   68.07 0.559  0.35 0.559000 9.999 0.559259 99.99 0.559259 0.078 0.559  0.719 0.000  1.006 0.000  29.255 0.000  19.566 0.000   9.688 0.559 0.039 0.559  1.391 0.559
172.25 173.25   37.65 0.559  0.11 0.559000 9.999 0.559259 99.99 0.559259 0.042 0.699  0.326 0.000  0.456 0.000   5.941 0.000   3.067 0.000   2.874 0.559 0.027 0.559  0.285 0.699
175.25 176.25   37.43 0.559  0.19 0.559000 9.999 0.559259 99.99 0.559259 0.031 0.559  0.320 0.000  0.447 0.000   5.941 0.000   2.246 0.000   3.695 0.559 0.022 0.559  0.464 0.559
179.25 180.25  309.90 0.559 99.99 0.559259 9.999 0.559259 99.99 0.559259 0.147 0.559  0.565 0.000  0.791 0.000  17.760 0.000   7.269 0.000  10.491 0.559 0.108 0.559  0.698 0.559
182.25 183.25  146.02 0.559  0.09 0.559000 9.999 0.559259 99.99 0.559259 0.067 0.559  0.645 0.000  0.903 0.000  11.614 0.000   4.406 0.000   7.208 0.559 0.073 0.559  0.688 0.559
186.25 187.25  687.19 0.559  0.66 0.559000 9.999 0.559259 99.99 0.559259 0.204 0.699  0.871 0.000  1.220 0.000  35.318 0.000  15.309 0.000  20.008 0.559 0.284 0.559  1.188 0.699
189.25 190.25  152.95 0.559  0.23 0.559000 9.999 0.559259 99.99 0.559259 0.096 0.559  0.663 0.000  0.929 0.000  15.794 0.000   5.759 0.000  10.035 0.559 0.069 0.559  1.161 0.559
193.25 194.25  114.73 0.559 99.99 0.559259 9.999 0.559259 99.99 0.559259 0.097 0.699  0.589 0.000  0.825 0.000  13.768 0.000   6.790 0.000   6.979 0.559 0.050 0.559  0.646 0.699
196.25 197.25  206.35 0.559 99.99 0.559259 9.999 0.559259 99.99 0.559259 0.096 0.699  0.601 0.000  0.842 0.000  16.378 0.000   7.416 0.000   8.962 0.559 0.072 0.559  0.689 0.699
200.25 201.25  103.51 0.000  0.33 0.000000 9.999 0.259000 99.99 0.259000 0.070 0.559  1.080 0.000  1.512 0.000  12.173 0.000   4.938 0.000   7.235 0.000 0.051 0.000  0.818 0.559
203.25 204.25  292.55 0.559 99.99 0.559259 9.999 0.559259 99.99 0.559259 0.098 0.559  1.162 0.000  1.627 0.000  12.909 0.000   3.059 0.000   9.849 0.559 0.131 0.559  0.643 0.559
207.25 208.25   90.14 0.559 99.99 0.559259 9.999 0.559259 99.99 0.559259 0.064 0.559  1.051 0.000  1.472 0.000  16.998 0.000   9.754 0.000   7.244 0.559 0.074 0.559  0.620 0.559
210.25 211.25  283.34 0.559 99.99 0.559259 9.999 0.559259 99.99 0.559259 0.111 0.559  0.660 0.000  0.924 0.000  20.349 0.000  10.525 0.000   9.824 0.559 0.140 0.559  0.619 0.559
214.25 215.25   76.69 0.559  0.19 0.559000 9.999 0.559259 99.99 0.559259 0.050 0.559  0.324 0.000  0.454 0.000   7.306 0.000   2.974 0.000   4.332 0.559 0.044 0.559  0.467 0.559
217.25 218.25  226.28 0.559 99.99 0.559259 9.999 0.559259 99.99 0.559259 0.125 0.559  0.534 0.000  0.748 0.000  14.451 0.000   6.275 0.000   8.176 0.559 0.096 0.559  0.591 0.559
221.25 222.25   83.61 0.559 99.99 0.559259 9.999 0.559259 99.99 0.559259 0.083 0.559  0.423 0.000  0.593 0.000  11.414 0.000   7.234 0.000   4.181 0.559 0.047 0.559  0.286 0.559
224.25 225.25  183.52 0.559 99.99 0.559259 9.999 0.559259 99.99 0.559259 0.107 0.559  0.614 0.000  0.859 0.000  13.689 0.000   5.795 0.000   7.895 0.559 0.079 0.559  0.600 0.559
228.25 229.25   49.80 0.559  0.15 0.559000 9.999 0.559259 99.99 0.559259 0.052 0.699  0.332 0.000  0.465 0.000   5.339 0.000   1.563 0.000   3.776 0.559 0.032 0.559  0.479 0.699
231.25 232.25  338.62 0.559 99.99 0.559259 9.999 0.559259 99.99 0.559259 0.155 0.559  1.247 0.000  1.746 0.000  21.767 0.000   8.095 0.000  13.672 0.559 0.171 0.559  0.881 0.559
234.25 235.25 9999.99 0.999 99.99 0.999000 9.999 0.999000 99.99 0.999000 9.999 0.999 99.999 0.999 99.999 0.999 999.999 0.999 999.999 0.999 999.999 0.999 9.999 0.999 99.999 0.999
237.25 238.25 9999.99 0.999 99.99 0.999000 9.999 0.999000 99.99 0.999000 9.999 0.999 99.999 0.999 99.999 0.999 999.999 0.999 999.999 0.999 999.999 0.999 9.999 0.999 99.999 0.999
240.25 241.25 9999.99 0.999 99.99 0.999000 9.999 0.999000 99.99 0.999000 9.999 0.999 99.999 0.999 99.999 0.999 999.999 0.999 999.999 0.999 999.999 0.999 9.999 0.999 99.999 0.999
243.25 244.25   29.07 0.000 99.99 0.259000 9.999 0.259000 99.99 0.259000 0.046 0.000  0.589 0.000  0.824 0.000   9.367 0.000   5.353 0.000   4.014 0.000 0.023 0.000  0.400 0.000
246.25 247.25   42.22 0.000  0.27 0.000000 9.999 0.259000 99.99 0.259000 0.034 0.000  0.749 0.000  1.048 0.000  10.156 0.000   4.040 0.000   6.116 0.000 0.035 0.000  0.837 0.000
249.25 250.25   66.73 0.559  0.78 0.559000 9.999 0.559259 99.99 0.559259 0.032 0.000  1.821 0.000  2.550 0.000  20.131 0.000   6.857 0.000  13.273 0.559 0.073 0.559  1.713 0.000
252.25 253.25   27.69 0.559  0.48 0.559000 9.999 0.559259 99.99 0.559259 0.025 0.000  1.101 0.000  1.541 0.000  15.060 0.000   4.709 0.000  10.351 0.559 0.036 0.559  1.707 0.000
255.25 256.25 9999.99 0.456 99.99 0.456000 9.999 0.456000 99.99 0.456000 9.999 0.456 99.999 0.999 99.999 0.999 999.999 0.456 999.999 0.999 999.999 0.456 9.999 0.456 99.999 0.456
258.25 259.25 9999.99 0.456 99.99 0.456000 9.999 0.456000 99.99 0.456000 9.999 0.456 99.999 0.999 99.999 0.999 999.999 0.456 999.999 0.999 999.999 0.456 9.999 0.456 99.999 0.456
261.25 262.25 9999.99 0.456 99.99 0.456000 9.999 0.456000 99.99 0.456000 9.999 0.456 99.999 0.999 99.999 0.999 999.999 0.456 999.999 0.999 999.999 0.456 9.999 0.456 99.999 0.456
264.25 265.25  156.47 0.000  0.35 0.000000 9.999 0.259000 99.99 0.259000 0.054 0.000  1.125 0.000  1.574 0.000  38.154 0.000  28.810 0.000   9.345 0.000 0.143 0.000  0.855 0.000
267.25 268.25   27.36 0.000  0.90 0.000000 9.999 0.259000 99.99 0.259000 0.044 0.000  0.839 0.000  1.174 0.000  12.274 0.000   4.689 0.000   7.585 0.000 0.030 0.000  1.179 0.000
270.25 271.25   24.52 0.000  0.34 0.000000 9.999 0.259000 99.99 0.259000 0.018 0.000  0.569 0.000  0.796 0.000   7.778 0.000   4.321 0.000   3.457 0.000 0.023 0.000  0.501 0.000
273.25 274.25   19.85 0.000  0.72 0.000000 9.999 0.259000 99.99 0.259000 0.020 0.000  0.994 0.000  1.391 0.000   8.929 0.000   3.136 0.000   5.792 0.000 0.048 0.000  0.767 0.000
276.25 277.25   34.58 0.000  0.99 0.000000 9.999 0.259000 99.99 0.259000 0.026 0.000  0.774 0.000  1.083 0.000  11.287 0.000   6.168 0.000   5.119 0.000 0.040 0.000  0.812 0.000
279.25 280.25   66.46 0.000  0.47 0.000000 9.999 0.259000  1.55 0.000000 0.087 0.000  0.844 0.000  1.181 0.000  20.711 0.000  14.337 0.000   6.374 0.000 0.060 0.000  0.737 0.000
282.25 283.25   10.58 0.000  0.42 0.000000 9.999 0.259000 99.99 0.259000 0.077 0.000  0.212 0.000  0.297 0.000   1.307 0.000   0.404 0.000   0.903 0.000 0.017 0.000  0.152 0.000
285.25 286.25    8.47 0.000  0.24 0.000000 9.999 0.259000 99.99 0.259000 0.153 0.000  0.560 0.000  0.784 0.000   7.104 0.000   1.195 0.000   5.909 0.000 0.011 0.000  1.129 0.000
288.25 289.25   10.41 0.000  0.28 0.000000 9.999 0.259000 99.99 0.259000 0.122 0.000  0.431 0.000  0.603 0.000   3.980 0.000   1.196 0.000   2.784 0.000 0.014 0.000  0.491 0.000
291.25 292.25 9999.99 0.999 99.99 0.999000 9.999 0.999000 99.99 0.999000 9.999 0.999 99.999 0.999 99.999 0.999 999.999 0.999 999.999 0.999 999.999 0.999 9.999 0.999 99.999 0.999
294.25 295.25    5.38 0.000  0.16 0.000000 9.999 0.259000 99.99 0.259000 0.020 0.000  0.246 0.000  0.345 0.000   1.797 0.000   0.489 0.000   1.308 0.000 0.012 0.000  0.217 0.000
297.25 298.25   12.35 0.000  0.70 0.000000 9.999 0.259000 99.99 0.259000 0.037 0.000  0.422 0.000  0.590 0.000   8.019 0.000   1.365 0.000   6.654 0.000 0.019 0.000  1.363 0.000
