scripts/IMPROVE-2019_partial/data/US4504R.20060102060000.20191216000000.filterpack..pm25.52w.1w.US03L_filterpack_US4504.US03L_IMPROVE_Davis.lev2.nas
64 1001
MISSING INFORMATION
US03L, IMPROVE, , , , , , , 
MISSING INFORMATION
IMPROVE sel_HTAP
1 1
2006 01 01 2019 12 16
3.00
days from file reference point
25
1 1 1 1 1 1 1 1 1 1 1 1 1 1 1 1 1 1 1 1 1 1 1 1 1
999.99 9999.99 9.999 99.99 9.999 9.999 9.999999 99.99 9.999999 9.999 9.999999 99.999 9.999 99.999 9.999 999.999 9.999 999.999 9.999 999.999 9.999 9.999 9.999 99.999 9.999999
end_time of measurement, days from the file reference point
iron, ng/m3, Revision date=20181210133000
numflag iron, no unit, Revision date=20181210133000
lead, ng/m3, Revision date=20181210133000
numflag lead, no unit, Revision date=20181210133000
magnesium, ug/m3, Revision date=20181210133000
numflag magnesium, no unit, Revision date=20181210133000
nickel, ng/m3, Revision date=20181210133000
numflag nickel, no unit, Revision date=20181210133000
nitrate, ug N/m3, Revision date=20181210133000
numflag nitrate, no unit, Revision date=20181210133000
organic_carbon, ug C/m3, Revision date=20181210133000
numflag organic_carbon, no unit, Revision date=20181210133000
organic_mass, ug/m3, Revision date=20181210133000
numflag organic_mass, no unit, Revision date=20181210133000
pm10_mass, ug/m3, Version=2, Version description=Data extracted from http://views.cira.colostate.edu/fed/DataWizard 2019-12-16, Sample duration=1d, Orig. time res.=3d, Matrix=pm10, Blank correction=Blank corrected, Volume std. temperature=ambient, Volume std. pressure=ambient
numflag pm10_mass, no unit, Version=2, Version description=Data extracted from http://views.cira.colostate.edu/fed/DataWizard 2019-12-16, Sample duration=1d, Orig. time res.=3d, Matrix=pm10, Blank correction=Blank corrected, Volume std. temperature=ambient, Volume std. pressure=ambient
pm10_pm25_mass, ug/m3, Revision date=20181210133000, Matrix=pm10_pm25
numflag pm10_pm25_mass, no unit, Revision date=20181210133000, Matrix=pm10_pm25
pm25_mass, ug/m3, Version=2, Version description=Data extracted from http://views.cira.colostate.edu/fed/DataWizard 2019-12-16, Sample duration=1d, Orig. time res.=3d, Blank correction=Blank corrected, Volume std. temperature=ambient, Volume std. pressure=ambient
numflag pm25_mass, no unit, Version=2, Version description=Data extracted from http://views.cira.colostate.edu/fed/DataWizard 2019-12-16, Sample duration=1d, Orig. time res.=3d, Blank correction=Blank corrected, Volume std. temperature=ambient, Volume std. pressure=ambient
potassium, ug/m3, Revision date=20181210133000
numflag potassium, no unit, Revision date=20181210133000
sulphate_total, ug S/m3, Revision date=20181210133000
numflag sulphate_total, no unit, Revision date=20181210133000
0
25
Data definition:              EBAS_1.1
Set type code:                TU
Timezone:                     UTC
File name:                    US4504R.20060102060000.20191216000000.filterpack..pm25.52w.1w.US03L_filterpack_US4504.US03L_IMPROVE_Davis.lev2.nas
File creation:                20191218120442
Startdate:                    20060102060000
Revision date:                20191216000000
Statistics:                   arithmetic mean
Data level:                   2
Period code:                  52w
Resolution code:              1w
Station code:                 US4504R
Platform code:                US4504S
Station name:                 Big Bend National Park-K-Bar (TX04)
Station latitude:             29.3022
Station longitude:            -103.1772
Station altitude:             1056.0 m
Regime:                       IMG
Component:                    
Matrix:                       pm25
Laboratory code:              US03L
Instrument type:              filterpack
Instrument name:              filterpack_US4504
Method ref:                   US03L_IMPROVE_Davis
starttime endtime Fe flag_Fe Pb flag_Pb Mg++ flag_Mg++ Ni flag_Ni NO3- flag_NO3- OC flag_OC OM flag_OM PM10 flag_PM10 PM10-PM2.5 flag_PM10-PM2.5 PM2.5 flag_PM2.5 K+ flag_K+ SO4-- flag_SO4--
[from data line 89]
268.25 269.25   10.72 0.559  0.32 0.559 9.999 0.559259 99.99 0.559259 0.009 0.000000  0.308 0.000  0.555 0.000   7.360 0.000   3.070 0.559   4.290 0.659 0.010 0.559  0.539 0.000000
271.25 272.25   18.48 0.000  0.68 0.000 9.999 0.259000  0.13 0.000000 0.016 0.000000 99.999 0.999 99.999 0.999   9.656 0.000   5.374 0.000   4.282 0.000 0.025 0.000  0.477 0.000000
274.25 275.25   17.80 0.559  1.51 0.559 9.999 0.559259  0.39 0.559000 0.018 0.000000 99.999 0.999 99.999 0.999   7.580 0.000   2.424 0.559   5.156 0.659 0.024 0.559  0.759 0.000000
277.25 278.25    9.31 0.559  0.50 0.559 0.016 0.559000  0.11 0.559000 0.048 0.000000  0.321 0.000  0.577 0.000   7.643 0.000   3.758 0.559   3.885 0.659 0.015 0.559  0.528 0.000000
280.25 281.25   26.29 0.000  1.16 0.000 0.021 0.000000  0.30 0.000000 9.999 0.999000 99.999 0.999 99.999 0.999  15.876 0.000   4.395 0.000  11.481 0.000 0.048 0.000 99.999 0.999000
283.25 284.25    8.55 0.000  0.30 0.000 9.999 0.259000  0.32 0.000000 0.014 0.000000  0.456 0.000  0.821 0.000   4.876 0.000   1.158 0.000   3.718 0.000 0.010 0.000  0.442 0.000000
286.25 287.25   12.63 0.000  0.65 0.000 0.024 0.000000  0.26 0.000000 0.034 0.394000  0.644 0.559  1.158 0.559  10.209 0.000   2.127 0.000   8.082 0.000 0.020 0.000  1.366 0.394000
289.25 290.25   23.18 0.000  0.40 0.000 0.014 0.000000  0.61 0.000000 9.999 0.999000 99.999 0.999 99.999 0.999   4.596 0.000   2.780 0.000   1.816 0.000 0.015 0.000 99.999 0.999000
292.25 293.25   15.56 0.000  0.62 0.000 9.999 0.259000 99.99 0.259000 9.999 0.999000  0.407 0.559  0.732 0.559   6.808 0.000   3.662 0.000   3.147 0.000 0.015 0.000 99.999 0.999000
295.25 296.25   11.91 0.559  0.71 0.559 9.999 0.559259 99.99 0.559259 0.013 0.000000 99.999 0.999 99.999 0.999   6.187 0.000   3.385 0.559   2.802 0.659 0.014 0.559  0.345 0.000000
298.25 299.25   19.91 0.559  0.46 0.559 9.999 0.559259  0.22 0.559000 0.006 0.000000  0.443 0.559  0.798 0.559   3.040 0.000   0.482 0.559   2.558 0.659 0.012 0.559  0.178 0.000000
301.25 302.25   10.80 0.559  0.61 0.559 0.007 0.559000 99.99 0.559259 0.004 0.000000  0.161 0.559  0.289 0.559   3.295 0.000   1.460 0.559   1.834 0.659 0.010 0.559  0.147 0.000000
304.25 305.25   43.97 0.000  1.01 0.000 9.999 0.259000  0.21 0.000000 0.026 0.000000 99.999 0.999 99.999 0.999  15.150 0.000   8.799 0.000   6.351 0.000 0.073 0.000  0.687 0.000000
307.25 308.25   26.87 0.559  1.38 0.559 9.999 0.559259  0.15 0.559000 0.023 0.000000 99.999 0.999 99.999 0.999   8.988 0.000   2.798 0.559   6.190 0.659 0.037 0.559  0.818 0.000000
310.25 311.25   23.80 0.000  0.78 0.000 9.999 0.259000 99.99 0.259000 0.014 0.000000  0.417 0.559  0.751 0.559   5.726 0.000   2.773 0.000   2.954 0.000 0.023 0.000  0.294 0.000000
313.25 314.25   25.00 0.000  0.78 0.000 9.999 0.259000  0.27 0.000000 0.011 0.000000  0.324 0.000  0.583 0.000   7.998 0.000   5.513 0.000   2.484 0.000 0.027 0.000  0.193 0.000000
316.25 317.25   29.94 0.000  0.99 0.000 0.007 0.000000  0.22 0.000000 0.017 0.000000  0.356 0.000  0.642 0.000   9.991 0.000   6.322 0.000   3.669 0.000 0.028 0.000  0.387 0.000000
319.25 320.25   45.22 0.000  0.26 0.000 9.999 0.259000 99.99 0.259000 0.009 0.000000 99.999 0.999 99.999 0.999   8.758 0.000   6.465 0.000   2.293 0.000 0.029 0.000  0.102 0.000000
322.25 323.25   88.15 0.000  2.01 0.000 9.999 0.259000  0.22 0.000000 0.049 0.000000 99.999 0.999 99.999 0.999  21.659 0.000  13.866 0.000   7.793 0.000 0.083 0.000  0.906 0.000000
325.25 326.25   51.88 0.000  2.39 0.000 9.999 0.259000  0.38 0.000000 0.030 0.000000 99.999 0.999 99.999 0.999  11.848 0.000   5.251 0.000   6.597 0.000 0.057 0.000  0.749 0.000000
328.25 329.25   44.25 0.000  2.81 0.000 9.999 0.259000  0.47 0.000000 0.033 0.000000 99.999 0.999 99.999 0.999  12.062 0.000   7.060 0.000   5.002 0.000 0.044 0.000  0.516 0.000000
331.25 332.25   20.14 0.000  1.30 0.000 9.999 0.259000  0.60 0.000000 0.016 0.000000 99.999 0.999 99.999 0.999   8.386 0.000   4.273 0.000   4.113 0.000 0.030 0.000  0.525 0.000000
334.25 335.25   14.96 0.559  0.29 0.559 0.006 0.559000 99.99 0.559259 0.011 0.000000 99.999 0.999 99.999 0.999   3.648 0.000   2.154 0.559   1.494 0.659 0.014 0.559  0.087 0.000000
337.25 338.25   14.92 0.559  1.55 0.559 9.999 0.559259  0.16 0.559000 0.233 0.000000  1.222 0.000  2.199 0.000   9.966 0.000   4.701 0.559   5.266 0.659 0.035 0.559  0.542 0.000000
340.25 341.25   32.25 0.000  1.67 0.000 9.999 0.259000  0.12 0.000000 0.274 0.000000  1.324 0.000  2.383 0.000  15.713 0.000   9.508 0.000   6.205 0.000 0.046 0.000  0.524 0.000000
343.25 344.25    4.90 0.000  0.53 0.000 9.999 0.259000 99.99 0.259000 0.038 0.000000  1.397 0.000  2.515 0.000   4.853 0.000   0.875 0.000   3.978 0.000 0.008 0.000  0.335 0.000000
346.25 347.25   30.77 0.559  0.80 0.559 9.999 0.559259  0.16 0.559000 0.025 0.000000  0.360 0.000  0.649 0.000   5.457 0.000   3.741 0.559   1.716 0.659 0.025 0.559  0.086 0.000000
349.25 350.25   27.79 0.000  3.06 0.000 9.999 0.259000  0.47 0.000000 0.021 0.000000  0.905 0.000  1.629 0.000   7.904 0.000   3.335 0.000   4.569 0.000 0.041 0.000  0.496 0.000000
352.25 353.25   24.36 0.000  2.74 0.000 0.011 0.000000  0.81 0.000000 0.093 0.000000  1.050 0.000  1.890 0.000  14.307 0.000   3.377 0.000  10.930 0.000 0.049 0.000  1.946 0.000000
355.25 356.25    8.95 0.000  0.40 0.000 9.999 0.259000  0.10 0.000000 0.012 0.000000  0.219 0.000  0.394 0.000   3.396 0.000   1.747 0.000   1.650 0.000 0.015 0.000  0.198 0.000000
358.25 359.25   10.63 0.559  0.21 0.559 9.999 0.559259 99.99 0.559259 0.070 0.000000  0.373 0.000  0.671 0.000   5.971 0.000   4.166 0.559   1.805 0.659 0.009 0.559  0.203 0.000000
361.25 362.25   29.21 0.000  0.92 0.000 9.999 0.259000  0.20 0.000000 0.010 0.000000  0.493 0.000  0.888 0.000  18.057 0.000  15.696 0.000   2.361 0.000 0.033 0.000  0.091 0.000000
364.25 365.25    7.47 0.559  1.00 0.559 9.999 0.559259  0.15 0.559000 0.013 0.000000  0.542 0.000  0.975 0.000   3.442 0.000   1.114 0.559   2.328 0.659 0.010 0.559  0.225 0.000000
