scripts/IMPROVE-2019_partial/data/US4504R.19920101060000.20191216000000.filterpack...1y.3d.US03L_filterpack_US4504.US03L_IMPROVE_Davis.lev2.nas
52 1001
MISSING INFORMATION
US03L, IMPROVE, , , , , , , 
MISSING INFORMATION
IMPROVE sel_HTAP
1 1
1992 01 01 2019 12 16
0
days from file reference point
5
1 1 1 1 1
999.99 999.999 9.999 999.999 9.999
end_time of measurement, days from the file reference point
pm10_mass, ug/m3, Matrix=pm10
numflag pm10_mass, no unit, Matrix=pm10
pm25_mass, ug/m3, Matrix=pm25
numflag pm25_mass, no unit, Matrix=pm25
0
33
Data definition:              EBAS_1.1
Set type code:                TI
Timezone:                     UTC
File name:                    US4504R.19920101060000.20191216000000.filterpack...1y.3d.US03L_filterpack_US4504.US03L_IMPROVE_Davis.lev2.nas
File creation:                20191218120440
Startdate:                    19920101060000
Revision date:                20191216000000
Version:                      2
Version description:          "Data extracted from http://views.cira.colostate.edu/fed/DataWizard 2019-12-16"
Statistics:                   arithmetic mean
Data level:                   2
Period code:                  1y
Resolution code:              3d
Sample duration:              1d
Orig. time res.:              3d
Station code:                 US4504R
Platform code:                US4504S
Station name:                 Big Bend National Park-K-Bar (TX04)
Station latitude:             29.3022
Station longitude:            -103.1772
Station altitude:             1056.0 m
Regime:                       IMG
Component:                    
Unit:                         ug/m3
Matrix:                       
Laboratory code:              US03L
Instrument type:              filterpack
Instrument name:              filterpack_US4504
Method ref:                   US03L_IMPROVE_Davis
Blank correction:             Blank corrected
Volume std. temperature:      ambient
Volume std. pressure:         ambient
starttime endtime PM10 flag_PM10 PM2.5 flag_PM2.5
  0.25   1.25  14.657 0.000   5.463 0.559
  3.25   4.25   6.481 0.000   3.802 0.559
  7.25   8.25   5.667 0.000   1.629 0.559
 10.25  11.25   9.667 0.000   2.427 0.559
 14.25  15.25   8.659 0.000   3.344 0.559
 17.25  18.25   5.801 0.000   2.952 0.559
 21.25  22.25   5.133 0.000   2.825 0.559
 24.25  25.25   9.963 0.000   3.826 0.559
 28.25  29.25   7.232 0.000   1.851 0.559
 31.25  32.25 999.999 0.999   2.091 0.559
 35.25  36.25   6.236 0.000   1.715 0.559
 38.25  39.25   4.652 0.000   2.136 0.559
 42.25  43.25  13.934 0.000   7.412 0.559
 45.25  46.25  17.046 0.000   0.643 0.559
 49.25  50.25  10.894 0.000   1.871 0.559
 52.25  53.25  13.373 0.000   5.935 0.559
 56.25  57.25   6.320 0.000   2.293 0.559
 59.25  60.25   5.536 0.000   1.987 0.000
 63.25  64.25   2.528 0.000   1.396 0.000
 66.25  67.25  15.145 0.000   5.493 0.000
 70.25  71.25  13.114 0.000   2.669 0.000
 73.25  74.25   8.736 0.000   2.588 0.000
 77.25  78.25   8.719 0.000   3.981 0.000
 80.25  81.25   9.860 0.000   4.682 0.000
 84.25  85.25   8.219 0.000   1.975 0.000
 87.25  88.25   6.370 0.000   1.352 0.000
 91.25  92.25  12.022 0.000   6.413 0.000
 94.25  95.25  12.171 0.000   2.925 0.000
 98.25  99.25  18.828 0.000   5.778 0.000
101.25 102.25  21.637 0.000   4.127 0.000
105.25 106.25   8.582 0.000   4.381 0.000
108.25 109.25   7.742 0.000   3.587 0.000
112.25 113.25  13.345 0.000   5.723 0.000
115.25 116.25  15.072 0.000   7.562 0.000
119.25 120.25  12.115 0.000   5.841 0.000
122.25 123.25  16.823 0.000   6.530 0.000
126.25 127.25  12.797 0.000   8.785 0.000
129.25 130.25   7.609 0.000   4.198 0.000
133.25 134.25  17.321 0.000   7.410 0.000
136.25 137.25  11.513 0.000   5.950 0.000
140.25 141.25  12.364 0.000   3.364 0.000
143.25 144.25 999.999 0.999 999.999 0.999
147.25 148.25   8.667 0.000   4.759 0.000
150.25 151.25   5.053 0.000   3.788 0.000
154.25 155.25  10.785 0.000   3.804 0.000
157.25 158.25  10.271 0.000   4.727 0.000
161.25 162.25   7.295 0.000   4.164 0.000
164.25 165.25  17.123 0.000   8.679 0.000
168.25 169.25  13.165 0.000   6.991 0.000
171.25 172.25  13.939 0.000   5.719 0.000
175.25 176.25  16.096 0.000   6.515 0.000
178.25 179.25  17.852 0.000   8.584 0.000
182.25 183.25  18.803 0.000   8.677 0.000
185.25 186.25  15.035 0.000   6.012 0.000
189.25 190.25  45.360 0.000 999.999 0.999
192.25 193.25  21.424 0.000  11.115 0.000
196.25 197.25 999.999 0.999   4.136 0.000
199.25 200.25  13.904 0.000   5.719 0.000
203.25 204.25   8.972 0.000   5.213 0.000
206.25 207.25  17.222 0.000   8.712 0.000
210.25 211.25  12.060 0.000   6.211 0.000
213.25 214.25  10.915 0.000   5.497 0.000
217.25 218.25  19.149 0.000  10.404 0.000
220.25 221.25  54.161 0.000   5.667 0.000
224.25 225.25   8.800 0.000   5.662 0.000
227.25 228.25  20.758 0.000 999.999 0.999
231.25 232.25  20.777 0.000  13.712 0.000
234.25 235.25  15.870 0.000  10.305 0.000
238.25 239.25   8.720 0.000   4.492 0.000
241.25 242.25   7.627 0.000   4.892 0.000
245.25 246.25   7.649 0.000   4.411 0.000
248.25 249.25  10.580 0.000   4.671 0.000
252.25 253.25  13.665 0.000   6.563 0.000
255.25 256.25   8.807 0.000   3.508 0.000
259.25 260.25  12.133 0.000   4.012 0.000
262.25 263.25  14.929 0.000   7.901 0.000
266.25 267.25  10.651 0.000   5.925 0.000
269.25 270.25  16.407 0.000   7.304 0.000
273.25 274.25   7.577 0.000   3.437 0.000
276.25 277.25 999.999 0.999 999.999 0.999
280.25 281.25  29.038 0.000  10.498 0.000
283.25 284.25  16.711 0.000   6.386 0.000
287.25 288.25  19.424 0.000   6.358 0.000
290.25 291.25  25.892 0.000  10.342 0.000
294.25 295.25  12.057 0.000   7.040 0.000
297.25 298.25  13.346 0.000   6.006 0.000
301.25 302.25  12.096 0.000   4.796 0.000
304.25 305.25   5.797 0.000   1.815 0.000
308.25 309.25   6.255 0.000   2.239 0.000
311.25 312.25  20.667 0.000   4.599 0.000
315.25 316.25   6.596 0.000   2.226 0.000
318.25 319.25   9.460 0.000   5.268 0.000
322.25 323.25   6.491 0.000   4.268 0.000
325.25 326.25  11.285 0.000   2.019 0.000
329.25 330.25   4.982 0.000   2.848 0.000
332.25 333.25   6.021 0.000   2.368 0.000
336.25 337.25   8.844 0.000   3.292 0.000
339.25 340.25  15.121 0.000   5.279 0.000
343.25 344.25   2.807 0.000   0.833 0.000
346.25 347.25   8.683 0.000   5.833 0.000
350.25 351.25   4.824 0.000   2.934 0.000
353.25 354.25   5.687 0.000   2.257 0.000
357.25 358.25   8.927 0.000   4.877 0.000
360.25 361.25  16.762 0.000   2.927 0.000
364.25 365.25  11.423 0.000   9.120 0.000
