scripts/IMPROVE-2019_partial/data/US4699R.19940101070000.20191216000000.filterpack...1y.3d.US03L_filterpack_US4699.US03L_IMPROVE_Davis.lev2.nas
51 1001
MISSING INFORMATION
US03L, IMPROVE, , , , , , , 
MISSING INFORMATION
IMPROVE sel_HTAP
1 1
1994 01 01 2019 12 16
0
days from file reference point
4
1 1 1 1
999.999999 999.999 99.999 9.999
end_time of measurement, days from the file reference point
pm10_mass, ug/m3, Matrix=pm10
pm25_mass, ug/m3, Matrix=pm25
numflag, no unit
0
33
Data definition:              EBAS_1.1
Set type code:                TI
Timezone:                     UTC
File name:                    US4699R.19940101070000.20191216000000.filterpack...1y.3d.US03L_filterpack_US4699.US03L_IMPROVE_Davis.lev2.nas
File creation:                20191218120447
Startdate:                    19940101070000
Revision date:                20191216000000
Version:                      2
Version description:          "Data extracted from http://views.cira.colostate.edu/fed/DataWizard 2019-12-16"
Statistics:                   arithmetic mean
Data level:                   2
Period code:                  1y
Resolution code:              3d
Sample duration:              1d
Orig. time res.:              3d
Station code:                 US4699R
Platform code:                US4699S
Station name:                 Bryce Canyon National Park-Repeater Hill (UT99)
Station latitude:             37.6186
Station longitude:            -112.1728
Station altitude:             2477.0 m
Regime:                       IMG
Component:                    
Unit:                         ug/m3
Matrix:                       
Laboratory code:              US03L
Instrument type:              filterpack
Instrument name:              filterpack_US4699
Method ref:                   US03L_IMPROVE_Davis
Blank correction:             Blank corrected
Volume std. temperature:      ambient
Volume std. pressure:         ambient
starttime endtime PM10 PM2.5 flag
  0.291667   1.291667   5.169 99.999 0.000
  4.291667   5.291667   2.678 99.999 0.000
  7.291667   8.291667   3.808  0.400 0.000
 11.291667  12.291667   1.847  1.503 0.000
 14.291667  15.291667   1.762  0.793 0.000
 18.291667  19.291667   2.672 99.999 0.000
 21.291667  22.291667   6.535  1.584 0.000
 25.291667  26.291667 999.999  1.873 0.000
 28.291667  29.291667   5.728  3.778 0.000
 32.291667  33.291667   1.644  1.051 0.000
 35.291667  36.291667   2.085 99.999 0.000
 39.291667  40.291667   3.100 99.999 0.000
 42.291667  43.291667   8.591  1.429 0.000
 46.291667  47.291667   5.517  3.229 0.000
 49.291667  50.291667   1.036  0.561 0.000
 53.291667  54.291667   3.347  1.315 0.000
 56.291667  57.291667   3.291  1.254 0.000
 60.291667  61.291667   6.976 99.999 0.000
 63.291667  64.291667  10.209  3.567 0.000
 67.291667  68.291667   2.346  1.552 0.000
 70.291667  71.291667   6.250  4.332 0.000
 74.291667  75.291667   5.020  4.482 0.000
 77.291667  78.291667   4.108  2.012 0.000
 81.291667  82.291667  13.240  3.623 0.000
 84.291667  85.291667   6.040  3.204 0.000
 88.291667  89.291667   7.377  2.256 0.000
 91.291667  92.291667   5.230  2.012 0.000
 95.291667  96.291667   5.725  3.656 0.000
 98.291667  99.291667   3.374  1.128 0.000
102.291667 103.291667   4.179  3.284 0.000
105.291667 106.291667  16.502  9.224 0.000
109.291667 110.291667  11.111  6.646 0.000
112.291667 113.291667  15.470  6.435 0.000
116.291667 117.291667   4.483  2.468 0.000
119.291667 120.291667  10.925  4.427 0.000
123.291667 124.291667  14.574  7.187 0.000
126.291667 127.291667   7.905  2.997 0.000
130.291667 131.291667   8.142  4.562 0.000
133.291667 134.291667  11.290  6.198 0.000
137.291667 138.291667   9.234  3.964 0.000
140.291667 141.291667  11.172  4.179 0.000
144.291667 145.291667   4.050  2.870 0.000
147.291667 148.291667  11.405  4.588 0.000
151.291667 152.291667   6.154  3.922 0.000
154.291667 155.291667   9.692  4.819 0.000
158.291667 159.291667   7.528  2.933 0.000
161.291667 162.291667   9.410  4.320 0.000
165.291667 166.291667 999.999 99.999 0.999
168.291667 169.291667  10.791  3.263 0.000
172.291667 173.291667   5.606  4.431 0.000
175.291667 176.291667   6.255  4.454 0.000
179.291667 180.291667   8.777  5.161 0.000
182.291667 183.291667  12.590  5.444 0.000
186.291667 187.291667  11.231  8.168 0.000
189.291667 190.291667  22.721  4.212 0.000
193.291667 194.291667  18.032  7.781 0.000
196.291667 197.291667  14.378  4.596 0.000
200.291667 201.291667   8.333  5.684 0.000
203.291667 204.291667   7.689  5.046 0.000
207.291667 208.291667   6.117  4.018 0.000
210.291667 211.291667   7.106  4.852 0.000
214.291667 215.291667   5.172  3.448 0.000
217.291667 218.291667   9.457  4.722 0.000
221.291667 222.291667   6.105  5.879 0.000
224.291667 225.291667   5.693  3.212 0.000
228.291667 229.291667  13.521  6.280 0.000
231.291667 232.291667  18.016  5.806 0.000
235.291667 236.291667   5.465  3.112 0.000
238.291667 239.291667   5.651  3.142 0.000
242.291667 243.291667   5.267  3.176 0.000
245.291667 246.291667   7.584  3.818 0.000
249.291667 250.291667   5.777  3.537 0.000
252.291667 253.291667   9.606  4.069 0.000
256.291667 257.291667   9.633  4.204 0.000
259.291667 260.291667   8.506  3.365 0.000
263.291667 264.291667   5.476  3.484 0.000
266.291667 267.291667   9.167  3.645 0.000
270.291667 271.291667  10.357  5.929 0.000
273.291667 274.291667   3.320 99.999 0.000
277.291667 278.291667   5.083  1.768 0.000
280.291667 281.291667   8.017  5.633 0.000
284.291667 285.291667  12.060  5.625 0.000
287.291667 288.291667   4.652  1.645 0.000
291.291667 292.291667   3.319  2.444 0.000
294.291667 295.291667   5.042  2.300 0.000
298.291667 299.291667   5.228  3.622 0.000
301.291667 302.291667  10.408  4.679 0.000
305.291667 306.291667  10.529  3.700 0.000
308.291667 309.291667   2.555 99.999 0.000
312.291667 313.291667   7.222  4.290 0.000
315.291667 316.291667   1.713  0.940 0.000
319.291667 320.291667   4.267  2.525 0.000
322.291667 323.291667   5.778  4.377 0.000
326.291667 327.291667   1.518  1.176 0.000
329.291667 330.291667   2.634  1.217 0.000
333.291667 334.291667  11.226  0.888 0.000
336.291667 337.291667   6.837  1.776 0.000
340.291667 341.291667   9.458  1.399 0.000
343.291667 344.291667   7.833  0.862 0.000
347.291667 348.291667   0.559  0.554 0.000
350.291667 351.291667   1.154  0.862 0.000
354.291667 355.291667   3.218  1.019 0.000
357.291667 358.291667 999.999  2.315 0.000
361.291667 362.291667   3.507  2.799 0.000
364.291667 365.291667   2.610  2.281 0.000
