scripts/IMPROVE-2019_partial/data/US4699R.19910102070000.20191216000000.filterpack...1y.3d.US03L_filterpack_US4699.US03L_IMPROVE_Davis.lev2.nas
52 1001
MISSING INFORMATION
US03L, IMPROVE, , , , , , , 
MISSING INFORMATION
IMPROVE sel_HTAP
1 1
1991 01 01 2019 12 16
0
days from file reference point
5
1 1 1 1 1
999.999999 999.999 9.999 99.999 9.999999
end_time of measurement, days from the file reference point
pm10_mass, ug/m3, Matrix=pm10
numflag pm10_mass, no unit, Matrix=pm10
pm25_mass, ug/m3, Matrix=pm25
numflag pm25_mass, no unit, Matrix=pm25
0
33
Data definition:              EBAS_1.1
Set type code:                TI
Timezone:                     UTC
File name:                    US4699R.19910102070000.20191216000000.filterpack...1y.3d.US03L_filterpack_US4699.US03L_IMPROVE_Davis.lev2.nas
File creation:                20191218120447
Startdate:                    19910102070000
Revision date:                20191216000000
Version:                      2
Version description:          "Data extracted from http://views.cira.colostate.edu/fed/DataWizard 2019-12-16"
Statistics:                   arithmetic mean
Data level:                   2
Period code:                  1y
Resolution code:              3d
Sample duration:              1d
Orig. time res.:              3d
Station code:                 US4699R
Platform code:                US4699S
Station name:                 Bryce Canyon National Park-Repeater Hill (UT99)
Station latitude:             37.6186
Station longitude:            -112.1728
Station altitude:             2477.0 m
Regime:                       IMG
Component:                    
Unit:                         ug/m3
Matrix:                       
Laboratory code:              US03L
Instrument type:              filterpack
Instrument name:              filterpack_US4699
Method ref:                   US03L_IMPROVE_Davis
Blank correction:             Blank corrected
Volume std. temperature:      ambient
Volume std. pressure:         ambient
starttime endtime PM10 flag_PM10 PM2.5 flag_PM2.5
  1.291667   2.291667   2.629 0.000  0.794 0.559000
  4.291667   5.291667   1.542 0.000  1.233 0.559000
  8.291667   9.291667 999.999 0.999  5.365 0.559000
 11.291667  12.291667   1.621 0.000  0.662 0.559000
 15.291667  16.291667  12.031 0.000 99.999 0.559259
 18.291667  19.291667   1.929 0.000  1.619 0.559000
 22.291667  23.291667 999.999 0.999  0.895 0.559000
 25.291667  26.291667   1.975 0.000  0.874 0.559000
 29.291667  30.291667   4.038 0.000  0.717 0.559000
 32.291667  33.291667   2.710 0.000  1.735 0.559000
 36.291667  37.291667   3.796 0.000  1.558 0.559000
 39.291667  40.291667   3.483 0.000  2.288 0.559000
 43.291667  44.291667   2.659 0.000  1.818 0.559000
 46.291667  47.291667   2.317 0.000  2.303 0.559000
 50.291667  51.291667  12.855 0.000 99.999 0.559259
 53.291667  54.291667   3.359 0.000  2.563 0.559000
 57.291667  58.291667   4.841 0.000  3.473 0.559000
 60.291667  61.291667   1.117 0.000  0.540 0.559000
 64.291667  65.291667   6.555 0.000  1.218 0.559000
 67.291667  68.291667   6.759 0.000  4.519 0.559000
 71.291667  72.291667   4.615 0.000  1.974 0.559000
 74.291667  75.291667 999.999 0.999 99.999 0.999000
 78.291667  79.291667  18.109 0.000  5.350 0.559000
 81.291667  82.291667   6.784 0.000  2.516 0.559000
 85.291667  86.291667   2.799 0.000  2.640 0.559000
 88.291667  89.291667 999.999 0.999  3.719 0.559000
 92.291667  93.291667  12.692 0.000  4.268 0.559000
 95.291667  96.291667   8.511 0.000  4.420 0.559000
 99.291667 100.291667  10.440 0.000  2.656 0.559000
102.291667 103.291667   9.123 0.000  2.358 0.559000
106.291667 107.291667  10.552 0.000  4.312 0.559000
109.291667 110.291667  12.625 0.000  5.190 0.559000
113.291667 114.291667  11.299 0.000  2.446 0.559000
116.291667 117.291667   4.262 0.000  2.171 0.559000
120.291667 121.291667  11.987 0.000 99.999 0.559259
123.291667 124.291667  14.137 0.000  4.500 0.559000
127.291667 128.291667  23.000 0.000  3.754 0.559000
130.291667 131.291667   9.245 0.000  2.123 0.559000
134.291667 135.291667  10.523 0.000  1.626 0.559000
137.291667 138.291667  13.333 0.000  4.534 0.559000
141.291667 142.291667  10.785 0.000  4.251 0.559000
144.291667 145.291667  13.254 0.000  4.220 0.559000
148.291667 149.291667   8.845 0.000  4.179 0.559000
151.291667 152.291667   3.160 0.000  1.802 0.559000
155.291667 156.291667   7.993 0.000  7.715 0.559000
158.291667 159.291667  23.180 0.000  4.777 0.559000
162.291667 163.291667  10.162 0.000  5.767 0.559000
165.291667 166.291667   8.608 0.000  4.212 0.559000
169.291667 170.291667  17.265 0.000  4.321 0.559000
172.291667 173.291667  12.008 0.000  4.098 0.559000
176.291667 177.291667   9.272 0.000  3.684 0.559000
179.291667 180.291667   9.414 0.000  2.539 0.559000
183.291667 184.291667   9.852 0.000  4.238 0.559000
186.291667 187.291667  15.418 0.000  5.477 0.559000
190.291667 191.291667 999.999 0.999 99.999 0.559259
193.291667 194.291667   9.864 0.000  5.165 0.559000
197.291667 198.291667  19.539 0.000  6.378 0.559000
200.291667 201.291667   7.033 0.000  2.012 0.559000
204.291667 205.291667  13.169 0.000  3.544 0.559000
207.291667 208.291667   9.261 0.000  3.754 0.559000
211.291667 212.291667  11.633 0.000  3.934 0.559000
214.291667 215.291667   8.100 0.000  4.054 0.559000
218.291667 219.291667   4.754 0.000  3.065 0.559000
221.291667 222.291667   9.273 0.000  4.025 0.559000
225.291667 226.291667   6.167 0.000  3.009 0.559000
228.291667 229.291667   6.179 0.000  2.128 0.559000
232.291667 233.291667 999.999 0.999 99.999 0.559259
235.291667 236.291667   8.926 0.000  4.594 0.559000
239.291667 240.291667   8.192 0.000  3.620 0.559000
242.291667 243.291667   8.081 0.000  4.049 0.559000
246.291667 247.291667   7.370 0.000  3.094 0.559000
249.291667 250.291667   5.019 0.000  2.429 0.559000
253.291667 254.291667   8.821 0.000  3.189 0.559000
256.291667 257.291667   7.028 0.000  3.313 0.559000
260.291667 261.291667   8.303 0.000  2.484 0.559000
263.291667 264.291667  13.603 0.000  4.827 0.559000
267.291667 268.291667  12.243 0.000 99.999 0.559259
270.291667 271.291667  17.371 0.000  3.217 0.559000
274.291667 275.291667   8.288 0.000  3.213 0.559000
277.291667 278.291667  10.895 0.000  3.214 0.559000
281.291667 282.291667  14.833 0.000  4.399 0.559000
284.291667 285.291667   9.924 0.000  4.019 0.559000
288.291667 289.291667   4.505 0.000  1.863 0.559000
291.291667 292.291667   8.991 0.000  2.759 0.559000
295.291667 296.291667   9.706 0.000  4.169 0.559000
298.291667 299.291667   8.259 0.000  6.053 0.559000
302.291667 303.291667   7.837 0.000 99.999 0.559259
305.291667 306.291667  13.429 0.000  2.141 0.559000
309.291667 310.291667   2.688 0.000  0.439 0.559000
312.291667 313.291667   9.177 0.000  2.853 0.559000
316.291667 317.291667   3.960 0.000  1.721 0.559000
319.291667 320.291667   4.703 0.000  3.117 0.559000
323.291667 324.291667   1.528 0.000  0.696 0.559000
326.291667 327.291667   4.267 0.000 99.999 0.559259
330.291667 331.291667   9.504 0.000  0.825 0.559000
333.291667 334.291667  10.826 0.000  1.782 0.559000
337.291667 338.291667   5.236 0.000 99.999 0.559259
340.291667 341.291667   8.970 0.000  3.289 0.559000
344.291667 345.291667  12.894 0.000  4.389 0.559000
347.291667 348.291667  13.208 0.000  2.591 0.559000
351.291667 352.291667   4.903 0.000  2.866 0.559000
354.291667 355.291667 999.999 0.999 99.999 0.999000
358.291667 359.291667   3.473 0.000  2.312 0.559000
361.291667 362.291667 999.999 0.999  5.966 0.559000
