scripts/IMPROVE-2019_partial/data/US4699R.20000101070000.20191216000000.filterpack..pm25.52w.1w.US03L_filterpack_US4699.US03L_IMPROVE_Davis.lev2.nas
64 1001
MISSING INFORMATION
US03L, IMPROVE, , , , , , , 
MISSING INFORMATION
IMPROVE sel_HTAP
1 1
2000 01 01 2019 12 16
0
days from file reference point
25
1 1 1 1 1 1 1 1 1 1 1 1 1 1 1 1 1 1 1 1 1 1 1 1 1
999.999999 9999.99 9.999 99.99 9.999999 9.999 9.999999 99.99 9.999999 9.999 9.999 99.999 9.999 99.999 9.999 999.999 9.999 999.999 9.999 999.999 9.999 9.999 9.999 9.999 9.999
end_time of measurement, days from the file reference point
iron, ng/m3, Revision date=20181210133000
numflag iron, no unit, Revision date=20181210133000
lead, ng/m3, Revision date=20181210133000
numflag lead, no unit, Revision date=20181210133000
magnesium, ug/m3, Revision date=20181210133000
numflag magnesium, no unit, Revision date=20181210133000
nickel, ng/m3, Revision date=20181210133000
numflag nickel, no unit, Revision date=20181210133000
nitrate, ug N/m3, Revision date=20181210133000
numflag nitrate, no unit, Revision date=20181210133000
organic_carbon, ug C/m3, Revision date=20181210133000
numflag organic_carbon, no unit, Revision date=20181210133000
organic_mass, ug/m3, Revision date=20181210133000
numflag organic_mass, no unit, Revision date=20181210133000
pm10_mass, ug/m3, Version=2, Version description=Data extracted from http://views.cira.colostate.edu/fed/DataWizard 2019-12-16, Sample duration=1d, Orig. time res.=3d, Matrix=pm10, Blank correction=Blank corrected, Volume std. temperature=ambient, Volume std. pressure=ambient
numflag pm10_mass, no unit, Version=2, Version description=Data extracted from http://views.cira.colostate.edu/fed/DataWizard 2019-12-16, Sample duration=1d, Orig. time res.=3d, Matrix=pm10, Blank correction=Blank corrected, Volume std. temperature=ambient, Volume std. pressure=ambient
pm10_pm25_mass, ug/m3, Revision date=20181210133000, Matrix=pm10_pm25
numflag pm10_pm25_mass, no unit, Revision date=20181210133000, Matrix=pm10_pm25
pm25_mass, ug/m3, Version=2, Version description=Data extracted from http://views.cira.colostate.edu/fed/DataWizard 2019-12-16, Sample duration=1d, Orig. time res.=3d, Blank correction=Blank corrected, Volume std. temperature=ambient, Volume std. pressure=ambient
numflag pm25_mass, no unit, Version=2, Version description=Data extracted from http://views.cira.colostate.edu/fed/DataWizard 2019-12-16, Sample duration=1d, Orig. time res.=3d, Blank correction=Blank corrected, Volume std. temperature=ambient, Volume std. pressure=ambient
potassium, ug/m3, Revision date=20181210133000
numflag potassium, no unit, Revision date=20181210133000
sulphate_total, ug S/m3, Revision date=20181210133000
numflag sulphate_total, no unit, Revision date=20181210133000
0
25
Data definition:              EBAS_1.1
Set type code:                TI
Timezone:                     UTC
File name:                    US4699R.20000101070000.20191216000000.filterpack..pm25.52w.1w.US03L_filterpack_US4699.US03L_IMPROVE_Davis.lev2.nas
File creation:                20191218120447
Startdate:                    20000101070000
Revision date:                20191216000000
Statistics:                   arithmetic mean
Data level:                   2
Period code:                  52w
Resolution code:              1w
Station code:                 US4699R
Platform code:                US4699S
Station name:                 Bryce Canyon National Park-Repeater Hill (UT99)
Station latitude:             37.6186
Station longitude:            -112.1728
Station altitude:             2477.0 m
Regime:                       IMG
Component:                    
Matrix:                       pm25
Laboratory code:              US03L
Instrument type:              filterpack
Instrument name:              filterpack_US4699
Method ref:                   US03L_IMPROVE_Davis
starttime endtime Fe flag_Fe Pb flag_Pb Mg++ flag_Mg++ Ni flag_Ni NO3- flag_NO3- OC flag_OC OM flag_OM PM10 flag_PM10 PM10-PM2.5 flag_PM10-PM2.5 PM2.5 flag_PM2.5 K+ flag_K+ SO4-- flag_SO4--
[from data line 87]
294.291667 295.291667   15.06 0.000 99.99 0.259000 9.999 0.259000 99.99 0.259000 0.031 0.000  0.335 0.000  0.469 0.000   2.952 0.000   0.719 0.000   2.233 0.000 0.015 0.000 0.291 0.000
297.291667 298.291667    3.48 0.000 99.99 0.259000 9.999 0.259000 99.99 0.259000 0.020 0.000  0.348 0.000  0.488 0.000   0.592 0.000   0.162 0.000   0.430 0.000 0.012 0.000 0.051 0.000
300.291667 301.291667    6.76 0.000  0.35 0.000000 9.999 0.259000 99.99 0.259000 0.112 0.000  0.243 0.000  0.341 0.000   1.497 0.000   0.320 0.000   1.177 0.000 0.009 0.000 0.137 0.000
303.291667 304.291667    2.83 0.000 99.99 0.259000 9.999 0.259000 99.99 0.259000 0.060 0.000  0.166 0.000  0.232 0.000   0.707 0.000   0.177 0.000   0.529 0.000 0.004 0.000 0.097 0.000
306.291667 307.291667   11.36 0.000  0.29 0.000000 9.999 0.259000 99.99 0.259000 0.049 0.000  0.405 0.000  0.567 0.000   1.852 0.000   0.406 0.000   1.446 0.000 0.014 0.000 0.106 0.000
309.291667 310.291667    9.09 0.000 99.99 0.259000 9.999 0.259000 99.99 0.259000 0.046 0.000  0.278 0.000  0.389 0.000   2.525 0.000   1.206 0.000   1.320 0.000 0.012 0.000 0.158 0.000
312.291667 313.291667    5.47 0.000  0.31 0.000000 0.014 0.000000 99.99 0.259000 0.061 0.000  0.212 0.000  0.296 0.000   2.062 0.000   0.600 0.000   1.462 0.000 0.011 0.000 0.162 0.000
315.291667 316.291667    4.19 0.000 99.99 0.259000 9.999 0.259000 99.99 0.259000 0.125 0.000  0.225 0.000  0.315 0.000   2.414 0.000   0.670 0.000   1.744 0.000 0.008 0.000 0.152 0.000
318.291667 319.291667    7.76 0.000  0.42 0.000000 9.999 0.259000 99.99 0.259000 0.053 0.000  0.233 0.000  0.326 0.000   2.031 0.000   0.460 0.000   1.570 0.000 0.013 0.000 0.146 0.000
321.291667 322.291667    4.01 0.000  0.35 0.000000 9.999 0.259000 99.99 0.259000 0.186 0.000  0.432 0.000  0.604 0.000   3.091 0.000   0.694 0.000   2.397 0.000 0.009 0.000 0.220 0.000
324.291667 325.291667    3.43 0.000  0.28 0.000000 9.999 0.259000 99.99 0.259000 0.008 0.000  0.199 0.000  0.278 0.000   1.255 0.000   0.467 0.000   0.788 0.000 0.009 0.000 0.081 0.000
327.291667 328.291667   21.90 0.000  1.59 0.000000 9.999 0.259000 99.99 0.259000 0.412 0.000  0.550 0.000  0.771 0.000   5.513 0.000   1.632 0.000   3.882 0.000 0.015 0.000 0.205 0.000
330.291667 331.291667    5.60 0.000  0.21 0.000000 0.021 0.000000 99.99 0.259000 0.014 0.559  0.153 0.000  0.214 0.000   1.255 0.000   0.467 0.000   0.788 0.000 0.007 0.000 0.062 0.559
333.291667 334.291667   14.72 0.000  0.57 0.000000 9.999 0.259000 99.99 0.259000 0.013 0.559  0.174 0.000  0.243 0.000   2.426 0.000   1.551 0.000   0.876 0.000 0.012 0.000 0.079 0.559
336.291667 337.291667   14.74 0.000  0.51 0.000000 9.999 0.259000 99.99 0.259000 0.026 0.000  0.326 0.000  0.456 0.000   3.765 0.000   2.477 0.000   1.288 0.000 0.013 0.000 0.134 0.000
339.291667 340.291667    7.40 0.000 99.99 0.259000 9.999 0.259000 99.99 0.259000 0.012 0.000  0.249 0.000  0.348 0.000   1.564 0.000   0.837 0.000   0.727 0.000 0.007 0.000 0.109 0.000
342.291667 343.291667    3.51 0.000  0.13 0.000000 9.999 0.259000 99.99 0.259000 0.024 0.000  0.244 0.000  0.342 0.000   1.046 0.000   0.417 0.000   0.628 0.000 0.009 0.000 0.095 0.000
345.291667 346.291667    6.06 0.000  0.31 0.000000 0.024 0.000000 99.99 0.259000 0.091 0.000  0.414 0.000  0.580 0.000   2.399 0.000   0.796 0.000   1.603 0.000 0.009 0.000 0.164 0.000
348.291667 349.291667   15.32 0.000  0.26 0.000000 9.999 0.259000 99.99 0.259000 0.152 0.000  0.455 0.000  0.637 0.000   4.293 0.000   2.083 0.000   2.210 0.000 0.028 0.000 0.138 0.000
351.291667 352.291667    3.65 0.000 99.99 0.259000 9.999 0.259000 99.99 0.259000 0.013 0.000  0.175 0.000  0.245 0.000   2.357 0.000   1.757 0.000   0.600 0.000 9.999 0.259 0.080 0.000
354.291667 355.291667    3.74 0.000  0.18 0.000000 9.999 0.259000 99.99 0.259000 0.020 0.000  0.138 0.000  0.193 0.000   1.136 0.000   0.445 0.000   0.691 0.000 0.005 0.000 0.122 0.000
357.291667 358.291667   12.56 0.000  0.61 0.000000 9.999 0.259000 99.99 0.259000 0.036 0.000  0.199 0.000  0.278 0.000   3.577 0.000   2.478 0.000   1.100 0.000 0.013 0.000 0.108 0.000
360.291667 361.291667    5.11 0.000  0.53 0.000000 9.999 0.259000 99.99 0.259000 0.213 0.000  0.197 0.000  0.275 0.000   8.767 0.000   6.233 0.000   2.534 0.000 0.008 0.000 0.342 0.000
363.291667 364.291667    5.68 0.000 99.99 0.259000 9.999 0.259000 99.99 0.259000 0.042 0.000  0.120 0.000  0.168 0.000   1.631 0.000   0.846 0.000   0.786 0.000 0.006 0.000 0.103 0.000
