scripts/IMPROVE-2019_partial/data/US4699R.20000101070000.20191216000000.filterpack..pm25.52w.1w.US03L_filterpack_US4699.US03L_IMPROVE_Davis.lev2.nas
64 1001
MISSING INFORMATION
US03L, IMPROVE, , , , , , , 
MISSING INFORMATION
IMPROVE sel_HTAP
1 1
2000 01 01 2019 12 16
0
days from file reference point
25
1 1 1 1 1 1 1 1 1 1 1 1 1 1 1 1 1 1 1 1 1 1 1 1 1
999.999999 9999.99 9.999 99.99 9.999999 9.999 9.999999 99.99 9.999999 9.999 9.999 99.999 9.999 99.999 9.999 999.999 9.999 999.999 9.999 999.999 9.999 9.999 9.999 9.999 9.999
end_time of measurement, days from the file reference point
iron, ng/m3, Revision date=20181210133000
numflag iron, no unit, Revision date=20181210133000
lead, ng/m3, Revision date=20181210133000
numflag lead, no unit, Revision date=20181210133000
magnesium, ug/m3, Revision date=20181210133000
numflag magnesium, no unit, Revision date=20181210133000
nickel, ng/m3, Revision date=20181210133000
numflag nickel, no unit, Revision date=20181210133000
nitrate, ug N/m3, Revision date=20181210133000
numflag nitrate, no unit, Revision date=20181210133000
organic_carbon, ug C/m3, Revision date=20181210133000
numflag organic_carbon, no unit, Revision date=20181210133000
organic_mass, ug/m3, Revision date=20181210133000
numflag organic_mass, no unit, Revision date=20181210133000
pm10_mass, ug/m3, Version=2, Version description=Data extracted from http://views.cira.colostate.edu/fed/DataWizard 2019-12-16, Sample duration=1d, Orig. time res.=3d, Matrix=pm10, Blank correction=Blank corrected, Volume std. temperature=ambient, Volume std. pressure=ambient
numflag pm10_mass, no unit, Version=2, Version description=Data extracted from http://views.cira.colostate.edu/fed/DataWizard 2019-12-16, Sample duration=1d, Orig. time res.=3d, Matrix=pm10, Blank correction=Blank corrected, Volume std. temperature=ambient, Volume std. pressure=ambient
pm10_pm25_mass, ug/m3, Revision date=20181210133000, Matrix=pm10_pm25
numflag pm10_pm25_mass, no unit, Revision date=20181210133000, Matrix=pm10_pm25
pm25_mass, ug/m3, Version=2, Version description=Data extracted from http://views.cira.colostate.edu/fed/DataWizard 2019-12-16, Sample duration=1d, Orig. time res.=3d, Blank correction=Blank corrected, Volume std. temperature=ambient, Volume std. pressure=ambient
numflag pm25_mass, no unit, Version=2, Version description=Data extracted from http://views.cira.colostate.edu/fed/DataWizard 2019-12-16, Sample duration=1d, Orig. time res.=3d, Blank correction=Blank corrected, Volume std. temperature=ambient, Volume std. pressure=ambient
potassium, ug/m3, Revision date=20181210133000
numflag potassium, no unit, Revision date=20181210133000
sulphate_total, ug S/m3, Revision date=20181210133000
numflag sulphate_total, no unit, Revision date=20181210133000
0
25
Data definition:              EBAS_1.1
Set type code:                TI
Timezone:                     UTC
File name:                    US4699R.20000101070000.20191216000000.filterpack..pm25.52w.1w.US03L_filterpack_US4699.US03L_IMPROVE_Davis.lev2.nas
File creation:                20191218120447
Startdate:                    20000101070000
Revision date:                20191216000000
Statistics:                   arithmetic mean
Data level:                   2
Period code:                  52w
Resolution code:              1w
Station code:                 US4699R
Platform code:                US4699S
Station name:                 Bryce Canyon National Park-Repeater Hill (UT99)
Station latitude:             37.6186
Station longitude:            -112.1728
Station altitude:             2477.0 m
Regime:                       IMG
Component:                    
Matrix:                       pm25
Laboratory code:              US03L
Instrument type:              filterpack
Instrument name:              filterpack_US4699
Method ref:                   US03L_IMPROVE_Davis
starttime endtime Fe flag_Fe Pb flag_Pb Mg++ flag_Mg++ Ni flag_Ni NO3- flag_NO3- OC flag_OC OM flag_OM PM10 flag_PM10 PM10-PM2.5 flag_PM10-PM2.5 PM2.5 flag_PM2.5 K+ flag_K+ SO4-- flag_SO4--
  0.291667   1.291667   19.73 0.000  0.68 0.000000 9.999 0.259000 99.99 0.259000 0.133 0.559  0.513 0.000  0.718 0.000   5.816 0.000   2.613 0.000   3.203 0.000 0.030 0.000 0.275 0.559
  4.291667   5.291667    2.87 0.000  0.16 0.000000 9.999 0.259000 99.99 0.259000 0.036 0.000  0.176 0.000  0.246 0.000   1.703 0.000   0.899 0.000   0.804 0.000 9.999 0.259 0.050 0.000
  7.291667   8.291667    3.72 0.000  0.39 0.000000 0.007 0.000000 99.99 0.259000 0.007 0.559  0.019 0.000  0.027 0.000   1.613 0.000   0.877 0.000   0.736 0.000 0.006 0.000 0.039 0.559
 11.291667  12.291667   39.78 0.000  0.66 0.000000 9.999 0.259000 99.99 0.259000 0.034 0.559  0.251 0.000  0.351 0.000   5.107 0.000   3.142 0.000   1.966 0.000 0.030 0.000 0.071 0.559
 14.291667  15.291667   16.33 0.000  0.47 0.000000 9.999 0.259000 99.99 0.259000 0.011 0.559  0.352 0.000  0.493 0.000   3.450 0.000   2.330 0.000   1.120 0.000 0.017 0.000 0.076 0.559
 18.291667  19.291667    8.84 0.000  0.34 0.000000 9.999 0.259000 99.99 0.259000 0.019 0.559  0.363 0.000  0.508 0.000   3.611 0.559   1.486 0.000   2.125 0.000 0.018 0.000 0.277 0.559
 21.291667  22.291667    5.74 0.000 99.99 0.259000 0.004 0.000000 99.99 0.259000 0.133 0.559  0.360 0.000  0.504 0.000   2.176 0.559   0.907 0.000   1.268 0.000 0.009 0.000 0.086 0.559
 25.291667  26.291667    3.44 0.000  2.42 0.000000 9.999 0.259000 99.99 0.259000 0.036 0.559  1.485 0.000  2.079 0.000   4.352 0.559   1.728 0.000   2.624 0.000 0.019 0.000 0.067 0.559
 28.291667  29.291667    3.70 0.000  0.36 0.000000 9.999 0.259000 99.99 0.259000 0.062 0.559  0.714 0.000  0.999 0.000   2.361 0.559   0.761 0.000   1.600 0.000 0.016 0.000 0.062 0.559
 32.291667  33.291667    2.77 0.000 99.99 0.259000 9.999 0.259000 99.99 0.259000 0.001 0.699  0.097 0.000  0.136 0.000   2.654 0.000   1.798 0.000   0.856 0.000 0.007 0.000 0.031 0.699
 35.291667  36.291667   22.40 0.000  0.94 0.000000 9.999 0.259000 99.99 0.259000 0.015 0.559  0.779 0.000  1.090 0.000   5.264 0.000   2.799 0.000   2.464 0.000 0.023 0.000 0.187 0.559
 39.291667  40.291667   11.59 0.000  0.30 0.000000 9.999 0.259000 99.99 0.259000 0.050 0.699  0.591 0.000  0.828 0.000   3.776 0.000   1.649 0.000   2.127 0.000 0.015 0.000 0.176 0.699
 42.291667  43.291667    3.90 0.000 99.99 0.259000 9.999 0.259000 99.99 0.259000 0.015 0.559  0.202 0.000  0.282 0.000   1.432 0.000   0.592 0.000   0.841 0.000 0.005 0.000 0.036 0.559
 46.291667  47.291667   19.72 0.000  0.39 0.000000 9.999 0.259000 99.99 0.259000 0.025 0.559  0.210 0.000  0.295 0.000   3.629 0.000   2.029 0.000   1.600 0.000 0.014 0.000 0.094 0.559
 49.291667  50.291667    5.09 0.000  0.16 0.000000 9.999 0.259000 99.99 0.259000 0.025 0.559  0.272 0.000  0.381 0.000   1.990 0.000   0.754 0.000   1.237 0.000 0.007 0.000 0.059 0.559
 53.291667  54.291667    4.81 0.000 99.99 0.259000 0.006 0.000000 99.99 0.259000 0.056 0.559  0.421 0.000  0.590 0.000   1.902 0.000   0.590 0.000   1.312 0.000 0.007 0.000 0.043 0.559
 56.291667  57.291667    5.39 0.000  0.16 0.000000 9.999 0.259000  0.12 0.000000 0.014 0.699  0.375 0.000  0.526 0.000   1.823 0.000   0.959 0.000   0.864 0.000 0.008 0.000 0.052 0.699
 60.291667  61.291667    4.58 0.000  0.27 0.000000 9.999 0.259000 99.99 0.259000 0.035 0.559  0.314 0.000  0.440 0.000   1.823 0.000   0.703 0.000   1.120 0.000 0.006 0.000 0.068 0.559
 63.291667  64.291667   12.09 0.000  0.56 0.000000 9.999 0.259000 99.99 0.259000 0.018 0.559  0.377 0.000  0.528 0.000   3.987 0.000   1.391 0.000   2.596 0.000 0.016 0.000 0.249 0.559
 67.291667  68.291667    4.01 0.000  0.23 0.000000 9.999 0.259000 99.99 0.259000 0.090 0.559  0.173 0.000  0.242 0.000   4.544 0.000   3.116 0.000   1.428 0.000 0.009 0.000 0.103 0.559
 70.291667  71.291667    6.20 0.000  0.43 0.000000 0.012 0.000000 99.99 0.259000 0.008 0.559  0.591 0.000  0.827 0.000   3.557 0.000   2.533 0.000   1.024 0.000 0.008 0.000 0.086 0.559
 74.291667  75.291667   16.26 0.000  0.64 0.000000 9.999 0.259000 99.99 0.259000 0.017 0.559  0.533 0.000  0.746 0.000   6.763 0.000   5.195 0.000   1.568 0.000 0.019 0.000 0.100 0.559
 77.291667  78.291667   10.38 0.000  0.53 0.000000 9.999 0.259000 99.99 0.259000 0.019 0.559  0.203 0.000  0.284 0.000   7.841 0.000   6.784 0.000   1.056 0.000 0.009 0.000 0.090 0.559
 81.291667  82.291667   22.71 0.000  0.67 0.000000 9.999 0.259000 99.99 0.259000 0.147 0.559  0.391 0.000  0.548 0.000   4.979 0.000   2.591 0.000   2.388 0.000 0.020 0.000 0.232 0.559
 84.291667  85.291667   25.96 0.000  0.63 0.000000 9.999 0.259000  2.33 0.000000 0.032 0.559  0.722 0.000  1.011 0.000   5.531 0.000   2.827 0.000   2.704 0.000 0.022 0.000 0.182 0.559
 88.291667  89.291667   28.48 0.000  0.66 0.000000 9.999 0.259000  0.11 0.000000 0.055 0.559  0.777 0.000  1.088 0.000   5.047 0.000   1.957 0.000   3.090 0.000 0.022 0.000 0.241 0.559
 91.291667  92.291667   54.79 0.000  0.89 0.000000 9.999 0.259000 99.99 0.259000 0.046 0.559  0.416 0.000  0.583 0.000   6.056 0.000   2.648 0.000   3.409 0.000 0.042 0.000 0.236 0.559
 95.291667  96.291667   51.96 0.559  0.70 0.559000 9.999 0.559259 99.99 0.559259 0.070 0.559  1.619 0.000  2.267 0.000   7.068 0.000   2.300 0.000   4.768 0.559 0.064 0.559 0.167 0.559
 98.291667  99.291667   48.26 0.559  1.04 0.559000 9.999 0.559259 99.99 0.559259 0.026 0.559  0.605 0.000  0.847 0.000   5.652 0.000   2.942 0.000   2.710 0.559 0.038 0.559 0.148 0.559
102.291667 103.291667   72.70 0.559  1.31 0.559000 9.999 0.559259 99.99 0.559259 0.030 0.559  0.974 0.000  1.363 0.000   8.088 0.000   3.493 0.000   4.596 0.559 0.063 0.559 0.270 0.559
105.291667 106.291667   18.89 0.559 99.99 0.559259 9.999 0.559259 99.99 0.559259 0.028 0.559  0.831 0.000  1.163 0.000   2.124 0.000   0.592 0.000   1.532 0.559 0.013 0.559 0.057 0.559
109.291667 110.291667    9.11 0.559 99.99 0.559259 9.999 0.559259 99.99 0.559259 0.015 0.559  0.395 0.000  0.553 0.000   1.615 0.000   0.536 0.000   1.079 0.559 0.007 0.559 0.056 0.559
112.291667 113.291667   73.81 0.559  0.47 0.559000 9.999 0.559259 99.99 0.559259 0.043 0.559  0.532 0.000  0.745 0.000   6.056 0.000   2.786 0.000   3.270 0.559 0.050 0.559 0.155 0.559
116.291667 117.291667  282.94 0.559  2.34 0.559000 0.252 0.559000 99.99 0.559259 0.051 0.559  1.557 0.000  2.180 0.000  14.328 0.000   4.381 0.000   9.947 0.559 0.182 0.559 0.256 0.559
119.291667 120.291667  125.17 0.559  1.35 0.559000 9.999 0.559259 99.99 0.559259 0.066 0.559  0.546 0.000  0.764 0.000  10.975 0.000   5.980 0.000   4.996 0.559 0.075 0.559 0.193 0.559
123.291667 124.291667  118.39 0.559  0.71 0.559000 9.999 0.559259 99.99 0.559259 0.057 0.559  0.977 0.000  1.368 0.000   8.244 0.000   3.284 0.000   4.960 0.559 0.069 0.559 0.203 0.559
126.291667 127.291667   85.32 0.559  0.85 0.559000 9.999 0.559259 99.99 0.559259 0.036 0.559  0.836 0.000  1.170 0.000   7.919 0.000   4.119 0.000   3.800 0.559 0.052 0.559 0.182 0.559
130.291667 131.291667  130.68 0.559  1.13 0.559000 0.084 0.559000 99.99 0.559259 0.028 0.559  0.803 0.000  1.125 0.000  23.861 0.000  18.716 0.000   5.145 0.559 0.089 0.559 0.164 0.559
133.291667 134.291667   39.17 0.559  0.66 0.559000 9.999 0.559259 99.99 0.559259 0.013 0.559  0.545 0.000  0.763 0.000   4.361 0.000   1.893 0.000   2.468 0.559 0.028 0.559 0.115 0.559
137.291667 138.291667   21.78 0.559  0.24 0.559000 0.015 0.559000 99.99 0.559259 0.014 0.559  0.621 0.000  0.869 0.000   2.609 0.000   0.899 0.000   1.710 0.559 0.018 0.559 0.044 0.559
140.291667 141.291667   48.92 0.559  0.98 0.559000 0.030 0.559000 99.99 0.559259 0.020 0.559  0.994 0.000  1.391 0.000   5.339 0.000   1.500 0.000   3.839 0.559 0.040 0.559 0.169 0.559
144.291667 145.291667   58.54 0.559  0.60 0.559000 0.054 0.559000 99.99 0.559259 0.020 0.559  1.273 0.000  1.782 0.000   7.828 0.000   3.478 0.000   4.349 0.559 0.060 0.559 0.153 0.559
147.291667 148.291667   43.27 0.559  0.87 0.559000 9.999 0.559259 99.99 0.559259 0.017 0.559  0.994 0.000  1.391 0.000   7.466 0.000   3.643 0.000   3.823 0.559 0.037 0.559 0.182 0.559
151.291667 152.291667   68.52 0.559  0.52 0.559000 9.999 0.559259 99.99 0.559259 0.024 0.559  0.836 0.000  1.170 0.000   8.541 0.000   4.454 0.000   4.087 0.559 0.046 0.559 0.191 0.559
154.291667 155.291667   44.82 0.559  1.06 0.559000 9.999 0.559259 99.99 0.559259 0.029 0.559  0.710 0.000  0.993 0.000   7.304 0.000   3.578 0.000   3.725 0.559 0.058 0.559 0.199 0.559
158.291667 159.291667   69.22 0.699 99.99 0.699259 9.999 0.699259 99.99 0.699259 0.036 0.559  0.794 0.000  1.112 0.000  10.597 0.000   5.088 0.000   5.509 0.699 0.109 0.699 0.316 0.559
161.291667 162.291667   46.30 0.559 99.99 0.559259 9.999 0.559259 99.99 0.559259 0.021 0.559  0.466 0.000  0.653 0.000   8.590 0.000   5.025 0.000   3.565 0.559 0.036 0.559 0.127 0.559
165.291667 166.291667   36.73 0.559  0.25 0.559000 9.999 0.559259 99.99 0.559259 0.008 0.559  0.540 0.000  0.756 0.000   5.499 0.000   3.172 0.000   2.328 0.559 0.025 0.559 0.067 0.559
168.291667 169.291667   30.14 0.559  0.17 0.559000 9.999 0.559259 99.99 0.559259 0.013 0.559  0.524 0.000  0.733 0.000   6.784 0.000   3.887 0.000   2.897 0.559 0.027 0.559 0.138 0.559
172.291667 173.291667   25.60 0.559  0.25 0.559000 9.999 0.559259 99.99 0.559259 0.010 0.559  0.535 0.000  0.749 0.000   4.630 0.000   2.391 0.000   2.239 0.559 0.022 0.559 0.083 0.559
175.291667 176.291667   42.69 0.559  0.25 0.559000 9.999 0.559259  1.90 0.559000 0.013 0.559  0.788 0.000  1.104 0.000   4.749 0.000   0.917 0.000   3.833 0.559 0.043 0.559 0.170 0.559
179.291667 180.291667   35.97 0.559  0.22 0.559000 9.999 0.559259 99.99 0.559259 0.026 0.000  0.667 0.000  0.934 0.000   5.740 0.000   1.963 0.000   3.777 0.559 0.039 0.559 0.226 0.000
182.291667 183.291667   37.76 0.699  0.24 0.699000 9.999 0.699259 99.99 0.699259 0.037 0.559  0.630 0.000  0.883 0.000   6.704 0.000   2.451 0.000   4.253 0.699 0.061 0.699 0.251 0.559
186.291667 187.291667   28.10 0.699  0.31 0.699000 9.999 0.699259 99.99 0.699259 0.031 0.000  0.431 0.000  0.603 0.000   4.926 0.000   2.219 0.000   2.707 0.699 0.073 0.699 0.100 0.000
189.291667 190.291667   47.73 0.559  0.19 0.559000 9.999 0.559259 99.99 0.559259 0.083 0.559  0.570 0.000  0.799 0.000   7.671 0.000   3.154 0.000   4.518 0.559 0.058 0.559 0.320 0.559
193.291667 194.291667   32.60 0.559 99.99 0.559259 9.999 0.559259 99.99 0.559259 0.016 0.000  0.288 0.000  0.404 0.000   4.603 0.000   1.796 0.000   2.807 0.559 0.027 0.559 0.182 0.000
196.291667 197.291667   30.81 0.559 99.99 0.559259 9.999 0.559259 99.99 0.559259 0.026 0.559  0.462 0.000  0.647 0.000   8.730 0.000   3.899 0.000   4.831 0.559 0.044 0.559 0.355 0.559
200.291667 201.291667   24.29 0.559 99.99 0.559259 9.999 0.559259 99.99 0.559259 0.005 0.000  0.156 0.000  0.218 0.000   2.910 0.000   1.358 0.000   1.551 0.559 0.015 0.559 0.050 0.000
203.291667 204.291667   54.59 0.699  0.24 0.699000 9.999 0.699259 99.99 0.699259 0.038 0.000  0.768 0.000  1.075 0.000  10.097 0.000   5.325 0.000   4.772 0.699 0.048 0.699 0.203 0.000
207.291667 208.291667   62.19 0.559 99.99 0.559259 9.999 0.559259 99.99 0.559259 0.041 0.559  0.719 0.000  1.007 0.000   8.799 0.000   3.428 0.000   5.371 0.559 0.060 0.559 0.399 0.559
210.291667 211.291667   44.49 0.699 99.99 0.699259 9.999 0.699259 99.99 0.699259 0.051 0.559  1.682 0.000  2.355 0.000   9.943 0.000   2.528 0.000   7.415 0.699 0.106 0.699 0.363 0.559
214.291667 215.291667   69.21 0.559 99.99 0.559259 9.999 0.559259 99.99 0.559259 0.043 0.559  3.799 0.000  5.319 0.000  17.462 0.000   4.221 0.000  13.240 0.559 0.190 0.559 0.390 0.559
217.291667 218.291667   35.86 0.699 99.99 0.699259 9.999 0.699259 99.99 0.699259 0.026 0.559  1.037 0.000  1.452 0.000   8.269 0.000   2.729 0.000   5.540 0.699 0.050 0.699 0.354 0.559
221.291667 222.291667   45.20 0.559  0.26 0.559000 9.999 0.559259 99.99 0.559259 0.032 0.000  1.120 0.000  1.568 0.000   8.254 0.000   2.159 0.000   6.095 0.559 0.061 0.559 0.370 0.000
224.291667 225.291667   69.33 0.559 99.99 0.559259 9.999 0.559259 99.99 0.559259 0.016 0.000  0.522 0.000  0.731 0.000  10.675 0.000   6.447 0.000   4.227 0.559 0.050 0.559 0.215 0.000
228.291667 229.291667   43.72 0.559  0.21 0.559000 9.999 0.559259 99.99 0.559259 0.026 0.000  0.946 0.000  1.325 0.000   7.304 0.000   2.280 0.000   5.024 0.559 0.053 0.559 0.329 0.000
231.291667 232.291667   65.74 0.559 99.99 0.559259 9.999 0.559259 99.99 0.559259 0.086 0.000  0.752 0.000  1.053 0.000  11.654 0.000   5.227 0.000   6.427 0.559 0.060 0.559 0.546 0.000
234.291667 235.291667 9999.99 0.999 99.99 0.999000 9.999 0.999000 99.99 0.999000 9.999 0.999 99.999 0.999 99.999 0.999 999.999 0.999 999.999 0.999 999.999 0.999 9.999 0.999 9.999 0.999
237.291667 238.291667 9999.99 0.999 99.99 0.999000 9.999 0.999000 99.99 0.999000 9.999 0.999 99.999 0.999 99.999 0.999 999.999 0.999 999.999 0.999 999.999 0.999 9.999 0.999 9.999 0.999
240.291667 241.291667 9999.99 0.999 99.99 0.999000 9.999 0.999000 99.99 0.999000 9.999 0.999 99.999 0.999 99.999 0.999 999.999 0.999 999.999 0.999 999.999 0.999 9.999 0.999 9.999 0.999
243.291667 244.291667 9999.99 0.999 99.99 0.999000 9.999 0.999000 99.99 0.999000 9.999 0.999 99.999 0.999 99.999 0.999 999.999 0.999 999.999 0.999 999.999 0.999 9.999 0.999 9.999 0.999
246.291667 247.291667   23.02 0.000 99.99 0.259000 9.999 0.259000 99.99 0.259000 0.021 0.000  0.287 0.000  0.403 0.000   3.224 0.000   1.643 0.000   1.581 0.000 0.030 0.000 0.193 0.000
249.291667 250.291667   19.89 0.000  0.30 0.000000 9.999 0.259000 99.99 0.259000 0.017 0.000  0.210 0.000  0.294 0.000   3.720 0.000   2.084 0.000   1.636 0.000 0.027 0.000 0.190 0.000
252.291667 253.291667   13.70 0.000  0.38 0.000000 9.999 0.259000 99.99 0.259000 0.017 0.000  0.270 0.000  0.378 0.000   3.348 0.000   1.712 0.000   1.636 0.000 0.015 0.000 0.226 0.000
255.291667 256.291667   30.90 0.000  0.49 0.000000 9.999 0.259000 99.99 0.259000 0.061 0.559  0.697 0.000  0.976 0.000   6.893 0.000   3.712 0.000   3.181 0.000 0.030 0.000 0.323 0.559
258.291667 259.291667   41.64 0.000  0.47 0.000000 9.999 0.259000 99.99 0.259000 0.038 0.000  0.800 0.000  1.120 0.000   9.160 0.000   5.104 0.000   4.056 0.000 0.037 0.000 0.415 0.000
261.291667 262.291667   28.59 0.000  0.19 0.000000 9.999 0.259000 99.99 0.259000 0.031 0.000  1.155 0.000  1.617 0.000   8.391 0.000   4.255 0.000   4.136 0.000 0.051 0.000 0.302 0.000
264.291667 265.291667   61.84 0.000  0.31 0.000000 9.999 0.259000 99.99 0.259000 0.074 0.000  0.669 0.000  0.936 0.000  13.589 0.000   9.299 0.000   4.290 0.000 0.057 0.000 0.422 0.000
267.291667 268.291667    8.93 0.000  0.16 0.000000 9.999 0.259000 99.99 0.259000 0.031 0.000  0.391 0.000  0.547 0.000   2.008 0.000   0.851 0.000   1.157 0.000 0.010 0.000 0.134 0.000
270.291667 271.291667   23.52 0.000  0.41 0.000000 9.999 0.259000 99.99 0.259000 0.028 0.000  0.453 0.000  0.635 0.000   4.423 0.000   1.759 0.000   2.664 0.000 0.019 0.000 0.361 0.000
273.291667 274.291667    9.86 0.000  0.22 0.000000 9.999 0.259000 99.99 0.259000 0.017 0.000  0.502 0.000  0.703 0.000   4.340 0.000   1.038 0.000   3.303 0.000 0.014 0.000 0.660 0.000
276.291667 277.291667   20.74 0.000  0.44 0.000000 9.999 0.259000 99.99 0.259000 0.054 0.000  0.292 0.000  0.409 0.000   5.979 0.000   2.611 0.000   3.368 0.000 0.023 0.000 0.507 0.000
279.291667 280.291667   23.12 0.000 99.99 0.259000 9.999 0.259000 99.99 0.259000 0.020 0.000  0.286 0.000  0.400 0.000   5.167 0.000   2.439 0.000   2.728 0.000 0.022 0.000 0.316 0.000
282.291667 283.291667   26.91 0.000  0.22 0.000000 9.999 0.259000 99.99 0.259000 0.386 0.000  0.368 0.000  0.516 0.000   7.152 0.000   3.976 0.000   3.176 0.000 0.023 0.000 0.646 0.000
285.291667 286.291667    6.70 0.000 99.99 0.259000 9.999 0.259000 99.99 0.259000 0.041 0.000  0.299 0.000  0.418 0.000   1.673 0.000   0.668 0.000   1.006 0.000 0.009 0.000 0.154 0.000
288.291667 289.291667    9.00 0.000 99.99 0.259000 9.999 0.259000 99.99 0.259000 0.025 0.000  0.479 0.000  0.670 0.000   2.468 0.000   0.779 0.000   1.689 0.000 0.012 0.000 0.181 0.000
