scripts/IMPROVE-2019_partial/data/US4699R.19900103070000.20191216000000.filterpack...1y.3d.US03L_filterpack_US4699.US03L_IMPROVE_Davis.lev2.nas
52 1001
MISSING INFORMATION
US03L, IMPROVE, , , , , , , 
MISSING INFORMATION
IMPROVE sel_HTAP
1 1
1990 01 01 2019 12 16
0
days from file reference point
5
1 1 1 1 1
999.999999 999.999 9.999 99.999 9.999999
end_time of measurement, days from the file reference point
pm10_mass, ug/m3, Matrix=pm10
numflag pm10_mass, no unit, Matrix=pm10
pm25_mass, ug/m3, Matrix=pm25
numflag pm25_mass, no unit, Matrix=pm25
0
33
Data definition:              EBAS_1.1
Set type code:                TI
Timezone:                     UTC
File name:                    US4699R.19900103070000.20191216000000.filterpack...1y.3d.US03L_filterpack_US4699.US03L_IMPROVE_Davis.lev2.nas
File creation:                20191218120447
Startdate:                    19900103070000
Revision date:                20191216000000
Version:                      2
Version description:          "Data extracted from http://views.cira.colostate.edu/fed/DataWizard 2019-12-16"
Statistics:                   arithmetic mean
Data level:                   2
Period code:                  1y
Resolution code:              3d
Sample duration:              1d
Orig. time res.:              3d
Station code:                 US4699R
Platform code:                US4699S
Station name:                 Bryce Canyon National Park-Repeater Hill (UT99)
Station latitude:             37.6186
Station longitude:            -112.1728
Station altitude:             2477.0 m
Regime:                       IMG
Component:                    
Unit:                         ug/m3
Matrix:                       
Laboratory code:              US03L
Instrument type:              filterpack
Instrument name:              filterpack_US4699
Method ref:                   US03L_IMPROVE_Davis
Blank correction:             Blank corrected
Volume std. temperature:      ambient
Volume std. pressure:         ambient
starttime endtime PM10 flag_PM10 PM2.5 flag_PM2.5
  2.291667   3.291667 999.999 0.999 99.999 0.999000
  5.291667   6.291667   5.810 0.000  1.073 0.000000
  9.291667  10.291667   1.980 0.000  0.810 0.000000
 12.291667  13.291667   5.130 0.000  3.302 0.000000
 16.291667  17.291667 999.999 0.999  2.074 0.000000
 19.291667  20.291667   5.452 0.000  5.157 0.000000
 23.291667  24.291667   4.428 0.000  1.818 0.000000
 26.291667  27.291667   3.041 0.000 99.999 0.259000
 30.291667  31.291667   6.172 0.000  2.987 0.000000
 33.291667  34.291667   2.550 0.000  0.975 0.000000
 37.291667  38.291667   4.035 0.000  2.911 0.000000
 40.291667  41.291667   1.715 0.000  0.601 0.000000
 44.291667  45.291667   8.086 0.000  2.797 0.000000
 47.291667  48.291667   3.520 0.000  1.374 0.000000
 51.291667  52.291667   2.927 0.000  1.867 0.000000
 54.291667  55.291667 999.999 0.999  7.293 0.000000
 58.291667  59.291667   4.439 0.000  4.304 0.000000
 61.291667  62.291667   5.651 0.000  3.259 0.000000
 65.291667  66.291667   3.403 0.000  1.645 0.000000
 68.291667  69.291667   5.537 0.000  2.516 0.000000
 72.291667  73.291667   1.730 0.000  1.465 0.000000
 75.291667  76.291667   1.898 0.000  1.624 0.000000
 79.291667  80.291667   2.417 0.000  1.410 0.000000
 82.291667  83.291667   8.541 0.000  3.065 0.000000
 86.291667  87.291667   7.093 0.000  3.220 0.000000
 89.291667  90.291667   7.147 0.000 99.999 0.999000
 93.291667  94.291667   3.632 0.000  2.954 0.000000
 96.291667  97.291667   3.485 0.000  2.215 0.000000
100.291667 101.291667   4.377 0.000  3.323 0.000000
103.291667 104.291667   4.133 0.000  2.555 0.000000
107.291667 108.291667   2.197 0.000  1.529 0.000000
110.291667 111.291667   7.802 0.000  2.293 0.000000
114.291667 115.291667   4.974 0.000  2.713 0.000000
117.291667 118.291667   9.973 0.000  6.550 0.000000
121.291667 122.291667   4.779 0.000  2.322 0.000000
124.291667 125.291667 999.999 0.999  5.514 0.000000
128.291667 129.291667 999.999 0.999  2.848 0.000000
131.291667 132.291667  11.951 0.000  5.427 0.000000
135.291667 136.291667   4.941 0.000  2.576 0.000000
138.291667 139.291667  14.261 0.000 99.999 0.999000
142.291667 143.291667   4.676 0.000  1.627 0.000000
145.291667 146.291667   8.990 0.000  3.253 0.000000
149.291667 150.291667   3.482 0.000  2.317 0.000000
152.291667 153.291667 999.999 0.999  2.976 0.000000
156.291667 157.291667  10.415 0.000  4.760 0.000000
159.291667 160.291667   8.475 0.000  7.226 0.000000
163.291667 164.291667   8.014 0.000  4.307 0.000000
166.291667 167.291667   7.129 0.000 99.999 0.999000
170.291667 171.291667   8.190 0.000 99.999 0.999000
173.291667 174.291667   9.627 0.000 99.999 0.999000
177.291667 178.291667   8.568 0.000  3.799 0.000000
180.291667 181.291667  23.896 0.000  8.862 0.000000
184.291667 185.291667  20.626 0.000  3.832 0.000000
187.291667 188.291667   5.157 0.000  4.821 0.000000
191.291667 192.291667   7.130 0.000  4.024 0.000000
194.291667 195.291667   5.592 0.000  4.970 0.000000
198.291667 199.291667   3.626 0.000  2.917 0.000000
201.291667 202.291667   7.646 0.000  6.042 0.000000
205.291667 206.291667  31.663 0.000 99.999 0.999000
208.291667 209.291667   9.016 0.000 99.999 0.999000
212.291667 213.291667   8.404 0.000  4.172 0.000000
215.291667 216.291667   8.721 0.000  3.971 0.000000
219.291667 220.291667   8.365 0.000  5.877 0.000000
222.291667 223.291667   4.912 0.000  3.945 0.000000
226.291667 227.291667 999.999 0.999  4.551 0.000000
229.291667 230.291667   5.644 0.000  4.012 0.000000
233.291667 234.291667   4.740 0.000  3.140 0.000000
236.291667 237.291667   5.841 0.000  2.591 0.000000
240.291667 241.291667   9.787 0.000  7.859 0.000000
243.291667 244.291667   7.743 0.000 99.999 0.559259
247.291667 248.291667   4.681 0.000  4.329 0.559000
250.291667 251.291667   5.148 0.000  2.747 0.559000
254.291667 255.291667  12.241 0.000  3.571 0.559000
257.291667 258.291667   9.235 0.000  6.180 0.559000
261.291667 262.291667   5.203 0.000  2.771 0.559000
264.291667 265.291667   7.462 0.000  3.061 0.559000
268.291667 269.291667   2.827 0.000  2.202 0.559000
271.291667 272.291667   3.075 0.000  2.263 0.559000
275.291667 276.291667  10.667 0.000 99.999 0.559259
278.291667 279.291667   6.104 0.000  5.732 0.559000
282.291667 283.291667   2.435 0.000 99.999 0.559259
285.291667 286.291667   6.925 0.000  2.012 0.559000
289.291667 290.291667   8.663 0.000  3.009 0.559000
292.291667 293.291667   3.763 0.000  2.954 0.559000
296.291667 297.291667   2.776 0.000  1.641 0.559000
299.291667 300.291667   4.375 0.000  2.555 0.559000
303.291667 304.291667   6.354 0.000  3.354 0.559000
306.291667 307.291667   5.296 0.000  4.130 0.559000
310.291667 311.291667   9.963 0.000  5.804 0.559000
313.291667 314.291667   5.370 0.000  1.609 0.559000
317.291667 318.291667   4.908 0.000  4.814 0.559000
320.291667 321.291667   6.274 0.000  3.665 0.559000
324.291667 325.291667   3.195 0.000  1.500 0.559000
327.291667 328.291667 999.999 0.999  1.125 0.559000
331.291667 332.291667  15.894 0.000  1.312 0.559000
334.291667 335.291667   2.218 0.000  1.763 0.559000
338.291667 339.291667   2.415 0.000 99.999 0.559259
341.291667 342.291667   3.817 0.000  1.579 0.559000
345.291667 346.291667  10.437 0.000 99.999 0.559259
348.291667 349.291667   8.710 0.000  2.379 0.559000
352.291667 353.291667 999.999 0.999  7.492 0.559000
355.291667 356.291667 999.999 0.999  2.412 0.559000
359.291667 360.291667 999.999 0.999 99.999 0.999000
362.291667 363.291667   6.098 0.000  3.077 0.559000
