scripts/IMPROVE-2019_partial/data/US4699R.19920101070000.20191216000000.filterpack...1y.3d.US03L_filterpack_US4699.US03L_IMPROVE_Davis.lev2.nas
52 1001
MISSING INFORMATION
US03L, IMPROVE, , , , , , , 
MISSING INFORMATION
IMPROVE sel_HTAP
1 1
1992 01 01 2019 12 16
0
days from file reference point
5
1 1 1 1 1
999.999999 999.999 9.999 99.999 9.999999
end_time of measurement, days from the file reference point
pm10_mass, ug/m3, Matrix=pm10
numflag pm10_mass, no unit, Matrix=pm10
pm25_mass, ug/m3, Matrix=pm25
numflag pm25_mass, no unit, Matrix=pm25
0
33
Data definition:              EBAS_1.1
Set type code:                TI
Timezone:                     UTC
File name:                    US4699R.19920101070000.20191216000000.filterpack...1y.3d.US03L_filterpack_US4699.US03L_IMPROVE_Davis.lev2.nas
File creation:                20191218120447
Startdate:                    19920101070000
Revision date:                20191216000000
Version:                      2
Version description:          "Data extracted from http://views.cira.colostate.edu/fed/DataWizard 2019-12-16"
Statistics:                   arithmetic mean
Data level:                   2
Period code:                  1y
Resolution code:              3d
Sample duration:              1d
Orig. time res.:              3d
Station code:                 US4699R
Platform code:                US4699S
Station name:                 Bryce Canyon National Park-Repeater Hill (UT99)
Station latitude:             37.6186
Station longitude:            -112.1728
Station altitude:             2477.0 m
Regime:                       IMG
Component:                    
Unit:                         ug/m3
Matrix:                       
Laboratory code:              US03L
Instrument type:              filterpack
Instrument name:              filterpack_US4699
Method ref:                   US03L_IMPROVE_Davis
Blank correction:             Blank corrected
Volume std. temperature:      ambient
Volume std. pressure:         ambient
starttime endtime PM10 flag_PM10 PM2.5 flag_PM2.5
  0.291667   1.291667   4.699 0.000  1.293 0.559000
  3.291667   4.291667   9.458 0.000  2.286 0.559000
  7.291667   8.291667   5.546 0.000 99.999 0.559259
 10.291667  11.291667   4.000 0.000  1.368 0.559000
 14.291667  15.291667 999.999 0.999 99.999 0.999000
 17.291667  18.291667 999.999 0.999 99.999 0.999000
 21.291667  22.291667 999.999 0.999 99.999 0.999000
 24.291667  25.291667 999.999 0.999 99.999 0.999000
 28.291667  29.291667 999.999 0.999 99.999 0.999000
 31.291667  32.291667 999.999 0.999 99.999 0.999000
 35.291667  36.291667 999.999 0.999 99.999 0.999000
 38.291667  39.291667 999.999 0.999 99.999 0.999000
 42.291667  43.291667 999.999 0.999 99.999 0.999000
 45.291667  46.291667 999.999 0.999 99.999 0.999000
 49.291667  50.291667   6.078 0.000  1.195 0.559000
 52.291667  53.291667   9.810 0.000  1.152 0.559000
 56.291667  57.291667 999.999 0.999 99.999 0.559259
 59.291667  60.291667   2.920 0.000  1.569 0.000000
 63.291667  64.291667   1.667 0.000 99.999 0.999000
 66.291667  67.291667 999.999 0.999 99.999 0.999000
 70.291667  71.291667   8.045 0.000  2.598 0.000000
 73.291667  74.291667   7.143 0.000  2.613 0.000000
 77.291667  78.291667  10.279 0.000 99.999 0.999000
 80.291667  81.291667  14.691 0.000  4.025 0.000000
 84.291667  85.291667 999.999 0.999 99.999 0.999000
 87.291667  88.291667 999.999 0.999 99.999 0.999000
 91.291667  92.291667   3.849 0.000  3.174 0.000000
 94.291667  95.291667   8.771 0.000  2.470 0.000000
 98.291667  99.291667 999.999 0.999  3.158 0.000000
101.291667 102.291667 999.999 0.999  4.532 0.000000
105.291667 106.291667 999.999 0.999  2.647 0.000000
108.291667 109.291667 999.999 0.999  2.661 0.000000
112.291667 113.291667   9.102 0.000  3.256 0.000000
115.291667 116.291667 999.999 0.999  4.094 0.000000
119.291667 120.291667   8.867 0.000  4.218 0.000000
122.291667 123.291667  11.289 0.000  5.045 0.000000
126.291667 127.291667   5.779 0.000  3.869 0.000000
129.291667 130.291667   5.985 0.000  2.887 0.000000
133.291667 134.291667 999.999 0.999  3.274 0.000000
136.291667 137.291667   4.601 0.000  3.392 0.000000
140.291667 141.291667   8.459 0.000  3.112 0.000000
143.291667 144.291667   5.720 0.000  2.145 0.000000
147.291667 148.291667   8.849 0.000 99.999 0.999000
150.291667 151.291667   8.101 0.000  3.402 0.000000
154.291667 155.291667   5.000 0.000  2.529 0.000000
157.291667 158.291667  11.938 0.000  4.912 0.000000
161.291667 162.291667   9.046 0.000 99.999 0.999000
164.291667 165.291667  14.073 0.000  2.891 0.000000
168.291667 169.291667   4.189 0.000  2.456 0.000000
171.291667 172.291667   9.094 0.000  4.649 0.000000
175.291667 176.291667   9.789 0.000  2.572 0.000000
178.291667 179.291667  11.056 0.000  4.740 0.000000
182.291667 183.291667   9.008 0.000  3.353 0.000000
185.291667 186.291667   7.440 0.000  2.681 0.000000
189.291667 190.291667   6.318 0.000  3.396 0.000000
192.291667 193.291667 999.999 0.999 99.999 0.999000
196.291667 197.291667 999.999 0.999 99.999 0.999000
199.291667 200.291667 999.999 0.999 99.999 0.999000
203.291667 204.291667 999.999 0.999 99.999 0.999000
206.291667 207.291667 999.999 0.999 99.999 0.999000
210.291667 211.291667 999.999 0.999 99.999 0.999000
213.291667 214.291667 999.999 0.999 99.999 0.999000
217.291667 218.291667 999.999 0.999 99.999 0.999000
220.291667 221.291667 999.999 0.999 99.999 0.999000
224.291667 225.291667 999.999 0.999 99.999 0.999000
227.291667 228.291667 999.999 0.999 99.999 0.999000
231.291667 232.291667 999.999 0.999 99.999 0.999000
234.291667 235.291667 999.999 0.999 99.999 0.999000
238.291667 239.291667 999.999 0.999 99.999 0.999000
241.291667 242.291667 999.999 0.999 99.999 0.999000
245.291667 246.291667 999.999 0.999 99.999 0.999000
248.291667 249.291667 999.999 0.999 99.999 0.999000
252.291667 253.291667  10.082 0.000  5.271 0.000000
255.291667 256.291667   7.986 0.000  2.991 0.000000
259.291667 260.291667   6.304 0.000  2.894 0.000000
262.291667 263.291667   4.783 0.000  2.493 0.000000
266.291667 267.291667   6.275 0.000  2.981 0.000000
269.291667 270.291667   4.396 0.000 99.999 0.999000
273.291667 274.291667   3.469 0.000  2.423 0.000000
276.291667 277.291667   9.379 0.000  4.970 0.000000
280.291667 281.291667   9.094 0.000  3.181 0.000000
283.291667 284.291667   6.304 0.000  1.318 0.000000
287.291667 288.291667  11.259 0.000  4.728 0.000000
290.291667 291.291667  10.259 0.000  3.925 0.000000
294.291667 295.291667   9.088 0.000  4.393 0.000000
297.291667 298.291667 999.999 0.999 99.999 0.999000
301.291667 302.291667   7.273 0.000  4.825 0.000000
304.291667 305.291667   3.769 0.000 99.999 0.999000
308.291667 309.291667   2.403 0.000  2.160 0.000000
311.291667 312.291667  12.364 0.000 99.999 0.999000
315.291667 316.291667   4.110 0.000  2.862 0.000000
318.291667 319.291667   3.977 0.000  0.708 0.000000
322.291667 323.291667   4.884 0.000  3.131 0.000000
325.291667 326.291667   7.047 0.000  2.844 0.000000
329.291667 330.291667   5.361 0.000  4.752 0.000000
332.291667 333.291667   3.445 0.000  1.895 0.000000
336.291667 337.291667   4.151 0.000  3.265 0.000000
339.291667 340.291667   4.226 0.000  1.588 0.000000
343.291667 344.291667 999.999 0.999  4.307 0.000000
346.291667 347.291667 999.999 0.999 99.999 0.999000
350.291667 351.291667   2.032 0.000  1.832 0.000000
353.291667 354.291667   7.733 0.000  0.631 0.000000
357.291667 358.291667   2.907 0.000  1.321 0.000000
360.291667 361.291667   5.039 0.000  1.543 0.000000
364.291667 365.291667   4.054 0.000  1.893 0.000000
