scripts/IMPROVE-2019_partial/data/US4699R.20040101070000.20191216000000.filterpack..pm25.52w.1w.US03L_filterpack_US4699.US03L_IMPROVE_Davis.lev2.nas
66 1001
MISSING INFORMATION
US03L, IMPROVE, , , , , , , 
MISSING INFORMATION
IMPROVE sel_HTAP
1 1
2004 01 01 2019 12 16
3.000000
days from file reference point
27
1 1 1 1 1 1 1 1 1 1 1 1 1 1 1 1 1 1 1 1 1 1 1 1 1 1 1
999.999999 9999.99 9.999 99.99 9.999999 9.999 9.999999 9.99 9.999999 9.999 9.999 99.999 9.999 99.999 9.999 999.99 9.999999 999.999 9.999 999.999 9.999 99.999 9.999 9.999 9.999 9.999 9.999
end_time of measurement, days from the file reference point
iron, ng/m3, Revision date=20181210133000
numflag iron, no unit, Revision date=20181210133000
lead, ng/m3, Revision date=20181210133000
numflag lead, no unit, Revision date=20181210133000
magnesium, ug/m3, Revision date=20181210133000
numflag magnesium, no unit, Revision date=20181210133000
nickel, ng/m3, Revision date=20181210133000
numflag nickel, no unit, Revision date=20181210133000
nitrate, ug N/m3, Revision date=20181210133000
numflag nitrate, no unit, Revision date=20181210133000
organic_carbon, ug C/m3, Revision date=20181210133000
numflag organic_carbon, no unit, Revision date=20181210133000
organic_mass, ug/m3, Revision date=20181210133000
numflag organic_mass, no unit, Revision date=20181210133000
phosphorus, ng/m3, Revision date=20181210133000
numflag phosphorus, no unit, Revision date=20181210133000
pm10_mass, ug/m3, Version=2, Version description=Data extracted from http://views.cira.colostate.edu/fed/DataWizard 2019-12-16, Sample duration=1d, Orig. time res.=3d, Matrix=pm10, Blank correction=Blank corrected, Volume std. temperature=ambient, Volume std. pressure=ambient
numflag pm10_mass, no unit, Version=2, Version description=Data extracted from http://views.cira.colostate.edu/fed/DataWizard 2019-12-16, Sample duration=1d, Orig. time res.=3d, Matrix=pm10, Blank correction=Blank corrected, Volume std. temperature=ambient, Volume std. pressure=ambient
pm10_pm25_mass, ug/m3, Revision date=20181210133000, Matrix=pm10_pm25
numflag pm10_pm25_mass, no unit, Revision date=20181210133000, Matrix=pm10_pm25
pm25_mass, ug/m3, Version=2, Version description=Data extracted from http://views.cira.colostate.edu/fed/DataWizard 2019-12-16, Sample duration=1d, Orig. time res.=3d, Blank correction=Blank corrected, Volume std. temperature=ambient, Volume std. pressure=ambient
numflag pm25_mass, no unit, Version=2, Version description=Data extracted from http://views.cira.colostate.edu/fed/DataWizard 2019-12-16, Sample duration=1d, Orig. time res.=3d, Blank correction=Blank corrected, Volume std. temperature=ambient, Volume std. pressure=ambient
potassium, ug/m3, Revision date=20181210133000
numflag potassium, no unit, Revision date=20181210133000
sulphate_total, ug S/m3, Revision date=20181210133000
numflag sulphate_total, no unit, Revision date=20181210133000
0
25
Data definition:              EBAS_1.1
Set type code:                TU
Timezone:                     UTC
File name:                    US4699R.20040101070000.20191216000000.filterpack..pm25.52w.1w.US03L_filterpack_US4699.US03L_IMPROVE_Davis.lev2.nas
File creation:                20191218120448
Startdate:                    20040101070000
Revision date:                20191216000000
Statistics:                   arithmetic mean
Data level:                   2
Period code:                  52w
Resolution code:              1w
Station code:                 US4699R
Platform code:                US4699S
Station name:                 Bryce Canyon National Park-Repeater Hill (UT99)
Station latitude:             37.6186
Station longitude:            -112.1728
Station altitude:             2477.0 m
Regime:                       IMG
Component:                    
Matrix:                       pm25
Laboratory code:              US03L
Instrument type:              filterpack
Instrument name:              filterpack_US4699
Method ref:                   US03L_IMPROVE_Davis
starttime endtime Fe flag_Fe Pb flag_Pb Mg++ flag_Mg++ Ni flag_Ni NO3- flag_NO3- OC flag_OC OM flag_OM P flag_P PM10 flag_PM10 PM10-PM2.5 flag_PM10-PM2.5 PM2.5 flag_PM2.5 K+ flag_K+ SO4-- flag_SO4--
[from data line 81]
243.291667 244.291667   17.54 0.000  0.28 0.000000 9.999 0.259000 9.99 0.259000 0.018 0.000  3.390 0.000  4.745 0.000 999.99 0.259000   8.426 0.000   2.702 0.000  5.724 0.000 0.016 0.000 0.203 0.000
246.291667 247.291667   67.48 0.000  0.34 0.000000 0.108 0.000000 0.13 0.000000 0.056 0.000  2.668 0.000  3.735 0.000 999.99 0.259000  14.426 0.000  10.531 0.000  3.895 0.000 0.047 0.000 0.244 0.000
249.291667 250.291667   21.32 0.000  0.33 0.000000 9.999 0.259000 9.99 0.259000 0.014 0.000  0.522 0.000  0.731 0.000 999.99 0.259000   3.452 0.000   1.776 0.000  1.676 0.000 0.013 0.000 0.080 0.000
252.291667 253.291667   28.57 0.000  0.32 0.000000 9.999 0.259000 0.18 0.000000 0.017 0.000  0.934 0.000  1.307 0.000 999.99 0.259000   6.401 0.000   3.094 0.000  3.307 0.000 0.020 0.000 0.277 0.000
255.291667 256.291667   12.11 0.000  0.34 0.000000 0.203 0.000000 9.99 0.259000 0.012 0.000  0.443 0.000  0.620 0.000 999.99 0.259000   3.762 0.000   1.567 0.000  2.195 0.000 0.010 0.000 0.249 0.000
258.291667 259.291667   31.20 0.000  0.39 0.000000 9.999 0.259000 9.99 0.259000 0.026 0.000  0.436 0.000  0.610 0.000 999.99 0.259000 999.999 0.456 999.999 0.999  2.018 0.000 0.023 0.000 0.136 0.000
261.291667 262.291667   20.19 0.000  0.49 0.000000 9.999 0.259000 0.17 0.000000 0.037 0.000  0.385 0.000  0.538 0.000 999.99 0.259000 999.999 0.456 999.999 0.999  2.425 0.000 0.020 0.000 0.284 0.000
264.291667 265.291667    6.52 0.000  0.55 0.000000 9.999 0.259000 0.09 0.000000 0.075 0.000  0.486 0.000  0.680 0.000 999.99 0.259000 999.999 0.456 999.999 0.999  1.446 0.000 0.007 0.000 0.115 0.000
267.291667 268.291667    8.63 0.000  0.25 0.000000 0.063 0.000000 9.99 0.259000 0.006 0.000  0.212 0.000  0.297 0.000 999.99 0.259000   1.571 0.000   0.600 0.000  0.971 0.000 0.005 0.000 0.075 0.000
270.291667 271.291667   25.40 0.000  0.12 0.000000 9.999 0.259000 0.24 0.000000 0.024 0.000  1.730 0.000  2.422 0.000 999.99 0.259000   5.062 0.000   1.394 0.000  3.668 0.000 0.024 0.000 0.150 0.000
273.291667 274.291667   12.65 0.000  0.37 0.000000 9.999 0.259000 0.16 0.000000 0.023 0.000  2.992 0.000  4.188 0.000 999.99 0.259000   3.036 0.000   1.090 0.000  1.946 0.000 0.011 0.000 0.201 0.000
276.291667 277.291667   12.48 0.000  0.34 0.000000 0.084 0.000000 9.99 0.259000 0.023 0.000  0.509 0.000  0.713 0.000 999.99 0.259000   3.826 0.000   1.303 0.000  2.523 0.000 0.009 0.000 0.284 0.000
279.291667 280.291667   19.64 0.000  0.68 0.000000 9.999 0.259000 9.99 0.259000 0.022 0.000  0.664 0.000  0.930 0.000 999.99 0.259000   4.990 0.000   2.337 0.000  2.653 0.000 0.019 0.000 0.188 0.000
282.291667 283.291667   28.93 0.000  0.63 0.000000 9.999 0.259000 9.99 0.259000 0.013 0.000  0.670 0.000  0.939 0.000 999.99 0.259000   6.154 0.000   2.982 0.000  3.173 0.000 0.018 0.000 0.245 0.000
285.291667 286.291667 9999.99 0.456 99.99 0.456000 9.999 0.456000 9.99 0.456000 0.123 0.000  0.865 0.000  1.210 0.000 999.99 0.456000   6.618 0.000 999.999 0.999 99.999 0.456 9.999 0.456 0.360 0.000
288.291667 289.291667   14.17 0.000  0.40 0.000000 9.999 0.259000 0.10 0.000000 0.008 0.000  0.320 0.000  0.448 0.000 999.99 0.259000   2.703 0.000   1.476 0.000  1.227 0.000 0.012 0.000 0.058 0.000
291.291667 292.291667   12.52 0.000 99.99 0.259000 9.999 0.259000 0.11 0.000000 0.045 0.000  0.309 0.000  0.433 0.000 999.99 0.259000   3.077 0.000   1.211 0.000  1.866 0.000 0.013 0.000 0.190 0.000
294.291667 295.291667    0.29 0.000  0.17 0.000000 9.999 0.259000 0.15 0.000000 0.003 0.000  0.073 0.000  0.103 0.000 999.99 0.259000   0.209 0.000   0.149 0.000  0.060 0.000 9.999 0.259 9.999 0.259
297.291667 298.291667   11.71 0.000  0.64 0.000000 0.088 0.000000 9.99 0.259000 0.126 0.000  0.749 0.000  1.049 0.000 999.99 0.259000   3.221 0.000   0.806 0.000  2.415 0.000 0.015 0.000 0.198 0.000
300.291667 301.291667    9.66 0.000  0.53 0.000000 9.999 0.259000 9.99 0.259000 0.053 0.000  0.274 0.000  0.384 0.000 999.99 0.259000   2.050 0.000   0.842 0.000  1.208 0.000 0.007 0.000 0.147 0.000
303.291667 304.291667    2.82 0.000  0.33 0.000000 9.999 0.259000 9.99 0.259000 0.032 0.559  0.590 0.000  0.825 0.000 999.99 0.259000   1.924 0.000   0.331 0.000  1.593 0.000 0.004 0.000 0.109 0.559
306.291667 307.291667    4.79 0.000  0.36 0.000000 9.999 0.259000 9.99 0.259000 0.052 0.000  0.249 0.000  0.348 0.000 999.99 0.259000   1.383 0.000   0.370 0.000  1.012 0.000 0.008 0.000 0.094 0.000
309.291667 310.291667   11.31 0.000  0.49 0.000000 0.103 0.000000 9.99 0.259000 0.016 0.000  0.792 0.000  1.109 0.000 999.99 0.259000   3.576 0.000   1.529 0.000  2.048 0.000 0.011 0.000 0.136 0.000
312.291667 313.291667    0.72 0.000  0.15 0.000000 0.133 0.000000 0.13 0.000000 0.012 0.559  0.226 0.000  0.317 0.000 999.99 0.259000   0.374 0.000   0.105 0.000  0.269 0.000 9.999 0.259 0.030 0.559
315.291667 316.291667    6.92 0.000  0.41 0.000000 9.999 0.259000 9.99 0.259000 0.093 0.000  0.434 0.000  0.608 0.000 999.99 0.259000   2.301 0.000   0.125 0.000  2.176 0.000 0.005 0.000 0.265 0.000
318.291667 319.291667    4.36 0.000  0.96 0.000000 0.159 0.000000 9.99 0.259000 0.184 0.000  0.523 0.000  0.732 0.000 999.99 0.259000   3.367 0.000   0.301 0.000  3.066 0.000 0.008 0.000 0.421 0.000
321.291667 322.291667    2.71 0.000  0.43 0.000000 9.999 0.259000 9.99 0.259000 0.137 0.000  0.460 0.000  0.644 0.000 999.99 0.259000   1.799 0.000 999.999 0.259  1.921 0.000 0.005 0.000 0.146 0.000
324.291667 325.291667    3.55 0.000  0.45 0.000000 9.999 0.259000 9.99 0.259000 0.357 0.000  0.580 0.000  0.812 0.000 999.99 0.259000   2.609 0.000 999.999 0.259  2.911 0.000 0.006 0.000 0.209 0.000
327.291667 328.291667    4.05 0.000  0.28 0.000000 9.999 0.259000 0.11 0.000000 0.251 0.000  0.171 0.000  0.239 0.000 999.99 0.259000   2.489 0.000   0.379 0.000  2.110 0.000 0.007 0.000 0.150 0.000
330.291667 331.291667    5.15 0.000  0.25 0.000000 9.999 0.259000 0.03 0.000000 0.017 0.000  0.133 0.000  0.187 0.000 999.99 0.259000   0.795 0.000   0.350 0.000  0.445 0.000 0.007 0.000 0.050 0.000
333.291667 334.291667    7.17 0.000  0.40 0.000000 9.999 0.259000 9.99 0.259000 0.153 0.000  0.284 0.000  0.398 0.000 999.99 0.259000   2.820 0.000   0.823 0.000  1.997 0.000 0.010 0.000 0.213 0.000
336.291667 337.291667    3.71 0.000  0.58 0.000000 9.999 0.259000 9.99 0.259000 0.076 0.000  0.264 0.000  0.370 0.000 999.99 0.259000   1.094 0.000   0.268 0.000  0.826 0.000 0.007 0.000 0.072 0.000
339.291667 340.291667    8.52 0.000  0.63 0.000000 9.999 0.259000 0.19 0.000000 0.054 0.000  0.377 0.000  0.527 0.000 999.99 0.259000   2.778 0.000   0.483 0.000  2.294 0.000 0.013 0.000 0.335 0.000
342.291667 343.291667    0.64 0.000  1.03 0.000000 0.084 0.000000 0.21 0.000000 0.008 0.000  0.063 0.000  0.088 0.000 999.99 0.259000   0.251 0.000   0.015 0.000  0.236 0.000 9.999 0.259 0.032 0.000
345.291667 346.291667    0.76 0.000  0.16 0.000000 9.999 0.259000 0.21 0.000000 0.005 0.000  0.095 0.000  0.133 0.000 999.99 0.259000   0.248 0.000   0.043 0.000  0.205 0.000 0.003 0.000 0.019 0.000
348.291667 349.291667    5.69 0.000  0.32 0.000000 9.999 0.259000 9.99 0.259000 0.032 0.000  0.367 0.000  0.514 0.000 999.99 0.259000   1.799 0.000   0.223 0.000  1.576 0.000 0.006 0.000 0.142 0.000
351.291667 352.291667    3.75 0.000  0.56 0.000000 9.999 0.259000 9.99 0.259000 0.048 0.000  0.138 0.000  0.194 0.000 999.99 0.259000   0.665 0.000   0.259 0.000  0.407 0.000 0.007 0.000 0.049 0.000
354.291667 355.291667    5.01 0.000  0.52 0.000000 9.999 0.259000 0.13 0.000000 0.006 0.000  0.110 0.000  0.154 0.000 999.99 0.259000   0.579 0.000   0.282 0.000  0.297 0.000 0.009 0.000 0.041 0.000
357.291667 358.291667    3.72 0.000  0.68 0.000000 9.999 0.259000 9.99 0.259000 0.091 0.000  0.117 0.000  0.164 0.000 999.99 0.259000   1.683 0.000   0.767 0.000  0.916 0.000 0.007 0.000 0.094 0.000
360.291667 361.291667   12.67 0.000  0.61 0.000000 9.999 0.259000 9.99 0.259000 0.017 0.000  0.159 0.000  0.223 0.000 999.99 0.259000   1.913 0.000   0.934 0.000  0.979 0.000 0.009 0.000 0.095 0.000
363.291667 364.291667    1.66 0.000  0.53 0.000000 9.999 0.259000 9.99 0.259000 0.006 0.000  0.142 0.000  0.199 0.000 999.99 0.259000   0.291 0.000   0.054 0.000  0.237 0.000 0.002 0.000 0.013 0.000
