scripts/IMPROVE-2019_partial/data/US4699R.19970101070000.20191216000000.filterpack...1y.3d.US03L_filterpack_US4699.US03L_IMPROVE_Davis.lev2.nas
52 1001
MISSING INFORMATION
US03L, IMPROVE, , , , , , , 
MISSING INFORMATION
IMPROVE sel_HTAP
1 1
1997 01 01 2019 12 16
0
days from file reference point
5
1 1 1 1 1
999.999999 999.999 9.999 999.999 9.999
end_time of measurement, days from the file reference point
pm10_mass, ug/m3, Matrix=pm10
numflag pm10_mass, no unit, Matrix=pm10
pm25_mass, ug/m3, Matrix=pm25
numflag pm25_mass, no unit, Matrix=pm25
0
33
Data definition:              EBAS_1.1
Set type code:                TI
Timezone:                     UTC
File name:                    US4699R.19970101070000.20191216000000.filterpack...1y.3d.US03L_filterpack_US4699.US03L_IMPROVE_Davis.lev2.nas
File creation:                20191218120447
Startdate:                    19970101070000
Revision date:                20191216000000
Version:                      2
Version description:          "Data extracted from http://views.cira.colostate.edu/fed/DataWizard 2019-12-16"
Statistics:                   arithmetic mean
Data level:                   2
Period code:                  1y
Resolution code:              3d
Sample duration:              1d
Orig. time res.:              3d
Station code:                 US4699R
Platform code:                US4699S
Station name:                 Bryce Canyon National Park-Repeater Hill (UT99)
Station latitude:             37.6186
Station longitude:            -112.1728
Station altitude:             2477.0 m
Regime:                       IMG
Component:                    
Unit:                         ug/m3
Matrix:                       
Laboratory code:              US03L
Instrument type:              filterpack
Instrument name:              filterpack_US4699
Method ref:                   US03L_IMPROVE_Davis
Blank correction:             Blank corrected
Volume std. temperature:      ambient
Volume std. pressure:         ambient
starttime endtime PM10 flag_PM10 PM2.5 flag_PM2.5
  0.291667   1.291667   3.016 0.000   1.810 0.000
  3.291667   4.291667   2.976 0.000   0.494 0.000
  7.291667   8.291667   1.612 0.000   0.901 0.000
 10.291667  11.291667   3.100 0.000   0.701 0.000
 14.291667  15.291667   4.459 0.000   2.878 0.000
 17.291667  18.291667   2.156 0.000   1.105 0.000
 21.291667  22.291667   4.724 0.000   1.046 0.000
 24.291667  25.291667   1.163 0.000   0.793 0.000
 28.291667  29.291667   1.979 0.000   1.205 0.000
 31.291667  32.291667   2.015 0.000   1.015 0.000
 35.291667  36.291667   2.485 0.000   1.370 0.000
 38.291667  39.291667   3.289 0.000   2.803 0.000
 42.291667  43.291667   4.579 0.000   1.696 0.000
 45.291667  46.291667   2.824 0.000   0.634 0.000
 49.291667  50.291667   2.091 0.000   0.938 0.000
 52.291667  53.291667   1.232 0.000   0.852 0.000
 56.291667  57.291667   4.204 0.000   2.188 0.000
 59.291667  60.291667   2.740 0.000   1.600 0.000
 63.291667  64.291667   8.832 0.000   1.173 0.000
 66.291667  67.291667   3.356 0.000   2.336 0.000
 70.291667  71.291667   3.744 0.000   2.828 0.000
 73.291667  74.291667   8.288 0.000   2.509 0.000
 77.291667  78.291667 999.999 0.999   3.131 0.000
 80.291667  81.291667   7.370 0.000   3.193 0.000
 84.291667  85.291667   3.399 0.000   1.490 0.000
 87.291667  88.291667   6.433 0.000   2.357 0.000
 91.291667  92.291667   7.986 0.000   1.984 0.000
 94.291667  95.291667  14.610 0.000   1.814 0.000
 98.291667  99.291667  11.905 0.000   4.371 0.000
101.291667 102.291667   6.549 0.000   4.092 0.000
105.291667 106.291667   7.419 0.000   1.767 0.000
108.291667 109.291667   6.911 0.000   3.751 0.000
112.291667 113.291667   3.998 0.000   2.220 0.000
115.291667 116.291667   3.402 0.000   2.557 0.000
119.291667 120.291667   3.296 0.000   2.002 0.000
122.291667 123.291667   9.710 0.000   6.481 0.000
126.291667 127.291667   5.715 0.000   2.876 0.000
129.291667 130.291667   7.405 0.000   3.457 0.000
133.291667 134.291667   7.886 0.000   4.433 0.000
136.291667 137.291667  13.428 0.000   7.320 0.000
140.291667 141.291667   8.219 0.000   3.563 0.000
143.291667 144.291667   6.517 0.000   3.597 0.000
147.291667 148.291667  25.369 0.000  25.721 0.000
150.291667 151.291667  13.076 0.000   8.985 0.000
154.291667 155.291667   7.467 0.000   4.460 0.000
157.291667 158.291667   9.433 0.000   3.723 0.000
161.291667 162.291667  15.777 0.000   5.411 0.000
164.291667 165.291667  19.489 0.000   6.043 0.000
168.291667 169.291667   8.378 0.000   4.179 0.000
171.291667 172.291667   8.859 0.000   4.117 0.000
175.291667 176.291667   5.893 0.000   3.337 0.000
178.291667 179.291667   8.473 0.000   3.728 0.000
182.291667 183.291667  10.220 0.000   3.899 0.000
185.291667 186.291667   7.183 0.000   2.796 0.000
189.291667 190.291667   7.902 0.000   3.502 0.000
192.291667 193.291667   8.954 0.000   4.378 0.000
196.291667 197.291667   7.564 0.000   4.759 0.000
199.291667 200.291667   8.860 0.000   5.282 0.000
203.291667 204.291667 999.999 0.999   5.240 0.000
206.291667 207.291667   7.083 0.000   7.102 0.000
210.291667 211.291667   7.860 0.000   4.321 0.000
213.291667 214.291667   8.356 0.000   4.722 0.000
217.291667 218.291667   8.264 0.000   3.611 0.000
220.291667 221.291667   8.923 0.000   5.494 0.000
224.291667 225.291667  12.182 0.000   4.588 0.000
227.291667 228.291667  14.393 0.000   7.259 0.000
231.291667 232.291667   4.691 0.000   2.678 0.000
234.291667 235.291667   4.317 0.000   3.362 0.000
238.291667 239.291667   7.402 0.000   4.861 0.000
241.291667 242.291667  11.180 0.000   4.766 0.000
245.291667 246.291667   5.115 0.000   3.505 0.000
248.291667 249.291667   7.111 0.000   5.290 0.000
252.291667 253.291667   6.944 0.000   4.490 0.000
255.291667 256.291667   9.032 0.000   3.997 0.000
259.291667 260.291667   5.339 0.000   2.429 0.000
262.291667 263.291667   4.295 0.000   2.357 0.000
266.291667 267.291667   3.335 0.000   2.409 0.000
269.291667 270.291667   4.787 0.000   3.125 0.000
273.291667 274.291667   5.006 0.000   1.752 0.000
276.291667 277.291667   4.200 0.000   2.485 0.000
280.291667 281.291667   3.392 0.000   2.886 0.000
283.291667 284.291667   5.149 0.000   1.993 0.000
287.291667 288.291667   2.529 0.000   1.514 0.000
290.291667 291.291667   4.801 0.000   3.280 0.000
294.291667 295.291667   6.665 0.000   4.085 0.000
297.291667 298.291667   3.139 0.000   2.304 0.000
301.291667 302.291667   3.985 0.000   2.065 0.000
304.291667 305.291667   4.112 0.000   1.502 0.000
308.291667 309.291667   5.188 0.000   1.966 0.000
311.291667 312.291667   8.170 0.000   3.360 0.000
315.291667 316.291667   1.538 0.000   0.704 0.000
318.291667 319.291667   1.922 0.000   1.980 0.000
322.291667 323.291667   2.279 0.000   1.839 0.000
325.291667 326.291667   0.962 0.000   0.534 0.000
329.291667 330.291667   4.591 0.000   1.736 0.000
332.291667 333.291667   2.778 0.000   1.135 0.000
336.291667 337.291667   3.320 0.000   2.093 0.000
339.291667 340.291667   4.590 0.000   2.592 0.000
343.291667 344.291667   3.862 0.000   1.091 0.000
346.291667 347.291667   0.702 0.000 999.999 0.259
350.291667 351.291667   1.757 0.000   1.044 0.000
353.291667 354.291667   3.347 0.000   2.015 0.000
357.291667 358.291667   6.235 0.000   1.525 0.000
360.291667 361.291667   0.735 0.000   0.811 0.000
364.291667 365.291667   1.691 0.000   0.608 0.000
