scripts/IMPROVE-2019_partial/data/US4699R.19930102070000.20191216000000.filterpack...1y.3d.US03L_filterpack_US4699.US03L_IMPROVE_Davis.lev2.nas
51 1001
MISSING INFORMATION
US03L, IMPROVE, , , , , , , 
MISSING INFORMATION
IMPROVE sel_HTAP
1 1
1993 01 01 2019 12 16
0
days from file reference point
4
1 1 1 1
999.999999 999.999 999.999 9.999
end_time of measurement, days from the file reference point
pm10_mass, ug/m3, Matrix=pm10
pm25_mass, ug/m3, Matrix=pm25
numflag, no unit
0
33
Data definition:              EBAS_1.1
Set type code:                TI
Timezone:                     UTC
File name:                    US4699R.19930102070000.20191216000000.filterpack...1y.3d.US03L_filterpack_US4699.US03L_IMPROVE_Davis.lev2.nas
File creation:                20191218120447
Startdate:                    19930102070000
Revision date:                20191216000000
Version:                      2
Version description:          "Data extracted from http://views.cira.colostate.edu/fed/DataWizard 2019-12-16"
Statistics:                   arithmetic mean
Data level:                   2
Period code:                  1y
Resolution code:              3d
Sample duration:              1d
Orig. time res.:              3d
Station code:                 US4699R
Platform code:                US4699S
Station name:                 Bryce Canyon National Park-Repeater Hill (UT99)
Station latitude:             37.6186
Station longitude:            -112.1728
Station altitude:             2477.0 m
Regime:                       IMG
Component:                    
Unit:                         ug/m3
Matrix:                       
Laboratory code:              US03L
Instrument type:              filterpack
Instrument name:              filterpack_US4699
Method ref:                   US03L_IMPROVE_Davis
Blank correction:             Blank corrected
Volume std. temperature:      ambient
Volume std. pressure:         ambient
starttime endtime PM10 PM2.5 flag
  1.291667   2.291667   4.741   1.598 0.000
  5.291667   6.291667   4.252   3.040 0.000
  8.291667   9.291667   2.686   1.021 0.000
 12.291667  13.291667 999.999   3.075 0.000
 15.291667  16.291667 999.999 999.999 0.999
 19.291667  20.291667   1.375   1.298 0.000
 22.291667  23.291667   4.674   0.619 0.000
 26.291667  27.291667   4.081 999.999 0.000
 29.291667  30.291667   2.652   1.105 0.000
 33.291667  34.291667   5.271 999.999 0.000
 36.291667  37.291667   5.930   3.672 0.000
 40.291667  41.291667   2.636   1.088 0.000
 43.291667  44.291667   4.961   1.903 0.000
 47.291667  48.291667   3.837   3.273 0.000
 50.291667  51.291667   4.341 999.999 0.000
 54.291667  55.291667   1.308   1.128 0.000
 57.291667  58.291667  10.781   2.773 0.000
 61.291667  62.291667   5.641   2.778 0.000
 64.291667  65.291667   6.059   4.870 0.000
 68.291667  69.291667   7.249   2.232 0.000
 71.291667  72.291667   5.242   2.319 0.000
 75.291667  76.291667   3.702   1.503 0.000
 78.291667  79.291667   4.107   1.619 0.000
 82.291667  83.291667   5.694   4.709 0.000
 85.291667  86.291667   3.514   1.069 0.000
 89.291667  90.291667   5.970   3.284 0.000
 92.291667  93.291667   5.310   1.284 0.000
 96.291667  97.291667   4.889   2.725 0.000
 99.291667 100.291667  12.759   5.428 0.000
103.291667 104.291667   3.452   2.407 0.000
106.291667 107.291667   7.329   3.573 0.000
110.291667 111.291667   7.872   1.567 0.000
113.291667 114.291667   7.589   2.222 0.000
117.291667 118.291667   8.147   4.704 0.000
120.291667 121.291667   6.588   3.462 0.000
124.291667 125.291667   1.191   0.986 0.000
127.291667 128.291667  10.758   2.522 0.000
131.291667 132.291667   7.322   4.387 0.000
134.291667 135.291667   6.780   4.274 0.000
138.291667 139.291667   5.251   3.192 0.000
141.291667 142.291667   8.746   3.644 0.000
145.291667 146.291667   9.147   3.782 0.000
148.291667 149.291667   9.965   3.051 0.000
152.291667 153.291667   6.667   3.507 0.000
155.291667 156.291667  11.119   5.159 0.000
159.291667 160.291667   3.010   2.626 0.000
162.291667 163.291667  11.000   4.469 0.000
166.291667 167.291667  11.322   5.812 0.000
169.291667 170.291667   7.017   3.960 0.000
173.291667 174.291667  11.424   5.042 0.000
176.291667 177.291667   7.880   2.958 0.000
180.291667 181.291667   8.079   3.814 0.000
183.291667 184.291667  17.912   6.610 0.000
187.291667 188.291667   8.562   5.154 0.000
190.291667 191.291667   9.295   4.817 0.000
194.291667 195.291667   5.081 999.999 0.000
197.291667 198.291667  12.739   3.722 0.000
201.291667 202.291667   9.073   5.043 0.000
204.291667 205.291667  11.877   3.739 0.000
208.291667 209.291667   7.709   4.269 0.000
211.291667 212.291667   9.481   3.821 0.000
215.291667 216.291667   7.396   4.880 0.000
218.291667 219.291667   6.075   3.795 0.000
222.291667 223.291667   4.354   3.156 0.000
225.291667 226.291667   7.122   3.097 0.000
229.291667 230.291667   4.615 999.999 0.000
232.291667 233.291667   8.505   3.116 0.000
236.291667 237.291667  13.964   5.325 0.000
239.291667 240.291667   6.893   4.290 0.000
243.291667 244.291667   5.527   3.739 0.000
246.291667 247.291667   8.109   3.828 0.000
250.291667 251.291667  13.692   4.187 0.000
253.291667 254.291667  12.941   3.825 0.000
257.291667 258.291667 999.999 999.999 0.999
260.291667 261.291667  12.040   7.389 0.000
264.291667 265.291667 999.999 999.999 0.999
267.291667 268.291667 999.999 999.999 0.999
271.291667 272.291667  13.385 999.999 0.000
274.291667 275.291667  10.314   4.924 0.000
278.291667 279.291667   2.146   1.416 0.000
281.291667 282.291667   5.352   2.470 0.000
285.291667 286.291667   3.926 999.999 0.000
288.291667 289.291667   3.949   1.933 0.000
292.291667 293.291667   3.292   2.425 0.000
295.291667 296.291667   6.851   4.053 0.000
299.291667 300.291667   6.692   4.269 0.000
302.291667 303.291667   4.745   1.821 0.000
306.291667 307.291667 999.999   3.164 0.000
309.291667 310.291667   5.373   2.627 0.000
313.291667 314.291667  15.952  12.900 0.000
316.291667 317.291667   8.724   3.565 0.000
320.291667 321.291667   6.987 999.999 0.000
323.291667 324.291667   4.468   1.754 0.000
327.291667 328.291667   3.319   1.738 0.000
330.291667 331.291667   4.934   1.994 0.000
334.291667 335.291667   1.674 999.999 0.000
337.291667 338.291667   7.339   1.080 0.000
341.291667 342.291667   3.250   2.508 0.000
344.291667 345.291667   5.277   2.018 0.000
348.291667 349.291667   6.573   2.414 0.000
351.291667 352.291667   8.831   2.713 0.000
355.291667 356.291667   4.938 999.999 0.000
358.291667 359.291667   2.716   0.673 0.000
362.291667 363.291667   1.452   1.407 0.000
