scripts/IMPROVE-2019_partial/data/US4699R.20050101070000.20191216000000.filterpack..pm25.52w.1w.US03L_filterpack_US4699.US03L_IMPROVE_Davis.lev2.nas
66 1001
MISSING INFORMATION
US03L, IMPROVE, , , , , , , 
MISSING INFORMATION
IMPROVE sel_HTAP
1 1
2005 01 01 2019 12 16
3.000000
days from file reference point
27
1 1 1 1 1 1 1 1 1 1 1 1 1 1 1 1 1 1 1 1 1 1 1 1 1 1 1
999.999999 9999.99 9.999999 99.99 9.999999 9.999 9.999999 9.99 9.999999 9.999 9.999 99.999 9.999 99.999 9.999 999.99 9.999999999 999.999 9.999 99.999 9.999 999.999 9.999 9.999 9.999999 9.999 9.999
end_time of measurement, days from the file reference point
iron, ng/m3, Revision date=20181210133000
numflag iron, no unit, Revision date=20181210133000
lead, ng/m3, Revision date=20181210133000
numflag lead, no unit, Revision date=20181210133000
magnesium, ug/m3, Revision date=20181210133000
numflag magnesium, no unit, Revision date=20181210133000
nickel, ng/m3, Revision date=20181210133000
numflag nickel, no unit, Revision date=20181210133000
nitrate, ug N/m3, Revision date=20181210133000
numflag nitrate, no unit, Revision date=20181210133000
organic_carbon, ug C/m3, Revision date=20181210133000
numflag organic_carbon, no unit, Revision date=20181210133000
organic_mass, ug/m3, Revision date=20181210133000
numflag organic_mass, no unit, Revision date=20181210133000
phosphorus, ng/m3, Revision date=20181210133000
numflag phosphorus, no unit, Revision date=20181210133000
pm10_mass, ug/m3, Version=2, Version description=Data extracted from http://views.cira.colostate.edu/fed/DataWizard 2019-12-16, Sample duration=1d, Orig. time res.=3d, Matrix=pm10, Blank correction=Blank corrected, Volume std. temperature=ambient, Volume std. pressure=ambient
numflag pm10_mass, no unit, Version=2, Version description=Data extracted from http://views.cira.colostate.edu/fed/DataWizard 2019-12-16, Sample duration=1d, Orig. time res.=3d, Matrix=pm10, Blank correction=Blank corrected, Volume std. temperature=ambient, Volume std. pressure=ambient
pm10_pm25_mass, ug/m3, Revision date=20181210133000, Matrix=pm10_pm25
numflag pm10_pm25_mass, no unit, Revision date=20181210133000, Matrix=pm10_pm25
pm25_mass, ug/m3, Version=2, Version description=Data extracted from http://views.cira.colostate.edu/fed/DataWizard 2019-12-16, Sample duration=1d, Orig. time res.=3d, Blank correction=Blank corrected, Volume std. temperature=ambient, Volume std. pressure=ambient
numflag pm25_mass, no unit, Version=2, Version description=Data extracted from http://views.cira.colostate.edu/fed/DataWizard 2019-12-16, Sample duration=1d, Orig. time res.=3d, Blank correction=Blank corrected, Volume std. temperature=ambient, Volume std. pressure=ambient
potassium, ug/m3, Revision date=20181210133000
numflag potassium, no unit, Revision date=20181210133000
sulphate_total, ug S/m3, Revision date=20181210133000
numflag sulphate_total, no unit, Revision date=20181210133000
0
25
Data definition:              EBAS_1.1
Set type code:                TU
Timezone:                     UTC
File name:                    US4699R.20050101070000.20191216000000.filterpack..pm25.52w.1w.US03L_filterpack_US4699.US03L_IMPROVE_Davis.lev2.nas
File creation:                20191218120449
Startdate:                    20050101070000
Revision date:                20191216000000
Statistics:                   arithmetic mean
Data level:                   2
Period code:                  52w
Resolution code:              1w
Station code:                 US4699R
Platform code:                US4699S
Station name:                 Bryce Canyon National Park-Repeater Hill (UT99)
Station latitude:             37.6186
Station longitude:            -112.1728
Station altitude:             2477.0 m
Regime:                       IMG
Component:                    
Matrix:                       pm25
Laboratory code:              US03L
Instrument type:              filterpack
Instrument name:              filterpack_US4699
Method ref:                   US03L_IMPROVE_Davis
starttime endtime Fe flag_Fe Pb flag_Pb Mg++ flag_Mg++ Ni flag_Ni NO3- flag_NO3- OC flag_OC OM flag_OM P flag_P PM10 flag_PM10 PM10-PM2.5 flag_PM10-PM2.5 PM2.5 flag_PM2.5 K+ flag_K+ SO4-- flag_SO4--
[from data line 77]
231.291667 232.291667    6.46 0.000000  0.21 0.000000 0.016 0.000000 9.99 0.259000 0.008 0.000  0.458 0.000  0.825 0.000 999.99 0.259000000   3.026 0.000  1.316 0.000   1.710 0.000 0.008 0.000000 0.194 0.000
234.291667 235.291667   12.45 0.000000  0.27 0.000000 9.999 0.259000 0.45 0.000000 0.007 0.000  0.412 0.000  0.742 0.000 999.99 0.259000000   5.019 0.000  1.561 0.000   3.458 0.000 0.012 0.000000 0.547 0.000
237.291667 238.291667   15.00 0.000000  0.45 0.000000 9.999 0.259000 9.99 0.259000 0.020 0.000  0.421 0.000  0.757 0.000 999.99 0.259000000   5.009 0.000  2.225 0.000   2.784 0.000 0.013 0.000000 0.356 0.000
240.291667 241.291667   18.04 0.000000  0.19 0.000000 9.999 0.259000 9.99 0.259000 0.008 0.000  0.726 0.000  1.306 0.000 999.99 0.259000000   3.958 0.000  1.554 0.000   2.404 0.000 0.017 0.000000 0.174 0.000
243.291667 244.291667   65.31 0.000000  0.53 0.000000 0.032 0.000000 9.99 0.259000 0.044 0.000  0.610 0.000  1.098 0.000 999.99 0.259000000   8.816 0.000  5.419 0.000   3.397 0.000 0.054 0.000000 0.157 0.000
246.291667 247.291667   17.61 0.000000  0.63 0.000000 9.999 0.259000 9.99 0.259000 0.023 0.000  0.614 0.000  1.106 0.000 999.99 0.259000000   4.809 0.000  2.005 0.000   2.804 0.000 0.016 0.000000 0.300 0.000
249.291667 250.291667   21.78 0.000000  0.69 0.000000 9.999 0.259000 0.14 0.000000 0.011 0.000  0.450 0.000  0.811 0.000 999.99 0.259000000   5.335 0.000  2.420 0.000   2.914 0.000 0.018 0.000000 0.338 0.000
252.291667 253.291667   59.00 0.000000  0.57 0.000000 9.999 0.259000 0.07 0.000000 0.033 0.000  0.419 0.000  0.755 0.000 999.99 0.259000000  10.895 0.000  7.926 0.000   2.969 0.000 0.037 0.000000 0.173 0.000
255.291667 256.291667   17.82 0.000000  0.59 0.000000 9.999 0.259000 9.99 0.259000 0.040 0.000  0.533 0.000  0.959 0.000 999.99 0.259000000   5.156 0.000  2.727 0.000   2.437 0.000 0.015 0.000000 0.184 0.000
258.291667 259.291667   34.28 0.000000  0.70 0.000000 9.999 0.259000 0.13 0.000000 0.053 0.000  0.458 0.000  0.824 0.000 999.99 0.259000000   7.338 0.000  3.845 0.000   3.493 0.000 0.030 0.000000 0.306 0.000
261.291667 262.291667   25.84 0.000000  0.97 0.000000 9.999 0.259000 9.99 0.259000 0.022 0.000  0.525 0.000  0.946 0.000 999.99 0.259000000   5.551 0.000  2.937 0.000   2.614 0.000 0.022 0.000000 0.246 0.000
264.291667 265.291667   15.52 0.000000  0.51 0.000000 0.010 0.000000 9.99 0.259000 0.010 0.000  0.617 0.000  1.110 0.000 999.99 0.259000000   3.450 0.000  0.918 0.000   2.531 0.000 0.010 0.000000 0.254 0.000
267.291667 268.291667   23.16 0.000000  0.75 0.000000 9.999 0.259000 9.99 0.259000 0.020 0.000  0.464 0.000  0.834 0.000 999.99 0.259000000   3.361 0.000  1.400 0.000   1.961 0.000 0.015 0.000000 0.167 0.000
270.291667 271.291667    8.34 0.394000  0.60 0.394000 9.999 0.394259 9.99 0.394259 0.031 0.394  0.628 0.000  1.131 0.000 999.99 0.394259000   2.811 0.000  0.736 0.000   2.083 0.000 0.008 0.394000 0.212 0.394
273.291667 274.291667   21.68 0.000000  0.39 0.000000 0.009 0.000000 9.99 0.259000 0.011 0.000  0.866 0.000  1.559 0.000 999.99 0.259000000   4.489 0.000  1.997 0.000   2.492 0.000 0.020 0.000000 0.166 0.000
276.291667 277.291667   14.13 0.000000  0.34 0.000000 0.010 0.000000 9.99 0.259000 0.056 0.000  4.141 0.000  7.454 0.000 999.99 0.259000000  10.960 0.000  3.942 0.000   7.067 0.000 0.022 0.000000 0.203 0.000
279.291667 280.291667   19.67 0.000000  0.42 0.000000 9.999 0.259000 9.99 0.259000 0.021 0.000  0.789 0.000  1.420 0.000 999.99 0.259000000   5.832 0.000  2.888 0.000   2.943 0.000 0.018 0.000000 0.187 0.000
282.291667 283.291667    6.41 0.000000  0.35 0.000000 9.999 0.259000 9.99 0.259000 0.056 0.000  0.730 0.000  1.314 0.000 999.99 0.259000000   3.011 0.000  1.029 0.000   1.981 0.000 0.009 0.000000 0.130 0.000
285.291667 286.291667   11.30 0.000000  0.39 0.000000 0.010 0.000000 9.99 0.259000 0.018 0.000  0.479 0.000  0.863 0.000 999.99 0.259000000   3.509 0.000  1.728 0.000   1.781 0.000 0.009 0.000000 0.151 0.000
288.291667 289.291667    9.44 0.000000  0.40 0.000000 9.999 0.259000 9.99 0.259000 0.021 0.000  0.798 0.000  1.436 0.000 999.99 0.259000000   3.511 0.000  1.049 0.000   2.462 0.000 0.016 0.000000 0.232 0.000
291.291667 292.291667    1.81 0.000000  0.17 0.000000 9.999 0.259000 9.99 0.259000 0.024 0.000  0.804 0.000  1.446 0.000 999.99 0.259000000   1.714 0.000  0.156 0.000   1.558 0.000 0.004 0.000000 0.102 0.000
294.291667 295.291667    8.62 0.000000  0.54 0.000000 9.999 0.259000 9.99 0.259000 0.015 0.000  0.900 0.000  1.620 0.000 999.99 0.259000000   3.591 0.000  0.995 0.000   2.596 0.000 0.009 0.000000 0.195 0.000
297.291667 298.291667   13.08 0.000000  0.51 0.000000 0.012 0.000000 9.99 0.259000 0.015 0.000  0.649 0.000  1.169 0.000 999.99 0.259000000   3.968 0.000  1.486 0.000   2.481 0.000 0.014 0.000000 0.248 0.000
300.291667 301.291667 9999.99 0.999000 99.99 0.999000 9.999 0.999000 9.99 0.999000 9.999 0.999 99.999 0.999 99.999 0.999 999.99 0.999000000 999.999 0.999 99.999 0.999 999.999 0.999 9.999 0.999000 9.999 0.999
303.291667 304.291667 9999.99 0.999000 99.99 0.999000 9.999 0.999000 9.99 0.999000 9.999 0.999 99.999 0.999 99.999 0.999 999.99 0.999000000 999.999 0.999 99.999 0.999 999.999 0.999 9.999 0.999000 9.999 0.999
306.291667 307.291667   50.69 0.000000  1.70 0.000000 0.014 0.000000 0.22 0.000000 0.035 0.000  0.557 0.000  1.002 0.000 999.99 0.259000000   6.930 0.000  3.414 0.000   3.516 0.000 0.037 0.000000 0.384 0.000
309.291667 310.291667   15.65 0.000000  0.35 0.000000 9.999 0.259000 9.99 0.259000 0.008 0.000  0.305 0.000  0.550 0.000 999.99 0.259000000   1.963 0.000  0.934 0.000   1.029 0.000 0.013 0.000000 0.077 0.000
312.291667 313.291667   23.67 0.000000  0.82 0.000000 9.999 0.259000 0.25 0.000000 0.016 0.000  1.007 0.000  1.812 0.000 999.99 0.259000000   7.311 0.000  2.994 0.000   4.317 0.000 0.024 0.000000 0.353 0.000
315.291667 316.291667    6.69 0.000000  0.37 0.000000 9.999 0.259000 9.99 0.259000 0.046 0.000  0.621 0.000  1.119 0.000 999.99 0.259000000   2.689 0.000  0.774 0.000   1.916 0.000 0.010 0.000000 0.182 0.000
318.291667 319.291667    6.48 0.000000  0.32 0.000000 9.999 0.259000 9.99 0.259000 0.032 0.000  0.313 0.000  0.564 0.000 999.99 0.259000000   2.490 0.000  1.450 0.000   1.061 0.000 0.008 0.000000 0.078 0.000
321.291667 322.291667    8.42 0.000000  1.15 0.000000 9.999 0.259000 9.99 0.259000 0.079 0.000  0.146 0.000  0.262 0.000 999.99 0.259000000   1.717 0.000  0.663 0.000   1.054 0.000 0.008 0.000000 0.090 0.000
324.291667 325.291667    9.83 0.000000  0.42 0.000000 9.999 0.259000 9.99 0.259000 0.026 0.000  0.205 0.000  0.369 0.000 999.99 0.259000000   1.595 0.000  0.721 0.000   0.874 0.000 0.007 0.000000 0.083 0.000
327.291667 328.291667    8.20 0.000000  0.43 0.000000 9.999 0.259000 9.99 0.259000 0.036 0.000  0.180 0.000  0.324 0.000 999.99 0.259000000   1.933 0.000  0.873 0.000   1.059 0.000 0.007 0.000000 0.107 0.000
330.291667 331.291667    2.84 0.000000  0.26 0.000000 9.999 0.259000 9.99 0.259000 0.021 0.000  0.075 0.000  0.136 0.000 999.99 0.259000000   1.404 0.000  0.846 0.000   0.558 0.000 0.003 0.000000 0.044 0.000
333.291667 334.291667    3.27 0.000000  0.15 0.000000 9.999 0.259000 9.99 0.259000 0.020 0.000  0.347 0.000  0.625 0.000 999.99 0.259000000 999.999 0.456  1.022 0.000   0.759 0.000 0.006 0.000000 0.049 0.000
336.291667 337.291667    4.99 0.000000  0.30 0.000000 9.999 0.259000 9.99 0.259000 0.020 0.000  0.188 0.000  0.338 0.000 999.99 0.259000000 999.999 0.456  1.022 0.000   0.768 0.000 0.006 0.000000 0.090 0.000
339.291667 340.291667    3.78 0.000000  0.19 0.000000 9.999 0.259000 9.99 0.259000 0.006 0.000  0.174 0.000  0.313 0.000 999.99 0.259000000 999.999 0.456  1.022 0.000   0.369 0.000 0.003 0.000000 0.040 0.000
342.291667 343.291667    2.93 0.000000  0.16 0.000000 9.999 0.259000 9.99 0.259000 0.013 0.000  0.140 0.000  0.252 0.000 999.99 0.259000000   0.674 0.000  0.193 0.000   0.482 0.000 0.004 0.000000 0.052 0.000
345.291667 346.291667   13.89 0.394000  0.24 0.394000 9.999 0.394259 0.15 0.394000 0.012 0.394  0.385 0.000  0.692 0.000 999.99 0.394259000   2.213 0.000  1.110 0.000   1.117 0.000 0.011 0.394000 0.090 0.394
348.291667 349.291667    3.04 0.000000  0.40 0.000000 9.999 0.259000 9.99 0.259000 0.061 0.000  0.032 0.000  0.058 0.000 999.99 0.259000000   1.060 0.000  0.631 0.000   0.428 0.000 0.003 0.000000 0.038 0.000
351.291667 352.291667   17.41 0.000000  0.75 0.000000 9.999 0.259000 0.32 0.000000 0.272 0.000  0.603 0.000  1.085 0.000 999.99 0.259000000   5.240 0.000  2.156 0.000   3.083 0.000 0.023 0.000000 0.169 0.000
354.291667 355.291667    3.96 0.000000  0.15 0.000000 9.999 0.259000 9.99 0.259000 0.004 0.000  0.074 0.000  0.133 0.000 999.99 0.259000000   0.669 0.000  0.220 0.000   0.449 0.000 0.003 0.000000 0.032 0.000
357.291667 358.291667    1.97 0.000000  0.20 0.000000 9.999 0.259000 9.99 0.259000 0.005 0.000  0.171 0.000  0.309 0.000 999.99 0.259000000   0.586 0.000  0.166 0.000   0.421 0.000 0.003 0.000000 0.030 0.000
360.291667 361.291667    0.70 0.000000  0.20 0.000000 9.999 0.259000 9.99 0.259000 0.006 0.000  0.079 0.000  0.141 0.000 999.99 0.259000000   0.421 0.000  0.117 0.000   0.303 0.000 0.001 0.000000 0.016 0.000
363.291667 364.291667    1.81 0.000000 99.99 0.259000 0.004 0.000000 9.99 0.259000 0.004 0.000  0.114 0.000  0.205 0.000 999.99 0.259000000   0.632 0.000  0.267 0.000   0.364 0.000 0.002 0.000000 0.022 0.000
