scripts/IMPROVE-2019_partial/data/US4699R.20030103070000.20191216000000.filterpack..pm25.1y.1w.US03L_filterpack_US4699.US03L_IMPROVE_Davis.lev2.nas
66 1001
MISSING INFORMATION
US03L, IMPROVE, , , , , , , 
MISSING INFORMATION
IMPROVE sel_HTAP
1 1
2003 01 01 2019 12 16
3.000000
days from file reference point
27
1 1 1 1 1 1 1 1 1 1 1 1 1 1 1 1 1 1 1 1 1 1 1 1 1 1 1
999.999999 9999.99 9.999 99.99 9.999999 9.999 9.999999 9.99 9.999999 9.999 9.999 99.999 9.999 999.999 9.999 999.99 9.999999 999.999 9.999 999.999 9.999 999.999 9.999 9.999 9.999 9.999 9.999
end_time of measurement, days from the file reference point
iron, ng/m3, Revision date=20181210133000
numflag iron, no unit, Revision date=20181210133000
lead, ng/m3, Revision date=20181210133000
numflag lead, no unit, Revision date=20181210133000
magnesium, ug/m3, Revision date=20181210133000
numflag magnesium, no unit, Revision date=20181210133000
nickel, ng/m3, Revision date=20181210133000
numflag nickel, no unit, Revision date=20181210133000
nitrate, ug N/m3, Revision date=20181210133000
numflag nitrate, no unit, Revision date=20181210133000
organic_carbon, ug C/m3, Revision date=20181210133000
numflag organic_carbon, no unit, Revision date=20181210133000
organic_mass, ug/m3, Revision date=20181210133000
numflag organic_mass, no unit, Revision date=20181210133000
phosphorus, ng/m3, Revision date=20181210133000
numflag phosphorus, no unit, Revision date=20181210133000
pm10_mass, ug/m3, Version=2, Version description=Data extracted from http://views.cira.colostate.edu/fed/DataWizard 2019-12-16, Sample duration=1d, Orig. time res.=3d, Matrix=pm10, Blank correction=Blank corrected, Volume std. temperature=ambient, Volume std. pressure=ambient
numflag pm10_mass, no unit, Version=2, Version description=Data extracted from http://views.cira.colostate.edu/fed/DataWizard 2019-12-16, Sample duration=1d, Orig. time res.=3d, Matrix=pm10, Blank correction=Blank corrected, Volume std. temperature=ambient, Volume std. pressure=ambient
pm10_pm25_mass, ug/m3, Revision date=20181210133000, Matrix=pm10_pm25
numflag pm10_pm25_mass, no unit, Revision date=20181210133000, Matrix=pm10_pm25
pm25_mass, ug/m3, Version=2, Version description=Data extracted from http://views.cira.colostate.edu/fed/DataWizard 2019-12-16, Sample duration=1d, Orig. time res.=3d, Blank correction=Blank corrected, Volume std. temperature=ambient, Volume std. pressure=ambient
numflag pm25_mass, no unit, Version=2, Version description=Data extracted from http://views.cira.colostate.edu/fed/DataWizard 2019-12-16, Sample duration=1d, Orig. time res.=3d, Blank correction=Blank corrected, Volume std. temperature=ambient, Volume std. pressure=ambient
potassium, ug/m3, Revision date=20181210133000
numflag potassium, no unit, Revision date=20181210133000
sulphate_total, ug S/m3, Revision date=20181210133000
numflag sulphate_total, no unit, Revision date=20181210133000
0
25
Data definition:              EBAS_1.1
Set type code:                TU
Timezone:                     UTC
File name:                    US4699R.20030103070000.20191216000000.filterpack..pm25.1y.1w.US03L_filterpack_US4699.US03L_IMPROVE_Davis.lev2.nas
File creation:                20191218120448
Startdate:                    20030103070000
Revision date:                20191216000000
Statistics:                   arithmetic mean
Data level:                   2
Period code:                  1y
Resolution code:              1w
Station code:                 US4699R
Platform code:                US4699S
Station name:                 Bryce Canyon National Park-Repeater Hill (UT99)
Station latitude:             37.6186
Station longitude:            -112.1728
Station altitude:             2477.0 m
Regime:                       IMG
Component:                    
Matrix:                       pm25
Laboratory code:              US03L
Instrument type:              filterpack
Instrument name:              filterpack_US4699
Method ref:                   US03L_IMPROVE_Davis
starttime endtime Fe flag_Fe Pb flag_Pb Mg++ flag_Mg++ Ni flag_Ni NO3- flag_NO3- OC flag_OC OM flag_OM P flag_P PM10 flag_PM10 PM10-PM2.5 flag_PM10-PM2.5 PM2.5 flag_PM2.5 K+ flag_K+ SO4-- flag_SO4--
[from data line 80]
242.291667 243.291667   20.21 0.000  0.33 0.000000 9.999 0.259000 0.03 0.000000 0.029 0.000  1.083 0.000   1.517 0.000 999.99 0.259000   6.417 0.000   3.156 0.000   3.261 0.000 0.027 0.000 0.173 0.000
245.291667 246.291667   13.23 0.000  0.15 0.000000 9.999 0.259000 0.09 0.000000 0.010 0.000  0.543 0.000   0.761 0.000 999.99 0.259000   3.980 0.000   1.644 0.000   2.336 0.000 0.011 0.000 0.170 0.000
248.291667 249.291667   11.59 0.000  0.19 0.000000 9.999 0.259000 0.06 0.000000 0.008 0.000  0.510 0.000   0.713 0.000 999.99 0.259000   2.503 0.000   1.416 0.000   1.087 0.000 0.009 0.000 0.101 0.000
251.291667 252.291667 9999.99 0.456 99.99 0.456000 9.999 0.456000 9.99 0.456000 9.999 0.456 99.999 0.999 999.999 0.999 999.99 0.456000 999.999 0.456 999.999 0.999 999.999 0.456 9.999 0.456 9.999 0.456
254.291667 255.291667   13.88 0.000  0.15 0.000000 0.017 0.000000 0.08 0.000000 0.003 0.000  0.392 0.000   0.549 0.000 999.99 0.259000   3.109 0.000   2.079 0.000   1.030 0.000 0.008 0.000 0.044 0.000
257.291667 258.291667   43.75 0.000  0.38 0.000000 0.032 0.000000 0.10 0.000000 0.023 0.000  0.808 0.000   1.131 0.000 999.99 0.259000  10.721 0.000   7.155 0.000   3.566 0.000 0.035 0.000 0.168 0.000
260.291667 261.291667   10.28 0.000  0.17 0.000000 9.999 0.259000 9.99 0.259000 0.007 0.000  0.210 0.000   0.294 0.000 999.99 0.259000   3.105 0.000   2.013 0.000   1.092 0.000 0.009 0.000 0.047 0.000
263.291667 264.291667   27.49 0.000  0.72 0.000000 9.999 0.259000 9.99 0.259000 0.012 0.000  0.386 0.000   0.541 0.000 999.99 0.259000   3.817 0.000   1.887 0.000   1.931 0.000 0.027 0.000 0.131 0.000
266.291667 267.291667   24.60 0.000  0.38 0.000000 9.999 0.259000 9.99 0.259000 0.006 0.000  0.711 0.000   0.995 0.000 999.99 0.259000   4.711 0.000   2.709 0.000   2.002 0.000 0.023 0.000 0.082 0.000
269.291667 270.291667   27.78 0.559  0.26 0.559000 9.999 0.559259 9.99 0.559259 0.011 0.000  0.890 0.000   1.245 0.000 999.99 0.559259   6.620 0.000   3.914 0.000   2.706 0.559 0.026 0.559 0.066 0.000
272.291667 273.291667   31.15 0.000  0.32 0.000000 9.999 0.259000 0.05 0.000000 0.012 0.000  0.419 0.000   0.586 0.000 999.99 0.259000   7.674 0.000   4.928 0.000   2.746 0.000 0.018 0.000 0.209 0.000
275.291667 276.291667    5.11 0.000  0.17 0.000000 0.024 0.000000 9.99 0.259000 0.014 0.000  0.491 0.000   0.688 0.000 999.99 0.259000   1.726 0.000   0.497 0.000   1.229 0.000 0.007 0.000 0.065 0.000
278.291667 279.291667    8.95 0.000  0.19 0.000000 0.019 0.000000 9.99 0.259000 0.010 0.000  0.548 0.000   0.767 0.000 999.99 0.259000   3.636 0.000   1.626 0.000   2.010 0.000 0.007 0.000 0.163 0.000
281.291667 282.291667   26.06 0.000  0.50 0.000000 9.999 0.259000 0.19 0.000000 0.008 0.000  0.617 0.000   0.864 0.000 999.99 0.259000   3.899 0.000   1.025 0.000   2.874 0.000 0.019 0.000 0.196 0.000
284.291667 285.291667   52.58 0.000  0.36 0.000000 0.052 0.000000 0.07 0.000000 0.024 0.000  0.521 0.000   0.729 0.000 999.99 0.259000   7.675 0.000   4.686 0.000   2.990 0.000 0.038 0.000 0.112 0.000
287.291667 288.291667   48.17 0.559  0.77 0.559000 0.028 0.559000 0.05 0.559000 0.035 0.000  0.630 0.000   0.882 0.000 999.99 0.559259   7.884 0.000   4.559 0.000   3.325 0.559 0.033 0.559 0.167 0.000
290.291667 291.291667   40.36 0.000  0.65 0.000000 9.999 0.259000 0.07 0.000000 0.009 0.000  0.530 0.000   0.743 0.000 999.99 0.259000   4.792 0.000   2.008 0.000   2.784 0.000 0.027 0.000 0.133 0.000
293.291667 294.291667   28.41 0.000  0.35 0.000000 9.999 0.259000 0.04 0.000000 0.007 0.000  0.470 0.000   0.658 0.000 999.99 0.259000   5.253 0.000   2.609 0.000   2.644 0.000 0.020 0.000 0.140 0.000
296.291667 297.291667   77.00 0.000  0.70 0.000000 9.999 0.259000 0.15 0.000000 0.018 0.000  0.431 0.000   0.604 0.000 999.99 0.259000   9.395 0.000   5.785 0.000   3.610 0.000 0.055 0.000 0.095 0.000
299.291667 300.291667   26.35 0.000  0.47 0.000000 9.999 0.259000 0.16 0.000000 9.999 0.259  0.521 0.000   0.730 0.000 999.99 0.259000   3.717 0.000   1.382 0.000   2.335 0.000 0.030 0.000 0.030 0.000
302.291667 303.291667  307.36 0.699  2.55 0.699000 9.999 0.699259 0.19 0.699000 0.341 0.000  8.866 0.000  12.412 0.000  71.32 0.699000  63.086 0.000  34.716 0.000  28.370 0.699 0.484 0.699 0.230 0.000
305.291667 306.291667   10.95 0.000  0.44 0.000000 9.999 0.259000 0.10 0.000000 0.078 0.000  0.827 0.000   1.157 0.000 999.99 0.259000   4.506 0.000   1.660 0.000   2.845 0.000 0.066 0.000 0.138 0.000
308.291667 309.291667   29.42 0.000  0.36 0.000000 0.017 0.000000 0.30 0.000000 0.048 0.000  0.270 0.000   0.378 0.000 999.99 0.259000   4.092 0.000   1.976 0.000   2.116 0.000 0.022 0.000 0.069 0.000
311.291667 312.291667   23.80 0.000  0.55 0.000000 9.999 0.259000 0.17 0.000000 0.104 0.000  0.388 0.000   0.544 0.000 999.99 0.259000   3.739 0.000   1.653 0.000   2.086 0.000 0.020 0.000 0.100 0.000
314.291667 315.291667    8.34 0.000  0.60 0.000000 0.015 0.000000 0.11 0.000000 0.028 0.000  0.260 0.000   0.363 0.000 999.99 0.259000   1.970 0.000   0.603 0.000   1.367 0.000 0.009 0.000 0.138 0.000
317.291667 318.291667    7.21 0.000  0.32 0.000000 9.999 0.259000 0.05 0.000000 0.030 0.000  0.469 0.000   0.656 0.000 999.99 0.259000   2.604 0.000   1.251 0.000   1.353 0.000 0.008 0.000 0.106 0.000
320.291667 321.291667    3.73 0.000  0.22 0.000000 9.999 0.259000 0.08 0.000000 0.014 0.000  0.267 0.000   0.374 0.000 999.99 0.259000   0.785 0.000   0.178 0.000   0.608 0.000 0.005 0.000 0.032 0.000
323.291667 324.291667    3.83 0.000  0.20 0.000000 0.026 0.000000 9.99 0.259000 0.005 0.000  0.284 0.000   0.397 0.000 999.99 0.259000   1.931 0.000   1.446 0.000   0.485 0.000 0.003 0.000 0.026 0.000
326.291667 327.291667    5.44 0.000  0.34 0.000000 0.022 0.000000 0.04 0.000000 0.022 0.000  0.277 0.000   0.388 0.000 999.99 0.259000   1.757 0.000   0.670 0.000   1.087 0.000 0.007 0.000 0.061 0.000
329.291667 330.291667    8.71 0.000  0.68 0.000000 0.025 0.000000 9.99 0.259000 0.019 0.000  0.235 0.000   0.330 0.000 999.99 0.259000   2.480 0.000   1.358 0.000   1.122 0.000 0.009 0.000 0.063 0.000
332.291667 333.291667    6.67 0.000  0.36 0.000000 0.031 0.000000 0.10 0.000000 0.004 0.000  0.155 0.000   0.217 0.000 999.99 0.259000   1.109 0.000   0.335 0.000   0.775 0.000 0.005 0.000 0.050 0.000
335.291667 336.291667   21.19 0.000  0.59 0.000000 9.999 0.259000 9.99 0.259000 0.025 0.000  0.281 0.000   0.393 0.000 999.99 0.259000   2.958 0.000   1.599 0.000   1.359 0.000 0.020 0.000 0.070 0.000
338.291667 339.291667   10.30 0.000  0.41 0.000000 0.029 0.000000 9.99 0.259000 0.008 0.000  0.197 0.000   0.275 0.000 999.99 0.259000   2.002 0.000   1.031 0.000   0.971 0.000 0.009 0.000 0.050 0.000
341.291667 342.291667    4.36 0.000  0.35 0.000000 9.999 0.259000 0.17 0.000000 0.007 0.000  0.153 0.000   0.215 0.000 999.99 0.259000   1.240 0.000   0.795 0.000   0.445 0.000 0.004 0.000 0.020 0.000
344.291667 345.291667    6.69 0.000  0.25 0.000000 9.999 0.259000 0.08 0.000000 0.057 0.000  0.276 0.000   0.386 0.000 999.99 0.259000 999.999 0.456 999.999 0.999   1.142 0.000 0.009 0.000 0.060 0.000
347.291667 348.291667    5.47 0.000  0.37 0.000000 9.999 0.259000 9.99 0.259000 0.024 0.000  0.209 0.000   0.293 0.000 999.99 0.259000 999.999 0.456 999.999 0.999   0.785 0.000 0.008 0.000 0.044 0.000
350.291667 351.291667    2.61 0.559  0.16 0.559000 9.999 0.559259 9.99 0.559259 0.006 0.000  0.147 0.000   0.206 0.000 999.99 0.559259 999.999 0.456 999.999 0.999   0.368 0.559 0.003 0.559 0.016 0.000
353.291667 354.291667   12.52 0.000  0.34 0.000000 9.999 0.259000 0.04 0.000000 0.012 0.000  0.349 0.000   0.488 0.000 999.99 0.259000 999.999 0.456 999.999 0.999   1.177 0.000 0.010 0.000 0.050 0.000
356.291667 357.291667   24.26 0.000  0.24 0.000000 9.999 0.259000 0.07 0.000000 0.012 0.000  0.159 0.000   0.222 0.000 999.99 0.259000 999.999 0.456 999.999 0.999   1.028 0.000 0.016 0.000 0.056 0.000
359.291667 360.291667    2.05 0.000  0.20 0.000000 9.999 0.259000 9.99 0.259000 0.011 0.000  0.155 0.000   0.216 0.000 999.99 0.259000   1.447 0.000   1.117 0.000   0.329 0.000 0.004 0.000 0.016 0.000
362.291667 363.291667    4.55 0.000  0.18 0.000000 9.999 0.259000 9.99 0.259000 0.008 0.000  0.213 0.000   0.298 0.000 999.99 0.259000   0.827 0.000   0.331 0.000   0.496 0.000 0.005 0.000 0.032 0.000
