scripts/IMPROVE-2019_partial/data/US4699R.20160101070000.20191216000000.filterpack...52w.3d.US03L_filterpack_US4699.US03L_IMPROVE_Davis.lev2.nas
52 1001
MISSING INFORMATION
US03L, IMPROVE, , , , , , , 
MISSING INFORMATION
IMPROVE sel_HTAP
1 1
2016 01 01 2019 12 16
3.000000
days from file reference point
5
1 1 1 1 1
999.999999 999.999 9.999 99.999 9.999
end_time of measurement, days from the file reference point
pm10_mass, ug/m3, Matrix=pm10
numflag pm10_mass, no unit, Matrix=pm10
pm25_mass, ug/m3, Matrix=pm25
numflag pm25_mass, no unit, Matrix=pm25
0
33
Data definition:              EBAS_1.1
Set type code:                TU
Timezone:                     UTC
File name:                    US4699R.20160101070000.20191216000000.filterpack...52w.3d.US03L_filterpack_US4699.US03L_IMPROVE_Davis.lev2.nas
File creation:                20191218120450
Startdate:                    20160101070000
Revision date:                20191216000000
Version:                      2
Version description:          "Data extracted from http://views.cira.colostate.edu/fed/DataWizard 2019-12-16"
Statistics:                   arithmetic mean
Data level:                   2
Period code:                  52w
Resolution code:              3d
Sample duration:              1d
Orig. time res.:              3d
Station code:                 US4699R
Platform code:                US4699S
Station name:                 Bryce Canyon National Park-Repeater Hill (UT99)
Station latitude:             37.6186
Station longitude:            -112.1728
Station altitude:             2477.0 m
Regime:                       IMG
Component:                    
Unit:                         ug/m3
Matrix:                       
Laboratory code:              US03L
Instrument type:              filterpack
Instrument name:              filterpack_US4699
Method ref:                   US03L_IMPROVE_Davis
Blank correction:             Blank corrected
Volume std. temperature:      ambient
Volume std. pressure:         ambient
starttime endtime PM10 flag_PM10 PM2.5 flag_PM2.5
  0.291667   1.291667   1.720 0.000  1.105 0.000
  3.291667   4.291667   1.521 0.000  1.199 0.000
  6.291667   7.291667   0.168 0.000  0.159 0.000
  9.291667  10.291667   0.766 0.000  0.636 0.000
 12.291667  13.291667   0.343 0.000  0.281 0.000
 15.291667  16.291667   0.259 0.000  0.312 0.000
 18.291667  19.291667   0.312 0.000  0.164 0.000
 21.291667  22.291667   0.381 0.000  0.250 0.000
 24.291667  25.291667   0.299 0.000  0.252 0.000
 27.291667  28.291667   0.504 0.000  0.342 0.000
 30.291667  31.291667 999.999 0.456  0.064 0.000
 33.291667  34.291667   0.474 0.000  0.222 0.000
 36.291667  37.291667   1.523 0.000  0.867 0.000
 39.291667  40.291667   1.179 0.000  0.278 0.000
 42.291667  43.291667 999.999 0.456 99.999 0.456
 45.291667  46.291667 999.999 0.456 99.999 0.456
 48.291667  49.291667   2.214 0.000  0.821 0.000
 51.291667  52.291667   3.486 0.000  1.373 0.000
 54.291667  55.291667   1.922 0.000  0.966 0.000
 57.291667  58.291667   2.445 0.000  0.931 0.000
 60.291667  61.291667   1.926 0.000  0.976 0.000
 63.291667  64.291667   6.822 0.000  2.728 0.000
 66.291667  67.291667   1.282 0.000  0.572 0.000
 69.291667  70.291667   0.676 0.000  0.496 0.000
 72.291667  73.291667   4.462 0.000  1.912 0.000
 75.291667  76.291667 999.999 0.999 99.999 0.999
 78.291667  79.291667 999.999 0.999 99.999 0.999
 81.291667  82.291667 999.999 0.999 99.999 0.999
 84.291667  85.291667   3.687 0.000  1.538 0.000
 87.291667  88.291667  11.703 0.000  3.488 0.000
 90.291667  91.291667   0.669 0.000  0.949 0.000
 93.291667  94.291667   1.903 0.000  0.989 0.000
 96.291667  97.291667   4.064 0.000  1.999 0.000
 99.291667 100.291667   1.107 0.000  0.687 0.000
102.291667 103.291667 999.999 0.456 99.999 0.456
105.291667 106.291667 999.999 0.456 99.999 0.456
108.291667 109.291667 999.999 0.456 99.999 0.456
111.291667 112.291667   5.500 0.000  2.635 0.000
114.291667 115.291667   4.028 0.000  1.861 0.000
117.291667 118.291667   2.046 0.000  1.134 0.000
120.291667 121.291667   1.028 0.000  0.850 0.000
123.291667 124.291667   1.963 0.000  1.242 0.000
126.291667 127.291667 999.999 0.456  3.023 0.000
129.291667 130.291667 999.999 0.456  1.834 0.000
132.291667 133.291667   2.794 0.000  1.598 0.000
135.291667 136.291667   6.275 0.000  2.603 0.000
138.291667 139.291667   2.082 0.000  1.378 0.000
141.291667 142.291667  13.510 0.000  4.603 0.000
144.291667 145.291667   9.544 0.000  3.711 0.000
147.291667 148.291667   4.390 0.000  1.983 0.000
150.291667 151.291667   7.531 0.000  3.087 0.000
153.291667 154.291667   6.895 0.000  3.128 0.000
156.291667 157.291667   7.478 0.000  3.535 0.000
159.291667 160.291667  11.764 0.000  4.664 0.000
162.291667 163.291667   7.094 0.000  4.197 0.000
165.291667 166.291667   8.669 0.000  2.726 0.000
168.291667 169.291667   5.037 0.000  1.768 0.000
171.291667 172.291667   8.590 0.000  4.822 0.000
174.291667 175.291667  12.717 0.000  5.666 0.000
177.291667 178.291667   9.858 0.000  3.864 0.000
180.291667 181.291667   7.347 0.000  2.895 0.000
183.291667 184.291667   3.823 0.000  2.465 0.000
186.291667 187.291667   5.747 0.000  2.435 0.000
189.291667 190.291667   6.584 0.000  2.895 0.000
192.291667 193.291667  16.585 0.000  5.063 0.000
195.291667 196.291667   8.889 0.000  3.094 0.000
198.291667 199.291667   8.745 0.000  3.188 0.000
201.291667 202.291667   5.222 0.000  2.646 0.000
204.291667 205.291667   6.528 0.000  2.729 0.000
207.291667 208.291667  13.544 0.000  6.078 0.000
210.291667 211.291667  10.990 0.000  4.574 0.000
213.291667 214.291667   6.848 0.000  4.140 0.000
216.291667 217.291667   6.047 0.000  4.094 0.000
219.291667 220.291667   5.813 0.000  3.015 0.000
222.291667 223.291667  12.492 0.000  4.401 0.000
225.291667 226.291667   7.450 0.000  3.118 0.000
228.291667 229.291667   5.988 0.000  2.337 0.000
231.291667 232.291667   9.591 0.000  5.016 0.000
234.291667 235.291667   5.628 0.000  3.174 0.000
237.291667 238.291667   8.378 0.000  5.133 0.000
240.291667 241.291667   2.521 0.000  1.528 0.000
243.291667 244.291667   3.552 0.000  2.016 0.000
246.291667 247.291667   4.889 0.000  2.219 0.000
249.291667 250.291667   7.418 0.000  2.208 0.000
252.291667 253.291667  10.593 0.000  3.614 0.000
255.291667 256.291667   7.622 0.000  2.287 0.000
258.291667 259.291667 999.999 0.999 99.999 0.999
261.291667 262.291667 999.999 0.999 99.999 0.999
264.291667 265.291667   1.485 0.000  1.153 0.000
267.291667 268.291667   3.684 0.000  1.899 0.000
270.291667 271.291667   4.079 0.000  2.319 0.000
273.291667 274.291667   2.371 0.000  1.724 0.000
276.291667 277.291667   9.482 0.000  3.141 0.000
279.291667 280.291667   4.561 0.000  2.061 0.000
282.291667 283.291667   5.459 0.000  2.549 0.000
285.291667 286.291667   4.158 0.000  1.505 0.000
288.291667 289.291667   5.300 0.000  1.479 0.000
291.291667 292.291667   6.634 0.000  1.856 0.000
294.291667 295.291667   4.153 0.000  1.909 0.000
297.291667 298.291667   5.351 0.000  2.729 0.000
300.291667 301.291667   3.536 0.000  2.465 0.000
303.291667 304.291667   3.915 0.000  2.256 0.000
306.291667 307.291667   1.965 0.000  1.310 0.000
309.291667 310.291667   1.829 0.000  1.366 0.000
312.291667 313.291667   2.970 0.000  1.736 0.000
315.291667 316.291667   3.323 0.000 99.999 0.999
318.291667 319.291667   3.069 0.000 99.999 0.999
321.291667 322.291667 999.999 0.456 99.999 0.999
324.291667 325.291667 999.999 0.456 99.999 0.999
327.291667 328.291667   1.645 0.000 99.999 0.999
330.291667 331.291667   3.179 0.000 99.999 0.999
333.291667 334.291667   1.013 0.000 99.999 0.999
336.291667 337.291667   2.412 0.000 99.999 0.999
339.291667 340.291667   1.559 0.000 99.999 0.999
342.291667 343.291667   1.680 0.000 99.999 0.999
345.291667 346.291667   0.693 0.000 99.999 0.999
348.291667 349.291667   1.155 0.000 99.999 0.999
351.291667 352.291667   6.254 0.000  1.128 0.000
354.291667 355.291667   1.464 0.000 99.999 0.999
357.291667 358.291667   0.467 0.000 99.999 0.999
360.291667 361.291667   0.935 0.000 99.999 0.999
363.291667 364.291667   1.256 0.000 99.999 0.999
