scripts/IMPROVE-2019_partial/data/US4699R.19880302070000.20191216000000.filterpack...10mo.3d.US03L_filterpack_US4699.US03L_IMPROVE_Davis.lev2.nas
52 1001
MISSING INFORMATION
US03L, IMPROVE, , , , , , , 
MISSING INFORMATION
IMPROVE sel_HTAP
1 1
1988 01 01 2019 12 16
0
days from file reference point
5
1 1 1 1 1
999.999999 999.999 9.999 99.999 9.999
end_time of measurement, days from the file reference point
pm10_mass, ug/m3, Matrix=pm10
numflag pm10_mass, no unit, Matrix=pm10
pm25_mass, ug/m3, Matrix=pm25
numflag pm25_mass, no unit, Matrix=pm25
0
33
Data definition:              EBAS_1.1
Set type code:                TI
Timezone:                     UTC
File name:                    US4699R.19880302070000.20191216000000.filterpack...10mo.3d.US03L_filterpack_US4699.US03L_IMPROVE_Davis.lev2.nas
File creation:                20191218120446
Startdate:                    19880302070000
Revision date:                20191216000000
Version:                      2
Version description:          "Data extracted from http://views.cira.colostate.edu/fed/DataWizard 2019-12-16"
Statistics:                   arithmetic mean
Data level:                   2
Period code:                  10mo
Resolution code:              3d
Sample duration:              1d
Orig. time res.:              3d
Station code:                 US4699R
Platform code:                US4699S
Station name:                 Bryce Canyon National Park-Repeater Hill (UT99)
Station latitude:             37.6186
Station longitude:            -112.1728
Station altitude:             2477.0 m
Regime:                       IMG
Component:                    
Unit:                         ug/m3
Matrix:                       
Laboratory code:              US03L
Instrument type:              filterpack
Instrument name:              filterpack_US4699
Method ref:                   US03L_IMPROVE_Davis
Blank correction:             Blank corrected
Volume std. temperature:      ambient
Volume std. pressure:         ambient
starttime endtime PM10 flag_PM10 PM2.5 flag_PM2.5
 61.291667  62.291667   2.555 0.000  2.299 0.000
 64.291667  65.291667   5.566 0.000  2.491 0.000
 68.291667  69.291667   4.274 0.000  1.950 0.000
 71.291667  72.291667   4.079 0.000  3.544 0.000
 75.291667  76.291667   5.870 0.000  3.798 0.000
 78.291667  79.291667   3.817 0.000  1.847 0.000
 82.291667  83.291667  16.680 0.000  5.591 0.000
 85.291667  86.291667   2.991 0.000  1.250 0.000
 89.291667  90.291667   4.426 0.000  1.519 0.000
 92.291667  93.291667   3.816 0.000  2.226 0.000
 96.291667  97.291667  10.124 0.000  4.658 0.000
 99.291667 100.291667   6.176 0.000  3.219 0.000
103.291667 104.291667  13.361 0.000  7.107 0.000
106.291667 107.291667   1.447 0.000  1.232 0.000
110.291667 111.291667   6.753 0.000  3.659 0.000
113.291667 114.291667   6.272 0.000  1.916 0.000
117.291667 118.291667 999.999 0.999  3.176 0.000
120.291667 121.291667 999.999 0.999  4.764 0.000
124.291667 125.291667   6.548 0.000  3.742 0.000
127.291667 128.291667   3.770 0.000  2.585 0.000
131.291667 132.291667   4.206 0.000  3.750 0.000
134.291667 135.291667   8.559 0.000  4.132 0.000
138.291667 139.291667   5.394 0.000  3.505 0.000
141.291667 142.291667   6.290 0.000  3.507 0.000
145.291667 146.291667  10.558 0.000  5.830 0.000
148.291667 149.291667  12.898 0.000  6.784 0.000
152.291667 153.291667   3.992 0.000 99.999 0.999
155.291667 156.291667  12.408 0.000 99.999 0.999
159.291667 160.291667   6.245 0.000  2.517 0.000
162.291667 163.291667   8.941 0.000  4.169 0.000
166.291667 167.291667   8.419 0.000  4.603 0.000
169.291667 170.291667 999.999 0.999  4.852 0.000
173.291667 174.291667   9.585 0.000  5.648 0.000
176.291667 177.291667   8.876 0.000  5.216 0.000
180.291667 181.291667   7.829 0.000  3.980 0.000
183.291667 184.291667   9.291 0.000  5.442 0.000
187.291667 188.291667   9.129 0.000  4.950 0.000
190.291667 191.291667   7.868 0.000  4.343 0.000
194.291667 195.291667  16.255 0.000  5.729 0.000
197.291667 198.291667  11.862 0.000  6.250 0.000
201.291667 202.291667  11.855 0.000  3.993 0.000
204.291667 205.291667   9.302 0.000  3.725 0.000
208.291667 209.291667   7.539 0.000  4.949 0.000
211.291667 212.291667   9.080 0.000  5.288 0.000
215.291667 216.291667   4.733 0.000  3.797 0.000
218.291667 219.291667   6.250 0.000  3.490 0.000
222.291667 223.291667   4.848 0.000  2.211 0.000
225.291667 226.291667   4.845 0.000  2.067 0.000
229.291667 230.291667   6.429 0.000  3.869 0.000
232.291667 233.291667   8.731 0.000  5.112 0.000
236.291667 237.291667   5.318 0.000  2.878 0.000
239.291667 240.291667   5.962 0.000  3.382 0.000
243.291667 244.291667   5.437 0.000  3.792 0.000
246.291667 247.291667 999.999 0.999 99.999 0.999
250.291667 251.291667 999.999 0.999 99.999 0.999
253.291667 254.291667   6.034 0.000  3.938 0.000
257.291667 258.291667  11.831 0.000  9.142 0.000
260.291667 261.291667   7.921 0.000 99.999 0.999
264.291667 265.291667 999.999 0.999 99.999 0.999
267.291667 268.291667 999.999 0.999 99.999 0.999
271.291667 272.291667   5.502 0.000  2.862 0.000
274.291667 275.291667   5.536 0.000  2.460 0.000
278.291667 279.291667   5.833 0.000  3.920 0.000
281.291667 282.291667   5.520 0.000  3.455 0.000
285.291667 286.291667 999.999 0.999 99.999 0.999
288.291667 289.291667   5.556 0.000  3.472 0.000
292.291667 293.291667   2.667 0.000 99.999 0.999
295.291667 296.291667   4.834 0.000  1.589 0.000
299.291667 300.291667   5.379 0.000  1.871 0.000
302.291667 303.291667   7.715 0.000  3.185 0.000
306.291667 307.291667   5.672 0.000  3.065 0.000
309.291667 310.291667   5.373 0.000  3.043 0.000
313.291667 314.291667   6.484 0.000  2.909 0.000
316.291667 317.291667   2.980 0.000  1.541 0.000
320.291667 321.291667   2.554 0.000  0.679 0.000
323.291667 324.291667   2.509 0.000  1.865 0.000
327.291667 328.291667   4.330 0.000  1.650 0.000
330.291667 331.291667   1.146 0.000 99.999 0.259
334.291667 335.291667   2.125 0.000  0.823 0.000
337.291667 338.291667   2.471 0.000  1.293 0.000
341.291667 342.291667   7.298 0.000 99.999 0.999
344.291667 345.291667   3.307 0.000  2.439 0.000
348.291667 349.291667 999.999 0.999  4.650 0.000
351.291667 352.291667 999.999 0.999  2.673 0.000
355.291667 356.291667   1.793 0.000  0.330 0.000
358.291667 359.291667 999.999 0.999 99.999 0.999
362.291667 363.291667 999.999 0.999 99.999 0.999
365.291667 366.291667   3.093 0.000  1.787 0.000
