scripts/IMPROVE-2019_partial/data/US4699R.20040101070000.20191216000000.filterpack..pm25.52w.1w.US03L_filterpack_US4699.US03L_IMPROVE_Davis.lev2.nas
66 1001
MISSING INFORMATION
US03L, IMPROVE, , , , , , , 
MISSING INFORMATION
IMPROVE sel_HTAP
1 1
2004 01 01 2019 12 16
3.000000
days from file reference point
27
1 1 1 1 1 1 1 1 1 1 1 1 1 1 1 1 1 1 1 1 1 1 1 1 1 1 1
999.999999 9999.99 9.999 99.99 9.999999 9.999 9.999999 9.99 9.999999 9.999 9.999 99.999 9.999 99.999 9.999 999.99 9.999999 999.999 9.999 999.999 9.999 99.999 9.999 9.999 9.999 9.999 9.999
end_time of measurement, days from the file reference point
iron, ng/m3, Revision date=20181210133000
numflag iron, no unit, Revision date=20181210133000
lead, ng/m3, Revision date=20181210133000
numflag lead, no unit, Revision date=20181210133000
magnesium, ug/m3, Revision date=20181210133000
numflag magnesium, no unit, Revision date=20181210133000
nickel, ng/m3, Revision date=20181210133000
numflag nickel, no unit, Revision date=20181210133000
nitrate, ug N/m3, Revision date=20181210133000
numflag nitrate, no unit, Revision date=20181210133000
organic_carbon, ug C/m3, Revision date=20181210133000
numflag organic_carbon, no unit, Revision date=20181210133000
organic_mass, ug/m3, Revision date=20181210133000
numflag organic_mass, no unit, Revision date=20181210133000
phosphorus, ng/m3, Revision date=20181210133000
numflag phosphorus, no unit, Revision date=20181210133000
pm10_mass, ug/m3, Version=2, Version description=Data extracted from http://views.cira.colostate.edu/fed/DataWizard 2019-12-16, Sample duration=1d, Orig. time res.=3d, Matrix=pm10, Blank correction=Blank corrected, Volume std. temperature=ambient, Volume std. pressure=ambient
numflag pm10_mass, no unit, Version=2, Version description=Data extracted from http://views.cira.colostate.edu/fed/DataWizard 2019-12-16, Sample duration=1d, Orig. time res.=3d, Matrix=pm10, Blank correction=Blank corrected, Volume std. temperature=ambient, Volume std. pressure=ambient
pm10_pm25_mass, ug/m3, Revision date=20181210133000, Matrix=pm10_pm25
numflag pm10_pm25_mass, no unit, Revision date=20181210133000, Matrix=pm10_pm25
pm25_mass, ug/m3, Version=2, Version description=Data extracted from http://views.cira.colostate.edu/fed/DataWizard 2019-12-16, Sample duration=1d, Orig. time res.=3d, Blank correction=Blank corrected, Volume std. temperature=ambient, Volume std. pressure=ambient
numflag pm25_mass, no unit, Version=2, Version description=Data extracted from http://views.cira.colostate.edu/fed/DataWizard 2019-12-16, Sample duration=1d, Orig. time res.=3d, Blank correction=Blank corrected, Volume std. temperature=ambient, Volume std. pressure=ambient
potassium, ug/m3, Revision date=20181210133000
numflag potassium, no unit, Revision date=20181210133000
sulphate_total, ug S/m3, Revision date=20181210133000
numflag sulphate_total, no unit, Revision date=20181210133000
0
25
Data definition:              EBAS_1.1
Set type code:                TU
Timezone:                     UTC
File name:                    US4699R.20040101070000.20191216000000.filterpack..pm25.52w.1w.US03L_filterpack_US4699.US03L_IMPROVE_Davis.lev2.nas
File creation:                20191218120448
Startdate:                    20040101070000
Revision date:                20191216000000
Statistics:                   arithmetic mean
Data level:                   2
Period code:                  52w
Resolution code:              1w
Station code:                 US4699R
Platform code:                US4699S
Station name:                 Bryce Canyon National Park-Repeater Hill (UT99)
Station latitude:             37.6186
Station longitude:            -112.1728
Station altitude:             2477.0 m
Regime:                       IMG
Component:                    
Matrix:                       pm25
Laboratory code:              US03L
Instrument type:              filterpack
Instrument name:              filterpack_US4699
Method ref:                   US03L_IMPROVE_Davis
starttime endtime Fe flag_Fe Pb flag_Pb Mg++ flag_Mg++ Ni flag_Ni NO3- flag_NO3- OC flag_OC OM flag_OM P flag_P PM10 flag_PM10 PM10-PM2.5 flag_PM10-PM2.5 PM2.5 flag_PM2.5 K+ flag_K+ SO4-- flag_SO4--
  0.291667   1.291667    8.77 0.000  0.91 0.000000 9.999 0.259000 0.09 0.000000 0.032 0.000  0.350 0.000  0.490 0.000 999.99 0.259000 999.999 0.456 999.999 0.999  1.233 0.000 0.026 0.000 0.097 0.000
  3.291667   4.291667    2.22 0.000  0.19 0.000000 9.999 0.259000 0.07 0.000000 0.014 0.000  0.106 0.000  0.149 0.000 999.99 0.259000 999.999 0.456 999.999 0.999  0.329 0.000 0.002 0.000 0.023 0.000
  6.291667   7.291667    5.19 0.000  0.55 0.000000 9.999 0.259000 9.99 0.259000 0.011 0.000  0.444 0.000  0.621 0.000 999.99 0.259000   1.984 0.000   0.368 0.000  1.616 0.000 0.005 0.000 0.074 0.000
  9.291667  10.291667    9.89 0.000  0.13 0.000000 9.999 0.259000 9.99 0.259000 0.005 0.000  0.199 0.000  0.278 0.000 999.99 0.259000   1.520 0.000   0.841 0.000  0.680 0.000 0.010 0.000 0.049 0.000
 12.291667  13.291667    9.61 0.000  0.19 0.000000 9.999 0.259000 0.09 0.000000 0.008 0.000  0.427 0.000  0.598 0.000 999.99 0.259000   2.245 0.000   0.798 0.000  1.448 0.000 0.012 0.000 0.081 0.000
 15.291667  16.291667    3.91 0.000  0.35 0.000000 9.999 0.259000 0.07 0.000000 0.114 0.000  0.469 0.000  0.657 0.000 999.99 0.259000   2.273 0.000   0.727 0.000  1.546 0.000 0.005 0.000 0.112 0.000
 18.291667  19.291667    3.91 0.000 99.99 0.259000 9.999 0.259000 9.99 0.259000 0.047 0.000  0.388 0.000  0.543 0.000 999.99 0.259000   1.520 0.000   0.279 0.000  1.241 0.000 0.005 0.000 0.110 0.000
 21.291667  22.291667    5.10 0.000  1.16 0.000000 9.999 0.259000 0.08 0.000000 0.429 0.000  0.559 0.000  0.783 0.000 999.99 0.259000   4.092 0.000   0.111 0.000  3.981 0.000 0.005 0.000 0.197 0.000
 24.291667  25.291667    8.78 0.000  0.16 0.000000 9.999 0.259000 9.99 0.259000 0.102 0.000  0.334 0.000  0.467 0.000 999.99 0.259000   3.224 0.000   1.981 0.000  1.243 0.000 0.007 0.000 0.069 0.000
 27.291667  28.291667    8.63 0.000  0.36 0.000000 9.999 0.259000 9.99 0.259000 0.030 0.000  0.262 0.000  0.366 0.000 999.99 0.259000   1.890 0.000   1.213 0.000  0.677 0.000 0.008 0.000 0.055 0.000
 30.291667  31.291667    4.53 0.000  0.22 0.000000 9.999 0.259000 0.07 0.000000 0.082 0.000  0.148 0.000  0.207 0.000 999.99 0.259000   1.364 0.000   0.877 0.000  0.487 0.000 0.004 0.000 0.075 0.000
 33.291667  34.291667    6.49 0.000  0.50 0.000000 9.999 0.259000 9.99 0.259000 0.022 0.000  0.149 0.000  0.209 0.000 999.99 0.259000   1.378 0.000   0.338 0.000  1.041 0.000 0.004 0.000 0.149 0.000
 36.291667  37.291667    2.02 0.000  0.13 0.000000 0.035 0.000000 9.99 0.259000 0.085 0.000  0.161 0.000  0.225 0.000 999.99 0.259000   0.749 0.000   0.123 0.000  0.626 0.000 0.003 0.000 0.088 0.000
 39.291667  40.291667    2.27 0.000  0.29 0.000000 9.999 0.259000 9.99 0.259000 0.103 0.000  0.176 0.000  0.246 0.000 999.99 0.259000   0.790 0.000   0.154 0.000  0.637 0.000 0.002 0.000 0.070 0.000
 42.291667  43.291667    5.70 0.000  1.15 0.000000 9.999 0.259000 9.99 0.259000 0.334 0.000  0.299 0.000  0.418 0.000 999.99 0.259000   3.368 0.000   0.443 0.000  2.925 0.000 0.007 0.000 0.223 0.000
 45.291667  46.291667    3.93 0.000  0.38 0.000000 9.999 0.259000 0.07 0.000000 0.020 0.000  0.126 0.000  0.176 0.000 999.99 0.259000   0.699 0.000   0.372 0.000  0.326 0.000 0.005 0.000 0.041 0.000
 48.291667  49.291667   31.82 0.000  0.37 0.000000 9.999 0.259000 9.99 0.259000 0.012 0.000  0.251 0.000  0.351 0.000 999.99 0.259000   3.575 0.000   1.901 0.000  1.674 0.000 0.018 0.000 0.084 0.000
 51.291667  52.291667    0.96 0.000  0.19 0.000000 9.999 0.259000 9.99 0.259000 0.011 0.000  0.142 0.000  0.199 0.000 999.99 0.259000   0.329 0.000   0.053 0.000  0.275 0.000 0.001 0.000 0.036 0.000
 54.291667  55.291667    1.53 0.000  0.16 0.000000 0.039 0.000000 0.10 0.000000 0.007 0.000  0.231 0.000  0.323 0.000 999.99 0.259000 999.999 0.456 999.999 0.999  0.552 0.000 0.002 0.000 0.047 0.000
 57.291667  58.291667    2.02 0.000  0.35 0.000000 9.999 0.259000 9.99 0.259000 0.021 0.000  0.344 0.000  0.482 0.000 999.99 0.259000 999.999 0.456 999.999 0.999  0.500 0.000 0.003 0.000 0.065 0.000
 60.291667  61.291667    1.84 0.000  0.11 0.000000 9.999 0.259000 9.99 0.259000 0.021 0.000  0.198 0.000  0.277 0.000 999.99 0.259000 999.999 0.456 999.999 0.999  0.569 0.000 0.002 0.000 0.051 0.000
 63.291667  64.291667   10.59 0.000  0.40 0.000000 9.999 0.259000 0.11 0.000000 0.085 0.000  0.191 0.000  0.267 0.000 999.99 0.259000   2.150 0.000   0.689 0.000  1.460 0.000 0.007 0.000 0.171 0.000
 66.291667  67.291667   34.55 0.000  1.13 0.000000 9.999 0.259000 9.99 0.259000 0.043 0.000  0.221 0.000  0.309 0.000 999.99 0.259000   3.676 0.000   1.722 0.000  1.955 0.000 0.024 0.000 0.153 0.000
 69.291667  70.291667   22.82 0.000  1.38 0.000000 0.029 0.000000 9.99 0.259000 0.159 0.559  0.483 0.000  0.677 0.000 999.99 0.259000   4.085 0.000   2.043 0.000  2.042 0.000 0.021 0.000 0.158 0.559
 72.291667  73.291667   16.70 0.000  0.33 0.000000 9.999 0.259000 9.99 0.259000 0.082 0.000  0.378 0.000  0.530 0.000 999.99 0.259000   2.614 0.000   1.195 0.000  1.420 0.000 0.016 0.000 0.066 0.000
 75.291667  76.291667   38.54 0.000  1.10 0.000000 0.048 0.000000 9.99 0.259000 0.021 0.000  0.181 0.000  0.253 0.000 999.99 0.259000   3.963 0.000   1.970 0.000  1.992 0.000 0.027 0.000 0.106 0.000
 78.291667  79.291667   32.19 0.000  1.63 0.000000 9.999 0.259000 9.99 0.259000 0.012 0.559  0.334 0.000  0.467 0.000 999.99 0.259000   3.799 0.000   1.797 0.000  2.002 0.000 0.028 0.000 0.144 0.559
 81.291667  82.291667   51.98 0.000  1.27 0.000000 9.999 0.259000 9.99 0.259000 0.021 0.559  0.501 0.000  0.701 0.000 999.99 0.259000  10.621 0.000   6.911 0.000  3.710 0.000 0.042 0.000 0.262 0.559
 84.291667  85.291667   72.55 0.000  1.32 0.000000 0.047 0.000000 9.99 0.259000 0.077 0.000  0.436 0.000  0.611 0.000 999.99 0.259000   7.680 0.000   3.936 0.000  3.744 0.000 0.052 0.000 0.253 0.000
 87.291667  88.291667   27.16 0.000  0.55 0.000000 9.999 0.259000 9.99 0.259000 0.018 0.000  0.190 0.000  0.266 0.000 999.99 0.259000   2.548 0.000   1.041 0.000  1.507 0.000 0.018 0.000 0.098 0.000
 90.291667  91.291667 9999.99 0.999 99.99 0.999000 9.999 0.999000 9.99 0.999000 9.999 0.999 99.999 0.999 99.999 0.999 999.99 0.999000 999.999 0.999 999.999 0.999 99.999 0.999 9.999 0.999 9.999 0.999
 93.291667  94.291667    7.99 0.000  0.42 0.000000 9.999 0.259000 9.99 0.259000 0.017 0.000  0.171 0.000  0.239 0.000 999.99 0.259000   1.021 0.000   0.183 0.000  0.838 0.000 0.006 0.000 0.085 0.000
 96.291667  97.291667   15.48 0.000  0.33 0.000000 9.999 0.259000 9.99 0.259000 0.041 0.000  0.533 0.000  0.746 0.000 999.99 0.259000   2.890 0.000   0.561 0.000  2.329 0.000 0.012 0.000 0.193 0.000
 99.291667 100.291667   67.30 0.000  1.01 0.000000 9.999 0.259000 9.99 0.259000 0.051 0.000  0.530 0.000  0.742 0.000 999.99 0.259000  10.172 0.000   6.759 0.000  3.413 0.000 0.041 0.000 0.191 0.000
102.291667 103.291667   98.72 0.000  2.66 0.000000 9.999 0.259000 9.99 0.259000 0.057 0.000  0.469 0.000  0.656 0.000 999.99 0.259000   8.456 0.000   3.907 0.000  4.549 0.000 0.067 0.000 0.395 0.000
105.291667 106.291667   91.53 0.000  0.96 0.000000 9.999 0.259000 0.07 0.000000 0.096 0.000  0.584 0.000  0.817 0.000 999.99 0.259000  10.866 0.000   7.064 0.000  3.802 0.000 0.066 0.000 0.195 0.000
108.291667 109.291667   20.80 0.000  0.75 0.000000 9.999 0.259000 9.99 0.259000 0.021 0.000  0.409 0.000  0.572 0.000 999.99 0.259000   2.260 0.000   0.901 0.000  1.359 0.000 0.018 0.000 0.153 0.000
111.291667 112.291667 9999.99 0.999 99.99 0.999000 9.999 0.999000 9.99 0.999000 9.999 0.999 99.999 0.999 99.999 0.999 999.99 0.999000 999.999 0.999 999.999 0.999 99.999 0.999 9.999 0.999 9.999 0.999
114.291667 115.291667   27.51 0.559  0.85 0.559000 9.999 0.559259 9.99 0.559259 0.041 0.000  0.403 0.000  0.565 0.000  12.84 0.559000   5.572 0.000   3.599 0.000  1.972 0.559 0.019 0.559 0.157 0.000
117.291667 118.291667  104.08 0.559  5.01 0.559000 9.999 0.559259 0.10 0.559000 0.051 0.000  0.810 0.000  1.134 0.000 999.99 0.559259  11.316 0.000   5.217 0.000  6.099 0.559 0.081 0.559 0.647 0.000
120.291667 121.291667   68.88 0.559  1.67 0.559000 9.999 0.559259 0.06 0.559000 0.120 0.000  0.479 0.000  0.671 0.000 999.99 0.559259  10.740 0.000   6.351 0.000  4.389 0.559 0.045 0.559 0.410 0.000
123.291667 124.291667  110.11 0.559  1.35 0.559000 0.071 0.559000 9.99 0.559259 0.033 0.000  0.643 0.000  0.900 0.000 999.99 0.559259  11.668 0.000   7.474 0.000  4.194 0.559 0.066 0.559 0.169 0.000
126.291667 127.291667  124.70 0.559  1.00 0.559000 0.117 0.559000 0.11 0.559000 0.064 0.000  0.870 0.000  1.218 0.000 999.99 0.559259  20.430 0.000  14.137 0.000  6.293 0.559 0.091 0.559 0.267 0.000
129.291667 130.291667  105.52 0.559  1.36 0.559000 9.999 0.559259 0.14 0.559000 0.058 0.000  0.670 0.000  0.938 0.000 999.99 0.559259  18.815 0.000  13.628 0.000  5.187 0.559 0.067 0.559 0.281 0.000
132.291667 133.291667   39.47 0.559  0.52 0.559000 9.999 0.559259 0.12 0.559000 0.033 0.000  0.356 0.000  0.499 0.000 999.99 0.559259   5.753 0.000   3.269 0.000  2.484 0.559 0.026 0.559 0.092 0.000
135.291667 136.291667   79.71 0.559  1.09 0.559000 0.069 0.559000 0.09 0.559000 0.107 0.000  0.778 0.000  1.089 0.000  17.05 0.559000  18.709 0.000  14.005 0.000  4.704 0.559 0.052 0.559 0.265 0.000
138.291667 139.291667   64.61 0.559  1.23 0.559000 0.067 0.559000 9.99 0.559259 0.081 0.000  0.577 0.000  0.807 0.000 999.99 0.559259  18.262 0.000  14.555 0.000  3.707 0.559 0.048 0.559 0.192 0.000
141.291667 142.291667 9999.99 0.699 99.99 0.699000 9.999 0.699000 9.99 0.699000 9.999 0.699 99.999 0.999 99.999 0.999 999.99 0.699000 999.999 0.699 999.999 0.999 99.999 0.699 9.999 0.699 9.999 0.699
144.291667 145.291667   92.72 0.559  1.40 0.559000 0.106 0.559000 0.18 0.559000 0.083 0.000  1.434 0.000  2.008 0.000 999.99 0.559259  22.107 0.000  16.070 0.000  6.037 0.559 0.064 0.559 0.277 0.000
147.291667 148.291667   90.13 0.559  0.59 0.559000 9.999 0.559259 0.14 0.559000 0.032 0.000  0.679 0.000  0.951 0.000 999.99 0.559259  15.513 0.000  11.693 0.000  3.821 0.559 0.042 0.559 0.167 0.000
150.291667 151.291667   35.79 0.559  0.68 0.559000 0.033 0.559000 9.99 0.559259 0.017 0.000  0.576 0.000  0.807 0.000 999.99 0.559259   6.046 0.000   3.851 0.000  2.194 0.559 0.022 0.559 0.119 0.000
153.291667 154.291667   90.90 0.559  2.44 0.559000 9.999 0.559259 0.13 0.559000 0.051 0.000  0.887 0.000  1.242 0.000 999.99 0.559259  13.001 0.000   7.925 0.000  5.076 0.559 0.060 0.559 0.277 0.000
156.291667 157.291667   50.36 0.559  0.90 0.559000 0.098 0.559000 9.99 0.559259 0.070 0.000  0.972 0.000  1.360 0.000 999.99 0.559259  10.072 0.000   5.573 0.000  4.498 0.559 0.042 0.559 0.338 0.000
159.291667 160.291667   76.68 0.559  0.89 0.559000 9.999 0.559259 0.13 0.559000 0.070 0.000  1.107 0.000  1.551 0.000 999.99 0.559259  11.138 0.000   6.346 0.000  4.793 0.559 0.109 0.559 0.230 0.000
162.291667 163.291667   49.03 0.559  1.24 0.559000 9.999 0.559259 0.10 0.559000 0.026 0.000  0.516 0.000  0.722 0.000 999.99 0.559259   5.889 0.000   2.750 0.000  3.139 0.559 0.040 0.559 0.248 0.000
165.291667 166.291667   42.58 0.559  0.84 0.559000 0.093 0.559000 9.99 0.559259 0.042 0.000  0.736 0.000  1.030 0.000 999.99 0.559259   7.267 0.000   3.963 0.000  3.304 0.559 0.046 0.559 0.245 0.000
168.291667 169.291667   51.75 0.559  0.70 0.559000 0.080 0.559000 0.09 0.559000 0.064 0.000  0.881 0.000  1.234 0.000 999.99 0.559259   8.129 0.000   4.046 0.000  4.083 0.559 0.075 0.559 0.325 0.000
171.291667 172.291667   34.91 0.559  0.63 0.559000 0.068 0.559000 0.16 0.559000 0.068 0.000  1.769 0.000  2.476 0.000 999.99 0.559259   7.675 0.000   2.114 0.000  5.561 0.559 0.108 0.559 0.212 0.000
174.291667 175.291667   26.44 0.559  0.63 0.559000 9.999 0.559259 9.99 0.559259 0.022 0.000  0.829 0.000  1.161 0.000 999.99 0.559259   5.767 0.000   3.201 0.000  2.566 0.559 0.025 0.559 0.188 0.000
177.291667 178.291667   31.03 0.559  0.81 0.559000 9.999 0.559259 0.10 0.559000 0.024 0.000  0.653 0.000  0.914 0.000 999.99 0.559259   6.376 0.000   3.392 0.000  2.984 0.559 0.058 0.559 0.234 0.000
180.291667 181.291667   23.04 0.559  0.63 0.559000 9.999 0.559259 0.11 0.559000 0.017 0.000  0.956 0.000  1.338 0.000 999.99 0.559259   4.830 0.000   1.802 0.000  3.028 0.559 0.033 0.559 0.183 0.000
183.291667 184.291667   33.46 0.559  0.50 0.559000 9.999 0.559259 0.17 0.559000 0.030 0.000  0.314 0.000  0.440 0.000 999.99 0.559259   5.523 0.000   3.431 0.000  2.092 0.559 0.038 0.559 0.118 0.000
186.291667 187.291667   40.18 0.559  0.70 0.559000 9.999 0.559259 9.99 0.559259 0.040 0.000  0.623 0.000  0.872 0.000 999.99 0.559259   8.853 0.000   5.210 0.000  3.643 0.559 0.050 0.559 0.282 0.000
189.291667 190.291667   66.08 0.559  1.04 0.559000 9.999 0.559259 0.15 0.559000 0.057 0.000  0.549 0.000  0.769 0.000 999.99 0.559259   9.462 0.000   5.234 0.000  4.228 0.559 0.086 0.559 0.323 0.000
192.291667 193.291667   24.28 0.559  0.33 0.559000 9.999 0.559259 0.15 0.559000 0.021 0.000  0.317 0.000  0.444 0.000 999.99 0.559259   6.213 0.000   3.637 0.000  2.576 0.559 0.029 0.559 0.248 0.000
195.291667 196.291667 9999.99 0.999 99.99 0.999000 9.999 0.999000 9.99 0.999000 9.999 0.999 99.999 0.999 99.999 0.999 999.99 0.999000 999.999 0.999 999.999 0.999 99.999 0.999 9.999 0.999 9.999 0.999
198.291667 199.291667   18.01 0.559  0.30 0.559000 0.077 0.559000 0.16 0.559000 0.014 0.000  0.945 0.000  1.324 0.000 999.99 0.559259   2.860 0.000   0.573 0.000  2.287 0.559 0.018 0.559 0.134 0.000
201.291667 202.291667   24.95 0.559  0.32 0.559000 9.999 0.559259 9.99 0.559259 0.023 0.000  1.148 0.000  1.607 0.000 999.99 0.559259   5.284 0.000   1.662 0.000  3.622 0.559 0.062 0.559 0.269 0.000
204.291667 205.291667   33.14 0.559  0.29 0.559000 9.999 0.559259 9.99 0.559259 0.021 0.000  0.922 0.000  1.291 0.000 999.99 0.559259   7.757 0.000   4.593 0.000  3.164 0.559 0.044 0.559 0.200 0.000
207.291667 208.291667   15.67 0.559  0.40 0.559000 9.999 0.559259 9.99 0.559259 0.014 0.559  0.585 0.000  0.819 0.000 999.99 0.559259   3.634 0.000   1.581 0.000  2.052 0.559 0.018 0.559 0.184 0.559
210.291667 211.291667   44.45 0.559  0.45 0.559000 9.999 0.559259 9.99 0.559259 0.044 0.000  1.631 0.000  2.284 0.000 999.99 0.559259  10.580 0.000   6.082 0.000  4.498 0.559 0.060 0.559 0.214 0.000
213.291667 214.291667   18.74 0.559  0.52 0.559000 0.029 0.559000 9.99 0.559259 0.019 0.000  1.163 0.000  1.629 0.000 999.99 0.559259   5.401 0.000   2.309 0.000  3.093 0.559 0.027 0.559 0.245 0.000
216.291667 217.291667   23.45 0.559 99.99 0.559259 9.999 0.559259 0.17 0.559000 0.029 0.559  0.407 0.000  0.570 0.000 999.99 0.559259   5.198 0.000   2.632 0.000  2.566 0.559 0.025 0.559 0.308 0.559
219.291667 220.291667   21.34 0.559  0.27 0.559000 9.999 0.559259 9.99 0.559259 0.029 0.000  0.591 0.000  0.827 0.000 999.99 0.559259   4.698 0.000   2.475 0.000  2.222 0.559 0.026 0.559 0.199 0.000
222.291667 223.291667 9999.99 0.456 99.99 0.456000 9.999 0.456000 9.99 0.456000 0.020 0.000  0.563 0.000  0.788 0.000 999.99 0.456000   6.115 0.000 999.999 0.999 99.999 0.456 9.999 0.456 0.252 0.000
225.291667 226.291667   31.46 0.559  0.49 0.559000 9.999 0.559259 9.99 0.559259 0.018 0.000  1.005 0.000  1.407 0.000 999.99 0.559259  10.072 0.000   6.726 0.000  3.346 0.559 0.041 0.559 0.203 0.000
228.291667 229.291667   16.13 0.000  0.25 0.000000 9.999 0.259000 0.63 0.000000 0.019 0.000  0.727 0.000  1.018 0.000 999.99 0.259000   4.878 0.000   2.652 0.000  2.226 0.000 0.015 0.000 0.156 0.000
231.291667 232.291667   12.32 0.000 99.99 0.259000 9.999 0.259000 9.99 0.259000 0.019 0.000  1.244 0.000  1.742 0.000 999.99 0.259000   3.886 0.000   1.293 0.000  2.593 0.000 0.017 0.000 0.115 0.000
234.291667 235.291667   18.71 0.000  0.36 0.000000 9.999 0.259000 9.99 0.259000 0.018 0.000  0.438 0.000  0.613 0.000 999.99 0.259000   4.134 0.000   2.116 0.000  2.018 0.000 0.019 0.000 0.218 0.000
237.291667 238.291667   32.17 0.000  0.57 0.000000 9.999 0.259000 9.99 0.259000 0.021 0.000  1.078 0.000  1.509 0.000 999.99 0.259000   7.693 0.000   4.057 0.000  3.636 0.000 0.027 0.000 0.340 0.000
