scripts/IMPROVE-2019_partial/data/US4699R.20020102070000.20191216000000.filterpack..pm25.52w.1w.US03L_filterpack_US4699.US03L_IMPROVE_Davis.lev2.nas
66 1001
MISSING INFORMATION
US03L, IMPROVE, , , , , , , 
MISSING INFORMATION
IMPROVE sel_HTAP
1 1
2002 01 01 2019 12 16
3.000000
days from file reference point
27
1 1 1 1 1 1 1 1 1 1 1 1 1 1 1 1 1 1 1 1 1 1 1 1 1 1 1
999.999999 9999.99 9.999 99.99 9.999 9.999 9.999999 9.99 9.999999 9.999 9.999 999.999 9.999 9999.999 9.999 999.99 9.999999 999.999 9.999 999.999 9.999 999.999 9.999 9.999 9.999 9.999 9.999
end_time of measurement, days from the file reference point
iron, ng/m3, Revision date=20181210133000
numflag iron, no unit, Revision date=20181210133000
lead, ng/m3, Revision date=20181210133000
numflag lead, no unit, Revision date=20181210133000
magnesium, ug/m3, Revision date=20181210133000
numflag magnesium, no unit, Revision date=20181210133000
nickel, ng/m3, Revision date=20181210133000
numflag nickel, no unit, Revision date=20181210133000
nitrate, ug N/m3, Revision date=20181210133000
numflag nitrate, no unit, Revision date=20181210133000
organic_carbon, ug C/m3, Revision date=20181210133000
numflag organic_carbon, no unit, Revision date=20181210133000
organic_mass, ug/m3, Revision date=20181210133000
numflag organic_mass, no unit, Revision date=20181210133000
phosphorus, ng/m3, Revision date=20181210133000
numflag phosphorus, no unit, Revision date=20181210133000
pm10_mass, ug/m3, Version=2, Version description=Data extracted from http://views.cira.colostate.edu/fed/DataWizard 2019-12-16, Sample duration=1d, Orig. time res.=3d, Matrix=pm10, Blank correction=Blank corrected, Volume std. temperature=ambient, Volume std. pressure=ambient
numflag pm10_mass, no unit, Version=2, Version description=Data extracted from http://views.cira.colostate.edu/fed/DataWizard 2019-12-16, Sample duration=1d, Orig. time res.=3d, Matrix=pm10, Blank correction=Blank corrected, Volume std. temperature=ambient, Volume std. pressure=ambient
pm10_pm25_mass, ug/m3, Revision date=20181210133000, Matrix=pm10_pm25
numflag pm10_pm25_mass, no unit, Revision date=20181210133000, Matrix=pm10_pm25
pm25_mass, ug/m3, Version=2, Version description=Data extracted from http://views.cira.colostate.edu/fed/DataWizard 2019-12-16, Sample duration=1d, Orig. time res.=3d, Blank correction=Blank corrected, Volume std. temperature=ambient, Volume std. pressure=ambient
numflag pm25_mass, no unit, Version=2, Version description=Data extracted from http://views.cira.colostate.edu/fed/DataWizard 2019-12-16, Sample duration=1d, Orig. time res.=3d, Blank correction=Blank corrected, Volume std. temperature=ambient, Volume std. pressure=ambient
potassium, ug/m3, Revision date=20181210133000
numflag potassium, no unit, Revision date=20181210133000
sulphate_total, ug S/m3, Revision date=20181210133000
numflag sulphate_total, no unit, Revision date=20181210133000
0
25
Data definition:              EBAS_1.1
Set type code:                TU
Timezone:                     UTC
File name:                    US4699R.20020102070000.20191216000000.filterpack..pm25.52w.1w.US03L_filterpack_US4699.US03L_IMPROVE_Davis.lev2.nas
File creation:                20191218120448
Startdate:                    20020102070000
Revision date:                20191216000000
Statistics:                   arithmetic mean
Data level:                   2
Period code:                  52w
Resolution code:              1w
Station code:                 US4699R
Platform code:                US4699S
Station name:                 Bryce Canyon National Park-Repeater Hill (UT99)
Station latitude:             37.6186
Station longitude:            -112.1728
Station altitude:             2477.0 m
Regime:                       IMG
Component:                    
Matrix:                       pm25
Laboratory code:              US03L
Instrument type:              filterpack
Instrument name:              filterpack_US4699
Method ref:                   US03L_IMPROVE_Davis
starttime endtime Fe flag_Fe Pb flag_Pb Mg++ flag_Mg++ Ni flag_Ni NO3- flag_NO3- OC flag_OC OM flag_OM P flag_P PM10 flag_PM10 PM10-PM2.5 flag_PM10-PM2.5 PM2.5 flag_PM2.5 K+ flag_K+ SO4-- flag_SO4--
  1.291667   2.291667    1.78 0.000  0.19 0.000 9.999 0.259000 0.08 0.000000 0.059 0.000   0.329 0.000    0.461 0.000 999.99 0.259000   1.913 0.000   0.206 0.000   1.707 0.000 0.004 0.000 0.251 0.000
  4.291667   5.291667    1.08 0.000 99.99 0.259 9.999 0.259000 9.99 0.259000 0.035 0.000   0.150 0.000    0.211 0.000 999.99 0.259000   0.416 0.000   0.081 0.000   0.335 0.000 0.003 0.000 0.028 0.000
  7.291667   8.291667    3.42 0.000 99.99 0.259 9.999 0.259000 9.99 0.259000 0.002 0.559   0.280 0.000    0.393 0.000 999.99 0.259000   0.664 0.000   0.080 0.000   0.585 0.000 0.004 0.000 0.032 0.559
 10.291667  11.291667    2.19 0.000  0.44 0.000 9.999 0.259000 0.06 0.000000 0.107 0.000   0.193 0.000    0.270 0.000 999.99 0.259000   0.998 0.000   0.104 0.000   0.894 0.000 0.006 0.000 0.052 0.000
 13.291667  14.291667    9.21 0.000  0.21 0.000 9.999 0.259000 0.04 0.000000 0.032 0.559   0.214 0.000    0.299 0.000 999.99 0.259000   1.571 0.000   0.695 0.000   0.875 0.000 0.008 0.000 0.045 0.559
 16.291667  17.291667    3.60 0.000  0.39 0.000 9.999 0.259000 9.99 0.259000 0.066 0.000   0.140 0.000    0.197 0.000 999.99 0.259000   1.590 0.000   0.681 0.000   0.908 0.000 0.006 0.000 0.083 0.000
 19.291667  20.291667    5.34 0.000  0.45 0.000 9.999 0.259000 9.99 0.259000 0.031 0.559   0.093 0.000    0.130 0.000 999.99 0.259000   1.081 0.000   0.551 0.000   0.530 0.000 0.005 0.000 0.052 0.559
 22.291667  23.291667    9.51 0.000  0.54 0.000 9.999 0.259000 9.99 0.259000 0.096 0.000   0.093 0.000    0.131 0.000 999.99 0.259000   1.548 0.000   0.391 0.000   1.157 0.000 0.008 0.000 0.097 0.000
 25.291667  26.291667   14.21 0.000  0.36 0.000 9.999 0.259000 9.99 0.259000 0.016 0.000   0.197 0.000    0.276 0.000 999.99 0.259000   2.852 0.000   1.493 0.000   1.359 0.000 0.013 0.000 0.101 0.000
 28.291667  29.291667    5.80 0.000  0.51 0.000 9.999 0.259000 9.99 0.259000 0.116 0.000   0.175 0.000    0.246 0.000 999.99 0.259000   2.479 0.000   1.335 0.000   1.145 0.000 0.004 0.000 0.088 0.000
 31.291667  32.291667    1.70 0.559  0.31 0.559 9.999 0.559259 9.99 0.559259 0.025 0.559   0.073 0.000    0.103 0.000 999.99 0.559259   0.790 0.000   0.143 0.000   0.647 0.559 0.004 0.559 0.038 0.559
 34.291667  35.291667    4.45 0.000  0.61 0.000 9.999 0.259000 9.99 0.259000 0.195 0.559   0.201 0.000    0.282 0.000 999.99 0.259000   2.343 0.000   0.564 0.000   1.779 0.000 0.006 0.000 0.079 0.559
 37.291667  38.291667   10.26 0.000  0.40 0.000 9.999 0.259000 9.99 0.259000 0.031 0.000   0.095 0.000    0.133 0.000 999.99 0.259000   1.871 0.000   0.846 0.000   1.026 0.000 0.008 0.000 0.074 0.000
 40.291667  41.291667    3.10 0.000  0.35 0.000 9.999 0.259000 9.99 0.259000 0.102 0.000   0.150 0.000    0.210 0.000 999.99 0.259000   1.414 0.000   0.434 0.000   0.980 0.000 0.005 0.000 0.065 0.000
 43.291667  44.291667   13.85 0.000  1.23 0.000 9.999 0.259000 9.99 0.259000 0.206 0.559   0.326 0.000    0.457 0.000 999.99 0.259000   3.327 0.000   1.158 0.000   2.168 0.000 0.015 0.000 0.136 0.559
 46.291667  47.291667   11.63 0.000  0.65 0.000 9.999 0.259000 9.99 0.259000 0.032 0.559   0.273 0.000    0.382 0.000 999.99 0.259000   3.059 0.000   1.599 0.000   1.460 0.000 0.013 0.000 0.162 0.559
 49.291667  50.291667   16.77 0.000  0.57 0.000 9.999 0.259000 9.99 0.259000 0.135 0.559   0.331 0.000    0.464 0.000 999.99 0.259000   2.047 0.000   0.562 0.000   1.485 0.000 0.008 0.000 0.128 0.559
 52.291667  53.291667   10.51 0.000  0.33 0.000 9.999 0.259000 0.12 0.000000 0.009 0.559   0.122 0.000    0.171 0.000 999.99 0.259000   1.240 0.000   0.604 0.000   0.637 0.000 0.008 0.000 0.059 0.559
 55.291667  56.291667    7.74 0.559  0.28 0.559 9.999 0.559259 9.99 0.559259 0.026 0.559   0.161 0.000    0.225 0.000 999.99 0.559259   2.038 0.000   1.131 0.000   0.907 0.559 0.007 0.559 0.078 0.559
 58.291667  59.291667   30.66 0.000  0.37 0.000 0.041 0.000000 9.99 0.259000 0.030 0.559   0.245 0.000    0.343 0.000 999.99 0.259000   7.151 0.000   5.292 0.000   1.860 0.000 0.029 0.000 0.094 0.559
 61.291667  62.291667   10.95 0.000  0.71 0.000 9.999 0.259000 9.99 0.259000 0.073 0.000   0.234 0.000    0.327 0.000 999.99 0.259000   2.343 0.000   0.599 0.000   1.744 0.000 0.015 0.000 0.155 0.000
 64.291667  65.291667   24.45 0.000  0.65 0.000 9.999 0.259000 9.99 0.259000 0.093 0.559   0.280 0.000    0.392 0.000 999.99 0.259000   4.726 0.000   2.914 0.000   1.812 0.000 0.021 0.000 0.096 0.559
 67.291667  68.291667   21.11 0.000  0.56 0.000 9.999 0.259000 0.08 0.000000 0.017 0.559   0.136 0.000    0.191 0.000 999.99 0.259000   3.119 0.000   1.624 0.000   1.494 0.000 0.014 0.000 0.126 0.559
 70.291667  71.291667    6.29 0.000  0.35 0.000 9.999 0.259000 0.13 0.000000 0.010 0.559   0.218 0.000    0.305 0.000 999.99 0.259000   1.370 0.000   0.888 0.000   0.482 0.000 0.009 0.000 0.041 0.559
 73.291667  74.291667    4.78 0.000  0.31 0.000 9.999 0.259000 0.12 0.000000 0.066 0.000   0.167 0.000    0.233 0.000 999.99 0.259000   1.248 0.000   0.588 0.000   0.660 0.000 0.005 0.000 0.070 0.000
 76.291667  77.291667   23.52 0.000  0.62 0.000 9.999 0.259000 0.11 0.000000 0.169 0.559   0.340 0.000    0.475 0.000 999.99 0.259000   4.491 0.000   2.009 0.000   2.482 0.000 0.019 0.000 0.197 0.559
 79.291667  80.291667   14.10 0.000  0.60 0.000 9.999 0.259000 9.99 0.259000 0.015 0.559   0.165 0.000    0.232 0.000 999.99 0.259000   2.712 0.000   1.724 0.000   0.988 0.000 0.011 0.000 0.117 0.559
 82.291667  83.291667    6.11 0.000 99.99 0.259 9.999 0.259000 9.99 0.259000 0.013 0.559   0.233 0.000    0.326 0.000 999.99 0.259000   1.405 0.000   0.903 0.000   0.502 0.000 0.004 0.000 0.037 0.559
 85.291667  86.291667   22.17 0.000  0.66 0.000 9.999 0.259000 0.09 0.000000 0.032 0.000   0.212 0.000    0.296 0.000 999.99 0.259000   3.224 0.000   1.720 0.000   1.505 0.000 0.016 0.000 0.117 0.000
 88.291667  89.291667   96.50 0.000  1.13 0.000 9.999 0.259000 9.99 0.259000 0.050 0.000   0.641 0.000    0.897 0.000 999.99 0.259000  13.848 0.000   8.678 0.000   5.169 0.000 0.077 0.000 0.209 0.000
 91.291667  92.291667   78.42 0.000  1.11 0.000 9.999 0.259000 9.99 0.259000 0.032 0.000   0.656 0.000    0.919 0.000 999.99 0.259000  11.253 0.000   7.477 0.000   3.776 0.000 0.056 0.000 0.161 0.000
 94.291667  95.291667 9999.99 0.699 99.99 0.699 9.999 0.699000 9.99 0.699000 0.109 0.559  80.821 0.000  113.149 0.000 999.99 0.699000 999.999 0.699 999.999 0.999 999.999 0.699 9.999 0.699 0.247 0.559
 97.291667  98.291667   33.31 0.000  0.71 0.000 9.999 0.259000 9.99 0.259000 0.036 0.000   3.176 0.000    4.446 0.000 999.99 0.259000  11.999 0.000   6.935 0.000   5.064 0.000 0.028 0.000 0.164 0.000
100.291667 101.291667   53.84 0.000  0.55 0.000 9.999 0.259000 0.12 0.000000 0.050 0.000   0.971 0.000    1.359 0.000 999.99 0.259000   9.040 0.000   5.886 0.000   3.154 0.000 0.034 0.000 0.148 0.000
103.291667 104.291667   83.60 0.000  0.62 0.000 9.999 0.259000 0.12 0.000000 0.042 0.000   0.707 0.000    0.989 0.000 999.99 0.259000  14.665 0.000  10.596 0.000   4.069 0.000 0.047 0.000 0.168 0.000
106.291667 107.291667  135.50 0.000  0.54 0.000 9.999 0.259000 0.16 0.000000 0.110 0.000   0.894 0.000    1.252 0.000 999.99 0.259000  51.174 0.000  45.305 0.000   5.869 0.000 0.084 0.000 0.261 0.000
109.291667 110.291667   17.67 0.000  0.45 0.000 9.999 0.259000 9.99 0.259000 0.107 0.000   0.378 0.000    0.529 0.000 999.99 0.259000   4.134 0.000   2.763 0.000   1.371 0.000 0.012 0.000 0.135 0.000
112.291667 113.291667  140.55 0.000  2.32 0.000 9.999 0.259000 0.10 0.000000 0.072 0.000   0.489 0.000    0.685 0.000 999.99 0.259000  10.007 0.000   4.807 0.000   5.200 0.000 0.086 0.000 0.322 0.000
115.291667 116.291667   72.64 0.000  0.94 0.000 9.999 0.259000 0.14 0.000000 0.051 0.000   0.391 0.000    0.547 0.000 999.99 0.259000  14.505 0.000  11.194 0.000   3.311 0.000 0.044 0.000 0.236 0.000
118.291667 119.291667   77.46 0.000  0.84 0.000 9.999 0.259000 0.12 0.000000 0.049 0.000   0.195 0.000    0.273 0.000 999.99 0.259000   8.177 0.000   5.547 0.000   2.630 0.000 0.044 0.000 0.148 0.000
121.291667 122.291667   47.48 0.000  0.54 0.000 9.999 0.259000 9.99 0.259000 0.038 0.000   0.353 0.000    0.495 0.000 999.99 0.259000   7.027 0.000   5.203 0.000   1.824 0.000 0.032 0.000 0.113 0.000
124.291667 125.291667  206.87 0.000  0.65 0.000 9.999 0.259000 0.10 0.000000 0.102 0.000   0.467 0.000    0.654 0.000 999.99 0.259000  13.057 0.000   7.413 0.000   5.644 0.000 0.111 0.000 0.226 0.000
127.291667 128.291667  154.35 0.000  0.77 0.000 9.999 0.259000 0.10 0.000000 0.131 0.559   0.663 0.000    0.929 0.000 999.99 0.259000  24.512 0.000  18.316 0.000   6.196 0.000 0.095 0.000 0.231 0.559
130.291667 131.291667  110.72 0.000  0.62 0.000 9.999 0.259000 9.99 0.259000 0.103 0.559   0.579 0.000    0.811 0.000 999.99 0.259000  18.105 0.000  13.920 0.000   4.185 0.000 0.065 0.000 0.176 0.559
133.291667 134.291667   41.73 0.000  0.63 0.000 9.999 0.259000 9.99 0.259000 0.020 0.559   0.384 0.000    0.537 0.000 999.99 0.259000   4.545 0.000   1.903 0.000   2.641 0.000 0.026 0.000 0.185 0.559
136.291667 137.291667   80.27 0.000  0.67 0.000 9.999 0.259000 9.99 0.259000 0.103 0.559   0.898 0.000    1.257 0.000 999.99 0.259000  12.163 0.000   7.270 0.000   4.893 0.000 0.049 0.000 0.283 0.559
139.291667 140.291667   54.96 0.000  0.45 0.000 9.999 0.259000 0.23 0.000000 0.037 0.559   0.228 0.000    0.320 0.000 999.99 0.259000   9.218 0.000   6.158 0.000   3.060 0.000 0.036 0.000 0.187 0.559
142.291667 143.291667   19.11 0.000  0.15 0.000 9.999 0.259000 9.99 0.259000 0.021 0.559   0.466 0.000    0.652 0.000 999.99 0.259000 999.999 0.456 999.999 0.999   1.692 0.000 0.014 0.000 0.060 0.559
145.291667 146.291667   26.22 0.000  0.36 0.000 9.999 0.259000 9.99 0.259000 0.016 0.559   0.399 0.000    0.558 0.000 999.99 0.259000 999.999 0.456 999.999 0.999   2.080 0.000 0.016 0.000 0.106 0.559
148.291667 149.291667   49.94 0.000  0.54 0.000 9.999 0.259000 0.14 0.000000 0.059 0.559   0.806 0.000    1.128 0.000 999.99 0.259000   9.862 0.000   6.049 0.000   3.813 0.000 0.037 0.000 0.259 0.559
151.291667 152.291667   69.02 0.000  0.60 0.000 9.999 0.259000 0.15 0.000000 0.039 0.559   0.938 0.000    1.313 0.000 999.99 0.259000  10.437 0.000   5.723 0.000   4.715 0.000 0.065 0.000 0.285 0.559
154.291667 155.291667   28.40 0.000  0.75 0.000 9.999 0.259000 9.99 0.259000 0.049 0.559   1.123 0.000    1.572 0.000 999.99 0.259000   7.605 0.000   3.361 0.000   4.245 0.000 0.027 0.000 0.261 0.559
157.291667 158.291667   37.59 0.000  0.71 0.000 9.999 0.259000 9.99 0.259000 0.051 0.559 999.999 0.999 9999.999 0.999 999.99 0.259000  11.029 0.000   5.968 0.000   5.062 0.000 0.062 0.000 0.209 0.559
160.291667 161.291667   86.72 0.000  0.37 0.000 9.999 0.259000 9.99 0.259000 0.083 0.559   5.369 0.000    7.516 0.000 999.99 0.259000  25.794 0.000  14.324 0.000  11.469 0.000 0.068 0.000 0.123 0.559
163.291667 164.291667 9999.99 0.699 99.99 0.699 9.999 0.699000 9.99 0.699000 0.135 0.000   8.847 0.000   12.385 0.000 999.99 0.699000  21.377 0.000 999.999 0.999 999.999 0.699 9.999 0.699 0.152 0.000
166.291667 167.291667   49.41 0.000  0.60 0.000 9.999 0.259000 9.99 0.259000 0.056 0.559   0.696 0.000    0.974 0.000 999.99 0.259000   9.477 0.000   6.005 0.000   3.472 0.000 0.035 0.000 0.259 0.559
169.291667 170.291667   80.87 0.000  0.51 0.000 9.999 0.259000 9.99 0.259000 0.057 0.559   1.745 0.000    2.444 0.000  30.43 0.000000  14.218 0.000   8.214 0.000   6.003 0.000 0.076 0.000 0.224 0.559
172.291667 173.291667   73.29 0.000  0.39 0.000 9.999 0.259000 0.16 0.000000 0.045 0.559   0.425 0.000    0.595 0.000 999.99 0.259000  11.161 0.000   7.689 0.000   3.472 0.000 0.063 0.000 0.189 0.559
175.291667 176.291667   29.56 0.000  0.48 0.000 9.999 0.259000 0.13 0.000000 0.032 0.559   0.642 0.000    0.899 0.000 999.99 0.259000   5.984 0.000   3.131 0.000   2.853 0.000 0.070 0.000 0.210 0.559
178.291667 179.291667   40.94 0.559  0.56 0.559 9.999 0.559259 9.99 0.559259 0.028 0.559   0.839 0.000    1.174 0.000 999.99 0.559259   7.273 0.000   3.982 0.000   3.291 0.559 0.063 0.559 0.149 0.559
181.291667 182.291667   57.36 0.000  0.58 0.000 9.999 0.259000 0.12 0.000000 0.070 0.559   3.091 0.000    4.328 0.000 999.99 0.259000  16.576 0.000   6.563 0.000  10.013 0.000 0.094 0.000 0.460 0.559
184.291667 185.291667   33.88 0.000  0.21 0.000 9.999 0.259000 9.99 0.259000 0.016 0.559   0.867 0.000    1.214 0.000 999.99 0.259000   7.396 0.000   3.562 0.000   3.835 0.000 0.035 0.000 0.225 0.559
187.291667 188.291667   68.41 0.559  0.76 0.559 9.999 0.559259 0.22 0.559000 0.055 0.559   1.010 0.000    1.413 0.000 999.99 0.559259  14.468 0.000   8.473 0.000   5.995 0.559 0.099 0.559 0.448 0.559
190.291667 191.291667  125.89 0.000  0.41 0.000 9.999 0.259000 9.99 0.259000 0.022 0.559   1.039 0.000    1.454 0.000 999.99 0.259000  23.381 0.000  17.005 0.000   6.376 0.000 0.097 0.000 0.219 0.559
193.291667 194.291667   53.76 0.699  0.42 0.699 9.999 0.699259 9.99 0.699259 0.025 0.000   3.152 0.000    4.412 0.000 999.99 0.699259  14.259 0.000   6.613 0.000   7.646 0.699 0.075 0.699 0.128 0.000
196.291667 197.291667  131.55 0.699  0.57 0.699 9.999 0.699259 9.99 0.699259 0.059 0.000   3.974 0.000    5.564 0.000 999.99 0.699259  19.716 0.000   6.710 0.000  13.006 0.699 0.154 0.699 0.432 0.000
199.291667 200.291667   34.09 0.000  0.31 0.000 9.999 0.259000 0.15 0.000000 0.049 0.000   2.896 0.000    4.054 0.000 999.99 0.259000  10.251 0.000   3.049 0.000   7.203 0.000 0.070 0.000 0.300 0.000
202.291667 203.291667   66.01 0.000  0.36 0.000 9.999 0.259000 0.12 0.000000 0.030 0.000   0.829 0.000    1.161 0.000 999.99 0.259000  14.461 0.000   9.820 0.000   4.640 0.000 0.070 0.000 0.294 0.000
205.291667 206.291667   36.99 0.000  0.29 0.000 9.999 0.259000 9.99 0.259000 0.020 0.000   0.762 0.000    1.066 0.000 999.99 0.259000   5.870 0.000   2.898 0.000   2.972 0.000 0.029 0.000 0.181 0.000
208.291667 209.291667   38.25 0.000  0.34 0.000 0.033 0.000000 9.99 0.259000 0.040 0.000   0.939 0.000    1.315 0.000 999.99 0.259000   8.742 0.000   4.948 0.000   3.794 0.000 0.034 0.000 0.202 0.000
211.291667 212.291667   63.23 0.000  0.59 0.000 9.999 0.259000 9.99 0.259000 0.048 0.559   1.936 0.000    2.710 0.000 999.99 0.259000  12.745 0.000   6.802 0.000   5.943 0.000 0.057 0.000 0.255 0.559
214.291667 215.291667 9999.99 0.999 99.99 0.999 9.999 0.999000 9.99 0.999000 9.999 0.999 999.999 0.999 9999.999 0.999 999.99 0.999000 999.999 0.999 999.999 0.999 999.999 0.999 9.999 0.999 9.999 0.999
217.291667 218.291667 9999.99 0.999 99.99 0.999 9.999 0.999000 9.99 0.999000 9.999 0.999 999.999 0.999 9999.999 0.999 999.99 0.999000 999.999 0.999 999.999 0.999 999.999 0.999 9.999 0.999 9.999 0.999
220.291667 221.291667   27.92 0.559  0.30 0.559 9.999 0.559259 9.99 0.559259 0.040 0.000   2.156 0.000    3.019 0.000 999.99 0.559259  10.541 0.000   5.151 0.000   5.390 0.559 0.054 0.559 0.152 0.000
223.291667 224.291667   27.80 0.000  0.22 0.000 9.999 0.259000 9.99 0.259000 0.045 0.559   3.385 0.000    4.739 0.000 999.99 0.259000  12.615 0.000   5.366 0.000   7.249 0.000 0.073 0.000 0.146 0.559
226.291667 227.291667   30.18 0.000  0.11 0.000 9.999 0.259000 0.05 0.000000 0.026 0.699   1.510 0.000    2.113 0.000  10.58 0.000000   7.761 0.000   4.456 0.000   3.305 0.000 0.037 0.000 0.072 0.699
229.291667 230.291667   68.88 0.699  0.55 0.699 0.023 0.699000 9.99 0.699259 0.105 0.000   3.798 0.000    5.318 0.000 999.99 0.699259  17.444 0.000   6.819 0.000  10.625 0.699 0.091 0.699 0.417 0.000
232.291667 233.291667  100.78 0.559  0.36 0.559 0.035 0.559000 0.12 0.559000 0.061 0.559   1.083 0.000    1.516 0.000 999.99 0.559259  19.231 0.000  13.236 0.000   5.995 0.559 0.095 0.559 0.224 0.559
235.291667 236.291667   26.35 0.000  0.33 0.000 9.999 0.259000 9.99 0.259000 0.028 0.000   0.618 0.000    0.866 0.000 999.99 0.259000   6.944 0.000   4.313 0.000   2.632 0.000 0.027 0.000 0.146 0.000
238.291667 239.291667   64.61 0.559  0.49 0.559 0.031 0.559000 0.70 0.559000 0.045 0.000   1.231 0.000    1.724 0.000 999.99 0.559259   9.384 0.000   4.305 0.000   5.079 0.559 0.057 0.559 0.157 0.000
