scripts/IMPROVE-2019_partial/data/US4699R.20010101070000.20191216000000.filterpack..pm25.52w.1w.US03L_filterpack_US4699.US03L_IMPROVE_Davis.lev2.nas
64 1001
MISSING INFORMATION
US03L, IMPROVE, , , , , , , 
MISSING INFORMATION
IMPROVE sel_HTAP
1 1
2001 01 01 2019 12 16
3.000000
days from file reference point
25
1 1 1 1 1 1 1 1 1 1 1 1 1 1 1 1 1 1 1 1 1 1 1 1 1
999.999999 99999.99 9.999 99.99 9.999 9.999 9.999999 9.99 9.999999 9.999 9.999 999.999 9.999 999.999 9.999 999.999 9.999 999.999 9.999 999.999 9.999 9.999 9.999 9.999 9.999
end_time of measurement, days from the file reference point
iron, ng/m3, Revision date=20181210133000
numflag iron, no unit, Revision date=20181210133000
lead, ng/m3, Revision date=20181210133000
numflag lead, no unit, Revision date=20181210133000
magnesium, ug/m3, Revision date=20181210133000
numflag magnesium, no unit, Revision date=20181210133000
nickel, ng/m3, Revision date=20181210133000
numflag nickel, no unit, Revision date=20181210133000
nitrate, ug N/m3, Revision date=20181210133000
numflag nitrate, no unit, Revision date=20181210133000
organic_carbon, ug C/m3, Revision date=20181210133000
numflag organic_carbon, no unit, Revision date=20181210133000
organic_mass, ug/m3, Revision date=20181210133000
numflag organic_mass, no unit, Revision date=20181210133000
pm10_mass, ug/m3, Version=2, Version description=Data extracted from http://views.cira.colostate.edu/fed/DataWizard 2019-12-16, Sample duration=1d, Orig. time res.=3d, Matrix=pm10, Blank correction=Blank corrected, Volume std. temperature=ambient, Volume std. pressure=ambient
numflag pm10_mass, no unit, Version=2, Version description=Data extracted from http://views.cira.colostate.edu/fed/DataWizard 2019-12-16, Sample duration=1d, Orig. time res.=3d, Matrix=pm10, Blank correction=Blank corrected, Volume std. temperature=ambient, Volume std. pressure=ambient
pm10_pm25_mass, ug/m3, Revision date=20181210133000, Matrix=pm10_pm25
numflag pm10_pm25_mass, no unit, Revision date=20181210133000, Matrix=pm10_pm25
pm25_mass, ug/m3, Version=2, Version description=Data extracted from http://views.cira.colostate.edu/fed/DataWizard 2019-12-16, Sample duration=1d, Orig. time res.=3d, Blank correction=Blank corrected, Volume std. temperature=ambient, Volume std. pressure=ambient
numflag pm25_mass, no unit, Version=2, Version description=Data extracted from http://views.cira.colostate.edu/fed/DataWizard 2019-12-16, Sample duration=1d, Orig. time res.=3d, Blank correction=Blank corrected, Volume std. temperature=ambient, Volume std. pressure=ambient
potassium, ug/m3, Revision date=20181210133000
numflag potassium, no unit, Revision date=20181210133000
sulphate_total, ug S/m3, Revision date=20181210133000
numflag sulphate_total, no unit, Revision date=20181210133000
0
25
Data definition:              EBAS_1.1
Set type code:                TU
Timezone:                     UTC
File name:                    US4699R.20010101070000.20191216000000.filterpack..pm25.52w.1w.US03L_filterpack_US4699.US03L_IMPROVE_Davis.lev2.nas
File creation:                20191218120447
Startdate:                    20010101070000
Revision date:                20191216000000
Statistics:                   arithmetic mean
Data level:                   2
Period code:                  52w
Resolution code:              1w
Station code:                 US4699R
Platform code:                US4699S
Station name:                 Bryce Canyon National Park-Repeater Hill (UT99)
Station latitude:             37.6186
Station longitude:            -112.1728
Station altitude:             2477.0 m
Regime:                       IMG
Component:                    
Matrix:                       pm25
Laboratory code:              US03L
Instrument type:              filterpack
Instrument name:              filterpack_US4699
Method ref:                   US03L_IMPROVE_Davis
starttime endtime Fe flag_Fe Pb flag_Pb Mg++ flag_Mg++ Ni flag_Ni NO3- flag_NO3- OC flag_OC OM flag_OM PM10 flag_PM10 PM10-PM2.5 flag_PM10-PM2.5 PM2.5 flag_PM2.5 K+ flag_K+ SO4-- flag_SO4--
[from data line 87]
261.291667 262.291667    23.65 0.000  0.55 0.000 9.999 0.259000 0.53 0.000000 0.013 0.559   0.474 0.000   0.664 0.000   5.351 0.000   2.625 0.000   2.726 0.000 0.026 0.000 0.194 0.559
264.291667 265.291667 99999.99 0.699 99.99 0.699 9.999 0.699000 9.99 0.699000 0.068 0.000  24.478 0.000  34.269 0.000  35.498 0.000 999.999 0.999 999.999 0.699 9.999 0.699 0.249 0.000
267.291667 268.291667 99999.99 0.699 99.99 0.699 9.999 0.699000 9.99 0.699000 0.118 0.699  27.836 0.000  38.971 0.000  51.515 0.000 999.999 0.999 999.999 0.699 9.999 0.699 0.367 0.699
270.291667 271.291667    22.67 0.000  0.23 0.000 9.999 0.259000 9.99 0.259000 0.032 0.000   7.622 0.000  10.671 0.000  15.278 0.000   2.398 0.000  12.880 0.000 0.024 0.000 0.278 0.000
273.291667 274.291667    30.44 0.000  0.43 0.000 9.999 0.259000 9.99 0.259000 0.027 0.559   3.373 0.000   4.722 0.000  12.868 0.000   5.537 0.000   7.330 0.000 0.036 0.000 0.529 0.559
276.291667 277.291667    36.23 0.000  0.39 0.000 9.999 0.259000 9.99 0.259000 0.019 0.000   1.030 0.000   1.442 0.000   8.660 0.000   4.831 0.000   3.829 0.000 0.037 0.000 0.242 0.000
279.291667 280.291667    11.77 0.000  0.36 0.000 9.999 0.259000 0.16 0.000000 0.021 0.559   0.523 0.000   0.732 0.000   3.309 0.000   1.261 0.000   2.048 0.000 0.011 0.000 0.211 0.559
282.291667 283.291667    11.06 0.000  0.18 0.000 9.999 0.259000 9.99 0.259000 0.021 0.559   0.582 0.000   0.815 0.000   3.638 0.000   2.225 0.000   1.412 0.000 0.013 0.000 0.091 0.559
285.291667 286.291667     8.02 0.000  0.21 0.000 0.012 0.000000 9.99 0.259000 0.009 0.000   0.166 0.000   0.233 0.000   2.646 0.000   1.884 0.000   0.761 0.000 0.008 0.000 0.047 0.000
288.291667 289.291667    17.93 0.000  0.37 0.000 9.999 0.259000 9.99 0.259000 0.008 0.000   0.383 0.000   0.537 0.000   4.322 0.000   2.477 0.000   1.845 0.000 0.018 0.000 0.090 0.000
291.291667 292.291667    15.78 0.000 99.99 0.259 9.999 0.259000 9.99 0.259000 0.007 0.559   0.156 0.000   0.218 0.000   2.396 0.000   1.386 0.000   1.010 0.000 0.015 0.000 0.038 0.559
294.291667 295.291667    18.37 0.000  0.43 0.000 9.999 0.259000 9.99 0.259000 0.013 0.559   0.209 0.000   0.293 0.000   3.777 0.000   2.481 0.000   1.296 0.000 0.018 0.000 0.080 0.559
297.291667 298.291667    23.29 0.000  0.26 0.000 9.999 0.259000 9.99 0.259000 0.009 0.559   0.107 0.000   0.150 0.000   3.739 0.000   2.693 0.000   1.046 0.000 0.018 0.000 0.045 0.559
300.291667 301.291667    37.62 0.000  1.26 0.000 9.999 0.259000 0.16 0.000000 0.022 0.559   0.564 0.000   0.789 0.000   8.752 0.000   4.709 0.000   4.043 0.000 0.026 0.000 0.425 0.559
303.291667 304.291667    11.49 0.000  0.44 0.000 9.999 0.259000 0.09 0.000000 0.026 0.000   0.383 0.000   0.537 0.000   3.224 0.000   1.184 0.000   2.041 0.000 0.011 0.000 0.239 0.000
306.291667 307.291667    11.04 0.000  0.85 0.000 9.999 0.259000 9.99 0.259000 0.008 0.559   0.455 0.000   0.636 0.000   3.369 0.000   1.304 0.000   2.065 0.000 0.013 0.000 0.196 0.559
309.291667 310.291667    18.98 0.000  0.74 0.000 9.999 0.259000 0.13 0.000000 0.038 0.000   0.706 0.000   0.988 0.000   7.166 0.000   2.731 0.000   4.436 0.000 0.020 0.000 0.549 0.000
312.291667 313.291667     7.99 0.000  0.41 0.000 9.999 0.259000 9.99 0.259000 0.035 0.000   0.440 0.000   0.615 0.000   3.720 0.000   0.942 0.000   2.778 0.000 0.012 0.000 0.336 0.000
315.291667 316.291667    43.57 0.000  0.89 0.000 9.999 0.259000 9.99 0.259000 0.045 0.559   0.397 0.000   0.556 0.000  11.450 0.000   7.106 0.000   4.344 0.000 0.044 0.000 0.471 0.559
318.291667 319.291667    10.24 0.000  0.43 0.000 9.999 0.259000 9.99 0.259000 0.103 0.000   0.297 0.000   0.416 0.000   3.041 0.000   1.099 0.000   1.942 0.000 0.012 0.000 0.238 0.000
321.291667 322.291667    13.11 0.000  0.69 0.000 9.999 0.259000 9.99 0.259000 0.083 0.559   0.368 0.000   0.515 0.000   3.886 0.000   1.433 0.000   2.453 0.000 0.013 0.000 0.260 0.559
324.291667 325.291667     8.57 0.000  0.48 0.000 9.999 0.259000 9.99 0.259000 0.007 0.559   0.178 0.000   0.249 0.000   2.273 0.000   1.057 0.000   1.217 0.000 0.008 0.000 0.121 0.559
327.291667 328.291667     3.39 0.000 99.99 0.259 9.999 0.259000 9.99 0.259000 0.008 0.559   0.062 0.000   0.087 0.000   0.915 0.000   0.577 0.000   0.338 0.000 0.004 0.000 0.028 0.559
330.291667 331.291667     2.40 0.000  0.29 0.000 9.999 0.259000 9.99 0.259000 0.113 0.559   0.155 0.000   0.217 0.000   1.226 0.000   0.142 0.000   1.084 0.000 0.006 0.000 0.109 0.559
333.291667 334.291667     7.88 0.000  0.29 0.000 9.999 0.259000 9.99 0.259000 0.024 0.559   0.083 0.000   0.116 0.000   1.164 0.000   0.206 0.000   0.958 0.000 0.006 0.000 0.141 0.559
336.291667 337.291667    14.34 0.000  0.48 0.000 9.999 0.259000 9.99 0.259000 0.020 0.559   0.198 0.000   0.277 0.000   1.663 0.000   0.821 0.000   0.843 0.000 0.013 0.000 0.083 0.559
339.291667 340.291667     7.56 0.559  0.26 0.559 9.999 0.559259 9.99 0.559259 9.999 0.456   0.105 0.000   0.147 0.000   1.033 0.000   0.493 0.000   0.541 0.559 0.007 0.559 9.999 0.456
342.291667 343.291667     6.62 0.000  0.49 0.000 9.999 0.259000 9.99 0.259000 9.999 0.456   0.119 0.000   0.167 0.000   1.164 0.000   0.571 0.000   0.594 0.000 0.007 0.000 9.999 0.456
345.291667 346.291667     1.43 0.000 99.99 0.259 9.999 0.259000 9.99 0.259000 9.999 0.456   0.172 0.000   0.241 0.000   1.046 0.000   0.182 0.000   0.864 0.000 0.005 0.000 9.999 0.456
348.291667 349.291667     1.74 0.000 99.99 0.259 9.999 0.259000 9.99 0.259000 9.999 0.456   0.075 0.000   0.106 0.000   1.213 0.000   0.695 0.000   0.518 0.000 0.006 0.000 9.999 0.456
351.291667 352.291667     6.18 0.000 99.99 0.259 9.999 0.259000 0.06 0.000000 9.999 0.456   0.172 0.000   0.241 0.000   1.093 0.000   0.523 0.000   0.570 0.000 0.006 0.000 9.999 0.456
354.291667 355.291667    18.40 0.000  1.06 0.000 9.999 0.259000 9.99 0.259000 0.221 0.000   0.407 0.000   0.569 0.000   3.410 0.000   1.489 0.000   1.921 0.000 0.018 0.000 0.102 0.000
357.291667 358.291667     3.57 0.000  0.68 0.000 9.999 0.259000 9.99 0.259000 0.237 0.000   0.271 0.000   0.379 0.000   1.705 0.000   0.198 0.000   1.507 0.000 0.005 0.000 0.065 0.000
360.291667 361.291667     3.19 0.000  0.36 0.000 9.999 0.259000 9.99 0.259000 0.084 0.000   0.098 0.000   0.137 0.000   0.998 0.000   0.432 0.000   0.566 0.000 0.004 0.000 0.047 0.000
363.291667 364.291667     0.44 0.000  0.16 0.000 9.999 0.259000 9.99 0.259000 0.018 0.000   0.113 0.000   0.158 0.000   0.496 0.000   0.138 0.000   0.358 0.000 9.999 0.259 0.045 0.000
