scripts/IMPROVE-2019_partial/data/US4699R.20050101070000.20191216000000.filterpack..pm25.52w.1w.US03L_filterpack_US4699.US03L_IMPROVE_Davis.lev2.nas
66 1001
MISSING INFORMATION
US03L, IMPROVE, , , , , , , 
MISSING INFORMATION
IMPROVE sel_HTAP
1 1
2005 01 01 2019 12 16
3.000000
days from file reference point
27
1 1 1 1 1 1 1 1 1 1 1 1 1 1 1 1 1 1 1 1 1 1 1 1 1 1 1
999.999999 9999.99 9.999999 99.99 9.999999 9.999 9.999999 9.99 9.999999 9.999 9.999 99.999 9.999 99.999 9.999 999.99 9.999999999 999.999 9.999 99.999 9.999 999.999 9.999 9.999 9.999999 9.999 9.999
end_time of measurement, days from the file reference point
iron, ng/m3, Revision date=20181210133000
numflag iron, no unit, Revision date=20181210133000
lead, ng/m3, Revision date=20181210133000
numflag lead, no unit, Revision date=20181210133000
magnesium, ug/m3, Revision date=20181210133000
numflag magnesium, no unit, Revision date=20181210133000
nickel, ng/m3, Revision date=20181210133000
numflag nickel, no unit, Revision date=20181210133000
nitrate, ug N/m3, Revision date=20181210133000
numflag nitrate, no unit, Revision date=20181210133000
organic_carbon, ug C/m3, Revision date=20181210133000
numflag organic_carbon, no unit, Revision date=20181210133000
organic_mass, ug/m3, Revision date=20181210133000
numflag organic_mass, no unit, Revision date=20181210133000
phosphorus, ng/m3, Revision date=20181210133000
numflag phosphorus, no unit, Revision date=20181210133000
pm10_mass, ug/m3, Version=2, Version description=Data extracted from http://views.cira.colostate.edu/fed/DataWizard 2019-12-16, Sample duration=1d, Orig. time res.=3d, Matrix=pm10, Blank correction=Blank corrected, Volume std. temperature=ambient, Volume std. pressure=ambient
numflag pm10_mass, no unit, Version=2, Version description=Data extracted from http://views.cira.colostate.edu/fed/DataWizard 2019-12-16, Sample duration=1d, Orig. time res.=3d, Matrix=pm10, Blank correction=Blank corrected, Volume std. temperature=ambient, Volume std. pressure=ambient
pm10_pm25_mass, ug/m3, Revision date=20181210133000, Matrix=pm10_pm25
numflag pm10_pm25_mass, no unit, Revision date=20181210133000, Matrix=pm10_pm25
pm25_mass, ug/m3, Version=2, Version description=Data extracted from http://views.cira.colostate.edu/fed/DataWizard 2019-12-16, Sample duration=1d, Orig. time res.=3d, Blank correction=Blank corrected, Volume std. temperature=ambient, Volume std. pressure=ambient
numflag pm25_mass, no unit, Version=2, Version description=Data extracted from http://views.cira.colostate.edu/fed/DataWizard 2019-12-16, Sample duration=1d, Orig. time res.=3d, Blank correction=Blank corrected, Volume std. temperature=ambient, Volume std. pressure=ambient
potassium, ug/m3, Revision date=20181210133000
numflag potassium, no unit, Revision date=20181210133000
sulphate_total, ug S/m3, Revision date=20181210133000
numflag sulphate_total, no unit, Revision date=20181210133000
0
25
Data definition:              EBAS_1.1
Set type code:                TU
Timezone:                     UTC
File name:                    US4699R.20050101070000.20191216000000.filterpack..pm25.52w.1w.US03L_filterpack_US4699.US03L_IMPROVE_Davis.lev2.nas
File creation:                20191218120449
Startdate:                    20050101070000
Revision date:                20191216000000
Statistics:                   arithmetic mean
Data level:                   2
Period code:                  52w
Resolution code:              1w
Station code:                 US4699R
Platform code:                US4699S
Station name:                 Bryce Canyon National Park-Repeater Hill (UT99)
Station latitude:             37.6186
Station longitude:            -112.1728
Station altitude:             2477.0 m
Regime:                       IMG
Component:                    
Matrix:                       pm25
Laboratory code:              US03L
Instrument type:              filterpack
Instrument name:              filterpack_US4699
Method ref:                   US03L_IMPROVE_Davis
starttime endtime Fe flag_Fe Pb flag_Pb Mg++ flag_Mg++ Ni flag_Ni NO3- flag_NO3- OC flag_OC OM flag_OM P flag_P PM10 flag_PM10 PM10-PM2.5 flag_PM10-PM2.5 PM2.5 flag_PM2.5 K+ flag_K+ SO4-- flag_SO4--
  0.291667   1.291667    2.38 0.000000 99.99 0.259000 0.009 0.000000 0.22 0.000000 0.046 0.000  0.126 0.000  0.226 0.000 999.99 0.259000000   0.916 0.000  0.382 0.000   0.534 0.000 0.003 0.000000 0.063 0.000
  3.291667   4.291667    1.25 0.000000  0.48 0.000000 9.999 0.259000 0.24 0.000000 0.005 0.000  0.080 0.000  0.145 0.000 999.99 0.259000000   0.373 0.000  0.193 0.000   0.180 0.000 9.999 0.259000 0.011 0.000
  6.291667   7.291667    2.61 0.000000  0.24 0.000000 9.999 0.259000 0.17 0.000000 0.016 0.000  0.212 0.000  0.381 0.000 999.99 0.259000000   1.090 0.000  0.377 0.000   0.713 0.000 0.003 0.000000 0.115 0.000
  9.291667  10.291667    0.82 0.000000 99.99 0.259000 9.999 0.259000 0.19 0.000000 0.004 0.000  0.174 0.000  0.312 0.000 999.99 0.259000000   0.124 0.000  0.065 0.000   0.059 0.000 0.001 0.000000 0.006 0.000
 12.291667  13.291667   20.06 0.000000  0.20 0.000000 9.999 0.259000 9.99 0.259000 0.007 0.000  0.178 0.000  0.320 0.000 999.99 0.259000000   1.959 0.000  1.137 0.000   0.821 0.000 0.014 0.000000 0.044 0.000
 15.291667  16.291667    7.36 0.000000  0.34 0.000000 0.006 0.000000 9.99 0.259000 0.007 0.000  0.398 0.000  0.716 0.000 999.99 0.259000000   1.619 0.000  0.919 0.000   0.700 0.000 0.006 0.000000 0.028 0.000
 18.291667  19.291667 9999.99 0.999000 99.99 0.999000 9.999 0.999000 9.99 0.999000 9.999 0.999 99.999 0.999 99.999 0.999 999.99 0.999000000 999.999 0.999 99.999 0.999 999.999 0.999 9.999 0.999000 9.999 0.999
 21.291667  22.291667 9999.99 0.999000 99.99 0.999000 9.999 0.999000 9.99 0.999000 9.999 0.999 99.999 0.999 99.999 0.999 999.99 0.999000000 999.999 0.999 99.999 0.999 999.999 0.999 9.999 0.999000 9.999 0.999
 24.291667  25.291667 9999.99 0.999000 99.99 0.999000 9.999 0.999000 9.99 0.999000 9.999 0.999 99.999 0.999 99.999 0.999 999.99 0.999000000 999.999 0.999 99.999 0.999 999.999 0.999 9.999 0.999000 9.999 0.999
 27.291667  28.291667    2.01 0.000000 99.99 0.259000 9.999 0.259000 0.18 0.000000 0.035 0.000  0.246 0.000  0.442 0.000 999.99 0.259000000   1.537 0.000  0.535 0.000   1.002 0.000 0.003 0.000000 0.117 0.000
 30.291667  31.291667   19.52 0.000000  0.79 0.000000 9.999 0.259000 9.99 0.259000 0.185 0.000  0.215 0.000  0.386 0.000 999.99 0.259000000   2.046 0.000  0.278 0.000   1.768 0.000 0.012 0.000000 0.164 0.000
 33.291667  34.291667    7.35 0.000000  0.62 0.000000 0.005 0.000000 9.99 0.259000 0.250 0.000  0.158 0.000  0.285 0.000 999.99 0.259000000   2.913 0.000  0.494 0.000   2.419 0.000 0.008 0.000000 0.147 0.000
 36.291667  37.291667    7.30 0.000000  1.11 0.000000 9.999 0.259000 0.14 0.000000 0.041 0.000  0.309 0.000  0.556 0.000   7.35 0.000000000   2.249 0.000  0.636 0.000   1.613 0.000 0.008 0.000000 0.157 0.000
 39.291667  40.291667   14.51 0.000000  0.16 0.000000 9.999 0.259000 9.99 0.259000 0.018 0.000  0.153 0.000  0.275 0.000 999.99 0.259000000   0.999 0.000  0.385 0.000   0.614 0.000 0.006 0.000000 0.046 0.000
 42.291667  43.291667    2.15 0.000000  0.56 0.000000 9.999 0.259000 9.99 0.259000 0.006 0.000  0.206 0.000  0.372 0.000 999.99 0.259000000   0.083 0.000 99.999 0.259   0.089 0.000 0.001 0.000000 0.003 0.000
 45.291667  46.291667    9.11 0.000000  0.55 0.000000 9.999 0.259000 9.99 0.259000 0.083 0.000  0.282 0.000  0.507 0.000 999.99 0.259000000   2.243 0.000  0.293 0.000   1.954 0.000 0.006 0.000000 0.309 0.000
 48.291667  49.291667    1.85 0.000000  0.29 0.000000 9.999 0.259000 0.31 0.000000 0.006 0.000  0.193 0.000  0.347 0.000 999.99 0.259000000   0.745 0.000  0.241 0.000   0.504 0.000 0.003 0.000000 0.074 0.000
 51.291667  52.291667    2.00 0.000000  0.61 0.000000 9.999 0.259000 9.99 0.259000 0.014 0.000  0.229 0.000  0.411 0.000 999.99 0.259000000   0.664 0.000  0.189 0.000   0.475 0.000 0.003 0.000000 0.060 0.000
 54.291667  55.291667    6.24 0.000000  0.29 0.000000 0.005 0.000000 0.15 0.000000 0.019 0.000  0.278 0.000  0.501 0.000 999.99 0.259000000   1.827 0.000  0.383 0.000   1.444 0.000 0.006 0.000000 0.212 0.000
 57.291667  58.291667   15.01 0.000000  0.66 0.000000 0.008 0.000000 0.10 0.000000 0.118 0.000  0.348 0.000  0.626 0.000 999.99 0.259000000   2.667 0.000  1.063 0.000   1.604 0.000 0.012 0.000000 0.175 0.000
 60.291667  61.291667   18.39 0.000000  0.81 0.000000 9.999 0.259000 9.99 0.259000 0.021 0.000  0.280 0.000  0.505 0.000 999.99 0.259000000   3.108 0.000  1.666 0.000   1.442 0.000 0.012 0.000000 0.136 0.000
 63.291667  64.291667    8.40 0.000000  0.65 0.000000 9.999 0.259000 9.99 0.259000 0.015 0.000  0.312 0.000  0.562 0.000 999.99 0.259000000   2.406 0.000  0.479 0.000   1.926 0.000 0.007 0.000000 0.287 0.000
 66.291667  67.291667   24.43 0.000000  0.69 0.000000 9.999 0.259000 9.99 0.259000 0.025 0.000  0.404 0.000  0.727 0.000 999.99 0.259000000   3.100 0.000  1.422 0.000   1.698 0.000 0.026 0.000000 0.111 0.000
 69.291667  70.291667   32.68 0.000000  0.74 0.000000 9.999 0.259000 9.99 0.259000 0.117 0.000  0.650 0.000  1.171 0.000 999.99 0.259000000   6.112 0.000  3.848 0.000   2.264 0.000 0.035 0.000000 0.116 0.000
 72.291667  73.291667   24.26 0.000000  1.02 0.000000 0.016 0.000000 9.99 0.259000 0.053 0.000  0.203 0.000  0.366 0.000 999.99 0.259000000   3.387 0.000  1.723 0.000   1.664 0.000 0.017 0.000000 0.149 0.000
 75.291667  76.291667   47.80 0.000000  1.45 0.000000 9.999 0.259000 9.99 0.259000 0.048 0.000  0.354 0.000  0.638 0.000 999.99 0.259000000   6.169 0.000  3.605 0.000   2.563 0.000 0.032 0.000000 0.217 0.000
 78.291667  79.291667    6.34 0.000000  0.42 0.000000 9.999 0.259000 9.99 0.259000 0.014 0.000  0.129 0.000  0.232 0.000 999.99 0.259000000   1.246 0.000  0.649 0.000   0.597 0.000 0.004 0.000000 0.035 0.000
 81.291667  82.291667    4.68 0.000000  0.22 0.000000 9.999 0.259000 9.99 0.259000 0.013 0.000  0.179 0.000  0.321 0.000 999.99 0.259000000   0.994 0.000  0.454 0.000   0.540 0.000 0.004 0.000000 0.048 0.000
 84.291667  85.291667    4.96 0.000000  0.31 0.000000 9.999 0.259000 9.99 0.259000 0.077 0.000  0.271 0.000  0.487 0.000 999.99 0.259000000   1.495 0.000  0.318 0.000   1.177 0.000 0.006 0.000000 0.154 0.000
 87.291667  88.291667    6.17 0.000000  0.34 0.000000 9.999 0.259000 9.99 0.259000 0.016 0.000  0.218 0.000  0.393 0.000 999.99 0.259000000   1.532 0.000  0.732 0.000   0.809 0.000 0.006 0.000000 0.097 0.000
 90.291667  91.291667    6.47 0.000000  0.80 0.000000 0.006 0.000000 9.99 0.259000 0.079 0.000  0.238 0.000  0.428 0.000 999.99 0.259000000   1.779 0.000  0.588 0.000   1.191 0.000 0.008 0.000000 0.173 0.000
 93.291667  94.291667   65.49 0.000000  1.48 0.000000 0.025 0.000000 0.18 0.000000 0.079 0.000  0.448 0.000  0.807 0.000 999.99 0.259000000   7.146 0.000  4.159 0.000   2.986 0.000 0.043 0.000000 0.253 0.000
 96.291667  97.291667   60.70 0.000000  1.64 0.000000 0.027 0.000000 9.99 0.259000 0.022 0.000  0.384 0.000  0.691 0.000 999.99 0.259000000   5.979 0.000  3.198 0.000   2.780 0.000 0.047 0.000000 0.282 0.000
 99.291667 100.291667   20.28 0.000000  0.25 0.000000 0.006 0.000000 9.99 0.259000 0.113 0.000  0.228 0.000  0.410 0.000 999.99 0.259000000   2.828 0.000  1.313 0.000   1.514 0.000 0.013 0.000000 0.164 0.000
102.291667 103.291667  139.19 0.000000  1.87 0.000000 0.063 0.000000 9.99 0.259000 0.034 0.000  0.452 0.000  0.814 0.000 999.99 0.259000000   8.905 0.000  4.414 0.000   4.490 0.000 0.085 0.000000 0.317 0.000
105.291667 106.291667  112.04 0.000000  3.86 0.000000 0.035 0.000000 0.18 0.000000 0.060 0.000  0.701 0.000  1.261 0.000 999.99 0.259000000  10.283 0.000  4.894 0.000   5.388 0.000 0.087 0.000000 0.517 0.000
108.291667 109.291667  103.95 0.000000  1.50 0.000000 0.042 0.000000 9.99 0.259000 0.137 0.000  0.596 0.000  1.073 0.000 999.99 0.259000000  11.942 0.000  7.906 0.000   4.200 0.000 0.068 0.000000 0.335 0.000
111.291667 112.291667   45.30 0.000000  0.70 0.000000 0.019 0.000000 0.13 0.000000 0.031 0.000  0.440 0.000  0.792 0.000 999.99 0.259000000   4.140 0.000  2.201 0.000   1.939 0.000 0.029 0.000000 0.174 0.000
114.291667 115.291667    4.63 0.000000  0.50 0.000000 9.999 0.259000 9.99 0.259000 0.009 0.000  0.301 0.000  0.542 0.000 999.99 0.259000000   0.495 0.000  0.169 0.000   0.326 0.000 0.004 0.000000 0.050 0.000
117.291667 118.291667   37.67 0.000000  0.84 0.000000 0.012 0.000000 9.99 0.259000 0.066 0.559  0.250 0.000  0.450 0.000 999.99 0.259000000   4.313 0.000  2.048 0.000   2.264 0.000 0.023 0.000000 0.252 0.559
120.291667 121.291667   17.76 0.000000 99.99 0.259000 9.999 0.259000 9.99 0.259000 0.061 0.000  0.319 0.000  0.574 0.000 999.99 0.259000000   2.274 0.000  0.492 0.000   1.781 0.000 0.015 0.000000 0.217 0.000
123.291667 124.291667   26.47 0.000000  0.78 0.000000 9.999 0.259000 9.99 0.259000 0.017 0.000  0.379 0.000  0.683 0.000 999.99 0.259000000   2.552 0.000  0.733 0.000   1.819 0.000 0.017 0.000000 0.211 0.000
126.291667 127.291667    6.86 0.000000  0.43 0.000000 9.999 0.259000 0.13 0.000000 0.013 0.000  0.275 0.000  0.494 0.000 999.99 0.259000000   0.581 0.000  0.137 0.000   0.443 0.000 0.005 0.000000 0.065 0.000
129.291667 130.291667   87.27 0.000000  1.86 0.000000 0.019 0.000000 0.13 0.000000 0.048 0.000  0.222 0.000  0.399 0.000 999.99 0.259000000   7.417 0.000  4.424 0.000   3.084 0.000 0.058 0.000000 0.320 0.000
132.291667 133.291667   28.27 0.000000  0.71 0.000000 9.999 0.259000 9.99 0.259000 0.014 0.000  0.393 0.000  0.707 0.000 999.99 0.259000000   2.397 0.000  1.041 0.000   1.355 0.000 0.020 0.000000 0.146 0.000
135.291667 136.291667   93.16 0.000000  1.22 0.000000 0.042 0.000000 9.99 0.259000 0.056 0.000  0.729 0.000  1.312 0.000 999.99 0.259000000   8.864 0.000  4.836 0.000   4.026 0.000 0.064 0.000000 0.322 0.000
138.291667 139.291667   34.82 0.000000  0.52 0.000000 0.012 0.000000 9.99 0.259000 0.048 0.000  0.771 0.000  1.387 0.000 999.99 0.259000000   5.035 0.000  2.599 0.000   2.435 0.000 0.027 0.000000 0.210 0.000
141.291667 142.291667   75.73 0.000000  1.43 0.000000 9.999 0.259000 9.99 0.259000 0.026 0.000  1.244 0.000  2.239 0.000 999.99 0.259000000   6.677 0.000  2.577 0.000   4.099 0.000 0.049 0.000000 0.228 0.000
144.291667 145.291667   29.43 0.000000  0.76 0.000000 9.999 0.259000 9.99 0.259000 0.034 0.000  1.050 0.000  1.890 0.000 999.99 0.259000000   7.420 0.000  3.812 0.000   3.607 0.000 0.028 0.000000 0.215 0.000
147.291667 148.291667   27.38 0.000000  0.54 0.000000 9.999 0.259000 0.14 0.000000 0.043 0.000  0.905 0.000  1.629 0.000 999.99 0.259000000   7.147 0.000  3.792 0.000   3.354 0.000 0.030 0.000000 0.332 0.000
150.291667 151.291667   13.49 0.000000  0.33 0.000000 9.999 0.259000 9.99 0.259000 0.012 0.000  0.910 0.000  1.637 0.000 999.99 0.259000000 999.999 0.456  4.138 0.000   2.367 0.000 0.012 0.000000 0.168 0.000
153.291667 154.291667    8.09 0.000000  0.42 0.000000 9.999 0.259000 9.99 0.259000 0.018 0.000  0.357 0.000  0.643 0.000 999.99 0.259000000 999.999 0.456  4.138 0.000   1.103 0.000 0.007 0.000000 0.074 0.000
156.291667 157.291667   48.52 0.000000  1.21 0.000000 9.999 0.259000 0.10 0.000000 0.074 0.000  0.618 0.000  1.113 0.000 999.99 0.259000000 999.999 0.456  4.138 0.000   3.824 0.000 0.053 0.000000 0.388 0.000
159.291667 160.291667   22.26 0.000000  0.64 0.000000 0.013 0.000000 9.99 0.259000 0.052 0.000  0.633 0.000  1.140 0.000 999.99 0.259000000   5.090 0.000  2.629 0.000   2.461 0.000 0.022 0.000000 0.165 0.000
162.291667 163.291667   15.34 0.000000  0.55 0.000000 9.999 0.259000 9.99 0.259000 0.010 0.000  0.562 0.000  1.011 0.000 999.99 0.259000000   3.125 0.000  1.074 0.000   2.050 0.000 0.012 0.000000 0.143 0.000
165.291667 166.291667   29.64 0.000000  0.86 0.000000 9.999 0.259000 9.99 0.259000 0.052 0.000  1.099 0.000  1.977 0.000 999.99 0.259000000   7.326 0.000  2.984 0.000   4.341 0.000 0.085 0.000000 0.461 0.000
168.291667 169.291667   23.79 0.000000  0.62 0.000000 9.999 0.259000 9.99 0.259000 0.023 0.000  0.540 0.000  0.972 0.000 999.99 0.259000000   4.726 0.000  2.711 0.000   2.015 0.000 0.051 0.000000 0.226 0.000
171.291667 172.291667   27.59 0.000000  1.00 0.000000 9.999 0.259000 0.18 0.000000 0.024 0.000  1.588 0.000  2.859 0.000 999.99 0.259000000  10.398 0.000  3.841 0.000   6.556 0.000 0.067 0.000000 0.805 0.000
174.291667 175.291667 9999.99 0.999000 99.99 0.999000 9.999 0.999000 9.99 0.999000 9.999 0.999 99.999 0.999 99.999 0.999 999.99 0.999000000 999.999 0.999 99.999 0.999 999.999 0.999 9.999 0.999000 9.999 0.999
177.291667 178.291667 9999.99 0.999000 99.99 0.999000 9.999 0.999000 9.99 0.999000 9.999 0.999 99.999 0.999 99.999 0.999 999.99 0.999000000 999.999 0.999 99.999 0.999 999.999 0.999 9.999 0.999000 9.999 0.999
180.291667 181.291667   24.07 0.000000  0.71 0.000000 9.999 0.259000 9.99 0.259000 0.123 0.000  5.005 0.000  9.008 0.000 999.99 0.259000000  14.292 0.000  3.225 0.000  11.063 0.000 0.258 0.000000 0.338 0.000
183.291667 184.291667   41.62 0.000000  0.72 0.000000 9.999 0.259000 9.99 0.259000 0.066 0.000  2.276 0.000  4.097 0.000 999.99 0.259000000  12.249 0.000  5.837 0.000   6.411 0.000 0.112 0.000000 0.461 0.000
186.291667 187.291667   35.83 0.000000  0.53 0.000000 9.999 0.259000 9.99 0.259000 0.019 0.000  0.833 0.000  1.499 0.000 999.99 0.259000000   5.677 0.000  2.321 0.000   3.356 0.000 0.046 0.000000 0.303 0.000
189.291667 190.291667   44.41 0.000000  0.67 0.000000 0.018 0.000000 9.99 0.259000 0.091 0.000  1.540 0.000  2.771 0.000 999.99 0.259000000  12.156 0.000  6.017 0.000   6.137 0.000 0.115 0.000000 0.498 0.000
192.291667 193.291667   39.88 0.000000  0.52 0.000000 0.012 0.000000 9.99 0.259000 0.020 0.000  2.308 0.000  4.154 0.000 999.99 0.259000000  10.682 0.000  4.975 0.000   5.771 0.000 0.039 0.000000 0.263 0.000
195.291667 196.291667   41.77 0.000000  0.54 0.000000 0.013 0.000000 9.99 0.259000 0.016 0.000  1.792 0.000  3.225 0.000 999.99 0.259000000  11.150 0.000  5.736 0.000   5.417 0.000 0.047 0.000000 0.314 0.000
198.291667 199.291667   33.47 0.000000  0.52 0.000000 0.012 0.000000 9.99 0.259000 0.098 0.000  4.158 0.000  7.485 0.000 999.99 0.259000000  14.772 0.000  4.614 0.000  10.155 0.000 0.398 0.000000 0.307 0.000
201.291667 202.291667   36.65 0.559394  0.33 0.559394 0.014 0.559394 0.10 0.559394 0.028 0.394  3.007 0.000  5.413 0.000 999.99 0.559394259  13.314 0.000  5.647 0.559   7.742 0.659 0.126 0.559394 0.408 0.394
204.291667 205.291667   21.29 0.000000  0.32 0.000000 0.009 0.000000 0.14 0.000000 0.021 0.000  2.299 0.000  4.138 0.000 999.99 0.259000000  12.789 0.000  6.232 0.000   6.556 0.000 0.095 0.000000 0.259 0.000
207.291667 208.291667   25.05 0.000000  0.19 0.000000 9.999 0.259000 9.99 0.259000 0.012 0.000  0.782 0.000  1.408 0.000  16.68 0.000000000   5.336 0.000  3.053 0.000   2.283 0.000 0.022 0.000000 0.098 0.000
210.291667 211.291667   23.16 0.000000  0.14 0.000000 9.999 0.259000 9.99 0.259000 0.010 0.000  0.487 0.000  0.877 0.000 999.99 0.259000000   3.905 0.000  1.382 0.000   2.523 0.000 0.015 0.000000 0.236 0.000
213.291667 214.291667   29.02 0.000000  0.17 0.000000 9.999 0.259000 9.99 0.259000 0.010 0.000  0.709 0.000  1.276 0.000 999.99 0.259000000   3.271 0.000  0.882 0.000   2.389 0.000 0.019 0.000000 0.189 0.000
216.291667 217.291667 9999.99 0.999000 99.99 0.999000 9.999 0.999000 9.99 0.999000 9.999 0.999 99.999 0.999 99.999 0.999 999.99 0.999000000 999.999 0.999 99.999 0.999 999.999 0.999 9.999 0.999000 9.999 0.999
219.291667 220.291667 9999.99 0.999000 99.99 0.999000 9.999 0.999000 9.99 0.999000 9.999 0.999 99.999 0.999 99.999 0.999 999.99 0.999000000 999.999 0.999 99.999 0.999 999.999 0.999 9.999 0.999000 9.999 0.999
222.291667 223.291667   13.26 0.000000  0.30 0.000000 9.999 0.259000 9.99 0.259000 9.999 0.259 99.999 0.259 99.999 0.259 999.99 0.259000000   3.685 0.000  1.152 0.000   2.533 0.000 0.012 0.000000 9.999 0.259
225.291667 226.291667   20.34 0.000000  0.22 0.000000 9.999 0.259000 0.12 0.000000 9.999 0.259 99.999 0.259 99.999 0.259 999.99 0.259000000   4.844 0.000  1.676 0.000   3.168 0.000 0.025 0.000000 9.999 0.259
