scripts/IMPROVE-2019_partial/data/US4828R.19940101050000.20191216000000.filterpack...1y.3d.US03L_filterpack_US4828.US03L_IMPROVE_Davis.lev2.nas
51 1001
MISSING INFORMATION
US03L, IMPROVE, , , , , , , 
MISSING INFORMATION
IMPROVE sel_HTAP
1 1
1994 01 01 2019 12 16
0
days from file reference point
4
1 1 1 1
999.999999 999.999 999.999 9.999
end_time of measurement, days from the file reference point
pm10_mass, ug/m3, Matrix=pm10
pm25_mass, ug/m3, Matrix=pm25
numflag, no unit
0
33
Data definition:              EBAS_1.1
Set type code:                TI
Timezone:                     UTC
File name:                    US4828R.19940101050000.20191216000000.filterpack...1y.3d.US03L_filterpack_US4828.US03L_IMPROVE_Davis.lev2.nas
File creation:                20191218120453
Startdate:                    19940101050000
Revision date:                20191216000000
Version:                      2
Version description:          "Data extracted from http://views.cira.colostate.edu/fed/DataWizard 2019-12-16"
Statistics:                   arithmetic mean
Data level:                   2
Period code:                  1y
Resolution code:              3d
Sample duration:              1d
Orig. time res.:              3d
Station code:                 US4828R
Platform code:                US4828S
Station name:                 Shenandoah National Park-Big Meadows (VA28)
Station latitude:             38.5225
Station longitude:            -78.4358
Station altitude:             1074.0 m
Regime:                       IMG
Component:                    
Unit:                         ug/m3
Matrix:                       
Laboratory code:              US03L
Instrument type:              filterpack
Instrument name:              filterpack_US4828
Method ref:                   US03L_IMPROVE_Davis
Blank correction:             Blank corrected
Volume std. temperature:      ambient
Volume std. pressure:         ambient
starttime endtime PM10 PM2.5 flag
  0.208333   1.208333   5.827   4.237 0.000
  4.208333   5.208333   7.847   5.875 0.000
  7.208333   8.208333   9.625   5.377 0.000
 11.208333  12.208333   5.420   2.770 0.000
 14.208333  15.208333   9.659   5.189 0.000
 18.208333  19.208333   6.145   5.282 0.000
 21.208333  22.208333   7.063   4.884 0.000
 25.208333  26.208333   5.296   3.779 0.000
 28.208333  29.208333 999.999 999.999 0.999
 32.208333  33.208333 999.999  10.803 0.000
 35.208333  36.208333  11.978   9.801 0.000
 39.208333  40.208333   4.452   3.399 0.000
 42.208333  43.208333   6.460   3.204 0.000
 46.208333  47.208333   7.085   3.981 0.000
 49.208333  50.208333  13.393   6.997 0.000
 53.208333  54.208333   3.696   2.134 0.000
 56.208333  57.208333  12.059   9.051 0.000
 60.208333  61.208333   6.477   4.207 0.000
 63.208333  64.208333  15.407  11.391 0.000
 67.208333  68.208333   5.091   4.528 0.000
 70.208333  71.208333  13.971  11.871 0.000
 74.208333  75.208333   7.004   4.441 0.000
 77.208333  78.208333  12.082   9.967 0.000
 81.208333  82.208333  11.516   6.192 0.000
 84.208333  85.208333  14.164  11.063 0.000
 88.208333  89.208333  11.815   9.439 0.000
 91.208333  92.208333  17.662   9.136 0.000
 95.208333  96.208333  13.486   9.510 0.000
 98.208333  99.208333  17.651  11.424 0.000
102.208333 103.208333   7.455   6.361 0.000
105.208333 106.208333   7.569   5.127 0.000
109.208333 110.208333  18.881   7.948 0.000
112.208333 113.208333  13.791   7.329 0.000
116.208333 117.208333  16.327   9.968 0.000
119.208333 120.208333  23.610  11.359 0.000
123.208333 124.208333   9.526   2.742 0.000
126.208333 127.208333  20.803  13.290 0.000
130.208333 131.208333  23.810  11.769 0.000
133.208333 134.208333  18.539  12.143 0.000
137.208333 138.208333  13.357  12.147 0.000
140.208333 141.208333  10.179   6.677 0.000
144.208333 145.208333 999.999 999.999 0.999
147.208333 148.208333  15.484   8.058 0.000
151.208333 152.208333  27.692  18.439 0.000
154.208333 155.208333  26.690  20.253 0.000
158.208333 159.208333  31.502  26.751 0.000
161.208333 162.208333  19.604  12.991 0.000
165.208333 166.208333  31.754  25.365 0.000
168.208333 169.208333  38.035  29.432 0.000
172.208333 173.208333  34.082  30.127 0.000
175.208333 176.208333  14.316  10.317 0.000
179.208333 180.208333  33.311  22.889 0.000
182.208333 183.208333  34.048  25.127 0.000
186.208333 187.208333  28.927  22.170 0.000
189.208333 190.208333  14.915   9.688 0.000
193.208333 194.208333  26.918  21.250 0.000
196.208333 197.208333  34.852  29.094 0.000
200.208333 201.208333  22.155  17.068 0.000
203.208333 204.208333  20.777  15.942 0.000
207.208333 208.208333  15.512  12.508 0.000
210.208333 211.208333  21.029  18.682 0.000
214.208333 215.208333  50.102  43.333 0.000
217.208333 218.208333  12.561   4.177 0.000
221.208333 222.208333  58.768  49.901 0.000
224.208333 225.208333  28.380  22.186 0.000
228.208333 229.208333   8.615   7.134 0.000
231.208333 232.208333  26.912  23.333 0.000
235.208333 236.208333  16.457   8.498 0.000
238.208333 239.208333  53.613  44.268 0.000
242.208333 243.208333  24.084  19.746 0.000
245.208333 246.208333  14.522  11.238 0.000
249.208333 250.208333  22.956  16.994 0.000
252.208333 253.208333  33.248  26.075 0.000
256.208333 257.208333  52.082  37.760 0.000
259.208333 260.208333  28.523  23.218 0.000
263.208333 264.208333  18.745  12.690 0.000
266.208333 267.208333  15.209  12.075 0.000
270.208333 271.208333  17.160   9.038 0.000
273.208333 274.208333  16.718  12.340 0.000
277.208333 278.208333  16.364  11.186 0.000
280.208333 281.208333  20.913  13.896 0.000
284.208333 285.208333  19.012   5.063 0.000
287.208333 288.208333  12.530   9.455 0.000
291.208333 292.208333  12.480   7.917 0.000
294.208333 295.208333  18.154  13.429 0.000
298.208333 299.208333  11.098   6.720 0.000
301.208333 302.208333  10.119   6.984 0.000
305.208333 306.208333   5.961   2.219 0.000
308.208333 309.208333  12.519   9.272 0.000
312.208333 313.208333  19.538  16.208 0.000
315.208333 316.208333   8.962   4.437 0.000
319.208333 320.208333   5.985   5.232 0.000
322.208333 323.208333   6.873   4.044 0.000
326.208333 327.208333   7.403   2.379 0.000
329.208333 330.208333   9.782   5.241 0.000
333.208333 334.208333   7.458   3.280 0.000
336.208333 337.208333   6.134   3.601 0.000
340.208333 341.208333   9.871   6.547 0.000
343.208333 344.208333   5.442   3.094 0.000
347.208333 348.208333   6.962   1.036 0.000
350.208333 351.208333   7.384   5.437 0.000
354.208333 355.208333   4.383   3.023 0.000
357.208333 358.208333   6.461   3.376 0.000
361.208333 362.208333   7.376   4.539 0.000
364.208333 365.208333   3.564   1.184 0.000
