scripts/IMPROVE-2019_partial/data/US4828R.19880302050000.20191216000000.filterpack...10mo.3d.US03L_filterpack_US4828.US03L_IMPROVE_Davis.lev2.nas
51 1001
MISSING INFORMATION
US03L, IMPROVE, , , , , , , 
MISSING INFORMATION
IMPROVE sel_HTAP
1 1
1988 01 01 2019 12 16
0
days from file reference point
4
1 1 1 1
999.999999 999.999 999.999 9.999
end_time of measurement, days from the file reference point
pm10_mass, ug/m3, Matrix=pm10
pm25_mass, ug/m3, Matrix=pm25
numflag, no unit
0
33
Data definition:              EBAS_1.1
Set type code:                TI
Timezone:                     UTC
File name:                    US4828R.19880302050000.20191216000000.filterpack...10mo.3d.US03L_filterpack_US4828.US03L_IMPROVE_Davis.lev2.nas
File creation:                20191218120453
Startdate:                    19880302050000
Revision date:                20191216000000
Version:                      2
Version description:          "Data extracted from http://views.cira.colostate.edu/fed/DataWizard 2019-12-16"
Statistics:                   arithmetic mean
Data level:                   2
Period code:                  10mo
Resolution code:              3d
Sample duration:              1d
Orig. time res.:              3d
Station code:                 US4828R
Platform code:                US4828S
Station name:                 Shenandoah National Park-Big Meadows (VA28)
Station latitude:             38.5225
Station longitude:            -78.4358
Station altitude:             1074.0 m
Regime:                       IMG
Component:                    
Unit:                         ug/m3
Matrix:                       
Laboratory code:              US03L
Instrument type:              filterpack
Instrument name:              filterpack_US4828
Method ref:                   US03L_IMPROVE_Davis
Blank correction:             Blank corrected
Volume std. temperature:      ambient
Volume std. pressure:         ambient
starttime endtime PM10 PM2.5 flag
 61.208333  62.208333  12.329  10.309 0.000
 64.208333  65.208333 999.999 999.999 0.999
 68.208333  69.208333  20.997 999.999 0.000
 71.208333  72.208333  15.625  11.757 0.000
 75.208333  76.208333 999.999   6.923 0.000
 78.208333  79.208333  11.419  10.707 0.000
 82.208333  83.208333  19.660  15.258 0.000
 85.208333  86.208333 999.999 999.999 0.999
 89.208333  90.208333  18.503  13.825 0.000
 92.208333  93.208333  17.869  13.808 0.000
 96.208333  97.208333  14.914  12.020 0.000
 99.208333 100.208333   9.759   9.375 0.000
103.208333 104.208333  11.649   7.914 0.000
106.208333 107.208333  10.868   9.394 0.000
110.208333 111.208333  14.740   8.350 0.000
113.208333 114.208333  18.305  14.883 0.000
117.208333 118.208333  20.859  16.926 0.000
120.208333 121.208333  11.237  10.984 0.000
124.208333 125.208333 999.999  10.847 0.000
127.208333 128.208333  17.950  15.017 0.000
131.208333 132.208333  16.341  11.722 0.000
134.208333 135.208333  23.933  20.298 0.000
138.208333 139.208333 999.999 999.999 0.999
141.208333 142.208333  16.850  13.811 0.000
145.208333 146.208333 999.999 999.999 0.999
148.208333 149.208333 999.999  19.139 0.000
152.208333 153.208333 999.999 999.999 0.999
155.208333 156.208333 999.999   7.980 0.000
159.208333 160.208333 999.999  35.537 0.000
162.208333 163.208333 999.999   9.283 0.000
166.208333 167.208333  53.811  27.752 0.000
169.208333 170.208333  26.061  21.883 0.000
173.208333 174.208333  50.936  37.243 0.000
176.208333 177.208333  35.768  28.026 0.000
180.208333 181.208333  23.000  16.073 0.000
183.208333 184.208333  15.379   9.377 0.000
187.208333 188.208333  36.520  29.643 0.000
190.208333 191.208333  60.487  52.033 0.000
194.208333 195.208333  33.194  27.303 0.000
197.208333 198.208333  49.658  38.317 0.000
201.208333 202.208333 999.999  13.967 0.000
204.208333 205.208333 999.999  20.130 0.000
208.208333 209.208333  29.926  26.786 0.000
211.208333 212.208333  42.319  29.968 0.000
215.208333 216.208333 999.999 999.999 0.999
218.208333 219.208333  14.292  10.784 0.000
222.208333 223.208333  58.304  36.000 0.000
225.208333 226.208333  78.929  59.470 0.000
229.208333 230.208333  30.115  20.870 0.000
232.208333 233.208333  22.442  17.317 0.000
236.208333 237.208333 999.999 999.999 0.999
239.208333 240.208333 999.999 999.999 0.999
243.208333 244.208333 999.999 999.999 0.999
246.208333 247.208333 999.999 999.999 0.999
250.208333 251.208333   9.963   7.747 0.000
253.208333 254.208333  30.189  23.402 0.000
257.208333 258.208333  18.352 999.999 0.000
260.208333 261.208333  19.813  18.328 0.000
264.208333 265.208333  16.885  12.305 0.000
267.208333 268.208333  10.078   8.490 0.000
271.208333 272.208333 999.999 999.999 0.999
274.208333 275.208333  26.023  21.047 0.000
278.208333 279.208333 999.999 999.999 0.999
281.208333 282.208333 999.999 999.999 0.999
285.208333 286.208333   6.165   2.881 0.000
288.208333 289.208333   9.308   4.296 0.000
292.208333 293.208333   8.958   5.601 0.000
295.208333 296.208333 999.999 999.999 0.999
299.208333 300.208333   9.137   4.643 0.000
302.208333 303.208333 999.999 999.999 0.999
306.208333 307.208333   9.346   8.105 0.000
309.208333 310.208333   2.677   2.318 0.000
313.208333 314.208333 999.999 999.999 0.999
316.208333 317.208333   6.718   5.958 0.000
320.208333 321.208333 999.999 999.999 0.999
323.208333 324.208333   6.602   4.452 0.000
327.208333 328.208333  12.784  10.109 0.000
330.208333 331.208333  10.992   7.692 0.000
334.208333 335.208333   8.833   5.540 0.000
337.208333 338.208333   5.315   2.096 0.000
341.208333 342.208333 999.999 999.999 0.999
344.208333 345.208333 999.999 999.999 0.999
348.208333 349.208333   6.165   4.683 0.000
351.208333 352.208333 999.999 999.999 0.999
355.208333 356.208333   6.654   5.035 0.000
358.208333 359.208333   5.486   3.767 0.000
362.208333 363.208333   8.622   6.552 0.000
365.208333 366.208333 999.999 999.999 0.999
