scripts/IMPROVE-2019_partial/data/US4828R.20030103050000.20191216000000.filterpack..pm25.1y.1w.US03L_filterpack_US4828.US03L_IMPROVE_Davis.lev2.nas
68 1001
MISSING INFORMATION
US03L, IMPROVE, , , , , , , 
MISSING INFORMATION
IMPROVE sel_HTAP
1 1
2003 01 01 2019 12 16
3.000000
days from file reference point
29
1 1 1 1 1 1 1 1 1 1 1 1 1 1 1 1 1 1 1 1 1 1 1 1 1 1 1 1 1
999.999999 99.999 9.999 9999.99 9.999 99.99 9.999 9.999 9.999999 99.99 9.999999 9.999 9.999 99.999 9.999 99.999 9.999 99.99 9.999999 999.999 9.999 999.999 9.999 999.999 9.999 9.999 9.999 99.999 9.999
end_time of measurement, days from the file reference point
ammonium, ug N/m3, Revision date=20181210133000
numflag ammonium, no unit, Revision date=20181210133000
iron, ng/m3, Revision date=20181210133000
numflag iron, no unit, Revision date=20181210133000
lead, ng/m3, Revision date=20181210133000
numflag lead, no unit, Revision date=20181210133000
magnesium, ug/m3, Revision date=20181210133000
numflag magnesium, no unit, Revision date=20181210133000
nickel, ng/m3, Revision date=20181210133000
numflag nickel, no unit, Revision date=20181210133000
nitrate, ug N/m3, Revision date=20181210133000
numflag nitrate, no unit, Revision date=20181210133000
organic_carbon, ug C/m3, Revision date=20181210133000
numflag organic_carbon, no unit, Revision date=20181210133000
organic_mass, ug/m3, Revision date=20181210133000
numflag organic_mass, no unit, Revision date=20181210133000
phosphorus, ng/m3, Revision date=20181210133000
numflag phosphorus, no unit, Revision date=20181210133000
pm10_mass, ug/m3, Version=2, Version description=Data extracted from http://views.cira.colostate.edu/fed/DataWizard 2019-12-16, Sample duration=1d, Orig. time res.=3d, Matrix=pm10, Blank correction=Blank corrected, Volume std. temperature=ambient, Volume std. pressure=ambient
numflag pm10_mass, no unit, Version=2, Version description=Data extracted from http://views.cira.colostate.edu/fed/DataWizard 2019-12-16, Sample duration=1d, Orig. time res.=3d, Matrix=pm10, Blank correction=Blank corrected, Volume std. temperature=ambient, Volume std. pressure=ambient
pm10_pm25_mass, ug/m3, Revision date=20181210133000, Matrix=pm10_pm25
numflag pm10_pm25_mass, no unit, Revision date=20181210133000, Matrix=pm10_pm25
pm25_mass, ug/m3, Version=2, Version description=Data extracted from http://views.cira.colostate.edu/fed/DataWizard 2019-12-16, Sample duration=1d, Orig. time res.=3d, Blank correction=Blank corrected, Volume std. temperature=ambient, Volume std. pressure=ambient
numflag pm25_mass, no unit, Version=2, Version description=Data extracted from http://views.cira.colostate.edu/fed/DataWizard 2019-12-16, Sample duration=1d, Orig. time res.=3d, Blank correction=Blank corrected, Volume std. temperature=ambient, Volume std. pressure=ambient
potassium, ug/m3, Revision date=20181210133000
numflag potassium, no unit, Revision date=20181210133000
sulphate_total, ug S/m3, Revision date=20181210133000
numflag sulphate_total, no unit, Revision date=20181210133000
0
25
Data definition:              EBAS_1.1
Set type code:                TU
Timezone:                     UTC
File name:                    US4828R.20030103050000.20191216000000.filterpack..pm25.1y.1w.US03L_filterpack_US4828.US03L_IMPROVE_Davis.lev2.nas
File creation:                20191218120455
Startdate:                    20030103050000
Revision date:                20191216000000
Statistics:                   arithmetic mean
Data level:                   2
Period code:                  1y
Resolution code:              1w
Station code:                 US4828R
Platform code:                US4828S
Station name:                 Shenandoah National Park-Big Meadows (VA28)
Station latitude:             38.5225
Station longitude:            -78.4358
Station altitude:             1074.0 m
Regime:                       IMG
Component:                    
Matrix:                       pm25
Laboratory code:              US03L
Instrument type:              filterpack
Instrument name:              filterpack_US4828
Method ref:                   US03L_IMPROVE_Davis
starttime endtime NH4+ flag_NH4+ Fe flag_Fe Pb flag_Pb Mg++ flag_Mg++ Ni flag_Ni NO3- flag_NO3- OC flag_OC OM flag_OM P flag_P PM10 flag_PM10 PM10-PM2.5 flag_PM10-PM2.5 PM2.5 flag_PM2.5 K+ flag_K+ SO4-- flag_SO4--
  2.208333   3.208333  0.197 0.000    1.17 0.000  0.46 0.000 9.999 0.259000 99.99 0.259000 0.066 0.000  0.159 0.000  0.222 0.000 99.99 0.259000   1.473 0.000   0.361 0.000   1.112 0.000 0.005 0.000  0.216 0.000
  5.208333   6.208333  0.872 0.000    9.38 0.000  1.22 0.000 9.999 0.259000  0.07 0.000000 0.356 0.000  0.873 0.000  1.222 0.000 99.99 0.259000   6.436 0.000   1.122 0.000   5.314 0.000 0.020 0.000  0.752 0.000
  8.208333   9.208333 99.999 0.999 9999.99 0.999 99.99 0.999 9.999 0.999000 99.99 0.999000 9.999 0.999 99.999 0.999 99.999 0.999 99.99 0.999000 999.999 0.999 999.999 0.999 999.999 0.999 9.999 0.999 99.999 0.999
 11.208333  12.208333  0.588 0.000    7.56 0.000  1.22 0.000 9.999 0.259000 99.99 0.259000 0.394 0.000  0.425 0.000  0.595 0.000 99.99 0.259000   5.837 0.000   1.568 0.000   4.269 0.000 0.017 0.000  0.299 0.000
 14.208333  15.208333  1.019 0.000   12.91 0.000  1.94 0.000 9.999 0.259000  0.08 0.000000 0.626 0.000  0.682 0.000  0.955 0.000 99.99 0.259000   8.393 0.000   1.449 0.000   6.944 0.000 0.022 0.000  0.922 0.000
 17.208333  18.208333  0.639 0.000   17.85 0.000  1.91 0.000 0.042 0.000000  0.19 0.000000 0.267 0.000  1.026 0.000  1.437 0.000 99.99 0.259000   6.516 0.000   1.270 0.000   5.246 0.000 0.030 0.000  0.905 0.000
 20.208333  21.208333  1.438 0.000   17.87 0.000  2.51 0.000 0.027 0.000000  0.17 0.000000 0.729 0.000  1.106 0.000  1.548 0.000 99.99 0.259000  11.639 0.000   1.526 0.000  10.113 0.000 0.043 0.000  0.965 0.000
 23.208333  24.208333  0.809 0.000   17.12 0.000  1.38 0.000 9.999 0.259000  0.15 0.000000 0.408 0.000  0.554 0.000  0.776 0.000 99.99 0.259000   8.137 0.000   2.245 0.000   5.892 0.000 0.025 0.000  0.577 0.000
 26.208333  27.208333  0.869 0.000   17.49 0.000  1.64 0.000 9.999 0.259000  0.26 0.000000 0.381 0.000  0.591 0.000  0.827 0.000 99.99 0.259000   8.238 0.000   1.988 0.000   6.250 0.000 0.026 0.000  0.718 0.000
 29.208333  30.208333  1.382 0.559   14.70 0.000  2.91 0.000 9.999 0.259000  0.73 0.000000 0.594 0.559  1.755 0.000  2.457 0.000 99.99 0.259000  12.788 0.000   2.970 0.000   9.818 0.000 0.049 0.000  1.414 0.559
 32.208333  33.208333  1.601 0.000    6.41 0.000  1.13 0.000 9.999 0.259000 99.99 0.259000 0.652 0.000  0.595 0.000  0.833 0.000 99.99 0.259000   7.997 0.000   0.030 0.000   7.967 0.000 0.015 0.000  1.103 0.000
 35.208333  36.208333  0.811 0.000    8.53 0.000  1.15 0.000 0.025 0.000000 99.99 0.259000 0.373 0.000  0.392 0.000  0.549 0.000 99.99 0.259000   6.055 0.000   1.254 0.000   4.801 0.000 0.015 0.000  0.726 0.000
 38.208333  39.208333  1.371 0.000   17.50 0.000  1.92 0.000 9.999 0.259000 99.99 0.259000 0.759 0.000  1.020 0.000  1.428 0.000 99.99 0.259000  10.202 0.000   1.004 0.000   9.198 0.000 0.029 0.000  1.527 0.000
 41.208333  42.208333  0.979 0.000    6.46 0.000  1.02 0.000 9.999 0.259000 99.99 0.259000 0.359 0.000  0.490 0.000  0.686 0.000 99.99 0.259000   6.252 0.000   0.852 0.000   5.401 0.000 0.015 0.000  0.733 0.000
 44.208333  45.208333  0.568 0.000   10.86 0.000  0.91 0.000 9.999 0.259000 99.99 0.259000 0.387 0.000  0.595 0.000  0.833 0.000 99.99 0.259000   6.191 0.000   2.133 0.000   4.058 0.000 0.019 0.000  0.797 0.000
 47.208333  48.208333  0.140 0.000    2.13 0.000  0.14 0.000 0.035 0.000000  0.30 0.000000 0.016 0.000  0.152 0.000  0.213 0.000 99.99 0.259000   1.431 0.000   0.409 0.000   1.022 0.000 0.007 0.000  0.178 0.000
 50.208333  51.208333  1.112 0.000    6.61 0.000  0.43 0.000 9.999 0.259000 99.99 0.259000 0.281 0.000  0.735 0.000  1.028 0.000 99.99 0.259000   7.365 0.000   1.109 0.000   6.256 0.000 0.019 0.000  1.302 0.000
 53.208333  54.208333  0.636 0.000    5.22 0.000  0.76 0.000 9.999 0.259000 99.99 0.259000 0.102 0.000  0.490 0.000  0.686 0.000 99.99 0.259000   4.251 0.000   0.551 0.000   3.700 0.000 0.012 0.000  0.673 0.000
 56.208333  57.208333  0.847 0.000   24.62 0.000  2.32 0.000 0.025 0.000000  1.33 0.000000 0.301 0.000  0.907 0.000  1.270 0.000 99.99 0.259000   7.200 0.000   1.162 0.000   6.039 0.000 0.028 0.000  0.931 0.000
 59.208333  60.208333  0.657 0.000    8.74 0.000  0.71 0.000 0.020 0.000000  0.47 0.000000 0.239 0.000  0.722 0.000  1.011 0.000 99.99 0.259000   6.861 0.000   1.109 0.000   5.752 0.000 0.022 0.000  1.159 0.000
 62.208333  63.208333  1.190 0.000   20.42 0.000  1.57 0.000 9.999 0.259000  0.82 0.000000 0.258 0.000  1.460 0.000  2.044 0.000 99.99 0.259000 999.999 0.456 999.999 0.999   8.293 0.000 0.042 0.000  1.487 0.000
 65.208333  66.208333  0.906 0.000   11.27 0.000  1.27 0.000 0.034 0.000000  0.20 0.000000 0.243 0.000  0.941 0.000  1.317 0.000 99.99 0.259000   7.834 0.000   1.548 0.000   6.286 0.000 0.022 0.000  1.138 0.000
 68.208333  69.208333  0.765 0.000   11.17 0.000  1.18 0.000 9.999 0.259000 99.99 0.259000 0.372 0.000  0.546 0.000  0.764 0.000 99.99 0.259000   7.283 0.000   2.090 0.000   5.193 0.000 0.022 0.000  0.662 0.000
 71.208333  72.208333  1.359 0.000   24.79 0.000  1.88 0.000 9.999 0.259000 99.99 0.259000 0.195 0.000  1.759 0.000  2.462 0.000 99.99 0.259000  13.639 0.000   2.817 0.000  10.822 0.000 0.049 0.000  1.545 0.000
 74.208333  75.208333  0.320 0.000    9.42 0.000  0.38 0.000 9.999 0.259000 99.99 0.259000 0.080 0.000  0.363 0.000  0.508 0.000 99.99 0.259000   5.002 0.000   2.278 0.000   2.724 0.000 0.021 0.000  0.388 0.000
 77.208333  78.208333  2.204 0.000   22.32 0.000  2.40 0.000 9.999 0.259000  1.04 0.000000 0.661 0.000  0.970 0.000  1.358 0.000 99.99 0.259000  15.867 0.000   2.673 0.000  13.194 0.000 0.036 0.000  2.075 0.000
 80.208333  81.208333  1.521 0.559   22.32 0.000  0.85 0.000 9.999 0.259000 99.99 0.259000 0.183 0.559  0.588 0.000  0.824 0.000 99.99 0.259000  10.022 0.000   1.658 0.000   8.364 0.000 0.022 0.000  1.691 0.559
 83.208333  84.208333  1.634 0.000   38.28 0.000  2.01 0.000 9.999 0.259000 99.99 0.259000 0.089 0.000  1.945 0.000  2.722 0.000 99.99 0.259000 999.999 0.456 999.999 0.999  12.610 0.000 0.049 0.000  1.861 0.000
 86.208333  87.208333  0.854 0.000   14.23 0.000  0.91 0.000 0.043 0.000000  0.52 0.000000 0.195 0.000  0.636 0.000  0.890 0.000 99.99 0.259000   8.608 0.000   2.146 0.000   6.461 0.000 0.028 0.000  1.270 0.000
 89.208333  90.208333  0.976 0.000   13.34 0.000  1.38 0.000 0.045 0.000000 99.99 0.259000 0.281 0.000  0.550 0.000  0.770 0.000 99.99 0.259000   6.775 0.000   1.394 0.000   5.381 0.000 0.019 0.000  0.942 0.000
 92.208333  93.208333  0.635 0.000   28.96 0.000  1.03 0.000 9.999 0.259000  0.15 0.000000 0.059 0.000  1.884 0.000  2.637 0.000 99.99 0.259000  12.525 0.000   5.430 0.000   7.095 0.000 0.039 0.000  0.707 0.000
 95.208333  96.208333  1.718 0.000   17.66 0.000  1.52 0.000 9.999 0.259000  0.13 0.000000 0.241 0.000  0.666 0.000  0.933 0.000 99.99 0.259000  10.690 0.000   1.632 0.000   9.058 0.000 0.020 0.000  1.730 0.000
 98.208333  99.208333  0.032 0.000    0.54 0.000  0.36 0.000 9.999 0.259000  0.10 0.000000 0.012 0.000  0.002 0.000  0.002 0.000  1.32 0.000000   0.418 0.000   0.119 0.000   0.299 0.000 9.999 0.259  0.020 0.000
101.208333 102.208333  1.129 0.000   32.88 0.000  2.41 0.000 9.999 0.259000  0.26 0.000000 0.518 0.000  1.107 0.000  1.549 0.000 99.99 0.259000   9.273 0.000   2.784 0.000   6.490 0.000 0.036 0.000  0.848 0.000
104.208333 105.208333  1.598 0.000   70.04 0.000  2.75 0.000 9.999 0.259000  0.24 0.000000 0.114 0.000  2.961 0.000  4.146 0.000 99.99 0.259000  20.635 0.000   5.153 0.000  15.482 0.000 0.077 0.000  1.840 0.000
107.208333 108.208333  0.038 0.000    0.38 0.000  0.20 0.000 0.028 0.000000 99.99 0.259000 0.005 0.000 99.999 0.259 99.999 0.259 99.99 0.259000   0.627 0.000   0.390 0.000   0.237 0.000 9.999 0.259  0.028 0.000
110.208333 111.208333  1.195 0.000   20.29 0.000  2.34 0.000 9.999 0.259000  0.28 0.000000 0.094 0.000  1.225 0.000  1.715 0.000 99.99 0.259000  12.855 0.000   2.003 0.000  10.853 0.000 0.032 0.000  1.732 0.000
113.208333 114.208333  0.430 0.000   46.67 0.000  1.66 0.000 9.999 0.259000  0.16 0.000000 0.133 0.000  0.599 0.000  0.838 0.000 99.99 0.259000   7.028 0.000   2.909 0.000   4.119 0.000 0.040 0.000  0.487 0.000
116.208333 117.208333  1.226 0.559   61.02 0.000  4.00 0.000 9.999 0.259000  0.11 0.000000 0.496 0.559  1.588 0.000  2.224 0.000 99.99 0.259000  12.849 0.000   4.522 0.000   8.327 0.000 0.063 0.000  1.034 0.559
119.208333 120.208333  2.142 0.000   46.52 0.000  2.95 0.000 9.999 0.259000  0.28 0.000000 0.092 0.000  1.403 0.000  1.964 0.000 99.99 0.259000  19.180 0.000   4.264 0.000  14.915 0.000 0.040 0.000  2.686 0.000
122.208333 123.208333  0.837 0.000   43.04 0.000  1.60 0.000 9.999 0.259000  0.06 0.000000 0.257 0.000  0.913 0.000  1.278 0.000 99.99 0.259000   8.441 0.000   2.639 0.000   5.802 0.000 0.030 0.000  0.750 0.000
125.208333 126.208333  0.373 0.000   23.06 0.000  0.87 0.000 9.999 0.259000 99.99 0.259000 0.091 0.000  0.907 0.000  1.270 0.000 99.99 0.259000 999.999 0.456 999.999 0.999   4.370 0.000 0.032 0.000  0.529 0.000
128.208333 129.208333  1.330 0.000   42.84 0.000  0.89 0.000 9.999 0.259000  0.17 0.000000 0.079 0.000  1.659 0.000  2.322 0.000 99.99 0.259000  16.354 0.000   3.999 0.000  12.356 0.000 0.071 0.000  1.762 0.000
131.208333 132.208333  0.897 0.000    8.94 0.000  0.70 0.000 9.999 0.259000 99.99 0.259000 0.020 0.000  0.601 0.000  0.841 0.000 99.99 0.259000  12.309 0.000   5.940 0.000   6.368 0.000 0.007 0.000  1.210 0.000
134.208333 135.208333  1.205 0.000   29.50 0.000  1.56 0.000 9.999 0.259000  0.23 0.000000 0.121 0.000  2.561 0.000  3.586 0.000 99.99 0.259000  15.469 0.000   3.551 0.000  11.918 0.000 0.043 0.000  1.413 0.000
137.208333 138.208333 99.999 0.259    0.18 0.000  0.19 0.000 0.035 0.000000 99.99 0.259000 0.004 0.000  0.026 0.000  0.036 0.000 99.99 0.259000   0.457 0.000   0.397 0.000   0.060 0.000 0.001 0.000  0.008 0.000
140.208333 141.208333  0.306 0.000    6.20 0.000  0.39 0.000 0.050 0.000000 99.99 0.259000 0.056 0.000  3.207 0.000  4.490 0.000 99.99 0.259000   4.449 0.000   1.205 0.000   3.245 0.000 0.011 0.000  0.375 0.000
143.208333 144.208333  0.957 0.000    9.92 0.000  1.55 0.000 9.999 0.259000 99.99 0.259000 0.048 0.000  2.539 0.000  3.554 0.000 99.99 0.259000  10.210 0.000   1.967 0.000   8.243 0.000 0.011 0.000  1.647 0.000
146.208333 147.208333  1.973 0.000   20.20 0.000  3.08 0.000 9.999 0.259000 99.99 0.259000 0.051 0.000  1.498 0.000  2.096 0.000 99.99 0.259000  17.922 0.000   1.556 0.000  16.367 0.000 0.019 0.000  3.266 0.000
149.208333 150.208333  2.222 0.000   36.43 0.000  2.41 0.000 9.999 0.259000  0.14 0.000000 0.224 0.000  3.190 0.000  4.466 0.000 99.99 0.259000 999.999 0.456 999.999 0.999  17.438 0.000 0.033 0.000  2.535 0.000
152.208333 153.208333  0.396 0.000   19.97 0.000  1.40 0.000 9.999 0.259000 99.99 0.259000 0.099 0.000  1.511 0.000  2.116 0.000 99.99 0.259000   0.093 0.559 999.999 0.259   5.125 0.000 0.024 0.000  0.447 0.000
155.208333 156.208333  1.594 0.000   19.02 0.000  1.22 0.000 0.196 0.000000  0.10 0.000000 0.053 0.000  1.555 0.000  2.177 0.000 99.99 0.259000  18.642 0.000   4.662 0.000  13.980 0.000 0.032 0.000  2.390 0.000
158.208333 159.208333  0.688 0.000    4.01 0.000  1.23 0.000 0.100 0.000000  0.17 0.000000 0.029 0.000  0.688 0.000  0.964 0.000 99.99 0.259000  10.150 0.000   1.165 0.000   8.985 0.000 0.013 0.000  1.729 0.000
161.208333 162.208333  1.102 0.000   21.16 0.000  1.00 0.000 9.999 0.259000 99.99 0.259000 0.072 0.000  2.142 0.000  2.999 0.000 99.99 0.259000  17.421 0.000   4.227 0.000  13.194 0.000 0.045 0.000  1.683 0.000
164.208333 165.208333  0.892 0.394   16.86 0.394  0.99 0.394 0.062 0.394000  0.17 0.394000 0.048 0.394  2.505 0.000  3.507 0.000 99.99 0.394259  14.741 0.000   3.075 0.000  11.665 0.000 0.041 0.394  1.443 0.394
167.208333 168.208333  0.064 0.000    0.47 0.000 99.99 0.259 0.064 0.000000 99.99 0.259000 0.009 0.000 99.999 0.259 99.999 0.259 99.99 0.259000   1.240 0.000   0.573 0.000   0.667 0.000 9.999 0.259  0.088 0.000
170.208333 171.208333  1.037 0.000    7.71 0.000  1.40 0.000 0.053 0.000000  0.19 0.000000 0.169 0.000  0.876 0.000  1.226 0.000 99.99 0.259000   9.647 0.000   2.244 0.000   7.403 0.000 0.013 0.000  1.175 0.000
173.208333 174.208333  0.973 0.000   32.68 0.000  2.18 0.000 9.999 0.259000 99.99 0.259000 0.045 0.000  5.006 0.000  7.008 0.000 99.99 0.259000  20.131 0.000   5.389 0.000  14.742 0.000 0.068 0.000  1.067 0.000
176.208333 177.208333  3.354 0.000   51.37 0.000  2.81 0.000 9.999 0.259000  0.13 0.000000 0.055 0.000  6.553 0.000  9.174 0.000 99.99 0.259000  41.831 0.000   8.632 0.000  33.199 0.000 0.091 0.000  4.053 0.000
179.208333 180.208333  2.637 0.000   24.59 0.000  1.73 0.000 0.060 0.000000  0.15 0.000000 0.037 0.000  2.615 0.000  3.662 0.000 99.99 0.259000  28.723 0.000   4.372 0.000  24.351 0.000 0.044 0.000  4.138 0.000
182.208333 183.208333  1.050 0.000   68.53 0.000  0.73 0.000 9.999 0.259000 99.99 0.259000 0.064 0.000  0.710 0.000  0.993 0.000 99.99 0.259000  13.062 0.000   1.682 0.000  11.380 0.000 0.030 0.000  1.810 0.000
185.208333 186.208333  2.598 0.000   70.19 0.000  1.18 0.000 0.088 0.000000  0.14 0.000000 0.030 0.000  1.640 0.000  2.296 0.000 99.99 0.259000  26.216 0.000   3.958 0.000  22.259 0.000 0.076 0.000  4.052 0.000
188.208333 189.208333  1.005 0.000  109.36 0.000  0.50 0.000 0.045 0.000000 99.99 0.259000 0.042 0.000  0.762 0.000  1.067 0.000 99.99 0.259000 999.999 0.456 999.999 0.999  10.735 0.000 0.053 0.000  1.564 0.000
191.208333 192.208333  0.566 0.000    8.73 0.000  0.46 0.000 9.999 0.259000 99.99 0.259000 0.030 0.000  0.511 0.000  0.715 0.000 99.99 0.259000   9.395 0.000   3.725 0.000   5.671 0.000 0.016 0.000  0.936 0.000
194.208333 195.208333  0.801 0.000   11.00 0.000  0.60 0.000 9.999 0.259000 99.99 0.259000 0.030 0.000  1.164 0.000  1.629 0.000 99.99 0.259000  11.177 0.000   1.746 0.000   9.431 0.000 0.015 0.000  1.405 0.000
197.208333 198.208333 99.999 0.999 9999.99 0.999 99.99 0.999 9.999 0.999000 99.99 0.999000 9.999 0.999 99.999 0.999 99.999 0.999 99.99 0.999000 999.999 0.999 999.999 0.999 999.999 0.999 9.999 0.999 99.999 0.999
200.208333 201.208333  1.578 0.000   31.78 0.000  4.31 0.000 0.103 0.000000  1.34 0.000000 0.047 0.000  1.896 0.000  2.655 0.000 99.99 0.259000  25.907 0.000   5.317 0.000  20.590 0.000 0.032 0.000  3.930 0.000
203.208333 204.208333  1.090 0.000   19.69 0.000  0.83 0.000 0.080 0.000000 99.99 0.259000 0.045 0.000  1.272 0.000  1.781 0.000 99.99 0.259000  13.806 0.000   2.252 0.000  11.554 0.000 0.030 0.000  1.683 0.000
206.208333 207.208333  1.463 0.000   16.67 0.000  1.12 0.000 9.999 0.259000  0.18 0.000000 0.025 0.000  1.781 0.000  2.493 0.000 99.99 0.259000  18.477 0.000   3.109 0.000  15.368 0.000 0.023 0.000  2.243 0.000
209.208333 210.208333  1.717 0.000   20.51 0.000  2.15 0.000 0.279 0.000000  0.23 0.000000 0.095 0.000  1.617 0.000  2.264 0.000 99.99 0.259000  22.047 0.000   2.880 0.000  19.167 0.000 0.031 0.000  2.880 0.000
212.208333 213.208333  1.268 0.000   38.78 0.000  0.37 0.000 9.999 0.259000  0.14 0.000000 0.079 0.000  0.761 0.000  1.065 0.000 99.99 0.259000  15.088 0.000   1.473 0.000  13.615 0.000 0.031 0.000  2.294 0.000
215.208333 216.208333  0.605 0.000   19.48 0.000  0.47 0.000 9.999 0.259000  0.08 0.000000 0.029 0.000  1.286 0.000  1.800 0.000 99.99 0.259000  10.499 0.000   2.069 0.000   8.430 0.000 0.025 0.000  1.102 0.000
218.208333 219.208333  1.803 0.000   15.73 0.000  0.79 0.000 9.999 0.259000  1.47 0.000000 0.075 0.000  3.719 0.000  5.206 0.000 99.99 0.259000  27.025 0.000   1.408 0.000  25.617 0.000 0.038 0.000  3.744 0.000
221.208333 222.208333  0.684 0.000    8.06 0.000  0.43 0.000 0.115 0.000000 99.99 0.259000 0.023 0.000  1.218 0.000  1.704 0.000 99.99 0.259000  11.698 0.000   3.224 0.000   8.474 0.000 0.022 0.000  1.240 0.000
224.208333 225.208333  2.242 0.000   14.93 0.000  0.69 0.000 9.999 0.259000  0.17 0.000000 0.041 0.000  3.335 0.000  4.668 0.000 99.99 0.259000  27.612 0.000   2.446 0.000  25.166 0.000 0.040 0.000  3.774 0.000
