scripts/IMPROVE-2019_partial/data/US4828R.20020102050000.20191216000000.filterpack..pm25.52w.1w.US03L_filterpack_US4828.US03L_IMPROVE_Davis.lev2.nas
66 1001
MISSING INFORMATION
US03L, IMPROVE, , , , , , , 
MISSING INFORMATION
IMPROVE sel_HTAP
1 1
2002 01 01 2019 12 16
3.000000
days from file reference point
27
1 1 1 1 1 1 1 1 1 1 1 1 1 1 1 1 1 1 1 1 1 1 1 1 1 1 1
999.999999 99.999 9.999 9999.99 9.999 99.99 9.999 9.999 9.999999 99.99 9.999 9.999 9.999 999.999 9.999 999.999 9.999 999.999 9.999 999.999 9.999 999.999 9.999 9.999 9.999 99.999 9.999
end_time of measurement, days from the file reference point
ammonium, ug N/m3, Revision date=20181210133000
numflag ammonium, no unit, Revision date=20181210133000
iron, ng/m3, Revision date=20181210133000
numflag iron, no unit, Revision date=20181210133000
lead, ng/m3, Revision date=20181210133000
numflag lead, no unit, Revision date=20181210133000
magnesium, ug/m3, Revision date=20181210133000
numflag magnesium, no unit, Revision date=20181210133000
nickel, ng/m3, Revision date=20181210133000
numflag nickel, no unit, Revision date=20181210133000
nitrate, ug N/m3, Revision date=20181210133000
numflag nitrate, no unit, Revision date=20181210133000
organic_carbon, ug C/m3, Revision date=20181210133000
numflag organic_carbon, no unit, Revision date=20181210133000
organic_mass, ug/m3, Revision date=20181210133000
numflag organic_mass, no unit, Revision date=20181210133000
pm10_mass, ug/m3, Version=2, Version description=Data extracted from http://views.cira.colostate.edu/fed/DataWizard 2019-12-16, Sample duration=1d, Orig. time res.=3d, Matrix=pm10, Blank correction=Blank corrected, Volume std. temperature=ambient, Volume std. pressure=ambient
numflag pm10_mass, no unit, Version=2, Version description=Data extracted from http://views.cira.colostate.edu/fed/DataWizard 2019-12-16, Sample duration=1d, Orig. time res.=3d, Matrix=pm10, Blank correction=Blank corrected, Volume std. temperature=ambient, Volume std. pressure=ambient
pm10_pm25_mass, ug/m3, Revision date=20181210133000, Matrix=pm10_pm25
numflag pm10_pm25_mass, no unit, Revision date=20181210133000, Matrix=pm10_pm25
pm25_mass, ug/m3, Version=2, Version description=Data extracted from http://views.cira.colostate.edu/fed/DataWizard 2019-12-16, Sample duration=1d, Orig. time res.=3d, Blank correction=Blank corrected, Volume std. temperature=ambient, Volume std. pressure=ambient
numflag pm25_mass, no unit, Version=2, Version description=Data extracted from http://views.cira.colostate.edu/fed/DataWizard 2019-12-16, Sample duration=1d, Orig. time res.=3d, Blank correction=Blank corrected, Volume std. temperature=ambient, Volume std. pressure=ambient
potassium, ug/m3, Revision date=20181210133000
numflag potassium, no unit, Revision date=20181210133000
sulphate_total, ug S/m3, Revision date=20181210133000
numflag sulphate_total, no unit, Revision date=20181210133000
0
25
Data definition:              EBAS_1.1
Set type code:                TU
Timezone:                     UTC
File name:                    US4828R.20020102050000.20191216000000.filterpack..pm25.52w.1w.US03L_filterpack_US4828.US03L_IMPROVE_Davis.lev2.nas
File creation:                20191218120454
Startdate:                    20020102050000
Revision date:                20191216000000
Statistics:                   arithmetic mean
Data level:                   2
Period code:                  52w
Resolution code:              1w
Station code:                 US4828R
Platform code:                US4828S
Station name:                 Shenandoah National Park-Big Meadows (VA28)
Station latitude:             38.5225
Station longitude:            -78.4358
Station altitude:             1074.0 m
Regime:                       IMG
Component:                    
Matrix:                       pm25
Laboratory code:              US03L
Instrument type:              filterpack
Instrument name:              filterpack_US4828
Method ref:                   US03L_IMPROVE_Davis
starttime endtime NH4+ flag_NH4+ Fe flag_Fe Pb flag_Pb Mg++ flag_Mg++ Ni flag_Ni NO3- flag_NO3- OC flag_OC OM flag_OM PM10 flag_PM10 PM10-PM2.5 flag_PM10-PM2.5 PM2.5 flag_PM2.5 K+ flag_K+ SO4-- flag_SO4--
[from data line 83]
250.208333 251.208333  0.851 0.000   17.01 0.000  1.45 0.000 9.999 0.259000  0.58 0.000 0.073 0.000   1.951 0.000   2.732 0.000  14.307 0.000   2.703 0.000  11.604 0.000 0.045 0.000  1.410 0.000
253.208333 254.208333  2.410 0.394   57.52 0.394  3.14 0.394 9.999 0.394259  0.30 0.394 0.080 0.394   1.224 0.000   1.713 0.000  28.569 0.000  10.597 0.000  17.973 0.000 0.035 0.394  3.257 0.394
256.208333 257.208333  2.137 0.000   30.50 0.000  1.16 0.000 9.999 0.259000  0.32 0.000 0.073 0.000   1.039 0.000   1.454 0.000  24.802 0.000   4.896 0.000  19.905 0.000 0.039 0.000  3.688 0.000
259.208333 260.208333  3.381 0.559   36.96 0.000  3.22 0.000 9.999 0.259000  0.23 0.000 0.214 0.559   1.595 0.000   2.233 0.000  24.430 0.000   2.998 0.000  21.432 0.000 0.044 0.000  4.015 0.559
262.208333 263.208333 99.999 0.999 9999.99 0.999 99.99 0.999 9.999 0.999000 99.99 0.999 9.999 0.999 999.999 0.999 999.999 0.999 999.999 0.999 999.999 0.999 999.999 0.999 9.999 0.999 99.999 0.999
265.208333 266.208333  0.629 0.000   10.95 0.000  1.12 0.000 9.999 0.259000  0.12 0.000 0.115 0.000   0.809 0.000   1.132 0.000   8.515 0.000   2.906 0.000   5.609 0.000 0.023 0.000  0.838 0.000
268.208333 269.208333  0.292 0.000    5.77 0.000  0.89 0.000 9.999 0.259000 99.99 0.259 0.146 0.000   0.290 0.000   0.406 0.000   3.390 0.000   1.095 0.000   2.295 0.000 0.006 0.000  0.324 0.000
271.208333 272.208333  2.612 0.000   37.93 0.000  4.09 0.000 9.999 0.259000  0.43 0.000 0.085 0.000   1.215 0.000   1.701 0.000  23.204 0.000   3.934 0.000  19.270 0.000 0.042 0.000  3.981 0.000
274.208333 275.208333  1.909 0.000  293.71 0.000  1.28 0.000 0.073 0.000000  0.09 0.000 0.045 0.000   1.266 0.000   1.772 0.000  45.263 0.000  25.503 0.000  19.760 0.000 0.057 0.000  3.419 0.000
277.208333 278.208333  1.133 0.000   15.95 0.000  1.26 0.000 9.999 0.259000  0.22 0.000 0.144 0.000   1.812 0.000   2.536 0.000  15.574 0.000   4.308 0.000  11.266 0.000 0.045 0.000  1.624 0.000
280.208333 281.208333  0.518 0.000   25.00 0.000  1.54 0.000 0.020 0.000000  0.14 0.000 0.083 0.000   1.088 0.000   1.523 0.000   8.765 0.000   2.938 0.000   5.827 0.000 0.030 0.000  0.626 0.000
283.208333 284.208333  0.020 0.000    1.72 0.000  0.38 0.000 9.999 0.259000 99.99 0.259 0.013 0.000   0.048 0.000   0.067 0.000   2.383 0.000   1.290 0.000   1.093 0.000 0.006 0.000  0.104 0.000
286.208333 287.208333  0.499 0.000   11.09 0.000  1.66 0.000 9.999 0.259000  0.21 0.000 0.241 0.000   2.482 0.000   3.475 0.000   9.831 0.000   2.559 0.000   7.272 0.000 0.053 0.000  0.453 0.000
289.208333 290.208333  1.325 0.000   16.17 0.000  2.79 0.000 9.999 0.259000  0.24 0.000 0.242 0.000   0.613 0.000   0.858 0.000   9.664 0.000   1.702 0.000   7.962 0.000 0.021 0.000  1.542 0.000
292.208333 293.208333  0.942 0.000   17.64 0.000  1.84 0.000 0.020 0.000000  0.11 0.000 0.233 0.000   1.557 0.000   2.180 0.000   9.148 0.000   1.177 0.000   7.971 0.000 0.046 0.000  1.061 0.000
295.208333 296.208333  1.639 0.000   73.12 0.000  4.52 0.000 9.999 0.259000  0.43 0.000 0.378 0.000   1.374 0.000   1.923 0.000  14.689 0.000   3.784 0.000  10.904 0.000 0.047 0.000  1.658 0.000
298.208333 299.208333  0.669 0.000   21.68 0.000  0.65 0.000 0.017 0.000000  0.06 0.000 0.090 0.000   0.685 0.000   0.960 0.000   6.279 0.000   1.272 0.000   5.007 0.000 0.017 0.000  0.871 0.000
301.208333 302.208333  0.561 0.000    8.41 0.000  1.40 0.000 9.999 0.259000  0.34 0.000 0.323 0.000   0.434 0.000   0.608 0.000   4.450 0.000   1.002 0.000   3.448 0.000 0.013 0.000  0.350 0.000
304.208333 305.208333  1.006 0.000   18.03 0.000  2.26 0.000 0.019 0.000000  0.07 0.000 0.175 0.000   0.734 0.000   1.028 0.000   9.329 0.000   2.116 0.000   7.213 0.000 0.024 0.000  1.438 0.000
307.208333 308.208333  0.731 0.000    9.76 0.000  1.31 0.000 9.999 0.259000  0.08 0.000 0.285 0.000   0.868 0.000   1.215 0.000   6.484 0.000   1.328 0.000   5.156 0.000 0.022 0.000  0.695 0.000
310.208333 311.208333  1.356 0.000    8.57 0.000  1.17 0.000 9.999 0.259000  0.12 0.000 0.385 0.000   0.412 0.000   0.577 0.000   9.133 0.000   1.829 0.000   7.304 0.000 0.013 0.000  1.214 0.000
313.208333 314.208333  0.894 0.000    7.22 0.000  0.86 0.000 0.048 0.000000  0.28 0.000 0.039 0.000   0.973 0.000   1.362 0.000  10.623 0.000   1.464 0.000   9.159 0.000 0.026 0.000  1.726 0.000
316.208333 317.208333  1.352 0.000   20.79 0.000  2.27 0.000 9.999 0.259000  0.22 0.000 0.411 0.000   0.811 0.000   1.136 0.000   9.496 0.000   1.747 0.000   7.749 0.000 0.020 0.000  1.446 0.000
319.208333 320.208333  0.169 0.000    4.33 0.000  0.81 0.000 9.999 0.259000  0.12 0.000 0.031 0.000   0.502 0.000   0.703 0.000   2.578 0.000   0.444 0.000   2.134 0.000 0.009 0.000  0.283 0.000
322.208333 323.208333  0.533 0.000    8.96 0.000  0.78 0.000 9.999 0.259000 99.99 0.259 0.109 0.000   0.889 0.000   1.245 0.000   5.749 0.000   1.051 0.000   4.698 0.000 0.022 0.000  0.624 0.000
325.208333 326.208333  0.728 0.000    9.05 0.000  1.01 0.000 0.017 0.000000 99.99 0.259 0.335 0.000   1.101 0.000   1.542 0.000   6.692 0.000   1.551 0.000   5.141 0.000 0.020 0.000  0.676 0.000
328.208333 329.208333  0.648 0.000   21.47 0.000  1.80 0.000 9.999 0.259000 99.99 0.259 0.235 0.000   1.913 0.000   2.679 0.000  10.354 0.000   3.827 0.000   6.527 0.000 0.050 0.000  0.574 0.000
331.208333 332.208333  0.921 0.000   12.17 0.000  1.82 0.000 9.999 0.259000  0.18 0.000 0.360 0.000   0.531 0.000   0.743 0.000   6.050 0.000   0.782 0.000   5.268 0.000 0.016 0.000  0.879 0.000
334.208333 335.208333  0.431 0.000    9.84 0.000  0.61 0.000 9.999 0.259000 99.99 0.259 0.205 0.000   0.270 0.000   0.378 0.000   3.962 0.000   0.943 0.000   3.019 0.000 0.014 0.000  0.733 0.000
337.208333 338.208333  0.409 0.000   15.93 0.000  1.07 0.000 9.999 0.259000  0.09 0.000 0.217 0.000   0.676 0.000   0.947 0.000   6.860 0.000   3.208 0.000   3.652 0.000 0.027 0.000  0.437 0.000
340.208333 341.208333  0.295 0.000    7.71 0.000  1.38 0.000 0.033 0.000000 99.99 0.259 0.076 0.000   0.410 0.000   0.574 0.000   3.030 0.000   0.586 0.000   2.444 0.000 0.013 0.000  0.538 0.000
343.208333 344.208333  0.374 0.000    7.80 0.000  1.72 0.000 9.999 0.259000 99.99 0.259 0.105 0.000   0.616 0.000   0.862 0.000 999.999 0.456 999.999 0.999   3.193 0.000 0.017 0.000  0.469 0.000
346.208333 347.208333  0.249 0.000    1.48 0.000  0.67 0.000 0.045 0.000000 99.99 0.259 0.242 0.000   0.180 0.000   0.252 0.000   2.231 0.000   0.788 0.000   1.443 0.000 0.009 0.000  0.245 0.000
349.208333 350.208333  0.946 0.000   14.33 0.000  1.81 0.000 9.999 0.259000  0.08 0.000 0.378 0.000   0.484 0.000   0.678 0.000   7.576 0.000   1.774 0.000   5.802 0.000 0.017 0.000  0.813 0.000
352.208333 353.208333  0.671 0.000   17.38 0.000  0.79 0.000 9.999 0.259000  0.49 0.000 0.099 0.000   0.760 0.000   1.063 0.000   7.739 0.000   2.022 0.000   5.717 0.000 0.027 0.000  0.974 0.000
355.208333 356.208333  0.443 0.000   11.18 0.000  0.84 0.000 9.999 0.259000 99.99 0.259 0.122 0.000   0.763 0.000   1.068 0.000   4.936 0.000   1.674 0.000   3.263 0.000 0.024 0.000  0.824 0.000
358.208333 359.208333  0.256 0.000    1.55 0.000  0.39 0.000 0.036 0.000000 99.99 0.259 0.060 0.000   0.175 0.000   0.245 0.000   1.683 0.000   0.204 0.000   1.480 0.000 0.008 0.000  0.264 0.000
361.208333 362.208333  0.728 0.000   21.31 0.000  0.75 0.000 9.999 0.259000 99.99 0.259 0.210 0.000   0.688 0.000   0.964 0.000   5.724 0.000   1.154 0.000   4.569 0.000 0.021 0.000  0.641 0.000
364.208333 365.208333  0.437 0.000   14.05 0.000  1.48 0.000 9.999 0.259000  0.22 0.000 0.133 0.000   1.792 0.000   2.509 0.000   7.900 0.000   2.178 0.000   5.723 0.000 0.054 0.000  1.368 0.000
