scripts/IMPROVE-2019_partial/data/US4828R.19960103050000.20191216000000.filterpack...1y.3d.US03L_filterpack_US4828.US03L_IMPROVE_Davis.lev2.nas
51 1001
MISSING INFORMATION
US03L, IMPROVE, , , , , , , 
MISSING INFORMATION
IMPROVE sel_HTAP
1 1
1996 01 01 2019 12 16
0
days from file reference point
4
1 1 1 1
999.999999 999.999 999.999 9.999
end_time of measurement, days from the file reference point
pm10_mass, ug/m3, Matrix=pm10
pm25_mass, ug/m3, Matrix=pm25
numflag, no unit
0
33
Data definition:              EBAS_1.1
Set type code:                TI
Timezone:                     UTC
File name:                    US4828R.19960103050000.20191216000000.filterpack...1y.3d.US03L_filterpack_US4828.US03L_IMPROVE_Davis.lev2.nas
File creation:                20191218120453
Startdate:                    19960103050000
Revision date:                20191216000000
Version:                      2
Version description:          "Data extracted from http://views.cira.colostate.edu/fed/DataWizard 2019-12-16"
Statistics:                   arithmetic mean
Data level:                   2
Period code:                  1y
Resolution code:              3d
Sample duration:              1d
Orig. time res.:              3d
Station code:                 US4828R
Platform code:                US4828S
Station name:                 Shenandoah National Park-Big Meadows (VA28)
Station latitude:             38.5225
Station longitude:            -78.4358
Station altitude:             1074.0 m
Regime:                       IMG
Component:                    
Unit:                         ug/m3
Matrix:                       
Laboratory code:              US03L
Instrument type:              filterpack
Instrument name:              filterpack_US4828
Method ref:                   US03L_IMPROVE_Davis
Blank correction:             Blank corrected
Volume std. temperature:      ambient
Volume std. pressure:         ambient
starttime endtime PM10 PM2.5 flag
  2.208333   3.208333 999.999 999.999 0.999
  5.208333   6.208333 999.999 999.999 0.999
  9.208333  10.208333 999.999 999.999 0.999
 12.208333  13.208333 999.999 999.999 0.999
 16.208333  17.208333 999.999 999.999 0.999
 19.208333  20.208333 999.999 999.999 0.999
 23.208333  24.208333  10.194   6.870 0.000
 26.208333  27.208333   3.568   2.432 0.000
 30.208333  31.208333  14.246  10.633 0.000
 33.208333  34.208333  10.119   8.008 0.000
 37.208333  38.208333  18.545  11.397 0.000
 40.208333  41.208333  11.916   6.579 0.000
 44.208333  45.208333   8.102   4.845 0.000
 47.208333  48.208333   7.060   4.992 0.000
 51.208333  52.208333   9.046   5.422 0.000
 54.208333  55.208333   7.958   5.303 0.000
 58.208333  59.208333  11.129   9.389 0.000
 61.208333  62.208333  12.460   8.432 0.000
 65.208333  66.208333  17.006   6.778 0.000
 68.208333  69.208333  14.696   8.057 0.000
 72.208333  73.208333  10.481   5.972 0.000
 75.208333  76.208333  20.392  11.877 0.000
 79.208333  80.208333  10.554   3.926 0.000
 82.208333  83.208333  13.378   4.868 0.000
 86.208333  87.208333  16.447   7.698 0.000
 89.208333  90.208333  10.396   2.391 0.000
 93.208333  94.208333   9.980   5.771 0.000
 96.208333  97.208333  17.628   9.995 0.000
100.208333 101.208333  13.639  10.563 0.000
103.208333 104.208333  28.602  18.365 0.000
107.208333 108.208333   7.065   4.848 0.000
110.208333 111.208333  18.009  11.727 0.000
114.208333 115.208333   6.944   4.437 0.000
117.208333 118.208333  13.261   7.137 0.000
121.208333 122.208333  12.456   7.427 0.000
124.208333 125.208333  17.335  12.301 0.000
128.208333 129.208333   9.715   6.688 0.000
131.208333 132.208333  14.827   9.925 0.000
135.208333 136.208333  13.129   9.704 0.000
138.208333 139.208333  21.008  14.540 0.000
142.208333 143.208333  19.550  17.248 0.000
145.208333 146.208333  24.250  17.633 0.000
149.208333 150.208333  15.240   2.242 0.000
152.208333 153.208333  20.650  12.973 0.000
156.208333 157.208333  14.232  11.142 0.000
159.208333 160.208333  26.872  19.301 0.000
163.208333 164.208333  17.878  14.323 0.000
166.208333 167.208333  26.994  22.507 0.000
170.208333 171.208333  21.412  16.287 0.000
173.208333 174.208333  29.073  24.539 0.000
177.208333 178.208333 999.999  12.308 0.000
180.208333 181.208333 999.999  31.486 0.000
184.208333 185.208333  11.941   8.624 0.000
187.208333 188.208333 999.999  19.957 0.000
191.208333 192.208333  19.338  13.951 0.000
194.208333 195.208333  17.110  13.795 0.000
198.208333 199.208333  24.234  19.520 0.000
201.208333 202.208333  15.643   9.903 0.000
205.208333 206.208333  40.249  34.037 0.000
208.208333 209.208333  17.847  13.578 0.000
212.208333 213.208333  13.030   7.809 0.000
215.208333 216.208333  35.223  28.976 0.000
219.208333 220.208333  32.661  29.721 0.000
222.208333 223.208333  13.889   8.442 0.000
226.208333 227.208333  22.770  20.865 0.000
229.208333 230.208333  34.463  32.340 0.000
233.208333 234.208333 999.999 999.999 0.999
236.208333 237.208333 999.999 999.999 0.999
240.208333 241.208333 999.999 999.999 0.999
243.208333 244.208333  23.207  17.761 0.000
247.208333 248.208333 999.999 999.999 0.999
250.208333 251.208333 999.999 999.999 0.999
254.208333 255.208333  27.449  26.301 0.000
257.208333 258.208333   8.754   5.693 0.000
261.208333 262.208333  16.690   6.225 0.000
264.208333 265.208333  29.962  15.359 0.000
268.208333 269.208333  17.008   9.529 0.000
271.208333 272.208333  15.577   6.637 0.000
275.208333 276.208333   7.734   3.893 0.000
278.208333 279.208333   8.706   4.505 0.000
282.208333 283.208333   5.075   4.951 0.000
285.208333 286.208333   8.730   6.473 0.000
289.208333 290.208333  30.635  21.173 0.000
292.208333 293.208333   4.081   2.509 0.000
296.208333 297.208333  15.863  12.043 0.000
299.208333 300.208333  20.429  12.955 0.000
303.208333 304.208333  18.062  11.574 0.000
306.208333 307.208333  12.220   7.163 0.000
310.208333 311.208333  16.765  11.595 0.000
313.208333 314.208333   8.733   3.914 0.000
317.208333 318.208333  13.854   6.376 0.000
320.208333 321.208333   7.635   4.577 0.000
324.208333 325.208333  13.147   6.818 0.000
327.208333 328.208333   7.079   5.619 0.000
331.208333 332.208333   7.791   6.881 0.000
334.208333 335.208333   7.520   5.295 0.000
338.208333 339.208333   9.069   8.609 0.000
341.208333 342.208333  12.275   6.313 0.000
345.208333 346.208333  14.118   8.320 0.000
348.208333 349.208333  11.180   7.642 0.000
352.208333 353.208333   8.804   8.562 0.000
355.208333 356.208333  10.474   5.436 0.000
359.208333 360.208333   7.990   4.889 0.000
362.208333 363.208333   6.907   5.287 0.000
