scripts/IMPROVE-2019_partial/data/US4828R.20140102050000.20191216000000.filterpack...52w.3d.US03L_filterpack_US4828.US03L_IMPROVE_Davis.lev2.nas
52 1001
MISSING INFORMATION
US03L, IMPROVE, , , , , , , 
MISSING INFORMATION
IMPROVE sel_HTAP
1 1
2014 01 01 2019 12 16
3.000000
days from file reference point
5
1 1 1 1 1
999.999999 999.999 9.999 999.999 9.999
end_time of measurement, days from the file reference point
pm10_mass, ug/m3, Matrix=pm10
numflag pm10_mass, no unit, Matrix=pm10
pm25_mass, ug/m3, Matrix=pm25
numflag pm25_mass, no unit, Matrix=pm25
0
33
Data definition:              EBAS_1.1
Set type code:                TU
Timezone:                     UTC
File name:                    US4828R.20140102050000.20191216000000.filterpack...52w.3d.US03L_filterpack_US4828.US03L_IMPROVE_Davis.lev2.nas
File creation:                20191218120456
Startdate:                    20140102050000
Revision date:                20191216000000
Version:                      2
Version description:          "Data extracted from http://views.cira.colostate.edu/fed/DataWizard 2019-12-16"
Statistics:                   arithmetic mean
Data level:                   2
Period code:                  52w
Resolution code:              3d
Sample duration:              1d
Orig. time res.:              3d
Station code:                 US4828R
Platform code:                US4828S
Station name:                 Shenandoah National Park-Big Meadows (VA28)
Station latitude:             38.5225
Station longitude:            -78.4358
Station altitude:             1074.0 m
Regime:                       IMG
Component:                    
Unit:                         ug/m3
Matrix:                       
Laboratory code:              US03L
Instrument type:              filterpack
Instrument name:              filterpack_US4828
Method ref:                   US03L_IMPROVE_Davis
Blank correction:             Blank corrected
Volume std. temperature:      ambient
Volume std. pressure:         ambient
starttime endtime PM10 flag_PM10 PM2.5 flag_PM2.5
  1.208333   2.208333   3.361 0.000   2.387 0.000
  4.208333   5.208333   1.792 0.000   1.420 0.000
  7.208333   8.208333   3.584 0.000   1.810 0.000
 10.208333  11.208333 999.999 0.999 999.999 0.999
 13.208333  14.208333   2.419 0.000   1.850 0.000
 16.208333  17.208333   6.724 0.000   3.712 0.000
 19.208333  20.208333   6.870 0.000   3.104 0.000
 22.208333  23.208333   7.240 0.000   4.681 0.000
 25.208333  26.208333   4.349 0.000   1.666 0.000
 28.208333  29.208333   6.910 0.000   4.755 0.000
 31.208333  32.208333   9.442 0.000   6.027 0.000
 34.208333  35.208333   6.490 0.000   4.202 0.000
 37.208333  38.208333   8.621 0.000   7.057 0.000
 40.208333  41.208333  10.366 0.000   8.667 0.000
 43.208333  44.208333   2.167 0.000   1.588 0.000
 46.208333  47.208333   7.436 0.000   5.883 0.000
 49.208333  50.208333 999.999 0.999 999.999 0.999
 52.208333  53.208333   4.245 0.000   1.476 0.000
 55.208333  56.208333   4.038 0.000   2.524 0.000
 58.208333  59.208333  10.873 0.000   6.419 0.000
 61.208333  62.208333   4.252 0.000   2.955 0.000
 64.208333  65.208333  13.595 0.000   8.988 0.000
 67.208333  68.208333  10.624 0.000   9.927 0.000
 70.208333  71.208333   9.751 0.000   7.314 0.000
 73.208333  74.208333   6.756 0.000   4.175 0.000
 76.208333  77.208333   3.236 0.000   1.909 0.000
 79.208333  80.208333   9.393 0.000   6.071 0.000
 82.208333  83.208333   6.597 0.000   4.708 0.000
 85.208333  86.208333   6.776 0.000   4.736 0.000
 88.208333  89.208333   1.696 0.000   1.176 0.000
 91.208333  92.208333  13.876 0.000   4.938 0.000
 94.208333  95.208333   5.591 0.000   4.237 0.000
 97.208333  98.208333   4.649 0.000   3.357 0.659
100.208333 101.208333   9.289 0.000   5.608 0.659
103.208333 104.208333  10.674 0.000   5.120 0.659
106.208333 107.208333   7.032 0.000   4.126 0.000
109.208333 110.208333   9.929 0.000   4.881 0.659
112.208333 113.208333   6.954 0.000   3.692 0.659
115.208333 116.208333   8.009 0.000   4.086 0.659
118.208333 119.208333   0.597 0.000   0.057 0.659
121.208333 122.208333   8.035 0.000   4.668 0.000
124.208333 125.208333   7.443 0.000   4.827 0.000
127.208333 128.208333  20.250 0.000  11.241 0.000
130.208333 131.208333  13.114 0.000   5.360 0.000
133.208333 134.208333  16.430 0.000   9.286 0.000
136.208333 137.208333  10.721 0.000   5.790 0.000
139.208333 140.208333  16.298 0.000   6.857 0.000
142.208333 143.208333  18.824 0.000   5.018 0.000
145.208333 146.208333  17.214 0.000   6.822 0.000
148.208333 149.208333   3.778 0.000   0.781 0.000
151.208333 152.208333  12.897 0.000   5.088 0.000
154.208333 155.208333  16.355 0.000   8.853 0.000
157.208333 158.208333  12.127 0.000   6.657 0.000
160.208333 161.208333  15.120 0.000   8.272 0.000
163.208333 164.208333  12.199 0.000   7.387 0.000
166.208333 167.208333  16.343 0.000  10.726 0.000
169.208333 170.208333  14.674 0.000   9.056 0.000
172.208333 173.208333   8.731 0.000   6.214 0.000
175.208333 176.208333  11.436 0.000   6.623 0.000
178.208333 179.208333   7.650 0.000   4.019 0.000
181.208333 182.208333  19.250 0.000  10.809 0.000
184.208333 185.208333  11.832 0.000   6.560 0.000
187.208333 188.208333  17.548 0.000  11.833 0.000
190.208333 191.208333  15.972 0.000  10.807 0.000
193.208333 194.208333  17.160 0.000  12.585 0.000
196.208333 197.208333  11.120 0.000   6.811 0.000
199.208333 200.208333  10.790 0.000   7.731 0.000
202.208333 203.208333  10.503 0.000   6.541 0.000
205.208333 206.208333  10.404 0.000   6.772 0.000
208.208333 209.208333   9.192 0.000   5.283 0.000
211.208333 212.208333  14.501 0.000  10.884 0.000
214.208333 215.208333   7.551 0.000   5.427 0.000
217.208333 218.208333  21.552 0.000  17.401 0.000
220.208333 221.208333  16.087 0.000  13.588 0.000
223.208333 224.208333   4.412 0.000   2.617 0.000
226.208333 227.208333  12.496 0.000   9.219 0.000
229.208333 230.208333  14.254 0.000  11.621 0.000
232.208333 233.208333  13.686 0.000   9.986 0.000
235.208333 236.208333   5.144 0.000   2.714 0.000
238.208333 239.208333  14.677 0.000   9.870 0.000
241.208333 242.208333  16.979 0.000  12.365 0.000
244.208333 245.208333  24.744 0.000  11.851 0.000
247.208333 248.208333   8.698 0.000   6.193 0.000
250.208333 251.208333   4.992 0.000   2.895 0.000
253.208333 254.208333   7.149 0.000   4.715 0.000
256.208333 257.208333   5.368 0.000   4.239 0.000
259.208333 260.208333   8.180 0.000   5.875 0.000
262.208333 263.208333  10.744 0.000   7.725 0.000
265.208333 266.208333   6.743 0.000   3.742 0.000
268.208333 269.208333   6.009 0.000   3.983 0.000
271.208333 272.208333   7.541 0.000   5.051 0.000
274.208333 275.208333  10.627 0.000   7.750 0.000
277.208333 278.208333   5.987 0.000   2.396 0.000
280.208333 281.208333   7.209 0.000   3.329 0.000
283.208333 284.208333   7.047 0.000   5.355 0.000
286.208333 287.208333   3.822 0.000   1.605 0.000
289.208333 290.208333   5.616 0.000   2.886 0.000
292.208333 293.208333   4.313 0.000   2.376 0.000
295.208333 296.208333   7.297 0.000   4.281 0.000
298.208333 299.208333   6.470 0.000   2.404 0.000
301.208333 302.208333   8.239 0.000   4.731 0.000
304.208333 305.208333   3.698 0.000   2.159 0.000
307.208333 308.208333   6.053 0.000   2.462 0.000
310.208333 311.208333   2.411 0.000   1.321 0.000
313.208333 314.208333   8.986 0.000   5.413 0.000
316.208333 317.208333   8.684 0.000   6.330 0.000
319.208333 320.208333  11.173 0.000   7.617 0.000
322.208333 323.208333   6.311 0.000   3.467 0.000
325.208333 326.208333   6.619 0.000   3.330 0.000
328.208333 329.208333   6.861 0.000   3.428 0.000
331.208333 332.208333 999.999 0.999 999.999 0.999
334.208333 335.208333   6.394 0.000   4.054 0.000
337.208333 338.208333   5.969 0.000   4.459 0.000
340.208333 341.208333   4.467 0.000   2.610 0.000
343.208333 344.208333 999.999 0.999 999.999 0.999
346.208333 347.208333   4.885 0.000   3.454 0.000
349.208333 350.208333   7.460 0.000   5.776 0.000
352.208333 353.208333   7.628 0.000   5.913 0.000
355.208333 356.208333   4.457 0.000   3.860 0.000
358.208333 359.208333 999.999 0.999 999.999 0.999
361.208333 362.208333 999.999 0.999 999.999 0.999
364.208333 365.208333   4.320 0.000   2.664 0.000
