scripts/IMPROVE-2019_partial/data/US4828R.19950104050000.20191216000000.filterpack...1y.3d.US03L_filterpack_US4828.US03L_IMPROVE_Davis.lev2.nas
51 1001
MISSING INFORMATION
US03L, IMPROVE, , , , , , , 
MISSING INFORMATION
IMPROVE sel_HTAP
1 1
1995 01 01 2019 12 16
0
days from file reference point
4
1 1 1 1
999.999999 999.999 999.999 9.999
end_time of measurement, days from the file reference point
pm10_mass, ug/m3, Matrix=pm10
pm25_mass, ug/m3, Matrix=pm25
numflag, no unit
0
33
Data definition:              EBAS_1.1
Set type code:                TI
Timezone:                     UTC
File name:                    US4828R.19950104050000.20191216000000.filterpack...1y.3d.US03L_filterpack_US4828.US03L_IMPROVE_Davis.lev2.nas
File creation:                20191218120453
Startdate:                    19950104050000
Revision date:                20191216000000
Version:                      2
Version description:          "Data extracted from http://views.cira.colostate.edu/fed/DataWizard 2019-12-16"
Statistics:                   arithmetic mean
Data level:                   2
Period code:                  1y
Resolution code:              3d
Sample duration:              1d
Orig. time res.:              3d
Station code:                 US4828R
Platform code:                US4828S
Station name:                 Shenandoah National Park-Big Meadows (VA28)
Station latitude:             38.5225
Station longitude:            -78.4358
Station altitude:             1074.0 m
Regime:                       IMG
Component:                    
Unit:                         ug/m3
Matrix:                       
Laboratory code:              US03L
Instrument type:              filterpack
Instrument name:              filterpack_US4828
Method ref:                   US03L_IMPROVE_Davis
Blank correction:             Blank corrected
Volume std. temperature:      ambient
Volume std. pressure:         ambient
starttime endtime PM10 PM2.5 flag
  3.208333   4.208333   7.192   4.408 0.000
  6.208333   7.208333   4.882   3.203 0.000
 10.208333  11.208333  21.308  14.459 0.000
 13.208333  14.208333   2.802   1.325 0.000
 17.208333  18.208333   4.113   3.355 0.000
 20.208333  21.208333   4.527   3.092 0.000
 24.208333  25.208333   8.517   4.719 0.000
 27.208333  28.208333  15.202  10.401 0.000
 31.208333  32.208333   9.380   8.020 0.000
 34.208333  35.208333  11.566   6.611 0.000
 38.208333  39.208333  12.996   9.774 0.000
 41.208333  42.208333  11.700   7.869 0.000
 45.208333  46.208333   7.799   4.542 0.000
 48.208333  49.208333   9.700   6.419 0.000
 52.208333  53.208333   9.259   5.457 0.000
 55.208333  56.208333  10.000   4.385 0.000
 59.208333  60.208333  11.855   8.554 0.000
 62.208333  63.208333  18.041  13.142 0.000
 66.208333  67.208333   9.031   3.642 0.000
 69.208333  70.208333   7.441   5.611 0.000
 73.208333  74.208333  32.020  23.828 0.000
 76.208333  77.208333   9.700   4.274 0.000
 80.208333  81.208333   6.410   5.233 0.000
 83.208333  84.208333   8.394   3.392 0.000
 87.208333  88.208333  19.361  14.433 0.000
 90.208333  91.208333  16.179  11.402 0.000
 94.208333  95.208333  17.795   9.438 0.000
 97.208333  98.208333  23.475  14.942 0.000
101.208333 102.208333   5.759   2.976 0.000
104.208333 105.208333   9.299   5.782 0.000
108.208333 109.208333  21.197  12.494 0.000
111.208333 112.208333  19.509   9.921 0.000
115.208333 116.208333   8.135   6.029 0.000
118.208333 119.208333  13.434   8.396 0.000
122.208333 123.208333   8.681   6.606 0.000
125.208333 126.208333  13.776  10.355 0.000
129.208333 130.208333  16.336  10.738 0.000
132.208333 133.208333  21.412  16.244 0.000
136.208333 137.208333  19.997  15.097 0.000
139.208333 140.208333  14.507   9.360 0.000
143.208333 144.208333  28.537  20.651 0.000
146.208333 147.208333  15.553  12.818 0.000
150.208333 151.208333  17.600   8.518 0.000
153.208333 154.208333   9.817   7.685 0.000
157.208333 158.208333  31.656  27.969 0.000
160.208333 161.208333  17.289  13.889 0.000
164.208333 165.208333  20.001  14.885 0.000
167.208333 168.208333  25.381  18.105 0.000
171.208333 172.208333  17.693  13.827 0.000
174.208333 175.208333   8.450   5.285 0.000
178.208333 179.208333 999.999 999.999 0.999
181.208333 182.208333 999.999 999.999 0.999
185.208333 186.208333  29.215  23.970 0.000
188.208333 189.208333  25.744  20.709 0.000
192.208333 193.208333  33.282  30.763 0.000
195.208333 196.208333  63.101  44.933 0.000
199.208333 200.208333  21.409  14.079 0.000
202.208333 203.208333  38.119  33.454 0.000
206.208333 207.208333  19.059  14.701 0.000
209.208333 210.208333  18.605  13.408 0.000
213.208333 214.208333 999.999 999.999 0.999
216.208333 217.208333 999.999 999.999 0.999
220.208333 221.208333 999.999 999.999 0.999
223.208333 224.208333 999.999 999.999 0.999
227.208333 228.208333  42.057 999.999 0.000
230.208333 231.208333  18.631 999.999 0.000
234.208333 235.208333  36.845  21.305 0.000
237.208333 238.208333  16.364   8.233 0.000
241.208333 242.208333  26.327  20.157 0.000
244.208333 245.208333  10.660   6.641 0.000
248.208333 249.208333  31.346  24.099 0.000
251.208333 252.208333  31.050  23.592 0.000
255.208333 256.208333  24.881  18.381 0.000
258.208333 259.208333   9.699   5.216 0.000
262.208333 263.208333  21.096  17.377 0.000
265.208333 266.208333   7.845   5.107 0.000
269.208333 270.208333  22.215  18.529 0.000
272.208333 273.208333  12.100   6.699 0.000
276.208333 277.208333   8.369   5.782 0.000
279.208333 280.208333  20.725  14.303 0.000
283.208333 284.208333  27.091  20.738 0.000
286.208333 287.208333   8.102   5.359 0.000
290.208333 291.208333  10.684   6.687 0.000
293.208333 294.208333   4.180   2.557 0.000
297.208333 298.208333  16.563   6.460 0.000
300.208333 301.208333  13.372   2.822 0.000
304.208333 305.208333   3.411   1.194 0.000
307.208333 308.208333   8.244   6.080 0.000
311.208333 312.208333   6.944   5.160 0.000
314.208333 315.208333   3.802   2.692 0.000
318.208333 319.208333   7.093   2.690 0.000
321.208333 322.208333  14.510  10.155 0.000
325.208333 326.208333   9.283   5.676 0.000
328.208333 329.208333  13.270   9.375 0.000
332.208333 333.208333  10.701   8.075 0.000
335.208333 336.208333   9.363   3.968 0.000
339.208333 340.208333   9.040   6.125 0.000
342.208333 343.208333   9.868   7.600 0.000
346.208333 347.208333 999.999 999.999 0.999
349.208333 350.208333 999.999 999.999 0.999
353.208333 354.208333 999.999 999.999 0.999
356.208333 357.208333 999.999 999.999 0.999
360.208333 361.208333 999.999 999.999 0.999
363.208333 364.208333 999.999 999.999 0.999
