scripts/IMPROVE-2019_partial/data/US4828R.19930102050000.20191216000000.filterpack...1y.3d.US03L_filterpack_US4828.US03L_IMPROVE_Davis.lev2.nas
51 1001
MISSING INFORMATION
US03L, IMPROVE, , , , , , , 
MISSING INFORMATION
IMPROVE sel_HTAP
1 1
1993 01 01 2019 12 16
0
days from file reference point
4
1 1 1 1
999.999999 999.999 999.999 9.999
end_time of measurement, days from the file reference point
pm10_mass, ug/m3, Matrix=pm10
pm25_mass, ug/m3, Matrix=pm25
numflag, no unit
0
33
Data definition:              EBAS_1.1
Set type code:                TI
Timezone:                     UTC
File name:                    US4828R.19930102050000.20191216000000.filterpack...1y.3d.US03L_filterpack_US4828.US03L_IMPROVE_Davis.lev2.nas
File creation:                20191218120453
Startdate:                    19930102050000
Revision date:                20191216000000
Version:                      2
Version description:          "Data extracted from http://views.cira.colostate.edu/fed/DataWizard 2019-12-16"
Statistics:                   arithmetic mean
Data level:                   2
Period code:                  1y
Resolution code:              3d
Sample duration:              1d
Orig. time res.:              3d
Station code:                 US4828R
Platform code:                US4828S
Station name:                 Shenandoah National Park-Big Meadows (VA28)
Station latitude:             38.5225
Station longitude:            -78.4358
Station altitude:             1074.0 m
Regime:                       IMG
Component:                    
Unit:                         ug/m3
Matrix:                       
Laboratory code:              US03L
Instrument type:              filterpack
Instrument name:              filterpack_US4828
Method ref:                   US03L_IMPROVE_Davis
Blank correction:             Blank corrected
Volume std. temperature:      ambient
Volume std. pressure:         ambient
starttime endtime PM10 PM2.5 flag
  1.208333   2.208333   9.139   5.987 0.000
  5.208333   6.208333  11.275   6.309 0.000
  8.208333   9.208333   6.667   3.480 0.000
 12.208333  13.208333   4.258   3.408 0.000
 15.208333  16.208333  17.239  16.545 0.000
 19.208333  20.208333   7.724   5.584 0.000
 22.208333  23.208333  14.104   6.935 0.000
 26.208333  27.208333  16.199   6.066 0.000
 29.208333  30.208333   6.966   1.715 0.000
 33.208333  34.208333   6.961   1.492 0.000
 36.208333  37.208333  16.443   7.664 0.000
 40.208333  41.208333  25.000  19.461 0.000
 43.208333  44.208333   6.515   5.190 0.000
 47.208333  48.208333  11.317  10.133 0.000
 50.208333  51.208333  10.629   9.128 0.000
 54.208333  55.208333  10.921   7.524 0.000
 57.208333  58.208333  20.385 999.999 0.000
 61.208333  62.208333  23.438  13.397 0.000
 64.208333  65.208333  11.581   6.349 0.000
 68.208333  69.208333  11.395   8.222 0.000
 71.208333  72.208333   6.797   4.444 0.000
 75.208333  76.208333  12.699   4.290 0.000
 78.208333  79.208333  14.099  10.391 0.000
 82.208333  83.208333   9.349   5.666 0.000
 85.208333  86.208333  11.176   7.895 0.000
 89.208333  90.208333   6.467   3.956 0.000
 92.208333  93.208333  10.858   7.870 0.000
 96.208333  97.208333  15.531   6.997 0.000
 99.208333 100.208333   7.473   4.353 0.000
103.208333 104.208333  20.284  14.304 0.000
106.208333 107.208333  11.081   6.458 0.000
110.208333 111.208333   8.400   5.573 0.000
113.208333 114.208333  17.684  12.772 0.000
117.208333 118.208333   8.269   5.728 0.000
120.208333 121.208333  27.662  20.328 0.000
124.208333 125.208333  10.137   9.596 0.000
127.208333 128.208333  19.757  15.126 0.000
131.208333 132.208333  36.500  28.068 0.000
134.208333 135.208333  18.333  12.147 0.000
138.208333 139.208333  14.746  12.444 0.000
141.208333 142.208333  20.590  12.459 0.000
145.208333 146.208333  20.404  14.952 0.000
148.208333 149.208333  24.195  19.397 0.000
152.208333 153.208333  18.107  12.120 0.000
155.208333 156.208333  15.935  13.031 0.000
159.208333 160.208333  18.522  15.063 0.000
162.208333 163.208333  16.272  12.264 0.000
166.208333 167.208333  26.541  17.183 0.000
169.208333 170.208333  54.645  39.968 0.000
173.208333 174.208333  25.947  19.438 0.000
176.208333 177.208333  26.599  16.940 0.000
180.208333 181.208333  39.565  30.476 0.000
183.208333 184.208333  32.042  25.204 0.000
187.208333 188.208333  45.923  25.127 0.000
190.208333 191.208333 999.999  25.665 0.000
194.208333 195.208333  24.464  22.208 0.000
197.208333 198.208333  13.010   8.131 0.000
201.208333 202.208333  27.282  20.557 0.000
204.208333 205.208333  47.474  41.167 0.000
208.208333 209.208333  33.980  27.304 0.000
211.208333 212.208333  17.257  12.274 0.000
215.208333 216.208333  23.493  18.056 0.000
218.208333 219.208333  27.102  24.922 0.000
222.208333 223.208333  31.724  26.969 0.000
225.208333 226.208333  40.922  33.050 0.000
229.208333 230.208333  21.329  20.564 0.000
232.208333 233.208333  21.959  17.950 0.000
236.208333 237.208333  42.177  37.259 0.000
239.208333 240.208333  83.693 999.999 0.000
243.208333 244.208333  39.373  28.840 0.000
246.208333 247.208333  16.351  11.160 0.000
250.208333 251.208333  32.313  25.110 0.000
253.208333 254.208333  11.724   5.517 0.000
257.208333 258.208333  26.623  18.994 0.000
260.208333 261.208333  19.556  16.792 0.000
264.208333 265.208333  19.630  17.379 0.000
267.208333 268.208333   9.034   6.561 0.000
271.208333 272.208333   9.298   5.573 0.000
274.208333 275.208333  20.351  13.891 0.000
278.208333 279.208333  15.017   9.453 0.000
281.208333 282.208333  26.117  21.222 0.000
285.208333 286.208333  19.210  14.045 0.000
288.208333 289.208333  22.847  17.621 0.000
292.208333 293.208333  24.800  21.396 0.000
295.208333 296.208333  12.357   7.662 0.000
299.208333 300.208333  14.963  11.447 0.000
302.208333 303.208333   7.153   5.584 0.000
306.208333 307.208333   9.273   7.377 0.000
309.208333 310.208333  13.183   8.951 0.000
313.208333 314.208333  13.952   8.645 0.000
316.208333 317.208333  18.123  14.817 0.000
320.208333 321.208333  12.177   9.556 0.000
323.208333 324.208333   6.837   2.806 0.000
327.208333 328.208333   8.601   7.767 0.000
330.208333 331.208333   1.667   0.754 0.000
334.208333 335.208333  12.158   8.548 0.000
337.208333 338.208333  12.422   6.516 0.000
341.208333 342.208333  11.942   8.295 0.000
344.208333 345.208333   7.801   3.322 0.000
348.208333 349.208333   3.156   1.471 0.000
351.208333 352.208333  12.537   9.510 0.000
355.208333 356.208333   6.431   5.130 0.000
358.208333 359.208333   8.993   6.494 0.000
362.208333 363.208333 999.999   9.181 0.000
