scripts/IMPROVE-2019_partial/data/US4828R.19980103050000.20191216000000.filterpack...1y.3d.US03L_filterpack_US4828.US03L_IMPROVE_Davis.lev2.nas
51 1001
MISSING INFORMATION
US03L, IMPROVE, , , , , , , 
MISSING INFORMATION
IMPROVE sel_HTAP
1 1
1998 01 01 2019 12 16
0
days from file reference point
4
1 1 1 1
999.999999 999.999 999.999 9.999
end_time of measurement, days from the file reference point
pm10_mass, ug/m3, Matrix=pm10
pm25_mass, ug/m3, Matrix=pm25
numflag, no unit
0
33
Data definition:              EBAS_1.1
Set type code:                TI
Timezone:                     UTC
File name:                    US4828R.19980103050000.20191216000000.filterpack...1y.3d.US03L_filterpack_US4828.US03L_IMPROVE_Davis.lev2.nas
File creation:                20191218120454
Startdate:                    19980103050000
Revision date:                20191216000000
Version:                      2
Version description:          "Data extracted from http://views.cira.colostate.edu/fed/DataWizard 2019-12-16"
Statistics:                   arithmetic mean
Data level:                   2
Period code:                  1y
Resolution code:              3d
Sample duration:              1d
Orig. time res.:              3d
Station code:                 US4828R
Platform code:                US4828S
Station name:                 Shenandoah National Park-Big Meadows (VA28)
Station latitude:             38.5225
Station longitude:            -78.4358
Station altitude:             1074.0 m
Regime:                       IMG
Component:                    
Unit:                         ug/m3
Matrix:                       
Laboratory code:              US03L
Instrument type:              filterpack
Instrument name:              filterpack_US4828
Method ref:                   US03L_IMPROVE_Davis
Blank correction:             Blank corrected
Volume std. temperature:      ambient
Volume std. pressure:         ambient
starttime endtime PM10 PM2.5 flag
  2.208333   3.208333   4.551   4.244 0.000
  6.208333   7.208333   9.528   3.669 0.000
  9.208333  10.208333   7.472   6.781 0.000
 13.208333  14.208333   7.209   6.037 0.000
 16.208333  17.208333   5.510   4.211 0.000
 20.208333  21.208333 999.999 999.999 0.999
 23.208333  24.208333   4.917 999.999 0.000
 27.208333  28.208333 999.999   4.167 0.000
 30.208333  31.208333   6.833   5.803 0.000
 34.208333  35.208333 999.999 999.999 0.999
 37.208333  38.208333 999.999 999.999 0.999
 41.208333  42.208333 999.999 999.999 0.999
 44.208333  45.208333 999.999 999.999 0.999
 48.208333  49.208333 999.999 999.999 0.999
 51.208333  52.208333 999.999 999.999 0.999
 55.208333  56.208333   7.438   6.442 0.000
 58.208333  59.208333   8.424   7.039 0.000
 62.208333  63.208333  10.681   6.025 0.000
 65.208333  66.208333  11.752  10.561 0.000
 69.208333  70.208333   6.006   5.492 0.000
 72.208333  73.208333   9.470   7.542 0.000
 76.208333  77.208333   1.947   1.235 0.000
 79.208333  80.208333   1.163   0.525 0.000
 83.208333  84.208333   8.137   7.756 0.000
 86.208333  87.208333  15.011   9.590 0.000
 90.208333  91.208333   8.636   7.246 0.000
 93.208333  94.208333 999.999   7.820 0.000
 97.208333  98.208333  18.305  15.284 0.000
100.208333 101.208333  10.114   7.642 0.000
104.208333 105.208333  15.420   9.977 0.000
107.208333 108.208333   9.900   8.734 0.000
111.208333 112.208333   9.343   9.533 0.000
114.208333 115.208333  19.917  13.707 0.000
118.208333 119.208333  12.091   9.107 0.000
121.208333 122.208333   5.993   5.133 0.000
125.208333 126.208333  13.346  13.461 0.000
128.208333 129.208333   6.583   5.757 0.000
132.208333 133.208333  10.757   5.885 0.000
135.208333 136.208333  24.512  21.189 0.000
139.208333 140.208333  22.527  17.509 0.000
142.208333 143.208333  15.075  10.610 0.000
146.208333 147.208333  18.194  16.534 0.000
149.208333 150.208333  34.271  32.065 0.000
153.208333 154.208333  15.722   8.491 0.000
156.208333 157.208333  13.194  10.191 0.000
160.208333 161.208333   6.808   5.991 0.000
163.208333 164.208333  10.502   6.885 0.000
167.208333 168.208333  16.069  13.589 0.000
170.208333 171.208333  21.873  18.174 0.000
174.208333 175.208333  32.816  29.779 0.000
177.208333 178.208333  19.778  15.839 0.000
181.208333 182.208333  12.001  10.887 0.000
184.208333 185.208333  24.374  22.923 0.000
188.208333 189.208333  22.031  19.516 0.000
191.208333 192.208333  12.076  11.045 0.000
195.208333 196.208333  23.337  22.914 0.000
198.208333 199.208333  18.518  15.567 0.000
202.208333 203.208333  25.924  22.134 0.000
205.208333 206.208333  18.642  16.489 0.000
209.208333 210.208333  47.380  44.301 0.000
212.208333 213.208333   9.886   6.856 0.000
216.208333 217.208333  22.812  19.939 0.000
219.208333 220.208333   8.403   7.421 0.000
223.208333 224.208333  22.569  21.365 0.000
226.208333 227.208333  13.753  11.296 0.000
230.208333 231.208333  11.179   7.237 0.000
233.208333 234.208333  26.951  24.764 0.000
237.208333 238.208333  27.880  24.365 0.000
240.208333 241.208333  26.927  24.128 0.000
244.208333 245.208333  29.576  26.327 0.000
247.208333 248.208333  23.512  18.001 0.000
251.208333 252.208333   7.981   6.738 0.000
254.208333 255.208333  17.655  14.096 0.000
258.208333 259.208333  34.996  29.915 0.000
261.208333 262.208333  20.867  20.418 0.000
265.208333 266.208333   4.847   4.333 0.000
268.208333 269.208333  52.621  24.810 0.000
272.208333 273.208333  16.519  13.191 0.000
275.208333 276.208333  11.048   8.673 0.000
279.208333 280.208333   4.138   4.559 0.000
282.208333 283.208333   7.160   5.817 0.000
286.208333 287.208333  10.150   5.731 0.000
289.208333 290.208333  17.593  13.738 0.000
293.208333 294.208333   6.980   2.778 0.000
296.208333 297.208333   5.563   4.161 0.000
300.208333 301.208333  23.684  19.066 0.000
303.208333 304.208333   6.981   5.741 0.000
307.208333 308.208333   6.724   5.239 0.000
310.208333 311.208333   5.842   4.843 0.000
314.208333 315.208333   3.989 999.999 0.000
317.208333 318.208333   9.087   8.426 0.000
321.208333 322.208333  11.278   9.673 0.000
324.208333 325.208333  10.161   5.961 0.000
328.208333 329.208333   7.233   5.235 0.000
331.208333 332.208333   5.775   3.033 0.000
335.208333 336.208333   9.210   5.935 0.000
338.208333 339.208333  11.610  11.129 0.000
342.208333 343.208333   6.462 999.999 0.000
345.208333 346.208333   3.602   3.145 0.000
349.208333 350.208333   5.931   3.844 0.000
352.208333 353.208333   8.296   5.363 0.000
356.208333 357.208333   5.284   4.160 0.000
359.208333 360.208333   3.342   2.233 0.000
363.208333 364.208333   3.727   2.699 0.000
