scripts/IMPROVE-2019_partial/data/US4828R.20080101050000.20191216000000.filterpack...52w.3d.US03L_filterpack_US4828.US03L_IMPROVE_Davis.lev2.nas
51 1001
MISSING INFORMATION
US03L, IMPROVE, , , , , , , 
MISSING INFORMATION
IMPROVE sel_HTAP
1 1
2008 01 01 2019 12 16
3.000000
days from file reference point
4
1 1 1 1
999.999999 999.999 999.999 9.999
end_time of measurement, days from the file reference point
pm10_mass, ug/m3, Matrix=pm10
pm25_mass, ug/m3, Matrix=pm25
numflag, no unit
0
33
Data definition:              EBAS_1.1
Set type code:                TU
Timezone:                     UTC
File name:                    US4828R.20080101050000.20191216000000.filterpack...52w.3d.US03L_filterpack_US4828.US03L_IMPROVE_Davis.lev2.nas
File creation:                20191218120456
Startdate:                    20080101050000
Revision date:                20191216000000
Version:                      2
Version description:          "Data extracted from http://views.cira.colostate.edu/fed/DataWizard 2019-12-16"
Statistics:                   arithmetic mean
Data level:                   2
Period code:                  52w
Resolution code:              3d
Sample duration:              1d
Orig. time res.:              3d
Station code:                 US4828R
Platform code:                US4828S
Station name:                 Shenandoah National Park-Big Meadows (VA28)
Station latitude:             38.5225
Station longitude:            -78.4358
Station altitude:             1074.0 m
Regime:                       IMG
Component:                    
Unit:                         ug/m3
Matrix:                       
Laboratory code:              US03L
Instrument type:              filterpack
Instrument name:              filterpack_US4828
Method ref:                   US03L_IMPROVE_Davis
Blank correction:             Blank corrected
Volume std. temperature:      ambient
Volume std. pressure:         ambient
starttime endtime PM10 PM2.5 flag
  0.208333   1.208333   6.210   4.083 0.000
  3.208333   4.208333   2.987   1.379 0.000
  6.208333   7.208333   6.386   4.297 0.000
  9.208333  10.208333   2.043   1.223 0.000
 12.208333  13.208333   8.309   7.509 0.000
 15.208333  16.208333   5.847   5.082 0.000
 18.208333  19.208333   7.273   5.380 0.000
 21.208333  22.208333   4.595   3.075 0.000
 24.208333  25.208333   5.744   4.448 0.000
 27.208333  28.208333  12.337  10.356 0.000
 30.208333  31.208333   6.296   3.757 0.000
 33.208333  34.208333   7.481   4.958 0.000
 36.208333  37.208333   7.674   5.641 0.000
 39.208333  40.208333   9.537   7.086 0.000
 42.208333  43.208333  14.742  11.892 0.000
 45.208333  46.208333   9.174   5.692 0.000
 48.208333  49.208333   4.895   3.588 0.000
 51.208333  52.208333   8.744   7.009 0.000
 54.208333  55.208333  12.947  11.511 0.000
 57.208333  58.208333   5.061   4.223 0.000
 60.208333  61.208333   7.109   5.702 0.000
 63.208333  64.208333   7.317   5.577 0.000
 66.208333  67.208333   4.838   3.953 0.000
 69.208333  70.208333   8.189   6.389 0.000
 72.208333  73.208333  11.947   8.414 0.000
 75.208333  76.208333   5.917   4.563 0.000
 78.208333  79.208333  10.538   7.645 0.000
 81.208333  82.208333   9.290   6.789 0.000
 84.208333  85.208333  10.697   8.051 0.000
 87.208333  88.208333  14.692   9.923 0.000
 90.208333  91.208333   0.335   0.213 0.000
 93.208333  94.208333   5.219   3.607 0.000
 96.208333  97.208333   1.717   1.203 0.000
 99.208333 100.208333   4.364   3.509 0.000
102.208333 103.208333  12.694   7.687 0.000
105.208333 106.208333   4.624   2.441 0.000
108.208333 109.208333  22.806  15.988 0.000
111.208333 112.208333   1.535   0.642 0.000
114.208333 115.208333  17.419  12.161 0.000
117.208333 118.208333   5.601   4.024 0.000
120.208333 121.208333  13.412  11.033 0.000
123.208333 124.208333  18.733  11.011 0.000
126.208333 127.208333  18.516  11.420 0.000
129.208333 130.208333   5.506   1.877 0.000
132.208333 133.208333   0.837   0.312 0.000
135.208333 136.208333  10.364   8.116 0.000
138.208333 139.208333  11.597   6.958 0.000
141.208333 142.208333  11.179   6.739 0.000
144.208333 145.208333   9.591   5.951 0.000
147.208333 148.208333  13.132  10.204 0.000
150.208333 151.208333  16.957  10.326 0.000
153.208333 154.208333   9.204   5.497 0.000
156.208333 157.208333 999.999 999.999 0.999
159.208333 160.208333  22.787  14.616 0.000
162.208333 163.208333  13.251   8.745 0.000
165.208333 166.208333  28.655  23.072 0.000
168.208333 169.208333  11.232   7.826 0.000
171.208333 172.208333  15.014   9.284 0.000
174.208333 175.208333  12.546   9.327 0.000
177.208333 178.208333  22.220  14.485 0.000
180.208333 181.208333  10.810   5.628 0.000
183.208333 184.208333  11.840   8.597 0.000
186.208333 187.208333   8.671   7.087 0.000
189.208333 190.208333  16.601  13.120 0.000
192.208333 193.208333  21.249  17.108 0.000
195.208333 196.208333  16.081  11.311 0.000
198.208333 199.208333  27.121  22.000 0.000
201.208333 202.208333  28.741  24.530 0.000
204.208333 205.208333   9.571   5.902 0.000
207.208333 208.208333  20.260  15.909 0.000
210.208333 211.208333  26.688  23.339 0.000
213.208333 214.208333  19.845  15.103 0.000
216.208333 217.208333  18.294  15.785 0.000
219.208333 220.208333  18.820  14.267 0.000
222.208333 223.208333  11.393   7.912 0.000
225.208333 226.208333  15.824  12.563 0.000
228.208333 229.208333  13.232  11.293 0.000
231.208333 232.208333  20.613  16.505 0.000
234.208333 235.208333   8.761   5.197 0.000
237.208333 238.208333  16.201  13.096 0.000
240.208333 241.208333   1.079   0.551 0.000
243.208333 244.208333  25.074  21.688 0.000
246.208333 247.208333  11.698   8.787 0.000
249.208333 250.208333   5.561   4.237 0.000
252.208333 253.208333  12.645  10.749 0.000
255.208333 256.208333   4.465   3.206 0.000
258.208333 259.208333   7.048   4.615 0.000
261.208333 262.208333  15.088  10.861 0.000
264.208333 265.208333  20.543  18.271 0.000
267.208333 268.208333   9.530   6.106 0.000
270.208333 271.208333   2.742   1.747 0.000
273.208333 274.208333  12.635   9.962 0.000
276.208333 277.208333   7.774   4.096 0.000
279.208333 280.208333  14.336  11.446 0.000
282.208333 283.208333   9.881   4.740 0.000
285.208333 286.208333  11.611   5.527 0.000
288.208333 289.208333  16.853   9.855 0.000
291.208333 292.208333   6.622   4.233 0.000
294.208333 295.208333   8.734   5.650 0.000
297.208333 298.208333   4.066   2.447 0.000
300.208333 301.208333   9.377   4.060 0.000
303.208333 304.208333   5.262   2.995 0.000
306.208333 307.208333  20.658  14.138 0.000
309.208333 310.208333   7.790   5.557 0.000
312.208333 313.208333   9.889   6.600 0.000
315.208333 316.208333  11.162   8.913 0.000
318.208333 319.208333   6.073   3.710 0.000
321.208333 322.208333   5.167   4.575 0.000
324.208333 325.208333   8.075   6.098 0.000
327.208333 328.208333   4.944   2.791 0.000
330.208333 331.208333   4.609   3.678 0.000
333.208333 334.208333   7.284   5.422 0.000
336.208333 337.208333   4.150   3.642 0.000
339.208333 340.208333   5.751   5.037 0.000
342.208333 343.208333   3.640   2.625 0.000
345.208333 346.208333   0.546   0.279 0.000
348.208333 349.208333   6.147   3.932 0.000
351.208333 352.208333   2.391   1.531 0.000
354.208333 355.208333   2.634   1.992 0.000
357.208333 358.208333   4.495   2.553 0.000
360.208333 361.208333  10.031   4.498 0.000
363.208333 364.208333   3.954   1.636 0.000
