scripts/IMPROVE-2019_partial/data/US4828R.19890104050000.20191216000000.filterpack...1y.3d.US03L_filterpack_US4828.US03L_IMPROVE_Davis.lev2.nas
51 1001
MISSING INFORMATION
US03L, IMPROVE, , , , , , , 
MISSING INFORMATION
IMPROVE sel_HTAP
1 1
1989 01 01 2019 12 16
0
days from file reference point
4
1 1 1 1
999.999999 999.999 999.999 9.999
end_time of measurement, days from the file reference point
pm10_mass, ug/m3, Matrix=pm10
pm25_mass, ug/m3, Matrix=pm25
numflag, no unit
0
33
Data definition:              EBAS_1.1
Set type code:                TI
Timezone:                     UTC
File name:                    US4828R.19890104050000.20191216000000.filterpack...1y.3d.US03L_filterpack_US4828.US03L_IMPROVE_Davis.lev2.nas
File creation:                20191218120453
Startdate:                    19890104050000
Revision date:                20191216000000
Version:                      2
Version description:          "Data extracted from http://views.cira.colostate.edu/fed/DataWizard 2019-12-16"
Statistics:                   arithmetic mean
Data level:                   2
Period code:                  1y
Resolution code:              3d
Sample duration:              1d
Orig. time res.:              3d
Station code:                 US4828R
Platform code:                US4828S
Station name:                 Shenandoah National Park-Big Meadows (VA28)
Station latitude:             38.5225
Station longitude:            -78.4358
Station altitude:             1074.0 m
Regime:                       IMG
Component:                    
Unit:                         ug/m3
Matrix:                       
Laboratory code:              US03L
Instrument type:              filterpack
Instrument name:              filterpack_US4828
Method ref:                   US03L_IMPROVE_Davis
Blank correction:             Blank corrected
Volume std. temperature:      ambient
Volume std. pressure:         ambient
starttime endtime PM10 PM2.5 flag
  3.208333   4.208333   8.373   6.703 0.000
  6.208333   7.208333 999.999 999.999 0.999
 10.208333  11.208333   9.577   6.241 0.000
 13.208333  14.208333   3.373   2.274 0.000
 17.208333  18.208333   8.377   4.224 0.000
 20.208333  21.208333   6.336   4.657 0.000
 24.208333  25.208333 999.999 999.999 0.999
 27.208333  28.208333   6.938   5.235 0.000
 31.208333  32.208333 999.999   6.395 0.000
 34.208333  35.208333   6.508 999.999 0.000
 38.208333  39.208333   9.659   8.145 0.000
 41.208333  42.208333 999.999 999.999 0.999
 45.208333  46.208333  15.530  13.195 0.000
 48.208333  49.208333  14.061  10.631 0.000
 52.208333  53.208333   9.189   7.981 0.000
 55.208333  56.208333   9.130 999.999 0.000
 59.208333  60.208333 999.999 999.999 0.999
 62.208333  63.208333   2.222   1.786 0.000
 66.208333  67.208333   5.792   4.026 0.000
 69.208333  70.208333  17.747  12.660 0.000
 73.208333  74.208333  45.742 999.999 0.000
 76.208333  77.208333  18.880  13.135 0.000
 80.208333  81.208333  11.873   9.286 0.000
 83.208333  84.208333  10.936   8.820 0.000
 87.208333  88.208333  16.479  12.727 0.000
 90.208333  91.208333   9.326   7.492 0.000
 94.208333  95.208333   9.432   5.177 0.000
 97.208333  98.208333   9.147   6.635 0.000
101.208333 102.208333  13.185   9.346 0.000
104.208333 105.208333  12.879  11.620 0.000
108.208333 109.208333   8.885   7.170 0.000
111.208333 112.208333  14.753   9.774 0.000
115.208333 116.208333  13.485  11.818 0.000
118.208333 119.208333  23.893  18.323 0.000
122.208333 123.208333  12.335   8.439 0.000
125.208333 126.208333   6.535   4.209 0.000
129.208333 130.208333   3.308   2.389 0.000
132.208333 133.208333  10.739   8.006 0.000
136.208333 137.208333  10.830   8.380 0.000
139.208333 140.208333  27.645  20.965 0.000
143.208333 144.208333  16.250  12.355 0.000
146.208333 147.208333  16.015  10.031 0.000
150.208333 151.208333  39.440  28.935 0.000
153.208333 154.208333  34.362  24.900 0.000
157.208333 158.208333  11.557   9.385 0.000
160.208333 161.208333  30.449  22.872 0.000
164.208333 165.208333  24.300  17.733 0.000
167.208333 168.208333 999.999  35.644 0.000
171.208333 172.208333  12.208   8.431 0.000
174.208333 175.208333  28.208  22.614 0.000
178.208333 179.208333 999.999  21.967 0.000
181.208333 182.208333 999.999  23.289 0.000
185.208333 186.208333  10.201   6.700 0.000
188.208333 189.208333  41.701  27.053 0.000
192.208333 193.208333 999.999  26.535 0.000
195.208333 196.208333  24.818  18.910 0.000
199.208333 200.208333  26.935  22.038 0.000
202.208333 203.208333  16.286  11.667 0.000
206.208333 207.208333 999.999 999.999 0.999
209.208333 210.208333 999.999 999.999 0.999
213.208333 214.208333 999.999 999.999 0.999
216.208333 217.208333 999.999  10.609 0.000
220.208333 221.208333 999.999 999.999 0.999
223.208333 224.208333 999.999 999.999 0.999
227.208333 228.208333 999.999 999.999 0.999
230.208333 231.208333  16.475  12.379 0.000
234.208333 235.208333  29.757  24.455 0.000
237.208333 238.208333  42.863  36.570 0.000
241.208333 242.208333  22.073  17.296 0.000
244.208333 245.208333  17.038  13.526 0.000
248.208333 249.208333  17.612  13.943 0.000
251.208333 252.208333  54.528 999.999 0.000
255.208333 256.208333  28.731  25.610 0.000
258.208333 259.208333   6.000   3.072 0.000
262.208333 263.208333   3.346   1.392 0.000
265.208333 266.208333   6.504   3.526 0.000
269.208333 270.208333   8.470   6.012 0.000
272.208333 273.208333  33.472  25.631 0.000
276.208333 277.208333   9.436   5.870 0.000
279.208333 280.208333   9.430   7.037 0.000
283.208333 284.208333  17.790  10.926 0.000
286.208333 287.208333 999.999 999.999 0.999
290.208333 291.208333   5.768   2.667 0.000
293.208333 294.208333  10.375   5.895 0.000
297.208333 298.208333  14.684   9.235 0.000
300.208333 301.208333  32.776  23.535 0.000
304.208333 305.208333  10.000   7.719 0.000
307.208333 308.208333  12.366   8.827 0.000
311.208333 312.208333   9.852   6.353 0.000
314.208333 315.208333   7.462   4.771 0.000
318.208333 319.208333  15.869  10.568 0.000
321.208333 322.208333   8.814   5.559 0.000
325.208333 326.208333   8.077   5.457 0.000
328.208333 329.208333   6.464   4.201 0.000
332.208333 333.208333   6.705   5.175 0.000
335.208333 336.208333   9.845   6.429 0.000
339.208333 340.208333  13.843  10.336 0.000
342.208333 343.208333   4.471   3.408 0.000
346.208333 347.208333  14.822  13.444 0.000
349.208333 350.208333   9.200   8.257 0.000
353.208333 354.208333  10.079   8.492 0.000
356.208333 357.208333  10.637   7.836 0.000
360.208333 361.208333 999.999 999.999 0.999
363.208333 364.208333  13.333   9.838 0.000
