scripts/IMPROVE-2019_partial/data/US4828R.20040101050000.20191216000000.filterpack..pm25.52w.1w.US03L_filterpack_US4828.US03L_IMPROVE_Davis.lev2.nas
68 1001
MISSING INFORMATION
US03L, IMPROVE, , , , , , , 
MISSING INFORMATION
IMPROVE sel_HTAP
1 1
2004 01 01 2019 12 16
3.000000
days from file reference point
29
1 1 1 1 1 1 1 1 1 1 1 1 1 1 1 1 1 1 1 1 1 1 1 1 1 1 1 1 1
999.999999 99.999 9.999999 999.99 9.999 99.99 9.999 9.999 9.999999 99.99 9.999 99.999 9.999999 99.999 9.999 999.999 9.999 99.99 9.999999 999.999 9.999 999.999 9.999 999.999 9.999 9.999 9.999 99.999 9.999999
end_time of measurement, days from the file reference point
ammonium, ug N/m3, Revision date=20181210133000
numflag ammonium, no unit, Revision date=20181210133000
iron, ng/m3, Revision date=20181210133000
numflag iron, no unit, Revision date=20181210133000
lead, ng/m3, Revision date=20181210133000
numflag lead, no unit, Revision date=20181210133000
magnesium, ug/m3, Revision date=20181210133000
numflag magnesium, no unit, Revision date=20181210133000
nickel, ng/m3, Revision date=20181210133000
numflag nickel, no unit, Revision date=20181210133000
nitrate, ug N/m3, Revision date=20181210133000
numflag nitrate, no unit, Revision date=20181210133000
organic_carbon, ug C/m3, Revision date=20181210133000
numflag organic_carbon, no unit, Revision date=20181210133000
organic_mass, ug/m3, Revision date=20181210133000
numflag organic_mass, no unit, Revision date=20181210133000
phosphorus, ng/m3, Revision date=20181210133000
numflag phosphorus, no unit, Revision date=20181210133000
pm10_mass, ug/m3, Version=2, Version description=Data extracted from http://views.cira.colostate.edu/fed/DataWizard 2019-12-16, Sample duration=1d, Orig. time res.=3d, Matrix=pm10, Blank correction=Blank corrected, Volume std. temperature=ambient, Volume std. pressure=ambient
numflag pm10_mass, no unit, Version=2, Version description=Data extracted from http://views.cira.colostate.edu/fed/DataWizard 2019-12-16, Sample duration=1d, Orig. time res.=3d, Matrix=pm10, Blank correction=Blank corrected, Volume std. temperature=ambient, Volume std. pressure=ambient
pm10_pm25_mass, ug/m3, Revision date=20181210133000, Matrix=pm10_pm25
numflag pm10_pm25_mass, no unit, Revision date=20181210133000, Matrix=pm10_pm25
pm25_mass, ug/m3, Version=2, Version description=Data extracted from http://views.cira.colostate.edu/fed/DataWizard 2019-12-16, Sample duration=1d, Orig. time res.=3d, Blank correction=Blank corrected, Volume std. temperature=ambient, Volume std. pressure=ambient
numflag pm25_mass, no unit, Version=2, Version description=Data extracted from http://views.cira.colostate.edu/fed/DataWizard 2019-12-16, Sample duration=1d, Orig. time res.=3d, Blank correction=Blank corrected, Volume std. temperature=ambient, Volume std. pressure=ambient
potassium, ug/m3, Revision date=20181210133000
numflag potassium, no unit, Revision date=20181210133000
sulphate_total, ug S/m3, Revision date=20181210133000
numflag sulphate_total, no unit, Revision date=20181210133000
0
25
Data definition:              EBAS_1.1
Set type code:                TU
Timezone:                     UTC
File name:                    US4828R.20040101050000.20191216000000.filterpack..pm25.52w.1w.US03L_filterpack_US4828.US03L_IMPROVE_Davis.lev2.nas
File creation:                20191218120455
Startdate:                    20040101050000
Revision date:                20191216000000
Statistics:                   arithmetic mean
Data level:                   2
Period code:                  52w
Resolution code:              1w
Station code:                 US4828R
Platform code:                US4828S
Station name:                 Shenandoah National Park-Big Meadows (VA28)
Station latitude:             38.5225
Station longitude:            -78.4358
Station altitude:             1074.0 m
Regime:                       IMG
Component:                    
Matrix:                       pm25
Laboratory code:              US03L
Instrument type:              filterpack
Instrument name:              filterpack_US4828
Method ref:                   US03L_IMPROVE_Davis
starttime endtime NH4+ flag_NH4+ Fe flag_Fe Pb flag_Pb Mg++ flag_Mg++ Ni flag_Ni NO3- flag_NO3- OC flag_OC OM flag_OM P flag_P PM10 flag_PM10 PM10-PM2.5 flag_PM10-PM2.5 PM2.5 flag_PM2.5 K+ flag_K+ SO4-- flag_SO4--
[from data line 74]
222.208333 223.208333  1.071 0.000000  18.62 0.000  1.76 0.000 9.999 0.259000  0.19 0.000  0.048 0.000000  2.062 0.000   2.887 0.000 99.99 0.259000  24.975 0.000  12.907 0.000  12.068 0.000 0.036 0.000  1.619 0.000000
225.208333 226.208333  0.757 0.559000   4.49 0.000  0.77 0.000 9.999 0.259000  0.13 0.000  0.071 0.559000  0.983 0.000   1.377 0.000 99.99 0.259000   8.109 0.000   1.103 0.000   7.006 0.000 0.015 0.000  1.245 0.559000
228.208333 229.208333  1.592 0.559000  71.15 0.000  1.60 0.000 9.999 0.259000  0.11 0.000  0.060 0.559000  1.914 0.000   2.680 0.000 99.99 0.259000  19.871 0.000   3.770 0.000  16.101 0.000 0.053 0.000  2.553 0.559000
231.208333 232.208333  1.990 0.559000  30.58 0.000  1.17 0.000 9.999 0.259000  0.19 0.000  0.038 0.559000  2.273 0.000   3.182 0.000 99.99 0.259000  28.866 0.000   7.264 0.000  21.602 0.000 0.065 0.000  3.039 0.559000
234.208333 235.208333  1.660 0.559000  38.42 0.000  3.25 0.000 9.999 0.259000  0.26 0.000  0.044 0.559000  2.106 0.000   2.948 0.000 99.99 0.259000  20.457 0.000   1.887 0.000  18.570 0.000 0.041 0.000  3.034 0.559000
237.208333 238.208333  2.642 0.559000  30.84 0.000  2.70 0.000 9.999 0.259000  0.91 0.000  0.044 0.559000  1.701 0.000   2.381 0.000 99.99 0.259000  36.563 0.000   2.399 0.000  34.164 0.000 0.049 0.000  5.706 0.559000
240.208333 241.208333  1.460 0.559000  40.90 0.000  2.03 0.000 9.999 0.259000  0.16 0.000  0.057 0.559000  1.710 0.000   2.395 0.000 99.99 0.259000  22.289 0.000   3.084 0.000  19.205 0.000 0.042 0.000  2.792 0.559000
243.208333 244.208333  1.469 0.559000  18.27 0.000  1.07 0.000 9.999 0.259000  0.15 0.000  0.059 0.559000  1.021 0.000   1.429 0.000 99.99 0.259000  14.935 0.000   1.960 0.000  12.975 0.000 0.021 0.000  2.460 0.559000
246.208333 247.208333  1.222 0.559000  23.98 0.000  1.70 0.000 9.999 0.259000  1.01 0.000  0.105 0.559000  0.943 0.000   1.320 0.000 99.99 0.259000  16.658 0.000   2.294 0.000  14.364 0.000 0.020 0.000  2.139 0.559000
249.208333 250.208333  0.017 0.559000   0.74 0.000  0.35 0.000 0.094 0.000000 99.99 0.259  0.007 0.559000  0.044 0.000   0.061 0.000  4.97 0.000000   1.094 0.000   0.428 0.000   0.666 0.000 0.004 0.000  0.085 0.559000
252.208333 253.208333 99.999 0.999000 999.99 0.999 99.99 0.999 9.999 0.999000 99.99 0.999 99.999 0.999000 99.999 0.999 999.999 0.999 99.99 0.999000 999.999 0.999 999.999 0.999 999.999 0.999 9.999 0.999 99.999 0.999000
255.208333 256.208333  2.040 0.559000  20.50 0.000  1.42 0.000 9.999 0.259000  0.39 0.000  0.080 0.559000  1.555 0.000   2.177 0.000 99.99 0.259000  24.874 0.000   2.074 0.000  22.800 0.000 0.021 0.000  4.155 0.559000
258.208333 259.208333  0.272 0.559000   2.62 0.000  0.57 0.000 9.999 0.259000  0.23 0.000  0.028 0.559000  0.426 0.000   0.597 0.000 99.99 0.259000   4.142 0.000   0.578 0.000   3.564 0.000 0.008 0.000  0.618 0.559000
261.208333 262.208333 99.999 0.999000 999.99 0.999 99.99 0.999 9.999 0.999000 99.99 0.999 99.999 0.999000 99.999 0.999 999.999 0.999 99.99 0.999000 999.999 0.999 999.999 0.999 999.999 0.999 9.999 0.999 99.999 0.999000
264.208333 265.208333  0.054 0.559000   4.67 0.000  1.01 0.000 9.999 0.259000 99.99 0.259  0.010 0.559000  0.521 0.000   0.729 0.000 99.99 0.259000   2.845 0.000   0.904 0.000   1.941 0.000 0.012 0.000  0.132 0.559000
267.208333 268.208333  2.004 0.559000  47.88 0.000  2.93 0.000 9.999 0.259000  0.58 0.000  0.265 0.559000  1.862 0.000   2.607 0.000 99.99 0.259000  24.138 0.000   5.579 0.000  18.559 0.000 0.058 0.000  2.565 0.559000
270.208333 271.208333  1.637 0.559000  12.26 0.000  2.88 0.000 0.157 0.000000  0.45 0.000  0.318 0.559000  0.887 0.000   1.242 0.000 99.99 0.259000  15.025 0.000   1.570 0.000  13.455 0.000 0.020 0.000  2.458 0.559000
273.208333 274.208333  2.695 0.559000  28.72 0.000  2.64 0.000 0.172 0.000000  0.26 0.000  0.126 0.559000  1.499 0.000   2.098 0.000 99.99 0.259000  23.485 0.000   2.898 0.000  20.586 0.000 0.030 0.000  4.132 0.559000
276.208333 277.208333  1.174 0.559000  11.21 0.000  1.76 0.000 9.999 0.259000 99.99 0.259  0.175 0.559000  1.587 0.000   2.222 0.000 99.99 0.259000  12.626 0.000   2.701 0.000   9.925 0.000 0.051 0.000  1.657 0.559000
279.208333 280.208333  0.522 0.559000  14.65 0.000  0.99 0.000 9.999 0.259000  0.14 0.000  0.154 0.559000  1.639 0.000   2.294 0.000 99.99 0.259000   9.062 0.000   3.100 0.000   5.961 0.000 0.031 0.000  0.568 0.559000
282.208333 283.208333  1.062 0.559000  27.72 0.000  1.55 0.000 9.999 0.259000 99.99 0.259  0.094 0.559000  2.086 0.000   2.921 0.000 99.99 0.259000  13.805 0.000   3.357 0.000  10.447 0.000 0.039 0.000  1.276 0.559000
285.208333 286.208333  0.330 0.559000  18.67 0.000  1.58 0.000 9.999 0.259000 99.99 0.259  0.036 0.559000  1.727 0.000   2.418 0.000 99.99 0.259000   7.791 0.000   2.335 0.000   5.456 0.000 0.028 0.000  0.423 0.559000
288.208333 289.208333  0.682 0.559000  10.40 0.000  1.16 0.000 9.999 0.259000  0.16 0.000  0.116 0.559000  1.204 0.000   1.685 0.000 99.99 0.259000   7.828 0.000   1.760 0.000   6.069 0.000 0.020 0.000  0.808 0.559000
291.208333 292.208333  0.447 0.559000  15.87 0.000  0.98 0.000 9.999 0.259000 99.99 0.259  0.046 0.559000  1.119 0.000   1.567 0.000 99.99 0.259000   8.215 0.000   2.837 0.000   5.377 0.000 0.032 0.000  0.593 0.559000
294.208333 295.208333  0.009 0.559000   2.77 0.000 99.99 0.259 9.999 0.259000  0.18 0.000  0.010 0.559000  0.164 0.000   0.229 0.000 99.99 0.259000   1.136 0.000   0.460 0.000   0.676 0.000 0.004 0.000  0.047 0.559000
297.208333 298.208333  0.633 0.559000   5.13 0.000  1.16 0.000 9.999 0.259000  0.47 0.000  0.235 0.559000  0.570 0.000   0.798 0.000 99.99 0.259000   5.387 0.000   0.799 0.000   4.588 0.000 0.013 0.000  0.561 0.559000
300.208333 301.208333 99.999 0.999000 999.99 0.999 99.99 0.999 9.999 0.999000 99.99 0.999 99.999 0.999000 99.999 0.999 999.999 0.999 99.99 0.999000 999.999 0.999 999.999 0.999 999.999 0.999 9.999 0.999 99.999 0.999000
303.208333 304.208333 99.999 0.999000 999.99 0.999 99.99 0.999 9.999 0.999000 99.99 0.999 99.999 0.999000 99.999 0.999 999.999 0.999 99.99 0.999000 999.999 0.999 999.999 0.999 999.999 0.999 9.999 0.999 99.999 0.999000
306.208333 307.208333 99.999 0.999000 999.99 0.999 99.99 0.999 9.999 0.999000 99.99 0.999 99.999 0.999000 99.999 0.999 999.999 0.999 99.99 0.999000 999.999 0.999 999.999 0.999 999.999 0.999 9.999 0.999 99.999 0.999000
309.208333 310.208333  0.396 0.559000   9.55 0.000  0.95 0.000 9.999 0.259000 99.99 0.259  0.137 0.559000  0.570 0.000   0.799 0.000 99.99 0.259000   4.785 0.000   1.189 0.000   3.596 0.000 0.031 0.000  0.368 0.559000
312.208333 313.208333  0.564 0.559000  23.84 0.000  2.00 0.000 9.999 0.259000  0.31 0.000  0.269 0.559000  0.842 0.000   1.179 0.000 99.99 0.259000   7.882 0.000   3.273 0.000   4.609 0.000 0.035 0.000  0.414 0.559000
315.208333 316.208333  0.822 0.559000  26.32 0.000  1.91 0.000 9.999 0.259000  0.31 0.000  0.227 0.559000  1.629 0.000   2.280 0.000 99.99 0.259000  11.333 0.000   3.706 0.000   7.627 0.000 0.044 0.000  0.831 0.559000
318.208333 319.208333  0.298 0.559000   7.44 0.000  1.74 0.000 9.999 0.259000 99.99 0.259  0.057 0.559000  0.539 0.000   0.755 0.000 99.99 0.259000   3.536 0.000   0.678 0.000   2.858 0.000 0.032 0.000  0.317 0.559000
321.208333 322.208333  0.618 0.559000   9.94 0.000  1.12 0.000 9.999 0.259000 99.99 0.259  0.158 0.559000  0.556 0.000   0.779 0.000 99.99 0.259000   5.420 0.000   1.303 0.000   4.117 0.000 0.017 0.000  0.606 0.559000
324.208333 325.208333  1.225 0.559000  15.01 0.000  1.62 0.000 9.999 0.259000  0.18 0.000  0.385 0.559000  1.657 0.000   2.320 0.000 99.99 0.259000  11.729 0.000   2.026 0.000   9.704 0.000 0.038 0.000  1.053 0.559000
327.208333 328.208333  0.378 0.559000   7.44 0.000  1.74 0.000 9.999 0.259000  0.42 0.000  0.078 0.559000  0.685 0.000   0.959 0.000 99.99 0.259000   4.100 0.000   0.325 0.000   3.774 0.000 0.015 0.000  0.476 0.559000
330.208333 331.208333  0.271 0.559000   5.13 0.000  0.91 0.000 0.075 0.000000 99.99 0.259  0.093 0.559000  0.360 0.000   0.504 0.000 99.99 0.259000   2.529 0.000   0.585 0.000   1.944 0.000 0.011 0.000  0.243 0.559000
333.208333 334.208333  0.711 0.559000   8.56 0.000  1.09 0.000 0.091 0.000000 99.99 0.259  0.104 0.559000  0.469 0.000   0.657 0.000 99.99 0.259000   5.027 0.000   0.521 0.000   4.506 0.000 0.016 0.000  0.722 0.559000
336.208333 337.208333  0.215 0.559000   9.11 0.000  1.13 0.000 0.059 0.000000 99.99 0.259  0.028 0.559000  0.362 0.000   0.507 0.000 99.99 0.259000   2.922 0.000   0.801 0.000   2.120 0.000 0.014 0.000  0.255 0.559000
339.208333 340.208333  0.529 0.559000  17.79 0.000  1.55 0.000 9.999 0.259000  0.12 0.000  0.324 0.559000  0.062 0.000   0.086 0.000 99.99 0.259000   6.061 0.000   2.481 0.000   3.579 0.000 0.023 0.000  0.310 0.559000
342.208333 343.208333  0.633 0.559000   8.96 0.000  1.29 0.000 0.118 0.000000  0.19 0.000  0.062 0.559000  0.334 0.000   0.468 0.000 99.99 0.259000   4.966 0.000   0.879 0.000   4.087 0.000 0.012 0.000  0.686 0.559000
345.208333 346.208333  0.398 0.559000   3.28 0.000  0.75 0.000 0.114 0.000000 99.99 0.259  0.070 0.559000  0.230 0.000   0.321 0.000 99.99 0.259000   3.006 0.000   0.484 0.000   2.522 0.000 0.007 0.000  0.440 0.559000
348.208333 349.208333  0.535 0.559000   7.72 0.000  0.99 0.000 9.999 0.259000  0.28 0.000  0.164 0.559000  0.534 0.000   0.748 0.000 99.99 0.259000   4.103 0.000   0.838 0.000   3.265 0.000 0.012 0.000  0.501 0.559000
351.208333 352.208333  0.896 0.559000  24.85 0.000  1.49 0.000 9.999 0.259000  0.13 0.000  0.561 0.559000  0.035 0.000   0.049 0.000 99.99 0.259000   9.993 0.000   2.832 0.000   7.162 0.000 0.038 0.000  0.458 0.559000
354.208333 355.208333  0.315 0.559000  11.78 0.000  2.00 0.000 0.192 0.000000  0.20 0.000  0.122 0.559000  0.460 0.000   0.644 0.000 99.99 0.259000   3.968 0.000   1.360 0.000   2.608 0.000 0.017 0.000  0.294 0.559000
357.208333 358.208333  0.256 0.559000   2.73 0.000  0.31 0.000 9.999 0.259000 99.99 0.259  0.073 0.559000  0.201 0.000   0.281 0.000 99.99 0.259000 999.999 0.999 999.999 0.999   1.674 0.000 0.006 0.000  0.298 0.559000
360.208333 361.208333  1.273 0.559000  10.60 0.000  1.18 0.000 0.040 0.000000  0.19 0.000  0.695 0.559000  1.305 0.000   1.827 0.000 99.99 0.259000  10.611 0.000   0.555 0.000  10.055 0.000 0.040 0.000  0.729 0.559000
363.208333 364.208333  0.786 0.559000  15.52 0.000  1.78 0.000 9.999 0.259000 99.99 0.259  0.261 0.559000  1.506 0.000   2.108 0.000 99.99 0.259000   9.570 0.000   3.058 0.000   6.512 0.000 0.039 0.000  0.685 0.559000
