scripts/IMPROVE-2019_partial/data/US4828R.20000101050000.20191216000000.filterpack..pm25.52w.1w.US03L_filterpack_US4828.US03L_IMPROVE_Davis.lev2.nas
68 1001
MISSING INFORMATION
US03L, IMPROVE, , , , , , , 
MISSING INFORMATION
IMPROVE sel_HTAP
1 1
2000 01 01 2019 12 16
0
days from file reference point
29
1 1 1 1 1 1 1 1 1 1 1 1 1 1 1 1 1 1 1 1 1 1 1 1 1 1 1 1 1
999.999999 99.999 9.999999 999.99 9.999 999.99 9.999 9.999 9.999999 9.99 9.999999 9.999 9.999999 99.999 9.999 99.999 9.999 99.99 9.999999 999.999 9.999 999.999 9.999 999.999 9.999 9.999 9.999 99.999 9.999999
end_time of measurement, days from the file reference point
ammonium, ug N/m3, Revision date=20181210133000
numflag ammonium, no unit, Revision date=20181210133000
iron, ng/m3, Revision date=20181210133000
numflag iron, no unit, Revision date=20181210133000
lead, ng/m3, Revision date=20181210133000
numflag lead, no unit, Revision date=20181210133000
magnesium, ug/m3, Revision date=20181210133000
numflag magnesium, no unit, Revision date=20181210133000
nickel, ng/m3, Revision date=20181210133000
numflag nickel, no unit, Revision date=20181210133000
nitrate, ug N/m3, Revision date=20181210133000
numflag nitrate, no unit, Revision date=20181210133000
organic_carbon, ug C/m3, Revision date=20181210133000
numflag organic_carbon, no unit, Revision date=20181210133000
organic_mass, ug/m3, Revision date=20181210133000
numflag organic_mass, no unit, Revision date=20181210133000
phosphorus, ng/m3, Revision date=20181210133000
numflag phosphorus, no unit, Revision date=20181210133000
pm10_mass, ug/m3, Version=2, Version description=Data extracted from http://views.cira.colostate.edu/fed/DataWizard 2019-12-16, Sample duration=1d, Orig. time res.=3d, Matrix=pm10, Blank correction=Blank corrected, Volume std. temperature=ambient, Volume std. pressure=ambient
numflag pm10_mass, no unit, Version=2, Version description=Data extracted from http://views.cira.colostate.edu/fed/DataWizard 2019-12-16, Sample duration=1d, Orig. time res.=3d, Matrix=pm10, Blank correction=Blank corrected, Volume std. temperature=ambient, Volume std. pressure=ambient
pm10_pm25_mass, ug/m3, Revision date=20181210133000, Matrix=pm10_pm25
numflag pm10_pm25_mass, no unit, Revision date=20181210133000, Matrix=pm10_pm25
pm25_mass, ug/m3, Version=2, Version description=Data extracted from http://views.cira.colostate.edu/fed/DataWizard 2019-12-16, Sample duration=1d, Orig. time res.=3d, Blank correction=Blank corrected, Volume std. temperature=ambient, Volume std. pressure=ambient
numflag pm25_mass, no unit, Version=2, Version description=Data extracted from http://views.cira.colostate.edu/fed/DataWizard 2019-12-16, Sample duration=1d, Orig. time res.=3d, Blank correction=Blank corrected, Volume std. temperature=ambient, Volume std. pressure=ambient
potassium, ug/m3, Revision date=20181210133000
numflag potassium, no unit, Revision date=20181210133000
sulphate_total, ug S/m3, Revision date=20181210133000
numflag sulphate_total, no unit, Revision date=20181210133000
0
25
Data definition:              EBAS_1.1
Set type code:                TI
Timezone:                     UTC
File name:                    US4828R.20000101050000.20191216000000.filterpack..pm25.52w.1w.US03L_filterpack_US4828.US03L_IMPROVE_Davis.lev2.nas
File creation:                20191218120454
Startdate:                    20000101050000
Revision date:                20191216000000
Statistics:                   arithmetic mean
Data level:                   2
Period code:                  52w
Resolution code:              1w
Station code:                 US4828R
Platform code:                US4828S
Station name:                 Shenandoah National Park-Big Meadows (VA28)
Station latitude:             38.5225
Station longitude:            -78.4358
Station altitude:             1074.0 m
Regime:                       IMG
Component:                    
Matrix:                       pm25
Laboratory code:              US03L
Instrument type:              filterpack
Instrument name:              filterpack_US4828
Method ref:                   US03L_IMPROVE_Davis
starttime endtime NH4+ flag_NH4+ Fe flag_Fe Pb flag_Pb Mg++ flag_Mg++ Ni flag_Ni NO3- flag_NO3- OC flag_OC OM flag_OM P flag_P PM10 flag_PM10 PM10-PM2.5 flag_PM10-PM2.5 PM2.5 flag_PM2.5 K+ flag_K+ SO4-- flag_SO4--
[from data line 74]
258.208333 259.208333 99.999 0.999000 999.99 0.999 999.99 0.999 9.999 0.999000 9.99 0.999000 9.999 0.999000 99.999 0.999 99.999 0.999 99.99 0.999000 999.999 0.999 999.999 0.999 999.999 0.999 9.999 0.999 99.999 0.999000
261.208333 262.208333 99.999 0.999000 999.99 0.999 999.99 0.999 9.999 0.999000 9.99 0.999000 9.999 0.999000 99.999 0.999 99.999 0.999 99.99 0.999000 999.999 0.999 999.999 0.999 999.999 0.999 9.999 0.999 99.999 0.999000
264.208333 265.208333  0.566 0.559000  17.31 0.000   0.26 0.000 9.999 0.259000 9.99 0.259000 0.041 0.559000  0.661 0.000  0.925 0.000 99.99 0.259000   7.936 0.000   2.190 0.000   5.746 0.000 0.026 0.000  0.808 0.559000
267.208333 268.208333  0.865 0.559000  10.36 0.000   0.84 0.000 9.999 0.259000 9.99 0.259000 0.088 0.559000  0.689 0.000  0.965 0.000 99.99 0.259000   8.325 0.000   1.012 0.000   7.313 0.000 0.019 0.000  1.270 0.559000
270.208333 271.208333 99.999 0.999000 999.99 0.999 999.99 0.999 9.999 0.999000 9.99 0.999000 9.999 0.999000 99.999 0.999 99.999 0.999 99.99 0.999000 999.999 0.999 999.999 0.999 999.999 0.999 9.999 0.999 99.999 0.999000
273.208333 274.208333 99.999 0.999000 999.99 0.999 999.99 0.999 9.999 0.999000 9.99 0.999000 9.999 0.999000 99.999 0.999 99.999 0.999 99.99 0.999000 999.999 0.999 999.999 0.999 999.999 0.999 9.999 0.999 99.999 0.999000
276.208333 277.208333 99.999 0.999000 999.99 0.999 999.99 0.999 9.999 0.999000 9.99 0.999000 9.999 0.999000 99.999 0.999 99.999 0.999 99.99 0.999000 999.999 0.999 999.999 0.999 999.999 0.999 9.999 0.999 99.999 0.999000
279.208333 280.208333  1.655 0.000000  24.78 0.000   1.41 0.000 9.999 0.259000 9.99 0.259000 0.116 0.000000  2.026 0.000  2.836 0.000 99.99 0.259000  18.788 0.000   3.808 0.000  14.981 0.000 0.051 0.000  2.058 0.000000
282.208333 283.208333  0.673 0.000000   9.91 0.000   0.70 0.000 9.999 0.259000 9.99 0.259000 0.150 0.000000  0.572 0.000  0.801 0.000 99.99 0.259000   5.456 0.000   1.211 0.000   4.245 0.000 0.019 0.000  0.685 0.000000
285.208333 286.208333  0.686 0.000000  58.24 0.000   1.99 0.000 9.999 0.259000 9.99 0.259000 0.453 0.000000  1.599 0.000  2.238 0.000 99.99 0.259000  16.550 0.000   9.931 0.000   6.619 0.000 0.057 0.000  0.636 0.000000
288.208333 289.208333  1.719 0.000000  36.61 0.000   1.16 0.000 9.999 0.259000 9.99 0.259000 0.040 0.000000  3.055 0.000  4.276 0.000 99.99 0.259000  20.334 0.000   5.483 0.000  14.851 0.000 0.089 0.000  1.998 0.000000
291.208333 292.208333  3.041 0.000000  30.02 0.000   1.61 0.000 9.999 0.259000 9.99 0.259000 0.336 0.000000  2.001 0.000  2.801 0.000 99.99 0.259000  22.164 0.000   1.942 0.000  20.221 0.000 0.051 0.000  3.542 0.000000
294.208333 295.208333  3.126 0.559000  38.67 0.000   2.68 0.000 9.999 0.259000 9.99 0.259000 0.133 0.559000  3.785 0.000  5.299 0.000 99.99 0.259000  28.464 0.000   5.152 0.000  23.311 0.000 0.074 0.000  3.550 0.559000
297.208333 298.208333  1.879 0.000000  28.13 0.000   2.10 0.000 9.999 0.259000 9.99 0.259000 0.198 0.000000  2.305 0.000  3.227 0.000 99.99 0.259000  18.574 0.000   4.040 0.000  14.534 0.000 0.055 0.000  2.100 0.000000
300.208333 301.208333  3.105 0.394000  27.63 0.394   1.71 0.394 9.999 0.394259 9.99 0.394259 0.106 0.394000  2.870 0.000  4.018 0.000 99.99 0.394259  30.573 0.000   4.235 0.000  26.338 0.000 0.050 0.394  4.690 0.394000
303.208333 304.208333  0.240 0.000000  18.07 0.000   1.39 0.000 9.999 0.259000 9.99 0.259000 0.092 0.000000  0.473 0.000  0.662 0.000 99.99 0.259000   6.024 0.000   3.228 0.000   2.796 0.000 0.020 0.000  0.287 0.000000
306.208333 307.208333  0.145 0.000000  18.56 0.000   0.67 0.000 9.999 0.259000 9.99 0.259000 0.055 0.000000  0.565 0.000  0.792 0.000 99.99 0.259000   4.382 0.000   2.439 0.000   1.942 0.000 0.018 0.000  0.345 0.000000
309.208333 310.208333  0.766 0.000000  24.01 0.000   1.60 0.000 9.999 0.259000 9.99 0.259000 0.606 0.000000  0.849 0.000  1.189 0.000 99.99 0.259000   9.177 0.000   2.808 0.000   6.368 0.000 0.029 0.000  1.055 0.000000
312.208333 313.208333  1.217 0.000000  14.33 0.000   0.79 0.000 9.999 0.259000 9.99 0.259000 0.164 0.000000  7.139 0.000  9.995 0.000 99.99 0.259000  22.363 0.000   2.106 0.000  20.257 0.000 0.070 0.000  1.559 0.000000
315.208333 316.208333  0.768 0.394000  10.65 0.394   1.34 0.394 0.025 0.394000 9.99 0.394259 0.158 0.394000  0.780 0.000  1.093 0.000 99.99 0.394259   5.922 0.000   0.770 0.000   5.152 0.000 0.022 0.394  0.788 0.394000
318.208333 319.208333  1.326 0.000000  14.22 0.000   1.30 0.000 9.999 0.259000 9.99 0.259000 0.465 0.000000  1.507 0.000  2.110 0.000 99.99 0.259000  11.615 0.000   1.855 0.000   9.760 0.000 0.037 0.000  1.139 0.000000
321.208333 322.208333  0.931 0.000000  12.27 0.000   1.24 0.000 9.999 0.259000 9.99 0.259000 0.260 0.000000  0.976 0.000  1.367 0.000 99.99 0.259000   8.158 0.000   1.711 0.000   6.446 0.000 0.026 0.000  0.919 0.000000
324.208333 325.208333  0.858 0.000000  11.27 0.000   1.07 0.000 9.999 0.259000 9.99 0.259000 0.362 0.000000  1.043 0.000  1.461 0.000 99.99 0.259000   8.241 0.000   2.092 0.000   6.149 0.000 0.034 0.000  0.656 0.000000
327.208333 328.208333  0.863 0.000000  18.95 0.000   1.48 0.000 9.999 0.259000 9.99 0.259000 0.527 0.000000  0.662 0.000  0.926 0.000 99.99 0.259000 999.999 0.456 999.999 0.999   6.406 0.000 0.035 0.000  0.556 0.000000
330.208333 331.208333  0.250 0.000000   1.66 0.000   0.28 0.000 9.999 0.259000 9.99 0.259000 0.126 0.000000  0.302 0.000  0.423 0.000 99.99 0.259000 999.999 0.456 999.999 0.999   1.796 0.000 0.017 0.000  0.342 0.000000
333.208333 334.208333  0.345 0.000000  10.06 0.000   1.15 0.000 9.999 0.259000 9.99 0.259000 0.136 0.000000  0.651 0.000  0.912 0.000 99.99 0.259000   4.657 0.000   1.756 0.000   2.901 0.000 0.023 0.000  0.311 0.000000
336.208333 337.208333  0.697 0.000000   8.63 0.000   1.71 0.000 0.026 0.000000 9.99 0.259000 0.333 0.000000  0.733 0.000  1.026 0.000 99.99 0.259000   5.637 0.000   1.686 0.000   3.951 0.000 0.018 0.000  0.615 0.000000
339.208333 340.208333  0.760 0.000000  11.94 0.000   2.06 0.000 9.999 0.259000 9.99 0.259000 0.239 0.000000  0.874 0.000  1.224 0.000 99.99 0.259000   6.731 0.000   1.543 0.000   5.189 0.000 0.027 0.000  0.668 0.000000
342.208333 343.208333  0.977 0.000000  16.66 0.000   2.56 0.000 9.999 0.259000 9.99 0.259000 0.482 0.000000  1.087 0.000  1.521 0.000 99.99 0.259000   9.162 0.000   1.918 0.000   7.244 0.000 0.036 0.000  0.647 0.000000
345.208333 346.208333  0.933 0.000000  11.45 0.000   1.42 0.000 9.999 0.259000 0.24 0.000000 0.121 0.000000  1.532 0.000  2.145 0.000 99.99 0.259000   9.789 0.000   0.271 0.000   9.519 0.000 0.042 0.000  1.469 0.000000
348.208333 349.208333  0.349 0.000000   1.97 0.000 999.99 0.259 9.999 0.259000 0.13 0.000000 0.104 0.000000  0.315 0.000  0.441 0.000 99.99 0.259000   3.199 0.000   1.069 0.000   2.130 0.000 0.011 0.000  0.357 0.000000
351.208333 352.208333  0.511 0.000000  13.67 0.000   1.50 0.000 9.999 0.259000 9.99 0.259000 0.143 0.000000  0.557 0.000  0.780 0.000 99.99 0.259000   5.261 0.000   1.076 0.000   4.185 0.000 0.022 0.000  0.503 0.000000
354.208333 355.208333  1.120 0.559000  18.81 0.000   2.75 0.000 9.999 0.259000 9.99 0.259000 0.494 0.559000  0.826 0.000  1.156 0.000 99.99 0.259000   8.497 0.000   0.606 0.000   7.891 0.000 0.030 0.000  0.867 0.559000
357.208333 358.208333  0.543 0.000000  13.50 0.000   1.26 0.000 9.999 0.259000 9.99 0.259000 0.232 0.000000  0.551 0.000  0.772 0.000 99.99 0.259000   5.305 0.000   1.076 0.000   4.230 0.000 0.024 0.000  0.495 0.000000
360.208333 361.208333  0.456 0.000000  10.68 0.000   1.08 0.000 9.999 0.259000 0.19 0.000000 0.230 0.000000  0.503 0.000  0.704 0.000 99.99 0.259000   4.996 0.000   1.366 0.000   3.631 0.000 0.018 0.000  0.374 0.000000
363.208333 364.208333  0.092 0.000000   3.05 0.000   0.42 0.000 9.999 0.259000 0.10 0.000000 0.025 0.000000  0.239 0.000  0.335 0.000 99.99 0.259000   1.704 0.000   0.735 0.000   0.970 0.000 0.004 0.000  0.093 0.000000
