scripts/IMPROVE-2019_partial/data/US4828R.19900103050000.20191216000000.filterpack...1y.3d.US03L_filterpack_US4828.US03L_IMPROVE_Davis.lev2.nas
52 1001
MISSING INFORMATION
US03L, IMPROVE, , , , , , , 
MISSING INFORMATION
IMPROVE sel_HTAP
1 1
1990 01 01 2019 12 16
0
days from file reference point
5
1 1 1 1 1
999.999999 999.999 9.999 999.999 9.999999
end_time of measurement, days from the file reference point
pm10_mass, ug/m3, Matrix=pm10
numflag pm10_mass, no unit, Matrix=pm10
pm25_mass, ug/m3, Matrix=pm25
numflag pm25_mass, no unit, Matrix=pm25
0
33
Data definition:              EBAS_1.1
Set type code:                TI
Timezone:                     UTC
File name:                    US4828R.19900103050000.20191216000000.filterpack...1y.3d.US03L_filterpack_US4828.US03L_IMPROVE_Davis.lev2.nas
File creation:                20191218120453
Startdate:                    19900103050000
Revision date:                20191216000000
Version:                      2
Version description:          "Data extracted from http://views.cira.colostate.edu/fed/DataWizard 2019-12-16"
Statistics:                   arithmetic mean
Data level:                   2
Period code:                  1y
Resolution code:              3d
Sample duration:              1d
Orig. time res.:              3d
Station code:                 US4828R
Platform code:                US4828S
Station name:                 Shenandoah National Park-Big Meadows (VA28)
Station latitude:             38.5225
Station longitude:            -78.4358
Station altitude:             1074.0 m
Regime:                       IMG
Component:                    
Unit:                         ug/m3
Matrix:                       
Laboratory code:              US03L
Instrument type:              filterpack
Instrument name:              filterpack_US4828
Method ref:                   US03L_IMPROVE_Davis
Blank correction:             Blank corrected
Volume std. temperature:      ambient
Volume std. pressure:         ambient
starttime endtime PM10 flag_PM10 PM2.5 flag_PM2.5
  2.208333   3.208333   4.715 0.000   2.516 0.000000
  5.208333   6.208333   9.308 0.000   6.804 0.000000
  9.208333  10.208333   6.783 0.000   5.204 0.000000
 12.208333  13.208333   5.930 0.000   4.087 0.000000
 16.208333  17.208333  16.475 0.000   7.994 0.000000
 19.208333  20.208333  10.891 0.000   8.903 0.000000
 23.208333  24.208333  11.069 0.000   7.778 0.000000
 26.208333  27.208333   6.525 0.000   3.836 0.000000
 30.208333  31.208333 999.999 0.999   8.758 0.000000
 33.208333  34.208333  16.450 0.000   5.556 0.000000
 37.208333  38.208333   9.623 0.000   7.457 0.000000
 40.208333  41.208333   6.298 0.000   4.135 0.000000
 44.208333  45.208333  15.346 0.000  10.359 0.000000
 47.208333  48.208333   9.769 0.000   7.331 0.000000
 51.208333  52.208333   9.583 0.000   7.097 0.000000
 54.208333  55.208333 999.999 0.999   3.458 0.000000
 58.208333  59.208333  21.863 0.000  10.541 0.000000
 61.208333  62.208333  12.319 0.000   8.397 0.000000
 65.208333  66.208333  10.368 0.000   6.006 0.000000
 68.208333  69.208333  18.104 0.000  13.158 0.000000
 72.208333  73.208333  15.742 0.000   9.708 0.000000
 75.208333  76.208333   5.573 0.000   3.269 0.000000
 79.208333  80.208333  11.245 0.000   7.516 0.000000
 82.208333  83.208333   9.611 0.000   7.774 0.000000
 86.208333  87.208333  14.086 0.000   9.161 0.000000
 89.208333  90.208333 999.999 0.999   5.597 0.000000
 93.208333  94.208333   6.897 0.000   4.735 0.000000
 96.208333  97.208333   9.004 0.000   7.148 0.000000
100.208333 101.208333   7.290 0.000   6.135 0.000000
103.208333 104.208333  18.224 0.000  13.344 0.000000
107.208333 108.208333  11.236 0.000   6.839 0.000000
110.208333 111.208333  12.765 0.000   9.577 0.000000
114.208333 115.208333  35.741 0.000  27.370 0.000000
117.208333 118.208333  25.462 0.000  15.994 0.000000
121.208333 122.208333  21.165 0.000  11.046 0.000000
124.208333 125.208333  12.357 0.000   9.458 0.000000
128.208333 129.208333  16.031 0.000  11.424 0.000000
131.208333 132.208333  14.208 0.000   9.414 0.000000
135.208333 136.208333  29.883 0.000  23.489 0.000000
138.208333 139.208333  18.504 0.000  11.415 0.000000
142.208333 143.208333  10.775 0.000   7.957 0.000000
145.208333 146.208333  17.882 0.000  14.708 0.000000
149.208333 150.208333  11.197 0.000   7.117 0.000000
152.208333 153.208333  28.610 0.000  21.687 0.000000
156.208333 157.208333  27.045 0.000  20.366 0.000000
159.208333 160.208333  17.287 0.000  13.758 0.000000
163.208333 164.208333  15.114 0.000   8.614 0.000000
166.208333 167.208333  29.766 0.000  24.116 0.000000
170.208333 171.208333  21.038 0.000  14.713 0.000000
173.208333 174.208333  18.385 0.000   9.483 0.000000
177.208333 178.208333  35.720 0.000  26.495 0.000000
180.208333 181.208333  35.341 0.000  27.429 0.000000
184.208333 185.208333  32.617 0.000  23.515 0.000000
187.208333 188.208333  33.516 0.000  21.152 0.000000
191.208333 192.208333  33.541 0.000  24.863 0.000000
194.208333 195.208333   4.173 0.000   2.985 0.000000
198.208333 199.208333  46.941 0.000 999.999 0.999000
201.208333 202.208333  27.262 0.000  19.698 0.000000
205.208333 206.208333  28.543 0.000  25.921 0.000000
208.208333 209.208333  54.134 0.000  19.177 0.000000
212.208333 213.208333  18.692 0.000  12.689 0.000000
215.208333 216.208333  43.385 0.000  34.204 0.000000
219.208333 220.208333  25.361 0.000  24.681 0.000000
222.208333 223.208333  43.808 0.000  23.866 0.000000
226.208333 227.208333  24.695 0.000  23.689 0.000000
229.208333 230.208333  49.575 0.000  38.667 0.000000
233.208333 234.208333 999.999 0.999   5.923 0.000000
236.208333 237.208333  17.962 0.000  11.910 0.000000
240.208333 241.208333  31.412 0.000  30.183 0.000000
243.208333 244.208333  34.688 0.000  16.220 0.559000
247.208333 248.208333  42.366 0.000  27.683 0.559000
250.208333 251.208333  14.506 0.000 999.999 0.559259
254.208333 255.208333  36.473 0.000  25.262 0.559000
257.208333 258.208333  45.961 0.000 999.999 0.559259
261.208333 262.208333  21.418 0.000  17.846 0.559000
264.208333 265.208333  15.814 0.000  12.599 0.559000
268.208333 269.208333  22.179 0.000  17.395 0.559000
271.208333 272.208333 999.999 0.999 999.999 0.999000
275.208333 276.208333 999.999 0.999 999.999 0.999000
278.208333 279.208333  17.048 0.000   8.213 0.559000
282.208333 283.208333  11.493 0.000   5.688 0.559000
285.208333 286.208333 999.999 0.999  11.804 0.559000
289.208333 290.208333  22.724 0.000  14.830 0.559000
292.208333 293.208333  12.634 0.000  11.815 0.559000
296.208333 297.208333  34.721 0.000  10.216 0.559000
299.208333 300.208333  18.421 0.000   4.784 0.559000
303.208333 304.208333  17.547 0.000  12.765 0.559000
306.208333 307.208333  18.302 0.000  11.521 0.559000
310.208333 311.208333   8.906 0.000   6.478 0.559000
313.208333 314.208333  10.687 0.000   6.469 0.559000
317.208333 318.208333   8.327 0.000   5.232 0.559000
320.208333 321.208333  11.391 0.000   6.842 0.559000
324.208333 325.208333  15.682 0.000  10.599 0.559000
327.208333 328.208333   8.352 0.000   2.545 0.559000
331.208333 332.208333 999.999 0.999   6.783 0.559000
334.208333 335.208333   8.929 0.000 999.999 0.559259
338.208333 339.208333   5.577 0.000   4.214 0.559000
341.208333 342.208333  12.385 0.000   8.469 0.559000
345.208333 346.208333  13.258 0.000   9.679 0.559000
348.208333 349.208333   8.084 0.000 999.999 0.559259
352.208333 353.208333 999.999 0.999 999.999 0.999000
355.208333 356.208333   7.588 0.000   6.699 0.559000
359.208333 360.208333 999.999 0.999 999.999 0.999000
362.208333 363.208333   5.753 0.000   3.460 0.559000
