scripts/IMPROVE-2019_partial/data/US4828R.19920101050000.20191216000000.filterpack...1y.3d.US03L_filterpack_US4828.US03L_IMPROVE_Davis.lev2.nas
52 1001
MISSING INFORMATION
US03L, IMPROVE, , , , , , , 
MISSING INFORMATION
IMPROVE sel_HTAP
1 1
1992 01 01 2019 12 16
0
days from file reference point
5
1 1 1 1 1
999.999999 999.999 9.999 999.999 9.999
end_time of measurement, days from the file reference point
pm10_mass, ug/m3, Matrix=pm10
numflag pm10_mass, no unit, Matrix=pm10
pm25_mass, ug/m3, Matrix=pm25
numflag pm25_mass, no unit, Matrix=pm25
0
33
Data definition:              EBAS_1.1
Set type code:                TI
Timezone:                     UTC
File name:                    US4828R.19920101050000.20191216000000.filterpack...1y.3d.US03L_filterpack_US4828.US03L_IMPROVE_Davis.lev2.nas
File creation:                20191218120453
Startdate:                    19920101050000
Revision date:                20191216000000
Version:                      2
Version description:          "Data extracted from http://views.cira.colostate.edu/fed/DataWizard 2019-12-16"
Statistics:                   arithmetic mean
Data level:                   2
Period code:                  1y
Resolution code:              3d
Sample duration:              1d
Orig. time res.:              3d
Station code:                 US4828R
Platform code:                US4828S
Station name:                 Shenandoah National Park-Big Meadows (VA28)
Station latitude:             38.5225
Station longitude:            -78.4358
Station altitude:             1074.0 m
Regime:                       IMG
Component:                    
Unit:                         ug/m3
Matrix:                       
Laboratory code:              US03L
Instrument type:              filterpack
Instrument name:              filterpack_US4828
Method ref:                   US03L_IMPROVE_Davis
Blank correction:             Blank corrected
Volume std. temperature:      ambient
Volume std. pressure:         ambient
starttime endtime PM10 flag_PM10 PM2.5 flag_PM2.5
  0.208333   1.208333   9.007 0.000   3.019 0.559
  3.208333   4.208333   4.124 0.000   0.531 0.559
  7.208333   8.208333  18.030 0.000  10.356 0.559
 10.208333  11.208333   7.883 0.000   5.145 0.559
 14.208333  15.208333   5.661 0.000   4.416 0.559
 17.208333  18.208333  10.216 0.000   2.934 0.559
 21.208333  22.208333 999.999 0.999   9.902 0.559
 24.208333  25.208333   6.335 0.000   4.268 0.559
 28.208333  29.208333  20.580 0.000  14.262 0.559
 31.208333  32.208333  12.597 0.000   7.050 0.559
 35.208333  36.208333   7.621 0.000   6.065 0.559
 38.208333  39.208333  14.190 0.000  12.148 0.559
 42.208333  43.208333  13.511 0.000   5.521 0.559
 45.208333  46.208333  10.365 0.000   5.799 0.559
 49.208333  50.208333   9.354 0.000   6.304 0.559
 52.208333  53.208333  21.643 0.000   8.889 0.559
 56.208333  57.208333   9.247 0.000   5.309 0.559
 59.208333  60.208333   5.845 0.000   3.446 0.000
 63.208333  64.208333  35.556 0.000  22.233 0.000
 66.208333  67.208333   5.596 0.000   2.755 0.000
 70.208333  71.208333   4.386 0.000   3.270 0.000
 73.208333  74.208333  14.380 0.000  10.064 0.000
 77.208333  78.208333  17.770 0.000  12.226 0.000
 80.208333  81.208333  11.189 0.000   8.742 0.000
 84.208333  85.208333  14.949 0.000  11.258 0.000
 87.208333  88.208333  14.155 0.000   6.349 0.000
 91.208333  92.208333  13.662 0.000  10.531 0.000
 94.208333  95.208333  14.317 0.000   9.091 0.000
 98.208333  99.208333  17.595 0.000  12.286 0.000
101.208333 102.208333  18.092 0.000  14.031 0.000
105.208333 106.208333  18.833 0.000  12.077 0.000
108.208333 109.208333  14.033 0.000  11.111 0.000
112.208333 113.208333  11.250 0.000   6.082 0.000
115.208333 116.208333  12.197 0.000   9.714 0.000
119.208333 120.208333  13.816 0.000   9.274 0.000
122.208333 123.208333  28.179 0.000  11.238 0.000
126.208333 127.208333  10.997 0.000   6.043 0.000
129.208333 130.208333   6.645 0.000   4.067 0.000
133.208333 134.208333  22.021 0.000  16.460 0.000
136.208333 137.208333  16.866 0.000  12.400 0.000
140.208333 141.208333 999.999 0.999   5.298 0.000
143.208333 144.208333  37.169 0.000  31.006 0.000
147.208333 148.208333  22.825 0.000  15.312 0.000
150.208333 151.208333   5.469 0.000   2.500 0.000
154.208333 155.208333 999.999 0.999  19.036 0.000
157.208333 158.208333  24.261 0.000  14.667 0.000
161.208333 162.208333  18.166 0.000  12.123 0.000
164.208333 165.208333  17.551 0.000  11.662 0.000
168.208333 169.208333  20.610 0.000  12.599 0.000
171.208333 172.208333  22.847 0.000  18.954 0.000
175.208333 176.208333  23.913 0.000  20.736 0.000
178.208333 179.208333  25.728 0.000  21.531 0.000
182.208333 183.208333 999.999 0.999  32.226 0.000
185.208333 186.208333  22.116 0.000  14.908 0.000
189.208333 190.208333  32.780 0.000  24.709 0.000
192.208333 193.208333  33.492 0.000  23.127 0.000
196.208333 197.208333  25.090 0.000  16.152 0.000
199.208333 200.208333  18.720 0.000  13.343 0.000
203.208333 204.208333  19.897 0.000  18.673 0.000
206.208333 207.208333  14.190 0.000  13.364 0.000
210.208333 211.208333  26.355 0.000  19.233 0.000
213.208333 214.208333  15.361 0.000   8.742 0.000
217.208333 218.208333  17.937 0.000  13.689 0.000
220.208333 221.208333  32.500 0.000  30.788 0.000
224.208333 225.208333  13.003 0.000  10.000 0.000
227.208333 228.208333   3.228 0.000   1.799 0.000
231.208333 232.208333  51.171 0.000  40.808 0.000
234.208333 235.208333  42.921 0.000  37.764 0.000
238.208333 239.208333  48.841 0.000  47.678 0.000
241.208333 242.208333   9.514 0.000   6.402 0.000
245.208333 246.208333  32.102 0.000  25.340 0.000
248.208333 249.208333 999.999 0.999  35.247 0.000
252.208333 253.208333  21.993 0.000  19.235 0.000
255.208333 256.208333  10.000 0.000   6.300 0.000
259.208333 260.208333  34.831 0.000  29.450 0.000
262.208333 263.208333  18.176 0.000  14.098 0.000
266.208333 267.208333   7.021 0.000   4.330 0.000
269.208333 270.208333   3.664 0.000   1.517 0.000
273.208333 274.208333   8.829 0.000   5.919 0.000
276.208333 277.208333   9.770 0.000   6.698 0.000
280.208333 281.208333   9.903 0.000   7.059 0.000
283.208333 284.208333  14.984 0.000   9.845 0.000
287.208333 288.208333  16.051 0.000   7.548 0.000
290.208333 291.208333  13.506 0.000  10.032 0.000
294.208333 295.208333  20.997 0.000  14.377 0.000
297.208333 298.208333  20.669 0.000  16.450 0.000
301.208333 302.208333  22.032 0.000  17.714 0.000
304.208333 305.208333   7.086 0.000   6.852 0.000
308.208333 309.208333  12.778 0.000   6.834 0.000
311.208333 312.208333  11.000 0.000   9.905 0.000
315.208333 316.208333   9.245 0.000   7.350 0.000
318.208333 319.208333   9.731 0.000   4.196 0.000
322.208333 323.208333  17.557 0.000  12.308 0.000
325.208333 326.208333  25.120 0.000   4.277 0.000
329.208333 330.208333   4.314 0.000   3.023 0.000
332.208333 333.208333  13.821 0.000  10.032 0.000
336.208333 337.208333   7.600 0.000   5.570 0.000
339.208333 340.208333   8.114 0.000   5.765 0.000
343.208333 344.208333  11.628 0.000  10.161 0.000
346.208333 347.208333   3.518 0.000   2.799 0.000
350.208333 351.208333   5.327 0.000   2.656 0.000
353.208333 354.208333  12.400 0.000  11.931 0.000
357.208333 358.208333   7.258 0.000   4.219 0.000
360.208333 361.208333   9.184 0.000   4.562 0.000
364.208333 365.208333   4.281 0.000   2.640 0.000
