scripts/IMPROVE-2019_partial/data/US4828R.20020102050000.20191216000000.filterpack..pm25.52w.1w.US03L_filterpack_US4828.US03L_IMPROVE_Davis.lev2.nas
66 1001
MISSING INFORMATION
US03L, IMPROVE, , , , , , , 
MISSING INFORMATION
IMPROVE sel_HTAP
1 1
2002 01 01 2019 12 16
3.000000
days from file reference point
27
1 1 1 1 1 1 1 1 1 1 1 1 1 1 1 1 1 1 1 1 1 1 1 1 1 1 1
999.999999 99.999 9.999 9999.99 9.999 99.99 9.999 9.999 9.999999 99.99 9.999 9.999 9.999 999.999 9.999 999.999 9.999 999.999 9.999 999.999 9.999 999.999 9.999 9.999 9.999 99.999 9.999
end_time of measurement, days from the file reference point
ammonium, ug N/m3, Revision date=20181210133000
numflag ammonium, no unit, Revision date=20181210133000
iron, ng/m3, Revision date=20181210133000
numflag iron, no unit, Revision date=20181210133000
lead, ng/m3, Revision date=20181210133000
numflag lead, no unit, Revision date=20181210133000
magnesium, ug/m3, Revision date=20181210133000
numflag magnesium, no unit, Revision date=20181210133000
nickel, ng/m3, Revision date=20181210133000
numflag nickel, no unit, Revision date=20181210133000
nitrate, ug N/m3, Revision date=20181210133000
numflag nitrate, no unit, Revision date=20181210133000
organic_carbon, ug C/m3, Revision date=20181210133000
numflag organic_carbon, no unit, Revision date=20181210133000
organic_mass, ug/m3, Revision date=20181210133000
numflag organic_mass, no unit, Revision date=20181210133000
pm10_mass, ug/m3, Version=2, Version description=Data extracted from http://views.cira.colostate.edu/fed/DataWizard 2019-12-16, Sample duration=1d, Orig. time res.=3d, Matrix=pm10, Blank correction=Blank corrected, Volume std. temperature=ambient, Volume std. pressure=ambient
numflag pm10_mass, no unit, Version=2, Version description=Data extracted from http://views.cira.colostate.edu/fed/DataWizard 2019-12-16, Sample duration=1d, Orig. time res.=3d, Matrix=pm10, Blank correction=Blank corrected, Volume std. temperature=ambient, Volume std. pressure=ambient
pm10_pm25_mass, ug/m3, Revision date=20181210133000, Matrix=pm10_pm25
numflag pm10_pm25_mass, no unit, Revision date=20181210133000, Matrix=pm10_pm25
pm25_mass, ug/m3, Version=2, Version description=Data extracted from http://views.cira.colostate.edu/fed/DataWizard 2019-12-16, Sample duration=1d, Orig. time res.=3d, Blank correction=Blank corrected, Volume std. temperature=ambient, Volume std. pressure=ambient
numflag pm25_mass, no unit, Version=2, Version description=Data extracted from http://views.cira.colostate.edu/fed/DataWizard 2019-12-16, Sample duration=1d, Orig. time res.=3d, Blank correction=Blank corrected, Volume std. temperature=ambient, Volume std. pressure=ambient
potassium, ug/m3, Revision date=20181210133000
numflag potassium, no unit, Revision date=20181210133000
sulphate_total, ug S/m3, Revision date=20181210133000
numflag sulphate_total, no unit, Revision date=20181210133000
0
25
Data definition:              EBAS_1.1
Set type code:                TU
Timezone:                     UTC
File name:                    US4828R.20020102050000.20191216000000.filterpack..pm25.52w.1w.US03L_filterpack_US4828.US03L_IMPROVE_Davis.lev2.nas
File creation:                20191218120454
Startdate:                    20020102050000
Revision date:                20191216000000
Statistics:                   arithmetic mean
Data level:                   2
Period code:                  52w
Resolution code:              1w
Station code:                 US4828R
Platform code:                US4828S
Station name:                 Shenandoah National Park-Big Meadows (VA28)
Station latitude:             38.5225
Station longitude:            -78.4358
Station altitude:             1074.0 m
Regime:                       IMG
Component:                    
Matrix:                       pm25
Laboratory code:              US03L
Instrument type:              filterpack
Instrument name:              filterpack_US4828
Method ref:                   US03L_IMPROVE_Davis
starttime endtime NH4+ flag_NH4+ Fe flag_Fe Pb flag_Pb Mg++ flag_Mg++ Ni flag_Ni NO3- flag_NO3- OC flag_OC OM flag_OM PM10 flag_PM10 PM10-PM2.5 flag_PM10-PM2.5 PM2.5 flag_PM2.5 K+ flag_K+ SO4-- flag_SO4--
  1.208333   2.208333  0.949 0.000   10.61 0.000  1.52 0.000 0.089 0.000000 99.99 0.259 0.468 0.000   0.815 0.000   1.141 0.000   7.973 0.000   1.547 0.000   6.427 0.000 0.026 0.000  0.625 0.000
  4.208333   5.208333  0.232 0.000   11.96 0.000  1.26 0.000 9.999 0.259000 99.99 0.259 0.116 0.000   0.940 0.000   1.316 0.000   5.387 0.000   2.561 0.000   2.826 0.000 0.023 0.000  0.195 0.000
  7.208333   8.208333  0.656 0.000    7.03 0.000  1.39 0.000 9.999 0.259000 99.99 0.259 0.179 0.000   0.551 0.000   0.771 0.000   4.630 0.000   0.744 0.000   3.885 0.000 0.016 0.000  0.725 0.000
 10.208333  11.208333  0.854 0.000    7.64 0.000  1.20 0.000 9.999 0.259000 99.99 0.259 0.316 0.000   0.527 0.000   0.737 0.000   5.892 0.000   0.782 0.000   5.111 0.000 0.016 0.000  0.662 0.000
 13.208333  14.208333  0.279 0.000   10.14 0.000  0.97 0.000 9.999 0.259000 99.99 0.259 0.139 0.000   0.823 0.000   1.152 0.000   5.008 0.000   2.075 0.000   2.933 0.000 0.025 0.000  0.229 0.000
 16.208333  17.208333  0.744 0.000   17.60 0.000  2.54 0.000 9.999 0.259000  0.12 0.000 0.399 0.000   1.175 0.000   1.644 0.000   9.527 0.000   3.489 0.000   6.039 0.000 0.037 0.000  0.531 0.000
 19.208333  20.208333  1.004 0.000   16.03 0.000  3.50 0.000 9.999 0.259000 99.99 0.259 0.226 0.000   1.229 0.000   1.721 0.000   8.265 0.000   0.438 0.000   7.828 0.000 0.034 0.000  1.252 0.000
 22.208333  23.208333  0.259 0.000    8.00 0.000  1.29 0.000 9.999 0.259000 99.99 0.259 0.107 0.000   0.539 0.000   0.755 0.000   2.988 0.000   0.851 0.000   2.137 0.000 0.017 0.000  0.256 0.000
 25.208333  26.208333  0.152 0.000   13.18 0.000  1.41 0.000 9.999 0.259000 99.99 0.259 0.042 0.000   0.590 0.000   0.826 0.000   2.988 0.000   0.979 0.000   2.010 0.000 0.022 0.000  0.210 0.000
 28.208333  29.208333  1.231 0.000   20.69 0.000  1.79 0.000 9.999 0.259000 99.99 0.259 0.082 0.000   0.990 0.000   1.386 0.000  12.600 0.000   4.030 0.000   8.570 0.000 0.053 0.000  1.450 0.000
 31.208333  32.208333  0.661 0.000    8.90 0.000  0.75 0.000 9.999 0.259000  0.31 0.000 0.071 0.000   1.024 0.000   1.433 0.000   8.660 0.000   2.309 0.000   6.351 0.000 0.032 0.000  0.915 0.000
 34.208333  35.208333  0.702 0.000   10.77 0.000  1.08 0.000 9.999 0.259000 99.99 0.259 0.242 0.000   0.570 0.000   0.798 0.000   7.416 0.000   2.521 0.000   4.895 0.000 0.018 0.000  0.646 0.000
 37.208333  38.208333  0.454 0.000    4.38 0.000  1.03 0.000 9.999 0.259000 99.99 0.259 0.114 0.000   0.316 0.000   0.443 0.000   3.662 0.000   0.668 0.000   2.993 0.000 0.011 0.000  0.482 0.000
 40.208333  41.208333  0.544 0.000    6.85 0.000  1.17 0.000 9.999 0.259000  0.39 0.000 0.205 0.000   0.489 0.000   0.685 0.000   5.976 0.000   1.127 0.000   4.849 0.000 0.015 0.000  0.798 0.000
 43.208333  44.208333  0.876 0.000   12.46 0.000  1.10 0.000 9.999 0.259000 99.99 0.259 0.374 0.000   0.354 0.000   0.496 0.000   7.200 0.000   1.886 0.000   5.314 0.000 0.014 0.000  0.633 0.000
 46.208333  47.208333  0.945 0.000   21.37 0.000  1.65 0.000 9.999 0.259000 99.99 0.259 0.428 0.000   1.789 0.000   2.504 0.000  11.700 0.000   3.764 0.000   7.936 0.000 0.038 0.000  0.690 0.000
 49.208333  50.208333  0.233 0.000   19.14 0.000  1.37 0.000 9.999 0.259000 99.99 0.259 0.098 0.000   0.875 0.000   1.224 0.000   5.522 0.000   2.287 0.000   3.235 0.000 0.033 0.000  0.223 0.000
 52.208333  53.208333  1.344 0.000    9.55 0.000  1.20 0.000 0.108 0.000000 99.99 0.259 0.321 0.000   0.649 0.000   0.909 0.000   9.527 0.000   2.822 0.000   6.705 0.000 0.015 0.000  1.242 0.000
 55.208333  56.208333  1.214 0.000   33.22 0.000  2.25 0.000 9.999 0.259000 99.99 0.259 0.196 0.000   1.781 0.000   2.493 0.000  12.374 0.000   2.874 0.000   9.500 0.000 0.045 0.000  1.280 0.000
 58.208333  59.208333  1.483 0.559   17.03 0.000  1.61 0.000 9.999 0.259000 99.99 0.259 0.693 0.559  13.744 0.000  19.241 0.000  30.946 0.000   4.583 0.000  26.363 0.000 0.052 0.000  0.933 0.559
 61.208333  62.208333  0.566 0.000    7.77 0.000  0.91 0.000 9.999 0.259000 99.99 0.259 0.094 0.000   0.483 0.000   0.676 0.000   4.476 0.000   1.034 0.000   3.442 0.000 0.013 0.000  0.588 0.000
 64.208333  65.208333  0.699 0.000   22.22 0.000  1.32 0.000 9.999 0.259000 99.99 0.259 0.366 0.000   1.106 0.000   1.548 0.000   8.291 0.000   2.628 0.000   5.663 0.000 0.038 0.000  0.511 0.000
 67.208333  68.208333  0.475 0.000    5.03 0.000  0.64 0.000 9.999 0.259000  0.18 0.000 0.070 0.000   0.774 0.000   1.084 0.000   5.406 0.000   1.505 0.000   3.901 0.000 0.017 0.000  0.562 0.000
 70.208333  71.208333  0.632 0.000   12.95 0.000  1.04 0.000 9.999 0.259000  0.26 0.000 0.225 0.000   1.425 0.000   1.994 0.000   8.591 0.000   2.764 0.000   5.828 0.000 0.030 0.000  0.560 0.000
 73.208333  74.208333  1.365 0.000   18.55 0.000  1.49 0.000 9.999 0.259000  0.32 0.000 0.156 0.000   2.069 0.000   2.896 0.000  15.005 0.000   2.032 0.000  12.973 0.000 0.041 0.000  1.648 0.000
 76.208333  77.208333  0.376 0.000   12.64 0.000  0.55 0.000 9.999 0.259000 99.99 0.259 0.054 0.000   0.295 0.000   0.413 0.000   4.518 0.000   1.327 0.000   3.192 0.000 0.016 0.000  0.431 0.000
 79.208333  80.208333  1.176 0.000   18.70 0.000  1.54 0.000 9.999 0.259000  0.29 0.000 0.146 0.000   0.408 0.000   0.571 0.000   9.962 0.000   1.747 0.000   8.215 0.000 0.016 0.000  1.690 0.000
 82.208333  83.208333  0.691 0.000   32.37 0.000  2.55 0.000 9.999 0.259000  0.15 0.000 0.213 0.000   1.496 0.000   2.095 0.000  10.315 0.000   3.820 0.000   6.495 0.000 0.058 0.000  0.695 0.000
 85.208333  86.208333  1.220 0.000    7.06 0.000  1.45 0.000 9.999 0.259000  0.24 0.000 0.282 0.000   0.500 0.000   0.700 0.000   7.580 0.000   0.817 0.000   6.763 0.000 0.012 0.000  1.293 0.000
 88.208333  89.208333  1.330 0.000   25.40 0.000  1.44 0.000 9.999 0.259000 99.99 0.259 0.191 0.000   2.100 0.000   2.941 0.000  13.931 0.000   2.317 0.000  11.614 0.000 0.045 0.000  1.441 0.000
 91.208333  92.208333  0.935 0.000   26.96 0.000  1.29 0.000 9.999 0.259000  0.41 0.000 0.089 0.000   0.974 0.000   1.363 0.000  10.337 0.000   2.960 0.000   7.377 0.000 0.027 0.000  1.044 0.000
 94.208333  95.208333  1.235 0.000   27.30 0.000  3.23 0.000 0.048 0.000000  0.46 0.000 0.305 0.000   0.839 0.000   1.175 0.000  10.036 0.000   2.487 0.000   7.548 0.000 0.024 0.000  1.233 0.000
 97.208333  98.208333  1.737 0.000   45.32 0.000  2.20 0.000 9.999 0.259000  0.34 0.000 0.242 0.000   1.760 0.000   2.465 0.000  18.993 0.000   6.049 0.000  12.943 0.000 0.055 0.000  1.874 0.000
100.208333 101.208333  1.226 0.000   32.64 0.000  2.05 0.000 9.999 0.259000  0.83 0.000 0.561 0.000   0.770 0.000   1.078 0.000  10.291 0.000   3.288 0.000   7.003 0.000 0.029 0.000  0.981 0.000
103.208333 104.208333  0.956 0.000   26.22 0.000  3.09 0.000 9.999 0.259000 99.99 0.259 0.156 0.000   0.993 0.000   1.390 0.000  11.781 0.000   3.635 0.000   8.146 0.000 0.037 0.000  1.328 0.000
106.208333 107.208333  1.673 0.000   34.61 0.000  0.97 0.000 9.999 0.259000  0.27 0.000 0.057 0.000   1.406 0.000   1.969 0.000  16.478 0.000   4.106 0.000  12.372 0.000 0.045 0.000  2.091 0.000
109.208333 110.208333  1.087 0.000   17.12 0.000  1.60 0.000 9.999 0.259000  0.20 0.000 0.119 0.000   0.882 0.000   1.234 0.000  10.105 0.000   1.565 0.000   8.540 0.000 0.038 0.000  1.442 0.000
112.208333 113.208333  1.085 0.000   16.07 0.000  1.60 0.000 9.999 0.259000 99.99 0.259 0.179 0.000   0.476 0.000   0.666 0.000   8.943 0.000   1.774 0.000   7.169 0.000 0.018 0.000  1.362 0.000
115.208333 116.208333  0.802 0.000   49.93 0.000  1.48 0.000 9.999 0.259000 99.99 0.259 0.390 0.000   1.071 0.000   1.499 0.000  14.646 0.000   8.385 0.000   6.262 0.000 0.051 0.000  0.683 0.000
118.208333 119.208333  0.811 0.000    6.00 0.000  1.08 0.000 9.999 0.259000 99.99 0.259 0.028 0.000   0.336 0.000   0.470 0.000   8.628 0.000   1.594 0.000   7.034 0.000 0.010 0.000  1.450 0.000
121.208333 122.208333 99.999 0.999 9999.99 0.999 99.99 0.999 9.999 0.999000 99.99 0.999 9.999 0.999 999.999 0.999 999.999 0.999 999.999 0.999 999.999 0.999 999.999 0.999 9.999 0.999 99.999 0.999
124.208333 125.208333 99.999 0.999 9999.99 0.999 99.99 0.999 9.999 0.999000 99.99 0.999 9.999 0.999 999.999 0.999 999.999 0.999 999.999 0.999 999.999 0.999 999.999 0.999 9.999 0.999 99.999 0.999
127.208333 128.208333  1.936 0.000   44.09 0.000  2.52 0.000 9.999 0.259000  0.38 0.000 0.174 0.000   0.926 0.000   1.296 0.000  19.015 0.000   3.286 0.000  15.729 0.000 0.042 0.000  2.820 0.000
130.208333 131.208333  0.814 0.000   43.38 0.000  2.31 0.000 9.999 0.259000  0.27 0.000 0.158 0.000   1.677 0.000   2.347 0.000  15.136 0.000   7.250 0.000   7.886 0.000 0.051 0.000  0.919 0.000
133.208333 134.208333  0.730 0.000   15.71 0.000  0.94 0.000 9.999 0.259000 99.99 0.259 0.043 0.000   0.644 0.000   0.902 0.000   8.709 0.000   3.173 0.000   5.535 0.000 0.021 0.000  0.892 0.000
136.208333 137.208333  1.808 0.000   45.12 0.000  1.62 0.000 9.999 0.259000  0.26 0.000 0.137 0.000   2.781 0.000   3.893 0.000  25.050 0.000   7.614 0.000  17.436 0.000 0.060 0.000  2.123 0.000
139.208333 140.208333  0.944 0.000   16.71 0.000  1.84 0.000 9.999 0.259000  0.27 0.000 0.129 0.000   0.867 0.000   1.213 0.000   8.965 0.000   2.291 0.000   6.674 0.000 0.020 0.000  1.167 0.000
142.208333 143.208333  0.971 0.559   23.81 0.000  1.72 0.000 9.999 0.259000 99.99 0.259 0.048 0.559   0.908 0.000   1.271 0.000  11.352 0.000   3.551 0.000   7.801 0.000 0.023 0.000  1.176 0.559
145.208333 146.208333  2.055 0.559   41.10 0.000  2.30 0.000 9.999 0.259000  0.49 0.000 0.170 0.559   2.481 0.000   3.474 0.000  24.140 0.000   4.316 0.000  19.824 0.000 0.054 0.000  2.537 0.559
148.208333 149.208333  2.098 0.000   31.95 0.000  1.51 0.000 9.999 0.259000  0.57 0.000 0.184 0.000   1.191 0.000   1.668 0.000  21.536 0.000   4.751 0.000  16.785 0.000 0.052 0.000  2.979 0.000
151.208333 152.208333  1.682 0.000   41.50 0.000  1.30 0.000 9.999 0.259000 99.99 0.259 0.092 0.000   1.210 0.000   1.694 0.000  24.884 0.000  10.699 0.000  14.186 0.000 0.040 0.000  2.195 0.000
154.208333 155.208333  1.646 0.000   46.89 0.000  1.56 0.000 9.999 0.259000  0.35 0.000 0.107 0.000   4.218 0.000   5.905 0.000  31.825 0.000   8.425 0.000  23.399 0.000 0.101 0.000  2.184 0.000
157.208333 158.208333  0.298 0.000    9.61 0.000  0.84 0.000 0.061 0.000000  0.34 0.000 0.068 0.000   0.524 0.000   0.734 0.000   5.822 0.000   2.042 0.000   3.780 0.000 0.013 0.000  0.400 0.000
160.208333 161.208333  2.702 0.000   30.52 0.000  1.94 0.000 9.999 0.259000  0.18 0.000 0.044 0.000   3.304 0.000   4.626 0.000  33.730 0.000   3.559 0.000  30.171 0.000 0.044 0.000  4.560 0.000
163.208333 164.208333  1.458 0.394   18.85 0.394  1.28 0.394 0.109 0.394000  0.25 0.394 0.061 0.394   1.275 0.000   1.784 0.000  17.868 0.000   3.963 0.000  13.905 0.000 0.056 0.394  2.440 0.394
166.208333 167.208333  1.050 0.000   15.93 0.000  1.32 0.000 9.999 0.259000 99.99 0.259 0.076 0.000   2.103 0.000   2.944 0.000  13.431 0.000   3.763 0.000   9.668 0.000 0.029 0.000  1.381 0.000
169.208333 170.208333  1.764 0.000   19.64 0.000  0.95 0.000 9.999 0.259000  0.34 0.000 0.154 0.000   3.258 0.000   4.561 0.000  23.636 0.000   5.068 0.000  18.568 0.000 0.078 0.000  2.498 0.000
172.208333 173.208333  1.120 0.000   18.16 0.000  1.11 0.000 9.999 0.259000  0.56 0.000 0.053 0.000   1.859 0.000   2.603 0.000  15.635 0.000   4.032 0.000  11.604 0.000 0.025 0.000  1.689 0.000
175.208333 176.208333  1.306 0.000   35.80 0.000  1.28 0.000 9.999 0.259000 99.99 0.259 0.048 0.000   4.125 0.000   5.774 0.000  23.559 0.000   4.306 0.000  19.253 0.000 0.027 0.000  2.074 0.000
178.208333 179.208333  0.860 0.000   12.15 0.000  0.98 0.000 9.999 0.259000 99.99 0.259 0.072 0.000   1.495 0.000   2.093 0.000  11.243 0.000   2.703 0.000   8.540 0.000 0.032 0.000  1.179 0.000
181.208333 182.208333  2.989 0.000   22.46 0.000  1.48 0.000 0.064 0.000000  0.27 0.000 0.040 0.000   5.097 0.000   7.136 0.000  35.756 0.000   4.103 0.000  31.652 0.000 0.057 0.000  4.337 0.000
184.208333 185.208333  2.719 0.000  383.85 0.000  2.27 0.000 9.999 0.259000  0.38 0.000 0.095 0.000   1.794 0.000   2.512 0.000  41.171 0.000  10.789 0.000  30.382 0.000 0.143 0.000  4.243 0.000
187.208333 188.208333  0.911 0.000   17.34 0.000  1.99 0.000 9.999 0.259000 99.99 0.259 0.050 0.000   5.437 0.000   7.612 0.000  20.668 0.000   3.396 0.000  17.272 0.000 0.088 0.000  1.278 0.000
190.208333 191.208333  1.855 0.000   24.91 0.000  1.24 0.000 9.999 0.259000  0.15 0.000 0.080 0.000   1.127 0.000   1.578 0.000  17.715 0.000   2.179 0.000  15.535 0.000 0.031 0.000  2.620 0.000
193.208333 194.208333  0.874 0.000   21.38 0.000  0.70 0.000 9.999 0.259000  0.29 0.000 0.091 0.000   1.695 0.000   2.373 0.000  14.344 0.000   2.789 0.000  11.554 0.000 0.021 0.000  1.267 0.000
196.208333 197.208333  3.702 0.000   40.09 0.000  2.80 0.000 0.099 0.000000 99.99 0.259 0.044 0.000   1.881 0.000   2.634 0.000  38.513 0.000   4.610 0.000  33.903 0.000 0.041 0.000  5.928 0.000
199.208333 200.208333  3.622 0.000   25.68 0.000  2.88 0.000 0.137 0.000000 99.99 0.259 0.031 0.000   0.870 0.000   1.218 0.000  33.606 0.000   1.530 0.000  32.077 0.000 0.025 0.000  6.321 0.000
202.208333 203.208333  3.023 0.000   34.35 0.000  1.87 0.000 9.999 0.259000  0.48 0.000 0.043 0.000   3.827 0.000   5.358 0.000  35.673 0.000   4.094 0.000  31.579 0.000 0.055 0.000  4.742 0.000
205.208333 206.208333  0.183 0.000    2.12 0.000  0.34 0.000 9.999 0.259000 99.99 0.259 0.072 0.000   0.302 0.000   0.423 0.000   3.992 0.000   1.488 0.000   2.504 0.000 0.005 0.000  0.321 0.000
208.208333 209.208333  1.097 0.000   16.66 0.000  0.64 0.000 9.999 0.259000 99.99 0.259 0.027 0.000   1.914 0.000   2.680 0.000  17.609 0.000   3.750 0.000  13.859 0.000 0.033 0.000  1.873 0.000
211.208333 212.208333  2.261 0.559   32.16 0.000  1.65 0.000 9.999 0.259000 99.99 0.259 0.041 0.559   1.083 0.000   1.516 0.000  24.471 0.000   2.736 0.000  21.735 0.000 0.027 0.000  3.844 0.559
214.208333 215.208333  2.006 0.000   33.33 0.000  1.29 0.000 0.057 0.000000  0.49 0.000 0.047 0.000   2.845 0.000   3.983 0.000  27.861 0.000   4.172 0.000  23.689 0.000 0.030 0.000  2.923 0.000
217.208333 218.208333  0.944 0.000   12.38 0.000  1.04 0.000 9.999 0.259000 99.99 0.259 0.094 0.000   1.457 0.000   2.040 0.000  15.002 0.000   4.263 0.000  10.738 0.000 0.023 0.000  1.544 0.000
220.208333 221.208333  0.285 0.000   15.89 0.000  3.70 0.000 9.999 0.259000 99.99 0.259 0.028 0.000   1.027 0.000   1.438 0.000   7.901 0.000   2.610 0.000   5.291 0.000 0.018 0.000  0.428 0.000
223.208333 224.208333  3.653 0.000   42.77 0.000  1.85 0.000 0.074 0.000000 99.99 0.259 0.035 0.000   3.851 0.000   5.392 0.000  39.338 0.000   4.467 0.000  34.871 0.000 0.045 0.000  5.491 0.000
226.208333 227.208333  0.955 0.000   29.27 0.000  0.78 0.000 9.999 0.259000  0.19 0.000 0.052 0.000   1.610 0.000   2.253 0.000  15.542 0.000   3.434 0.000  12.108 0.000 0.027 0.000  1.607 0.000
229.208333 230.208333  1.457 0.000   15.56 0.000  0.71 0.000 9.999 0.259000 99.99 0.259 0.042 0.000   1.074 0.000   1.504 0.000  15.088 0.000   2.391 0.000  12.697 0.000 0.029 0.000  2.267 0.000
232.208333 233.208333  2.309 0.000   37.60 0.000  2.02 0.000 9.999 0.259000  1.62 0.000 0.134 0.000   1.176 0.000   1.647 0.000  23.994 0.000   3.488 0.000  20.506 0.000 0.034 0.000  3.680 0.000
235.208333 236.208333  2.040 0.000   25.02 0.000  0.82 0.000 9.999 0.259000  0.41 0.000 0.071 0.000   1.380 0.000   1.932 0.000  21.081 0.000   2.433 0.000  18.648 0.000 0.037 0.000  3.338 0.000
238.208333 239.208333  2.143 0.000   29.84 0.000  2.15 0.000 9.999 0.259000  0.54 0.000 0.217 0.000   1.215 0.000   1.700 0.000  19.965 0.000   1.657 0.000  18.308 0.000 0.037 0.000  2.710 0.000
241.208333 242.208333 99.999 0.999 9999.99 0.999 99.99 0.999 9.999 0.999000 99.99 0.999 9.999 0.999 999.999 0.999 999.999 0.999 999.999 0.999 999.999 0.999 999.999 0.999 9.999 0.999 99.999 0.999
244.208333 245.208333  0.362 0.000    2.45 0.000  0.83 0.000 9.999 0.259000 99.99 0.259 0.118 0.000   0.460 0.000   0.644 0.000   5.704 0.000   2.188 0.000   3.517 0.000 0.009 0.000  0.461 0.000
