scripts/IMPROVE-2019_partial/data/US4828R.20160101050000.20191216000000.filterpack...52w.3d.US03L_filterpack_US4828.US03L_IMPROVE_Davis.lev2.nas
51 1001
MISSING INFORMATION
US03L, IMPROVE, , , , , , , 
MISSING INFORMATION
IMPROVE sel_HTAP
1 1
2016 01 01 2019 12 16
3.000000
days from file reference point
4
1 1 1 1
999.999999 999.999 999.999 9.999
end_time of measurement, days from the file reference point
pm10_mass, ug/m3, Matrix=pm10
pm25_mass, ug/m3, Matrix=pm25
numflag, no unit
0
33
Data definition:              EBAS_1.1
Set type code:                TU
Timezone:                     UTC
File name:                    US4828R.20160101050000.20191216000000.filterpack...52w.3d.US03L_filterpack_US4828.US03L_IMPROVE_Davis.lev2.nas
File creation:                20191218120457
Startdate:                    20160101050000
Revision date:                20191216000000
Version:                      2
Version description:          "Data extracted from http://views.cira.colostate.edu/fed/DataWizard 2019-12-16"
Statistics:                   arithmetic mean
Data level:                   2
Period code:                  52w
Resolution code:              3d
Sample duration:              1d
Orig. time res.:              3d
Station code:                 US4828R
Platform code:                US4828S
Station name:                 Shenandoah National Park-Big Meadows (VA28)
Station latitude:             38.5225
Station longitude:            -78.4358
Station altitude:             1074.0 m
Regime:                       IMG
Component:                    
Unit:                         ug/m3
Matrix:                       
Laboratory code:              US03L
Instrument type:              filterpack
Instrument name:              filterpack_US4828
Method ref:                   US03L_IMPROVE_Davis
Blank correction:             Blank corrected
Volume std. temperature:      ambient
Volume std. pressure:         ambient
starttime endtime PM10 PM2.5 flag
  0.208333   1.208333   4.453   3.093 0.000
  3.208333   4.208333   3.320   2.294 0.000
  6.208333   7.208333   1.285   0.773 0.000
  9.208333  10.208333   0.642   0.484 0.000
 12.208333  13.208333   3.941   2.184 0.000
 15.208333  16.208333   2.271   1.429 0.000
 18.208333  19.208333   8.437   4.355 0.000
 21.208333  22.208333   8.922   4.599 0.000
 24.208333  25.208333   4.610   1.928 0.000
 27.208333  28.208333 999.999 999.999 0.999
 30.208333  31.208333   7.030   3.979 0.000
 33.208333  34.208333   1.535   0.691 0.000
 36.208333  37.208333   3.038   2.082 0.000
 39.208333  40.208333   4.488   3.490 0.000
 42.208333  43.208333   7.179   5.049 0.000
 45.208333  46.208333   2.830   1.913 0.000
 48.208333  49.208333   6.681   4.763 0.000
 51.208333  52.208333  10.387   8.573 0.000
 54.208333  55.208333 999.999 999.999 0.999
 57.208333  58.208333   5.512   3.478 0.000
 60.208333  61.208333   8.479   4.019 0.000
 63.208333  64.208333   7.550   5.150 0.000
 66.208333  67.208333   5.324   3.159 0.000
 69.208333  70.208333  14.415   7.329 0.000
 72.208333  73.208333   9.130   5.646 0.000
 75.208333  76.208333 999.999 999.999 0.999
 78.208333  79.208333   3.314   1.628 0.000
 81.208333  82.208333   7.180   3.784 0.000
 84.208333  85.208333  11.228   6.424 0.000
 87.208333  88.208333   3.655   2.497 0.000
 90.208333  91.208333  10.161   4.803 0.000
 93.208333  94.208333   2.882   1.459 0.000
 96.208333  97.208333   7.406   3.455 0.000
 99.208333 100.208333   3.552   2.424 0.000
102.208333 103.208333   8.885   4.247 0.000
105.208333 106.208333   9.108   4.456 0.000
108.208333 109.208333  10.730   6.103 0.000
111.208333 112.208333  27.269  16.465 0.000
114.208333 115.208333   7.426   4.572 0.000
117.208333 118.208333   6.147   3.836 0.000
120.208333 121.208333   5.404   3.485 0.000
123.208333 124.208333   4.937   2.950 0.000
126.208333 127.208333   1.449   0.417 0.000
129.208333 130.208333  11.343   8.355 0.000
132.208333 133.208333  10.788   5.474 0.000
135.208333 136.208333   8.398   2.746 0.000
138.208333 139.208333  10.885   5.913 0.000
141.208333 142.208333 999.999 999.999 0.999
144.208333 145.208333  14.290   7.548 0.000
147.208333 148.208333  15.508  10.446 0.000
150.208333 151.208333   9.214   5.987 0.000
153.208333 154.208333  10.262   7.148 0.000
156.208333 157.208333   6.687   3.461 0.000
159.208333 160.208333  13.517   3.144 0.000
162.208333 163.208333  17.538   7.319 0.000
165.208333 166.208333  14.572   3.811 0.000
168.208333 169.208333   7.500   3.521 0.000
171.208333 172.208333  10.382   6.217 0.000
174.208333 175.208333   5.821   2.615 0.000
177.208333 178.208333  12.185   7.398 0.000
180.208333 181.208333   9.678   6.051 0.000
183.208333 184.208333   8.736   5.599 0.000
186.208333 187.208333   7.275   3.218 0.000
189.208333 190.208333  11.307   7.109 0.000
192.208333 193.208333   9.428   6.294 0.000
195.208333 196.208333  14.969   8.211 0.000
198.208333 199.208333  11.400   7.460 0.000
201.208333 202.208333  14.201   9.960 0.000
204.208333 205.208333  12.136   8.841 0.000
207.208333 208.208333  14.957  10.559 0.000
210.208333 211.208333   6.770   4.086 0.000
213.208333 214.208333  16.100  11.177 0.000
216.208333 217.208333   8.344   5.690 0.000
219.208333 220.208333   9.336   6.322 0.000
222.208333 223.208333  10.133   4.781 0.000
225.208333 226.208333   9.628   5.802 0.000
228.208333 229.208333  10.311   5.845 0.000
231.208333 232.208333  13.452   9.420 0.000
234.208333 235.208333   8.225   5.159 0.000
237.208333 238.208333  12.306   8.730 0.000
240.208333 241.208333  12.039   8.228 0.000
243.208333 244.208333  14.338  10.216 0.000
246.208333 247.208333   8.198   3.849 0.000
249.208333 250.208333  13.040   8.176 0.000
252.208333 253.208333  12.449   8.244 0.000
255.208333 256.208333   5.870   3.241 0.000
258.208333 259.208333   8.913   5.593 0.000
261.208333 262.208333   9.356   5.576 0.000
264.208333 265.208333  10.926   6.531 0.000
267.208333 268.208333  16.047  10.529 0.000
270.208333 271.208333   7.721   4.683 0.000
273.208333 274.208333   0.431   0.031 0.000
276.208333 277.208333   7.291   5.316 0.000
279.208333 280.208333   6.039   3.913 0.000
282.208333 283.208333   5.816   2.766 0.000
285.208333 286.208333   7.084   3.233 0.000
288.208333 289.208333   7.583   4.749 0.000
291.208333 292.208333  12.974   5.958 0.000
294.208333 295.208333   9.026   5.449 0.000
297.208333 298.208333  12.571   5.472 0.000
300.208333 301.208333  12.303   7.601 0.000
303.208333 304.208333  11.011   7.056 0.000
306.208333 307.208333  20.688  13.800 0.000
309.208333 310.208333   4.442   2.691 0.000
312.208333 313.208333   9.060   6.031 0.000
315.208333 316.208333   7.435   4.304 0.000
318.208333 319.208333   3.169   1.849 0.000
321.208333 322.208333  15.135   8.467 0.000
324.208333 325.208333   2.298   0.743 0.000
327.208333 328.208333  32.667  28.598 0.000
330.208333 331.208333   5.639   4.534 0.000
333.208333 334.208333 999.999 999.999 0.999
336.208333 337.208333   7.112   5.436 0.000
339.208333 340.208333   2.169   1.442 0.000
342.208333 343.208333   3.619   2.498 0.000
345.208333 346.208333   5.720   4.391 0.000
348.208333 349.208333   3.528   2.526 0.000
351.208333 352.208333 999.999 999.999 0.999
354.208333 355.208333   5.190   3.804 0.000
357.208333 358.208333   3.066   2.274 0.000
360.208333 361.208333   2.143   1.452 0.000
363.208333 364.208333   3.146   1.761 0.000
