scripts/IMPROVE-2019_partial/data/US4828R.19970101050000.20191216000000.filterpack...1y.3d.US03L_filterpack_US4828.US03L_IMPROVE_Davis.lev2.nas
51 1001
MISSING INFORMATION
US03L, IMPROVE, , , , , , , 
MISSING INFORMATION
IMPROVE sel_HTAP
1 1
1997 01 01 2019 12 16
0
days from file reference point
4
1 1 1 1
999.999999 999.999 999.999 9.999
end_time of measurement, days from the file reference point
pm10_mass, ug/m3, Matrix=pm10
pm25_mass, ug/m3, Matrix=pm25
numflag, no unit
0
33
Data definition:              EBAS_1.1
Set type code:                TI
Timezone:                     UTC
File name:                    US4828R.19970101050000.20191216000000.filterpack...1y.3d.US03L_filterpack_US4828.US03L_IMPROVE_Davis.lev2.nas
File creation:                20191218120454
Startdate:                    19970101050000
Revision date:                20191216000000
Version:                      2
Version description:          "Data extracted from http://views.cira.colostate.edu/fed/DataWizard 2019-12-16"
Statistics:                   arithmetic mean
Data level:                   2
Period code:                  1y
Resolution code:              3d
Sample duration:              1d
Orig. time res.:              3d
Station code:                 US4828R
Platform code:                US4828S
Station name:                 Shenandoah National Park-Big Meadows (VA28)
Station latitude:             38.5225
Station longitude:            -78.4358
Station altitude:             1074.0 m
Regime:                       IMG
Component:                    
Unit:                         ug/m3
Matrix:                       
Laboratory code:              US03L
Instrument type:              filterpack
Instrument name:              filterpack_US4828
Method ref:                   US03L_IMPROVE_Davis
Blank correction:             Blank corrected
Volume std. temperature:      ambient
Volume std. pressure:         ambient
starttime endtime PM10 PM2.5 flag
  0.208333   1.208333 999.999   6.976 0.000
  3.208333   4.208333  18.244   9.953 0.000
  7.208333   8.208333  10.040   6.137 0.000
 10.208333  11.208333   8.770   5.814 0.000
 14.208333  15.208333   5.689   6.065 0.000
 17.208333  18.208333   9.181   4.035 0.000
 21.208333  22.208333  16.651   9.533 0.000
 24.208333  25.208333   6.589   4.040 0.000
 28.208333  29.208333  10.896   9.151 0.000
 31.208333  32.208333   9.619   6.112 0.000
 35.208333  36.208333  10.075   6.618 0.000
 38.208333  39.208333   9.433   8.517 0.000
 42.208333  43.208333 999.999  12.950 0.000
 45.208333  46.208333   8.681   6.381 0.000
 49.208333  50.208333 999.999 999.999 0.999
 52.208333  53.208333   6.081   4.249 0.000
 56.208333  57.208333   7.729   6.534 0.000
 59.208333  60.208333   4.708   2.659 0.000
 63.208333  64.208333  11.470   9.767 0.000
 66.208333  67.208333  13.109   8.378 0.000
 70.208333  71.208333   8.457   7.325 0.000
 73.208333  74.208333   8.341   5.391 0.000
 77.208333  78.208333   3.607   2.992 0.000
 80.208333  81.208333  13.423  11.818 0.000
 84.208333  85.208333 999.999 999.999 0.999
 87.208333  88.208333 999.999 999.999 0.999
 91.208333  92.208333 999.999 999.999 0.999
 94.208333  95.208333  21.946  14.491 0.000
 98.208333  99.208333   9.362   9.280 0.000
101.208333 102.208333  10.896   5.948 0.000
105.208333 106.208333  20.360  13.437 0.000
108.208333 109.208333  13.731   6.272 0.000
112.208333 113.208333  13.622  13.983 0.000
115.208333 116.208333  12.134  11.522 0.000
119.208333 120.208333  16.773  11.927 0.000
122.208333 123.208333 999.999  10.967 0.000
126.208333 127.208333  10.339   7.357 0.000
129.208333 130.208333   5.267   4.428 0.000
133.208333 134.208333  18.723   9.934 0.000
136.208333 137.208333  17.495   9.841 0.000
140.208333 141.208333 999.999  16.256 0.000
143.208333 144.208333  29.703  25.358 0.000
147.208333 148.208333   8.007   5.137 0.000
150.208333 151.208333  22.291  17.140 0.000
154.208333 155.208333  10.967   6.757 0.000
157.208333 158.208333  10.056   6.664 0.000
161.208333 162.208333  21.092  11.984 0.000
164.208333 165.208333  25.587  24.368 0.000
168.208333 169.208333  24.735  22.608 0.000
171.208333 172.208333  22.569  18.661 0.000
175.208333 176.208333  38.990  29.652 0.000
178.208333 179.208333  17.144  13.094 0.000
182.208333 183.208333  17.857  18.416 0.000
185.208333 186.208333  22.166  17.346 0.000
189.208333 190.208333  23.148  17.588 0.000
192.208333 193.208333  23.526  19.505 0.000
196.208333 197.208333  37.521  31.343 0.000
199.208333 200.208333  35.537  30.592 0.000
203.208333 204.208333   9.759  10.062 0.000
206.208333 207.208333  40.039  36.320 0.000
210.208333 211.208333   7.936   6.667 0.000
213.208333 214.208333  22.928  18.174 0.000
217.208333 218.208333  11.406   7.985 0.000
220.208333 221.208333  23.861  19.743 0.000
224.208333 225.208333  21.742  20.024 0.000
227.208333 228.208333  20.797  14.596 0.000
231.208333 232.208333   9.910   7.222 0.000
234.208333 235.208333   9.983 999.999 0.000
238.208333 239.208333  31.715  25.381 0.000
241.208333 242.208333  15.767  13.131 0.000
245.208333 246.208333  21.779  15.939 0.000
248.208333 249.208333  14.289  11.148 0.000
252.208333 253.208333  12.162  12.593 0.000
255.208333 256.208333  22.172  18.333 0.000
259.208333 260.208333  35.899  31.018 0.000
262.208333 263.208333 999.999 999.999 0.999
266.208333 267.208333   9.005   7.320 0.000
269.208333 270.208333  16.369  11.975 0.000
273.208333 274.208333  12.960   5.766 0.000
276.208333 277.208333  17.305  13.457 0.000
280.208333 281.208333  47.577  44.105 0.000
283.208333 284.208333  16.411  10.048 0.000
287.208333 288.208333   9.093   5.787 0.000
290.208333 291.208333   5.351   5.380 0.000
294.208333 295.208333  10.940   6.690 0.000
297.208333 298.208333  12.259   8.544 0.000
301.208333 302.208333  10.913   4.223 0.000
304.208333 305.208333   6.944 999.999 0.000
308.208333 309.208333   5.006 999.999 0.000
311.208333 312.208333   4.231   1.839 0.000
315.208333 316.208333  11.534   8.801 0.000
318.208333 319.208333   6.745   4.778 0.000
322.208333 323.208333  11.349  10.107 0.000
325.208333 326.208333  12.381   7.687 0.000
329.208333 330.208333 999.999 999.999 0.999
332.208333 333.208333  22.390  17.985 0.000
336.208333 337.208333   6.865   6.592 0.000
339.208333 340.208333   7.104   5.039 0.000
343.208333 344.208333   4.707   1.917 0.000
346.208333 347.208333   8.505   7.104 0.000
350.208333 351.208333   6.125 999.999 0.000
353.208333 354.208333  19.390  14.309 0.000
357.208333 358.208333   2.988   1.960 0.000
360.208333 361.208333   6.291   3.622 0.000
364.208333 365.208333   7.024   4.467 0.000
