scripts/IMPROVE-2019_partial/data/US4828R.20010101050000.20191216000000.filterpack..pm25.52w.1w.US03L_filterpack_US4828.US03L_IMPROVE_Davis.lev2.nas
66 1001
MISSING INFORMATION
US03L, IMPROVE, , , , , , , 
MISSING INFORMATION
IMPROVE sel_HTAP
1 1
2001 01 01 2019 12 16
3.000000
days from file reference point
27
1 1 1 1 1 1 1 1 1 1 1 1 1 1 1 1 1 1 1 1 1 1 1 1 1 1 1
999.999999 99.999 9.999 9999.99 9.999 999.99 9.999 9.999 9.999999 99.99 9.999999 99.999 9.999 99.999 9.999 99.999 9.999 999.999 9.999 999.999 9.999 999.999 9.999 9.999 9.999 99.999 9.999
end_time of measurement, days from the file reference point
ammonium, ug N/m3, Revision date=20181210133000
numflag ammonium, no unit, Revision date=20181210133000
iron, ng/m3, Revision date=20181210133000
numflag iron, no unit, Revision date=20181210133000
lead, ng/m3, Revision date=20181210133000
numflag lead, no unit, Revision date=20181210133000
magnesium, ug/m3, Revision date=20181210133000
numflag magnesium, no unit, Revision date=20181210133000
nickel, ng/m3, Revision date=20181210133000
numflag nickel, no unit, Revision date=20181210133000
nitrate, ug N/m3, Revision date=20181210133000
numflag nitrate, no unit, Revision date=20181210133000
organic_carbon, ug C/m3, Revision date=20181210133000
numflag organic_carbon, no unit, Revision date=20181210133000
organic_mass, ug/m3, Revision date=20181210133000
numflag organic_mass, no unit, Revision date=20181210133000
pm10_mass, ug/m3, Version=2, Version description=Data extracted from http://views.cira.colostate.edu/fed/DataWizard 2019-12-16, Sample duration=1d, Orig. time res.=3d, Matrix=pm10, Blank correction=Blank corrected, Volume std. temperature=ambient, Volume std. pressure=ambient
numflag pm10_mass, no unit, Version=2, Version description=Data extracted from http://views.cira.colostate.edu/fed/DataWizard 2019-12-16, Sample duration=1d, Orig. time res.=3d, Matrix=pm10, Blank correction=Blank corrected, Volume std. temperature=ambient, Volume std. pressure=ambient
pm10_pm25_mass, ug/m3, Revision date=20181210133000, Matrix=pm10_pm25
numflag pm10_pm25_mass, no unit, Revision date=20181210133000, Matrix=pm10_pm25
pm25_mass, ug/m3, Version=2, Version description=Data extracted from http://views.cira.colostate.edu/fed/DataWizard 2019-12-16, Sample duration=1d, Orig. time res.=3d, Blank correction=Blank corrected, Volume std. temperature=ambient, Volume std. pressure=ambient
numflag pm25_mass, no unit, Version=2, Version description=Data extracted from http://views.cira.colostate.edu/fed/DataWizard 2019-12-16, Sample duration=1d, Orig. time res.=3d, Blank correction=Blank corrected, Volume std. temperature=ambient, Volume std. pressure=ambient
potassium, ug/m3, Revision date=20181210133000
numflag potassium, no unit, Revision date=20181210133000
sulphate_total, ug S/m3, Revision date=20181210133000
numflag sulphate_total, no unit, Revision date=20181210133000
0
25
Data definition:              EBAS_1.1
Set type code:                TU
Timezone:                     UTC
File name:                    US4828R.20010101050000.20191216000000.filterpack..pm25.52w.1w.US03L_filterpack_US4828.US03L_IMPROVE_Davis.lev2.nas
File creation:                20191218120454
Startdate:                    20010101050000
Revision date:                20191216000000
Statistics:                   arithmetic mean
Data level:                   2
Period code:                  52w
Resolution code:              1w
Station code:                 US4828R
Platform code:                US4828S
Station name:                 Shenandoah National Park-Big Meadows (VA28)
Station latitude:             38.5225
Station longitude:            -78.4358
Station altitude:             1074.0 m
Regime:                       IMG
Component:                    
Matrix:                       pm25
Laboratory code:              US03L
Instrument type:              filterpack
Instrument name:              filterpack_US4828
Method ref:                   US03L_IMPROVE_Davis
starttime endtime NH4+ flag_NH4+ Fe flag_Fe Pb flag_Pb Mg++ flag_Mg++ Ni flag_Ni NO3- flag_NO3- OC flag_OC OM flag_OM PM10 flag_PM10 PM10-PM2.5 flag_PM10-PM2.5 PM2.5 flag_PM2.5 K+ flag_K+ SO4-- flag_SO4--
  0.208333   1.208333  1.056 0.000    6.87 0.000   1.21 0.000 9.999 0.259000 99.99 0.259000  0.423 0.000  0.576 0.000  0.807 0.000   8.702 0.000   2.135 0.000   6.567 0.000 0.020 0.000  0.816 0.000
  3.208333   4.208333  0.844 0.000    7.35 0.000   1.25 0.000 9.999 0.259000 99.99 0.259000  0.350 0.000  0.581 0.000  0.813 0.000   6.859 0.000   1.109 0.000   5.750 0.000 0.027 0.000  1.193 0.000
  6.208333   7.208333  0.397 0.000   17.78 0.000   1.31 0.000 0.082 0.000000 99.99 0.259000  0.460 0.000  0.904 0.000  1.265 0.000   6.776 0.000   2.374 0.000   4.402 0.000 0.033 0.000  0.461 0.000
  9.208333  10.208333  0.267 0.000    6.92 0.000   1.27 0.000 9.999 0.259000 99.99 0.259000  0.244 0.000  0.374 0.000  0.524 0.000   4.489 0.000   2.246 0.000   2.242 0.000 0.013 0.000  0.262 0.000
 12.208333  13.208333  1.496 0.000   27.23 0.000   2.69 0.000 9.999 0.259000  0.40 0.000000  1.170 0.000  1.144 0.000  1.601 0.000  13.089 0.000   2.704 0.000  10.386 0.000 0.038 0.000  0.955 0.000
 15.208333  16.208333  1.882 0.000    9.61 0.000   2.07 0.000 9.999 0.259000 99.99 0.259000  0.659 0.000  0.596 0.000  0.834 0.000  12.153 0.000   1.147 0.000  11.006 0.000 0.019 0.000  2.133 0.000
 18.208333  19.208333  0.079 0.000    3.13 0.000   0.62 0.000 9.999 0.259000  0.13 0.000000  0.037 0.000  0.443 0.000  0.621 0.000   2.399 0.000   0.794 0.000   1.605 0.000 0.019 0.000  0.179 0.000
 21.208333  22.208333  0.500 0.000   10.51 0.000   1.17 0.000 9.999 0.259000 99.99 0.259000  0.252 0.000  0.661 0.000  0.926 0.000   4.930 0.000   0.813 0.000   4.116 0.000 0.030 0.000  0.545 0.000
 24.208333  25.208333 99.999 0.999 9999.99 0.999 999.99 0.999 9.999 0.999000 99.99 0.999000 99.999 0.999 99.999 0.999 99.999 0.999 999.999 0.999 999.999 0.999 999.999 0.999 9.999 0.999 99.999 0.999
 27.208333  28.208333  0.756 0.000    7.91 0.000   1.51 0.000 0.043 0.000000 99.99 0.259000  0.328 0.000  0.532 0.000  0.744 0.000   5.401 0.000   0.679 0.000   4.722 0.000 0.017 0.000  0.585 0.000
 30.208333  31.208333  0.599 0.000   10.61 0.000   0.49 0.000 9.999 0.259000 99.99 0.259000  0.116 0.000  0.621 0.000  0.869 0.000   5.976 0.000   2.039 0.000   3.937 0.000 0.015 0.000  0.624 0.000
 33.208333  34.208333  0.754 0.000   11.44 0.000   1.82 0.000 9.999 0.259000 99.99 0.259000  0.395 0.000  0.786 0.000  1.101 0.000   6.130 0.000   0.992 0.000   5.138 0.000 0.024 0.000  0.483 0.000
 36.208333  37.208333  0.846 0.000    6.57 0.000   1.05 0.000 0.027 0.000000 99.99 0.259000  0.177 0.000  0.533 0.000  0.746 0.000   6.267 0.000   1.338 0.000   4.929 0.000 0.015 0.000  0.873 0.000
 39.208333  40.208333  1.173 0.559   28.41 0.000   2.05 0.000 9.999 0.259000  0.65 0.000000  0.200 0.559  4.817 0.000  6.744 0.000  18.784 0.000   4.188 0.000  14.596 0.000 0.086 0.000  1.270 0.559
 42.208333  43.208333  0.508 0.000    9.93 0.000   0.68 0.000 9.999 0.259000  0.32 0.000000  0.219 0.000  0.671 0.000  0.940 0.000   4.729 0.000   1.257 0.000   3.472 0.000 0.019 0.000  0.393 0.000
 45.208333  46.208333  0.368 0.000    6.82 0.000   0.62 0.000 9.999 0.259000  0.10 0.000000  0.164 0.000  0.490 0.000  0.685 0.000   3.305 0.000   0.920 0.000   2.385 0.000 0.019 0.000  0.254 0.000
 48.208333  49.208333  1.019 0.000    7.80 0.000   2.19 0.000 9.999 0.259000 99.99 0.259000  0.329 0.000  0.711 0.000  0.995 0.000   7.116 0.000   0.919 0.000   6.197 0.000 0.021 0.000  0.756 0.000
 51.208333  52.208333  1.610 0.000   20.60 0.000   2.05 0.000 9.999 0.259000 99.99 0.259000  0.656 0.000  1.086 0.000  1.520 0.000  13.127 0.000   3.294 0.000   9.833 0.000 0.033 0.000  1.006 0.000
 54.208333  55.208333  1.918 0.000   24.74 0.000   3.27 0.000 9.999 0.259000  0.20 0.000000  0.518 0.000  1.114 0.000  1.560 0.000  12.280 0.000   1.695 0.000  10.585 0.000 0.035 0.000  1.514 0.000
 57.208333  58.208333  0.709 0.000   11.95 0.000   0.99 0.000 9.999 0.259000  0.15 0.000000  0.126 0.000  0.611 0.000  0.855 0.000   5.976 0.000   1.773 0.000   4.203 0.000 0.019 0.000  0.628 0.000
 60.208333  61.208333  0.749 0.000   11.38 0.000   0.34 0.000 9.999 0.259000 99.99 0.259000  0.108 0.000  0.442 0.000  0.618 0.000   6.187 0.000   1.341 0.000   4.846 0.000 0.012 0.000  0.879 0.000
 63.208333  64.208333  0.628 0.000    5.17 0.000 999.99 0.259 9.999 0.259000 99.99 0.259000  0.170 0.000  0.378 0.000  0.529 0.000   5.070 0.000   1.473 0.000   3.597 0.000 0.009 0.000  0.553 0.000
 66.208333  67.208333  1.078 0.000   16.42 0.000   0.99 0.000 9.999 0.259000  0.44 0.000000  0.423 0.000  0.973 0.000  1.363 0.000   8.215 0.000   1.301 0.000   6.913 0.000 0.027 0.000  1.119 0.000
 69.208333  70.208333  0.906 0.000   19.66 0.000   1.45 0.000 9.999 0.259000 99.99 0.259000  0.404 0.000  1.109 0.000  1.553 0.000   8.670 0.000   2.037 0.000   6.633 0.000 0.035 0.000  0.752 0.000
 72.208333  73.208333  0.725 0.000   13.00 0.000   0.92 0.000 9.999 0.259000 99.99 0.259000  0.160 0.000  0.217 0.000  0.303 0.000   5.124 0.000   1.529 0.000   3.595 0.000 0.009 0.000  0.699 0.000
 75.208333  76.208333  0.873 0.000    4.95 0.000   0.35 0.000 9.999 0.259000 99.99 0.259000  0.122 0.000  0.342 0.000  0.479 0.000   5.759 0.000   0.497 0.000   5.262 0.000 0.009 0.000  1.011 0.000
 78.208333  79.208333  0.695 0.000   31.44 0.000   1.49 0.000 9.999 0.259000  2.31 0.000000 99.999 0.259  0.575 0.000  0.805 0.000   7.626 0.000   3.179 0.000   4.447 0.000 0.023 0.000  0.467 0.000
 81.208333  82.208333 99.999 0.999 9999.99 0.999 999.99 0.999 9.999 0.999000 99.99 0.999000 99.999 0.999 99.999 0.999 99.999 0.999 999.999 0.999 999.999 0.999 999.999 0.999 9.999 0.999 99.999 0.999
 84.208333  85.208333  1.223 0.000   18.49 0.000   1.20 0.000 9.999 0.259000 99.99 0.259000  0.425 0.000  0.564 0.000  0.789 0.000   9.216 0.000   1.772 0.000   7.445 0.000 0.023 0.000  0.913 0.000
 87.208333  88.208333 99.999 0.999 9999.99 0.999 999.99 0.999 9.999 0.999000 99.99 0.999000 99.999 0.999 99.999 0.999 99.999 0.999 999.999 0.999 999.999 0.999 999.999 0.999 9.999 0.999 99.999 0.999
 90.208333  91.208333  0.976 0.000   13.95 0.000   1.27 0.000 9.999 0.259000  0.29 0.000000  0.164 0.000  0.617 0.000  0.864 0.000  10.478 0.000   0.474 0.000  10.004 0.000 0.022 0.000  1.902 0.000
 93.208333  94.208333  2.066 0.000   21.14 0.000   2.12 0.000 9.999 0.259000 99.99 0.259000  0.850 0.000  0.743 0.000  1.040 0.000  12.637 0.000   1.785 0.000  10.853 0.000 0.024 0.000  1.396 0.000
 96.208333  97.208333  1.954 0.000   30.56 0.000   1.27 0.000 9.999 0.259000  1.23 0.000000  0.345 0.000  1.757 0.000  2.460 0.000  17.038 0.000   2.698 0.000  14.340 0.000 0.084 0.000  2.152 0.000
 99.208333 100.208333  1.266 0.000   66.20 0.000   0.94 0.000 9.999 0.259000  0.25 0.000000  0.230 0.000  1.228 0.000  1.720 0.000  13.485 0.000   3.264 0.000  10.221 0.000 0.076 0.000  1.456 0.000
102.208333 103.208333  0.682 0.000   73.97 0.000   0.78 0.000 9.999 0.259000 99.99 0.259000  0.069 0.000  1.024 0.000  1.433 0.000  11.806 0.000   5.102 0.000   6.704 0.000 0.072 0.000  0.816 0.000
105.208333 106.208333  0.917 0.000   45.34 0.000 999.99 0.259 9.999 0.259000 99.99 0.259000  0.114 0.000  0.452 0.000  0.632 0.000   8.211 0.000   2.198 0.000   6.013 0.000 0.032 0.000  1.033 0.000
108.208333 109.208333  0.911 0.000  155.42 0.000   1.79 0.000 9.999 0.259000 99.99 0.259000  0.414 0.000  1.517 0.000  2.124 0.000  24.632 0.000  15.611 0.000   9.022 0.000 0.099 0.000  0.737 0.000
111.208333 112.208333  1.199 0.000  254.53 0.000   1.49 0.000 9.999 0.259000 99.99 0.259000  0.200 0.000  2.304 0.000  3.225 0.000  28.357 0.000  13.506 0.000  14.851 0.000 0.176 0.000  1.524 0.000
114.208333 115.208333  0.815 0.000   67.80 0.000   1.28 0.000 9.999 0.259000 99.99 0.259000  0.234 0.000  0.645 0.000  0.903 0.000   9.698 0.000   4.148 0.000   5.550 0.000 0.046 0.000  0.728 0.000
117.208333 118.208333  1.008 0.559   60.75 0.000   1.78 0.000 9.999 0.259000 99.99 0.259000  0.309 0.559  1.412 0.000  1.976 0.000  12.332 0.000   5.023 0.000   7.308 0.000 0.061 0.000  0.885 0.559
120.208333 121.208333  2.369 0.000   99.58 0.000   1.38 0.000 9.999 0.259000 99.99 0.259000  0.131 0.000  3.409 0.000  4.772 0.000  30.026 0.000  10.017 0.000  20.010 0.000 0.086 0.000  2.649 0.000
123.208333 124.208333  4.605 0.000  148.80 0.559   1.71 0.559 9.999 0.559259 99.99 0.559259  0.102 0.000  2.502 0.000  3.502 0.000  42.706 0.000   7.394 0.000  35.312 0.559 0.085 0.559  5.460 0.000
126.208333 127.208333  0.301 0.000   35.43 0.000   0.68 0.000 9.999 0.259000  0.23 0.000000  0.148 0.000  0.630 0.000  0.882 0.000   9.680 0.000   5.867 0.000   3.813 0.000 0.028 0.000  0.321 0.000
129.208333 130.208333  2.095 0.000  154.95 0.000   1.78 0.000 9.999 0.259000 99.99 0.259000  0.137 0.000  2.088 0.000  2.923 0.000  24.160 0.000   7.686 0.000  16.474 0.000 0.091 0.000  2.373 0.000
132.208333 133.208333  1.203 0.000   42.28 0.000   2.44 0.000 9.999 0.259000 99.99 0.259000  0.152 0.000  1.091 0.000  1.528 0.000  11.784 0.000   3.464 0.000   8.321 0.000 0.037 0.000  1.309 0.000
135.208333 136.208333  1.110 0.000   76.12 0.000   2.32 0.000 9.999 0.259000 99.99 0.259000  0.372 0.000  1.078 0.000  1.510 0.000  14.099 0.000   5.316 0.000   8.784 0.000 0.048 0.000  0.971 0.000
138.208333 139.208333  0.416 0.559   19.64 0.000 999.99 0.259 9.999 0.259000  0.31 0.000000  0.029 0.559  0.670 0.000  0.939 0.000   5.739 0.000   1.367 0.000   4.371 0.000 0.018 0.000  0.651 0.559
141.208333 142.208333  0.435 0.000   13.44 0.000   0.52 0.000 0.023 0.000000 99.99 0.259000  0.069 0.000  0.713 0.000  0.998 0.000   6.976 0.000   2.035 0.000   4.941 0.000 0.029 0.000  0.682 0.000
144.208333 145.208333  1.182 0.559   31.33 0.000   0.72 0.000 9.999 0.259000 99.99 0.259000  0.095 0.559  1.668 0.000  2.335 0.000  14.388 0.000   3.177 0.000  11.211 0.000 0.031 0.000  1.502 0.559
147.208333 148.208333  1.063 0.559   12.07 0.000   0.76 0.000 9.999 0.259000 99.99 0.259000  0.095 0.559  1.082 0.000  1.515 0.000  10.271 0.000   2.642 0.000   7.630 0.000 0.017 0.000  1.252 0.559
150.208333 151.208333  0.603 0.559   38.53 0.000   0.73 0.000 9.999 0.259000 99.99 0.259000  0.079 0.559  1.042 0.000  1.458 0.000   9.165 0.000   3.942 0.000   5.223 0.000 0.025 0.000  0.668 0.559
153.208333 154.208333  0.983 0.000    6.77 0.000   0.76 0.000 9.999 0.259000 99.99 0.259000  0.036 0.000  0.508 0.000  0.711 0.000   8.761 0.000   2.401 0.000   6.361 0.000 0.011 0.000  1.238 0.000
156.208333 157.208333  0.698 0.000   14.29 0.000   0.86 0.000 9.999 0.259000 99.99 0.259000  0.057 0.000  0.771 0.000  1.080 0.000   9.690 0.000   2.465 0.000   7.225 0.000 0.027 0.000  1.175 0.000
159.208333 160.208333  1.767 0.000   39.81 0.000   2.44 0.000 9.999 0.259000  0.31 0.000000  0.059 0.000  2.391 0.000  3.347 0.000  19.299 0.000   3.505 0.000  15.794 0.000 0.040 0.000  2.403 0.000
162.208333 163.208333  3.309 0.000   39.41 0.000   2.30 0.000 9.999 0.259000  0.21 0.000000  0.028 0.000  1.479 0.000  2.070 0.000  31.615 0.000   3.961 0.000  27.655 0.000 0.044 0.000  4.947 0.000
165.208333 166.208333  0.954 0.000   49.07 0.000   0.42 0.000 9.999 0.259000  0.93 0.000000  0.074 0.000  0.374 0.000  0.524 0.000  12.395 0.000   2.839 0.000   9.556 0.000 0.032 0.000  1.808 0.000
168.208333 169.208333  0.793 0.559   16.88 0.000   0.91 0.000 0.033 0.000000  0.23 0.000000  0.065 0.559  1.554 0.000  2.176 0.000  10.861 0.000   2.994 0.000   7.866 0.000 0.029 0.000  0.894 0.559
171.208333 172.208333 99.999 0.999 9999.99 0.999 999.99 0.999 9.999 0.999000 99.99 0.999000 99.999 0.999 99.999 0.999 99.999 0.999 999.999 0.999 999.999 0.999 999.999 0.999 9.999 0.999 99.999 0.999
174.208333 175.208333 99.999 0.999 9999.99 0.999 999.99 0.999 9.999 0.999000 99.99 0.999000 99.999 0.999 99.999 0.999 99.999 0.999 999.999 0.999 999.999 0.999 999.999 0.999 9.999 0.999 99.999 0.999
177.208333 178.208333  1.432 0.000   27.46 0.000   1.41 0.000 9.999 0.259000  0.65 0.000000  0.069 0.000  2.309 0.000  3.233 0.000  18.668 0.000   3.236 0.000  15.432 0.000 0.037 0.000  2.070 0.000
180.208333 181.208333  0.860 0.000   37.89 0.000   1.62 0.000 9.999 0.259000  0.20 0.000000  0.050 0.000  1.640 0.000  2.296 0.000  13.644 0.000   2.965 0.000  10.679 0.000 0.047 0.000  1.223 0.000
183.208333 184.208333  1.270 0.000   24.31 0.000   1.11 0.000 9.999 0.259000  0.29 0.000000  0.066 0.000  1.105 0.000  1.548 0.000  16.912 0.000   4.011 0.000  12.901 0.000 0.038 0.000  1.960 0.000
186.208333 187.208333  0.790 0.559   22.21 0.000   1.91 0.000 0.052 0.000000  0.37 0.000000  0.147 0.559  1.402 0.000  1.962 0.000  11.029 0.000   2.702 0.000   8.327 0.000 0.062 0.000  0.943 0.559
189.208333 190.208333  1.443 0.559   34.79 0.000   2.31 0.000 9.999 0.259000  0.18 0.000000  0.107 0.559  2.386 0.000  3.340 0.000  19.036 0.000   4.550 0.000  14.486 0.000 0.062 0.000  1.858 0.559
192.208333 193.208333  1.148 0.559   18.87 0.000   1.26 0.000 9.999 0.259000  0.27 0.000000  0.047 0.559  1.408 0.000  1.972 0.000   9.600 0.000   1.050 0.000   8.549 0.000 0.020 0.000  1.462 0.559
195.208333 196.208333  1.720 0.000   17.79 0.000   1.86 0.000 9.999 0.259000 99.99 0.259000  0.040 0.000  1.772 0.000  2.481 0.000  13.399 0.000   1.886 0.000  11.512 0.000 0.022 0.000  2.354 0.000
198.208333 199.208333  1.701 0.000   19.52 0.000   1.00 0.000 9.999 0.259000 99.99 0.259000  0.169 0.000  1.924 0.000  2.694 0.000  19.240 0.000   1.894 0.000  17.346 0.000 0.031 0.000  3.269 0.000
201.208333 202.208333  0.661 0.559   14.89 0.000   0.67 0.000 9.999 0.259000  0.90 0.000000  0.055 0.559  1.870 0.000  2.618 0.000   9.069 0.000   1.723 0.000   7.346 0.000 0.015 0.000  1.062 0.559
204.208333 205.208333  0.465 0.000   15.65 0.000   0.29 0.000 9.999 0.259000 99.99 0.259000  0.054 0.000  1.207 0.000  1.689 0.000  10.539 0.000   4.011 0.000   6.528 0.000 0.022 0.000  0.866 0.000
207.208333 208.208333  0.003 0.000   19.17 0.000   1.92 0.000 9.999 0.259000  1.01 0.000000  0.647 0.000  1.246 0.000  1.744 0.000   9.028 0.000   1.891 0.000   7.136 0.000 0.019 0.000  1.732 0.000
210.208333 211.208333  0.208 0.000    7.06 0.000   0.31 0.000 9.999 0.259000 99.99 0.259000  0.059 0.000  0.389 0.000  0.544 0.000   2.124 0.000   0.797 0.000   1.327 0.000 0.010 0.000  0.415 0.000
213.208333 214.208333  1.283 0.000   20.08 0.000   0.96 0.000 9.999 0.259000  0.82 0.000000  0.049 0.000  1.795 0.000  2.513 0.000  20.875 0.000   3.004 0.000  17.871 0.000 0.025 0.000  2.450 0.000
216.208333 217.208333  2.750 0.000   24.99 0.559   1.42 0.559 9.999 0.559259 99.99 0.559259  0.022 0.000  1.784 0.000  2.497 0.000  35.055 0.000   0.505 0.000  34.550 0.559 0.039 0.559  5.584 0.000
219.208333 220.208333  4.093 0.000   38.94 0.559  10.96 0.559 9.999 0.559259 99.99 0.559259  0.015 0.000  1.043 0.000  1.461 0.000  52.497 0.000   5.719 0.000  46.778 0.559 0.043 0.559  8.441 0.000
222.208333 223.208333  2.153 0.000   15.54 0.000   0.59 0.000 0.122 0.000000 99.99 0.259000  0.035 0.000  1.033 0.000  1.446 0.000  23.148 0.000   2.315 0.000  20.833 0.000 0.027 0.000  3.922 0.000
225.208333 226.208333  2.513 0.000   35.37 0.000   2.44 0.000 9.999 0.259000 99.99 0.259000  0.064 0.000  1.880 0.000  2.632 0.000  25.146 0.000   3.026 0.000  22.120 0.000 0.036 0.000  3.700 0.000
228.208333 229.208333  2.197 0.000   23.23 0.000   1.67 0.000 9.999 0.259000  0.31 0.000000  0.056 0.000  2.323 0.000  3.253 0.000  25.230 0.000   3.118 0.000  22.112 0.000 0.045 0.000  3.197 0.000
231.208333 232.208333  1.506 0.000   12.35 0.000   1.31 0.000 9.999 0.259000 99.99 0.259000  0.046 0.000  0.841 0.000  1.177 0.000  14.881 0.000   2.271 0.000  12.610 0.000 0.015 0.000  2.149 0.000
234.208333 235.208333  1.104 0.000   29.03 0.000   1.60 0.000 9.999 0.259000 99.99 0.259000  0.045 0.000  1.039 0.000  1.454 0.000  15.944 0.000   3.572 0.000  12.372 0.000 0.030 0.000  1.835 0.000
237.208333 238.208333  1.765 0.000   21.31 0.000   1.52 0.000 9.999 0.259000  0.57 0.000000  0.055 0.000  1.639 0.000  2.294 0.000  22.942 0.000   3.154 0.000  19.787 0.000 0.035 0.000  3.228 0.000
