scripts/IMPROVE-2019_partial/data/US4999R.20010101080000.20191216000000.filterpack..pm25.52w.1w.US03L_filterpack_US4999.US03L_IMPROVE_Davis.lev2.nas
66 1001
MISSING INFORMATION
US03L, IMPROVE, , , , , , , 
MISSING INFORMATION
IMPROVE sel_HTAP
1 1
2001 01 01 2019 12 16
3.000000
days from file reference point
27
1 1 1 1 1 1 1 1 1 1 1 1 1 1 1 1 1 1 1 1 1 1 1 1 1 1 1
999.999999 9999.99 9.999999 99.99 9.999999 9.999 9.999999999 9.99 9.999999999 9.999 9.999 99.999 9.999 99.999 9.999 99.99 9.999999999 999.999 9.999 99.999 9.999 999.999 9.999 9.999 9.999999 99.999 9.999
end_time of measurement, days from the file reference point
iron, ng/m3, Revision date=20181210133000
numflag iron, no unit, Revision date=20181210133000
lead, ng/m3, Revision date=20181210133000
numflag lead, no unit, Revision date=20181210133000
magnesium, ug/m3, Revision date=20181210133000
numflag magnesium, no unit, Revision date=20181210133000
nickel, ng/m3, Revision date=20181210133000
numflag nickel, no unit, Revision date=20181210133000
nitrate, ug N/m3, Revision date=20181210133000
numflag nitrate, no unit, Revision date=20181210133000
organic_carbon, ug C/m3, Revision date=20181210133000
numflag organic_carbon, no unit, Revision date=20181210133000
organic_mass, ug/m3, Revision date=20181210133000
numflag organic_mass, no unit, Revision date=20181210133000
phosphorus, ng/m3, Revision date=20181210133000
numflag phosphorus, no unit, Revision date=20181210133000
pm10_mass, ug/m3, Version=2, Version description=Data extracted from http://views.cira.colostate.edu/fed/DataWizard 2019-12-16, Sample duration=1d, Orig. time res.=3d, Matrix=pm10, Blank correction=Blank corrected, Volume std. temperature=ambient, Volume std. pressure=ambient
numflag pm10_mass, no unit, Version=2, Version description=Data extracted from http://views.cira.colostate.edu/fed/DataWizard 2019-12-16, Sample duration=1d, Orig. time res.=3d, Matrix=pm10, Blank correction=Blank corrected, Volume std. temperature=ambient, Volume std. pressure=ambient
pm10_pm25_mass, ug/m3, Revision date=20181210133000, Matrix=pm10_pm25
numflag pm10_pm25_mass, no unit, Revision date=20181210133000, Matrix=pm10_pm25
pm25_mass, ug/m3, Version=2, Version description=Data extracted from http://views.cira.colostate.edu/fed/DataWizard 2019-12-16, Sample duration=1d, Orig. time res.=3d, Blank correction=Blank corrected, Volume std. temperature=ambient, Volume std. pressure=ambient
numflag pm25_mass, no unit, Version=2, Version description=Data extracted from http://views.cira.colostate.edu/fed/DataWizard 2019-12-16, Sample duration=1d, Orig. time res.=3d, Blank correction=Blank corrected, Volume std. temperature=ambient, Volume std. pressure=ambient
potassium, ug/m3, Revision date=20181210133000
numflag potassium, no unit, Revision date=20181210133000
sulphate_total, ug S/m3, Revision date=20181210133000
numflag sulphate_total, no unit, Revision date=20181210133000
0
25
Data definition:              EBAS_1.1
Set type code:                TU
Timezone:                     UTC
File name:                    US4999R.20010101080000.20191216000000.filterpack..pm25.52w.1w.US03L_filterpack_US4999.US03L_IMPROVE_Davis.lev2.nas
File creation:                20191218120501
Startdate:                    20010101080000
Revision date:                20191216000000
Statistics:                   arithmetic mean
Data level:                   2
Period code:                  52w
Resolution code:              1w
Station code:                 US4999R
Platform code:                US4999S
Station name:                 Mount Rainier National Park-Tahoma Woods (WA99)
Station latitude:             46.7582
Station longitude:            -122.1243
Station altitude:             424.0 m
Regime:                       IMG
Component:                    
Matrix:                       pm25
Laboratory code:              US03L
Instrument type:              filterpack
Instrument name:              filterpack_US4999
Method ref:                   US03L_IMPROVE_Davis
starttime endtime Fe flag_Fe Pb flag_Pb Mg++ flag_Mg++ Ni flag_Ni NO3- flag_NO3- OC flag_OC OM flag_OM P flag_P PM10 flag_PM10 PM10-PM2.5 flag_PM10-PM2.5 PM2.5 flag_PM2.5 K+ flag_K+ SO4-- flag_SO4--
  0.333333   1.333333    3.97 0.000000  0.53 0.000000 9.999 0.259000000 9.99 0.259000000 0.015 0.000  0.902 0.000  1.263 0.000 99.99 0.259000000   3.886 0.000  2.102 0.000   1.784 0.000 0.023 0.000000  0.058 0.000
  3.333333   4.333333    2.88 0.559000 99.99 0.559259 9.999 0.559259000 9.99 0.559259000 0.006 0.000  0.237 0.000  0.332 0.000 99.99 0.559259000   2.014 0.000  1.622 0.000   0.391 0.559 0.014 0.559000  0.072 0.000
  6.333333   7.333333    4.88 0.559000  0.52 0.559000 9.999 0.559259000 9.99 0.559259000 0.013 0.000  0.377 0.000  0.527 0.000 99.99 0.559259000   2.137 0.000  0.958 0.000   1.179 0.559 0.013 0.559000  0.108 0.000
  9.333333  10.333333    1.44 0.559000 99.99 0.559259 9.999 0.559259000 9.99 0.559259000 9.999 0.699 99.999 0.999 99.999 0.999 99.99 0.559259000   1.330 0.000  0.906 0.000   0.424 0.559 0.012 0.559000 99.999 0.699
 12.333333  13.333333    0.96 0.559000  0.38 0.559000 9.999 0.559259000 9.99 0.559259000 0.034 0.000  0.314 0.000  0.440 0.000 99.99 0.559259000   1.364 0.000  0.414 0.000   0.950 0.559 0.012 0.559000  0.083 0.000
 15.333333  16.333333    6.09 0.559000  0.71 0.559000 9.999 0.559259000 9.99 0.559259000 0.011 0.000  0.967 0.000  1.354 0.000 99.99 0.559259000   3.474 0.000  0.908 0.000   2.566 0.559 0.014 0.559000  0.161 0.000
 18.333333  19.333333    1.27 0.000000 99.99 0.259000 9.999 0.259000000 9.99 0.259000000 0.017 0.000  0.443 0.000  0.621 0.000 99.99 0.259000000   2.424 0.000  0.895 0.000   1.529 0.000 0.013 0.000000  0.147 0.000
 21.333333  22.333333    3.34 0.559000  0.18 0.559000 9.999 0.559259000 9.99 0.559259000 0.005 0.000  0.630 0.000  0.882 0.000 99.99 0.559259000   2.026 0.000  0.683 0.000   1.343 0.559 0.005 0.559000  0.102 0.000
 24.333333  25.333333    1.37 0.559000 99.99 0.559259 0.016 0.559000000 9.99 0.559259000 0.025 0.559  0.195 0.000  0.273 0.000 99.99 0.559259000   1.943 0.000  1.157 0.000   0.786 0.559 0.009 0.559000  0.073 0.559
 27.333333  28.333333   12.45 0.559000  1.02 0.559000 9.999 0.559259000 9.99 0.559259000 0.014 0.000  0.892 0.000  1.249 0.000 99.99 0.559259000   5.828 0.000  2.768 0.000   3.061 0.559 0.018 0.559000  0.179 0.000
 30.333333  31.333333    1.67 0.559000  0.57 0.559000 0.016 0.559000000 9.99 0.559259000 0.009 0.000  0.466 0.000  0.652 0.000 99.99 0.559259000   1.757 0.000  0.434 0.000   1.323 0.559 0.013 0.559000  0.060 0.000
 33.333333  34.333333    2.44 0.000000  0.33 0.000000 9.999 0.259000000 0.08 0.000000000 0.014 0.000  0.535 0.000  0.749 0.000 99.99 0.259000000   2.677 0.000  0.853 0.000   1.824 0.000 0.014 0.000000  0.106 0.000
 36.333333  37.333333   11.32 0.559000  1.35 0.559000 9.999 0.559259000 0.12 0.559000000 0.103 0.000  1.505 0.000  2.107 0.000 99.99 0.559259000   5.705 0.000  1.702 0.000   4.002 0.559 0.031 0.559000  0.233 0.000
 39.333333  40.333333    6.85 0.559394  0.44 0.559394 9.999 0.559394259 9.99 0.559394259 0.018 0.394  0.886 0.000  1.241 0.000 99.99 0.559394259   3.435 0.000  0.821 0.000   2.614 0.559 0.020 0.559394  0.208 0.394
 42.333333  43.333333   11.98 0.000000  2.12 0.000000 9.999 0.259000000 9.99 0.259000000 0.034 0.000  2.205 0.000  3.087 0.000 99.99 0.259000000   6.317 0.000  1.977 0.000   4.340 0.000 0.026 0.000000  0.144 0.000
 45.333333  46.333333    7.04 0.559000  1.08 0.559000 9.999 0.559259000 9.99 0.559259000 0.081 0.000  0.794 0.000  1.112 0.000 99.99 0.559259000   3.640 0.000  0.875 0.000   2.764 0.559 0.018 0.559000  0.228 0.000
 48.333333  49.333333    3.21 0.000000  0.48 0.000000 9.999 0.259000000 0.05 0.000000000 0.011 0.000  0.291 0.000  0.408 0.000 99.99 0.259000000   1.799 0.000  0.663 0.000   1.136 0.000 0.013 0.000000  0.090 0.000
 51.333333  52.333333    2.25 0.559000  0.54 0.559000 9.999 0.559259000 9.99 0.559259000 0.004 0.000  0.558 0.000  0.781 0.000 99.99 0.559259000   2.092 0.000  0.471 0.000   1.620 0.559 0.013 0.559000  0.036 0.000
 54.333333  55.333333    3.97 0.559000  0.74 0.559000 9.999 0.559259000 9.99 0.559259000 0.024 0.000  1.003 0.000  1.405 0.000 99.99 0.559259000   3.576 0.000  0.347 0.000   3.229 0.559 0.021 0.559000  0.225 0.000
 57.333333  58.333333   27.96 0.559000  1.69 0.559000 0.038 0.559000000 9.99 0.559259000 0.025 0.000  2.246 0.000  3.144 0.000 99.99 0.559259000   8.541 0.000  2.744 0.000   5.797 0.559 0.042 0.559000  0.201 0.000
 60.333333  61.333333    3.06 0.000000  0.56 0.000000 9.999 0.259000000 0.68 0.000000000 0.012 0.000  0.415 0.000  0.582 0.000 99.99 0.259000000   2.426 0.000  0.836 0.000   1.590 0.000 0.015 0.000000  0.060 0.000
 63.333333  64.333333   17.33 0.559000  1.74 0.559000 9.999 0.559259000 0.54 0.559000000 0.018 0.000  0.883 0.000  1.236 0.000 99.99 0.559259000   4.134 0.000  1.534 0.000   2.600 0.559 0.021 0.559000  0.097 0.000
 66.333333  67.333333   10.03 0.559000  0.98 0.559000 9.999 0.559259000 9.99 0.559259000 0.050 0.000  0.532 0.000  0.745 0.000 99.99 0.559259000   4.782 0.000  1.261 0.000   3.521 0.559 0.025 0.559000  0.294 0.000
 69.333333  70.333333   16.37 0.000000  1.41 0.000000 9.999 0.259000000 9.99 0.259000000 0.103 0.000  0.811 0.000  1.135 0.000 99.99 0.259000000   8.358 0.000  3.610 0.000   4.748 0.000 0.045 0.000000  0.473 0.000
 72.333333  73.333333    5.47 0.559000 99.99 0.559259 9.999 0.559259000 9.99 0.559259000 0.035 0.559  0.254 0.000  0.356 0.000 99.99 0.559259000   3.974 0.000  0.851 0.000   3.123 0.559 0.017 0.559000  0.436 0.559
 75.333333  76.333333    5.17 0.559000  1.68 0.559000 9.999 0.559259000 0.16 0.559000000 0.006 0.000  0.188 0.000  0.263 0.000 99.99 0.559259000   1.871 0.000  0.609 0.000   1.263 0.559 0.012 0.559000  0.097 0.000
 78.333333  79.333333   11.25 0.000000  1.32 0.000000 9.999 0.259000000 9.99 0.259000000 0.067 0.000  1.043 0.000  1.460 0.000 99.99 0.259000000   6.219 0.000  1.923 0.000   4.296 0.000 0.033 0.000000  0.308 0.000
 81.333333  82.333333   48.78 0.000000  2.04 0.000000 9.999 0.259000000 0.26 0.000000000 0.049 0.000  3.711 0.000  5.195 0.000 99.99 0.259000000  12.059 0.000  3.817 0.000   8.242 0.000 0.079 0.000000  0.277 0.000
 84.333333  85.333333    6.23 0.000000  0.65 0.000000 9.999 0.259000000 0.46 0.000000000 0.024 0.000  0.202 0.000  0.283 0.000 99.99 0.259000000   3.138 0.000  1.433 0.000   1.704 0.000 0.015 0.000000  0.138 0.000
 87.333333  88.333333   15.99 0.559000  0.99 0.559000 9.999 0.559259000 9.99 0.559259000 0.042 0.000  0.339 0.000  0.475 0.000 99.99 0.559259000   4.200 0.000  1.224 0.000   2.976 0.559 0.026 0.559000  0.364 0.000
 90.333333  91.333333   28.82 0.559000  1.55 0.559000 9.999 0.559259000 9.99 0.559259000 0.027 0.000  0.254 0.000  0.356 0.000 99.99 0.559259000   4.225 0.000  1.521 0.000   2.704 0.559 0.032 0.559000  0.315 0.000
 93.333333  94.333333   13.24 0.559000  1.15 0.559000 9.999 0.559259000 0.78 0.559000000 0.019 0.000  1.240 0.000  1.736 0.000 99.99 0.559259000   5.062 0.000  0.607 0.000   4.455 0.559 0.027 0.559000  0.403 0.000
 96.333333  97.333333    7.45 0.559000  0.70 0.559000 9.999 0.559259000 0.48 0.559000000 0.016 0.000  0.208 0.000  0.291 0.000 99.99 0.559259000   2.343 0.000  0.515 0.000   1.828 0.559 0.018 0.559000  0.266 0.000
 99.333333 100.333333    3.32 0.559000  0.65 0.559000 9.999 0.559259000 9.99 0.559259000 0.006 0.000  0.101 0.000  0.141 0.000 99.99 0.559259000   1.102 0.000  0.339 0.000   0.764 0.559 0.010 0.559000  0.041 0.000
102.333333 103.333333    4.67 0.000000  0.79 0.000000 9.999 0.259000000 0.46 0.000000000 0.026 0.000  0.127 0.000  0.178 0.000 99.99 0.259000000   2.510 0.000  0.970 0.000   1.540 0.000 0.016 0.000000  0.154 0.000
105.333333 106.333333  241.82 0.559000  2.75 0.559000 9.999 0.559259000 9.99 0.559259000 0.065 0.000  1.451 0.000  2.032 0.000 99.99 0.559259000  17.839 0.000  9.776 0.000   8.063 0.559 0.136 0.559000  0.299 0.000
108.333333 109.333333  220.93 0.559000  1.90 0.559000 9.999 0.559259000 9.99 0.559259000 0.056 0.000  0.686 0.000  0.960 0.000 99.99 0.559259000  13.470 0.000  5.637 0.000   7.833 0.559 0.117 0.559000  0.560 0.000
111.333333 112.333333  109.42 0.000000  1.08 0.000000 9.999 0.259000000 0.15 0.000000000 0.035 0.000  0.863 0.000  1.208 0.000 99.99 0.259000000   8.032 0.000  3.716 0.000   4.316 0.000 0.073 0.000000  0.148 0.000
114.333333 115.333333  110.53 0.559000  3.10 0.559000 9.999 0.559259000 0.27 0.559000000 0.041 0.000  1.918 0.000  2.684 0.000 99.99 0.559259000  12.401 0.000  5.391 0.000   7.010 0.559 0.074 0.559000  0.406 0.000
117.333333 118.333333   11.47 0.559000  0.94 0.559000 9.999 0.559259000 0.21 0.559000000 0.009 0.000  0.271 0.000  0.380 0.000 99.99 0.559259000   2.537 0.000  1.325 0.000   1.212 0.559 0.017 0.559000  0.090 0.000
120.333333 121.333333    5.52 0.000000  0.24 0.000000 9.999 0.259000000 0.64 0.000000000 0.014 0.000  0.159 0.000  0.223 0.000 99.99 0.259000000   2.580 0.000  0.822 0.000   1.757 0.000 0.012 0.000000  0.149 0.000
123.333333 124.333333   57.47 0.559000  2.18 0.559000 9.999 0.559259000 0.40 0.559000000 0.043 0.000  1.369 0.000  1.916 0.000 99.99 0.559259000   7.901 0.000  3.149 0.000   4.752 0.559 0.052 0.559000  0.275 0.000
126.333333 127.333333   94.89 0.559000  2.31 0.559000 9.999 0.559259000 0.25 0.559000000 0.045 0.000  1.513 0.000  2.119 0.000 99.99 0.559259000   9.962 0.000  3.800 0.000   6.162 0.559 0.077 0.559000  0.327 0.000
129.333333 130.333333   92.21 0.559000  1.22 0.559000 9.999 0.559259000 0.34 0.559000000 0.129 0.000  1.158 0.000  1.621 0.000 99.99 0.559259000  10.913 0.000  5.403 0.000   5.510 0.559 0.071 0.559000  0.325 0.000
132.333333 133.333333   41.90 0.559000  1.07 0.559000 9.999 0.559259000 9.99 0.559259000 0.019 0.000  0.883 0.000  1.237 0.000 99.99 0.559259000   6.944 0.000  1.728 0.000   5.217 0.559 0.032 0.559000  0.743 0.000
135.333333 136.333333    8.13 0.000000  0.70 0.000000 9.999 0.259000000 0.70 0.000000000 0.019 0.000  0.189 0.000  0.265 0.000 99.99 0.259000000   3.119 0.000  1.801 0.000   1.318 0.000 0.015 0.000000  0.100 0.000
138.333333 139.333333   22.57 0.559000  1.61 0.559000 9.999 0.559259000 0.68 0.559000000 0.034 0.000  1.118 0.000  1.565 0.000 99.99 0.559259000   5.946 0.000  1.926 0.000   4.021 0.559 0.035 0.559000  0.370 0.000
141.333333 142.333333   56.92 0.559000  1.80 0.559000 9.999 0.559259000 0.24 0.559000000 0.038 0.000  2.272 0.000  3.181 0.000 99.99 0.559259000  10.685 0.000  4.846 0.000   5.839 0.559 0.036 0.559000  0.226 0.000
144.333333 145.333333  106.97 0.559000  2.92 0.559000 9.999 0.559259000 0.58 0.559000000 0.129 0.000  1.776 0.000  2.486 0.000 99.99 0.559259000  13.723 0.000  5.239 0.000   8.484 0.559 0.063 0.559000  0.581 0.000
147.333333 148.333333   15.96 0.559000  1.08 0.559000 9.999 0.559259000 9.99 0.559259000 0.029 0.559  0.392 0.000  0.548 0.000 99.99 0.559259000   3.950 0.000  1.834 0.000   2.116 0.559 0.025 0.559000  0.180 0.559
150.333333 151.333333   47.34 0.559000  1.34 0.559000 9.999 0.559259000 0.38 0.559000000 0.035 0.000  2.123 0.000  2.972 0.000 99.99 0.559259000   8.506 0.000  3.192 0.000   5.314 0.559 0.040 0.559000  0.274 0.000
153.333333 154.333333    2.55 0.000000  0.36 0.000000 9.999 0.259000000 0.08 0.000000000 0.017 0.000  0.318 0.000  0.445 0.000 99.99 0.259000000   3.119 0.000  1.286 0.000   1.833 0.000 0.014 0.000000  0.188 0.000
156.333333 157.333333 9999.99 0.999000 99.99 0.999000 9.999 0.999000000 9.99 0.999000000 9.999 0.999 99.999 0.999 99.999 0.999 99.99 0.999000000 999.999 0.999 99.999 0.999 999.999 0.999 9.999 0.999000 99.999 0.999
159.333333 160.333333 9999.99 0.999000 99.99 0.999000 9.999 0.999000000 9.99 0.999000000 9.999 0.999 99.999 0.999 99.999 0.999 99.99 0.999000000 999.999 0.999 99.999 0.999 999.999 0.999 9.999 0.999000 99.999 0.999
162.333333 163.333333 9999.99 0.999000 99.99 0.999000 9.999 0.999000000 9.99 0.999000000 9.999 0.999 99.999 0.999 99.999 0.999 99.99 0.999000000 999.999 0.999 99.999 0.999 999.999 0.999 9.999 0.999000 99.999 0.999
165.333333 166.333333    5.43 0.559000  0.39 0.559000 0.035 0.559000000 0.11 0.559000000 0.027 0.000  0.444 0.000  0.621 0.000 99.99 0.559259000   4.861 0.000  1.998 0.000   2.863 0.559 0.018 0.559000  0.351 0.000
168.333333 169.333333   23.55 0.000000  0.64 0.000000 9.999 0.259000000 0.20 0.000000000 0.081 0.559  0.784 0.000  1.097 0.000 99.99 0.259000000  10.090 0.000  4.768 0.000   5.322 0.000 0.030 0.000000  0.653 0.559
171.333333 172.333333   45.80 0.559000  1.35 0.559000 9.999 0.559259000 0.30 0.559000000 0.051 0.559  2.384 0.000  3.338 0.000 99.99 0.559259000  11.928 0.000  4.408 0.000   7.520 0.559 0.032 0.559000  0.546 0.559
174.333333 175.333333    4.28 0.559000  0.38 0.559000 9.999 0.559259000 9.99 0.559259000 0.014 0.000  0.592 0.000  0.828 0.000 99.99 0.559259000   4.003 0.000  1.568 0.000   2.436 0.559 0.023 0.559000  0.184 0.000
177.333333 178.333333    4.93 0.559000  0.38 0.559000 9.999 0.559259000 9.99 0.559259000 0.017 0.000  0.510 0.000  0.713 0.000 99.99 0.559259000   3.968 0.000  2.249 0.000   1.720 0.559 0.016 0.559000  0.077 0.000
180.333333 181.333333   16.08 0.559000  1.79 0.559000 9.999 0.559259000 0.37 0.559000000 0.077 0.000  2.768 0.000  3.875 0.000 99.99 0.559259000  10.830 0.000  2.254 0.000   8.576 0.559 0.065 0.559000  0.547 0.000
183.333333 184.333333   66.63 0.559000  2.27 0.559000 9.999 0.559259000 0.41 0.559000000 0.053 0.000  2.848 0.000  3.987 0.000 99.99 0.559259000  13.328 0.000  4.691 0.000   8.637 0.559 0.050 0.559000  0.469 0.000
186.333333 187.333333   34.92 0.559000  2.80 0.559000 9.999 0.559259000 0.25 0.559000000 0.104 0.000  1.348 0.000  1.887 0.000 99.99 0.559259000  10.127 0.000  3.476 0.000   6.651 0.559 0.101 0.559000  0.632 0.000
189.333333 190.333333   41.01 0.559000  1.69 0.559000 9.999 0.559259000 0.44 0.559000000 0.063 0.000  2.578 0.000  3.609 0.000 99.99 0.559259000  11.450 0.000  3.466 0.000   7.984 0.559 0.035 0.559000  0.462 0.000
192.333333 193.333333   41.00 0.000000  1.23 0.000000 9.999 0.259000000 0.25 0.000000000 0.168 0.000  2.191 0.000  3.068 0.000 99.99 0.259000000  14.297 0.000  4.372 0.000   9.925 0.000 0.071 0.000000  0.847 0.000
195.333333 196.333333    3.12 0.000000  0.29 0.000000 9.999 0.259000000 9.99 0.259000000 0.016 0.000  0.248 0.000  0.346 0.000 99.99 0.259000000   4.126 0.000  1.292 0.000   2.834 0.000 0.019 0.000000  0.366 0.000
198.333333 199.333333   12.85 0.559000  0.38 0.559000 0.047 0.559000000 9.99 0.559259000 0.062 0.559  0.353 0.000  0.494 0.000 99.99 0.559259000   5.270 0.000  1.609 0.000   3.660 0.559 0.015 0.559000  1.275 0.559
201.333333 202.333333   12.56 0.559000  1.34 0.559000 9.999 0.559259000 0.21 0.559000000 0.061 0.559  0.739 0.000  1.034 0.000 99.99 0.559259000   8.578 0.000  1.069 0.000   7.509 0.559 0.020 0.559000  1.780 0.559
204.333333 205.333333   16.23 0.000000  1.12 0.000000 9.999 0.259000000 0.24 0.000000000 0.025 0.000  1.096 0.000  1.534 0.000 99.99 0.259000000  10.588 0.000  2.537 0.000   8.051 0.000 0.042 0.000000  1.167 0.000
207.333333 208.333333   16.56 0.000000  0.49 0.000000 9.999 0.259000000 0.19 0.000000000 9.999 0.456  0.817 0.000  1.143 0.000 99.99 0.259000000   7.757 0.000  2.886 0.000   4.870 0.000 0.038 0.000000 99.999 0.456
210.333333 211.333333    8.07 0.000000  0.73 0.000000 9.999 0.259000000 0.24 0.000000000 9.999 0.456  0.799 0.000  1.119 0.000 99.99 0.259000000   6.618 0.000  2.335 0.000   4.283 0.000 0.017 0.000000 99.999 0.456
213.333333 214.333333   12.07 0.000000  0.40 0.000000 9.999 0.259000000 9.99 0.259000000 0.019 0.000  0.677 0.000  0.947 0.000 99.99 0.259000000   5.158 0.000  2.418 0.000   2.740 0.000 0.024 0.000000  0.171 0.000
216.333333 217.333333    7.75 0.000000  0.38 0.000000 9.999 0.259000000 9.99 0.259000000 0.017 0.000  0.793 0.000  1.110 0.000 99.99 0.259000000   5.523 0.000  0.811 0.000   4.712 0.000 0.018 0.000000  0.243 0.000
219.333333 220.333333   43.25 0.000000  1.76 0.000000 9.999 0.259000000 0.33 0.000000000 0.050 0.000  1.480 0.000  2.073 0.000 99.99 0.259000000  10.090 0.000  4.187 0.000   5.903 0.000 0.021 0.000000  0.387 0.000
