scripts/IMPROVE-2019_partial/data/US4999R.20060102080000.20191216000000.filterpack..pm25.52w.1w.US03L_filterpack_US4999.US03L_IMPROVE_Davis.lev2.nas
66 1001
MISSING INFORMATION
US03L, IMPROVE, , , , , , , 
MISSING INFORMATION
IMPROVE sel_HTAP
1 1
2006 01 01 2019 12 16
3.000000
days from file reference point
27
1 1 1 1 1 1 1 1 1 1 1 1 1 1 1 1 1 1 1 1 1 1 1 1 1 1 1
999.999999 999.99 9.999 99.99 9.999 9.999 9.999999 99.99 9.999999 9.999 9.999 99.999 9.999999 99.999 9.999999 999.99 9.999999 999.999 9.999 99.999 9.999 999.999 9.999 9.999 9.999 9.999 9.999
end_time of measurement, days from the file reference point
iron, ng/m3, Revision date=20181210133000
numflag iron, no unit, Revision date=20181210133000
lead, ng/m3, Revision date=20181210133000
numflag lead, no unit, Revision date=20181210133000
magnesium, ug/m3, Revision date=20181210133000
numflag magnesium, no unit, Revision date=20181210133000
nickel, ng/m3, Revision date=20181210133000
numflag nickel, no unit, Revision date=20181210133000
nitrate, ug N/m3, Revision date=20181210133000
numflag nitrate, no unit, Revision date=20181210133000
organic_carbon, ug C/m3, Revision date=20181210133000
numflag organic_carbon, no unit, Revision date=20181210133000
organic_mass, ug/m3, Revision date=20181210133000
numflag organic_mass, no unit, Revision date=20181210133000
phosphorus, ng/m3, Revision date=20181210133000
numflag phosphorus, no unit, Revision date=20181210133000
pm10_mass, ug/m3, Version=2, Version description=Data extracted from http://views.cira.colostate.edu/fed/DataWizard 2019-12-16, Sample duration=1d, Orig. time res.=3d, Matrix=pm10, Blank correction=Blank corrected, Volume std. temperature=ambient, Volume std. pressure=ambient
numflag pm10_mass, no unit, Version=2, Version description=Data extracted from http://views.cira.colostate.edu/fed/DataWizard 2019-12-16, Sample duration=1d, Orig. time res.=3d, Matrix=pm10, Blank correction=Blank corrected, Volume std. temperature=ambient, Volume std. pressure=ambient
pm10_pm25_mass, ug/m3, Revision date=20181210133000, Matrix=pm10_pm25
numflag pm10_pm25_mass, no unit, Revision date=20181210133000, Matrix=pm10_pm25
pm25_mass, ug/m3, Version=2, Version description=Data extracted from http://views.cira.colostate.edu/fed/DataWizard 2019-12-16, Sample duration=1d, Orig. time res.=3d, Blank correction=Blank corrected, Volume std. temperature=ambient, Volume std. pressure=ambient
numflag pm25_mass, no unit, Version=2, Version description=Data extracted from http://views.cira.colostate.edu/fed/DataWizard 2019-12-16, Sample duration=1d, Orig. time res.=3d, Blank correction=Blank corrected, Volume std. temperature=ambient, Volume std. pressure=ambient
potassium, ug/m3, Revision date=20181210133000
numflag potassium, no unit, Revision date=20181210133000
sulphate_total, ug S/m3, Revision date=20181210133000
numflag sulphate_total, no unit, Revision date=20181210133000
0
25
Data definition:              EBAS_1.1
Set type code:                TU
Timezone:                     UTC
File name:                    US4999R.20060102080000.20191216000000.filterpack..pm25.52w.1w.US03L_filterpack_US4999.US03L_IMPROVE_Davis.lev2.nas
File creation:                20191218120503
Startdate:                    20060102080000
Revision date:                20191216000000
Statistics:                   arithmetic mean
Data level:                   2
Period code:                  52w
Resolution code:              1w
Station code:                 US4999R
Platform code:                US4999S
Station name:                 Mount Rainier National Park-Tahoma Woods (WA99)
Station latitude:             46.7582
Station longitude:            -122.1243
Station altitude:             424.0 m
Regime:                       IMG
Component:                    
Matrix:                       pm25
Laboratory code:              US03L
Instrument type:              filterpack
Instrument name:              filterpack_US4999
Method ref:                   US03L_IMPROVE_Davis
starttime endtime Fe flag_Fe Pb flag_Pb Mg++ flag_Mg++ Ni flag_Ni NO3- flag_NO3- OC flag_OC OM flag_OM P flag_P PM10 flag_PM10 PM10-PM2.5 flag_PM10-PM2.5 PM2.5 flag_PM2.5 K+ flag_K+ SO4-- flag_SO4--
[from data line 80]
241.333333 242.333333   5.38 0.000  0.17 0.000 0.008 0.000000  0.16 0.000000 0.032 0.000  0.029 0.559000  0.052 0.559000 999.99 0.259000   3.723 0.000  1.994 0.000   1.729 0.000 0.018 0.000 0.162 0.000
244.333333 245.333333  81.20 0.699  1.76 0.699 0.010 0.699000  0.72 0.699000 0.019 0.000  2.699 0.000000  4.859 0.000000 999.99 0.699259  12.781 0.000  5.625 0.699   7.156 0.000 0.062 0.699 0.125 0.000
247.333333 248.333333  57.78 0.000  1.59 0.000 9.999 0.259000  0.84 0.000000 0.037 0.000  2.798 0.000000  5.036 0.000000 999.99 0.259000  12.784 0.000  4.194 0.000   8.591 0.000 0.051 0.000 0.357 0.000
250.333333 251.333333  53.54 0.000  0.86 0.000 9.999 0.259000  0.35 0.000000 0.083 0.000  1.095 0.000000  1.971 0.000000 999.99 0.259000   9.622 0.000  4.609 0.000   5.013 0.000 0.038 0.000 0.319 0.000
253.333333 254.333333  39.84 0.000  1.31 0.000 9.999 0.259000  0.66 0.000000 0.053 0.000  1.144 0.000000  2.060 0.000000 999.99 0.259000   8.387 0.000  3.436 0.000   4.951 0.000 0.024 0.000 0.321 0.000
256.333333 257.333333   5.28 0.000  0.05 0.000 0.028 0.000000  0.13 0.000000 0.042 0.000  0.169 0.000000  0.304 0.000000 999.99 0.259000   5.040 0.000  2.556 0.000   2.484 0.000 0.016 0.000 0.182 0.000
259.333333 260.333333   3.32 0.000  0.27 0.000 9.999 0.259000 99.99 0.259000 0.019 0.000  0.218 0.000000  0.392 0.000000 999.99 0.259000   2.855 0.000  1.321 0.000   1.534 0.000 0.011 0.000 0.113 0.000
262.333333 263.333333 999.99 0.999 99.99 0.999 9.999 0.999000 99.99 0.999000 9.999 0.999 99.999 0.999000 99.999 0.999000 999.99 0.999000 999.999 0.999 99.999 0.999 999.999 0.999 9.999 0.999 9.999 0.999
265.333333 266.333333  11.45 0.000  1.27 0.000 9.999 0.259000  0.29 0.000000 0.019 0.000  1.012 0.000000  1.821 0.000000 999.99 0.259000   5.516 0.000  2.189 0.000   3.326 0.000 0.023 0.000 0.163 0.000
268.333333 269.333333  44.51 0.000  1.29 0.000 9.999 0.259000  0.51 0.000000 0.014 0.000  1.825 0.000000  3.285 0.000000 999.99 0.259000   8.203 0.000  3.543 0.000   4.660 0.000 0.030 0.000 0.108 0.000
271.333333 272.333333  58.53 0.000  1.93 0.000 9.999 0.259000  1.48 0.000000 0.017 0.000  1.564 0.559000  2.816 0.559000 999.99 0.259000   9.259 0.000  3.344 0.000   5.915 0.000 0.031 0.000 0.237 0.000
274.333333 275.333333  25.97 0.000  1.60 0.000 0.008 0.000000  0.65 0.000000 0.039 0.000  1.029 0.000000  1.852 0.000000 999.99 0.259000   7.016 0.000  2.581 0.000   4.436 0.000 0.027 0.000 0.372 0.000
277.333333 278.333333  26.94 0.000  2.96 0.000 9.999 0.259000  0.29 0.000000 0.018 0.000  1.421 0.000000  2.557 0.000000 999.99 0.259000   7.094 0.000  2.457 0.000   4.638 0.000 0.037 0.000 0.226 0.000
280.333333 281.333333   7.68 0.000  3.11 0.000 9.999 0.259000  0.34 0.000000 0.092 0.000  1.240 0.000000  2.232 0.000000 999.99 0.259000   5.356 0.000  1.741 0.000   3.615 0.000 0.032 0.000 0.216 0.000
283.333333 284.333333  15.51 0.000  0.88 0.000 9.999 0.259000  0.14 0.000000 0.008 0.000  0.999 0.559000  1.798 0.559000 999.99 0.259000   5.126 0.000  2.143 0.000   2.984 0.000 0.028 0.000 0.079 0.000
286.333333 287.333333  50.07 0.699  5.02 0.699 9.999 0.699259  1.70 0.699000 0.173 0.000  4.875 0.000000  8.776 0.000000 999.99 0.699259  16.578 0.000  3.659 0.699  12.919 0.000 0.106 0.699 0.503 0.000
289.333333 290.333333   3.87 0.000  0.82 0.000 9.999 0.259000  0.16 0.000000 0.020 0.000  1.363 0.559000  2.453 0.559000 999.99 0.259000   5.502 0.000  2.050 0.000   3.452 0.000 0.024 0.000 0.188 0.000
292.333333 293.333333   5.06 0.000  0.41 0.000 0.027 0.000000  0.13 0.000000 0.072 0.000  0.677 0.559000  1.218 0.559000 999.99 0.259000   6.838 0.000  3.512 0.000   3.326 0.000 0.044 0.000 0.167 0.000
295.333333 296.333333  14.87 0.699  5.73 0.699 9.999 0.699259  0.51 0.699000 0.045 0.000  3.760 0.000000  6.768 0.000000 999.99 0.699259  12.148 0.000  2.380 0.699   9.768 0.000 0.085 0.699 0.371 0.000
298.333333 299.333333   3.31 0.000  0.34 0.000 0.011 0.000000 99.99 0.259000 0.026 0.000  1.425 0.559000  2.565 0.559000 999.99 0.259000   6.207 0.000  2.422 0.000   3.785 0.000 0.039 0.000 0.164 0.000
301.333333 302.333333   4.42 0.000  1.02 0.000 0.011 0.000000 99.99 0.259000 0.021 0.000  1.450 0.000000  2.609 0.000000 999.99 0.259000   6.581 0.000  3.013 0.000   3.569 0.000 0.036 0.000 0.157 0.000
304.333333 305.333333   8.03 0.000  0.39 0.000 9.999 0.259000 99.99 0.259000 0.012 0.000  2.174 0.000000  3.913 0.000000 999.99 0.259000   5.300 0.000  0.864 0.000   4.437 0.000 0.028 0.000 0.093 0.000
307.333333 308.333333   3.52 0.000  0.23 0.000 0.007 0.000000  0.27 0.000000 0.007 0.000  0.491 0.000000  0.884 0.000000   6.95 0.000000   2.703 0.000  1.562 0.000   1.141 0.000 0.024 0.000 0.037 0.000
310.333333 311.333333   2.95 0.394  0.14 0.394 9.999 0.394259  0.29 0.394000 0.006 0.394  0.478 0.559394  0.860 0.559394   4.01 0.394000   1.809 0.000  1.051 0.394   0.757 0.000 0.014 0.394 0.019 0.394
313.333333 314.333333   0.64 0.000  0.08 0.000 9.999 0.259000  0.06 0.000000 0.004 0.000  0.392 0.559000  0.706 0.559000 999.99 0.259000   1.398 0.000  0.477 0.000   0.921 0.000 0.015 0.000 0.023 0.000
316.333333 317.333333   1.25 0.000  0.13 0.000 9.999 0.259000 99.99 0.259000 0.007 0.000  0.137 0.000000  0.247 0.000000 999.99 0.259000   1.480 0.000  0.712 0.000   0.768 0.000 0.010 0.000 0.053 0.000
319.333333 320.333333   0.89 0.000  0.24 0.000 9.999 0.259000 99.99 0.259000 0.013 0.000  0.223 0.000000  0.401 0.000000 999.99 0.259000   2.220 0.000  1.192 0.000   1.028 0.000 0.010 0.000 0.046 0.000
322.333333 323.333333   1.41 0.000  0.22 0.000 9.999 0.259000 99.99 0.259000 0.005 0.000  0.530 0.000000  0.954 0.000000 999.99 0.259000   2.331 0.000  1.010 0.000   1.321 0.000 0.012 0.000 0.063 0.000
325.333333 326.333333   0.57 0.000  0.14 0.000 0.012 0.000000 99.99 0.259000 0.001 0.000  0.074 0.000000  0.134 0.000000 999.99 0.259000   1.074 0.000  0.606 0.000   0.468 0.000 0.005 0.000 0.016 0.000
328.333333 329.333333   1.46 0.000  0.54 0.000 9.999 0.259000 99.99 0.259000 0.013 0.000  0.297 0.000000  0.534 0.000000 999.99 0.259000   2.396 0.000  0.874 0.000   1.522 0.000 0.011 0.000 0.090 0.000
331.333333 332.333333   5.88 0.000  0.36 0.000 0.012 0.000000  0.17 0.000000 0.056 0.000  1.114 0.559000  2.005 0.559000 999.99 0.259000   4.138 0.000  0.689 0.000   3.449 0.000 0.028 0.000 0.180 0.000
334.333333 335.333333   1.59 0.000  0.13 0.000 9.999 0.259000  0.19 0.000000 0.021 0.000  0.615 0.559000  1.106 0.559000 999.99 0.259000   2.391 0.000  0.668 0.000   1.723 0.000 0.012 0.000 0.106 0.000
337.333333 338.333333   3.68 0.000  0.55 0.000 9.999 0.259000 99.99 0.259000 0.003 0.000  0.453 0.000000  0.816 0.000000 999.99 0.259000   2.023 0.000  0.732 0.000   1.290 0.000 0.010 0.000 0.065 0.000
340.333333 341.333333   6.66 0.000  0.14 0.000 9.999 0.259000 99.99 0.259000 0.003 0.000  0.627 0.000000  1.129 0.000000 999.99 0.259000   3.017 0.000  1.156 0.000   1.861 0.000 0.016 0.000 0.041 0.000
343.333333 344.333333   0.55 0.000  0.43 0.000 9.999 0.259000 99.99 0.259000 0.002 0.000  0.141 0.000000  0.255 0.000000 999.99 0.259000   1.192 0.000  0.505 0.000   0.688 0.000 0.006 0.000 0.018 0.000
346.333333 347.333333   0.66 0.000  0.05 0.000 0.084 0.000000 99.99 0.259000 0.007 0.000  0.119 0.000000  0.214 0.000000 999.99 0.259000   3.589 0.000  1.074 0.000   2.515 0.000 0.024 0.000 0.062 0.000
349.333333 350.333333 999.99 0.999 99.99 0.999 9.999 0.999000 99.99 0.999000 9.999 0.999 99.999 0.999000 99.999 0.999000 999.99 0.999000 999.999 0.999 99.999 0.999 999.999 0.999 9.999 0.999 9.999 0.999
352.333333 353.333333   2.48 0.000  0.39 0.000 9.999 0.259000  0.09 0.000000 0.004 0.000  0.291 0.000000  0.524 0.000000 999.99 0.259000   1.235 0.000  0.388 0.000   0.847 0.000 0.009 0.000 0.021 0.000
355.333333 356.333333   0.36 0.000  0.24 0.000 9.999 0.259000 99.99 0.259000 0.003 0.000  0.291 0.000000  0.523 0.000000 999.99 0.259000   1.070 0.000  0.339 0.000   0.731 0.000 0.007 0.000 0.014 0.000
358.333333 359.333333   0.37 0.000  0.12 0.000 0.011 0.000000 99.99 0.259000 0.004 0.000  0.245 0.000000  0.441 0.000000 999.99 0.259000   1.435 0.000  0.555 0.000   0.880 0.000 0.008 0.000 0.016 0.000
361.333333 362.333333   3.96 0.000  0.27 0.000 9.999 0.259000  0.14 0.000000 0.013 0.000  0.289 0.000000  0.521 0.000000 999.99 0.259000   1.280 0.000  0.168 0.000   1.112 0.000 0.009 0.000 0.045 0.000
364.333333 365.333333   2.94 0.000  1.27 0.000 9.999 0.259000  0.11 0.000000 0.005 0.000  1.311 0.000000  2.359 0.000000 999.99 0.259000   3.097 0.000  0.496 0.000   2.600 0.000 0.025 0.000 0.023 0.000
