scripts/IMPROVE-2019_partial/data/US4999R.19910102080000.20191216000000.filterpack...1y.3d.US03L_filterpack_US4999.US03L_IMPROVE_Davis.lev2.nas
52 1001
MISSING INFORMATION
US03L, IMPROVE, , , , , , , 
MISSING INFORMATION
IMPROVE sel_HTAP
1 1
1991 01 01 2019 12 16
0
days from file reference point
5
1 1 1 1 1
999.999999 999.999 9.999 999.999 9.999999
end_time of measurement, days from the file reference point
pm10_mass, ug/m3, Matrix=pm10
numflag pm10_mass, no unit, Matrix=pm10
pm25_mass, ug/m3, Matrix=pm25
numflag pm25_mass, no unit, Matrix=pm25
0
33
Data definition:              EBAS_1.1
Set type code:                TI
Timezone:                     UTC
File name:                    US4999R.19910102080000.20191216000000.filterpack...1y.3d.US03L_filterpack_US4999.US03L_IMPROVE_Davis.lev2.nas
File creation:                20191218120500
Startdate:                    19910102080000
Revision date:                20191216000000
Version:                      2
Version description:          "Data extracted from http://views.cira.colostate.edu/fed/DataWizard 2019-12-16"
Statistics:                   arithmetic mean
Data level:                   2
Period code:                  1y
Resolution code:              3d
Sample duration:              1d
Orig. time res.:              3d
Station code:                 US4999R
Platform code:                US4999S
Station name:                 Mount Rainier National Park-Tahoma Woods (WA99)
Station latitude:             46.7582
Station longitude:            -122.1243
Station altitude:             424.0 m
Regime:                       IMG
Component:                    
Unit:                         ug/m3
Matrix:                       
Laboratory code:              US03L
Instrument type:              filterpack
Instrument name:              filterpack_US4999
Method ref:                   US03L_IMPROVE_Davis
Blank correction:             Blank corrected
Volume std. temperature:      ambient
Volume std. pressure:         ambient
starttime endtime PM10 flag_PM10 PM2.5 flag_PM2.5
  1.333333   2.333333 999.999 0.999 999.999 0.999000
  4.333333   5.333333   8.707 0.000   7.634 0.559000
  8.333333   9.333333   2.924 0.000   2.821 0.559000
 11.333333  12.333333   2.198 0.000   2.100 0.559000
 15.333333  16.333333   5.083 0.000   3.932 0.559000
 18.333333  19.333333   7.311 0.000   6.938 0.559000
 22.333333  23.333333  16.833 0.000  11.153 0.559000
 25.333333  26.333333  10.000 0.000   6.511 0.559000
 29.333333  30.333333   7.213 0.000   5.215 0.559000
 32.333333  33.333333   2.295 0.000   1.341 0.559000
 36.333333  37.333333   6.083 0.000   4.006 0.559000
 39.333333  40.333333   9.375 0.000   7.245 0.559000
 43.333333  44.333333   1.777 0.000   1.125 0.559000
 46.333333  47.333333   3.908 0.000   2.925 0.559000
 50.333333  51.333333   5.525 0.000   2.192 0.559000
 53.333333  54.333333  18.313 0.000  15.619 0.559000
 57.333333  58.333333  13.776 0.000   9.299 0.559000
 60.333333  61.333333 999.999 0.999   0.723 0.559000
 64.333333  65.333333   2.801 0.000   2.024 0.559000
 67.333333  68.333333   9.424 0.000   2.749 0.559000
 71.333333  72.333333   8.213 0.000   5.047 0.559000
 74.333333  75.333333  10.912 0.000   3.189 0.559000
 78.333333  79.333333   7.933 0.000   4.785 0.559000
 81.333333  82.333333   6.836 0.000   4.233 0.559000
 85.333333  86.333333  10.337 0.000   6.043 0.559000
 88.333333  89.333333  17.086 0.000 999.999 0.559259
 92.333333  93.333333   1.735 0.000   0.748 0.559000
 95.333333  96.333333   2.201 0.000   1.500 0.559000
 99.333333 100.333333   6.516 0.000   3.148 0.559000
102.333333 103.333333  12.955 0.000   4.906 0.559000
106.333333 107.333333  13.897 0.000  12.260 0.559000
109.333333 110.333333  24.365 0.000   9.286 0.559000
113.333333 114.333333   9.446 0.000   1.027 0.559000
116.333333 117.333333   8.175 0.000   3.263 0.559000
120.333333 121.333333  12.712 0.000 999.999 0.559259
123.333333 124.333333  20.608 0.000 999.999 0.559259
127.333333 128.333333   3.243 0.000   1.207 0.559000
130.333333 131.333333  12.397 0.000   9.350 0.559000
134.333333 135.333333   8.970 0.000   5.870 0.559000
137.333333 138.333333   6.797 0.000   1.957 0.559000
141.333333 142.333333  11.692 0.000   5.545 0.559000
144.333333 145.333333   7.778 0.000   1.543 0.559000
148.333333 149.333333  20.936 0.000   5.688 0.559000
151.333333 152.333333 999.999 0.999 999.999 0.559259
155.333333 156.333333  25.465 0.000   9.847 0.559000
158.333333 159.333333   8.227 0.000   5.366 0.559000
162.333333 163.333333   3.006 0.000   1.982 0.559000
165.333333 166.333333   4.915 0.000   3.354 0.559000
169.333333 170.333333   8.583 0.000   7.219 0.559000
172.333333 173.333333  12.606 0.000   7.421 0.559000
176.333333 177.333333   9.000 0.000   5.893 0.559000
179.333333 180.333333   6.441 0.000   3.661 0.559000
183.333333 184.333333  20.899 0.000  10.629 0.559000
186.333333 187.333333 999.999 0.999  11.198 0.559000
190.333333 191.333333  20.960 0.000   7.922 0.559000
193.333333 194.333333   9.913 0.000   4.880 0.559000
197.333333 198.333333   8.254 0.000   4.649 0.559000
200.333333 201.333333   7.863 0.000   7.781 0.559000
204.333333 205.333333  13.125 0.000  10.533 0.559000
207.333333 208.333333  11.632 0.000   5.926 0.559000
211.333333 212.333333  11.568 0.000   8.802 0.559000
214.333333 215.333333  17.410 0.000  12.575 0.559000
218.333333 219.333333 999.999 0.999 999.999 0.999000
221.333333 222.333333   6.714 0.000   6.596 0.559000
225.333333 226.333333 999.999 0.999 999.999 0.999000
228.333333 229.333333  21.771 0.000  20.030 0.559000
232.333333 233.333333  14.000 0.000  10.091 0.559000
235.333333 236.333333   8.820 0.000   6.220 0.559000
239.333333 240.333333   3.212 0.000   1.988 0.559000
242.333333 243.333333  12.961 0.000   9.046 0.559000
246.333333 247.333333 999.999 0.999 999.999 0.999000
249.333333 250.333333   6.588 0.000   3.102 0.559000
253.333333 254.333333 999.999 0.999 999.999 0.999000
256.333333 257.333333 999.999 0.999  10.769 0.559000
260.333333 261.333333  34.041 0.000   9.547 0.559000
263.333333 264.333333 999.999 0.999   7.622 0.559000
267.333333 268.333333  17.184 0.000   8.782 0.559000
270.333333 271.333333  16.980 0.000  13.750 0.559000
274.333333 275.333333  17.434 0.000  11.883 0.559000
277.333333 278.333333  15.939 0.000   5.586 0.559000
281.333333 282.333333  11.992 0.000   6.189 0.559000
284.333333 285.333333  18.745 0.000  10.455 0.559000
288.333333 289.333333   9.469 0.000   3.665 0.559000
291.333333 292.333333  13.655 0.000  13.473 0.559000
295.333333 296.333333   7.382 0.000   3.121 0.559000
298.333333 299.333333  30.690 0.000  14.500 0.559000
302.333333 303.333333  12.192 0.000   9.775 0.559000
305.333333 306.333333   8.960 0.000   7.524 0.559000
309.333333 310.333333  11.549 0.000   5.611 0.559000
312.333333 313.333333   9.779 0.000   2.839 0.559000
316.333333 317.333333   9.864 0.000   1.656 0.559000
319.333333 320.333333  11.168 0.000   1.486 0.559000
323.333333 324.333333   5.045 0.000   0.955 0.559000
326.333333 327.333333   3.125 0.000   2.548 0.559000
330.333333 331.333333   7.225 0.000   3.302 0.559000
333.333333 334.333333  15.551 0.000 999.999 0.559259
337.333333 338.333333   3.305 0.000   2.190 0.559000
340.333333 341.333333   2.358 0.000   1.556 0.559000
344.333333 345.333333   7.407 0.000   2.019 0.559000
347.333333 348.333333  12.963 0.000   6.238 0.559000
351.333333 352.333333   6.232 0.000   1.847 0.559000
354.333333 355.333333   7.857 0.000   2.342 0.559000
358.333333 359.333333   6.844 0.000   2.032 0.559000
361.333333 362.333333   7.721 0.000   6.677 0.559000
