scripts/IMPROVE-2019_partial/data/US4999R.20060102080000.20191216000000.filterpack..pm25.52w.1w.US03L_filterpack_US4999.US03L_IMPROVE_Davis.lev2.nas
66 1001
MISSING INFORMATION
US03L, IMPROVE, , , , , , , 
MISSING INFORMATION
IMPROVE sel_HTAP
1 1
2006 01 01 2019 12 16
3.000000
days from file reference point
27
1 1 1 1 1 1 1 1 1 1 1 1 1 1 1 1 1 1 1 1 1 1 1 1 1 1 1
999.999999 999.99 9.999 99.99 9.999 9.999 9.999999 99.99 9.999999 9.999 9.999 99.999 9.999999 99.999 9.999999 999.99 9.999999 999.999 9.999 99.999 9.999 999.999 9.999 9.999 9.999 9.999 9.999
end_time of measurement, days from the file reference point
iron, ng/m3, Revision date=20181210133000
numflag iron, no unit, Revision date=20181210133000
lead, ng/m3, Revision date=20181210133000
numflag lead, no unit, Revision date=20181210133000
magnesium, ug/m3, Revision date=20181210133000
numflag magnesium, no unit, Revision date=20181210133000
nickel, ng/m3, Revision date=20181210133000
numflag nickel, no unit, Revision date=20181210133000
nitrate, ug N/m3, Revision date=20181210133000
numflag nitrate, no unit, Revision date=20181210133000
organic_carbon, ug C/m3, Revision date=20181210133000
numflag organic_carbon, no unit, Revision date=20181210133000
organic_mass, ug/m3, Revision date=20181210133000
numflag organic_mass, no unit, Revision date=20181210133000
phosphorus, ng/m3, Revision date=20181210133000
numflag phosphorus, no unit, Revision date=20181210133000
pm10_mass, ug/m3, Version=2, Version description=Data extracted from http://views.cira.colostate.edu/fed/DataWizard 2019-12-16, Sample duration=1d, Orig. time res.=3d, Matrix=pm10, Blank correction=Blank corrected, Volume std. temperature=ambient, Volume std. pressure=ambient
numflag pm10_mass, no unit, Version=2, Version description=Data extracted from http://views.cira.colostate.edu/fed/DataWizard 2019-12-16, Sample duration=1d, Orig. time res.=3d, Matrix=pm10, Blank correction=Blank corrected, Volume std. temperature=ambient, Volume std. pressure=ambient
pm10_pm25_mass, ug/m3, Revision date=20181210133000, Matrix=pm10_pm25
numflag pm10_pm25_mass, no unit, Revision date=20181210133000, Matrix=pm10_pm25
pm25_mass, ug/m3, Version=2, Version description=Data extracted from http://views.cira.colostate.edu/fed/DataWizard 2019-12-16, Sample duration=1d, Orig. time res.=3d, Blank correction=Blank corrected, Volume std. temperature=ambient, Volume std. pressure=ambient
numflag pm25_mass, no unit, Version=2, Version description=Data extracted from http://views.cira.colostate.edu/fed/DataWizard 2019-12-16, Sample duration=1d, Orig. time res.=3d, Blank correction=Blank corrected, Volume std. temperature=ambient, Volume std. pressure=ambient
potassium, ug/m3, Revision date=20181210133000
numflag potassium, no unit, Revision date=20181210133000
sulphate_total, ug S/m3, Revision date=20181210133000
numflag sulphate_total, no unit, Revision date=20181210133000
0
25
Data definition:              EBAS_1.1
Set type code:                TU
Timezone:                     UTC
File name:                    US4999R.20060102080000.20191216000000.filterpack..pm25.52w.1w.US03L_filterpack_US4999.US03L_IMPROVE_Davis.lev2.nas
File creation:                20191218120503
Startdate:                    20060102080000
Revision date:                20191216000000
Statistics:                   arithmetic mean
Data level:                   2
Period code:                  52w
Resolution code:              1w
Station code:                 US4999R
Platform code:                US4999S
Station name:                 Mount Rainier National Park-Tahoma Woods (WA99)
Station latitude:             46.7582
Station longitude:            -122.1243
Station altitude:             424.0 m
Regime:                       IMG
Component:                    
Matrix:                       pm25
Laboratory code:              US03L
Instrument type:              filterpack
Instrument name:              filterpack_US4999
Method ref:                   US03L_IMPROVE_Davis
starttime endtime Fe flag_Fe Pb flag_Pb Mg++ flag_Mg++ Ni flag_Ni NO3- flag_NO3- OC flag_OC OM flag_OM P flag_P PM10 flag_PM10 PM10-PM2.5 flag_PM10-PM2.5 PM2.5 flag_PM2.5 K+ flag_K+ SO4-- flag_SO4--
  1.333333   2.333333   0.50 0.000  0.30 0.000 0.004 0.000000 99.99 0.259000 0.004 0.000  0.387 0.000000  0.541 0.000000   1.23 0.000000   1.145 0.000  0.479 0.000   0.666 0.000 0.012 0.000 0.017 0.000
  4.333333   5.333333   2.08 0.000  0.35 0.000 9.999 0.259000 99.99 0.259000 0.005 0.000  0.124 0.000000  0.173 0.000000 999.99 0.259000   1.228 0.000  0.609 0.000   0.619 0.000 0.008 0.000 0.060 0.000
  7.333333   8.333333   0.75 0.000  0.23 0.000 0.002 0.000000 99.99 0.259000 0.002 0.000  0.140 0.000000  0.196 0.000000 999.99 0.259000   1.273 0.000  0.962 0.000   0.310 0.000 0.004 0.000 0.014 0.000
 10.333333  11.333333   0.59 0.000 99.99 0.259 9.999 0.259000 99.99 0.259000 0.003 0.000  0.003 0.000000  0.005 0.000000 999.99 0.259000   0.755 0.000  0.363 0.000   0.392 0.000 0.006 0.000 0.014 0.000
 13.333333  14.333333   1.14 0.000  0.20 0.000 9.999 0.259000 99.99 0.259000 0.012 0.000  0.135 0.000000  0.188 0.000000 999.99 0.259000   1.564 0.000  0.703 0.000   0.862 0.000 0.009 0.000 0.044 0.000
 16.333333  17.333333   1.66 0.000  0.19 0.000 0.011 0.000000 99.99 0.259000 0.009 0.000  0.169 0.000000  0.237 0.000000 999.99 0.259000   1.363 0.000  0.498 0.000   0.866 0.000 0.011 0.000 0.033 0.000
 19.333333  20.333333   0.45 0.000  0.23 0.000 9.999 0.259000 99.99 0.259000 0.002 0.000  0.054 0.000000  0.076 0.000000   3.23 0.000000   0.679 0.000  0.374 0.000   0.305 0.000 0.006 0.000 0.015 0.000
 22.333333  23.333333   2.74 0.000  0.18 0.000 9.999 0.259000 99.99 0.259000 0.002 0.000  0.724 0.000000  1.013 0.000000 999.99 0.259000   1.778 0.000  0.573 0.000   1.206 0.000 0.008 0.000 0.019 0.000
 25.333333  26.333333   0.60 0.000  0.16 0.000 9.999 0.259000  0.09 0.000000 0.010 0.000  0.051 0.000000  0.071 0.000000 999.99 0.259000   1.188 0.000  0.458 0.000   0.730 0.000 0.006 0.000 0.037 0.000
 28.333333  29.333333   0.40 0.000  0.12 0.000 0.006 0.000000  0.03 0.000000 0.005 0.000  0.048 0.000000  0.067 0.000000 999.99 0.259000   0.679 0.000  0.313 0.000   0.366 0.000 0.005 0.000 0.020 0.000
 31.333333  32.333333   0.84 0.000 99.99 0.259 0.046 0.000000 99.99 0.259000 0.015 0.000  0.192 0.000000  0.269 0.000000 999.99 0.259000   2.152 0.000  0.543 0.000   1.608 0.000 0.012 0.000 0.045 0.000
 34.333333  35.333333   1.36 0.394  0.13 0.394 0.072 0.394000 99.99 0.394259 0.008 0.394  0.253 0.394000  0.354 0.394000 999.99 0.394259   3.120 0.000  1.036 0.394   2.084 0.000 0.016 0.394 0.074 0.394
 37.333333  38.333333  11.71 0.000  0.53 0.000 9.999 0.259000 99.99 0.259000 0.007 0.000  1.290 0.000000  1.806 0.000000 999.99 0.259000   4.103 0.000  1.346 0.000   2.757 0.000 0.023 0.000 0.059 0.000
 40.333333  41.333333  10.71 0.000  0.49 0.000 0.005 0.000000 99.99 0.259000 0.016 0.000  0.165 0.000000  0.231 0.000000 999.99 0.259000   3.069 0.000  1.818 0.000   1.251 0.000 0.012 0.000 0.089 0.000
 43.333333  44.333333   6.47 0.000  1.50 0.000 9.999 0.259000  0.36 0.000000 0.026 0.000  1.430 0.000000  2.001 0.000000 999.99 0.259000   4.410 0.000  0.453 0.000   3.957 0.000 0.029 0.000 0.168 0.000
 46.333333  47.333333  11.50 0.000  1.09 0.000 9.999 0.259000 99.99 0.259000 0.026 0.000  0.698 0.000000  0.977 0.000000 999.99 0.259000   3.044 0.000  0.655 0.000   2.389 0.000 0.021 0.000 0.177 0.000
 49.333333  50.333333   9.51 0.000  0.89 0.000 0.004 0.000000 99.99 0.259000 0.010 0.000  1.288 0.000000  1.803 0.000000 999.99 0.259000   3.301 0.000  0.861 0.000   2.440 0.000 0.022 0.000 0.085 0.000
 52.333333  53.333333   0.83 0.000  0.24 0.000 0.004 0.000000 99.99 0.259000 0.003 0.000  0.099 0.000000  0.139 0.000000 999.99 0.259000   0.668 0.000  0.137 0.000   0.531 0.000 0.006 0.000 0.026 0.000
 55.333333  56.333333  19.96 0.000  1.01 0.000 9.999 0.259000 99.99 0.259000 0.021 0.000  0.359 0.000000  0.502 0.000000 999.99 0.259000   2.706 0.000  0.925 0.000   1.781 0.000 0.025 0.000 0.148 0.000
 58.333333  59.333333  15.11 0.000  1.64 0.000 9.999 0.259000 99.99 0.259000 0.014 0.000  0.385 0.000000  0.539 0.000000 999.99 0.259000   2.653 0.000  0.451 0.000   2.202 0.000 0.029 0.000 0.274 0.000
 61.333333  62.333333  19.57 0.000  0.86 0.000 9.999 0.259000  0.26 0.000000 0.033 0.000  0.874 0.000000  1.224 0.000000 999.99 0.259000   2.990 0.000  0.647 0.000   2.343 0.000 0.020 0.000 0.070 0.000
 64.333333  65.333333   2.01 0.000 99.99 0.259 9.999 0.259000 99.99 0.259000 0.004 0.000  0.094 0.000000  0.132 0.000000 999.99 0.259000   0.683 0.000  0.274 0.000   0.409 0.000 0.004 0.000 0.036 0.000
 67.333333  68.333333   7.09 0.000  1.16 0.000 9.999 0.259000 99.99 0.259000 0.011 0.000 99.999 0.259000 99.999 0.259000 999.99 0.259000   2.654 0.000  0.724 0.000   1.930 0.000 0.024 0.000 0.285 0.000
 70.333333  71.333333  13.31 0.000  1.60 0.000 9.999 0.259000 99.99 0.259000 0.034 0.000  1.290 0.000000  1.806 0.000000 999.99 0.259000   4.508 0.000  0.642 0.000   3.866 0.000 0.031 0.000 0.327 0.000
 73.333333  74.333333  25.22 0.000  0.40 0.000 9.999 0.259000 99.99 0.259000 0.006 0.000  0.138 0.000000  0.193 0.000000 999.99 0.259000   1.892 0.000  0.721 0.000   1.170 0.000 0.018 0.000 0.068 0.000
 76.333333  77.333333  15.18 0.000  1.57 0.000 9.999 0.259000 99.99 0.259000 0.047 0.000  0.542 0.000000  0.759 0.000000 999.99 0.259000   4.252 0.000  1.548 0.000   2.704 0.000 0.031 0.000 0.264 0.000
 79.333333  80.333333  11.53 0.000  0.71 0.000 9.999 0.259000  0.19 0.000000 0.012 0.000  0.569 0.000000  0.797 0.000000 999.99 0.259000   2.861 0.000  0.541 0.000   2.321 0.000 0.016 0.000 0.205 0.000
 82.333333  83.333333  24.43 0.000  0.50 0.000 0.007 0.000000  0.07 0.000000 0.019 0.000  0.315 0.000000  0.442 0.000000 999.99 0.259000   2.397 0.000  0.959 0.000   1.439 0.000 0.019 0.000 0.097 0.000
 85.333333  86.333333  32.79 0.000  0.65 0.000 9.999 0.259000  0.07 0.000000 0.015 0.000  0.329 0.000000  0.460 0.000000 999.99 0.259000   3.571 0.000  1.886 0.000   1.685 0.000 0.025 0.000 0.138 0.000
 88.333333  89.333333   4.87 0.000  0.46 0.000 9.999 0.259000 99.99 0.259000 0.009 0.000  0.194 0.000000  0.272 0.000000 999.99 0.259000   1.759 0.000  0.775 0.000   0.983 0.000 0.010 0.000 0.096 0.000
 91.333333  92.333333  66.32 0.000  0.99 0.000 0.026 0.000000  0.05 0.000000 0.009 0.000  0.131 0.000000  0.184 0.000000 999.99 0.259000   4.350 0.000  2.174 0.000   2.175 0.000 0.043 0.000 0.166 0.000
 94.333333  95.333333  19.23 0.000  1.26 0.000 0.011 0.000000  0.24 0.000000 0.056 0.000  1.027 0.000000  1.438 0.000000 999.99 0.259000   4.757 0.000  1.474 0.000   3.283 0.000 0.027 0.000 0.220 0.000
 97.333333  98.333333  12.71 0.000  1.21 0.000 0.008 0.000000 99.99 0.259000 0.012 0.000  0.705 0.000000  0.987 0.000000 999.99 0.259000   2.772 0.000  0.860 0.000   1.912 0.000 0.021 0.000 0.160 0.000
100.333333 101.333333  10.15 0.000  0.89 0.000 9.999 0.259000  0.18 0.000000 0.008 0.000  0.699 0.000000  0.979 0.000000 999.99 0.259000   2.718 0.000  0.882 0.000   1.837 0.000 0.014 0.000 0.088 0.000
103.333333 104.333333   5.06 0.000  0.32 0.000 0.005 0.000000 99.99 0.259000 0.006 0.000  0.028 0.000000  0.039 0.000000 999.99 0.259000   1.278 0.000  0.521 0.000   0.757 0.000 0.011 0.000 0.046 0.000
106.333333 107.333333   3.78 0.000  0.26 0.000 0.005 0.000000 99.99 0.259000 0.009 0.000  0.131 0.000000  0.184 0.000000 999.99 0.259000   1.453 0.000  0.461 0.000   0.992 0.000 0.009 0.000 0.061 0.000
109.333333 110.333333  34.43 0.000  1.57 0.000 0.008 0.000000 99.99 0.259000 0.048 0.000  1.928 0.000000  2.699 0.000000 999.99 0.259000   9.861 0.000  5.189 0.000   4.671 0.000 0.044 0.000 0.129 0.000
112.333333 113.333333  76.35 0.000  1.82 0.000 0.032 0.000000 99.99 0.259000 0.024 0.000  1.352 0.000000  1.892 0.000000 999.99 0.259000   8.468 0.000  3.997 0.000   4.470 0.000 0.061 0.000 0.164 0.000
115.333333 116.333333  65.17 0.000  1.36 0.000 0.026 0.000000  0.18 0.000000 0.055 0.559  1.288 0.000000  1.803 0.000000 999.99 0.259000   8.442 0.000  3.123 0.000   5.320 0.000 0.056 0.000 0.309 0.559
118.333333 119.333333  50.11 0.000  1.67 0.000 0.019 0.000000  0.12 0.000000 0.033 0.559  1.170 0.000000  1.638 0.000000 999.99 0.259000   6.408 0.000  1.907 0.000   4.501 0.000 0.053 0.000 0.198 0.559
121.333333 122.333333  42.33 0.000  0.79 0.000 0.009 0.000000  0.15 0.000000 0.095 0.559  1.229 0.000000  1.721 0.000000 999.99 0.259000   8.405 0.000  4.290 0.000   4.114 0.000 0.038 0.000 0.167 0.559
124.333333 125.333333  93.63 0.000  1.47 0.000 9.999 0.259000  0.13 0.000000 0.052 0.559  1.006 0.000000  1.409 0.000000 999.99 0.259000  11.578 0.000  5.570 0.000   6.008 0.000 0.061 0.000 0.423 0.559
127.333333 128.333333  27.83 0.000  0.63 0.000 9.999 0.259000  0.12 0.000000 0.058 0.559  0.501 0.000000  0.702 0.000000 999.99 0.259000   5.809 0.000  2.620 0.000   3.189 0.000 0.037 0.000 0.219 0.559
130.333333 131.333333  55.21 0.000  1.61 0.000 9.999 0.259000  0.81 0.000000 0.063 0.559  1.399 0.000000  1.958 0.000000 999.99 0.259000   9.553 0.000  3.698 0.000   5.855 0.000 0.044 0.000 0.348 0.559
133.333333 134.333333  59.94 0.000  2.97 0.000 9.999 0.259000  0.84 0.000000 0.044 0.559  2.684 0.000000  3.758 0.000000 999.99 0.259000  11.679 0.000  3.743 0.000   7.936 0.000 0.052 0.000 0.434 0.559
136.333333 137.333333  92.82 0.000  3.50 0.000 9.999 0.259000  1.14 0.000000 0.147 0.559  3.151 0.000000  4.411 0.000000 999.99 0.259000  17.467 0.000  6.920 0.000  10.546 0.000 0.089 0.000 0.532 0.559
139.333333 140.333333  28.91 0.000  2.19 0.000 9.999 0.259000  0.29 0.000000 0.103 0.000  1.474 0.000000  2.064 0.000000 999.99 0.259000   6.854 0.000  1.984 0.000   4.870 0.000 0.047 0.000 0.321 0.000
142.333333 143.333333   4.69 0.000  0.79 0.000 9.999 0.259000  0.04 0.000000 0.006 0.559  0.728 0.000000  1.020 0.000000 999.99 0.259000   3.245 0.000  1.457 0.000   1.788 0.000 0.018 0.000 0.089 0.559
145.333333 146.333333   1.27 0.000 99.99 0.259 9.999 0.259000 99.99 0.259000 0.003 0.000  0.212 0.000000  0.297 0.000000 999.99 0.259000   1.476 0.000  1.028 0.000   0.449 0.000 0.009 0.000 0.031 0.000
148.333333 149.333333   3.83 0.000  0.49 0.000 9.999 0.259000 99.99 0.259000 0.004 0.559  0.398 0.000000  0.557 0.000000 999.99 0.259000   2.871 0.000  1.695 0.000   1.176 0.000 0.021 0.000 0.083 0.559
151.333333 152.333333  10.20 0.000  0.61 0.000 9.999 0.259000 99.99 0.259000 0.004 0.559  0.765 0.000000  1.071 0.000000  13.66 0.000000   4.356 0.000  2.250 0.000   2.106 0.000 0.027 0.000 0.064 0.559
154.333333 155.333333   6.09 0.000  1.22 0.000 0.007 0.000000 99.99 0.259000 0.007 0.559  0.454 0.000000  0.636 0.000000  16.25 0.000000   3.062 0.000  1.514 0.000   1.548 0.000 0.021 0.000 0.094 0.559
157.333333 158.333333  43.53 0.000  0.86 0.000 0.012 0.000000  0.21 0.000000 0.047 0.559  0.836 0.000000  1.170 0.000000 999.99 0.259000   6.841 0.000  2.901 0.000   3.941 0.000 0.047 0.000 0.309 0.559
160.333333 161.333333   7.57 0.000  1.03 0.000 9.999 0.259000  0.29 0.000000 0.021 0.559  0.546 0.000000  0.764 0.000000  38.72 0.000000   4.791 0.000  1.512 0.000   3.279 0.000 0.029 0.000 0.269 0.559
163.333333 164.333333   6.76 0.000  0.42 0.000 9.999 0.259000  0.09 0.000000 0.011 0.559  0.647 0.000000  0.906 0.000000  20.98 0.000000   3.943 0.000  1.769 0.000   2.175 0.000 0.021 0.000 0.116 0.559
166.333333 167.333333   6.50 0.000  0.43 0.000 9.999 0.259000 99.99 0.259000 0.008 0.559  0.473 0.000000  0.662 0.000000  19.24 0.000000   4.166 0.000  2.313 0.000   1.853 0.000 0.026 0.000 0.082 0.559
169.333333 170.333333  13.71 0.000  0.48 0.000 0.015 0.000000  0.26 0.000000 0.043 0.559  0.497 0.000000  0.696 0.000000 999.99 0.259000   6.256 0.000  2.972 0.000   3.284 0.000 0.032 0.000 0.316 0.559
172.333333 173.333333  29.60 0.000  1.28 0.000 0.012 0.000000  0.44 0.000000 0.041 0.559  1.234 0.000000  1.727 0.000000 999.99 0.259000   8.387 0.000  3.047 0.000   5.339 0.000 0.035 0.000 0.461 0.559
175.333333 176.333333 999.99 0.999 99.99 0.999 9.999 0.999000 99.99 0.999000 9.999 0.999 99.999 0.999000 99.999 0.999000 999.99 0.999000 999.999 0.999 99.999 0.999 999.999 0.999 9.999 0.999 9.999 0.999
178.333333 179.333333  35.17 0.000  0.51 0.000 0.044 0.000000  0.14 0.000000 0.155 0.559  1.067 0.000000  1.494 0.000000 999.99 0.259000   9.524 0.000  4.797 0.000   4.727 0.000 0.053 0.000 0.184 0.559
181.333333 182.333333  46.94 0.000  2.14 0.000 0.017 0.000000  0.64 0.000000 0.091 0.559  2.324 0.000000  4.184 0.000000 999.99 0.259000  11.886 0.000  4.182 0.000   7.704 0.000 0.085 0.000 0.357 0.559
184.333333 185.333333  22.58 0.000  2.52 0.000 0.015 0.000000  0.47 0.000000 0.109 0.559  2.113 0.000000  3.803 0.000000 999.99 0.259000  14.523 0.000  6.175 0.000   8.348 0.000 0.222 0.000 0.710 0.559
187.333333 188.333333  21.11 0.000  0.78 0.000 0.006 0.000000  0.30 0.000000 0.018 0.559  0.507 0.000000  0.913 0.000000 999.99 0.259000   8.083 0.000  5.648 0.000   2.435 0.000 0.023 0.000 0.143 0.559
190.333333 191.333333  12.93 0.000  0.40 0.000 9.999 0.259000  0.17 0.000000 0.017 0.559  0.226 0.000000  0.407 0.000000 999.99 0.259000  10.210 0.000  8.287 0.000   1.923 0.000 0.012 0.000 0.181 0.559
193.333333 194.333333  13.17 0.000  0.94 0.000 9.999 0.259000 99.99 0.259000 0.021 0.559  0.563 0.000000  1.013 0.000000 999.99 0.259000   6.106 0.000  3.770 0.000   2.336 0.000 0.018 0.000 0.140 0.559
196.333333 197.333333  14.62 0.000  1.98 0.000 9.999 0.259000  0.72 0.000000 0.032 0.000  1.077 0.000000  1.939 0.000000 999.99 0.259000   7.173 0.000  2.579 0.000   4.594 0.000 0.020 0.000 0.312 0.000
199.333333 200.333333  49.80 0.000  2.90 0.000 0.007 0.000000  0.86 0.000000 0.043 0.000  1.312 0.000000  2.361 0.000000 999.99 0.259000   9.526 0.000  4.270 0.000   5.257 0.000 0.023 0.000 0.382 0.000
202.333333 203.333333  92.15 0.000  3.33 0.000 0.009 0.000000  1.52 0.000000 0.030 0.000  5.323 0.000000  9.581 0.000000 999.99 0.259000  20.473 0.000  5.275 0.000  15.198 0.000 0.038 0.000 0.518 0.000
205.333333 206.333333  27.96 0.000  0.77 0.000 9.999 0.259000  0.28 0.000000 0.105 0.559  1.416 0.000000  2.548 0.000000 999.99 0.259000   9.729 0.000  4.110 0.000   5.619 0.000 0.044 0.000 0.372 0.559
208.333333 209.333333  10.59 0.000  0.16 0.000 0.026 0.000000  0.15 0.000000 0.092 0.559  0.248 0.000000  0.446 0.000000 999.99 0.259000   6.847 0.000  3.591 0.000   3.256 0.000 0.025 0.000 0.316 0.559
211.333333 212.333333   9.63 0.000  0.56 0.000 9.999 0.259000  0.20 0.000000 0.013 0.000  0.207 0.000000  0.372 0.000000 999.99 0.259000   3.560 0.000  2.082 0.000   1.478 0.000 0.010 0.000 0.115 0.000
214.333333 215.333333  51.27 0.000  1.75 0.000 9.999 0.259000  0.70 0.000000 0.033 0.559  1.477 0.000000  2.659 0.000000 999.99 0.259000  11.225 0.000  5.790 0.000   5.434 0.000 0.024 0.000 0.379 0.559
217.333333 218.333333  29.43 0.000  1.86 0.000 0.005 0.000000  0.86 0.000000 0.029 0.559  2.412 0.000000  4.341 0.000000 999.99 0.259000   9.911 0.000  2.914 0.000   6.997 0.000 0.028 0.000 0.340 0.559
220.333333 221.333333   7.65 0.000  0.35 0.000 0.003 0.000000  0.10 0.000000 0.009 0.559  0.399 0.000000  0.719 0.000000 999.99 0.259000   3.489 0.000  1.981 0.000   1.508 0.000 0.012 0.000 0.131 0.559
223.333333 224.333333  19.30 0.000  1.26 0.000 0.013 0.000000  0.66 0.000000 0.056 0.000  0.911 0.000000  1.641 0.000000 999.99 0.259000   7.338 0.000  3.241 0.000   4.097 0.000 0.024 0.000 0.369 0.000
226.333333 227.333333  14.92 0.000  0.22 0.000 0.019 0.000000  0.20 0.000000 0.099 0.559  0.545 0.000000  0.981 0.000000 999.99 0.259000   6.686 0.000  3.635 0.000   3.051 0.000 0.031 0.000 0.199 0.559
229.333333 230.333333  66.80 0.000  1.83 0.000 0.019 0.000000  0.63 0.000000 0.073 0.559  2.553 0.000000  4.595 0.000000 999.99 0.259000  13.679 0.000  5.297 0.000   8.382 0.000 0.065 0.000 0.439 0.559
232.333333 233.333333  62.73 0.000  1.87 0.000 0.019 0.000000  1.53 0.000000 0.081 0.000  2.519 0.000000  4.535 0.000000 999.99 0.259000  13.649 0.000  5.262 0.000   8.387 0.000 0.041 0.000 0.443 0.000
235.333333 236.333333  23.00 0.000  0.63 0.000 9.999 0.259000  0.20 0.000000 0.040 0.000  0.555 0.000000  0.998 0.000000 999.99 0.259000   6.195 0.000  2.687 0.000   3.508 0.000 0.015 0.000 0.419 0.000
