scripts/IMPROVE-2019_partial/data/US4999R.19980103080000.20191216000000.filterpack...1y.3d.US03L_filterpack_US4999.US03L_IMPROVE_Davis.lev2.nas
52 1001
MISSING INFORMATION
US03L, IMPROVE, , , , , , , 
MISSING INFORMATION
IMPROVE sel_HTAP
1 1
1998 01 01 2019 12 16
0
days from file reference point
5
1 1 1 1 1
999.999999 999.999 9.999 999.999 9.999
end_time of measurement, days from the file reference point
pm10_mass, ug/m3, Matrix=pm10
numflag pm10_mass, no unit, Matrix=pm10
pm25_mass, ug/m3, Matrix=pm25
numflag pm25_mass, no unit, Matrix=pm25
0
33
Data definition:              EBAS_1.1
Set type code:                TI
Timezone:                     UTC
File name:                    US4999R.19980103080000.20191216000000.filterpack...1y.3d.US03L_filterpack_US4999.US03L_IMPROVE_Davis.lev2.nas
File creation:                20191218120501
Startdate:                    19980103080000
Revision date:                20191216000000
Version:                      2
Version description:          "Data extracted from http://views.cira.colostate.edu/fed/DataWizard 2019-12-16"
Statistics:                   arithmetic mean
Data level:                   2
Period code:                  1y
Resolution code:              3d
Sample duration:              1d
Orig. time res.:              3d
Station code:                 US4999R
Platform code:                US4999S
Station name:                 Mount Rainier National Park-Tahoma Woods (WA99)
Station latitude:             46.7582
Station longitude:            -122.1243
Station altitude:             424.0 m
Regime:                       IMG
Component:                    
Unit:                         ug/m3
Matrix:                       
Laboratory code:              US03L
Instrument type:              filterpack
Instrument name:              filterpack_US4999
Method ref:                   US03L_IMPROVE_Davis
Blank correction:             Blank corrected
Volume std. temperature:      ambient
Volume std. pressure:         ambient
starttime endtime PM10 flag_PM10 PM2.5 flag_PM2.5
  2.333333   3.333333   1.894 0.000   0.601 0.000
  6.333333   7.333333   1.389 0.000   1.480 0.000
  9.333333  10.333333  11.374 0.000   9.370 0.000
 13.333333  14.333333   1.688 0.000   0.826 0.000
 16.333333  17.333333   2.239 0.000   2.172 0.000
 20.333333  21.333333   5.812 0.000   1.603 0.000
 23.333333  24.333333   3.510 0.000   0.532 0.000
 27.333333  28.333333   3.300 0.000   1.090 0.000
 30.333333  31.333333  10.568 0.000   1.100 0.000
 34.333333  35.333333   5.947 0.000   4.141 0.000
 37.333333  38.333333   4.297 0.000   0.678 0.000
 41.333333  42.333333   0.604 0.000 999.999 0.259
 44.333333  45.333333   5.322 0.000   0.761 0.000
 48.333333  49.333333   0.597 0.000 999.999 0.259
 51.333333  52.333333   5.190 0.000   0.716 0.000
 55.333333  56.333333  11.149 0.000   2.336 0.000
 58.333333  59.333333   2.478 0.000   1.557 0.000
 62.333333  63.333333 999.999 0.999   3.645 0.000
 65.333333  66.333333   3.915 0.000   3.062 0.000
 69.333333  70.333333   1.008 0.000   0.394 0.000
 72.333333  73.333333   7.999 0.000   7.006 0.000
 76.333333  77.333333   6.157 0.000   4.221 0.000
 79.333333  80.333333   6.690 0.000   4.630 0.000
 83.333333  84.333333 999.999 0.999   1.591 0.000
 86.333333  87.333333   5.044 0.000   2.578 0.000
 90.333333  91.333333  10.871 0.000 999.999 0.999
 93.333333  94.333333   6.472 0.000   5.435 0.000
 97.333333  98.333333   3.418 0.000   2.784 0.000
100.333333 101.333333 999.999 0.999   1.252 0.000
104.333333 105.333333   7.907 0.000   3.502 0.000
107.333333 108.333333   8.870 0.000   3.796 0.000
111.333333 112.333333  14.790 0.000   9.278 0.000
114.333333 115.333333   4.140 0.000   2.083 0.000
118.333333 119.333333  30.343 0.000  17.524 0.000
121.333333 122.333333  10.922 0.000   6.564 0.000
125.333333 126.333333  15.129 0.000  10.702 0.000
128.333333 129.333333   7.541 0.000   4.119 0.000
132.333333 133.333333   2.172 0.000   1.729 0.000
135.333333 136.333333   5.520 0.000   3.930 0.000
139.333333 140.333333   7.451 0.000   4.861 0.000
142.333333 143.333333   4.883 0.000   3.170 0.000
146.333333 147.333333   1.989 0.000   1.618 0.000
149.333333 150.333333 999.999 0.999   3.682 0.000
153.333333 154.333333  14.724 0.000   7.798 0.000
156.333333 157.333333  14.251 0.000   7.621 0.000
160.333333 161.333333   5.352 0.000 999.999 0.999
163.333333 164.333333   8.747 0.000   4.435 0.000
167.333333 168.333333   8.629 0.000   5.091 0.000
170.333333 171.333333  13.787 0.000   5.644 0.000
174.333333 175.333333   1.819 0.000 999.999 0.999
177.333333 178.333333   4.422 0.000   3.196 0.000
181.333333 182.333333   9.401 0.000   7.613 0.000
184.333333 185.333333   3.018 0.000   2.267 0.000
188.333333 189.333333   9.902 0.000   7.050 0.000
191.333333 192.333333   6.617 0.000   3.162 0.000
195.333333 196.333333   8.587 0.000   5.231 0.000
198.333333 199.333333  11.665 0.000   6.122 0.000
202.333333 203.333333  12.255 0.000   9.001 0.000
205.333333 206.333333  13.046 0.000  10.417 0.000
209.333333 210.333333  18.968 0.000  15.640 0.000
212.333333 213.333333   7.946 0.000   5.525 0.000
216.333333 217.333333   9.168 0.000   6.855 0.000
219.333333 220.333333   8.655 0.000   7.005 0.000
223.333333 224.333333   8.889 0.000   4.864 0.000
226.333333 227.333333   4.444 0.000   2.851 0.000
230.333333 231.333333  13.565 0.000   9.965 0.000
233.333333 234.333333  10.114 0.000   9.470 0.000
237.333333 238.333333  11.920 0.000   8.272 0.000
240.333333 241.333333  16.574 0.000   9.828 0.000
244.333333 245.333333  16.264 0.000  11.769 0.000
247.333333 248.333333  12.486 0.000   7.069 0.000
251.333333 252.333333   8.174 0.000   4.742 0.000
254.333333 255.333333   7.487 0.000   4.264 0.000
258.333333 259.333333  12.913 0.000  10.417 0.000
261.333333 262.333333   5.013 0.000   3.441 0.000
265.333333 266.333333  11.949 0.000   8.544 0.000
268.333333 269.333333   5.103 0.000   3.217 0.000
272.333333 273.333333   8.179 0.000   5.993 0.000
275.333333 276.333333   1.935 0.000   1.421 0.000
279.333333 280.333333  10.511 0.000   5.342 0.000
282.333333 283.333333 999.999 0.999   2.389 0.000
286.333333 287.333333   5.082 0.000   3.062 0.000
289.333333 290.333333   7.061 0.000   4.205 0.000
293.333333 294.333333   8.967 0.000   3.220 0.000
296.333333 297.333333  11.905 0.000   8.333 0.000
300.333333 301.333333   4.551 0.000   2.656 0.000
303.333333 304.333333   6.181 0.000   2.315 0.000
307.333333 308.333333   9.365 0.000   1.073 0.000
310.333333 311.333333  12.732 0.000   7.134 0.000
314.333333 315.333333  12.163 0.000   8.155 0.000
317.333333 318.333333   6.042 0.000   2.487 0.000
321.333333 322.333333 999.999 0.999   4.102 0.000
324.333333 325.333333   6.353 0.000   0.932 0.000
328.333333 329.333333   5.642 0.000   0.541 0.000
331.333333 332.333333   3.157 0.000   1.865 0.000
335.333333 336.333333 999.999 0.999 999.999 0.999
338.333333 339.333333   4.087 0.000   1.061 0.000
342.333333 343.333333   1.170 0.000   0.879 0.000
345.333333 346.333333   2.076 0.000   0.548 0.000
349.333333 350.333333   8.511 0.000   1.852 0.000
352.333333 353.333333   2.383 0.000   2.588 0.000
356.333333 357.333333   9.219 0.000   4.810 0.000
359.333333 360.333333   4.021 0.000   1.504 0.000
363.333333 364.333333   8.711 0.000   1.142 0.000
