scripts/IMPROVE-2019_partial/data/US4999R.20000101080000.20191216000000.filterpack..pm25.52w.1w.US03L_filterpack_US4999.US03L_IMPROVE_Davis.lev2.nas
66 1001
MISSING INFORMATION
US03L, IMPROVE, , , , , , , 
MISSING INFORMATION
IMPROVE sel_HTAP
1 1
2000 01 01 2019 12 16
0
days from file reference point
27
1 1 1 1 1 1 1 1 1 1 1 1 1 1 1 1 1 1 1 1 1 1 1 1 1 1 1
999.999999 9999.99 9.999999999 999.99 9.999999999 9.999 9.999999999 9.99 9.999999 9.999 9.999999 99.999 9.999 99.999 9.999 99.99 9.999999999 999.999 9.999 99.999 9.999 999.999 9.999 9.999 9.999999 99.999 9.999999
end_time of measurement, days from the file reference point
iron, ng/m3, Revision date=20181210133000
numflag iron, no unit, Revision date=20181210133000
lead, ng/m3, Revision date=20181210133000
numflag lead, no unit, Revision date=20181210133000
magnesium, ug/m3, Revision date=20181210133000
numflag magnesium, no unit, Revision date=20181210133000
nickel, ng/m3, Revision date=20181210133000
numflag nickel, no unit, Revision date=20181210133000
nitrate, ug N/m3, Revision date=20181210133000
numflag nitrate, no unit, Revision date=20181210133000
organic_carbon, ug C/m3, Revision date=20181210133000
numflag organic_carbon, no unit, Revision date=20181210133000
organic_mass, ug/m3, Revision date=20181210133000
numflag organic_mass, no unit, Revision date=20181210133000
phosphorus, ng/m3, Revision date=20181210133000
numflag phosphorus, no unit, Revision date=20181210133000
pm10_mass, ug/m3, Version=2, Version description=Data extracted from http://views.cira.colostate.edu/fed/DataWizard 2019-12-16, Sample duration=1d, Orig. time res.=3d, Matrix=pm10, Blank correction=Blank corrected, Volume std. temperature=ambient, Volume std. pressure=ambient
numflag pm10_mass, no unit, Version=2, Version description=Data extracted from http://views.cira.colostate.edu/fed/DataWizard 2019-12-16, Sample duration=1d, Orig. time res.=3d, Matrix=pm10, Blank correction=Blank corrected, Volume std. temperature=ambient, Volume std. pressure=ambient
pm10_pm25_mass, ug/m3, Revision date=20181210133000, Matrix=pm10_pm25
numflag pm10_pm25_mass, no unit, Revision date=20181210133000, Matrix=pm10_pm25
pm25_mass, ug/m3, Version=2, Version description=Data extracted from http://views.cira.colostate.edu/fed/DataWizard 2019-12-16, Sample duration=1d, Orig. time res.=3d, Blank correction=Blank corrected, Volume std. temperature=ambient, Volume std. pressure=ambient
numflag pm25_mass, no unit, Version=2, Version description=Data extracted from http://views.cira.colostate.edu/fed/DataWizard 2019-12-16, Sample duration=1d, Orig. time res.=3d, Blank correction=Blank corrected, Volume std. temperature=ambient, Volume std. pressure=ambient
potassium, ug/m3, Revision date=20181210133000
numflag potassium, no unit, Revision date=20181210133000
sulphate_total, ug S/m3, Revision date=20181210133000
numflag sulphate_total, no unit, Revision date=20181210133000
0
25
Data definition:              EBAS_1.1
Set type code:                TI
Timezone:                     UTC
File name:                    US4999R.20000101080000.20191216000000.filterpack..pm25.52w.1w.US03L_filterpack_US4999.US03L_IMPROVE_Davis.lev2.nas
File creation:                20191218120501
Startdate:                    20000101080000
Revision date:                20191216000000
Statistics:                   arithmetic mean
Data level:                   2
Period code:                  52w
Resolution code:              1w
Station code:                 US4999R
Platform code:                US4999S
Station name:                 Mount Rainier National Park-Tahoma Woods (WA99)
Station latitude:             46.7582
Station longitude:            -122.1243
Station altitude:             424.0 m
Regime:                       IMG
Component:                    
Matrix:                       pm25
Laboratory code:              US03L
Instrument type:              filterpack
Instrument name:              filterpack_US4999
Method ref:                   US03L_IMPROVE_Davis
starttime endtime Fe flag_Fe Pb flag_Pb Mg++ flag_Mg++ Ni flag_Ni NO3- flag_NO3- OC flag_OC OM flag_OM P flag_P PM10 flag_PM10 PM10-PM2.5 flag_PM10-PM2.5 PM2.5 flag_PM2.5 K+ flag_K+ SO4-- flag_SO4--
[from data line 72]
249.333333 250.333333    4.47 0.000000000 999.99 0.259000000 9.999 0.259000000 9.99 0.259000 0.014 0.000000  0.629 0.000  0.881 0.000 99.99 0.259000000   5.731 0.000  1.610 0.000   4.121 0.000 0.014 0.000000  0.646 0.000000
252.333333 253.333333    3.12 0.000000000   0.22 0.000000000 9.999 0.259000000 9.99 0.259000 0.030 0.000000  0.565 0.000  0.792 0.000 99.99 0.259000000   6.524 0.000  4.414 0.000   2.109 0.000 0.022 0.000000  0.194 0.000000
255.333333 256.333333   19.04 0.000000000   1.77 0.000000000 9.999 0.259000000 9.99 0.259000 0.041 0.000000  2.436 0.000  3.411 0.000 99.99 0.259000000  10.676 0.000  4.330 0.000   6.346 0.000 0.046 0.000000  0.410 0.000000
258.333333 259.333333   14.03 0.000000000   1.29 0.000000000 9.999 0.259000000 9.99 0.259000 0.069 0.000000  1.475 0.000  2.066 0.000 99.99 0.259000000   9.538 0.000  5.045 0.000   4.494 0.000 0.042 0.000000  0.420 0.000000
261.333333 262.333333    6.02 0.000000000   2.66 0.000000000 9.999 0.259000000 9.99 0.259000 0.139 0.000000  1.289 0.000  1.804 0.000 99.99 0.259000000  11.086 0.000  4.303 0.000   6.783 0.000 0.039 0.000000  1.088 0.000000
264.333333 265.333333   12.71 0.000000000   3.21 0.000000000 9.999 0.259000000 9.99 0.259000 0.289 0.000000  1.249 0.000  1.748 0.000 99.99 0.259000000   7.912 0.000  3.115 0.000   4.798 0.000 0.030 0.000000  0.539 0.000000
267.333333 268.333333   15.37 0.000000000   1.14 0.000000000 9.999 0.259000000 9.99 0.259000 0.070 0.000000  2.004 0.000  2.805 0.000 99.99 0.259000000   6.734 0.000  2.567 0.000   4.167 0.000 0.040 0.000000  0.154 0.000000
270.333333 271.333333   46.49 0.559000000   1.19 0.559000000 9.999 0.559259000 9.99 0.559259 0.042 0.000000  2.818 0.000  3.946 0.000 99.99 0.559259000  13.358 0.000  3.182 0.000  10.176 0.559 0.051 0.559000  0.661 0.000000
273.333333 274.333333    2.17 0.000000000   0.25 0.000000000 0.009 0.000000000 9.99 0.259000 0.004 0.000000  0.732 0.000  1.024 0.000  9.57 0.000000000   4.225 0.000  2.311 0.000   1.915 0.000 0.022 0.000000  0.065 0.000000
276.333333 277.333333   20.29 0.559000000   1.29 0.559000000 9.999 0.559259000 9.99 0.559259 0.074 0.000000  1.745 0.000  2.443 0.000 99.99 0.559259000   8.931 0.000  2.869 0.000   6.062 0.559 0.034 0.559000  0.426 0.000000
279.333333 280.333333   17.27 0.000000000   0.51 0.000000000 9.999 0.259000000 9.99 0.259000 0.010 0.000000  1.033 0.000  1.446 0.000 99.99 0.259000000   7.239 0.000  4.221 0.000   3.018 0.000 0.031 0.000000  0.139 0.000000
282.333333 283.333333   17.37 0.559000000   0.99 0.559000000 0.024 0.559000000 9.99 0.559259 0.020 0.000000  2.114 0.000  2.960 0.000 99.99 0.559259000   8.375 0.000  2.833 0.000   5.543 0.559 0.052 0.559000  0.224 0.000000
285.333333 286.333333   12.82 0.559000000   1.49 0.559000000 9.999 0.559259000 9.99 0.559259 0.038 0.000000  3.419 0.000  4.787 0.000 99.99 0.559259000  12.795 0.000  3.569 0.000   9.226 0.559 0.071 0.559000  0.490 0.000000
288.333333 289.333333    3.92 0.559000000   1.14 0.559000000 0.026 0.559000000 9.99 0.559259 0.042 0.000000  1.778 0.000  2.489 0.000 99.99 0.559259000   8.977 0.000  3.043 0.000   5.934 0.559 0.051 0.559000  0.495 0.000000
291.333333 292.333333    3.11 0.000000000   3.05 0.000000000 9.999 0.259000000 9.99 0.259000 0.027 0.000000  0.544 0.000  0.761 0.000  7.26 0.000000000   4.756 0.000  3.069 0.000   1.687 0.000 0.023 0.000000  0.135 0.000000
294.333333 295.333333    1.98 0.559000000   0.28 0.559000000 9.999 0.559259000 9.99 0.559259 0.058 0.000000  0.349 0.000  0.489 0.000 99.99 0.559259000   5.378 0.000  3.161 0.000   2.217 0.559 0.024 0.559000  0.368 0.000000
297.333333 298.333333   14.03 0.559000000   0.29 0.559000000 9.999 0.559259000 9.99 0.559259 0.014 0.000000  2.710 0.000  3.795 0.000 99.99 0.559259000   9.280 0.000  3.240 0.000   6.040 0.559 0.041 0.559000  0.129 0.000000
300.333333 301.333333   16.65 0.559000000   0.85 0.559000000 9.999 0.559259000 9.99 0.559259 0.023 0.000000  2.889 0.000  4.045 0.000 99.99 0.559259000  11.153 0.000  3.394 0.000   7.760 0.559 0.070 0.559000  0.413 0.000000
303.333333 304.333333    3.32 0.559000000   1.55 0.559000000 9.999 0.559259000 9.99 0.559259 0.096 0.000000  3.079 0.000  4.310 0.000 99.99 0.559259000   9.358 0.000  2.250 0.000   7.108 0.559 0.056 0.559000  0.276 0.000000
306.333333 307.333333    9.44 0.000000000   0.57 0.000000000 9.999 0.259000000 9.99 0.259000 0.044 0.000000  2.542 0.000  3.559 0.000 99.99 0.259000000   8.375 0.000  3.302 0.000   5.074 0.000 0.046 0.000000  0.111 0.000000
309.333333 310.333333    2.18 0.000000000   0.51 0.000000000 9.999 0.259000000 9.99 0.259000 0.034 0.000000 99.999 0.259 99.999 0.259 99.99 0.259000000   6.140 0.000  3.655 0.000   2.485 0.000 0.021 0.000000  0.149 0.000000
312.333333 313.333333    2.05 0.559000000   0.70 0.559000000 9.999 0.559259000 9.99 0.559259 0.014 0.000000  0.991 0.000  1.387 0.000 99.99 0.559259000   3.213 0.000  0.839 0.000   2.374 0.559 0.019 0.559000  0.114 0.000000
315.333333 316.333333    5.32 0.559000000   0.80 0.559000000 9.999 0.559259000 9.99 0.559259 0.021 0.000000  2.662 0.000  3.726 0.000 99.99 0.559259000   6.646 0.000  0.294 0.000   6.352 0.559 0.052 0.559000  0.315 0.000000
318.333333 319.333333    7.89 0.000000000   0.74 0.000000000 9.999 0.259000000 9.99 0.259000 0.019 0.000000  1.920 0.000  2.688 0.000 99.99 0.259000000   5.376 0.000 99.999 0.259   5.565 0.000 0.030 0.000000  0.279 0.000000
321.333333 322.333333   21.69 0.559000000   1.88 0.559000000 9.999 0.559259000 9.99 0.559259 0.037 0.559000  3.677 0.000  5.148 0.000 99.99 0.559259000   9.032 0.000  1.166 0.000   7.866 0.559 0.059 0.559000  0.215 0.559000
324.333333 325.333333   11.83 0.000000000   0.49 0.000000000 9.999 0.259000000 9.99 0.259000 0.009 0.000000  1.020 0.000  1.428 0.000 99.99 0.259000000   3.599 0.000  0.732 0.000   2.867 0.000 0.025 0.000000  0.154 0.000000
327.333333 328.333333    6.71 0.559000000   0.48 0.559000000 9.999 0.559259000 9.99 0.559259 0.008 0.000000  0.958 0.000  1.341 0.000 99.99 0.559259000   2.728 0.000  0.503 0.000   2.225 0.559 0.029 0.559000  0.074 0.000000
330.333333 331.333333    1.22 0.559000000   0.39 0.559000000 9.999 0.559259000 9.99 0.559259 0.012 0.000000  0.219 0.000  0.307 0.000 99.99 0.559259000   1.860 0.000  0.845 0.000   1.016 0.559 0.012 0.559000  0.070 0.000000
333.333333 334.333333    2.12 0.559000000 999.99 0.559259000 0.024 0.559000000 9.99 0.559259 0.012 0.000000  0.259 0.000  0.363 0.000 99.99 0.559259000   2.260 0.000  0.810 0.000   1.450 0.559 0.016 0.559000  0.078 0.000000
336.333333 337.333333    4.70 0.559000000   0.88 0.559000000 9.999 0.559259000 9.99 0.559259 0.035 0.000000  1.699 0.000  2.379 0.000 99.99 0.559259000   4.561 0.000  0.954 0.000   3.607 0.559 0.041 0.559000  0.128 0.000000
339.333333 340.333333    7.98 0.559000000   0.28 0.559000000 0.028 0.559000000 0.07 0.559000 0.008 0.000000  1.500 0.000  2.099 0.000 99.99 0.559259000   5.688 0.000  2.176 0.000   3.512 0.559 0.025 0.559000  0.083 0.000000
342.333333 343.333333    9.49 0.559000000   0.89 0.559000000 9.999 0.559259000 9.99 0.559259 0.016 0.559000  2.155 0.000  3.018 0.000 99.99 0.559259000   6.135 0.000  1.198 0.000   4.937 0.559 0.038 0.559000  0.164 0.559000
345.333333 346.333333   14.97 0.559000000   0.86 0.559000000 9.999 0.559259000 9.99 0.559259 0.024 0.000000  0.707 0.000  0.990 0.000 99.99 0.559259000   4.574 0.000  1.810 0.000   2.765 0.559 0.021 0.559000  0.258 0.000000
348.333333 349.333333    3.47 0.559000000   6.56 0.559000000 9.999 0.559259000 9.99 0.559259 0.122 0.000000  2.647 0.000  3.705 0.000 99.99 0.559259000   8.350 0.000  2.354 0.000   5.996 0.559 0.046 0.559000  0.180 0.000000
351.333333 352.333333    1.12 0.000000000   0.25 0.000000000 9.999 0.259000000 0.10 0.000000 0.027 0.000000  0.381 0.000  0.534 0.000 99.99 0.259000000   5.539 0.000  2.704 0.000   2.835 0.000 0.021 0.000000  0.142 0.000000
354.333333 355.333333    1.10 0.559000000 999.99 0.559259000 9.999 0.559259000 9.99 0.559259 0.005 0.000000  0.244 0.000  0.342 0.000 99.99 0.559259000   1.397 0.000  0.415 0.000   0.983 0.559 0.010 0.559000  0.100 0.000000
357.333333 358.333333    0.47 0.000000000   0.22 0.000000000 9.999 0.259000000 9.99 0.259000 0.002 0.000000  0.230 0.000  0.321 0.000 99.99 0.259000000   1.356 0.000  0.815 0.000   0.541 0.000 0.010 0.000000  0.028 0.000000
360.333333 361.333333    4.97 0.000000000   0.54 0.000000000 9.999 0.259000000 9.99 0.259000 0.005 0.000000  0.966 0.000  1.352 0.000 99.99 0.259000000   4.402 0.000  2.863 0.000   1.538 0.000 0.019 0.000000  0.050 0.000000
363.333333 364.333333    7.94 0.559000000   0.77 0.559000000 9.999 0.559259000 9.99 0.559259 0.011 0.000000  0.737 0.000  1.032 0.000 99.99 0.559259000   4.531 0.000  2.893 0.000   1.638 0.559 0.017 0.559000  0.098 0.000000
