scripts/IMPROVE-2019_partial/data/US4999R.19880302080000.20191216000000.filterpack...10mo.3d.US03L_filterpack_US4999.US03L_IMPROVE_Davis.lev2.nas
51 1001
MISSING INFORMATION
US03L, IMPROVE, , , , , , , 
MISSING INFORMATION
IMPROVE sel_HTAP
1 1
1988 01 01 2019 12 16
0
days from file reference point
4
1 1 1 1
999.999999 999.999 999.999 9.999
end_time of measurement, days from the file reference point
pm10_mass, ug/m3, Matrix=pm10
pm25_mass, ug/m3, Matrix=pm25
numflag, no unit
0
33
Data definition:              EBAS_1.1
Set type code:                TI
Timezone:                     UTC
File name:                    US4999R.19880302080000.20191216000000.filterpack...10mo.3d.US03L_filterpack_US4999.US03L_IMPROVE_Davis.lev2.nas
File creation:                20191218120500
Startdate:                    19880302080000
Revision date:                20191216000000
Version:                      2
Version description:          "Data extracted from http://views.cira.colostate.edu/fed/DataWizard 2019-12-16"
Statistics:                   arithmetic mean
Data level:                   2
Period code:                  10mo
Resolution code:              3d
Sample duration:              1d
Orig. time res.:              3d
Station code:                 US4999R
Platform code:                US4999S
Station name:                 Mount Rainier National Park-Tahoma Woods (WA99)
Station latitude:             46.7582
Station longitude:            -122.1243
Station altitude:             424.0 m
Regime:                       IMG
Component:                    
Unit:                         ug/m3
Matrix:                       
Laboratory code:              US03L
Instrument type:              filterpack
Instrument name:              filterpack_US4999
Method ref:                   US03L_IMPROVE_Davis
Blank correction:             Blank corrected
Volume std. temperature:      ambient
Volume std. pressure:         ambient
starttime endtime PM10 PM2.5 flag
 61.333333  62.333333   3.333   2.248 0.000
 64.333333  65.333333 999.999 999.999 0.999
 68.333333  69.333333   4.532 999.999 0.000
 71.333333  72.333333  13.640  11.551 0.000
 75.333333  76.333333   9.738   7.475 0.000
 78.333333  79.333333  26.047 999.999 0.000
 82.333333  83.333333   3.257   1.275 0.000
 85.333333  86.333333  16.151   2.093 0.000
 89.333333  90.333333   6.822   4.899 0.000
 92.333333  93.333333   2.302   0.891 0.000
 96.333333  97.333333   2.000   1.196 0.000
 99.333333 100.333333   5.900   3.267 0.000
103.333333 104.333333  20.037  15.714 0.000
106.333333 107.333333  12.121   9.406 0.000
110.333333 111.333333  14.148  10.570 0.000
113.333333 114.333333   4.848   2.772 0.000
117.333333 118.333333   7.273   4.020 0.000
120.333333 121.333333   1.860   1.040 0.000
124.333333 125.333333   2.674   2.376 0.000
127.333333 128.333333   7.528   5.545 0.000
131.333333 132.333333 999.999 999.999 0.999
134.333333 135.333333   4.045   1.629 0.000
138.333333 139.333333   2.681   1.329 0.000
141.333333 142.333333  14.280   9.302 0.000
145.333333 146.333333 999.999 999.999 0.999
148.333333 149.333333 999.999 999.999 0.999
152.333333 153.333333   3.438   2.310 0.000
155.333333 156.333333   9.800   5.719 0.000
159.333333 160.333333 999.999 999.999 0.999
162.333333 163.333333   8.135   5.236 0.000
166.333333 167.333333 999.999 999.999 0.999
169.333333 170.333333   8.083   5.859 0.000
173.333333 174.333333  11.144   7.960 0.000
176.333333 177.333333  15.660  10.731 0.000
180.333333 181.333333   5.475   2.764 0.000
183.333333 184.333333   5.331   1.706 0.000
187.333333 188.333333   7.425   5.566 0.000
190.333333 191.333333  16.047  11.792 0.000
194.333333 195.333333 999.999 999.999 0.999
197.333333 198.333333   8.492   5.096 0.000
201.333333 202.333333 999.999 999.999 0.999
204.333333 205.333333  13.007   8.303 0.000
208.333333 209.333333  12.171   6.413 0.000
211.333333 212.333333  15.072   9.055 0.000
215.333333 216.333333  12.963   7.746 0.000
218.333333 219.333333  10.382   5.300 0.000
222.333333 223.333333  21.293 999.999 0.000
225.333333 226.333333  15.136   8.158 0.000
229.333333 230.333333   6.295   3.117 0.000
232.333333 233.333333  13.037   9.129 0.000
236.333333 237.333333  16.534  10.066 0.000
239.333333 240.333333  22.500  14.377 0.000
243.333333 244.333333  11.573   7.492 0.000
246.333333 247.333333  20.611  14.559 0.000
250.333333 251.333333   5.254   2.660 0.000
253.333333 254.333333   8.413   3.153 0.000
257.333333 258.333333  17.343  12.105 0.000
260.333333 261.333333  10.376   4.106 0.000
264.333333 265.333333  12.053   9.373 0.000
267.333333 268.333333   7.846   5.525 0.000
271.333333 272.333333   7.993   3.689 0.000
274.333333 275.333333  15.762  10.438 0.000
278.333333 279.333333   8.340   4.757 0.000
281.333333 282.333333  12.192 999.999 0.000
285.333333 286.333333 999.999 999.999 0.999
288.333333 289.333333   8.622   2.033 0.000
292.333333 293.333333  13.333   4.597 0.000
295.333333 296.333333  12.540   3.356 0.000
299.333333 300.333333  12.548   6.667 0.000
302.333333 303.333333 999.999 999.999 0.999
306.333333 307.333333   7.938   3.153 0.000
309.333333 310.333333   4.418   1.399 0.000
313.333333 314.333333   5.859   3.051 0.000
316.333333 317.333333   3.133   0.842 0.000
320.333333 321.333333   8.510   6.237 0.000
323.333333 324.333333   4.082   1.846 0.000
327.333333 328.333333   4.667   2.900 0.000
330.333333 331.333333   5.749   3.517 0.000
334.333333 335.333333   5.420   2.635 0.000
337.333333 338.333333   9.843   6.733 0.000
341.333333 342.333333   4.363   2.928 0.000
344.333333 345.333333   5.618 999.999 0.000
348.333333 349.333333   7.708   5.134 0.000
351.333333 352.333333 999.999 999.999 0.999
355.333333 356.333333   4.841   3.838 0.000
358.333333 359.333333   4.918   3.864 0.000
362.333333 363.333333   8.164   5.612 0.000
365.333333 366.333333   7.888   6.379 0.000
