scripts/IMPROVE-2019_partial/data/US4999R.19930102080000.20191216000000.filterpack...1y.3d.US03L_filterpack_US4999.US03L_IMPROVE_Davis.lev2.nas
51 1001
MISSING INFORMATION
US03L, IMPROVE, , , , , , , 
MISSING INFORMATION
IMPROVE sel_HTAP
1 1
1993 01 01 2019 12 16
0
days from file reference point
4
1 1 1 1
999.999999 999.999 999.999 9.999
end_time of measurement, days from the file reference point
pm10_mass, ug/m3, Matrix=pm10
pm25_mass, ug/m3, Matrix=pm25
numflag, no unit
0
33
Data definition:              EBAS_1.1
Set type code:                TI
Timezone:                     UTC
File name:                    US4999R.19930102080000.20191216000000.filterpack...1y.3d.US03L_filterpack_US4999.US03L_IMPROVE_Davis.lev2.nas
File creation:                20191218120501
Startdate:                    19930102080000
Revision date:                20191216000000
Version:                      2
Version description:          "Data extracted from http://views.cira.colostate.edu/fed/DataWizard 2019-12-16"
Statistics:                   arithmetic mean
Data level:                   2
Period code:                  1y
Resolution code:              3d
Sample duration:              1d
Orig. time res.:              3d
Station code:                 US4999R
Platform code:                US4999S
Station name:                 Mount Rainier National Park-Tahoma Woods (WA99)
Station latitude:             46.7582
Station longitude:            -122.1243
Station altitude:             424.0 m
Regime:                       IMG
Component:                    
Unit:                         ug/m3
Matrix:                       
Laboratory code:              US03L
Instrument type:              filterpack
Instrument name:              filterpack_US4999
Method ref:                   US03L_IMPROVE_Davis
Blank correction:             Blank corrected
Volume std. temperature:      ambient
Volume std. pressure:         ambient
starttime endtime PM10 PM2.5 flag
  1.333333   2.333333   6.857   5.769 0.000
  5.333333   6.333333   8.730   6.156 0.000
  8.333333   9.333333   4.954   3.495 0.000
 12.333333  13.333333   3.344   2.675 0.000
 15.333333  16.333333   7.121   6.369 0.000
 19.333333  20.333333 999.999 999.999 0.999
 22.333333  23.333333   2.098   1.352 0.000
 26.333333  27.333333   4.463   2.954 0.000
 29.333333  30.333333   5.939   4.596 0.000
 33.333333  34.333333  10.376   3.962 0.000
 36.333333  37.333333   7.234   5.597 0.000
 40.333333  41.333333   4.573   3.165 0.000
 43.333333  44.333333  18.791   9.430 0.000
 47.333333  48.333333   6.025   2.969 0.000
 50.333333  51.333333   3.987   3.766 0.000
 54.333333  55.333333  12.614   7.830 0.000
 57.333333  58.333333  17.087  13.671 0.000
 61.333333  62.333333   2.679 999.999 0.000
 64.333333  65.333333   9.494   5.839 0.000
 68.333333  69.333333  10.356   7.461 0.000
 71.333333  72.333333   7.441   6.270 0.000
 75.333333  76.333333   5.890   1.478 0.000
 78.333333  79.333333   4.859   1.950 0.000
 82.333333  83.333333   7.697   4.691 0.000
 85.333333  86.333333  12.853  10.807 0.000
 89.333333  90.333333   6.858   3.354 0.000
 92.333333  93.333333   4.085 999.999 0.000
 96.333333  97.333333   6.220   4.444 0.000
 99.333333 100.333333   5.271   0.852 0.000
103.333333 104.333333   3.704   2.727 0.000
106.333333 107.333333   1.844   1.220 0.000
110.333333 111.333333   6.267   1.594 0.000
113.333333 114.333333   2.764   0.932 0.000
117.333333 118.333333   8.730   5.142 0.000
120.333333 121.333333   6.538   4.032 0.000
124.333333 125.333333   8.822   4.827 0.000
127.333333 128.333333   5.437   2.524 0.000
131.333333 132.333333  14.583  10.520 0.000
134.333333 135.333333 999.999   6.942 0.000
138.333333 139.333333   8.286   3.910 0.000
141.333333 142.333333   3.067   1.970 0.000
145.333333 146.333333  15.458   8.433 0.000
148.333333 149.333333  13.645   1.924 0.000
152.333333 153.333333   7.014   4.118 0.000
155.333333 156.333333  13.179  10.000 0.000
159.333333 160.333333   5.234   1.728 0.000
162.333333 163.333333   5.088   2.840 0.000
166.333333 167.333333   8.849   6.582 0.000
169.333333 170.333333  13.601   8.173 0.000
173.333333 174.333333   6.299   2.461 0.000
176.333333 177.333333  10.137   7.053 0.000
180.333333 181.333333   6.607   3.701 0.000
183.333333 184.333333   7.407   2.955 0.000
187.333333 188.333333  13.333   6.677 0.000
190.333333 191.333333  11.745   7.018 0.000
194.333333 195.333333   5.511   3.957 0.000
197.333333 198.333333   5.947   4.080 0.000
201.333333 202.333333   6.583   3.636 0.000
204.333333 205.333333   7.912   5.240 0.000
208.333333 209.333333   9.660   5.643 0.000
211.333333 212.333333   9.049   6.023 0.000
215.333333 216.333333  15.087  10.303 0.000
218.333333 219.333333  13.085   9.127 0.000
222.333333 223.333333  11.341   7.791 0.000
225.333333 226.333333   8.636   6.894 0.000
229.333333 230.333333  15.090  10.581 0.000
232.333333 233.333333   8.659   6.177 0.000
236.333333 237.333333   7.455   5.138 0.000
239.333333 240.333333   9.611   6.575 0.000
243.333333 244.333333  15.104  11.227 0.000
246.333333 247.333333  19.498  17.368 0.000
250.333333 251.333333  17.333  12.043 0.000
253.333333 254.333333   6.679   3.477 0.000
257.333333 258.333333  10.954   6.453 0.000
260.333333 261.333333   7.621   5.573 0.000
264.333333 265.333333  12.546   9.583 0.000
267.333333 268.333333  15.644  11.761 0.000
271.333333 272.333333   9.435   6.818 0.000
274.333333 275.333333  14.028   9.639 0.000
278.333333 279.333333   7.481   6.163 0.000
281.333333 282.333333   6.115   4.863 0.000
285.333333 286.333333   7.750   4.006 0.000
288.333333 289.333333   8.269   4.167 0.000
292.333333 293.333333  10.926   8.580 0.000
295.333333 296.333333   4.538   2.407 0.000
299.333333 300.333333   7.661   4.012 0.000
302.333333 303.333333  10.722   6.829 0.000
306.333333 307.333333   9.961   5.157 0.000
309.333333 310.333333  12.548   9.182 0.000
313.333333 314.333333  13.434  11.246 0.000
316.333333 317.333333   9.804   8.660 0.000
320.333333 321.333333   5.661   4.608 0.000
323.333333 324.333333   7.787   5.562 0.000
327.333333 328.333333 999.999   7.994 0.000
330.333333 331.333333 999.999 999.999 0.999
334.333333 335.333333   4.397   2.484 0.000
337.333333 338.333333   8.426   4.763 0.000
341.333333 342.333333   2.751 999.999 0.000
344.333333 345.333333   5.174 999.999 0.000
348.333333 349.333333  10.508   3.668 0.000
351.333333 352.333333   8.112   6.730 0.000
355.333333 356.333333  15.698   8.625 0.000
358.333333 359.333333  11.948   8.219 0.000
362.333333 363.333333   8.133   6.012 0.000
