scripts/IMPROVE-2019_partial/data/US4999R.20000101080000.20191216000000.filterpack..pm25.52w.1w.US03L_filterpack_US4999.US03L_IMPROVE_Davis.lev2.nas
66 1001
MISSING INFORMATION
US03L, IMPROVE, , , , , , , 
MISSING INFORMATION
IMPROVE sel_HTAP
1 1
2000 01 01 2019 12 16
0
days from file reference point
27
1 1 1 1 1 1 1 1 1 1 1 1 1 1 1 1 1 1 1 1 1 1 1 1 1 1 1
999.999999 9999.99 9.999999999 999.99 9.999999999 9.999 9.999999999 9.99 9.999999 9.999 9.999999 99.999 9.999 99.999 9.999 99.99 9.999999999 999.999 9.999 99.999 9.999 999.999 9.999 9.999 9.999999 99.999 9.999999
end_time of measurement, days from the file reference point
iron, ng/m3, Revision date=20181210133000
numflag iron, no unit, Revision date=20181210133000
lead, ng/m3, Revision date=20181210133000
numflag lead, no unit, Revision date=20181210133000
magnesium, ug/m3, Revision date=20181210133000
numflag magnesium, no unit, Revision date=20181210133000
nickel, ng/m3, Revision date=20181210133000
numflag nickel, no unit, Revision date=20181210133000
nitrate, ug N/m3, Revision date=20181210133000
numflag nitrate, no unit, Revision date=20181210133000
organic_carbon, ug C/m3, Revision date=20181210133000
numflag organic_carbon, no unit, Revision date=20181210133000
organic_mass, ug/m3, Revision date=20181210133000
numflag organic_mass, no unit, Revision date=20181210133000
phosphorus, ng/m3, Revision date=20181210133000
numflag phosphorus, no unit, Revision date=20181210133000
pm10_mass, ug/m3, Version=2, Version description=Data extracted from http://views.cira.colostate.edu/fed/DataWizard 2019-12-16, Sample duration=1d, Orig. time res.=3d, Matrix=pm10, Blank correction=Blank corrected, Volume std. temperature=ambient, Volume std. pressure=ambient
numflag pm10_mass, no unit, Version=2, Version description=Data extracted from http://views.cira.colostate.edu/fed/DataWizard 2019-12-16, Sample duration=1d, Orig. time res.=3d, Matrix=pm10, Blank correction=Blank corrected, Volume std. temperature=ambient, Volume std. pressure=ambient
pm10_pm25_mass, ug/m3, Revision date=20181210133000, Matrix=pm10_pm25
numflag pm10_pm25_mass, no unit, Revision date=20181210133000, Matrix=pm10_pm25
pm25_mass, ug/m3, Version=2, Version description=Data extracted from http://views.cira.colostate.edu/fed/DataWizard 2019-12-16, Sample duration=1d, Orig. time res.=3d, Blank correction=Blank corrected, Volume std. temperature=ambient, Volume std. pressure=ambient
numflag pm25_mass, no unit, Version=2, Version description=Data extracted from http://views.cira.colostate.edu/fed/DataWizard 2019-12-16, Sample duration=1d, Orig. time res.=3d, Blank correction=Blank corrected, Volume std. temperature=ambient, Volume std. pressure=ambient
potassium, ug/m3, Revision date=20181210133000
numflag potassium, no unit, Revision date=20181210133000
sulphate_total, ug S/m3, Revision date=20181210133000
numflag sulphate_total, no unit, Revision date=20181210133000
0
25
Data definition:              EBAS_1.1
Set type code:                TI
Timezone:                     UTC
File name:                    US4999R.20000101080000.20191216000000.filterpack..pm25.52w.1w.US03L_filterpack_US4999.US03L_IMPROVE_Davis.lev2.nas
File creation:                20191218120501
Startdate:                    20000101080000
Revision date:                20191216000000
Statistics:                   arithmetic mean
Data level:                   2
Period code:                  52w
Resolution code:              1w
Station code:                 US4999R
Platform code:                US4999S
Station name:                 Mount Rainier National Park-Tahoma Woods (WA99)
Station latitude:             46.7582
Station longitude:            -122.1243
Station altitude:             424.0 m
Regime:                       IMG
Component:                    
Matrix:                       pm25
Laboratory code:              US03L
Instrument type:              filterpack
Instrument name:              filterpack_US4999
Method ref:                   US03L_IMPROVE_Davis
starttime endtime Fe flag_Fe Pb flag_Pb Mg++ flag_Mg++ Ni flag_Ni NO3- flag_NO3- OC flag_OC OM flag_OM P flag_P PM10 flag_PM10 PM10-PM2.5 flag_PM10-PM2.5 PM2.5 flag_PM2.5 K+ flag_K+ SO4-- flag_SO4--
  0.333333   1.333333    2.02 0.559000000   0.50 0.559000000 0.008 0.559000000 9.99 0.559259 0.008 0.559000  0.397 0.000  0.556 0.000 99.99 0.559259000   1.218 0.000 99.999 0.259   1.389 0.559 0.015 0.559000  0.017 0.559000
  4.333333   5.333333    4.50 0.559000000   0.45 0.559000000 9.999 0.559259000 9.99 0.559259 0.033 0.559000  0.444 0.000  0.622 0.000 99.99 0.559259000   3.723 0.000  0.742 0.000   2.981 0.559 0.013 0.559000  0.230 0.559000
  7.333333   8.333333    1.44 0.559000000   0.29 0.559000000 9.999 0.559259000 9.99 0.559259 0.004 0.559000  0.270 0.000  0.378 0.000 99.99 0.559259000   1.673 0.000  0.411 0.000   1.263 0.559 0.007 0.559000  0.033 0.559000
 11.333333  12.333333 9999.99 0.559394259 999.99 0.559394259 9.999 0.559394259 0.20 0.559394 0.001 0.559394  0.596 0.000  0.834 0.000 99.99 0.559394259   0.613 0.000  0.223 0.000   0.390 0.559 0.004 0.559394  0.019 0.559394
 14.333333  15.333333    1.91 0.559000000 999.99 0.559259000 0.013 0.559000000 9.99 0.559259 0.004 0.699000  0.272 0.000  0.380 0.000 99.99 0.559259000   1.662 0.000  0.851 0.000   0.811 0.559 0.005 0.559000  0.022 0.699000
 18.333333  19.333333 9999.99 0.999000000 999.99 0.999000000 9.999 0.999000000 9.99 0.999000 9.999 0.999000 99.999 0.999 99.999 0.999 99.99 0.999000000 999.999 0.999 99.999 0.999 999.999 0.999 9.999 0.999000 99.999 0.999000
 21.333333  22.333333 9999.99 0.999000000 999.99 0.999000000 9.999 0.999000000 9.99 0.999000 9.999 0.999000 99.999 0.999 99.999 0.999 99.99 0.999000000 999.999 0.999 99.999 0.999 999.999 0.999 9.999 0.999000 99.999 0.999000
 25.333333  26.333333    2.21 0.559000000   0.21 0.559000000 0.009 0.559000000 0.24 0.559000 0.011 0.699000  0.415 0.000  0.581 0.000 99.99 0.559259000   2.761 0.000  1.214 0.000   1.547 0.559 0.017 0.559000  0.130 0.699000
 28.333333  29.333333   13.68 0.559000000   0.42 0.559000000 9.999 0.559259000 9.99 0.559259 0.003 0.699000  0.502 0.000  0.703 0.000 99.99 0.559259000   3.145 0.000  1.839 0.000   1.306 0.559 0.011 0.559000  0.064 0.699000
 32.333333  33.333333    3.76 0.559000000   0.31 0.559000000 9.999 0.559259000 9.99 0.559259 0.024 0.559000  0.432 0.000  0.605 0.000 99.99 0.559259000   2.574 0.000  1.000 0.000   1.574 0.559 0.009 0.559000  0.073 0.559000
 35.333333  36.333333    4.52 0.559000000   0.38 0.559000000 9.999 0.559259000 9.99 0.559259 0.003 0.559000  0.467 0.000  0.654 0.000 99.99 0.559259000   2.206 0.000  0.256 0.000   1.950 0.559 0.009 0.559000  0.039 0.559000
 39.333333  40.333333    2.30 0.559000000   0.23 0.559000000 9.999 0.559259000 9.99 0.559259 0.017 0.559000  0.363 0.000  0.508 0.000 99.99 0.559259000   3.160 0.000  0.927 0.000   2.233 0.559 0.013 0.559000  0.073 0.559000
 42.333333  43.333333    3.43 0.559000000   0.98 0.559000000 0.008 0.559000000 9.99 0.559259 0.018 0.559000  1.486 0.000  2.081 0.000 99.99 0.559259000   3.909 0.000  0.454 0.000   3.455 0.559 0.025 0.559000  0.127 0.559000
 46.333333  47.333333 9999.99 0.999000000 999.99 0.999000000 9.999 0.999000000 9.99 0.999000 9.999 0.999000 99.999 0.999 99.999 0.999 99.99 0.999000000 999.999 0.999 99.999 0.999 999.999 0.999 9.999 0.999000 99.999 0.999000
 49.333333  50.333333    7.69 0.000000000   0.79 0.000000000 9.999 0.259000000 0.30 0.000000 0.006 0.559000  0.858 0.000  1.201 0.000 99.99 0.259000000   2.640 0.000  0.919 0.000   1.721 0.000 0.015 0.000000  0.098 0.559000
 53.333333  54.333333    2.51 0.000000000   0.31 0.000000000 0.021 0.000000000 9.99 0.259000 0.023 0.559000  0.701 0.000  0.982 0.000 99.99 0.259000000   2.437 0.000  0.732 0.000   1.705 0.000 0.013 0.000000  0.086 0.559000
 56.333333  57.333333   11.57 0.000000000   0.10 0.000000000 9.999 0.259000000 9.99 0.259000 9.999 0.559259  0.351 0.000  0.491 0.000 99.99 0.259000000   1.137 0.000  0.596 0.000   0.541 0.000 0.005 0.000000  0.006 0.559000
 60.333333  61.333333    7.52 0.000000000   0.64 0.000000000 9.999 0.259000000 9.99 0.259000 0.016 0.559000  0.219 0.000  0.306 0.000 99.99 0.259000000   2.261 0.000  0.915 0.000   1.346 0.000 0.016 0.000000  0.118 0.559000
 63.333333  64.333333    4.57 0.000000000   0.44 0.000000000 9.999 0.259000000 9.99 0.259000 0.033 0.559000  0.438 0.000  0.613 0.000 99.99 0.259000000   1.857 0.000  0.283 0.000   1.574 0.000 0.015 0.000000  0.087 0.559000
 67.333333  68.333333   10.71 0.000000000   0.78 0.000000000 9.999 0.259000000 9.99 0.259000 0.066 0.559000  1.096 0.000  1.534 0.000 99.99 0.259000000   5.342 0.000  0.928 0.000   4.414 0.000 0.025 0.000000  0.423 0.559000
 70.333333  71.333333   10.95 0.000000000   1.20 0.000000000 9.999 0.259000000 9.99 0.259000 0.029 0.559000  0.398 0.000  0.558 0.000 99.99 0.259000000   4.561 0.000  1.789 0.000   2.772 0.000 0.029 0.000000  0.269 0.559000
 74.333333  75.333333    4.53 0.000000000   0.29 0.000000000 9.999 0.259000000 9.99 0.259000 9.999 0.456000  0.279 0.000  0.390 0.000 99.99 0.259000000   2.396 0.000  1.043 0.000   1.353 0.000 0.010 0.000000 99.999 0.456000
 77.333333  78.333333    1.23 0.000000000   0.12 0.000000000 9.999 0.259000000 9.99 0.259000 9.999 0.456000  0.127 0.000  0.178 0.000 99.99 0.259000000   1.746 0.000  0.814 0.000   0.932 0.000 0.008 0.000000 99.999 0.456000
 81.333333  82.333333    7.53 0.000000000   0.46 0.000000000 9.999 0.259000000 9.99 0.259000 0.020 0.559000  0.226 0.000  0.316 0.000 99.99 0.259000000   3.199 0.000  1.486 0.000   1.713 0.000 0.016 0.000000  0.177 0.559000
 84.333333  85.333333   10.11 0.000000000   1.32 0.000000000 9.999 0.259000000 9.99 0.259000 0.054 0.559000  1.519 0.000  2.127 0.000 99.99 0.259000000   6.566 0.000  1.727 0.000   4.839 0.000 0.032 0.000000  0.478 0.559000
 88.333333  89.333333   21.07 0.000000000   0.61 0.000000000 9.999 0.259000000 9.99 0.259000 0.060 0.559000  0.400 0.000  0.560 0.000 99.99 0.259000000   4.630 0.000  1.720 0.000   2.909 0.000 0.023 0.000000  0.274 0.559000
 91.333333  92.333333   49.45 0.000000000   4.66 0.000000000 9.999 0.259000000 9.99 0.259000 0.067 0.559000  2.377 0.000  3.329 0.000 99.99 0.259000000   9.538 0.000  3.032 0.000   6.506 0.000 0.048 0.000000  0.334 0.559000
 95.333333  96.333333    4.54 0.000000000   0.26 0.000000000 9.999 0.259000000 9.99 0.259000 0.020 0.559000  0.183 0.000  0.256 0.000 99.99 0.259000000   3.086 0.000  1.452 0.000   1.634 0.000 0.017 0.000000  0.164 0.559000
 98.333333  99.333333   38.90 0.000000000   2.77 0.000000000 9.999 0.259000000 9.99 0.259000 0.042 0.559000  2.139 0.000  2.995 0.000 99.99 0.259000000   8.000 0.000  2.548 0.000   5.452 0.000 0.047 0.000000  0.262 0.559000
102.333333 103.333333  102.07 0.000000000   3.68 0.000000000 9.999 0.259000000 9.99 0.259000 0.072 0.559000  2.750 0.000  3.850 0.000 99.99 0.259000000  14.964 0.000  4.940 0.000  10.024 0.000 0.078 0.000000  0.757 0.559000
105.333333 106.333333    8.35 0.000000000   0.47 0.000000000 9.999 0.259000000 9.99 0.259000 0.004 0.559000  0.356 0.000  0.498 0.000 99.99 0.259000000   2.614 0.000  0.995 0.000   1.619 0.000 0.016 0.000000  0.041 0.559000
109.333333 110.333333   45.45 0.000000000   1.84 0.000000000 9.999 0.259000000 9.99 0.259000 0.083 0.559000  0.726 0.000  1.017 0.000 99.99 0.259000000   8.911 0.000  3.509 0.000   5.401 0.000 0.053 0.000000  0.488 0.559000
112.333333 113.333333    9.52 0.559000000   0.63 0.559000000 9.999 0.559259000 9.99 0.559259 0.018 0.559000  0.326 0.000  0.456 0.000 99.99 0.559259000   3.891 0.000  1.511 0.000   2.380 0.559 0.021 0.559000  0.122 0.559000
116.333333 117.333333   21.74 0.000000000   0.48 0.000000000 9.999 0.259000000 9.99 0.259000 0.036 0.559000  0.726 0.000  1.017 0.000 99.99 0.259000000   3.717 0.000  1.872 0.000   1.846 0.000 0.028 0.000000  0.130 0.559000
119.333333 120.333333    7.92 0.000000000   2.54 0.000000000 9.999 0.259000000 9.99 0.259000 0.026 0.559000  0.905 0.000  1.267 0.000 99.99 0.259000000   2.860 0.000  1.008 0.000   1.852 0.000 0.022 0.000000  0.094 0.559000
123.333333 124.333333   20.66 0.000000000   0.69 0.000000000 9.999 0.259000000 9.99 0.259000 0.031 0.559000  0.537 0.000  0.751 0.000 99.99 0.259000000   4.118 0.000  1.793 0.000   2.325 0.000 0.028 0.000000  0.185 0.559000
126.333333 127.333333    7.41 0.000000000   0.65 0.000000000 9.999 0.259000000 9.99 0.259000 0.023 0.559000  0.719 0.000  1.007 0.000 99.99 0.259000000   3.762 0.000  1.384 0.000   2.377 0.000 0.022 0.000000  0.163 0.559000
130.333333 131.333333    3.20 0.000000000   0.17 0.000000000 9.999 0.259000000 9.99 0.259000 0.011 0.559000  0.391 0.000  0.547 0.000 99.99 0.259000000   1.967 0.000  0.931 0.000   1.036 0.000 0.010 0.000000  0.034 0.559000
133.333333 134.333333   25.38 0.000000000   1.12 0.000000000 0.025 0.000000000 9.99 0.259000 0.033 0.559000  1.885 0.000  2.638 0.000 99.99 0.259000000   7.948 0.000  3.431 0.000   4.517 0.000 0.045 0.000000  0.173 0.559000
137.333333 138.333333   22.07 0.000000000   0.88 0.000000000 9.999 0.259000000 9.99 0.259000 0.049 0.559000  0.875 0.000  1.225 0.000 99.99 0.259000000   7.104 0.000  2.042 0.000   5.062 0.000 0.043 0.000000  0.553 0.559000
140.333333 141.333333   24.37 0.000000000   1.01 0.000000000 9.999 0.259000000 9.99 0.259000 0.018 0.559000 99.999 0.999 99.999 0.999 99.99 0.259000000   8.461 0.000  3.112 0.000   5.349 0.000 0.047 0.000000  0.419 0.559000
144.333333 145.333333   31.22 0.000000000   1.45 0.000000000 9.999 0.259000000 9.99 0.259000 0.086 0.559000  2.173 0.000  3.042 0.000 99.99 0.259000000   9.903 0.000  3.653 0.000   6.250 0.000 0.044 0.000000  0.413 0.559000
147.333333 148.333333    8.70 0.000000000   0.54 0.000000000 9.999 0.259000000 9.99 0.259000 0.023 0.559000  0.752 0.000  1.052 0.000 99.99 0.259000000   4.479 0.000  2.517 0.000   1.962 0.000 0.021 0.000000  0.123 0.559000
151.333333 152.333333    5.40 0.000000000   0.41 0.000000000 9.999 0.259000000 9.99 0.259000 0.038 0.559000  0.541 0.000  0.758 0.000 99.99 0.259000000   4.548 0.000  1.882 0.000   2.666 0.000 0.020 0.000000  0.245 0.559000
154.333333 155.333333   32.21 0.000000000   2.89 0.000000000 9.999 0.259000000 9.99 0.259000 0.045 0.699000  2.728 0.000  3.819 0.000 99.99 0.259000000  11.087 0.000  3.927 0.000   7.160 0.000 0.036 0.000000  0.415 0.699000
158.333333 159.333333    7.61 0.000000000 999.99 0.259000000 9.999 0.259000000 9.99 0.259000 0.077 0.559000  0.961 0.000  1.345 0.000 99.99 0.259000000   4.829 0.000  1.511 0.000   3.319 0.000 0.019 0.000000  0.256 0.559000
161.333333 162.333333    3.40 0.394000000 999.99 0.394259000 0.009 0.394000000 9.99 0.394259 0.008 0.559394  0.224 0.000  0.313 0.000 99.99 0.394259000   2.699 0.000  1.193 0.000   1.506 0.000 0.013 0.394000  0.075 0.559394
165.333333 166.333333    5.25 0.000000000   0.33 0.000000000 9.999 0.259000000 9.99 0.259000 0.005 0.559000  0.622 0.000  0.870 0.000 99.99 0.259000000   5.761 0.000  3.313 0.000   2.447 0.000 0.016 0.000000  0.230 0.559000
168.333333 169.333333   21.25 0.000000000   1.50 0.000000000 9.999 0.259000000 9.99 0.259000 0.047 0.559000  2.271 0.000  3.179 0.000 99.99 0.259000000   9.549 0.000  3.950 0.000   5.598 0.000 0.027 0.000000  0.265 0.559000
172.333333 173.333333   35.52 0.000000000   1.39 0.000000000 9.999 0.259000000 9.99 0.259000 0.173 0.699000  2.429 0.000  3.400 0.000 99.99 0.259000000  12.412 0.000  3.333 0.000   9.079 0.000 0.044 0.000000  0.837 0.699000
175.333333 176.333333   10.96 0.000000000 999.99 0.259000000 0.008 0.000000000 9.99 0.259000 0.027 0.699000  0.844 0.000  1.181 0.000 99.99 0.259000000   5.667 0.000  2.525 0.000   3.142 0.000 0.022 0.000000  0.250 0.699000
179.333333 180.333333   32.62 0.000000000   0.30 0.000000000 9.999 0.259000000 9.99 0.259000 0.028 0.699000  2.652 0.000  3.713 0.000 99.99 0.259000000   9.794 0.000  3.455 0.000   6.339 0.000 0.025 0.000000  0.339 0.699000
182.333333 183.333333    4.58 0.559000000 999.99 0.559259000 9.999 0.559259000 9.99 0.559259 0.034 0.699000  0.550 0.000  0.771 0.000 99.99 0.559259000   5.821 0.000  1.871 0.000   3.949 0.559 0.013 0.559000  0.565 0.699000
186.333333 187.333333   32.87 0.000000000   0.83 0.000000000 9.999 0.259000000 9.99 0.259000 0.072 0.699000  1.889 0.000  2.645 0.000 99.99 0.259000000  11.951 0.000  2.807 0.000   9.144 0.000 0.029 0.000000  0.949 0.699000
189.333333 190.333333   22.33 0.000000000   1.55 0.000000000 9.999 0.259000000 9.99 0.259000 0.070 0.699000  1.258 0.000  1.761 0.000 99.99 0.259000000   7.025 0.000  3.008 0.000   4.017 0.000 0.016 0.000000  0.348 0.699000
193.333333 194.333333   11.66 0.000000000  16.23 0.000000000 0.063 0.000000000 9.99 0.259000 0.103 0.699000  1.623 0.000  2.272 0.000 99.99 0.259000000   8.358 0.000  0.362 0.000   7.996 0.000 0.445 0.000000  0.639 0.699000
196.333333 197.333333   16.10 0.000000000   2.06 0.000000000 9.999 0.259000000 9.99 0.259000 0.039 0.699000  1.594 0.000  2.231 0.000 99.99 0.259000000   7.503 0.000  1.323 0.000   6.180 0.000 0.033 0.000000  0.598 0.699000
200.333333 201.333333   32.20 0.000000000   0.59 0.000000000 9.999 0.259000000 9.99 0.259000 0.115 0.699000  1.305 0.000  1.827 0.000 99.99 0.259000000  11.858 0.000  4.570 0.000   7.288 0.000 0.023 0.000000  0.871 0.699000
203.333333 204.333333   10.19 0.000000000   0.56 0.000000000 9.999 0.259000000 0.14 0.000000 0.032 0.699000  0.837 0.000  1.172 0.000 99.99 0.259000000   6.092 0.000  1.621 0.000   4.471 0.000 0.023 0.000000  0.377 0.699000
207.333333 208.333333    6.98 0.000000000   0.18 0.000000000 9.999 0.259000000 9.99 0.259000 0.037 0.699000  0.474 0.000  0.663 0.000 99.99 0.259000000   5.499 0.000  1.921 0.000   3.578 0.000 0.012 0.000000  0.475 0.699000
210.333333 211.333333   25.27 0.000000000   1.83 0.000000000 9.999 0.259000000 0.17 0.000000 0.038 0.699000  1.828 0.000  2.559 0.000 99.99 0.259000000   9.955 0.000  3.253 0.000   6.702 0.000 0.024 0.000000  0.636 0.699000
214.333333 215.333333   41.69 0.000000000   0.98 0.000000000 9.999 0.259000000 9.99 0.259000 0.084 0.699000  2.231 0.000  3.124 0.000 99.99 0.259000000   9.858 0.000  4.227 0.000   5.631 0.000 0.029 0.000000  0.305 0.699000
217.333333 218.333333   27.91 0.000000000   0.92 0.000000000 9.999 0.259000000 9.99 0.259000 0.065 0.699000  2.874 0.000  4.023 0.000 99.99 0.259000000  11.991 0.000  3.071 0.000   8.920 0.000 0.038 0.000000  0.836 0.699000
221.333333 222.333333   36.61 0.000000000   1.03 0.000000000 9.999 0.259000000 9.99 0.259000 0.059 0.699000  2.136 0.000  2.991 0.000 99.99 0.259000000  11.240 0.000  3.551 0.000   7.689 0.000 0.018 0.000000  0.801 0.699000
224.333333 225.333333   23.65 0.000000000   0.88 0.000000000 9.999 0.259000000 9.99 0.259000 0.117 0.699000  1.420 0.000  1.988 0.000 99.99 0.259000000   8.349 0.000  3.251 0.000   5.099 0.000 0.022 0.000000  0.484 0.699000
228.333333 229.333333   41.52 0.000000000 999.99 0.259000000 9.999 0.259000000 9.99 0.259000 0.082 0.699000  1.478 0.000  2.069 0.000 99.99 0.259000000   9.528 0.000  2.711 0.000   6.817 0.000 0.030 0.000000  0.576 0.699000
231.333333 232.333333    2.08 0.000000000 999.99 0.259000000 9.999 0.259000000 9.99 0.259000 0.025 0.699000  0.580 0.000  0.812 0.000 99.99 0.259000000   4.071 0.000  1.798 0.000   2.273 0.000 0.026 0.000000  0.193 0.699000
234.333333 235.333333 9999.99 0.999000000 999.99 0.999000000 9.999 0.999000000 9.99 0.999000 9.999 0.999000 99.999 0.999 99.999 0.999 99.99 0.999000000 999.999 0.999 99.999 0.999 999.999 0.999 9.999 0.999000 99.999 0.999000
237.333333 238.333333 9999.99 0.999000000 999.99 0.999000000 9.999 0.999000000 9.99 0.999000 9.999 0.999000 99.999 0.999 99.999 0.999 99.99 0.999000000 999.999 0.999 99.999 0.999 999.999 0.999 9.999 0.999000 99.999 0.999000
240.333333 241.333333 9999.99 0.999000000 999.99 0.999000000 9.999 0.999000000 9.99 0.999000 9.999 0.999000 99.999 0.999 99.999 0.999 99.99 0.999000000 999.999 0.999 99.999 0.999 999.999 0.999 9.999 0.999000 99.999 0.999000
243.333333 244.333333    4.82 0.000000000 999.99 0.259000000 9.999 0.259000000 9.99 0.259000 0.046 0.000000  0.627 0.000  0.878 0.000 99.99 0.259000000   5.612 0.000  2.269 0.000   3.344 0.000 0.015 0.000000  0.306 0.000000
