scripts/IMPROVE-2019_partial/data/US4999R.19990102080000.20191216000000.filterpack...1y.3d.US03L_filterpack_US4999.US03L_IMPROVE_Davis.lev2.nas
51 1001
MISSING INFORMATION
US03L, IMPROVE, , , , , , , 
MISSING INFORMATION
IMPROVE sel_HTAP
1 1
1999 01 01 2019 12 16
0
days from file reference point
4
1 1 1 1
999.999999 999.999 999.999 9.999
end_time of measurement, days from the file reference point
pm10_mass, ug/m3, Matrix=pm10
pm25_mass, ug/m3, Matrix=pm25
numflag, no unit
0
33
Data definition:              EBAS_1.1
Set type code:                TI
Timezone:                     UTC
File name:                    US4999R.19990102080000.20191216000000.filterpack...1y.3d.US03L_filterpack_US4999.US03L_IMPROVE_Davis.lev2.nas
File creation:                20191218120501
Startdate:                    19990102080000
Revision date:                20191216000000
Version:                      2
Version description:          "Data extracted from http://views.cira.colostate.edu/fed/DataWizard 2019-12-16"
Statistics:                   arithmetic mean
Data level:                   2
Period code:                  1y
Resolution code:              3d
Sample duration:              1d
Orig. time res.:              3d
Station code:                 US4999R
Platform code:                US4999S
Station name:                 Mount Rainier National Park-Tahoma Woods (WA99)
Station latitude:             46.7582
Station longitude:            -122.1243
Station altitude:             424.0 m
Regime:                       IMG
Component:                    
Unit:                         ug/m3
Matrix:                       
Laboratory code:              US03L
Instrument type:              filterpack
Instrument name:              filterpack_US4999
Method ref:                   US03L_IMPROVE_Davis
Blank correction:             Blank corrected
Volume std. temperature:      ambient
Volume std. pressure:         ambient
starttime endtime PM10 PM2.5 flag
  1.333333   2.333333   5.941   4.942 0.000
  5.333333   6.333333   6.279   5.137 0.000
  8.333333   9.333333   6.985   0.793 0.000
 12.333333  13.333333   1.511   0.888 0.000
 15.333333  16.333333 999.999 999.999 0.999
 19.333333  20.333333   0.804 999.999 0.000
 22.333333  23.333333   4.340   2.164 0.000
 26.333333  27.333333   6.113   2.552 0.000
 29.333333  30.333333   2.287   1.227 0.000
 33.333333  34.333333 999.999 999.999 0.999
 36.333333  37.333333   1.960   2.271 0.000
 40.333333  41.333333   2.736   1.051 0.000
 43.333333  44.333333   3.662   2.003 0.000
 47.333333  48.333333   2.820   1.338 0.000
 50.333333  51.333333   4.907   0.900 0.000
 54.333333  55.333333   0.842 999.999 0.000
 57.333333  58.333333   1.996   1.331 0.000
 61.333333  62.333333   6.125   0.911 0.000
 64.333333  65.333333   8.447   6.088 0.000
 68.333333  69.333333   2.525   1.933 0.000
 71.333333  72.333333   3.038   1.674 0.000
 75.333333  76.333333   3.033   1.980 0.000
 78.333333  79.333333  13.530  10.352 0.000
 82.333333  83.333333   3.028 999.999 0.000
 85.333333  86.333333   1.317   1.254 0.000
 89.333333  90.333333   5.946   3.858 0.000
 92.333333  93.333333   7.068   3.195 0.000
 96.333333  97.333333   8.430   4.855 0.000
 99.333333 100.333333   3.653   2.771 0.000
103.333333 104.333333   8.581   4.928 0.000
106.333333 107.333333  11.215   7.886 0.000
110.333333 111.333333   4.926   4.134 0.000
113.333333 114.333333  10.137   8.025 0.000
117.333333 118.333333   6.498   5.661 0.000
120.333333 121.333333   2.529   1.828 0.000
124.333333 125.333333   3.762   2.041 0.000
127.333333 128.333333   5.580   1.942 0.000
131.333333 132.333333   5.861   3.618 0.000
134.333333 135.333333   7.300   4.910 0.000
138.333333 139.333333   9.699   7.296 0.000
141.333333 142.333333  11.011   6.403 0.000
145.333333 146.333333  12.280   4.662 0.000
148.333333 149.333333  12.809   6.237 0.000
152.333333 153.333333   5.682   4.328 0.000
155.333333 156.333333   4.253   2.261 0.000
159.333333 160.333333   5.105   3.186 0.000
162.333333 163.333333   9.534   4.855 0.000
166.333333 167.333333   7.502   2.899 0.000
169.333333 170.333333   6.944 999.999 0.000
173.333333 174.333333   6.227   3.345 0.000
176.333333 177.333333   5.888   2.803 0.000
180.333333 181.333333   3.578 999.999 0.000
183.333333 184.333333   4.557   0.651 0.000
187.333333 188.333333   5.570   1.775 0.000
190.333333 191.333333  19.872  15.891 0.000
194.333333 195.333333   6.369   4.035 0.000
197.333333 198.333333   3.454   2.086 0.000
201.333333 202.333333  11.089   7.950 0.000
204.333333 205.333333   7.526   3.425 0.000
208.333333 209.333333  14.252   9.560 0.000
211.333333 212.333333  13.457   7.318 0.000
215.333333 216.333333  14.321  11.086 0.000
218.333333 219.333333 999.999   3.457 0.000
222.333333 223.333333   6.229   4.712 0.000
225.333333 226.333333   3.866   2.160 0.000
229.333333 230.333333  14.507  11.553 0.000
232.333333 233.333333   7.232   5.828 0.000
236.333333 237.333333   4.730   3.072 0.000
239.333333 240.333333  10.886   8.033 0.000
243.333333 244.333333   5.237   3.488 0.000
246.333333 247.333333  11.510   9.066 0.000
250.333333 251.333333   6.469   3.319 0.000
253.333333 254.333333   8.918   5.216 0.000
257.333333 258.333333  18.345  15.743 0.000
260.333333 261.333333  15.189  10.179 0.000
264.333333 265.333333  19.841  12.976 0.000
267.333333 268.333333   7.100   3.790 0.000
271.333333 272.333333   6.702   4.276 0.000
274.333333 275.333333   9.125   6.462 0.000
278.333333 279.333333   4.213   2.688 0.000
281.333333 282.333333   6.203   4.800 0.000
285.333333 286.333333   6.147   3.708 0.000
288.333333 289.333333   6.413   4.703 0.000
292.333333 293.333333   7.942   5.030 0.000
295.333333 296.333333  16.363  11.379 0.000
299.333333 300.333333   3.922   2.058 0.000
302.333333 303.333333   9.069   4.942 0.000
306.333333 307.333333   6.495   4.048 0.000
309.333333 310.333333   7.026   2.260 0.000
313.333333 314.333333  10.971   0.969 0.000
316.333333 317.333333   7.429   5.225 0.000
320.333333 321.333333   3.205   2.083 0.000
323.333333 324.333333   2.959   1.951 0.000
327.333333 328.333333   1.552   0.917 0.000
330.333333 331.333333   3.390   2.037 0.000
334.333333 335.333333   1.580   0.625 0.000
337.333333 338.333333   3.077   1.389 0.000
341.333333 342.333333   2.367   0.721 0.000
344.333333 345.333333   4.845   0.954 0.000
348.333333 349.333333   2.794   0.397 0.000
351.333333 352.333333   3.458   1.482 0.000
355.333333 356.333333   4.295   2.710 0.000
358.333333 359.333333   5.620   5.360 0.000
362.333333 363.333333  10.072   9.007 0.000
