scripts/IMPROVE-2019_partial/data/US4999R.20030103080000.20191216000000.filterpack..pm25.1y.1w.US03L_filterpack_US4999.US03L_IMPROVE_Davis.lev2.nas
66 1001
MISSING INFORMATION
US03L, IMPROVE, , , , , , , 
MISSING INFORMATION
IMPROVE sel_HTAP
1 1
2003 01 01 2019 12 16
3.000000
days from file reference point
27
1 1 1 1 1 1 1 1 1 1 1 1 1 1 1 1 1 1 1 1 1 1 1 1 1 1 1
999.999999 9999.99 9.999 99.99 9.999 9.999 9.999999 9.99 9.999999 9.999 9.999999 99.999 9.999 99.999 9.999 999.99 9.999999 999.999 9.999 999.999 9.999 999.999 9.999 9.999 9.999 9.999 9.999
end_time of measurement, days from the file reference point
iron, ng/m3, Revision date=20181210133000
numflag iron, no unit, Revision date=20181210133000
lead, ng/m3, Revision date=20181210133000
numflag lead, no unit, Revision date=20181210133000
magnesium, ug/m3, Revision date=20181210133000
numflag magnesium, no unit, Revision date=20181210133000
nickel, ng/m3, Revision date=20181210133000
numflag nickel, no unit, Revision date=20181210133000
nitrate, ug N/m3, Revision date=20181210133000
numflag nitrate, no unit, Revision date=20181210133000
organic_carbon, ug C/m3, Revision date=20181210133000
numflag organic_carbon, no unit, Revision date=20181210133000
organic_mass, ug/m3, Revision date=20181210133000
numflag organic_mass, no unit, Revision date=20181210133000
phosphorus, ng/m3, Revision date=20181210133000
numflag phosphorus, no unit, Revision date=20181210133000
pm10_mass, ug/m3, Version=2, Version description=Data extracted from http://views.cira.colostate.edu/fed/DataWizard 2019-12-16, Sample duration=1d, Orig. time res.=3d, Matrix=pm10, Blank correction=Blank corrected, Volume std. temperature=ambient, Volume std. pressure=ambient
numflag pm10_mass, no unit, Version=2, Version description=Data extracted from http://views.cira.colostate.edu/fed/DataWizard 2019-12-16, Sample duration=1d, Orig. time res.=3d, Matrix=pm10, Blank correction=Blank corrected, Volume std. temperature=ambient, Volume std. pressure=ambient
pm10_pm25_mass, ug/m3, Revision date=20181210133000, Matrix=pm10_pm25
numflag pm10_pm25_mass, no unit, Revision date=20181210133000, Matrix=pm10_pm25
pm25_mass, ug/m3, Version=2, Version description=Data extracted from http://views.cira.colostate.edu/fed/DataWizard 2019-12-16, Sample duration=1d, Orig. time res.=3d, Blank correction=Blank corrected, Volume std. temperature=ambient, Volume std. pressure=ambient
numflag pm25_mass, no unit, Version=2, Version description=Data extracted from http://views.cira.colostate.edu/fed/DataWizard 2019-12-16, Sample duration=1d, Orig. time res.=3d, Blank correction=Blank corrected, Volume std. temperature=ambient, Volume std. pressure=ambient
potassium, ug/m3, Revision date=20181210133000
numflag potassium, no unit, Revision date=20181210133000
sulphate_total, ug S/m3, Revision date=20181210133000
numflag sulphate_total, no unit, Revision date=20181210133000
0
25
Data definition:              EBAS_1.1
Set type code:                TU
Timezone:                     UTC
File name:                    US4999R.20030103080000.20191216000000.filterpack..pm25.1y.1w.US03L_filterpack_US4999.US03L_IMPROVE_Davis.lev2.nas
File creation:                20191218120502
Startdate:                    20030103080000
Revision date:                20191216000000
Statistics:                   arithmetic mean
Data level:                   2
Period code:                  1y
Resolution code:              1w
Station code:                 US4999R
Platform code:                US4999S
Station name:                 Mount Rainier National Park-Tahoma Woods (WA99)
Station latitude:             46.7582
Station longitude:            -122.1243
Station altitude:             424.0 m
Regime:                       IMG
Component:                    
Matrix:                       pm25
Laboratory code:              US03L
Instrument type:              filterpack
Instrument name:              filterpack_US4999
Method ref:                   US03L_IMPROVE_Davis
starttime endtime Fe flag_Fe Pb flag_Pb Mg++ flag_Mg++ Ni flag_Ni NO3- flag_NO3- OC flag_OC OM flag_OM P flag_P PM10 flag_PM10 PM10-PM2.5 flag_PM10-PM2.5 PM2.5 flag_PM2.5 K+ flag_K+ SO4-- flag_SO4--
  2.333333   3.333333    0.87 0.000  0.14 0.000 0.032 0.000000 9.99 0.259000 0.005 0.000000  0.163 0.000  0.228 0.000 999.99 0.259000   4.824 0.000   2.952 0.000   1.872 0.000 0.018 0.000 0.048 0.000
  5.333333   6.333333    4.79 0.000  0.06 0.000 9.999 0.259000 9.99 0.259000 9.999 0.259000  0.495 0.000  0.693 0.000   4.03 0.000000   2.994 0.000   2.033 0.000   0.961 0.000 0.007 0.000 0.018 0.000
  8.333333   9.333333    3.57 0.000  0.19 0.000 0.006 0.000000 9.99 0.259000 0.009 0.000000  0.754 0.000  1.056 0.000 999.99 0.259000   3.012 0.000   1.045 0.000   1.967 0.000 0.011 0.000 0.057 0.000
 11.333333  12.333333 9999.99 0.999 99.99 0.999 9.999 0.999000 9.99 0.999000 9.999 0.999000 99.999 0.999 99.999 0.999 999.99 0.999000 999.999 0.999 999.999 0.999 999.999 0.999 9.999 0.999 9.999 0.999
 14.333333  15.333333   29.11 0.000  0.63 0.000 9.999 0.259000 9.99 0.259000 0.007 0.000000  1.629 0.000  2.281 0.000 999.99 0.259000   4.267 0.000   1.255 0.000   3.012 0.000 0.025 0.000 0.032 0.000
 17.333333  18.333333   10.22 0.000  2.62 0.000 9.999 0.259000 0.04 0.000000 0.007 0.000000  1.886 0.000  2.640 0.000 999.99 0.259000   4.602 0.000   1.207 0.000   3.394 0.000 0.040 0.000 0.039 0.000
 20.333333  21.333333   23.60 0.000  1.10 0.000 9.999 0.259000 0.05 0.000000 0.011 0.000000  1.594 0.000  2.232 0.000 999.99 0.259000   3.782 0.000   0.855 0.000   2.927 0.000 0.030 0.000 0.044 0.000
 23.333333  24.333333    1.10 0.000  0.13 0.000 0.017 0.000000 9.99 0.259000 0.004 0.000000  0.442 0.000  0.619 0.000   3.14 0.000000   2.273 0.000   1.505 0.000   0.768 0.000 0.011 0.000 0.009 0.000
 26.333333  27.333333    1.07 0.000  0.43 0.000 9.999 0.259000 9.99 0.259000 0.009 0.000000  0.250 0.000  0.349 0.000 999.99 0.259000   1.871 0.000   1.234 0.000   0.637 0.000 0.008 0.000 0.041 0.000
 29.333333  30.333333    0.63 0.000  0.10 0.000 9.999 0.259000 9.99 0.259000 0.002 0.000000  0.274 0.000  0.383 0.000 999.99 0.259000   1.571 0.000   0.963 0.000   0.608 0.000 0.008 0.000 0.007 0.000
 32.333333  33.333333    0.73 0.000  0.16 0.000 0.006 0.000000 9.99 0.259000 0.008 0.000000  0.112 0.000  0.157 0.000 999.99 0.259000   1.289 0.000   0.734 0.000   0.556 0.000 0.007 0.000 0.055 0.000
 35.333333  36.333333   10.03 0.000  0.77 0.000 0.023 0.000000 0.10 0.000000 0.074 0.000000  1.323 0.000  1.853 0.000 999.99 0.259000   4.267 0.000   0.701 0.000   3.566 0.000 0.024 0.000 0.170 0.000
 38.333333  39.333333    8.66 0.000  0.85 0.000 9.999 0.259000 9.99 0.259000 0.031 0.000000  2.164 0.000  3.030 0.000 999.99 0.259000   4.685 0.000 999.999 0.259   5.024 0.000 0.048 0.000 0.096 0.000
 41.333333  42.333333    6.11 0.000  0.48 0.000 9.999 0.259000 0.04 0.000000 0.010 0.000000  0.958 0.000  1.341 0.000 999.99 0.259000   2.779 0.000   0.446 0.000   2.333 0.000 0.015 0.000 0.096 0.000
 44.333333  45.333333   18.12 0.000  2.01 0.000 9.999 0.259000 0.18 0.000000 0.031 0.000000  2.228 0.000  3.120 0.000 999.99 0.259000   6.279 0.000   1.117 0.000   5.162 0.000 0.045 0.000 0.204 0.000
 47.333333  48.333333    0.81 0.000  0.13 0.000 9.999 0.259000 0.05 0.000000 0.002 0.000000  0.190 0.000  0.266 0.000 999.99 0.259000   0.624 0.000   0.286 0.000   0.338 0.000 0.004 0.000 0.014 0.000
 50.333333  51.333333    0.53 0.000  0.10 0.000 9.999 0.259000 0.05 0.000000 0.003 0.000000  0.063 0.000  0.088 0.000   0.56 0.000000   0.416 0.000   0.386 0.000   0.030 0.000 0.005 0.000 0.021 0.000
 53.333333  54.333333    8.34 0.000  0.32 0.000 9.999 0.259000 9.99 0.259000 0.018 0.000000  0.446 0.000  0.624 0.000 999.99 0.259000   2.453 0.000   0.968 0.000   1.486 0.000 0.014 0.000 0.151 0.000
 56.333333  57.333333   26.75 0.559  1.04 0.559 9.999 0.559259 9.99 0.559259 0.037 0.559000  1.879 0.000  2.631 0.000 999.99 0.559259   6.653 0.000   2.500 0.000   4.153 0.559 0.036 0.559 0.176 0.559
 59.333333  60.333333    4.18 0.000  0.55 0.000 9.999 0.259000 9.99 0.259000 0.004 0.000000  0.992 0.000  1.389 0.000 999.99 0.259000   2.050 0.000   0.252 0.000   1.798 0.000 0.017 0.000 0.055 0.000
 62.333333  63.333333    6.46 0.000  1.54 0.000 0.021 0.000000 0.15 0.000000 0.018 0.000000  1.089 0.000  1.525 0.000 999.99 0.259000   3.824 0.000   0.648 0.000   3.175 0.000 0.026 0.000 0.216 0.000
 65.333333  66.333333    1.89 0.394  0.16 0.394 9.999 0.394259 9.99 0.394259 0.013 0.394000  0.639 0.000  0.895 0.000 999.99 0.394259   1.270 0.000   0.043 0.000   1.227 0.000 0.023 0.394 0.055 0.394
 68.333333  69.333333    1.21 0.000  0.23 0.000 9.999 0.259000 9.99 0.259000 0.001 0.000000  0.277 0.000  0.387 0.000 999.99 0.259000   1.040 0.000   0.587 0.000   0.453 0.000 0.006 0.000 0.031 0.000
 71.333333  72.333333    4.14 0.000  0.13 0.000 9.999 0.259000 9.99 0.259000 0.006 0.000000  0.144 0.000  0.201 0.000 999.99 0.259000   1.199 0.000   0.714 0.000   0.484 0.000 0.011 0.000 0.035 0.000
 74.333333  75.333333    2.36 0.000  0.51 0.000 0.009 0.000000 9.99 0.259000 0.006 0.000000  0.173 0.000  0.242 0.000 999.99 0.259000   1.199 0.000   0.482 0.000   0.716 0.000 0.008 0.000 0.031 0.000
 77.333333  78.333333    9.65 0.000  0.42 0.000 0.028 0.000000 9.99 0.259000 0.018 0.000000  0.177 0.000  0.248 0.000 999.99 0.259000   1.860 0.000   0.899 0.000   0.961 0.000 0.015 0.000 0.069 0.000
 80.333333  81.333333    3.32 0.000  0.21 0.000 0.016 0.000000 9.99 0.259000 0.012 0.000000  0.035 0.000  0.049 0.000 999.99 0.259000   1.123 0.000   0.274 0.000   0.848 0.000 0.006 0.000 0.035 0.000
 83.333333  84.333333    3.34 0.000  0.15 0.000 9.999 0.259000 0.06 0.000000 0.024 0.000000  0.109 0.000  0.153 0.000 999.99 0.259000   1.555 0.000   0.674 0.000   0.881 0.000 0.007 0.000 0.055 0.000
 86.333333  87.333333    3.83 0.000  0.54 0.000 0.017 0.000000 9.99 0.259000 0.023 0.000000  0.571 0.000  0.799 0.000 999.99 0.259000   2.661 0.000   1.115 0.000   1.547 0.000 0.015 0.000 0.051 0.000
 89.333333  90.333333    6.45 0.000  0.14 0.000 9.999 0.259000 9.99 0.259000 0.037 0.000000  0.201 0.000  0.281 0.000 999.99 0.259000   2.483 0.000   1.101 0.000   1.382 0.000 0.011 0.000 0.113 0.000
 92.333333  93.333333    2.32 0.000  0.27 0.000 9.999 0.259000 9.99 0.259000 0.022 0.000000  0.214 0.000  0.300 0.000 999.99 0.259000   1.331 0.000   0.339 0.000   0.992 0.000 0.007 0.000 0.068 0.000
 95.333333  96.333333    2.04 0.000  0.29 0.000 9.999 0.259000 9.99 0.259000 0.012 0.559000  0.107 0.000  0.150 0.000 999.99 0.259000   1.123 0.000   0.392 0.000   0.731 0.000 0.007 0.000 0.056 0.559
 98.333333  99.333333    4.86 0.000  0.38 0.000 9.999 0.259000 9.99 0.259000 0.010 0.000000  0.262 0.000  0.367 0.000 999.99 0.259000   1.777 0.000   0.704 0.000   1.073 0.000 0.009 0.000 0.090 0.000
101.333333 102.333333   11.41 0.559  1.69 0.559 0.016 0.559000 0.16 0.559000 0.036 0.000000  1.129 0.000  1.580 0.000 999.99 0.559259   4.657 0.000   1.054 0.000   3.603 0.559 0.029 0.559 0.283 0.000
104.333333 105.333333    6.11 0.000  0.46 0.000 9.999 0.259000 0.09 0.000000 0.020 0.000000  0.421 0.000  0.589 0.000 999.99 0.259000   2.423 0.000   1.013 0.000   1.410 0.000 0.013 0.000 0.112 0.000
107.333333 108.333333    6.18 0.000  0.62 0.000 0.015 0.000000 9.99 0.259000 0.046 0.000000  1.132 0.000  1.585 0.000 999.99 0.259000   5.739 0.000   1.597 0.000   4.141 0.000 0.032 0.000 0.351 0.000
110.333333 111.333333   41.84 0.000  2.31 0.000 9.999 0.259000 0.23 0.000000 0.094 0.000000  0.884 0.000  1.237 0.000 999.99 0.259000   5.863 0.000   1.181 0.000   4.682 0.000 0.054 0.000 0.490 0.000
113.333333 114.333333    3.72 0.559  0.31 0.559 9.999 0.559259 0.05 0.559000 0.012 0.000000  0.269 0.000  0.376 0.000 999.99 0.559259   1.622 0.000   0.737 0.000   0.884 0.559 0.008 0.559 0.076 0.000
116.333333 117.333333    5.19 0.000  0.45 0.000 9.999 0.259000 9.99 0.259000 0.008 0.000000  0.498 0.000  0.698 0.000 999.99 0.259000   2.356 0.000   1.167 0.000   1.190 0.000 0.011 0.000 0.050 0.000
119.333333 120.333333    4.43 0.000  0.40 0.000 0.011 0.000000 0.07 0.000000 0.010 0.000000  0.672 0.000  0.941 0.000 999.99 0.259000   3.183 0.000   1.359 0.000   1.824 0.000 0.018 0.000 0.129 0.000
122.333333 123.333333   13.22 0.559  0.83 0.559 0.021 0.559000 9.99 0.559259 0.047 0.000000  0.510 0.000  0.715 0.000 999.99 0.559259   4.907 0.000   1.600 0.000   3.307 0.559 0.025 0.559 0.318 0.000
125.333333 126.333333   17.53 0.000  0.69 0.000 9.999 0.259000 0.13 0.000000 0.036 0.000000  1.056 0.000  1.478 0.000 999.99 0.259000   5.295 0.000   1.280 0.000   4.015 0.000 0.019 0.000 0.355 0.000
128.333333 129.333333   18.51 0.000  1.24 0.000 9.999 0.259000 0.39 0.000000 0.080 0.000000  1.668 0.000  2.335 0.000 999.99 0.259000   8.150 0.000   1.919 0.000   6.231 0.000 0.033 0.000 0.574 0.000
131.333333 132.333333   13.98 0.559  0.98 0.559 9.999 0.559259 0.09 0.559000 0.066 0.000000  1.649 0.000  2.308 0.000 999.99 0.559259   8.400 0.000   2.825 0.000   5.575 0.559 0.025 0.559 0.573 0.000
134.333333 135.333333    4.07 0.000  0.32 0.000 9.999 0.259000 0.06 0.000000 0.017 0.000000  0.791 0.000  1.107 0.000 999.99 0.259000   3.514 0.000   1.029 0.000   2.485 0.000 0.014 0.000 0.206 0.000
137.333333 138.333333    3.91 0.000  0.48 0.000 0.008 0.000000 9.99 0.259000 0.014 0.000000  0.769 0.000  1.077 0.000 999.99 0.259000   3.472 0.000   0.806 0.000   2.666 0.000 0.015 0.000 0.205 0.000
140.333333 141.333333    6.53 0.000  0.62 0.000 9.999 0.259000 0.11 0.000000 9.999 0.559259  1.089 0.000  1.524 0.000 999.99 0.259000 999.999 0.456 999.999 0.999   3.119 0.000 0.024 0.000 0.165 0.559
143.333333 144.333333   22.85 0.559  2.16 0.559 9.999 0.559259 0.16 0.559000 0.031 0.000000  2.051 0.000  2.871 0.000 999.99 0.559259 999.999 0.456 999.999 0.999   6.089 0.559 0.031 0.559 0.302 0.000
146.333333 147.333333   25.64 0.000  1.14 0.000 9.999 0.259000 0.10 0.000000 0.031 0.000000  1.614 0.000  2.259 0.000 999.99 0.259000 999.999 0.456 999.999 0.999   4.388 0.000 0.030 0.000 0.187 0.000
149.333333 150.333333   31.73 0.559  1.68 0.559 0.009 0.559000 0.47 0.559000 0.075 0.000000  2.417 0.000  3.384 0.000 999.99 0.559259  11.657 0.000   3.882 0.000   7.775 0.559 0.030 0.559 0.448 0.000
152.333333 153.333333   19.32 0.000  0.77 0.000 9.999 0.259000 0.16 0.000000 0.113 0.000000  1.574 0.000  2.203 0.000 999.99 0.259000   9.673 0.000   3.985 0.000   5.688 0.000 0.030 0.000 0.506 0.000
155.333333 156.333333   75.19 0.699  1.50 0.699 9.999 0.699259 0.17 0.699000 0.044 0.000000  4.408 0.000  6.172 0.000 999.99 0.699259  16.190 0.000   5.556 0.000  10.634 0.699 0.048 0.699 0.379 0.000
158.333333 159.333333   21.64 0.559  3.16 0.559 9.999 0.559259 0.18 0.559000 0.194 0.000000  2.466 0.000  3.452 0.000 999.99 0.559259  11.834 0.000   3.935 0.000   7.899 0.559 0.069 0.559 0.453 0.000
161.333333 162.333333   11.55 0.000  0.43 0.000 9.999 0.259000 0.11 0.000000 0.084 0.000000  1.220 0.000  1.708 0.000 999.99 0.259000   7.812 0.000   3.012 0.000   4.800 0.000 0.016 0.000 0.580 0.000
164.333333 165.333333    3.22 0.000  0.56 0.000 9.999 0.259000 0.09 0.000000 0.039 0.000000  0.667 0.000  0.934 0.000 999.99 0.259000   4.397 0.000   1.866 0.000   2.531 0.000 0.020 0.000 0.249 0.000
167.333333 168.333333   43.07 0.559  1.79 0.559 9.999 0.559259 0.24 0.559000 0.041 0.000000  2.470 0.000  3.458 0.000 999.99 0.559259  11.253 0.000   4.746 0.000   6.507 0.559 0.036 0.559 0.376 0.000
170.333333 171.333333    3.64 0.000 99.99 0.259 0.050 0.000000 9.99 0.259000 0.019 0.000000  0.222 0.000  0.311 0.000 999.99 0.259000   3.803 0.000   1.312 0.000   2.491 0.000 0.007 0.000 0.382 0.000
173.333333 174.333333    8.39 0.000  0.37 0.000 9.999 0.259000 0.12 0.000000 0.055 0.559000  0.631 0.000  0.883 0.000 999.99 0.259000   5.828 0.000   2.566 0.000   3.262 0.000 0.016 0.000 0.460 0.559
176.333333 177.333333   40.04 0.559  1.79 0.559 9.999 0.559259 0.32 0.559000 0.043 0.000000  1.915 0.000  2.681 0.000 999.99 0.559259   9.944 0.000   4.244 0.000   5.700 0.559 0.036 0.559 0.333 0.000
179.333333 180.333333   39.95 0.000  1.76 0.000 9.999 0.259000 0.30 0.000000 0.064 0.000000  2.741 0.000  3.838 0.000 999.99 0.259000  14.300 0.000   6.559 0.000   7.741 0.000 0.041 0.000 0.319 0.000
182.333333 183.333333   20.73 0.559  0.63 0.559 9.999 0.559259 0.14 0.559000 0.059 0.000000  0.569 0.000  0.796 0.000 999.99 0.559259   6.490 0.000   3.528 0.000   2.962 0.559 0.021 0.559 0.198 0.000
185.333333 186.333333    7.62 0.000  2.76 0.000 9.999 0.259000 0.05 0.000000 0.054 0.000000  0.841 0.000  1.178 0.000 999.99 0.259000   6.118 0.000   1.456 0.000   4.662 0.000 0.222 0.000 0.506 0.000
188.333333 189.333333 9999.99 0.456 99.99 0.456 9.999 0.456000 9.99 0.456000 0.007 0.000000  0.078 0.000  0.109 0.000 999.99 0.456000 999.999 0.456 999.999 0.999 999.999 0.456 9.999 0.456 0.172 0.000
191.333333 192.333333 9999.99 0.456 99.99 0.456 9.999 0.456000 9.99 0.456000 0.037 0.000000  1.536 0.000  2.151 0.000 999.99 0.456000 999.999 0.456 999.999 0.999 999.999 0.456 9.999 0.456 0.628 0.000
194.333333 195.333333 9999.99 0.456 99.99 0.456 9.999 0.456000 9.99 0.456000 0.030 0.000000  0.502 0.000  0.703 0.000 999.99 0.456000 999.999 0.456 999.999 0.999 999.999 0.456 9.999 0.456 0.204 0.000
197.333333 198.333333   44.26 0.559  1.02 0.559 9.999 0.559259 0.25 0.559000 0.033 0.000000  1.007 0.000  1.410 0.000 999.99 0.559259  10.067 0.000   6.056 0.000   4.012 0.559 0.019 0.559 0.262 0.000
200.333333 201.333333   15.90 0.000  0.49 0.000 9.999 0.259000 0.05 0.000000 0.010 0.000000  0.739 0.000  1.035 0.000 999.99 0.259000   4.520 0.000   2.205 0.000   2.315 0.000 0.016 0.000 0.133 0.000
203.333333 204.333333   48.91 0.559  1.60 0.559 9.999 0.559259 0.31 0.559000 0.165 0.559000  1.691 0.000  2.367 0.000 999.99 0.559259  16.272 0.000   9.098 0.000   7.174 0.559 0.042 0.559 0.453 0.559
206.333333 207.333333   34.33 0.559  0.71 0.559 9.999 0.559259 0.22 0.559000 0.148 0.559000  1.188 0.000  1.664 0.000 999.99 0.559259  11.012 0.000   4.169 0.000   6.843 0.559 0.041 0.559 0.622 0.559
209.333333 210.333333   79.43 0.559  1.48 0.559 9.999 0.559259 0.40 0.559000 0.039 0.559000  2.360 0.000  3.304 0.000 999.99 0.559259  16.651 0.000   9.088 0.000   7.563 0.559 0.023 0.559 0.312 0.559
212.333333 213.333333   40.80 0.000  0.27 0.000 9.999 0.259000 0.06 0.000000 0.088 0.559000  1.452 0.000  2.032 0.000 999.99 0.259000  17.916 0.000  11.788 0.000   6.128 0.000 0.058 0.000 0.386 0.559
215.333333 216.333333   33.81 0.000  0.73 0.000 9.999 0.259000 0.18 0.000000 0.064 0.559000  1.649 0.000  2.309 0.000 999.99 0.259000  12.327 0.000   5.415 0.000   6.912 0.000 0.031 0.000 0.525 0.559
218.333333 219.333333   38.03 0.000  0.91 0.000 9.999 0.259000 0.25 0.000000 0.072 0.559000  2.420 0.000  3.388 0.000 999.99 0.259000  19.724 0.000  10.540 0.000   9.184 0.000 0.046 0.000 0.601 0.559
221.333333 222.333333    9.51 0.000  0.82 0.000 9.999 0.259000 0.15 0.000000 0.029 0.559000  1.787 0.000  2.502 0.000 999.99 0.259000   7.889 0.000   1.992 0.000   5.898 0.000 0.034 0.000 0.368 0.559
224.333333 225.333333   51.01 0.559  0.91 0.559 9.999 0.559259 0.22 0.559000 0.032 0.559000  1.326 0.000  1.856 0.000 999.99 0.559259  18.573 0.000  13.810 0.000   4.764 0.559 0.021 0.559 0.223 0.559
227.333333 228.333333    5.79 0.000  0.28 0.000 9.999 0.259000 9.99 0.259000 0.013 0.559000  0.358 0.000  0.501 0.000 999.99 0.259000   4.068 0.000   2.220 0.000   1.848 0.000 0.013 0.000 0.148 0.559
230.333333 231.333333   55.03 0.000  1.11 0.000 9.999 0.259000 0.18 0.000000 0.052 0.559000  0.944 0.000  1.321 0.000 999.99 0.259000  22.298 0.000  18.153 0.000   4.145 0.000 0.023 0.000 0.167 0.559
233.333333 234.333333   67.78 0.000  0.69 0.000 9.999 0.259000 0.22 0.000000 0.061 0.559000  1.565 0.000  2.191 0.000 999.99 0.259000  16.519 0.000  10.548 0.000   5.971 0.000 0.033 0.000 0.240 0.559
236.333333 237.333333   78.77 0.000  1.58 0.000 9.999 0.259000 0.25 0.000000 0.045 0.559000  1.898 0.000  2.657 0.000 999.99 0.259000  22.970 0.000  16.538 0.000   6.432 0.000 0.037 0.000 0.306 0.559
239.333333 240.333333   65.20 0.559  1.34 0.559 9.999 0.559259 0.34 0.559000 0.039 0.559000  1.395 0.000  1.953 0.000 999.99 0.559259  20.998 0.000  15.041 0.000   5.957 0.559 0.021 0.559 0.373 0.559
