scripts/IMPROVE-2019_partial/data/US4999R.19890104080000.20191216000000.filterpack...1y.3d.US03L_filterpack_US4999.US03L_IMPROVE_Davis.lev2.nas
51 1001
MISSING INFORMATION
US03L, IMPROVE, , , , , , , 
MISSING INFORMATION
IMPROVE sel_HTAP
1 1
1989 01 01 2019 12 16
0
days from file reference point
4
1 1 1 1
999.999999 999.999 999.999 9.999
end_time of measurement, days from the file reference point
pm10_mass, ug/m3, Matrix=pm10
pm25_mass, ug/m3, Matrix=pm25
numflag, no unit
0
33
Data definition:              EBAS_1.1
Set type code:                TI
Timezone:                     UTC
File name:                    US4999R.19890104080000.20191216000000.filterpack...1y.3d.US03L_filterpack_US4999.US03L_IMPROVE_Davis.lev2.nas
File creation:                20191218120500
Startdate:                    19890104080000
Revision date:                20191216000000
Version:                      2
Version description:          "Data extracted from http://views.cira.colostate.edu/fed/DataWizard 2019-12-16"
Statistics:                   arithmetic mean
Data level:                   2
Period code:                  1y
Resolution code:              3d
Sample duration:              1d
Orig. time res.:              3d
Station code:                 US4999R
Platform code:                US4999S
Station name:                 Mount Rainier National Park-Tahoma Woods (WA99)
Station latitude:             46.7582
Station longitude:            -122.1243
Station altitude:             424.0 m
Regime:                       IMG
Component:                    
Unit:                         ug/m3
Matrix:                       
Laboratory code:              US03L
Instrument type:              filterpack
Instrument name:              filterpack_US4999
Method ref:                   US03L_IMPROVE_Davis
Blank correction:             Blank corrected
Volume std. temperature:      ambient
Volume std. pressure:         ambient
starttime endtime PM10 PM2.5 flag
  3.333333   4.333333   2.055   1.275 0.000
  6.333333   7.333333 999.999   3.750 0.000
 10.333333  11.333333   5.953   4.678 0.000
 13.333333  14.333333   2.972   1.322 0.000
 17.333333  18.333333   3.773   2.409 0.000
 20.333333  21.333333   4.542   3.754 0.000
 24.333333  25.333333  65.738   8.969 0.000
 27.333333  28.333333   6.923   4.712 0.000
 31.333333  32.333333  10.698   3.867 0.000
 34.333333  35.333333   5.692   4.248 0.000
 38.333333  39.333333 999.999   7.583 0.000
 41.333333  42.333333 999.999   9.932 0.000
 45.333333  46.333333 999.999   9.494 0.000
 48.333333  49.333333   3.557   2.120 0.000
 52.333333  53.333333   2.118   1.143 0.000
 55.333333  56.333333   3.200   2.952 0.000
 59.333333  60.333333   6.250   3.962 0.000
 62.333333  63.333333   9.395   3.537 0.000
 66.333333  67.333333   5.447   3.344 0.000
 69.333333  70.333333   2.932   1.076 0.000
 73.333333  74.333333   3.735   1.442 0.000
 76.333333  77.333333   2.972   1.076 0.000
 80.333333  81.333333   3.056   2.222 0.000
 83.333333  84.333333   2.308   0.854 0.000
 87.333333  88.333333   2.969   1.850 0.000
 90.333333  91.333333   2.767   1.384 0.000
 94.333333  95.333333   3.831   1.166 0.000
 97.333333  98.333333  12.852   9.074 0.000
101.333333 102.333333  20.073 999.999 0.000
104.333333 105.333333   7.435   4.299 0.000
108.333333 109.333333   9.924   7.053 0.000
111.333333 112.333333   2.791   1.553 0.000
115.333333 116.333333   4.848   2.446 0.000
118.333333 119.333333   6.757   3.707 0.000
122.333333 123.333333  19.084 999.999 0.000
125.333333 126.333333  22.724  17.508 0.000
129.333333 130.333333   8.452   2.563 0.000
132.333333 133.333333  12.146   8.513 0.000
136.333333 137.333333 999.999 999.999 0.999
139.333333 140.333333   9.221   6.102 0.000
143.333333 144.333333 999.999 999.999 0.999
146.333333 147.333333   3.189   1.656 0.000
150.333333 151.333333  21.450 999.999 0.000
153.333333 154.333333  12.540   7.460 0.000
157.333333 158.333333 999.999   9.619 0.000
160.333333 161.333333  15.977  11.524 0.000
164.333333 165.333333   7.480   3.622 0.000
167.333333 168.333333  13.790  11.742 0.000
171.333333 172.333333  10.783   6.294 0.000
174.333333 175.333333 999.999   7.437 0.000
178.333333 179.333333 999.999   4.875 0.000
181.333333 182.333333 999.999   1.025 0.000
185.333333 186.333333 999.999   8.222 0.000
188.333333 189.333333   6.955   3.746 0.000
192.333333 193.333333  20.929  15.208 0.000
195.333333 196.333333   8.826   5.240 0.000
199.333333 200.333333  11.812   7.627 0.000
202.333333 203.333333  12.218   9.351 0.000
206.333333 207.333333  20.038  15.145 0.000
209.333333 210.333333  17.734  13.003 0.000
213.333333 214.333333 999.999 999.999 0.999
216.333333 217.333333  19.429  13.125 0.000
220.333333 221.333333 999.999 999.999 0.999
223.333333 224.333333  16.234  10.561 0.000
227.333333 228.333333 999.999 999.999 0.999
230.333333 231.333333  12.201   9.263 0.000
234.333333 235.333333 999.999 999.999 0.999
237.333333 238.333333  30.455  13.003 0.000
241.333333 242.333333 999.999 999.999 0.999
244.333333 245.333333   8.677   4.427 0.000
248.333333 249.333333 999.999 999.999 0.999
251.333333 252.333333  10.235   4.146 0.000
255.333333 256.333333 999.999  14.428 0.000
258.333333 259.333333   7.865   4.743 0.000
262.333333 263.333333 999.999 999.999 0.999
265.333333 266.333333  20.778  14.012 0.000
269.333333 270.333333 999.999 999.999 0.999
272.333333 273.333333   9.098   4.693 0.000
276.333333 277.333333 999.999   6.862 0.000
279.333333 280.333333 999.999  14.923 0.000
283.333333 284.333333   9.922   6.489 0.000
286.333333 287.333333   6.286   3.820 0.000
290.333333 291.333333   8.242   5.125 0.000
293.333333 294.333333   3.790   1.656 0.000
297.333333 298.333333  17.510  14.255 0.000
300.333333 301.333333   8.498   6.687 0.000
304.333333 305.333333  16.953  13.188 0.000
307.333333 308.333333   5.595   3.041 0.000
311.333333 312.333333   5.985   3.467 0.000
314.333333 315.333333   2.390   1.327 0.000
318.333333 319.333333  10.888   6.211 0.000
321.333333 322.333333   8.185   6.006 0.000
325.333333 326.333333  14.275   9.060 0.000
328.333333 329.333333 999.999   3.302 0.000
332.333333 333.333333   7.876   5.631 0.000
335.333333 336.333333   5.697   3.137 0.000
339.333333 340.333333   6.070   3.639 0.000
342.333333 343.333333   6.185   2.767 0.000
346.333333 347.333333 999.999 999.999 0.999
349.333333 350.333333   5.628   3.609 0.000
353.333333 354.333333 999.999 999.999 0.999
356.333333 357.333333   6.082   4.245 0.000
360.333333 361.333333 999.999 999.999 0.999
363.333333 364.333333   8.502   7.429 0.000
