scripts/IMPROVE-2019_partial/data/US4999R.20040101080000.20191216000000.filterpack..pm25.52w.1w.US03L_filterpack_US4999.US03L_IMPROVE_Davis.lev2.nas
66 1001
MISSING INFORMATION
US03L, IMPROVE, , , , , , , 
MISSING INFORMATION
IMPROVE sel_HTAP
1 1
2004 01 01 2019 12 16
3.000000
days from file reference point
27
1 1 1 1 1 1 1 1 1 1 1 1 1 1 1 1 1 1 1 1 1 1 1 1 1 1 1
999.999999 9999.99 9.999 999.99 9.999999 9.999 9.999999 9.99 9.999999 9.999 9.999 99.999 9.999 999.999 9.999 999.99 9.999999 999.999 9.999 99.999 9.999 999.999 9.999 99.999 9.999 9.999 9.999
end_time of measurement, days from the file reference point
iron, ng/m3, Revision date=20181210133000
numflag iron, no unit, Revision date=20181210133000
lead, ng/m3, Revision date=20181210133000
numflag lead, no unit, Revision date=20181210133000
magnesium, ug/m3, Revision date=20181210133000
numflag magnesium, no unit, Revision date=20181210133000
nickel, ng/m3, Revision date=20181210133000
numflag nickel, no unit, Revision date=20181210133000
nitrate, ug N/m3, Revision date=20181210133000
numflag nitrate, no unit, Revision date=20181210133000
organic_carbon, ug C/m3, Revision date=20181210133000
numflag organic_carbon, no unit, Revision date=20181210133000
organic_mass, ug/m3, Revision date=20181210133000
numflag organic_mass, no unit, Revision date=20181210133000
phosphorus, ng/m3, Revision date=20181210133000
numflag phosphorus, no unit, Revision date=20181210133000
pm10_mass, ug/m3, Version=2, Version description=Data extracted from http://views.cira.colostate.edu/fed/DataWizard 2019-12-16, Sample duration=1d, Orig. time res.=3d, Matrix=pm10, Blank correction=Blank corrected, Volume std. temperature=ambient, Volume std. pressure=ambient
numflag pm10_mass, no unit, Version=2, Version description=Data extracted from http://views.cira.colostate.edu/fed/DataWizard 2019-12-16, Sample duration=1d, Orig. time res.=3d, Matrix=pm10, Blank correction=Blank corrected, Volume std. temperature=ambient, Volume std. pressure=ambient
pm10_pm25_mass, ug/m3, Revision date=20181210133000, Matrix=pm10_pm25
numflag pm10_pm25_mass, no unit, Revision date=20181210133000, Matrix=pm10_pm25
pm25_mass, ug/m3, Version=2, Version description=Data extracted from http://views.cira.colostate.edu/fed/DataWizard 2019-12-16, Sample duration=1d, Orig. time res.=3d, Blank correction=Blank corrected, Volume std. temperature=ambient, Volume std. pressure=ambient
numflag pm25_mass, no unit, Version=2, Version description=Data extracted from http://views.cira.colostate.edu/fed/DataWizard 2019-12-16, Sample duration=1d, Orig. time res.=3d, Blank correction=Blank corrected, Volume std. temperature=ambient, Volume std. pressure=ambient
potassium, ug/m3, Revision date=20181210133000
numflag potassium, no unit, Revision date=20181210133000
sulphate_total, ug S/m3, Revision date=20181210133000
numflag sulphate_total, no unit, Revision date=20181210133000
0
25
Data definition:              EBAS_1.1
Set type code:                TU
Timezone:                     UTC
File name:                    US4999R.20040101080000.20191216000000.filterpack..pm25.52w.1w.US03L_filterpack_US4999.US03L_IMPROVE_Davis.lev2.nas
File creation:                20191218120502
Startdate:                    20040101080000
Revision date:                20191216000000
Statistics:                   arithmetic mean
Data level:                   2
Period code:                  52w
Resolution code:              1w
Station code:                 US4999R
Platform code:                US4999S
Station name:                 Mount Rainier National Park-Tahoma Woods (WA99)
Station latitude:             46.7582
Station longitude:            -122.1243
Station altitude:             424.0 m
Regime:                       IMG
Component:                    
Matrix:                       pm25
Laboratory code:              US03L
Instrument type:              filterpack
Instrument name:              filterpack_US4999
Method ref:                   US03L_IMPROVE_Davis
starttime endtime Fe flag_Fe Pb flag_Pb Mg++ flag_Mg++ Ni flag_Ni NO3- flag_NO3- OC flag_OC OM flag_OM P flag_P PM10 flag_PM10 PM10-PM2.5 flag_PM10-PM2.5 PM2.5 flag_PM2.5 K+ flag_K+ SO4-- flag_SO4--
[from data line 80]
240.333333 241.333333    2.09 0.000   0.23 0.000000 9.999 0.259000 9.99 0.259000 0.015 0.000  0.554 0.000   0.776 0.000 999.99 0.259000   6.696 0.000  4.171 0.000   2.525 0.000  0.028 0.000 0.262 0.000
243.333333 244.333333   15.37 0.000   1.15 0.000000 9.999 0.259000 0.08 0.000000 0.013 0.000  1.611 0.000   2.255 0.000  14.86 0.000000  10.095 0.000  6.361 0.000   3.734 0.000  0.033 0.000 0.184 0.000
246.333333 247.333333    6.43 0.000   0.66 0.000000 9.999 0.259000 0.17 0.000000 0.052 0.000  3.769 0.000   5.277 0.000 999.99 0.259000  14.502 0.000  6.024 0.000   8.478 0.000  0.046 0.000 0.246 0.000
249.333333 250.333333   11.77 0.000   2.08 0.000000 9.999 0.259000 0.39 0.000000 0.055 0.000  2.775 0.000   3.885 0.000 999.99 0.259000  11.834 0.000  4.585 0.000   7.249 0.000  0.053 0.000 0.399 0.000
252.333333 253.333333   12.56 0.000   0.23 0.000000 9.999 0.259000 0.15 0.000000 0.019 0.000  0.450 0.000   0.629 0.000 999.99 0.259000   5.002 0.000  3.458 0.000   1.543 0.000  0.017 0.000 0.122 0.000
255.333333 256.333333    2.25 0.000   0.39 0.000000 0.080 0.000000 0.12 0.000000 0.062 0.000  0.578 0.000   0.809 0.000  10.39 0.000000   9.204 0.000  6.439 0.000   2.766 0.000  0.024 0.000 0.272 0.000
258.333333 259.333333    0.97 0.000 999.99 0.259000 9.999 0.259000 0.09 0.000000 0.010 0.000  0.509 0.000   0.712 0.000   4.48 0.000000   6.822 0.000  5.282 0.000   1.540 0.000  0.015 0.000 0.054 0.000
261.333333 262.333333    0.47 0.000   0.22 0.000000 0.089 0.000000 0.07 0.000000 0.004 0.000  0.246 0.000   0.345 0.000   2.31 0.000000   3.472 0.000  2.608 0.000   0.864 0.000  0.009 0.000 0.021 0.000
264.333333 265.333333    5.03 0.559   0.29 0.559000 0.044 0.559000 0.19 0.559000 0.023 0.000  1.958 0.000   2.741 0.000 999.99 0.559259   9.968 0.000  4.800 0.000   5.168 0.559  0.046 0.559 0.244 0.000
267.333333 268.333333    9.12 0.559   0.86 0.559000 0.074 0.559000 0.15 0.559000 0.008 0.000  1.612 0.000   2.257 0.000  19.26 0.559000  12.868 0.000  8.249 0.000   4.619 0.559  0.044 0.559 0.188 0.000
270.333333 271.333333   33.11 0.699   3.25 0.699000 9.999 0.699259 0.43 0.699000 0.026 0.000  3.829 0.000   5.360 0.000 999.99 0.699259  18.954 0.000  7.877 0.000  11.077 0.699  0.069 0.699 0.598 0.000
273.333333 274.333333   18.56 0.000   2.09 0.000000 9.999 0.259000 0.46 0.000000 0.144 0.000  2.423 0.000   3.392 0.000 999.99 0.259000  13.766 0.000  6.164 0.000   7.601 0.000  0.037 0.000 0.594 0.000
276.333333 277.333333   24.98 0.000   2.02 0.000000 9.999 0.259000 0.10 0.000000 0.013 0.000  3.494 0.000   4.892 0.000 999.99 0.259000  16.231 0.000  8.250 0.000   7.981 0.000  0.071 0.000 0.195 0.000
279.333333 280.333333    9.92 0.000   0.37 0.000000 9.999 0.259000 9.99 0.259000 0.048 0.000  0.724 0.000   1.014 0.000 999.99 0.259000  10.212 0.000  7.139 0.000   3.073 0.000  0.026 0.000 0.177 0.000
282.333333 283.333333    0.95 0.000   0.33 0.000000 0.060 0.000000 9.99 0.259000 0.010 0.000  0.263 0.000   0.368 0.000   0.43 0.000000   5.760 0.000  4.454 0.000   1.306 0.000  0.012 0.000 0.059 0.000
285.333333 286.333333   22.67 0.000   2.21 0.000000 9.999 0.259000 0.32 0.000000 0.047 0.000  1.788 0.000   2.503 0.000 999.99 0.259000  12.993 0.000  8.132 0.000   4.860 0.000  0.036 0.000 0.179 0.000
288.333333 289.333333   12.81 0.000   1.94 0.000000 0.053 0.000000 0.36 0.000000 0.111 0.000  1.853 0.000   2.594 0.000 999.99 0.259000  12.855 0.000  7.234 0.000   5.622 0.000  0.039 0.000 0.417 0.000
291.333333 292.333333    1.16 0.000   0.14 0.000000 9.999 0.259000 9.99 0.259000 0.007 0.000  0.222 0.000   0.310 0.000   0.81 0.000000   4.754 0.000  3.822 0.000   0.932 0.000  0.008 0.000 0.046 0.000
294.333333 295.333333    4.76 0.000   0.73 0.000000 9.999 0.259000 9.99 0.259000 0.041 0.000  0.591 0.000   0.827 0.000 999.99 0.259000   9.549 0.000  6.076 0.000   3.472 0.000  0.030 0.000 0.286 0.000
297.333333 298.333333    1.12 0.000   0.56 0.000000 9.999 0.259000 0.14 0.000000 0.011 0.000  0.773 0.000   1.082 0.000   3.94 0.000000   5.043 0.000  3.329 0.000   1.714 0.000  0.018 0.000 0.072 0.000
300.333333 301.333333   16.66 0.559   2.19 0.559000 9.999 0.559259 0.19 0.559000 0.032 0.000  2.502 0.000   3.503 0.000 999.99 0.559259  11.227 0.000  4.015 0.000   7.213 0.559  0.045 0.559 0.268 0.000
303.333333 304.333333    5.34 0.559   0.97 0.559000 9.999 0.559259 9.99 0.559259 0.013 0.000  0.606 0.000   0.848 0.000 999.99 0.559259   4.907 0.000  2.123 0.000   2.784 0.559  0.031 0.559 0.172 0.000
306.333333 307.333333    1.76 0.000   0.30 0.000000 9.999 0.259000 0.21 0.000000 0.024 0.000  1.163 0.000   1.627 0.000 999.99 0.259000   4.092 0.000  1.590 0.000   2.502 0.000  0.026 0.000 0.049 0.000
309.333333 310.333333   13.43 0.000   2.15 0.000000 9.999 0.259000 9.99 0.259000 0.008 0.000  1.896 0.000   2.654 0.000 999.99 0.259000   6.653 0.000  2.013 0.000   4.640 0.000  0.038 0.000 0.205 0.000
312.333333 313.333333    9.57 0.000   1.64 0.000000 9.999 0.259000 9.99 0.259000 0.006 0.000  1.392 0.000   1.949 0.000   5.45 0.000000   5.739 0.000  2.558 0.000   3.180 0.000  0.023 0.000 0.097 0.000
315.333333 316.333333    8.13 0.000   1.15 0.000000 9.999 0.259000 0.12 0.000000 0.008 0.000  2.652 0.000   3.713 0.000 999.99 0.259000   8.233 0.000  2.362 0.000   5.871 0.000  0.047 0.000 0.125 0.000
318.333333 319.333333    5.19 0.000   1.25 0.000000 9.999 0.259000 9.99 0.259000 0.006 0.000  1.916 0.000   2.682 0.000 999.99 0.259000   7.651 0.000  3.247 0.000   4.405 0.000  0.037 0.000 0.202 0.000
321.333333 322.333333    3.29 0.000   0.32 0.000000 9.999 0.259000 0.12 0.000000 0.008 0.000  0.610 0.000   0.853 0.000 999.99 0.259000   3.327 0.000  1.758 0.000   1.569 0.000  0.015 0.000 0.068 0.000
324.333333 325.333333    5.36 0.000   1.10 0.000000 9.999 0.259000 0.14 0.000000 0.037 0.000  1.376 0.000   1.927 0.000 999.99 0.259000   4.878 0.000  1.213 0.000   3.664 0.000  0.035 0.000 0.161 0.000
327.333333 328.333333    3.09 0.000   0.51 0.000000 9.999 0.259000 0.05 0.000000 0.016 0.000  2.368 0.000   3.315 0.000 999.99 0.259000   6.226 0.000  1.946 0.000   4.280 0.000  0.058 0.000 0.040 0.000
330.333333 331.333333    1.36 0.000   0.76 0.000000 0.055 0.000000 9.99 0.259000 0.023 0.000  0.616 0.000   0.862 0.000   2.37 0.000000   3.555 0.000  1.512 0.000   2.042 0.000  0.022 0.000 0.082 0.000
333.333333 334.333333    3.67 0.000   0.66 0.000000 9.999 0.259000 0.15 0.000000 0.006 0.000  0.723 0.000   1.012 0.000 999.99 0.259000   2.191 0.000  0.426 0.000   1.765 0.000  0.013 0.000 0.064 0.000
336.333333 337.333333    5.17 0.000   0.69 0.000000 9.999 0.259000 0.10 0.000000 0.044 0.000  1.386 0.000   1.940 0.000 999.99 0.259000   4.258 0.000  0.843 0.000   3.414 0.000  0.030 0.000 0.093 0.000
339.333333 340.333333    1.19 0.000   0.37 0.000000 9.999 0.259000 0.08 0.000000 0.014 0.000  0.405 0.000   0.568 0.000 999.99 0.259000   2.067 0.000  0.855 0.000   1.212 0.000  0.012 0.000 0.058 0.000
342.333333 343.333333    0.45 0.000   0.19 0.000000 0.021 0.000000 0.17 0.000000 0.005 0.000  0.099 0.000   0.139 0.000 999.99 0.259000   1.281 0.000  0.578 0.000   0.704 0.000  0.007 0.000 0.017 0.000
345.333333 346.333333    3.46 0.000   0.40 0.000000 9.999 0.259000 0.16 0.000000 0.026 0.000  0.485 0.000   0.679 0.000   4.04 0.000000   3.018 0.000  1.060 0.000   1.958 0.000  0.015 0.000 0.076 0.000
348.333333 349.333333    0.92 0.000   0.32 0.000000 9.999 0.259000 0.09 0.000000 0.010 0.000  0.108 0.000   0.151 0.000   1.27 0.000000   1.447 0.000  0.598 0.000   0.849 0.000  0.009 0.000 0.030 0.000
351.333333 352.333333    6.41 0.000   0.44 0.000000 9.999 0.259000 0.07 0.000000 0.005 0.000  0.986 0.000   1.381 0.000 999.99 0.259000   3.659 0.000  1.170 0.000   2.489 0.000  0.017 0.000 0.031 0.000
354.333333 355.333333    3.56 0.000   0.28 0.000000 9.999 0.259000 0.13 0.000000 0.083 0.000  1.184 0.000   1.657 0.000   6.75 0.000000   5.822 0.000  1.580 0.000   4.242 0.000  0.038 0.000 0.118 0.000
357.333333 358.333333    4.99 0.000   1.31 0.000000 0.026 0.000000 0.10 0.000000 0.034 0.000  2.679 0.000   3.751 0.000 999.99 0.259000   6.986 0.000  0.676 0.000   6.310 0.000  0.042 0.000 0.144 0.000
360.333333 361.333333    1.40 0.000   0.64 0.000000 9.999 0.259000 0.06 0.000000 0.005 0.000  0.369 0.000   0.516 0.000 999.99 0.259000   1.539 0.000  0.603 0.000   0.936 0.000  0.016 0.000 0.021 0.000
363.333333 364.333333 9999.99 0.999 999.99 0.999000 9.999 0.999000 9.99 0.999000 9.999 0.999 99.999 0.999 999.999 0.999 999.99 0.999000   2.661 0.000 99.999 0.999 999.999 0.999 99.999 0.999 9.999 0.999
