scripts/IMPROVE-2019_partial/data/US4999R.19950104080000.20191216000000.filterpack...1y.3d.US03L_filterpack_US4999.US03L_IMPROVE_Davis.lev2.nas
51 1001
MISSING INFORMATION
US03L, IMPROVE, , , , , , , 
MISSING INFORMATION
IMPROVE sel_HTAP
1 1
1995 01 01 2019 12 16
0
days from file reference point
4
1 1 1 1
999.999999 999.999 999.999 9.999
end_time of measurement, days from the file reference point
pm10_mass, ug/m3, Matrix=pm10
pm25_mass, ug/m3, Matrix=pm25
numflag, no unit
0
33
Data definition:              EBAS_1.1
Set type code:                TI
Timezone:                     UTC
File name:                    US4999R.19950104080000.20191216000000.filterpack...1y.3d.US03L_filterpack_US4999.US03L_IMPROVE_Davis.lev2.nas
File creation:                20191218120501
Startdate:                    19950104080000
Revision date:                20191216000000
Version:                      2
Version description:          "Data extracted from http://views.cira.colostate.edu/fed/DataWizard 2019-12-16"
Statistics:                   arithmetic mean
Data level:                   2
Period code:                  1y
Resolution code:              3d
Sample duration:              1d
Orig. time res.:              3d
Station code:                 US4999R
Platform code:                US4999S
Station name:                 Mount Rainier National Park-Tahoma Woods (WA99)
Station latitude:             46.7582
Station longitude:            -122.1243
Station altitude:             424.0 m
Regime:                       IMG
Component:                    
Unit:                         ug/m3
Matrix:                       
Laboratory code:              US03L
Instrument type:              filterpack
Instrument name:              filterpack_US4999
Method ref:                   US03L_IMPROVE_Davis
Blank correction:             Blank corrected
Volume std. temperature:      ambient
Volume std. pressure:         ambient
starttime endtime PM10 PM2.5 flag
  3.333333   4.333333   6.731   2.689 0.000
  6.333333   7.333333   2.024   1.344 0.000
 10.333333  11.333333   2.351   0.795 0.000
 13.333333  14.333333   5.882   1.556 0.000
 17.333333  18.333333   1.678   0.615 0.000
 20.333333  21.333333   4.021   2.830 0.000
 24.333333  25.333333  10.406   4.355 0.000
 27.333333  28.333333   1.718   0.641 0.000
 31.333333  32.333333   3.142   0.948 0.000
 34.333333  35.333333   9.668   5.588 0.000
 38.333333  39.333333   7.882   6.655 0.000
 41.333333  42.333333   5.323   4.267 0.000
 45.333333  46.333333   2.797   2.055 0.000
 48.333333  49.333333   0.906   0.586 0.000
 52.333333  53.333333   5.979   5.000 0.000
 55.333333  56.333333   6.370   6.281 0.000
 59.333333  60.333333   3.386   2.525 0.000
 62.333333  63.333333   4.188   2.904 0.000
 66.333333  67.333333   6.009   1.032 0.000
 69.333333  70.333333   1.979   0.961 0.000
 73.333333  74.333333   3.862   1.775 0.000
 76.333333  77.333333   8.291   1.288 0.000
 80.333333  81.333333   1.294   0.698 0.000
 83.333333  84.333333   9.045   7.035 0.000
 87.333333  88.333333  11.475   6.122 0.000
 90.333333  91.333333   4.173   2.589 0.000
 94.333333  95.333333   7.046   3.409 0.000
 97.333333  98.333333   3.489   0.970 0.000
101.333333 102.333333  11.272   2.048 0.000
104.333333 105.333333   4.481   2.080 0.000
108.333333 109.333333   6.380   1.744 0.000
111.333333 112.333333  10.459   8.149 0.000
115.333333 116.333333  16.414  10.781 0.000
118.333333 119.333333  11.379   4.109 0.000
122.333333 123.333333   3.749   2.125 0.000
125.333333 126.333333  12.715  10.071 0.000
129.333333 130.333333   5.470 999.999 0.000
132.333333 133.333333   9.381   6.215 0.000
136.333333 137.333333   6.057   2.784 0.000
139.333333 140.333333  10.187   7.601 0.000
143.333333 144.333333  10.913   6.014 0.000
146.333333 147.333333  11.918 999.999 0.000
150.333333 151.333333   9.572   5.679 0.000
153.333333 154.333333   7.260   4.512 0.000
157.333333 158.333333   7.832   3.996 0.000
160.333333 161.333333   9.420   6.944 0.000
164.333333 165.333333   3.054   2.191 0.000
167.333333 168.333333   3.108   1.667 0.000
171.333333 172.333333   6.108   4.028 0.000
174.333333 175.333333   8.240   5.792 0.000
178.333333 179.333333 999.999 999.999 0.999
181.333333 182.333333 999.999 999.999 0.999
185.333333 186.333333 999.999 999.999 0.999
188.333333 189.333333 999.999 999.999 0.999
192.333333 193.333333   6.872   3.381 0.000
195.333333 196.333333   8.717   4.740 0.000
199.333333 200.333333  20.539  10.187 0.000
202.333333 203.333333   8.183   4.436 0.000
206.333333 207.333333   4.531   2.657 0.000
209.333333 210.333333   4.666   2.772 0.000
213.333333 214.333333  13.278   7.994 0.000
216.333333 217.333333   9.363   6.014 0.000
220.333333 221.333333   9.334   6.721 0.000
223.333333 224.333333   5.762   2.967 0.000
227.333333 228.333333   4.976   3.107 0.000
230.333333 231.333333   8.163   4.670 0.000
234.333333 235.333333  14.009   9.076 0.000
237.333333 238.333333  14.134   6.217 0.000
241.333333 242.333333   7.476   4.136 0.000
244.333333 245.333333  21.124  11.677 0.000
248.333333 249.333333   5.952   3.217 0.000
251.333333 252.333333  16.059  10.341 0.000
255.333333 256.333333  13.649   8.734 0.000
258.333333 259.333333  21.627  16.539 0.000
262.333333 263.333333  13.429   7.007 0.000
265.333333 266.333333  10.999   7.447 0.000
269.333333 270.333333   3.406   1.231 0.000
272.333333 273.333333   6.071   2.473 0.000
276.333333 277.333333   6.604   3.504 0.000
279.333333 280.333333   4.804   2.822 0.000
283.333333 284.333333   2.256   1.024 0.000
286.333333 287.333333   9.289   4.384 0.000
290.333333 291.333333   6.527   4.264 0.000
293.333333 294.333333   4.566   2.644 0.000
297.333333 298.333333  12.930   6.592 0.000
300.333333 301.333333  11.357   6.784 0.000
304.333333 305.333333   8.929   7.853 0.000
307.333333 308.333333  10.493   8.616 0.000
311.333333 312.333333   1.942   1.227 0.000
314.333333 315.333333   3.291   2.095 0.000
318.333333 319.333333   6.353   3.902 0.000
321.333333 322.333333   3.784   1.213 0.000
325.333333 326.333333   5.034   2.335 0.000
328.333333 329.333333   2.094   1.137 0.000
332.333333 333.333333   1.526 999.999 0.000
335.333333 336.333333   2.778   1.300 0.000
339.333333 340.333333   6.673   4.567 0.000
342.333333 343.333333   2.677   1.131 0.000
346.333333 347.333333   5.431   1.578 0.000
349.333333 350.333333   3.259   1.131 0.000
353.333333 354.333333   5.022   3.742 0.000
356.333333 357.333333   7.455   4.987 0.000
360.333333 361.333333   5.278   4.348 0.000
363.333333 364.333333   2.938   1.426 0.000
