scripts/IMPROVE-2019_partial/data/US4999R.20050101080000.20191216000000.filterpack..pm25.52w.1w.US03L_filterpack_US4999.US03L_IMPROVE_Davis.lev2.nas
66 1001
MISSING INFORMATION
US03L, IMPROVE, , , , , , , 
MISSING INFORMATION
IMPROVE sel_HTAP
1 1
2005 01 01 2019 12 16
3.000000
days from file reference point
27
1 1 1 1 1 1 1 1 1 1 1 1 1 1 1 1 1 1 1 1 1 1 1 1 1 1 1
999.999999 9999.99 9.999 99.99 9.999 9.999 9.999999 9.99 9.999999 9.999 9.999 99.999 9.999 999.999 9.999 999.99 9.999999 999.999 9.999 99.999 9.999 999.999 9.999 9.999 9.999 9.999 9.999
end_time of measurement, days from the file reference point
iron, ng/m3, Revision date=20181210133000
numflag iron, no unit, Revision date=20181210133000
lead, ng/m3, Revision date=20181210133000
numflag lead, no unit, Revision date=20181210133000
magnesium, ug/m3, Revision date=20181210133000
numflag magnesium, no unit, Revision date=20181210133000
nickel, ng/m3, Revision date=20181210133000
numflag nickel, no unit, Revision date=20181210133000
nitrate, ug N/m3, Revision date=20181210133000
numflag nitrate, no unit, Revision date=20181210133000
organic_carbon, ug C/m3, Revision date=20181210133000
numflag organic_carbon, no unit, Revision date=20181210133000
organic_mass, ug/m3, Revision date=20181210133000
numflag organic_mass, no unit, Revision date=20181210133000
phosphorus, ng/m3, Revision date=20181210133000
numflag phosphorus, no unit, Revision date=20181210133000
pm10_mass, ug/m3, Version=2, Version description=Data extracted from http://views.cira.colostate.edu/fed/DataWizard 2019-12-16, Sample duration=1d, Orig. time res.=3d, Matrix=pm10, Blank correction=Blank corrected, Volume std. temperature=ambient, Volume std. pressure=ambient
numflag pm10_mass, no unit, Version=2, Version description=Data extracted from http://views.cira.colostate.edu/fed/DataWizard 2019-12-16, Sample duration=1d, Orig. time res.=3d, Matrix=pm10, Blank correction=Blank corrected, Volume std. temperature=ambient, Volume std. pressure=ambient
pm10_pm25_mass, ug/m3, Revision date=20181210133000, Matrix=pm10_pm25
numflag pm10_pm25_mass, no unit, Revision date=20181210133000, Matrix=pm10_pm25
pm25_mass, ug/m3, Version=2, Version description=Data extracted from http://views.cira.colostate.edu/fed/DataWizard 2019-12-16, Sample duration=1d, Orig. time res.=3d, Blank correction=Blank corrected, Volume std. temperature=ambient, Volume std. pressure=ambient
numflag pm25_mass, no unit, Version=2, Version description=Data extracted from http://views.cira.colostate.edu/fed/DataWizard 2019-12-16, Sample duration=1d, Orig. time res.=3d, Blank correction=Blank corrected, Volume std. temperature=ambient, Volume std. pressure=ambient
potassium, ug/m3, Revision date=20181210133000
numflag potassium, no unit, Revision date=20181210133000
sulphate_total, ug S/m3, Revision date=20181210133000
numflag sulphate_total, no unit, Revision date=20181210133000
0
25
Data definition:              EBAS_1.1
Set type code:                TU
Timezone:                     UTC
File name:                    US4999R.20050101080000.20191216000000.filterpack..pm25.52w.1w.US03L_filterpack_US4999.US03L_IMPROVE_Davis.lev2.nas
File creation:                20191218120503
Startdate:                    20050101080000
Revision date:                20191216000000
Statistics:                   arithmetic mean
Data level:                   2
Period code:                  52w
Resolution code:              1w
Station code:                 US4999R
Platform code:                US4999S
Station name:                 Mount Rainier National Park-Tahoma Woods (WA99)
Station latitude:             46.7582
Station longitude:            -122.1243
Station altitude:             424.0 m
Regime:                       IMG
Component:                    
Matrix:                       pm25
Laboratory code:              US03L
Instrument type:              filterpack
Instrument name:              filterpack_US4999
Method ref:                   US03L_IMPROVE_Davis
starttime endtime Fe flag_Fe Pb flag_Pb Mg++ flag_Mg++ Ni flag_Ni NO3- flag_NO3- OC flag_OC OM flag_OM P flag_P PM10 flag_PM10 PM10-PM2.5 flag_PM10-PM2.5 PM2.5 flag_PM2.5 K+ flag_K+ SO4-- flag_SO4--
  0.333333   1.333333 9999.99 0.999 99.99 0.999 9.999 0.999000 9.99 0.999000 9.999 0.999 99.999 0.999 999.999 0.999 999.99 0.999000   1.533 0.000 99.999 0.999 999.999 0.999 9.999 0.999 9.999 0.999
  3.333333   4.333333 9999.99 0.999 99.99 0.999 9.999 0.999000 9.99 0.999000 9.999 0.999 99.999 0.999 999.999 0.999 999.99 0.999000   5.599 0.000 99.999 0.999 999.999 0.999 9.999 0.999 9.999 0.999
  6.333333   7.333333 9999.99 0.999 99.99 0.999 9.999 0.999000 9.99 0.999000 9.999 0.999 99.999 0.999 999.999 0.999 999.99 0.999000   1.118 0.000 99.999 0.999 999.999 0.999 9.999 0.999 9.999 0.999
  9.333333  10.333333    8.63 0.000  0.77 0.000 9.999 0.259000 9.99 0.259000 0.094 0.000  1.082 0.000   1.948 0.000 999.99 0.259000   3.612 0.000  0.581 0.000   3.036 0.000 0.024 0.000 0.098 0.000
 12.333333  13.333333    4.77 0.559  0.42 0.559 0.013 0.559000 9.99 0.559259 0.040 0.000  0.239 0.559   0.431 0.559 999.99 0.559259   3.261 0.000  1.127 0.559   2.138 0.659 0.013 0.559 0.212 0.000
 15.333333  16.333333    2.04 0.559  0.34 0.559 9.999 0.559259 0.09 0.559000 0.003 0.000  0.118 0.559   0.212 0.559 999.99 0.559259   1.113 0.000  0.478 0.559   0.631 0.659 0.007 0.559 0.032 0.000
 18.333333  19.333333    5.37 0.000  0.46 0.000 9.999 0.259000 0.09 0.000000 0.005 0.000  0.176 0.000   0.317 0.000 999.99 0.259000   2.618 0.000  1.634 0.000   0.984 0.000 0.013 0.000 0.087 0.000
 21.333333  22.333333    4.17 0.000  0.49 0.000 9.999 0.259000 0.09 0.000000 0.003 0.000  0.225 0.000   0.406 0.000 999.99 0.259000   2.876 0.000  2.074 0.000   0.801 0.000 0.015 0.000 0.066 0.000
 24.333333  25.333333    7.28 0.000  0.89 0.000 9.999 0.259000 0.14 0.000000 0.007 0.000  1.009 0.000   1.815 0.000 999.99 0.259000   4.534 0.000  1.414 0.000   3.117 0.000 0.023 0.000 0.209 0.000
 27.333333  28.333333    1.06 0.000  0.34 0.000 9.999 0.259000 0.09 0.000000 0.006 0.000  0.194 0.000   0.349 0.000 999.99 0.259000   1.112 0.000  0.172 0.000   0.940 0.000 0.007 0.000 0.040 0.000
 30.333333  31.333333    9.16 0.000  2.22 0.000 9.999 0.259000 0.09 0.000000 0.042 0.000  0.182 0.000   0.327 0.000 999.99 0.259000   4.123 0.000  1.286 0.000   2.836 0.000 0.032 0.000 0.274 0.000
 33.333333  34.333333   13.07 0.000  1.46 0.000 9.999 0.259000 9.99 0.259000 0.014 0.000  2.047 0.000   3.684 0.000 999.99 0.259000   5.774 0.000  1.401 0.000   4.370 0.000 0.039 0.000 0.094 0.000
 36.333333  37.333333    0.83 0.000  0.31 0.000 0.010 0.000000 9.99 0.259000 0.004 0.000  0.129 0.000   0.231 0.000 999.99 0.259000   0.704 0.000  0.290 0.000   0.414 0.000 0.004 0.000 0.020 0.000
 39.333333  40.333333   17.32 0.000  1.22 0.000 9.999 0.259000 0.09 0.000000 0.041 0.000  2.022 0.559   3.640 0.559 999.99 0.259000   5.379 0.000  0.832 0.000   4.546 0.000 0.049 0.000 0.107 0.000
 42.333333  43.333333    7.75 0.000  1.35 0.000 9.999 0.259000 9.99 0.259000 0.014 0.000  1.541 0.000   2.774 0.000 999.99 0.259000   4.639 0.000  1.121 0.000   3.517 0.000 0.028 0.000 0.096 0.000
 45.333333  46.333333   13.72 0.559  0.59 0.559 9.999 0.559259 9.99 0.559259 0.018 0.000  1.117 0.559   2.010 0.559 999.99 0.559259   3.899 0.000  1.080 0.559   2.819 0.659 0.019 0.559 0.130 0.000
 48.333333  49.333333   22.81 0.000  1.38 0.000 0.006 0.000000 0.10 0.000000 0.027 0.000  2.584 0.000   4.652 0.000 999.99 0.259000   7.003 0.000  1.256 0.000   5.742 0.000 0.048 0.000 0.125 0.000
 51.333333  52.333333   17.14 0.000  2.41 0.000 9.999 0.259000 0.07 0.000000 0.025 0.000  2.683 0.559   4.830 0.559 999.99 0.259000   7.259 0.000  1.330 0.000   5.926 0.000 0.057 0.000 0.153 0.000
 54.333333  55.333333   23.82 0.000  0.97 0.000 9.999 0.259000 0.06 0.000000 0.008 0.000  1.008 0.559   1.814 0.559 999.99 0.259000   4.948 0.000  2.149 0.000   2.797 0.000 0.023 0.000 0.070 0.000
 57.333333  58.333333   29.02 0.000  1.41 0.000 9.999 0.259000 0.12 0.000000 0.018 0.000  1.718 0.559   3.093 0.559 999.99 0.259000   7.390 0.000  2.531 0.000   4.857 0.000 0.052 0.000 0.150 0.000
 60.333333  61.333333    4.63 0.000  1.99 0.000 9.999 0.259000 0.04 0.000000 0.011 0.000  1.117 0.000   2.010 0.000 999.99 0.259000   3.434 0.000  0.850 0.000   2.582 0.000 0.023 0.000 0.062 0.000
 63.333333  64.333333   12.40 0.000  1.38 0.000 9.999 0.259000 9.99 0.259000 0.024 0.000  1.250 0.559   2.251 0.559 999.99 0.259000   4.472 0.000  1.199 0.000   3.271 0.000 0.036 0.000 0.142 0.000
 66.333333  67.333333    9.80 0.000  0.74 0.000 9.999 0.259000 0.05 0.000000 0.014 0.000  0.671 0.559   1.209 0.559 999.99 0.259000   3.126 0.000  1.339 0.000   1.785 0.000 0.021 0.000 0.084 0.000
 69.333333  70.333333   47.26 0.000  2.48 0.000 9.999 0.259000 0.38 0.000000 0.079 0.000  1.742 0.000   3.136 0.000 999.99 0.259000   8.975 0.000  3.649 0.000   5.319 0.000 0.049 0.000 0.262 0.000
 72.333333  73.333333   51.39 0.000  1.68 0.000 9.999 0.259000 9.99 0.259000 0.021 0.000  1.014 0.559   1.825 0.559 999.99 0.259000   5.627 0.000  2.036 0.000   3.588 0.000 0.043 0.000 0.165 0.000
 75.333333  76.333333    6.71 0.000  0.46 0.000 9.999 0.259000 0.07 0.000000 0.024 0.000  0.475 0.000   0.854 0.000 999.99 0.259000   2.442 0.000  0.812 0.000   1.630 0.000 0.019 0.000 0.132 0.000
 78.333333  79.333333    0.97 0.394  0.38 0.394 9.999 0.394259 0.02 0.394000 0.002 0.394 99.999 0.259 999.999 0.259 999.99 0.394259   0.706 0.000  0.370 0.000   0.340 0.000 0.005 0.394 0.026 0.394
 81.333333  82.333333   14.64 0.000  1.08 0.000 9.999 0.259000 0.12 0.000000 0.035 0.000  0.992 0.000   1.785 0.000 999.99 0.259000   3.998 0.000  1.192 0.000   2.805 0.000 0.028 0.000 0.157 0.000
 84.333333  85.333333    2.22 0.000  0.36 0.000 9.999 0.259000 9.99 0.259000 0.001 0.000  0.043 0.000   0.077 0.000 999.99 0.259000   0.618 0.000  0.271 0.000   0.347 0.000 0.005 0.000 0.025 0.000
 87.333333  88.333333    1.99 0.000  0.59 0.000 9.999 0.259000 9.99 0.259000 0.032 0.000  4.371 0.000   7.868 0.000 999.99 0.259000   9.180 0.000  0.970 0.000   8.207 0.000 0.107 0.000 0.126 0.000
 90.333333  91.333333 9999.99 0.999 99.99 0.999 9.999 0.999000 9.99 0.999000 9.999 0.999 99.999 0.999 999.999 0.999 999.99 0.999000 999.999 0.999 99.999 0.999 999.999 0.999 9.999 0.999 9.999 0.999
 93.333333  94.333333 9999.99 0.999 99.99 0.999 9.999 0.999000 9.99 0.999000 9.999 0.999 99.999 0.999 999.999 0.999 999.99 0.999000 999.999 0.999 99.999 0.999 999.999 0.999 9.999 0.999 9.999 0.999
 96.333333  97.333333   15.22 0.000  4.10 0.000 9.999 0.259000 0.08 0.000000 0.020 0.000  1.444 0.000   2.600 0.000 999.99 0.259000   5.024 0.000  1.497 0.000   3.526 0.000 0.037 0.000 0.177 0.000
 99.333333 100.333333   16.82 0.559  1.56 0.559 0.006 0.559000 0.06 0.559000 0.021 0.000  0.423 0.000   0.761 0.000 999.99 0.559259   3.962 0.000  1.802 0.559   2.159 0.659 0.033 0.559 0.269 0.000
102.333333 103.333333    4.01 0.000  0.40 0.000 9.999 0.259000 0.12 0.000000 0.008 0.000  0.032 0.000   0.058 0.000 999.99 0.259000   2.028 0.000  0.890 0.000   1.138 0.000 0.009 0.000 0.145 0.000
105.333333 106.333333    9.43 0.000  0.57 0.000 0.010 0.000000 0.20 0.000000 0.017 0.000  0.383 0.000   0.689 0.000 999.99 0.259000   3.046 0.000  1.265 0.000   1.780 0.000 0.019 0.000 0.110 0.000
108.333333 109.333333   25.71 0.000  2.49 0.000 0.006 0.000000 0.27 0.000000 0.077 0.000  2.057 0.000   3.702 0.000 999.99 0.259000   7.768 0.000  2.355 0.000   5.443 0.000 0.033 0.000 0.269 0.000
111.333333 112.333333   27.28 0.000  0.70 0.000 0.005 0.000000 0.13 0.000000 0.016 0.000  0.927 0.000   1.669 0.000 999.99 0.259000   6.733 0.000  2.857 0.000   3.873 0.000 0.026 0.000 0.297 0.000
114.333333 115.333333   11.93 0.000  0.89 0.000 9.999 0.259000 0.18 0.000000 0.084 0.000  1.697 0.000   3.055 0.000 999.99 0.259000   6.652 0.000  1.799 0.000   4.850 0.000 0.032 0.000 0.371 0.000
117.333333 118.333333   35.97 0.000  0.81 0.000 9.999 0.259000 0.06 0.000000 0.008 0.000  0.702 0.000   1.263 0.000 999.99 0.259000   6.133 0.000  3.264 0.000   2.868 0.000 0.030 0.000 0.235 0.000
120.333333 121.333333   17.30 0.000  2.66 0.000 9.999 0.259000 9.99 0.259000 0.012 0.000  2.046 0.000   3.683 0.000 999.99 0.259000   8.314 0.000  2.926 0.000   5.384 0.000 0.044 0.000 0.301 0.000
123.333333 124.333333   17.49 0.000  1.35 0.000 9.999 0.259000 9.99 0.259000 0.024 0.000  1.241 0.000   2.234 0.000 999.99 0.259000   6.385 0.000  2.528 0.000   3.855 0.000 0.039 0.000 0.288 0.000
126.333333 127.333333    7.23 0.000  0.80 0.000 9.999 0.259000 9.99 0.259000 0.016 0.000  0.267 0.000   0.481 0.000 999.99 0.259000   3.200 0.000  1.406 0.000   1.793 0.000 0.020 0.000 0.185 0.000
129.333333 130.333333    0.74 0.000  0.15 0.000 9.999 0.259000 0.09 0.000000 0.001 0.000  0.328 0.000   0.591 0.000 999.99 0.259000   2.128 0.000  1.508 0.000   0.642 0.000 0.008 0.000 0.021 0.000
132.333333 133.333333   37.48 0.000  1.32 0.000 9.999 0.259000 9.99 0.259000 0.015 0.000  1.035 0.000   1.863 0.000  35.01 0.000000   8.721 0.000  4.591 0.000   4.128 0.000 0.052 0.000 0.291 0.000
135.333333 136.333333    6.50 0.000  0.62 0.000 9.999 0.259000 9.99 0.259000 0.016 0.000  0.257 0.000   0.463 0.000 999.99 0.259000   3.620 0.000  1.852 0.000   1.768 0.000 0.020 0.000 0.221 0.000
138.333333 139.333333    3.34 0.000  0.26 0.000 0.010 0.000000 9.99 0.259000 0.007 0.000  0.194 0.000   0.349 0.000 999.99 0.259000   2.629 0.000  1.641 0.000   0.988 0.000 0.012 0.000 0.078 0.000
141.333333 142.333333    4.77 0.000  0.37 0.000 0.037 0.000000 9.99 0.259000 0.021 0.000  0.027 0.000   0.048 0.000 999.99 0.259000   4.361 0.000  2.356 0.000   2.004 0.000 0.024 0.000 0.124 0.000
144.333333 145.333333   17.16 0.000  0.72 0.000 9.999 0.259000 0.07 0.000000 0.018 0.000  1.324 0.000   2.382 0.000 999.99 0.259000   6.581 0.000  3.178 0.000   3.400 0.000 0.033 0.000 0.168 0.000
147.333333 148.333333   45.18 0.000  1.37 0.000 0.011 0.000000 0.29 0.000000 0.082 0.000  3.435 0.000   6.182 0.000 999.99 0.259000  13.480 0.000  4.009 0.000   9.462 0.000 0.051 0.000 0.461 0.000
150.333333 151.333333    5.63 0.000  0.38 0.000 0.012 0.000000 0.23 0.000000 0.018 0.000  0.619 0.000   1.114 0.000 999.99 0.259000   3.866 0.000  1.796 0.000   2.095 0.000 0.027 0.000 0.179 0.000
153.333333 154.333333    9.62 0.000  0.12 0.000 0.021 0.000000 0.09 0.000000 0.064 0.000  0.719 0.000   1.294 0.000 999.99 0.259000   7.521 0.000  3.785 0.000   3.733 0.000 0.026 0.000 0.381 0.000
156.333333 157.333333    1.67 0.000  0.40 0.000 9.999 0.259000 9.99 0.259000 0.001 0.000  0.392 0.000   0.706 0.000 999.99 0.259000   2.432 0.000  1.242 0.000   1.189 0.000 0.012 0.000 0.069 0.000
159.333333 160.333333    9.95 0.000  0.74 0.000 9.999 0.259000 0.21 0.000000 0.021 0.000  1.611 0.000   2.901 0.000 999.99 0.259000 999.999 0.456  2.145 0.000   4.461 0.000 0.025 0.000 0.328 0.000
162.333333 163.333333    2.21 0.000  0.44 0.000 0.014 0.000000 0.11 0.000000 0.037 0.000  0.226 0.000   0.406 0.000 999.99 0.259000 999.999 0.456  2.145 0.000   2.324 0.000 0.017 0.000 0.315 0.000
165.333333 166.333333   11.18 0.000  0.46 0.000 0.006 0.000000 9.99 0.259000 0.027 0.000  0.370 0.000   0.665 0.000 999.99 0.259000   5.189 0.000  3.152 0.000   2.036 0.000 0.016 0.000 0.197 0.000
168.333333 169.333333    2.24 0.000  0.56 0.000 9.999 0.259000 9.99 0.259000 0.008 0.000  0.804 0.000   1.448 0.000  10.12 0.000000   3.714 0.000  2.143 0.000   1.570 0.000 0.019 0.000 0.057 0.000
171.333333 172.333333   27.24 0.000  1.48 0.000 9.999 0.259000 0.49 0.000000 0.046 0.000  2.212 0.000   3.981 0.000 999.99 0.259000  10.158 0.000  3.938 0.000   6.274 0.000 0.032 0.000 0.462 0.000
174.333333 175.333333   21.14 0.000  2.21 0.000 9.999 0.259000 0.31 0.000000 0.080 0.000  1.722 0.000   3.100 0.000 999.99 0.259000  11.612 0.000  6.090 0.000   5.519 0.000 0.034 0.000 0.317 0.000
177.333333 178.333333    7.40 0.000  0.54 0.000 9.999 0.259000 0.40 0.000000 0.008 0.000  0.848 0.000   1.526 0.000  11.22 0.000000   4.674 0.000  2.497 0.000   2.150 0.000 0.023 0.000 0.052 0.000
180.333333 181.333333   20.21 0.000  1.21 0.000 0.004 0.000000 0.21 0.000000 0.020 0.559  1.341 0.000   2.413 0.000 999.99 0.259000   7.272 0.000  3.301 0.000   3.935 0.000 0.024 0.000 0.261 0.559
183.333333 184.333333   13.59 0.000  1.89 0.000 9.999 0.259000 0.87 0.000000 0.037 0.000  1.429 0.000   2.573 0.000 999.99 0.259000   7.620 0.000  2.853 0.000   4.735 0.000 0.089 0.000 0.344 0.000
186.333333 187.333333 9999.99 0.999 99.99 0.999 9.999 0.999000 9.99 0.999000 9.999 0.999 99.999 0.999 999.999 0.999 999.99 0.999000 999.999 0.999 99.999 0.999 999.999 0.999 9.999 0.999 9.999 0.999
189.333333 190.333333 9999.99 0.999 99.99 0.999 9.999 0.999000 9.99 0.999000 9.999 0.999 99.999 0.999 999.999 0.999 999.99 0.999000 999.999 0.999 99.999 0.999 999.999 0.999 9.999 0.999 9.999 0.999
192.333333 193.333333 9999.99 0.999 99.99 0.999 9.999 0.999000 9.99 0.999000 9.999 0.999 99.999 0.999 999.999 0.999 999.99 0.999000 999.999 0.999 99.999 0.999 999.999 0.999 9.999 0.999 9.999 0.999
195.333333 196.333333   42.50 0.000  1.93 0.000 9.999 0.259000 0.42 0.000000 0.049 0.000  1.995 0.559   3.591 0.559 999.99 0.259000  10.890 0.000  4.383 0.000   6.458 0.000 0.046 0.000 0.420 0.000
198.333333 199.333333   28.96 0.000  1.14 0.000 9.999 0.259000 0.20 0.000000 0.022 0.000  1.472 0.559   2.649 0.559 999.99 0.259000   9.186 0.000  4.043 0.000   5.098 0.000 0.024 0.000 0.293 0.000
201.333333 202.333333   79.61 0.000  1.63 0.000 0.013 0.000000 0.29 0.000000 0.104 0.000  2.093 0.559   3.767 0.559 999.99 0.259000  16.590 0.000  8.942 0.000   7.549 0.000 0.046 0.000 0.386 0.000
204.333333 205.333333   16.89 0.000  1.59 0.000 9.999 0.259000 0.61 0.000000 0.082 0.000  0.894 0.559   1.609 0.559 999.99 0.259000   8.419 0.000  3.328 0.000   5.054 0.000 0.030 0.000 0.469 0.000
207.333333 208.333333 9999.99 0.999 99.99 0.999 9.999 0.999000 9.99 0.999000 9.999 0.999 99.999 0.999 999.999 0.999 999.99 0.999000 999.999 0.999 99.999 0.999 999.999 0.999 9.999 0.999 9.999 0.999
210.333333 211.333333 9999.99 0.999 99.99 0.999 9.999 0.999000 9.99 0.999000 9.999 0.999 99.999 0.999 999.999 0.999 999.99 0.999000 999.999 0.999 99.999 0.999 999.999 0.999 9.999 0.999 9.999 0.999
213.333333 214.333333 9999.99 0.999 99.99 0.999 9.999 0.999000 9.99 0.999000 9.999 0.999 99.999 0.999 999.999 0.999 999.99 0.999000 999.999 0.999 99.999 0.999 999.999 0.999 9.999 0.999 9.999 0.999
216.333333 217.333333  143.29 0.000  1.68 0.000 0.012 0.000000 0.63 0.000000 0.045 0.000  3.197 0.559   5.755 0.559 999.99 0.259000  16.526 0.000  7.157 0.000   9.290 0.000 0.076 0.000 0.322 0.000
219.333333 220.333333   72.16 0.000  2.30 0.000 9.999 0.259000 0.60 0.000000 0.042 0.000  1.873 0.559   3.372 0.559 999.99 0.259000  11.777 0.000  4.844 0.000   6.879 0.000 0.039 0.000 0.432 0.000
222.333333 223.333333   18.10 0.000  0.27 0.000 0.012 0.000000 0.14 0.000000 0.066 0.000  1.720 0.559   3.097 0.559 999.99 0.259000  10.444 0.000  4.181 0.000   6.217 0.000 0.046 0.000 0.399 0.000
225.333333 226.333333   81.54 0.000  1.64 0.000 9.999 0.259000 0.34 0.000000 0.015 0.000  3.113 0.559   5.603 0.559 999.99 0.259000  14.889 0.000  6.739 0.000   8.075 0.000 0.050 0.000 0.206 0.000
228.333333 229.333333 9999.99 0.999 99.99 0.999 9.999 0.999000 9.99 0.999000 9.999 0.999 99.999 0.999 999.999 0.999 999.99 0.999000 999.999 0.999 99.999 0.999 999.999 0.999 9.999 0.999 9.999 0.999
231.333333 232.333333 9999.99 0.999 99.99 0.999 9.999 0.999000 9.99 0.999000 9.999 0.999 99.999 0.999 999.999 0.999 999.99 0.999000 999.999 0.999 99.999 0.999 999.999 0.999 9.999 0.999 9.999 0.999
234.333333 235.333333 9999.99 0.999 99.99 0.999 9.999 0.999000 9.99 0.999000 9.999 0.999 99.999 0.999 999.999 0.999 999.99 0.999000 999.999 0.999 99.999 0.999 999.999 0.999 9.999 0.999 9.999 0.999
237.333333 238.333333   66.75 0.000  1.09 0.000 9.999 0.259000 0.27 0.000000 0.032 0.000  1.563 0.559   2.814 0.559 999.99 0.259000  11.581 0.000  5.754 0.000   5.763 0.000 0.030 0.000 0.267 0.000
240.333333 241.333333    2.05 0.000  0.21 0.000 0.005 0.000000 9.99 0.259000 0.018 0.000  0.198 0.559   0.357 0.559 999.99 0.259000   3.409 0.000  1.764 0.000   1.626 0.000 0.015 0.000 0.181 0.000
