scripts/IMPROVE-2019_partial/data/US4999R.19960103080000.20191216000000.filterpack...1y.3d.US03L_filterpack_US4999.US03L_IMPROVE_Davis.lev2.nas
52 1001
MISSING INFORMATION
US03L, IMPROVE, , , , , , , 
MISSING INFORMATION
IMPROVE sel_HTAP
1 1
1996 01 01 2019 12 16
0
days from file reference point
5
1 1 1 1 1
999.999999 999.999 9.999 999.999 9.999
end_time of measurement, days from the file reference point
pm10_mass, ug/m3, Matrix=pm10
numflag pm10_mass, no unit, Matrix=pm10
pm25_mass, ug/m3, Matrix=pm25
numflag pm25_mass, no unit, Matrix=pm25
0
33
Data definition:              EBAS_1.1
Set type code:                TI
Timezone:                     UTC
File name:                    US4999R.19960103080000.20191216000000.filterpack...1y.3d.US03L_filterpack_US4999.US03L_IMPROVE_Davis.lev2.nas
File creation:                20191218120501
Startdate:                    19960103080000
Revision date:                20191216000000
Version:                      2
Version description:          "Data extracted from http://views.cira.colostate.edu/fed/DataWizard 2019-12-16"
Statistics:                   arithmetic mean
Data level:                   2
Period code:                  1y
Resolution code:              3d
Sample duration:              1d
Orig. time res.:              3d
Station code:                 US4999R
Platform code:                US4999S
Station name:                 Mount Rainier National Park-Tahoma Woods (WA99)
Station latitude:             46.7582
Station longitude:            -122.1243
Station altitude:             424.0 m
Regime:                       IMG
Component:                    
Unit:                         ug/m3
Matrix:                       
Laboratory code:              US03L
Instrument type:              filterpack
Instrument name:              filterpack_US4999
Method ref:                   US03L_IMPROVE_Davis
Blank correction:             Blank corrected
Volume std. temperature:      ambient
Volume std. pressure:         ambient
starttime endtime PM10 flag_PM10 PM2.5 flag_PM2.5
  2.333333   3.333333   1.145 0.000   0.527 0.000
  5.333333   6.333333   1.019 0.000   0.310 0.000
  9.333333  10.333333   2.107 0.000   1.934 0.000
 12.333333  13.333333   8.457 0.000   5.248 0.000
 16.333333  17.333333   3.867 0.000   1.529 0.000
 19.333333  20.333333   3.354 0.000   0.669 0.000
 23.333333  24.333333   4.885 0.000   1.580 0.000
 26.333333  27.333333   4.401 0.000   3.764 0.000
 30.333333  31.333333   3.531 0.000   3.314 0.000
 33.333333  34.333333   2.949 0.000   2.409 0.000
 37.333333  38.333333   1.177 0.000 999.999 0.259
 40.333333  41.333333   3.727 0.000   1.395 0.000
 44.333333  45.333333  10.298 0.000   8.488 0.000
 47.333333  48.333333   2.809 0.000   1.286 0.000
 51.333333  52.333333   1.430 0.000   0.801 0.000
 54.333333  55.333333   4.412 0.000   2.704 0.000
 58.333333  59.333333   4.670 0.000   2.487 0.000
 61.333333  62.333333   5.807 0.000   4.206 0.000
 65.333333  66.333333   7.738 0.000 999.999 0.999
 68.333333  69.333333   3.611 0.000 999.999 0.999
 72.333333  73.333333   7.221 0.000   5.200 0.000
 75.333333  76.333333  10.653 0.000   5.871 0.000
 79.333333  80.333333   4.590 0.000   2.944 0.000
 82.333333  83.333333   6.513 0.000   4.230 0.000
 86.333333  87.333333   8.149 0.000   5.984 0.000
 89.333333  90.333333   5.580 0.000   3.327 0.000
 93.333333  94.333333   4.380 0.000 999.999 0.999
 96.333333  97.333333   9.470 0.000   5.105 0.000
100.333333 101.333333   6.071 0.000   2.067 0.000
103.333333 104.333333   3.175 0.000   0.974 0.000
107.333333 108.333333   1.797 0.000   1.169 0.000
110.333333 111.333333   2.234 0.000   1.777 0.000
114.333333 115.333333   1.868 0.000   1.486 0.000
117.333333 118.333333   3.858 0.000   3.148 0.000
121.333333 122.333333   4.248 0.000   2.709 0.000
124.333333 125.333333   6.046 0.000   3.827 0.000
128.333333 129.333333   6.254 0.000   4.279 0.000
131.333333 132.333333  10.678 0.000   8.096 0.000
135.333333 136.333333 999.999 0.999   2.995 0.000
138.333333 139.333333   2.786 0.000 999.999 0.999
142.333333 143.333333   2.381 0.000   1.467 0.000
145.333333 146.333333  11.574 0.000   8.681 0.000
149.333333 150.333333   5.256 0.000   4.803 0.000
152.333333 153.333333   8.633 0.000   6.458 0.000
156.333333 157.333333   8.653 0.000   5.129 0.000
159.333333 160.333333   8.451 0.000   5.224 0.000
163.333333 164.333333   9.889 0.000   6.684 0.000
166.333333 167.333333   7.304 0.000   4.522 0.000
170.333333 171.333333   7.089 0.000   4.800 0.000
173.333333 174.333333   7.125 0.000   4.956 0.000
177.333333 178.333333  10.543 0.000   7.636 0.000
180.333333 181.333333   7.952 0.000   4.684 0.000
184.333333 185.333333   7.936 0.000   5.957 0.000
187.333333 188.333333   8.341 0.000   5.556 0.000
191.333333 192.333333  11.719 0.000   9.127 0.000
194.333333 195.333333  17.614 0.000  13.398 0.000
198.333333 199.333333   6.659 0.000   3.840 0.000
201.333333 202.333333   7.790 0.000   3.456 0.000
205.333333 206.333333  15.927 0.000  12.924 0.000
208.333333 209.333333  17.862 0.000  13.540 0.000
212.333333 213.333333  11.354 0.000   8.172 0.000
215.333333 216.333333   8.021 0.000   5.989 0.000
219.333333 220.333333  12.046 0.000   8.592 0.000
222.333333 223.333333  14.881 0.000  10.926 0.000
226.333333 227.333333  12.912 0.000   9.446 0.000
229.333333 230.333333   8.319 0.000   5.053 0.000
233.333333 234.333333   9.489 0.000   6.712 0.000
236.333333 237.333333  17.144 0.000  12.798 0.000
240.333333 241.333333  10.215 0.000   5.475 0.000
243.333333 244.333333   8.114 0.000   4.207 0.000
247.333333 248.333333   4.580 0.000   3.138 0.000
250.333333 251.333333   5.504 0.000   1.933 0.000
254.333333 255.333333  11.550 0.000   8.360 0.000
257.333333 258.333333   3.582 0.000   1.744 0.000
261.333333 262.333333 999.999 0.999 999.999 0.999
264.333333 265.333333   4.737 0.000   2.065 0.000
268.333333 269.333333   8.614 0.000   5.733 0.000
271.333333 272.333333  16.090 0.000  12.033 0.000
275.333333 276.333333   9.272 0.000   5.890 0.000
278.333333 279.333333  11.134 0.000   4.723 0.000
282.333333 283.333333  11.988 0.000   5.154 0.000
285.333333 286.333333   5.431 0.000   2.848 0.000
289.333333 290.333333   6.327 0.000   3.405 0.000
292.333333 293.333333   5.609 0.000   1.979 0.000
296.333333 297.333333   3.202 0.000   1.946 0.000
299.333333 300.333333   7.407 0.000   6.307 0.000
303.333333 304.333333  12.066 0.000   9.722 0.000
306.333333 307.333333  19.303 0.000  15.931 0.000
310.333333 311.333333  16.997 0.000  10.780 0.000
313.333333 314.333333   9.055 0.000   5.535 0.000
317.333333 318.333333   3.208 0.000   2.292 0.000
320.333333 321.333333   2.007 0.000   1.250 0.000
324.333333 325.333333   3.413 0.000   2.962 0.000
327.333333 328.333333   3.492 0.000   2.764 0.000
331.333333 332.333333 999.999 0.999   0.500 0.000
334.333333 335.333333 999.999 0.999   4.584 0.000
338.333333 339.333333   0.763 0.000   0.545 0.000
341.333333 342.333333   2.970 0.000   0.711 0.000
345.333333 346.333333   2.721 0.000   1.389 0.000
348.333333 349.333333   6.213 0.000   1.762 0.000
352.333333 353.333333   5.348 0.000   4.173 0.000
355.333333 356.333333 999.999 0.999 999.999 0.999
359.333333 360.333333   7.184 0.000   2.908 0.000
362.333333 363.333333   3.946 0.000   2.018 0.000
