scripts/IMPROVE-2019_partial/data/US4999R.19920101080000.20191216000000.filterpack...1y.3d.US03L_filterpack_US4999.US03L_IMPROVE_Davis.lev2.nas
52 1001
MISSING INFORMATION
US03L, IMPROVE, , , , , , , 
MISSING INFORMATION
IMPROVE sel_HTAP
1 1
1992 01 01 2019 12 16
0
days from file reference point
5
1 1 1 1 1
999.999999 999.999 9.999 999.999 9.999999
end_time of measurement, days from the file reference point
pm10_mass, ug/m3, Matrix=pm10
numflag pm10_mass, no unit, Matrix=pm10
pm25_mass, ug/m3, Matrix=pm25
numflag pm25_mass, no unit, Matrix=pm25
0
33
Data definition:              EBAS_1.1
Set type code:                TI
Timezone:                     UTC
File name:                    US4999R.19920101080000.20191216000000.filterpack...1y.3d.US03L_filterpack_US4999.US03L_IMPROVE_Davis.lev2.nas
File creation:                20191218120500
Startdate:                    19920101080000
Revision date:                20191216000000
Version:                      2
Version description:          "Data extracted from http://views.cira.colostate.edu/fed/DataWizard 2019-12-16"
Statistics:                   arithmetic mean
Data level:                   2
Period code:                  1y
Resolution code:              3d
Sample duration:              1d
Orig. time res.:              3d
Station code:                 US4999R
Platform code:                US4999S
Station name:                 Mount Rainier National Park-Tahoma Woods (WA99)
Station latitude:             46.7582
Station longitude:            -122.1243
Station altitude:             424.0 m
Regime:                       IMG
Component:                    
Unit:                         ug/m3
Matrix:                       
Laboratory code:              US03L
Instrument type:              filterpack
Instrument name:              filterpack_US4999
Method ref:                   US03L_IMPROVE_Davis
Blank correction:             Blank corrected
Volume std. temperature:      ambient
Volume std. pressure:         ambient
starttime endtime PM10 flag_PM10 PM2.5 flag_PM2.5
  0.333333   1.333333   6.535 0.000   2.812 0.559000
  3.333333   4.333333   6.468 0.000 999.999 0.559259
  7.333333   8.333333   5.872 0.000   3.832 0.559000
 10.333333  11.333333   5.819 0.000   3.668 0.559000
 14.333333  15.333333   3.562 0.000   1.924 0.559000
 17.333333  18.333333   8.517 0.000   6.095 0.559000
 21.333333  22.333333   3.873 0.000   1.164 0.559000
 24.333333  25.333333   3.212 0.000   1.101 0.559000
 28.333333  29.333333   6.479 0.000   1.118 0.559000
 31.333333  32.333333   3.110 0.000   2.500 0.559000
 35.333333  36.333333  13.889 0.000   8.669 0.559000
 38.333333  39.333333  12.121 0.000   7.539 0.559000
 42.333333  43.333333   7.174 0.000   2.013 0.559000
 45.333333  46.333333   8.112 0.000   4.377 0.559000
 49.333333  50.333333   4.444 0.000 999.999 0.559259
 52.333333  53.333333   8.267 0.000   1.975 0.559000
 56.333333  57.333333   8.426 0.000   3.730 0.559000
 59.333333  60.333333  18.947 0.000  12.766 0.000000
 63.333333  64.333333  14.082 0.000   3.189 0.000000
 66.333333  67.333333  10.749 0.000   8.111 0.000000
 70.333333  71.333333  17.143 0.000  13.072 0.000000
 73.333333  74.333333  26.878 0.000  23.429 0.000000
 77.333333  78.333333   8.728 0.000   4.706 0.000000
 80.333333  81.333333  15.654 0.000  14.737 0.000000
 84.333333  85.333333  22.802 0.000  18.838 0.000000
 87.333333  88.333333   9.560 0.000   3.969 0.000000
 91.333333  92.333333  17.558 0.000  13.230 0.000000
 94.333333  95.333333   3.020 0.000   1.135 0.000000
 98.333333  99.333333   8.933 0.000 999.999 0.999000
101.333333 102.333333   5.301 0.000   4.801 0.000000
105.333333 106.333333   4.461 0.000   2.446 0.000000
108.333333 109.333333   6.512 0.000   4.458 0.000000
112.333333 113.333333   6.680 0.000   2.160 0.000000
115.333333 116.333333   7.841 0.000   5.963 0.000000
119.333333 120.333333   3.793 0.000   1.355 0.000000
122.333333 123.333333  14.756 0.000   7.270 0.000000
126.333333 127.333333  28.072 0.000  21.384 0.000000
129.333333 130.333333  18.301 0.000   2.578 0.000000
133.333333 134.333333 999.999 0.999  13.354 0.000000
136.333333 137.333333 999.999 0.999  11.015 0.000000
140.333333 141.333333  10.227 0.000   4.577 0.000000
143.333333 144.333333  19.137 0.000  18.553 0.000000
147.333333 148.333333   9.358 0.000   6.227 0.000000
150.333333 151.333333  10.398 0.000   9.969 0.000000
154.333333 155.333333  12.171 0.000   5.307 0.000000
157.333333 158.333333  14.341 0.000   8.312 0.000000
161.333333 162.333333   7.388 0.000   4.389 0.000000
164.333333 165.333333   5.826 0.000   1.371 0.000000
168.333333 169.333333   9.925 0.000   6.235 0.000000
171.333333 172.333333   7.578 0.000   7.298 0.000000
175.333333 176.333333  15.112 0.000   9.325 0.000000
178.333333 179.333333  12.583 0.000  10.435 0.000000
182.333333 183.333333   6.929 0.000   3.785 0.000000
185.333333 186.333333  11.301 0.000   8.069 0.000000
189.333333 190.333333  11.142 0.000   6.635 0.000000
192.333333 193.333333   9.841 0.000   6.289 0.000000
196.333333 197.333333  14.207 0.000  10.818 0.000000
199.333333 200.333333  15.526 0.000  13.098 0.000000
203.333333 204.333333   7.492 0.000   5.274 0.000000
206.333333 207.333333  14.488 0.000   9.726 0.000000
210.333333 211.333333  12.236 0.000   9.635 0.000000
213.333333 214.333333 999.999 0.999  10.000 0.000000
217.333333 218.333333  14.595 0.000  11.118 0.000000
220.333333 221.333333   7.267 0.000   2.950 0.000000
224.333333 225.333333  16.026 0.000   8.930 0.000000
227.333333 228.333333  12.433 0.000   9.938 0.000000
231.333333 232.333333  12.927 0.000   8.411 0.000000
234.333333 235.333333   8.256 0.000   4.268 0.000000
238.333333 239.333333   9.743 0.000   6.637 0.000000
241.333333 242.333333  11.410 0.000   8.571 0.000000
245.333333 246.333333  14.026 0.000   8.875 0.000000
248.333333 249.333333   7.099 0.000   3.625 0.000000
252.333333 253.333333  14.623 0.000   7.099 0.000000
255.333333 256.333333  12.542 0.000   3.611 0.000000
259.333333 260.333333   6.108 0.000   3.494 0.000000
262.333333 263.333333   7.600 0.000   6.364 0.000000
266.333333 267.333333   5.196 0.000   2.598 0.000000
269.333333 270.333333   8.212 0.000   2.266 0.000000
273.333333 274.333333  14.086 0.000   8.312 0.000000
276.333333 277.333333   5.479 0.000   3.500 0.000000
280.333333 281.333333  13.026 0.000   5.446 0.000000
283.333333 284.333333  14.246 0.000   7.152 0.000000
287.333333 288.333333  13.397 0.000   9.779 0.000000
290.333333 291.333333   8.514 0.000   3.333 0.000000
294.333333 295.333333   6.952 0.000   3.896 0.000000
297.333333 298.333333  12.724 0.000   8.282 0.000000
301.333333 302.333333  10.636 0.000   6.285 0.000000
304.333333 305.333333  10.212 0.000   1.641 0.000000
308.333333 309.333333   6.222 0.000   3.281 0.000000
311.333333 312.333333   6.825 0.000   3.531 0.000000
315.333333 316.333333   7.279 0.000   1.860 0.000000
318.333333 319.333333   8.857 0.000   6.781 0.000000
322.333333 323.333333   4.981 0.000   2.724 0.000000
325.333333 326.333333   2.393 0.000   0.836 0.000000
329.333333 330.333333   7.148 0.000   5.429 0.000000
332.333333 333.333333   3.925 0.000   3.206 0.000000
336.333333 337.333333   5.745 0.000   4.281 0.000000
339.333333 340.333333   6.102 0.000   4.159 0.000000
343.333333 344.333333   3.028 0.000   2.070 0.000000
346.333333 347.333333   5.802 0.000   5.224 0.000000
350.333333 351.333333   5.543 0.000   2.138 0.000000
353.333333 354.333333   5.892 0.000   1.456 0.000000
357.333333 358.333333   5.236 0.000   2.349 0.000000
360.333333 361.333333   4.864 0.000   2.063 0.000000
364.333333 365.333333   4.531 0.000   2.258 0.000000
