scripts/IMPROVE-2019_partial/data/US4999R.20030103080000.20191216000000.filterpack..pm25.1y.1w.US03L_filterpack_US4999.US03L_IMPROVE_Davis.lev2.nas
66 1001
MISSING INFORMATION
US03L, IMPROVE, , , , , , , 
MISSING INFORMATION
IMPROVE sel_HTAP
1 1
2003 01 01 2019 12 16
3.000000
days from file reference point
27
1 1 1 1 1 1 1 1 1 1 1 1 1 1 1 1 1 1 1 1 1 1 1 1 1 1 1
999.999999 9999.99 9.999 99.99 9.999 9.999 9.999999 9.99 9.999999 9.999 9.999999 99.999 9.999 99.999 9.999 999.99 9.999999 999.999 9.999 999.999 9.999 999.999 9.999 9.999 9.999 9.999 9.999
end_time of measurement, days from the file reference point
iron, ng/m3, Revision date=20181210133000
numflag iron, no unit, Revision date=20181210133000
lead, ng/m3, Revision date=20181210133000
numflag lead, no unit, Revision date=20181210133000
magnesium, ug/m3, Revision date=20181210133000
numflag magnesium, no unit, Revision date=20181210133000
nickel, ng/m3, Revision date=20181210133000
numflag nickel, no unit, Revision date=20181210133000
nitrate, ug N/m3, Revision date=20181210133000
numflag nitrate, no unit, Revision date=20181210133000
organic_carbon, ug C/m3, Revision date=20181210133000
numflag organic_carbon, no unit, Revision date=20181210133000
organic_mass, ug/m3, Revision date=20181210133000
numflag organic_mass, no unit, Revision date=20181210133000
phosphorus, ng/m3, Revision date=20181210133000
numflag phosphorus, no unit, Revision date=20181210133000
pm10_mass, ug/m3, Version=2, Version description=Data extracted from http://views.cira.colostate.edu/fed/DataWizard 2019-12-16, Sample duration=1d, Orig. time res.=3d, Matrix=pm10, Blank correction=Blank corrected, Volume std. temperature=ambient, Volume std. pressure=ambient
numflag pm10_mass, no unit, Version=2, Version description=Data extracted from http://views.cira.colostate.edu/fed/DataWizard 2019-12-16, Sample duration=1d, Orig. time res.=3d, Matrix=pm10, Blank correction=Blank corrected, Volume std. temperature=ambient, Volume std. pressure=ambient
pm10_pm25_mass, ug/m3, Revision date=20181210133000, Matrix=pm10_pm25
numflag pm10_pm25_mass, no unit, Revision date=20181210133000, Matrix=pm10_pm25
pm25_mass, ug/m3, Version=2, Version description=Data extracted from http://views.cira.colostate.edu/fed/DataWizard 2019-12-16, Sample duration=1d, Orig. time res.=3d, Blank correction=Blank corrected, Volume std. temperature=ambient, Volume std. pressure=ambient
numflag pm25_mass, no unit, Version=2, Version description=Data extracted from http://views.cira.colostate.edu/fed/DataWizard 2019-12-16, Sample duration=1d, Orig. time res.=3d, Blank correction=Blank corrected, Volume std. temperature=ambient, Volume std. pressure=ambient
potassium, ug/m3, Revision date=20181210133000
numflag potassium, no unit, Revision date=20181210133000
sulphate_total, ug S/m3, Revision date=20181210133000
numflag sulphate_total, no unit, Revision date=20181210133000
0
25
Data definition:              EBAS_1.1
Set type code:                TU
Timezone:                     UTC
File name:                    US4999R.20030103080000.20191216000000.filterpack..pm25.1y.1w.US03L_filterpack_US4999.US03L_IMPROVE_Davis.lev2.nas
File creation:                20191218120502
Startdate:                    20030103080000
Revision date:                20191216000000
Statistics:                   arithmetic mean
Data level:                   2
Period code:                  1y
Resolution code:              1w
Station code:                 US4999R
Platform code:                US4999S
Station name:                 Mount Rainier National Park-Tahoma Woods (WA99)
Station latitude:             46.7582
Station longitude:            -122.1243
Station altitude:             424.0 m
Regime:                       IMG
Component:                    
Matrix:                       pm25
Laboratory code:              US03L
Instrument type:              filterpack
Instrument name:              filterpack_US4999
Method ref:                   US03L_IMPROVE_Davis
starttime endtime Fe flag_Fe Pb flag_Pb Mg++ flag_Mg++ Ni flag_Ni NO3- flag_NO3- OC flag_OC OM flag_OM P flag_P PM10 flag_PM10 PM10-PM2.5 flag_PM10-PM2.5 PM2.5 flag_PM2.5 K+ flag_K+ SO4-- flag_SO4--
[from data line 81]
245.333333 246.333333  129.72 0.699  1.50 0.699 9.999 0.699259 0.28 0.699000 0.051 0.559000  5.901 0.000  8.262 0.000 999.99 0.699259  28.641 0.000  13.821 0.000  14.820 0.699 0.066 0.699 0.338 0.559
248.333333 249.333333   60.03 0.559  0.78 0.559 9.999 0.559259 0.08 0.559000 0.031 0.559000  1.994 0.000  2.791 0.000 999.99 0.559259  13.765 0.000   8.489 0.000   5.276 0.559 0.035 0.559 0.161 0.559
251.333333 252.333333    2.53 0.000  0.21 0.000 9.999 0.259000 0.05 0.000000 0.011 0.559000  0.412 0.000  0.578 0.000 999.99 0.259000   3.467 0.000   2.455 0.000   1.012 0.000 0.011 0.000 0.094 0.559
254.333333 255.333333   14.23 0.000  0.27 0.000 0.020 0.000000 0.18 0.000000 0.063 0.559000  0.411 0.000  0.575 0.000 999.99 0.259000   7.399 0.000   4.361 0.000   3.038 0.000 0.025 0.000 0.339 0.559
257.333333 258.333333   17.49 0.000  0.24 0.000 9.999 0.259000 0.10 0.000000 0.061 0.559000  0.586 0.000  0.821 0.000 999.99 0.259000   8.556 0.000   5.599 0.000   2.958 0.000 0.017 0.000 0.255 0.559
260.333333 261.333333    5.29 0.000  0.16 0.000 9.999 0.259000 9.99 0.259000 0.018 0.559000  0.569 0.000  0.797 0.000 999.99 0.259000   5.374 0.000   3.661 0.000   1.712 0.000 0.019 0.000 0.095 0.559
263.333333 264.333333   11.79 0.000  2.13 0.000 0.059 0.000000 0.52 0.000000 0.047 0.559000  1.772 0.000  2.481 0.000 999.99 0.259000   7.859 0.000   2.963 0.000   4.896 0.000 0.033 0.000 0.331 0.559
266.333333 267.333333   79.05 0.559  1.12 0.559 9.999 0.559259 0.24 0.559000 0.019 0.559000  1.584 0.000  2.217 0.000 999.99 0.559259  23.686 0.000  17.651 0.000   6.034 0.559 0.036 0.559 0.230 0.559
269.333333 270.333333   43.22 0.559  1.38 0.559 9.999 0.559259 0.15 0.559000 0.016 0.559000  1.855 0.000  2.598 0.000  19.73 0.559000  13.104 0.000   7.757 0.000   5.347 0.559 0.028 0.559 0.119 0.559
272.333333 273.333333   28.75 0.000  1.34 0.000 9.999 0.259000 0.13 0.000000 0.052 0.559000  1.643 0.000  2.300 0.000 999.99 0.259000  12.789 0.000   6.253 0.000   6.537 0.000 0.030 0.000 0.435 0.559
275.333333 276.333333   49.10 0.559  1.38 0.559 0.017 0.559000 0.58 0.559000 0.030 0.559000  2.844 0.000  3.982 0.000 999.99 0.559259  15.542 0.000   5.225 0.000  10.318 0.559 0.047 0.559 0.664 0.559
278.333333 279.333333   28.85 0.000  0.58 0.000 0.017 0.000000 0.06 0.000000 0.009 0.559000  1.374 0.000  1.924 0.000 999.99 0.259000  14.261 0.000   9.256 0.000   5.005 0.000 0.036 0.000 0.289 0.559
281.333333 282.333333 9999.99 0.999 99.99 0.999 9.999 0.999000 9.99 0.999000 9.999 0.999000 99.999 0.999 99.999 0.999 999.99 0.999000 999.999 0.999 999.999 0.999 999.999 0.999 9.999 0.999 9.999 0.999
284.333333 285.333333 9999.99 0.999 99.99 0.999 9.999 0.999000 9.99 0.999000 9.999 0.999000 99.999 0.999 99.999 0.999 999.99 0.999000 999.999 0.999 999.999 0.999 999.999 0.999 9.999 0.999 9.999 0.999
287.333333 288.333333 9999.99 0.999 99.99 0.999 9.999 0.999000 9.99 0.999000 9.999 0.999000 99.999 0.999 99.999 0.999 999.99 0.999000 999.999 0.999 999.999 0.999 999.999 0.999 9.999 0.999 9.999 0.999
290.333333 291.333333 9999.99 0.999 99.99 0.999 9.999 0.999000 9.99 0.999000 9.999 0.999000 99.999 0.999 99.999 0.999 999.99 0.999000 999.999 0.999 999.999 0.999 999.999 0.999 9.999 0.999 9.999 0.999
293.333333 294.333333 9999.99 0.999 99.99 0.999 9.999 0.999000 9.99 0.999000 9.999 0.999000 99.999 0.999 99.999 0.999 999.99 0.999000 999.999 0.999 999.999 0.999 999.999 0.999 9.999 0.999 9.999 0.999
296.333333 297.333333 9999.99 0.999 99.99 0.999 9.999 0.999000 9.99 0.999000 9.999 0.999000 99.999 0.999 99.999 0.999 999.99 0.999000 999.999 0.999 999.999 0.999 999.999 0.999 9.999 0.999 9.999 0.999
299.333333 300.333333 9999.99 0.999 99.99 0.999 9.999 0.999000 9.99 0.999000 9.999 0.999000 99.999 0.999 99.999 0.999 999.99 0.999000 999.999 0.999 999.999 0.999 999.999 0.999 9.999 0.999 9.999 0.999
302.333333 303.333333 9999.99 0.999 99.99 0.999 9.999 0.999000 9.99 0.999000 9.999 0.999000 99.999 0.999 99.999 0.999 999.99 0.999000 999.999 0.999 999.999 0.999 999.999 0.999 9.999 0.999 9.999 0.999
305.333333 306.333333 9999.99 0.999 99.99 0.999 9.999 0.999000 9.99 0.999000 9.999 0.999000 99.999 0.999 99.999 0.999 999.99 0.999000 999.999 0.999 999.999 0.999 999.999 0.999 9.999 0.999 9.999 0.999
308.333333 309.333333 9999.99 0.999 99.99 0.999 9.999 0.999000 9.99 0.999000 9.999 0.999000 99.999 0.999 99.999 0.999 999.99 0.999000 999.999 0.999 999.999 0.999 999.999 0.999 9.999 0.999 9.999 0.999
311.333333 312.333333 9999.99 0.999 99.99 0.999 9.999 0.999000 9.99 0.999000 9.999 0.999000 99.999 0.999 99.999 0.999 999.99 0.999000 999.999 0.999 999.999 0.999 999.999 0.999 9.999 0.999 9.999 0.999
314.333333 315.333333    3.54 0.000  0.30 0.000 0.023 0.000000 9.99 0.259000 0.039 0.000000  0.964 0.000  1.350 0.000 999.99 0.259000   5.084 0.000   1.519 0.000   3.565 0.000 0.040 0.000 0.146 0.000
317.333333 318.333333    9.20 0.000  1.33 0.000 9.999 0.259000 0.10 0.000000 0.034 0.000000  2.383 0.000  3.336 0.000 999.99 0.259000   7.564 0.000   1.535 0.000   6.029 0.000 0.054 0.000 0.167 0.000
320.333333 321.333333    2.13 0.000  0.12 0.000 0.035 0.000000 9.99 0.259000 0.010 0.000000 99.999 0.259 99.999 0.259 999.99 0.259000   4.258 0.000   1.374 0.000   2.883 0.000 0.021 0.000 0.083 0.000
323.333333 324.333333    1.36 0.000  4.38 0.000 0.020 0.000000 9.99 0.259000 0.021 0.000000  1.000 0.000  1.400 0.000 999.99 0.259000   2.439 0.000   0.083 0.000   2.356 0.000 0.022 0.000 0.049 0.000
326.333333 327.333333    2.32 0.000  0.43 0.000 0.015 0.000000 9.99 0.259000 0.008 0.000000  1.119 0.000  1.566 0.000   5.08 0.000000   2.753 0.000   0.094 0.000   2.659 0.000 0.018 0.000 0.052 0.000
329.333333 330.333333    0.75 0.559  0.29 0.559 0.044 0.559000 0.07 0.559000 0.004 0.000000  0.344 0.000  0.482 0.000 999.99 0.559259   1.356 0.000   0.232 0.000   1.124 0.559 0.010 0.559 0.039 0.000
332.333333 333.333333    2.14 0.559  0.79 0.559 9.999 0.559259 0.09 0.559000 0.032 0.000000  0.955 0.000  1.337 0.000  13.74 0.559000   2.835 0.000   0.712 0.000   2.124 0.559 0.019 0.559 0.063 0.000
335.333333 336.333333    1.55 0.559  0.25 0.559 9.999 0.559259 0.04 0.559000 0.002 0.000000  0.381 0.000  0.534 0.000 999.99 0.559259   1.767 0.000   0.874 0.000   0.893 0.559 0.011 0.559 0.012 0.000
338.333333 339.333333    0.47 0.000  0.08 0.000 9.999 0.259000 0.08 0.000000 0.001 0.000000  0.136 0.000  0.191 0.000   0.58 0.000000   0.822 0.000   0.402 0.000   0.420 0.000 0.006 0.000 0.001 0.000
341.333333 342.333333    1.02 0.559  0.38 0.559 9.999 0.559259 9.99 0.559259 0.005 0.000000  0.553 0.000  0.775 0.000   2.93 0.559000   1.767 0.000   0.615 0.000   1.152 0.559 0.017 0.559 0.026 0.000
344.333333 345.333333 9999.99 0.999 99.99 0.999 9.999 0.999000 9.99 0.999000 9.999 0.999000 99.999 0.999 99.999 0.999 999.99 0.999000 999.999 0.999 999.999 0.999 999.999 0.999 9.999 0.999 9.999 0.999
347.333333 348.333333    0.44 0.559  0.11 0.559 0.012 0.559000 0.04 0.559000 0.005 0.000000  0.779 0.000  1.091 0.000   1.24 0.559000   1.984 0.000   0.503 0.000   1.481 0.559 0.015 0.559 0.014 0.000
350.333333 351.333333   11.64 0.000  0.37 0.000 9.999 0.259000 9.99 0.259000 0.007 0.000000  0.843 0.000  1.180 0.000 999.99 0.259000   3.598 0.000   1.406 0.000   2.191 0.000 0.018 0.000 0.060 0.000
353.333333 354.333333    3.21 0.000  0.42 0.000 0.023 0.000000 9.99 0.259000 0.004 0.000000  0.693 0.000  0.970 0.000   1.40 0.000000   2.217 0.000   0.765 0.000   1.452 0.000 0.011 0.000 0.021 0.000
356.333333 357.333333    6.66 0.000  0.33 0.000 0.028 0.000000 9.99 0.259000 0.004 0.000000  0.475 0.000  0.665 0.000 999.99 0.259000   2.240 0.000   1.097 0.000   1.143 0.000 0.008 0.000 0.035 0.000
359.333333 360.333333    0.89 0.000  0.40 0.000 9.999 0.259000 9.99 0.259000 0.011 0.000000  0.355 0.000  0.497 0.000 999.99 0.259000   2.008 0.000   0.526 0.000   1.482 0.000 0.014 0.000 0.054 0.000
362.333333 363.333333   25.75 0.000  1.42 0.000 9.999 0.259000 0.11 0.000000 0.141 0.000000  1.487 0.000  2.082 0.000 999.99 0.259000   4.058 0.000   0.757 0.000   3.301 0.000 0.026 0.000 0.088 0.000
