scripts/IMPROVE-2019_partial/data/US4999R.20010101080000.20191216000000.filterpack..pm25.52w.1w.US03L_filterpack_US4999.US03L_IMPROVE_Davis.lev2.nas
66 1001
MISSING INFORMATION
US03L, IMPROVE, , , , , , , 
MISSING INFORMATION
IMPROVE sel_HTAP
1 1
2001 01 01 2019 12 16
3.000000
days from file reference point
27
1 1 1 1 1 1 1 1 1 1 1 1 1 1 1 1 1 1 1 1 1 1 1 1 1 1 1
999.999999 9999.99 9.999999 99.99 9.999999 9.999 9.999999999 9.99 9.999999999 9.999 9.999 99.999 9.999 99.999 9.999 99.99 9.999999999 999.999 9.999 99.999 9.999 999.999 9.999 9.999 9.999999 99.999 9.999
end_time of measurement, days from the file reference point
iron, ng/m3, Revision date=20181210133000
numflag iron, no unit, Revision date=20181210133000
lead, ng/m3, Revision date=20181210133000
numflag lead, no unit, Revision date=20181210133000
magnesium, ug/m3, Revision date=20181210133000
numflag magnesium, no unit, Revision date=20181210133000
nickel, ng/m3, Revision date=20181210133000
numflag nickel, no unit, Revision date=20181210133000
nitrate, ug N/m3, Revision date=20181210133000
numflag nitrate, no unit, Revision date=20181210133000
organic_carbon, ug C/m3, Revision date=20181210133000
numflag organic_carbon, no unit, Revision date=20181210133000
organic_mass, ug/m3, Revision date=20181210133000
numflag organic_mass, no unit, Revision date=20181210133000
phosphorus, ng/m3, Revision date=20181210133000
numflag phosphorus, no unit, Revision date=20181210133000
pm10_mass, ug/m3, Version=2, Version description=Data extracted from http://views.cira.colostate.edu/fed/DataWizard 2019-12-16, Sample duration=1d, Orig. time res.=3d, Matrix=pm10, Blank correction=Blank corrected, Volume std. temperature=ambient, Volume std. pressure=ambient
numflag pm10_mass, no unit, Version=2, Version description=Data extracted from http://views.cira.colostate.edu/fed/DataWizard 2019-12-16, Sample duration=1d, Orig. time res.=3d, Matrix=pm10, Blank correction=Blank corrected, Volume std. temperature=ambient, Volume std. pressure=ambient
pm10_pm25_mass, ug/m3, Revision date=20181210133000, Matrix=pm10_pm25
numflag pm10_pm25_mass, no unit, Revision date=20181210133000, Matrix=pm10_pm25
pm25_mass, ug/m3, Version=2, Version description=Data extracted from http://views.cira.colostate.edu/fed/DataWizard 2019-12-16, Sample duration=1d, Orig. time res.=3d, Blank correction=Blank corrected, Volume std. temperature=ambient, Volume std. pressure=ambient
numflag pm25_mass, no unit, Version=2, Version description=Data extracted from http://views.cira.colostate.edu/fed/DataWizard 2019-12-16, Sample duration=1d, Orig. time res.=3d, Blank correction=Blank corrected, Volume std. temperature=ambient, Volume std. pressure=ambient
potassium, ug/m3, Revision date=20181210133000
numflag potassium, no unit, Revision date=20181210133000
sulphate_total, ug S/m3, Revision date=20181210133000
numflag sulphate_total, no unit, Revision date=20181210133000
0
25
Data definition:              EBAS_1.1
Set type code:                TU
Timezone:                     UTC
File name:                    US4999R.20010101080000.20191216000000.filterpack..pm25.52w.1w.US03L_filterpack_US4999.US03L_IMPROVE_Davis.lev2.nas
File creation:                20191218120501
Startdate:                    20010101080000
Revision date:                20191216000000
Statistics:                   arithmetic mean
Data level:                   2
Period code:                  52w
Resolution code:              1w
Station code:                 US4999R
Platform code:                US4999S
Station name:                 Mount Rainier National Park-Tahoma Woods (WA99)
Station latitude:             46.7582
Station longitude:            -122.1243
Station altitude:             424.0 m
Regime:                       IMG
Component:                    
Matrix:                       pm25
Laboratory code:              US03L
Instrument type:              filterpack
Instrument name:              filterpack_US4999
Method ref:                   US03L_IMPROVE_Davis
starttime endtime Fe flag_Fe Pb flag_Pb Mg++ flag_Mg++ Ni flag_Ni NO3- flag_NO3- OC flag_OC OM flag_OM P flag_P PM10 flag_PM10 PM10-PM2.5 flag_PM10-PM2.5 PM2.5 flag_PM2.5 K+ flag_K+ SO4-- flag_SO4--
[from data line 75]
225.333333 226.333333   52.43 0.000000  1.81 0.000000 9.999 0.259000000 0.42 0.000000000 0.044 0.559  3.447 0.000  4.826 0.000 99.99 0.259000000  15.266 0.000  5.694 0.000   9.572 0.000 0.047 0.000000  0.633 0.559
228.333333 229.333333   13.57 0.000000  0.71 0.000000 9.999 0.259000000 9.99 0.259000000 0.038 0.559  0.726 0.000  1.016 0.000 99.99 0.259000000   9.763 0.000  1.862 0.000   7.901 0.000 0.025 0.000000  1.260 0.559
231.333333 232.333333   19.75 0.000000  0.98 0.000000 9.999 0.259000000 0.20 0.000000000 0.031 0.000  0.628 0.000  0.879 0.000 99.99 0.259000000   7.149 0.000  2.035 0.000   5.114 0.000 0.017 0.000000  0.692 0.000
234.333333 235.333333    1.22 0.000000  0.14 0.000000 9.999 0.259000000 9.99 0.259000000 0.028 0.000  0.249 0.000  0.349 0.000 99.99 0.259000000   3.309 0.000  1.728 0.000   1.581 0.000 0.013 0.000000  0.144 0.000
237.333333 238.333333   19.35 0.000000  1.95 0.000000 0.052 0.000000000 0.27 0.000000000 0.055 0.000  2.660 0.000  3.723 0.000 99.99 0.259000000  11.520 0.000  2.879 0.000   8.641 0.000 0.026 0.000000  0.570 0.000
240.333333 241.333333   30.22 0.000000  1.32 0.000000 9.999 0.259000000 0.31 0.000000000 0.037 0.000  1.683 0.000  2.356 0.000 99.99 0.259000000   9.341 0.000  2.881 0.000   6.460 0.000 0.019 0.000000  0.537 0.000
243.333333 244.333333    5.13 0.000000  0.28 0.000000 9.999 0.259000000 9.99 0.259000000 0.033 0.000  0.634 0.000  0.888 0.000 99.99 0.259000000   4.820 0.000  1.840 0.000   2.981 0.000 0.022 0.000000  0.302 0.000
246.333333 247.333333   12.20 0.000000  1.74 0.000000 9.999 0.259000000 9.99 0.259000000 0.166 0.000  1.040 0.000  1.457 0.000 99.99 0.259000000   8.290 0.000  3.073 0.000   5.217 0.000 0.039 0.000000  0.582 0.000
249.333333 250.333333   14.10 0.000000  0.83 0.000000 9.999 0.259000000 0.20 0.000000000 0.048 0.000  0.551 0.000  0.772 0.000 99.99 0.259000000   6.457 0.000  2.678 0.000   3.780 0.000 0.017 0.000000  0.479 0.000
252.333333 253.333333   38.29 0.000000  1.54 0.000000 9.999 0.259000000 0.36 0.000000000 0.067 0.000  1.390 0.000  1.947 0.000 99.99 0.259000000   8.041 0.000  3.625 0.000   4.416 0.000 0.029 0.000000  0.228 0.000
255.333333 256.333333   47.58 0.000000  1.08 0.000000 9.999 0.259000000 0.55 0.000000000 0.048 0.000  2.215 0.000  3.101 0.000 99.99 0.259000000   9.990 0.000  3.200 0.000   6.791 0.000 0.027 0.000000  0.285 0.000
258.333333 259.333333   26.53 0.000000  1.02 0.000000 9.999 0.259000000 0.41 0.000000000 0.052 0.000  1.739 0.000  2.435 0.000 99.99 0.259000000  13.031 0.000  3.486 0.000   9.545 0.000 0.017 0.000000  1.243 0.000
261.333333 262.333333   15.95 0.000000  0.24 0.000000 9.999 0.259000000 0.13 0.000000000 0.047 0.000  0.339 0.000  0.474 0.000 99.99 0.259000000   6.128 0.000  2.499 0.000   3.629 0.000 0.013 0.000000  0.547 0.000
264.333333 265.333333   19.42 0.000000  1.13 0.000000 0.018 0.000000000 0.08 0.000000000 0.024 0.000  0.759 0.000  1.063 0.000 99.99 0.259000000   4.779 0.000  2.368 0.000   2.411 0.000 0.023 0.000000  0.158 0.000
267.333333 268.333333   20.20 0.000000  0.66 0.000000 9.999 0.259000000 9.99 0.259000000 0.028 0.000  1.246 0.000  1.744 0.000 99.99 0.259000000   8.916 0.000  2.194 0.000   6.722 0.000 0.023 0.000000  0.701 0.000
270.333333 271.333333    3.32 0.000000  0.35 0.000000 0.004 0.000000000 9.99 0.259000000 0.027 0.000  0.427 0.000  0.599 0.000 99.99 0.259000000   3.922 0.000  2.178 0.000   1.744 0.000 0.019 0.000000  0.132 0.000
273.333333 274.333333   16.54 0.000000  1.72 0.000000 9.999 0.259000000 9.99 0.259000000 0.030 0.000  1.740 0.000  2.437 0.000 99.99 0.259000000   7.561 0.000  2.392 0.000   5.169 0.000 0.042 0.000000  0.279 0.000
276.333333 277.333333   32.08 0.000000  1.17 0.000000 9.999 0.259000000 9.99 0.259000000 0.040 0.000  1.091 0.000  1.528 0.000 99.99 0.259000000   8.752 0.000  4.018 0.000   4.735 0.000 0.029 0.000000  0.296 0.000
279.333333 280.333333    8.41 0.000000  6.29 0.000000 9.999 0.259000000 9.99 0.259000000 0.049 0.000  1.145 0.000  1.603 0.000 99.99 0.259000000   5.999 0.000  1.845 0.000   4.154 0.000 0.069 0.000000  0.244 0.000
282.333333 283.333333    3.91 0.000000  0.64 0.000000 9.999 0.259000000 0.03 0.000000000 0.017 0.000  0.488 0.000  0.684 0.000 99.99 0.259000000   4.216 0.000  1.516 0.000   2.701 0.000 0.025 0.000000  0.225 0.000
285.333333 286.333333    2.72 0.000000  0.33 0.000000 9.999 0.259000000 0.08 0.000000000 0.033 0.000  0.405 0.000  0.566 0.000 99.99 0.259000000   6.575 0.000  3.550 0.000   3.025 0.000 0.027 0.000000  0.122 0.000
288.333333 289.333333    9.48 0.000000  0.43 0.000000 9.999 0.259000000 9.99 0.259000000 0.020 0.000  0.846 0.000  1.185 0.000 99.99 0.259000000   6.691 0.000  3.795 0.000   2.896 0.000 0.039 0.000000  0.115 0.000
291.333333 292.333333    2.59 0.000000  0.40 0.000000 9.999 0.259000000 9.99 0.259000000 0.008 0.000  0.835 0.000  1.170 0.000 99.99 0.259000000   5.301 0.000  2.673 0.000   2.628 0.000 0.039 0.000000  0.132 0.000
294.333333 295.333333    1.55 0.000000  0.22 0.000000 9.999 0.259000000 0.07 0.000000000 0.007 0.000  0.136 0.000  0.191 0.000 99.99 0.259000000   4.890 0.000  3.093 0.000   1.797 0.000 0.015 0.000000  0.054 0.000
297.333333 298.333333    5.02 0.000000  0.16 0.000000 9.999 0.259000000 9.99 0.259000000 0.003 0.000  0.684 0.000  0.958 0.000 99.99 0.259000000   4.494 0.000  2.822 0.000   1.672 0.000 0.023 0.000000  0.030 0.000
300.333333 301.333333    3.54 0.000000  0.83 0.000000 9.999 0.259000000 9.99 0.259000000 0.008 0.000  0.642 0.000  0.899 0.000 99.99 0.259000000   3.246 0.000  1.556 0.000   1.690 0.000 0.024 0.000000  0.032 0.000
303.333333 304.333333    1.56 0.000000  0.13 0.000000 9.999 0.259000000 0.06 0.000000000 0.006 0.000  0.276 0.000  0.386 0.000 99.99 0.259000000   2.917 0.000  1.801 0.000   1.116 0.000 0.017 0.000000  0.028 0.000
306.333333 307.333333    7.97 0.000000  1.35 0.000000 9.999 0.259000000 9.99 0.259000000 0.011 0.000  1.675 0.000  2.345 0.000 99.99 0.259000000   7.725 0.000  3.785 0.000   3.941 0.000 0.038 0.000000  0.124 0.000
309.333333 310.333333    4.55 0.000000  0.77 0.000000 9.999 0.259000000 0.08 0.000000000 0.018 0.000  1.259 0.000  1.762 0.000 99.99 0.259000000   5.963 0.000  2.634 0.000   3.330 0.000 0.056 0.000000  0.100 0.000
312.333333 313.333333    6.97 0.000000  0.75 0.000000 9.999 0.259000000 9.99 0.259000000 0.006 0.000  1.742 0.000  2.439 0.000 99.99 0.259000000   7.564 0.000  3.447 0.000   4.117 0.000 0.039 0.000000  0.087 0.000
315.333333 316.333333    3.37 0.000000  0.70 0.000000 9.999 0.259000000 9.99 0.259000000 0.007 0.000  1.767 0.000  2.474 0.000 99.99 0.259000000   6.698 0.000  3.419 0.000   3.279 0.000 0.070 0.000000  0.056 0.000
318.333333 319.333333    3.18 0.000000  0.21 0.000000 9.999 0.259000000 9.99 0.259000000 0.001 0.000  0.599 0.000  0.839 0.000 99.99 0.259000000   4.657 0.000  3.124 0.000   1.533 0.000 0.026 0.000000  0.041 0.000
321.333333 322.333333    2.34 0.000000  0.32 0.000000 9.999 0.259000000 9.99 0.259000000 0.008 0.000  0.553 0.000  0.775 0.000 99.99 0.259000000   4.027 0.000  2.161 0.000   1.866 0.000 0.016 0.000000  0.121 0.000
324.333333 325.333333    0.75 0.000000 99.99 0.259000 9.999 0.259000000 9.99 0.259000000 0.006 0.000  0.452 0.000  0.633 0.000 99.99 0.259000000   2.959 0.000  1.486 0.000   1.472 0.000 0.010 0.000000  0.026 0.000
327.333333 328.333333    2.01 0.000000  1.16 0.000000 9.999 0.259000000 9.99 0.259000000 0.011 0.000  0.487 0.000  0.682 0.000 99.99 0.259000000   3.000 0.000  1.397 0.000   1.603 0.000 0.016 0.000000  0.038 0.000
330.333333 331.333333    1.13 0.000000  0.31 0.000000 0.007 0.000000000 9.99 0.259000000 0.006 0.000  0.473 0.000  0.663 0.000  6.34 0.000000000   2.506 0.000  1.090 0.000   1.416 0.000 0.012 0.000000  0.029 0.000
333.333333 334.333333    1.93 0.000000  0.14 0.000000 9.999 0.259000000 9.99 0.259000000 9.999 0.259 99.999 0.259 99.999 0.259 99.99 0.259000000   0.986 0.000  0.486 0.000   0.500 0.000 9.999 0.259000  0.008 0.000
336.333333 337.333333    2.30 0.000000  0.61 0.000000 0.033 0.000000000 9.99 0.259000000 0.027 0.000  0.391 0.000  0.548 0.000  2.38 0.000000000   2.096 0.000  0.601 0.000   1.495 0.000 0.011 0.000000  0.071 0.000
339.333333 340.333333    1.05 0.000000  0.49 0.000000 9.999 0.259000000 9.99 0.259000000 0.011 0.559  0.164 0.000  0.229 0.000 99.99 0.259000000   1.603 0.000  0.593 0.000   1.010 0.000 0.007 0.000000  0.058 0.559
342.333333 343.333333    4.54 0.000000  1.19 0.000000 9.999 0.259000000 9.99 0.259000000 0.038 0.559  0.488 0.000  0.683 0.000 99.99 0.259000000   4.134 0.000  1.318 0.000   2.815 0.000 0.021 0.000000  0.177 0.559
345.333333 346.333333    0.27 0.000000 99.99 0.259000 9.999 0.259000000 9.99 0.259000000 0.005 0.000  0.131 0.000  0.183 0.000 99.99 0.259000000   0.951 0.000  0.546 0.000   0.405 0.000 0.007 0.000000  0.003 0.000
348.333333 349.333333    0.76 0.000000 99.99 0.259000 9.999 0.259000000 9.99 0.259000000 0.011 0.000  0.077 0.000  0.108 0.000 99.99 0.259000000   0.986 0.000  0.257 0.000   0.729 0.000 0.007 0.000000  0.040 0.000
351.333333 352.333333    2.15 0.000000 99.99 0.259000 9.999 0.259000000 9.99 0.259000000 0.010 0.000  0.110 0.000  0.153 0.000 99.99 0.259000000   1.086 0.000  0.469 0.000   0.617 0.000 0.006 0.000000  0.020 0.000
354.333333 355.333333    2.99 0.000000  0.83 0.000000 9.999 0.259000000 9.99 0.259000000 0.018 0.559  1.046 0.000  1.465 0.000 99.99 0.259000000   3.183 0.000  0.714 0.000   2.469 0.000 0.014 0.000000  0.038 0.559
357.333333 358.333333    1.65 0.000000  0.35 0.000000 9.999 0.259000000 9.99 0.259000000 0.008 0.000  0.539 0.000  0.754 0.000 99.99 0.259000000   1.860 0.000  0.552 0.000   1.308 0.000 0.007 0.000000  0.035 0.000
360.333333 361.333333    1.79 0.000000  0.21 0.000000 9.999 0.259000000 9.99 0.259000000 0.010 0.000  0.224 0.000  0.313 0.000 99.99 0.259000000   1.520 0.000  0.506 0.000   1.014 0.000 0.007 0.000000  0.098 0.000
363.333333 364.333333    2.17 0.000000  0.47 0.000000 9.999 0.259000000 9.99 0.259000000 0.007 0.000  0.526 0.000  0.737 0.000 99.99 0.259000000   1.901 0.000  0.611 0.000   1.291 0.000 0.011 0.000000  0.034 0.000
