scripts/IMPROVE-2019_partial/data/US4999R.20020102080000.20191216000000.filterpack..pm25.52w.1w.US03L_filterpack_US4999.US03L_IMPROVE_Davis.lev2.nas
66 1001
MISSING INFORMATION
US03L, IMPROVE, , , , , , , 
MISSING INFORMATION
IMPROVE sel_HTAP
1 1
2002 01 01 2019 12 16
3.000000
days from file reference point
27
1 1 1 1 1 1 1 1 1 1 1 1 1 1 1 1 1 1 1 1 1 1 1 1 1 1 1
999.999999 9999.99 9.999 99.99 9.999999 9.999 9.999999 99.99 9.999999 9.999 9.999 99.999 9.999 99.999 9.999 999.99 9.999999 999.999 9.999 99.999 9.999 999.999 9.999 9.999 9.999 9.999 9.999
end_time of measurement, days from the file reference point
iron, ng/m3, Revision date=20181210133000
numflag iron, no unit, Revision date=20181210133000
lead, ng/m3, Revision date=20181210133000
numflag lead, no unit, Revision date=20181210133000
magnesium, ug/m3, Revision date=20181210133000
numflag magnesium, no unit, Revision date=20181210133000
nickel, ng/m3, Revision date=20181210133000
numflag nickel, no unit, Revision date=20181210133000
nitrate, ug N/m3, Revision date=20181210133000
numflag nitrate, no unit, Revision date=20181210133000
organic_carbon, ug C/m3, Revision date=20181210133000
numflag organic_carbon, no unit, Revision date=20181210133000
organic_mass, ug/m3, Revision date=20181210133000
numflag organic_mass, no unit, Revision date=20181210133000
phosphorus, ng/m3, Revision date=20181210133000
numflag phosphorus, no unit, Revision date=20181210133000
pm10_mass, ug/m3, Version=2, Version description=Data extracted from http://views.cira.colostate.edu/fed/DataWizard 2019-12-16, Sample duration=1d, Orig. time res.=3d, Matrix=pm10, Blank correction=Blank corrected, Volume std. temperature=ambient, Volume std. pressure=ambient
numflag pm10_mass, no unit, Version=2, Version description=Data extracted from http://views.cira.colostate.edu/fed/DataWizard 2019-12-16, Sample duration=1d, Orig. time res.=3d, Matrix=pm10, Blank correction=Blank corrected, Volume std. temperature=ambient, Volume std. pressure=ambient
pm10_pm25_mass, ug/m3, Revision date=20181210133000, Matrix=pm10_pm25
numflag pm10_pm25_mass, no unit, Revision date=20181210133000, Matrix=pm10_pm25
pm25_mass, ug/m3, Version=2, Version description=Data extracted from http://views.cira.colostate.edu/fed/DataWizard 2019-12-16, Sample duration=1d, Orig. time res.=3d, Blank correction=Blank corrected, Volume std. temperature=ambient, Volume std. pressure=ambient
numflag pm25_mass, no unit, Version=2, Version description=Data extracted from http://views.cira.colostate.edu/fed/DataWizard 2019-12-16, Sample duration=1d, Orig. time res.=3d, Blank correction=Blank corrected, Volume std. temperature=ambient, Volume std. pressure=ambient
potassium, ug/m3, Revision date=20181210133000
numflag potassium, no unit, Revision date=20181210133000
sulphate_total, ug S/m3, Revision date=20181210133000
numflag sulphate_total, no unit, Revision date=20181210133000
0
25
Data definition:              EBAS_1.1
Set type code:                TU
Timezone:                     UTC
File name:                    US4999R.20020102080000.20191216000000.filterpack..pm25.52w.1w.US03L_filterpack_US4999.US03L_IMPROVE_Davis.lev2.nas
File creation:                20191218120502
Startdate:                    20020102080000
Revision date:                20191216000000
Statistics:                   arithmetic mean
Data level:                   2
Period code:                  52w
Resolution code:              1w
Station code:                 US4999R
Platform code:                US4999S
Station name:                 Mount Rainier National Park-Tahoma Woods (WA99)
Station latitude:             46.7582
Station longitude:            -122.1243
Station altitude:             424.0 m
Regime:                       IMG
Component:                    
Matrix:                       pm25
Laboratory code:              US03L
Instrument type:              filterpack
Instrument name:              filterpack_US4999
Method ref:                   US03L_IMPROVE_Davis
starttime endtime Fe flag_Fe Pb flag_Pb Mg++ flag_Mg++ Ni flag_Ni NO3- flag_NO3- OC flag_OC OM flag_OM P flag_P PM10 flag_PM10 PM10-PM2.5 flag_PM10-PM2.5 PM2.5 flag_PM2.5 K+ flag_K+ SO4-- flag_SO4--
  1.333333   2.333333    1.11 0.000  0.20 0.000000 9.999 0.259000 99.99 0.259000 0.010 0.000  0.193 0.000  0.270 0.000 999.99 0.259000   2.589 0.000  1.416 0.000   1.173 0.000 0.008 0.000 0.034 0.000
  4.333333   5.333333    0.84 0.000 99.99 0.259000 9.999 0.259000 99.99 0.259000 0.007 0.000  0.415 0.000  0.581 0.000 999.99 0.259000   1.644 0.000  0.807 0.000   0.837 0.000 0.008 0.000 0.016 0.000
  7.333333   8.333333    0.54 0.000  0.28 0.000000 9.999 0.259000 99.99 0.259000 0.010 0.000  0.161 0.000  0.225 0.000 999.99 0.259000   1.197 0.000  0.576 0.000   0.621 0.000 0.007 0.000 0.018 0.000
 10.333333  11.333333    2.64 0.000  0.28 0.000000 9.999 0.259000 99.99 0.259000 0.005 0.000  0.495 0.000  0.693 0.000 999.99 0.259000   2.917 0.000  1.729 0.000   1.189 0.000 0.013 0.000 0.022 0.000
 13.333333  14.333333   10.81 0.000  1.94 0.000000 9.999 0.259000  0.22 0.000000 0.178 0.559  1.387 0.000  1.942 0.000 999.99 0.259000   6.986 0.000  1.536 0.000   5.450 0.000 0.034 0.000 0.341 0.559
 16.333333  17.333333    5.13 0.559  0.85 0.559000 9.999 0.559259  0.08 0.559000 0.059 0.000  1.068 0.000  1.495 0.000 999.99 0.559259   3.803 0.000  0.232 0.000   3.571 0.559 0.020 0.559 0.328 0.000
 19.333333  20.333333    0.97 0.000  0.17 0.000000 9.999 0.259000 99.99 0.259000 0.006 0.000  0.193 0.000  0.271 0.000 999.99 0.259000   0.744 0.000  0.246 0.000   0.498 0.000 0.008 0.000 0.013 0.000
 22.333333  23.333333    1.09 0.000  0.31 0.000000 9.999 0.259000 99.99 0.259000 0.008 0.000  0.100 0.000  0.140 0.000 999.99 0.259000   0.909 0.000  0.227 0.000   0.682 0.000 0.006 0.000 0.035 0.000
 25.333333  26.333333    0.19 0.000  0.21 0.000000 9.999 0.259000 99.99 0.259000 0.008 0.559  0.017 0.000  0.024 0.000 999.99 0.259000   0.827 0.000  0.416 0.000   0.410 0.000 0.004 0.000 0.018 0.559
 28.333333  29.333333    1.43 0.000  0.38 0.000000 9.999 0.259000 99.99 0.259000 0.013 0.000  0.411 0.000  0.576 0.000 999.99 0.259000   1.754 0.000  0.262 0.000   1.492 0.000 0.009 0.000 0.098 0.000
 31.333333  32.333333    2.14 0.000  0.22 0.000000 9.999 0.259000 99.99 0.259000 0.015 0.559  0.781 0.000  1.093 0.000 999.99 0.259000   1.943 0.000  0.319 0.000   1.623 0.000 0.011 0.000 0.020 0.559
 34.333333  35.333333    2.19 0.000 99.99 0.259000 9.999 0.259000 99.99 0.259000 0.007 0.000  0.350 0.000  0.490 0.000 999.99 0.259000   1.529 0.000  0.463 0.000   1.066 0.000 0.005 0.000 0.063 0.000
 37.333333  38.333333    0.69 0.394 99.99 0.394259 9.999 0.394259 99.99 0.394259 0.008 0.394  0.026 0.000  0.036 0.000 999.99 0.394259   0.498 0.000  0.127 0.000   0.370 0.000 0.004 0.394 0.019 0.394
 40.333333  41.333333    6.39 0.000  0.18 0.000000 9.999 0.259000 99.99 0.259000 0.007 0.000  0.068 0.000  0.095 0.000 999.99 0.259000   1.365 0.000  0.678 0.000   0.686 0.000 0.008 0.000 0.036 0.000
 43.333333  44.333333   16.10 0.000  1.09 0.000000 9.999 0.259000 99.99 0.259000 0.053 0.559  1.148 0.000  1.607 0.000 999.99 0.259000   5.415 0.000  1.465 0.000   3.950 0.000 0.025 0.000 0.274 0.559
 46.333333  47.333333   12.05 0.000  2.22 0.000000 9.999 0.259000 99.99 0.259000 0.026 0.559  1.439 0.000  2.014 0.000 999.99 0.259000   3.534 0.000  0.156 0.000   3.378 0.000 0.023 0.000 0.119 0.559
 49.333333  50.333333    3.40 0.000 99.99 0.259000 9.999 0.259000 99.99 0.259000 0.011 0.559  0.084 0.000  0.117 0.000 999.99 0.259000   4.553 0.000  3.937 0.000   0.616 0.000 0.006 0.000 0.088 0.559
 52.333333  53.333333    3.89 0.000  0.27 0.000000 9.999 0.259000 99.99 0.259000 0.014 0.000  0.222 0.000  0.311 0.000 999.99 0.259000   2.424 0.000  1.598 0.000   0.826 0.000 0.011 0.000 0.084 0.000
 55.333333  56.333333    6.10 0.000  1.34 0.000000 9.999 0.259000 99.99 0.259000 0.014 0.559  0.451 0.000  0.631 0.000 999.99 0.259000   2.563 0.000  0.737 0.000   1.826 0.000 0.017 0.000 0.148 0.559
 58.333333  59.333333   11.99 0.000  1.19 0.000000 9.999 0.259000 99.99 0.259000 0.097 0.559  1.042 0.000  1.458 0.000 999.99 0.259000   5.250 0.000  1.730 0.000   3.520 0.000 0.021 0.000 0.239 0.559
 61.333333  62.333333   23.55 0.000  2.57 0.000000 0.037 0.000000  0.28 0.000000 0.024 0.559  2.905 0.000  4.068 0.000 999.99 0.259000   7.854 0.000  1.709 0.000   6.144 0.000 0.055 0.000 0.137 0.559
 64.333333  65.333333   15.04 0.000  1.11 0.000000 9.999 0.259000  0.21 0.000000 0.109 0.000  0.826 0.000  1.156 0.000 999.99 0.259000   4.242 0.000  0.945 0.000   3.296 0.000 0.019 0.000 0.196 0.000
 67.333333  68.333333    8.42 0.000  0.37 0.000000 9.999 0.259000  0.13 0.000000 0.008 0.000  0.058 0.000  0.081 0.000   7.56 0.000000   1.315 0.000  0.557 0.000   0.758 0.000 0.010 0.000 0.080 0.000
 70.333333  71.333333 9999.99 0.456 99.99 0.456000 9.999 0.456000 99.99 0.456000 9.999 0.456 99.999 0.999 99.999 0.999 999.99 0.456000 999.999 0.456 99.999 0.999 999.999 0.456 9.999 0.456 9.999 0.456
 73.333333  74.333333 9999.99 0.456 99.99 0.456000 9.999 0.456000 99.99 0.456000 9.999 0.456 99.999 0.999 99.999 0.999 999.99 0.456000 999.999 0.456 99.999 0.999 999.999 0.456 9.999 0.456 9.999 0.456
 76.333333  77.333333 9999.99 0.456 99.99 0.456000 9.999 0.456000 99.99 0.456000 9.999 0.456 99.999 0.999 99.999 0.999 999.99 0.456000 999.999 0.456 99.999 0.999 999.999 0.456 9.999 0.456 9.999 0.456
 79.333333  80.333333 9999.99 0.456 99.99 0.456000 9.999 0.456000 99.99 0.456000 9.999 0.456 99.999 0.999 99.999 0.999 999.99 0.456000 999.999 0.456 99.999 0.999 999.999 0.456 9.999 0.456 9.999 0.456
 82.333333  83.333333 9999.99 0.456 99.99 0.456000 9.999 0.456000 99.99 0.456000 9.999 0.456 99.999 0.999 99.999 0.999 999.99 0.456000 999.999 0.456 99.999 0.999 999.999 0.456 9.999 0.456 9.999 0.456
 85.333333  86.333333 9999.99 0.456 99.99 0.456000 9.999 0.456000 99.99 0.456000 9.999 0.456 99.999 0.999 99.999 0.999 999.99 0.456000 999.999 0.456 99.999 0.999 999.999 0.456 9.999 0.456 9.999 0.456
 88.333333  89.333333 9999.99 0.456 99.99 0.456000 9.999 0.456000 99.99 0.456000 9.999 0.456 99.999 0.999 99.999 0.999 999.99 0.456000 999.999 0.456 99.999 0.999 999.999 0.456 9.999 0.456 9.999 0.456
 91.333333  92.333333 9999.99 0.456 99.99 0.456000 9.999 0.456000 99.99 0.456000 9.999 0.456 99.999 0.999 99.999 0.999 999.99 0.456000 999.999 0.456 99.999 0.999 999.999 0.456 9.999 0.456 9.999 0.456
 94.333333  95.333333   30.00 0.000  1.32 0.000000 9.999 0.259000  0.18 0.000000 0.034 0.000  0.936 0.000  1.310 0.000 999.99 0.259000   5.095 0.000  1.732 0.000   3.363 0.000 0.029 0.000 0.195 0.000
 97.333333  98.333333   20.67 0.000  1.45 0.000000 9.999 0.259000 99.99 0.259000 0.029 0.000  0.794 0.000  1.111 0.000 999.99 0.259000   5.311 0.000  2.021 0.000   3.289 0.000 0.027 0.000 0.257 0.000
100.333333 101.333333    4.70 0.000  0.27 0.000000 9.999 0.259000  0.10 0.000000 0.004 0.000  0.135 0.000  0.189 0.000 999.99 0.259000   1.808 0.000  1.250 0.000   0.558 0.000 0.007 0.000 0.023 0.000
103.333333 104.333333    4.47 0.000  0.23 0.000000 9.999 0.259000  0.08 0.000000 0.009 0.000 99.999 0.259 99.999 0.259 999.99 0.259000   2.630 0.000  1.142 0.000   1.488 0.000 0.013 0.000 0.061 0.000
106.333333 107.333333    3.39 0.000 99.99 0.259000 9.999 0.259000  0.11 0.000000 0.010 0.000  0.149 0.000  0.209 0.000 999.99 0.259000   1.315 0.000  0.393 0.000   0.922 0.000 0.006 0.000 0.073 0.000
109.333333 110.333333  124.04 0.000  1.68 0.000000 9.999 0.259000  0.20 0.000000 0.144 0.559  1.443 0.000  2.020 0.000 999.99 0.259000  13.314 0.000  4.752 0.000   8.562 0.000 0.096 0.000 0.655 0.559
112.333333 113.333333   10.72 0.000  0.38 0.000000 9.999 0.259000 99.99 0.259000 0.055 0.559  0.239 0.000  0.335 0.000 999.99 0.259000   4.817 0.000  2.415 0.000   2.402 0.000 0.021 0.000 0.134 0.559
115.333333 116.333333   29.82 0.000  1.19 0.000000 9.999 0.259000 99.99 0.259000 0.048 0.000  0.416 0.000  0.583 0.000 999.99 0.259000   5.342 0.000  2.208 0.000   3.134 0.000 0.041 0.000 0.301 0.000
118.333333 119.333333   47.31 0.000  2.42 0.000000 9.999 0.259000  0.31 0.000000 0.057 0.000  1.583 0.000  2.217 0.000 999.99 0.259000   8.374 0.000  2.530 0.000   5.845 0.000 0.040 0.000 0.378 0.000
121.333333 122.333333   18.22 0.000  0.83 0.000000 9.999 0.259000 99.99 0.259000 0.023 0.559  0.358 0.000  0.501 0.000 999.99 0.259000   3.164 0.000  0.747 0.000   2.417 0.000 0.024 0.000 0.219 0.559
124.333333 125.333333    7.59 0.000  0.22 0.000000 9.999 0.259000 99.99 0.259000 0.015 0.559  0.191 0.000  0.267 0.000 999.99 0.259000   2.753 0.000  1.224 0.000   1.530 0.000 0.012 0.000 0.121 0.559
127.333333 128.333333    9.10 0.000  0.60 0.000000 9.999 0.259000  0.10 0.000000 0.049 0.559  0.442 0.000  0.619 0.000 999.99 0.259000   4.453 0.000  1.675 0.000   2.778 0.000 0.018 0.000 0.252 0.559
130.333333 131.333333   25.84 0.000  1.98 0.000000 9.999 0.259000  0.48 0.000000 0.076 0.559  1.640 0.000  2.297 0.000 999.99 0.259000   8.424 0.000  2.332 0.000   6.092 0.000 0.031 0.000 0.465 0.559
133.333333 134.333333   11.27 0.000  0.58 0.000000 9.999 0.259000 99.99 0.259000 0.037 0.559  0.367 0.000  0.514 0.000 999.99 0.259000   3.179 0.000  1.239 0.000   1.939 0.000 0.020 0.000 0.128 0.559
136.333333 137.333333   10.81 0.000  1.69 0.000000 9.999 0.259000  0.15 0.000000 0.093 0.559  0.698 0.000  0.977 0.000 999.99 0.259000   4.820 0.000  2.061 0.000   2.759 0.000 0.023 0.000 0.153 0.559
139.333333 140.333333    4.83 0.000  0.63 0.000000 9.999 0.259000 99.99 0.259000 0.009 0.559  0.387 0.000  0.542 0.000 999.99 0.259000   2.206 0.000  0.932 0.000   1.274 0.000 0.014 0.000 0.080 0.559
142.333333 143.333333    6.22 0.000  0.46 0.000000 9.999 0.259000  0.16 0.000000 0.025 0.559  0.500 0.000  0.699 0.000 999.99 0.259000   4.044 0.000  1.791 0.000   2.253 0.000 0.015 0.000 0.197 0.559
145.333333 146.333333   12.42 0.000  1.42 0.000000 9.999 0.259000  0.14 0.000000 0.015 0.559  1.442 0.000  2.019 0.000 999.99 0.259000   5.474 0.000  1.819 0.000   3.655 0.000 0.037 0.000 0.176 0.559
148.333333 149.333333    2.75 0.000  0.43 0.000000 9.999 0.259000  0.11 0.000000 0.033 0.559  0.425 0.000  0.595 0.000 999.99 0.259000   3.736 0.000  2.084 0.000   1.652 0.000 0.016 0.000 0.118 0.559
151.333333 152.333333   16.92 0.559  1.15 0.559000 9.999 0.559259  0.36 0.559000 0.110 0.000  1.040 0.000  1.456 0.000 999.99 0.559259   7.026 0.000  2.788 0.000   4.238 0.559 0.027 0.559 0.293 0.000
154.333333 155.333333   11.14 0.000  1.16 0.000000 9.999 0.259000 99.99 0.259000 0.014 0.559  0.471 0.000  0.660 0.000 999.99 0.259000   3.488 0.000  1.687 0.000   1.802 0.000 0.015 0.000 0.110 0.559
157.333333 158.333333    4.69 0.000  0.39 0.000000 9.999 0.259000 99.99 0.259000 0.032 0.559  0.147 0.000  0.206 0.000 999.99 0.259000   4.109 0.000  2.599 0.000   1.510 0.000 0.018 0.000 0.145 0.559
160.333333 161.333333   14.00 0.000  0.72 0.000000 9.999 0.259000  0.23 0.000000 0.109 0.559  1.222 0.000  1.711 0.000 999.99 0.259000   7.966 0.000  3.211 0.000   4.755 0.000 0.031 0.000 0.306 0.559
163.333333 164.333333   33.46 0.000  1.13 0.000000 9.999 0.259000  0.23 0.000000 0.030 0.559  2.894 0.000  4.051 0.000 999.99 0.259000  11.127 0.000  3.683 0.000   7.445 0.000 0.029 0.000 0.271 0.559
166.333333 167.333333   35.53 0.000  1.57 0.000000 9.999 0.259000  0.14 0.000000 0.052 0.000  1.179 0.000  1.650 0.000 999.99 0.259000   7.639 0.000  2.501 0.000   5.138 0.000 0.039 0.000 0.388 0.000
169.333333 170.333333   12.03 0.559  0.77 0.559000 9.999 0.559259  0.20 0.559000 0.022 0.559  0.549 0.000  0.768 0.000 999.99 0.559259   4.534 0.000  1.511 0.000   3.024 0.559 0.013 0.559 0.294 0.559
172.333333 173.333333   28.93 0.000  1.11 0.000000 9.999 0.259000  0.31 0.000000 0.057 0.559  2.022 0.000  2.831 0.000 999.99 0.259000   9.436 0.000  3.173 0.000   6.263 0.000 0.034 0.000 0.317 0.559
175.333333 176.333333   65.11 0.000  1.90 0.000000 9.999 0.259000  0.26 0.000000 0.039 0.559  2.098 0.000  2.937 0.000 999.99 0.259000  10.957 0.000  4.262 0.000   6.696 0.000 0.039 0.000 0.332 0.559
178.333333 179.333333    2.01 0.000  0.26 0.000000 9.999 0.259000 99.99 0.259000 0.006 0.559  0.249 0.000  0.349 0.000 999.99 0.259000   2.614 0.000  1.914 0.000   0.701 0.000 0.013 0.000 0.040 0.559
181.333333 182.333333    5.38 0.000  0.37 0.000000 9.999 0.259000 99.99 0.259000 0.028 0.559  0.424 0.000  0.594 0.000 999.99 0.259000   4.616 0.000  2.425 0.000   2.191 0.000 0.018 0.000 0.201 0.559
184.333333 185.333333    3.61 0.559  0.39 0.559000 9.999 0.559259  0.13 0.559000 0.014 0.559  0.254 0.000  0.356 0.000 999.99 0.559259   2.876 0.000  1.107 0.000   1.769 0.559 0.022 0.559 0.155 0.559
187.333333 188.333333   21.46 0.559  3.59 0.559000 9.999 0.559259  0.36 0.559000 0.033 0.559  2.888 0.000  4.043 0.000 999.99 0.559259  10.108 0.000  2.001 0.000   8.107 0.559 0.095 0.559 0.354 0.559
190.333333 191.333333   34.88 0.000  0.98 0.000000 0.028 0.000000  0.21 0.000000 0.021 0.559  2.034 0.000  2.847 0.000 999.99 0.259000   9.543 0.000  3.879 0.000   5.664 0.000 0.030 0.000 0.205 0.559
193.333333 194.333333   55.33 0.559  2.26 0.559000 0.054 0.559000  0.73 0.559000 0.134 0.000  2.900 0.000  4.060 0.000 999.99 0.559259  13.361 0.000  3.795 0.000   9.566 0.559 0.043 0.559 0.531 0.000
196.333333 197.333333 9999.99 0.456 99.99 0.456000 9.999 0.456000 99.99 0.456000 0.059 0.000  1.350 0.000  1.890 0.000 999.99 0.456000 999.999 0.456 99.999 0.999 999.999 0.456 9.999 0.456 0.289 0.000
199.333333 200.333333   52.81 0.000  0.31 0.000000 9.999 0.259000 99.99 0.259000 0.012 0.000  0.318 0.000  0.446 0.000 999.99 0.259000   3.176 0.000  0.299 0.000   2.877 0.000 0.021 0.000 0.210 0.000
202.333333 203.333333  162.61 0.000  1.19 0.000000 9.999 0.259000  0.31 0.000000 0.052 0.000  3.885 0.000  5.439 0.000 999.99 0.259000  14.988 0.000  4.892 0.000  10.096 0.000 0.061 0.000 0.427 0.000
205.333333 206.333333   36.00 0.000  0.87 0.000000 9.999 0.259000  1.17 0.000000 0.079 0.000  1.999 0.000  2.798 0.000 999.99 0.259000  10.932 0.000  3.112 0.000   7.820 0.000 0.056 0.000 0.578 0.000
208.333333 209.333333   10.45 0.000  0.85 0.000000 9.999 0.259000  0.20 0.000000 0.043 0.559  1.000 0.000  1.400 0.000 999.99 0.259000   5.547 0.000  1.504 0.000   4.043 0.000 0.019 0.000 0.308 0.559
211.333333 212.333333   27.68 0.000  0.55 0.000000 9.999 0.259000  0.19 0.000000 0.053 0.559  0.753 0.000  1.054 0.000 999.99 0.259000   6.944 0.000  3.537 0.000   3.408 0.000 0.019 0.000 0.293 0.559
214.333333 215.333333   19.25 0.000  1.07 0.000000 9.999 0.259000  0.51 0.000000 0.061 0.559  1.091 0.000  1.528 0.000 999.99 0.259000   8.060 0.000  3.114 0.000   4.947 0.000 0.019 0.000 0.462 0.559
217.333333 218.333333    5.25 0.000  0.41 0.000000 9.999 0.259000  0.07 0.000000 0.026 0.559  0.498 0.000  0.697 0.000 999.99 0.259000   4.152 0.000  1.314 0.000   2.838 0.000 0.011 0.000 0.257 0.559
220.333333 221.333333   30.14 0.000  1.49 0.000000 9.999 0.259000  0.47 0.000000 0.031 0.559  2.054 0.000  2.876 0.000 999.99 0.259000   8.506 0.000  3.083 0.000   5.422 0.000 0.019 0.000 0.297 0.559
223.333333 224.333333   35.81 0.000  1.49 0.000000 9.999 0.259000  0.68 0.000000 0.052 0.559  2.429 0.000  3.401 0.000 999.99 0.259000  11.887 0.000  4.912 0.000   6.976 0.000 0.022 0.000 0.386 0.559
226.333333 227.333333   63.01 0.559  1.08 0.559000 0.021 0.559000  0.29 0.559000 0.186 0.559  2.902 0.000  4.062 0.000 999.99 0.559259  14.502 0.000  5.423 0.000   9.079 0.559 0.048 0.559 0.381 0.559
229.333333 230.333333   15.81 0.000  0.84 0.000000 9.999 0.259000  0.17 0.000000 0.077 0.559  1.738 0.000  2.433 0.000 999.99 0.259000   7.766 0.000  2.949 0.000   4.817 0.000 0.025 0.000 0.251 0.559
232.333333 233.333333   13.46 0.000  0.32 0.000000 9.999 0.259000  0.17 0.000000 0.048 0.559  1.136 0.000  1.591 0.000 999.99 0.259000   7.771 0.000  2.741 0.000   5.030 0.000 0.022 0.000 0.516 0.559
235.333333 236.333333   59.11 0.559  1.64 0.559000 9.999 0.559259  0.67 0.559000 0.047 0.559  2.212 0.000  3.098 0.000 999.99 0.559259  11.356 0.000  3.899 0.000   7.458 0.559 0.038 0.559 0.462 0.559
238.333333 239.333333   27.88 0.000  1.53 0.000000 9.999 0.259000  0.26 0.000000 0.025 0.559  1.471 0.000  2.059 0.000 999.99 0.259000   8.595 0.000  2.916 0.000   5.679 0.000 0.031 0.000 0.424 0.559
