scripts/IMPROVE-2019_partial/data/US4999R.19940101080000.20191216000000.filterpack...1y.3d.US03L_filterpack_US4999.US03L_IMPROVE_Davis.lev2.nas
51 1001
MISSING INFORMATION
US03L, IMPROVE, , , , , , , 
MISSING INFORMATION
IMPROVE sel_HTAP
1 1
1994 01 01 2019 12 16
0
days from file reference point
4
1 1 1 1
999.999999 999.999 999.999 9.999
end_time of measurement, days from the file reference point
pm10_mass, ug/m3, Matrix=pm10
pm25_mass, ug/m3, Matrix=pm25
numflag, no unit
0
33
Data definition:              EBAS_1.1
Set type code:                TI
Timezone:                     UTC
File name:                    US4999R.19940101080000.20191216000000.filterpack...1y.3d.US03L_filterpack_US4999.US03L_IMPROVE_Davis.lev2.nas
File creation:                20191218120501
Startdate:                    19940101080000
Revision date:                20191216000000
Version:                      2
Version description:          "Data extracted from http://views.cira.colostate.edu/fed/DataWizard 2019-12-16"
Statistics:                   arithmetic mean
Data level:                   2
Period code:                  1y
Resolution code:              3d
Sample duration:              1d
Orig. time res.:              3d
Station code:                 US4999R
Platform code:                US4999S
Station name:                 Mount Rainier National Park-Tahoma Woods (WA99)
Station latitude:             46.7582
Station longitude:            -122.1243
Station altitude:             424.0 m
Regime:                       IMG
Component:                    
Unit:                         ug/m3
Matrix:                       
Laboratory code:              US03L
Instrument type:              filterpack
Instrument name:              filterpack_US4999
Method ref:                   US03L_IMPROVE_Davis
Blank correction:             Blank corrected
Volume std. temperature:      ambient
Volume std. pressure:         ambient
starttime endtime PM10 PM2.5 flag
  0.333333   1.333333   3.220   2.586 0.000
  4.333333   5.333333   3.443   1.818 0.000
  7.333333   8.333333   2.259   0.972 0.000
 11.333333  12.333333   6.245   1.720 0.000
 14.333333  15.333333   9.038   3.987 0.000
 18.333333  19.333333   9.325   8.282 0.000
 21.333333  22.333333   2.803   1.380 0.000
 25.333333  26.333333  11.120   5.399 0.000
 28.333333  29.333333   9.713   7.309 0.000
 32.333333  33.333333   9.416   8.071 0.000
 35.333333  36.333333  11.224   8.810 0.000
 39.333333  40.333333   6.040   2.799 0.000
 42.333333  43.333333   4.218   1.895 0.000
 46.333333  47.333333   3.333   1.635 0.000
 49.333333  50.333333   3.291   1.604 0.000
 53.333333  54.333333   2.227   2.048 0.000
 56.333333  57.333333   1.304   1.200 0.000
 60.333333  61.333333   9.524   1.944 0.000
 63.333333  64.333333   7.822   3.950 0.000
 67.333333  68.333333  12.327   6.522 0.000
 70.333333  71.333333   5.537   4.188 0.000
 74.333333  75.333333   5.021   1.398 0.000
 77.333333  78.333333   4.385 999.999 0.000
 81.333333  82.333333   5.492   1.728 0.000
 84.333333  85.333333  10.000   9.224 0.000
 88.333333  89.333333  15.156  11.019 0.000
 91.333333  92.333333  10.598   7.840 0.000
 95.333333  96.333333   6.301   1.207 0.000
 98.333333  99.333333   4.730   1.053 0.000
102.333333 103.333333   9.033   2.500 0.000
105.333333 106.333333  13.580  10.348 0.000
109.333333 110.333333  16.038   9.663 0.000
112.333333 113.333333  11.569 999.999 0.000
116.333333 117.333333  13.711  10.092 0.000
119.333333 120.333333  10.195   4.495 0.000
123.333333 124.333333   7.594   2.030 0.000
126.333333 127.333333  10.949   7.577 0.000
130.333333 131.333333  15.433   7.315 0.000
133.333333 134.333333  16.414   7.099 0.000
137.333333 138.333333  10.369   6.807 0.000
140.333333 141.333333   8.097   5.775 0.000
144.333333 145.333333  11.818   6.123 0.000
147.333333 148.333333   4.221   3.364 0.000
151.333333 152.333333   5.730   4.985 0.000
154.333333 155.333333   6.095   4.343 0.000
158.333333 159.333333   6.284   3.659 0.000
161.333333 162.333333  12.226  11.745 0.000
165.333333 166.333333   8.258   2.703 0.000
168.333333 169.333333   8.718   2.115 0.000
172.333333 173.333333  16.316   9.885 0.000
175.333333 176.333333   8.790   6.715 0.000
179.333333 180.333333   9.573   7.423 0.000
182.333333 183.333333   5.054   2.515 0.000
186.333333 187.333333  16.111  10.629 0.000
189.333333 190.333333  10.521   7.814 0.000
193.333333 194.333333  17.456   9.794 0.000
196.333333 197.333333  15.458  12.269 0.000
200.333333 201.333333  18.007   9.732 0.000
203.333333 204.333333  23.732  13.780 0.000
207.333333 208.333333  17.423  10.209 0.000
210.333333 211.333333   7.560   5.526 0.000
214.333333 215.333333  14.375  12.446 0.000
217.333333 218.333333   8.345   4.130 0.000
221.333333 222.333333  10.217   7.253 0.000
224.333333 225.333333  18.351  12.377 0.000
228.333333 229.333333   8.092   5.076 0.000
231.333333 232.333333   4.875   3.435 0.000
235.333333 236.333333  10.392   6.897 0.000
238.333333 239.333333   9.723   6.246 0.000
242.333333 243.333333 999.999 999.999 0.999
245.333333 246.333333   3.962   2.205 0.000
249.333333 250.333333 999.999 999.999 0.999
252.333333 253.333333   5.352   2.630 0.000
256.333333 257.333333  14.669  11.731 0.000
259.333333 260.333333   9.037   3.790 0.000
263.333333 264.333333  22.778   9.172 0.000
266.333333 267.333333  23.973  17.739 0.000
270.333333 271.333333  20.210  10.160 0.000
273.333333 274.333333  32.128   4.167 0.000
277.333333 278.333333   5.282   3.487 0.000
280.333333 281.333333  10.530   7.993 0.000
284.333333 285.333333  10.878   8.295 0.000
287.333333 288.333333   7.510   6.787 0.000
291.333333 292.333333  10.410   8.581 0.000
294.333333 295.333333   6.231   4.197 0.000
298.333333 299.333333   2.383   1.205 0.000
301.333333 302.333333 999.999 999.999 0.999
305.333333 306.333333   9.537   3.856 0.000
308.333333 309.333333   6.531   4.641 0.000
312.333333 313.333333   7.164   1.759 0.000
315.333333 316.333333   9.551   2.476 0.000
319.333333 320.333333   4.470   3.156 0.000
322.333333 323.333333   6.179   5.382 0.000
326.333333 327.333333   2.667   2.434 0.000
329.333333 330.333333   3.117   2.270 0.000
333.333333 334.333333   1.845   1.007 0.000
336.333333 337.333333   4.297 999.999 0.000
340.333333 341.333333   5.502   2.886 0.000
343.333333 344.333333   5.270   2.682 0.000
347.333333 348.333333   4.938   1.151 0.000
350.333333 351.333333   2.980   0.847 0.000
354.333333 355.333333   5.285   1.266 0.000
357.333333 358.333333   8.494   2.533 0.000
361.333333 362.333333   5.654   3.508 0.000
364.333333 365.333333   1.815   1.180 0.000
