scripts/IMPROVE-2019_partial/data/US5501R.20010101040000.20191216000000.filterpack..pm25.52w.1w.US03L_filterpack_US5501.US03L_IMPROVE_Davis.lev2.nas
62 1001
MISSING INFORMATION
US03L, IMPROVE, , , , , , , 
MISSING INFORMATION
IMPROVE sel_HTAP
1 1
2001 01 01 2019 12 16
3.000000
days from file reference point
23
1 1 1 1 1 1 1 1 1 1 1 1 1 1 1 1 1 1 1 1 1 1 1
999.999999 99999.99 9.999999 99.99 9.999999 99.99 9.999999999 9.999 9.999999 9.999 9.999 99.999 9.999 999.999 9.999 999.999 9.999 999.999 9.999 9.999 9.999999 99.999 9.999999
end_time of measurement, days from the file reference point
iron, ng/m3, Revision date=20181210133000
numflag iron, no unit, Revision date=20181210133000
lead, ng/m3, Revision date=20181210133000
numflag lead, no unit, Revision date=20181210133000
nickel, ng/m3, Revision date=20181210133000
numflag nickel, no unit, Revision date=20181210133000
nitrate, ug N/m3, Revision date=20181210133000
numflag nitrate, no unit, Revision date=20181210133000
organic_carbon, ug C/m3, Revision date=20181210133000
numflag organic_carbon, no unit, Revision date=20181210133000
organic_mass, ug/m3, Revision date=20181210133000
numflag organic_mass, no unit, Revision date=20181210133000
pm10_mass, ug/m3, Version=2, Version description=Data extracted from http://views.cira.colostate.edu/fed/DataWizard 2019-12-16, Sample duration=1d, Orig. time res.=3d, Matrix=pm10, Blank correction=Blank corrected, Volume std. temperature=ambient, Volume std. pressure=ambient
numflag pm10_mass, no unit, Version=2, Version description=Data extracted from http://views.cira.colostate.edu/fed/DataWizard 2019-12-16, Sample duration=1d, Orig. time res.=3d, Matrix=pm10, Blank correction=Blank corrected, Volume std. temperature=ambient, Volume std. pressure=ambient
pm10_pm25_mass, ug/m3, Revision date=20181210133000, Matrix=pm10_pm25
numflag pm10_pm25_mass, no unit, Revision date=20181210133000, Matrix=pm10_pm25
pm25_mass, ug/m3, Version=2, Version description=Data extracted from http://views.cira.colostate.edu/fed/DataWizard 2019-12-16, Sample duration=1d, Orig. time res.=3d, Blank correction=Blank corrected, Volume std. temperature=ambient, Volume std. pressure=ambient
numflag pm25_mass, no unit, Version=2, Version description=Data extracted from http://views.cira.colostate.edu/fed/DataWizard 2019-12-16, Sample duration=1d, Orig. time res.=3d, Blank correction=Blank corrected, Volume std. temperature=ambient, Volume std. pressure=ambient
potassium, ug/m3, Revision date=20181210133000
numflag potassium, no unit, Revision date=20181210133000
sulphate_total, ug S/m3, Revision date=20181210133000
numflag sulphate_total, no unit, Revision date=20181210133000
0
25
Data definition:              EBAS_1.1
Set type code:                TU
Timezone:                     UTC
File name:                    US5501R.20010101040000.20191216000000.filterpack..pm25.52w.1w.US03L_filterpack_US5501.US03L_IMPROVE_Davis.lev2.nas
File creation:                20191218120508
Startdate:                    20010101040000
Revision date:                20191216000000
Statistics:                   arithmetic mean
Data level:                   2
Period code:                  52w
Resolution code:              1w
Station code:                 US5501R
Platform code:                US5501S
Station name:                 Virgin Islands National Park-Lind Point (VI01)
Station latitude:             18.3362
Station longitude:            -64.7962
Station altitude:             56.0 m
Regime:                       IMG
Component:                    
Matrix:                       pm25
Laboratory code:              US03L
Instrument type:              filterpack
Instrument name:              filterpack_US5501
Method ref:                   US03L_IMPROVE_Davis
starttime endtime Fe flag_Fe Pb flag_Pb Ni flag_Ni NO3- flag_NO3- OC flag_OC OM flag_OM PM10 flag_PM10 PM10-PM2.5 flag_PM10-PM2.5 PM2.5 flag_PM2.5 K+ flag_K+ SO4-- flag_SO4--
[from data line 87]
261.166667 262.166667   573.08 0.000000  1.80 0.000000  0.12 0.000000000 0.049 0.559000 0.374 0.000  0.524 0.000  35.735 0.000  19.220 0.000  16.515 0.000 0.140 0.000000  0.326 0.559000
264.166667 265.166667    15.77 0.559000 99.99 0.559259 99.99 0.559259000 0.013 0.000000 0.292 0.000  0.409 0.000   8.194 0.000   5.860 0.000   2.334 0.559 0.024 0.559000  0.221 0.000000
267.166667 268.166667     8.54 0.000000  0.14 0.000000 99.99 0.259000000 0.011 0.000000 0.098 0.000  0.137 0.000   9.777 0.000   7.378 0.000   2.399 0.000 0.009 0.000000  0.150 0.000000
270.166667 271.166667   186.86 0.000000  1.02 0.000000 99.99 0.259000000 0.023 0.000000 0.264 0.000  0.369 0.000  20.222 0.000  13.608 0.000   6.614 0.000 0.066 0.000000  0.267 0.000000
273.166667 274.166667    97.40 0.394000  0.77 0.394000  0.14 0.394000000 0.023 0.559394 0.184 0.000  0.258 0.000  13.485 0.000   9.124 0.000   4.360 0.000 0.046 0.394000  0.315 0.559394
276.166667 277.166667   449.43 0.000000  0.78 0.000000 99.99 0.259000000 0.115 0.000000 0.258 0.000  0.361 0.000  38.303 0.000  25.547 0.000  12.756 0.000 0.123 0.000000  0.265 0.000000
279.166667 280.166667   221.25 0.559000  0.46 0.559000 99.99 0.559259000 0.027 0.000000 0.224 0.000  0.314 0.000  23.295 0.000  15.387 0.000   7.908 0.559 0.076 0.559000  0.235 0.000000
282.166667 283.166667   331.54 0.559000  0.97 0.559000 99.99 0.559259000 0.070 0.000000 0.332 0.000  0.465 0.000  24.125 0.000  14.160 0.000   9.965 0.559 0.088 0.559000  0.289 0.000000
285.166667 286.166667   148.62 0.559000  0.49 0.559000  0.11 0.559000000 0.024 0.000000 0.191 0.000  0.268 0.000  20.319 0.000  13.208 0.000   7.111 0.559 0.043 0.559000  0.196 0.000000
288.166667 289.166667     2.68 0.000000  0.12 0.000000  0.33 0.000000000 9.999 0.456000 0.116 0.000  0.163 0.000  13.131 0.000   9.799 0.000   3.332 0.000 9.999 0.259000 99.999 0.456000
291.166667 292.166667     7.38 0.559000  0.13 0.559000  0.19 0.559000000 0.019 0.000000 0.206 0.000  0.289 0.000  13.021 0.000  10.299 0.000   2.722 0.559 0.013 0.559000  0.129 0.000000
294.166667 295.166667   478.46 0.559000  0.76 0.559000 99.99 0.559259000 0.040 0.000000 0.226 0.000  0.316 0.000  34.242 0.000  19.560 0.000  14.682 0.559 0.182 0.559000  0.270 0.000000
297.166667 298.166667   569.96 0.000000  1.12 0.000000 99.99 0.259000000 0.026 0.000000 0.340 0.000  0.476 0.000  32.154 0.000  17.784 0.000  14.370 0.000 0.172 0.000000  0.217 0.000000
300.166667 301.166667   187.37 0.000000  0.53 0.000000  0.16 0.000000000 0.026 0.000000 0.263 0.000  0.368 0.000  16.622 0.000   9.134 0.000   7.488 0.000 0.101 0.000000  0.260 0.000000
303.166667 304.166667   314.20 0.000000  1.09 0.000000 99.99 0.259000000 0.039 0.000000 0.374 0.000  0.524 0.000  28.501 0.000  17.761 0.000  10.740 0.000 0.231 0.000000  0.422 0.000000
306.166667 307.166667   101.65 0.000000  0.86 0.000000 99.99 0.259000000 0.023 0.000000 0.263 0.000  0.368 0.000  11.968 0.000   7.390 0.000   4.578 0.000 0.078 0.000000  0.217 0.000000
309.166667 310.166667    78.48 0.559394  0.56 0.559394 99.99 0.559394259 0.027 0.394000 0.317 0.000  0.444 0.000  16.964 0.000  11.329 0.000   5.635 0.559 0.064 0.559394  0.247 0.394000
312.166667 313.166667     3.42 0.000000  0.59 0.000000  0.20 0.000000000 0.026 0.000000 0.115 0.000  0.162 0.000  21.557 0.000  16.548 0.000   5.009 0.000 0.024 0.000000  0.377 0.000000
315.166667 316.166667     2.92 0.559000  0.12 0.559000 99.99 0.559259000 0.017 0.559000 0.043 0.000  0.061 0.000  11.537 0.000   8.992 0.000   2.545 0.559 0.013 0.559000  0.222 0.559000
318.166667 319.166667     3.70 0.559000  1.79 0.559000  0.83 0.559000000 0.129 0.000000 0.183 0.000  0.256 0.000   8.653 0.000   6.046 0.000   2.608 0.559 0.023 0.559000  0.335 0.000000
321.166667 322.166667     3.62 0.559000  0.63 0.559000  1.54 0.559000000 0.027 0.000000 0.288 0.000  0.403 0.000   8.488 0.000   3.971 0.000   4.517 0.559 0.021 0.559000  0.817 0.000000
324.166667 325.166667     6.81 0.000000  0.44 0.000000  6.65 0.000000000 0.094 0.000000 0.331 0.000  0.463 0.000  16.204 0.000   8.597 0.000   7.607 0.000 0.031 0.000000  1.208 0.000000
327.166667 328.166667     0.64 0.559000 99.99 0.559259  0.05 0.559000000 0.012 0.559000 0.073 0.000  0.102 0.000   7.240 0.000   5.790 0.000   1.450 0.559 9.999 0.559259  0.109 0.559000
330.166667 331.166667     1.73 0.000000  0.10 0.000000 99.99 0.259000000 0.009 0.000000 0.153 0.000  0.214 0.000   9.743 0.000   7.338 0.000   2.404 0.000 9.999 0.259000  0.058 0.000000
333.166667 334.166667     4.14 0.000000 99.99 0.259000  0.59 0.000000000 0.044 0.000000 0.280 0.000  0.392 0.000  13.271 0.000   9.587 0.000   3.684 0.000 0.018 0.000000  0.208 0.000000
336.166667 337.166667    59.07 0.000000  0.32 0.000000 99.99 0.259000000 0.015 0.000000 0.118 0.000  0.165 0.000  12.707 0.000   8.057 0.000   4.650 0.000 0.051 0.000000  0.091 0.000000
339.166667 340.166667 99999.99 0.999000 99.99 0.999000 99.99 0.999000000 9.999 0.999000 9.999 0.999 99.999 0.999 999.999 0.999 999.999 0.999 999.999 0.999 9.999 0.999000 99.999 0.999000
342.166667 343.166667 99999.99 0.999000 99.99 0.999000 99.99 0.999000000 9.999 0.999000 9.999 0.999 99.999 0.999 999.999 0.999 999.999 0.999 999.999 0.999 9.999 0.999000 99.999 0.999000
345.166667 346.166667 99999.99 0.999000 99.99 0.999000 99.99 0.999000000 9.999 0.999000 9.999 0.999 99.999 0.999 999.999 0.999 999.999 0.999 999.999 0.999 9.999 0.999000 99.999 0.999000
348.166667 349.166667 99999.99 0.999000 99.99 0.999000 99.99 0.999000000 9.999 0.999000 9.999 0.999 99.999 0.999 999.999 0.999 999.999 0.999 999.999 0.999 9.999 0.999000 99.999 0.999000
351.166667 352.166667 99999.99 0.999000 99.99 0.999000 99.99 0.999000000 9.999 0.999000 9.999 0.999 99.999 0.999 999.999 0.999 999.999 0.999 999.999 0.999 9.999 0.999000 99.999 0.999000
354.166667 355.166667 99999.99 0.456000 99.99 0.456000 99.99 0.456000000 9.999 0.456000 9.999 0.999 99.999 0.999 999.999 0.456 999.999 0.999 999.999 0.456 9.999 0.456000 99.999 0.456000
357.166667 358.166667 99999.99 0.456000 99.99 0.456000 99.99 0.456000000 9.999 0.456000 9.999 0.999 99.999 0.999 999.999 0.456 999.999 0.999 999.999 0.456 9.999 0.456000 99.999 0.456000
360.166667 361.166667 99999.99 0.999000 99.99 0.999000 99.99 0.999000000 9.999 0.999000 9.999 0.999 99.999 0.999 999.999 0.999 999.999 0.999 999.999 0.999 9.999 0.999000 99.999 0.999000
363.166667 364.166667 99999.99 0.999000 99.99 0.999000 99.99 0.999000000 9.999 0.999000 9.999 0.999 99.999 0.999 999.999 0.999 999.999 0.999 999.999 0.999 9.999 0.999000 99.999 0.999000
