scripts/IMPROVE-2019_partial/data/US5501R.20090101040000.20191216000000.filterpack...52w.3d.US03L_filterpack_US5501.US03L_IMPROVE_Davis.lev2.nas
51 1001
MISSING INFORMATION
US03L, IMPROVE, , , , , , , 
MISSING INFORMATION
IMPROVE sel_HTAP
1 1
2009 01 01 2019 12 16
3.000000
days from file reference point
4
1 1 1 1
999.999999 9999.999 999.999 9.999
end_time of measurement, days from the file reference point
pm10_mass, ug/m3, Matrix=pm10
pm25_mass, ug/m3, Matrix=pm25
numflag, no unit
0
33
Data definition:              EBAS_1.1
Set type code:                TU
Timezone:                     UTC
File name:                    US5501R.20090101040000.20191216000000.filterpack...52w.3d.US03L_filterpack_US5501.US03L_IMPROVE_Davis.lev2.nas
File creation:                20191218120509
Startdate:                    20090101040000
Revision date:                20191216000000
Version:                      2
Version description:          "Data extracted from http://views.cira.colostate.edu/fed/DataWizard 2019-12-16"
Statistics:                   arithmetic mean
Data level:                   2
Period code:                  52w
Resolution code:              3d
Sample duration:              1d
Orig. time res.:              3d
Station code:                 US5501R
Platform code:                US5501S
Station name:                 Virgin Islands National Park-Lind Point (VI01)
Station latitude:             18.3362
Station longitude:            -64.7962
Station altitude:             56.0 m
Regime:                       IMG
Component:                    
Unit:                         ug/m3
Matrix:                       
Laboratory code:              US03L
Instrument type:              filterpack
Instrument name:              filterpack_US5501
Method ref:                   US03L_IMPROVE_Davis
Blank correction:             Blank corrected
Volume std. temperature:      ambient
Volume std. pressure:         ambient
starttime endtime PM10 PM2.5 flag
  0.166667   1.166667    9.172   3.045 0.000
  3.166667   4.166667   11.511   2.863 0.000
  6.166667   7.166667   11.828   3.071 0.000
  9.166667  10.166667   15.279   4.382 0.000
 12.166667  13.166667   16.758   3.782 0.000
 15.166667  16.166667   14.627   4.386 0.000
 18.166667  19.166667   11.673   3.127 0.000
 21.166667  22.166667   16.253   7.194 0.000
 24.166667  25.166667   16.074   8.818 0.000
 27.166667  28.166667   15.319   3.954 0.000
 30.166667  31.166667   18.389   7.005 0.000
 33.166667  34.166667   12.792   3.350 0.000
 36.166667  37.166667   11.042   2.513 0.000
 39.166667  40.166667   11.761   3.261 0.000
 42.166667  43.166667   17.899   4.485 0.000
 45.166667  46.166667   11.676   2.775 0.000
 48.166667  49.166667   22.974   5.530 0.000
 51.166667  52.166667    5.802   4.977 0.000
 54.166667  55.166667   12.570   3.256 0.000
 57.166667  58.166667   11.693  12.501 0.000
 60.166667  61.166667    8.010   2.248 0.000
 63.166667  64.166667    6.901   2.362 0.000
 66.166667  67.166667   21.211   5.367 0.000
 69.166667  70.166667   13.775   4.002 0.000
 72.166667  73.166667   16.787   4.257 0.000
 75.166667  76.166667   17.410   4.427 0.000
 78.166667  79.166667   10.649   2.620 0.000
 81.166667  82.166667   11.576   3.691 0.000
 84.166667  85.166667   17.483   4.420 0.000
 87.166667  88.166667   12.261   3.131 0.000
 90.166667  91.166667   10.178   2.921 0.000
 93.166667  94.166667    7.878   2.468 0.000
 96.166667  97.166667    7.526   2.568 0.000
 99.166667 100.166667   11.465   3.147 0.000
102.166667 103.166667   11.704   3.476 0.000
105.166667 106.166667   12.856   3.330 0.000
108.166667 109.166667    7.905   2.319 0.000
111.166667 112.166667   12.633   3.539 0.000
114.166667 115.166667   13.095   3.814 0.000
117.166667 118.166667   11.960   3.598 0.000
120.166667 121.166667    5.784   1.761 0.000
123.166667 124.166667   10.077   4.428 0.000
126.166667 127.166667   18.579   6.136 0.000
129.166667 130.166667   13.299   5.099 0.000
132.166667 133.166667   15.655   4.881 0.000
135.166667 136.166667   11.029   3.670 0.000
138.166667 139.166667   29.648  11.991 0.000
141.166667 142.166667   16.567   7.778 0.000
144.166667 145.166667   20.800   8.720 0.000
147.166667 148.166667   35.414  11.489 0.000
150.166667 151.166667    6.024   2.062 0.000
153.166667 154.166667   12.165   4.052 0.000
156.166667 157.166667   15.174   4.659 0.000
159.166667 160.166667   48.297  17.788 0.000
162.166667 163.166667   11.422   3.100 0.000
165.166667 166.166667   12.719   4.322 0.000
168.166667 169.166667   11.928   3.544 0.000
171.166667 172.166667   10.123   3.042 0.000
174.166667 175.166667   14.916   5.440 0.000
177.166667 178.166667  101.397  36.606 0.000
180.166667 181.166667 9999.999 999.999 0.456
183.166667 184.166667   32.912  10.508 0.000
186.166667 187.166667   47.678  14.165 0.000
189.166667 190.166667 9999.999 999.999 0.999
192.166667 193.166667 9999.999 999.999 0.999
195.166667 196.166667 9999.999 999.999 0.999
198.166667 199.166667 9999.999 999.999 0.999
201.166667 202.166667 9999.999 999.999 0.999
204.166667 205.166667   44.068  11.690 0.000
207.166667 208.166667   41.305  12.319 0.000
210.166667 211.166667   22.478   6.570 0.000
213.166667 214.166667   25.482   9.624 0.000
216.166667 217.166667   44.377  15.256 0.000
219.166667 220.166667   34.947   9.953 0.000
222.166667 223.166667   20.251  18.149 0.000
225.166667 226.166667   37.276  11.215 0.000
228.166667 229.166667   20.649   7.005 0.000
231.166667 232.166667   11.756   4.028 0.000
234.166667 235.166667   27.859   8.251 0.000
237.166667 238.166667   26.500   9.277 0.000
240.166667 241.166667    8.918   2.819 0.000
243.166667 244.166667   34.299   9.936 0.000
246.166667 247.166667    9.584   3.247 0.000
249.166667 250.166667   25.729   7.816 0.000
252.166667 253.166667   16.462   8.538 0.000
255.166667 256.166667   14.299   5.445 0.000
258.166667 259.166667 9999.999   5.234 0.000
261.166667 262.166667    9.305   3.164 0.000
264.166667 265.166667    8.126   2.777 0.000
267.166667 268.166667    5.793   2.897 0.000
270.166667 271.166667   62.733  22.508 0.000
273.166667 274.166667    6.837   1.944 0.000
276.166667 277.166667   15.502   5.713 0.000
279.166667 280.166667   49.258  19.625 0.000
282.166667 283.166667   39.761  15.614 0.000
285.166667 286.166667    8.756   2.453 0.000
288.166667 289.166667   13.497   4.734 0.000
291.166667 292.166667    9.211   2.307 0.000
294.166667 295.166667    6.524   2.679 0.000
297.166667 298.166667    6.526   1.816 0.000
300.166667 301.166667   10.995   2.953 0.000
303.166667 304.166667    4.413   1.615 0.000
306.166667 307.166667    8.236   3.081 0.000
309.166667 310.166667   13.708   4.651 0.000
312.166667 313.166667    9.766   2.027 0.000
315.166667 316.166667   10.551   3.254 0.000
318.166667 319.166667   14.504   5.342 0.000
321.166667 322.166667   10.167   3.643 0.000
324.166667 325.166667   14.117   4.283 0.000
327.166667 328.166667 9999.999 999.999 0.999
330.166667 331.166667   14.385   6.092 0.000
333.166667 334.166667   12.425   4.651 0.000
336.166667 337.166667    8.970   2.560 0.000
339.166667 340.166667   10.734   3.022 0.000
342.166667 343.166667    9.914   2.722 0.000
345.166667 346.166667   12.517   2.923 0.000
348.166667 349.166667   14.424   3.966 0.000
351.166667 352.166667    7.015   1.722 0.000
354.166667 355.166667   21.463   3.995 0.000
357.166667 358.166667   23.226   7.484 0.000
360.166667 361.166667   12.491   6.647 0.000
363.166667 364.166667   22.996   6.722 0.000
