scripts/IMPROVE-2019_partial/data/US5501R.20050101040000.20191216000000.filterpack..pm25.52w.1w.US03L_filterpack_US5501.US03L_IMPROVE_Davis.lev2.nas
66 1001
MISSING INFORMATION
US03L, IMPROVE, , , , , , , 
MISSING INFORMATION
IMPROVE sel_HTAP
1 1
2005 01 01 2019 12 16
3.000000
days from file reference point
27
1 1 1 1 1 1 1 1 1 1 1 1 1 1 1 1 1 1 1 1 1 1 1 1 1 1 1
999.999999 99999.99 9.999 9999.99 9.999999 9.999 9.999999 99.99 9.999999 9.999 9.999 9.999 9.999999 9.999 9.999999 999.99 9.999999 999.999 9.999 999.999 9.999 999.999 9.999 9.999 9.999 99.999 9.999
end_time of measurement, days from the file reference point
iron, ng/m3, Revision date=20181210133000
numflag iron, no unit, Revision date=20181210133000
lead, ng/m3, Revision date=20181210133000
numflag lead, no unit, Revision date=20181210133000
magnesium, ug/m3, Revision date=20181210133000
numflag magnesium, no unit, Revision date=20181210133000
nickel, ng/m3, Revision date=20181210133000
numflag nickel, no unit, Revision date=20181210133000
nitrate, ug N/m3, Revision date=20181210133000
numflag nitrate, no unit, Revision date=20181210133000
organic_carbon, ug C/m3, Revision date=20181210133000
numflag organic_carbon, no unit, Revision date=20181210133000
organic_mass, ug/m3, Revision date=20181210133000
numflag organic_mass, no unit, Revision date=20181210133000
phosphorus, ng/m3, Revision date=20181210133000
numflag phosphorus, no unit, Revision date=20181210133000
pm10_mass, ug/m3, Version=2, Version description=Data extracted from http://views.cira.colostate.edu/fed/DataWizard 2019-12-16, Sample duration=1d, Orig. time res.=3d, Matrix=pm10, Blank correction=Blank corrected, Volume std. temperature=ambient, Volume std. pressure=ambient
numflag pm10_mass, no unit, Version=2, Version description=Data extracted from http://views.cira.colostate.edu/fed/DataWizard 2019-12-16, Sample duration=1d, Orig. time res.=3d, Matrix=pm10, Blank correction=Blank corrected, Volume std. temperature=ambient, Volume std. pressure=ambient
pm10_pm25_mass, ug/m3, Revision date=20181210133000, Matrix=pm10_pm25
numflag pm10_pm25_mass, no unit, Revision date=20181210133000, Matrix=pm10_pm25
pm25_mass, ug/m3, Version=2, Version description=Data extracted from http://views.cira.colostate.edu/fed/DataWizard 2019-12-16, Sample duration=1d, Orig. time res.=3d, Blank correction=Blank corrected, Volume std. temperature=ambient, Volume std. pressure=ambient
numflag pm25_mass, no unit, Version=2, Version description=Data extracted from http://views.cira.colostate.edu/fed/DataWizard 2019-12-16, Sample duration=1d, Orig. time res.=3d, Blank correction=Blank corrected, Volume std. temperature=ambient, Volume std. pressure=ambient
potassium, ug/m3, Revision date=20181210133000
numflag potassium, no unit, Revision date=20181210133000
sulphate_total, ug S/m3, Revision date=20181210133000
numflag sulphate_total, no unit, Revision date=20181210133000
0
25
Data definition:              EBAS_1.1
Set type code:                TU
Timezone:                     UTC
File name:                    US5501R.20050101040000.20191216000000.filterpack..pm25.52w.1w.US03L_filterpack_US5501.US03L_IMPROVE_Davis.lev2.nas
File creation:                20191218120509
Startdate:                    20050101040000
Revision date:                20191216000000
Statistics:                   arithmetic mean
Data level:                   2
Period code:                  52w
Resolution code:              1w
Station code:                 US5501R
Platform code:                US5501S
Station name:                 Virgin Islands National Park-Lind Point (VI01)
Station latitude:             18.3362
Station longitude:            -64.7962
Station altitude:             56.0 m
Regime:                       IMG
Component:                    
Matrix:                       pm25
Laboratory code:              US03L
Instrument type:              filterpack
Instrument name:              filterpack_US5501
Method ref:                   US03L_IMPROVE_Davis
starttime endtime Fe flag_Fe Pb flag_Pb Mg++ flag_Mg++ Ni flag_Ni NO3- flag_NO3- OC flag_OC OM flag_OM P flag_P PM10 flag_PM10 PM10-PM2.5 flag_PM10-PM2.5 PM2.5 flag_PM2.5 K+ flag_K+ SO4-- flag_SO4--
[from data line 77]
231.166667 232.166667   291.07 0.000    2.41 0.000000 0.063 0.000000  0.20 0.000000 0.067 0.000 0.064 0.000000 0.115 0.000000 999.99 0.259000  18.630 0.000  10.963 0.000   7.664 0.000 0.118 0.000  0.250 0.000
234.166667 235.166667     6.44 0.000    0.29 0.000000 9.999 0.259000  0.41 0.000000 0.036 0.000 9.999 0.259000 9.999 0.259000 999.99 0.259000   9.182 0.000   6.920 0.000   2.383 0.000 0.020 0.000  0.203 0.000
237.166667 238.166667    93.94 0.000    0.24 0.000000 9.999 0.259000  0.07 0.000000 0.039 0.000 9.999 0.259000 9.999 0.259000 999.99 0.259000  10.614 0.000   7.014 0.000   3.599 0.000 0.048 0.000  0.169 0.000
240.166667 241.166667    88.13 0.000    0.49 0.000000 9.999 0.259000  0.24 0.000000 0.053 0.000 9.999 0.259000 9.999 0.259000 999.99 0.259000  10.409 0.000   5.775 0.000   4.631 0.000 0.044 0.000  0.655 0.000
243.166667 244.166667   186.31 0.000    0.70 0.000000 9.999 0.259000  0.24 0.000000 0.060 0.000 9.999 0.259000 9.999 0.259000 999.99 0.259000   8.710 0.000   3.537 0.000   5.171 0.000 0.080 0.000  0.269 0.000
246.166667 247.166667   426.40 0.000    1.19 0.000000 0.075 0.000000  0.52 0.000000 0.092 0.000 0.045 0.000000 0.081 0.000000 999.99 0.259000  35.531 0.000  24.477 0.000  11.042 0.000 0.157 0.000  0.537 0.000
249.166667 250.166667   127.47 0.000    0.54 0.000000 9.999 0.259000  0.73 0.000000 0.061 0.000 0.181 0.000000 0.326 0.000000 999.99 0.259000  13.979 0.000   8.889 0.000   5.088 0.000 0.077 0.000  0.378 0.000
252.166667 253.166667   727.00 0.000    2.13 0.000000 0.231 0.000000  0.29 0.000000 0.080 0.000 0.124 0.000000 0.224 0.000000 999.99 0.259000  44.519 0.000  26.111 0.000  18.389 0.000 0.298 0.000  0.453 0.000
255.166667 256.166667   268.60 0.000    3.27 0.000000 0.037 0.000000  0.20 0.000000 0.047 0.000 0.004 0.000000 0.008 0.000000 999.99 0.259000  19.251 0.000  12.574 0.000   6.840 0.000 0.114 0.000  0.342 0.000
258.166667 259.166667   341.87 0.000    1.84 0.000000 0.079 0.000000  0.18 0.000000 0.055 0.000 9.999 0.259000 9.999 0.259000 999.99 0.259000  17.930 0.000   9.677 0.000   8.248 0.000 0.131 0.000  0.235 0.000
261.166667 262.166667    19.55 0.000    4.65 0.000000 0.015 0.000000 99.99 0.259000 0.035 0.000 0.048 0.000000 0.086 0.000000 999.99 0.259000   8.326 0.000   5.979 0.000   2.346 0.000 0.040 0.000  0.116 0.000
264.166667 265.166667    19.81 0.000    0.42 0.000000 0.010 0.000000  1.43 0.000000 0.072 0.000 9.999 0.259000 9.999 0.259000 999.99 0.259000   7.990 0.000   5.245 0.000   2.745 0.000 0.022 0.000  0.306 0.000
267.166667 268.166667   139.03 0.000    1.46 0.000000 9.999 0.259000  0.44 0.000000 0.065 0.000 0.180 0.000000 0.323 0.000000 999.99 0.259000  17.515 0.000   9.188 0.000   8.322 0.000 0.128 0.000  0.993 0.000
270.166667 271.166667   619.82 0.000    1.46 0.000000 0.127 0.000000  0.34 0.000000 0.095 0.000 9.999 0.259000 9.999 0.259000 999.99 0.259000  30.421 0.000  14.156 0.000  16.244 0.000 0.234 0.000  0.852 0.000
273.166667 274.166667    32.37 0.000    0.21 0.000000 0.014 0.000000  0.26 0.000000 0.049 0.000 9.999 0.259000 9.999 0.259000 999.99 0.259000   8.037 0.000   5.817 0.000   2.219 0.000 0.024 0.000  0.171 0.000
276.166667 277.166667     3.20 0.000    0.14 0.000000 0.014 0.000000  0.35 0.000000 0.024 0.000 9.999 0.259000 9.999 0.259000 999.99 0.259000   5.754 0.000   1.533 0.000   4.255 0.000 0.012 0.000  0.179 0.000
279.166667 280.166667    12.85 0.000    0.05 0.000000 0.018 0.000000  0.31 0.000000 0.058 0.000 0.001 0.000000 0.002 0.000000 999.99 0.259000   9.786 0.000   7.466 0.000   2.319 0.000 0.021 0.000  0.222 0.000
282.166667 283.166667     2.38 0.000    0.18 0.000000 0.026 0.000000  0.46 0.000000 0.026 0.000 0.180 0.000000 0.324 0.000000 999.99 0.259000   7.856 0.000   5.570 0.000   2.286 0.000 0.032 0.000  0.148 0.000
285.166667 286.166667    45.80 0.000    0.17 0.000000 9.999 0.259000  0.61 0.000000 0.045 0.000 0.360 0.000000 0.647 0.000000 999.99 0.259000  11.476 0.000   7.968 0.000   3.507 0.000 0.069 0.000  0.337 0.000
288.166667 289.166667    16.87 0.000    0.44 0.000000 0.014 0.000000  1.26 0.000000 0.029 0.000 0.022 0.559000 0.040 0.559000 999.99 0.259000   9.989 0.000   4.479 0.000   5.507 0.000 0.016 0.000  1.162 0.000
291.166667 292.166667    19.60 0.000    0.18 0.000000 0.025 0.000000  0.27 0.000000 0.020 0.000 9.999 0.259000 9.999 0.259000 999.99 0.259000  10.069 0.000   7.444 0.000   2.624 0.000 0.023 0.000  0.218 0.000
294.166667 295.166667   331.74 0.000    0.76 0.000000 9.999 0.259000  0.24 0.000000 0.050 0.000 9.999 0.259000 9.999 0.259000 999.99 0.259000  27.020 0.000  16.429 0.000  10.770 0.000 0.140 0.000  0.491 0.000
297.166667 298.166667   125.48 0.559    0.19 0.559000 0.041 0.559000  0.44 0.559000 0.045 0.000 0.028 0.000000 0.051 0.000000 999.99 0.559259  14.624 0.000  10.164 0.559   4.535 0.659 0.061 0.559  0.219 0.000
300.166667 301.166667   221.04 0.000    0.48 0.000000 9.999 0.259000 99.99 0.259000 0.058 0.000 9.999 0.259000 9.999 0.259000 999.99 0.259000  23.200 0.000  15.138 0.000   8.058 0.000 0.104 0.000  0.274 0.000
303.166667 304.166667    77.63 0.000    0.34 0.000000 0.058 0.000000  0.23 0.000000 0.050 0.000 9.999 0.259000 9.999 0.259000 999.99 0.259000  16.283 0.000  11.081 0.000   5.200 0.000 0.059 0.000  0.209 0.000
306.166667 307.166667    82.90 0.000    0.25 0.000000 9.999 0.259000  0.78 0.000000 0.081 0.000 0.024 0.000000 0.042 0.000000 999.99 0.259000  15.152 0.000  10.306 0.000   4.955 0.000 0.070 0.000  0.333 0.000
309.166667 310.166667    83.77 0.000    0.14 0.000000 9.999 0.259000 99.99 0.259000 0.060 0.000 9.999 0.259000 9.999 0.259000 999.99 0.259000  16.024 0.000  10.661 0.000   5.360 0.000 0.102 0.000  0.257 0.000
312.166667 313.166667     5.18 0.000    0.05 0.000000 0.080 0.000000  0.32 0.000000 0.034 0.000 9.999 0.259000 9.999 0.259000 999.99 0.259000  13.622 0.000  10.098 0.000   3.522 0.000 0.034 0.000  0.196 0.000
315.166667 316.166667    15.80 0.000    1.48 0.000000 9.999 0.259000  0.40 0.000000 0.035 0.000 9.999 0.259000 9.999 0.259000 999.99 0.259000   6.594 0.000   4.553 0.000   2.040 0.000 0.041 0.000  0.138 0.000
318.166667 319.166667   144.18 0.000    0.17 0.000000 9.999 0.259000  0.30 0.000000 0.068 0.000 0.181 0.000000 0.326 0.000000 999.99 0.259000  13.505 0.000   7.720 0.000   5.907 0.000 0.164 0.000  0.251 0.000
321.166667 322.166667     0.75 0.000    0.56 0.000000 0.076 0.000000  0.25 0.000000 0.044 0.000 9.999 0.259000 9.999 0.259000 999.99 0.259000  10.366 0.000   7.907 0.000   2.458 0.000 0.021 0.000  0.178 0.000
324.166667 325.166667     1.56 0.000    0.82 0.000000 0.017 0.000000  0.36 0.000000 0.029 0.000 9.999 0.559259 9.999 0.559259 999.99 0.259000   6.392 0.000   4.782 0.000   1.610 0.000 0.014 0.000  0.178 0.000
327.166667 328.166667     1.97 0.559    3.11 0.559000 0.013 0.559000  1.61 0.559000 0.035 0.000 0.124 0.000000 0.224 0.000000 999.99 0.559259   5.128 0.000   2.710 0.559   2.417 0.659 0.019 0.559  0.443 0.000
330.166667 331.166667     9.62 0.000    0.17 0.000000 0.049 0.000000 99.99 0.259000 0.034 0.000 0.088 0.000000 0.159 0.000000 999.99 0.259000  15.103 0.000  11.598 0.000   3.503 0.000 0.029 0.000  0.278 0.000
333.166667 334.166667     2.05 0.000    0.21 0.000000 0.063 0.000000  0.65 0.000000 0.036 0.000 9.999 0.259000 9.999 0.259000 999.99 0.259000  12.730 0.000  10.073 0.000   2.655 0.000 0.020 0.000  0.146 0.000
336.166667 337.166667     2.12 0.559    1.00 0.559000 9.999 0.559259  0.15 0.559000 0.025 0.000 0.041 0.000000 0.073 0.000000 999.99 0.559259   5.393 0.000   4.048 0.559   1.345 0.659 0.016 0.559  0.144 0.000
339.166667 340.166667     1.30 0.559    0.99 0.559000 0.059 0.559000  0.21 0.559000 0.027 0.000 0.060 0.000000 0.108 0.000000 999.99 0.559259   9.778 0.000   7.467 0.559   2.439 0.659 0.021 0.559  0.146 0.000
342.166667 343.166667     1.09 0.000    0.39 0.000000 0.063 0.000000  0.12 0.000000 0.034 0.000 0.057 0.000000 0.103 0.000000 999.99 0.259000  15.181 0.000  11.998 0.000   3.182 0.000 0.023 0.000  0.176 0.000
345.166667 346.166667     2.49 0.394 9999.99 0.394259 0.044 0.394000  0.17 0.394000 0.036 0.394 0.007 0.000000 0.012 0.000000 999.99 0.394259  13.256 0.000   9.618 0.000   2.979 0.000 0.019 0.394  0.242 0.394
348.166667 349.166667     1.91 0.000    2.21 0.000000 0.016 0.000000  1.13 0.000000 0.045 0.000 0.110 0.000000 0.199 0.000000 999.99 0.259000   7.612 0.000   5.674 0.000   1.937 0.000 0.022 0.000  0.196 0.000
351.166667 352.166667     1.67 0.000    1.18 0.000000 0.063 0.000000  0.27 0.000000 0.054 0.000 0.171 0.000000 0.308 0.000000 999.99 0.259000  15.524 0.000  11.824 0.000   3.699 0.000 0.031 0.000  0.169 0.000
354.166667 355.166667     5.98 0.000    1.24 0.000000 0.025 0.000000  0.48 0.000000 0.036 0.000 0.049 0.000000 0.088 0.000000 999.99 0.259000   8.071 0.000   6.113 0.000   1.957 0.000 0.017 0.000  0.143 0.000
357.166667 358.166667     0.74 0.000    0.39 0.000000 0.065 0.000000  0.36 0.000000 0.028 0.000 9.999 0.259000 9.999 0.259000  12.71 0.000000   9.466 0.000   6.848 0.000   2.617 0.000 0.018 0.000  0.129 0.000
360.166667 361.166667     1.80 0.000    1.49 0.000000 9.999 0.259000  0.73 0.000000 0.047 0.000 0.057 0.000000 0.103 0.000000 999.99 0.259000  10.347 0.000   8.293 0.000   2.221 0.000 0.018 0.000  0.182 0.000
363.166667 364.166667     2.75 0.000    0.70 0.000000 0.044 0.000000  0.40 0.000000 0.048 0.000 0.031 0.000000 0.056 0.000000 999.99 0.259000  10.705 0.000   7.757 0.000   2.947 0.000 0.023 0.000  0.155 0.000
