scripts/IMPROVE-2019_partial/data/US5501R.19930102040000.20191216000000.filterpack.pm25_mass.pm25.1y.3d.US03L_filterpack_US5501.US03L_IMPROVE_Davis.lev2.nas
50 1001
MISSING INFORMATION
US03L, IMPROVE, , , , , , , 
MISSING INFORMATION
IMPROVE sel_HTAP
1 1
1993 01 01 2019 12 16
0
days from file reference point
3
1 1 1
999.999999 999.999 9.999
end_time of measurement, days from the file reference point
pm25_mass, ug/m3
numflag pm25_mass, no unit
0
33
Data definition:              EBAS_1.1
Set type code:                TI
Timezone:                     UTC
File name:                    US5501R.19930102040000.20191216000000.filterpack.pm25_mass.pm25.1y.3d.US03L_filterpack_US5501.US03L_IMPROVE_Davis.lev2.nas
File creation:                20191218120510
Startdate:                    19930102040000
Revision date:                20191216000000
Version:                      2
Version description:          "Data extracted from http://views.cira.colostate.edu/fed/DataWizard 2019-12-16"
Statistics:                   arithmetic mean
Data level:                   2
Period code:                  1y
Resolution code:              3d
Sample duration:              1d
Orig. time res.:              3d
Station code:                 US5501R
Platform code:                US5501S
Station name:                 Virgin Islands National Park-Lind Point (VI01)
Station latitude:             18.3362
Station longitude:            -64.7962
Station altitude:             56.0 m
Regime:                       IMG
Component:                    pm25_mass
Unit:                         ug/m3
Matrix:                       pm25
Laboratory code:              US03L
Instrument type:              filterpack
Instrument name:              filterpack_US5501
Method ref:                   US03L_IMPROVE_Davis
Blank correction:             Blank corrected
Volume std. temperature:      ambient
Volume std. pressure:         ambient
starttime endtime PM2.5 flag_PM2.5
  1.166667   2.166667   4.159 0.000
  5.166667   6.166667   4.454 0.000
  8.166667   9.166667   4.451 0.000
 12.166667  13.166667 999.999 0.999
 15.166667  16.166667   5.387 0.000
 19.166667  20.166667 999.999 0.999
 22.166667  23.166667 999.999 0.999
 26.166667  27.166667   5.075 0.000
 29.166667  30.166667   3.027 0.000
 33.166667  34.166667   3.533 0.000
 36.166667  37.166667   4.192 0.000
 40.166667  41.166667   3.353 0.000
 43.166667  44.166667   3.353 0.000
 47.166667  48.166667   2.733 0.000
 50.166667  51.166667   4.471 0.000
 54.166667  55.166667   2.500 0.000
 57.166667  58.166667   3.072 0.000
 61.166667  62.166667   4.636 0.000
 64.166667  65.166667   2.266 0.000
 68.166667  69.166667   2.866 0.000
 71.166667  72.166667   3.353 0.000
 75.166667  76.166667   6.875 0.000
 78.166667  79.166667   6.677 0.000
 82.166667  83.166667   2.006 0.000
 85.166667  86.166667   7.515 0.000
 89.166667  90.166667   8.680 0.000
 92.166667  93.166667   7.012 0.000
 96.166667  97.166667   4.114 0.000
 99.166667 100.166667   4.775 0.000
103.166667 104.166667  10.000 0.000
106.166667 107.166667  16.707 0.000
110.166667 111.166667   5.500 0.000
113.166667 114.166667   4.441 0.000
117.166667 118.166667   4.789 0.000
120.166667 121.166667   2.716 0.000
124.166667 125.166667   4.364 0.000
127.166667 128.166667   2.492 0.000
131.166667 132.166667   3.304 0.000
134.166667 135.166667  13.275 0.000
138.166667 139.166667  19.096 0.000
141.166667 142.166667 999.999 0.999
145.166667 146.166667   4.083 0.000
148.166667 149.166667   2.441 0.000
152.166667 153.166667   5.465 0.000
155.166667 156.166667   9.335 0.000
159.166667 160.166667   8.926 0.000
162.166667 163.166667   4.678 0.000
166.166667 167.166667  11.632 0.000
169.166667 170.166667  14.206 0.000
173.166667 174.166667  18.949 0.000
176.166667 177.166667  19.580 0.000
180.166667 181.166667  25.753 0.000
183.166667 184.166667  21.782 0.000
187.166667 188.166667 999.999 0.999
190.166667 191.166667  19.641 0.000
194.166667 195.166667   7.685 0.000
197.166667 198.166667  17.741 0.000
201.166667 202.166667  10.509 0.000
204.166667 205.166667  10.240 0.000
208.166667 209.166667  18.364 0.000
211.166667 212.166667  15.920 0.000
215.166667 216.166667  17.378 0.000
218.166667 219.166667   9.634 0.000
222.166667 223.166667  16.820 0.000
225.166667 226.166667   4.360 0.000
229.166667 230.166667  15.136 0.000
232.166667 233.166667  11.390 0.000
236.166667 237.166667  14.567 0.000
239.166667 240.166667   8.283 0.000
243.166667 244.166667   5.664 0.000
246.166667 247.166667   3.156 0.000
250.166667 251.166667   4.910 0.000
253.166667 254.166667   7.015 0.000
257.166667 258.166667   8.299 0.000
260.166667 261.166667   9.881 0.000
264.166667 265.166667  10.661 0.000
267.166667 268.166667  19.367 0.000
271.166667 272.166667   3.894 0.000
274.166667 275.166667  17.083 0.000
278.166667 279.166667   3.353 0.000
281.166667 282.166667  12.012 0.000
285.166667 286.166667   7.626 0.000
288.166667 289.166667  16.242 0.000
292.166667 293.166667   3.182 0.000
295.166667 296.166667   7.270 0.000
299.166667 300.166667   3.970 0.000
302.166667 303.166667   2.711 0.000
306.166667 307.166667   4.243 0.000
309.166667 310.166667   4.461 0.000
313.166667 314.166667   3.650 0.000
316.166667 317.166667   2.647 0.000
320.166667 321.166667   4.444 0.000
323.166667 324.166667   5.796 0.000
327.166667 328.166667   3.612 0.000
330.166667 331.166667   3.946 0.000
334.166667 335.166667   3.363 0.000
337.166667 338.166667   2.289 0.000
341.166667 342.166667   4.239 0.000
344.166667 345.166667   2.153 0.000
348.166667 349.166667   2.319 0.000
351.166667 352.166667   5.299 0.000
355.166667 356.166667 999.999 0.999
358.166667 359.166667   5.401 0.000
362.166667 363.166667 999.999 0.999
