scripts/IMPROVE-2019_partial/data/US5501R.20130101040000.20191216000000.filterpack...52w.3d.US03L_filterpack_US5501.US03L_IMPROVE_Davis.lev2.nas
51 1001
MISSING INFORMATION
US03L, IMPROVE, , , , , , , 
MISSING INFORMATION
IMPROVE sel_HTAP
1 1
2013 01 01 2019 12 16
3.000000
days from file reference point
4
1 1 1 1
999.999999 999.999 999.999 9.999
end_time of measurement, days from the file reference point
pm10_mass, ug/m3, Matrix=pm10
pm25_mass, ug/m3, Matrix=pm25
numflag, no unit
0
33
Data definition:              EBAS_1.1
Set type code:                TU
Timezone:                     UTC
File name:                    US5501R.20130101040000.20191216000000.filterpack...52w.3d.US03L_filterpack_US5501.US03L_IMPROVE_Davis.lev2.nas
File creation:                20191218120510
Startdate:                    20130101040000
Revision date:                20191216000000
Version:                      2
Version description:          "Data extracted from http://views.cira.colostate.edu/fed/DataWizard 2019-12-16"
Statistics:                   arithmetic mean
Data level:                   2
Period code:                  52w
Resolution code:              3d
Sample duration:              1d
Orig. time res.:              3d
Station code:                 US5501R
Platform code:                US5501S
Station name:                 Virgin Islands National Park-Lind Point (VI01)
Station latitude:             18.3362
Station longitude:            -64.7962
Station altitude:             56.0 m
Regime:                       IMG
Component:                    
Unit:                         ug/m3
Matrix:                       
Laboratory code:              US03L
Instrument type:              filterpack
Instrument name:              filterpack_US5501
Method ref:                   US03L_IMPROVE_Davis
Blank correction:             Blank corrected
Volume std. temperature:      ambient
Volume std. pressure:         ambient
starttime endtime PM10 PM2.5 flag
  0.166667   1.166667  10.033   2.611 0.000
  3.166667   4.166667  12.643   3.281 0.000
  6.166667   7.166667  17.290   4.802 0.000
  9.166667  10.166667  14.785   3.844 0.000
 12.166667  13.166667  16.588   4.255 0.000
 15.166667  16.166667   6.837   1.567 0.000
 18.166667  19.166667  10.472   2.914 0.000
 21.166667  22.166667  26.007  10.188 0.000
 24.166667  25.166667   7.836   2.435 0.000
 27.166667  28.166667   9.556   2.490 0.000
 30.166667  31.166667   7.691   1.869 0.000
 33.166667  34.166667   8.873   1.947 0.000
 36.166667  37.166667   9.910   2.064 0.000
 39.166667  40.166667  13.564   3.762 0.000
 42.166667  43.166667  22.788   9.231 0.000
 45.166667  46.166667  15.313   3.631 0.000
 48.166667  49.166667  23.696   8.821 0.000
 51.166667  52.166667  22.026   6.854 0.000
 54.166667  55.166667  17.756   6.165 0.000
 57.166667  58.166667  32.394   6.214 0.000
 60.166667  61.166667  19.279   7.407 0.000
 63.166667  64.166667  17.078   4.832 0.000
 66.166667  67.166667  16.116   6.143 0.000
 69.166667  70.166667  13.904   3.255 0.000
 72.166667  73.166667 999.999 999.999 0.999
 75.166667  76.166667 999.999 999.999 0.999
 78.166667  79.166667  13.928   3.471 0.000
 81.166667  82.166667  17.858   6.236 0.000
 84.166667  85.166667  14.154   4.585 0.000
 87.166667  88.166667  11.527   3.781 0.000
 90.166667  91.166667  14.641   4.253 0.000
 93.166667  94.166667  18.357   5.783 0.000
 96.166667  97.166667  14.488   5.087 0.000
 99.166667 100.166667  15.540   5.266 0.000
102.166667 103.166667  15.668   4.659 0.000
105.166667 106.166667  13.167   3.943 0.000
108.166667 109.166667  20.518   5.817 0.000
111.166667 112.166667  17.871   4.609 0.000
114.166667 115.166667  13.855   4.146 0.000
117.166667 118.166667   8.794   2.901 0.000
120.166667 121.166667  10.533   3.570 0.000
123.166667 124.166667  12.095   5.343 0.000
126.166667 127.166667  12.643   7.077 0.000
129.166667 130.166667  17.362   5.601 0.000
132.166667 133.166667  11.935   4.350 0.000
135.166667 136.166667  20.996   5.690 0.000
138.166667 139.166667  21.057   7.038 0.000
141.166667 142.166667  25.416   6.719 0.000
144.166667 145.166667  21.122   7.883 0.000
147.166667 148.166667  40.907  12.104 0.000
150.166667 151.166667  29.667  10.839 0.000
153.166667 154.166667  36.136  13.153 0.000
156.166667 157.166667  32.960   8.115 0.000
159.166667 160.166667  43.886  12.358 0.000
162.166667 163.166667  66.972  19.154 0.000
165.166667 166.166667  95.002  28.419 0.000
168.166667 169.166667  63.412  16.300 0.000
171.166667 172.166667  41.098  10.499 0.000
174.166667 175.166667  45.515  14.891 0.000
177.166667 178.166667  42.673  14.317 0.000
180.166667 181.166667  20.675   7.140 0.000
183.166667 184.166667  20.578   7.815 0.000
186.166667 187.166667  29.578  11.086 0.000
189.166667 190.166667  37.433  12.210 0.000
192.166667 193.166667  24.949   8.543 0.000
195.166667 196.166667  14.410   5.024 0.000
198.166667 199.166667  34.884  11.878 0.000
201.166667 202.166667  25.540   8.712 0.000
204.166667 205.166667  35.674  10.043 0.000
207.166667 208.166667  26.223   6.905 0.000
210.166667 211.166667  18.899   6.658 0.000
213.166667 214.166667  32.417   9.726 0.000
216.166667 217.166667  14.765   6.234 0.000
219.166667 220.166667  38.727  13.902 0.000
222.166667 223.166667 999.999  14.504 0.000
225.166667 226.166667 999.999  18.511 0.000
228.166667 229.166667 999.999   6.530 0.000
231.166667 232.166667 999.999  11.876 0.000
234.166667 235.166667  31.889   8.990 0.000
237.166667 238.166667  23.456   7.622 0.000
240.166667 241.166667  81.157   8.635 0.000
243.166667 244.166667  34.161  10.212 0.000
246.166667 247.166667   8.772   2.694 0.000
249.166667 250.166667  15.455   5.091 0.000
252.166667 253.166667  15.749   4.679 0.000
255.166667 256.166667  10.414   3.131 0.000
258.166667 259.166667  10.605   3.455 0.000
261.166667 262.166667  17.172   6.094 0.000
264.166667 265.166667  41.567  20.657 0.000
267.166667 268.166667  13.225   4.390 0.000
270.166667 271.166667  31.926   7.739 0.000
273.166667 274.166667  43.496  16.396 0.000
276.166667 277.166667  18.615   6.526 0.000
279.166667 280.166667   8.489   4.664 0.000
282.166667 283.166667 999.999 999.999 0.999
285.166667 286.166667 999.999 999.999 0.999
288.166667 289.166667 999.999 999.999 0.999
291.166667 292.166667 999.999 999.999 0.999
294.166667 295.166667  40.033  13.807 0.000
297.166667 298.166667  45.581  15.947 0.000
300.166667 301.166667  19.747   5.918 0.000
303.166667 304.166667   9.715   2.590 0.000
306.166667 307.166667   7.245   1.955 0.000
309.166667 310.166667   7.854   2.854 0.000
312.166667 313.166667   5.981   1.720 0.000
315.166667 316.166667  24.707   7.417 0.000
318.166667 319.166667   8.481   2.060 0.000
321.166667 322.166667  13.360   2.895 0.000
324.166667 325.166667   5.524   1.651 0.000
327.166667 328.166667   8.687   2.210 0.000
330.166667 331.166667 999.999 999.999 0.999
333.166667 334.166667 999.999 999.999 0.999
336.166667 337.166667   8.376   2.434 0.000
339.166667 340.166667   8.060   2.201 0.000
342.166667 343.166667  15.909   3.820 0.000
345.166667 346.166667  14.710   3.795 0.000
348.166667 349.166667  16.453   4.488 0.000
351.166667 352.166667 999.999 999.999 0.456
354.166667 355.166667 999.999 999.999 0.456
357.166667 358.166667 999.999 999.999 0.456
360.166667 361.166667  23.293   8.666 0.000
363.166667 364.166667  14.119   3.548 0.000
