scripts/IMPROVE-2019_partial/data/US5501R.19970101040000.20191216000000.filterpack.pm25_mass.pm25.1y.3d.US03L_filterpack_US5501.US03L_IMPROVE_Davis.lev2.nas
50 1001
MISSING INFORMATION
US03L, IMPROVE, , , , , , , 
MISSING INFORMATION
IMPROVE sel_HTAP
1 1
1997 01 01 2019 12 16
0
days from file reference point
3
1 1 1
999.999999 999.999 9.999
end_time of measurement, days from the file reference point
pm25_mass, ug/m3
numflag pm25_mass, no unit
0
33
Data definition:              EBAS_1.1
Set type code:                TI
Timezone:                     UTC
File name:                    US5501R.19970101040000.20191216000000.filterpack.pm25_mass.pm25.1y.3d.US03L_filterpack_US5501.US03L_IMPROVE_Davis.lev2.nas
File creation:                20191218120510
Startdate:                    19970101040000
Revision date:                20191216000000
Version:                      2
Version description:          "Data extracted from http://views.cira.colostate.edu/fed/DataWizard 2019-12-16"
Statistics:                   arithmetic mean
Data level:                   2
Period code:                  1y
Resolution code:              3d
Sample duration:              1d
Orig. time res.:              3d
Station code:                 US5501R
Platform code:                US5501S
Station name:                 Virgin Islands National Park-Lind Point (VI01)
Station latitude:             18.3362
Station longitude:            -64.7962
Station altitude:             56.0 m
Regime:                       IMG
Component:                    pm25_mass
Unit:                         ug/m3
Matrix:                       pm25
Laboratory code:              US03L
Instrument type:              filterpack
Instrument name:              filterpack_US5501
Method ref:                   US03L_IMPROVE_Davis
Blank correction:             Blank corrected
Volume std. temperature:      ambient
Volume std. pressure:         ambient
starttime endtime PM2.5 flag_PM2.5
  0.166667   1.166667   3.472 0.000
  3.166667   4.166667   3.567 0.000
  7.166667   8.166667   7.805 0.000
 10.166667  11.166667   2.908 0.000
 14.166667  15.166667   5.361 0.000
 17.166667  18.166667   2.345 0.000
 21.166667  22.166667   4.375 0.000
 24.166667  25.166667   6.247 0.000
 28.166667  29.166667   4.738 0.000
 31.166667  32.166667   2.638 0.000
 35.166667  36.166667   3.938 0.000
 38.166667  39.166667   9.481 0.000
 42.166667  43.166667   5.111 0.000
 45.166667  46.166667  11.784 0.000
 49.166667  50.166667   6.582 0.000
 52.166667  53.166667  12.893 0.000
 56.166667  57.166667   6.378 0.000
 59.166667  60.166667   4.739 0.000
 63.166667  64.166667   5.015 0.000
 66.166667  67.166667  13.320 0.000
 70.166667  71.166667 999.999 0.999
 73.166667  74.166667   9.841 0.000
 77.166667  78.166667 999.999 0.999
 80.166667  81.166667   4.000 0.000
 84.166667  85.166667 999.999 0.999
 87.166667  88.166667 999.999 0.999
 91.166667  92.166667 999.999 0.999
 94.166667  95.166667 999.999 0.999
 98.166667  99.166667   7.521 0.000
101.166667 102.166667   3.728 0.000
105.166667 106.166667   5.133 0.000
108.166667 109.166667   9.583 0.000
112.166667 113.166667   4.956 0.000
115.166667 116.166667   4.099 0.000
119.166667 120.166667  13.828 0.000
122.166667 123.166667   5.859 0.000
126.166667 127.166667   3.981 0.000
129.166667 130.166667   8.710 0.000
133.166667 134.166667  12.395 0.000
136.166667 137.166667   8.358 0.000
140.166667 141.166667   9.679 0.000
143.166667 144.166667  14.841 0.000
147.166667 148.166667   9.394 0.000
150.166667 151.166667   7.130 0.000
154.166667 155.166667   9.859 0.000
157.166667 158.166667  33.049 0.000
161.166667 162.166667  20.988 0.000
164.166667 165.166667  31.913 0.000
168.166667 169.166667   7.923 0.000
171.166667 172.166667  23.504 0.000
175.166667 176.166667  10.873 0.000
178.166667 179.166667  16.329 0.000
182.166667 183.166667   7.130 0.000
185.166667 186.166667  17.924 0.000
189.166667 190.166667  16.493 0.000
192.166667 193.166667   5.053 0.000
196.166667 197.166667  19.692 0.000
199.166667 200.166667   5.823 0.000
203.166667 204.166667  17.685 0.000
206.166667 207.166667   5.617 0.000
210.166667 211.166667   8.611 0.000
213.166667 214.166667  10.401 0.000
217.166667 218.166667 999.999 0.999
220.166667 221.166667 999.999 0.999
224.166667 225.166667   7.405 0.000
227.166667 228.166667   9.569 0.000
231.166667 232.166667   8.794 0.000
234.166667 235.166667   8.020 0.000
238.166667 239.166667   4.694 0.000
241.166667 242.166667  14.210 0.000
245.166667 246.166667  16.693 0.000
248.166667 249.166667   5.999 0.000
252.166667 253.166667 999.999 0.999
255.166667 256.166667 999.999 0.999
259.166667 260.166667  10.720 0.000
262.166667 263.166667  21.991 0.000
266.166667 267.166667  36.501 0.000
269.166667 270.166667  15.143 0.000
273.166667 274.166667   6.475 0.000
276.166667 277.166667   9.532 0.000
280.166667 281.166667 999.999 0.999
283.166667 284.166667 999.999 0.999
287.166667 288.166667   8.446 0.000
290.166667 291.166667  18.965 0.000
294.166667 295.166667   5.504 0.000
297.166667 298.166667   3.909 0.000
301.166667 302.166667   4.982 0.000
304.166667 305.166667   4.378 0.000
308.166667 309.166667   9.449 0.000
311.166667 312.166667   6.281 0.000
315.166667 316.166667   7.181 0.000
318.166667 319.166667 999.999 0.999
322.166667 323.166667  18.706 0.000
325.166667 326.166667   5.696 0.000
329.166667 330.166667   3.237 0.000
332.166667 333.166667   3.100 0.000
336.166667 337.166667   2.030 0.000
339.166667 340.166667   8.761 0.000
343.166667 344.166667   2.879 0.000
346.166667 347.166667   2.766 0.000
350.166667 351.166667 999.999 0.999
353.166667 354.166667 999.999 0.999
357.166667 358.166667 999.999 0.999
360.166667 361.166667 999.999 0.999
364.166667 365.166667   7.513 0.000
