scripts/IMPROVE-2019_partial/data/US5501R.20030103040000.20191216000000.filterpack..pm25.1y.1w.US03L_filterpack_US5501.US03L_IMPROVE_Davis.lev2.nas
66 1001
MISSING INFORMATION
US03L, IMPROVE, , , , , , , 
MISSING INFORMATION
IMPROVE sel_HTAP
1 1
2003 01 01 2019 12 16
3.000000
days from file reference point
27
1 1 1 1 1 1 1 1 1 1 1 1 1 1 1 1 1 1 1 1 1 1 1 1 1 1 1
999.999999 99999.99 9.999 99.99 9.999 9.999 9.999999 9.99 9.999999 9.999 9.999 99.999 9.999 99.999 9.999 999.99 9.999999 999.999 9.999 999.999 9.999 999.999 9.999 9.999 9.999 99.999 9.999
end_time of measurement, days from the file reference point
iron, ng/m3, Revision date=20181210133000
numflag iron, no unit, Revision date=20181210133000
lead, ng/m3, Revision date=20181210133000
numflag lead, no unit, Revision date=20181210133000
magnesium, ug/m3, Revision date=20181210133000
numflag magnesium, no unit, Revision date=20181210133000
nickel, ng/m3, Revision date=20181210133000
numflag nickel, no unit, Revision date=20181210133000
nitrate, ug N/m3, Revision date=20181210133000
numflag nitrate, no unit, Revision date=20181210133000
organic_carbon, ug C/m3, Revision date=20181210133000
numflag organic_carbon, no unit, Revision date=20181210133000
organic_mass, ug/m3, Revision date=20181210133000
numflag organic_mass, no unit, Revision date=20181210133000
phosphorus, ng/m3, Revision date=20181210133000
numflag phosphorus, no unit, Revision date=20181210133000
pm10_mass, ug/m3, Version=2, Version description=Data extracted from http://views.cira.colostate.edu/fed/DataWizard 2019-12-16, Sample duration=1d, Orig. time res.=3d, Matrix=pm10, Blank correction=Blank corrected, Volume std. temperature=ambient, Volume std. pressure=ambient
numflag pm10_mass, no unit, Version=2, Version description=Data extracted from http://views.cira.colostate.edu/fed/DataWizard 2019-12-16, Sample duration=1d, Orig. time res.=3d, Matrix=pm10, Blank correction=Blank corrected, Volume std. temperature=ambient, Volume std. pressure=ambient
pm10_pm25_mass, ug/m3, Revision date=20181210133000, Matrix=pm10_pm25
numflag pm10_pm25_mass, no unit, Revision date=20181210133000, Matrix=pm10_pm25
pm25_mass, ug/m3, Version=2, Version description=Data extracted from http://views.cira.colostate.edu/fed/DataWizard 2019-12-16, Sample duration=1d, Orig. time res.=3d, Blank correction=Blank corrected, Volume std. temperature=ambient, Volume std. pressure=ambient
numflag pm25_mass, no unit, Version=2, Version description=Data extracted from http://views.cira.colostate.edu/fed/DataWizard 2019-12-16, Sample duration=1d, Orig. time res.=3d, Blank correction=Blank corrected, Volume std. temperature=ambient, Volume std. pressure=ambient
potassium, ug/m3, Revision date=20181210133000
numflag potassium, no unit, Revision date=20181210133000
sulphate_total, ug S/m3, Revision date=20181210133000
numflag sulphate_total, no unit, Revision date=20181210133000
0
25
Data definition:              EBAS_1.1
Set type code:                TU
Timezone:                     UTC
File name:                    US5501R.20030103040000.20191216000000.filterpack..pm25.1y.1w.US03L_filterpack_US5501.US03L_IMPROVE_Davis.lev2.nas
File creation:                20191218120508
Startdate:                    20030103040000
Revision date:                20191216000000
Statistics:                   arithmetic mean
Data level:                   2
Period code:                  1y
Resolution code:              1w
Station code:                 US5501R
Platform code:                US5501S
Station name:                 Virgin Islands National Park-Lind Point (VI01)
Station latitude:             18.3362
Station longitude:            -64.7962
Station altitude:             56.0 m
Regime:                       IMG
Component:                    
Matrix:                       pm25
Laboratory code:              US03L
Instrument type:              filterpack
Instrument name:              filterpack_US5501
Method ref:                   US03L_IMPROVE_Davis
starttime endtime Fe flag_Fe Pb flag_Pb Mg++ flag_Mg++ Ni flag_Ni NO3- flag_NO3- OC flag_OC OM flag_OM P flag_P PM10 flag_PM10 PM10-PM2.5 flag_PM10-PM2.5 PM2.5 flag_PM2.5 K+ flag_K+ SO4-- flag_SO4--
[from data line 81]
245.166667 246.166667    99.45 0.000  0.33 0.000 9.999 0.259000 0.89 0.000000 9.999 0.999  0.099 0.000  0.138 0.000 999.99 0.259000  22.073 0.000  15.189 0.000   6.885 0.000 0.093 0.000 99.999 0.999
248.166667 249.166667    30.17 0.000  0.21 0.000 9.999 0.259000 9.99 0.259000 9.999 0.999  0.025 0.000  0.035 0.000 999.99 0.259000  10.778 0.000   7.824 0.000   2.954 0.000 0.032 0.000 99.999 0.999
251.166667 252.166667   376.74 0.000  0.67 0.000 9.999 0.259000 0.18 0.000000 9.999 0.999  1.114 0.000  1.560 0.000 999.99 0.259000  50.506 0.000  35.554 0.000  14.952 0.000 0.166 0.000 99.999 0.999
254.166667 255.166667   302.29 0.000  0.56 0.000 9.999 0.259000 0.12 0.000000 9.999 0.999  0.210 0.000  0.294 0.000 999.99 0.259000  31.569 0.000  20.906 0.000  10.662 0.000 0.172 0.000 99.999 0.999
257.166667 258.166667    97.59 0.000  0.22 0.000 9.999 0.259000 0.26 0.000000 9.999 0.999  0.172 0.000  0.241 0.000 999.99 0.259000  14.860 0.000   9.826 0.000   5.034 0.000 0.092 0.000 99.999 0.999
260.166667 261.166667    45.18 0.000  0.44 0.000 9.999 0.259000 0.10 0.000000 9.999 0.999 99.999 0.999 99.999 0.999 999.99 0.259000 999.999 0.456 999.999 0.999   3.113 0.000 0.055 0.000 99.999 0.999
263.166667 264.166667    32.06 0.000  0.14 0.000 9.999 0.259000 9.99 0.259000 9.999 0.999 99.999 0.999 99.999 0.999 999.99 0.259000 999.999 0.456 999.999 0.999   3.033 0.000 0.028 0.000 99.999 0.999
266.166667 267.166667 99999.99 0.999 99.99 0.999 9.999 0.999000 9.99 0.999000 9.999 0.999 99.999 0.999 99.999 0.999 999.99 0.999000 999.999 0.999 999.999 0.999 999.999 0.999 9.999 0.999 99.999 0.999
269.166667 270.166667 99999.99 0.999 99.99 0.999 9.999 0.999000 9.99 0.999000 9.999 0.999 99.999 0.999 99.999 0.999 999.99 0.999000 999.999 0.999 999.999 0.999 999.999 0.999 9.999 0.999 99.999 0.999
272.166667 273.166667 99999.99 0.999 99.99 0.999 9.999 0.999000 9.99 0.999000 9.999 0.999 99.999 0.999 99.999 0.999 999.99 0.999000 999.999 0.999 999.999 0.999 999.999 0.999 9.999 0.999 99.999 0.999
275.166667 276.166667    13.14 0.000  2.47 0.000 9.999 0.259000 9.99 0.259000 0.023 0.559  0.033 0.000  0.046 0.000 999.99 0.259000   4.422 0.000   2.447 0.000   1.976 0.000 0.020 0.000  0.238 0.559
278.166667 279.166667     2.73 0.000  0.16 0.000 9.999 0.259000 0.19 0.000000 0.024 0.559  0.098 0.000  0.137 0.000 999.99 0.259000   4.960 0.000   3.186 0.000   1.774 0.000 0.007 0.000  0.220 0.559
281.166667 282.166667   261.28 0.000  0.40 0.000 9.999 0.259000 0.09 0.000000 0.025 0.559  0.092 0.000  0.129 0.000 999.99 0.259000  17.432 0.000   9.526 0.000   7.906 0.000 0.118 0.000  0.122 0.559
284.166667 285.166667    41.55 0.000  0.13 0.000 9.999 0.259000 0.24 0.000000 0.022 0.559 99.999 0.259 99.999 0.259 999.99 0.259000   7.696 0.000   5.290 0.000   2.406 0.000 0.022 0.000  0.171 0.559
287.166667 288.166667   224.71 0.000  0.39 0.000 9.999 0.259000 0.40 0.000000 0.045 0.559  0.169 0.000  0.237 0.000 999.99 0.259000  15.757 0.000   7.146 0.000   8.611 0.000 0.089 0.000  0.790 0.559
290.166667 291.166667    77.75 0.000  0.25 0.000 9.999 0.259000 0.23 0.000000 0.038 0.559  0.062 0.000  0.087 0.000 999.99 0.259000   9.715 0.000   6.486 0.000   3.229 0.000 0.038 0.000  0.183 0.559
293.166667 294.166667    17.69 0.000  0.06 0.000 9.999 0.259000 0.12 0.000000 0.021 0.559  0.060 0.000  0.084 0.000 999.99 0.259000   7.873 0.000   5.876 0.000   1.996 0.000 0.017 0.000  0.173 0.559
296.166667 297.166667     5.04 0.000  0.24 0.000 0.023 0.000000 0.44 0.000000 0.037 0.559  0.035 0.000  0.050 0.000 999.99 0.259000   7.755 0.000   4.237 0.000   3.518 0.000 0.010 0.000  0.656 0.559
299.166667 300.166667     5.11 0.000  0.35 0.000 9.999 0.259000 0.26 0.000000 0.033 0.559  0.036 0.000  0.050 0.000 999.99 0.259000  11.777 0.000   6.721 0.000   5.056 0.000 0.019 0.000  0.915 0.559
302.166667 303.166667     2.26 0.000  1.49 0.000 0.032 0.000000 0.31 0.000000 0.033 0.559  0.195 0.000  0.272 0.000 999.99 0.259000   8.078 0.000   3.692 0.000   4.386 0.000 0.019 0.000  0.880 0.559
305.166667 306.166667     1.51 0.000  0.13 0.000 0.014 0.000000 0.28 0.000000 0.022 0.559  0.153 0.000  0.215 0.000 999.99 0.259000   5.829 0.000   3.845 0.000   1.984 0.000 0.019 0.000  0.287 0.559
308.166667 309.166667     2.99 0.000  0.39 0.000 0.052 0.000000 0.08 0.000000 0.027 0.559  0.155 0.000  0.217 0.000 999.99 0.259000  15.581 0.000  11.690 0.000   3.891 0.000 0.029 0.000  0.205 0.559
311.166667 312.166667    38.18 0.000  0.07 0.000 9.999 0.259000 9.99 0.259000 0.021 0.559  0.141 0.000  0.197 0.000 999.99 0.259000  12.989 0.000   8.761 0.000   4.228 0.000 0.036 0.000  0.142 0.559
314.166667 315.166667 99999.99 0.999 99.99 0.999 9.999 0.999000 9.99 0.999000 9.999 0.999 99.999 0.999 99.999 0.999 999.99 0.999000 999.999 0.999 999.999 0.999 999.999 0.999 9.999 0.999 99.999 0.999
317.166667 318.166667    44.64 0.000  0.10 0.000 9.999 0.259000 0.21 0.000000 0.021 0.559  0.159 0.000  0.222 0.000 999.99 0.259000   8.460 0.000   5.449 0.000   3.011 0.000 0.037 0.000  0.122 0.559
320.166667 321.166667    15.29 0.000  0.17 0.000 9.999 0.259000 0.31 0.000000 0.021 0.559  0.171 0.000  0.240 0.000 999.99 0.259000   7.412 0.000   5.261 0.000   2.151 0.000 0.019 0.000  0.138 0.559
323.166667 324.166667     3.66 0.000  1.17 0.000 9.999 0.259000 0.16 0.000000 0.050 0.000  0.867 0.000  1.214 0.000 999.99 0.259000   9.318 0.000   5.553 0.000   3.765 0.000 0.018 0.000  0.182 0.000
326.166667 327.166667     2.43 0.000  0.12 0.000 0.013 0.000000 0.34 0.000000 0.021 0.559 99.999 0.259 99.999 0.259 999.99 0.259000   6.153 0.000   4.492 0.000   1.661 0.000 0.007 0.000  0.172 0.559
329.166667 330.166667     4.21 0.000  0.93 0.000 9.999 0.259000 0.16 0.000000 0.032 0.559  0.006 0.000  0.008 0.000 999.99 0.259000   9.729 0.000   7.065 0.000   2.664 0.000 0.021 0.000  0.347 0.559
332.166667 333.166667     3.67 0.000  2.14 0.000 9.999 0.259000 0.11 0.000000 0.024 0.559  0.097 0.000  0.135 0.000 999.99 0.259000   7.839 0.000   5.696 0.000   2.144 0.000 0.022 0.000  0.181 0.559
335.166667 336.166667     2.40 0.000  1.71 0.000 9.999 0.259000 0.17 0.000000 0.020 0.559  0.229 0.000  0.320 0.000 999.99 0.259000   7.939 0.000   6.147 0.000   1.792 0.000 0.017 0.000  0.110 0.559
338.166667 339.166667     1.77 0.000 99.99 0.259 9.999 0.259000 0.23 0.000000 9.999 0.999  0.195 0.000  0.273 0.000 999.99 0.259000  10.928 0.000   8.543 0.000   2.385 0.000 0.018 0.000 99.999 0.999
341.166667 342.166667     9.31 0.000  0.15 0.000 9.999 0.259000 0.43 0.000000 9.999 0.999  0.025 0.000  0.035 0.000 999.99 0.259000  14.788 0.000  10.441 0.000   4.348 0.000 0.040 0.000 99.999 0.999
344.166667 345.166667    13.39 0.000  0.25 0.000 0.030 0.000000 0.27 0.000000 9.999 0.999  0.200 0.000  0.279 0.000 999.99 0.259000   7.972 0.000   4.620 0.000   3.351 0.000 0.026 0.000 99.999 0.999
347.166667 348.166667     1.26 0.000 99.99 0.259 9.999 0.259000 0.12 0.000000 9.999 0.999  0.137 0.000  0.192 0.000 999.99 0.259000   8.384 0.000   6.526 0.000   1.858 0.000 0.014 0.000 99.999 0.999
350.166667 351.166667    39.73 0.000 99.99 0.259 9.999 0.259000 0.15 0.000000 0.037 0.559  0.132 0.000  0.184 0.000 999.99 0.259000  15.792 0.000  10.978 0.000   4.815 0.000 0.070 0.000  0.177 0.559
353.166667 354.166667     2.50 0.000  0.08 0.000 9.999 0.259000 0.41 0.000000 0.029 0.559  0.157 0.000  0.219 0.000 999.99 0.259000   9.427 0.000   7.082 0.000   2.345 0.000 0.016 0.000  0.186 0.559
356.166667 357.166667     2.18 0.000 99.99 0.259 9.999 0.259000 0.15 0.000000 0.023 0.559  0.081 0.000  0.113 0.000  26.49 0.000000  11.012 0.000   8.616 0.000   2.397 0.000 0.019 0.000  0.117 0.559
359.166667 360.166667     1.11 0.000  1.19 0.000 0.038 0.000000 0.42 0.000000 0.020 0.559  0.105 0.000  0.148 0.000 999.99 0.259000   9.389 0.000   7.013 0.000   2.377 0.000 0.017 0.000  0.109 0.559
362.166667 363.166667     1.66 0.000 99.99 0.259 9.999 0.259000 0.09 0.000000 0.019 0.559  0.114 0.000  0.160 0.000 999.99 0.259000  15.155 0.000  11.480 0.000   3.675 0.000 0.028 0.000  0.163 0.559
