scripts/IMPROVE-2019_partial/data/US5501R.20040101040000.20191216000000.filterpack..pm25.52w.1w.US03L_filterpack_US5501.US03L_IMPROVE_Davis.lev2.nas
66 1001
MISSING INFORMATION
US03L, IMPROVE, , , , , , , 
MISSING INFORMATION
IMPROVE sel_HTAP
1 1
2004 01 01 2019 12 16
3.000000
days from file reference point
27
1 1 1 1 1 1 1 1 1 1 1 1 1 1 1 1 1 1 1 1 1 1 1 1 1 1 1
999.999999 99999.99 9.999 9999.99 9.999999 9.999 9.999999 9.99 9.999999 9.999 9.999999 99.999 9.999 99.999 9.999 999.99 9.999999 999.999 9.999 999.999 9.999 999.999 9.999 9.999 9.999 99.999 9.999999
end_time of measurement, days from the file reference point
iron, ng/m3, Revision date=20181210133000
numflag iron, no unit, Revision date=20181210133000
lead, ng/m3, Revision date=20181210133000
numflag lead, no unit, Revision date=20181210133000
magnesium, ug/m3, Revision date=20181210133000
numflag magnesium, no unit, Revision date=20181210133000
nickel, ng/m3, Revision date=20181210133000
numflag nickel, no unit, Revision date=20181210133000
nitrate, ug N/m3, Revision date=20181210133000
numflag nitrate, no unit, Revision date=20181210133000
organic_carbon, ug C/m3, Revision date=20181210133000
numflag organic_carbon, no unit, Revision date=20181210133000
organic_mass, ug/m3, Revision date=20181210133000
numflag organic_mass, no unit, Revision date=20181210133000
phosphorus, ng/m3, Revision date=20181210133000
numflag phosphorus, no unit, Revision date=20181210133000
pm10_mass, ug/m3, Version=2, Version description=Data extracted from http://views.cira.colostate.edu/fed/DataWizard 2019-12-16, Sample duration=1d, Orig. time res.=3d, Matrix=pm10, Blank correction=Blank corrected, Volume std. temperature=ambient, Volume std. pressure=ambient
numflag pm10_mass, no unit, Version=2, Version description=Data extracted from http://views.cira.colostate.edu/fed/DataWizard 2019-12-16, Sample duration=1d, Orig. time res.=3d, Matrix=pm10, Blank correction=Blank corrected, Volume std. temperature=ambient, Volume std. pressure=ambient
pm10_pm25_mass, ug/m3, Revision date=20181210133000, Matrix=pm10_pm25
numflag pm10_pm25_mass, no unit, Revision date=20181210133000, Matrix=pm10_pm25
pm25_mass, ug/m3, Version=2, Version description=Data extracted from http://views.cira.colostate.edu/fed/DataWizard 2019-12-16, Sample duration=1d, Orig. time res.=3d, Blank correction=Blank corrected, Volume std. temperature=ambient, Volume std. pressure=ambient
numflag pm25_mass, no unit, Version=2, Version description=Data extracted from http://views.cira.colostate.edu/fed/DataWizard 2019-12-16, Sample duration=1d, Orig. time res.=3d, Blank correction=Blank corrected, Volume std. temperature=ambient, Volume std. pressure=ambient
potassium, ug/m3, Revision date=20181210133000
numflag potassium, no unit, Revision date=20181210133000
sulphate_total, ug S/m3, Revision date=20181210133000
numflag sulphate_total, no unit, Revision date=20181210133000
0
25
Data definition:              EBAS_1.1
Set type code:                TU
Timezone:                     UTC
File name:                    US5501R.20040101040000.20191216000000.filterpack..pm25.52w.1w.US03L_filterpack_US5501.US03L_IMPROVE_Davis.lev2.nas
File creation:                20191218120509
Startdate:                    20040101040000
Revision date:                20191216000000
Statistics:                   arithmetic mean
Data level:                   2
Period code:                  52w
Resolution code:              1w
Station code:                 US5501R
Platform code:                US5501S
Station name:                 Virgin Islands National Park-Lind Point (VI01)
Station latitude:             18.3362
Station longitude:            -64.7962
Station altitude:             56.0 m
Regime:                       IMG
Component:                    
Matrix:                       pm25
Laboratory code:              US03L
Instrument type:              filterpack
Instrument name:              filterpack_US5501
Method ref:                   US03L_IMPROVE_Davis
starttime endtime Fe flag_Fe Pb flag_Pb Mg++ flag_Mg++ Ni flag_Ni NO3- flag_NO3- OC flag_OC OM flag_OM P flag_P PM10 flag_PM10 PM10-PM2.5 flag_PM10-PM2.5 PM2.5 flag_PM2.5 K+ flag_K+ SO4-- flag_SO4--
[from data line 77]
231.166667 232.166667    16.45 0.000    0.17 0.000000 9.999 0.259000 0.23 0.000000 0.034 0.559000  0.302 0.000  0.423 0.000 999.99 0.259000  12.224 0.000   9.593 0.000   2.631 0.000 0.022 0.000  0.198 0.559000
234.166667 235.166667   195.59 0.000    0.57 0.000000 0.072 0.000000 0.05 0.000000 0.054 0.559000  0.072 0.000  0.100 0.000 999.99 0.259000  40.867 0.000  36.066 0.000   4.800 0.000 0.076 0.000  0.353 0.559000
237.166667 238.166667     8.56 0.000    0.18 0.000000 9.999 0.259000 0.24 0.000000 0.033 0.559000  0.025 0.000  0.035 0.000 999.99 0.259000   9.531 0.000   8.592 0.000   0.938 0.000 0.008 0.000  0.215 0.559000
240.166667 241.166667    10.27 0.000    0.25 0.000000 9.999 0.259000 0.11 0.000000 0.030 0.559000  0.040 0.000  0.056 0.000 999.99 0.259000   9.078 0.000   8.280 0.000   0.799 0.000 0.009 0.000  0.194 0.559000
243.166667 244.166667    16.16 0.000 9999.99 0.259000 9.999 0.259000 0.65 0.000000 0.045 0.559000 99.999 0.259 99.999 0.259 999.99 0.259000  19.395 0.000  17.892 0.000   1.503 0.000 0.015 0.000  0.416 0.559000
246.166667 247.166667     4.79 0.000 9999.99 0.259000 9.999 0.259000 9.99 0.259000 0.028 0.559000 99.999 0.259 99.999 0.259   8.48 0.000000   9.602 0.000   8.111 0.000   1.490 0.000 0.007 0.000  0.492 0.559000
249.166667 250.166667    13.72 0.000 9999.99 0.259000 0.024 0.000000 0.20 0.000000 0.028 0.559000  0.052 0.000  0.073 0.000 999.99 0.259000  10.815 0.000   9.751 0.000   1.064 0.000 0.013 0.000  0.266 0.559000
252.166667 253.166667   120.50 0.000    0.34 0.000000 9.999 0.259000 0.08 0.000000 0.080 0.559000  0.012 0.000  0.017 0.000 999.99 0.259000  46.617 0.000  42.988 0.000   3.629 0.000 0.052 0.000  0.386 0.559000
255.166667 256.166667    11.35 0.000    0.19 0.000000 9.999 0.259000 0.40 0.000000 0.056 0.559000  0.099 0.000  0.139 0.000 999.99 0.259000  10.435 0.000   9.115 0.000   1.320 0.000 0.010 0.000  0.261 0.559000
258.166667 259.166667     4.26 0.394 9999.99 0.394259 9.999 0.394259 0.20 0.394000 0.028 0.559394  1.041 0.000  1.458 0.000 999.99 0.394259  10.918 0.000   8.416 0.000   2.502 0.000 0.033 0.394  0.242 0.559394
261.166667 262.166667    50.20 0.000 9999.99 0.259000 9.999 0.259000 0.25 0.000000 0.042 0.559000  0.048 0.000  0.067 0.000 999.99 0.259000  15.852 0.000  13.352 0.000   2.500 0.000 0.023 0.000  0.442 0.559000
264.166667 265.166667   203.05 0.000   24.42 0.000000 9.999 0.259000 0.29 0.000000 0.097 0.559000  0.135 0.000  0.189 0.000 999.99 0.259000  45.548 0.000  39.175 0.000   6.374 0.000 0.080 0.000  0.562 0.559000
267.166667 268.166667    32.08 0.000 9999.99 0.259000 9.999 0.259000 0.52 0.000000 0.079 0.559000  0.087 0.000  0.122 0.000 999.99 0.259000  10.346 0.000   7.797 0.000   2.548 0.000 0.016 0.000  0.562 0.559000
270.166667 271.166667    30.60 0.000    2.54 0.000000 9.999 0.259000 0.16 0.000000 0.033 0.559000  0.015 0.000  0.021 0.000 999.99 0.259000   7.525 0.000   5.565 0.000   1.960 0.000 0.023 0.000  0.409 0.559000
273.166667 274.166667    31.05 0.000 9999.99 0.259000 9.999 0.259000 0.32 0.000000 0.041 0.559000  0.045 0.000  0.063 0.000 999.99 0.259000   8.751 0.000   6.899 0.000   1.852 0.000 0.018 0.000  0.283 0.559000
276.166667 277.166667   166.97 0.000    1.10 0.000000 9.999 0.259000 0.30 0.000000 0.075 0.559000  0.091 0.000  0.127 0.000 999.99 0.259000  32.950 0.000  27.943 0.000   5.006 0.000 0.082 0.000  0.560 0.559000
279.166667 280.166667 99999.99 0.999 9999.99 0.999000 9.999 0.999000 9.99 0.999000 9.999 0.999000 99.999 0.999 99.999 0.999 999.99 0.999000 999.999 0.999 999.999 0.999 999.999 0.999 9.999 0.999 99.999 0.999000
282.166667 283.166667     2.52 0.000    2.99 0.000000 0.068 0.000000 0.46 0.000000 0.034 0.559000  0.254 0.000  0.355 0.000 999.99 0.259000   4.966 0.000   3.495 0.000   1.470 0.000 0.007 0.000  0.246 0.559000
285.166667 286.166667    13.08 0.000    0.96 0.000000 0.043 0.000000 0.78 0.000000 0.041 0.559000  0.111 0.000  0.155 0.000 999.99 0.259000   6.991 0.000   4.755 0.000   2.236 0.000 0.032 0.000  0.509 0.559000
288.166667 289.166667     3.10 0.000  126.12 0.000000 9.999 0.259000 0.05 0.000000 0.038 0.559000  0.124 0.000  0.174 0.000 999.99 0.259000   6.767 0.000   4.953 0.000   1.814 0.000 0.035 0.000  0.341 0.559000
291.166667 292.166667     2.24 0.000   52.21 0.000000 9.999 0.259000 0.08 0.000000 0.025 0.559000  0.055 0.000  0.077 0.000 999.99 0.259000   8.132 0.000   6.901 0.000   1.231 0.000 0.024 0.000  0.213 0.559000
294.166667 295.166667 99999.99 0.999 9999.99 0.999000 9.999 0.999000 9.99 0.999000 9.999 0.999000 99.999 0.999 99.999 0.999 999.99 0.999000 999.999 0.999 999.999 0.999 999.999 0.999 9.999 0.999 99.999 0.999000
297.166667 298.166667 99999.99 0.999 9999.99 0.999000 9.999 0.999000 9.99 0.999000 9.999 0.999000 99.999 0.999 99.999 0.999 999.99 0.999000 999.999 0.999 999.999 0.999 999.999 0.999 9.999 0.999 99.999 0.999000
300.166667 301.166667     5.24 0.000    2.47 0.000000 9.999 0.259000 0.43 0.000000 0.042 0.559000  0.080 0.000  0.111 0.000 999.99 0.259000  11.444 0.000   9.057 0.000   2.387 0.000 0.009 0.000  0.494 0.559000
303.166667 304.166667    49.83 0.000    8.64 0.000000 9.999 0.259000 0.16 0.000000 0.037 0.559000  0.035 0.000  0.049 0.000 999.99 0.259000  11.617 0.000   8.978 0.000   2.639 0.000 0.061 0.000  0.310 0.559000
306.166667 307.166667   152.88 0.000    2.52 0.000000 9.999 0.259000 0.12 0.000000 0.061 0.559000  0.109 0.000  0.152 0.000 999.99 0.259000  21.332 0.000  16.592 0.000   4.740 0.000 0.131 0.000  0.324 0.559000
309.166667 310.166667     2.64 0.000    1.63 0.000000 9.999 0.259000 0.54 0.000000 0.056 0.559000  0.096 0.000  0.135 0.000 999.99 0.259000  10.755 0.000   8.575 0.000   2.180 0.000 0.015 0.000  0.403 0.559000
312.166667 313.166667     6.22 0.000    0.13 0.000000 9.999 0.259000 0.21 0.000000 0.025 0.559000  0.030 0.000  0.042 0.000 999.99 0.259000  10.127 0.000   8.738 0.000   1.389 0.000 0.011 0.000  0.188 0.559000
315.166667 316.166667     0.37 0.000    0.55 0.000000 0.048 0.000000 9.99 0.259000 0.015 0.559000  0.000 0.000  0.000 0.000 999.99 0.259000   8.698 0.000   7.886 0.000   0.812 0.000 0.006 0.000  0.071 0.559000
318.166667 319.166667     0.62 0.000    0.61 0.000000 9.999 0.259000 0.13 0.000000 0.012 0.559000  0.065 0.000  0.091 0.000 999.99 0.259000  11.199 0.000   9.134 0.000   2.065 0.000 0.013 0.000  0.116 0.559000
321.166667 322.166667     2.16 0.000    0.33 0.000000 9.999 0.259000 9.99 0.259000 0.038 0.000000  0.009 0.000  0.012 0.000 999.99 0.259000  14.444 0.000  11.960 0.000   2.484 0.000 0.018 0.000  0.249 0.000000
324.166667 325.166667     8.85 0.000    0.98 0.000000 9.999 0.259000 0.30 0.000000 0.039 0.000000  0.074 0.000  0.104 0.000 999.99 0.259000  10.803 0.000   8.731 0.000   2.072 0.000 0.018 0.000  0.268 0.000000
327.166667 328.166667     0.99 0.000    1.32 0.000000 0.075 0.000000 0.21 0.000000 0.028 0.000000  0.033 0.000  0.046 0.000 999.99 0.259000   6.042 0.000   5.025 0.000   1.017 0.000 0.010 0.000  0.131 0.000000
330.166667 331.166667     1.86 0.000    1.66 0.000000 0.048 0.000000 0.27 0.000000 0.035 0.000000  0.077 0.000  0.109 0.000 999.99 0.259000   7.942 0.000   6.243 0.000   1.700 0.000 0.014 0.000  0.260 0.000000
333.166667 334.166667     1.69 0.000    0.29 0.000000 0.066 0.000000 0.25 0.000000 0.032 0.000000  0.018 0.000  0.025 0.000 999.99 0.259000   7.108 0.000   5.756 0.000   1.352 0.000 0.010 0.000  0.182 0.000000
336.166667 337.166667     3.94 0.559    0.75 0.559000 9.999 0.559259 0.49 0.559000 0.039 0.000000  0.164 0.000  0.229 0.000 999.99 0.559259   5.848 0.000   4.368 0.000   1.480 0.559 0.012 0.559  0.193 0.000000
339.166667 340.166667     1.78 0.000    0.42 0.000000 9.999 0.259000 0.20 0.000000 0.038 0.000000  0.143 0.000  0.201 0.000 999.99 0.259000   8.136 0.000   6.538 0.000   1.598 0.000 0.009 0.000  0.173 0.000000
342.166667 343.166667     4.06 0.000    0.70 0.000000 9.999 0.259000 0.37 0.000000 0.030 0.000000  0.755 0.000  1.057 0.000 999.99 0.259000   7.351 0.000   5.723 0.000   1.627 0.000 0.017 0.000  0.175 0.000000
345.166667 346.166667     1.75 0.559    0.18 0.559000 9.999 0.559259 0.25 0.559000 0.047 0.000000  0.138 0.000  0.193 0.000 999.99 0.559259  13.519 0.000  10.804 0.000   2.715 0.559 0.020 0.559  0.170 0.000000
348.166667 349.166667     2.44 0.559    1.58 0.559000 0.026 0.559000 0.14 0.559000 0.025 0.000000  0.239 0.000  0.335 0.000 999.99 0.559259 999.999 0.456 999.999 0.999   1.636 0.559 0.014 0.559  0.103 0.000000
351.166667 352.166667     1.32 0.000    3.29 0.000000 9.999 0.259000 0.24 0.000000 0.033 0.000000  0.103 0.000  0.144 0.000   6.71 0.000000  11.452 0.000   9.451 0.000   2.001 0.000 0.018 0.000  0.160 0.000000
354.166667 355.166667     1.75 0.000    0.55 0.000000 9.999 0.259000 0.20 0.000000 0.046 0.000000  0.155 0.000  0.217 0.000 999.99 0.259000  10.848 0.000   8.759 0.000   2.089 0.000 0.016 0.000  0.176 0.000000
357.166667 358.166667     1.43 0.000    1.42 0.000000 9.999 0.259000 0.25 0.000000 0.044 0.000000  0.150 0.000  0.210 0.000  13.98 0.000000  14.945 0.000  11.998 0.000   2.947 0.000 0.027 0.000  0.164 0.000000
360.166667 361.166667     1.47 0.000    1.22 0.000000 9.999 0.259000 0.15 0.000000 0.032 0.559000  0.056 0.000  0.078 0.000   3.97 0.000000  10.995 0.000   9.245 0.000   1.751 0.000 0.018 0.000  0.128 0.559000
363.166667 364.166667     0.64 0.000    1.31 0.000000 0.086 0.000000 0.22 0.000000 0.036 0.000000  0.091 0.000  0.128 0.000   4.32 0.000000  13.523 0.000  11.458 0.000   2.065 0.000 0.018 0.000  0.135 0.000000
