scripts/IMPROVE-2019_partial/data/US5501R.20020102040000.20191216000000.filterpack..pm25.52w.1w.US03L_filterpack_US5501.US03L_IMPROVE_Davis.lev2.nas
66 1001
MISSING INFORMATION
US03L, IMPROVE, , , , , , , 
MISSING INFORMATION
IMPROVE sel_HTAP
1 1
2002 01 01 2019 12 16
3.000000
days from file reference point
27
1 1 1 1 1 1 1 1 1 1 1 1 1 1 1 1 1 1 1 1 1 1 1 1 1 1 1
999.999999 99999.99 9.999 999.99 9.999 9.999 9.999999 9.99 9.999 9.999 9.999999 99.999 9.999 99.999 9.999 999.99 9.999999 999.999 9.999 999.999 9.999 999.999 9.999 9.999 9.999 9.999 9.999
end_time of measurement, days from the file reference point
iron, ng/m3, Revision date=20181210133000
numflag iron, no unit, Revision date=20181210133000
lead, ng/m3, Revision date=20181210133000
numflag lead, no unit, Revision date=20181210133000
magnesium, ug/m3, Revision date=20181210133000
numflag magnesium, no unit, Revision date=20181210133000
nickel, ng/m3, Revision date=20181210133000
numflag nickel, no unit, Revision date=20181210133000
nitrate, ug N/m3, Revision date=20181210133000
numflag nitrate, no unit, Revision date=20181210133000
organic_carbon, ug C/m3, Revision date=20181210133000
numflag organic_carbon, no unit, Revision date=20181210133000
organic_mass, ug/m3, Revision date=20181210133000
numflag organic_mass, no unit, Revision date=20181210133000
phosphorus, ng/m3, Revision date=20181210133000
numflag phosphorus, no unit, Revision date=20181210133000
pm10_mass, ug/m3, Version=2, Version description=Data extracted from http://views.cira.colostate.edu/fed/DataWizard 2019-12-16, Sample duration=1d, Orig. time res.=3d, Matrix=pm10, Blank correction=Blank corrected, Volume std. temperature=ambient, Volume std. pressure=ambient
numflag pm10_mass, no unit, Version=2, Version description=Data extracted from http://views.cira.colostate.edu/fed/DataWizard 2019-12-16, Sample duration=1d, Orig. time res.=3d, Matrix=pm10, Blank correction=Blank corrected, Volume std. temperature=ambient, Volume std. pressure=ambient
pm10_pm25_mass, ug/m3, Revision date=20181210133000, Matrix=pm10_pm25
numflag pm10_pm25_mass, no unit, Revision date=20181210133000, Matrix=pm10_pm25
pm25_mass, ug/m3, Version=2, Version description=Data extracted from http://views.cira.colostate.edu/fed/DataWizard 2019-12-16, Sample duration=1d, Orig. time res.=3d, Blank correction=Blank corrected, Volume std. temperature=ambient, Volume std. pressure=ambient
numflag pm25_mass, no unit, Version=2, Version description=Data extracted from http://views.cira.colostate.edu/fed/DataWizard 2019-12-16, Sample duration=1d, Orig. time res.=3d, Blank correction=Blank corrected, Volume std. temperature=ambient, Volume std. pressure=ambient
potassium, ug/m3, Revision date=20181210133000
numflag potassium, no unit, Revision date=20181210133000
sulphate_total, ug S/m3, Revision date=20181210133000
numflag sulphate_total, no unit, Revision date=20181210133000
0
25
Data definition:              EBAS_1.1
Set type code:                TU
Timezone:                     UTC
File name:                    US5501R.20020102040000.20191216000000.filterpack..pm25.52w.1w.US03L_filterpack_US5501.US03L_IMPROVE_Davis.lev2.nas
File creation:                20191218120508
Startdate:                    20020102040000
Revision date:                20191216000000
Statistics:                   arithmetic mean
Data level:                   2
Period code:                  52w
Resolution code:              1w
Station code:                 US5501R
Platform code:                US5501S
Station name:                 Virgin Islands National Park-Lind Point (VI01)
Station latitude:             18.3362
Station longitude:            -64.7962
Station altitude:             56.0 m
Regime:                       IMG
Component:                    
Matrix:                       pm25
Laboratory code:              US03L
Instrument type:              filterpack
Instrument name:              filterpack_US5501
Method ref:                   US03L_IMPROVE_Davis
starttime endtime Fe flag_Fe Pb flag_Pb Mg++ flag_Mg++ Ni flag_Ni NO3- flag_NO3- OC flag_OC OM flag_OM P flag_P PM10 flag_PM10 PM10-PM2.5 flag_PM10-PM2.5 PM2.5 flag_PM2.5 K+ flag_K+ SO4-- flag_SO4--
  1.166667   2.166667     2.90 0.000   0.87 0.000 9.999 0.259000 0.37 0.000 0.017 0.559000  0.255 0.000  0.357 0.000   6.94 0.000000   7.812 0.000   7.574 0.000   0.238 0.000 0.025 0.000 0.233 0.559
  4.166667   5.166667     0.73 0.000 999.99 0.259 9.999 0.259000 0.25 0.000 0.016 0.559000  0.181 0.000  0.254 0.000 999.99 0.259000   8.855 0.000   8.084 0.000   0.772 0.000 0.025 0.000 0.180 0.559
  7.166667   8.166667    12.24 0.559   0.82 0.559 0.051 0.559000 0.50 0.559 0.030 0.559000  2.821 0.000  3.949 0.000 999.99 0.559259  12.526 0.000   7.851 0.000   4.676 0.559 0.027 0.559 0.176 0.559
 10.166667  11.166667     3.33 0.000 999.99 0.259 9.999 0.259000 0.17 0.000 0.020 0.000000  0.194 0.000  0.271 0.000 999.99 0.259000   7.550 0.000   7.491 0.000   0.059 0.000 0.018 0.000 0.148 0.000
 13.166667  14.166667     4.40 0.000   0.20 0.000 9.999 0.259000 0.15 0.000 9.999 0.559259  0.136 0.000  0.190 0.000 999.99 0.259000  11.218 0.000  10.436 0.000   0.782 0.000 0.024 0.000 0.119 0.559
 16.166667  17.166667     2.42 0.000   0.33 0.000 9.999 0.259000 9.99 0.259 9.999 0.259000  0.275 0.000  0.385 0.000  12.83 0.000000  13.527 0.000   9.981 0.000   3.546 0.000 0.023 0.000 0.074 0.000
 19.166667  20.166667    85.69 0.000   0.22 0.000 9.999 0.259000 9.99 0.259 0.004 0.000000  0.170 0.000  0.238 0.000 999.99 0.259000  19.910 0.000  12.753 0.000   7.157 0.000 0.065 0.000 0.136 0.000
 22.166667  23.166667    13.35 0.000   0.87 0.000 9.999 0.259000 0.11 0.000 9.999 0.259000  0.137 0.000  0.192 0.000 999.99 0.259000   8.861 0.000   6.398 0.000   2.463 0.000 0.024 0.000 0.070 0.000
 25.166667  26.166667     5.18 0.000   0.36 0.000 9.999 0.259000 9.99 0.259 9.999 0.259000  0.145 0.000  0.203 0.000 999.99 0.259000  12.670 0.000   9.002 0.000   3.668 0.000 0.027 0.000 0.094 0.000
 28.166667  29.166667     2.83 0.000   1.28 0.000 9.999 0.259000 0.11 0.000 0.002 0.000000  0.215 0.000  0.301 0.000 999.99 0.259000  14.370 0.000  10.911 0.000   3.458 0.000 0.027 0.000 0.130 0.000
 31.166667  32.166667    88.93 0.000 999.99 0.259 0.093 0.000000 9.99 0.259 9.999 0.559259  0.136 0.000  0.191 0.000 999.99 0.259000  22.714 0.000  14.399 0.000   8.315 0.000 0.078 0.000 0.110 0.559
 34.166667  35.166667   230.97 0.000   0.26 0.000 9.999 0.259000 9.99 0.259 0.006 0.559000  0.240 0.000  0.336 0.000 999.99 0.259000  20.168 0.000  12.072 0.000   8.097 0.000 0.110 0.000 0.115 0.559
 37.166667  38.166667   100.82 0.000   0.22 0.000 9.999 0.259000 9.99 0.259 0.020 0.559000  0.200 0.000  0.280 0.000 999.99 0.259000  12.840 0.000   9.902 0.000   2.938 0.000 0.066 0.000 0.147 0.559
 40.166667  41.166667   146.77 0.000   0.29 0.000 9.999 0.259000 9.99 0.259 0.023 0.559000  0.213 0.000  0.298 0.000 999.99 0.259000  15.071 0.000  10.959 0.000   4.112 0.000 0.071 0.000 0.146 0.559
 43.166667  44.166667 99999.99 0.999 999.99 0.999 9.999 0.999000 9.99 0.999 9.999 0.999000 99.999 0.999 99.999 0.999 999.99 0.999000 999.999 0.999 999.999 0.999 999.999 0.999 9.999 0.999 9.999 0.999
 46.166667  47.166667 99999.99 0.999 999.99 0.999 9.999 0.999000 9.99 0.999 9.999 0.999000 99.999 0.999 99.999 0.999 999.99 0.999000 999.999 0.999 999.999 0.999 999.999 0.999 9.999 0.999 9.999 0.999
 49.166667  50.166667 99999.99 0.999 999.99 0.999 9.999 0.999000 9.99 0.999 9.999 0.999000 99.999 0.999 99.999 0.999 999.99 0.999000 999.999 0.999 999.999 0.999 999.999 0.999 9.999 0.999 9.999 0.999
 52.166667  53.166667    18.29 0.000   0.47 0.000 0.060 0.000000 9.99 0.259 0.029 0.000000  0.173 0.000  0.242 0.000 999.99 0.259000  16.216 0.000  12.122 0.000   4.094 0.000 0.045 0.000 0.194 0.000
 55.166667  56.166667    10.63 0.000   1.00 0.000 9.999 0.259000 0.41 0.000 0.024 0.000000  0.316 0.000  0.442 0.000 999.99 0.259000  11.868 0.000   8.751 0.000   3.117 0.000 0.026 0.000 0.220 0.000
 58.166667  59.166667 99999.99 0.999 999.99 0.999 9.999 0.999000 9.99 0.999 9.999 0.999000 99.999 0.999 99.999 0.999 999.99 0.999000 999.999 0.999 999.999 0.999 999.999 0.999 9.999 0.999 9.999 0.999
 61.166667  62.166667 99999.99 0.999 999.99 0.999 9.999 0.999000 9.99 0.999 9.999 0.999000 99.999 0.999 99.999 0.999 999.99 0.999000 999.999 0.999 999.999 0.999 999.999 0.999 9.999 0.999 9.999 0.999
 64.166667  65.166667 99999.99 0.999 999.99 0.999 9.999 0.999000 9.99 0.999 9.999 0.999000 99.999 0.999 99.999 0.999 999.99 0.999000 999.999 0.999 999.999 0.999 999.999 0.999 9.999 0.999 9.999 0.999
 67.166667  68.166667 99999.99 0.999 999.99 0.999 9.999 0.999000 9.99 0.999 9.999 0.999000 99.999 0.999 99.999 0.999 999.99 0.999000 999.999 0.999 999.999 0.999 999.999 0.999 9.999 0.999 9.999 0.999
 70.166667  71.166667 99999.99 0.999 999.99 0.999 9.999 0.999000 9.99 0.999 9.999 0.999000 99.999 0.999 99.999 0.999 999.99 0.999000 999.999 0.999 999.999 0.999 999.999 0.999 9.999 0.999 9.999 0.999
 73.166667  74.166667 99999.99 0.999 999.99 0.999 9.999 0.999000 9.99 0.999 9.999 0.999000 99.999 0.999 99.999 0.999 999.99 0.999000 999.999 0.999 999.999 0.999 999.999 0.999 9.999 0.999 9.999 0.999
 76.166667  77.166667 99999.99 0.999 999.99 0.999 9.999 0.999000 9.99 0.999 9.999 0.999000 99.999 0.999 99.999 0.999 999.99 0.999000 999.999 0.999 999.999 0.999 999.999 0.999 9.999 0.999 9.999 0.999
 79.166667  80.166667    10.20 0.000   1.56 0.000 9.999 0.259000 0.27 0.000 0.038 0.000000  0.268 0.000  0.375 0.000 999.99 0.259000  12.342 0.000   7.956 0.000   4.386 0.000 0.040 0.000 0.575 0.000
 82.166667  83.166667   100.63 0.000   0.21 0.000 9.999 0.259000 0.25 0.000 0.051 0.000000  0.322 0.000  0.451 0.000 999.99 0.259000  23.001 0.000  15.610 0.000   7.391 0.000 0.074 0.000 0.222 0.000
 85.166667  86.166667 99999.99 0.999 999.99 0.999 9.999 0.999000 9.99 0.999 9.999 0.999000 99.999 0.999 99.999 0.999 999.99 0.999000 999.999 0.999 999.999 0.999 999.999 0.999 9.999 0.999 9.999 0.999
 88.166667  89.166667    20.44 0.000   2.31 0.000 9.999 0.259000 0.37 0.000 0.017 0.559000  0.184 0.000  0.258 0.000 999.99 0.259000   8.976 0.000   5.047 0.000   3.929 0.000 0.031 0.000 0.463 0.559
 91.166667  92.166667     4.77 0.000  29.57 0.000 9.999 0.259000 0.18 0.000 0.013 0.000000  0.147 0.000  0.206 0.000 999.99 0.259000  11.517 0.000   8.064 0.000   3.452 0.000 0.020 0.000 0.084 0.000
 94.166667  95.166667 99999.99 0.999 999.99 0.999 9.999 0.999000 9.99 0.999 9.999 0.999000 99.999 0.999 99.999 0.999 999.99 0.999000 999.999 0.999 999.999 0.999 999.999 0.999 9.999 0.999 9.999 0.999
 97.166667  98.166667 99999.99 0.999 999.99 0.999 9.999 0.999000 9.99 0.999 9.999 0.999000 99.999 0.999 99.999 0.999 999.99 0.999000 999.999 0.999 999.999 0.999 999.999 0.999 9.999 0.999 9.999 0.999
100.166667 101.166667 99999.99 0.999 999.99 0.999 9.999 0.999000 9.99 0.999 9.999 0.999000 99.999 0.999 99.999 0.999 999.99 0.999000 999.999 0.999 999.999 0.999 999.999 0.999 9.999 0.999 9.999 0.999
103.166667 104.166667 99999.99 0.999 999.99 0.999 9.999 0.999000 9.99 0.999 9.999 0.999000 99.999 0.999 99.999 0.999 999.99 0.999000 999.999 0.999 999.999 0.999 999.999 0.999 9.999 0.999 9.999 0.999
106.166667 107.166667     3.11 0.000   0.17 0.000 9.999 0.259000 0.18 0.000 0.010 0.000000  0.146 0.000  0.205 0.000 999.99 0.259000  12.695 0.000   9.463 0.000   3.233 0.000 0.021 0.000 0.136 0.000
109.166667 110.166667     3.91 0.000   0.33 0.000 9.999 0.259000 0.21 0.000 0.015 0.000000  0.173 0.000  0.242 0.000 999.99 0.259000  15.403 0.000  10.885 0.000   4.518 0.000 0.033 0.000 0.152 0.000
112.166667 113.166667    11.85 0.000   0.42 0.000 0.046 0.000000 0.23 0.000 0.019 0.000000  0.232 0.000  0.325 0.000 999.99 0.259000  14.072 0.000   9.640 0.000   4.432 0.000 0.029 0.000 0.193 0.000
115.166667 116.166667     3.11 0.000   0.22 0.000 9.999 0.259000 0.25 0.000 0.016 0.559000  0.177 0.000  0.247 0.000 999.99 0.259000  10.144 0.000   6.885 0.000   3.259 0.000 0.015 0.000 0.167 0.559
118.166667 119.166667   327.89 0.000   0.70 0.000 9.999 0.259000 0.23 0.000 0.040 0.000000  0.244 0.000  0.341 0.000 999.99 0.259000  29.358 0.000  16.268 0.000  13.090 0.000 0.154 0.000 0.352 0.000
121.166667 122.166667   322.63 0.000   0.52 0.000 9.999 0.259000 0.16 0.000 0.054 0.559000  0.238 0.000  0.334 0.000 999.99 0.259000  25.535 0.000  13.552 0.000  11.984 0.000 0.160 0.000 0.280 0.559
124.166667 125.166667    29.12 0.000   0.21 0.000 0.034 0.000000 9.99 0.259 0.022 0.559000  0.168 0.000  0.236 0.000 999.99 0.259000  18.285 0.000  13.016 0.000   5.268 0.000 0.035 0.000 0.136 0.559
127.166667 128.166667    14.49 0.000   0.62 0.000 9.999 0.259000 0.23 0.000 0.021 0.559000  0.184 0.000  0.258 0.000 999.99 0.259000   9.947 0.000   7.043 0.000   2.904 0.000 0.026 0.000 0.200 0.559
130.166667 131.166667     8.60 0.000   0.11 0.000 9.999 0.259000 9.99 0.259 0.013 0.559000  0.145 0.000  0.203 0.000 999.99 0.259000  17.029 0.000  12.439 0.000   4.590 0.000 0.034 0.000 0.163 0.559
133.166667 134.166667    14.67 0.000   0.15 0.000 0.064 0.000000 0.15 0.000 0.021 0.000000  0.213 0.000  0.298 0.000 999.99 0.259000  13.502 0.000   9.704 0.000   3.798 0.000 0.026 0.000 0.166 0.000
136.166667 137.166667    15.78 0.000   0.14 0.000 9.999 0.259000 9.99 0.259 0.020 0.000000  0.151 0.000  0.211 0.000 999.99 0.259000  17.542 0.000  12.542 0.000   5.000 0.000 0.038 0.000 0.175 0.000
139.166667 140.166667   135.46 0.000   0.26 0.000 9.999 0.259000 9.99 0.259 0.034 0.559000  0.394 0.000  0.551 0.000 999.99 0.259000  36.126 0.000  25.545 0.000  10.581 0.000 0.100 0.000 0.302 0.559
142.166667 143.166667   312.85 0.000   0.41 0.000 9.999 0.259000 0.22 0.000 0.027 0.559000  0.272 0.000  0.380 0.000 999.99 0.259000  42.282 0.000  27.431 0.000  14.851 0.000 0.141 0.000 0.230 0.559
145.166667 146.166667    28.25 0.000   0.23 0.000 9.999 0.259000 9.99 0.259 0.014 0.000000  0.186 0.000  0.260 0.000 999.99 0.259000  12.897 0.000   8.755 0.000   4.142 0.000 0.030 0.000 0.170 0.000
148.166667 149.166667   200.23 0.000   0.31 0.000 9.999 0.259000 0.26 0.000 0.023 0.559000  0.181 0.000  0.253 0.000 999.99 0.259000  24.019 0.000  15.027 0.000   8.992 0.000 0.080 0.000 0.169 0.559
151.166667 152.166667   224.72 0.000   1.45 0.000 9.999 0.259000 0.29 0.000 0.023 0.559000  0.300 0.000  0.421 0.000 999.99 0.259000  25.451 0.000  15.306 0.000  10.145 0.000 0.109 0.000 0.477 0.559
154.166667 155.166667   321.13 0.000   0.34 0.000 9.999 0.259000 0.62 0.000 0.041 0.559000  0.338 0.000  0.473 0.000 999.99 0.259000  37.477 0.000  23.706 0.000  13.771 0.000 0.145 0.000 0.306 0.559
157.166667 158.166667   337.48 0.000   0.33 0.000 0.057 0.000000 0.21 0.000 0.040 0.559000  0.139 0.000  0.194 0.000 999.99 0.259000  35.331 0.000  22.390 0.000  12.941 0.000 0.142 0.000 0.262 0.559
160.166667 161.166667   428.40 0.000   0.57 0.000 9.999 0.259000 0.25 0.000 0.036 0.559000  0.145 0.000  0.202 0.000 999.99 0.259000  36.297 0.000  23.224 0.000  13.074 0.000 0.148 0.000 0.224 0.559
163.166667 164.166667   235.80 0.000   0.25 0.000 9.999 0.259000 0.19 0.000 0.076 0.000000  0.058 0.000  0.081 0.000 999.99 0.259000  22.823 0.000  15.110 0.000   7.713 0.000 0.089 0.000 0.157 0.000
166.166667 167.166667    90.40 0.000   0.24 0.000 9.999 0.259000 0.14 0.000 0.025 0.000000  0.085 0.000  0.119 0.000 999.99 0.259000  16.770 0.000  11.480 0.000   5.290 0.000 0.044 0.000 0.108 0.000
169.166667 170.166667   139.66 0.000 999.99 0.259 9.999 0.259000 0.14 0.000 0.015 0.000000  0.017 0.000  0.023 0.000 999.99 0.259000  18.906 0.000  12.707 0.000   6.199 0.000 0.063 0.000 0.130 0.000
172.166667 173.166667    75.94 0.000   0.26 0.000 9.999 0.259000 9.99 0.259 0.018 0.000000  0.239 0.000  0.335 0.000 999.99 0.259000  15.957 0.000  11.196 0.000   4.761 0.000 0.041 0.000 0.159 0.000
175.166667 176.166667   504.75 0.000   0.46 0.000 9.999 0.259000 9.99 0.259 0.028 0.000000  0.216 0.000  0.303 0.000 999.99 0.259000  48.940 0.000  34.905 0.000  14.035 0.000 0.159 0.000 0.272 0.000
178.166667 179.166667   555.49 0.000   0.57 0.000 9.999 0.259000 0.21 0.000 0.034 0.000000  0.151 0.000  0.212 0.000 999.99 0.259000  49.479 0.000  32.022 0.000  17.458 0.000 0.205 0.000 0.328 0.000
181.166667 182.166667   360.97 0.000   0.41 0.000 0.062 0.000000 0.25 0.000 0.026 0.000000  0.042 0.000  0.059 0.000 999.99 0.259000  31.619 0.000  19.863 0.000  11.757 0.000 0.132 0.000 0.218 0.000
184.166667 185.166667   356.47 0.000   0.35 0.000 9.999 0.259000 9.99 0.259 0.017 0.000000  0.082 0.000  0.114 0.000 999.99 0.259000  33.377 0.000  21.428 0.000  11.949 0.000 0.132 0.000 0.214 0.000
187.166667 188.166667    60.16 0.000   0.26 0.000 9.999 0.259000 9.99 0.259 0.014 0.000000  0.048 0.000  0.068 0.000 999.99 0.259000  14.554 0.000  10.048 0.000   4.506 0.000 0.042 0.000 0.108 0.000
190.166667 191.166667    44.41 0.000   0.22 0.000 9.999 0.259000 9.99 0.259 0.012 0.000000  0.027 0.000  0.038 0.000 999.99 0.259000  16.216 0.000  11.434 0.000   4.782 0.000 0.038 0.000 0.153 0.000
193.166667 194.166667   162.80 0.000   0.43 0.000 0.039 0.000000 9.99 0.259 0.021 0.000000  0.012 0.000  0.017 0.000 999.99 0.259000  22.200 0.000  14.879 0.000   7.322 0.000 0.079 0.000 0.156 0.000
196.166667 197.166667     5.87 0.000   0.43 0.000 9.999 0.259000 9.99 0.259 0.009 0.559000 99.999 0.259 99.999 0.259 999.99 0.259000  12.500 0.000   8.930 0.000   3.570 0.000 0.029 0.000 0.115 0.559
199.166667 200.166667   254.48 0.000   0.41 0.000 9.999 0.259000 9.99 0.259 0.022 0.559000  0.046 0.000  0.064 0.000 999.99 0.259000  29.767 0.000  19.146 0.000  10.621 0.000 0.108 0.000 0.242 0.559
202.166667 203.166667    17.16 0.000   0.28 0.000 9.999 0.259000 0.11 0.000 0.013 0.000000  0.124 0.000  0.174 0.000 999.99 0.259000  15.921 0.000  11.180 0.000   4.740 0.000 0.038 0.000 0.147 0.000
205.166667 206.166667   145.55 0.000   0.22 0.000 9.999 0.259000 9.99 0.259 0.013 0.000000  0.030 0.000  0.042 0.000 999.99 0.259000  32.263 0.000  22.714 0.000   9.549 0.000 0.079 0.000 0.216 0.000
208.166667 209.166667   159.84 0.000   0.58 0.000 9.999 0.259000 0.15 0.000 0.024 0.000000 99.999 0.259 99.999 0.259 999.99 0.259000  22.854 0.000  15.152 0.000   7.703 0.000 0.081 0.000 0.319 0.000
211.166667 212.166667   708.77 0.000   0.98 0.000 9.999 0.259000 0.34 0.000 0.032 0.559000  0.196 0.000  0.275 0.000 999.99 0.259000  46.030 0.000  30.483 0.000  15.547 0.000 0.251 0.000 0.434 0.559
214.166667 215.166667   869.31 0.000   1.66 0.000 9.999 0.259000 0.52 0.000 0.032 0.559000  0.293 0.000  0.410 0.000 999.99 0.259000  58.954 0.000  35.934 0.000  23.020 0.000 0.323 0.000 0.859 0.559
217.166667 218.166667   270.49 0.000   0.22 0.000 9.999 0.259000 0.25 0.000 0.020 0.559000  0.184 0.000  0.258 0.000 999.99 0.259000  27.764 0.000  18.157 0.000   9.607 0.000 0.119 0.000 0.193 0.559
220.166667 221.166667   636.00 0.559   0.73 0.559 9.999 0.559259 0.25 0.559 0.020 0.559000  0.114 0.000  0.160 0.000 999.99 0.559259  33.746 0.000  18.563 0.000  15.182 0.559 0.251 0.559 0.165 0.559
223.166667 224.166667   261.02 0.000   0.32 0.000 9.999 0.259000 0.22 0.000 0.019 0.559000  0.027 0.000  0.038 0.000 999.99 0.259000  26.088 0.000  16.986 0.000   9.102 0.000 0.115 0.000 0.164 0.559
226.166667 227.166667   149.68 0.000   0.18 0.000 0.020 0.000000 0.25 0.000 0.014 0.559000 99.999 0.259 99.999 0.259 999.99 0.259000  20.833 0.000  14.162 0.000   6.671 0.000 0.066 0.000 0.105 0.559
229.166667 230.166667    81.36 0.000   0.19 0.000 9.999 0.259000 0.12 0.000 0.011 0.559000 99.999 0.259 99.999 0.259 999.99 0.259000  10.104 0.000   6.556 0.000   3.549 0.000 0.040 0.000 0.118 0.559
232.166667 233.166667    74.31 0.000   0.18 0.000 9.999 0.259000 9.99 0.259 0.010 0.559000 99.999 0.259 99.999 0.259 999.99 0.259000  16.834 0.000  11.717 0.000   5.117 0.000 0.053 0.000 0.145 0.559
235.166667 236.166667   233.50 0.000   0.22 0.000 9.999 0.259000 0.24 0.000 0.018 0.559000  0.072 0.000  0.101 0.000 999.99 0.259000  23.825 0.000  15.479 0.000   8.346 0.000 0.100 0.000 0.175 0.559
238.166667 239.166667   109.58 0.000   0.33 0.000 9.999 0.259000 0.15 0.000 0.013 0.559000 99.999 0.259 99.999 0.259 999.99 0.259000  15.716 0.000  10.700 0.000   5.017 0.000 0.051 0.000 0.168 0.559
