scripts/IMPROVE-2019_partial/data/US5501R.20100102040000.20191216000000.filterpack...52w.3d.US03L_filterpack_US5501.US03L_IMPROVE_Davis.lev2.nas
52 1001
MISSING INFORMATION
US03L, IMPROVE, , , , , , , 
MISSING INFORMATION
IMPROVE sel_HTAP
1 1
2010 01 01 2019 12 16
3.000000
days from file reference point
5
1 1 1 1 1
999.999999 9999.999 9.999 999.999 9.999
end_time of measurement, days from the file reference point
pm10_mass, ug/m3, Matrix=pm10
numflag pm10_mass, no unit, Matrix=pm10
pm25_mass, ug/m3, Matrix=pm25
numflag pm25_mass, no unit, Matrix=pm25
0
33
Data definition:              EBAS_1.1
Set type code:                TU
Timezone:                     UTC
File name:                    US5501R.20100102040000.20191216000000.filterpack...52w.3d.US03L_filterpack_US5501.US03L_IMPROVE_Davis.lev2.nas
File creation:                20191218120510
Startdate:                    20100102040000
Revision date:                20191216000000
Version:                      2
Version description:          "Data extracted from http://views.cira.colostate.edu/fed/DataWizard 2019-12-16"
Statistics:                   arithmetic mean
Data level:                   2
Period code:                  52w
Resolution code:              3d
Sample duration:              1d
Orig. time res.:              3d
Station code:                 US5501R
Platform code:                US5501S
Station name:                 Virgin Islands National Park-Lind Point (VI01)
Station latitude:             18.3362
Station longitude:            -64.7962
Station altitude:             56.0 m
Regime:                       IMG
Component:                    
Unit:                         ug/m3
Matrix:                       
Laboratory code:              US03L
Instrument type:              filterpack
Instrument name:              filterpack_US5501
Method ref:                   US03L_IMPROVE_Davis
Blank correction:             Blank corrected
Volume std. temperature:      ambient
Volume std. pressure:         ambient
starttime endtime PM10 flag_PM10 PM2.5 flag_PM2.5
  1.166667   2.166667   13.595 0.000   3.610 0.000
  4.166667   5.166667   19.707 0.000   6.310 0.000
  7.166667   8.166667   14.711 0.000   5.563 0.000
 10.166667  11.166667    9.014 0.000   3.069 0.000
 13.166667  14.166667   18.881 0.000   3.732 0.000
 16.166667  17.166667    6.728 0.000   1.813 0.000
 19.166667  20.166667    7.830 0.000   1.939 0.000
 22.166667  23.166667   14.566 0.000   3.980 0.000
 25.166667  26.166667   20.804 0.000   4.937 0.000
 28.166667  29.166667   10.540 0.000   1.973 0.000
 31.166667  32.166667    9.149 0.000   2.171 0.000
 34.166667  35.166667   16.360 0.000   4.343 0.000
 37.166667  38.166667   12.097 0.000   2.620 0.000
 40.166667  41.166667   34.464 0.000  10.172 0.000
 43.166667  44.166667   30.552 0.000  10.712 0.000
 46.166667  47.166667   24.100 0.000   6.667 0.000
 49.166667  50.166667   14.191 0.000   4.811 0.000
 52.166667  53.166667    8.260 0.000   2.657 0.000
 55.166667  56.166667   13.776 0.000   4.098 0.000
 58.166667  59.166667   20.063 0.000  11.204 0.000
 61.166667  62.166667   43.709 0.000  14.974 0.000
 64.166667  65.166667   12.967 0.000   5.109 0.000
 67.166667  68.166667    9.929 0.000   2.835 0.000
 70.166667  71.166667   14.611 0.000   4.305 0.000
 73.166667  74.166667   20.025 0.000   7.224 0.000
 76.166667  77.166667   37.183 0.000  15.470 0.000
 79.166667  80.166667   23.332 0.000   7.909 0.000
 82.166667  83.166667   19.584 0.000   6.046 0.000
 85.166667  86.166667    8.080 0.000   2.581 0.000
 88.166667  89.166667   10.197 0.000   2.751 0.000
 91.166667  92.166667   12.279 0.000   4.434 0.000
 94.166667  95.166667    9.690 0.000   3.158 0.000
 97.166667  98.166667   16.329 0.000   5.089 0.000
100.166667 101.166667   17.547 0.000   5.564 0.000
103.166667 104.166667    9.416 0.000   3.396 0.000
106.166667 107.166667   18.017 0.000   4.839 0.000
109.166667 110.166667   11.385 0.000   5.597 0.000
112.166667 113.166667    9.695 0.000   6.387 0.000
115.166667 116.166667   14.318 0.000   5.900 0.000
118.166667 119.166667  107.605 0.000  38.536 0.000
121.166667 122.166667   21.030 0.000   9.446 0.000
124.166667 125.166667   15.695 0.000   5.774 0.000
127.166667 128.166667   11.174 0.000   4.370 0.000
130.166667 131.166667    8.839 0.000   3.366 0.000
133.166667 134.166667   17.562 0.000   5.329 0.000
136.166667 137.166667   11.148 0.000   3.997 0.000
139.166667 140.166667   17.704 0.000   5.452 0.000
142.166667 143.166667   15.003 0.000   7.795 0.000
145.166667 146.166667   55.591 0.000  21.765 0.000
148.166667 149.166667   11.846 0.000   4.677 0.000
151.166667 152.166667   72.842 0.000  27.598 0.000
154.166667 155.166667   85.173 0.000  27.326 0.000
157.166667 158.166667   35.059 0.000  13.934 0.000
160.166667 161.166667   54.815 0.000  18.466 0.000
163.166667 164.166667   15.193 0.000   6.249 0.000
166.166667 167.166667   13.377 0.000   3.780 0.000
169.166667 170.166667   14.729 0.000   5.852 0.000
172.166667 173.166667   29.775 0.000   9.822 0.000
175.166667 176.166667   22.353 0.000   6.080 0.000
178.166667 179.166667   30.028 0.000  15.082 0.000
181.166667 182.166667   54.093 0.000  15.620 0.000
184.166667 185.166667   16.106 0.000   5.134 0.000
187.166667 188.166667   71.358 0.000  19.331 0.000
190.166667 191.166667   28.171 0.000  10.857 0.000
193.166667 194.166667 9999.999 0.456   9.622 0.000
196.166667 197.166667   20.694 0.000   8.223 0.000
199.166667 200.166667   10.393 0.000   3.313 0.000
202.166667 203.166667   21.894 0.000   9.073 0.000
205.166667 206.166667   37.763 0.000  12.855 0.000
208.166667 209.166667   11.432 0.000   3.560 0.000
211.166667 212.166667   23.315 0.000   7.347 0.000
214.166667 215.166667   16.734 0.000   6.168 0.000
217.166667 218.166667   44.810 0.000  14.481 0.000
220.166667 221.166667    9.229 0.000   3.053 0.000
223.166667 224.166667    7.156 0.000   2.725 0.000
226.166667 227.166667   15.890 0.000   7.305 0.000
229.166667 230.166667   96.999 0.000  32.363 0.000
232.166667 233.166667   15.859 0.000   7.317 0.000
235.166667 236.166667   84.320 0.000  27.374 0.000
238.166667 239.166667   20.207 0.000   7.715 0.000
241.166667 242.166667 9999.999 0.999 999.999 0.999
244.166667 245.166667   20.223 0.000   9.674 0.000
247.166667 248.166667   17.030 0.000  10.112 0.000
250.166667 251.166667   19.068 0.000  11.695 0.000
253.166667 254.166667   14.694 0.000   8.176 0.000
256.166667 257.166667    7.680 0.000   2.340 0.000
259.166667 260.166667   22.742 0.000   5.994 0.000
262.166667 263.166667    7.163 0.000   2.314 0.000
265.166667 266.166667   39.047 0.000  12.910 0.000
268.166667 269.166667    8.190 0.000   2.439 0.000
271.166667 272.166667   11.995 0.000   3.149 0.000
274.166667 275.166667   12.438 0.000   4.657 0.000
277.166667 278.166667   10.172 0.000   2.988 0.000
280.166667 281.166667   13.516 0.000   4.438 0.000
283.166667 284.166667 9999.999 0.999 999.999 0.999
286.166667 287.166667    8.208 0.000   2.697 0.000
289.166667 290.166667    5.687 0.000   1.630 0.000
292.166667 293.166667    7.167 0.000   2.154 0.000
295.166667 296.166667    8.837 0.000   2.684 0.000
298.166667 299.166667   16.239 0.000   4.558 0.000
301.166667 302.166667    8.373 0.000   2.829 0.000
304.166667 305.166667   13.284 0.000   3.804 0.000
307.166667 308.166667   35.579 0.000  14.242 0.000
310.166667 311.166667    7.656 0.000   2.609 0.000
313.166667 314.166667    9.185 0.000   2.869 0.000
316.166667 317.166667   11.133 0.000   3.328 0.000
319.166667 320.166667    6.423 0.000   1.767 0.000
322.166667 323.166667    8.872 0.000   1.989 0.000
325.166667 326.166667   13.638 0.000   3.690 0.000
328.166667 329.166667   54.155 0.000   2.456 0.000
331.166667 332.166667 9999.999 0.456   3.380 0.000
334.166667 335.166667   15.281 0.000   3.470 0.000
337.166667 338.166667    6.117 0.000   1.391 0.000
340.166667 341.166667    9.161 0.000   2.507 0.000
343.166667 344.166667   16.686 0.000   4.494 0.000
346.166667 347.166667    5.334 0.000   1.713 0.000
349.166667 350.166667   15.221 0.000   3.824 0.000
352.166667 353.166667   13.087 0.000   3.253 0.000
355.166667 356.166667   18.836 0.000   4.713 0.000
358.166667 359.166667   17.533 0.000   4.804 0.000
361.166667 362.166667   15.434 0.000   5.423 0.000
364.166667 365.166667   12.790 0.000   2.801 0.000
