scripts/IMPROVE-2019_partial/data/US5501R.20140102040000.20191216000000.filterpack...52w.3d.US03L_filterpack_US5501.US03L_IMPROVE_Davis.lev2.nas
52 1001
MISSING INFORMATION
US03L, IMPROVE, , , , , , , 
MISSING INFORMATION
IMPROVE sel_HTAP
1 1
2014 01 01 2019 12 16
3.000000
days from file reference point
5
1 1 1 1 1
999.999999 999.999 9.999 999.999 9.999
end_time of measurement, days from the file reference point
pm10_mass, ug/m3, Matrix=pm10
numflag pm10_mass, no unit, Matrix=pm10
pm25_mass, ug/m3, Matrix=pm25
numflag pm25_mass, no unit, Matrix=pm25
0
33
Data definition:              EBAS_1.1
Set type code:                TU
Timezone:                     UTC
File name:                    US5501R.20140102040000.20191216000000.filterpack...52w.3d.US03L_filterpack_US5501.US03L_IMPROVE_Davis.lev2.nas
File creation:                20191218120510
Startdate:                    20140102040000
Revision date:                20191216000000
Version:                      2
Version description:          "Data extracted from http://views.cira.colostate.edu/fed/DataWizard 2019-12-16"
Statistics:                   arithmetic mean
Data level:                   2
Period code:                  52w
Resolution code:              3d
Sample duration:              1d
Orig. time res.:              3d
Station code:                 US5501R
Platform code:                US5501S
Station name:                 Virgin Islands National Park-Lind Point (VI01)
Station latitude:             18.3362
Station longitude:            -64.7962
Station altitude:             56.0 m
Regime:                       IMG
Component:                    
Unit:                         ug/m3
Matrix:                       
Laboratory code:              US03L
Instrument type:              filterpack
Instrument name:              filterpack_US5501
Method ref:                   US03L_IMPROVE_Davis
Blank correction:             Blank corrected
Volume std. temperature:      ambient
Volume std. pressure:         ambient
starttime endtime PM10 flag_PM10 PM2.5 flag_PM2.5
  1.166667   2.166667  16.857 0.000   4.212 0.000
  4.166667   5.166667  31.331 0.000  10.041 0.000
  7.166667   8.166667  18.982 0.000   4.548 0.659
 10.166667  11.166667  15.905 0.000   3.836 0.000
 13.166667  14.166667  13.700 0.000   2.827 0.000
 16.166667  17.166667  12.544 0.000   2.710 0.000
 19.166667  20.166667  31.131 0.000  10.667 0.000
 22.166667  23.166667  21.761 0.000   5.428 0.000
 25.166667  26.166667  36.482 0.000   9.015 0.000
 28.166667  29.166667  35.143 0.000   8.307 0.000
 31.166667  32.166667  26.966 0.000   7.451 0.000
 34.166667  35.166667  29.342 0.000   7.504 0.000
 37.166667  38.166667  29.955 0.000   7.411 0.000
 40.166667  41.166667  36.256 0.000  10.339 0.000
 43.166667  44.166667  14.341 0.000   3.924 0.000
 46.166667  47.166667  19.126 0.000   5.633 0.000
 49.166667  50.166667  14.881 0.000   3.228 0.000
 52.166667  53.166667  13.612 0.000   3.485 0.000
 55.166667  56.166667  11.913 0.000   2.770 0.000
 58.166667  59.166667  14.339 0.000   3.732 0.000
 61.166667  62.166667   7.942 0.000   1.743 0.000
 64.166667  65.166667  29.653 0.000  10.375 0.000
 67.166667  68.166667  11.489 0.000   3.802 0.000
 70.166667  71.166667   6.554 0.000   2.384 0.000
 73.166667  74.166667   6.255 0.000   2.151 0.000
 76.166667  77.166667  10.286 0.000   2.466 0.000
 79.166667  80.166667  21.721 0.000   7.061 0.000
 82.166667  83.166667  23.148 0.000   8.188 0.000
 85.166667  86.166667   9.218 0.000   2.176 0.000
 88.166667  89.166667  12.047 0.000   2.823 0.000
 91.166667  92.166667  15.855 0.000   5.438 0.000
 94.166667  95.166667  17.842 0.000   4.191 0.000
 97.166667  98.166667  16.264 0.000   4.644 0.000
100.166667 101.166667  14.323 0.000   3.935 0.000
103.166667 104.166667  11.534 0.000   2.858 0.000
106.166667 107.166667   9.392 0.000   2.441 0.000
109.166667 110.166667  21.525 0.000   5.162 0.000
112.166667 113.166667  41.026 0.000  12.218 0.000
115.166667 116.166667  36.020 0.000  10.603 0.000
118.166667 119.166667  19.891 0.000   5.955 0.000
121.166667 122.166667  15.125 0.000   4.675 0.000
124.166667 125.166667  17.384 0.000   6.530 0.000
127.166667 128.166667   9.814 0.000   3.185 0.000
130.166667 131.166667  15.268 0.000   4.444 0.000
133.166667 134.166667 999.999 0.999 999.999 0.999
136.166667 137.166667 999.999 0.999 999.999 0.999
139.166667 140.166667 999.999 0.999 999.999 0.999
142.166667 143.166667 999.999 0.999 999.999 0.999
145.166667 146.166667 999.999 0.999 999.999 0.999
148.166667 149.166667 999.999 0.999 999.999 0.999
151.166667 152.166667 999.999 0.999 999.999 0.999
154.166667 155.166667 999.999 0.999 999.999 0.999
157.166667 158.166667  26.815 0.000   8.612 0.000
160.166667 161.166667  37.719 0.000  10.387 0.000
163.166667 164.166667  12.454 0.000   4.474 0.000
166.166667 167.166667  53.859 0.000  13.422 0.000
169.166667 170.166667  23.511 0.000   5.901 0.000
172.166667 173.166667  28.585 0.000   9.093 0.000
175.166667 176.166667  25.786 0.000   7.936 0.000
178.166667 179.166667  25.199 0.000   7.014 0.000
181.166667 182.166667  89.875 0.000  23.802 0.000
184.166667 185.166667  23.756 0.000   6.111 0.000
187.166667 188.166667  71.495 0.000  19.218 0.000
190.166667 191.166667  32.428 0.000   9.463 0.000
193.166667 194.166667  14.462 0.000   4.339 0.000
196.166667 197.166667  16.856 0.000   5.332 0.000
199.166667 200.166667  25.960 0.000   7.872 0.000
202.166667 203.166667  16.369 0.000   4.355 0.000
205.166667 206.166667  37.534 0.000  10.899 0.000
208.166667 209.166667  23.976 0.000   6.789 0.000
211.166667 212.166667  27.165 0.000   8.432 0.000
214.166667 215.166667  62.583 0.000  18.306 0.000
217.166667 218.166667  40.350 0.000  10.874 0.000
220.166667 221.166667  18.899 0.000   5.006 0.000
223.166667 224.166667  43.496 0.000  12.066 0.000
226.166667 227.166667  32.521 0.000   9.178 0.000
229.166667 230.166667  44.512 0.000  11.786 0.000
232.166667 233.166667  19.744 0.000   6.696 0.000
235.166667 236.166667  26.372 0.000   8.710 0.000
238.166667 239.166667  76.322 0.000  24.688 0.000
241.166667 242.166667  16.264 0.000   5.253 0.000
244.166667 245.166667  38.105 0.000  10.861 0.000
247.166667 248.166667  47.550 0.000  15.889 0.000
250.166667 251.166667  21.729 0.000   7.029 0.000
253.166667 254.166667  22.513 0.000   6.645 0.000
256.166667 257.166667  13.511 0.000   2.908 0.000
259.166667 260.166667   9.810 0.000   2.878 0.000
262.166667 263.166667  38.617 0.000  10.664 0.000
265.166667 266.166667  10.963 0.000   3.533 0.000
268.166667 269.166667   6.462 0.000   1.930 0.000
271.166667 272.166667  12.819 0.000   7.766 0.000
274.166667 275.166667  20.152 0.000   5.309 0.000
277.166667 278.166667  68.230 0.000  21.341 0.000
280.166667 281.166667  16.573 0.000   5.865 0.000
283.166667 284.166667   9.953 0.000   3.860 0.000
286.166667 287.166667  17.691 0.000   4.772 0.000
289.166667 290.166667   8.494 0.000   2.670 0.000
292.166667 293.166667   9.802 0.000   3.022 0.000
295.166667 296.166667  15.098 0.000   3.579 0.000
298.166667 299.166667  16.997 0.000   4.211 0.000
301.166667 302.166667  19.232 0.000   5.263 0.000
304.166667 305.166667  27.043 0.000   8.181 0.000
307.166667 308.166667  14.579 0.000   2.988 0.000
310.166667 311.166667  15.923 0.000   3.789 0.000
313.166667 314.166667  36.200 0.000  11.746 0.000
316.166667 317.166667  12.654 0.000   3.006 0.000
319.166667 320.166667  18.861 0.000   4.688 0.000
322.166667 323.166667  22.780 0.000   5.442 0.000
325.166667 326.166667  20.736 0.000   5.277 0.000
328.166667 329.166667  23.639 0.000   6.005 0.000
331.166667 332.166667 999.999 0.999 999.999 0.999
334.166667 335.166667 999.999 0.999 999.999 0.999
337.166667 338.166667   6.048 0.000   1.177 0.000
340.166667 341.166667  12.587 0.000   2.789 0.000
343.166667 344.166667   6.292 0.000   2.577 0.000
346.166667 347.166667  10.389 0.000   2.558 0.000
349.166667 350.166667   8.118 0.000   2.234 0.000
352.166667 353.166667   9.790 0.000   2.170 0.000
355.166667 356.166667   7.923 0.000   2.271 0.000
358.166667 359.166667 999.999 0.999 999.999 0.999
361.166667 362.166667 999.999 0.999 999.999 0.999
364.166667 365.166667  18.539 0.000   5.585 0.000
