scripts/IMPROVE-2019_partial/data/US5501R.20060102040000.20191216000000.filterpack..pm25.52w.1w.US03L_filterpack_US5501.US03L_IMPROVE_Davis.lev2.nas
66 1001
MISSING INFORMATION
US03L, IMPROVE, , , , , , , 
MISSING INFORMATION
IMPROVE sel_HTAP
1 1
2006 01 01 2019 12 16
3.000000
days from file reference point
27
1 1 1 1 1 1 1 1 1 1 1 1 1 1 1 1 1 1 1 1 1 1 1 1 1 1 1
999.999999 99999.99 9.999 99.99 9.999 9.999 9.999999 99.99 9.999 9.999 9.999 9.999 9.999 99.999 9.999 99.99 9.999999 9999.999 9.999 999.999 9.999 999.999 9.999 9.999 9.999 99.999 9.999
end_time of measurement, days from the file reference point
iron, ng/m3, Revision date=20181210133000
numflag iron, no unit, Revision date=20181210133000
lead, ng/m3, Revision date=20181210133000
numflag lead, no unit, Revision date=20181210133000
magnesium, ug/m3, Revision date=20181210133000
numflag magnesium, no unit, Revision date=20181210133000
nickel, ng/m3, Revision date=20181210133000
numflag nickel, no unit, Revision date=20181210133000
nitrate, ug N/m3, Revision date=20181210133000
numflag nitrate, no unit, Revision date=20181210133000
organic_carbon, ug C/m3, Revision date=20181210133000
numflag organic_carbon, no unit, Revision date=20181210133000
organic_mass, ug/m3, Revision date=20181210133000
numflag organic_mass, no unit, Revision date=20181210133000
phosphorus, ng/m3, Revision date=20181210133000
numflag phosphorus, no unit, Revision date=20181210133000
pm10_mass, ug/m3, Version=2, Version description=Data extracted from http://views.cira.colostate.edu/fed/DataWizard 2019-12-16, Sample duration=1d, Orig. time res.=3d, Matrix=pm10, Blank correction=Blank corrected, Volume std. temperature=ambient, Volume std. pressure=ambient
numflag pm10_mass, no unit, Version=2, Version description=Data extracted from http://views.cira.colostate.edu/fed/DataWizard 2019-12-16, Sample duration=1d, Orig. time res.=3d, Matrix=pm10, Blank correction=Blank corrected, Volume std. temperature=ambient, Volume std. pressure=ambient
pm10_pm25_mass, ug/m3, Revision date=20181210133000, Matrix=pm10_pm25
numflag pm10_pm25_mass, no unit, Revision date=20181210133000, Matrix=pm10_pm25
pm25_mass, ug/m3, Version=2, Version description=Data extracted from http://views.cira.colostate.edu/fed/DataWizard 2019-12-16, Sample duration=1d, Orig. time res.=3d, Blank correction=Blank corrected, Volume std. temperature=ambient, Volume std. pressure=ambient
numflag pm25_mass, no unit, Version=2, Version description=Data extracted from http://views.cira.colostate.edu/fed/DataWizard 2019-12-16, Sample duration=1d, Orig. time res.=3d, Blank correction=Blank corrected, Volume std. temperature=ambient, Volume std. pressure=ambient
potassium, ug/m3, Revision date=20181210133000
numflag potassium, no unit, Revision date=20181210133000
sulphate_total, ug S/m3, Revision date=20181210133000
numflag sulphate_total, no unit, Revision date=20181210133000
0
25
Data definition:              EBAS_1.1
Set type code:                TU
Timezone:                     UTC
File name:                    US5501R.20060102040000.20191216000000.filterpack..pm25.52w.1w.US03L_filterpack_US5501.US03L_IMPROVE_Davis.lev2.nas
File creation:                20191218120509
Startdate:                    20060102040000
Revision date:                20191216000000
Statistics:                   arithmetic mean
Data level:                   2
Period code:                  52w
Resolution code:              1w
Station code:                 US5501R
Platform code:                US5501S
Station name:                 Virgin Islands National Park-Lind Point (VI01)
Station latitude:             18.3362
Station longitude:            -64.7962
Station altitude:             56.0 m
Regime:                       IMG
Component:                    
Matrix:                       pm25
Laboratory code:              US03L
Instrument type:              filterpack
Instrument name:              filterpack_US5501
Method ref:                   US03L_IMPROVE_Davis
starttime endtime Fe flag_Fe Pb flag_Pb Mg++ flag_Mg++ Ni flag_Ni NO3- flag_NO3- OC flag_OC OM flag_OM P flag_P PM10 flag_PM10 PM10-PM2.5 flag_PM10-PM2.5 PM2.5 flag_PM2.5 K+ flag_K+ SO4-- flag_SO4--
[from data line 82]
247.166667 248.166667   476.19 0.000  1.58 0.000 0.141 0.000000  0.24 0.000 0.050 0.000 0.097 0.000  0.175 0.000 99.99 0.259000   36.799 0.000  24.326 0.000  12.472 0.000 0.179 0.000  0.343 0.000
250.166667 251.166667   517.69 0.000  0.66 0.000 0.159 0.000000  0.17 0.000 0.057 0.000 0.044 0.000  0.079 0.000 99.99 0.259000   35.214 0.000  21.144 0.000  14.070 0.000 0.201 0.000  0.347 0.000
253.166667 254.166667   105.34 0.000  0.39 0.000 0.032 0.000000  0.50 0.000 0.055 0.000 0.275 0.000  0.495 0.000 99.99 0.259000   10.864 0.000   5.758 0.000   5.105 0.000 0.080 0.000  0.437 0.000
256.166667 257.166667   223.31 0.000  0.88 0.000 0.056 0.000000  0.37 0.000 0.053 0.000 9.999 0.699 99.999 0.699 99.99 0.259000   19.469 0.000  12.937 0.000   6.533 0.000 0.103 0.000  0.343 0.000
259.166667 260.166667  1246.67 0.699  5.76 0.699 9.999 0.699259  0.49 0.699 0.114 0.000 9.999 0.699 99.999 0.699 99.99 0.699259   76.386 0.000  47.150 0.699  29.235 0.000 0.449 0.699  0.570 0.000
262.166667 263.166667    44.65 0.000  0.54 0.000 9.999 0.259000  0.16 0.000 0.024 0.000 9.999 0.699 99.999 0.699 99.99 0.259000    7.622 0.000   5.463 0.000   2.160 0.000 0.028 0.000  0.211 0.000
265.166667 266.166667    53.10 0.000  1.01 0.000 9.999 0.259000  0.18 0.000 0.031 0.000 9.999 0.999 99.999 0.999 99.99 0.259000    7.067 0.000   4.578 0.000   2.489 0.000 0.031 0.000  0.224 0.000
268.166667 269.166667   296.25 0.000  1.03 0.000 0.057 0.000000  0.32 0.000 0.058 0.000 0.009 0.000  0.016 0.000 99.99 0.259000   25.574 0.000  18.241 0.000   7.333 0.000 0.106 0.000  0.302 0.000
271.166667 272.166667    55.18 0.000  0.44 0.000 0.011 0.000000  0.21 0.000 0.051 0.000 0.057 0.000  0.102 0.000 99.99 0.259000   10.370 0.000   7.025 0.000   3.346 0.000 0.032 0.000  0.304 0.000
274.166667 275.166667     7.96 0.000  0.49 0.000 0.042 0.000000 99.99 0.259 0.028 0.000 0.013 0.000  0.024 0.000 99.99 0.259000   10.616 0.000   7.898 0.000   2.719 0.000 0.022 0.000  0.281 0.000
277.166667 278.166667     6.34 0.000  0.07 0.000 0.060 0.000000  0.41 0.000 0.042 0.000 0.039 0.000  0.071 0.000 99.99 0.259000   12.893 0.000   9.667 0.000   3.227 0.000 0.022 0.000  0.216 0.000
280.166667 281.166667   314.01 0.000  0.48 0.000 0.148 0.000000  0.26 0.000 0.063 0.000 0.076 0.000  0.137 0.000 99.99 0.259000   33.212 0.000  22.664 0.000  10.548 0.000 0.121 0.000  0.303 0.000
283.166667 284.166667   177.17 0.000  0.88 0.000 0.049 0.000000  0.47 0.000 0.037 0.000 0.156 0.000  0.280 0.000 99.99 0.259000   30.789 0.000  21.944 0.000   8.845 0.000 0.076 0.000  0.695 0.000
286.166667 287.166667    50.41 0.000  0.26 0.000 0.015 0.000000  0.84 0.000 0.037 0.000 0.175 0.000  0.315 0.000 99.99 0.259000    9.482 0.000   6.288 0.000   3.194 0.000 0.029 0.000  0.293 0.000
289.166667 290.166667    75.56 0.000  0.21 0.000 0.026 0.000000  0.38 0.000 0.042 0.000 0.692 0.000  1.246 0.000 99.99 0.259000    9.965 0.000   6.685 0.000   3.280 0.000 0.034 0.000  0.161 0.000
292.166667 293.166667 99999.99 0.456 99.99 0.456 9.999 0.456000 99.99 0.456 0.045 0.000 0.150 0.000  0.270 0.000 99.99 0.456000 9999.999 0.456 999.999 0.456 999.999 0.456 9.999 0.456  0.321 0.000
295.166667 296.166667    53.65 0.000  0.22 0.000 0.023 0.000000  0.51 0.000 0.041 0.000 0.139 0.000  0.250 0.000 99.99 0.259000    8.665 0.000   5.465 0.000   3.200 0.000 0.040 0.000  0.230 0.000
298.166667 299.166667    22.16 0.000  3.44 0.000 0.010 0.000000  0.74 0.000 0.037 0.000 0.165 0.000  0.297 0.000 99.99 0.259000    8.885 0.000   6.047 0.000   2.838 0.000 0.029 0.000  0.323 0.000
301.166667 302.166667   262.83 0.000  0.22 0.000 0.114 0.000000  0.49 0.000 0.076 0.000 0.130 0.000  0.234 0.000 99.99 0.259000   28.461 0.000  18.903 0.000   9.558 0.000 0.155 0.000  0.290 0.000
304.166667 305.166667     5.38 0.000  3.82 0.000 0.021 0.000000  0.49 0.000 0.027 0.000 0.168 0.000  0.303 0.000 99.99 0.259000   10.336 0.000   7.850 0.000   2.486 0.000 0.024 0.000  0.228 0.000
307.166667 308.166667     1.85 0.000  0.12 0.000 0.041 0.000000  0.60 0.000 0.041 0.000 0.008 0.000  0.015 0.000 99.99 0.259000    9.537 0.000   6.975 0.000   2.562 0.000 0.017 0.000  0.183 0.000
310.166667 311.166667     2.17 0.000  0.06 0.000 0.056 0.000000  0.27 0.000 0.034 0.000 0.073 0.000  0.132 0.000 99.99 0.259000    7.383 0.000   4.537 0.000   2.845 0.000 0.018 0.000  0.221 0.000
313.166667 314.166667     4.13 0.000  0.99 0.000 0.025 0.000000  0.59 0.000 0.042 0.000 0.171 0.559  0.307 0.559  8.16 0.000000    8.069 0.000   5.931 0.000   2.138 0.000 0.015 0.000  0.222 0.000
316.166667 317.166667     2.70 0.000  0.86 0.000 9.999 0.259000  0.29 0.000 0.039 0.000 0.170 0.000  0.305 0.000 99.99 0.259000    6.584 0.000   4.272 0.000   2.312 0.000 0.016 0.000  0.273 0.000
319.166667 320.166667     3.29 0.000  1.36 0.000 9.999 0.259000  0.44 0.000 0.028 0.000 0.296 0.000  0.533 0.000 99.99 0.259000    5.681 0.000   3.369 0.000   2.312 0.000 0.015 0.000  0.381 0.000
322.166667 323.166667    28.80 0.000  3.27 0.000 9.999 0.259000  0.49 0.000 0.014 0.000 0.203 0.000  0.366 0.000 99.99 0.259000   13.186 0.000   6.958 0.000   6.229 0.000 0.039 0.000  1.229 0.000
325.166667 326.166667    95.50 0.000  0.34 0.000 0.040 0.000000  0.55 0.000 0.079 0.000 0.110 0.000  0.197 0.000 99.99 0.259000   19.731 0.000  13.279 0.000   6.452 0.000 0.104 0.000  0.293 0.000
328.166667 329.166667     9.70 0.000  1.40 0.000 9.999 0.259000  0.72 0.000 0.041 0.000 0.127 0.000  0.229 0.000 99.99 0.259000    9.276 0.000   6.517 0.000   2.758 0.000 0.024 0.000  0.382 0.000
331.166667 332.166667     1.67 0.000  1.64 0.000 0.039 0.000000  0.75 0.000 0.034 0.000 0.215 0.000  0.387 0.000 99.99 0.259000    9.640 0.000   7.814 0.000   1.825 0.000 0.021 0.000  0.127 0.000
334.166667 335.166667     1.70 0.000  0.34 0.000 0.158 0.000000  0.25 0.000 0.055 0.000 0.190 0.000  0.343 0.000 99.99 0.259000   19.643 0.000  13.958 0.000   5.685 0.000 0.042 0.000  0.236 0.000
337.166667 338.166667     2.03 0.000  2.83 0.000 0.075 0.000000  0.20 0.000 0.057 0.000 0.137 0.000  0.246 0.000 99.99 0.259000   10.991 0.000   7.925 0.000   3.066 0.000 0.028 0.000  0.116 0.000
340.166667 341.166667   171.38 0.000  0.06 0.000 0.069 0.000000  0.26 0.000 0.056 0.000 0.248 0.000  0.447 0.000 99.99 0.259000   22.511 0.000  14.302 0.000   8.209 0.000 0.094 0.000  0.275 0.000
343.166667 344.166667   150.83 0.000  0.16 0.000 0.069 0.000000  0.16 0.000 0.041 0.000 0.212 0.000  0.381 0.000 99.99 0.259000   21.652 0.000  13.385 0.000   8.267 0.000 0.076 0.000  0.249 0.000
346.166667 347.166667     1.35 0.000 99.99 0.259 0.086 0.000000  0.22 0.000 0.032 0.000 0.101 0.000  0.182 0.000 99.99 0.259000   10.815 0.000   8.008 0.000   2.807 0.000 0.021 0.000  0.157 0.000
349.166667 350.166667 99999.99 0.999 99.99 0.999 9.999 0.999000 99.99 0.999 9.999 0.999 9.999 0.999 99.999 0.999 99.99 0.999000 9999.999 0.999 999.999 0.999 999.999 0.999 9.999 0.999 99.999 0.999
352.166667 353.166667     3.68 0.000  0.21 0.000 0.049 0.000000  0.24 0.000 0.028 0.000 0.208 0.000  0.374 0.000 99.99 0.259000    7.981 0.000   6.183 0.000   1.798 0.000 0.013 0.000  0.116 0.000
355.166667 356.166667     3.07 0.000  0.23 0.000 0.048 0.000000  0.16 0.000 0.026 0.000 0.092 0.000  0.166 0.000 99.99 0.259000    8.027 0.000   5.743 0.000   2.284 0.000 0.017 0.000  0.173 0.000
358.166667 359.166667     0.93 0.000  0.88 0.000 9.999 0.259000  0.34 0.000 0.022 0.000 0.046 0.000  0.082 0.000 99.99 0.259000    9.565 0.000   7.094 0.000   2.471 0.000 0.016 0.000  0.280 0.000
361.166667 362.166667     3.27 0.000  0.10 0.000 0.045 0.000000  0.57 0.000 0.051 0.000 0.128 0.000  0.230 0.000 99.99 0.259000   10.588 0.000   7.579 0.000   3.009 0.000 0.021 0.000  0.309 0.000
364.166667 365.166667     0.81 0.000  0.56 0.000 0.067 0.000000  0.22 0.000 0.020 0.000 0.101 0.000  0.181 0.000 99.99 0.259000    8.069 0.000   5.785 0.000   2.284 0.000 0.018 0.000  0.131 0.000
