scripts/IMPROVE-2019_partial/data/US5501R.20150103040000.20191216000000.filterpack...1y.3d.US03L_filterpack_US5501.US03L_IMPROVE_Davis.lev2.nas
52 1001
MISSING INFORMATION
US03L, IMPROVE, , , , , , , 
MISSING INFORMATION
IMPROVE sel_HTAP
1 1
2015 01 01 2019 12 16
3.000000
days from file reference point
5
1 1 1 1 1
999.999999 999.999 9.999 999.999 9.999
end_time of measurement, days from the file reference point
pm10_mass, ug/m3, Matrix=pm10
numflag pm10_mass, no unit, Matrix=pm10
pm25_mass, ug/m3, Matrix=pm25
numflag pm25_mass, no unit, Matrix=pm25
0
33
Data definition:              EBAS_1.1
Set type code:                TU
Timezone:                     UTC
File name:                    US5501R.20150103040000.20191216000000.filterpack...1y.3d.US03L_filterpack_US5501.US03L_IMPROVE_Davis.lev2.nas
File creation:                20191218120510
Startdate:                    20150103040000
Revision date:                20191216000000
Version:                      2
Version description:          "Data extracted from http://views.cira.colostate.edu/fed/DataWizard 2019-12-16"
Statistics:                   arithmetic mean
Data level:                   2
Period code:                  1y
Resolution code:              3d
Sample duration:              1d
Orig. time res.:              3d
Station code:                 US5501R
Platform code:                US5501S
Station name:                 Virgin Islands National Park-Lind Point (VI01)
Station latitude:             18.3362
Station longitude:            -64.7962
Station altitude:             56.0 m
Regime:                       IMG
Component:                    
Unit:                         ug/m3
Matrix:                       
Laboratory code:              US03L
Instrument type:              filterpack
Instrument name:              filterpack_US5501
Method ref:                   US03L_IMPROVE_Davis
Blank correction:             Blank corrected
Volume std. temperature:      ambient
Volume std. pressure:         ambient
starttime endtime PM10 flag_PM10 PM2.5 flag_PM2.5
  2.166667   3.166667 999.999 0.456   4.046 0.000
  5.166667   6.166667  18.910 0.000   5.741 0.000
  8.166667   9.166667  15.819 0.000   5.714 0.000
 11.166667  12.166667  19.129 0.000   4.923 0.000
 14.166667  15.166667  21.391 0.000   5.221 0.000
 17.166667  18.166667   9.119 0.000   6.325 0.000
 20.166667  21.166667  10.927 0.000   2.166 0.000
 23.166667  24.166667  21.078 0.000   5.920 0.000
 26.166667  27.166667  19.605 0.000   5.003 0.000
 29.166667  30.166667 999.999 0.999 999.999 0.999
 32.166667  33.166667 999.999 0.999 999.999 0.999
 35.166667  36.166667 999.999 0.999 999.999 0.999
 38.166667  39.166667   7.175 0.000   1.310 0.000
 41.166667  42.166667  15.586 0.000   3.989 0.000
 44.166667  45.166667   9.764 0.000   3.587 0.000
 47.166667  48.166667   9.693 0.000   2.606 0.000
 50.166667  51.166667  11.969 0.000 999.999 0.999
 53.166667  54.166667  13.373 0.000   3.055 0.000
 56.166667  57.166667  15.905 0.000   3.761 0.000
 59.166667  60.166667  18.190 0.000   4.210 0.000
 62.166667  63.166667  18.741 0.000   5.149 0.000
 65.166667  66.166667  15.355 0.000   3.904 0.000
 68.166667  69.166667  20.868 0.000   6.167 0.000
 71.166667  72.166667  39.551 0.000  16.725 0.000
 74.166667  75.166667  28.845 0.000  10.551 0.000
 77.166667  78.166667  25.662 0.000  11.191 0.000
 80.166667  81.166667   8.839 0.000   3.111 0.000
 83.166667  84.166667   8.844 0.000   2.436 0.000
 86.166667  87.166667  16.960 0.000   3.952 0.000
 89.166667  90.166667  10.266 0.000 999.999 0.456
 92.166667  93.166667  11.804 0.000   2.860 0.000
 95.166667  96.166667  30.214 0.000  12.591 0.000
 98.166667  99.166667  15.797 0.000   4.372 0.000
101.166667 102.166667  15.009 0.000   3.918 0.000
104.166667 105.166667  14.506 0.000   3.488 0.000
107.166667 108.166667  16.025 0.000   4.586 0.000
110.166667 111.166667  10.698 0.000   2.111 0.000
113.166667 114.166667  21.186 0.000   8.148 0.000
116.166667 117.166667  52.022 0.000  18.785 0.000
119.166667 120.166667  58.595 0.000  17.573 0.000
122.166667 123.166667  24.841 0.000   8.607 0.000
125.166667 126.166667  58.615 0.000  17.108 0.000
128.166667 129.166667  27.956 0.000  10.344 0.000
131.166667 132.166667  31.313 0.000   8.803 0.000
134.166667 135.166667  25.214 0.000   8.822 0.000
137.166667 138.166667  35.950 0.000  11.819 0.000
140.166667 141.166667  61.895 0.000  19.053 0.000
143.166667 144.166667  70.132 0.000  21.634 0.000
146.166667 147.166667   9.330 0.000   4.244 0.000
149.166667 150.166667  30.782 0.000  10.880 0.000
152.166667 153.166667  16.369 0.000   4.686 0.000
155.166667 156.166667  29.932 0.000  10.027 0.000
158.166667 159.166667  40.697 0.000  11.152 0.000
161.166667 162.166667  14.720 0.000   4.684 0.000
164.166667 165.166667  47.343 0.000  11.529 0.000
167.166667 168.166667  39.792 0.000  10.354 0.000
170.166667 171.166667  34.420 0.000   9.961 0.000
173.166667 174.166667  83.140 0.000  20.049 0.000
176.166667 177.166667  27.088 0.000   7.131 0.000
179.166667 180.166667  77.063 0.000  15.917 0.000
182.166667 183.166667  29.244 0.000   6.881 0.000
185.166667 186.166667  25.996 0.000   6.416 0.000
188.166667 189.166667  34.761 0.000   9.594 0.000
191.166667 192.166667  24.138 0.000   6.695 0.000
194.166667 195.166667  24.258 0.000   7.219 0.000
197.166667 198.166667  61.832 0.000  21.489 0.000
200.166667 201.166667  16.545 0.000   5.219 0.000
203.166667 204.166667  42.606 0.000  12.744 0.000
206.166667 207.166667  47.324 0.000  13.891 0.000
209.166667 210.166667  37.038 0.000   9.284 0.000
212.166667 213.166667  19.116 0.000   4.787 0.000
215.166667 216.166667  27.884 0.000   6.734 0.000
218.166667 219.166667 999.999 0.999 999.999 0.999
221.166667 222.166667 999.999 0.999 999.999 0.999
224.166667 225.166667  10.272 0.000   2.807 0.000
227.166667 228.166667  22.901 0.000   8.252 0.000
230.166667 231.166667  12.094 0.000   3.444 0.000
233.166667 234.166667  31.285 0.000  10.494 0.000
236.166667 237.166667  33.797 0.000  10.661 0.000
239.166667 240.166667  19.450 0.000   6.832 0.000
242.166667 243.166667  33.532 0.000   9.380 0.000
245.166667 246.166667  28.612 0.000   8.474 0.000
248.166667 249.166667  27.967 0.000   9.083 0.000
251.166667 252.166667 999.999 0.999 999.999 0.999
254.166667 255.166667  19.904 0.000   6.178 0.000
257.166667 258.166667  30.984 0.000  12.248 0.000
260.166667 261.166667  12.303 0.000   5.859 0.000
263.166667 264.166667   6.189 0.000   2.696 0.000
266.166667 267.166667   5.080 0.000   2.464 0.000
269.166667 270.166667   5.238 0.000   3.852 0.000
272.166667 273.166667   7.179 0.000   5.089 0.000
275.166667 276.166667  19.104 0.000   7.110 0.000
278.166667 279.166667  12.260 0.000   3.227 0.000
281.166667 282.166667  58.320 0.000  20.664 0.000
284.166667 285.166667  15.255 0.000   4.975 0.000
287.166667 288.166667   6.511 0.000   1.823 0.000
290.166667 291.166667   6.587 0.000   3.689 0.000
293.166667 294.166667   6.807 0.000   2.870 0.000
296.166667 297.166667   8.779 0.000   3.214 0.000
299.166667 300.166667   5.380 0.000   1.884 0.000
302.166667 303.166667   8.297 0.000   2.022 0.000
305.166667 306.166667  10.755 0.000   2.788 0.000
308.166667 309.166667  10.143 0.000   2.627 0.000
311.166667 312.166667  23.155 0.000   6.991 0.000
314.166667 315.166667  18.306 0.000   5.486 0.000
317.166667 318.166667   7.862 0.000   1.873 0.000
320.166667 321.166667  25.710 0.000   8.857 0.000
323.166667 324.166667  14.129 0.000   2.798 0.000
326.166667 327.166667   8.098 0.000   2.148 0.000
329.166667 330.166667  32.148 0.000  13.287 0.000
332.166667 333.166667  14.811 0.000   3.605 0.000
335.166667 336.166667 999.999 0.999 999.999 0.999
338.166667 339.166667 999.999 0.999 999.999 0.999
341.166667 342.166667 999.999 0.999 999.999 0.999
344.166667 345.166667  23.647 0.000   7.494 0.000
347.166667 348.166667   8.761 0.000   2.355 0.000
350.166667 351.166667   6.787 0.000   2.137 0.000
353.166667 354.166667  24.046 0.000   8.699 0.000
356.166667 357.166667  16.241 0.000   4.102 0.000
359.166667 360.166667  12.187 0.000   3.402 0.000
362.166667 363.166667 999.999 0.999 999.999 0.999
