scripts/IMPROVE-2019_partial/data/US5501R.19920101040000.20191216000000.filterpack.pm25_mass.pm25.1y.3d.US03L_filterpack_US5501.US03L_IMPROVE_Davis.lev2.nas
50 1001
MISSING INFORMATION
US03L, IMPROVE, , , , , , , 
MISSING INFORMATION
IMPROVE sel_HTAP
1 1
1992 01 01 2019 12 16
0
days from file reference point
3
1 1 1
999.999999 999.999 9.999999
end_time of measurement, days from the file reference point
pm25_mass, ug/m3
numflag pm25_mass, no unit
0
33
Data definition:              EBAS_1.1
Set type code:                TI
Timezone:                     UTC
File name:                    US5501R.19920101040000.20191216000000.filterpack.pm25_mass.pm25.1y.3d.US03L_filterpack_US5501.US03L_IMPROVE_Davis.lev2.nas
File creation:                20191218120510
Startdate:                    19920101040000
Revision date:                20191216000000
Version:                      2
Version description:          "Data extracted from http://views.cira.colostate.edu/fed/DataWizard 2019-12-16"
Statistics:                   arithmetic mean
Data level:                   2
Period code:                  1y
Resolution code:              3d
Sample duration:              1d
Orig. time res.:              3d
Station code:                 US5501R
Platform code:                US5501S
Station name:                 Virgin Islands National Park-Lind Point (VI01)
Station latitude:             18.3362
Station longitude:            -64.7962
Station altitude:             56.0 m
Regime:                       IMG
Component:                    pm25_mass
Unit:                         ug/m3
Matrix:                       pm25
Laboratory code:              US03L
Instrument type:              filterpack
Instrument name:              filterpack_US5501
Method ref:                   US03L_IMPROVE_Davis
Blank correction:             Blank corrected
Volume std. temperature:      ambient
Volume std. pressure:         ambient
starttime endtime PM2.5 flag_PM2.5
  0.166667   1.166667   4.048 0.559000
  3.166667   4.166667   6.391 0.559000
  7.166667   8.166667   3.383 0.559000
 10.166667  11.166667   4.586 0.559000
 14.166667  15.166667   3.422 0.559000
 17.166667  18.166667   2.141 0.559000
 21.166667  22.166667   3.178 0.559000
 24.166667  25.166667 999.999 0.559259
 28.166667  29.166667 999.999 0.999000
 31.166667  32.166667 999.999 0.999000
 35.166667  36.166667 999.999 0.999000
 38.166667  39.166667 999.999 0.999000
 42.166667  43.166667 999.999 0.999000
 45.166667  46.166667 999.999 0.999000
 49.166667  50.166667 999.999 0.999000
 52.166667  53.166667 999.999 0.999000
 56.166667  57.166667 999.999 0.999000
 59.166667  60.166667 999.999 0.999000
 63.166667  64.166667 999.999 0.999000
 66.166667  67.166667 999.999 0.999000
 70.166667  71.166667 999.999 0.999000
 73.166667  74.166667 999.999 0.999000
 77.166667  78.166667   6.696 0.000000
 80.166667  81.166667   6.824 0.000000
 84.166667  85.166667   3.383 0.000000
 87.166667  88.166667   9.179 0.000000
 91.166667  92.166667   5.134 0.000000
 94.166667  95.166667   4.406 0.000000
 98.166667  99.166667   5.000 0.000000
101.166667 102.166667  10.205 0.000000
105.166667 106.166667   4.340 0.000000
108.166667 109.166667   3.559 0.000000
112.166667 113.166667   2.434 0.000000
115.166667 116.166667   3.724 0.000000
119.166667 120.166667  21.164 0.000000
122.166667 123.166667   3.853 0.000000
126.166667 127.166667   6.095 0.000000
129.166667 130.166667   4.665 0.000000
133.166667 134.166667   2.791 0.000000
136.166667 137.166667   7.172 0.000000
140.166667 141.166667 999.999 0.999000
143.166667 144.166667  13.432 0.000000
147.166667 148.166667 999.999 0.999000
150.166667 151.166667   2.196 0.000000
154.166667 155.166667  12.111 0.000000
157.166667 158.166667   7.033 0.000000
161.166667 162.166667  12.455 0.000000
164.166667 165.166667  22.991 0.000000
168.166667 169.166667  20.536 0.000000
171.166667 172.166667  17.471 0.000000
175.166667 176.166667  10.146 0.000000
178.166667 179.166667  13.994 0.000000
182.166667 183.166667  10.531 0.000000
185.166667 186.166667  11.357 0.000000
189.166667 190.166667  12.493 0.000000
192.166667 193.166667  15.786 0.000000
196.166667 197.166667  12.273 0.000000
199.166667 200.166667  10.175 0.000000
203.166667 204.166667  24.804 0.000000
206.166667 207.166667  22.292 0.000000
210.166667 211.166667  33.848 0.000000
213.166667 214.166667   5.193 0.000000
217.166667 218.166667  10.294 0.000000
220.166667 221.166667   2.953 0.000000
224.166667 225.166667  11.095 0.000000
227.166667 228.166667   6.676 0.000000
231.166667 232.166667   8.899 0.000000
234.166667 235.166667   7.635 0.000000
238.166667 239.166667   7.567 0.000000
241.166667 242.166667   8.563 0.000000
245.166667 246.166667  12.448 0.000000
248.166667 249.166667   7.313 0.000000
252.166667 253.166667   6.114 0.000000
255.166667 256.166667  19.908 0.000000
259.166667 260.166667   3.636 0.000000
262.166667 263.166667   7.672 0.000000
266.166667 267.166667   6.065 0.000000
269.166667 270.166667   9.315 0.000000
273.166667 274.166667   2.374 0.000000
276.166667 277.166667   4.214 0.000000
280.166667 281.166667   6.042 0.000000
283.166667 284.166667   3.522 0.000000
287.166667 288.166667   3.881 0.000000
290.166667 291.166667   2.418 0.000000
294.166667 295.166667   1.815 0.000000
297.166667 298.166667   3.204 0.000000
301.166667 302.166667  22.000 0.000000
304.166667 305.166667   3.254 0.000000
308.166667 309.166667   2.673 0.000000
311.166667 312.166667   3.935 0.000000
315.166667 316.166667   2.315 0.000000
318.166667 319.166667   2.448 0.000000
322.166667 323.166667   1.780 0.000000
325.166667 326.166667   4.273 0.000000
329.166667 330.166667   3.905 0.000000
332.166667 333.166667   2.933 0.000000
336.166667 337.166667   7.463 0.000000
339.166667 340.166667  10.030 0.000000
343.166667 344.166667   3.373 0.000000
346.166667 347.166667   4.804 0.000000
350.166667 351.166667   3.453 0.000000
353.166667 354.166667   2.246 0.000000
357.166667 358.166667   2.671 0.000000
360.166667 361.166667   3.303 0.000000
364.166667 365.166667   2.405 0.000000
