scripts/IMPROVE-2019_partial/data/US5501R.19990102040000.20191216000000.filterpack...1y.3d.US03L_filterpack_US5501.US03L_IMPROVE_Davis.lev2.nas
51 1001
MISSING INFORMATION
US03L, IMPROVE, , , , , , , 
MISSING INFORMATION
IMPROVE sel_HTAP
1 1
1999 01 01 2019 12 16
0
days from file reference point
4
1 1 1 1
999.999999 999.999 999.999 9.999
end_time of measurement, days from the file reference point
pm10_mass, ug/m3, Matrix=pm10
pm25_mass, ug/m3, Matrix=pm25
numflag, no unit
0
33
Data definition:              EBAS_1.1
Set type code:                TI
Timezone:                     UTC
File name:                    US5501R.19990102040000.20191216000000.filterpack...1y.3d.US03L_filterpack_US5501.US03L_IMPROVE_Davis.lev2.nas
File creation:                20191218120508
Startdate:                    19990102040000
Revision date:                20191216000000
Version:                      2
Version description:          "Data extracted from http://views.cira.colostate.edu/fed/DataWizard 2019-12-16"
Statistics:                   arithmetic mean
Data level:                   2
Period code:                  1y
Resolution code:              3d
Sample duration:              1d
Orig. time res.:              3d
Station code:                 US5501R
Platform code:                US5501S
Station name:                 Virgin Islands National Park-Lind Point (VI01)
Station latitude:             18.3362
Station longitude:            -64.7962
Station altitude:             56.0 m
Regime:                       IMG
Component:                    
Unit:                         ug/m3
Matrix:                       
Laboratory code:              US03L
Instrument type:              filterpack
Instrument name:              filterpack_US5501
Method ref:                   US03L_IMPROVE_Davis
Blank correction:             Blank corrected
Volume std. temperature:      ambient
Volume std. pressure:         ambient
starttime endtime PM10 PM2.5 flag
  1.166667   2.166667 999.999 999.999 0.999
  5.166667   6.166667 999.999 999.999 0.999
  8.166667   9.166667 999.999 999.999 0.999
 12.166667  13.166667 999.999 999.999 0.999
 15.166667  16.166667 999.999 999.999 0.999
 19.166667  20.166667 999.999 999.999 0.999
 22.166667  23.166667 999.999 999.999 0.999
 26.166667  27.166667 999.999 999.999 0.999
 29.166667  30.166667 999.999 999.999 0.999
 33.166667  34.166667 999.999 999.999 0.999
 36.166667  37.166667 999.999 999.999 0.999
 40.166667  41.166667 999.999 999.999 0.999
 43.166667  44.166667 999.999 999.999 0.999
 47.166667  48.166667  29.621   5.389 0.000
 50.166667  51.166667  24.828   3.074 0.000
 54.166667  55.166667 999.999 999.999 0.999
 57.166667  58.166667 999.999 999.999 0.999
 61.166667  62.166667 999.999 999.999 0.999
 64.166667  65.166667 999.999 999.999 0.999
 68.166667  69.166667 999.999 999.999 0.999
 71.166667  72.166667  14.667   3.834 0.000
 75.166667  76.166667  26.419   7.768 0.000
 78.166667  79.166667  19.604   5.119 0.000
 82.166667  83.166667  26.241   4.429 0.000
 85.166667  86.166667  40.376   7.328 0.000
 89.166667  90.166667  13.083   2.868 0.000
 92.166667  93.166667  31.884   2.971 0.000
 96.166667  97.166667 999.999 999.999 0.999
 99.166667 100.166667  46.618 999.999 0.000
103.166667 104.166667 999.999 999.999 0.999
106.166667 107.166667  26.878   8.741 0.000
110.166667 111.166667  47.432   7.287 0.000
113.166667 114.166667  15.723   3.835 0.000
117.166667 118.166667  41.011  10.848 0.000
120.166667 121.166667  40.815   9.038 0.000
124.166667 125.166667  23.454   5.839 0.000
127.166667 128.166667  29.154   7.852 0.000
131.166667 132.166667  28.894  10.637 0.000
134.166667 135.166667  71.119  25.243 0.000
138.166667 139.166667  14.819   3.831 0.000
141.166667 142.166667  26.042   5.420 0.000
145.166667 146.166667  36.474   9.021 0.000
148.166667 149.166667  82.270  20.902 0.000
152.166667 153.166667  45.858  17.887 0.000
155.166667 156.166667  21.647   6.392 0.000
159.166667 160.166667  45.858  20.521 0.000
162.166667 163.166667  48.298 999.999 0.000
166.166667 167.166667  30.963   6.059 0.000
169.166667 170.166667  38.288  14.329 0.000
173.166667 174.166667 999.999 999.999 0.999
176.166667 177.166667  57.980 999.999 0.000
180.166667 181.166667  26.609   5.217 0.000
183.166667 184.166667 999.999 999.999 0.999
187.166667 188.166667  62.893 999.999 0.000
190.166667 191.166667  67.020 999.999 0.000
194.166667 195.166667  14.271   3.030 0.000
197.166667 198.166667  44.980  14.127 0.000
201.166667 202.166667  28.302   7.932 0.000
204.166667 205.166667  26.926   7.149 0.000
208.166667 209.166667  38.784  12.617 0.000
211.166667 212.166667  78.878 999.999 0.000
215.166667 216.166667  18.349   6.495 0.000
218.166667 219.166667  18.278   5.252 0.000
222.166667 223.166667  22.406   5.345 0.000
225.166667 226.166667  14.479   4.596 0.000
229.166667 230.166667  35.724  10.864 0.000
232.166667 233.166667  33.654  10.469 0.000
236.166667 237.166667  19.765   4.208 0.000
239.166667 240.166667  19.565   5.000 0.000
243.166667 244.166667  22.535   3.268 0.000
246.166667 247.166667  11.710   3.766 0.000
250.166667 251.166667  22.209   7.224 0.000
253.166667 254.166667  19.527   5.060 0.000
257.166667 258.166667  29.812   7.731 0.000
260.166667 261.166667  21.514   5.302 0.000
264.166667 265.166667  22.517   8.924 0.000
267.166667 268.166667  57.730  18.268 0.000
271.166667 272.166667  12.264   4.005 0.000
274.166667 275.166667  73.138  22.385 0.000
278.166667 279.166667  20.242   6.207 0.000
281.166667 282.166667   1.433   0.675 0.000
285.166667 286.166667 999.999 999.999 0.999
288.166667 289.166667 999.999 999.999 0.999
292.166667 293.166667  24.909   7.766 0.000
295.166667 296.166667 999.999 999.999 0.999
299.166667 300.166667  63.138  21.322 0.000
302.166667 303.166667  18.083   4.572 0.000
306.166667 307.166667  11.925   3.788 0.000
309.166667 310.166667 999.999 999.999 0.999
313.166667 314.166667  30.093   9.645 0.000
316.166667 317.166667  15.783   3.227 0.000
320.166667 321.166667 999.999 999.999 0.999
323.166667 324.166667 999.999 999.999 0.999
327.166667 328.166667  17.607   7.438 0.000
330.166667 331.166667  10.589   4.223 0.000
334.166667 335.166667 999.999 999.999 0.999
337.166667 338.166667 999.999 999.999 0.999
341.166667 342.166667  18.168   4.004 0.000
344.166667 345.166667  17.945   3.772 0.000
348.166667 349.166667  24.270   4.759 0.000
351.166667 352.166667  21.452   4.336 0.000
355.166667 356.166667  30.018   8.327 0.000
358.166667 359.166667  14.026   3.522 0.000
362.166667 363.166667  22.431   6.316 0.000
