scripts/IMPROVE-2019_partial/data/US5501R.20080101040000.20191216000000.filterpack...52w.3d.US03L_filterpack_US5501.US03L_IMPROVE_Davis.lev2.nas
52 1001
MISSING INFORMATION
US03L, IMPROVE, , , , , , , 
MISSING INFORMATION
IMPROVE sel_HTAP
1 1
2008 01 01 2019 12 16
3.000000
days from file reference point
5
1 1 1 1 1
999.999999 999.999 9.999 999.999 9.999
end_time of measurement, days from the file reference point
pm10_mass, ug/m3, Matrix=pm10
numflag pm10_mass, no unit, Matrix=pm10
pm25_mass, ug/m3, Matrix=pm25
numflag pm25_mass, no unit, Matrix=pm25
0
33
Data definition:              EBAS_1.1
Set type code:                TU
Timezone:                     UTC
File name:                    US5501R.20080101040000.20191216000000.filterpack...52w.3d.US03L_filterpack_US5501.US03L_IMPROVE_Davis.lev2.nas
File creation:                20191218120509
Startdate:                    20080101040000
Revision date:                20191216000000
Version:                      2
Version description:          "Data extracted from http://views.cira.colostate.edu/fed/DataWizard 2019-12-16"
Statistics:                   arithmetic mean
Data level:                   2
Period code:                  52w
Resolution code:              3d
Sample duration:              1d
Orig. time res.:              3d
Station code:                 US5501R
Platform code:                US5501S
Station name:                 Virgin Islands National Park-Lind Point (VI01)
Station latitude:             18.3362
Station longitude:            -64.7962
Station altitude:             56.0 m
Regime:                       IMG
Component:                    
Unit:                         ug/m3
Matrix:                       
Laboratory code:              US03L
Instrument type:              filterpack
Instrument name:              filterpack_US5501
Method ref:                   US03L_IMPROVE_Davis
Blank correction:             Blank corrected
Volume std. temperature:      ambient
Volume std. pressure:         ambient
starttime endtime PM10 flag_PM10 PM2.5 flag_PM2.5
  0.166667   1.166667  15.623 0.000   3.394 0.659
  3.166667   4.166667   9.726 0.000   2.054 0.659
  6.166667   7.166667   8.836 0.000   2.121 0.659
  9.166667  10.166667   5.079 0.000   1.585 0.659
 12.166667  13.166667   6.316 0.000   2.851 0.659
 15.166667  16.166667   6.426 0.000   1.976 0.000
 18.166667  19.166667  11.145 0.000   3.271 0.659
 21.166667  22.166667  15.983 0.000   3.957 0.659
 24.166667  25.166667  10.784 0.000   2.712 0.659
 27.166667  28.166667   8.058 0.000   2.529 0.659
 30.166667  31.166667  13.025 0.000   3.173 0.659
 33.166667  34.166667  37.931 0.000  14.271 0.659
 36.166667  37.166667  12.139 0.000   3.256 0.659
 39.166667  40.166667  14.983 0.000   3.757 0.659
 42.166667  43.166667  15.109 0.000   4.277 0.659
 45.166667  46.166667  19.495 0.000   6.432 0.659
 48.166667  49.166667  14.063 0.000   3.298 0.659
 51.166667  52.166667 999.999 0.999 999.999 0.999
 54.166667  55.166667 999.999 0.999 999.999 0.999
 57.166667  58.166667  10.635 0.000   2.148 0.000
 60.166667  61.166667  14.605 0.000   3.269 0.659
 63.166667  64.166667 999.999 0.999 999.999 0.999
 66.166667  67.166667 999.999 0.999 999.999 0.999
 69.166667  70.166667 999.999 0.999 999.999 0.999
 72.166667  73.166667  10.403 0.000   2.386 0.659
 75.166667  76.166667   7.306 0.000   2.357 0.659
 78.166667  79.166667  23.397 0.000   4.836 0.659
 81.166667  82.166667   9.942 0.000   2.893 0.659
 84.166667  85.166667  13.681 0.000   3.828 0.659
 87.166667  88.166667  13.292 0.000   3.890 0.659
 90.166667  91.166667  13.271 0.000   3.542 0.659
 93.166667  94.166667  25.235 0.000   6.832 0.659
 96.166667  97.166667  17.757 0.000   4.398 0.659
 99.166667 100.166667  13.619 0.000   3.616 0.000
102.166667 103.166667   8.301 0.000   2.275 0.659
105.166667 106.166667  16.936 0.000   4.534 0.659
108.166667 109.166667  15.321 0.000   4.152 0.659
111.166667 112.166667   8.128 0.000   2.656 0.659
114.166667 115.166667  36.218 0.000  12.688 0.659
117.166667 118.166667  19.505 0.000   8.703 0.659
120.166667 121.166667  17.739 0.000   7.225 0.659
123.166667 124.166667  11.306 0.000   4.735 0.659
126.166667 127.166667  22.691 0.000   8.018 0.659
129.166667 130.166667  98.334 0.000  38.428 0.659
132.166667 133.166667 999.999 0.999 999.999 0.999
135.166667 136.166667  17.875 0.000   7.812 0.000
138.166667 139.166667  11.116 0.000   4.685 0.000
141.166667 142.166667  11.491 0.000   3.831 0.000
144.166667 145.166667   9.737 0.000   3.269 0.000
147.166667 148.166667  24.989 0.000   9.580 0.000
150.166667 151.166667  12.858 0.000   4.256 0.000
153.166667 154.166667  14.075 0.000   5.202 0.000
156.166667 157.166667  14.415 0.000   4.475 0.000
159.166667 160.166667  21.254 0.000   6.420 0.000
162.166667 163.166667   4.664 0.000   2.012 0.000
165.166667 166.166667  24.657 0.000   8.609 0.000
168.166667 169.166667  30.475 0.000   9.503 0.000
171.166667 172.166667  34.248 0.000  11.055 0.000
174.166667 175.166667  38.481 0.000  13.375 0.000
177.166667 178.166667  18.125 0.000   5.513 0.000
180.166667 181.166667  36.438 0.000  10.631 0.000
183.166667 184.166667  20.571 0.000   7.032 0.000
186.166667 187.166667  11.128 0.000   3.804 0.000
189.166667 190.166667  27.264 0.000   8.941 0.000
192.166667 193.166667  43.208 0.000  13.484 0.000
195.166667 196.166667  27.373 0.000   8.128 0.000
198.166667 199.166667  32.052 0.000  10.668 0.000
201.166667 202.166667  32.064 0.000   9.885 0.000
204.166667 205.166667  12.631 0.000   4.186 0.000
207.166667 208.166667  19.189 0.000   6.498 0.000
210.166667 211.166667  18.554 0.000   4.837 0.000
213.166667 214.166667  13.682 0.000   5.365 0.000
216.166667 217.166667  33.293 0.000  11.611 0.000
219.166667 220.166667  29.355 0.000  10.147 0.000
222.166667 223.166667  32.645 0.000  11.845 0.000
225.166667 226.166667  34.688 0.000  11.566 0.000
228.166667 229.166667  67.843 0.000  23.963 0.000
231.166667 232.166667   9.187 0.000   3.306 0.000
234.166667 235.166667  35.611 0.000  12.363 0.000
237.166667 238.166667  18.918 0.000   7.967 0.000
240.166667 241.166667   5.786 0.000   2.689 0.000
243.166667 244.166667  17.085 0.000   7.796 0.000
246.166667 247.166667  16.798 0.000   6.061 0.000
249.166667 250.166667  16.820 0.000   6.870 0.000
252.166667 253.166667  12.348 0.000   5.494 0.000
255.166667 256.166667  10.744 0.000   3.527 0.000
258.166667 259.166667  12.068 0.000   4.785 0.000
261.166667 262.166667 999.999 0.999 999.999 0.999
264.166667 265.166667 999.999 0.999 999.999 0.999
267.166667 268.166667 999.999 0.999 999.999 0.999
270.166667 271.166667   6.459 0.000   1.752 0.000
273.166667 274.166667   7.060 0.000   2.119 0.000
276.166667 277.166667   8.241 0.000   2.123 0.000
279.166667 280.166667   7.323 0.000   2.530 0.000
282.166667 283.166667   5.414 0.000   2.466 0.000
285.166667 286.166667   8.746 0.000   2.472 0.000
288.166667 289.166667   8.366 0.000   3.803 0.000
291.166667 292.166667   8.662 0.000   2.740 0.000
294.166667 295.166667  43.099 0.000  17.597 0.000
297.166667 298.166667  11.697 0.000   3.616 0.000
300.166667 301.166667   7.795 0.000   2.502 0.000
303.166667 304.166667  15.252 0.000   5.258 0.000
306.166667 307.166667  11.466 0.000   3.492 0.000
309.166667 310.166667   7.140 0.000   3.378 0.000
312.166667 313.166667   7.398 0.000   1.974 0.000
315.166667 316.166667   7.555 0.000   2.225 0.000
318.166667 319.166667  21.587 0.000   8.885 0.000
321.166667 322.166667  11.363 0.000   2.669 0.000
324.166667 325.166667   5.382 0.000   1.333 0.000
327.166667 328.166667  15.641 0.000   3.316 0.000
330.166667 331.166667  11.485 0.000   3.113 0.000
333.166667 334.166667   4.088 0.000   1.480 0.000
336.166667 337.166667  13.918 0.000   3.252 0.000
339.166667 340.166667  10.774 0.000   2.579 0.000
342.166667 343.166667   5.283 0.000   1.194 0.000
345.166667 346.166667  18.523 0.000   4.400 0.000
348.166667 349.166667  11.943 0.000   3.195 0.000
351.166667 352.166667  10.090 0.000   2.641 0.000
354.166667 355.166667   6.800 0.000   1.688 0.000
357.166667 358.166667  14.400 0.000   3.712 0.000
360.166667 361.166667  17.792 0.000   4.345 0.000
363.166667 364.166667  10.228 0.000   2.304 0.000
