scripts/IMPROVE-2019_partial/data/US5501R.19910102040000.20191216000000.filterpack.pm25_mass.pm25.1y.3d.US03L_filterpack_US5501.US03L_IMPROVE_Davis.lev2.nas
50 1001
MISSING INFORMATION
US03L, IMPROVE, , , , , , , 
MISSING INFORMATION
IMPROVE sel_HTAP
1 1
1991 01 01 2019 12 16
0
days from file reference point
3
1 1 1
999.999999 999.999 9.999999
end_time of measurement, days from the file reference point
pm25_mass, ug/m3
numflag pm25_mass, no unit
0
33
Data definition:              EBAS_1.1
Set type code:                TI
Timezone:                     UTC
File name:                    US5501R.19910102040000.20191216000000.filterpack.pm25_mass.pm25.1y.3d.US03L_filterpack_US5501.US03L_IMPROVE_Davis.lev2.nas
File creation:                20191218120510
Startdate:                    19910102040000
Revision date:                20191216000000
Version:                      2
Version description:          "Data extracted from http://views.cira.colostate.edu/fed/DataWizard 2019-12-16"
Statistics:                   arithmetic mean
Data level:                   2
Period code:                  1y
Resolution code:              3d
Sample duration:              1d
Orig. time res.:              3d
Station code:                 US5501R
Platform code:                US5501S
Station name:                 Virgin Islands National Park-Lind Point (VI01)
Station latitude:             18.3362
Station longitude:            -64.7962
Station altitude:             56.0 m
Regime:                       IMG
Component:                    pm25_mass
Unit:                         ug/m3
Matrix:                       pm25
Laboratory code:              US03L
Instrument type:              filterpack
Instrument name:              filterpack_US5501
Method ref:                   US03L_IMPROVE_Davis
Blank correction:             Blank corrected
Volume std. temperature:      ambient
Volume std. pressure:         ambient
starttime endtime PM2.5 flag_PM2.5
  1.166667   2.166667 999.999 0.999000
  4.166667   5.166667 999.999 0.999000
  8.166667   9.166667 999.999 0.999000
 11.166667  12.166667 999.999 0.999000
 15.166667  16.166667 999.999 0.999000
 18.166667  19.166667   3.464 0.559000
 22.166667  23.166667 999.999 0.999000
 25.166667  26.166667   3.922 0.559000
 29.166667  30.166667   6.616 0.559000
 32.166667  33.166667   4.114 0.559000
 36.166667  37.166667   3.914 0.559000
 39.166667  40.166667   6.563 0.559000
 43.166667  44.166667   8.148 0.559000
 46.166667  47.166667   6.380 0.559000
 50.166667  51.166667   5.079 0.559000
 53.166667  54.166667   4.386 0.559000
 57.166667  58.166667   7.348 0.559000
 60.166667  61.166667   6.311 0.559000
 64.166667  65.166667   6.433 0.559000
 67.166667  68.166667   4.940 0.559000
 71.166667  72.166667   7.364 0.559000
 74.166667  75.166667   8.012 0.559000
 78.166667  79.166667   3.698 0.559000
 81.166667  82.166667   7.596 0.559000
 85.166667  86.166667   4.464 0.559000
 88.166667  89.166667   6.490 0.559000
 92.166667  93.166667   3.353 0.559000
 95.166667  96.166667 999.999 0.999000
 99.166667 100.166667   5.680 0.559000
102.166667 103.166667   4.643 0.559000
106.166667 107.166667   6.479 0.559000
109.166667 110.166667   6.538 0.559000
113.166667 114.166667 999.999 0.999000
116.166667 117.166667   5.164 0.559000
120.166667 121.166667 999.999 0.999000
123.166667 124.166667   3.204 0.559000
127.166667 128.166667 999.999 0.999000
130.166667 131.166667   4.967 0.559000
134.166667 135.166667   6.884 0.559000
137.166667 138.166667   3.582 0.559000
141.166667 142.166667 999.999 0.559259
144.166667 145.166667 999.999 0.559259
148.166667 149.166667 999.999 0.559259
151.166667 152.166667   6.488 0.559000
155.166667 156.166667  15.799 0.559000
158.166667 159.166667   8.382 0.559000
162.166667 163.166667  25.452 0.559000
165.166667 166.166667  22.827 0.559000
169.166667 170.166667   6.862 0.559000
172.166667 173.166667  11.450 0.559000
176.166667 177.166667   7.462 0.559000
179.166667 180.166667  20.185 0.559000
183.166667 184.166667  11.631 0.559000
186.166667 187.166667  14.671 0.559000
190.166667 191.166667  11.351 0.559000
193.166667 194.166667  10.435 0.559000
197.166667 198.166667   6.519 0.559000
200.166667 201.166667  13.363 0.559000
204.166667 205.166667  27.335 0.559000
207.166667 208.166667   6.294 0.559000
211.166667 212.166667   8.739 0.559000
214.166667 215.166667  10.680 0.559000
218.166667 219.166667  11.349 0.559000
221.166667 222.166667   4.852 0.559000
225.166667 226.166667 999.999 0.999000
228.166667 229.166667 999.999 0.999000
232.166667 233.166667   7.676 0.559000
235.166667 236.166667  15.452 0.559000
239.166667 240.166667   2.967 0.559000
242.166667 243.166667   3.580 0.559000
246.166667 247.166667   8.220 0.559000
249.166667 250.166667  10.418 0.559000
253.166667 254.166667   8.279 0.559000
256.166667 257.166667 999.999 0.559259
260.166667 261.166667  17.329 0.559000
263.166667 264.166667  16.131 0.559000
267.166667 268.166667   3.061 0.559000
270.166667 271.166667 999.999 0.999000
274.166667 275.166667 999.999 0.999000
277.166667 278.166667   2.786 0.559000
281.166667 282.166667   3.059 0.559000
284.166667 285.166667   5.029 0.559000
288.166667 289.166667   2.315 0.559000
291.166667 292.166667   2.183 0.559000
295.166667 296.166667   5.074 0.559000
298.166667 299.166667   3.599 0.559000
302.166667 303.166667   3.412 0.559000
305.166667 306.166667   3.599 0.559000
309.166667 310.166667 999.999 0.999000
312.166667 313.166667   3.294 0.559000
316.166667 317.166667 999.999 0.999000
319.166667 320.166667   2.169 0.559000
323.166667 324.166667   4.137 0.559000
326.166667 327.166667   5.104 0.559000
330.166667 331.166667   4.537 0.559000
333.166667 334.166667   3.522 0.559000
337.166667 338.166667   4.307 0.559000
340.166667 341.166667   2.941 0.559000
344.166667 345.166667 999.999 0.999000
347.166667 348.166667   2.655 0.559000
351.166667 352.166667 999.999 0.999000
354.166667 355.166667 999.999 0.999000
358.166667 359.166667   1.731 0.559000
361.166667 362.166667   2.515 0.559000
