scripts/IMPROVE-2019_partial/data/US5501R.20030103040000.20191216000000.filterpack..pm25.1y.1w.US03L_filterpack_US5501.US03L_IMPROVE_Davis.lev2.nas
66 1001
MISSING INFORMATION
US03L, IMPROVE, , , , , , , 
MISSING INFORMATION
IMPROVE sel_HTAP
1 1
2003 01 01 2019 12 16
3.000000
days from file reference point
27
1 1 1 1 1 1 1 1 1 1 1 1 1 1 1 1 1 1 1 1 1 1 1 1 1 1 1
999.999999 99999.99 9.999 99.99 9.999 9.999 9.999999 9.99 9.999999 9.999 9.999 99.999 9.999 99.999 9.999 999.99 9.999999 999.999 9.999 999.999 9.999 999.999 9.999 9.999 9.999 99.999 9.999
end_time of measurement, days from the file reference point
iron, ng/m3, Revision date=20181210133000
numflag iron, no unit, Revision date=20181210133000
lead, ng/m3, Revision date=20181210133000
numflag lead, no unit, Revision date=20181210133000
magnesium, ug/m3, Revision date=20181210133000
numflag magnesium, no unit, Revision date=20181210133000
nickel, ng/m3, Revision date=20181210133000
numflag nickel, no unit, Revision date=20181210133000
nitrate, ug N/m3, Revision date=20181210133000
numflag nitrate, no unit, Revision date=20181210133000
organic_carbon, ug C/m3, Revision date=20181210133000
numflag organic_carbon, no unit, Revision date=20181210133000
organic_mass, ug/m3, Revision date=20181210133000
numflag organic_mass, no unit, Revision date=20181210133000
phosphorus, ng/m3, Revision date=20181210133000
numflag phosphorus, no unit, Revision date=20181210133000
pm10_mass, ug/m3, Version=2, Version description=Data extracted from http://views.cira.colostate.edu/fed/DataWizard 2019-12-16, Sample duration=1d, Orig. time res.=3d, Matrix=pm10, Blank correction=Blank corrected, Volume std. temperature=ambient, Volume std. pressure=ambient
numflag pm10_mass, no unit, Version=2, Version description=Data extracted from http://views.cira.colostate.edu/fed/DataWizard 2019-12-16, Sample duration=1d, Orig. time res.=3d, Matrix=pm10, Blank correction=Blank corrected, Volume std. temperature=ambient, Volume std. pressure=ambient
pm10_pm25_mass, ug/m3, Revision date=20181210133000, Matrix=pm10_pm25
numflag pm10_pm25_mass, no unit, Revision date=20181210133000, Matrix=pm10_pm25
pm25_mass, ug/m3, Version=2, Version description=Data extracted from http://views.cira.colostate.edu/fed/DataWizard 2019-12-16, Sample duration=1d, Orig. time res.=3d, Blank correction=Blank corrected, Volume std. temperature=ambient, Volume std. pressure=ambient
numflag pm25_mass, no unit, Version=2, Version description=Data extracted from http://views.cira.colostate.edu/fed/DataWizard 2019-12-16, Sample duration=1d, Orig. time res.=3d, Blank correction=Blank corrected, Volume std. temperature=ambient, Volume std. pressure=ambient
potassium, ug/m3, Revision date=20181210133000
numflag potassium, no unit, Revision date=20181210133000
sulphate_total, ug S/m3, Revision date=20181210133000
numflag sulphate_total, no unit, Revision date=20181210133000
0
25
Data definition:              EBAS_1.1
Set type code:                TU
Timezone:                     UTC
File name:                    US5501R.20030103040000.20191216000000.filterpack..pm25.1y.1w.US03L_filterpack_US5501.US03L_IMPROVE_Davis.lev2.nas
File creation:                20191218120508
Startdate:                    20030103040000
Revision date:                20191216000000
Statistics:                   arithmetic mean
Data level:                   2
Period code:                  1y
Resolution code:              1w
Station code:                 US5501R
Platform code:                US5501S
Station name:                 Virgin Islands National Park-Lind Point (VI01)
Station latitude:             18.3362
Station longitude:            -64.7962
Station altitude:             56.0 m
Regime:                       IMG
Component:                    
Matrix:                       pm25
Laboratory code:              US03L
Instrument type:              filterpack
Instrument name:              filterpack_US5501
Method ref:                   US03L_IMPROVE_Davis
starttime endtime Fe flag_Fe Pb flag_Pb Mg++ flag_Mg++ Ni flag_Ni NO3- flag_NO3- OC flag_OC OM flag_OM P flag_P PM10 flag_PM10 PM10-PM2.5 flag_PM10-PM2.5 PM2.5 flag_PM2.5 K+ flag_K+ SO4-- flag_SO4--
  2.166667   3.166667    19.85 0.000 99.99 0.259 0.015 0.000000 0.23 0.000000 0.018 0.559  0.144 0.000  0.201 0.000 999.99 0.259000  15.625 0.000  11.865 0.000   3.760 0.000 0.033 0.000  0.114 0.559
  5.166667   6.166667    34.18 0.000  2.20 0.000 9.999 0.259000 0.23 0.000000 0.017 0.000  0.201 0.000  0.281 0.000 999.99 0.259000  25.691 0.000  20.177 0.000   5.514 0.000 0.093 0.000  0.425 0.000
  8.166667   9.166667   115.92 0.000  0.83 0.000 0.032 0.000000 0.72 0.000000 0.050 0.000  0.309 0.000  0.433 0.000 999.99 0.259000  21.048 0.000  12.352 0.000   8.696 0.000 0.281 0.000  0.659 0.000
 11.166667  12.166667     2.78 0.000  0.04 0.000 9.999 0.259000 9.99 0.259000 0.013 0.559  0.098 0.000  0.137 0.000 999.99 0.259000   8.636 0.000   6.750 0.000   1.886 0.000 0.020 0.000  0.084 0.559
 14.166667  15.166667     3.48 0.000  0.22 0.000 9.999 0.259000 0.44 0.000000 0.019 0.000  0.102 0.000  0.143 0.000 999.99 0.259000  11.895 0.000   9.153 0.000   2.742 0.000 0.020 0.000  0.117 0.000
 17.166667  18.166667     3.74 0.000  0.20 0.000 0.032 0.000000 0.23 0.000000 0.014 0.559  0.056 0.000  0.078 0.000 999.99 0.259000  14.543 0.000  10.936 0.000   3.607 0.000 0.027 0.000  0.120 0.559
 20.166667  21.166667    20.73 0.000  0.94 0.000 9.999 0.259000 9.99 0.259000 0.014 0.000  0.080 0.000  0.113 0.000 999.99 0.259000  10.652 0.000   7.935 0.000   2.717 0.000 0.030 0.000  0.092 0.000
 23.166667  24.166667     7.61 0.000  0.86 0.000 9.999 0.259000 0.61 0.000000 0.018 0.000  0.141 0.000  0.197 0.000 999.99 0.259000  13.216 0.000  10.475 0.000   2.741 0.000 0.020 0.000  0.240 0.000
 26.166667  27.166667    34.55 0.000 99.99 0.259 9.999 0.259000 9.99 0.259000 0.020 0.559  0.058 0.000  0.082 0.000 999.99 0.259000  12.450 0.000   9.189 0.000   3.261 0.000 0.032 0.000  0.084 0.559
 29.166667  30.166667     5.94 0.000  0.12 0.000 0.019 0.000000 0.16 0.000000 0.006 0.559 99.999 0.259 99.999 0.259 999.99 0.259000   6.590 0.000   4.981 0.000   1.609 0.000 0.021 0.000  0.052 0.559
 32.166667  33.166667   388.17 0.000  0.47 0.000 9.999 0.259000 0.19 0.000000 0.030 0.559  0.098 0.000  0.137 0.000 999.99 0.259000  24.108 0.000  12.649 0.000  11.458 0.000 0.171 0.000  0.158 0.559
 35.166667  36.166667    46.86 0.000  0.11 0.000 9.999 0.259000 0.46 0.000000 0.020 0.000  0.071 0.000  0.099 0.000 999.99 0.259000   9.070 0.000   6.257 0.000   2.813 0.000 0.035 0.000  0.136 0.000
 38.166667  39.166667     0.73 0.000 99.99 0.259 9.999 0.259000 0.12 0.000000 0.006 0.559  0.127 0.000  0.177 0.000 999.99 0.259000  10.291 0.000   7.746 0.000   2.544 0.000 0.019 0.000  0.060 0.559
 41.166667  42.166667     3.15 0.000  0.06 0.000 0.025 0.000000 0.15 0.000000 0.016 0.000  0.083 0.000  0.116 0.000 999.99 0.259000  11.350 0.000   8.543 0.000   2.807 0.000 0.022 0.000  0.074 0.000
 44.166667  45.166667     2.97 0.000  0.41 0.000 9.999 0.259000 0.16 0.000000 0.025 0.559 99.999 0.259 99.999 0.259 999.99 0.259000  14.350 0.000  10.771 0.000   3.578 0.000 0.023 0.000  0.132 0.559
 47.166667  48.166667    75.81 0.000 99.99 0.259 0.050 0.000000 0.17 0.000000 0.017 0.000  0.032 0.000  0.045 0.000 999.99 0.259000  13.205 0.000   9.881 0.000   3.324 0.000 0.025 0.000  0.082 0.000
 50.166667  51.166667     1.31 0.000  0.19 0.000 9.999 0.259000 0.10 0.000000 0.024 0.000  0.076 0.000  0.107 0.000 999.99 0.259000  11.515 0.000   8.043 0.000   3.472 0.000 0.026 0.000  0.123 0.000
 53.166667  54.166667     2.47 0.000  0.07 0.000 9.999 0.259000 0.20 0.000000 0.034 0.559  0.144 0.000  0.202 0.000 999.99 0.259000  17.523 0.000  13.665 0.000   3.858 0.000 0.032 0.000  0.323 0.559
 56.166667  57.166667     7.94 0.000  1.44 0.000 9.999 0.259000 0.38 0.000000 0.019 0.000  0.171 0.000  0.239 0.000 999.99 0.259000  18.920 0.000  14.990 0.000   3.930 0.000 0.030 0.000  0.318 0.000
 59.166667  60.166667    12.41 0.000  0.10 0.000 9.999 0.259000 0.14 0.000000 0.016 0.559  0.089 0.000  0.124 0.000 999.99 0.259000  10.291 0.000   7.956 0.000   2.335 0.000 0.027 0.000  0.112 0.559
 62.166667  63.166667     3.17 0.000  0.12 0.000 9.999 0.259000 0.12 0.000000 0.012 0.559  0.015 0.000  0.021 0.000   7.95 0.000000   7.588 0.000   5.766 0.000   1.822 0.000 0.011 0.000  0.086 0.559
 65.166667  66.166667    45.12 0.000  0.18 0.000 9.999 0.259000 0.12 0.000000 0.080 0.559  0.966 0.000  1.353 0.000 999.99 0.259000   7.972 0.000   0.119 0.000   7.853 0.000 0.075 0.000  0.439 0.559
 68.166667  69.166667    66.52 0.000 99.99 0.259 9.999 0.259000 0.21 0.000000 0.055 0.559  1.164 0.000  1.630 0.000 999.99 0.259000   5.711 0.000 999.999 0.259   7.443 0.000 0.077 0.000  0.231 0.559
 71.166667  72.166667   152.90 0.000  0.32 0.000 9.999 0.259000 0.06 0.000000 0.036 0.559  0.145 0.000  0.203 0.000 999.99 0.259000  20.798 0.000  14.740 0.000   6.058 0.000 0.080 0.000  0.197 0.559
 74.166667  75.166667   195.98 0.000  0.33 0.000 9.999 0.259000 0.27 0.000000 0.049 0.000  0.177 0.000  0.248 0.000 999.99 0.259000  23.604 0.000  16.111 0.000   7.493 0.000 0.100 0.000  0.285 0.000
 77.166667  78.166667    25.72 0.000  0.21 0.000 9.999 0.259000 0.52 0.000000 0.046 0.000  0.229 0.000  0.321 0.000 999.99 0.259000  12.091 0.000   8.529 0.000   3.562 0.000 0.032 0.000  0.297 0.000
 80.166667  81.166667    24.48 0.000  0.43 0.000 9.999 0.259000 0.28 0.000000 0.043 0.000  0.305 0.000  0.427 0.000 999.99 0.259000  13.165 0.000   8.323 0.000   4.843 0.000 0.066 0.000  0.634 0.000
 83.166667  84.166667    23.85 0.000  0.95 0.000 9.999 0.259000 0.83 0.000000 0.032 0.000  0.151 0.000  0.212 0.000 999.99 0.259000   9.377 0.000   4.849 0.000   4.528 0.000 0.030 0.000  0.565 0.000
 86.166667  87.166667   130.97 0.000  0.48 0.000 0.010 0.000000 0.36 0.000000 0.048 0.559  0.160 0.000  0.224 0.000 999.99 0.259000  12.267 0.000   7.638 0.000   4.630 0.000 0.046 0.000  0.523 0.559
 89.166667  90.166667     3.18 0.000  1.02 0.000 9.999 0.259000 0.25 0.000000 0.037 0.000  0.084 0.000  0.118 0.000 999.99 0.259000   9.522 0.000   6.780 0.000   2.742 0.000 0.023 0.000  0.173 0.000
 92.166667  93.166667     6.46 0.000  0.56 0.000 9.999 0.259000 9.99 0.259000 0.019 0.000  0.094 0.000  0.132 0.000 999.99 0.259000   8.220 0.000   5.605 0.000   2.615 0.000 0.022 0.000  0.176 0.000
 95.166667  96.166667   148.69 0.000  1.92 0.000 9.999 0.259000 0.20 0.000000 0.057 0.000  0.330 0.000  0.462 0.000 999.99 0.259000  29.948 0.000  20.567 0.000   9.381 0.000 0.123 0.000  0.537 0.000
 98.166667  99.166667    17.98 0.000  0.16 0.000 9.999 0.259000 0.80 0.000000 0.047 0.000  0.121 0.000  0.169 0.000 999.99 0.259000  17.219 0.000  12.335 0.000   4.885 0.000 0.037 0.000  0.315 0.000
101.166667 102.166667     6.11 0.000  0.05 0.000 9.999 0.259000 0.23 0.000000 0.030 0.000  0.126 0.000  0.177 0.000 999.99 0.259000  18.530 0.000  13.382 0.000   5.149 0.000 0.043 0.000  0.236 0.000
104.166667 105.166667    11.42 0.000  0.24 0.000 9.999 0.259000 0.27 0.000000 0.028 0.000  0.101 0.000  0.142 0.000 999.99 0.259000  11.007 0.000   8.200 0.000   2.807 0.000 0.019 0.000  0.166 0.000
107.166667 108.166667    48.89 0.000  0.21 0.000 9.999 0.259000 0.17 0.000000 0.026 0.000  0.270 0.000  0.378 0.000 999.99 0.259000  14.601 0.000   9.914 0.000   4.687 0.000 0.061 0.000  0.186 0.000
110.166667 111.166667     8.69 0.000  0.16 0.000 9.999 0.259000 0.80 0.000000 0.041 0.559  0.173 0.000  0.242 0.000 999.99 0.259000  12.522 0.000   9.004 0.000   3.518 0.000 0.028 0.000  0.243 0.559
113.166667 114.166667    28.94 0.000  2.36 0.000 9.999 0.259000 0.76 0.000000 0.031 0.000  0.250 0.000  0.349 0.000 999.99 0.259000  15.171 0.000   6.575 0.000   8.596 0.000 0.038 0.000  1.654 0.000
116.166667 117.166667   237.41 0.000  0.94 0.000 9.999 0.259000 0.14 0.000000 0.039 0.000  0.273 0.000  0.382 0.000 999.99 0.259000  27.814 0.000  17.221 0.000  10.593 0.000 0.140 0.000  0.405 0.000
119.166667 120.166667    29.26 0.000  0.26 0.000 9.999 0.259000 0.30 0.000000 0.038 0.000  0.176 0.000  0.247 0.000 999.99 0.259000  13.783 0.000  10.129 0.000   3.653 0.000 0.034 0.000  0.331 0.000
122.166667 123.166667    86.52 0.000  0.55 0.000 9.999 0.259000 0.11 0.000000 0.036 0.000  0.103 0.000  0.144 0.000 999.99 0.259000  18.302 0.000  12.667 0.000   5.635 0.000 0.066 0.000  0.344 0.000
125.166667 126.166667    28.34 0.000  0.14 0.000 9.999 0.259000 9.99 0.259000 0.027 0.000  0.013 0.000  0.019 0.000 999.99 0.259000  11.672 0.000   8.505 0.000   3.167 0.000 0.028 0.000  0.192 0.000
128.166667 129.166667   434.15 0.000  0.49 0.000 9.999 0.259000 0.12 0.000000 0.152 0.000  0.248 0.000  0.347 0.000 999.99 0.259000  49.964 0.000  36.391 0.000  13.573 0.000 0.210 0.000  0.336 0.000
131.166667 132.166667    11.67 0.000  0.29 0.000 9.999 0.259000 9.99 0.259000 0.034 0.000  0.060 0.000  0.084 0.000 999.99 0.259000  10.974 0.000   8.518 0.000   2.456 0.000 0.020 0.000  0.264 0.000
134.166667 135.166667    52.28 0.000 99.99 0.259 9.999 0.259000 0.09 0.000000 0.071 0.000  0.061 0.000  0.085 0.000 999.99 0.259000  15.094 0.000  10.575 0.000   4.518 0.000 0.045 0.000  0.236 0.000
137.166667 138.166667    46.44 0.000  0.24 0.000 9.999 0.259000 0.08 0.000000 0.066 0.000  0.135 0.000  0.188 0.000 999.99 0.259000  12.018 0.000   8.007 0.000   4.011 0.000 0.046 0.000  0.219 0.000
140.166667 141.166667   215.51 0.000  0.79 0.000 9.999 0.259000 0.96 0.000000 0.131 0.000  0.232 0.000  0.325 0.000 999.99 0.259000  22.507 0.000  13.123 0.000   9.384 0.000 0.173 0.000  0.763 0.000
143.166667 144.166667   159.99 0.000  0.90 0.000 9.999 0.259000 9.99 0.259000 0.071 0.559  0.117 0.000  0.163 0.000 999.99 0.259000  23.763 0.000  15.631 0.000   8.132 0.000 0.143 0.000  0.853 0.559
146.166667 147.166667   257.69 0.000  0.38 0.000 9.999 0.259000 0.06 0.000000 0.077 0.559  0.109 0.000  0.152 0.000 999.99 0.259000  31.221 0.000  21.844 0.000   9.377 0.000 0.167 0.000  0.497 0.559
149.166667 150.166667   850.57 0.699  1.16 0.699 9.999 0.699259 9.99 0.699259 0.121 0.000  0.161 0.000  0.225 0.000 999.99 0.699259  66.858 0.000  41.212 0.000  25.646 0.699 0.487 0.699  0.550 0.000
152.166667 153.166667     9.02 0.000 99.99 0.259 9.999 0.259000 0.12 0.000000 0.048 0.000 99.999 0.259 99.999 0.259 999.99 0.259000  10.039 0.000   7.597 0.000   2.442 0.000 0.018 0.000  0.195 0.000
155.166667 156.166667     7.15 0.000  0.13 0.000 9.999 0.259000 0.15 0.000000 0.042 0.000 99.999 0.259 99.999 0.259 999.99 0.259000  12.826 0.000   9.769 0.000   3.057 0.000 0.023 0.000  0.215 0.000
158.166667 159.166667    31.24 0.000 99.99 0.259 9.999 0.259000 9.99 0.259000 0.029 0.559  0.015 0.000  0.021 0.000 999.99 0.259000  17.991 0.000  13.432 0.000   4.559 0.000 0.039 0.000  0.219 0.559
161.166667 162.166667    70.41 0.000 99.99 0.259 0.018 0.000000 0.18 0.000000 0.061 0.000  0.161 0.000  0.226 0.000 999.99 0.259000  22.924 0.000  17.117 0.000   5.807 0.000 0.049 0.000  0.369 0.000
164.166667 165.166667   305.12 0.000 99.99 0.259 9.999 0.259000 0.09 0.000000 0.059 0.000  0.053 0.000  0.074 0.000 999.99 0.259000  33.571 0.000  22.632 0.000  10.939 0.000 0.119 0.000  0.325 0.000
167.166667 168.166667    93.17 0.000 99.99 0.259 9.999 0.259000 9.99 0.259000 0.036 0.000  0.059 0.000  0.083 0.000 999.99 0.259000  21.587 0.000  16.248 0.000   5.339 0.000 0.050 0.000  0.258 0.000
170.166667 171.166667   495.92 0.000  0.65 0.000 9.999 0.259000 0.12 0.000000 0.095 0.000  0.003 0.000  0.004 0.000 999.99 0.259000  52.544 0.000  36.675 0.000  15.869 0.000 0.173 0.000  0.421 0.000
173.166667 174.166667   382.86 0.000  0.73 0.000 9.999 0.259000 0.03 0.000000 0.092 0.000  0.311 0.000  0.435 0.000 999.99 0.259000  43.898 0.000  30.900 0.000  12.998 0.000 0.129 0.000  0.394 0.000
176.166667 177.166667   382.13 0.000  0.84 0.000 9.999 0.259000 0.10 0.000000 0.104 0.000  0.130 0.000  0.181 0.000 999.99 0.259000  46.096 0.000  32.110 0.000  13.985 0.000 0.151 0.000  0.449 0.000
179.166667 180.166667   247.31 0.000 99.99 0.259 9.999 0.259000 9.99 0.259000 0.058 0.559  0.012 0.000  0.016 0.000 999.99 0.259000  46.380 0.000  35.810 0.000  10.570 0.000 0.111 0.000  0.356 0.559
182.166667 183.166667     8.62 0.000  0.10 0.000 9.999 0.259000 0.19 0.000000 0.058 0.000 99.999 0.259 99.999 0.259 999.99 0.259000  10.736 0.000   7.686 0.000   3.050 0.000 0.019 0.000  0.259 0.000
185.166667 186.166667    81.32 0.000  0.09 0.000 9.999 0.259000 0.09 0.000000 0.027 0.000 99.999 0.259 99.999 0.259 999.99 0.259000  19.640 0.000  14.469 0.000   5.171 0.000 0.052 0.000  0.223 0.000
188.166667 189.166667   193.05 0.000  0.38 0.000 9.999 0.259000 0.05 0.000000 0.051 0.000  0.122 0.000  0.170 0.000 999.99 0.259000  40.172 0.000  28.424 0.000  11.747 0.000 0.107 0.000  0.523 0.000
191.166667 192.166667    77.06 0.559  0.18 0.559 9.999 0.559259 9.99 0.559259 0.048 0.000 99.999 0.259 99.999 0.259 999.99 0.559259  23.809 0.000  16.572 0.000   7.238 0.559 0.057 0.559  0.720 0.000
194.166667 195.166667   535.16 0.000  1.47 0.000 9.999 0.259000 0.12 0.000000 0.076 0.000  0.035 0.000  0.049 0.000 999.99 0.259000  64.191 0.000  48.071 0.000  16.120 0.000 0.205 0.000  0.485 0.000
197.166667 198.166667   207.71 0.000  0.43 0.000 9.999 0.259000 0.26 0.000000 0.058 0.559 99.999 0.259 99.999 0.259 999.99 0.259000  23.207 0.000  15.923 0.000   7.284 0.000 0.086 0.000  0.454 0.559
200.166667 201.166667     3.25 0.000  0.14 0.000 9.999 0.259000 0.08 0.000000 0.023 0.559 99.999 0.259 99.999 0.259 999.99 0.259000  13.601 0.000   9.914 0.000   3.687 0.000 0.025 0.000  0.293 0.559
203.166667 204.166667   157.85 0.000  0.33 0.000 9.999 0.259000 0.06 0.000000 0.049 0.559 99.999 0.259 99.999 0.259 999.99 0.259000  31.303 0.000  22.638 0.000   8.665 0.000 0.079 0.000  0.441 0.559
206.166667 207.166667   370.60 0.000  0.62 0.000 9.999 0.259000 0.10 0.000000 0.062 0.559 99.999 0.259 99.999 0.259 999.99 0.259000  38.576 0.000  25.898 0.000  12.678 0.000 0.139 0.000  0.363 0.559
209.166667 210.166667   106.77 0.000  0.20 0.000 9.999 0.259000 0.14 0.000000 0.042 0.559 99.999 0.259 99.999 0.259 999.99 0.259000  22.950 0.000  16.695 0.000   6.255 0.000 0.061 0.000  0.350 0.559
212.166667 213.166667  1094.32 0.559  2.34 0.559 9.999 0.559259 0.41 0.559000 0.125 0.559  0.103 0.000  0.144 0.000 999.99 0.559259  73.834 0.000  38.536 0.000  35.298 0.559 0.459 0.559  0.489 0.559
215.166667 216.166667   126.25 0.000  0.17 0.000 9.999 0.259000 0.05 0.000000 0.034 0.559  0.030 0.000  0.041 0.000 999.99 0.259000  20.363 0.000  14.398 0.000   5.966 0.000 0.064 0.000  0.285 0.559
218.166667 219.166667    15.20 0.000  0.14 0.000 9.999 0.259000 0.11 0.000000 9.999 0.999 99.999 0.259 99.999 0.259 999.99 0.259000  14.841 0.000  11.163 0.000   3.678 0.000 0.027 0.000 99.999 0.999
221.166667 222.166667   446.25 0.000  1.19 0.000 9.999 0.259000 0.09 0.000000 9.999 0.999  0.085 0.000  0.118 0.000 999.99 0.259000  46.884 0.000  32.842 0.000  14.043 0.000 0.175 0.000 99.999 0.999
224.166667 225.166667 99999.99 0.999 99.99 0.999 9.999 0.999000 9.99 0.999000 9.999 0.999 99.999 0.999 99.999 0.999 999.99 0.999000 999.999 0.999 999.999 0.999 999.999 0.999 9.999 0.999 99.999 0.999
227.166667 228.166667   206.91 0.000  0.32 0.000 9.999 0.259000 0.27 0.000000 9.999 0.999 99.999 0.259 99.999 0.259 999.99 0.259000  16.395 0.000   9.991 0.000   6.403 0.000 0.092 0.000 99.999 0.999
230.166667 231.166667   365.26 0.000  0.97 0.000 9.999 0.259000 0.20 0.000000 9.999 0.999 99.999 0.259 99.999 0.259 999.99 0.259000  36.636 0.000  24.307 0.000  12.329 0.000 0.157 0.000 99.999 0.999
233.166667 234.166667   206.90 0.000  0.50 0.000 9.999 0.259000 0.16 0.000000 9.999 0.999 99.999 0.259 99.999 0.259 999.99 0.259000  22.853 0.000  14.968 0.000   7.885 0.000 0.102 0.000 99.999 0.999
236.166667 237.166667    76.14 0.000  0.53 0.000 9.999 0.259000 0.13 0.000000 9.999 0.999  0.003 0.000  0.004 0.000 999.99 0.259000  13.925 0.000   8.786 0.000   5.139 0.000 0.056 0.000 99.999 0.999
239.166667 240.166667    76.48 0.000  0.65 0.000 9.999 0.259000 0.07 0.000000 9.999 0.999 99.999 0.259 99.999 0.259 999.99 0.259000  12.932 0.000   8.807 0.000   4.125 0.000 0.047 0.000 99.999 0.999
