scripts/IMPROVE-2019_partial/data/US5501R.19980103040000.20191216000000.filterpack...1y.3d.US03L_filterpack_US5501.US03L_IMPROVE_Davis.lev2.nas
51 1001
MISSING INFORMATION
US03L, IMPROVE, , , , , , , 
MISSING INFORMATION
IMPROVE sel_HTAP
1 1
1998 01 01 2019 12 16
0
days from file reference point
4
1 1 1 1
999.999999 999.999 999.999 9.999
end_time of measurement, days from the file reference point
pm10_mass, ug/m3, Matrix=pm10
pm25_mass, ug/m3, Matrix=pm25
numflag, no unit
0
33
Data definition:              EBAS_1.1
Set type code:                TI
Timezone:                     UTC
File name:                    US5501R.19980103040000.20191216000000.filterpack...1y.3d.US03L_filterpack_US5501.US03L_IMPROVE_Davis.lev2.nas
File creation:                20191218120508
Startdate:                    19980103040000
Revision date:                20191216000000
Version:                      2
Version description:          "Data extracted from http://views.cira.colostate.edu/fed/DataWizard 2019-12-16"
Statistics:                   arithmetic mean
Data level:                   2
Period code:                  1y
Resolution code:              3d
Sample duration:              1d
Orig. time res.:              3d
Station code:                 US5501R
Platform code:                US5501S
Station name:                 Virgin Islands National Park-Lind Point (VI01)
Station latitude:             18.3362
Station longitude:            -64.7962
Station altitude:             56.0 m
Regime:                       IMG
Component:                    
Unit:                         ug/m3
Matrix:                       
Laboratory code:              US03L
Instrument type:              filterpack
Instrument name:              filterpack_US5501
Method ref:                   US03L_IMPROVE_Davis
Blank correction:             Blank corrected
Volume std. temperature:      ambient
Volume std. pressure:         ambient
starttime endtime PM10 PM2.5 flag
  2.166667   3.166667 999.999   6.033 0.000
  6.166667   7.166667 999.999   3.626 0.000
  9.166667  10.166667 999.999   6.348 0.000
 13.166667  14.166667 999.999 999.999 0.999
 16.166667  17.166667 999.999   2.315 0.000
 20.166667  21.166667 999.999 999.999 0.999
 23.166667  24.166667 999.999 999.999 0.999
 27.166667  28.166667 999.999 999.999 0.999
 30.166667  31.166667 999.999   8.535 0.000
 34.166667  35.166667 999.999   7.551 0.000
 37.166667  38.166667 999.999   8.006 0.000
 41.166667  42.166667 999.999   4.250 0.000
 44.166667  45.166667 999.999 999.999 0.999
 48.166667  49.166667 999.999   4.812 0.000
 51.166667  52.166667 999.999   4.173 0.000
 55.166667  56.166667 999.999   6.262 0.000
 58.166667  59.166667 999.999 999.999 0.999
 62.166667  63.166667 999.999 999.999 0.999
 65.166667  66.166667 999.999 999.999 0.999
 69.166667  70.166667 999.999 999.999 0.999
 72.166667  73.166667 999.999 999.999 0.999
 76.166667  77.166667 999.999 999.999 0.999
 79.166667  80.166667  21.513   5.236 0.000
 83.166667  84.166667  22.093   5.739 0.000
 86.166667  87.166667  22.947   7.596 0.000
 90.166667  91.166667  10.306   2.597 0.000
 93.166667  94.166667  12.950   5.392 0.000
 97.166667  98.166667  17.161   6.580 0.000
100.166667 101.166667  16.585   5.533 0.000
104.166667 105.166667  11.008   5.053 0.000
107.166667 108.166667  14.066   2.523 0.000
111.166667 112.166667  13.809   4.569 0.000
114.166667 115.166667  12.323   4.269 0.000
118.166667 119.166667  23.003   3.231 0.000
121.166667 122.166667  14.371   3.563 0.000
125.166667 126.166667  22.519   7.299 0.000
128.166667 129.166667  12.710   6.974 0.000
132.166667 133.166667  26.333   4.718 0.000
135.166667 136.166667  37.368  13.062 0.000
139.166667 140.166667  60.681  22.908 0.000
142.166667 143.166667  20.461   6.680 0.000
146.166667 147.166667  22.549   6.885 0.000
149.166667 150.166667  15.951   5.717 0.000
153.166667 154.166667  15.741   6.183 0.000
156.166667 157.166667  39.695  14.306 0.000
160.166667 161.166667 999.999 999.999 0.999
163.166667 164.166667 999.999 999.999 0.999
167.166667 168.166667  27.648  10.476 0.000
170.166667 171.166667 999.999  18.782 0.000
174.166667 175.166667  19.276   4.019 0.000
177.166667 178.166667  46.183  12.264 0.000
181.166667 182.166667  63.426  19.691 0.000
184.166667 185.166667  64.043  20.178 0.000
188.166667 189.166667  36.608  10.312 0.000
191.166667 192.166667  14.875   3.487 0.000
195.166667 196.166667  14.099   4.885 0.000
198.166667 199.166667  20.576   6.974 0.000
202.166667 203.166667  29.578  10.343 0.000
205.166667 206.166667  60.894  18.685 0.000
209.166667 210.166667  27.221   9.318 0.000
212.166667 213.166667  32.150   9.622 0.000
216.166667 217.166667  19.043   5.231 0.000
219.166667 220.166667 999.999 999.999 0.999
223.166667 224.166667  49.769  17.391 0.000
226.166667 227.166667 999.999 999.999 0.999
230.166667 231.166667  25.594   8.681 0.000
233.166667 234.166667  41.795  12.464 0.000
237.166667 238.166667  44.024  13.141 0.000
240.166667 241.166667  53.755  18.181 0.000
244.166667 245.166667  19.506   7.236 0.000
247.166667 248.166667  21.862   7.033 0.000
251.166667 252.166667 999.999 999.999 0.999
254.166667 255.166667 999.999 999.999 0.999
258.166667 259.166667  46.733  16.508 0.000
261.166667 262.166667   9.774   2.951 0.000
265.166667 266.166667 999.999 999.999 0.999
268.166667 269.166667 999.999 999.999 0.999
272.166667 273.166667 999.999 999.999 0.999
275.166667 276.166667  84.534 999.999 0.000
279.166667 280.166667 999.999 999.999 0.999
282.166667 283.166667   7.687   2.743 0.000
286.166667 287.166667  35.938  15.031 0.000
289.166667 290.166667  12.370   3.196 0.000
293.166667 294.166667  15.017   6.915 0.000
296.166667 297.166667  19.360   7.928 0.000
300.166667 301.166667   8.252   2.414 0.000
303.166667 304.166667 999.999 999.999 0.999
307.166667 308.166667   3.848   1.168 0.000
310.166667 311.166667  16.965   3.877 0.000
314.166667 315.166667  16.405   3.777 0.000
317.166667 318.166667  14.043   4.044 0.000
321.166667 322.166667  21.050   7.699 0.000
324.166667 325.166667  13.576   3.443 0.000
328.166667 329.166667   2.812   0.461 0.000
331.166667 332.166667   6.573   1.891 0.000
335.166667 336.166667  20.245   6.638 0.000
338.166667 339.166667  16.184   4.095 0.000
342.166667 343.166667 999.999 999.999 0.999
345.166667 346.166667 999.999 999.999 0.999
349.166667 350.166667 999.999 999.999 0.999
352.166667 353.166667 999.999 999.999 0.999
356.166667 357.166667 999.999 999.999 0.999
359.166667 360.166667 999.999 999.999 0.999
363.166667 364.166667 999.999 999.999 0.999
