scripts/IMPROVE-2019_partial/data/US5501R.20110103040000.20191216000000.filterpack...1y.3d.US03L_filterpack_US5501.US03L_IMPROVE_Davis.lev2.nas
52 1001
MISSING INFORMATION
US03L, IMPROVE, , , , , , , 
MISSING INFORMATION
IMPROVE sel_HTAP
1 1
2011 01 01 2019 12 16
3.000000
days from file reference point
5
1 1 1 1 1
999.999999 999.999 9.999 999.999 9.999
end_time of measurement, days from the file reference point
pm10_mass, ug/m3, Matrix=pm10
numflag pm10_mass, no unit, Matrix=pm10
pm25_mass, ug/m3, Matrix=pm25
numflag pm25_mass, no unit, Matrix=pm25
0
33
Data definition:              EBAS_1.1
Set type code:                TU
Timezone:                     UTC
File name:                    US5501R.20110103040000.20191216000000.filterpack...1y.3d.US03L_filterpack_US5501.US03L_IMPROVE_Davis.lev2.nas
File creation:                20191218120510
Startdate:                    20110103040000
Revision date:                20191216000000
Version:                      2
Version description:          "Data extracted from http://views.cira.colostate.edu/fed/DataWizard 2019-12-16"
Statistics:                   arithmetic mean
Data level:                   2
Period code:                  1y
Resolution code:              3d
Sample duration:              1d
Orig. time res.:              3d
Station code:                 US5501R
Platform code:                US5501S
Station name:                 Virgin Islands National Park-Lind Point (VI01)
Station latitude:             18.3362
Station longitude:            -64.7962
Station altitude:             56.0 m
Regime:                       IMG
Component:                    
Unit:                         ug/m3
Matrix:                       
Laboratory code:              US03L
Instrument type:              filterpack
Instrument name:              filterpack_US5501
Method ref:                   US03L_IMPROVE_Davis
Blank correction:             Blank corrected
Volume std. temperature:      ambient
Volume std. pressure:         ambient
starttime endtime PM10 flag_PM10 PM2.5 flag_PM2.5
  2.166667   3.166667  13.610 0.000   2.920 0.000
  5.166667   6.166667   9.573 0.000   2.597 0.000
  8.166667   9.166667  13.645 0.000   3.606 0.000
 11.166667  12.166667  15.460 0.000   4.601 0.000
 14.166667  15.166667  17.171 0.000   5.317 0.000
 17.166667  18.166667  14.935 0.000   3.907 0.000
 20.166667  21.166667  15.501 0.000   4.359 0.000
 23.166667  24.166667  12.618 0.000   3.530 0.000
 26.166667  27.166667  14.154 0.000   3.478 0.000
 29.166667  30.166667   8.770 0.000   2.233 0.000
 32.166667  33.166667   9.954 0.000   2.415 0.000
 35.166667  36.166667  15.230 0.000   4.734 0.000
 38.166667  39.166667  17.792 0.000   5.281 0.000
 41.166667  42.166667  15.781 0.000   4.812 0.000
 44.166667  45.166667  14.524 0.000   5.020 0.000
 47.166667  48.166667   9.472 0.000   2.838 0.000
 50.166667  51.166667   6.348 0.000   1.700 0.000
 53.166667  54.166667  14.812 0.000   4.539 0.000
 56.166667  57.166667  16.292 0.000   3.687 0.000
 59.166667  60.166667  17.423 0.000   4.498 0.000
 62.166667  63.166667  10.140 0.000   2.992 0.000
 65.166667  66.166667   8.760 0.000   2.393 0.000
 68.166667  69.166667  10.379 0.000   2.927 0.000
 71.166667  72.166667   7.376 0.000   1.844 0.000
 74.166667  75.166667   9.057 0.000   2.299 0.000
 77.166667  78.166667   6.827 0.000   2.289 0.000
 80.166667  81.166667  17.951 0.000   5.044 0.000
 83.166667  84.166667  11.859 0.000   3.581 0.000
 86.166667  87.166667  15.087 0.000   4.198 0.000
 89.166667  90.166667  18.740 0.000   5.103 0.000
 92.166667  93.166667  17.695 0.000   5.545 0.000
 95.166667  96.166667  19.893 0.000   5.408 0.000
 98.166667  99.166667  12.479 0.000   3.572 0.000
101.166667 102.166667   6.876 0.000   2.340 0.000
104.166667 105.166667   9.090 0.000   3.260 0.000
107.166667 108.166667   7.673 0.000   2.264 0.000
110.166667 111.166667   5.356 0.000   2.465 0.000
113.166667 114.166667  12.598 0.000   9.174 0.000
116.166667 117.166667  23.410 0.000   6.510 0.000
119.166667 120.166667  16.308 0.000   4.703 0.000
122.166667 123.166667  10.244 0.000   3.224 0.000
125.166667 126.166667   9.771 0.000   3.641 0.000
128.166667 129.166667   9.137 0.000   3.409 0.000
131.166667 132.166667  26.230 0.000   7.659 0.000
134.166667 135.166667  34.237 0.000  13.857 0.000
137.166667 138.166667  15.688 0.000   4.879 0.000
140.166667 141.166667  16.009 0.000   4.582 0.000
143.166667 144.166667  10.459 0.000   5.385 0.000
146.166667 147.166667  29.258 0.000  16.398 0.000
149.166667 150.166667  43.078 0.000 999.999 0.999
152.166667 153.166667  61.875 0.000  24.739 0.000
155.166667 156.166667  19.935 0.000   9.480 0.000
158.166667 159.166667  22.493 0.000   9.505 0.000
161.166667 162.166667  36.069 0.000  13.267 0.000
164.166667 165.166667  18.205 0.000   6.310 0.000
167.166667 168.166667  28.470 0.000   7.684 0.000
170.166667 171.166667  29.986 0.000   8.432 0.000
173.166667 174.166667  44.839 0.000  12.570 0.000
176.166667 177.166667  20.538 0.000   6.633 0.000
179.166667 180.166667  55.050 0.000  16.132 0.000
182.166667 183.166667  20.829 0.000   8.164 0.000
185.166667 186.166667  28.526 0.000   8.813 0.000
188.166667 189.166667  14.011 0.000   5.695 0.000
191.166667 192.166667  15.563 0.000   5.768 0.000
194.166667 195.166667  26.865 0.000  10.755 0.000
197.166667 198.166667  23.549 0.000   8.004 0.000
200.166667 201.166667  28.512 0.000   9.053 0.000
203.166667 204.166667  16.317 0.000   5.321 0.000
206.166667 207.166667  16.098 0.000   6.292 0.000
209.166667 210.166667  14.981 0.000   5.154 0.000
212.166667 213.166667  40.852 0.000  10.430 0.000
215.166667 216.166667  56.497 0.000  18.480 0.000
218.166667 219.166667  33.690 0.000  10.222 0.000
221.166667 222.166667  20.888 0.000   7.428 0.000
224.166667 225.166667  39.057 0.000  14.689 0.000
227.166667 228.166667  42.666 0.000  13.858 0.000
230.166667 231.166667  17.316 0.000   6.926 0.000
233.166667 234.166667 999.999 0.999 999.999 0.999
236.166667 237.166667  24.187 0.000  10.537 0.000
239.166667 240.166667  13.735 0.000   5.571 0.000
242.166667 243.166667 999.999 0.999 999.999 0.999
245.166667 246.166667  10.821 0.000   3.608 0.000
248.166667 249.166667  12.742 0.000   6.445 0.000
251.166667 252.166667  49.454 0.000  14.884 0.000
254.166667 255.166667  14.346 0.000   5.371 0.000
257.166667 258.166667  49.839 0.000  14.470 0.000
260.166667 261.166667   9.204 0.000   2.735 0.000
263.166667 264.166667  16.086 0.000   5.164 0.000
266.166667 267.166667  24.216 0.000   7.703 0.000
269.166667 270.166667   7.554 0.000   2.280 0.000
272.166667 273.166667  10.238 0.000   3.798 0.000
275.166667 276.166667  19.032 0.000   5.452 0.000
278.166667 279.166667  32.166 0.000  10.132 0.000
281.166667 282.166667   8.697 0.000   2.121 0.000
284.166667 285.166667  25.728 0.000  11.093 0.000
287.166667 288.166667  12.642 0.000   4.194 0.000
290.166667 291.166667  32.629 0.000  14.162 0.000
293.166667 294.166667  10.010 0.000   2.784 0.000
296.166667 297.166667  22.986 0.000   9.163 0.000
299.166667 300.166667 999.999 0.999   3.501 0.000
302.166667 303.166667 999.999 0.999   3.222 0.000
305.166667 306.166667  11.514 0.000   4.946 0.000
308.166667 309.166667  42.520 0.000  19.791 0.000
311.166667 312.166667   9.653 0.000   5.561 0.000
314.166667 315.166667  25.213 0.000   9.737 0.000
317.166667 318.166667  10.574 0.000   3.209 0.000
320.166667 321.166667   7.823 0.000   2.101 0.000
323.166667 324.166667  13.105 0.000   3.394 0.000
326.166667 327.166667   7.859 0.000   2.159 0.000
329.166667 330.166667   6.295 0.000   2.225 0.000
332.166667 333.166667   6.749 0.000   1.317 0.000
335.166667 336.166667   5.232 0.000   1.555 0.000
338.166667 339.166667   6.053 0.000   1.666 0.000
341.166667 342.166667   9.198 0.000   2.619 0.000
344.166667 345.166667   8.570 0.000   2.262 0.000
347.166667 348.166667   5.088 0.000   1.596 0.000
350.166667 351.166667  12.925 0.000   2.830 0.000
353.166667 354.166667  14.328 0.000   2.431 0.000
356.166667 357.166667 999.999 0.999 999.999 0.999
359.166667 360.166667 999.999 0.999   2.515 0.000
362.166667 363.166667 999.999 0.456   3.127 0.000
