scripts/IMPROVE-2019_partial/data/US5501R.20020102040000.20191216000000.filterpack..pm25.52w.1w.US03L_filterpack_US5501.US03L_IMPROVE_Davis.lev2.nas
66 1001
MISSING INFORMATION
US03L, IMPROVE, , , , , , , 
MISSING INFORMATION
IMPROVE sel_HTAP
1 1
2002 01 01 2019 12 16
3.000000
days from file reference point
27
1 1 1 1 1 1 1 1 1 1 1 1 1 1 1 1 1 1 1 1 1 1 1 1 1 1 1
999.999999 99999.99 9.999 999.99 9.999 9.999 9.999999 9.99 9.999 9.999 9.999999 99.999 9.999 99.999 9.999 999.99 9.999999 999.999 9.999 999.999 9.999 999.999 9.999 9.999 9.999 9.999 9.999
end_time of measurement, days from the file reference point
iron, ng/m3, Revision date=20181210133000
numflag iron, no unit, Revision date=20181210133000
lead, ng/m3, Revision date=20181210133000
numflag lead, no unit, Revision date=20181210133000
magnesium, ug/m3, Revision date=20181210133000
numflag magnesium, no unit, Revision date=20181210133000
nickel, ng/m3, Revision date=20181210133000
numflag nickel, no unit, Revision date=20181210133000
nitrate, ug N/m3, Revision date=20181210133000
numflag nitrate, no unit, Revision date=20181210133000
organic_carbon, ug C/m3, Revision date=20181210133000
numflag organic_carbon, no unit, Revision date=20181210133000
organic_mass, ug/m3, Revision date=20181210133000
numflag organic_mass, no unit, Revision date=20181210133000
phosphorus, ng/m3, Revision date=20181210133000
numflag phosphorus, no unit, Revision date=20181210133000
pm10_mass, ug/m3, Version=2, Version description=Data extracted from http://views.cira.colostate.edu/fed/DataWizard 2019-12-16, Sample duration=1d, Orig. time res.=3d, Matrix=pm10, Blank correction=Blank corrected, Volume std. temperature=ambient, Volume std. pressure=ambient
numflag pm10_mass, no unit, Version=2, Version description=Data extracted from http://views.cira.colostate.edu/fed/DataWizard 2019-12-16, Sample duration=1d, Orig. time res.=3d, Matrix=pm10, Blank correction=Blank corrected, Volume std. temperature=ambient, Volume std. pressure=ambient
pm10_pm25_mass, ug/m3, Revision date=20181210133000, Matrix=pm10_pm25
numflag pm10_pm25_mass, no unit, Revision date=20181210133000, Matrix=pm10_pm25
pm25_mass, ug/m3, Version=2, Version description=Data extracted from http://views.cira.colostate.edu/fed/DataWizard 2019-12-16, Sample duration=1d, Orig. time res.=3d, Blank correction=Blank corrected, Volume std. temperature=ambient, Volume std. pressure=ambient
numflag pm25_mass, no unit, Version=2, Version description=Data extracted from http://views.cira.colostate.edu/fed/DataWizard 2019-12-16, Sample duration=1d, Orig. time res.=3d, Blank correction=Blank corrected, Volume std. temperature=ambient, Volume std. pressure=ambient
potassium, ug/m3, Revision date=20181210133000
numflag potassium, no unit, Revision date=20181210133000
sulphate_total, ug S/m3, Revision date=20181210133000
numflag sulphate_total, no unit, Revision date=20181210133000
0
25
Data definition:              EBAS_1.1
Set type code:                TU
Timezone:                     UTC
File name:                    US5501R.20020102040000.20191216000000.filterpack..pm25.52w.1w.US03L_filterpack_US5501.US03L_IMPROVE_Davis.lev2.nas
File creation:                20191218120508
Startdate:                    20020102040000
Revision date:                20191216000000
Statistics:                   arithmetic mean
Data level:                   2
Period code:                  52w
Resolution code:              1w
Station code:                 US5501R
Platform code:                US5501S
Station name:                 Virgin Islands National Park-Lind Point (VI01)
Station latitude:             18.3362
Station longitude:            -64.7962
Station altitude:             56.0 m
Regime:                       IMG
Component:                    
Matrix:                       pm25
Laboratory code:              US03L
Instrument type:              filterpack
Instrument name:              filterpack_US5501
Method ref:                   US03L_IMPROVE_Davis
starttime endtime Fe flag_Fe Pb flag_Pb Mg++ flag_Mg++ Ni flag_Ni NO3- flag_NO3- OC flag_OC OM flag_OM P flag_P PM10 flag_PM10 PM10-PM2.5 flag_PM10-PM2.5 PM2.5 flag_PM2.5 K+ flag_K+ SO4-- flag_SO4--
[from data line 81]
244.166667 245.166667 99999.99 0.999 999.99 0.999 9.999 0.999000 9.99 0.999 9.999 0.999000 99.999 0.999 99.999 0.999 999.99 0.999000 999.999 0.999 999.999 0.999 999.999 0.999 9.999 0.999 9.999 0.999
247.166667 248.166667    30.03 0.699   0.47 0.699 9.999 0.699259 0.23 0.699 0.029 0.000000  2.668 0.000  3.735 0.000 999.99 0.699259   9.736 0.000   2.830 0.000   6.907 0.699 0.021 0.699 0.219 0.000
250.166667 251.166667   228.53 0.000   0.61 0.000 9.999 0.259000 0.19 0.000 0.025 0.559000  0.148 0.000  0.207 0.000 999.99 0.259000  20.978 0.000  13.146 0.000   7.832 0.000 0.095 0.000 0.138 0.559
253.166667 254.166667   620.16 0.000   1.24 0.000 9.999 0.259000 0.29 0.000 0.030 0.000000  0.355 0.000  0.496 0.000 999.99 0.259000  58.405 0.000  39.355 0.000  19.049 0.000 0.251 0.000 0.314 0.000
256.166667 257.166667   120.51 0.000   0.51 0.000 9.999 0.259000 0.14 0.000 0.011 0.559000  0.038 0.000  0.054 0.000 999.99 0.259000  16.384 0.000  10.932 0.000   5.452 0.000 0.061 0.000 0.134 0.559
259.166667 260.166667    92.18 0.000   0.83 0.000 9.999 0.259000 0.16 0.000 0.019 0.559000  0.207 0.000  0.290 0.000 999.99 0.259000  18.559 0.000  12.676 0.000   5.883 0.000 0.051 0.000 0.300 0.559
262.166667 263.166667   149.46 0.000   0.36 0.000 0.026 0.000000 0.28 0.000 0.023 0.000000  0.471 0.000  0.659 0.000 999.99 0.259000  15.554 0.000   8.858 0.000   6.696 0.000 0.085 0.000 0.229 0.000
265.166667 266.166667   272.10 0.000   0.53 0.000 0.051 0.000000 0.10 0.000 0.014 0.000000  0.307 0.000  0.430 0.000 999.99 0.259000  27.271 0.000  17.220 0.000  10.051 0.000 0.139 0.000 0.145 0.000
268.166667 269.166667  1028.40 0.000   1.67 0.000 9.999 0.259000 0.44 0.000 0.031 0.000000  0.482 0.000  0.674 0.000 999.99 0.259000  84.758 0.000  57.432 0.000  27.326 0.000 0.362 0.000 0.215 0.000
271.166667 272.166667   176.79 0.000   1.77 0.000 9.999 0.259000 0.57 0.000 0.015 0.559000  0.266 0.000  0.372 0.000 999.99 0.259000  21.373 0.000  13.379 0.000   7.994 0.000 0.136 0.000 0.513 0.559
274.166667 275.166667   234.09 0.000   0.62 0.000 0.029 0.000000 0.24 0.000 0.012 0.559000  0.207 0.000  0.290 0.000 999.99 0.259000  18.459 0.000  11.906 0.000   6.554 0.000 0.086 0.000 0.131 0.559
277.166667 278.166667    23.31 0.000   0.23 0.000 9.999 0.259000 0.09 0.000 0.007 0.000000  0.071 0.000  0.099 0.000 999.99 0.259000  10.003 0.000   7.292 0.000   2.711 0.000 0.027 0.000 0.155 0.000
280.166667 281.166667   139.88 0.000   0.84 0.000 9.999 0.259000 0.20 0.000 0.015 0.000000  0.251 0.000  0.351 0.000 999.99 0.259000  12.066 0.000   6.521 0.000   5.545 0.000 0.069 0.000 0.323 0.000
283.166667 284.166667   380.31 0.000   1.28 0.000 0.058 0.000000 0.26 0.000 0.012 0.000000  0.203 0.000  0.284 0.000 999.99 0.259000  21.581 0.000  11.402 0.000  10.179 0.000 0.139 0.000 0.197 0.000
286.166667 287.166667    37.24 0.000   0.12 0.000 0.013 0.000000 9.99 0.259 0.006 0.559000  0.018 0.000  0.025 0.000 999.99 0.259000   6.477 0.000   4.493 0.000   1.984 0.000 0.019 0.000 0.085 0.559
289.166667 290.166667    11.59 0.000   0.26 0.000 9.999 0.259000 0.28 0.000 0.021 0.000000  0.069 0.000  0.096 0.000 999.99 0.259000   9.070 0.000   6.755 0.000   2.315 0.000 0.016 0.000 0.122 0.000
292.166667 293.166667     5.36 0.000 999.99 0.259 9.999 0.259000 0.16 0.000 0.020 0.000000 99.999 0.259 99.999 0.259 999.99 0.259000   7.880 0.000   5.836 0.000   2.044 0.000 0.012 0.000 0.163 0.000
295.166667 296.166667     4.30 0.000   0.39 0.000 9.999 0.259000 0.48 0.000 0.018 0.559000  0.074 0.000  0.104 0.000 999.99 0.259000   7.021 0.000   5.181 0.000   1.840 0.000 0.012 0.000 0.081 0.559
298.166667 299.166667   459.41 0.000   0.43 0.000 9.999 0.259000 0.19 0.000 0.031 0.559000  1.243 0.000  1.741 0.000 999.99 0.259000  45.308 0.000  28.795 0.000  16.513 0.000 0.180 0.000 0.175 0.559
301.166667 302.166667   344.31 0.000   0.77 0.000 9.999 0.259000 0.14 0.000 0.023 0.559000  0.112 0.000  0.156 0.000 999.99 0.259000  25.335 0.000  16.083 0.000   9.251 0.000 0.129 0.000 0.186 0.559
304.166667 305.166667    47.80 0.000   0.23 0.000 0.010 0.000000 0.38 0.000 0.015 0.000000  0.066 0.000  0.092 0.000 999.99 0.259000   7.547 0.000   5.169 0.000   2.377 0.000 0.023 0.000 0.130 0.000
307.166667 308.166667   666.71 0.000   0.77 0.000 9.999 0.259000 0.55 0.000 0.034 0.559000  0.210 0.000  0.295 0.000 999.99 0.259000  53.928 0.000  33.827 0.000  20.101 0.000 0.273 0.000 0.204 0.559
310.166667 311.166667   107.11 0.000   0.44 0.000 9.999 0.259000 0.20 0.000 0.010 0.000000  0.157 0.000  0.219 0.000 999.99 0.259000  11.515 0.000   7.833 0.000   3.682 0.000 0.042 0.000 0.106 0.000
313.166667 314.166667   112.01 0.000   0.27 0.000 0.016 0.000000 0.27 0.000 0.014 0.000000  0.176 0.000  0.246 0.000 999.99 0.259000  15.184 0.000  10.167 0.000   5.017 0.000 0.062 0.000 0.136 0.000
316.166667 317.166667    60.95 0.000   0.27 0.000 9.999 0.259000 0.22 0.000 0.012 0.000000  0.098 0.000  0.137 0.000 999.99 0.259000   8.645 0.000   5.398 0.000   3.247 0.000 0.031 0.000 0.183 0.000
319.166667 320.166667   295.59 0.000   0.60 0.000 0.038 0.000000 0.28 0.000 0.027 0.559000  0.208 0.000  0.291 0.000 999.99 0.259000  25.825 0.000  15.424 0.000  10.401 0.000 0.190 0.000 0.184 0.559
322.166667 323.166667 99999.99 0.456 999.99 0.456 9.999 0.456000 9.99 0.456 9.999 0.456000 99.999 0.999 99.999 0.999 999.99 0.456000 999.999 0.456 999.999 0.999 999.999 0.456 9.999 0.456 9.999 0.456
325.166667 326.166667 99999.99 0.456 999.99 0.456 9.999 0.456000 9.99 0.456 9.999 0.456000 99.999 0.999 99.999 0.999 999.99 0.456000 999.999 0.456 999.999 0.999 999.999 0.456 9.999 0.456 9.999 0.456
328.166667 329.166667 99999.99 0.456 999.99 0.456 9.999 0.456000 9.99 0.456 9.999 0.456000 99.999 0.999 99.999 0.999 999.99 0.456000 999.999 0.456 999.999 0.999 999.999 0.456 9.999 0.456 9.999 0.456
331.166667 332.166667     8.30 0.000   0.21 0.000 0.041 0.000000 0.28 0.000 0.021 0.000000  0.157 0.000  0.220 0.000 999.99 0.259000  12.755 0.000  10.151 0.000   2.604 0.000 0.022 0.000 0.115 0.000
334.166667 335.166667    31.60 0.000   0.40 0.000 0.034 0.000000 0.21 0.000 0.027 0.000000  0.254 0.000  0.356 0.000 999.99 0.259000  13.637 0.000   9.806 0.000   3.831 0.000 0.092 0.000 0.153 0.000
337.166667 338.166667    46.24 0.000   0.22 0.000 9.999 0.259000 0.17 0.000 0.016 0.559000  0.091 0.000  0.127 0.000 999.99 0.259000  13.677 0.000   9.688 0.000   3.989 0.000 0.044 0.000 0.092 0.559
340.166667 341.166667     1.87 0.000 999.99 0.259 0.054 0.000000 0.13 0.000 0.011 0.559000 99.999 0.259 99.999 0.259 999.99 0.259000  15.336 0.000  12.338 0.000   2.997 0.000 0.026 0.000 0.094 0.559
343.166667 344.166667     2.11 0.000   0.12 0.000 9.999 0.259000 0.11 0.000 0.007 0.559000  0.182 0.000  0.255 0.000 999.99 0.259000  11.020 0.000   8.317 0.000   2.703 0.000 0.017 0.000 0.066 0.559
346.166667 347.166667     1.37 0.000   0.09 0.000 9.999 0.259000 0.11 0.000 0.009 0.000000 99.999 0.259 99.999 0.259 999.99 0.259000   9.354 0.000   7.231 0.000   2.123 0.000 0.016 0.000 0.109 0.000
349.166667 350.166667     7.55 0.000   0.98 0.000 9.999 0.259000 0.26 0.000 0.013 0.000000  0.124 0.000  0.173 0.000 999.99 0.259000  10.435 0.000   7.782 0.000   2.653 0.000 0.016 0.000 0.280 0.000
352.166667 353.166667     2.81 0.000   0.45 0.000 9.999 0.259000 0.17 0.000 0.008 0.000000 99.999 0.259 99.999 0.259 999.99 0.259000   8.078 0.000   5.526 0.000   2.552 0.000 0.010 0.000 0.304 0.000
355.166667 356.166667    44.53 0.000   1.24 0.000 9.999 0.259000 0.36 0.000 0.021 0.000000  0.324 0.000  0.453 0.000 999.99 0.259000  12.881 0.000   7.582 0.000   5.300 0.000 0.188 0.000 0.394 0.000
358.166667 359.166667     2.22 0.000   0.19 0.000 0.022 0.000000 0.12 0.000 0.010 0.559000  0.098 0.000  0.137 0.000 999.99 0.259000   9.354 0.000   7.306 0.000   2.048 0.000 0.014 0.000 0.104 0.559
361.166667 362.166667    10.73 0.000   0.16 0.000 0.014 0.000000 9.99 0.259 0.015 0.000000  0.147 0.000  0.205 0.000 999.99 0.259000   9.223 0.000   7.061 0.000   2.163 0.000 0.051 0.000 0.116 0.000
364.166667 365.166667    27.45 0.000 999.99 0.259 9.999 0.259000 0.13 0.000 0.013 0.559000  0.047 0.000  0.066 0.000 999.99 0.259000  11.278 0.000   8.170 0.000   3.109 0.000 0.035 0.000 0.118 0.559
