scripts/IMPROVE-2019_partial/data/US5501R.20120101040000.20191216000000.filterpack...52w.3d.US03L_filterpack_US5501.US03L_IMPROVE_Davis.lev2.nas
52 1001
MISSING INFORMATION
US03L, IMPROVE, , , , , , , 
MISSING INFORMATION
IMPROVE sel_HTAP
1 1
2012 01 01 2019 12 16
3.000000
days from file reference point
5
1 1 1 1 1
999.999999 999.999 9.999 999.999 9.999
end_time of measurement, days from the file reference point
pm10_mass, ug/m3, Matrix=pm10
numflag pm10_mass, no unit, Matrix=pm10
pm25_mass, ug/m3, Matrix=pm25
numflag pm25_mass, no unit, Matrix=pm25
0
33
Data definition:              EBAS_1.1
Set type code:                TU
Timezone:                     UTC
File name:                    US5501R.20120101040000.20191216000000.filterpack...52w.3d.US03L_filterpack_US5501.US03L_IMPROVE_Davis.lev2.nas
File creation:                20191218120510
Startdate:                    20120101040000
Revision date:                20191216000000
Version:                      2
Version description:          "Data extracted from http://views.cira.colostate.edu/fed/DataWizard 2019-12-16"
Statistics:                   arithmetic mean
Data level:                   2
Period code:                  52w
Resolution code:              3d
Sample duration:              1d
Orig. time res.:              3d
Station code:                 US5501R
Platform code:                US5501S
Station name:                 Virgin Islands National Park-Lind Point (VI01)
Station latitude:             18.3362
Station longitude:            -64.7962
Station altitude:             56.0 m
Regime:                       IMG
Component:                    
Unit:                         ug/m3
Matrix:                       
Laboratory code:              US03L
Instrument type:              filterpack
Instrument name:              filterpack_US5501
Method ref:                   US03L_IMPROVE_Davis
Blank correction:             Blank corrected
Volume std. temperature:      ambient
Volume std. pressure:         ambient
starttime endtime PM10 flag_PM10 PM2.5 flag_PM2.5
  0.166667   1.166667 999.999 0.456   4.569 0.000
  3.166667   4.166667  13.829 0.000   4.234 0.000
  6.166667   7.166667   8.944 0.000   2.451 0.000
  9.166667  10.166667   6.568 0.000   1.882 0.000
 12.166667  13.166667  14.191 0.000   3.713 0.000
 15.166667  16.166667  12.655 0.000   3.244 0.000
 18.166667  19.166667   8.277 0.000   2.222 0.000
 21.166667  22.166667  10.959 0.000   2.770 0.000
 24.166667  25.166667  12.336 0.000   2.706 0.000
 27.166667  28.166667  10.171 0.000   2.571 0.000
 30.166667  31.166667  15.285 0.000   4.035 0.000
 33.166667  34.166667  13.606 0.000   3.683 0.000
 36.166667  37.166667  13.759 0.000   3.707 0.000
 39.166667  40.166667  15.922 0.000   4.370 0.000
 42.166667  43.166667  13.991 0.000   4.170 0.000
 45.166667  46.166667   7.914 0.000   1.954 0.000
 48.166667  49.166667   7.397 0.000   2.238 0.000
 51.166667  52.166667   5.781 0.000   1.767 0.000
 54.166667  55.166667  11.987 0.000   2.868 0.000
 57.166667  58.166667  17.687 0.000   4.779 0.000
 60.166667  61.166667  15.898 0.000   3.861 0.000
 63.166667  64.166667  19.536 0.000   5.293 0.000
 66.166667  67.166667  18.821 0.000   5.103 0.000
 69.166667  70.166667  14.428 0.000   4.599 0.000
 72.166667  73.166667 999.999 0.456 999.999 0.456
 75.166667  76.166667  13.928 0.000   4.910 0.000
 78.166667  79.166667  23.691 0.000  10.013 0.000
 81.166667  82.166667   8.967 0.000   2.703 0.000
 84.166667  85.166667  12.267 0.000   5.031 0.000
 87.166667  88.166667  28.730 0.000  14.049 0.000
 90.166667  91.166667  18.817 0.000   6.561 0.000
 93.166667  94.166667  14.408 0.000  11.111 0.000
 96.166667  97.166667  10.315 0.000   3.488 0.000
 99.166667 100.166667  10.231 0.000   4.331 0.000
102.166667 103.166667  17.645 0.000   7.563 0.000
105.166667 106.166667  23.703 0.000   7.086 0.000
108.166667 109.166667  12.305 0.000   4.051 0.000
111.166667 112.166667   9.751 0.000   4.122 0.000
114.166667 115.166667  15.175 0.000   5.568 0.000
117.166667 118.166667  12.307 0.000   3.844 0.000
120.166667 121.166667  17.761 0.000   5.614 0.000
123.166667 124.166667  10.565 0.000   5.171 0.000
126.166667 127.166667   6.075 0.000   2.446 0.000
129.166667 130.166667  11.129 0.000   5.431 0.000
132.166667 133.166667  85.462 0.000  29.166 0.000
135.166667 136.166667  12.511 0.000   5.168 0.000
138.166667 139.166667  20.029 0.000   7.367 0.000
141.166667 142.166667  39.119 0.000  14.678 0.000
144.166667 145.166667  31.698 0.000  11.472 0.000
147.166667 148.166667  10.984 0.000   4.440 0.000
150.166667 151.166667  66.621 0.000  20.130 0.000
153.166667 154.166667  92.085 0.000  34.279 0.000
156.166667 157.166667  64.550 0.000  23.372 0.000
159.166667 160.166667  43.999 0.000  13.137 0.000
162.166667 163.166667  26.177 0.000   9.126 0.000
165.166667 166.166667  47.173 0.000  13.857 0.000
168.166667 169.166667  53.371 0.000  15.750 0.000
171.166667 172.166667  56.892 0.000  17.320 0.000
174.166667 175.166667  36.208 0.000  11.692 0.000
177.166667 178.166667  39.906 0.000  10.905 0.000
180.166667 181.166667  22.613 0.000   8.682 0.000
183.166667 184.166667  76.811 0.000  25.927 0.000
186.166667 187.166667  55.802 0.000  18.550 0.000
189.166667 190.166667  11.278 0.000   3.612 0.000
192.166667 193.166667  51.841 0.000  16.322 0.000
195.166667 196.166667  29.334 0.000   9.447 0.000
198.166667 199.166667  59.283 0.000  17.959 0.000
201.166667 202.166667 999.999 0.999 999.999 0.999
204.166667 205.166667  23.402 0.000   7.591 0.000
207.166667 208.166667  52.016 0.000  16.774 0.000
210.166667 211.166667  37.476 0.000  11.649 0.000
213.166667 214.166667  41.163 0.000  13.555 0.000
216.166667 217.166667  33.362 0.000  11.716 0.000
219.166667 220.166667  30.374 0.000   9.258 0.000
222.166667 223.166667  45.236 0.000  15.659 0.000
225.166667 226.166667  31.362 0.000  10.008 0.000
228.166667 229.166667  19.569 0.000   6.870 0.000
231.166667 232.166667  74.099 0.000  26.234 0.000
234.166667 235.166667  30.436 0.000  10.240 0.000
237.166667 238.166667  34.854 0.000  12.159 0.000
240.166667 241.166667  53.307 0.000  17.161 0.000
243.166667 244.166667  16.661 0.000   6.042 0.000
246.166667 247.166667  15.384 0.000   6.988 0.000
249.166667 250.166667  27.987 0.000   9.837 0.000
252.166667 253.166667  45.853 0.000  16.662 0.000
255.166667 256.166667  22.300 0.000   7.699 0.000
258.166667 259.166667  11.145 0.000   4.975 0.000
261.166667 262.166667  14.780 0.000   5.827 0.000
264.166667 265.166667  19.156 0.000   8.654 0.000
267.166667 268.166667  37.493 0.000  13.821 0.000
270.166667 271.166667   8.808 0.000   2.758 0.000
273.166667 274.166667  10.841 0.000   6.369 0.000
276.166667 277.166667  15.623 0.000   3.655 0.000
279.166667 280.166667   6.183 0.000   2.539 0.000
282.166667 283.166667   7.262 0.000   2.700 0.000
285.166667 286.166667  33.617 0.000  13.534 0.000
288.166667 289.166667  14.030 0.000   4.741 0.000
291.166667 292.166667  12.244 0.000   5.978 0.000
294.166667 295.166667   9.066 0.000   3.651 0.000
297.166667 298.166667   7.445 0.000   2.547 0.000
300.166667 301.166667  10.011 0.000   3.161 0.000
303.166667 304.166667  15.017 0.000   6.918 0.000
306.166667 307.166667  11.630 0.000   3.907 0.000
309.166667 310.166667   6.808 0.000   2.294 0.000
312.166667 313.166667   8.524 0.000   2.731 0.000
315.166667 316.166667   9.660 0.000   2.750 0.000
318.166667 319.166667  11.992 0.000   3.465 0.000
321.166667 322.166667   9.164 0.000   2.750 0.000
324.166667 325.166667   7.691 0.000   3.218 0.000
327.166667 328.166667   8.149 0.000   3.686 0.000
330.166667 331.166667   9.758 0.000   3.053 0.000
333.166667 334.166667  11.259 0.000   2.991 0.000
336.166667 337.166667   5.478 0.000   1.908 0.000
339.166667 340.166667  14.036 0.000   3.488 0.000
342.166667 343.166667  12.019 0.000   2.672 0.000
345.166667 346.166667  20.879 0.000   4.802 0.000
348.166667 349.166667  12.451 0.000   3.160 0.000
351.166667 352.166667   6.774 0.000   1.628 0.000
354.166667 355.166667   6.455 0.000   1.544 0.000
357.166667 358.166667  11.327 0.000   3.398 0.000
360.166667 361.166667 999.999 0.999 999.999 0.999
363.166667 364.166667  12.378 0.000   2.856 0.000
