scripts/IMPROVE-2019_partial/data/US5501R.20160101040000.20191216000000.filterpack...52w.3d.US03L_filterpack_US5501.US03L_IMPROVE_Davis.lev2.nas
51 1001
MISSING INFORMATION
US03L, IMPROVE, , , , , , , 
MISSING INFORMATION
IMPROVE sel_HTAP
1 1
2016 01 01 2019 12 16
3.000000
days from file reference point
4
1 1 1 1
999.999999 999.999 999.999 9.999
end_time of measurement, days from the file reference point
pm10_mass, ug/m3, Matrix=pm10
pm25_mass, ug/m3, Matrix=pm25
numflag, no unit
0
33
Data definition:              EBAS_1.1
Set type code:                TU
Timezone:                     UTC
File name:                    US5501R.20160101040000.20191216000000.filterpack...52w.3d.US03L_filterpack_US5501.US03L_IMPROVE_Davis.lev2.nas
File creation:                20191218120510
Startdate:                    20160101040000
Revision date:                20191216000000
Version:                      2
Version description:          "Data extracted from http://views.cira.colostate.edu/fed/DataWizard 2019-12-16"
Statistics:                   arithmetic mean
Data level:                   2
Period code:                  52w
Resolution code:              3d
Sample duration:              1d
Orig. time res.:              3d
Station code:                 US5501R
Platform code:                US5501S
Station name:                 Virgin Islands National Park-Lind Point (VI01)
Station latitude:             18.3362
Station longitude:            -64.7962
Station altitude:             56.0 m
Regime:                       IMG
Component:                    
Unit:                         ug/m3
Matrix:                       
Laboratory code:              US03L
Instrument type:              filterpack
Instrument name:              filterpack_US5501
Method ref:                   US03L_IMPROVE_Davis
Blank correction:             Blank corrected
Volume std. temperature:      ambient
Volume std. pressure:         ambient
starttime endtime PM10 PM2.5 flag
  0.166667   1.166667  17.348   4.042 0.000
  3.166667   4.166667  19.090   5.034 0.000
  6.166667   7.166667  18.303   5.586 0.000
  9.166667  10.166667  11.059   5.043 0.000
 12.166667  13.166667  10.480   2.680 0.000
 15.166667  16.166667   9.625   1.994 0.000
 18.166667  19.166667   6.110   2.080 0.000
 21.166667  22.166667  23.736   8.711 0.000
 24.166667  25.166667  10.754   3.000 0.000
 27.166667  28.166667  23.124   6.562 0.000
 30.166667  31.166667  28.230  10.909 0.000
 33.166667  34.166667  14.868   5.901 0.000
 36.166667  37.166667  21.240   9.441 0.000
 39.166667  40.166667  17.888   4.893 0.000
 42.166667  43.166667  19.579   6.840 0.000
 45.166667  46.166667  27.797  10.712 0.000
 48.166667  49.166667  20.159   6.941 0.000
 51.166667  52.166667  10.372   2.533 0.000
 54.166667  55.166667  17.124   4.442 0.000
 57.166667  58.166667  11.182   2.602 0.000
 60.166667  61.166667  13.994   2.382 0.000
 63.166667  64.166667  17.099   3.619 0.000
 66.166667  67.166667   9.080   4.158 0.000
 69.166667  70.166667 999.999 999.999 0.999
 72.166667  73.166667  14.130   3.379 0.000
 75.166667  76.166667 999.999 999.999 0.999
 78.166667  79.166667  10.635   2.889 0.000
 81.166667  82.166667  17.881   4.655 0.000
 84.166667  85.166667  18.163   4.604 0.000
 87.166667  88.166667  21.505   5.289 0.000
 90.166667  91.166667  20.532   5.034 0.000
 93.166667  94.166667  16.313   4.531 0.000
 96.166667  97.166667  12.628   3.636 0.000
 99.166667 100.166667  12.384   2.644 0.000
102.166667 103.166667  10.518   2.623 0.000
105.166667 106.166667 999.999 999.999 0.999
108.166667 109.166667 999.999 999.999 0.999
111.166667 112.166667  14.415   3.657 0.000
114.166667 115.166667  72.109  18.911 0.000
117.166667 118.166667  49.081  14.190 0.000
120.166667 121.166667  23.901   8.837 0.000
123.166667 124.166667  19.669   8.327 0.000
126.166667 127.166667  15.647   5.338 0.000
129.166667 130.166667  15.130   5.081 0.000
132.166667 133.166667  17.142   5.719 0.000
135.166667 136.166667  18.653   5.133 0.000
138.166667 139.166667  24.133   7.056 0.000
141.166667 142.166667  21.526   7.796 0.000
144.166667 145.166667  36.136  11.231 0.000
147.166667 148.166667  14.786   5.327 0.000
150.166667 151.166667  14.246   5.435 0.000
153.166667 154.166667  26.450   8.285 0.000
156.166667 157.166667  19.784   5.824 0.000
159.166667 160.166667 999.999 999.999 0.999
162.166667 163.166667  13.862   4.361 0.000
165.166667 166.166667  37.980   9.882 0.000
168.166667 169.166667  14.417   3.828 0.000
171.166667 172.166667  23.044   6.181 0.000
174.166667 175.166667  20.881   6.450 0.000
177.166667 178.166667  31.624   8.222 0.000
180.166667 181.166667  40.164  11.112 0.000
183.166667 184.166667  35.402  10.803 0.000
186.166667 187.166667  28.933   8.598 0.000
189.166667 190.166667  17.439   5.111 0.000
192.166667 193.166667  48.974  12.450 0.000
195.166667 196.166667  17.488   5.673 0.000
198.166667 199.166667  27.643   7.168 0.000
201.166667 202.166667  31.723  10.477 0.000
204.166667 205.166667  17.312   5.158 0.000
207.166667 208.166667 999.999 999.999 0.999
210.166667 211.166667 999.999 999.999 0.999
213.166667 214.166667 999.999 999.999 0.999
216.166667 217.166667  28.032   9.117 0.000
219.166667 220.166667  20.000   7.271 0.000
222.166667 223.166667  21.584   5.984 0.000
225.166667 226.166667  16.730   5.413 0.000
228.166667 229.166667  27.560   9.384 0.000
231.166667 232.166667 999.999 999.999 0.999
234.166667 235.166667  22.221   7.858 0.000
237.166667 238.166667  18.978   6.117 0.000
240.166667 241.166667  19.678   7.826 0.000
243.166667 244.166667 999.999 999.999 0.999
246.166667 247.166667  56.507  14.294 0.000
249.166667 250.166667  55.592  18.452 0.000
252.166667 253.166667  10.126   3.669 0.000
255.166667 256.166667  16.191   5.422 0.000
258.166667 259.166667  22.392   7.442 0.000
261.166667 262.166667  14.198   4.651 0.000
264.166667 265.166667  19.782   5.989 0.000
267.166667 268.166667  20.399   7.182 0.000
270.166667 271.166667 999.999 999.999 0.456
273.166667 274.166667 999.999 999.999 0.999
276.166667 277.166667 999.999 999.999 0.999
279.166667 280.166667 999.999 999.999 0.999
282.166667 283.166667 999.999 999.999 0.999
285.166667 286.166667 999.999 999.999 0.999
288.166667 289.166667 999.999 999.999 0.999
291.166667 292.166667 999.999 999.999 0.456
294.166667 295.166667  20.827   4.720 0.000
297.166667 298.166667  24.193   9.108 0.000
300.166667 301.166667   6.268   3.463 0.000
303.166667 304.166667   5.407   3.015 0.000
306.166667 307.166667   3.962   1.060 0.000
309.166667 310.166667  12.104   3.926 0.000
312.166667 313.166667   8.456   3.330 0.000
315.166667 316.166667 999.999 999.999 0.999
318.166667 319.166667 999.999 999.999 0.999
321.166667 322.166667  10.601   3.936 0.000
324.166667 325.166667   7.367   2.494 0.000
327.166667 328.166667  11.580   2.709 0.000
330.166667 331.166667  12.365   3.014 0.000
333.166667 334.166667   7.589   2.097 0.000
336.166667 337.166667   9.346   4.174 0.000
339.166667 340.166667   5.372   1.665 0.000
342.166667 343.166667   9.542   2.793 0.000
345.166667 346.166667  15.956   4.005 0.000
348.166667 349.166667  17.214   4.501 0.000
351.166667 352.166667  13.595   3.341 0.000
354.166667 355.166667  18.359   4.468 0.000
357.166667 358.166667  13.994   4.004 0.000
360.166667 361.166667  17.360   3.806 0.000
363.166667 364.166667  17.974   4.646 0.000
