scripts/IMPROVE-2019_partial/data/US9023R.20070103050000.20191216000000.filterpack.pm25_mass.pm25.1y.3d.US03L_filterpack_US9023_2.US03L_IMPROVE_Davis.lev2.nas
50 1001
MISSING INFORMATION
US03L, IMPROVE, , , , , , , 
MISSING INFORMATION
IMPROVE sel_HTAP
1 1
2007 01 01 2019 12 16
3.000000
days from file reference point
3
1 1 1
999.999999 999.999 9.999
end_time of measurement, days from the file reference point
pm25_mass, ug/m3
numflag pm25_mass, no unit
0
33
Data definition:              EBAS_1.1
Set type code:                TU
Timezone:                     UTC
File name:                    US9023R.20070103050000.20191216000000.filterpack.pm25_mass.pm25.1y.3d.US03L_filterpack_US9023_2.US03L_IMPROVE_Davis.lev2.nas
File creation:                20191218120640
Startdate:                    20070103050000
Revision date:                20191216000000
Version:                      2
Version description:          "Data extracted from http://views.cira.colostate.edu/fed/DataWizard 2019-12-16"
Statistics:                   arithmetic mean
Data level:                   2
Period code:                  1y
Resolution code:              3d
Sample duration:              1d
Orig. time res.:              3d
Station code:                 US9023R
Platform code:                US9023S
Station name:                 Proctor Maple R. F.
Station latitude:             44.5284
Station longitude:            -72.8688
Station altitude:             401.0 m
Regime:                       IMG
Component:                    pm25_mass
Unit:                         ug/m3
Matrix:                       pm25
Laboratory code:              US03L
Instrument type:              filterpack
Instrument name:              filterpack_US9023_2
Method ref:                   US03L_IMPROVE_Davis
Blank correction:             Blank corrected
Volume std. temperature:      ambient
Volume std. pressure:         ambient
starttime endtime PM2.5 flag_PM2.5
  2.208333   3.208333   2.191 0.000
  5.208333   6.208333   1.308 0.000
  8.208333   9.208333   1.557 0.000
 11.208333  12.208333   6.390 0.000
 14.208333  15.208333   5.314 0.000
 17.208333  18.208333   2.809 0.000
 20.208333  21.208333   2.471 0.000
 23.208333  24.208333   4.122 0.000
 26.208333  27.208333 999.999 0.456
 29.208333  30.208333   2.712 0.000
 32.208333  33.208333  11.060 0.000
 35.208333  36.208333   2.801 0.000
 38.208333  39.208333   3.048 0.000
 41.208333  42.208333   3.678 0.000
 44.208333  45.208333   5.854 0.000
 47.208333  48.208333   8.080 0.000
 50.208333  51.208333   7.061 0.000
 53.208333  54.208333   2.028 0.000
 56.208333  57.208333   4.403 0.000
 59.208333  60.208333   5.296 0.000
 62.208333  63.208333   3.461 0.000
 65.208333  66.208333   2.690 0.000
 68.208333  69.208333  11.835 0.000
 71.208333  72.208333   5.570 0.000
 74.208333  75.208333   4.030 0.000
 77.208333  78.208333   2.442 0.000
 80.208333  81.208333  13.368 0.000
 83.208333  84.208333   3.791 0.000
 86.208333  87.208333   2.070 0.000
 89.208333  90.208333   2.022 0.000
 92.208333  93.208333   3.997 0.000
 95.208333  96.208333   2.500 0.000
 98.208333  99.208333   1.767 0.000
101.208333 102.208333 999.999 0.699
104.208333 105.208333 999.999 0.999
107.208333 108.208333   1.446 0.000
110.208333 111.208333   4.410 0.000
113.208333 114.208333   2.575 0.000
116.208333 117.208333   3.398 0.000
119.208333 120.208333   2.635 0.000
122.208333 123.208333   2.010 0.000
125.208333 126.208333   1.719 0.000
128.208333 129.208333  12.442 0.000
131.208333 132.208333   2.214 0.000
134.208333 135.208333   8.663 0.000
137.208333 138.208333   1.903 0.000
140.208333 141.208333   2.352 0.000
143.208333 144.208333  19.236 0.000
146.208333 147.208333   9.314 0.000
149.208333 150.208333   4.825 0.000
152.208333 153.208333  21.514 0.000
155.208333 156.208333   5.678 0.000
158.208333 159.208333  17.327 0.000
161.208333 162.208333   7.416 0.000
164.208333 165.208333   3.162 0.000
167.208333 168.208333   9.662 0.000
170.208333 171.208333   7.562 0.000
173.208333 174.208333   1.756 0.000
176.208333 177.208333  17.266 0.000
179.208333 180.208333   2.185 0.000
182.208333 183.208333   1.888 0.000
185.208333 186.208333  11.086 0.000
188.208333 189.208333 999.999 0.999
191.208333 192.208333  25.842 0.000
194.208333 195.208333   2.815 0.000
197.208333 198.208333   4.872 0.000
200.208333 201.208333   3.219 0.000
203.208333 204.208333   4.702 0.000
206.208333 207.208333  18.305 0.000
209.208333 210.208333   6.914 0.000
212.208333 213.208333   8.076 0.000
215.208333 216.208333  11.492 0.000
218.208333 219.208333  12.739 0.000
221.208333 222.208333   4.048 0.000
224.208333 225.208333   2.538 0.000
227.208333 228.208333   5.832 0.000
230.208333 231.208333   2.074 0.000
233.208333 234.208333   2.357 0.000
236.208333 237.208333  20.246 0.000
239.208333 240.208333   3.001 0.000
242.208333 243.208333   2.189 0.000
245.208333 246.208333   7.023 0.000
248.208333 249.208333  10.543 0.000
251.208333 252.208333   2.508 0.000
254.208333 255.208333   2.068 0.000
257.208333 258.208333   3.258 0.000
260.208333 261.208333   2.555 0.000
263.208333 264.208333  14.015 0.000
266.208333 267.208333   3.484 0.000
269.208333 270.208333   7.729 0.000
272.208333 273.208333   2.410 0.000
275.208333 276.208333   6.348 0.000
278.208333 279.208333  13.430 0.000
281.208333 282.208333   2.545 0.000
284.208333 285.208333   1.147 0.000
287.208333 288.208333   2.291 0.000
290.208333 291.208333  18.178 0.000
293.208333 294.208333   4.247 0.000
296.208333 297.208333   2.489 0.000
299.208333 300.208333   1.523 0.000
302.208333 303.208333   4.682 0.000
305.208333 306.208333   1.443 0.000
308.208333 309.208333   5.123 0.000
311.208333 312.208333   2.196 0.000
314.208333 315.208333   3.910 0.000
317.208333 318.208333   5.987 0.000
320.208333 321.208333   1.012 0.000
323.208333 324.208333   2.485 0.000
326.208333 327.208333   1.417 0.000
329.208333 330.208333   7.272 0.000
332.208333 333.208333   4.694 0.000
335.208333 336.208333   3.838 0.000
338.208333 339.208333   1.419 0.000
341.208333 342.208333   6.226 0.000
344.208333 345.208333   3.773 0.000
347.208333 348.208333   3.337 0.000
350.208333 351.208333   1.976 0.000
353.208333 354.208333  15.872 0.000
356.208333 357.208333   1.807 0.000
359.208333 360.208333   5.309 0.000
362.208333 363.208333   4.285 0.000
