scripts/IMPROVE-2019_partial/data/US9065R.20150103050000.20191216000000.filterpack...1y.3d.US03L_filterpack_US9065.US03L_IMPROVE_Davis.lev2.nas
52 1001
MISSING INFORMATION
US03L, IMPROVE, , , , , , , 
MISSING INFORMATION
IMPROVE sel_HTAP
1 1
2015 01 01 2019 12 16
3.000000
days from file reference point
5
1 1 1 1 1
999.999999 999.999 9.999 999.999 9.999
end_time of measurement, days from the file reference point
pm10_mass, ug/m3, Matrix=pm10
numflag pm10_mass, no unit, Matrix=pm10
pm25_mass, ug/m3, Matrix=pm25
numflag pm25_mass, no unit, Matrix=pm25
0
33
Data definition:              EBAS_1.1
Set type code:                TU
Timezone:                     UTC
File name:                    US9065R.20150103050000.20191216000000.filterpack...1y.3d.US03L_filterpack_US9065.US03L_IMPROVE_Davis.lev2.nas
File creation:                20191218120956
Startdate:                    20150103050000
Revision date:                20191216000000
Version:                      2
Version description:          "Data extracted from http://views.cira.colostate.edu/fed/DataWizard 2019-12-16"
Statistics:                   arithmetic mean
Data level:                   2
Period code:                  1y
Resolution code:              3d
Sample duration:              1d
Orig. time res.:              3d
Station code:                 US9065R
Platform code:                US9065S
Station name:                 Shining Rock Wilderness
Station latitude:             35.3937
Station longitude:            -82.7744
Station altitude:             1617.0 m
Regime:                       IMG
Component:                    
Unit:                         ug/m3
Matrix:                       
Laboratory code:              US03L
Instrument type:              filterpack
Instrument name:              filterpack_US9065
Method ref:                   US03L_IMPROVE_Davis
Blank correction:             Blank corrected
Volume std. temperature:      ambient
Volume std. pressure:         ambient
starttime endtime PM10 flag_PM10 PM2.5 flag_PM2.5
  2.208333   3.208333   0.212 0.000   0.094 0.000
  5.208333   6.208333   2.978 0.000   1.819 0.000
  8.208333   9.208333   4.649 0.000   2.643 0.000
 11.208333  12.208333   1.279 0.000   0.906 0.000
 14.208333  15.208333   1.200 0.000   0.912 0.000
 17.208333  18.208333   3.359 0.000   2.433 0.000
 20.208333  21.208333   6.944 0.000   4.237 0.000
 23.208333  24.208333   1.768 0.000   1.193 0.000
 26.208333  27.208333   1.665 0.000   1.487 0.000
 29.208333  30.208333   3.011 0.000   2.510 0.000
 32.208333  33.208333   2.954 0.000   2.480 0.000
 35.208333  36.208333   3.975 0.000   2.679 0.000
 38.208333  39.208333   3.563 0.000   2.707 0.000
 41.208333  42.208333   1.750 0.000   1.189 0.000
 44.208333  45.208333   5.409 0.000   2.950 0.000
 47.208333  48.208333   2.205 0.000   2.045 0.000
 50.208333  51.208333 999.999 0.999 999.999 0.999
 53.208333  54.208333 999.999 0.999 999.999 0.999
 56.208333  57.208333   3.202 0.000   3.831 0.000
 59.208333  60.208333   1.536 0.000   1.312 0.000
 62.208333  63.208333   4.938 0.000   3.329 0.000
 65.208333  66.208333   4.707 0.000   2.299 0.000
 68.208333  69.208333   6.281 0.000   5.426 0.000
 71.208333  72.208333   4.236 0.000   2.850 0.000
 74.208333  75.208333   1.850 0.000   1.052 0.000
 77.208333  78.208333   4.645 0.000   3.987 0.000
 80.208333  81.208333   7.728 0.000   3.247 0.000
 83.208333  84.208333   2.931 0.000   1.368 0.000
 86.208333  87.208333   4.790 0.000   2.699 0.000
 89.208333  90.208333   9.037 0.000   3.649 0.000
 92.208333  93.208333   7.343 0.000   4.168 0.000
 95.208333  96.208333   6.351 0.000   3.401 0.000
 98.208333  99.208333   9.775 0.000   6.436 0.000
101.208333 102.208333  13.060 0.000   8.323 0.000
104.208333 105.208333   1.368 0.000   0.780 0.000
107.208333 108.208333   3.321 0.000   3.267 0.000
110.208333 111.208333   6.074 0.000   3.299 0.000
113.208333 114.208333  11.278 0.000   4.852 0.000
116.208333 117.208333   5.325 0.000   4.557 0.000
119.208333 120.208333   8.955 0.000   5.974 0.000
122.208333 123.208333  10.698 0.000   7.447 0.000
125.208333 126.208333  14.571 0.000   9.530 0.000
128.208333 129.208333  11.538 0.000   7.199 0.000
131.208333 132.208333  15.421 0.000   7.769 0.000
134.208333 135.208333  12.898 0.000   9.918 0.000
137.208333 138.208333  12.114 0.000   6.811 0.000
140.208333 141.208333   7.370 0.000   3.990 0.000
143.208333 144.208333  11.973 0.000   6.201 0.000
146.208333 147.208333   6.313 0.000   2.321 0.000
149.208333 150.208333  15.392 0.000   5.476 0.000
152.208333 153.208333  10.886 0.000   2.341 0.000
155.208333 156.208333  11.101 0.000   5.223 0.000
158.208333 159.208333  13.402 0.000   7.843 0.000
161.208333 162.208333  10.074 0.000   6.378 0.000
164.208333 165.208333  17.343 0.000   8.954 0.000
167.208333 168.208333  16.311 0.000   9.669 0.000
170.208333 171.208333 999.999 0.999 999.999 0.999
173.208333 174.208333  49.065 0.000  21.497 0.000
176.208333 177.208333  19.818 0.000  11.779 0.000
179.208333 180.208333   7.345 0.000   4.986 0.000
182.208333 183.208333   6.835 0.000   4.694 0.000
185.208333 186.208333   7.454 0.000   4.274 0.000
188.208333 189.208333  33.766 0.000  14.743 0.000
191.208333 192.208333  21.982 0.000  11.036 0.000
194.208333 195.208333   9.666 0.000   5.672 0.000
197.208333 198.208333   9.916 0.000 999.999 0.456
200.208333 201.208333  12.296 0.000   9.359 0.000
203.208333 204.208333   5.736 0.000   3.911 0.000
206.208333 207.208333  10.280 0.000   8.646 0.000
209.208333 210.208333  12.123 0.000   9.889 0.000
212.208333 213.208333   9.068 0.000   4.933 0.000
215.208333 216.208333  12.326 0.000   8.162 0.000
218.208333 219.208333   2.200 0.000 999.999 0.456
221.208333 222.208333   9.893 0.000   7.745 0.000
224.208333 225.208333   8.800 0.000   6.455 0.000
227.208333 228.208333  10.164 0.000   8.312 0.000
230.208333 231.208333   4.921 0.000   3.436 0.000
233.208333 234.208333   7.490 0.000   5.735 0.000
236.208333 237.208333  10.241 0.000 999.999 0.456
239.208333 240.208333  12.043 0.000   8.974 0.000
242.208333 243.208333   4.686 0.000   3.912 0.000
245.208333 246.208333  17.355 0.000  14.337 0.000
248.208333 249.208333   8.615 0.000   6.080 0.000
251.208333 252.208333   2.743 0.000   1.472 0.000
254.208333 255.208333   3.705 0.000   2.367 0.000
257.208333 258.208333   5.355 0.000   3.149 0.000
260.208333 261.208333   9.043 0.000   6.137 0.000
263.208333 264.208333   7.594 0.000   6.290 0.000
266.208333 267.208333   3.893 0.000   1.839 0.000
269.208333 270.208333 999.999 0.259 999.999 0.259
272.208333 273.208333   1.725 0.000   1.205 0.000
275.208333 276.208333 999.999 0.259   0.125 0.000
278.208333 279.208333   3.328 0.000   2.116 0.000
281.208333 282.208333   7.716 0.000   5.838 0.000
284.208333 285.208333   4.587 0.000   2.983 0.000
287.208333 288.208333  11.477 0.000   2.560 0.000
290.208333 291.208333   5.392 0.000   2.718 0.000
293.208333 294.208333   3.567 0.000   1.812 0.000
296.208333 297.208333   9.734 0.000   6.550 0.000
299.208333 300.208333   0.043 0.000   0.222 0.000
302.208333 303.208333   4.193 0.000   2.366 0.000
305.208333 306.208333   0.041 0.000   0.124 0.000
308.208333 309.208333   1.358 0.000   0.733 0.000
311.208333 312.208333   2.819 0.000   2.085 0.000
314.208333 315.208333   2.313 0.000   1.671 0.000
317.208333 318.208333   2.360 0.000   0.965 0.000
320.208333 321.208333   5.901 0.000   3.830 0.000
323.208333 324.208333   3.232 0.000   1.612 0.000
326.208333 327.208333   2.368 0.000   1.753 0.000
329.208333 330.208333   3.029 0.000   1.625 0.000
332.208333 333.208333   1.827 0.000   1.146 0.000
335.208333 336.208333   1.205 0.000   0.684 0.000
338.208333 339.208333   1.009 0.000   0.992 0.000
341.208333 342.208333   6.580 0.000   4.938 0.000
344.208333 345.208333   6.901 0.000   5.174 0.000
347.208333 348.208333   0.760 0.000   0.380 0.000
350.208333 351.208333   2.619 0.000   1.938 0.000
353.208333 354.208333   1.513 0.000   0.930 0.000
356.208333 357.208333   0.249 0.000 999.999 0.259
359.208333 360.208333   1.282 0.000   0.551 0.000
362.208333 363.208333   3.377 0.000   1.989 0.000
