scripts/IMPROVE-2019_partial/data/US9080R.20150103070000.20191216000000.filterpack...1y.3d.US03L_filterpack_US9080.US03L_IMPROVE_Davis.lev2.nas
52 1001
MISSING INFORMATION
US03L, IMPROVE, , , , , , , 
MISSING INFORMATION
IMPROVE sel_HTAP
1 1
2015 01 01 2019 12 16
3.000000
days from file reference point
5
1 1 1 1 1
999.999999 999.999 9.999 999.999 9.999
end_time of measurement, days from the file reference point
pm10_mass, ug/m3, Matrix=pm10
numflag pm10_mass, no unit, Matrix=pm10
pm25_mass, ug/m3, Matrix=pm25
numflag pm25_mass, no unit, Matrix=pm25
0
33
Data definition:              EBAS_1.1
Set type code:                TU
Timezone:                     UTC
File name:                    US9080R.20150103070000.20191216000000.filterpack...1y.3d.US03L_filterpack_US9080.US03L_IMPROVE_Davis.lev2.nas
File creation:                20191218121102
Startdate:                    20150103070000
Revision date:                20191216000000
Version:                      2
Version description:          "Data extracted from http://views.cira.colostate.edu/fed/DataWizard 2019-12-16"
Statistics:                   arithmetic mean
Data level:                   2
Period code:                  1y
Resolution code:              3d
Sample duration:              1d
Orig. time res.:              3d
Station code:                 US9080R
Platform code:                US9080S
Station name:                 Thunder Basin
Station latitude:             44.6634
Station longitude:            -105.2874
Station altitude:             1195.0 m
Regime:                       IMG
Component:                    
Unit:                         ug/m3
Matrix:                       
Laboratory code:              US03L
Instrument type:              filterpack
Instrument name:              filterpack_US9080
Method ref:                   US03L_IMPROVE_Davis
Blank correction:             Blank corrected
Volume std. temperature:      ambient
Volume std. pressure:         ambient
starttime endtime PM10 flag_PM10 PM2.5 flag_PM2.5
  2.291667   3.291667   6.929 0.000   2.415 0.000
  5.291667   6.291667   3.103 0.000   2.239 0.000
  8.291667   9.291667   5.703 0.000   2.672 0.000
 11.291667  12.291667   5.526 0.000   3.303 0.000
 14.291667  15.291667 999.999 0.999 999.999 0.999
 17.291667  18.291667   5.216 0.000   1.054 0.000
 20.291667  21.291667   3.055 0.000   1.266 0.000
 23.291667  24.291667   2.708 0.000   0.910 0.000
 26.291667  27.291667 999.999 0.456   1.849 0.000
 29.291667  30.291667   5.056 0.000   2.031 0.000
 32.291667  33.291667   5.133 0.000   1.620 0.000
 35.291667  36.291667 999.999 0.999 999.999 0.999
 38.291667  39.291667   3.284 0.000   0.920 0.000
 41.291667  42.291667   8.116 0.000   4.713 0.000
 44.291667  45.291667   5.362 0.000   1.645 0.000
 47.291667  48.291667   2.675 0.000   1.465 0.000
 50.291667  51.291667   3.063 0.000   1.397 0.000
 53.291667  54.291667   6.908 0.000   2.304 0.000
 56.291667  57.291667   2.497 0.000   1.050 0.000
 59.291667  60.291667   6.271 0.000   3.612 0.000
 62.291667  63.291667 999.999 0.999 999.999 0.999
 65.291667  66.291667   5.679 0.000   2.734 0.000
 68.291667  69.291667   8.229 0.000   3.224 0.000
 71.291667  72.291667  10.206 0.000   3.506 0.000
 74.291667  75.291667   7.253 0.000   2.598 0.000
 77.291667  78.291667   2.843 0.000   1.943 0.000
 80.291667  81.291667   5.001 0.000   2.545 0.000
 83.291667  84.291667 999.999 0.999 999.999 0.999
 86.291667  87.291667  19.513 0.000   4.744 0.000
 89.291667  90.291667  12.384 0.000   4.806 0.000
 92.291667  93.291667   7.806 0.000   2.745 0.000
 95.291667  96.291667  13.911 0.000   4.711 0.000
 98.291667  99.291667   3.456 0.000   2.786 0.000
101.291667 102.291667   4.927 0.000   1.924 0.000
104.291667 105.291667   8.835 0.000   2.092 0.000
107.291667 108.291667   8.660 0.000   3.312 0.000
110.291667 111.291667   8.971 0.000   3.390 0.000
113.291667 114.291667  10.910 0.000   4.982 0.000
116.291667 117.291667   3.468 0.000   2.098 0.000
119.291667 120.291667   9.029 0.000   3.491 0.000
122.291667 123.291667  12.637 0.000   6.148 0.000
125.291667 126.291667   6.503 0.000   3.075 0.000
128.291667 129.291667   1.196 0.000   0.724 0.000
131.291667 132.291667   6.864 0.000   4.161 0.000
134.291667 135.291667   3.109 0.000   1.288 0.000
137.291667 138.291667   5.506 0.000   2.528 0.000
140.291667 141.291667   3.113 0.000   1.329 0.000
143.291667 144.291667   3.032 0.000   1.440 0.000
146.291667 147.291667 999.999 0.999 999.999 0.999
149.291667 150.291667   8.001 0.000   4.078 0.000
152.291667 153.291667   6.997 0.000   2.560 0.000
155.291667 156.291667   9.248 0.000   3.804 0.000
158.291667 159.291667  11.069 0.000   4.075 0.000
161.291667 162.291667  11.075 0.000   7.660 0.000
164.291667 165.291667   6.223 0.000   2.718 0.000
167.291667 168.291667 999.999 0.999 999.999 0.999
170.291667 171.291667   8.867 0.000   3.336 0.000
173.291667 174.291667  13.979 0.000   4.379 0.000
176.291667 177.291667   6.998 0.000   3.032 0.000
179.291667 180.291667  15.046 0.000   5.466 0.000
182.291667 183.291667  20.356 0.000  15.381 0.000
185.291667 186.291667  31.443 0.000  22.462 0.000
188.291667 189.291667  13.685 0.000   9.198 0.000
191.291667 192.291667  10.873 0.000   2.797 0.000
194.291667 195.291667  11.785 0.000   3.991 0.000
197.291667 198.291667   9.092 0.000   3.579 0.000
200.291667 201.291667  12.099 0.000   3.994 0.000
203.291667 204.291667  11.898 0.000   5.679 0.000
206.291667 207.291667  10.112 0.000   7.153 0.000
209.291667 210.291667   8.357 0.000   2.769 0.000
212.291667 213.291667  10.944 0.000   3.755 0.000
215.291667 216.291667  12.780 0.000   5.655 0.000
218.291667 219.291667  10.375 0.000   4.454 0.000
221.291667 222.291667 999.999 0.999 999.999 0.999
224.291667 225.291667  11.340 0.000   5.180 0.000
227.291667 228.291667  23.717 0.000  14.934 0.000
230.291667 231.291667   7.944 0.000   3.330 0.000
233.291667 234.291667  17.848 0.000  11.682 0.000
236.291667 237.291667  19.764 0.000  11.399 0.000
239.291667 240.291667  49.739 0.000  40.364 0.000
242.291667 243.291667  34.001 0.000  20.841 0.000
245.291667 246.291667  18.280 0.000   5.772 0.000
248.291667 249.291667   8.481 0.000   3.437 0.000
251.291667 252.291667  11.721 0.000   4.001 0.000
254.291667 255.291667  11.017 0.000   3.773 0.000
257.291667 258.291667  14.039 0.000   3.046 0.000
260.291667 261.291667   5.493 0.000   2.178 0.000
263.291667 264.291667  10.376 0.000   2.501 0.000
266.291667 267.291667  10.475 0.000   3.459 0.000
269.291667 270.291667  15.038 0.000   5.671 0.000
272.291667 273.291667 999.999 0.999 999.999 0.999
275.291667 276.291667   7.024 0.000   3.310 0.000
278.291667 279.291667  10.479 0.000   6.369 0.000
281.291667 282.291667   7.890 0.000   3.338 0.000
284.291667 285.291667   7.998 0.000   1.950 0.000
287.291667 288.291667  10.923 0.000   3.270 0.000
290.291667 291.291667  17.422 0.000   5.305 0.000
293.291667 294.291667   6.716 0.000   2.842 0.000
296.291667 297.291667   4.796 0.000   2.384 0.000
299.291667 300.291667   3.497 0.000   2.523 0.000
302.291667 303.291667 999.999 0.999 999.999 0.999
305.291667 306.291667   2.798 0.000   0.778 0.000
308.291667 309.291667 999.999 0.999 999.999 0.999
311.291667 312.291667   6.255 0.000   1.469 0.000
314.291667 315.291667 999.999 0.999 999.999 0.999
317.291667 318.291667   9.211 0.000   1.991 0.000
320.291667 321.291667   6.685 0.000   1.622 0.000
323.291667 324.291667   3.603 0.000   1.369 0.000
326.291667 327.291667   8.158 0.000   1.777 0.000
329.291667 330.291667   1.570 0.000   1.159 0.000
332.291667 333.291667   3.306 0.000   2.712 0.000
335.291667 336.291667   3.726 0.000   1.602 0.000
338.291667 339.291667   3.016 0.000   0.842 0.000
341.291667 342.291667   2.805 0.000   0.504 0.000
344.291667 345.291667   3.498 0.000   0.536 0.000
347.291667 348.291667   2.080 0.000   0.347 0.000
350.291667 351.291667 999.999 0.999 999.999 0.999
353.291667 354.291667   1.955 0.000   0.942 0.000
356.291667 357.291667   1.237 0.000   0.286 0.000
359.291667 360.291667   6.248 0.000   5.204 0.000
362.291667 363.291667   5.918 0.000   3.317 0.000
