scripts/IMPROVE-2019_partial/data/US9047R.20090101070000.20191216000000.filterpack...52w.3d.US03L_filterpack_US9047.US03L_IMPROVE_Davis.lev2.nas
52 1001
MISSING INFORMATION
US03L, IMPROVE, , , , , , , 
MISSING INFORMATION
IMPROVE sel_HTAP
1 1
2009 01 01 2019 12 16
3.000000
days from file reference point
5
1 1 1 1 1
999.999999 999.999 9.999 999.999 9.999
end_time of measurement, days from the file reference point
pm10_mass, ug/m3, Matrix=pm10
numflag pm10_mass, no unit, Matrix=pm10
pm25_mass, ug/m3, Matrix=pm25
numflag pm25_mass, no unit, Matrix=pm25
0
33
Data definition:              EBAS_1.1
Set type code:                TU
Timezone:                     UTC
File name:                    US9047R.20090101070000.20191216000000.filterpack...52w.3d.US03L_filterpack_US9047.US03L_IMPROVE_Davis.lev2.nas
File creation:                20191218120838
Startdate:                    20090101070000
Revision date:                20191216000000
Version:                      2
Version description:          "Data extracted from http://views.cira.colostate.edu/fed/DataWizard 2019-12-16"
Statistics:                   arithmetic mean
Data level:                   2
Period code:                  52w
Resolution code:              3d
Sample duration:              1d
Orig. time res.:              3d
Station code:                 US9047R
Platform code:                US9047S
Station name:                 Shamrock Mine
Station latitude:             37.3038
Station longitude:            -107.4842
Station altitude:             2351.0 m
Regime:                       IMG
Component:                    
Unit:                         ug/m3
Matrix:                       
Laboratory code:              US03L
Instrument type:              filterpack
Instrument name:              filterpack_US9047
Method ref:                   US03L_IMPROVE_Davis
Blank correction:             Blank corrected
Volume std. temperature:      ambient
Volume std. pressure:         ambient
starttime endtime PM10 flag_PM10 PM2.5 flag_PM2.5
  0.291667   1.291667   2.848 0.000   1.671 0.000
  3.291667   4.291667   1.829 0.000   1.364 0.000
  6.291667   7.291667   1.726 0.000   1.278 0.000
  9.291667  10.291667   1.468 0.000   1.142 0.000
 12.291667  13.291667   1.747 0.000   0.980 0.000
 15.291667  16.291667   1.831 0.000   1.352 0.000
 18.291667  19.291667   1.361 0.000   1.032 0.000
 21.291667  22.291667   3.445 0.000   1.618 0.000
 24.291667  25.291667   3.446 0.000   2.720 0.000
 27.291667  28.291667   2.201 0.000   1.444 0.000
 30.291667  31.291667   2.126 0.000   1.345 0.000
 33.291667  34.291667 999.999 0.456 999.999 0.456
 36.291667  37.291667 999.999 0.456 999.999 0.456
 39.291667  40.291667 999.999 0.456 999.999 0.456
 42.291667  43.291667   1.891 0.000   1.051 0.000
 45.291667  46.291667   0.881 0.000   0.717 0.000
 48.291667  49.291667   1.089 0.000   0.496 0.000
 51.291667  52.291667   8.018 0.000   2.714 0.000
 54.291667  55.291667   2.226 0.000   1.361 0.000
 57.291667  58.291667   7.768 0.000   2.931 0.000
 60.291667  61.291667   4.646 0.000   2.435 0.000
 63.291667  64.291667  23.984 0.000   5.913 0.000
 66.291667  67.291667   2.154 0.000   1.188 0.000
 69.291667  70.291667   3.390 0.000   1.526 0.000
 72.291667  73.291667   2.598 0.000   1.918 0.000
 75.291667  76.291667   7.477 0.000   2.797 0.000
 78.291667  79.291667   9.113 0.000   3.945 0.000
 81.291667  82.291667   2.663 0.000   0.738 0.000
 84.291667  85.291667   6.515 0.000   3.196 0.000
 87.291667  88.291667  45.614 0.000  10.841 0.000
 90.291667  91.291667   6.863 0.000   3.322 0.000
 93.291667  94.291667   2.783 0.000   1.273 0.000
 96.291667  97.291667 999.999 0.456   1.880 0.000
 99.291667 100.291667   6.227 0.000   2.354 0.000
102.291667 103.291667   2.804 0.000   1.535 0.000
105.291667 106.291667 999.999 0.999 999.999 0.999
108.291667 109.291667 999.999 0.999 999.999 0.999
111.291667 112.291667   5.147 0.000   3.657 0.000
114.291667 115.291667  57.557 0.000  22.613 0.000
117.291667 118.291667  16.597 0.000   5.653 0.000
120.291667 121.291667  20.106 0.000   6.104 0.000
123.291667 124.291667 999.999 0.999 999.999 0.999
126.291667 127.291667  13.416 0.000   5.138 0.000
129.291667 130.291667  13.288 0.000   5.285 0.000
132.291667 133.291667  18.878 0.000   8.214 0.000
135.291667 136.291667  17.973 0.000   6.243 0.000
138.291667 139.291667  11.601 0.000   4.370 0.000
141.291667 142.291667   7.889 0.000   4.378 0.000
144.291667 145.291667   5.815 0.000   3.672 0.000
147.291667 148.291667   3.742 0.000   2.263 0.000
150.291667 151.291667   6.663 0.000   2.623 0.000
153.291667 154.291667   6.393 0.000   3.221 0.000
156.291667 157.291667  15.149 0.000   5.284 0.000
159.291667 160.291667   8.637 0.000   3.027 0.000
162.291667 163.291667  10.572 0.000   4.481 0.000
165.291667 166.291667  12.929 0.000   4.786 0.000
168.291667 169.291667  15.085 0.000   4.300 0.000
171.291667 172.291667   8.159 0.000   3.790 0.000
174.291667 175.291667   6.038 0.000   3.410 0.000
177.291667 178.291667   4.645 0.000   2.431 0.000
180.291667 181.291667  13.692 0.000   4.496 0.000
183.291667 184.291667   9.307 0.000   3.917 0.000
186.291667 187.291667  11.180 0.000   4.115 0.000
189.291667 190.291667  11.685 0.000   3.988 0.000
192.291667 193.291667   8.674 0.000   3.945 0.000
195.291667 196.291667  17.522 0.000   6.318 0.000
198.291667 199.291667  13.714 0.000   5.055 0.000
201.291667 202.291667 999.999 0.999 999.999 0.999
204.291667 205.291667   8.498 0.000   4.376 0.000
207.291667 208.291667   4.892 0.000   2.515 0.000
210.291667 211.291667   5.398 0.000   2.979 0.000
213.291667 214.291667   8.039 0.000   4.425 0.000
216.291667 217.291667   9.216 0.000   6.027 0.000
219.291667 220.291667  10.403 0.000   5.486 0.000
222.291667 223.291667  16.446 0.000  10.539 0.000
225.291667 226.291667   7.476 0.000   3.939 0.000
228.291667 229.291667   9.388 0.000   5.228 0.000
231.291667 232.291667  14.462 0.000   4.417 0.000
234.291667 235.291667  10.806 0.000   3.594 0.000
237.291667 238.291667   5.597 0.000   3.425 0.000
240.291667 241.291667  15.300 0.000   4.773 0.000
243.291667 244.291667  11.214 0.000   7.703 0.000
246.291667 247.291667  12.908 0.000   6.785 0.000
249.291667 250.291667   6.936 0.000   3.712 0.000
252.291667 253.291667   4.084 0.000   2.103 0.000
255.291667 256.291667   3.541 0.000   2.257 0.000
258.291667 259.291667   3.856 0.000   1.973 0.000
261.291667 262.291667   3.980 0.000   2.045 0.000
264.291667 265.291667   4.143 0.000   1.421 0.000
267.291667 268.291667   7.473 0.000   2.268 0.000
270.291667 271.291667  13.466 0.000   5.938 0.000
273.291667 274.291667   6.598 0.000   2.399 0.000
276.291667 277.291667   9.271 0.000   2.957 0.000
279.291667 280.291667   4.557 0.000   2.661 0.000
282.291667 283.291667   9.917 0.000   3.302 0.000
285.291667 286.291667 999.999 0.999 999.999 0.999
288.291667 289.291667   9.587 0.000   3.080 0.000
291.291667 292.291667  21.135 0.000   4.932 0.000
294.291667 295.291667   2.785 0.000   2.690 0.000
297.291667 298.291667   5.287 0.000   1.487 0.000
300.291667 301.291667   3.909 0.000   2.116 0.000
303.291667 304.291667   2.473 0.000   2.059 0.000
306.291667 307.291667   3.921 0.000   2.522 0.000
309.291667 310.291667  13.216 0.000   4.080 0.000
312.291667 313.291667   5.348 0.000   2.156 0.000
315.291667 316.291667  19.939 0.000   6.975 0.000
318.291667 319.291667   1.558 0.000   0.254 0.000
321.291667 322.291667   3.189 0.000   2.728 0.000
324.291667 325.291667   3.126 0.000   1.909 0.000
327.291667 328.291667   2.483 0.000   0.720 0.000
330.291667 331.291667   4.270 0.000   2.366 0.000
333.291667 334.291667   3.298 0.000   2.016 0.000
336.291667 337.291667   2.463 0.000   1.186 0.000
339.291667 340.291667   9.152 0.000   3.194 0.000
342.291667 343.291667   2.522 0.000   1.748 0.000
345.291667 346.291667   2.054 0.000   1.601 0.000
348.291667 349.291667   0.844 0.000   0.472 0.000
351.291667 352.291667   2.029 0.000   1.734 0.000
354.291667 355.291667   2.440 0.000   1.764 0.000
357.291667 358.291667 999.999 0.999 999.999 0.999
360.291667 361.291667 999.999 0.999 999.999 0.999
363.291667 364.291667 999.999 0.999 999.999 0.999
