scripts/IMPROVE-2019_partial/data/US9025U.20130101080000.20191216000000.filterpack...52w.3d.US03L_filterpack_US9025.US03L_IMPROVE_Davis.lev2.nas
52 1001
MISSING INFORMATION
US03L, IMPROVE, , , , , , , 
MISSING INFORMATION
IMPROVE sel_HTAP
1 1
2013 01 01 2019 12 16
3.000000
days from file reference point
5
1 1 1 1 1
999.999999 999.999 9.999 999.999 9.999
end_time of measurement, days from the file reference point
pm10_mass, ug/m3, Matrix=pm10
numflag pm10_mass, no unit, Matrix=pm10
pm25_mass, ug/m3, Matrix=pm25
numflag pm25_mass, no unit, Matrix=pm25
0
33
Data definition:              EBAS_1.1
Set type code:                TU
Timezone:                     UTC
File name:                    US9025U.20130101080000.20191216000000.filterpack...52w.3d.US03L_filterpack_US9025.US03L_IMPROVE_Davis.lev2.nas
File creation:                20191218120651
Startdate:                    20130101080000
Revision date:                20191216000000
Version:                      2
Version description:          "Data extracted from http://views.cira.colostate.edu/fed/DataWizard 2019-12-16"
Statistics:                   arithmetic mean
Data level:                   2
Period code:                  52w
Resolution code:              3d
Sample duration:              1d
Orig. time res.:              3d
Station code:                 US9025U
Platform code:                US9025S
Station name:                 Puget Sound
Station latitude:             47.5696
Station longitude:            -122.3119
Station altitude:             97.0 m
Regime:                       IMG
Component:                    
Unit:                         ug/m3
Matrix:                       
Laboratory code:              US03L
Instrument type:              filterpack
Instrument name:              filterpack_US9025
Method ref:                   US03L_IMPROVE_Davis
Blank correction:             Blank corrected
Volume std. temperature:      ambient
Volume std. pressure:         ambient
starttime endtime PM10 flag_PM10 PM2.5 flag_PM2.5
  0.333333   1.333333  10.312 0.000   8.440 0.000
  3.333333   4.333333   5.611 0.000   3.560 0.000
  6.333333   7.333333   4.223 0.000   2.149 0.000
  9.333333  10.333333   6.955 0.000   3.752 0.000
 12.333333  13.333333  15.249 0.000  12.539 0.000
 15.333333  16.333333  11.920 0.000   7.646 0.000
 18.333333  19.333333   8.324 0.000   6.529 0.000
 21.333333  22.333333  26.515 0.000 999.999 0.456
 24.333333  25.333333   6.443 0.000   3.544 0.000
 27.333333  28.333333   5.154 0.000   3.447 0.000
 30.333333  31.333333   4.796 0.000   2.670 0.000
 33.333333  34.333333  11.815 0.000   8.582 0.000
 36.333333  37.333333   3.450 0.000   1.884 0.000
 39.333333  40.333333  10.596 0.000   7.548 0.000
 42.333333  43.333333   3.654 0.000   2.467 0.000
 45.333333  46.333333   8.372 0.000   4.793 0.000
 48.333333  49.333333   9.194 0.000   5.810 0.000
 51.333333  52.333333   6.034 0.000   3.342 0.000
 54.333333  55.333333   9.325 0.000   3.924 0.000
 57.333333  58.333333   9.898 0.000   5.384 0.000
 60.333333  61.333333   4.608 0.000   2.195 0.000
 63.333333  64.333333   9.085 0.000   4.021 0.000
 66.333333  67.333333   7.329 0.000   4.763 0.000
 69.333333  70.333333  12.940 0.000   9.734 0.000
 72.333333  73.333333   7.077 0.000   4.035 0.000
 75.333333  76.333333   4.354 0.000   2.022 0.000
 78.333333  79.333333   4.418 0.000   2.187 0.000
 81.333333  82.333333   7.566 0.000   4.574 0.000
 84.333333  85.333333  16.012 0.000   7.492 0.000
 87.333333  88.333333   9.155 0.000   4.908 0.000
 90.333333  91.333333   9.079 0.000   5.032 0.000
 93.333333  94.333333  12.342 0.000   8.729 0.000
 96.333333  97.333333   1.617 0.000   1.285 0.000
 99.333333 100.333333   5.550 0.000   2.654 0.000
102.333333 103.333333   4.162 0.000   2.344 0.000
105.333333 106.333333   4.499 0.000   2.697 0.000
108.333333 109.333333   2.296 0.000   1.384 0.000
111.333333 112.333333   4.650 0.000   2.846 0.000
114.333333 115.333333  12.229 0.000   5.709 0.000
117.333333 118.333333   3.499 0.000   1.868 0.000
120.333333 121.333333   8.426 0.000   3.796 0.000
123.333333 124.333333  10.129 0.000   4.783 0.000
126.333333 127.333333  13.623 0.000   7.272 0.000
129.333333 130.333333  21.017 0.000  10.550 0.000
132.333333 133.333333   5.605 0.000   2.391 0.000
135.333333 136.333333   6.484 0.000   3.454 0.000
138.333333 139.333333   5.580 0.000   3.240 0.000
141.333333 142.333333  10.872 0.000   2.927 0.000
144.333333 145.333333  11.081 0.000   2.726 0.000
147.333333 148.333333   7.120 0.000   1.398 0.000
150.333333 151.333333   7.054 0.000   2.999 0.000
153.333333 154.333333  12.566 0.000   5.701 0.000
156.333333 157.333333  13.611 0.000   5.597 0.000
159.333333 160.333333   9.185 0.000   4.254 0.000
162.333333 163.333333   5.251 0.000   2.103 0.000
165.333333 166.333333  10.938 0.000   6.036 0.000
168.333333 169.333333   9.198 0.000   2.474 0.000
171.333333 172.333333   7.155 0.000   3.548 0.000
174.333333 175.333333   4.190 0.000   1.943 0.000
177.333333 178.333333   7.085 0.000   3.537 0.000
180.333333 181.333333  12.294 0.000   7.783 0.000
183.333333 184.333333  11.328 0.000   4.629 0.000
186.333333 187.333333  13.448 0.000   6.575 0.000
189.333333 190.333333  13.967 0.000   6.571 0.000
192.333333 193.333333  11.876 0.000   4.400 0.000
195.333333 196.333333  10.336 0.000   3.914 0.000
198.333333 199.333333   5.617 0.000   6.522 0.000
201.333333 202.333333   5.160 0.000   5.119 0.000
204.333333 205.333333  13.430 0.000   5.803 0.000
207.333333 208.333333  13.550 0.000   5.826 0.000
210.333333 211.333333  14.081 0.000   5.820 0.000
213.333333 214.333333   7.383 0.000   2.499 0.000
216.333333 217.333333  17.389 0.000   8.421 0.000
219.333333 220.333333   9.731 0.000   3.658 0.000
222.333333 223.333333   9.252 0.000   4.954 0.000
225.333333 226.333333  16.484 0.000   7.771 0.000
228.333333 229.333333   6.100 0.000   2.776 0.000
231.333333 232.333333  11.734 0.000   5.908 0.000
234.333333 235.333333   5.223 0.000   1.941 0.000
237.333333 238.333333  11.866 0.000   5.688 0.000
240.333333 241.333333   5.424 0.000   2.760 0.000
243.333333 244.333333  10.162 0.000   5.896 0.000
246.333333 247.333333  11.940 0.000   7.671 0.000
249.333333 250.333333   8.808 0.000   5.227 0.000
252.333333 253.333333  12.812 0.000   6.925 0.000
255.333333 256.333333  12.821 0.000   7.853 0.000
258.333333 259.333333   4.641 0.000   2.186 0.000
261.333333 262.333333  13.820 0.000   6.540 0.000
264.333333 265.333333   4.761 0.000   2.227 0.000
267.333333 268.333333   7.143 0.000   3.847 0.000
270.333333 271.333333   2.912 0.000   1.728 0.000
273.333333 274.333333   4.605 0.000   2.523 0.000
276.333333 277.333333  12.381 0.000   6.136 0.000
279.333333 280.333333   7.380 0.000   3.900 0.000
282.333333 283.333333  13.994 0.000   8.812 0.000
285.333333 286.333333  13.761 0.000  10.045 0.000
288.333333 289.333333  18.642 0.000  14.321 0.000
291.333333 292.333333  14.296 0.000  11.190 0.000
294.333333 295.333333  12.410 0.000   8.671 0.000
297.333333 298.333333  11.678 0.000   8.756 0.000
300.333333 301.333333   9.929 0.000   3.615 0.000
303.333333 304.333333  10.177 0.000   7.753 0.000
306.333333 307.333333  11.818 0.000   6.422 0.000
309.333333 310.333333  10.689 0.000   6.044 0.000
312.333333 313.333333   9.482 0.000   5.950 0.000
315.333333 316.333333  11.594 0.000   8.448 0.000
318.333333 319.333333   5.599 0.000   3.471 0.000
321.333333 322.333333   3.637 0.000   2.604 0.000
324.333333 325.333333   8.610 0.000   5.919 0.000
327.333333 328.333333  20.029 0.000  17.422 0.000
330.333333 331.333333  20.536 0.000  12.665 0.000
333.333333 334.333333   6.702 0.000   5.199 0.000
336.333333 337.333333   9.702 0.000   5.168 0.000
339.333333 340.333333   5.934 0.000   4.030 0.000
342.333333 343.333333  24.828 0.000  15.640 0.000
345.333333 346.333333  15.859 0.000  13.325 0.000
348.333333 349.333333   3.908 0.000   2.445 0.000
351.333333 352.333333   5.469 0.000   2.649 0.000
354.333333 355.333333   4.936 0.000   3.926 0.000
357.333333 358.333333  14.446 0.000   7.861 0.000
360.333333 361.333333  17.056 0.000  15.081 0.000
363.333333 364.333333  15.947 0.000  12.551 0.000
