scripts/IMPROVE-2019_partial/data/US9045R.20040101080000.20191216000000.filterpack..pm25.52w.1w.US03L_filterpack_US9045.US03L_IMPROVE_Davis.lev2.nas
66 1001
MISSING INFORMATION
US03L, IMPROVE, , , , , , , 
MISSING INFORMATION
IMPROVE sel_HTAP
1 1
2004 01 01 2019 12 16
3.000000
days from file reference point
27
1 1 1 1 1 1 1 1 1 1 1 1 1 1 1 1 1 1 1 1 1 1 1 1 1 1 1
999.999999 9999.99 9.999 99.99 9.999 9.999 9.999999 9.99 9.999 99.999 9.999 99.999 9.999 99.999 9.999 999.99 9.999999 999.999 9.999 999.999 9.999 999.999 9.999 9.999 9.999 99.999 9.999
end_time of measurement, days from the file reference point
iron, ng/m3, Revision date=20181210133000
numflag iron, no unit, Revision date=20181210133000
lead, ng/m3, Revision date=20181210133000
numflag lead, no unit, Revision date=20181210133000
magnesium, ug/m3, Revision date=20181210133000
numflag magnesium, no unit, Revision date=20181210133000
nickel, ng/m3, Revision date=20181210133000
numflag nickel, no unit, Revision date=20181210133000
nitrate, ug N/m3, Revision date=20181210133000
numflag nitrate, no unit, Revision date=20181210133000
organic_carbon, ug C/m3, Revision date=20181210133000
numflag organic_carbon, no unit, Revision date=20181210133000
organic_mass, ug/m3, Revision date=20181210133000
numflag organic_mass, no unit, Revision date=20181210133000
phosphorus, ng/m3, Revision date=20181210133000
numflag phosphorus, no unit, Revision date=20181210133000
pm10_mass, ug/m3, Version=2, Version description=Data extracted from http://views.cira.colostate.edu/fed/DataWizard 2019-12-16, Sample duration=1d, Orig. time res.=3d, Matrix=pm10, Blank correction=Blank corrected, Volume std. temperature=ambient, Volume std. pressure=ambient
numflag pm10_mass, no unit, Version=2, Version description=Data extracted from http://views.cira.colostate.edu/fed/DataWizard 2019-12-16, Sample duration=1d, Orig. time res.=3d, Matrix=pm10, Blank correction=Blank corrected, Volume std. temperature=ambient, Volume std. pressure=ambient
pm10_pm25_mass, ug/m3, Revision date=20181210133000, Matrix=pm10_pm25
numflag pm10_pm25_mass, no unit, Revision date=20181210133000, Matrix=pm10_pm25
pm25_mass, ug/m3, Version=2, Version description=Data extracted from http://views.cira.colostate.edu/fed/DataWizard 2019-12-16, Sample duration=1d, Orig. time res.=3d, Blank correction=Blank corrected, Volume std. temperature=ambient, Volume std. pressure=ambient
numflag pm25_mass, no unit, Version=2, Version description=Data extracted from http://views.cira.colostate.edu/fed/DataWizard 2019-12-16, Sample duration=1d, Orig. time res.=3d, Blank correction=Blank corrected, Volume std. temperature=ambient, Volume std. pressure=ambient
potassium, ug/m3, Revision date=20181210133000
numflag potassium, no unit, Revision date=20181210133000
sulphate_total, ug S/m3, Revision date=20181210133000
numflag sulphate_total, no unit, Revision date=20181210133000
0
25
Data definition:              EBAS_1.1
Set type code:                TU
Timezone:                     UTC
File name:                    US9045R.20040101080000.20191216000000.filterpack..pm25.52w.1w.US03L_filterpack_US9045.US03L_IMPROVE_Davis.lev2.nas
File creation:                20191218120829
Startdate:                    20040101080000
Revision date:                20191216000000
Statistics:                   arithmetic mean
Data level:                   2
Period code:                  52w
Resolution code:              1w
Station code:                 US9045R
Platform code:                US9045S
Station name:                 Sequoia NP
Station latitude:             36.4894
Station longitude:            -118.8291
Station altitude:             519.0 m
Regime:                       IMG
Component:                    
Matrix:                       pm25
Laboratory code:              US03L
Instrument type:              filterpack
Instrument name:              filterpack_US9045
Method ref:                   US03L_IMPROVE_Davis
starttime endtime Fe flag_Fe Pb flag_Pb Mg++ flag_Mg++ Ni flag_Ni NO3- flag_NO3- OC flag_OC OM flag_OM P flag_P PM10 flag_PM10 PM10-PM2.5 flag_PM10-PM2.5 PM2.5 flag_PM2.5 K+ flag_K+ SO4-- flag_SO4--
[from data line 82]
246.333333 247.333333  214.82 0.000  0.80 0.000 9.999 0.259000 0.10 0.000  0.171 0.000  1.496 0.000  2.094 0.000 999.99 0.259000  38.377 0.000  30.884 0.000   7.493 0.000 0.111 0.000  0.216 0.000
249.333333 250.333333  113.71 0.000 99.99 0.259 9.999 0.259000 0.11 0.000  0.050 0.000  1.280 0.000  1.792 0.000 999.99 0.259000  17.087 0.000  12.236 0.000   4.852 0.000 0.069 0.000  0.183 0.000
252.333333 253.333333  210.86 0.000  1.16 0.000 9.999 0.259000 0.17 0.000  0.076 0.000  2.261 0.000  3.165 0.000 999.99 0.259000  35.353 0.000  26.094 0.000   9.259 0.000 0.105 0.000  0.344 0.000
255.333333 256.333333  129.27 0.000  1.26 0.000 9.999 0.259000 0.09 0.000  0.164 0.000  2.657 0.000  3.720 0.000 999.99 0.259000  22.980 0.000  14.944 0.000   8.036 0.000 0.079 0.000  0.469 0.000
258.333333 259.333333  227.57 0.000  1.17 0.000 9.999 0.259000 0.15 0.000  0.304 0.000  3.035 0.000  4.249 0.000 999.99 0.259000  44.461 0.000  32.999 0.000  11.461 0.000 0.176 0.000  0.494 0.000
261.333333 262.333333  139.36 0.000  1.00 0.000 9.999 0.259000 0.14 0.000  0.194 0.000  1.229 0.000  1.720 0.000 999.99 0.259000  34.395 0.000  27.914 0.000   6.481 0.000 0.088 0.000  0.349 0.000
264.333333 265.333333   35.77 0.000 99.99 0.259 0.162 0.000000 0.15 0.000  0.048 0.000  0.824 0.000  1.153 0.000 999.99 0.259000   8.122 0.000   5.360 0.000   2.763 0.000 0.036 0.000  0.130 0.000
267.333333 268.333333  177.85 0.000  0.95 0.000 9.999 0.259000 9.99 0.259  0.087 0.000  1.280 0.000  1.791 0.000 999.99 0.259000  24.082 0.000  18.326 0.000   5.757 0.000 0.077 0.000  0.191 0.000
270.333333 271.333333  113.67 0.000  0.89 0.000 9.999 0.259000 0.14 0.000  0.148 0.000  1.295 0.000  1.813 0.000 999.99 0.259000  15.432 0.000   9.579 0.000   5.853 0.000 0.063 0.000  0.314 0.000
273.333333 274.333333 9999.99 0.456 99.99 0.456 9.999 0.456000 9.99 0.456  0.630 0.000 99.999 0.999 99.999 0.999 999.99 0.456000  39.093 0.000 999.999 0.999 999.999 0.456 9.999 0.456  0.755 0.000
276.333333 277.333333 9999.99 0.456 99.99 0.456 9.999 0.456000 9.99 0.456  0.165 0.000 99.999 0.999 99.999 0.999 999.99 0.456000  17.320 0.000 999.999 0.999 999.999 0.456 9.999 0.456  0.552 0.000
279.333333 280.333333  159.93 0.000  1.87 0.000 9.999 0.259000 9.99 0.259  0.634 0.000  2.154 0.000  3.016 0.000 999.99 0.259000  33.707 0.000  22.174 0.000  11.533 0.000 0.084 0.000  0.750 0.000
282.333333 283.333333   93.47 0.000  1.23 0.000 9.999 0.259000 0.23 0.000  0.848 0.000  1.822 0.000  2.551 0.000 999.99 0.259000  29.820 0.000  21.193 0.000   8.627 0.000 0.086 0.000  0.474 0.000
285.333333 286.333333   64.07 0.000 99.99 0.259 9.999 0.259000 9.99 0.259  0.094 0.000  0.726 0.000  1.017 0.000 999.99 0.259000  12.571 0.000   8.776 0.000   3.795 0.000 0.040 0.000  0.223 0.000
288.333333 289.333333  162.60 0.000  1.18 0.000 0.176 0.000000 9.99 0.259  0.264 0.000  2.031 0.000  2.843 0.000 999.99 0.259000  24.467 0.000  16.103 0.000   8.364 0.000 0.107 0.000  0.334 0.000
291.333333 292.333333    6.43 0.000  0.59 0.000 9.999 0.259000 9.99 0.259  0.191 0.000  1.479 0.000  2.071 0.000 999.99 0.259000   8.333 0.000   4.543 0.000   3.791 0.000 0.053 0.000  0.247 0.000
294.333333 295.333333    3.63 0.000 99.99 0.259 0.106 0.000000 9.99 0.259  0.186 0.000  0.632 0.000  0.884 0.000 999.99 0.259000   4.808 0.000   2.371 0.000   2.437 0.000 0.012 0.000  0.118 0.000
297.333333 298.333333   12.42 0.000  1.39 0.000 9.999 0.259000 9.99 0.259  0.974 0.000  2.284 0.000  3.198 0.000 999.99 0.259000  13.231 0.000   2.236 0.000  10.995 0.000 0.073 0.000  0.263 0.000
300.333333 301.333333    4.76 0.000 99.99 0.259 9.999 0.259000 0.19 0.000  0.119 0.000  0.487 0.000  0.681 0.000 999.99 0.259000   5.167 0.000   3.484 0.000   1.683 0.000 0.016 0.000  0.122 0.000
303.333333 304.333333    9.72 0.000  0.76 0.000 0.075 0.000000 0.18 0.000  0.973 0.000  1.186 0.000  1.660 0.000 999.99 0.259000   8.917 0.000   0.946 0.000   7.971 0.000 0.025 0.000  0.196 0.000
306.333333 307.333333   14.19 0.000  0.69 0.000 9.999 0.259000 0.10 0.000  0.174 0.000  1.261 0.000  1.766 0.000 999.99 0.259000   6.914 0.000   2.725 0.000   4.189 0.000 0.036 0.000  0.198 0.000
309.333333 310.333333   26.27 0.000  0.72 0.000 9.999 0.259000 9.99 0.259  0.344 0.000  0.953 0.000  1.334 0.000 999.99 0.259000  11.739 0.000   7.069 0.000   4.670 0.000 0.046 0.000  0.173 0.000
312.333333 313.333333    6.90 0.000  0.66 0.000 9.999 0.259000 0.11 0.000  0.490 0.000  0.756 0.000  1.058 0.000 999.99 0.259000   7.647 0.000   2.287 0.000   5.361 0.000 0.021 0.000  0.205 0.000
315.333333 316.333333    5.42 0.000  0.69 0.000 9.999 0.259000 9.99 0.259  0.207 0.000  0.707 0.000  0.990 0.000 999.99 0.259000  10.045 0.000   6.133 0.000   3.912 0.000 0.018 0.000  0.341 0.000
318.333333 319.333333    3.61 0.000  0.54 0.000 0.126 0.000000 9.99 0.259  0.041 0.000  1.633 0.000  2.286 0.000 999.99 0.259000   6.944 0.000   3.744 0.000   3.200 0.000 0.024 0.000  0.190 0.000
321.333333 322.333333   13.15 0.000  1.00 0.000 0.100 0.000000 0.19 0.000  1.095 0.000  1.319 0.000  1.846 0.000 999.99 0.259000  13.145 0.000   1.762 0.000  11.383 0.000 0.031 0.000  0.427 0.000
324.333333 325.333333   10.48 0.000  0.90 0.000 9.999 0.259000 9.99 0.259  1.561 0.000  1.317 0.000  1.845 0.000 999.99 0.259000  15.604 0.000   1.685 0.000  13.919 0.000 0.036 0.000  0.438 0.000
327.333333 328.333333   10.69 0.000  0.37 0.000 0.106 0.000000 9.99 0.259  0.204 0.000  1.022 0.000  1.430 0.000 999.99 0.259000   6.230 0.000   3.016 0.000   3.214 0.000 0.019 0.000  0.145 0.000
330.333333 331.333333   34.93 0.000  1.92 0.000 9.999 0.259000 0.17 0.000  4.899 0.000  2.406 0.000  3.369 0.000 999.99 0.259000  44.037 0.000   4.289 0.000  39.748 0.000 0.224 0.000  0.546 0.000
333.333333 334.333333    7.47 0.000  0.59 0.000 9.999 0.259000 0.12 0.000  0.093 0.000  0.523 0.000  0.732 0.000 999.99 0.259000   3.368 0.000   1.572 0.000   1.796 0.000 0.019 0.000  0.106 0.000
336.333333 337.333333   13.83 0.000  0.80 0.000 9.999 0.259000 0.13 0.000  1.268 0.000  1.514 0.000  2.120 0.000 999.99 0.259000  13.052 0.000   1.417 0.000  11.635 0.000 0.071 0.000  0.142 0.000
339.333333 340.333333   12.41 0.000  1.16 0.000 9.999 0.259000 0.18 0.000  0.291 0.000  0.857 0.000  1.200 0.000 999.99 0.259000   5.115 0.000   1.233 0.000   3.882 0.000 0.031 0.000  0.184 0.000
342.333333 343.333333    2.84 0.000  0.52 0.000 9.999 0.259000 9.99 0.259  0.012 0.000  0.448 0.000  0.626 0.000 999.99 0.259000   6.216 0.000   5.198 0.000   1.018 0.000 0.016 0.000  0.064 0.000
345.333333 346.333333    2.39 0.000 99.99 0.259 0.109 0.000000 0.09 0.000  0.015 0.000  0.501 0.000  0.701 0.000 999.99 0.259000   3.409 0.000   2.242 0.000   1.167 0.000 0.011 0.000  0.055 0.000
348.333333 349.333333    2.76 0.000  0.45 0.000 9.999 0.259000 0.14 0.000  0.234 0.000  0.877 0.000  1.227 0.000 999.99 0.259000   4.504 0.000   1.625 0.000   2.880 0.000 0.019 0.000  0.096 0.000
351.333333 352.333333    7.67 0.000  0.39 0.000 9.999 0.259000 9.99 0.259  0.026 0.000  0.403 0.000  0.565 0.000   5.42 0.000000   5.313 0.000   4.121 0.000   1.192 0.000 0.014 0.000  0.064 0.000
354.333333 355.333333    6.81 0.000  0.67 0.000 9.999 0.259000 0.22 0.000  0.220 0.000  0.894 0.000  1.252 0.000 999.99 0.259000   7.656 0.000   4.830 0.000   2.826 0.000 0.027 0.000  0.104 0.000
357.333333 358.333333   16.43 0.000  1.01 0.000 9.999 0.259000 9.99 0.259  0.787 0.000  0.844 0.000  1.181 0.000 999.99 0.259000   9.821 0.000   2.548 0.000   7.272 0.000 0.028 0.000  0.187 0.000
360.333333 361.333333   10.78 0.000  0.86 0.000 0.080 0.000000 9.99 0.259  0.113 0.000  0.620 0.000  0.869 0.000 999.99 0.259000   4.972 0.000   2.937 0.000   2.035 0.000 0.020 0.000  0.110 0.000
363.333333 364.333333 9999.99 0.999 99.99 0.999 9.999 0.999000 9.99 0.999 99.999 0.999 99.999 0.999 99.999 0.999 999.99 0.999000 999.999 0.999 999.999 0.999 999.999 0.999 9.999 0.999 99.999 0.999
