scripts/IMPROVE-2019_partial/data/US9007R.20060102050000.20191216000000.filterpack.pm10_mass.pm10.52w.3d.US03L_filterpack_US9007_2.US03L_IMPROVE_Davis.lev2.nas
50 1001
MISSING INFORMATION
US03L, IMPROVE, , , , , , , 
MISSING INFORMATION
IMPROVE sel_HTAP
1 1
2006 01 01 2019 12 16
3.000000
days from file reference point
3
1 1 1
999.999999 999.999 9.999
end_time of measurement, days from the file reference point
pm10_mass, ug/m3
numflag pm10_mass, no unit
0
33
Data definition:              EBAS_1.1
Set type code:                TU
Timezone:                     UTC
File name:                    US9007R.20060102050000.20191216000000.filterpack.pm10_mass.pm10.52w.3d.US03L_filterpack_US9007_2.US03L_IMPROVE_Davis.lev2.nas
File creation:                20191218120535
Startdate:                    20060102050000
Revision date:                20191216000000
Version:                      2
Version description:          "Data extracted from http://views.cira.colostate.edu/fed/DataWizard 2019-12-16"
Statistics:                   arithmetic mean
Data level:                   2
Period code:                  52w
Resolution code:              3d
Sample duration:              1d
Orig. time res.:              3d
Station code:                 US9007R
Platform code:                US9007S
Station name:                 Quabbin Summit
Station latitude:             42.2985
Station longitude:            -72.3346
Station altitude:             317.0 m
Regime:                       IMG
Component:                    pm10_mass
Unit:                         ug/m3
Matrix:                       pm10
Laboratory code:              US03L
Instrument type:              filterpack
Instrument name:              filterpack_US9007_2
Method ref:                   US03L_IMPROVE_Davis
Blank correction:             Blank corrected
Volume std. temperature:      ambient
Volume std. pressure:         ambient
starttime endtime PM10 flag_PM10
  1.208333   2.208333  12.595 0.000
  4.208333   5.208333   9.567 0.000
  7.208333   8.208333  13.183 0.000
 10.208333  11.208333   8.573 0.000
 13.208333  14.208333   2.370 0.000
 16.208333  17.208333   5.248 0.000
 19.208333  20.208333  14.315 0.000
 22.208333  23.208333   5.029 0.000
 25.208333  26.208333   3.845 0.000
 28.208333  29.208333  13.721 0.000
 31.208333  32.208333   4.252 0.000
 34.208333  35.208333   8.575 0.000
 37.208333  38.208333   3.528 0.000
 40.208333  41.208333   5.054 0.000
 43.208333  44.208333   6.747 0.000
 46.208333  47.208333  24.977 0.000
 49.208333  50.208333   5.093 0.000
 52.208333  53.208333  15.137 0.000
 55.208333  56.208333   5.290 0.000
 58.208333  59.208333   5.984 0.000
 61.208333  62.208333   9.400 0.000
 64.208333  65.208333   3.040 0.000
 67.208333  68.208333  14.134 0.000
 70.208333  71.208333  10.600 0.000
 73.208333  74.208333   4.785 0.000
 76.208333  77.208333   4.818 0.000
 79.208333  80.208333   5.798 0.000
 82.208333  83.208333   4.743 0.000
 85.208333  86.208333   4.171 0.000
 88.208333  89.208333  12.949 0.000
 91.208333  92.208333   3.465 0.000
 94.208333  95.208333 999.999 0.999
 97.208333  98.208333   6.351 0.000
100.208333 101.208333  10.494 0.000
103.208333 104.208333   8.180 0.000
106.208333 107.208333   2.300 0.000
109.208333 110.208333   8.056 0.000
112.208333 113.208333   5.281 0.000
115.208333 116.208333   5.253 0.000
118.208333 119.208333   4.743 0.000
121.208333 122.208333   3.139 0.000
124.208333 125.208333  12.791 0.000
127.208333 128.208333   8.523 0.000
130.208333 131.208333   4.945 0.000
133.208333 134.208333   0.826 0.000
136.208333 137.208333  13.366 0.000
139.208333 140.208333   5.994 0.000
142.208333 143.208333   4.386 0.000
145.208333 146.208333  20.121 0.000
148.208333 149.208333  22.019 0.000
151.208333 152.208333  23.808 0.000
154.208333 155.208333   2.591 0.000
157.208333 158.208333   5.363 0.000
160.208333 161.208333   4.200 0.000
163.208333 164.208333   7.388 0.000
166.208333 167.208333  11.218 0.000
169.208333 170.208333  44.458 0.000
172.208333 173.208333  28.805 0.000
175.208333 176.208333   8.906 0.000
178.208333 179.208333   8.919 0.000
181.208333 182.208333  20.396 0.000
184.208333 185.208333  23.923 0.000
187.208333 188.208333   6.422 0.000
190.208333 191.208333  22.963 0.000
193.208333 194.208333 999.999 0.999
196.208333 197.208333 999.999 0.999
199.208333 200.208333  10.750 0.000
202.208333 203.208333  18.680 0.000
205.208333 206.208333  19.529 0.000
208.208333 209.208333  18.431 0.000
211.208333 212.208333   8.836 0.000
214.208333 215.208333  18.653 0.000
217.208333 218.208333   6.747 0.000
220.208333 221.208333   7.982 0.000
223.208333 224.208333   3.614 0.000
226.208333 227.208333  14.662 0.000
229.208333 230.208333  24.811 0.000
232.208333 233.208333   7.604 0.000
235.208333 236.208333   8.011 0.000
238.208333 239.208333   5.372 0.000
241.208333 242.208333   7.305 0.000
244.208333 245.208333   9.445 0.000
247.208333 248.208333   7.819 0.000
250.208333 251.208333  14.971 0.000
253.208333 254.208333   5.213 0.000
256.208333 257.208333   6.596 0.000
259.208333 260.208333   9.800 0.000
262.208333 263.208333  10.333 0.000
265.208333 266.208333  16.634 0.000
268.208333 269.208333   6.375 0.000
271.208333 272.208333   5.744 0.000
274.208333 275.208333   6.756 0.000
277.208333 278.208333   4.795 0.000
280.208333 281.208333   5.694 0.000
283.208333 284.208333  10.671 0.000
286.208333 287.208333  10.461 0.000
289.208333 290.208333   7.944 0.000
292.208333 293.208333   8.313 0.000
295.208333 296.208333   7.078 0.000
298.208333 299.208333   1.602 0.000
301.208333 302.208333   3.530 0.000
304.208333 305.208333  15.408 0.000
307.208333 308.208333   4.098 0.000
310.208333 311.208333  13.464 0.000
313.208333 314.208333   6.069 0.000
316.208333 317.208333   1.479 0.000
319.208333 320.208333   5.903 0.000
322.208333 323.208333   3.135 0.000
325.208333 326.208333   6.581 0.000
328.208333 329.208333   8.763 0.000
331.208333 332.208333  13.279 0.000
334.208333 335.208333   7.794 0.000
337.208333 338.208333   5.697 0.000
340.208333 341.208333   9.859 0.000
343.208333 344.208333  10.047 0.000
346.208333 347.208333   8.930 0.000
349.208333 350.208333   3.239 0.000
352.208333 353.208333   2.295 0.000
355.208333 356.208333   5.057 0.000
358.208333 359.208333   5.836 0.000
361.208333 362.208333   6.835 0.000
364.208333 365.208333   3.468 0.000
