scripts/IMPROVE-2019_partial/data/US9037R.20100102070000.20191216000000.filterpack...52w.3d.US03L_filterpack_US9037.US03L_IMPROVE_Davis.lev2.nas
52 1001
MISSING INFORMATION
US03L, IMPROVE, , , , , , , 
MISSING INFORMATION
IMPROVE sel_HTAP
1 1
2010 01 01 2019 12 16
3.000000
days from file reference point
5
1 1 1 1 1
999.999999 999.999 9.999 999.999 9.999
end_time of measurement, days from the file reference point
pm10_mass, ug/m3, Matrix=pm10
numflag pm10_mass, no unit, Matrix=pm10
pm25_mass, ug/m3, Matrix=pm25
numflag pm25_mass, no unit, Matrix=pm25
0
33
Data definition:              EBAS_1.1
Set type code:                TU
Timezone:                     UTC
File name:                    US9037R.20100102070000.20191216000000.filterpack...52w.3d.US03L_filterpack_US9037.US03L_IMPROVE_Davis.lev2.nas
File creation:                20191218120751
Startdate:                    20100102070000
Revision date:                20191216000000
Version:                      2
Version description:          "Data extracted from http://views.cira.colostate.edu/fed/DataWizard 2019-12-16"
Statistics:                   arithmetic mean
Data level:                   2
Period code:                  52w
Resolution code:              3d
Sample duration:              1d
Orig. time res.:              3d
Station code:                 US9037R
Platform code:                US9037S
Station name:                 Sierra Ancha
Station latitude:             34.0908
Station longitude:            -110.9421
Station altitude:             1600.0 m
Regime:                       IMG
Component:                    
Unit:                         ug/m3
Matrix:                       
Laboratory code:              US03L
Instrument type:              filterpack
Instrument name:              filterpack_US9037
Method ref:                   US03L_IMPROVE_Davis
Blank correction:             Blank corrected
Volume std. temperature:      ambient
Volume std. pressure:         ambient
starttime endtime PM10 flag_PM10 PM2.5 flag_PM2.5
  1.291667   2.291667   3.033 0.000   2.587 0.000
  4.291667   5.291667   2.820 0.000   1.721 0.000
  7.291667   8.291667   2.336 0.000   1.421 0.000
 10.291667  11.291667   2.516 0.000   1.958 0.000
 13.291667  14.291667   3.633 0.000   2.423 0.000
 16.291667  17.291667   3.999 0.000   2.358 0.000
 19.291667  20.291667   4.431 0.000   3.441 0.000
 22.291667  23.291667 999.999 0.999 999.999 0.999
 25.291667  26.291667   2.381 0.000   2.095 0.000
 28.291667  29.291667   3.266 0.000   2.769 0.000
 31.291667  32.291667   3.139 0.000   2.271 0.000
 34.291667  35.291667   5.597 0.000   3.760 0.000
 37.291667  38.291667   1.643 0.000   1.091 0.000
 40.291667  41.291667 999.999 0.999 999.999 0.999
 43.291667  44.291667   3.545 0.000   1.919 0.000
 46.291667  47.291667   2.723 0.000   1.961 0.000
 49.291667  50.291667   8.204 0.000   3.411 0.000
 52.291667  53.291667   2.098 0.000   1.313 0.000
 55.291667  56.291667 999.999 0.999 999.999 0.999
 58.291667  59.291667 999.999 0.999 999.999 0.999
 61.291667  62.291667   3.654 0.000   2.575 0.000
 64.291667  65.291667   4.475 0.000   2.441 0.000
 67.291667  68.291667   3.111 0.000   1.835 0.000
 70.291667  71.291667   4.882 0.000   3.257 0.000
 73.291667  74.291667 999.999 0.999 999.999 0.999
 76.291667  77.291667 999.999 0.999 999.999 0.999
 79.291667  80.291667 999.999 0.999 999.999 0.999
 82.291667  83.291667   4.184 0.000   2.531 0.000
 85.291667  86.291667   5.553 0.000   1.779 0.000
 88.291667  89.291667   7.088 0.000   3.735 0.000
 91.291667  92.291667   6.262 0.000   2.437 0.000
 94.291667  95.291667  11.953 0.000   6.367 0.000
 97.291667  98.291667   8.117 0.000   3.011 0.000
100.291667 101.291667   9.352 0.000   3.476 0.000
103.291667 104.291667 999.999 0.999 999.999 0.999
106.291667 107.291667  11.183 0.000   4.751 0.000
109.291667 110.291667   9.165 0.000   4.140 0.000
112.291667 113.291667   3.984 0.000   1.982 0.000
115.291667 116.291667   7.844 0.000   3.980 0.000
118.291667 119.291667  13.278 0.000   4.048 0.000
121.291667 122.291667  10.574 0.000   2.725 0.000
124.291667 125.291667   9.134 0.000   3.663 0.000
127.291667 128.291667   9.438 0.000   4.076 0.000
130.291667 131.291667   9.939 0.000   3.803 0.000
133.291667 134.291667   6.617 0.000   3.587 0.000
136.291667 137.291667  11.552 0.000   5.635 0.000
139.291667 140.291667   8.014 0.000   3.564 0.000
142.291667 143.291667  19.994 0.000   7.605 0.000
145.291667 146.291667 999.999 0.999 999.999 0.999
148.291667 149.291667   4.803 0.000   2.394 0.000
151.291667 152.291667   7.360 0.000   2.727 0.000
154.291667 155.291667 999.999 0.999 999.999 0.999
157.291667 158.291667 999.999 0.999 999.999 0.999
160.291667 161.291667  10.788 0.000   4.016 0.000
163.291667 164.291667   9.470 0.000   3.798 0.000
166.291667 167.291667 999.999 0.999 999.999 0.999
169.291667 170.291667   6.635 0.000   2.810 0.000
172.291667 173.291667   5.900 0.000   2.532 0.000
175.291667 176.291667   8.131 0.000   3.674 0.000
178.291667 179.291667   5.229 0.000   2.822 0.000
181.291667 182.291667   5.952 0.000   2.708 0.000
184.291667 185.291667  14.298 0.000   5.508 0.000
187.291667 188.291667   8.677 0.000   3.356 0.000
190.291667 191.291667   6.113 0.000   3.940 0.000
193.291667 194.291667  10.436 0.000   4.641 0.000
196.291667 197.291667 999.999 0.999 999.999 0.999
199.291667 200.291667 999.999 0.999 999.999 0.999
202.291667 203.291667   5.984 0.000   3.554 0.000
205.291667 206.291667   4.065 0.000   2.290 0.000
208.291667 209.291667 999.999 0.999 999.999 0.999
211.291667 212.291667   6.590 0.000   3.712 0.000
214.291667 215.291667   6.805 0.000   3.393 0.000
217.291667 218.291667   5.007 0.000   2.767 0.000
220.291667 221.291667   6.817 0.000   3.939 0.000
223.291667 224.291667   7.958 0.000   4.020 0.000
226.291667 227.291667   7.702 0.000   4.304 0.000
229.291667 230.291667   6.995 0.000   3.048 0.000
232.291667 233.291667   8.066 0.000   4.310 0.000
235.291667 236.291667   3.031 0.000   1.696 0.000
238.291667 239.291667   5.235 0.000   2.870 0.000
241.291667 242.291667   7.586 0.000   3.651 0.000
244.291667 245.291667 999.999 0.999 999.999 0.999
247.291667 248.291667 999.999 0.999 999.999 0.999
250.291667 251.291667   8.386 0.000   3.007 0.000
253.291667 254.291667   6.530 0.000   2.478 0.000
256.291667 257.291667   6.242 0.000   2.474 0.000
259.291667 260.291667   6.005 0.000   2.382 0.000
262.291667 263.291667   5.946 0.000   2.322 0.000
265.291667 266.291667   9.078 0.000   3.126 0.000
268.291667 269.291667   6.170 0.000   2.959 0.000
271.291667 272.291667   5.232 0.000   2.458 0.000
274.291667 275.291667   7.672 0.000   3.285 0.000
277.291667 278.291667   3.386 0.000   2.269 0.000
280.291667 281.291667   3.985 0.000   2.266 0.000
283.291667 284.291667   4.137 0.000   2.607 0.000
286.291667 287.291667  10.584 0.000   4.918 0.000
289.291667 290.291667   9.950 0.000   4.566 0.000
292.291667 293.291667 999.999 0.999 999.999 0.999
295.291667 296.291667 999.999 0.456   3.216 0.000
298.291667 299.291667 999.999 0.456   2.341 0.000
301.291667 302.291667  10.392 0.000   3.233 0.000
304.291667 305.291667   3.175 0.000   1.341 0.000
307.291667 308.291667 999.999 0.999 999.999 0.999
310.291667 311.291667   9.549 0.000   3.721 0.000
313.291667 314.291667   2.376 0.000 999.999 0.999
316.291667 317.291667   4.616 0.000   2.884 0.000
319.291667 320.291667   4.485 0.000   1.725 0.000
322.291667 323.291667  12.612 0.000   7.026 0.000
325.291667 326.291667   5.393 0.000   1.851 0.000
328.291667 329.291667   1.975 0.000   1.313 0.000
331.291667 332.291667   4.094 0.000   1.725 0.000
334.291667 335.291667   2.399 0.000   1.751 0.000
337.291667 338.291667   7.212 0.000   3.097 0.000
340.291667 341.291667  19.223 0.000  16.750 0.000
343.291667 344.291667  10.239 0.000   7.309 0.000
346.291667 347.291667   3.386 0.000   2.127 0.000
349.291667 350.291667   3.271 0.000   1.639 0.000
352.291667 353.291667   2.853 0.000   1.950 0.000
355.291667 356.291667 999.999 0.999 999.999 0.999
358.291667 359.291667 999.999 0.999 999.999 0.999
361.291667 362.291667 999.999 0.999 999.999 0.999
364.291667 365.291667 999.999 0.999 999.999 0.999
