scripts/IMPROVE-2019_partial/data/US9006R.20050101050000.20191216000000.filterpack..pm25.52w.1w.US03L_filterpack_US9006.US03L_IMPROVE_Davis.lev2.nas
64 1001
MISSING INFORMATION
US03L, IMPROVE, , , , , , , 
MISSING INFORMATION
IMPROVE sel_HTAP
1 1
2005 01 01 2019 12 16
3.000000
days from file reference point
25
1 1 1 1 1 1 1 1 1 1 1 1 1 1 1 1 1 1 1 1 1 1 1 1 1
999.999999 9999.99 9.999 99.99 9.999 9.999 9.999999 99.99 9.999999 9.999 9.999 99.999 9.999 99.999 9.999 999.999 9.999 999.999 9.999999 999.999 9.999 9.999 9.999 99.999 9.999
end_time of measurement, days from the file reference point
iron, ng/m3, Revision date=20181210133000
numflag iron, no unit, Revision date=20181210133000
lead, ng/m3, Revision date=20181210133000
numflag lead, no unit, Revision date=20181210133000
magnesium, ug/m3, Revision date=20181210133000
numflag magnesium, no unit, Revision date=20181210133000
nickel, ng/m3, Revision date=20181210133000
numflag nickel, no unit, Revision date=20181210133000
nitrate, ug N/m3, Revision date=20181210133000
numflag nitrate, no unit, Revision date=20181210133000
organic_carbon, ug C/m3, Revision date=20181210133000
numflag organic_carbon, no unit, Revision date=20181210133000
organic_mass, ug/m3, Revision date=20181210133000
numflag organic_mass, no unit, Revision date=20181210133000
pm10_mass, ug/m3, Version=2, Version description=Data extracted from http://views.cira.colostate.edu/fed/DataWizard 2019-12-16, Sample duration=1d, Orig. time res.=3d, Matrix=pm10, Blank correction=Blank corrected, Volume std. temperature=ambient, Volume std. pressure=ambient
numflag pm10_mass, no unit, Version=2, Version description=Data extracted from http://views.cira.colostate.edu/fed/DataWizard 2019-12-16, Sample duration=1d, Orig. time res.=3d, Matrix=pm10, Blank correction=Blank corrected, Volume std. temperature=ambient, Volume std. pressure=ambient
pm10_pm25_mass, ug/m3, Revision date=20181210133000, Matrix=pm10_pm25
numflag pm10_pm25_mass, no unit, Revision date=20181210133000, Matrix=pm10_pm25
pm25_mass, ug/m3, Version=2, Version description=Data extracted from http://views.cira.colostate.edu/fed/DataWizard 2019-12-16, Sample duration=1d, Orig. time res.=3d, Blank correction=Blank corrected, Volume std. temperature=ambient, Volume std. pressure=ambient
numflag pm25_mass, no unit, Version=2, Version description=Data extracted from http://views.cira.colostate.edu/fed/DataWizard 2019-12-16, Sample duration=1d, Orig. time res.=3d, Blank correction=Blank corrected, Volume std. temperature=ambient, Volume std. pressure=ambient
potassium, ug/m3, Revision date=20181210133000
numflag potassium, no unit, Revision date=20181210133000
sulphate_total, ug S/m3, Revision date=20181210133000
numflag sulphate_total, no unit, Revision date=20181210133000
0
25
Data definition:              EBAS_1.1
Set type code:                TU
Timezone:                     UTC
File name:                    US9006R.20050101050000.20191216000000.filterpack..pm25.52w.1w.US03L_filterpack_US9006.US03L_IMPROVE_Davis.lev2.nas
File creation:                20191218120529
Startdate:                    20050101050000
Revision date:                20191216000000
Statistics:                   arithmetic mean
Data level:                   2
Period code:                  52w
Resolution code:              1w
Station code:                 US9006R
Platform code:                US9006S
Station name:                 Martha's Vineyard
Station latitude:             41.3309
Station longitude:            -70.7846
Station altitude:             2.0 m
Regime:                       IMG
Component:                    
Matrix:                       pm25
Laboratory code:              US03L
Instrument type:              filterpack
Instrument name:              filterpack_US9006
Method ref:                   US03L_IMPROVE_Davis
starttime endtime Fe flag_Fe Pb flag_Pb Mg++ flag_Mg++ Ni flag_Ni NO3- flag_NO3- OC flag_OC OM flag_OM PM10 flag_PM10 PM10-PM2.5 flag_PM10-PM2.5 PM2.5 flag_PM2.5 K+ flag_K+ SO4-- flag_SO4--
  0.208333   1.208333   24.66 0.000  3.37 0.000 9.999 0.259000  1.29 0.000000 0.441 0.000  1.630 0.000  2.935 0.000  19.101 0.000   8.067 0.000000  11.032 0.000 0.107 0.000  1.251 0.000
  3.208333   4.208333    6.24 0.000  1.16 0.000 9.999 0.259000  0.83 0.000000 0.096 0.000  0.694 0.000  1.248 0.000   6.000 0.000   2.101 0.000000   3.930 0.000 0.021 0.000  0.518 0.000
  6.208333   7.208333   11.69 0.000  1.19 0.000 9.999 0.259000  1.05 0.000000 0.121 0.000  0.683 0.000  1.229 0.000   6.852 0.000   2.688 0.000000   4.164 0.000 0.020 0.000  0.617 0.000
  9.208333  10.208333   15.95 0.000  1.94 0.000 0.029 0.000000  1.56 0.000000 0.139 0.000  0.877 0.000  1.578 0.000  12.847 0.000   3.320 0.000000   9.525 0.000 0.034 0.000  1.797 0.000
 12.208333  13.208333   67.74 0.000  1.02 0.000 9.999 0.259000  1.44 0.000000 0.151 0.000  0.835 0.000  1.503 0.000   9.740 0.000   2.132 0.000000   7.606 0.000 0.055 0.000  1.018 0.000
 15.208333  16.208333   12.15 0.000  1.97 0.000 0.018 0.000000  0.84 0.000000 0.142 0.000  0.903 0.000  1.626 0.000   9.566 0.000   4.593 0.000000   4.972 0.000 0.036 0.000  0.484 0.000
 18.208333  19.208333 9999.99 0.999 99.99 0.999 9.999 0.999000 99.99 0.999000 9.999 0.999  0.558 0.000  1.005 0.000   6.390 0.000 999.999 0.999000 999.999 0.999 9.999 0.999 99.999 0.999
 21.208333  22.208333 9999.99 0.999 99.99 0.999 9.999 0.999000 99.99 0.999000 9.999 0.999  0.517 0.000  0.930 0.000   6.452 0.000 999.999 0.999000 999.999 0.999 9.999 0.999 99.999 0.999
 24.208333  25.208333 9999.99 0.999 99.99 0.999 9.999 0.999000 99.99 0.999000 9.999 0.999  0.992 0.000  1.786 0.000   9.143 0.000 999.999 0.999000 999.999 0.999 9.999 0.999 99.999 0.999
 27.208333  28.208333   15.81 0.000  1.13 0.000 9.999 0.259000  1.69 0.000000 0.133 0.000  0.651 0.000  1.173 0.000   6.859 0.000   3.320 0.000000   3.538 0.000 0.027 0.000  0.318 0.000
 30.208333  31.208333   16.21 0.000  0.99 0.000 0.025 0.000000  0.33 0.000000 0.077 0.000  0.560 0.000  1.008 0.000   8.716 0.000   4.390 0.000000   4.326 0.000 0.029 0.000  0.511 0.000
 33.208333  34.208333    6.50 0.000  0.77 0.000 0.051 0.000000  0.76 0.000000 0.120 0.000  0.579 0.000  1.043 0.000   7.793 0.000   3.261 0.000000   4.532 0.000 0.037 0.000  0.337 0.000
 36.208333  37.208333 9999.99 0.999 99.99 0.999 9.999 0.999000 99.99 0.999000 9.999 0.999 99.999 0.999 99.999 0.999 999.999 0.999 999.999 0.999000 999.999 0.999 9.999 0.999 99.999 0.999
 39.208333  40.208333   76.90 0.000  4.73 0.000 9.999 0.259000  6.97 0.000000 0.448 0.000  2.500 0.000  4.501 0.000  18.439 0.000   5.070 0.000000  13.366 0.000 0.065 0.000  1.219 0.000
 42.208333  43.208333   25.29 0.000  2.00 0.000 0.042 0.000000  0.76 0.000000 0.305 0.000  0.712 0.000  1.281 0.000  15.568 0.000   7.710 0.000000   7.856 0.000 0.039 0.000  0.918 0.000
 45.208333  46.208333   18.06 0.394  1.10 0.394 0.179 0.394000  1.31 0.394000 0.311 0.394  0.605 0.000  1.090 0.000  20.498 0.000   9.993 0.000000  10.723 0.000 0.076 0.394  0.774 0.394
 48.208333  49.208333   20.87 0.000  1.46 0.000 9.999 0.259000  0.47 0.000000 0.127 0.000  0.548 0.000  0.987 0.000   8.241 0.000   3.795 0.000000   4.446 0.000 0.025 0.000  0.528 0.000
 51.208333  52.208333    3.87 0.000  0.75 0.000 0.092 0.000000  0.31 0.000000 0.035 0.000  0.177 0.000  0.319 0.000   6.076 0.000   2.569 0.000000   3.505 0.000 0.029 0.000  0.187 0.000
 54.208333  55.208333   13.63 0.000  1.18 0.000 0.012 0.000000  0.96 0.000000 0.074 0.000  0.507 0.000  0.913 0.000   6.411 0.000   2.765 0.000000   3.645 0.000 0.032 0.000  0.378 0.000
 57.208333  58.208333   20.45 0.000  1.58 0.000 9.999 0.259000  0.69 0.000000 0.109 0.000  0.892 0.000  1.605 0.000   9.307 0.000   3.944 0.000000   5.363 0.000 0.035 0.000  0.569 0.000
 60.208333  61.208333   12.54 0.000  0.72 0.000 9.999 0.259000  0.23 0.000000 0.082 0.000  0.534 0.000  0.962 0.000   7.509 0.000   3.329 0.000000   4.180 0.000 0.026 0.000  0.575 0.000
 63.208333  64.208333   22.60 0.000  1.34 0.000 9.999 0.259000  0.36 0.000000 0.122 0.000  0.732 0.000  1.318 0.000 999.999 0.456   4.034 0.000000   4.592 0.000 0.030 0.000  0.520 0.000
 66.208333  67.208333   65.30 0.394  0.76 0.394 0.143 0.394000  0.08 0.394000 0.258 0.394  3.023 0.000  5.442 0.000  26.623 0.000  11.107 0.000000  15.661 0.000 0.132 0.394  1.076 0.394
 69.208333  70.208333   22.66 0.000  1.27 0.000 0.062 0.000000  0.84 0.000000 0.206 0.000  0.766 0.000  1.379 0.000  14.134 0.000   6.443 0.000000   7.688 0.000 0.044 0.000  0.846 0.000
 72.208333  73.208333   19.56 0.000  1.18 0.000 9.999 0.259000  0.37 0.000000 0.051 0.000  0.822 0.000  1.479 0.000   9.787 0.000   3.922 0.000000   5.864 0.000 0.026 0.000  0.938 0.000
 75.208333  76.208333   25.28 0.000  1.82 0.000 9.999 0.259000  1.00 0.000000 0.085 0.000  0.737 0.000  1.326 0.000   9.024 0.000   4.167 0.000000   4.856 0.000 0.034 0.000  0.656 0.000
 78.208333  79.208333   26.06 0.000  1.96 0.000 9.999 0.259000  1.54 0.000000 0.126 0.000  1.203 0.000  2.165 0.000   8.593 0.000   3.133 0.000000   5.459 0.000 0.031 0.000  0.538 0.000
 81.208333  82.208333   19.74 0.000  1.71 0.000 0.035 0.000000  1.23 0.000000 0.259 0.000  0.742 0.000  1.335 0.000  11.181 0.000   5.120 0.000000   6.059 0.000 0.037 0.000  0.708 0.000
 84.208333  85.208333   22.94 0.000  1.77 0.000 9.999 0.259000 99.99 0.259000 0.076 0.000  0.445 0.000  0.801 0.000  11.296 0.000   6.312 0.000000   4.984 0.000 0.051 0.000  0.689 0.000
 87.208333  88.208333    2.60 0.000  0.39 0.000 0.037 0.000000 99.99 0.259000 0.042 0.000  0.269 0.000  0.484 0.000   3.643 0.000   1.515 0.000000   2.150 0.000 0.016 0.000  0.271 0.000
 90.208333  91.208333   14.99 0.000  1.88 0.000 0.035 0.000000  0.58 0.000000 0.155 0.000  0.396 0.000  0.713 0.000   8.210 0.000   3.522 0.000000   4.687 0.000 0.041 0.000  0.587 0.000
 93.208333  94.208333    9.48 0.000  0.45 0.000 0.084 0.000000  0.52 0.000000 0.170 0.000  0.282 0.000  0.508 0.000  11.874 0.000   7.297 0.000000   4.577 0.000 0.031 0.000  0.346 0.000
 96.208333  97.208333   23.53 0.000  1.57 0.000 0.073 0.000000  1.32 0.000000 0.351 0.000  1.499 0.000  2.698 0.000  21.759 0.000   7.537 0.000000  14.219 0.000 0.142 0.000  1.733 0.000
 99.208333 100.208333   26.22 0.000  1.54 0.000 9.999 0.259000  1.17 0.000000 0.049 0.000  0.794 0.000  1.428 0.000   6.280 0.000   2.349 0.000000   3.929 0.000 0.028 0.000  0.505 0.000
102.208333 103.208333   11.01 0.000  1.07 0.000 9.999 0.259000  0.54 0.000000 0.031 0.000  0.341 0.000  0.613 0.000   4.362 0.000   2.166 0.000000   2.195 0.000 0.018 0.000  0.280 0.000
105.208333 106.208333    9.59 0.000  0.97 0.000 0.025 0.000000  0.29 0.000000 0.042 0.000  0.347 0.000  0.625 0.000   8.355 0.000   5.446 0.000000   2.909 0.000 0.026 0.000  0.245 0.000
108.208333 109.208333   66.40 0.000  3.18 0.000 9.999 0.259000  2.78 0.000000 0.219 0.000  1.912 0.000  3.442 0.000  21.476 0.000   9.289 0.000000  12.229 0.000 0.060 0.000  1.564 0.000
111.208333 112.208333   24.45 0.000  0.90 0.000 0.028 0.000000  0.72 0.000000 0.138 0.000  0.646 0.000  1.162 0.000  12.306 0.000   8.079 0.000000   4.225 0.000 0.032 0.000  0.384 0.000
114.208333 115.208333   12.32 0.000  0.94 0.000 0.070 0.000000  0.45 0.000000 0.220 0.000  0.582 0.000  1.048 0.000  16.320 0.000   9.245 0.000000   7.074 0.000 0.036 0.000  0.876 0.000
117.208333 118.208333   21.55 0.000  1.50 0.000 0.032 0.000000  0.69 0.000000 0.140 0.000  0.502 0.000  0.904 0.000  10.564 0.000   4.797 0.000000   5.766 0.000 0.032 0.000  0.821 0.000
120.208333 121.208333    9.98 0.000  1.58 0.000 0.067 0.000000  1.11 0.000000 0.092 0.000  0.651 0.000  1.171 0.000  10.604 0.000   3.329 0.000000   7.274 0.000 0.041 0.000  1.108 0.000
123.208333 124.208333   48.14 0.000  3.01 0.000 9.999 0.259000  2.70 0.000000 0.207 0.000  1.045 0.000  1.881 0.000  12.932 0.000   3.974 0.000000   8.956 0.000 0.029 0.000  1.311 0.000
126.208333 127.208333    3.91 0.000  0.41 0.000 0.135 0.000000  0.35 0.000000 0.018 0.000  0.128 0.000  0.230 0.000  16.079 0.000  11.453 0.000000   4.750 0.000 0.038 0.000  0.311 0.000
129.208333 130.208333   11.81 0.000  0.70 0.000 9.999 0.259000  0.26 0.000000 0.089 0.000  0.383 0.000  0.690 0.000   6.019 0.000   2.541 0.000000   3.515 0.000 0.021 0.000  0.478 0.000
132.208333 133.208333   55.78 0.000  1.15 0.000 9.999 0.259000  0.67 0.000000 0.127 0.000  0.547 0.000  0.984 0.000  17.350 0.000  13.438 0.000000   3.912 0.000 0.038 0.000  0.292 0.000
135.208333 136.208333   10.35 0.000  0.80 0.000 9.999 0.259000  0.41 0.000000 0.058 0.000  0.371 0.000  0.668 0.000   6.356 0.000   2.112 0.000000   4.243 0.000 0.017 0.000  0.621 0.000
138.208333 139.208333   24.08 0.000  1.50 0.000 9.999 0.259000  1.04 0.000000 0.052 0.000  0.734 0.000  1.321 0.000   9.864 0.000   2.676 0.000000   7.186 0.000 0.016 0.000  1.277 0.000
141.208333 142.208333    5.00 0.000  0.53 0.000 0.031 0.000000  0.86 0.000000 0.047 0.000  0.447 0.000  0.804 0.000   4.833 0.000   2.553 0.000000   2.280 0.000 0.013 0.000  0.214 0.000
144.208333 145.208333    0.90 0.000  0.15 0.000 0.117 0.000000 99.99 0.259000 0.012 0.000  0.079 0.000  0.143 0.000   9.166 0.000   6.009 0.000000   3.156 0.000 0.025 0.000  0.158 0.000
147.208333 148.208333   38.70 0.000  2.51 0.000 9.999 0.259000  1.52 0.000000 0.184 0.000  1.674 0.000  3.014 0.000  13.221 0.000   3.880 0.000000   9.339 0.000 0.031 0.000  1.205 0.000
150.208333 151.208333   14.56 0.000  1.91 0.000 9.999 0.259000  0.74 0.000000 0.084 0.000  1.216 0.000  2.189 0.000  10.503 0.000   2.664 0.000000   7.928 0.000 0.027 0.000  1.334 0.000
153.208333 154.208333   25.75 0.000  0.53 0.000 9.999 0.259000  0.54 0.000000 0.035 0.000  0.269 0.000  0.484 0.000  10.068 0.000   6.354 0.000000   3.713 0.000 0.012 0.000  0.591 0.000
156.208333 157.208333   22.57 0.000  2.43 0.000 0.016 0.000000  2.16 0.000000 0.102 0.000  1.384 0.000  2.491 0.000  19.019 0.000   1.573 0.000000  17.442 0.000 0.030 0.000  3.142 0.000
159.208333 160.208333   72.09 0.000  1.16 0.000 9.999 0.259000  2.86 0.000000 0.060 0.000  1.375 0.000  2.476 0.000  25.120 0.000  10.259 0.000000  14.859 0.000 0.031 0.000  2.384 0.000
162.208333 163.208333   18.59 0.000  0.33 0.000 0.084 0.000000  1.93 0.000000 0.191 0.000  0.810 0.000  1.459 0.000  15.462 0.000   5.889 0.000000   9.572 0.000 0.065 0.000  1.108 0.000
165.208333 166.208333    8.84 0.000  0.76 0.000 0.056 0.000000  0.23 0.000000 0.108 0.000  0.265 0.000  0.478 0.000   8.393 0.000   3.863 0.000000   4.532 0.000 0.027 0.000  0.397 0.000
168.208333 169.208333 9999.99 0.999 99.99 0.999 9.999 0.999000 99.99 0.999000 9.999 0.999 99.999 0.999 99.999 0.999 999.999 0.999 999.999 0.999000 999.999 0.999 9.999 0.999 99.999 0.999
171.208333 172.208333 9999.99 0.999 99.99 0.999 9.999 0.999000 99.99 0.999000 9.999 0.999 99.999 0.999 99.999 0.999 999.999 0.999 999.999 0.999000 999.999 0.999 9.999 0.999 99.999 0.999
174.208333 175.208333 9999.99 0.999 99.99 0.999 9.999 0.999000 99.99 0.999000 9.999 0.999 99.999 0.999 99.999 0.999 999.999 0.999 999.999 0.999000 999.999 0.999 9.999 0.999 99.999 0.999
177.208333 178.208333 9999.99 0.999 99.99 0.999 9.999 0.999000 99.99 0.999000 9.999 0.999 99.999 0.999 99.999 0.999 999.999 0.999 999.999 0.999000 999.999 0.999 9.999 0.999 99.999 0.999
180.208333 181.208333 9999.99 0.999 99.99 0.999 9.999 0.999000 99.99 0.999000 9.999 0.999 99.999 0.999 99.999 0.999 999.999 0.999 999.999 0.999000 999.999 0.999 9.999 0.999 99.999 0.999
183.208333 184.208333   14.50 0.000  1.26 0.000 0.009 0.000000  0.28 0.000000 0.022 0.000  1.025 0.000  1.844 0.000   9.720 0.000   4.843 0.000000   4.876 0.000 0.057 0.000  0.193 0.000
186.208333 187.208333   20.68 0.000  0.99 0.000 9.999 0.259000  0.98 0.000000 0.059 0.000  0.357 0.000  0.642 0.000  13.037 0.000   1.768 0.000000  11.267 0.000 0.036 0.000  2.249 0.000
189.208333 190.208333   18.26 0.000  1.61 0.000 0.048 0.000000  1.05 0.000000 0.147 0.000  0.611 0.000  1.099 0.000  11.189 0.000   4.568 0.000000   6.620 0.000 0.041 0.000  0.819 0.000
192.208333 193.208333   24.81 0.394  1.22 0.394 9.999 0.394259  0.35 0.394000 0.080 0.394  2.657 0.000  4.782 0.000  14.862 0.000   4.882 0.000000  10.078 0.000 0.060 0.394  0.842 0.394
195.208333 196.208333   56.29 0.000  0.34 0.000 9.999 0.259000  1.00 0.000000 0.044 0.000  1.064 0.000  1.915 0.000  13.161 0.000   6.991 0.000000   6.168 0.000 0.044 0.000  0.590 0.000
198.208333 199.208333   20.61 0.000  0.44 0.000 9.999 0.259000  1.82 0.000000 0.019 0.000  0.293 0.000  0.528 0.000  11.954 0.000   2.076 0.000000   9.876 0.000 0.019 0.000  1.885 0.000
201.208333 202.208333   62.33 0.000  1.87 0.000 9.999 0.259000  1.35 0.000000 0.054 0.000  2.349 0.000  4.228 0.000  17.329 0.000   5.915 0.000000  11.411 0.000 0.039 0.000  1.072 0.000
204.208333 205.208333   18.08 0.000  1.57 0.000 9.999 0.259000  0.72 0.000000 0.027 0.000  2.199 0.000  3.959 0.000  12.018 0.000   5.380 0.000000   6.648 0.000 0.035 0.000  0.333 0.000
207.208333 208.208333   29.76 0.559  1.41 0.559 0.029 0.559000  1.40 0.559000 0.065 0.000  1.090 0.000  1.961 0.000  30.209 0.000 999.999 0.559259  30.686 0.659 0.042 0.559  5.522 0.000
210.208333 211.208333   36.97 0.000  1.29 0.000 9.999 0.259000  2.29 0.000000 0.110 0.000  0.788 0.000  1.418 0.000  15.295 0.000   3.415 0.000000  11.878 0.000 0.030 0.000  1.719 0.000
213.208333 214.208333  103.94 0.000  2.82 0.000 9.999 0.259000  3.01 0.000000 0.143 0.000  1.676 0.000  3.017 0.000  32.186 0.000  10.155 0.000000  22.189 0.000 0.052 0.000  3.538 0.000
216.208333 217.208333   88.24 0.000  2.77 0.000 0.024 0.000000  3.56 0.000000 0.138 0.000  1.542 0.000  2.775 0.000  39.064 0.000   7.677 0.000000  31.382 0.000 0.069 0.000  5.478 0.000
219.208333 220.208333   44.89 0.000  1.52 0.000 9.999 0.259000  0.81 0.000000 0.037 0.000  1.067 0.000  1.921 0.000  12.935 0.000   6.755 0.000000   6.178 0.000 0.028 0.000  0.527 0.000
222.208333 223.208333   93.53 0.559  2.68 0.559 9.999 0.559259  2.41 0.559000 0.127 0.000  1.455 0.000  2.619 0.000  28.790 0.000   8.189 0.559000  20.598 0.659 0.048 0.559  3.401 0.000
225.208333 226.208333   23.71 0.559  1.16 0.559 0.111 0.559000  1.76 0.559000 0.174 0.000  0.456 0.000  0.820 0.000  20.433 0.000   6.464 0.559000  13.967 0.659 0.065 0.559  2.606 0.000
228.208333 229.208333   82.05 0.559  1.53 0.559 9.999 0.559259  0.96 0.559000 0.079 0.000  1.468 0.000  2.643 0.000  16.785 0.000   7.883 0.559000   8.899 0.659 0.036 0.559  0.948 0.000
231.208333 232.208333   20.55 0.559  0.71 0.559 0.018 0.559000  0.46 0.559000 0.050 0.000  0.272 0.000  0.489 0.000   8.344 0.000   4.341 0.559000   4.002 0.659 0.023 0.559  0.439 0.000
234.208333 235.208333   55.30 0.559  1.21 0.559 9.999 0.559259  0.98 0.559000 0.035 0.000  0.782 0.000  1.407 0.000   9.751 0.000   4.805 0.559000   5.017 0.659 0.021 0.559  0.557 0.000
237.208333 238.208333   43.57 0.559  1.61 0.559 9.999 0.559259  1.65 0.559000 0.071 0.000  1.274 0.000  2.293 0.000  11.401 0.000   4.210 0.559000   7.189 0.659 0.026 0.559  0.722 0.000
240.208333 241.208333    6.67 0.559  0.14 0.559 0.128 0.559000  0.63 0.559000 0.080 0.000  0.202 0.000  0.364 0.000  11.396 0.000   6.358 0.559000   5.037 0.659 0.035 0.559  0.412 0.000
243.208333 244.208333   23.08 0.559  1.79 0.559 0.035 0.559000  0.85 0.559000 0.112 0.000  1.257 0.000  2.262 0.000  16.125 0.000   7.022 0.559000   9.178 0.659 0.052 0.559  1.161 0.000
246.208333 247.208333   23.88 0.559  4.43 0.559 0.008 0.559000  1.18 0.559000 0.033 0.000  2.142 0.000  3.855 0.000  10.970 0.000   3.621 0.559000   7.348 0.659 0.052 0.559  0.644 0.000
249.208333 250.208333   25.83 0.559  0.81 0.559 9.999 0.559259 99.99 0.559259 0.056 0.000  0.621 0.000  1.117 0.000  10.070 0.000   6.369 0.559000   3.701 0.659 0.022 0.559  0.221 0.000
252.208333 253.208333   52.81 0.559  2.44 0.559 9.999 0.559259  0.62 0.559000 0.045 0.000  0.786 0.000  1.415 0.000  10.423 0.000   5.855 0.559000   4.567 0.659 0.027 0.559  0.399 0.000
255.208333 256.208333  112.00 0.559  4.39 0.559 9.999 0.559259  2.63 0.559000 0.166 0.000  2.256 0.000  4.061 0.000  32.069 0.000   6.955 0.559000  25.138 0.659 0.071 0.559  3.854 0.000
