scripts/IMPROVE-2019_partial/data/US9041R.20150103080000.20191216000000.filterpack...1y.3d.US03L_filterpack_US9041.US03L_IMPROVE_Davis.lev2.nas
51 1001
MISSING INFORMATION
US03L, IMPROVE, , , , , , , 
MISSING INFORMATION
IMPROVE sel_HTAP
1 1
2015 01 01 2019 12 16
3.000000
days from file reference point
4
1 1 1 1
999.999999 999.999 999.999 9.999
end_time of measurement, days from the file reference point
pm10_mass, ug/m3, Matrix=pm10
pm25_mass, ug/m3, Matrix=pm25
numflag, no unit
0
33
Data definition:              EBAS_1.1
Set type code:                TU
Timezone:                     UTC
File name:                    US9041R.20150103080000.20191216000000.filterpack...1y.3d.US03L_filterpack_US9041.US03L_IMPROVE_Davis.lev2.nas
File creation:                20191218120808
Startdate:                    20150103080000
Revision date:                20191216000000
Version:                      2
Version description:          "Data extracted from http://views.cira.colostate.edu/fed/DataWizard 2019-12-16"
Statistics:                   arithmetic mean
Data level:                   2
Period code:                  1y
Resolution code:              3d
Sample duration:              1d
Orig. time res.:              3d
Station code:                 US9041R
Platform code:                US9041S
Station name:                 San Gabriel
Station latitude:             34.2969
Station longitude:            -118.0282
Station altitude:             1791.0 m
Regime:                       IMG
Component:                    
Unit:                         ug/m3
Matrix:                       
Laboratory code:              US03L
Instrument type:              filterpack
Instrument name:              filterpack_US9041
Method ref:                   US03L_IMPROVE_Davis
Blank correction:             Blank corrected
Volume std. temperature:      ambient
Volume std. pressure:         ambient
starttime endtime PM10 PM2.5 flag
  2.333333   3.333333   4.992   1.271 0.000
  5.333333   6.333333   1.775   0.383 0.000
  8.333333   9.333333 999.999 999.999 0.999
 11.333333  12.333333 999.999 999.999 0.999
 14.333333  15.333333   0.985   0.527 0.000
 17.333333  18.333333   1.105   0.381 0.000
 20.333333  21.333333   2.724   0.681 0.000
 23.333333  24.333333   3.043   0.474 0.000
 26.333333  27.333333   2.765   1.422 0.000
 29.333333  30.333333   1.362   0.928 0.000
 32.333333  33.333333   2.686   1.061 0.000
 35.333333  36.333333   2.650   1.057 0.000
 38.333333  39.333333   4.145   2.936 0.000
 41.333333  42.333333   2.010   0.411 0.000
 44.333333  45.333333   6.050   2.058 0.000
 47.333333  48.333333   5.540   2.699 0.000
 50.333333  51.333333   3.758   2.094 0.000
 53.333333  54.333333   1.954   0.567 0.000
 56.333333  57.333333   4.703   2.344 0.000
 59.333333  60.333333   0.667   0.421 0.000
 62.333333  63.333333   4.692   1.878 0.000
 65.333333  66.333333  12.597   5.091 0.000
 68.333333  69.333333   9.526   4.021 0.000
 71.333333  72.333333   3.069   1.030 0.000
 74.333333  75.333333  13.071   4.169 0.000
 77.333333  78.333333   8.000   3.124 0.000
 80.333333  81.333333   6.805   3.039 0.000
 83.333333  84.333333   5.084   1.394 0.000
 86.333333  87.333333   9.090   3.677 0.000
 89.333333  90.333333  16.710   6.622 0.000
 92.333333  93.333333  12.678   3.929 0.000
 95.333333  96.333333   8.591   3.245 0.000
 98.333333  99.333333  10.053   3.252 0.000
101.333333 102.333333  13.429   6.170 0.000
104.333333 105.333333  36.556   8.434 0.000
107.333333 108.333333  20.490   6.091 0.000
110.333333 111.333333  13.954   4.845 0.000
113.333333 114.333333   7.361   3.210 0.000
116.333333 117.333333  10.939   2.282 0.000
119.333333 120.333333   7.663   2.400 0.000
122.333333 123.333333   8.893   3.295 0.000
125.333333 126.333333 999.999 999.999 0.999
128.333333 129.333333 999.999 999.999 0.999
131.333333 132.333333 999.999 999.999 0.999
134.333333 135.333333   4.568   2.792 0.000
137.333333 138.333333  10.632   6.154 0.000
140.333333 141.333333   6.323   3.238 0.000
143.333333 144.333333   9.826   4.880 0.000
146.333333 147.333333   6.245   3.382 0.000
149.333333 150.333333   7.053   3.502 0.000
152.333333 153.333333  11.289   4.509 0.000
155.333333 156.333333   9.017   4.372 0.000
158.333333 159.333333 999.999 999.999 0.999
161.333333 162.333333 999.999 999.999 0.999
164.333333 165.333333 999.999 999.999 0.999
167.333333 168.333333   4.329   2.368 0.000
170.333333 171.333333  10.474   4.586 0.000
173.333333 174.333333  13.224   6.464 0.000
176.333333 177.333333   7.899   2.619 0.000
179.333333 180.333333   9.127   3.907 0.000
182.333333 183.333333  12.066   5.110 0.000
185.333333 186.333333  10.733   7.029 0.000
188.333333 189.333333  12.343   5.165 0.000
191.333333 192.333333   8.614   3.284 0.000
194.333333 195.333333   5.758   1.884 0.000
197.333333 198.333333   3.868   1.570 0.000
200.333333 201.333333   7.049   4.226 0.000
203.333333 204.333333   8.284   4.417 0.000
206.333333 207.333333  11.412   5.148 0.000
209.333333 210.333333  10.275   3.840 0.000
212.333333 213.333333   4.082   2.012 0.000
215.333333 216.333333   2.437   1.225 0.000
218.333333 219.333333   4.919   2.308 0.000
221.333333 222.333333   5.273   2.772 0.000
224.333333 225.333333 999.999 999.999 0.999
227.333333 228.333333 999.999 999.999 0.999
230.333333 231.333333  21.306  10.108 0.000
233.333333 234.333333  16.282   8.727 0.000
236.333333 237.333333   6.009   3.056 0.000
239.333333 240.333333 999.999 999.999 0.999
242.333333 243.333333 999.999 999.999 0.999
245.333333 246.333333   7.384   2.972 0.000
248.333333 249.333333   5.027   2.699 0.000
251.333333 252.333333  14.366   6.022 0.000
254.333333 255.333333   5.975   3.238 0.000
257.333333 258.333333   0.845   0.429 0.000
260.333333 261.333333   7.313   2.926 0.000
263.333333 264.333333  13.013   4.863 0.000
266.333333 267.333333   9.866   3.870 0.000
269.333333 270.333333   7.478   3.492 0.000
272.333333 273.333333   6.401   2.579 0.000
275.333333 276.333333   9.452   3.000 0.000
278.333333 279.333333   3.095   1.306 0.000
281.333333 282.333333   4.789   1.525 0.000
284.333333 285.333333  12.427   4.966 0.000
287.333333 288.333333   5.989   3.197 0.000
290.333333 291.333333   4.179   2.304 0.000
293.333333 294.333333 999.999 999.999 0.999
296.333333 297.333333 999.999 999.999 0.999
299.333333 300.333333 999.999 999.999 0.999
302.333333 303.333333  15.074   0.837 0.000
305.333333 306.333333   5.125   1.750 0.000
308.333333 309.333333   2.916   1.018 0.000
311.333333 312.333333   6.209   1.952 0.000
314.333333 315.333333   1.080   0.504 0.000
317.333333 318.333333   7.902   2.567 0.000
320.333333 321.333333   1.615   0.239 0.000
323.333333 324.333333   2.344   0.680 0.000
326.333333 327.333333   6.217   1.736 0.000
329.333333 330.333333   5.886   2.092 0.000
332.333333 333.333333   3.713   1.775 0.000
335.333333 336.333333 999.999 999.999 0.999
338.333333 339.333333   3.229   1.359 0.000
341.333333 342.333333   2.227   0.786 0.000
344.333333 345.333333   7.006   1.657 0.000
347.333333 348.333333   3.582   1.847 0.000
350.333333 351.333333 999.999 999.999 0.999
353.333333 354.333333   1.633   0.931 0.000
356.333333 357.333333   5.018   1.568 0.000
359.333333 360.333333   5.614   0.812 0.000
362.333333 363.333333   3.058   1.337 0.000
