scripts/IMPROVE-2019_partial/data/US9015R.20050101060000.20191216000000.filterpack..pm25.52w.1w.US03L_filterpack_US9015.US03L_IMPROVE_Davis.lev2.nas
64 1001
MISSING INFORMATION
US03L, IMPROVE, , , , , , , 
MISSING INFORMATION
IMPROVE sel_HTAP
1 1
2005 01 01 2019 12 16
3.00
days from file reference point
25
1 1 1 1 1 1 1 1 1 1 1 1 1 1 1 1 1 1 1 1 1 1 1 1 1
999.99 9999.99 9.999 99.99 9.999 9.999 9.999 9.99 9.999999 99.999 9.999 99.999 9.999 99.999 9.999 999.999 9.999 999.999 9.999 999.999 9.999 9.999 9.999 99.999 9.999
end_time of measurement, days from the file reference point
iron, ng/m3, Revision date=20181210133000
numflag iron, no unit, Revision date=20181210133000
lead, ng/m3, Revision date=20181210133000
numflag lead, no unit, Revision date=20181210133000
magnesium, ug/m3, Revision date=20181210133000
numflag magnesium, no unit, Revision date=20181210133000
nickel, ng/m3, Revision date=20181210133000
numflag nickel, no unit, Revision date=20181210133000
nitrate, ug N/m3, Revision date=20181210133000
numflag nitrate, no unit, Revision date=20181210133000
organic_carbon, ug C/m3, Revision date=20181210133000
numflag organic_carbon, no unit, Revision date=20181210133000
organic_mass, ug/m3, Revision date=20181210133000
numflag organic_mass, no unit, Revision date=20181210133000
pm10_mass, ug/m3, Version=2, Version description=Data extracted from http://views.cira.colostate.edu/fed/DataWizard 2019-12-16, Sample duration=1d, Orig. time res.=3d, Matrix=pm10, Blank correction=Blank corrected, Volume std. temperature=ambient, Volume std. pressure=ambient
numflag pm10_mass, no unit, Version=2, Version description=Data extracted from http://views.cira.colostate.edu/fed/DataWizard 2019-12-16, Sample duration=1d, Orig. time res.=3d, Matrix=pm10, Blank correction=Blank corrected, Volume std. temperature=ambient, Volume std. pressure=ambient
pm10_pm25_mass, ug/m3, Revision date=20181210133000, Matrix=pm10_pm25
numflag pm10_pm25_mass, no unit, Revision date=20181210133000, Matrix=pm10_pm25
pm25_mass, ug/m3, Version=2, Version description=Data extracted from http://views.cira.colostate.edu/fed/DataWizard 2019-12-16, Sample duration=1d, Orig. time res.=3d, Blank correction=Blank corrected, Volume std. temperature=ambient, Volume std. pressure=ambient
numflag pm25_mass, no unit, Version=2, Version description=Data extracted from http://views.cira.colostate.edu/fed/DataWizard 2019-12-16, Sample duration=1d, Orig. time res.=3d, Blank correction=Blank corrected, Volume std. temperature=ambient, Volume std. pressure=ambient
potassium, ug/m3, Revision date=20181210133000
numflag potassium, no unit, Revision date=20181210133000
sulphate_total, ug S/m3, Revision date=20181210133000
numflag sulphate_total, no unit, Revision date=20181210133000
0
25
Data definition:              EBAS_1.1
Set type code:                TU
Timezone:                     UTC
File name:                    US9015R.20050101060000.20191216000000.filterpack..pm25.52w.1w.US03L_filterpack_US9015.US03L_IMPROVE_Davis.lev2.nas
File creation:                20191218120611
Startdate:                    20050101060000
Revision date:                20191216000000
Statistics:                   arithmetic mean
Data level:                   2
Period code:                  52w
Resolution code:              1w
Station code:                 US9015R
Platform code:                US9015S
Station name:                 Nebraska NF
Station latitude:             41.8888
Station longitude:            -100.3387
Station altitude:             883.0 m
Regime:                       IMG
Component:                    
Matrix:                       pm25
Laboratory code:              US03L
Instrument type:              filterpack
Instrument name:              filterpack_US9015
Method ref:                   US03L_IMPROVE_Davis
starttime endtime Fe flag_Fe Pb flag_Pb Mg++ flag_Mg++ Ni flag_Ni NO3- flag_NO3- OC flag_OC OM flag_OM PM10 flag_PM10 PM10-PM2.5 flag_PM10-PM2.5 PM2.5 flag_PM2.5 K+ flag_K+ SO4-- flag_SO4--
  0.25   1.25   26.45 0.000  1.77 0.000 0.007 0.000 0.13 0.000000  0.505 0.000  0.682 0.000  1.227 0.000  16.423 0.000   7.864 0.000   8.558 0.000 0.049 0.000  0.816 0.000
  3.25   4.25   21.54 0.000  1.87 0.000 9.999 0.259 0.19 0.000000  0.502 0.000  0.621 0.000  1.117 0.000  12.005 0.000   5.922 0.000   6.170 0.000 0.031 0.000  0.420 0.000
  6.25   7.25   20.37 0.000  0.52 0.000 9.999 0.259 9.99 0.259000  0.316 0.000  1.004 0.000  1.807 0.000   6.842 0.000   1.040 0.000   5.800 0.000 0.036 0.000  0.485 0.000
  9.25  10.25   19.28 0.000  1.03 0.000 0.006 0.000 0.14 0.000000  0.434 0.000  0.854 0.000  1.537 0.000  10.583 0.000   2.711 0.000   7.870 0.000 0.034 0.000  0.760 0.000
 12.25  13.25   65.71 0.000  0.61 0.000 0.018 0.000 0.11 0.000000  0.216 0.000  0.761 0.559  1.370 0.559   8.484 0.000   4.108 0.000   4.376 0.000 0.052 0.000  0.255 0.000
 15.25  16.25   26.17 0.000  0.89 0.000 9.999 0.259 0.11 0.000000  0.830 0.000  0.784 0.559  1.412 0.559  10.205 0.000   0.101 0.000  10.100 0.000 0.029 0.000  0.550 0.000
 18.25  19.25   15.29 0.000  0.23 0.000 9.999 0.259 9.99 0.259000  0.022 0.000  0.275 0.000  0.495 0.000   1.591 0.000   0.382 0.000   1.209 0.000 0.009 0.000  0.092 0.000
 21.25  22.25   12.49 0.000  0.70 0.000 9.999 0.259 9.99 0.259000  0.052 0.000  0.378 0.559  0.680 0.559   4.054 0.000   1.191 0.000   2.863 0.000 0.022 0.000  0.401 0.000
 24.25  25.25   20.44 0.000  0.33 0.000 0.007 0.000 0.17 0.000000  0.033 0.000  0.216 0.000  0.389 0.000   2.384 0.000   1.454 0.000   0.950 0.000 0.012 0.000  0.060 0.000
 27.25  28.25   10.30 0.000  0.61 0.000 9.999 0.259 0.35 0.000000  0.991 0.000  0.480 0.000  0.864 0.000  12.260 0.000   1.302 0.000  10.956 0.000 0.014 0.000  0.920 0.000
 30.25  31.25   12.61 0.000  0.32 0.000 9.999 0.259 9.99 0.259000  0.277 0.000  0.294 0.000  0.529 0.000   3.391 0.000   0.645 0.000   2.746 0.000 0.007 0.000  0.221 0.000
 33.25  34.25   24.70 0.000  0.94 0.000 9.999 0.259 0.09 0.000000  0.022 0.000  0.214 0.000  0.386 0.000   3.700 0.000   2.412 0.000   1.288 0.000 0.014 0.000  0.117 0.000
 36.25  37.25   14.18 0.000  0.73 0.000 0.010 0.000 9.99 0.259000  0.578 0.000  0.244 0.000  0.440 0.000   8.429 0.000   1.516 0.000   6.913 0.000 0.022 0.000  0.775 0.000
 39.25  40.25   19.04 0.000  0.34 0.000 9.999 0.259 9.99 0.259000  0.244 0.000  0.209 0.000  0.377 0.000   3.897 0.000   1.154 0.000   2.743 0.000 0.014 0.000  0.250 0.000
 42.25  43.25   65.59 0.000  0.82 0.000 0.012 0.000 0.13 0.000000  0.542 0.000  0.384 0.000  0.692 0.000   6.650 0.000   1.879 0.000   4.771 0.000 0.031 0.000  0.217 0.000
 45.25  46.25   29.85 0.000  0.29 0.000 9.999 0.259 0.08 0.000000  0.116 0.000  0.204 0.000  0.367 0.000   2.428 0.000   0.373 0.000   2.055 0.000 0.013 0.000  0.211 0.000
 48.25  49.25   34.90 0.000  0.74 0.000 0.006 0.000 9.99 0.259000  0.150 0.000  0.374 0.000  0.674 0.000   4.285 0.000   1.942 0.000   2.343 0.000 0.016 0.000  0.154 0.000
 51.25  52.25   35.32 0.000  0.82 0.000 9.999 0.259 9.99 0.259000  0.812 0.000  0.479 0.000  0.863 0.000   8.195 0.000 999.999 0.259   9.490 0.000 0.022 0.000  0.426 0.000
 54.25  55.25   26.35 0.000  0.59 0.000 9.999 0.259 0.20 0.000000  0.288 0.000  0.498 0.000  0.897 0.000   5.454 0.000   2.357 0.000   3.095 0.000 0.017 0.000  0.329 0.000
 57.25  58.25   22.67 0.000  0.68 0.000 9.999 0.259 0.20 0.000000  0.363 0.000  0.154 0.000  0.277 0.000   6.390 0.000   2.563 0.000   3.827 0.000 0.024 0.000  0.311 0.000
 60.25  61.25   40.02 0.000  0.95 0.000 9.999 0.259 9.99 0.259000  0.120 0.000  0.568 0.000  1.022 0.000   7.612 0.000   5.532 0.000   2.080 0.000 0.027 0.000  0.142 0.000
 63.25  64.25   30.44 0.000  0.78 0.000 9.999 0.259 0.09 0.000000  0.032 0.000  0.389 0.000  0.699 0.000   5.996 0.000   4.309 0.000   1.687 0.000 0.021 0.000  0.128 0.000
 66.25  67.25   57.46 0.000  0.47 0.000 0.011 0.000 0.11 0.000000  0.027 0.000  0.268 0.000  0.482 0.000   2.550 0.000   0.383 0.000   2.171 0.000 0.027 0.000  0.151 0.000
 69.25  70.25  152.54 0.000  0.83 0.000 9.999 0.259 9.99 0.259000  0.021 0.000  0.385 0.000  0.692 0.000  15.192 0.000  10.638 0.000   4.552 0.000 0.082 0.000  0.097 0.000
 72.25  73.25   52.74 0.000  0.51 0.000 9.999 0.259 9.99 0.259000  0.013 0.000  0.199 0.000  0.359 0.000   2.608 0.000   0.895 0.000   1.713 0.000 0.022 0.000  0.115 0.000
 75.25  76.25  124.33 0.000  2.08 0.000 9.999 0.259 9.99 0.259000  0.304 0.000  0.770 0.000  1.386 0.000  16.531 0.000  10.761 0.000   5.768 0.000 0.076 0.000  0.355 0.000
 78.25  79.25   79.72 0.000  2.52 0.000 9.999 0.259 0.07 0.000000  1.255 0.000  3.145 0.000  5.660 0.000  29.814 0.000  10.507 0.000  19.301 0.000 0.113 0.000  0.853 0.000
 81.25  82.25   41.77 0.000  2.32 0.000 9.999 0.259 0.09 0.000000  1.297 0.000  0.626 0.000  1.127 0.000  15.818 0.000   1.962 0.000  13.853 0.000 0.038 0.000  0.951 0.000
 84.25  85.25   26.10 0.000  1.40 0.000 9.999 0.259 0.16 0.000000  0.586 0.000  0.352 0.000  0.633 0.000   6.733 0.000   0.188 0.000   6.544 0.000 0.019 0.000  0.704 0.000
 87.25  88.25   51.23 0.000  0.90 0.000 0.009 0.000 9.99 0.259000  0.035 0.000  0.326 0.000  0.587 0.000   4.383 0.000   2.179 0.000   2.230 0.000 0.026 0.000  0.153 0.000
 90.25  91.25   38.66 0.000  1.05 0.000 9.999 0.259 9.99 0.259000  0.019 0.000  0.211 0.000  0.381 0.000   4.450 0.000   1.977 0.000   2.472 0.000 0.022 0.000  0.271 0.000
 93.25  94.25   74.66 0.000  1.23 0.000 9.999 0.259 0.11 0.000000  0.155 0.000  1.073 0.000  1.932 0.000   9.770 0.000   5.109 0.000   4.659 0.000 0.061 0.000  0.235 0.000
 96.25  97.25   84.54 0.000  2.57 0.000 0.013 0.000 0.13 0.000000  0.089 0.000  0.491 0.000  0.884 0.000  10.770 0.000   6.183 0.000   4.587 0.000 0.064 0.000  0.491 0.000
 99.25 100.25   15.71 0.000  0.36 0.000 9.999 0.259 9.99 0.259000  0.054 0.000  0.377 0.000  0.679 0.000   2.234 0.000   1.036 0.000   1.200 0.000 0.009 0.000  0.153 0.000
102.25 103.25   16.96 0.000  0.82 0.000 9.999 0.259 9.99 0.259000  0.213 0.000  0.424 0.000  0.764 0.000   4.185 0.000   0.728 0.000   3.457 0.000 0.015 0.000  0.533 0.000
105.25 106.25   46.95 0.000  1.77 0.000 9.999 0.259 9.99 0.259000  0.376 0.000  2.078 0.000  3.741 0.000  14.418 0.000   5.522 0.000   8.893 0.000 0.086 0.000  0.885 0.000
108.25 109.25   62.63 0.000  1.72 0.000 0.012 0.000 9.99 0.259000  0.264 0.000  1.083 0.000  1.950 0.000  13.087 0.000   5.766 0.000   7.409 0.000 0.051 0.000  0.994 0.000
111.25 112.25 9999.99 0.999 99.99 0.999 9.999 0.999 9.99 0.999000 99.999 0.999 99.999 0.999 99.999 0.999 999.999 0.999 999.999 0.999 999.999 0.999 9.999 0.999 99.999 0.999
114.25 115.25 9999.99 0.999 99.99 0.999 9.999 0.999 9.99 0.999000 99.999 0.999 99.999 0.999 99.999 0.999 999.999 0.999 999.999 0.999 999.999 0.999 9.999 0.999 99.999 0.999
117.25 118.25   24.98 0.000  0.67 0.000 0.010 0.000 0.13 0.000000  0.017 0.000  0.091 0.000  0.164 0.000   2.017 0.000   0.771 0.000   1.245 0.000 0.017 0.000  0.147 0.000
120.25 121.25   19.82 0.000  0.41 0.000 9.999 0.259 0.08 0.000000  0.010 0.000  0.256 0.000  0.461 0.000   2.004 0.000   0.681 0.000   1.323 0.000 0.010 0.000  0.181 0.000
123.25 124.25   38.84 0.000  0.89 0.000 9.999 0.259 9.99 0.259000  0.221 0.000  0.377 0.000  0.679 0.000   7.148 0.000   3.570 0.000   3.577 0.000 0.027 0.000  0.419 0.000
126.25 127.25   67.25 0.000  1.28 0.000 9.999 0.259 0.11 0.000000  0.079 0.559  0.738 0.000  1.328 0.000  10.185 0.000   4.585 0.000   5.599 0.000 0.056 0.000  0.620 0.559
129.25 130.25   23.55 0.000  0.57 0.000 9.999 0.259 9.99 0.259000  0.283 0.000  0.441 0.000  0.794 0.000   6.878 0.000   3.082 0.000   3.839 0.000 0.020 0.000  0.440 0.000
132.25 133.25   26.06 0.000  0.69 0.000 9.999 0.259 0.19 0.000000  0.027 0.000  0.137 0.000  0.246 0.000   2.900 0.000   1.591 0.000   1.309 0.000 0.013 0.000  0.155 0.000
135.25 136.25   60.76 0.000  0.80 0.000 0.014 0.000 9.99 0.259000  0.219 0.559  0.829 0.000  1.493 0.000  12.995 0.000   7.725 0.000   5.269 0.000 0.045 0.000  0.510 0.559
138.25 139.25   78.00 0.000  0.86 0.000 0.020 0.000 0.08 0.000000  0.018 0.000  0.388 0.000  0.699 0.000   8.224 0.000   4.734 0.000   3.489 0.000 0.040 0.000  0.198 0.000
141.25 142.25   54.69 0.000  1.13 0.000 9.999 0.259 9.99 0.259000  0.014 0.000  0.308 0.000  0.554 0.000   5.884 0.000   3.297 0.000   2.587 0.000 0.027 0.000  0.146 0.000
144.25 145.25   30.47 0.000  0.84 0.000 9.999 0.259 9.99 0.259000  0.044 0.000  0.450 0.000  0.810 0.000   6.971 0.000   4.015 0.000   2.957 0.000 0.016 0.000  0.264 0.000
147.25 148.25   49.38 0.000  0.29 0.000 9.999 0.259 9.99 0.259000  0.027 0.000  0.444 0.000  0.800 0.000   9.514 0.000   6.331 0.000   3.182 0.000 0.024 0.000  0.253 0.000
150.25 151.25    8.85 0.000  1.29 0.000 9.999 0.259 0.11 0.000000  0.159 0.000  0.187 0.000  0.336 0.000   3.399 0.000   0.896 0.000   2.516 0.000 0.008 0.000  0.290 0.000
153.25 154.25   19.79 0.000  0.66 0.000 9.999 0.259 9.99 0.259000  0.012 0.000  0.279 0.000  0.502 0.000   4.129 0.000   1.962 0.000   2.167 0.000 0.012 0.000  0.151 0.000
156.25 157.25   37.90 0.000  0.44 0.000 9.999 0.259 0.17 0.000000  0.054 0.000  1.133 0.000  2.039 0.000  18.568 0.000  12.326 0.000   6.241 0.000 0.051 0.000  0.511 0.000
159.25 160.25   48.98 0.000  1.31 0.000 9.999 0.259 0.27 0.000000  0.083 0.000  0.725 0.000  1.305 0.000   9.391 0.000   6.002 0.000   3.388 0.000 0.026 0.000  0.203 0.000
162.25 163.25   13.05 0.000  0.94 0.000 9.999 0.259 0.10 0.000000  0.057 0.000  0.519 0.000  0.935 0.000   8.246 0.000   6.026 0.000   2.220 0.000 0.010 0.000  0.214 0.000
165.25 166.25   21.11 0.000  0.64 0.000 9.999 0.259 9.99 0.259000  0.018 0.000  0.530 0.000  0.954 0.000  10.973 0.000   8.070 0.000   2.902 0.000 0.019 0.000  0.161 0.000
168.25 169.25   27.29 0.000  0.86 0.000 9.999 0.259 0.21 0.000000  0.077 0.000  1.383 0.000  2.490 0.000  15.470 0.000   8.539 0.000   6.930 0.000 0.037 0.000  0.627 0.000
171.25 172.25   25.31 0.000  0.64 0.000 9.999 0.259 0.18 0.000000  0.034 0.000  0.903 0.000  1.625 0.000  12.934 0.000   7.596 0.000   5.375 0.000 0.029 0.000  0.494 0.000
174.25 175.25   50.00 0.000  0.64 0.000 0.006 0.000 0.16 0.000000  0.053 0.000  1.528 0.000  2.751 0.000  13.775 0.000   6.558 0.000   7.217 0.000 0.049 0.000  0.617 0.000
177.25 178.25   22.10 0.000  0.26 0.000 9.999 0.259 9.99 0.259000  0.014 0.000  1.130 0.000  2.035 0.000   9.943 0.000   6.211 0.000   3.732 0.000 0.042 0.000  0.268 0.000
180.25 181.25   32.11 0.000  0.29 0.000 9.999 0.259 0.11 0.000000  0.007 0.000  0.416 0.000  0.749 0.000   5.726 0.000   3.121 0.000   2.605 0.000 0.021 0.000  0.198 0.000
183.25 184.25   29.50 0.000  0.70 0.000 9.999 0.259 9.99 0.259000  0.023 0.000  0.975 0.000  1.755 0.000  12.061 0.000   8.297 0.000   3.765 0.000 0.048 0.000  0.230 0.000
186.25 187.25 9999.99 0.999 99.99 0.999 9.999 0.999 9.99 0.999000 99.999 0.999 99.999 0.999 99.999 0.999 999.999 0.999 999.999 0.999 999.999 0.999 9.999 0.999 99.999 0.999
189.25 190.25   46.45 0.000  0.83 0.000 0.010 0.000 9.99 0.259000  0.053 0.000  1.677 0.000  3.019 0.000  20.125 0.000  11.701 0.000   8.423 0.000 0.063 0.000  0.725 0.000
192.25 193.25   45.91 0.000  0.70 0.000 9.999 0.259 9.99 0.259000  0.035 0.000  1.296 0.000  2.333 0.000  11.781 0.000   5.874 0.000   5.992 0.000 0.039 0.000  0.538 0.000
195.25 196.25   88.23 0.000  2.24 0.000 9.999 0.259 9.99 0.259000  0.102 0.000  1.724 0.000  3.104 0.000  30.062 0.000  16.452 0.000  13.609 0.000 0.121 0.000  1.701 0.000
198.25 199.25   16.74 0.000  0.43 0.000 9.999 0.259 9.99 0.259000  0.011 0.000  0.779 0.000  1.403 0.000   9.118 0.000   6.085 0.000   3.032 0.000 0.014 0.000  0.225 0.000
201.25 202.25   71.31 0.000  0.70 0.000 0.011 0.000 9.99 0.259000  0.048 0.000  1.538 0.000  2.768 0.000  17.251 0.000  11.445 0.000   5.807 0.000 0.072 0.000  0.368 0.000
204.25 205.25   45.41 0.000  1.06 0.000 9.999 0.259 0.08 0.000000  0.047 0.000  1.446 0.000  2.604 0.000  17.320 0.000  10.050 0.000   7.271 0.000 0.055 0.000  0.637 0.000
207.25 208.25   30.61 0.000  0.54 0.000 9.999 0.259 9.99 0.259000  0.024 0.000  0.768 0.000  1.383 0.000   7.744 0.000   3.861 0.000   3.882 0.000 0.022 0.000  0.278 0.000
210.25 211.25   73.97 0.000  0.88 0.000 9.999 0.259 9.99 0.259000  0.025 0.000  1.189 0.000  2.141 0.000  17.075 0.000  11.022 0.000   6.053 0.000 0.064 0.000  0.290 0.000
213.25 214.25  108.96 0.000  1.40 0.000 9.999 0.259 9.99 0.259000  0.092 0.000  1.946 0.000  3.502 0.000  21.826 0.000  12.370 0.000   9.662 0.000 0.075 0.000  0.677 0.000
216.25 217.25   40.02 0.000  0.48 0.000 9.999 0.259 0.07 0.000000  0.018 0.000  0.962 0.000  1.731 0.000  10.570 0.000   6.115 0.000   4.455 0.000 0.031 0.000  0.283 0.000
219.25 220.25   51.52 0.000  0.71 0.000 9.999 0.259 0.08 0.000000  0.052 0.000  1.610 0.000  2.898 0.000  15.594 0.000   6.998 0.000   8.595 0.000 0.049 0.000  0.925 0.000
222.25 223.25   39.84 0.000  0.32 0.000 0.007 0.000 9.99 0.259000  0.019 0.000  0.878 0.000  1.581 0.000   5.263 0.000   1.754 0.000   3.508 0.000 0.028 0.000  0.219 0.000
225.25 226.25   20.15 0.000  1.17 0.000 9.999 0.259 9.99 0.259000  0.130 0.000  0.575 0.000  1.034 0.000   8.476 0.000   4.246 0.000   4.230 0.000 0.016 0.000  0.530 0.000
228.25 229.25   16.82 0.000  0.63 0.000 9.999 0.259 0.08 0.000000  0.036 0.000  0.665 0.000  1.197 0.000   7.858 0.000   4.175 0.000   3.682 0.000 0.015 0.000  0.426 0.000
231.25 232.25   33.69 0.000  0.36 0.000 9.999 0.259 9.99 0.259000  0.045 0.000  1.465 0.000  2.637 0.000   9.909 0.000   4.549 0.000   5.360 0.000 0.024 0.000  0.470 0.000
234.25 235.25   18.00 0.000  1.49 0.000 9.999 0.259 9.99 0.259000  0.181 0.000  0.761 0.000  1.370 0.000  11.399 0.000   3.175 0.000   8.239 0.000 0.017 0.000  1.402 0.000
237.25 238.25   31.51 0.000  0.43 0.000 9.999 0.259 9.99 0.259000  0.023 0.000  0.857 0.000  1.542 0.000   6.038 0.000   2.546 0.000   3.491 0.000 0.026 0.000  0.247 0.000
240.25 241.25   31.66 0.000  0.27 0.000 9.999 0.259 9.99 0.259000  0.026 0.000  1.658 0.000  2.984 0.000   9.909 0.000   4.830 0.000   5.078 0.000 0.041 0.000  0.228 0.000
243.25 244.25   35.98 0.000  0.44 0.000 9.999 0.259 9.99 0.259000  0.017 0.000  1.038 0.000  1.869 0.000  10.769 0.000   7.372 0.000   3.397 0.000 0.028 0.000  0.116 0.000
246.25 247.25   41.22 0.000  1.61 0.000 9.999 0.259 0.10 0.000000  0.040 0.000  2.495 0.000  4.492 0.000  24.127 0.000   9.864 0.000  14.260 0.000 0.053 0.000  1.700 0.000
249.25 250.25   64.95 0.000  1.15 0.000 0.007 0.000 0.06 0.000000  0.184 0.000  1.994 0.000  3.590 0.000  15.416 0.000   4.322 0.000  11.093 0.000 0.044 0.000  1.184 0.000
252.25 253.25   53.35 0.000  1.50 0.000 9.999 0.259 0.18 0.000000  0.043 0.000  2.080 0.000  3.744 0.000  25.107 0.000  10.494 0.000  14.613 0.000 0.057 0.000  1.921 0.000
255.25 256.25   41.63 0.000  0.46 0.000 9.999 0.259 0.07 0.000000  0.019 0.000  0.699 0.000  1.258 0.000   6.216 0.000   3.333 0.000   2.921 0.000 0.026 0.000  0.140 0.000
258.25 259.25   45.43 0.000  0.73 0.000 9.999 0.259 0.06 0.000000  0.031 0.000  0.996 0.000  1.792 0.000  13.812 0.000   8.915 0.000   4.896 0.000 0.042 0.000  0.307 0.000
261.25 262.25   42.80 0.000  1.29 0.000 9.999 0.259 9.99 0.259000  0.112 0.000  1.026 0.000  1.846 0.000  10.131 0.000   3.576 0.000   6.554 0.000 0.035 0.000  0.736 0.000
264.25 265.25   53.45 0.000  1.45 0.000 9.999 0.259 9.99 0.259000  0.037 0.000  1.014 0.000  1.824 0.000  17.203 0.000  13.089 0.000   3.949 0.000 0.063 0.000  0.133 0.000
267.25 268.25    5.44 0.000  0.55 0.000 9.999 0.259 9.99 0.259000  0.096 0.000  0.633 0.000  1.139 0.000   2.563 0.000   0.741 0.000   1.804 0.000 0.008 0.000  0.100 0.000
270.25 271.25   26.23 0.000  0.46 0.000 9.999 0.259 9.99 0.259000  0.024 0.000  0.454 0.559  0.817 0.559   9.418 0.000   6.842 0.000   2.601 0.000 0.022 0.000  0.248 0.000
273.25 274.25   53.27 0.000  0.48 0.000 9.999 0.259 9.99 0.259000  0.064 0.000  1.707 0.000  3.073 0.000  18.707 0.000  12.476 0.000   6.061 0.000 0.071 0.000  0.398 0.000
276.25 277.25   15.13 0.000  0.31 0.000 9.999 0.259 9.99 0.259000  0.124 0.000  0.458 0.000  0.824 0.000   6.004 0.000   3.800 0.000   2.217 0.000 0.021 0.000  0.164 0.000
