scripts/IMPROVE-2019_partial/data/US9051U.19960103050000.20191216000000.filterpack...1y.3d.US03L_filterpack_US9051.US03L_IMPROVE_Davis.lev2.nas
51 1001
MISSING INFORMATION
US03L, IMPROVE, , , , , , , 
MISSING INFORMATION
IMPROVE sel_HTAP
1 1
1996 01 01 2019 12 16
0
days from file reference point
4
1 1 1 1
999.999999 999.999 999.999 9.999
end_time of measurement, days from the file reference point
pm10_mass, ug/m3, Matrix=pm10
pm25_mass, ug/m3, Matrix=pm25
numflag, no unit
0
33
Data definition:              EBAS_1.1
Set type code:                TI
Timezone:                     UTC
File name:                    US9051U.19960103050000.20191216000000.filterpack...1y.3d.US03L_filterpack_US9051.US03L_IMPROVE_Davis.lev2.nas
File creation:                20191218120854
Startdate:                    19960103050000
Revision date:                20191216000000
Version:                      2
Version description:          "Data extracted from http://views.cira.colostate.edu/fed/DataWizard 2019-12-16"
Statistics:                   arithmetic mean
Data level:                   2
Period code:                  1y
Resolution code:              3d
Sample duration:              1d
Orig. time res.:              3d
Station code:                 US9051U
Platform code:                US9051S
Station name:                 Washington D.C.
Station latitude:             38.8762
Station longitude:            -77.0344
Station altitude:             15.0 m
Regime:                       IMG
Component:                    
Unit:                         ug/m3
Matrix:                       
Laboratory code:              US03L
Instrument type:              filterpack
Instrument name:              filterpack_US9051
Method ref:                   US03L_IMPROVE_Davis
Blank correction:             Blank corrected
Volume std. temperature:      ambient
Volume std. pressure:         ambient
starttime endtime PM10 PM2.5 flag
  2.208333   3.208333 999.999 999.999 0.999
  5.208333   6.208333 999.999 999.999 0.999
  9.208333  10.208333 999.999 999.999 0.999
 12.208333  13.208333 999.999 999.999 0.999
 16.208333  17.208333  50.018  29.212 0.000
 19.208333  20.208333  14.252   9.532 0.000
 23.208333  24.208333  16.825  11.025 0.000
 26.208333  27.208333  12.235   6.615 0.000
 30.208333  31.208333  22.100  12.946 0.000
 33.208333  34.208333  18.722  13.386 0.000
 37.208333  38.208333  38.821  24.465 0.000
 40.208333  41.208333  24.643  14.149 0.000
 44.208333  45.208333  22.581  13.952 0.000
 47.208333  48.208333  18.722  10.963 0.000
 51.208333  52.208333 999.999 999.999 0.999
 54.208333  55.208333  16.493   5.537 0.000
 58.208333  59.208333  24.505  15.329 0.000
 61.208333  62.208333  28.220  24.111 0.000
 65.208333  66.208333  27.040  19.805 0.000
 68.208333  69.208333  16.454  12.870 0.000
 72.208333  73.208333  24.488  15.657 0.000
 75.208333  76.208333  11.863   8.439 0.000
 79.208333  80.208333   6.698   5.053 0.000
 82.208333  83.208333   9.758   6.758 0.000
 86.208333  87.208333  20.870  11.764 0.000
 89.208333  90.208333  22.244  19.969 0.000
 93.208333  94.208333  18.631  12.833 0.000
 96.208333  97.208333  23.324  13.857 0.000
100.208333 101.208333  13.372  11.281 0.000
103.208333 104.208333  33.134  21.996 0.000
107.208333 108.208333  11.310   7.373 0.000
110.208333 111.208333  19.821  15.056 0.000
114.208333 115.208333  11.664   7.006 0.000
117.208333 118.208333  11.125   8.419 0.000
121.208333 122.208333  16.541  11.418 0.000
124.208333 125.208333  31.023  28.343 0.000
128.208333 129.208333  19.729  12.595 0.000
131.208333 132.208333  26.638  23.359 0.000
135.208333 136.208333  15.079  15.016 0.000
138.208333 139.208333  38.762  34.905 0.000
142.208333 143.208333  22.133  18.018 0.000
145.208333 146.208333  14.710   8.383 0.000
149.208333 150.208333  45.409   6.518 0.000
152.208333 153.208333 999.999  12.260 0.000
156.208333 157.208333  16.444  13.369 0.000
159.208333 160.208333  22.129  19.732 0.000
163.208333 164.208333  18.825  16.406 0.000
166.208333 167.208333  28.935  27.202 0.000
170.208333 171.208333  23.041  18.802 0.000
173.208333 174.208333  34.722  33.063 0.000
177.208333 178.208333  17.523  14.833 0.000
180.208333 181.208333  15.019  11.665 0.000
184.208333 185.208333  11.500   9.249 0.000
187.208333 188.208333  26.267  23.714 0.000
191.208333 192.208333  18.625  15.466 0.000
194.208333 195.208333  11.951  10.917 0.000
198.208333 199.208333  27.909  24.336 0.000
201.208333 202.208333  11.256   8.841 0.000
205.208333 206.208333  46.981  45.062 0.000
208.208333 209.208333  23.768  24.074 0.000
212.208333 213.208333  20.171  14.215 0.000
215.208333 216.208333  32.332  32.806 0.000
219.208333 220.208333  58.814  42.809 0.000
222.208333 223.208333  25.907 999.999 0.000
226.208333 227.208333  25.780  17.861 0.000
229.208333 230.208333  31.452  24.078 0.000
233.208333 234.208333  27.241  27.626 0.000
236.208333 237.208333  28.602  23.704 0.000
240.208333 241.208333  36.468  27.716 0.000
243.208333 244.208333  27.899  20.366 0.000
247.208333 248.208333  24.504  15.580 0.000
250.208333 251.208333  13.735   9.320 0.000
254.208333 255.208333  35.723  25.170 0.000
257.208333 258.208333  11.646   7.380 0.000
261.208333 262.208333  12.994   8.870 0.000
264.208333 265.208333  34.978  21.496 0.000
268.208333 269.208333  20.251  11.445 0.000
271.208333 272.208333  15.905   7.909 0.000
275.208333 276.208333  15.808  10.608 0.000
278.208333 279.208333  15.259   8.410 0.000
282.208333 283.208333  12.964   8.033 0.000
285.208333 286.208333  21.509  13.857 0.000
289.208333 290.208333  37.982  24.014 0.000
292.208333 293.208333   4.016   3.872 0.000
296.208333 297.208333  27.088  19.515 0.000
299.208333 300.208333  29.479  19.665 0.000
303.208333 304.208333  26.706  14.997 0.000
306.208333 307.208333  20.600   8.412 0.000
310.208333 311.208333  58.364  33.882 0.000
313.208333 314.208333  10.092   6.681 0.000
317.208333 318.208333  22.254  14.218 0.000
320.208333 321.208333  35.143  23.450 0.000
324.208333 325.208333  37.573  16.647 0.000
327.208333 328.208333  16.739  10.568 0.000
331.208333 332.208333  11.405   5.357 0.000
334.208333 335.208333  29.012  21.332 0.000
338.208333 339.208333  19.641  10.851 0.000
341.208333 342.208333  22.530  17.528 0.000
345.208333 346.208333  39.690  27.744 0.000
348.208333 349.208333  19.498  11.783 0.000
352.208333 353.208333  24.720  21.099 0.000
355.208333 356.208333  21.196  13.390 0.000
359.208333 360.208333  15.575  14.661 0.000
362.208333 363.208333  20.191  18.133 0.000
