scripts/IMPROVE-2019_partial/data/US9012R.20060102070000.20191216000000.filterpack..pm25.52w.1w.US03L_filterpack_US9012.US03L_IMPROVE_Davis.lev2.nas
66 1001
MISSING INFORMATION
US03L, IMPROVE, , , , , , , 
MISSING INFORMATION
IMPROVE sel_HTAP
1 1
2006 01 01 2019 12 16
3.000000
days from file reference point
27
1 1 1 1 1 1 1 1 1 1 1 1 1 1 1 1 1 1 1 1 1 1 1 1 1 1 1
999.999999 9999.99 9.999 99.99 9.999 9.999 9.999999 9.99 9.999999 9.999 9.999999 999.999 9.999 999.999 9.999 99.99 9.999999 999.999 9.999 999.999 9.999 999.999 9.999 9.999 9.999 9.999 9.999999
end_time of measurement, days from the file reference point
iron, ng/m3, Revision date=20181210133000
numflag iron, no unit, Revision date=20181210133000
lead, ng/m3, Revision date=20181210133000
numflag lead, no unit, Revision date=20181210133000
magnesium, ug/m3, Revision date=20181210133000
numflag magnesium, no unit, Revision date=20181210133000
nickel, ng/m3, Revision date=20181210133000
numflag nickel, no unit, Revision date=20181210133000
nitrate, ug N/m3, Revision date=20181210133000
numflag nitrate, no unit, Revision date=20181210133000
organic_carbon, ug C/m3, Revision date=20181210133000
numflag organic_carbon, no unit, Revision date=20181210133000
organic_mass, ug/m3, Revision date=20181210133000
numflag organic_mass, no unit, Revision date=20181210133000
phosphorus, ng/m3, Revision date=20181210133000
numflag phosphorus, no unit, Revision date=20181210133000
pm10_mass, ug/m3, Version=2, Version description=Data extracted from http://views.cira.colostate.edu/fed/DataWizard 2019-12-16, Sample duration=1d, Orig. time res.=3d, Matrix=pm10, Blank correction=Blank corrected, Volume std. temperature=ambient, Volume std. pressure=ambient
numflag pm10_mass, no unit, Version=2, Version description=Data extracted from http://views.cira.colostate.edu/fed/DataWizard 2019-12-16, Sample duration=1d, Orig. time res.=3d, Matrix=pm10, Blank correction=Blank corrected, Volume std. temperature=ambient, Volume std. pressure=ambient
pm10_pm25_mass, ug/m3, Revision date=20181210133000, Matrix=pm10_pm25
numflag pm10_pm25_mass, no unit, Revision date=20181210133000, Matrix=pm10_pm25
pm25_mass, ug/m3, Version=2, Version description=Data extracted from http://views.cira.colostate.edu/fed/DataWizard 2019-12-16, Sample duration=1d, Orig. time res.=3d, Blank correction=Blank corrected, Volume std. temperature=ambient, Volume std. pressure=ambient
numflag pm25_mass, no unit, Version=2, Version description=Data extracted from http://views.cira.colostate.edu/fed/DataWizard 2019-12-16, Sample duration=1d, Orig. time res.=3d, Blank correction=Blank corrected, Volume std. temperature=ambient, Volume std. pressure=ambient
potassium, ug/m3, Revision date=20181210133000
numflag potassium, no unit, Revision date=20181210133000
sulphate_total, ug S/m3, Revision date=20181210133000
numflag sulphate_total, no unit, Revision date=20181210133000
0
25
Data definition:              EBAS_1.1
Set type code:                TU
Timezone:                     UTC
File name:                    US9012R.20060102070000.20191216000000.filterpack..pm25.52w.1w.US03L_filterpack_US9012.US03L_IMPROVE_Davis.lev2.nas
File creation:                20191218120558
Startdate:                    20060102070000
Revision date:                20191216000000
Statistics:                   arithmetic mean
Data level:                   2
Period code:                  52w
Resolution code:              1w
Station code:                 US9012R
Platform code:                US9012S
Station name:                 Monture
Station latitude:             47.1222
Station longitude:            -113.1544
Station altitude:             1282.0 m
Regime:                       IMG
Component:                    
Matrix:                       pm25
Laboratory code:              US03L
Instrument type:              filterpack
Instrument name:              filterpack_US9012
Method ref:                   US03L_IMPROVE_Davis
starttime endtime Fe flag_Fe Pb flag_Pb Mg++ flag_Mg++ Ni flag_Ni NO3- flag_NO3- OC flag_OC OM flag_OM P flag_P PM10 flag_PM10 PM10-PM2.5 flag_PM10-PM2.5 PM2.5 flag_PM2.5 K+ flag_K+ SO4-- flag_SO4--
  1.291667   2.291667    2.67 0.000  0.18 0.000 9.999 0.259000 9.99 0.259000 0.006 0.000000   0.163 0.000   0.229 0.000 99.99 0.259000   0.415 0.000   0.074 0.000   0.342 0.000 0.003 0.000 0.015 0.000000
  4.291667   5.291667    1.32 0.000  0.24 0.000 0.009 0.000000 9.99 0.259000 0.008 0.000000   0.367 0.000   0.514 0.000 99.99 0.259000   0.959 0.000   0.134 0.000   0.825 0.000 0.005 0.000 0.029 0.000000
  7.291667   8.291667    0.97 0.000  0.35 0.000 9.999 0.259000 9.99 0.259000 0.007 0.000000   0.197 0.000   0.276 0.000 99.99 0.259000   0.498 0.000 999.999 0.259   0.957 0.000 0.011 0.000 0.016 0.000000
 10.291667  11.291667    1.59 0.000  0.16 0.000 9.999 0.259000 9.99 0.259000 0.002 0.000000   0.197 0.000   0.275 0.000  2.31 0.000000   0.415 0.000 999.999 0.259   0.436 0.000 0.005 0.000 0.014 0.000000
 13.291667  14.291667    1.83 0.000  0.37 0.000 9.999 0.259000 9.99 0.259000 0.013 0.000000   0.886 0.000   1.241 0.000 99.99 0.259000   1.587 0.000 999.999 0.259   1.603 0.000 0.005 0.000 0.016 0.000000
 16.291667  17.291667    3.15 0.000  0.33 0.000 9.999 0.259000 0.15 0.000000 0.006 0.000000   0.365 0.000   0.511 0.000 99.99 0.259000   0.778 0.000 999.999 0.259   0.862 0.000 0.007 0.000 0.047 0.000000
 19.291667  20.291667 9999.99 0.999 99.99 0.999 9.999 0.999000 9.99 0.999000 9.999 0.999000 999.999 0.999 999.999 0.999 99.99 0.999000 999.999 0.999 999.999 0.999 999.999 0.999 9.999 0.999 9.999 0.999000
 22.291667  23.291667    4.98 0.000  0.31 0.000 0.005 0.000000 9.99 0.259000 0.004 0.000000   0.352 0.000   0.493 0.000 99.99 0.259000   1.259 0.000   0.497 0.000   0.762 0.000 0.011 0.000 0.048 0.000000
 25.291667  26.291667   11.09 0.000  0.26 0.000 9.999 0.259000 9.99 0.259000 0.009 0.000000   0.319 0.000   0.446 0.000 99.99 0.259000   1.135 0.000   0.358 0.000   0.777 0.000 0.012 0.000 0.034 0.000000
 28.291667  29.291667    1.15 0.000  0.22 0.000 9.999 0.259000 9.99 0.259000 0.006 0.000000   0.124 0.000   0.173 0.000 99.99 0.259000   0.419 0.000   0.264 0.000   0.216 0.000 0.007 0.000 0.021 0.000000
 31.291667  32.291667    2.48 0.000 99.99 0.259 9.999 0.259000 9.99 0.259000 0.011 0.000000   0.162 0.000   0.227 0.000 99.99 0.259000   1.048 0.000   0.139 0.000   0.910 0.000 0.006 0.000 0.032 0.000000
 34.291667  35.291667    3.03 0.000  0.29 0.000 9.999 0.259000 9.99 0.259000 0.008 0.000000   0.993 0.000   1.391 0.000  2.25 0.000000   1.224 0.000   0.161 0.000   1.064 0.000 0.008 0.000 0.044 0.000000
 37.291667  38.291667    7.39 0.000 99.99 0.259 9.999 0.259000 9.99 0.259000 0.025 0.000000   0.490 0.000   0.686 0.000 99.99 0.259000   2.713 0.000   0.555 0.000   2.159 0.000 0.013 0.000 0.042 0.000000
 40.291667  41.291667    4.23 0.000  0.23 0.000 9.999 0.259000 9.99 0.259000 0.014 0.000000   0.243 0.000   0.340 0.000 99.99 0.259000   1.617 0.000   0.572 0.000   1.045 0.000 0.009 0.000 0.080 0.000000
 43.291667  44.291667    7.64 0.000  0.59 0.000 9.999 0.259000 9.99 0.259000 0.015 0.000000   0.793 0.000   1.110 0.000 99.99 0.259000   2.666 0.000   0.591 0.000   2.075 0.000 0.021 0.000 0.074 0.000000
 46.291667  47.291667    6.72 0.000  0.36 0.000 9.999 0.259000 9.99 0.259000 0.063 0.000000   0.325 0.000   0.455 0.000 99.99 0.259000   2.698 0.000   0.955 0.000   1.742 0.000 0.013 0.000 0.204 0.000000
 49.291667  50.291667    4.93 0.000  0.56 0.000 9.999 0.259000 9.99 0.259000 0.017 0.000000   0.351 0.000   0.492 0.000 99.99 0.259000   1.201 0.000   0.148 0.000   1.054 0.000 0.012 0.000 0.108 0.000000
 52.291667  53.291667    7.69 0.000  0.34 0.000 0.012 0.000000 9.99 0.259000 0.012 0.559000   0.363 0.000   0.508 0.000 99.99 0.259000   1.095 0.000   0.504 0.000   0.592 0.000 0.010 0.000 0.051 0.559000
 55.291667  56.291667   14.24 0.000  0.64 0.000 9.999 0.259000 9.99 0.259000 0.021 0.000000   1.565 0.000   2.190 0.000 99.99 0.259000   3.723 0.000   0.727 0.000   2.996 0.000 0.017 0.000 0.118 0.000000
 58.291667  59.291667    4.11 0.000  0.19 0.000 9.999 0.259000 9.99 0.259000 0.003 0.000000   0.274 0.000   0.383 0.000 99.99 0.259000   0.675 0.000   0.268 0.000   0.407 0.000 0.005 0.000 0.020 0.000000
 61.291667  62.291667   15.57 0.000  0.63 0.000 9.999 0.259000 9.99 0.259000 0.056 0.000000   0.751 0.000   1.051 0.000 99.99 0.259000   4.001 0.000   0.842 0.000   3.159 0.000 0.019 0.000 0.285 0.000000
 64.291667  65.291667    4.59 0.000  0.57 0.000 9.999 0.259000 9.99 0.259000 0.008 0.000000   0.547 0.000   0.765 0.000 99.99 0.259000   1.475 0.000   0.222 0.000   1.253 0.000 0.008 0.000 0.046 0.000000
 67.291667  68.291667    4.37 0.000  0.25 0.000 9.999 0.259000 9.99 0.259000 0.008 0.000000   0.148 0.000   0.207 0.000 99.99 0.259000   1.772 0.000   1.173 0.000   0.599 0.000 0.008 0.000 0.044 0.000000
 70.291667  71.291667    7.93 0.000  0.92 0.000 9.999 0.259000 9.99 0.259000 0.031 0.559000   0.264 0.000   0.369 0.000 99.99 0.259000   4.592 0.000   0.533 0.000   4.059 0.000 0.015 0.000 0.721 0.559000
 73.291667  74.291667    6.34 0.000  0.42 0.000 9.999 0.259000 9.99 0.259000 0.012 0.000000   0.191 0.000   0.268 0.000 99.99 0.259000   1.354 0.000   0.353 0.000   1.001 0.000 0.009 0.000 0.064 0.000000
 76.291667  77.291667    7.72 0.000  0.40 0.000 9.999 0.259000 9.99 0.259000 0.008 0.000000   0.341 0.000   0.477 0.000 99.99 0.259000   1.778 0.000   0.931 0.000   0.848 0.000 0.010 0.000 0.040 0.000000
 79.291667  80.291667    5.31 0.000  0.56 0.000 9.999 0.259000 9.99 0.259000 0.035 0.000000   0.334 0.000   0.467 0.000 99.99 0.259000   2.915 0.000   0.378 0.000   2.537 0.000 0.008 0.000 0.328 0.000000
 82.291667  83.291667  144.57 0.000  0.92 0.000 0.088 0.000000 9.99 0.259000 0.043 0.000000   0.491 0.000   0.687 0.000 99.99 0.259000   8.086 0.000   3.714 0.000   4.372 0.000 0.077 0.000 0.169 0.000000
 85.291667  86.291667   20.45 0.000  0.47 0.000 9.999 0.259000 0.17 0.000000 0.012 0.000000   0.174 0.000   0.243 0.000 99.99 0.259000   1.942 0.000   0.598 0.000   1.344 0.000 0.014 0.000 0.100 0.000000
 88.291667  89.291667   36.42 0.000  1.21 0.000 9.999 0.259000 9.99 0.259000 0.021 0.000000   0.525 0.000   0.735 0.000 99.99 0.259000   3.968 0.000   1.182 0.000   2.786 0.000 0.034 0.000 0.267 0.000000
 91.291667  92.291667    4.77 0.000 99.99 0.259 9.999 0.259000 9.99 0.259000 0.006 0.000000   0.057 0.000   0.079 0.000 99.99 0.259000   0.798 0.000   0.306 0.000   0.492 0.000 0.008 0.000 0.048 0.000000
 94.291667  95.291667    2.21 0.000 99.99 0.259 9.999 0.259000 9.99 0.259000 0.002 0.000000   0.219 0.000   0.306 0.000 99.99 0.259000   1.214 0.000   0.491 0.000   0.723 0.000 0.004 0.000 0.021 0.000000
 97.291667  98.291667    3.30 0.000 99.99 0.259 9.999 0.259000 9.99 0.259000 0.005 0.000000   0.514 0.000   0.720 0.000 99.99 0.259000   1.726 0.000   0.315 0.000   1.412 0.000 0.006 0.000 0.048 0.000000
100.291667 101.291667    7.84 0.000  0.40 0.000 0.009 0.000000 0.21 0.000000 0.006 0.000000   0.265 0.000   0.371 0.000 99.99 0.259000   1.134 0.000   0.259 0.000   0.875 0.000 0.009 0.000 0.039 0.000000
103.291667 104.291667    9.04 0.000  0.40 0.000 9.999 0.259000 9.99 0.259000 0.006 0.000000   0.494 0.000   0.692 0.000 99.99 0.259000   1.707 0.000   0.633 0.000   1.074 0.000 0.012 0.000 0.069 0.000000
106.291667 107.291667   10.92 0.000  0.36 0.000 0.008 0.000000 9.99 0.259000 0.006 0.000000   0.074 0.000   0.103 0.000 99.99 0.259000   1.514 0.000   0.730 0.000   0.784 0.000 0.013 0.000 0.061 0.000000
109.291667 110.291667   77.82 0.000  0.72 0.000 0.046 0.000000 9.99 0.259000 0.018 0.000000   0.495 0.000   0.693 0.000 99.99 0.259000   5.370 0.000   2.005 0.000   3.365 0.000 0.051 0.000 0.124 0.000000
112.291667 113.291667   14.71 0.000 99.99 0.259 9.999 0.259000 9.99 0.259000 0.027 0.000000   0.124 0.000   0.174 0.000 99.99 0.259000   3.102 0.000   1.018 0.000   2.083 0.000 0.010 0.000 0.265 0.000000
115.291667 116.291667   90.44 0.000  1.33 0.000 0.043 0.000000 9.99 0.259000 0.033 0.559000   0.982 0.000   1.375 0.000 99.99 0.259000   8.269 0.000   3.617 0.000   4.652 0.000 0.062 0.000 0.245 0.559000
118.291667 119.291667   61.05 0.000  0.77 0.000 0.028 0.000000 9.99 0.259000 0.015 0.000000   3.118 0.000   4.364 0.000 99.99 0.259000   9.806 0.000   2.611 0.000   7.196 0.000 0.055 0.000 0.119 0.000000
121.291667 122.291667   69.02 0.000  0.53 0.000 9.999 0.259000 9.99 0.259000 0.018 0.559000   0.432 0.000   0.605 0.000 99.99 0.259000   9.481 0.000   6.660 0.000   2.821 0.000 0.030 0.000 0.138 0.559000
124.291667 125.291667   78.21 0.000  0.98 0.000 0.009 0.000000 9.99 0.259000 0.019 0.000000   0.630 0.000   0.883 0.000 99.99 0.259000   6.856 0.000   2.621 0.000   4.236 0.000 0.053 0.000 0.328 0.000000
127.291667 128.291667   22.08 0.000  0.60 0.000 9.999 0.259000 9.99 0.259000 0.007 0.559000   0.255 0.000   0.357 0.000 99.99 0.259000   2.480 0.000   0.751 0.000   1.729 0.000 0.018 0.000 0.109 0.559000
130.291667 131.291667   71.17 0.000  1.00 0.000 9.999 0.259000 9.99 0.259000 0.022 0.559000   0.656 0.000   0.919 0.000 99.99 0.259000   7.085 0.000   3.154 0.000   3.931 0.000 0.047 0.000 0.232 0.559000
133.291667 134.291667  111.86 0.000  1.64 0.000 9.999 0.259000 9.99 0.259000 0.017 0.559000   1.077 0.000   1.508 0.000 99.99 0.259000   9.107 0.000   3.609 0.000   5.498 0.000 0.082 0.000 0.277 0.559000
136.291667 137.291667   63.10 0.000  0.87 0.000 9.999 0.259000 9.99 0.259000 0.013 0.559000   2.011 0.000   2.815 0.000 99.99 0.259000   9.453 0.000   3.698 0.000   5.755 0.000 0.050 0.000 0.149 0.559000
139.291667 140.291667   16.01 0.000  0.46 0.000 9.999 0.259000 0.11 0.000000 0.005 0.559000   0.691 0.000   0.967 0.000 99.99 0.259000   3.135 0.000   1.071 0.000   2.064 0.000 0.012 0.000 0.060 0.559000
142.291667 143.291667   18.28 0.000  0.44 0.000 9.999 0.259000 9.99 0.259000 0.006 0.559000   0.526 0.000   0.737 0.000 99.99 0.259000   3.330 0.000   1.466 0.000   1.864 0.000 0.020 0.000 0.100 0.559000
145.291667 146.291667   12.70 0.000  0.50 0.000 9.999 0.259000 9.99 0.259000 0.004 0.000000   0.414 0.000   0.580 0.000 99.99 0.259000   2.367 0.000   1.081 0.000   1.285 0.000 0.018 0.000 0.066 0.000000
148.291667 149.291667    1.68 0.000  0.24 0.000 9.999 0.259000 9.99 0.259000 0.003 0.559000   0.308 0.000   0.431 0.000 99.99 0.259000   1.254 0.000   0.503 0.000   0.751 0.000 0.011 0.000 0.015 0.559000
151.291667 152.291667   26.73 0.000  0.45 0.000 0.023 0.000000 9.99 0.259000 0.008 0.559000   0.682 0.000   0.954 0.000 99.99 0.259000   5.181 0.000   2.530 0.000   2.651 0.000 0.024 0.000 0.117 0.559000
154.291667 155.291667   10.04 0.000  0.54 0.000 9.999 0.259000 9.99 0.259000 0.004 0.559000   0.482 0.000   0.675 0.000 99.99 0.259000   2.798 0.000   1.238 0.000   1.560 0.000 0.014 0.000 0.066 0.559000
157.291667 158.291667   23.24 0.000  0.46 0.000 0.017 0.000000 9.99 0.259000 0.007 0.559000   1.148 0.000   1.607 0.000 99.99 0.259000   5.649 0.000   2.245 0.000   3.404 0.000 0.023 0.000 0.118 0.559000
160.291667 161.291667    1.03 0.000  0.22 0.000 9.999 0.259000 0.07 0.000000 0.001 0.559000   0.323 0.000   0.452 0.000  4.39 0.000000   1.659 0.000   1.093 0.000   0.566 0.000 0.007 0.000 0.011 0.559000
163.291667 164.291667   24.57 0.394  0.43 0.394 0.016 0.394000 9.99 0.394259 0.015 0.559394   1.124 0.394   1.573 0.394 99.99 0.394259   7.569 0.000   3.494 0.394   4.074 0.000 0.026 0.394 0.253 0.559394
166.291667 167.291667   12.85 0.000  0.60 0.000 9.999 0.259000 9.99 0.259000 0.007 0.559000   0.390 0.000   0.546 0.000 99.99 0.259000   3.475 0.000   1.867 0.000   1.608 0.000 0.018 0.000 0.088 0.559000
169.291667 170.291667   18.25 0.000  0.67 0.000 9.999 0.259000 9.99 0.259000 0.007 0.000000   0.767 0.000   1.074 0.000 99.99 0.259000   4.565 0.000   1.657 0.000   2.908 0.000 0.028 0.000 0.186 0.000000
172.291667 173.291667   45.41 0.000  0.76 0.000 9.999 0.259000 9.99 0.259000 0.008 0.000000   0.727 0.000   1.018 0.000 99.99 0.259000  11.582 0.000   8.211 0.000   3.371 0.000 0.049 0.000 0.185 0.000000
175.291667 176.291667   38.16 0.000  0.92 0.000 0.023 0.000000 9.99 0.259000 0.008 0.000000   1.144 0.000   1.602 0.000 99.99 0.259000   9.417 0.000   4.651 0.000   4.766 0.000 0.039 0.000 0.282 0.000000
178.291667 179.291667   60.44 0.000  0.58 0.000 0.027 0.000000 9.99 0.259000 0.009 0.559000   1.806 0.000   2.529 0.000 99.99 0.259000   9.956 0.000   4.615 0.000   5.340 0.000 0.053 0.000 0.186 0.559000
181.291667 182.291667   28.53 0.000  0.64 0.000 0.014 0.000000 9.99 0.259000 0.009 0.000000   1.184 0.000   2.131 0.000 99.99 0.259000   7.471 0.000   3.732 0.000   3.739 0.000 0.041 0.000 0.158 0.000000
184.291667 185.291667 9999.99 0.456 99.99 0.456 9.999 0.456000 9.99 0.456000 0.004 0.559000   1.273 0.000   2.292 0.000 99.99 0.456000   9.072 0.000 999.999 0.456 999.999 0.456 9.999 0.456 0.117 0.559000
187.291667 188.291667   33.55 0.000  0.36 0.000 9.999 0.259000 9.99 0.259000 0.012 0.000000   0.833 0.000   1.500 0.000 99.99 0.259000   6.838 0.000   3.771 0.000   3.067 0.000 0.049 0.000 0.144 0.000000
190.291667 191.291667   65.02 0.000  0.64 0.000 0.045 0.000000 9.99 0.259000 0.007 0.000000   1.077 0.000   1.938 0.000 99.99 0.259000  12.237 0.000   8.404 0.000   3.833 0.000 0.068 0.000 0.081 0.000000
193.291667 194.291667   31.68 0.000  0.38 0.000 9.999 0.259000 9.99 0.259000 0.005 0.559000   0.340 0.000   0.612 0.000 99.99 0.259000   6.486 0.000   4.613 0.000   1.873 0.000 0.034 0.000 0.065 0.559000
196.291667 197.291667   59.45 0.000  0.41 0.000 0.036 0.000000 0.13 0.000000 0.005 0.000000   0.739 0.000   1.331 0.000 99.99 0.259000   9.836 0.000   6.871 0.000   2.966 0.000 0.054 0.000 0.088 0.000000
199.291667 200.291667   72.60 0.000  0.35 0.000 0.040 0.000000 9.99 0.259000 0.008 0.000000   0.624 0.000   1.122 0.000 99.99 0.259000   7.032 0.000   3.691 0.000   3.341 0.000 0.065 0.000 0.081 0.000000
202.291667 203.291667  261.74 0.000  0.47 0.000 0.249 0.000000 0.11 0.000000 0.008 0.000000   2.062 0.000   3.712 0.000 99.99 0.259000  23.168 0.000  12.812 0.000  10.356 0.000 0.266 0.000 0.121 0.000000
205.291667 206.291667   76.87 0.000  0.34 0.000 0.033 0.000000 9.99 0.259000 0.010 0.000000   1.514 0.000   2.726 0.000 99.99 0.259000  15.199 0.000   9.473 0.000   5.726 0.000 0.084 0.000 0.112 0.000000
208.291667 209.291667  244.58 0.000  0.42 0.000 0.218 0.000000 9.99 0.259000 0.012 0.000000   2.408 0.000   4.335 0.000 99.99 0.259000  27.914 0.000  16.519 0.000  11.395 0.000 0.264 0.000 0.110 0.000000
211.291667 212.291667 9999.99 0.699 99.99 0.699 9.999 0.699000 9.99 0.699000 0.012 0.000000   0.862 0.000   1.551 0.000 99.99 0.699000  23.229 0.000 999.999 0.699 999.999 0.699 9.999 0.699 0.069 0.000000
214.291667 215.291667   86.44 0.000  0.27 0.000 0.062 0.000000 9.99 0.259000 0.011 0.000000   1.539 0.000   2.770 0.000 99.99 0.259000   9.386 0.000   3.905 0.000   5.481 0.000 0.095 0.000 0.093 0.000000
217.291667 218.291667 9999.99 0.999 99.99 0.999 9.999 0.999000 9.99 0.999000 9.999 0.999000 999.999 0.999 999.999 0.999 99.99 0.999000 999.999 0.999 999.999 0.999 999.999 0.999 9.999 0.999 9.999 0.999000
220.291667 221.291667   71.45 0.000  0.41 0.000 0.051 0.000000 9.99 0.259000 0.010 0.000000   1.567 0.000   2.821 0.000 99.99 0.259000   8.374 0.000   3.454 0.000   4.920 0.000 0.090 0.000 0.112 0.000000
223.291667 224.291667 9999.99 0.456 99.99 0.456 9.999 0.456000 9.99 0.456000 9.999 0.456000 999.999 0.456 999.999 0.456 99.99 0.456000 999.999 0.456 999.999 0.456 999.999 0.456 9.999 0.456 9.999 0.456000
226.291667 227.291667   45.35 0.000  0.66 0.000 0.020 0.000000 9.99 0.259000 0.016 0.000000   4.680 0.000   8.423 0.000 99.99 0.259000  14.129 0.000   3.262 0.000  10.867 0.000 0.086 0.000 0.113 0.000000
229.291667 230.291667   21.43 0.000  0.44 0.000 0.014 0.000000 9.99 0.259000 0.007 0.000000   1.904 0.000   3.427 0.000 99.99 0.259000   5.761 0.000   1.369 0.000   4.392 0.000 0.036 0.000 0.083 0.000000
232.291667 233.291667   38.01 0.000  0.47 0.000 0.014 0.000000 9.99 0.259000 0.016 0.000000   3.202 0.000   5.764 0.000 99.99 0.259000  10.849 0.000   3.319 0.000   7.530 0.000 0.069 0.000 0.113 0.000000
