scripts/IMPROVE-2019_partial/data/US9036R.19890104070000.20191216000000.filterpack...1y.3d.US03L_filterpack_US9036.US03L_IMPROVE_Davis.lev2.nas
51 1001
MISSING INFORMATION
US03L, IMPROVE, , , , , , , 
MISSING INFORMATION
IMPROVE sel_HTAP
1 1
1989 01 01 2019 12 16
0
days from file reference point
4
1 1 1 1
999.999999 999.999 999.999 9.999
end_time of measurement, days from the file reference point
pm10_mass, ug/m3, Matrix=pm10
pm25_mass, ug/m3, Matrix=pm25
numflag, no unit
0
33
Data definition:              EBAS_1.1
Set type code:                TI
Timezone:                     UTC
File name:                    US9036R.19890104070000.20191216000000.filterpack...1y.3d.US03L_filterpack_US9036.US03L_IMPROVE_Davis.lev2.nas
File creation:                20191218120744
Startdate:                    19890104070000
Revision date:                20191216000000
Version:                      2
Version description:          "Data extracted from http://views.cira.colostate.edu/fed/DataWizard 2019-12-16"
Statistics:                   arithmetic mean
Data level:                   2
Period code:                  1y
Resolution code:              3d
Sample duration:              1d
Orig. time res.:              3d
Station code:                 US9036R
Platform code:                US9036S
Station name:                 Tonto NM
Station latitude:             33.6548
Station longitude:            -111.1068
Station altitude:             775.0 m
Regime:                       IMG
Component:                    
Unit:                         ug/m3
Matrix:                       
Laboratory code:              US03L
Instrument type:              filterpack
Instrument name:              filterpack_US9036
Method ref:                   US03L_IMPROVE_Davis
Blank correction:             Blank corrected
Volume std. temperature:      ambient
Volume std. pressure:         ambient
starttime endtime PM10 PM2.5 flag
  3.291667   4.291667   4.829   2.460 0.000
  6.291667   7.291667 999.999   2.233 0.000
 10.291667  11.291667   6.452   5.776 0.000
 13.291667  14.291667   6.162   3.994 0.000
 17.291667  18.291667   5.283   2.943 0.000
 20.291667  21.291667  14.416   6.873 0.000
 24.291667  25.291667   3.933   2.909 0.000
 27.291667  28.291667   4.157   3.196 0.000
 31.291667  32.291667   9.394   4.680 0.000
 34.291667  35.291667   8.939   2.533 0.000
 38.291667  39.291667  10.526   7.256 0.000
 41.291667  42.291667  12.895   5.552 0.000
 45.291667  46.291667  11.071   3.877 0.000
 48.291667  49.291667   7.991   3.938 0.000
 52.291667  53.291667   4.852   1.747 0.000
 55.291667  56.291667  13.296   4.482 0.000
 59.291667  60.291667  13.647   4.420 0.000
 62.291667  63.291667   8.069   2.771 0.000
 66.291667  67.291667   9.813   4.923 0.000
 69.291667  70.291667  20.267   7.712 0.000
 73.291667  74.291667  20.849   6.959 0.000
 76.291667  77.291667  15.129   4.688 0.000
 80.291667  81.291667  11.825   3.912 0.000
 83.291667  84.291667  23.726   5.492 0.000
 87.291667  88.291667  10.634   5.500 0.000
 90.291667  91.291667  14.925   5.281 0.000
 94.291667  95.291667   5.778   2.539 0.000
 97.291667  98.291667  12.185   4.478 0.000
101.291667 102.291667  14.302   7.353 0.000
104.291667 105.291667  17.660   5.563 0.000
108.291667 109.291667 999.999 999.999 0.999
111.291667 112.291667 999.999 999.999 0.999
115.291667 116.291667 999.999 999.999 0.999
118.291667 119.291667 999.999 999.999 0.999
122.291667 123.291667  17.212   7.848 0.000
125.291667 126.291667  20.000   8.000 0.000
129.291667 130.291667 999.999 999.999 0.999
132.291667 133.291667 999.999 999.999 0.999
136.291667 137.291667 999.999 999.999 0.999
139.291667 140.291667  20.849   8.210 0.000
143.291667 144.291667  26.269   6.801 0.000
146.291667 147.291667  21.385   6.413 0.000
150.291667 151.291667  17.715   6.411 0.000
153.291667 154.291667  14.701   5.065 0.000
157.291667 158.291667  16.364   7.452 0.000
160.291667 161.291667  18.675   6.562 0.000
164.291667 165.291667  20.516   8.766 0.000
167.291667 168.291667  26.172   9.490 0.000
171.291667 172.291667  27.976   9.904 0.000
174.291667 175.291667  22.510   6.940 0.000
178.291667 179.291667 999.999 999.999 0.999
181.291667 182.291667 999.999 999.999 0.999
185.291667 186.291667 999.999 999.999 0.999
188.291667 189.291667 999.999 999.999 0.999
192.291667 193.291667  17.033   9.188 0.000
195.291667 196.291667  24.146   8.987 0.000
199.291667 200.291667  21.592  12.364 0.000
202.291667 203.291667  17.592   8.135 0.000
206.291667 207.291667  10.843   5.968 0.000
209.291667 210.291667  10.038   5.000 0.000
213.291667 214.291667  21.822   5.402 0.000
216.291667 217.291667  12.937   4.405 0.000
220.291667 221.291667  27.899   8.333 0.000
223.291667 224.291667  10.038   4.057 0.000
227.291667 228.291667   9.019   4.473 0.000
230.291667 231.291667   9.925   4.441 0.000
234.291667 235.291667   8.015   4.490 0.000
237.291667 238.291667   8.277   2.930 0.000
241.291667 242.291667  12.778   4.748 0.000
244.291667 245.291667  15.530   5.269 0.000
248.291667 249.291667 999.999 999.999 0.999
251.291667 252.291667  13.197   4.037 0.000
255.291667 256.291667 999.999 999.999 0.999
258.291667 259.291667  12.564   5.166 0.000
262.291667 263.291667  18.030   5.061 0.000
265.291667 266.291667  26.464   7.402 0.000
269.291667 270.291667  13.594   5.762 0.000
272.291667 273.291667  12.349   5.152 0.000
276.291667 277.291667   7.123   3.795 0.000
279.291667 280.291667   6.807   3.593 0.000
283.291667 284.291667   8.459   4.364 0.000
286.291667 287.291667  12.330   5.229 0.000
290.291667 291.291667  16.575   6.389 0.000
293.291667 294.291667  13.066   5.463 0.000
297.291667 298.291667  13.213   5.266 0.000
300.291667 301.291667  18.894   6.955 0.000
304.291667 305.291667 999.999  31.577 0.000
307.291667 308.291667 999.999 999.999 0.999
311.291667 312.291667 999.999  27.321 0.000
314.291667 315.291667  21.710  17.244 0.000
318.291667 319.291667  14.906   7.523 0.000
321.291667 322.291667   8.075   3.938 0.000
325.291667 326.291667  10.110   5.562 0.000
328.291667 329.291667  11.655   5.500 0.000
332.291667 333.291667  13.058   3.031 0.000
335.291667 336.291667   9.412   3.072 0.000
339.291667 340.291667  12.996   5.723 0.000
342.291667 343.291667  10.187   4.591 0.000
346.291667 347.291667   6.604 999.999 0.000
349.291667 350.291667   8.302   4.327 0.000
353.291667 354.291667   8.782   4.057 0.000
356.291667 357.291667  21.165  10.900 0.000
360.291667 361.291667  15.699   7.428 0.000
363.291667 364.291667   3.750   3.183 0.000
