scripts/IMPROVE-2019_partial/data/US9003R.20090101050000.20191216000000.filterpack...52w.3d.US03L_filterpack_US9003.US03L_IMPROVE_Davis.lev2.nas
51 1001
MISSING INFORMATION
US03L, IMPROVE, , , , , , , 
MISSING INFORMATION
IMPROVE sel_HTAP
1 1
2009 01 01 2019 12 16
3.000000
days from file reference point
4
1 1 1 1
999.999999 999.999 999.999 9.999
end_time of measurement, days from the file reference point
pm10_mass, ug/m3, Matrix=pm10
pm25_mass, ug/m3, Matrix=pm25
numflag, no unit
0
33
Data definition:              EBAS_1.1
Set type code:                TU
Timezone:                     UTC
File name:                    US9003R.20090101050000.20191216000000.filterpack...52w.3d.US03L_filterpack_US9003.US03L_IMPROVE_Davis.lev2.nas
File creation:                20191218120527
Startdate:                    20090101050000
Revision date:                20191216000000
Version:                      2
Version description:          "Data extracted from http://views.cira.colostate.edu/fed/DataWizard 2019-12-16"
Statistics:                   arithmetic mean
Data level:                   2
Period code:                  52w
Resolution code:              3d
Sample duration:              1d
Orig. time res.:              3d
Station code:                 US9003R
Platform code:                US9003S
Station name:                 Mohawk Mt.
Station latitude:             41.8214
Station longitude:            -73.2973
Station altitude:             521.0 m
Regime:                       IMG
Component:                    
Unit:                         ug/m3
Matrix:                       
Laboratory code:              US03L
Instrument type:              filterpack
Instrument name:              filterpack_US9003
Method ref:                   US03L_IMPROVE_Davis
Blank correction:             Blank corrected
Volume std. temperature:      ambient
Volume std. pressure:         ambient
starttime endtime PM10 PM2.5 flag
  0.208333   1.208333 999.999   2.054 0.000
  3.208333   4.208333 999.999   1.792 0.000
  6.208333   7.208333 999.999   1.412 0.000
  9.208333  10.208333 999.999   2.904 0.000
 12.208333  13.208333 999.999   6.271 0.000
 15.208333  16.208333 999.999   5.370 0.000
 18.208333  19.208333 999.999  11.289 0.000
 21.208333  22.208333 999.999  11.296 0.000
 24.208333  25.208333 999.999   3.853 0.000
 27.208333  28.208333 999.999   4.856 0.000
 30.208333  31.208333 999.999   4.680 0.000
 33.208333  34.208333 999.999   2.807 0.000
 36.208333  37.208333 999.999   6.078 0.000
 39.208333  40.208333 999.999   2.658 0.000
 42.208333  43.208333 999.999   2.224 0.000
 45.208333  46.208333 999.999   1.254 0.000
 48.208333  49.208333 999.999   3.617 0.000
 51.208333  52.208333 999.999   3.575 0.000
 54.208333  55.208333 999.999   2.120 0.000
 57.208333  58.208333 999.999   5.801 0.000
 60.208333  61.208333 999.999   3.678 0.000
 63.208333  64.208333 999.999   7.770 0.000
 66.208333  67.208333 999.999   6.814 0.000
 69.208333  70.208333 999.999   4.639 0.000
 72.208333  73.208333 999.999  10.402 0.000
 75.208333  76.208333 999.999   8.678 0.000
 78.208333  79.208333 999.999   3.479 0.000
 81.208333  82.208333 999.999   2.325 0.000
 84.208333  85.208333 999.999   5.032 0.000
 87.208333  88.208333 999.999   0.468 0.000
 90.208333  91.208333 999.999   3.740 0.000
 93.208333  94.208333 999.999   0.873 0.000
 96.208333  97.208333 999.999   2.044 0.000
 99.208333 100.208333 999.999   6.492 0.000
102.208333 103.208333 999.999   2.598 0.000
105.208333 106.208333 999.999   4.114 0.000
108.208333 109.208333 999.999   4.067 0.000
111.208333 112.208333 999.999   4.826 0.000
114.208333 115.208333 999.999   9.861 0.000
117.208333 118.208333 999.999   8.546 0.000
120.208333 121.208333 999.999   8.275 0.000
123.208333 124.208333 999.999   6.887 0.000
126.208333 127.208333 999.999   2.708 0.000
129.208333 130.208333 999.999   3.016 0.000
132.208333 133.208333 999.999   6.057 0.000
135.208333 136.208333 999.999   6.130 0.000
138.208333 139.208333 999.999   3.331 0.000
141.208333 142.208333 999.999  10.681 0.000
144.208333 145.208333 999.999   5.024 0.000
147.208333 148.208333 999.999   1.109 0.000
150.208333 151.208333 999.999   4.909 0.000
153.208333 154.208333 999.999   3.486 0.000
156.208333 157.208333 999.999   4.535 0.000
159.208333 160.208333 999.999   2.267 0.000
162.208333 163.208333 999.999   2.806 0.000
165.208333 166.208333 999.999   3.390 0.000
168.208333 169.208333 999.999   0.981 0.000
171.208333 172.208333 999.999   2.097 0.000
174.208333 175.208333 999.999   1.373 0.000
177.208333 178.208333 999.999   3.833 0.000
180.208333 181.208333 999.999   8.452 0.000
183.208333 184.208333 999.999   5.242 0.000
186.208333 187.208333 999.999   5.843 0.000
189.208333 190.208333   5.884   3.958 0.000
192.208333 193.208333   6.938   4.529 0.000
195.208333 196.208333   7.445   3.282 0.000
198.208333 199.208333 999.999 999.999 0.999
201.208333 202.208333 999.999 999.999 0.999
204.208333 205.208333   4.072   1.821 0.000
207.208333 208.208333  14.341   9.876 0.000
210.208333 211.208333  10.417   6.124 0.000
213.208333 214.208333   9.800   7.270 0.000
216.208333 217.208333  18.926  15.481 0.000
219.208333 220.208333   3.718   1.978 0.000
222.208333 223.208333   7.983   4.996 0.000
225.208333 226.208333   7.291   4.689 0.000
228.208333 229.208333  25.274  21.698 0.000
231.208333 232.208333  18.192  14.021 0.000
234.208333 235.208333   5.738   3.419 0.000
237.208333 238.208333  17.806  14.633 0.000
240.208333 241.208333   1.638   1.153 0.000
243.208333 244.208333   4.229   2.513 0.000
246.208333 247.208333  12.125   8.207 0.000
249.208333 250.208333   8.250   4.978 0.000
252.208333 253.208333   8.645   3.569 0.000
255.208333 256.208333   5.864   3.245 0.000
258.208333 259.208333   7.270   3.747 0.000
261.208333 262.208333   2.887   1.243 0.000
264.208333 265.208333   6.675   3.491 0.000
267.208333 268.208333   4.692   1.936 0.000
270.208333 271.208333   8.098   5.622 0.000
273.208333 274.208333   2.487   1.397 0.000
276.208333 277.208333  10.007   5.890 0.000
279.208333 280.208333   6.063   2.334 0.000
282.208333 283.208333   4.617   2.745 0.000
285.208333 286.208333   4.199   2.950 0.000
288.208333 289.208333   3.964   2.279 0.000
291.208333 292.208333   5.940   4.232 0.000
294.208333 295.208333  14.461   9.591 0.000
297.208333 298.208333   4.461   2.893 0.000
300.208333 301.208333   0.994   0.731 0.000
303.208333 304.208333   3.488   2.204 0.000
306.208333 307.208333   6.893   3.990 0.000
309.208333 310.208333   2.085   1.565 0.000
312.208333 313.208333  18.136  13.221 0.000
315.208333 316.208333   2.992   1.645 0.000
318.208333 319.208333   3.197   1.874 0.000
321.208333 322.208333   7.404   4.567 0.000
324.208333 325.208333   5.727   5.141 0.000
327.208333 328.208333   1.897   1.792 0.000
330.208333 331.208333   3.859   3.295 0.000
333.208333 334.208333   6.092   4.712 0.000
336.208333 337.208333   2.548   1.484 0.000
339.208333 340.208333   5.446   4.765 0.000
342.208333 343.208333   3.230   2.734 0.000
345.208333 346.208333   4.849   2.969 0.000
348.208333 349.208333   5.450   4.940 0.000
351.208333 352.208333   4.344   2.150 0.000
354.208333 355.208333   3.680   1.874 0.000
357.208333 358.208333   4.602   2.815 0.000
360.208333 361.208333   2.530   1.580 0.000
363.208333 364.208333   4.273   2.742 0.000
