scripts/IMPROVE-2019_partial/data/US9068R.20160101070000.20191216000000.filterpack...52w.3d.US03L_filterpack_US9068.US03L_IMPROVE_Davis.lev2.nas
51 1001
MISSING INFORMATION
US03L, IMPROVE, , , , , , , 
MISSING INFORMATION
IMPROVE sel_HTAP
1 1
2016 01 01 2019 12 16
3.000000
days from file reference point
4
1 1 1 1
999.999999 9999.999 999.999 9.999
end_time of measurement, days from the file reference point
pm10_mass, ug/m3, Matrix=pm10
pm25_mass, ug/m3, Matrix=pm25
numflag, no unit
0
33
Data definition:              EBAS_1.1
Set type code:                TU
Timezone:                     UTC
File name:                    US9068R.20160101070000.20191216000000.filterpack...52w.3d.US03L_filterpack_US9068.US03L_IMPROVE_Davis.lev2.nas
File creation:                20191218121013
Startdate:                    20160101070000
Revision date:                20191216000000
Version:                      2
Version description:          "Data extracted from http://views.cira.colostate.edu/fed/DataWizard 2019-12-16"
Statistics:                   arithmetic mean
Data level:                   2
Period code:                  52w
Resolution code:              3d
Sample duration:              1d
Orig. time res.:              3d
Station code:                 US9068R
Platform code:                US9068S
Station name:                 Salt Creek
Station latitude:             33.4598
Station longitude:            -104.4042
Station altitude:             1072.0 m
Regime:                       IMG
Component:                    
Unit:                         ug/m3
Matrix:                       
Laboratory code:              US03L
Instrument type:              filterpack
Instrument name:              filterpack_US9068
Method ref:                   US03L_IMPROVE_Davis
Blank correction:             Blank corrected
Volume std. temperature:      ambient
Volume std. pressure:         ambient
starttime endtime PM10 PM2.5 flag
  0.291667   1.291667   12.979   8.486 0.000
  3.291667   4.291667    7.837   5.311 0.000
  6.291667   7.291667    4.681   2.759 0.000
  9.291667  10.291667   15.646  11.630 0.000
 12.291667  13.291667    8.520   3.578 0.000
 15.291667  16.291667    2.856   1.289 0.000
 18.291667  19.291667    6.796   2.275 0.000
 21.291667  22.291667   10.728   1.788 0.000
 24.291667  25.291667    4.091   0.585 0.000
 27.291667  28.291667    5.992   1.626 0.000
 30.291667  31.291667    8.887   1.575 0.000
 33.291667  34.291667    4.089   1.142 0.000
 36.291667  37.291667    6.548   1.239 0.000
 39.291667  40.291667   15.198   2.306 0.000
 42.291667  43.291667   16.798   2.849 0.000
 45.291667  46.291667   11.888   2.447 0.000
 48.291667  49.291667   27.869   6.220 0.000
 51.291667  52.291667   17.400   2.736 0.000
 54.291667  55.291667    3.675   0.989 0.000
 57.291667  58.291667   12.073   2.740 0.000
 60.291667  61.291667   13.789   2.141 0.000
 63.291667  64.291667   25.481   4.624 0.000
 66.291667  67.291667   20.776   4.447 0.000
 69.291667  70.291667   11.900   3.060 0.000
 72.291667  73.291667   10.212   2.071 0.000
 75.291667  76.291667   15.120   2.715 0.000
 78.291667  79.291667   11.159   3.100 0.000
 81.291667  82.291667   50.897   7.160 0.000
 84.291667  85.291667   15.072   3.139 0.000
 87.291667  88.291667   19.494   3.527 0.000
 90.291667  91.291667    9.908   2.347 0.000
 93.291667  94.291667    5.612   2.000 0.000
 96.291667  97.291667   45.238   7.665 0.000
 99.291667 100.291667   10.085   4.527 0.000
102.291667 103.291667    6.567   4.078 0.000
105.291667 106.291667   26.313   6.461 0.000
108.291667 109.291667    7.369   2.161 0.000
111.291667 112.291667    5.579   2.365 0.000
114.291667 115.291667   13.104   5.119 0.000
117.291667 118.291667   18.293   4.064 0.000
120.291667 121.291667   19.341   2.681 0.000
123.291667 124.291667   15.288   2.927 0.000
126.291667 127.291667   40.526   6.755 0.000
129.291667 130.291667   15.758   2.646 0.000
132.291667 133.291667   18.720   4.696 0.000
135.291667 136.291667   14.558   7.137 0.000
138.291667 139.291667 9999.999 999.999 0.999
141.291667 142.291667 9999.999 999.999 0.999
144.291667 145.291667 9999.999 999.999 0.999
147.291667 148.291667   14.264   4.197 0.000
150.291667 151.291667   23.649   4.353 0.000
153.291667 154.291667    8.631   2.341 0.000
156.291667 157.291667   18.343   4.319 0.000
159.291667 160.291667   21.734   5.809 0.000
162.291667 163.291667   18.252   7.214 0.000
165.291667 166.291667   16.025   3.873 0.000
168.291667 169.291667   21.220   9.855 0.000
171.291667 172.291667   16.782   5.734 0.000
174.291667 175.291667   27.783   7.567 0.000
177.291667 178.291667   14.292   6.079 0.000
180.291667 181.291667   16.198   5.222 0.000
183.291667 184.291667    9.352   3.387 0.000
186.291667 187.291667   23.103   5.465 0.000
189.291667 190.291667  127.604  30.044 0.000
192.291667 193.291667 9999.999 999.999 0.999
195.291667 196.291667   35.475   8.645 0.000
198.291667 199.291667   32.142   9.636 0.000
201.291667 202.291667   20.632   5.254 0.000
204.291667 205.291667   17.576   3.689 0.000
207.291667 208.291667   15.095   4.350 0.000
210.291667 211.291667   25.756 999.999 0.000
213.291667 214.291667   30.925   6.040 0.000
216.291667 217.291667   25.546   5.899 0.000
219.291667 220.291667   14.178   4.160 0.000
222.291667 223.291667   12.057   3.719 0.000
225.291667 226.291667    8.805   3.286 0.000
228.291667 229.291667   14.800   4.563 0.000
231.291667 232.291667   19.211   3.418 0.000
234.291667 235.291667    8.387   4.107 0.000
237.291667 238.291667    7.708   3.900 0.000
240.291667 241.291667    7.047   3.336 0.000
243.291667 244.291667    6.199   3.054 0.000
246.291667 247.291667   12.624   7.149 0.000
249.291667 250.291667   12.624   4.020 0.000
252.291667 253.291667   13.136   3.153 0.000
255.291667 256.291667   14.985   4.579 0.000
258.291667 259.291667    9.511   4.111 0.000
261.291667 262.291667   14.412   4.554 0.000
264.291667 265.291667   14.408   4.679 0.000
267.291667 268.291667   10.954   2.712 0.000
270.291667 271.291667   17.604   3.680 0.000
273.291667 274.291667   21.742   4.609 0.000
276.291667 277.291667   16.003   3.609 0.000
279.291667 280.291667   12.313   2.411 0.000
282.291667 283.291667    9.294   4.476 0.000
285.291667 286.291667   16.913   4.822 0.000
288.291667 289.291667   13.100   5.229 0.000
291.291667 292.291667   28.574   3.823 0.000
294.291667 295.291667   28.619   5.583 0.000
297.291667 298.291667   33.365   6.149 0.000
300.291667 301.291667   21.960   4.935 0.000
303.291667 304.291667   23.842   5.302 0.000
306.291667 307.291667    9.934   2.467 0.000
309.291667 310.291667    7.095   4.502 0.000
312.291667 313.291667    7.436   3.243 0.000
315.291667 316.291667    8.006   2.963 0.000
318.291667 319.291667   12.359   3.207 0.000
321.291667 322.291667   55.615   8.080 0.000
324.291667 325.291667   17.826   3.837 0.000
327.291667 328.291667    7.826   1.354 0.000
330.291667 331.291667   13.089   4.812 0.000
333.291667 334.291667    3.807   0.639 0.000
336.291667 337.291667   16.290   3.547 0.000
339.291667 340.291667    5.136   2.993 0.000
342.291667 343.291667   12.339   5.783 0.000
345.291667 346.291667    6.342   2.598 0.000
348.291667 349.291667   21.303   7.019 0.000
351.291667 352.291667   33.229   5.599 0.000
354.291667 355.291667   22.527   5.261 0.000
357.291667 358.291667   11.504   4.079 0.000
360.291667 361.291667    3.983   1.154 0.000
363.291667 364.291667   11.232   2.139 0.000
