scripts/IMPROVE-2019_partial/data/US9054R.19940101070000.20191216000000.filterpack.pm25_mass.pm25.1y.3d.US03L_filterpack_US9054.US03L_IMPROVE_Davis.lev2.nas
50 1001
MISSING INFORMATION
US03L, IMPROVE, , , , , , , 
MISSING INFORMATION
IMPROVE sel_HTAP
1 1
1994 01 01 2019 12 16
0
days from file reference point
3
1 1 1
999.999999 999.999 9.999
end_time of measurement, days from the file reference point
pm25_mass, ug/m3
numflag pm25_mass, no unit
0
33
Data definition:              EBAS_1.1
Set type code:                TI
Timezone:                     UTC
File name:                    US9054R.19940101070000.20191216000000.filterpack.pm25_mass.pm25.1y.3d.US03L_filterpack_US9054.US03L_IMPROVE_Davis.lev2.nas
File creation:                20191218120909
Startdate:                    19940101070000
Revision date:                20191216000000
Version:                      2
Version description:          "Data extracted from http://views.cira.colostate.edu/fed/DataWizard 2019-12-16"
Statistics:                   arithmetic mean
Data level:                   2
Period code:                  1y
Resolution code:              3d
Sample duration:              1d
Orig. time res.:              3d
Station code:                 US9054R
Platform code:                US9054S
Station name:                 Scoville
Station latitude:             43.65
Station longitude:            -113.0333
Station altitude:             1500.0 m
Regime:                       IMG
Component:                    pm25_mass
Unit:                         ug/m3
Matrix:                       pm25
Laboratory code:              US03L
Instrument type:              filterpack
Instrument name:              filterpack_US9054
Method ref:                   US03L_IMPROVE_Davis
Blank correction:             Blank corrected
Volume std. temperature:      ambient
Volume std. pressure:         ambient
starttime endtime PM2.5 flag_PM2.5
  0.291667   1.291667   6.455 0.000
  4.291667   5.291667   2.778 0.000
  7.291667   8.291667   4.216 0.000
 11.291667  12.291667 999.999 0.999
 14.291667  15.291667   4.073 0.000
 18.291667  19.291667   7.370 0.000
 21.291667  22.291667   3.019 0.000
 25.291667  26.291667   5.482 0.000
 28.291667  29.291667   5.987 0.000
 32.291667  33.291667   6.814 0.000
 35.291667  36.291667 999.999 0.999
 39.291667  40.291667   5.268 0.000
 42.291667  43.291667   5.537 0.000
 46.291667  47.291667 999.999 0.999
 49.291667  50.291667 999.999 0.999
 53.291667  54.291667   2.258 0.000
 56.291667  57.291667 999.999 0.999
 60.291667  61.291667   4.727 0.000
 63.291667  64.291667   2.109 0.000
 67.291667  68.291667   3.165 0.000
 70.291667  71.291667   2.310 0.000
 74.291667  75.291667 999.999 0.999
 77.291667  78.291667   2.707 0.000
 81.291667  82.291667   1.558 0.000
 84.291667  85.291667   5.268 0.000
 88.291667  89.291667   6.250 0.000
 91.291667  92.291667   8.045 0.000
 95.291667  96.291667 999.999 0.999
 98.291667  99.291667 999.999 0.999
102.291667 103.291667   5.678 0.000
105.291667 106.291667  14.836 0.000
109.291667 110.291667   5.949 0.000
112.291667 113.291667   5.304 0.000
116.291667 117.291667   3.209 0.000
119.291667 120.291667   4.156 0.000
123.291667 124.291667   3.457 0.000
126.291667 127.291667   5.401 0.000
130.291667 131.291667   6.913 0.000
133.291667 134.291667   7.396 0.000
137.291667 138.291667   4.702 0.000
140.291667 141.291667   2.226 0.000
144.291667 145.291667   4.459 0.000
147.291667 148.291667   4.682 0.000
151.291667 152.291667   2.484 0.000
154.291667 155.291667   3.962 0.000
158.291667 159.291667 999.999 0.999
161.291667 162.291667 999.999 0.999
165.291667 166.291667 999.999 0.999
168.291667 169.291667 999.999 0.999
172.291667 173.291667   4.875 0.000
175.291667 176.291667   2.719 0.000
179.291667 180.291667   4.766 0.000
182.291667 183.291667   5.931 0.000
186.291667 187.291667   2.747 0.000
189.291667 190.291667   4.753 0.000
193.291667 194.291667 999.999 0.999
196.291667 197.291667   3.497 0.000
200.291667 201.291667   5.545 0.000
203.291667 204.291667   7.196 0.000
207.291667 208.291667  15.956 0.000
210.291667 211.291667 999.999 0.999
214.291667 215.291667   5.988 0.000
217.291667 218.291667   8.156 0.000
221.291667 222.291667  14.277 0.000
224.291667 225.291667   4.092 0.000
228.291667 229.291667  16.877 0.000
231.291667 232.291667  10.960 0.000
235.291667 236.291667  10.161 0.000
238.291667 239.291667  18.758 0.000
242.291667 243.291667  16.159 0.000
245.291667 246.291667   7.229 0.000
249.291667 250.291667   4.984 0.000
252.291667 253.291667   5.047 0.000
256.291667 257.291667   7.429 0.000
259.291667 260.291667 999.999 0.999
263.291667 264.291667   8.844 0.000
266.291667 267.291667   5.601 0.000
270.291667 271.291667  17.574 0.000
273.291667 274.291667   7.719 0.000
277.291667 278.291667   3.439 0.000
280.291667 281.291667   4.809 0.000
284.291667 285.291667   5.190 0.000
287.291667 288.291667   4.272 0.000
291.291667 292.291667   3.323 0.000
294.291667 295.291667   1.411 0.000
298.291667 299.291667   3.704 0.000
301.291667 302.291667   1.149 0.000
305.291667 306.291667   1.855 0.000
308.291667 309.291667 999.999 0.999
312.291667 313.291667   3.874 0.000
315.291667 316.291667   3.477 0.000
319.291667 320.291667   1.443 0.000
322.291667 323.291667   6.262 0.000
326.291667 327.291667   7.677 0.000
329.291667 330.291667   0.548 0.000
333.291667 334.291667   2.285 0.000
336.291667 337.291667   0.993 0.000
340.291667 341.291667   2.589 0.000
343.291667 344.291667   4.854 0.000
347.291667 348.291667   4.189 0.000
350.291667 351.291667   5.607 0.000
354.291667 355.291667   3.099 0.000
357.291667 358.291667   6.677 0.000
361.291667 362.291667   4.785 0.000
364.291667 365.291667   1.914 0.000
