scripts/IMPROVE-2019_partial/data/US9032R.20060102090000.20191216000000.filterpack..pm25.52w.1w.US03L_filterpack_US9032_2.US03L_IMPROVE_Davis.lev2.nas
55 1001
MISSING INFORMATION
US03L, IMPROVE, , , , , , , 
MISSING INFORMATION
IMPROVE sel_HTAP
1 1
2006 01 01 2019 12 16
3.000
days from file reference point
15
1 1 1 1 1 1 1 1 1 1 1 1 1 1 1
999.999 9999.99 9.999 99.99 9.999 9.999 9.999999 9.99 9.999999 999.99 9.999999 99.999 9.999 9.999 9.999
end_time of measurement, days from the file reference point
iron, ng/m3, Revision date=20181210133000
numflag iron, no unit, Revision date=20181210133000
lead, ng/m3, Revision date=20181210133000
numflag lead, no unit, Revision date=20181210133000
magnesium, ug/m3, Revision date=20181210133000
numflag magnesium, no unit, Revision date=20181210133000
nickel, ng/m3, Revision date=20181210133000
numflag nickel, no unit, Revision date=20181210133000
phosphorus, ng/m3, Revision date=20181210133000
numflag phosphorus, no unit, Revision date=20181210133000
pm25_mass, ug/m3, Version=2, Version description=Data extracted from http://views.cira.colostate.edu/fed/DataWizard 2019-12-16, Sample duration=1d, Orig. time res.=3d, Blank correction=Blank corrected, Volume std. temperature=ambient, Volume std. pressure=ambient
numflag pm25_mass, no unit, Version=2, Version description=Data extracted from http://views.cira.colostate.edu/fed/DataWizard 2019-12-16, Sample duration=1d, Orig. time res.=3d, Blank correction=Blank corrected, Volume std. temperature=ambient, Volume std. pressure=ambient
potassium, ug/m3, Revision date=20181210133000
numflag potassium, no unit, Revision date=20181210133000
0
26
Data definition:              EBAS_1.1
Set type code:                TU
Timezone:                     UTC
File name:                    US9032R.20060102090000.20191216000000.filterpack..pm25.52w.1w.US03L_filterpack_US9032_2.US03L_IMPROVE_Davis.lev2.nas
File creation:                20191218120723
Startdate:                    20060102090000
Revision date:                20191216000000
Statistics:                   arithmetic mean
Data level:                   2
Period code:                  52w
Resolution code:              1w
Station code:                 US9032R
Platform code:                US9032S
Station name:                 Trapper Creek
Station latitude:             62.3153
Station longitude:            -150.3156
Station altitude:             155.0 m
Regime:                       IMG
Component:                    
Unit:                         ng/m3
Matrix:                       pm25
Laboratory code:              US03L
Instrument type:              filterpack
Instrument name:              filterpack_US9032_2
Method ref:                   US03L_IMPROVE_Davis
starttime endtime Fe flag_Fe Pb flag_Pb Mg++ flag_Mg++ Ni flag_Ni P flag_P PM2.5 flag_PM2.5 K+ flag_K+
  1.375   2.375    1.94 0.000  0.12 0.000 0.006 0.000000 9.99 0.259000 999.99 0.259000  0.154 0.000 0.001 0.000
  4.375   5.375    1.89 0.000  0.14 0.000 9.999 0.259000 9.99 0.259000 999.99 0.259000  0.515 0.000 0.001 0.000
  7.375   8.375    2.93 0.000  0.12 0.000 9.999 0.259000 9.99 0.259000 999.99 0.259000  0.338 0.000 0.002 0.000
 10.375  11.375    1.93 0.000  0.17 0.000 9.999 0.259000 9.99 0.259000 999.99 0.259000  0.302 0.000 0.001 0.000
 13.375  14.375    2.04 0.000  0.26 0.000 9.999 0.259000 9.99 0.259000 999.99 0.259000  0.720 0.000 0.002 0.000
 16.375  17.375   10.66 0.000  0.39 0.000 9.999 0.259000 9.99 0.259000 999.99 0.259000  1.185 0.000 0.004 0.000
 19.375  20.375    3.12 0.000  0.55 0.000 9.999 0.259000 9.99 0.259000 999.99 0.259000  1.463 0.000 0.004 0.000
 22.375  23.375    5.04 0.000  0.32 0.000 9.999 0.259000 9.99 0.259000 999.99 0.259000  1.396 0.000 0.005 0.000
 25.375  26.375    2.63 0.000  0.26 0.000 0.010 0.000000 9.99 0.259000 999.99 0.259000  0.710 0.000 0.005 0.000
 28.375  29.375    7.52 0.000  0.29 0.000 0.004 0.000000 9.99 0.259000 999.99 0.259000  0.947 0.000 0.005 0.000
 31.375  32.375   87.05 0.000  0.33 0.000 9.999 0.259000 9.99 0.259000 999.99 0.259000  5.185 0.000 0.030 0.000
 34.375  35.375   59.90 0.000  0.76 0.000 9.999 0.259000 9.99 0.259000 999.99 0.259000  3.800 0.000 0.024 0.000
 37.375  38.375    1.61 0.000  0.13 0.000 9.999 0.259000 9.99 0.259000 999.99 0.259000  1.571 0.000 0.008 0.000
 40.375  41.375    1.53 0.000 99.99 0.259 0.006 0.000000 9.99 0.259000 999.99 0.259000  0.207 0.000 0.002 0.000
 43.375  44.375    5.57 0.000  0.65 0.000 9.999 0.259000 9.99 0.259000 999.99 0.259000  1.984 0.000 0.012 0.000
 46.375  47.375    6.36 0.000  0.67 0.000 9.999 0.259000 9.99 0.259000 999.99 0.259000  1.974 0.000 0.007 0.000
 49.375  50.375    4.22 0.000  0.41 0.000 0.022 0.000000 0.07 0.000000 999.99 0.259000  2.019 0.000 0.016 0.000
 52.375  53.375    8.67 0.000  0.47 0.000 0.005 0.000000 9.99 0.259000 999.99 0.259000  1.446 0.000 0.009 0.000
 55.375  56.375   16.70 0.000  1.66 0.000 0.009 0.000000 9.99 0.259000 999.99 0.259000  2.912 0.000 0.028 0.000
 58.375  59.375   19.74 0.000  2.01 0.000 0.014 0.000000 9.99 0.259000 999.99 0.259000  3.205 0.000 0.037 0.000
 61.375  62.375   54.58 0.000  5.91 0.000 9.999 0.259000 9.99 0.259000 999.99 0.259000  5.682 0.000 0.083 0.000
 64.375  65.375   23.85 0.000  3.11 0.000 9.999 0.259000 9.99 0.259000 999.99 0.259000  3.237 0.000 0.040 0.000
 67.375  68.375   32.48 0.000  3.37 0.000 9.999 0.259000 0.09 0.000000 999.99 0.259000  4.209 0.000 0.053 0.000
 70.375  71.375   23.78 0.000  2.08 0.000 9.999 0.259000 0.06 0.000000 999.99 0.259000  2.945 0.000 0.033 0.000
 73.375  74.375   18.49 0.000  1.85 0.000 9.999 0.259000 9.99 0.259000 999.99 0.259000  2.127 0.000 0.025 0.000
 76.375  77.375   16.87 0.000  1.07 0.000 9.999 0.259000 0.06 0.000000 999.99 0.259000  1.840 0.000 0.017 0.000
 79.375  80.375    7.92 0.394  0.29 0.394 9.999 0.394259 9.99 0.394259 999.99 0.394259  0.582 0.000 0.005 0.394
 82.375  83.375   10.78 0.000  0.34 0.000 9.999 0.259000 9.99 0.259000 999.99 0.259000  1.253 0.000 0.007 0.000
 85.375  86.375   13.44 0.000  0.57 0.000 0.009 0.000000 9.99 0.259000 999.99 0.259000  1.660 0.000 0.012 0.000
 88.375  89.375   32.98 0.000  1.02 0.000 0.004 0.000000 9.99 0.259000 999.99 0.259000  2.658 0.000 0.025 0.000
 91.375  92.375   19.13 0.000  0.59 0.000 0.013 0.000000 9.99 0.259000 999.99 0.259000  2.144 0.000 0.022 0.000
 94.375  95.375    3.98 0.000 99.99 0.259 9.999 0.259000 0.06 0.000000 999.99 0.259000  0.533 0.000 0.002 0.000
 97.375  98.375    8.53 0.000  0.33 0.000 0.004 0.000000 9.99 0.259000 999.99 0.259000  1.367 0.000 0.005 0.000
100.375 101.375   22.23 0.000  0.82 0.000 0.007 0.000000 9.99 0.259000 999.99 0.259000  1.929 0.000 0.020 0.000
103.375 104.375   20.51 0.000  0.44 0.000 0.008 0.000000 0.07 0.000000 999.99 0.259000  1.567 0.000 0.014 0.000
106.375 107.375   11.68 0.000  0.14 0.000 9.999 0.259000 9.99 0.259000 999.99 0.259000  0.929 0.000 0.008 0.000
109.375 110.375   12.30 0.000  0.34 0.000 9.999 0.259000 9.99 0.259000 999.99 0.259000  1.794 0.000 0.010 0.000
112.375 113.375   27.74 0.000  0.65 0.000 0.012 0.000000 0.04 0.000000 999.99 0.259000  1.537 0.000 0.021 0.000
115.375 116.375   20.00 0.000 99.99 0.259 9.999 0.259000 0.07 0.000000 999.99 0.259000  2.502 0.000 0.013 0.000
118.375 119.375   13.34 0.000  0.36 0.000 0.007 0.000000 9.99 0.259000 999.99 0.259000  1.086 0.000 0.010 0.000
121.375 122.375   14.35 0.000  0.22 0.000 9.999 0.259000 9.99 0.259000 999.99 0.259000  1.075 0.000 0.010 0.000
124.375 125.375    7.54 0.000  0.19 0.000 9.999 0.259000 9.99 0.259000 999.99 0.259000  0.775 0.000 0.006 0.000
127.375 128.375   11.35 0.000  0.13 0.000 9.999 0.259000 9.99 0.259000 999.99 0.259000  3.465 0.000 0.011 0.000
130.375 131.375   11.21 0.000  0.30 0.000 9.999 0.259000 9.99 0.259000 999.99 0.259000  1.309 0.000 0.010 0.000
133.375 134.375   18.49 0.699  0.30 0.699 9.999 0.699259 0.09 0.699000 999.99 0.699259  3.280 0.659 0.015 0.699
136.375 137.375   19.28 0.000  0.35 0.000 9.999 0.259000 0.19 0.000000 999.99 0.259000  3.363 0.000 0.015 0.000
139.375 140.375   22.53 0.699  0.43 0.699 9.999 0.699259 9.99 0.699259 999.99 0.699259  3.450 0.659 0.025 0.699
142.375 143.375   23.76 0.000  0.21 0.000 0.008 0.000000 9.99 0.259000 999.99 0.259000  0.914 0.000 0.011 0.000
145.375 146.375  139.89 0.699  2.10 0.699 9.999 0.699259 9.99 0.699259 999.99 0.699259  6.281 0.659 0.090 0.699
148.375 149.375   79.44 0.699  0.66 0.699 0.020 0.699000 0.09 0.699000 999.99 0.699259  3.998 0.659 0.036 0.699
151.375 152.375   10.14 0.000  0.37 0.000 9.999 0.259000 9.99 0.259000 999.99 0.259000  2.045 0.000 0.009 0.000
154.375 155.375   15.03 0.000  0.31 0.000 0.007 0.000000 9.99 0.259000 999.99 0.259000  1.621 0.000 0.012 0.000
157.375 158.375   17.55 0.000  0.39 0.000 0.011 0.000000 0.14 0.000000 999.99 0.259000  2.911 0.000 0.015 0.000
160.375 161.375   47.00 0.000  0.43 0.000 0.015 0.000000 9.99 0.259000 999.99 0.259000  2.086 0.000 0.024 0.000
163.375 164.375    9.65 0.000  0.53 0.000 9.999 0.259000 9.99 0.259000 999.99 0.259000  2.024 0.000 0.011 0.000
166.375 167.375    4.26 0.000  0.62 0.000 0.005 0.000000 9.99 0.259000 999.99 0.259000  1.488 0.000 0.007 0.000
169.375 170.375    5.04 0.000  0.20 0.000 9.999 0.259000 9.99 0.259000   4.09 0.000000  0.719 0.000 0.007 0.000
172.375 173.375    2.30 0.000  0.45 0.000 9.999 0.259000 9.99 0.259000 999.99 0.259000  0.655 0.000 0.003 0.000
175.375 176.375    3.73 0.000  0.43 0.000 9.999 0.259000 9.99 0.259000 999.99 0.259000  1.377 0.000 0.009 0.000
178.375 179.375    3.65 0.000  0.44 0.000 9.999 0.259000 9.99 0.259000 999.99 0.259000  2.474 0.000 0.009 0.000
181.375 182.375    2.69 0.000  0.54 0.000 0.009 0.000000 9.99 0.259000 999.99 0.259000  1.650 0.000 0.009 0.000
184.375 185.375    5.39 0.000  1.01 0.000 0.011 0.000000 0.12 0.000000 999.99 0.259000  3.564 0.000 0.018 0.000
187.375 188.375    3.37 0.000  0.63 0.000 9.999 0.259000 9.99 0.259000 999.99 0.259000  1.664 0.000 0.006 0.000
190.375 191.375    3.29 0.000  0.52 0.000 0.009 0.000000 0.19 0.000000 999.99 0.259000  2.729 0.000 0.008 0.000
193.375 194.375    8.46 0.000  0.85 0.000 9.999 0.259000 0.06 0.000000 999.99 0.259000  2.463 0.000 0.012 0.000
196.375 197.375    1.92 0.000  0.45 0.000 9.999 0.259000 0.26 0.000000 999.99 0.259000  1.773 0.000 0.009 0.000
199.375 200.375    2.77 0.000  0.22 0.000 0.007 0.000000 9.99 0.259000   9.14 0.000000  1.016 0.000 0.013 0.000
202.375 203.375    4.18 0.000  0.63 0.000 9.999 0.259000 9.99 0.259000 999.99 0.259000  0.799 0.000 0.006 0.000
205.375 206.375    2.82 0.000  0.32 0.000 9.999 0.259000 9.99 0.259000 999.99 0.259000  0.577 0.000 0.008 0.000
208.375 209.375    4.49 0.000  0.96 0.000 0.008 0.000000 9.99 0.259000 999.99 0.259000  2.036 0.000 0.011 0.000
211.375 212.375    0.82 0.000  0.24 0.000 9.999 0.259000 9.99 0.259000   5.20 0.000000  0.586 0.000 0.006 0.000
214.375 215.375    1.65 0.000  0.29 0.000 9.999 0.259000 9.99 0.259000 999.99 0.259000  0.900 0.000 0.007 0.000
217.375 218.375    4.93 0.000  0.73 0.000 9.999 0.259000 0.12 0.000000 999.99 0.259000  1.277 0.000 0.015 0.000
220.375 221.375    5.70 0.000  0.99 0.000 9.999 0.259000 0.13 0.000000 999.99 0.259000  2.680 0.000 0.010 0.000
223.375 224.375    0.67 0.000  0.37 0.000 9.999 0.259000 9.99 0.259000 999.99 0.259000  0.905 0.000 0.006 0.000
226.375 227.375    0.92 0.000  0.32 0.000 9.999 0.259000 9.99 0.259000 999.99 0.259000  0.234 0.000 0.004 0.000
229.375 230.375    1.70 0.000  0.35 0.000 9.999 0.259000 9.99 0.259000 999.99 0.259000  1.267 0.000 0.005 0.000
232.375 233.375    1.04 0.000  0.27 0.000 9.999 0.259000 9.99 0.259000   2.69 0.000000  0.836 0.000 0.005 0.000
235.375 236.375    2.69 0.000  0.36 0.000 9.999 0.259000 9.99 0.259000 999.99 0.259000  1.552 0.000 0.007 0.000
238.375 239.375    2.98 0.000  0.75 0.000 9.999 0.259000 9.99 0.259000 999.99 0.259000  1.535 0.000 0.007 0.000
241.375 242.375    3.25 0.000  0.34 0.000 9.999 0.259000 9.99 0.259000 999.99 0.259000  1.821 0.000 0.006 0.000
244.375 245.375    4.85 0.000  0.37 0.000 9.999 0.259000 9.99 0.259000 999.99 0.259000  1.374 0.000 0.006 0.000
247.375 248.375    6.80 0.000  0.67 0.000 0.006 0.000000 9.99 0.259000 999.99 0.259000  1.706 0.000 0.007 0.000
250.375 251.375    5.22 0.000  0.29 0.000 9.999 0.259000 9.99 0.259000 999.99 0.259000  1.256 0.000 0.005 0.000
253.375 254.375 9999.99 0.456 99.99 0.456 9.999 0.456000 9.99 0.456000 999.99 0.456000 99.999 0.456 9.999 0.456
256.375 257.375    5.91 0.000  0.35 0.000 9.999 0.259000 0.11 0.000000 999.99 0.259000  1.957 0.000 0.010 0.000
259.375 260.375    5.53 0.000  0.32 0.000 9.999 0.259000 0.13 0.000000  10.28 0.000000  2.002 0.000 0.014 0.000
262.375 263.375    4.92 0.000  0.31 0.000 9.999 0.259000 9.99 0.259000  11.98 0.000000  1.960 0.000 0.013 0.000
265.375 266.375    1.33 0.000  0.45 0.000 0.009 0.000000 9.99 0.259000 999.99 0.259000  2.248 0.000 0.009 0.000
268.375 269.375    6.54 0.000  0.28 0.000 9.999 0.259000 9.99 0.259000 999.99 0.259000  2.060 0.000 0.017 0.000
271.375 272.375    0.89 0.000  0.04 0.000 9.999 0.259000 9.99 0.259000   5.20 0.000000  0.761 0.000 0.005 0.000
274.375 275.375    2.67 0.000  0.26 0.000 9.999 0.259000 9.99 0.259000 999.99 0.259000  0.780 0.000 0.004 0.000
277.375 278.375    1.95 0.394  0.17 0.394 0.006 0.394000 9.99 0.394259 999.99 0.394259  0.893 0.000 0.007 0.394
280.375 281.375    2.76 0.000  0.39 0.000 9.999 0.259000 9.99 0.259000  10.00 0.000000  0.857 0.000 0.010 0.000
283.375 284.375    2.33 0.000  0.19 0.000 0.016 0.000000 9.99 0.259000 999.99 0.259000  1.450 0.000 0.012 0.000
286.375 287.375    8.52 0.000  0.33 0.000 9.999 0.259000 9.99 0.259000 999.99 0.259000  2.093 0.000 0.013 0.000
289.375 290.375    6.68 0.000  0.64 0.000 0.005 0.000000 9.99 0.259000 999.99 0.259000  1.597 0.000 0.013 0.000
292.375 293.375    1.88 0.000  0.31 0.000 9.999 0.259000 9.99 0.259000  13.38 0.000000  1.204 0.000 0.009 0.000
295.375 296.375    7.43 0.000  0.25 0.000 9.999 0.259000 9.99 0.259000 999.99 0.259000  1.303 0.000 0.006 0.000
298.375 299.375   14.91 0.000  0.31 0.000 0.003 0.000000 9.99 0.259000 999.99 0.259000  1.556 0.000 0.008 0.000
301.375 302.375 9999.99 0.456 99.99 0.456 9.999 0.456000 9.99 0.456000 999.99 0.456000 99.999 0.456 9.999 0.456
304.375 305.375 9999.99 0.456 99.99 0.456 9.999 0.456000 9.99 0.456000 999.99 0.456000 99.999 0.456 9.999 0.456
307.375 308.375 9999.99 0.456 99.99 0.456 9.999 0.456000 9.99 0.456000 999.99 0.456000 99.999 0.456 9.999 0.456
310.375 311.375 9999.99 0.456 99.99 0.456 9.999 0.456000 9.99 0.456000 999.99 0.456000 99.999 0.456 9.999 0.456
313.375 314.375 9999.99 0.456 99.99 0.456 9.999 0.456000 9.99 0.456000 999.99 0.456000 99.999 0.456 9.999 0.456
316.375 317.375 9999.99 0.456 99.99 0.456 9.999 0.456000 9.99 0.456000 999.99 0.456000 99.999 0.456 9.999 0.456
319.375 320.375   29.35 0.000  0.18 0.000 0.032 0.000000 0.09 0.000000 999.99 0.259000  2.353 0.000 0.028 0.000
322.375 323.375   25.07 0.000  0.27 0.000 9.999 0.259000 9.99 0.259000 999.99 0.259000  0.903 0.000 0.012 0.000
325.375 326.375    6.42 0.000  0.31 0.000 9.999 0.259000 9.99 0.259000 999.99 0.259000  0.956 0.000 0.007 0.000
328.375 329.375    8.21 0.000  0.58 0.000 9.999 0.259000 9.99 0.259000 999.99 0.259000  0.933 0.000 0.007 0.000
331.375 332.375    5.26 0.000  0.26 0.000 9.999 0.259000 9.99 0.259000 999.99 0.259000  0.744 0.000 0.004 0.000
334.375 335.375    7.93 0.000  0.17 0.000 0.018 0.000000 0.11 0.000000 999.99 0.259000  1.342 0.000 0.012 0.000
337.375 338.375    4.41 0.000  0.34 0.000 9.999 0.259000 0.07 0.000000 999.99 0.259000  0.552 0.000 0.003 0.000
340.375 341.375    1.79 0.000 99.99 0.259 9.999 0.259000 0.14 0.000000 999.99 0.259000  0.162 0.000 0.001 0.000
343.375 344.375    1.31 0.000  0.10 0.000 9.999 0.259000 0.16 0.000000 999.99 0.259000  0.351 0.000 0.001 0.000
346.375 347.375    1.79 0.000  0.10 0.000 0.005 0.000000 9.99 0.259000 999.99 0.259000  0.570 0.000 0.003 0.000
349.375 350.375    2.90 0.000  0.09 0.000 9.999 0.259000 9.99 0.259000 999.99 0.259000  0.560 0.000 0.003 0.000
352.375 353.375    1.87 0.000  0.21 0.000 9.999 0.259000 0.13 0.000000 999.99 0.259000  1.006 0.000 0.003 0.000
355.375 356.375    1.09 0.000  0.14 0.000 0.010 0.000000 9.99 0.259000 999.99 0.259000  1.102 0.000 0.004 0.000
358.375 359.375    1.81 0.000  0.28 0.000 9.999 0.259000 0.12 0.000000 999.99 0.259000  1.004 0.000 0.005 0.000
361.375 362.375    3.57 0.000  0.07 0.000 9.999 0.259000 9.99 0.259000 999.99 0.259000  0.561 0.000 0.003 0.000
364.375 365.375    2.47 0.000  0.50 0.000 9.999 0.259000 0.08 0.000000 999.99 0.259000  1.670 0.000 0.010 0.000
