scripts/IMPROVE-2019_partial/data/US9025U.20020102080000.20191216000000.filterpack..pm25.52w.1w.US03L_filterpack_US9025.US03L_IMPROVE_Davis.lev2.nas
66 1001
MISSING INFORMATION
US03L, IMPROVE, , , , , , , 
MISSING INFORMATION
IMPROVE sel_HTAP
1 1
2002 01 01 2019 12 16
3.000000
days from file reference point
27
1 1 1 1 1 1 1 1 1 1 1 1 1 1 1 1 1 1 1 1 1 1 1 1 1 1 1
999.999999 9999.99 9.999 999.99 9.999 9.999 9.999999 999.99 9.999999 99.999 9.999 999.999 9.999 999.999 9.999 999.99 9.999999 999.999 9.999 999.999 9.999 999.999 9.999 99.999 9.999 99.999 9.999
end_time of measurement, days from the file reference point
iron, ng/m3, Revision date=20181210133000
numflag iron, no unit, Revision date=20181210133000
lead, ng/m3, Revision date=20181210133000
numflag lead, no unit, Revision date=20181210133000
magnesium, ug/m3, Revision date=20181210133000
numflag magnesium, no unit, Revision date=20181210133000
nickel, ng/m3, Revision date=20181210133000
numflag nickel, no unit, Revision date=20181210133000
nitrate, ug N/m3, Revision date=20181210133000
numflag nitrate, no unit, Revision date=20181210133000
organic_carbon, ug C/m3, Revision date=20181210133000
numflag organic_carbon, no unit, Revision date=20181210133000
organic_mass, ug/m3, Revision date=20181210133000
numflag organic_mass, no unit, Revision date=20181210133000
phosphorus, ng/m3, Revision date=20181210133000
numflag phosphorus, no unit, Revision date=20181210133000
pm10_mass, ug/m3, Version=2, Version description=Data extracted from http://views.cira.colostate.edu/fed/DataWizard 2019-12-16, Sample duration=1d, Orig. time res.=3d, Matrix=pm10, Blank correction=Blank corrected, Volume std. temperature=ambient, Volume std. pressure=ambient
numflag pm10_mass, no unit, Version=2, Version description=Data extracted from http://views.cira.colostate.edu/fed/DataWizard 2019-12-16, Sample duration=1d, Orig. time res.=3d, Matrix=pm10, Blank correction=Blank corrected, Volume std. temperature=ambient, Volume std. pressure=ambient
pm10_pm25_mass, ug/m3, Revision date=20181210133000, Matrix=pm10_pm25
numflag pm10_pm25_mass, no unit, Revision date=20181210133000, Matrix=pm10_pm25
pm25_mass, ug/m3, Version=2, Version description=Data extracted from http://views.cira.colostate.edu/fed/DataWizard 2019-12-16, Sample duration=1d, Orig. time res.=3d, Blank correction=Blank corrected, Volume std. temperature=ambient, Volume std. pressure=ambient
numflag pm25_mass, no unit, Version=2, Version description=Data extracted from http://views.cira.colostate.edu/fed/DataWizard 2019-12-16, Sample duration=1d, Orig. time res.=3d, Blank correction=Blank corrected, Volume std. temperature=ambient, Volume std. pressure=ambient
potassium, ug/m3, Revision date=20181210133000
numflag potassium, no unit, Revision date=20181210133000
sulphate_total, ug S/m3, Revision date=20181210133000
numflag sulphate_total, no unit, Revision date=20181210133000
0
25
Data definition:              EBAS_1.1
Set type code:                TU
Timezone:                     UTC
File name:                    US9025U.20020102080000.20191216000000.filterpack..pm25.52w.1w.US03L_filterpack_US9025.US03L_IMPROVE_Davis.lev2.nas
File creation:                20191218120649
Startdate:                    20020102080000
Revision date:                20191216000000
Statistics:                   arithmetic mean
Data level:                   2
Period code:                  52w
Resolution code:              1w
Station code:                 US9025U
Platform code:                US9025S
Station name:                 Puget Sound
Station latitude:             47.5696
Station longitude:            -122.3119
Station altitude:             97.0 m
Regime:                       IMG
Component:                    
Matrix:                       pm25
Laboratory code:              US03L
Instrument type:              filterpack
Instrument name:              filterpack_US9025
Method ref:                   US03L_IMPROVE_Davis
starttime endtime Fe flag_Fe Pb flag_Pb Mg++ flag_Mg++ Ni flag_Ni NO3- flag_NO3- OC flag_OC OM flag_OM P flag_P PM10 flag_PM10 PM10-PM2.5 flag_PM10-PM2.5 PM2.5 flag_PM2.5 K+ flag_K+ SO4-- flag_SO4--
[from data line 79]
238.333333 239.333333  108.01 0.000   2.88 0.000 9.999 0.259000   2.22 0.000000  0.097 0.559   3.017 0.000   4.224 0.000 999.99 0.259000  17.909 0.000   9.600 0.000   8.310 0.000  0.032 0.000  0.578 0.559
241.333333 242.333333   80.99 0.000   3.56 0.000 0.034 0.000000   2.65 0.000000  0.265 0.559   1.489 0.000   2.085 0.000 999.99 0.259000  21.605 0.000  12.969 0.000   8.636 0.000  0.043 0.000  0.685 0.559
244.333333 245.333333 9999.99 0.999 999.99 0.999 9.999 0.999000 999.99 0.999000 99.999 0.999 999.999 0.999 999.999 0.999 999.99 0.999000 999.999 0.999 999.999 0.999 999.999 0.999 99.999 0.999 99.999 0.999
247.333333 248.333333  103.09 0.000   3.76 0.000 9.999 0.259000   2.28 0.000000  0.247 0.559   2.966 0.000   4.152 0.000 999.99 0.259000  15.278 0.000   7.409 0.000   7.868 0.000  0.040 0.000  0.541 0.559
250.333333 251.333333   26.09 0.000   2.84 0.000 0.029 0.000000 999.99 0.259000  0.082 0.559   0.941 0.000   1.317 0.000 999.99 0.259000   6.287 0.000   2.621 0.000   3.666 0.000  0.026 0.000  0.284 0.559
253.333333 254.333333   69.03 0.000   2.41 0.000 9.999 0.259000   2.93 0.000000  0.367 0.559   2.569 0.000   3.596 0.000 999.99 0.259000  13.766 0.000   6.139 0.000   7.627 0.000  0.024 0.000  0.611 0.559
256.333333 257.333333   79.00 0.000   5.69 0.000 0.037 0.000000   6.79 0.000000  0.195 0.559   3.490 0.000   4.887 0.000  40.85 0.000000  19.077 0.000   8.930 0.000  10.147 0.000  0.044 0.000  0.806 0.559
259.333333 260.333333   51.31 0.000   1.84 0.000 0.055 0.000000   2.65 0.000000  0.161 0.559   0.955 0.000   1.337 0.000 999.99 0.259000   9.040 0.000   4.715 0.000   4.325 0.000  0.019 0.000  0.297 0.559
262.333333 263.333333   38.43 0.000   1.35 0.000 0.066 0.000000   0.82 0.000000  0.187 0.559   0.974 0.000   1.364 0.000 999.99 0.259000  11.601 0.000   6.282 0.000   5.319 0.000  0.023 0.000  0.275 0.559
265.333333 266.333333   78.74 0.000   3.33 0.000 9.999 0.259000   2.49 0.000000  0.211 0.559   3.530 0.000   4.942 0.000 999.99 0.259000  15.861 0.000   7.188 0.000   8.673 0.000  0.043 0.000  0.454 0.559
268.333333 269.333333  169.14 0.000   6.58 0.000 9.999 0.259000   5.10 0.000000  0.317 0.559   5.284 0.000   7.397 0.000 999.99 0.259000  24.860 0.000  12.481 0.000  12.379 0.000  0.049 0.000  0.619 0.559
271.333333 272.333333   17.37 0.000   2.84 0.000 9.999 0.259000   0.78 0.000000  0.159 0.000   1.147 0.000   1.606 0.000 999.99 0.259000   9.451 0.000   4.722 0.000   4.729 0.000  0.041 0.000  0.402 0.000
274.333333 275.333333  106.60 0.000   6.55 0.000 0.029 0.000000   1.74 0.000000  0.398 0.000   4.748 0.000   6.647 0.000 999.99 0.259000  16.478 0.000   7.278 0.000   9.200 0.000  0.052 0.000  0.386 0.000
277.333333 278.333333   29.44 0.000   5.36 0.000 9.999 0.259000   1.72 0.000000  0.144 0.000   2.172 0.000   3.040 0.000 999.99 0.259000   9.081 0.000   3.240 0.000   5.842 0.000  0.040 0.000  0.359 0.000
280.333333 281.333333   83.77 0.000   5.80 0.000 9.999 0.259000   1.78 0.000000  0.463 0.000   4.069 0.000   5.696 0.000 999.99 0.259000  16.983 0.000   4.658 0.000  12.326 0.000  0.060 0.000  0.869 0.000
283.333333 284.333333   71.34 0.000   4.44 0.000 0.021 0.000000   2.89 0.000000  0.296 0.000   2.940 0.000   4.116 0.000 999.99 0.259000  17.752 0.000   9.078 0.000   8.673 0.000  0.050 0.000  0.373 0.000
286.333333 287.333333   44.37 0.000   3.50 0.000 9.999 0.259000   0.58 0.000000  0.287 0.000   4.535 0.000   6.349 0.000 999.99 0.259000  14.998 0.000   4.013 0.000  10.985 0.000  0.095 0.000  0.398 0.000
289.333333 290.333333  223.97 0.000   5.49 0.000 9.999 0.259000  13.48 0.000000  0.599 0.000   9.908 0.000  13.871 0.000 999.99 0.259000  32.010 0.000  11.330 0.000  20.680 0.000  0.098 0.000  1.026 0.000
292.333333 293.333333   99.33 0.000   7.28 0.000 0.034 0.000000  15.52 0.000000  1.432 0.000   9.582 0.000  13.414 0.000 999.99 0.259000  33.558 0.000   4.846 0.000  28.712 0.000  0.102 0.000  1.964 0.000
295.333333 296.333333  165.81 0.000   9.20 0.000 9.999 0.259000  13.41 0.000000  0.749 0.000   7.492 0.000  10.489 0.000 999.99 0.259000  29.224 0.000   7.855 0.000  21.370 0.000  0.101 0.000  1.466 0.000
298.333333 299.333333   51.36 0.000   3.90 0.000 9.999 0.259000   1.47 0.000000  1.341 0.000   4.682 0.000   6.555 0.000 999.99 0.259000  27.240 0.000   3.671 0.000  23.569 0.000  0.076 0.000  1.803 0.000
301.333333 302.333333   57.63 0.000   2.39 0.000 0.016 0.000000   1.16 0.000000  0.332 0.000   2.586 0.000   3.621 0.000 999.99 0.259000  13.828 0.000   6.060 0.000   7.767 0.000  0.051 0.000  0.554 0.000
304.333333 305.333333  238.97 0.000   5.10 0.000 9.999 0.259000   7.28 0.000000  0.299 0.000   8.777 0.000  12.288 0.000 999.99 0.259000  29.774 0.000  13.119 0.000  16.654 0.000  0.103 0.000  0.526 0.000
307.333333 308.333333 9999.99 0.699 999.99 0.699 9.999 0.699000 999.99 0.699000  1.392 0.000  13.698 0.000  19.178 0.000 999.99 0.699000  44.367 0.000 999.999 0.999 999.999 0.699 99.999 0.699  0.843 0.000
310.333333 311.333333  104.53 0.000   4.09 0.000 9.999 0.259000   2.42 0.000000  0.138 0.000   5.000 0.000   7.000 0.000 999.99 0.259000  13.642 0.000   4.120 0.000   9.522 0.000  0.077 0.000  0.297 0.000
313.333333 314.333333   20.14 0.000   5.00 0.000 9.999 0.259000   0.15 0.000000  0.117 0.000   2.059 0.000   2.882 0.000 999.99 0.259000   6.821 0.000   2.440 0.000   4.381 0.000  0.048 0.000  0.098 0.000
316.333333 317.333333   87.91 0.000   5.52 0.000 9.999 0.259000   1.11 0.000000  0.168 0.559   3.145 0.000   4.403 0.000 999.99 0.259000  14.135 0.000   6.449 0.000   7.686 0.000  0.075 0.000  0.228 0.559
319.333333 320.333333   45.65 0.000   6.81 0.000 9.999 0.259000   0.38 0.000000  0.187 0.000   6.553 0.000   9.174 0.000 999.99 0.259000  19.847 0.000   5.928 0.000  13.919 0.000  0.146 0.000  0.473 0.000
322.333333 323.333333   29.70 0.000   2.47 0.000 0.016 0.000000   0.80 0.000000  0.069 0.000   1.784 0.000   2.497 0.000 999.99 0.259000   6.027 0.000   1.970 0.000   4.057 0.000  0.032 0.000  0.126 0.000
325.333333 326.333333   55.58 0.000   3.99 0.000 9.999 0.259000   3.13 0.000000  0.809 0.559   7.064 0.000   9.889 0.000 999.99 0.259000  25.876 0.000   5.729 0.000  20.148 0.000  0.101 0.000  1.032 0.559
328.333333 329.333333   55.82 0.000   4.88 0.000 9.999 0.259000   0.55 0.000000  0.518 0.000   8.106 0.000  11.348 0.000 999.99 0.259000  22.652 0.000   3.592 0.000  19.060 0.000  0.111 0.000  0.518 0.000
331.333333 332.333333  132.19 0.000   8.14 0.000 9.999 0.259000   3.32 0.000000  0.527 0.000   9.910 0.000  13.873 0.000 999.99 0.259000  27.611 0.000   3.815 0.000  23.796 0.000  0.168 0.000  0.737 0.000
334.333333 335.333333   43.05 0.000   9.72 0.000 9.999 0.259000   0.93 0.000000  0.444 0.000   7.316 0.000  10.242 0.000 999.99 0.259000  18.984 0.000   2.841 0.000  16.144 0.000  0.093 0.000  0.521 0.000
337.333333 338.333333   46.75 0.000   2.10 0.000 9.999 0.259000   0.12 0.000000  0.112 0.000   3.414 0.000   4.780 0.000 999.99 0.259000   8.846 0.000   2.670 0.000   6.176 0.000  0.034 0.000  0.189 0.000
340.333333 341.333333   96.64 0.000  11.14 0.000 9.999 0.259000   2.03 0.000000  0.543 0.000   9.777 0.000  13.688 0.000 999.99 0.259000  26.941 0.000   2.188 0.000  24.753 0.000  0.134 0.000  1.127 0.000
343.333333 344.333333   21.80 0.000   1.23 0.000 9.999 0.259000   0.20 0.000000  0.042 0.000   1.095 0.000   1.533 0.000   1.61 0.000000   5.813 0.000   2.793 0.000   3.021 0.000  0.022 0.000  0.073 0.000
346.333333 347.333333   33.09 0.000   1.69 0.000 9.999 0.259000   0.27 0.000000  0.078 0.000   1.543 0.000   2.161 0.000 999.99 0.259000   7.355 0.000   3.110 0.000   4.245 0.000  0.029 0.000  0.086 0.000
349.333333 350.333333   44.56 0.000   2.54 0.000 9.999 0.259000   1.46 0.000000  0.090 0.000   1.327 0.000   1.857 0.000 999.99 0.259000   6.820 0.000   2.830 0.000   3.990 0.000  0.027 0.000  0.154 0.000
352.333333 353.333333   24.24 0.000   1.35 0.000 9.999 0.259000 999.99 0.259000  0.065 0.000   1.571 0.000   2.199 0.000 999.99 0.259000   6.862 0.000   3.330 0.000   3.533 0.000  0.026 0.000  0.134 0.000
355.333333 356.333333   50.13 0.000   6.71 0.000 9.999 0.259000   0.28 0.000000  0.356 0.000   4.812 0.000   6.737 0.000 999.99 0.259000  14.922 0.000   2.792 0.000  12.130 0.000  0.074 0.000  0.285 0.000
358.333333 359.333333    6.49 0.000   0.90 0.000 0.026 0.000000   0.09 0.000000  0.025 0.000   0.741 0.000   1.037 0.000 999.99 0.259000   4.232 0.000   2.504 0.000   1.729 0.000  0.014 0.000  0.091 0.000
361.333333 362.333333   15.62 0.000   1.42 0.000 9.999 0.259000   0.21 0.000000  0.235 0.000   2.087 0.000   2.921 0.000 999.99 0.259000   7.936 0.000   1.777 0.000   6.159 0.000  0.031 0.000  0.251 0.000
364.333333 365.333333   32.14 0.000   3.10 0.000 9.999 0.259000   0.15 0.000000  0.315 0.000   3.384 0.000   4.738 0.000  14.84 0.000000  13.158 0.000   4.628 0.000   8.530 0.000  0.075 0.000  0.222 0.000
