scripts/IMPROVE-2019_partial/data/US9011R.20100102060000.20191216000000.filterpack...52w.3d.US03L_filterpack_US9011.US03L_IMPROVE_Davis.lev2.nas
52 1001
MISSING INFORMATION
US03L, IMPROVE, , , , , , , 
MISSING INFORMATION
IMPROVE sel_HTAP
1 1
2010 01 01 2019 12 16
3.00
days from file reference point
5
1 1 1 1 1
999.99 9999.999 9.999 999.999 9.999
end_time of measurement, days from the file reference point
pm10_mass, ug/m3, Matrix=pm10
numflag pm10_mass, no unit, Matrix=pm10
pm25_mass, ug/m3, Matrix=pm25
numflag pm25_mass, no unit, Matrix=pm25
0
33
Data definition:              EBAS_1.1
Set type code:                TU
Timezone:                     UTC
File name:                    US9011R.20100102060000.20191216000000.filterpack...52w.3d.US03L_filterpack_US9011.US03L_IMPROVE_Davis.lev2.nas
File creation:                20191218120553
Startdate:                    20100102060000
Revision date:                20191216000000
Version:                      2
Version description:          "Data extracted from http://views.cira.colostate.edu/fed/DataWizard 2019-12-16"
Statistics:                   arithmetic mean
Data level:                   2
Period code:                  52w
Resolution code:              3d
Sample duration:              1d
Orig. time res.:              3d
Station code:                 US9011R
Platform code:                US9011S
Station name:                 Mingo
Station latitude:             36.9717
Station longitude:            -90.1432
Station altitude:             111.0 m
Regime:                       IMG
Component:                    
Unit:                         ug/m3
Matrix:                       
Laboratory code:              US03L
Instrument type:              filterpack
Instrument name:              filterpack_US9011
Method ref:                   US03L_IMPROVE_Davis
Blank correction:             Blank corrected
Volume std. temperature:      ambient
Volume std. pressure:         ambient
starttime endtime PM10 flag_PM10 PM2.5 flag_PM2.5
  1.25   2.25    5.149 0.000   3.571 0.000
  4.25   5.25   24.506 0.000   7.062 0.000
  7.25   8.25    6.862 0.000   5.547 0.000
 10.25  11.25   14.027 0.000  10.122 0.000
 13.25  14.25   18.704 0.000  13.228 0.000
 16.25  17.25   11.981 0.000   9.835 0.000
 19.25  20.25    7.948 0.000   4.717 0.000
 22.25  23.25    8.385 0.000   7.447 0.000
 25.25  26.25    9.116 0.000   5.133 0.000
 28.25  29.25    8.049 0.000   7.371 0.000
 31.25  32.25   23.993 0.000  21.991 0.000
 34.25  35.25   26.403 0.000  25.110 0.000
 37.25  38.25    6.855 0.000   6.707 0.000
 40.25  41.25 9999.999 0.999 999.999 0.999
 43.25  44.25   11.191 0.000  10.686 0.000
 46.25  47.25    4.190 0.000   3.798 0.000
 49.25  50.25   11.885 0.000   5.877 0.000
 52.25  53.25    8.729 0.000   8.693 0.000
 55.25  56.25   14.336 0.000   6.699 0.000
 58.25  59.25   11.125 0.000   5.248 0.000
 61.25  62.25   38.066 0.000  14.500 0.000
 64.25  65.25   64.461 0.000  21.509 0.000
 67.25  68.25   17.343 0.000  14.105 0.000
 70.25  71.25    3.140 0.000   3.796 0.000
 73.25  74.25    5.973 0.000   4.682 0.000
 76.25  77.25   28.367 0.000 999.999 0.999
 79.25  80.25    7.564 0.000 999.999 0.999
 82.25  83.25   13.690 0.000  17.026 0.000
 85.25  86.25    7.786 0.000   8.374 0.000
 88.25  89.25   11.957 0.000  10.500 0.000
 91.25  92.25   20.994 0.000  11.979 0.000
 94.25  95.25   19.408 0.000  13.132 0.000
 97.25  98.25   14.587 0.000   5.301 0.000
100.25 101.25   42.715 0.000  15.549 0.000
103.25 104.25 9999.999 0.999 999.999 0.999
106.25 107.25   10.521 0.000   4.701 0.000
109.25 110.25   23.417 0.000  10.390 0.000
112.25 113.25   11.856 0.000   9.522 0.000
115.25 116.25    4.521 0.000   3.407 0.000
118.25 119.25   28.131 0.000   8.416 0.000
121.25 122.25   11.248 0.000   6.881 0.000
124.25 125.25 9999.999 0.999 999.999 0.999
127.25 128.25    5.572 0.000   2.443 0.000
130.25 131.25   19.681 0.000  14.769 0.000
133.25 134.25    9.371 0.000   5.941 0.000
136.25 137.25    7.907 0.000   6.092 0.000
139.25 140.25   10.170 0.000   8.825 0.000
142.25 143.25   14.376 0.000  10.043 0.000
145.25 146.25 9999.999 0.999 999.999 0.999
148.25 149.25   23.371 0.000  17.885 0.000
151.25 152.25   24.368 0.000  12.388 0.000
154.25 155.25   17.152 0.000  11.248 0.000
157.25 158.25    9.521 0.000   4.437 0.000
160.25 161.25   19.420 0.000  11.630 0.000
163.25 164.25   17.778 0.000   9.133 0.000
166.25 167.25    9.135 0.000   5.612 0.000
169.25 170.25   20.029 0.000   8.127 0.000
172.25 173.25   28.724 0.000  15.950 0.000
175.25 176.25   17.121 0.000  11.952 0.000
178.25 179.25   11.495 0.000   5.864 0.000
181.25 182.25   16.521 0.000  12.668 0.000
184.25 185.25   20.840 0.000  16.659 0.000
187.25 188.25   18.700 0.000  10.301 0.000
190.25 191.25   14.591 0.000   9.522 0.000
193.25 194.25    8.198 0.000   3.780 0.000
196.25 197.25   14.140 0.000   7.086 0.000
199.25 200.25   11.009 0.000   6.870 0.000
202.25 203.25   20.226 0.000  11.580 0.000
205.25 206.25   11.062 0.000   7.570 0.000
208.25 209.25   11.821 0.000   8.858 0.000
211.25 212.25   16.354 0.000   9.963 0.000
214.25 215.25   19.642 0.000  14.021 0.000
217.25 218.25   16.115 0.000  13.000 0.000
220.25 221.25   20.268 0.000  16.296 0.000
223.25 224.25   16.438 0.000  10.032 0.000
226.25 227.25   14.753 0.000  11.669 0.000
229.25 230.25   17.556 0.000  12.876 0.000
232.25 233.25    8.691 0.000   5.248 0.000
235.25 236.25   17.377 0.000  13.222 0.000
238.25 239.25   14.447 0.000   7.832 0.000
241.25 242.25   10.059 0.000   5.908 0.000
244.25 245.25   16.494 0.000  11.501 0.000
247.25 248.25   12.556 0.000   5.761 0.000
250.25 251.25   17.262 0.000   7.308 0.000
253.25 254.25    7.287 0.000   3.638 0.000
256.25 257.25   16.985 0.000   9.087 0.000
259.25 260.25   15.863 0.000   6.644 0.000
262.25 263.25   27.109 0.000  16.525 0.000
265.25 266.25   46.158 0.000  25.960 0.000
268.25 269.25    6.819 0.000   4.020 0.000
271.25 272.25   17.177 0.000   7.764 0.000
274.25 275.25   11.144 0.000   5.046 0.000
277.25 278.25   19.031 0.000   6.537 0.000
280.25 281.25   39.114 0.000  13.751 0.000
283.25 284.25   49.046 0.000  39.045 0.659
286.25 287.25   16.720 0.000   3.889 0.000
289.25 290.25   52.676 0.000  22.713 0.000
292.25 293.25   46.908 0.000  18.207 0.000
295.25 296.25   40.904 0.000  14.393 0.000
298.25 299.25   19.968 0.000   4.480 0.000
301.25 302.25   29.445 0.000   7.373 0.000
304.25 305.25   19.861 0.000   7.743 0.000
307.25 308.25 9999.999 0.999 999.999 0.999
310.25 311.25 9999.999 0.456  15.219 0.000
313.25 314.25  103.022 0.000  31.355 0.000
316.25 317.25   14.238 0.000   9.122 0.000
319.25 320.25   11.848 0.000   8.156 0.000
322.25 323.25   14.161 0.000  15.846 0.000
325.25 326.25    9.838 0.000   6.434 0.000
328.25 329.25    4.711 0.000 999.999 0.999
331.25 332.25    7.564 0.000 999.999 0.999
334.25 335.25    9.758 0.000   7.444 0.000
337.25 338.25   18.402 0.000 999.999 0.456
340.25 341.25   25.669 0.000  12.423 0.000
343.25 344.25 9999.999 0.999 999.999 0.999
346.25 347.25 9999.999 0.999 999.999 0.999
349.25 350.25   10.739 0.000   9.782 0.000
352.25 353.25   24.798 0.000  18.613 0.000
355.25 356.25 9999.999 0.999 999.999 0.999
358.25 359.25    8.726 0.000   7.778 0.000
361.25 362.25   12.140 0.000   8.851 0.000
364.25 365.25   13.785 0.000   7.914 0.000
