scripts/IMPROVE-2019_partial/data/US9014R.20020102070000.20191216000000.filterpack..pm25.52w.1w.US03L_filterpack_US9014.US03L_IMPROVE_Davis.lev2.nas
64 1001
MISSING INFORMATION
US03L, IMPROVE, , , , , , , 
MISSING INFORMATION
IMPROVE sel_HTAP
1 1
2002 01 01 2019 12 16
3.000000
days from file reference point
25
1 1 1 1 1 1 1 1 1 1 1 1 1 1 1 1 1 1 1 1 1 1 1 1 1
999.999999 9999.99 9.999999 99.99 9.999999 9.999 9.999999999 9.99 9.999999 9.999 9.999 99.999 9.999 99.999 9.999 999.999 9.999 999.999 9.999 999.999 9.999 9.999 9.999999 99.999 9.999
end_time of measurement, days from the file reference point
iron, ng/m3, Revision date=20181210133000
numflag iron, no unit, Revision date=20181210133000
lead, ng/m3, Revision date=20181210133000
numflag lead, no unit, Revision date=20181210133000
magnesium, ug/m3, Revision date=20181210133000
numflag magnesium, no unit, Revision date=20181210133000
nickel, ng/m3, Revision date=20181210133000
numflag nickel, no unit, Revision date=20181210133000
nitrate, ug N/m3, Revision date=20181210133000
numflag nitrate, no unit, Revision date=20181210133000
organic_carbon, ug C/m3, Revision date=20181210133000
numflag organic_carbon, no unit, Revision date=20181210133000
organic_mass, ug/m3, Revision date=20181210133000
numflag organic_mass, no unit, Revision date=20181210133000
pm10_mass, ug/m3, Version=2, Version description=Data extracted from http://views.cira.colostate.edu/fed/DataWizard 2019-12-16, Sample duration=1d, Orig. time res.=3d, Matrix=pm10, Blank correction=Blank corrected, Volume std. temperature=ambient, Volume std. pressure=ambient
numflag pm10_mass, no unit, Version=2, Version description=Data extracted from http://views.cira.colostate.edu/fed/DataWizard 2019-12-16, Sample duration=1d, Orig. time res.=3d, Matrix=pm10, Blank correction=Blank corrected, Volume std. temperature=ambient, Volume std. pressure=ambient
pm10_pm25_mass, ug/m3, Revision date=20181210133000, Matrix=pm10_pm25
numflag pm10_pm25_mass, no unit, Revision date=20181210133000, Matrix=pm10_pm25
pm25_mass, ug/m3, Version=2, Version description=Data extracted from http://views.cira.colostate.edu/fed/DataWizard 2019-12-16, Sample duration=1d, Orig. time res.=3d, Blank correction=Blank corrected, Volume std. temperature=ambient, Volume std. pressure=ambient
numflag pm25_mass, no unit, Version=2, Version description=Data extracted from http://views.cira.colostate.edu/fed/DataWizard 2019-12-16, Sample duration=1d, Orig. time res.=3d, Blank correction=Blank corrected, Volume std. temperature=ambient, Volume std. pressure=ambient
potassium, ug/m3, Revision date=20181210133000
numflag potassium, no unit, Revision date=20181210133000
sulphate_total, ug S/m3, Revision date=20181210133000
numflag sulphate_total, no unit, Revision date=20181210133000
0
25
Data definition:              EBAS_1.1
Set type code:                TU
Timezone:                     UTC
File name:                    US9014R.20020102070000.20191216000000.filterpack..pm25.52w.1w.US03L_filterpack_US9014.US03L_IMPROVE_Davis.lev2.nas
File creation:                20191218120607
Startdate:                    20020102070000
Revision date:                20191216000000
Statistics:                   arithmetic mean
Data level:                   2
Period code:                  52w
Resolution code:              1w
Station code:                 US9014R
Platform code:                US9014S
Station name:                 Medicine Lake
Station latitude:             48.4871
Station longitude:            -104.4757
Station altitude:             606.0 m
Regime:                       IMG
Component:                    
Matrix:                       pm25
Laboratory code:              US03L
Instrument type:              filterpack
Instrument name:              filterpack_US9014
Method ref:                   US03L_IMPROVE_Davis
starttime endtime Fe flag_Fe Pb flag_Pb Mg++ flag_Mg++ Ni flag_Ni NO3- flag_NO3- OC flag_OC OM flag_OM PM10 flag_PM10 PM10-PM2.5 flag_PM10-PM2.5 PM2.5 flag_PM2.5 K+ flag_K+ SO4-- flag_SO4--
[from data line 83]
250.291667 251.291667    4.77 0.000000  0.38 0.000000 0.024 0.000000000 9.99 0.259000 0.012 0.000  0.424 0.000  0.594 0.000   4.978 0.000   3.620 0.000   1.358 0.000 0.009 0.000000  0.085 0.000
253.291667 254.291667   42.01 0.000000  1.97 0.000000 0.023 0.000000000 9.99 0.259000 0.020 0.000  0.536 0.000  0.751 0.000  10.645 0.000   7.738 0.000   2.907 0.000 0.024 0.000000  0.173 0.000
256.291667 257.291667   26.89 0.000000  0.25 0.000000 0.018 0.000000000 9.99 0.259000 0.018 0.000  0.421 0.000  0.590 0.000  10.249 0.000   7.891 0.000   2.358 0.000 0.021 0.000000  0.195 0.000
259.291667 260.291667  137.15 0.559394  1.07 0.559394 9.999 0.559394259 0.10 0.559394 0.029 0.394  1.109 0.000  1.552 0.000  28.036 0.000  21.913 0.000   6.123 0.559 0.073 0.559394  0.224 0.394
262.291667 263.291667   24.01 0.559000  0.34 0.559000 9.999 0.559259000 9.99 0.559259 0.009 0.000  0.313 0.000  0.438 0.000  15.186 0.000  13.197 0.000   1.989 0.559 0.016 0.559000  0.115 0.000
265.291667 266.291667   12.30 0.559000  0.29 0.559000 9.999 0.559259000 9.99 0.559259 0.038 0.000  0.285 0.000  0.400 0.000   5.187 0.000   3.071 0.000   2.116 0.559 0.008 0.559000  0.240 0.000
268.291667 269.291667   38.19 0.000000  0.50 0.000000 0.025 0.000000000 9.99 0.259000 0.038 0.559 99.999 0.999 99.999 0.999  12.719 0.000   7.221 0.000   5.498 0.000 0.037 0.000000  0.279 0.559
271.291667 272.291667   21.88 0.559000  0.53 0.559000 9.999 0.559259000 9.99 0.559259 0.068 0.000 99.999 0.259 99.999 0.259   8.965 0.000   5.409 0.000   3.555 0.559 0.026 0.559000  0.270 0.000
274.291667 275.291667   42.12 0.000000  0.25 0.000000 9.999 0.259000000 9.99 0.259000 0.017 0.559  0.415 0.000  0.581 0.000   9.559 0.000   7.418 0.000   2.142 0.000 0.023 0.000000  0.131 0.559
277.291667 278.291667    3.06 0.000000  0.57 0.000000 9.999 0.259000000 0.05 0.000000 0.045 0.559  0.452 0.000  0.633 0.000   3.409 0.000   1.169 0.000   2.240 0.000 0.009 0.000000  0.204 0.559
280.291667 281.291667    5.37 0.559000  0.32 0.559000 0.025 0.559000000 0.07 0.559000 0.042 0.559  0.624 0.000  0.873 0.000   4.806 0.000   1.770 0.000   3.036 0.559 0.017 0.559000  0.285 0.559
283.291667 284.291667    7.09 0.559000  0.26 0.559000 0.049 0.559000000 9.99 0.559259 0.103 0.559  0.473 0.000  0.662 0.000   4.740 0.000   2.426 0.000   2.315 0.559 0.018 0.559000  0.214 0.559
286.291667 287.291667   13.11 0.000000 99.99 0.259000 9.999 0.259000000 9.99 0.259000 0.016 0.559  0.469 0.000  0.657 0.000   6.366 0.000   4.428 0.000   1.938 0.000 0.016 0.000000  0.088 0.559
289.291667 290.291667   11.64 0.000000  0.57 0.000000 9.999 0.259000000 9.99 0.259000 0.155 0.000  0.770 0.000  1.078 0.000   5.731 0.000   2.486 0.000   3.245 0.000 0.018 0.000000  0.284 0.000
292.291667 293.291667    2.07 0.000000  0.62 0.000000 9.999 0.259000000 9.99 0.259000 0.211 0.000  0.377 0.000  0.528 0.000   4.107 0.000   1.056 0.000   3.052 0.000 0.016 0.000000  0.300 0.000
295.291667 296.291667    4.94 0.559000  1.79 0.559000 9.999 0.559259000 9.99 0.559259 0.376 0.559  0.569 0.000  0.797 0.000   6.902 0.000   1.752 0.000   5.150 0.559 0.016 0.559000  0.526 0.559
298.291667 299.291667    4.75 0.559000  0.25 0.559000 9.999 0.559259000 0.07 0.559000 0.285 0.000  0.343 0.000  0.480 0.000   4.277 0.000   1.263 0.000   3.014 0.559 0.008 0.559000  0.374 0.000
301.291667 302.291667    7.86 0.000000  0.96 0.000000 9.999 0.259000000 0.11 0.000000 0.109 0.559  0.097 0.000  0.136 0.000   4.159 0.000   2.044 0.000   2.115 0.000 0.029 0.000000  0.280 0.559
304.291667 305.291667    9.76 0.000000  0.54 0.000000 9.999 0.259000000 9.99 0.259000 0.114 0.559  0.353 0.000  0.494 0.000   4.489 0.000   1.736 0.000   2.752 0.000 0.010 0.000000  0.387 0.559
307.291667 308.291667   20.82 0.000000  0.45 0.000000 9.999 0.259000000 9.99 0.259000 0.358 0.559  1.093 0.000  1.530 0.000   7.283 0.000   2.708 0.000   4.575 0.000 0.034 0.000000  0.260 0.559
310.291667 311.291667   28.30 0.000000  0.38 0.000000 9.999 0.259000000 9.99 0.259000 0.023 0.000  0.707 0.000  0.990 0.000   7.194 0.000   4.805 0.000   2.389 0.000 0.024 0.000000  0.072 0.000
313.291667 314.291667    7.84 0.000000  0.87 0.000000 9.999 0.259000000 0.05 0.000000 0.162 0.559  0.313 0.000  0.438 0.000   3.962 0.000   0.797 0.000   3.165 0.000 0.040 0.000000  0.331 0.559
316.291667 317.291667    7.07 0.559000  0.80 0.559000 9.999 0.559259000 0.05 0.559000 0.631 0.000  0.692 0.000  0.968 0.000   9.115 0.000   1.875 0.000   7.239 0.559 0.033 0.559000  0.624 0.000
319.291667 320.291667   14.19 0.559000  0.66 0.559000 9.999 0.559259000 0.05 0.559000 0.297 0.559  0.900 0.000  1.260 0.000   5.293 0.000   1.264 0.000   4.029 0.559 0.031 0.559000  0.262 0.559
322.291667 323.291667   10.30 0.559000  0.85 0.559000 9.999 0.559259000 9.99 0.559259 0.010 0.000  0.420 0.000  0.588 0.000   3.551 0.000   2.354 0.000   1.197 0.559 0.015 0.559000  0.060 0.000
325.291667 326.291667   22.12 0.000000  0.36 0.000000 9.999 0.259000000 9.99 0.259000 0.039 0.000  0.478 0.000  0.669 0.000   4.449 0.000   2.977 0.000   1.472 0.000 0.017 0.000000  0.096 0.000
328.291667 329.291667   12.13 0.000000  0.40 0.000000 9.999 0.259000000 9.99 0.259000 0.392 0.000  0.402 0.000  0.562 0.000  11.588 0.000   6.065 0.000   5.523 0.000 0.024 0.000000  0.632 0.000
331.291667 332.291667    9.98 0.000000  0.48 0.000000 9.999 0.259000000 9.99 0.259000 0.107 0.000  0.480 0.000  0.672 0.000   3.998 0.000   2.270 0.000   1.728 0.000 0.013 0.000000  0.133 0.000
334.291667 335.291667   15.06 0.000000  0.32 0.000000 9.999 0.259000000 9.99 0.259000 0.195 0.000  0.548 0.000  0.767 0.000   6.818 0.000   3.548 0.000   3.270 0.000 0.032 0.000000  0.245 0.000
337.291667 338.291667   14.24 0.559000  0.93 0.559000 9.999 0.559259000 0.11 0.559000 0.259 0.000  0.362 0.000  0.507 0.000   7.030 0.000   2.521 0.000   4.509 0.559 0.052 0.559000  0.296 0.000
340.291667 341.291667   11.08 0.559000  0.16 0.559000 9.999 0.559259000 9.99 0.559259 0.373 0.000  0.644 0.000  0.902 0.000   6.267 0.000   2.386 0.000   3.881 0.559 0.022 0.559000  0.225 0.000
343.291667 344.291667   38.35 0.000000  0.43 0.000000 9.999 0.259000000 9.99 0.259000 0.039 0.000  0.306 0.000  0.428 0.000   5.973 0.000   4.378 0.000   1.595 0.000 0.014 0.000000  0.073 0.000
346.291667 347.291667   41.65 0.559000  0.33 0.559000 9.999 0.559259000 0.04 0.559000 0.025 0.000  0.269 0.000  0.377 0.000   6.693 0.000   4.686 0.000   2.008 0.559 0.030 0.559000  0.083 0.000
349.291667 350.291667   33.20 0.000000  0.72 0.000000 0.021 0.000000000 9.99 0.259000 0.274 0.000  0.434 0.000  0.607 0.000   5.843 0.000   1.820 0.000   4.024 0.000 0.041 0.000000  0.271 0.000
352.291667 353.291667   10.11 0.000000  0.23 0.000000 0.030 0.000000000 9.99 0.259000 0.435 0.000  0.518 0.000  0.725 0.000   7.323 0.000   3.538 0.000   3.785 0.000 0.020 0.000000  0.080 0.000
355.291667 356.291667    3.96 0.000000  0.58 0.000000 0.017 0.000000000 9.99 0.259000 0.159 0.000  0.198 0.000  0.277 0.000   4.005 0.000   1.890 0.000   2.115 0.000 0.023 0.000000  0.152 0.000
358.291667 359.291667    5.25 0.000000  0.27 0.000000 9.999 0.259000000 9.99 0.259000 0.259 0.559  0.230 0.000  0.323 0.000   3.710 0.000   1.007 0.000   2.702 0.000 0.005 0.000000  0.109 0.559
361.291667 362.291667    4.31 0.000000  0.61 0.000000 9.999 0.259000000 9.99 0.259000 0.188 0.559  0.223 0.000  0.312 0.000   3.704 0.000   1.601 0.000   2.102 0.000 0.006 0.000000  0.232 0.559
364.291667 365.291667   12.08 0.559000  0.72 0.559000 0.023 0.559000000 9.99 0.559259 0.349 0.000  0.304 0.000  0.425 0.000   5.606 0.000   1.947 0.000   3.658 0.559 0.011 0.559000  0.242 0.000
