scripts/IMPROVE-2019_partial/data/US9012R.20040101070000.20191216000000.filterpack..pm25.52w.1w.US03L_filterpack_US9012.US03L_IMPROVE_Davis.lev2.nas
66 1001
MISSING INFORMATION
US03L, IMPROVE, , , , , , , 
MISSING INFORMATION
IMPROVE sel_HTAP
1 1
2004 01 01 2019 12 16
3.000000
days from file reference point
27
1 1 1 1 1 1 1 1 1 1 1 1 1 1 1 1 1 1 1 1 1 1 1 1 1 1 1
999.999999 999.99 9.999999 99.99 9.999999 9.999 9.999999 9.99 9.999999999 9.999 9.999999 99.999 9.999 99.999 9.999 99.99 9.999999999 999.999 9.999 999.999 9.999 999.999 9.999 9.999 9.999999 9.999 9.999999
end_time of measurement, days from the file reference point
iron, ng/m3, Revision date=20181210133000
numflag iron, no unit, Revision date=20181210133000
lead, ng/m3, Revision date=20181210133000
numflag lead, no unit, Revision date=20181210133000
magnesium, ug/m3, Revision date=20181210133000
numflag magnesium, no unit, Revision date=20181210133000
nickel, ng/m3, Revision date=20181210133000
numflag nickel, no unit, Revision date=20181210133000
nitrate, ug N/m3, Revision date=20181210133000
numflag nitrate, no unit, Revision date=20181210133000
organic_carbon, ug C/m3, Revision date=20181210133000
numflag organic_carbon, no unit, Revision date=20181210133000
organic_mass, ug/m3, Revision date=20181210133000
numflag organic_mass, no unit, Revision date=20181210133000
phosphorus, ng/m3, Revision date=20181210133000
numflag phosphorus, no unit, Revision date=20181210133000
pm10_mass, ug/m3, Version=2, Version description=Data extracted from http://views.cira.colostate.edu/fed/DataWizard 2019-12-16, Sample duration=1d, Orig. time res.=3d, Matrix=pm10, Blank correction=Blank corrected, Volume std. temperature=ambient, Volume std. pressure=ambient
numflag pm10_mass, no unit, Version=2, Version description=Data extracted from http://views.cira.colostate.edu/fed/DataWizard 2019-12-16, Sample duration=1d, Orig. time res.=3d, Matrix=pm10, Blank correction=Blank corrected, Volume std. temperature=ambient, Volume std. pressure=ambient
pm10_pm25_mass, ug/m3, Revision date=20181210133000, Matrix=pm10_pm25
numflag pm10_pm25_mass, no unit, Revision date=20181210133000, Matrix=pm10_pm25
pm25_mass, ug/m3, Version=2, Version description=Data extracted from http://views.cira.colostate.edu/fed/DataWizard 2019-12-16, Sample duration=1d, Orig. time res.=3d, Blank correction=Blank corrected, Volume std. temperature=ambient, Volume std. pressure=ambient
numflag pm25_mass, no unit, Version=2, Version description=Data extracted from http://views.cira.colostate.edu/fed/DataWizard 2019-12-16, Sample duration=1d, Orig. time res.=3d, Blank correction=Blank corrected, Volume std. temperature=ambient, Volume std. pressure=ambient
potassium, ug/m3, Revision date=20181210133000
numflag potassium, no unit, Revision date=20181210133000
sulphate_total, ug S/m3, Revision date=20181210133000
numflag sulphate_total, no unit, Revision date=20181210133000
0
25
Data definition:              EBAS_1.1
Set type code:                TU
Timezone:                     UTC
File name:                    US9012R.20040101070000.20191216000000.filterpack..pm25.52w.1w.US03L_filterpack_US9012.US03L_IMPROVE_Davis.lev2.nas
File creation:                20191218120558
Startdate:                    20040101070000
Revision date:                20191216000000
Statistics:                   arithmetic mean
Data level:                   2
Period code:                  52w
Resolution code:              1w
Station code:                 US9012R
Platform code:                US9012S
Station name:                 Monture
Station latitude:             47.1222
Station longitude:            -113.1544
Station altitude:             1282.0 m
Regime:                       IMG
Component:                    
Matrix:                       pm25
Laboratory code:              US03L
Instrument type:              filterpack
Instrument name:              filterpack_US9012
Method ref:                   US03L_IMPROVE_Davis
starttime endtime Fe flag_Fe Pb flag_Pb Mg++ flag_Mg++ Ni flag_Ni NO3- flag_NO3- OC flag_OC OM flag_OM P flag_P PM10 flag_PM10 PM10-PM2.5 flag_PM10-PM2.5 PM2.5 flag_PM2.5 K+ flag_K+ SO4-- flag_SO4--
[from data line 75]
225.291667 226.291667  53.38 0.000000  0.22 0.000000 9.999 0.259000 0.10 0.000000000 0.007 0.000000  1.567 0.000  2.194 0.000 99.99 0.259000000  11.161 0.000   7.134 0.000   4.027 0.000 0.055 0.000000 0.124 0.000000
228.291667 229.291667  93.63 0.000000  0.42 0.000000 9.999 0.259000 9.99 0.259000000 0.011 0.000000  3.819 0.000  5.347 0.000 99.99 0.259000000  22.189 0.000  12.227 0.000   9.963 0.000 0.112 0.000000 0.236 0.000000
231.291667 232.291667  23.75 0.000000 99.99 0.259000 9.999 0.259000 0.17 0.000000000 0.008 0.000000  3.049 0.000  4.269 0.000 99.99 0.259000000   8.136 0.000   0.571 0.000   7.565 0.000 0.051 0.000000 0.221 0.000000
234.291667 235.291667  11.38 0.000000 99.99 0.259000 9.999 0.259000 0.23 0.000000000 0.007 0.000000  0.877 0.000  1.228 0.000 99.99 0.259000000   3.018 0.000   1.142 0.000   1.875 0.000 0.022 0.000000 0.073 0.000000
237.291667 238.291667   1.39 0.000000  0.21 0.000000 9.999 0.259000 9.99 0.259000000 0.005 0.000000  0.338 0.000  0.473 0.000 99.99 0.259000000   1.323 0.000   0.791 0.000   0.532 0.000 0.013 0.000000 0.028 0.000000
240.291667 241.291667   2.14 0.000000  0.14 0.000000 9.999 0.259000 9.99 0.259000000 0.006 0.000000  0.647 0.000  0.906 0.000 99.99 0.259000000   2.761 0.000   1.179 0.000   1.582 0.000 0.014 0.000000 0.090 0.000000
243.291667 244.291667  13.19 0.559000  0.25 0.559000 9.999 0.559259 0.14 0.559000000 0.006 0.000000  1.021 0.000  1.429 0.000 99.99 0.559259000   4.165 0.000   2.129 0.000   2.036 0.559 0.019 0.559000 0.085 0.000000
246.291667 247.291667   6.72 0.000000  0.49 0.000000 9.999 0.259000 9.99 0.259000000 0.008 0.000000  0.586 0.000  0.821 0.000 99.99 0.259000000   3.265 0.000   1.882 0.000   1.383 0.000 0.013 0.000000 0.065 0.000000
249.291667 250.291667  14.95 0.000000  0.37 0.000000 9.999 0.259000 9.99 0.259000000 0.010 0.000000  1.522 0.000  2.131 0.000 99.99 0.259000000   3.803 0.000   1.906 0.000   1.897 0.000 0.019 0.000000 0.096 0.000000
252.291667 253.291667  26.98 0.000000  0.11 0.000000 9.999 0.259000 0.15 0.000000000 0.010 0.000000  1.063 0.000  1.488 0.000 99.99 0.259000000   7.110 0.000   4.070 0.000   3.040 0.000 0.043 0.000000 0.099 0.000000
255.291667 256.291667   5.73 0.000000  0.50 0.000000 9.999 0.259000 9.99 0.259000000 0.005 0.000000  0.444 0.000  0.621 0.000 99.99 0.259000000   2.204 0.000   1.122 0.000   1.082 0.000 0.016 0.000000 0.050 0.000000
258.291667 259.291667   2.93 0.000000 99.99 0.259000 0.088 0.000000 0.19 0.000000000 0.013 0.000000  0.639 0.000  0.895 0.000 99.99 0.259000000   3.657 0.000   2.156 0.000   1.501 0.000 0.013 0.000000 0.074 0.000000
261.291667 262.291667   6.85 0.000000  0.62 0.000000 9.999 0.259000 0.11 0.000000000 0.005 0.000000  0.465 0.000  0.651 0.000 99.99 0.259000000   4.150 0.000   2.880 0.000   1.271 0.000 0.016 0.000000 0.082 0.000000
264.291667 265.291667   4.51 0.000000  0.34 0.000000 0.152 0.000000 0.18 0.000000000 0.009 0.000000  1.007 0.000  1.410 0.000 99.99 0.259000000   5.608 0.000   3.250 0.000   2.357 0.000 0.017 0.000000 0.084 0.000000
267.291667 268.291667   6.14 0.000000  0.69 0.000000 9.999 0.259000 0.23 0.000000000 0.011 0.000000  1.237 0.000  1.731 0.000 99.99 0.259000000   8.019 0.000   5.247 0.000   2.772 0.000 0.028 0.000000 0.088 0.000000
270.291667 271.291667  31.65 0.000000  0.66 0.000000 9.999 0.259000 0.08 0.000000000 0.023 0.000000  1.410 0.000  1.974 0.000 99.99 0.259000000  12.979 0.000   8.399 0.000   4.581 0.000 0.033 0.000000 0.234 0.000000
273.291667 274.291667  34.61 0.000000  0.59 0.000000 0.110 0.000000 0.09 0.000000000 0.026 0.000000  1.662 0.000  2.327 0.000 99.99 0.259000000  11.533 0.000   6.589 0.000   4.944 0.000 0.036 0.000000 0.244 0.000000
276.291667 277.291667  19.89 0.000000  0.34 0.000000 9.999 0.259000 9.99 0.259000000 0.009 0.000000  1.964 0.000  2.750 0.000 99.99 0.259000000   9.177 0.000   4.702 0.000   4.475 0.000 0.038 0.000000 0.121 0.000000
279.291667 280.291667  75.26 0.000000  0.73 0.000000 9.999 0.259000 0.22 0.000000000 0.011 0.000000  1.976 0.000  2.766 0.000 99.99 0.259000000  14.513 0.000   8.451 0.000   6.062 0.000 0.079 0.000000 0.153 0.000000
282.291667 283.291667  13.65 0.000000  0.43 0.000000 9.999 0.259000 9.99 0.259000000 0.007 0.000000  0.641 0.000  0.897 0.000 99.99 0.259000000   4.476 0.000   2.534 0.000   1.942 0.000 0.021 0.000000 0.066 0.000000
285.291667 286.291667  10.47 0.000000  0.39 0.000000 0.115 0.000000 9.99 0.259000000 0.010 0.000000  0.500 0.000  0.700 0.000 99.99 0.259000000   4.071 0.000   2.319 0.000   1.752 0.000 0.016 0.000000 0.085 0.000000
288.291667 289.291667   8.11 0.000000  0.34 0.000000 9.999 0.259000 9.99 0.259000000 0.004 0.000000  0.524 0.000  0.734 0.000 99.99 0.259000000   2.137 0.000   0.577 0.000   1.560 0.000 0.016 0.000000 0.026 0.000000
291.291667 292.291667   2.57 0.000000  0.46 0.000000 9.999 0.259000 9.99 0.259000000 0.006 0.000000  0.403 0.000  0.564 0.000  1.72 0.000000000   2.370 0.000   1.100 0.000   1.271 0.000 0.017 0.000000 0.055 0.000000
294.291667 295.291667   2.14 0.000000  0.44 0.000000 9.999 0.259000 9.99 0.259000000 0.011 0.000000  1.127 0.000  1.577 0.000 99.99 0.259000000   2.828 0.000   0.572 0.000   2.256 0.000 0.019 0.000000 0.047 0.000000
297.291667 298.291667   1.25 0.000000  0.56 0.000000 9.999 0.259000 0.17 0.000000000 0.015 0.000000  0.594 0.000  0.831 0.000 99.99 0.259000000   1.924 0.000   0.196 0.000   1.729 0.000 0.014 0.000000 0.073 0.000000
300.291667 301.291667   6.64 0.000000  0.72 0.000000 9.999 0.259000 0.13 0.000000000 0.029 0.000000  5.258 0.000  7.362 0.000 99.99 0.259000000  10.417 0.000   0.760 0.000   9.657 0.000 0.036 0.000000 0.255 0.000000
303.291667 304.291667  10.92 0.000000  1.45 0.000000 0.094 0.000000 9.99 0.259000000 0.014 0.000000  1.870 0.000  2.618 0.000 99.99 0.259000000   6.030 0.000   1.124 0.000   4.905 0.000 0.042 0.000000 0.328 0.000000
306.291667 307.291667   2.46 0.000000  0.35 0.000000 9.999 0.259000 9.99 0.259000000 0.017 0.000000  2.459 0.000  3.443 0.000 99.99 0.259000000   5.104 0.000   0.289 0.000   4.815 0.000 0.062 0.000000 0.071 0.000000
309.291667 310.291667   5.92 0.000000  0.92 0.000000 9.999 0.259000 9.99 0.259000000 0.041 0.000000  3.307 0.000  4.630 0.000 99.99 0.259000000   6.692 0.000   0.430 0.000   6.262 0.000 0.046 0.000000 0.104 0.000000
312.291667 313.291667   5.76 0.394000  0.79 0.394000 9.999 0.394259 0.16 0.394000000 0.010 0.394000  1.020 0.000  1.428 0.000 99.99 0.394259000   2.962 0.000   0.279 0.000   2.683 0.000 0.016 0.394000 0.095 0.394000
315.291667 316.291667   6.60 0.000000  0.50 0.000000 0.107 0.000000 0.17 0.000000000 0.012 0.000000  0.835 0.000  1.169 0.000 99.99 0.259000000   3.327 0.000   0.737 0.000   2.590 0.000 0.014 0.000000 0.247 0.000000
318.291667 319.291667 999.99 0.456000 99.99 0.456000 9.999 0.456000 9.99 0.456000000 9.999 0.456000 99.999 0.999 99.999 0.999 99.99 0.456000000 999.999 0.456 999.999 0.999 999.999 0.456 9.999 0.456000 9.999 0.456000
321.291667 322.291667   2.85 0.000000  0.47 0.000000 9.999 0.259000 0.18 0.000000000 0.013 0.000000  1.867 0.000  2.614 0.000 99.99 0.259000000   4.657 0.000   0.397 0.000   4.260 0.000 0.025 0.000000 0.128 0.000000
324.291667 325.291667   1.81 0.000000  0.62 0.000000 0.068 0.000000 9.99 0.259000000 0.028 0.000000  2.170 0.000  3.037 0.000 99.99 0.259000000   4.615 0.000   0.044 0.000   4.571 0.000 0.052 0.000000 0.105 0.000000
327.291667 328.291667   1.69 0.000000  0.44 0.000000 9.999 0.259000 0.13 0.000000000 0.015 0.000000  1.847 0.000  2.586 0.000  3.80 0.000000000   3.258 0.000 999.999 0.259   3.300 0.000 0.029 0.000000 0.059 0.000000
330.291667 331.291667   4.47 0.000000  0.43 0.000000 9.999 0.259000 0.09 0.000000000 0.018 0.000000  0.243 0.000  0.340 0.000 99.99 0.259000000   1.255 0.000   0.435 0.000   0.820 0.000 0.010 0.000000 0.052 0.000000
333.291667 334.291667   3.21 0.000000  0.66 0.000000 9.999 0.259000 9.99 0.259000000 0.015 0.000000  0.730 0.000  1.022 0.000 99.99 0.259000000   2.062 0.000   0.174 0.000   1.889 0.000 0.016 0.000000 0.079 0.000000
336.291667 337.291667   1.56 0.000000  0.25 0.000000 0.060 0.000000 9.99 0.259000000 0.006 0.000000  0.679 0.000  0.951 0.000 99.99 0.259000000   1.123 0.000   0.164 0.000   0.959 0.000 0.009 0.000000 0.056 0.000000
339.291667 340.291667   4.14 0.000000  0.74 0.000000 0.028 0.000000 9.99 0.259000000 0.012 0.000000  1.880 0.000  2.632 0.000 99.99 0.259000000   1.631 0.000   0.331 0.000   1.300 0.000 0.010 0.000000 0.122 0.000000
342.291667 343.291667   1.77 0.000000  0.32 0.000000 9.999 0.259000 0.06 0.000000000 0.006 0.000000  0.224 0.000  0.314 0.000 99.99 0.259000000   0.951 0.000   0.362 0.000   0.589 0.000 0.007 0.000000 0.047 0.000000
345.291667 346.291667   1.53 0.000000  0.47 0.000000 0.056 0.000000 0.12 0.000000000 0.004 0.000000  0.264 0.000  0.369 0.000 99.99 0.259000000   0.909 0.000   0.357 0.000   0.552 0.000 0.005 0.000000 0.035 0.000000
348.291667 349.291667   2.60 0.000000  0.24 0.000000 0.061 0.000000 0.07 0.000000000 0.007 0.000000  0.429 0.000  0.601 0.000 99.99 0.259000000   1.176 0.000   0.027 0.000   1.149 0.000 0.005 0.000000 0.038 0.000000
351.291667 352.291667   2.83 0.000000  0.40 0.000000 9.999 0.259000 0.11 0.000000000 0.007 0.000000  0.228 0.000  0.319 0.000 99.99 0.259000000   0.951 0.000   0.176 0.000   0.775 0.000 0.011 0.000000 0.035 0.000000
354.291667 355.291667   3.46 0.000000  0.23 0.000000 9.999 0.259000 0.15 0.000000000 0.018 0.000000  0.163 0.000  0.228 0.000 99.99 0.259000000   1.571 0.000   0.905 0.000   0.665 0.000 0.006 0.000000 0.044 0.000000
357.291667 358.291667   2.01 0.000000  0.29 0.000000 9.999 0.259000 0.14 0.000000000 0.042 0.000000  0.446 0.000  0.625 0.000 99.99 0.259000000   1.599 0.000   0.088 0.000   1.511 0.000 0.008 0.000000 0.120 0.000000
360.291667 361.291667   4.95 0.000000  0.26 0.000000 9.999 0.259000 0.13 0.000000000 0.017 0.000000  0.431 0.000  0.603 0.000 99.99 0.259000000   1.497 0.000   0.038 0.000   1.459 0.000 0.011 0.000000 0.112 0.000000
363.291667 364.291667   4.07 0.000000  0.54 0.000000 9.999 0.259000 9.99 0.259000000 0.037 0.000000  0.798 0.000  1.118 0.000 99.99 0.259000000   2.370 0.000   0.369 0.000   2.001 0.000 0.014 0.000000 0.113 0.000000
