scripts/IMPROVE-2019_partial/data/US9074R.20010101080000.20191216000000.filterpack..pm25.52w.1w.US03L_filterpack_US9074.US03L_IMPROVE_Davis.lev2.nas
66 1001
MISSING INFORMATION
US03L, IMPROVE, , , , , , , 
MISSING INFORMATION
IMPROVE sel_HTAP
1 1
2001 01 01 2019 12 16
3.000000
days from file reference point
27
1 1 1 1 1 1 1 1 1 1 1 1 1 1 1 1 1 1 1 1 1 1 1 1 1 1 1
999.999999 9999.99 9.999 99.99 9.999999 9.999 9.999999 9.99 9.999999 9.999 9.999999 99.999 9.999 99.999 9.999 999.99 9.999999 999.999 9.999 999.999 9.999 999.999 9.999999 9.999 9.999999 9.999 9.999999
end_time of measurement, days from the file reference point
iron, ng/m3, Revision date=20181210133000
numflag iron, no unit, Revision date=20181210133000
lead, ng/m3, Revision date=20181210133000
numflag lead, no unit, Revision date=20181210133000
magnesium, ug/m3, Revision date=20181210133000
numflag magnesium, no unit, Revision date=20181210133000
nickel, ng/m3, Revision date=20181210133000
numflag nickel, no unit, Revision date=20181210133000
nitrate, ug N/m3, Revision date=20181210133000
numflag nitrate, no unit, Revision date=20181210133000
organic_carbon, ug C/m3, Revision date=20181210133000
numflag organic_carbon, no unit, Revision date=20181210133000
organic_mass, ug/m3, Revision date=20181210133000
numflag organic_mass, no unit, Revision date=20181210133000
phosphorus, ng/m3, Revision date=20181210133000
numflag phosphorus, no unit, Revision date=20181210133000
pm10_mass, ug/m3, Version=2, Version description=Data extracted from http://views.cira.colostate.edu/fed/DataWizard 2019-12-16, Sample duration=1d, Orig. time res.=3d, Matrix=pm10, Blank correction=Blank corrected, Volume std. temperature=ambient, Volume std. pressure=ambient
numflag pm10_mass, no unit, Version=2, Version description=Data extracted from http://views.cira.colostate.edu/fed/DataWizard 2019-12-16, Sample duration=1d, Orig. time res.=3d, Matrix=pm10, Blank correction=Blank corrected, Volume std. temperature=ambient, Volume std. pressure=ambient
pm10_pm25_mass, ug/m3, Revision date=20181210133000, Matrix=pm10_pm25
numflag pm10_pm25_mass, no unit, Revision date=20181210133000, Matrix=pm10_pm25
pm25_mass, ug/m3, Version=2, Version description=Data extracted from http://views.cira.colostate.edu/fed/DataWizard 2019-12-16, Sample duration=1d, Orig. time res.=3d, Blank correction=Blank corrected, Volume std. temperature=ambient, Volume std. pressure=ambient
numflag pm25_mass, no unit, Version=2, Version description=Data extracted from http://views.cira.colostate.edu/fed/DataWizard 2019-12-16, Sample duration=1d, Orig. time res.=3d, Blank correction=Blank corrected, Volume std. temperature=ambient, Volume std. pressure=ambient
potassium, ug/m3, Revision date=20181210133000
numflag potassium, no unit, Revision date=20181210133000
sulphate_total, ug S/m3, Revision date=20181210133000
numflag sulphate_total, no unit, Revision date=20181210133000
0
25
Data definition:              EBAS_1.1
Set type code:                TU
Timezone:                     UTC
File name:                    US9074R.20010101080000.20191216000000.filterpack..pm25.52w.1w.US03L_filterpack_US9074.US03L_IMPROVE_Davis.lev2.nas
File creation:                20191218121036
Startdate:                    20010101080000
Revision date:                20191216000000
Statistics:                   arithmetic mean
Data level:                   2
Period code:                  52w
Resolution code:              1w
Station code:                 US9074R
Platform code:                US9074S
Station name:                 Three Sisters Wilderness
Station latitude:             44.291
Station longitude:            -122.0434
Station altitude:             885.0 m
Regime:                       IMG
Component:                    
Matrix:                       pm25
Laboratory code:              US03L
Instrument type:              filterpack
Instrument name:              filterpack_US9074
Method ref:                   US03L_IMPROVE_Davis
starttime endtime Fe flag_Fe Pb flag_Pb Mg++ flag_Mg++ Ni flag_Ni NO3- flag_NO3- OC flag_OC OM flag_OM P flag_P PM10 flag_PM10 PM10-PM2.5 flag_PM10-PM2.5 PM2.5 flag_PM2.5 K+ flag_K+ SO4-- flag_SO4--
[from data line 76]
228.333333 229.333333   68.03 0.559  0.75 0.559000 9.999 0.559259 9.99 0.559259 0.020 0.000000  1.323 0.000  1.852 0.000 999.99 0.559259  10.954 0.000   4.042 0.000   6.912 0.559000 0.031 0.559000 0.472 0.000000
231.333333 232.333333   23.88 0.559  0.55 0.559000 9.999 0.559259 9.99 0.559259 0.040 0.559000  1.169 0.000  1.636 0.000 999.99 0.559259   6.695 0.000   2.142 0.000   4.553 0.559000 0.097 0.559000 0.301 0.559000
234.333333 235.333333    3.07 0.559  0.15 0.559000 9.999 0.559259 0.14 0.559000 0.019 0.000000  0.188 0.000  0.263 0.000 999.99 0.559259   2.245 0.000   0.797 0.000   1.448 0.559000 0.011 0.559000 0.125 0.000000
237.333333 238.333333   18.02 0.559  0.66 0.559000 9.999 0.559259 0.14 0.559000 0.042 0.559000  1.275 0.000  1.784 0.000 999.99 0.559259   8.102 0.000   1.525 0.000   6.577 0.559000 0.025 0.559000 0.534 0.559000
240.333333 241.333333   46.50 0.559  0.82 0.559000 9.999 0.559259 0.24 0.559000 0.032 0.000000  1.072 0.000  1.501 0.000 999.99 0.559259   8.977 0.000   3.104 0.000   5.873 0.559000 0.035 0.559000 0.484 0.000000
243.333333 244.333333   69.91 0.000  0.29 0.000000 9.999 0.259000 9.99 0.259000 0.031 0.000000  1.359 0.000  1.903 0.000 999.99 0.259000  13.473 0.000   8.833 0.000   4.640 0.000000 0.043 0.000000 0.133 0.000000
246.333333 247.333333   39.29 0.000  0.62 0.000000 9.999 0.259000 9.99 0.259000 0.070 0.000000  0.663 0.000  0.928 0.000 999.99 0.259000   7.936 0.000   4.236 0.000   3.700 0.000000 0.020 0.000000 0.240 0.000000
249.333333 250.333333   58.04 0.000 99.99 0.259000 9.999 0.259000 0.10 0.000000 0.042 0.000000  0.510 0.000  0.714 0.000 999.99 0.259000   9.065 0.000   5.684 0.000   3.382 0.000000 0.023 0.000000 0.243 0.000000
252.333333 253.333333   69.38 0.000  0.68 0.000000 9.999 0.259000 9.99 0.259000 0.034 0.000000  1.030 0.000  1.443 0.000 999.99 0.259000   9.838 0.000   4.848 0.000   4.990 0.000000 0.021 0.000000 0.330 0.000000
255.333333 256.333333  116.88 0.000  1.29 0.000000 9.999 0.259000 0.17 0.000000 0.044 0.000000  2.090 0.000  2.927 0.000 999.99 0.259000  14.637 0.000   6.514 0.000   8.123 0.000000 0.055 0.000000 0.347 0.000000
258.333333 259.333333   28.70 0.000  0.69 0.000000 9.999 0.259000 9.99 0.259000 0.013 0.000000  1.648 0.000  2.307 0.000 999.99 0.259000   7.730 0.000   1.969 0.000   5.760 0.000000 0.032 0.000000 0.387 0.000000
261.333333 262.333333   56.28 0.000  0.55 0.000000 9.999 0.259000 0.25 0.000000 0.020 0.000000  0.874 0.000  1.223 0.000 999.99 0.259000   8.444 0.000   3.484 0.000   4.960 0.000000 0.065 0.000000 0.452 0.000000
264.333333 265.333333   47.76 0.000  0.89 0.000000 9.999 0.259000 0.81 0.000000 0.015 0.000000  1.179 0.000  1.651 0.000 999.99 0.259000   8.835 0.000   4.680 0.000   4.155 0.000000 0.043 0.000000 0.260 0.000000
267.333333 268.333333   20.22 0.000  0.52 0.000000 9.999 0.259000 0.12 0.000000 0.026 0.000000  1.161 0.000  1.625 0.000 999.99 0.259000   5.567 0.000   2.331 0.000   3.237 0.000000 0.040 0.000000 0.134 0.000000
270.333333 271.333333    4.24 0.000  0.38 0.000000 9.999 0.259000 9.99 0.259000 0.022 0.000000  0.448 0.000  0.627 0.000 999.99 0.259000   2.703 0.000   1.169 0.000   1.534 0.000000 0.016 0.000000 0.111 0.000000
273.333333 274.333333   26.74 0.000  0.54 0.000000 9.999 0.259000 9.99 0.259000 0.013 0.000000  1.029 0.000  1.440 0.000 999.99 0.259000   6.076 0.000   2.954 0.000   3.122 0.000000 0.032 0.000000 0.138 0.000000
276.333333 277.333333   67.17 0.000  0.56 0.000000 9.999 0.259000 9.99 0.259000 0.027 0.000000  1.841 0.000  2.577 0.000 999.99 0.259000  14.426 0.000   9.544 0.000   4.882 0.000000 0.046 0.000000 0.135 0.000000
279.333333 280.333333   12.63 0.000  0.77 0.000000 9.999 0.259000 9.99 0.259000 0.016 0.000000  0.713 0.000  0.999 0.000 999.99 0.259000   4.325 0.000   1.535 0.000   2.790 0.000000 0.023 0.000000 0.185 0.000000
282.333333 283.333333    4.15 0.000  0.24 0.000000 9.999 0.259000 9.99 0.259000 0.014 0.000000  0.223 0.000  0.312 0.000 999.99 0.259000   2.453 0.000   1.585 0.000   0.868 0.000000 0.009 0.000000 0.070 0.000000
285.333333 286.333333    1.26 0.000 99.99 0.259000 9.999 0.259000 9.99 0.259000 0.014 0.000000  0.207 0.000  0.290 0.000   6.54 0.000000   1.206 0.000   0.712 0.000   0.494 0.000000 9.999 0.259000 0.036 0.000000
288.333333 289.333333    5.29 0.000  0.41 0.000000 9.999 0.259000 0.07 0.000000 0.015 0.559000  0.911 0.000  1.276 0.000 999.99 0.259000   4.076 0.000   1.935 0.000   2.141 0.000000 0.018 0.000000 0.057 0.559000
291.333333 292.333333    7.33 0.000  0.37 0.000000 9.999 0.259000 9.99 0.259000 0.006 0.000000  0.820 0.000  1.148 0.000 999.99 0.259000   2.994 0.000   1.200 0.000   1.794 0.000000 0.013 0.000000 0.060 0.000000
294.333333 295.333333    1.12 0.000  0.26 0.000000 9.999 0.259000 9.99 0.259000 0.003 0.000000  0.149 0.000  0.209 0.000 999.99 0.259000   1.414 0.000   0.777 0.000   0.637 0.000000 9.999 0.259000 0.022 0.000000
297.333333 298.333333    3.16 0.000  0.27 0.000000 9.999 0.259000 9.99 0.259000 0.010 0.000000  3.386 0.000  4.740 0.000 999.99 0.259000   7.405 0.000   1.457 0.000   5.948 0.000000 0.021 0.000000 0.035 0.000000
300.333333 301.333333    0.98 0.000  0.26 0.000000 9.999 0.259000 9.99 0.259000 0.004 0.559000  0.601 0.000  0.841 0.000 999.99 0.259000   2.038 0.000   0.929 0.000   1.109 0.000000 0.014 0.000000 0.025 0.559000
303.333333 304.333333    1.01 0.000  0.29 0.000000 9.999 0.259000 9.99 0.259000 0.017 0.559000  1.824 0.000  2.554 0.000 999.99 0.259000   4.075 0.000   0.646 0.000   3.429 0.000000 0.055 0.000000 0.038 0.559000
306.333333 307.333333    5.09 0.000  0.68 0.000000 9.999 0.259000 9.99 0.259000 0.006 0.000000  1.274 0.000  1.784 0.000 999.99 0.259000   6.404 0.000   3.498 0.000   2.906 0.000000 0.032 0.000000 0.130 0.000000
309.333333 310.333333    2.13 0.000  0.20 0.000000 9.999 0.259000 9.99 0.259000 0.019 0.000000  1.299 0.000  1.818 0.000 999.99 0.259000   4.608 0.000   1.766 0.000   2.842 0.000000 0.025 0.000000 0.082 0.000000
312.333333 313.333333    8.99 0.000  0.53 0.000000 9.999 0.259000 9.99 0.259000 0.006 0.559000  1.247 0.000  1.746 0.000 999.99 0.259000   5.281 0.000   2.182 0.000   3.099 0.000000 0.023 0.000000 0.169 0.559000
315.333333 316.333333    1.70 0.000  0.33 0.000000 9.999 0.259000 9.99 0.259000 0.002 0.000000  0.369 0.000  0.517 0.000 999.99 0.259000   2.232 0.000   1.541 0.000   0.692 0.000000 0.010 0.000000 0.016 0.000000
318.333333 319.333333    3.27 0.000  0.21 0.000000 9.999 0.259000 9.99 0.259000 0.005 0.000000  1.048 0.000  1.466 0.000 999.99 0.259000   4.449 0.000   2.328 0.000   2.121 0.000000 0.017 0.000000 0.042 0.000000
321.333333 322.333333    2.28 0.000  0.68 0.000000 9.999 0.259000 9.99 0.259000 0.010 0.000000  1.007 0.000  1.410 0.000  17.03 0.000000   4.309 0.000   1.955 0.000   2.354 0.000000 0.013 0.000000 0.069 0.000000
324.333333 325.333333    0.50 0.000  0.16 0.000000 9.999 0.259000 9.99 0.259000 0.009 0.000000  0.170 0.000  0.238 0.000 999.99 0.259000   2.008 0.000   1.094 0.000   0.914 0.000000 0.010 0.000000 0.028 0.000000
327.333333 328.333333    0.45 0.000  0.16 0.000000 9.999 0.259000 9.99 0.259000 0.007 0.000000  0.318 0.000  0.445 0.000 999.99 0.259000   0.920 0.000   0.211 0.000   0.709 0.000000 0.005 0.000000 0.019 0.000000
330.333333 331.333333    6.63 0.000  0.13 0.000000 9.999 0.259000 9.99 0.259000 9.999 0.999000  0.279 0.000  0.390 0.000 999.99 0.259000   1.353 0.000   0.325 0.000   1.028 0.000000 9.999 0.259000 9.999 0.999000
333.333333 334.333333    1.11 0.000 99.99 0.259000 9.999 0.259000 9.99 0.259000 0.005 0.000000 99.999 0.259 99.999 0.259 999.99 0.259000   0.753 0.000   0.494 0.000   0.259 0.000000 0.007 0.000000 0.026 0.000000
336.333333 337.333333    1.44 0.000  0.20 0.000000 9.999 0.259000 9.99 0.259000 0.015 0.000000  0.125 0.000  0.175 0.000 999.99 0.259000   1.422 0.000   0.676 0.000   0.746 0.000000 0.005 0.000000 0.045 0.000000
339.333333 340.333333    0.60 0.559  0.30 0.559000 9.999 0.559259 9.99 0.559259 0.008 0.000000 99.999 0.259 99.999 0.259 999.99 0.559259   0.749 0.000   0.607 0.000   0.142 0.559000 0.002 0.559000 0.010 0.000000
342.333333 343.333333    1.38 0.559  0.15 0.559000 9.999 0.559259 0.04 0.559000 0.012 0.559000  0.078 0.000  0.110 0.000 999.99 0.559259   1.046 0.000   0.451 0.000   0.595 0.559000 0.005 0.559000 0.035 0.559000
345.333333 346.333333    0.21 0.559 99.99 0.559259 9.999 0.559259 9.99 0.559259 9.999 0.559259 99.999 0.259 99.999 0.259 999.99 0.559259   0.837 0.000   0.837 0.000 999.999 0.559259 9.999 0.559259 9.999 0.559259
348.333333 349.333333    0.20 0.559  0.16 0.559000 9.999 0.559259 0.07 0.559000 9.999 0.559259 99.999 0.259 99.999 0.259 999.99 0.559259 999.999 0.259 999.999 0.259 999.999 0.559259 9.999 0.559259 9.999 0.559259
351.333333 352.333333    1.30 0.559 99.99 0.559259 9.999 0.559259 9.99 0.559259 0.006 0.559000  0.034 0.000  0.047 0.000 999.99 0.559259 999.999 0.259 999.999 0.259   0.086 0.559000 0.004 0.559000 0.008 0.559000
354.333333 355.333333    0.50 0.559 99.99 0.559259 0.048 0.559000 9.99 0.559259 0.008 0.559000  0.100 0.000  0.140 0.000 999.99 0.559259   0.126 0.000   0.126 0.000 999.999 0.559259 9.999 0.559259 0.005 0.559000
357.333333 358.333333    1.05 0.559 99.99 0.559259 9.999 0.559259 9.99 0.559259 0.015 0.559000  0.425 0.000  0.595 0.000 999.99 0.559259   0.962 0.000   0.254 0.000   0.709 0.559000 0.007 0.559000 0.027 0.559000
360.333333 361.333333    2.83 0.000 99.99 0.259000 9.999 0.259000 9.99 0.259000 0.093 0.559000  0.599 0.000  0.839 0.000 999.99 0.259000   1.924 0.000   0.020 0.000   1.905 0.000000 0.009 0.000000 0.169 0.559000
363.333333 364.333333    0.57 0.000  0.55 0.000000 9.999 0.259000 9.99 0.259000 0.008 0.559000  0.447 0.000  0.626 0.000 999.99 0.259000   1.206 0.000   0.106 0.000   1.099 0.000000 0.008 0.000000 0.079 0.559000
