scripts/IMPROVE-2019_partial/data/US9028R.20080101080000.20191216000000.filterpack...52w.3d.US03L_filterpack_US9028.US03L_IMPROVE_Davis.lev2.nas
50 1001
MISSING INFORMATION
US03L, IMPROVE, , , , , , , 
MISSING INFORMATION
IMPROVE sel_HTAP
1 1
2008 01 01 2019 12 16
3.000000
days from file reference point
4
1 1 1 1
999.999999 999.999 999.999 9.999
end_time of measurement, days from the file reference point
pm10_mass, ug/m3, Matrix=pm10
pm25_mass, ug/m3, Matrix=pm25
numflag, no unit
0
32
Data definition:              EBAS_1.1
Set type code:                TU
Timezone:                     UTC
File name:                    US9028R.20080101080000.20191216000000.filterpack...52w.3d.US03L_filterpack_US9028.US03L_IMPROVE_Davis.lev2.nas
File creation:                20191218120703
Startdate:                    20080101080000
Revision date:                20191216000000
Version:                      2
Version description:          "Data extracted from http://views.cira.colostate.edu/fed/DataWizard 2019-12-16"
Statistics:                   arithmetic mean
Data level:                   2
Period code:                  52w
Resolution code:              3d
Sample duration:              1d
Orig. time res.:              3d
Station code:                 US9028R
Platform code:                US9028S
Station name:                 Makah Tribe
Station latitude:             48.37185
Station longitude:            -124.595
Regime:                       IMG
Component:                    
Unit:                         ug/m3
Matrix:                       
Laboratory code:              US03L
Instrument type:              filterpack
Instrument name:              filterpack_US9028
Method ref:                   US03L_IMPROVE_Davis
Blank correction:             Blank corrected
Volume std. temperature:      ambient
Volume std. pressure:         ambient
starttime endtime PM10 PM2.5 flag
  0.333333   1.333333 999.999 999.999 0.999
  3.333333   4.333333   5.189   2.498 0.000
  6.333333   7.333333   5.403   3.556 0.000
  9.333333  10.333333  16.248   8.118 0.000
 12.333333  13.333333   8.751   4.558 0.000
 15.333333  16.333333   9.671   5.431 0.000
 18.333333  19.333333   6.556   4.612 0.000
 21.333333  22.333333   8.733   5.784 0.000
 24.333333  25.333333  19.443  12.232 0.000
 27.333333  28.333333   5.976   4.201 0.000
 30.333333  31.333333  10.401   5.490 0.000
 33.333333  34.333333   6.549   3.794 0.000
 36.333333  37.333333  10.879   2.760 0.000
 39.333333  40.333333   3.987   2.186 0.000
 42.333333  43.333333  14.529   8.731 0.000
 45.333333  46.333333  12.978   6.073 0.000
 48.333333  49.333333   9.060   5.578 0.000
 51.333333  52.333333  15.777   8.954 0.000
 54.333333  55.333333   9.261   5.162 0.000
 57.333333  58.333333   7.648   5.160 0.000
 60.333333  61.333333   9.328   3.717 0.000
 63.333333  64.333333  17.685   6.258 0.000
 66.333333  67.333333   7.841   5.409 0.000
 69.333333  70.333333   8.404   5.081 0.000
 72.333333  73.333333  11.575   7.237 0.000
 75.333333  76.333333   9.163   3.297 0.000
 78.333333  79.333333   2.735   1.782 0.000
 81.333333  82.333333   8.534   4.800 0.000
 84.333333  85.333333   4.960   3.439 0.000
 87.333333  88.333333   3.571   3.034 0.000
 90.333333  91.333333   9.801   3.457 0.000
 93.333333  94.333333   9.573   3.861 0.000
 96.333333  97.333333   4.614   2.583 0.000
 99.333333 100.333333   4.949   3.151 0.000
102.333333 103.333333  11.190   5.346 0.000
105.333333 106.333333   8.964   4.794 0.000
108.333333 109.333333  12.724   5.542 0.000
111.333333 112.333333   3.902   2.985 0.000
114.333333 115.333333  15.149   6.956 0.000
117.333333 118.333333  10.660   7.969 0.000
120.333333 121.333333   7.733   2.998 0.000
123.333333 124.333333  10.371   4.138 0.000
126.333333 127.333333   9.725   3.330 0.000
129.333333 130.333333  11.587   4.685 0.000
132.333333 133.333333   9.147   4.438 0.000
135.333333 136.333333  11.709   6.688 0.000
138.333333 139.333333   9.811   8.184 0.000
141.333333 142.333333  10.540   4.118 0.000
144.333333 145.333333  14.282   8.098 0.000
147.333333 148.333333   4.584   2.772 0.000
150.333333 151.333333   4.543   2.232 0.000
153.333333 154.333333   5.899   3.022 0.000
156.333333 157.333333   4.232   2.069 0.000
159.333333 160.333333   5.285   2.025 0.000
162.333333 163.333333  12.120   4.892 0.000
165.333333 166.333333  11.994   4.943 0.000
168.333333 169.333333   3.756   1.752 0.000
171.333333 172.333333   9.665   5.617 0.000
174.333333 175.333333   7.319   5.856 0.000
177.333333 178.333333   4.931   2.577 0.000
180.333333 181.333333  16.421   8.030 0.000
183.333333 184.333333   4.926   3.469 0.000
186.333333 187.333333   8.675   5.288 0.000
189.333333 190.333333   6.032   4.032 0.000
192.333333 193.333333  15.554   6.961 0.000
195.333333 196.333333   9.688   3.670 0.000
198.333333 199.333333  10.156   4.952 0.000
201.333333 202.333333   5.745   3.732 0.000
204.333333 205.333333  15.483   5.396 0.000
207.333333 208.333333   4.919   3.859 0.000
210.333333 211.333333   4.824   2.550 0.000
213.333333 214.333333   6.195   3.153 0.000
216.333333 217.333333   8.370   4.446 0.000
219.333333 220.333333  10.950   4.955 0.000
222.333333 223.333333   5.489   3.434 0.000
225.333333 226.333333   6.701   3.543 0.000
228.333333 229.333333   7.095   4.478 0.000
231.333333 232.333333 999.999 999.999 0.456
234.333333 235.333333  12.696   6.483 0.000
237.333333 238.333333   8.031   3.502 0.000
240.333333 241.333333   4.150   2.360 0.000
243.333333 244.333333  10.881   4.302 0.000
246.333333 247.333333   5.809   3.399 0.000
249.333333 250.333333   5.510   3.566 0.000
252.333333 253.333333  16.449   6.940 0.000
255.333333 256.333333   8.693   3.962 0.000
258.333333 259.333333  13.597   6.032 0.000
261.333333 262.333333   8.449   4.846 0.000
264.333333 265.333333   6.285   3.723 0.000
267.333333 268.333333   6.842   4.344 0.000
270.333333 271.333333   5.530   3.615 0.000
273.333333 274.333333  12.154   8.226 0.000
276.333333 277.333333   4.398   3.021 0.000
279.333333 280.333333   8.811   5.603 0.000
282.333333 283.333333   5.273   2.878 0.000
285.333333 286.333333   7.611   5.371 0.000
288.333333 289.333333  19.314  14.997 0.000
291.333333 292.333333  10.781   4.154 0.000
294.333333 295.333333  12.175   5.627 0.000
297.333333 298.333333  14.413   5.857 0.000
300.333333 301.333333  13.905   8.049 0.000
303.333333 304.333333  19.270  15.053 0.000
306.333333 307.333333   9.939   4.740 0.000
309.333333 310.333333   7.198   4.446 0.000
312.333333 313.333333   3.393   2.121 0.000
315.333333 316.333333   7.175   3.166 0.000
318.333333 319.333333   8.052   4.679 0.000
321.333333 322.333333   7.248   4.840 0.000
324.333333 325.333333   8.672   4.686 0.000
327.333333 328.333333   6.411   4.585 0.000
330.333333 331.333333 999.999 999.999 0.999
333.333333 334.333333 999.999 999.999 0.999
336.333333 337.333333 999.999 999.999 0.999
339.333333 340.333333   4.926   2.487 0.000
342.333333 343.333333   6.254   2.393 0.000
345.333333 346.333333   7.007   3.413 0.000
348.333333 349.333333   6.754   3.506 0.000
351.333333 352.333333  11.079   3.674 0.000
354.333333 355.333333   8.266   5.053 0.000
357.333333 358.333333   7.607   5.812 0.000
360.333333 361.333333   3.934   2.812 0.000
363.333333 364.333333   5.135   2.104 0.000
