scripts/IMPROVE-2019_partial/data/US9078R.20060102080000.20191216000000.filterpack..pm25.52w.1w.US03L_filterpack_US9078.US03L_IMPROVE_Davis.lev2.nas
66 1001
MISSING INFORMATION
US03L, IMPROVE, , , , , , , 
MISSING INFORMATION
IMPROVE sel_HTAP
1 1
2006 01 01 2019 12 16
3.000000
days from file reference point
27
1 1 1 1 1 1 1 1 1 1 1 1 1 1 1 1 1 1 1 1 1 1 1 1 1 1 1
999.999999 9999.99 9.999 99.99 9.999 9.999 9.999999 9.99 9.999999 9.999 9.999999 99.999 9.999 999.999 9.999 99.99 9.999999 999.999 9.999 999.999 9.999 999.999 9.999 9.999 9.999 9.999 9.999999
end_time of measurement, days from the file reference point
iron, ng/m3, Revision date=20181210133000
numflag iron, no unit, Revision date=20181210133000
lead, ng/m3, Revision date=20181210133000
numflag lead, no unit, Revision date=20181210133000
magnesium, ug/m3, Revision date=20181210133000
numflag magnesium, no unit, Revision date=20181210133000
nickel, ng/m3, Revision date=20181210133000
numflag nickel, no unit, Revision date=20181210133000
nitrate, ug N/m3, Revision date=20181210133000
numflag nitrate, no unit, Revision date=20181210133000
organic_carbon, ug C/m3, Revision date=20181210133000
numflag organic_carbon, no unit, Revision date=20181210133000
organic_mass, ug/m3, Revision date=20181210133000
numflag organic_mass, no unit, Revision date=20181210133000
phosphorus, ng/m3, Revision date=20181210133000
numflag phosphorus, no unit, Revision date=20181210133000
pm10_mass, ug/m3, Version=2, Version description=Data extracted from http://views.cira.colostate.edu/fed/DataWizard 2019-12-16, Sample duration=1d, Orig. time res.=3d, Matrix=pm10, Blank correction=Blank corrected, Volume std. temperature=ambient, Volume std. pressure=ambient
numflag pm10_mass, no unit, Version=2, Version description=Data extracted from http://views.cira.colostate.edu/fed/DataWizard 2019-12-16, Sample duration=1d, Orig. time res.=3d, Matrix=pm10, Blank correction=Blank corrected, Volume std. temperature=ambient, Volume std. pressure=ambient
pm10_pm25_mass, ug/m3, Revision date=20181210133000, Matrix=pm10_pm25
numflag pm10_pm25_mass, no unit, Revision date=20181210133000, Matrix=pm10_pm25
pm25_mass, ug/m3, Version=2, Version description=Data extracted from http://views.cira.colostate.edu/fed/DataWizard 2019-12-16, Sample duration=1d, Orig. time res.=3d, Blank correction=Blank corrected, Volume std. temperature=ambient, Volume std. pressure=ambient
numflag pm25_mass, no unit, Version=2, Version description=Data extracted from http://views.cira.colostate.edu/fed/DataWizard 2019-12-16, Sample duration=1d, Orig. time res.=3d, Blank correction=Blank corrected, Volume std. temperature=ambient, Volume std. pressure=ambient
potassium, ug/m3, Revision date=20181210133000
numflag potassium, no unit, Revision date=20181210133000
sulphate_total, ug S/m3, Revision date=20181210133000
numflag sulphate_total, no unit, Revision date=20181210133000
0
25
Data definition:              EBAS_1.1
Set type code:                TU
Timezone:                     UTC
File name:                    US9078R.20060102080000.20191216000000.filterpack..pm25.52w.1w.US03L_filterpack_US9078.US03L_IMPROVE_Davis.lev2.nas
File creation:                20191218121055
Startdate:                    20060102080000
Revision date:                20191216000000
Statistics:                   arithmetic mean
Data level:                   2
Period code:                  52w
Resolution code:              1w
Station code:                 US9078R
Platform code:                US9078S
Station name:                 White Pass
Station latitude:             46.6243
Station longitude:            -121.3881
Station altitude:             1827.0 m
Regime:                       IMG
Component:                    
Matrix:                       pm25
Laboratory code:              US03L
Instrument type:              filterpack
Instrument name:              filterpack_US9078
Method ref:                   US03L_IMPROVE_Davis
starttime endtime Fe flag_Fe Pb flag_Pb Mg++ flag_Mg++ Ni flag_Ni NO3- flag_NO3- OC flag_OC OM flag_OM P flag_P PM10 flag_PM10 PM10-PM2.5 flag_PM10-PM2.5 PM2.5 flag_PM2.5 K+ flag_K+ SO4-- flag_SO4--
  1.333333   2.333333    0.51 0.000  0.17 0.000 9.999 0.259000 9.99 0.259000 0.002 0.000000  0.181 0.000   0.253 0.000 99.99 0.259000   0.514 0.000   0.359 0.000   0.280 0.000 0.002 0.000 0.007 0.000000
  4.333333   5.333333    2.33 0.000  0.30 0.000 9.999 0.259000 9.99 0.259000 0.005 0.000000  0.183 0.000   0.257 0.000 99.99 0.259000   0.982 0.000   0.352 0.000   0.630 0.000 0.005 0.000 0.050 0.000000
  7.333333   8.333333    0.80 0.000  0.19 0.000 9.999 0.259000 9.99 0.259000 0.000 0.000000  0.060 0.000   0.084 0.000 99.99 0.259000   0.345 0.000   0.062 0.000   0.183 0.000 0.001 0.000 0.023 0.000000
 10.333333  11.333333 9999.99 0.999 99.99 0.999 9.999 0.999000 9.99 0.999000 9.999 0.999000 99.999 0.999 999.999 0.999 99.99 0.999000 999.999 0.999 999.999 0.999 999.999 0.999 9.999 0.999 9.999 0.999000
 13.333333  14.333333    0.79 0.000  0.15 0.000 9.999 0.259000 9.99 0.259000 0.002 0.000000  0.007 0.000   0.010 0.000 99.99 0.259000   0.344 0.000   0.054 0.000   0.193 0.000 0.001 0.000 0.012 0.000000
 16.333333  17.333333    0.71 0.000  0.15 0.000 0.007 0.000000 9.99 0.259000 0.002 0.000000  0.036 0.000   0.051 0.000 99.99 0.259000   0.698 0.000   0.375 0.000   0.322 0.000 0.002 0.000 0.013 0.000000
 19.333333  20.333333 9999.99 0.999 99.99 0.999 9.999 0.999000 9.99 0.999000 9.999 0.999000 99.999 0.999 999.999 0.999 99.99 0.999000 999.999 0.999 999.999 0.999 999.999 0.999 9.999 0.999 9.999 0.999000
 22.333333  23.333333    4.55 0.000  0.17 0.000 9.999 0.259000 9.99 0.259000 0.002 0.000000  0.031 0.000   0.044 0.000 99.99 0.259000   0.429 0.000   0.279 0.000   0.180 0.000 0.003 0.000 0.014 0.000000
 25.333333  26.333333    0.35 0.000  0.19 0.000 0.005 0.000000 9.99 0.259000 0.002 0.000000  0.048 0.000   0.067 0.000 99.99 0.259000   0.865 0.000   0.710 0.000   0.092 0.000 0.001 0.000 0.013 0.000000
 28.333333  29.333333 9999.99 0.999 99.99 0.999 9.999 0.999000 9.99 0.999000 9.999 0.999000 99.999 0.999 999.999 0.999 99.99 0.999000 999.999 0.999 999.999 0.999 999.999 0.999 9.999 0.999 9.999 0.999000
 31.333333  32.333333 9999.99 0.999 99.99 0.999 9.999 0.999000 9.99 0.999000 9.999 0.999000 99.999 0.999 999.999 0.999 99.99 0.999000 999.999 0.999 999.999 0.999 999.999 0.999 9.999 0.999 9.999 0.999000
 34.333333  35.333333    0.34 0.000  0.10 0.000 9.999 0.259000 9.99 0.259000 0.001 0.000000  0.084 0.000   0.117 0.000 99.99 0.259000   0.174 0.000   0.051 0.000   0.167 0.000 0.002 0.000 0.011 0.000000
 37.333333  38.333333   15.99 0.000  0.93 0.000 9.999 0.259000 9.99 0.259000 0.035 0.000000  0.246 0.000   0.344 0.000 99.99 0.259000   2.909 0.000   1.670 0.000   1.239 0.000 0.013 0.000 0.108 0.000000
 40.333333  41.333333    8.99 0.000  0.50 0.000 9.999 0.259000 9.99 0.259000 0.046 0.000000  0.321 0.000   0.450 0.000 99.99 0.259000   2.804 0.000   1.602 0.000   1.202 0.000 0.013 0.000 0.067 0.000000
 43.333333  44.333333    1.86 0.000  0.25 0.000 9.999 0.259000 9.99 0.259000 0.007 0.000000  0.102 0.000   0.143 0.000  2.98 0.000000   0.952 0.000   0.499 0.000   0.453 0.000 0.004 0.000 0.045 0.000000
 46.333333  47.333333    7.94 0.000  0.57 0.000 9.999 0.259000 9.99 0.259000 0.053 0.000000  0.321 0.000   0.449 0.000 99.99 0.259000   5.559 0.000   3.875 0.000   1.684 0.000 0.017 0.000 0.145 0.000000
 49.333333  50.333333    8.76 0.000  0.54 0.000 9.999 0.259000 9.99 0.259000 0.011 0.000000  0.361 0.000   0.505 0.000 99.99 0.259000   2.328 0.000   1.018 0.000   1.309 0.000 0.014 0.000 0.080 0.000000
 52.333333  53.333333    0.20 0.000  0.15 0.000 9.999 0.259000 9.99 0.259000 0.001 0.000000  0.019 0.000   0.027 0.000 99.99 0.259000   0.946 0.000   0.796 0.000 999.999 0.259 0.001 0.000 0.005 0.000000
 55.333333  56.333333   25.77 0.000  0.77 0.000 0.005 0.000000 9.99 0.259000 0.070 0.000000  0.261 0.000   0.366 0.000 99.99 0.259000   3.711 0.000   2.040 0.000   1.671 0.000 0.025 0.000 0.141 0.000000
 58.333333  59.333333    1.00 0.000  0.23 0.000 9.999 0.259000 9.99 0.259000 0.001 0.000000  0.158 0.000   0.221 0.000 99.99 0.259000   0.175 0.000 999.999 0.259   0.346 0.000 0.002 0.000 0.029 0.000000
 61.333333  62.333333    2.81 0.000  0.23 0.000 9.999 0.259000 9.99 0.259000 0.038 0.000000  0.216 0.000   0.302 0.000 99.99 0.259000   0.647 0.000   0.255 0.000   0.392 0.000 0.004 0.000 0.044 0.000000
 64.333333  65.333333    1.77 0.000  0.19 0.000 9.999 0.259000 9.99 0.259000 0.012 0.000000  0.157 0.000   0.220 0.000 99.99 0.259000   0.770 0.000   0.616 0.000   0.061 0.000 0.002 0.000 0.019 0.000000
 67.333333  68.333333    7.15 0.000  1.09 0.000 9.999 0.259000 9.99 0.259000 0.007 0.000000  0.046 0.000   0.065 0.000 99.99 0.259000   1.554 0.000 999.999 0.259   1.708 0.000 0.015 0.000 0.230 0.000000
 70.333333  71.333333   11.70 0.000  0.88 0.000 9.999 0.259000 9.99 0.259000 0.027 0.000000  0.466 0.000   0.652 0.000 99.99 0.259000   2.026 0.000   0.007 0.000   2.019 0.000 0.016 0.000 0.277 0.000000
 73.333333  74.333333   56.46 0.000  0.70 0.000 0.020 0.000000 9.99 0.259000 0.009 0.000000  0.089 0.000   0.124 0.000 99.99 0.259000   4.473 0.000   2.967 0.000   1.506 0.000 0.032 0.000 0.092 0.000000
 76.333333  77.333333   13.43 0.000  0.42 0.000 9.999 0.259000 9.99 0.259000 0.007 0.000000  0.138 0.000   0.193 0.000 99.99 0.259000   1.476 0.000   0.609 0.000   0.867 0.000 0.010 0.000 0.081 0.000000
 79.333333  80.333333   11.38 0.000  0.53 0.000 9.999 0.259000 9.99 0.259000 0.139 0.000000  0.396 0.000   0.554 0.000 99.99 0.259000   4.267 0.000   2.713 0.000   1.554 0.000 0.011 0.000 0.175 0.000000
 82.333333  83.333333   22.77 0.000  0.25 0.000 9.999 0.259000 9.99 0.259000 0.023 0.000000  0.265 0.000   0.371 0.000 99.99 0.259000   2.726 0.000   1.672 0.000   1.055 0.000 0.014 0.000 0.080 0.000000
 85.333333  86.333333   22.62 0.000  0.65 0.000 9.999 0.259000 9.99 0.259000 0.077 0.000000  0.386 0.000   0.541 0.000 99.99 0.259000   3.172 0.000   1.732 0.000   1.440 0.000 0.018 0.000 0.105 0.000000
 88.333333  89.333333    5.91 0.000  0.34 0.000 9.999 0.259000 9.99 0.259000 0.021 0.000000  0.137 0.000   0.192 0.000 99.99 0.259000   1.085 0.000   0.415 0.000   0.670 0.000 0.007 0.000 0.076 0.000000
 91.333333  92.333333   72.72 0.000  0.53 0.000 0.025 0.000000 9.99 0.259000 0.016 0.000000  0.092 0.000   0.129 0.000 99.99 0.259000   3.756 0.000   1.600 0.000   2.156 0.000 0.042 0.000 0.130 0.000000
 94.333333  95.333333    8.83 0.000  0.31 0.000 9.999 0.259000 9.99 0.259000 0.035 0.000000  0.394 0.000   0.552 0.000 99.99 0.259000   2.200 0.000   0.741 0.000   1.459 0.000 0.011 0.000 0.128 0.000000
 97.333333  98.333333   10.02 0.000  0.31 0.000 9.999 0.259000 9.99 0.259000 0.058 0.000000  0.273 0.000   0.382 0.000 99.99 0.259000   2.208 0.000   0.994 0.000   1.215 0.000 0.009 0.000 0.085 0.000000
100.333333 101.333333    6.28 0.000  0.13 0.000 9.999 0.259000 9.99 0.259000 0.007 0.000000  0.202 0.000   0.282 0.000 99.99 0.259000   0.970 0.000   0.017 0.000   0.953 0.000 0.005 0.000 0.062 0.000000
103.333333 104.333333    1.24 0.000 99.99 0.259 9.999 0.259000 9.99 0.259000 0.000 0.000000  0.094 0.000   0.131 0.000 99.99 0.259000   0.347 0.000   0.053 0.000   0.197 0.000 0.001 0.000 0.019 0.000000
106.333333 107.333333    2.27 0.000  0.10 0.000 0.003 0.000000 9.99 0.259000 0.006 0.000000  0.105 0.000   0.147 0.000 99.99 0.259000   0.740 0.000   0.383 0.000   0.357 0.000 0.003 0.000 0.046 0.000000
109.333333 110.333333   42.00 0.000  0.57 0.000 9.999 0.259000 9.99 0.259000 0.035 0.000000  0.994 0.000   1.391 0.000 99.99 0.259000   4.771 0.000   2.096 0.000   2.675 0.000 0.028 0.000 0.099 0.000000
112.333333 113.333333   69.99 0.000  0.32 0.000 0.034 0.000000 9.99 0.259000 0.014 0.000000  0.469 0.000   0.657 0.000 99.99 0.259000   4.167 0.000   1.609 0.000   2.558 0.000 0.041 0.000 0.133 0.000000
115.333333 116.333333 9999.99 0.999 99.99 0.999 9.999 0.999000 9.99 0.999000 9.999 0.999000 99.999 0.999 999.999 0.999 99.99 0.999000 999.999 0.999 999.999 0.999 999.999 0.999 9.999 0.999 9.999 0.999000
118.333333 119.333333 9999.99 0.999 99.99 0.999 9.999 0.999000 9.99 0.999000 9.999 0.999000 99.999 0.999 999.999 0.999 99.99 0.999000 999.999 0.999 999.999 0.999 999.999 0.999 9.999 0.999 9.999 0.999000
121.333333 122.333333 9999.99 0.999 99.99 0.999 9.999 0.999000 9.99 0.999000 9.999 0.999000 99.999 0.999 999.999 0.999 99.99 0.999000 999.999 0.999 999.999 0.999 999.999 0.999 9.999 0.999 9.999 0.999000
124.333333 125.333333  103.98 0.000  1.51 0.000 9.999 0.259000 9.99 0.259000 0.048 0.559000  0.823 0.000   1.152 0.000 99.99 0.259000  10.285 0.000   5.001 0.000   5.285 0.000 0.065 0.000 0.382 0.559000
127.333333 128.333333   32.78 0.000  0.54 0.000 9.999 0.259000 0.08 0.000000 0.049 0.559000  0.200 0.000   0.280 0.000 99.99 0.259000   3.595 0.000   1.369 0.000   2.227 0.000 0.027 0.000 0.159 0.559000
130.333333 131.333333   70.22 0.000  1.56 0.000 9.999 0.259000 0.11 0.000000 0.045 0.559000  0.912 0.000   1.277 0.000 99.99 0.259000   7.201 0.000   2.898 0.000   4.303 0.000 0.050 0.000 0.339 0.559000
133.333333 134.333333   73.55 0.000  1.67 0.000 0.011 0.000000 0.07 0.000000 0.038 0.559000  1.235 0.000   1.729 0.000 99.99 0.259000   9.509 0.000   4.239 0.000   5.270 0.000 0.056 0.000 0.388 0.559000
136.333333 137.333333  112.23 0.000  1.40 0.000 9.999 0.259000 0.19 0.000000 0.057 0.559000  1.984 0.000   2.778 0.000 99.99 0.259000  14.886 0.000   7.843 0.000   7.043 0.000 0.064 0.000 0.293 0.559000
139.333333 140.333333   15.41 0.000  0.48 0.000 0.007 0.000000 0.11 0.000000 0.019 0.000000  0.301 0.000   0.422 0.000 99.99 0.259000   2.347 0.000   0.695 0.000   1.652 0.000 0.016 0.000 0.140 0.000000
142.333333 143.333333    5.88 0.000  0.42 0.000 9.999 0.259000 9.99 0.259000 0.004 0.000000  0.222 0.000   0.311 0.000 99.99 0.259000   1.010 0.000 999.999 0.259   1.185 0.000 0.008 0.000 0.079 0.000000
145.333333 146.333333    0.40 0.000  0.12 0.000 9.999 0.259000 9.99 0.259000 0.000 0.000000 99.999 0.259 999.999 0.259 99.99 0.259000   0.640 0.000   0.472 0.000   0.034 0.000 0.001 0.000 0.010 0.000000
148.333333 149.333333    4.44 0.000 99.99 0.259 9.999 0.259000 9.99 0.259000 0.002 0.000000  0.276 0.000   0.387 0.000 99.99 0.259000   0.992 0.000   0.381 0.000   0.611 0.000 0.011 0.000 0.045 0.000000
151.333333 152.333333    8.72 0.000  0.30 0.000 9.999 0.259000 9.99 0.259000 0.003 0.559000  0.128 0.000   0.179 0.000 99.99 0.259000   1.545 0.000   0.876 0.000   0.669 0.000 0.007 0.000 0.043 0.559000
154.333333 155.333333    2.44 0.000  0.19 0.000 0.006 0.000000 9.99 0.259000 0.002 0.000000  0.024 0.000   0.033 0.000 99.99 0.259000   0.473 0.000   0.151 0.000   0.322 0.000 0.003 0.000 0.030 0.000000
157.333333 158.333333   11.57 0.000  0.50 0.000 9.999 0.259000 0.16 0.000000 0.033 0.559000  0.690 0.000   0.966 0.000 99.99 0.259000   3.718 0.000   1.251 0.000   2.468 0.000 0.016 0.000 0.184 0.559000
160.333333 161.333333   11.85 0.000  0.36 0.000 9.999 0.259000 9.99 0.259000 0.016 0.559000  0.310 0.000   0.434 0.000 99.99 0.259000   1.949 0.000   0.474 0.000   1.475 0.000 0.010 0.000 0.101 0.559000
163.333333 164.333333    4.89 0.000  0.23 0.000 0.003 0.000000 0.07 0.000000 0.007 0.559000  0.178 0.000   0.249 0.000 99.99 0.259000   2.711 0.000   2.181 0.000   0.530 0.000 0.004 0.000 0.037 0.559000
166.333333 167.333333 9999.99 0.999 99.99 0.999 9.999 0.999000 9.99 0.999000 9.999 0.999000 99.999 0.999 999.999 0.999 99.99 0.999000 999.999 0.999 999.999 0.999 999.999 0.999 9.999 0.999 9.999 0.999000
169.333333 170.333333   12.34 0.000  0.54 0.000 0.008 0.000000 0.23 0.000000 0.030 0.559000  0.347 0.000   0.485 0.000 99.99 0.259000   3.917 0.000   1.463 0.000   2.454 0.000 0.016 0.000 0.289 0.559000
172.333333 173.333333   22.69 0.000  0.85 0.000 9.999 0.259000 0.26 0.000000 0.052 0.559000  0.720 0.000   1.008 0.000 99.99 0.259000   5.546 0.000   1.934 0.000   3.611 0.000 0.025 0.000 0.335 0.559000
175.333333 176.333333   38.15 0.000  0.79 0.000 0.013 0.000000 0.11 0.000000 0.014 0.559000  1.488 0.000   2.083 0.000 99.99 0.259000  10.753 0.000   6.180 0.000   4.572 0.000 0.027 0.000 0.264 0.559000
178.333333 179.333333   17.09 0.000  0.33 0.000 0.018 0.000000 0.06 0.000000 0.060 0.559000  0.478 0.000   0.669 0.000 99.99 0.259000   4.017 0.000   1.956 0.000   2.061 0.000 0.021 0.000 0.139 0.559000
181.333333 182.333333   23.71 0.000  0.75 0.000 0.007 0.000000 0.18 0.000000 0.036 0.559000  0.978 0.000   1.761 0.000 99.99 0.259000   5.034 0.000   1.812 0.000   3.222 0.000 0.024 0.000 0.177 0.559000
184.333333 185.333333   18.99 0.000  1.04 0.000 0.007 0.000000 0.22 0.000000 0.027 0.559000  1.520 0.000   2.736 0.000 99.99 0.259000   7.240 0.000   2.168 0.000   5.073 0.000 0.040 0.000 0.319 0.559000
187.333333 188.333333    5.86 0.000  0.33 0.000 9.999 0.259000 9.99 0.259000 0.007 0.000000  0.237 0.000   0.426 0.000 99.99 0.259000   2.195 0.000   0.974 0.000   1.222 0.000 0.009 0.000 0.085 0.000000
190.333333 191.333333    6.05 0.394  0.29 0.394 9.999 0.394259 9.99 0.394259 0.011 0.394000  0.218 0.394   0.392 0.394 99.99 0.394259   1.926 0.000   0.729 0.394   1.197 0.000 0.007 0.394 0.084 0.394000
193.333333 194.333333    2.73 0.000  0.79 0.000 0.005 0.000000 9.99 0.259000 0.002 0.559000  0.100 0.000   0.179 0.000  7.15 0.000000   2.078 0.000   0.915 0.000   1.163 0.000 0.005 0.000 0.111 0.559000
196.333333 197.333333    7.93 0.000  0.61 0.000 0.008 0.000000 0.25 0.000000 0.013 0.000000  0.668 0.000   1.203 0.000 99.99 0.259000   3.274 0.000   1.111 0.000   2.163 0.000 0.010 0.000 0.149 0.000000
199.333333 200.333333   28.57 0.000  0.88 0.000 9.999 0.259000 0.19 0.000000 0.025 0.559000  0.673 0.000   1.212 0.000 99.99 0.259000   6.867 0.000   3.972 0.000   2.895 0.000 0.016 0.000 0.202 0.559000
202.333333 203.333333   48.66 0.000  0.89 0.000 0.006 0.000000 0.12 0.000000 0.012 0.559000  2.645 0.000   4.761 0.000 99.99 0.259000  11.618 0.000   5.061 0.000   6.556 0.000 0.028 0.000 0.185 0.559000
205.333333 206.333333   29.60 0.000  0.47 0.000 9.999 0.259000 0.25 0.000000 0.074 0.000000  1.509 0.559   2.716 0.559 99.99 0.259000   8.512 0.000   3.300 0.000   5.212 0.000 0.027 0.000 0.262 0.000000
208.333333 209.333333    9.62 0.000  0.18 0.000 9.999 0.259000 0.11 0.000000 0.046 0.000000  0.164 0.000   0.294 0.000 99.99 0.259000   3.709 0.000   1.711 0.000   1.998 0.000 0.010 0.000 0.152 0.000000
211.333333 212.333333    5.62 0.394  0.33 0.394 0.004 0.394000 9.99 0.394259 0.013 0.559394  0.139 0.394   0.250 0.394 99.99 0.394259   1.858 0.000   0.774 0.394   1.084 0.000 0.004 0.394 0.084 0.559394
214.333333 215.333333   29.39 0.000  0.56 0.000 0.006 0.000000 0.17 0.000000 0.017 0.559000  1.168 0.000   2.103 0.000 99.99 0.259000   8.197 0.000   4.700 0.000   3.497 0.000 0.022 0.000 0.179 0.559000
217.333333 218.333333   19.66 0.000  0.88 0.000 9.999 0.259000 0.28 0.000000 0.019 0.000000  1.255 0.000   2.260 0.000 99.99 0.259000   6.281 0.000   2.334 0.000   3.947 0.000 0.019 0.000 0.179 0.000000
220.333333 221.333333    1.63 0.000  0.14 0.000 9.999 0.259000 9.99 0.259000 0.001 0.559000  0.114 0.000   0.205 0.000 99.99 0.259000   0.505 0.000   0.031 0.000   0.475 0.000 0.002 0.000 0.012 0.559000
223.333333 224.333333    7.38 0.000  0.38 0.000 9.999 0.259000 0.17 0.000000 0.016 0.559000  0.658 0.000   1.184 0.000 99.99 0.259000   3.526 0.000   0.976 0.000   2.550 0.000 0.008 0.000 0.119 0.559000
226.333333 227.333333   13.56 0.000  0.50 0.000 9.999 0.259000 0.23 0.000000 0.076 0.000000  0.732 0.000   1.318 0.000 99.99 0.259000   4.609 0.000   1.431 0.000   3.178 0.000 0.017 0.000 0.185 0.000000
229.333333 230.333333   71.83 0.699  0.61 0.699 9.999 0.699259 9.99 0.699259 0.031 0.559000  5.600 0.000  10.080 0.000 99.99 0.699259  19.181 0.000   5.706 0.699  13.475 0.659 0.055 0.699 0.194 0.559000
232.333333 233.333333   84.09 0.699  0.92 0.699 9.999 0.699259 0.43 0.699000 0.049 0.000000  4.385 0.000   7.893 0.000 99.99 0.699259  16.861 0.000   5.066 0.699  11.796 0.659 0.058 0.699 0.253 0.000000
