scripts/IMPROVE-2019_partial/data/US9034R.20060102060000.20191216000000.filterpack..pm25.52w.1w.US03L_filterpack_US9034.US03L_IMPROVE_Davis.lev2.nas
64 1001
MISSING INFORMATION
US03L, IMPROVE, , , , , , , 
MISSING INFORMATION
IMPROVE sel_HTAP
1 1
2006 01 01 2019 12 16
3.00
days from file reference point
25
1 1 1 1 1 1 1 1 1 1 1 1 1 1 1 1 1 1 1 1 1 1 1 1 1
999.99 9999.99 9.999999 99.99 9.999999 9.999 9.999999 99.99 9.999999999 99.999 9.999999 99.999 9.999999 999.999 9.999999 9999.999 9.999 9999.999 9.999999 999.999 9.999 9.999 9.999999 99.999 9.999999
end_time of measurement, days from the file reference point
iron, ng/m3, Revision date=20181210133000
numflag iron, no unit, Revision date=20181210133000
lead, ng/m3, Revision date=20181210133000
numflag lead, no unit, Revision date=20181210133000
magnesium, ug/m3, Revision date=20181210133000
numflag magnesium, no unit, Revision date=20181210133000
nickel, ng/m3, Revision date=20181210133000
numflag nickel, no unit, Revision date=20181210133000
nitrate, ug N/m3, Revision date=20181210133000
numflag nitrate, no unit, Revision date=20181210133000
organic_carbon, ug C/m3, Revision date=20181210133000
numflag organic_carbon, no unit, Revision date=20181210133000
organic_mass, ug/m3, Revision date=20181210133000
numflag organic_mass, no unit, Revision date=20181210133000
pm10_mass, ug/m3, Version=2, Version description=Data extracted from http://views.cira.colostate.edu/fed/DataWizard 2019-12-16, Sample duration=1d, Orig. time res.=3d, Matrix=pm10, Blank correction=Blank corrected, Volume std. temperature=ambient, Volume std. pressure=ambient
numflag pm10_mass, no unit, Version=2, Version description=Data extracted from http://views.cira.colostate.edu/fed/DataWizard 2019-12-16, Sample duration=1d, Orig. time res.=3d, Matrix=pm10, Blank correction=Blank corrected, Volume std. temperature=ambient, Volume std. pressure=ambient
pm10_pm25_mass, ug/m3, Revision date=20181210133000, Matrix=pm10_pm25
numflag pm10_pm25_mass, no unit, Revision date=20181210133000, Matrix=pm10_pm25
pm25_mass, ug/m3, Version=2, Version description=Data extracted from http://views.cira.colostate.edu/fed/DataWizard 2019-12-16, Sample duration=1d, Orig. time res.=3d, Blank correction=Blank corrected, Volume std. temperature=ambient, Volume std. pressure=ambient
numflag pm25_mass, no unit, Version=2, Version description=Data extracted from http://views.cira.colostate.edu/fed/DataWizard 2019-12-16, Sample duration=1d, Orig. time res.=3d, Blank correction=Blank corrected, Volume std. temperature=ambient, Volume std. pressure=ambient
potassium, ug/m3, Revision date=20181210133000
numflag potassium, no unit, Revision date=20181210133000
sulphate_total, ug S/m3, Revision date=20181210133000
numflag sulphate_total, no unit, Revision date=20181210133000
0
25
Data definition:              EBAS_1.1
Set type code:                TU
Timezone:                     UTC
File name:                    US9034R.20060102060000.20191216000000.filterpack..pm25.52w.1w.US03L_filterpack_US9034.US03L_IMPROVE_Davis.lev2.nas
File creation:                20191218120734
Startdate:                    20060102060000
Revision date:                20191216000000
Statistics:                   arithmetic mean
Data level:                   2
Period code:                  52w
Resolution code:              1w
Station code:                 US9034R
Platform code:                US9034S
Station name:                 Upper Buffalo Wilderness
Station latitude:             35.8258
Station longitude:            -93.203
Station altitude:             722.0 m
Regime:                       IMG
Component:                    
Matrix:                       pm25
Laboratory code:              US03L
Instrument type:              filterpack
Instrument name:              filterpack_US9034
Method ref:                   US03L_IMPROVE_Davis
starttime endtime Fe flag_Fe Pb flag_Pb Mg++ flag_Mg++ Ni flag_Ni NO3- flag_NO3- OC flag_OC OM flag_OM PM10 flag_PM10 PM10-PM2.5 flag_PM10-PM2.5 PM2.5 flag_PM2.5 K+ flag_K+ SO4-- flag_SO4--
  1.25   2.25   46.98 0.000000  1.88 0.000000 9.999 0.259000 99.99 0.259000000  0.706 0.000000 99.999 0.999000 999.999 0.999000 9999.999 0.999 9999.999 0.999000  12.449 0.000 0.078 0.000000  0.977 0.000000
  4.25   5.25   14.20 0.000000  0.72 0.000000 9.999 0.259000 99.99 0.259000000  0.170 0.000000  0.393 0.000000   0.549 0.000000    6.274 0.000    4.154 0.000000   2.120 0.000 0.012 0.000000  0.128 0.000000
  7.25   8.25   57.09 0.000000  1.61 0.000000 0.013 0.000000 99.99 0.259000000  0.056 0.000000  2.104 0.000000   2.946 0.000000   20.796 0.000   14.829 0.000000   5.967 0.000 0.067 0.000000  0.210 0.000000
 10.25  11.25   13.09 0.000000  1.19 0.000000 9.999 0.259000 99.99 0.259000000  0.219 0.000000  0.868 0.000000   1.215 0.000000    7.459 0.000    3.882 0.000000   3.577 0.000 0.020 0.000000  0.403 0.000000
 13.25  14.25   15.94 0.000000  0.78 0.000000 9.999 0.259000 99.99 0.259000000  0.167 0.000000  0.309 0.000000   0.432 0.000000    4.017 0.000    1.949 0.000000   2.068 0.000 0.016 0.000000  0.224 0.000000
 16.25  17.25   18.07 0.000000  0.95 0.000000 9.999 0.259000 99.99 0.259000000  0.586 0.000000  0.700 0.000000   0.979 0.000000   12.331 0.000    2.737 0.000000   9.594 0.000 0.020 0.000000  1.228 0.000000
 19.25  20.25   19.21 0.000000  0.92 0.000000 0.036 0.000000  0.46 0.000000000  0.407 0.000000  0.933 0.000000   1.306 0.000000   14.905 0.000    7.943 0.000000   6.962 0.000 0.038 0.000000  0.625 0.000000
 22.25  23.25   13.98 0.000000  4.49 0.000000 0.009 0.000000 99.99 0.259000000  0.549 0.000000  1.245 0.000000   1.744 0.000000    8.285 0.000    0.932 0.000000   7.353 0.000 0.040 0.000000  0.728 0.000000
 25.25  26.25   14.53 0.000000  2.11 0.000000 9.999 0.259000 99.99 0.259000000  0.081 0.000000  1.108 0.000000   1.551 0.000000    6.677 0.000    3.823 0.000000   2.854 0.000 0.031 0.000000  0.110 0.000000
 28.25  29.25   22.30 0.000000  0.93 0.000000 0.008 0.000000 99.99 0.259000000  0.100 0.000000  0.853 0.000000   1.194 0.000000    8.484 0.000    5.072 0.000000   3.412 0.000 0.031 0.000000  0.261 0.000000
 31.25  32.25   21.89 0.000000  0.85 0.000000 9.999 0.259000  0.24 0.000000000  0.158 0.000000  2.491 0.000000   3.488 0.000000   15.011 0.000    7.165 0.000000   7.846 0.000 0.057 0.000000  0.542 0.000000
 34.25  35.25   14.23 0.000000  0.71 0.000000 9.999 0.259000 99.99 0.259000000  0.281 0.000000  0.496 0.000000   0.695 0.000000    7.958 0.000    4.687 0.000000   3.271 0.000 0.016 0.000000  0.252 0.000000
 37.25  38.25   41.34 0.000000  1.23 0.000000 9.999 0.259000 99.99 0.259000000  0.607 0.000000  0.923 0.000000   1.292 0.000000   16.431 0.000    9.833 0.000000   6.598 0.000 0.041 0.000000  0.394 0.000000
 40.25  41.25   19.49 0.000000  1.22 0.000000 9.999 0.259000 99.99 0.259000000  0.362 0.000000  1.970 0.000000   2.759 0.000000   12.328 0.000    4.643 0.000000   7.684 0.000 0.044 0.000000  0.456 0.000000
 43.25  44.25   24.84 0.000000  1.19 0.000000 9.999 0.259000 99.99 0.259000000  0.621 0.000000  1.033 0.000000   1.446 0.000000   11.166 0.000    4.270 0.000000   6.896 0.000 0.039 0.000000  0.490 0.000000
 46.25  47.25   24.93 0.000000  0.71 0.000000 0.018 0.000000  0.34 0.000000000  0.407 0.000000  1.224 0.000000   1.713 0.000000   18.023 0.000    8.681 0.000000   9.341 0.000 0.063 0.000000  1.077 0.000000
 49.25  50.25   15.44 0.000000  5.51 0.000000 0.037 0.000000 99.99 0.259000000  0.288 0.000000  1.321 0.000000   1.849 0.000000    7.689 0.000    1.801 0.000000   5.888 0.000 0.077 0.000000  0.351 0.000000
 52.25  53.25   10.59 0.000000  0.96 0.000000 9.999 0.259000 99.99 0.259000000  0.672 0.000000  1.475 0.000000   2.065 0.000000   13.052 0.000    3.605 0.000000   9.447 0.000 0.054 0.000000  0.689 0.000000
 55.25  56.25   26.48 0.000000  1.85 0.000000 9.999 0.259000  0.11 0.000000000  0.442 0.000000  1.840 0.000000   2.576 0.000000   11.810 0.000    4.992 0.000000   6.817 0.000 0.058 0.000000  0.384 0.000000
 58.25  59.25   42.07 0.000000  1.68 0.000000 9.999 0.259000  0.21 0.000000000  0.274 0.000000  8.383 0.000000  11.736 0.000000   28.511 0.000    7.175 0.000000  21.336 0.000 0.095 0.000000  1.165 0.000000
 61.25  62.25   38.14 0.000000  1.86 0.000000 9.999 0.259000 99.99 0.259000000  0.846 0.000000  2.567 0.000000   3.593 0.000000   25.850 0.000   12.266 0.000000  13.584 0.000 0.068 0.000000  1.089 0.000000
 64.25  65.25   38.04 0.000000  1.56 0.000000 9.999 0.259000 99.99 0.259000000  0.384 0.000000  1.239 0.000000   1.734 0.000000   11.540 0.000    5.438 0.000000   6.103 0.000 0.041 0.000000  0.575 0.000000
 67.25  68.25   17.41 0.000000  0.43 0.000000 9.999 0.259000 99.99 0.259000000  0.060 0.000000  0.547 0.000000   0.766 0.000000    6.221 0.000    3.726 0.000000   2.495 0.000 0.022 0.000000  0.296 0.000000
 70.25  71.25   22.79 0.000000  0.89 0.000000 9.999 0.259000  1.04 0.000000000  0.200 0.000000  2.361 0.000000   3.306 0.000000   21.090 0.000    7.379 0.000000  13.710 0.000 0.183 0.000000  1.645 0.000000
 73.25  74.25   29.56 0.000000  1.37 0.000000 9.999 0.259000  0.09 0.000000000  0.166 0.000000  1.678 0.000000   2.350 0.000000   11.313 0.000    5.511 0.000000   5.802 0.000 0.038 0.000000  0.443 0.000000
 76.25  77.25   38.29 0.000000  2.92 0.000000 9.999 0.259000 99.99 0.259000000  0.642 0.000000  2.490 0.000000   3.485 0.000000   18.464 0.000    3.965 0.000000  14.499 0.000 0.050 0.000000  1.739 0.000000
 79.25  80.25    6.35 0.000000  1.40 0.000000 9.999 0.259000 99.99 0.259000000  0.206 0.000000  0.658 0.000000   0.921 0.000000    6.179 0.000    0.933 0.000000   5.247 0.000 0.017 0.000000  0.924 0.000000
 82.25  83.25   14.64 0.000000  1.97 0.000000 9.999 0.259000  0.13 0.000000000  0.591 0.000000  1.012 0.000000   1.417 0.000000    7.281 0.000    2.265 0.000000   5.017 0.000 0.037 0.000000  0.263 0.000000
 85.25  86.25   21.48 0.000000  1.95 0.000000 9.999 0.259000  0.27 0.000000000  0.313 0.000000  2.664 0.000000   3.730 0.000000   13.141 0.000    3.700 0.000000   9.441 0.000 0.060 0.000000  0.808 0.000000
 88.25  89.25   33.17 0.000000  1.32 0.000000 9.999 0.259000  0.44 0.000000000  0.152 0.000000  3.215 0.000000   4.501 0.000000   18.926 0.000    7.317 0.000000  11.608 0.000 0.067 0.000000  1.178 0.000000
 91.25  92.25   38.85 0.000000  0.83 0.000000 0.025 0.000000  0.61 0.000000000  0.100 0.000000  0.998 0.000000   1.397 0.000000   13.785 0.000    4.791 0.000000   8.994 0.000 0.091 0.000000  1.275 0.000000
 94.25  95.25   50.07 0.000000  2.85 0.000000 0.013 0.000000 99.99 0.259000000  0.140 0.000000  2.723 0.000000   3.812 0.000000   15.105 0.000    5.475 0.000000   9.630 0.000 0.073 0.000000  0.751 0.000000
 97.25  98.25   50.54 0.000000  2.12 0.000000 0.022 0.000000  0.11 0.000000000  0.381 0.000000  1.206 0.000000   1.689 0.000000   12.912 0.000    6.226 0.000000   6.686 0.000 0.057 0.000000  0.750 0.000000
100.25 101.25   74.56 0.000000  3.03 0.000000 0.026 0.000000  0.32 0.000000000  0.079 0.000000  3.261 0.000000   4.565 0.000000   23.331 0.000    9.572 0.000000  13.760 0.000 0.077 0.000000  1.392 0.000000
103.25 104.25   63.40 0.000000  0.75 0.000000 0.043 0.000000  0.47 0.000000000  0.183 0.000000  2.316 0.000000   3.243 0.000000   26.060 0.000   14.415 0.000000  11.645 0.000 0.069 0.000000  1.240 0.000000
106.25 107.25  115.32 0.000000  0.79 0.000000 0.066 0.000000  0.24 0.000000000  0.221 0.000000  2.122 0.000000   2.971 0.000000   30.129 0.000   18.385 0.000000  11.744 0.000 0.110 0.000000  1.001 0.000000
109.25 110.25   34.31 0.559394  1.45 0.559394 0.018 0.559394 99.99 0.559394259  0.101 0.559394  1.640 0.559394   2.295 0.559394   25.305 0.000   17.707 0.559394   7.598 0.659 0.046 0.559394  0.854 0.559394
112.25 113.25  125.85 0.000000  1.64 0.000000 0.050 0.000000  0.21 0.000000000  0.062 0.559000  2.323 0.559000   3.252 0.559000   26.416 0.000   15.601 0.000000  10.815 0.000 0.098 0.000000  0.772 0.559000
115.25 116.25    8.54 0.559000  0.90 0.559000 0.007 0.559000 99.99 0.559259000  0.274 0.559000  0.470 0.559000   0.657 0.559000    7.392 0.000    3.719 0.559000   3.673 0.659 0.013 0.559000  0.514 0.559000
118.25 119.25   27.05 0.000000  0.66 0.000000 0.007 0.000000 99.99 0.259000000  0.056 0.559000  0.867 0.559000   1.214 0.559000    5.788 0.000    1.650 0.000000   4.138 0.000 0.030 0.000000  0.382 0.559000
121.25 122.25   99.28 0.000000  1.56 0.000000 0.023 0.000000  0.20 0.000000000  0.070 0.559000  1.653 0.559000   2.314 0.559000   15.816 0.000    8.849 0.000000   6.968 0.000 0.083 0.000000  0.502 0.559000
124.25 125.25   30.36 0.559000  1.32 0.559000 0.009 0.559000  0.12 0.559000000  0.091 0.559000  0.884 0.559000   1.238 0.559000   12.819 0.000    9.507 0.559000   3.312 0.659 0.034 0.559000  0.271 0.559000
127.25 128.25   25.26 0.000000  1.77 0.000000 9.999 0.259000 99.99 0.259000000  0.075 0.559000  1.156 0.559000   1.619 0.559000   15.515 0.000    7.518 0.000000   7.998 0.000 0.035 0.000000  1.127 0.559000
130.25 131.25   27.64 0.000000  0.94 0.000000 0.009 0.000000 99.99 0.259000000  0.050 0.559000  1.907 0.559000   2.669 0.559000    4.847 0.000    1.731 0.000000   3.116 0.000 0.026 0.000000  0.338 0.559000
133.25 134.25   24.00 0.559000  1.13 0.559000 9.999 0.559259 99.99 0.559259000  0.048 0.559000  1.465 0.559000   2.051 0.559000    5.131 0.000    1.732 0.559000   3.399 0.659 0.022 0.559000  0.451 0.559000
136.25 137.25   30.25 0.559000  0.88 0.559000 9.999 0.559259 99.99 0.559259000  0.088 0.559000  0.786 0.559000   1.101 0.559000  152.998 0.000  149.282 0.559000   3.716 0.659 0.029 0.559000  0.326 0.559000
139.25 140.25   85.63 0.000000  1.48 0.000000 9.999 0.259000  0.23 0.000000000  0.073 0.000000  2.357 0.000000   3.300 0.000000   25.875 0.000   15.744 0.000000  10.131 0.000 0.091 0.000000  0.942 0.000000
142.25 143.25   67.76 0.000000  2.25 0.000000 0.008 0.000000  0.29 0.000000000  0.124 0.000000  2.818 0.559000   3.946 0.559000   25.893 0.000   10.964 0.000000  14.929 0.000 0.086 0.000000  1.728 0.000000
145.25 146.25   95.83 0.000000  0.86 0.000000 0.012 0.000000  0.30 0.000000000  0.104 0.000000  1.885 0.000000   2.639 0.000000   24.332 0.000   13.784 0.000000  10.548 0.000 0.081 0.000000  1.237 0.000000
148.25 149.25  108.13 0.000000  0.89 0.000000 9.999 0.259000  0.40 0.000000000  0.081 0.559000  1.098 0.559000   1.537 0.559000   14.903 0.000    7.487 0.000000   7.416 0.000 0.074 0.000000  0.845 0.559000
151.25 152.25   33.24 0.394000  1.00 0.394000 0.017 0.394000  0.18 0.394000000  0.154 0.559394  1.422 0.559394   1.991 0.559394   17.121 0.000    8.712 0.394000   8.409 0.000 0.044 0.394000  1.033 0.559394
154.25 155.25   35.51 0.000000  1.55 0.000000 0.020 0.000000 99.99 0.259000000  0.034 0.000000  1.802 0.559000   2.523 0.559000   16.578 0.000    8.919 0.000000   7.659 0.000 0.042 0.000000  0.606 0.000000
157.25 158.25   37.44 0.000000  0.91 0.000000 0.027 0.000000 99.99 0.259000000  0.028 0.559000  1.566 0.559000   2.192 0.559000   17.006 0.000    8.862 0.000000   8.144 0.000 0.051 0.000000  0.935 0.559000
160.25 161.25   79.12 0.000000  1.92 0.000000 0.029 0.000000  0.06 0.000000000  0.046 0.559000  3.778 0.559000   5.289 0.559000   28.099 0.000   11.183 0.000000  16.915 0.000 0.198 0.000000  1.315 0.559000
163.25 164.25   36.63 0.000000  2.92 0.000000 0.030 0.000000 99.99 0.259000000  0.035 0.559000  1.186 0.559000   1.660 0.559000   16.139 0.000    6.938 0.000000   9.201 0.000 0.037 0.000000  1.277 0.559000
166.25 167.25   94.23 0.000000  1.73 0.000000 0.040 0.000000  0.26 0.000000000  0.046 0.000000  2.688 0.559000   3.763 0.559000   30.727 0.000   13.387 0.000000  17.340 0.000 0.103 0.000000  2.188 0.000000
169.25 170.25   36.82 0.000000  0.92 0.000000 9.999 0.259000  0.10 0.000000000  0.062 0.000000  2.230 0.559000   3.122 0.559000   15.233 0.000    6.893 0.000000   8.341 0.000 0.040 0.000000  0.752 0.000000
172.25 173.25  109.44 0.000000  0.86 0.000000 9.999 0.259000  0.38 0.000000000  0.052 0.000000  1.811 0.559000   2.535 0.559000   20.810 0.000    8.988 0.000000  11.822 0.000 0.065 0.000000  1.348 0.000000
175.25 176.25   26.27 0.000000  1.59 0.000000 0.021 0.000000 99.99 0.259000000  0.030 0.559000  1.733 0.559000   2.426 0.559000   27.428 0.000   18.048 0.000000   9.380 0.000 0.053 0.000000  1.023 0.559000
178.25 179.25   45.42 0.000000  0.70 0.000000 9.999 0.259000  0.07 0.000000000  0.023 0.559000  2.065 0.559000   2.891 0.559000   23.037 0.000   14.734 0.000000   8.304 0.000 0.052 0.000000  0.596 0.559000
181.25 182.25   50.97 0.000000  1.38 0.000000 9.999 0.259000 99.99 0.259000000  0.030 0.000000  5.059 0.559000   9.107 0.559000   25.780 0.000    9.389 0.000000  16.391 0.000 0.071 0.000000  1.166 0.000000
184.25 185.25   28.44 0.000000  1.27 0.000000 9.999 0.259000  0.25 0.000000000  0.038 0.559000  0.663 0.559000   1.193 0.559000   11.237 0.000    4.560 0.000000   6.677 0.000 0.053 0.000000  0.826 0.559000
187.25 188.25   27.03 0.000000  0.99 0.000000 9.999 0.259000  0.12 0.000000000  0.031 0.559000  1.311 0.559000   2.359 0.559000   17.611 0.000    8.806 0.000000   8.806 0.000 0.039 0.000000  0.934 0.559000
190.25 191.25   37.57 0.000000  0.89 0.000000 9.999 0.259000  0.25 0.000000000  0.034 0.559000  2.275 0.559000   4.096 0.559000   18.019 0.000    6.989 0.000000  11.030 0.000 0.040 0.000000  1.182 0.559000
193.25 194.25  471.19 0.000000  1.46 0.000000 0.119 0.000000  0.35 0.000000000  0.101 0.000000  1.275 0.000000   2.294 0.000000   26.172 0.000   11.995 0.000000  14.177 0.000 0.166 0.000000  0.653 0.000000
196.25 197.25   59.84 0.000000  1.61 0.000000 9.999 0.259000  0.11 0.000000000  0.023 0.559000  1.837 0.000000   3.306 0.000000   15.935 0.000    6.249 0.000000   9.685 0.000 0.049 0.000000  0.861 0.559000
199.25 200.25   65.11 0.000000  1.25 0.000000 9.999 0.259000  0.13 0.000000000  0.034 0.000000  6.957 0.000000  12.522 0.000000   35.420 0.000   11.917 0.000000  23.503 0.000 0.060 0.000000  1.815 0.000000
202.25 203.25   19.81 0.000000  1.24 0.000000 9.999 0.259000 99.99 0.259000000  0.034 0.559000  1.257 0.559000   2.262 0.559000   10.435 0.000    4.916 0.000000   5.519 0.000 0.030 0.000000  0.513 0.559000
205.25 206.25   40.62 0.000000  1.10 0.000000 9.999 0.259000 99.99 0.259000000  0.025 0.000000  2.144 0.000000   3.859 0.000000   17.659 0.000    6.269 0.000000  11.389 0.000 0.035 0.000000  1.199 0.000000
208.25 209.25  406.43 0.000000  1.40 0.000000 9.999 0.259000  0.40 0.000000000  0.109 0.559000  1.195 0.559000   2.151 0.559000   26.627 0.000   12.909 0.000000  13.718 0.000 0.167 0.000000  0.984 0.559000
211.25 212.25   42.32 0.000000  0.46 0.000000 9.999 0.259000  0.52 0.000000000  0.044 0.000000  1.295 0.000000   2.332 0.000000   13.426 0.000    6.006 0.000000   7.420 0.000 0.029 0.000000  0.868 0.000000
214.25 215.25  735.27 0.559000  2.13 0.559000 9.999 0.559259  0.55 0.559000000  0.209 0.000000  1.182 0.559000   2.127 0.559000   45.000 0.000   25.645 0.559000  19.355 0.659 0.316 0.559000  1.086 0.000000
217.25 218.25  179.30 0.559000  1.56 0.559000 0.030 0.559000  0.17 0.559000000  0.039 0.559000  2.096 0.559000   3.774 0.559000   24.020 0.000    9.258 0.559000  14.763 0.659 0.095 0.559000  1.697 0.559000
220.25 221.25  140.24 0.559000  1.14 0.559000 9.999 0.559259  0.35 0.559000000  0.053 0.000000  1.250 0.559000   2.250 0.559000   19.825 0.000   10.793 0.559000   9.032 0.659 0.065 0.559000  1.015 0.000000
223.25 224.25   31.93 0.559000  1.11 0.559000 9.999 0.559259 99.99 0.559259000  0.031 0.000000  1.014 0.559000   1.825 0.559000   11.211 0.000    4.473 0.559000   6.738 0.659 0.026 0.559000  0.949 0.000000
226.25 227.25   23.43 0.559000  2.01 0.559000 9.999 0.559259 99.99 0.559259000  0.036 0.559000  0.903 0.559000   1.626 0.559000   11.538 0.000    4.332 0.559000   7.206 0.659 0.027 0.559000  1.103 0.559000
229.25 230.25   81.39 0.559000  1.27 0.559000 9.999 0.559259 99.99 0.559259000  0.034 0.000000  2.375 0.559000   4.274 0.559000   23.011 0.000   10.192 0.559000  12.818 0.659 0.057 0.559000  1.433 0.000000
