scripts/IMPROVE-2019_partial/data/US9066R.20000610050000.20191216000000.filterpack..pm25.29w.1w.US03L_filterpack_US9066.US03L_IMPROVE_Davis.lev2.nas
64 1001
MISSING INFORMATION
US03L, IMPROVE, , , , , , , 
MISSING INFORMATION
IMPROVE sel_HTAP
1 1
2000 01 01 2019 12 16
0
days from file reference point
25
1 1 1 1 1 1 1 1 1 1 1 1 1 1 1 1 1 1 1 1 1 1 1 1 1
999.999999 9999.99 9.999 99.99 9.999 9.999 9.999999 99.99 9.999 9.999 9.999999 99.999 9.999 99.999 9.999 999.999 9.999 999.999 9.999 999.999 9.999 9.999 9.999 99.999 9.999
end_time of measurement, days from the file reference point
iron, ng/m3, Revision date=20181210133000
numflag iron, no unit, Revision date=20181210133000
lead, ng/m3, Revision date=20181210133000
numflag lead, no unit, Revision date=20181210133000
magnesium, ug/m3, Revision date=20181210133000
numflag magnesium, no unit, Revision date=20181210133000
nickel, ng/m3, Revision date=20181210133000
numflag nickel, no unit, Revision date=20181210133000
nitrate, ug N/m3, Revision date=20181210133000
numflag nitrate, no unit, Revision date=20181210133000
organic_carbon, ug C/m3, Revision date=20181210133000
numflag organic_carbon, no unit, Revision date=20181210133000
organic_mass, ug/m3, Revision date=20181210133000
numflag organic_mass, no unit, Revision date=20181210133000
pm10_mass, ug/m3, Version=2, Version description=Data extracted from http://views.cira.colostate.edu/fed/DataWizard 2019-12-16, Sample duration=1d, Orig. time res.=3d, Matrix=pm10, Blank correction=Blank corrected, Volume std. temperature=ambient, Volume std. pressure=ambient
numflag pm10_mass, no unit, Version=2, Version description=Data extracted from http://views.cira.colostate.edu/fed/DataWizard 2019-12-16, Sample duration=1d, Orig. time res.=3d, Matrix=pm10, Blank correction=Blank corrected, Volume std. temperature=ambient, Volume std. pressure=ambient
pm10_pm25_mass, ug/m3, Revision date=20181210133000, Matrix=pm10_pm25
numflag pm10_pm25_mass, no unit, Revision date=20181210133000, Matrix=pm10_pm25
pm25_mass, ug/m3, Version=2, Version description=Data extracted from http://views.cira.colostate.edu/fed/DataWizard 2019-12-16, Sample duration=1d, Orig. time res.=3d, Blank correction=Blank corrected, Volume std. temperature=ambient, Volume std. pressure=ambient
numflag pm25_mass, no unit, Version=2, Version description=Data extracted from http://views.cira.colostate.edu/fed/DataWizard 2019-12-16, Sample duration=1d, Orig. time res.=3d, Blank correction=Blank corrected, Volume std. temperature=ambient, Volume std. pressure=ambient
potassium, ug/m3, Revision date=20181210133000
numflag potassium, no unit, Revision date=20181210133000
sulphate_total, ug S/m3, Revision date=20181210133000
numflag sulphate_total, no unit, Revision date=20181210133000
0
25
Data definition:              EBAS_1.1
Set type code:                TI
Timezone:                     UTC
File name:                    US9066R.20000610050000.20191216000000.filterpack..pm25.29w.1w.US03L_filterpack_US9066.US03L_IMPROVE_Davis.lev2.nas
File creation:                20191218120959
Startdate:                    20000610050000
Revision date:                20191216000000
Statistics:                   arithmetic mean
Data level:                   2
Period code:                  29w
Resolution code:              1w
Station code:                 US9066R
Platform code:                US9066S
Station name:                 Swanquarter
Station latitude:             35.451
Station longitude:            -76.2075
Station altitude:             -3.0 m
Regime:                       IMG
Component:                    
Matrix:                       pm25
Laboratory code:              US03L
Instrument type:              filterpack
Instrument name:              filterpack_US9066
Method ref:                   US03L_IMPROVE_Davis
starttime endtime Fe flag_Fe Pb flag_Pb Mg++ flag_Mg++ Ni flag_Ni NO3- flag_NO3- OC flag_OC OM flag_OM PM10 flag_PM10 PM10-PM2.5 flag_PM10-PM2.5 PM2.5 flag_PM2.5 K+ flag_K+ SO4-- flag_SO4--
161.208333 162.208333   13.13 0.000 99.99 0.259 9.999 0.259000 99.99 0.259 0.093 0.000000  1.295 0.000  1.813 0.000   9.715 0.000   3.993 0.000   5.723 0.000 0.106 0.000  0.666 0.000
165.208333 166.208333  192.54 0.000  1.65 0.000 9.999 0.259000 99.99 0.259 0.164 0.000000  1.811 0.000  2.536 0.000  17.234 0.000   6.415 0.000  10.819 0.000 0.180 0.000  1.078 0.000
168.208333 169.208333   50.12 0.000 99.99 0.259 9.999 0.259000 99.99 0.259 0.087 0.000000  0.728 0.000  1.019 0.000  12.071 0.000   6.922 0.000   5.149 0.000 0.030 0.000  0.513 0.000
172.208333 173.208333   25.69 0.000  0.40 0.000 9.999 0.259000  0.63 0.000 0.181 0.000000  1.118 0.000  1.566 0.000  13.066 0.000   2.752 0.000  10.314 0.000 0.029 0.000  1.710 0.000
175.208333 176.208333   28.60 0.000 99.99 0.259 9.999 0.259000 99.99 0.259 0.141 0.000000  1.538 0.000  2.153 0.000  15.392 0.000   3.336 0.000  12.057 0.000 0.037 0.000  1.857 0.000
179.208333 180.208333   16.41 0.000 99.99 0.259 9.999 0.259000 99.99 0.259 0.106 0.000000  0.652 0.000  0.912 0.000  11.263 0.000   5.928 0.000   5.335 0.000 0.023 0.000  0.562 0.000
182.208333 183.208333   31.37 0.000  1.70 0.000 9.999 0.259000 99.99 0.259 0.030 0.559000  1.454 0.000  2.036 0.000  15.336 0.000   2.883 0.000  12.452 0.000 0.028 0.000  1.926 0.559
186.208333 187.208333 9999.99 0.999 99.99 0.999 9.999 0.999000 99.99 0.999 9.999 0.999000 99.999 0.999 99.999 0.999 999.999 0.999 999.999 0.999 999.999 0.999 9.999 0.999 99.999 0.999
189.208333 190.208333   24.91 0.000  0.94 0.000 9.999 0.259000 99.99 0.259 0.073 0.000000  1.676 0.000  2.347 0.000  14.641 0.000   5.174 0.000   9.467 0.000 0.028 0.000  1.199 0.000
193.208333 194.208333 9999.99 0.999 99.99 0.999 9.999 0.999000 99.99 0.999 9.999 0.999000 99.999 0.999 99.999 0.999 999.999 0.999 999.999 0.999 999.999 0.999 9.999 0.999 99.999 0.999
196.208333 197.208333    8.91 0.000 99.99 0.259 9.999 0.259000 99.99 0.259 0.080 0.000000  0.836 0.000  1.170 0.000  11.586 0.000   4.195 0.000   7.391 0.000 0.026 0.000  1.095 0.000
200.208333 201.208333   22.36 0.000 99.99 0.259 9.999 0.259000 99.99 0.259 0.081 0.559000  1.781 0.000  2.493 0.000  21.087 0.000   3.247 0.000  17.840 0.000 0.034 0.000  2.834 0.559
203.208333 204.208333   17.43 0.000  0.89 0.000 9.999 0.259000 99.99 0.259 0.049 0.559000  1.447 0.000  2.026 0.000  14.287 0.000   2.564 0.000  11.723 0.000 0.025 0.000  1.993 0.559
207.208333 208.208333   10.52 0.000 99.99 0.259 9.999 0.259000 99.99 0.259 0.008 0.559000  0.877 0.000  1.228 0.000   8.312 0.000   5.003 0.000   3.308 0.000 0.018 0.000  0.179 0.559
210.208333 211.208333   15.87 0.000 99.99 0.259 9.999 0.259000 99.99 0.259 0.207 0.000000  1.112 0.000  1.557 0.000   9.175 0.000   3.945 0.000   5.231 0.000 0.031 0.000  0.742 0.000
214.208333 215.208333  174.18 0.000  0.20 0.000 9.999 0.259000 99.99 0.259 0.032 0.559000  0.525 0.000  0.736 0.000  12.444 0.000   6.632 0.000   5.812 0.000 0.058 0.000  0.310 0.559
217.208333 218.208333   17.99 0.000  0.42 0.000 9.999 0.259000 99.99 0.259 9.999 0.559259  1.633 0.000  2.287 0.000  14.494 0.000   3.884 0.000  10.610 0.000 0.035 0.000  1.694 0.559
221.208333 222.208333  440.55 0.000  0.17 0.000 9.999 0.259000 99.99 0.259 0.254 0.559000  1.380 0.000  1.932 0.000  35.156 0.000  14.594 0.000  20.563 0.000 0.171 0.000  2.215 0.559
224.208333 225.208333   18.95 0.000  1.30 0.000 9.999 0.259000 99.99 0.259 0.040 0.559000  1.450 0.000  2.029 0.000  16.421 0.000   1.720 0.000  14.701 0.000 0.047 0.000  2.328 0.559
228.208333 229.208333 9999.99 0.999 99.99 0.999 9.999 0.999000 99.99 0.999 9.999 0.999000 99.999 0.999 99.999 0.999 999.999 0.999 999.999 0.999 999.999 0.999 9.999 0.999 99.999 0.999
231.208333 232.208333   22.13 0.000  1.89 0.000 0.055 0.000000  0.42 0.000 0.076 0.559000  1.454 0.000  2.036 0.000  19.981 0.000   4.330 0.000  15.650 0.000 0.045 0.000  2.736 0.559
235.208333 236.208333    4.39 0.000  0.64 0.000 9.999 0.259000 99.99 0.259 0.046 0.559000  0.560 0.000  0.784 0.000   7.589 0.000   3.831 0.000   3.758 0.000 0.017 0.000  0.413 0.559
238.208333 239.208333   30.75 0.000  2.62 0.000 9.999 0.259000  1.07 0.000 0.080 0.559000  1.512 0.000  2.117 0.000  21.893 0.000   2.623 0.000  19.270 0.000 0.039 0.000  3.416 0.559
243.208333 244.208333 9999.99 0.999 99.99 0.999 9.999 0.999000 99.99 0.999 9.999 0.999000 99.999 0.999 99.999 0.999 999.999 0.999 999.999 0.999 999.999 0.999 9.999 0.999 99.999 0.999
246.208333 247.208333 9999.99 0.999 99.99 0.999 9.999 0.999000 99.99 0.999 9.999 0.999000 99.999 0.999 99.999 0.999 999.999 0.999 999.999 0.999 999.999 0.999 9.999 0.999 99.999 0.999
249.208333 250.208333 9999.99 0.999 99.99 0.999 9.999 0.999000 99.99 0.999 9.999 0.999000 99.999 0.999 99.999 0.999 999.999 0.999 999.999 0.999 999.999 0.999 9.999 0.999 99.999 0.999
252.208333 253.208333    4.06 0.000  0.25 0.000 9.999 0.259000 99.99 0.259 0.094 0.000000  0.708 0.000  0.991 0.000  10.965 0.000   7.654 0.000   3.311 0.000 0.022 0.000  0.377 0.000
255.208333 256.208333    6.68 0.000  0.49 0.000 9.999 0.259000  0.45 0.000 0.075 0.000000  0.501 0.000  0.701 0.000  20.339 0.000  13.086 0.000   7.253 0.000 0.024 0.000  1.365 0.000
258.208333 259.208333   18.59 0.000  0.76 0.000 9.999 0.259000 99.99 0.259 0.073 0.000000  1.639 0.000  2.295 0.000  18.384 0.000   5.492 0.000  12.893 0.000 0.035 0.000  2.415 0.000
261.208333 262.208333   11.69 0.000  0.99 0.000 9.999 0.259000 99.99 0.259 0.055 0.000000  0.720 0.000  1.008 0.000   9.236 0.000   3.581 0.000   5.655 0.000 0.022 0.000  1.066 0.000
264.208333 265.208333 9999.99 0.456 99.99 0.456 9.999 0.456000 99.99 0.456 0.170 0.000000  1.201 0.000  1.681 0.000 999.999 0.456 999.999 0.999 999.999 0.456 9.999 0.456  1.031 0.000
267.208333 268.208333 9999.99 0.456 99.99 0.456 9.999 0.456000 99.99 0.456 0.061 0.000000  1.481 0.000  2.073 0.000 999.999 0.456 999.999 0.999 999.999 0.456 9.999 0.456  1.462 0.000
270.208333 271.208333    6.88 0.000  0.81 0.000 0.015 0.000000  0.23 0.000 9.999 0.456000  0.529 0.000  0.741 0.000   5.876 0.000   2.048 0.000   3.828 0.000 9.999 0.259 99.999 0.456
273.208333 274.208333    5.83 0.000 99.99 0.259 9.999 0.259000 99.99 0.259 9.999 0.456000  0.414 0.000  0.579 0.000  15.492 0.000  10.892 0.000   4.600 0.000 0.033 0.000 99.999 0.456
276.208333 277.208333   23.47 0.000  1.50 0.000 9.999 0.259000  0.62 0.000 9.999 0.456000  2.436 0.000  3.411 0.000  19.169 0.000   5.699 0.000  13.470 0.000 0.051 0.000 99.999 0.456
279.208333 280.208333   19.49 0.000  0.61 0.000 9.999 0.259000 99.99 0.259 0.068 0.000000  3.263 0.000  4.568 0.000  21.345 0.000   6.314 0.000  15.031 0.000 0.042 0.000  2.184 0.000
282.208333 283.208333   14.42 0.000  1.82 0.000 9.999 0.259000 99.99 0.259 0.061 0.000000  1.081 0.000  1.514 0.000   9.693 0.000   3.796 0.000   5.897 0.000 0.029 0.000  0.866 0.000
285.208333 286.208333   45.20 0.000  2.39 0.000 9.999 0.259000 99.99 0.259 0.135 0.000000  2.582 0.000  3.615 0.000  17.694 0.000   8.701 0.000   8.992 0.000 0.062 0.000  1.060 0.000
288.208333 289.208333   30.01 0.000  2.27 0.000 9.999 0.259000 99.99 0.259 0.120 0.000000  3.341 0.000  4.677 0.000  23.846 0.000   9.199 0.000  14.647 0.000 0.051 0.000  2.340 0.000
291.208333 292.208333   13.10 0.000  0.67 0.000 9.999 0.259000 99.99 0.259 0.114 0.000000  1.357 0.000  1.900 0.000  15.800 0.000   4.659 0.000  11.141 0.000 0.055 0.000  2.027 0.000
294.208333 295.208333   25.06 0.000  1.40 0.000 9.999 0.259000 99.99 0.259 0.075 0.000000  2.931 0.000  4.103 0.000  21.752 0.000   7.863 0.000  13.889 0.000 0.059 0.000  2.211 0.000
297.208333 298.208333    7.50 0.000  0.20 0.000 9.999 0.259000  0.35 0.000 0.084 0.000000  0.476 0.000  0.666 0.000  12.932 0.000  10.049 0.000   2.883 0.000 0.023 0.000  0.262 0.000
300.208333 301.208333   18.32 0.000  1.75 0.000 9.999 0.259000  0.99 0.000 0.124 0.000000  0.951 0.000  1.331 0.000  14.184 0.000   7.151 0.000   7.034 0.000 0.029 0.000  1.105 0.000
303.208333 304.208333   23.38 0.000  3.64 0.000 9.999 0.259000 99.99 0.259 0.078 0.000000  1.845 0.000  2.583 0.000  11.215 0.000   6.417 0.000   4.798 0.000 0.082 0.000  0.355 0.000
306.208333 307.208333   26.21 0.000  1.56 0.000 9.999 0.259000 99.99 0.259 0.200 0.000000  3.023 0.000  4.232 0.000  14.595 0.000   7.978 0.000   6.617 0.000 0.054 0.000  0.454 0.000
309.208333 310.208333   36.21 0.000  1.57 0.000 9.999 0.259000 99.99 0.259 0.218 0.000000  2.618 0.000  3.665 0.000  13.666 0.000   4.278 0.000   9.388 0.000 0.038 0.000  1.342 0.000
312.208333 313.208333   23.29 0.000  1.82 0.000 9.999 0.259000 99.99 0.259 0.170 0.000000  4.350 0.000  6.090 0.000  23.663 0.000   7.085 0.000  16.578 0.000 0.046 0.000  2.362 0.000
315.208333 316.208333    9.82 0.000  0.54 0.000 9.999 0.259000 99.99 0.259 0.044 0.000000  0.830 0.000  1.162 0.000   7.947 0.000   3.327 0.000   4.620 0.000 0.025 0.000  0.743 0.000
318.208333 319.208333   14.37 0.000  1.91 0.000 9.999 0.259000 99.99 0.259 0.209 0.000000  2.816 0.000  3.942 0.000  14.186 0.000   3.367 0.000  10.819 0.000 0.039 0.000  1.479 0.000
321.208333 322.208333   11.81 0.000  1.48 0.000 9.999 0.259000 99.99 0.259 0.342 0.000000  2.994 0.000  4.191 0.000  11.475 0.000   3.040 0.000   8.435 0.000 0.062 0.000  0.823 0.000
324.208333 325.208333    7.86 0.000  1.15 0.000 9.999 0.259000  0.25 0.000 0.403 0.000000  1.640 0.000  2.296 0.000  11.499 0.000   3.067 0.000   8.432 0.000 0.032 0.000  1.354 0.000
327.208333 328.208333   16.00 0.000  1.54 0.000 9.999 0.259000  0.45 0.000 0.327 0.000000  1.901 0.000  2.662 0.000  11.387 0.000   5.221 0.000   6.166 0.000 0.047 0.000  0.703 0.000
330.208333 331.208333    4.16 0.000  0.57 0.000 9.999 0.259000  0.58 0.000 0.187 0.000000  1.448 0.000  2.028 0.000   9.050 0.000   2.729 0.000   6.321 0.000 0.025 0.000  1.033 0.000
333.208333 334.208333   26.92 0.000  2.37 0.000 9.999 0.259000  0.53 0.000 0.248 0.000000  3.281 0.000  4.594 0.000  13.443 0.000   5.366 0.000   8.077 0.000 0.057 0.000  0.670 0.000
336.208333 337.208333   16.50 0.000  1.39 0.000 9.999 0.259000  0.59 0.000 0.072 0.000000  0.756 0.000  1.059 0.000   8.027 0.000   3.192 0.000   4.835 0.000 0.016 0.000  0.861 0.000
339.208333 340.208333 9999.99 0.456 99.99 0.456 9.999 0.456000 99.99 0.456 0.340 0.000000  1.910 0.000  2.675 0.000   9.707 0.000 999.999 0.999 999.999 0.456 9.999 0.456  0.607 0.000
342.208333 343.208333 9999.99 0.999 99.99 0.999 9.999 0.999000 99.99 0.999 9.999 0.999000 99.999 0.999 99.999 0.999 999.999 0.999 999.999 0.999 999.999 0.999 9.999 0.999 99.999 0.999
345.208333 346.208333    7.21 0.000  1.56 0.000 0.038 0.000000  1.92 0.000 0.281 0.000000  1.661 0.000  2.325 0.000  12.441 0.000   2.353 0.000  10.087 0.000 0.035 0.000  1.722 0.000
348.208333 349.208333    6.39 0.000  0.77 0.000 9.999 0.259000  0.72 0.000 0.120 0.000000  0.893 0.000  1.250 0.000  13.187 0.000   4.789 0.000   8.399 0.000 0.052 0.000  1.106 0.000
351.208333 352.208333    6.44 0.394  0.37 0.394 9.999 0.394259  0.29 0.394 0.089 0.394000  0.685 0.000  0.959 0.000  11.537 0.000   5.236 0.000   6.300 0.000 0.038 0.394  0.457 0.394
354.208333 355.208333   21.60 0.000  2.19 0.000 9.999 0.259000  0.22 0.000 0.205 0.000000  1.523 0.000  2.132 0.000  10.285 0.000   2.163 0.000   8.122 0.000 0.044 0.000  1.220 0.000
357.208333 358.208333   23.94 0.000  1.85 0.000 9.999 0.259000  1.60 0.000 0.187 0.000000  1.078 0.000  1.509 0.000   8.596 0.000   2.829 0.000   5.767 0.000 0.037 0.000  0.852 0.000
360.208333 361.208333 9999.99 0.456 99.99 0.456 9.999 0.456000 99.99 0.456 0.158 0.000000  0.875 0.000  1.225 0.000   6.107 0.000 999.999 0.999 999.999 0.456 9.999 0.456  0.573 0.000
363.208333 364.208333   12.93 0.000  2.87 0.000 9.999 0.259000  1.13 0.000 0.292 0.000000  0.844 0.000  1.182 0.000   9.760 0.000   3.842 0.000   5.918 0.000 0.046 0.000  0.898 0.000
