scripts/IMPROVE-2019_partial/data/US9045R.20010101080000.20191216000000.filterpack..pm25.52w.1w.US03L_filterpack_US9045.US03L_IMPROVE_Davis.lev2.nas
64 1001
MISSING INFORMATION
US03L, IMPROVE, , , , , , , 
MISSING INFORMATION
IMPROVE sel_HTAP
1 1
2001 01 01 2019 12 16
3.000000
days from file reference point
25
1 1 1 1 1 1 1 1 1 1 1 1 1 1 1 1 1 1 1 1 1 1 1 1 1
999.999999 9999.99 9.999 99.99 9.999999 9.999 9.999999 9.99 9.999999 99.999 9.999 99.999 9.999 999.999 9.999 999.999 9.999 999.999 9.999 999.999 9.999 9.999 9.999999 99.999 9.999
end_time of measurement, days from the file reference point
iron, ng/m3, Revision date=20181210133000
numflag iron, no unit, Revision date=20181210133000
lead, ng/m3, Revision date=20181210133000
numflag lead, no unit, Revision date=20181210133000
magnesium, ug/m3, Revision date=20181210133000
numflag magnesium, no unit, Revision date=20181210133000
nickel, ng/m3, Revision date=20181210133000
numflag nickel, no unit, Revision date=20181210133000
nitrate, ug N/m3, Revision date=20181210133000
numflag nitrate, no unit, Revision date=20181210133000
organic_carbon, ug C/m3, Revision date=20181210133000
numflag organic_carbon, no unit, Revision date=20181210133000
organic_mass, ug/m3, Revision date=20181210133000
numflag organic_mass, no unit, Revision date=20181210133000
pm10_mass, ug/m3, Version=2, Version description=Data extracted from http://views.cira.colostate.edu/fed/DataWizard 2019-12-16, Sample duration=1d, Orig. time res.=3d, Matrix=pm10, Blank correction=Blank corrected, Volume std. temperature=ambient, Volume std. pressure=ambient
numflag pm10_mass, no unit, Version=2, Version description=Data extracted from http://views.cira.colostate.edu/fed/DataWizard 2019-12-16, Sample duration=1d, Orig. time res.=3d, Matrix=pm10, Blank correction=Blank corrected, Volume std. temperature=ambient, Volume std. pressure=ambient
pm10_pm25_mass, ug/m3, Revision date=20181210133000, Matrix=pm10_pm25
numflag pm10_pm25_mass, no unit, Revision date=20181210133000, Matrix=pm10_pm25
pm25_mass, ug/m3, Version=2, Version description=Data extracted from http://views.cira.colostate.edu/fed/DataWizard 2019-12-16, Sample duration=1d, Orig. time res.=3d, Blank correction=Blank corrected, Volume std. temperature=ambient, Volume std. pressure=ambient
numflag pm25_mass, no unit, Version=2, Version description=Data extracted from http://views.cira.colostate.edu/fed/DataWizard 2019-12-16, Sample duration=1d, Orig. time res.=3d, Blank correction=Blank corrected, Volume std. temperature=ambient, Volume std. pressure=ambient
potassium, ug/m3, Revision date=20181210133000
numflag potassium, no unit, Revision date=20181210133000
sulphate_total, ug S/m3, Revision date=20181210133000
numflag sulphate_total, no unit, Revision date=20181210133000
0
25
Data definition:              EBAS_1.1
Set type code:                TU
Timezone:                     UTC
File name:                    US9045R.20010101080000.20191216000000.filterpack..pm25.52w.1w.US03L_filterpack_US9045.US03L_IMPROVE_Davis.lev2.nas
File creation:                20191218120828
Startdate:                    20010101080000
Revision date:                20191216000000
Statistics:                   arithmetic mean
Data level:                   2
Period code:                  52w
Resolution code:              1w
Station code:                 US9045R
Platform code:                US9045S
Station name:                 Sequoia NP
Station latitude:             36.4894
Station longitude:            -118.8291
Station altitude:             519.0 m
Regime:                       IMG
Component:                    
Matrix:                       pm25
Laboratory code:              US03L
Instrument type:              filterpack
Instrument name:              filterpack_US9045
Method ref:                   US03L_IMPROVE_Davis
starttime endtime Fe flag_Fe Pb flag_Pb Mg++ flag_Mg++ Ni flag_Ni NO3- flag_NO3- OC flag_OC OM flag_OM PM10 flag_PM10 PM10-PM2.5 flag_PM10-PM2.5 PM2.5 flag_PM2.5 K+ flag_K+ SO4-- flag_SO4--
[from data line 85]
255.333333 256.333333  186.77 0.559  0.71 0.559000 9.999 0.559259 9.99 0.559259  0.432 0.000  3.978 0.000   5.570 0.000  34.887 0.000  20.770 0.000  14.117 0.559 0.154 0.559000  0.798 0.000
258.333333 259.333333   96.28 0.559  1.05 0.559000 9.999 0.559259 9.99 0.559259  0.164 0.559  2.984 0.000   4.177 0.000  25.641 0.000  15.524 0.000  10.117 0.559 0.066 0.559000  0.625 0.559
261.333333 262.333333  148.19 0.559  1.12 0.559000 9.999 0.559259 9.99 0.559259  0.119 0.559  2.856 0.000   3.998 0.000  29.175 0.000  18.801 0.000  10.374 0.559 0.092 0.559000  0.609 0.559
264.333333 265.333333  129.93 0.559  1.53 0.559000 9.999 0.559259 9.99 0.559259  0.114 0.559  2.417 0.000   3.384 0.000  26.997 0.000  17.947 0.000   9.050 0.559 0.084 0.559000  0.572 0.559
267.333333 268.333333  225.43 0.559  1.75 0.559000 9.999 0.559259 9.99 0.559259  0.294 0.000  2.558 0.000   3.580 0.000  48.446 0.000  38.029 0.000  10.417 0.559 0.130 0.559000  0.611 0.000
270.333333 271.333333  192.81 0.559  2.18 0.559000 9.999 0.559259 0.17 0.559000  0.809 0.000  3.046 0.000   4.264 0.000  35.215 0.000  23.956 0.000  11.260 0.559 0.160 0.559000  0.458 0.000
273.333333 274.333333   77.08 0.559  1.14 0.559000 9.999 0.559259 9.99 0.559259  0.121 0.559  2.179 0.000   3.050 0.000  21.610 0.000  14.323 0.000   7.286 0.559 0.054 0.559000  0.502 0.559
276.333333 277.333333  182.73 0.000  1.59 0.000000 9.999 0.259000 9.99 0.259000  0.345 0.559  2.738 0.000   3.834 0.000  34.352 0.000  23.218 0.000  11.134 0.000 0.088 0.000000  0.717 0.559
279.333333 280.333333  119.71 0.559  1.76 0.559000 9.999 0.559259 9.99 0.559259  0.748 0.000  3.549 0.000   4.969 0.000  33.531 0.000  19.898 0.000  13.633 0.559 0.204 0.559000  0.800 0.000
282.333333 283.333333 9999.99 0.999 99.99 0.999000 9.999 0.999000 9.99 0.999000 99.999 0.999 99.999 0.999 999.999 0.999 999.999 0.999 999.999 0.999 999.999 0.999 9.999 0.999000 99.999 0.999
285.333333 286.333333  116.61 0.559  1.32 0.559000 9.999 0.559259 9.99 0.559259  0.256 0.000  2.426 0.000   3.396 0.000  25.132 0.000  17.224 0.000   7.908 0.559 0.144 0.559000  0.275 0.000
288.333333 289.333333   63.93 0.559  1.03 0.559000 9.999 0.559259 9.99 0.559259  0.056 0.000  0.847 0.000   1.186 0.000  12.081 0.000   8.778 0.000   3.303 0.559 0.038 0.559000  0.135 0.000
291.333333 292.333333  132.56 0.559  1.28 0.559000 9.999 0.559259 9.99 0.559259  1.032 0.000  3.379 0.000   4.730 0.000  32.118 0.000  20.526 0.000  11.592 0.559 0.087 0.559000  0.531 0.000
294.333333 295.333333   93.62 0.559  1.79 0.559000 9.999 0.559259 9.99 0.559259  1.149 0.000  3.055 0.000   4.277 0.000  27.819 0.000  15.432 0.000  12.387 0.559 0.126 0.559000  0.548 0.000
297.333333 298.333333  123.85 0.559  0.78 0.559000 9.999 0.559259 9.99 0.559259  0.264 0.000  1.290 0.000   1.806 0.000  22.032 0.000  16.420 0.000   5.612 0.559 0.068 0.559000  0.215 0.000
300.333333 301.333333   84.21 0.559  1.60 0.559000 9.999 0.559259 0.24 0.559000  1.617 0.000  1.680 0.000   2.352 0.000  40.344 0.000  23.649 0.000  16.695 0.559 0.063 0.559000  0.877 0.000
303.333333 304.333333    8.94 0.559  0.81 0.559000 9.999 0.559259 9.99 0.559259  0.562 0.000  1.644 0.000   2.302 0.000  12.277 0.000   5.902 0.000   6.375 0.559 0.083 0.559000  0.202 0.000
306.333333 307.333333   15.66 0.559  1.03 0.559000 9.999 0.559259 0.09 0.559000  1.514 0.000  2.538 0.000   3.553 0.000  15.460 0.000   5.354 0.000  10.106 0.559 0.068 0.559000  0.401 0.000
309.333333 310.333333   21.58 0.559  0.89 0.559000 9.999 0.559259 9.99 0.559259  0.284 0.000  1.662 0.000   2.327 0.000   8.424 0.000   3.371 0.000   5.053 0.559 0.033 0.559000  0.376 0.000
312.333333 313.333333   18.64 0.559  0.91 0.559000 9.999 0.559259 0.13 0.559000  0.056 0.000  1.137 0.000   1.592 0.000   6.451 0.000   2.823 0.000   3.628 0.559 0.030 0.559000  0.253 0.000
315.333333 316.333333 9999.99 0.999 99.99 0.999000 9.999 0.999000 9.99 0.999000 99.999 0.999 99.999 0.999 999.999 0.999 999.999 0.999 999.999 0.999 999.999 0.999 9.999 0.999000 99.999 0.999
318.333333 319.333333    9.37 0.559  0.84 0.559000 9.999 0.559259 9.99 0.559259  0.781 0.000  1.738 0.000   2.433 0.000  11.946 0.000   6.026 0.000   5.920 0.559 0.071 0.559000  0.222 0.000
321.333333 322.333333   13.53 0.559  0.75 0.559000 0.026 0.559000 9.99 0.559259  2.894 0.000  1.773 0.000   2.482 0.000  24.678 0.000   9.910 0.000  14.768 0.559 0.039 0.559000  0.481 0.000
324.333333 325.333333   14.09 0.559  0.66 0.559000 0.016 0.559000 9.99 0.559259  1.610 0.000  1.082 0.000   1.515 0.000  13.930 0.000   5.824 0.000   8.107 0.559 0.032 0.559000  0.328 0.000
327.333333 328.333333    5.05 0.559  0.62 0.559000 9.999 0.559259 9.99 0.559259  0.067 0.000  0.563 0.000   0.788 0.000   5.447 0.000   3.236 0.000   2.211 0.559 0.030 0.559000  0.115 0.000
330.333333 331.333333    8.93 0.000  0.80 0.000000 0.015 0.000000 9.99 0.259000  0.948 0.000  1.437 0.000   2.012 0.000  10.626 0.000   2.476 0.000   8.150 0.000 0.078 0.000000  0.229 0.000
333.333333 334.333333    4.86 0.559  0.29 0.559000 9.999 0.559259 9.99 0.559259  0.110 0.000  0.514 0.000   0.720 0.000   4.158 0.000   2.465 0.000   1.694 0.559 0.047 0.559000  0.073 0.000
336.333333 337.333333    0.56 0.559 99.99 0.559259 9.999 0.559259 9.99 0.559259  0.010 0.000  0.236 0.000   0.330 0.000   2.370 0.000   1.782 0.000   0.588 0.559 0.012 0.559000  0.018 0.000
339.333333 340.333333    7.14 0.559  0.71 0.559000 9.999 0.559259 9.99 0.559259  0.056 0.000  0.794 0.000   1.112 0.000   4.990 0.000   3.121 0.000   1.869 0.559 0.032 0.559000  0.069 0.000
342.333333 343.333333    8.92 0.559  0.84 0.559000 9.999 0.559259 9.99 0.559259  0.136 0.000  0.473 0.000   0.663 0.000   2.952 0.000   1.378 0.000   1.574 0.559 0.016 0.559000  0.068 0.000
345.333333 346.333333    9.41 0.559  0.66 0.559000 9.999 0.559259 9.99 0.559259  0.983 0.559  1.379 0.000   1.930 0.000  10.396 0.000   1.829 0.000   8.567 0.559 0.050 0.559000  0.178 0.559
348.333333 349.333333    4.98 0.559  0.40 0.559000 9.999 0.559259 9.99 0.559259  0.220 0.559  0.521 0.000   0.730 0.000   3.576 0.000   1.946 0.000   1.631 0.559 0.015 0.559000  0.068 0.559
351.333333 352.333333    7.16 0.559  0.39 0.559000 9.999 0.559259 9.99 0.559259  0.139 0.559  0.961 0.000   1.345 0.000   4.158 0.000   2.086 0.000   2.072 0.559 0.024 0.559000  0.055 0.559
354.333333 355.333333    1.35 0.559  0.32 0.559000 9.999 0.559259 9.99 0.559259  0.022 0.559  0.371 0.000   0.519 0.000   2.191 0.000   1.347 0.000   0.844 0.559 0.011 0.559000  0.020 0.559
357.333333 358.333333    2.48 0.559  0.52 0.559000 9.999 0.559259 9.99 0.559259  0.054 0.559  0.526 0.000   0.736 0.000   3.244 0.000   2.147 0.000   1.097 0.559 0.015 0.559000  0.044 0.559
360.333333 361.333333   17.45 0.559  0.96 0.559000 9.999 0.559259 9.99 0.559259  0.103 0.559  0.970 0.000   1.357 0.000   4.134 0.000   1.932 0.000   2.202 0.559 0.029 0.559000  0.063 0.559
363.333333 364.333333    2.60 0.559 99.99 0.559259 9.999 0.559259 9.99 0.559259  0.038 0.000  0.407 0.000   0.571 0.000   5.002 0.000   4.221 0.000   0.781 0.559 0.011 0.559000  0.035 0.000
