scripts/IMPROVE-2019_partial/data/US9043R.19950104080000.20191216000000.filterpack...1y.3d.US03L_filterpack_US9043.US03L_IMPROVE_Davis.lev2.nas
51 1001
MISSING INFORMATION
US03L, IMPROVE, , , , , , , 
MISSING INFORMATION
IMPROVE sel_HTAP
1 1
1995 01 01 2019 12 16
0
days from file reference point
4
1 1 1 1
999.999999 999.999 999.999 9.999
end_time of measurement, days from the file reference point
pm10_mass, ug/m3, Matrix=pm10
pm25_mass, ug/m3, Matrix=pm25
numflag, no unit
0
33
Data definition:              EBAS_1.1
Set type code:                TI
Timezone:                     UTC
File name:                    US9043R.19950104080000.20191216000000.filterpack...1y.3d.US03L_filterpack_US9043.US03L_IMPROVE_Davis.lev2.nas
File creation:                20191218120816
Startdate:                    19950104080000
Revision date:                20191216000000
Version:                      2
Version description:          "Data extracted from http://views.cira.colostate.edu/fed/DataWizard 2019-12-16"
Statistics:                   arithmetic mean
Data level:                   2
Period code:                  1y
Resolution code:              3d
Sample duration:              1d
Orig. time res.:              3d
Station code:                 US9043R
Platform code:                US9043S
Station name:                 San Gorgonio Wilderness
Station latitude:             34.1939
Station longitude:            -116.9132
Station altitude:             1726.0 m
Regime:                       IMG
Component:                    
Unit:                         ug/m3
Matrix:                       
Laboratory code:              US03L
Instrument type:              filterpack
Instrument name:              filterpack_US9043
Method ref:                   US03L_IMPROVE_Davis
Blank correction:             Blank corrected
Volume std. temperature:      ambient
Volume std. pressure:         ambient
starttime endtime PM10 PM2.5 flag
  3.333333   4.333333 999.999 999.999 0.999
  6.333333   7.333333 999.999 999.999 0.999
 10.333333  11.333333   4.971   1.306 0.000
 13.333333  14.333333   7.817   3.770 0.000
 17.333333  18.333333   4.874   0.941 0.000
 20.333333  21.333333   4.472   2.851 0.000
 24.333333  25.333333 999.999 999.999 0.259
 27.333333  28.333333   1.435   0.868 0.000
 31.333333  32.333333   1.581   0.684 0.000
 34.333333  35.333333   5.024   1.179 0.000
 38.333333  39.333333   9.757   6.860 0.000
 41.333333  42.333333  22.143  18.142 0.000
 45.333333  46.333333   2.609   1.184 0.000
 48.333333  49.333333   1.812   1.090 0.000
 52.333333  53.333333   9.674   4.936 0.000
 55.333333  56.333333  17.862  15.422 0.000
 59.333333  60.333333   8.704   7.167 0.000
 62.333333  63.333333   2.697   1.943 0.000
 66.333333  67.333333   3.704   2.197 0.000
 69.333333  70.333333   1.258   0.431 0.000
 73.333333  74.333333  16.579  12.506 0.000
 76.333333  77.333333  13.344   9.517 0.000
 80.333333  81.333333   9.635   6.062 0.000
 83.333333  84.333333   3.345   1.084 0.000
 87.333333  88.333333   6.871   3.396 0.000
 90.333333  91.333333  17.105  12.100 0.000
 94.333333  95.333333  14.409   7.462 0.000
 97.333333  98.333333  21.242  13.554 0.000
101.333333 102.333333 999.999 999.999 0.999
104.333333 105.333333  32.680  22.960 0.000
108.333333 109.333333 999.999 999.999 0.999
111.333333 112.333333   7.895   3.561 0.000
115.333333 116.333333  24.361  16.989 0.000
118.333333 119.333333  16.571  13.081 0.000
122.333333 123.333333  21.297  12.692 0.000
125.333333 126.333333   7.337   4.388 0.000
129.333333 130.333333  25.085  15.905 0.000
132.333333 133.333333   7.676   4.808 0.000
136.333333 137.333333  13.643   5.859 0.000
139.333333 140.333333  16.445  10.886 0.000
143.333333 144.333333  21.261  12.381 0.000
146.333333 147.333333  28.917  15.554 0.000
150.333333 151.333333  18.611  10.722 0.000
153.333333 154.333333  12.521   5.859 0.000
157.333333 158.333333  26.576  11.032 0.000
160.333333 161.333333  14.875   8.228 0.000
164.333333 165.333333  21.876  12.075 0.000
167.333333 168.333333   7.044   5.046 0.000
171.333333 172.333333  15.127   8.383 0.000
174.333333 175.333333  11.245   6.236 0.000
178.333333 179.333333 999.999 999.999 0.999
181.333333 182.333333  13.522   8.658 0.000
185.333333 186.333333  14.648   8.798 0.000
188.333333 189.333333  18.570   8.651 0.000
192.333333 193.333333  17.572   5.657 0.000
195.333333 196.333333  24.286  13.649 0.000
199.333333 200.333333  13.146   4.620 0.000
202.333333 203.333333  20.870   8.416 0.000
206.333333 207.333333  13.555   7.375 0.000
209.333333 210.333333  25.563   8.810 0.000
213.333333 214.333333 999.999 999.999 0.999
216.333333 217.333333  15.466   6.741 0.000
220.333333 221.333333  19.927   8.608 0.000
223.333333 224.333333  41.629  11.017 0.000
227.333333 228.333333  15.606   9.220 0.000
230.333333 231.333333  21.244  10.299 0.000
234.333333 235.333333  17.380   9.182 0.000
237.333333 238.333333   8.356   3.071 0.000
241.333333 242.333333   7.505   4.173 0.000
244.333333 245.333333 999.999 999.999 0.999
248.333333 249.333333  17.201   6.854 0.000
251.333333 252.333333  10.575   3.427 0.000
255.333333 256.333333  15.999   6.681 0.000
258.333333 259.333333  13.333   7.034 0.000
262.333333 263.333333  14.981   7.974 0.000
265.333333 266.333333  14.045   5.414 0.000
269.333333 270.333333  13.297   6.827 0.000
272.333333 273.333333  10.022   2.678 0.000
276.333333 277.333333 999.999 999.999 0.999
279.333333 280.333333  15.605   7.421 0.000
283.333333 284.333333  28.587  17.268 0.000
286.333333 287.333333  40.815   8.867 0.000
290.333333 291.333333  23.901  11.358 0.000
293.333333 294.333333  19.640   8.117 0.000
297.333333 298.333333  21.305  10.310 0.000
300.333333 301.333333 999.999  10.646 0.000
304.333333 305.333333   8.511   6.088 0.000
307.333333 308.333333  20.706   6.213 0.000
311.333333 312.333333  22.164  10.826 0.000
314.333333 315.333333  21.582   3.851 0.000
318.333333 319.333333   8.894   3.107 0.000
321.333333 322.333333  10.086   4.203 0.000
325.333333 326.333333  23.272   5.263 0.000
328.333333 329.333333  17.508   4.494 0.000
332.333333 333.333333   4.895   1.961 0.000
335.333333 336.333333  12.739   5.658 0.000
339.333333 340.333333  15.484   8.058 0.000
342.333333 343.333333  11.824   3.341 0.000
346.333333 347.333333   6.600   1.415 0.000
349.333333 350.333333   5.467   4.167 0.000
353.333333 354.333333  16.450  11.021 0.000
356.333333 357.333333   9.964   7.421 0.000
360.333333 361.333333 999.999 999.999 0.999
363.333333 364.333333 999.999 999.999 0.999
