scripts/IMPROVE-2019_partial/data/US9034R.20030103060000.20191216000000.filterpack..pm25.1y.1w.US03L_filterpack_US9034.US03L_IMPROVE_Davis.lev2.nas
64 1001
MISSING INFORMATION
US03L, IMPROVE, , , , , , , 
MISSING INFORMATION
IMPROVE sel_HTAP
1 1
2003 01 01 2019 12 16
3.00
days from file reference point
25
1 1 1 1 1 1 1 1 1 1 1 1 1 1 1 1 1 1 1 1 1 1 1 1 1
999.99 9999.99 9.999 99.99 9.999 9.999 9.999 9.99 9.999 99.999 9.999 999.999 9.999 999.999 9.999 999.999 9.999 999.999 9.999 999.999 9.999 9.999 9.999 99.999 9.999
end_time of measurement, days from the file reference point
iron, ng/m3, Revision date=20181210133000
numflag iron, no unit, Revision date=20181210133000
lead, ng/m3, Revision date=20181210133000
numflag lead, no unit, Revision date=20181210133000
magnesium, ug/m3, Revision date=20181210133000
numflag magnesium, no unit, Revision date=20181210133000
nickel, ng/m3, Revision date=20181210133000
numflag nickel, no unit, Revision date=20181210133000
nitrate, ug N/m3, Revision date=20181210133000
numflag nitrate, no unit, Revision date=20181210133000
organic_carbon, ug C/m3, Revision date=20181210133000
numflag organic_carbon, no unit, Revision date=20181210133000
organic_mass, ug/m3, Revision date=20181210133000
numflag organic_mass, no unit, Revision date=20181210133000
pm10_mass, ug/m3, Version=2, Version description=Data extracted from http://views.cira.colostate.edu/fed/DataWizard 2019-12-16, Sample duration=1d, Orig. time res.=3d, Matrix=pm10, Blank correction=Blank corrected, Volume std. temperature=ambient, Volume std. pressure=ambient
numflag pm10_mass, no unit, Version=2, Version description=Data extracted from http://views.cira.colostate.edu/fed/DataWizard 2019-12-16, Sample duration=1d, Orig. time res.=3d, Matrix=pm10, Blank correction=Blank corrected, Volume std. temperature=ambient, Volume std. pressure=ambient
pm10_pm25_mass, ug/m3, Revision date=20181210133000, Matrix=pm10_pm25
numflag pm10_pm25_mass, no unit, Revision date=20181210133000, Matrix=pm10_pm25
pm25_mass, ug/m3, Version=2, Version description=Data extracted from http://views.cira.colostate.edu/fed/DataWizard 2019-12-16, Sample duration=1d, Orig. time res.=3d, Blank correction=Blank corrected, Volume std. temperature=ambient, Volume std. pressure=ambient
numflag pm25_mass, no unit, Version=2, Version description=Data extracted from http://views.cira.colostate.edu/fed/DataWizard 2019-12-16, Sample duration=1d, Orig. time res.=3d, Blank correction=Blank corrected, Volume std. temperature=ambient, Volume std. pressure=ambient
potassium, ug/m3, Revision date=20181210133000
numflag potassium, no unit, Revision date=20181210133000
sulphate_total, ug S/m3, Revision date=20181210133000
numflag sulphate_total, no unit, Revision date=20181210133000
0
25
Data definition:              EBAS_1.1
Set type code:                TU
Timezone:                     UTC
File name:                    US9034R.20030103060000.20191216000000.filterpack..pm25.1y.1w.US03L_filterpack_US9034.US03L_IMPROVE_Davis.lev2.nas
File creation:                20191218120733
Startdate:                    20030103060000
Revision date:                20191216000000
Statistics:                   arithmetic mean
Data level:                   2
Period code:                  1y
Resolution code:              1w
Station code:                 US9034R
Platform code:                US9034S
Station name:                 Upper Buffalo Wilderness
Station latitude:             35.8258
Station longitude:            -93.203
Station altitude:             722.0 m
Regime:                       IMG
Component:                    
Matrix:                       pm25
Laboratory code:              US03L
Instrument type:              filterpack
Instrument name:              filterpack_US9034
Method ref:                   US03L_IMPROVE_Davis
starttime endtime Fe flag_Fe Pb flag_Pb Mg++ flag_Mg++ Ni flag_Ni NO3- flag_NO3- OC flag_OC OM flag_OM PM10 flag_PM10 PM10-PM2.5 flag_PM10-PM2.5 PM2.5 flag_PM2.5 K+ flag_K+ SO4-- flag_SO4--
  2.25   3.25   45.36 0.000  2.00 0.000 9.999 0.259 9.99 0.259  0.946 0.000   0.967 0.000   1.354 0.000  14.957 0.000   6.606 0.000   8.351 0.000 0.047 0.000  0.343 0.000
  5.25   6.25   10.80 0.000  0.88 0.000 9.999 0.259 9.99 0.259  0.954 0.559   0.972 0.000   1.360 0.000  15.523 0.000   3.840 0.000  11.683 0.000 0.032 0.000  0.736 0.559
  8.25   9.25   22.63 0.000  1.08 0.000 9.999 0.259 9.99 0.259  0.153 0.000   0.954 0.000   1.336 0.000  14.701 0.000   9.875 0.000   4.826 0.000 0.041 0.000  0.465 0.000
 11.25  12.25   15.34 0.000  1.81 0.000 9.999 0.259 9.99 0.259  0.330 0.000   1.732 0.000   2.424 0.000  11.326 0.000   5.554 0.000   5.772 0.000 0.040 0.000  0.122 0.000
 14.25  15.25   31.28 0.000  1.69 0.000 0.015 0.000 9.99 0.259  0.679 0.559   1.207 0.000   1.690 0.000  19.724 0.000  11.686 0.000   8.038 0.000 0.055 0.000  0.228 0.559
 17.25  18.25   10.49 0.000  0.61 0.000 9.999 0.259 9.99 0.259  0.533 0.000   1.249 0.000   1.748 0.000  11.409 0.000   4.258 0.000   7.150 0.000 0.034 0.000  0.361 0.000
 20.25  21.25   22.19 0.000  3.71 0.000 0.021 0.000 9.99 0.259  1.041 0.559   1.847 0.000   2.586 0.000  20.599 0.000   6.654 0.000  13.945 0.000 0.054 0.000  1.006 0.559
 23.25  24.25   20.46 0.000  0.91 0.000 9.999 0.259 9.99 0.259  0.401 0.000   1.101 0.000   1.542 0.000  12.897 0.000   7.247 0.000   5.650 0.000 0.041 0.000  0.215 0.000
 26.25  27.25   27.18 0.000  2.64 0.000 9.999 0.259 9.99 0.259  0.749 0.000   2.673 0.000   3.743 0.000  23.134 0.000  11.373 0.000  11.761 0.000 0.050 0.000  0.519 0.000
 29.25  30.25    8.29 0.000  1.52 0.000 9.999 0.259 9.99 0.259  0.356 0.559   0.907 0.000   1.270 0.000   7.925 0.000   2.702 0.000   5.223 0.000 0.027 0.000  0.514 0.559
 32.25  33.25   23.37 0.000  1.72 0.000 9.999 0.259 0.27 0.000  0.422 0.000   4.645 0.000   6.503 0.000  21.321 0.000   4.720 0.000  16.601 0.000 0.072 0.000  1.657 0.000
 35.25  36.25   10.52 0.000  1.19 0.000 9.999 0.259 9.99 0.259  0.302 0.000   0.951 0.000   1.331 0.000   8.823 0.000   5.086 0.000   3.737 0.000 0.028 0.000  0.248 0.000
 38.25  39.25    8.42 0.000  1.16 0.000 0.019 0.000 9.99 0.259  0.598 0.000   1.359 0.000   1.902 0.000   9.698 0.000   2.460 0.000   7.237 0.000 0.042 0.000  0.417 0.000
 41.25  42.25    9.18 0.000  0.52 0.000 9.999 0.259 9.99 0.259  0.433 0.000   1.285 0.000   1.798 0.000   9.726 0.000   4.663 0.000   5.063 0.000 0.023 0.000  0.322 0.000
 44.25  45.25    1.80 0.000  0.45 0.000 9.999 0.259 9.99 0.259  0.040 0.000   0.458 0.000   0.641 0.000  10.982 0.000   9.481 0.000   1.501 0.000 0.010 0.000  0.195 0.000
 47.25  48.25    9.75 0.000  1.44 0.000 9.999 0.259 9.99 0.259  0.687 0.000   1.331 0.000   1.864 0.000  12.459 0.000   3.564 0.000   8.895 0.000 0.034 0.000  0.954 0.000
 50.25  51.25    5.22 0.000  1.00 0.000 9.999 0.259 0.05 0.000  0.061 0.559   0.628 0.000   0.880 0.000   9.191 0.000   2.511 0.000   6.681 0.000 0.018 0.000  1.290 0.559
 53.25  54.25   17.32 0.000  0.90 0.000 0.037 0.000 9.99 0.259  0.959 0.559   0.688 0.000   0.964 0.000  11.193 0.000   1.335 0.000   9.858 0.000 0.020 0.000  0.924 0.559
 56.25  57.25    4.68 0.000  1.36 0.000 9.999 0.259 9.99 0.259  0.185 0.559   0.616 0.000   0.862 0.000   5.054 0.000   1.170 0.000   3.884 0.000 0.025 0.000  0.478 0.559
 59.25  60.25    2.83 0.000  0.58 0.000 9.999 0.259 9.99 0.259  0.267 0.000   0.573 0.000   0.802 0.000   6.128 0.000   2.390 0.000   3.737 0.000 0.015 0.000  0.524 0.000
 62.25  63.25   15.61 0.000  1.64 0.000 9.999 0.259 0.05 0.000  0.361 0.559   1.394 0.000   1.952 0.000   8.413 0.000   0.619 0.000   7.794 0.000 0.035 0.000  1.040 0.559
 65.25  66.25   27.78 0.000  3.44 0.000 9.999 0.259 9.99 0.259  0.536 0.559   1.912 0.000   2.677 0.000  18.072 0.000   8.097 0.000   9.975 0.000 0.046 0.000  1.294 0.559
 68.25  69.25   27.04 0.000  3.53 0.000 9.999 0.259 9.99 0.259  0.242 0.559   1.329 0.000   1.860 0.000  12.010 0.000   5.742 0.000   6.268 0.000 0.048 0.000  0.554 0.559
 71.25  72.25   29.40 0.000  2.12 0.000 9.999 0.259 0.13 0.000  1.087 0.000   1.906 0.000   2.668 0.000  22.125 0.000   6.106 0.000  16.019 0.000 0.054 0.000  1.574 0.000
 74.25  75.25   35.41 0.000  2.53 0.000 9.999 0.259 9.99 0.259  0.682 0.000   2.896 0.000   4.054 0.000  21.564 0.000   5.598 0.000  15.966 0.000 0.054 0.000  2.303 0.000
 77.25  78.25   67.36 0.000  0.72 0.000 9.999 0.259 9.99 0.259  0.090 0.000   0.630 0.000   0.883 0.000  16.610 0.000  12.307 0.000   4.303 0.000 0.052 0.000  0.386 0.000
 80.25  81.25   25.30 0.000  1.22 0.000 9.999 0.259 9.99 0.259  0.226 0.000   0.794 0.000   1.111 0.000   7.712 0.000   4.092 0.000   3.619 0.000 0.024 0.000  0.470 0.000
 83.25  84.25   28.49 0.000  1.00 0.000 9.999 0.259 0.09 0.000  0.471 0.000  12.016 0.000  16.822 0.000  31.434 0.000   7.465 0.000  23.969 0.000 0.095 0.000  0.785 0.000
 86.25  87.25   17.90 0.000  0.68 0.000 9.999 0.259 9.99 0.259  0.441 0.000   1.231 0.000   1.723 0.000  12.630 0.000   5.893 0.000   6.737 0.000 0.022 0.000  0.608 0.000
 89.25  90.25   67.02 0.000  1.35 0.000 9.999 0.259 9.99 0.259  0.442 0.000  12.876 0.000  18.026 0.000  45.077 0.000  21.879 0.000  23.199 0.000 0.108 0.000  0.524 0.000
 92.25  93.25   39.86 0.000  0.50 0.000 9.999 0.259 0.22 0.000  0.133 0.000   1.804 0.000   2.525 0.000  24.366 0.000  13.758 0.000  10.609 0.000 0.046 0.000  1.503 0.000
 95.25  96.25    7.59 0.000  1.06 0.000 9.999 0.259 9.99 0.259  0.368 0.000   0.542 0.000   0.758 0.000   7.394 0.000   3.156 0.000   4.237 0.000 0.016 0.000  0.482 0.000
 98.25  99.25   15.06 0.000  1.36 0.000 9.999 0.259 9.99 0.259  0.329 0.559   0.625 0.000   0.875 0.000  13.358 0.000   6.178 0.000   7.180 0.000 0.022 0.000  1.120 0.559
101.25 102.25   59.02 0.000  2.57 0.000 9.999 0.259 0.07 0.000  0.694 0.000  10.818 0.000  15.145 0.000  36.027 0.000   8.880 0.000  27.146 0.000 0.251 0.000  0.915 0.000
104.25 105.25   80.32 0.000  1.14 0.000 9.999 0.259 0.30 0.000  0.045 0.000   1.712 0.000   2.397 0.000  20.849 0.000  12.807 0.000   8.042 0.000 0.063 0.000  0.883 0.000
107.25 108.25  121.00 0.000  1.60 0.000 9.999 0.259 0.08 0.000  0.547 0.000   2.109 0.000   2.952 0.000  39.002 0.000  27.110 0.000  11.892 0.000 0.087 0.000  1.259 0.000
110.25 111.25   26.87 0.000  0.57 0.000 9.999 0.259 9.99 0.259  0.043 0.000   0.622 0.000   0.870 0.000   7.550 0.000   4.625 0.000   2.925 0.000 0.029 0.000  0.253 0.000
113.25 114.25   67.08 0.000  0.96 0.000 9.999 0.259 9.99 0.259  0.111 0.000   1.618 0.000   2.265 0.000  40.375 0.000  32.626 0.000   7.749 0.000 0.081 0.000  0.743 0.000
116.25 117.25   71.42 0.000  3.59 0.000 9.999 0.259 9.99 0.259  0.094 0.000   1.801 0.000   2.521 0.000  30.119 0.000  15.118 0.000  15.001 0.000 0.073 0.000  2.335 0.000
119.25 120.25   51.94 0.000  1.58 0.000 9.999 0.259 0.30 0.000  0.079 0.000   3.350 0.000   4.690 0.000  66.474 0.000  50.191 0.000  16.284 0.000 0.072 0.000  2.005 0.000
122.25 123.25   27.43 0.000  1.87 0.000 9.999 0.259 0.08 0.000  0.107 0.000   1.125 0.000   1.575 0.000  21.797 0.000  13.316 0.000   8.481 0.000 0.030 0.000  1.351 0.000
125.25 126.25  117.34 0.000  1.09 0.000 9.999 0.259 0.23 0.000  0.231 0.000   4.295 0.000   6.013 0.000  38.698 0.000  16.980 0.000  21.718 0.000 0.306 0.000  2.300 0.000
128.25 129.25  129.26 0.000  0.65 0.000 9.999 0.259 0.36 0.000  0.252 0.000   5.114 0.000   7.160 0.000  46.845 0.000  25.537 0.000  21.308 0.000 0.319 0.000  1.774 0.000
131.25 132.25   23.51 0.000  0.92 0.000 9.999 0.259 0.04 0.000  0.028 0.000   1.037 0.000   1.452 0.000  11.721 0.000   7.998 0.000   3.723 0.000 0.028 0.000  0.290 0.000
134.25 135.25   45.12 0.000  1.09 0.000 9.999 0.259 9.99 0.259  0.097 0.000   1.644 0.000   2.302 0.000  30.708 0.000  24.031 0.000   6.677 0.000 0.053 0.000  0.562 0.000
137.25 138.25   21.76 0.000  2.78 0.000 9.999 0.259 0.10 0.000  0.119 0.000   1.174 0.000   1.644 0.000  21.802 0.000   7.142 0.000  14.661 0.000 0.033 0.000  2.912 0.000
140.25 141.25   16.55 0.000  1.36 0.000 9.999 0.259 0.06 0.000  0.117 0.000   1.244 0.000   1.742 0.000  15.706 0.000   9.914 0.000   5.792 0.000 0.030 0.000  0.555 0.000
143.25 144.25   32.60 0.000  2.79 0.000 9.999 0.259 9.99 0.259  0.275 0.000   2.408 0.000   3.371 0.000  17.138 0.000   5.127 0.000  12.011 0.000 0.041 0.000  1.420 0.000
146.25 147.25   29.56 0.000  2.25 0.000 9.999 0.259 9.99 0.259  0.037 0.000   2.372 0.000   3.321 0.000  15.790 0.000   6.763 0.000   9.027 0.000 0.045 0.000  0.629 0.000
149.25 150.25   57.24 0.000  2.86 0.000 9.999 0.259 9.99 0.259  0.043 0.000   3.700 0.000   5.180 0.000  27.778 0.000  16.523 0.000  11.255 0.000 0.084 0.000  0.689 0.000
152.25 153.25   15.56 0.000  1.16 0.000 9.999 0.259 9.99 0.259  0.130 0.000   1.183 0.000   1.656 0.000  11.022 0.000   3.869 0.000   7.153 0.000 0.045 0.000  0.819 0.000
155.25 156.25   21.67 0.000  3.35 0.000 9.999 0.259 9.99 0.259  0.266 0.000   2.549 0.000   3.569 0.000  19.824 0.000   8.349 0.000  11.475 0.000 0.066 0.000  1.267 0.000
158.25 159.25   11.40 0.000  0.96 0.000 0.039 0.000 9.99 0.259  0.035 0.000   0.806 0.000   1.128 0.000   9.488 0.000   6.299 0.000   3.189 0.000 0.011 0.000  0.283 0.000
161.25 162.25   17.74 0.000 99.99 0.259 9.999 0.259 0.12 0.000  0.039 0.000   1.086 0.000   1.520 0.000  14.652 0.000  10.419 0.000   4.232 0.000 0.031 0.000  0.435 0.000
164.25 165.25   13.82 0.000  1.50 0.000 9.999 0.259 0.11 0.000  0.039 0.000   1.199 0.000   1.678 0.000  11.561 0.000   5.981 0.000   5.579 0.000 0.029 0.000  0.622 0.000
167.25 168.25   17.98 0.000  1.88 0.000 0.116 0.000 9.99 0.259  0.057 0.000   1.849 0.000   2.589 0.000  21.624 0.000   6.288 0.000  15.336 0.000 0.052 0.000  2.399 0.000
170.25 171.25   29.66 0.000  2.23 0.000 9.999 0.259 0.10 0.000  0.088 0.000   1.859 0.000   2.603 0.000  26.975 0.000  12.335 0.000  14.640 0.000 0.044 0.000  2.244 0.000
173.25 174.25   33.36 0.000  1.60 0.000 9.999 0.259 0.13 0.000  0.055 0.559   3.946 0.000   5.525 0.000  22.760 0.000   6.587 0.000  16.174 0.000 0.115 0.000  1.640 0.559
176.25 177.25   20.01 0.000 99.99 0.259 9.999 0.259 0.15 0.000  0.055 0.000   0.883 0.000   1.236 0.000  10.678 0.000   6.688 0.000   3.989 0.000 0.043 0.000  0.424 0.000
179.25 180.25   33.66 0.000  1.36 0.000 9.999 0.259 9.99 0.259  0.062 0.000   1.940 0.000   2.715 0.000  20.873 0.000   8.112 0.000  12.761 0.000 0.061 0.000  1.671 0.000
182.25 183.25 9999.99 0.999 99.99 0.999 9.999 0.999 9.99 0.999 99.999 0.999 999.999 0.999 999.999 0.999 999.999 0.999 999.999 0.999 999.999 0.999 9.999 0.999 99.999 0.999
185.25 186.25   45.94 0.000  1.12 0.000 9.999 0.259 9.99 0.259  0.050 0.000   2.041 0.000   2.858 0.000  14.647 0.000   4.692 0.000   9.955 0.000 0.115 0.000  1.178 0.000
188.25 189.25  191.81 0.000  0.90 0.000 9.999 0.259 0.33 0.000  0.077 0.000   1.332 0.000   1.865 0.000  22.190 0.000  11.491 0.000  10.700 0.000 0.089 0.000  0.993 0.000
191.25 192.25   36.42 0.000  0.62 0.000 9.999 0.259 0.11 0.000  0.029 0.000   1.232 0.000   1.725 0.000  22.669 0.000  16.645 0.000   6.024 0.000 0.029 0.000  0.527 0.000
194.25 195.25  119.12 0.000  0.97 0.000 9.999 0.259 0.17 0.000  0.072 0.000   2.335 0.000   3.269 0.000  20.833 0.000   7.481 0.000  13.352 0.000 0.071 0.000  1.421 0.000
197.25 198.25  241.40 0.000  1.08 0.000 9.999 0.259 0.28 0.000  0.118 0.559   1.422 0.000   1.991 0.000  32.846 0.000  21.124 0.000  11.723 0.000 0.105 0.000  0.879 0.559
200.25 201.25 9999.99 0.999 99.99 0.999 9.999 0.999 9.99 0.999 99.999 0.999 999.999 0.999 999.999 0.999 999.999 0.999 999.999 0.999 999.999 0.999 9.999 0.999 99.999 0.999
203.25 204.25   14.38 0.000  0.81 0.000 9.999 0.259 9.99 0.259  0.033 0.559   1.317 0.000   1.844 0.000  13.889 0.000   8.422 0.000   5.467 0.000 0.025 0.000  0.421 0.559
206.25 207.25    0.16 0.000  0.15 0.000 0.090 0.000 0.07 0.000  0.007 0.559 999.999 0.259 999.999 0.259   0.119 0.000   0.060 0.000   0.059 0.000 9.999 0.259  0.021 0.559
209.25 210.25   98.33 0.000  0.56 0.000 9.999 0.259 0.10 0.000  0.030 0.559   0.628 0.000   0.879 0.000   9.639 0.000   5.298 0.000   4.341 0.000 0.041 0.000  0.272 0.559
212.25 213.25  128.38 0.000  1.13 0.000 9.999 0.259 0.11 0.000  0.055 0.559   3.040 0.000   4.256 0.000  28.333 0.000  13.791 0.000  14.542 0.000 0.088 0.000  1.262 0.559
215.25 216.25  245.45 0.000  0.66 0.000 9.999 0.259 0.18 0.000  0.084 0.559   1.524 0.000   2.133 0.000  21.309 0.000  10.550 0.000  10.759 0.000 0.126 0.000  0.742 0.559
218.25 219.25   28.91 0.000  2.35 0.000 9.999 0.259 9.99 0.259  0.058 0.559   1.702 0.000   2.382 0.000  32.778 0.000  16.841 0.000  15.937 0.000 0.041 0.000  2.511 0.559
221.25 222.25   16.29 0.000  1.68 0.000 9.999 0.259 0.07 0.000  0.031 0.559   2.279 0.000   3.191 0.000  18.809 0.000   6.500 0.000  12.309 0.000 0.031 0.000  1.463 0.559
224.25 225.25   27.18 0.000  3.26 0.000 9.999 0.259 9.99 0.259  0.068 0.559   1.952 0.000   2.733 0.000  37.452 0.000  19.675 0.000  17.777 0.000 0.041 0.000  3.076 0.559
227.25 228.25   75.27 0.000  0.89 0.000 9.999 0.259 0.09 0.000  0.056 0.559   1.431 0.000   2.003 0.000  20.040 0.000   7.983 0.000  12.057 0.000 0.048 0.000  1.572 0.559
230.25 231.25   67.88 0.000  0.68 0.000 9.999 0.259 0.08 0.000  0.033 0.559   3.284 0.000   4.597 0.000  31.960 0.000  14.070 0.000  17.890 0.000 0.056 0.000  1.945 0.559
233.25 234.25   91.38 0.000  0.58 0.000 9.999 0.259 0.16 0.000  0.037 0.559   3.100 0.000   4.339 0.000  42.738 0.000  25.347 0.000  17.391 0.000 0.078 0.000  1.930 0.559
236.25 237.25   64.89 0.000  1.76 0.000 0.104 0.000 0.11 0.000  0.050 0.559   3.802 0.000   5.322 0.000  35.833 0.000   9.373 0.000  26.461 0.000 0.083 0.000  3.672 0.559
239.25 240.25   29.67 0.000  0.44 0.000 0.052 0.000 0.23 0.000  0.039 0.559   1.606 0.000   2.248 0.000  20.516 0.000   9.697 0.000  10.819 0.000 0.037 0.000  1.436 0.559
242.25 243.25  146.29 0.000  0.35 0.000 9.999 0.259 0.23 0.000  0.071 0.559   0.733 0.000   1.026 0.000  13.610 0.000   6.606 0.000   7.004 0.000 0.078 0.000  0.672 0.559
245.25 246.25    5.34 0.000  0.46 0.000 9.999 0.259 0.06 0.000  0.027 0.559   0.591 0.000   0.828 0.000   8.889 0.000   6.152 0.000   2.737 0.000 0.013 0.000  0.369 0.559
248.25 249.25   13.09 0.000  1.13 0.000 0.097 0.000 9.99 0.259  0.029 0.559   0.994 0.000   1.392 0.000  10.856 0.000   4.920 0.000   5.935 0.000 0.021 0.000  0.609 0.559
251.25 252.25   47.52 0.000  2.11 0.000 9.999 0.259 0.17 0.000  0.026 0.559   2.179 0.000   3.051 0.000  39.685 0.000  12.132 0.000  27.554 0.000 0.051 0.000  5.044 0.559
254.25 255.25    4.56 0.000  0.33 0.000 9.999 0.259 9.99 0.259  0.038 0.559   0.437 0.000   0.612 0.000  15.485 0.000  13.003 0.000   2.482 0.000 0.013 0.000  0.340 0.559
257.25 258.25   10.37 0.000  0.72 0.000 9.999 0.259 9.99 0.259  0.014 0.559   0.545 0.000   0.762 0.000   6.426 0.000   4.072 0.000   2.354 0.000 0.009 0.000  0.229 0.559
260.25 261.25   33.38 0.000  1.08 0.000 9.999 0.259 0.06 0.000  0.059 0.559   3.128 0.000   4.379 0.000  36.119 0.000  22.767 0.000  13.352 0.000 0.069 0.000  1.342 0.559
263.25 264.25   34.72 0.000  1.80 0.000 9.999 0.259 0.08 0.000  0.099 0.559   3.366 0.000   4.712 0.000  24.567 0.000   8.333 0.000  16.234 0.000 0.093 0.000  1.762 0.559
266.25 267.25   45.57 0.000  1.22 0.000 9.999 0.259 0.10 0.000  0.078 0.559   2.755 0.000   3.857 0.000  30.949 0.000  19.523 0.000  11.426 0.000 0.059 0.000  1.050 0.559
269.25 270.25   24.38 0.000  0.60 0.000 9.999 0.259 9.99 0.259  0.043 0.559   0.876 0.000   1.226 0.000  14.652 0.000  10.211 0.000   4.441 0.000 0.025 0.000  0.425 0.559
272.25 273.25   33.64 0.000  0.81 0.000 9.999 0.259 9.99 0.259  0.051 0.000   1.545 0.000   2.163 0.000  14.973 0.000   9.936 0.000   5.037 0.000 0.068 0.000  0.309 0.000
275.25 276.25   47.58 0.000  1.48 0.000 9.999 0.259 9.99 0.259  0.201 0.559   3.800 0.000   5.320 0.000  35.086 0.000  24.053 0.000  11.033 0.000 0.130 0.000  0.609 0.559
278.25 279.25   13.28 0.000  1.05 0.000 0.055 0.000 0.12 0.000  0.106 0.559   2.146 0.000   3.004 0.000  12.002 0.000   3.040 0.000   8.963 0.000 0.076 0.000  0.920 0.559
