scripts/IMPROVE-2019_partial/data/US9074R.19950104080000.20191216000000.filterpack...1y.3d.US03L_filterpack_US9074.US03L_IMPROVE_Davis.lev2.nas
52 1001
MISSING INFORMATION
US03L, IMPROVE, , , , , , , 
MISSING INFORMATION
IMPROVE sel_HTAP
1 1
1995 01 01 2019 12 16
0
days from file reference point
5
1 1 1 1 1
999.999999 999.999 9.999 999.999 9.999
end_time of measurement, days from the file reference point
pm10_mass, ug/m3, Matrix=pm10
numflag pm10_mass, no unit, Matrix=pm10
pm25_mass, ug/m3, Matrix=pm25
numflag pm25_mass, no unit, Matrix=pm25
0
33
Data definition:              EBAS_1.1
Set type code:                TI
Timezone:                     UTC
File name:                    US9074R.19950104080000.20191216000000.filterpack...1y.3d.US03L_filterpack_US9074.US03L_IMPROVE_Davis.lev2.nas
File creation:                20191218121035
Startdate:                    19950104080000
Revision date:                20191216000000
Version:                      2
Version description:          "Data extracted from http://views.cira.colostate.edu/fed/DataWizard 2019-12-16"
Statistics:                   arithmetic mean
Data level:                   2
Period code:                  1y
Resolution code:              3d
Sample duration:              1d
Orig. time res.:              3d
Station code:                 US9074R
Platform code:                US9074S
Station name:                 Three Sisters Wilderness
Station latitude:             44.291
Station longitude:            -122.0434
Station altitude:             885.0 m
Regime:                       IMG
Component:                    
Unit:                         ug/m3
Matrix:                       
Laboratory code:              US03L
Instrument type:              filterpack
Instrument name:              filterpack_US9074
Method ref:                   US03L_IMPROVE_Davis
Blank correction:             Blank corrected
Volume std. temperature:      ambient
Volume std. pressure:         ambient
starttime endtime PM10 flag_PM10 PM2.5 flag_PM2.5
  3.333333   4.333333   5.023 0.000   3.836 0.000
  6.333333   7.333333   2.922 0.000   0.660 0.000
 10.333333  11.333333 999.999 0.259 999.999 0.259
 13.333333  14.333333   0.734 0.000 999.999 0.259
 17.333333  18.333333   0.872 0.000 999.999 0.259
 20.333333  21.333333   3.116 0.000   2.081 0.000
 24.333333  25.333333   2.844 0.000   1.584 0.000
 27.333333  28.333333   1.156 0.000 999.999 0.259
 31.333333  32.333333   0.739 0.000   0.432 0.000
 34.333333  35.333333   4.130 0.000   1.902 0.000
 38.333333  39.333333   3.548 0.000   2.229 0.000
 41.333333  42.333333   2.857 0.000   1.624 0.000
 45.333333  46.333333   1.116 0.000   0.719 0.000
 48.333333  49.333333   0.804 0.000   0.523 0.000
 52.333333  53.333333   2.596 0.000   0.890 0.000
 55.333333  56.333333   5.875 0.000   2.744 0.000
 59.333333  60.333333   8.175 0.000   3.799 0.000
 62.333333  63.333333   3.382 0.000   0.623 0.000
 66.333333  67.333333   1.425 0.000   0.903 0.000
 69.333333  70.333333   0.846 0.000 999.999 0.259
 73.333333  74.333333   1.004 0.000   0.440 0.000
 76.333333  77.333333   1.223 0.000   0.974 0.000
 80.333333  81.333333   0.786 0.000 999.999 0.999
 83.333333  84.333333   3.962 0.000   2.263 0.000
 87.333333  88.333333   8.377 0.000   4.048 0.000
 90.333333  91.333333   3.515 0.000   2.099 0.000
 94.333333  95.333333   1.398 0.000   0.992 0.000
 97.333333  98.333333 999.999 0.999 999.999 0.999
101.333333 102.333333   3.385 0.000   2.222 0.000
104.333333 105.333333   3.385 0.000   0.997 0.000
108.333333 109.333333 999.999 0.999 999.999 0.999
111.333333 112.333333 999.999 0.999 999.999 0.999
115.333333 116.333333  10.541 0.000   6.571 0.000
118.333333 119.333333   2.067 0.000   0.463 0.000
122.333333 123.333333   3.049 0.000   1.651 0.000
125.333333 126.333333   1.694 0.000   0.841 0.000
129.333333 130.333333   8.291 0.000   1.377 0.000
132.333333 133.333333   6.066 0.000   2.741 0.000
136.333333 137.333333   4.561 0.000   1.949 0.000
139.333333 140.333333  11.547 0.000   5.309 0.000
143.333333 144.333333  10.067 0.000   6.700 0.000
146.333333 147.333333  18.779 0.000   5.445 0.000
150.333333 151.333333  12.579 0.000   7.508 0.000
153.333333 154.333333  16.553 0.000   7.633 0.000
157.333333 158.333333   3.235 0.000   0.899 0.000
160.333333 161.333333   6.192 0.000   3.056 0.000
164.333333 165.333333   1.048 0.000   0.654 0.000
167.333333 168.333333   2.009 0.000   1.277 0.000
171.333333 172.333333   2.162 0.000   1.419 0.000
174.333333 175.333333   8.358 0.000   5.538 0.000
178.333333 179.333333  17.261 0.000  10.679 0.000
181.333333 182.333333  25.851 0.000  16.470 0.000
185.333333 186.333333   6.614 0.000   3.570 0.000
188.333333 189.333333   5.622 0.000   3.342 0.000
192.333333 193.333333   6.279 0.000   3.925 0.000
195.333333 196.333333   8.528 0.000   5.337 0.000
199.333333 200.333333   9.674 0.000   7.187 0.000
202.333333 203.333333   6.704 0.000   4.124 0.000
206.333333 207.333333   4.126 0.000   2.426 0.000
209.333333 210.333333  11.969 0.000   7.312 0.000
213.333333 214.333333   8.864 0.000   5.848 0.000
216.333333 217.333333  11.724 0.000   5.178 0.000
220.333333 221.333333   7.109 0.000   3.657 0.000
223.333333 224.333333   4.397 0.000   2.458 0.000
227.333333 228.333333   5.054 0.000   3.002 0.000
230.333333 231.333333   8.876 0.000   2.814 0.000
234.333333 235.333333   9.492 0.000   7.222 0.000
237.333333 238.333333   7.314 0.000   4.784 0.000
241.333333 242.333333   3.945 0.000   1.944 0.000
244.333333 245.333333  13.766 0.000   7.774 0.000
248.333333 249.333333   4.191 0.000   2.294 0.000
251.333333 252.333333   9.122 0.000   4.112 0.000
255.333333 256.333333   9.369 0.000   5.408 0.000
258.333333 259.333333  12.368 0.000   8.309 0.000
262.333333 263.333333  23.564 0.000   5.118 0.000
265.333333 266.333333  20.279 0.000   5.463 0.000
269.333333 270.333333   0.731 0.000   0.584 0.000
272.333333 273.333333   3.696 0.000   1.634 0.000
276.333333 277.333333   4.972 0.000   1.984 0.000
279.333333 280.333333   5.178 0.000   3.809 0.000
283.333333 284.333333   2.055 0.000   1.080 0.000
286.333333 287.333333   5.588 0.000   2.633 0.000
290.333333 291.333333   3.265 0.000   1.465 0.000
293.333333 294.333333   3.100 0.000   2.001 0.000
297.333333 298.333333   6.818 0.000   4.196 0.000
300.333333 301.333333   9.891 0.000   2.089 0.000
304.333333 305.333333   7.702 0.000   5.957 0.000
307.333333 308.333333   6.229 0.000   3.964 0.000
311.333333 312.333333   1.673 0.000   1.049 0.000
314.333333 315.333333   1.464 0.000   0.370 0.000
318.333333 319.333333   5.572 0.000   3.704 0.000
321.333333 322.333333   4.503 0.000   1.643 0.000
325.333333 326.333333   1.473 0.000   0.463 0.000
328.333333 329.333333   0.716 0.000 999.999 0.259
332.333333 333.333333   1.810 0.000   0.617 0.000
335.333333 336.333333   1.557 0.000   0.525 0.000
339.333333 340.333333   0.968 0.000 999.999 0.259
342.333333 343.333333   0.547 0.000 999.999 0.259
346.333333 347.333333   0.505 0.000   0.440 0.000
349.333333 350.333333   0.589 0.000 999.999 0.259
353.333333 354.333333   1.683 0.000   1.229 0.000
356.333333 357.333333   3.830 0.000   2.325 0.000
360.333333 361.333333 999.999 0.999 999.999 0.999
363.333333 364.333333 999.999 0.999 999.999 0.999
