scripts/IMPROVE-2019_partial/data/US9057R.20080101060000.20191216000000.filterpack...52w.3d.US03L_filterpack_US9057.US03L_IMPROVE_Davis.lev2.nas
52 1001
MISSING INFORMATION
US03L, IMPROVE, , , , , , , 
MISSING INFORMATION
IMPROVE sel_HTAP
1 1
2008 01 01 2019 12 16
3.00
days from file reference point
5
1 1 1 1 1
999.99 999.999 9.999 999.999 9.999
end_time of measurement, days from the file reference point
pm10_mass, ug/m3, Matrix=pm10
numflag pm10_mass, no unit, Matrix=pm10
pm25_mass, ug/m3, Matrix=pm25
numflag pm25_mass, no unit, Matrix=pm25
0
33
Data definition:              EBAS_1.1
Set type code:                TU
Timezone:                     UTC
File name:                    US9057R.20080101060000.20191216000000.filterpack...52w.3d.US03L_filterpack_US9057.US03L_IMPROVE_Davis.lev2.nas
File creation:                20191218120919
Startdate:                    20080101060000
Revision date:                20191216000000
Version:                      2
Version description:          "Data extracted from http://views.cira.colostate.edu/fed/DataWizard 2019-12-16"
Statistics:                   arithmetic mean
Data level:                   2
Period code:                  52w
Resolution code:              3d
Sample duration:              1d
Orig. time res.:              3d
Station code:                 US9057R
Platform code:                US9057S
Station name:                 Sac and Fox
Station latitude:             39.9791
Station longitude:            -95.5682
Station altitude:             293.0 m
Regime:                       IMG
Component:                    
Unit:                         ug/m3
Matrix:                       
Laboratory code:              US03L
Instrument type:              filterpack
Instrument name:              filterpack_US9057
Method ref:                   US03L_IMPROVE_Davis
Blank correction:             Blank corrected
Volume std. temperature:      ambient
Volume std. pressure:         ambient
starttime endtime PM10 flag_PM10 PM2.5 flag_PM2.5
  0.25   1.25 999.999 0.456   5.551 0.000
  3.25   4.25  20.846 0.000   8.981 0.000
  6.25   7.25  22.103 0.000  10.875 0.000
  9.25  10.25  14.573 0.000   7.193 0.000
 12.25  13.25  19.239 0.000  10.164 0.000
 15.25  16.25  26.225 0.000  10.683 0.000
 18.25  19.25  11.411 0.000   3.681 0.000
 21.25  22.25  16.598 0.000   6.125 0.000
 24.25  25.25  28.549 0.000  11.448 0.000
 27.25  28.25  19.666 0.000   5.498 0.000
 30.25  31.25 999.999 0.999 999.999 0.999
 33.25  34.25  40.245 0.000  21.697 0.000
 36.25  37.25  21.750 0.000  11.911 0.000
 39.25  40.25  14.035 0.000   4.997 0.000
 42.25  43.25  37.240 0.000  13.282 0.000
 45.25  46.25  19.114 0.000   7.598 0.000
 48.25  49.25  10.002 0.000   3.708 0.000
 51.25  52.25  25.308 0.000  11.983 0.000
 54.25  55.25  20.071 0.000   9.874 0.000
 57.25  58.25  15.826 0.000   7.722 0.000
 60.25  61.25  18.608 0.000   4.931 0.000
 63.25  64.25  15.120 0.000   6.311 0.000
 66.25  67.25  30.779 0.000   6.913 0.000
 69.25  70.25  22.340 0.000   9.161 0.000
 72.25  73.25  20.165 0.000   3.765 0.000
 75.25  76.25  18.638 0.000   9.683 0.000
 78.25  79.25  17.998 0.000   8.407 0.000
 81.25  82.25  20.669 0.000   9.822 0.000
 84.25  85.25  34.705 0.000   6.371 0.000
 87.25  88.25  25.040 0.000  11.857 0.000
 90.25  91.25  21.395 0.000  11.629 0.000
 93.25  94.25  19.074 0.000   9.474 0.000
 96.25  97.25  20.503 0.000   7.615 0.000
 99.25 100.25  19.682 0.000   9.473 0.000
102.25 103.25   3.981 0.000   2.656 0.000
105.25 106.25  23.499 0.000   9.149 0.000
108.25 109.25   3.865 0.000   2.663 0.000
111.25 112.25  28.107 0.000  12.158 0.000
114.25 115.25   5.858 0.000   7.005 0.000
117.25 118.25  12.361 0.000   4.105 0.000
120.25 121.25  24.498 0.000   8.432 0.000
123.25 124.25  13.135 0.000   4.536 0.000
126.25 127.25  21.488 0.000   9.702 0.000
129.25 130.25   9.324 0.000   6.201 0.000
132.25 133.25  11.815 0.000   4.530 0.000
135.25 136.25  23.468 0.000   6.314 0.000
138.25 139.25  44.973 0.000   7.806 0.000
141.25 142.25  30.540 0.000   6.134 0.000
144.25 145.25  10.347 0.000   6.473 0.000
147.25 148.25  11.104 0.000   5.589 0.000
150.25 151.25  15.583 0.000   9.187 0.000
153.25 154.25  14.134 0.000   7.096 0.000
156.25 157.25  16.108 0.000   5.511 0.000
159.25 160.25  13.417 0.000   6.199 0.000
162.25 163.25  15.117 0.000   7.845 0.000
165.25 166.25  12.828 0.000   4.632 0.000
168.25 169.25  14.016 0.000   5.058 0.000
171.25 172.25  11.814 0.000   3.766 0.000
174.25 175.25  12.929 0.000   4.949 0.000
177.25 178.25  20.492 0.000   8.805 0.000
180.25 181.25  12.982 0.000   4.744 0.000
183.25 184.25  32.099 0.000  16.231 0.000
186.25 187.25  23.847 0.000  16.324 0.000
189.25 190.25   6.380 0.000   3.121 0.000
192.25 193.25  15.539 0.000   6.885 0.000
195.25 196.25  16.995 0.000   6.737 0.000
198.25 199.25 999.999 0.999 999.999 0.999
201.25 202.25  20.444 0.000  10.779 0.000
204.25 205.25 999.999 0.999 999.999 0.999
207.25 208.25  11.236 0.000   7.830 0.000
210.25 211.25  11.448 0.000   5.460 0.000
213.25 214.25  15.044 0.000   9.040 0.000
216.25 217.25  19.724 0.000   8.820 0.000
219.25 220.25  18.738 0.000   5.610 0.000
222.25 223.25  14.203 0.000   7.417 0.000
225.25 226.25  10.386 0.000   4.634 0.000
228.25 229.25  15.030 0.000   7.650 0.000
231.25 232.25  24.541 0.000  13.733 0.000
234.25 235.25  18.013 0.000   9.072 0.000
237.25 238.25   9.791 0.000   3.642 0.000
240.25 241.25  27.427 0.000  14.314 0.000
243.25 244.25  21.492 0.000  14.183 0.000
246.25 247.25   9.401 0.000   2.101 0.000
249.25 250.25   7.745 0.000   4.807 0.000
252.25 253.25   4.472 0.000   1.448 0.000
255.25 256.25   6.400 0.000 999.999 0.999
258.25 259.25   8.218 0.000   3.701 0.000
261.25 262.25  14.561 0.000   6.933 0.000
264.25 265.25  20.915 0.000  14.901 0.000
267.25 268.25  14.632 0.000   9.597 0.000
270.25 271.25  32.609 0.000  16.819 0.000
273.25 274.25  15.194 0.000   3.478 0.000
276.25 277.25  26.080 0.000   6.078 0.000
279.25 280.25  19.634 0.000  13.364 0.000
282.25 283.25  15.955 0.000   4.462 0.000
285.25 286.25  15.493 0.000   8.860 0.000
288.25 289.25   5.186 0.000   2.072 0.000
291.25 292.25   7.606 0.000   4.948 0.000
294.25 295.25  12.562 0.000   5.167 0.000
297.25 298.25   3.664 0.000   2.390 0.000
300.25 301.25   9.091 0.000   1.998 0.000
303.25 304.25  26.270 0.000   8.275 0.000
306.25 307.25  22.564 0.000  12.457 0.000
309.25 310.25  14.673 0.000   8.549 0.000
312.25 313.25   6.048 0.000   2.333 0.000
315.25 316.25   9.541 0.000   8.044 0.000
318.25 319.25   3.521 0.000 999.999 0.999
321.25 322.25   7.629 0.000 999.999 0.999
324.25 325.25  13.143 0.000   4.942 0.000
327.25 328.25  23.240 0.000  13.007 0.000
330.25 331.25  37.816 0.000  13.124 0.000
333.25 334.25   7.407 0.000   6.216 0.000
336.25 337.25   9.677 0.000   4.010 0.000
339.25 340.25  10.566 0.000   3.805 0.000
342.25 343.25  19.526 0.000  11.498 0.000
345.25 346.25  12.190 0.000   6.014 0.000
348.25 349.25  15.161 0.000   7.424 0.000
351.25 352.25  18.314 0.000  12.905 0.000
354.25 355.25  19.158 0.000  15.364 0.000
357.25 358.25  15.144 0.000   9.833 0.000
360.25 361.25  13.208 0.000  10.021 0.000
363.25 364.25   4.361 0.000   1.770 0.000
