scripts/IMPROVE-2019_partial/data/US9081R.19940101070000.20191216000000.filterpack...1y.3d.US03L_filterpack_US9081_YELL1.US03L_IMPROVE_Davis.lev2.nas
51 1001
MISSING INFORMATION
US03L, IMPROVE, , , , , , , 
MISSING INFORMATION
IMPROVE sel_HTAP
1 1
1994 01 01 2019 12 16
0
days from file reference point
4
1 1 1 1
999.999999 999.999 999.999 9.999
end_time of measurement, days from the file reference point
pm10_mass, ug/m3, Matrix=pm10
pm25_mass, ug/m3, Matrix=pm25
numflag, no unit
0
33
Data definition:              EBAS_1.1
Set type code:                TI
Timezone:                     UTC
File name:                    US9081R.19940101070000.20191216000000.filterpack...1y.3d.US03L_filterpack_US9081_YELL1.US03L_IMPROVE_Davis.lev2.nas
File creation:                20191218121106
Startdate:                    19940101070000
Revision date:                20191216000000
Version:                      2
Version description:          "Data extracted from http://views.cira.colostate.edu/fed/DataWizard 2019-12-16"
Statistics:                   arithmetic mean
Data level:                   2
Period code:                  1y
Resolution code:              3d
Sample duration:              1d
Orig. time res.:              3d
Station code:                 US9081R
Platform code:                US9081S
Station name:                 Yellowstone NP 1
Station latitude:             44.5654
Station longitude:            -110.4003
Station altitude:             2442.0 m
Regime:                       IMG
Component:                    
Unit:                         ug/m3
Matrix:                       
Laboratory code:              US03L
Instrument type:              filterpack
Instrument name:              filterpack_US9081_YELL1
Method ref:                   US03L_IMPROVE_Davis
Blank correction:             Blank corrected
Volume std. temperature:      ambient
Volume std. pressure:         ambient
starttime endtime PM10 PM2.5 flag
  0.291667   1.291667   1.418   0.755 0.000
  4.291667   5.291667   2.509   0.592 0.000
  7.291667   8.291667   2.481   1.184 0.000
 11.291667  12.291667   0.982   0.867 0.000
 14.291667  15.291667   3.597   1.994 0.000
 18.291667  19.291667   2.982   1.481 0.000
 21.291667  22.291667 999.999   1.420 0.000
 25.291667  26.291667   4.693   3.452 0.000
 28.291667  29.291667   2.852   0.994 0.000
 32.291667  33.291667   5.511   2.421 0.000
 35.291667  36.291667   7.396   2.381 0.000
 39.291667  40.291667   3.260   1.562 0.000
 42.291667  43.291667   2.115   1.438 0.000
 46.291667  47.291667   1.870   1.609 0.000
 49.291667  50.291667   1.429   1.041 0.000
 53.291667  54.291667   3.902   1.455 0.000
 56.291667  57.291667   0.749   0.708 0.000
 60.291667  61.291667   6.701   3.889 0.000
 63.291667  64.291667   2.751   1.698 0.000
 67.291667  68.291667   5.843   2.340 0.000
 70.291667  71.291667   2.889   1.774 0.000
 74.291667  75.291667   5.376   2.539 0.000
 77.291667  78.291667   7.333   3.166 0.000
 81.291667  82.291667   5.099   1.956 0.000
 84.291667  85.291667   4.449   2.006 0.000
 88.291667  89.291667   2.426   1.651 0.000
 91.291667  92.291667   5.478   4.348 0.000
 95.291667  96.291667 999.999 999.999 0.999
 98.291667  99.291667   2.500   1.524 0.000
102.291667 103.291667   9.706   3.112 0.000
105.291667 106.291667  10.036   5.305 0.000
109.291667 110.291667  10.369   5.268 0.000
112.291667 113.291667  14.607   5.841 0.000
116.291667 117.291667   3.230   2.699 0.000
119.291667 120.291667   8.074   3.832 0.000
123.291667 124.291667   7.077   4.127 0.000
126.291667 127.291667   5.830   3.831 0.000
130.291667 131.291667   8.626 999.999 0.000
133.291667 134.291667  11.942   5.666 0.000
137.291667 138.291667   9.744   4.190 0.000
140.291667 141.291667   6.203   1.774 0.000
144.291667 145.291667  11.259 999.999 0.000
147.291667 148.291667 999.999 999.999 0.999
151.291667 152.291667   3.726   3.446 0.000
154.291667 155.291667  10.492   4.055 0.000
158.291667 159.291667   7.076   1.854 0.000
161.291667 162.291667   8.448   2.823 0.000
165.291667 166.291667 999.999 999.999 0.999
168.291667 169.291667  14.545   4.505 0.000
172.291667 173.291667 999.999 999.999 0.999
175.291667 176.291667  15.936   3.988 0.000
179.291667 180.291667  19.899   7.892 0.000
182.291667 183.291667  44.138  10.213 0.000
186.291667 187.291667   8.081   4.006 0.000
189.291667 190.291667  10.401   4.825 0.000
193.291667 194.291667   9.416   4.435 0.000
196.291667 197.291667  13.309   4.172 0.000
200.291667 201.291667   8.500   3.711 0.000
203.291667 204.291667  16.228   6.418 0.000
207.291667 208.291667  12.292   6.040 0.000
210.291667 211.291667  13.980   6.416 0.000
214.291667 215.291667   8.339   4.985 0.000
217.291667 218.291667  14.966   5.668 0.000
221.291667 222.291667  14.058   8.323 0.000
224.291667 225.291667  10.000   4.820 0.000
228.291667 229.291667  29.323  14.353 0.000
231.291667 232.291667 999.999 999.999 0.999
235.291667 236.291667  28.446  11.567 0.000
238.291667 239.291667  20.591  13.365 0.000
242.291667 243.291667  15.720  10.781 0.000
245.291667 246.291667  22.576   6.273 0.000
249.291667 250.291667  20.305   9.651 0.000
252.291667 253.291667  28.015  11.282 0.000
256.291667 257.291667   9.174   5.125 0.000
259.291667 260.291667   8.160   3.602 0.000
263.291667 264.291667   6.349   2.415 0.000
266.291667 267.291667  10.000   3.656 0.000
270.291667 271.291667 999.999 999.999 0.999
273.291667 274.291667   9.547   6.581 0.000
277.291667 278.291667   3.556   2.075 0.000
280.291667 281.291667   6.708   4.182 0.000
284.291667 285.291667   4.333   2.628 0.000
287.291667 288.291667   1.215   0.645 0.000
291.291667 292.291667   5.739   2.771 0.000
294.291667 295.291667   5.796   1.108 0.000
298.291667 299.291667  29.234   4.000 0.000
301.291667 302.291667   2.727   1.065 0.000
305.291667 306.291667   2.120   1.074 0.000
308.291667 309.291667   4.844   1.447 0.000
312.291667 313.291667   1.667   1.242 0.000
315.291667 316.291667   3.276   1.503 0.000
319.291667 320.291667   4.253   1.914 0.000
322.291667 323.291667   2.166   1.667 0.000
326.291667 327.291667   3.136   2.450 0.000
329.291667 330.291667   3.318   0.629 0.000
333.291667 334.291667   4.000   1.503 0.000
336.291667 337.291667   4.727   0.983 0.000
340.291667 341.291667 999.999   1.270 0.000
343.291667 344.291667   3.084   1.173 0.000
347.291667 348.291667   3.008   1.258 0.000
350.291667 351.291667   1.128   0.673 0.000
354.291667 355.291667   2.568 999.999 0.000
357.291667 358.291667   3.541   1.975 0.000
361.291667 362.291667   3.460   0.691 0.000
364.291667 365.291667   2.713   1.579 0.000
