scripts/IMPROVE-2019_partial/data/US9020R.20020102080000.20191216000000.filterpack..pm25.52w.1w.US03L_filterpack_US9020.US03L_IMPROVE_Davis.lev2.nas
66 1001
MISSING INFORMATION
US03L, IMPROVE, , , , , , , 
MISSING INFORMATION
IMPROVE sel_HTAP
1 1
2002 01 01 2019 12 16
3.000000
days from file reference point
27
1 1 1 1 1 1 1 1 1 1 1 1 1 1 1 1 1 1 1 1 1 1 1 1 1 1 1
999.999999 999.99 9.999 99.99 9.999 9.999 9.999999 9.99 9.999999 9.999 9.999999 99.999 9.999 99.999 9.999 999.99 9.999999 999.999 9.999 999.999 9.999 99.999 9.999 9.999 9.999 9.999 9.999999
end_time of measurement, days from the file reference point
iron, ng/m3, Revision date=20181210133000
numflag iron, no unit, Revision date=20181210133000
lead, ng/m3, Revision date=20181210133000
numflag lead, no unit, Revision date=20181210133000
magnesium, ug/m3, Revision date=20181210133000
numflag magnesium, no unit, Revision date=20181210133000
nickel, ng/m3, Revision date=20181210133000
numflag nickel, no unit, Revision date=20181210133000
nitrate, ug N/m3, Revision date=20181210133000
numflag nitrate, no unit, Revision date=20181210133000
organic_carbon, ug C/m3, Revision date=20181210133000
numflag organic_carbon, no unit, Revision date=20181210133000
organic_mass, ug/m3, Revision date=20181210133000
numflag organic_mass, no unit, Revision date=20181210133000
phosphorus, ng/m3, Revision date=20181210133000
numflag phosphorus, no unit, Revision date=20181210133000
pm10_mass, ug/m3, Version=2, Version description=Data extracted from http://views.cira.colostate.edu/fed/DataWizard 2019-12-16, Sample duration=1d, Orig. time res.=3d, Matrix=pm10, Blank correction=Blank corrected, Volume std. temperature=ambient, Volume std. pressure=ambient
numflag pm10_mass, no unit, Version=2, Version description=Data extracted from http://views.cira.colostate.edu/fed/DataWizard 2019-12-16, Sample duration=1d, Orig. time res.=3d, Matrix=pm10, Blank correction=Blank corrected, Volume std. temperature=ambient, Volume std. pressure=ambient
pm10_pm25_mass, ug/m3, Revision date=20181210133000, Matrix=pm10_pm25
numflag pm10_pm25_mass, no unit, Revision date=20181210133000, Matrix=pm10_pm25
pm25_mass, ug/m3, Version=2, Version description=Data extracted from http://views.cira.colostate.edu/fed/DataWizard 2019-12-16, Sample duration=1d, Orig. time res.=3d, Blank correction=Blank corrected, Volume std. temperature=ambient, Volume std. pressure=ambient
numflag pm25_mass, no unit, Version=2, Version description=Data extracted from http://views.cira.colostate.edu/fed/DataWizard 2019-12-16, Sample duration=1d, Orig. time res.=3d, Blank correction=Blank corrected, Volume std. temperature=ambient, Volume std. pressure=ambient
potassium, ug/m3, Revision date=20181210133000
numflag potassium, no unit, Revision date=20181210133000
sulphate_total, ug S/m3, Revision date=20181210133000
numflag sulphate_total, no unit, Revision date=20181210133000
0
25
Data definition:              EBAS_1.1
Set type code:                TU
Timezone:                     UTC
File name:                    US9020R.20020102080000.20191216000000.filterpack..pm25.52w.1w.US03L_filterpack_US9020.US03L_IMPROVE_Davis.lev2.nas
File creation:                20191218120626
Startdate:                    20020102080000
Revision date:                20191216000000
Statistics:                   arithmetic mean
Data level:                   2
Period code:                  52w
Resolution code:              1w
Station code:                 US9020R
Platform code:                US9020S
Station name:                 Mount Hood
Station latitude:             45.2888
Station longitude:            -121.7837
Station altitude:             1531.0 m
Regime:                       IMG
Component:                    
Matrix:                       pm25
Laboratory code:              US03L
Instrument type:              filterpack
Instrument name:              filterpack_US9020
Method ref:                   US03L_IMPROVE_Davis
starttime endtime Fe flag_Fe Pb flag_Pb Mg++ flag_Mg++ Ni flag_Ni NO3- flag_NO3- OC flag_OC OM flag_OM P flag_P PM10 flag_PM10 PM10-PM2.5 flag_PM10-PM2.5 PM2.5 flag_PM2.5 K+ flag_K+ SO4-- flag_SO4--
  1.333333   2.333333   1.78 0.000 99.99 0.259 9.999 0.259000 0.35 0.000000 9.999 0.259000  0.059 0.000  0.083 0.000 999.99 0.259000   1.088 0.000   0.290 0.000  0.798 0.000 0.006 0.000 0.022 0.000000
  4.333333   5.333333  10.57 0.000  0.29 0.000 9.999 0.259000 9.99 0.259000 9.999 0.259000  0.488 0.000  0.683 0.000 999.99 0.259000   1.579 0.000   0.342 0.000  1.238 0.000 0.006 0.000 0.026 0.000000
  7.333333   8.333333   1.68 0.000  0.32 0.000 0.060 0.000000 9.99 0.259000 9.999 0.559259  0.035 0.000  0.049 0.000 999.99 0.259000   0.509 0.000 999.999 0.259  0.597 0.000 0.004 0.000 0.010 0.559000
 10.333333  11.333333   7.80 0.394  0.45 0.394 9.999 0.394259 9.99 0.394259 9.999 0.394259  0.752 0.000  1.052 0.000 999.99 0.394259   2.596 0.000   1.080 0.000  1.516 0.000 0.012 0.394 0.026 0.394000
 13.333333  14.333333   1.29 0.000  0.83 0.000 9.999 0.259000 9.99 0.259000 0.036 0.000000  0.308 0.000  0.431 0.000 999.99 0.259000   1.422 0.000   0.028 0.000  1.395 0.000 0.009 0.000 0.106 0.000000
 16.333333  17.333333   0.95 0.000  0.29 0.000 9.999 0.259000 9.99 0.259000 0.020 0.559000  0.143 0.000  0.200 0.000 999.99 0.259000   0.635 0.000   0.099 0.000  0.536 0.000 9.999 0.259 0.041 0.559000
 19.333333  20.333333   2.77 0.000 99.99 0.259 9.999 0.259000 0.13 0.000000 9.999 0.259000 99.999 0.259 99.999 0.259 999.99 0.259000   0.753 0.000   0.664 0.000  0.089 0.000 0.003 0.000 0.004 0.000000
 22.333333  23.333333   2.44 0.000  0.22 0.000 9.999 0.259000 9.99 0.259000 0.000 0.559000 99.999 0.259 99.999 0.259 999.99 0.259000   0.418 0.000   0.263 0.000  0.156 0.000 9.999 0.259 0.004 0.559000
 25.333333  26.333333   0.38 0.000  0.27 0.000 9.999 0.259000 9.99 0.259000 9.999 0.259000  0.023 0.000  0.032 0.000 999.99 0.259000   0.502 0.000   0.050 0.000  0.452 0.000 0.003 0.000 0.006 0.000000
 28.333333  29.333333   0.77 0.000  0.20 0.000 9.999 0.259000 0.08 0.000000 0.023 0.000000  0.068 0.000  0.095 0.000 999.99 0.259000   0.711 0.000   0.004 0.000  0.707 0.000 0.004 0.000 0.052 0.000000
 31.333333  32.333333   0.33 0.000 99.99 0.259 9.999 0.259000 9.99 0.259000 0.004 0.000000  0.029 0.000  0.040 0.000 999.99 0.259000   0.293 0.000   0.013 0.000  0.280 0.000 9.999 0.259 0.017 0.000000
 34.333333  35.333333   4.42 0.000  0.46 0.000 9.999 0.259000 9.99 0.259000 0.019 0.000000  0.295 0.000  0.413 0.000 999.99 0.259000   1.539 0.000   0.407 0.000  1.131 0.000 0.007 0.000 0.074 0.000000
 37.333333  38.333333   0.73 0.000 99.99 0.259 9.999 0.259000 9.99 0.259000 9.999 0.259000 99.999 0.259 99.999 0.259 999.99 0.259000   0.460 0.000   0.149 0.000  0.311 0.000 9.999 0.259 0.010 0.000000
 40.333333  41.333333  10.55 0.000 99.99 0.259 9.999 0.259000 9.99 0.259000 0.011 0.000000  0.174 0.000  0.244 0.000 999.99 0.259000   1.631 0.000   0.735 0.000  0.896 0.000 0.008 0.000 0.038 0.000000
 43.333333  44.333333   8.47 0.000  0.61 0.000 9.999 0.259000 9.99 0.259000 0.031 0.559000  0.310 0.000  0.434 0.000 999.99 0.259000   2.468 0.000   0.879 0.000  1.589 0.000 0.012 0.000 0.111 0.559000
 46.333333  47.333333  14.74 0.000  0.86 0.000 9.999 0.259000 9.99 0.259000 0.180 0.559000  0.912 0.000  1.277 0.000 999.99 0.259000   4.183 0.000   1.258 0.000  2.925 0.000 0.025 0.000 0.152 0.559000
 49.333333  50.333333   7.06 0.000 99.99 0.259 9.999 0.259000 9.99 0.259000 0.010 0.559000  0.002 0.000  0.002 0.000 999.99 0.259000   0.592 0.000   0.144 0.000  0.448 0.000 0.004 0.000 0.023 0.559000
 52.333333  53.333333   5.95 0.000  0.38 0.000 9.999 0.259000 9.99 0.259000 0.008 0.559000  0.094 0.000  0.131 0.000 999.99 0.259000   0.956 0.000   0.250 0.000  0.706 0.000 0.008 0.000 0.029 0.559000
 55.333333  56.333333  11.40 0.000  0.64 0.000 9.999 0.259000 9.99 0.259000 0.080 0.559000  0.255 0.000  0.357 0.000 999.99 0.259000   2.635 0.000   0.702 0.000  1.934 0.000 0.014 0.000 0.191 0.559000
 58.333333  59.333333   8.63 0.000  0.52 0.000 9.999 0.259000 0.11 0.000000 0.056 0.559000  0.356 0.000  0.499 0.000 999.99 0.259000   2.385 0.000   0.354 0.000  2.030 0.000 0.012 0.000 0.176 0.559000
 61.333333  62.333333  12.58 0.000  0.75 0.000 9.999 0.259000 9.99 0.259000 0.016 0.559000  0.358 0.000  0.501 0.000 999.99 0.259000   3.765 0.000   1.362 0.000  2.403 0.000 0.019 0.000 0.101 0.559000
 64.333333  65.333333   0.60 0.000  0.23 0.000 9.999 0.259000 9.99 0.259000 0.002 0.000000  0.092 0.000  0.128 0.000 999.99 0.259000   0.339 0.000   0.159 0.000  0.180 0.000 9.999 0.259 0.013 0.000000
 67.333333  68.333333  11.45 0.000  0.51 0.000 9.999 0.259000 0.19 0.000000 0.015 0.559000  0.268 0.000  0.375 0.000 999.99 0.259000   1.440 0.000   0.431 0.000  1.009 0.000 0.016 0.000 0.071 0.559000
 70.333333  71.333333   2.70 0.000  0.29 0.000 9.999 0.259000 9.99 0.259000 0.009 0.559000 99.999 0.259 99.999 0.259 999.99 0.259000   2.325 0.000   0.406 0.000  1.919 0.000 0.012 0.000 0.074 0.559000
 73.333333  74.333333  13.88 0.000  0.57 0.000 9.999 0.259000 9.99 0.259000 0.014 0.000000  0.090 0.000  0.126 0.000 999.99 0.259000   2.287 0.000   0.921 0.000  1.365 0.000 0.012 0.000 0.113 0.000000
 76.333333  77.333333  14.43 0.000  0.60 0.000 9.999 0.259000 9.99 0.259000 0.021 0.000000  0.126 0.000  0.177 0.000 999.99 0.259000   1.143 0.000   0.231 0.000  0.912 0.000 0.010 0.000 0.112 0.000000
 79.333333  80.333333  23.44 0.000  0.67 0.000 9.999 0.259000 9.99 0.259000 0.079 0.000000  0.413 0.000  0.578 0.000 999.99 0.259000   4.150 0.000   0.958 0.000  3.192 0.000 0.017 0.000 0.355 0.000000
 82.333333  83.333333   1.13 0.000  0.42 0.000 9.999 0.259000 9.99 0.259000 0.009 0.000000  0.015 0.000  0.021 0.000 999.99 0.259000 999.999 0.259 999.999 0.259  0.118 0.000 9.999 0.259 0.005 0.000000
 85.333333  86.333333  68.47 0.000  1.08 0.000 9.999 0.259000 9.99 0.259000 0.061 0.559000  0.267 0.000  0.374 0.000 999.99 0.259000   4.016 0.000   1.091 0.000  2.925 0.000 0.043 0.000 0.117 0.559000
 88.333333  89.333333  49.17 0.000  1.41 0.000 9.999 0.259000 9.99 0.259000 0.034 0.559000  0.341 0.000  0.478 0.000 999.99 0.259000   5.187 0.000   2.421 0.000  2.766 0.000 0.036 0.000 0.186 0.559000
 91.333333  92.333333  45.93 0.000  0.62 0.000 9.999 0.259000 0.20 0.000000 0.026 0.559000  0.322 0.000  0.451 0.000 999.99 0.259000   7.060 0.000   4.661 0.000  2.398 0.000 0.029 0.000 0.185 0.559000
 94.333333  95.333333  32.28 0.000  0.74 0.000 9.999 0.259000 0.28 0.000000 0.036 0.559000  0.622 0.000  0.871 0.000 999.99 0.259000   4.408 0.000   1.583 0.000  2.825 0.000 0.021 0.000 0.108 0.559000
 97.333333  98.333333  45.79 0.000  0.98 0.000 9.999 0.259000 0.13 0.000000 0.020 0.559000  0.226 0.000  0.316 0.000 999.99 0.259000   3.389 0.000   1.191 0.000  2.198 0.000 0.029 0.000 0.138 0.559000
100.333333 101.333333   4.65 0.000  0.37 0.000 9.999 0.259000 9.99 0.259000 0.004 0.559000 99.999 0.259 99.999 0.259 999.99 0.259000   0.502 0.000 999.999 0.259  0.530 0.000 0.005 0.000 0.016 0.559000
103.333333 104.333333   4.99 0.000 99.99 0.259 9.999 0.259000 9.99 0.259000 0.020 0.559000  0.081 0.000  0.113 0.000 999.99 0.259000   3.514 0.000   1.357 0.000  2.157 0.000 0.014 0.000 0.090 0.559000
106.333333 107.333333   2.01 0.000  0.37 0.000 9.999 0.259000 9.99 0.259000 0.017 0.000000  0.049 0.000  0.068 0.000 999.99 0.259000   0.463 0.000   0.018 0.000  0.445 0.000 9.999 0.259 0.029 0.000000
109.333333 110.333333  62.07 0.000  3.44 0.000 9.999 0.259000 0.30 0.000000 0.096 0.000000  0.764 0.000  1.070 0.000 999.99 0.259000   5.632 0.000   1.642 0.000  3.989 0.000 0.043 0.000 0.254 0.000000
112.333333 113.333333  24.75 0.000  0.60 0.000 0.041 0.000000 9.99 0.259000 0.099 0.559000  0.302 0.000  0.423 0.000 999.99 0.259000   5.157 0.000   2.238 0.000  2.919 0.000 0.028 0.000 0.156 0.559000
115.333333 116.333333  13.91 0.000  0.94 0.000 9.999 0.259000 0.19 0.000000 0.019 0.000000  0.292 0.000  0.409 0.000 999.99 0.259000   1.990 0.000   0.417 0.000  1.573 0.000 0.016 0.000 0.146 0.000000
118.333333 119.333333  39.03 0.000  0.97 0.000 9.999 0.259000 9.99 0.259000 0.019 0.559000  0.492 0.000  0.689 0.000 999.99 0.259000   4.309 0.000   1.818 0.000  2.491 0.000 0.029 0.000 0.147 0.559000
121.333333 122.333333   7.45 0.000  0.74 0.000 9.999 0.259000 9.99 0.259000 0.045 0.000000  0.248 0.000  0.347 0.000 999.99 0.259000   1.431 0.000 999.999 0.259  1.471 0.000 0.010 0.000 0.113 0.000000
124.333333 125.333333   4.39 0.000  0.28 0.000 9.999 0.259000 9.99 0.259000 0.010 0.000000  0.094 0.000  0.132 0.000 999.99 0.259000   0.544 0.000   0.073 0.000  0.471 0.000 0.005 0.000 0.031 0.000000
127.333333 128.333333  12.11 0.000  0.80 0.000 9.999 0.259000 0.20 0.000000 0.082 0.559000  0.413 0.000  0.578 0.000 999.99 0.259000   3.472 0.000   1.275 0.000  2.198 0.000 0.012 0.000 0.191 0.559000
130.333333 131.333333  22.74 0.000  1.56 0.000 9.999 0.259000 0.44 0.000000 0.098 0.559000  1.046 0.000  1.465 0.000 999.99 0.259000   6.321 0.000   1.515 0.000  4.805 0.000 0.027 0.000 0.448 0.559000
133.333333 134.333333  13.11 0.000  0.51 0.000 9.999 0.259000 0.28 0.000000 0.043 0.559000  0.255 0.000  0.357 0.000 999.99 0.259000   2.410 0.000   0.959 0.000  1.451 0.000 0.012 0.000 0.092 0.559000
136.333333 137.333333  10.54 0.000  0.76 0.000 9.999 0.259000 9.99 0.259000 0.021 0.559000  0.484 0.000  0.678 0.000 999.99 0.259000   2.495 0.000   0.485 0.000  2.010 0.000 0.016 0.000 0.112 0.559000
139.333333 140.333333   2.84 0.000  0.31 0.000 9.999 0.259000 9.99 0.259000 0.015 0.559000  0.103 0.000  0.144 0.000 999.99 0.259000   0.669 0.000   0.078 0.000  0.591 0.000 9.999 0.259 0.024 0.559000
142.333333 143.333333  11.48 0.000  0.91 0.000 9.999 0.259000 0.28 0.000000 0.074 0.559000  0.536 0.000  0.750 0.000 999.99 0.259000   3.077 0.000   0.635 0.000  2.442 0.000 0.012 0.000 0.180 0.559000
145.333333 146.333333  16.40 0.000  1.82 0.000 9.999 0.259000 9.99 0.259000 0.121 0.559000  1.425 0.000  1.995 0.000 999.99 0.259000   6.653 0.000   2.431 0.000  4.223 0.000 0.025 0.000 0.216 0.559000
148.333333 149.333333   3.03 0.394  0.28 0.394 9.999 0.394259 9.99 0.394259 0.024 0.559394  0.126 0.000  0.177 0.000 999.99 0.394259   0.509 0.000   0.056 0.000  0.453 0.000 0.007 0.394 0.045 0.559394
151.333333 152.333333  22.07 0.000  1.38 0.000 9.999 0.259000 0.29 0.000000 0.188 0.559000  0.957 0.000  1.340 0.000 999.99 0.259000   6.648 0.000   1.831 0.000  4.817 0.000 0.034 0.000 0.349 0.559000
154.333333 155.333333  13.20 0.000  0.84 0.000 9.999 0.259000 0.19 0.000000 0.045 0.000000  0.332 0.000  0.464 0.000 999.99 0.259000   2.521 0.000   0.916 0.000  1.606 0.000 0.012 0.000 0.089 0.000000
157.333333 158.333333   4.75 0.000  0.42 0.000 9.999 0.259000 9.99 0.259000 0.035 0.559000  0.037 0.000  0.052 0.000   2.65 0.000000   1.397 0.000   0.245 0.000  1.153 0.000 0.007 0.000 0.110 0.559000
160.333333 161.333333   9.18 0.000  0.77 0.000 9.999 0.259000 9.99 0.259000 0.071 0.559000  0.687 0.000  0.962 0.000 999.99 0.259000   4.107 0.000   0.943 0.000  3.165 0.000 0.020 0.000 0.210 0.559000
163.333333 164.333333  44.48 0.000  0.61 0.000 9.999 0.259000 9.99 0.259000 0.029 0.559000  1.962 0.000  2.746 0.000 999.99 0.259000  10.040 0.000   3.975 0.000  6.065 0.000 0.033 0.000 0.265 0.559000
166.333333 167.333333  14.55 0.000  1.13 0.000 9.999 0.259000 9.99 0.259000 0.100 0.559000  0.847 0.000  1.185 0.000 999.99 0.259000   3.974 0.000   1.137 0.000  2.837 0.000 0.020 0.000 0.268 0.559000
169.333333 170.333333   5.20 0.000  0.47 0.000 9.999 0.259000 9.99 0.259000 0.023 0.559000  0.273 0.000  0.382 0.000 999.99 0.259000   2.178 0.000   0.561 0.000  1.616 0.000 0.010 0.000 0.134 0.559000
172.333333 173.333333  21.41 0.000  1.24 0.000 9.999 0.259000 0.29 0.000000 0.090 0.559000  1.736 0.000  2.431 0.000 999.99 0.259000   7.273 0.000   2.043 0.000  5.230 0.000 0.033 0.000 0.293 0.559000
175.333333 176.333333  25.27 0.000  0.89 0.000 9.999 0.259000 9.99 0.259000 0.023 0.559000  1.047 0.000  1.466 0.000 999.99 0.259000   5.371 0.000   2.082 0.000  3.289 0.000 0.020 0.000 0.184 0.559000
178.333333 179.333333   3.83 0.000  0.31 0.000 9.999 0.259000 9.99 0.259000 0.008 0.559000  0.127 0.000  0.177 0.000 999.99 0.259000   0.945 0.000   0.354 0.000  0.591 0.000 0.005 0.000 0.044 0.559000
181.333333 182.333333   4.33 0.000  0.55 0.000 9.999 0.259000 9.99 0.259000 0.015 0.559000  0.218 0.000  0.304 0.000 999.99 0.259000   1.890 0.000   0.472 0.000  1.418 0.000 0.011 0.000 0.121 0.559000
184.333333 185.333333   5.29 0.000  0.54 0.000 0.097 0.000000 9.99 0.259000 0.047 0.559000  0.212 0.000  0.296 0.000 999.99 0.259000   2.219 0.000   0.475 0.000  1.743 0.000 0.017 0.000 0.130 0.559000
187.333333 188.333333  21.23 0.000  2.23 0.000 9.999 0.259000 9.99 0.259000 0.061 0.559000  1.216 0.000  1.702 0.000 999.99 0.259000   6.739 0.000   2.526 0.000  4.213 0.000 0.087 0.000 0.214 0.559000
190.333333 191.333333  54.70 0.000  1.23 0.000 9.999 0.259000 0.19 0.000000 0.037 0.559000  2.155 0.000  3.016 0.000 999.99 0.259000  10.374 0.000   4.983 0.000  5.391 0.000 0.025 0.000 0.140 0.559000
193.333333 194.333333  45.83 0.000  0.84 0.000 9.999 0.259000 0.41 0.000000 0.109 0.000000  1.597 0.000  2.235 0.000 999.99 0.259000   8.257 0.000   2.672 0.000  5.585 0.000 0.028 0.000 0.300 0.000000
196.333333 197.333333  25.38 0.000  0.70 0.000 9.999 0.259000 0.20 0.000000 0.078 0.000000  0.767 0.000  1.075 0.000 999.99 0.259000   5.421 0.000   2.430 0.000  2.991 0.000 0.017 0.000 0.158 0.000000
199.333333 200.333333  15.24 0.000  1.01 0.000 9.999 0.259000 9.99 0.259000 0.057 0.000000  0.257 0.000  0.360 0.000 999.99 0.259000   1.852 0.000   0.256 0.000  1.596 0.000 0.015 0.000 0.158 0.000000
202.333333 203.333333  94.47 0.000  1.21 0.000 9.999 0.259000 0.18 0.000000 0.055 0.000000  4.125 0.000  5.775 0.000 999.99 0.259000  19.470 0.000   9.855 0.000  9.615 0.000 0.069 0.000 0.214 0.000000
205.333333 206.333333  63.64 0.000  0.93 0.000 9.999 0.259000 0.58 0.000000 0.225 0.000000  2.107 0.000  2.950 0.000 999.99 0.259000  10.143 0.000   3.020 0.000  7.123 0.000 0.040 0.000 0.432 0.000000
208.333333 209.333333  15.00 0.000  0.46 0.000 9.999 0.259000 9.99 0.259000 0.097 0.000000  0.494 0.000  0.692 0.000 999.99 0.259000   5.731 0.000   2.586 0.000  3.146 0.000 0.016 0.000 0.202 0.000000
211.333333 212.333333  10.47 0.000  0.46 0.000 9.999 0.259000 9.99 0.259000 0.021 0.559000  0.231 0.000  0.323 0.000 999.99 0.259000   3.224 0.000   1.555 0.000  1.669 0.000 0.009 0.000 0.133 0.559000
214.333333 215.333333  18.14 0.000  0.24 0.000 9.999 0.259000 9.99 0.259000 0.055 0.559000  0.552 0.000  0.773 0.000 999.99 0.259000   4.878 0.000   2.533 0.000  2.345 0.000 0.012 0.000 0.220 0.559000
217.333333 218.333333   6.93 0.000  0.33 0.000 9.999 0.259000 9.99 0.259000 0.056 0.559000  0.554 0.000  0.776 0.000 999.99 0.259000   3.007 0.000   0.628 0.000  2.379 0.000 0.015 0.000 0.228 0.559000
220.333333 221.333333  23.89 0.000  0.57 0.000 9.999 0.259000 0.28 0.000000 0.027 0.559000  0.721 0.000  1.010 0.000 999.99 0.259000   4.878 0.000   2.177 0.000  2.701 0.000 0.011 0.000 0.178 0.559000
223.333333 224.333333  56.24 0.000  0.41 0.000 9.999 0.259000 9.99 0.259000 0.016 0.559000  1.365 0.000  1.911 0.000 999.99 0.259000  16.989 0.000  12.805 0.000  4.184 0.000 0.017 0.000 0.178 0.559000
226.333333 227.333333  38.35 0.000  0.36 0.000 9.999 0.259000 0.20 0.000000 0.098 0.559000  1.265 0.000  1.771 0.000 999.99 0.259000   8.835 0.000   4.524 0.000  4.310 0.000 0.025 0.000 0.146 0.559000
229.333333 230.333333  26.84 0.000  0.76 0.000 9.999 0.259000 9.99 0.259000 0.069 0.559000  0.745 0.000  1.042 0.000 999.99 0.259000  11.491 0.000   8.378 0.000  3.113 0.000 0.016 0.000 0.184 0.559000
232.333333 233.333333   6.38 0.000  0.28 0.000 9.999 0.259000 9.99 0.259000 0.017 0.559000  0.336 0.000  0.470 0.000   8.40 0.000000   2.399 0.000   0.483 0.000  1.916 0.000 0.008 0.000 0.139 0.559000
235.333333 236.333333  43.05 0.000  1.19 0.000 9.999 0.259000 0.40 0.000000 0.118 0.000000  1.930 0.000  2.702 0.000 999.99 0.259000  11.017 0.000   4.072 0.000  6.944 0.000 0.035 0.000 0.464 0.000000
