scripts/IMPROVE-2019_partial/data/US9081R.20040101070000.20191216000000.filterpack..pm25.52w.1w.US03L_filterpack_US9081_YELL2.US03L_IMPROVE_Davis.lev2.nas
66 1001
MISSING INFORMATION
US03L, IMPROVE, , , , , , , 
MISSING INFORMATION
IMPROVE sel_HTAP
1 1
2004 01 01 2019 12 16
3.000000
days from file reference point
27
1 1 1 1 1 1 1 1 1 1 1 1 1 1 1 1 1 1 1 1 1 1 1 1 1 1 1
999.999999 9999.99 9.999 99.99 9.999 9.999 9.999999 9.99 9.999999 9.999 9.999 99.999 9.999 99.999 9.999 99.99 9.999999 999.999 9.999 999.999 9.999 99.999 9.999 9.999 9.999 9.999 9.999
end_time of measurement, days from the file reference point
iron, ng/m3, Revision date=20181210133000
numflag iron, no unit, Revision date=20181210133000
lead, ng/m3, Revision date=20181210133000
numflag lead, no unit, Revision date=20181210133000
magnesium, ug/m3, Revision date=20181210133000
numflag magnesium, no unit, Revision date=20181210133000
nickel, ng/m3, Revision date=20181210133000
numflag nickel, no unit, Revision date=20181210133000
nitrate, ug N/m3, Revision date=20181210133000
numflag nitrate, no unit, Revision date=20181210133000
organic_carbon, ug C/m3, Revision date=20181210133000
numflag organic_carbon, no unit, Revision date=20181210133000
organic_mass, ug/m3, Revision date=20181210133000
numflag organic_mass, no unit, Revision date=20181210133000
phosphorus, ng/m3, Revision date=20181210133000
numflag phosphorus, no unit, Revision date=20181210133000
pm10_mass, ug/m3, Version=2, Version description=Data extracted from http://views.cira.colostate.edu/fed/DataWizard 2019-12-16, Sample duration=1d, Orig. time res.=3d, Matrix=pm10, Blank correction=Blank corrected, Volume std. temperature=ambient, Volume std. pressure=ambient
numflag pm10_mass, no unit, Version=2, Version description=Data extracted from http://views.cira.colostate.edu/fed/DataWizard 2019-12-16, Sample duration=1d, Orig. time res.=3d, Matrix=pm10, Blank correction=Blank corrected, Volume std. temperature=ambient, Volume std. pressure=ambient
pm10_pm25_mass, ug/m3, Revision date=20181210133000, Matrix=pm10_pm25
numflag pm10_pm25_mass, no unit, Revision date=20181210133000, Matrix=pm10_pm25
pm25_mass, ug/m3, Version=2, Version description=Data extracted from http://views.cira.colostate.edu/fed/DataWizard 2019-12-16, Sample duration=1d, Orig. time res.=3d, Blank correction=Blank corrected, Volume std. temperature=ambient, Volume std. pressure=ambient
numflag pm25_mass, no unit, Version=2, Version description=Data extracted from http://views.cira.colostate.edu/fed/DataWizard 2019-12-16, Sample duration=1d, Orig. time res.=3d, Blank correction=Blank corrected, Volume std. temperature=ambient, Volume std. pressure=ambient
potassium, ug/m3, Revision date=20181210133000
numflag potassium, no unit, Revision date=20181210133000
sulphate_total, ug S/m3, Revision date=20181210133000
numflag sulphate_total, no unit, Revision date=20181210133000
0
25
Data definition:              EBAS_1.1
Set type code:                TU
Timezone:                     UTC
File name:                    US9081R.20040101070000.20191216000000.filterpack..pm25.52w.1w.US03L_filterpack_US9081_YELL2.US03L_IMPROVE_Davis.lev2.nas
File creation:                20191218121108
Startdate:                    20040101070000
Revision date:                20191216000000
Statistics:                   arithmetic mean
Data level:                   2
Period code:                  52w
Resolution code:              1w
Station code:                 US9081R
Platform code:                US9081S
Station name:                 Yellowstone NP 1
Station latitude:             44.5654
Station longitude:            -110.4003
Station altitude:             2442.0 m
Regime:                       IMG
Component:                    
Matrix:                       pm25
Laboratory code:              US03L
Instrument type:              filterpack
Instrument name:              filterpack_US9081_YELL2
Method ref:                   US03L_IMPROVE_Davis
starttime endtime Fe flag_Fe Pb flag_Pb Mg++ flag_Mg++ Ni flag_Ni NO3- flag_NO3- OC flag_OC OM flag_OM P flag_P PM10 flag_PM10 PM10-PM2.5 flag_PM10-PM2.5 PM2.5 flag_PM2.5 K+ flag_K+ SO4-- flag_SO4--
[from data line 83]
249.291667 250.291667   23.11 0.000 99.99 0.259 9.999 0.259000 9.99 0.259000 0.021 0.000  0.920 0.000  1.288 0.000 99.99 0.259000   6.986 0.000   4.503 0.000  2.482 0.000 0.033 0.000 0.092 0.000
252.291667 253.291667   30.00 0.000 99.99 0.259 9.999 0.259000 9.99 0.259000 0.017 0.000  1.442 0.000  2.019 0.000 99.99 0.259000   9.681 0.000   6.343 0.000  3.338 0.000 0.053 0.000 0.074 0.000
255.291667 256.291667   29.14 0.000  0.73 0.000 0.075 0.000000 0.12 0.000000 0.017 0.000  0.800 0.000  1.120 0.000 99.99 0.259000   6.051 0.000   3.637 0.000  2.414 0.000 0.029 0.000 0.108 0.000
258.291667 259.291667    5.27 0.000 99.99 0.259 9.999 0.259000 9.99 0.259000 0.036 0.000  0.500 0.000  0.701 0.000 99.99 0.259000   2.743 0.000   1.298 0.000  1.445 0.000 0.009 0.000 0.116 0.000
261.291667 262.291667   55.53 0.000  0.76 0.000 9.999 0.259000 0.09 0.000000 0.061 0.000  0.791 0.000  1.107 0.000 99.99 0.259000  13.334 0.000   8.678 0.000  4.656 0.000 0.049 0.000 0.302 0.000
264.291667 265.291667    1.82 0.000 99.99 0.259 0.105 0.000000 9.99 0.259000 0.005 0.000  0.302 0.000  0.422 0.000 99.99 0.259000   1.204 0.000   0.694 0.000  0.510 0.000 0.006 0.000 0.054 0.000
267.291667 268.291667   48.18 0.000 99.99 0.259 9.999 0.259000 0.29 0.000000 0.014 0.000  0.754 0.000  1.055 0.000 99.99 0.259000   2.959 0.000 999.999 0.259  3.162 0.000 0.036 0.000 0.081 0.000
270.291667 271.291667   26.42 0.000  0.37 0.000 9.999 0.259000 9.99 0.259000 0.010 0.000  1.104 0.000  1.545 0.000 99.99 0.259000   4.575 0.000   1.386 0.000  3.189 0.000 0.026 0.000 0.164 0.000
273.291667 274.291667   14.45 0.000  0.28 0.000 0.090 0.000000 9.99 0.259000 0.013 0.000  1.213 0.000  1.698 0.000 99.99 0.259000   4.726 0.000   1.387 0.000  3.338 0.000 0.019 0.000 0.168 0.000
276.291667 277.291667   23.15 0.000 99.99 0.259 9.999 0.259000 0.13 0.000000 0.020 0.000  1.622 0.000  2.271 0.000 99.99 0.259000   6.369 0.000   2.554 0.000  3.815 0.000 0.035 0.000 0.162 0.000
279.291667 280.291667   23.62 0.000 99.99 0.259 9.999 0.259000 0.11 0.000000 0.027 0.000  1.185 0.000  1.659 0.000 99.99 0.259000   6.407 0.000   2.890 0.000  3.517 0.000 0.034 0.000 0.148 0.000
282.291667 283.291667   38.48 0.000  0.53 0.000 9.999 0.259000 9.99 0.259000 0.023 0.000  0.751 0.000  1.051 0.000 99.99 0.259000   7.273 0.000   4.114 0.000  3.159 0.000 0.035 0.000 0.160 0.000
285.291667 286.291667    8.88 0.000  0.25 0.000 9.999 0.259000 0.17 0.000000 0.052 0.000  0.465 0.000  0.650 0.000  4.57 0.000000   2.970 0.000   1.146 0.000  1.824 0.000 0.010 0.000 0.164 0.000
288.291667 289.291667   23.85 0.000  0.76 0.000 0.063 0.000000 9.99 0.259000 0.046 0.000  0.626 0.000  0.876 0.000 99.99 0.259000   5.208 0.000   2.491 0.000  2.717 0.000 0.034 0.000 0.190 0.000
291.291667 292.291667    8.72 0.000  0.41 0.000 9.999 0.259000 9.99 0.259000 0.037 0.000  0.236 0.000  0.330 0.000 99.99 0.259000   2.038 0.000   0.976 0.000  1.061 0.000 0.010 0.000 0.105 0.000
294.291667 295.291667    1.84 0.000 99.99 0.259 9.999 0.259000 9.99 0.259000 0.054 0.000  0.388 0.000  0.543 0.000 99.99 0.259000   1.506 0.000   0.177 0.000  1.329 0.000 0.007 0.000 0.065 0.000
297.291667 298.291667    6.80 0.000  1.02 0.000 9.999 0.259000 0.16 0.000000 0.019 0.000  0.337 0.000  0.471 0.000 99.99 0.259000   1.882 0.000   0.245 0.000  1.638 0.000 0.019 0.000 0.178 0.000
300.291667 301.291667   10.42 0.000  0.87 0.000 9.999 0.259000 9.99 0.259000 0.016 0.000  0.403 0.000  0.564 0.000 99.99 0.259000   2.976 0.000   0.681 0.000  2.295 0.000 0.015 0.000 0.258 0.000
303.291667 304.291667    3.14 0.000 99.99 0.259 0.107 0.000000 9.99 0.259000 0.033 0.559  0.518 0.000  0.726 0.000 99.99 0.259000   2.620 0.000   0.756 0.000  1.864 0.000 0.013 0.000 0.173 0.559
306.291667 307.291667    9.25 0.000  0.79 0.000 9.999 0.259000 9.99 0.259000 0.067 0.000  0.652 0.000  0.913 0.000 99.99 0.259000   1.518 0.000   0.419 0.000  1.099 0.000 0.013 0.000 0.081 0.000
309.291667 310.291667    4.59 0.000  0.53 0.000 9.999 0.259000 0.13 0.000000 0.016 0.000  0.676 0.000  0.947 0.000 99.99 0.259000   2.828 0.000   0.818 0.000  2.010 0.000 0.011 0.000 0.115 0.000
312.291667 313.291667    2.56 0.000 99.99 0.259 9.999 0.259000 9.99 0.259000 0.005 0.000  0.446 0.000  0.624 0.000 99.99 0.259000   1.539 0.000   0.441 0.000  1.098 0.000 0.009 0.000 0.057 0.000
315.291667 316.291667   11.29 0.000  0.37 0.000 9.999 0.259000 0.16 0.000000 0.007 0.000  0.400 0.000  0.559 0.000 99.99 0.259000   2.604 0.000   0.312 0.000  2.292 0.000 0.011 0.000 0.195 0.000
318.291667 319.291667    2.65 0.000 99.99 0.259 0.074 0.000000 0.11 0.000000 0.009 0.000  0.426 0.000  0.597 0.000 99.99 0.259000   2.121 0.000   0.230 0.000  1.891 0.000 0.008 0.000 0.140 0.000
321.291667 322.291667    7.98 0.000 99.99 0.259 9.999 0.259000 9.99 0.259000 0.137 0.000  0.465 0.000  0.651 0.000 99.99 0.259000   3.142 0.000   0.493 0.000  2.648 0.000 0.011 0.000 0.342 0.000
324.291667 325.291667    1.26 0.000 99.99 0.259 0.228 0.000000 9.99 0.259000 0.008 0.000  0.167 0.000  0.233 0.000 99.99 0.259000   0.837 0.000   0.181 0.000  0.656 0.000 0.006 0.000 0.052 0.000
327.291667 328.291667    5.31 0.000  0.41 0.000 9.999 0.259000 9.99 0.259000 0.146 0.000  0.321 0.000  0.449 0.000 99.99 0.259000   2.121 0.000   0.696 0.000  1.425 0.000 0.013 0.000 0.090 0.000
330.291667 331.291667 9999.99 0.999 99.99 0.999 9.999 0.999000 9.99 0.999000 9.999 0.999 99.999 0.999 99.999 0.999 99.99 0.999000 999.999 0.999 999.999 0.999 99.999 0.999 9.999 0.999 9.999 0.999
333.291667 334.291667 9999.99 0.999 99.99 0.999 9.999 0.999000 9.99 0.999000 9.999 0.999 99.999 0.999 99.999 0.999 99.99 0.999000 999.999 0.999 999.999 0.999 99.999 0.999 9.999 0.999 9.999 0.999
336.291667 337.291667    1.52 0.000  0.37 0.000 9.999 0.259000 9.99 0.259000 0.223 0.000  0.199 0.000  0.279 0.000 99.99 0.259000   2.033 0.000   0.082 0.000  1.950 0.000 0.006 0.000 0.125 0.000
339.291667 340.291667    5.80 0.000  1.05 0.000 9.999 0.259000 9.99 0.259000 0.149 0.000  0.398 0.000  0.557 0.000 99.99 0.259000   2.092 0.000   0.266 0.000  1.826 0.000 0.007 0.000 0.128 0.000
342.291667 343.291667    1.31 0.000  0.37 0.000 0.118 0.000000 9.99 0.259000 0.006 0.000  0.146 0.000  0.205 0.000  3.79 0.000000   1.081 0.000   0.753 0.000  0.328 0.000 0.003 0.000 0.048 0.000
345.291667 346.291667    3.61 0.000  0.45 0.000 0.069 0.000000 9.99 0.259000 0.086 0.000  0.423 0.000  0.593 0.000 99.99 0.259000   1.529 0.000   0.470 0.000  1.059 0.000 0.006 0.000 0.104 0.000
348.291667 349.291667    5.34 0.000  0.54 0.000 9.999 0.259000 9.99 0.259000 0.119 0.000  0.344 0.000  0.482 0.000 99.99 0.259000   1.954 0.000   0.372 0.000  1.582 0.000 0.007 0.000 0.157 0.000
351.291667 352.291667    1.84 0.000  0.27 0.000 9.999 0.259000 0.16 0.000000 0.089 0.000  0.350 0.000  0.490 0.000 99.99 0.259000   1.123 0.000   0.455 0.000  0.668 0.000 0.004 0.000 0.091 0.000
354.291667 355.291667    2.39 0.000  0.69 0.000 0.060 0.000000 0.17 0.000000 0.113 0.000  0.165 0.000  0.231 0.000 99.99 0.259000   1.841 0.000   1.096 0.000  0.745 0.000 0.004 0.000 0.087 0.000
357.291667 358.291667    2.88 0.000  0.53 0.000 9.999 0.259000 9.99 0.259000 0.030 0.000  0.264 0.000  0.369 0.000 99.99 0.259000   1.363 0.000   0.559 0.000  0.805 0.000 0.007 0.000 0.107 0.000
360.291667 361.291667    2.67 0.000  0.29 0.000 0.084 0.000000 9.99 0.259000 0.006 0.000  0.253 0.000  0.354 0.000 99.99 0.259000   0.541 0.000   0.040 0.000  0.500 0.000 0.004 0.000 0.055 0.000
363.291667 364.291667   18.26 0.000  0.53 0.000 9.999 0.259000 9.99 0.259000 0.010 0.000  0.159 0.000  0.222 0.000 99.99 0.259000   1.123 0.000   0.315 0.000  0.808 0.000 0.006 0.000 0.118 0.000
