scripts/IMPROVE-2019_partial/data/US9040R.19940101080000.20191216000000.filterpack...1y.3d.US03L_filterpack_US9040.US03L_IMPROVE_Davis.lev2.nas
51 1001
MISSING INFORMATION
US03L, IMPROVE, , , , , , , 
MISSING INFORMATION
IMPROVE sel_HTAP
1 1
1994 01 01 2019 12 16
0
days from file reference point
4
1 1 1 1
999.999999 999.999 999.999 9.999
end_time of measurement, days from the file reference point
pm10_mass, ug/m3, Matrix=pm10
pm25_mass, ug/m3, Matrix=pm25
numflag, no unit
0
33
Data definition:              EBAS_1.1
Set type code:                TI
Timezone:                     UTC
File name:                    US9040R.19940101080000.20191216000000.filterpack...1y.3d.US03L_filterpack_US9040.US03L_IMPROVE_Davis.lev2.nas
File creation:                20191218120803
Startdate:                    19940101080000
Revision date:                20191216000000
Version:                      2
Version description:          "Data extracted from http://views.cira.colostate.edu/fed/DataWizard 2019-12-16"
Statistics:                   arithmetic mean
Data level:                   2
Period code:                  1y
Resolution code:              3d
Sample duration:              1d
Orig. time res.:              3d
Station code:                 US9040R
Platform code:                US9040S
Station name:                 South Lake Tahoe
Station latitude:             38.9333
Station longitude:            -119.9667
Station altitude:             1900.0 m
Regime:                       IMG
Component:                    
Unit:                         ug/m3
Matrix:                       
Laboratory code:              US03L
Instrument type:              filterpack
Instrument name:              filterpack_US9040
Method ref:                   US03L_IMPROVE_Davis
Blank correction:             Blank corrected
Volume std. temperature:      ambient
Volume std. pressure:         ambient
starttime endtime PM10 PM2.5 flag
  0.333333   1.333333  38.423  17.508 0.000
  4.333333   5.333333   4.427   3.537 0.000
  7.333333   8.333333  18.490   4.409 0.000
 11.333333  12.333333  39.618  17.051 0.000
 14.333333  15.333333  47.642  24.904 0.000
 18.333333  19.333333  37.628  19.903 0.000
 21.333333  22.333333  37.131  15.710 0.000
 25.333333  26.333333  11.290   7.353 0.000
 28.333333  29.333333  54.583  19.091 0.000
 32.333333  33.333333  49.194  17.386 0.000
 35.333333  36.333333  36.568  14.903 0.000
 39.333333  40.333333  26.445   7.605 0.000
 42.333333  43.333333  25.685  20.097 0.000
 46.333333  47.333333  39.206   7.296 0.000
 49.333333  50.333333  10.806   9.088 0.000
 53.333333  54.333333  28.775  10.615 0.000
 56.333333  57.333333  26.846   8.778 0.000
 60.333333  61.333333  56.603  15.563 0.000
 63.333333  64.333333  11.667   6.945 0.000
 67.333333  68.333333  36.471  11.167 0.000
 70.333333  71.333333  17.761   8.391 0.000
 74.333333  75.333333  30.855  10.315 0.000
 77.333333  78.333333  14.415   6.508 0.000
 81.333333  82.333333  16.629   6.139 0.000
 84.333333  85.333333  31.038  11.772 0.000
 88.333333  89.333333  13.536   7.380 0.000
 91.333333  92.333333  19.961   7.556 0.000
 95.333333  96.333333  14.318   4.451 0.000
 98.333333  99.333333   3.968   2.006 0.000
102.333333 103.333333  18.802   8.176 0.000
105.333333 106.333333  28.099  10.975 0.000
109.333333 110.333333  21.012  13.225 0.000
112.333333 113.333333  17.269   5.241 0.000
116.333333 117.333333   3.385   2.508 0.000
119.333333 120.333333  15.675   7.023 0.000
123.333333 124.333333  15.788   4.810 0.000
126.333333 127.333333   3.333   2.658 0.000
130.333333 131.333333  14.399   7.323 0.000
133.333333 134.333333  17.835   8.645 0.000
137.333333 138.333333   5.185   3.714 0.000
140.333333 141.333333  10.194   4.858 0.000
144.333333 145.333333  15.979   6.875 0.000
147.333333 148.333333  13.457   6.125 0.000
151.333333 152.333333   6.598   3.899 0.000
154.333333 155.333333   7.692   3.542 0.000
158.333333 159.333333   8.783   3.864 0.000
161.333333 162.333333  14.367   6.844 0.000
165.333333 166.333333   9.300   4.030 0.000
168.333333 169.333333  11.100   5.612 0.000
172.333333 173.333333  11.810   5.640 0.000
175.333333 176.333333  12.086   3.129 0.000
179.333333 180.333333  11.661   7.588 0.000
182.333333 183.333333  15.437   4.912 0.000
186.333333 187.333333  11.146   5.235 0.000
189.333333 190.333333  19.410   8.059 0.000
193.333333 194.333333  19.387 999.999 0.000
196.333333 197.333333  19.020  10.296 0.000
200.333333 201.333333  14.248  11.091 0.000
203.333333 204.333333  14.881   7.522 0.000
207.333333 208.333333  12.949   6.637 0.000
210.333333 211.333333  13.746   6.607 0.000
214.333333 215.333333   9.653   5.428 0.000
217.333333 218.333333  11.883   4.985 0.000
221.333333 222.333333  16.787   9.910 0.000
224.333333 225.333333  12.126   5.917 0.000
228.333333 229.333333  13.574   7.612 0.000
231.333333 232.333333  11.182   4.806 0.000
235.333333 236.333333  12.990   6.994 0.000
238.333333 239.333333  12.155   4.762 0.000
242.333333 243.333333  13.049   5.292 0.000
245.333333 246.333333  11.115   5.273 0.000
249.333333 250.333333  16.027   7.156 0.000
252.333333 253.333333  14.695   4.954 0.000
256.333333 257.333333  11.815   7.538 0.000
259.333333 260.333333  19.329   9.339 0.000
263.333333 264.333333  32.169   7.695 0.000
266.333333 267.333333  13.462   7.545 0.000
270.333333 271.333333  15.750   6.440 0.000
273.333333 274.333333  16.790   8.793 0.000
277.333333 278.333333   8.078   5.427 0.000
280.333333 281.333333  19.891   9.939 0.000
284.333333 285.333333  14.825   7.726 0.000
287.333333 288.333333   3.613   1.495 0.000
291.333333 292.333333  29.190  13.982 0.000
294.333333 295.333333  12.724   8.218 0.000
298.333333 299.333333   9.055   6.708 0.000
301.333333 302.333333  18.759  12.236 0.000
305.333333 306.333333   4.585   2.972 0.000
308.333333 309.333333 999.999 999.999 0.999
312.333333 313.333333   8.370   5.794 0.000
315.333333 316.333333   9.667   4.299 0.000
319.333333 320.333333   5.874   5.000 0.000
322.333333 323.333333  19.603  16.761 0.000
326.333333 327.333333  64.191  25.925 0.000
329.333333 330.333333   8.919   7.882 0.000
333.333333 334.333333  26.310  21.281 0.000
336.333333 337.333333   2.928   2.438 0.000
340.333333 341.333333  32.788   5.457 0.000
343.333333 344.333333  46.270  14.353 0.000
347.333333 348.333333  16.667   8.095 0.000
350.333333 351.333333  17.946  14.196 0.000
354.333333 355.333333  51.055  22.112 0.000
357.333333 358.333333  22.928  12.888 0.000
361.333333 362.333333  11.082  10.379 0.000
364.333333 365.333333  91.758  22.366 0.000
