scripts/IMPROVE-2019_partial/data/US9057R.20040101060000.20191216000000.filterpack..pm25.52w.1w.US03L_filterpack_US9057.US03L_IMPROVE_Davis.lev2.nas
66 1001
MISSING INFORMATION
US03L, IMPROVE, , , , , , , 
MISSING INFORMATION
IMPROVE sel_HTAP
1 1
2004 01 01 2019 12 16
3.00
days from file reference point
27
1 1 1 1 1 1 1 1 1 1 1 1 1 1 1 1 1 1 1 1 1 1 1 1 1 1 1
999.99 9999.99 9.999 999.99 9.999 9.999 9.999 9.99 9.999999 99.999 9.999 99.999 9.999 999.999 9.999 999.99 9.999999 999.999 9.999 999.999 9.999 999.999 9.999 9.999 9.999 99.999 9.999
end_time of measurement, days from the file reference point
iron, ng/m3, Revision date=20181210133000
numflag iron, no unit, Revision date=20181210133000
lead, ng/m3, Revision date=20181210133000
numflag lead, no unit, Revision date=20181210133000
magnesium, ug/m3, Revision date=20181210133000
numflag magnesium, no unit, Revision date=20181210133000
nickel, ng/m3, Revision date=20181210133000
numflag nickel, no unit, Revision date=20181210133000
nitrate, ug N/m3, Revision date=20181210133000
numflag nitrate, no unit, Revision date=20181210133000
organic_carbon, ug C/m3, Revision date=20181210133000
numflag organic_carbon, no unit, Revision date=20181210133000
organic_mass, ug/m3, Revision date=20181210133000
numflag organic_mass, no unit, Revision date=20181210133000
phosphorus, ng/m3, Revision date=20181210133000
numflag phosphorus, no unit, Revision date=20181210133000
pm10_mass, ug/m3, Version=2, Version description=Data extracted from http://views.cira.colostate.edu/fed/DataWizard 2019-12-16, Sample duration=1d, Orig. time res.=3d, Matrix=pm10, Blank correction=Blank corrected, Volume std. temperature=ambient, Volume std. pressure=ambient
numflag pm10_mass, no unit, Version=2, Version description=Data extracted from http://views.cira.colostate.edu/fed/DataWizard 2019-12-16, Sample duration=1d, Orig. time res.=3d, Matrix=pm10, Blank correction=Blank corrected, Volume std. temperature=ambient, Volume std. pressure=ambient
pm10_pm25_mass, ug/m3, Revision date=20181210133000, Matrix=pm10_pm25
numflag pm10_pm25_mass, no unit, Revision date=20181210133000, Matrix=pm10_pm25
pm25_mass, ug/m3, Version=2, Version description=Data extracted from http://views.cira.colostate.edu/fed/DataWizard 2019-12-16, Sample duration=1d, Orig. time res.=3d, Blank correction=Blank corrected, Volume std. temperature=ambient, Volume std. pressure=ambient
numflag pm25_mass, no unit, Version=2, Version description=Data extracted from http://views.cira.colostate.edu/fed/DataWizard 2019-12-16, Sample duration=1d, Orig. time res.=3d, Blank correction=Blank corrected, Volume std. temperature=ambient, Volume std. pressure=ambient
potassium, ug/m3, Revision date=20181210133000
numflag potassium, no unit, Revision date=20181210133000
sulphate_total, ug S/m3, Revision date=20181210133000
numflag sulphate_total, no unit, Revision date=20181210133000
0
25
Data definition:              EBAS_1.1
Set type code:                TU
Timezone:                     UTC
File name:                    US9057R.20040101060000.20191216000000.filterpack..pm25.52w.1w.US03L_filterpack_US9057.US03L_IMPROVE_Davis.lev2.nas
File creation:                20191218120918
Startdate:                    20040101060000
Revision date:                20191216000000
Statistics:                   arithmetic mean
Data level:                   2
Period code:                  52w
Resolution code:              1w
Station code:                 US9057R
Platform code:                US9057S
Station name:                 Sac and Fox
Station latitude:             39.9791
Station longitude:            -95.5682
Station altitude:             293.0 m
Regime:                       IMG
Component:                    
Matrix:                       pm25
Laboratory code:              US03L
Instrument type:              filterpack
Instrument name:              filterpack_US9057
Method ref:                   US03L_IMPROVE_Davis
starttime endtime Fe flag_Fe Pb flag_Pb Mg++ flag_Mg++ Ni flag_Ni NO3- flag_NO3- OC flag_OC OM flag_OM P flag_P PM10 flag_PM10 PM10-PM2.5 flag_PM10-PM2.5 PM2.5 flag_PM2.5 K+ flag_K+ SO4-- flag_SO4--
[from data line 85]
255.25 256.25   79.55 0.000   2.28 0.000 0.172 0.000 0.09 0.000000  0.103 0.000  3.515 0.000   4.921 0.000 999.99 0.259000  31.622 0.000  14.748 0.000  16.874 0.000 0.130 0.000  1.715 0.000
258.25 259.25   18.47 0.000   0.31 0.000 9.999 0.259 9.99 0.259000  0.030 0.000  1.528 0.000   2.139 0.000 999.99 0.259000   9.985 0.000   5.861 0.000   4.124 0.000 0.026 0.000  0.434 0.000
261.25 262.25   36.14 0.000   1.32 0.000 9.999 0.259 0.16 0.000000  0.033 0.000  1.379 0.000   1.931 0.000 999.99 0.259000  17.299 0.000  10.687 0.000   6.612 0.000 0.032 0.000  0.727 0.000
264.25 265.25   73.19 0.000   1.74 0.000 9.999 0.259 0.15 0.000000  0.062 0.000  3.701 0.000   5.182 0.000 999.99 0.259000  31.024 0.000  16.314 0.000  14.710 0.000 0.110 0.000  1.294 0.000
267.25 268.25 9999.99 0.999 999.99 0.999 9.999 0.999 9.99 0.999000 99.999 0.999 99.999 0.999 999.999 0.999 999.99 0.999000 999.999 0.999 999.999 0.999 999.999 0.999 9.999 0.999 99.999 0.999
270.25 271.25 9999.99 0.999 999.99 0.999 9.999 0.999 9.99 0.999000 99.999 0.999 99.999 0.999 999.999 0.999 999.99 0.999000 999.999 0.999 999.999 0.999 999.999 0.999 9.999 0.999 99.999 0.999
273.25 274.25   80.64 0.000  17.92 0.000 9.999 0.259 9.99 0.259000  0.078 0.000  1.839 0.000   2.575 0.000 999.99 0.259000  34.099 0.000  24.105 0.000   9.994 0.000 0.061 0.000  0.856 0.000
276.25 277.25   68.39 0.000   1.50 0.000 9.999 0.259 9.99 0.259000  0.040 0.000  1.398 0.000   1.957 0.000  26.14 0.000000  22.032 0.000  16.922 0.000   5.111 0.000 0.068 0.000  0.232 0.000
279.25 280.25  108.43 0.394   2.95 0.394 0.122 0.394 9.99 0.394259  0.053 0.394  1.296 0.000   1.814 0.000 999.99 0.394259  33.587 0.000  26.330 0.000   7.257 0.000 0.083 0.394  0.403 0.394
282.25 283.25   86.50 0.000   1.01 0.000 9.999 0.259 9.99 0.259000  0.058 0.000  0.892 0.000   1.248 0.000  21.57 0.000000  25.812 0.000  21.483 0.000   4.329 0.000 0.046 0.000  0.164 0.000
285.25 286.25   70.16 0.000   4.11 0.000 0.063 0.000 9.99 0.259000  0.527 0.000  1.282 0.000   1.795 0.000 999.99 0.259000  26.703 0.000  19.974 0.000   6.729 0.000 0.046 0.000  0.452 0.000
288.25 289.25   31.79 0.000   0.47 0.000 9.999 0.259 9.99 0.259000  0.036 0.000  0.525 0.000   0.735 0.000 999.99 0.259000  18.951 0.000  16.210 0.000   2.740 0.000 0.029 0.000  0.205 0.000
291.25 292.25   36.51 0.000   3.69 0.000 9.999 0.259 0.13 0.000000  0.304 0.000  1.161 0.000   1.626 0.000 999.99 0.259000  19.461 0.000  13.365 0.000   6.096 0.000 0.058 0.000  0.639 0.000
294.25 295.25   24.74 0.000   1.49 0.000 9.999 0.259 0.13 0.000000  0.580 0.000  0.827 0.000   1.158 0.000 999.99 0.259000  10.566 0.000   2.685 0.000   7.881 0.000 0.021 0.000  1.101 0.000
297.25 298.25   34.25 0.000   0.80 0.000 9.999 0.259 9.99 0.259000  0.043 0.000  1.017 0.000   1.424 0.000  16.58 0.000000  15.303 0.000  11.563 0.000   3.739 0.000 0.045 0.000  0.194 0.000
300.25 301.25   14.71 0.000   2.53 0.000 9.999 0.259 0.07 0.000000  0.938 0.000  0.995 0.000   1.393 0.000 999.99 0.259000  10.008 0.000   3.220 0.000   6.789 0.000 0.021 0.000  0.880 0.000
303.25 304.25   23.17 0.000   2.62 0.000 9.999 0.259 9.99 0.259000  0.019 0.000  0.597 0.000   0.835 0.000 999.99 0.259000  16.994 0.000  14.160 0.000   2.834 0.000 0.036 0.000  0.189 0.000
306.25 307.25   21.24 0.000   1.99 0.000 9.999 0.259 9.99 0.259000  0.808 0.000  0.757 0.000   1.059 0.000 999.99 0.259000  10.781 0.000   2.811 0.000   7.969 0.000 0.028 0.000  0.948 0.000
309.25 310.25   35.78 0.000   1.71 0.000 9.999 0.259 9.99 0.259000  0.143 0.000  1.078 0.000   1.510 0.000 999.99 0.259000  14.809 0.000  10.920 0.000   3.889 0.000 0.079 0.000  0.212 0.000
312.25 313.25   81.25 0.000   2.59 0.000 9.999 0.259 0.16 0.000000  0.258 0.000  1.311 0.000   1.836 0.000 999.99 0.259000  23.176 0.000  18.216 0.000   4.960 0.000 0.063 0.000  0.252 0.000
315.25 316.25   23.75 0.000   0.75 0.000 9.999 0.259 9.99 0.259000  0.233 0.000  0.597 0.000   0.835 0.000 999.99 0.259000   9.806 0.000   6.857 0.000   2.949 0.000 0.050 0.000  0.190 0.000
318.25 319.25   58.89 0.000   5.13 0.000 9.999 0.259 0.21 0.000000  1.176 0.000  1.477 0.000   2.068 0.000 999.99 0.259000  21.843 0.000  10.174 0.000  11.669 0.000 0.059 0.000  0.481 0.000
321.25 322.25 9999.99 0.999 999.99 0.999 9.999 0.999 9.99 0.999000 99.999 0.999 99.999 0.999 999.999 0.999 999.99 0.999000 999.999 0.999 999.999 0.999 999.999 0.999 9.999 0.999 99.999 0.999
324.25 325.25   21.01 0.000   1.76 0.000 9.999 0.259 9.99 0.259000  0.537 0.000  0.732 0.000   1.024 0.000 999.99 0.259000   9.329 0.000   4.020 0.000   5.309 0.000 0.068 0.000  0.356 0.000
327.25 328.25   13.89 0.000   0.95 0.000 9.999 0.259 9.99 0.259000  0.572 0.000  0.444 0.000   0.622 0.000 999.99 0.259000   9.780 0.000   4.303 0.000   5.477 0.000 0.023 0.000  0.466 0.000
330.25 331.25   19.94 0.000   0.90 0.000 9.999 0.259 9.99 0.259000  0.390 0.000  0.948 0.000   1.327 0.000 999.99 0.259000  11.685 0.000   4.803 0.000   6.882 0.000 0.026 0.000  0.449 0.000
333.25 334.25    4.31 0.000   1.48 0.000 0.156 0.000 9.99 0.259000  0.697 0.000  0.440 0.000   0.616 0.000 999.99 0.259000   8.074 0.000   0.975 0.000   7.099 0.000 0.021 0.000  0.513 0.000
336.25 337.25   40.21 0.000   6.89 0.000 9.999 0.259 0.31 0.000000  0.912 0.000  1.830 0.000   2.562 0.000 999.99 0.259000  13.423 0.000   3.824 0.000   9.599 0.000 0.068 0.000  0.210 0.000
339.25 340.25   67.64 0.000   2.92 0.000 9.999 0.259 0.13 0.000000  0.760 0.000  1.579 0.000   2.210 0.000  15.78 0.000000  10.960 0.000   2.452 0.000   8.508 0.000 0.043 0.000  0.240 0.000
342.25 343.25   85.15 0.000   3.22 0.000 9.999 0.259 0.22 0.000000  0.960 0.559  1.185 0.000   1.659 0.000 999.99 0.259000  13.720 0.000   3.690 0.000  10.031 0.000 0.045 0.000  0.705 0.559
345.25 346.25    9.87 0.000   1.88 0.000 0.142 0.000 0.24 0.000000  0.730 0.000  0.468 0.000   0.655 0.000 999.99 0.259000   9.190 0.000   1.502 0.000   7.689 0.000 0.014 0.000  0.840 0.000
348.25 349.25   22.55 0.000   0.91 0.000 9.999 0.259 9.99 0.259000  0.241 0.000  0.500 0.000   0.700 0.000 999.99 0.259000   8.333 0.000   4.664 0.000   3.669 0.000 0.024 0.000  0.264 0.000
351.25 352.25   71.14 0.000   2.16 0.000 9.999 0.259 9.99 0.259000  0.514 0.000  1.262 0.000   1.767 0.000 999.99 0.259000  18.240 0.000  11.882 0.000   6.358 0.000 0.053 0.000  0.150 0.000
354.25 355.25   32.55 0.000   1.47 0.000 0.064 0.000 9.99 0.259000  0.270 0.000  0.668 0.000   0.936 0.000 999.99 0.259000   9.722 0.000   6.016 0.000   3.706 0.000 0.036 0.000  0.187 0.000
357.25 358.25   34.50 0.000   1.65 0.000 9.999 0.259 0.17 0.000000  0.187 0.000  0.411 0.000   0.576 0.000 999.99 0.259000  13.806 0.000   9.911 0.000   3.895 0.000 0.028 0.000  0.296 0.000
360.25 361.25   39.26 0.000   1.98 0.000 9.999 0.259 0.15 0.000000  0.901 0.000  1.043 0.000   1.460 0.000 999.99 0.259000  18.338 0.000   8.014 0.000  10.325 0.000 0.052 0.000  0.601 0.000
363.25 364.25   77.89 0.000   4.19 0.000 9.999 0.259 0.18 0.000000  1.632 0.000  1.857 0.000   2.599 0.000 999.99 0.259000  33.049 0.000  15.073 0.000  17.976 0.000 0.095 0.000  0.850 0.000
