scripts/IMPROVE-2019_partial/data/US9010R.19970101050000.20191216000000.filterpack...1y.3d.US03L_filterpack_US9010.US03L_IMPROVE_Davis.lev2.nas
51 1001
MISSING INFORMATION
US03L, IMPROVE, , , , , , , 
MISSING INFORMATION
IMPROVE sel_HTAP
1 1
1997 01 01 2019 12 16
0
days from file reference point
4
1 1 1 1
999.999999 999.999 999.999 9.999
end_time of measurement, days from the file reference point
pm10_mass, ug/m3, Matrix=pm10
pm25_mass, ug/m3, Matrix=pm25
numflag, no unit
0
33
Data definition:              EBAS_1.1
Set type code:                TI
Timezone:                     UTC
File name:                    US9010R.19970101050000.20191216000000.filterpack...1y.3d.US03L_filterpack_US9010.US03L_IMPROVE_Davis.lev2.nas
File creation:                20191218120546
Startdate:                    19970101050000
Revision date:                20191216000000
Version:                      2
Version description:          "Data extracted from http://views.cira.colostate.edu/fed/DataWizard 2019-12-16"
Statistics:                   arithmetic mean
Data level:                   2
Period code:                  1y
Resolution code:              3d
Sample duration:              1d
Orig. time res.:              3d
Station code:                 US9010R
Platform code:                US9010S
Station name:                 Moosehorn NWR
Station latitude:             45.1259
Station longitude:            -67.2661
Station altitude:             77.0 m
Regime:                       IMG
Component:                    
Unit:                         ug/m3
Matrix:                       
Laboratory code:              US03L
Instrument type:              filterpack
Instrument name:              filterpack_US9010
Method ref:                   US03L_IMPROVE_Davis
Blank correction:             Blank corrected
Volume std. temperature:      ambient
Volume std. pressure:         ambient
starttime endtime PM10 PM2.5 flag
  0.208333   1.208333 999.999   4.474 0.000
  3.208333   4.208333   9.346   5.967 0.000
  7.208333   8.208333   8.354   2.798 0.000
 10.208333  11.208333  12.427   7.180 0.000
 14.208333  15.208333   6.063   3.540 0.000
 17.208333  18.208333   8.572   4.539 0.000
 21.208333  22.208333  16.204   7.701 0.000
 24.208333  25.208333   6.198   4.310 0.000
 28.208333  29.208333 999.999   3.717 0.000
 31.208333  32.208333  10.286   4.597 0.000
 35.208333  36.208333   8.229   3.767 0.000
 38.208333  39.208333  14.037   6.382 0.000
 42.208333  43.208333   8.197   6.977 0.000
 45.208333  46.208333   7.544   5.676 0.000
 49.208333  50.208333  22.065  12.563 0.000
 52.208333  53.208333   5.812   2.562 0.000
 56.208333  57.208333 999.999 999.999 0.999
 59.208333  60.208333  13.101   6.648 0.000
 63.208333  64.208333  10.088   7.636 0.000
 66.208333  67.208333   9.390   5.711 0.000
 70.208333  71.208333   7.471   4.818 0.000
 73.208333  74.208333 999.999 999.999 0.999
 77.208333  78.208333   6.800   3.587 0.000
 80.208333  81.208333   7.594   3.192 0.000
 84.208333  85.208333  14.628  10.903 0.000
 87.208333  88.208333  11.539   5.860 0.000
 91.208333  92.208333  12.626   3.869 0.000
 94.208333  95.208333  19.769   7.011 0.000
 98.208333  99.208333  10.559 999.999 0.000
101.208333 102.208333  24.686   8.406 0.000
105.208333 106.208333  13.112   7.932 0.000
108.208333 109.208333   5.293   2.745 0.000
112.208333 113.208333   4.335   1.961 0.000
115.208333 116.208333   7.378   3.991 0.000
119.208333 120.208333  11.325   6.044 0.000
122.208333 123.208333   8.825   4.716 0.000
126.208333 127.208333   7.131   3.991 0.000
129.208333 130.208333  15.963   8.966 0.000
133.208333 134.208333  11.574   4.543 0.000
136.208333 137.208333  11.196   5.484 0.000
140.208333 141.208333   4.427   2.400 0.000
143.208333 144.208333  11.545   3.377 0.000
147.208333 148.208333   8.965   3.991 0.000
150.208333 151.208333  13.234   8.155 0.000
154.208333 155.208333   8.899   5.833 0.000
157.208333 158.208333  10.290   6.259 0.000
161.208333 162.208333  36.654  25.654 0.000
164.208333 165.208333  25.304  18.607 0.000
168.208333 169.208333 999.999   5.984 0.000
171.208333 172.208333  18.116  15.245 0.000
175.208333 176.208333   9.078   5.107 0.000
178.208333 179.208333   8.590   4.506 0.000
182.208333 183.208333  20.640  16.277 0.000
185.208333 186.208333  12.053   2.901 0.000
189.208333 190.208333  16.296  13.352 0.000
192.208333 193.208333 999.999  10.495 0.000
196.208333 197.208333  11.761   9.872 0.000
199.208333 200.208333  12.018   4.274 0.000
203.208333 204.208333   7.888   2.676 0.000
206.208333 207.208333  18.887   8.745 0.000
210.208333 211.208333   7.527   3.742 0.000
213.208333 214.208333  18.433  12.056 0.000
217.208333 218.208333   8.165   4.517 0.000
220.208333 221.208333  13.455   9.105 0.000
224.208333 225.208333   6.386   3.171 0.000
227.208333 228.208333  11.629   7.135 0.000
231.208333 232.208333   5.499   3.125 0.000
234.208333 235.208333  17.065  14.520 0.000
238.208333 239.208333  13.031  10.750 0.000
241.208333 242.208333  11.394   6.180 0.000
245.208333 246.208333  10.648   8.410 0.000
248.208333 249.208333  11.268   5.861 0.000
252.208333 253.208333  18.021  14.529 0.000
255.208333 256.208333  10.113   7.489 0.000
259.208333 260.208333   7.197   2.519 0.000
262.208333 263.208333  15.714  12.468 0.000
266.208333 267.208333   2.904   1.093 0.000
269.208333 270.208333   6.135   2.752 0.000
273.208333 274.208333   6.568   2.432 0.000
276.208333 277.208333   5.869   3.663 0.000
280.208333 281.208333   6.432   3.297 0.000
283.208333 284.208333   4.307   1.371 0.000
287.208333 288.208333  10.604   6.665 0.000
290.208333 291.208333   3.863   2.139 0.000
294.208333 295.208333  11.225   4.566 0.000
297.208333 298.208333 999.999 999.999 0.999
301.208333 302.208333   5.355   2.865 0.000
304.208333 305.208333  13.889   9.433 0.000
308.208333 309.208333   4.449   3.316 0.000
311.208333 312.208333   7.243   4.692 0.000
315.208333 316.208333   3.956   2.656 0.000
318.208333 319.208333   4.088   2.949 0.000
322.208333 323.208333  12.834   8.520 0.000
325.208333 326.208333  17.292   5.216 0.000
329.208333 330.208333  18.518  10.908 0.000
332.208333 333.208333   8.383   4.271 0.000
336.208333 337.208333   2.362   1.630 0.000
339.208333 340.208333  10.069   2.948 0.000
343.208333 344.208333  11.409   6.609 0.000
346.208333 347.208333   9.346   7.078 0.000
350.208333 351.208333  14.317  12.061 0.000
353.208333 354.208333   6.995   5.282 0.000
357.208333 358.208333 999.999   5.562 0.000
360.208333 361.208333 999.999   6.528 0.000
364.208333 365.208333   5.197   3.844 0.000
