scripts/IMPROVE-2019_partial/data/US9034R.20160101060000.20191216000000.filterpack...52w.3d.US03L_filterpack_US9034.US03L_IMPROVE_Davis.lev2.nas
52 1001
MISSING INFORMATION
US03L, IMPROVE, , , , , , , 
MISSING INFORMATION
IMPROVE sel_HTAP
1 1
2016 01 01 2019 12 16
3.00
days from file reference point
5
1 1 1 1 1
999.99 999.999 9.999 999.999 9.999
end_time of measurement, days from the file reference point
pm10_mass, ug/m3, Matrix=pm10
numflag pm10_mass, no unit, Matrix=pm10
pm25_mass, ug/m3, Matrix=pm25
numflag pm25_mass, no unit, Matrix=pm25
0
33
Data definition:              EBAS_1.1
Set type code:                TU
Timezone:                     UTC
File name:                    US9034R.20160101060000.20191216000000.filterpack...52w.3d.US03L_filterpack_US9034.US03L_IMPROVE_Davis.lev2.nas
File creation:                20191218120735
Startdate:                    20160101060000
Revision date:                20191216000000
Version:                      2
Version description:          "Data extracted from http://views.cira.colostate.edu/fed/DataWizard 2019-12-16"
Statistics:                   arithmetic mean
Data level:                   2
Period code:                  52w
Resolution code:              3d
Sample duration:              1d
Orig. time res.:              3d
Station code:                 US9034R
Platform code:                US9034S
Station name:                 Upper Buffalo Wilderness
Station latitude:             35.8258
Station longitude:            -93.203
Station altitude:             722.0 m
Regime:                       IMG
Component:                    
Unit:                         ug/m3
Matrix:                       
Laboratory code:              US03L
Instrument type:              filterpack
Instrument name:              filterpack_US9034
Method ref:                   US03L_IMPROVE_Davis
Blank correction:             Blank corrected
Volume std. temperature:      ambient
Volume std. pressure:         ambient
starttime endtime PM10 flag_PM10 PM2.5 flag_PM2.5
  0.25   1.25   4.800 0.000   3.306 0.000
  3.25   4.25   5.198 0.659   4.590 0.000
  6.25   7.25  12.972 0.000   1.625 0.000
  9.25  10.25  12.147 0.659   4.698 0.000
 12.25  13.25  12.462 0.000   3.780 0.000
 15.25  16.25   9.303 0.000   5.293 0.000
 18.25  19.25   5.702 0.659   3.309 0.000
 21.25  22.25  12.167 0.659  10.775 0.000
 24.25  25.25   8.771 0.000   6.821 0.000
 27.25  28.25   5.977 0.000   2.618 0.000
 30.25  31.25  10.611 0.000   6.339 0.000
 33.25  34.25   4.871 0.000   2.394 0.000
 36.25  37.25  13.804 0.000   9.207 0.000
 39.25  40.25   4.479 0.000   1.055 0.000
 42.25  43.25  13.272 0.000   7.041 0.000
 45.25  46.25  12.481 0.000   7.608 0.000
 48.25  49.25   8.728 0.000   4.728 0.000
 51.25  52.25  10.940 0.000   6.679 0.000
 54.25  55.25   8.345 0.000   6.033 0.000
 57.25  58.25  11.801 0.000   7.362 0.000
 60.25  61.25   7.375 0.000   3.313 0.000
 63.25  64.25  14.566 0.000   8.849 0.000
 66.25  67.25  13.955 0.000   9.787 0.000
 69.25  70.25   1.443 0.000   0.690 0.000
 72.25  73.25   4.115 0.000   2.618 0.000
 75.25  76.25   9.256 0.000   4.252 0.000
 78.25  79.25   6.484 0.000   3.308 0.000
 81.25  82.25  11.427 0.000   6.934 0.000
 84.25  85.25   5.815 0.000   3.860 0.000
 87.25  88.25   6.232 0.000   3.566 0.000
 90.25  91.25   7.974 0.000   3.115 0.000
 93.25  94.25  14.658 0.000   9.572 0.000
 96.25  97.25  14.922 0.000   7.206 0.000
 99.25 100.25  15.480 0.000   6.694 0.000
102.25 103.25   6.779 0.000   3.048 0.000
105.25 106.25   5.435 0.000   3.294 0.000
108.25 109.25   6.987 0.000   4.132 0.000
111.25 112.25  11.528 0.000   2.795 0.000
114.25 115.25  15.215 0.000   6.376 0.000
117.25 118.25  16.715 0.000   4.873 0.000
120.25 121.25   8.565 0.000   3.592 0.000
123.25 124.25   9.053 0.000   3.326 0.000
126.25 127.25  11.931 0.000   3.482 0.000
129.25 130.25   8.511 0.000   3.982 0.000
132.25 133.25 999.999 0.999 999.999 0.999
135.25 136.25   7.681 0.000   3.425 0.000
138.25 139.25   8.344 0.000   4.819 0.000
141.25 142.25   7.015 0.000   4.624 0.000
144.25 145.25  30.908 0.000  20.591 0.000
147.25 148.25 999.999 0.999 999.999 0.999
150.25 151.25 999.999 0.999 999.999 0.999
153.25 154.25 999.999 0.999 999.999 0.999
156.25 157.25  14.481 0.000   6.821 0.000
159.25 160.25  12.375 0.000   4.089 0.000
162.25 163.25  23.106 0.000  12.988 0.000
165.25 166.25  13.151 0.000   6.185 0.000
168.25 169.25  22.707 0.000  12.146 0.000
171.25 172.25  14.010 0.000   8.833 0.000
174.25 175.25  19.068 0.000   9.433 0.000
177.25 178.25  16.159 0.000   7.859 0.000
180.25 181.25  15.245 0.000   7.706 0.000
183.25 184.25  16.611 0.000  10.423 0.000
186.25 187.25  18.796 0.000  10.404 0.000
189.25 190.25  18.002 0.000   8.285 0.000
192.25 193.25  40.564 0.000  18.346 0.000
195.25 196.25  10.939 0.000   5.531 0.000
198.25 199.25  37.499 0.000  16.949 0.000
201.25 202.25  12.686 0.000   7.369 0.000
204.25 205.25  17.809 0.000  10.707 0.000
207.25 208.25  10.002 0.000   6.806 0.000
210.25 211.25  12.075 0.000   6.992 0.000
213.25 214.25  14.311 0.000   7.997 0.000
216.25 217.25  19.193 0.000  11.636 0.000
219.25 220.25   5.686 0.000   3.688 0.000
222.25 223.25  17.154 0.000  11.152 0.000
225.25 226.25   3.994 0.000   2.057 0.000
228.25 229.25 999.999 0.999 999.999 0.999
231.25 232.25 999.999 0.999 999.999 0.999
234.25 235.25 999.999 0.999 999.999 0.999
237.25 238.25 999.999 0.999 999.999 0.999
240.25 241.25  14.058 0.000   7.943 0.000
243.25 244.25  16.896 0.000  10.769 0.000
246.25 247.25  10.453 0.000   4.712 0.000
249.25 250.25  11.765 0.000   5.939 0.000
252.25 253.25  21.995 0.000  10.889 0.000
255.25 256.25  12.808 0.000   6.409 0.000
258.25 259.25  16.238 0.000  10.934 0.000
261.25 262.25   5.183 0.000   2.724 0.000
264.25 265.25  18.676 0.000  10.972 0.000
267.25 268.25  11.833 0.000   7.076 0.000
270.25 271.25   7.113 0.000   2.416 0.000
273.25 274.25  12.200 0.000   3.934 0.000
276.25 277.25  19.742 0.000   8.680 0.000
279.25 280.25 999.999 0.999 999.999 0.999
282.25 283.25   6.101 0.000   2.480 0.000
285.25 286.25  10.595 0.000   6.198 0.000
288.25 289.25  10.925 0.000   6.764 0.000
291.25 292.25  11.613 0.000   7.964 0.000
294.25 295.25   9.897 0.000   2.578 0.000
297.25 298.25  12.582 0.000   6.367 0.000
300.25 301.25  11.868 0.000   7.577 0.000
303.25 304.25  15.385 0.000   6.876 0.000
306.25 307.25  14.504 0.000   7.629 0.000
309.25 310.25   6.727 0.000   3.098 0.000
312.25 313.25  12.895 0.000   8.655 0.000
315.25 316.25   9.762 0.000   4.258 0.000
318.25 319.25  13.403 0.000   6.746 0.000
321.25 322.25  14.636 0.000   7.459 0.000
324.25 325.25   7.001 0.000   3.052 0.000
327.25 328.25   3.626 0.000   2.405 0.000
330.25 331.25   7.831 0.000   5.124 0.000
333.25 334.25  11.027 0.000   4.084 0.000
336.25 337.25   8.051 0.000   3.378 0.000
339.25 340.25   3.275 0.000   2.399 0.000
342.25 343.25   3.519 0.000   1.926 0.000
345.25 346.25   6.610 0.000   4.762 0.000
348.25 349.25 999.999 0.999 999.999 0.999
351.25 352.25   5.885 0.000   3.585 0.000
354.25 355.25   6.771 0.000   3.926 0.000
357.25 358.25   5.734 0.000   2.940 0.000
360.25 361.25  17.223 0.000   6.093 0.000
363.25 364.25   3.188 0.000   1.053 0.000
