scripts/IMPROVE-2019_partial/data/US9051U.19900103050000.20191216000000.filterpack...1y.3d.US03L_filterpack_US9051.US03L_IMPROVE_Davis.lev2.nas
52 1001
MISSING INFORMATION
US03L, IMPROVE, , , , , , , 
MISSING INFORMATION
IMPROVE sel_HTAP
1 1
1990 01 01 2019 12 16
0
days from file reference point
5
1 1 1 1 1
999.999999 999.999 9.999 999.999 9.999999
end_time of measurement, days from the file reference point
pm10_mass, ug/m3, Matrix=pm10
numflag pm10_mass, no unit, Matrix=pm10
pm25_mass, ug/m3, Matrix=pm25
numflag pm25_mass, no unit, Matrix=pm25
0
33
Data definition:              EBAS_1.1
Set type code:                TI
Timezone:                     UTC
File name:                    US9051U.19900103050000.20191216000000.filterpack...1y.3d.US03L_filterpack_US9051.US03L_IMPROVE_Davis.lev2.nas
File creation:                20191218120854
Startdate:                    19900103050000
Revision date:                20191216000000
Version:                      2
Version description:          "Data extracted from http://views.cira.colostate.edu/fed/DataWizard 2019-12-16"
Statistics:                   arithmetic mean
Data level:                   2
Period code:                  1y
Resolution code:              3d
Sample duration:              1d
Orig. time res.:              3d
Station code:                 US9051U
Platform code:                US9051S
Station name:                 Washington D.C.
Station latitude:             38.8762
Station longitude:            -77.0344
Station altitude:             15.0 m
Regime:                       IMG
Component:                    
Unit:                         ug/m3
Matrix:                       
Laboratory code:              US03L
Instrument type:              filterpack
Instrument name:              filterpack_US9051
Method ref:                   US03L_IMPROVE_Davis
Blank correction:             Blank corrected
Volume std. temperature:      ambient
Volume std. pressure:         ambient
starttime endtime PM10 flag_PM10 PM2.5 flag_PM2.5
  2.208333   3.208333 999.999 0.999 999.999 0.999000
  5.208333   6.208333 999.999 0.999 999.999 0.999000
  9.208333  10.208333  23.565 0.000  12.772 0.000000
 12.208333  13.208333  12.822 0.000   6.808 0.000000
 16.208333  17.208333 999.999 0.999 999.999 0.999000
 19.208333  20.208333  34.197 0.000  21.159 0.000000
 23.208333  24.208333  27.273 0.000  19.962 0.000000
 26.208333  27.208333  18.431 0.000  11.732 0.000000
 30.208333  31.208333  32.581 0.000  21.434 0.000000
 33.208333  34.208333  43.547 0.000  22.708 0.000000
 37.208333  38.208333  25.157 0.000  17.928 0.000000
 40.208333  41.208333  25.681 0.000  14.641 0.000000
 44.208333  45.208333  30.087 0.000  15.351 0.000000
 47.208333  48.208333  18.176 0.000  15.962 0.000000
 51.208333  52.208333  27.260 0.000  18.658 0.000000
 54.208333  55.208333  14.080 0.000   5.779 0.000000
 58.208333  59.208333  30.480 0.000  22.054 0.000000
 61.208333  62.208333 999.999 0.999 999.999 0.999000
 65.208333  66.208333  25.081 0.000  13.498 0.000000
 68.208333  69.208333 999.999 0.999 999.999 0.999000
 72.208333  73.208333  41.195 0.000  22.339 0.000000
 75.208333  76.208333  21.887 0.000   8.766 0.000000
 79.208333  80.208333  22.983 0.000  15.863 0.000000
 82.208333  83.208333  17.062 0.000  14.519 0.000000
 86.208333  87.208333  28.097 0.000  18.987 0.000000
 89.208333  90.208333  21.204 0.000  12.660 0.000000
 93.208333  94.208333  21.687 0.000   8.139 0.000000
 96.208333  97.208333 999.999 0.999  15.981 0.000000
100.208333 101.208333  14.292 0.000  10.921 0.000000
103.208333 104.208333  26.385 0.000  21.238 0.000000
107.208333 108.208333  13.420 0.000   8.612 0.000000
110.208333 111.208333  42.350 0.000  19.521 0.000000
114.208333 115.208333  53.158 0.000 999.999 0.999000
117.208333 118.208333 999.999 0.999 999.999 0.999000
121.208333 122.208333  26.130 0.000  12.571 0.000000
124.208333 125.208333  24.476 0.000  15.175 0.000000
128.208333 129.208333  31.790 0.000  19.647 0.000000
131.208333 132.208333  20.577 0.000  12.690 0.000000
135.208333 136.208333  36.595 0.000  26.720 0.000000
138.208333 139.208333  32.444 0.000  19.527 0.000000
142.208333 143.208333  17.512 0.000  10.097 0.000000
145.208333 146.208333  40.197 0.000  23.766 0.000000
149.208333 150.208333  13.263 0.000   6.604 0.000000
152.208333 153.208333  30.872 0.000  22.736 0.000000
156.208333 157.208333  35.974 0.000  25.220 0.000000
159.208333 160.208333  31.718 0.000  21.614 0.000000
163.208333 164.208333  27.563 0.000  14.953 0.000000
166.208333 167.208333 999.999 0.999 999.999 0.999000
170.208333 171.208333  36.910 0.000  17.079 0.000000
173.208333 174.208333  73.799 0.000  14.232 0.000000
177.208333 178.208333 999.999 0.999 999.999 0.999000
180.208333 181.208333 999.999 0.999 999.999 0.999000
184.208333 185.208333 999.999 0.999 999.999 0.999000
187.208333 188.208333  26.727 0.000  17.577 0.000000
191.208333 192.208333 999.999 0.999 999.999 0.999000
194.208333 195.208333  20.985 0.000  12.928 0.000000
198.208333 199.208333  42.576 0.000  15.446 0.000000
201.208333 202.208333 999.999 0.999 999.999 0.999000
205.208333 206.208333  30.121 0.000  20.157 0.000000
208.208333 209.208333  43.863 0.000  12.523 0.000000
212.208333 213.208333  19.598 0.000  11.087 0.000000
215.208333 216.208333 999.999 0.999 999.999 0.999000
219.208333 220.208333  40.995 0.000  21.795 0.000000
222.208333 223.208333  24.352 0.000  17.000 0.000000
226.208333 227.208333 999.999 0.999 999.999 0.999000
229.208333 230.208333 999.999 0.999 999.999 0.999000
233.208333 234.208333  14.138 0.000   7.671 0.000000
236.208333 237.208333 999.999 0.999 999.999 0.999000
240.208333 241.208333  37.478 0.000  22.698 0.000000
243.208333 244.208333  27.489 0.000  18.222 0.559000
247.208333 248.208333  37.367 0.000  25.510 0.559000
250.208333 251.208333  24.273 0.000  14.715 0.559000
254.208333 255.208333  49.857 0.000 999.999 0.559259
257.208333 258.208333  25.419 0.000  18.232 0.559000
261.208333 262.208333  34.472 0.000  23.214 0.559000
264.208333 265.208333  29.057 0.000  21.396 0.559000
268.208333 269.208333 999.999 0.999 999.999 0.999000
271.208333 272.208333 999.999 0.999 999.999 0.999000
275.208333 276.208333  25.403 0.000  17.788 0.559000
278.208333 279.208333  23.146 0.000  16.698 0.559000
282.208333 283.208333 999.999 0.999   7.177 0.559000
285.208333 286.208333 999.999 0.999   9.880 0.559000
289.208333 290.208333 999.999 0.999  19.787 0.559000
292.208333 293.208333 999.999 0.999  11.468 0.559000
296.208333 297.208333 999.999 0.999  13.668 0.559000
299.208333 300.208333 999.999 0.999   9.006 0.559000
303.208333 304.208333 999.999 0.999  28.479 0.559000
306.208333 307.208333 999.999 0.999 999.999 0.559259
310.208333 311.208333 999.999 0.999  14.494 0.559000
313.208333 314.208333 999.999 0.999   7.788 0.559000
317.208333 318.208333 999.999 0.999  15.185 0.559000
320.208333 321.208333 999.999 0.999  16.656 0.559000
324.208333 325.208333 999.999 0.999 999.999 0.999000
327.208333 328.208333 999.999 0.999   5.418 0.559000
331.208333 332.208333 999.999 0.999  19.456 0.559000
334.208333 335.208333 999.999 0.999 999.999 0.999000
338.208333 339.208333 999.999 0.999  10.274 0.559000
341.208333 342.208333 999.999 0.999 999.999 0.999000
345.208333 346.208333 999.999 0.999 999.999 0.999000
348.208333 349.208333 999.999 0.999  16.438 0.559000
352.208333 353.208333 999.999 0.999   9.598 0.559000
355.208333 356.208333 999.999 0.999 999.999 0.559259
359.208333 360.208333 999.999 0.999 999.999 0.999000
362.208333 363.208333 999.999 0.999 999.999 0.999000
