scripts/IMPROVE-2019_partial/data/US9023R.20060102050000.20191216000000.filterpack..pm25.52w.1w.US03L_filterpack_US9023_2.US03L_IMPROVE_Davis.lev2.nas
52 1001
MISSING INFORMATION
US03L, IMPROVE, , , , , , , 
MISSING INFORMATION
IMPROVE sel_HTAP
1 1
2006 01 01 2019 12 16
3.000000
days from file reference point
13
1 1 1 1 1 1 1 1 1 1 1 1 1
999.999999 999.99 9.999 999.99 9.999 9.999 9.999 99.99 9.999 999.999 9.999 9.999 9.999
end_time of measurement, days from the file reference point
iron, ng/m3, Revision date=20181210133000
numflag iron, no unit, Revision date=20181210133000
lead, ng/m3, Revision date=20181210133000
numflag lead, no unit, Revision date=20181210133000
magnesium, ug/m3, Revision date=20181210133000
numflag magnesium, no unit, Revision date=20181210133000
nickel, ng/m3, Revision date=20181210133000
numflag nickel, no unit, Revision date=20181210133000
pm25_mass, ug/m3, Version=2, Version description=Data extracted from http://views.cira.colostate.edu/fed/DataWizard 2019-12-16, Sample duration=1d, Orig. time res.=3d, Blank correction=Blank corrected, Volume std. temperature=ambient, Volume std. pressure=ambient
numflag pm25_mass, no unit, Version=2, Version description=Data extracted from http://views.cira.colostate.edu/fed/DataWizard 2019-12-16, Sample duration=1d, Orig. time res.=3d, Blank correction=Blank corrected, Volume std. temperature=ambient, Volume std. pressure=ambient
potassium, ug/m3, Revision date=20181210133000
numflag potassium, no unit, Revision date=20181210133000
0
25
Data definition:              EBAS_1.1
Set type code:                TU
Timezone:                     UTC
File name:                    US9023R.20060102050000.20191216000000.filterpack..pm25.52w.1w.US03L_filterpack_US9023_2.US03L_IMPROVE_Davis.lev2.nas
File creation:                20191218120639
Startdate:                    20060102050000
Revision date:                20191216000000
Statistics:                   arithmetic mean
Data level:                   2
Period code:                  52w
Resolution code:              1w
Station code:                 US9023R
Platform code:                US9023S
Station name:                 Proctor Maple R. F.
Station latitude:             44.5284
Station longitude:            -72.8688
Station altitude:             401.0 m
Regime:                       IMG
Component:                    
Matrix:                       pm25
Laboratory code:              US03L
Instrument type:              filterpack
Instrument name:              filterpack_US9023_2
Method ref:                   US03L_IMPROVE_Davis
starttime endtime Fe flag_Fe Pb flag_Pb Mg++ flag_Mg++ Ni flag_Ni PM2.5 flag_PM2.5 K+ flag_K+
  1.208333   2.208333   4.65 0.000   1.99 0.000 0.010 0.000  0.90 0.000   6.851 0.000 0.053 0.000
  4.208333   5.208333   5.13 0.000   1.53 0.000 9.999 0.259  1.69 0.000   3.877 0.000 0.024 0.000
  7.208333   8.208333  14.60 0.000   2.65 0.000 9.999 0.259  0.35 0.000   7.424 0.000 0.030 0.000
 10.208333  11.208333  20.36 0.000   1.96 0.000 9.999 0.259  0.58 0.000   8.725 0.000 0.033 0.000
 13.208333  14.208333  10.55 0.000   0.62 0.000 0.009 0.000  0.55 0.000   2.541 0.000 0.019 0.000
 16.208333  17.208333   3.81 0.000   0.93 0.000 0.007 0.000  0.22 0.000   1.879 0.000 0.017 0.000
 19.208333  20.208333  35.09 0.000   2.92 0.000 9.999 0.259  0.50 0.000   5.531 0.000 0.044 0.000
 22.208333  23.208333   4.11 0.000   1.35 0.000 9.999 0.259  0.52 0.000   2.733 0.000 0.023 0.000
 25.208333  26.208333   4.77 0.000   1.21 0.000 0.015 0.000  0.45 0.000   4.117 0.000 0.025 0.000
 28.208333  29.208333  20.58 0.000   2.85 0.000 9.999 0.259  0.24 0.000   6.563 0.000 0.036 0.000
 31.208333  32.208333  13.13 0.000   1.62 0.000 9.999 0.259  0.66 0.000   4.857 0.000 0.032 0.000
 34.208333  35.208333   0.19 0.000   0.21 0.000 9.999 0.259 99.99 0.259 999.999 0.259 9.999 0.259
 37.208333  38.208333   0.53 0.000 999.99 0.259 9.999 0.259 99.99 0.259   0.281 0.000 9.999 0.259
 40.208333  41.208333  12.20 0.000   4.04 0.000 9.999 0.259  0.16 0.000   3.547 0.000 0.032 0.000
 43.208333  44.208333  15.62 0.000   2.28 0.000 9.999 0.259  0.42 0.000   3.197 0.000 0.031 0.000
 46.208333  47.208333  34.88 0.000   3.16 0.000 9.999 0.259  0.59 0.000  10.646 0.000 0.067 0.000
 49.208333  50.208333  10.30 0.000   0.99 0.000 0.018 0.000  0.21 0.000   2.964 0.000 0.026 0.000
 52.208333  53.208333  21.28 0.000   1.98 0.000 9.999 0.259  0.21 0.000   7.670 0.000 0.039 0.000
 55.208333  56.208333   6.53 0.000   1.43 0.000 9.999 0.259  0.23 0.000   2.327 0.000 0.028 0.000
 58.208333  59.208333   6.33 0.000   1.30 0.000 9.999 0.259  0.16 0.000   1.961 0.000 0.022 0.000
 61.208333  62.208333   6.52 0.000   1.03 0.000 9.999 0.259  0.21 0.000   3.504 0.000 0.030 0.000
 64.208333  65.208333   5.42 0.000   0.38 0.000 9.999 0.259  0.24 0.000   2.114 0.000 0.017 0.000
 67.208333  68.208333  25.55 0.000   2.88 0.000 9.999 0.259  1.38 0.000   7.130 0.000 0.042 0.000
 70.208333  71.208333  19.35 0.000   3.27 0.000 9.999 0.259  0.45 0.000   7.617 0.000 0.036 0.000
 73.208333  74.208333   6.46 0.000   0.84 0.000 9.999 0.259 99.99 0.259   1.921 0.000 0.014 0.000
 76.208333  77.208333  11.58 0.000   1.30 0.000 9.999 0.259 99.99 0.259   3.352 0.000 0.028 0.000
 79.208333  80.208333   8.31 0.000   0.86 0.000 0.031 0.000 99.99 0.259   2.895 0.000 0.029 0.000
 82.208333  83.208333   6.70 0.000   2.72 0.000 9.999 0.259  0.22 0.000   2.741 0.000 0.048 0.000
 85.208333  86.208333  19.89 0.000   1.66 0.000 9.999 0.259  0.25 0.000   3.113 0.000 0.039 0.000
 88.208333  89.208333  38.23 0.000   2.39 0.000 9.999 0.259  0.23 0.000   6.978 0.000 0.041 0.000
 91.208333  92.208333  17.50 0.000   1.23 0.000 9.999 0.259  0.16 0.000   2.477 0.000 0.023 0.000
 94.208333  95.208333  11.73 0.000   0.68 0.000 0.004 0.000  0.17 0.000   2.674 0.000 0.019 0.000
 97.208333  98.208333  23.25 0.000   0.99 0.000 0.011 0.000  0.14 0.000   2.889 0.000 0.029 0.000
100.208333 101.208333  41.82 0.000   2.28 0.000 9.999 0.259  0.32 0.000   5.836 0.000 0.042 0.000
103.208333 104.208333  17.49 0.000   1.63 0.000 9.999 0.259 99.99 0.259   4.688 0.000 0.025 0.000
106.208333 107.208333   4.10 0.000   0.72 0.000 9.999 0.259  0.29 0.000   2.142 0.000 0.010 0.000
109.208333 110.208333  51.08 0.000   1.18 0.000 0.022 0.000  0.25 0.000   3.252 0.000 0.035 0.000
112.208333 113.208333  18.73 0.000   0.83 0.000 0.008 0.000  0.16 0.000   1.892 0.000 0.019 0.000
115.208333 116.208333  24.65 0.000   1.90 0.000 0.010 0.000 99.99 0.259   2.781 0.000 0.021 0.000
118.208333 119.208333  25.75 0.000   1.41 0.000 0.007 0.000  0.32 0.000   2.988 0.000 0.026 0.000
121.208333 122.208333  23.02 0.000   0.58 0.000 9.999 0.259 99.99 0.259   1.698 0.000 0.020 0.000
124.208333 125.208333  31.24 0.000   1.32 0.000 9.999 0.259 99.99 0.259   5.923 0.000 0.021 0.000
127.208333 128.208333  36.42 0.000   1.86 0.000 9.999 0.259 99.99 0.259   4.731 0.000 0.036 0.000
130.208333 131.208333 999.99 0.456 999.99 0.456 9.999 0.456 99.99 0.456 999.999 0.456 9.999 0.456
133.208333 134.208333  18.67 0.000   1.66 0.000 9.999 0.259 99.99 0.259   5.115 0.000 0.050 0.000
136.208333 137.208333   6.97 0.000   1.34 0.000 9.999 0.259 99.99 0.259   5.658 0.000 0.013 0.000
139.208333 140.208333   7.48 0.000   0.66 0.000 9.999 0.259 99.99 0.259   3.273 0.000 0.011 0.000
142.208333 143.208333   6.39 0.000   1.24 0.000 9.999 0.259 99.99 0.259   1.376 0.000 0.012 0.000
145.208333 146.208333 999.99 0.456 999.99 0.456 9.999 0.456 99.99 0.456 999.999 0.456 9.999 0.456
148.208333 149.208333  33.20 0.000   2.68 0.000 9.999 0.259  0.18 0.000  10.654 0.000 0.047 0.000
151.208333 152.208333  24.52 0.000   1.51 0.000 9.999 0.259  0.54 0.000  12.811 0.000 0.035 0.000
154.208333 155.208333  11.82 0.000   0.98 0.000 9.999 0.259  0.12 0.000   2.442 0.000 0.018 0.000
157.208333 158.208333  12.39 0.000   0.94 0.000 0.014 0.000  0.25 0.000   7.103 0.000 0.032 0.000
160.208333 161.208333   0.48 0.000   0.34 0.000 0.009 0.000 99.99 0.259   0.248 0.000 0.003 0.000
163.208333 164.208333  12.92 0.000   1.54 0.000 0.007 0.000 99.99 0.259   4.782 0.000 0.031 0.000
166.208333 167.208333  18.50 0.000   1.85 0.000 9.999 0.259  0.13 0.000   4.809 0.000 0.022 0.000
169.208333 170.208333  35.00 0.000   2.10 0.000 9.999 0.259  0.26 0.000  19.280 0.000 0.043 0.000
172.208333 173.208333  24.65 0.000   1.72 0.000 9.999 0.259  0.34 0.000  13.234 0.000 0.027 0.000
175.208333 176.208333  13.29 0.000   1.18 0.000 9.999 0.259  0.09 0.000   5.350 0.000 0.024 0.000
178.208333 179.208333   5.59 0.000   1.09 0.000 0.014 0.000  0.15 0.000   2.046 0.000 0.012 0.000
181.208333 182.208333  16.49 0.000   1.49 0.000 9.999 0.259  0.18 0.000  11.062 0.000 0.062 0.000
184.208333 185.208333  25.61 0.000   3.26 0.000 9.999 0.259 99.99 0.259  16.761 0.000 0.152 0.000
187.208333 188.208333   7.45 0.000   3.81 0.000 0.007 0.000 99.99 0.259   4.318 0.000 0.025 0.000
190.208333 191.208333 999.99 0.999 999.99 0.999 9.999 0.999 99.99 0.999 999.999 0.999 9.999 0.999
193.208333 194.208333  28.41 0.000   2.04 0.000 9.999 0.259  0.43 0.000  10.137 0.000 0.028 0.000
196.208333 197.208333  19.83 0.000   2.30 0.000 0.018 0.000  0.31 0.000  12.697 0.000 0.031 0.000
199.208333 200.208333  10.86 0.000   1.38 0.000 9.999 0.259  0.12 0.000   3.793 0.000 0.015 0.000
202.208333 203.208333   9.19 0.000   1.57 0.000 9.999 0.259 99.99 0.259   6.232 0.000 0.023 0.000
205.208333 206.208333  23.53 0.000   2.51 0.000 9.999 0.259  0.22 0.000  17.465 0.000 0.031 0.000
208.208333 209.208333  28.09 0.000   1.76 0.000 9.999 0.259  0.35 0.000  13.862 0.000 0.030 0.000
211.208333 212.208333 999.99 0.456 999.99 0.456 9.999 0.456 99.99 0.456 999.999 0.456 9.999 0.456
214.208333 215.208333  15.18 0.000   0.68 0.000 9.999 0.259  0.40 0.000   6.201 0.000 0.024 0.000
217.208333 218.208333   4.26 0.000   1.01 0.000 9.999 0.259 99.99 0.259   2.658 0.000 0.020 0.000
220.208333 221.208333  11.57 0.000   1.25 0.000 9.999 0.259 99.99 0.259   2.491 0.000 0.018 0.000
223.208333 224.208333   5.75 0.000   3.06 0.000 9.999 0.259 99.99 0.259   1.938 0.000 0.017 0.000
226.208333 227.208333  21.35 0.000   1.84 0.000 9.999 0.259  0.23 0.000   8.562 0.000 0.023 0.000
229.208333 230.208333  30.25 0.000   3.08 0.000 0.015 0.000  0.35 0.000 999.999 0.456 0.035 0.000
232.208333 233.208333  18.22 0.000   2.22 0.000 0.015 0.000  0.29 0.000 999.999 0.456 0.025 0.000
235.208333 236.208333   0.11 0.000   0.24 0.000 9.999 0.259 99.99 0.259 999.999 0.456 0.001 0.000
238.208333 239.208333   2.27 0.000   0.27 0.000 0.003 0.000 99.99 0.259 999.999 0.456 9.999 0.259
241.208333 242.208333  14.18 0.000   1.06 0.000 9.999 0.259  0.22 0.000   2.956 0.000 0.016 0.000
244.208333 245.208333   5.15 0.000   0.66 0.000 9.999 0.259  0.22 0.000   2.270 0.000 0.017 0.000
247.208333 248.208333   4.07 0.000   0.93 0.000 9.999 0.259  0.15 0.000   1.994 0.000 0.013 0.000
250.208333 251.208333  20.94 0.000   1.49 0.000 9.999 0.259  0.19 0.000  10.568 0.000 0.038 0.000
253.208333 254.208333   3.26 0.000   0.81 0.000 9.999 0.259  0.16 0.000   2.162 0.000 0.012 0.000
256.208333 257.208333  16.99 0.000   0.84 0.000 0.018 0.000  0.62 0.000   5.699 0.000 0.022 0.000
259.208333 260.208333   5.98 0.000   2.82 0.000 9.999 0.259  0.28 0.000   4.854 0.000 0.029 0.000
262.208333 263.208333  11.13 0.000  23.72 0.000 9.999 0.259  0.12 0.000   2.943 0.000 0.015 0.000
265.208333 266.208333  22.81 0.000   2.84 0.000 9.999 0.259  0.35 0.000  10.464 0.000 0.034 0.000
268.208333 269.208333   4.29 0.000   0.68 0.000 0.008 0.000  0.20 0.000   1.865 0.000 0.011 0.000
271.208333 272.208333   5.10 0.000   0.85 0.000 9.999 0.259  0.16 0.000   2.403 0.000 0.008 0.000
274.208333 275.208333   5.89 0.000   0.95 0.000 0.007 0.000  0.24 0.000   3.442 0.000 0.013 0.000
277.208333 278.208333  11.09 0.000   0.63 0.000 9.999 0.259  0.23 0.000   2.075 0.000 0.009 0.000
280.208333 281.208333   9.37 0.000   2.26 0.000 9.999 0.259  0.26 0.000   2.607 0.000 0.032 0.000
283.208333 284.208333  16.59 0.000   1.23 0.000 0.011 0.000  0.30 0.000   4.071 0.000 0.025 0.000
286.208333 287.208333  16.51 0.000   1.30 0.000 9.999 0.259 99.99 0.259   3.997 0.000 0.021 0.000
289.208333 290.208333  24.13 0.000   3.31 0.000 9.999 0.259  0.52 0.000   5.298 0.000 0.030 0.000
292.208333 293.208333 999.99 0.456 999.99 0.456 9.999 0.456 99.99 0.456 999.999 0.456 9.999 0.456
295.208333 296.208333  11.34 0.000   2.10 0.000 9.999 0.259  0.42 0.000   5.384 0.000 0.024 0.000
298.208333 299.208333   3.32 0.000   0.40 0.000 0.012 0.000 99.99 0.259   1.328 0.000 0.009 0.000
301.208333 302.208333 999.99 0.999 999.99 0.999 9.999 0.999 99.99 0.999 999.999 0.999 9.999 0.999
304.208333 305.208333  16.12 0.000   1.22 0.000 9.999 0.259 99.99 0.259   4.923 0.000 0.037 0.000
307.208333 308.208333   3.20 0.000   0.83 0.000 9.999 0.259  0.29 0.000   1.999 0.000 0.012 0.000
310.208333 311.208333 999.99 0.456 999.99 0.456 9.999 0.456 99.99 0.456 999.999 0.456 9.999 0.456
313.208333 314.208333   6.55 0.000   1.08 0.000 9.999 0.259 99.99 0.259   2.619 0.000 0.012 0.000
316.208333 317.208333   1.28 0.000   0.56 0.000 9.999 0.259  0.18 0.000   1.430 0.000 0.015 0.000
319.208333 320.208333   4.92 0.000   0.66 0.000 9.999 0.259  0.41 0.000   4.566 0.000 0.013 0.000
322.208333 323.208333   7.40 0.000   1.89 0.000 0.017 0.000  0.25 0.000   3.688 0.000 0.013 0.000
325.208333 326.208333  10.24 0.000   0.81 0.000 9.999 0.259 99.99 0.259   3.131 0.000 0.028 0.000
328.208333 329.208333  10.53 0.000   1.23 0.000 9.999 0.259  0.41 0.000   2.952 0.000 0.030 0.000
331.208333 332.208333   7.46 0.000   2.11 0.000 9.999 0.259  0.37 0.000 999.999 0.456 0.033 0.000
334.208333 335.208333   2.07 0.000   0.19 0.000 9.999 0.259  0.17 0.000   0.553 0.000 0.005 0.000
337.208333 338.208333   9.58 0.000   0.88 0.000 9.999 0.259  0.24 0.000   3.841 0.000 0.025 0.000
340.208333 341.208333  18.84 0.000   1.98 0.000 9.999 0.259  0.31 0.000   5.744 0.000 0.034 0.000
343.208333 344.208333  29.35 0.000   3.11 0.000 9.999 0.259  0.40 0.000   7.187 0.000 0.050 0.000
346.208333 347.208333   7.32 0.000   1.29 0.000 9.999 0.259  0.52 0.000   4.582 0.000 0.017 0.000
349.208333 350.208333   4.07 0.000   0.74 0.000 9.999 0.259  0.14 0.000   1.945 0.000 0.011 0.000
352.208333 353.208333   4.31 0.000   0.58 0.000 9.999 0.259  0.17 0.000   2.142 0.000 0.014 0.000
355.208333 356.208333  14.28 0.000   1.75 0.000 9.999 0.259  0.32 0.000   1.963 0.000 0.021 0.000
358.208333 359.208333   6.25 0.000   0.76 0.000 0.011 0.000  0.22 0.000   2.615 0.000 0.019 0.000
361.208333 362.208333   4.57 0.000   2.09 0.000 9.999 0.259  0.28 0.000   3.312 0.000 0.026 0.000
364.208333 365.208333   6.32 0.000   1.27 0.000 9.999 0.259  0.28 0.000   3.112 0.000 0.026 0.000
