scripts/IMPROVE-2019_partial/data/US9023R.20050101050000.20191216000000.filterpack..pm25.52w.1w.US03L_filterpack_US9023_2.US03L_IMPROVE_Davis.lev2.nas
55 1001
MISSING INFORMATION
US03L, IMPROVE, , , , , , , 
MISSING INFORMATION
IMPROVE sel_HTAP
1 1
2005 01 01 2019 12 16
3.000000
days from file reference point
15
1 1 1 1 1 1 1 1 1 1 1 1 1 1 1
999.999999 999.99 9.999 99.99 9.999 9.999 9.999999 99.99 9.999999 999.99 9.999999 999.999 9.999 9.999 9.999
end_time of measurement, days from the file reference point
iron, ng/m3, Revision date=20181210133000
numflag iron, no unit, Revision date=20181210133000
lead, ng/m3, Revision date=20181210133000
numflag lead, no unit, Revision date=20181210133000
magnesium, ug/m3, Revision date=20181210133000
numflag magnesium, no unit, Revision date=20181210133000
nickel, ng/m3, Revision date=20181210133000
numflag nickel, no unit, Revision date=20181210133000
phosphorus, ng/m3, Revision date=20181210133000
numflag phosphorus, no unit, Revision date=20181210133000
pm25_mass, ug/m3, Version=2, Version description=Data extracted from http://views.cira.colostate.edu/fed/DataWizard 2019-12-16, Sample duration=1d, Orig. time res.=3d, Blank correction=Blank corrected, Volume std. temperature=ambient, Volume std. pressure=ambient
numflag pm25_mass, no unit, Version=2, Version description=Data extracted from http://views.cira.colostate.edu/fed/DataWizard 2019-12-16, Sample duration=1d, Orig. time res.=3d, Blank correction=Blank corrected, Volume std. temperature=ambient, Volume std. pressure=ambient
potassium, ug/m3, Revision date=20181210133000
numflag potassium, no unit, Revision date=20181210133000
0
26
Data definition:              EBAS_1.1
Set type code:                TU
Timezone:                     UTC
File name:                    US9023R.20050101050000.20191216000000.filterpack..pm25.52w.1w.US03L_filterpack_US9023_2.US03L_IMPROVE_Davis.lev2.nas
File creation:                20191218120639
Startdate:                    20050101050000
Revision date:                20191216000000
Statistics:                   arithmetic mean
Data level:                   2
Period code:                  52w
Resolution code:              1w
Station code:                 US9023R
Platform code:                US9023S
Station name:                 Proctor Maple R. F.
Station latitude:             44.5284
Station longitude:            -72.8688
Station altitude:             401.0 m
Regime:                       IMG
Component:                    
Unit:                         ng/m3
Matrix:                       pm25
Laboratory code:              US03L
Instrument type:              filterpack
Instrument name:              filterpack_US9023_2
Method ref:                   US03L_IMPROVE_Davis
starttime endtime Fe flag_Fe Pb flag_Pb Mg++ flag_Mg++ Ni flag_Ni P flag_P PM2.5 flag_PM2.5 K+ flag_K+
  0.208333   1.208333   8.23 0.000  1.42 0.000 9.999 0.259000  0.33 0.000000 999.99 0.259000   4.629 0.000 0.026 0.000
  3.208333   4.208333  11.81 0.000  3.04 0.000 9.999 0.259000  0.35 0.000000 999.99 0.259000   5.674 0.000 0.032 0.000
  6.208333   7.208333   4.68 0.000  1.68 0.000 9.999 0.259000  0.29 0.000000 999.99 0.259000   1.922 0.000 0.018 0.000
  9.208333  10.208333  13.86 0.000  1.75 0.000 9.999 0.259000  0.65 0.000000 999.99 0.259000   8.243 0.000 0.026 0.000
 12.208333  13.208333 999.99 0.259  1.04 0.000 9.999 0.259000  0.65 0.000000 999.99 0.259000   7.526 0.000 9.999 0.259
 15.208333  16.208333  11.24 0.000  1.58 0.000 9.999 0.259000  0.60 0.000000 999.99 0.259000   4.738 0.000 0.036 0.000
 18.208333  19.208333   7.80 0.000  1.81 0.000 0.027 0.000000  0.75 0.000000 999.99 0.259000   3.144 0.000 0.030 0.000
 21.208333  22.208333   5.69 0.000  2.95 0.000 9.999 0.259000  0.29 0.000000 999.99 0.259000   4.884 0.000 0.032 0.000
 24.208333  25.208333  12.07 0.000  1.93 0.000 9.999 0.259000  0.49 0.000000 999.99 0.259000   3.213 0.000 0.033 0.000
 27.208333  28.208333  15.58 0.000  1.30 0.000 9.999 0.259000  0.31 0.000000 999.99 0.259000   2.066 0.000 0.024 0.000
 30.208333  31.208333  16.07 0.000  0.61 0.000 9.999 0.259000  0.78 0.000000 999.99 0.259000   3.632 0.000 0.045 0.000
 33.208333  34.208333  15.49 0.000  1.34 0.000 9.999 0.259000  0.54 0.000000 999.99 0.259000   3.371 0.000 0.034 0.000
 36.208333  37.208333  19.43 0.000  3.38 0.000 9.999 0.259000  0.60 0.000000 999.99 0.259000   7.744 0.000 0.049 0.000
 39.208333  40.208333   8.87 0.000  1.85 0.000 9.999 0.259000  0.81 0.000000 999.99 0.259000   5.616 0.000 0.032 0.000
 42.208333  43.208333   0.03 0.000  1.69 0.000 9.999 0.259000  0.20 0.000000 999.99 0.259000   3.526 0.000 9.999 0.259
 45.208333  46.208333   5.91 0.000  1.28 0.000 0.006 0.000000  0.41 0.000000 999.99 0.259000   3.635 0.000 0.011 0.000
 48.208333  49.208333   7.42 0.000  0.92 0.000 9.999 0.259000  0.26 0.000000 999.99 0.259000   3.036 0.000 0.024 0.000
 51.208333  52.208333   5.08 0.000  0.56 0.000 0.011 0.000000 99.99 0.259000 999.99 0.259000   1.651 0.000 0.014 0.000
 54.208333  55.208333   0.02 0.000  0.69 0.000 9.999 0.259000  0.40 0.000000 999.99 0.259000   3.684 0.000 0.002 0.000
 57.208333  58.208333   9.78 0.000  0.82 0.000 9.999 0.259000  0.33 0.000000 999.99 0.259000   2.491 0.000 0.021 0.000
 60.208333  61.208333   9.10 0.000  1.05 0.000 9.999 0.259000  0.31 0.000000 999.99 0.259000   1.887 0.000 0.014 0.000
 63.208333  64.208333  11.41 0.000  1.63 0.000 9.999 0.259000  0.28 0.000000 999.99 0.259000   2.915 0.000 0.028 0.000
 66.208333  67.208333 999.99 0.456 99.99 0.456 9.999 0.456000 99.99 0.456000 999.99 0.456000 999.999 0.456 9.999 0.456
 69.208333  70.208333  17.47 0.000  2.00 0.000 0.005 0.000000  0.68 0.000000 999.99 0.259000   3.886 0.000 0.022 0.000
 72.208333  73.208333  10.32 0.000  1.97 0.000 9.999 0.259000  0.38 0.000000 999.99 0.259000   4.541 0.000 0.023 0.000
 75.208333  76.208333   0.03 0.000  2.32 0.000 9.999 0.259000  0.42 0.000000 999.99 0.259000   2.733 0.000 9.999 0.259
 78.208333  79.208333   9.14 0.000  1.37 0.000 9.999 0.259000  0.30 0.000000 999.99 0.259000   2.931 0.000 0.030 0.000
 81.208333  82.208333   0.03 0.000  3.19 0.000 9.999 0.259000  0.35 0.000000 999.99 0.259000   2.857 0.000 9.999 0.259
 84.208333  85.208333  21.82 0.000  3.73 0.000 9.999 0.259000  0.17 0.000000 999.99 0.259000   4.011 0.000 0.044 0.000
 87.208333  88.208333  11.50 0.000  1.88 0.000 9.999 0.259000  0.26 0.000000 999.99 0.259000   3.318 0.000 0.041 0.000
 90.208333  91.208333   0.03 0.000  1.54 0.000 9.999 0.259000  0.79 0.000000 999.99 0.259000   4.917 0.000 9.999 0.259
 93.208333  94.208333   0.03 0.000  0.78 0.000 9.999 0.259000  0.27 0.000000 999.99 0.259000   1.298 0.000 9.999 0.259
 96.208333  97.208333  41.45 0.000  5.46 0.000 9.999 0.259000  1.32 0.000000 999.99 0.259000   9.584 0.000 0.056 0.000
 99.208333 100.208333 999.99 0.259  1.78 0.000 9.999 0.259000  0.21 0.000000 999.99 0.259000   2.353 0.000 9.999 0.259
102.208333 103.208333  13.90 0.000  1.26 0.000 9.999 0.259000  0.47 0.000000 999.99 0.259000   2.340 0.000 0.022 0.000
105.208333 106.208333 999.99 0.259  1.65 0.000 9.999 0.259000 99.99 0.259000 999.99 0.259000   2.988 0.000 9.999 0.259
108.208333 109.208333  30.56 0.000  1.58 0.000 9.999 0.259000  0.31 0.000000 999.99 0.259000   4.961 0.000 0.035 0.000
111.208333 112.208333   0.02 0.000  1.86 0.000 9.999 0.259000  0.64 0.000000 999.99 0.259000   2.970 0.000 9.999 0.259
114.208333 115.208333   7.19 0.000  1.42 0.000 9.999 0.259000  0.31 0.000000 999.99 0.259000   5.756 0.000 0.012 0.000
117.208333 118.208333  11.06 0.000  1.09 0.000 9.999 0.259000 99.99 0.259000 999.99 0.259000   3.326 0.000 0.011 0.000
120.208333 121.208333  16.89 0.000  2.32 0.000 9.999 0.259000  0.40 0.000000 999.99 0.259000   5.474 0.000 0.026 0.000
123.208333 124.208333 999.99 0.259  1.26 0.000 9.999 0.259000  0.18 0.000000 999.99 0.259000   2.362 0.000 9.999 0.259
126.208333 127.208333  14.11 0.000  1.22 0.000 9.999 0.259000  0.44 0.000000 999.99 0.259000   4.182 0.000 0.017 0.000
129.208333 130.208333  15.94 0.000  1.05 0.000 9.999 0.259000  0.35 0.000000 999.99 0.259000   2.954 0.000 0.016 0.000
132.208333 133.208333  25.03 0.000  1.66 0.000 0.010 0.000000 99.99 0.259000 999.99 0.259000   2.140 0.000 0.023 0.000
135.208333 136.208333   0.04 0.000  1.49 0.000 9.999 0.259000 99.99 0.259000 999.99 0.259000   4.496 0.000 0.002 0.000
138.208333 139.208333  12.53 0.000  1.96 0.000 9.999 0.259000  0.19 0.000000 999.99 0.259000   2.848 0.000 0.013 0.000
141.208333 142.208333   0.80 0.000  0.39 0.000 0.006 0.000000 99.99 0.259000 999.99 0.259000   0.331 0.000 0.006 0.000
144.208333 145.208333   9.24 0.000  0.57 0.000 0.013 0.000000  0.36 0.000000 999.99 0.259000   1.923 0.000 0.015 0.000
147.208333 148.208333  13.76 0.000  1.65 0.000 9.999 0.259000  0.21 0.000000 999.99 0.259000   4.833 0.000 0.022 0.000
150.208333 151.208333   6.97 0.000  1.69 0.000 0.007 0.000000  0.19 0.000000 999.99 0.259000   4.619 0.000 0.014 0.000
153.208333 154.208333  41.64 0.000  2.59 0.000 9.999 0.259000  1.11 0.000000 999.99 0.259000  16.933 0.000 0.031 0.000
156.208333 157.208333  17.92 0.000  2.21 0.000 0.008 0.000000  0.31 0.000000 999.99 0.259000  15.670 0.000 0.054 0.000
159.208333 160.208333  24.68 0.000  1.96 0.000 9.999 0.259000 99.99 0.259000 999.99 0.259000  16.552 0.000 0.081 0.000
162.208333 163.208333  39.22 0.000  2.43 0.000 9.999 0.259000  0.67 0.000000 999.99 0.259000  25.002 0.000 0.046 0.000
165.208333 166.208333   4.42 0.000  0.77 0.000 9.999 0.259000  0.10 0.000000 999.99 0.259000   2.750 0.000 0.008 0.000
168.208333 169.208333   1.55 0.000  0.54 0.000 9.999 0.259000 99.99 0.259000 999.99 0.259000   0.961 0.000 0.009 0.000
171.208333 172.208333  20.36 0.000  2.05 0.000 9.999 0.259000  0.31 0.000000 999.99 0.259000   9.235 0.000 0.025 0.000
174.208333 175.208333  22.11 0.000  1.45 0.000 9.999 0.259000  0.32 0.000000 999.99 0.259000   7.933 0.000 0.034 0.000
177.208333 178.208333  33.78 0.000  2.17 0.000 9.999 0.259000  0.67 0.000000 999.99 0.259000  24.289 0.000 0.059 0.000
180.208333 181.208333  21.27 0.000  1.33 0.000 9.999 0.259000  0.28 0.000000 999.99 0.259000  19.551 0.000 0.044 0.000
183.208333 184.208333   4.54 0.000  2.19 0.000 9.999 0.259000  0.17 0.000000 999.99 0.259000   3.334 0.000 0.022 0.000
186.208333 187.208333   6.33 0.000  1.03 0.000 9.999 0.259000  0.07 0.000000 999.99 0.259000   4.879 0.000 0.021 0.000
189.208333 190.208333   2.89 0.000  0.93 0.000 9.999 0.259000 99.99 0.259000 999.99 0.259000   2.335 0.000 0.012 0.000
192.208333 193.208333  15.10 0.000  0.43 0.000 9.999 0.259000 99.99 0.259000 999.99 0.259000   8.339 0.000 0.049 0.000
195.208333 196.208333  12.75 0.000  1.20 0.000 9.999 0.259000 99.99 0.259000 999.99 0.259000   5.402 0.000 0.028 0.000
198.208333 199.208333  19.73 0.000  0.98 0.000 9.999 0.259000  0.81 0.000000 999.99 0.259000  19.419 0.000 0.018 0.000
201.208333 202.208333  18.03 0.000  1.21 0.000 9.999 0.259000  0.14 0.000000 999.99 0.259000   7.164 0.000 0.019 0.000
204.208333 205.208333   8.80 0.000  3.52 0.000 9.999 0.259000  0.14 0.000000 999.99 0.259000   4.063 0.000 0.022 0.000
207.208333 208.208333  12.32 0.000  1.15 0.000 9.999 0.259000 99.99 0.259000 999.99 0.259000   5.693 0.000 0.017 0.000
210.208333 211.208333   7.31 0.000  1.75 0.000 9.999 0.259000  0.11 0.000000 999.99 0.259000   3.134 0.000 0.011 0.000
213.208333 214.208333  20.16 0.000  2.03 0.000 9.999 0.259000  0.18 0.000000 999.99 0.259000  10.928 0.000 0.025 0.000
216.208333 217.208333  26.87 0.000  1.63 0.000 0.011 0.000000  0.62 0.000000 999.99 0.259000  15.147 0.000 0.028 0.000
219.208333 220.208333  25.02 0.000  2.52 0.000 0.026 0.000000  0.71 0.000000 999.99 0.259000  14.608 0.000 0.035 0.000
222.208333 223.208333  21.95 0.000  1.68 0.000 9.999 0.259000  0.23 0.000000 999.99 0.259000  12.522 0.000 0.028 0.000
225.208333 226.208333   7.34 0.000  0.87 0.000 0.005 0.000000 99.99 0.259000 999.99 0.259000   4.820 0.000 0.019 0.000
228.208333 229.208333  12.90 0.000  1.83 0.000 9.999 0.259000  0.20 0.000000 999.99 0.259000   4.253 0.000 0.018 0.000
231.208333 232.208333  15.72 0.000  2.51 0.000 9.999 0.259000  0.76 0.000000 999.99 0.259000   9.614 0.000 0.019 0.000
234.208333 235.208333   4.91 0.000  1.63 0.000 9.999 0.259000  0.10 0.000000 999.99 0.259000   1.777 0.000 0.013 0.000
237.208333 238.208333  19.49 0.000  0.99 0.000 9.999 0.259000  0.24 0.000000  12.89 0.000000   4.864 0.000 0.025 0.000
240.208333 241.208333   6.81 0.000  0.85 0.000 9.999 0.259000  0.60 0.000000 999.99 0.259000   5.721 0.000 0.014 0.000
243.208333 244.208333   6.08 0.000  1.44 0.000 0.006 0.000000  0.08 0.000000 999.99 0.259000   5.113 0.000 0.015 0.000
246.208333 247.208333   8.84 0.000  2.31 0.000 9.999 0.259000  0.18 0.000000 999.99 0.259000   5.130 0.000 0.026 0.000
249.208333 250.208333  14.87 0.000  2.83 0.000 9.999 0.259000  0.59 0.000000 999.99 0.259000   9.698 0.000 0.028 0.000
252.208333 253.208333  12.09 0.000  2.31 0.000 9.999 0.259000  0.26 0.000000 999.99 0.259000   2.260 0.000 0.016 0.000
255.208333 256.208333 999.99 0.456 99.99 0.456 9.999 0.456000 99.99 0.456000 999.99 0.456000 999.999 0.456 9.999 0.456
258.208333 259.208333  19.42 0.000  1.59 0.000 9.999 0.259000  1.03 0.000000 999.99 0.259000  14.008 0.000 0.031 0.000
261.208333 262.208333  12.20 0.000  2.33 0.000 9.999 0.259000  0.25 0.000000 999.99 0.259000   7.207 0.000 0.029 0.000
264.208333 265.208333  32.96 0.000  2.07 0.000 9.999 0.259000  0.30 0.000000 999.99 0.259000   8.664 0.000 0.038 0.000
267.208333 268.208333  17.32 0.000  2.61 0.000 9.999 0.259000  1.57 0.000000 999.99 0.259000   7.965 0.000 0.022 0.000
270.208333 271.208333  14.06 0.000  1.68 0.000 9.999 0.259000  0.27 0.000000 999.99 0.259000   3.399 0.000 0.017 0.000
273.208333 274.208333  17.06 0.000  1.27 0.000 9.999 0.259000  0.65 0.000000 999.99 0.259000   7.439 0.000 0.021 0.000
276.208333 277.208333  43.33 0.000  4.21 0.000 9.999 0.259000  5.13 0.000000 999.99 0.259000  20.734 0.000 0.043 0.000
279.208333 280.208333  20.34 0.000  1.45 0.000 9.999 0.259000  2.67 0.000000 999.99 0.259000   7.456 0.000 0.017 0.000
282.208333 283.208333   1.58 0.000  0.48 0.000 9.999 0.259000 99.99 0.259000 999.99 0.259000   1.294 0.000 0.013 0.000
285.208333 286.208333   2.23 0.000  0.35 0.000 0.033 0.000000  0.31 0.000000 999.99 0.259000   2.891 0.000 0.019 0.000
288.208333 289.208333   1.03 0.000  0.55 0.000 0.006 0.000000 99.99 0.259000 999.99 0.259000   0.846 0.000 0.006 0.000
291.208333 292.208333   5.53 0.000  0.43 0.000 9.999 0.259000  0.30 0.000000 999.99 0.259000   1.548 0.000 0.010 0.000
294.208333 295.208333   4.37 0.000  0.81 0.000 9.999 0.259000 99.99 0.259000 999.99 0.259000   2.358 0.000 0.015 0.000
297.208333 298.208333   0.63 0.394  0.25 0.394 9.999 0.394259 99.99 0.394259 999.99 0.394259   0.348 0.000 0.003 0.394
300.208333 301.208333   2.86 0.000  0.37 0.000 9.999 0.259000  0.22 0.000000 999.99 0.259000   2.644 0.000 0.011 0.000
303.208333 304.208333  33.55 0.394  4.83 0.394 9.999 0.394259  0.68 0.394000 999.99 0.394259  10.046 0.000 0.056 0.394
306.208333 307.208333  28.38 0.000  1.95 0.000 9.999 0.259000  0.39 0.000000 999.99 0.259000   5.505 0.000 0.044 0.000
309.208333 310.208333  23.96 0.000  4.53 0.000 0.010 0.000000  1.06 0.000000 999.99 0.259000  14.208 0.000 0.067 0.000
312.208333 313.208333   4.99 0.000  1.02 0.000 9.999 0.259000  0.42 0.000000 999.99 0.259000   1.460 0.000 0.010 0.000
315.208333 316.208333 999.99 0.456 99.99 0.456 9.999 0.456000 99.99 0.456000 999.99 0.456000 999.999 0.456 9.999 0.456
318.208333 319.208333   1.41 0.000  0.39 0.000 0.021 0.000000 99.99 0.259000 999.99 0.259000   0.521 0.000 0.007 0.000
321.208333 322.208333   4.23 0.000  0.86 0.000 9.999 0.259000 99.99 0.259000 999.99 0.259000   1.393 0.000 0.012 0.000
324.208333 325.208333  32.43 0.000  3.83 0.000 9.999 0.259000  0.41 0.000000 999.99 0.259000   8.220 0.000 0.063 0.000
327.208333 328.208333   4.44 0.000  0.77 0.000 9.999 0.259000  0.70 0.000000 999.99 0.259000   2.173 0.000 0.013 0.000
330.208333 331.208333  21.33 0.000  4.31 0.000 9.999 0.259000  1.95 0.000000 999.99 0.259000   7.933 0.000 0.054 0.000
333.208333 334.208333  12.18 0.000  0.68 0.000 9.999 0.259000 99.99 0.259000 999.99 0.259000   3.981 0.000 0.018 0.000
336.208333 337.208333   2.16 0.000  0.48 0.000 9.999 0.259000 99.99 0.259000 999.99 0.259000   1.141 0.000 0.008 0.000
339.208333 340.208333   9.42 0.000  1.16 0.000 0.007 0.000000  0.23 0.000000 999.99 0.259000   5.837 0.000 0.024 0.000
342.208333 343.208333   9.74 0.000  2.15 0.000 9.999 0.259000  1.34 0.000000 999.99 0.259000   3.250 0.000 0.022 0.000
345.208333 346.208333  14.93 0.000  1.97 0.000 9.999 0.259000  0.39 0.000000 999.99 0.259000   6.613 0.000 0.031 0.000
348.208333 349.208333   9.72 0.000  0.94 0.000 0.007 0.000000  0.39 0.000000 999.99 0.259000   5.404 0.000 0.047 0.000
351.208333 352.208333  15.96 0.000  1.39 0.000 9.999 0.259000  0.43 0.000000 999.99 0.259000   8.079 0.000 0.032 0.000
354.208333 355.208333   5.33 0.000  1.61 0.000 0.036 0.000000  0.21 0.000000 999.99 0.259000   3.922 0.000 0.033 0.000
357.208333 358.208333  22.27 0.000  2.53 0.000 9.999 0.259000  0.38 0.000000 999.99 0.259000  10.569 0.000 0.054 0.000
360.208333 361.208333   7.65 0.000  0.82 0.000 9.999 0.259000  0.42 0.000000 999.99 0.259000   2.520 0.000 0.018 0.000
363.208333 364.208333   8.50 0.000  0.57 0.000 9.999 0.259000  0.44 0.000000 999.99 0.259000   2.352 0.000 0.015 0.000
