scripts/IMPROVE-2019_partial/data/US9060R.20060102050000.20191216000000.filterpack..pm25.52w.1w.US03L_filterpack_US9060.US03L_IMPROVE_Davis.lev2.nas
66 1001
MISSING INFORMATION
US03L, IMPROVE, , , , , , , 
MISSING INFORMATION
IMPROVE sel_HTAP
1 1
2006 01 01 2019 12 16
3.000000
days from file reference point
27
1 1 1 1 1 1 1 1 1 1 1 1 1 1 1 1 1 1 1 1 1 1 1 1 1 1 1
999.999999 9999.99 9.999 99.99 9.999 9.999 9.999999 9.99 9.999999 99.999 9.999999 999.999 9.999 999.999 9.999 99.99 9.999999 999.999 9.999 999.999 9.999 999.999 9.999 9.999 9.999 99.999 9.999999
end_time of measurement, days from the file reference point
iron, ng/m3, Revision date=20181210133000
numflag iron, no unit, Revision date=20181210133000
lead, ng/m3, Revision date=20181210133000
numflag lead, no unit, Revision date=20181210133000
magnesium, ug/m3, Revision date=20181210133000
numflag magnesium, no unit, Revision date=20181210133000
nickel, ng/m3, Revision date=20181210133000
numflag nickel, no unit, Revision date=20181210133000
nitrate, ug N/m3, Revision date=20181210133000
numflag nitrate, no unit, Revision date=20181210133000
organic_carbon, ug C/m3, Revision date=20181210133000
numflag organic_carbon, no unit, Revision date=20181210133000
organic_mass, ug/m3, Revision date=20181210133000
numflag organic_mass, no unit, Revision date=20181210133000
phosphorus, ng/m3, Revision date=20181210133000
numflag phosphorus, no unit, Revision date=20181210133000
pm10_mass, ug/m3, Version=2, Version description=Data extracted from http://views.cira.colostate.edu/fed/DataWizard 2019-12-16, Sample duration=1d, Orig. time res.=3d, Matrix=pm10, Blank correction=Blank corrected, Volume std. temperature=ambient, Volume std. pressure=ambient
numflag pm10_mass, no unit, Version=2, Version description=Data extracted from http://views.cira.colostate.edu/fed/DataWizard 2019-12-16, Sample duration=1d, Orig. time res.=3d, Matrix=pm10, Blank correction=Blank corrected, Volume std. temperature=ambient, Volume std. pressure=ambient
pm10_pm25_mass, ug/m3, Revision date=20181210133000, Matrix=pm10_pm25
numflag pm10_pm25_mass, no unit, Revision date=20181210133000, Matrix=pm10_pm25
pm25_mass, ug/m3, Version=2, Version description=Data extracted from http://views.cira.colostate.edu/fed/DataWizard 2019-12-16, Sample duration=1d, Orig. time res.=3d, Blank correction=Blank corrected, Volume std. temperature=ambient, Volume std. pressure=ambient
numflag pm25_mass, no unit, Version=2, Version description=Data extracted from http://views.cira.colostate.edu/fed/DataWizard 2019-12-16, Sample duration=1d, Orig. time res.=3d, Blank correction=Blank corrected, Volume std. temperature=ambient, Volume std. pressure=ambient
potassium, ug/m3, Revision date=20181210133000
numflag potassium, no unit, Revision date=20181210133000
sulphate_total, ug S/m3, Revision date=20181210133000
numflag sulphate_total, no unit, Revision date=20181210133000
0
25
Data definition:              EBAS_1.1
Set type code:                TU
Timezone:                     UTC
File name:                    US9060R.20060102050000.20191216000000.filterpack..pm25.52w.1w.US03L_filterpack_US9060.US03L_IMPROVE_Davis.lev2.nas
File creation:                20191218120932
Startdate:                    20060102050000
Revision date:                20191216000000
Statistics:                   arithmetic mean
Data level:                   2
Period code:                  52w
Resolution code:              1w
Station code:                 US9060R
Platform code:                US9060S
Station name:                 Seney
Station latitude:             46.2889
Station longitude:            -85.9503
Station altitude:             214.0 m
Regime:                       IMG
Component:                    
Matrix:                       pm25
Laboratory code:              US03L
Instrument type:              filterpack
Instrument name:              filterpack_US9060
Method ref:                   US03L_IMPROVE_Davis
starttime endtime Fe flag_Fe Pb flag_Pb Mg++ flag_Mg++ Ni flag_Ni NO3- flag_NO3- OC flag_OC OM flag_OM P flag_P PM10 flag_PM10 PM10-PM2.5 flag_PM10-PM2.5 PM2.5 flag_PM2.5 K+ flag_K+ SO4-- flag_SO4--
[from data line 78]
235.208333 236.208333   13.97 0.000  0.58 0.000 9.999 0.259000 0.19 0.000000  0.006 0.559000   0.922 0.000   1.660 0.000 99.99 0.259000   4.702 0.000   2.303 0.000   2.400 0.000 0.013 0.000  0.084 0.559000
238.208333 239.208333    6.51 0.000  0.66 0.000 9.999 0.259000 0.18 0.000000  0.008 0.559000   0.966 0.000   1.739 0.000 99.99 0.259000   7.913 0.000   3.660 0.000   4.254 0.000 0.018 0.000  0.494 0.559000
241.208333 242.208333   16.02 0.000  2.23 0.000 9.999 0.259000 9.99 0.259000  0.009 0.559000   0.429 0.000   0.773 0.000 99.99 0.259000   3.966 0.000   1.712 0.000   2.255 0.000 0.016 0.000  0.041 0.559000
244.208333 245.208333   20.71 0.000  0.98 0.000 9.999 0.259000 9.99 0.259000  0.012 0.559000   0.945 0.000   1.700 0.000 99.99 0.259000   5.882 0.000   3.374 0.000   2.508 0.000 0.028 0.000  0.077 0.559000
247.208333 248.208333   18.04 0.000  0.76 0.000 9.999 0.259000 9.99 0.259000  0.009 0.559000   1.877 0.000   3.379 0.000 99.99 0.259000   8.148 0.000   2.891 0.000   5.257 0.000 0.026 0.000  0.180 0.559000
250.208333 251.208333 9999.99 0.999 99.99 0.999 9.999 0.999000 9.99 0.999000 99.999 0.999000 999.999 0.999 999.999 0.999 99.99 0.999000 999.999 0.999 999.999 0.999 999.999 0.999 9.999 0.999 99.999 0.999000
253.208333 254.208333 9999.99 0.999 99.99 0.999 9.999 0.999000 9.99 0.999000 99.999 0.999000 999.999 0.999 999.999 0.999 99.99 0.999000 999.999 0.999 999.999 0.999 999.999 0.999 9.999 0.999 99.999 0.999000
256.208333 257.208333    7.11 0.000  0.99 0.000 9.999 0.259000 0.22 0.000000  0.007 0.559000   0.883 0.000   1.590 0.000 99.99 0.259000   6.146 0.000   1.250 0.000   4.895 0.000 0.014 0.000  0.583 0.559000
259.208333 260.208333   71.48 0.000  4.65 0.000 9.999 0.259000 0.23 0.000000  0.094 0.559000   2.530 0.000   4.553 0.000 99.99 0.259000  23.663 0.000   3.171 0.000  20.491 0.000 0.085 0.000  3.038 0.559000
262.208333 263.208333    0.91 0.000  0.07 0.000 9.999 0.259000 9.99 0.259000  0.006 0.000000   0.171 0.000   0.307 0.000 99.99 0.259000   1.711 0.000   0.860 0.000   0.851 0.000 0.006 0.000  0.042 0.000000
265.208333 266.208333   28.17 0.000  2.10 0.000 9.999 0.259000 0.23 0.000000  0.139 0.559000   1.873 0.000   3.370 0.000 99.99 0.259000  14.373 0.000   1.942 0.000  12.431 0.000 0.031 0.000  1.814 0.559000
268.208333 269.208333   12.39 0.000  0.77 0.000 9.999 0.259000 9.99 0.259000  0.008 0.559000   0.465 0.000   0.837 0.000 99.99 0.259000   3.861 0.000   2.240 0.000   1.621 0.000 0.011 0.000  0.127 0.559000
271.208333 272.208333    3.74 0.000  0.31 0.000 9.999 0.259000 9.99 0.259000  0.011 0.559000   0.263 0.000   0.472 0.000 99.99 0.259000   2.286 0.000   1.190 0.000   1.095 0.000 0.011 0.000  0.108 0.559000
274.208333 275.208333   25.97 0.000  1.91 0.000 0.016 0.000000 0.08 0.000000  0.060 0.559000   1.012 0.000   1.822 0.000 99.99 0.259000   8.477 0.000   3.335 0.000   5.141 0.000 0.027 0.000  0.531 0.559000
277.208333 278.208333    3.79 0.000  0.36 0.000 9.999 0.259000 9.99 0.259000  0.003 0.559000   0.397 0.000   0.715 0.000 99.99 0.259000   2.607 0.000   0.866 0.000   1.742 0.000 0.013 0.000  0.183 0.559000
280.208333 281.208333   63.06 0.000  4.79 0.000 9.999 0.259000 0.15 0.000000  0.117 0.559000   1.378 0.000   2.481 0.000 99.99 0.259000  12.797 0.000   4.890 0.000   7.907 0.000 0.049 0.000  0.893 0.559000
283.208333 284.208333    4.28 0.000  0.34 0.000 9.999 0.259000 9.99 0.259000  0.010 0.000000   0.224 0.000   0.402 0.000 99.99 0.259000   1.791 0.000   0.496 0.000   1.295 0.000 0.007 0.000  0.127 0.000000
286.208333 287.208333    5.53 0.000  0.37 0.000 9.999 0.259000 9.99 0.259000  0.003 0.559000   0.013 0.000   0.023 0.000 99.99 0.259000   0.776 0.000   0.167 0.000   0.609 0.000 0.004 0.000  0.084 0.559000
289.208333 290.208333   15.76 0.000  2.09 0.000 0.009 0.000000 0.31 0.000000  0.100 0.559000   0.852 0.000   1.534 0.000 99.99 0.259000   4.440 0.000   0.497 0.000   3.942 0.000 0.024 0.000  0.352 0.559000
292.208333 293.208333    9.48 0.394  0.44 0.394 9.999 0.394259 9.99 0.394259  0.007 0.394000   0.603 0.394   1.085 0.394 99.99 0.394259   3.018 0.000   0.791 0.394   2.226 0.000 0.025 0.394  0.258 0.394000
295.208333 296.208333    1.93 0.000  0.19 0.000 0.011 0.000000 9.99 0.259000  0.002 0.000000   0.071 0.000   0.129 0.000 99.99 0.259000   1.039 0.000   0.518 0.000   0.521 0.000 0.013 0.000  0.085 0.000000
298.208333 299.208333    3.22 0.000  0.43 0.000 9.999 0.259000 0.19 0.000000  0.007 0.000000   0.469 0.000   0.844 0.000 99.99 0.259000   2.670 0.000   0.904 0.000   1.765 0.000 0.012 0.000  0.144 0.000000
301.208333 302.208333    1.27 0.000  0.39 0.000 0.007 0.000000 9.99 0.259000  0.005 0.000000   0.011 0.000   0.021 0.000 99.99 0.259000   1.668 0.000   0.686 0.000   0.982 0.000 0.005 0.000  0.107 0.000000
304.208333 305.208333   13.00 0.000  0.36 0.000 9.999 0.259000 9.99 0.259000  0.029 0.000000   0.337 0.000   0.607 0.000 99.99 0.259000   4.389 0.000   1.912 0.000   2.478 0.000 0.017 0.000  0.307 0.000000
307.208333 308.208333   15.63 0.000  1.56 0.000 9.999 0.259000 0.10 0.000000  0.494 0.000000   0.770 0.000   1.387 0.000 99.99 0.259000   8.121 0.000   3.078 0.000   5.043 0.000 0.028 0.000  0.303 0.000000
310.208333 311.208333   74.69 0.000  9.20 0.000 9.999 0.259000 0.75 0.000000  2.557 0.000000   2.772 0.000   4.990 0.000 99.99 0.259000  34.429 0.000   8.165 0.000  26.265 0.000 0.068 0.000  1.654 0.000000
313.208333 314.208333    0.75 0.000  0.22 0.000 9.999 0.259000 9.99 0.259000  0.013 0.000000   0.064 0.000   0.116 0.000  5.74 0.000000   0.918 0.000   0.186 0.000   0.732 0.000 0.004 0.000  0.076 0.000000
316.208333 317.208333    9.74 0.000  2.78 0.000 9.999 0.259000 9.99 0.259000  0.200 0.000000   0.934 0.000   1.681 0.000 99.99 0.259000   6.635 0.000   0.705 0.000   5.930 0.000 0.028 0.000  0.768 0.000000
319.208333 320.208333    5.68 0.000  0.78 0.000 9.999 0.259000 9.99 0.259000  0.009 0.000000   0.729 0.000   1.313 0.000 99.99 0.259000   3.713 0.000   0.296 0.000   3.417 0.000 0.015 0.000  0.505 0.000000
322.208333 323.208333    2.13 0.000  0.49 0.000 9.999 0.259000 0.12 0.000000  0.007 0.000000   0.468 0.000   0.842 0.000 99.99 0.259000   2.594 0.000 999.999 0.259   2.824 0.000 0.016 0.000  0.375 0.000000
325.208333 326.208333   70.76 0.000  5.59 0.000 9.999 0.259000 0.35 0.000000  1.348 0.000000   1.877 0.000   3.379 0.000 99.99 0.259000  15.775 0.000   3.757 0.000  12.018 0.000 0.064 0.000  0.698 0.000000
328.208333 329.208333   67.24 0.000  7.57 0.000 9.999 0.259000 0.54 0.000000  0.813 0.000000   2.306 0.000   4.152 0.000 99.99 0.259000  14.518 0.000   2.826 0.000  11.692 0.000 0.072 0.000  1.036 0.000000
331.208333 332.208333   17.05 0.000  2.01 0.000 9.999 0.259000 0.27 0.000000  0.170 0.000000   1.119 0.000   2.015 0.000 99.99 0.259000   5.752 0.000   0.620 0.000   5.131 0.000 0.029 0.000  0.551 0.000000
334.208333 335.208333    3.64 0.000  1.02 0.000 9.999 0.259000 9.99 0.259000  0.021 0.000000   0.231 0.000   0.416 0.000 99.99 0.259000   1.257 0.000   0.304 0.000   0.953 0.000 0.008 0.000  0.126 0.000000
337.208333 338.208333    7.09 0.000  0.24 0.000 9.999 0.259000 9.99 0.259000  0.036 0.000000   0.377 0.000   0.679 0.000 99.99 0.259000   1.430 0.000   0.172 0.000   1.257 0.000 0.017 0.000  0.172 0.000000
340.208333 341.208333    3.08 0.000  0.40 0.000 9.999 0.259000 0.17 0.000000  0.010 0.000000   0.037 0.000   0.067 0.000 99.99 0.259000   1.386 0.000   0.537 0.000   0.849 0.000 0.007 0.000  0.141 0.000000
343.208333 344.208333   36.97 0.000  3.45 0.000 9.999 0.259000 0.21 0.000000  1.512 0.000000   1.839 0.000   3.310 0.000 99.99 0.259000  17.909 0.000   6.153 0.000  11.756 0.000 0.066 0.000  0.373 0.000000
346.208333 347.208333   14.47 0.000  1.34 0.000 9.999 0.259000 0.25 0.000000  0.403 0.000000   1.077 0.000   1.938 0.000 99.99 0.259000   7.258 0.000   0.651 0.000   6.607 0.000 0.028 0.000  0.707 0.000000
349.208333 350.208333   24.17 0.000  1.50 0.000 9.999 0.259000 0.25 0.000000  0.550 0.000000   1.064 0.000   1.915 0.000 99.99 0.259000   8.554 0.000   1.707 0.000   6.848 0.000 0.029 0.000  0.686 0.000000
352.208333 353.208333   28.79 0.000  0.86 0.000 9.999 0.259000 0.18 0.000000  0.304 0.000000   1.010 0.000   1.819 0.000 99.99 0.259000   6.602 0.000   2.800 0.000   3.802 0.000 0.040 0.000  0.240 0.000000
355.208333 356.208333   12.08 0.000  0.63 0.000 0.009 0.000000 0.22 0.000000  0.134 0.000000   0.550 0.000   0.991 0.000 99.99 0.259000   2.374 0.000   0.649 0.000   1.725 0.000 0.015 0.000  0.172 0.000000
358.208333 359.208333   11.58 0.000  1.45 0.000 9.999 0.259000 9.99 0.259000  0.358 0.000000   0.861 0.000   1.550 0.000 99.99 0.259000   4.637 0.000   1.032 0.000   3.605 0.000 0.037 0.000  0.303 0.000000
361.208333 362.208333   41.27 0.000  1.16 0.000 9.999 0.259000 0.12 0.000000  0.067 0.000000   0.280 0.000   0.504 0.000 99.99 0.259000   3.560 0.000   0.974 0.000   2.586 0.000 0.022 0.000  0.358 0.000000
364.208333 365.208333    6.80 0.000  1.52 0.000 9.999 0.259000 0.21 0.000000  0.134 0.000000   0.583 0.000   1.050 0.000 99.99 0.259000   4.734 0.000   0.020 0.000   4.715 0.000 0.015 0.000  0.784 0.000000
