scripts/IMPROVE-2019_partial/data/US9081R.20010101070000.20191216000000.filterpack..pm25.52w.1w.US03L_filterpack_US9081_YELL2.US03L_IMPROVE_Davis.lev2.nas
64 1001
MISSING INFORMATION
US03L, IMPROVE, , , , , , , 
MISSING INFORMATION
IMPROVE sel_HTAP
1 1
2001 01 01 2019 12 16
3.000000
days from file reference point
25
1 1 1 1 1 1 1 1 1 1 1 1 1 1 1 1 1 1 1 1 1 1 1 1 1
999.999999 9999.99 9.999 99.99 9.999999 9.999 9.999999 99.99 9.999999 9.999 9.999 999.999 9.999 999.999 9.999 999.999 9.999 999.999 9.999 999.999 9.999 9.999 9.999999 9.999 9.999
end_time of measurement, days from the file reference point
iron, ng/m3, Revision date=20181210133000
numflag iron, no unit, Revision date=20181210133000
lead, ng/m3, Revision date=20181210133000
numflag lead, no unit, Revision date=20181210133000
magnesium, ug/m3, Revision date=20181210133000
numflag magnesium, no unit, Revision date=20181210133000
nickel, ng/m3, Revision date=20181210133000
numflag nickel, no unit, Revision date=20181210133000
nitrate, ug N/m3, Revision date=20181210133000
numflag nitrate, no unit, Revision date=20181210133000
organic_carbon, ug C/m3, Revision date=20181210133000
numflag organic_carbon, no unit, Revision date=20181210133000
organic_mass, ug/m3, Revision date=20181210133000
numflag organic_mass, no unit, Revision date=20181210133000
pm10_mass, ug/m3, Version=2, Version description=Data extracted from http://views.cira.colostate.edu/fed/DataWizard 2019-12-16, Sample duration=1d, Orig. time res.=3d, Matrix=pm10, Blank correction=Blank corrected, Volume std. temperature=ambient, Volume std. pressure=ambient
numflag pm10_mass, no unit, Version=2, Version description=Data extracted from http://views.cira.colostate.edu/fed/DataWizard 2019-12-16, Sample duration=1d, Orig. time res.=3d, Matrix=pm10, Blank correction=Blank corrected, Volume std. temperature=ambient, Volume std. pressure=ambient
pm10_pm25_mass, ug/m3, Revision date=20181210133000, Matrix=pm10_pm25
numflag pm10_pm25_mass, no unit, Revision date=20181210133000, Matrix=pm10_pm25
pm25_mass, ug/m3, Version=2, Version description=Data extracted from http://views.cira.colostate.edu/fed/DataWizard 2019-12-16, Sample duration=1d, Orig. time res.=3d, Blank correction=Blank corrected, Volume std. temperature=ambient, Volume std. pressure=ambient
numflag pm25_mass, no unit, Version=2, Version description=Data extracted from http://views.cira.colostate.edu/fed/DataWizard 2019-12-16, Sample duration=1d, Orig. time res.=3d, Blank correction=Blank corrected, Volume std. temperature=ambient, Volume std. pressure=ambient
potassium, ug/m3, Revision date=20181210133000
numflag potassium, no unit, Revision date=20181210133000
sulphate_total, ug S/m3, Revision date=20181210133000
numflag sulphate_total, no unit, Revision date=20181210133000
0
25
Data definition:              EBAS_1.1
Set type code:                TU
Timezone:                     UTC
File name:                    US9081R.20010101070000.20191216000000.filterpack..pm25.52w.1w.US03L_filterpack_US9081_YELL2.US03L_IMPROVE_Davis.lev2.nas
File creation:                20191218121107
Startdate:                    20010101070000
Revision date:                20191216000000
Statistics:                   arithmetic mean
Data level:                   2
Period code:                  52w
Resolution code:              1w
Station code:                 US9081R
Platform code:                US9081S
Station name:                 Yellowstone NP 1
Station latitude:             44.5654
Station longitude:            -110.4003
Station altitude:             2442.0 m
Regime:                       IMG
Component:                    
Matrix:                       pm25
Laboratory code:              US03L
Instrument type:              filterpack
Instrument name:              filterpack_US9081_YELL2
Method ref:                   US03L_IMPROVE_Davis
starttime endtime Fe flag_Fe Pb flag_Pb Mg++ flag_Mg++ Ni flag_Ni NO3- flag_NO3- OC flag_OC OM flag_OM PM10 flag_PM10 PM10-PM2.5 flag_PM10-PM2.5 PM2.5 flag_PM2.5 K+ flag_K+ SO4-- flag_SO4--
[from data line 85]
255.291667 256.291667   17.51 0.559  0.42 0.559000 9.999 0.559259  0.90 0.559000 0.013 0.000   0.457 0.000   0.640 0.000   3.818 0.000   1.175 0.000   2.643 0.559 0.010 0.559000 0.233 0.000
258.291667 259.291667    8.10 0.559 99.99 0.559259 9.999 0.559259  0.16 0.559000 0.009 0.000   0.598 0.000   0.838 0.000   3.289 0.000   0.947 0.000   2.343 0.559 0.017 0.559000 0.134 0.000
261.291667 262.291667 9999.99 0.999 99.99 0.999000 9.999 0.999000 99.99 0.999000 9.999 0.999 999.999 0.999 999.999 0.999 999.999 0.999 999.999 0.999 999.999 0.999 9.999 0.999000 9.999 0.999
264.291667 265.291667 9999.99 0.999 99.99 0.999000 9.999 0.999000 99.99 0.999000 9.999 0.999 999.999 0.999 999.999 0.999 999.999 0.999 999.999 0.999 999.999 0.999 9.999 0.999000 9.999 0.999
267.291667 268.291667 9999.99 0.999 99.99 0.999000 9.999 0.999000 99.99 0.999000 9.999 0.999 999.999 0.999 999.999 0.999 999.999 0.999 999.999 0.999 999.999 0.999 9.999 0.999000 9.999 0.999
270.291667 271.291667   37.13 0.000  0.37 0.000000 9.999 0.259000 99.99 0.259000 0.033 0.000   0.844 0.000   1.181 0.000   8.627 0.000   4.991 0.000   3.636 0.000 9.999 0.259000 0.244 0.000
273.291667 274.291667   30.69 0.000  0.42 0.000000 9.999 0.259000 99.99 0.259000 0.017 0.000   1.358 0.000   1.901 0.000   6.800 0.000   2.823 0.000   3.977 0.000 0.030 0.000000 0.177 0.000
276.291667 277.291667 9999.99 0.699 99.99 0.699000 9.999 0.699000 99.99 0.699000 0.140 0.000  28.964 0.000  40.550 0.000  47.598 0.000 999.999 0.999 999.999 0.699 9.999 0.699000 0.196 0.000
279.291667 280.291667   78.03 0.000  0.66 0.000000 9.999 0.259000 99.99 0.259000 0.047 0.000   0.910 0.000   1.275 0.000  12.876 0.000   8.355 0.000   4.521 0.000 0.049 0.000000 0.193 0.000
282.291667 283.291667   13.45 0.000  0.21 0.000000 9.999 0.259000  0.13 0.000000 0.054 0.000   0.358 0.000   0.501 0.000   3.103 0.000   1.662 0.000   1.441 0.000 0.012 0.000000 0.098 0.000
285.291667 286.291667    9.23 0.000  0.42 0.000000 9.999 0.259000 99.99 0.259000 0.019 0.000   0.152 0.000   0.212 0.000   1.249 0.000   0.381 0.000   0.868 0.000 9.999 0.259000 0.070 0.000
288.291667 289.291667   14.63 0.000  0.63 0.000000 9.999 0.259000 99.99 0.259000 0.010 0.000   0.521 0.000   0.730 0.000   2.688 0.000   0.720 0.000   1.967 0.000 0.026 0.000000 0.089 0.000
291.291667 292.291667   36.89 0.000  0.35 0.000000 9.999 0.259000 99.99 0.259000 0.058 0.000   1.692 0.000   2.368 0.000   9.006 0.000   4.566 0.000   4.440 0.000 0.060 0.000000 0.106 0.000
294.291667 295.291667   33.92 0.000  0.58 0.000000 9.999 0.259000  0.09 0.000000 0.066 0.000   0.994 0.000   1.392 0.000   5.984 0.000   2.733 0.000   3.251 0.000 0.023 0.000000 0.112 0.000
297.291667 298.291667   22.73 0.000  0.79 0.000000 9.999 0.259000 99.99 0.259000 0.070 0.000   0.330 0.000   0.461 0.000   4.085 0.000   2.048 0.000   2.037 0.000 0.018 0.000000 0.100 0.000
300.291667 301.291667   32.80 0.559  0.62 0.559000 9.999 0.559259  0.11 0.559000 0.028 0.000   0.448 0.000   0.627 0.000   6.320 0.000   3.331 0.000   2.988 0.559 0.020 0.559000 0.243 0.000
303.291667 304.291667 9999.99 0.999 99.99 0.999000 9.999 0.999000 99.99 0.999000 9.999 0.999 999.999 0.999 999.999 0.999 999.999 0.999 999.999 0.999 999.999 0.999 9.999 0.999000 9.999 0.999
306.291667 307.291667   10.95 0.000  0.83 0.000000 9.999 0.259000 99.99 0.259000 0.091 0.000   0.508 0.000   0.711 0.000   2.364 0.000   0.330 0.000   2.034 0.000 0.011 0.000000 0.173 0.000
309.291667 310.291667    6.98 0.559  0.57 0.559000 9.999 0.559259 99.99 0.559259 0.015 0.000   0.390 0.000   0.546 0.000   2.202 0.000   0.598 0.000   1.604 0.559 0.017 0.559000 0.158 0.000
312.291667 313.291667    7.17 0.000  0.54 0.000000 9.999 0.259000 99.99 0.259000 0.006 0.000   0.508 0.000   0.711 0.000   1.300 0.000   0.287 0.000   1.013 0.000 9.999 0.259000 0.081 0.000
315.291667 316.291667   12.58 0.000  0.49 0.000000 9.999 0.259000  0.08 0.000000 0.024 0.000   0.376 0.000   0.526 0.000   3.878 0.000   1.241 0.000   2.637 0.000 0.014 0.000000 0.295 0.000
318.291667 319.291667    2.14 0.559  0.20 0.559000 9.999 0.559259 99.99 0.559259 0.007 0.000   0.256 0.000   0.358 0.000   0.625 0.000 999.999 0.259   0.655 0.559 9.999 0.559259 0.039 0.000
321.291667 322.291667    4.95 0.000 99.99 0.259000 9.999 0.259000 99.99 0.259000 0.020 0.000   0.211 0.000   0.296 0.000   0.813 0.000   0.092 0.000   0.720 0.000 9.999 0.259000 0.078 0.000
324.291667 325.291667    4.09 0.000  0.27 0.000000 9.999 0.259000 99.99 0.259000 0.026 0.000   0.253 0.000   0.354 0.000   1.145 0.000   0.256 0.000   0.890 0.000 0.008 0.000000 0.071 0.000
327.291667 328.291667    6.61 0.000  0.08 0.000000 9.999 0.259000 99.99 0.259000 0.027 0.000   0.100 0.000   0.140 0.000   0.672 0.000   0.180 0.000   0.492 0.000 0.004 0.000000 0.042 0.000
330.291667 331.291667    2.93 0.000 99.99 0.259000 9.999 0.259000 99.99 0.259000 0.008 0.000   0.499 0.000   0.699 0.000   1.431 0.000 999.999 0.259   1.471 0.000 0.011 0.000000 0.097 0.000
333.291667 334.291667    3.99 0.000 99.99 0.259000 9.999 0.259000 99.99 0.259000 0.024 0.000   0.106 0.000   0.149 0.000   1.201 0.000   0.446 0.000   0.755 0.000 9.999 0.259000 0.045 0.000
336.291667 337.291667    1.78 0.000  0.10 0.000000 9.999 0.259000 99.99 0.259000 0.009 0.000   0.123 0.000   0.172 0.000   0.631 0.000   0.312 0.000   0.320 0.000 9.999 0.259000 0.015 0.000
339.291667 340.291667    1.97 0.559 99.99 0.559259 9.999 0.559259 99.99 0.559259 0.018 0.000   0.134 0.000   0.188 0.000   0.672 0.000   0.559 0.000   0.113 0.559 0.005 0.559000 0.028 0.000
342.291667 343.291667    7.83 0.559  0.68 0.559000 9.999 0.559259 99.99 0.559259 0.018 0.000   0.218 0.000   0.305 0.000   1.456 0.000   0.545 0.000   0.911 0.559 0.007 0.559000 0.074 0.000
345.291667 346.291667 9999.99 0.999 99.99 0.999000 9.999 0.999000 99.99 0.999000 9.999 0.999 999.999 0.999 999.999 0.999 999.999 0.999 999.999 0.999 999.999 0.999 9.999 0.999000 9.999 0.999
348.291667 349.291667    2.60 0.456  0.16 0.456000 9.999 0.456259 99.99 0.456259 0.040 0.000   0.191 0.000   0.268 0.000   0.676 0.000 999.999 0.999 999.999 0.456 0.005 0.456000 0.033 0.000
351.291667 352.291667    4.36 0.456  0.40 0.456000 9.999 0.456259 99.99 0.456259 0.044 0.559   0.200 0.000   0.280 0.000   0.870 0.000 999.999 0.999 999.999 0.456 0.005 0.456000 0.055 0.559
354.291667 355.291667   10.67 0.000  0.47 0.000000 9.999 0.259000 99.99 0.259000 0.124 0.559   0.385 0.000   0.539 0.000   2.502 0.000   0.816 0.000   1.685 0.000 0.011 0.000000 0.164 0.559
357.291667 358.291667    1.68 0.000 99.99 0.259000 9.999 0.259000 99.99 0.259000 0.007 0.000   0.226 0.000   0.316 0.000 999.999 0.259 999.999 0.259 999.999 0.259 0.003 0.000000 0.043 0.000
360.291667 361.291667 9999.99 0.699 99.99 0.699000 9.999 0.699000 99.99 0.699000 0.002 0.559   0.187 0.000   0.262 0.000 999.999 0.456 999.999 0.999 999.999 0.699 9.999 0.699000 0.033 0.559
363.291667 364.291667 9999.99 0.456 99.99 0.456000 9.999 0.456000 99.99 0.456000 0.016 0.559   0.306 0.000   0.429 0.000 999.999 0.456 999.999 0.999 999.999 0.456 9.999 0.456000 0.053 0.559
