scripts/IMPROVE-2019_partial/data/US9033R.20080101060000.20191216000000.filterpack...52w.3d.US03L_filterpack_US9033.US03L_IMPROVE_Davis.lev2.nas
52 1001
MISSING INFORMATION
US03L, IMPROVE, , , , , , , 
MISSING INFORMATION
IMPROVE sel_HTAP
1 1
2008 01 01 2019 12 16
3.00
days from file reference point
5
1 1 1 1 1
999.99 999.999 9.999 999.999 9.999
end_time of measurement, days from the file reference point
pm10_mass, ug/m3, Matrix=pm10
numflag pm10_mass, no unit, Matrix=pm10
pm25_mass, ug/m3, Matrix=pm25
numflag pm25_mass, no unit, Matrix=pm25
0
33
Data definition:              EBAS_1.1
Set type code:                TU
Timezone:                     UTC
File name:                    US9033R.20080101060000.20191216000000.filterpack...52w.3d.US03L_filterpack_US9033.US03L_IMPROVE_Davis.lev2.nas
File creation:                20191218120728
Startdate:                    20080101060000
Revision date:                20191216000000
Version:                      2
Version description:          "Data extracted from http://views.cira.colostate.edu/fed/DataWizard 2019-12-16"
Statistics:                   arithmetic mean
Data level:                   2
Period code:                  52w
Resolution code:              3d
Sample duration:              1d
Orig. time res.:              3d
Station code:                 US9033R
Platform code:                US9033S
Station name:                 Sipsy Wilderness
Station latitude:             34.3433
Station longitude:            -87.3388
Station altitude:             286.0 m
Regime:                       IMG
Component:                    
Unit:                         ug/m3
Matrix:                       
Laboratory code:              US03L
Instrument type:              filterpack
Instrument name:              filterpack_US9033
Method ref:                   US03L_IMPROVE_Davis
Blank correction:             Blank corrected
Volume std. temperature:      ambient
Volume std. pressure:         ambient
starttime endtime PM10 flag_PM10 PM2.5 flag_PM2.5
  0.25   1.25   3.728 0.000   1.952 0.000
  3.25   4.25  12.655 0.000   8.056 0.000
  6.25   7.25   9.232 0.000   6.482 0.000
  9.25  10.25   8.441 0.000   6.249 0.000
 12.25  13.25   7.984 0.000   6.385 0.000
 15.25  16.25  27.276 0.000  24.278 0.000
 18.25  19.25   5.469 0.000   3.790 0.000
 21.25  22.25   7.403 0.000   5.961 0.000
 24.25  25.25  14.261 0.000  10.513 0.000
 27.25  28.25   7.688 0.000   5.170 0.000
 30.25  31.25   6.351 0.000   4.315 0.000
 33.25  34.25   9.060 0.000   7.285 0.000
 36.25  37.25   6.710 0.000   4.192 0.000
 39.25  40.25   6.966 0.000   4.502 0.000
 42.25  43.25   9.382 0.000   5.147 0.000
 45.25  46.25  11.416 0.000   8.717 0.000
 48.25  49.25   3.807 0.000   2.739 0.000
 51.25  52.25  10.115 0.000   7.444 0.000
 54.25  55.25  12.798 0.000   9.865 0.000
 57.25  58.25   3.805 0.000   2.802 0.000
 60.25  61.25   8.925 0.000   6.899 0.000
 63.25  64.25   2.381 0.000   1.973 0.000
 66.25  67.25  10.897 0.000   9.620 0.000
 69.25  70.25  12.589 0.000   9.477 0.000
 72.25  73.25  24.079 0.000  20.817 0.000
 75.25  76.25  10.368 0.000   8.923 0.000
 78.25  79.25  11.382 0.000   6.054 0.000
 81.25  82.25  15.774 0.000  11.427 0.000
 84.25  85.25  12.771 0.000   9.116 0.000
 87.25  88.25 999.999 0.999 999.999 0.999
 90.25  91.25  16.251 0.000  12.517 0.000
 93.25  94.25 999.999 0.999 999.999 0.999
 96.25  97.25  13.955 0.000   7.897 0.000
 99.25 100.25  23.980 0.000  14.359 0.000
102.25 103.25   6.857 0.000   3.641 0.000
105.25 106.25   8.729 0.000   7.060 0.000
108.25 109.25  14.930 0.000   9.112 0.000
111.25 112.25  11.533 0.000   8.633 0.000
114.25 115.25  18.378 0.000  12.342 0.000
117.25 118.25   7.999 0.000   5.549 0.000
120.25 121.25  14.090 0.000   8.937 0.000
123.25 124.25  11.496 0.000   5.265 0.000
126.25 127.25  13.509 0.000   9.351 0.000
129.25 130.25  12.125 0.000   6.019 0.000
132.25 133.25   7.438 0.000   4.123 0.000
135.25 136.25  12.508 0.000  10.176 0.000
138.25 139.25  11.775 0.000   8.187 0.000
141.25 142.25 999.999 0.999 999.999 0.999
144.25 145.25  14.077 0.000  11.113 0.000
147.25 148.25   7.376 0.000   4.811 0.000
150.25 151.25  23.390 0.000  20.043 0.000
153.25 154.25  14.720 0.000  11.026 0.000
156.25 157.25 999.999 0.999 999.999 0.999
159.25 160.25 999.999 0.999 999.999 0.999
162.25 163.25  12.197 0.000   7.447 0.000
165.25 166.25   6.921 0.000   4.127 0.000
168.25 169.25  12.460 0.000   7.620 0.000
171.25 172.25  22.970 0.000  16.758 0.000
174.25 175.25  13.722 0.000   9.560 0.000
177.25 178.25  15.741 0.000   9.660 0.000
180.25 181.25  13.338 0.000   7.158 0.000
183.25 184.25  16.107 0.000  12.287 0.000
186.25 187.25  13.895 0.000   9.448 0.000
189.25 190.25  18.126 0.000  12.052 0.000
192.25 193.25  12.162 0.000   8.127 0.000
195.25 196.25  13.940 0.000   6.899 0.000
198.25 199.25  29.253 0.000  23.055 0.000
201.25 202.25  27.117 0.000  22.675 0.000
204.25 205.25 999.999 0.999 999.999 0.999
207.25 208.25  11.811 0.000   7.357 0.000
210.25 211.25  22.939 0.000  13.757 0.000
213.25 214.25  14.566 0.000   9.726 0.000
216.25 217.25  18.540 0.000  14.534 0.000
219.25 220.25  10.083 0.000   5.844 0.000
222.25 223.25  13.291 0.000  10.426 0.000
225.25 226.25 999.999 0.999 999.999 0.999
228.25 229.25  18.500 0.000  14.824 0.000
231.25 232.25  24.322 0.000  21.313 0.000
234.25 235.25  15.851 0.000  10.856 0.000
237.25 238.25   8.747 0.000   5.801 0.000
240.25 241.25  23.666 0.000  18.114 0.000
243.25 244.25  22.032 0.000  16.006 0.000
246.25 247.25  25.557 0.000  17.726 0.000
249.25 250.25  14.589 0.000  10.155 0.000
252.25 253.25  18.039 0.000  11.266 0.000
255.25 256.25  15.011 0.000   8.002 0.000
258.25 259.25  10.813 0.000   5.451 0.000
261.25 262.25  16.527 0.000  11.740 0.000
264.25 265.25  19.785 0.000  12.882 0.000
267.25 268.25 999.999 0.999 999.999 0.999
270.25 271.25  14.105 0.000   9.377 0.000
273.25 274.25  20.309 0.000  13.689 0.000
276.25 277.25  15.203 0.000   9.349 0.000
279.25 280.25  25.691 0.000  21.094 0.000
282.25 283.25 999.999 0.999 999.999 0.999
285.25 286.25   8.252 0.000   5.400 0.000
288.25 289.25  15.745 0.000 999.999 0.456
291.25 292.25  11.403 0.000   7.870 0.000
294.25 295.25  19.168 0.000  13.062 0.000
297.25 298.25   5.518 0.000   3.867 0.000
300.25 301.25  11.952 0.000   2.978 0.000
303.25 304.25  12.509 0.000   6.130 0.000
306.25 307.25  19.815 0.659  14.281 0.659
309.25 310.25  14.572 0.000  10.863 0.000
312.25 313.25   9.193 0.000   4.710 0.000
315.25 316.25  11.902 0.000   9.802 0.000
318.25 319.25  13.480 0.000  11.557 0.000
321.25 322.25   7.316 0.000   4.665 0.000
324.25 325.25  16.383 0.000  10.028 0.000
327.25 328.25  13.508 0.000   8.404 0.000
330.25 331.25 999.999 0.999 999.999 0.999
333.25 334.25  19.141 0.000  16.917 0.000
336.25 337.25   6.491 0.000   5.074 0.000
339.25 340.25   7.888 0.000   5.761 0.000
342.25 343.25   8.548 0.000   5.994 0.000
345.25 346.25   2.053 0.000   1.777 0.000
348.25 349.25   9.531 0.000   5.778 0.000
351.25 352.25 999.999 0.999 999.999 0.999
354.25 355.25   8.341 0.000   5.487 0.000
357.25 358.25   9.611 0.000   6.264 0.000
360.25 361.25   8.112 0.000   6.035 0.000
363.25 364.25   4.379 0.000   2.849 0.000
