scripts/IMPROVE-2019_partial/data/US9033R.20030103060000.20191216000000.filterpack..pm25.1y.1w.US03L_filterpack_US9033.US03L_IMPROVE_Davis.lev2.nas
66 1001
MISSING INFORMATION
US03L, IMPROVE, , , , , , , 
MISSING INFORMATION
IMPROVE sel_HTAP
1 1
2003 01 01 2019 12 16
3.00
days from file reference point
27
1 1 1 1 1 1 1 1 1 1 1 1 1 1 1 1 1 1 1 1 1 1 1 1 1 1 1
999.99 99.999 9.999 9999.99 9.999 99.99 9.999 9.999 9.999999 99.99 9.999 99.999 9.999 99.999 9.999 99.999 9.999 999.999 9.999 999.999 9.999 999.999 9.999 9.999 9.999 99.999 9.999
end_time of measurement, days from the file reference point
ammonium, ug N/m3, Revision date=20181210133000
numflag ammonium, no unit, Revision date=20181210133000
iron, ng/m3, Revision date=20181210133000
numflag iron, no unit, Revision date=20181210133000
lead, ng/m3, Revision date=20181210133000
numflag lead, no unit, Revision date=20181210133000
magnesium, ug/m3, Revision date=20181210133000
numflag magnesium, no unit, Revision date=20181210133000
nickel, ng/m3, Revision date=20181210133000
numflag nickel, no unit, Revision date=20181210133000
nitrate, ug N/m3, Revision date=20181210133000
numflag nitrate, no unit, Revision date=20181210133000
organic_carbon, ug C/m3, Revision date=20181210133000
numflag organic_carbon, no unit, Revision date=20181210133000
organic_mass, ug/m3, Revision date=20181210133000
numflag organic_mass, no unit, Revision date=20181210133000
pm10_mass, ug/m3, Version=2, Version description=Data extracted from http://views.cira.colostate.edu/fed/DataWizard 2019-12-16, Sample duration=1d, Orig. time res.=3d, Matrix=pm10, Blank correction=Blank corrected, Volume std. temperature=ambient, Volume std. pressure=ambient
numflag pm10_mass, no unit, Version=2, Version description=Data extracted from http://views.cira.colostate.edu/fed/DataWizard 2019-12-16, Sample duration=1d, Orig. time res.=3d, Matrix=pm10, Blank correction=Blank corrected, Volume std. temperature=ambient, Volume std. pressure=ambient
pm10_pm25_mass, ug/m3, Revision date=20181210133000, Matrix=pm10_pm25
numflag pm10_pm25_mass, no unit, Revision date=20181210133000, Matrix=pm10_pm25
pm25_mass, ug/m3, Version=2, Version description=Data extracted from http://views.cira.colostate.edu/fed/DataWizard 2019-12-16, Sample duration=1d, Orig. time res.=3d, Blank correction=Blank corrected, Volume std. temperature=ambient, Volume std. pressure=ambient
numflag pm25_mass, no unit, Version=2, Version description=Data extracted from http://views.cira.colostate.edu/fed/DataWizard 2019-12-16, Sample duration=1d, Orig. time res.=3d, Blank correction=Blank corrected, Volume std. temperature=ambient, Volume std. pressure=ambient
potassium, ug/m3, Revision date=20181210133000
numflag potassium, no unit, Revision date=20181210133000
sulphate_total, ug S/m3, Revision date=20181210133000
numflag sulphate_total, no unit, Revision date=20181210133000
0
25
Data definition:              EBAS_1.1
Set type code:                TU
Timezone:                     UTC
File name:                    US9033R.20030103060000.20191216000000.filterpack..pm25.1y.1w.US03L_filterpack_US9033.US03L_IMPROVE_Davis.lev2.nas
File creation:                20191218120727
Startdate:                    20030103060000
Revision date:                20191216000000
Statistics:                   arithmetic mean
Data level:                   2
Period code:                  1y
Resolution code:              1w
Station code:                 US9033R
Platform code:                US9033S
Station name:                 Sipsy Wilderness
Station latitude:             34.3433
Station longitude:            -87.3388
Station altitude:             286.0 m
Regime:                       IMG
Component:                    
Matrix:                       pm25
Laboratory code:              US03L
Instrument type:              filterpack
Instrument name:              filterpack_US9033
Method ref:                   US03L_IMPROVE_Davis
starttime endtime NH4+ flag_NH4+ Fe flag_Fe Pb flag_Pb Mg++ flag_Mg++ Ni flag_Ni NO3- flag_NO3- OC flag_OC OM flag_OM PM10 flag_PM10 PM10-PM2.5 flag_PM10-PM2.5 PM2.5 flag_PM2.5 K+ flag_K+ SO4-- flag_SO4--
  2.25   3.25 99.999 0.456 9999.99 0.456 99.99 0.456 9.999 0.456000 99.99 0.456 99.999 0.456 99.999 0.999 99.999 0.999 999.999 0.456 999.999 0.999 999.999 0.456 9.999 0.456 99.999 0.456
  5.25   6.25 99.999 0.456 9999.99 0.456 99.99 0.456 9.999 0.456000 99.99 0.456 99.999 0.456 99.999 0.999 99.999 0.999 999.999 0.456 999.999 0.999 999.999 0.456 9.999 0.456 99.999 0.456
  8.25   9.25  1.079 0.000   33.96 0.000  1.96 0.000 9.999 0.259000  0.19 0.000  0.247 0.000  3.073 0.000  4.302 0.000  15.645 0.000   3.971 0.000  11.674 0.000 0.092 0.000  1.161 0.000
 11.25  12.25  0.346 0.000   17.72 0.000  1.29 0.000 9.999 0.259000 99.99 0.259  0.287 0.000  0.682 0.000  0.955 0.000   6.123 0.000   2.799 0.000   3.324 0.000 0.027 0.000  0.226 0.000
 14.25  15.25  0.685 0.000   23.30 0.000  1.71 0.000 9.999 0.259000 99.99 0.259  0.648 0.000  1.147 0.000  1.606 0.000  13.437 0.000   6.969 0.000   6.468 0.000 0.035 0.000  0.295 0.000
 17.25  18.25  0.797 0.559   15.20 0.000  1.67 0.000 9.999 0.259000 99.99 0.259  0.783 0.559  1.094 0.000  1.531 0.000   9.838 0.000   3.133 0.000   6.705 0.000 0.042 0.000  0.259 0.559
 20.25  21.25  1.078 0.000   22.80 0.000  3.82 0.000 9.999 0.259000  0.27 0.000  0.523 0.000  2.257 0.000  3.160 0.000  13.748 0.000   3.791 0.000   9.957 0.000 0.087 0.000  0.884 0.000
 23.25  24.25  0.724 0.000   26.95 0.000  1.84 0.000 9.999 0.259000  0.12 0.000  0.736 0.000  1.250 0.000  1.750 0.000  11.269 0.000   3.648 0.000   7.621 0.000 0.048 0.000  0.436 0.000
 26.25  27.25  0.850 0.000   28.57 0.000  1.53 0.000 9.999 0.259000  0.08 0.000  0.577 0.000  3.241 0.000  4.537 0.000  13.641 0.000   3.224 0.000  10.417 0.000 0.073 0.000  0.562 0.000
 29.25  30.25  2.457 0.000   23.55 0.000  2.60 0.000 9.999 0.259000  0.13 0.000  0.599 0.000  1.864 0.000  2.610 0.000  16.069 0.000   1.621 0.000  14.448 0.000 0.056 0.000  2.398 0.000
 32.25  33.25  0.809 0.000   13.31 0.000  1.86 0.000 9.999 0.259000  0.13 0.000  0.139 0.000  2.596 0.000  3.634 0.000  11.193 0.000   2.535 0.000   8.658 0.000 0.081 0.000  0.840 0.000
 35.25  36.25  0.404 0.000   27.87 0.000  1.61 0.000 9.999 0.259000 99.99 0.259  0.253 0.000  0.838 0.000  1.174 0.000   5.106 0.000   1.768 0.000   3.338 0.000 0.033 0.000  0.283 0.000
 38.25  39.25  0.519 0.000    9.48 0.000  1.52 0.000 9.999 0.259000 99.99 0.259  0.351 0.000  0.723 0.000  1.012 0.000   4.371 0.000   0.824 0.000   3.547 0.000 0.027 0.000  0.335 0.000
 41.25  42.25  0.729 0.000 9999.99 0.456 99.99 0.456 9.999 0.456000 99.99 0.456  0.174 0.000  1.353 0.000  1.894 0.000   6.269 0.000 999.999 0.999 999.999 0.456 9.999 0.456  0.706 0.000
 44.25  45.25  0.898 0.000   31.01 0.000  2.07 0.000 0.020 0.000000  0.15 0.000  0.254 0.000  4.886 0.000  6.841 0.000  16.667 0.000   2.868 0.000  13.799 0.000 0.088 0.000  0.988 0.000
 47.25  48.25  1.610 0.000   15.47 0.000  1.04 0.000 9.999 0.259000 99.99 0.259  0.274 0.000  0.970 0.000  1.358 0.000  11.642 0.000   0.489 0.000  11.153 0.000 0.026 0.000  2.105 0.000
 50.25  51.25  1.426 0.000   52.08 0.000  4.40 0.000 0.020 0.000000 99.99 0.259  0.431 0.000  4.057 0.000  5.680 0.000  17.869 0.000   2.827 0.000  15.041 0.000 0.091 0.000  1.577 0.000
 53.25  54.25  1.649 0.000   15.45 0.000  2.02 0.000 9.999 0.259000 99.99 0.259  0.521 0.000  1.035 0.000  1.450 0.000   9.543 0.000   0.878 0.000   8.666 0.000 0.028 0.000  1.524 0.000
 56.25  57.25  1.693 0.000   25.99 0.000  1.79 0.000 9.999 0.259000 99.99 0.259  0.739 0.000  1.815 0.000  2.541 0.000  12.623 0.000   0.850 0.000  11.773 0.000 0.051 0.000  1.452 0.000
 59.25  60.25  3.072 0.000   14.23 0.000  1.06 0.000 0.069 0.000000 99.99 0.259  1.153 0.000  1.836 0.000  2.570 0.000  18.640 0.000   3.658 0.000  14.982 0.000 0.037 0.000  2.502 0.000
 62.25  63.25  0.984 0.000   44.43 0.000  2.89 0.000 9.999 0.259000 99.99 0.259  0.220 0.000  1.719 0.000  2.406 0.000  10.834 0.000   2.546 0.000   8.288 0.000 0.048 0.000  1.152 0.000
 65.25  66.25  1.784 0.000   22.37 0.000  1.16 0.000 9.999 0.259000 99.99 0.259  0.339 0.000  1.367 0.000  1.914 0.000  12.021 0.000   1.235 0.000  10.786 0.000 0.029 0.000  1.902 0.000
 68.25  69.25  0.878 0.000   34.34 0.000  2.33 0.000 9.999 0.259000  0.08 0.000  0.562 0.000  1.285 0.000  1.799 0.000  10.744 0.000   3.918 0.000   6.825 0.000 0.045 0.000  0.749 0.000
 71.25  72.25  1.534 0.000   28.50 0.000  1.36 0.000 0.028 0.000000  0.39 0.000  0.250 0.000  5.088 0.000  7.124 0.000  20.874 0.000   3.812 0.000  17.062 0.000 0.076 0.000  1.787 0.000
 74.25  75.25  2.682 0.000   10.42 0.000  1.32 0.000 9.999 0.259000  0.31 0.000  0.403 0.000  1.616 0.000  2.263 0.000  16.569 0.000   1.101 0.000  15.469 0.000 0.034 0.000  2.947 0.000
 77.25  78.25  0.328 0.000   46.89 0.000  0.67 0.000 9.999 0.259000 99.99 0.259  0.061 0.000  0.879 0.000  1.231 0.000  11.119 0.000   6.380 0.000   4.739 0.000 0.059 0.000  0.534 0.000
 80.25  81.25  1.320 0.000   22.04 0.000  1.71 0.000 9.999 0.259000 99.99 0.259  0.459 0.000  1.488 0.000  2.084 0.000  10.640 0.000   2.056 0.000   8.584 0.000 0.035 0.000  1.291 0.000
 83.25  84.25  0.903 0.000   30.58 0.000  1.37 0.000 9.999 0.259000  0.18 0.000  0.053 0.000  3.239 0.000  4.534 0.000  14.904 0.000   3.601 0.000  11.303 0.000 0.062 0.000  1.053 0.000
 86.25  87.25  0.909 0.000   25.39 0.000  1.25 0.000 9.999 0.259000  0.27 0.000  0.120 0.000  2.150 0.000  3.010 0.000  15.100 0.000   5.514 0.000   9.586 0.000 0.053 0.000  1.237 0.000
 89.25  90.25  0.583 0.000   17.04 0.000  1.07 0.000 9.999 0.259000 99.99 0.259  0.202 0.000  0.921 0.000  1.289 0.000   7.557 0.000   2.563 0.000   4.994 0.000 0.029 0.000  0.588 0.000
 92.25  93.25  0.906 0.000   33.34 0.000  1.63 0.000 9.999 0.259000  0.15 0.000  0.086 0.000  1.738 0.000  2.433 0.000  17.442 0.000   8.083 0.000   9.359 0.000 0.050 0.000  1.235 0.000
 95.25  96.25  0.749 0.000   31.38 0.000  2.27 0.000 9.999 0.259000  0.18 0.000  0.140 0.000  1.620 0.000  2.268 0.000  13.523 0.000   5.456 0.000   8.067 0.000 0.059 0.000  1.028 0.000
 98.25  99.25 99.999 0.999 9999.99 0.999 99.99 0.999 9.999 0.999000 99.99 0.999 99.999 0.999 99.999 0.999 99.999 0.999 999.999 0.999 999.999 0.999 999.999 0.999 9.999 0.999 99.999 0.999
101.25 102.25  1.044 0.000   49.62 0.000  3.10 0.000 9.999 0.259000  0.14 0.000  0.324 0.000  1.844 0.000  2.582 0.000  12.990 0.000   4.044 0.000   8.946 0.000 0.066 0.000  1.088 0.000
104.25 105.25  1.356 0.000   88.00 0.000  3.77 0.000 9.999 0.259000 99.99 0.259  0.081 0.000  5.763 0.000  8.068 0.000  26.502 0.000   7.533 0.000  18.969 0.000 0.165 0.000  1.594 0.000
107.25 108.25  0.737 0.000   88.27 0.000  1.45 0.000 9.999 0.259000 99.99 0.259  0.127 0.000  1.710 0.000  2.395 0.000  24.023 0.000  14.754 0.000   9.269 0.000 0.071 0.000  0.947 0.000
110.25 111.25  0.541 0.000   26.86 0.000  0.85 0.000 9.999 0.259000  0.18 0.000  0.067 0.000  1.218 0.000  1.704 0.000  16.917 0.000  10.360 0.000   6.557 0.000 0.042 0.000  0.770 0.000
113.25 114.25  0.860 0.000  141.25 0.000  2.91 0.000 9.999 0.259000  0.05 0.000  0.161 0.000  2.631 0.000  3.684 0.000  18.681 0.000   8.085 0.000  10.596 0.000 0.083 0.000  1.026 0.000
116.25 117.25  2.589 0.000   46.40 0.000  3.36 0.000 9.999 0.259000  0.16 0.000  0.120 0.000  1.927 0.000  2.698 0.000  24.448 0.000   5.969 0.000  18.478 0.000 0.055 0.000  3.438 0.000
119.25 120.25  1.728 0.000   52.29 0.000  1.92 0.000 9.999 0.259000  0.11 0.000  0.048 0.000  3.504 0.000  4.906 0.000  25.971 0.000   6.852 0.000  19.120 0.000 0.063 0.000  2.645 0.000
122.25 123.25  1.852 0.000   62.00 0.000  2.53 0.000 9.999 0.259000  0.11 0.000  0.193 0.000  2.051 0.000  2.872 0.000  21.601 0.000   6.178 0.000  15.422 0.000 0.073 0.000  2.454 0.000
125.25 126.25  0.236 0.000  172.43 0.000  1.18 0.000 9.999 0.259000  0.28 0.000  0.119 0.000  2.582 0.000  3.615 0.000  23.868 0.000  12.585 0.000  11.283 0.000 0.162 0.000  1.005 0.000
128.25 129.25  0.615 0.000   23.10 0.000  1.27 0.000 9.999 0.259000  0.48 0.000  0.094 0.000  1.736 0.000  2.430 0.000  17.401 0.000   6.821 0.000  10.581 0.000 0.061 0.000  1.615 0.000
131.25 132.25  0.260 0.000   24.00 0.000  1.19 0.000 9.999 0.259000 99.99 0.259  0.025 0.000  1.409 0.000  1.972 0.000   8.681 0.000   3.891 0.000   4.789 0.000 0.025 0.000  0.371 0.000
134.25 135.25  0.694 0.000   74.64 0.000  1.77 0.000 9.999 0.259000  0.10 0.000  0.205 0.000  2.057 0.000  2.880 0.000  17.361 0.000   6.166 0.000  11.195 0.000 0.086 0.000  1.241 0.000
137.25 138.25  0.391 0.000   24.98 0.000  0.46 0.000 9.999 0.259000 99.99 0.259  0.050 0.000  1.479 0.000  2.071 0.000  12.233 0.000   5.109 0.000   7.124 0.000 0.056 0.000  0.926 0.000
140.25 141.25  0.329 0.000   10.59 0.000  1.16 0.000 9.999 0.259000 99.99 0.259  0.074 0.000  0.894 0.000  1.252 0.000   7.267 0.000   2.052 0.000   5.216 0.000 0.011 0.000  0.758 0.000
143.25 144.25  2.199 0.000   35.60 0.000  2.37 0.000 9.999 0.259000  0.14 0.000  0.110 0.000  2.281 0.000  3.193 0.000  21.442 0.000   4.474 0.000  16.969 0.000 0.036 0.000  2.677 0.000
146.25 147.25  1.688 0.000   27.28 0.000  2.76 0.000 9.999 0.259000 99.99 0.259  0.134 0.000  1.790 0.000  2.506 0.000  17.503 0.000   3.863 0.000  13.640 0.000 0.040 0.000  2.073 0.000
149.25 150.25  0.339 0.000   43.94 0.000  0.94 0.000 9.999 0.259000 99.99 0.259  0.028 0.000  2.894 0.000  4.051 0.000  14.737 0.000   6.343 0.000   8.394 0.000 0.051 0.000  0.493 0.000
152.25 153.25  0.456 0.000   16.23 0.000  1.37 0.000 9.999 0.259000 99.99 0.259  0.036 0.000  1.773 0.000  2.482 0.000   8.650 0.000   1.977 0.000   6.673 0.000 0.026 0.000  0.591 0.000
155.25 156.25  1.674 0.000   38.42 0.000  3.92 0.000 9.999 0.259000  0.12 0.000  0.092 0.000  2.842 0.000  3.979 0.000  21.762 0.000   5.467 0.000  16.295 0.000 0.044 0.000  2.440 0.000
158.25 159.25  1.258 0.000   17.68 0.000  1.28 0.000 9.999 0.259000 99.99 0.259  0.063 0.000  2.147 0.000  3.006 0.000  16.392 0.000   3.711 0.000  12.681 0.000 0.045 0.000  1.807 0.000
161.25 162.25  0.411 0.000   39.53 0.000  1.05 0.000 9.999 0.259000  0.26 0.000  0.070 0.000  2.074 0.000  2.904 0.000  15.173 0.000   5.734 0.000   9.440 0.000 0.049 0.000  1.134 0.000
164.25 165.25  0.165 0.000   42.22 0.000  0.34 0.000 9.999 0.259000 99.99 0.259  0.052 0.000  1.165 0.000  1.630 0.000   9.032 0.000   4.213 0.000   4.819 0.000 0.040 0.000  0.518 0.000
167.25 168.25  0.457 0.000   57.59 0.000  1.14 0.000 9.999 0.259000  0.11 0.000  0.045 0.000  1.704 0.000  2.386 0.000  12.960 0.000   4.506 0.000   8.454 0.000 0.044 0.000  1.054 0.000
170.25 171.25  1.115 0.000   25.09 0.000  1.79 0.000 9.999 0.259000  0.12 0.000  0.102 0.000  1.775 0.000  2.486 0.000  15.706 0.000   4.522 0.000  11.183 0.000 0.036 0.000  1.682 0.000
173.25 174.25  1.590 0.000   29.21 0.000  2.00 0.000 9.999 0.259000 99.99 0.259  0.041 0.000  3.778 0.000  5.290 0.000  21.034 0.000   3.989 0.000  17.046 0.000 0.036 0.000  1.931 0.000
176.25 177.25  2.159 0.000   35.65 0.000  2.13 0.000 9.999 0.259000  0.33 0.000  0.132 0.000  5.870 0.000  8.217 0.000  29.624 0.000   2.843 0.000  26.781 0.000 0.067 0.000  3.510 0.000
179.25 180.25  1.843 0.000   29.57 0.000  2.02 0.000 9.999 0.259000  0.28 0.000  0.080 0.000  2.796 0.000  3.914 0.000  22.479 0.000   3.750 0.000  18.729 0.000 0.063 0.000  3.034 0.000
182.25 183.25  0.623 0.000  103.32 0.000  0.52 0.000 9.999 0.259000  0.09 0.000  0.066 0.000  1.086 0.000  1.520 0.000  13.688 0.000   4.955 0.000   8.733 0.000 0.069 0.000  1.083 0.000
185.25 186.25  0.275 0.000  138.01 0.000  1.39 0.000 9.999 0.259000  0.09 0.000  0.075 0.000  1.338 0.000  1.873 0.000  13.396 0.000   5.032 0.000   8.364 0.000 0.179 0.000  0.859 0.000
188.25 189.25  0.241 0.000  175.66 0.000  0.50 0.000 0.053 0.000000  1.00 0.000  0.090 0.000  1.716 0.000  2.402 0.000  17.602 0.000   7.420 0.000  10.182 0.000 0.088 0.000  0.879 0.000
191.25 192.25  0.489 0.000   31.98 0.000  0.59 0.000 9.999 0.259000  0.14 0.000  0.046 0.000  1.795 0.000  2.513 0.000  14.094 0.000   5.179 0.000   8.916 0.000 0.040 0.000  1.044 0.000
194.25 195.25  0.339 0.000   50.72 0.000  0.61 0.000 9.999 0.259000  0.13 0.000  0.035 0.000  1.905 0.000  2.666 0.000  12.574 0.000   3.901 0.000   8.673 0.000 0.048 0.000  0.870 0.000
197.25 198.25  0.809 0.000  146.75 0.000  1.03 0.000 9.999 0.259000  0.12 0.000  0.056 0.000  2.748 0.000  3.846 0.000  23.422 0.000   8.836 0.000  14.586 0.000 0.086 0.000  1.371 0.000
200.25 201.25  0.976 0.000   30.03 0.000  0.74 0.000 9.999 0.259000  0.07 0.000  0.042 0.000  2.237 0.000  3.131 0.000  17.135 0.000   3.338 0.000  13.797 0.000 0.041 0.000  2.005 0.000
203.25 204.25 99.999 0.999 9999.99 0.999 99.99 0.999 9.999 0.999000 99.99 0.999 99.999 0.999 99.999 0.999 99.999 0.999 999.999 0.999 999.999 0.999 999.999 0.999 9.999 0.999 99.999 0.999
206.25 207.25  1.870 0.000   38.80 0.000  1.56 0.000 9.999 0.259000 99.99 0.259  0.046 0.000  3.532 0.000  4.945 0.000  27.282 0.000   4.082 0.000  23.199 0.000 0.042 0.000  3.616 0.000
209.25 210.25  0.224 0.000  101.89 0.000  0.57 0.000 0.029 0.000000  0.09 0.000  0.040 0.000  1.131 0.000  1.584 0.000  10.735 0.000   3.982 0.000   6.753 0.000 0.050 0.000  0.587 0.000
212.25 213.25  0.765 0.000   81.56 0.000  0.93 0.000 9.999 0.259000  0.16 0.000  0.049 0.000  2.383 0.000  3.336 0.000  16.848 0.000   3.626 0.000  13.222 0.000 0.062 0.000  1.387 0.000
215.25 216.25  0.338 0.000  195.50 0.000  0.56 0.000 9.999 0.259000  0.11 0.000  0.073 0.000  2.023 0.000  2.832 0.000  18.080 0.000   6.537 0.000  11.544 0.000 0.102 0.000  0.913 0.000
218.25 219.25  1.822 0.000   39.16 0.000  1.95 0.000 9.999 0.259000  0.09 0.000  0.205 0.000  2.005 0.000  2.807 0.000  19.436 0.000   3.111 0.000  16.326 0.000 0.035 0.000  2.911 0.000
221.25 222.25  2.422 0.000   24.68 0.000  1.65 0.000 9.999 0.259000 99.99 0.259  0.107 0.000  2.453 0.000  3.435 0.000  24.449 0.000   3.524 0.000  20.925 0.000 0.039 0.000  3.769 0.000
224.25 225.25  0.340 0.000   29.87 0.000  1.04 0.000 9.999 0.259000  0.10 0.000  0.086 0.000  1.528 0.000  2.139 0.000  11.958 0.000   4.528 0.000   7.430 0.000 0.030 0.000  0.966 0.000
227.25 228.25  1.459 0.000   55.95 0.000  1.24 0.000 9.999 0.259000  0.15 0.000  0.057 0.000  2.396 0.000  3.354 0.000  21.491 0.000   4.708 0.000  16.782 0.000 0.051 0.000  2.579 0.000
230.25 231.25  1.321 0.000   37.83 0.000  1.08 0.000 9.999 0.259000  0.11 0.000  0.023 0.000  2.461 0.000  3.445 0.000  21.800 0.000   5.988 0.000  15.812 0.000 0.054 0.000  2.598 0.000
233.25 234.25  1.373 0.000   32.85 0.000  1.37 0.000 0.068 0.000000  0.26 0.000  0.028 0.000  2.796 0.000  3.915 0.000  21.977 0.000   3.721 0.000  18.256 0.000 0.052 0.000  2.880 0.000
236.25 237.25  3.253 0.000   61.55 0.000  2.57 0.000 0.235 0.000000 99.99 0.259  0.041 0.000  4.503 0.000  6.305 0.000  36.448 0.000   4.846 0.000  31.602 0.000 0.075 0.000  5.249 0.000
239.25 240.25  0.738 0.000   17.92 0.000  0.80 0.000 9.999 0.259000 99.99 0.259  0.113 0.000  2.485 0.000  3.479 0.000  14.341 0.000   3.254 0.000  11.087 0.000 0.040 0.000  1.444 0.000
242.25 243.25  0.368 0.000   93.50 0.000  0.92 0.000 9.999 0.259000  0.18 0.000  0.048 0.000  1.482 0.000  2.075 0.000  12.377 0.000   3.886 0.000   8.491 0.000 0.057 0.000  0.922 0.000
245.25 246.25  0.455 0.000   14.14 0.000  0.59 0.000 9.999 0.259000  0.22 0.000  0.041 0.000  2.332 0.000  3.265 0.000  13.725 0.000   3.843 0.000   9.881 0.000 0.046 0.000  1.214 0.000
248.25 249.25  1.920 0.000   37.93 0.000  1.95 0.000 0.047 0.000000  0.11 0.000  0.046 0.000  2.852 0.000  3.993 0.000  21.203 0.000   4.316 0.000  16.887 0.000 0.048 0.000  2.489 0.000
251.25 252.25  2.643 0.000   31.16 0.000  1.87 0.000 9.999 0.259000  0.11 0.000  0.053 0.000  3.331 0.000  4.664 0.000  26.642 0.000   3.573 0.000  23.069 0.000 0.051 0.000  3.831 0.000
254.25 255.25  2.484 0.000   45.23 0.000  2.42 0.000 0.059 0.000000  0.42 0.000  0.088 0.000  5.178 0.000  7.250 0.000  29.266 0.000   4.745 0.000  24.521 0.000 0.062 0.000  3.329 0.000
257.25 258.25  0.385 0.000    8.71 0.000  1.11 0.000 0.031 0.000000  0.09 0.000  0.054 0.000  1.117 0.000  1.564 0.000   9.615 0.000   4.672 0.000   4.943 0.000 0.026 0.000  0.540 0.000
