scripts/IMPROVE-2019_partial/data/US9043R.19910102080000.20191216000000.filterpack...1y.3d.US03L_filterpack_US9043.US03L_IMPROVE_Davis.lev2.nas
52 1001
MISSING INFORMATION
US03L, IMPROVE, , , , , , , 
MISSING INFORMATION
IMPROVE sel_HTAP
1 1
1991 01 01 2019 12 16
0
days from file reference point
5
1 1 1 1 1
999.999999 999.999 9.999 999.999 9.999999
end_time of measurement, days from the file reference point
pm10_mass, ug/m3, Matrix=pm10
numflag pm10_mass, no unit, Matrix=pm10
pm25_mass, ug/m3, Matrix=pm25
numflag pm25_mass, no unit, Matrix=pm25
0
33
Data definition:              EBAS_1.1
Set type code:                TI
Timezone:                     UTC
File name:                    US9043R.19910102080000.20191216000000.filterpack...1y.3d.US03L_filterpack_US9043.US03L_IMPROVE_Davis.lev2.nas
File creation:                20191218120816
Startdate:                    19910102080000
Revision date:                20191216000000
Version:                      2
Version description:          "Data extracted from http://views.cira.colostate.edu/fed/DataWizard 2019-12-16"
Statistics:                   arithmetic mean
Data level:                   2
Period code:                  1y
Resolution code:              3d
Sample duration:              1d
Orig. time res.:              3d
Station code:                 US9043R
Platform code:                US9043S
Station name:                 San Gorgonio Wilderness
Station latitude:             34.1939
Station longitude:            -116.9132
Station altitude:             1726.0 m
Regime:                       IMG
Component:                    
Unit:                         ug/m3
Matrix:                       
Laboratory code:              US03L
Instrument type:              filterpack
Instrument name:              filterpack_US9043
Method ref:                   US03L_IMPROVE_Davis
Blank correction:             Blank corrected
Volume std. temperature:      ambient
Volume std. pressure:         ambient
starttime endtime PM10 flag_PM10 PM2.5 flag_PM2.5
  1.333333   2.333333 999.999 0.999   2.438 0.559000
  4.333333   5.333333 999.999 0.999   2.346 0.559000
  8.333333   9.333333 999.999 0.999  16.777 0.559000
 11.333333  12.333333   3.333 0.000   1.078 0.559000
 15.333333  16.333333  38.103 0.000   7.462 0.559000
 18.333333  19.333333   8.833 0.000   5.692 0.559000
 22.333333  23.333333   6.335 0.000   3.129 0.559000
 25.333333  26.333333  10.000 0.000   8.896 0.559000
 29.333333  30.333333   6.284 0.000   2.402 0.559000
 32.333333  33.333333   8.008 0.000   4.102 0.559000
 36.333333  37.333333   5.880 0.000   2.395 0.559000
 39.333333  40.333333   5.655 0.000   3.832 0.559000
 43.333333  44.333333   8.488 0.000   6.104 0.559000
 46.333333  47.333333 999.999 0.999  15.982 0.559000
 50.333333  51.333333  11.947 0.000   4.294 0.559000
 53.333333  54.333333  20.000 0.000   8.395 0.559000
 57.333333  58.333333  12.659 0.000   7.685 0.559000
 60.333333  61.333333   6.310 0.000   4.503 0.559000
 64.333333  65.333333 999.999 0.999 999.999 0.999000
 67.333333  68.333333 999.999 0.999 999.999 0.999000
 71.333333  72.333333   8.885 0.000   3.189 0.559000
 74.333333  75.333333   9.571 0.000   6.099 0.559000
 78.333333  79.333333   6.373 0.000   1.206 0.559000
 81.333333  82.333333  11.459 0.000   7.619 0.559000
 85.333333  86.333333   2.423 0.000   2.207 0.559000
 88.333333  89.333333  12.125 0.000   5.000 0.559000
 92.333333  93.333333  10.521 0.000   7.485 0.559000
 95.333333  96.333333  25.035 0.000  12.591 0.559000
 99.333333 100.333333  50.909 0.000  17.629 0.559000
102.333333 103.333333  23.779 0.000  11.398 0.559000
106.333333 107.333333  21.555 0.000   9.667 0.559000
109.333333 110.333333  26.528 0.000  16.455 0.559000
113.333333 114.333333  33.431 0.000  20.154 0.559000
116.333333 117.333333  39.406 0.000  11.698 0.559000
120.333333 121.333333  23.986 0.000  10.858 0.559000
123.333333 124.333333  20.000 0.000   8.318 0.559000
127.333333 128.333333  42.724 0.000  21.706 0.559000
130.333333 131.333333  29.901 0.000  11.441 0.559000
134.333333 135.333333  22.491 0.000   9.725 0.559000
137.333333 138.333333 999.999 0.999  11.437 0.559000
141.333333 142.333333  17.138 0.000   8.452 0.559000
144.333333 145.333333  29.770 0.000  13.593 0.559000
148.333333 149.333333  24.183 0.000  11.147 0.559000
151.333333 152.333333  41.684 0.000  15.412 0.559000
155.333333 156.333333  18.130 0.000   6.805 0.559000
158.333333 159.333333  21.637 0.000  10.917 0.559000
162.333333 163.333333  37.524 0.000  17.057 0.559000
165.333333 166.333333  30.633 0.000  10.327 0.559000
169.333333 170.333333  20.642 0.000  13.006 0.559000
172.333333 173.333333  42.651 0.000  10.813 0.559000
176.333333 177.333333  26.779 0.000  11.642 0.559000
179.333333 180.333333  17.833 0.000   7.771 0.559000
183.333333 184.333333  29.352 0.000  11.617 0.559000
186.333333 187.333333  27.747 0.000  10.727 0.559000
190.333333 191.333333  22.509 0.000   8.654 0.559000
193.333333 194.333333  18.683 0.000   9.878 0.559000
197.333333 198.333333  39.900 0.000  15.284 0.559000
200.333333 201.333333  29.290 0.000  13.917 0.559000
204.333333 205.333333  27.774 0.000  12.544 0.559000
207.333333 208.333333  48.089 0.000  14.327 0.559000
211.333333 212.333333  18.433 0.000  15.481 0.559000
214.333333 215.333333  50.658 0.000  14.636 0.559000
218.333333 219.333333 999.999 0.999   8.107 0.559000
221.333333 222.333333  51.720 0.000  18.653 0.559000
225.333333 226.333333  25.764 0.000  10.964 0.559000
228.333333 229.333333  24.608 0.000  10.633 0.559000
232.333333 233.333333  17.788 0.000   6.755 0.559000
235.333333 236.333333  30.703 0.000  10.623 0.559000
239.333333 240.333333  21.812 0.000   7.270 0.559000
242.333333 243.333333  19.354 0.000   8.985 0.559000
246.333333 247.333333  16.179 0.000   7.091 0.559000
249.333333 250.333333  28.179 0.000  17.470 0.559000
253.333333 254.333333  19.564 0.000 999.999 0.559259
256.333333 257.333333  25.078 0.000   9.881 0.559000
260.333333 261.333333  21.107 0.000   7.672 0.559000
263.333333 264.333333  13.972 0.000   7.045 0.559000
267.333333 268.333333  22.109 0.000  10.060 0.559000
270.333333 271.333333  22.093 0.000   7.216 0.559000
274.333333 275.333333  14.156 0.000   6.243 0.559000
277.333333 278.333333  15.906 0.000   5.994 0.559000
281.333333 282.333333  32.074 0.000   7.507 0.559000
284.333333 285.333333  71.875 0.000  11.433 0.559000
288.333333 289.333333  48.000 0.000  19.628 0.559000
291.333333 292.333333  35.815 0.000  10.267 0.559000
295.333333 296.333333  14.545 0.000 999.999 0.559259
298.333333 299.333333  16.654 0.000   3.933 0.559000
302.333333 303.333333  17.086 0.000 999.999 0.559259
305.333333 306.333333  13.221 0.000   3.443 0.559000
309.333333 310.333333   9.151 0.000   1.782 0.559000
312.333333 313.333333  31.492 0.000  16.079 0.559000
316.333333 317.333333  11.966 0.000   3.815 0.559000
319.333333 320.333333  12.403 0.000   3.981 0.559000
323.333333 324.333333   4.150 0.000   0.601 0.559000
326.333333 327.333333   6.080 0.000   1.381 0.559000
330.333333 331.333333  35.193 0.000  20.401 0.559000
333.333333 334.333333  35.305 0.000   6.279 0.559000
337.333333 338.333333   6.079 0.000   3.086 0.559000
340.333333 341.333333 999.999 0.999 999.999 0.999000
344.333333 345.333333   4.371 0.000 999.999 0.559259
347.333333 348.333333   3.368 0.000   1.015 0.559000
351.333333 352.333333  13.534 0.000  10.278 0.559000
354.333333 355.333333  10.035 0.000   2.963 0.559000
358.333333 359.333333   8.144 0.000   2.826 0.559000
361.333333 362.333333  12.664 0.000 999.999 0.559259
