scripts/IMPROVE-2019_partial/data/US9038R.20120101070000.20191216000000.filterpack...52w.3d.US03L_filterpack_US9038.US03L_IMPROVE_Davis.lev2.nas
52 1001
MISSING INFORMATION
US03L, IMPROVE, , , , , , , 
MISSING INFORMATION
IMPROVE sel_HTAP
1 1
2012 01 01 2019 12 16
3.000000
days from file reference point
5
1 1 1 1 1
999.999999 999.999 9.999 999.999 9.999
end_time of measurement, days from the file reference point
pm10_mass, ug/m3, Matrix=pm10
numflag pm10_mass, no unit, Matrix=pm10
pm25_mass, ug/m3, Matrix=pm25
numflag pm25_mass, no unit, Matrix=pm25
0
33
Data definition:              EBAS_1.1
Set type code:                TU
Timezone:                     UTC
File name:                    US9038R.20120101070000.20191216000000.filterpack...52w.3d.US03L_filterpack_US9038.US03L_IMPROVE_Davis.lev2.nas
File creation:                20191218120757
Startdate:                    20120101070000
Revision date:                20191216000000
Version:                      2
Version description:          "Data extracted from http://views.cira.colostate.edu/fed/DataWizard 2019-12-16"
Statistics:                   arithmetic mean
Data level:                   2
Period code:                  52w
Resolution code:              3d
Sample duration:              1d
Orig. time res.:              3d
Station code:                 US9038R
Platform code:                US9038S
Station name:                 Saguaro NM
Station latitude:             32.1746
Station longitude:            -110.7371
Station altitude:             941.0 m
Regime:                       IMG
Component:                    
Unit:                         ug/m3
Matrix:                       
Laboratory code:              US03L
Instrument type:              filterpack
Instrument name:              filterpack_US9038
Method ref:                   US03L_IMPROVE_Davis
Blank correction:             Blank corrected
Volume std. temperature:      ambient
Volume std. pressure:         ambient
starttime endtime PM10 flag_PM10 PM2.5 flag_PM2.5
  0.291667   1.291667   4.699 0.000   1.633 0.000
  3.291667   4.291667   9.680 0.000   2.606 0.000
  6.291667   7.291667   7.645 0.000   2.874 0.000
  9.291667  10.291667   8.395 0.000   3.238 0.000
 12.291667  13.291667  10.267 0.000   2.695 0.000
 15.291667  16.291667   2.726 0.000   1.501 0.000
 18.291667  19.291667   5.129 0.000   2.140 0.000
 21.291667  22.291667  71.632 0.000  14.066 0.000
 24.291667  25.291667   7.409 0.000   2.982 0.000
 27.291667  28.291667  10.395 0.000   3.579 0.000
 30.291667  31.291667   7.092 0.000   2.412 0.000
 33.291667  34.291667   7.971 0.000   2.447 0.000
 36.291667  37.291667  15.183 0.000   4.424 0.000
 39.291667  40.291667  12.443 0.000   3.983 0.000
 42.291667  43.291667  11.836 0.000   3.445 0.000
 45.291667  46.291667   4.934 0.000   1.825 0.000
 48.291667  49.291667   4.851 0.000   2.182 0.000
 51.291667  52.291667   8.806 0.000   3.044 0.000
 54.291667  55.291667   9.922 0.000   2.599 0.000
 57.291667  58.291667 999.999 0.999 999.999 0.999
 60.291667  61.291667 999.999 0.999 999.999 0.999
 63.291667  64.291667 999.999 0.999 999.999 0.999
 66.291667  67.291667 999.999 0.999 999.999 0.999
 69.291667  70.291667  15.274 0.000   5.443 0.000
 72.291667  73.291667   8.592 0.000   3.297 0.000
 75.291667  76.291667  16.291 0.000   4.368 0.000
 78.291667  79.291667   6.754 0.000   2.683 0.000
 81.291667  82.291667   5.981 0.000   2.314 0.000
 84.291667  85.291667   8.759 0.000   2.441 0.000
 87.291667  88.291667  18.742 0.000   6.529 0.000
 90.291667  91.291667  12.892 0.000   5.080 0.000
 93.291667  94.291667 999.999 0.456 999.999 0.456
 96.291667  97.291667  26.274 0.000 999.999 0.456
 99.291667 100.291667  13.850 0.000 999.999 0.456
102.291667 103.291667  14.834 0.000   4.887 0.000
105.291667 106.291667  22.291 0.000   7.272 0.000
108.291667 109.291667  13.660 0.000   5.309 0.000
111.291667 112.291667  10.202 0.000   4.543 0.000
114.291667 115.291667   7.631 0.000   2.854 0.000
117.291667 118.291667  15.479 0.000   5.493 0.000
120.291667 121.291667  17.705 0.000   7.147 0.000
123.291667 124.291667 999.999 0.999 999.999 0.999
126.291667 127.291667  16.674 0.000   6.071 0.000
129.291667 130.291667  28.731 0.000   5.651 0.000
132.291667 133.291667  19.463 0.000   6.483 0.000
135.291667 136.291667   9.800 0.000   4.761 0.000
138.291667 139.291667  29.162 0.000   9.639 0.000
141.291667 142.291667  16.317 0.000   6.803 0.000
144.291667 145.291667  28.790 0.000   8.780 0.000
147.291667 148.291667  12.991 0.000   3.406 0.000
150.291667 151.291667 999.999 0.999 999.999 0.999
153.291667 154.291667 999.999 0.999 999.999 0.999
156.291667 157.291667 999.999 0.999 999.999 0.999
159.291667 160.291667  13.551 0.000   6.187 0.000
162.291667 163.291667  14.733 0.000   5.422 0.000
165.291667 166.291667  21.016 0.000   7.197 0.000
168.291667 169.291667  10.307 0.000   6.896 0.000
171.291667 172.291667  22.063 0.000   7.043 0.000
174.291667 175.291667  18.848 0.000   7.362 0.000
177.291667 178.291667  12.222 0.000   4.661 0.000
180.291667 181.291667  18.702 0.000   6.423 0.000
183.291667 184.291667  16.206 0.000   6.220 0.000
186.291667 187.291667  12.519 0.000  13.906 0.000
189.291667 190.291667   5.913 0.000   2.949 0.000
192.291667 193.291667   5.725 0.000   3.055 0.000
195.291667 196.291667   5.756 0.000   2.810 0.000
198.291667 199.291667 999.999 0.999 999.999 0.999
201.291667 202.291667 999.999 0.999 999.999 0.999
204.291667 205.291667 999.999 0.999 999.999 0.999
207.291667 208.291667  12.733 0.000   5.145 0.000
210.291667 211.291667 999.999 0.999 999.999 0.999
213.291667 214.291667   8.922 0.000   4.657 0.000
216.291667 217.291667  12.474 0.000   6.419 0.000
219.291667 220.291667   6.851 0.000   2.609 0.000
222.291667 223.291667  12.845 0.000   6.182 0.000
225.291667 226.291667  19.113 0.000   7.509 0.000
228.291667 229.291667  10.066 0.000   4.733 0.000
231.291667 232.291667   7.939 0.000   4.367 0.000
234.291667 235.291667   5.306 0.000   2.752 0.000
237.291667 238.291667   7.543 0.000   3.054 0.000
240.291667 241.291667   9.784 0.000   4.698 0.000
243.291667 244.291667  12.960 0.000   5.923 0.000
246.291667 247.291667  13.201 0.000   5.484 0.000
249.291667 250.291667   9.741 0.000   4.424 0.000
252.291667 253.291667  14.846 0.000   6.328 0.000
255.291667 256.291667   7.369 0.000   4.180 0.000
258.291667 259.291667   8.178 0.000   4.805 0.000
261.291667 262.291667 999.999 0.999 999.999 0.999
264.291667 265.291667  13.156 0.000   5.055 0.000
267.291667 268.291667  14.384 0.000   5.500 0.000
270.291667 271.291667  13.418 0.000   5.092 0.000
273.291667 274.291667  12.078 0.000   4.663 0.000
276.291667 277.291667  13.128 0.000   4.947 0.000
279.291667 280.291667   7.747 0.000   2.946 0.000
282.291667 283.291667  10.588 0.000   4.315 0.000
285.291667 286.291667  11.747 0.000   3.323 0.000
288.291667 289.291667   5.493 0.000   1.885 0.000
291.291667 292.291667  17.411 0.000   4.254 0.000
294.291667 295.291667   7.612 0.000   2.190 0.000
297.291667 298.291667  18.569 0.000   4.891 0.000
300.291667 301.291667  18.983 0.000   4.605 0.000
303.291667 304.291667  15.544 0.000   5.285 0.000
306.291667 307.291667  15.889 0.000   5.740 0.000
309.291667 310.291667  14.515 0.000   4.975 0.000
312.291667 313.291667  14.569 0.000   4.656 0.000
315.291667 316.291667   6.953 0.000   2.747 0.000
318.291667 319.291667  10.321 0.000   3.650 0.000
321.291667 322.291667  10.349 0.000   2.988 0.000
324.291667 325.291667   2.813 0.000   1.287 0.000
327.291667 328.291667   9.201 0.000   4.267 0.000
330.291667 331.291667   8.565 0.000   3.312 0.000
333.291667 334.291667 999.999 0.999 999.999 0.999
336.291667 337.291667 999.999 0.999 999.999 0.999
339.291667 340.291667  10.804 0.000   3.600 0.000
342.291667 343.291667  12.612 0.000   3.287 0.000
345.291667 346.291667  14.255 0.000   3.053 0.000
348.291667 349.291667   2.779 0.000   1.236 0.000
351.291667 352.291667   3.024 0.000   1.452 0.000
354.291667 355.291667   3.795 0.000   1.422 0.000
357.291667 358.291667   8.034 0.000   3.704 0.000
360.291667 361.291667   7.385 0.000   3.099 0.000
363.291667 364.291667   5.519 0.000   1.996 0.000
