scripts/IMPROVE-2019_partial/data/US9034R.20020102060000.20191216000000.filterpack..pm25.52w.1w.US03L_filterpack_US9034.US03L_IMPROVE_Davis.lev2.nas
66 1001
MISSING INFORMATION
US03L, IMPROVE, , , , , , , 
MISSING INFORMATION
IMPROVE sel_HTAP
1 1
2002 01 01 2019 12 16
3.00
days from file reference point
27
1 1 1 1 1 1 1 1 1 1 1 1 1 1 1 1 1 1 1 1 1 1 1 1 1 1 1
999.99 99999.99 9.999 99.99 9.999 9.999 9.999999 9.99 9.999999 99.999 9.999999 99.999 9.999 99.999 9.999 999.99 9.999999 999.999 9.999 999.999 9.999 999.999 9.999 9.999 9.999 99.999 9.999999
end_time of measurement, days from the file reference point
iron, ng/m3, Revision date=20181210133000
numflag iron, no unit, Revision date=20181210133000
lead, ng/m3, Revision date=20181210133000
numflag lead, no unit, Revision date=20181210133000
magnesium, ug/m3, Revision date=20181210133000
numflag magnesium, no unit, Revision date=20181210133000
nickel, ng/m3, Revision date=20181210133000
numflag nickel, no unit, Revision date=20181210133000
nitrate, ug N/m3, Revision date=20181210133000
numflag nitrate, no unit, Revision date=20181210133000
organic_carbon, ug C/m3, Revision date=20181210133000
numflag organic_carbon, no unit, Revision date=20181210133000
organic_mass, ug/m3, Revision date=20181210133000
numflag organic_mass, no unit, Revision date=20181210133000
phosphorus, ng/m3, Revision date=20181210133000
numflag phosphorus, no unit, Revision date=20181210133000
pm10_mass, ug/m3, Version=2, Version description=Data extracted from http://views.cira.colostate.edu/fed/DataWizard 2019-12-16, Sample duration=1d, Orig. time res.=3d, Matrix=pm10, Blank correction=Blank corrected, Volume std. temperature=ambient, Volume std. pressure=ambient
numflag pm10_mass, no unit, Version=2, Version description=Data extracted from http://views.cira.colostate.edu/fed/DataWizard 2019-12-16, Sample duration=1d, Orig. time res.=3d, Matrix=pm10, Blank correction=Blank corrected, Volume std. temperature=ambient, Volume std. pressure=ambient
pm10_pm25_mass, ug/m3, Revision date=20181210133000, Matrix=pm10_pm25
numflag pm10_pm25_mass, no unit, Revision date=20181210133000, Matrix=pm10_pm25
pm25_mass, ug/m3, Version=2, Version description=Data extracted from http://views.cira.colostate.edu/fed/DataWizard 2019-12-16, Sample duration=1d, Orig. time res.=3d, Blank correction=Blank corrected, Volume std. temperature=ambient, Volume std. pressure=ambient
numflag pm25_mass, no unit, Version=2, Version description=Data extracted from http://views.cira.colostate.edu/fed/DataWizard 2019-12-16, Sample duration=1d, Orig. time res.=3d, Blank correction=Blank corrected, Volume std. temperature=ambient, Volume std. pressure=ambient
potassium, ug/m3, Revision date=20181210133000
numflag potassium, no unit, Revision date=20181210133000
sulphate_total, ug S/m3, Revision date=20181210133000
numflag sulphate_total, no unit, Revision date=20181210133000
0
25
Data definition:              EBAS_1.1
Set type code:                TU
Timezone:                     UTC
File name:                    US9034R.20020102060000.20191216000000.filterpack..pm25.52w.1w.US03L_filterpack_US9034.US03L_IMPROVE_Davis.lev2.nas
File creation:                20191218120733
Startdate:                    20020102060000
Revision date:                20191216000000
Statistics:                   arithmetic mean
Data level:                   2
Period code:                  52w
Resolution code:              1w
Station code:                 US9034R
Platform code:                US9034S
Station name:                 Upper Buffalo Wilderness
Station latitude:             35.8258
Station longitude:            -93.203
Station altitude:             722.0 m
Regime:                       IMG
Component:                    
Matrix:                       pm25
Laboratory code:              US03L
Instrument type:              filterpack
Instrument name:              filterpack_US9034
Method ref:                   US03L_IMPROVE_Davis
starttime endtime Fe flag_Fe Pb flag_Pb Mg++ flag_Mg++ Ni flag_Ni NO3- flag_NO3- OC flag_OC OM flag_OM P flag_P PM10 flag_PM10 PM10-PM2.5 flag_PM10-PM2.5 PM2.5 flag_PM2.5 K+ flag_K+ SO4-- flag_SO4--
[from data line 81]
244.25 245.25    38.69 0.000  1.13 0.000 9.999 0.259000 9.99 0.259000  0.032 0.000000  1.764 0.000  2.470 0.000 999.99 0.259000  21.033 0.000   8.145 0.000  12.888 0.000 0.050 0.000  1.790 0.000000
247.25 248.25    49.44 0.000  1.35 0.000 9.999 0.259000 9.99 0.259000  0.059 0.000000  2.667 0.000  3.734 0.000 999.99 0.259000  34.321 0.000  17.637 0.000  16.684 0.000 0.065 0.000  2.324 0.000000
250.25 251.25    25.75 0.000  1.21 0.000 9.999 0.259000 0.52 0.000000  0.055 0.000000  2.342 0.000  3.279 0.000 999.99 0.259000  21.195 0.000   6.954 0.000  14.241 0.000 0.043 0.000  2.020 0.000000
253.25 254.25    34.26 0.000  1.49 0.000 0.017 0.000000 0.24 0.000000  0.090 0.000000  2.018 0.000  2.825 0.000 999.99 0.259000  47.206 0.000  32.996 0.000  14.210 0.000 0.043 0.000  1.937 0.000000
256.25 257.25    81.79 0.000  1.93 0.000 9.999 0.259000 9.99 0.259000  0.116 0.000000  6.244 0.000  8.742 0.000 999.99 0.259000  42.195 0.000  19.206 0.000  22.988 0.000 0.285 0.000  2.078 0.000000
259.25 260.25    25.45 0.000  1.95 0.000 9.999 0.259000 9.99 0.259000  0.102 0.000000  2.216 0.000  3.103 0.000 999.99 0.259000  19.509 0.000   4.972 0.000  14.536 0.000 0.037 0.000  2.211 0.000000
262.25 263.25     9.18 0.000  0.72 0.000 9.999 0.259000 9.99 0.259000  0.075 0.000000  0.828 0.000  1.159 0.000 999.99 0.259000  11.199 0.000   5.574 0.000   5.626 0.000 0.014 0.000  0.848 0.000000
265.25 266.25    17.26 0.000  1.21 0.000 9.999 0.259000 9.99 0.259000  0.021 0.000000  0.581 0.000  0.813 0.000 999.99 0.259000   8.149 0.000   5.139 0.000   3.009 0.000 0.018 0.000  0.276 0.000000
268.25 269.25    27.40 0.000  2.03 0.000 9.999 0.259000 9.99 0.259000  0.074 0.559000  1.711 0.000  2.395 0.000 999.99 0.259000  39.499 0.000  26.382 0.000  13.117 0.000 0.053 0.000  2.079 0.559000
271.25 272.25    43.35 0.000  2.92 0.000 9.999 0.259000 9.99 0.259000  0.049 0.000000  1.993 0.000  2.790 0.000 999.99 0.259000  23.001 0.000  10.982 0.000  12.019 0.000 0.048 0.000  1.551 0.000000
274.25 275.25    37.07 0.000  1.70 0.000 0.018 0.000000 0.35 0.000000  0.061 0.000000  2.729 0.000  3.821 0.000 999.99 0.259000  32.314 0.000  21.155 0.000  11.159 0.000 0.055 0.000  1.445 0.000000
277.25 278.25    18.93 0.000  0.95 0.000 9.999 0.259000 9.99 0.259000  0.027 0.000000  0.767 0.000  1.074 0.000 999.99 0.259000  11.159 0.000   8.014 0.000   3.146 0.000 0.029 0.000  0.268 0.000000
280.25 281.25    20.86 0.000  1.01 0.000 9.999 0.259000 0.10 0.000000  0.066 0.000000  1.490 0.000  2.086 0.000 999.99 0.259000  11.360 0.000   7.211 0.000   4.149 0.000 0.039 0.000  0.336 0.000000
283.25 284.25     7.30 0.000  1.53 0.000 9.999 0.259000 9.99 0.259000  0.113 0.000000  1.187 0.000  1.661 0.000 999.99 0.259000  19.950 0.000  14.430 0.000   5.520 0.000 0.026 0.000  0.687 0.000000
286.25 287.25    10.88 0.000  1.27 0.000 9.999 0.259000 9.99 0.259000  0.083 0.000000  0.679 0.000  0.951 0.000 999.99 0.259000   3.733 0.000   0.847 0.000   2.886 0.000 0.021 0.000  0.317 0.000000
289.25 290.25    28.02 0.000  0.68 0.000 9.999 0.259000 9.99 0.259000  0.071 0.000000  0.906 0.000  1.269 0.000 999.99 0.259000  18.666 0.000  14.897 0.000   3.769 0.000 0.037 0.000  0.264 0.000000
292.25 293.25     9.27 0.000  4.44 0.000 9.999 0.259000 9.99 0.259000  0.188 0.559000  1.087 0.000  1.522 0.000 999.99 0.259000   8.470 0.000   3.703 0.000   4.767 0.000 0.035 0.000  0.475 0.559000
295.25 296.25    39.64 0.000  3.48 0.000 9.999 0.259000 9.99 0.259000  0.171 0.559000  1.763 0.000  2.468 0.000 999.99 0.259000  18.706 0.000   5.203 0.000  13.503 0.000 0.051 0.000  2.047 0.559000
298.25 299.25     8.21 0.000  1.43 0.000 9.999 0.259000 0.13 0.000000  0.243 0.000000  0.637 0.000  0.892 0.000 999.99 0.259000   6.222 0.000   1.533 0.000   4.689 0.000 0.018 0.000  0.739 0.000000
301.25 302.25     0.73 0.000  0.64 0.000 0.048 0.000000 9.99 0.259000  0.085 0.000000  0.353 0.000  0.494 0.000 999.99 0.259000   2.087 0.000   0.663 0.000   1.425 0.000 0.008 0.000  0.154 0.000000
304.25 305.25    10.89 0.000  1.33 0.000 9.999 0.259000 9.99 0.259000  0.775 0.559000  1.120 0.000  1.568 0.000 999.99 0.259000  11.440 0.000   1.944 0.000   9.497 0.000 0.042 0.000  0.934 0.559000
307.25 308.25     5.70 0.000  0.64 0.000 0.045 0.000000 0.05 0.000000  0.184 0.559000  0.770 0.000  1.078 0.000 999.99 0.259000   5.660 0.000   1.683 0.000   3.977 0.000 0.012 0.000  0.574 0.559000
310.25 311.25    19.42 0.000  1.57 0.000 9.999 0.259000 9.99 0.259000  0.041 0.559000  1.455 0.000  2.037 0.000 999.99 0.259000   9.246 0.000   5.423 0.000   3.822 0.000 0.029 0.000  0.198 0.559000
313.25 314.25    62.71 0.000  0.78 0.000 9.999 0.259000 0.33 0.000000  0.052 0.000000  1.509 0.000  2.112 0.000 999.99 0.259000  20.184 0.000  14.278 0.000   5.906 0.000 0.055 0.000  0.478 0.000000
316.25 317.25    29.99 0.000  0.80 0.000 9.999 0.259000 0.10 0.000000  0.132 0.000000  1.233 0.000  1.726 0.000 999.99 0.259000  29.524 0.000  25.686 0.000   3.838 0.000 0.032 0.000  0.265 0.000000
319.25 320.25    17.45 0.000  2.10 0.000 0.026 0.000000 0.07 0.000000  1.609 0.559000  1.261 0.000  1.766 0.000 999.99 0.259000  20.833 0.000   5.596 0.000  15.237 0.000 0.034 0.000  0.967 0.559000
322.25 323.25    19.75 0.000  0.96 0.000 9.999 0.259000 9.99 0.259000  0.234 0.000000  0.803 0.000  1.125 0.000 999.99 0.259000  11.464 0.000   9.004 0.000   2.461 0.000 0.021 0.000  0.125 0.000000
325.25 326.25    26.00 0.000  1.07 0.000 9.999 0.259000 9.99 0.259000  0.844 0.559000  0.873 0.000  1.222 0.000 999.99 0.259000  18.995 0.000  11.142 0.000   7.853 0.000 0.047 0.000  0.515 0.559000
328.25 329.25    13.39 0.000  1.16 0.000 9.999 0.259000 9.99 0.259000  0.638 0.000000  1.256 0.000  1.759 0.000 999.99 0.259000  14.910 0.000   6.636 0.000   8.274 0.000 0.077 0.000  0.558 0.000000
331.25 332.25    41.90 0.000  1.65 0.000 9.999 0.259000 0.10 0.000000  0.919 0.559000  1.492 0.000  2.089 0.000 999.99 0.259000  29.231 0.000  19.146 0.000  10.085 0.000 0.043 0.000  0.720 0.559000
334.25 335.25    38.51 0.000  1.04 0.000 9.999 0.259000 9.99 0.259000  0.122 0.559000  0.724 0.000  1.013 0.000 999.99 0.259000  12.233 0.000   9.093 0.000   3.141 0.000 0.033 0.000  0.213 0.559000
337.25 338.25 99999.99 0.999 99.99 0.999 9.999 0.999000 9.99 0.999000 99.999 0.999000 99.999 0.999 99.999 0.999 999.99 0.999000 999.999 0.999 999.999 0.999 999.999 0.999 9.999 0.999 99.999 0.999000
340.25 341.25 99999.99 0.999 99.99 0.999 9.999 0.999000 9.99 0.999000 99.999 0.999000 99.999 0.999 99.999 0.999 999.99 0.999000 999.999 0.999 999.999 0.999 999.999 0.999 9.999 0.999 99.999 0.999000
343.25 344.25    15.86 0.000  2.27 0.000 9.999 0.259000 9.99 0.259000  0.774 0.000000  1.881 0.000  2.634 0.000 999.99 0.259000  14.191 0.000   3.834 0.000  10.357 0.000 0.056 0.000  0.744 0.000000
346.25 347.25     8.86 0.394  1.13 0.394 0.021 0.394000 0.07 0.394000  0.627 0.559394  0.745 0.000  1.042 0.000 999.99 0.394259  13.144 0.000   5.527 0.000   7.617 0.000 0.021 0.394  0.723 0.559394
349.25 350.25    15.16 0.000  1.16 0.000 9.999 0.259000 0.38 0.000000  0.285 0.000000  1.315 0.000  1.841 0.000 999.99 0.259000  13.122 0.000   4.729 0.000   8.392 0.000 0.036 0.000  1.155 0.000000
352.25 353.25    13.94 0.000  0.74 0.000 0.015 0.000000 9.99 0.259000  0.213 0.000000  0.673 0.000  0.942 0.000 999.99 0.259000   7.913 0.000   5.077 0.000   2.837 0.000 0.022 0.000  0.190 0.000000
355.25 356.25    16.59 0.000  0.92 0.000 9.999 0.259000 9.99 0.259000  0.404 0.000000  0.613 0.000  0.859 0.000 999.99 0.259000   9.584 0.000   5.553 0.000   4.031 0.000 0.021 0.000  0.191 0.000000
358.25 359.25    14.74 0.000  0.45 0.000 0.017 0.000000 9.99 0.259000  0.404 0.000000  0.758 0.000  1.061 0.000 999.99 0.259000   8.218 0.000   3.471 0.000   4.747 0.000 0.029 0.000  0.244 0.000000
361.25 362.25    10.77 0.000  1.23 0.000 0.031 0.000000 9.99 0.259000  0.495 0.559000  1.503 0.000  2.104 0.000 999.99 0.259000   9.967 0.000   2.994 0.000   6.974 0.000 0.030 0.000  0.445 0.559000
364.25 365.25     6.53 0.000  0.99 0.000 0.027 0.000000 9.99 0.259000  0.131 0.000000  0.314 0.000  0.440 0.000 999.99 0.259000   4.128 0.000   2.225 0.000   1.903 0.000 0.016 0.000  0.167 0.000000
