scripts/IMPROVE-2019_partial/data/US9019R.20010404050000.20191216000000.filterpack..pm25.9mo.1w.US03L_filterpack_US9019.US03L_IMPROVE_Davis.lev2.nas
64 1001
MISSING INFORMATION
US03L, IMPROVE, , , , , , , 
MISSING INFORMATION
IMPROVE sel_HTAP
1 1
2001 01 01 2019 12 16
3.000000
days from file reference point
25
1 1 1 1 1 1 1 1 1 1 1 1 1 1 1 1 1 1 1 1 1 1 1 1 1
999.999999 9999.99 9.999999 999.99 9.999999 9.999 9.999999999 99.99 9.999999999 9.999 9.999 99.999 9.999 99.999 9.999 999.999 9.999 999.999 9.999 999.999 9.999 9.999 9.999999 99.999 9.999
end_time of measurement, days from the file reference point
iron, ng/m3, Revision date=20181210133000
numflag iron, no unit, Revision date=20181210133000
lead, ng/m3, Revision date=20181210133000
numflag lead, no unit, Revision date=20181210133000
magnesium, ug/m3, Revision date=20181210133000
numflag magnesium, no unit, Revision date=20181210133000
nickel, ng/m3, Revision date=20181210133000
numflag nickel, no unit, Revision date=20181210133000
nitrate, ug N/m3, Revision date=20181210133000
numflag nitrate, no unit, Revision date=20181210133000
organic_carbon, ug C/m3, Revision date=20181210133000
numflag organic_carbon, no unit, Revision date=20181210133000
organic_mass, ug/m3, Revision date=20181210133000
numflag organic_mass, no unit, Revision date=20181210133000
pm10_mass, ug/m3, Version=2, Version description=Data extracted from http://views.cira.colostate.edu/fed/DataWizard 2019-12-16, Sample duration=1d, Orig. time res.=3d, Matrix=pm10, Blank correction=Blank corrected, Volume std. temperature=ambient, Volume std. pressure=ambient
numflag pm10_mass, no unit, Version=2, Version description=Data extracted from http://views.cira.colostate.edu/fed/DataWizard 2019-12-16, Sample duration=1d, Orig. time res.=3d, Matrix=pm10, Blank correction=Blank corrected, Volume std. temperature=ambient, Volume std. pressure=ambient
pm10_pm25_mass, ug/m3, Revision date=20181210133000, Matrix=pm10_pm25
numflag pm10_pm25_mass, no unit, Revision date=20181210133000, Matrix=pm10_pm25
pm25_mass, ug/m3, Version=2, Version description=Data extracted from http://views.cira.colostate.edu/fed/DataWizard 2019-12-16, Sample duration=1d, Orig. time res.=3d, Blank correction=Blank corrected, Volume std. temperature=ambient, Volume std. pressure=ambient
numflag pm25_mass, no unit, Version=2, Version description=Data extracted from http://views.cira.colostate.edu/fed/DataWizard 2019-12-16, Sample duration=1d, Orig. time res.=3d, Blank correction=Blank corrected, Volume std. temperature=ambient, Volume std. pressure=ambient
potassium, ug/m3, Revision date=20181210133000
numflag potassium, no unit, Revision date=20181210133000
sulphate_total, ug S/m3, Revision date=20181210133000
numflag sulphate_total, no unit, Revision date=20181210133000
0
25
Data definition:              EBAS_1.1
Set type code:                TU
Timezone:                     UTC
File name:                    US9019R.20010404050000.20191216000000.filterpack..pm25.9mo.1w.US03L_filterpack_US9019.US03L_IMPROVE_Davis.lev2.nas
File creation:                20191218120621
Startdate:                    20010404050000
Revision date:                20191216000000
Statistics:                   arithmetic mean
Data level:                   2
Period code:                  9mo
Resolution code:              1w
Station code:                 US9019R
Platform code:                US9019S
Station name:                 Quaker City
Station latitude:             39.9428
Station longitude:            -81.3378
Station altitude:             366.0 m
Regime:                       IMG
Component:                    
Matrix:                       pm25
Laboratory code:              US03L
Instrument type:              filterpack
Instrument name:              filterpack_US9019
Method ref:                   US03L_IMPROVE_Davis
starttime endtime Fe flag_Fe Pb flag_Pb Mg++ flag_Mg++ Ni flag_Ni NO3- flag_NO3- OC flag_OC OM flag_OM PM10 flag_PM10 PM10-PM2.5 flag_PM10-PM2.5 PM2.5 flag_PM2.5 K+ flag_K+ SO4-- flag_SO4--
 93.208333  94.208333 9999.99 0.999000 999.99 0.999000 9.999 0.999000000 99.99 0.999000000 9.999 0.999 99.999 0.999 99.999 0.999 999.999 0.999 999.999 0.999 999.999 0.999 9.999 0.999000 99.999 0.999
 96.208333  97.208333 9999.99 0.999000 999.99 0.999000 9.999 0.999000000 99.99 0.999000000 9.999 0.999 99.999 0.999 99.999 0.999 999.999 0.999 999.999 0.999 999.999 0.999 9.999 0.999000 99.999 0.999
 99.208333 100.208333 9999.99 0.999000 999.99 0.999000 9.999 0.999000000 99.99 0.999000000 9.999 0.999 99.999 0.999 99.999 0.999 999.999 0.999 999.999 0.999 999.999 0.999 9.999 0.999000 99.999 0.999
102.208333 103.208333 9999.99 0.999000 999.99 0.999000 9.999 0.999000000 99.99 0.999000000 9.999 0.999 99.999 0.999 99.999 0.999 999.999 0.999 999.999 0.999 999.999 0.999 9.999 0.999000 99.999 0.999
105.208333 106.208333 9999.99 0.999000 999.99 0.999000 9.999 0.999000000 99.99 0.999000000 9.999 0.999 99.999 0.999 99.999 0.999 999.999 0.999 999.999 0.999 999.999 0.999 9.999 0.999000 99.999 0.999
108.208333 109.208333 9999.99 0.999000 999.99 0.999000 9.999 0.999000000 99.99 0.999000000 9.999 0.999 99.999 0.999 99.999 0.999 999.999 0.999 999.999 0.999 999.999 0.999 9.999 0.999000 99.999 0.999
111.208333 112.208333 9999.99 0.999000 999.99 0.999000 9.999 0.999000000 99.99 0.999000000 9.999 0.999 99.999 0.999 99.999 0.999 999.999 0.999 999.999 0.999 999.999 0.999 9.999 0.999000 99.999 0.999
114.208333 115.208333 9999.99 0.999000 999.99 0.999000 9.999 0.999000000 99.99 0.999000000 9.999 0.999 99.999 0.999 99.999 0.999 999.999 0.999 999.999 0.999 999.999 0.999 9.999 0.999000 99.999 0.999
117.208333 118.208333 9999.99 0.999000 999.99 0.999000 9.999 0.999000000 99.99 0.999000000 9.999 0.999 99.999 0.999 99.999 0.999 999.999 0.999 999.999 0.999 999.999 0.999 9.999 0.999000 99.999 0.999
120.208333 121.208333 9999.99 0.999000 999.99 0.999000 9.999 0.999000000 99.99 0.999000000 9.999 0.999 99.999 0.999 99.999 0.999 999.999 0.999 999.999 0.999 999.999 0.999 9.999 0.999000 99.999 0.999
123.208333 124.208333  194.16 0.000000   7.13 0.000000 9.999 0.259000000  0.39 0.000000000 0.144 0.000  2.443 0.000  3.420 0.000  48.569 0.000  14.714 0.000  33.854 0.000 0.128 0.000000  5.232 0.000
126.208333 127.208333   65.36 0.000000   4.03 0.000000 9.999 0.259000000  0.57 0.000000000 0.090 0.000  1.861 0.000  2.606 0.000  24.242 0.000   8.624 0.000  15.617 0.000 0.057 0.000000  2.312 0.000
129.208333 130.208333  121.92 0.000000   6.30 0.000000 9.999 0.259000000  0.27 0.000000000 0.065 0.000  1.430 0.000  2.002 0.000  31.721 0.000   9.970 0.000  21.751 0.000 0.089 0.000000  3.636 0.000
132.208333 133.208333   50.28 0.000000   5.10 0.000000 9.999 0.259000000  0.59 0.000000000 0.232 0.000  0.989 0.000  1.384 0.000  11.102 0.000   4.341 0.000   6.762 0.000 0.062 0.000000  0.841 0.000
135.208333 136.208333   38.97 0.000000   9.84 0.000000 9.999 0.259000000  0.87 0.000000000 0.203 0.000  1.366 0.000  1.912 0.000  19.247 0.000   2.920 0.000  16.327 0.000 0.043 0.000000  2.471 0.000
138.208333 139.208333   81.25 0.000000   6.12 0.000000 9.999 0.259000000  0.29 0.000000000 0.267 0.000  1.234 0.000  1.728 0.000  15.710 0.000   6.481 0.000   9.229 0.000 0.048 0.000000  1.142 0.000
141.208333 142.208333   18.10 0.000000   2.76 0.000000 9.999 0.259000000  0.63 0.000000000 0.106 0.000  0.755 0.000  1.057 0.000  12.483 0.000   6.426 0.000   6.057 0.000 0.030 0.000000  0.877 0.000
144.208333 145.208333   32.62 0.000000   3.21 0.000000 9.999 0.259000000  0.35 0.000000000 0.036 0.000  0.785 0.000  1.100 0.000   9.032 0.000   3.984 0.000   5.048 0.000 0.036 0.000000  0.726 0.000
147.208333 148.208333   26.93 0.000000   2.59 0.000000 9.999 0.259000000  0.31 0.000000000 0.076 0.000  0.867 0.000  1.214 0.000  10.523 0.000   2.718 0.000   7.805 0.000 0.019 0.000000  1.285 0.000
150.208333 151.208333   57.73 0.000000   5.12 0.000000 9.999 0.259000000  1.34 0.000000000 0.043 0.000  0.754 0.000  1.056 0.000  10.481 0.000   4.059 0.000   6.422 0.000 0.032 0.000000  0.832 0.000
153.208333 154.208333   15.32 0.000000   2.51 0.000000 9.999 0.259000000 99.99 0.259000000 0.097 0.000  0.645 0.000  0.903 0.000   7.285 0.000   2.254 0.000   5.031 0.000 0.022 0.000000  0.795 0.000
156.208333 157.208333   55.39 0.000000   4.74 0.000000 9.999 0.259000000  0.31 0.000000000 0.123 0.000  1.395 0.000  1.953 0.000  23.347 0.000   3.444 0.000  19.903 0.000 0.023 0.000000  3.508 0.000
159.208333 160.208333   61.41 0.000000  11.29 0.000000 9.999 0.259000000  0.29 0.000000000 0.112 0.000  2.600 0.000  3.641 0.000  17.936 0.000   5.369 0.000  12.568 0.000 0.069 0.000000  1.319 0.000
162.208333 163.208333   36.49 0.000000   2.47 0.000000 9.999 0.259000000 99.99 0.259000000 0.079 0.000  2.473 0.000  3.462 0.000  25.181 0.000   5.417 0.000  19.764 0.000 0.047 0.000000  2.885 0.000
165.208333 166.208333   72.74 0.000000   2.97 0.000000 9.999 0.259000000  0.57 0.000000000 0.061 0.000  2.647 0.000  3.706 0.000  33.712 0.000   5.810 0.000  27.902 0.000 0.063 0.000000  4.317 0.000
168.208333 169.208333   31.09 0.000000   2.19 0.000000 9.999 0.259000000  0.31 0.000000000 0.034 0.559  1.729 0.000  2.420 0.000  14.566 0.000   4.690 0.000   9.877 0.000 0.030 0.000000  1.134 0.559
171.208333 172.208333   24.53 0.000000   1.95 0.000000 9.999 0.259000000 99.99 0.259000000 0.092 0.559  1.589 0.000  2.225 0.000  25.264 0.000   4.462 0.000  20.802 0.000 0.054 0.000000  3.364 0.559
174.208333 175.208333   32.35 0.699000   5.45 0.699000 0.061 0.699000000  0.23 0.699000000 0.093 0.000  1.423 0.000  1.992 0.000  17.665 0.000   4.636 0.000  13.029 0.699 0.033 0.699000  1.945 0.000
177.208333 178.208333   28.58 0.699000   2.87 0.699000 9.999 0.699259000  0.33 0.699000000 0.043 0.000  1.392 0.000  1.949 0.000  37.871 0.000   3.853 0.000  34.018 0.699 0.037 0.699000  6.035 0.000
180.208333 181.208333   80.26 0.000000   1.92 0.000000 9.999 0.259000000 99.99 0.259000000 0.050 0.000  1.896 0.000  2.654 0.000  21.977 0.000   5.241 0.000  16.736 0.000 0.052 0.000000  2.512 0.000
183.208333 184.208333   29.72 0.000000   2.09 0.000000 9.999 0.259000000  0.38 0.000000000 0.046 0.000  1.390 0.000  1.946 0.000  17.674 0.000   5.425 0.000  12.249 0.000 0.029 0.000000  1.912 0.000
186.208333 187.208333   22.72 0.000000   2.05 0.000000 9.999 0.259000000 99.99 0.259000000 0.056 0.000  0.950 0.000  1.330 0.000  11.759 0.000   6.605 0.000   5.153 0.000 0.066 0.000000  0.456 0.000
189.208333 190.208333   56.61 0.000000   3.95 0.000000 9.999 0.259000000 99.99 0.259000000 0.048 0.000  1.890 0.000  2.646 0.000  25.364 0.000   4.908 0.000  20.456 0.000 0.077 0.000000  3.503 0.000
192.208333 193.208333   27.08 0.000000   1.78 0.000000 9.999 0.259000000  0.29 0.000000000 0.056 0.000  1.845 0.000  2.583 0.000  12.957 0.000   6.170 0.000   6.787 0.000 0.068 0.000000  0.556 0.000
195.208333 196.208333   29.08 0.000000   4.45 0.000000 9.999 0.259000000  0.25 0.000000000 0.056 0.000  2.587 0.000  3.621 0.000  18.405 0.000   6.070 0.000  12.335 0.000 0.065 0.000000  1.127 0.000
198.208333 199.208333   21.96 0.000000   1.57 0.000000 0.070 0.000000000 99.99 0.259000000 0.079 0.000  1.351 0.000  1.892 0.000  25.788 0.000   1.387 0.000  24.401 0.000 0.022 0.000000  4.497 0.000
201.208333 202.208333   22.95 0.000000   2.12 0.000000 9.999 0.259000000  0.80 0.000000000 0.031 0.000  1.989 0.000  2.785 0.000  23.162 0.000   3.589 0.000  19.574 0.000 0.027 0.000000  3.280 0.000
204.208333 205.208333   34.19 0.559000   1.46 0.559000 9.999 0.559259000  0.23 0.559000000 0.031 0.000  1.994 0.000  2.792 0.000  34.749 0.000   5.518 0.000  29.232 0.559 0.033 0.559000  4.628 0.000
207.208333 208.208333   47.16 0.000000   3.17 0.000000 9.999 0.259000000  0.47 0.000000000 0.068 0.000  1.512 0.000  2.117 0.000  14.911 0.000   7.430 0.000   7.481 0.000 0.031 0.000000  0.707 0.000
210.208333 211.208333   13.83 0.000000   2.12 0.000000 9.999 0.259000000  0.32 0.000000000 0.045 0.000  0.883 0.000  1.237 0.000  19.001 0.000   2.882 0.000  16.120 0.000 0.020 0.000000  2.866 0.000
213.208333 214.208333   41.21 0.559000   2.61 0.559000 9.999 0.559259000 99.99 0.559259000 0.027 0.000  1.920 0.000  2.688 0.000  59.773 0.000  11.981 0.000  47.792 0.559 0.032 0.559000  9.453 0.000
216.208333 217.208333   34.32 0.000000   4.54 0.000000 9.999 0.259000000 99.99 0.259000000 0.105 0.000  2.894 0.000  4.052 0.000  24.158 0.000   4.519 0.000  19.639 0.000 0.049 0.000000  2.831 0.000
219.208333 220.208333   60.51 0.000000   4.68 0.000000 9.999 0.259000000  0.28 0.000000000 0.054 0.000  2.329 0.000  3.261 0.000  38.872 0.000   7.414 0.000  31.458 0.000 0.035 0.000000  5.382 0.000
222.208333 223.208333   54.97 0.000000   2.27 0.000000 9.999 0.259000000  0.41 0.000000000 0.058 0.000  1.803 0.000  2.524 0.000  20.198 0.000   6.877 0.000  13.321 0.000 0.043 0.000000  2.058 0.000
225.208333 226.208333   28.28 0.000000  27.00 0.000000 9.999 0.259000000  0.16 0.000000000 0.042 0.000  1.819 0.000  2.546 0.000  14.591 0.000   6.594 0.000   7.998 0.000 0.031 0.000000  0.720 0.000
228.208333 229.208333   25.02 0.000000  15.81 0.000000 9.999 0.259000000 99.99 0.259000000 0.095 0.000  1.687 0.000  2.362 0.000 999.999 0.456 999.999 0.999  13.635 0.000 0.044 0.000000  2.135 0.000
231.208333 232.208333   16.38 0.000000   7.21 0.000000 9.999 0.259000000 99.99 0.259000000 0.098 0.000  2.126 0.000  2.976 0.000  13.169 0.000   4.058 0.000   9.111 0.000 0.079 0.000000  1.078 0.000
234.208333 235.208333   33.11 0.000000   2.79 0.000000 9.999 0.259000000 99.99 0.259000000 0.058 0.000  1.377 0.000  1.927 0.000  16.402 0.000   4.329 0.000  12.073 0.000 0.036 0.000000  1.517 0.000
237.208333 238.208333   30.58 0.000000   2.20 0.000000 0.089 0.000000000  0.23 0.000000000 0.030 0.000  2.209 0.000  3.092 0.000  25.435 0.000   3.996 0.000  21.439 0.000 0.046 0.000000  3.349 0.000
240.208333 241.208333   38.23 0.000000   2.59 0.000000 9.999 0.259000000 99.99 0.259000000 0.038 0.000  1.312 0.000  1.837 0.000  16.048 0.000   6.579 0.000   9.470 0.000 0.028 0.000000  1.138 0.000
243.208333 244.208333   12.64 0.000000   2.10 0.000000 9.999 0.259000000  0.08 0.000000000 0.071 0.000  0.853 0.000  1.195 0.000   8.681 0.000   3.653 0.000   5.028 0.000 0.032 0.000000  0.629 0.000
246.208333 247.208333   31.31 0.000000   3.57 0.000000 0.050 0.000000000  0.09 0.000000000 0.050 0.559  1.446 0.000  2.025 0.000  22.141 0.000   5.125 0.000  17.016 0.000 0.029 0.000000  2.964 0.559
249.208333 250.208333   39.44 0.000000   4.22 0.000000 9.999 0.259000000 99.99 0.259000000 0.031 0.559  2.079 0.000  2.910 0.000  35.484 0.000   5.031 0.000  30.454 0.000 0.044 0.000000  4.917 0.559
252.208333 253.208333   13.68 0.000000   1.75 0.000000 9.999 0.259000000 99.99 0.259000000 0.029 0.559  0.809 0.000  1.132 0.000   8.606 0.000   3.163 0.000   5.443 0.000 0.021 0.000000  0.698 0.559
255.208333 256.208333   48.87 0.000000   3.94 0.000000 9.999 0.259000000  0.14 0.000000000 0.035 0.000  1.611 0.000  2.256 0.000  21.345 0.000   6.156 0.000  15.189 0.000 0.038 0.000000  2.559 0.000
258.208333 259.208333   74.65 0.000000   7.06 0.000000 9.999 0.259000000  0.25 0.000000000 0.071 0.000  1.579 0.000  2.210 0.000  12.653 0.000   3.563 0.000   9.091 0.000 0.042 0.000000  1.409 0.000
261.208333 262.208333   37.01 0.000000   2.29 0.000000 9.999 0.259000000 99.99 0.259000000 0.040 0.000  2.187 0.000  3.062 0.000  28.161 0.000   3.936 0.000  24.225 0.000 0.038 0.000000  4.004 0.000
264.208333 265.208333   22.89 0.000000   4.29 0.000000 9.999 0.259000000 99.99 0.259000000 0.103 0.000  1.194 0.000  1.671 0.000  15.380 0.000   2.823 0.000  12.557 0.000 0.049 0.000000  2.037 0.000
267.208333 268.208333   11.77 0.000000   1.04 0.000000 9.999 0.259000000 99.99 0.259000000 0.037 0.000  0.315 0.000  0.441 0.000   4.375 0.000   2.356 0.000   2.019 0.000 0.015 0.000000  0.254 0.000
270.208333 271.208333   21.52 0.000000   7.99 0.000000 9.999 0.259000000  0.13 0.000000000 0.127 0.000  0.794 0.000  1.111 0.000   6.987 0.000   2.136 0.000   4.852 0.000 0.040 0.000000  0.604 0.000
273.208333 274.208333   40.43 0.000000   5.58 0.000000 9.999 0.259000000 99.99 0.259000000 0.129 0.000  1.639 0.000  2.295 0.000  11.929 0.000   4.192 0.000   7.737 0.000 0.047 0.000000  0.718 0.000
276.208333 277.208333   58.05 0.559000   2.16 0.559000 9.999 0.559259000  0.10 0.559000000 0.070 0.000  5.539 0.000  7.755 0.000  30.120 0.000  10.967 0.000  19.153 0.559 0.171 0.559000  1.685 0.000
279.208333 280.208333   15.09 0.000000   7.11 0.000000 9.999 0.259000000  0.08 0.000000000 0.085 0.000  0.904 0.000  1.266 0.000   6.778 0.000   2.974 0.000   3.804 0.000 0.049 0.000000  0.368 0.000
282.208333 283.208333   27.99 0.000000   2.11 0.000000 9.999 0.259000000 99.99 0.259000000 0.077 0.000  1.132 0.000  1.585 0.000  13.478 0.000   6.275 0.000   7.203 0.000 0.039 0.000000  0.962 0.000
285.208333 286.208333    7.89 0.559000   1.18 0.559000 9.999 0.559259000 99.99 0.559259000 0.067 0.000  1.131 0.000  1.584 0.000   9.451 0.000   4.019 0.000   5.432 0.559 0.030 0.559000  0.699 0.000
288.208333 289.208333   17.46 0.559000   1.61 0.559000 9.999 0.559259000  0.25 0.559000000 0.035 0.000  0.609 0.000  0.852 0.000   6.892 0.000   3.127 0.000   3.765 0.559 0.017 0.559000  0.488 0.000
291.208333 292.208333   31.58 0.559000   2.01 0.559000 9.999 0.559259000 99.99 0.559259000 0.045 0.000  2.117 0.000  2.964 0.000  13.437 0.000   4.806 0.000   8.631 0.559 0.057 0.559000  0.940 0.000
294.208333 295.208333   48.19 0.559000   3.37 0.559000 9.999 0.559259000 99.99 0.559259000 0.073 0.559  3.175 0.000  4.445 0.000  23.504 0.000   7.123 0.000  16.381 0.559 0.080 0.559000  1.993 0.559
297.208333 298.208333   15.54 0.559394   1.37 0.559394 9.999 0.559394259 99.99 0.559394259 0.020 0.394  0.411 0.000  0.576 0.000   7.480 0.000   4.313 0.000   3.167 0.559 0.023 0.559394  0.310 0.394
300.208333 301.208333    7.69 0.559000   3.65 0.559000 9.999 0.559259000 99.99 0.559259000 0.045 0.000  0.910 0.000  1.274 0.000   6.487 0.000   1.933 0.000   4.554 0.559 0.035 0.559000  0.576 0.000
303.208333 304.208333   63.06 0.000000   4.81 0.000000 9.999 0.259000000  0.26 0.000000000 0.118 0.559  5.008 0.000  7.011 0.000  27.570 0.000   9.051 0.000  18.518 0.000 0.088 0.000000  1.522 0.559
306.208333 307.208333   43.12 0.559000   2.64 0.559000 9.999 0.559259000 99.99 0.559259000 0.622 0.000  1.321 0.000  1.849 0.000  11.491 0.000   4.092 0.000   7.400 0.559 0.041 0.559000  0.556 0.000
309.208333 310.208333   28.22 0.559000   2.66 0.559000 0.022 0.559000000  0.21 0.559000000 0.185 0.000  1.097 0.000  1.536 0.000   8.153 0.000   3.138 0.000   5.015 0.559 0.036 0.559000  0.534 0.000
312.208333 313.208333   15.07 0.559000   2.20 0.559000 0.038 0.559000000 99.99 0.559259000 0.060 0.000  0.792 0.000  1.108 0.000   5.580 0.000   1.867 0.000   3.713 0.559 0.016 0.559000  0.383 0.000
315.208333 316.208333   25.53 0.559000   8.41 0.559000 9.999 0.559259000  0.41 0.559000000 0.059 0.000  1.003 0.000  1.404 0.000   9.356 0.000   3.234 0.000   6.122 0.559 0.031 0.559000  0.852 0.000
318.208333 319.208333   65.64 0.000000   3.98 0.000000 9.999 0.259000000 99.99 0.259000000 0.153 0.000  5.504 0.000  7.706 0.000  32.394 0.000  11.442 0.000  20.952 0.000 0.109 0.000000  2.280 0.000
321.208333 322.208333   67.97 0.559000  16.36 0.559000 9.999 0.559259000  0.55 0.559000000 0.163 0.000  2.640 0.000  3.696 0.000  22.404 0.000   3.640 0.000  18.764 0.559 0.079 0.559000  2.905 0.000
324.208333 325.208333   22.83 0.559000   3.74 0.559000 0.048 0.559000000  0.13 0.559000000 0.197 0.000  1.337 0.000  1.872 0.000   7.568 0.000   2.063 0.000   5.505 0.559 0.046 0.559000  0.629 0.000
327.208333 328.208333   11.99 0.559000   0.55 0.559000 9.999 0.559259000 99.99 0.559259000 0.030 0.559  1.113 0.000  1.558 0.000   9.301 0.000   2.441 0.000   6.860 0.559 0.032 0.559000  0.999 0.559
330.208333 331.208333   27.33 0.559000   5.52 0.559000 9.999 0.559259000  0.52 0.559000000 0.089 0.000  1.381 0.000  1.934 0.000  12.657 0.000   2.861 0.000   9.796 0.559 0.041 0.559000  1.410 0.000
