scripts/IMPROVE-2019_partial/data/US9019R.20100102050000.20191216000000.filterpack...52w.3d.US03L_filterpack_US9019.US03L_IMPROVE_Davis.lev2.nas
52 1001
MISSING INFORMATION
US03L, IMPROVE, , , , , , , 
MISSING INFORMATION
IMPROVE sel_HTAP
1 1
2010 01 01 2019 12 16
3.000000
days from file reference point
5
1 1 1 1 1
999.999999 999.999 9.999 999.999 9.999
end_time of measurement, days from the file reference point
pm10_mass, ug/m3, Matrix=pm10
numflag pm10_mass, no unit, Matrix=pm10
pm25_mass, ug/m3, Matrix=pm25
numflag pm25_mass, no unit, Matrix=pm25
0
33
Data definition:              EBAS_1.1
Set type code:                TU
Timezone:                     UTC
File name:                    US9019R.20100102050000.20191216000000.filterpack...52w.3d.US03L_filterpack_US9019.US03L_IMPROVE_Davis.lev2.nas
File creation:                20191218120623
Startdate:                    20100102050000
Revision date:                20191216000000
Version:                      2
Version description:          "Data extracted from http://views.cira.colostate.edu/fed/DataWizard 2019-12-16"
Statistics:                   arithmetic mean
Data level:                   2
Period code:                  52w
Resolution code:              3d
Sample duration:              1d
Orig. time res.:              3d
Station code:                 US9019R
Platform code:                US9019S
Station name:                 Quaker City
Station latitude:             39.9428
Station longitude:            -81.3378
Station altitude:             366.0 m
Regime:                       IMG
Component:                    
Unit:                         ug/m3
Matrix:                       
Laboratory code:              US03L
Instrument type:              filterpack
Instrument name:              filterpack_US9019
Method ref:                   US03L_IMPROVE_Davis
Blank correction:             Blank corrected
Volume std. temperature:      ambient
Volume std. pressure:         ambient
starttime endtime PM10 flag_PM10 PM2.5 flag_PM2.5
  1.208333   2.208333   6.777 0.000   5.136 0.000
  4.208333   5.208333  14.317 0.000  12.586 0.000
  7.208333   8.208333  16.797 0.000  14.330 0.000
 10.208333  11.208333  13.131 0.000  10.556 0.000
 13.208333  14.208333  15.577 0.000  12.077 0.000
 16.208333  17.208333  12.541 0.000  11.301 0.000
 19.208333  20.208333  10.152 0.000   7.764 0.000
 22.208333  23.208333   8.556 0.000   6.321 0.000
 25.208333  26.208333   6.484 0.000   4.218 0.000
 28.208333  29.208333   9.741 0.000   5.835 0.000
 31.208333  32.208333  23.047 0.000  15.357 0.000
 34.208333  35.208333  24.212 0.000  20.080 0.000
 37.208333  38.208333   7.882 0.000   6.308 0.000
 40.208333  41.208333   8.904 0.000   6.941 0.000
 43.208333  44.208333  16.058 0.000  13.973 0.000
 46.208333  47.208333  12.325 0.000   8.781 0.000
 49.208333  50.208333  16.717 0.000  13.048 0.000
 52.208333  53.208333  13.354 0.000  10.344 0.000
 55.208333  56.208333  11.208 0.000  10.192 0.000
 58.208333  59.208333   6.389 0.000   5.583 0.000
 61.208333  62.208333  13.489 0.000   9.335 0.000
 64.208333  65.208333  14.175 0.000   9.257 0.000
 67.208333  68.208333  24.993 0.000 999.999 0.456
 70.208333  71.208333   8.892 0.000   5.021 0.000
 73.208333  74.208333   8.288 0.000   6.191 0.000
 76.208333  77.208333  12.602 0.000   5.092 0.000
 79.208333  80.208333  20.364 0.000  12.641 0.000
 82.208333  83.208333  10.970 0.000   6.411 0.000
 85.208333  86.208333   8.400 0.000   3.838 0.000
 88.208333  89.208333  14.067 0.000  10.420 0.000
 91.208333  92.208333  25.711 0.000  14.156 0.000
 94.208333  95.208333  18.105 0.000   9.974 0.000
 97.208333  98.208333  11.318 0.000   5.258 0.000
100.208333 101.208333  20.114 0.000  12.467 0.000
103.208333 104.208333  17.709 0.000   6.143 0.000
106.208333 107.208333   7.236 0.000   3.096 0.000
109.208333 110.208333  19.950 0.000   6.707 0.000
112.208333 113.208333  30.970 0.000   9.105 0.000
115.208333 116.208333   5.800 0.000   3.443 0.000
118.208333 119.208333  12.441 0.000   6.409 0.000
121.208333 122.208333   5.149 0.000   3.489 0.000
124.208333 125.208333  25.799 0.000   7.460 0.000
127.208333 128.208333  13.432 0.000   3.312 0.000
130.208333 131.208333  15.470 0.000 999.999 0.456
133.208333 134.208333  22.571 0.000   9.620 0.000
136.208333 137.208333   7.639 0.000   4.586 0.000
139.208333 140.208333  14.520 0.000   8.383 0.000
142.208333 143.208333  11.886 0.000   8.318 0.000
145.208333 146.208333  29.762 0.000  14.397 0.000
148.208333 149.208333  25.494 0.000  14.864 0.000
151.208333 152.208333  17.079 0.000  10.910 0.000
154.208333 155.208333  26.212 0.000  16.000 0.000
157.208333 158.208333   9.165 0.000   5.450 0.000
160.208333 161.208333  13.206 0.000   5.848 0.000
163.208333 164.208333   9.374 0.000   5.622 0.000
166.208333 167.208333  11.772 0.000   6.696 0.000
169.208333 170.208333  25.176 0.000  19.387 0.000
172.208333 173.208333  20.748 0.000   9.558 0.000
175.208333 176.208333  17.704 0.000  12.834 0.000
178.208333 179.208333  11.686 0.000   7.385 0.000
181.208333 182.208333  14.505 0.000 999.999 0.999
184.208333 185.208333  25.700 0.000 999.999 0.999
187.208333 188.208333  38.464 0.000 999.999 0.999
190.208333 191.208333  14.104 0.000 999.999 0.999
193.208333 194.208333  18.858 0.000 999.999 0.999
196.208333 197.208333  24.156 0.000 999.999 0.999
199.208333 200.208333  14.573 0.000 999.999 0.999
202.208333 203.208333  21.215 0.000 999.999 0.999
205.208333 206.208333  14.520 0.000 999.999 0.999
208.208333 209.208333  36.781 0.000 999.999 0.999
211.208333 212.208333  21.089 0.000 999.999 0.999
214.208333 215.208333  20.407 0.000 999.999 0.999
217.208333 218.208333  20.940 0.000  12.387 0.000
220.208333 221.208333  34.111 0.000  29.526 0.000
223.208333 224.208333  20.322 0.000  12.611 0.000
226.208333 227.208333  22.339 0.000  17.663 0.000
229.208333 230.208333  21.780 0.000  10.001 0.000
232.208333 233.208333  16.533 0.000  11.665 0.000
235.208333 236.208333  14.638 0.000   7.727 0.000
238.208333 239.208333   9.866 0.000   4.926 0.000
241.208333 242.208333  28.031 0.000  22.925 0.000
244.208333 245.208333  38.995 0.000  12.112 0.000
247.208333 248.208333  11.103 0.000   4.046 0.000
250.208333 251.208333  13.973 0.000   4.387 0.000
253.208333 254.208333  11.216 0.000   5.852 0.000
256.208333 257.208333  12.692 0.000   4.307 0.000
259.208333 260.208333   8.275 0.000   4.325 0.000
262.208333 263.208333  10.834 0.000   4.982 0.000
265.208333 266.208333  23.097 0.000 999.999 0.456
268.208333 269.208333   9.352 0.000   4.495 0.000
271.208333 272.208333 999.999 0.999 999.999 0.999
274.208333 275.208333 999.999 0.999 999.999 0.999
277.208333 278.208333 999.999 0.999 999.999 0.999
280.208333 281.208333  11.470 0.000   4.323 0.000
283.208333 284.208333  24.054 0.000  12.578 0.000
286.208333 287.208333  10.067 0.000   3.778 0.000
289.208333 290.208333  18.045 0.000   7.196 0.000
292.208333 293.208333  14.890 0.000   5.451 0.000
295.208333 296.208333  17.058 0.000   7.649 0.000
298.208333 299.208333 999.999 0.999 999.999 0.999
301.208333 302.208333 999.999 0.999 999.999 0.999
304.208333 305.208333   7.638 0.000   3.726 0.000
307.208333 308.208333  23.086 0.000  11.054 0.000
310.208333 311.208333   8.961 0.000   5.266 0.000
313.208333 314.208333  28.262 0.000  10.802 0.000
316.208333 317.208333  18.268 0.000   9.841 0.000
319.208333 320.208333  13.629 0.000   8.170 0.000
322.208333 323.208333  13.896 0.000  12.153 0.000
325.208333 326.208333  12.967 0.000   8.154 0.000
328.208333 329.208333   5.899 0.000   4.626 0.000
331.208333 332.208333   8.430 0.000   6.913 0.000
334.208333 335.208333   7.717 0.000   6.739 0.000
337.208333 338.208333  12.322 0.000  10.267 0.000
340.208333 341.208333  16.942 0.000   8.867 0.000
343.208333 344.208333  12.058 0.000   8.731 0.000
346.208333 347.208333  16.355 0.000   3.265 0.000
349.208333 350.208333  14.945 0.000   7.226 0.000
352.208333 353.208333  15.866 0.000  13.384 0.000
355.208333 356.208333 999.999 0.999 999.999 0.999
358.208333 359.208333  11.116 0.000   9.197 0.000
361.208333 362.208333  11.280 0.000   7.828 0.000
364.208333 365.208333   9.588 0.000   7.600 0.000
