scripts/IMPROVE-2019_partial/data/US9029R.20160101070000.20191216000000.filterpack...52w.3d.US03L_filterpack_US9029.US03L_IMPROVE_Davis.lev2.nas
52 1001
MISSING INFORMATION
US03L, IMPROVE, , , , , , , 
MISSING INFORMATION
IMPROVE sel_HTAP
1 1
2016 01 01 2019 12 16
3.000000
days from file reference point
5
1 1 1 1 1
999.999999 999.999 9.999 999.999 9.999
end_time of measurement, days from the file reference point
pm10_mass, ug/m3, Matrix=pm10
numflag pm10_mass, no unit, Matrix=pm10
pm25_mass, ug/m3, Matrix=pm25
numflag pm25_mass, no unit, Matrix=pm25
0
33
Data definition:              EBAS_1.1
Set type code:                TU
Timezone:                     UTC
File name:                    US9029R.20160101070000.20191216000000.filterpack...52w.3d.US03L_filterpack_US9029.US03L_IMPROVE_Davis.lev2.nas
File creation:                20191218120709
Startdate:                    20160101070000
Revision date:                20191216000000
Version:                      2
Version description:          "Data extracted from http://views.cira.colostate.edu/fed/DataWizard 2019-12-16"
Statistics:                   arithmetic mean
Data level:                   2
Period code:                  52w
Resolution code:              3d
Sample duration:              1d
Orig. time res.:              3d
Station code:                 US9029R
Platform code:                US9029S
Station name:                 North Absaroka
Station latitude:             44.7448
Station longitude:            -109.3816
Station altitude:             2482.0 m
Regime:                       IMG
Component:                    
Unit:                         ug/m3
Matrix:                       
Laboratory code:              US03L
Instrument type:              filterpack
Instrument name:              filterpack_US9029
Method ref:                   US03L_IMPROVE_Davis
Blank correction:             Blank corrected
Volume std. temperature:      ambient
Volume std. pressure:         ambient
starttime endtime PM10 flag_PM10 PM2.5 flag_PM2.5
  0.291667   1.291667 999.999 0.999 999.999 0.999
  3.291667   4.291667 999.999 0.999 999.999 0.999
  6.291667   7.291667   2.430 0.000   1.600 0.659
  9.291667  10.291667   0.734 0.000   0.235 0.659
 12.291667  13.291667   0.769 0.000   0.344 0.000
 15.291667  16.291667   1.164 0.000   0.409 0.000
 18.291667  19.291667   0.475 0.000   0.032 0.000
 21.291667  22.291667   0.850 0.000   0.186 0.000
 24.291667  25.291667   0.387 0.000   0.094 0.000
 27.291667  28.291667   0.595 0.000   0.247 0.000
 30.291667  31.291667   0.302 0.000   0.031 0.000
 33.291667  34.291667   2.485 0.000   0.727 0.000
 36.291667  37.291667   4.911 0.000   0.596 0.000
 39.291667  40.291667   2.044 0.000   0.537 0.000
 42.291667  43.291667   2.664 0.000   0.619 0.000
 45.291667  46.291667   0.467 0.000   0.062 0.000
 48.291667  49.291667   2.492 0.000   0.463 0.000
 51.291667  52.291667   1.978 0.000   0.343 0.000
 54.291667  55.291667   2.053 0.000   0.690 0.000
 57.291667  58.291667   2.247 0.000 999.999 0.456
 60.291667  61.291667   1.127 0.000 999.999 0.456
 63.291667  64.291667   2.338 0.000   0.924 0.000
 66.291667  67.291667   0.553 0.000   0.031 0.000
 69.291667  70.291667   0.971 0.000   0.679 0.000
 72.291667  73.291667   1.139 0.000   0.493 0.000
 75.291667  76.291667   1.812 0.000   0.313 0.659
 78.291667  79.291667   0.946 0.000   0.339 0.659
 81.291667  82.291667   2.042 0.000   1.051 0.659
 84.291667  85.291667   0.943 0.000   0.288 0.659
 87.291667  88.291667   0.769 0.000   0.497 0.659
 90.291667  91.291667 999.999 0.999 999.999 0.999
 93.291667  94.291667 999.999 0.999 999.999 0.999
 96.291667  97.291667   3.310 0.000   1.790 0.000
 99.291667 100.291667   6.154 0.000   2.472 0.000
102.291667 103.291667   5.430 0.000   2.948 0.000
105.291667 106.291667   0.899 0.000   0.470 0.000
108.291667 109.291667   0.513 0.000   0.531 0.000
111.291667 112.291667   3.162 0.000   1.840 0.000
114.291667 115.291667   0.634 0.000   0.464 0.000
117.291667 118.291667   0.257 0.000 999.999 0.456
120.291667 121.291667   2.283 0.000   1.380 0.000
123.291667 124.291667   4.700 0.000   1.633 0.000
126.291667 127.291667  19.351 0.000  11.463 0.000
129.291667 130.291667   4.892 0.000   1.829 0.000
132.291667 133.291667   4.065 0.000   1.939 0.000
135.291667 136.291667   1.579 0.000   0.872 0.000
138.291667 139.291667   3.873 0.000   2.449 0.000
141.291667 142.291667   2.784 0.000   1.449 0.000
144.291667 145.291667   2.046 0.000   1.211 0.000
147.291667 148.291667   2.185 0.000   1.380 0.000
150.291667 151.291667   3.433 0.000   2.098 0.000
153.291667 154.291667   9.824 0.000   4.078 0.000
156.291667 157.291667   5.727 0.000   2.550 0.000
159.291667 160.291667   6.883 0.000   3.298 0.000
162.291667 163.291667   7.389 0.000   3.099 0.000
165.291667 166.291667   7.318 0.000   2.446 0.000
168.291667 169.291667  11.610 0.000   3.256 0.000
171.291667 172.291667   6.378 0.000   1.879 0.000
174.291667 175.291667   9.357 0.000   2.478 0.000
177.291667 178.291667   7.471 0.000   1.977 0.000
180.291667 181.291667  10.857 0.000   3.710 0.659
183.291667 184.291667   5.909 0.000   2.845 0.659
186.291667 187.291667 999.999 0.999 999.999 0.999
189.291667 190.291667   8.421 0.000   2.762 0.000
192.291667 193.291667   1.268 0.000   0.801 0.000
195.291667 196.291667   9.800 0.000   3.109 0.000
198.291667 199.291667 999.999 0.999 999.999 0.999
201.291667 202.291667   8.382 0.000   2.733 0.000
204.291667 205.291667   8.544 0.000   3.624 0.000
207.291667 208.291667   6.777 0.000   2.940 0.000
210.291667 211.291667   7.689 0.000   3.565 0.000
213.291667 214.291667  15.865 0.000   9.694 0.000
216.291667 217.291667 999.999 0.999 999.999 0.999
219.291667 220.291667 999.999 0.999 999.999 0.999
222.291667 223.291667 999.999 0.999 999.999 0.999
225.291667 226.291667   7.756 0.000 999.999 0.456
228.291667 229.291667  15.717 0.000 999.999 0.456
231.291667 232.291667   2.917 0.000   0.984 0.000
234.291667 235.291667  16.629 0.000  10.039 0.000
237.291667 238.291667   5.385 0.000   2.546 0.000
240.291667 241.291667  18.722 0.000  13.744 0.000
243.291667 244.291667   8.596 0.000   5.582 0.000
246.291667 247.291667   8.679 0.000   5.315 0.000
249.291667 250.291667   4.025 0.000   2.202 0.000
252.291667 253.291667   1.990 0.000   1.159 0.000
255.291667 256.291667   0.129 0.000   0.062 0.000
258.291667 259.291667   2.998 0.000   1.985 0.000
261.291667 262.291667   4.368 0.000   1.559 0.000
264.291667 265.291667   3.228 0.000   1.728 0.000
267.291667 268.291667   1.105 0.000   0.676 0.000
270.291667 271.291667   4.380 0.000   2.243 0.000
273.291667 274.291667   3.438 0.000   2.495 0.000
276.291667 277.291667 999.999 0.999 999.999 0.999
279.291667 280.291667   1.239 0.000   0.808 0.000
282.291667 283.291667   2.189 0.000   1.168 0.000
285.291667 286.291667   1.882 0.000   0.872 0.000
288.291667 289.291667   2.703 0.000   1.339 0.000
291.291667 292.291667   1.140 0.000   0.514 0.000
294.291667 295.291667   2.285 0.000   1.238 0.000
297.291667 298.291667   3.340 0.000   1.879 0.000
300.291667 301.291667   3.287 0.000   2.367 0.000
303.291667 304.291667   2.025 0.000   1.329 0.000
306.291667 307.291667   1.235 0.000   0.987 0.000
309.291667 310.291667   2.572 0.000   1.877 0.000
312.291667 313.291667   0.519 0.000   0.656 0.000
315.291667 316.291667   2.195 0.000   0.979 0.000
318.291667 319.291667   3.482 0.000   1.387 0.000
321.291667 322.291667   0.130 0.000 999.999 0.259
324.291667 325.291667   4.715 0.000   1.948 0.000
327.291667 328.291667   1.116 0.000   0.752 0.000
330.291667 331.291667   4.419 0.000   3.208 0.000
333.291667 334.291667   1.236 0.000   0.388 0.000
336.291667 337.291667   0.865 0.000   0.282 0.000
339.291667 340.291667   1.130 0.000   0.159 0.000
342.291667 343.291667   1.227 0.000   0.475 0.000
345.291667 346.291667   1.425 0.000   0.094 0.000
348.291667 349.291667 999.999 0.456   0.752 0.000
351.291667 352.291667 999.999 0.456   2.274 0.000
354.291667 355.291667   1.210 0.000   0.344 0.000
357.291667 358.291667 999.999 0.999 999.999 0.999
360.291667 361.291667 999.999 0.999 999.999 0.999
363.291667 364.291667   2.946 0.000   0.656 0.000
