scripts/IMPROVE-2019_partial/data/US9024R.20040101080000.20191216000000.filterpack..pm25.52w.1w.US03L_filterpack_US9024_2.US03L_IMPROVE_Davis.lev2.nas
55 1001
MISSING INFORMATION
US03L, IMPROVE, , , , , , , 
MISSING INFORMATION
IMPROVE sel_HTAP
1 1
2004 01 01 2019 12 16
3.000000
days from file reference point
15
1 1 1 1 1 1 1 1 1 1 1 1 1 1 1
999.999999 999.99 9.999 99.99 9.999 9.999 9.999999 99.99 9.999 99.99 9.999999 999.999 9.999 9.999 9.999
end_time of measurement, days from the file reference point
iron, ng/m3, Revision date=20181210133000
numflag iron, no unit, Revision date=20181210133000
lead, ng/m3, Revision date=20181210133000
numflag lead, no unit, Revision date=20181210133000
magnesium, ug/m3, Revision date=20181210133000
numflag magnesium, no unit, Revision date=20181210133000
nickel, ng/m3, Revision date=20181210133000
numflag nickel, no unit, Revision date=20181210133000
phosphorus, ng/m3, Revision date=20181210133000
numflag phosphorus, no unit, Revision date=20181210133000
pm25_mass, ug/m3, Version=2, Version description=Data extracted from http://views.cira.colostate.edu/fed/DataWizard 2019-12-16, Sample duration=1d, Orig. time res.=3d, Blank correction=Blank corrected, Volume std. temperature=ambient, Volume std. pressure=ambient
numflag pm25_mass, no unit, Version=2, Version description=Data extracted from http://views.cira.colostate.edu/fed/DataWizard 2019-12-16, Sample duration=1d, Orig. time res.=3d, Blank correction=Blank corrected, Volume std. temperature=ambient, Volume std. pressure=ambient
potassium, ug/m3, Revision date=20181210133000
numflag potassium, no unit, Revision date=20181210133000
0
26
Data definition:              EBAS_1.1
Set type code:                TU
Timezone:                     UTC
File name:                    US9024R.20040101080000.20191216000000.filterpack..pm25.52w.1w.US03L_filterpack_US9024_2.US03L_IMPROVE_Davis.lev2.nas
File creation:                20191218120646
Startdate:                    20040101080000
Revision date:                20191216000000
Statistics:                   arithmetic mean
Data level:                   2
Period code:                  52w
Resolution code:              1w
Station code:                 US9024R
Platform code:                US9024S
Station name:                 Olympic
Station latitude:             48.0065
Station longitude:            -122.9727
Station altitude:             599.0 m
Regime:                       IMG
Component:                    
Unit:                         ng/m3
Matrix:                       pm25
Laboratory code:              US03L
Instrument type:              filterpack
Instrument name:              filterpack_US9024_2
Method ref:                   US03L_IMPROVE_Davis
starttime endtime Fe flag_Fe Pb flag_Pb Mg++ flag_Mg++ Ni flag_Ni P flag_P PM2.5 flag_PM2.5 K+ flag_K+
  0.333333   1.333333   2.45 0.000  0.59 0.000 9.999 0.259000  0.16 0.000 99.99 0.259000   1.376 0.000 0.018 0.000
  3.333333   4.333333   7.27 0.394  0.43 0.394 9.999 0.394259  0.21 0.394  3.41 0.394000   1.554 0.000 0.016 0.394
  6.333333   7.333333 999.99 0.999 99.99 0.999 9.999 0.999000 99.99 0.999 99.99 0.999000 999.999 0.999 9.999 0.999
  9.333333  10.333333 999.99 0.999 99.99 0.999 9.999 0.999000 99.99 0.999 99.99 0.999000 999.999 0.999 9.999 0.999
 12.333333  13.333333 999.99 0.999 99.99 0.999 9.999 0.999000 99.99 0.999 99.99 0.999000 999.999 0.999 9.999 0.999
 15.333333  16.333333   3.70 0.000  0.40 0.000 9.999 0.259000  0.20 0.000 99.99 0.259000   2.231 0.000 0.016 0.000
 18.333333  19.333333   1.49 0.000  0.45 0.000 9.999 0.259000  0.23 0.000 99.99 0.259000   1.377 0.000 0.011 0.000
 21.333333  22.333333   6.95 0.000  0.99 0.000 9.999 0.259000  0.72 0.000 99.99 0.259000   3.379 0.000 0.026 0.000
 24.333333  25.333333   2.22 0.000  0.46 0.000 0.024 0.000000  0.26 0.000 99.99 0.259000   2.211 0.000 0.019 0.000
 27.333333  28.333333   0.49 0.000  0.24 0.000 9.999 0.259000  0.36 0.000 99.99 0.259000   0.651 0.000 0.009 0.000
 30.333333  31.333333   0.89 0.000  0.50 0.000 9.999 0.259000  0.28 0.000 99.99 0.259000   0.848 0.000 0.008 0.000
 33.333333  34.333333   4.06 0.559  0.71 0.559 9.999 0.559259  0.25 0.559 99.99 0.559259   2.445 0.559 0.023 0.559
 36.333333  37.333333   4.73 0.000  0.78 0.000 9.999 0.259000  0.33 0.000 99.99 0.259000   1.523 0.000 0.043 0.000
 39.333333  40.333333   2.18 0.000  0.77 0.000 9.999 0.259000  0.42 0.000 99.99 0.259000   2.539 0.000 0.014 0.000
 42.333333  43.333333  15.56 0.000  1.01 0.000 9.999 0.259000  0.26 0.000 99.99 0.259000   2.105 0.000 0.021 0.000
 45.333333  46.333333   2.21 0.000  0.28 0.000 9.999 0.259000  0.33 0.000 99.99 0.259000   1.163 0.000 0.013 0.000
 48.333333  49.333333   1.56 0.000  0.44 0.000 9.999 0.259000  0.30 0.000 99.99 0.259000   1.142 0.000 0.011 0.000
 51.333333  52.333333   9.97 0.000  1.12 0.000 9.999 0.259000  0.20 0.000 99.99 0.259000   2.336 0.000 0.015 0.000
 54.333333  55.333333   6.50 0.000  0.59 0.000 9.999 0.259000 99.99 0.259 99.99 0.259000   2.032 0.000 0.012 0.000
 57.333333  58.333333   6.28 0.000  0.90 0.000 0.033 0.000000  0.68 0.000 99.99 0.259000   3.583 0.000 0.022 0.000
 60.333333  61.333333   6.19 0.000  1.00 0.000 9.999 0.259000  0.34 0.000 99.99 0.259000   2.888 0.000 0.024 0.000
 63.333333  64.333333   4.64 0.000  0.33 0.000 9.999 0.259000  0.28 0.000 99.99 0.259000   2.643 0.000 0.020 0.000
 66.333333  67.333333   1.98 0.000  0.41 0.000 0.032 0.000000  0.10 0.000 99.99 0.259000   0.914 0.000 0.013 0.000
 69.333333  70.333333   8.25 0.000  1.20 0.000 0.038 0.000000  0.60 0.000 99.99 0.259000   4.451 0.000 0.040 0.000
 72.333333  73.333333  12.28 0.000  1.31 0.000 9.999 0.259000  0.46 0.000 99.99 0.259000   3.791 0.000 0.028 0.000
 75.333333  76.333333   3.67 0.000  0.43 0.000 9.999 0.259000  0.22 0.000 99.99 0.259000   2.092 0.000 0.016 0.000
 78.333333  79.333333   9.73 0.000  1.03 0.000 9.999 0.259000  0.19 0.000 99.99 0.259000   2.183 0.000 0.032 0.000
 81.333333  82.333333  27.82 0.000  1.27 0.000 9.999 0.259000  0.45 0.000 99.99 0.259000   3.611 0.000 0.035 0.000
 84.333333  85.333333   1.80 0.000  0.44 0.000 9.999 0.259000  0.17 0.000 99.99 0.259000   0.436 0.000 0.003 0.000
 87.333333  88.333333  17.81 0.000  1.99 0.000 0.029 0.000000  0.24 0.000 99.99 0.259000   3.133 0.000 0.032 0.000
 90.333333  91.333333   6.34 0.000  0.52 0.000 9.999 0.259000  0.31 0.000 99.99 0.259000   2.664 0.000 0.018 0.000
 93.333333  94.333333  31.31 0.000  1.42 0.000 9.999 0.259000  0.54 0.000 99.99 0.259000   4.661 0.000 0.041 0.000
 96.333333  97.333333  18.94 0.000  1.21 0.000 9.999 0.259000  0.71 0.000 99.99 0.259000   5.612 0.000 0.044 0.000
 99.333333 100.333333  38.51 0.000  2.03 0.000 0.028 0.000000  0.33 0.000 99.99 0.259000   4.835 0.000 0.041 0.000
102.333333 103.333333  24.47 0.000  1.30 0.000 9.999 0.259000  1.03 0.000 99.99 0.259000   5.741 0.000 0.046 0.000
105.333333 106.333333   3.66 0.000  0.84 0.000 0.037 0.000000  0.34 0.000 99.99 0.259000   1.383 0.000 0.012 0.000
108.333333 109.333333   5.40 0.000  1.20 0.000 0.062 0.000000  0.35 0.000 99.99 0.259000   2.122 0.000 0.019 0.000
111.333333 112.333333   9.48 0.000  0.97 0.000 9.999 0.259000  0.44 0.000 99.99 0.259000   1.869 0.000 0.018 0.000
114.333333 115.333333   8.37 0.000  0.82 0.000 9.999 0.259000  0.41 0.000 99.99 0.259000   3.457 0.000 0.030 0.000
117.333333 118.333333  23.42 0.559  1.37 0.559 9.999 0.559259  0.40 0.559 99.99 0.559259   3.567 0.559 0.032 0.559
120.333333 121.333333  36.85 0.000  1.87 0.000 9.999 0.259000  0.50 0.000 99.99 0.259000   5.433 0.000 0.033 0.000
123.333333 124.333333  12.02 0.000  0.85 0.000 9.999 0.259000  0.47 0.000 99.99 0.259000   3.145 0.000 0.024 0.000
126.333333 127.333333   7.39 0.000  0.76 0.000 9.999 0.259000  0.50 0.000 99.99 0.259000   2.170 0.000 0.011 0.000
129.333333 130.333333   5.70 0.000  1.40 0.000 9.999 0.259000  0.76 0.000 99.99 0.259000   2.823 0.000 0.027 0.000
132.333333 133.333333   8.68 0.000  0.80 0.000 0.065 0.000000  0.78 0.000 99.99 0.259000   4.598 0.000 0.032 0.000
135.333333 136.333333  19.90 0.000  1.63 0.000 9.999 0.259000  1.56 0.000 99.99 0.259000   6.417 0.000 0.064 0.000
138.333333 139.333333  40.84 0.000  1.73 0.000 9.999 0.259000  0.56 0.000 99.99 0.259000   6.379 0.000 0.049 0.000
141.333333 142.333333   1.22 0.000  0.42 0.000 0.034 0.000000  0.44 0.000 99.99 0.259000   1.106 0.000 0.007 0.000
144.333333 145.333333  14.25 0.000  0.95 0.000 9.999 0.259000  0.84 0.000 99.99 0.259000   3.844 0.000 0.020 0.000
147.333333 148.333333   1.46 0.000 99.99 0.259 9.999 0.259000  0.23 0.000 99.99 0.259000   0.685 0.000 0.007 0.000
150.333333 151.333333   2.11 0.000  0.94 0.000 0.042 0.000000  0.54 0.000 99.99 0.259000   1.925 0.000 0.020 0.000
153.333333 154.333333   8.24 0.000  0.77 0.000 9.999 0.259000  0.37 0.000 99.99 0.259000   2.797 0.000 0.017 0.000
156.333333 157.333333   6.24 0.000  0.96 0.000 9.999 0.259000  0.59 0.000 99.99 0.259000   2.434 0.000 0.021 0.000
159.333333 160.333333   8.75 0.000  0.68 0.000 9.999 0.259000  0.39 0.000 99.99 0.259000   2.970 0.000 0.020 0.000
162.333333 163.333333   4.36 0.000  0.38 0.000 0.060 0.000000  0.71 0.000 99.99 0.259000   2.139 0.000 0.015 0.000
165.333333 166.333333 999.99 0.999 99.99 0.999 9.999 0.999000 99.99 0.999 99.99 0.999000 999.999 0.999 9.999 0.999
168.333333 169.333333  21.10 0.000  0.85 0.000 9.999 0.259000  0.24 0.000 99.99 0.259000   3.504 0.000 0.019 0.000
171.333333 172.333333 999.99 0.999 99.99 0.999 9.999 0.999000 99.99 0.999 99.99 0.999000 999.999 0.999 9.999 0.999
174.333333 175.333333   8.70 0.559  0.99 0.559 9.999 0.559259  0.82 0.559 99.99 0.559259   5.200 0.559 0.025 0.559
177.333333 178.333333   8.55 0.000  0.83 0.000 9.999 0.259000  0.62 0.000 99.99 0.259000   2.099 0.000 0.015 0.000
180.333333 181.333333  20.85 0.000  0.59 0.000 0.051 0.000000  0.38 0.000 99.99 0.259000   3.397 0.000 0.020 0.000
183.333333 184.333333  10.65 0.000  0.55 0.000 9.999 0.259000  0.97 0.000 99.99 0.259000   3.712 0.000 0.026 0.000
186.333333 187.333333   9.09 0.000  0.62 0.000 9.999 0.259000  0.63 0.000 99.99 0.259000   4.116 0.000 0.040 0.000
189.333333 190.333333   6.85 0.000  0.54 0.000 9.999 0.259000  0.54 0.000 99.99 0.259000   2.922 0.000 0.031 0.000
192.333333 193.333333   7.67 0.000  1.70 0.000 9.999 0.259000  1.28 0.000 99.99 0.259000   4.167 0.000 0.028 0.000
195.333333 196.333333  25.59 0.559  0.99 0.559 0.046 0.559000  0.93 0.559 99.99 0.559259   6.093 0.559 0.032 0.559
198.333333 199.333333  22.03 0.559  0.84 0.559 9.999 0.559259  0.68 0.559 99.99 0.559259   5.059 0.559 0.031 0.559
201.333333 202.333333   5.88 0.000  0.47 0.000 9.999 0.259000  0.48 0.000 99.99 0.259000   2.189 0.000 0.016 0.000
204.333333 205.333333  20.93 0.000  0.94 0.000 9.999 0.259000  0.55 0.000 99.99 0.259000   4.880 0.000 0.019 0.000
207.333333 208.333333  17.07 0.394  0.82 0.394 9.999 0.394259  0.98 0.394 99.99 0.394259   5.919 0.000 0.036 0.394
210.333333 211.333333 999.99 0.699 99.99 0.699 9.999 0.699000 99.99 0.699 99.99 0.699000 999.999 0.699 9.999 0.699
213.333333 214.333333  14.97 0.559  0.60 0.559 0.017 0.559000  0.66 0.559 99.99 0.559259   4.200 0.559 0.026 0.559
216.333333 217.333333   3.72 0.000  0.39 0.000 9.999 0.259000  0.40 0.000 99.99 0.259000   2.102 0.000 0.014 0.000
219.333333 220.333333   6.34 0.000  1.15 0.000 9.999 0.259000  0.82 0.000 99.99 0.259000   3.442 0.000 0.021 0.000
222.333333 223.333333  19.23 0.000  1.45 0.000 9.999 0.259000  0.62 0.000 99.99 0.259000   5.695 0.000 0.031 0.000
225.333333 226.333333  30.62 0.000  0.94 0.000 9.999 0.259000  0.70 0.000 99.99 0.259000   4.651 0.000 0.024 0.000
228.333333 229.333333  21.49 0.000  1.25 0.000 9.999 0.259000  1.39 0.000 99.99 0.259000   6.207 0.000 0.041 0.000
231.333333 232.333333  24.37 0.000  0.42 0.000 9.999 0.259000  0.52 0.000 99.99 0.259000   2.967 0.000 0.018 0.000
234.333333 235.333333   2.72 0.000  0.35 0.000 9.999 0.259000  0.34 0.000 99.99 0.259000   2.052 0.000 0.014 0.000
237.333333 238.333333   1.08 0.000 99.99 0.259 9.999 0.259000  0.11 0.000 99.99 0.259000   1.006 0.000 0.010 0.000
240.333333 241.333333   3.89 0.000  0.78 0.000 9.999 0.259000  0.29 0.000 99.99 0.259000   2.273 0.000 0.020 0.000
243.333333 244.333333  12.98 0.000  0.48 0.000 9.999 0.259000  0.36 0.000 99.99 0.259000   2.159 0.000 0.018 0.000
246.333333 247.333333   7.51 0.000  0.82 0.000 9.999 0.259000  0.73 0.000 99.99 0.259000  10.735 0.000 0.051 0.000
249.333333 250.333333   4.42 0.000  0.57 0.000 9.999 0.259000  0.80 0.000 99.99 0.259000   4.442 0.000 0.021 0.000
252.333333 253.333333   4.94 0.000  1.18 0.000 9.999 0.259000  0.52 0.000 99.99 0.259000   2.815 0.000 0.031 0.000
255.333333 256.333333   2.46 0.559  0.31 0.559 9.999 0.559259  0.21 0.559 99.99 0.559259   4.332 0.559 0.036 0.559
258.333333 259.333333   0.94 0.000  0.38 0.000 9.999 0.259000  0.25 0.000 99.99 0.259000   1.032 0.000 0.008 0.000
261.333333 262.333333   1.40 0.000  0.75 0.000 9.999 0.259000  0.59 0.000 99.99 0.259000   2.033 0.000 0.015 0.000
264.333333 265.333333   6.42 0.000  0.97 0.000 0.050 0.000000  0.45 0.000 99.99 0.259000   3.412 0.000 0.027 0.000
267.333333 268.333333   7.06 0.000  1.06 0.000 9.999 0.259000  0.72 0.000 99.99 0.259000   5.327 0.000 0.027 0.000
270.333333 271.333333  10.34 0.000  1.73 0.000 9.999 0.259000  0.38 0.000 99.99 0.259000   3.549 0.000 0.023 0.000
273.333333 274.333333  15.29 0.000  0.76 0.000 9.999 0.259000  0.50 0.000 99.99 0.259000   4.609 0.000 0.029 0.000
276.333333 277.333333  22.28 0.000  2.24 0.000 9.999 0.259000  1.22 0.000 99.99 0.259000   7.913 0.000 0.055 0.000
279.333333 280.333333   2.54 0.000  0.40 0.000 9.999 0.259000  0.41 0.000 99.99 0.259000   3.021 0.000 0.021 0.000
282.333333 283.333333   1.04 0.000  0.35 0.000 0.068 0.000000  0.13 0.000  3.44 0.000000   1.220 0.000 0.013 0.000
285.333333 286.333333   5.15 0.559  1.23 0.559 9.999 0.559259  0.60 0.559 99.99 0.559259   5.206 0.559 0.040 0.559
288.333333 289.333333   3.16 0.000  0.58 0.000 9.999 0.259000  0.67 0.000 99.99 0.259000   3.239 0.000 0.023 0.000
291.333333 292.333333   1.20 0.000  0.54 0.000 0.069 0.000000  0.15 0.000 99.99 0.259000   1.519 0.000 0.017 0.000
294.333333 295.333333   8.59 0.000  1.06 0.000 9.999 0.259000  0.48 0.000 99.99 0.259000   5.224 0.000 0.049 0.000
297.333333 298.333333   2.42 0.000  0.77 0.000 0.058 0.000000  0.30 0.000 99.99 0.259000   3.022 0.000 0.023 0.000
300.333333 301.333333  11.50 0.559  1.08 0.559 9.999 0.559259  0.21 0.559 99.99 0.559259   5.081 0.559 0.058 0.559
303.333333 304.333333   1.90 0.000  0.48 0.000 0.045 0.000000  0.19 0.000 99.99 0.259000   1.413 0.000 0.013 0.000
306.333333 307.333333 999.99 0.456 99.99 0.456 9.999 0.456000 99.99 0.456 99.99 0.456000 999.999 0.456 9.999 0.456
309.333333 310.333333  13.03 0.000  1.03 0.000 9.999 0.259000  0.17 0.000 99.99 0.259000   4.230 0.000 0.043 0.000
312.333333 313.333333   3.38 0.000  0.57 0.000 9.999 0.259000 99.99 0.259 99.99 0.259000   2.080 0.000 0.036 0.000
315.333333 316.333333  13.12 0.559  2.00 0.559 9.999 0.559259  0.44 0.559 99.99 0.559259   8.664 0.559 0.101 0.559
318.333333 319.333333   9.03 0.000  1.83 0.000 9.999 0.259000  0.22 0.000 99.99 0.259000   4.356 0.000 0.032 0.000
321.333333 322.333333   4.93 0.000  0.54 0.000 0.049 0.000000  0.22 0.000 99.99 0.259000   3.059 0.000 0.028 0.000
324.333333 325.333333   8.70 0.000  1.49 0.000 0.089 0.000000  0.73 0.000 99.99 0.259000   4.748 0.000 0.032 0.000
327.333333 328.333333   1.07 0.000  0.22 0.000 9.999 0.259000  0.17 0.000 99.99 0.259000   1.395 0.000 0.011 0.000
330.333333 331.333333   1.16 0.000  0.30 0.000 0.087 0.000000  0.16 0.000 99.99 0.259000   1.826 0.000 0.013 0.000
333.333333 334.333333   5.59 0.000  0.96 0.000 0.093 0.000000  0.28 0.000 99.99 0.259000   2.985 0.000 0.021 0.000
336.333333 337.333333   1.60 0.000  0.83 0.000 9.999 0.259000  0.31 0.000 99.99 0.259000   2.820 0.000 0.063 0.000
339.333333 340.333333   0.61 0.000  0.34 0.000 0.016 0.000000  0.23 0.000 99.99 0.259000   1.106 0.000 0.009 0.000
342.333333 343.333333   0.44 0.000  0.14 0.000 9.999 0.259000 99.99 0.259 99.99 0.259000   0.799 0.000 0.012 0.000
345.333333 346.333333 999.99 0.456 99.99 0.456 9.999 0.456000 99.99 0.456 99.99 0.456000 999.999 0.456 9.999 0.456
348.333333 349.333333   0.86 0.000  0.44 0.000 0.036 0.000000  0.14 0.000 99.99 0.259000   0.816 0.000 0.012 0.000
351.333333 352.333333   7.63 0.000  0.69 0.000 9.999 0.259000  0.33 0.000 99.99 0.259000   2.446 0.000 0.019 0.000
354.333333 355.333333   2.12 0.000  0.19 0.000 9.999 0.259000  0.35 0.000 99.99 0.259000   3.093 0.000 0.029 0.000
357.333333 358.333333  11.07 0.000  1.07 0.000 9.999 0.259000  0.68 0.000 99.99 0.259000   3.501 0.000 0.032 0.000
360.333333 361.333333   0.64 0.000  0.37 0.000 9.999 0.259000  0.26 0.000  3.93 0.000000   0.946 0.000 0.008 0.000
363.333333 364.333333   8.23 0.000  0.76 0.000 0.024 0.000000  0.08 0.000 99.99 0.259000   1.980 0.000 0.017 0.000
