scripts/IMPROVE-2019_partial/data/US9010R.19990102050000.20191216000000.filterpack...1y.3d.US03L_filterpack_US9010.US03L_IMPROVE_Davis.lev2.nas
51 1001
MISSING INFORMATION
US03L, IMPROVE, , , , , , , 
MISSING INFORMATION
IMPROVE sel_HTAP
1 1
1999 01 01 2019 12 16
0
days from file reference point
4
1 1 1 1
999.999999 999.999 999.999 9.999
end_time of measurement, days from the file reference point
pm10_mass, ug/m3, Matrix=pm10
pm25_mass, ug/m3, Matrix=pm25
numflag, no unit
0
33
Data definition:              EBAS_1.1
Set type code:                TI
Timezone:                     UTC
File name:                    US9010R.19990102050000.20191216000000.filterpack...1y.3d.US03L_filterpack_US9010.US03L_IMPROVE_Davis.lev2.nas
File creation:                20191218120546
Startdate:                    19990102050000
Revision date:                20191216000000
Version:                      2
Version description:          "Data extracted from http://views.cira.colostate.edu/fed/DataWizard 2019-12-16"
Statistics:                   arithmetic mean
Data level:                   2
Period code:                  1y
Resolution code:              3d
Sample duration:              1d
Orig. time res.:              3d
Station code:                 US9010R
Platform code:                US9010S
Station name:                 Moosehorn NWR
Station latitude:             45.1259
Station longitude:            -67.2661
Station altitude:             77.0 m
Regime:                       IMG
Component:                    
Unit:                         ug/m3
Matrix:                       
Laboratory code:              US03L
Instrument type:              filterpack
Instrument name:              filterpack_US9010
Method ref:                   US03L_IMPROVE_Davis
Blank correction:             Blank corrected
Volume std. temperature:      ambient
Volume std. pressure:         ambient
starttime endtime PM10 PM2.5 flag
  1.208333   2.208333   4.777 999.999 0.000
  5.208333   6.208333   6.290   4.226 0.000
  8.208333   9.208333   5.884   3.308 0.000
 12.208333  13.208333  13.057   7.801 0.000
 15.208333  16.208333  10.119   5.042 0.000
 19.208333  20.208333   7.085   2.994 0.000
 22.208333  23.208333   8.401   2.867 0.000
 26.208333  27.208333  12.985   5.549 0.000
 29.208333  30.208333  11.463   8.879 0.000
 33.208333  34.208333  16.732   4.746 0.000
 36.208333  37.208333  13.841   9.545 0.000
 40.208333  41.208333  11.120   8.704 0.000
 43.208333  44.208333   8.446   7.069 0.000
 47.208333  48.208333   9.537   6.400 0.000
 50.208333  51.208333  12.308   6.785 0.000
 54.208333  55.208333   8.681   3.928 0.000
 57.208333  58.208333   7.806   3.079 0.000
 61.208333  62.208333  13.266   9.862 0.000
 64.208333  65.208333   5.556   2.886 0.000
 68.208333  69.208333 999.999 999.999 0.999
 71.208333  72.208333 999.999 999.999 0.999
 75.208333  76.208333 999.999 999.999 0.999
 78.208333  79.208333 999.999 999.999 0.999
 82.208333  83.208333  16.101  12.284 0.000
 85.208333  86.208333  10.873   7.222 0.000
 89.208333  90.208333 999.999   2.623 0.000
 92.208333  93.208333   9.643   5.803 0.000
 96.208333  97.208333   9.907   8.460 0.000
 99.208333 100.208333   7.778   6.285 0.000
103.208333 104.208333 999.999 999.999 0.999
106.208333 107.208333   9.215   5.056 0.000
110.208333 111.208333   8.384   6.638 0.000
113.208333 114.208333   4.439   1.997 0.000
117.208333 118.208333   5.854   3.277 0.000
120.208333 121.208333   6.108   4.322 0.000
124.208333 125.208333  11.506   7.340 0.000
127.208333 128.208333   4.658 999.999 0.000
131.208333 132.208333  11.865   5.344 0.000
134.208333 135.208333  12.459   5.484 0.000
138.208333 139.208333 999.999 999.999 0.999
141.208333 142.208333   4.937   2.035 0.000
145.208333 146.208333 999.999 999.999 0.999
148.208333 149.208333  10.516   3.755 0.000
152.208333 153.208333  18.742  14.920 0.000
155.208333 156.208333   8.488   4.731 0.000
159.208333 160.208333  10.866   4.222 0.000
162.208333 163.208333   9.133   5.208 0.000
166.208333 167.208333 999.999   7.334 0.000
169.208333 170.208333  11.400   4.888 0.000
173.208333 174.208333  13.927   8.142 0.000
176.208333 177.208333  14.669  11.683 0.000
180.208333 181.208333   8.720   5.314 0.000
183.208333 184.208333  12.508   7.248 0.000
187.208333 188.208333   7.476   4.438 0.000
190.208333 191.208333  10.628   7.096 0.000
194.208333 195.208333   9.630 999.999 0.000
197.208333 198.208333  40.074 999.999 0.000
201.208333 202.208333   7.590 999.999 0.000
204.208333 205.208333   9.499 999.999 0.000
208.208333 209.208333  12.431   9.369 0.000
211.208333 212.208333  13.455  11.943 0.000
215.208333 216.208333  11.285   6.126 0.000
218.208333 219.208333   7.554   4.106 0.000
222.208333 223.208333   8.371   5.075 0.000
225.208333 226.208333  10.693   6.766 0.000
229.208333 230.208333  14.220  13.359 0.000
232.208333 233.208333   6.646   4.161 0.000
236.208333 237.208333  19.574  14.531 0.000
239.208333 240.208333  11.078   9.777 0.000
243.208333 244.208333  11.119   5.126 0.000
246.208333 247.208333  21.329  14.423 0.000
250.208333 251.208333  10.538   9.912 0.000
253.208333 254.208333   9.231   7.005 0.000
257.208333 258.208333   7.873   3.960 0.000
260.208333 261.208333   7.112   1.691 0.000
264.208333 265.208333   4.209   1.413 0.000
267.208333 268.208333  15.791  11.420 0.000
271.208333 272.208333 999.999 999.999 0.999
274.208333 275.208333 999.999 999.999 0.999
278.208333 279.208333 999.999 999.999 0.999
281.208333 282.208333  13.889   7.467 0.000
285.208333 286.208333   9.775   3.362 0.000
288.208333 289.208333  11.833   4.399 0.000
292.208333 293.208333   5.946   2.571 0.000
295.208333 296.208333   7.917   4.755 0.000
299.208333 300.208333   8.045   4.846 0.000
302.208333 303.208333   6.138   3.396 0.000
306.208333 307.208333  16.398   7.864 0.000
309.208333 310.208333  13.380   9.473 0.000
313.208333 314.208333  14.323   8.910 0.000
316.208333 317.208333   3.864   2.552 0.000
320.208333 321.208333   5.175   2.251 0.000
323.208333 324.208333  12.016   7.260 0.000
327.208333 328.208333   9.023   6.755 0.000
330.208333 331.208333   6.305   4.085 0.000
334.208333 335.208333   5.694   2.080 0.000
337.208333 338.208333  14.559  10.995 0.000
341.208333 342.208333   4.297   4.135 0.000
344.208333 345.208333 999.999 999.999 0.999
348.208333 349.208333   2.593   2.002 0.000
351.208333 352.208333   7.361   4.933 0.000
355.208333 356.208333   8.077   3.785 0.000
358.208333 359.208333   5.259   5.266 0.000
362.208333 363.208333  14.895   8.070 0.000
