scripts/IMPROVE-2019_partial/data/US9044R.20060102080000.20191216000000.filterpack..pm25.52w.1w.US03L_filterpack_US9044.US03L_IMPROVE_Davis.lev2.nas
66 1001
MISSING INFORMATION
US03L, IMPROVE, , , , , , , 
MISSING INFORMATION
IMPROVE sel_HTAP
1 1
2006 01 01 2019 12 16
3.000000
days from file reference point
27
1 1 1 1 1 1 1 1 1 1 1 1 1 1 1 1 1 1 1 1 1 1 1 1 1 1 1
999.999999 9999.99 9.999 99.99 9.999 9.999 9.999 99.99 9.999999 9.999 9.999 999.999 9.999999 999.999 9.999999 999.99 9.999999 9999.999 9.999 999.999 9.999 999.999 9.999 9.999 9.999 9.999 9.999
end_time of measurement, days from the file reference point
iron, ng/m3, Revision date=20181210133000
numflag iron, no unit, Revision date=20181210133000
lead, ng/m3, Revision date=20181210133000
numflag lead, no unit, Revision date=20181210133000
magnesium, ug/m3, Revision date=20181210133000
numflag magnesium, no unit, Revision date=20181210133000
nickel, ng/m3, Revision date=20181210133000
numflag nickel, no unit, Revision date=20181210133000
nitrate, ug N/m3, Revision date=20181210133000
numflag nitrate, no unit, Revision date=20181210133000
organic_carbon, ug C/m3, Revision date=20181210133000
numflag organic_carbon, no unit, Revision date=20181210133000
organic_mass, ug/m3, Revision date=20181210133000
numflag organic_mass, no unit, Revision date=20181210133000
phosphorus, ng/m3, Revision date=20181210133000
numflag phosphorus, no unit, Revision date=20181210133000
pm10_mass, ug/m3, Version=2, Version description=Data extracted from http://views.cira.colostate.edu/fed/DataWizard 2019-12-16, Sample duration=1d, Orig. time res.=3d, Matrix=pm10, Blank correction=Blank corrected, Volume std. temperature=ambient, Volume std. pressure=ambient
numflag pm10_mass, no unit, Version=2, Version description=Data extracted from http://views.cira.colostate.edu/fed/DataWizard 2019-12-16, Sample duration=1d, Orig. time res.=3d, Matrix=pm10, Blank correction=Blank corrected, Volume std. temperature=ambient, Volume std. pressure=ambient
pm10_pm25_mass, ug/m3, Revision date=20181210133000, Matrix=pm10_pm25
numflag pm10_pm25_mass, no unit, Revision date=20181210133000, Matrix=pm10_pm25
pm25_mass, ug/m3, Version=2, Version description=Data extracted from http://views.cira.colostate.edu/fed/DataWizard 2019-12-16, Sample duration=1d, Orig. time res.=3d, Blank correction=Blank corrected, Volume std. temperature=ambient, Volume std. pressure=ambient
numflag pm25_mass, no unit, Version=2, Version description=Data extracted from http://views.cira.colostate.edu/fed/DataWizard 2019-12-16, Sample duration=1d, Orig. time res.=3d, Blank correction=Blank corrected, Volume std. temperature=ambient, Volume std. pressure=ambient
potassium, ug/m3, Revision date=20181210133000
numflag potassium, no unit, Revision date=20181210133000
sulphate_total, ug S/m3, Revision date=20181210133000
numflag sulphate_total, no unit, Revision date=20181210133000
0
25
Data definition:              EBAS_1.1
Set type code:                TU
Timezone:                     UTC
File name:                    US9044R.20060102080000.20191216000000.filterpack..pm25.52w.1w.US03L_filterpack_US9044.US03L_IMPROVE_Davis.lev2.nas
File creation:                20191218120823
Startdate:                    20060102080000
Revision date:                20191216000000
Statistics:                   arithmetic mean
Data level:                   2
Period code:                  52w
Resolution code:              1w
Station code:                 US9044R
Platform code:                US9044S
Station name:                 Trinity
Station latitude:             40.7864
Station longitude:            -122.8046
Station altitude:             1014.0 m
Regime:                       IMG
Component:                    
Matrix:                       pm25
Laboratory code:              US03L
Instrument type:              filterpack
Instrument name:              filterpack_US9044
Method ref:                   US03L_IMPROVE_Davis
starttime endtime Fe flag_Fe Pb flag_Pb Mg++ flag_Mg++ Ni flag_Ni NO3- flag_NO3- OC flag_OC OM flag_OM P flag_P PM10 flag_PM10 PM10-PM2.5 flag_PM10-PM2.5 PM2.5 flag_PM2.5 K+ flag_K+ SO4-- flag_SO4--
[from data line 79]
238.333333 239.333333   41.54 0.000  0.54 0.000 9.999 0.259  0.11 0.000000 0.010 0.000   2.764 0.000000   4.975 0.000000 999.99 0.259000   11.256 0.000   4.485 0.000   6.771 0.000 0.050 0.000 0.111 0.000
241.333333 242.333333   57.60 0.000  0.23 0.000 9.999 0.259 99.99 0.259000 0.018 0.559   1.896 0.000000   3.413 0.000000 999.99 0.259000    8.380 0.000   3.625 0.000   4.755 0.000 0.031 0.000 0.070 0.559
244.333333 245.333333  140.33 0.000  1.18 0.000 0.035 0.000  0.31 0.000000 0.034 0.559   1.381 0.000000   2.486 0.000000 999.99 0.259000   15.148 0.000   9.070 0.000   6.078 0.000 0.073 0.000 0.227 0.559
247.333333 248.333333   51.73 0.000  0.55 0.000 0.013 0.000  0.18 0.000000 0.020 0.559   2.654 0.559000   4.777 0.559000 999.99 0.259000 9999.999 0.456 999.999 0.999   6.942 0.000 0.040 0.000 0.234 0.559
250.333333 251.333333  137.10 0.000  1.24 0.000 0.028 0.000  0.25 0.000000 0.095 0.000  13.261 0.000000  23.869 0.000000 999.99 0.259000   42.763 0.000  11.892 0.000  30.871 0.000 0.177 0.000 0.312 0.000
253.333333 254.333333  100.77 0.000  0.56 0.000 0.017 0.000  0.22 0.000000 0.060 0.000  19.701 0.000000  35.461 0.000000 999.99 0.259000   47.972 0.000   5.660 0.000  42.312 0.000 0.126 0.000 0.220 0.000
256.333333 257.333333 9999.99 0.699 99.99 0.699 9.999 0.699 99.99 0.699000 0.194 0.000  24.146 0.000000  43.463 0.000000 999.99 0.699000   57.264 0.000 999.999 0.699  38.430 0.000 9.999 0.699 0.187 0.000
259.333333 260.333333   97.35 0.699  0.33 0.699 0.026 0.699 99.99 0.699259 0.173 0.000  48.096 0.000000  86.572 0.000000 999.99 0.699259  106.401 0.000  12.087 0.699  94.314 0.000 0.169 0.699 0.144 0.000
262.333333 263.333333 9999.99 0.999 99.99 0.999 9.999 0.999 99.99 0.999000 9.999 0.999 999.999 0.999000 999.999 0.999000 999.99 0.999000 9999.999 0.999 999.999 0.999 999.999 0.999 9.999 0.999 9.999 0.999
265.333333 266.333333 9999.99 0.999 99.99 0.999 9.999 0.999 99.99 0.999000 9.999 0.999 999.999 0.999000 999.999 0.999000 999.99 0.999000 9999.999 0.999 999.999 0.999 999.999 0.999 9.999 0.999 9.999 0.999
268.333333 269.333333 9999.99 0.999 99.99 0.999 9.999 0.999 99.99 0.999000 9.999 0.999 999.999 0.999000 999.999 0.999000 999.99 0.999000 9999.999 0.999 999.999 0.999 999.999 0.999 9.999 0.999 9.999 0.999
271.333333 272.333333  167.27 0.000  1.39 0.000 0.047 0.000  2.84 0.000000 0.034 0.000   3.033 0.000000   5.460 0.000000  33.69 0.000000   23.201 0.000  13.396 0.000   9.806 0.000 0.111 0.000 0.171 0.000
274.333333 275.333333   54.01 0.000  0.82 0.000 9.999 0.259  1.03 0.000000 0.114 0.000   1.785 0.000000   3.212 0.000000 999.99 0.259000   13.309 0.000   6.741 0.000   6.567 0.000 0.075 0.000 0.479 0.000
277.333333 278.333333    8.07 0.000  0.18 0.000 9.999 0.259 99.99 0.259000 0.032 0.000   0.829 0.000000   1.492 0.000000 999.99 0.259000    3.083 0.000   0.859 0.000   2.224 0.000 0.015 0.000 0.150 0.000
280.333333 281.333333   13.75 0.000  0.68 0.000 0.007 0.000 99.99 0.259000 0.008 0.000   0.524 0.000000   0.943 0.000000 999.99 0.259000    2.986 0.000   1.422 0.000   1.564 0.000 0.013 0.000 0.118 0.000
283.333333 284.333333 9999.99 0.999 99.99 0.999 9.999 0.999 99.99 0.999000 9.999 0.999 999.999 0.999000 999.999 0.999000 999.99 0.999000 9999.999 0.999 999.999 0.999 999.999 0.999 9.999 0.999 9.999 0.999
286.333333 287.333333   76.33 0.000  0.99 0.000 0.022 0.000  0.61 0.000000 0.163 0.000   3.225 0.559000   5.806 0.559000 999.99 0.259000 9999.999 0.456 999.999 0.999   9.663 0.000 0.224 0.000 0.407 0.000
289.333333 290.333333    3.10 0.000  0.12 0.000 0.006 0.000 99.99 0.259000 0.008 0.000   0.256 0.559000   0.461 0.559000 999.99 0.259000 9999.999 0.456 999.999 0.999   1.006 0.000 0.003 0.000 0.026 0.000
292.333333 293.333333   16.99 0.000  0.77 0.000 9.999 0.259  0.08 0.000000 0.006 0.559   0.275 0.559000   0.494 0.559000 999.99 0.259000    3.220 0.000   1.419 0.000   1.801 0.000 0.013 0.000 0.127 0.559
295.333333 296.333333   29.32 0.000  1.10 0.000 9.999 0.259 99.99 0.259000 0.008 0.000   0.876 0.000000   1.577 0.000000 999.99 0.259000    5.706 0.000   2.732 0.000   2.974 0.000 0.024 0.000 0.123 0.000
298.333333 299.333333   19.06 0.000  0.74 0.000 0.012 0.000  0.14 0.000000 0.013 0.000   0.837 0.559000   1.506 0.559000 999.99 0.259000    4.330 0.000   1.504 0.000   2.826 0.000 0.027 0.000 0.128 0.000
301.333333 302.333333   28.75 0.000  1.29 0.000 9.999 0.259 99.99 0.259000 0.014 0.000   1.389 0.000000   2.501 0.000000 999.99 0.259000    6.430 0.000   1.813 0.000   4.617 0.000 0.032 0.000 0.232 0.000
304.333333 305.333333 9999.99 0.999 99.99 0.999 9.999 0.999 99.99 0.999000 9.999 0.999 999.999 0.999000 999.999 0.999000 999.99 0.999000 9999.999 0.999 999.999 0.999 999.999 0.999 9.999 0.999 9.999 0.999
307.333333 308.333333    1.15 0.000  0.46 0.000 9.999 0.259 99.99 0.259000 0.024 0.000   3.811 0.559000   6.859 0.559000 999.99 0.259000    8.436 0.000   1.080 0.000   7.356 0.000 0.044 0.000 0.026 0.000
310.333333 311.333333    0.73 0.000  0.62 0.000 9.999 0.259 99.99 0.259000 0.022 0.000   3.529 0.559000   6.353 0.559000 999.99 0.259000    7.843 0.000   0.789 0.000   7.054 0.000 0.072 0.000 0.058 0.000
313.333333 314.333333    4.27 0.000  0.55 0.000 9.999 0.259 99.99 0.259000 0.018 0.000   4.126 0.559000   7.426 0.559000 999.99 0.259000    8.032 0.000   0.901 0.000   7.130 0.000 0.021 0.000 0.024 0.000
316.333333 317.333333    0.32 0.000 99.99 0.259 9.999 0.259 99.99 0.259000 0.000 0.000   0.164 0.559000   0.294 0.559000 999.99 0.259000    0.484 0.000   0.099 0.000   0.386 0.000 0.002 0.000 0.002 0.000
319.333333 320.333333    1.20 0.000  0.60 0.000 9.999 0.259 99.99 0.259000 0.026 0.000   1.133 0.559000   2.040 0.559000 999.99 0.259000    2.814 0.000   0.404 0.000   2.410 0.000 0.019 0.000 0.029 0.000
322.333333 323.333333    2.45 0.000  0.74 0.000 9.999 0.259 99.99 0.259000 0.015 0.000   1.853 0.559000   3.335 0.559000 999.99 0.259000    5.553 0.000   1.692 0.000   3.860 0.000 0.024 0.000 0.074 0.000
325.333333 326.333333    0.91 0.000  0.32 0.000 9.999 0.259 99.99 0.259000 0.007 0.000   0.288 0.000000   0.519 0.000000 999.99 0.259000    2.307 0.000   1.270 0.000   1.036 0.000 0.008 0.000 0.044 0.000
328.333333 329.333333    0.67 0.000  1.28 0.000 9.999 0.259 99.99 0.259000 0.004 0.000   0.496 0.000000   0.893 0.000000 999.99 0.259000    1.371 0.000   0.332 0.000   1.039 0.000 0.011 0.000 0.032 0.000
331.333333 332.333333    1.08 0.000  0.15 0.000 9.999 0.259 99.99 0.259000 0.005 0.000   0.165 0.000000   0.298 0.000000 999.99 0.259000    0.360 0.000 999.999 0.259   0.563 0.000 0.004 0.000 0.030 0.000
334.333333 335.333333    1.99 0.000  0.28 0.000 9.999 0.259 99.99 0.259000 0.005 0.000   0.735 0.000000   1.323 0.000000 999.99 0.259000    1.571 0.000   0.277 0.000   1.294 0.000 0.009 0.000 0.032 0.000
337.333333 338.333333    4.29 0.000  0.60 0.000 9.999 0.259 99.99 0.259000 0.004 0.000   1.010 0.000000   1.817 0.000000 999.99 0.259000    2.340 0.000   0.482 0.000   1.857 0.000 0.011 0.000 0.052 0.000
340.333333 341.333333    4.09 0.000  0.38 0.000 9.999 0.259 99.99 0.259000 0.011 0.000   2.189 0.000000   3.940 0.000000 999.99 0.259000    4.470 0.000   0.866 0.000   3.604 0.000 0.057 0.000 0.038 0.000
343.333333 344.333333    0.30 0.000  0.10 0.000 9.999 0.259 99.99 0.259000 0.002 0.000   0.213 0.000000   0.384 0.000000 999.99 0.259000    0.806 0.000   0.301 0.000   0.504 0.000 0.004 0.000 0.016 0.000
346.333333 347.333333    0.12 0.000 99.99 0.259 9.999 0.259  0.25 0.000000 0.000 0.000 999.999 0.559259 999.999 0.559259 999.99 0.259000    0.241 0.000   0.053 0.000   0.148 0.000 9.999 0.259 9.999 0.259
349.333333 350.333333    1.02 0.000  0.45 0.000 9.999 0.259  0.29 0.000000 0.007 0.000   0.539 0.559000   0.970 0.559000 999.99 0.259000    1.705 0.000   0.446 0.000   1.259 0.000 0.009 0.000 0.017 0.000
352.333333 353.333333    2.87 0.000  0.17 0.000 9.999 0.259 99.99 0.259000 0.004 0.000   1.029 0.559000   1.852 0.559000 999.99 0.259000    2.390 0.000   0.255 0.000   2.135 0.000 0.011 0.000 0.014 0.000
355.333333 356.333333    0.54 0.000  0.18 0.000 0.011 0.000  0.13 0.000000 0.011 0.000   0.315 0.559000   0.567 0.559000 999.99 0.259000    1.010 0.000   0.362 0.000   0.648 0.000 0.006 0.000 0.021 0.000
358.333333 359.333333    2.50 0.000  0.49 0.000 9.999 0.259 99.99 0.259000 0.332 0.000   0.548 0.559000   0.987 0.559000 999.99 0.259000    2.708 0.000   0.541 0.000   2.167 0.000 0.016 0.000 0.102 0.000
361.333333 362.333333   10.13 0.000  0.15 0.000 9.999 0.259 99.99 0.259000 0.019 0.000   0.240 0.559000   0.432 0.559000 999.99 0.259000    2.342 0.000   0.679 0.000   1.663 0.000 0.013 0.000 0.073 0.000
364.333333 365.333333    2.86 0.000  0.58 0.000 9.999 0.259  0.15 0.000000 0.005 0.000   0.483 0.559000   0.870 0.559000 999.99 0.259000    1.570 0.000 999.999 0.259   1.661 0.000 0.007 0.000 0.034 0.000
