scripts/IMPROVE-2019_partial/data/US9064R.20010101070000.20191216000000.filterpack..pm25.52w.1w.US03L_filterpack_US9064.US03L_IMPROVE_Davis.lev2.nas
64 1001
MISSING INFORMATION
US03L, IMPROVE, , , , , , , 
MISSING INFORMATION
IMPROVE sel_HTAP
1 1
2001 01 01 2019 12 16
3.000000
days from file reference point
25
1 1 1 1 1 1 1 1 1 1 1 1 1 1 1 1 1 1 1 1 1 1 1 1 1
999.999999 9999.99 9.999 99.99 9.999999 9.999 9.999999 99.99 9.999999 9.999 9.999999 99.999 9.999 99.999 9.999 999.999 9.999 999.999 9.999 999.999 9.999 9.999 9.999 9.999 9.999
end_time of measurement, days from the file reference point
iron, ng/m3, Revision date=20181210133000
numflag iron, no unit, Revision date=20181210133000
lead, ng/m3, Revision date=20181210133000
numflag lead, no unit, Revision date=20181210133000
magnesium, ug/m3, Revision date=20181210133000
numflag magnesium, no unit, Revision date=20181210133000
nickel, ng/m3, Revision date=20181210133000
numflag nickel, no unit, Revision date=20181210133000
nitrate, ug N/m3, Revision date=20181210133000
numflag nitrate, no unit, Revision date=20181210133000
organic_carbon, ug C/m3, Revision date=20181210133000
numflag organic_carbon, no unit, Revision date=20181210133000
organic_mass, ug/m3, Revision date=20181210133000
numflag organic_mass, no unit, Revision date=20181210133000
pm10_mass, ug/m3, Version=2, Version description=Data extracted from http://views.cira.colostate.edu/fed/DataWizard 2019-12-16, Sample duration=1d, Orig. time res.=3d, Matrix=pm10, Blank correction=Blank corrected, Volume std. temperature=ambient, Volume std. pressure=ambient
numflag pm10_mass, no unit, Version=2, Version description=Data extracted from http://views.cira.colostate.edu/fed/DataWizard 2019-12-16, Sample duration=1d, Orig. time res.=3d, Matrix=pm10, Blank correction=Blank corrected, Volume std. temperature=ambient, Volume std. pressure=ambient
pm10_pm25_mass, ug/m3, Revision date=20181210133000, Matrix=pm10_pm25
numflag pm10_pm25_mass, no unit, Revision date=20181210133000, Matrix=pm10_pm25
pm25_mass, ug/m3, Version=2, Version description=Data extracted from http://views.cira.colostate.edu/fed/DataWizard 2019-12-16, Sample duration=1d, Orig. time res.=3d, Blank correction=Blank corrected, Volume std. temperature=ambient, Volume std. pressure=ambient
numflag pm25_mass, no unit, Version=2, Version description=Data extracted from http://views.cira.colostate.edu/fed/DataWizard 2019-12-16, Sample duration=1d, Orig. time res.=3d, Blank correction=Blank corrected, Volume std. temperature=ambient, Volume std. pressure=ambient
potassium, ug/m3, Revision date=20181210133000
numflag potassium, no unit, Revision date=20181210133000
sulphate_total, ug S/m3, Revision date=20181210133000
numflag sulphate_total, no unit, Revision date=20181210133000
0
25
Data definition:              EBAS_1.1
Set type code:                TU
Timezone:                     UTC
File name:                    US9064R.20010101070000.20191216000000.filterpack..pm25.52w.1w.US03L_filterpack_US9064.US03L_IMPROVE_Davis.lev2.nas
File creation:                20191218120948
Startdate:                    20010101070000
Revision date:                20191216000000
Statistics:                   arithmetic mean
Data level:                   2
Period code:                  52w
Resolution code:              1w
Station code:                 US9064R
Platform code:                US9064S
Station name:                 Sula Peak
Station latitude:             45.8598
Station longitude:            -114.0001
Station altitude:             1895.0 m
Regime:                       IMG
Component:                    
Matrix:                       pm25
Laboratory code:              US03L
Instrument type:              filterpack
Instrument name:              filterpack_US9064
Method ref:                   US03L_IMPROVE_Davis
starttime endtime Fe flag_Fe Pb flag_Pb Mg++ flag_Mg++ Ni flag_Ni NO3- flag_NO3- OC flag_OC OM flag_OM PM10 flag_PM10 PM10-PM2.5 flag_PM10-PM2.5 PM2.5 flag_PM2.5 K+ flag_K+ SO4-- flag_SO4--
[from data line 86]
258.291667 259.291667   25.55 0.000  0.35 0.000000 9.999 0.259000  0.29 0.000000 0.010 0.559000  1.548 0.000  2.167 0.000   6.981 0.559   3.149 0.000   3.831 0.000 0.021 0.000 0.159 0.559
261.291667 262.291667   45.55 0.559  0.52 0.559000 9.999 0.559259 99.99 0.559259 0.026 0.559000  1.572 0.000  2.201 0.000  10.417 0.000   5.624 0.000   4.793 0.559 0.088 0.559 0.172 0.559
264.291667 265.291667   50.73 0.000  0.64 0.000000 9.999 0.259000  0.22 0.000000 0.015 0.559000  1.047 0.000  1.466 0.000   7.238 0.000   3.813 0.000   3.425 0.000 0.055 0.000 0.127 0.559
267.291667 268.291667   65.68 0.000  0.57 0.000000 9.999 0.259000  0.28 0.000000 0.031 0.699000  1.221 0.000  1.709 0.000  15.810 0.559  11.240 0.000   4.570 0.000 0.067 0.000 0.252 0.699
270.291667 271.291667   41.24 0.000  0.73 0.000000 9.999 0.259000 99.99 0.259000 0.042 0.699000  1.908 0.000  2.671 0.000   9.333 0.000   4.845 0.000   4.488 0.000 0.043 0.000 0.114 0.699
273.291667 274.291667   32.17 0.000  0.46 0.000000 9.999 0.259000 99.99 0.259000 0.017 0.000000  1.309 0.000  1.833 0.000   5.848 0.559   2.617 0.000   3.231 0.000 0.044 0.000 0.120 0.000
276.291667 277.291667   53.74 0.000  0.40 0.000000 9.999 0.259000 99.99 0.259000 0.037 0.000000  1.931 0.000  2.704 0.000  10.992 0.000   5.694 0.000   5.298 0.000 0.054 0.000 0.174 0.000
279.291667 280.291667  112.01 0.000  0.84 0.000000 9.999 0.259000 99.99 0.259000 0.072 0.559000  2.924 0.000  4.093 0.000  20.353 0.000  12.256 0.000   8.097 0.000 0.093 0.000 0.246 0.559
282.291667 283.291667   29.80 0.000  0.31 0.000000 9.999 0.259000  0.42 0.000000 0.024 0.000000  0.443 0.000  0.620 0.000   2.438 0.000   0.313 0.000   2.125 0.000 0.030 0.000 0.107 0.000
285.291667 286.291667    9.60 0.000  0.37 0.000000 9.999 0.259000 99.99 0.259000 0.016 0.000000  0.288 0.000  0.404 0.000   1.958 0.000   0.714 0.000   1.243 0.000 0.018 0.000 0.095 0.000
288.291667 289.291667   20.36 0.000  0.33 0.000000 9.999 0.259000 99.99 0.259000 0.011 0.000000  0.674 0.000  0.944 0.000   3.713 0.000   1.533 0.000   2.180 0.000 0.036 0.000 0.060 0.000
291.291667 292.291667   15.03 0.000 99.99 0.259000 9.999 0.259000 99.99 0.259000 0.012 0.000000  0.696 0.000  0.974 0.000   2.401 0.000   0.672 0.000   1.729 0.000 0.024 0.000 0.051 0.000
294.291667 295.291667   11.31 0.000 99.99 0.259000 9.999 0.259000  0.17 0.000000 0.006 0.000000  0.376 0.000  0.527 0.000   1.256 0.000   0.142 0.000   1.113 0.000 0.014 0.000 0.034 0.000
297.291667 298.291667   14.73 0.000  0.64 0.000000 9.999 0.259000 99.99 0.259000 0.028 0.000000  0.977 0.000  1.368 0.000   3.883 0.000   0.932 0.000   2.951 0.000 0.021 0.000 0.086 0.000
300.291667 301.291667    4.77 0.000  0.20 0.000000 9.999 0.259000 99.99 0.259000 0.011 0.000000  0.217 0.000  0.304 0.000   1.256 0.000   0.310 0.000   0.946 0.000 9.999 0.259 0.073 0.000
303.291667 304.291667    4.71 0.000 99.99 0.259000 9.999 0.259000 99.99 0.259000 0.003 0.000000  0.096 0.000  0.134 0.000   0.813 0.000   0.327 0.000   0.485 0.000 0.010 0.000 0.025 0.000
306.291667 307.291667   10.69 0.000  0.67 0.000000 9.999 0.259000  0.13 0.000000 0.008 0.000000  0.405 0.000  0.567 0.000   1.947 0.000   0.459 0.000   1.488 0.000 0.023 0.000 0.132 0.000
309.291667 310.291667   10.47 0.000  0.55 0.000000 9.999 0.259000  0.11 0.000000 0.050 0.000000  1.613 0.000  2.258 0.000   4.652 0.000   1.430 0.000   3.223 0.000 0.040 0.000 0.138 0.000
312.291667 313.291667   10.74 0.000  0.56 0.000000 9.999 0.259000 99.99 0.259000 0.009 0.000000  0.324 0.000  0.454 0.000   2.623 0.000   1.113 0.000   1.510 0.000 0.013 0.000 0.100 0.000
315.291667 316.291667   11.63 0.000  0.83 0.000000 9.999 0.259000  0.09 0.000000 0.023 0.000000  0.516 0.000  0.722 0.000   4.396 0.000   1.736 0.000   2.660 0.000 0.019 0.000 0.279 0.000
318.291667 319.291667    9.20 0.000  0.27 0.000000 9.999 0.259000  0.11 0.000000 0.010 0.000000  0.279 0.000  0.390 0.000   1.625 0.000   0.599 0.000   1.027 0.000 0.008 0.000 0.069 0.000
321.291667 322.291667    2.40 0.000  0.46 0.000000 9.999 0.259000  0.07 0.000000 0.069 0.000000  0.984 0.000  1.378 0.000   2.414 0.000   0.456 0.000   1.958 0.000 0.016 0.000 0.048 0.000
324.291667 325.291667    1.20 0.000 99.99 0.259000 9.999 0.259000 99.99 0.259000 0.005 0.000000  0.053 0.000  0.075 0.000   0.928 0.000   0.569 0.000   0.359 0.000 0.005 0.000 0.020 0.000
327.291667 328.291667    1.53 0.000 99.99 0.259000 9.999 0.259000 99.99 0.259000 0.006 0.000000  0.065 0.000  0.091 0.000   0.520 0.000   0.156 0.000   0.364 0.000 0.005 0.000 0.027 0.000
330.291667 331.291667    3.19 0.000 99.99 0.259000 9.999 0.259000  0.07 0.000000 0.033 0.000000  0.838 0.000  1.174 0.000   2.603 0.000   0.366 0.000   2.237 0.000 0.020 0.000 0.081 0.000
333.291667 334.291667   10.20 0.000 99.99 0.259000 9.999 0.259000  0.14 0.000000 0.013 0.000000  0.079 0.000  0.110 0.000   1.195 0.000   0.367 0.000   0.827 0.000 0.007 0.000 0.046 0.000
336.291667 337.291667    5.71 0.000 99.99 0.259000 9.999 0.259000  0.21 0.000000 0.008 0.000000  0.191 0.000  0.268 0.000   0.668 0.000   0.258 0.000   0.410 0.000 0.005 0.000 0.027 0.000
339.291667 340.291667    6.78 0.000  0.15 0.000000 9.999 0.259000  0.23 0.000000 0.007 0.000000  0.042 0.000  0.058 0.000   1.157 0.000   0.596 0.000   0.561 0.000 0.005 0.000 0.016 0.000
342.291667 343.291667    6.78 0.000  0.54 0.000000 9.999 0.259000 99.99 0.259000 0.012 0.000000  0.160 0.000  0.224 0.000   1.269 0.000   0.475 0.000   0.794 0.000 0.008 0.000 0.060 0.000
345.291667 346.291667    2.34 0.000  0.25 0.000000 9.999 0.259000 99.99 0.259000 0.011 0.000000  0.123 0.000  0.172 0.000   0.863 0.000   0.126 0.000   0.738 0.000 0.003 0.000 0.065 0.000
348.291667 349.291667    1.94 0.000 99.99 0.259000 9.999 0.259000 99.99 0.259000 0.030 0.000000  0.140 0.000  0.196 0.000   1.089 0.000   0.382 0.000   0.707 0.000 0.005 0.000 0.038 0.000
351.291667 352.291667    5.66 0.000  0.32 0.000000 9.999 0.259000  0.14 0.000000 0.014 0.000000  0.154 0.000  0.215 0.000   0.868 0.000   0.188 0.000   0.680 0.000 0.005 0.000 0.035 0.000
354.291667 355.291667    4.56 0.000  0.27 0.000000 9.999 0.259000 99.99 0.259000 0.015 0.000000  0.307 0.000  0.430 0.000   1.114 0.000   0.407 0.000   0.707 0.000 0.006 0.000 0.041 0.000
357.291667 358.291667    2.32 0.394  0.18 0.394000 9.999 0.394259  0.12 0.394000 0.013 0.394000  0.249 0.000  0.348 0.000   0.450 0.000 999.999 0.259   0.560 0.000 0.004 0.394 0.017 0.394
360.291667 361.291667 9999.99 0.456 99.99 0.456000 9.999 0.456000 99.99 0.456000 9.999 0.259000  0.164 0.000  0.230 0.000   0.635 0.000 999.999 0.999 999.999 0.456 9.999 0.456 0.013 0.000
363.291667 364.291667    1.61 0.000  0.17 0.000000 9.999 0.259000 99.99 0.259000 9.999 0.559259  0.332 0.000  0.464 0.000   0.597 0.000   0.008 0.000   0.589 0.000 0.004 0.000 0.017 0.559
