scripts/IMPROVE-2019_partial/data/US9066R.20120101050000.20191216000000.filterpack.pm10_mass.pm10.52w.3d.US03L_filterpack_US9066_2.US03L_IMPROVE_Davis.lev2.nas
50 1001
MISSING INFORMATION
US03L, IMPROVE, , , , , , , 
MISSING INFORMATION
IMPROVE sel_HTAP
1 1
2012 01 01 2019 12 16
3.000000
days from file reference point
3
1 1 1
999.999999 999.999 9.999
end_time of measurement, days from the file reference point
pm10_mass, ug/m3
numflag pm10_mass, no unit
0
33
Data definition:              EBAS_1.1
Set type code:                TU
Timezone:                     UTC
File name:                    US9066R.20120101050000.20191216000000.filterpack.pm10_mass.pm10.52w.3d.US03L_filterpack_US9066_2.US03L_IMPROVE_Davis.lev2.nas
File creation:                20191218121002
Startdate:                    20120101050000
Revision date:                20191216000000
Version:                      2
Version description:          "Data extracted from http://views.cira.colostate.edu/fed/DataWizard 2019-12-16"
Statistics:                   arithmetic mean
Data level:                   2
Period code:                  52w
Resolution code:              3d
Sample duration:              1d
Orig. time res.:              3d
Station code:                 US9066R
Platform code:                US9066S
Station name:                 Swanquarter
Station latitude:             35.451
Station longitude:            -76.2075
Station altitude:             -3.0 m
Regime:                       IMG
Component:                    pm10_mass
Unit:                         ug/m3
Matrix:                       pm10
Laboratory code:              US03L
Instrument type:              filterpack
Instrument name:              filterpack_US9066_2
Method ref:                   US03L_IMPROVE_Davis
Blank correction:             Blank corrected
Volume std. temperature:      ambient
Volume std. pressure:         ambient
starttime endtime PM10 flag_PM10
  0.208333   1.208333   8.739 0.000
  3.208333   4.208333  12.011 0.000
  6.208333   7.208333  31.951 0.000
  9.208333  10.208333   6.332 0.000
 12.208333  13.208333   7.327 0.000
 15.208333  16.208333   5.331 0.000
 18.208333  19.208333   4.859 0.000
 21.208333  22.208333  14.026 0.000
 24.208333  25.208333 999.999 0.999
 27.208333  28.208333   6.728 0.000
 30.208333  31.208333   6.591 0.000
 33.208333  34.208333   7.406 0.000
 36.208333  37.208333   6.976 0.000
 39.208333  40.208333   8.198 0.000
 42.208333  43.208333   4.765 0.000
 45.208333  46.208333   9.532 0.000
 48.208333  49.208333   9.189 0.000
 51.208333  52.208333 999.999 0.999
 54.208333  55.208333 999.999 0.999
 57.208333  58.208333 999.999 0.999
 60.208333  61.208333  20.205 0.000
 63.208333  64.208333   3.463 0.000
 66.208333  67.208333  12.415 0.000
 69.208333  70.208333   8.117 0.000
 72.208333  73.208333   7.758 0.000
 75.208333  76.208333   8.234 0.000
 78.208333  79.208333   8.515 0.000
 81.208333  82.208333   8.222 0.000
 84.208333  85.208333   6.763 0.000
 87.208333  88.208333  15.658 0.000
 90.208333  91.208333  14.478 0.000
 93.208333  94.208333   9.586 0.000
 96.208333  97.208333   8.713 0.000
 99.208333 100.208333  12.840 0.000
102.208333 103.208333   9.405 0.000
105.208333 106.208333  14.713 0.000
108.208333 109.208333 999.999 0.999
111.208333 112.208333 999.999 0.999
114.208333 115.208333 999.999 0.999
117.208333 118.208333  14.702 0.000
120.208333 121.208333  10.874 0.000
123.208333 124.208333  15.974 0.000
126.208333 127.208333  13.743 0.000
129.208333 130.208333 999.999 0.999
132.208333 133.208333  10.133 0.000
135.208333 136.208333  10.967 0.000
138.208333 139.208333  16.989 0.000
141.208333 142.208333   4.337 0.000
144.208333 145.208333  10.427 0.000
147.208333 148.208333  10.110 0.000
150.208333 151.208333  11.010 0.000
153.208333 154.208333  10.560 0.000
156.208333 157.208333   9.661 0.000
159.208333 160.208333  12.325 0.000
162.208333 163.208333  17.654 0.000
165.208333 166.208333  13.196 0.000
168.208333 169.208333  12.050 0.000
171.208333 172.208333  18.917 0.000
174.208333 175.208333  12.797 0.000
177.208333 178.208333 999.999 0.999
180.208333 181.208333  23.932 0.000
183.208333 184.208333 999.999 0.999
186.208333 187.208333  23.444 0.000
189.208333 190.208333  22.821 0.000
192.208333 193.208333  12.037 0.000
195.208333 196.208333  15.692 0.000
198.208333 199.208333  14.957 0.000
201.208333 202.208333  11.770 0.000
204.208333 205.208333  21.494 0.000
207.208333 208.208333  20.283 0.000
210.208333 211.208333   9.691 0.000
213.208333 214.208333 999.999 0.999
216.208333 217.208333  12.599 0.000
219.208333 220.208333  10.514 0.000
222.208333 223.208333  18.526 0.000
225.208333 226.208333  15.679 0.000
228.208333 229.208333  15.934 0.000
231.208333 232.208333  11.797 0.000
234.208333 235.208333   9.063 0.000
237.208333 238.208333  11.426 0.000
240.208333 241.208333  10.297 0.000
243.208333 244.208333  10.793 0.000
246.208333 247.208333  14.436 0.000
249.208333 250.208333  11.524 0.000
252.208333 253.208333   7.811 0.000
255.208333 256.208333 999.999 0.999
258.208333 259.208333   9.220 0.000
261.208333 262.208333  16.665 0.000
264.208333 265.208333   9.800 0.000
267.208333 268.208333   8.971 0.000
270.208333 271.208333   8.779 0.000
273.208333 274.208333 999.999 0.456
276.208333 277.208333  11.302 0.000
279.208333 280.208333  15.199 0.000
282.208333 283.208333   7.273 0.000
285.208333 286.208333  10.412 0.000
288.208333 289.208333  10.692 0.000
291.208333 292.208333  10.297 0.000
294.208333 295.208333  20.522 0.000
297.208333 298.208333   9.457 0.000
300.208333 301.208333  12.197 0.000
303.208333 304.208333   4.124 0.000
306.208333 307.208333  10.266 0.000
309.208333 310.208333   8.142 0.000
312.208333 313.208333   7.993 0.000
315.208333 316.208333  10.441 0.000
318.208333 319.208333  16.096 0.000
321.208333 322.208333  20.379 0.000
324.208333 325.208333  20.857 0.000
327.208333 328.208333  14.685 0.000
330.208333 331.208333  11.873 0.000
333.208333 334.208333  11.597 0.000
336.208333 337.208333  16.494 0.000
339.208333 340.208333   6.675 0.000
342.208333 343.208333   7.096 0.000
345.208333 346.208333   9.727 0.000
348.208333 349.208333   8.970 0.000
351.208333 352.208333   5.585 0.000
354.208333 355.208333  12.972 0.000
357.208333 358.208333   4.487 0.000
360.208333 361.208333 999.999 0.999
363.208333 364.208333 999.999 0.999
