scripts/IMPROVE-2019_partial/data/US9024R.20030103080000.20191216000000.filterpack..pm25.1y.1w.US03L_filterpack_US9024.US03L_IMPROVE_Davis.lev2.nas
66 1001
MISSING INFORMATION
US03L, IMPROVE, , , , , , , 
MISSING INFORMATION
IMPROVE sel_HTAP
1 1
2003 01 01 2019 12 16
3.000000
days from file reference point
27
1 1 1 1 1 1 1 1 1 1 1 1 1 1 1 1 1 1 1 1 1 1 1 1 1 1 1
999.999999 999.99 9.999 999.99 9.999 9.999 9.999999 99.99 9.999 9.999 9.999 99.999 9.999 99.999 9.999 999.99 9.999999 999.999 9.999 99.999 9.999 99.999 9.999 9.999 9.999 9.999 9.999
end_time of measurement, days from the file reference point
iron, ng/m3, Revision date=20181210133000
numflag iron, no unit, Revision date=20181210133000
lead, ng/m3, Revision date=20181210133000
numflag lead, no unit, Revision date=20181210133000
magnesium, ug/m3, Revision date=20181210133000
numflag magnesium, no unit, Revision date=20181210133000
nickel, ng/m3, Revision date=20181210133000
numflag nickel, no unit, Revision date=20181210133000
nitrate, ug N/m3, Revision date=20181210133000
numflag nitrate, no unit, Revision date=20181210133000
organic_carbon, ug C/m3, Revision date=20181210133000
numflag organic_carbon, no unit, Revision date=20181210133000
organic_mass, ug/m3, Revision date=20181210133000
numflag organic_mass, no unit, Revision date=20181210133000
phosphorus, ng/m3, Revision date=20181210133000
numflag phosphorus, no unit, Revision date=20181210133000
pm10_mass, ug/m3, Version=2, Version description=Data extracted from http://views.cira.colostate.edu/fed/DataWizard 2019-12-16, Sample duration=1d, Orig. time res.=3d, Matrix=pm10, Blank correction=Blank corrected, Volume std. temperature=ambient, Volume std. pressure=ambient
numflag pm10_mass, no unit, Version=2, Version description=Data extracted from http://views.cira.colostate.edu/fed/DataWizard 2019-12-16, Sample duration=1d, Orig. time res.=3d, Matrix=pm10, Blank correction=Blank corrected, Volume std. temperature=ambient, Volume std. pressure=ambient
pm10_pm25_mass, ug/m3, Revision date=20181210133000, Matrix=pm10_pm25
numflag pm10_pm25_mass, no unit, Revision date=20181210133000, Matrix=pm10_pm25
pm25_mass, ug/m3, Version=2, Version description=Data extracted from http://views.cira.colostate.edu/fed/DataWizard 2019-12-16, Sample duration=1d, Orig. time res.=3d, Blank correction=Blank corrected, Volume std. temperature=ambient, Volume std. pressure=ambient
numflag pm25_mass, no unit, Version=2, Version description=Data extracted from http://views.cira.colostate.edu/fed/DataWizard 2019-12-16, Sample duration=1d, Orig. time res.=3d, Blank correction=Blank corrected, Volume std. temperature=ambient, Volume std. pressure=ambient
potassium, ug/m3, Revision date=20181210133000
numflag potassium, no unit, Revision date=20181210133000
sulphate_total, ug S/m3, Revision date=20181210133000
numflag sulphate_total, no unit, Revision date=20181210133000
0
25
Data definition:              EBAS_1.1
Set type code:                TU
Timezone:                     UTC
File name:                    US9024R.20030103080000.20191216000000.filterpack..pm25.1y.1w.US03L_filterpack_US9024.US03L_IMPROVE_Davis.lev2.nas
File creation:                20191218120644
Startdate:                    20030103080000
Revision date:                20191216000000
Statistics:                   arithmetic mean
Data level:                   2
Period code:                  1y
Resolution code:              1w
Station code:                 US9024R
Platform code:                US9024S
Station name:                 Olympic
Station latitude:             48.0065
Station longitude:            -122.9727
Station altitude:             599.0 m
Regime:                       IMG
Component:                    
Matrix:                       pm25
Laboratory code:              US03L
Instrument type:              filterpack
Instrument name:              filterpack_US9024
Method ref:                   US03L_IMPROVE_Davis
starttime endtime Fe flag_Fe Pb flag_Pb Mg++ flag_Mg++ Ni flag_Ni NO3- flag_NO3- OC flag_OC OM flag_OM P flag_P PM10 flag_PM10 PM10-PM2.5 flag_PM10-PM2.5 PM2.5 flag_PM2.5 K+ flag_K+ SO4-- flag_SO4--
[from data line 83]
251.333333 252.333333   3.20 0.000   0.54 0.000 0.016 0.000000  0.15 0.000 0.040 0.000  0.482 0.000  0.675 0.000 999.99 0.259000   3.509 0.000  1.609 0.000  1.900 0.000 0.012 0.000 0.165 0.000
254.333333 255.333333   7.96 0.000   0.59 0.000 9.999 0.259000  0.39 0.000 0.154 0.000  0.734 0.000  1.028 0.000 999.99 0.259000   7.734 0.000  3.981 0.000  3.754 0.000 0.023 0.000 0.352 0.000
257.333333 258.333333   9.44 0.000   0.64 0.000 9.999 0.259000  0.75 0.000 0.114 0.000  0.866 0.000  1.212 0.000 999.99 0.259000   6.279 0.000  2.446 0.000  3.834 0.000 0.034 0.000 0.285 0.000
260.333333 261.333333   4.81 0.000   0.35 0.000 9.999 0.259000  0.39 0.000 0.042 0.000  0.912 0.000  1.277 0.000 999.99 0.259000   4.258 0.000  2.251 0.000  2.007 0.000 0.018 0.000 0.110 0.000
263.333333 264.333333   6.15 0.559   0.58 0.559 9.999 0.559259  0.80 0.559 0.098 0.000  1.033 0.000  1.446 0.000 999.99 0.559259   6.401 0.000  3.238 0.000  3.163 0.559 0.017 0.559 0.243 0.000
266.333333 267.333333  12.21 0.000   0.73 0.000 9.999 0.259000  0.30 0.000 0.036 0.000  0.738 0.000  1.033 0.000 999.99 0.259000   5.406 0.000  2.704 0.000  2.702 0.000 0.015 0.000 0.185 0.000
269.333333 270.333333  12.66 0.000   0.69 0.000 0.026 0.000000  0.27 0.000 0.038 0.000  1.333 0.000  1.867 0.000 999.99 0.259000   6.696 0.000  3.477 0.000  3.220 0.000 0.013 0.000 0.124 0.000
272.333333 273.333333  12.36 0.000   0.92 0.000 9.999 0.259000  0.66 0.000 0.064 0.000  1.921 0.000  2.689 0.000 999.99 0.259000   9.047 0.000  2.094 0.000  6.953 0.000 0.028 0.000 0.706 0.000
275.333333 276.333333  26.97 0.559   0.79 0.559 9.999 0.559259  0.29 0.559 0.031 0.000  3.662 0.000  5.127 0.000 999.99 0.559259  13.173 0.000  3.612 0.000  9.561 0.559 0.027 0.559 0.471 0.000
278.333333 279.333333   3.88 0.000   0.48 0.000 0.023 0.000000  0.13 0.000 0.028 0.000  0.616 0.000  0.863 0.000 999.99 0.259000   2.761 0.000  0.846 0.000  1.915 0.000 0.011 0.000 0.105 0.000
281.333333 282.333333   1.14 0.000 999.99 0.259 0.038 0.000000  0.11 0.000 0.053 0.000  0.232 0.000  0.324 0.000 999.99 0.259000   4.518 0.000  2.476 0.000  2.042 0.000 0.013 0.000 0.065 0.000
284.333333 285.333333   0.33 0.000   0.21 0.000 0.037 0.000000  0.08 0.000 0.013 0.000  0.266 0.000  0.372 0.000 999.99 0.259000   1.663 0.000  0.841 0.000  0.822 0.000 0.006 0.000 0.019 0.000
287.333333 288.333333   7.03 0.559   0.93 0.559 9.999 0.559259  0.17 0.559 0.065 0.000  0.929 0.000  1.301 0.000 999.99 0.559259   4.309 0.000  1.525 0.000  2.784 0.559 0.019 0.559 0.159 0.000
290.333333 291.333333   7.26 0.000   0.70 0.000 0.017 0.000000 99.99 0.259 0.042 0.000  1.007 0.000  1.410 0.000 999.99 0.259000   5.952 0.000  3.545 0.000  2.407 0.000 0.025 0.000 0.188 0.000
293.333333 294.333333   0.89 0.000   0.21 0.000 0.035 0.000000  0.06 0.000 0.014 0.000  0.214 0.000  0.299 0.000 999.99 0.259000   1.606 0.000  0.687 0.000  0.919 0.000 0.006 0.000 0.056 0.000
296.333333 297.333333   3.46 0.000   0.59 0.000 0.026 0.000000  0.38 0.000 0.106 0.000  1.110 0.000  1.554 0.000 999.99 0.259000   8.502 0.000  4.456 0.000  4.046 0.000 0.039 0.000 0.193 0.000
299.333333 300.333333  10.46 0.000   1.47 0.000 0.031 0.000000  0.29 0.000 0.090 0.000  1.735 0.000  2.428 0.000 999.99 0.259000   7.568 0.000  2.970 0.000  4.598 0.000 0.031 0.000 0.190 0.000
302.333333 303.333333   5.56 0.559   0.38 0.559 9.999 0.559259  0.39 0.559 0.025 0.000  1.335 0.000  1.869 0.000 999.99 0.559259   7.576 0.000  3.937 0.000  3.639 0.559 0.034 0.559 0.147 0.000
305.333333 306.333333  11.06 0.699   1.33 0.699 9.999 0.699259  0.21 0.699 0.194 0.000  3.130 0.000  4.381 0.000 999.99 0.699259   8.469 0.000  1.737 0.000  6.732 0.699 0.071 0.699 0.221 0.000
308.333333 309.333333  15.89 0.699   1.69 0.699 9.999 0.699259  0.41 0.699 0.257 0.000  4.089 0.000  5.724 0.000 999.99 0.699259  13.000 0.000  3.271 0.000  9.729 0.699 0.076 0.699 0.376 0.000
311.333333 312.333333  25.86 0.699   1.69 0.699 9.999 0.699259  1.32 0.699 0.191 0.000  3.697 0.000  5.176 0.000 999.99 0.699259   9.789 0.000  1.838 0.000  7.951 0.699 0.058 0.699 0.240 0.000
314.333333 315.333333   3.12 0.000   0.47 0.000 0.039 0.000000  0.15 0.000 0.031 0.000  0.834 0.000  1.168 0.000 999.99 0.259000   7.544 0.000  3.264 0.000  4.280 0.000 0.029 0.000 0.136 0.000
317.333333 318.333333  22.03 0.699   1.12 0.699 9.999 0.699259  0.16 0.699 0.101 0.000  3.485 0.000  4.878 0.000 999.99 0.699259   8.923 0.000  0.971 0.000  7.952 0.699 0.078 0.699 0.254 0.000
320.333333 321.333333   0.47 0.559   0.38 0.559 0.024 0.559000  0.10 0.559 9.999 0.259  0.436 0.000  0.611 0.000   2.04 0.559000   1.422 0.000  0.607 0.000  0.815 0.559 0.008 0.559 0.013 0.000
323.333333 324.333333   1.93 0.000   0.45 0.000 9.999 0.259000  0.20 0.000 0.046 0.000  0.659 0.000  0.923 0.000 999.99 0.259000   2.510 0.000  0.679 0.000  1.831 0.000 0.011 0.000 0.074 0.000
326.333333 327.333333   1.55 0.000   0.98 0.000 9.999 0.259000 99.99 0.259 0.022 0.000  0.668 0.000  0.935 0.000 999.99 0.259000   1.705 0.000  0.016 0.000  1.689 0.000 0.017 0.000 0.043 0.000
329.333333 330.333333   2.59 0.000   0.46 0.000 0.023 0.000000  0.10 0.000 0.042 0.000  0.355 0.000  0.497 0.000 999.99 0.259000   2.079 0.000  0.690 0.000  1.389 0.000 0.008 0.000 0.068 0.000
332.333333 333.333333   1.60 0.000   0.36 0.000 0.014 0.000000  0.34 0.000 0.017 0.000  0.462 0.000  0.647 0.000 999.99 0.259000   1.405 0.000 99.999 0.259  1.419 0.000 0.009 0.000 0.056 0.000
335.333333 336.333333   0.75 0.000   0.24 0.000 0.047 0.000000 99.99 0.259 0.012 0.000  0.765 0.000  1.071 0.000   3.98 0.000000   1.891 0.000  0.531 0.000  1.360 0.000 0.022 0.000 0.032 0.000
338.333333 339.333333   0.35 0.000   0.19 0.000 9.999 0.259000  0.05 0.000 0.006 0.000  0.198 0.000  0.277 0.000 999.99 0.259000   0.499 0.000  0.053 0.000  0.446 0.000 0.004 0.000 0.009 0.000
341.333333 342.333333   1.44 0.000   0.27 0.000 9.999 0.259000  0.18 0.000 0.020 0.000  0.571 0.000  0.800 0.000 999.99 0.259000   1.580 0.000  0.272 0.000  1.308 0.000 0.008 0.000 0.082 0.000
344.333333 345.333333   1.21 0.000   0.34 0.000 9.999 0.259000  0.05 0.000 0.015 0.000  0.582 0.000  0.815 0.000 999.99 0.259000   0.790 0.000 99.999 0.259  0.832 0.000 0.008 0.000 0.023 0.000
347.333333 348.333333   1.70 0.000   0.22 0.000 9.999 0.259000  0.10 0.000 0.018 0.000  0.314 0.000  0.439 0.000 999.99 0.259000   1.673 0.000  0.559 0.000  1.115 0.000 0.014 0.000 0.030 0.000
350.333333 351.333333   6.18 0.000   0.66 0.000 9.999 0.259000  0.15 0.000 0.046 0.000  0.750 0.000  1.050 0.000 999.99 0.259000   2.869 0.000  1.080 0.000  1.789 0.000 0.017 0.000 0.081 0.000
353.333333 354.333333   3.45 0.000   0.77 0.000 0.024 0.000000  0.44 0.000 0.041 0.000  1.228 0.000  1.719 0.000 999.99 0.259000   2.273 0.000  0.137 0.000  2.137 0.000 0.017 0.000 0.070 0.000
356.333333 357.333333   5.29 0.000   0.43 0.000 9.999 0.259000 99.99 0.259 0.013 0.000  0.628 0.000  0.880 0.000 999.99 0.259000   1.387 0.000  0.285 0.000  1.101 0.000 0.008 0.000 0.037 0.000
359.333333 360.333333   0.48 0.000   0.25 0.000 9.999 0.259000  0.05 0.000 0.028 0.000  0.178 0.000  0.249 0.000   1.02 0.000000   1.255 0.000  0.607 0.000  0.648 0.000 0.005 0.000 0.046 0.000
362.333333 363.333333   3.69 0.000   0.25 0.000 9.999 0.259000  0.25 0.000 0.054 0.000  0.546 0.000  0.765 0.000 999.99 0.259000   2.315 0.000  0.829 0.000  1.486 0.000 0.012 0.000 0.080 0.000
