scripts/IMPROVE-2019_partial/data/US9040R.19930102080000.20191216000000.filterpack...1y.3d.US03L_filterpack_US9040.US03L_IMPROVE_Davis.lev2.nas
51 1001
MISSING INFORMATION
US03L, IMPROVE, , , , , , , 
MISSING INFORMATION
IMPROVE sel_HTAP
1 1
1993 01 01 2019 12 16
0
days from file reference point
4
1 1 1 1
999.999999 9999.999 999.999 9.999
end_time of measurement, days from the file reference point
pm10_mass, ug/m3, Matrix=pm10
pm25_mass, ug/m3, Matrix=pm25
numflag, no unit
0
33
Data definition:              EBAS_1.1
Set type code:                TI
Timezone:                     UTC
File name:                    US9040R.19930102080000.20191216000000.filterpack...1y.3d.US03L_filterpack_US9040.US03L_IMPROVE_Davis.lev2.nas
File creation:                20191218120803
Startdate:                    19930102080000
Revision date:                20191216000000
Version:                      2
Version description:          "Data extracted from http://views.cira.colostate.edu/fed/DataWizard 2019-12-16"
Statistics:                   arithmetic mean
Data level:                   2
Period code:                  1y
Resolution code:              3d
Sample duration:              1d
Orig. time res.:              3d
Station code:                 US9040R
Platform code:                US9040S
Station name:                 South Lake Tahoe
Station latitude:             38.9333
Station longitude:            -119.9667
Station altitude:             1900.0 m
Regime:                       IMG
Component:                    
Unit:                         ug/m3
Matrix:                       
Laboratory code:              US03L
Instrument type:              filterpack
Instrument name:              filterpack_US9040
Method ref:                   US03L_IMPROVE_Davis
Blank correction:             Blank corrected
Volume std. temperature:      ambient
Volume std. pressure:         ambient
starttime endtime PM10 PM2.5 flag
  1.333333   2.333333   29.962  28.125 0.000
  5.333333   6.333333   21.306  18.791 0.000
  8.333333   9.333333    8.755   8.007 0.000
 12.333333  13.333333    6.667   5.962 0.000
 15.333333  16.333333   12.659  10.615 0.000
 19.333333  20.333333    2.538   2.095 0.000
 22.333333  23.333333   53.611  25.994 0.000
 26.333333  27.333333   63.547  30.900 0.000
 29.333333  30.333333    7.663   3.260 0.000
 33.333333  34.333333   48.415  24.984 0.000
 36.333333  37.333333   30.345  20.762 0.000
 40.333333  41.333333   20.902   7.355 0.000
 43.333333  44.333333  111.538  27.987 0.000
 47.333333  48.333333    7.205   4.658 0.000
 50.333333  51.333333    5.320   2.677 0.000
 54.333333  55.333333    6.207   6.166 0.000
 57.333333  58.333333    9.572   7.405 0.000
 61.333333  62.333333   20.992   8.248 0.000
 64.333333  65.333333   41.515  12.764 0.000
 68.333333  69.333333   55.625  15.093 0.000
 71.333333  72.333333   22.689   6.523 0.000
 75.333333  76.333333    5.731   2.650 0.000
 78.333333  79.333333   29.577   9.432 0.000
 82.333333  83.333333    8.598   4.259 0.000
 85.333333  86.333333    8.750   5.426 0.000
 89.333333  90.333333   25.623  11.429 0.000
 92.333333  93.333333   23.716   6.540 0.000
 96.333333  97.333333   28.702  12.006 0.000
 99.333333 100.333333   20.116   6.943 0.000
103.333333 104.333333   16.370   6.575 0.000
106.333333 107.333333    7.690   2.788 0.000
110.333333 111.333333   10.468   5.356 0.000
113.333333 114.333333    5.502   3.003 0.000
117.333333 118.333333   18.872   9.236 0.000
120.333333 121.333333   24.275   9.342 0.000
124.333333 125.333333    8.592   5.446 0.000
127.333333 128.333333   12.825   7.422 0.000
131.333333 132.333333    9.787   4.799 0.000
134.333333 135.333333   14.572   7.306 0.000
138.333333 139.333333 9999.999   7.250 0.000
141.333333 142.333333    9.091   4.164 0.000
145.333333 146.333333    9.353   5.327 0.000
148.333333 149.333333   11.341   5.327 0.000
152.333333 153.333333    6.703   3.793 0.000
155.333333 156.333333    5.720   3.540 0.000
159.333333 160.333333   10.209   4.802 0.000
162.333333 163.333333   16.749   4.740 0.000
166.333333 167.333333   10.034   4.024 0.000
169.333333 170.333333   14.377   6.455 0.000
173.333333 174.333333    9.184   3.858 0.000
176.333333 177.333333   15.370   5.933 0.000
180.333333 181.333333   11.773   6.196 0.000
183.333333 184.333333   24.249   6.104 0.000
187.333333 188.333333   17.958   6.616 0.000
190.333333 191.333333   14.190   5.498 0.000
194.333333 195.333333   19.685   8.926 0.000
197.333333 198.333333   11.403   5.920 0.000
201.333333 202.333333 9999.999 999.999 0.999
204.333333 205.333333   11.500   4.414 0.000
208.333333 209.333333   17.629   9.939 0.000
211.333333 212.333333   20.780   7.055 0.000
215.333333 216.333333   15.401   5.505 0.000
218.333333 219.333333   16.509   4.386 0.000
222.333333 223.333333   16.000   8.287 0.000
225.333333 226.333333   17.826   8.411 0.000
229.333333 230.333333   17.770   7.568 0.000
232.333333 233.333333   14.912   5.714 0.000
236.333333 237.333333   18.790   7.469 0.000
239.333333 240.333333   18.278   7.422 0.000
243.333333 244.333333   13.701   6.025 0.000
246.333333 247.333333   19.777   9.317 0.000
250.333333 251.333333   16.812   9.154 0.000
253.333333 254.333333   14.701   4.543 0.000
257.333333 258.333333   25.618  13.070 0.000
260.333333 261.333333   12.548   6.281 0.000
264.333333 265.333333   16.886   9.719 0.000
267.333333 268.333333   17.396   8.137 0.000
271.333333 272.333333   21.498   9.172 0.000
274.333333 275.333333   20.980   8.924 0.000
278.333333 279.333333   15.731  10.032 0.000
281.333333 282.333333   15.403   9.079 0.000
285.333333 286.333333   12.500   7.873 0.000
288.333333 289.333333    8.214   4.858 0.000
292.333333 293.333333   18.045  11.254 0.000
295.333333 296.333333   18.421  11.630 0.000
299.333333 300.333333   19.811  10.854 0.000
302.333333 303.333333   19.269  11.266 0.000
306.333333 307.333333   19.925  14.357 0.000
309.333333 310.333333   22.326  14.389 0.000
313.333333 314.333333   17.786  10.637 0.000
316.333333 317.333333   18.960   7.484 0.000
320.333333 321.333333   21.284  12.006 0.000
323.333333 324.333333   27.925  16.149 0.000
327.333333 328.333333   45.703  24.951 0.000
330.333333 331.333333   37.429  21.889 0.000
334.333333 335.333333   29.120  12.692 0.000
337.333333 338.333333   22.440  10.481 0.000
341.333333 342.333333    7.218   3.410 0.000
344.333333 345.333333    8.750   3.453 0.000
348.333333 349.333333    6.735   5.537 0.000
351.333333 352.333333   52.658  19.805 0.000
355.333333 356.333333   68.854  16.861 0.000
358.333333 359.333333   52.327  27.929 0.000
362.333333 363.333333   51.186  33.107 0.000
