scripts/IMPROVE-2019_partial/data/US9035R.20010101070000.20191216000000.filterpack..pm25.52w.1w.US03L_filterpack_US9035.US03L_IMPROVE_Davis.lev2.nas
64 1001
MISSING INFORMATION
US03L, IMPROVE, , , , , , , 
MISSING INFORMATION
IMPROVE sel_HTAP
1 1
2001 01 01 2019 12 16
3.000000
days from file reference point
25
1 1 1 1 1 1 1 1 1 1 1 1 1 1 1 1 1 1 1 1 1 1 1 1 1
999.999999 99999.99 9.999 99.99 9.999999 9.999 9.999999 99.99 9.999999 9.999 9.999 99.999 9.999 99.999 9.999 999.999 9.999 999.999 9.999 999.999 9.999 9.999 9.999 9.999 9.999
end_time of measurement, days from the file reference point
iron, ng/m3, Revision date=20181210133000
numflag iron, no unit, Revision date=20181210133000
lead, ng/m3, Revision date=20181210133000
numflag lead, no unit, Revision date=20181210133000
magnesium, ug/m3, Revision date=20181210133000
numflag magnesium, no unit, Revision date=20181210133000
nickel, ng/m3, Revision date=20181210133000
numflag nickel, no unit, Revision date=20181210133000
nitrate, ug N/m3, Revision date=20181210133000
numflag nitrate, no unit, Revision date=20181210133000
organic_carbon, ug C/m3, Revision date=20181210133000
numflag organic_carbon, no unit, Revision date=20181210133000
organic_mass, ug/m3, Revision date=20181210133000
numflag organic_mass, no unit, Revision date=20181210133000
pm10_mass, ug/m3, Version=2, Version description=Data extracted from http://views.cira.colostate.edu/fed/DataWizard 2019-12-16, Sample duration=1d, Orig. time res.=3d, Matrix=pm10, Blank correction=Blank corrected, Volume std. temperature=ambient, Volume std. pressure=ambient
numflag pm10_mass, no unit, Version=2, Version description=Data extracted from http://views.cira.colostate.edu/fed/DataWizard 2019-12-16, Sample duration=1d, Orig. time res.=3d, Matrix=pm10, Blank correction=Blank corrected, Volume std. temperature=ambient, Volume std. pressure=ambient
pm10_pm25_mass, ug/m3, Revision date=20181210133000, Matrix=pm10_pm25
numflag pm10_pm25_mass, no unit, Revision date=20181210133000, Matrix=pm10_pm25
pm25_mass, ug/m3, Version=2, Version description=Data extracted from http://views.cira.colostate.edu/fed/DataWizard 2019-12-16, Sample duration=1d, Orig. time res.=3d, Blank correction=Blank corrected, Volume std. temperature=ambient, Volume std. pressure=ambient
numflag pm25_mass, no unit, Version=2, Version description=Data extracted from http://views.cira.colostate.edu/fed/DataWizard 2019-12-16, Sample duration=1d, Orig. time res.=3d, Blank correction=Blank corrected, Volume std. temperature=ambient, Volume std. pressure=ambient
potassium, ug/m3, Revision date=20181210133000
numflag potassium, no unit, Revision date=20181210133000
sulphate_total, ug S/m3, Revision date=20181210133000
numflag sulphate_total, no unit, Revision date=20181210133000
0
25
Data definition:              EBAS_1.1
Set type code:                TU
Timezone:                     UTC
File name:                    US9035R.20010101070000.20191216000000.filterpack..pm25.52w.1w.US03L_filterpack_US9035.US03L_IMPROVE_Davis.lev2.nas
File creation:                20191218120738
Startdate:                    20010101070000
Revision date:                20191216000000
Statistics:                   arithmetic mean
Data level:                   2
Period code:                  52w
Resolution code:              1w
Station code:                 US9035R
Platform code:                US9035S
Station name:                 Sycamore Canyon
Station latitude:             35.1406
Station longitude:            -111.9692
Station altitude:             2046.0 m
Regime:                       IMG
Component:                    
Matrix:                       pm25
Laboratory code:              US03L
Instrument type:              filterpack
Instrument name:              filterpack_US9035
Method ref:                   US03L_IMPROVE_Davis
starttime endtime Fe flag_Fe Pb flag_Pb Mg++ flag_Mg++ Ni flag_Ni NO3- flag_NO3- OC flag_OC OM flag_OM PM10 flag_PM10 PM10-PM2.5 flag_PM10-PM2.5 PM2.5 flag_PM2.5 K+ flag_K+ SO4-- flag_SO4--
[from data line 87]
261.291667 262.291667   123.74 0.000  0.27 0.000000 9.999 0.259000 99.99 0.259000 0.021 0.000  0.755 0.000  1.057 0.000  10.848 0.000   7.507 0.000   3.341 0.000 0.030 0.000 0.165 0.000
264.291667 265.291667   231.82 0.559  0.63 0.559000 9.999 0.559259 99.99 0.559259 0.017 0.000  1.276 0.000  1.787 0.000  12.368 0.000   7.626 0.000   4.742 0.559 0.048 0.559 0.141 0.000
267.291667 268.291667   240.48 0.000  0.66 0.000000 9.999 0.259000 99.99 0.259000 0.021 0.559  1.361 0.000  1.905 0.000  15.492 0.000   9.099 0.000   6.392 0.000 0.050 0.000 0.292 0.559
270.291667 271.291667   846.70 0.000  1.24 0.000000 9.999 0.259000 99.99 0.259000 0.034 0.559  6.901 0.000  9.662 0.000  39.659 0.000  17.398 0.000  22.260 0.000 0.129 0.000 0.145 0.559
273.291667 274.291667   117.52 0.000  0.69 0.000000 9.999 0.259000 99.99 0.259000 0.024 0.000  1.335 0.000  1.868 0.000  13.437 0.000   7.368 0.000   6.069 0.000 0.044 0.000 0.531 0.000
276.291667 277.291667   247.13 0.000  0.91 0.000000 9.999 0.259000 99.99 0.259000 0.043 0.000  1.164 0.000  1.629 0.000  14.382 0.000   7.949 0.000   6.433 0.000 0.081 0.000 0.329 0.000
279.291667 280.291667    15.37 0.000 99.99 0.259000 9.999 0.259000 99.99 0.259000 0.016 0.559  0.705 0.000  0.987 0.000   1.819 0.000   0.221 0.000   1.598 0.000 0.008 0.000 0.080 0.559
282.291667 283.291667 99999.99 0.999 99.99 0.999000 9.999 0.999000 99.99 0.999000 9.999 0.999 99.999 0.999 99.999 0.999 999.999 0.999 999.999 0.999 999.999 0.999 9.999 0.999 9.999 0.999
285.291667 286.291667 99999.99 0.999 99.99 0.999000 9.999 0.999000 99.99 0.999000 9.999 0.999 99.999 0.999 99.999 0.999 999.999 0.999 999.999 0.999 999.999 0.999 9.999 0.999 9.999 0.999
288.291667 289.291667 99999.99 0.999 99.99 0.999000 9.999 0.999000 99.99 0.999000 9.999 0.999 99.999 0.999 99.999 0.999 999.999 0.999 999.999 0.999 999.999 0.999 9.999 0.999 9.999 0.999
291.291667 292.291667 99999.99 0.999 99.99 0.999000 9.999 0.999000 99.99 0.999000 9.999 0.999 99.999 0.999 99.999 0.999 999.999 0.999 999.999 0.999 999.999 0.999 9.999 0.999 9.999 0.999
294.291667 295.291667 99999.99 0.999 99.99 0.999000 9.999 0.999000 99.99 0.999000 9.999 0.999 99.999 0.999 99.999 0.999 999.999 0.999 999.999 0.999 999.999 0.999 9.999 0.999 9.999 0.999
297.291667 298.291667   438.09 0.000  0.75 0.000000 9.999 0.259000 99.99 0.259000 0.025 0.000  2.212 0.000  3.098 0.000  21.040 0.000  12.967 0.000   8.073 0.000 0.073 0.000 0.091 0.000
300.291667 301.291667   333.00 0.000  1.55 0.000000 9.999 0.259000 99.99 0.259000 0.039 0.000  1.559 0.000  2.183 0.000  18.146 0.000   9.535 0.000   8.611 0.000 0.085 0.000 0.503 0.000
303.291667 304.291667    44.93 0.000  0.85 0.000000 9.999 0.259000 99.99 0.259000 0.033 0.000  0.581 0.000  0.814 0.000   5.506 0.000   2.647 0.000   2.860 0.000 0.026 0.000 0.281 0.000
306.291667 307.291667    61.23 0.559  0.73 0.559000 9.999 0.559259  0.05 0.559000 0.041 0.000  2.682 0.000  3.755 0.000   8.805 0.000   3.836 0.000   4.968 0.559 0.022 0.559 0.244 0.000
309.291667 310.291667    39.13 0.000  0.37 0.000000 9.999 0.259000  0.15 0.000000 0.035 0.559  1.102 0.000  1.543 0.000   5.828 0.000   1.626 0.000   4.202 0.000 0.020 0.000 0.428 0.559
312.291667 313.291667    74.36 0.000  1.03 0.000000 9.999 0.259000 99.99 0.259000 0.037 0.000  1.305 0.000  1.827 0.000  10.766 0.000   5.514 0.000   5.252 0.000 0.040 0.000 0.504 0.000
315.291667 316.291667   115.91 0.000  1.52 0.000000 9.999 0.259000 99.99 0.259000 0.037 0.000  1.119 0.000  1.566 0.000   9.135 0.000   4.751 0.000   4.384 0.000 0.034 0.000 0.319 0.000
318.291667 319.291667   235.63 0.000  0.73 0.000000 9.999 0.259000 99.99 0.259000 0.033 0.000  1.555 0.000  2.177 0.000  11.698 0.000   5.815 0.000   5.883 0.000 0.042 0.000 0.244 0.000
321.291667 322.291667   324.61 0.559  1.11 0.559000 9.999 0.559259 99.99 0.559259 0.026 0.000  1.234 0.000  1.727 0.000  15.873 0.000   7.625 0.000   8.248 0.559 0.043 0.559 0.254 0.000
324.291667 325.291667 99999.99 0.999 99.99 0.999000 9.999 0.999000 99.99 0.999000 9.999 0.999 99.999 0.999 99.999 0.999 999.999 0.999 999.999 0.999 999.999 0.999 9.999 0.999 9.999 0.999
327.291667 328.291667 99999.99 0.999 99.99 0.999000 9.999 0.999000 99.99 0.999000 9.999 0.999 99.999 0.999 99.999 0.999 999.999 0.999 999.999 0.999 999.999 0.999 9.999 0.999 9.999 0.999
330.291667 331.291667 99999.99 0.999 99.99 0.999000 9.999 0.999000 99.99 0.999000 9.999 0.999 99.999 0.999 99.999 0.999 999.999 0.999 999.999 0.999 999.999 0.999 9.999 0.999 9.999 0.999
333.291667 334.291667    21.35 0.559  0.54 0.559000 9.999 0.559259 99.99 0.559259 0.059 0.000  0.516 0.000  0.723 0.000   3.033 0.000   1.013 0.000   2.021 0.559 0.021 0.559 0.144 0.000
336.291667 337.291667    29.57 0.000  1.60 0.000000 9.999 0.259000  0.07 0.000000 0.047 0.000  0.650 0.000  0.910 0.000   4.496 0.000   2.366 0.000   2.130 0.000 0.023 0.000 0.148 0.000
339.291667 340.291667    41.50 0.000 99.99 0.259000 0.042 0.000000 99.99 0.259000 0.017 0.559  1.064 0.000  1.490 0.000   3.023 0.000   0.718 0.000   2.305 0.000 0.014 0.000 0.053 0.559
342.291667 343.291667    35.69 0.000  0.65 0.000000 9.999 0.259000 99.99 0.259000 0.017 0.559  0.744 0.000  1.042 0.000   2.819 0.000   0.812 0.000   2.006 0.000 0.010 0.000 0.074 0.559
345.291667 346.291667    16.82 0.000  0.83 0.000000 9.999 0.259000 99.99 0.259000 0.052 0.559  0.470 0.000  0.658 0.000   1.571 0.000   0.212 0.000   1.359 0.000 0.010 0.000 0.102 0.559
348.291667 349.291667     9.42 0.000  0.90 0.000000 9.999 0.259000  0.12 0.000000 0.038 0.559  1.787 0.000  2.502 0.000   3.679 0.000 999.999 0.259   3.737 0.000 0.011 0.000 0.098 0.559
351.291667 352.291667    42.65 0.000  0.37 0.000000 9.999 0.259000 99.99 0.259000 0.016 0.000  0.651 0.000  0.912 0.000   2.273 0.000   0.931 0.000   1.342 0.000 0.012 0.000 0.054 0.000
354.291667 355.291667    17.27 0.000  0.94 0.000000 9.999 0.259000  0.11 0.000000 0.252 0.559  0.636 0.000  0.891 0.000   3.927 0.000   2.140 0.000   1.787 0.000 0.033 0.000 0.083 0.559
357.291667 358.291667     9.48 0.000  0.24 0.000000 9.999 0.259000 99.99 0.259000 0.018 0.559  0.407 0.000  0.570 0.000   1.157 0.000   0.392 0.000   0.765 0.000 0.006 0.000 0.057 0.559
360.291667 361.291667    18.44 0.000  0.76 0.000000 9.999 0.259000 99.99 0.259000 9.999 0.259  0.469 0.000  0.657 0.000   1.860 0.000   1.125 0.000   0.736 0.000 0.008 0.000 0.028 0.000
363.291667 364.291667     2.89 0.000  0.19 0.000000 9.999 0.259000 99.99 0.259000 0.022 0.559  0.788 0.000  1.104 0.000   0.951 0.000   0.221 0.000   0.730 0.000 0.003 0.000 0.017 0.559
