scripts/IMPROVE-2019_partial/data/US9075R.20020102070000.20191216000000.filterpack..pm25.52w.1w.US03L_filterpack_US9075.US03L_IMPROVE_Davis.lev2.nas
66 1001
MISSING INFORMATION
US03L, IMPROVE, , , , , , , 
MISSING INFORMATION
IMPROVE sel_HTAP
1 1
2002 01 01 2019 12 16
3.000000
days from file reference point
27
1 1 1 1 1 1 1 1 1 1 1 1 1 1 1 1 1 1 1 1 1 1 1 1 1 1 1
999.999999 9999.99 9.999999 99.99 9.999999 9.999 9.999999999 9.99 9.999999 9.999 9.999999 99.999 9.999 99.999 9.999 999.99 9.999999999 999.999 9.999 999.999 9.999 999.999 9.999 9.999 9.999999 9.999 9.999999
end_time of measurement, days from the file reference point
iron, ng/m3, Revision date=20181210133000
numflag iron, no unit, Revision date=20181210133000
lead, ng/m3, Revision date=20181210133000
numflag lead, no unit, Revision date=20181210133000
magnesium, ug/m3, Revision date=20181210133000
numflag magnesium, no unit, Revision date=20181210133000
nickel, ng/m3, Revision date=20181210133000
numflag nickel, no unit, Revision date=20181210133000
nitrate, ug N/m3, Revision date=20181210133000
numflag nitrate, no unit, Revision date=20181210133000
organic_carbon, ug C/m3, Revision date=20181210133000
numflag organic_carbon, no unit, Revision date=20181210133000
organic_mass, ug/m3, Revision date=20181210133000
numflag organic_mass, no unit, Revision date=20181210133000
phosphorus, ng/m3, Revision date=20181210133000
numflag phosphorus, no unit, Revision date=20181210133000
pm10_mass, ug/m3, Version=2, Version description=Data extracted from http://views.cira.colostate.edu/fed/DataWizard 2019-12-16, Sample duration=1d, Orig. time res.=3d, Matrix=pm10, Blank correction=Blank corrected, Volume std. temperature=ambient, Volume std. pressure=ambient
numflag pm10_mass, no unit, Version=2, Version description=Data extracted from http://views.cira.colostate.edu/fed/DataWizard 2019-12-16, Sample duration=1d, Orig. time res.=3d, Matrix=pm10, Blank correction=Blank corrected, Volume std. temperature=ambient, Volume std. pressure=ambient
pm10_pm25_mass, ug/m3, Revision date=20181210133000, Matrix=pm10_pm25
numflag pm10_pm25_mass, no unit, Revision date=20181210133000, Matrix=pm10_pm25
pm25_mass, ug/m3, Version=2, Version description=Data extracted from http://views.cira.colostate.edu/fed/DataWizard 2019-12-16, Sample duration=1d, Orig. time res.=3d, Blank correction=Blank corrected, Volume std. temperature=ambient, Volume std. pressure=ambient
numflag pm25_mass, no unit, Version=2, Version description=Data extracted from http://views.cira.colostate.edu/fed/DataWizard 2019-12-16, Sample duration=1d, Orig. time res.=3d, Blank correction=Blank corrected, Volume std. temperature=ambient, Volume std. pressure=ambient
potassium, ug/m3, Revision date=20181210133000
numflag potassium, no unit, Revision date=20181210133000
sulphate_total, ug S/m3, Revision date=20181210133000
numflag sulphate_total, no unit, Revision date=20181210133000
0
25
Data definition:              EBAS_1.1
Set type code:                TU
Timezone:                     UTC
File name:                    US9075R.20020102070000.20191216000000.filterpack..pm25.52w.1w.US03L_filterpack_US9075.US03L_IMPROVE_Davis.lev2.nas
File creation:                20191218121040
Startdate:                    20020102070000
Revision date:                20191216000000
Statistics:                   arithmetic mean
Data level:                   2
Period code:                  52w
Resolution code:              1w
Station code:                 US9075R
Platform code:                US9075S
Station name:                 Zion
Station latitude:             37.4591
Station longitude:            -113.2243
Station altitude:             1545.0 m
Regime:                       IMG
Component:                    
Matrix:                       pm25
Laboratory code:              US03L
Instrument type:              filterpack
Instrument name:              filterpack_US9075
Method ref:                   US03L_IMPROVE_Davis
starttime endtime Fe flag_Fe Pb flag_Pb Mg++ flag_Mg++ Ni flag_Ni NO3- flag_NO3- OC flag_OC OM flag_OM P flag_P PM10 flag_PM10 PM10-PM2.5 flag_PM10-PM2.5 PM2.5 flag_PM2.5 K+ flag_K+ SO4-- flag_SO4--
  1.291667   2.291667 9999.99 0.999000 99.99 0.999000 9.999 0.999000000 9.99 0.999000 9.999 0.999000 99.999 0.999 99.999 0.999 999.99 0.999000000 999.999 0.999 999.999 0.999 999.999 0.999 9.999 0.999000 9.999 0.999000
  4.291667   5.291667    8.39 0.000000  0.36 0.000000 9.999 0.259000000 9.99 0.259000 0.044 0.559000  0.228 0.000  0.319 0.000 999.99 0.259000000   2.495 0.000   1.516 0.000   0.979 0.000 0.011 0.000000 0.040 0.559000
  7.291667   8.291667    7.63 0.000000  0.32 0.000000 9.999 0.259000000 9.99 0.259000 0.008 0.559000  0.326 0.000  0.456 0.000 999.99 0.259000000   2.297 0.000   1.428 0.000   0.869 0.000 0.005 0.000000 0.029 0.559000
 10.291667  11.291667    4.49 0.000000 99.99 0.259000 9.999 0.259000000 9.99 0.259000 0.024 0.559000  0.297 0.000  0.416 0.000 999.99 0.259000000   2.578 0.000   1.426 0.000   1.152 0.000 0.003 0.000000 0.127 0.559000
 13.291667  14.291667    6.94 0.000000  0.33 0.000000 9.999 0.259000000 9.99 0.259000 0.076 0.000000  0.341 0.000  0.478 0.000 999.99 0.259000000   2.412 0.000   1.392 0.000   1.019 0.000 0.005 0.000000 0.066 0.000000
 16.291667  17.291667    8.15 0.000000  0.40 0.000000 9.999 0.259000000 9.99 0.259000 0.154 0.559000  0.307 0.000  0.430 0.000 999.99 0.259000000   3.556 0.000   1.758 0.000   1.798 0.000 0.008 0.000000 0.104 0.559000
 19.291667  20.291667    6.81 0.000000  0.33 0.000000 9.999 0.259000000 9.99 0.259000 0.085 0.000000  0.155 0.000  0.217 0.000 999.99 0.259000000   2.287 0.000   1.526 0.000   0.761 0.000 0.005 0.000000 0.060 0.000000
 22.291667  23.291667    9.77 0.000000  0.75 0.000000 9.999 0.259000000 9.99 0.259000 0.150 0.559000  0.285 0.000  0.399 0.000 999.99 0.259000000   3.389 0.000   1.606 0.000   1.783 0.000 0.010 0.000000 0.096 0.559000
 25.291667  26.291667   15.22 0.000000  0.60 0.000000 9.999 0.259000000 9.99 0.259000 0.015 0.559000  0.233 0.000  0.326 0.000 999.99 0.259000000   3.431 0.000   1.992 0.000   1.439 0.000 0.015 0.000000 0.096 0.559000
 28.291667  29.291667    4.73 0.000000  0.28 0.000000 9.999 0.259000000 9.99 0.259000 0.197 0.559000  0.173 0.000  0.243 0.000 999.99 0.259000000   3.852 0.000   2.276 0.000   1.576 0.000 0.005 0.000000 0.118 0.559000
 31.291667  32.291667    7.60 0.000000  0.46 0.000000 9.999 0.259000000 9.99 0.259000 0.095 0.559000  0.200 0.000  0.281 0.000 999.99 0.259000000   3.054 0.000   1.882 0.000   1.172 0.000 0.006 0.000000 0.051 0.559000
 34.291667  35.291667   15.84 0.000000  1.00 0.000000 9.999 0.259000000 9.99 0.259000 0.874 0.559000  0.543 0.000  0.760 0.000 999.99 0.259000000  10.166 0.000   4.218 0.000   5.948 0.000 0.014 0.000000 0.129 0.559000
 37.291667  38.291667   12.24 0.000000  0.30 0.000000 9.999 0.259000000 9.99 0.259000 0.052 0.559000  0.185 0.000  0.259 0.000 999.99 0.259000000   2.911 0.000   1.632 0.000   1.279 0.000 0.009 0.000000 0.068 0.559000
 40.291667  41.291667   11.49 0.000000  0.60 0.000000 9.999 0.259000000 9.99 0.259000 0.213 0.559000  0.229 0.000  0.321 0.000 999.99 0.259000000   3.932 0.000   2.413 0.000   1.519 0.000 0.007 0.000000 0.068 0.559000
 43.291667  44.291667   30.03 0.000000  1.05 0.000000 9.999 0.259000000 9.99 0.259000 0.241 0.559000  0.269 0.000  0.376 0.000 999.99 0.259000000   6.529 0.000   3.886 0.000   2.643 0.000 0.023 0.000000 0.160 0.559000
 46.291667  47.291667   21.78 0.000000  0.84 0.000000 9.999 0.259000000 9.99 0.259000 0.039 0.559000  0.213 0.000  0.298 0.000 999.99 0.259000000   4.283 0.000   2.418 0.000   1.865 0.000 0.016 0.000000 0.134 0.559000
 49.291667  50.291667   14.34 0.000000  0.51 0.000000 9.999 0.259000000 9.99 0.259000 0.300 0.559000  0.548 0.000  0.767 0.000 999.99 0.259000000   6.135 0.000   3.096 0.000   3.039 0.000 0.014 0.000000 0.182 0.559000
 52.291667  53.291667   13.83 0.000000  0.42 0.000000 9.999 0.259000000 9.99 0.259000 0.008 0.559000  0.099 0.000  0.139 0.000 999.99 0.259000000   2.661 0.000   1.665 0.000   0.997 0.000 0.010 0.000000 0.053 0.559000
 55.291667  56.291667   19.76 0.000000  0.44 0.000000 9.999 0.259000000 9.99 0.259000 0.023 0.559000  0.088 0.000  0.123 0.000 999.99 0.259000000   5.073 0.000   3.727 0.000   1.346 0.000 0.014 0.000000 0.082 0.559000
 58.291667  59.291667   78.91 0.000000  0.41 0.000000 9.999 0.259000000 9.99 0.259000 0.063 0.559000  0.362 0.000  0.507 0.000 999.99 0.259000000  20.293 0.000  16.036 0.000   4.256 0.000 0.061 0.000000 0.111 0.559000
 61.291667  62.291667   17.31 0.000000  0.41 0.000000 9.999 0.259000000 0.13 0.000000 0.098 0.559000  0.235 0.000  0.330 0.000 999.99 0.259000000   4.434 0.000   2.087 0.000   2.347 0.000 0.014 0.000000 0.176 0.559000
 64.291667  65.291667   47.60 0.000000  0.84 0.000000 9.999 0.259000000 0.17 0.000000 0.134 0.000000  0.415 0.000  0.581 0.000 999.99 0.259000000   7.859 0.000   4.883 0.000   2.976 0.000 0.044 0.000000 0.147 0.000000
 67.291667  68.291667   29.68 0.000000  0.65 0.000000 0.045 0.000000000 0.11 0.000000 0.019 0.000000  0.171 0.000  0.239 0.000 999.99 0.259000000   4.158 0.000   2.407 0.000   1.752 0.000 0.019 0.000000 0.135 0.000000
 70.291667  71.291667   13.35 0.000000  0.38 0.000000 9.999 0.259000000 9.99 0.259000 0.008 0.000000  0.176 0.000  0.247 0.000 999.99 0.259000000   2.924 0.000   1.867 0.000   1.057 0.000 0.010 0.000000 0.049 0.000000
 73.291667  74.291667    8.92 0.000000  0.20 0.000000 9.999 0.259000000 9.99 0.259000 0.080 0.000000  0.231 0.000  0.323 0.000 999.99 0.259000000   3.535 0.000   2.530 0.000   1.005 0.000 0.005 0.000000 0.054 0.000000
 76.291667  77.291667   23.66 0.000000  0.75 0.000000 9.999 0.259000000 0.12 0.000000 0.193 0.000000  0.330 0.000  0.461 0.000 999.99 0.259000000   5.032 0.000   1.559 0.000   3.472 0.000 0.017 0.000000 0.197 0.000000
 79.291667  80.291667   19.18 0.000000  0.45 0.000000 9.999 0.259000000 9.99 0.259000 0.009 0.000000  0.187 0.000  0.262 0.000 999.99 0.259000000   3.844 0.000   2.431 0.000   1.413 0.000 0.013 0.000000 0.090 0.000000
 82.291667  83.291667   14.14 0.000000  0.21 0.000000 9.999 0.259000000 0.10 0.000000 0.014 0.000000  0.184 0.000  0.258 0.000 999.99 0.259000000   1.653 0.000   0.937 0.000   0.716 0.000 0.009 0.000000 0.036 0.000000
 85.291667  86.291667   20.40 0.000000  0.51 0.000000 9.999 0.259000000 0.16 0.000000 0.017 0.000000  0.188 0.000  0.263 0.000 999.99 0.259000000   6.159 0.000   4.538 0.000   1.621 0.000 0.012 0.000000 0.088 0.000000
 88.291667  89.291667  146.35 0.559000  1.23 0.559000 9.999 0.559259000 0.08 0.559000 0.055 0.000000  0.395 0.000  0.553 0.000 999.99 0.559259000  22.313 0.000  15.004 0.000   7.308 0.559 0.101 0.559000 0.245 0.000000
 91.291667  92.291667  106.12 0.000000  1.28 0.000000 0.090 0.000000000 0.17 0.000000 0.033 0.000000  0.332 0.000  0.465 0.000  18.79 0.000000000  13.911 0.000   9.264 0.000   4.647 0.000 0.071 0.000000 0.167 0.000000
 94.291667  95.291667   46.17 0.000000  0.94 0.000000 9.999 0.259000000 0.16 0.000000 0.029 0.000000  0.238 0.000  0.334 0.000 999.99 0.259000000   7.273 0.000   4.093 0.000   3.180 0.000 0.037 0.000000 0.228 0.000000
 97.291667  98.291667   65.16 0.000000  0.98 0.000000 0.043 0.000000000 0.19 0.000000 0.039 0.000000  0.683 0.000  0.956 0.000 999.99 0.259000000   9.549 0.000   5.918 0.000   3.630 0.000 0.045 0.000000 0.198 0.000000
100.291667 101.291667   99.85 0.000000  0.61 0.000000 9.999 0.259000000 0.11 0.000000 0.051 0.000000  0.302 0.000  0.423 0.000 999.99 0.259000000  11.382 0.000   7.259 0.000   4.123 0.000 0.058 0.000000 0.150 0.000000
103.291667 104.291667   99.29 0.000000  0.86 0.000000 9.999 0.259000000 9.99 0.259000 0.043 0.000000  0.354 0.000  0.496 0.000 999.99 0.259000000  10.355 0.000   6.277 0.000   4.077 0.000 0.054 0.000000 0.185 0.000000
106.291667 107.291667   95.22 0.000000  0.61 0.000000 9.999 0.259000000 9.99 0.259000 0.104 0.000000  0.361 0.000  0.505 0.000 999.99 0.259000000  22.900 0.000  18.323 0.000   4.577 0.000 0.058 0.000000 0.195 0.000000
109.291667 110.291667   18.51 0.000000  0.38 0.000000 9.999 0.259000000 9.99 0.259000 0.076 0.000000  0.173 0.000  0.242 0.000 999.99 0.259000000   3.183 0.000   1.695 0.000   1.488 0.000 0.012 0.000000 0.148 0.000000
112.291667 113.291667  171.34 0.000000  2.77 0.000000 9.999 0.259000000 9.99 0.259000 0.077 0.000000  0.360 0.000  0.504 0.000 999.99 0.259000000  12.416 0.000   5.825 0.000   6.591 0.000 0.103 0.000000 0.360 0.000000
115.291667 116.291667  131.62 0.000000  1.06 0.000000 9.999 0.259000000 9.99 0.259000 0.062 0.000000  0.392 0.000  0.549 0.000 999.99 0.259000000  13.062 0.000   8.784 0.000   4.278 0.000 0.079 0.000000 0.256 0.000000
118.291667 119.291667  114.66 0.000000  1.11 0.000000 0.070 0.000000000 0.16 0.000000 0.071 0.000000  0.263 0.000  0.368 0.000 999.99 0.259000000  11.999 0.000   7.485 0.000   4.514 0.000 0.065 0.000000 0.202 0.000000
121.291667 122.291667   59.50 0.000000  0.45 0.000000 9.999 0.259000000 0.09 0.000000 0.026 0.000000  0.256 0.000  0.359 0.000 999.99 0.259000000   6.944 0.000   4.352 0.000   2.593 0.000 0.035 0.000000 0.104 0.000000
124.291667 125.291667  162.61 0.559000  1.04 0.559000 9.999 0.559259000 0.15 0.559000 0.134 0.000000  0.782 0.000  1.094 0.000 999.99 0.559259000  12.814 0.000   6.477 0.000   6.338 0.559 0.086 0.559000 0.318 0.000000
127.291667 128.291667  122.45 0.000000  0.48 0.000000 9.999 0.259000000 9.99 0.259000 0.029 0.559000  0.285 0.000  0.400 0.000 999.99 0.259000000  17.940 0.000  13.123 0.000   4.817 0.000 0.079 0.000000 0.118 0.559000
130.291667 131.291667   59.42 0.559000  0.50 0.559000 9.999 0.559259000 0.12 0.559000 0.060 0.000000  0.353 0.000  0.494 0.000 999.99 0.559259000   8.929 0.000   5.538 0.000   3.391 0.559 0.039 0.559000 0.178 0.000000
133.291667 134.291667   47.56 0.000000  0.41 0.000000 0.050 0.000000000 0.15 0.000000 0.030 0.559000  0.305 0.000  0.426 0.000 999.99 0.259000000   5.315 0.000   2.412 0.000   2.903 0.000 0.032 0.000000 0.180 0.559000
136.291667 137.291667  112.71 0.699000  0.67 0.699000 9.999 0.699259000 0.19 0.699000 0.091 0.559000  0.674 0.000  0.943 0.000 999.99 0.699259000  14.300 0.000   8.298 0.000   6.002 0.699 0.069 0.699000 0.313 0.559000
139.291667 140.291667  212.16 0.000000  0.63 0.000000 0.195 0.000000000 0.19 0.000000 0.077 0.000000  0.460 0.000  0.644 0.000 999.99 0.259000000  34.558 0.000  27.106 0.000   7.452 0.000 0.115 0.000000 0.267 0.000000
142.291667 143.291667   48.95 0.000000 99.99 0.259000 9.999 0.259000000 9.99 0.259000 0.024 0.559000  0.145 0.000  0.203 0.000 999.99 0.259000000  10.499 0.000   8.101 0.000   2.398 0.000 0.027 0.000000 0.067 0.559000
145.291667 146.291667   37.94 0.559000  0.54 0.559000 9.999 0.559259000 0.16 0.559000 0.050 0.000000  0.459 0.000  0.643 0.000 999.99 0.559259000   7.725 0.000   4.467 0.000   3.258 0.559 0.029 0.559000 0.241 0.000000
148.291667 149.291667   69.32 0.559000  0.65 0.559000 9.999 0.559259000 0.18 0.559000 0.065 0.000000  0.498 0.000  0.697 0.000 999.99 0.559259000  12.255 0.000   8.042 0.000   4.213 0.559 0.044 0.559000 0.300 0.000000
151.291667 152.291667  167.91 0.699000  0.72 0.699000 9.999 0.699259000 9.99 0.699259 0.064 0.000000  1.880 0.000  2.632 0.000 999.99 0.699259000  25.174 0.000  16.373 0.000   8.801 0.699 0.148 0.699000 0.342 0.000000
154.291667 155.291667   61.94 0.559000  0.73 0.559000 9.999 0.559259000 0.08 0.559000 0.044 0.000000  0.662 0.000  0.927 0.000 999.99 0.559259000  13.786 0.000   9.218 0.000   4.568 0.559 0.044 0.559000 0.238 0.000000
157.291667 158.291667   88.94 0.559000  1.07 0.559000 9.999 0.559259000 0.16 0.559000 0.089 0.000000  2.102 0.000  2.943 0.000  28.81 0.559000000  18.105 0.000   9.450 0.000   8.655 0.559 0.144 0.559000 0.326 0.000000
160.291667 161.291667   59.88 0.000000  0.44 0.000000 9.999 0.259000000 0.10 0.000000 0.028 0.000000  0.168 0.000  0.235 0.000 999.99 0.259000000   7.689 0.000   5.268 0.000   2.421 0.000 0.036 0.000000 0.082 0.000000
163.291667 164.291667   85.86 0.000000  0.65 0.000000 9.999 0.259000000 0.13 0.000000 0.037 0.000000  0.590 0.000  0.827 0.000 999.99 0.259000000  11.315 0.000   6.387 0.000   4.928 0.000 0.062 0.000000 0.206 0.000000
166.291667 167.291667   86.52 0.559000  0.80 0.559000 9.999 0.559259000 0.10 0.559000 0.053 0.000000  0.465 0.000  0.650 0.000 999.99 0.559259000   8.293 0.000   4.030 0.000   4.263 0.559 0.055 0.559000 0.296 0.000000
169.291667 170.291667  137.00 0.559000  0.56 0.559000 9.999 0.559259000 9.99 0.559259 0.051 0.000000 99.999 0.999 99.999 0.999 999.99 0.559259000  19.940 0.000  14.213 0.000   5.727 0.559 0.092 0.559000 0.186 0.000000
172.291667 173.291667   98.25 0.699000  0.74 0.699000 9.999 0.699259000 0.19 0.699000 0.052 0.000000 99.999 0.999 99.999 0.999 999.99 0.699259000  10.437 0.000   6.407 0.000   4.030 0.699 0.069 0.699000 0.235 0.000000
175.291667 176.291667   49.55 0.000000  0.70 0.000000 9.999 0.259000000 9.99 0.259000 0.031 0.559000 99.999 0.999 99.999 0.999 999.99 0.259000000   9.734 0.000   6.385 0.000   3.349 0.000 0.101 0.000000 0.264 0.559000
178.291667 179.291667   80.55 0.699000  0.85 0.699000 9.999 0.699259000 0.17 0.699000 0.051 0.000000  1.113 0.000  1.558 0.000 999.99 0.699259000  13.117 0.000   7.576 0.000   5.541 0.699 0.131 0.699000 0.255 0.000000
181.291667 182.291667   79.07 0.699000  0.50 0.699000 9.999 0.699259000 0.18 0.699000 0.064 0.000000  2.301 0.000  3.221 0.000 999.99 0.699259000  16.894 0.000   7.412 0.000   9.482 0.699 0.105 0.699000 0.531 0.000000
184.291667 185.291667   70.03 0.559000  0.49 0.559000 9.999 0.559259000 9.99 0.559259 0.034 0.559000  0.942 0.000  1.319 0.000 999.99 0.559259000  12.061 0.000   6.358 0.000   5.703 0.559 0.064 0.559000 0.344 0.559000
187.291667 188.291667   78.75 0.699000  0.54 0.699000 9.999 0.699259000 0.27 0.699000 0.082 0.000000  0.653 0.000  0.914 0.000 999.99 0.699259000  13.361 0.000   6.981 0.000   6.380 0.699 0.103 0.699000 0.545 0.000000
190.291667 191.291667   85.76 0.000000  0.38 0.000000 9.999 0.259000000 9.99 0.259000 0.029 0.559000  0.857 0.000  1.199 0.000 999.99 0.259000000  20.172 0.000  14.746 0.000   5.426 0.000 0.070 0.000000 0.212 0.559000
193.291667 194.291667  505.60 0.000000  0.75 0.000000 9.999 0.259000000 0.28 0.000000 0.050 0.559000  1.479 0.000  2.071 0.000 999.99 0.259000000  53.601 0.000  38.470 0.000  15.131 0.000 0.292 0.000000 0.353 0.559000
196.291667 197.291667  160.14 0.699000  0.52 0.699000 9.999 0.699259000 9.99 0.699259 0.053 0.000000  3.495 0.000  4.893 0.000 999.99 0.699259000  20.490 0.000   7.545 0.000  12.945 0.699 0.147 0.699000 0.471 0.000000
199.291667 200.291667  111.16 0.699000  0.19 0.699000 9.999 0.699259000 9.99 0.699259 0.071 0.000000  3.975 0.000  5.565 0.000 999.99 0.699259000  20.547 0.000   9.407 0.000  11.140 0.699 0.112 0.699000 0.381 0.000000
202.291667 203.291667   34.62 0.699000  0.50 0.699000 9.999 0.699259000 9.99 0.699259 0.042 0.000000  0.707 0.000  0.989 0.000 999.99 0.699259000   7.925 0.000   4.259 0.000   3.666 0.699 0.053 0.699000 0.306 0.000000
205.291667 206.291667  108.03 0.000000  0.36 0.000000 0.070 0.000000000 9.99 0.259000 0.042 0.559000  0.956 0.000  1.338 0.000 999.99 0.259000000  18.162 0.000  12.575 0.000   5.588 0.000 0.074 0.000000 0.213 0.559000
208.291667 209.291667   55.78 0.559000  0.47 0.559000 9.999 0.559259000 0.15 0.559000 0.061 0.559000  0.611 0.000  0.856 0.000 999.99 0.559259000  10.889 0.000   6.561 0.000   4.328 0.559 0.049 0.559000 0.335 0.559000
211.291667 212.291667  279.68 0.699000  0.87 0.699000 9.999 0.699259000 9.99 0.699259 0.078 0.000000  2.170 0.000  3.038 0.000 999.99 0.699259000  40.151 0.000  26.023 0.000  14.128 0.699 0.228 0.699000 0.393 0.000000
214.291667 215.291667   61.51 0.699000  0.44 0.699000 9.999 0.699259000 0.17 0.699000 0.070 0.000000  1.773 0.000  2.482 0.000 999.99 0.699259000  12.944 0.000   5.781 0.000   7.163 0.699 0.102 0.699000 0.384 0.000000
217.291667 218.291667   62.93 0.559000  0.45 0.559000 9.999 0.559259000 0.12 0.559000 0.047 0.559000  0.983 0.000  1.376 0.000 999.99 0.559259000  15.032 0.000   9.566 0.000   5.466 0.559 0.092 0.559000 0.247 0.559000
