scripts/IMPROVE-2019_partial/data/US9069R.20080101070000.20191216000000.filterpack...52w.3d.US03L_filterpack_US9069.US03L_IMPROVE_Davis.lev2.nas
52 1001
MISSING INFORMATION
US03L, IMPROVE, , , , , , , 
MISSING INFORMATION
IMPROVE sel_HTAP
1 1
2008 01 01 2019 12 16
3.000000
days from file reference point
5
1 1 1 1 1
999.999999 9999.999 9.999 999.999 9.999
end_time of measurement, days from the file reference point
pm10_mass, ug/m3, Matrix=pm10
numflag pm10_mass, no unit, Matrix=pm10
pm25_mass, ug/m3, Matrix=pm25
numflag pm25_mass, no unit, Matrix=pm25
0
33
Data definition:              EBAS_1.1
Set type code:                TU
Timezone:                     UTC
File name:                    US9069R.20080101070000.20191216000000.filterpack...52w.3d.US03L_filterpack_US9069.US03L_IMPROVE_Davis.lev2.nas
File creation:                20191218121016
Startdate:                    20080101070000
Revision date:                20191216000000
Version:                      2
Version description:          "Data extracted from http://views.cira.colostate.edu/fed/DataWizard 2019-12-16"
Statistics:                   arithmetic mean
Data level:                   2
Period code:                  52w
Resolution code:              3d
Sample duration:              1d
Orig. time res.:              3d
Station code:                 US9069R
Platform code:                US9069S
Station name:                 White Mountain
Station latitude:             33.4687
Station longitude:            -105.5349
Station altitude:             2063.0 m
Regime:                       IMG
Component:                    
Unit:                         ug/m3
Matrix:                       
Laboratory code:              US03L
Instrument type:              filterpack
Instrument name:              filterpack_US9069
Method ref:                   US03L_IMPROVE_Davis
Blank correction:             Blank corrected
Volume std. temperature:      ambient
Volume std. pressure:         ambient
starttime endtime PM10 flag_PM10 PM2.5 flag_PM2.5
  0.291667   1.291667    3.570 0.000   1.370 0.000
  3.291667   4.291667    5.023 0.000   2.070 0.659
  6.291667   7.291667   21.585 0.000 999.999 0.999
  9.291667  10.291667    1.531 0.000   0.654 0.000
 12.291667  13.291667    1.232 0.000   0.712 0.000
 15.291667  16.291667    3.587 0.000   1.492 0.000
 18.291667  19.291667    2.135 0.000   0.860 0.000
 21.291667  22.291667    4.333 0.000   2.604 0.000
 24.291667  25.291667    2.159 0.000   1.178 0.000
 27.291667  28.291667   42.492 0.000   6.170 0.000
 30.291667  31.291667    1.716 0.000   0.952 0.000
 33.291667  34.291667   10.976 0.000   3.125 0.000
 36.291667  37.291667    2.804 0.000   1.095 0.000
 39.291667  40.291667    0.881 0.000   0.380 0.000
 42.291667  43.291667    3.507 0.000   1.008 0.000
 45.291667  46.291667   12.316 0.000   4.794 0.000
 48.291667  49.291667    3.431 0.000   1.311 0.000
 51.291667  52.291667    3.402 0.000   1.254 0.000
 54.291667  55.291667    2.181 0.000   0.997 0.000
 57.291667  58.291667    3.454 0.000   1.273 0.000
 60.291667  61.291667   10.233 0.000   3.372 0.000
 63.291667  64.291667    3.960 0.000   1.748 0.000
 66.291667  67.291667    2.651 0.000   1.912 0.000
 69.291667  70.291667    7.671 0.000   3.127 0.000
 72.291667  73.291667    5.996 0.000   2.693 0.000
 75.291667  76.291667  108.488 0.000  17.137 0.000
 78.291667  79.291667    9.728 0.000   5.447 0.000
 81.291667  82.291667    8.916 0.000   4.006 0.000
 84.291667  85.291667   12.025 0.000   5.034 0.000
 87.291667  88.291667   15.295 0.000   6.790 0.000
 90.291667  91.291667   10.910 0.000   3.123 0.000
 93.291667  94.291667    7.123 0.000   3.072 0.000
 96.291667  97.291667   10.068 0.000   4.290 0.000
 99.291667 100.291667   55.634 0.000   9.873 0.000
102.291667 103.291667    4.277 0.000   1.997 0.000
105.291667 106.291667   23.357 0.000   5.643 0.000
108.291667 109.291667   12.421 0.000   9.085 0.000
111.291667 112.291667    7.222 0.000   4.640 0.000
114.291667 115.291667   30.087 0.000   9.762 0.000
117.291667 118.291667   15.602 0.000   4.986 0.000
120.291667 121.291667   61.793 0.000  11.561 0.000
123.291667 124.291667   23.916 0.000   5.623 0.000
126.291667 127.291667   13.923 0.000   6.587 0.000
129.291667 130.291667   16.085 0.000   6.344 0.000
132.291667 133.291667   47.601 0.000  12.376 0.000
135.291667 136.291667 9999.999 0.999 999.999 0.999
138.291667 139.291667    7.943 0.000   4.582 0.000
141.291667 142.291667 9999.999 0.456  15.205 0.000
144.291667 145.291667   10.478 0.000   5.367 0.000
147.291667 148.291667    5.862 0.000   2.142 0.000
150.291667 151.291667    9.113 0.000   3.482 0.000
153.291667 154.291667   13.378 0.000   6.487 0.000
156.291667 157.291667   23.161 0.000   7.658 0.000
159.291667 160.291667   11.325 0.000   4.737 0.000
162.291667 163.291667   22.727 0.000   7.246 0.000
165.291667 166.291667    8.757 0.000   3.425 0.000
168.291667 169.291667   34.707 0.000  10.758 0.000
171.291667 172.291667   50.847 0.000  12.203 0.000
174.291667 175.291667 9999.999 0.999 999.999 0.999
177.291667 178.291667   12.759 0.000   6.193 0.000
180.291667 181.291667 9999.999 0.999 999.999 0.999
183.291667 184.291667    7.545 0.000   3.406 0.000
186.291667 187.291667    7.292 0.000   5.244 0.000
189.291667 190.291667    4.302 0.000   2.847 0.000
192.291667 193.291667    4.460 0.000   2.540 0.000
195.291667 196.291667    3.990 0.000   2.078 0.000
198.291667 199.291667 9999.999 0.999 999.999 0.999
201.291667 202.291667   10.514 0.000   7.213 0.000
204.291667 205.291667   10.355 0.000   5.311 0.000
207.291667 208.291667    4.953 0.000   3.156 0.000
210.291667 211.291667    5.774 0.000   3.454 0.000
213.291667 214.291667    8.280 0.000   4.797 0.000
216.291667 217.291667    6.654 0.000   3.771 0.000
219.291667 220.291667    9.931 0.000   6.570 0.000
222.291667 223.291667    4.302 0.000   2.617 0.000
225.291667 226.291667    5.066 0.000   2.868 0.000
228.291667 229.291667    4.236 0.000   2.763 0.000
231.291667 232.291667    4.247 0.000   2.607 0.000
234.291667 235.291667    6.278 0.000   3.014 0.000
237.291667 238.291667    6.870 0.000   4.030 0.000
240.291667 241.291667    5.716 0.000   3.407 0.000
243.291667 244.291667    2.860 0.000   1.732 0.000
246.291667 247.291667   11.964 0.000   6.505 0.000
249.291667 250.291667    7.038 0.000   4.006 0.000
252.291667 253.291667    5.213 0.000   3.744 0.000
255.291667 256.291667    2.427 0.000   1.309 0.000
258.291667 259.291667    6.506 0.000   3.552 0.000
261.291667 262.291667    5.331 0.000   3.293 0.000
264.291667 265.291667    4.545 0.000   3.165 0.000
267.291667 268.291667    7.697 0.000   4.432 0.000
270.291667 271.291667    8.507 0.000   5.710 0.000
273.291667 274.291667   10.347 0.000   6.325 0.000
276.291667 277.291667   10.457 0.000   5.570 0.000
279.291667 280.291667    3.066 0.000   2.058 0.000
282.291667 283.291667    6.152 0.000   2.677 0.000
285.291667 286.291667    7.473 0.000   3.320 0.000
288.291667 289.291667    3.086 0.000   2.144 0.000
291.291667 292.291667    3.813 0.000   2.049 0.000
294.291667 295.291667    5.256 0.000   3.683 0.000
297.291667 298.291667    3.441 0.000   1.537 0.000
300.291667 301.291667   10.919 0.000   5.315 0.000
303.291667 304.291667    6.836 0.000   3.523 0.000
306.291667 307.291667    4.988 0.000   2.594 0.000
309.291667 310.291667   17.866 0.000   3.873 0.000
312.291667 313.291667    2.742 0.000   1.020 0.000
315.291667 316.291667    5.837 0.000   2.683 0.000
318.291667 319.291667    6.103 0.000   1.246 0.000
321.291667 322.291667    3.709 0.000   1.131 0.000
324.291667 325.291667   11.151 0.000   4.447 0.000
327.291667 328.291667    8.601 0.000   3.066 0.000
330.291667 331.291667    7.218 0.000   3.069 0.000
333.291667 334.291667    2.364 0.000   1.783 0.000
336.291667 337.291667    3.852 0.000   1.102 0.000
339.291667 340.291667    7.379 0.000   1.998 0.000
342.291667 343.291667    3.439 0.000   1.466 0.000
345.291667 346.291667    1.597 0.000   0.927 0.000
348.291667 349.291667   21.350 0.000   3.669 0.000
351.291667 352.291667    2.503 0.000   0.741 0.000
354.291667 355.291667    1.381 0.000   0.715 0.000
357.291667 358.291667   22.444 0.000   3.567 0.000
360.291667 361.291667   13.910 0.000   2.255 0.000
363.291667 364.291667    1.045 0.000   0.553 0.000
