scripts/IMPROVE-2019_partial/data/US9043R.19940101080000.20191216000000.filterpack...1y.3d.US03L_filterpack_US9043.US03L_IMPROVE_Davis.lev2.nas
51 1001
MISSING INFORMATION
US03L, IMPROVE, , , , , , , 
MISSING INFORMATION
IMPROVE sel_HTAP
1 1
1994 01 01 2019 12 16
0
days from file reference point
4
1 1 1 1
999.999999 999.999 999.999 9.999
end_time of measurement, days from the file reference point
pm10_mass, ug/m3, Matrix=pm10
pm25_mass, ug/m3, Matrix=pm25
numflag, no unit
0
33
Data definition:              EBAS_1.1
Set type code:                TI
Timezone:                     UTC
File name:                    US9043R.19940101080000.20191216000000.filterpack...1y.3d.US03L_filterpack_US9043.US03L_IMPROVE_Davis.lev2.nas
File creation:                20191218120816
Startdate:                    19940101080000
Revision date:                20191216000000
Version:                      2
Version description:          "Data extracted from http://views.cira.colostate.edu/fed/DataWizard 2019-12-16"
Statistics:                   arithmetic mean
Data level:                   2
Period code:                  1y
Resolution code:              3d
Sample duration:              1d
Orig. time res.:              3d
Station code:                 US9043R
Platform code:                US9043S
Station name:                 San Gorgonio Wilderness
Station latitude:             34.1939
Station longitude:            -116.9132
Station altitude:             1726.0 m
Regime:                       IMG
Component:                    
Unit:                         ug/m3
Matrix:                       
Laboratory code:              US03L
Instrument type:              filterpack
Instrument name:              filterpack_US9043
Method ref:                   US03L_IMPROVE_Davis
Blank correction:             Blank corrected
Volume std. temperature:      ambient
Volume std. pressure:         ambient
starttime endtime PM10 PM2.5 flag
  0.333333   1.333333   3.097   0.988 0.000
  4.333333   5.333333 999.999   4.164 0.000
  7.333333   8.333333   8.889   1.293 0.000
 11.333333  12.333333   5.290   3.003 0.000
 14.333333  15.333333   7.045   3.313 0.000
 18.333333  19.333333   4.901   2.031 0.000
 21.333333  22.333333  10.840   4.778 0.000
 25.333333  26.333333   5.736   3.950 0.000
 28.333333  29.333333   4.922   3.292 0.000
 32.333333  33.333333   2.244   0.997 0.000
 35.333333  36.333333   3.256   1.558 0.000
 39.333333  40.333333 999.999 999.999 0.999
 42.333333  43.333333 999.999 999.999 0.999
 46.333333  47.333333   6.950   2.901 0.000
 49.333333  50.333333   7.799   4.259 0.000
 53.333333  54.333333   4.436   1.600 0.000
 56.333333  57.333333  17.309  14.800 0.000
 60.333333  61.333333   4.280   1.672 0.000
 63.333333  64.333333  12.305   8.700 0.000
 67.333333  68.333333 999.999   7.879 0.000
 70.333333  71.333333   9.787   3.079 0.000
 74.333333  75.333333  14.312   8.457 0.000
 77.333333  78.333333   2.045   1.472 0.000
 81.333333  82.333333  13.860   8.018 0.000
 84.333333  85.333333   6.441   4.512 0.000
 88.333333  89.333333  26.381  18.602 0.000
 91.333333  92.333333  11.231   7.315 0.000
 95.333333  96.333333  23.992  15.660 0.000
 98.333333  99.333333  10.382   5.312 0.000
102.333333 103.333333  22.143  14.892 0.000
105.333333 106.333333  30.714  19.319 0.000
109.333333 110.333333  30.199  13.651 0.000
112.333333 113.333333  23.569  13.910 0.000
116.333333 117.333333   9.366   4.277 0.000
119.333333 120.333333  17.537  13.354 0.000
123.333333 124.333333  26.520  19.879 0.000
126.333333 127.333333   9.853   7.273 0.000
130.333333 131.333333  37.547  23.665 0.000
133.333333 134.333333  18.642   9.410 0.000
137.333333 138.333333  14.815   8.455 0.000
140.333333 141.333333  23.164  14.377 0.000
144.333333 145.333333  11.111   6.474 0.000
147.333333 148.333333  11.767   6.163 0.000
151.333333 152.333333  21.164  10.638 0.000
154.333333 155.333333  15.821   9.088 0.000
158.333333 159.333333  26.196  14.655 0.000
161.333333 162.333333  22.391  12.394 0.000
165.333333 166.333333  18.723   9.075 0.000
168.333333 169.333333  16.596   8.358 0.000
172.333333 173.333333 999.999 999.999 0.999
175.333333 176.333333  12.610   5.280 0.000
179.333333 180.333333 999.999 999.999 0.999
182.333333 183.333333 999.999 999.999 0.999
186.333333 187.333333 999.999 999.999 0.999
189.333333 190.333333  29.184  13.263 0.000
193.333333 194.333333 999.999 999.999 0.999
196.333333 197.333333  20.989   9.760 0.000
200.333333 201.333333 999.999 999.999 0.999
203.333333 204.333333 999.999 999.999 0.999
207.333333 208.333333 999.999 999.999 0.999
210.333333 211.333333 999.999 999.999 0.999
214.333333 215.333333  15.496   7.034 0.000
217.333333 218.333333  18.191   8.338 0.000
221.333333 222.333333  27.803  13.896 0.000
224.333333 225.333333  21.970   9.939 0.000
228.333333 229.333333  27.835  12.961 0.000
231.333333 232.333333  21.496   7.982 0.000
235.333333 236.333333  11.569   4.817 0.000
238.333333 239.333333  18.178   8.750 0.000
242.333333 243.333333  21.323  10.151 0.000
245.333333 246.333333  28.249  12.280 0.000
249.333333 250.333333 999.999 999.999 0.999
252.333333 253.333333  17.782   7.075 0.000
256.333333 257.333333 999.999 999.999 0.999
259.333333 260.333333  17.276   6.460 0.000
263.333333 264.333333 999.999 999.999 0.999
266.333333 267.333333 999.999 999.999 0.999
270.333333 271.333333 999.999 999.999 0.999
273.333333 274.333333 999.999 999.999 0.999
277.333333 278.333333   8.636   4.161 0.000
280.333333 281.333333  12.857   2.975 0.000
284.333333 285.333333 999.999 999.999 0.999
287.333333 288.333333  21.317   8.107 0.000
291.333333 292.333333 999.999 999.999 0.999
294.333333 295.333333  15.439   6.090 0.000
298.333333 299.333333  11.087   6.262 0.000
301.333333 302.333333  19.913  11.086 0.000
305.333333 306.333333  11.918   6.580 0.000
308.333333 309.333333 999.999 999.999 0.999
312.333333 313.333333 999.999 999.999 0.999
315.333333 316.333333  12.972  10.087 0.000
319.333333 320.333333 999.999 999.999 0.999
322.333333 323.333333   5.189   1.634 0.000
326.333333 327.333333   2.824   1.418 0.000
329.333333 330.333333 999.999 999.999 0.999
333.333333 334.333333   2.977   0.778 0.000
336.333333 337.333333   2.791   1.128 0.000
340.333333 341.333333  13.430   8.826 0.000
343.333333 344.333333   4.348   1.822 0.000
347.333333 348.333333 999.999 999.999 0.999
350.333333 351.333333   4.306   1.529 0.000
354.333333 355.333333 999.999 999.999 0.999
357.333333 358.333333 999.999 999.999 0.999
361.333333 362.333333 999.999 999.999 0.999
364.333333 365.333333 999.999 999.999 0.999
