scripts/IMPROVE-2019_partial/data/US9042R.20170101080000.20191216000000.filterpack.pm25_mass.pm25.52w.3d.US03L_filterpack_US9042_YOSE1_2.US03L_IMPROVE_Davis.lev2.nas
58 1001
MISSING INFORMATION
US03L, IMPROVE, , , , , , , 
MISSING INFORMATION
IMPROVE sel_HTAP
1 1
2017 01 01 2019 12 16
3.000000
days from file reference point
3
1 1 1
999.999999 999.999 9.999
end_time of measurement, days from the file reference point
pm25_mass, ug/m3
numflag pm25_mass, no unit
0
41
Data definition:              EBAS_1.1
Set type code:                TU
Timezone:                     UTC
File name:                    US9042R.20170101080000.20191216000000.filterpack.pm25_mass.pm25.52w.3d.US03L_filterpack_US9042_YOSE1_2.US03L_IMPROVE_Davis.lev2.nas
File creation:                20191218120812
Startdate:                    20170101080000
Revision date:                20191216000000
Version:                      2
Version description:          "Data extracted from http://views.cira.colostate.edu/fed/DataWizard 2019-12-16"
Statistics:                   arithmetic mean
Data level:                   2
Period code:                  52w
Resolution code:              3d
Sample duration:              1d
Orig. time res.:              3d
Station code:                 US9042R
Platform code:                US9042S
Station name:                 Yosemite NP
Station WDCA-ID:              GAWAUSCAYOS
Station GAW-ID:               YOS
Station GAW-Name:             Yosemite NP - Turtleback Dome
Station state/province:       CA
Station land use:             Remote park
Station setting:              Mountain
Station GAW type:             C
Station WMO region:           4
Station latitude:             37.7133
Station longitude:            -119.7061
Station altitude:             1605.0 m
Regime:                       IMG
Component:                    pm25_mass
Unit:                         ug/m3
Matrix:                       pm25
Laboratory code:              US03L
Instrument type:              filterpack
Instrument name:              filterpack_US9042_YOSE1_2
Method ref:                   US03L_IMPROVE_Davis
Blank correction:             Blank corrected
Volume std. temperature:      ambient
Volume std. pressure:         ambient
starttime endtime PM2.5 flag_PM2.5
  0.333333   1.333333   1.343 0.000
  3.333333   4.333333   0.090 0.000
  6.333333   7.333333   0.330 0.000
  9.333333  10.333333   0.030 0.000
 12.333333  13.333333   0.089 0.000
 15.333333  16.333333   0.895 0.000
 18.333333  19.333333 999.999 0.259
 21.333333  22.333333   0.182 0.000
 24.333333  25.333333   0.387 0.000
 27.333333  28.333333   0.531 0.000
 30.333333  31.333333   0.794 0.000
 33.333333  34.333333   0.269 0.000
 36.333333  37.333333   0.419 0.000
 39.333333  40.333333 999.999 0.456
 42.333333  43.333333   0.714 0.000
 45.333333  46.333333   1.700 0.000
 48.333333  49.333333   0.182 0.000
 51.333333  52.333333   0.515 0.000
 54.333333  55.333333   0.806 0.000
 57.333333  58.333333   1.001 0.000
 60.333333  61.333333   1.421 0.000
 63.333333  64.333333   0.421 0.000
 66.333333  67.333333   1.043 0.000
 69.333333  70.333333   1.950 0.000
 72.333333  73.333333   2.247 0.000
 75.333333  76.333333   4.223 0.000
 78.333333  79.333333   6.909 0.000
 81.333333  82.333333 999.999 0.999
 84.333333  85.333333 999.999 0.999
 87.333333  88.333333   2.666 0.000
 90.333333  91.333333   3.197 0.000
 93.333333  94.333333   2.570 0.000
 96.333333  97.333333   0.543 0.000
 99.333333 100.333333   7.672 0.000
102.333333 103.333333   0.422 0.000
105.333333 106.333333   2.799 0.000
108.333333 109.333333   3.496 0.000
111.333333 112.333333   5.951 0.000
114.333333 115.333333   3.124 0.000
117.333333 118.333333   2.692 0.000
120.333333 121.333333   3.113 0.000
123.333333 124.333333   6.236 0.000
126.333333 127.333333   1.543 0.000
129.333333 130.333333   7.879 0.000
132.333333 133.333333   1.869 0.000
135.333333 136.333333   2.877 0.000
138.333333 139.333333   2.811 0.000
141.333333 142.333333   4.300 0.000
144.333333 145.333333   6.585 0.000
147.333333 148.333333   4.528 0.000
150.333333 151.333333   4.746 0.000
153.333333 154.333333   5.962 0.000
156.333333 157.333333   4.349 0.000
159.333333 160.333333   2.303 0.000
162.333333 163.333333   1.509 0.000
165.333333 166.333333   4.815 0.000
168.333333 169.333333   4.092 0.000
171.333333 172.333333   7.653 0.000
174.333333 175.333333   4.680 0.000
177.333333 178.333333   2.627 0.000
180.333333 181.333333   6.857 0.000
183.333333 184.333333  10.781 0.000
186.333333 187.333333   5.343 0.000
189.333333 190.333333   9.340 0.000
192.333333 193.333333   5.827 0.000
195.333333 196.333333   9.270 0.000
198.333333 199.333333  31.935 0.000
201.333333 202.333333  64.583 0.659
204.333333 205.333333   9.532 0.000
207.333333 208.333333   5.239 0.000
210.333333 211.333333   6.765 0.000
213.333333 214.333333  13.170 0.000
216.333333 217.333333  13.107 0.000
219.333333 220.333333  10.626 0.000
222.333333 223.333333  25.700 0.000
225.333333 226.333333 999.999 0.699
228.333333 229.333333  35.100 0.000
231.333333 232.333333  41.664 0.659
234.333333 235.333333  27.107 0.000
237.333333 238.333333 999.999 0.699
240.333333 241.333333  38.784 0.000
243.333333 244.333333 999.999 0.699
246.333333 247.333333 999.999 0.699
249.333333 250.333333 999.999 0.699
252.333333 253.333333 999.999 0.699
255.333333 256.333333 999.999 0.999
258.333333 259.333333 999.999 0.999
261.333333 262.333333  24.066 0.000
264.333333 265.333333   7.624 0.000
267.333333 268.333333   5.106 0.000
270.333333 271.333333   7.114 0.000
273.333333 274.333333  10.672 0.000
276.333333 277.333333  10.905 0.000
279.333333 280.333333  33.621 0.659
282.333333 283.333333  35.740 0.659
285.333333 286.333333  40.622 0.659
288.333333 289.333333 999.999 0.699
291.333333 292.333333 999.999 0.699
294.333333 295.333333  14.722 0.000
297.333333 298.333333   9.562 0.000
300.333333 301.333333  10.019 0.000
303.333333 304.333333  10.675 0.000
306.333333 307.333333   3.656 0.000
309.333333 310.333333   3.481 0.000
312.333333 313.333333   1.493 0.000
315.333333 316.333333   3.095 0.000
318.333333 319.333333   3.183 0.000
321.333333 322.333333   0.788 0.000
324.333333 325.333333   0.772 0.000
327.333333 328.333333   1.010 0.000
330.333333 331.333333   0.090 0.000
333.333333 334.333333   1.038 0.000
336.333333 337.333333   1.769 0.000
339.333333 340.333333   0.801 0.000
342.333333 343.333333   0.267 0.000
345.333333 346.333333   0.152 0.000
348.333333 349.333333   4.019 0.000
351.333333 352.333333   1.968 0.000
354.333333 355.333333   0.624 0.000
357.333333 358.333333   0.625 0.000
360.333333 361.333333   0.384 0.000
363.333333 364.333333   0.298 0.000
