scripts/IMPROVE-2019_partial/data/US9011R.20030103060000.20191216000000.filterpack..pm25.1y.1w.US03L_filterpack_US9011.US03L_IMPROVE_Davis.lev2.nas
60 1001
MISSING INFORMATION
US03L, IMPROVE, , , , , , , 
MISSING INFORMATION
IMPROVE sel_HTAP
1 1
2003 01 01 2019 12 16
3.00
days from file reference point
21
1 1 1 1 1 1 1 1 1 1 1 1 1 1 1 1 1 1 1 1 1
999.99 9999.99 9.999 999.99 9.999 9.999 9.999 9.99 9.999 99.999 9.999 999.999 9.999 999.999 9.999 999.999 9.999 9.999 9.999 99.999 9.999
end_time of measurement, days from the file reference point
iron, ng/m3, Revision date=20181210133000
numflag iron, no unit, Revision date=20181210133000
lead, ng/m3, Revision date=20181210133000
numflag lead, no unit, Revision date=20181210133000
magnesium, ug/m3, Revision date=20181210133000
numflag magnesium, no unit, Revision date=20181210133000
nickel, ng/m3, Revision date=20181210133000
numflag nickel, no unit, Revision date=20181210133000
nitrate, ug N/m3, Revision date=20181210133000
numflag nitrate, no unit, Revision date=20181210133000
pm10_mass, ug/m3, Version=2, Version description=Data extracted from http://views.cira.colostate.edu/fed/DataWizard 2019-12-16, Sample duration=1d, Orig. time res.=3d, Matrix=pm10, Blank correction=Blank corrected, Volume std. temperature=ambient, Volume std. pressure=ambient
numflag pm10_mass, no unit, Version=2, Version description=Data extracted from http://views.cira.colostate.edu/fed/DataWizard 2019-12-16, Sample duration=1d, Orig. time res.=3d, Matrix=pm10, Blank correction=Blank corrected, Volume std. temperature=ambient, Volume std. pressure=ambient
pm10_pm25_mass, ug/m3, Revision date=20181210133000, Matrix=pm10_pm25
numflag pm10_pm25_mass, no unit, Revision date=20181210133000, Matrix=pm10_pm25
pm25_mass, ug/m3, Version=2, Version description=Data extracted from http://views.cira.colostate.edu/fed/DataWizard 2019-12-16, Sample duration=1d, Orig. time res.=3d, Blank correction=Blank corrected, Volume std. temperature=ambient, Volume std. pressure=ambient
numflag pm25_mass, no unit, Version=2, Version description=Data extracted from http://views.cira.colostate.edu/fed/DataWizard 2019-12-16, Sample duration=1d, Orig. time res.=3d, Blank correction=Blank corrected, Volume std. temperature=ambient, Volume std. pressure=ambient
potassium, ug/m3, Revision date=20181210133000
numflag potassium, no unit, Revision date=20181210133000
sulphate_total, ug S/m3, Revision date=20181210133000
numflag sulphate_total, no unit, Revision date=20181210133000
0
25
Data definition:              EBAS_1.1
Set type code:                TU
Timezone:                     UTC
File name:                    US9011R.20030103060000.20191216000000.filterpack..pm25.1y.1w.US03L_filterpack_US9011.US03L_IMPROVE_Davis.lev2.nas
File creation:                20191218120552
Startdate:                    20030103060000
Revision date:                20191216000000
Statistics:                   arithmetic mean
Data level:                   2
Period code:                  1y
Resolution code:              1w
Station code:                 US9011R
Platform code:                US9011S
Station name:                 Mingo
Station latitude:             36.9717
Station longitude:            -90.1432
Station altitude:             111.0 m
Regime:                       IMG
Component:                    
Matrix:                       pm25
Laboratory code:              US03L
Instrument type:              filterpack
Instrument name:              filterpack_US9011
Method ref:                   US03L_IMPROVE_Davis
starttime endtime Fe flag_Fe Pb flag_Pb Mg++ flag_Mg++ Ni flag_Ni NO3- flag_NO3- PM10 flag_PM10 PM10-PM2.5 flag_PM10-PM2.5 PM2.5 flag_PM2.5 K+ flag_K+ SO4-- flag_SO4--
  2.25   3.25 9999.99 0.999 999.99 0.999 9.999 0.999 9.99 0.999 99.999 0.999 999.999 0.999 999.999 0.999 999.999 0.999 9.999 0.999 99.999 0.999
  5.25   6.25 9999.99 0.999 999.99 0.999 9.999 0.999 9.99 0.999 99.999 0.999 999.999 0.999 999.999 0.999 999.999 0.999 9.999 0.999 99.999 0.999
  8.25   9.25   27.19 0.000   1.75 0.000 9.999 0.259 0.07 0.000  0.108 0.000  10.307 0.000   4.111 0.000   6.196 0.000 0.087 0.000  0.224 0.000
 11.25  12.25   26.66 0.000   7.74 0.000 9.999 0.259 9.99 0.259  0.316 0.559  16.377 0.000   8.197 0.000   8.180 0.000 0.149 0.000  0.162 0.559
 14.25  15.25 9999.99 0.999 999.99 0.999 9.999 0.999 9.99 0.999 99.999 0.999 999.999 0.999 999.999 0.999 999.999 0.999 9.999 0.999 99.999 0.999
 17.25  18.25   17.97 0.000   2.88 0.000 9.999 0.259 9.99 0.259  0.796 0.000  18.795 0.000   4.256 0.000  14.539 0.000 0.139 0.000  0.386 0.000
 20.25  21.25   13.51 0.000   1.94 0.000 9.999 0.259 9.99 0.259  0.830 0.000  10.825 0.000   3.927 0.000   6.898 0.000 0.032 0.000  0.393 0.000
 23.25  24.25   26.23 0.000   2.78 0.000 9.999 0.259 0.15 0.000  0.538 0.559  12.358 0.000   4.943 0.000   7.415 0.000 0.053 0.000  0.358 0.559
 26.25  27.25   27.54 0.000   1.93 0.000 0.034 0.000 0.09 0.000  0.688 0.559  14.149 0.000   5.498 0.000   8.651 0.000 0.057 0.000  0.433 0.559
 29.25  30.25   33.14 0.000   2.46 0.000 9.999 0.259 9.99 0.259  1.917 0.000  26.374 0.000   5.570 0.000  20.804 0.000 0.051 0.000  1.563 0.000
 32.25  33.25   18.11 0.000   1.92 0.000 0.027 0.000 0.22 0.000  0.398 0.000  17.105 0.000   4.021 0.000  13.084 0.000 0.067 0.000  1.409 0.000
 35.25  36.25 9999.99 0.999 999.99 0.999 9.999 0.999 9.99 0.999 99.999 0.999 999.999 0.999 999.999 0.999 999.999 0.999 9.999 0.999 99.999 0.999
 38.25  39.25   14.03 0.000   1.40 0.000 9.999 0.259 9.99 0.259  0.738 0.559  13.777 0.000   2.696 0.000  11.082 0.000 0.075 0.000  0.428 0.559
 41.25  42.25   16.10 0.000   1.48 0.000 9.999 0.259 9.99 0.259  0.561 0.000  12.125 0.000   2.966 0.000   9.159 0.000 0.073 0.000  0.560 0.000
 44.25  45.25 9999.99 0.999 999.99 0.999 9.999 0.999 9.99 0.999 99.999 0.999 999.999 0.999 999.999 0.999 999.999 0.999 9.999 0.999 99.999 0.999
 47.25  48.25 9999.99 0.999 999.99 0.999 9.999 0.999 9.99 0.999 99.999 0.999 999.999 0.999 999.999 0.999 999.999 0.999 9.999 0.999 99.999 0.999
 50.25  51.25   14.38 0.000   2.47 0.000 9.999 0.259 0.15 0.000  0.374 0.559  14.477 0.000   3.442 0.000  11.035 0.000 0.030 0.000  2.189 0.559
 53.25  54.25   12.09 0.000   2.31 0.000 9.999 0.259 9.99 0.259  0.998 0.000  16.807 0.000   2.829 0.000  13.978 0.000 0.025 0.000  2.179 0.000
 56.25  57.25   38.82 0.000   2.84 0.000 0.049 0.000 0.27 0.000  0.725 0.000  16.317 0.000   4.227 0.000  12.091 0.000 0.064 0.000  1.307 0.000
 59.25  60.25   35.50 0.000   2.74 0.000 9.999 0.259 9.99 0.259  0.461 0.000  21.959 0.000   4.567 0.000  17.392 0.000 0.054 0.000  3.120 0.000
 62.25  63.25   43.61 0.000  24.90 0.000 9.999 0.259 9.99 0.259  0.974 0.000  21.090 0.000   5.545 0.000  15.546 0.000 0.085 0.000  1.575 0.000
 65.25  66.25   57.05 0.000   2.46 0.000 9.999 0.259 9.99 0.259  1.258 0.000  33.146 0.000  13.794 0.000  19.352 0.000 0.069 0.000  1.736 0.000
 68.25  69.25   21.36 0.000   1.83 0.000 9.999 0.259 0.11 0.000  0.442 0.000  10.323 0.000   4.024 0.000   6.299 0.000 0.039 0.000  0.562 0.000
 71.25  72.25   52.50 0.000   3.20 0.000 9.999 0.259 0.22 0.000  1.057 0.000  21.424 0.000   4.537 0.000  16.887 0.000 0.063 0.000  2.216 0.000
 74.25  75.25   47.42 0.000   3.35 0.000 9.999 0.259 0.14 0.000  1.549 0.000  35.985 0.000  13.361 0.000  22.623 0.000 0.065 0.000  2.470 0.000
 77.25  78.25 9999.99 0.456 999.99 0.456 9.999 0.456 9.99 0.456  0.445 0.000  17.085 0.000 999.999 0.999 999.999 0.456 9.999 0.456  0.605 0.000
 80.25  81.25 9999.99 0.999 999.99 0.999 9.999 0.999 9.99 0.999 99.999 0.999 999.999 0.999 999.999 0.999 999.999 0.999 9.999 0.999 99.999 0.999
 83.25  84.25 9999.99 0.999 999.99 0.999 9.999 0.999 9.99 0.999 99.999 0.999 999.999 0.999 999.999 0.999 999.999 0.999 9.999 0.999 99.999 0.999
 86.25  87.25   17.18 0.000   3.08 0.000 9.999 0.259 9.99 0.259  0.206 0.000   8.170 0.000   2.156 0.000   6.014 0.000 0.030 0.000  0.677 0.000
 89.25  90.25   35.54 0.000   2.75 0.000 9.999 0.259 9.99 0.259  0.290 0.000  18.656 0.000   8.471 0.000  10.185 0.000 0.075 0.000  0.619 0.000
 92.25  93.25   48.70 0.000   0.62 0.000 9.999 0.259 0.14 0.000  0.142 0.000  23.075 0.000  14.834 0.000   8.241 0.000 0.052 0.000  0.875 0.000
 95.25  96.25   16.14 0.000   2.11 0.000 9.999 0.259 0.16 0.000  0.992 0.000  12.875 0.000   2.443 0.000  10.432 0.000 0.026 0.000  1.276 0.000
 98.25  99.25   44.78 0.000   2.24 0.000 9.999 0.259 0.12 0.000  0.118 0.000   9.334 0.000   0.846 0.000   8.488 0.000 0.036 0.000  1.464 0.000
101.25 102.25  177.64 0.000   5.75 0.000 9.999 0.259 9.99 0.259  0.255 0.000  48.536 0.000  30.562 0.000  17.974 0.000 0.187 0.000  1.033 0.000
104.25 105.25  134.26 0.000   1.80 0.000 9.999 0.259 0.38 0.000  0.098 0.000  31.989 0.000  19.973 0.000  12.017 0.000 0.116 0.000  0.837 0.000
107.25 108.25   73.26 0.000   3.16 0.000 9.999 0.259 9.99 0.259  0.952 0.000  24.786 0.000   4.628 0.000  20.157 0.000 0.067 0.000  3.512 0.000
110.25 111.25   16.94 0.000  17.46 0.000 9.999 0.259 9.99 0.259  0.060 0.000   8.496 0.000   3.846 0.000   4.650 0.000 0.023 0.000  0.500 0.000
113.25 114.25 9999.99 0.999 999.99 0.999 9.999 0.999 9.99 0.999 99.999 0.999 999.999 0.999 999.999 0.999 999.999 0.999 9.999 0.999 99.999 0.999
116.25 117.25 9999.99 0.999 999.99 0.999 9.999 0.999 9.99 0.999 99.999 0.999 999.999 0.999 999.999 0.999 999.999 0.999 9.999 0.999 99.999 0.999
119.25 120.25   62.00 0.000   1.35 0.000 9.999 0.259 0.21 0.000  0.118 0.000  22.329 0.000   7.621 0.000  14.708 0.000 0.074 0.000  1.708 0.000
122.25 123.25   41.30 0.000   2.85 0.000 9.999 0.259 0.09 0.000  0.215 0.000  15.822 0.000   4.866 0.000  10.956 0.000 0.037 0.000  1.737 0.000
125.25 126.25   96.07 0.000   1.66 0.000 9.999 0.259 0.23 0.000  0.267 0.000  19.628 0.000   7.393 0.000  12.235 0.000 0.151 0.000  1.250 0.000
128.25 129.25   78.02 0.000   1.18 0.000 9.999 0.259 0.40 0.000  0.245 0.000  23.030 0.000   9.262 0.000  13.768 0.000 0.144 0.000  1.493 0.000
131.25 132.25   22.10 0.000   3.09 0.000 9.999 0.259 9.99 0.259  0.021 0.000   8.583 0.000   4.174 0.000   4.408 0.000 0.027 0.000  0.353 0.000
134.25 135.25   27.43 0.000   1.77 0.000 9.999 0.259 9.99 0.259  0.124 0.000  11.467 0.000   3.643 0.000   7.824 0.000 0.044 0.000  0.840 0.000
137.25 138.25   14.68 0.000   1.67 0.000 9.999 0.259 9.99 0.259  0.119 0.000  12.672 0.000   4.241 0.000   8.430 0.000 0.026 0.000  1.339 0.000
140.25 141.25   24.18 0.000   2.91 0.000 9.999 0.259 9.99 0.259  0.090 0.000   9.808 0.000   3.288 0.000   6.520 0.000 0.030 0.000  0.671 0.000
143.25 144.25   53.51 0.000   3.79 0.000 9.999 0.259 0.27 0.000  0.267 0.000  23.232 0.000   8.425 0.000  14.807 0.000 0.042 0.000  1.903 0.000
146.25 147.25   30.64 0.000   4.20 0.000 9.999 0.259 0.10 0.000  0.047 0.000  16.374 0.000   6.109 0.000  10.266 0.000 0.041 0.000  0.843 0.000
149.25 150.25   69.22 0.000   1.80 0.000 9.999 0.259 9.99 0.259  0.134 0.000  22.507 0.000  11.847 0.000  10.660 0.000 0.078 0.000  0.400 0.000
152.25 153.25   32.08 0.000   3.04 0.000 9.999 0.259 0.10 0.000  0.408 0.000  15.536 0.000   3.840 0.000  11.696 0.000 0.052 0.000  1.102 0.000
155.25 156.25   40.71 0.000   2.83 0.000 9.999 0.259 0.12 0.000  0.080 0.000 999.999 0.456 999.999 0.999  15.113 0.000 0.051 0.000  2.060 0.000
158.25 159.25   37.72 0.000   1.22 0.000 9.999 0.259 0.07 0.000  0.044 0.000 999.999 0.456 999.999 0.999   5.048 0.000 0.037 0.000  0.365 0.000
161.25 162.25 9999.99 0.999 999.99 0.999 9.999 0.999 9.99 0.999 99.999 0.999 999.999 0.999 999.999 0.999 999.999 0.999 9.999 0.999 99.999 0.999
164.25 165.25   25.55 0.000   2.19 0.000 9.999 0.259 0.10 0.000  0.038 0.000  16.346 0.000   4.428 0.000  11.918 0.000 0.030 0.000  1.758 0.000
167.25 168.25   29.21 0.000   2.74 0.000 9.999 0.259 9.99 0.259  0.048 0.000  27.068 0.000   6.574 0.000  20.494 0.000 0.054 0.000  3.504 0.000
170.25 171.25   46.46 0.000   1.80 0.000 9.999 0.259 9.99 0.259  0.069 0.000  18.056 0.000   6.421 0.000  11.635 0.000 0.105 0.000  1.380 0.000
173.25 174.25   71.48 0.000   3.07 0.000 9.999 0.259 9.99 0.259  0.124 0.000  29.736 0.000  11.370 0.000  18.366 0.000 0.490 0.000  1.247 0.000
176.25 177.25   18.11 0.000   0.93 0.000 9.999 0.259 9.99 0.259  0.032 0.000   8.326 0.000   3.401 0.000   4.925 0.000 0.050 0.000  0.492 0.000
179.25 180.25   36.86 0.000   2.00 0.000 9.999 0.259 9.99 0.259  0.070 0.000  21.011 0.000   6.307 0.000  14.704 0.000 0.087 0.000  2.112 0.000
182.25 183.25  220.59 0.000   0.88 0.000 9.999 0.259 0.15 0.000  0.063 0.000  24.746 0.000  12.472 0.000  12.275 0.000 0.128 0.000  1.364 0.000
185.25 186.25   67.73 0.000   5.68 0.000 9.999 0.259 9.99 0.259  0.179 0.559  21.046 0.000   7.673 0.000  13.373 0.000 0.669 0.000  1.257 0.559
188.25 189.25  236.41 0.000   1.26 0.000 9.999 0.259 0.27 0.000  0.108 0.000  26.253 0.000  12.711 0.000  13.543 0.000 0.144 0.000  1.270 0.000
191.25 192.25   32.86 0.000   3.26 0.000 9.999 0.259 9.99 0.259  0.034 0.000  11.692 0.000   6.901 0.000   4.791 0.000 0.031 0.000  0.446 0.000
194.25 195.25   45.48 0.000   1.91 0.000 0.039 0.000 9.99 0.259  0.059 0.000  22.685 0.000   7.068 0.000  15.617 0.000 0.051 0.000  2.166 0.000
197.25 198.25   76.92 0.000   2.43 0.000 0.088 0.000 9.99 0.259  0.055 0.000  26.474 0.000  13.702 0.000  12.772 0.000 0.066 0.000  1.215 0.000
200.25 201.25   36.75 0.000   1.15 0.000 0.029 0.000 0.07 0.000  0.046 0.000  14.453 0.000   5.425 0.000   9.028 0.000 0.038 0.000  1.216 0.000
203.25 204.25   31.94 0.000   2.29 0.000 9.999 0.259 0.12 0.000  0.043 0.000  17.290 0.000   8.001 0.000   9.290 0.000 0.054 0.000  1.090 0.000
206.25 207.25   53.30 0.000   1.62 0.000 9.999 0.259 0.12 0.000  0.044 0.000  25.249 0.000   8.734 0.000  16.516 0.000 0.048 0.000  2.126 0.000
209.25 210.25   36.50 0.000   1.53 0.000 0.057 0.000 9.99 0.259  0.105 0.000  16.707 0.000   4.572 0.000  12.135 0.000 0.033 0.000  1.716 0.000
212.25 213.25   47.72 0.000   2.89 0.000 9.999 0.259 9.99 0.259  0.041 0.000  19.806 0.000   5.796 0.000  14.010 0.000 0.047 0.000  1.732 0.000
215.25 216.25   16.65 0.000   1.30 0.000 9.999 0.259 9.99 0.259  0.036 0.000  10.470 0.000   5.820 0.000   4.650 0.000 0.031 0.000  0.307 0.000
218.25 219.25   23.56 0.000   2.20 0.000 9.999 0.259 0.03 0.000  0.042 0.000  23.243 0.000   7.212 0.000  16.030 0.000 0.030 0.000  2.718 0.000
221.25 222.25   28.75 0.000   1.72 0.000 9.999 0.259 9.99 0.259  0.054 0.000  17.379 0.000   6.993 0.000  10.386 0.000 0.039 0.000  1.364 0.000
224.25 225.25   30.40 0.000   1.88 0.000 0.131 0.000 0.16 0.000  0.053 0.000  21.081 0.000   3.871 0.000  17.210 0.000 0.042 0.000  2.734 0.000
227.25 228.25   67.80 0.000  10.09 0.000 9.999 0.259 9.99 0.259  0.032 0.000  23.653 0.000  10.791 0.000  12.862 0.000 0.056 0.000  1.464 0.000
230.25 231.25   52.61 0.000   1.88 0.000 9.999 0.259 0.09 0.000  0.102 0.000  32.972 0.000   7.485 0.000  25.487 0.000 0.050 0.000  4.544 0.000
233.25 234.25  106.59 0.000   1.58 0.000 9.999 0.259 0.16 0.000  0.119 0.000  31.268 0.000  10.131 0.000  21.137 0.000 0.102 0.000  2.117 0.000
236.25 237.25   74.14 0.000   3.74 0.000 9.999 0.259 0.07 0.000  0.054 0.000  35.078 0.000  11.230 0.000  23.849 0.000 0.059 0.000  3.511 0.000
239.25 240.25   46.72 0.000   0.73 0.000 9.999 0.259 0.17 0.000  0.080 0.000  19.150 0.000   9.850 0.000   9.300 0.000 0.071 0.000  1.019 0.000
242.25 243.25  140.15 0.000   0.84 0.000 9.999 0.259 0.18 0.000  0.070 0.000  13.398 0.000   6.605 0.000   6.793 0.000 0.074 0.000  0.595 0.000
245.25 246.25   12.37 0.000   1.02 0.000 9.999 0.259 0.11 0.000  0.027 0.000  10.152 0.000   4.053 0.000   6.099 0.000 0.014 0.000  1.117 0.000
248.25 249.25   26.44 0.000   1.85 0.000 9.999 0.259 0.19 0.000  0.049 0.000  18.590 0.000   4.914 0.000  13.676 0.000 0.025 0.000  2.244 0.000
251.25 252.25 9999.99 0.456 999.99 0.456 9.999 0.456 9.99 0.456  0.046 0.000  42.537 0.000 999.999 0.999 999.999 0.456 9.999 0.456  6.675 0.000
254.25 255.25   49.15 0.000   2.10 0.000 9.999 0.259 0.15 0.000  0.128 0.000  35.325 0.000   6.724 0.000  28.600 0.000 0.082 0.000  4.243 0.000
257.25 258.25   18.27 0.000   8.16 0.000 0.032 0.000 9.99 0.259  0.020 0.000  11.869 0.000   6.978 0.000   4.891 0.000 0.040 0.000  0.327 0.000
260.25 261.25   47.47 0.000   1.61 0.000 9.999 0.259 0.11 0.000  0.109 0.000  33.518 0.000   9.950 0.000  23.568 0.000 0.132 0.000  2.859 0.000
263.25 264.25   26.48 0.000   2.17 0.000 0.036 0.000 0.16 0.000  0.123 0.000  18.471 0.000   5.102 0.000  13.369 0.000 0.098 0.000  1.448 0.000
266.25 267.25   40.15 0.000   3.07 0.000 9.999 0.259 0.06 0.000  0.057 0.000 999.999 0.456 999.999 0.999  10.493 0.000 0.107 0.000  0.781 0.000
269.25 270.25   15.74 0.000   3.88 0.000 9.999 0.259 9.99 0.259  0.020 0.000 999.999 0.456 999.999 0.999   4.112 0.000 0.026 0.000  0.351 0.000
272.25 273.25   27.71 0.000   1.68 0.000 9.999 0.259 0.10 0.000  0.047 0.000 999.999 0.456 999.999 0.999   3.555 0.000 0.031 0.000  0.263 0.000
275.25 276.25   38.99 0.000   2.13 0.000 9.999 0.259 9.99 0.259  0.098 0.000  15.112 0.000   6.386 0.000   8.727 0.000 0.097 0.000  0.498 0.000
278.25 279.25   41.60 0.000   1.88 0.000 0.079 0.000 9.99 0.259  0.048 0.000  20.261 0.000  10.829 0.000   9.431 0.000 0.069 0.000  0.308 0.000
281.25 282.25   26.50 0.000   2.23 0.000 9.999 0.259 0.13 0.000  0.561 0.000  29.102 0.000   7.531 0.000  21.571 0.000 0.085 0.000  2.772 0.000
284.25 285.25   14.06 0.000   0.94 0.000 0.034 0.000 9.99 0.259  0.039 0.000  12.464 0.000   6.495 0.000   5.970 0.000 0.041 0.000  0.437 0.000
287.25 288.25   42.55 0.000   2.20 0.000 0.060 0.000 9.99 0.259  0.038 0.000  16.311 0.000  10.743 0.000   5.568 0.000 0.039 0.000  0.197 0.000
290.25 291.25   27.55 0.000   2.69 0.000 9.999 0.259 9.99 0.259  0.068 0.000  12.738 0.000   5.426 0.000   7.312 0.000 0.032 0.000  0.336 0.000
293.25 294.25   56.64 0.000   2.76 0.000 0.052 0.000 9.99 0.259  0.047 0.000  30.229 0.000  20.213 0.000  10.016 0.000 0.065 0.000  0.487 0.000
296.25 297.25   72.22 0.000   3.13 0.000 9.999 0.259 9.99 0.259  0.176 0.000  31.501 0.000  15.845 0.000  15.656 0.000 0.161 0.000  1.209 0.000
299.25 300.25   33.04 0.000   4.17 0.000 9.999 0.259 9.99 0.259  0.167 0.000  17.451 0.000  11.152 0.000   6.299 0.000 0.039 0.000  0.526 0.000
302.25 303.25   33.11 0.000   1.47 0.000 9.999 0.259 0.27 0.000  0.151 0.000  15.278 0.000   6.111 0.000   9.167 0.000 0.084 0.000  0.900 0.000
305.25 306.25   57.21 0.000   2.04 0.000 0.059 0.000 0.20 0.000  0.264 0.000  32.467 0.000  17.763 0.000  14.704 0.000 0.081 0.000  1.223 0.000
308.25 309.25   20.43 0.000   1.56 0.000 9.999 0.259 9.99 0.259  0.253 0.000  11.025 0.000   3.959 0.000   7.066 0.000 0.025 0.000  0.910 0.000
311.25 312.25   21.58 0.000   3.68 0.000 9.999 0.259 0.12 0.000  0.759 0.000  13.025 0.000   4.710 0.000   8.315 0.000 0.046 0.000  0.609 0.000
314.25 315.25   23.27 0.000   2.11 0.000 9.999 0.259 0.20 0.000  0.186 0.000  22.636 0.000   5.421 0.000  17.214 0.000 0.072 0.000  2.413 0.000
317.25 318.25   40.02 0.000   5.33 0.000 9.999 0.259 9.99 0.259  0.296 0.000  11.373 0.000   5.530 0.000   5.843 0.000 0.043 0.000  0.202 0.000
320.25 321.25   16.89 0.000   1.56 0.000 9.999 0.259 9.99 0.259  0.359 0.000  13.676 0.000   6.453 0.000   7.223 0.000 0.031 0.000  0.869 0.000
323.25 324.25   21.65 0.000   1.01 0.000 0.048 0.000 9.99 0.259  0.030 0.000   7.087 0.000   3.963 0.000   3.123 0.000 0.028 0.000  0.083 0.000
326.25 327.25   13.15 0.000   0.78 0.000 9.999 0.259 0.25 0.000  0.050 0.559   6.980 0.000   2.290 0.000   4.691 0.000 0.021 0.000  0.570 0.559
329.25 330.25   32.77 0.000   2.10 0.000 0.015 0.000 0.09 0.000  0.302 0.559  11.204 0.000   3.925 0.000   7.279 0.000 0.046 0.000  0.464 0.559
332.25 333.25   10.98 0.000   1.13 0.000 0.026 0.000 9.99 0.259  0.155 0.559   6.729 0.000   3.226 0.000   3.502 0.000 0.037 0.000  0.189 0.559
335.25 336.25   29.25 0.000   2.54 0.000 9.999 0.259 0.12 0.000  0.151 0.000  13.131 0.000   7.160 0.000   5.971 0.000 0.063 0.000  0.149 0.000
338.25 339.25   18.80 0.000   2.76 0.000 9.999 0.259 0.17 0.000  0.641 0.559  11.370 0.000   3.395 0.000   7.976 0.000 0.027 0.000  0.839 0.559
341.25 342.25   30.36 0.000   2.62 0.000 9.999 0.259 0.27 0.000  0.822 0.000  18.746 0.000   4.949 0.000  13.797 0.000 0.093 0.000  1.202 0.000
344.25 345.25   14.60 0.000   4.30 0.000 9.999 0.259 9.99 0.259  0.259 0.000   5.787 0.000   2.041 0.000   3.746 0.000 0.033 0.000  0.192 0.000
347.25 348.25   19.17 0.000  10.79 0.000 0.043 0.000 0.09 0.000  0.226 0.000  11.416 0.000   1.914 0.000   9.503 0.000 0.052 0.000  1.306 0.000
350.25 351.25   19.10 0.000   0.84 0.000 0.040 0.000 9.99 0.259  0.266 0.000   6.837 0.000   2.481 0.000   4.356 0.000 0.036 0.000  0.282 0.000
353.25 354.25   26.93 0.000   2.35 0.000 9.999 0.259 0.10 0.000  0.244 0.000  15.119 0.000   7.355 0.000   7.763 0.000 0.086 0.000  0.157 0.000
356.25 357.25    8.95 0.000   0.97 0.000 9.999 0.259 9.99 0.259  0.217 0.000   4.363 0.000   1.513 0.000   2.850 0.000 0.017 0.000  0.402 0.000
359.25 360.25   20.90 0.000   5.34 0.000 9.999 0.259 9.99 0.259  0.539 0.559  13.744 0.000   3.206 0.000  10.538 0.000 0.092 0.000  0.535 0.559
362.25 363.25   18.94 0.000   0.87 0.000 9.999 0.259 9.99 0.259  0.019 0.000   4.510 0.000   2.206 0.000   2.305 0.000 0.026 0.000  0.188 0.000
