scripts/IMPROVE-2019_partial/data/US9081R.20030103070000.20191216000000.filterpack..pm25.1y.1w.US03L_filterpack_US9081_YELL2.US03L_IMPROVE_Davis.lev2.nas
66 1001
MISSING INFORMATION
US03L, IMPROVE, , , , , , , 
MISSING INFORMATION
IMPROVE sel_HTAP
1 1
2003 01 01 2019 12 16
3.000000
days from file reference point
27
1 1 1 1 1 1 1 1 1 1 1 1 1 1 1 1 1 1 1 1 1 1 1 1 1 1 1
999.999999 999.99 9.999999 99.99 9.999999 9.999 9.999999999 9.99 9.999999999 9.999 9.999 999.999 9.999 999.999 9.999 999.99 9.999999999 999.999 9.999 99.999 9.999 99.999 9.999 9.999 9.999999 9.999 9.999
end_time of measurement, days from the file reference point
iron, ng/m3, Revision date=20181210133000
numflag iron, no unit, Revision date=20181210133000
lead, ng/m3, Revision date=20181210133000
numflag lead, no unit, Revision date=20181210133000
magnesium, ug/m3, Revision date=20181210133000
numflag magnesium, no unit, Revision date=20181210133000
nickel, ng/m3, Revision date=20181210133000
numflag nickel, no unit, Revision date=20181210133000
nitrate, ug N/m3, Revision date=20181210133000
numflag nitrate, no unit, Revision date=20181210133000
organic_carbon, ug C/m3, Revision date=20181210133000
numflag organic_carbon, no unit, Revision date=20181210133000
organic_mass, ug/m3, Revision date=20181210133000
numflag organic_mass, no unit, Revision date=20181210133000
phosphorus, ng/m3, Revision date=20181210133000
numflag phosphorus, no unit, Revision date=20181210133000
pm10_mass, ug/m3, Version=2, Version description=Data extracted from http://views.cira.colostate.edu/fed/DataWizard 2019-12-16, Sample duration=1d, Orig. time res.=3d, Matrix=pm10, Blank correction=Blank corrected, Volume std. temperature=ambient, Volume std. pressure=ambient
numflag pm10_mass, no unit, Version=2, Version description=Data extracted from http://views.cira.colostate.edu/fed/DataWizard 2019-12-16, Sample duration=1d, Orig. time res.=3d, Matrix=pm10, Blank correction=Blank corrected, Volume std. temperature=ambient, Volume std. pressure=ambient
pm10_pm25_mass, ug/m3, Revision date=20181210133000, Matrix=pm10_pm25
numflag pm10_pm25_mass, no unit, Revision date=20181210133000, Matrix=pm10_pm25
pm25_mass, ug/m3, Version=2, Version description=Data extracted from http://views.cira.colostate.edu/fed/DataWizard 2019-12-16, Sample duration=1d, Orig. time res.=3d, Blank correction=Blank corrected, Volume std. temperature=ambient, Volume std. pressure=ambient
numflag pm25_mass, no unit, Version=2, Version description=Data extracted from http://views.cira.colostate.edu/fed/DataWizard 2019-12-16, Sample duration=1d, Orig. time res.=3d, Blank correction=Blank corrected, Volume std. temperature=ambient, Volume std. pressure=ambient
potassium, ug/m3, Revision date=20181210133000
numflag potassium, no unit, Revision date=20181210133000
sulphate_total, ug S/m3, Revision date=20181210133000
numflag sulphate_total, no unit, Revision date=20181210133000
0
25
Data definition:              EBAS_1.1
Set type code:                TU
Timezone:                     UTC
File name:                    US9081R.20030103070000.20191216000000.filterpack..pm25.1y.1w.US03L_filterpack_US9081_YELL2.US03L_IMPROVE_Davis.lev2.nas
File creation:                20191218121107
Startdate:                    20030103070000
Revision date:                20191216000000
Statistics:                   arithmetic mean
Data level:                   2
Period code:                  1y
Resolution code:              1w
Station code:                 US9081R
Platform code:                US9081S
Station name:                 Yellowstone NP 1
Station latitude:             44.5654
Station longitude:            -110.4003
Station altitude:             2442.0 m
Regime:                       IMG
Component:                    
Matrix:                       pm25
Laboratory code:              US03L
Instrument type:              filterpack
Instrument name:              filterpack_US9081_YELL2
Method ref:                   US03L_IMPROVE_Davis
starttime endtime Fe flag_Fe Pb flag_Pb Mg++ flag_Mg++ Ni flag_Ni NO3- flag_NO3- OC flag_OC OM flag_OM P flag_P PM10 flag_PM10 PM10-PM2.5 flag_PM10-PM2.5 PM2.5 flag_PM2.5 K+ flag_K+ SO4-- flag_SO4--
[from data line 75]
227.291667 228.291667 999.99 0.699000 99.99 0.699000 9.999 0.699000000 9.99 0.699000000 0.096 0.000  13.267 0.000  18.573 0.000 999.99 0.699000000  31.102 0.000 99.999 0.999 99.999 0.699 9.999 0.699000 0.431 0.000
230.291667 231.291667 999.99 0.699000 99.99 0.699000 9.999 0.699000000 9.99 0.699000000 0.068 0.000  14.536 0.000  20.351 0.000 999.99 0.699000000  31.245 0.000 99.999 0.999 99.999 0.699 9.999 0.699000 0.278 0.000
233.291667 234.291667  14.09 0.000000  0.40 0.000000 0.037 0.000000000 0.06 0.000000000 0.022 0.000   2.004 0.000   2.806 0.000 999.99 0.259000000   5.182 0.000  1.161 0.000  4.021 0.000 0.024 0.000000 0.129 0.000
236.291667 237.291667  10.44 0.000000  0.21 0.000000 9.999 0.259000000 9.99 0.259000000 0.021 0.559   3.630 0.000   5.081 0.000 999.99 0.259000000   7.822 0.000  1.199 0.000  6.623 0.000 0.014 0.000000 0.140 0.559
239.291667 240.291667  13.23 0.000000  0.20 0.000000 9.999 0.259000000 9.99 0.259000000 0.011 0.559   0.984 0.000   1.377 0.000 999.99 0.259000000   5.263 0.000  2.424 0.000  2.840 0.000 0.018 0.000000 0.122 0.559
242.291667 243.291667   9.75 0.000000  0.23 0.000000 9.999 0.259000000 0.14 0.000000000 0.035 0.559   2.811 0.000   3.935 0.000 999.99 0.259000000   7.054 0.000  1.395 0.000  5.660 0.000 0.018 0.000000 0.160 0.559
245.291667 246.291667  16.57 0.000000  0.30 0.000000 9.999 0.259000000 0.05 0.000000000 0.020 0.559   4.289 0.000   6.005 0.000 999.99 0.259000000  10.435 0.000  2.020 0.000  8.415 0.000 0.051 0.000000 0.188 0.559
248.291667 249.291667  12.31 0.000000  0.21 0.000000 9.999 0.259000000 9.99 0.259000000 0.011 0.000   2.552 0.000   3.573 0.000 999.99 0.259000000   6.687 0.000  1.025 0.000  5.662 0.000 0.029 0.000000 0.258 0.000
251.291667 252.291667   5.70 0.000000  0.17 0.000000 9.999 0.259000000 9.99 0.259000000 0.008 0.559   0.352 0.000   0.493 0.000 999.99 0.259000000   2.362 0.000  1.288 0.000  1.074 0.000 0.008 0.000000 0.064 0.559
254.291667 255.291667   7.79 0.559000  0.15 0.559000 9.999 0.559259000 0.06 0.559000000 0.012 0.559   0.526 0.000   0.736 0.000 999.99 0.559259000   2.271 0.000  1.193 0.000  1.078 0.559 0.009 0.559000 0.054 0.559
257.291667 258.291667  14.43 0.000000  0.30 0.000000 9.999 0.259000000 9.99 0.259000000 0.017 0.000   1.037 0.000   1.452 0.000 999.99 0.259000000   5.090 0.000  2.599 0.000  2.491 0.000 0.030 0.000000 0.083 0.000
260.291667 261.291667   8.15 0.000000  0.18 0.000000 0.047 0.000000000 0.06 0.000000000 0.024 0.559   0.389 0.000   0.544 0.000 999.99 0.259000000   2.265 0.000  1.287 0.000  0.979 0.000 0.016 0.000000 0.046 0.559
263.291667 264.291667  25.59 0.000000  0.45 0.000000 9.999 0.259000000 9.99 0.259000000 0.016 0.559   0.693 0.000   0.970 0.000 999.99 0.259000000   5.208 0.000  3.295 0.000  1.914 0.000 0.029 0.000000 0.100 0.559
266.291667 267.291667  21.84 0.000000  0.32 0.000000 9.999 0.259000000 9.99 0.259000000 0.009 0.559   1.405 0.000   1.967 0.000 999.99 0.259000000   7.203 0.000  3.841 0.000  3.362 0.000 0.025 0.000000 0.055 0.559
269.291667 270.291667  19.57 0.559000  0.39 0.559000 9.999 0.559259000 9.99 0.559259000 0.006 0.559   1.301 0.000   1.821 0.000 999.99 0.559259000   4.750 0.000  1.710 0.000  3.040 0.559 0.019 0.559000 0.074 0.559
272.291667 273.291667  12.73 0.559394  0.27 0.559394 9.999 0.559394259 9.99 0.559394259 0.011 0.394   0.695 0.000   0.972 0.000 999.99 0.559394259   5.354 0.000  2.085 0.000  3.268 0.559 0.013 0.559394 0.245 0.394
275.291667 276.291667 999.99 0.999000 99.99 0.999000 9.999 0.999000000 9.99 0.999000000 9.999 0.999 999.999 0.999 999.999 0.999 999.99 0.999000000 999.999 0.999 99.999 0.999 99.999 0.999 9.999 0.999000 9.999 0.999
278.291667 279.291667 999.99 0.999000 99.99 0.999000 9.999 0.999000000 9.99 0.999000000 9.999 0.999 999.999 0.999 999.999 0.999 999.99 0.999000000 999.999 0.999 99.999 0.999 99.999 0.999 9.999 0.999000 9.999 0.999
281.291667 282.291667  52.22 0.000000  0.44 0.000000 0.026 0.000000000 0.14 0.000000000 0.015 0.000   0.823 0.000   1.153 0.000 999.99 0.259000000  10.556 0.000  7.205 0.000  3.350 0.000 0.047 0.000000 0.088 0.000
284.291667 285.291667  44.07 0.000000  0.32 0.000000 0.020 0.000000000 9.99 0.259000000 0.013 0.000   0.688 0.000   0.963 0.000  19.23 0.000000000  10.269 0.000  7.233 0.000  3.036 0.000 0.042 0.000000 0.072 0.000
287.291667 288.291667  26.15 0.000000  0.26 0.000000 0.024 0.000000000 0.07 0.000000000 0.018 0.000   0.302 0.000   0.423 0.000 999.99 0.259000000   4.785 0.000  2.987 0.000  1.798 0.000 0.024 0.000000 0.077 0.000
290.291667 291.291667  42.96 0.000000  0.73 0.000000 9.999 0.259000000 9.99 0.259000000 0.022 0.000   1.122 0.000   1.571 0.000 999.99 0.259000000   7.459 0.000  3.715 0.000  3.744 0.000 0.056 0.000000 0.143 0.000
293.291667 294.291667  35.33 0.000000  0.61 0.000000 9.999 0.259000000 0.05 0.000000000 0.017 0.000   1.065 0.000   1.491 0.000 999.99 0.259000000   5.651 0.000  2.110 0.000  3.541 0.000 0.052 0.000000 0.134 0.000
296.291667 297.291667  75.13 0.559000  0.26 0.559000 9.999 0.559259000 9.99 0.559259000 0.020 0.000   0.381 0.000   0.533 0.000 999.99 0.559259000   9.715 0.000  6.720 0.000  2.995 0.559 0.049 0.559000 0.058 0.000
299.291667 300.291667  32.55 0.000000  0.41 0.000000 0.018 0.000000000 0.12 0.000000000 0.091 0.000   0.999 0.000   1.398 0.000 999.99 0.259000000   6.095 0.000  3.088 0.000  3.007 0.000 0.040 0.000000 0.068 0.000
302.291667 303.291667 999.99 0.999000 99.99 0.999000 9.999 0.999000000 9.99 0.999000000 9.999 0.999 999.999 0.999 999.999 0.999 999.99 0.999000000 999.999 0.999 99.999 0.999 99.999 0.999 9.999 0.999000 9.999 0.999
305.291667 306.291667  10.87 0.000000  0.24 0.000000 0.013 0.000000000 9.99 0.259000000 0.058 0.000   0.509 0.000   0.713 0.000 999.99 0.259000000   3.078 0.000  0.910 0.000  2.168 0.000 0.018 0.000000 0.167 0.000
308.291667 309.291667  16.60 0.000000  0.53 0.000000 9.999 0.259000000 9.99 0.259000000 0.126 0.000   0.794 0.000   1.112 0.000 999.99 0.259000000   4.467 0.000  1.041 0.000  3.426 0.000 0.034 0.000000 0.247 0.000
311.291667 312.291667   3.24 0.000000  0.36 0.000000 9.999 0.259000000 9.99 0.259000000 0.011 0.000   0.461 0.000   0.645 0.000 999.99 0.259000000   1.493 0.000  0.222 0.000  1.271 0.000 0.006 0.000000 0.095 0.000
314.291667 315.291667   8.74 0.000000  0.30 0.000000 0.021 0.000000000 9.99 0.259000000 0.016 0.000   0.141 0.000   0.198 0.000 999.99 0.259000000   2.971 0.000  2.323 0.000  0.648 0.000 0.008 0.000000 0.023 0.000
317.291667 318.291667   5.89 0.000000  0.42 0.000000 9.999 0.259000000 9.99 0.259000000 0.029 0.000   0.552 0.000   0.773 0.000 999.99 0.259000000   1.745 0.000  0.282 0.000  1.464 0.000 0.008 0.000000 0.104 0.000
320.291667 321.291667   2.12 0.000000  0.12 0.000000 0.025 0.000000000 9.99 0.259000000 0.004 0.000   0.133 0.000   0.186 0.000 999.99 0.259000000   0.971 0.000  0.602 0.000  0.369 0.000 0.004 0.000000 0.010 0.000
323.291667 324.291667  17.42 0.000000  0.21 0.000000 0.034 0.000000000 9.99 0.259000000 0.036 0.000   0.253 0.000   0.354 0.000 999.99 0.259000000   3.825 0.000  2.616 0.000  1.209 0.000 0.011 0.000000 0.055 0.000
326.291667 327.291667   4.25 0.000000  0.41 0.000000 9.999 0.259000000 0.04 0.000000000 0.103 0.000   0.582 0.000   0.815 0.000 999.99 0.259000000   2.944 0.000  0.444 0.000  2.500 0.000 0.014 0.000000 0.145 0.000
329.291667 330.291667   9.32 0.000000  0.07 0.000000 9.999 0.259000000 0.18 0.000000000 0.036 0.000   0.117 0.000   0.164 0.000 999.99 0.259000000   1.019 0.000  0.182 0.000  0.837 0.000 0.009 0.000000 0.036 0.000
332.291667 333.291667   7.08 0.000000  0.38 0.000000 0.022 0.000000000 0.07 0.000000000 0.008 0.000   0.122 0.000   0.170 0.000 999.99 0.259000000   1.077 0.000  0.251 0.000  0.826 0.000 0.006 0.000000 0.050 0.000
335.291667 336.291667   5.98 0.000000  0.62 0.000000 0.121 0.000000000 0.07 0.000000000 0.208 0.000   0.597 0.000   0.836 0.000 999.99 0.259000000   3.231 0.000  0.453 0.000  2.778 0.000 0.008 0.000000 0.162 0.000
338.291667 339.291667   8.97 0.000000  1.61 0.000000 0.041 0.000000000 9.99 0.259000000 0.010 0.000   0.737 0.000   1.032 0.000 999.99 0.259000000   1.820 0.000  0.246 0.000  1.574 0.000 0.011 0.000000 0.045 0.000
341.291667 342.291667   1.73 0.000000  0.10 0.000000 9.999 0.259000000 9.99 0.259000000 0.006 0.000   0.189 0.000   0.264 0.000 999.99 0.259000000   0.557 0.000  0.096 0.000  0.461 0.000 0.001 0.000000 0.020 0.000
344.291667 345.291667   1.26 0.000000  0.23 0.000000 0.098 0.000000000 0.07 0.000000000 0.022 0.000   0.097 0.000   0.136 0.000 999.99 0.259000000   0.784 0.000  0.077 0.000  0.707 0.000 0.003 0.000000 0.052 0.000
347.291667 348.291667   1.46 0.000000  0.25 0.000000 9.999 0.259000000 9.99 0.259000000 0.012 0.000   0.085 0.000   0.119 0.000 999.99 0.259000000   0.966 0.000  0.405 0.000  0.560 0.000 0.002 0.000000 0.043 0.000
350.291667 351.291667   2.41 0.000000  0.34 0.000000 9.999 0.259000000 9.99 0.259000000 0.037 0.000   0.169 0.000   0.236 0.000 999.99 0.259000000   0.560 0.000  0.253 0.000  0.307 0.000 0.004 0.000000 0.021 0.000
353.291667 354.291667   2.74 0.000000  0.14 0.000000 0.067 0.000000000 9.99 0.259000000 0.027 0.000   0.276 0.000   0.387 0.000 999.99 0.259000000   0.933 0.000  0.317 0.000  0.617 0.000 0.003 0.000000 0.059 0.000
356.291667 357.291667   9.91 0.000000  0.19 0.000000 9.999 0.259000000 0.06 0.000000000 0.005 0.000   0.194 0.000   0.271 0.000 999.99 0.259000000   0.948 0.000  0.325 0.000  0.624 0.000 0.008 0.000000 0.031 0.000
359.291667 360.291667   1.24 0.000000  0.25 0.000000 9.999 0.259000000 9.99 0.259000000 0.003 0.000   0.231 0.000   0.323 0.000 999.99 0.259000000   0.676 0.000  0.519 0.000  0.156 0.000 0.001 0.000000 0.028 0.000
362.291667 363.291667   3.53 0.000000 99.99 0.259000 9.999 0.259000000 9.99 0.259000000 0.007 0.000   0.231 0.000   0.324 0.000 999.99 0.259000000   0.881 0.000  0.348 0.000  0.533 0.000 0.003 0.000000 0.065 0.000
