scripts/IMPROVE-2019_partial/data/US9008R.20060102050000.20191216000000.filterpack..pm25.52w.1w.US03L_filterpack_US9008.US03L_IMPROVE_Davis.lev2.nas
66 1001
MISSING INFORMATION
US03L, IMPROVE, , , , , , , 
MISSING INFORMATION
IMPROVE sel_HTAP
1 1
2006 01 01 2019 12 16
3.000000
days from file reference point
27
1 1 1 1 1 1 1 1 1 1 1 1 1 1 1 1 1 1 1 1 1 1 1 1 1 1 1
999.999999 9999.99 9.999 99.99 9.999 9.999 9.999999 99.99 9.999999 9.999 9.999 99.999 9.999 999.999 9.999 999.99 9.999999 999.999 9.999 999.999 9.999 999.999 9.999 9.999 9.999 99.999 9.999
end_time of measurement, days from the file reference point
iron, ng/m3, Revision date=20181210133000
numflag iron, no unit, Revision date=20181210133000
lead, ng/m3, Revision date=20181210133000
numflag lead, no unit, Revision date=20181210133000
magnesium, ug/m3, Revision date=20181210133000
numflag magnesium, no unit, Revision date=20181210133000
nickel, ng/m3, Revision date=20181210133000
numflag nickel, no unit, Revision date=20181210133000
nitrate, ug N/m3, Revision date=20181210133000
numflag nitrate, no unit, Revision date=20181210133000
organic_carbon, ug C/m3, Revision date=20181210133000
numflag organic_carbon, no unit, Revision date=20181210133000
organic_mass, ug/m3, Revision date=20181210133000
numflag organic_mass, no unit, Revision date=20181210133000
phosphorus, ng/m3, Revision date=20181210133000
numflag phosphorus, no unit, Revision date=20181210133000
pm10_mass, ug/m3, Version=2, Version description=Data extracted from http://views.cira.colostate.edu/fed/DataWizard 2019-12-16, Sample duration=1d, Orig. time res.=3d, Matrix=pm10, Blank correction=Blank corrected, Volume std. temperature=ambient, Volume std. pressure=ambient
numflag pm10_mass, no unit, Version=2, Version description=Data extracted from http://views.cira.colostate.edu/fed/DataWizard 2019-12-16, Sample duration=1d, Orig. time res.=3d, Matrix=pm10, Blank correction=Blank corrected, Volume std. temperature=ambient, Volume std. pressure=ambient
pm10_pm25_mass, ug/m3, Revision date=20181210133000, Matrix=pm10_pm25
numflag pm10_pm25_mass, no unit, Revision date=20181210133000, Matrix=pm10_pm25
pm25_mass, ug/m3, Version=2, Version description=Data extracted from http://views.cira.colostate.edu/fed/DataWizard 2019-12-16, Sample duration=1d, Orig. time res.=3d, Blank correction=Blank corrected, Volume std. temperature=ambient, Volume std. pressure=ambient
numflag pm25_mass, no unit, Version=2, Version description=Data extracted from http://views.cira.colostate.edu/fed/DataWizard 2019-12-16, Sample duration=1d, Orig. time res.=3d, Blank correction=Blank corrected, Volume std. temperature=ambient, Volume std. pressure=ambient
potassium, ug/m3, Revision date=20181210133000
numflag potassium, no unit, Revision date=20181210133000
sulphate_total, ug S/m3, Revision date=20181210133000
numflag sulphate_total, no unit, Revision date=20181210133000
0
25
Data definition:              EBAS_1.1
Set type code:                TU
Timezone:                     UTC
File name:                    US9008R.20060102050000.20191216000000.filterpack..pm25.52w.1w.US03L_filterpack_US9008.US03L_IMPROVE_Davis.lev2.nas
File creation:                20191218120539
Startdate:                    20060102050000
Revision date:                20191216000000
Statistics:                   arithmetic mean
Data level:                   2
Period code:                  52w
Resolution code:              1w
Station code:                 US9008R
Platform code:                US9008S
Station name:                 Presque Isle
Station latitude:             46.6964
Station longitude:            -68.0333
Station altitude:             165.0 m
Regime:                       IMG
Component:                    
Matrix:                       pm25
Laboratory code:              US03L
Instrument type:              filterpack
Instrument name:              filterpack_US9008
Method ref:                   US03L_IMPROVE_Davis
starttime endtime Fe flag_Fe Pb flag_Pb Mg++ flag_Mg++ Ni flag_Ni NO3- flag_NO3- OC flag_OC OM flag_OM P flag_P PM10 flag_PM10 PM10-PM2.5 flag_PM10-PM2.5 PM2.5 flag_PM2.5 K+ flag_K+ SO4-- flag_SO4--
  1.208333   2.208333    4.86 0.000  1.72 0.000 0.013 0.000000  0.43 0.000000 0.104 0.559  1.356 0.000   1.898 0.000 999.99 0.259000   7.603 0.000   2.430 0.000   5.173 0.000 0.081 0.000  0.397 0.559
  4.208333   5.208333   12.88 0.000  0.90 0.000 0.028 0.000000  1.33 0.000000 0.200 0.000  2.723 0.000   3.813 0.000 999.99 0.259000  12.347 0.000   2.208 0.000  10.139 0.000 0.092 0.000  1.072 0.000
  7.208333   8.208333    6.95 0.000  2.10 0.000 0.011 0.000000  0.33 0.000000 0.210 0.000  2.310 0.000   3.234 0.000 999.99 0.259000   9.386 0.000   1.778 0.000   7.609 0.000 0.083 0.000  0.507 0.000
 10.208333  11.208333   15.70 0.000  1.82 0.000 0.009 0.000000  2.03 0.000000 0.184 0.000  1.496 0.000   2.094 0.000 999.99 0.259000   7.292 0.000   1.211 0.000   6.080 0.000 0.048 0.000  0.694 0.000
 13.208333  14.208333    8.65 0.000  1.14 0.000 9.999 0.259000  0.93 0.000000 0.072 0.000  0.715 0.000   1.000 0.000 999.99 0.259000   4.454 0.000   0.389 0.000   4.065 0.000 0.026 0.000  0.580 0.000
 16.208333  17.208333    5.10 0.000  0.66 0.000 0.010 0.000000  0.37 0.000000 0.043 0.000  0.869 0.000   1.217 0.000 999.99 0.259000   5.865 0.000   2.937 0.000   2.929 0.000 0.275 0.000  0.224 0.000
 19.208333  20.208333   18.15 0.000  1.42 0.000 0.010 0.000000  0.67 0.000000 0.184 0.000  1.402 0.000   1.963 0.000 999.99 0.259000   8.451 0.000   2.766 0.000   5.685 0.000 0.048 0.000  0.638 0.000
 22.208333  23.208333   34.76 0.000  1.52 0.000 9.999 0.259000  0.68 0.000000 0.067 0.000  1.341 0.000   1.877 0.000 999.99 0.259000  13.605 0.000   9.231 0.000   4.374 0.000 0.059 0.000  0.347 0.000
 25.208333  26.208333 9999.99 0.999 99.99 0.999 9.999 0.999000 99.99 0.999000 9.999 0.999 99.999 0.999 999.999 0.999 999.99 0.999000 999.999 0.999 999.999 0.999 999.999 0.999 9.999 0.999 99.999 0.999
 28.208333  29.208333 9999.99 0.999 99.99 0.999 9.999 0.999000 99.99 0.999000 9.999 0.999 99.999 0.999 999.999 0.999 999.99 0.999000 999.999 0.999 999.999 0.999 999.999 0.999 9.999 0.999 99.999 0.999
 31.208333  32.208333    5.65 0.000  1.17 0.000 9.999 0.259000  0.20 0.000000 0.059 0.000  0.584 0.000   0.818 0.000 999.99 0.259000   6.708 0.000   3.165 0.000   3.543 0.000 0.074 0.000  0.315 0.000
 34.208333  35.208333   14.63 0.000  1.83 0.000 0.022 0.000000  1.17 0.000000 0.027 0.559  1.227 0.000   1.718 0.000 999.99 0.259000   7.855 0.000   1.029 0.000   6.826 0.000 0.038 0.000  1.109 0.559
 37.208333  38.208333   24.99 0.000  1.04 0.000 0.024 0.000000  2.67 0.000000 0.130 0.000  0.681 0.000   0.954 0.000 999.99 0.259000  14.505 0.000   9.726 0.000   4.779 0.000 0.045 0.000  0.390 0.000
 40.208333  41.208333   66.91 0.000  2.10 0.000 9.999 0.259000 99.99 0.259000 0.050 0.000  0.679 0.000   0.951 0.000 999.99 0.259000  22.389 0.000  17.275 0.000   5.114 0.000 0.071 0.000  0.579 0.000
 43.208333  44.208333   21.30 0.000  1.31 0.000 9.999 0.259000  0.31 0.000000 0.031 0.000  0.602 0.000   0.843 0.000 999.99 0.259000  12.527 0.000   9.322 0.000   3.204 0.000 0.057 0.000  0.414 0.000
 46.208333  47.208333   29.42 0.000  0.95 0.000 9.999 0.259000  0.47 0.000000 0.113 0.000  0.770 0.000   1.078 0.000 999.99 0.259000  14.272 0.000  10.406 0.000   3.866 0.000 0.042 0.000  0.426 0.000
 49.208333  50.208333   12.92 0.000  1.87 0.000 0.023 0.000000  0.32 0.000000 0.063 0.000  0.551 0.000   0.771 0.000 999.99 0.259000   8.910 0.000   5.707 0.000   3.203 0.000 0.049 0.000  0.293 0.000
 52.208333  53.208333   48.78 0.000  3.11 0.000 9.999 0.259000  0.45 0.000000 0.502 0.000  3.252 0.000   4.553 0.000 999.99 0.259000  26.352 0.000  11.829 0.000  14.523 0.000 0.142 0.000  1.257 0.000
 55.208333  56.208333   20.82 0.000  0.78 0.000 9.999 0.259000  0.17 0.000000 0.039 0.000  0.455 0.000   0.637 0.000 999.99 0.259000  11.293 0.000   8.257 0.000   3.036 0.000 0.339 0.000  0.291 0.000
 58.208333  59.208333   10.76 0.000  1.23 0.000 9.999 0.259000  0.61 0.000000 0.056 0.000  0.527 0.000   0.738 0.000 999.99 0.259000   9.275 0.000   6.773 0.000   2.501 0.000 0.029 0.000  0.236 0.000
 61.208333  62.208333   16.09 0.000  0.66 0.000 9.999 0.259000  0.29 0.000000 0.123 0.000  0.510 0.000   0.713 0.000 999.99 0.259000  10.671 0.000   6.533 0.000   4.138 0.000 0.044 0.000  0.244 0.000
 64.208333  65.208333   38.81 0.000  0.71 0.000 9.999 0.259000  0.13 0.000000 0.037 0.000  0.787 0.000   1.103 0.000 999.99 0.259000  18.121 0.000  14.833 0.000   3.288 0.000 0.286 0.000  0.208 0.000
 67.208333  68.208333   88.61 0.000  1.79 0.000 9.999 0.259000  0.34 0.000000 0.110 0.000  1.380 0.000   1.933 0.000 999.99 0.259000  28.699 0.000  23.091 0.000   5.608 0.000 0.134 0.000  0.374 0.000
 70.208333  71.208333   18.70 0.000  1.93 0.000 9.999 0.259000  0.21 0.000000 0.060 0.000  1.051 0.000   1.471 0.000 999.99 0.259000   8.075 0.000   3.631 0.000   4.444 0.000 0.046 0.000  0.507 0.000
 73.208333  74.208333   10.50 0.000  0.61 0.000 9.999 0.259000  0.45 0.000000 0.038 0.000  0.343 0.000   0.480 0.000 999.99 0.259000   6.248 0.000   4.132 0.000   2.116 0.000 0.022 0.000  0.261 0.000
 76.208333  77.208333   24.35 0.000  1.09 0.000 0.009 0.000000 99.99 0.259000 0.046 0.559  0.463 0.000   0.648 0.000 999.99 0.259000  11.442 0.000   7.986 0.000   3.456 0.000 0.040 0.000  0.395 0.559
 79.208333  80.208333   12.34 0.000  0.56 0.000 9.999 0.259000 99.99 0.259000 0.011 0.000  0.367 0.000   0.513 0.000 999.99 0.259000   8.425 0.000   6.419 0.000   2.006 0.000 0.078 0.000  0.186 0.000
 82.208333  83.208333   89.59 0.000  0.81 0.000 9.999 0.259000  0.43 0.000000 0.075 0.000  1.026 0.000   1.436 0.000 999.99 0.259000  23.710 0.000  18.971 0.000   4.739 0.000 0.113 0.000  0.143 0.000
 85.208333  86.208333   72.50 0.000  1.71 0.000 9.999 0.259000 99.99 0.259000 0.019 0.000  0.632 0.000   0.885 0.000 999.99 0.259000  22.372 0.000  16.836 0.000   5.536 0.000 0.632 0.000  0.522 0.000
 88.208333  89.208333  139.54 0.000  2.69 0.000 9.999 0.259000  0.47 0.000000 0.048 0.000  1.193 0.000   1.670 0.000 999.99 0.259000  29.338 0.000  22.342 0.000   6.996 0.000 0.125 0.000  0.464 0.000
 91.208333  92.208333   20.96 0.000  0.32 0.000 0.011 0.000000  0.08 0.000000 0.015 0.000  0.361 0.000   0.505 0.000 999.99 0.259000   9.625 0.000   7.278 0.000   2.347 0.000 0.119 0.000  0.276 0.000
 94.208333  95.208333   11.05 0.000  0.18 0.000 9.999 0.259000  0.15 0.000000 0.020 0.000  0.334 0.000   0.467 0.000 999.99 0.259000   2.885 0.000   1.079 0.000   1.806 0.000 0.021 0.000  0.189 0.000
 97.208333  98.208333   13.39 0.000  0.61 0.000 9.999 0.259000  0.19 0.000000 0.024 0.000  0.289 0.000   0.405 0.000 999.99 0.259000   5.003 0.000   2.567 0.000   2.437 0.000 0.051 0.000  0.354 0.000
100.208333 101.208333  114.83 0.000  1.35 0.000 0.041 0.000000  0.58 0.000000 0.022 0.000  0.804 0.000   1.126 0.000 999.99 0.259000  30.269 0.000  24.849 0.000   5.421 0.000 0.088 0.000  0.449 0.000
103.208333 104.208333   52.44 0.000  0.83 0.000 0.016 0.000000  0.19 0.000000 0.008 0.000  0.613 0.000   0.858 0.000 999.99 0.259000  14.845 0.000   9.834 0.000   5.012 0.000 0.047 0.000  0.725 0.000
106.208333 107.208333    4.25 0.000  0.14 0.000 0.006 0.000000 99.99 0.259000 0.006 0.000  0.116 0.000   0.162 0.000 999.99 0.259000   2.345 0.000   1.609 0.000   0.736 0.000 0.007 0.000  0.075 0.000
109.208333 110.208333   60.85 0.000  0.45 0.000 9.999 0.259000 99.99 0.259000 0.011 0.559  0.595 0.000   0.833 0.000 999.99 0.259000  11.120 0.000   7.749 0.000   3.371 0.000 0.042 0.000  0.203 0.559
112.208333 113.208333   92.15 0.000  2.03 0.000 0.033 0.000000  0.13 0.000000 0.024 0.559  1.189 0.000   1.664 0.000 999.99 0.259000  16.781 0.000  11.637 0.000   5.144 0.000 0.078 0.000  0.262 0.559
115.208333 116.208333   42.79 0.000  0.69 0.000 0.018 0.000000  0.36 0.000000 0.008 0.559  0.330 0.000   0.461 0.000 999.99 0.259000  11.971 0.000   9.442 0.000   2.529 0.000 0.031 0.000  0.211 0.559
118.208333 119.208333   33.66 0.000  1.28 0.000 0.016 0.000000  0.22 0.000000 0.018 0.559  0.718 0.559   1.005 0.559 999.99 0.259000   9.434 0.000   6.541 0.000   2.893 0.000 0.048 0.000  0.136 0.559
121.208333 122.208333   49.83 0.000  1.94 0.000 9.999 0.259000 99.99 0.259000 0.027 0.559  0.633 0.000   0.886 0.000 999.99 0.259000   6.454 0.000   2.395 0.000   4.059 0.000 0.045 0.000  0.313 0.559
124.208333 125.208333  227.32 0.000  1.51 0.000 0.030 0.000000  0.21 0.000000 0.027 0.559  1.381 0.000   1.933 0.000 999.99 0.259000  49.813 0.000  40.285 0.000   9.528 0.000 0.139 0.000  0.579 0.559
127.208333 128.208333   46.08 0.000  1.46 0.000 9.999 0.259000  0.31 0.000000 0.022 0.559  0.957 0.000   1.340 0.000 999.99 0.259000  10.340 0.000   6.144 0.000   4.196 0.000 0.040 0.000  0.347 0.559
130.208333 131.208333   77.00 0.000  0.52 0.000 0.017 0.000000  0.51 0.000000 0.038 0.559  0.564 0.000   0.789 0.000 999.99 0.259000   9.537 0.000   4.903 0.000   4.634 0.000 0.052 0.000  0.408 0.559
133.208333 134.208333   49.16 0.000  2.84 0.000 9.999 0.259000  0.29 0.000000 0.055 0.559  2.590 0.000   3.626 0.000 999.99 0.259000  18.413 0.000   7.936 0.000  10.477 0.000 0.110 0.000  0.891 0.559
136.208333 137.208333   11.68 0.000  1.46 0.000 9.999 0.259000  0.29 0.000000 0.023 0.559  1.078 0.000   1.509 0.000 999.99 0.259000   5.915 0.000   3.054 0.000   2.860 0.000 0.033 0.000  0.154 0.559
139.208333 140.208333   13.09 0.000  1.88 0.000 0.007 0.000000  0.28 0.000000 0.053 0.559  0.933 0.000   1.307 0.000 999.99 0.259000   8.980 0.000   3.316 0.000   5.665 0.000 0.023 0.000  0.750 0.559
142.208333 143.208333    6.00 0.000  0.68 0.000 9.999 0.259000  0.30 0.000000 0.005 0.559  0.356 0.000   0.498 0.000 999.99 0.259000   5.717 0.000   4.337 0.000   1.381 0.000 0.093 0.000  0.067 0.559
145.208333 146.208333   38.57 0.000  1.88 0.000 9.999 0.259000  0.78 0.000000 0.082 0.559  1.693 0.000   2.370 0.000 999.99 0.259000  17.095 0.000   7.130 0.000   9.966 0.000 0.045 0.000  1.136 0.559
148.208333 149.208333   35.68 0.000  2.21 0.000 9.999 0.259000 99.99 0.259000 0.015 0.559  1.851 0.000   2.591 0.000 999.99 0.259000  11.730 0.000   6.825 0.000   4.905 0.000 0.107 0.000  0.200 0.559
151.208333 152.208333   40.70 0.000  4.41 0.000 9.999 0.259000  0.35 0.000000 0.022 0.559  1.645 0.000   2.303 0.000 999.99 0.259000  16.801 0.000   8.437 0.000   8.364 0.000 0.140 0.000  0.941 0.559
154.208333 155.208333   23.44 0.000  0.89 0.000 9.999 0.259000  0.19 0.000000 0.010 0.559  0.966 0.000   1.353 0.000 999.99 0.259000   5.849 0.000   2.780 0.000   3.069 0.000 0.022 0.000  0.127 0.559
157.208333 158.208333   28.45 0.000  0.99 0.000 0.016 0.000000  0.19 0.000000 0.016 0.559  2.479 0.000   3.470 0.000 999.99 0.259000  15.066 0.000   8.366 0.000   6.700 0.000 0.076 0.000  0.264 0.559
160.208333 161.208333    7.29 0.000  1.21 0.000 0.011 0.000000  0.23 0.000000 0.013 0.559  0.640 0.000   0.897 0.000 999.99 0.259000   6.549 0.000   2.680 0.000   3.869 0.000 0.022 0.000  0.481 0.559
163.208333 164.208333   24.45 0.000  1.69 0.000 9.999 0.259000  0.32 0.000000 0.023 0.559  2.048 0.000   2.867 0.000 999.99 0.259000  12.605 0.000   6.703 0.000   5.902 0.000 0.154 0.000  0.183 0.559
166.208333 167.208333   34.27 0.000  0.71 0.000 0.011 0.000000 99.99 0.259000 0.006 0.559  2.183 0.000   3.056 0.000 999.99 0.259000  11.840 0.000   5.816 0.000   6.024 0.000 0.043 0.000  0.175 0.559
169.208333 170.208333   43.22 0.000  2.19 0.000 0.062 0.000000  1.34 0.000000 0.105 0.559  3.282 0.000   4.596 0.000 999.99 0.259000  28.474 0.000   8.563 0.000  19.910 0.000 0.063 0.000  2.592 0.559
172.208333 173.208333   34.39 0.000  1.16 0.000 0.015 0.000000  0.77 0.000000 0.028 0.559  2.135 0.000   2.989 0.000 999.99 0.259000  16.447 0.000   6.726 0.000   9.721 0.000 0.030 0.000  0.885 0.559
175.208333 176.208333   15.55 0.000  1.17 0.000 0.008 0.000000  0.28 0.000000 0.011 0.559  1.756 0.000   2.459 0.000 999.99 0.259000   9.042 0.000   3.746 0.000   5.296 0.000 0.034 0.000  0.257 0.559
178.208333 179.208333   14.60 0.000  0.32 0.000 0.028 0.000000  0.35 0.000000 0.035 0.559  0.460 0.000   0.644 0.000 999.99 0.259000   9.000 0.000   5.316 0.000   3.684 0.000 0.019 0.000  0.401 0.559
181.208333 182.208333    7.58 0.000  0.46 0.000 9.999 0.259000  0.19 0.000000 0.005 0.559  0.997 0.000   1.795 0.000 999.99 0.259000   8.171 0.000   4.960 0.000   3.211 0.000 0.036 0.000  0.154 0.559
184.208333 185.208333   12.44 0.000  1.81 0.000 9.999 0.259000  0.18 0.000000 0.017 0.559  2.186 0.000   3.934 0.000 999.99 0.259000  10.662 0.000   3.510 0.000   7.152 0.000 0.060 0.000  0.401 0.559
187.208333 188.208333   20.72 0.000  1.56 0.000 9.999 0.259000  0.17 0.000000 0.011 0.559  1.930 0.000   3.474 0.000 999.99 0.259000  12.778 0.000   6.481 0.000   6.297 0.000 0.067 0.000  0.145 0.559
190.208333 191.208333   33.75 0.000  2.60 0.000 9.999 0.259000  0.21 0.000000 0.021 0.559  2.836 0.000   5.104 0.000 999.99 0.259000  24.007 0.000   5.950 0.000  18.057 0.000 0.052 0.000  2.321 0.559
193.208333 194.208333   24.98 0.000  0.78 0.000 0.009 0.000000  0.30 0.000000 0.016 0.559  1.760 0.000   3.167 0.000 999.99 0.259000  11.642 0.000   3.289 0.000   8.352 0.000 0.026 0.000  0.992 0.559
196.208333 197.208333   12.33 0.000  1.41 0.000 9.999 0.259000  0.28 0.000000 0.013 0.559  2.301 0.000   4.141 0.000 999.99 0.259000  11.698 0.000   2.446 0.000   9.252 0.000 0.026 0.000  1.003 0.559
199.208333 200.208333   22.35 0.000  1.57 0.000 0.006 0.000000  0.19 0.000000 0.009 0.559  0.991 0.000   1.783 0.000 999.99 0.259000   7.750 0.000   4.964 0.000   2.786 0.000 0.027 0.000  0.098 0.559
202.208333 203.208333   14.46 0.000  1.00 0.000 9.999 0.259000  0.20 0.000000 0.011 0.559  1.729 0.000   3.112 0.000 999.99 0.259000   8.709 0.000   4.090 0.000   4.619 0.000 0.053 0.000  0.271 0.559
205.208333 206.208333   17.35 0.000  2.29 0.000 9.999 0.259000  0.29 0.000000 0.016 0.559  1.793 0.000   3.227 0.000 999.99 0.259000  12.421 0.000   4.194 0.000   8.227 0.000 0.035 0.000  0.829 0.559
208.208333 209.208333   28.63 0.000  1.65 0.000 9.999 0.259000  1.22 0.000000 0.017 0.559  2.699 0.000   4.858 0.000 999.99 0.259000  27.579 0.000   4.151 0.000  23.428 0.000 0.031 0.000  3.933 0.559
211.208333 212.208333   34.76 0.000  2.28 0.000 0.011 0.000000  0.34 0.000000 0.015 0.559  1.357 0.000   2.443 0.000 999.99 0.259000  10.731 0.000   6.837 0.000   3.894 0.000 0.043 0.000  0.092 0.559
214.208333 215.208333   38.38 0.000  6.47 0.000 9.999 0.259000  0.49 0.000000 0.008 0.559  2.196 0.000   3.953 0.000 999.99 0.259000  15.335 0.000   8.928 0.000   6.407 0.000 0.052 0.000  0.187 0.559
217.208333 218.208333    9.05 0.000  0.79 0.000 0.005 0.000000  0.14 0.000000 0.008 0.559  0.914 0.000   1.644 0.000 999.99 0.259000   4.724 0.000   2.108 0.000   2.616 0.000 0.020 0.000  0.112 0.559
220.208333 221.208333   47.67 0.000  1.13 0.000 0.027 0.000000  0.50 0.000000 0.012 0.559  1.035 0.000   1.863 0.000 999.99 0.259000  10.466 0.000   7.327 0.000   3.139 0.000 0.047 0.000  0.071 0.559
223.208333 224.208333    4.01 0.456  1.17 0.456 9.999 0.456259 99.99 0.456259 0.008 0.559  0.401 0.000   0.722 0.000 999.99 0.456259   3.091 0.000 999.999 0.456 999.999 0.456 0.032 0.456  0.052 0.559
226.208333 227.208333   17.58 0.000  2.64 0.000 9.999 0.259000  0.57 0.000000 0.021 0.559  1.638 0.000   2.949 0.000 999.99 0.259000  12.464 0.000   3.263 0.000   9.201 0.000 0.029 0.000  1.044 0.559
229.208333 230.208333   23.96 0.000  0.77 0.000 9.999 0.259000  0.41 0.000000 0.008 0.559  1.693 0.000   3.048 0.000 999.99 0.259000  10.083 0.000   5.771 0.000   4.312 0.000 0.027 0.000  0.131 0.559
232.208333 233.208333    8.82 0.000  4.41 0.000 9.999 0.259000  0.23 0.000000 0.016 0.559  1.196 0.000   2.152 0.000 999.99 0.259000   7.570 0.000   3.553 0.000   4.017 0.000 0.035 0.000  0.173 0.559
235.208333 236.208333   32.76 0.000  0.55 0.000 0.010 0.000000  0.17 0.000000 0.010 0.559  0.450 0.000   0.809 0.000 999.99 0.259000   6.612 0.000   4.737 0.000   1.875 0.000 0.031 0.000  0.052 0.559
238.208333 239.208333   12.88 0.000  1.71 0.000 9.999 0.259000  0.18 0.000000 0.012 0.559  1.050 0.000   1.889 0.000 999.99 0.259000   6.370 0.000   3.044 0.000   3.327 0.000 0.031 0.000  0.127 0.559
