scripts/IMPROVE-2019_partial/data/US9063R.20000126070000.20191216000000.filterpack..pm25.11mo.1w.US03L_filterpack_US9063.US03L_IMPROVE_Davis.lev2.nas
64 1001
MISSING INFORMATION
US03L, IMPROVE, , , , , , , 
MISSING INFORMATION
IMPROVE sel_HTAP
1 1
2000 01 01 2019 12 16
0
days from file reference point
25
1 1 1 1 1 1 1 1 1 1 1 1 1 1 1 1 1 1 1 1 1 1 1 1 1
999.999999 9999.99 9.999999 99.99 9.999999 9.999 9.999999999 99.99 9.999999999 9.999 9.999999 999.999 9.999 999.999 9.999 999.999 9.999 999.999 9.999 999.999 9.999 9.999 9.999999 9.999 9.999999
end_time of measurement, days from the file reference point
iron, ng/m3, Revision date=20181210133000
numflag iron, no unit, Revision date=20181210133000
lead, ng/m3, Revision date=20181210133000
numflag lead, no unit, Revision date=20181210133000
magnesium, ug/m3, Revision date=20181210133000
numflag magnesium, no unit, Revision date=20181210133000
nickel, ng/m3, Revision date=20181210133000
numflag nickel, no unit, Revision date=20181210133000
nitrate, ug N/m3, Revision date=20181210133000
numflag nitrate, no unit, Revision date=20181210133000
organic_carbon, ug C/m3, Revision date=20181210133000
numflag organic_carbon, no unit, Revision date=20181210133000
organic_mass, ug/m3, Revision date=20181210133000
numflag organic_mass, no unit, Revision date=20181210133000
pm10_mass, ug/m3, Version=2, Version description=Data extracted from http://views.cira.colostate.edu/fed/DataWizard 2019-12-16, Sample duration=1d, Orig. time res.=3d, Matrix=pm10, Blank correction=Blank corrected, Volume std. temperature=ambient, Volume std. pressure=ambient
numflag pm10_mass, no unit, Version=2, Version description=Data extracted from http://views.cira.colostate.edu/fed/DataWizard 2019-12-16, Sample duration=1d, Orig. time res.=3d, Matrix=pm10, Blank correction=Blank corrected, Volume std. temperature=ambient, Volume std. pressure=ambient
pm10_pm25_mass, ug/m3, Revision date=20181210133000, Matrix=pm10_pm25
numflag pm10_pm25_mass, no unit, Revision date=20181210133000, Matrix=pm10_pm25
pm25_mass, ug/m3, Version=2, Version description=Data extracted from http://views.cira.colostate.edu/fed/DataWizard 2019-12-16, Sample duration=1d, Orig. time res.=3d, Blank correction=Blank corrected, Volume std. temperature=ambient, Volume std. pressure=ambient
numflag pm25_mass, no unit, Version=2, Version description=Data extracted from http://views.cira.colostate.edu/fed/DataWizard 2019-12-16, Sample duration=1d, Orig. time res.=3d, Blank correction=Blank corrected, Volume std. temperature=ambient, Volume std. pressure=ambient
potassium, ug/m3, Revision date=20181210133000
numflag potassium, no unit, Revision date=20181210133000
sulphate_total, ug S/m3, Revision date=20181210133000
numflag sulphate_total, no unit, Revision date=20181210133000
0
25
Data definition:              EBAS_1.1
Set type code:                TI
Timezone:                     UTC
File name:                    US9063R.20000126070000.20191216000000.filterpack..pm25.11mo.1w.US03L_filterpack_US9063.US03L_IMPROVE_Davis.lev2.nas
File creation:                20191218120942
Startdate:                    20000126070000
Revision date:                20191216000000
Statistics:                   arithmetic mean
Data level:                   2
Period code:                  11mo
Resolution code:              1w
Station code:                 US9063R
Platform code:                US9063S
Station name:                 UL Bend
Station latitude:             47.5823
Station longitude:            -108.7196
Station altitude:             891.0 m
Regime:                       IMG
Component:                    
Matrix:                       pm25
Laboratory code:              US03L
Instrument type:              filterpack
Instrument name:              filterpack_US9063
Method ref:                   US03L_IMPROVE_Davis
starttime endtime Fe flag_Fe Pb flag_Pb Mg++ flag_Mg++ Ni flag_Ni NO3- flag_NO3- OC flag_OC OM flag_OM PM10 flag_PM10 PM10-PM2.5 flag_PM10-PM2.5 PM2.5 flag_PM2.5 K+ flag_K+ SO4-- flag_SO4--
[from data line 79]
294.291667 295.291667   12.90 0.559000  0.34 0.559000 9.999 0.559259000 99.99 0.559259000 0.014 0.000000   0.368 0.000   0.516 0.000   3.655 0.000   1.894 0.000   1.761 0.559 0.019 0.559000 0.160 0.000000
297.291667 298.291667   21.23 0.000000  0.37 0.000000 9.999 0.259000000 99.99 0.259000000 0.018 0.000000   0.520 0.000   0.728 0.000   5.825 0.000   3.356 0.000   2.469 0.000 0.018 0.000000 0.216 0.000000
300.291667 301.291667   15.14 0.000000  2.03 0.000000 0.018 0.000000000 99.99 0.259000000 0.114 0.000000   1.153 0.000   1.614 0.000   6.291 0.000   1.217 0.000   5.074 0.000 0.083 0.000000 0.552 0.000000
303.291667 304.291667   10.76 0.000000  0.20 0.000000 9.999 0.259000000 99.99 0.259000000 0.263 0.000000   0.515 0.000   0.721 0.000   4.902 0.000   1.033 0.000   3.869 0.000 0.021 0.000000 0.479 0.000000
306.291667 307.291667   11.76 0.000000  0.30 0.000000 9.999 0.259000000 99.99 0.259000000 0.103 0.000000   0.832 0.000   1.165 0.000   4.356 0.000   1.393 0.000   2.962 0.000 0.021 0.000000 0.202 0.000000
309.291667 310.291667   17.57 0.000000  0.23 0.000000 9.999 0.259000000 99.99 0.259000000 0.034 0.000000   0.077 0.000   0.108 0.000   4.520 0.000   2.792 0.000   1.728 0.000 0.013 0.000000 0.263 0.000000
312.291667 313.291667    8.86 0.000000  0.35 0.000000 9.999 0.259000000 99.99 0.259000000 0.077 0.000000   0.225 0.000   0.315 0.000   2.728 0.000   0.606 0.000   2.122 0.000 0.014 0.000000 0.258 0.000000
315.291667 316.291667    8.20 0.000000  0.71 0.000000 9.999 0.259000000 99.99 0.259000000 0.491 0.000000   0.908 0.000   1.271 0.000   7.759 0.000   0.911 0.000   6.848 0.000 0.028 0.000000 0.539 0.000000
318.291667 319.291667    5.71 0.000000  1.27 0.000000 0.011 0.000000000 99.99 0.259000000 0.101 0.000000   1.140 0.000   1.596 0.000   4.233 0.000   0.891 0.000   3.342 0.000 0.021 0.000000 0.208 0.000000
321.291667 322.291667    6.92 0.000000  0.22 0.000000 9.999 0.259000000 99.99 0.259000000 0.134 0.000000   0.842 0.000   1.179 0.000   5.709 0.000   2.125 0.000   3.584 0.000 0.032 0.000000 0.342 0.000000
324.291667 325.291667    9.28 0.559000  0.28 0.559000 9.999 0.559259000 99.99 0.559259000 0.062 0.000000   0.790 0.000   1.106 0.000   3.493 0.000   0.781 0.000   2.712 0.559 0.020 0.559000 0.159 0.000000
327.291667 328.291667   14.67 0.000000  0.73 0.000000 9.999 0.259000000 99.99 0.259000000 0.029 0.000000   0.291 0.000   0.408 0.000   2.589 0.000   0.996 0.000   1.593 0.000 0.021 0.000000 0.135 0.000000
330.291667 331.291667    7.35 0.559000  0.27 0.559000 9.999 0.559259000 99.99 0.559259000 0.014 0.000000   0.249 0.000   0.349 0.000   2.696 0.000   1.544 0.000   1.152 0.559 0.019 0.559000 0.099 0.000000
333.291667 334.291667   12.88 0.000000  0.23 0.000000 9.999 0.259000000 99.99 0.259000000 0.031 0.000000   0.314 0.000   0.440 0.000   2.687 0.000   1.215 0.000   1.472 0.000 0.014 0.000000 0.102 0.000000
336.291667 337.291667    3.81 0.559000  0.74 0.559000 9.999 0.559259000 99.99 0.559259000 0.143 0.000000   0.687 0.000   0.962 0.000   3.018 0.000   0.326 0.000   2.691 0.559 0.017 0.559000 0.201 0.000000
339.291667 340.291667    8.14 0.000000  0.38 0.000000 9.999 0.259000000 99.99 0.259000000 0.273 0.000000   0.433 0.000   0.606 0.000   4.682 0.000   1.187 0.000   3.495 0.000 0.016 0.000000 0.355 0.000000
342.291667 343.291667    4.04 0.000000  0.74 0.000000 9.999 0.259000000 99.99 0.259000000 0.108 0.000000   0.145 0.000   0.203 0.000   4.258 0.000   0.481 0.000   3.776 0.000 0.016 0.000000 0.260 0.000000
345.291667 346.291667    4.20 0.559000  0.11 0.559000 9.999 0.559259000 99.99 0.559259000 0.369 0.000000   0.231 0.000   0.323 0.000   4.377 0.000   2.682 0.000   1.695 0.559 0.005 0.559000 0.247 0.000000
348.291667 349.291667   11.74 0.559000  1.36 0.559000 9.999 0.559259000 99.99 0.559259000 0.393 0.000000   0.772 0.000   1.081 0.000   8.238 0.000   2.162 0.000   6.076 0.559 0.023 0.559000 0.434 0.000000
351.291667 352.291667   12.38 0.000000  0.28 0.000000 9.999 0.259000000 99.99 0.259000000 0.068 0.000000   0.361 0.000   0.506 0.000   3.679 0.000   1.951 0.000   1.728 0.000 0.016 0.000000 0.158 0.000000
354.291667 355.291667   15.93 0.000000  0.51 0.000000 9.999 0.259000000 99.99 0.259000000 0.229 0.000000   0.870 0.000   1.217 0.000   6.730 0.000   1.950 0.000   4.780 0.000 0.038 0.000000 0.382 0.000000
357.291667 358.291667    3.97 0.000000  0.35 0.000000 9.999 0.259000000 99.99 0.259000000 0.078 0.000000   0.601 0.000   0.842 0.000   5.530 0.000   0.814 0.000   4.716 0.000 0.019 0.000000 0.789 0.000000
360.291667 361.291667    2.98 0.000000  0.50 0.000000 9.999 0.259000000 99.99 0.259000000 0.069 0.000000   0.316 0.000   0.443 0.000   2.220 0.000   0.649 0.000   1.571 0.000 0.008 0.000000 0.181 0.000000
363.291667 364.291667    2.75 0.000000  0.56 0.000000 9.999 0.259000000  0.04 0.000000000 0.294 0.000000   0.436 0.000   0.611 0.000   4.346 0.000   0.537 0.000   3.808 0.000 0.009 0.000000 0.426 0.000000
