scripts/IMPROVE-2019_partial/data/US9053R.20100102060000.20191216000000.filterpack...52w.3d.US03L_filterpack_US9053.US03L_IMPROVE_Davis.lev2.nas
51 1001
MISSING INFORMATION
US03L, IMPROVE, , , , , , , 
MISSING INFORMATION
IMPROVE sel_HTAP
1 1
2010 01 01 2019 12 16
3.00
days from file reference point
4
1 1 1 1
999.99 999.999 999.999 9.999
end_time of measurement, days from the file reference point
pm10_mass, ug/m3, Matrix=pm10
pm25_mass, ug/m3, Matrix=pm25
numflag, no unit
0
33
Data definition:              EBAS_1.1
Set type code:                TU
Timezone:                     UTC
File name:                    US9053R.20100102060000.20191216000000.filterpack...52w.3d.US03L_filterpack_US9053.US03L_IMPROVE_Davis.lev2.nas
File creation:                20191218120908
Startdate:                    20100102060000
Revision date:                20191216000000
Version:                      2
Version description:          "Data extracted from http://views.cira.colostate.edu/fed/DataWizard 2019-12-16"
Statistics:                   arithmetic mean
Data level:                   2
Period code:                  52w
Resolution code:              3d
Sample duration:              1d
Orig. time res.:              3d
Station code:                 US9053R
Platform code:                US9053S
Station name:                 Viking Lake
Station latitude:             40.969
Station longitude:            -95.045
Station altitude:             371.0 m
Regime:                       IMG
Component:                    
Unit:                         ug/m3
Matrix:                       
Laboratory code:              US03L
Instrument type:              filterpack
Instrument name:              filterpack_US9053
Method ref:                   US03L_IMPROVE_Davis
Blank correction:             Blank corrected
Volume std. temperature:      ambient
Volume std. pressure:         ambient
starttime endtime PM10 PM2.5 flag
  1.25   2.25   8.658   7.235 0.000
  4.25   5.25  25.626  22.706 0.000
  7.25   8.25   9.923   6.196 0.000
 10.25  11.25  17.447  15.835 0.000
 13.25  14.25  15.827  14.477 0.000
 16.25  17.25  10.209   9.328 0.000
 19.25  20.25   6.851   6.670 0.000
 22.25  23.25  10.118   9.026 0.000
 25.25  26.25  12.077   6.027 0.000
 28.25  29.25  21.125  11.264 0.000
 31.25  32.25  22.540  18.722 0.000
 34.25  35.25  24.831  23.338 0.000
 37.25  38.25  13.489  13.500 0.000
 40.25  41.25  13.636  12.279 0.000
 43.25  44.25  20.022  20.121 0.000
 46.25  47.25   7.314   5.343 0.000
 49.25  50.25  13.589  12.385 0.000
 52.25  53.25  11.358   9.914 0.000
 55.25  56.25  16.115  12.975 0.000
 58.25  59.25  15.313  12.517 0.000
 61.25  62.25  17.782  14.223 0.000
 64.25  65.25  21.023  18.936 0.000
 67.25  68.25  18.981  18.313 0.000
 70.25  71.25  10.089   4.127 0.000
 73.25  74.25   8.212   3.054 0.000
 76.25  77.25  11.858   5.131 0.000
 79.25  80.25   6.531   3.109 0.000
 82.25  83.25  17.596  10.392 0.000
 85.25  86.25  10.328   6.856 0.000
 88.25  89.25  17.982   8.220 0.000
 91.25  92.25  19.005   6.539 0.000
 94.25  95.25  19.891   8.350 0.000
 97.25  98.25  11.096   4.637 0.000
100.25 101.25  25.868  11.038 0.000
103.25 104.25 999.999 999.999 0.999
106.25 107.25 999.999 999.999 0.999
109.25 110.25 999.999 999.999 0.999
112.25 113.25 999.999 999.999 0.999
115.25 116.25 999.999 999.999 0.999
118.25 119.25  25.348   7.625 0.000
121.25 122.25   7.838   3.407 0.000
124.25 125.25  11.201   2.341 0.000
127.25 128.25   7.498   5.912 0.000
130.25 131.25   3.673   2.675 0.000
133.25 134.25   6.910   4.128 0.000
136.25 137.25   9.565   7.276 0.000
139.25 140.25   7.019   5.471 0.000
142.25 143.25  12.285   8.539 0.000
145.25 146.25  10.292   5.973 0.000
148.25 149.25  17.988   7.481 0.000
151.25 152.25  11.695   5.654 0.000
154.25 155.25  15.238   7.860 0.000
157.25 158.25   9.867   4.016 0.000
160.25 161.25  11.287   6.514 0.000
163.25 164.25   5.087   2.224 0.000
166.25 167.25  11.051   4.477 0.000
169.25 170.25  12.470   5.435 0.000
172.25 173.25  15.088   7.789 0.000
175.25 176.25  19.180   9.152 0.000
178.25 179.25  11.642   4.394 0.000
181.25 182.25  24.009  10.364 0.000
184.25 185.25   7.091   4.332 0.000
187.25 188.25   9.493   6.083 0.000
190.25 191.25  17.686   9.664 0.000
193.25 194.25  13.350   7.806 0.000
196.25 197.25  16.442   7.194 0.000
199.25 200.25   8.598   4.971 0.000
202.25 203.25  23.083  10.303 0.000
205.25 206.25  10.557   5.754 0.000
208.25 209.25  19.956   8.886 0.000
211.25 212.25   8.066   5.441 0.000
214.25 215.25  13.800   7.276 0.000
217.25 218.25  19.511  10.125 0.000
220.25 221.25  14.642   7.929 0.000
223.25 224.25  19.646   9.195 0.000
226.25 227.25  12.033   3.796 0.000
229.25 230.25  13.174   9.661 0.000
232.25 233.25  10.471   5.993 0.000
235.25 236.25  12.586   6.355 0.000
238.25 239.25  21.835   8.378 0.000
241.25 242.25  15.328   6.528 0.000
244.25 245.25  12.539   2.540 0.000
247.25 248.25  20.577   6.771 0.000
250.25 251.25  81.196   6.675 0.000
253.25 254.25  11.866   4.460 0.000
256.25 257.25   9.732   3.876 0.000
259.25 260.25  17.897   5.613 0.000
262.25 263.25  22.710  11.034 0.000
265.25 266.25  15.147   6.013 0.000
268.25 269.25   5.639   2.039 0.000
271.25 272.25  19.668   4.508 0.000
274.25 275.25  14.890   2.841 0.000
277.25 278.25  25.308   5.785 0.000
280.25 281.25  39.700   8.412 0.000
283.25 284.25  14.273   4.378 0.000
286.25 287.25  35.703   5.781 0.000
289.25 290.25  34.863   5.347 0.000
292.25 293.25  50.323   7.818 0.000
295.25 296.25 999.999   6.925 0.000
298.25 299.25 999.999   1.113 0.000
301.25 302.25  20.501   4.018 0.000
304.25 305.25  20.944   4.064 0.000
307.25 308.25  16.762   2.502 0.000
310.25 311.25  24.843   5.419 0.000
313.25 314.25  19.792   7.707 0.000
316.25 317.25   3.367   2.828 0.000
319.25 320.25   9.591   7.706 0.000
322.25 323.25  13.415  10.546 0.000
325.25 326.25   7.611   6.739 0.000
328.25 329.25  17.710   5.209 0.000
331.25 332.25  15.448   5.588 0.000
334.25 335.25  19.202   6.613 0.000
337.25 338.25  17.163  10.499 0.000
340.25 341.25  33.778  13.929 0.000
343.25 344.25  23.960   5.766 0.000
346.25 347.25   8.544   3.498 0.000
349.25 350.25  28.196  21.186 0.000
352.25 353.25  25.418  17.157 0.000
355.25 356.25  14.990  10.120 0.000
358.25 359.25   9.194   8.524 0.000
361.25 362.25  22.255  16.552 0.000
364.25 365.25   6.976   5.011 0.000
