scripts/IMPROVE-2019_partial/data/US9076R.20070103070000.20191216000000.filterpack...1y.3d.US03L_filterpack_US9076.US03L_IMPROVE_Davis.lev2.nas
52 1001
MISSING INFORMATION
US03L, IMPROVE, , , , , , , 
MISSING INFORMATION
IMPROVE sel_HTAP
1 1
2007 01 01 2019 12 16
3.000000
days from file reference point
5
1 1 1 1 1
999.999999 999.999 9.999 999.999 9.999
end_time of measurement, days from the file reference point
pm10_mass, ug/m3, Matrix=pm10
numflag pm10_mass, no unit, Matrix=pm10
pm25_mass, ug/m3, Matrix=pm25
numflag pm25_mass, no unit, Matrix=pm25
0
33
Data definition:              EBAS_1.1
Set type code:                TU
Timezone:                     UTC
File name:                    US9076R.20070103070000.20191216000000.filterpack...1y.3d.US03L_filterpack_US9076.US03L_IMPROVE_Davis.lev2.nas
File creation:                20191218121044
Startdate:                    20070103070000
Revision date:                20191216000000
Version:                      2
Version description:          "Data extracted from http://views.cira.colostate.edu/fed/DataWizard 2019-12-16"
Statistics:                   arithmetic mean
Data level:                   2
Period code:                  1y
Resolution code:              3d
Sample duration:              1d
Orig. time res.:              3d
Station code:                 US9076R
Platform code:                US9076S
Station name:                 Zion Canyon
Station latitude:             37.1983
Station longitude:            -113.1508
Station altitude:             1215.0 m
Regime:                       IMG
Component:                    
Unit:                         ug/m3
Matrix:                       
Laboratory code:              US03L
Instrument type:              filterpack
Instrument name:              filterpack_US9076
Method ref:                   US03L_IMPROVE_Davis
Blank correction:             Blank corrected
Volume std. temperature:      ambient
Volume std. pressure:         ambient
starttime endtime PM10 flag_PM10 PM2.5 flag_PM2.5
  2.291667   3.291667   7.259 0.000   2.482 0.000
  5.291667   6.291667   2.780 0.000   1.305 0.000
  8.291667   9.291667   3.461 0.000 999.999 0.456
 11.291667  12.291667   7.776 0.000   2.139 0.000
 14.291667  15.291667   4.600 0.000   3.170 0.000
 17.291667  18.291667   5.393 0.000   2.097 0.000
 20.291667  21.291667  13.735 0.000   2.338 0.000
 23.291667  24.291667 999.999 0.999 999.999 0.999
 26.291667  27.291667 999.999 0.999 999.999 0.999
 29.291667  30.291667 999.999 0.456 999.999 0.456
 32.291667  33.291667   7.046 0.000   1.615 0.000
 35.291667  36.291667   4.355 0.000   1.166 0.000
 38.291667  39.291667   8.264 0.000   2.178 0.000
 41.291667  42.291667   7.245 0.000   1.069 0.000
 44.291667  45.291667   5.999 0.000   1.115 0.000
 47.291667  48.291667   2.385 0.000   0.587 0.000
 50.291667  51.291667   2.122 0.000   0.966 0.000
 53.291667  54.291667   2.857 0.000   0.894 0.000
 56.291667  57.291667  15.269 0.000   4.396 0.000
 59.291667  60.291667   4.175 0.000   1.195 0.000
 62.291667  63.291667   3.022 0.000   0.885 0.000
 65.291667  66.291667   8.305 0.000   1.689 0.000
 68.291667  69.291667   6.745 0.000   2.246 0.000
 71.291667  72.291667   5.789 0.000   1.446 0.000
 74.291667  75.291667   9.533 0.000   2.012 0.000
 77.291667  78.291667   8.921 0.000   3.589 0.000
 80.291667  81.291667   6.874 0.000   2.447 0.000
 83.291667  84.291667   5.933 0.000   2.363 0.000
 86.291667  87.291667   4.738 0.000   0.849 0.000
 89.291667  90.291667   5.733 0.000   2.736 0.000
 92.291667  93.291667   8.597 0.000   3.925 0.000
 95.291667  96.291667   8.929 0.000   2.929 0.000
 98.291667  99.291667   9.947 0.000   3.587 0.000
101.291667 102.291667  11.638 0.000   2.809 0.000
104.291667 105.291667   8.262 0.000   3.427 0.000
107.291667 108.291667 999.999 0.999 999.999 0.999
110.291667 111.291667 999.999 0.999 999.999 0.999
113.291667 114.291667 999.999 0.999 999.999 0.999
116.291667 117.291667   9.880 0.000   3.776 0.000
119.291667 120.291667  14.233 0.000   6.172 0.000
122.291667 123.291667  11.344 0.000   3.772 0.000
125.291667 126.291667   7.211 0.000   2.467 0.000
128.291667 129.291667   8.805 0.000   3.728 0.000
131.291667 132.291667  11.124 0.000   5.215 0.000
134.291667 135.291667   8.815 0.000   6.469 0.000
137.291667 138.291667  15.612 0.000  17.234 0.000
140.291667 141.291667  20.286 0.000  10.127 0.000
143.291667 144.291667   5.014 0.000   5.258 0.000
146.291667 147.291667  17.012 0.000   5.917 0.000
149.291667 150.291667  12.073 0.000   5.169 0.000
152.291667 153.291667  10.276 0.000   5.088 0.000
155.291667 156.291667  26.519 0.000   6.381 0.000
158.291667 159.291667  11.926 0.000   9.059 0.000
161.291667 162.291667   7.044 0.000   7.345 0.000
164.291667 165.291667  19.553 0.000   6.752 0.000
167.291667 168.291667  15.892 0.000   6.615 0.000
170.291667 171.291667  21.688 0.000   6.581 0.000
173.291667 174.291667  15.137 0.000   5.565 0.000
176.291667 177.291667  13.548 0.000   5.115 0.000
179.291667 180.291667  13.813 0.000   6.326 0.000
182.291667 183.291667   8.666 0.000   3.401 0.000
185.291667 186.291667  27.001 0.000   8.645 0.000
188.291667 189.291667  12.695 0.000   7.667 0.000
191.291667 192.291667  28.377 0.000  10.062 0.659
194.291667 195.291667  13.054 0.000   4.874 0.000
197.291667 198.291667  20.111 0.000  11.523 0.659
200.291667 201.291667 999.999 0.699 999.999 0.699
203.291667 204.291667  17.371 0.000   6.813 0.000
206.291667 207.291667 999.999 0.456   3.623 0.000
209.291667 210.291667   8.235 0.000   4.500 0.000
212.291667 213.291667 999.999 0.999   3.810 0.000
215.291667 216.291667 999.999 0.999   7.514 0.000
218.291667 219.291667 999.999 0.999   4.762 0.000
221.291667 222.291667 999.999 0.999   4.495 0.000
224.291667 225.291667 999.999 0.999   3.563 0.000
227.291667 228.291667 999.999 0.999   3.807 0.659
230.291667 231.291667 999.999 0.999   4.401 0.659
233.291667 234.291667  12.897 0.000   5.630 0.000
236.291667 237.291667  16.724 0.000   6.350 0.000
239.291667 240.291667   4.594 0.000   2.714 0.000
242.291667 243.291667   5.876 0.000   3.058 0.000
245.291667 246.291667   8.085 0.000   3.373 0.000
248.291667 249.291667  18.207 0.000   7.202 0.000
251.291667 252.291667  10.744 0.000   5.376 0.000
254.291667 255.291667   9.912 0.000   4.156 0.000
257.291667 258.291667  10.761 0.000   3.151 0.000
260.291667 261.291667  11.149 0.000   4.818 0.000
263.291667 264.291667  11.227 0.000   3.547 0.000
266.291667 267.291667   2.967 0.000   1.524 0.000
269.291667 270.291667   5.939 0.000   2.900 0.659
272.291667 273.291667   4.679 0.000   2.107 0.659
275.291667 276.291667   9.382 0.000   4.004 0.000
278.291667 279.291667   4.409 0.000   1.428 0.000
281.291667 282.291667   8.680 0.000   2.536 0.000
284.291667 285.291667   9.043 0.000   3.934 0.000
287.291667 288.291667   7.154 0.000   3.657 0.000
290.291667 291.291667   5.238 0.000   2.305 0.659
293.291667 294.291667   4.826 0.000   0.930 0.659
296.291667 297.291667   9.090 0.000   2.734 0.659
299.291667 300.291667  24.923 0.000  14.735 0.659
302.291667 303.291667  14.450 0.000   5.455 0.659
305.291667 306.291667  10.062 0.000   3.705 0.659
308.291667 309.291667   6.905 0.000   2.882 0.659
311.291667 312.291667  14.586 0.000   5.197 0.659
314.291667 315.291667   9.696 0.000   3.394 0.659
317.291667 318.291667   5.596 0.000   1.978 0.659
320.291667 321.291667   5.159 0.000   2.862 0.659
323.291667 324.291667  14.660 0.000   2.583 0.659
326.291667 327.291667  14.588 0.000   4.948 0.659
329.291667 330.291667   6.308 0.000   1.966 0.659
332.291667 333.291667  10.535 0.000   2.191 0.659
335.291667 336.291667   5.979 0.000   3.066 0.659
338.291667 339.291667   4.669 0.000   1.899 0.659
341.291667 342.291667   3.564 0.000   1.063 0.659
344.291667 345.291667   3.632 0.000   2.751 0.659
347.291667 348.291667   4.495 0.000   1.949 0.659
350.291667 351.291667   2.574 0.000   1.391 0.659
353.291667 354.291667   1.738 0.000   1.298 0.659
356.291667 357.291667   2.631 0.000   1.207 0.659
359.291667 360.291667 999.999 0.999 999.999 0.999
362.291667 363.291667   2.213 0.000   0.724 0.659
