scripts/IMPROVE-2019_partial/data/US9062R.20030103060000.20191216000000.filterpack..pm25.1y.1w.US03L_filterpack_US9062.US03L_IMPROVE_Davis.lev2.nas
64 1001
MISSING INFORMATION
US03L, IMPROVE, , , , , , , 
MISSING INFORMATION
IMPROVE sel_HTAP
1 1
2003 01 01 2019 12 16
3.00
days from file reference point
25
1 1 1 1 1 1 1 1 1 1 1 1 1 1 1 1 1 1 1 1 1 1 1 1 1
999.99 9999.99 9.999 99.99 9.999999 9.999 9.999999 99.99 9.999999 99.999 9.999 99.999 9.999 99.999 9.999 999.999 9.999 999.999 9.999 999.999 9.999 9.999 9.999 99.999 9.999
end_time of measurement, days from the file reference point
iron, ng/m3, Revision date=20181210133000
numflag iron, no unit, Revision date=20181210133000
lead, ng/m3, Revision date=20181210133000
numflag lead, no unit, Revision date=20181210133000
magnesium, ug/m3, Revision date=20181210133000
numflag magnesium, no unit, Revision date=20181210133000
nickel, ng/m3, Revision date=20181210133000
numflag nickel, no unit, Revision date=20181210133000
nitrate, ug N/m3, Revision date=20181210133000
numflag nitrate, no unit, Revision date=20181210133000
organic_carbon, ug C/m3, Revision date=20181210133000
numflag organic_carbon, no unit, Revision date=20181210133000
organic_mass, ug/m3, Revision date=20181210133000
numflag organic_mass, no unit, Revision date=20181210133000
pm10_mass, ug/m3, Version=2, Version description=Data extracted from http://views.cira.colostate.edu/fed/DataWizard 2019-12-16, Sample duration=1d, Orig. time res.=3d, Matrix=pm10, Blank correction=Blank corrected, Volume std. temperature=ambient, Volume std. pressure=ambient
numflag pm10_mass, no unit, Version=2, Version description=Data extracted from http://views.cira.colostate.edu/fed/DataWizard 2019-12-16, Sample duration=1d, Orig. time res.=3d, Matrix=pm10, Blank correction=Blank corrected, Volume std. temperature=ambient, Volume std. pressure=ambient
pm10_pm25_mass, ug/m3, Revision date=20181210133000, Matrix=pm10_pm25
numflag pm10_pm25_mass, no unit, Revision date=20181210133000, Matrix=pm10_pm25
pm25_mass, ug/m3, Version=2, Version description=Data extracted from http://views.cira.colostate.edu/fed/DataWizard 2019-12-16, Sample duration=1d, Orig. time res.=3d, Blank correction=Blank corrected, Volume std. temperature=ambient, Volume std. pressure=ambient
numflag pm25_mass, no unit, Version=2, Version description=Data extracted from http://views.cira.colostate.edu/fed/DataWizard 2019-12-16, Sample duration=1d, Orig. time res.=3d, Blank correction=Blank corrected, Volume std. temperature=ambient, Volume std. pressure=ambient
potassium, ug/m3, Revision date=20181210133000
numflag potassium, no unit, Revision date=20181210133000
sulphate_total, ug S/m3, Revision date=20181210133000
numflag sulphate_total, no unit, Revision date=20181210133000
0
25
Data definition:              EBAS_1.1
Set type code:                TU
Timezone:                     UTC
File name:                    US9062R.20030103060000.20191216000000.filterpack..pm25.1y.1w.US03L_filterpack_US9062.US03L_IMPROVE_Davis.lev2.nas
File creation:                20191218120938
Startdate:                    20030103060000
Revision date:                20191216000000
Statistics:                   arithmetic mean
Data level:                   2
Period code:                  1y
Resolution code:              1w
Station code:                 US9062R
Platform code:                US9062S
Station name:                 Voyageurs NP #2
Station latitude:             48.4126
Station longitude:            -92.8286
Station altitude:             429.0 m
Regime:                       IMG
Component:                    
Matrix:                       pm25
Laboratory code:              US03L
Instrument type:              filterpack
Instrument name:              filterpack_US9062
Method ref:                   US03L_IMPROVE_Davis
starttime endtime Fe flag_Fe Pb flag_Pb Mg++ flag_Mg++ Ni flag_Ni NO3- flag_NO3- OC flag_OC OM flag_OM PM10 flag_PM10 PM10-PM2.5 flag_PM10-PM2.5 PM2.5 flag_PM2.5 K+ flag_K+ SO4-- flag_SO4--
[from data line 90]
272.25 273.25    0.34 0.000  0.11 0.000000 9.999 0.259000 99.99 0.259000  0.004 0.559  0.100 0.000  0.140 0.000   1.417 0.000   0.654 0.000   0.763 0.000 0.005 0.000  0.071 0.559
275.25 276.25   11.21 0.000  0.27 0.000000 9.999 0.259000 99.99 0.259000  0.013 0.559  0.350 0.000  0.490 0.000   3.938 0.000   2.143 0.000   1.795 0.000 0.028 0.000  0.122 0.559
278.25 279.25   66.24 0.000  1.59 0.000000 9.999 0.259000  0.09 0.000000  0.042 0.559  1.138 0.000  1.593 0.000  15.993 0.000  10.973 0.000   5.020 0.000 0.065 0.000  0.328 0.559
281.25 282.25   79.00 0.000  1.33 0.000000 0.031 0.000000  0.14 0.000000  0.088 0.559  2.089 0.000  2.925 0.000  21.166 0.000  10.303 0.000  10.863 0.000 0.052 0.000  1.362 0.559
284.25 285.25    4.93 0.000  0.22 0.000000 9.999 0.259000 99.99 0.259000  0.027 0.559  0.697 0.000  0.976 0.000   4.117 0.000   1.969 0.000   2.148 0.000 0.032 0.000  0.120 0.559
287.25 288.25    3.13 0.000  0.30 0.000000 9.999 0.259000 99.99 0.259000  0.007 0.559  0.211 0.000  0.296 0.000   2.357 0.000   1.171 0.000   1.186 0.000 0.011 0.000  0.092 0.559
290.25 291.25   28.08 0.000  1.06 0.000000 9.999 0.259000  0.03 0.000000  0.126 0.559  2.089 0.000  2.925 0.000  11.195 0.000   5.379 0.000   5.816 0.000 0.076 0.000  0.368 0.559
293.25 294.25    1.36 0.559  0.30 0.559000 9.999 0.559259  0.14 0.559000  0.009 0.559  2.171 0.000  3.040 0.000   5.920 0.000   0.801 0.000   5.120 0.559 0.031 0.559  0.227 0.559
296.25 297.25   14.15 0.000  0.51 0.000000 9.999 0.259000  0.05 0.000000  0.041 0.559  0.640 0.000  0.896 0.000   5.489 0.000   3.174 0.000   2.315 0.000 0.037 0.000  0.157 0.559
299.25 300.25   11.85 0.000  0.39 0.000000 0.044 0.000000 99.99 0.259000  0.073 0.559  0.468 0.000  0.655 0.000   3.287 0.000   1.204 0.000   2.083 0.000 0.016 0.000  0.231 0.559
302.25 303.25    0.82 0.000  0.13 0.000000 9.999 0.259000  0.09 0.000000  0.008 0.559  0.915 0.000  1.281 0.000   2.684 0.000   0.450 0.000   2.234 0.000 0.016 0.000  0.121 0.559
305.25 306.25   13.51 0.000  1.30 0.000000 0.022 0.000000  0.07 0.000000  0.199 0.559  0.633 0.000  0.887 0.000   5.538 0.000   1.384 0.000   4.155 0.000 0.023 0.000  0.437 0.559
308.25 309.25    2.65 0.559  0.43 0.559000 9.999 0.559259 99.99 0.559259  0.073 0.559  0.779 0.000  1.091 0.000   3.834 0.000   0.995 0.000   2.840 0.559 0.025 0.559  0.216 0.559
311.25 312.25    6.21 0.000  0.83 0.000000 9.999 0.259000  0.06 0.000000  0.093 0.559  0.694 0.000  0.972 0.000   4.054 0.000   1.271 0.000   2.784 0.000 0.030 0.000  0.190 0.559
314.25 315.25   13.25 0.000  1.83 0.000000 9.999 0.259000  0.05 0.000000  0.994 0.000  1.148 0.000  1.607 0.000  12.312 0.000   1.594 0.000  10.719 0.000 0.027 0.000  0.592 0.000
317.25 318.25   32.74 0.000  1.01 0.000000 9.999 0.259000 99.99 0.259000  0.225 0.559  1.758 0.000  2.461 0.000   7.796 0.000   3.116 0.000   4.680 0.000 0.064 0.000  0.153 0.559
320.25 321.25   34.68 0.000  2.19 0.000000 9.999 0.259000 99.99 0.259000  1.005 0.559  1.178 0.000  1.649 0.000  15.202 0.000   2.920 0.000  12.281 0.000 0.023 0.000  1.156 0.559
323.25 324.25   21.59 0.000  0.77 0.000000 9.999 0.259000 99.99 0.259000  0.302 0.559  1.064 0.000  1.490 0.000   7.072 0.000   1.946 0.000   5.126 0.000 0.037 0.000  0.357 0.559
326.25 327.25    2.54 0.559  0.28 0.559000 9.999 0.559259 99.99 0.559259  0.006 0.559  0.289 0.000  0.404 0.000   3.687 0.000   2.491 0.000   1.195 0.559 0.004 0.559  0.100 0.559
329.25 330.25   31.22 0.000  0.69 0.000000 9.999 0.259000 99.99 0.259000  0.232 0.559  0.941 0.000  1.317 0.000   5.666 0.000   1.096 0.000   4.570 0.000 0.033 0.000  0.315 0.559
332.25 333.25   16.75 0.000  0.67 0.000000 9.999 0.259000  0.09 0.000000  0.100 0.559  0.801 0.000  1.121 0.000   4.772 0.000   1.573 0.000   3.199 0.000 0.021 0.000  0.291 0.559
335.25 336.25   44.49 0.559  0.79 0.559000 9.999 0.559259 99.99 0.559259  0.060 0.559  0.591 0.000  0.828 0.000   4.852 0.000   2.707 0.000   2.144 0.559 0.043 0.559  0.101 0.559
338.25 339.25   13.10 0.000  2.07 0.000000 0.064 0.000000  0.08 0.000000  0.612 0.559  0.772 0.000  1.080 0.000   7.673 0.000   1.452 0.000   6.221 0.000 0.023 0.000  0.224 0.559
341.25 342.25   38.19 0.000  2.68 0.000000 0.072 0.000000 99.99 0.259000  1.564 0.559  1.537 0.000  2.152 0.000  21.345 0.000   3.295 0.000  18.050 0.000 0.037 0.000  1.418 0.559
344.25 345.25    8.47 0.000  1.30 0.000000 9.999 0.259000  0.23 0.000000  0.055 0.559  0.617 0.000  0.864 0.000   3.580 0.000   0.883 0.000   2.697 0.000 0.042 0.000  0.226 0.559
347.25 348.25   44.90 0.000  1.60 0.000000 9.999 0.259000  0.39 0.000000  1.369 0.559  1.052 0.000  1.473 0.000  17.595 0.000   5.929 0.000  11.667 0.000 0.020 0.000  1.296 0.559
350.25 351.25    3.39 0.559  0.53 0.559000 9.999 0.559259  0.11 0.559000  0.067 0.559  1.075 0.000  1.506 0.000   4.158 0.000   0.629 0.000   3.529 0.559 0.026 0.559  0.394 0.559
353.25 354.25    8.82 0.000  0.74 0.000000 9.999 0.259000 99.99 0.259000  0.531 0.559  1.059 0.000  1.483 0.000   7.072 0.000   1.369 0.000   5.703 0.000 0.026 0.000  0.171 0.559
356.25 357.25    4.32 0.000  0.47 0.000000 0.087 0.000000  0.15 0.000000  0.014 0.559  0.599 0.000  0.839 0.000   2.669 0.000 999.999 0.259   3.190 0.000 0.027 0.000  0.259 0.559
359.25 360.25   81.03 0.000  1.53 0.000000 9.999 0.259000  0.10 0.000000  0.550 0.559  1.370 0.000  1.918 0.000  11.120 0.000   3.756 0.000   7.364 0.000 0.043 0.000  0.389 0.559
362.25 363.25    1.27 0.000  0.26 0.000000 9.999 0.259000  0.08 0.000000  0.048 0.000  0.584 0.000  0.818 0.000   2.769 0.000   0.933 0.000   1.837 0.000 0.008 0.000  0.273 0.000
