scripts/IMPROVE-2019_partial/data/US9019R.20040101050000.20191216000000.filterpack..pm25.52w.1w.US03L_filterpack_US9019.US03L_IMPROVE_Davis.lev2.nas
66 1001
MISSING INFORMATION
US03L, IMPROVE, , , , , , , 
MISSING INFORMATION
IMPROVE sel_HTAP
1 1
2004 01 01 2019 12 16
3.000000
days from file reference point
27
1 1 1 1 1 1 1 1 1 1 1 1 1 1 1 1 1 1 1 1 1 1 1 1 1 1 1
999.999999 9999.99 9.999 999.99 9.999 9.999 9.999 99.99 9.999 99.999 9.999 99.999 9.999 99.999 9.999 999.99 9.999999 999.999 9.999 999.999 9.999 999.999 9.999 9.999 9.999 99.999 9.999
end_time of measurement, days from the file reference point
iron, ng/m3, Revision date=20181210133000
numflag iron, no unit, Revision date=20181210133000
lead, ng/m3, Revision date=20181210133000
numflag lead, no unit, Revision date=20181210133000
magnesium, ug/m3, Revision date=20181210133000
numflag magnesium, no unit, Revision date=20181210133000
nickel, ng/m3, Revision date=20181210133000
numflag nickel, no unit, Revision date=20181210133000
nitrate, ug N/m3, Revision date=20181210133000
numflag nitrate, no unit, Revision date=20181210133000
organic_carbon, ug C/m3, Revision date=20181210133000
numflag organic_carbon, no unit, Revision date=20181210133000
organic_mass, ug/m3, Revision date=20181210133000
numflag organic_mass, no unit, Revision date=20181210133000
phosphorus, ng/m3, Revision date=20181210133000
numflag phosphorus, no unit, Revision date=20181210133000
pm10_mass, ug/m3, Version=2, Version description=Data extracted from http://views.cira.colostate.edu/fed/DataWizard 2019-12-16, Sample duration=1d, Orig. time res.=3d, Matrix=pm10, Blank correction=Blank corrected, Volume std. temperature=ambient, Volume std. pressure=ambient
numflag pm10_mass, no unit, Version=2, Version description=Data extracted from http://views.cira.colostate.edu/fed/DataWizard 2019-12-16, Sample duration=1d, Orig. time res.=3d, Matrix=pm10, Blank correction=Blank corrected, Volume std. temperature=ambient, Volume std. pressure=ambient
pm10_pm25_mass, ug/m3, Revision date=20181210133000, Matrix=pm10_pm25
numflag pm10_pm25_mass, no unit, Revision date=20181210133000, Matrix=pm10_pm25
pm25_mass, ug/m3, Version=2, Version description=Data extracted from http://views.cira.colostate.edu/fed/DataWizard 2019-12-16, Sample duration=1d, Orig. time res.=3d, Blank correction=Blank corrected, Volume std. temperature=ambient, Volume std. pressure=ambient
numflag pm25_mass, no unit, Version=2, Version description=Data extracted from http://views.cira.colostate.edu/fed/DataWizard 2019-12-16, Sample duration=1d, Orig. time res.=3d, Blank correction=Blank corrected, Volume std. temperature=ambient, Volume std. pressure=ambient
potassium, ug/m3, Revision date=20181210133000
numflag potassium, no unit, Revision date=20181210133000
sulphate_total, ug S/m3, Revision date=20181210133000
numflag sulphate_total, no unit, Revision date=20181210133000
0
25
Data definition:              EBAS_1.1
Set type code:                TU
Timezone:                     UTC
File name:                    US9019R.20040101050000.20191216000000.filterpack..pm25.52w.1w.US03L_filterpack_US9019.US03L_IMPROVE_Davis.lev2.nas
File creation:                20191218120621
Startdate:                    20040101050000
Revision date:                20191216000000
Statistics:                   arithmetic mean
Data level:                   2
Period code:                  52w
Resolution code:              1w
Station code:                 US9019R
Platform code:                US9019S
Station name:                 Quaker City
Station latitude:             39.9428
Station longitude:            -81.3378
Station altitude:             366.0 m
Regime:                       IMG
Component:                    
Matrix:                       pm25
Laboratory code:              US03L
Instrument type:              filterpack
Instrument name:              filterpack_US9019
Method ref:                   US03L_IMPROVE_Davis
starttime endtime Fe flag_Fe Pb flag_Pb Mg++ flag_Mg++ Ni flag_Ni NO3- flag_NO3- OC flag_OC OM flag_OM P flag_P PM10 flag_PM10 PM10-PM2.5 flag_PM10-PM2.5 PM2.5 flag_PM2.5 K+ flag_K+ SO4-- flag_SO4--
  0.208333   1.208333   24.52 0.000   3.26 0.000 9.999 0.259 99.99 0.259  0.209 0.000  1.902 0.000  2.662 0.000 999.99 0.259000   9.395 0.000   3.052 0.000   6.343 0.000 0.048 0.000  0.579 0.000
  3.208333   4.208333   18.93 0.000   0.88 0.000 9.999 0.259  0.16 0.000  0.135 0.000  0.738 0.000  1.033 0.000 999.99 0.259000   3.411 0.000   0.542 0.000   2.868 0.000 0.015 0.000  0.308 0.000
  6.208333   7.208333   17.60 0.000  36.23 0.000 9.999 0.259 99.99 0.259  0.317 0.000  0.836 0.000  1.171 0.000 999.99 0.259000   8.088 0.000   3.089 0.000   4.999 0.000 0.024 0.000  0.293 0.000
  9.208333  10.208333   22.91 0.000   3.13 0.000 9.999 0.259  0.13 0.000  0.270 0.000  0.979 0.000  1.371 0.000 999.99 0.259000   8.259 0.000   3.372 0.000   4.888 0.000 0.035 0.000  0.370 0.000
 12.208333  13.208333   18.81 0.000   1.71 0.000 9.999 0.259 99.99 0.259  0.585 0.000  0.954 0.000  1.336 0.000 999.99 0.259000  14.107 0.000   5.204 0.000   8.903 0.000 0.026 0.000  1.058 0.000
 15.208333  16.208333   22.62 0.000   1.61 0.000 9.999 0.259  0.25 0.000  0.347 0.000  1.070 0.000  1.498 0.000 999.99 0.259000   8.958 0.000   3.600 0.000   5.358 0.000 0.038 0.000  0.352 0.000
 18.208333  19.208333   12.32 0.000   0.88 0.000 9.999 0.259  0.18 0.000  0.153 0.000  0.767 0.000  1.073 0.000 999.99 0.259000   5.311 0.000   1.763 0.000   3.548 0.000 0.029 0.000  0.412 0.000
 21.208333  22.208333   38.24 0.000   1.99 0.000 9.999 0.259  0.18 0.000  0.448 0.000  1.191 0.000  1.667 0.000 999.99 0.259000  12.909 0.000   5.360 0.000   7.548 0.000 0.042 0.000  0.682 0.000
 24.208333  25.208333   27.17 0.000   3.27 0.000 9.999 0.259  0.25 0.000  0.294 0.000  1.275 0.000  1.785 0.000 999.99 0.259000   8.218 0.000   2.180 0.000   6.039 0.000 0.043 0.000  0.508 0.000
 27.208333  28.208333   27.69 0.000   2.08 0.000 9.999 0.259  0.19 0.000  0.382 0.000  0.934 0.000  1.307 0.000 999.99 0.259000   9.191 0.000   2.818 0.000   6.373 0.000 0.032 0.000  0.640 0.000
 30.208333  31.208333   36.94 0.000   7.52 0.000 0.035 0.000  0.30 0.000  0.672 0.000  2.446 0.000  3.424 0.000 999.99 0.259000  12.607 0.000   2.747 0.000   9.861 0.000 0.062 0.000  0.682 0.000
 33.208333  34.208333   18.07 0.000   3.32 0.000 9.999 0.259  0.30 0.000  0.335 0.000  1.366 0.000  1.912 0.000 999.99 0.259000  10.136 0.000   0.567 0.000   9.569 0.000 0.031 0.000  1.496 0.000
 36.208333  37.208333    8.69 0.000   1.81 0.000 9.999 0.259  0.22 0.000  0.126 0.000  1.010 0.000  1.413 0.000 999.99 0.259000   6.904 0.000   0.861 0.000   6.043 0.000 0.022 0.000  1.137 0.000
 39.208333  40.208333   16.72 0.000   1.56 0.000 0.072 0.000  0.17 0.000  0.071 0.000  1.232 0.000  1.725 0.000 999.99 0.259000   9.477 0.000   1.066 0.000   8.411 0.000 0.031 0.000  1.448 0.000
 42.208333  43.208333   36.33 0.000   4.34 0.000 0.066 0.000  0.14 0.000  0.578 0.000  1.458 0.000  2.041 0.000 999.99 0.259000  13.358 0.000   3.197 0.000  10.161 0.000 0.044 0.000  1.060 0.000
 45.208333  46.208333   24.81 0.000   3.58 0.000 0.029 0.000  0.16 0.000  0.711 0.000  1.141 0.000  1.597 0.000 999.99 0.259000  11.177 0.000   3.095 0.000   8.082 0.000 0.040 0.000  0.589 0.000
 48.208333  49.208333   78.63 0.000   7.72 0.000 9.999 0.259  0.33 0.000  1.802 0.000  3.606 0.000  5.048 0.000 999.99 0.259000  26.565 0.000   9.342 0.000  17.222 0.000 0.076 0.000  1.086 0.000
 51.208333  52.208333   13.92 0.000   1.66 0.000 9.999 0.259  0.12 0.000  0.215 0.000  0.765 0.000  1.072 0.000 999.99 0.259000   7.960 0.000   0.985 0.000   6.975 0.000 0.018 0.000  1.346 0.000
 54.208333  55.208333   60.64 0.000   5.23 0.000 9.999 0.259  0.57 0.000  0.358 0.000  2.298 0.000  3.217 0.000 999.99 0.259000  13.416 0.000   1.974 0.000  11.442 0.000 0.054 0.000  1.758 0.000
 57.208333  58.208333  100.98 0.000   6.15 0.000 9.999 0.259  0.25 0.000  0.219 0.000  1.378 0.000  1.930 0.000 999.99 0.259000  13.072 0.000   6.611 0.000   6.461 0.000 0.042 0.000  0.626 0.000
 60.208333  61.208333   28.15 0.000   2.92 0.000 9.999 0.259 99.99 0.259  0.087 0.000  1.826 0.000  2.556 0.000 999.99 0.259000  10.740 0.000   3.886 0.000   6.854 0.000 0.059 0.000  0.765 0.000
 63.208333  64.208333   16.71 0.000   7.11 0.000 0.055 0.000  0.53 0.000  0.273 0.000  1.301 0.000  1.822 0.000 999.99 0.259000  11.574 0.000   1.127 0.000  10.447 0.000 0.031 0.000  1.723 0.000
 66.208333  67.208333   16.65 0.000   2.32 0.000 9.999 0.259 99.99 0.259  0.102 0.000  0.658 0.000  0.921 0.000 999.99 0.259000   6.904 0.000   1.318 0.000   5.586 0.000 0.033 0.000  0.938 0.000
 69.208333  70.208333   56.81 0.000   4.91 0.000 9.999 0.259  0.18 0.000  0.144 0.000  1.064 0.000  1.490 0.000 999.99 0.259000   8.244 0.000   1.690 0.000   6.554 0.000 0.048 0.000  1.057 0.000
 72.208333  73.208333   27.38 0.000   3.16 0.000 9.999 0.259  0.33 0.000  0.428 0.000  0.903 0.000  1.264 0.000 999.99 0.259000  10.662 0.000   2.942 0.000   7.719 0.000 0.056 0.000  1.022 0.000
 75.208333  76.208333   36.02 0.000   3.74 0.000 9.999 0.259  0.20 0.000  0.171 0.000  0.920 0.000  1.288 0.000 999.99 0.259000   6.955 0.000   0.747 0.000   6.208 0.000 0.033 0.000  0.995 0.000
 78.208333  79.208333   24.90 0.000   4.54 0.000 9.999 0.259  0.10 0.000  0.341 0.000  1.422 0.000  1.990 0.000 999.99 0.259000  10.457 0.000   0.789 0.000   9.668 0.000 0.038 0.000  1.807 0.000
 81.208333  82.208333   19.58 0.000   2.12 0.000 9.999 0.259 99.99 0.259  0.178 0.000  0.686 0.000  0.960 0.000 999.99 0.259000   5.637 0.000   1.673 0.000   3.964 0.000 0.035 0.000  0.700 0.000
 84.208333  85.208333   66.62 0.000   4.01 0.000 9.999 0.259  0.17 0.000  0.098 0.000  3.075 0.000  4.306 0.000 999.99 0.259000  22.631 0.000   9.387 0.000  13.244 0.000 0.095 0.000  1.695 0.000
 87.208333  88.208333   76.09 0.000   8.53 0.000 9.999 0.259  0.51 0.000  0.164 0.000  1.547 0.000  2.166 0.000 999.99 0.259000  13.768 0.000   2.633 0.000  11.135 0.000 0.045 0.000  1.945 0.000
 90.208333  91.208333   18.19 0.000   1.98 0.000 9.999 0.259  0.14 0.000  0.091 0.000  0.637 0.000  0.892 0.000 999.99 0.259000   8.325 0.000   0.802 0.000   7.523 0.000 0.022 0.000  1.453 0.000
 93.208333  94.208333   24.33 0.000   3.71 0.000 9.999 0.259  0.22 0.000  0.263 0.000  0.903 0.000  1.264 0.000 999.99 0.259000   7.187 0.000   2.054 0.000   5.133 0.000 0.035 0.000  0.726 0.000
 96.208333  97.208333   35.85 0.000   2.17 0.000 9.999 0.259  0.08 0.000  0.254 0.000  1.097 0.000  1.535 0.000 999.99 0.259000  10.701 0.000   5.836 0.000   4.866 0.000 0.038 0.000  0.447 0.000
 99.208333 100.208333   44.07 0.000   4.23 0.000 0.040 0.000  0.15 0.000  0.735 0.000  1.156 0.000  1.619 0.000 999.99 0.259000  12.072 0.000   3.316 0.000   8.756 0.000 0.042 0.000  0.990 0.000
102.208333 103.208333   48.18 0.000   4.03 0.000 9.999 0.259  0.22 0.000  0.288 0.000  1.019 0.000  1.426 0.000 999.99 0.259000   9.503 0.000   1.432 0.000   8.071 0.000 0.026 0.000  1.063 0.000
105.208333 106.208333   49.04 0.000   3.66 0.000 9.999 0.259  0.14 0.000  0.317 0.000  1.040 0.000  1.456 0.000 999.99 0.259000  13.361 0.000   6.537 0.000   6.824 0.000 0.056 0.000  0.922 0.000
108.208333 109.208333   54.61 0.000   3.14 0.000 9.999 0.259  0.21 0.000  0.056 0.000  2.528 0.000  3.539 0.000 999.99 0.259000  18.947 0.000   6.115 0.000  12.832 0.000 0.084 0.000  1.541 0.000
111.208333 112.208333   52.06 0.000   1.76 0.000 9.999 0.259  0.15 0.000  0.082 0.000  1.781 0.000  2.493 0.000 999.99 0.259000  13.929 0.000   4.388 0.000   9.541 0.000 0.068 0.000  1.320 0.000
114.208333 115.208333   57.75 0.000   5.52 0.000 9.999 0.259  0.24 0.000  0.620 0.000  1.569 0.000  2.196 0.000 999.99 0.259000  15.254 0.000   4.614 0.000  10.640 0.000 0.052 0.000  2.079 0.000
117.208333 118.208333 9999.99 0.456 999.99 0.456 9.999 0.456 99.99 0.456  0.119 0.000  0.548 0.000  0.768 0.000 999.99 0.456000  10.200 0.000 999.999 0.999 999.999 0.456 9.999 0.456  0.611 0.000
120.208333 121.208333   59.47 0.000   4.16 0.000 9.999 0.259 99.99 0.259  0.090 0.000  2.203 0.000  3.084 0.000 999.99 0.259000  19.308 0.000   6.875 0.000  12.433 0.000 0.077 0.000  1.614 0.000
123.208333 124.208333   18.09 0.000   1.53 0.000 0.072 0.000  0.18 0.000  0.097 0.000  0.563 0.000  0.788 0.000 999.99 0.259000   7.146 0.000   1.585 0.000   5.562 0.000 0.025 0.000  1.101 0.000
126.208333 127.208333   60.67 0.000   4.69 0.000 9.999 0.259  0.28 0.000  0.099 0.000  1.964 0.000  2.750 0.000 999.99 0.259000  22.680 0.000   9.705 0.000  12.975 0.000 0.050 0.000  1.792 0.000
129.208333 130.208333   73.82 0.000   3.77 0.000 9.999 0.259  0.19 0.000  0.070 0.000  2.855 0.000  3.996 0.000 999.99 0.259000  24.944 0.000   7.750 0.000  17.194 0.000 0.073 0.000  2.297 0.000
132.208333 133.208333   51.28 0.394   2.22 0.394 0.098 0.394  0.23 0.394  0.050 0.394  2.531 0.000  3.544 0.000 999.99 0.394259  28.157 0.000   1.674 0.000  26.483 0.000 0.059 0.394  4.399 0.394
135.208333 136.208333   27.93 0.000   1.90 0.000 0.052 0.000  0.18 0.000  0.112 0.000  1.075 0.000  1.506 0.000 999.99 0.259000  12.042 0.000   4.705 0.000   7.337 0.000 0.032 0.000  1.075 0.000
138.208333 139.208333   24.84 0.000   1.36 0.000 9.999 0.259  0.13 0.000  0.081 0.000  1.754 0.000  2.455 0.000 999.99 0.259000  17.109 0.000   6.981 0.000  10.128 0.000 0.039 0.000  1.370 0.000
141.208333 142.208333   20.65 0.000   1.29 0.000 0.057 0.000  0.19 0.000  0.053 0.000  1.432 0.000  2.005 0.000 999.99 0.259000  14.887 0.000   6.040 0.000   8.847 0.000 0.030 0.000  1.309 0.000
144.208333 145.208333   30.38 0.000   1.52 0.000 9.999 0.259  0.25 0.000  0.058 0.000  1.903 0.000  2.665 0.000 999.99 0.259000  20.198 0.000   9.173 0.000  11.026 0.000 0.037 0.000  1.554 0.000
147.208333 148.208333   29.76 0.000  11.15 0.000 9.999 0.259 99.99 0.259  0.102 0.000  1.647 0.000  2.305 0.000 999.99 0.259000  13.665 0.000   4.769 0.000   8.896 0.000 0.039 0.000  1.327 0.000
150.208333 151.208333   33.81 0.000   6.24 0.000 9.999 0.259  0.85 0.000  0.038 0.000  2.565 0.000  3.591 0.000 999.99 0.259000  23.203 0.000   8.546 0.000  14.657 0.000 0.045 0.000  2.030 0.000
153.208333 154.208333   28.04 0.000   2.18 0.000 9.999 0.259  0.16 0.000  0.063 0.000  1.288 0.000  1.803 0.000 999.99 0.259000  12.765 0.000   5.144 0.000   7.620 0.000 0.035 0.000  1.114 0.000
156.208333 157.208333   36.02 0.000   8.27 0.000 9.999 0.259  0.53 0.000  0.225 0.000  1.866 0.000  2.613 0.000 999.99 0.259000  20.308 0.000   2.748 0.000  17.560 0.000 0.036 0.000  3.422 0.000
159.208333 160.208333   78.57 0.000   5.12 0.000 9.999 0.259  0.16 0.000  0.028 0.000  2.071 0.000  2.899 0.000 999.99 0.259000  40.910 0.000   9.438 0.000  31.472 0.000 0.120 0.000  6.042 0.000
162.208333 163.208333  105.85 0.000   2.58 0.000 9.999 0.259  0.17 0.000  0.139 0.000  0.904 0.000  1.265 0.000 999.99 0.259000  10.798 0.000   2.778 0.000   8.020 0.000 0.070 0.000  1.147 0.000
165.208333 166.208333   43.36 0.000   2.17 0.000 9.999 0.259  0.18 0.000  0.030 0.000  1.490 0.000  2.086 0.000 999.99 0.259000  20.514 0.000   4.904 0.000  15.610 0.000 0.059 0.000  2.838 0.000
168.208333 169.208333   40.50 0.000   2.06 0.000 9.999 0.259  0.16 0.000  0.030 0.000  1.579 0.000  2.210 0.000 999.99 0.259000  19.436 0.000   4.534 0.000  14.903 0.000 0.054 0.000  2.399 0.000
171.208333 172.208333   18.12 0.000   3.52 0.000 9.999 0.259  0.19 0.000  0.028 0.000  1.073 0.000  1.503 0.000 999.99 0.259000  13.849 0.000   9.482 0.000   4.367 0.000 0.026 0.000  0.411 0.000
174.208333 175.208333   32.76 0.000   2.26 0.000 0.087 0.000  0.16 0.000  0.060 0.000  1.420 0.000  1.988 0.000 999.99 0.259000  11.240 0.000   5.458 0.000   5.782 0.000 0.036 0.000  0.575 0.000
177.208333 178.208333   69.15 0.000   4.59 0.000 9.999 0.259  0.30 0.000  0.195 0.000  1.519 0.000  2.126 0.000 999.99 0.259000  13.303 0.000   5.083 0.000   8.221 0.000 0.054 0.000  0.960 0.000
180.208333 181.208333   25.41 0.000   2.31 0.000 0.072 0.000  0.26 0.000  0.062 0.000  1.206 0.000  1.688 0.000 999.99 0.259000  12.673 0.000   5.527 0.000   7.146 0.000 0.030 0.000  0.782 0.000
183.208333 184.208333   58.58 0.000   4.42 0.000 9.999 0.259  0.11 0.000  0.022 0.000  2.612 0.000  3.657 0.000 999.99 0.259000  50.649 0.000   2.368 0.000  48.280 0.000 0.090 0.000  9.318 0.000
186.208333 187.208333   24.37 0.000   4.61 0.000 9.999 0.259 99.99 0.259  0.062 0.000  1.745 0.000  2.443 0.000 999.99 0.259000  14.840 0.000   3.276 0.000  11.564 0.000 0.293 0.000  1.707 0.000
189.208333 190.208333   19.89 0.000   1.65 0.000 9.999 0.259 99.99 0.259  0.035 0.000  1.085 0.000  1.518 0.000 999.99 0.259000  12.350 0.000   4.661 0.000   7.690 0.000 0.026 0.000  1.175 0.000
192.208333 193.208333   27.63 0.000   2.53 0.000 0.077 0.000 99.99 0.259  0.038 0.000  1.478 0.000  2.070 0.000 999.99 0.259000  26.042 0.000   2.185 0.000  23.857 0.000 0.051 0.000  4.483 0.000
195.208333 196.208333   32.27 0.000   1.91 0.000 9.999 0.259 99.99 0.259  0.047 0.000  1.487 0.000  2.082 0.000 999.99 0.259000  15.885 0.000   6.797 0.000   9.088 0.000 0.033 0.000  1.228 0.000
198.208333 199.208333   36.48 0.000   4.70 0.000 9.999 0.259  0.23 0.000  0.168 0.000  5.965 0.000  8.351 0.000 999.99 0.259000  23.469 0.000   2.817 0.000  20.652 0.000 0.115 0.000  1.930 0.000
201.208333 202.208333   24.04 0.000   2.89 0.000 9.999 0.259  0.16 0.000  0.044 0.000  4.416 0.000  6.182 0.000 999.99 0.259000  20.398 0.000   3.747 0.000  16.650 0.000 0.075 0.000  1.678 0.000
204.208333 205.208333   28.10 0.000   2.30 0.000 9.999 0.259  0.29 0.000  0.154 0.000  1.377 0.000  1.928 0.000 999.99 0.259000 999.999 0.456 999.999 0.999  11.784 0.000 0.038 0.000  1.872 0.000
207.208333 208.208333   47.28 0.000   5.40 0.000 9.999 0.259  0.24 0.000  0.062 0.000  1.756 0.000  2.458 0.000 999.99 0.259000  18.030 0.000   3.598 0.000  14.432 0.000 0.040 0.000  2.251 0.000
210.208333 211.208333   27.00 0.000   3.50 0.000 9.999 0.259  0.57 0.000  0.018 0.000  1.578 0.000  2.209 0.000 999.99 0.259000  22.247 0.000   1.778 0.000  20.469 0.000 0.032 0.000  3.766 0.000
213.208333 214.208333   28.05 0.000   3.35 0.000 9.999 0.259  0.10 0.000  0.053 0.000  1.982 0.000  2.775 0.000 999.99 0.259000  21.208 0.000   4.445 0.000  16.762 0.000 0.062 0.000  2.857 0.000
216.208333 217.208333   23.92 0.000   4.12 0.000 9.999 0.259  0.09 0.000  0.039 0.000  1.675 0.000  2.345 0.000 999.99 0.259000  21.921 0.000   4.438 0.000  17.483 0.000 0.041 0.000  2.935 0.000
219.208333 220.208333   23.90 0.000   5.32 0.000 9.999 0.259  0.13 0.000  0.062 0.000  1.851 0.000  2.591 0.000 999.99 0.259000  11.044 0.000   3.741 0.000   7.304 0.000 0.056 0.000  0.668 0.000
222.208333 223.208333   35.54 0.000   3.43 0.000 9.999 0.259  0.15 0.000  0.030 0.000  2.684 0.000  3.758 0.000 999.99 0.259000  30.057 0.000   4.947 0.000  25.111 0.000 0.058 0.000  4.182 0.000
225.208333 226.208333   43.95 0.000   2.99 0.000 9.999 0.259  0.16 0.000  0.125 0.000  1.262 0.000  1.767 0.000 999.99 0.259000  12.759 0.000   3.410 0.000   9.349 0.000 0.035 0.000  1.461 0.000
228.208333 229.208333   47.24 0.000   5.69 0.000 9.999 0.259  0.31 0.000  0.062 0.000  1.845 0.000  2.583 0.000 999.99 0.259000  19.253 0.000   4.083 0.000  15.171 0.000 0.055 0.000  2.708 0.000
231.208333 232.208333   32.94 0.000   2.97 0.000 9.999 0.259 99.99 0.259  0.034 0.000  2.231 0.000  3.124 0.000 999.99 0.259000  22.455 0.000   4.838 0.000  17.617 0.000 0.070 0.000  2.412 0.000
234.208333 235.208333   45.85 0.000   7.18 0.000 9.999 0.259  0.18 0.000  0.045 0.000  2.099 0.000  2.938 0.000 999.99 0.259000  17.236 0.000   5.532 0.000  11.704 0.000 0.047 0.000  1.609 0.000
237.208333 238.208333   33.28 0.000   4.99 0.000 9.999 0.259  0.19 0.000  0.057 0.000  2.413 0.000  3.378 0.000 999.99 0.259000  30.190 0.000   4.171 0.000  26.019 0.000 0.045 0.000  4.868 0.000
240.208333 241.208333   60.34 0.000   2.24 0.000 9.999 0.259  0.29 0.000  0.082 0.000  1.913 0.000  2.678 0.000 999.99 0.259000  21.998 0.000   4.516 0.000  17.482 0.000 0.062 0.000  3.122 0.000
243.208333 244.208333   32.61 0.000   2.41 0.000 0.124 0.000  0.19 0.000  0.100 0.000  1.112 0.000  1.557 0.000 999.99 0.259000  16.801 0.000   4.639 0.000  12.162 0.000 0.074 0.000  2.358 0.000
