scripts/IMPROVE-2019_partial/data/US9000R.19920101070000.20191216000000.filterpack...1y.3d.US03L_filterpack_US9000.US03L_IMPROVE_Davis.lev2.nas
52 1001
MISSING INFORMATION
US03L, IMPROVE, , , , , , , 
MISSING INFORMATION
IMPROVE sel_HTAP
1 1
1992 01 01 2019 12 16
0
days from file reference point
5
1 1 1 1 1
999.999999 999.999 9.999 99.999 9.999999
end_time of measurement, days from the file reference point
pm10_mass, ug/m3, Matrix=pm10
numflag pm10_mass, no unit, Matrix=pm10
pm25_mass, ug/m3, Matrix=pm25
numflag pm25_mass, no unit, Matrix=pm25
0
33
Data definition:              EBAS_1.1
Set type code:                TI
Timezone:                     UTC
File name:                    US9000R.19920101070000.20191216000000.filterpack...1y.3d.US03L_filterpack_US9000.US03L_IMPROVE_Davis.lev2.nas
File creation:                20191218120513
Startdate:                    19920101070000
Revision date:                20191216000000
Version:                      2
Version description:          "Data extracted from http://views.cira.colostate.edu/fed/DataWizard 2019-12-16"
Statistics:                   arithmetic mean
Data level:                   2
Period code:                  1y
Resolution code:              3d
Sample duration:              1d
Orig. time res.:              3d
Station code:                 US9000R
Platform code:                US9000S
Station name:                 Rocky Mountain NP
Station latitude:             40.2783
Station longitude:            -105.5457
Station altitude:             2760.0 m
Regime:                       IMG
Component:                    
Unit:                         ug/m3
Matrix:                       
Laboratory code:              US03L
Instrument type:              filterpack
Instrument name:              filterpack_US9000
Method ref:                   US03L_IMPROVE_Davis
Blank correction:             Blank corrected
Volume std. temperature:      ambient
Volume std. pressure:         ambient
starttime endtime PM10 flag_PM10 PM2.5 flag_PM2.5
  0.291667   1.291667   5.779 0.000  1.467 0.559000
  3.291667   4.291667   2.852 0.000  0.467 0.559000
  7.291667   8.291667   6.055 0.000  1.018 0.559000
 10.291667  11.291667   2.184 0.000 99.999 0.559259
 14.291667  15.291667   4.721 0.000  1.821 0.559000
 17.291667  18.291667   3.218 0.000  1.541 0.559000
 21.291667  22.291667   2.761 0.000  1.645 0.559000
 24.291667  25.291667   1.493 0.000  0.822 0.559000
 28.291667  29.291667   7.090 0.000  1.518 0.559000
 31.291667  32.291667   3.190 0.000  1.254 0.559000
 35.291667  36.291667  10.905 0.000  1.275 0.559000
 38.291667  39.291667   6.291 0.000  1.732 0.559000
 42.291667  43.291667   7.575 0.000  0.441 0.559000
 45.291667  46.291667   3.187 0.000  2.013 0.559000
 49.291667  50.291667   4.000 0.000  1.595 0.559000
 52.291667  53.291667   3.841 0.000  1.405 0.559000
 56.291667  57.291667   1.923 0.000  1.355 0.559000
 59.291667  60.291667   2.490 0.000  1.071 0.000000
 63.291667  64.291667   3.385 0.000  1.296 0.000000
 66.291667  67.291667   5.921 0.000  3.154 0.000000
 70.291667  71.291667   7.357 0.000  2.178 0.000000
 73.291667  74.291667   9.790 0.000  3.355 0.000000
 77.291667  78.291667  11.598 0.000  1.921 0.000000
 80.291667  81.291667   6.600 0.000  3.642 0.000000
 84.291667  85.291667  10.877 0.000  5.300 0.000000
 87.291667  88.291667   7.018 0.000  3.180 0.000000
 91.291667  92.291667   3.760 0.000  3.161 0.000000
 94.291667  95.291667   4.440 0.000  3.082 0.000000
 98.291667  99.291667   8.382 0.000 99.999 0.999000
101.291667 102.291667  10.956 0.000  4.156 0.000000
105.291667 106.291667   7.426 0.000  3.312 0.000000
108.291667 109.291667   3.792 0.000  1.452 0.000000
112.291667 113.291667 999.999 0.999  2.524 0.000000
115.291667 116.291667  11.351 0.000  5.049 0.000000
119.291667 120.291667  10.406 0.000  7.903 0.000000
122.291667 123.291667   7.040 0.000  6.635 0.000000
126.291667 127.291667  17.453 0.000  7.614 0.000000
129.291667 130.291667   5.280 0.000  3.528 0.000000
133.291667 134.291667  10.161 0.000  6.266 0.000000
136.291667 137.291667  11.633 0.000  4.309 0.000000
140.291667 141.291667  11.111 0.000  4.175 0.000000
143.291667 144.291667   6.934 0.000  3.916 0.000000
147.291667 148.291667   1.923 0.000  0.489 0.000000
150.291667 151.291667   3.114 0.000 99.999 0.999000
154.291667 155.291667   7.553 0.000  4.919 0.000000
157.291667 158.291667   8.846 0.000  6.323 0.000000
161.291667 162.291667   5.243 0.000  4.084 0.000000
164.291667 165.291667   6.081 0.000  3.754 0.000000
168.291667 169.291667  11.653 0.000 99.999 0.999000
171.291667 172.291667  20.630 0.000  7.942 0.000000
175.291667 176.291667   9.184 0.000  5.939 0.000000
178.291667 179.291667 999.999 0.999  3.813 0.000000
182.291667 183.291667  10.958 0.000  7.288 0.000000
185.291667 186.291667  10.328 0.000  4.569 0.000000
189.291667 190.291667   4.714 0.000  4.566 0.000000
192.291667 193.291667  13.697 0.000  5.183 0.000000
196.291667 197.291667  12.135 0.000  6.741 0.000000
199.291667 200.291667  13.212 0.000  5.048 0.000000
203.291667 204.291667  11.391 0.000  4.521 0.000000
206.291667 207.291667   4.211 0.000  2.994 0.000000
210.291667 211.291667  14.173 0.000  5.289 0.000000
213.291667 214.291667  11.504 0.000  5.378 0.000000
217.291667 218.291667  17.452 0.000 99.999 0.999000
220.291667 221.291667  14.120 0.000  6.800 0.000000
224.291667 225.291667   4.945 0.000  4.835 0.000000
227.291667 228.291667  13.297 0.000  8.030 0.000000
231.291667 232.291667   8.848 0.000  3.569 0.000000
234.291667 235.291667  30.632 0.000  3.138 0.000000
238.291667 239.291667   5.530 0.000  4.608 0.000000
241.291667 242.291667  17.121 0.000  6.489 0.000000
245.291667 246.291667  10.717 0.000  4.193 0.000000
248.291667 249.291667   7.849 0.000  3.261 0.000000
252.291667 253.291667  15.444 0.000  6.044 0.000000
255.291667 256.291667  12.454 0.000  5.062 0.000000
259.291667 260.291667   5.809 0.000  3.466 0.000000
262.291667 263.291667   7.684 0.000  2.835 0.000000
266.291667 267.291667  12.883 0.000  2.774 0.000000
269.291667 270.291667   4.708 0.000  1.951 0.000000
273.291667 274.291667  10.714 0.000  5.452 0.000000
276.291667 277.291667  13.045 0.000  4.908 0.000000
280.291667 281.291667   2.846 0.000  0.935 0.000000
283.291667 284.291667   7.462 0.000  2.897 0.000000
287.291667 288.291667   8.931 0.000  3.291 0.000000
290.291667 291.291667  10.382 0.000  4.123 0.000000
294.291667 295.291667   6.885 0.000  3.489 0.000000
297.291667 298.291667  12.348 0.000  5.517 0.000000
301.291667 302.291667  12.659 0.000  5.696 0.000000
304.291667 305.291667   2.969 0.000  2.251 0.000000
308.291667 309.291667   2.627 0.000  2.332 0.000000
311.291667 312.291667   5.529 0.000  1.597 0.000000
315.291667 316.291667   2.471 0.000  2.114 0.000000
318.291667 319.291667   1.506 0.000  1.325 0.000000
322.291667 323.291667   5.339 0.000  3.366 0.000000
325.291667 326.291667   3.426 0.000  2.767 0.000000
329.291667 330.291667   6.822 0.000  2.083 0.000000
332.291667 333.291667   1.861 0.000  1.474 0.000000
336.291667 337.291667   2.039 0.000  1.508 0.000000
339.291667 340.291667   4.549 0.000  1.935 0.000000
343.291667 344.291667   2.908 0.000  1.226 0.000000
346.291667 347.291667   4.781 0.000  2.033 0.000000
350.291667 351.291667   5.976 0.000  2.974 0.000000
353.291667 354.291667   2.927 0.000  1.656 0.000000
357.291667 358.291667   1.700 0.000  0.381 0.000000
360.291667 361.291667   2.095 0.000  1.194 0.000000
364.291667 365.291667   2.885 0.000  0.387 0.000000
