scripts/IMPROVE-2019_partial/data/US9036R.19910102070000.20191216000000.filterpack...1y.3d.US03L_filterpack_US9036.US03L_IMPROVE_Davis.lev2.nas
52 1001
MISSING INFORMATION
US03L, IMPROVE, , , , , , , 
MISSING INFORMATION
IMPROVE sel_HTAP
1 1
1991 01 01 2019 12 16
0
days from file reference point
5
1 1 1 1 1
999.999999 999.999 9.999 999.999 9.999999
end_time of measurement, days from the file reference point
pm10_mass, ug/m3, Matrix=pm10
numflag pm10_mass, no unit, Matrix=pm10
pm25_mass, ug/m3, Matrix=pm25
numflag pm25_mass, no unit, Matrix=pm25
0
33
Data definition:              EBAS_1.1
Set type code:                TI
Timezone:                     UTC
File name:                    US9036R.19910102070000.20191216000000.filterpack...1y.3d.US03L_filterpack_US9036.US03L_IMPROVE_Davis.lev2.nas
File creation:                20191218120744
Startdate:                    19910102070000
Revision date:                20191216000000
Version:                      2
Version description:          "Data extracted from http://views.cira.colostate.edu/fed/DataWizard 2019-12-16"
Statistics:                   arithmetic mean
Data level:                   2
Period code:                  1y
Resolution code:              3d
Sample duration:              1d
Orig. time res.:              3d
Station code:                 US9036R
Platform code:                US9036S
Station name:                 Tonto NM
Station latitude:             33.6548
Station longitude:            -111.1068
Station altitude:             775.0 m
Regime:                       IMG
Component:                    
Unit:                         ug/m3
Matrix:                       
Laboratory code:              US03L
Instrument type:              filterpack
Instrument name:              filterpack_US9036
Method ref:                   US03L_IMPROVE_Davis
Blank correction:             Blank corrected
Volume std. temperature:      ambient
Volume std. pressure:         ambient
starttime endtime PM10 flag_PM10 PM2.5 flag_PM2.5
  1.291667   2.291667   5.506 0.000   4.865 0.559000
  4.291667   5.291667 999.999 0.999   4.835 0.559000
  8.291667   9.291667 999.999 0.999  10.418 0.559000
 11.291667  12.291667 999.999 0.999   5.465 0.559000
 15.291667  16.291667   4.767 0.000   2.462 0.559000
 18.291667  19.291667   6.489 0.000   3.423 0.559000
 22.291667  23.291667  10.191 0.000   8.788 0.559000
 25.291667  26.291667  10.155 0.000   3.946 0.559000
 29.291667  30.291667  10.588 0.000   3.097 0.559000
 32.291667  33.291667   8.918 0.000   6.697 0.559000
 36.291667  37.291667   6.269 0.000   2.946 0.559000
 39.291667  40.291667   9.773 0.000   7.075 0.559000
 43.291667  44.291667  13.019 0.000   9.085 0.559000
 46.291667  47.291667   9.313 0.000   6.159 0.559000
 50.291667  51.291667   5.618 0.000   1.994 0.559000
 53.291667  54.291667   8.839 0.000   4.242 0.559000
 57.291667  58.291667 999.999 0.999 999.999 0.999000
 60.291667  61.291667 999.999 0.999 999.999 0.999000
 64.291667  65.291667 999.999 0.999 999.999 0.999000
 67.291667  68.291667 999.999 0.999 999.999 0.999000
 71.291667  72.291667  11.521 0.000   2.964 0.559000
 74.291667  75.291667 999.999 0.999 999.999 0.559259
 78.291667  79.291667  25.880 0.000   4.079 0.559000
 81.291667  82.291667   6.815 0.000   3.584 0.559000
 85.291667  86.291667  20.130 0.000   2.107 0.559000
 88.291667  89.291667   9.510 0.000   3.383 0.559000
 92.291667  93.291667  25.399 0.000   9.204 0.559000
 95.291667  96.291667  21.759 0.000   7.699 0.559000
 99.291667 100.291667  11.935 0.000   7.917 0.559000
102.291667 103.291667  21.078 0.000 999.999 0.559259
106.291667 107.291667  24.545 0.000   4.444 0.559000
109.291667 110.291667  20.359 0.000 999.999 0.559259
113.291667 114.291667  17.993 0.000   5.816 0.559000
116.291667 117.291667  16.503 0.000   4.421 0.559000
120.291667 121.291667  18.476 0.000   8.072 0.559000
123.291667 124.291667  17.539 0.000   5.689 0.559000
127.291667 128.291667  18.423 0.000   6.953 0.559000
130.291667 131.291667  22.026 0.000 999.999 0.559259
134.291667 135.291667  13.454 0.000   4.340 0.559000
137.291667 138.291667  20.493 0.000 999.999 0.559259
141.291667 142.291667  23.480 0.000   6.216 0.559000
144.291667 145.291667  17.038 0.000  10.848 0.559000
148.291667 149.291667  25.215 0.000   5.385 0.559000
151.291667 152.291667  17.213 0.000   5.324 0.559000
155.291667 156.291667  21.497 0.000   6.964 0.559000
158.291667 159.291667  19.148 0.000   5.833 0.559000
162.291667 163.291667   9.705 0.000   6.088 0.559000
165.291667 166.291667  15.342 0.000 999.999 0.559259
169.291667 170.291667  17.152 0.000 999.999 0.559259
172.291667 173.291667  20.222 0.000 999.999 0.559259
176.291667 177.291667  23.027 0.000 999.999 0.559259
179.291667 180.291667  16.846 0.000   6.100 0.559000
183.291667 184.291667  23.442 0.000   6.401 0.559000
186.291667 187.291667  16.655 0.000   6.350 0.559000
190.291667 191.291667  10.828 0.000   5.473 0.559000
193.291667 194.291667  17.966 0.000   4.206 0.559000
197.291667 198.291667  17.617 0.000   6.404 0.559000
200.291667 201.291667  17.437 0.000 999.999 0.559259
204.291667 205.291667  19.362 0.000   5.257 0.559000
207.291667 208.291667  17.007 0.000   5.556 0.559000
211.291667 212.291667  13.863 0.000   7.112 0.559000
214.291667 215.291667  17.226 0.000   4.743 0.559000
218.291667 219.291667  11.547 0.000   2.396 0.559000
221.291667 222.291667   8.356 0.000   4.036 0.559000
225.291667 226.291667  10.491 0.000   5.074 0.559000
228.291667 229.291667  11.616 0.000   3.776 0.559000
232.291667 233.291667  17.510 0.000   5.655 0.559000
235.291667 236.291667   9.650 0.000 999.999 0.559259
239.291667 240.291667  13.404 0.000   5.952 0.559000
242.291667 243.291667  14.220 0.000   4.702 0.559000
246.291667 247.291667  12.125 0.000   5.164 0.559000
249.291667 250.291667   8.746 0.000   4.478 0.559000
253.291667 254.291667   9.560 0.000   3.314 0.559000
256.291667 257.291667  10.952 0.000   4.371 0.559000
260.291667 261.291667  10.105 0.000   4.231 0.559000
263.291667 264.291667  10.523 0.000   4.866 0.559000
267.291667 268.291667 999.999 0.999   8.935 0.559000
270.291667 271.291667 999.999 0.999 999.999 0.559259
274.291667 275.291667 999.999 0.999 999.999 0.999000
277.291667 278.291667   8.815 0.000   7.643 0.559000
281.291667 282.291667 999.999 0.999   7.406 0.559000
284.291667 285.291667  15.000 0.000   4.758 0.559000
288.291667 289.291667  12.105 0.000   4.234 0.559000
291.291667 292.291667  13.083 0.000   4.644 0.559000
295.291667 296.291667  11.103 0.000   4.506 0.559000
298.291667 299.291667  18.594 0.000   4.627 0.559000
302.291667 303.291667   8.520 0.000   2.239 0.559000
305.291667 306.291667   8.600 0.000 999.999 0.559259
309.291667 310.291667  10.973 0.000   3.650 0.559000
312.291667 313.291667  24.125 0.000   8.920 0.559000
316.291667 317.291667  12.191 0.000   3.722 0.559000
319.291667 320.291667  11.654 0.000   2.349 0.559000
323.291667 324.291667  14.527 0.000   1.994 0.559000
326.291667 327.291667   3.210 0.000   0.851 0.559000
330.291667 331.291667   6.367 0.000   3.171 0.559000
333.291667 334.291667   5.022 0.000   1.443 0.559000
337.291667 338.291667   6.409 0.000   2.783 0.559000
340.291667 341.291667   8.069 0.000   7.278 0.559000
344.291667 345.291667   6.567 0.000   4.475 0.559000
347.291667 348.291667  17.744 0.000   4.080 0.559000
351.291667 352.291667   6.926 0.000   3.861 0.559000
354.291667 355.291667   3.253 0.000   0.557 0.559000
358.291667 359.291667   9.349 0.000   5.047 0.559000
361.291667 362.291667   6.463 0.000   4.338 0.559000
