scripts/IMPROVE-2019_partial/data/US9014R.20000101070000.20191216000000.filterpack..pm25.52w.1w.US03L_filterpack_US9014.US03L_IMPROVE_Davis.lev2.nas
64 1001
MISSING INFORMATION
US03L, IMPROVE, , , , , , , 
MISSING INFORMATION
IMPROVE sel_HTAP
1 1
2000 01 01 2019 12 16
0
days from file reference point
25
1 1 1 1 1 1 1 1 1 1 1 1 1 1 1 1 1 1 1 1 1 1 1 1 1
999.999999 9999.99 9.999 99.99 9.999999 9.999 9.999999 9.99 9.999999 9.999 9.999 99.999 9.999 999.999 9.999 999.999 9.999 999.999 9.999 999.999 9.999 9.999 9.999 99.999 9.999
end_time of measurement, days from the file reference point
iron, ng/m3, Revision date=20181210133000
numflag iron, no unit, Revision date=20181210133000
lead, ng/m3, Revision date=20181210133000
numflag lead, no unit, Revision date=20181210133000
magnesium, ug/m3, Revision date=20181210133000
numflag magnesium, no unit, Revision date=20181210133000
nickel, ng/m3, Revision date=20181210133000
numflag nickel, no unit, Revision date=20181210133000
nitrate, ug N/m3, Revision date=20181210133000
numflag nitrate, no unit, Revision date=20181210133000
organic_carbon, ug C/m3, Revision date=20181210133000
numflag organic_carbon, no unit, Revision date=20181210133000
organic_mass, ug/m3, Revision date=20181210133000
numflag organic_mass, no unit, Revision date=20181210133000
pm10_mass, ug/m3, Version=2, Version description=Data extracted from http://views.cira.colostate.edu/fed/DataWizard 2019-12-16, Sample duration=1d, Orig. time res.=3d, Matrix=pm10, Blank correction=Blank corrected, Volume std. temperature=ambient, Volume std. pressure=ambient
numflag pm10_mass, no unit, Version=2, Version description=Data extracted from http://views.cira.colostate.edu/fed/DataWizard 2019-12-16, Sample duration=1d, Orig. time res.=3d, Matrix=pm10, Blank correction=Blank corrected, Volume std. temperature=ambient, Volume std. pressure=ambient
pm10_pm25_mass, ug/m3, Revision date=20181210133000, Matrix=pm10_pm25
numflag pm10_pm25_mass, no unit, Revision date=20181210133000, Matrix=pm10_pm25
pm25_mass, ug/m3, Version=2, Version description=Data extracted from http://views.cira.colostate.edu/fed/DataWizard 2019-12-16, Sample duration=1d, Orig. time res.=3d, Blank correction=Blank corrected, Volume std. temperature=ambient, Volume std. pressure=ambient
numflag pm25_mass, no unit, Version=2, Version description=Data extracted from http://views.cira.colostate.edu/fed/DataWizard 2019-12-16, Sample duration=1d, Orig. time res.=3d, Blank correction=Blank corrected, Volume std. temperature=ambient, Volume std. pressure=ambient
potassium, ug/m3, Revision date=20181210133000
numflag potassium, no unit, Revision date=20181210133000
sulphate_total, ug S/m3, Revision date=20181210133000
numflag sulphate_total, no unit, Revision date=20181210133000
0
25
Data definition:              EBAS_1.1
Set type code:                TI
Timezone:                     UTC
File name:                    US9014R.20000101070000.20191216000000.filterpack..pm25.52w.1w.US03L_filterpack_US9014.US03L_IMPROVE_Davis.lev2.nas
File creation:                20191218120606
Startdate:                    20000101070000
Revision date:                20191216000000
Statistics:                   arithmetic mean
Data level:                   2
Period code:                  52w
Resolution code:              1w
Station code:                 US9014R
Platform code:                US9014S
Station name:                 Medicine Lake
Station latitude:             48.4871
Station longitude:            -104.4757
Station altitude:             606.0 m
Regime:                       IMG
Component:                    
Matrix:                       pm25
Laboratory code:              US03L
Instrument type:              filterpack
Instrument name:              filterpack_US9014
Method ref:                   US03L_IMPROVE_Davis
starttime endtime Fe flag_Fe Pb flag_Pb Mg++ flag_Mg++ Ni flag_Ni NO3- flag_NO3- OC flag_OC OM flag_OM PM10 flag_PM10 PM10-PM2.5 flag_PM10-PM2.5 PM2.5 flag_PM2.5 K+ flag_K+ SO4-- flag_SO4--
[from data line 87]
297.291667 298.291667  113.96 0.000  6.55 0.000000 9.999 0.259000 9.99 0.259000 0.052 0.000  1.269 0.000   1.777 0.000  16.374 0.000  11.581 0.000   4.793 0.000 0.082 0.000  0.278 0.000
300.291667 301.291667  149.13 0.000  0.38 0.000000 9.999 0.259000 9.99 0.259000 0.146 0.000  0.515 0.000   0.721 0.000   6.492 0.000   0.003 0.000   6.490 0.000 0.075 0.000  0.661 0.000
303.291667 304.291667    8.03 0.000  0.77 0.000000 9.999 0.259000 9.99 0.259000 0.290 0.000  0.571 0.000   0.799 0.000   5.515 0.000   2.224 0.000   3.291 0.000 0.022 0.000  0.459 0.000
306.291667 307.291667   25.66 0.394  0.43 0.394000 9.999 0.394259 9.99 0.394259 9.999 0.699 99.999 0.999 999.999 0.999   3.514 0.000   1.225 0.000   2.289 0.000 0.039 0.394 99.999 0.699
309.291667 310.291667   11.62 0.000  0.38 0.000000 9.999 0.259000 9.99 0.259000 0.043 0.000  0.278 0.000   0.389 0.000   3.224 0.000   1.793 0.000   1.431 0.000 0.025 0.000  0.134 0.000
312.291667 313.291667   10.21 0.000  0.68 0.000000 9.999 0.259000 9.99 0.259000 0.152 0.000  0.286 0.000   0.400 0.000   3.620 0.000   1.689 0.000   1.931 0.000 0.035 0.000  0.168 0.000
315.291667 316.291667    5.89 0.000  3.73 0.000000 9.999 0.259000 9.99 0.259000 0.209 0.000  0.373 0.000   0.522 0.000   5.271 0.000   2.544 0.000   2.727 0.000 0.023 0.000  0.246 0.000
318.291667 319.291667    9.64 0.000  0.95 0.000000 9.999 0.259000 9.99 0.259000 0.409 0.000  1.281 0.000   1.794 0.000   7.360 0.000   1.526 0.000   5.835 0.000 0.027 0.000  0.389 0.000
321.291667 322.291667   19.05 0.000 99.99 0.259000 9.999 0.259000 9.99 0.259000 0.258 0.000  1.167 0.000   1.634 0.000   8.067 0.000   3.175 0.000   4.893 0.000 0.048 0.000  0.366 0.000
324.291667 325.291667    4.73 0.000  0.36 0.000000 9.999 0.259000 9.99 0.259000 0.193 0.000  0.520 0.000   0.728 0.000   4.158 0.000   0.994 0.000   3.165 0.000 0.021 0.000  0.360 0.000
327.291667 328.291667   19.79 0.000  0.71 0.000000 9.999 0.259000 9.99 0.259000 0.528 0.000  0.563 0.000   0.788 0.000   8.649 0.000   0.022 0.000   8.627 0.000 0.018 0.000  0.191 0.000
330.291667 331.291667    6.44 0.000  0.31 0.000000 9.999 0.259000 9.99 0.259000 0.090 0.000  0.460 0.000   0.645 0.000   1.901 0.000   0.676 0.000   1.226 0.000 0.012 0.000  0.084 0.000
333.291667 334.291667    9.20 0.000  0.43 0.000000 9.999 0.259000 9.99 0.259000 0.503 0.000  0.702 0.000   0.983 0.000   5.655 0.000   1.710 0.000   3.946 0.000 0.029 0.000  0.159 0.000
336.291667 337.291667   13.24 0.000  0.64 0.000000 9.999 0.259000 0.09 0.000000 0.276 0.000  0.628 0.000   0.879 0.000   5.406 0.000   1.827 0.000   3.579 0.000 0.014 0.000  0.426 0.000
339.291667 340.291667    9.68 0.000  0.31 0.000000 9.999 0.259000 9.99 0.259000 0.266 0.000  0.603 0.000   0.844 0.000   4.837 0.000   1.400 0.000   3.436 0.000 0.020 0.000  0.400 0.000
342.291667 343.291667    8.11 0.000  0.84 0.000000 9.999 0.259000 9.99 0.259000 0.336 0.000  0.504 0.000   0.705 0.000   3.927 0.000   0.806 0.000   3.120 0.000 0.015 0.000  0.322 0.000
345.291667 346.291667    9.76 0.000  0.57 0.000000 9.999 0.259000 9.99 0.259000 0.259 0.000  0.462 0.000   0.647 0.000   4.503 0.000   1.726 0.000   2.778 0.000 0.015 0.000  0.212 0.000
348.291667 349.291667   28.01 0.000  0.75 0.000000 9.999 0.259000 0.09 0.000000 0.657 0.000  0.647 0.000   0.905 0.000  12.643 0.000   2.930 0.000   9.712 0.000 0.032 0.000  1.016 0.000
351.291667 352.291667  113.24 0.000  1.20 0.000000 9.999 0.259000 9.99 0.259000 0.150 0.000  0.932 0.000   1.305 0.000  22.743 0.000  17.204 0.000   5.540 0.000 0.071 0.000  0.339 0.000
354.291667 355.291667  103.56 0.559  4.86 0.559000 9.999 0.559259 9.99 0.559259 0.095 0.000  0.886 0.000   1.240 0.000 999.999 0.456 999.999 0.999   4.926 0.559 0.067 0.559  0.251 0.000
357.291667 358.291667   11.33 0.559  1.61 0.559000 9.999 0.559259 9.99 0.559259 0.134 0.000  1.049 0.000   1.468 0.000 999.999 0.456 999.999 0.999   5.362 0.559 0.032 0.559  0.491 0.000
360.291667 361.291667 9999.99 0.456 99.99 0.456000 9.999 0.456000 9.99 0.456000 9.999 0.456 99.999 0.999 999.999 0.999 999.999 0.456 999.999 0.999 999.999 0.456 9.999 0.456 99.999 0.456
363.291667 364.291667 9999.99 0.456 99.99 0.456000 9.999 0.456000 9.99 0.456000 9.999 0.456 99.999 0.999 999.999 0.999 999.999 0.456 999.999 0.999 999.999 0.456 9.999 0.456 99.999 0.456
