scripts/IMPROVE-2019_partial/data/US9060R.20010101050000.20191216000000.filterpack..pm25.52w.1w.US03L_filterpack_US9060.US03L_IMPROVE_Davis.lev2.nas
64 1001
MISSING INFORMATION
US03L, IMPROVE, , , , , , , 
MISSING INFORMATION
IMPROVE sel_HTAP
1 1
2001 01 01 2019 12 16
3.000000
days from file reference point
25
1 1 1 1 1 1 1 1 1 1 1 1 1 1 1 1 1 1 1 1 1 1 1 1 1
999.999999 9999.99 9.999 999.99 9.999999 9.999 9.999999 99.99 9.999999 99.999 9.999 99.999 9.999 99.999 9.999 999.999 9.999 999.999 9.999 999.999 9.999 9.999 9.999 99.999 9.999
end_time of measurement, days from the file reference point
iron, ng/m3, Revision date=20181210133000
numflag iron, no unit, Revision date=20181210133000
lead, ng/m3, Revision date=20181210133000
numflag lead, no unit, Revision date=20181210133000
magnesium, ug/m3, Revision date=20181210133000
numflag magnesium, no unit, Revision date=20181210133000
nickel, ng/m3, Revision date=20181210133000
numflag nickel, no unit, Revision date=20181210133000
nitrate, ug N/m3, Revision date=20181210133000
numflag nitrate, no unit, Revision date=20181210133000
organic_carbon, ug C/m3, Revision date=20181210133000
numflag organic_carbon, no unit, Revision date=20181210133000
organic_mass, ug/m3, Revision date=20181210133000
numflag organic_mass, no unit, Revision date=20181210133000
pm10_mass, ug/m3, Version=2, Version description=Data extracted from http://views.cira.colostate.edu/fed/DataWizard 2019-12-16, Sample duration=1d, Orig. time res.=3d, Matrix=pm10, Blank correction=Blank corrected, Volume std. temperature=ambient, Volume std. pressure=ambient
numflag pm10_mass, no unit, Version=2, Version description=Data extracted from http://views.cira.colostate.edu/fed/DataWizard 2019-12-16, Sample duration=1d, Orig. time res.=3d, Matrix=pm10, Blank correction=Blank corrected, Volume std. temperature=ambient, Volume std. pressure=ambient
pm10_pm25_mass, ug/m3, Revision date=20181210133000, Matrix=pm10_pm25
numflag pm10_pm25_mass, no unit, Revision date=20181210133000, Matrix=pm10_pm25
pm25_mass, ug/m3, Version=2, Version description=Data extracted from http://views.cira.colostate.edu/fed/DataWizard 2019-12-16, Sample duration=1d, Orig. time res.=3d, Blank correction=Blank corrected, Volume std. temperature=ambient, Volume std. pressure=ambient
numflag pm25_mass, no unit, Version=2, Version description=Data extracted from http://views.cira.colostate.edu/fed/DataWizard 2019-12-16, Sample duration=1d, Orig. time res.=3d, Blank correction=Blank corrected, Volume std. temperature=ambient, Volume std. pressure=ambient
potassium, ug/m3, Revision date=20181210133000
numflag potassium, no unit, Revision date=20181210133000
sulphate_total, ug S/m3, Revision date=20181210133000
numflag sulphate_total, no unit, Revision date=20181210133000
0
25
Data definition:              EBAS_1.1
Set type code:                TU
Timezone:                     UTC
File name:                    US9060R.20010101050000.20191216000000.filterpack..pm25.52w.1w.US03L_filterpack_US9060.US03L_IMPROVE_Davis.lev2.nas
File creation:                20191218120931
Startdate:                    20010101050000
Revision date:                20191216000000
Statistics:                   arithmetic mean
Data level:                   2
Period code:                  52w
Resolution code:              1w
Station code:                 US9060R
Platform code:                US9060S
Station name:                 Seney
Station latitude:             46.2889
Station longitude:            -85.9503
Station altitude:             214.0 m
Regime:                       IMG
Component:                    
Matrix:                       pm25
Laboratory code:              US03L
Instrument type:              filterpack
Instrument name:              filterpack_US9060
Method ref:                   US03L_IMPROVE_Davis
starttime endtime Fe flag_Fe Pb flag_Pb Mg++ flag_Mg++ Ni flag_Ni NO3- flag_NO3- OC flag_OC OM flag_OM PM10 flag_PM10 PM10-PM2.5 flag_PM10-PM2.5 PM2.5 flag_PM2.5 K+ flag_K+ SO4-- flag_SO4--
  0.208333   1.208333    3.39 0.000 999.99 0.259000 9.999 0.259000  0.10 0.000000  0.010 0.000  0.061 0.000  0.085 0.000   1.966 0.000   1.326 0.000   0.640 0.000 0.005 0.000  0.123 0.000
  3.208333   4.208333   10.61 0.000   1.59 0.000000 9.999 0.259000  0.06 0.000000  0.326 0.000  0.543 0.000  0.760 0.000   5.126 0.000   0.296 0.000   4.830 0.000 0.016 0.000  0.816 0.000
  6.208333   7.208333    5.70 0.000   6.24 0.000000 9.999 0.259000  0.21 0.000000  0.084 0.000  0.239 0.000  0.335 0.000   2.646 0.000   0.468 0.000   2.178 0.000 0.019 0.000  0.296 0.000
  9.208333  10.208333   19.30 0.000   1.73 0.000000 9.999 0.259000 99.99 0.259000  2.563 0.000  1.171 0.000  1.639 0.000  18.601 0.000   1.777 0.000  16.825 0.000 0.038 0.000  0.616 0.000
 12.208333  13.208333   26.18 0.000   4.09 0.000000 9.999 0.259000 99.99 0.259000  2.747 0.000  2.521 0.000  3.529 0.000  25.215 0.000   1.915 0.000  23.300 0.000 0.076 0.000  1.325 0.000
 15.208333  16.208333    2.32 0.000   1.73 0.000000 9.999 0.259000  0.11 0.000000  0.040 0.000  0.196 0.000  0.274 0.000   2.799 0.000   0.693 0.000   2.105 0.000 0.012 0.000  0.385 0.000
 18.208333  19.208333    1.90 0.000   0.35 0.000000 9.999 0.259000  0.06 0.000000  0.020 0.559  0.023 0.000  0.032 0.000   1.405 0.000   0.263 0.000   1.142 0.000 0.008 0.000  0.217 0.559
 21.208333  22.208333   10.35 0.000   1.40 0.000000 9.999 0.259000 99.99 0.259000  0.760 0.000  0.921 0.000  1.290 0.000   7.895 0.000   0.130 0.000   7.765 0.000 0.027 0.000  0.599 0.000
 24.208333  25.208333    9.80 0.000   0.64 0.000000 9.999 0.259000 99.99 0.259000  0.259 0.000  0.427 0.000  0.598 0.000   3.762 0.000   1.314 0.000   2.447 0.000 0.021 0.000  0.276 0.000
 27.208333  28.208333   17.58 0.000   0.87 0.000000 9.999 0.259000 99.99 0.259000  0.140 0.000  0.634 0.000  0.887 0.000   3.720 0.000   0.123 0.000   3.597 0.000 0.029 0.000  0.613 0.000
 30.208333  31.208333   13.19 0.000   1.88 0.000000 9.999 0.259000 99.99 0.259000  0.062 0.000  0.398 0.000  0.558 0.000   3.018 0.000   0.037 0.000   2.981 0.000 0.018 0.000  0.548 0.000
 33.208333  34.208333    8.77 0.000   1.36 0.000000 9.999 0.259000 99.99 0.259000  0.383 0.000  0.714 0.000  0.999 0.000   3.927 0.000 999.999 0.259   4.185 0.000 0.025 0.000  0.423 0.000
 36.208333  37.208333    3.82 0.000 999.99 0.259000 9.999 0.259000 99.99 0.259000  0.035 0.000  0.581 0.000  0.813 0.000   2.799 0.000 999.999 0.259   2.935 0.000 0.017 0.000  0.544 0.000
 39.208333  40.208333    2.44 0.000   1.24 0.000000 9.999 0.259000  0.08 0.000000  0.024 0.000  0.346 0.000  0.484 0.000   2.191 0.000   0.013 0.000   2.178 0.000 0.013 0.000  0.391 0.000
 42.208333  43.208333    8.72 0.000   1.26 0.000000 9.999 0.259000  0.30 0.000000  0.210 0.000  0.722 0.000  1.011 0.000   3.821 0.000   0.130 0.000   3.691 0.000 0.024 0.000  0.489 0.000
 45.208333  46.208333    7.72 0.000   0.99 0.000000 9.999 0.259000 99.99 0.259000  0.042 0.559  0.474 0.000  0.664 0.000   5.964 0.000   2.822 0.000   3.142 0.000 0.015 0.000  0.395 0.559
 48.208333  49.208333   10.53 0.000   0.89 0.000000 9.999 0.259000 99.99 0.259000  0.359 0.559  0.613 0.000  0.858 0.000   5.361 0.000   0.524 0.000   4.836 0.000 0.027 0.000  0.360 0.559
 51.208333  52.208333    4.54 0.000   0.76 0.000000 0.034 0.000000 99.99 0.259000  0.035 0.559  0.118 0.000  0.165 0.000   2.234 0.000   0.444 0.000   1.790 0.000 0.008 0.000  0.203 0.559
 54.208333  55.208333   10.62 0.000   1.06 0.000000 9.999 0.259000 99.99 0.259000  0.083 0.559  0.526 0.000  0.736 0.000   3.614 0.000   0.236 0.000   3.378 0.000 0.016 0.000  0.439 0.559
 57.208333  58.208333    4.32 0.000   0.67 0.000000 9.999 0.259000  0.13 0.000000  0.035 0.000  0.184 0.000  0.258 0.000   2.544 0.000   0.473 0.000   2.071 0.000 0.017 0.000  0.274 0.000
 60.208333  61.208333   25.00 0.000   0.98 0.000000 9.999 0.259000 99.99 0.259000  0.758 0.000  1.279 0.000  1.790 0.000  11.928 0.000   0.247 0.000  11.681 0.000 0.045 0.000  1.261 0.000
 63.208333  64.208333    5.24 0.000   0.58 0.000000 9.999 0.259000  0.14 0.000000  0.079 0.559  0.315 0.000  0.441 0.000   3.208 0.000   0.643 0.000   2.565 0.000 0.020 0.000  0.268 0.559
 66.208333  67.208333    7.07 0.000   0.63 0.000000 0.014 0.000000 99.99 0.259000  0.036 0.000  0.273 0.000  0.382 0.000   3.011 0.000   0.850 0.000   2.160 0.000 0.012 0.000  0.316 0.000
 69.208333  70.208333    9.08 0.000   0.35 0.000000 9.999 0.259000  0.23 0.000000  0.024 0.000  0.195 0.000  0.273 0.000   2.730 0.000   0.955 0.000   1.775 0.000 0.012 0.000  0.244 0.000
 72.208333  73.208333   11.22 0.000   0.69 0.000000 9.999 0.259000 99.99 0.259000  0.088 0.000  0.541 0.000  0.757 0.000   4.467 0.000   0.624 0.000   3.844 0.000 0.020 0.000  0.569 0.000
 75.208333  76.208333   11.58 0.000   0.55 0.000000 9.999 0.259000 99.99 0.259000  0.022 0.000  0.331 0.000  0.464 0.000   2.721 0.000   1.085 0.000   1.636 0.000 0.014 0.000  0.180 0.000
 78.208333  79.208333   27.77 0.559   1.84 0.559000 9.999 0.559259  0.27 0.559000  0.243 0.000  0.980 0.000  1.372 0.000   5.036 0.000   0.511 0.000   4.525 0.559 0.024 0.559  0.478 0.000
 81.208333  82.208333    8.46 0.000   0.46 0.000000 9.999 0.259000  0.49 0.000000  0.020 0.559  0.270 0.000  0.379 0.000   2.477 0.000   0.561 0.000   1.917 0.000 0.018 0.000  0.267 0.559
 84.208333  85.208333   11.28 0.000 999.99 0.259000 0.020 0.000000  0.19 0.000000  0.021 0.559  0.197 0.000  0.276 0.000   2.112 0.000   0.337 0.000   1.775 0.000 0.014 0.000  0.228 0.559
 87.208333  88.208333   52.83 0.559   4.20 0.559000 9.999 0.559259 99.99 0.559259  1.007 0.559  1.942 0.000  2.719 0.000  15.850 0.000   0.785 0.000  15.065 0.559 0.049 0.559  1.341 0.559
 90.208333  91.208333   45.58 0.699   4.01 0.699000 9.999 0.699259  1.41 0.699000  0.168 0.559  1.746 0.000  2.445 0.000  19.847 0.000   0.993 0.000  18.854 0.699 0.054 0.699  3.080 0.559
 93.208333  94.208333 9999.99 0.456 999.99 0.456000 9.999 0.456000 99.99 0.456000  0.027 0.000  0.504 0.000  0.706 0.000   9.763 0.000 999.999 0.999 999.999 0.456 9.999 0.456  1.579 0.000
 96.208333  97.208333 9999.99 0.456 999.99 0.456000 9.999 0.456000 99.99 0.456000  0.259 0.000  0.807 0.000  1.130 0.000   8.853 0.000 999.999 0.999 999.999 0.456 9.999 0.456  1.377 0.000
 99.208333 100.208333    7.34 0.000   2.17 0.000000 9.999 0.259000  0.35 0.000000  0.011 0.000  0.421 0.000  0.590 0.000   4.561 0.000   2.282 0.000   2.279 0.000 0.015 0.000  0.305 0.000
102.208333 103.208333    7.15 0.000   0.66 0.000000 9.999 0.259000  0.28 0.000000  0.013 0.000  0.197 0.000  0.275 0.000   2.193 0.000   0.872 0.000   1.321 0.000 0.008 0.000  0.188 0.000
105.208333 106.208333   14.91 0.000   1.14 0.000000 9.999 0.259000  0.32 0.000000  0.010 0.000  0.219 0.000  0.307 0.000   2.599 0.000   0.022 0.000   2.577 0.000 0.013 0.000  0.404 0.000
108.208333 109.208333   83.12 0.000   3.60 0.000000 9.999 0.259000 99.99 0.259000  0.357 0.000  1.175 0.000  1.645 0.000   8.095 0.000   1.631 0.000   6.464 0.000 0.054 0.000  0.695 0.000
111.208333 112.208333    2.99 0.000   0.45 0.000000 9.999 0.259000  0.22 0.000000  0.010 0.000  0.338 0.000  0.474 0.000   2.219 0.000   1.363 0.000   0.856 0.000 0.007 0.000  0.085 0.000
114.208333 115.208333   67.73 0.559   2.82 0.559000 9.999 0.559259 99.99 0.559259  0.224 0.000  0.973 0.000  1.362 0.000   7.109 0.000   1.228 0.000   5.881 0.559 0.049 0.559  0.609 0.000
117.208333 118.208333   40.47 0.000   0.77 0.000000 9.999 0.259000 99.99 0.259000  0.015 0.000  0.552 0.000  0.773 0.000   4.191 0.000   1.175 0.000   3.017 0.000 0.028 0.000  0.307 0.000
120.208333 121.208333  136.57 0.559   4.96 0.559000 9.999 0.559259 99.99 0.559259  0.400 0.000  2.412 0.000  3.377 0.000  18.839 0.000   1.519 0.000  17.320 0.559 0.097 0.559  2.401 0.000
123.208333 124.208333   14.24 0.000   0.40 0.000000 9.999 0.259000  0.34 0.000000  0.013 0.000  0.420 0.000  0.588 0.000   3.041 0.000   1.129 0.000   1.911 0.000 0.020 0.000  0.172 0.000
126.208333 127.208333   55.82 0.559   2.15 0.559000 0.052 0.559000  0.22 0.559000  0.091 0.000  1.145 0.000  1.603 0.000   7.807 0.000   1.366 0.000   6.441 0.559 0.036 0.559  0.746 0.000
129.208333 130.208333  105.84 0.559   2.92 0.559000 9.999 0.559259 99.99 0.559259  0.244 0.000  1.711 0.000  2.395 0.000   9.879 0.000   0.631 0.000   9.248 0.559 0.067 0.559  0.925 0.000
132.208333 133.208333   41.21 0.000   1.86 0.000000 9.999 0.259000  0.22 0.000000  0.038 0.000  0.954 0.000  1.336 0.000   4.602 0.000   0.730 0.000   3.872 0.000 0.044 0.000  0.349 0.000
135.208333 136.208333   68.57 0.559   3.32 0.559000 9.999 0.559259  0.39 0.559000  0.248 0.559  1.782 0.000  2.494 0.000  13.930 0.000 999.999 0.259  14.108 0.559 0.042 0.559  1.706 0.559
138.208333 139.208333   40.79 0.559   0.61 0.559000 9.999 0.559259  0.13 0.559000  0.029 0.000  1.268 0.000  1.775 0.000   5.383 0.000   1.236 0.000   4.147 0.559 0.041 0.559  0.300 0.000
141.208333 142.208333   11.34 0.000   0.88 0.000000 9.999 0.259000 99.99 0.259000  0.134 0.000  0.817 0.000  1.144 0.000   3.945 0.000   1.125 0.000   2.820 0.000 0.012 0.000  0.364 0.000
144.208333 145.208333   19.66 0.000   0.82 0.000000 9.999 0.259000  0.26 0.000000  0.030 0.000  0.885 0.000  1.240 0.000   7.275 0.000   0.396 0.000   6.880 0.000 0.018 0.000  1.095 0.000
147.208333 148.208333    9.70 0.559   0.49 0.559000 9.999 0.559259  0.34 0.559000  0.014 0.000  0.814 0.000  1.139 0.000   6.492 0.000   0.437 0.000   6.056 0.559 0.018 0.559  0.979 0.000
150.208333 151.208333   27.39 0.000   0.45 0.000000 9.999 0.259000 99.99 0.259000  0.016 0.000  0.483 0.000  0.676 0.000   3.069 0.000   1.107 0.000   1.962 0.000 0.029 0.000  0.138 0.000
153.208333 154.208333    2.11 0.000   0.21 0.000000 9.999 0.259000  0.17 0.000000  0.006 0.000  0.176 0.000  0.246 0.000   0.883 0.000   0.473 0.000   0.410 0.000 0.013 0.000  0.032 0.000
156.208333 157.208333   17.77 0.000   0.60 0.000000 9.999 0.259000  0.18 0.000000  0.015 0.000  0.636 0.000  0.890 0.000   3.109 0.000   1.139 0.000   1.970 0.000 0.024 0.000  0.119 0.000
159.208333 160.208333   19.07 0.000   1.77 0.000000 9.999 0.259000  0.20 0.000000  0.019 0.000  1.064 0.000  1.489 0.000   5.087 0.000   1.187 0.000   3.900 0.000 0.027 0.000  0.266 0.000
162.208333 163.208333   12.55 0.559   1.68 0.559000 9.999 0.559259 99.99 0.559259  0.028 0.000  0.955 0.000  1.337 0.000   4.814 0.000   1.124 0.000   3.690 0.559 0.026 0.559  0.269 0.000
165.208333 166.208333   42.56 0.559   1.62 0.559000 9.999 0.559259  0.33 0.559000  0.068 0.000  1.436 0.000  2.011 0.000  14.133 0.000   1.211 0.000  12.921 0.559 0.072 0.559  1.691 0.000
168.208333 169.208333   28.57 0.559   1.64 0.559000 9.999 0.559259  0.16 0.559000  0.061 0.000  2.346 0.000  3.285 0.000  11.224 0.000   2.707 0.000   8.517 0.559 0.041 0.559  0.691 0.000
171.208333 172.208333   16.67 0.559   0.62 0.559000 9.999 0.559259  0.25 0.559000  0.035 0.000 99.999 0.999 99.999 0.999   4.412 0.000   0.080 0.000   4.332 0.559 0.029 0.559  0.275 0.000
174.208333 175.208333   13.08 0.559   2.23 0.559000 9.999 0.559259  0.16 0.559000  0.049 0.000 99.999 0.999 99.999 0.999   6.372 0.000   0.378 0.000   5.995 0.559 0.035 0.559  0.568 0.000
177.208333 178.208333   56.52 0.559   4.28 0.559000 9.999 0.559259 99.99 0.559259  0.085 0.000  2.577 0.000  3.608 0.000  16.204 0.000 999.999 0.259  16.591 0.559 0.053 0.559  2.672 0.000
180.208333 181.208333   29.31 0.559   1.69 0.559000 9.999 0.559259  0.09 0.559000  0.041 0.000  1.720 0.000  2.408 0.000  13.317 0.000   0.817 0.000  12.500 0.559 0.036 0.559  1.885 0.000
183.208333 184.208333   11.81 0.559   1.01 0.559000 9.999 0.559259  0.08 0.559000  0.048 0.000  0.713 0.000  0.998 0.000   4.756 0.000   0.707 0.000   4.049 0.559 0.022 0.559  0.475 0.000
186.208333 187.208333   32.39 0.000   1.74 0.000000 9.999 0.259000  0.07 0.000000  0.067 0.000  1.017 0.000  1.424 0.000   3.717 0.000   0.613 0.000   3.104 0.000 0.050 0.000  0.220 0.000
189.208333 190.208333   25.69 0.559   0.90 0.559000 9.999 0.559259  0.24 0.559000  0.018 0.000  1.735 0.000  2.428 0.000   6.128 0.000   0.645 0.000   5.482 0.559 0.029 0.559  0.252 0.000
192.208333 193.208333    8.79 0.000   0.26 0.000000 9.999 0.259000  0.24 0.000000  0.014 0.000  0.515 0.000  0.721 0.000   2.614 0.000   1.061 0.000   1.554 0.000 0.012 0.000  0.070 0.000
195.208333 196.208333   24.32 0.559   0.64 0.559000 9.999 0.559259  0.19 0.559000  0.016 0.000  1.901 0.000  2.661 0.000   7.680 0.000   2.528 0.000   5.151 0.559 0.027 0.559  0.147 0.000
198.208333 199.208333   22.12 0.559   2.17 0.559000 9.999 0.559259  0.32 0.559000  0.058 0.000  2.098 0.000  2.937 0.000  15.155 0.000   2.008 0.000  13.147 0.559 0.033 0.559  1.853 0.000
201.208333 202.208333   32.79 0.000   1.65 0.000000 9.999 0.259000  0.53 0.000000  0.081 0.000  1.610 0.000  2.255 0.000  17.957 0.000   4.356 0.000  13.601 0.000 0.036 0.000  2.368 0.000
204.208333 205.208333   16.27 0.559   0.26 0.559000 9.999 0.559259 99.99 0.559259  0.023 0.000  0.758 0.000  1.061 0.000   4.496 0.000   1.057 0.000   3.439 0.559 0.032 0.559  0.256 0.000
207.208333 208.208333    8.65 0.000   1.22 0.000000 9.999 0.259000  0.37 0.000000  0.024 0.000  0.537 0.000  0.752 0.000   4.248 0.000   1.632 0.000   2.616 0.000 0.016 0.000  0.142 0.000
210.208333 211.208333   19.43 0.559   1.81 0.559000 9.999 0.559259  0.46 0.559000  0.032 0.000  1.679 0.000  2.350 0.000  16.871 0.000   3.815 0.000  13.056 0.559 0.029 0.559  1.899 0.000
213.208333 214.208333   23.86 0.559   1.04 0.559000 9.999 0.559259 99.99 0.559259  0.090 0.000  1.477 0.000  2.068 0.000  13.603 0.000   0.423 0.000  13.180 0.559 0.030 0.559  1.980 0.000
216.208333 217.208333   28.34 0.559   2.74 0.559000 9.999 0.559259  0.38 0.559000  0.060 0.000  2.227 0.000  3.118 0.000  17.382 0.000   2.540 0.000  14.842 0.559 0.033 0.559  2.145 0.000
219.208333 220.208333   24.22 0.559   0.34 0.559000 9.999 0.559259 99.99 0.559259  0.030 0.000  1.671 0.000  2.340 0.000   6.250 0.000   0.351 0.000   5.899 0.559 0.028 0.559  0.381 0.000
222.208333 223.208333    6.40 0.559   0.36 0.559000 9.999 0.559259 99.99 0.559259  0.011 0.000  0.382 0.000  0.535 0.000   2.721 0.000   0.919 0.000   1.802 0.559 0.014 0.559  0.139 0.000
225.208333 226.208333    9.29 0.559   0.46 0.559000 9.999 0.559259 99.99 0.559259  0.011 0.000  0.675 0.000  0.945 0.000   3.160 0.000   0.998 0.000   2.162 0.559 0.015 0.559  0.134 0.000
228.208333 229.208333    4.94 0.000   0.49 0.000000 9.999 0.259000  0.14 0.000000  0.011 0.000  0.618 0.000  0.865 0.000   3.105 0.000   0.068 0.000   3.036 0.000 0.011 0.000  0.279 0.000
231.208333 232.208333    3.83 0.000   0.19 0.000000 9.999 0.259000  0.19 0.000000  0.008 0.000  0.887 0.000  1.242 0.000   3.005 0.000   0.586 0.000   2.420 0.000 0.013 0.000  0.069 0.000
234.208333 235.208333   18.94 0.000   1.89 0.000000 9.999 0.259000  0.21 0.000000  0.061 0.000  1.522 0.000  2.131 0.000  13.528 0.000   1.655 0.000  11.873 0.000 0.021 0.000  1.830 0.000
237.208333 238.208333   13.89 0.000   0.87 0.000000 9.999 0.259000  0.22 0.000000  0.018 0.000  0.926 0.000  1.296 0.000   5.981 0.000 999.999 0.259   6.101 0.000 0.022 0.000  0.855 0.000
240.208333 241.208333   12.25 0.559   1.51 0.559000 0.029 0.559000  0.14 0.559000  0.024 0.000  0.979 0.000  1.370 0.000   5.147 0.000   0.540 0.000   4.607 0.559 0.016 0.559  0.382 0.000
243.208333 244.208333    3.50 0.000   0.26 0.000000 9.999 0.259000 99.99 0.259000  0.010 0.000  0.319 0.000  0.446 0.000   2.315 0.000   1.222 0.000   1.093 0.000 0.014 0.000  0.061 0.000
246.208333 247.208333    2.45 0.559 999.99 0.559259 9.999 0.559259 99.99 0.559259  0.011 0.000  0.227 0.000  0.317 0.000   1.888 0.000   0.994 0.000   0.894 0.559 0.009 0.559  0.057 0.000
249.208333 250.208333   45.98 0.559   2.92 0.559000 9.999 0.559259  0.25 0.559000  0.098 0.559  0.960 0.000  1.343 0.000  17.710 0.000   3.174 0.000  14.537 0.559 0.027 0.559  2.067 0.559
252.208333 253.208333    9.45 0.000 999.99 0.259000 9.999 0.259000 99.99 0.259000  0.011 0.000  0.302 0.000  0.423 0.000   2.152 0.000   0.725 0.000   1.428 0.000 0.017 0.000  0.138 0.000
