scripts/IMPROVE-2019_partial/data/US9018U.20050101050000.20191216000000.filterpack..pm25.52w.1w.US03L_filterpack_US9018.US03L_IMPROVE_Davis.lev2.nas
66 1001
MISSING INFORMATION
US03L, IMPROVE, , , , , , , 
MISSING INFORMATION
IMPROVE sel_HTAP
1 1
2005 01 01 2019 12 16
3.000000
days from file reference point
27
1 1 1 1 1 1 1 1 1 1 1 1 1 1 1 1 1 1 1 1 1 1 1 1 1 1 1
999.999999 9999.99 9.999 999.99 9.999 9.999 9.999999 999.99 9.999 99.999 9.999 99.999 9.999 999.999 9.999 9999.99 9.999999 999.999 9.999 999.999 9.999 999.999 9.999 9.999 9.999 99.999 9.999
end_time of measurement, days from the file reference point
iron, ng/m3, Revision date=20181210133000
numflag iron, no unit, Revision date=20181210133000
lead, ng/m3, Revision date=20181210133000
numflag lead, no unit, Revision date=20181210133000
magnesium, ug/m3, Revision date=20181210133000
numflag magnesium, no unit, Revision date=20181210133000
nickel, ng/m3, Revision date=20181210133000
numflag nickel, no unit, Revision date=20181210133000
nitrate, ug N/m3, Revision date=20181210133000
numflag nitrate, no unit, Revision date=20181210133000
organic_carbon, ug C/m3, Revision date=20181210133000
numflag organic_carbon, no unit, Revision date=20181210133000
organic_mass, ug/m3, Revision date=20181210133000
numflag organic_mass, no unit, Revision date=20181210133000
phosphorus, ng/m3, Revision date=20181210133000
numflag phosphorus, no unit, Revision date=20181210133000
pm10_mass, ug/m3, Version=2, Version description=Data extracted from http://views.cira.colostate.edu/fed/DataWizard 2019-12-16, Sample duration=1d, Orig. time res.=3d, Matrix=pm10, Blank correction=Blank corrected, Volume std. temperature=ambient, Volume std. pressure=ambient
numflag pm10_mass, no unit, Version=2, Version description=Data extracted from http://views.cira.colostate.edu/fed/DataWizard 2019-12-16, Sample duration=1d, Orig. time res.=3d, Matrix=pm10, Blank correction=Blank corrected, Volume std. temperature=ambient, Volume std. pressure=ambient
pm10_pm25_mass, ug/m3, Revision date=20181210133000, Matrix=pm10_pm25
numflag pm10_pm25_mass, no unit, Revision date=20181210133000, Matrix=pm10_pm25
pm25_mass, ug/m3, Version=2, Version description=Data extracted from http://views.cira.colostate.edu/fed/DataWizard 2019-12-16, Sample duration=1d, Orig. time res.=3d, Blank correction=Blank corrected, Volume std. temperature=ambient, Volume std. pressure=ambient
numflag pm25_mass, no unit, Version=2, Version description=Data extracted from http://views.cira.colostate.edu/fed/DataWizard 2019-12-16, Sample duration=1d, Orig. time res.=3d, Blank correction=Blank corrected, Volume std. temperature=ambient, Volume std. pressure=ambient
potassium, ug/m3, Revision date=20181210133000
numflag potassium, no unit, Revision date=20181210133000
sulphate_total, ug S/m3, Revision date=20181210133000
numflag sulphate_total, no unit, Revision date=20181210133000
0
25
Data definition:              EBAS_1.1
Set type code:                TU
Timezone:                     UTC
File name:                    US9018U.20050101050000.20191216000000.filterpack..pm25.52w.1w.US03L_filterpack_US9018.US03L_IMPROVE_Davis.lev2.nas
File creation:                20191218120618
Startdate:                    20050101050000
Revision date:                20191216000000
Statistics:                   arithmetic mean
Data level:                   2
Period code:                  52w
Resolution code:              1w
Station code:                 US9018U
Platform code:                US9018S
Station name:                 New York City
Station latitude:             40.8161
Station longitude:            -73.9019
Station altitude:             45.0 m
Regime:                       IMG
Component:                    
Matrix:                       pm25
Laboratory code:              US03L
Instrument type:              filterpack
Instrument name:              filterpack_US9018
Method ref:                   US03L_IMPROVE_Davis
starttime endtime Fe flag_Fe Pb flag_Pb Mg++ flag_Mg++ Ni flag_Ni NO3- flag_NO3- OC flag_OC OM flag_OM P flag_P PM10 flag_PM10 PM10-PM2.5 flag_PM10-PM2.5 PM2.5 flag_PM2.5 K+ flag_K+ SO4-- flag_SO4--
[from data line 80]
240.208333 241.208333  101.73 0.000   4.42 0.000 9.999 0.259000   5.71 0.000  0.304 0.000  1.249 0.559   2.248 0.559 9999.99 0.259000  19.430 0.000   7.858 0.000  11.571 0.000 0.023 0.000  1.681 0.000
243.208333 244.208333   74.63 0.000   3.29 0.000 9.999 0.259000   1.96 0.000  0.033 0.000  1.396 0.559   2.512 0.559 9999.99 0.259000  15.911 0.000   6.565 0.000   9.345 0.000 0.023 0.000  1.263 0.000
246.208333 247.208333   51.32 0.000   3.31 0.000 9.999 0.259000   3.21 0.000  0.029 0.000  1.340 0.559   2.411 0.559 9999.99 0.259000  10.289 0.000   4.410 0.000   5.879 0.000 0.029 0.000  0.563 0.000
249.208333 250.208333  179.56 0.000   5.92 0.000 0.012 0.000000   5.89 0.000  0.178 0.000  2.190 0.559   3.942 0.559 9999.99 0.259000  24.252 0.000  16.282 0.000   7.980 0.000 0.030 0.000  0.455 0.000
252.208333 253.208333  122.85 0.000   3.16 0.000 9.999 0.259000   5.63 0.000  0.081 0.000  2.076 0.559   3.736 0.559 9999.99 0.259000  16.376 0.000   8.596 0.000   7.779 0.000 0.040 0.000  0.522 0.000
255.208333 256.208333  260.61 0.699   7.63 0.699 9.999 0.699259  10.47 0.699  0.257 0.000  3.093 0.559   5.567 0.559 9999.99 0.699259  54.546 0.000  12.859 0.699  41.848 0.659 0.044 0.699  6.896 0.000
258.208333 259.208333  136.22 0.000   1.73 0.000 9.999 0.259000   6.33 0.000  0.239 0.000  1.194 0.000   2.149 0.000 9999.99 0.259000  20.060 0.000  10.392 0.000   9.500 0.000 0.043 0.000  1.179 0.000
261.208333 262.208333  166.34 0.000   4.05 0.000 9.999 0.259000   6.59 0.000  0.174 0.000  2.423 0.000   4.361 0.000 9999.99 0.259000  21.761 0.000   8.064 0.000  13.615 0.000 0.046 0.000  1.628 0.000
264.208333 265.208333  195.57 0.000   5.20 0.000 9.999 0.259000  12.32 0.000  0.186 0.000  2.761 0.000   4.969 0.000 9999.99 0.259000  30.657 0.000  16.747 0.000  13.822 0.000 0.054 0.000  1.464 0.000
267.208333 268.208333   75.91 0.000   1.45 0.000 9.999 0.259000   3.83 0.000  0.100 0.000  1.209 0.000   2.176 0.000 9999.99 0.259000  17.606 0.000  10.922 0.000   6.527 0.000 0.032 0.000  0.293 0.000
270.208333 271.208333  104.12 0.000   1.98 0.000 9.999 0.259000   3.55 0.000  0.054 0.000  1.117 0.000   2.011 0.000 9999.99 0.259000  13.583 0.000   8.754 0.000   4.898 0.000 0.032 0.000  0.370 0.000
273.208333 274.208333  204.41 0.000  11.20 0.000 9.999 0.259000  18.93 0.000  0.782 0.000  2.490 0.000   4.483 0.000  136.66 0.000000  22.561 0.000  10.093 0.000  12.285 0.000 0.052 0.000  0.963 0.000
276.208333 277.208333  165.84 0.000   3.22 0.000 0.026 0.000000  11.52 0.000  0.445 0.000  2.060 0.000   3.708 0.000 9999.99 0.259000  21.652 0.000  11.192 0.000  10.505 0.000 0.045 0.000  1.195 0.000
279.208333 280.208333   88.53 0.000   0.32 0.000 0.049 0.000000   3.23 0.000  0.139 0.000  1.175 0.000   2.115 0.000 9999.99 0.259000  18.643 0.000  11.590 0.000   6.886 0.000 0.043 0.000  0.646 0.000
282.208333 283.208333   86.46 0.000   1.63 0.000 9.999 0.259000   2.91 0.000  0.101 0.000  0.835 0.000   1.504 0.000   43.54 0.000000   8.030 0.000   3.896 0.000   4.068 0.000 0.020 0.000  0.361 0.000
285.208333 286.208333   37.06 0.000   0.55 0.000 0.022 0.000000   3.14 0.000  0.083 0.000  0.612 0.000   1.102 0.000 9999.99 0.259000   7.632 0.000   3.795 0.000   3.773 0.000 0.025 0.000  0.351 0.000
288.208333 289.208333   34.48 0.000   1.79 0.000 9.999 0.259000   2.10 0.000  0.011 0.000  0.714 0.000   1.285 0.000 9999.99 0.259000   6.988 0.000   3.993 0.000   2.935 0.000 0.014 0.000  0.315 0.000
291.208333 292.208333  152.45 0.000   4.66 0.000 0.017 0.000000  14.37 0.000  0.177 0.000  2.316 0.000   4.168 0.000 9999.99 0.259000  23.445 0.000  12.217 0.000  11.265 0.000 0.060 0.000  1.191 0.000
294.208333 295.208333   88.00 0.000   4.90 0.000 9.999 0.259000  10.10 0.000  0.259 0.000  1.564 0.000   2.815 0.000   73.58 0.000000  12.304 0.000   4.425 0.000   7.784 0.000 0.048 0.000  0.552 0.000
297.208333 298.208333   46.28 0.000   3.25 0.000 9.999 0.259000   9.66 0.000  0.037 0.000  0.698 0.000   1.257 0.000   54.43 0.000000   4.670 0.000   1.382 0.000   3.269 0.000 0.029 0.000  0.190 0.000
300.208333 301.208333   98.13 0.000   4.01 0.000 9.999 0.259000  11.79 0.000  0.152 0.000  1.445 0.000   2.601 0.000   69.68 0.000000  11.166 0.000   4.412 0.000   6.666 0.000 0.042 0.000  0.427 0.000
303.208333 304.208333  253.37 0.000  12.55 0.000 9.999 0.259000  29.39 0.000  0.355 0.000  3.876 0.000   6.976 0.000 9999.99 0.259000  28.487 0.000  10.285 0.000  17.978 0.000 0.118 0.000  1.665 0.000
306.208333 307.208333  219.46 0.000   7.10 0.000 9.999 0.259000  20.65 0.000  0.344 0.000  2.758 0.000   4.965 0.000 9999.99 0.259000  32.195 0.000  19.087 0.000  12.823 0.000 0.078 0.000  1.174 0.000
309.208333 310.208333  184.37 0.000   5.12 0.000 9.999 0.259000  14.96 0.000  1.397 0.000  5.199 0.000   9.358 0.000 9999.99 0.259000  42.494 0.000  10.157 0.000  32.034 0.000 0.099 0.000  2.643 0.000
312.208333 313.208333  159.78 0.000   4.22 0.000 9.999 0.259000   9.45 0.000  0.431 0.000  2.365 0.000   4.256 0.000 9999.99 0.259000  24.461 0.000  11.670 0.000  12.780 0.000 0.060 0.000  1.016 0.000
315.208333 316.208333  177.89 0.000   8.19 0.000 9.999 0.259000  24.48 0.000  0.880 0.000  3.100 0.000   5.580 0.000 9999.99 0.259000  23.505 0.000   7.817 0.000  15.508 0.000 0.071 0.000  0.991 0.000
318.208333 319.208333  144.42 0.000   3.15 0.000 0.026 0.000000  10.69 0.000  0.272 0.000  1.754 0.000   3.158 0.000 9999.99 0.259000  23.616 0.000  14.236 0.000   9.386 0.000 0.042 0.000  0.620 0.000
321.208333 322.208333   77.11 0.000   3.12 0.000 0.008 0.000000  12.65 0.000  0.213 0.000  1.010 0.000   1.818 0.000 9999.99 0.259000   9.429 0.000   3.369 0.000   5.987 0.000 0.032 0.000  0.506 0.000
324.208333 325.208333 9999.99 0.999 999.99 0.999 9.999 0.999000 999.99 0.999  1.629 0.000  7.191 0.000  12.943 0.000 9999.99 0.999000 999.999 0.999 999.999 0.999 999.999 0.999 9.999 0.999  1.809 0.000
327.208333 328.208333   56.08 0.000   2.65 0.000 9.999 0.259000  24.49 0.000  0.334 0.000  1.240 0.000   2.231 0.000 9999.99 0.259000  10.404 0.000   3.239 0.000   7.088 0.000 0.033 0.000  0.612 0.000
330.208333 331.208333  189.48 0.000   8.25 0.000 9.999 0.259000  50.85 0.000  1.272 0.000  3.949 0.000   7.109 0.000  156.97 0.000000  29.239 0.000   6.369 0.000  22.659 0.000 0.071 0.000  1.342 0.000
333.208333 334.208333  118.46 0.000   2.28 0.000 9.999 0.259000  29.55 0.000  0.170 0.000  1.386 0.000   2.494 0.000 9999.99 0.259000  13.205 0.000   5.338 0.000   7.841 0.000 0.042 0.000  0.830 0.000
336.208333 337.208333   47.27 0.000   2.67 0.000 9.999 0.259000   9.31 0.000  0.242 0.000  1.041 0.000   1.874 0.000 9999.99 0.259000   9.377 0.000   3.195 0.000   6.111 0.000 0.032 0.000  0.567 0.000
339.208333 340.208333   87.24 0.000   6.25 0.000 9.999 0.259000  16.81 0.000  0.747 0.000  1.902 0.000   3.423 0.000 9999.99 0.259000  21.817 0.000   7.337 0.000  14.417 0.000 0.057 0.000  1.313 0.000
342.208333 343.208333   98.88 0.000   6.91 0.000 9.999 0.259000  35.76 0.000  0.633 0.000  2.140 0.000   3.853 0.000  151.71 0.000000  19.187 0.000   4.435 0.000  14.614 0.000 0.052 0.000  1.196 0.000
345.208333 346.208333   88.12 0.000   5.61 0.000 0.008 0.000000  20.51 0.000  0.823 0.000  1.953 0.000   3.516 0.000  124.39 0.000000  19.656 0.000   5.153 0.000  14.360 0.000 0.052 0.000  1.045 0.000
348.208333 349.208333  128.23 0.699   9.20 0.699 9.999 0.699259  44.51 0.699  0.837 0.000  3.187 0.000   5.736 0.000  155.82 0.699000  31.343 0.000  11.882 0.699  19.206 0.659 0.073 0.699  1.242 0.000
351.208333 352.208333   94.54 0.000   7.24 0.000 9.999 0.259000  28.05 0.000  1.008 0.000  3.473 0.000   6.251 0.000 9999.99 0.259000  24.362 0.000   4.970 0.000  19.218 0.000 0.059 0.000  1.624 0.000
354.208333 355.208333   73.70 0.000   4.96 0.000 0.009 0.000000  13.85 0.000  1.328 0.000  2.167 0.000   3.901 0.000 9999.99 0.259000  25.669 0.000   7.229 0.000  18.350 0.000 0.049 0.000  1.350 0.000
357.208333 358.208333  201.70 0.699   8.04 0.699 0.012 0.699000  33.87 0.699  1.465 0.000  4.035 0.000   7.262 0.000 9999.99 0.699259  33.482 0.000   8.273 0.699  24.963 0.659 0.089 0.699  1.582 0.000
360.208333 361.208333  326.96 0.000   5.83 0.000 0.036 0.000000  11.61 0.000  0.103 0.000  0.769 0.000   1.385 0.000 9999.99 0.259000  10.053 0.000   2.633 0.000   7.385 0.000 0.099 0.000  1.123 0.000
363.208333 364.208333   46.81 0.000   2.18 0.000 9.999 0.259000  12.34 0.000  0.099 0.000  0.923 0.000   1.661 0.000   78.33 0.000000   8.205 0.000   2.646 0.000   5.499 0.000 0.020 0.000  0.663 0.000
