scripts/IMPROVE-2019_partial/data/US9041R.20140102080000.20191216000000.filterpack...52w.3d.US03L_filterpack_US9041.US03L_IMPROVE_Davis.lev2.nas
52 1001
MISSING INFORMATION
US03L, IMPROVE, , , , , , , 
MISSING INFORMATION
IMPROVE sel_HTAP
1 1
2014 01 01 2019 12 16
3.000000
days from file reference point
5
1 1 1 1 1
999.999999 9999.999 9.999 99.999 9.999
end_time of measurement, days from the file reference point
pm10_mass, ug/m3, Matrix=pm10
numflag pm10_mass, no unit, Matrix=pm10
pm25_mass, ug/m3, Matrix=pm25
numflag pm25_mass, no unit, Matrix=pm25
0
33
Data definition:              EBAS_1.1
Set type code:                TU
Timezone:                     UTC
File name:                    US9041R.20140102080000.20191216000000.filterpack...52w.3d.US03L_filterpack_US9041.US03L_IMPROVE_Davis.lev2.nas
File creation:                20191218120808
Startdate:                    20140102080000
Revision date:                20191216000000
Version:                      2
Version description:          "Data extracted from http://views.cira.colostate.edu/fed/DataWizard 2019-12-16"
Statistics:                   arithmetic mean
Data level:                   2
Period code:                  52w
Resolution code:              3d
Sample duration:              1d
Orig. time res.:              3d
Station code:                 US9041R
Platform code:                US9041S
Station name:                 San Gabriel
Station latitude:             34.2969
Station longitude:            -118.0282
Station altitude:             1791.0 m
Regime:                       IMG
Component:                    
Unit:                         ug/m3
Matrix:                       
Laboratory code:              US03L
Instrument type:              filterpack
Instrument name:              filterpack_US9041
Method ref:                   US03L_IMPROVE_Davis
Blank correction:             Blank corrected
Volume std. temperature:      ambient
Volume std. pressure:         ambient
starttime endtime PM10 flag_PM10 PM2.5 flag_PM2.5
  1.333333   2.333333    4.983 0.000  1.393 0.000
  4.333333   5.333333    3.038 0.000  0.710 0.000
  7.333333   8.333333    4.650 0.000  1.308 0.000
 10.333333  11.333333    3.357 0.000  1.208 0.000
 13.333333  14.333333    8.296 0.000  1.735 0.000
 16.333333  17.333333    5.043 0.000  1.681 0.000
 19.333333  20.333333    4.758 0.000  1.358 0.000
 22.333333  23.333333    8.988 0.000  2.853 0.000
 25.333333  26.333333   15.426 0.000  5.543 0.000
 28.333333  29.333333    4.897 0.000  1.746 0.000
 31.333333  32.333333    3.480 0.000  1.474 0.000
 34.333333  35.333333    5.813 0.000  2.843 0.000
 37.333333  38.333333    2.371 0.000  1.256 0.000
 40.333333  41.333333    2.968 0.000  0.953 0.000
 43.333333  44.333333    0.855 0.000  0.205 0.000
 46.333333  47.333333    6.402 0.000  4.020 0.000
 49.333333  50.333333    9.162 0.000  2.486 0.000
 52.333333  53.333333   11.749 0.000  3.960 0.000
 55.333333  56.333333   22.428 0.000  3.128 0.000
 58.333333  59.333333  197.840 0.659  0.030 0.000
 61.333333  62.333333   19.495 0.000  1.688 0.000
 64.333333  65.333333    7.423 0.000  2.851 0.000
 67.333333  68.333333    3.806 0.000  1.037 0.000
 70.333333  71.333333    8.098 0.000  2.035 0.000
 73.333333  74.333333   10.681 0.000  4.141 0.000
 76.333333  77.333333   27.830 0.000  6.024 0.000
 79.333333  80.333333   17.323 0.000  6.102 0.000
 82.333333  83.333333   10.544 0.000  3.806 0.000
 85.333333  86.333333    6.856 0.000  3.476 0.000
 88.333333  89.333333    3.752 0.000  2.029 0.000
 91.333333  92.333333    1.707 0.000  0.837 0.000
 94.333333  95.333333    4.634 0.000  2.032 0.000
 97.333333  98.333333    9.173 0.000  4.288 0.000
100.333333 101.333333    8.342 0.000  2.849 0.000
103.333333 104.333333   15.048 0.000  5.043 0.000
106.333333 107.333333   17.969 0.000  7.086 0.000
109.333333 110.333333    9.729 0.000  4.381 0.000
112.333333 113.333333   11.793 0.000  3.074 0.000
115.333333 116.333333    2.475 0.000  1.194 0.000
118.333333 119.333333    9.785 0.000  2.586 0.000
121.333333 122.333333   10.729 0.000  4.418 0.000
124.333333 125.333333   12.505 0.000  5.661 0.000
127.333333 128.333333   17.346 0.000  6.008 0.000
130.333333 131.333333   32.243 0.000  4.500 0.000
133.333333 134.333333    8.338 0.000  2.547 0.000
136.333333 137.333333   18.633 0.000  7.173 0.000
139.333333 140.333333   10.223 0.000  3.477 0.000
142.333333 143.333333   12.839 0.000  4.732 0.000
145.333333 146.333333   13.470 0.000  7.035 0.000
148.333333 149.333333    7.328 0.000  3.504 0.000
151.333333 152.333333   14.568 0.000  6.833 0.000
154.333333 155.333333   14.857 0.000  5.664 0.000
157.333333 158.333333   19.145 0.000  7.281 0.000
160.333333 161.333333   18.016 0.000 99.999 0.456
163.333333 164.333333   14.143 0.000  5.262 0.000
166.333333 167.333333    8.821 0.000  3.548 0.000
169.333333 170.333333   14.565 0.000  4.043 0.000
172.333333 173.333333   15.507 0.000  7.353 0.000
175.333333 176.333333   19.943 0.000  5.800 0.000
178.333333 179.333333   15.938 0.000  4.325 0.000
181.333333 182.333333    7.797 0.000  3.359 0.000
184.333333 185.333333   15.700 0.000  4.486 0.000
187.333333 188.333333   14.042 0.000 99.999 0.456
190.333333 191.333333    8.941 0.000  3.558 0.000
193.333333 194.333333    9.811 0.000  3.227 0.000
196.333333 197.333333    7.117 0.000  3.011 0.000
199.333333 200.333333    5.425 0.000  2.332 0.000
202.333333 203.333333    6.977 0.000  2.720 0.000
205.333333 206.333333    6.146 0.000  2.260 0.000
208.333333 209.333333   14.586 0.000  5.108 0.000
211.333333 212.333333   14.879 0.000  7.149 0.000
214.333333 215.333333    6.362 0.000  4.150 0.000
217.333333 218.333333   14.246 0.000  6.276 0.000
220.333333 221.333333   10.252 0.000  4.820 0.000
223.333333 224.333333    9.000 0.000 99.999 0.456
226.333333 227.333333 9999.999 0.456 99.999 0.456
229.333333 230.333333 9999.999 0.456 99.999 0.456
232.333333 233.333333 9999.999 0.456 99.999 0.456
235.333333 236.333333 9999.999 0.456 99.999 0.456
238.333333 239.333333    8.089 0.000  3.111 0.000
241.333333 242.333333   10.983 0.000  3.656 0.000
244.333333 245.333333    9.116 0.000  3.404 0.000
247.333333 248.333333    3.247 0.000  1.235 0.000
250.333333 251.333333    8.954 0.000  4.326 0.000
253.333333 254.333333   11.836 0.000  4.316 0.000
256.333333 257.333333   10.439 0.000  4.439 0.000
259.333333 260.333333   17.062 0.000  5.358 0.000
262.333333 263.333333    7.441 0.000  2.918 0.000
265.333333 266.333333    4.814 0.000  1.972 0.000
268.333333 269.333333    6.522 0.000  2.274 0.000
271.333333 272.333333    8.261 0.000  2.937 0.000
274.333333 275.333333    6.807 0.000  1.790 0.000
277.333333 278.333333    7.214 0.000  2.380 0.000
280.333333 281.333333   16.930 0.000  4.981 0.000
283.333333 284.333333   10.540 0.000  4.010 0.000
286.333333 287.333333   14.906 0.000  3.637 0.000
289.333333 290.333333   13.981 0.000  5.088 0.000
292.333333 293.333333    6.475 0.000  2.741 0.000
295.333333 296.333333 9999.999 0.999 99.999 0.999
298.333333 299.333333 9999.999 0.999 99.999 0.999
301.333333 302.333333   12.385 0.000  3.098 0.000
304.333333 305.333333    1.659 0.000  0.507 0.000
307.333333 308.333333    4.636 0.000  0.875 0.000
310.333333 311.333333    4.421 0.000  1.357 0.000
313.333333 314.333333    5.505 0.000  2.723 0.000
316.333333 317.333333    6.827 0.000  1.869 0.000
319.333333 320.333333   12.693 0.000  1.724 0.000
322.333333 323.333333    8.921 0.000  1.957 0.000
325.333333 326.333333    1.641 0.000  0.563 0.000
328.333333 329.333333    2.068 0.000  0.959 0.000
331.333333 332.333333    3.013 0.000  1.204 0.000
334.333333 335.333333    2.062 0.000  0.885 0.000
337.333333 338.333333    2.143 0.000  0.798 0.000
340.333333 341.333333    1.112 0.000  0.617 0.000
343.333333 344.333333    2.582 0.000  1.208 0.000
346.333333 347.333333    0.666 0.000  0.269 0.000
349.333333 350.333333    0.998 0.000  0.449 0.000
352.333333 353.333333    2.683 0.000  1.001 0.000
355.333333 356.333333    0.937 0.000  0.295 0.000
358.333333 359.333333 9999.999 0.999 99.999 0.999
361.333333 362.333333 9999.999 0.999 99.999 0.999
364.333333 365.333333   19.143 0.000  3.023 0.000
