scripts/IMPROVE-2019_partial/data/US9038R.19910102070000.20191216000000.filterpack...1y.3d.US03L_filterpack_US9038.US03L_IMPROVE_Davis.lev2.nas
52 1001
MISSING INFORMATION
US03L, IMPROVE, , , , , , , 
MISSING INFORMATION
IMPROVE sel_HTAP
1 1
1991 01 01 2019 12 16
0
days from file reference point
5
1 1 1 1 1
999.999999 999.999 9.999 99.999 9.999999
end_time of measurement, days from the file reference point
pm10_mass, ug/m3, Matrix=pm10
numflag pm10_mass, no unit, Matrix=pm10
pm25_mass, ug/m3, Matrix=pm25
numflag pm25_mass, no unit, Matrix=pm25
0
33
Data definition:              EBAS_1.1
Set type code:                TI
Timezone:                     UTC
File name:                    US9038R.19910102070000.20191216000000.filterpack...1y.3d.US03L_filterpack_US9038.US03L_IMPROVE_Davis.lev2.nas
File creation:                20191218120755
Startdate:                    19910102070000
Revision date:                20191216000000
Version:                      2
Version description:          "Data extracted from http://views.cira.colostate.edu/fed/DataWizard 2019-12-16"
Statistics:                   arithmetic mean
Data level:                   2
Period code:                  1y
Resolution code:              3d
Sample duration:              1d
Orig. time res.:              3d
Station code:                 US9038R
Platform code:                US9038S
Station name:                 Saguaro NM
Station latitude:             32.1746
Station longitude:            -110.7371
Station altitude:             941.0 m
Regime:                       IMG
Component:                    
Unit:                         ug/m3
Matrix:                       
Laboratory code:              US03L
Instrument type:              filterpack
Instrument name:              filterpack_US9038
Method ref:                   US03L_IMPROVE_Davis
Blank correction:             Blank corrected
Volume std. temperature:      ambient
Volume std. pressure:         ambient
starttime endtime PM10 flag_PM10 PM2.5 flag_PM2.5
  1.291667   2.291667  10.415 0.000  5.209 0.559000
  4.291667   5.291667   3.207 0.000  1.629 0.559000
  8.291667   9.291667  11.934 0.000  7.203 0.559000
 11.291667  12.291667  13.460 0.000  9.826 0.559000
 15.291667  16.291667   4.346 0.000  2.070 0.559000
 18.291667  19.291667   4.280 0.000  3.567 0.559000
 22.291667  23.291667  13.010 0.000  8.191 0.559000
 25.291667  26.291667  10.796 0.000  5.461 0.559000
 29.291667  30.291667  18.269 0.000 99.999 0.559259
 32.291667  33.291667  13.419 0.000  6.287 0.559000
 36.291667  37.291667   9.951 0.000  3.616 0.559000
 39.291667  40.291667  12.261 0.000  5.016 0.559000
 43.291667  44.291667 999.999 0.999 99.999 0.999000
 46.291667  47.291667 999.999 0.999 99.999 0.999000
 50.291667  51.291667 999.999 0.999 99.999 0.999000
 53.291667  54.291667 999.999 0.999 99.999 0.999000
 57.291667  58.291667   8.451 0.000  3.133 0.559000
 60.291667  61.291667 999.999 0.999 99.999 0.559259
 64.291667  65.291667  18.750 0.000  7.220 0.559000
 67.291667  68.291667  12.565 0.000  4.327 0.559000
 71.291667  72.291667 999.999 0.999 99.999 0.999000
 74.291667  75.291667 999.999 0.999 99.999 0.999000
 78.291667  79.291667 999.999 0.999 99.999 0.999000
 81.291667  82.291667 999.999 0.999 99.999 0.999000
 85.291667  86.291667   6.643 0.000  1.397 0.559000
 88.291667  89.291667   9.180 0.000  4.121 0.559000
 92.291667  93.291667  25.342 0.000  8.190 0.559000
 95.291667  96.291667  20.833 0.000 99.999 0.559259
 99.291667 100.291667  22.947 0.000 99.999 0.559259
102.291667 103.291667  18.926 0.000  3.730 0.559000
106.291667 107.291667  27.247 0.000  4.277 0.559000
109.291667 110.291667  16.066 0.000  6.965 0.559000
113.291667 114.291667  23.657 0.000  4.715 0.559000
116.291667 117.291667  30.653 0.000  7.229 0.559000
120.291667 121.291667  21.029 0.000  6.877 0.559000
123.291667 124.291667  17.153 0.000  6.125 0.559000
127.291667 128.291667  26.655 0.000  8.738 0.559000
130.291667 131.291667  21.107 0.000 99.999 0.559259
134.291667 135.291667  15.819 0.000  5.399 0.559000
137.291667 138.291667  20.198 0.000  6.102 0.559000
141.291667 142.291667  25.071 0.000  7.119 0.559000
144.291667 145.291667  18.135 0.000  6.768 0.559000
148.291667 149.291667  18.140 0.000  5.112 0.559000
151.291667 152.291667  17.695 0.000  5.047 0.559000
155.291667 156.291667  18.327 0.000  6.000 0.559000
158.291667 159.291667  11.645 0.000 99.999 0.559259
162.291667 163.291667  16.871 0.000  9.410 0.559000
165.291667 166.291667  20.203 0.000 99.999 0.559259
169.291667 170.291667  15.986 0.000 99.999 0.559259
172.291667 173.291667  16.013 0.000  4.406 0.559000
176.291667 177.291667  26.202 0.000  6.361 0.559000
179.291667 180.291667  16.154 0.000  7.128 0.559000
183.291667 184.291667  28.551 0.000  7.744 0.559000
186.291667 187.291667  11.629 0.000  5.610 0.559000
190.291667 191.291667  28.507 0.000  3.703 0.559000
193.291667 194.291667  12.079 0.000 99.999 0.559259
197.291667 198.291667  20.766 0.000  7.375 0.559000
200.291667 201.291667  17.645 0.000  7.809 0.559000
204.291667 205.291667  17.015 0.000  5.764 0.559000
207.291667 208.291667  17.148 0.000  5.732 0.559000
211.291667 212.291667  14.461 0.000  6.092 0.559000
214.291667 215.291667  10.242 0.000  4.923 0.559000
218.291667 219.291667  10.893 0.000  3.000 0.559000
221.291667 222.291667   9.599 0.000  3.333 0.559000
225.291667 226.291667  13.646 0.000  3.982 0.559000
228.291667 229.291667   8.006 0.000  5.957 0.559000
232.291667 233.291667  10.590 0.000  5.196 0.559000
235.291667 236.291667   9.336 0.000  7.492 0.559000
239.291667 240.291667   8.873 0.000  4.479 0.559000
242.291667 243.291667  14.159 0.000  5.552 0.559000
246.291667 247.291667  12.904 0.000  5.820 0.559000
249.291667 250.291667  14.907 0.000  4.861 0.559000
253.291667 254.291667  17.665 0.000  4.717 0.559000
256.291667 257.291667   8.955 0.000  5.063 0.559000
260.291667 261.291667   7.749 0.000  2.360 0.559000
263.291667 264.291667   4.854 0.000  4.500 0.559000
267.291667 268.291667 999.999 0.999 99.999 0.999000
270.291667 271.291667 999.999 0.999 99.999 0.999000
274.291667 275.291667  17.735 0.000  6.467 0.559000
277.291667 278.291667  21.406 0.000  7.636 0.559000
281.291667 282.291667  13.653 0.000 99.999 0.559259
284.291667 285.291667  16.831 0.000  5.079 0.559000
288.291667 289.291667 999.999 0.999 99.999 0.999000
291.291667 292.291667 999.999 0.999 99.999 0.999000
295.291667 296.291667  13.521 0.000  3.248 0.559000
298.291667 299.291667   8.345 0.000  3.601 0.559000
302.291667 303.291667  10.150 0.000  4.391 0.559000
305.291667 306.291667  10.925 0.000  7.082 0.559000
309.291667 310.291667  20.228 0.000  9.153 0.559000
312.291667 313.291667  22.857 0.000  8.306 0.559000
316.291667 317.291667 999.999 0.999  4.452 0.559000
319.291667 320.291667   9.286 0.000  2.839 0.559000
323.291667 324.291667   6.992 0.000  2.381 0.559000
326.291667 327.291667   6.028 0.000  3.143 0.559000
330.291667 331.291667  11.880 0.000  2.825 0.559000
333.291667 334.291667  14.453 0.000  4.387 0.559000
337.291667 338.291667   8.178 0.000  3.201 0.559000
340.291667 341.291667   8.159 0.000  4.191 0.559000
344.291667 345.291667 999.999 0.999 99.999 0.999000
347.291667 348.291667   7.611 0.000  3.045 0.559000
351.291667 352.291667   8.193 0.000  6.667 0.559000
354.291667 355.291667   9.929 0.000  1.721 0.559000
358.291667 359.291667  12.800 0.000  5.663 0.559000
361.291667 362.291667   6.898 0.000  4.434 0.559000
