scripts/IMPROVE-2019_partial/data/US9059R.20050101060000.20191216000000.filterpack..pm25.52w.1w.US03L_filterpack_US9059.US03L_IMPROVE_Davis.lev2.nas
64 1001
MISSING INFORMATION
US03L, IMPROVE, , , , , , , 
MISSING INFORMATION
IMPROVE sel_HTAP
1 1
2005 01 01 2019 12 16
3.00
days from file reference point
25
1 1 1 1 1 1 1 1 1 1 1 1 1 1 1 1 1 1 1 1 1 1 1 1 1
999.99 9999.99 9.999 99.99 9.999 9.999 9.999999 99.99 9.999 9.999 9.999 999.999 9.999 999.999 9.999 999.999 9.999 999.999 9.999 999.999 9.999 9.999 9.999 99.999 9.999
end_time of measurement, days from the file reference point
iron, ng/m3, Revision date=20181210133000
numflag iron, no unit, Revision date=20181210133000
lead, ng/m3, Revision date=20181210133000
numflag lead, no unit, Revision date=20181210133000
magnesium, ug/m3, Revision date=20181210133000
numflag magnesium, no unit, Revision date=20181210133000
nickel, ng/m3, Revision date=20181210133000
numflag nickel, no unit, Revision date=20181210133000
nitrate, ug N/m3, Revision date=20181210133000
numflag nitrate, no unit, Revision date=20181210133000
organic_carbon, ug C/m3, Revision date=20181210133000
numflag organic_carbon, no unit, Revision date=20181210133000
organic_mass, ug/m3, Revision date=20181210133000
numflag organic_mass, no unit, Revision date=20181210133000
pm10_mass, ug/m3, Version=2, Version description=Data extracted from http://views.cira.colostate.edu/fed/DataWizard 2019-12-16, Sample duration=1d, Orig. time res.=3d, Matrix=pm10, Blank correction=Blank corrected, Volume std. temperature=ambient, Volume std. pressure=ambient
numflag pm10_mass, no unit, Version=2, Version description=Data extracted from http://views.cira.colostate.edu/fed/DataWizard 2019-12-16, Sample duration=1d, Orig. time res.=3d, Matrix=pm10, Blank correction=Blank corrected, Volume std. temperature=ambient, Volume std. pressure=ambient
pm10_pm25_mass, ug/m3, Revision date=20181210133000, Matrix=pm10_pm25
numflag pm10_pm25_mass, no unit, Revision date=20181210133000, Matrix=pm10_pm25
pm25_mass, ug/m3, Version=2, Version description=Data extracted from http://views.cira.colostate.edu/fed/DataWizard 2019-12-16, Sample duration=1d, Orig. time res.=3d, Blank correction=Blank corrected, Volume std. temperature=ambient, Volume std. pressure=ambient
numflag pm25_mass, no unit, Version=2, Version description=Data extracted from http://views.cira.colostate.edu/fed/DataWizard 2019-12-16, Sample duration=1d, Orig. time res.=3d, Blank correction=Blank corrected, Volume std. temperature=ambient, Volume std. pressure=ambient
potassium, ug/m3, Revision date=20181210133000
numflag potassium, no unit, Revision date=20181210133000
sulphate_total, ug S/m3, Revision date=20181210133000
numflag sulphate_total, no unit, Revision date=20181210133000
0
25
Data definition:              EBAS_1.1
Set type code:                TU
Timezone:                     UTC
File name:                    US9059R.20050101060000.20191216000000.filterpack..pm25.52w.1w.US03L_filterpack_US9059.US03L_IMPROVE_Davis.lev2.nas
File creation:                20191218120927
Startdate:                    20050101060000
Revision date:                20191216000000
Statistics:                   arithmetic mean
Data level:                   2
Period code:                  52w
Resolution code:              1w
Station code:                 US9059R
Platform code:                US9059S
Station name:                 Sikes
Station latitude:             32.0574
Station longitude:            -92.435
Station altitude:             45.0 m
Regime:                       IMG
Component:                    
Matrix:                       pm25
Laboratory code:              US03L
Instrument type:              filterpack
Instrument name:              filterpack_US9059
Method ref:                   US03L_IMPROVE_Davis
starttime endtime Fe flag_Fe Pb flag_Pb Mg++ flag_Mg++ Ni flag_Ni NO3- flag_NO3- OC flag_OC OM flag_OM PM10 flag_PM10 PM10-PM2.5 flag_PM10-PM2.5 PM2.5 flag_PM2.5 K+ flag_K+ SO4-- flag_SO4--
[from data line 92]
276.25 277.25   18.52 0.000  0.60 0.000 9.999 0.259000  0.37 0.000 0.032 0.559   2.010 0.000   3.617 0.000  15.588 0.000   6.941 0.000   8.734 0.000 0.036 0.000  0.952 0.559
279.25 280.25   27.86 0.000  0.80 0.000 9.999 0.259000 99.99 0.259 0.022 0.000   1.288 0.000   2.319 0.000  11.500 0.000   6.826 0.000   4.674 0.000 0.029 0.000  0.356 0.000
282.25 283.25   31.11 0.000  2.48 0.000 9.999 0.259000 99.99 0.259 0.032 0.000   2.420 0.000   4.356 0.000  15.784 0.000   4.751 0.000  11.032 0.000 0.065 0.000  1.248 0.000
285.25 286.25   50.57 0.000  2.41 0.000 0.070 0.000000  0.20 0.000 0.049 0.000   5.267 0.000   9.481 0.000  32.050 0.000   6.271 0.000  25.774 0.000 0.121 0.000  3.331 0.000
288.25 289.25   40.40 0.000  1.72 0.000 0.018 0.000000 99.99 0.259 0.034 0.000   4.228 0.000   7.609 0.000  19.671 0.000   6.841 0.000  12.826 0.000 0.107 0.000  0.785 0.000
291.25 292.25   32.67 0.000  1.47 0.000 9.999 0.259000  0.46 0.000 0.034 0.000   4.991 0.000   8.984 0.000  21.645 0.000   4.136 0.000  17.505 0.000 0.132 0.000  1.410 0.000
294.25 295.25   31.01 0.000  1.21 0.000 9.999 0.259000 99.99 0.259 0.050 0.000   1.773 0.000   3.191 0.000  11.918 0.000   3.382 0.000   8.535 0.000 0.034 0.000  1.076 0.000
297.25 298.25   21.65 0.000  0.74 0.000 9.999 0.259000 99.99 0.259 0.044 0.000   1.607 0.000   2.892 0.000   9.070 0.000   3.169 0.000   5.907 0.000 0.028 0.000  0.517 0.000
300.25 301.25   40.07 0.000  1.84 0.000 9.999 0.259000  0.31 0.000 0.058 0.000   3.672 0.000   6.611 0.000  20.193 0.000   6.162 0.000  14.028 0.000 0.152 0.000  1.469 0.000
303.25 304.25   29.71 0.000  2.61 0.000 0.017 0.000000  0.54 0.000 0.089 0.000   2.793 0.000   5.027 0.000  17.832 0.000   4.351 0.000  13.479 0.000 0.081 0.000  1.598 0.000
306.25 307.25   23.12 0.000  1.60 0.000 9.999 0.259000  0.31 0.000 0.039 0.000   3.508 0.000   6.315 0.000  11.745 0.000   2.311 0.000   9.432 0.000 0.111 0.000  0.563 0.000
309.25 310.25    8.97 0.000  0.60 0.000 9.999 0.259000  0.71 0.000 0.056 0.000   1.890 0.000   3.401 0.000  11.214 0.000   2.911 0.000   8.302 0.000 0.041 0.000  1.061 0.000
312.25 313.25 9999.99 0.456 99.99 0.456 9.999 0.456000 99.99 0.456 0.061 0.000   2.889 0.000   5.200 0.000  13.947 0.000 999.999 0.456 999.999 0.456 9.999 0.456  1.649 0.000
315.25 316.25   27.92 0.000  1.49 0.000 9.999 0.259000  0.61 0.000 0.068 0.000   2.981 0.000   5.365 0.000  16.367 0.000   5.198 0.000  11.167 0.000 0.128 0.000  1.056 0.000
318.25 319.25   13.65 0.000  0.40 0.000 9.999 0.259000  0.60 0.000 0.069 0.000   1.567 0.000   2.820 0.000  13.405 0.000   6.068 0.000   7.425 0.000 0.048 0.000  0.912 0.000
321.25 322.25   13.62 0.000  1.44 0.000 9.999 0.259000  0.16 0.000 0.062 0.000   1.188 0.000   2.139 0.000   5.862 0.000   2.209 0.000   3.653 0.000 0.061 0.000  0.229 0.000
324.25 325.25   17.79 0.000  1.36 0.000 9.999 0.259000 99.99 0.259 0.166 0.000   3.550 0.000   6.389 0.000  12.229 0.000   1.757 0.000  10.470 0.000 0.086 0.000  0.738 0.000
327.25 328.25   46.38 0.000  2.58 0.000 9.999 0.259000  0.14 0.000 0.040 0.000   2.498 0.000   4.497 0.000  13.302 0.000   5.832 0.000   7.468 0.000 0.087 0.000  0.320 0.000
330.25 331.25   11.25 0.000  0.50 0.000 9.999 0.259000  0.60 0.000 0.073 0.000   0.778 0.000   1.401 0.000  11.664 0.000   6.097 0.000   5.566 0.000 0.043 0.000  0.757 0.000
333.25 334.25   26.56 0.000  0.66 0.000 9.999 0.259000 99.99 0.259 0.034 0.000   1.609 0.000   2.895 0.000   8.268 0.000   3.866 0.000   4.402 0.000 0.049 0.000  0.168 0.000
336.25 337.25   35.74 0.000  1.25 0.000 9.999 0.259000  1.23 0.000 0.142 0.000   2.559 0.000   4.607 0.000  19.815 0.000   7.917 0.000  11.896 0.000 0.112 0.000  1.475 0.000
339.25 340.25   10.67 0.000  2.55 0.000 9.999 0.259000 99.99 0.259 0.064 0.000   1.766 0.000   3.178 0.000   7.003 0.000   1.559 0.000   5.461 0.000 0.041 0.000  0.471 0.000
342.25 343.25   13.01 0.000  2.18 0.000 9.999 0.259000 99.99 0.259 0.529 0.000   1.342 0.000   2.415 0.000   7.858 0.000   1.492 0.000   6.365 0.000 0.052 0.000  0.386 0.000
345.25 346.25   19.22 0.000  0.72 0.000 9.999 0.259000  0.14 0.000 0.032 0.000   1.622 0.000   2.920 0.000   6.809 0.000   2.863 0.000   3.946 0.000 0.049 0.000  0.147 0.000
348.25 349.25   12.34 0.000  0.72 0.000 9.999 0.259000 99.99 0.259 0.076 0.000   1.101 0.000   1.982 0.000   6.220 0.000   2.479 0.000   3.741 0.000 0.030 0.000  0.297 0.000
351.25 352.25   17.58 0.000  2.65 0.000 9.999 0.259000  0.21 0.000 0.121 0.000   2.003 0.000   3.606 0.000   7.600 0.000   1.994 0.000   5.605 0.000 0.085 0.000  0.333 0.000
354.25 355.25   22.54 0.000  2.76 0.000 9.999 0.259000  0.57 0.000 0.328 0.000   2.350 0.000   4.230 0.000  13.240 0.000   2.712 0.000  10.526 0.000 0.104 0.000  1.140 0.000
357.25 358.25   13.27 0.000  1.44 0.000 9.999 0.259000  0.52 0.000 0.094 0.000   2.354 0.000   4.237 0.000  11.810 0.000   3.282 0.000   8.527 0.000 0.168 0.000  0.747 0.000
360.25 361.25   10.63 0.000  1.11 0.000 0.019 0.000000  0.75 0.000 0.140 0.000   1.461 0.000   2.630 0.000  12.901 0.000   6.545 0.000   6.357 0.000 0.109 0.000  0.499 0.000
363.25 364.25   41.72 0.000  1.83 0.000 0.012 0.000000  0.68 0.000 0.102 0.000   2.938 0.000   5.289 0.000  21.081 0.000   8.662 0.000  12.417 0.000 0.113 0.000  1.220 0.000
