scripts/IMPROVE-2019_partial/data/US9018U.20050101050000.20191216000000.filterpack..pm25.52w.1w.US03L_filterpack_US9018.US03L_IMPROVE_Davis.lev2.nas
66 1001
MISSING INFORMATION
US03L, IMPROVE, , , , , , , 
MISSING INFORMATION
IMPROVE sel_HTAP
1 1
2005 01 01 2019 12 16
3.000000
days from file reference point
27
1 1 1 1 1 1 1 1 1 1 1 1 1 1 1 1 1 1 1 1 1 1 1 1 1 1 1
999.999999 9999.99 9.999 999.99 9.999 9.999 9.999999 999.99 9.999 99.999 9.999 99.999 9.999 999.999 9.999 9999.99 9.999999 999.999 9.999 999.999 9.999 999.999 9.999 9.999 9.999 99.999 9.999
end_time of measurement, days from the file reference point
iron, ng/m3, Revision date=20181210133000
numflag iron, no unit, Revision date=20181210133000
lead, ng/m3, Revision date=20181210133000
numflag lead, no unit, Revision date=20181210133000
magnesium, ug/m3, Revision date=20181210133000
numflag magnesium, no unit, Revision date=20181210133000
nickel, ng/m3, Revision date=20181210133000
numflag nickel, no unit, Revision date=20181210133000
nitrate, ug N/m3, Revision date=20181210133000
numflag nitrate, no unit, Revision date=20181210133000
organic_carbon, ug C/m3, Revision date=20181210133000
numflag organic_carbon, no unit, Revision date=20181210133000
organic_mass, ug/m3, Revision date=20181210133000
numflag organic_mass, no unit, Revision date=20181210133000
phosphorus, ng/m3, Revision date=20181210133000
numflag phosphorus, no unit, Revision date=20181210133000
pm10_mass, ug/m3, Version=2, Version description=Data extracted from http://views.cira.colostate.edu/fed/DataWizard 2019-12-16, Sample duration=1d, Orig. time res.=3d, Matrix=pm10, Blank correction=Blank corrected, Volume std. temperature=ambient, Volume std. pressure=ambient
numflag pm10_mass, no unit, Version=2, Version description=Data extracted from http://views.cira.colostate.edu/fed/DataWizard 2019-12-16, Sample duration=1d, Orig. time res.=3d, Matrix=pm10, Blank correction=Blank corrected, Volume std. temperature=ambient, Volume std. pressure=ambient
pm10_pm25_mass, ug/m3, Revision date=20181210133000, Matrix=pm10_pm25
numflag pm10_pm25_mass, no unit, Revision date=20181210133000, Matrix=pm10_pm25
pm25_mass, ug/m3, Version=2, Version description=Data extracted from http://views.cira.colostate.edu/fed/DataWizard 2019-12-16, Sample duration=1d, Orig. time res.=3d, Blank correction=Blank corrected, Volume std. temperature=ambient, Volume std. pressure=ambient
numflag pm25_mass, no unit, Version=2, Version description=Data extracted from http://views.cira.colostate.edu/fed/DataWizard 2019-12-16, Sample duration=1d, Orig. time res.=3d, Blank correction=Blank corrected, Volume std. temperature=ambient, Volume std. pressure=ambient
potassium, ug/m3, Revision date=20181210133000
numflag potassium, no unit, Revision date=20181210133000
sulphate_total, ug S/m3, Revision date=20181210133000
numflag sulphate_total, no unit, Revision date=20181210133000
0
25
Data definition:              EBAS_1.1
Set type code:                TU
Timezone:                     UTC
File name:                    US9018U.20050101050000.20191216000000.filterpack..pm25.52w.1w.US03L_filterpack_US9018.US03L_IMPROVE_Davis.lev2.nas
File creation:                20191218120618
Startdate:                    20050101050000
Revision date:                20191216000000
Statistics:                   arithmetic mean
Data level:                   2
Period code:                  52w
Resolution code:              1w
Station code:                 US9018U
Platform code:                US9018S
Station name:                 New York City
Station latitude:             40.8161
Station longitude:            -73.9019
Station altitude:             45.0 m
Regime:                       IMG
Component:                    
Matrix:                       pm25
Laboratory code:              US03L
Instrument type:              filterpack
Instrument name:              filterpack_US9018
Method ref:                   US03L_IMPROVE_Davis
starttime endtime Fe flag_Fe Pb flag_Pb Mg++ flag_Mg++ Ni flag_Ni NO3- flag_NO3- OC flag_OC OM flag_OM P flag_P PM10 flag_PM10 PM10-PM2.5 flag_PM10-PM2.5 PM2.5 flag_PM2.5 K+ flag_K+ SO4-- flag_SO4--
  0.208333   1.208333   77.89 0.000   6.47 0.000 9.999 0.259000  12.52 0.000  0.831 0.000  2.474 0.559   4.454 0.559  132.48 0.000000  21.771 0.000   6.139 0.000  15.631 0.000 0.160 0.000  1.418 0.000
  3.208333   4.208333  151.03 0.000   4.68 0.000 9.999 0.259000  22.67 0.000  0.401 0.000  2.098 0.559   3.777 0.559   88.55 0.000000  15.748 0.000   5.087 0.000  10.747 0.000 0.042 0.000  0.635 0.000
  6.208333   7.208333   94.75 0.000   3.35 0.000 9.999 0.259000  14.42 0.000  0.361 0.000  1.195 0.559   2.152 0.559  112.67 0.000000  13.566 0.000   4.074 0.000   9.492 0.000 0.033 0.000  1.050 0.000
  9.208333  10.208333  106.66 0.000   3.96 0.000 9.999 0.259000  24.68 0.000  0.535 0.000  1.388 0.559   2.499 0.559 9999.99 0.259000  20.918 0.000   5.241 0.000  15.674 0.000 0.043 0.000  2.162 0.000
 12.208333  13.208333  197.05 0.000   6.33 0.000 9.999 0.259000  20.43 0.000  0.882 0.000  2.500 0.559   4.501 0.559  188.75 0.000000  31.677 0.000   8.599 0.000  23.072 0.000 0.065 0.000  1.924 0.000
 15.208333  16.208333   67.89 0.000   3.84 0.000 0.016 0.000000  11.38 0.000  0.419 0.000  1.623 0.559   2.922 0.559   87.48 0.000000  15.088 0.000   4.696 0.000  10.389 0.000 0.054 0.000  0.789 0.000
 18.208333  19.208333  153.00 0.000   7.10 0.000 0.032 0.000000  41.69 0.000  0.848 0.000  2.253 0.559   4.055 0.559  122.29 0.000000  29.910 0.000  11.809 0.000  18.093 0.000 0.071 0.000  1.145 0.000
 21.208333  22.208333   69.11 0.000   4.04 0.000 9.999 0.259000  17.89 0.000  0.335 0.000  1.554 0.559   2.798 0.559  124.53 0.000000  22.335 0.000   9.269 0.000  13.060 0.000 0.062 0.000  1.116 0.000
 24.208333  25.208333  106.48 0.000   5.60 0.000 9.999 0.259000  19.45 0.000  0.642 0.000  1.972 0.559   3.549 0.559  132.33 0.000000  27.216 0.000  11.670 0.000  15.682 0.000 0.051 0.000  1.240 0.000
 27.208333  28.208333  110.92 0.000   4.68 0.000 9.999 0.259000  36.94 0.000  0.345 0.000  3.129 0.559   5.633 0.559  143.40 0.000000  25.457 0.000  11.068 0.000  14.388 0.000 0.061 0.000  1.018 0.000
 30.208333  31.208333  126.58 0.000   5.98 0.000 9.999 0.259000  24.40 0.000  0.689 0.000  3.085 0.559   5.553 0.559  120.48 0.000000  29.420 0.000  12.390 0.000  17.029 0.000 0.067 0.000  1.089 0.000
 33.208333  34.208333  159.10 0.000   5.62 0.000 0.013 0.000000  23.14 0.000  0.651 0.000  2.987 0.559   5.377 0.559 9999.99 0.259000  30.488 0.000  13.779 0.000  16.705 0.000 0.075 0.000  1.030 0.000
 36.208333  37.208333  179.41 0.000   8.70 0.000 9.999 0.259000  27.33 0.000  0.542 0.000  3.345 0.559   6.022 0.559  153.78 0.000000  29.751 0.000  10.781 0.000  18.966 0.000 0.091 0.000  1.594 0.000
 39.208333  40.208333  246.09 0.000  11.34 0.000 9.999 0.259000  28.73 0.000  2.259 0.000  4.272 0.559   7.690 0.559 9999.99 0.259000  45.736 0.000  12.666 0.000  33.059 0.000 0.075 0.000  2.080 0.000
 42.208333  43.208333   70.58 0.000   3.27 0.000 9.999 0.259000  10.42 0.000  1.001 0.000  1.382 0.559   2.487 0.559 9999.99 0.259000  19.649 0.000   3.902 0.000  15.745 0.000 0.042 0.000  1.421 0.000
 45.208333  46.208333  196.93 0.000   4.20 0.000 9.999 0.259000  18.87 0.000  0.485 0.000  2.283 0.559   4.110 0.559 9999.99 0.259000  21.121 0.000   8.963 0.000  12.281 0.000 0.036 0.000  1.205 0.000
 48.208333  49.208333   60.07 0.000   2.38 0.000 0.006 0.000000  10.87 0.000  0.253 0.000  0.760 0.559   1.369 0.559 9999.99 0.259000  12.499 0.000   5.595 0.000   6.904 0.000 0.025 0.000  0.703 0.000
 51.208333  52.208333   57.56 0.000   3.80 0.000 9.999 0.259000  18.10 0.000  0.374 0.000  1.341 0.559   2.414 0.559  111.50 0.000000  13.374 0.000   2.579 0.000  10.793 0.000 0.031 0.000  1.080 0.000
 54.208333  55.208333   71.48 0.000   2.98 0.000 9.999 0.259000  13.64 0.000  0.259 0.000  1.127 0.559   2.030 0.559 9999.99 0.259000  13.434 0.000   5.920 0.000   7.512 0.000 0.029 0.000  0.596 0.000
 57.208333  58.208333   68.87 0.000   4.49 0.000 9.999 0.259000  13.97 0.000  0.326 0.000  1.379 0.559   2.483 0.559 9999.99 0.259000  14.886 0.000   4.933 0.000   9.951 0.000 0.038 0.000  0.908 0.000
 60.208333  61.208333   71.90 0.000   3.02 0.000 0.008 0.000000   9.40 0.000  0.170 0.000  0.651 0.559   1.171 0.559 9999.99 0.259000  12.751 0.000   5.907 0.000   6.843 0.000 0.028 0.000  0.869 0.000
 63.208333  64.208333   88.57 0.000   3.94 0.000 9.999 0.259000  19.78 0.000  0.571 0.000  1.505 0.559   2.709 0.559  104.44 0.000000  19.461 0.000   8.131 0.000  11.329 0.000 0.041 0.000  0.855 0.000
 66.208333  67.208333  123.27 0.000   3.71 0.000 9.999 0.259000  19.75 0.000  0.421 0.000  2.863 0.559   5.153 0.559 9999.99 0.259000  25.070 0.000   6.054 0.000  19.089 0.000 0.105 0.000  1.196 0.000
 69.208333  70.208333  107.81 0.000   7.51 0.000 0.015 0.000000  20.63 0.000  1.403 0.000  1.526 0.559   2.746 0.559 9999.99 0.259000  30.553 0.000   7.684 0.000  22.863 0.000 0.048 0.000  1.754 0.000
 72.208333  73.208333   76.98 0.000   2.84 0.000 9.999 0.259000  15.27 0.000  0.233 0.000  0.865 0.559   1.557 0.559 9999.99 0.259000  14.463 0.000   6.584 0.000   7.878 0.000 0.031 0.000  0.902 0.000
 75.208333  76.208333  206.58 0.000   7.75 0.000 9.999 0.259000  27.71 0.000  0.732 0.000  2.428 0.559   4.371 0.559 9999.99 0.259000  29.276 0.000  13.943 0.000  15.330 0.000 0.047 0.000  1.305 0.000
 78.208333  79.208333  146.39 0.000   6.78 0.000 0.021 0.000000  26.51 0.000  1.969 0.000  2.397 0.559   4.314 0.559  236.70 0.000000  36.472 0.000   8.321 0.000  28.147 0.000 0.051 0.000  1.785 0.000
 81.208333  82.208333  125.65 0.000   5.83 0.000 9.999 0.259000  20.06 0.000  1.054 0.000  1.738 0.559   3.128 0.559 9999.99 0.259000  25.328 0.000   7.069 0.000  18.256 0.000 0.051 0.000  1.563 0.000
 84.208333  85.208333  105.70 0.000   4.98 0.000 9.999 0.259000  11.72 0.000  0.399 0.000  1.586 0.559   2.855 0.559 9999.99 0.259000  20.753 0.000   9.732 0.000  11.020 0.000 0.063 0.000  1.197 0.000
 87.208333  88.208333   80.31 0.000   3.16 0.000 9.999 0.259000  17.77 0.000  0.216 0.000  1.006 0.559   1.811 0.559   71.54 0.000000   9.300 0.000   4.372 0.000   5.011 0.000 0.025 0.000  0.467 0.000
 90.208333  91.208333  172.48 0.000   4.22 0.000 0.032 0.000000  17.34 0.000  1.113 0.000  2.022 0.559   3.640 0.559 9999.99 0.259000  33.177 0.000  11.217 0.000  21.956 0.000 0.052 0.000  2.193 0.000
 93.208333  94.208333   69.84 0.000   3.14 0.000 9.999 0.259000   8.04 0.000  0.039 0.000  0.696 0.559   1.252 0.559   63.04 0.000000   6.926 0.000   2.666 0.000   4.259 0.000 0.016 0.000  0.493 0.000
 96.208333  97.208333  331.92 0.000   6.46 0.000 0.033 0.000000  18.51 0.000  1.587 0.000  3.456 0.559   6.221 0.559 9999.99 0.259000  51.277 0.000  26.829 0.000  24.441 0.000 0.085 0.000  1.961 0.000
 99.208333 100.208333  195.47 0.000  10.07 0.000 0.014 0.000000  21.44 0.000  0.695 0.000  3.016 0.559   5.429 0.559  137.51 0.000000  22.648 0.000   8.826 0.000  13.817 0.000 0.054 0.000  1.002 0.000
102.208333 103.208333  116.38 0.000   3.72 0.000 9.999 0.259000  10.16 0.000  0.412 0.000  1.140 0.559   2.053 0.559 9999.99 0.259000  18.984 0.000  11.512 0.000   7.471 0.000 0.034 0.000  0.626 0.000
105.208333 106.208333   84.78 0.000   2.12 0.000 9.999 0.259000   6.11 0.000  0.117 0.000  0.995 0.559   1.791 0.559   53.31 0.000000  13.329 0.000   8.286 0.000   5.042 0.000 0.031 0.000  0.415 0.000
108.208333 109.208333  354.06 0.000   8.43 0.000 9.999 0.259000  16.78 0.000  1.155 0.000  4.454 0.559   8.016 0.559  277.03 0.000000  52.290 0.000  25.677 0.000  26.672 0.000 0.083 0.000  2.806 0.000
111.208333 112.208333  108.74 0.000   3.62 0.000 0.020 0.000000   6.38 0.000  0.418 0.000  1.282 0.559   2.307 0.559 9999.99 0.259000  18.457 0.000  10.680 0.000   7.776 0.000 0.030 0.000  0.558 0.000
114.208333 115.208333   64.85 0.000   2.94 0.000 9.999 0.259000   5.85 0.000  0.290 0.000  1.136 0.559   2.045 0.559 9999.99 0.259000  11.088 0.000   4.313 0.000   6.774 0.000 0.020 0.000  0.947 0.000
117.208333 118.208333   78.39 0.000   2.65 0.000 9.999 0.259000   4.44 0.000  0.241 0.000  1.036 0.559   1.865 0.559 9999.99 0.259000  15.636 0.000   8.099 0.000   7.537 0.000 0.028 0.000  1.081 0.000
120.208333 121.208333  100.09 0.000   3.77 0.000 9.999 0.259000   7.51 0.000  0.409 0.000  1.588 0.559   2.859 0.559 9999.99 0.259000  16.051 0.000   3.971 0.000  12.079 0.000 0.052 0.000  1.549 0.000
123.208333 124.208333  128.15 0.000   3.56 0.000 9.999 0.259000  10.04 0.000  0.245 0.000  1.095 0.559   1.971 0.559 9999.99 0.259000  16.873 0.000   6.774 0.000  10.098 0.000 0.031 0.000  1.446 0.000
126.208333 127.208333   64.66 0.000   2.75 0.000 9.999 0.259000   6.90 0.000  0.098 0.000  0.901 0.559   1.622 0.559 9999.99 0.259000  10.674 0.000   4.725 0.000   5.948 0.000 0.028 0.000  0.792 0.000
129.208333 130.208333  137.58 0.000   2.47 0.000 9.999 0.259000  10.36 0.000  1.146 0.000  1.726 0.559   3.106 0.559 9999.99 0.259000  20.402 0.000   9.691 0.000  10.747 0.000 0.022 0.000  1.022 0.000
132.208333 133.208333  140.16 0.000   2.39 0.000 9.999 0.259000   5.29 0.000  0.265 0.000  1.190 0.559   2.141 0.559 9999.99 0.259000  17.969 0.000  12.911 0.000   5.058 0.000 0.039 0.000  0.352 0.000
135.208333 136.208333  150.84 0.000   5.39 0.000 9.999 0.259000   6.07 0.000  0.795 0.000  2.014 0.559   3.624 0.559 9999.99 0.259000  27.051 0.000  11.482 0.000  15.570 0.000 0.047 0.000  1.942 0.000
138.208333 139.208333  139.77 0.000   3.62 0.000 9.999 0.259000   5.37 0.000  0.238 0.000  1.453 0.559   2.615 0.559 9999.99 0.259000  22.288 0.000  13.424 0.000   8.863 0.000 0.031 0.000  0.920 0.000
141.208333 142.208333   63.57 0.000   2.71 0.000 9.999 0.259000   4.82 0.000  0.459 0.000  1.214 0.559   2.186 0.559 9999.99 0.259000  12.491 0.000   5.341 0.000   7.149 0.000 0.027 0.000  0.690 0.000
144.208333 145.208333   47.79 0.000   1.58 0.000 9.999 0.259000   4.24 0.000  0.039 0.000  0.574 0.559   1.034 0.559   39.15 0.000000   6.923 0.000   3.877 0.000   3.046 0.000 0.013 0.000  0.244 0.000
147.208333 148.208333  122.22 0.000   3.96 0.000 9.999 0.259000   6.21 0.000  0.297 0.000  1.970 0.559   3.546 0.559 9999.99 0.259000  23.758 0.000  11.195 0.000  12.561 0.000 0.038 0.000  1.403 0.000
150.208333 151.208333  122.59 0.000   3.65 0.000 9.999 0.259000   3.26 0.000  0.219 0.000  1.668 0.559   3.003 0.559 9999.99 0.259000  19.781 0.000  10.275 0.000   9.645 0.000 0.039 0.000  0.915 0.000
153.208333 154.208333  104.70 0.000   1.79 0.000 9.999 0.259000   3.48 0.000  0.471 0.000  0.892 0.559   1.606 0.559 9999.99 0.259000  21.463 0.000  10.859 0.000  10.602 0.000 0.019 0.000  1.470 0.000
156.208333 157.208333  312.18 0.000   4.26 0.000 9.999 0.259000   8.61 0.000  0.895 0.000  4.824 0.559   8.684 0.559 9999.99 0.259000  48.311 0.000  15.587 0.000  32.712 0.659 0.056 0.000  3.983 0.000
159.208333 160.208333  279.69 0.000   5.99 0.000 9.999 0.259000  13.55 0.000  0.363 0.000  3.438 0.559   6.189 0.559 9999.99 0.259000  38.820 0.000  14.842 0.000  23.977 0.000 0.065 0.000  2.923 0.000
162.208333 163.208333  103.41 0.000   5.00 0.000 9.999 0.259000  11.91 0.000  0.209 0.000  3.539 0.559   6.370 0.559 9999.99 0.259000  27.835 0.000   9.170 0.000  18.661 0.000 0.086 0.000  2.021 0.000
165.208333 166.208333  129.12 0.000   2.82 0.000 0.038 0.000000   3.64 0.000  0.483 0.000  2.179 0.559   3.923 0.559 9999.99 0.259000  39.620 0.000  17.742 0.000  21.878 0.000 0.049 0.000  3.296 0.000
168.208333 169.208333   56.76 0.000   2.35 0.000 9.999 0.259000   2.55 0.000  0.037 0.000  1.091 0.559   1.965 0.559 9999.99 0.259000   7.718 0.000   3.910 0.000   3.808 0.000 0.030 0.000  0.261 0.000
171.208333 172.208333  184.65 0.000   4.79 0.000 9.999 0.259000   9.10 0.000  0.485 0.000  3.106 0.559   5.590 0.559 9999.99 0.259000  34.473 0.000  15.592 0.000  18.950 0.000 0.086 0.000  2.332 0.000
174.208333 175.208333  167.34 0.000   5.45 0.000 9.999 0.259000  10.99 0.000  0.547 0.000  3.108 0.559   5.595 0.559 9999.99 0.259000  36.844 0.000  18.245 0.000  18.595 0.000 0.066 0.000  1.959 0.000
177.208333 178.208333  173.08 0.000   2.31 0.000 0.010 0.000000   5.97 0.000  0.315 0.000  1.891 0.559   3.405 0.559 9999.99 0.259000  19.371 0.000   6.490 0.000  12.880 0.000 0.192 0.000  1.514 0.000
180.208333 181.208333  147.39 0.000   2.08 0.000 9.999 0.259000   5.80 0.000  0.501 0.000  1.314 0.559   2.365 0.559 9999.99 0.259000  19.132 0.000   6.954 0.000  12.176 0.000 0.039 0.000  1.578 0.000
183.208333 184.208333   61.46 0.000   4.48 0.000 0.016 0.000000   3.12 0.000 99.999 0.999  1.687 0.559   3.036 0.559   36.50 0.000000  11.985 0.000   5.709 0.000   6.276 0.000 0.307 0.000 99.999 0.999
186.208333 187.208333  116.29 0.000   2.35 0.000 9.999 0.259000   4.18 0.000 99.999 0.999  1.060 0.559   1.907 0.559 9999.99 0.259000  24.145 0.000   5.701 0.000  18.442 0.000 0.141 0.000 99.999 0.999
189.208333 190.208333   54.51 0.000   1.83 0.000 9.999 0.259000   2.20 0.000  0.046 0.000  1.019 0.559   1.835 0.559 9999.99 0.259000   9.062 0.000   4.187 0.000   4.874 0.000 0.036 0.000  0.401 0.000
192.208333 193.208333  135.23 0.000   2.20 0.000 9.999 0.259000   3.97 0.000  0.113 0.000  4.420 0.559   7.957 0.559 9999.99 0.259000  26.549 0.000   8.808 0.000  17.783 0.000 0.081 0.000  1.007 0.000
195.208333 196.208333  162.38 0.000   1.92 0.000 9.999 0.259000   6.78 0.000  0.288 0.000  1.162 0.559   2.092 0.559 9999.99 0.259000  24.426 0.000   8.764 0.000  15.660 0.000 0.040 0.000  2.325 0.000
198.208333 199.208333  163.57 0.000   3.37 0.000 0.027 0.000000   7.99 0.000  0.438 0.000  3.583 0.559   6.449 0.559 9999.99 0.259000  43.505 0.000   6.198 0.000  37.296 0.000 0.041 0.000  5.880 0.000
201.208333 202.208333  150.00 0.000   3.67 0.000 9.999 0.259000   7.89 0.000  0.062 0.000  2.433 0.559   4.380 0.559 9999.99 0.259000  25.250 0.000   9.356 0.000  15.890 0.000 0.048 0.000  1.613 0.000
204.208333 205.208333   63.81 0.000   2.79 0.000 0.008 0.000000   3.51 0.000  0.029 0.000  3.422 0.559   6.160 0.559   50.75 0.000000  15.926 0.000   5.299 0.000  10.625 0.000 0.057 0.000  0.522 0.000
207.208333 208.208333  192.17 0.000   6.30 0.000 9.999 0.259000   9.83 0.000  0.119 0.000  4.458 0.559   8.025 0.559 9999.99 0.259000  47.243 0.000  17.640 0.000  29.599 0.000 0.060 0.000  3.898 0.000
210.208333 211.208333  114.07 0.000   3.81 0.000 9.999 0.259000   5.38 0.000  0.331 0.000  2.549 0.559   4.588 0.559 9999.99 0.259000  29.296 0.000   8.537 0.000  20.756 0.000 0.048 0.000  2.933 0.000
213.208333 214.208333  146.55 0.000   4.13 0.000 9.999 0.259000   5.07 0.000  0.182 0.000  3.630 0.559   6.533 0.559 9999.99 0.259000  34.342 0.000   8.868 0.000  25.515 0.000 0.055 0.000  3.685 0.000
216.208333 217.208333  198.87 0.699   6.40 0.699 9.999 0.699259   8.44 0.699  0.200 0.000  5.288 0.559   9.518 0.559 9999.99 0.699259  50.785 0.000  13.254 0.699  37.508 0.000 0.075 0.699  5.007 0.000
219.208333 220.208333  197.86 0.000  13.04 0.000 9.999 0.259000  17.22 0.000  0.392 0.000  2.827 0.559   5.089 0.559 9999.99 0.259000  38.724 0.000   9.274 0.000  29.448 0.000 0.059 0.000  4.539 0.000
222.208333 223.208333  120.40 0.000   4.40 0.000 9.999 0.259000   4.25 0.000  0.256 0.000  2.064 0.559   3.715 0.559 9999.99 0.259000  30.609 0.000   8.359 0.000  22.242 0.000 0.035 0.000  6.143 0.000
225.208333 226.208333  126.68 0.000   6.95 0.000 9.999 0.259000  17.80 0.000  0.184 0.000  2.790 0.559   5.023 0.559 9999.99 0.259000  45.761 0.000   6.503 0.000  39.255 0.000 0.051 0.000  3.497 0.000
228.208333 229.208333  142.11 0.000   3.94 0.000 9.999 0.259000   5.04 0.000  0.220 0.000  2.137 0.559   3.847 0.559 9999.99 0.259000  20.011 0.000   7.612 0.000  12.397 0.000 0.043 0.000  1.304 0.000
231.208333 232.208333   96.50 0.000   1.85 0.000 9.999 0.259000   3.26 0.000  0.291 0.000  1.606 0.559   2.891 0.559 9999.99 0.259000  18.351 0.000   7.187 0.000  11.163 0.000 0.033 0.000  1.309 0.000
234.208333 235.208333   78.38 0.000   1.95 0.000 0.006 0.000000   2.35 0.000  0.036 0.000  0.815 0.559   1.466 0.559 9999.99 0.259000  11.834 0.000   6.367 0.000   5.571 0.000 0.015 0.000  0.626 0.000
