scripts/IMPROVE-2019_partial/data/US9052R.20040101050000.20191216000000.filterpack..pm25.52w.1w.US03L_filterpack_US9052.US03L_IMPROVE_Davis.lev2.nas
66 1001
MISSING INFORMATION
US03L, IMPROVE, , , , , , , 
MISSING INFORMATION
IMPROVE sel_HTAP
1 1
2004 01 01 2019 12 16
3.000000
days from file reference point
27
1 1 1 1 1 1 1 1 1 1 1 1 1 1 1 1 1 1 1 1 1 1 1 1 1 1 1
999.999999 99.999 9.999 9999.99 9.999 99.99 9.999 9.999 9.999 99.99 9.999 9.999 9.999999 999.999 9.999 999.999 9.999 999.999 9.999 999.999 9.999 999.999 9.999 9.999 9.999 99.999 9.999999
end_time of measurement, days from the file reference point
ammonium, ug N/m3, Revision date=20181210133000
numflag ammonium, no unit, Revision date=20181210133000
iron, ng/m3, Revision date=20181210133000
numflag iron, no unit, Revision date=20181210133000
lead, ng/m3, Revision date=20181210133000
numflag lead, no unit, Revision date=20181210133000
magnesium, ug/m3, Revision date=20181210133000
numflag magnesium, no unit, Revision date=20181210133000
nickel, ng/m3, Revision date=20181210133000
numflag nickel, no unit, Revision date=20181210133000
nitrate, ug N/m3, Revision date=20181210133000
numflag nitrate, no unit, Revision date=20181210133000
organic_carbon, ug C/m3, Revision date=20181210133000
numflag organic_carbon, no unit, Revision date=20181210133000
organic_mass, ug/m3, Revision date=20181210133000
numflag organic_mass, no unit, Revision date=20181210133000
pm10_mass, ug/m3, Version=2, Version description=Data extracted from http://views.cira.colostate.edu/fed/DataWizard 2019-12-16, Sample duration=1d, Orig. time res.=3d, Matrix=pm10, Blank correction=Blank corrected, Volume std. temperature=ambient, Volume std. pressure=ambient
numflag pm10_mass, no unit, Version=2, Version description=Data extracted from http://views.cira.colostate.edu/fed/DataWizard 2019-12-16, Sample duration=1d, Orig. time res.=3d, Matrix=pm10, Blank correction=Blank corrected, Volume std. temperature=ambient, Volume std. pressure=ambient
pm10_pm25_mass, ug/m3, Revision date=20181210133000, Matrix=pm10_pm25
numflag pm10_pm25_mass, no unit, Revision date=20181210133000, Matrix=pm10_pm25
pm25_mass, ug/m3, Version=2, Version description=Data extracted from http://views.cira.colostate.edu/fed/DataWizard 2019-12-16, Sample duration=1d, Orig. time res.=3d, Blank correction=Blank corrected, Volume std. temperature=ambient, Volume std. pressure=ambient
numflag pm25_mass, no unit, Version=2, Version description=Data extracted from http://views.cira.colostate.edu/fed/DataWizard 2019-12-16, Sample duration=1d, Orig. time res.=3d, Blank correction=Blank corrected, Volume std. temperature=ambient, Volume std. pressure=ambient
potassium, ug/m3, Revision date=20181210133000
numflag potassium, no unit, Revision date=20181210133000
sulphate_total, ug S/m3, Revision date=20181210133000
numflag sulphate_total, no unit, Revision date=20181210133000
0
25
Data definition:              EBAS_1.1
Set type code:                TU
Timezone:                     UTC
File name:                    US9052R.20040101050000.20191216000000.filterpack..pm25.52w.1w.US03L_filterpack_US9052.US03L_IMPROVE_Davis.lev2.nas
File creation:                20191218120902
Startdate:                    20040101050000
Revision date:                20191216000000
Statistics:                   arithmetic mean
Data level:                   2
Period code:                  52w
Resolution code:              1w
Station code:                 US9052R
Platform code:                US9052S
Station name:                 St. Marks
Station latitude:             30.0926
Station longitude:            -84.1614
Station altitude:             7.0 m
Regime:                       IMG
Component:                    
Matrix:                       pm25
Laboratory code:              US03L
Instrument type:              filterpack
Instrument name:              filterpack_US9052
Method ref:                   US03L_IMPROVE_Davis
starttime endtime NH4+ flag_NH4+ Fe flag_Fe Pb flag_Pb Mg++ flag_Mg++ Ni flag_Ni NO3- flag_NO3- OC flag_OC OM flag_OM PM10 flag_PM10 PM10-PM2.5 flag_PM10-PM2.5 PM2.5 flag_PM2.5 K+ flag_K+ SO4-- flag_SO4--
[from data line 81]
243.208333 244.208333  0.110 0.559   86.15 0.000  0.31 0.000 0.087 0.000  0.21 0.000 0.034 0.559000 999.999 0.999 999.999 0.999   6.654 0.000   2.829 0.000   3.825 0.000 0.042 0.000  0.390 0.559000
246.208333 247.208333  0.433 0.559   21.04 0.000  0.76 0.000 9.999 0.259  0.78 0.000 0.043 0.559000 999.999 0.999 999.999 0.999  10.183 0.000   2.612 0.000   7.570 0.000 0.037 0.000  1.129 0.559000
249.208333 250.208333  0.019 0.559   11.66 0.000 99.99 0.259 9.999 0.259  0.19 0.000 0.012 0.559000 999.999 0.999 999.999 0.999   2.720 0.000   1.613 0.000   1.107 0.000 0.014 0.000  0.093 0.559000
252.208333 253.208333  0.973 0.559   23.91 0.000  0.93 0.000 9.999 0.259  0.30 0.000 0.017 0.559000 999.999 0.999 999.999 0.999  15.444 0.000   1.285 0.000  14.159 0.000 0.040 0.000  2.350 0.559000
255.208333 256.208333  0.146 0.559   10.66 0.000  0.39 0.000 9.999 0.259  0.49 0.000 0.032 0.559000 999.999 0.999 999.999 0.999   7.234 0.000   3.156 0.000   4.078 0.000 0.025 0.000  0.557 0.559000
258.208333 259.208333  0.302 0.559   21.93 0.000  0.38 0.000 9.999 0.259  1.15 0.000 9.999 0.559259 999.999 0.999 999.999 0.999  11.198 0.000   5.900 0.000   5.298 0.000 0.046 0.000 99.999 0.559259
261.208333 262.208333  0.978 0.559   22.84 0.000  1.54 0.000 9.999 0.259  0.28 0.000 0.024 0.559000 999.999 0.999 999.999 0.999  17.470 0.000   3.700 0.000  13.770 0.000 0.064 0.000  1.642 0.559000
264.208333 265.208333  0.163 0.559   11.95 0.000  0.51 0.000 0.090 0.000  0.26 0.000 0.093 0.559000 999.999 0.999 999.999 0.999  11.166 0.000   5.896 0.000   5.270 0.000 0.041 0.000  0.479 0.559000
267.208333 268.208333  1.592 0.559   39.81 0.000  2.42 0.000 9.999 0.259  0.37 0.000 0.031 0.559000 999.999 0.999 999.999 0.999  21.488 0.000   3.277 0.000  18.210 0.000 0.068 0.000  2.458 0.559000
270.208333 271.208333  0.664 0.559   20.01 0.000  0.70 0.000 9.999 0.259  0.37 0.000 0.043 0.559000 999.999 0.999 999.999 0.999  12.071 0.000   2.211 0.000   9.861 0.000 0.034 0.000  1.313 0.559000
273.208333 274.208333  2.645 0.559   41.58 0.000  2.43 0.000 9.999 0.259  0.48 0.000 0.025 0.559000 999.999 0.999 999.999 0.999  28.284 0.000   1.750 0.000  26.534 0.000 0.062 0.000  4.913 0.559000
276.208333 277.208333  1.519 0.559   22.78 0.000  1.44 0.000 9.999 0.259  0.75 0.000 0.020 0.559000 999.999 0.999 999.999 0.999  21.050 0.000   2.651 0.000  18.400 0.000 0.054 0.000  2.860 0.559000
279.208333 280.208333 99.999 0.999 9999.99 0.999 99.99 0.999 9.999 0.999 99.99 0.999 9.999 0.999000 999.999 0.999 999.999 0.999 999.999 0.999 999.999 0.999 999.999 0.999 9.999 0.999 99.999 0.999000
282.208333 283.208333  0.316 0.559   13.15 0.000  0.83 0.000 0.095 0.000  0.52 0.000 0.063 0.559000 999.999 0.999 999.999 0.999  11.562 0.000   4.736 0.000   6.826 0.000 0.050 0.000  0.869 0.559000
285.208333 286.208333  0.325 0.559    9.43 0.000  0.74 0.000 9.999 0.259  0.54 0.000 0.063 0.559000 999.999 0.999 999.999 0.999   8.400 0.000   2.791 0.000   5.610 0.000 0.042 0.000  0.734 0.559000
288.208333 289.208333  0.266 0.559   15.83 0.000  0.89 0.000 9.999 0.259 99.99 0.259 0.026 0.559000 999.999 0.999 999.999 0.999   7.053 0.000   2.761 0.000   4.292 0.000 0.035 0.000  0.439 0.559000
291.208333 292.208333  0.508 0.559   16.49 0.000  1.27 0.000 9.999 0.259  0.81 0.000 0.046 0.559000 999.999 0.999 999.999 0.999   9.549 0.000   2.604 0.000   6.944 0.000 0.048 0.000  0.996 0.559000
294.208333 295.208333  1.128 0.559   22.33 0.000  2.48 0.000 9.999 0.259  0.32 0.000 0.045 0.559000 999.999 0.999 999.999 0.999  17.723 0.000   3.924 0.000  13.799 0.000 0.063 0.000  1.983 0.559000
297.208333 298.208333  0.780 0.559   13.39 0.000  1.12 0.000 0.254 0.000  0.66 0.000 0.060 0.559000 999.999 0.999 999.999 0.999  13.853 0.000   3.644 0.000  10.209 0.000 0.041 0.000  1.819 0.559000
300.208333 301.208333  1.912 0.559   19.44 0.000  3.99 0.000 9.999 0.259  0.91 0.000 0.040 0.559000 999.999 0.999 999.999 0.999  18.567 0.000   0.289 0.000  18.278 0.000 0.058 0.000  3.187 0.559000
303.208333 304.208333  1.764 0.559   23.10 0.000  1.52 0.000 9.999 0.259  0.42 0.000 0.025 0.559000 999.999 0.999 999.999 0.999  20.038 0.000   1.449 0.000  18.588 0.000 0.058 0.000  3.346 0.559000
306.208333 307.208333  0.392 0.559   10.48 0.000  0.58 0.000 9.999 0.259  2.00 0.000 0.130 0.559000 999.999 0.999 999.999 0.999  12.437 0.000   6.144 0.000   6.293 0.000 0.051 0.000  0.991 0.559000
309.208333 310.208333  0.519 0.559   16.15 0.000  1.14 0.000 9.999 0.259  0.58 0.000 0.037 0.559000 999.999 0.999 999.999 0.999   7.853 0.000   1.416 0.000   6.438 0.000 0.031 0.000  0.753 0.559000
312.208333 313.208333  0.713 0.559   31.43 0.000  3.34 0.000 9.999 0.259 99.99 0.259 0.046 0.559000 999.999 0.999 999.999 0.999  14.876 0.000   1.792 0.000  13.084 0.000 0.081 0.000  1.049 0.559000
315.208333 316.208333  0.374 0.559   11.23 0.000  0.93 0.000 9.999 0.259  0.42 0.000 0.093 0.559000 999.999 0.999 999.999 0.999  10.108 0.000   4.181 0.000   5.927 0.000 0.037 0.000  0.865 0.559000
318.208333 319.208333  0.980 0.559   10.80 0.000  1.21 0.000 0.265 0.000  0.61 0.000 0.089 0.559000 999.999 0.999 999.999 0.999  11.574 0.000   2.452 0.000   9.122 0.000 0.042 0.000  1.529 0.559000
321.208333 322.208333 99.999 0.999 9999.99 0.999 99.99 0.999 9.999 0.999 99.99 0.999 9.999 0.999000 999.999 0.999 999.999 0.999 999.999 0.999 999.999 0.999 999.999 0.999 9.999 0.999 99.999 0.999000
324.208333 325.208333 99.999 0.999 9999.99 0.999 99.99 0.999 9.999 0.999 99.99 0.999 9.999 0.999000 999.999 0.999 999.999 0.999 999.999 0.999 999.999 0.999 999.999 0.999 9.999 0.999 99.999 0.999000
327.208333 328.208333 99.999 0.999 9999.99 0.999 99.99 0.999 9.999 0.999 99.99 0.999 9.999 0.999000 999.999 0.999 999.999 0.999 999.999 0.999 999.999 0.999 999.999 0.999 9.999 0.999 99.999 0.999000
330.208333 331.208333  0.306 0.559    8.65 0.000  1.21 0.000 0.096 0.000 99.99 0.259 0.037 0.559000   1.136 0.000   1.591 0.000   4.616 0.000   0.455 0.000   4.160 0.000 0.023 0.000  0.440 0.559000
333.208333 334.208333  0.431 0.000   11.01 0.000  1.84 0.000 0.135 0.000  0.32 0.000 0.060 0.000000   1.998 0.000   2.797 0.000   8.732 0.000   1.331 0.000   7.401 0.000 0.033 0.000  0.663 0.000000
336.208333 337.208333  0.493 0.559   23.50 0.000  1.86 0.000 9.999 0.259  0.18 0.000 0.048 0.559000   2.014 0.000   2.819 0.000   8.233 0.000   1.013 0.000   7.221 0.000 0.049 0.000  0.622 0.559000
339.208333 340.208333  0.706 0.000   18.88 0.000  2.34 0.000 9.999 0.259 99.99 0.259 0.088 0.000000   2.748 0.000   3.847 0.000  11.103 0.000   0.809 0.000  10.294 0.000 0.084 0.000  0.815 0.000000
342.208333 343.208333  0.230 0.559    3.43 0.000  0.54 0.000 9.999 0.259  0.66 0.000 0.031 0.559000   0.282 0.000   0.394 0.000   3.739 0.000   0.419 0.000   3.320 0.000 0.021 0.000  0.594 0.559000
345.208333 346.208333  0.406 0.000    9.67 0.000  1.10 0.000 9.999 0.259  0.17 0.000 0.023 0.000000   0.793 0.000   1.110 0.000   5.156 0.000   1.271 0.000   3.885 0.000 0.019 0.000  0.493 0.000000
348.208333 349.208333  0.437 0.000   20.66 0.000  1.76 0.000 0.075 0.000  0.22 0.000 0.100 0.000000   1.222 0.000   1.712 0.000   6.730 0.000   2.354 0.000   4.376 0.000 0.034 0.000  0.471 0.000000
351.208333 352.208333  0.694 0.000   20.86 0.000  1.47 0.000 9.999 0.259  0.66 0.000 0.123 0.000000   5.683 0.000   7.957 0.000  16.877 0.000   2.466 0.000  14.411 0.000 0.093 0.000  0.831 0.000000
354.208333 355.208333  0.335 0.000   15.28 0.000  1.21 0.000 9.999 0.259  0.47 0.000 0.111 0.000000   1.401 0.000   1.962 0.000   6.103 0.000   1.422 0.000   4.681 0.000 0.045 0.000  0.359 0.000000
357.208333 358.208333  0.493 0.000   11.65 0.000  1.02 0.000 9.999 0.259  0.52 0.000 0.149 0.000000   1.021 0.000   1.430 0.000  13.021 0.000   5.434 0.000   7.587 0.000 0.076 0.000  0.842 0.000000
360.208333 361.208333  0.391 0.000   17.43 0.000  0.70 0.000 9.999 0.259 99.99 0.259 0.062 0.000000   1.003 0.000   1.404 0.000   4.142 0.000   0.134 0.000   4.008 0.000 0.024 0.000  0.432 0.000000
363.208333 364.208333  0.773 0.000    8.81 0.000  0.91 0.000 9.999 0.259  0.53 0.000 0.117 0.000000   1.410 0.000   1.974 0.000  11.797 0.000   2.447 0.000   9.351 0.000 0.036 0.000  1.461 0.000000
