scripts/IMPROVE-2019_partial/data/US9023R.20030103050000.20191216000000.filterpack..pm25.1y.1w.US03L_filterpack_US9023.US03L_IMPROVE_Davis.lev2.nas
64 1001
MISSING INFORMATION
US03L, IMPROVE, , , , , , , 
MISSING INFORMATION
IMPROVE sel_HTAP
1 1
2003 01 01 2019 12 16
3.000000
days from file reference point
25
1 1 1 1 1 1 1 1 1 1 1 1 1 1 1 1 1 1 1 1 1 1 1 1 1
999.999999 999.99 9.999 99.99 9.999 9.999 9.999999 99.99 9.999 9.999 9.999 99.999 9.999 999.999 9.999 999.999 9.999 99.999 9.999 999.999 9.999 9.999 9.999 99.999 9.999
end_time of measurement, days from the file reference point
iron, ng/m3, Revision date=20181210133000
numflag iron, no unit, Revision date=20181210133000
lead, ng/m3, Revision date=20181210133000
numflag lead, no unit, Revision date=20181210133000
magnesium, ug/m3, Revision date=20181210133000
numflag magnesium, no unit, Revision date=20181210133000
nickel, ng/m3, Revision date=20181210133000
numflag nickel, no unit, Revision date=20181210133000
nitrate, ug N/m3, Revision date=20181210133000
numflag nitrate, no unit, Revision date=20181210133000
organic_carbon, ug C/m3, Revision date=20181210133000
numflag organic_carbon, no unit, Revision date=20181210133000
organic_mass, ug/m3, Revision date=20181210133000
numflag organic_mass, no unit, Revision date=20181210133000
pm10_mass, ug/m3, Version=2, Version description=Data extracted from http://views.cira.colostate.edu/fed/DataWizard 2019-12-16, Sample duration=1d, Orig. time res.=3d, Matrix=pm10, Blank correction=Blank corrected, Volume std. temperature=ambient, Volume std. pressure=ambient
numflag pm10_mass, no unit, Version=2, Version description=Data extracted from http://views.cira.colostate.edu/fed/DataWizard 2019-12-16, Sample duration=1d, Orig. time res.=3d, Matrix=pm10, Blank correction=Blank corrected, Volume std. temperature=ambient, Volume std. pressure=ambient
pm10_pm25_mass, ug/m3, Revision date=20181210133000, Matrix=pm10_pm25
numflag pm10_pm25_mass, no unit, Revision date=20181210133000, Matrix=pm10_pm25
pm25_mass, ug/m3, Version=2, Version description=Data extracted from http://views.cira.colostate.edu/fed/DataWizard 2019-12-16, Sample duration=1d, Orig. time res.=3d, Blank correction=Blank corrected, Volume std. temperature=ambient, Volume std. pressure=ambient
numflag pm25_mass, no unit, Version=2, Version description=Data extracted from http://views.cira.colostate.edu/fed/DataWizard 2019-12-16, Sample duration=1d, Orig. time res.=3d, Blank correction=Blank corrected, Volume std. temperature=ambient, Volume std. pressure=ambient
potassium, ug/m3, Revision date=20181210133000
numflag potassium, no unit, Revision date=20181210133000
sulphate_total, ug S/m3, Revision date=20181210133000
numflag sulphate_total, no unit, Revision date=20181210133000
0
25
Data definition:              EBAS_1.1
Set type code:                TU
Timezone:                     UTC
File name:                    US9023R.20030103050000.20191216000000.filterpack..pm25.1y.1w.US03L_filterpack_US9023.US03L_IMPROVE_Davis.lev2.nas
File creation:                20191218120637
Startdate:                    20030103050000
Revision date:                20191216000000
Statistics:                   arithmetic mean
Data level:                   2
Period code:                  1y
Resolution code:              1w
Station code:                 US9023R
Platform code:                US9023S
Station name:                 Proctor Maple R. F.
Station latitude:             44.5284
Station longitude:            -72.8688
Station altitude:             401.0 m
Regime:                       IMG
Component:                    
Matrix:                       pm25
Laboratory code:              US03L
Instrument type:              filterpack
Instrument name:              filterpack_US9023
Method ref:                   US03L_IMPROVE_Davis
starttime endtime Fe flag_Fe Pb flag_Pb Mg++ flag_Mg++ Ni flag_Ni NO3- flag_NO3- OC flag_OC OM flag_OM PM10 flag_PM10 PM10-PM2.5 flag_PM10-PM2.5 PM2.5 flag_PM2.5 K+ flag_K+ SO4-- flag_SO4--
  2.208333   3.208333   9.56 0.000  0.58 0.000 9.999 0.259000  0.17 0.000 0.061 0.000  0.804 0.000   1.126 0.000   5.187 0.000  2.361 0.000   2.826 0.000 0.030 0.000  0.295 0.000
  5.208333   6.208333   3.34 0.000  1.46 0.000 9.999 0.259000  0.35 0.000 0.228 0.000  1.263 0.000   1.768 0.000   5.480 0.000  0.355 0.000   5.125 0.000 0.024 0.000  0.551 0.000
  8.208333   9.208333   5.02 0.000  0.92 0.000 0.019 0.000000 99.99 0.259 0.153 0.000  1.116 0.000   1.562 0.000   4.602 0.000  0.703 0.000   3.899 0.000 0.030 0.000  0.232 0.000
 11.208333  12.208333   2.75 0.000  0.87 0.000 9.999 0.259000  0.11 0.000 0.058 0.000  0.598 0.000   0.837 0.000   2.468 0.000  0.463 0.000   2.006 0.000 0.018 0.000  0.208 0.000
 14.208333  15.208333   5.42 0.000  1.98 0.000 9.999 0.259000  0.44 0.000 0.213 0.000  1.089 0.000   1.524 0.000   4.672 0.000  1.200 0.000   3.472 0.000 0.034 0.000  0.229 0.000
 17.208333  18.208333   8.71 0.000  0.92 0.000 9.999 0.259000  0.21 0.000 0.136 0.000  1.001 0.000   1.402 0.000   5.345 0.000  2.068 0.000   3.277 0.000 0.038 0.000  0.207 0.000
 20.208333  21.208333   5.65 0.000  2.10 0.000 9.999 0.259000 99.99 0.259 0.067 0.000  0.532 0.000   0.746 0.000   3.557 0.000  1.465 0.000   2.092 0.000 0.024 0.000  0.204 0.000
 23.208333  24.208333   5.80 0.000  1.08 0.000 9.999 0.259000 99.99 0.259 0.146 0.000  0.750 0.000   1.050 0.000   4.461 0.000  1.275 0.000   3.187 0.000 0.035 0.000  0.191 0.000
 26.208333  27.208333  10.36 0.000  1.66 0.000 0.029 0.000000  0.20 0.000 0.140 0.000  0.688 0.000   0.964 0.000   4.277 0.000  0.954 0.000   3.323 0.000 0.040 0.000  0.272 0.000
 29.208333  30.208333  16.06 0.000  3.98 0.000 9.999 0.259000  0.38 0.000 0.202 0.000  1.718 0.000   2.405 0.000   7.697 0.000  0.843 0.000   6.855 0.000 0.050 0.000  0.801 0.000
 32.208333  33.208333  27.13 0.000  2.56 0.000 0.017 0.000000  0.67 0.000 0.614 0.000  2.329 0.000   3.261 0.000  12.766 0.000 99.999 0.259  12.853 0.000 0.060 0.000  1.195 0.000
 35.208333  36.208333   4.13 0.000  1.12 0.000 0.046 0.000000 99.99 0.259 0.039 0.000  0.429 0.000   0.601 0.000   2.886 0.000  1.113 0.000   1.774 0.000 0.012 0.000  0.223 0.000
 38.208333  39.208333  10.05 0.000  1.21 0.000 9.999 0.259000  0.26 0.000 0.167 0.000  0.833 0.000   1.167 0.000   4.853 0.000  1.005 0.000   3.848 0.000 0.021 0.000  0.509 0.000
 41.208333  42.208333   7.84 0.000  1.45 0.000 9.999 0.259000  0.15 0.000 0.071 0.000  0.522 0.000   0.730 0.000   3.430 0.000  1.205 0.000   2.225 0.000 0.026 0.000  0.253 0.000
 44.208333  45.208333   7.23 0.000  2.76 0.000 0.041 0.000000  0.33 0.000 0.128 0.000  0.961 0.000   1.345 0.000   6.987 0.000  2.850 0.000   4.136 0.000 0.040 0.000  0.344 0.000
 47.208333  48.208333  16.27 0.000  1.33 0.000 9.999 0.259000  0.20 0.000 0.086 0.000  1.594 0.000   2.232 0.000   8.712 0.000  4.342 0.000   4.370 0.000 0.047 0.000  0.251 0.000
 50.208333  51.208333  16.45 0.000  1.36 0.000 9.999 0.259000  0.24 0.000 0.253 0.000  0.985 0.000   1.379 0.000   8.358 0.000  1.444 0.000   6.915 0.000 0.028 0.000  1.059 0.000
 53.208333  54.208333   2.79 0.000  0.83 0.000 0.026 0.000000  0.18 0.000 0.013 0.000  0.374 0.000   0.523 0.000   2.026 0.000  0.350 0.000   1.675 0.000 0.011 0.000  0.255 0.000
 56.208333  57.208333  12.24 0.000  3.09 0.000 9.999 0.259000  0.22 0.000 0.073 0.000  1.081 0.000   1.514 0.000   5.766 0.000  1.117 0.000   4.649 0.000 0.044 0.000  0.623 0.000
 59.208333  60.208333  20.84 0.000  2.38 0.000 0.086 0.000000  1.81 0.000 0.143 0.000  2.066 0.000   2.892 0.000  14.637 0.000  2.282 0.000  12.356 0.000 0.046 0.000  2.192 0.000
 62.208333  63.208333  25.23 0.000  2.56 0.000 9.999 0.259000  1.12 0.000 0.166 0.000  0.872 0.000   1.220 0.000   7.990 0.000  2.880 0.000   5.111 0.000 0.041 0.000  0.724 0.000
 65.208333  66.208333   9.36 0.000  1.24 0.000 9.999 0.259000  0.44 0.000 0.083 0.000  0.751 0.000   1.051 0.000   4.283 0.000  1.320 0.000   2.963 0.000 0.027 0.000  0.350 0.000
 68.208333  69.208333  20.93 0.000  2.32 0.000 0.054 0.000000  0.17 0.000 0.105 0.000  0.718 0.000   1.006 0.000   6.818 0.000  2.591 0.000   4.227 0.000 0.036 0.000  0.568 0.000
 71.208333  72.208333  18.67 0.000  1.85 0.000 0.018 0.000000  0.30 0.000 0.206 0.000  0.861 0.000   1.205 0.000   8.123 0.000  3.753 0.000   4.370 0.000 0.036 0.000  0.370 0.000
 74.208333  75.208333  46.21 0.000  5.16 0.000 9.999 0.259000  0.67 0.000 0.473 0.000  2.080 0.000   2.912 0.000  17.008 0.000  3.758 0.000  13.249 0.000 0.062 0.000  1.993 0.000
 77.208333  78.208333  21.74 0.000  1.61 0.000 9.999 0.259000  0.23 0.000 0.114 0.000  0.756 0.000   1.059 0.000   5.994 0.000  3.043 0.000   2.951 0.000 0.045 0.000  0.275 0.000
 80.208333  81.208333   7.58 0.000  1.42 0.000 9.999 0.259000  0.24 0.000 0.147 0.000  1.413 0.000   1.978 0.000   5.208 0.000  0.498 0.000   4.710 0.000 0.059 0.000  0.461 0.000
 83.208333  84.208333  48.06 0.000  4.06 0.000 9.999 0.259000  0.91 0.000 0.320 0.559  1.776 0.000   2.487 0.000  17.196 0.000  3.064 0.000  14.132 0.000 0.053 0.000  2.147 0.559
 86.208333  87.208333  27.51 0.000  2.43 0.000 9.999 0.259000  0.51 0.000 0.124 0.000  1.155 0.000   1.618 0.000   9.631 0.000  3.110 0.000   6.522 0.000 0.032 0.000  0.899 0.000
 89.208333  90.208333  15.55 0.000  0.88 0.000 9.999 0.259000 99.99 0.259 0.038 0.000  0.399 0.000   0.559 0.000   4.325 0.000  1.709 0.000   2.615 0.000 0.019 0.000  0.413 0.000
 92.208333  93.208333  22.63 0.000  2.50 0.000 0.015 0.000000  0.22 0.000 0.648 0.000  1.423 0.000   1.992 0.000  10.995 0.000  1.956 0.000   9.040 0.000 0.067 0.000  0.693 0.000
 95.208333  96.208333   9.38 0.000  0.99 0.000 9.999 0.259000  0.14 0.000 0.061 0.000  0.408 0.000   0.571 0.000   3.431 0.000  0.801 0.000   2.630 0.000 0.018 0.000  0.338 0.000
 98.208333  99.208333  12.56 0.000  2.01 0.000 9.999 0.259000  0.47 0.000 0.168 0.000  1.705 0.000   2.387 0.000   9.273 0.000  1.251 0.000   8.022 0.000 0.043 0.000  1.118 0.000
101.208333 102.208333 999.99 0.456 99.99 0.456 9.999 0.456000 99.99 0.456 0.125 0.000  1.280 0.000   1.791 0.000   7.520 0.000 99.999 0.999 999.999 0.456 9.999 0.456  0.435 0.000
104.208333 105.208333  74.30 0.000  3.37 0.000 9.999 0.259000  0.61 0.000 0.089 0.559  2.593 0.000   3.630 0.000  18.450 0.000  6.594 0.000  11.856 0.000 0.073 0.000  1.326 0.559
107.208333 108.208333  21.04 0.000  1.24 0.000 9.999 0.259000  0.44 0.000 0.065 0.000  0.802 0.000   1.123 0.000   8.432 0.000  3.803 0.000   4.630 0.000 0.028 0.000  0.595 0.000
110.208333 111.208333  48.79 0.000  1.80 0.000 9.999 0.259000  0.44 0.000 0.055 0.000  0.942 0.000   1.319 0.000   8.670 0.000  3.858 0.000   4.812 0.000 0.043 0.000  0.525 0.000
113.208333 114.208333   6.06 0.000  0.46 0.000 0.011 0.000000  0.07 0.000 0.022 0.000  0.308 0.000   0.432 0.000   1.612 0.000 99.999 0.259   1.856 0.000 0.008 0.000  0.168 0.000
116.208333 117.208333  19.59 0.000  1.89 0.000 9.999 0.259000  0.26 0.000 0.058 0.000  0.967 0.000   1.354 0.000   6.575 0.000  1.434 0.000   5.141 0.000 0.026 0.000  0.728 0.000
119.208333 120.208333  29.32 0.000  1.65 0.000 9.999 0.259000  0.12 0.000 0.026 0.000  0.804 0.000   1.125 0.000   5.958 0.000  2.321 0.000   3.638 0.000 0.029 0.000  0.396 0.000
122.208333 123.208333  14.11 0.000  1.28 0.000 9.999 0.259000  0.18 0.000 0.213 0.000  1.013 0.000   1.419 0.000   4.712 0.000  1.150 0.000   3.562 0.000 0.022 0.000  0.330 0.000
125.208333 126.208333  26.80 0.000  1.17 0.000 0.013 0.000000  0.23 0.000 0.024 0.000  0.747 0.000   1.046 0.000   7.069 0.000  1.958 0.000   5.111 0.000 0.030 0.000  0.749 0.000
128.208333 129.208333   7.69 0.000  0.85 0.000 9.999 0.259000  0.21 0.000 0.144 0.000  0.915 0.000   1.282 0.000   4.767 0.000  1.520 0.000   3.247 0.000 0.014 0.000  0.334 0.000
131.208333 132.208333   1.85 0.000  0.39 0.000 9.999 0.259000 99.99 0.259 0.009 0.000  0.401 0.000   0.561 0.000   2.959 0.000  1.368 0.000   1.591 0.000 0.002 0.000  0.204 0.000
134.208333 135.208333   9.40 0.000  0.98 0.000 9.999 0.259000  0.11 0.000 0.034 0.000  0.931 0.000   1.304 0.000   5.106 0.000  1.202 0.000   3.904 0.000 0.012 0.000  0.450 0.000
137.208333 138.208333  21.64 0.000  1.47 0.000 9.999 0.259000 99.99 0.259 0.038 0.000  1.450 0.000   2.030 0.000   9.369 0.000  3.771 0.000   5.598 0.000 0.030 0.000  0.533 0.000
140.208333 141.208333  27.83 0.000  1.58 0.000 9.999 0.259000  0.78 0.000 0.116 0.000  1.399 0.000   1.959 0.000   8.054 0.000  3.364 0.000   4.690 0.000 0.019 0.000  0.388 0.000
143.208333 144.208333   1.71 0.000  0.67 0.000 0.024 0.000000 99.99 0.259 0.008 0.000  0.459 0.000   0.642 0.000   1.520 0.000  0.443 0.000   1.078 0.000 0.006 0.000  0.058 0.000
146.208333 147.208333   1.30 0.000  0.71 0.000 9.999 0.259000  0.09 0.000 0.010 0.000  0.522 0.000   0.731 0.000   2.492 0.000  1.103 0.000   1.389 0.000 0.007 0.000  0.079 0.000
149.208333 150.208333   6.21 0.000  0.85 0.000 0.034 0.000000  0.19 0.000 0.034 0.000  1.278 0.000   1.789 0.000   5.556 0.000  1.885 0.000   3.671 0.000 0.014 0.000  0.232 0.000
152.208333 153.208333  13.09 0.000  0.89 0.000 9.999 0.259000 99.99 0.259 0.022 0.000  1.147 0.000   1.605 0.000   6.575 0.000  3.102 0.000   3.472 0.000 0.020 0.000  0.183 0.000
155.208333 156.208333  22.62 0.000  1.87 0.000 9.999 0.259000  0.22 0.000 0.169 0.000  2.306 0.000   3.228 0.000  10.026 0.000  2.776 0.000   7.250 0.000 0.040 0.000  0.378 0.000
158.208333 159.208333  14.32 0.000  1.68 0.000 9.999 0.259000  0.27 0.000 0.014 0.000  1.497 0.000   2.095 0.000   7.230 0.000  1.438 0.000   5.792 0.000 0.024 0.000  0.568 0.000
161.208333 162.208333  19.03 0.000  1.56 0.000 9.999 0.259000  0.51 0.000 0.058 0.000  1.615 0.000   2.261 0.000  13.683 0.000  1.997 0.000  11.686 0.000 0.030 0.000  1.661 0.000
164.208333 165.208333   2.04 0.000  0.84 0.000 9.999 0.259000 99.99 0.259 0.026 0.000  0.371 0.000   0.520 0.000   1.879 0.000  0.478 0.000   1.401 0.000 0.007 0.000  0.173 0.000
167.208333 168.208333  12.73 0.000  1.46 0.000 9.999 0.259000  0.34 0.000 0.019 0.000  1.281 0.000   1.794 0.000   7.761 0.000  2.469 0.000   5.293 0.000 0.016 0.000  0.484 0.000
170.208333 171.208333  15.47 0.000  0.98 0.000 9.999 0.259000  0.13 0.000 0.094 0.000  1.268 0.000   1.775 0.000   6.781 0.000  2.602 0.000   4.179 0.000 0.026 0.000  0.327 0.000
173.208333 174.208333  35.30 0.000  2.63 0.000 9.999 0.259000  0.33 0.000 0.031 0.000  7.452 0.000  10.433 0.000  20.506 0.000  4.261 0.000  16.245 0.000 0.104 0.000  0.407 0.000
176.208333 177.208333  55.80 0.000  2.22 0.000 9.999 0.259000  0.25 0.000 0.033 0.000  4.397 0.000   6.156 0.000  33.179 0.000  3.727 0.000  29.452 0.000 0.103 0.000  3.964 0.000
179.208333 180.208333  26.43 0.000  2.65 0.000 9.999 0.259000  0.36 0.000 0.028 0.000  4.161 0.000   5.825 0.000  22.794 0.000  4.286 0.000  18.508 0.000 0.058 0.000  1.973 0.000
182.208333 183.208333  10.21 0.000  0.88 0.000 0.095 0.000000  0.14 0.000 0.016 0.000  1.643 0.000   2.301 0.000   7.310 0.000  2.117 0.000   5.193 0.000 0.017 0.000  0.345 0.000
185.208333 186.208333  35.42 0.000  3.87 0.000 0.114 0.000000  0.14 0.000 0.040 0.000  2.473 0.000   3.462 0.000  19.250 0.000  2.215 0.000  17.034 0.000 0.119 0.000  2.515 0.000
188.208333 189.208333  25.87 0.000  1.65 0.000 9.999 0.259000  0.44 0.000 0.029 0.000  2.138 0.000   2.993 0.000  14.823 0.000  2.592 0.000  12.231 0.000 0.046 0.000  1.663 0.000
191.208333 192.208333   4.92 0.000  0.38 0.000 9.999 0.259000  0.17 0.000 0.010 0.000  0.450 0.000   0.630 0.000   3.962 0.000  1.022 0.000   2.940 0.000 0.007 0.000  0.369 0.000
194.208333 195.208333   8.35 0.000  0.57 0.000 9.999 0.259000  0.13 0.000 0.013 0.000  1.769 0.000   2.477 0.000   7.026 0.000  2.478 0.000   4.548 0.000 0.016 0.000  0.150 0.000
197.208333 198.208333   6.71 0.000  0.87 0.000 9.999 0.259000  0.07 0.000 0.013 0.000  1.091 0.000   1.528 0.000   6.213 0.000  2.201 0.000   4.012 0.000 0.013 0.000  0.350 0.000
200.208333 201.208333   9.49 0.000  1.27 0.000 0.066 0.000000  0.18 0.000 0.013 0.000  1.652 0.000   2.313 0.000   6.904 0.000  1.703 0.000   5.200 0.000 0.024 0.000  0.330 0.000
203.208333 204.208333   4.39 0.000  0.82 0.000 9.999 0.259000  0.15 0.000 0.035 0.000  1.251 0.000   1.751 0.000   5.637 0.000  1.790 0.000   3.848 0.000 0.017 0.000  0.316 0.000
206.208333 207.208333  23.42 0.000  2.06 0.000 9.999 0.259000  0.20 0.000 0.034 0.000  2.253 0.000   3.154 0.000  18.965 0.000  2.896 0.000  16.069 0.000 0.030 0.000  2.561 0.000
209.208333 210.208333   7.63 0.000  0.90 0.000 9.999 0.259000  0.15 0.000 0.017 0.000  2.490 0.000   3.487 0.000   8.731 0.000  2.694 0.000   6.037 0.000 0.035 0.000  0.181 0.000
212.208333 213.208333   7.44 0.000  0.75 0.000 9.999 0.259000  0.12 0.000 0.009 0.000  0.961 0.000   1.345 0.000   4.371 0.000  1.229 0.000   3.142 0.000 0.015 0.000  0.119 0.000
215.208333 216.208333  32.17 0.000  0.75 0.000 9.999 0.259000  0.50 0.000 0.035 0.000  0.896 0.000   1.254 0.000   9.543 0.000  3.202 0.000   6.342 0.000 0.024 0.000  0.856 0.000
218.208333 219.208333  37.47 0.699  1.79 0.699 9.999 0.699259  0.65 0.699 0.038 0.000  1.122 0.000   1.571 0.000  24.020 0.000  2.928 0.000  21.092 0.699 0.038 0.699  3.960 0.000
221.208333 222.208333  11.96 0.699  0.69 0.699 9.999 0.699259  0.38 0.699 0.032 0.000  0.814 0.000   1.140 0.000   8.528 0.000  1.369 0.000   7.159 0.699 0.036 0.699  0.859 0.000
224.208333 225.208333   9.07 0.000  0.93 0.000 9.999 0.259000  0.16 0.000 0.019 0.000  2.095 0.000   2.934 0.000  10.296 0.000  4.159 0.000   6.136 0.000 0.022 0.000  0.412 0.000
227.208333 228.208333  22.74 0.000  2.61 0.000 0.093 0.000000  0.26 0.000 0.023 0.000  2.908 0.000   4.071 0.000  19.574 0.000  4.018 0.000  15.557 0.000 0.048 0.000  1.967 0.000
230.208333 231.208333  15.96 0.000  0.86 0.000 9.999 0.259000  0.30 0.000 0.018 0.000  2.342 0.000   3.279 0.000  10.478 0.000  3.654 0.000   6.824 0.000 0.029 0.000  0.303 0.000
233.208333 234.208333  33.34 0.000  1.45 0.000 9.999 0.259000  0.47 0.000 0.021 0.000  2.597 0.000   3.636 0.000  28.306 0.000  2.995 0.000  25.311 0.000 0.041 0.000  4.315 0.000
236.208333 237.208333   8.90 0.000  1.76 0.000 9.999 0.259000  0.26 0.000 0.051 0.000  1.368 0.000   1.915 0.000   6.944 0.000  2.214 0.000   4.731 0.000 0.021 0.000  0.367 0.000
239.208333 240.208333   4.02 0.000  0.65 0.000 9.999 0.259000 99.99 0.259 0.008 0.000  0.409 0.000   0.572 0.000   3.145 0.000  1.455 0.000   1.691 0.000 0.009 0.000  0.093 0.000
242.208333 243.208333   2.12 0.000  1.01 0.000 9.999 0.259000 99.99 0.259 0.008 0.559  0.939 0.000   1.314 0.000   3.595 0.000  1.280 0.000   2.315 0.000 0.018 0.000  0.061 0.559
245.208333 246.208333   8.78 0.394  1.35 0.394 9.999 0.394259  0.18 0.394 0.012 0.394  1.120 0.000   1.567 0.000   8.249 0.000  2.396 0.000   5.853 0.000 0.019 0.394  0.669 0.394
248.208333 249.208333   7.28 0.000  0.76 0.000 0.084 0.000000  0.15 0.000 0.056 0.000  0.849 0.000   1.189 0.000   4.616 0.000  2.512 0.000   2.104 0.000 0.015 0.000  0.194 0.000
251.208333 252.208333  17.23 0.000  0.40 0.000 9.999 0.259000  1.36 0.000 0.020 0.000  1.189 0.000   1.665 0.000   5.392 0.000  2.459 0.000   2.933 0.000 0.016 0.000  0.070 0.000
254.208333 255.208333  31.07 0.000  1.74 0.000 9.999 0.259000  0.32 0.000 0.027 0.000  2.439 0.000   3.415 0.000  13.726 0.000  5.458 0.000   8.267 0.000 0.036 0.000  0.610 0.000
257.208333 258.208333   5.03 0.000  0.61 0.000 0.027 0.000000  0.14 0.000 0.054 0.000  0.944 0.000   1.322 0.000   7.107 0.000  3.856 0.000   3.251 0.000 0.019 0.000  0.322 0.000
260.208333 261.208333   8.12 0.000  0.40 0.000 9.999 0.259000  0.27 0.000 0.012 0.000  1.208 0.000   1.691 0.000   5.924 0.000  2.840 0.000   3.083 0.000 0.016 0.000  0.149 0.000
263.208333 264.208333   5.46 0.000  2.20 0.000 9.999 0.259000  0.11 0.000 0.017 0.000  1.188 0.000   1.663 0.000   7.311 0.000  2.945 0.000   4.366 0.000 0.016 0.000  0.419 0.000
266.208333 267.208333  11.11 0.000  1.24 0.000 9.999 0.259000  0.17 0.000 0.022 0.000  1.020 0.000   1.428 0.000   8.332 0.000  3.626 0.000   4.706 0.000 0.021 0.000  0.528 0.000
