scripts/IMPROVE-2019_partial/data/US9033R.20160101060000.20191216000000.filterpack...52w.3d.US03L_filterpack_US9033.US03L_IMPROVE_Davis.lev2.nas
51 1001
MISSING INFORMATION
US03L, IMPROVE, , , , , , , 
MISSING INFORMATION
IMPROVE sel_HTAP
1 1
2016 01 01 2019 12 16
3.00
days from file reference point
4
1 1 1 1
999.99 999.999 999.999 9.999
end_time of measurement, days from the file reference point
pm10_mass, ug/m3, Matrix=pm10
pm25_mass, ug/m3, Matrix=pm25
numflag, no unit
0
33
Data definition:              EBAS_1.1
Set type code:                TU
Timezone:                     UTC
File name:                    US9033R.20160101060000.20191216000000.filterpack...52w.3d.US03L_filterpack_US9033.US03L_IMPROVE_Davis.lev2.nas
File creation:                20191218120729
Startdate:                    20160101060000
Revision date:                20191216000000
Version:                      2
Version description:          "Data extracted from http://views.cira.colostate.edu/fed/DataWizard 2019-12-16"
Statistics:                   arithmetic mean
Data level:                   2
Period code:                  52w
Resolution code:              3d
Sample duration:              1d
Orig. time res.:              3d
Station code:                 US9033R
Platform code:                US9033S
Station name:                 Sipsy Wilderness
Station latitude:             34.3433
Station longitude:            -87.3388
Station altitude:             286.0 m
Regime:                       IMG
Component:                    
Unit:                         ug/m3
Matrix:                       
Laboratory code:              US03L
Instrument type:              filterpack
Instrument name:              filterpack_US9033
Method ref:                   US03L_IMPROVE_Davis
Blank correction:             Blank corrected
Volume std. temperature:      ambient
Volume std. pressure:         ambient
starttime endtime PM10 PM2.5 flag
  0.25   1.25   8.579   7.375 0.000
  3.25   4.25   5.465   4.532 0.000
  6.25   7.25   5.304   4.246 0.000
  9.25  10.25   2.471   1.989 0.000
 12.25  13.25   4.329   2.987 0.000
 15.25  16.25   6.392   5.114 0.000
 18.25  19.25   7.405   5.372 0.000
 21.25  22.25   4.166   4.363 0.000
 24.25  25.25   5.971   4.347 0.000
 27.25  28.25   6.079   4.333 0.000
 30.25  31.25   6.343   3.439 0.000
 33.25  34.25   5.008   2.854 0.000
 36.25  37.25   3.918   2.759 0.000
 39.25  40.25   4.606   2.540 0.000
 42.25  43.25  10.875   7.185 0.000
 45.25  46.25   7.001   6.232 0.000
 48.25  49.25   6.536   5.105 0.000
 51.25  52.25  11.052   8.860 0.000
 54.25  55.25   2.058   2.654 0.000
 57.25  58.25 999.999   4.147 0.000
 60.25  61.25 999.999   5.681 0.000
 63.25  64.25 999.999 999.999 0.999
 66.25  67.25 999.999 999.999 0.999
 69.25  70.25   8.581   4.781 0.000
 72.25  73.25   5.500   4.124 0.000
 75.25  76.25   8.041   3.983 0.000
 78.25  79.25   8.012   5.211 0.000
 81.25  82.25  15.880  11.085 0.000
 84.25  85.25  15.287   5.820 0.000
 87.25  88.25   8.314   4.015 0.000
 90.25  91.25  13.965   7.175 0.000
 93.25  94.25   5.586   2.189 0.000
 96.25  97.25  13.717   7.382 0.000
 99.25 100.25   6.887   3.192 0.000
102.25 103.25   5.810   3.018 0.000
105.25 106.25   8.110   4.949 0.000
108.25 109.25  12.090   8.635 0.000
111.25 112.25 999.999   5.308 0.000
114.25 115.25 999.999   5.829 0.000
117.25 118.25  10.794   6.838 0.000
120.25 121.25  12.977   7.594 0.000
123.25 124.25 999.999 999.999 0.999
126.25 127.25   7.326   4.907 0.000
129.25 130.25  12.754  10.692 0.000
132.25 133.25 999.999   8.581 0.000
135.25 136.25 999.999   3.283 0.000
138.25 139.25 999.999   7.128 0.000
141.25 142.25   6.872   5.037 0.000
144.25 145.25  19.013  15.436 0.000
147.25 148.25  15.371  10.569 0.000
150.25 151.25  13.480   8.364 0.000
153.25 154.25  10.496   6.653 0.000
156.25 157.25   5.258   3.622 0.000
159.25 160.25   7.819   3.906 0.000
162.25 163.25  14.250  11.665 0.000
165.25 166.25   5.907   4.697 0.000
168.25 169.25  15.521  11.091 0.000
171.25 172.25  11.090   7.299 0.000
174.25 175.25  13.123   8.912 0.000
177.25 178.25  11.006   8.017 0.000
180.25 181.25   8.712   6.504 0.000
183.25 184.25   9.536   7.801 0.000
186.25 187.25   7.882   5.868 0.000
189.25 190.25   9.354   6.683 0.000
192.25 193.25   5.699   4.350 0.000
195.25 196.25   7.213   4.865 0.000
198.25 199.25   8.301   6.308 0.000
201.25 202.25  15.544  10.295 0.000
204.25 205.25   7.764   5.966 0.000
207.25 208.25   8.382   6.253 0.000
210.25 211.25   9.030   6.168 0.000
213.25 214.25  12.052   8.127 0.000
216.25 217.25  16.312  10.855 0.000
219.25 220.25  11.433   7.924 0.000
222.25 223.25   9.379   5.194 0.000
225.25 226.25  10.561   5.416 0.000
228.25 229.25   8.116   4.355 0.000
231.25 232.25   7.148   3.490 0.000
234.25 235.25  12.473   7.862 0.000
237.25 238.25  10.676   7.800 0.000
240.25 241.25  11.549   7.839 0.000
243.25 244.25  12.804   8.958 0.000
246.25 247.25   7.832   5.303 0.000
249.25 250.25   8.895   6.032 0.000
252.25 253.25  16.629   8.222 0.000
255.25 256.25   8.444   5.086 0.000
258.25 259.25   9.814   6.969 0.000
261.25 262.25   4.491   2.717 0.000
264.25 265.25 999.999 999.999 0.999
267.25 268.25  15.166   9.701 0.000
270.25 271.25  10.189   4.358 0.000
273.25 274.25   7.835   5.065 0.000
276.25 277.25  14.960   7.525 0.000
279.25 280.25  12.134   5.599 0.000
282.25 283.25  14.262   3.619 0.000
285.25 286.25  10.822   6.377 0.000
288.25 289.25  13.888   9.237 0.000
291.25 292.25  10.449   5.379 0.000
294.25 295.25   7.065   3.684 0.000
297.25 298.25  13.185   6.831 0.000
300.25 301.25  15.177   9.603 0.000
303.25 304.25  12.248   7.262 0.000
306.25 307.25  17.990  11.101 0.000
309.25 310.25  11.776   6.050 0.000
312.25 313.25  13.784   8.359 0.000
315.25 316.25  13.381   5.283 0.000
318.25 319.25  42.041  37.194 0.000
321.25 322.25  12.255   7.002 0.000
324.25 325.25   5.230   2.029 0.000
327.25 328.25  14.238   7.636 0.000
330.25 331.25   8.656   7.098 0.000
333.25 334.25   8.941   5.754 0.000
336.25 337.25   9.145   3.529 0.000
339.25 340.25   2.765   2.216 0.000
342.25 343.25   5.594   3.492 0.000
345.25 346.25   9.886   7.418 0.000
348.25 349.25  10.582   7.660 0.000
351.25 352.25   9.554   6.268 0.000
354.25 355.25  11.910   9.875 0.000
357.25 358.25  11.960   8.141 0.000
360.25 361.25  10.268   6.909 0.000
363.25 364.25   5.571   2.648 0.000
