scripts/IMPROVE-2019_partial/data/US9011R.20010101060000.20191216000000.filterpack..pm25.52w.1w.US03L_filterpack_US9011.US03L_IMPROVE_Davis.lev2.nas
64 1001
MISSING INFORMATION
US03L, IMPROVE, , , , , , , 
MISSING INFORMATION
IMPROVE sel_HTAP
1 1
2001 01 01 2019 12 16
3.00
days from file reference point
25
1 1 1 1 1 1 1 1 1 1 1 1 1 1 1 1 1 1 1 1 1 1 1 1 1
999.99 9999.99 9.999 999.99 9.999999 9.999 9.999999 99.99 9.999999 99.999 9.999 99.999 9.999 999.999 9.999 999.999 9.999 999.999 9.999 999.999 9.999 9.999 9.999 99.999 9.999
end_time of measurement, days from the file reference point
iron, ng/m3, Revision date=20181210133000
numflag iron, no unit, Revision date=20181210133000
lead, ng/m3, Revision date=20181210133000
numflag lead, no unit, Revision date=20181210133000
magnesium, ug/m3, Revision date=20181210133000
numflag magnesium, no unit, Revision date=20181210133000
nickel, ng/m3, Revision date=20181210133000
numflag nickel, no unit, Revision date=20181210133000
nitrate, ug N/m3, Revision date=20181210133000
numflag nitrate, no unit, Revision date=20181210133000
organic_carbon, ug C/m3, Revision date=20181210133000
numflag organic_carbon, no unit, Revision date=20181210133000
organic_mass, ug/m3, Revision date=20181210133000
numflag organic_mass, no unit, Revision date=20181210133000
pm10_mass, ug/m3, Version=2, Version description=Data extracted from http://views.cira.colostate.edu/fed/DataWizard 2019-12-16, Sample duration=1d, Orig. time res.=3d, Matrix=pm10, Blank correction=Blank corrected, Volume std. temperature=ambient, Volume std. pressure=ambient
numflag pm10_mass, no unit, Version=2, Version description=Data extracted from http://views.cira.colostate.edu/fed/DataWizard 2019-12-16, Sample duration=1d, Orig. time res.=3d, Matrix=pm10, Blank correction=Blank corrected, Volume std. temperature=ambient, Volume std. pressure=ambient
pm10_pm25_mass, ug/m3, Revision date=20181210133000, Matrix=pm10_pm25
numflag pm10_pm25_mass, no unit, Revision date=20181210133000, Matrix=pm10_pm25
pm25_mass, ug/m3, Version=2, Version description=Data extracted from http://views.cira.colostate.edu/fed/DataWizard 2019-12-16, Sample duration=1d, Orig. time res.=3d, Blank correction=Blank corrected, Volume std. temperature=ambient, Volume std. pressure=ambient
numflag pm25_mass, no unit, Version=2, Version description=Data extracted from http://views.cira.colostate.edu/fed/DataWizard 2019-12-16, Sample duration=1d, Orig. time res.=3d, Blank correction=Blank corrected, Volume std. temperature=ambient, Volume std. pressure=ambient
potassium, ug/m3, Revision date=20181210133000
numflag potassium, no unit, Revision date=20181210133000
sulphate_total, ug S/m3, Revision date=20181210133000
numflag sulphate_total, no unit, Revision date=20181210133000
0
25
Data definition:              EBAS_1.1
Set type code:                TU
Timezone:                     UTC
File name:                    US9011R.20010101060000.20191216000000.filterpack..pm25.52w.1w.US03L_filterpack_US9011.US03L_IMPROVE_Davis.lev2.nas
File creation:                20191218120552
Startdate:                    20010101060000
Revision date:                20191216000000
Statistics:                   arithmetic mean
Data level:                   2
Period code:                  52w
Resolution code:              1w
Station code:                 US9011R
Platform code:                US9011S
Station name:                 Mingo
Station latitude:             36.9717
Station longitude:            -90.1432
Station altitude:             111.0 m
Regime:                       IMG
Component:                    
Matrix:                       pm25
Laboratory code:              US03L
Instrument type:              filterpack
Instrument name:              filterpack_US9011
Method ref:                   US03L_IMPROVE_Davis
starttime endtime Fe flag_Fe Pb flag_Pb Mg++ flag_Mg++ Ni flag_Ni NO3- flag_NO3- OC flag_OC OM flag_OM PM10 flag_PM10 PM10-PM2.5 flag_PM10-PM2.5 PM2.5 flag_PM2.5 K+ flag_K+ SO4-- flag_SO4--
[from data line 89]
267.25 268.25   18.09 0.000   3.14 0.000000 9.999 0.259000 99.99 0.259000  0.054 0.000  0.510 0.000   0.715 0.000   7.742 0.000   5.014 0.000   2.728 0.000 0.114 0.000  0.255 0.000
270.25 271.25   28.16 0.000   2.08 0.000000 9.999 0.259000 99.99 0.259000  0.070 0.000  1.288 0.000   1.803 0.000  13.205 0.000   6.724 0.000   6.481 0.000 0.034 0.000  0.787 0.000
273.25 274.25   89.65 0.000   9.16 0.000000 9.999 0.259000 99.99 0.259000  0.076 0.000  2.210 0.000   3.094 0.000  31.850 0.000  18.924 0.000  12.926 0.000 0.085 0.000  1.287 0.000
276.25 277.25  104.04 0.000   2.03 0.000000 9.999 0.259000 99.99 0.259000  0.255 0.000  9.803 0.000  13.724 0.000  50.951 0.000  17.920 0.000  33.031 0.000 0.355 0.000  2.148 0.000
279.25 280.25   22.16 0.000   1.82 0.000000 9.999 0.259000  0.09 0.000000  0.109 0.000  0.877 0.000   1.228 0.000   9.013 0.000   4.887 0.000   4.126 0.000 0.034 0.000  0.407 0.000
282.25 283.25   37.94 0.000   1.81 0.000000 9.999 0.259000  0.19 0.000000  0.160 0.000  2.490 0.000   3.486 0.000  17.909 0.000   7.097 0.000  10.812 0.000 0.087 0.000  1.025 0.000
285.25 286.25   10.27 0.000   1.03 0.000000 9.999 0.259000 99.99 0.259000  0.121 0.000  0.786 0.000   1.101 0.000   8.735 0.000   4.998 0.000   3.737 0.000 0.020 0.000  0.317 0.000
288.25 289.25    9.17 0.000   2.22 0.000000 9.999 0.259000  0.07 0.000000  0.030 0.000  0.886 0.000   1.240 0.000   5.904 0.000   2.980 0.000   2.924 0.000 9.999 0.259  0.212 0.000
291.25 292.25   67.51 0.000   2.19 0.000000 9.999 0.259000 99.99 0.259000  0.230 0.000  3.991 0.000   5.587 0.000  35.793 0.000  21.494 0.000  14.299 0.000 0.070 0.000  0.887 0.000
294.25 295.25   43.09 0.000   3.35 0.000000 9.999 0.259000  0.17 0.000000  0.205 0.000  3.157 0.000   4.420 0.000  25.804 0.000  10.562 0.000  15.242 0.000 0.084 0.000  1.652 0.000
297.25 298.25   13.22 0.000   0.51 0.000000 9.999 0.259000 99.99 0.259000  0.017 0.000  0.649 0.000   0.908 0.000   7.608 0.000   5.014 0.000   2.594 0.000 9.999 0.259  0.142 0.000
300.25 301.25   44.18 0.000   3.87 0.000000 9.999 0.259000 99.99 0.259000  0.220 0.000  1.484 0.000   2.078 0.000  20.796 0.000  13.327 0.000   7.470 0.000 0.050 0.000  0.502 0.000
303.25 304.25   73.74 0.000   2.08 0.000000 9.999 0.259000 99.99 0.259000  0.345 0.000  9.808 0.000  13.731 0.000  43.587 0.000  16.819 0.000  26.769 0.000 0.178 0.000  1.203 0.000
306.25 307.25   28.89 0.000   3.26 0.000000 9.999 0.259000  0.19 0.000000  0.139 0.000  6.372 0.000   8.922 0.000  25.155 0.000  10.683 0.000  14.473 0.000 0.065 0.000  0.447 0.000
309.25 310.25   79.53 0.000   1.78 0.000000 9.999 0.259000  0.11 0.000000  0.127 0.000  3.833 0.000   5.366 0.000  40.761 0.000  29.214 0.000  11.548 0.000 0.087 0.000  0.464 0.000
312.25 313.25   80.52 0.000   2.85 0.000000 9.999 0.259000 99.99 0.259000  0.894 0.000  5.188 0.000   7.263 0.000  51.916 0.000  32.172 0.000  19.745 0.000 9.999 0.259  0.896 0.000
315.25 316.25  165.59 0.000   3.03 0.000000 9.999 0.259000 99.99 0.259000  0.248 0.000  3.780 0.000   5.293 0.000  63.354 0.000  46.828 0.000  16.526 0.000 0.169 0.000  0.735 0.000
318.25 319.25  214.15 0.000   3.06 0.000000 9.999 0.259000 99.99 0.259000  0.489 0.000  6.864 0.000   9.610 0.000  90.798 0.000  60.349 0.000  30.449 0.000 0.222 0.000  1.929 0.000
321.25 322.25  147.51 0.000   3.33 0.000000 9.999 0.259000 99.99 0.259000  0.401 0.000  5.825 0.000   8.156 0.000  61.757 0.000  34.689 0.000  27.069 0.000 9.999 0.259  2.427 0.000
324.25 325.25   52.15 0.000   3.64 0.000000 9.999 0.259000 99.99 0.259000  0.399 0.000  3.186 0.000   4.460 0.000  16.992 0.000   8.422 0.000   8.570 0.000 0.088 0.000  0.136 0.000
327.25 328.25   27.80 0.456 999.99 0.456259 9.999 0.456259 99.99 0.456259  0.034 0.000  0.734 0.000   1.027 0.000   6.615 0.000 999.999 0.999 999.999 0.456 0.034 0.456  0.342 0.000
330.25 331.25    9.44 0.000   1.38 0.000000 9.999 0.259000 99.99 0.259000  0.071 0.000  0.858 0.000   1.201 0.000   6.644 0.000   3.224 0.000   3.420 0.000 0.034 0.000  0.327 0.000
333.25 334.25    6.63 0.000   0.62 0.000000 0.035 0.000000 99.99 0.259000  0.200 0.000  0.766 0.000   1.072 0.000   4.987 0.000   1.734 0.000   3.252 0.000 0.018 0.000  0.368 0.000
336.25 337.25   36.07 0.000   3.15 0.000000 9.999 0.259000 99.99 0.259000  0.388 0.000  2.433 0.000   3.407 0.000  11.599 0.000   3.541 0.000   8.058 0.000 0.066 0.000  0.550 0.000
339.25 340.25   15.27 0.000   1.05 0.000000 9.999 0.259000  0.11 0.000000  0.083 0.000  0.786 0.000   1.100 0.000   6.540 0.000   2.689 0.000   3.852 0.000 0.024 0.000  0.381 0.000
342.25 343.25   21.03 0.000   4.96 0.000000 9.999 0.259000 99.99 0.259000  0.767 0.000  1.092 0.000   1.529 0.000   9.973 0.000   3.087 0.000   6.886 0.000 0.034 0.000  0.371 0.000
345.25 346.25 9999.99 0.999 999.99 0.999000 9.999 0.999000 99.99 0.999000 99.999 0.999 99.999 0.999 999.999 0.999 999.999 0.999 999.999 0.999 999.999 0.999 9.999 0.999 99.999 0.999
348.25 349.25   13.09 0.000   1.31 0.000000 9.999 0.259000  0.08 0.000000  0.323 0.000  1.022 0.000   1.431 0.000   8.570 0.000   2.497 0.000   6.073 0.000 0.018 0.000  0.692 0.000
351.25 352.25   17.41 0.000   1.64 0.000000 9.999 0.259000 99.99 0.259000  0.496 0.000  2.571 0.000   3.599 0.000  11.534 0.000   2.799 0.000   8.735 0.000 0.068 0.000  0.491 0.000
354.25 355.25   46.31 0.000   3.10 0.000000 9.999 0.259000 99.99 0.259000  0.265 0.000  4.183 0.000   5.856 0.000  13.777 0.000   3.962 0.000   9.816 0.000 0.107 0.000  0.168 0.000
357.25 358.25    7.56 0.000   4.77 0.000000 9.999 0.259000 99.99 0.259000  0.149 0.000  0.406 0.000   0.568 0.000   6.128 0.000   2.989 0.000   3.138 0.000 0.016 0.000  0.204 0.000
360.25 361.25 9999.99 0.999 999.99 0.999000 9.999 0.999000 99.99 0.999000 99.999 0.999 99.999 0.999 999.999 0.999 999.999 0.999 999.999 0.999 999.999 0.999 9.999 0.999 99.999 0.999
363.25 364.25   13.74 0.000   7.29 0.000000 9.999 0.259000 99.99 0.259000  0.264 0.000  1.247 0.000   1.745 0.000   9.075 0.000   3.940 0.000   5.135 0.000 0.040 0.000  0.375 0.000
