scripts/IMPROVE-2019_partial/data/US9029R.20140102070000.20191216000000.filterpack...52w.3d.US03L_filterpack_US9029.US03L_IMPROVE_Davis.lev2.nas
52 1001
MISSING INFORMATION
US03L, IMPROVE, , , , , , , 
MISSING INFORMATION
IMPROVE sel_HTAP
1 1
2014 01 01 2019 12 16
3.000000
days from file reference point
5
1 1 1 1 1
999.999999 999.999 9.999 999.999 9.999
end_time of measurement, days from the file reference point
pm10_mass, ug/m3, Matrix=pm10
numflag pm10_mass, no unit, Matrix=pm10
pm25_mass, ug/m3, Matrix=pm25
numflag pm25_mass, no unit, Matrix=pm25
0
33
Data definition:              EBAS_1.1
Set type code:                TU
Timezone:                     UTC
File name:                    US9029R.20140102070000.20191216000000.filterpack...52w.3d.US03L_filterpack_US9029.US03L_IMPROVE_Davis.lev2.nas
File creation:                20191218120708
Startdate:                    20140102070000
Revision date:                20191216000000
Version:                      2
Version description:          "Data extracted from http://views.cira.colostate.edu/fed/DataWizard 2019-12-16"
Statistics:                   arithmetic mean
Data level:                   2
Period code:                  52w
Resolution code:              3d
Sample duration:              1d
Orig. time res.:              3d
Station code:                 US9029R
Platform code:                US9029S
Station name:                 North Absaroka
Station latitude:             44.7448
Station longitude:            -109.3816
Station altitude:             2482.0 m
Regime:                       IMG
Component:                    
Unit:                         ug/m3
Matrix:                       
Laboratory code:              US03L
Instrument type:              filterpack
Instrument name:              filterpack_US9029
Method ref:                   US03L_IMPROVE_Davis
Blank correction:             Blank corrected
Volume std. temperature:      ambient
Volume std. pressure:         ambient
starttime endtime PM10 flag_PM10 PM2.5 flag_PM2.5
  1.291667   2.291667   2.646 0.000   0.575 0.000
  4.291667   5.291667   1.757 0.000   0.645 0.000
  7.291667   8.291667   2.686 0.000   0.609 0.000
 10.291667  11.291667   2.498 0.000   0.514 0.000
 13.291667  14.291667   1.565 0.000   0.454 0.000
 16.291667  17.291667   2.166 0.000   1.109 0.000
 19.291667  20.291667   1.441 0.000   0.791 0.000
 22.291667  23.291667   3.115 0.000   0.795 0.000
 25.291667  26.291667   2.829 0.000   0.772 0.000
 28.291667  29.291667 999.999 0.999 999.999 0.999
 31.291667  32.291667 999.999 0.999 999.999 0.999
 34.291667  35.291667 999.999 0.999 999.999 0.999
 37.291667  38.291667   2.745 0.000   1.004 0.000
 40.291667  41.291667   1.318 0.000   0.288 0.000
 43.291667  44.291667   2.597 0.000   0.673 0.000
 46.291667  47.291667   3.961 0.000   0.998 0.000
 49.291667  50.291667   2.570 0.000   0.519 0.000
 52.291667  53.291667   2.047 0.000   1.884 0.000
 55.291667  56.291667   3.026 0.000   1.082 0.000
 58.291667  59.291667   3.581 0.000   2.537 0.000
 61.291667  62.291667   0.818 0.000   0.387 0.000
 64.291667  65.291667   1.219 0.000   0.507 0.000
 67.291667  68.291667   1.559 0.000   0.883 0.000
 70.291667  71.291667 999.999 0.999 999.999 0.999
 73.291667  74.291667   1.660 0.000   0.760 0.000
 76.291667  77.291667   1.303 0.000   0.684 0.000
 79.291667  80.291667   1.682 0.000   1.061 0.000
 82.291667  83.291667   3.412 0.000   2.863 0.000
 85.291667  86.291667   2.028 0.000   0.926 0.000
 88.291667  89.291667   0.387 0.000   0.226 0.000
 91.291667  92.291667   1.104 0.000   0.796 0.000
 94.291667  95.291667   1.816 0.000   1.105 0.000
 97.291667  98.291667   4.976 0.000   2.625 0.000
100.291667 101.291667   6.195 0.000   2.247 0.000
103.291667 104.291667   5.127 0.000   2.370 0.000
106.291667 107.291667   7.131 0.000   2.467 0.000
109.291667 110.291667   9.024 0.000   5.221 0.000
112.291667 113.291667   2.243 0.000   0.540 0.000
115.291667 116.291667   1.725 0.000   1.049 0.000
118.291667 119.291667   2.537 0.000   2.032 0.000
121.291667 122.291667   6.768 0.000   3.819 0.000
124.291667 125.291667  11.976 0.000   5.427 0.000
127.291667 128.291667   2.612 0.000   1.474 0.000
130.291667 131.291667   2.123 0.000   1.617 0.000
133.291667 134.291667   5.318 0.000   3.130 0.000
136.291667 137.291667   4.460 0.000   2.900 0.000
139.291667 140.291667   3.010 0.000   1.460 0.000
142.291667 143.291667   7.752 0.000   3.362 0.000
145.291667 146.291667   8.296 0.000   3.842 0.000
148.291667 149.291667 999.999 0.999 999.999 0.999
151.291667 152.291667   3.553 0.659   2.111 0.659
154.291667 155.291667 999.999 0.999 999.999 0.999
157.291667 158.291667   3.144 0.000   2.023 0.000
160.291667 161.291667   8.114 0.000   3.751 0.000
163.291667 164.291667  16.584 0.000   5.355 0.000
166.291667 167.291667   2.499 0.000   1.324 0.000
169.291667 170.291667   2.591 0.000   1.245 0.000
172.291667 173.291667   3.705 0.000   1.986 0.000
175.291667 176.291667 999.999 0.999 999.999 0.999
178.291667 179.291667 999.999 0.999 999.999 0.999
181.291667 182.291667 999.999 0.999 999.999 0.999
184.291667 185.291667   9.889 0.000   3.582 0.000
187.291667 188.291667   7.361 0.000   2.805 0.000
190.291667 191.291667   7.638 0.000   9.959 0.000
193.291667 194.291667 999.999 0.999  13.101 0.000
196.291667 197.291667 999.999 0.999 999.999 0.999
199.291667 200.291667  19.424 0.000  13.455 0.000
202.291667 203.291667  10.159 0.000   2.529 0.000
205.291667 206.291667   6.696 0.000   2.038 0.000
208.291667 209.291667   7.720 0.000   3.868 0.000
211.291667 212.291667   4.598 0.000   2.703 0.000
214.291667 215.291667 999.999 0.999 999.999 0.999
217.291667 218.291667   3.884 0.659   5.643 0.000
220.291667 221.291667   4.466 0.659   5.768 0.000
223.291667 224.291667   9.068 0.659   8.319 0.000
226.291667 227.291667   5.130 0.000   2.714 0.000
229.291667 230.291667   6.092 0.000   4.213 0.000
232.291667 233.291667   2.998 0.000   2.414 0.000
235.291667 236.291667   0.577 0.000   0.377 0.000
238.291667 239.291667   5.522 0.000   3.114 0.000
241.291667 242.291667   7.536 0.000   7.219 0.000
244.291667 245.291667   3.934 0.000   1.742 0.000
247.291667 248.291667   4.467 0.000   1.927 0.000
250.291667 251.291667   6.893 0.000   2.485 0.000
253.291667 254.291667   0.727 0.000   0.380 0.000
256.291667 257.291667   8.110 0.000   4.287 0.000
259.291667 260.291667   8.538 0.000 999.999 0.456
262.291667 263.291667   6.604 0.000   3.430 0.000
265.291667 266.291667 999.999 0.999 999.999 0.456
268.291667 269.291667   5.594 0.000   2.252 0.000
271.291667 272.291667   1.048 0.000   0.696 0.000
274.291667 275.291667   1.866 0.000   0.760 0.000
277.291667 278.291667   4.393 0.000   2.459 0.000
280.291667 281.291667   4.633 0.000   2.407 0.000
283.291667 284.291667   8.225 0.000   4.459 0.000
286.291667 287.291667   1.903 0.000   0.891 0.000
289.291667 290.291667   3.998 0.000   1.099 0.000
292.291667 293.291667   4.881 0.000   2.380 0.000
295.291667 296.291667   2.646 0.000   0.786 0.000
298.291667 299.291667   3.619 0.000   0.638 0.000
301.291667 302.291667 999.999 0.999 999.999 0.999
304.291667 305.291667   4.897 0.000   1.797 0.000
307.291667 308.291667   1.288 0.000   0.708 0.000
310.291667 311.291667   1.802 0.000   0.944 0.000
313.291667 314.291667   1.560 0.000   1.473 0.000
316.291667 317.291667   3.421 0.000   1.601 0.000
319.291667 320.291667   3.620 0.000   0.962 0.000
322.291667 323.291667   1.525 0.000   0.950 0.000
325.291667 326.291667   2.813 0.000   0.415 0.000
328.291667 329.291667   1.346 0.000   0.163 0.000
331.291667 332.291667   5.650 0.000   0.998 0.000
334.291667 335.291667   4.206 0.000   0.321 0.000
337.291667 338.291667   1.090 0.000   0.095 0.000
340.291667 341.291667   1.730 0.000   0.410 0.000
343.291667 344.291667   1.296 0.000   0.533 0.000
346.291667 347.291667   1.793 0.000   0.981 0.000
349.291667 350.291667   1.112 0.000   0.484 0.000
352.291667 353.291667   0.632 0.000   0.349 0.000
355.291667 356.291667   0.635 0.000   0.095 0.000
358.291667 359.291667 999.999 0.999 999.999 0.999
361.291667 362.291667 999.999 0.999 999.999 0.999
364.291667 365.291667   0.978 0.000   0.664 0.000
