scripts/IMPROVE-2019_partial/data/US9074R.19990102080000.20191216000000.filterpack...1y.3d.US03L_filterpack_US9074.US03L_IMPROVE_Davis.lev2.nas
52 1001
MISSING INFORMATION
US03L, IMPROVE, , , , , , , 
MISSING INFORMATION
IMPROVE sel_HTAP
1 1
1999 01 01 2019 12 16
0
days from file reference point
5
1 1 1 1 1
999.999999 999.999 9.999 999.999 9.999
end_time of measurement, days from the file reference point
pm10_mass, ug/m3, Matrix=pm10
numflag pm10_mass, no unit, Matrix=pm10
pm25_mass, ug/m3, Matrix=pm25
numflag pm25_mass, no unit, Matrix=pm25
0
33
Data definition:              EBAS_1.1
Set type code:                TI
Timezone:                     UTC
File name:                    US9074R.19990102080000.20191216000000.filterpack...1y.3d.US03L_filterpack_US9074.US03L_IMPROVE_Davis.lev2.nas
File creation:                20191218121035
Startdate:                    19990102080000
Revision date:                20191216000000
Version:                      2
Version description:          "Data extracted from http://views.cira.colostate.edu/fed/DataWizard 2019-12-16"
Statistics:                   arithmetic mean
Data level:                   2
Period code:                  1y
Resolution code:              3d
Sample duration:              1d
Orig. time res.:              3d
Station code:                 US9074R
Platform code:                US9074S
Station name:                 Three Sisters Wilderness
Station latitude:             44.291
Station longitude:            -122.0434
Station altitude:             885.0 m
Regime:                       IMG
Component:                    
Unit:                         ug/m3
Matrix:                       
Laboratory code:              US03L
Instrument type:              filterpack
Instrument name:              filterpack_US9074
Method ref:                   US03L_IMPROVE_Davis
Blank correction:             Blank corrected
Volume std. temperature:      ambient
Volume std. pressure:         ambient
starttime endtime PM10 flag_PM10 PM2.5 flag_PM2.5
  1.333333   2.333333   3.518 0.000   1.337 0.000
  5.333333   6.333333   2.615 0.000   1.888 0.000
  8.333333   9.333333   1.398 0.000 999.999 0.999
 12.333333  13.333333   0.681 0.000 999.999 0.999
 15.333333  16.333333   2.632 0.000   1.728 0.000
 19.333333  20.333333   3.279 0.000   0.860 0.000
 22.333333  23.333333   1.858 0.000   0.906 0.000
 26.333333  27.333333   6.561 0.000   2.424 0.000
 29.333333  30.333333   9.096 0.000   2.326 0.000
 33.333333  34.333333   2.315 0.000   1.382 0.000
 36.333333  37.333333   3.212 0.000   0.622 0.000
 40.333333  41.333333   1.689 0.000   1.147 0.000
 43.333333  44.333333   3.050 0.000   1.048 0.000
 47.333333  48.333333   5.287 0.000   1.943 0.000
 50.333333  51.333333   3.136 0.000   2.907 0.000
 54.333333  55.333333   1.828 0.000   1.136 0.000
 57.333333  58.333333 999.999 0.259   0.519 0.000
 61.333333  62.333333   1.564 0.000   0.965 0.000
 64.333333  65.333333   2.208 0.000   1.362 0.000
 68.333333  69.333333   1.702 0.000   0.721 0.000
 71.333333  72.333333   3.035 0.000   1.938 0.000
 75.333333  76.333333   5.197 0.000   3.061 0.000
 78.333333  79.333333   8.830 0.000   6.551 0.000
 82.333333  83.333333   1.482 0.000   0.880 0.000
 85.333333  86.333333   2.315 0.000   0.782 0.000
 89.333333  90.333333   3.148 0.000   0.848 0.000
 92.333333  93.333333   4.505 0.000   3.075 0.000
 96.333333  97.333333   6.178 0.000   4.455 0.000
 99.333333 100.333333   1.610 0.000   1.389 0.000
103.333333 104.333333   7.962 0.000   4.205 0.000
106.333333 107.333333  10.129 0.000   6.325 0.000
110.333333 111.333333   3.739 0.000   2.048 0.000
113.333333 114.333333   9.972 0.000   4.503 0.000
117.333333 118.333333   2.723 0.000   2.150 0.000
120.333333 121.333333   1.498 0.000   1.304 0.000
124.333333 125.333333   2.621 0.000   1.965 0.000
127.333333 128.333333   1.242 0.000   0.950 0.000
131.333333 132.333333   2.164 0.000   1.011 0.000
134.333333 135.333333   1.984 0.000   2.119 0.000
138.333333 139.333333   9.951 0.000   2.039 0.000
141.333333 142.333333   6.082 0.000   3.266 0.000
145.333333 146.333333   7.697 0.000   4.344 0.000
148.333333 149.333333  11.379 0.000   6.129 0.000
152.333333 153.333333   3.627 0.000   1.744 0.000
155.333333 156.333333   3.362 0.000   1.768 0.000
159.333333 160.333333   6.007 0.000   1.326 0.000
162.333333 163.333333  12.398 0.000   4.293 0.000
166.333333 167.333333  11.095 0.000   2.878 0.000
169.333333 170.333333   8.752 0.000   2.168 0.000
173.333333 174.333333   4.270 0.000 999.999 0.999
176.333333 177.333333   3.364 0.000   3.168 0.000
180.333333 181.333333   5.462 0.000   2.127 0.000
183.333333 184.333333   1.990 0.000   1.001 0.000
187.333333 188.333333   3.717 0.000   1.475 0.000
190.333333 191.333333  18.808 0.000  13.635 0.000
194.333333 195.333333  10.013 0.000   4.640 0.000
197.333333 198.333333   9.004 0.000   2.821 0.000
201.333333 202.333333   8.994 0.000   5.089 0.000
204.333333 205.333333   5.515 0.000   2.346 0.000
208.333333 209.333333  15.768 0.000  10.369 0.000
211.333333 212.333333  10.539 0.000   6.190 0.000
215.333333 216.333333  21.084 0.000   8.879 0.000
218.333333 219.333333   2.677 0.000   1.712 0.000
222.333333 223.333333   7.072 0.000   5.074 0.000
225.333333 226.333333   5.283 0.000   3.044 0.000
229.333333 230.333333  13.227 0.000   8.720 0.000
232.333333 233.333333  16.658 0.000  12.721 0.000
236.333333 237.333333  12.676 0.000   7.008 0.000
239.333333 240.333333  21.345 0.000  15.259 0.000
243.333333 244.333333   4.559 0.000   1.696 0.000
246.333333 247.333333  10.608 0.000   4.032 0.000
250.333333 251.333333  15.947 0.000   8.282 0.000
253.333333 254.333333  17.918 0.000   4.788 0.000
257.333333 258.333333  16.176 0.000  10.273 0.000
260.333333 261.333333  14.143 0.000   7.918 0.000
264.333333 265.333333  19.231 0.000   9.358 0.000
267.333333 268.333333   6.188 0.000   2.981 0.000
271.333333 272.333333   6.317 0.000   3.148 0.000
274.333333 275.333333  17.070 0.000   5.309 0.000
278.333333 279.333333   3.185 0.000   1.802 0.000
281.333333 282.333333   1.946 0.000   1.298 0.000
285.333333 286.333333   5.011 0.000   2.508 0.000
288.333333 289.333333   9.977 0.000   3.022 0.000
292.333333 293.333333  14.740 0.000   8.440 0.000
295.333333 296.333333  26.523 0.000  16.694 0.000
299.333333 300.333333   4.130 0.000   1.753 0.000
302.333333 303.333333   9.491 0.000   6.304 0.000
306.333333 307.333333  11.497 0.000   4.808 0.000
309.333333 310.333333   6.393 0.000   4.266 0.000
313.333333 314.333333   2.732 0.000   1.369 0.000
316.333333 317.333333   4.252 0.000   2.349 0.000
320.333333 321.333333 999.999 0.999 999.999 0.999
323.333333 324.333333 999.999 0.999 999.999 0.999
327.333333 328.333333 999.999 0.999 999.999 0.999
330.333333 331.333333   1.574 0.000   0.674 0.000
334.333333 335.333333   1.417 0.000   0.340 0.000
337.333333 338.333333   3.543 0.000   2.922 0.000
341.333333 342.333333   0.868 0.000   0.445 0.000
344.333333 345.333333 999.999 0.999   0.619 0.000
348.333333 349.333333 999.999 0.259 999.999 0.259
351.333333 352.333333   0.992 0.000   0.436 0.000
355.333333 356.333333   1.631 0.000   0.944 0.000
358.333333 359.333333   2.097 0.000   1.437 0.000
362.333333 363.333333   3.082 0.000   2.157 0.000
