scripts/IMPROVE-2019_partial/data/US9015R.20100102060000.20191216000000.filterpack...52w.3d.US03L_filterpack_US9015.US03L_IMPROVE_Davis.lev2.nas
52 1001
MISSING INFORMATION
US03L, IMPROVE, , , , , , , 
MISSING INFORMATION
IMPROVE sel_HTAP
1 1
2010 01 01 2019 12 16
3.00
days from file reference point
5
1 1 1 1 1
999.99 999.999 9.999 999.999 9.999
end_time of measurement, days from the file reference point
pm10_mass, ug/m3, Matrix=pm10
numflag pm10_mass, no unit, Matrix=pm10
pm25_mass, ug/m3, Matrix=pm25
numflag pm25_mass, no unit, Matrix=pm25
0
33
Data definition:              EBAS_1.1
Set type code:                TU
Timezone:                     UTC
File name:                    US9015R.20100102060000.20191216000000.filterpack...52w.3d.US03L_filterpack_US9015.US03L_IMPROVE_Davis.lev2.nas
File creation:                20191218120612
Startdate:                    20100102060000
Revision date:                20191216000000
Version:                      2
Version description:          "Data extracted from http://views.cira.colostate.edu/fed/DataWizard 2019-12-16"
Statistics:                   arithmetic mean
Data level:                   2
Period code:                  52w
Resolution code:              3d
Sample duration:              1d
Orig. time res.:              3d
Station code:                 US9015R
Platform code:                US9015S
Station name:                 Nebraska NF
Station latitude:             41.8888
Station longitude:            -100.3387
Station altitude:             883.0 m
Regime:                       IMG
Component:                    
Unit:                         ug/m3
Matrix:                       
Laboratory code:              US03L
Instrument type:              filterpack
Instrument name:              filterpack_US9015
Method ref:                   US03L_IMPROVE_Davis
Blank correction:             Blank corrected
Volume std. temperature:      ambient
Volume std. pressure:         ambient
starttime endtime PM10 flag_PM10 PM2.5 flag_PM2.5
  1.25   2.25  10.705 0.000   8.656 0.000
  4.25   5.25   8.811 0.000   8.026 0.000
  7.25   8.25   5.005 0.000   2.683 0.000
 10.25  11.25   1.881 0.000   1.522 0.000
 13.25  14.25   1.621 0.000   0.972 0.000
 16.25  17.25   4.029 0.000   1.520 0.000
 19.25  20.25   3.960 0.000   5.381 0.000
 22.25  23.25   2.346 0.000   1.911 0.000
 25.25  26.25   2.657 0.000   1.467 0.000
 28.25  29.25   8.119 0.000   3.840 0.000
 31.25  32.25  32.488 0.000  28.772 0.000
 34.25  35.25   4.518 0.000   4.577 0.000
 37.25  38.25   7.467 0.000   7.231 0.000
 40.25  41.25   9.074 0.000   8.330 0.000
 43.25  44.25   4.696 0.000   3.524 0.000
 46.25  47.25   1.224 0.000   0.717 0.000
 49.25  50.25   4.861 0.000   4.086 0.000
 52.25  53.25   6.339 0.000   5.465 0.000
 55.25  56.25   8.038 0.000   6.928 0.000
 58.25  59.25  12.108 0.000  12.111 0.000
 61.25  62.25  10.505 0.000   9.067 0.000
 64.25  65.25  10.391 0.000   9.497 0.000
 67.25  68.25   0.501 0.000   0.558 0.000
 70.25  71.25   3.058 0.000   2.593 0.000
 73.25  74.25   4.207 0.000   3.396 0.000
 76.25  77.25   6.602 0.000   2.754 0.000
 79.25  80.25   3.960 0.000   2.024 0.000
 82.25  83.25 999.999 0.456 999.999 0.456
 85.25  86.25 999.999 0.456 999.999 0.456
 88.25  89.25 999.999 0.456 999.999 0.456
 91.25  92.25 999.999 0.456 999.999 0.456
 94.25  95.25 999.999 0.456 999.999 0.456
 97.25  98.25 999.999 0.456 999.999 0.456
100.25 101.25 999.999 0.456 999.999 0.456
103.25 104.25   4.963 0.000   2.557 0.000
106.25 107.25  11.239 0.000   3.768 0.000
109.25 110.25   5.740 0.000   3.952 0.000
112.25 113.25   4.111 0.000   2.419 0.000
115.25 116.25   1.989 0.000   1.817 0.000
118.25 119.25   6.024 0.000   2.626 0.000
121.25 122.25   4.146 0.000   2.443 0.000
124.25 125.25 999.999 0.999 999.999 0.999
127.25 128.25   2.523 0.000   1.526 0.000
130.25 131.25   2.143 0.000   1.481 0.000
133.25 134.25   5.091 0.000   2.780 0.000
136.25 137.25   8.182 0.000   4.650 0.000
139.25 140.25  10.534 0.000   6.558 0.000
142.25 143.25  11.836 0.000   4.462 0.000
145.25 146.25   6.648 0.000   6.355 0.000
148.25 149.25  18.350 0.000  11.943 0.000
151.25 152.25   9.459 0.000   5.089 0.000
154.25 155.25   6.815 0.000   2.812 0.000
157.25 158.25   6.571 0.000   3.012 0.000
160.25 161.25   8.372 0.000   4.652 0.000
163.25 164.25   0.901 0.000   0.187 0.000
166.25 167.25  13.699 0.000   5.541 0.000
169.25 170.25   6.426 0.000   2.470 0.000
172.25 173.25  10.198 0.000   4.306 0.000
175.25 176.25  16.518 0.000   6.643 0.000
178.25 179.25   7.141 0.000   3.076 0.000
181.25 182.25  25.486 0.000   8.481 0.000
184.25 185.25   8.218 0.000   4.183 0.000
187.25 188.25   3.793 0.000   1.716 0.000
190.25 191.25  12.320 0.000   4.718 0.000
193.25 194.25  10.846 0.000   5.145 0.000
196.25 197.25  14.494 0.000   5.406 0.000
199.25 200.25   9.830 0.000   5.523 0.000
202.25 203.25   7.569 0.000   4.154 0.000
205.25 206.25   7.647 0.000   3.831 0.000
208.25 209.25  11.519 0.000   4.308 0.000
211.25 212.25  11.854 0.000   5.981 0.000
214.25 215.25   7.618 0.000   5.381 0.000
217.25 218.25   7.430 0.000   4.665 0.000
220.25 221.25   7.699 0.000   4.646 0.000
223.25 224.25  11.731 0.000   5.093 0.000
226.25 227.25   4.496 0.000   2.378 0.000
229.25 230.25  10.394 0.000   4.655 0.000
232.25 233.25   6.597 0.000   5.745 0.000
235.25 236.25  12.969 0.000   3.207 0.000
238.25 239.25  18.682 0.000   5.699 0.000
241.25 242.25  19.177 0.000  10.670 0.000
244.25 245.25   8.079 0.000   2.743 0.000
247.25 248.25  18.276 0.000 999.999 0.456
250.25 251.25  14.271 0.000   5.240 0.000
253.25 254.25   4.120 0.000   1.635 0.000
256.25 257.25  12.597 0.000   6.931 0.000
259.25 260.25   9.411 0.000   3.662 0.000
262.25 263.25  13.809 0.000   5.060 0.000
265.25 266.25   3.284 0.000   1.696 0.000
268.25 269.25   6.512 0.000   3.062 0.000
271.25 272.25  13.694 0.000   3.128 0.000
274.25 275.25   8.068 0.000   2.257 0.000
277.25 278.25  21.241 0.000   5.979 0.000
280.25 281.25  24.655 0.000   7.680 0.000
283.25 284.25   9.134 0.000   4.068 0.000
286.25 287.25   5.334 0.000   2.807 0.000
289.25 290.25  25.624 0.000   4.014 0.000
292.25 293.25   7.600 0.000 999.999 0.456
295.25 296.25   5.069 0.000 999.999 0.456
298.25 299.25 999.999 0.456   0.804 0.000
301.25 302.25 999.999 0.456   2.836 0.000
304.25 305.25 999.999 0.456   3.814 0.000
307.25 308.25   3.812 0.000   1.578 0.000
310.25 311.25  16.131 0.000   4.148 0.000
313.25 314.25   1.856 0.000   1.167 0.000
316.25 317.25   3.841 0.000   2.570 0.000
319.25 320.25   2.224 0.000   1.642 0.000
322.25 323.25   4.119 0.000   2.046 0.000
325.25 326.25   4.960 0.000   4.103 0.000
328.25 329.25 999.999 0.999 999.999 0.999
331.25 332.25 999.999 0.999 999.999 0.999
334.25 335.25   5.538 0.000   1.888 0.000
337.25 338.25   4.803 0.000   3.046 0.000
340.25 341.25  13.196 0.000   7.540 0.000
343.25 344.25   3.048 0.000   1.083 0.000
346.25 347.25   6.420 0.000   2.796 0.000
349.25 350.25   1.598 0.000   0.799 0.000
352.25 353.25  13.957 0.000  11.571 0.000
355.25 356.25   6.611 0.000   4.758 0.000
358.25 359.25   7.538 0.000   6.491 0.000
361.25 362.25   3.931 0.000   1.361 0.000
364.25 365.25   2.311 0.000   3.999 0.000
