scripts/IMPROVE-2019_partial/data/US9073R.20150103060000.20191216000000.filterpack...1y.3d.US03L_filterpack_US9073.US03L_IMPROVE_Davis.lev2.nas
51 1001
MISSING INFORMATION
US03L, IMPROVE, , , , , , , 
MISSING INFORMATION
IMPROVE sel_HTAP
1 1
2015 01 01 2019 12 16
3.00
days from file reference point
4
1 1 1 1
999.99 999.999 999.999 9.999
end_time of measurement, days from the file reference point
pm10_mass, ug/m3, Matrix=pm10
pm25_mass, ug/m3, Matrix=pm25
numflag, no unit
0
33
Data definition:              EBAS_1.1
Set type code:                TU
Timezone:                     UTC
File name:                    US9073R.20150103060000.20191216000000.filterpack...1y.3d.US03L_filterpack_US9073.US03L_IMPROVE_Davis.lev2.nas
File creation:                20191218121032
Startdate:                    20150103060000
Revision date:                20191216000000
Version:                      2
Version description:          "Data extracted from http://views.cira.colostate.edu/fed/DataWizard 2019-12-16"
Statistics:                   arithmetic mean
Data level:                   2
Period code:                  1y
Resolution code:              3d
Sample duration:              1d
Orig. time res.:              3d
Station code:                 US9073R
Platform code:                US9073S
Station name:                 Wichita Mountains
Station latitude:             34.7323
Station longitude:            -98.713
Station altitude:             509.0 m
Regime:                       IMG
Component:                    
Unit:                         ug/m3
Matrix:                       
Laboratory code:              US03L
Instrument type:              filterpack
Instrument name:              filterpack_US9073
Method ref:                   US03L_IMPROVE_Davis
Blank correction:             Blank corrected
Volume std. temperature:      ambient
Volume std. pressure:         ambient
starttime endtime PM10 PM2.5 flag
  2.25   3.25   2.997   2.661 0.000
  5.25   6.25   8.103   3.883 0.000
  8.25   9.25  10.115   2.595 0.000
 11.25  12.25  13.345   8.297 0.000
 14.25  15.25  10.300   4.907 0.000
 17.25  18.25  11.161   1.560 0.000
 20.25  21.25   4.908   1.072 0.000
 23.25  24.25   2.386   0.889 0.000
 26.25  27.25   4.500   1.050 0.000
 29.25  30.25  11.758   3.572 0.000
 32.25  33.25   2.437   1.175 0.000
 35.25  36.25   6.819   4.717 0.000
 38.25  39.25   8.323   3.399 0.000
 41.25  42.25  23.850  11.961 0.000
 44.25  45.25  10.732   2.532 0.000
 47.25  48.25   6.466   2.494 0.000
 50.25  51.25  15.824   8.065 0.000
 53.25  54.25  11.319   6.571 0.000
 56.25  57.25  11.804   3.003 0.000
 59.25  60.25  10.695   9.462 0.000
 62.25  63.25  13.189   6.263 0.000
 65.25  66.25   6.457   3.313 0.000
 68.25  69.25   4.210   2.460 0.000
 71.25  72.25  15.028   6.986 0.000
 74.25  75.25   6.465   2.134 0.000
 77.25  78.25   6.812   5.795 0.000
 80.25  81.25   4.219   2.860 0.000
 83.25  84.25  22.304   8.419 0.000
 86.25  87.25  13.613   5.758 0.000
 89.25  90.25  17.988   7.418 0.000
 92.25  93.25  24.564   3.614 0.000
 95.25  96.25  10.870   5.031 0.000
 98.25  99.25  25.946   8.746 0.000
101.25 102.25  12.594   8.603 0.000
104.25 105.25 999.999 999.999 0.999
107.25 108.25   7.402   2.925 0.000
110.25 111.25  10.018   4.072 0.000
113.25 114.25   9.202   2.956 0.000
116.25 117.25   5.670   3.260 0.000
119.25 120.25  10.974   4.727 0.000
122.25 123.25  15.845   7.903 0.000
125.25 126.25  12.432   5.907 0.000
128.25 129.25   8.566   4.470 0.000
131.25 132.25   8.149   3.274 0.000
134.25 135.25   9.850   5.157 0.000
137.25 138.25   9.522   4.103 0.000
140.25 141.25   5.737   3.063 0.000
143.25 144.25   4.846   2.220 0.000
146.25 147.25  14.580   7.283 0.000
149.25 150.25   9.553   3.012 0.000
152.25 153.25  12.742   6.143 0.000
155.25 156.25  18.468   9.588 0.000
158.25 159.25  10.715   3.399 0.000
161.25 162.25  17.793   6.249 0.000
164.25 165.25   8.672   3.855 0.000
167.25 168.25  16.896   7.559 0.000
170.25 171.25  19.265   8.387 0.000
173.25 174.25  61.775  22.096 0.000
176.25 177.25  14.777   5.447 0.000
179.25 180.25   9.492   4.059 0.000
182.25 183.25  13.742   6.228 0.000
185.25 186.25  31.821  12.044 0.000
188.25 189.25  13.752  10.762 0.000
191.25 192.25  38.778  16.505 0.000
194.25 195.25  40.103  17.858 0.000
197.25 198.25  18.423   7.982 0.000
200.25 201.25  20.746   9.127 0.000
203.25 204.25  21.178  10.954 0.000
206.25 207.25  18.627   9.785 0.000
209.25 210.25  30.420  13.138 0.000
212.25 213.25  11.539   7.795 0.000
215.25 216.25  19.585  11.731 0.000
218.25 219.25  22.802  10.039 0.000
221.25 222.25  22.080   8.935 0.000
224.25 225.25  18.010   8.235 0.000
227.25 228.25  18.304  11.500 0.000
230.25 231.25   7.735   3.610 0.000
233.25 234.25  14.126   7.700 0.000
236.25 237.25  17.625   9.832 0.000
239.25 240.25  23.362  13.327 0.000
242.25 243.25  19.651  12.233 0.000
245.25 246.25  12.168   4.596 0.000
248.25 249.25  22.824   9.607 0.000
251.25 252.25   7.520   3.803 0.000
254.25 255.25  11.230   3.590 0.000
257.25 258.25  16.697   7.216 0.000
260.25 261.25  15.805   4.995 0.000
263.25 264.25  13.879   7.650 0.000
266.25 267.25  14.129   7.856 0.000
269.25 270.25  18.967  10.941 0.000
272.25 273.25  25.536   9.949 0.000
275.25 276.25  13.814   4.186 0.000
278.25 279.25  10.516   3.979 0.000
281.25 282.25  18.293   7.799 0.000
284.25 285.25  30.570   4.785 0.000
287.25 288.25  25.155   8.535 0.000
290.25 291.25  23.514   7.539 0.000
293.25 294.25  18.973   6.823 0.000
296.25 297.25   6.512   2.353 0.000
299.25 300.25   8.631   4.267 0.000
302.25 303.25   5.449   3.373 0.000
305.25 306.25   7.271   5.216 0.000
308.25 309.25  15.952   4.983 0.000
311.25 312.25   6.997   3.333 0.000
314.25 315.25  16.559   3.097 0.000
317.25 318.25  10.416   4.104 0.000
320.25 321.25   6.303   1.255 0.000
323.25 324.25  12.993   4.872 0.000
326.25 327.25   8.263   2.266 0.000
329.25 330.25   3.906   1.704 0.000
332.25 333.25   0.640   0.311 0.000
335.25 336.25   3.874   1.897 0.000
338.25 339.25   9.249   6.024 0.000
341.25 342.25  10.943   5.062 0.000
344.25 345.25  15.227   4.740 0.000
347.25 348.25   2.937   1.281 0.000
350.25 351.25  13.560   7.897 0.000
353.25 354.25   9.215   4.201 0.000
356.25 357.25  10.452   1.704 0.000
359.25 360.25  10.900   8.404 0.000
362.25 363.25 999.999 999.999 0.999
