scripts/IMPROVE-2019_partial/data/US9062R.20050101060000.20191216000000.filterpack..pm25.52w.1w.US03L_filterpack_US9062.US03L_IMPROVE_Davis.lev2.nas
66 1001
MISSING INFORMATION
US03L, IMPROVE, , , , , , , 
MISSING INFORMATION
IMPROVE sel_HTAP
1 1
2005 01 01 2019 12 16
3.00
days from file reference point
27
1 1 1 1 1 1 1 1 1 1 1 1 1 1 1 1 1 1 1 1 1 1 1 1 1 1 1
999.99 9999.99 9.999 99.99 9.999 9.999 9.999 99.99 9.999 99.999 9.999 99.999 9.999 99.999 9.999 999.99 9.999 999.999 9.999 999.999 9.999 999.999 9.999 9.999 9.999 99.999 9.999
end_time of measurement, days from the file reference point
iron, ng/m3, Revision date=20181210133000
numflag iron, no unit, Revision date=20181210133000
lead, ng/m3, Revision date=20181210133000
numflag lead, no unit, Revision date=20181210133000
magnesium, ug/m3, Revision date=20181210133000
numflag magnesium, no unit, Revision date=20181210133000
nickel, ng/m3, Revision date=20181210133000
numflag nickel, no unit, Revision date=20181210133000
nitrate, ug N/m3, Revision date=20181210133000
numflag nitrate, no unit, Revision date=20181210133000
organic_carbon, ug C/m3, Revision date=20181210133000
numflag organic_carbon, no unit, Revision date=20181210133000
organic_mass, ug/m3, Revision date=20181210133000
numflag organic_mass, no unit, Revision date=20181210133000
phosphorus, ng/m3, Revision date=20181210133000
numflag phosphorus, no unit, Revision date=20181210133000
pm10_mass, ug/m3, Version=2, Version description=Data extracted from http://views.cira.colostate.edu/fed/DataWizard 2019-12-16, Sample duration=1d, Orig. time res.=3d, Matrix=pm10, Blank correction=Blank corrected, Volume std. temperature=ambient, Volume std. pressure=ambient
numflag pm10_mass, no unit, Version=2, Version description=Data extracted from http://views.cira.colostate.edu/fed/DataWizard 2019-12-16, Sample duration=1d, Orig. time res.=3d, Matrix=pm10, Blank correction=Blank corrected, Volume std. temperature=ambient, Volume std. pressure=ambient
pm10_pm25_mass, ug/m3, Revision date=20181210133000, Matrix=pm10_pm25
numflag pm10_pm25_mass, no unit, Revision date=20181210133000, Matrix=pm10_pm25
pm25_mass, ug/m3, Version=2, Version description=Data extracted from http://views.cira.colostate.edu/fed/DataWizard 2019-12-16, Sample duration=1d, Orig. time res.=3d, Blank correction=Blank corrected, Volume std. temperature=ambient, Volume std. pressure=ambient
numflag pm25_mass, no unit, Version=2, Version description=Data extracted from http://views.cira.colostate.edu/fed/DataWizard 2019-12-16, Sample duration=1d, Orig. time res.=3d, Blank correction=Blank corrected, Volume std. temperature=ambient, Volume std. pressure=ambient
potassium, ug/m3, Revision date=20181210133000
numflag potassium, no unit, Revision date=20181210133000
sulphate_total, ug S/m3, Revision date=20181210133000
numflag sulphate_total, no unit, Revision date=20181210133000
0
25
Data definition:              EBAS_1.1
Set type code:                TU
Timezone:                     UTC
File name:                    US9062R.20050101060000.20191216000000.filterpack..pm25.52w.1w.US03L_filterpack_US9062.US03L_IMPROVE_Davis.lev2.nas
File creation:                20191218120938
Startdate:                    20050101060000
Revision date:                20191216000000
Statistics:                   arithmetic mean
Data level:                   2
Period code:                  52w
Resolution code:              1w
Station code:                 US9062R
Platform code:                US9062S
Station name:                 Voyageurs NP #2
Station latitude:             48.4126
Station longitude:            -92.8286
Station altitude:             429.0 m
Regime:                       IMG
Component:                    
Matrix:                       pm25
Laboratory code:              US03L
Instrument type:              filterpack
Instrument name:              filterpack_US9062
Method ref:                   US03L_IMPROVE_Davis
starttime endtime Fe flag_Fe Pb flag_Pb Mg++ flag_Mg++ Ni flag_Ni NO3- flag_NO3- OC flag_OC OM flag_OM P flag_P PM10 flag_PM10 PM10-PM2.5 flag_PM10-PM2.5 PM2.5 flag_PM2.5 K+ flag_K+ SO4-- flag_SO4--
[from data line 88]
264.25 265.25    3.43 0.000  1.06 0.000 0.008 0.000 99.99 0.259  0.001 0.000  0.193 0.000  0.348 0.000 999.99 0.259   2.986 0.000   1.460 0.000   1.502 0.000 0.005 0.000  0.200 0.000
267.25 268.25    2.51 0.000  0.53 0.000 9.999 0.259 99.99 0.259  0.003 0.000  0.577 0.000  1.039 0.000 999.99 0.259   3.452 0.000   1.952 0.000   1.470 0.000 0.006 0.000  0.083 0.000
270.25 271.25    4.25 0.000  0.66 0.000 9.999 0.259 99.99 0.259  0.004 0.000  0.261 0.000  0.469 0.000 999.99 0.259   3.298 0.000   2.011 0.000   1.300 0.000 0.010 0.000  0.095 0.000
273.25 274.25   57.15 0.000  1.14 0.000 9.999 0.259 99.99 0.259  0.039 0.000  1.729 0.000  3.112 0.000 999.99 0.259  15.490 0.000   9.947 0.000   5.402 0.000 0.079 0.000  0.259 0.000
276.25 277.25    2.16 0.000  0.31 0.000 0.011 0.000 99.99 0.259  0.002 0.000  0.332 0.000  0.598 0.000 999.99 0.259 999.999 0.456   1.328 0.000   1.422 0.000 0.008 0.000  0.142 0.000
279.25 280.25    2.52 0.000  0.23 0.000 0.004 0.000 99.99 0.259  0.004 0.000  0.440 0.000  0.792 0.000 999.99 0.259   1.135 0.000   0.199 0.000   0.928 0.000 0.005 0.000  0.069 0.000
282.25 283.25   24.28 0.000  0.70 0.000 9.999 0.259 99.99 0.259  0.022 0.000  1.094 0.000  1.969 0.000 999.99 0.259   4.551 0.000   1.406 0.000   3.110 0.000 0.023 0.000  0.201 0.000
285.25 286.25   45.36 0.000  2.12 0.000 9.999 0.259  0.36 0.000  0.097 0.000  0.905 0.000  1.629 0.000 999.99 0.259  10.534 0.000   2.940 0.000   7.516 0.000 0.046 0.000  1.152 0.000
288.25 289.25   12.19 0.000  0.58 0.000 9.999 0.259 99.99 0.259  0.006 0.000  0.504 0.000  0.907 0.000 999.99 0.259   3.387 0.000   1.355 0.000   2.004 0.000 0.012 0.000  0.219 0.000
291.25 292.25    1.32 0.000  0.28 0.000 0.006 0.000 99.99 0.259  0.054 0.000  0.306 0.000  0.552 0.000 999.99 0.259   1.758 0.000   0.530 0.000   1.232 0.000 0.013 0.000  0.140 0.000
294.25 295.25    2.67 0.000  0.24 0.000 0.009 0.000 99.99 0.259  0.018 0.000  0.855 0.000  1.539 0.000 999.99 0.259   4.081 0.000   1.203 0.000   2.847 0.000 0.028 0.000  0.241 0.000
297.25 298.25   14.43 0.000  0.63 0.000 9.999 0.259 99.99 0.259  0.014 0.000  0.783 0.000  1.409 0.000 999.99 0.259   3.174 0.000   1.093 0.000   2.070 0.000 0.020 0.000  0.148 0.000
300.25 301.25   78.17 0.000  1.70 0.000 0.017 0.000  0.10 0.000  0.435 0.000  1.452 0.000  2.613 0.000 999.99 0.259  14.906 0.000   8.931 0.000   5.841 0.000 0.035 0.000  0.465 0.000
303.25 304.25    5.70 0.000  0.79 0.000 9.999 0.259 99.99 0.259  0.021 0.000  0.561 0.000  1.009 0.000 999.99 0.259   5.569 0.000   1.539 0.000   3.989 0.000 0.040 0.000  0.552 0.000
306.25 307.25    3.29 0.000  0.31 0.000 9.999 0.259 99.99 0.259  0.043 0.000  0.527 0.000  0.948 0.000 999.99 0.259   2.868 0.000   1.121 0.000   1.725 0.000 0.025 0.000  0.186 0.000
309.25 310.25   16.00 0.000  0.63 0.000 9.999 0.259 99.99 0.259  0.086 0.000  0.597 0.000  1.074 0.000 999.99 0.259   3.873 0.000   1.309 0.000   2.563 0.000 0.020 0.000  0.324 0.000
312.25 313.25    1.64 0.000  0.41 0.000 9.999 0.259 99.99 0.259  0.028 0.000  0.298 0.000  0.537 0.000 999.99 0.259   2.108 0.000   0.811 0.000   1.299 0.000 0.006 0.000  0.179 0.000
315.25 316.25   55.36 0.000  1.36 0.000 9.999 0.259 99.99 0.259  0.059 0.000  1.769 0.000  3.185 0.000 999.99 0.259   9.235 0.000   4.033 0.000   5.127 0.000 0.077 0.000  0.194 0.000
318.25 319.25    6.80 0.000  0.52 0.000 9.999 0.259 99.99 0.259  0.027 0.000  0.611 0.000  1.100 0.000 999.99 0.259   2.776 0.000   0.506 0.000   2.260 0.000 0.018 0.000  0.238 0.000
321.25 322.25   14.63 0.000  0.76 0.000 0.010 0.000 99.99 0.259  0.368 0.000  0.657 0.000  1.182 0.000 999.99 0.259   6.271 0.000   0.796 0.000   5.433 0.000 0.027 0.000  0.458 0.000
324.25 325.25    3.00 0.000  0.33 0.000 9.999 0.259 99.99 0.259  0.010 0.000  0.248 0.000  0.446 0.000 999.99 0.259   1.260 0.000   0.322 0.000   0.929 0.000 0.011 0.000  0.067 0.000
327.25 328.25    1.45 0.000  0.34 0.000 9.999 0.259  0.14 0.000  0.008 0.000  0.092 0.000  0.166 0.000 999.99 0.259   1.748 0.000   0.795 0.000   0.939 0.000 0.008 0.000  0.112 0.000
330.25 331.25   19.25 0.000  2.46 0.000 9.999 0.259 99.99 0.259  0.528 0.000  1.111 0.000  2.000 0.000 999.99 0.259  10.636 0.000   2.620 0.000   7.939 0.000 0.045 0.000  0.605 0.000
333.25 334.25    1.80 0.000  0.65 0.000 0.012 0.000 99.99 0.259  0.039 0.000  0.251 0.000  0.452 0.000 999.99 0.259   1.637 0.000   0.589 0.000   1.048 0.000 0.010 0.000  0.104 0.000
336.25 337.25    2.87 0.000  0.98 0.000 9.999 0.259 99.99 0.259  0.073 0.000  0.404 0.000  0.727 0.000 999.99 0.259   2.224 0.000   0.539 0.000   1.669 0.000 0.017 0.000  0.139 0.000
339.25 340.25    4.28 0.000  0.23 0.000 0.029 0.000  0.23 0.000  0.048 0.000  0.176 0.000  0.317 0.000 999.99 0.259   2.435 0.000   1.012 0.000   1.417 0.000 0.014 0.000  0.138 0.000
342.25 343.25    8.33 0.000  1.26 0.000 0.010 0.000 99.99 0.259  0.345 0.000  0.958 0.000  1.725 0.000 999.99 0.259   6.272 0.000   1.264 0.000   4.964 0.000 0.029 0.000  0.394 0.000
345.25 346.25    9.29 0.000  0.63 0.000 0.008 0.000  0.36 0.000  0.045 0.000  0.754 0.000  1.357 0.000 999.99 0.259   4.453 0.000   0.889 0.000   3.533 0.000 0.028 0.000  0.475 0.000
348.25 349.25    6.80 0.000  1.31 0.000 9.999 0.259  0.23 0.000  0.015 0.000  0.473 0.000  0.852 0.000 999.99 0.259   2.966 0.000   0.193 0.000   2.754 0.000 0.014 0.000  0.454 0.000
351.25 352.25    1.83 0.000  0.30 0.000 9.999 0.259 99.99 0.259  0.048 0.000  0.364 0.000  0.655 0.000 999.99 0.259   1.681 0.000   0.495 0.000   1.173 0.000 0.013 0.000  0.165 0.000
354.25 355.25    9.16 0.000  0.49 0.000 9.999 0.259 99.99 0.259  0.103 0.000  0.364 0.000  0.656 0.000 999.99 0.259   4.331 0.000   0.609 0.000   3.718 0.000 0.013 0.000  0.480 0.000
357.25 358.25    6.85 0.000  0.27 0.000 9.999 0.259  0.16 0.000  0.063 0.000  0.475 0.000  0.856 0.000 999.99 0.259   1.643 0.000 999.999 0.259   1.643 0.000 0.008 0.000  0.187 0.000
360.25 361.25    1.36 0.000  0.21 0.000 9.999 0.259 99.99 0.259  0.261 0.000  0.564 0.000  1.014 0.000 999.99 0.259   4.430 0.000   0.418 0.000   3.983 0.000 0.013 0.000  0.461 0.000
363.25 364.25    1.43 0.000  0.33 0.000 0.026 0.000  0.10 0.000  0.058 0.000  0.186 0.000  0.335 0.000 999.99 0.259   2.875 0.000   0.935 0.000   1.918 0.000 0.019 0.000  0.152 0.000
