scripts/IMPROVE-2019_partial/data/US9073R.20070103060000.20191216000000.filterpack...1y.3d.US03L_filterpack_US9073.US03L_IMPROVE_Davis.lev2.nas
52 1001
MISSING INFORMATION
US03L, IMPROVE, , , , , , , 
MISSING INFORMATION
IMPROVE sel_HTAP
1 1
2007 01 01 2019 12 16
3.00
days from file reference point
5
1 1 1 1 1
999.99 999.999 9.999 999.999 9.999
end_time of measurement, days from the file reference point
pm10_mass, ug/m3, Matrix=pm10
numflag pm10_mass, no unit, Matrix=pm10
pm25_mass, ug/m3, Matrix=pm25
numflag pm25_mass, no unit, Matrix=pm25
0
33
Data definition:              EBAS_1.1
Set type code:                TU
Timezone:                     UTC
File name:                    US9073R.20070103060000.20191216000000.filterpack...1y.3d.US03L_filterpack_US9073.US03L_IMPROVE_Davis.lev2.nas
File creation:                20191218121031
Startdate:                    20070103060000
Revision date:                20191216000000
Version:                      2
Version description:          "Data extracted from http://views.cira.colostate.edu/fed/DataWizard 2019-12-16"
Statistics:                   arithmetic mean
Data level:                   2
Period code:                  1y
Resolution code:              3d
Sample duration:              1d
Orig. time res.:              3d
Station code:                 US9073R
Platform code:                US9073S
Station name:                 Wichita Mountains
Station latitude:             34.7323
Station longitude:            -98.713
Station altitude:             509.0 m
Regime:                       IMG
Component:                    
Unit:                         ug/m3
Matrix:                       
Laboratory code:              US03L
Instrument type:              filterpack
Instrument name:              filterpack_US9073
Method ref:                   US03L_IMPROVE_Davis
Blank correction:             Blank corrected
Volume std. temperature:      ambient
Volume std. pressure:         ambient
starttime endtime PM10 flag_PM10 PM2.5 flag_PM2.5
  2.25   3.25 999.999 0.999 999.999 0.999
  5.25   6.25 999.999 0.999 999.999 0.999
  8.25   9.25 999.999 0.999 999.999 0.999
 11.25  12.25   9.105 0.000   6.196 0.000
 14.25  15.25   5.270 0.000   4.217 0.000
 17.25  18.25   6.455 0.000   4.871 0.000
 20.25  21.25   5.740 0.000   5.376 0.000
 23.25  24.25   9.507 0.000   7.688 0.000
 26.25  27.25   3.522 0.000   3.964 0.000
 29.25  30.25   7.536 0.000   2.617 0.000
 32.25  33.25   7.703 0.000   4.795 0.000
 35.25  36.25  14.104 0.000   9.508 0.000
 38.25  39.25  40.230 0.000  30.206 0.000
 41.25  42.25  27.641 0.000  19.708 0.000
 44.25  45.25  11.975 0.000  10.354 0.000
 47.25  48.25   2.999 0.000   1.196 0.000
 50.25  51.25  21.014 0.000   5.271 0.000
 53.25  54.25  14.980 0.000   8.016 0.000
 56.25  57.25  12.643 0.000   3.546 0.000
 59.25  60.25  10.842 0.000   5.449 0.000
 62.25  63.25   7.997 0.000   2.130 0.000
 65.25  66.25  26.727 0.000  11.084 0.000
 68.25  69.25  15.506 0.000   6.998 0.000
 71.25  72.25   8.928 0.000   7.108 0.000
 74.25  75.25   9.636 0.000   3.839 0.000
 77.25  78.25  15.491 0.000   9.901 0.000
 80.25  81.25  14.312 0.000   7.795 0.000
 83.25  84.25  12.317 0.000   5.630 0.000
 86.25  87.25  14.268 0.000   7.843 0.000
 89.25  90.25   4.176 0.000   1.704 0.000
 92.25  93.25  12.994 0.000   5.162 0.000
 95.25  96.25  12.979 0.000   8.788 0.000
 98.25  99.25  16.493 0.000  10.802 0.000
101.25 102.25   9.884 0.000   3.364 0.000
104.25 105.25   3.919 0.000   2.783 0.000
107.25 108.25  11.133 0.000   8.976 0.000
110.25 111.25  19.995 0.000  14.076 0.000
113.25 114.25  16.913 0.000  10.908 0.000
116.25 117.25   9.935 0.000   3.962 0.000
119.25 120.25   6.464 0.000   3.789 0.000
122.25 123.25   7.972 0.000   4.346 0.000
125.25 126.25  20.462 0.000  12.620 0.000
128.25 129.25 999.999 0.999 999.999 0.999
131.25 132.25  11.997 0.000   6.652 0.000
134.25 135.25  13.415 0.000   6.475 0.000
137.25 138.25  13.197 0.000   7.480 0.000
140.25 141.25  16.368 0.000  11.957 0.000
143.25 144.25  11.257 0.000   6.084 0.000
146.25 147.25   5.236 0.000   2.244 0.000
149.25 150.25   6.702 0.000   2.986 0.000
152.25 153.25   8.439 0.000   4.188 0.000
155.25 156.25  12.880 0.000   6.442 0.000
158.25 159.25  29.043 0.000   6.071 0.000
161.25 162.25  35.768 0.000  14.725 0.000
164.25 165.25   8.831 0.000   5.121 0.000
167.25 168.25   6.142 0.000   2.984 0.000
170.25 171.25   4.566 0.000   2.027 0.000
173.25 174.25 999.999 0.456   9.337 0.000
176.25 177.25   7.563 0.000   2.743 0.000
179.25 180.25   2.853 0.000   1.014 0.000
182.25 183.25   6.677 0.000   3.692 0.000
185.25 186.25 999.999 0.999 999.999 0.999
188.25 189.25  10.601 0.000   6.210 0.000
191.25 192.25 999.999 0.999 999.999 0.999
194.25 195.25   8.555 0.000   4.374 0.000
197.25 198.25  14.787 0.000   9.181 0.000
200.25 201.25  11.322 0.000   5.240 0.000
203.25 204.25  24.492 0.000  11.252 0.000
206.25 207.25  14.408 0.000   8.544 0.000
209.25 210.25  15.635 0.000   9.677 0.000
212.25 213.25  15.854 0.000   8.668 0.000
215.25 216.25  22.998 0.000  17.696 0.000
218.25 219.25  22.193 0.000  10.021 0.000
221.25 222.25  30.083 0.000  12.925 0.000
224.25 225.25  24.585 0.000  13.439 0.000
227.25 228.25  33.712 0.000  24.803 0.000
230.25 231.25  17.145 0.000   8.909 0.000
233.25 234.25  13.200 0.000   6.320 0.000
236.25 237.25  12.213 0.000   5.763 0.000
239.25 240.25  19.058 0.000  11.363 0.000
242.25 243.25  18.904 0.000   9.234 0.000
245.25 246.25  23.720 0.000  17.578 0.000
248.25 249.25  13.040 0.000   6.554 0.000
251.25 252.25  11.786 0.000   7.669 0.000
254.25 255.25   7.965 0.000   3.796 0.000
257.25 258.25  19.901 0.000   7.552 0.000
260.25 261.25  15.032 0.000   9.330 0.000
263.25 264.25  21.886 0.000  13.409 0.000
266.25 267.25  24.252 0.000  16.326 0.000
269.25 270.25  10.529 0.000   5.652 0.000
272.25 273.25  14.103 0.000   6.139 0.000
275.25 276.25  15.390 0.000   7.589 0.000
278.25 279.25  12.374 0.000   8.450 0.000
281.25 282.25   6.833 0.000   3.476 0.000
284.25 285.25  20.387 0.000   9.916 0.000
287.25 288.25   4.780 0.000   2.275 0.000
290.25 291.25  17.154 0.000   3.173 0.000
293.25 294.25  18.503 0.000   5.141 0.000
296.25 297.25 999.999 0.999 999.999 0.999
299.25 300.25 999.999 0.999 999.999 0.999
302.25 303.25 999.999 0.999 999.999 0.999
305.25 306.25 999.999 0.999 999.999 0.999
308.25 309.25 999.999 0.999 999.999 0.999
311.25 312.25  23.553 0.000   8.874 0.000
314.25 315.25  15.674 0.000   7.516 0.000
317.25 318.25  37.583 0.000   6.293 0.000
320.25 321.25  27.796 0.000   6.290 0.000
323.25 324.25  18.470 0.000   7.936 0.000
326.25 327.25  11.441 0.000   5.474 0.000
329.25 330.25  10.370 0.000   7.077 0.000
332.25 333.25  11.146 0.000   3.030 0.000
335.25 336.25  10.311 0.000   6.335 0.000
338.25 339.25  17.773 0.000   6.519 0.000
341.25 342.25   7.054 0.000   6.246 0.000
344.25 345.25   1.374 0.000   0.777 0.000
347.25 348.25   5.721 0.000   4.834 0.000
350.25 351.25   4.856 0.000   2.697 0.000
353.25 354.25   6.533 0.000   3.609 0.000
356.25 357.25   4.610 0.000   1.565 0.000
359.25 360.25   5.535 0.000   4.311 0.000
362.25 363.25   8.921 0.000   6.823 0.000
