scripts/IMPROVE-2019_partial/data/US9058R.20030103060000.20191216000000.filterpack..pm25.1y.1w.US03L_filterpack_US9058.US03L_IMPROVE_Davis.lev2.nas
64 1001
MISSING INFORMATION
US03L, IMPROVE, , , , , , , 
MISSING INFORMATION
IMPROVE sel_HTAP
1 1
2003 01 01 2019 12 16
3.00
days from file reference point
25
1 1 1 1 1 1 1 1 1 1 1 1 1 1 1 1 1 1 1 1 1 1 1 1 1
999.99 9999.99 9.999 999.99 9.999 9.999 9.999999 9.99 9.999999 99.999 9.999 999.999 9.999 999.999 9.999 999.999 9.999 999.999 9.999 999.999 9.999 9.999 9.999 99.999 9.999
end_time of measurement, days from the file reference point
iron, ng/m3, Revision date=20181210133000
numflag iron, no unit, Revision date=20181210133000
lead, ng/m3, Revision date=20181210133000
numflag lead, no unit, Revision date=20181210133000
magnesium, ug/m3, Revision date=20181210133000
numflag magnesium, no unit, Revision date=20181210133000
nickel, ng/m3, Revision date=20181210133000
numflag nickel, no unit, Revision date=20181210133000
nitrate, ug N/m3, Revision date=20181210133000
numflag nitrate, no unit, Revision date=20181210133000
organic_carbon, ug C/m3, Revision date=20181210133000
numflag organic_carbon, no unit, Revision date=20181210133000
organic_mass, ug/m3, Revision date=20181210133000
numflag organic_mass, no unit, Revision date=20181210133000
pm10_mass, ug/m3, Version=2, Version description=Data extracted from http://views.cira.colostate.edu/fed/DataWizard 2019-12-16, Sample duration=1d, Orig. time res.=3d, Matrix=pm10, Blank correction=Blank corrected, Volume std. temperature=ambient, Volume std. pressure=ambient
numflag pm10_mass, no unit, Version=2, Version description=Data extracted from http://views.cira.colostate.edu/fed/DataWizard 2019-12-16, Sample duration=1d, Orig. time res.=3d, Matrix=pm10, Blank correction=Blank corrected, Volume std. temperature=ambient, Volume std. pressure=ambient
pm10_pm25_mass, ug/m3, Revision date=20181210133000, Matrix=pm10_pm25
numflag pm10_pm25_mass, no unit, Revision date=20181210133000, Matrix=pm10_pm25
pm25_mass, ug/m3, Version=2, Version description=Data extracted from http://views.cira.colostate.edu/fed/DataWizard 2019-12-16, Sample duration=1d, Orig. time res.=3d, Blank correction=Blank corrected, Volume std. temperature=ambient, Volume std. pressure=ambient
numflag pm25_mass, no unit, Version=2, Version description=Data extracted from http://views.cira.colostate.edu/fed/DataWizard 2019-12-16, Sample duration=1d, Orig. time res.=3d, Blank correction=Blank corrected, Volume std. temperature=ambient, Volume std. pressure=ambient
potassium, ug/m3, Revision date=20181210133000
numflag potassium, no unit, Revision date=20181210133000
sulphate_total, ug S/m3, Revision date=20181210133000
numflag sulphate_total, no unit, Revision date=20181210133000
0
25
Data definition:              EBAS_1.1
Set type code:                TU
Timezone:                     UTC
File name:                    US9058R.20030103060000.20191216000000.filterpack..pm25.1y.1w.US03L_filterpack_US9058.US03L_IMPROVE_Davis.lev2.nas
File creation:                20191218120922
Startdate:                    20030103060000
Revision date:                20191216000000
Statistics:                   arithmetic mean
Data level:                   2
Period code:                  1y
Resolution code:              1w
Station code:                 US9058R
Platform code:                US9058S
Station name:                 Tallgrass
Station latitude:             38.4341
Station longitude:            -96.5602
Station altitude:             390.0 m
Regime:                       IMG
Component:                    
Matrix:                       pm25
Laboratory code:              US03L
Instrument type:              filterpack
Instrument name:              filterpack_US9058
Method ref:                   US03L_IMPROVE_Davis
starttime endtime Fe flag_Fe Pb flag_Pb Mg++ flag_Mg++ Ni flag_Ni NO3- flag_NO3- OC flag_OC OM flag_OM PM10 flag_PM10 PM10-PM2.5 flag_PM10-PM2.5 PM2.5 flag_PM2.5 K+ flag_K+ SO4-- flag_SO4--
[from data line 90]
272.25 273.25   13.05 0.000   0.39 0.000 9.999 0.259000 9.99 0.259000  0.097 0.559   0.253 0.000   0.354 0.000   5.024 0.000   2.285 0.000   2.739 0.000 0.015 0.000  0.260 0.559
275.25 276.25   37.75 0.000   1.92 0.000 0.023 0.000000 0.14 0.000000  0.124 0.559   2.358 0.000   3.301 0.000  14.134 0.000   3.934 0.000  10.200 0.000 0.078 0.000  0.869 0.559
278.25 279.25   18.76 0.000   1.07 0.000 0.018 0.000000 9.99 0.259000  0.067 0.000   1.094 0.000   1.531 0.000   8.406 0.000   3.345 0.000   5.062 0.000 0.025 0.000  0.487 0.000
281.25 282.25   17.72 0.000   0.78 0.000 9.999 0.259000 9.99 0.259000  0.088 0.559   1.686 0.000   2.360 0.000  10.538 0.000   1.421 0.000   9.117 0.000 0.038 0.000  1.046 0.559
284.25 285.25   16.30 0.000   0.66 0.000 9.999 0.259000 0.06 0.000000  0.024 0.559   0.618 0.000   0.865 0.000   5.645 0.000   3.259 0.000   2.386 0.000 0.013 0.000  0.102 0.559
287.25 288.25   23.46 0.000   0.53 0.000 9.999 0.259000 0.09 0.000000  0.023 0.000   0.982 0.000   1.375 0.000  10.437 0.000   7.745 0.000   2.692 0.000 0.015 0.000  0.086 0.000
290.25 291.25   42.53 0.000   1.52 0.000 9.999 0.259000 0.20 0.000000  0.066 0.000   1.144 0.000   1.601 0.000  18.820 0.000  13.527 0.000   5.293 0.000 0.036 0.000  0.341 0.000
293.25 294.25   58.56 0.000   0.78 0.000 9.999 0.259000 9.99 0.259000  0.047 0.559   1.293 0.000   1.809 0.000  24.729 0.000  19.333 0.000   5.396 0.000 0.051 0.000  0.259 0.559
296.25 297.25   78.20 0.000   1.54 0.000 9.999 0.259000 0.09 0.000000  0.111 0.000   2.089 0.000   2.925 0.000  31.229 0.000  23.698 0.000   7.531 0.000 0.102 0.000  0.329 0.000
299.25 300.25   20.23 0.000   0.31 0.000 9.999 0.259000 9.99 0.259000  0.037 0.559   0.477 0.000   0.668 0.000  12.204 0.000   9.451 0.000   2.753 0.000 0.017 0.000  0.213 0.559
302.25 303.25   36.71 0.000   1.61 0.000 9.999 0.259000 9.99 0.259000  0.631 0.000   1.374 0.000   1.923 0.000  25.740 0.000  17.990 0.000   7.750 0.000 0.033 0.000  0.543 0.000
305.25 306.25   16.12 0.000   3.46 0.000 0.022 0.000000 9.99 0.259000  0.872 0.000   1.637 0.000   2.292 0.000  15.428 0.000   3.514 0.000  11.914 0.000 0.032 0.000  1.271 0.000
308.25 309.25    8.14 0.000   0.99 0.000 9.999 0.259000 9.99 0.259000  0.522 0.559   0.706 0.000   0.989 0.000   7.771 0.000   0.370 0.000   7.401 0.000 0.020 0.000  0.912 0.559
311.25 312.25   39.22 0.000   3.07 0.000 9.999 0.259000 0.05 0.000000  0.908 0.559   1.589 0.000   2.224 0.000  26.744 0.000  16.649 0.000  10.095 0.000 0.051 0.000  0.541 0.559
314.25 315.25   21.51 0.000   2.12 0.000 9.999 0.259000 0.20 0.000000  0.682 0.559   2.835 0.000   3.969 0.000  14.011 0.000   1.419 0.000  12.593 0.000 0.042 0.000  1.314 0.559
317.25 318.25   19.27 0.000   0.71 0.000 9.999 0.259000 9.99 0.259000  0.314 0.559   1.198 0.000   1.677 0.000  12.500 0.000   7.491 0.000   5.009 0.000 0.030 0.000  0.346 0.559
320.25 321.25   10.63 0.000   0.93 0.000 9.999 0.259000 0.18 0.000000  0.249 0.000   1.559 0.000   2.182 0.000   8.691 0.000   1.092 0.000   7.598 0.000 0.036 0.000  0.877 0.000
323.25 324.25   40.08 0.000   0.75 0.000 0.031 0.000000 0.18 0.000000  0.028 0.000   0.929 0.000   1.301 0.000  15.912 0.000  12.813 0.000   3.100 0.000 0.028 0.000  0.111 0.000
326.25 327.25    8.42 0.000   0.65 0.000 9.999 0.259000 0.11 0.000000  0.315 0.000   0.680 0.000   0.951 0.000   7.776 0.000   2.968 0.000   4.808 0.000 0.022 0.000  0.380 0.000
329.25 330.25   50.40 0.000   2.42 0.000 9.999 0.259000 0.14 0.000000  0.530 0.000   2.641 0.000   3.698 0.000  20.038 0.000  11.886 0.000   8.152 0.000 0.056 0.000  0.360 0.000
332.25 333.25   38.61 0.000   0.59 0.000 9.999 0.259000 0.09 0.000000  0.051 0.000   1.014 0.000   1.420 0.000  13.973 0.000  11.272 0.000   2.701 0.000 0.034 0.000  0.144 0.000
335.25 336.25   41.24 0.000   1.65 0.000 0.054 0.000000 0.12 0.000000  0.220 0.000   1.362 0.000   1.907 0.000  17.715 0.000  13.696 0.000   4.019 0.000 0.045 0.000  0.136 0.000
338.25 339.25   14.78 0.000   0.30 0.000 9.999 0.259000 9.99 0.259000  0.286 0.000   0.468 0.000   0.656 0.000   7.534 0.000   2.465 0.000   5.069 0.000 0.023 0.000  0.634 0.000
341.25 342.25   35.40 0.000   2.14 0.000 9.999 0.259000 0.16 0.000000  0.565 0.000   2.844 0.000   3.981 0.000  17.508 0.000   6.186 0.000  11.322 0.000 0.074 0.000  1.093 0.000
344.25 345.25   19.43 0.000   1.60 0.000 9.999 0.259000 9.99 0.259000  0.640 0.000   1.070 0.000   1.498 0.000   9.756 0.000   2.307 0.000   7.449 0.000 0.034 0.000  0.536 0.000
347.25 348.25   11.11 0.000   1.76 0.000 0.062 0.000000 0.29 0.000000  0.888 0.000   2.021 0.000   2.830 0.000  12.788 0.000   0.875 0.000  11.913 0.000 0.030 0.000  1.015 0.000
350.25 351.25   16.65 0.000   0.66 0.000 0.112 0.000000 9.99 0.259000  0.204 0.000   0.596 0.000   0.834 0.000   4.574 0.000   2.691 0.000   1.883 0.000 0.016 0.000  0.068 0.000
353.25 354.25   33.07 0.000   0.97 0.000 9.999 0.259000 0.13 0.000000  0.161 0.000   0.988 0.000   1.383 0.000   8.317 0.000   5.521 0.000   2.795 0.000 0.025 0.000  0.128 0.000
356.25 357.25   13.12 0.000   0.88 0.000 9.999 0.259000 9.99 0.259000  0.154 0.000   0.481 0.000   0.674 0.000   3.763 0.000   2.343 0.000   1.420 0.000 0.019 0.000  0.070 0.000
359.25 360.25   21.77 0.000   1.78 0.000 9.999 0.259000 0.21 0.000000  0.197 0.000   1.928 0.000   2.699 0.000  11.602 0.000   4.032 0.000   7.570 0.000 0.060 0.000  0.796 0.000
362.25 363.25   13.12 0.000   0.22 0.000 0.101 0.000000 9.99 0.259000  0.050 0.000   0.367 0.000   0.513 0.000   4.824 0.000   3.376 0.000   1.448 0.000 0.011 0.000  0.125 0.000
