scripts/IMPROVE-2019_partial/data/US9003R.20010913050000.20191216000000.filterpack..pm25.4mo.1w.US03L_filterpack_US9003.US03L_IMPROVE_Davis.lev2.nas
64 1001
MISSING INFORMATION
US03L, IMPROVE, , , , , , , 
MISSING INFORMATION
IMPROVE sel_HTAP
1 1
2001 01 01 2019 12 16
3.000000
days from file reference point
25
1 1 1 1 1 1 1 1 1 1 1 1 1 1 1 1 1 1 1 1 1 1 1 1 1
999.999999 999.99 9.999 99.99 9.999 9.999 9.999 99.99 9.999 9.999 9.999 99.999 9.999 999.999 9.999 999.999 9.999 999.999 9.999 999.999 9.999 9.999 9.999 99.999 9.999
end_time of measurement, days from the file reference point
iron, ng/m3, Revision date=20181210133000
numflag iron, no unit, Revision date=20181210133000
lead, ng/m3, Revision date=20181210133000
numflag lead, no unit, Revision date=20181210133000
magnesium, ug/m3, Revision date=20181210133000
numflag magnesium, no unit, Revision date=20181210133000
nickel, ng/m3, Revision date=20181210133000
numflag nickel, no unit, Revision date=20181210133000
nitrate, ug N/m3, Revision date=20181210133000
numflag nitrate, no unit, Revision date=20181210133000
organic_carbon, ug C/m3, Revision date=20181210133000
numflag organic_carbon, no unit, Revision date=20181210133000
organic_mass, ug/m3, Revision date=20181210133000
numflag organic_mass, no unit, Revision date=20181210133000
pm10_mass, ug/m3, Version=2, Version description=Data extracted from http://views.cira.colostate.edu/fed/DataWizard 2019-12-16, Sample duration=1d, Orig. time res.=3d, Matrix=pm10, Blank correction=Blank corrected, Volume std. temperature=ambient, Volume std. pressure=ambient
numflag pm10_mass, no unit, Version=2, Version description=Data extracted from http://views.cira.colostate.edu/fed/DataWizard 2019-12-16, Sample duration=1d, Orig. time res.=3d, Matrix=pm10, Blank correction=Blank corrected, Volume std. temperature=ambient, Volume std. pressure=ambient
pm10_pm25_mass, ug/m3, Revision date=20181210133000, Matrix=pm10_pm25
numflag pm10_pm25_mass, no unit, Revision date=20181210133000, Matrix=pm10_pm25
pm25_mass, ug/m3, Version=2, Version description=Data extracted from http://views.cira.colostate.edu/fed/DataWizard 2019-12-16, Sample duration=1d, Orig. time res.=3d, Blank correction=Blank corrected, Volume std. temperature=ambient, Volume std. pressure=ambient
numflag pm25_mass, no unit, Version=2, Version description=Data extracted from http://views.cira.colostate.edu/fed/DataWizard 2019-12-16, Sample duration=1d, Orig. time res.=3d, Blank correction=Blank corrected, Volume std. temperature=ambient, Volume std. pressure=ambient
potassium, ug/m3, Revision date=20181210133000
numflag potassium, no unit, Revision date=20181210133000
sulphate_total, ug S/m3, Revision date=20181210133000
numflag sulphate_total, no unit, Revision date=20181210133000
0
25
Data definition:              EBAS_1.1
Set type code:                TU
Timezone:                     UTC
File name:                    US9003R.20010913050000.20191216000000.filterpack..pm25.4mo.1w.US03L_filterpack_US9003.US03L_IMPROVE_Davis.lev2.nas
File creation:                20191218120525
Startdate:                    20010913050000
Revision date:                20191216000000
Statistics:                   arithmetic mean
Data level:                   2
Period code:                  4mo
Resolution code:              1w
Station code:                 US9003R
Platform code:                US9003S
Station name:                 Mohawk Mt.
Station latitude:             41.8214
Station longitude:            -73.2973
Station altitude:             521.0 m
Regime:                       IMG
Component:                    
Matrix:                       pm25
Laboratory code:              US03L
Instrument type:              filterpack
Instrument name:              filterpack_US9003
Method ref:                   US03L_IMPROVE_Davis
starttime endtime Fe flag_Fe Pb flag_Pb Mg++ flag_Mg++ Ni flag_Ni NO3- flag_NO3- OC flag_OC OM flag_OM PM10 flag_PM10 PM10-PM2.5 flag_PM10-PM2.5 PM2.5 flag_PM2.5 K+ flag_K+ SO4-- flag_SO4--
255.208333 256.208333 999.99 0.999 99.99 0.999 9.999 0.999 99.99 0.999 9.999 0.999 99.999 0.999 999.999 0.999 999.999 0.999 999.999 0.999 999.999 0.999 9.999 0.999 99.999 0.999
258.208333 259.208333 999.99 0.999 99.99 0.999 9.999 0.999 99.99 0.999 9.999 0.999 99.999 0.999 999.999 0.999 999.999 0.999 999.999 0.999 999.999 0.999 9.999 0.999 99.999 0.999
261.208333 262.208333 999.99 0.999 99.99 0.999 9.999 0.999 99.99 0.999 9.999 0.999 99.999 0.999 999.999 0.999 999.999 0.999 999.999 0.999 999.999 0.999 9.999 0.999 99.999 0.999
264.208333 265.208333 999.99 0.999 99.99 0.999 9.999 0.999 99.99 0.999 9.999 0.999 99.999 0.999 999.999 0.999 999.999 0.999 999.999 0.999 999.999 0.999 9.999 0.999 99.999 0.999
267.208333 268.208333 999.99 0.999 99.99 0.999 9.999 0.999 99.99 0.999 9.999 0.999 99.999 0.999 999.999 0.999 999.999 0.999 999.999 0.999 999.999 0.999 9.999 0.999 99.999 0.999
270.208333 271.208333  18.29 0.000  2.54 0.000 9.999 0.259  0.57 0.000 0.067 0.000  1.293 0.000   1.810 0.000  10.606 0.000   3.295 0.000   7.312 0.000 0.031 0.000  1.057 0.000
273.208333 274.208333  18.63 0.000  1.40 0.000 9.999 0.259  0.32 0.000 0.023 0.559  0.789 0.000   1.105 0.000   4.808 0.000   2.293 0.000   2.514 0.000 0.022 0.000  0.138 0.559
276.208333 277.208333  87.30 0.000  3.86 0.000 9.999 0.259 99.99 0.259 0.140 0.000  3.554 0.000   4.975 0.000  29.825 0.000  10.413 0.000  19.412 0.000 0.100 0.000  2.656 0.000
279.208333 280.208333   6.89 0.000  0.80 0.000 0.024 0.000  0.15 0.000 0.012 0.000  0.355 0.000   0.497 0.000   3.573 0.000   1.562 0.000   2.010 0.000 0.009 0.000  0.288 0.000
282.208333 283.208333  57.41 0.000  2.39 0.000 9.999 0.259  0.44 0.000 0.102 0.000  1.435 0.000   2.010 0.000  10.357 0.000   5.005 0.000   5.352 0.000 0.030 0.000  0.559 0.000
285.208333 286.208333  50.14 0.000  3.47 0.000 9.999 0.259  2.13 0.000 0.196 0.000  2.545 0.000   3.563 0.000  17.060 0.000   4.708 0.000  12.352 0.000 0.035 0.000  1.613 0.000
288.208333 289.208333  22.28 0.000  0.94 0.000 9.999 0.259  1.04 0.000 0.076 0.000  0.810 0.000   1.133 0.000   7.855 0.000   2.729 0.000   5.127 0.000 0.024 0.000  0.667 0.000
291.208333 292.208333  29.01 0.000  1.56 0.000 9.999 0.259  0.76 0.000 0.202 0.000  1.203 0.000   1.685 0.000   8.711 0.000   3.299 0.000   5.411 0.000 0.023 0.000  0.576 0.000
294.208333 295.208333  18.71 0.000  1.36 0.000 9.999 0.259  0.27 0.000 0.125 0.000  1.257 0.000   1.759 0.000   9.393 0.000   3.290 0.000   6.103 0.000 0.031 0.000  0.630 0.000
297.208333 298.208333  22.04 0.000  1.19 0.000 9.999 0.259  1.20 0.000 0.130 0.559  1.494 0.000   2.092 0.000  11.976 0.000   4.527 0.000   7.449 0.000 0.036 0.000  0.930 0.559
300.208333 301.208333   3.77 0.000  1.02 0.000 0.006 0.000 99.99 0.259 0.024 0.000  0.406 0.000   0.569 0.000   2.370 0.000   1.083 0.000   1.287 0.000 0.010 0.000  0.097 0.000
303.208333 304.208333  33.62 0.000  1.72 0.000 9.999 0.259  0.96 0.000 0.160 0.000  1.631 0.000   2.283 0.000   8.857 0.000   3.720 0.000   5.137 0.000 0.037 0.000  0.335 0.000
306.208333 307.208333  20.70 0.000  1.24 0.000 9.999 0.259  0.57 0.000 0.132 0.559  1.405 0.000   1.968 0.000   9.204 0.000   3.583 0.000   5.622 0.000 0.032 0.000  0.636 0.559
309.208333 310.208333   6.59 0.000  0.66 0.000 9.999 0.259  0.09 0.000 0.023 0.000  0.408 0.000   0.571 0.000   3.285 0.000   1.178 0.000   2.107 0.000 0.010 0.000  0.200 0.000
312.208333 313.208333  16.54 0.000  1.12 0.000 9.999 0.259  0.68 0.000 0.204 0.559  0.647 0.000   0.906 0.000   5.857 0.000   1.618 0.000   4.239 0.000 0.022 0.000  0.576 0.559
315.208333 316.208333   6.45 0.000  1.06 0.000 9.999 0.259  0.40 0.000 0.037 0.559  0.336 0.000   0.471 0.000   3.451 0.000   1.006 0.000   2.446 0.000 0.015 0.000  0.341 0.559
318.208333 319.208333  84.58 0.000  5.12 0.000 9.999 0.259  0.41 0.000 0.707 0.559  7.750 0.000  10.851 0.000  33.822 0.000   8.181 0.000  25.641 0.000 0.137 0.000  2.623 0.559
321.208333 322.208333  43.40 0.000  3.68 0.000 9.999 0.259  2.06 0.000 0.595 0.559  2.524 0.000   3.534 0.000  15.428 0.000   5.705 0.000   9.722 0.000 0.053 0.000  0.963 0.559
324.208333 325.208333  17.73 0.000  1.41 0.000 9.999 0.259  0.31 0.000 0.227 0.559  0.766 0.000   1.073 0.000   4.016 0.000   1.143 0.000   2.874 0.000 0.020 0.000  0.344 0.559
327.208333 328.208333  15.67 0.000  2.10 0.000 9.999 0.259  0.94 0.000 0.241 0.559  1.269 0.000   1.777 0.000   7.697 0.000   1.178 0.000   6.520 0.000 0.038 0.000  0.971 0.559
330.208333 331.208333  26.07 0.000  2.24 0.000 9.999 0.259  1.39 0.000 0.205 0.559  0.893 0.000   1.250 0.000   6.299 0.000   1.992 0.000   4.307 0.000 0.017 0.000  0.643 0.559
333.208333 334.208333  13.34 0.000  1.04 0.000 9.999 0.259  2.30 0.000 0.084 0.000  1.099 0.000   1.539 0.000   9.062 0.000   1.483 0.000   7.579 0.000 0.023 0.000  1.242 0.000
336.208333 337.208333  49.85 0.000  4.00 0.000 9.999 0.259  3.06 0.000 0.466 0.000  1.302 0.000   1.823 0.000  10.732 0.000   2.724 0.000   8.008 0.000 0.035 0.000  0.979 0.000
339.208333 340.208333  48.33 0.000  2.60 0.000 9.999 0.259  0.51 0.000 0.099 0.559  1.503 0.000   2.104 0.000   9.645 0.000   3.719 0.000   5.926 0.000 0.043 0.000  0.568 0.559
342.208333 343.208333   6.72 0.000  1.62 0.000 9.999 0.259  0.67 0.000 0.055 0.559  0.831 0.000   1.164 0.000   2.760 0.000 999.999 0.259   2.852 0.000 0.025 0.000  0.278 0.559
345.208333 346.208333  35.42 0.000  3.45 0.000 9.999 0.259  1.34 0.000 0.341 0.559  2.260 0.000   3.164 0.000  12.781 0.000   3.769 0.000   9.012 0.000 0.051 0.000  1.078 0.559
348.208333 349.208333  34.61 0.000  1.42 0.000 9.999 0.259  1.26 0.000 0.047 0.559  0.537 0.000   0.752 0.000   3.769 0.000   0.573 0.000   3.196 0.000 0.022 0.000  0.353 0.559
351.208333 352.208333   4.73 0.000  1.04 0.000 9.999 0.259  0.97 0.000 0.042 0.559  0.639 0.000   0.895 0.000   2.910 0.000   0.306 0.000   2.604 0.000 0.011 0.000  0.323 0.559
354.208333 355.208333   3.32 0.000  0.76 0.000 9.999 0.259 99.99 0.259 0.020 0.559  0.081 0.000   0.113 0.000   1.278 0.000   0.335 0.000   0.943 0.000 0.007 0.000  0.140 0.559
357.208333 358.208333   7.40 0.000  1.10 0.000 9.999 0.259  0.81 0.000 0.217 0.559  1.094 0.000   1.532 0.000   4.857 0.000   0.227 0.000   4.630 0.000 0.024 0.000  0.570 0.559
360.208333 361.208333  20.25 0.000  2.41 0.000 9.999 0.259  0.32 0.000 0.233 0.559  1.206 0.000   1.688 0.000   8.734 0.000   2.168 0.000   6.566 0.000 0.030 0.000  0.893 0.559
363.208333 364.208333  15.17 0.000  1.60 0.000 9.999 0.259  0.21 0.000 0.220 0.559  0.942 0.000   1.319 0.000   8.045 0.000   3.385 0.000   4.661 0.000 0.023 0.000  0.568 0.559
