scripts/IMPROVE-2019_partial/data/US9021R.20060102050000.20191216000000.filterpack..pm25.52w.1w.US03L_filterpack_US9021.US03L_IMPROVE_Davis.lev2.nas
64 1001
MISSING INFORMATION
US03L, IMPROVE, , , , , , , 
MISSING INFORMATION
IMPROVE sel_HTAP
1 1
2006 01 01 2019 12 16
3.000000
days from file reference point
25
1 1 1 1 1 1 1 1 1 1 1 1 1 1 1 1 1 1 1 1 1 1 1 1 1
999.999999 9999.99 9.999 999.99 9.999 9.999 9.999 99.99 9.999 99.999 9.999 99.999 9.999 99.999 9.999 999.999 9.999 99.999 9.999 999.999 9.999 9.999 9.999 99.999 9.999
end_time of measurement, days from the file reference point
iron, ng/m3, Revision date=20181210133000
numflag iron, no unit, Revision date=20181210133000
lead, ng/m3, Revision date=20181210133000
numflag lead, no unit, Revision date=20181210133000
magnesium, ug/m3, Revision date=20181210133000
numflag magnesium, no unit, Revision date=20181210133000
nickel, ng/m3, Revision date=20181210133000
numflag nickel, no unit, Revision date=20181210133000
nitrate, ug N/m3, Revision date=20181210133000
numflag nitrate, no unit, Revision date=20181210133000
organic_carbon, ug C/m3, Revision date=20181210133000
numflag organic_carbon, no unit, Revision date=20181210133000
organic_mass, ug/m3, Revision date=20181210133000
numflag organic_mass, no unit, Revision date=20181210133000
pm10_mass, ug/m3, Version=2, Version description=Data extracted from http://views.cira.colostate.edu/fed/DataWizard 2019-12-16, Sample duration=1d, Orig. time res.=3d, Matrix=pm10, Blank correction=Blank corrected, Volume std. temperature=ambient, Volume std. pressure=ambient
numflag pm10_mass, no unit, Version=2, Version description=Data extracted from http://views.cira.colostate.edu/fed/DataWizard 2019-12-16, Sample duration=1d, Orig. time res.=3d, Matrix=pm10, Blank correction=Blank corrected, Volume std. temperature=ambient, Volume std. pressure=ambient
pm10_pm25_mass, ug/m3, Revision date=20181210133000, Matrix=pm10_pm25
numflag pm10_pm25_mass, no unit, Revision date=20181210133000, Matrix=pm10_pm25
pm25_mass, ug/m3, Version=2, Version description=Data extracted from http://views.cira.colostate.edu/fed/DataWizard 2019-12-16, Sample duration=1d, Orig. time res.=3d, Blank correction=Blank corrected, Volume std. temperature=ambient, Volume std. pressure=ambient
numflag pm25_mass, no unit, Version=2, Version description=Data extracted from http://views.cira.colostate.edu/fed/DataWizard 2019-12-16, Sample duration=1d, Orig. time res.=3d, Blank correction=Blank corrected, Volume std. temperature=ambient, Volume std. pressure=ambient
potassium, ug/m3, Revision date=20181210133000
numflag potassium, no unit, Revision date=20181210133000
sulphate_total, ug S/m3, Revision date=20181210133000
numflag sulphate_total, no unit, Revision date=20181210133000
0
25
Data definition:              EBAS_1.1
Set type code:                TU
Timezone:                     UTC
File name:                    US9021R.20060102050000.20191216000000.filterpack..pm25.52w.1w.US03L_filterpack_US9021.US03L_IMPROVE_Davis.lev2.nas
File creation:                20191218120632
Startdate:                    20060102050000
Revision date:                20191216000000
Statistics:                   arithmetic mean
Data level:                   2
Period code:                  52w
Resolution code:              1w
Station code:                 US9021R
Platform code:                US9021S
Station name:                 M.K. Goddard
Station latitude:             41.4269
Station longitude:            -80.1453
Station altitude:             379.0 m
Regime:                       IMG
Component:                    
Matrix:                       pm25
Laboratory code:              US03L
Instrument type:              filterpack
Instrument name:              filterpack_US9021
Method ref:                   US03L_IMPROVE_Davis
starttime endtime Fe flag_Fe Pb flag_Pb Mg++ flag_Mg++ Ni flag_Ni NO3- flag_NO3- OC flag_OC OM flag_OM PM10 flag_PM10 PM10-PM2.5 flag_PM10-PM2.5 PM2.5 flag_PM2.5 K+ flag_K+ SO4-- flag_SO4--
  1.208333   2.208333   10.50 0.000   2.50 0.000 9.999 0.259  0.19 0.000  0.202 0.000  1.310 0.000  1.834 0.000   7.097 0.000  0.383 0.000   6.714 0.000 0.038 0.000  0.867 0.000
  4.208333   5.208333    7.50 0.000   1.43 0.000 9.999 0.259 99.99 0.259  0.086 0.000  0.477 0.000  0.668 0.000   2.397 0.000  0.399 0.000   1.999 0.000 0.009 0.000  0.348 0.000
  7.208333   8.208333   44.56 0.000   4.09 0.000 0.008 0.000  0.18 0.000  1.022 0.000  1.566 0.000  2.193 0.000  15.524 0.000  2.899 0.000  12.624 0.000 0.052 0.000  1.215 0.000
 10.208333  11.208333   47.92 0.000   3.59 0.000 9.999 0.259  0.41 0.000  0.264 0.000  1.793 0.000  2.510 0.000  14.581 0.000  3.227 0.000  11.354 0.000 0.053 0.000  1.767 0.000
 13.208333  14.208333    6.25 0.000   0.50 0.000 0.005 0.000 99.99 0.259  0.076 0.000  0.352 0.000  0.493 0.000   2.761 0.000  0.794 0.000   1.967 0.000 0.011 0.000  0.322 0.000
 16.208333  17.208333   28.81 0.000   3.88 0.000 9.999 0.259  0.44 0.000  0.310 0.000  1.761 0.000  2.466 0.000  10.891 0.000  3.396 0.000   7.495 0.000 0.064 0.000  0.740 0.000
 19.208333  20.208333   38.93 0.000   5.16 0.000 9.999 0.259  0.31 0.000  0.093 0.000  1.485 0.000  2.079 0.000  11.850 0.000  6.585 0.000   5.265 0.000 0.044 0.000  0.579 0.000
 22.208333  23.208333   30.20 0.000   3.93 0.000 9.999 0.259  0.44 0.000  0.465 0.000  2.083 0.000  2.916 0.000   9.722 0.000  1.874 0.000   7.848 0.000 0.042 0.000  0.580 0.000
 25.208333  26.208333    7.60 0.000   1.46 0.000 9.999 0.259  0.61 0.000  0.111 0.000  1.386 0.000  1.940 0.000   5.670 0.000  1.427 0.000   4.243 0.000 0.022 0.000  0.330 0.000
 28.208333  29.208333   35.72 0.000   5.03 0.000 9.999 0.259  0.17 0.000  0.146 0.000  2.297 0.000  3.216 0.000  10.949 0.000  2.328 0.000   8.620 0.000 0.059 0.000  0.918 0.000
 31.208333  32.208333   68.71 0.000   7.49 0.000 9.999 0.259  0.65 0.000  0.346 0.000  1.063 0.000  1.489 0.000  13.254 0.000  2.880 0.000  10.374 0.000 0.042 0.000  1.952 0.000
 34.208333  35.208333   21.92 0.000   2.71 0.000 9.999 0.259  0.34 0.000  0.200 0.000  1.153 0.000  1.614 0.000   9.025 0.000  0.773 0.000   8.252 0.000 0.033 0.000  1.531 0.000
 37.208333  38.208333   27.14 0.000   1.39 0.000 9.999 0.259 99.99 0.259  0.151 0.000  0.778 0.000  1.089 0.000   7.242 0.000  2.788 0.000   4.454 0.000 0.022 0.000  0.742 0.000
 40.208333  41.208333   87.88 0.000   9.97 0.000 9.999 0.259  1.05 0.000  1.424 0.000  1.717 0.000  2.404 0.000  17.879 0.000  3.478 0.000  14.401 0.000 0.058 0.000  1.010 0.000
 43.208333  44.208333   45.07 0.000  10.97 0.000 9.999 0.259  0.14 0.000  0.688 0.000  1.229 0.000  1.721 0.000  11.819 0.000  2.031 0.000   9.788 0.000 0.043 0.000  1.105 0.000
 46.208333  47.208333   60.38 0.000   4.86 0.000 9.999 0.259  0.63 0.000  0.202 0.000  2.515 0.000  3.520 0.000  16.051 0.000  4.737 0.000  11.314 0.000 0.084 0.000  1.237 0.000
 49.208333  50.208333   30.80 0.000   4.73 0.000 9.999 0.259 99.99 0.259  0.442 0.000  1.270 0.000  1.778 0.000  11.016 0.000  3.935 0.000   7.080 0.000 0.054 0.000  0.569 0.000
 52.208333  53.208333   82.54 0.000   7.34 0.000 9.999 0.259  0.59 0.000  1.415 0.000  4.015 0.000  5.621 0.000  28.307 0.000  7.998 0.000  20.309 0.000 0.096 0.000  1.436 0.000
 55.208333  56.208333   31.86 0.000   3.25 0.000 9.999 0.259  0.17 0.000  0.417 0.000  0.799 0.000  1.118 0.000  10.953 0.000  4.711 0.000   6.242 0.000 0.037 0.000  0.742 0.000
 58.208333  59.208333   22.27 0.000   1.72 0.000 9.999 0.259  0.28 0.000  0.170 0.000  1.441 0.559  2.017 0.559   7.112 0.000  2.152 0.000   4.960 0.000 0.047 0.000  0.443 0.000
 61.208333  62.208333    6.12 0.000   1.16 0.000 9.999 0.259  0.21 0.000  0.212 0.000  0.422 0.000  0.591 0.000   5.338 0.000  1.677 0.000   3.661 0.000 0.023 0.000  0.455 0.000
 64.208333  65.208333   31.00 0.000   1.89 0.000 9.999 0.259 99.99 0.259  0.320 0.000  1.526 0.000  2.136 0.000   9.917 0.000  4.829 0.000   5.088 0.000 0.049 0.000  0.283 0.000
 67.208333  68.208333   75.56 0.000   5.33 0.000 9.999 0.259  0.73 0.000  0.477 0.000  3.425 0.000  4.795 0.000  20.634 0.000  4.677 0.000  15.957 0.000 0.093 0.000  1.637 0.000
 70.208333  71.208333   34.57 0.000  10.95 0.000 9.999 0.259  0.31 0.000  0.182 0.000  1.236 0.000  1.730 0.000   8.957 0.000  2.458 0.000   6.499 0.000 0.050 0.000  0.849 0.000
 73.208333  74.208333   21.06 0.000   1.74 0.000 9.999 0.259 99.99 0.259  0.189 0.000  0.745 0.000  1.044 0.000   5.762 0.000  1.952 0.000   3.810 0.000 0.020 0.000  0.622 0.000
 76.208333  77.208333   15.39 0.000   1.52 0.000 9.999 0.259  0.35 0.000  0.096 0.000  0.520 0.000  0.729 0.000   4.865 0.000  1.765 0.000   3.100 0.000 0.025 0.000  0.504 0.000
 79.208333  80.208333   22.48 0.000   2.27 0.000 0.024 0.000 99.99 0.259  0.433 0.000  0.682 0.000  0.955 0.000   8.940 0.000  3.557 0.000   5.383 0.000 0.041 0.000  0.506 0.000
 82.208333  83.208333   16.91 0.000   2.03 0.000 9.999 0.259  0.27 0.000  0.193 0.000  1.036 0.000  1.450 0.000   7.129 0.000  1.778 0.000   5.351 0.000 0.024 0.000  0.743 0.000
 85.208333  86.208333   29.00 0.000   2.77 0.000 9.999 0.259  0.46 0.000  0.297 0.000  2.121 0.000  2.970 0.000   8.208 0.000  2.179 0.000   6.030 0.000 0.039 0.000  0.457 0.000
 88.208333  89.208333   71.35 0.000   4.51 0.000 9.999 0.259  1.21 0.000  0.198 0.000  2.515 0.000  3.521 0.000  20.151 0.000  4.488 0.000  15.663 0.000 0.063 0.000  2.680 0.000
 91.208333  92.208333   16.26 0.000   3.59 0.000 9.999 0.259  0.25 0.000  0.145 0.000  0.945 0.000  1.322 0.000   7.733 0.000  1.608 0.000   6.125 0.000 0.024 0.000  1.046 0.000
 94.208333  95.208333   14.48 0.000   1.20 0.000 0.008 0.000  0.28 0.000  0.129 0.000  0.361 0.000  0.505 0.000   3.438 0.000  0.919 0.000   2.519 0.000 0.014 0.000  0.385 0.000
 97.208333  98.208333   31.95 0.000   2.28 0.000 0.016 0.000  0.13 0.000  0.163 0.000  0.451 0.000  0.631 0.000   6.038 0.000  1.949 0.000   4.089 0.000 0.036 0.000  0.636 0.000
100.208333 101.208333  101.14 0.000  11.98 0.000 9.999 0.259  3.15 0.000  0.089 0.000  2.154 0.000  3.016 0.000  18.414 0.000  6.632 0.000  11.782 0.000 0.070 0.000  1.691 0.000
103.208333 104.208333   74.35 0.000   8.30 0.000 0.019 0.000  0.50 0.000  0.230 0.000  2.502 0.000  3.503 0.000  15.132 0.000  4.814 0.000  10.318 0.000 0.066 0.000  1.239 0.000
106.208333 107.208333   30.00 0.000   2.03 0.000 0.009 0.000 99.99 0.259  0.031 0.000  0.572 0.000  0.800 0.000   6.309 0.000  3.247 0.000   3.061 0.000 0.028 0.000  0.375 0.000
109.208333 110.208333   76.73 0.000   3.23 0.000 0.022 0.000  0.35 0.000  0.043 0.000  1.355 0.000  1.898 0.000  13.126 0.000  8.069 0.000   5.057 0.000 0.062 0.000  0.307 0.000
112.208333 113.208333   19.68 0.000   3.22 0.000 9.999 0.259 99.99 0.259  0.193 0.000  0.971 0.000  1.359 0.000   8.613 0.000  1.375 0.000   7.238 0.000 0.021 0.000  1.257 0.000
115.208333 116.208333   58.37 0.000   5.08 0.000 0.011 0.000  0.22 0.000  0.289 0.559  1.472 0.000  2.060 0.000   7.741 0.000  2.818 0.000   4.923 0.000 0.042 0.000  0.320 0.559
118.208333 119.208333   52.65 0.000  26.30 0.000 0.018 0.000  0.09 0.000  0.037 0.559  1.126 0.000  1.576 0.000   9.833 0.000  5.463 0.000   4.370 0.000 0.052 0.000  0.280 0.559
121.208333 122.208333  114.10 0.000   3.85 0.000 0.008 0.000  0.74 0.000  0.088 0.559  1.606 0.000  2.249 0.000  15.384 0.000  7.253 0.000   8.131 0.000 0.074 0.000  0.760 0.559
124.208333 125.208333   36.50 0.000   3.69 0.000 9.999 0.259 99.99 0.259  0.108 0.559  1.538 0.000  2.153 0.000  12.448 0.000  6.257 0.000   6.191 0.000 0.049 0.000  0.513 0.559
127.208333 128.208333   64.26 0.000   3.26 0.000 9.999 0.259  0.94 0.000  0.046 0.559  1.198 0.000  1.678 0.000  12.504 0.000  5.549 0.000   6.954 0.000 0.050 0.000  0.807 0.559
130.208333 131.208333   42.61 0.000   1.87 0.000 9.999 0.259  0.28 0.000  0.094 0.559  1.223 0.000  1.712 0.000  14.337 0.000  4.000 0.000  10.337 0.000 0.042 0.000  1.567 0.559
133.208333 134.208333   31.33 0.000   4.07 0.000 9.999 0.259  0.34 0.000  0.118 0.559  1.605 0.000  2.247 0.000  14.564 0.000  3.145 0.000  11.419 0.000 0.039 0.000  1.738 0.559
136.208333 137.208333   53.32 0.000   5.34 0.000 9.999 0.259  1.10 0.000  0.148 0.559  1.146 0.000  1.604 0.000  10.348 0.000  2.916 0.000   7.432 0.000 0.025 0.000  1.125 0.559
139.208333 140.208333   19.95 0.000   1.30 0.000 9.999 0.259  0.48 0.000  0.057 0.559  0.855 0.000  1.197 0.000   7.277 0.000  2.518 0.000   4.759 0.000 0.022 0.000  0.582 0.559
142.208333 143.208333 9999.99 0.456 999.99 0.456 9.999 0.456 99.99 0.456  0.069 0.559  1.692 0.000  2.368 0.000   8.062 0.000 99.999 0.456 999.999 0.456 9.999 0.456  0.302 0.559
145.208333 146.208333   55.07 0.000   2.46 0.000 9.999 0.259  0.42 0.000  0.111 0.559  1.090 0.000  1.526 0.000  14.329 0.000  4.033 0.000  10.295 0.000 0.045 0.000  1.591 0.559
148.208333 149.208333 9999.99 0.699 999.99 0.699 9.999 0.699 99.99 0.699  0.049 0.559  4.450 0.000  6.229 0.000  33.405 0.000 99.999 0.699  26.447 0.000 9.999 0.699  4.257 0.559
151.208333 152.208333   72.85 0.000   4.59 0.000 9.999 0.259  0.55 0.000  0.244 0.559  1.687 0.000  2.362 0.000  23.177 0.000  4.605 0.000  18.572 0.000 0.049 0.000  3.267 0.559
154.208333 155.208333   14.70 0.000   1.56 0.000 9.999 0.259 99.99 0.259  0.083 0.559  1.304 0.000  1.825 0.000   6.551 0.000  2.445 0.000   4.106 0.000 0.064 0.000  0.277 0.559
157.208333 158.208333   43.01 0.000   3.42 0.000 0.013 0.000  0.14 0.000  0.044 0.559  3.286 0.000  4.600 0.000  14.649 0.000  4.734 0.000   9.916 0.000 0.052 0.000  0.540 0.559
160.208333 161.208333   15.62 0.000   2.03 0.000 9.999 0.259  0.13 0.000  0.020 0.559  1.044 0.000  1.462 0.000   8.570 0.000  4.706 0.000   3.864 0.000 0.074 0.000  0.350 0.559
163.208333 164.208333   29.21 0.000   4.39 0.000 9.999 0.259  0.16 0.000  0.142 0.559  1.581 0.000  2.214 0.000  13.321 0.000  4.059 0.000   9.262 0.000 0.032 0.000  1.223 0.559
166.208333 167.208333   51.39 0.000   3.83 0.000 0.015 0.000  0.17 0.000  0.038 0.559  2.344 0.000  3.282 0.000  13.873 0.000  5.353 0.000   8.520 0.000 0.046 0.000  0.554 0.559
169.208333 170.208333   40.74 0.000   2.56 0.000 9.999 0.259  0.20 0.000  0.050 0.559  2.187 0.000  3.062 0.000  18.119 0.000  3.112 0.000  15.007 0.000 0.039 0.000  1.843 0.559
172.208333 173.208333   54.26 0.000   3.09 0.000 9.999 0.259  0.30 0.000  0.087 0.559  1.410 0.000  1.975 0.000  15.942 0.000  4.470 0.000  11.472 0.000 0.050 0.000  1.387 0.559
175.208333 176.208333   15.67 0.000   4.04 0.000 0.035 0.000  0.12 0.000  0.060 0.559  3.166 0.000  4.432 0.000  16.576 0.000  3.135 0.000  13.441 0.000 0.163 0.000  1.493 0.559
178.208333 179.208333   50.00 0.000   5.04 0.000 0.070 0.000  0.34 0.000  0.127 0.559  1.282 0.000  1.795 0.000  18.078 0.000  4.399 0.000  13.679 0.000 0.046 0.000  2.236 0.559
181.208333 182.208333   37.20 0.000   5.99 0.000 9.999 0.259  0.17 0.000  0.061 0.559  4.739 0.000  8.529 0.000  27.163 0.000  3.415 0.000  23.748 0.000 0.150 0.000  2.634 0.559
184.208333 185.208333   41.19 0.000  32.93 0.000 0.009 0.000  2.03 0.000  0.146 0.559  2.172 0.000  3.909 0.000  18.821 0.000  3.580 0.000  15.241 0.000 0.142 0.000  1.850 0.559
187.208333 188.208333   20.26 0.000   2.45 0.000 9.999 0.259  0.33 0.000  0.059 0.000  2.795 0.000  5.031 0.000  14.525 0.000  5.223 0.000   9.302 0.000 0.104 0.000  0.379 0.000
190.208333 191.208333   64.24 0.000   9.82 0.000 9.999 0.259  0.44 0.000  0.055 0.000  2.889 0.000  5.200 0.000  32.119 0.000  4.596 0.000  27.523 0.000 0.070 0.000  4.369 0.000
193.208333 194.208333   44.06 0.000   2.13 0.000 9.999 0.259  0.26 0.000  0.055 0.000  1.107 0.000  1.993 0.000  11.949 0.000  3.394 0.000   8.554 0.000 0.032 0.000  1.150 0.000
196.208333 197.208333   36.76 0.000   3.90 0.000 9.999 0.259  0.10 0.000  0.050 0.000  2.994 0.000  5.389 0.000  20.212 0.000  5.501 0.000  14.711 0.000 0.099 0.000  1.482 0.000
199.208333 200.208333   30.63 0.000   2.65 0.000 9.999 0.259  0.79 0.000  0.035 0.000  2.736 0.000  4.924 0.000  15.052 0.000  4.339 0.000  10.712 0.000 0.067 0.000  0.901 0.000
202.208333 203.208333   21.90 0.000   4.56 0.000 9.999 0.259  0.13 0.000  0.091 0.000  2.118 0.000  3.812 0.000  14.246 0.000  3.026 0.000  11.220 0.000 0.142 0.000  1.294 0.000
205.208333 206.208333   64.27 0.000   4.55 0.000 9.999 0.259  1.08 0.000  0.040 0.000  1.656 0.000  2.981 0.000  27.438 0.000  4.055 0.000  23.382 0.000 0.048 0.000  3.825 0.000
208.208333 209.208333  164.68 0.000   3.00 0.000 9.999 0.259  0.23 0.000  0.052 0.000  1.624 0.000  2.924 0.000  15.475 0.000  4.073 0.000  11.402 0.000 0.082 0.000  1.240 0.000
211.208333 212.208333  105.99 0.000   4.74 0.000 9.999 0.259  0.45 0.000  0.062 0.000  1.785 0.000  3.213 0.000  21.967 0.000  4.342 0.000  17.625 0.000 0.061 0.000  2.720 0.000
214.208333 215.208333   84.22 0.000   2.61 0.000 0.016 0.000  0.92 0.000  0.080 0.000  1.508 0.000  2.715 0.000  17.360 0.000  5.695 0.000  11.665 0.000 0.046 0.000  1.412 0.000
217.208333 218.208333   52.51 0.000   7.92 0.000 9.999 0.259  0.55 0.000  0.020 0.000  2.931 0.000  5.276 0.000  25.852 0.000  4.890 0.000  20.963 0.000 0.055 0.000  2.933 0.000
220.208333 221.208333   53.82 0.000   5.18 0.000 0.011 0.000  0.72 0.000  0.049 0.000  3.210 0.000  5.779 0.000  16.991 0.000  3.950 0.000  13.041 0.000 0.049 0.000  1.312 0.000
223.208333 224.208333   18.81 0.000   2.62 0.000 9.999 0.259  0.11 0.000  0.041 0.000  1.304 0.000  2.347 0.000   7.951 0.000  3.475 0.000   4.476 0.000 0.095 0.000  0.129 0.000
226.208333 227.208333   26.87 0.000   2.16 0.000 0.026 0.000  0.15 0.000  0.128 0.000  1.309 0.000  2.356 0.000  14.306 0.000  3.189 0.000  11.117 0.000 0.034 0.000  1.602 0.000
229.208333 230.208333   94.57 0.000   9.20 0.000 0.048 0.000  0.92 0.000  0.043 0.000  2.967 0.000  5.341 0.000  33.479 0.000  5.067 0.000  28.413 0.000 0.044 0.000  4.141 0.000
232.208333 233.208333   16.39 0.000   3.99 0.000 9.999 0.259 99.99 0.259  0.040 0.000  1.195 0.000  2.151 0.000   9.659 0.000  3.148 0.000   6.511 0.000 0.035 0.000  0.806 0.000
235.208333 236.208333   95.61 0.000   5.07 0.000 9.999 0.259  0.26 0.000  0.093 0.000  2.089 0.000  3.760 0.000  14.897 0.000  4.122 0.000  10.775 0.000 0.058 0.000  0.974 0.000
238.208333 239.208333   29.16 0.000   3.35 0.000 9.999 0.259  0.43 0.000  0.053 0.000  1.498 0.000  2.697 0.000  26.163 0.000  3.900 0.000  22.263 0.000 0.041 0.000  3.763 0.000
241.208333 242.208333   12.21 0.000   1.42 0.000 0.012 0.000  0.15 0.000  0.018 0.000  1.208 0.000  2.175 0.000  12.842 0.000  5.813 0.000   7.030 0.000 0.040 0.000  0.804 0.000
244.208333 245.208333    6.96 0.000   4.05 0.000 0.005 0.000 99.99 0.259  0.014 0.000  0.779 0.000  1.402 0.000   4.721 0.000  2.203 0.000   2.518 0.000 0.036 0.000  0.086 0.000
247.208333 248.208333   30.75 0.000   8.34 0.000 0.007 0.000  0.34 0.000  0.059 0.000  2.498 0.000  4.497 0.000 999.999 0.456 99.999 0.999  11.027 0.000 0.070 0.000  0.930 0.000
250.208333 251.208333   72.46 0.000   7.17 0.000 9.999 0.259  0.57 0.000  0.064 0.000  2.910 0.000  5.238 0.000  23.399 0.000  4.817 0.000  18.582 0.000 0.060 0.000  2.386 0.000
253.208333 254.208333   20.61 0.000   3.46 0.000 9.999 0.259  0.47 0.000  0.025 0.559  0.977 0.000  1.758 0.000  15.537 0.000  5.349 0.000  10.188 0.000 0.034 0.000  1.710 0.559
256.208333 257.208333   42.01 0.000   6.03 0.000 9.999 0.259  0.53 0.000  0.161 0.559  0.784 0.000  1.411 0.000  10.994 0.000  3.836 0.000   7.158 0.000 0.032 0.000  0.953 0.559
259.208333 260.208333   47.76 0.000  12.32 0.000 9.999 0.259  0.52 0.000  0.058 0.000  2.103 0.000  3.785 0.000  21.951 0.000  3.970 0.000  17.980 0.000 0.081 0.000  2.870 0.000
262.208333 263.208333   17.26 0.000   1.26 0.000 9.999 0.259  1.21 0.000  0.051 0.000  0.827 0.000  1.488 0.000   7.045 0.000  2.767 0.000   4.278 0.000 0.013 0.000  0.442 0.000
265.208333 266.208333   34.89 0.000   3.49 0.000 9.999 0.259  0.51 0.000  0.038 0.000 99.999 0.999 99.999 0.999  12.753 0.000  3.360 0.000   9.393 0.000 0.035 0.000  1.281 0.000
