scripts/IMPROVE-2019_partial/data/US9073R.20030103060000.20191216000000.filterpack..pm25.1y.1w.US03L_filterpack_US9073.US03L_IMPROVE_Davis.lev2.nas
66 1001
MISSING INFORMATION
US03L, IMPROVE, , , , , , , 
MISSING INFORMATION
IMPROVE sel_HTAP
1 1
2003 01 01 2019 12 16
3.00
days from file reference point
27
1 1 1 1 1 1 1 1 1 1 1 1 1 1 1 1 1 1 1 1 1 1 1 1 1 1 1
999.99 9999.99 9.999 99.99 9.999 9.999 9.999 9.99 9.999 99.999 9.999 99.999 9.999 99.999 9.999 99.99 9.999 999.999 9.999 999.999 9.999 999.999 9.999 9.999 9.999 99.999 9.999
end_time of measurement, days from the file reference point
iron, ng/m3, Revision date=20181210133000
numflag iron, no unit, Revision date=20181210133000
lead, ng/m3, Revision date=20181210133000
numflag lead, no unit, Revision date=20181210133000
magnesium, ug/m3, Revision date=20181210133000
numflag magnesium, no unit, Revision date=20181210133000
nickel, ng/m3, Revision date=20181210133000
numflag nickel, no unit, Revision date=20181210133000
nitrate, ug N/m3, Revision date=20181210133000
numflag nitrate, no unit, Revision date=20181210133000
organic_carbon, ug C/m3, Revision date=20181210133000
numflag organic_carbon, no unit, Revision date=20181210133000
organic_mass, ug/m3, Revision date=20181210133000
numflag organic_mass, no unit, Revision date=20181210133000
phosphorus, ng/m3, Revision date=20181210133000
numflag phosphorus, no unit, Revision date=20181210133000
pm10_mass, ug/m3, Version=2, Version description=Data extracted from http://views.cira.colostate.edu/fed/DataWizard 2019-12-16, Sample duration=1d, Orig. time res.=3d, Matrix=pm10, Blank correction=Blank corrected, Volume std. temperature=ambient, Volume std. pressure=ambient
numflag pm10_mass, no unit, Version=2, Version description=Data extracted from http://views.cira.colostate.edu/fed/DataWizard 2019-12-16, Sample duration=1d, Orig. time res.=3d, Matrix=pm10, Blank correction=Blank corrected, Volume std. temperature=ambient, Volume std. pressure=ambient
pm10_pm25_mass, ug/m3, Revision date=20181210133000, Matrix=pm10_pm25
numflag pm10_pm25_mass, no unit, Revision date=20181210133000, Matrix=pm10_pm25
pm25_mass, ug/m3, Version=2, Version description=Data extracted from http://views.cira.colostate.edu/fed/DataWizard 2019-12-16, Sample duration=1d, Orig. time res.=3d, Blank correction=Blank corrected, Volume std. temperature=ambient, Volume std. pressure=ambient
numflag pm25_mass, no unit, Version=2, Version description=Data extracted from http://views.cira.colostate.edu/fed/DataWizard 2019-12-16, Sample duration=1d, Orig. time res.=3d, Blank correction=Blank corrected, Volume std. temperature=ambient, Volume std. pressure=ambient
potassium, ug/m3, Revision date=20181210133000
numflag potassium, no unit, Revision date=20181210133000
sulphate_total, ug S/m3, Revision date=20181210133000
numflag sulphate_total, no unit, Revision date=20181210133000
0
25
Data definition:              EBAS_1.1
Set type code:                TU
Timezone:                     UTC
File name:                    US9073R.20030103060000.20191216000000.filterpack..pm25.1y.1w.US03L_filterpack_US9073.US03L_IMPROVE_Davis.lev2.nas
File creation:                20191218121030
Startdate:                    20030103060000
Revision date:                20191216000000
Statistics:                   arithmetic mean
Data level:                   2
Period code:                  1y
Resolution code:              1w
Station code:                 US9073R
Platform code:                US9073S
Station name:                 Wichita Mountains
Station latitude:             34.7323
Station longitude:            -98.713
Station altitude:             509.0 m
Regime:                       IMG
Component:                    
Matrix:                       pm25
Laboratory code:              US03L
Instrument type:              filterpack
Instrument name:              filterpack_US9073
Method ref:                   US03L_IMPROVE_Davis
starttime endtime Fe flag_Fe Pb flag_Pb Mg++ flag_Mg++ Ni flag_Ni NO3- flag_NO3- OC flag_OC OM flag_OM P flag_P PM10 flag_PM10 PM10-PM2.5 flag_PM10-PM2.5 PM2.5 flag_PM2.5 K+ flag_K+ SO4-- flag_SO4--
[from data line 89]
269.25 270.25   24.51 0.000  0.52 0.000 9.999 0.259 9.99 0.259  0.018 0.000  0.715 0.000  1.001 0.000 99.99 0.259  15.294 0.000  12.033 0.000   3.261 0.000 0.026 0.000  0.167 0.000
272.25 273.25   27.99 0.000  1.00 0.000 9.999 0.259 0.09 0.000  0.096 0.000  2.323 0.000  3.253 0.000 99.99 0.259  15.254 0.000   7.351 0.000   7.902 0.000 0.047 0.000  0.556 0.000
275.25 276.25   41.07 0.000  1.39 0.000 9.999 0.259 0.16 0.000  0.082 0.000  3.450 0.000  4.831 0.000 99.99 0.259  23.453 0.000  10.265 0.000  13.188 0.000 0.091 0.000  1.175 0.000
278.25 279.25   31.02 0.000  1.85 0.000 9.999 0.259 0.12 0.000  0.168 0.000  2.759 0.000  3.863 0.000 99.99 0.259  21.249 0.000   4.752 0.000  16.497 0.000 0.070 0.000  2.142 0.000
281.25 282.25   10.25 0.000  0.34 0.000 9.999 0.259 0.32 0.000  0.048 0.000  0.731 0.000  1.024 0.000 99.99 0.259   7.069 0.000   2.043 0.000   5.026 0.000 0.014 0.000  0.658 0.000
284.25 285.25   12.21 0.000  0.71 0.000 9.999 0.259 9.99 0.259  0.023 0.000  0.694 0.000  0.972 0.000 99.99 0.259   6.655 0.000   4.028 0.000   2.627 0.000 0.015 0.000  0.161 0.000
287.25 288.25   18.57 0.000  0.60 0.000 0.028 0.000 9.99 0.259  0.020 0.559  0.710 0.000  0.994 0.000 99.99 0.259   9.962 0.000   7.445 0.000   2.517 0.000 0.018 0.000  0.116 0.559
290.25 291.25   27.61 0.000  1.47 0.000 0.023 0.000 9.99 0.259  0.031 0.559  0.771 0.000  1.080 0.000 99.99 0.259  12.974 0.000   9.062 0.000   3.912 0.000 0.027 0.000  0.317 0.559
293.25 294.25   39.31 0.000  0.96 0.000 9.999 0.259 9.99 0.259  0.021 0.000  1.263 0.000  1.768 0.000 99.99 0.259  15.163 0.000   9.671 0.000   5.492 0.000 0.038 0.000  0.455 0.000
296.25 297.25   69.74 0.000  1.08 0.000 0.027 0.000 0.10 0.000  0.049 0.000  1.519 0.000  2.126 0.000 99.99 0.259  26.381 0.000  19.375 0.000   7.005 0.000 0.086 0.000  0.420 0.000
299.25 300.25   25.46 0.000  0.17 0.000 0.059 0.000 9.99 0.259  0.016 0.559  0.562 0.000  0.787 0.000 99.99 0.259  12.938 0.000  10.644 0.000   2.294 0.000 0.024 0.000  0.099 0.559
302.25 303.25   59.02 0.000  1.00 0.000 9.999 0.259 0.14 0.000  0.031 0.000  1.281 0.000  1.794 0.000 99.99 0.259  21.329 0.000  15.395 0.000   5.935 0.000 0.058 0.000  0.308 0.000
305.25 306.25   14.53 0.000  0.54 0.000 9.999 0.259 0.38 0.000  0.126 0.559  0.959 0.000  1.343 0.000 99.99 0.259  15.625 0.000   7.407 0.000   8.218 0.000 0.037 0.000  1.219 0.559
308.25 309.25   11.46 0.000  1.00 0.000 0.059 0.000 0.20 0.000  0.863 0.000  0.682 0.000  0.955 0.000 99.99 0.259  13.973 0.000   4.390 0.000   9.583 0.000 0.016 0.000  0.906 0.000
311.25 312.25   10.36 0.000  1.41 0.000 0.038 0.000 0.12 0.000  0.597 0.000  0.931 0.000  1.304 0.000 99.99 0.259   8.325 0.000   1.898 0.000   6.427 0.000 0.024 0.000  0.439 0.000
314.25 315.25    8.93 0.000  0.84 0.000 9.999 0.259 0.22 0.000  0.079 0.000  0.969 0.000  1.357 0.000 99.99 0.259  10.271 0.000   1.628 0.000   8.643 0.000 0.026 0.000  1.355 0.000
317.25 318.25   26.00 0.000  1.80 0.000 9.999 0.259 0.12 0.000  0.246 0.559  1.614 0.000  2.260 0.000 99.99 0.259   9.428 0.000   3.702 0.000   5.726 0.000 0.059 0.000  0.223 0.559
320.25 321.25   12.13 0.000  0.76 0.000 0.051 0.000 0.23 0.000  0.266 0.000  0.981 0.000  1.373 0.000 99.99 0.259   8.566 0.000   2.749 0.000   5.817 0.000 0.022 0.000  0.957 0.000
323.25 324.25   23.15 0.000  0.51 0.000 9.999 0.259 9.99 0.259  0.013 0.000  0.414 0.000  0.580 0.000 99.99 0.259   8.309 0.000   6.316 0.000   1.993 0.000 0.022 0.000  0.107 0.000
326.25 327.25   13.17 0.000  0.74 0.000 9.999 0.259 9.99 0.259  0.425 0.000  0.781 0.000  1.094 0.000 99.99 0.259  12.921 0.000   7.523 0.000   5.398 0.000 0.029 0.000  0.360 0.000
329.25 330.25   38.78 0.000  1.09 0.000 0.036 0.000 0.12 0.000  0.100 0.559  1.191 0.000  1.667 0.000 99.99 0.259  16.026 0.000  12.023 0.000   4.003 0.000 0.046 0.000  0.214 0.559
332.25 333.25   21.14 0.000  0.55 0.000 9.999 0.259 0.11 0.000  0.022 0.559  0.914 0.000  1.279 0.000 99.99 0.259   9.454 0.000   7.210 0.000   2.244 0.000 0.020 0.000  0.143 0.559
335.25 336.25   44.87 0.000  3.35 0.000 9.999 0.259 0.19 0.000  0.175 0.559  2.544 0.000  3.561 0.000 99.99 0.259  19.023 0.000  10.596 0.000   8.427 0.000 0.072 0.000  0.631 0.559
338.25 339.25   12.53 0.000  0.42 0.000 9.999 0.259 9.99 0.259  0.063 0.559  0.389 0.000  0.544 0.000 99.99 0.259   8.207 0.000   6.794 0.000   1.413 0.000 0.014 0.000  0.095 0.559
341.25 342.25   55.24 0.000  2.42 0.000 9.999 0.259 0.27 0.000  0.038 0.000  1.651 0.000  2.312 0.000 99.99 0.259  20.043 0.000  12.238 0.000   7.805 0.000 0.066 0.000  0.763 0.000
344.25 345.25   25.34 0.000  1.06 0.000 9.999 0.259 0.16 0.000  0.691 0.000  1.122 0.000  1.571 0.000 99.99 0.259  11.827 0.000   5.187 0.000   6.640 0.000 0.030 0.000  0.228 0.000
347.25 348.25   15.86 0.000  2.19 0.000 9.999 0.259 0.08 0.000  0.893 0.559  1.607 0.000  2.249 0.000 99.99 0.259  12.121 0.000   1.965 0.000  10.157 0.000 0.034 0.000  0.610 0.559
350.25 351.25   20.52 0.000  0.52 0.000 9.999 0.259 9.99 0.259  0.045 0.559  0.632 0.000  0.884 0.000  7.04 0.000   7.739 0.000   5.906 0.000   1.834 0.000 0.028 0.000  0.057 0.559
353.25 354.25   27.55 0.000  1.26 0.000 9.999 0.259 9.99 0.259  0.054 0.000  0.721 0.000  1.009 0.000 99.99 0.259  11.227 0.000   8.208 0.000   3.019 0.000 0.035 0.000  0.162 0.000
356.25 357.25    6.71 0.000  0.20 0.000 0.081 0.000 0.07 0.000  0.076 0.559  0.530 0.000  0.742 0.000 99.99 0.259   3.681 0.000   2.142 0.000   1.540 0.000 0.009 0.000  0.069 0.559
359.25 360.25   20.27 0.000  1.26 0.000 0.099 0.000 0.40 0.000  0.416 0.000  1.328 0.000  1.859 0.000 99.99 0.259  13.931 0.000   5.143 0.000   8.788 0.000 0.049 0.000  1.042 0.000
362.25 363.25   25.11 0.000  0.53 0.000 9.999 0.259 9.99 0.259  0.028 0.559  0.312 0.000  0.436 0.000 99.99 0.259  11.658 0.000  10.058 0.000   1.600 0.000 0.024 0.000  0.094 0.559
