scripts/IMPROVE-2019_partial/data/US9041R.20030103080000.20191216000000.filterpack..pm25.1y.1w.US03L_filterpack_US9041.US03L_IMPROVE_Davis.lev2.nas
64 1001
MISSING INFORMATION
US03L, IMPROVE, , , , , , , 
MISSING INFORMATION
IMPROVE sel_HTAP
1 1
2003 01 01 2019 12 16
3.000000
days from file reference point
25
1 1 1 1 1 1 1 1 1 1 1 1 1 1 1 1 1 1 1 1 1 1 1 1 1
999.999999 9999.99 9.999 99.99 9.999 9.999 9.999999 9.99 9.999999 99.999 9.999 99.999 9.999 99.999 9.999 999.999 9.999 999.999 9.999 999.999 9.999 9.999 9.999 9.999 9.999
end_time of measurement, days from the file reference point
iron, ng/m3, Revision date=20181210133000
numflag iron, no unit, Revision date=20181210133000
lead, ng/m3, Revision date=20181210133000
numflag lead, no unit, Revision date=20181210133000
magnesium, ug/m3, Revision date=20181210133000
numflag magnesium, no unit, Revision date=20181210133000
nickel, ng/m3, Revision date=20181210133000
numflag nickel, no unit, Revision date=20181210133000
nitrate, ug N/m3, Revision date=20181210133000
numflag nitrate, no unit, Revision date=20181210133000
organic_carbon, ug C/m3, Revision date=20181210133000
numflag organic_carbon, no unit, Revision date=20181210133000
organic_mass, ug/m3, Revision date=20181210133000
numflag organic_mass, no unit, Revision date=20181210133000
pm10_mass, ug/m3, Version=2, Version description=Data extracted from http://views.cira.colostate.edu/fed/DataWizard 2019-12-16, Sample duration=1d, Orig. time res.=3d, Matrix=pm10, Blank correction=Blank corrected, Volume std. temperature=ambient, Volume std. pressure=ambient
numflag pm10_mass, no unit, Version=2, Version description=Data extracted from http://views.cira.colostate.edu/fed/DataWizard 2019-12-16, Sample duration=1d, Orig. time res.=3d, Matrix=pm10, Blank correction=Blank corrected, Volume std. temperature=ambient, Volume std. pressure=ambient
pm10_pm25_mass, ug/m3, Revision date=20181210133000, Matrix=pm10_pm25
numflag pm10_pm25_mass, no unit, Revision date=20181210133000, Matrix=pm10_pm25
pm25_mass, ug/m3, Version=2, Version description=Data extracted from http://views.cira.colostate.edu/fed/DataWizard 2019-12-16, Sample duration=1d, Orig. time res.=3d, Blank correction=Blank corrected, Volume std. temperature=ambient, Volume std. pressure=ambient
numflag pm25_mass, no unit, Version=2, Version description=Data extracted from http://views.cira.colostate.edu/fed/DataWizard 2019-12-16, Sample duration=1d, Orig. time res.=3d, Blank correction=Blank corrected, Volume std. temperature=ambient, Volume std. pressure=ambient
potassium, ug/m3, Revision date=20181210133000
numflag potassium, no unit, Revision date=20181210133000
sulphate_total, ug S/m3, Revision date=20181210133000
numflag sulphate_total, no unit, Revision date=20181210133000
0
25
Data definition:              EBAS_1.1
Set type code:                TU
Timezone:                     UTC
File name:                    US9041R.20030103080000.20191216000000.filterpack..pm25.1y.1w.US03L_filterpack_US9041.US03L_IMPROVE_Davis.lev2.nas
File creation:                20191218120806
Startdate:                    20030103080000
Revision date:                20191216000000
Statistics:                   arithmetic mean
Data level:                   2
Period code:                  1y
Resolution code:              1w
Station code:                 US9041R
Platform code:                US9041S
Station name:                 San Gabriel
Station latitude:             34.2969
Station longitude:            -118.0282
Station altitude:             1791.0 m
Regime:                       IMG
Component:                    
Matrix:                       pm25
Laboratory code:              US03L
Instrument type:              filterpack
Instrument name:              filterpack_US9041
Method ref:                   US03L_IMPROVE_Davis
starttime endtime Fe flag_Fe Pb flag_Pb Mg++ flag_Mg++ Ni flag_Ni NO3- flag_NO3- OC flag_OC OM flag_OM PM10 flag_PM10 PM10-PM2.5 flag_PM10-PM2.5 PM2.5 flag_PM2.5 K+ flag_K+ SO4-- flag_SO4--
  2.333333   3.333333   15.50 0.000  0.24 0.000 9.999 0.259000 0.93 0.000000  0.006 0.000  0.265 0.000  0.371 0.000   2.178 0.000   1.469 0.000   0.709 0.000 0.006 0.000 0.035 0.000
  5.333333   6.333333  165.56 0.000  0.18 0.000 9.999 0.259000 0.15 0.000000  0.021 0.000  0.346 0.000  0.484 0.000  31.811 0.000  28.126 0.000   3.685 0.000 0.079 0.000 0.111 0.000
  8.333333   9.333333   26.88 0.000  0.63 0.000 9.999 0.259000 0.19 0.000000  0.636 0.000  0.634 0.000  0.887 0.000  23.031 0.000  18.109 0.000   4.922 0.000 0.020 0.000 0.317 0.000
 11.333333  12.333333   14.62 0.000  0.77 0.000 0.016 0.000000 9.99 0.259000  0.074 0.000  0.416 0.000  0.583 0.000   7.697 0.000   6.515 0.000   1.183 0.000 0.010 0.000 0.079 0.000
 14.333333  15.333333   10.40 0.000  0.21 0.000 9.999 0.259000 0.10 0.000000  0.025 0.000  0.218 0.000  0.305 0.000   2.175 0.000   1.466 0.000   0.709 0.000 0.007 0.000 0.044 0.000
 17.333333  18.333333   31.08 0.000  0.71 0.000 9.999 0.259000 0.05 0.000000  0.153 0.000  0.515 0.000  0.721 0.000   4.058 0.000   2.724 0.000   1.334 0.000 0.011 0.000 0.028 0.000
 20.333333  21.333333   49.04 0.000  0.59 0.000 0.010 0.000000 0.55 0.000000  0.313 0.000  0.651 0.000  0.912 0.000   3.382 0.000   0.635 0.000   2.747 0.000 0.021 0.000 0.170 0.000
 23.333333  24.333333   14.41 0.000  0.33 0.000 0.010 0.000000 0.15 0.000000  0.071 0.000  0.313 0.000  0.439 0.000   3.138 0.000   1.875 0.000   1.263 0.000 0.012 0.000 0.085 0.000
 26.333333  27.333333   41.97 0.000  1.40 0.000 9.999 0.259000 9.99 0.259000  0.316 0.000  0.680 0.000  0.951 0.000   6.777 0.000   4.771 0.000   2.006 0.000 0.018 0.000 0.076 0.000
 29.333333  30.333333   15.60 0.000  0.29 0.000 0.023 0.000000 9.99 0.259000  0.015 0.000  0.261 0.000  0.366 0.000   2.609 0.000   1.854 0.000   0.755 0.000 0.016 0.000 0.062 0.000
 32.333333  33.333333   53.36 0.000  0.31 0.000 9.999 0.259000 9.99 0.259000  0.209 0.559  0.239 0.000  0.335 0.000  21.004 0.000  18.268 0.000   2.736 0.000 0.042 0.000 0.135 0.559
 35.333333  36.333333   38.54 0.000  0.33 0.000 9.999 0.259000 9.99 0.259000  0.193 0.559  0.217 0.000  0.304 0.000   9.629 0.000   7.675 0.000   1.953 0.000 0.027 0.000 0.063 0.559
 38.333333  39.333333   29.56 0.000  0.61 0.000 9.999 0.259000 0.05 0.000000  0.447 0.000  0.566 0.000  0.792 0.000   7.888 0.000   4.710 0.000   3.178 0.000 0.019 0.000 0.134 0.000
 41.333333  42.333333   10.83 0.000  0.15 0.000 9.999 0.259000 0.12 0.000000  0.013 0.559  0.036 0.000  0.050 0.000   0.767 0.000   0.617 0.000   0.150 0.000 0.006 0.000 0.011 0.559
 44.333333  45.333333   55.03 0.000  0.29 0.000 9.999 0.259000 0.85 0.000000  0.194 0.000  0.459 0.000  0.642 0.000   3.025 0.000   0.562 0.000   2.463 0.000 0.028 0.000 0.069 0.000
 47.333333  48.333333   26.34 0.000  0.80 0.000 9.999 0.259000 0.38 0.000000  0.421 0.000  0.581 0.000  0.814 0.000   4.942 0.000   1.455 0.000   3.487 0.000 0.014 0.000 0.149 0.000
 50.333333  51.333333   39.64 0.000  0.40 0.000 9.999 0.259000 0.40 0.000000  0.090 0.000  0.192 0.000  0.268 0.000   9.049 0.000   7.282 0.000   1.767 0.000 0.022 0.000 0.100 0.000
 53.333333  54.333333  114.99 0.000  2.01 0.000 9.999 0.259000 0.58 0.000000  1.407 0.559  1.123 0.000  1.571 0.000  19.865 0.000   8.322 0.000  11.543 0.000 0.066 0.000 0.236 0.559
 56.333333  57.333333    7.60 0.000  0.23 0.000 9.999 0.259000 9.99 0.259000  0.217 0.559  0.447 0.000  0.626 0.000   4.277 0.000   2.697 0.000   1.580 0.000 0.008 0.000 0.118 0.559
 59.333333  60.333333   19.02 0.000  0.66 0.000 0.017 0.000000 0.14 0.000000  0.617 0.000  0.930 0.000  1.302 0.000   8.596 0.000   3.493 0.000   5.103 0.000 0.016 0.000 0.292 0.000
 62.333333  63.333333    8.47 0.000  0.42 0.000 0.029 0.000000 0.14 0.000000  0.317 0.559  0.453 0.000  0.634 0.000   3.358 0.000   0.979 0.000   2.379 0.000 0.006 0.000 0.188 0.559
 65.333333  66.333333   62.51 0.000  2.10 0.000 9.999 0.259000 0.40 0.000000  1.205 0.000  1.550 0.000  2.171 0.000  15.446 0.000   6.670 0.000   8.777 0.000 0.030 0.000 0.232 0.000
 68.333333  69.333333   33.57 0.000  0.89 0.000 0.009 0.000000 0.12 0.000000  0.176 0.000  0.826 0.000  1.157 0.000   4.727 0.000   2.249 0.000   2.478 0.000 0.026 0.000 0.145 0.000
 71.333333  72.333333   53.21 0.000  1.12 0.000 9.999 0.259000 0.48 0.000000  0.560 0.000  0.832 0.000  1.165 0.000  11.027 0.000   6.446 0.000   4.581 0.000 0.029 0.000 0.250 0.000
 74.333333  75.333333   11.46 0.000  0.50 0.000 9.999 0.259000 9.99 0.259000  0.186 0.559  0.431 0.000  0.603 0.000   4.150 0.000   2.229 0.000   1.921 0.000 0.013 0.000 0.130 0.559
 77.333333  78.333333   36.55 0.000  0.67 0.000 9.999 0.259000 0.11 0.000000  0.205 0.559  0.468 0.000  0.655 0.000   6.013 0.000   3.930 0.000   2.083 0.000 0.026 0.000 0.110 0.559
 80.333333  81.333333   50.33 0.000  2.31 0.000 9.999 0.259000 0.42 0.000000  1.338 0.000  2.016 0.000  2.822 0.000  14.990 0.000   5.032 0.000   9.957 0.000 0.026 0.000 0.260 0.000
 83.333333  84.333333   48.38 0.000  0.96 0.000 9.999 0.259000 0.13 0.000000  0.187 0.000  1.065 0.000  1.491 0.000   6.055 0.000   2.613 0.000   3.442 0.000 0.032 0.000 0.213 0.000
 86.333333  87.333333   27.42 0.000  0.32 0.000 9.999 0.259000 9.99 0.259000  0.027 0.000  0.062 0.000  0.087 0.000   8.573 0.000   7.362 0.000   1.212 0.000 0.017 0.000 0.099 0.000
 89.333333  90.333333   58.74 0.000  1.35 0.000 0.019 0.000000 0.37 0.000000  0.617 0.000  1.225 0.000  1.715 0.000   9.501 0.000   4.933 0.000   4.568 0.000 0.017 0.000 0.134 0.000
 92.333333  93.333333   35.05 0.000  0.19 0.000 9.999 0.259000 9.99 0.259000  0.455 0.559  0.617 0.000  0.863 0.000  10.544 0.000   5.680 0.000   4.864 0.000 0.024 0.000 0.320 0.559
 95.333333  96.333333   48.53 0.000  1.40 0.000 0.011 0.000000 0.10 0.000000  0.273 0.559  0.500 0.000  0.701 0.000   5.801 0.000   2.344 0.000   3.457 0.000 0.030 0.000 0.352 0.559
 98.333333  99.333333   86.22 0.559  1.36 0.559 9.999 0.559259 0.12 0.559000  0.659 0.000  1.030 0.000  1.442 0.000  12.927 0.000   7.694 0.000   5.233 0.559 0.035 0.559 0.163 0.000
101.333333 102.333333   18.07 0.000  0.50 0.000 9.999 0.259000 0.14 0.000000  0.260 0.559  0.453 0.000  0.634 0.000   4.446 0.000   1.735 0.000   2.711 0.000 0.010 0.000 0.240 0.559
104.333333 105.333333   15.03 0.000  0.86 0.000 9.999 0.259000 0.28 0.000000  0.678 0.559  0.670 0.000  0.938 0.000   8.172 0.000   2.380 0.000   5.792 0.000 0.007 0.000 0.331 0.559
107.333333 108.333333   38.93 0.000  0.75 0.000 9.999 0.259000 0.15 0.000000  0.460 0.000  0.670 0.000  0.938 0.000   7.660 0.000   3.305 0.000   4.355 0.000 0.027 0.000 0.311 0.000
110.333333 111.333333   56.30 0.000  1.16 0.000 9.999 0.259000 0.25 0.000000  0.501 0.559  0.807 0.000  1.130 0.000  12.416 0.000   5.316 0.000   7.100 0.000 0.045 0.000 0.457 0.559
113.333333 114.333333   85.92 0.000  1.61 0.000 9.999 0.259000 0.53 0.000000  0.629 0.559  1.167 0.000  1.633 0.000  12.280 0.000   5.579 0.000   6.701 0.000 0.053 0.000 0.511 0.559
116.333333 117.333333   71.88 0.000  1.12 0.000 9.999 0.259000 0.40 0.000000  0.419 0.559  0.997 0.000  1.395 0.000   9.671 0.000   4.568 0.000   5.103 0.000 0.044 0.000 0.309 0.559
119.333333 120.333333   66.14 0.000  1.32 0.000 9.999 0.259000 0.48 0.000000  1.030 0.559  1.226 0.000  1.716 0.000  18.250 0.000   8.920 0.000   9.331 0.000 0.035 0.000 0.421 0.559
122.333333 123.333333    1.85 0.000  0.13 0.000 9.999 0.259000 9.99 0.259000  0.019 0.559  0.144 0.000  0.202 0.000   0.600 0.000   0.371 0.000   0.230 0.000 0.001 0.000 0.022 0.559
125.333333 126.333333   33.81 0.000  1.01 0.000 9.999 0.259000 0.27 0.000000  0.534 0.559  1.497 0.000  2.096 0.000  12.606 0.000   4.877 0.000   7.729 0.000 0.030 0.000 0.607 0.559
128.333333 129.333333   12.39 0.000  0.41 0.000 9.999 0.259000 0.04 0.000000  0.100 0.559  0.820 0.000  1.147 0.000   5.487 0.000   2.472 0.000   3.015 0.000 0.017 0.000 0.227 0.559
131.333333 132.333333   62.22 0.000  1.62 0.000 9.999 0.259000 0.19 0.000000  1.022 0.000  1.473 0.000  2.062 0.000  15.921 0.000   7.010 0.000   8.911 0.000 0.030 0.000 0.248 0.000
134.333333 135.333333   77.75 0.000  1.49 0.000 9.999 0.259000 0.18 0.000000  0.446 0.559  1.654 0.000  2.316 0.000  15.730 0.000   7.660 0.000   8.070 0.000 0.057 0.000 0.833 0.559
137.333333 138.333333   51.77 0.559  1.54 0.559 9.999 0.559259 0.25 0.559000  0.408 0.000  2.132 0.000  2.985 0.000  14.977 0.000   6.869 0.000   8.107 0.559 0.045 0.559 0.595 0.000
140.333333 141.333333   88.57 0.559  1.44 0.559 9.999 0.559259 0.10 0.559000  0.161 0.000  1.637 0.000  2.291 0.000  14.684 0.000   7.971 0.000   6.713 0.559 0.062 0.559 0.407 0.000
143.333333 144.333333   94.55 0.559  2.37 0.559 9.999 0.559259 0.18 0.559000  0.388 0.000  2.073 0.000  2.902 0.000  17.507 0.000   8.588 0.000   8.919 0.559 0.060 0.559 0.762 0.000
146.333333 147.333333   67.54 0.000  1.40 0.000 9.999 0.259000 0.11 0.000000  0.067 0.000  1.188 0.000  1.663 0.000  11.768 0.000   5.856 0.000   5.912 0.000 0.054 0.000 0.518 0.000
149.333333 150.333333   47.23 0.000  1.08 0.000 9.999 0.259000 0.25 0.000000  0.137 0.559  1.229 0.000  1.721 0.000  11.851 0.000   6.798 0.000   5.053 0.000 0.034 0.000 0.483 0.559
152.333333 153.333333   31.44 0.559  0.69 0.559 9.999 0.559259 0.16 0.559000  0.057 0.000  0.604 0.000  0.846 0.000   6.324 0.000   2.656 0.000   3.669 0.559 0.025 0.559 0.447 0.000
155.333333 156.333333   73.46 0.000  1.34 0.000 0.027 0.000000 0.16 0.000000  0.130 0.000  2.338 0.000  3.273 0.000  16.667 0.000   7.516 0.000   9.151 0.000 0.058 0.000 0.784 0.000
158.333333 159.333333   39.77 0.559  0.97 0.559 9.999 0.559259 0.13 0.559000  0.048 0.000  1.308 0.000  1.831 0.000   9.316 0.000   3.512 0.000   5.803 0.559 0.040 0.559 0.589 0.000
161.333333 162.333333   26.08 0.000  0.82 0.000 9.999 0.259000 0.27 0.000000  0.380 0.559  1.275 0.000  1.784 0.000   7.622 0.000   2.752 0.000   4.870 0.000 0.016 0.000 0.511 0.559
164.333333 165.333333   33.98 0.000  1.01 0.000 9.999 0.259000 0.13 0.000000  0.103 0.000  0.888 0.000  1.243 0.000   6.690 0.000   3.130 0.000   3.561 0.000 0.023 0.000 0.304 0.000
167.333333 168.333333   56.13 0.559  0.89 0.559 9.999 0.559259 0.15 0.559000  0.092 0.000  1.765 0.000  2.470 0.000  14.275 0.000   7.535 0.000   6.739 0.559 0.069 0.559 0.522 0.000
170.333333 171.333333   20.81 0.000  0.77 0.000 9.999 0.259000 0.17 0.000000  0.532 0.559  1.084 0.000  1.517 0.000  10.481 0.000   6.186 0.000   4.295 0.000 0.016 0.000 0.412 0.559
173.333333 174.333333   29.26 0.000  0.63 0.000 9.999 0.259000 0.25 0.000000  0.565 0.000  1.404 0.000  1.965 0.000  14.315 0.000   8.013 0.000   6.302 0.000 0.025 0.000 0.648 0.000
176.333333 177.333333   39.17 0.000  0.72 0.000 9.999 0.259000 0.15 0.000000  0.105 0.000  1.419 0.000  1.986 0.000  13.473 0.000   9.364 0.000   4.109 0.000 0.023 0.000 0.213 0.000
179.333333 180.333333   61.02 0.000  0.65 0.000 0.021 0.000000 0.11 0.000000  0.056 0.000  1.557 0.000  2.180 0.000  15.760 0.000  10.230 0.000   5.530 0.000 0.044 0.000 0.347 0.000
182.333333 183.333333   66.60 0.000  0.58 0.000 9.999 0.259000 0.35 0.000000  0.153 0.000  1.312 0.000  1.837 0.000  17.548 0.000  11.270 0.000   6.279 0.000 0.048 0.000 0.497 0.000
185.333333 186.333333   64.78 0.559  6.60 0.559 0.059 0.559000 0.23 0.559000  0.397 0.000  2.324 0.000  3.253 0.000  20.457 0.000   9.793 0.000  10.663 0.559 0.756 0.559 0.731 0.000
188.333333 189.333333   50.61 0.000  1.34 0.000 9.999 0.259000 0.18 0.000000  0.175 0.000  1.932 0.000  2.705 0.000  17.607 0.000  10.716 0.000   6.891 0.000 0.116 0.000 0.442 0.000
191.333333 192.333333   82.96 0.000  0.99 0.000 9.999 0.259000 0.24 0.000000  0.091 0.000  2.116 0.000  2.963 0.000  20.501 0.000  16.246 0.000   4.254 0.000 0.062 0.000 0.525 0.000
194.333333 195.333333 9999.99 0.999 99.99 0.999 9.999 0.999000 9.99 0.999000 99.999 0.999 99.999 0.999 99.999 0.999 999.999 0.999 999.999 0.999 999.999 0.999 9.999 0.999 9.999 0.999
197.333333 198.333333 9999.99 0.999 99.99 0.999 9.999 0.999000 9.99 0.999000 99.999 0.999 99.999 0.999 99.999 0.999 999.999 0.999 999.999 0.999 999.999 0.999 9.999 0.999 9.999 0.999
200.333333 201.333333 9999.99 0.999 99.99 0.999 9.999 0.999000 9.99 0.999000 99.999 0.999 99.999 0.999 99.999 0.999 999.999 0.999 999.999 0.999 999.999 0.999 9.999 0.999 9.999 0.999
203.333333 204.333333   69.00 0.559  1.23 0.559 9.999 0.559259 0.23 0.559000  0.089 0.000  1.804 0.000  2.526 0.000  18.335 0.000  10.666 0.000   7.668 0.559 0.060 0.559 0.591 0.000
206.333333 207.333333   67.42 0.000  1.20 0.000 9.999 0.259000 0.18 0.000000  0.052 0.000  1.551 0.000  2.171 0.000  20.152 0.000  12.581 0.000   7.570 0.000 0.131 0.000 0.161 0.000
209.333333 210.333333   85.75 0.000  0.98 0.000 0.029 0.000000 0.24 0.000000  0.158 0.000  1.357 0.000  1.899 0.000 999.999 0.456 999.999 0.999   6.881 0.000 0.054 0.000 0.523 0.000
212.333333 213.333333   81.01 0.000  2.00 0.000 9.999 0.259000 0.49 0.000000  0.155 0.000  1.283 0.000  1.797 0.000  12.661 0.000   6.378 0.000   6.283 0.000 0.046 0.000 0.549 0.000
215.333333 216.333333   29.28 0.000  0.62 0.000 9.999 0.259000 0.31 0.000000  0.094 0.000  1.451 0.000  2.031 0.000   6.098 0.000   2.700 0.000   3.397 0.000 0.014 0.000 0.253 0.000
218.333333 219.333333   26.98 0.000  0.68 0.000 9.999 0.259000 0.18 0.000000  0.044 0.000  0.668 0.000  0.935 0.000   6.237 0.000   4.096 0.000   2.142 0.000 0.011 0.000 0.097 0.000
221.333333 222.333333   42.41 0.000  0.70 0.000 9.999 0.259000 0.19 0.000000  0.054 0.000  0.821 0.000  1.149 0.000   5.994 0.000   2.021 0.000   3.973 0.000 0.024 0.000 0.366 0.000
224.333333 225.333333   24.54 0.000  0.41 0.000 9.999 0.259000 0.10 0.000000  0.036 0.000  0.497 0.000  0.696 0.000   4.258 0.000   2.273 0.000   1.984 0.000 0.011 0.000 0.153 0.000
227.333333 228.333333   89.56 0.000  1.68 0.000 9.999 0.259000 0.35 0.000000  0.258 0.000  2.330 0.000  3.261 0.000  16.800 0.000   8.273 0.000   8.527 0.000 0.058 0.000 0.538 0.000
230.333333 231.333333   41.73 0.000  0.88 0.000 9.999 0.259000 0.19 0.000000  0.173 0.000  1.073 0.000  1.502 0.000  10.542 0.000   6.382 0.000   4.161 0.000 0.048 0.000 0.270 0.000
233.333333 234.333333   27.08 0.000  0.82 0.000 9.999 0.259000 0.25 0.000000  0.148 0.000  0.718 0.000  1.005 0.000   6.321 0.000   3.145 0.000   3.175 0.000 0.015 0.000 0.317 0.000
236.333333 237.333333   63.75 0.000  0.94 0.000 9.999 0.259000 0.25 0.000000  0.102 0.000  1.277 0.000  1.787 0.000  13.682 0.000   7.407 0.000   6.276 0.000 0.046 0.000 0.559 0.000
239.333333 240.333333   56.89 0.000  1.79 0.000 9.999 0.259000 0.42 0.000000  0.166 0.000  1.724 0.000  2.414 0.000  13.552 0.000   6.916 0.000   6.636 0.000 0.030 0.000 0.552 0.000
242.333333 243.333333   38.54 0.000  1.14 0.000 0.087 0.000000 0.27 0.000000  0.125 0.000  1.149 0.000  1.608 0.000  11.742 0.000   6.426 0.000   5.316 0.000 0.033 0.000 0.524 0.000
245.333333 246.333333   41.14 0.000  0.87 0.000 9.999 0.259000 0.26 0.000000  0.064 0.000  1.108 0.000  1.552 0.000  20.541 0.000  15.942 0.000   4.599 0.000 0.029 0.000 0.417 0.000
248.333333 249.333333 9999.99 0.999 99.99 0.999 9.999 0.999000 9.99 0.999000 99.999 0.999 99.999 0.999 99.999 0.999 999.999 0.999 999.999 0.999 999.999 0.999 9.999 0.999 9.999 0.999
251.333333 252.333333 9999.99 0.999 99.99 0.999 9.999 0.999000 9.99 0.999000 99.999 0.999 99.999 0.999 99.999 0.999 999.999 0.999 999.999 0.999 999.999 0.999 9.999 0.999 9.999 0.999
254.333333 255.333333   54.89 0.000  1.00 0.000 9.999 0.259000 0.14 0.000000  0.101 0.000  1.542 0.000  2.159 0.000  10.273 0.000   5.572 0.000   4.701 0.000 0.029 0.000 0.275 0.000
257.333333 258.333333   42.25 0.000  1.10 0.000 9.999 0.259000 0.15 0.000000  0.069 0.000  0.856 0.000  1.198 0.000   8.805 0.000   3.763 0.000   5.042 0.000 0.046 0.000 0.555 0.000
260.333333 261.333333   72.79 0.559  0.99 0.559 9.999 0.559259 0.16 0.559000  0.110 0.000  1.183 0.000  1.656 0.000  12.386 0.000   7.931 0.000   4.455 0.559 0.046 0.559 0.277 0.000
