scripts/IMPROVE-2019_partial/data/US9011R.20140102060000.20191216000000.filterpack...52w.3d.US03L_filterpack_US9011.US03L_IMPROVE_Davis.lev2.nas
52 1001
MISSING INFORMATION
US03L, IMPROVE, , , , , , , 
MISSING INFORMATION
IMPROVE sel_HTAP
1 1
2014 01 01 2019 12 16
3.00
days from file reference point
5
1 1 1 1 1
999.99 999.999 9.999 999.999 9.999
end_time of measurement, days from the file reference point
pm10_mass, ug/m3, Matrix=pm10
numflag pm10_mass, no unit, Matrix=pm10
pm25_mass, ug/m3, Matrix=pm25
numflag pm25_mass, no unit, Matrix=pm25
0
33
Data definition:              EBAS_1.1
Set type code:                TU
Timezone:                     UTC
File name:                    US9011R.20140102060000.20191216000000.filterpack...52w.3d.US03L_filterpack_US9011.US03L_IMPROVE_Davis.lev2.nas
File creation:                20191218120554
Startdate:                    20140102060000
Revision date:                20191216000000
Version:                      2
Version description:          "Data extracted from http://views.cira.colostate.edu/fed/DataWizard 2019-12-16"
Statistics:                   arithmetic mean
Data level:                   2
Period code:                  52w
Resolution code:              3d
Sample duration:              1d
Orig. time res.:              3d
Station code:                 US9011R
Platform code:                US9011S
Station name:                 Mingo
Station latitude:             36.9717
Station longitude:            -90.1432
Station altitude:             111.0 m
Regime:                       IMG
Component:                    
Unit:                         ug/m3
Matrix:                       
Laboratory code:              US03L
Instrument type:              filterpack
Instrument name:              filterpack_US9011
Method ref:                   US03L_IMPROVE_Davis
Blank correction:             Blank corrected
Volume std. temperature:      ambient
Volume std. pressure:         ambient
starttime endtime PM10 flag_PM10 PM2.5 flag_PM2.5
  1.25   2.25   6.188 0.000   5.143 0.000
  4.25   5.25   5.894 0.000   3.837 0.000
  7.25   8.25   7.633 0.000   3.768 0.000
 10.25  11.25   5.586 0.000   3.665 0.000
 13.25  14.25   7.120 0.000   3.412 0.000
 16.25  17.25  19.925 0.000   5.351 0.000
 19.25  20.25  34.936 0.000  12.186 0.000
 22.25  23.25  10.439 0.000   4.072 0.000
 25.25  26.25 999.999 0.999 999.999 0.999
 28.25  29.25  39.169 0.000  13.379 0.000
 31.25  32.25 999.999 0.999 999.999 0.999
 34.25  35.25  16.589 0.000  14.919 0.000
 37.25  38.25   9.587 0.000   6.202 0.000
 40.25  41.25  11.960 0.000   9.255 0.000
 43.25  44.25  22.099 0.000  17.591 0.000
 46.25  47.25  16.082 0.000  13.337 0.000
 49.25  50.25 999.999 0.999 999.999 0.999
 52.25  53.25 999.999 0.999 999.999 0.999
 55.25  56.25 999.999 0.999 999.999 0.999
 58.25  59.25  19.606 0.000   7.190 0.000
 61.25  62.25   8.792 0.000   5.803 0.000
 64.25  65.25  22.489 0.000  18.376 0.000
 67.25  68.25  21.280 0.000  19.355 0.000
 70.25  71.25 999.999 0.999 999.999 0.999
 73.25  74.25 999.999 0.999 999.999 0.999
 76.25  77.25 999.999 0.999 999.999 0.999
 79.25  80.25  35.413 0.000  10.303 0.000
 82.25  83.25  11.172 0.000   6.309 0.000
 85.25  86.25  34.158 0.000   9.393 0.000
 88.25  89.25  15.503 0.000  12.311 0.000
 91.25  92.25  14.707 0.000   7.866 0.000
 94.25  95.25  12.420 0.000   5.479 0.000
 97.25  98.25   7.226 0.000   5.127 0.000
100.25 101.25  20.077 0.000   9.371 0.000
103.25 104.25   3.416 0.000   1.799 0.000
106.25 107.25  23.237 0.000   7.583 0.000
109.25 110.25  48.498 0.000  16.498 0.000
112.25 113.25  19.704 0.000   7.749 0.000
115.25 116.25  19.355 0.000   5.914 0.000
118.25 119.25  13.314 0.000   2.542 0.000
121.25 122.25  20.373 0.000   5.446 0.000
124.25 125.25  39.506 0.000  10.150 0.000
127.25 128.25  28.483 0.000   8.752 0.000
130.25 131.25  12.400 0.000   6.285 0.000
133.25 134.25   6.006 0.000   2.864 0.000
136.25 137.25  10.350 0.000   4.778 0.000
139.25 140.25  23.773 0.000   8.941 0.000
142.25 143.25  17.166 0.000   7.774 0.000
145.25 146.25  35.373 0.000  13.550 0.000
148.25 149.25   8.007 0.000   3.789 0.000
151.25 152.25  13.006 0.000   5.554 0.000
154.25 155.25  14.801 0.000   8.833 0.000
157.25 158.25   9.140 0.000   4.139 0.000
160.25 161.25   8.941 0.000   3.805 0.000
163.25 164.25  13.668 0.000   4.281 0.000
166.25 167.25  27.124 0.000 999.999 0.456
169.25 170.25  30.973 0.000  12.347 0.000
172.25 173.25  12.370 0.000   5.602 0.000
175.25 176.25  14.914 0.000   6.967 0.000
178.25 179.25  10.336 0.000   4.999 0.000
181.25 182.25  56.768 0.000  19.264 0.000
184.25 185.25  15.958 0.000  10.181 0.000
187.25 188.25  22.054 0.000  13.989 0.000
190.25 191.25  20.291 0.000  12.579 0.000
193.25 194.25  41.766 0.000  19.708 0.000
196.25 197.25  11.152 0.000   5.171 0.000
199.25 200.25  14.987 0.000  10.476 0.000
202.25 203.25  28.586 0.000  15.585 0.000
205.25 206.25  16.646 0.000   8.484 0.000
208.25 209.25  10.381 0.000   4.607 0.000
211.25 212.25  18.909 0.000   8.793 0.000
214.25 215.25  20.915 0.000  14.723 0.000
217.25 218.25  12.184 0.000   8.348 0.000
220.25 221.25  11.693 0.000   7.246 0.000
223.25 224.25 999.999 0.999 999.999 0.999
226.25 227.25  25.877 0.000  11.947 0.000
229.25 230.25  18.511 0.000  10.392 0.000
232.25 233.25  38.738 0.000  15.456 0.000
235.25 236.25  32.075 0.000  15.533 0.000
238.25 239.25  28.198 0.000  16.374 0.000
241.25 242.25  11.600 0.000   6.345 0.000
244.25 245.25  12.027 0.000   5.267 0.000
247.25 248.25  24.091 0.000  11.799 0.000
250.25 251.25  27.617 0.000  14.954 0.000
253.25 254.25 999.999 0.999 999.999 0.999
256.25 257.25 999.999 0.999 999.999 0.999
259.25 260.25  11.573 0.000   6.904 0.000
262.25 263.25 999.999 0.999 999.999 0.999
265.25 266.25 999.999 0.999 999.999 0.999
268.25 269.25  29.318 0.000  18.794 0.000
271.25 272.25  28.599 0.000  11.601 0.000
274.25 275.25  15.181 0.000   8.397 0.000
277.25 278.25  14.447 0.000   4.717 0.000
280.25 281.25  13.451 0.000   4.348 0.000
283.25 284.25   7.842 0.000   5.002 0.000
286.25 287.25   3.360 0.000   1.188 0.000
289.25 290.25  13.988 0.000   5.364 0.000
292.25 293.25  17.198 0.000   6.823 0.000
295.25 296.25  18.969 0.000   6.312 0.000
298.25 299.25  25.754 0.000  13.852 0.000
301.25 302.25  10.713 0.000   3.877 0.000
304.25 305.25  13.488 0.000   3.721 0.000
307.25 308.25  15.169 0.000   7.701 0.000
310.25 311.25  12.799 0.000   3.622 0.000
313.25 314.25  16.720 0.000   6.245 0.000
316.25 317.25  10.273 0.000   4.655 0.000
319.25 320.25  16.416 0.000  12.300 0.000
322.25 323.25  10.481 0.000   5.799 0.000
325.25 326.25  14.114 0.000  10.114 0.000
328.25 329.25  10.765 0.000   4.940 0.000
331.25 332.25   9.409 0.000   6.280 0.000
334.25 335.25  10.481 0.000   7.488 0.000
337.25 338.25  10.530 0.000   8.397 0.000
340.25 341.25  14.585 0.000  11.283 0.000
343.25 344.25   7.118 0.000   4.684 0.000
346.25 347.25  17.563 0.000  10.290 0.000
349.25 350.25   3.776 0.000   2.048 0.000
352.25 353.25  11.741 0.000   8.849 0.000
355.25 356.25   8.332 0.000   6.365 0.000
358.25 359.25 999.999 0.999 999.999 0.999
361.25 362.25 999.999 0.999 999.999 0.999
364.25 365.25  12.222 0.000   5.795 0.000
