scripts/IMPROVE-2019_partial/data/US9051U.20040101050000.20191216000000.filterpack..pm25.52w.1w.US03L_filterpack_US9051.US03L_IMPROVE_Davis.lev2.nas
64 1001
MISSING INFORMATION
US03L, IMPROVE, , , , , , , 
MISSING INFORMATION
IMPROVE sel_HTAP
1 1
2004 01 01 2019 12 16
3.000000
days from file reference point
25
1 1 1 1 1 1 1 1 1 1 1 1 1 1 1 1 1 1 1 1 1 1 1 1 1
999.999999 9999.99 9.999 999.99 9.999 9.999 9.999999 99.99 9.999 99.999 9.999 99.999 9.999 999.999 9.999 999.999 9.999 999.999 9.999 999.999 9.999 9.999 9.999 99.999 9.999
end_time of measurement, days from the file reference point
iron, ng/m3, Revision date=20181210133000
numflag iron, no unit, Revision date=20181210133000
lead, ng/m3, Revision date=20181210133000
numflag lead, no unit, Revision date=20181210133000
magnesium, ug/m3, Revision date=20181210133000
numflag magnesium, no unit, Revision date=20181210133000
nickel, ng/m3, Revision date=20181210133000
numflag nickel, no unit, Revision date=20181210133000
nitrate, ug N/m3, Revision date=20181210133000
numflag nitrate, no unit, Revision date=20181210133000
organic_carbon, ug C/m3, Revision date=20181210133000
numflag organic_carbon, no unit, Revision date=20181210133000
organic_mass, ug/m3, Revision date=20181210133000
numflag organic_mass, no unit, Revision date=20181210133000
pm10_mass, ug/m3, Version=2, Version description=Data extracted from http://views.cira.colostate.edu/fed/DataWizard 2019-12-16, Sample duration=1d, Orig. time res.=3d, Matrix=pm10, Blank correction=Blank corrected, Volume std. temperature=ambient, Volume std. pressure=ambient
numflag pm10_mass, no unit, Version=2, Version description=Data extracted from http://views.cira.colostate.edu/fed/DataWizard 2019-12-16, Sample duration=1d, Orig. time res.=3d, Matrix=pm10, Blank correction=Blank corrected, Volume std. temperature=ambient, Volume std. pressure=ambient
pm10_pm25_mass, ug/m3, Revision date=20181210133000, Matrix=pm10_pm25
numflag pm10_pm25_mass, no unit, Revision date=20181210133000, Matrix=pm10_pm25
pm25_mass, ug/m3, Version=2, Version description=Data extracted from http://views.cira.colostate.edu/fed/DataWizard 2019-12-16, Sample duration=1d, Orig. time res.=3d, Blank correction=Blank corrected, Volume std. temperature=ambient, Volume std. pressure=ambient
numflag pm25_mass, no unit, Version=2, Version description=Data extracted from http://views.cira.colostate.edu/fed/DataWizard 2019-12-16, Sample duration=1d, Orig. time res.=3d, Blank correction=Blank corrected, Volume std. temperature=ambient, Volume std. pressure=ambient
potassium, ug/m3, Revision date=20181210133000
numflag potassium, no unit, Revision date=20181210133000
sulphate_total, ug S/m3, Revision date=20181210133000
numflag sulphate_total, no unit, Revision date=20181210133000
0
25
Data definition:              EBAS_1.1
Set type code:                TU
Timezone:                     UTC
File name:                    US9051U.20040101050000.20191216000000.filterpack..pm25.52w.1w.US03L_filterpack_US9051.US03L_IMPROVE_Davis.lev2.nas
File creation:                20191218120856
Startdate:                    20040101050000
Revision date:                20191216000000
Statistics:                   arithmetic mean
Data level:                   2
Period code:                  52w
Resolution code:              1w
Station code:                 US9051U
Platform code:                US9051S
Station name:                 Washington D.C.
Station latitude:             38.8762
Station longitude:            -77.0344
Station altitude:             15.0 m
Regime:                       IMG
Component:                    
Matrix:                       pm25
Laboratory code:              US03L
Instrument type:              filterpack
Instrument name:              filterpack_US9051
Method ref:                   US03L_IMPROVE_Davis
starttime endtime Fe flag_Fe Pb flag_Pb Mg++ flag_Mg++ Ni flag_Ni NO3- flag_NO3- OC flag_OC OM flag_OM PM10 flag_PM10 PM10-PM2.5 flag_PM10-PM2.5 PM2.5 flag_PM2.5 K+ flag_K+ SO4-- flag_SO4--
  0.208333   1.208333  137.92 0.000   2.82 0.000 9.999 0.259000  0.09 0.000  0.315 0.000  2.747 0.000   3.846 0.000  11.749 0.000   4.452 0.000   7.298 0.000 0.072 0.000  0.630 0.000
  3.208333   4.208333   62.95 0.000   3.83 0.000 9.999 0.259000  0.71 0.000  0.506 0.000  3.720 0.000   5.209 0.000  21.729 0.000   5.233 0.000  16.497 0.000 0.080 0.000  1.867 0.000
  6.208333   7.208333   54.52 0.000   0.63 0.000 9.999 0.259000  0.08 0.000  0.293 0.000  1.030 0.000   1.441 0.000   8.774 0.000   3.731 0.000   5.043 0.000 0.020 0.000  0.606 0.000
  9.208333  10.208333   41.33 0.000   1.37 0.000 9.999 0.259000  0.43 0.000  0.399 0.000  1.739 0.000   2.435 0.000  10.230 0.000   3.604 0.000   6.626 0.000 0.038 0.000  0.320 0.000
 12.208333  13.208333   62.99 0.000   1.91 0.000 9.999 0.259000  0.21 0.000  0.192 0.000  1.332 0.000   1.865 0.000  11.072 0.000   4.428 0.000   6.644 0.000 0.021 0.000  0.982 0.000
 15.208333  16.208333   58.13 0.559   1.60 0.559 9.999 0.559259  0.22 0.559  0.153 0.559  0.854 0.000   1.195 0.000   8.237 0.000   4.694 0.000   3.544 0.559 0.023 0.559  0.375 0.559
 18.208333  19.208333   37.23 0.000   1.50 0.000 9.999 0.259000 99.99 0.259  0.166 0.000  1.084 0.000   1.517 0.000   7.979 0.000   2.648 0.000   5.331 0.000 0.025 0.000  0.742 0.000
 21.208333  22.208333   70.95 0.000   2.14 0.000 9.999 0.259000  0.81 0.000  0.477 0.559  3.075 0.000   4.306 0.000  16.179 0.000   6.334 0.000   9.845 0.000 0.054 0.000  0.770 0.559
 24.208333  25.208333   37.73 0.559   2.02 0.559 9.999 0.559259  0.67 0.559  0.262 0.559  1.046 0.000   1.465 0.000   8.295 0.000   3.200 0.000   5.094 0.559 0.026 0.559  0.350 0.559
 27.208333  28.208333   54.50 0.000   1.66 0.000 9.999 0.259000  0.33 0.000  0.328 0.559  1.652 0.000   2.313 0.000  15.432 0.000   6.307 0.000   9.125 0.000 0.040 0.000  1.206 0.559
 30.208333  31.208333   51.54 0.000   2.18 0.000 9.999 0.259000  0.14 0.000  0.421 0.559  1.455 0.000   2.037 0.000  12.663 0.000   4.537 0.000   8.126 0.000 0.034 0.000  0.820 0.559
 33.208333  34.208333  149.44 0.000   6.02 0.000 9.999 0.259000  4.15 0.000  1.321 0.559  3.110 0.000   4.354 0.000  23.740 0.000   5.253 0.000  18.487 0.000 0.057 0.000  0.872 0.559
 36.208333  37.208333  103.80 0.000   2.99 0.000 9.999 0.259000  1.93 0.000  0.614 0.559  3.930 0.000   5.502 0.000  15.175 0.000   2.132 0.000  13.043 0.000 0.037 0.000  0.739 0.559
 39.208333  40.208333   77.42 0.659   1.56 0.659 9.999 0.659259  0.31 0.659  0.247 0.659 99.999 0.999 999.999 0.999  27.931 0.659 999.999 0.999  22.445 0.659 0.045 0.659  1.079 0.659
 42.208333  43.208333   91.52 0.000   4.19 0.000 9.999 0.259000  1.02 0.000  0.799 0.559  2.851 0.000   3.992 0.000  21.539 0.000   7.100 0.000  14.439 0.000 0.053 0.000  1.352 0.559
 45.208333  46.208333   80.95 0.000   2.05 0.000 9.999 0.259000  0.21 0.000  0.893 0.559  2.311 0.000   3.236 0.000  16.881 0.000   4.130 0.000  12.751 0.000 0.050 0.000  1.287 0.559
 48.208333  49.208333  124.85 0.000   4.10 0.000 9.999 0.259000  1.70 0.000  1.342 0.559  2.413 0.000   3.377 0.000  28.829 0.000  12.654 0.000  16.174 0.000 0.056 0.000  0.815 0.559
 51.208333  52.208333   50.18 0.000   0.99 0.000 9.999 0.259000  0.20 0.000  0.126 0.559  1.110 0.000   1.554 0.000  12.427 0.000   4.541 0.000   7.886 0.000 0.025 0.000  1.441 0.559
 54.208333  55.208333   67.68 0.000   5.78 0.000 9.999 0.259000  1.78 0.000  1.234 0.559  3.799 0.000   5.318 0.000  23.800 0.000   4.832 0.000  18.968 0.000 0.106 0.000  1.389 0.559
 57.208333  58.208333   98.77 0.000   6.80 0.000 9.999 0.259000  0.80 0.000  0.489 0.559  1.578 0.000   2.210 0.000  16.020 0.000   8.407 0.000   7.613 0.000 0.042 0.000  0.937 0.559
 60.208333  61.208333  211.16 0.000   3.69 0.000 9.999 0.259000  0.17 0.000  0.222 0.000  5.160 0.000   7.224 0.000  21.201 0.000   8.070 0.000  13.130 0.000 0.104 0.000  1.009 0.000
 63.208333  64.208333  168.51 0.000   9.77 0.000 9.999 0.259000  1.57 0.000  2.129 0.559  4.056 0.000   5.679 0.000  36.045 0.000   8.619 0.000  27.426 0.000 0.084 0.000  2.175 0.559
 66.208333  67.208333   39.90 0.000   1.24 0.000 0.079 0.000000 99.99 0.259  0.094 0.559  0.913 0.000   1.278 0.000   8.472 0.000   1.585 0.000   6.886 0.000 0.019 0.000  1.287 0.559
 69.208333  70.208333  105.79 0.000   4.98 0.000 9.999 0.259000  1.17 0.000  1.234 0.559  2.530 0.000   3.541 0.000  23.825 0.000   6.333 0.000  17.492 0.000 0.040 0.000  1.423 0.559
 72.208333  73.208333   70.64 0.000   2.87 0.000 9.999 0.259000 99.99 0.259  0.426 0.559  1.197 0.000   1.676 0.000  12.928 0.000   3.938 0.000   8.990 0.000 0.037 0.000  1.267 0.559
 75.208333  76.208333   64.11 0.000   4.32 0.000 0.072 0.000000  0.86 0.000  0.642 0.559  2.015 0.000   2.821 0.000  12.485 0.000   3.177 0.000   9.308 0.000 0.031 0.000  0.659 0.559
 78.208333  79.208333  124.78 0.000   3.26 0.000 9.999 0.259000  1.03 0.000  0.827 0.559  2.481 0.000   3.474 0.000  23.222 0.000   5.282 0.000  17.940 0.000 0.031 0.000  2.381 0.559
 81.208333  82.208333   77.45 0.000   1.98 0.000 9.999 0.259000  0.27 0.000  0.116 0.559  1.121 0.000   1.569 0.000  13.446 0.000   7.993 0.000   5.452 0.000 0.029 0.000  0.699 0.559
 84.208333  85.208333  107.65 0.000   5.46 0.000 9.999 0.259000  0.32 0.000  0.194 0.559  4.233 0.000   5.926 0.000  20.536 0.000   7.926 0.000  12.610 0.000 0.112 0.000  1.138 0.559
 87.208333  88.208333   32.48 0.000   2.79 0.000 9.999 0.259000  0.55 0.000  0.295 0.559  1.380 0.000   1.932 0.000   9.693 0.000   3.328 0.000   6.366 0.000 0.026 0.000  0.917 0.559
 90.208333  91.208333  107.30 0.000  10.40 0.000 9.999 0.259000  1.75 0.000  0.448 0.000  1.525 0.000   2.135 0.000  20.322 0.000   6.198 0.000  14.123 0.000 0.061 0.000  2.752 0.000
 93.208333  94.208333   61.37 0.000   1.87 0.000 9.999 0.259000  0.60 0.000  0.445 0.559  1.598 0.000   2.237 0.000  10.782 0.000   2.812 0.000   7.970 0.000 0.021 0.000  1.084 0.559
 96.208333  97.208333  137.67 0.000   2.40 0.000 9.999 0.259000 99.99 0.259  0.184 0.559  1.595 0.000   2.233 0.000  12.871 0.000   7.765 0.000   5.106 0.000 0.033 0.000  0.822 0.559
 99.208333 100.208333  167.40 0.000   9.63 0.000 9.999 0.259000  0.70 0.000  1.249 0.559  2.400 0.000   3.360 0.000  28.687 0.000  11.029 0.000  17.658 0.000 0.067 0.000  1.880 0.559
102.208333 103.208333   60.88 0.000   5.65 0.000 9.999 0.259000  0.93 0.000  1.422 0.559  1.741 0.000   2.437 0.000  17.196 0.000   2.486 0.000  14.709 0.000 0.038 0.000  0.867 0.559
105.208333 106.208333   85.06 0.000   2.69 0.000 9.999 0.259000 99.99 0.259  0.067 0.559  1.224 0.000   1.714 0.000   9.868 0.000   4.958 0.000   4.910 0.000 0.031 0.000  0.594 0.559
108.208333 109.208333  116.16 0.000   4.42 0.000 9.999 0.259000  0.15 0.000  0.107 0.559  5.360 0.000   7.504 0.000  27.887 0.000   8.063 0.000  19.824 0.000 0.085 0.000  2.239 0.559
111.208333 112.208333   71.53 0.000   1.93 0.000 0.035 0.000000  3.23 0.000  0.290 0.559  2.932 0.000   4.104 0.000  22.760 0.000   9.311 0.000  13.449 0.000 0.050 0.000  1.705 0.559
114.208333 115.208333  110.26 0.000   5.51 0.000 9.999 0.259000  0.86 0.000  0.604 0.559  2.157 0.000   3.020 0.000  20.397 0.000   5.951 0.000  14.446 0.000 0.060 0.000  2.226 0.559
117.208333 118.208333  113.21 0.000   2.04 0.000 9.999 0.259000  0.07 0.000  0.287 0.559  0.953 0.000   1.334 0.000  11.271 0.000   5.003 0.000   6.268 0.000 0.039 0.000  0.843 0.559
120.208333 121.208333   60.06 0.000   3.19 0.000 9.999 0.259000  0.29 0.000  0.119 0.559  2.922 0.000   4.091 0.000  17.651 0.000   6.399 0.000  11.252 0.000 0.056 0.000  1.280 0.559
123.208333 124.208333   63.13 0.000   3.42 0.000 9.999 0.259000  0.16 0.000  0.260 0.559  1.284 0.000   1.797 0.000  10.217 0.000   2.144 0.000   8.073 0.000 0.014 0.000  1.203 0.559
126.208333 127.208333  133.09 0.000   3.32 0.000 9.999 0.259000  1.11 0.000  0.153 0.559  2.512 0.000   3.517 0.000  15.489 0.000   5.160 0.000  10.329 0.000 0.041 0.000  1.263 0.559
129.208333 130.208333   50.32 0.000   2.25 0.000 0.066 0.000000  1.45 0.000  0.266 0.559  2.851 0.000   3.991 0.000  25.907 0.000  11.051 0.000  14.856 0.000 0.070 0.000  1.809 0.559
132.208333 133.208333  101.21 0.000   2.48 0.000 9.999 0.259000  1.86 0.000  0.133 0.000  4.398 0.000   6.157 0.000  30.584 0.000   7.191 0.000  23.393 0.000 0.067 0.000  3.080 0.000
135.208333 136.208333   78.65 0.000   1.97 0.000 9.999 0.259000  1.37 0.000  0.113 0.559  2.875 0.000   4.025 0.000  20.330 0.000   6.968 0.000  13.361 0.000 0.059 0.000  1.627 0.559
138.208333 139.208333   76.89 0.000   1.64 0.000 9.999 0.259000  2.28 0.000  0.134 0.559  2.856 0.000   3.998 0.000  19.208 0.000   5.025 0.000  14.182 0.000 0.048 0.000  1.831 0.559
141.208333 142.208333  119.55 0.000   2.64 0.000 0.062 0.000000  2.03 0.000  0.256 0.559  2.939 0.000   4.115 0.000  23.876 0.000   6.162 0.000  17.714 0.000 0.040 0.000  2.801 0.559
144.208333 145.208333   66.75 0.000   1.73 0.000 9.999 0.259000  0.95 0.000  0.065 0.559  3.615 0.000   5.062 0.000  22.201 0.000   5.593 0.000  16.608 0.000 0.040 0.000  2.057 0.559
147.208333 148.208333   69.99 0.000   1.43 0.000 0.042 0.000000  1.09 0.000  0.048 0.559  1.981 0.000   2.773 0.000  12.912 0.000   4.247 0.000   8.666 0.000 0.034 0.000  1.006 0.559
150.208333 151.208333   64.40 0.000   4.14 0.000 0.051 0.000000  0.87 0.000  0.144 0.559  2.678 0.000   3.749 0.000  15.525 0.000   3.882 0.000  11.643 0.000 0.045 0.000  1.271 0.559
153.208333 154.208333  100.87 0.000   1.13 0.000 9.999 0.259000  0.22 0.000  0.040 0.559  1.389 0.000   1.944 0.000  11.972 0.000   4.938 0.000   7.034 0.000 0.026 0.000  0.740 0.559
156.208333 157.208333  142.14 0.000   5.23 0.000 9.999 0.259000  0.99 0.000  0.253 0.559  1.034 0.000   1.448 0.000   8.260 0.000   2.434 0.000   5.826 0.000 0.029 0.000  0.701 0.559
159.208333 160.208333   48.35 0.000   3.18 0.000 0.110 0.000000  0.76 0.000  0.209 0.559  3.153 0.000   4.415 0.000  25.391 0.000   2.535 0.000  22.855 0.000 0.030 0.000  3.673 0.559
162.208333 163.208333  140.79 0.000   3.80 0.000 9.999 0.259000  0.37 0.000  0.148 0.559  1.133 0.000   1.587 0.000  11.646 0.000   3.760 0.000   7.886 0.000 0.053 0.000  0.922 0.559
165.208333 166.208333   49.29 0.000   1.10 0.000 0.146 0.000000  0.37 0.000  0.086 0.559  2.164 0.000   3.030 0.000  17.216 0.000   5.195 0.000  12.021 0.000 0.037 0.000  1.652 0.559
168.208333 169.208333 9999.99 0.999 999.99 0.999 9.999 0.999000 99.99 0.999 99.999 0.999 99.999 0.999 999.999 0.999 999.999 0.999 999.999 0.999 999.999 0.999 9.999 0.999 99.999 0.999
171.208333 172.208333 9999.99 0.999 999.99 0.999 9.999 0.999000 99.99 0.999 99.999 0.999 99.999 0.999 999.999 0.999 999.999 0.999 999.999 0.999 999.999 0.999 9.999 0.999 99.999 0.999
174.208333 175.208333 9999.99 0.999 999.99 0.999 9.999 0.999000 99.99 0.999 99.999 0.999 99.999 0.999 999.999 0.999 999.999 0.999 999.999 0.999 999.999 0.999 9.999 0.999 99.999 0.999
177.208333 178.208333   89.94 0.000   2.61 0.000 9.999 0.259000  0.33 0.000  0.146 0.559  2.357 0.000   3.300 0.000  21.589 0.000   3.356 0.000  18.233 0.000 0.055 0.000  3.025 0.559
180.208333 181.208333  144.74 0.000   2.89 0.000 9.999 0.259000  0.36 0.000  0.060 0.000  1.652 0.000   2.313 0.000  17.524 0.000   4.179 0.000  13.345 0.000 0.044 0.000  1.923 0.000
183.208333 184.208333  154.12 0.000   3.25 0.000 9.999 0.259000  0.30 0.000  0.061 0.559  3.684 0.000   5.157 0.000  39.839 0.000   7.783 0.000  32.056 0.000 0.076 0.000  5.361 0.559
186.208333 187.208333   71.97 0.000   3.27 0.000 9.999 0.259000  0.45 0.000  0.105 0.559  2.180 0.000   3.052 0.000  17.341 0.000   3.813 0.000  13.528 0.000 0.468 0.000  1.916 0.559
189.208333 190.208333  150.76 0.000   0.99 0.000 9.999 0.259000  0.17 0.000  0.057 0.000  2.426 0.000   3.396 0.000  19.683 0.000   6.156 0.000  13.527 0.000 0.053 0.000  1.832 0.000
192.208333 193.208333  193.43 0.000   5.69 0.000 9.999 0.259000  3.96 0.000  0.077 0.559  4.167 0.000   5.833 0.000  40.757 0.000   4.468 0.000  36.289 0.000 0.123 0.000  7.341 0.559
195.208333 196.208333   78.86 0.000   4.15 0.000 0.072 0.000000  2.46 0.000  0.142 0.559  2.787 0.000   3.902 0.000  24.142 0.000   5.401 0.000  18.741 0.000 0.034 0.000  2.948 0.559
198.208333 199.208333  121.18 0.000   1.63 0.000 9.999 0.259000  0.16 0.000  0.090 0.000  8.525 0.000  11.935 0.000  31.065 0.000   3.196 0.000  27.870 0.000 0.132 0.000  2.325 0.000
201.208333 202.208333  123.56 0.000   1.85 0.000 9.999 0.259000  0.33 0.000  0.066 0.559  4.237 0.000   5.932 0.000  31.392 0.000   5.344 0.000  26.048 0.000 0.062 0.000  3.856 0.559
204.208333 205.208333   70.36 0.000   3.13 0.000 9.999 0.259000  1.55 0.000  0.166 0.559  3.559 0.000   4.983 0.000  27.778 0.000   4.021 0.000  23.757 0.000 0.056 0.000  3.415 0.559
207.208333 208.208333   66.41 0.000   1.38 0.000 0.050 0.000000  0.57 0.000  0.080 0.559  1.338 0.000   1.873 0.000  26.792 0.000  15.357 0.000  11.434 0.000 0.041 0.000  1.504 0.559
210.208333 211.208333 9999.99 0.999 999.99 0.999 9.999 0.999000 99.99 0.999 99.999 0.999 99.999 0.999 999.999 0.999 999.999 0.999 999.999 0.999 999.999 0.999 9.999 0.999 99.999 0.999
213.208333 214.208333   33.35 0.000   1.34 0.000 9.999 0.259000  1.19 0.000  0.113 0.559  1.282 0.000   1.795 0.000  12.143 0.000   5.350 0.000   6.793 0.000 0.216 0.000  0.868 0.559
216.208333 217.208333  187.55 0.000   3.72 0.000 9.999 0.259000  1.84 0.000  0.068 0.000  4.010 0.000   5.614 0.000  42.443 0.000   9.226 0.000  33.217 0.000 0.045 0.000  6.490 0.000
219.208333 220.208333   81.27 0.000   2.30 0.000 9.999 0.259000  0.12 0.000  0.048 0.000  1.953 0.000   2.734 0.000  11.724 0.000   4.659 0.000   7.065 0.000 0.036 0.000  0.675 0.000
222.208333 223.208333   67.01 0.000   2.66 0.000 9.999 0.259000  0.58 0.000  0.081 0.000  4.961 0.000   6.945 0.000  36.780 0.000   7.208 0.000  29.572 0.000 0.049 0.000  3.811 0.000
225.208333 226.208333   67.82 0.000   1.41 0.000 9.999 0.259000 99.99 0.259  0.045 0.000  1.130 0.000   1.581 0.000  15.107 0.000   4.182 0.000  10.925 0.000 0.021 0.000  1.962 0.000
228.208333 229.208333  165.42 0.000   5.32 0.000 9.999 0.259000  0.48 0.000  0.117 0.000  2.450 0.000   3.430 0.000  33.284 0.000   6.258 0.000  27.026 0.000 0.060 0.000  4.494 0.000
231.208333 232.208333   60.33 0.000   1.23 0.000 9.999 0.259000  0.34 0.000  0.064 0.559  3.401 0.000   4.762 0.000  27.654 0.000   6.521 0.000  21.134 0.000 0.053 0.000  2.883 0.559
234.208333 235.208333   77.56 0.000   4.02 0.000 9.999 0.259000  0.21 0.000  0.092 0.559  2.668 0.000   3.735 0.000  18.039 0.000   5.557 0.000  12.482 0.000 0.036 0.000  1.599 0.559
237.208333 238.208333  190.64 0.000   3.59 0.000 9.999 0.259000  4.35 0.000  0.071 0.559  2.658 0.000   3.721 0.000  44.511 0.000  12.683 0.000  31.829 0.000 0.046 0.000  8.004 0.559
240.208333 241.208333   39.18 0.000   2.01 0.000 9.999 0.259000  1.16 0.000  0.071 0.559  2.704 0.000   3.786 0.000  20.427 0.000   6.055 0.000  14.372 0.000 0.046 0.000  1.887 0.559
243.208333 244.208333   89.37 0.000   1.50 0.000 9.999 0.259000  0.17 0.000  0.069 0.559  0.863 0.000   1.208 0.000  20.060 0.000   8.690 0.000  11.370 0.000 0.026 0.000  1.885 0.559
246.208333 247.208333   74.10 0.000   2.24 0.000 9.999 0.259000  1.05 0.000  0.156 0.559  1.348 0.000   1.887 0.000  18.762 0.000   7.537 0.000  11.225 0.000 0.024 0.000  1.430 0.559
249.208333 250.208333   30.14 0.000   1.34 0.000 9.999 0.259000  0.67 0.000  0.098 0.559  0.853 0.000   1.194 0.000  20.546 0.000  14.913 0.000   5.633 0.000 0.043 0.000  0.491 0.559
252.208333 253.208333   56.19 0.000   0.68 0.000 9.999 0.259000  0.13 0.000  0.033 0.559  1.019 0.000   1.427 0.000  12.574 0.000   4.855 0.000   7.719 0.000 0.020 0.000  1.128 0.559
255.208333 256.208333   38.70 0.000   2.25 0.000 0.213 0.000000  0.73 0.000  0.057 0.000  1.354 0.000   1.895 0.000  16.013 0.000   3.501 0.000  12.512 0.000 0.018 0.000  2.012 0.000
258.208333 259.208333   89.91 0.000   1.68 0.000 9.999 0.259000  0.60 0.000  0.203 0.000  0.967 0.000   1.354 0.000  12.656 0.000   6.248 0.000   6.408 0.000 0.029 0.000  0.682 0.000
