scripts/IMPROVE-2019_partial/data/US9042R.19970101080000.20191216000000.filterpack...1y.3d.US03L_filterpack_US9042_YOSE1.US03L_IMPROVE_Davis.lev2.nas
60 1001
MISSING INFORMATION
US03L, IMPROVE, , , , , , , 
MISSING INFORMATION
IMPROVE sel_HTAP
1 1
1997 01 01 2019 12 16
0
days from file reference point
5
1 1 1 1 1
999.999999 999.999 9.999 999.999 9.999
end_time of measurement, days from the file reference point
pm10_mass, ug/m3, Matrix=pm10
numflag pm10_mass, no unit, Matrix=pm10
pm25_mass, ug/m3, Matrix=pm25
numflag pm25_mass, no unit, Matrix=pm25
0
41
Data definition:              EBAS_1.1
Set type code:                TI
Timezone:                     UTC
File name:                    US9042R.19970101080000.20191216000000.filterpack...1y.3d.US03L_filterpack_US9042_YOSE1.US03L_IMPROVE_Davis.lev2.nas
File creation:                20191218120811
Startdate:                    19970101080000
Revision date:                20191216000000
Version:                      2
Version description:          "Data extracted from http://views.cira.colostate.edu/fed/DataWizard 2019-12-16"
Statistics:                   arithmetic mean
Data level:                   2
Period code:                  1y
Resolution code:              3d
Sample duration:              1d
Orig. time res.:              3d
Station code:                 US9042R
Platform code:                US9042S
Station name:                 Yosemite NP
Station WDCA-ID:              GAWAUSCAYOS
Station GAW-ID:               YOS
Station GAW-Name:             Yosemite NP - Turtleback Dome
Station state/province:       CA
Station land use:             Remote park
Station setting:              Mountain
Station GAW type:             C
Station WMO region:           4
Station latitude:             37.7133
Station longitude:            -119.7061
Station altitude:             1605.0 m
Regime:                       IMG
Component:                    
Unit:                         ug/m3
Matrix:                       
Laboratory code:              US03L
Instrument type:              filterpack
Instrument name:              filterpack_US9042_YOSE1
Method ref:                   US03L_IMPROVE_Davis
Blank correction:             Blank corrected
Volume std. temperature:      ambient
Volume std. pressure:         ambient
starttime endtime PM10 flag_PM10 PM2.5 flag_PM2.5
  0.333333   1.333333   3.119 0.000   2.893 0.000
  3.333333   4.333333   2.572 0.000   0.974 0.000
  7.333333   8.333333   6.944 0.000   1.488 0.000
 10.333333  11.333333   3.829 0.000   3.619 0.000
 14.333333  15.333333 999.999 0.999 999.999 0.999
 17.333333  18.333333   3.647 0.000   0.779 0.000
 21.333333  22.333333 999.999 0.999 999.999 0.999
 24.333333  25.333333 999.999 0.999 999.999 0.999
 28.333333  29.333333   2.378 0.000   0.928 0.000
 31.333333  32.333333   3.510 0.000   0.988 0.000
 35.333333  36.333333   5.706 0.000   2.196 0.000
 38.333333  39.333333   6.105 0.000   2.476 0.000
 42.333333  43.333333   6.797 0.000   4.736 0.000
 45.333333  46.333333   3.323 0.000   1.088 0.000
 49.333333  50.333333   6.390 0.000   2.422 0.000
 52.333333  53.333333   3.952 0.000   3.186 0.000
 56.333333  57.333333   8.709 0.000   6.286 0.000
 59.333333  60.333333   3.454 0.000   2.476 0.000
 63.333333  64.333333   4.991 0.000   2.294 0.000
 66.333333  67.333333   5.100 0.000   4.211 0.000
 70.333333  71.333333   5.833 0.000   4.035 0.000
 73.333333  74.333333  13.333 0.000   9.290 0.000
 77.333333  78.333333   5.627 0.000   4.492 0.000
 80.333333  81.333333  17.201 0.000  10.495 0.000
 84.333333  85.333333  11.050 0.000   6.044 0.000
 87.333333  88.333333   7.367 0.000   4.919 0.000
 91.333333  92.333333  71.103 0.000  21.919 0.000
 94.333333  95.333333 999.999 0.999 999.999 0.999
 98.333333  99.333333 999.999 0.999 999.999 0.999
101.333333 102.333333 999.999 0.999 999.999 0.999
105.333333 106.333333  12.338 0.000   9.872 0.000
108.333333 109.333333   6.316 0.000   3.457 0.000
112.333333 113.333333   3.276 0.000   2.336 0.000
115.333333 116.333333   8.717 0.000   5.107 0.000
119.333333 120.333333   5.983 0.000   3.488 0.000
122.333333 123.333333   8.547 0.000   5.494 0.000
126.333333 127.333333   8.570 0.000   4.038 0.000
129.333333 130.333333   6.775 0.000   5.500 0.000
133.333333 134.333333  11.077 0.000   4.766 0.000
136.333333 137.333333   8.706 0.000   4.352 0.000
140.333333 141.333333  13.238 0.000   6.567 0.000
143.333333 144.333333   3.866 0.000 999.999 0.999
147.333333 148.333333   7.156 0.000 999.999 0.999
150.333333 151.333333  15.556 0.000   6.231 0.000
154.333333 155.333333   7.544 0.000   3.394 0.000
157.333333 158.333333   9.653 0.000   4.661 0.000
161.333333 162.333333   8.428 0.000   6.363 0.000
164.333333 165.333333   7.855 0.000   5.048 0.000
168.333333 169.333333   7.537 0.000   4.124 0.000
171.333333 172.333333   9.649 0.000   5.131 0.000
175.333333 176.333333  12.135 0.000   6.368 0.000
178.333333 179.333333  10.381 0.000   4.254 0.000
182.333333 183.333333   6.629 0.000   4.072 0.000
185.333333 186.333333   7.497 0.000   5.668 0.000
189.333333 190.333333  13.158 0.000  11.011 0.000
192.333333 193.333333  15.642 0.000   9.815 0.000
196.333333 197.333333  13.299 0.000   7.403 0.000
199.333333 200.333333   9.991 0.000   5.367 0.000
203.333333 204.333333  10.599 0.000   7.601 0.000
206.333333 207.333333  16.215 0.000  11.309 0.000
210.333333 211.333333  11.747 0.000   7.156 0.000
213.333333 214.333333   9.759 0.000   3.868 0.000
217.333333 218.333333  16.024 0.000   8.001 0.000
220.333333 221.333333  23.937 0.000  12.129 0.000
224.333333 225.333333  13.728 0.000   7.773 0.000
227.333333 228.333333  15.254 0.000   7.131 0.000
231.333333 232.333333  20.874 0.000   7.737 0.000
234.333333 235.333333   9.921 0.000   4.040 0.000
238.333333 239.333333  11.037 0.000   4.928 0.000
241.333333 242.333333  10.623 0.000   3.914 0.000
245.333333 246.333333   5.651 0.000   3.800 0.000
248.333333 249.333333  12.927 0.000   5.607 0.000
252.333333 253.333333  13.889 0.000   6.469 0.000
255.333333 256.333333  17.526 0.000   7.523 0.000
259.333333 260.333333  16.462 0.000   5.587 0.000
262.333333 263.333333   8.068 0.000   4.148 0.000
266.333333 267.333333   8.590 0.000   3.982 0.000
269.333333 270.333333  10.591 0.000   6.197 0.000
273.333333 274.333333  13.548 0.000   6.382 0.000
276.333333 277.333333   9.969 0.000   5.688 0.000
280.333333 281.333333  14.493 0.000   2.875 0.000
283.333333 284.333333 999.999 0.999   9.889 0.000
287.333333 288.333333   2.694 0.000   1.850 0.000
290.333333 291.333333   7.870 0.000   5.015 0.000
294.333333 295.333333  13.069 0.000   7.993 0.000
297.333333 298.333333  13.501 0.000   5.608 0.000
301.333333 302.333333  19.367 0.000  15.127 0.000
304.333333 305.333333   5.027 0.000   3.665 0.000
308.333333 309.333333  12.371 0.000   4.970 0.000
311.333333 312.333333  17.844 0.000   9.695 0.000
315.333333 316.333333   7.653 0.000   6.842 0.000
318.333333 319.333333   8.296 0.000   2.784 0.000
322.333333 323.333333   7.082 0.000   2.612 0.000
325.333333 326.333333   3.198 0.000   1.191 0.000
329.333333 330.333333   0.914 0.000   0.901 0.000
332.333333 333.333333   4.707 0.000   1.836 0.000
336.333333 337.333333   3.779 0.000   2.056 0.000
339.333333 340.333333   1.323 0.000 999.999 0.259
343.333333 344.333333   3.061 0.000   0.964 0.000
346.333333 347.333333   2.284 0.000   0.559 0.000
350.333333 351.333333   7.305 0.000   1.409 0.000
353.333333 354.333333  11.409 0.000   3.075 0.000
357.333333 358.333333   3.993 0.000   2.693 0.000
360.333333 361.333333   3.776 0.000   2.880 0.000
364.333333 365.333333   5.698 0.000   2.758 0.000
