scripts/IMPROVE-2019_partial/data/US9015R.20130101060000.20191216000000.filterpack...52w.3d.US03L_filterpack_US9015.US03L_IMPROVE_Davis.lev2.nas
52 1001
MISSING INFORMATION
US03L, IMPROVE, , , , , , , 
MISSING INFORMATION
IMPROVE sel_HTAP
1 1
2013 01 01 2019 12 16
3.00
days from file reference point
5
1 1 1 1 1
999.99 999.999 9.999 999.999 9.999
end_time of measurement, days from the file reference point
pm10_mass, ug/m3, Matrix=pm10
numflag pm10_mass, no unit, Matrix=pm10
pm25_mass, ug/m3, Matrix=pm25
numflag pm25_mass, no unit, Matrix=pm25
0
33
Data definition:              EBAS_1.1
Set type code:                TU
Timezone:                     UTC
File name:                    US9015R.20130101060000.20191216000000.filterpack...52w.3d.US03L_filterpack_US9015.US03L_IMPROVE_Davis.lev2.nas
File creation:                20191218120612
Startdate:                    20130101060000
Revision date:                20191216000000
Version:                      2
Version description:          "Data extracted from http://views.cira.colostate.edu/fed/DataWizard 2019-12-16"
Statistics:                   arithmetic mean
Data level:                   2
Period code:                  52w
Resolution code:              3d
Sample duration:              1d
Orig. time res.:              3d
Station code:                 US9015R
Platform code:                US9015S
Station name:                 Nebraska NF
Station latitude:             41.8888
Station longitude:            -100.3387
Station altitude:             883.0 m
Regime:                       IMG
Component:                    
Unit:                         ug/m3
Matrix:                       
Laboratory code:              US03L
Instrument type:              filterpack
Instrument name:              filterpack_US9015
Method ref:                   US03L_IMPROVE_Davis
Blank correction:             Blank corrected
Volume std. temperature:      ambient
Volume std. pressure:         ambient
starttime endtime PM10 flag_PM10 PM2.5 flag_PM2.5
  0.25   1.25   3.952 0.000   3.234 0.000
  3.25   4.25   2.270 0.000   0.938 0.000
  6.25   7.25   2.179 0.000   0.979 0.000
  9.25  10.25   5.132 0.000   2.671 0.000
 12.25  13.25   1.344 0.000   0.812 0.000
 15.25  16.25   4.085 0.000   1.298 0.000
 18.25  19.25   3.578 0.000   1.084 0.000
 21.25  22.25  16.471 0.000  11.068 0.000
 24.25  25.25   3.235 0.000   1.231 0.000
 27.25  28.25   7.924 0.000   5.614 0.000
 30.25  31.25   5.302 0.000   3.173 0.000
 33.25  34.25   2.231 0.000   0.772 0.000
 36.25  37.25   5.113 0.000   1.744 0.000
 39.25  40.25  11.529 0.000   6.225 0.000
 42.25  43.25   2.937 0.000   2.412 0.000
 45.25  46.25   2.990 0.000   1.617 0.000
 48.25  49.25   4.005 0.000   1.885 0.000
 51.25  52.25  16.775 0.000   6.059 0.000
 54.25  55.25  21.532 0.000  10.251 0.000
 57.25  58.25   7.604 0.000   4.324 0.000
 60.25  61.25   4.280 0.000   2.285 0.000
 63.25  64.25   7.294 0.000   2.580 0.000
 66.25  67.25  30.472 0.000  16.769 0.000
 69.25  70.25   9.137 0.000   3.279 0.000
 72.25  73.25   5.428 0.000   2.113 0.000
 75.25  76.25  10.126 0.000   6.109 0.000
 78.25  79.25   7.931 0.000   3.059 0.000
 81.25  82.25  15.580 0.000   5.803 0.000
 84.25  85.25   6.819 0.000   4.208 0.000
 87.25  88.25  17.927 0.000   6.415 0.000
 90.25  91.25   5.196 0.000   3.637 0.000
 93.25  94.25   7.750 0.000   3.444 0.000
 96.25  97.25   4.274 0.000   1.699 0.000
 99.25 100.25 999.999 0.999 999.999 0.999
102.25 103.25   6.956 0.000   3.404 0.000
105.25 106.25   3.091 0.000   1.857 0.000
108.25 109.25   3.868 0.000   2.169 0.000
111.25 112.25   4.772 0.000   2.724 0.000
114.25 115.25  29.310 0.000   5.384 0.000
117.25 118.25  15.842 0.000   5.295 0.000
120.25 121.25   4.619 0.000   1.664 0.000
123.25 124.25   7.698 0.000   1.937 0.000
126.25 127.25   7.115 0.000   3.782 0.000
129.25 130.25  14.885 0.000   4.738 0.000
132.25 133.25  11.236 0.000   4.657 0.000
135.25 136.25  16.901 0.000   4.867 0.000
138.25 139.25   4.051 0.000   2.599 0.000
141.25 142.25   2.146 0.000   1.170 0.000
144.25 145.25  19.348 0.000   6.678 0.000
147.25 148.25   6.666 0.000   3.186 0.000
150.25 151.25   2.879 0.000   0.779 0.000
153.25 154.25  28.160 0.000   5.452 0.000
156.25 157.25   5.579 0.000   2.912 0.000
159.25 160.25   6.348 0.000   2.657 0.000
162.25 163.25   9.481 0.000   4.354 0.000
165.25 166.25   9.399 0.000   4.306 0.000
168.25 169.25  10.780 0.000   4.476 0.000
171.25 172.25  44.304 0.000  12.743 0.000
174.25 175.25  22.528 0.000  12.158 0.000
177.25 178.25  10.807 0.000   3.622 0.000
180.25 181.25  10.712 0.000   5.964 0.000
183.25 184.25  26.035 0.000  11.909 0.000
186.25 187.25  29.365 0.000  12.318 0.000
189.25 190.25  12.760 0.000   6.782 0.000
192.25 193.25  18.313 0.000   6.697 0.000
195.25 196.25  17.609 0.000  10.811 0.000
198.25 199.25  18.340 0.000   4.331 0.000
201.25 202.25   6.282 0.000   2.557 0.000
204.25 205.25  10.345 0.000 999.999 0.456
207.25 208.25   7.378 0.000 999.999 0.456
210.25 211.25   9.264 0.000   5.757 0.000
213.25 214.25 999.999 0.456   2.967 0.000
216.25 217.25 999.999 0.456   4.880 0.000
219.25 220.25   8.730 0.000   3.821 0.000
222.25 223.25   8.255 0.000   4.719 0.000
225.25 226.25   6.703 0.000   4.601 0.000
228.25 229.25  13.407 0.000   8.733 0.000
231.25 232.25  25.355 0.000  12.291 0.000
234.25 235.25  22.146 0.000  10.033 0.000
237.25 238.25  16.632 0.000   7.710 0.000
240.25 241.25  16.536 0.000   5.639 0.000
243.25 244.25 999.999 0.999 999.999 0.999
246.25 247.25  22.410 0.000   7.503 0.000
249.25 250.25  24.780 0.000  10.032 0.000
252.25 253.25   6.707 0.000   4.017 0.000
255.25 256.25  19.581 0.000   5.446 0.000
258.25 259.25   6.915 0.000   3.475 0.000
261.25 262.25   5.943 0.000   1.572 0.000
264.25 265.25  16.458 0.000   4.258 0.000
267.25 268.25  25.489 0.000   6.930 0.000
270.25 271.25   3.810 0.000   2.104 0.000
273.25 274.25   4.480 0.000   1.352 0.000
276.25 277.25   1.502 0.000   0.333 0.000
279.25 280.25   5.767 0.000   2.365 0.000
282.25 283.25 999.999 0.999 999.999 0.999
285.25 286.25 999.999 0.999 999.999 0.999
288.25 289.25 999.999 0.999 999.999 0.999
291.25 292.25   3.114 0.000   2.146 0.000
294.25 295.25   3.307 0.000 999.999 0.456
297.25 298.25  12.740 0.000   4.483 0.000
300.25 301.25  11.431 0.000   4.738 0.000
303.25 304.25 999.999 0.999 999.999 0.999
306.25 307.25   9.737 0.000   2.571 0.000
309.25 310.25   1.995 0.000   1.585 0.000
312.25 313.25   2.419 0.000   1.164 0.000
315.25 316.25   4.543 0.000   2.357 0.000
318.25 319.25   7.744 0.000   2.308 0.000
321.25 322.25   9.143 0.000   1.765 0.000
324.25 325.25  10.203 0.000   2.550 0.000
327.25 328.25  10.386 0.000   3.017 0.000
330.25 331.25   4.048 0.000   1.628 0.000
333.25 334.25   4.433 0.000   1.863 0.000
336.25 337.25   4.465 0.000   2.871 0.000
339.25 340.25   4.982 0.000   2.622 0.000
342.25 343.25  12.952 0.000   4.101 0.000
345.25 346.25   3.709 0.000   1.353 0.000
348.25 349.25   2.715 0.000   0.870 0.000
351.25 352.25   5.051 0.000   1.334 0.000
354.25 355.25   7.267 0.000   4.178 0.000
357.25 358.25   6.469 0.000   4.127 0.000
360.25 361.25   2.047 0.000   0.686 0.000
363.25 364.25   2.679 0.000   1.203 0.000
