scripts/IMPROVE-2019_partial/data/US9009R.20040101050000.20191216000000.filterpack..pm25.52w.1w.US03L_filterpack_US9009.US03L_IMPROVE_Davis.lev2.nas
66 1001
MISSING INFORMATION
US03L, IMPROVE, , , , , , , 
MISSING INFORMATION
IMPROVE sel_HTAP
1 1
2004 01 01 2019 12 16
3.000000
days from file reference point
27
1 1 1 1 1 1 1 1 1 1 1 1 1 1 1 1 1 1 1 1 1 1 1 1 1 1 1
999.999999 9999.99 9.999 999.99 9.999 9.999 9.999 99.99 9.999 9.999 9.999 99.999 9.999 99.999 9.999 999.99 9.999 999.999 9.999 999.999 9.999 999.999 9.999 9.999 9.999 99.999 9.999
end_time of measurement, days from the file reference point
iron, ng/m3, Revision date=20181210133000
numflag iron, no unit, Revision date=20181210133000
lead, ng/m3, Revision date=20181210133000
numflag lead, no unit, Revision date=20181210133000
magnesium, ug/m3, Revision date=20181210133000
numflag magnesium, no unit, Revision date=20181210133000
nickel, ng/m3, Revision date=20181210133000
numflag nickel, no unit, Revision date=20181210133000
nitrate, ug N/m3, Revision date=20181210133000
numflag nitrate, no unit, Revision date=20181210133000
organic_carbon, ug C/m3, Revision date=20181210133000
numflag organic_carbon, no unit, Revision date=20181210133000
organic_mass, ug/m3, Revision date=20181210133000
numflag organic_mass, no unit, Revision date=20181210133000
phosphorus, ng/m3, Revision date=20181210133000
numflag phosphorus, no unit, Revision date=20181210133000
pm10_mass, ug/m3, Version=2, Version description=Data extracted from http://views.cira.colostate.edu/fed/DataWizard 2019-12-16, Sample duration=1d, Orig. time res.=3d, Matrix=pm10, Blank correction=Blank corrected, Volume std. temperature=ambient, Volume std. pressure=ambient
numflag pm10_mass, no unit, Version=2, Version description=Data extracted from http://views.cira.colostate.edu/fed/DataWizard 2019-12-16, Sample duration=1d, Orig. time res.=3d, Matrix=pm10, Blank correction=Blank corrected, Volume std. temperature=ambient, Volume std. pressure=ambient
pm10_pm25_mass, ug/m3, Revision date=20181210133000, Matrix=pm10_pm25
numflag pm10_pm25_mass, no unit, Revision date=20181210133000, Matrix=pm10_pm25
pm25_mass, ug/m3, Version=2, Version description=Data extracted from http://views.cira.colostate.edu/fed/DataWizard 2019-12-16, Sample duration=1d, Orig. time res.=3d, Blank correction=Blank corrected, Volume std. temperature=ambient, Volume std. pressure=ambient
numflag pm25_mass, no unit, Version=2, Version description=Data extracted from http://views.cira.colostate.edu/fed/DataWizard 2019-12-16, Sample duration=1d, Orig. time res.=3d, Blank correction=Blank corrected, Volume std. temperature=ambient, Volume std. pressure=ambient
potassium, ug/m3, Revision date=20181210133000
numflag potassium, no unit, Revision date=20181210133000
sulphate_total, ug S/m3, Revision date=20181210133000
numflag sulphate_total, no unit, Revision date=20181210133000
0
25
Data definition:              EBAS_1.1
Set type code:                TU
Timezone:                     UTC
File name:                    US9009R.20040101050000.20191216000000.filterpack..pm25.52w.1w.US03L_filterpack_US9009.US03L_IMPROVE_Davis.lev2.nas
File creation:                20191218120542
Startdate:                    20040101050000
Revision date:                20191216000000
Statistics:                   arithmetic mean
Data level:                   2
Period code:                  52w
Resolution code:              1w
Station code:                 US9009R
Platform code:                US9009S
Station name:                 Old Town
Station latitude:             44.9334
Station longitude:            -68.6457
Station altitude:             51.0 m
Regime:                       IMG
Component:                    
Matrix:                       pm25
Laboratory code:              US03L
Instrument type:              filterpack
Instrument name:              filterpack_US9009
Method ref:                   US03L_IMPROVE_Davis
starttime endtime Fe flag_Fe Pb flag_Pb Mg++ flag_Mg++ Ni flag_Ni NO3- flag_NO3- OC flag_OC OM flag_OM P flag_P PM10 flag_PM10 PM10-PM2.5 flag_PM10-PM2.5 PM2.5 flag_PM2.5 K+ flag_K+ SO4-- flag_SO4--
[from data line 84]
252.208333 253.208333   29.66 0.000   0.29 0.000 9.999 0.259  0.81 0.000 0.016 0.000  0.709 0.000  0.993 0.000 999.99 0.259   5.323 0.000   2.663 0.000   2.660 0.000 0.028 0.000  0.231 0.000
255.208333 256.208333   14.56 0.000   1.57 0.000 9.999 0.259  1.01 0.000 0.029 0.000  1.595 0.000  2.233 0.000 999.99 0.259   9.177 0.000   4.360 0.000   4.817 0.000 0.028 0.000  0.292 0.000
258.208333 259.208333   21.05 0.000   0.69 0.000 0.117 0.000  1.17 0.000 0.056 0.000  1.110 0.000  1.555 0.000 999.99 0.259   9.665 0.000   4.376 0.000   5.290 0.000 0.019 0.000  0.517 0.000
261.208333 262.208333    8.87 0.000   0.77 0.000 0.091 0.000  0.20 0.000 0.015 0.000  0.929 0.000  1.300 0.000 999.99 0.259   4.698 0.000   2.135 0.000   2.563 0.000 0.018 0.000  0.150 0.000
264.208333 265.208333   31.78 0.000   1.25 0.000 9.999 0.259  0.48 0.000 0.024 0.000  1.368 0.000  1.915 0.000  10.46 0.000   9.425 0.000   5.507 0.000   3.917 0.000 0.023 0.000  0.160 0.000
267.208333 268.208333   34.14 0.000   1.57 0.000 9.999 0.259  1.62 0.000 0.054 0.000  1.620 0.000  2.269 0.000 999.99 0.259  12.255 0.000   6.473 0.000   5.782 0.000 0.029 0.000  0.386 0.000
270.208333 271.208333   27.92 0.000   2.97 0.000 0.106 0.000  1.25 0.000 0.038 0.000  1.684 0.000  2.358 0.000 999.99 0.259  13.269 0.000   5.841 0.000   7.428 0.000 0.031 0.000  0.754 0.000
273.208333 274.208333   46.44 0.000   2.19 0.000 9.999 0.259  3.04 0.000 0.026 0.000  3.427 0.000  4.798 0.000 999.99 0.259  10.729 0.000   6.556 0.000   4.173 0.000 0.030 0.000  0.178 0.000
276.208333 277.208333   13.87 0.000   1.71 0.000 0.144 0.000  0.45 0.000 0.038 0.000  1.170 0.000  1.637 0.000 999.99 0.259   7.482 0.000   2.615 0.000   4.867 0.000 0.021 0.000  0.459 0.000
279.208333 280.208333   18.97 0.000   2.54 0.000 0.099 0.000  1.77 0.000 0.070 0.000  0.910 0.000  1.274 0.000 999.99 0.259   9.259 0.000   3.656 0.000   5.603 0.000 0.023 0.000  0.649 0.000
282.208333 283.208333   36.14 0.000   2.98 0.000 9.999 0.259  1.32 0.000 0.217 0.000  1.020 0.000  1.427 0.000 999.99 0.259  16.800 0.000   5.096 0.000  11.704 0.000 0.031 0.000  1.780 0.000
285.208333 286.208333    4.71 0.000   0.38 0.000 9.999 0.259  0.83 0.000 0.007 0.000  0.347 0.000  0.486 0.000 999.99 0.259   2.459 0.000   1.150 0.000   1.309 0.000 0.007 0.000  0.101 0.000
288.208333 289.208333   12.57 0.000   0.76 0.000 9.999 0.259  0.47 0.000 0.025 0.000  0.991 0.000  1.387 0.000 999.99 0.259   7.363 0.000   2.086 0.000   5.277 0.000 0.040 0.000  0.506 0.000
291.208333 292.208333   10.15 0.000   1.34 0.000 9.999 0.259  1.40 0.000 0.019 0.000  0.917 0.000  1.284 0.000 999.99 0.259   6.242 0.000   2.111 0.000   4.131 0.000 0.028 0.000  0.406 0.000
294.208333 295.208333   19.12 0.000   0.92 0.000 9.999 0.259  0.70 0.000 0.034 0.000  1.288 0.000  1.804 0.000 999.99 0.259   7.321 0.000   3.536 0.000   3.785 0.000 0.024 0.000  0.178 0.000
297.208333 298.208333    6.57 0.000   0.60 0.000 9.999 0.259  0.17 0.000 0.041 0.000  0.898 0.000  1.258 0.000 999.99 0.259   7.363 0.000   2.763 0.000   4.600 0.000 0.021 0.000  0.588 0.000
300.208333 301.208333   22.41 0.000   0.96 0.000 9.999 0.259  0.81 0.000 0.035 0.000  1.212 0.000  1.697 0.000 999.99 0.259   9.806 0.000   3.521 0.000   6.286 0.000 0.025 0.000  0.603 0.000
303.208333 304.208333   24.48 0.000   2.39 0.000 9.999 0.259  2.33 0.000 0.159 0.000  2.552 0.000  3.573 0.000 999.99 0.259  16.289 0.000   3.246 0.000  13.043 0.000 0.071 0.000  1.253 0.000
306.208333 307.208333    9.00 0.000   1.02 0.000 0.174 0.000  0.92 0.000 0.030 0.000  0.590 0.000  0.827 0.000 999.99 0.259   4.532 0.000   1.892 0.000   2.639 0.000 0.022 0.000  0.299 0.000
309.208333 310.208333    4.69 0.000   0.78 0.000 0.121 0.000  0.49 0.000 0.011 0.000  0.453 0.000  0.634 0.000 999.99 0.259   2.625 0.000   1.004 0.000   1.621 0.000 0.013 0.000  0.182 0.000
312.208333 313.208333    9.97 0.000   1.09 0.000 9.999 0.259  1.05 0.000 0.042 0.000  0.931 0.000  1.303 0.000 999.99 0.259   5.081 0.000   1.684 0.000   3.397 0.000 0.023 0.000  0.337 0.000
315.208333 316.208333   36.95 0.000   2.30 0.000 9.999 0.259  4.10 0.000 0.285 0.000  1.789 0.000  2.505 0.000 999.99 0.259  12.603 0.000   4.970 0.000   7.633 0.000 0.044 0.000  0.733 0.000
318.208333 319.208333   16.69 0.000   1.36 0.000 0.118 0.000  3.94 0.000 0.049 0.000  1.115 0.000  1.560 0.000 999.99 0.259   7.413 0.000   2.784 0.000   4.630 0.000 0.035 0.000  0.459 0.000
321.208333 322.208333   79.14 0.000   2.50 0.000 9.999 0.259  0.67 0.000 0.088 0.000  3.836 0.000  5.370 0.000 999.99 0.259  23.177 0.000  12.670 0.000  10.506 0.000 0.082 0.000  0.644 0.000
324.208333 325.208333   28.14 0.000   1.21 0.000 0.101 0.000  0.77 0.000 0.035 0.000  2.802 0.000  3.923 0.000 999.99 0.259  12.500 0.000   5.407 0.000   7.093 0.000 0.043 0.000  0.429 0.000
327.208333 328.208333   35.10 0.000   1.95 0.000 9.999 0.259  0.58 0.000 0.124 0.000  3.276 0.000  4.586 0.000 999.99 0.259  17.434 0.000   6.437 0.000  10.998 0.000 0.080 0.000  0.894 0.000
330.208333 331.208333    6.29 0.000   1.12 0.000 9.999 0.259  0.21 0.000 0.023 0.000  0.553 0.000  0.774 0.000 999.99 0.259   3.515 0.000   1.470 0.000   2.044 0.000 0.019 0.000  0.202 0.000
333.208333 334.208333   12.12 0.000   1.41 0.000 9.999 0.259  1.30 0.000 0.020 0.000  0.818 0.000  1.145 0.000 999.99 0.259   5.355 0.000   2.031 0.000   3.324 0.000 0.018 0.000  0.399 0.000
336.208333 337.208333   11.28 0.000   1.23 0.000 9.999 0.259  0.98 0.000 0.018 0.000  0.682 0.000  0.955 0.000 999.99 0.259   5.039 0.000   1.746 0.000   3.293 0.000 0.018 0.000  0.449 0.000
339.208333 340.208333   18.37 0.000   2.74 0.000 9.999 0.259  2.73 0.000 0.202 0.000  1.514 0.000  2.119 0.000 999.99 0.259   8.681 0.000   2.809 0.000   5.872 0.000 0.041 0.000  0.556 0.000
342.208333 343.208333    7.01 0.000   1.30 0.000 0.069 0.000  1.33 0.000 0.045 0.000  0.954 0.000  1.336 0.000 999.99 0.259   4.260 0.000   0.352 0.000   3.908 0.000 0.024 0.000  0.452 0.000
345.208333 346.208333    4.03 0.000   0.74 0.000 9.999 0.259  0.39 0.000 0.048 0.000  1.030 0.000  1.441 0.000 999.99 0.259   3.049 0.000 999.999 0.259   3.170 0.000 0.023 0.000  0.267 0.000
348.208333 349.208333   23.15 0.000   2.23 0.000 0.063 0.000  0.38 0.000 0.078 0.000  1.304 0.000  1.826 0.000 999.99 0.259  12.047 0.000   7.307 0.000   4.740 0.000 0.040 0.000  0.447 0.000
351.208333 352.208333   34.71 0.000   9.33 0.000 9.999 0.259  3.90 0.000 0.291 0.000  2.941 0.000  4.117 0.000 999.99 0.259  14.103 0.000   3.505 0.000  10.598 0.000 0.066 0.000  0.890 0.000
354.208333 355.208333   11.76 0.000   2.10 0.000 0.127 0.000  3.90 0.000 0.252 0.000  1.129 0.000  1.580 0.000 999.99 0.259   6.987 0.000   1.341 0.000   5.646 0.000 0.036 0.000  0.549 0.000
357.208333 358.208333   16.02 0.000   2.28 0.000 9.999 0.259  2.01 0.000 0.175 0.000  1.404 0.000  1.966 0.000 999.99 0.259  16.375 0.000   5.480 0.000  10.896 0.000 0.069 0.000  1.341 0.000
360.208333 361.208333   18.56 0.000   0.69 0.000 9.999 0.259  0.25 0.000 0.079 0.000  0.898 0.000  1.258 0.000 999.99 0.259   7.505 0.000   4.270 0.000   3.235 0.000 0.039 0.000  0.312 0.000
363.208333 364.208333   22.01 0.000   3.60 0.000 9.999 0.259  3.96 0.000 0.194 0.000  1.873 0.000  2.622 0.000 999.99 0.259  10.310 0.000   2.223 0.000   8.087 0.000 0.051 0.000  0.899 0.000
