scripts/IMPROVE-2019_partial/data/US9038R.20030103070000.20191216000000.filterpack..pm25.1y.1w.US03L_filterpack_US9038.US03L_IMPROVE_Davis.lev2.nas
66 1001
MISSING INFORMATION
US03L, IMPROVE, , , , , , , 
MISSING INFORMATION
IMPROVE sel_HTAP
1 1
2003 01 01 2019 12 16
3.000000
days from file reference point
27
1 1 1 1 1 1 1 1 1 1 1 1 1 1 1 1 1 1 1 1 1 1 1 1 1 1 1
999.999999 9999.99 9.999999 99.99 9.999999 9.999 9.999999999 99.99 9.999999 99.999 9.999 99.999 9.999 999.999 9.999 999.99 9.999999999 999.999 9.999 999.999 9.999 999.999 9.999 9.999 9.999999 9.999 9.999
end_time of measurement, days from the file reference point
iron, ng/m3, Revision date=20181210133000
numflag iron, no unit, Revision date=20181210133000
lead, ng/m3, Revision date=20181210133000
numflag lead, no unit, Revision date=20181210133000
magnesium, ug/m3, Revision date=20181210133000
numflag magnesium, no unit, Revision date=20181210133000
nickel, ng/m3, Revision date=20181210133000
numflag nickel, no unit, Revision date=20181210133000
nitrate, ug N/m3, Revision date=20181210133000
numflag nitrate, no unit, Revision date=20181210133000
organic_carbon, ug C/m3, Revision date=20181210133000
numflag organic_carbon, no unit, Revision date=20181210133000
organic_mass, ug/m3, Revision date=20181210133000
numflag organic_mass, no unit, Revision date=20181210133000
phosphorus, ng/m3, Revision date=20181210133000
numflag phosphorus, no unit, Revision date=20181210133000
pm10_mass, ug/m3, Version=2, Version description=Data extracted from http://views.cira.colostate.edu/fed/DataWizard 2019-12-16, Sample duration=1d, Orig. time res.=3d, Matrix=pm10, Blank correction=Blank corrected, Volume std. temperature=ambient, Volume std. pressure=ambient
numflag pm10_mass, no unit, Version=2, Version description=Data extracted from http://views.cira.colostate.edu/fed/DataWizard 2019-12-16, Sample duration=1d, Orig. time res.=3d, Matrix=pm10, Blank correction=Blank corrected, Volume std. temperature=ambient, Volume std. pressure=ambient
pm10_pm25_mass, ug/m3, Revision date=20181210133000, Matrix=pm10_pm25
numflag pm10_pm25_mass, no unit, Revision date=20181210133000, Matrix=pm10_pm25
pm25_mass, ug/m3, Version=2, Version description=Data extracted from http://views.cira.colostate.edu/fed/DataWizard 2019-12-16, Sample duration=1d, Orig. time res.=3d, Blank correction=Blank corrected, Volume std. temperature=ambient, Volume std. pressure=ambient
numflag pm25_mass, no unit, Version=2, Version description=Data extracted from http://views.cira.colostate.edu/fed/DataWizard 2019-12-16, Sample duration=1d, Orig. time res.=3d, Blank correction=Blank corrected, Volume std. temperature=ambient, Volume std. pressure=ambient
potassium, ug/m3, Revision date=20181210133000
numflag potassium, no unit, Revision date=20181210133000
sulphate_total, ug S/m3, Revision date=20181210133000
numflag sulphate_total, no unit, Revision date=20181210133000
0
25
Data definition:              EBAS_1.1
Set type code:                TU
Timezone:                     UTC
File name:                    US9038R.20030103070000.20191216000000.filterpack..pm25.1y.1w.US03L_filterpack_US9038.US03L_IMPROVE_Davis.lev2.nas
File creation:                20191218120756
Startdate:                    20030103070000
Revision date:                20191216000000
Statistics:                   arithmetic mean
Data level:                   2
Period code:                  1y
Resolution code:              1w
Station code:                 US9038R
Platform code:                US9038S
Station name:                 Saguaro NM
Station latitude:             32.1746
Station longitude:            -110.7371
Station altitude:             941.0 m
Regime:                       IMG
Component:                    
Matrix:                       pm25
Laboratory code:              US03L
Instrument type:              filterpack
Instrument name:              filterpack_US9038
Method ref:                   US03L_IMPROVE_Davis
starttime endtime Fe flag_Fe Pb flag_Pb Mg++ flag_Mg++ Ni flag_Ni NO3- flag_NO3- OC flag_OC OM flag_OM P flag_P PM10 flag_PM10 PM10-PM2.5 flag_PM10-PM2.5 PM2.5 flag_PM2.5 K+ flag_K+ SO4-- flag_SO4--
  2.291667   3.291667   95.32 0.000000  0.56 0.000000 9.999 0.259000000  0.30 0.000000  0.021 0.000  0.420 0.000   0.588 0.000 999.99 0.259000000   6.233 0.000   2.761 0.000   3.472 0.000 0.064 0.000000 0.072 0.000
  5.291667   6.291667  183.79 0.000000  0.81 0.000000 0.059 0.000000000  0.10 0.000000  0.054 0.000  0.738 0.000   1.033 0.000 999.99 0.259000000  32.965 0.000  24.868 0.000   8.097 0.000 0.175 0.000000 0.310 0.000
  8.291667   9.291667  107.22 0.000000  0.77 0.000000 9.999 0.259000000  0.39 0.000000  0.179 0.000  0.580 0.000   0.812 0.000 999.99 0.259000000   6.433 0.000   1.025 0.000   5.408 0.000 0.092 0.000000 0.397 0.000
 11.291667  12.291667   57.52 0.000000  3.81 0.000000 0.029 0.000000000  0.23 0.000000  0.537 0.000  1.028 0.000   1.439 0.000 999.99 0.259000000   9.988 0.000   5.636 0.000   4.351 0.000 0.052 0.000000 0.339 0.000
 14.291667  15.291667   99.94 0.000000  2.21 0.000000 9.999 0.259000000 99.99 0.259000  0.149 0.000  1.071 0.000   1.499 0.000 999.99 0.259000000  15.395 0.000  10.875 0.000   4.520 0.000 0.070 0.000000 0.179 0.000
 17.291667  18.291667   89.00 0.000000  1.57 0.000000 9.999 0.259000000  0.08 0.000000  0.048 0.000  0.851 0.000   1.192 0.000 999.99 0.259000000  11.379 0.000   7.596 0.000   3.782 0.000 0.063 0.000000 0.137 0.000
 20.291667  21.291667   66.72 0.000000  2.80 0.000000 9.999 0.259000000  0.11 0.000000  0.739 0.000  0.918 0.000   1.285 0.000 999.99 0.259000000  11.837 0.000   7.029 0.000   4.808 0.000 0.052 0.000000 0.255 0.000
 23.291667  24.291667   63.45 0.000000  2.28 0.000000 9.999 0.259000000  0.08 0.000000  0.042 0.000  0.642 0.000   0.899 0.000 999.99 0.259000000  10.146 0.000   6.944 0.000   3.203 0.000 0.040 0.000000 0.164 0.000
 26.291667  27.291667   85.45 0.000000  0.79 0.000000 0.021 0.000000000  0.16 0.000000  0.019 0.000  0.497 0.000   0.696 0.000 999.99 0.259000000   6.777 0.000   3.527 0.000   3.251 0.000 0.056 0.000000 0.117 0.000
 29.291667  30.291667  128.73 0.000000  3.10 0.000000 0.027 0.000000000  0.15 0.000000  0.049 0.000  0.867 0.000   1.214 0.000 999.99 0.259000000  13.348 0.000   7.799 0.000   5.550 0.000 0.095 0.000000 0.272 0.000
 32.291667  33.291667  232.41 0.000000  0.76 0.000000 9.999 0.259000000  0.29 0.000000  0.047 0.000  0.698 0.000   0.977 0.000 999.99 0.259000000  27.610 0.000  19.563 0.000   8.047 0.000 0.176 0.000000 0.275 0.000
 35.291667  36.291667  208.60 0.000000  1.06 0.000000 9.999 0.259000000  0.18 0.000000  0.113 0.000  0.847 0.000   1.186 0.000 999.99 0.259000000  15.479 0.000   8.595 0.000   6.884 0.000 0.161 0.000000 0.091 0.000
 38.291667  39.291667   73.20 0.000000  0.49 0.000000 0.025 0.000000000  0.20 0.000000  0.060 0.000  0.564 0.000   0.789 0.000 999.99 0.259000000   6.103 0.000   2.347 0.000   3.755 0.000 0.063 0.000000 0.273 0.000
 41.291667  42.291667   97.32 0.000000  2.41 0.000000 9.999 0.259000000  0.18 0.000000  0.049 0.000  0.673 0.000   0.942 0.000 999.99 0.259000000   8.241 0.000   4.051 0.000   4.191 0.000 0.075 0.000000 0.146 0.000
 44.291667  45.291667   37.73 0.000000  0.31 0.000000 9.999 0.259000000 99.99 0.259000  0.101 0.000  0.669 0.000   0.937 0.000 999.99 0.259000000   2.426 0.000   0.492 0.000   1.934 0.000 0.024 0.000000 0.146 0.000
 47.291667  48.291667   48.98 0.000000  1.58 0.000000 9.999 0.259000000 99.99 0.259000  0.059 0.000  0.874 0.000   1.224 0.000 999.99 0.259000000   4.325 0.000   1.676 0.000   2.648 0.000 0.030 0.000000 0.124 0.000
 50.291667  51.291667   38.29 0.000000  0.62 0.000000 9.999 0.259000000  0.22 0.000000  0.091 0.000  0.420 0.000   0.588 0.000 999.99 0.259000000   3.409 0.000   0.835 0.000   2.574 0.000 0.031 0.000000 0.165 0.000
 53.291667  54.291667   66.52 0.000000  0.85 0.000000 9.999 0.259000000  0.15 0.000000  0.035 0.000  0.418 0.000   0.585 0.000 999.99 0.259000000   5.251 0.000   2.108 0.000   3.143 0.000 0.056 0.000000 0.155 0.000
 56.291667  57.291667   37.71 0.000000  0.24 0.000000 9.999 0.259000000 99.99 0.259000  0.034 0.000  0.182 0.000   0.255 0.000 999.99 0.259000000   2.399 0.000   0.271 0.000   2.128 0.000 0.030 0.000000 0.071 0.000
 59.291667  60.291667   28.81 0.000000  0.66 0.000000 9.999 0.259000000 99.99 0.259000  0.119 0.000  0.371 0.000   0.519 0.000 999.99 0.259000000   4.016 0.000   1.464 0.000   2.552 0.000 0.027 0.000000 0.238 0.000
 62.291667  63.291667   53.27 0.000000  0.93 0.000000 9.999 0.259000000  0.22 0.000000  0.137 0.000  0.905 0.000   1.267 0.000 999.99 0.259000000 999.999 0.456 999.999 0.999   3.592 0.000 0.039 0.000000 0.271 0.000
 65.291667  66.291667   79.07 0.000000  1.32 0.000000 9.999 0.259000000  0.19 0.000000  0.074 0.000  0.824 0.000   1.153 0.000 999.99 0.259000000 999.999 0.456 999.999 0.999   3.842 0.000 0.051 0.000000 0.196 0.000
 68.291667  69.291667  109.97 0.000000  2.86 0.000000 9.999 0.259000000  0.13 0.000000  0.087 0.000  1.148 0.000   1.607 0.000 999.99 0.259000000 999.999 0.456 999.999 0.999   5.663 0.000 0.079 0.000000 0.353 0.000
 71.291667  72.291667  171.60 0.000000  1.59 0.000000 0.029 0.000000000  0.24 0.000000  0.047 0.000  0.652 0.000   0.913 0.000 999.99 0.259000000  10.562 0.000   4.576 0.000   5.987 0.000 0.117 0.000000 0.228 0.000
 74.291667  75.291667   49.87 0.000000  0.74 0.000000 9.999 0.259000000  0.41 0.000000  0.060 0.000  0.363 0.000   0.508 0.000 999.99 0.259000000   6.233 0.000   2.686 0.000   3.547 0.000 0.044 0.000000 0.289 0.000
 77.291667  78.291667  140.08 0.000000  0.65 0.000000 0.055 0.000000000  0.22 0.000000  0.089 0.000  0.441 0.000   0.618 0.000 999.99 0.259000000  13.931 0.000   8.566 0.000   5.365 0.000 0.096 0.000000 0.123 0.000
 80.291667  81.291667   74.64 0.000000  1.45 0.000000 9.999 0.259000000  0.20 0.000000  0.090 0.000  0.606 0.000   0.848 0.000 999.99 0.259000000   7.237 0.000   3.675 0.000   3.562 0.000 0.047 0.000000 0.182 0.000
 83.291667  84.291667  125.91 0.000000  1.30 0.000000 0.037 0.000000000  0.22 0.000000  0.071 0.000  0.529 0.000   0.740 0.000 999.99 0.259000000  10.421 0.000   5.136 0.000   5.286 0.000 0.086 0.000000 0.187 0.000
 86.291667  87.291667  147.20 0.559394  1.24 0.559394 9.999 0.559394259  1.08 0.559394  0.041 0.394  0.643 0.000   0.901 0.000 999.99 0.559394259  13.946 0.000   8.971 0.000   4.975 0.559 0.092 0.559394 0.118 0.394
 89.291667  90.291667  174.50 0.000000  0.77 0.000000 9.999 0.259000000  2.68 0.000000  0.041 0.000  3.696 0.000   5.174 0.000 999.99 0.259000000  12.427 0.000   6.056 0.000   6.371 0.000 0.117 0.000000 0.170 0.000
 92.291667  93.291667   84.59 0.000000  1.55 0.000000 9.999 0.259000000  1.13 0.000000  0.104 0.000  0.705 0.000   0.987 0.000 999.99 0.259000000  12.710 0.000   7.668 0.000   5.042 0.000 0.065 0.000000 0.427 0.000
 95.291667  96.291667  104.71 0.000000  1.00 0.000000 9.999 0.259000000  1.71 0.000000  0.090 0.000  0.630 0.000   0.883 0.000 999.99 0.259000000  11.729 0.000   7.343 0.000   4.386 0.000 0.068 0.000000 0.203 0.000
 98.291667  99.291667  153.61 0.000000  1.07 0.000000 9.999 0.259000000  1.36 0.000000  0.061 0.000  0.959 0.000   1.343 0.000 999.99 0.259000000  23.489 0.000  15.996 0.000   7.493 0.000 0.105 0.000000 0.455 0.000
101.291667 102.291667  220.90 0.000000  1.68 0.000000 9.999 0.259000000  3.38 0.000000  0.068 0.000  0.797 0.000   1.116 0.000 999.99 0.259000000  14.297 0.000   6.439 0.000   7.858 0.000 0.138 0.000000 0.342 0.000
104.291667 105.291667   77.51 0.000000  0.80 0.000000 9.999 0.259000000  1.88 0.000000  0.032 0.000  0.263 0.000   0.367 0.000 999.99 0.259000000   6.478 0.000   3.475 0.000   3.003 0.000 0.052 0.000000 0.141 0.000
107.291667 108.291667  136.62 0.000000  0.73 0.000000 9.999 0.259000000  1.87 0.000000  0.066 0.000  0.347 0.000   0.486 0.000 999.99 0.259000000   9.559 0.000   4.646 0.000   4.913 0.000 0.096 0.000000 0.150 0.000
110.291667 111.291667   93.95 0.000000  0.77 0.000000 9.999 0.259000000  0.30 0.000000  0.086 0.000  0.579 0.000   0.811 0.000 999.99 0.259000000  13.889 0.000   8.650 0.000   5.239 0.000 0.070 0.000000 0.344 0.000
113.291667 114.291667  156.64 0.000000  2.12 0.000000 9.999 0.259000000  0.20 0.000000  0.069 0.000  0.780 0.000   1.092 0.000 999.99 0.259000000  15.278 0.000   9.156 0.000   6.122 0.000 0.113 0.000000 0.289 0.000
116.291667 117.291667   97.51 0.000000  1.12 0.000000 9.999 0.259000000  0.15 0.000000  0.059 0.000  0.915 0.000   1.281 0.000 999.99 0.259000000  11.574 0.000   6.526 0.000   5.048 0.000 0.086 0.000000 0.315 0.000
119.291667 120.291667  310.22 0.000000  1.86 0.000000 9.999 0.259000000  2.53 0.000000  0.081 0.000  0.825 0.000   1.155 0.000 999.99 0.259000000  17.198 0.000   6.658 0.000  10.540 0.000 0.215 0.000000 0.315 0.000
122.291667 123.291667  113.41 0.000000  0.85 0.000000 9.999 0.259000000  0.29 0.000000  0.039 0.000  0.428 0.000   0.599 0.000 999.99 0.259000000  12.010 0.000   7.299 0.000   4.711 0.000 0.087 0.000000 0.176 0.000
125.291667 126.291667  342.21 0.000000  1.39 0.000000 9.999 0.259000000  0.08 0.000000  0.072 0.000  0.836 0.000   1.170 0.000 999.99 0.259000000  13.235 0.000   8.131 0.000   5.104 0.000 0.283 0.000000 0.360 0.000
128.291667 129.291667  161.83 0.000000  1.25 0.000000 9.999 0.259000000  0.83 0.000000  0.074 0.000  0.818 0.000   1.145 0.000 999.99 0.259000000  16.095 0.000   7.907 0.000   8.188 0.000 0.126 0.000000 0.348 0.000
131.291667 132.291667  151.57 0.000000  1.74 0.000000 9.999 0.259000000  0.30 0.000000  0.062 0.000  1.507 0.000   2.110 0.000 999.99 0.259000000  16.772 0.000   9.249 0.000   7.523 0.000 0.118 0.000000 0.331 0.000
134.291667 135.291667  402.87 0.000000  2.44 0.000000 9.999 0.259000000  0.87 0.000000  0.124 0.000  1.241 0.000   1.737 0.000 999.99 0.259000000  28.922 0.000  14.482 0.000  14.440 0.000 0.331 0.000000 0.592 0.000
137.291667 138.291667  156.33 0.000000  1.08 0.000000 9.999 0.259000000  0.53 0.000000  0.078 0.000  1.337 0.000   1.872 0.000 999.99 0.259000000  15.657 0.000   7.051 0.000   8.605 0.000 0.130 0.000000 0.576 0.000
140.291667 141.291667  781.93 0.000000  1.63 0.000000 9.999 0.259000000  0.11 0.000000  0.174 0.000  2.501 0.000   3.501 0.000 999.99 0.259000000  96.732 0.000  67.006 0.000  29.726 0.000 0.795 0.000000 0.643 0.000
143.291667 144.291667  140.40 0.000000  1.72 0.000000 9.999 0.259000000  0.41 0.000000  0.166 0.000  1.127 0.000   1.578 0.000 999.99 0.259000000  23.362 0.000  13.879 0.000   9.484 0.000 0.138 0.000000 0.804 0.000
146.291667 147.291667 9999.99 0.456000 99.99 0.456000 9.999 0.456000000 99.99 0.456000  0.113 0.000  1.519 0.000   2.127 0.000 999.99 0.456000000  20.030 0.000 999.999 0.999 999.999 0.456 9.999 0.456000 0.659 0.000
149.291667 150.291667  404.45 0.000000  1.17 0.000000 9.999 0.259000000  0.63 0.000000  0.053 0.000  1.234 0.000   1.728 0.000 999.99 0.259000000  15.655 0.000   1.307 0.000  14.348 0.000 0.398 0.000000 0.413 0.000
152.291667 153.291667  142.69 0.000000  0.79 0.000000 9.999 0.259000000  0.42 0.000000  0.085 0.000  1.071 0.000   1.499 0.000 999.99 0.259000000  17.140 0.000   8.088 0.000   9.053 0.000 0.166 0.000000 0.697 0.000
155.291667 156.291667  147.14 0.000000  0.78 0.000000 9.999 0.259000000  0.44 0.000000  0.047 0.000  0.840 0.000   1.176 0.000 999.99 0.259000000  11.830 0.000   5.555 0.000   6.274 0.000 0.113 0.000000 0.401 0.000
158.291667 159.291667   69.49 0.000000  1.05 0.000000 9.999 0.259000000  0.39 0.000000  0.077 0.000  1.519 0.000   2.126 0.000 999.99 0.259000000  15.383 0.000   8.193 0.000   7.190 0.000 0.092 0.000000 0.724 0.000
161.291667 162.291667  119.82 0.000000  0.55 0.000000 9.999 0.259000000  0.30 0.000000  0.057 0.000  0.818 0.000   1.145 0.000 999.99 0.259000000 999.999 0.999 999.999 0.999   6.277 0.000 0.131 0.000000 0.467 0.000
164.291667 165.291667   74.42 0.000000  0.68 0.000000 9.999 0.259000000  0.22 0.000000  0.056 0.000  1.464 0.000   2.050 0.000 999.99 0.259000000 999.999 0.999 999.999 0.999   5.361 0.000 0.105 0.000000 0.354 0.000
167.291667 168.291667  772.83 0.000000  1.82 0.000000 9.999 0.259000000 99.99 0.259000  0.109 0.000  2.420 0.000   3.387 0.000 999.99 0.259000000  56.303 0.000  27.422 0.000  28.881 0.000 0.602 0.000000 0.526 0.000
170.291667 171.291667  185.86 0.000000  0.90 0.000000 9.999 0.259000000  0.26 0.000000  0.061 0.000  0.903 0.000   1.265 0.000 999.99 0.259000000  12.253 0.000   4.668 0.000   7.584 0.000 0.153 0.000000 0.363 0.000
173.291667 174.291667   58.82 0.000000  1.39 0.000000 9.999 0.259000000  0.35 0.000000  0.043 0.000  0.756 0.000   1.058 0.000 999.99 0.259000000  15.405 0.000  11.629 0.000   3.777 0.000 0.059 0.000000 0.288 0.000
176.291667 177.291667  109.56 0.000000  0.69 0.000000 9.999 0.259000000 99.99 0.259000  0.092 0.559  5.810 0.000   8.134 0.000 999.99 0.259000000  23.593 0.000  11.338 0.000  12.255 0.000 0.136 0.000000 0.304 0.559
179.291667 180.291667  126.57 0.000000  0.77 0.000000 9.999 0.259000000  0.19 0.000000  0.116 0.000  2.878 0.000   4.029 0.000 999.99 0.259000000  24.088 0.000  14.168 0.000   9.921 0.000 0.225 0.000000 0.585 0.000
182.291667 183.291667  150.26 0.000000  0.61 0.000000 0.034 0.000000000  0.20 0.000000  0.140 0.000  1.254 0.000   1.755 0.000 999.99 0.259000000  24.813 0.000  15.858 0.000   8.955 0.000 0.177 0.000000 0.611 0.000
185.291667 186.291667  113.75 0.000000  1.42 0.000000 9.999 0.259000000  0.19 0.000000  0.097 0.000  2.050 0.000   2.870 0.000 999.99 0.259000000  20.057 0.000  11.945 0.000   8.112 0.000 0.309 0.000000 0.492 0.000
188.291667 189.291667  147.68 0.000000  0.70 0.000000 9.999 0.259000000  0.49 0.000000  0.216 0.000  4.574 0.000   6.403 0.000 999.99 0.259000000  33.219 0.000  18.083 0.000  15.136 0.000 0.190 0.000000 0.931 0.000
191.291667 192.291667  209.10 0.000000  0.54 0.000000 9.999 0.259000000  0.40 0.000000  0.201 0.000  1.647 0.000   2.305 0.000 999.99 0.259000000  36.720 0.000  24.285 0.000  12.435 0.000 0.232 0.000000 0.927 0.000
194.291667 195.291667  148.72 0.000000  0.47 0.000000 9.999 0.259000000 99.99 0.259000  0.077 0.000  1.879 0.000   2.630 0.000 999.99 0.259000000  24.691 0.000  16.982 0.000   7.709 0.000 0.147 0.000000 0.445 0.000
197.291667 198.291667  622.13 0.000000  1.11 0.000000 9.999 0.259000000  0.09 0.000000  0.124 0.000  2.772 0.000   3.880 0.000 999.99 0.259000000  61.021 0.000  39.226 0.000  21.794 0.000 0.407 0.000000 0.413 0.000
200.291667 201.291667  139.77 0.000000  1.04 0.000000 9.999 0.259000000  0.22 0.000000  0.117 0.000  2.215 0.000   3.102 0.000 999.99 0.259000000  21.307 0.000  10.354 0.000  10.953 0.000 0.160 0.000000 0.789 0.000
203.291667 204.291667  108.50 0.394000  0.97 0.394000 0.055 0.394000000 99.99 0.394259  0.072 0.394  1.565 0.000   2.191 0.000 999.99 0.394259000  14.745 0.000   8.144 0.000   6.601 0.000 0.076 0.394000 0.462 0.394
206.291667 207.291667   67.78 0.000000  0.45 0.000000 9.999 0.259000000  0.19 0.000000  0.078 0.000  1.024 0.000   1.433 0.000 999.99 0.259000000   9.097 0.000   4.527 0.000   4.569 0.000 0.051 0.000000 0.411 0.000
209.291667 210.291667   54.21 0.000000  0.39 0.000000 0.029 0.000000000  0.10 0.000000  0.054 0.559  1.078 0.000   1.509 0.000 999.99 0.259000000   8.331 0.000   4.194 0.000   4.137 0.000 0.039 0.000000 0.317 0.559
212.291667 213.291667   44.43 0.000000  0.89 0.000000 9.999 0.259000000  0.11 0.000000  0.129 0.000  0.838 0.000   1.173 0.000 999.99 0.259000000   6.620 0.000   2.952 0.000   3.668 0.000 0.028 0.000000 0.302 0.000
215.291667 216.291667   53.34 0.000000  0.70 0.000000 9.999 0.259000000  0.13 0.000000  0.043 0.000  0.757 0.000   1.060 0.000 999.99 0.259000000  12.112 0.000   7.885 0.000   4.227 0.000 0.058 0.000000 0.448 0.000
218.291667 219.291667  108.45 0.000000  0.98 0.000000 9.999 0.259000000  0.22 0.000000  0.070 0.000  1.335 0.000   1.868 0.000 999.99 0.259000000  17.341 0.000  10.668 0.000   6.673 0.000 0.077 0.000000 0.552 0.000
221.291667 222.291667   66.93 0.000000  0.91 0.000000 9.999 0.259000000  0.16 0.000000  0.053 0.000  1.311 0.000   1.835 0.000 999.99 0.259000000  11.893 0.000   6.829 0.000   5.064 0.000 0.056 0.000000 0.521 0.000
