scripts/IMPROVE-2019_partial/data/US9036R.19970101070000.20191216000000.filterpack...1y.3d.US03L_filterpack_US9036.US03L_IMPROVE_Davis.lev2.nas
51 1001
MISSING INFORMATION
US03L, IMPROVE, , , , , , , 
MISSING INFORMATION
IMPROVE sel_HTAP
1 1
1997 01 01 2019 12 16
0
days from file reference point
4
1 1 1 1
999.999999 999.999 999.999 9.999
end_time of measurement, days from the file reference point
pm10_mass, ug/m3, Matrix=pm10
pm25_mass, ug/m3, Matrix=pm25
numflag, no unit
0
33
Data definition:              EBAS_1.1
Set type code:                TI
Timezone:                     UTC
File name:                    US9036R.19970101070000.20191216000000.filterpack...1y.3d.US03L_filterpack_US9036.US03L_IMPROVE_Davis.lev2.nas
File creation:                20191218120744
Startdate:                    19970101070000
Revision date:                20191216000000
Version:                      2
Version description:          "Data extracted from http://views.cira.colostate.edu/fed/DataWizard 2019-12-16"
Statistics:                   arithmetic mean
Data level:                   2
Period code:                  1y
Resolution code:              3d
Sample duration:              1d
Orig. time res.:              3d
Station code:                 US9036R
Platform code:                US9036S
Station name:                 Tonto NM
Station latitude:             33.6548
Station longitude:            -111.1068
Station altitude:             775.0 m
Regime:                       IMG
Component:                    
Unit:                         ug/m3
Matrix:                       
Laboratory code:              US03L
Instrument type:              filterpack
Instrument name:              filterpack_US9036
Method ref:                   US03L_IMPROVE_Davis
Blank correction:             Blank corrected
Volume std. temperature:      ambient
Volume std. pressure:         ambient
starttime endtime PM10 PM2.5 flag
  0.291667   1.291667   6.309   3.914 0.000
  3.291667   4.291667   6.709   1.831 0.000
  7.291667   8.291667   5.994   5.177 0.000
 10.291667  11.291667   8.918   3.408 0.000
 14.291667  15.291667 999.999   2.377 0.000
 17.291667  18.291667   6.229   6.049 0.000
 21.291667  22.291667   7.622   3.319 0.000
 24.291667  25.291667   5.122   4.234 0.000
 28.291667  29.291667   7.254   2.735 0.000
 31.291667  32.291667   8.492   4.375 0.000
 35.291667  36.291667  11.167   3.999 0.000
 38.291667  39.291667   6.665   3.395 0.000
 42.291667  43.291667   9.639   4.099 0.000
 45.291667  46.291667   4.733   1.967 0.000
 49.291667  50.291667  13.785   5.084 0.000
 52.291667  53.291667   6.426   2.059 0.000
 56.291667  57.291667   8.924   3.622 0.000
 59.291667  60.291667   1.263   1.162 0.000
 63.291667  64.291667   1.803   1.009 0.000
 66.291667  67.291667   7.545   4.179 0.000
 70.291667  71.291667   9.749   4.909 0.000
 73.291667  74.291667   9.649   4.250 0.000
 77.291667  78.291667   6.776   3.652 0.000
 80.291667  81.291667  12.507   6.283 0.000
 84.291667  85.291667  10.272   3.314 0.000
 87.291667  88.291667  19.965   4.253 0.000
 91.291667  92.291667  23.210   7.419 0.000
 94.291667  95.291667  20.066   6.944 0.000
 98.291667  99.291667  21.670   5.904 0.000
101.291667 102.291667  16.733   3.836 0.000
105.291667 106.291667  13.470   4.864 0.000
108.291667 109.291667  15.250   7.778 0.000
112.291667 113.291667  41.803  10.317 0.000
115.291667 116.291667   6.876   3.275 0.000
119.291667 120.291667  18.782   6.434 0.000
122.291667 123.291667  15.822   7.200 0.000
126.291667 127.291667  11.079   3.764 0.000
129.291667 130.291667   9.958   3.181 0.000
133.291667 134.291667  18.487   6.714 0.000
136.291667 137.291667   8.530   5.189 0.000
140.291667 141.291667   8.578   3.751 0.000
143.291667 144.291667  16.766   4.766 0.000
147.291667 148.291667   9.934   4.480 0.000
150.291667 151.291667  11.896   4.715 0.000
154.291667 155.291667  11.257   3.168 0.000
157.291667 158.291667  10.917   4.553 0.000
161.291667 162.291667  12.526   4.999 0.000
164.291667 165.291667  10.273   2.662 0.000
168.291667 169.291667  18.639   5.974 0.000
171.291667 172.291667  17.234   4.538 0.000
175.291667 176.291667  16.105   3.573 0.000
178.291667 179.291667  17.163   6.819 0.000
182.291667 183.291667  13.573   4.834 0.000
185.291667 186.291667  28.032   7.335 0.000
189.291667 190.291667 999.999   6.050 0.000
192.291667 193.291667 999.999   3.997 0.000
196.291667 197.291667  15.428   4.923 0.000
199.291667 200.291667  17.230   5.995 0.000
203.291667 204.291667   7.559   3.960 0.000
206.291667 207.291667   6.366   3.871 0.000
210.291667 211.291667  10.360   4.630 0.000
213.291667 214.291667  12.371   4.571 0.000
217.291667 218.291667  15.722   6.827 0.000
220.291667 221.291667   7.367   4.952 0.000
224.291667 225.291667  13.285   5.940 0.000
227.291667 228.291667  10.668   4.876 0.000
231.291667 232.291667   7.882   4.837 0.000
234.291667 235.291667   5.382   5.164 0.000
238.291667 239.291667   9.167   3.858 0.000
241.291667 242.291667   7.604   3.739 0.000
245.291667 246.291667  13.209   7.479 0.000
248.291667 249.291667   8.018   4.214 0.000
252.291667 253.291667  14.767   6.734 0.000
255.291667 256.291667  12.401   6.103 0.000
259.291667 260.291667  11.853   4.455 0.000
262.291667 263.291667  13.610   5.330 0.000
266.291667 267.291667  13.593   4.539 0.000
269.291667 270.291667  12.448   3.096 0.000
273.291667 274.291667 999.999 999.999 0.999
276.291667 277.291667  16.230   5.762 0.000
280.291667 281.291667  27.985   6.353 0.000
283.291667 284.291667  14.716   2.901 0.000
287.291667 288.291667   6.454   2.528 0.000
290.291667 291.291667   9.436   5.828 0.000
294.291667 295.291667   5.020   2.937 0.000
297.291667 298.291667   4.671   2.191 0.000
301.291667 302.291667  11.946   5.754 0.000
304.291667 305.291667  18.725  11.050 0.000
308.291667 309.291667 999.999 999.999 0.999
311.291667 312.291667  19.184   9.505 0.000
315.291667 316.291667   6.944   3.948 0.000
318.291667 319.291667   6.838   3.278 0.000
322.291667 323.291667   7.402   4.731 0.000
325.291667 326.291667   6.181   2.489 0.000
329.291667 330.291667  22.784   2.522 0.000
332.291667 333.291667 999.999   7.685 0.000
336.291667 337.291667 999.999   7.157 0.000
339.291667 340.291667   5.484   3.002 0.000
343.291667 344.291667 999.999   1.462 0.000
346.291667 347.291667 999.999   0.914 0.000
350.291667 351.291667   4.261   2.517 0.000
353.291667 354.291667   7.941   3.807 0.000
357.291667 358.291667 999.999 999.999 0.999
360.291667 361.291667 999.999 999.999 0.999
364.291667 365.291667   3.243   1.781 0.000
