scripts/IMPROVE-2019_partial/data/US9042R.19950104080000.20191216000000.filterpack...1y.3d.US03L_filterpack_US9042_YOSE1.US03L_IMPROVE_Davis.lev2.nas
60 1001
MISSING INFORMATION
US03L, IMPROVE, , , , , , , 
MISSING INFORMATION
IMPROVE sel_HTAP
1 1
1995 01 01 2019 12 16
0
days from file reference point
5
1 1 1 1 1
999.999999 999.999 9.999 999.999 9.999
end_time of measurement, days from the file reference point
pm10_mass, ug/m3, Matrix=pm10
numflag pm10_mass, no unit, Matrix=pm10
pm25_mass, ug/m3, Matrix=pm25
numflag pm25_mass, no unit, Matrix=pm25
0
41
Data definition:              EBAS_1.1
Set type code:                TI
Timezone:                     UTC
File name:                    US9042R.19950104080000.20191216000000.filterpack...1y.3d.US03L_filterpack_US9042_YOSE1.US03L_IMPROVE_Davis.lev2.nas
File creation:                20191218120810
Startdate:                    19950104080000
Revision date:                20191216000000
Version:                      2
Version description:          "Data extracted from http://views.cira.colostate.edu/fed/DataWizard 2019-12-16"
Statistics:                   arithmetic mean
Data level:                   2
Period code:                  1y
Resolution code:              3d
Sample duration:              1d
Orig. time res.:              3d
Station code:                 US9042R
Platform code:                US9042S
Station name:                 Yosemite NP
Station WDCA-ID:              GAWAUSCAYOS
Station GAW-ID:               YOS
Station GAW-Name:             Yosemite NP - Turtleback Dome
Station state/province:       CA
Station land use:             Remote park
Station setting:              Mountain
Station GAW type:             C
Station WMO region:           4
Station latitude:             37.7133
Station longitude:            -119.7061
Station altitude:             1605.0 m
Regime:                       IMG
Component:                    
Unit:                         ug/m3
Matrix:                       
Laboratory code:              US03L
Instrument type:              filterpack
Instrument name:              filterpack_US9042_YOSE1
Method ref:                   US03L_IMPROVE_Davis
Blank correction:             Blank corrected
Volume std. temperature:      ambient
Volume std. pressure:         ambient
starttime endtime PM10 flag_PM10 PM2.5 flag_PM2.5
  3.333333   4.333333   2.073 0.000 999.999 0.259
  6.333333   7.333333   8.984 0.000   0.312 0.000
 10.333333  11.333333   6.786 0.000   1.321 0.000
 13.333333  14.333333   3.810 0.000 999.999 0.259
 17.333333  18.333333   2.932 0.000   0.918 0.000
 20.333333  21.333333   6.388 0.000   1.867 0.000
 24.333333  25.333333 999.999 0.999   5.366 0.000
 27.333333  28.333333   1.541 0.000 999.999 0.259
 31.333333  32.333333   5.387 0.000   0.606 0.000
 34.333333  35.333333   2.694 0.000   0.879 0.000
 38.333333  39.333333   3.245 0.000   0.712 0.000
 41.333333  42.333333   4.789 0.000   3.498 0.000
 45.333333  46.333333   4.259 0.000   0.574 0.000
 48.333333  49.333333  12.296 0.000   0.937 0.000
 52.333333  53.333333   9.103 0.000   2.174 0.000
 55.333333  56.333333   9.606 0.000   2.185 0.000
 59.333333  60.333333   4.730 0.000   2.418 0.000
 62.333333  63.333333  12.057 0.000   1.240 0.000
 66.333333  67.333333   4.045 0.000   2.685 0.000
 69.333333  70.333333  10.359 0.000   0.428 0.000
 73.333333  74.333333 999.999 0.999 999.999 0.999
 76.333333  77.333333   2.006 0.000   1.073 0.000
 80.333333  81.333333 999.999 0.999 999.999 0.999
 83.333333  84.333333   2.327 0.000   1.689 0.000
 87.333333  88.333333   6.333 0.000   2.385 0.000
 90.333333  91.333333  11.411 0.000   4.710 0.000
 94.333333  95.333333   9.284 0.000   3.999 0.000
 97.333333  98.333333   7.204 0.000   1.897 0.000
101.333333 102.333333  11.111 0.000   5.359 0.000
104.333333 105.333333   4.136 0.000   2.577 0.000
108.333333 109.333333   4.879 0.000   3.123 0.000
111.333333 112.333333  12.500 0.000   5.186 0.000
115.333333 116.333333   8.162 0.000   5.300 0.000
118.333333 119.333333   1.947 0.000   0.483 0.000
122.333333 123.333333   6.035 0.000   3.687 0.000
125.333333 126.333333   4.915 0.000   1.980 0.000
129.333333 130.333333 999.999 0.999   4.117 0.000
132.333333 133.333333   8.690 0.000   0.975 0.000
136.333333 137.333333   5.342 0.000   4.609 0.000
139.333333 140.333333   8.246 0.000   5.731 0.000
143.333333 144.333333   4.379 0.000   2.256 0.000
146.333333 147.333333   8.393 0.000   5.424 0.000
150.333333 151.333333  10.935 0.000   6.173 0.000
153.333333 154.333333 999.999 0.999   6.671 0.000
157.333333 158.333333   3.163 0.000   1.169 0.000
160.333333 161.333333   8.265 0.000   4.973 0.000
164.333333 165.333333  12.307 0.000   6.280 0.000
167.333333 168.333333   6.481 0.000   3.053 0.000
171.333333 172.333333   3.737 0.000   2.236 0.000
174.333333 175.333333   7.049 0.000   4.852 0.000
178.333333 179.333333   9.588 0.000   6.193 0.000
181.333333 182.333333   8.742 0.000   6.016 0.000
185.333333 186.333333  10.075 0.000   7.187 0.000
188.333333 189.333333  12.082 0.000   7.371 0.000
192.333333 193.333333   9.832 0.000   4.375 0.000
195.333333 196.333333  12.826 0.000   5.246 0.000
199.333333 200.333333   9.853 0.000   5.995 0.000
202.333333 203.333333   6.690 0.000   4.184 0.000
206.333333 207.333333   6.446 0.000   4.245 0.000
209.333333 210.333333  13.383 0.000   7.801 0.000
213.333333 214.333333  10.981 0.000   6.176 0.000
216.333333 217.333333  15.616 0.000  10.369 0.000
220.333333 221.333333  15.554 0.000   6.582 0.000
223.333333 224.333333   9.308 0.000   4.087 0.000
227.333333 228.333333  16.130 0.000   8.786 0.000
230.333333 231.333333   8.821 0.000   5.440 0.000
234.333333 235.333333  13.779 0.000   9.054 0.000
237.333333 238.333333  13.815 0.000   8.075 0.000
241.333333 242.333333  11.367 0.000   5.048 0.000
244.333333 245.333333  15.889 0.000   7.230 0.000
248.333333 249.333333  11.346 0.000   5.362 0.000
251.333333 252.333333  22.958 0.000  11.111 0.000
255.333333 256.333333  11.998 0.000   6.012 0.000
258.333333 259.333333  19.406 0.000  10.401 0.000
262.333333 263.333333  15.117 0.000   8.753 0.000
265.333333 266.333333  12.208 0.000   6.084 0.000
269.333333 270.333333   8.127 0.000   5.265 0.000
272.333333 273.333333  10.398 0.000   5.491 0.000
276.333333 277.333333  13.661 0.000   6.717 0.000
279.333333 280.333333  30.269 0.000  10.631 0.000
283.333333 284.333333  17.046 0.000   7.760 0.000
286.333333 287.333333  14.227 0.000   6.398 0.000
290.333333 291.333333   9.813 0.000   6.978 0.000
293.333333 294.333333  13.275 0.000   8.003 0.000
297.333333 298.333333  87.963 0.000  34.422 0.000
300.333333 301.333333  11.260 0.000   7.742 0.000
304.333333 305.333333  19.852 0.000  15.758 0.000
307.333333 308.333333  12.947 0.000   9.582 0.000
311.333333 312.333333   7.021 0.000   4.739 0.000
314.333333 315.333333   9.477 0.000   3.177 0.000
318.333333 319.333333   8.729 0.000   4.511 0.000
321.333333 322.333333   6.160 0.000   4.316 0.000
325.333333 326.333333  12.153 0.000   4.001 0.000
328.333333 329.333333  13.692 0.000   6.878 0.000
332.333333 333.333333   4.630 0.000   1.450 0.000
335.333333 336.333333   9.794 0.000   6.811 0.000
339.333333 340.333333   4.644 0.000   2.674 0.000
342.333333 343.333333   6.604 0.000   1.960 0.000
346.333333 347.333333   5.155 0.000   0.942 0.000
349.333333 350.333333   0.837 0.000   0.625 0.000
353.333333 354.333333 999.999 0.999 999.999 0.999
356.333333 357.333333 999.999 0.999 999.999 0.999
360.333333 361.333333 999.999 0.999 999.999 0.999
363.333333 364.333333 999.999 0.999 999.999 0.999
