scripts/IMPROVE-2019_partial/data/US9040R.19920101080000.20191216000000.filterpack...1y.3d.US03L_filterpack_US9040.US03L_IMPROVE_Davis.lev2.nas
52 1001
MISSING INFORMATION
US03L, IMPROVE, , , , , , , 
MISSING INFORMATION
IMPROVE sel_HTAP
1 1
1992 01 01 2019 12 16
0
days from file reference point
5
1 1 1 1 1
999.999999 999.999 9.999 999.999 9.999
end_time of measurement, days from the file reference point
pm10_mass, ug/m3, Matrix=pm10
numflag pm10_mass, no unit, Matrix=pm10
pm25_mass, ug/m3, Matrix=pm25
numflag pm25_mass, no unit, Matrix=pm25
0
33
Data definition:              EBAS_1.1
Set type code:                TI
Timezone:                     UTC
File name:                    US9040R.19920101080000.20191216000000.filterpack...1y.3d.US03L_filterpack_US9040.US03L_IMPROVE_Davis.lev2.nas
File creation:                20191218120803
Startdate:                    19920101080000
Revision date:                20191216000000
Version:                      2
Version description:          "Data extracted from http://views.cira.colostate.edu/fed/DataWizard 2019-12-16"
Statistics:                   arithmetic mean
Data level:                   2
Period code:                  1y
Resolution code:              3d
Sample duration:              1d
Orig. time res.:              3d
Station code:                 US9040R
Platform code:                US9040S
Station name:                 South Lake Tahoe
Station latitude:             38.9333
Station longitude:            -119.9667
Station altitude:             1900.0 m
Regime:                       IMG
Component:                    
Unit:                         ug/m3
Matrix:                       
Laboratory code:              US03L
Instrument type:              filterpack
Instrument name:              filterpack_US9040
Method ref:                   US03L_IMPROVE_Davis
Blank correction:             Blank corrected
Volume std. temperature:      ambient
Volume std. pressure:         ambient
starttime endtime PM10 flag_PM10 PM2.5 flag_PM2.5
  0.333333   1.333333  48.713 0.000  37.382 0.559
  3.333333   4.333333  12.575 0.000   3.292 0.559
  7.333333   8.333333  44.260 0.000  28.012 0.559
 10.333333  11.333333  17.100 0.000   4.325 0.559
 14.333333  15.333333  45.857 0.000  29.188 0.559
 17.333333  18.333333  28.493 0.000  15.970 0.559
 21.333333  22.333333  45.070 0.000  25.833 0.559
 24.333333  25.333333  34.489 0.000  14.983 0.559
 28.333333  29.333333  36.277 0.000  18.476 0.559
 31.333333  32.333333  14.682 0.000   9.693 0.559
 35.333333  36.333333  32.564 0.000  21.167 0.559
 38.333333  39.333333  24.151 0.000  11.146 0.559
 42.333333  43.333333  20.662 0.000  12.185 0.559
 45.333333  46.333333   6.157 0.000   3.723 0.559
 49.333333  50.333333   8.233 0.000   4.471 0.559
 52.333333  53.333333  13.441 0.000   4.491 0.559
 56.333333  57.333333  40.072 0.000  13.093 0.559
 59.333333  60.333333  40.072 0.000  15.646 0.000
 63.333333  64.333333  25.842 0.000  11.033 0.000
 66.333333  67.333333  18.945 0.000   6.012 0.000
 70.333333  71.333333  36.631 0.000  13.788 0.000
 73.333333  74.333333  25.667 0.000   9.421 0.000
 77.333333  78.333333  23.957 0.000  12.545 0.000
 80.333333  81.333333  21.185 0.000  11.909 0.000
 84.333333  85.333333  17.979 0.000   8.825 0.000
 87.333333  88.333333  17.029 0.000  10.120 0.000
 91.333333  92.333333  13.668 0.000   6.207 0.000
 94.333333  95.333333  14.152 0.000   6.972 0.000
 98.333333  99.333333   8.339 0.000   3.595 0.000
101.333333 102.333333  14.874 0.000   6.842 0.000
105.333333 106.333333  13.110 0.000   6.935 0.000
108.333333 109.333333  10.430 0.000   6.577 0.000
112.333333 113.333333  15.017 0.000   7.202 0.000
115.333333 116.333333  13.816 0.000   6.905 0.000
119.333333 120.333333  28.019 0.000   8.187 0.000
122.333333 123.333333  10.000 0.000   5.526 0.000
126.333333 127.333333  13.454 0.000   7.251 0.000
129.333333 130.333333   8.818 0.000   3.538 0.000
133.333333 134.333333 999.999 0.999 999.999 0.999
136.333333 137.333333 999.999 0.999 999.999 0.999
140.333333 141.333333   6.863 0.000   3.802 0.000
143.333333 144.333333  12.925 0.000   6.431 0.000
147.333333 148.333333  10.550 0.000   6.414 0.000
150.333333 151.333333  14.815 0.000   7.114 0.000
154.333333 155.333333  16.480 0.000   8.000 0.000
157.333333 158.333333  20.694 0.000  10.178 0.000
161.333333 162.333333  21.871 0.000  10.209 0.000
164.333333 165.333333   7.660 0.000   4.053 0.000
168.333333 169.333333   8.697 0.000   6.599 0.000
171.333333 172.333333  16.632 0.000   6.163 0.000
175.333333 176.333333  10.033 0.000   8.521 0.000
178.333333 179.333333   9.007 0.000   5.118 0.000
182.333333 183.333333  10.364 0.000   5.251 0.000
185.333333 186.333333  29.388 0.000   8.997 0.000
189.333333 190.333333  12.857 0.000   7.160 0.000
192.333333 193.333333  10.614 0.000   7.367 0.000
196.333333 197.333333   7.717 0.000   5.460 0.000
199.333333 200.333333  12.343 0.000   5.896 0.000
203.333333 204.333333   7.962 0.000   4.029 0.000
206.333333 207.333333  16.863 0.000   6.824 0.000
210.333333 211.333333  13.950 0.000   8.863 0.000
213.333333 214.333333  11.034 0.000   6.093 0.000
217.333333 218.333333   9.175 0.000   4.519 0.000
220.333333 221.333333  13.029 0.000   5.452 0.000
224.333333 225.333333  12.949 0.000   7.188 0.000
227.333333 228.333333  12.403 0.000   7.632 0.000
231.333333 232.333333  34.846 0.000  32.088 0.000
234.333333 235.333333   9.932 0.000   4.194 0.000
238.333333 239.333333  16.611 0.000   9.080 0.000
241.333333 242.333333  12.621 0.000   8.348 0.000
245.333333 246.333333  12.067 0.000   6.113 0.000
248.333333 249.333333   9.897 0.000   4.095 0.000
252.333333 253.333333  19.703 0.000  13.542 0.000
255.333333 256.333333  10.373 0.000   5.162 0.000
259.333333 260.333333  13.158 0.000   5.858 0.000
262.333333 263.333333  12.123 0.000   7.811 0.000
266.333333 267.333333  10.400 0.000   4.659 0.000
269.333333 270.333333  15.068 0.000   6.550 0.000
273.333333 274.333333  20.691 0.000   8.190 0.000
276.333333 277.333333   6.926 0.000   4.273 0.000
280.333333 281.333333  16.064 0.000   8.657 0.000
283.333333 284.333333  13.201 0.000   8.405 0.000
287.333333 288.333333  16.364 0.000   8.246 0.000
290.333333 291.333333  19.041 0.000   9.938 0.000
294.333333 295.333333   9.275 0.000   5.614 0.000
297.333333 298.333333  16.367 0.000  10.241 0.000
301.333333 302.333333  10.037 0.000   7.709 0.000
304.333333 305.333333   5.000 0.000   2.562 0.000
308.333333 309.333333  18.615 0.000  12.303 0.000
311.333333 312.333333  15.859 0.000  10.726 0.000
315.333333 316.333333  23.552 0.000  16.139 0.000
318.333333 319.333333  24.706 0.000  17.273 0.000
322.333333 323.333333  18.846 0.000  14.000 0.000
325.333333 326.333333  14.919 0.000   8.931 0.000
329.333333 330.333333  22.928 0.000  17.375 0.000
332.333333 333.333333  18.333 0.000  11.094 0.000
336.333333 337.333333  14.129 0.000   7.678 0.000
339.333333 340.333333  29.609 0.000  16.127 0.000
343.333333 344.333333   5.019 0.000   4.349 0.000
346.333333 347.333333   4.086 0.000   2.794 0.000
350.333333 351.333333  48.046 0.000  14.952 0.000
353.333333 354.333333  29.066 0.000  25.746 0.000
357.333333 358.333333  64.106 0.000  27.112 0.000
360.333333 361.333333  51.255 0.000  21.180 0.000
364.333333 365.333333   7.252 0.000   6.500 0.000
