scripts/IMPROVE-2019_partial/data/US9069R.20110103070000.20191216000000.filterpack...1y.3d.US03L_filterpack_US9069.US03L_IMPROVE_Davis.lev2.nas
51 1001
MISSING INFORMATION
US03L, IMPROVE, , , , , , , 
MISSING INFORMATION
IMPROVE sel_HTAP
1 1
2011 01 01 2019 12 16
3.000000
days from file reference point
4
1 1 1 1
999.999999 9999.999 999.999 9.999
end_time of measurement, days from the file reference point
pm10_mass, ug/m3, Matrix=pm10
pm25_mass, ug/m3, Matrix=pm25
numflag, no unit
0
33
Data definition:              EBAS_1.1
Set type code:                TU
Timezone:                     UTC
File name:                    US9069R.20110103070000.20191216000000.filterpack...1y.3d.US03L_filterpack_US9069.US03L_IMPROVE_Davis.lev2.nas
File creation:                20191218121016
Startdate:                    20110103070000
Revision date:                20191216000000
Version:                      2
Version description:          "Data extracted from http://views.cira.colostate.edu/fed/DataWizard 2019-12-16"
Statistics:                   arithmetic mean
Data level:                   2
Period code:                  1y
Resolution code:              3d
Sample duration:              1d
Orig. time res.:              3d
Station code:                 US9069R
Platform code:                US9069S
Station name:                 White Mountain
Station latitude:             33.4687
Station longitude:            -105.5349
Station altitude:             2063.0 m
Regime:                       IMG
Component:                    
Unit:                         ug/m3
Matrix:                       
Laboratory code:              US03L
Instrument type:              filterpack
Instrument name:              filterpack_US9069
Method ref:                   US03L_IMPROVE_Davis
Blank correction:             Blank corrected
Volume std. temperature:      ambient
Volume std. pressure:         ambient
starttime endtime PM10 PM2.5 flag
  2.291667   3.291667    2.705   1.137 0.000
  5.291667   6.291667    3.185   0.891 0.000
  8.291667   9.291667    3.090   1.091 0.000
 11.291667  12.291667    8.216   2.606 0.000
 14.291667  15.291667    2.745   0.994 0.000
 17.291667  18.291667    3.183   1.139 0.000
 20.291667  21.291667    2.787   1.092 0.000
 23.291667  24.291667    3.128   1.057 0.000
 26.291667  27.291667    2.878   1.414 0.000
 29.291667  30.291667    4.405   1.175 0.000
 32.291667  33.291667 9999.999 999.999 0.999
 35.291667  36.291667 9999.999 999.999 0.999
 38.291667  39.291667 9999.999 999.999 0.999
 41.291667  42.291667    1.768   1.155 0.000
 44.291667  45.291667    5.765   1.751 0.000
 47.291667  48.291667   33.614   8.159 0.000
 50.291667  51.291667   90.361  15.660 0.000
 53.291667  54.291667   14.176   3.583 0.000
 56.291667  57.291667   10.377   1.867 0.000
 59.291667  60.291667    5.191   1.626 0.000
 62.291667  63.291667   17.501   4.075 0.000
 65.291667  66.291667   75.159  11.204 0.000
 68.291667  69.291667   11.057   4.708 0.000
 71.291667  72.291667    9.797   3.020 0.000
 74.291667  75.291667 9999.999 999.999 0.999
 77.291667  78.291667   23.175   6.190 0.000
 80.291667  81.291667   49.803  11.279 0.000
 83.291667  84.291667   52.828  12.046 0.000
 86.291667  87.291667   37.323   8.749 0.000
 89.291667  90.291667    5.397   2.009 0.000
 92.291667  93.291667   50.850   8.970 0.000
 95.291667  96.291667 9999.999 999.999 0.999
 98.291667  99.291667  133.215  23.248 0.000
101.291667 102.291667   12.011   4.959 0.000
104.291667 105.291667   30.153  12.181 0.000
107.291667 108.291667   35.416  11.322 0.000
110.291667 111.291667   20.652   8.063 0.000
113.291667 114.291667   28.111   6.889 0.000
116.291667 117.291667    6.931   3.176 0.000
119.291667 120.291667   20.322   7.515 0.000
122.291667 123.291667    5.431   0.778 0.000
125.291667 126.291667   33.498  11.232 0.000
128.291667 129.291667   97.814  25.268 0.000
131.291667 132.291667   27.104   2.823 0.000
134.291667 135.291667   23.751   4.222 0.000
137.291667 138.291667 9999.999 999.999 0.999
140.291667 141.291667   10.673   2.285 0.000
143.291667 144.291667   25.983   6.705 0.000
146.291667 147.291667   57.310  17.629 0.000
149.291667 150.291667   45.013  11.607 0.000
152.291667 153.291667   28.244   9.437 0.000
155.291667 156.291667   14.428   5.177 0.000
158.291667 159.291667   23.907  11.485 0.000
161.291667 162.291667   19.454  10.450 0.000
164.291667 165.291667   12.771  10.261 0.000
167.291667 168.291667   13.582   4.918 0.000
170.291667 171.291667   19.096   4.825 0.000
173.291667 174.291667   15.586   6.288 0.000
176.291667 177.291667   22.064   7.759 0.000
179.291667 180.291667 9999.999 999.999 0.999
182.291667 183.291667   36.358  19.691 0.000
185.291667 186.291667   21.385   9.711 0.000
188.291667 189.291667   11.843   8.399 0.000
191.291667 192.291667 9999.999 999.999 0.999
194.291667 195.291667 9999.999 999.999 0.999
197.291667 198.291667 9999.999 999.999 0.999
200.291667 201.291667    9.116   3.498 0.000
203.291667 204.291667    8.825 999.999 0.000
206.291667 207.291667    5.992   2.529 0.000
209.291667 210.291667   10.880   4.323 0.000
212.291667 213.291667    6.314   3.665 0.000
215.291667 216.291667 9999.999 999.999 0.999
218.291667 219.291667 9999.999 999.999 0.999
221.291667 222.291667   11.648   5.603 0.000
224.291667 225.291667    8.739   4.605 0.000
227.291667 228.291667    4.657   2.730 0.000
230.291667 231.291667    9.981   4.089 0.000
233.291667 234.291667    8.505   5.273 0.000
236.291667 237.291667    9.980   4.656 0.000
239.291667 240.291667   10.536   5.710 0.000
242.291667 243.291667   18.614   6.175 0.000
245.291667 246.291667    6.232   3.712 0.000
248.291667 249.291667    8.717   4.089 0.000
251.291667 252.291667   13.843   5.915 0.000
254.291667 255.291667   14.421   6.971 0.000
257.291667 258.291667    2.478   1.681 0.000
260.291667 261.291667    6.105   3.341 0.000
263.291667 264.291667   14.952   3.889 0.000
266.291667 267.291667    7.008   2.814 0.000
269.291667 270.291667    7.802   3.155 0.000
272.291667 273.291667   29.907   5.682 0.000
275.291667 276.291667    9.494   4.492 0.000
278.291667 279.291667   13.399   3.224 0.000
281.291667 282.291667    3.369   1.907 0.000
284.291667 285.291667    2.949   1.677 0.000
287.291667 288.291667    4.373   2.091 0.000
290.291667 291.291667   10.704   2.412 0.000
293.291667 294.291667    6.211   2.720 0.000
296.291667 297.291667    8.370   3.171 0.000
299.291667 300.291667    1.136   0.795 0.000
302.291667 303.291667    6.332   3.973 0.000
305.291667 306.291667    9.544   2.777 0.000
308.291667 309.291667   39.911   8.456 0.000
311.291667 312.291667    9.324   2.248 0.000
314.291667 315.291667   10.288   2.669 0.000
317.291667 318.291667   10.643   1.574 0.000
320.291667 321.291667   27.007   4.382 0.000
323.291667 324.291667    5.811   1.832 0.000
326.291667 327.291667 9999.999 999.999 0.999
329.291667 330.291667 9999.999 999.999 0.999
332.291667 333.291667 9999.999 999.999 0.999
335.291667 336.291667    6.062   0.797 0.000
338.291667 339.291667    6.331   2.496 0.000
341.291667 342.291667    1.549   0.967 0.000
344.291667 345.291667    6.705   4.797 0.000
347.291667 348.291667   30.012   0.362 0.000
350.291667 351.291667    6.076   3.928 0.000
353.291667 354.291667    1.738   1.046 0.000
356.291667 357.291667    1.837   1.190 0.000
359.291667 360.291667    2.101   1.503 0.000
362.291667 363.291667    1.780   0.812 0.000
