scripts/IMPROVE-2019_partial/data/US9080R.20140102070000.20191216000000.filterpack...52w.3d.US03L_filterpack_US9080.US03L_IMPROVE_Davis.lev2.nas
52 1001
MISSING INFORMATION
US03L, IMPROVE, , , , , , , 
MISSING INFORMATION
IMPROVE sel_HTAP
1 1
2014 01 01 2019 12 16
3.000000
days from file reference point
5
1 1 1 1 1
999.999999 999.999 9.999 999.999 9.999
end_time of measurement, days from the file reference point
pm10_mass, ug/m3, Matrix=pm10
numflag pm10_mass, no unit, Matrix=pm10
pm25_mass, ug/m3, Matrix=pm25
numflag pm25_mass, no unit, Matrix=pm25
0
33
Data definition:              EBAS_1.1
Set type code:                TU
Timezone:                     UTC
File name:                    US9080R.20140102070000.20191216000000.filterpack...52w.3d.US03L_filterpack_US9080.US03L_IMPROVE_Davis.lev2.nas
File creation:                20191218121102
Startdate:                    20140102070000
Revision date:                20191216000000
Version:                      2
Version description:          "Data extracted from http://views.cira.colostate.edu/fed/DataWizard 2019-12-16"
Statistics:                   arithmetic mean
Data level:                   2
Period code:                  52w
Resolution code:              3d
Sample duration:              1d
Orig. time res.:              3d
Station code:                 US9080R
Platform code:                US9080S
Station name:                 Thunder Basin
Station latitude:             44.6634
Station longitude:            -105.2874
Station altitude:             1195.0 m
Regime:                       IMG
Component:                    
Unit:                         ug/m3
Matrix:                       
Laboratory code:              US03L
Instrument type:              filterpack
Instrument name:              filterpack_US9080
Method ref:                   US03L_IMPROVE_Davis
Blank correction:             Blank corrected
Volume std. temperature:      ambient
Volume std. pressure:         ambient
starttime endtime PM10 flag_PM10 PM2.5 flag_PM2.5
  1.291667   2.291667   1.974 0.000   0.959 0.000
  4.291667   5.291667   5.479 0.000   1.276 0.000
  7.291667   8.291667   2.480 0.000   1.893 0.000
 10.291667  11.291667   3.471 0.000   0.840 0.000
 13.291667  14.291667   1.302 0.000   0.437 0.000
 16.291667  17.291667   3.233 0.000   0.960 0.000
 19.291667  20.291667   1.926 0.000   0.709 0.000
 22.291667  23.291667   7.126 0.000   1.905 0.000
 25.291667  26.291667   4.000 0.000   0.775 0.000
 28.291667  29.291667   7.913 0.000   1.528 0.000
 31.291667  32.291667   5.347 0.000   2.087 0.000
 34.291667  35.291667   5.923 0.000   1.555 0.000
 37.291667  38.291667 999.999 0.999 999.999 0.999
 40.291667  41.291667   5.496 0.000   4.068 0.000
 43.291667  44.291667   1.694 0.000   0.775 0.000
 46.291667  47.291667   2.243 0.000   0.839 0.000
 49.291667  50.291667   3.737 0.000   0.778 0.000
 52.291667  53.291667   4.442 0.000   3.258 0.000
 55.291667  56.291667   4.623 0.000   2.565 0.000
 58.291667  59.291667   5.154 0.000   2.882 0.000
 61.291667  62.291667   6.065 0.000   4.008 0.000
 64.291667  65.291667 999.999 0.999 999.999 0.999
 67.291667  68.291667   3.992 0.000   1.113 0.000
 70.291667  71.291667   2.333 0.000   1.197 0.000
 73.291667  74.291667   3.006 0.000   1.664 0.000
 76.291667  77.291667   2.408 0.000   2.581 0.000
 79.291667  80.291667   2.223 0.000   1.283 0.000
 82.291667  83.291667   3.959 0.000   2.813 0.000
 85.291667  86.291667  10.175 0.000   4.243 0.000
 88.291667  89.291667   3.584 0.000   1.636 0.000
 91.291667  92.291667   7.218 0.000   5.652 0.000
 94.291667  95.291667   3.289 0.000   1.764 0.000
 97.291667  98.291667   7.343 0.000   3.754 0.000
100.291667 101.291667   8.839 0.000   2.934 0.000
103.291667 104.291667   6.616 0.000   3.065 0.000
106.291667 107.291667   8.050 0.000   4.644 0.000
109.291667 110.291667   6.079 0.000   3.062 0.000
112.291667 113.291667   7.061 0.000   2.224 0.000
115.291667 116.291667  12.001 0.000   4.040 0.000
118.291667 119.291667   1.234 0.000   1.896 0.000
121.291667 122.291667   7.154 0.000   4.387 0.000
124.291667 125.291667  10.452 0.000   4.448 0.000
127.291667 128.291667   4.050 0.000   2.472 0.000
130.291667 131.291667   3.478 0.000   2.174 0.000
133.291667 134.291667 999.999 0.999 999.999 0.999
136.291667 137.291667 999.999 0.999 999.999 0.999
139.291667 140.291667 999.999 0.999 999.999 0.999
142.291667 143.291667  11.846 0.000   4.084 0.000
145.291667 146.291667   7.815 0.000   3.663 0.000
148.291667 149.291667  12.269 0.000   4.452 0.000
151.291667 152.291667   7.152 0.000   3.425 0.000
154.291667 155.291667   9.586 0.000   4.831 0.000
157.291667 158.291667   2.893 0.000   1.523 0.000
160.291667 161.291667   7.179 0.000   2.805 0.000
163.291667 164.291667  15.045 0.000   5.078 0.000
166.291667 167.291667   9.528 0.000   2.710 0.000
169.291667 170.291667   7.498 0.000   2.857 0.000
172.291667 173.291667   6.969 0.000   2.722 0.000
175.291667 176.291667  10.266 0.000   3.887 0.000
178.291667 179.291667   6.754 0.000   1.525 0.000
181.291667 182.291667  10.210 0.000   7.552 0.000
184.291667 185.291667  13.261 0.000   5.434 0.000
187.291667 188.291667  10.565 0.000   3.711 0.000
190.291667 191.291667  18.048 0.000   7.291 0.000
193.291667 194.291667  16.939 0.000   9.394 0.000
196.291667 197.291667  10.020 0.000   5.376 0.000
199.291667 200.291667  31.484 0.000  19.030 0.000
202.291667 203.291667  14.729 0.000   6.415 0.000
205.291667 206.291667  14.859 0.000   3.909 0.000
208.291667 209.291667  13.468 0.000   4.421 0.000
211.291667 212.291667  16.035 0.000   5.353 0.000
214.291667 215.291667  15.839 0.000   6.747 0.000
217.291667 218.291667  11.274 0.000   6.879 0.000
220.291667 221.291667  12.813 0.000   5.560 0.000
223.291667 224.291667  19.087 0.000   9.281 0.000
226.291667 227.291667  10.366 0.000   5.166 0.000
229.291667 230.291667  13.542 0.000   8.765 0.000
232.291667 233.291667  14.712 0.000   7.883 0.000
235.291667 236.291667   2.176 0.000   0.431 0.000
238.291667 239.291667   8.608 0.000   3.321 0.000
241.291667 242.291667  11.011 0.000   4.620 0.000
244.291667 245.291667   7.197 0.000   2.606 0.000
247.291667 248.291667  11.479 0.000   3.560 0.000
250.291667 251.291667  16.089 0.000   4.809 0.000
253.291667 254.291667   1.044 0.000   0.562 0.000
256.291667 257.291667   4.740 0.000   2.762 0.000
259.291667 260.291667  20.163 0.000   8.804 0.000
262.291667 263.291667  10.321 0.000   3.844 0.000
265.291667 266.291667  12.872 0.000   4.997 0.000
268.291667 269.291667  15.379 0.000   5.214 0.000
271.291667 272.291667   1.998 0.000   1.022 0.000
274.291667 275.291667 999.999 0.999 999.999 0.999
277.291667 278.291667   4.522 0.000   1.931 0.000
280.291667 281.291667   7.894 0.000   3.015 0.000
283.291667 284.291667  12.895 0.000   4.900 0.000
286.291667 287.291667   5.431 0.000   2.118 0.000
289.291667 290.291667  11.730 0.000   5.265 0.000
292.291667 293.291667  14.215 0.000   3.950 0.000
295.291667 296.291667  13.956 0.000   3.071 0.000
298.291667 299.291667   8.760 0.000   2.668 0.000
301.291667 302.291667  10.139 0.000   3.098 0.000
304.291667 305.291667  19.282 0.000   4.630 0.000
307.291667 308.291667  12.568 0.000   2.946 0.000
310.291667 311.291667   3.778 0.000   1.585 0.000
313.291667 314.291667   6.098 0.000   2.383 0.000
316.291667 317.291667 999.999 0.999 999.999 0.999
319.291667 320.291667   8.085 0.000   3.444 0.000
322.291667 323.291667 999.999 0.999 999.999 0.999
325.291667 326.291667   3.855 0.000   1.026 0.000
328.291667 329.291667   2.049 0.000 999.999 0.456
331.291667 332.291667   3.319 0.000   1.144 0.000
334.291667 335.291667   6.600 0.000   2.653 0.000
337.291667 338.291667   6.198 0.000   2.048 0.000
340.291667 341.291667   1.866 0.000   0.850 0.000
343.291667 344.291667   6.027 0.000   1.453 0.000
346.291667 347.291667  14.242 0.000   3.380 0.000
349.291667 350.291667   4.233 0.000   1.729 0.000
352.291667 353.291667  14.658 0.000   2.390 0.000
355.291667 356.291667   3.103 0.000   0.965 0.000
358.291667 359.291667 999.999 0.999 999.999 0.999
361.291667 362.291667 999.999 0.999 999.999 0.999
364.291667 365.291667 999.999 0.999 999.999 0.999
