scripts/IMPROVE-2019_partial/data/US9051U.20080101050000.20191216000000.filterpack...52w.3d.US03L_filterpack_US9051.US03L_IMPROVE_Davis.lev2.nas
51 1001
MISSING INFORMATION
US03L, IMPROVE, , , , , , , 
MISSING INFORMATION
IMPROVE sel_HTAP
1 1
2008 01 01 2019 12 16
3.000000
days from file reference point
4
1 1 1 1
999.999999 999.999 999.999 9.999
end_time of measurement, days from the file reference point
pm10_mass, ug/m3, Matrix=pm10
pm25_mass, ug/m3, Matrix=pm25
numflag, no unit
0
33
Data definition:              EBAS_1.1
Set type code:                TU
Timezone:                     UTC
File name:                    US9051U.20080101050000.20191216000000.filterpack...52w.3d.US03L_filterpack_US9051.US03L_IMPROVE_Davis.lev2.nas
File creation:                20191218120857
Startdate:                    20080101050000
Revision date:                20191216000000
Version:                      2
Version description:          "Data extracted from http://views.cira.colostate.edu/fed/DataWizard 2019-12-16"
Statistics:                   arithmetic mean
Data level:                   2
Period code:                  52w
Resolution code:              3d
Sample duration:              1d
Orig. time res.:              3d
Station code:                 US9051U
Platform code:                US9051S
Station name:                 Washington D.C.
Station latitude:             38.8762
Station longitude:            -77.0344
Station altitude:             15.0 m
Regime:                       IMG
Component:                    
Unit:                         ug/m3
Matrix:                       
Laboratory code:              US03L
Instrument type:              filterpack
Instrument name:              filterpack_US9051
Method ref:                   US03L_IMPROVE_Davis
Blank correction:             Blank corrected
Volume std. temperature:      ambient
Volume std. pressure:         ambient
starttime endtime PM10 PM2.5 flag
  0.208333   1.208333   8.469   6.785 0.000
  3.208333   4.208333  18.438  14.030 0.000
  6.208333   7.208333  18.443  12.818 0.000
  9.208333  10.208333  15.758   8.540 0.000
 12.208333  13.208333  16.549  12.594 0.000
 15.208333  16.208333 999.999 999.999 0.999
 18.208333  19.208333  18.729  10.409 0.000
 21.208333  22.208333  12.996   9.216 0.000
 24.208333  25.208333  20.053  11.702 0.000
 27.208333  28.208333  32.687  23.586 0.000
 30.208333  31.208333  15.072   7.480 0.000
 33.208333  34.208333  25.916  21.427 0.000
 36.208333  37.208333  15.021  10.070 0.000
 39.208333  40.208333  18.864  14.072 0.000
 42.208333  43.208333  21.166  14.502 0.000
 45.208333  46.208333  19.938  12.505 0.000
 48.208333  49.208333  10.611   6.766 0.000
 51.208333  52.208333  21.413   9.614 0.000
 54.208333  55.208333  21.841  14.039 0.000
 57.208333  58.208333  13.458   8.619 0.000
 60.208333  61.208333  12.655   9.382 0.000
 63.208333  64.208333  15.141   8.034 0.000
 66.208333  67.208333  20.199  16.727 0.000
 69.208333  70.208333  15.847  11.548 0.000
 72.208333  73.208333  18.685  11.453 0.000
 75.208333  76.208333  11.559   9.685 0.000
 78.208333  79.208333  17.495  10.002 0.000
 81.208333  82.208333  12.421   7.641 0.000
 84.208333  85.208333  14.979   9.858 0.000
 87.208333  88.208333  23.209  15.000 0.000
 90.208333  91.208333  17.653  11.108 0.000
 93.208333  94.208333  12.077   6.646 0.000
 96.208333  97.208333   9.338   7.182 0.000
 99.208333 100.208333  16.420   9.961 0.000
102.208333 103.208333  14.547   9.424 0.000
105.208333 106.208333 999.999   3.995 0.000
108.208333 109.208333 999.999  18.130 0.000
111.208333 112.208333 999.999   8.210 0.000
114.208333 115.208333  23.609  14.354 0.000
117.208333 118.208333  16.501  12.266 0.000
120.208333 121.208333  16.767  12.632 0.000
123.208333 124.208333  23.335  13.319 0.000
126.208333 127.208333  25.472  15.499 0.000
129.208333 130.208333  11.127   6.912 0.000
132.208333 133.208333   8.114   5.385 0.000
135.208333 136.208333  22.441  13.494 0.000
138.208333 139.208333  13.388   9.088 0.000
141.208333 142.208333  15.788   9.375 0.000
144.208333 145.208333  11.181   6.993 0.000
147.208333 148.208333  21.289  16.103 0.000
150.208333 151.208333  20.407  13.127 0.000
153.208333 154.208333  14.132   8.347 0.000
156.208333 157.208333  20.166  13.806 0.000
159.208333 160.208333  20.351  16.093 0.000
162.208333 163.208333  18.787  12.006 0.000
165.208333 166.208333  33.215  26.980 0.000
168.208333 169.208333  17.992  10.493 0.000
171.208333 172.208333  35.502  10.700 0.000
174.208333 175.208333  22.895  11.640 0.000
177.208333 178.208333  27.142  19.629 0.000
180.208333 181.208333  11.944   7.749 0.000
183.208333 184.208333  18.085  13.032 0.000
186.208333 187.208333  25.446  21.649 0.000
189.208333 190.208333  18.145  13.441 0.000
192.208333 193.208333  27.563  19.666 0.000
195.208333 196.208333  18.152  12.223 0.000
198.208333 199.208333  41.745  30.757 0.000
201.208333 202.208333  19.544  13.642 0.000
204.208333 205.208333  15.018   9.886 0.000
207.208333 208.208333  22.930  18.660 0.000
210.208333 211.208333  33.998  28.843 0.000
213.208333 214.208333  32.044  23.358 0.000
216.208333 217.208333  21.900  15.450 0.000
219.208333 220.208333  20.807  13.449 0.000
222.208333 223.208333  12.630   9.030 0.000
225.208333 226.208333  24.291  15.787 0.000
228.208333 229.208333  20.216  15.897 0.000
231.208333 232.208333  32.613  22.273 0.000
234.208333 235.208333  12.450   5.496 0.000
237.208333 238.208333  21.355  13.267 0.000
240.208333 241.208333   9.575   4.840 0.000
243.208333 244.208333  20.741  15.525 0.000
246.208333 247.208333  30.520  20.648 0.000
249.208333 250.208333   9.750   4.899 0.000
252.208333 253.208333  19.779  15.339 0.000
255.208333 256.208333  13.300   6.839 0.000
258.208333 259.208333  12.084   7.149 0.000
261.208333 262.208333  25.795  15.157 0.000
264.208333 265.208333  19.010  12.838 0.000
267.208333 268.208333  18.862   7.956 0.000
270.208333 271.208333   4.854   2.760 0.000
273.208333 274.208333  19.744  13.759 0.000
276.208333 277.208333  13.267   7.009 0.000
279.208333 280.208333  16.937  10.177 0.000
282.208333 283.208333  16.642  11.681 0.000
285.208333 286.208333  14.300   8.572 0.000
288.208333 289.208333 999.999 999.999 0.999
291.208333 292.208333   9.523   3.570 0.000
294.208333 295.208333  15.995   7.711 0.000
297.208333 298.208333  14.717   4.905 0.000
300.208333 301.208333  14.115   6.495 0.000
303.208333 304.208333  11.003   5.847 0.000
306.208333 307.208333  19.032  11.097 0.000
309.208333 310.208333 999.999 999.999 0.999
312.208333 313.208333  14.677  10.035 0.000
315.208333 316.208333  13.823   9.120 0.000
318.208333 319.208333  15.125  12.088 0.000
321.208333 322.208333   9.748   6.913 0.000
324.208333 325.208333 999.999 999.999 0.999
327.208333 328.208333  13.528   9.843 0.000
330.208333 331.208333   9.078   6.079 0.000
333.208333 334.208333  10.605   7.788 0.000
336.208333 337.208333  10.169   6.408 0.000
339.208333 340.208333  12.037   8.463 0.000
342.208333 343.208333   9.464   5.683 0.000
345.208333 346.208333   6.503   4.491 0.000
348.208333 349.208333  10.314   7.898 0.000
351.208333 352.208333   8.733   6.275 0.000
354.208333 355.208333  12.801  11.058 0.000
357.208333 358.208333  15.331   9.902 0.000
360.208333 361.208333  18.816  13.921 0.000
363.208333 364.208333  10.625   5.307 0.000
