scripts/IMPROVE-2019_partial/data/US9058R.20050101060000.20191216000000.filterpack..pm25.52w.1w.US03L_filterpack_US9058.US03L_IMPROVE_Davis.lev2.nas
66 1001
MISSING INFORMATION
US03L, IMPROVE, , , , , , , 
MISSING INFORMATION
IMPROVE sel_HTAP
1 1
2005 01 01 2019 12 16
3.00
days from file reference point
27
1 1 1 1 1 1 1 1 1 1 1 1 1 1 1 1 1 1 1 1 1 1 1 1 1 1 1
999.99 9999.99 9.999 99.99 9.999 9.999 9.999 999.99 9.999 99.999 9.999 999.999 9.999 999.999 9.999 9999.99 9.999 999.999 9.999 999.999 9.999 999.999 9.999 9.999 9.999 99.999 9.999
end_time of measurement, days from the file reference point
iron, ng/m3, Revision date=20181210133000
numflag iron, no unit, Revision date=20181210133000
lead, ng/m3, Revision date=20181210133000
numflag lead, no unit, Revision date=20181210133000
magnesium, ug/m3, Revision date=20181210133000
numflag magnesium, no unit, Revision date=20181210133000
nickel, ng/m3, Revision date=20181210133000
numflag nickel, no unit, Revision date=20181210133000
nitrate, ug N/m3, Revision date=20181210133000
numflag nitrate, no unit, Revision date=20181210133000
organic_carbon, ug C/m3, Revision date=20181210133000
numflag organic_carbon, no unit, Revision date=20181210133000
organic_mass, ug/m3, Revision date=20181210133000
numflag organic_mass, no unit, Revision date=20181210133000
phosphorus, ng/m3, Revision date=20181210133000
numflag phosphorus, no unit, Revision date=20181210133000
pm10_mass, ug/m3, Version=2, Version description=Data extracted from http://views.cira.colostate.edu/fed/DataWizard 2019-12-16, Sample duration=1d, Orig. time res.=3d, Matrix=pm10, Blank correction=Blank corrected, Volume std. temperature=ambient, Volume std. pressure=ambient
numflag pm10_mass, no unit, Version=2, Version description=Data extracted from http://views.cira.colostate.edu/fed/DataWizard 2019-12-16, Sample duration=1d, Orig. time res.=3d, Matrix=pm10, Blank correction=Blank corrected, Volume std. temperature=ambient, Volume std. pressure=ambient
pm10_pm25_mass, ug/m3, Revision date=20181210133000, Matrix=pm10_pm25
numflag pm10_pm25_mass, no unit, Revision date=20181210133000, Matrix=pm10_pm25
pm25_mass, ug/m3, Version=2, Version description=Data extracted from http://views.cira.colostate.edu/fed/DataWizard 2019-12-16, Sample duration=1d, Orig. time res.=3d, Blank correction=Blank corrected, Volume std. temperature=ambient, Volume std. pressure=ambient
numflag pm25_mass, no unit, Version=2, Version description=Data extracted from http://views.cira.colostate.edu/fed/DataWizard 2019-12-16, Sample duration=1d, Orig. time res.=3d, Blank correction=Blank corrected, Volume std. temperature=ambient, Volume std. pressure=ambient
potassium, ug/m3, Revision date=20181210133000
numflag potassium, no unit, Revision date=20181210133000
sulphate_total, ug S/m3, Revision date=20181210133000
numflag sulphate_total, no unit, Revision date=20181210133000
0
25
Data definition:              EBAS_1.1
Set type code:                TU
Timezone:                     UTC
File name:                    US9058R.20050101060000.20191216000000.filterpack..pm25.52w.1w.US03L_filterpack_US9058.US03L_IMPROVE_Davis.lev2.nas
File creation:                20191218120923
Startdate:                    20050101060000
Revision date:                20191216000000
Statistics:                   arithmetic mean
Data level:                   2
Period code:                  52w
Resolution code:              1w
Station code:                 US9058R
Platform code:                US9058S
Station name:                 Tallgrass
Station latitude:             38.4341
Station longitude:            -96.5602
Station altitude:             390.0 m
Regime:                       IMG
Component:                    
Matrix:                       pm25
Laboratory code:              US03L
Instrument type:              filterpack
Instrument name:              filterpack_US9058
Method ref:                   US03L_IMPROVE_Davis
starttime endtime Fe flag_Fe Pb flag_Pb Mg++ flag_Mg++ Ni flag_Ni NO3- flag_NO3- OC flag_OC OM flag_OM P flag_P PM10 flag_PM10 PM10-PM2.5 flag_PM10-PM2.5 PM2.5 flag_PM2.5 K+ flag_K+ SO4-- flag_SO4--
[from data line 86]
258.25 259.25   23.66 0.000  1.34 0.000 9.999 0.259 999.99 0.259  0.063 0.000   0.927 0.000   1.669 0.000 9999.99 0.259   5.143 0.000   1.275 0.000   3.868 0.000 0.012 0.000  0.487 0.000
261.25 262.25   84.63 0.000  1.54 0.000 9.999 0.259   0.50 0.000  0.072 0.000   1.954 0.000   3.517 0.000 9999.99 0.259  13.241 0.000   4.895 0.000   8.345 0.000 0.047 0.000  0.818 0.000
264.25 265.25   63.51 0.000  1.41 0.000 9.999 0.259   0.50 0.000  0.072 0.000   2.204 0.000   3.968 0.000 9999.99 0.259  21.315 0.000   9.467 0.000  11.845 0.000 0.055 0.000  1.431 0.000
267.25 268.25   22.87 0.000  1.42 0.000 9.999 0.259   0.19 0.000  0.063 0.000   1.437 0.000   2.586 0.000 9999.99 0.259   8.384 0.000   2.607 0.000   5.776 0.000 0.033 0.000  0.584 0.000
270.25 271.25   43.26 0.000  2.23 0.000 9.999 0.259 999.99 0.259  0.070 0.000   1.504 0.000   2.707 0.000 9999.99 0.259  17.238 0.000  10.708 0.000   6.529 0.000 0.051 0.000  0.540 0.000
273.25 274.25   30.49 0.000  1.40 0.000 9.999 0.259   0.34 0.000  0.089 0.000   2.247 0.000   4.044 0.000 9999.99 0.259  15.023 0.000   3.663 0.000  11.358 0.000 0.048 0.000  1.309 0.000
276.25 277.25   24.57 0.000  0.57 0.000 9.999 0.259   0.49 0.000  0.090 0.000   2.546 0.000   4.583 0.000 9999.99 0.259  18.593 0.000   5.463 0.000  13.188 0.000 0.038 0.000  1.783 0.000
279.25 280.25   13.05 0.000  0.71 0.000 9.999 0.259 999.99 0.259  0.039 0.000   0.347 0.000   0.624 0.000 9999.99 0.259   8.580 0.000   6.845 0.000   1.735 0.000 0.010 0.000  0.147 0.000
282.25 283.25   59.29 0.000  6.02 0.000 9.999 0.259   0.26 0.000  0.192 0.000   1.570 0.000   2.826 0.000 9999.99 0.259  22.107 0.000  11.422 0.000  10.684 0.000 0.039 0.000  1.418 0.000
285.25 286.25   19.40 0.000  0.56 0.000 9.999 0.259 999.99 0.259  0.093 0.000   1.572 0.000   2.830 0.000 9999.99 0.259   8.904 0.000   3.579 0.000   5.323 0.000 0.011 0.000  0.436 0.000
288.25 289.25   55.02 0.000  1.06 0.000 9.999 0.259 999.99 0.259  0.040 0.000   1.729 0.000   3.112 0.000 9999.99 0.259  21.970 0.000  14.065 0.000   7.904 0.000 0.043 0.000  0.674 0.000
291.25 292.25   65.88 0.000  0.63 0.000 0.022 0.000   0.16 0.000  0.138 0.000   1.467 0.000   2.641 0.000 9999.99 0.259  20.749 0.000  13.756 0.000   6.993 0.000 0.050 0.000  0.587 0.000
294.25 295.25   20.87 0.000  2.47 0.000 0.006 0.000 999.99 0.259  0.172 0.000   0.880 0.000   1.583 0.000 9999.99 0.259   7.920 0.000   4.261 0.000   3.659 0.000 0.027 0.000  0.354 0.000
297.25 298.25   15.81 0.000  1.03 0.000 0.008 0.000 999.99 0.259  0.297 0.000   0.896 0.000   1.614 0.000 9999.99 0.259   8.248 0.000   4.582 0.000   3.707 0.000 0.017 0.000  0.369 0.000
300.25 301.25   54.55 0.000  2.04 0.000 0.012 0.000   0.14 0.000  0.143 0.000   2.533 0.000   4.559 0.000 9999.99 0.259  21.267 0.000  11.771 0.000   9.494 0.000 0.073 0.000  0.818 0.000
303.25 304.25   17.42 0.000  0.56 0.000 9.999 0.259 999.99 0.259  0.074 0.000   1.050 0.000   1.890 0.000 9999.99 0.259   6.730 0.000   3.430 0.000   3.300 0.000 0.047 0.000  0.222 0.000
306.25 307.25   64.56 0.000  2.22 0.000 9.999 0.259   0.33 0.000  0.031 0.000   1.155 0.000   2.079 0.000 9999.99 0.259  18.957 0.000  13.106 0.000   5.859 0.000 0.057 0.000  0.485 0.000
309.25 310.25   50.41 0.000  1.10 0.000 9.999 0.259 999.99 0.259  0.250 0.000   0.727 0.000   1.308 0.000 9999.99 0.259  13.006 0.000   9.541 0.000   3.465 0.000 0.041 0.000  0.222 0.000
312.25 313.25   38.68 0.000  0.28 0.000 0.017 0.000 999.99 0.259  0.037 0.000   0.540 0.000   0.972 0.000 9999.99 0.259  19.819 0.000  17.002 0.000   2.818 0.000 0.032 0.000  0.164 0.000
315.25 316.25   47.27 0.000  1.27 0.000 9.999 0.259   0.38 0.000  0.081 0.000   2.320 0.000   4.176 0.000 9999.99 0.259  23.244 0.000  13.660 0.000   9.582 0.000 0.066 0.000  0.993 0.000
318.25 319.25 9999.99 0.999 99.99 0.999 9.999 0.999 999.99 0.999 99.999 0.999 999.999 0.999 999.999 0.999 9999.99 0.999 999.999 0.999 999.999 0.999 999.999 0.999 9.999 0.999 99.999 0.999
321.25 322.25   42.63 0.000  0.92 0.000 9.999 0.259   0.49 0.000  0.190 0.000   0.922 0.000   1.659 0.000 9999.99 0.259  13.536 0.000  10.178 0.000   3.357 0.000 0.039 0.000  0.231 0.000
324.25 325.25   15.41 0.000  1.07 0.000 9.999 0.259 999.99 0.259  0.156 0.000   0.689 0.000   1.240 0.000 9999.99 0.259   4.470 0.000   2.101 0.000   2.369 0.000 0.022 0.000  0.141 0.000
327.25 328.25   15.14 0.000  0.60 0.000 9.999 0.259 999.99 0.259  0.130 0.000   0.486 0.000   0.874 0.000 9999.99 0.259   6.909 0.000   4.489 0.000   2.420 0.000 0.020 0.000  0.218 0.000
330.25 331.25   34.31 0.000  1.10 0.000 9.999 0.259   0.35 0.000  0.132 0.000   1.535 0.000   2.762 0.000 9999.99 0.259  14.063 0.000   6.337 0.000   7.725 0.000 0.056 0.000  0.902 0.000
333.25 334.25   19.15 0.000  0.37 0.000 9.999 0.259 999.99 0.259  0.127 0.000   0.469 0.000   0.845 0.000 9999.99 0.259   9.367 0.000   5.939 0.000   3.427 0.000 0.022 0.000  0.262 0.000
336.25 337.25   28.19 0.000  4.14 0.000 0.009 0.000   0.18 0.000  1.190 0.000   1.479 0.000   2.662 0.000 9999.99 0.259  17.484 0.000   5.304 0.000  12.178 0.000 0.048 0.000  0.598 0.000
339.25 340.25   15.69 0.000  0.75 0.000 9.999 0.259 999.99 0.259  0.495 0.000   0.400 0.000   0.720 0.000 9999.99 0.259   8.622 0.000   3.440 0.000   5.267 0.000 0.036 0.000  0.390 0.000
342.25 343.25   23.07 0.000  1.42 0.000 9.999 0.259   0.31 0.000  0.624 0.000   1.268 0.000   2.283 0.000 9999.99 0.259  12.081 0.000   4.479 0.000   7.598 0.000 0.049 0.000  0.421 0.000
345.25 346.25    7.73 0.000  0.71 0.000 9.999 0.259 999.99 0.259  0.103 0.000   0.413 0.000   0.744 0.000 9999.99 0.259   2.607 0.000   1.146 0.000   1.461 0.000 0.014 0.000  0.131 0.000
348.25 349.25   10.31 0.000  0.29 0.000 9.999 0.259 999.99 0.259  0.040 0.000   0.316 0.000   0.569 0.000 9999.99 0.259   4.624 0.000   3.470 0.000   1.154 0.000 0.010 0.000  0.108 0.000
351.25 352.25    7.15 0.000  0.91 0.000 9.999 0.259   0.13 0.000  0.348 0.000   0.284 0.000   0.511 0.000 9999.99 0.259   4.773 0.000   1.353 0.000   3.420 0.000 0.014 0.000  0.267 0.000
354.25 355.25   15.46 0.000  2.21 0.000 0.008 0.000   2.17 0.000  1.431 0.000   1.049 0.000   1.888 0.000 9999.99 0.259  16.974 0.000   2.495 0.000  14.475 0.000 0.026 0.000  1.158 0.000
357.25 358.25    4.08 0.000  0.26 0.000 9.999 0.259 999.99 0.259  0.248 0.000   0.273 0.000   0.492 0.000 9999.99 0.259   2.930 0.000   0.708 0.000   2.221 0.000 0.007 0.000  0.303 0.000
360.25 361.25   25.11 0.000  2.41 0.000 9.999 0.259 999.99 0.259  0.662 0.000   1.634 0.000   2.942 0.000 9999.99 0.259  11.569 0.000   4.373 0.000   7.256 0.000 0.050 0.000  0.445 0.000
363.25 364.25   10.77 0.000  0.30 0.000 0.005 0.000   0.12 0.000  0.057 0.000   0.437 0.000   0.787 0.000    8.98 0.000   4.899 0.000   3.486 0.000   1.413 0.000 0.011 0.000  0.088 0.000
