scripts/IMPROVE-2019_partial/data/US9071R.20050101070000.20191216000000.filterpack..pm25.52w.1w.US03L_filterpack_US9071.US03L_IMPROVE_Davis.lev2.nas
66 1001
MISSING INFORMATION
US03L, IMPROVE, , , , , , , 
MISSING INFORMATION
IMPROVE sel_HTAP
1 1
2005 01 01 2019 12 16
3.000000
days from file reference point
27
1 1 1 1 1 1 1 1 1 1 1 1 1 1 1 1 1 1 1 1 1 1 1 1 1 1 1
999.999999 9999.99 9.999 99.99 9.999999 9.999 9.999999 999.99 9.999999 9.999 9.999 99.999 9.999 99.999 9.999 999.99 9.999999 999.999 9.999 999.999 9.999 999.999 9.999 9.999 9.999 9.999 9.999
end_time of measurement, days from the file reference point
iron, ng/m3, Revision date=20181210133000
numflag iron, no unit, Revision date=20181210133000
lead, ng/m3, Revision date=20181210133000
numflag lead, no unit, Revision date=20181210133000
magnesium, ug/m3, Revision date=20181210133000
numflag magnesium, no unit, Revision date=20181210133000
nickel, ng/m3, Revision date=20181210133000
numflag nickel, no unit, Revision date=20181210133000
nitrate, ug N/m3, Revision date=20181210133000
numflag nitrate, no unit, Revision date=20181210133000
organic_carbon, ug C/m3, Revision date=20181210133000
numflag organic_carbon, no unit, Revision date=20181210133000
organic_mass, ug/m3, Revision date=20181210133000
numflag organic_mass, no unit, Revision date=20181210133000
phosphorus, ng/m3, Revision date=20181210133000
numflag phosphorus, no unit, Revision date=20181210133000
pm10_mass, ug/m3, Version=2, Version description=Data extracted from http://views.cira.colostate.edu/fed/DataWizard 2019-12-16, Sample duration=1d, Orig. time res.=3d, Matrix=pm10, Blank correction=Blank corrected, Volume std. temperature=ambient, Volume std. pressure=ambient
numflag pm10_mass, no unit, Version=2, Version description=Data extracted from http://views.cira.colostate.edu/fed/DataWizard 2019-12-16, Sample duration=1d, Orig. time res.=3d, Matrix=pm10, Blank correction=Blank corrected, Volume std. temperature=ambient, Volume std. pressure=ambient
pm10_pm25_mass, ug/m3, Revision date=20181210133000, Matrix=pm10_pm25
numflag pm10_pm25_mass, no unit, Revision date=20181210133000, Matrix=pm10_pm25
pm25_mass, ug/m3, Version=2, Version description=Data extracted from http://views.cira.colostate.edu/fed/DataWizard 2019-12-16, Sample duration=1d, Orig. time res.=3d, Blank correction=Blank corrected, Volume std. temperature=ambient, Volume std. pressure=ambient
numflag pm25_mass, no unit, Version=2, Version description=Data extracted from http://views.cira.colostate.edu/fed/DataWizard 2019-12-16, Sample duration=1d, Orig. time res.=3d, Blank correction=Blank corrected, Volume std. temperature=ambient, Volume std. pressure=ambient
potassium, ug/m3, Revision date=20181210133000
numflag potassium, no unit, Revision date=20181210133000
sulphate_total, ug S/m3, Revision date=20181210133000
numflag sulphate_total, no unit, Revision date=20181210133000
0
25
Data definition:              EBAS_1.1
Set type code:                TU
Timezone:                     UTC
File name:                    US9071R.20050101070000.20191216000000.filterpack..pm25.52w.1w.US03L_filterpack_US9071.US03L_IMPROVE_Davis.lev2.nas
File creation:                20191218121025
Startdate:                    20050101070000
Revision date:                20191216000000
Statistics:                   arithmetic mean
Data level:                   2
Period code:                  52w
Resolution code:              1w
Station code:                 US9071R
Platform code:                US9071S
Station name:                 Wheeler Peak
Station latitude:             36.5854
Station longitude:            -105.452
Station altitude:             3366.0 m
Regime:                       IMG
Component:                    
Matrix:                       pm25
Laboratory code:              US03L
Instrument type:              filterpack
Instrument name:              filterpack_US9071
Method ref:                   US03L_IMPROVE_Davis
starttime endtime Fe flag_Fe Pb flag_Pb Mg++ flag_Mg++ Ni flag_Ni NO3- flag_NO3- OC flag_OC OM flag_OM P flag_P PM10 flag_PM10 PM10-PM2.5 flag_PM10-PM2.5 PM2.5 flag_PM2.5 K+ flag_K+ SO4-- flag_SO4--
[from data line 80]
240.291667 241.291667   16.81 0.000  0.39 0.000000 9.999 0.259000 999.99 0.259000 0.014 0.000  0.821 0.000  1.477 0.000 999.99 0.259000   5.504 0.000   1.627 0.000   3.874 0.000 0.026 0.000 0.210 0.000
243.291667 244.291667   55.07 0.000  0.31 0.000000 0.007 0.000000 999.99 0.259000 0.038 0.000  0.988 0.000  1.778 0.000 999.99 0.259000  10.925 0.000   6.505 0.000   4.512 0.000 0.042 0.000 0.295 0.000
246.291667 247.291667   11.49 0.000  0.24 0.000000 9.999 0.259000   0.15 0.000000 0.034 0.000  0.690 0.000  1.242 0.000 999.99 0.259000   5.109 0.000   1.206 0.000   3.902 0.000 0.012 0.000 0.430 0.000
249.291667 250.291667    3.13 0.000  0.23 0.000000 9.999 0.259000 999.99 0.259000 0.006 0.000  0.351 0.000  0.631 0.000 999.99 0.259000   2.532 0.000   0.686 0.000   1.852 0.000 0.005 0.000 0.179 0.000
252.291667 253.291667    9.60 0.000  0.40 0.000000 9.999 0.259000   0.13 0.000000 0.035 0.000  0.414 0.000  0.746 0.000 999.99 0.259000   3.418 0.000   1.248 0.000   2.169 0.000 0.009 0.000 0.319 0.000
255.291667 256.291667   14.69 0.000  0.26 0.000000 9.999 0.259000   0.10 0.000000 0.017 0.000  0.249 0.000  0.448 0.000 999.99 0.259000   3.020 0.000   1.653 0.000   1.367 0.000 0.011 0.000 0.139 0.000
258.291667 259.291667   24.58 0.000  0.56 0.000000 9.999 0.259000 999.99 0.259000 0.022 0.000  0.306 0.000  0.552 0.000 999.99 0.259000   5.522 0.000   3.214 0.000   2.307 0.000 0.017 0.000 0.205 0.000
261.291667 262.291667   16.23 0.000  0.38 0.000000 9.999 0.259000   0.10 0.000000 0.020 0.000  2.588 0.000  4.659 0.000 999.99 0.259000   6.150 0.000   1.346 0.000   4.798 0.000 0.016 0.000 0.136 0.000
264.291667 265.291667   17.18 0.000  0.38 0.000000 9.999 0.259000 999.99 0.259000 0.022 0.000  0.519 0.000  0.934 0.000 999.99 0.259000   4.312 0.000   1.325 0.000   3.003 0.000 0.015 0.000 0.319 0.000
267.291667 268.291667   15.09 0.000  1.89 0.000000 9.999 0.259000 999.99 0.259000 0.009 0.000  0.240 0.000  0.432 0.000 999.99 0.259000   3.081 0.000   1.715 0.000   1.365 0.000 0.015 0.000 0.131 0.000
270.291667 271.291667    7.64 0.000  0.37 0.000000 9.999 0.259000   0.16 0.000000 0.009 0.000  0.459 0.000  0.826 0.000 999.99 0.259000   3.316 0.000   0.546 0.000   2.769 0.000 0.010 0.000 0.405 0.000
273.291667 274.291667    7.12 0.000  0.21 0.000000 9.999 0.259000 999.99 0.259000 0.008 0.000  0.822 0.000  1.480 0.000 999.99 0.259000   2.679 0.000   0.445 0.000   2.233 0.000 0.007 0.000 0.099 0.000
276.291667 277.291667   11.96 0.000  0.47 0.000000 9.999 0.259000   0.28 0.000000 0.038 0.000  0.499 0.000  0.898 0.000 999.99 0.259000   4.587 0.000   1.092 0.000   3.494 0.000 0.012 0.000 0.497 0.000
279.291667 280.291667   13.26 0.000  0.17 0.000000 9.999 0.259000 999.99 0.259000 0.023 0.000  0.695 0.000  1.252 0.000 999.99 0.259000   4.492 0.000   1.716 0.000   2.775 0.000 0.012 0.000 0.242 0.000
282.291667 283.291667    0.48 0.000  0.09 0.000000 0.008 0.000000 999.99 0.259000 0.002 0.000  0.028 0.000  0.051 0.000 999.99 0.259000   0.500 0.000   0.211 0.000   0.289 0.000 0.001 0.000 0.019 0.000
285.291667 286.291667    6.59 0.000  0.19 0.000000 9.999 0.259000 999.99 0.259000 0.028 0.000  0.645 0.000  1.161 0.000 999.99 0.259000   2.807 0.000   1.021 0.000   1.799 0.000 0.006 0.000 0.134 0.000
288.291667 289.291667    2.98 0.000  0.17 0.000000 9.999 0.259000 999.99 0.259000 0.007 0.000  0.516 0.000  0.928 0.000 999.99 0.259000   1.901 0.000   0.483 0.000   1.419 0.000 0.004 0.000 0.130 0.000
291.291667 292.291667    2.15 0.394  0.24 0.394000 9.999 0.394259 999.99 0.394259 0.010 0.394  0.348 0.000  0.627 0.000 999.99 0.394259   1.648 0.000   0.729 0.000   0.928 0.000 0.002 0.394 0.125 0.394
294.291667 295.291667    5.86 0.000  0.23 0.000000 0.006 0.000000 999.99 0.259000 0.013 0.000  0.628 0.000  1.131 0.000 999.99 0.259000   2.358 0.000   0.419 0.000   1.938 0.000 0.005 0.000 0.167 0.000
297.291667 298.291667    8.72 0.000  0.22 0.000000 9.999 0.259000 999.99 0.259000 0.008 0.000  0.199 0.000  0.359 0.000 999.99 0.259000   1.941 0.000   1.018 0.000   0.923 0.000 0.005 0.000 0.075 0.000
300.291667 301.291667   42.77 0.000  0.58 0.000000 9.999 0.259000   0.66 0.000000 0.090 0.000  0.623 0.000  1.121 0.000 999.99 0.259000   5.963 0.000   1.965 0.000   4.019 0.000 0.032 0.000 0.465 0.000
303.291667 304.291667   33.75 0.000  1.56 0.000000 9.999 0.259000 999.99 0.259000 0.015 0.000  0.215 0.000  0.387 0.000 999.99 0.259000   3.710 0.000   0.964 0.000   2.746 0.000 0.032 0.000 0.348 0.000
306.291667 307.291667   22.32 0.000  0.78 0.000000 9.999 0.259000   0.29 0.000000 0.031 0.000  0.585 0.000  1.053 0.000 999.99 0.259000   7.194 0.000   3.125 0.000   4.111 0.000 0.023 0.000 0.572 0.000
309.291667 310.291667   11.21 0.000  0.27 0.000000 9.999 0.259000   0.09 0.000000 0.007 0.000  0.319 0.000  0.575 0.000 999.99 0.259000   2.076 0.000   1.211 0.000   0.865 0.000 0.010 0.000 0.057 0.000
312.291667 313.291667   20.69 0.000  0.72 0.000000 9.999 0.259000   0.29 0.000000 0.014 0.000  0.715 0.000  1.286 0.000 999.99 0.259000   6.662 0.000   2.869 0.000   3.792 0.000 0.024 0.000 0.438 0.000
315.291667 316.291667    4.04 0.000 99.99 0.259000 0.005 0.000000 999.99 0.259000 0.019 0.000  0.387 0.000  0.697 0.000 999.99 0.259000   1.999 0.000   0.303 0.000   1.705 0.000 0.005 0.000 0.221 0.000
318.291667 319.291667    3.33 0.000  0.18 0.000000 9.999 0.259000 999.99 0.259000 0.009 0.000  0.085 0.000  0.153 0.000 999.99 0.259000   1.597 0.000   0.907 0.000   0.689 0.000 0.004 0.000 0.058 0.000
321.291667 322.291667    5.91 0.000  0.18 0.000000 9.999 0.259000 999.99 0.259000 0.020 0.000  0.163 0.000  0.293 0.000 999.99 0.259000   1.794 0.000   0.786 0.000   1.008 0.000 0.006 0.000 0.084 0.000
324.291667 325.291667   11.21 0.000  0.36 0.000000 9.999 0.259000 999.99 0.259000 0.003 0.000  0.097 0.000  0.175 0.000 999.99 0.259000   1.246 0.000   0.517 0.000   0.729 0.000 0.009 0.000 0.077 0.000
327.291667 328.291667   13.57 0.000  0.18 0.000000 9.999 0.259000 999.99 0.259000 0.009 0.000  0.517 0.000  0.931 0.000 999.99 0.259000   2.240 0.000   0.979 0.000   1.276 0.000 0.009 0.000 0.061 0.000
330.291667 331.291667   14.07 0.000  0.14 0.000000 9.999 0.259000 999.99 0.259000 0.019 0.000  0.325 0.000  0.585 0.000 999.99 0.259000   2.312 0.000   1.311 0.000   1.000 0.000 0.009 0.000 0.060 0.000
333.291667 334.291667    6.38 0.000  0.14 0.000000 9.999 0.259000 999.99 0.259000 0.016 0.000  0.364 0.000  0.656 0.000 999.99 0.259000   1.925 0.000   0.972 0.000   0.959 0.000 0.005 0.000 0.059 0.000
336.291667 337.291667    4.96 0.000  0.17 0.000000 9.999 0.259000 999.99 0.259000 0.015 0.000  0.196 0.000  0.354 0.000 999.99 0.259000   1.088 0.000   0.307 0.000   0.781 0.000 0.005 0.000 0.083 0.000
339.291667 340.291667    3.84 0.000  0.16 0.000000 9.999 0.259000 999.99 0.259000 0.003 0.000  0.137 0.000  0.247 0.000 999.99 0.259000   1.136 0.000   0.661 0.000   0.475 0.000 0.003 0.000 0.046 0.000
342.291667 343.291667    5.69 0.000  0.21 0.000000 0.005 0.000000 999.99 0.259000 0.006 0.000  0.108 0.000  0.194 0.000 999.99 0.259000   1.675 0.000   0.970 0.000   0.705 0.000 0.006 0.000 0.045 0.000
345.291667 346.291667    6.99 0.000  0.23 0.000000 0.008 0.000000 999.99 0.259000 0.007 0.000  0.176 0.000  0.316 0.000 999.99 0.259000   1.922 0.000   1.022 0.000   0.900 0.000 0.008 0.000 0.047 0.000
348.291667 349.291667    3.97 0.000  0.05 0.000000 0.007 0.000000 999.99 0.259000 0.009 0.000  0.348 0.000  0.626 0.000 999.99 0.259000   1.510 0.000   0.631 0.000   0.888 0.000 0.005 0.000 0.035 0.000
351.291667 352.291667   15.75 0.000  0.60 0.000000 9.999 0.259000   0.15 0.000000 0.076 0.000  0.602 0.000  1.084 0.000 999.99 0.259000   3.844 0.000   1.765 0.000   2.079 0.000 0.020 0.000 0.081 0.000
354.291667 355.291667    2.96 0.000 99.99 0.259000 9.999 0.259000 999.99 0.259000 0.001 0.000  0.061 0.000  0.110 0.000 999.99 0.259000   0.499 0.000   0.159 0.000   0.340 0.000 0.002 0.000 0.019 0.000
357.291667 358.291667    7.53 0.000  0.21 0.000000 0.005 0.000000 999.99 0.259000 0.005 0.000  0.035 0.000  0.064 0.000 999.99 0.259000   1.452 0.000   1.111 0.000   0.341 0.000 0.005 0.000 0.031 0.000
360.291667 361.291667    8.85 0.000  0.21 0.000000 0.003 0.000000 999.99 0.259000 0.012 0.000  0.210 0.000  0.378 0.000 999.99 0.259000   2.344 0.000   1.730 0.000   0.614 0.000 0.005 0.000 0.035 0.000
363.291667 364.291667    5.30 0.000  0.22 0.000000 9.999 0.259000 999.99 0.259000 0.004 0.000  0.084 0.000  0.151 0.000 999.99 0.259000   0.960 0.000   0.587 0.000   0.373 0.000 0.004 0.000 0.027 0.000
