scripts/IMPROVE-2019_partial/data/US9066R.20100102050000.20191216000000.filterpack...52w.3d.US03L_filterpack_US9066.US03L_IMPROVE_Davis.lev2.nas
51 1001
MISSING INFORMATION
US03L, IMPROVE, , , , , , , 
MISSING INFORMATION
IMPROVE sel_HTAP
1 1
2010 01 01 2019 12 16
3.000000
days from file reference point
4
1 1 1 1
999.999999 999.999 999.999 9.999
end_time of measurement, days from the file reference point
pm10_mass, ug/m3, Matrix=pm10
pm25_mass, ug/m3, Matrix=pm25
numflag, no unit
0
33
Data definition:              EBAS_1.1
Set type code:                TU
Timezone:                     UTC
File name:                    US9066R.20100102050000.20191216000000.filterpack...52w.3d.US03L_filterpack_US9066.US03L_IMPROVE_Davis.lev2.nas
File creation:                20191218121001
Startdate:                    20100102050000
Revision date:                20191216000000
Version:                      2
Version description:          "Data extracted from http://views.cira.colostate.edu/fed/DataWizard 2019-12-16"
Statistics:                   arithmetic mean
Data level:                   2
Period code:                  52w
Resolution code:              3d
Sample duration:              1d
Orig. time res.:              3d
Station code:                 US9066R
Platform code:                US9066S
Station name:                 Swanquarter
Station latitude:             35.451
Station longitude:            -76.2075
Station altitude:             -3.0 m
Regime:                       IMG
Component:                    
Unit:                         ug/m3
Matrix:                       
Laboratory code:              US03L
Instrument type:              filterpack
Instrument name:              filterpack_US9066
Method ref:                   US03L_IMPROVE_Davis
Blank correction:             Blank corrected
Volume std. temperature:      ambient
Volume std. pressure:         ambient
starttime endtime PM10 PM2.5 flag
  1.208333   2.208333   6.311   4.000 0.000
  4.208333   5.208333   7.886   5.311 0.000
  7.208333   8.208333  15.255   6.339 0.000
 10.208333  11.208333   7.150   4.404 0.000
 13.208333  14.208333  15.780  12.851 0.000
 16.208333  17.208333   5.042   3.272 0.000
 19.208333  20.208333  12.497   8.744 0.000
 22.208333  23.208333  14.121   5.170 0.000
 25.208333  26.208333   5.663   3.043 0.000
 28.208333  29.208333  10.090   3.925 0.000
 31.208333  32.208333   8.378   5.607 0.000
 34.208333  35.208333  13.378  10.986 0.000
 37.208333  38.208333   4.913   3.350 0.000
 40.208333  41.208333  11.590   5.394 0.000
 43.208333  44.208333   9.568   8.162 0.000
 46.208333  47.208333   8.011   6.280 0.000
 49.208333  50.208333   7.352   4.647 0.000
 52.208333  53.208333   9.063   5.593 0.000
 55.208333  56.208333   9.821   8.906 0.000
 58.208333  59.208333   5.612   4.600 0.000
 61.208333  62.208333 999.999 999.999 0.999
 64.208333  65.208333   8.455   3.965 0.000
 67.208333  68.208333  15.815  10.518 0.000
 70.208333  71.208333   8.222   4.733 0.000
 73.208333  74.208333   4.464   3.711 0.000
 76.208333  77.208333   8.327   3.273 0.000
 79.208333  80.208333  11.823   6.824 0.000
 82.208333  83.208333 999.999 999.999 0.999
 85.208333  86.208333  17.419   5.594 0.000
 88.208333  89.208333   6.433   4.811 0.000
 91.208333  92.208333   6.356   2.587 0.000
 94.208333  95.208333  23.552   7.304 0.000
 97.208333  98.208333  18.529   6.980 0.000
100.208333 101.208333   9.258   5.541 0.000
103.208333 104.208333  10.403   4.845 0.000
106.208333 107.208333  21.454  11.225 0.000
109.208333 110.208333  13.190   5.304 0.000
112.208333 113.208333  29.674  17.839 0.000
115.208333 116.208333  19.337  10.517 0.000
118.208333 119.208333  15.491   5.353 0.000
121.208333 122.208333  17.664   7.346 0.000
124.208333 125.208333  16.190  10.792 0.000
127.208333 128.208333  22.791  11.469 0.000
130.208333 131.208333   9.858   4.123 0.000
133.208333 134.208333  13.265   5.742 0.000
136.208333 137.208333  12.056   5.935 0.000
139.208333 140.208333   9.946   6.843 0.000
142.208333 143.208333   8.534   4.867 0.000
145.208333 146.208333 999.999 999.999 0.999
148.208333 149.208333  14.779   4.457 0.000
151.208333 152.208333  14.126   5.361 0.000
154.208333 155.208333  16.143  10.602 0.000
157.208333 158.208333  10.214   4.676 0.000
160.208333 161.208333  19.077   9.938 0.000
163.208333 164.208333  18.686  14.284 0.000
166.208333 167.208333  17.389  11.297 0.000
169.208333 170.208333  12.082   7.609 0.000
172.208333 173.208333  20.387  14.329 0.000
175.208333 176.208333  19.928  13.659 0.000
178.208333 179.208333  18.701  12.095 0.000
181.208333 182.208333  15.689   7.505 0.000
184.208333 185.208333  13.454   5.020 0.000
187.208333 188.208333  31.240  22.473 0.000
190.208333 191.208333  20.657  12.816 0.000
193.208333 194.208333  15.205   7.014 0.000
196.208333 197.208333  22.075   9.119 0.000
199.208333 200.208333  25.241   9.007 0.000
202.208333 203.208333  24.143  12.840 0.000
205.208333 206.208333  18.130   7.806 0.000
208.208333 209.208333  14.665   3.885 0.000
211.208333 212.208333  18.585   7.180 0.000
214.208333 215.208333  17.581   4.152 0.000
217.208333 218.208333  12.441   7.782 0.000
220.208333 221.208333   9.412   3.880 0.000
223.208333 224.208333  17.140  10.350 0.000
226.208333 227.208333  14.683   4.001 0.000
229.208333 230.208333   9.275   3.933 0.000
232.208333 233.208333  20.615  14.335 0.000
235.208333 236.208333   9.101   3.623 0.000
238.208333 239.208333  18.193  10.754 0.000
241.208333 242.208333  22.556  15.474 0.000
244.208333 245.208333  15.975   6.825 0.000
247.208333 248.208333  19.745   5.454 0.000
250.208333 251.208333  20.198  10.056 0.000
253.208333 254.208333   9.893   4.176 0.000
256.208333 257.208333  17.234   9.170 0.000
259.208333 260.208333  18.520   9.848 0.000
262.208333 263.208333  13.582   6.749 0.000
265.208333 266.208333  16.345   6.344 0.000
268.208333 269.208333   9.414   3.924 0.000
271.208333 272.208333  10.208   2.862 0.000
274.208333 275.208333  10.142   4.253 0.000
277.208333 278.208333   7.922   3.721 0.000
280.208333 281.208333  18.147   7.026 0.000
283.208333 284.208333  23.074  15.051 0.000
286.208333 287.208333 999.999 999.999 0.999
289.208333 290.208333  12.752   5.970 0.000
292.208333 293.208333  32.277  21.787 0.000
295.208333 296.208333   9.703   4.938 0.000
298.208333 299.208333  14.125   4.796 0.000
301.208333 302.208333  10.828   4.042 0.000
304.208333 305.208333  12.380   5.379 0.000
307.208333 308.208333   7.380   1.998 0.000
310.208333 311.208333   5.696   3.774 0.000
313.208333 314.208333   9.663   4.180 0.000
316.208333 317.208333  13.264   4.120 0.000
319.208333 320.208333   8.050   2.772 0.000
322.208333 323.208333   9.592   6.383 0.000
325.208333 326.208333  16.978  12.043 0.000
328.208333 329.208333  11.473   3.399 0.000
331.208333 332.208333   6.160   3.647 0.000
334.208333 335.208333  11.074   3.964 0.000
337.208333 338.208333   8.807   7.088 0.000
340.208333 341.208333   5.127   3.683 0.000
343.208333 344.208333  10.291   5.261 0.000
346.208333 347.208333   6.458   4.500 0.000
349.208333 350.208333   8.654   5.943 0.000
352.208333 353.208333  12.790  10.801 0.000
355.208333 356.208333  13.319   9.925 0.000
358.208333 359.208333   5.695   4.089 0.000
361.208333 362.208333   5.332   3.415 0.000
364.208333 365.208333  13.459   8.152 0.000
