scripts/IMPROVE-2019_partial/data/US9013R.20060102070000.20191216000000.filterpack..pm25.52w.1w.US03L_filterpack_US9013.US03L_IMPROVE_Davis.lev2.nas
64 1001
MISSING INFORMATION
US03L, IMPROVE, , , , , , , 
MISSING INFORMATION
IMPROVE sel_HTAP
1 1
2006 01 01 2019 12 16
3.000000
days from file reference point
25
1 1 1 1 1 1 1 1 1 1 1 1 1 1 1 1 1 1 1 1 1 1 1 1 1
999.999999 9999.99 9.999 99.99 9.999 9.999 9.999999 9.99 9.999999 9.999 9.999 99.999 9.999 999.999 9.999 999.999 9.999 999.999 9.999 999.999 9.999 9.999 9.999 9.999 9.999
end_time of measurement, days from the file reference point
iron, ng/m3, Revision date=20181210133000
numflag iron, no unit, Revision date=20181210133000
lead, ng/m3, Revision date=20181210133000
numflag lead, no unit, Revision date=20181210133000
magnesium, ug/m3, Revision date=20181210133000
numflag magnesium, no unit, Revision date=20181210133000
nickel, ng/m3, Revision date=20181210133000
numflag nickel, no unit, Revision date=20181210133000
nitrate, ug N/m3, Revision date=20181210133000
numflag nitrate, no unit, Revision date=20181210133000
organic_carbon, ug C/m3, Revision date=20181210133000
numflag organic_carbon, no unit, Revision date=20181210133000
organic_mass, ug/m3, Revision date=20181210133000
numflag organic_mass, no unit, Revision date=20181210133000
pm10_mass, ug/m3, Version=2, Version description=Data extracted from http://views.cira.colostate.edu/fed/DataWizard 2019-12-16, Sample duration=1d, Orig. time res.=3d, Matrix=pm10, Blank correction=Blank corrected, Volume std. temperature=ambient, Volume std. pressure=ambient
numflag pm10_mass, no unit, Version=2, Version description=Data extracted from http://views.cira.colostate.edu/fed/DataWizard 2019-12-16, Sample duration=1d, Orig. time res.=3d, Matrix=pm10, Blank correction=Blank corrected, Volume std. temperature=ambient, Volume std. pressure=ambient
pm10_pm25_mass, ug/m3, Revision date=20181210133000, Matrix=pm10_pm25
numflag pm10_pm25_mass, no unit, Revision date=20181210133000, Matrix=pm10_pm25
pm25_mass, ug/m3, Version=2, Version description=Data extracted from http://views.cira.colostate.edu/fed/DataWizard 2019-12-16, Sample duration=1d, Orig. time res.=3d, Blank correction=Blank corrected, Volume std. temperature=ambient, Volume std. pressure=ambient
numflag pm25_mass, no unit, Version=2, Version description=Data extracted from http://views.cira.colostate.edu/fed/DataWizard 2019-12-16, Sample duration=1d, Orig. time res.=3d, Blank correction=Blank corrected, Volume std. temperature=ambient, Volume std. pressure=ambient
potassium, ug/m3, Revision date=20181210133000
numflag potassium, no unit, Revision date=20181210133000
sulphate_total, ug S/m3, Revision date=20181210133000
numflag sulphate_total, no unit, Revision date=20181210133000
0
25
Data definition:              EBAS_1.1
Set type code:                TU
Timezone:                     UTC
File name:                    US9013R.20060102070000.20191216000000.filterpack..pm25.52w.1w.US03L_filterpack_US9013.US03L_IMPROVE_Davis.lev2.nas
File creation:                20191218120602
Startdate:                    20060102070000
Revision date:                20191216000000
Statistics:                   arithmetic mean
Data level:                   2
Period code:                  52w
Resolution code:              1w
Station code:                 US9013R
Platform code:                US9013S
Station name:                 Northern Cheyenne
Station latitude:             45.6495
Station longitude:            -106.5574
Station altitude:             1283.0 m
Regime:                       IMG
Component:                    
Matrix:                       pm25
Laboratory code:              US03L
Instrument type:              filterpack
Instrument name:              filterpack_US9013
Method ref:                   US03L_IMPROVE_Davis
starttime endtime Fe flag_Fe Pb flag_Pb Mg++ flag_Mg++ Ni flag_Ni NO3- flag_NO3- OC flag_OC OM flag_OM PM10 flag_PM10 PM10-PM2.5 flag_PM10-PM2.5 PM2.5 flag_PM2.5 K+ flag_K+ SO4-- flag_SO4--
[from data line 88]
265.291667 266.291667    2.36 0.000  0.28 0.000 9.999 0.259000 9.99 0.259000 0.007 0.559  0.223 0.559   0.402 0.559   2.131 0.000   0.522 0.000   1.610 0.000 0.005 0.000 0.212 0.559
268.291667 269.291667   12.18 0.000  0.38 0.000 9.999 0.259000 9.99 0.259000 0.006 0.559  0.854 0.000   1.537 0.000   3.542 0.000   1.827 0.000   1.715 0.000 0.008 0.000 0.097 0.559
271.291667 272.291667   29.26 0.000  0.49 0.000 0.012 0.000000 0.07 0.000000 0.008 0.559  1.558 0.000   2.805 0.000   8.121 0.000   4.040 0.000   4.081 0.000 0.033 0.000 0.100 0.559
274.291667 275.291667   42.74 0.000  0.61 0.000 9.999 0.259000 9.99 0.259000 0.022 0.559  3.477 0.000   6.258 0.000  13.403 0.000   5.420 0.000   7.983 0.000 0.074 0.000 0.130 0.559
277.291667 278.291667   36.23 0.000  0.47 0.000 9.999 0.259000 9.99 0.259000 0.011 0.000  0.622 0.000   1.120 0.000   8.311 0.000   5.315 0.000   2.996 0.000 0.021 0.000 0.220 0.000
280.291667 281.291667   21.23 0.000  0.16 0.000 9.999 0.259000 9.99 0.259000 0.013 0.000  0.443 0.000   0.797 0.000   3.958 0.000   1.593 0.000   2.365 0.000 0.016 0.000 0.233 0.000
283.291667 284.291667 9999.99 0.999 99.99 0.999 9.999 0.999000 9.99 0.999000 9.999 0.999 99.999 0.999 999.999 0.999 999.999 0.999 999.999 0.999 999.999 0.999 9.999 0.999 9.999 0.999
286.291667 287.291667   19.65 0.000  0.32 0.000 0.009 0.000000 9.99 0.259000 0.019 0.000  0.472 0.000   0.849 0.000   4.014 0.000   1.680 0.000   2.334 0.000 0.009 0.000 0.158 0.000
289.291667 290.291667 9999.99 0.999 99.99 0.999 9.999 0.999000 9.99 0.999000 9.999 0.999 99.999 0.999 999.999 0.999 999.999 0.999 999.999 0.999 999.999 0.999 9.999 0.999 9.999 0.999
292.291667 293.291667    3.03 0.000  0.37 0.000 9.999 0.259000 9.99 0.259000 0.013 0.000  0.216 0.000   0.390 0.000   1.678 0.000   0.276 0.000   1.403 0.000 0.010 0.000 0.189 0.000
295.291667 296.291667   17.46 0.000  0.86 0.000 9.999 0.259000 9.99 0.259000 0.008 0.000  0.396 0.000   0.713 0.000   2.750 0.000   0.803 0.000   1.946 0.000 0.017 0.000 0.162 0.000
298.291667 299.291667    7.09 0.000  0.35 0.000 9.999 0.259000 9.99 0.259000 0.013 0.559  0.651 0.000   1.172 0.000   4.277 0.000   1.853 0.000   2.424 0.000 0.016 0.000 0.157 0.559
301.291667 302.291667   22.92 0.000  0.84 0.000 9.999 0.259000 9.99 0.259000 0.055 0.000  0.479 0.000   0.862 0.000   5.853 0.000   2.641 0.000   3.213 0.000 0.040 0.000 0.245 0.000
304.291667 305.291667    5.32 0.000  0.64 0.000 9.999 0.259000 0.12 0.000000 0.036 0.559  1.419 0.000   2.554 0.000   5.500 0.000   1.266 0.000   4.234 0.000 0.036 0.000 0.184 0.559
307.291667 308.291667    3.64 0.000  0.15 0.000 9.999 0.259000 9.99 0.259000 0.002 0.000  0.230 0.000   0.413 0.000   1.387 0.000   0.805 0.000   0.582 0.000 0.004 0.000 0.026 0.000
310.291667 311.291667    3.65 0.000  0.32 0.000 9.999 0.259000 9.99 0.259000 0.001 0.000  0.049 0.000   0.088 0.000   1.865 0.000   1.311 0.000   0.554 0.000 0.004 0.000 0.028 0.000
313.291667 314.291667    2.13 0.000  0.16 0.000 9.999 0.259000 9.99 0.259000 0.010 0.000  0.243 0.000   0.438 0.000   1.191 0.000   0.520 0.000   0.671 0.000 0.003 0.000 0.060 0.000
316.291667 317.291667    9.02 0.000  0.94 0.000 9.999 0.259000 9.99 0.259000 0.003 0.000  0.197 0.000   0.354 0.000   3.607 0.000   1.977 0.000   1.630 0.000 0.012 0.000 0.181 0.000
319.291667 320.291667   12.71 0.000  1.14 0.000 9.999 0.259000 9.99 0.259000 0.004 0.000  0.090 0.000   0.163 0.000   4.214 0.000   2.453 0.000   1.761 0.000 0.016 0.000 0.156 0.000
322.291667 323.291667    9.10 0.000  0.59 0.000 0.014 0.000000 9.99 0.259000 0.009 0.000  0.536 0.000   0.964 0.000   5.057 0.000   2.748 0.000   2.309 0.000 0.011 0.000 0.154 0.000
325.291667 326.291667   28.29 0.000  0.32 0.000 0.016 0.000000 9.99 0.259000 0.007 0.000  0.143 0.000   0.258 0.000   4.637 0.000   3.420 0.000   1.218 0.000 0.017 0.000 0.044 0.000
328.291667 329.291667   20.05 0.000  0.30 0.000 9.999 0.259000 9.99 0.259000 0.208 0.000  0.348 0.000   0.626 0.000   4.447 0.000   1.770 0.000   2.676 0.000 0.020 0.000 0.202 0.000
331.291667 332.291667    7.93 0.000  0.57 0.000 9.999 0.259000 9.99 0.259000 0.148 0.000 99.999 0.456 999.999 0.456   3.987 0.000   1.227 0.000   2.760 0.000 0.034 0.000 0.186 0.000
334.291667 335.291667    9.87 0.000  0.94 0.000 9.999 0.259000 0.18 0.000000 0.037 0.000  0.442 0.000   0.795 0.000   4.091 0.000   2.470 0.000   1.622 0.000 0.018 0.000 0.155 0.000
337.291667 338.291667    6.21 0.000  0.50 0.000 9.999 0.259000 9.99 0.259000 0.015 0.000  0.347 0.000   0.625 0.000   2.268 0.000   1.541 0.000   0.726 0.000 0.007 0.000 0.069 0.000
340.291667 341.291667    7.26 0.000  0.17 0.000 9.999 0.259000 9.99 0.259000 0.045 0.559  0.261 0.000   0.470 0.000   1.648 0.000   0.566 0.000   1.082 0.000 0.009 0.000 0.129 0.559
343.291667 344.291667   23.63 0.000  1.22 0.000 9.999 0.259000 9.99 0.259000 0.041 0.000  0.445 0.000   0.801 0.000   4.432 0.000   2.523 0.000   1.908 0.000 0.017 0.000 0.092 0.000
346.291667 347.291667   14.35 0.000  0.10 0.000 9.999 0.259000 9.99 0.259000 0.010 0.000  0.109 0.000   0.196 0.000   4.430 0.000   3.605 0.000   0.825 0.000 0.011 0.000 0.025 0.000
349.291667 350.291667    3.02 0.000  0.15 0.000 9.999 0.259000 9.99 0.259000 0.010 0.000  0.140 0.000   0.251 0.000   1.321 0.000   0.745 0.000   0.577 0.000 0.004 0.000 0.025 0.000
352.291667 353.291667   16.41 0.000  0.15 0.000 0.011 0.000000 9.99 0.259000 0.008 0.000  0.430 0.000   0.774 0.000   2.767 0.000   1.451 0.000   1.316 0.000 0.011 0.000 0.026 0.000
355.291667 356.291667    9.50 0.000  0.52 0.000 0.012 0.000000 0.12 0.000000 0.030 0.000  0.227 0.000   0.409 0.000   2.008 0.000   1.036 0.000   0.972 0.000 0.007 0.000 0.071 0.000
358.291667 359.291667    3.50 0.000 99.99 0.259 9.999 0.259000 0.14 0.000000 0.004 0.000  0.071 0.000   0.127 0.000   1.149 0.000   0.632 0.000   0.516 0.000 0.003 0.000 0.052 0.000
361.291667 362.291667   20.07 0.000  0.48 0.000 9.999 0.259000 9.99 0.259000 0.048 0.000  0.368 0.000   0.663 0.000   3.437 0.000   1.704 0.000   1.734 0.000 0.010 0.000 0.204 0.000
364.291667 365.291667    4.17 0.000  0.45 0.000 9.999 0.259000 0.12 0.000000 0.035 0.000  0.251 0.000   0.452 0.000   1.241 0.000   0.454 0.000   0.787 0.000 0.008 0.000 0.055 0.000
