scripts/IMPROVE-2019_partial/data/US9045R.20120101080000.20191216000000.filterpack...52w.3d.US03L_filterpack_US9045.US03L_IMPROVE_Davis.lev2.nas
51 1001
MISSING INFORMATION
US03L, IMPROVE, , , , , , , 
MISSING INFORMATION
IMPROVE sel_HTAP
1 1
2012 01 01 2019 12 16
3.000000
days from file reference point
4
1 1 1 1
999.999999 999.999 999.999 9.999
end_time of measurement, days from the file reference point
pm10_mass, ug/m3, Matrix=pm10
pm25_mass, ug/m3, Matrix=pm25
numflag, no unit
0
33
Data definition:              EBAS_1.1
Set type code:                TU
Timezone:                     UTC
File name:                    US9045R.20120101080000.20191216000000.filterpack...52w.3d.US03L_filterpack_US9045.US03L_IMPROVE_Davis.lev2.nas
File creation:                20191218120830
Startdate:                    20120101080000
Revision date:                20191216000000
Version:                      2
Version description:          "Data extracted from http://views.cira.colostate.edu/fed/DataWizard 2019-12-16"
Statistics:                   arithmetic mean
Data level:                   2
Period code:                  52w
Resolution code:              3d
Sample duration:              1d
Orig. time res.:              3d
Station code:                 US9045R
Platform code:                US9045S
Station name:                 Sequoia NP
Station latitude:             36.4894
Station longitude:            -118.8291
Station altitude:             519.0 m
Regime:                       IMG
Component:                    
Unit:                         ug/m3
Matrix:                       
Laboratory code:              US03L
Instrument type:              filterpack
Instrument name:              filterpack_US9045
Method ref:                   US03L_IMPROVE_Davis
Blank correction:             Blank corrected
Volume std. temperature:      ambient
Volume std. pressure:         ambient
starttime endtime PM10 PM2.5 flag
  0.333333   1.333333   4.389   2.303 0.000
  3.333333   4.333333  12.227   6.884 0.000
  6.333333   7.333333  41.873  32.907 0.000
  9.333333  10.333333   7.613   2.165 0.000
 12.333333  13.333333   6.244   2.988 0.000
 15.333333  16.333333  15.081   6.272 0.000
 18.333333  19.333333  19.597  10.475 0.000
 21.333333  22.333333   2.807   1.044 0.000
 24.333333  25.333333   6.283   2.030 0.000
 27.333333  28.333333   6.402   3.859 0.000
 30.333333  31.333333  23.334  19.518 0.000
 33.333333  34.333333   4.857   2.292 0.000
 36.333333  37.333333   2.718   1.537 0.000
 39.333333  40.333333   5.748   3.344 0.000
 42.333333  43.333333   7.421   4.997 0.000
 45.333333  46.333333   2.283   0.925 0.000
 48.333333  49.333333   9.714   6.531 0.000
 51.333333  52.333333   6.598   3.457 0.000
 54.333333  55.333333  11.160   4.350 0.000
 57.333333  58.333333   9.000   3.531 0.000
 60.333333  61.333333   4.236   1.987 0.000
 63.333333  64.333333   4.454   2.229 0.000
 66.333333  67.333333   6.533   1.816 0.000
 69.333333  70.333333  14.553   5.285 0.000
 72.333333  73.333333   9.736   3.208 0.000
 75.333333  76.333333   8.225   3.495 0.000
 78.333333  79.333333   3.860   1.735 0.000
 81.333333  82.333333   7.609   3.300 0.000
 84.333333  85.333333   6.488   2.440 0.000
 87.333333  88.333333   7.100   2.621 0.000
 90.333333  91.333333  12.076   4.507 0.000
 93.333333  94.333333   8.854   4.096 0.000
 96.333333  97.333333   6.249   3.656 0.000
 99.333333 100.333333  15.711   8.509 0.000
102.333333 103.333333   5.370   2.379 0.000
105.333333 106.333333   3.538   1.590 0.000
108.333333 109.333333  17.685  12.140 0.000
111.333333 112.333333  14.536   9.682 0.000
114.333333 115.333333  21.475   9.365 0.000
117.333333 118.333333  11.540   5.117 0.000
120.333333 121.333333  20.777  12.960 0.000
123.333333 124.333333  22.771  10.099 0.000
126.333333 127.333333  19.971   8.506 0.000
129.333333 130.333333  15.768   6.971 0.000
132.333333 133.333333  24.267  10.034 0.000
135.333333 136.333333  26.538   9.274 0.000
138.333333 139.333333  42.905  10.988 0.000
141.333333 142.333333  26.503  10.514 0.000
144.333333 145.333333  30.049   7.782 0.000
147.333333 148.333333  10.095   4.109 0.000
150.333333 151.333333  26.526  10.282 0.000
153.333333 154.333333  26.144  10.807 0.000
156.333333 157.333333   6.626   2.385 0.000
159.333333 160.333333  19.127   6.784 0.000
162.333333 163.333333  25.700   9.018 0.000
165.333333 166.333333  27.202  10.703 0.000
168.333333 169.333333  17.273   6.925 0.000
171.333333 172.333333  28.609  10.138 0.000
174.333333 175.333333  19.739   5.798 0.000
177.333333 178.333333  25.640   7.388 0.000
180.333333 181.333333  28.882  10.013 0.000
183.333333 184.333333  16.230   6.250 0.000
186.333333 187.333333  29.199   8.964 0.000
189.333333 190.333333  21.610   8.426 0.000
192.333333 193.333333  34.431  13.364 0.000
195.333333 196.333333  24.675   8.748 0.000
198.333333 199.333333  39.788  11.808 0.000
201.333333 202.333333  27.792  10.269 0.000
204.333333 205.333333  21.163   8.978 0.000
207.333333 208.333333  30.888  10.560 0.000
210.333333 211.333333  22.282   8.842 0.000
213.333333 214.333333  28.607   9.111 0.000
216.333333 217.333333  26.914   8.848 0.000
219.333333 220.333333  26.279   9.166 0.000
222.333333 223.333333  30.408  11.214 0.000
225.333333 226.333333  14.514   6.926 0.000
228.333333 229.333333  30.671   9.846 0.000
231.333333 232.333333  24.944   8.051 0.000
234.333333 235.333333  31.734   8.163 0.000
237.333333 238.333333  26.484   8.069 0.000
240.333333 241.333333  28.324   6.710 0.000
243.333333 244.333333  28.618   7.143 0.000
246.333333 247.333333  17.750   5.738 0.000
249.333333 250.333333  26.670   7.402 0.000
252.333333 253.333333  30.893 999.999 0.000
255.333333 256.333333  39.538 999.999 0.000
258.333333 259.333333  17.903   5.115 0.000
261.333333 262.333333  24.904   6.346 0.000
264.333333 265.333333  40.534   9.550 0.000
267.333333 268.333333  14.537   4.574 0.000
270.333333 271.333333  27.595   7.321 0.000
273.333333 274.333333  28.661   8.757 0.000
276.333333 277.333333  30.297   8.739 0.000
279.333333 280.333333  30.310   9.114 0.000
282.333333 283.333333  27.582   7.371 0.000
285.333333 286.333333  14.434   7.228 0.000
288.333333 289.333333  18.577   8.650 0.000
291.333333 292.333333  15.184   4.909 0.000
294.333333 295.333333  23.353   9.420 0.000
297.333333 298.333333   9.868   2.285 0.000
300.333333 301.333333  14.034   4.041 0.000
303.333333 304.333333  10.279   2.983 0.000
306.333333 307.333333  24.950   9.689 0.000
309.333333 310.333333  10.965   4.098 0.000
312.333333 313.333333  46.889  15.811 0.000
315.333333 316.333333   3.950   1.901 0.000
318.333333 319.333333   6.102   2.117 0.000
321.333333 322.333333   3.606   0.853 0.000
324.333333 325.333333   6.315 999.999 0.000
327.333333 328.333333   7.855 999.999 0.000
330.333333 331.333333   3.767 999.999 0.000
333.333333 334.333333   5.864 999.999 0.000
336.333333 337.333333   4.493   0.853 0.000
339.333333 340.333333   7.239   2.610 0.000
342.333333 343.333333   8.425   4.761 0.000
345.333333 346.333333   4.357   1.957 0.000
348.333333 349.333333   6.957   4.849 0.000
351.333333 352.333333   2.874   0.546 0.000
354.333333 355.333333   2.313   1.093 0.000
357.333333 358.333333   2.259   0.457 0.000
360.333333 361.333333 999.999 999.999 0.999
363.333333 364.333333   2.223   0.948 0.000
