scripts/IMPROVE-2019_partial/data/US9039R.20050101070000.20191216000000.filterpack..pm25.52w.1w.US03L_filterpack_US9039.US03L_IMPROVE_Davis.lev2.nas
64 1001
MISSING INFORMATION
US03L, IMPROVE, , , , , , , 
MISSING INFORMATION
IMPROVE sel_HTAP
1 1
2005 01 01 2019 12 16
3.000000
days from file reference point
25
1 1 1 1 1 1 1 1 1 1 1 1 1 1 1 1 1 1 1 1 1 1 1 1 1
999.999999 9999.99 9.999 99.99 9.999 9.999 9.999999 99.99 9.999 9.999 9.999999 99.999 9.999 99.999 9.999 999.999 9.999 999.999 9.999 999.999 9.999 9.999 9.999 99.999 9.999999
end_time of measurement, days from the file reference point
iron, ng/m3, Revision date=20181210133000
numflag iron, no unit, Revision date=20181210133000
lead, ng/m3, Revision date=20181210133000
numflag lead, no unit, Revision date=20181210133000
magnesium, ug/m3, Revision date=20181210133000
numflag magnesium, no unit, Revision date=20181210133000
nickel, ng/m3, Revision date=20181210133000
numflag nickel, no unit, Revision date=20181210133000
nitrate, ug N/m3, Revision date=20181210133000
numflag nitrate, no unit, Revision date=20181210133000
organic_carbon, ug C/m3, Revision date=20181210133000
numflag organic_carbon, no unit, Revision date=20181210133000
organic_mass, ug/m3, Revision date=20181210133000
numflag organic_mass, no unit, Revision date=20181210133000
pm10_mass, ug/m3, Version=2, Version description=Data extracted from http://views.cira.colostate.edu/fed/DataWizard 2019-12-16, Sample duration=1d, Orig. time res.=3d, Matrix=pm10, Blank correction=Blank corrected, Volume std. temperature=ambient, Volume std. pressure=ambient
numflag pm10_mass, no unit, Version=2, Version description=Data extracted from http://views.cira.colostate.edu/fed/DataWizard 2019-12-16, Sample duration=1d, Orig. time res.=3d, Matrix=pm10, Blank correction=Blank corrected, Volume std. temperature=ambient, Volume std. pressure=ambient
pm10_pm25_mass, ug/m3, Revision date=20181210133000, Matrix=pm10_pm25
numflag pm10_pm25_mass, no unit, Revision date=20181210133000, Matrix=pm10_pm25
pm25_mass, ug/m3, Version=2, Version description=Data extracted from http://views.cira.colostate.edu/fed/DataWizard 2019-12-16, Sample duration=1d, Orig. time res.=3d, Blank correction=Blank corrected, Volume std. temperature=ambient, Volume std. pressure=ambient
numflag pm25_mass, no unit, Version=2, Version description=Data extracted from http://views.cira.colostate.edu/fed/DataWizard 2019-12-16, Sample duration=1d, Orig. time res.=3d, Blank correction=Blank corrected, Volume std. temperature=ambient, Volume std. pressure=ambient
potassium, ug/m3, Revision date=20181210133000
numflag potassium, no unit, Revision date=20181210133000
sulphate_total, ug S/m3, Revision date=20181210133000
numflag sulphate_total, no unit, Revision date=20181210133000
0
25
Data definition:              EBAS_1.1
Set type code:                TU
Timezone:                     UTC
File name:                    US9039R.20050101070000.20191216000000.filterpack..pm25.52w.1w.US03L_filterpack_US9039.US03L_IMPROVE_Davis.lev2.nas
File creation:                20191218120801
Startdate:                    20050101070000
Revision date:                20191216000000
Statistics:                   arithmetic mean
Data level:                   2
Period code:                  52w
Resolution code:              1w
Station code:                 US9039R
Platform code:                US9039S
Station name:                 Saguaro West
Station latitude:             32.2486
Station longitude:            -111.2178
Station altitude:             714.0 m
Regime:                       IMG
Component:                    
Matrix:                       pm25
Laboratory code:              US03L
Instrument type:              filterpack
Instrument name:              filterpack_US9039
Method ref:                   US03L_IMPROVE_Davis
starttime endtime Fe flag_Fe Pb flag_Pb Mg++ flag_Mg++ Ni flag_Ni NO3- flag_NO3- OC flag_OC OM flag_OM PM10 flag_PM10 PM10-PM2.5 flag_PM10-PM2.5 PM2.5 flag_PM2.5 K+ flag_K+ SO4-- flag_SO4--
[from data line 87]
261.291667 262.291667   68.08 0.000  0.88 0.000 9.999 0.259000  0.36 0.000 0.028 0.000000  0.905 0.000  1.628 0.000  14.115 0.000  10.062 0.000   4.053 0.000 0.054 0.000  0.395 0.000000
264.291667 265.291667  156.98 0.000  1.11 0.000 9.999 0.259000  0.25 0.000 0.069 0.000000  1.374 0.000  2.472 0.000  22.680 0.000  14.637 0.000   8.043 0.000 0.153 0.000  0.622 0.000000
267.291667 268.291667   66.12 0.000  1.28 0.000 9.999 0.259000  0.28 0.000 0.029 0.000000  1.181 0.000  2.125 0.000  12.270 0.000   8.606 0.000   3.664 0.000 0.053 0.000  0.358 0.000000
270.291667 271.291667  185.18 0.000  3.10 0.000 0.035 0.000000  0.22 0.000 0.064 0.559000  1.193 0.000  2.148 0.000  27.159 0.000  18.116 0.000   8.790 0.000 0.139 0.000  0.642 0.559000
273.291667 274.291667  116.12 0.000  0.81 0.000 9.999 0.259000 99.99 0.259 0.020 0.559000  1.187 0.000  2.136 0.000  18.124 0.000  12.894 0.000   5.058 0.000 0.096 0.000  0.215 0.559000
276.291667 277.291667   71.67 0.000  1.18 0.000 9.999 0.259000  0.33 0.000 0.048 0.559000  1.035 0.000  1.864 0.000  17.382 0.000  10.731 0.000   6.494 0.000 0.064 0.000  0.775 0.559000
279.291667 280.291667  116.91 0.000  0.87 0.000 0.039 0.000000  0.18 0.000 0.020 0.000000  1.124 0.000  2.024 0.000  15.729 0.000   9.889 0.000   5.696 0.000 0.089 0.000  0.365 0.000000
282.291667 283.291667   78.22 0.000  0.55 0.000 0.024 0.000000 99.99 0.259 0.015 0.000000  0.569 0.559  1.025 0.559  12.723 0.000   9.357 0.000   3.243 0.000 0.062 0.000  0.130 0.000000
285.291667 286.291667  128.12 0.000  1.01 0.000 0.050 0.000000 99.99 0.259 0.040 0.000000  0.901 0.000  1.622 0.000  19.346 0.000  13.122 0.000   6.041 0.000 0.090 0.000  0.317 0.000000
288.291667 289.291667   78.77 0.000  0.95 0.000 9.999 0.259000  0.53 0.000 0.028 0.000000  0.748 0.000  1.346 0.000  13.885 0.000   8.155 0.000   5.606 0.000 0.070 0.000  0.491 0.000000
291.291667 292.291667   53.96 0.000  0.57 0.000 9.999 0.259000  0.14 0.000 0.127 0.000000  0.739 0.000  1.329 0.000   9.846 0.000   6.305 0.000   3.450 0.000 0.057 0.000  0.182 0.000000
294.291667 295.291667  103.58 0.000  2.02 0.000 0.029 0.000000 99.99 0.259 0.068 0.000000  1.264 0.000  2.275 0.000  19.616 0.000  13.834 0.000   5.596 0.000 0.092 0.000  0.259 0.000000
297.291667 298.291667   76.00 0.000  0.74 0.000 9.999 0.259000  0.36 0.000 0.048 0.000000  0.782 0.000  1.409 0.000  18.601 0.000  13.601 0.000   5.024 0.000 0.068 0.000  0.471 0.000000
300.291667 301.291667  142.76 0.000  1.00 0.000 0.044 0.000000  0.35 0.000 0.066 0.000000  0.728 0.000  1.311 0.000  20.297 0.000  13.445 0.000   6.663 0.000 0.122 0.000  0.417 0.000000
303.291667 304.291667  145.19 0.000  2.39 0.000 9.999 0.259000 99.99 0.259 0.060 0.000000  0.754 0.000  1.356 0.000  20.196 0.000  13.406 0.000   6.601 0.000 0.102 0.000  0.487 0.000000
306.291667 307.291667  154.95 0.000  1.77 0.000 9.999 0.259000  0.45 0.000 0.050 0.000000  0.927 0.000  1.668 0.000  23.890 0.000  13.779 0.000   9.897 0.000 0.121 0.000  1.120 0.000000
309.291667 310.291667  151.37 0.000  2.13 0.000 9.999 0.259000  0.34 0.000 0.042 0.000000  0.900 0.000  1.620 0.000  23.264 0.000  16.699 0.000   6.341 0.000 0.134 0.000  0.402 0.000000
312.291667 313.291667  221.09 0.000  1.66 0.000 9.999 0.259000  0.44 0.000 0.045 0.559000  1.349 0.000  2.429 0.000  28.389 0.000  18.466 0.000  10.084 0.000 0.194 0.000  0.761 0.559000
315.291667 316.291667  102.18 0.000  1.63 0.000 9.999 0.259000 99.99 0.259 0.069 0.559000  0.626 0.000  1.127 0.000  19.877 0.000  14.733 0.000   4.951 0.000 0.086 0.000  0.267 0.559000
318.291667 319.291667  166.26 0.000  2.85 0.000 9.999 0.259000 99.99 0.259 0.038 0.559000  0.896 0.000  1.613 0.000  20.412 0.000  15.342 0.000   5.179 0.000 0.119 0.000  0.187 0.559000
321.291667 322.291667  275.57 0.000  2.66 0.000 9.999 0.259000 99.99 0.259 0.085 0.559000  1.250 0.000  2.251 0.000  25.418 0.000  16.108 0.000   9.076 0.000 0.190 0.000  0.226 0.559000
324.291667 325.291667  142.29 0.000  1.77 0.000 9.999 0.259000 99.99 0.259 0.040 0.000000  1.548 0.000  2.786 0.000  20.321 0.000  13.952 0.000   6.178 0.000 0.110 0.000  0.137 0.000000
327.291667 328.291667  233.36 0.000  2.18 0.000 9.999 0.259000  0.12 0.000 0.081 0.000000  1.439 0.000  2.591 0.000  24.933 0.000  16.478 0.000   8.553 0.000 0.181 0.000  0.217 0.000000
330.291667 331.291667  103.11 0.000  0.39 0.000 9.999 0.259000 99.99 0.259 0.050 0.559000  0.456 0.000  0.820 0.000  15.015 0.000  11.199 0.000   3.670 0.000 0.066 0.000  0.109 0.559000
333.291667 334.291667  284.73 0.000  2.01 0.000 9.999 0.259000  0.11 0.000 0.071 0.000000  1.020 0.000  1.836 0.000  30.553 0.000  22.372 0.000   8.219 0.000 0.242 0.000  0.102 0.000000
336.291667 337.291667  144.75 0.000  2.10 0.000 0.053 0.000000 99.99 0.259 0.038 0.000000  0.431 0.000  0.776 0.000  15.006 0.000  10.112 0.000   4.752 0.000 0.121 0.000  0.098 0.000000
339.291667 340.291667  203.95 0.000  2.96 0.000 0.081 0.000000 99.99 0.259 0.068 0.000000  0.930 0.000  1.674 0.000  26.165 0.000  19.207 0.000   6.706 0.000 0.172 0.000  0.103 0.000000
342.291667 343.291667  294.75 0.000  3.53 0.000 0.132 0.000000 99.99 0.259 0.121 0.000000  1.203 0.000  2.165 0.000  30.197 0.000  19.324 0.000  10.594 0.000 0.247 0.000  0.280 0.000000
345.291667 346.291667  193.45 0.000  2.35 0.000 0.054 0.000000 99.99 0.259 0.068 0.000000  0.956 0.000  1.720 0.000  22.538 0.000  15.598 0.000   6.725 0.000 0.174 0.000  0.122 0.000000
348.291667 349.291667  223.39 0.000  3.08 0.000 9.999 0.259000 99.99 0.259 0.443 0.000000  1.677 0.000  3.019 0.000  31.746 0.000  21.051 0.000  10.398 0.000 0.254 0.000  0.173 0.000000
351.291667 352.291667  101.16 0.000  1.98 0.000 0.025 0.000000  0.19 0.000 0.152 0.000000  1.039 0.559  1.870 0.559  21.497 0.000  15.368 0.000   5.922 0.000 0.147 0.000  0.236 0.000000
354.291667 355.291667  240.59 0.000  3.73 0.000 0.081 0.000000 99.99 0.259 0.087 0.000000  0.970 0.000  1.745 0.000  28.661 0.000  20.358 0.000   8.029 0.000 0.188 0.000  0.120 0.000000
357.291667 358.291667  184.78 0.000  4.93 0.000 0.050 0.000000 99.99 0.259 0.132 0.000000  1.050 0.000  1.891 0.000  27.213 0.000  19.699 0.000   7.252 0.000 0.163 0.000  0.230 0.000000
360.291667 361.291667  108.05 0.000  1.75 0.000 0.032 0.000000  0.64 0.000 0.055 0.000000  0.599 0.000  1.078 0.000  15.295 0.000  10.623 0.000   4.715 0.000 0.112 0.000  0.269 0.000000
363.291667 364.291667  211.60 0.000  1.07 0.000 0.097 0.000000 99.99 0.259 0.086 0.000000  0.833 0.000  1.500 0.000  25.676 0.000  18.818 0.000   6.609 0.000 0.175 0.000  0.089 0.000000
