scripts/IMPROVE-2019_partial/data/US9000R.20000101070000.20191216000000.filterpack..pm25.52w.1w.US03L_filterpack_US9000.US03L_IMPROVE_Davis.lev2.nas
64 1001
MISSING INFORMATION
US03L, IMPROVE, , , , , , , 
MISSING INFORMATION
IMPROVE sel_HTAP
1 1
2000 01 01 2019 12 16
0
days from file reference point
25
1 1 1 1 1 1 1 1 1 1 1 1 1 1 1 1 1 1 1 1 1 1 1 1 1
999.999999 9999.99 9.999 99.99 9.999999 9.999 9.999999 99.99 9.999999 9.999 9.999 99.999 9.999 99.999 9.999 999.999 9.999 999.999 9.999 999.999 9.999 9.999 9.999 9.999 9.999
end_time of measurement, days from the file reference point
iron, ng/m3, Revision date=20181210133000
numflag iron, no unit, Revision date=20181210133000
lead, ng/m3, Revision date=20181210133000
numflag lead, no unit, Revision date=20181210133000
magnesium, ug/m3, Revision date=20181210133000
numflag magnesium, no unit, Revision date=20181210133000
nickel, ng/m3, Revision date=20181210133000
numflag nickel, no unit, Revision date=20181210133000
nitrate, ug N/m3, Revision date=20181210133000
numflag nitrate, no unit, Revision date=20181210133000
organic_carbon, ug C/m3, Revision date=20181210133000
numflag organic_carbon, no unit, Revision date=20181210133000
organic_mass, ug/m3, Revision date=20181210133000
numflag organic_mass, no unit, Revision date=20181210133000
pm10_mass, ug/m3, Version=2, Version description=Data extracted from http://views.cira.colostate.edu/fed/DataWizard 2019-12-16, Sample duration=1d, Orig. time res.=3d, Matrix=pm10, Blank correction=Blank corrected, Volume std. temperature=ambient, Volume std. pressure=ambient
numflag pm10_mass, no unit, Version=2, Version description=Data extracted from http://views.cira.colostate.edu/fed/DataWizard 2019-12-16, Sample duration=1d, Orig. time res.=3d, Matrix=pm10, Blank correction=Blank corrected, Volume std. temperature=ambient, Volume std. pressure=ambient
pm10_pm25_mass, ug/m3, Revision date=20181210133000, Matrix=pm10_pm25
numflag pm10_pm25_mass, no unit, Revision date=20181210133000, Matrix=pm10_pm25
pm25_mass, ug/m3, Version=2, Version description=Data extracted from http://views.cira.colostate.edu/fed/DataWizard 2019-12-16, Sample duration=1d, Orig. time res.=3d, Blank correction=Blank corrected, Volume std. temperature=ambient, Volume std. pressure=ambient
numflag pm25_mass, no unit, Version=2, Version description=Data extracted from http://views.cira.colostate.edu/fed/DataWizard 2019-12-16, Sample duration=1d, Orig. time res.=3d, Blank correction=Blank corrected, Volume std. temperature=ambient, Volume std. pressure=ambient
potassium, ug/m3, Revision date=20181210133000
numflag potassium, no unit, Revision date=20181210133000
sulphate_total, ug S/m3, Revision date=20181210133000
numflag sulphate_total, no unit, Revision date=20181210133000
0
25
Data definition:              EBAS_1.1
Set type code:                TI
Timezone:                     UTC
File name:                    US9000R.20000101070000.20191216000000.filterpack..pm25.52w.1w.US03L_filterpack_US9000.US03L_IMPROVE_Davis.lev2.nas
File creation:                20191218120514
Startdate:                    20000101070000
Revision date:                20191216000000
Statistics:                   arithmetic mean
Data level:                   2
Period code:                  52w
Resolution code:              1w
Station code:                 US9000R
Platform code:                US9000S
Station name:                 Rocky Mountain NP
Station latitude:             40.2783
Station longitude:            -105.5457
Station altitude:             2760.0 m
Regime:                       IMG
Component:                    
Matrix:                       pm25
Laboratory code:              US03L
Instrument type:              filterpack
Instrument name:              filterpack_US9000
Method ref:                   US03L_IMPROVE_Davis
starttime endtime Fe flag_Fe Pb flag_Pb Mg++ flag_Mg++ Ni flag_Ni NO3- flag_NO3- OC flag_OC OM flag_OM PM10 flag_PM10 PM10-PM2.5 flag_PM10-PM2.5 PM2.5 flag_PM2.5 K+ flag_K+ SO4-- flag_SO4--
  0.291667   1.291667 9999.99 0.999 99.99 0.999000 9.999 0.999000 99.99 0.999000 9.999 0.999 99.999 0.999 99.999 0.999 999.999 0.999 999.999 0.999 999.999 0.999 9.999 0.999 9.999 0.999
  4.291667   5.291667 9999.99 0.259  0.26 0.000000 9.999 0.259000 99.99 0.259000 0.003 0.699  0.045 0.000  0.062 0.000   1.828 0.559   1.401 0.000   0.426 0.000 0.003 0.000 0.048 0.699
  7.291667   8.291667 9999.99 0.259  0.23 0.000000 9.999 0.259000 99.99 0.259000 0.003 0.699  0.192 0.000  0.269 0.000   2.326 0.559   1.667 0.000   0.658 0.000 0.011 0.000 0.059 0.699
 11.291667  12.291667   24.96 0.000  0.53 0.000000 9.999 0.259000 99.99 0.259000 0.030 0.699  0.536 0.000  0.751 0.000   5.461 0.559   3.928 0.000   1.533 0.000 0.020 0.000 0.135 0.699
 14.291667  15.291667    6.32 0.000  0.32 0.000000 9.999 0.259000 99.99 0.259000 0.006 0.559  0.498 0.000  0.697 0.000   1.888 0.559   1.147 0.000   0.741 0.000 0.007 0.000 0.044 0.559
 18.291667  19.291667    5.34 0.000 99.99 0.259000 9.999 0.259000 99.99 0.259000 0.012 0.559  0.327 0.000  0.457 0.000   1.885 0.559   1.199 0.000   0.685 0.000 0.007 0.000 0.069 0.559
 21.291667  22.291667    4.43 0.000  0.17 0.000000 9.999 0.259000 99.99 0.259000 0.020 0.559  0.285 0.000  0.399 0.000   1.852 0.559   1.077 0.000   0.775 0.000 0.004 0.000 0.091 0.559
 25.291667  26.291667    5.25 0.000  0.45 0.000000 9.999 0.259000  0.25 0.000000 0.073 0.559  0.472 0.000  0.661 0.000   2.150 0.559   1.077 0.000   1.073 0.000 0.006 0.000 0.098 0.559
 28.291667  29.291667    5.17 0.000  0.13 0.000000 0.009 0.000000 99.99 0.259000 0.044 0.699  0.422 0.000  0.590 0.000   2.646 0.559   0.827 0.000   1.818 0.000 0.008 0.000 0.162 0.699
 32.291667  33.291667    1.26 0.559  0.09 0.559000 9.999 0.559259  0.06 0.559000 0.006 0.699  0.294 0.000  0.412 0.000   1.638 0.559   0.466 0.000   1.172 0.559 0.003 0.559 0.036 0.699
 35.291667  36.291667   51.46 0.000  0.26 0.000000 9.999 0.259000 99.99 0.259000 0.033 0.559  0.635 0.000  0.890 0.000   3.865 0.559   1.619 0.000   2.246 0.000 0.007 0.000 0.113 0.559
 39.291667  40.291667   13.68 0.000  0.56 0.000000 9.999 0.259000 99.99 0.259000 0.017 0.559  0.477 0.000  0.667 0.000   4.006 0.559   1.253 0.000   2.753 0.000 0.019 0.000 0.204 0.559
 42.291667  43.291667    6.22 0.000  0.18 0.000000 0.011 0.000000 99.99 0.259000 0.062 0.699  0.379 0.000  0.530 0.000   2.604 0.559   1.071 0.000   1.533 0.000 0.010 0.000 0.080 0.699
 46.291667  47.291667   14.30 0.000  0.28 0.000000 9.999 0.259000 99.99 0.259000 0.015 0.559  0.223 0.000  0.312 0.000   2.392 0.559   1.494 0.000   0.898 0.000 0.012 0.000 0.074 0.559
 49.291667  50.291667    9.78 0.000  1.25 0.000000 9.999 0.259000 99.99 0.259000 0.014 0.699  0.586 0.000  0.821 0.000   2.990 0.559   1.589 0.000   1.401 0.000 0.012 0.000 0.114 0.699
 53.291667  54.291667   13.48 0.000  0.41 0.000000 9.999 0.259000  0.09 0.000000 0.041 0.699  0.430 0.000  0.602 0.000   3.836 0.559   2.500 0.000   1.336 0.000 0.011 0.000 0.154 0.699
 56.291667  57.291667   22.02 0.000  0.44 0.000000 9.999 0.259000 99.99 0.259000 0.014 0.559  0.212 0.000  0.297 0.000   4.233 0.559   1.918 0.000   2.315 0.000 0.017 0.000 0.161 0.559
 60.291667  61.291667   15.77 0.000  0.32 0.000000 9.999 0.259000 99.99 0.259000 0.066 0.699  0.288 0.000  0.404 0.000   5.390 0.559   3.904 0.000   1.486 0.000 0.022 0.000 0.107 0.699
 63.291667  64.291667    6.47 0.000  0.30 0.000000 9.999 0.259000 99.99 0.259000 0.031 0.699  0.358 0.000  0.502 0.000   1.918 0.559   1.160 0.000   0.758 0.000 0.011 0.000 0.077 0.699
 67.291667  68.291667    6.07 0.000  0.30 0.000000 9.999 0.259000 99.99 0.259000 0.013 0.559  0.203 0.000  0.284 0.000   3.803 0.559   2.692 0.000   1.111 0.000 0.005 0.000 0.168 0.559
 70.291667  71.291667    4.52 0.000  0.37 0.000000 9.999 0.259000 99.99 0.259000 0.018 0.559  0.166 0.000  0.232 0.000   3.075 0.559   1.903 0.000   1.173 0.000 0.005 0.000 0.115 0.559
 74.291667  75.291667    6.25 0.000 99.99 0.259000 0.005 0.000000 99.99 0.259000 0.031 0.699  0.035 0.000  0.049 0.000   6.382 0.559   5.518 0.000   0.864 0.000 0.005 0.000 0.114 0.699
 77.291667  78.291667    6.73 0.000  0.32 0.000000 0.006 0.000000  0.04 0.000000 0.026 0.699  0.111 0.000  0.156 0.000   2.877 0.559   1.642 0.000   1.235 0.000 0.007 0.000 0.184 0.699
 81.291667  82.291667   38.52 0.000  0.32 0.000000 9.999 0.259000 99.99 0.259000 0.187 0.699  0.530 0.000  0.742 0.000   9.808 0.559   6.366 0.000   3.442 0.000 0.028 0.000 0.280 0.699
 84.291667  85.291667   49.87 0.000  1.54 0.000000 0.031 0.000000 99.99 0.259000 0.058 0.699  0.524 0.000  0.733 0.000   7.306 0.559   4.664 0.000   2.643 0.000 0.038 0.000 0.264 0.699
 88.291667  89.291667   24.36 0.559  0.40 0.559000 9.999 0.559259 99.99 0.559259 0.034 0.559  0.371 0.000  0.519 0.000   4.226 0.559   3.400 0.000   0.826 0.559 0.017 0.559 0.149 0.559
 91.291667  92.291667   36.91 0.559  0.80 0.559000 0.029 0.559000 99.99 0.559259 0.041 0.699  0.267 0.000  0.374 0.000   5.274 0.559   3.728 0.000   1.546 0.559 0.028 0.559 0.263 0.699
 95.291667  96.291667   41.85 0.000  0.94 0.000000 9.999 0.259000 99.99 0.259000 0.050 0.559  0.669 0.000  0.937 0.000  10.086 0.559   7.296 0.000   2.790 0.000 0.032 0.000 0.196 0.559
 98.291667  99.291667   55.61 0.000  1.48 0.000000 0.032 0.000000 99.99 0.259000 0.094 0.559  0.575 0.000  0.804 0.000   8.664 0.559   5.886 0.000   2.778 0.000 0.042 0.000 0.200 0.559
102.291667 103.291667   86.55 0.000  1.18 0.000000 0.052 0.000000 99.99 0.259000 0.078 0.559  0.873 0.000  1.222 0.000  12.128 0.559   7.758 0.000   4.370 0.000 0.076 0.000 0.369 0.559
105.291667 106.291667    5.34 0.000  0.27 0.000000 0.005 0.000000 99.99 0.259000 0.226 0.559  0.541 0.000  0.758 0.000   3.619 0.559   2.092 0.000   1.527 0.000 0.016 0.000 0.094 0.559
109.291667 110.291667   13.88 0.000  0.37 0.000000 9.999 0.259000 99.99 0.259000 0.016 0.559  0.114 0.000  0.160 0.000   5.858 0.559   5.224 0.000   0.634 0.000 0.010 0.000 0.076 0.559
112.291667 113.291667   39.53 0.000  0.51 0.000000 9.999 0.259000 99.99 0.259000 0.067 0.559  0.773 0.000  1.083 0.000   7.504 0.559   4.923 0.000   2.581 0.000 0.035 0.000 0.232 0.559
116.291667 117.291667  115.96 0.000  1.02 0.000000 9.999 0.259000 99.99 0.259000 0.069 0.559  0.688 0.000  0.963 0.000  13.234 0.559   9.326 0.000   3.908 0.000 0.070 0.000 0.231 0.559
119.291667 120.291667   73.92 0.000  0.76 0.000000 9.999 0.259000 99.99 0.259000 0.086 0.559  1.144 0.000  1.601 0.000  12.972 0.559   9.094 0.000   3.878 0.000 0.047 0.000 0.312 0.559
123.291667 124.291667  107.50 0.000  1.26 0.000000 9.999 0.259000 99.99 0.259000 0.124 0.559  1.329 0.000  1.861 0.000  15.575 0.559  11.016 0.000   4.559 0.000 0.072 0.000 0.256 0.559
126.291667 127.291667   99.50 0.000  1.19 0.000000 9.999 0.259000 99.99 0.259000 0.082 0.559  1.395 0.000  1.953 0.000  16.237 0.559  11.255 0.000   4.982 0.000 0.064 0.000 0.288 0.559
130.291667 131.291667   78.05 0.000  0.67 0.000000 9.999 0.259000 99.99 0.259000 0.106 0.559  1.085 0.000  1.519 0.000  15.859 0.559  12.120 0.000   3.739 0.000 0.049 0.000 0.229 0.559
133.291667 134.291667   27.14 0.000  0.81 0.000000 0.011 0.000000 99.99 0.259000 0.067 0.559  0.741 0.000  1.037 0.000   6.944 0.559   4.778 0.000   2.166 0.000 0.023 0.000 0.149 0.559
137.291667 138.291667   46.63 0.000  0.55 0.000000 9.999 0.259000 99.99 0.259000 0.053 0.559  0.472 0.000  0.661 0.000  11.799 0.559   8.978 0.000   2.821 0.000 0.034 0.000 0.186 0.559
140.291667 141.291667   40.62 0.000  1.01 0.000000 0.025 0.000000 99.99 0.259000 0.058 0.559  0.698 0.000  0.977 0.000   8.616 0.559   5.175 0.000   3.442 0.000 0.029 0.000 0.342 0.559
144.291667 145.291667   56.11 0.000  0.54 0.000000 9.999 0.259000 99.99 0.259000 0.053 0.559  0.750 0.000  1.050 0.000  12.699 0.559  10.005 0.000   2.694 0.000 0.034 0.000 0.123 0.559
147.291667 148.291667   33.87 0.000  1.04 0.000000 9.999 0.259000 99.99 0.259000 0.031 0.559  0.842 0.000  1.179 0.000   9.484 0.559   6.530 0.000   2.954 0.000 0.028 0.000 0.264 0.559
151.291667 152.291667   89.30 0.000  0.65 0.000000 9.999 0.259000 99.99 0.259000 0.145 0.559  2.426 0.000  3.396 0.000  21.774 0.559  15.345 0.000   6.429 0.000 0.083 0.000 0.295 0.559
154.291667 155.291667  134.62 0.000  0.64 0.000000 9.999 0.259000 99.99 0.259000 0.064 0.559  0.915 0.000  1.281 0.000  24.176 0.559  19.077 0.000   5.098 0.000 0.095 0.000 0.272 0.559
158.291667 159.291667  107.58 0.000  0.31 0.000000 9.999 0.259000 99.99 0.259000 0.040 0.559  1.170 0.000  1.638 0.000  23.116 0.559  17.959 0.000   5.156 0.000 0.073 0.000 0.246 0.559
161.291667 162.291667  128.07 0.000 99.99 0.259000 9.999 0.259000 99.99 0.259000 0.075 0.559  0.920 0.000  1.288 0.000  30.549 0.559  25.005 0.000   5.544 0.000 0.091 0.000 0.280 0.559
165.291667 166.291667   44.30 0.000 99.99 0.259000 9.999 0.259000 99.99 0.259000 0.012 0.559  0.623 0.000  0.872 0.000  13.234 0.559  10.797 0.000   2.437 0.000 0.035 0.000 0.114 0.559
168.291667 169.291667    9.63 0.000 99.99 0.259000 9.999 0.259000 99.99 0.259000 0.040 0.559  0.841 0.000  1.178 0.000   5.700 0.559   2.563 0.000   3.137 0.000 0.011 0.000 0.270 0.559
172.291667 173.291667   43.48 0.000  0.21 0.000000 9.999 0.259000 99.99 0.259000 0.050 0.699  1.015 0.000  1.421 0.000  14.733 0.559  11.170 0.000   3.563 0.000 0.027 0.000 0.139 0.699
175.291667 176.291667   72.35 0.000 99.99 0.259000 9.999 0.259000 99.99 0.259000 0.023 0.699  1.149 0.000  1.609 0.000  20.801 0.559  16.714 0.000   4.087 0.000 0.033 0.000 0.202 0.699
179.291667 180.291667   20.23 0.000 99.99 0.259000 9.999 0.259000 99.99 0.259000 0.162 0.559  1.123 0.000  1.573 0.000  11.671 0.559   6.523 0.000   5.147 0.000 0.018 0.000 0.687 0.559
182.291667 183.291667   37.44 0.000 99.99 0.259000 9.999 0.259000 99.99 0.259000 0.020 0.699  1.093 0.000  1.530 0.000  13.342 0.559  10.229 0.000   3.113 0.000 0.033 0.000 0.187 0.699
186.291667 187.291667   80.98 0.000 99.99 0.259000 9.999 0.259000 99.99 0.259000 0.072 0.699  1.062 0.000  1.487 0.000  18.358 0.559  13.863 0.000   4.495 0.000 0.070 0.000 0.327 0.699
189.291667 190.291667   68.25 0.000 99.99 0.259000 9.999 0.259000 99.99 0.259000 0.036 0.559  1.247 0.000  1.746 0.000  22.864 0.559  18.431 0.000   4.433 0.000 0.069 0.000 0.321 0.559
193.291667 194.291667   55.65 0.000 99.99 0.259000 9.999 0.259000 99.99 0.259000 0.033 0.699  1.043 0.000  1.461 0.000  13.439 0.559   9.278 0.000   4.161 0.000 0.042 0.000 0.264 0.699
196.291667 197.291667   61.50 0.000 99.99 0.259000 9.999 0.259000 99.99 0.259000 0.026 0.699  1.370 0.000  1.919 0.000  21.058 0.559  15.909 0.000   5.149 0.000 0.051 0.000 0.331 0.699
200.291667 201.291667   60.67 0.000 99.99 0.259000 9.999 0.259000 99.99 0.259000 0.071 0.699  1.417 0.000  1.983 0.000  19.393 0.559  14.379 0.000   5.014 0.000 0.072 0.000 0.287 0.699
203.291667 204.291667   48.52 0.000  0.79 0.000000 9.999 0.259000 99.99 0.259000 0.064 0.699  1.619 0.000  2.267 0.000  18.497 0.559  13.106 0.000   5.391 0.000 0.065 0.000 0.361 0.699
207.291667 208.291667   80.65 0.000  0.25 0.000000 9.999 0.259000 99.99 0.259000 0.052 0.699  2.362 0.000  3.307 0.000  23.267 0.559  16.041 0.000   7.226 0.000 0.106 0.000 0.336 0.699
210.291667 211.291667  105.00 0.559 99.99 0.559259 9.999 0.559259 99.99 0.559259 0.098 0.699  5.106 0.000  7.148 0.000  33.205 0.559  20.698 0.000  12.507 0.559 0.173 0.559 0.302 0.699
214.291667 215.291667  125.67 0.559 99.99 0.559259 9.999 0.559259 99.99 0.559259 0.059 0.699  4.542 0.000  6.358 0.000  38.008 0.559  24.494 0.000  13.514 0.559 0.199 0.559 0.503 0.699
217.291667 218.291667   64.15 0.000  0.13 0.000000 9.999 0.259000 99.99 0.259000 0.048 0.699  1.773 0.000  2.482 0.000  19.920 0.559  14.096 0.000   5.824 0.000 0.093 0.000 0.306 0.699
221.291667 222.291667  128.03 0.000  0.17 0.000000 9.999 0.259000 99.99 0.259000 0.086 0.699  2.387 0.000  3.341 0.000  28.462 0.559  19.877 0.000   8.586 0.000 0.158 0.000 0.332 0.699
224.291667 225.291667   51.38 0.000 99.99 0.259000 9.999 0.259000 99.99 0.259000 0.036 0.699  1.254 0.000  1.756 0.000  16.562 0.559  11.750 0.000   4.812 0.000 0.066 0.000 0.309 0.699
228.291667 229.291667   59.09 0.000 99.99 0.259000 9.999 0.259000 99.99 0.259000 0.032 0.699  1.429 0.000  2.000 0.000  13.921 0.559   9.120 0.000   4.801 0.000 0.060 0.000 0.265 0.699
231.291667 232.291667   19.14 0.000 99.99 0.259000 9.999 0.259000 99.99 0.259000 0.028 0.699  0.537 0.000  0.752 0.000   7.494 0.559   5.297 0.000   2.196 0.000 0.016 0.000 0.189 0.699
235.291667 236.291667   34.13 0.000  0.22 0.000000 9.999 0.259000 99.99 0.259000 0.028 0.699  0.632 0.000  0.885 0.000   8.624 0.559   5.531 0.000   3.093 0.000 0.025 0.000 0.301 0.699
238.291667 239.291667    9.53 0.000 99.99 0.259000 9.999 0.259000 99.99 0.259000 0.013 0.699  0.496 0.000  0.694 0.000   5.717 0.559   3.558 0.000   2.159 0.000 0.012 0.000 0.234 0.699
243.291667 244.291667   19.27 0.000 99.99 0.259000 9.999 0.259000 99.99 0.259000 0.139 0.000  1.667 0.000  2.334 0.000   5.987 0.000   0.851 0.000   5.135 0.000 0.018 0.000 0.375 0.000
246.291667 247.291667   24.76 0.000  0.27 0.000000 9.999 0.259000 99.99 0.259000 0.014 0.000  0.681 0.000  0.953 0.000   7.768 0.000   6.134 0.000   1.634 0.000 0.023 0.000 0.131 0.000
249.291667 250.291667   21.91 0.000  0.34 0.000000 9.999 0.259000 99.99 0.259000 0.023 0.000  0.387 0.000  0.542 0.000   6.027 0.000   3.672 0.000   2.355 0.000 0.017 0.000 0.309 0.000
252.291667 253.291667   39.38 0.000  0.35 0.000000 9.999 0.259000 99.99 0.259000 0.032 0.000  0.494 0.000  0.691 0.000   7.423 0.000   5.337 0.000   2.086 0.000 0.030 0.000 0.181 0.000
255.291667 256.291667   66.79 0.000  0.35 0.000000 9.999 0.259000 99.99 0.259000 0.028 0.000  0.806 0.000  1.128 0.000   9.801 0.000   6.781 0.000   3.020 0.000 0.045 0.000 0.168 0.000
258.291667 259.291667   77.17 0.000  0.26 0.000000 9.999 0.259000 99.99 0.259000 0.029 0.000  0.978 0.000  1.369 0.000  10.057 0.000   6.372 0.000   3.685 0.000 0.051 0.000 0.182 0.000
261.291667 262.291667   43.13 0.000  0.32 0.000000 9.999 0.259000 99.99 0.259000 0.029 0.000  0.886 0.000  1.240 0.000   8.940 0.000   5.224 0.000   3.716 0.000 0.036 0.000 0.360 0.000
264.291667 265.291667   25.51 0.000 99.99 0.259000 9.999 0.259000 99.99 0.259000 0.056 0.000  0.255 0.000  0.356 0.000   3.149 0.000   1.075 0.000   2.074 0.000 0.019 0.000 0.134 0.000
267.291667 268.291667    2.88 0.000  0.07 0.000000 9.999 0.259000 99.99 0.259000 0.023 0.000  0.162 0.000  0.227 0.000   0.888 0.000   0.347 0.000   0.541 0.000 0.009 0.000 0.096 0.000
270.291667 271.291667   32.29 0.000  0.37 0.000000 9.999 0.259000 99.99 0.259000 0.074 0.000  0.714 0.000  1.000 0.000   6.520 0.000   3.808 0.000   2.712 0.000 0.018 0.000 0.218 0.000
273.291667 274.291667   30.44 0.000  0.38 0.000000 9.999 0.259000 99.99 0.259000 0.033 0.000  0.525 0.000  0.734 0.000   5.532 0.000   2.909 0.000   2.623 0.000 0.027 0.000 0.381 0.000
276.291667 277.291667   21.61 0.000  0.42 0.000000 9.999 0.259000 99.99 0.259000 0.060 0.000  0.579 0.000  0.810 0.000   5.077 0.000   2.218 0.000   2.859 0.000 0.021 0.000 0.329 0.000
279.291667 280.291667    5.34 0.000  0.11 0.000000 9.999 0.259000 99.99 0.259000 0.063 0.000  0.072 0.000  0.101 0.000   1.125 0.000   0.568 0.000   0.557 0.000 0.008 0.000 0.101 0.000
282.291667 283.291667   24.72 0.000 99.99 0.259000 9.999 0.259000 99.99 0.259000 0.031 0.000  0.422 0.000  0.592 0.000   5.258 0.000   2.884 0.000   2.375 0.000 0.019 0.000 0.277 0.000
285.291667 286.291667   45.78 0.000  0.34 0.000000 9.999 0.259000 99.99 0.259000 0.117 0.000  0.597 0.000  0.835 0.000   8.229 0.000   5.804 0.000   2.425 0.000 0.038 0.000 0.191 0.000
288.291667 289.291667   11.34 0.000  0.19 0.000000 9.999 0.259000 99.99 0.259000 0.104 0.000  0.462 0.000  0.646 0.000   2.880 0.000   1.055 0.000   1.826 0.000 0.016 0.000 0.226 0.000
291.291667 292.291667   48.04 0.000 99.99 0.259000 9.999 0.259000 99.99 0.259000 0.017 0.559  0.494 0.000  0.691 0.000   6.865 0.000   4.881 0.000   1.984 0.000 0.034 0.000 0.158 0.559
