scripts/IMPROVE-2019_partial/data/US9048R.20010101070000.20191216000000.filterpack..pm25.52w.1w.US03L_filterpack_US9048.US03L_IMPROVE_Davis.lev2.nas
66 1001
MISSING INFORMATION
US03L, IMPROVE, , , , , , , 
MISSING INFORMATION
IMPROVE sel_HTAP
1 1
2001 01 01 2019 12 16
3.000000
days from file reference point
27
1 1 1 1 1 1 1 1 1 1 1 1 1 1 1 1 1 1 1 1 1 1 1 1 1 1 1
999.999999 9999.99 9.999 99.99 9.999999 9.999 9.999999 9.99 9.999999 9.999 9.999 99.999 9.999 99.999 9.999 999.99 9.999999 999.999 9.999 999.999 9.999 999.999 9.999 9.999 9.999999 9.999 9.999999
end_time of measurement, days from the file reference point
iron, ng/m3, Revision date=20181210133000
numflag iron, no unit, Revision date=20181210133000
lead, ng/m3, Revision date=20181210133000
numflag lead, no unit, Revision date=20181210133000
magnesium, ug/m3, Revision date=20181210133000
numflag magnesium, no unit, Revision date=20181210133000
nickel, ng/m3, Revision date=20181210133000
numflag nickel, no unit, Revision date=20181210133000
nitrate, ug N/m3, Revision date=20181210133000
numflag nitrate, no unit, Revision date=20181210133000
organic_carbon, ug C/m3, Revision date=20181210133000
numflag organic_carbon, no unit, Revision date=20181210133000
organic_mass, ug/m3, Revision date=20181210133000
numflag organic_mass, no unit, Revision date=20181210133000
phosphorus, ng/m3, Revision date=20181210133000
numflag phosphorus, no unit, Revision date=20181210133000
pm10_mass, ug/m3, Version=2, Version description=Data extracted from http://views.cira.colostate.edu/fed/DataWizard 2019-12-16, Sample duration=1d, Orig. time res.=3d, Matrix=pm10, Blank correction=Blank corrected, Volume std. temperature=ambient, Volume std. pressure=ambient
numflag pm10_mass, no unit, Version=2, Version description=Data extracted from http://views.cira.colostate.edu/fed/DataWizard 2019-12-16, Sample duration=1d, Orig. time res.=3d, Matrix=pm10, Blank correction=Blank corrected, Volume std. temperature=ambient, Volume std. pressure=ambient
pm10_pm25_mass, ug/m3, Revision date=20181210133000, Matrix=pm10_pm25
numflag pm10_pm25_mass, no unit, Revision date=20181210133000, Matrix=pm10_pm25
pm25_mass, ug/m3, Version=2, Version description=Data extracted from http://views.cira.colostate.edu/fed/DataWizard 2019-12-16, Sample duration=1d, Orig. time res.=3d, Blank correction=Blank corrected, Volume std. temperature=ambient, Volume std. pressure=ambient
numflag pm25_mass, no unit, Version=2, Version description=Data extracted from http://views.cira.colostate.edu/fed/DataWizard 2019-12-16, Sample duration=1d, Orig. time res.=3d, Blank correction=Blank corrected, Volume std. temperature=ambient, Volume std. pressure=ambient
potassium, ug/m3, Revision date=20181210133000
numflag potassium, no unit, Revision date=20181210133000
sulphate_total, ug S/m3, Revision date=20181210133000
numflag sulphate_total, no unit, Revision date=20181210133000
0
25
Data definition:              EBAS_1.1
Set type code:                TU
Timezone:                     UTC
File name:                    US9048R.20010101070000.20191216000000.filterpack..pm25.52w.1w.US03L_filterpack_US9048.US03L_IMPROVE_Davis.lev2.nas
File creation:                20191218120841
Startdate:                    20010101070000
Revision date:                20191216000000
Statistics:                   arithmetic mean
Data level:                   2
Period code:                  52w
Resolution code:              1w
Station code:                 US9048R
Platform code:                US9048S
Station name:                 White River NF
Station latitude:             39.1536
Station longitude:            -106.8209
Station altitude:             3413.0 m
Regime:                       IMG
Component:                    
Matrix:                       pm25
Laboratory code:              US03L
Instrument type:              filterpack
Instrument name:              filterpack_US9048
Method ref:                   US03L_IMPROVE_Davis
starttime endtime Fe flag_Fe Pb flag_Pb Mg++ flag_Mg++ Ni flag_Ni NO3- flag_NO3- OC flag_OC OM flag_OM P flag_P PM10 flag_PM10 PM10-PM2.5 flag_PM10-PM2.5 PM2.5 flag_PM2.5 K+ flag_K+ SO4-- flag_SO4--
[from data line 78]
234.291667 235.291667   13.23 0.559  0.24 0.559000 9.999 0.559259 9.99 0.559259 0.019 0.000  0.367 0.000  0.514 0.000 999.99 0.559259   4.117 0.000   1.868 0.000   2.249 0.559 0.022 0.559000 0.184 0.000000
237.291667 238.291667   17.41 0.000  0.37 0.000000 9.999 0.259000 9.99 0.259000 0.012 0.000  0.665 0.000  0.931 0.000 999.99 0.259000   5.465 0.000   2.494 0.000   2.972 0.000 0.020 0.000000 0.200 0.000000
240.291667 241.291667   24.17 0.394  0.38 0.394000 9.999 0.394259 9.99 0.394259 0.016 0.394  1.151 0.000  1.612 0.000 999.99 0.394259  10.587 0.000   6.110 0.000   4.477 0.000 0.036 0.394000 0.269 0.394000
243.291667 244.291667   20.12 0.000  0.39 0.000000 9.999 0.259000 9.99 0.259000 0.026 0.000  0.720 0.000  1.008 0.000 999.99 0.259000   4.960 0.000   2.225 0.000   2.735 0.000 0.016 0.000000 0.221 0.000000
246.291667 247.291667   23.75 0.000  0.61 0.000000 9.999 0.259000 9.99 0.259000 0.024 0.000  1.652 0.000  2.313 0.000 999.99 0.259000   8.521 0.000   3.375 0.000   5.146 0.000 0.022 0.000000 0.327 0.000000
249.291667 250.291667   11.21 0.000 99.99 0.259000 9.999 0.259000 9.99 0.259000 0.018 0.000  0.421 0.000  0.590 0.000 999.99 0.259000   3.430 0.000   1.564 0.000   1.866 0.000 9.999 0.259000 0.207 0.000000
252.291667 253.291667 9999.99 0.999 99.99 0.999000 9.999 0.999000 9.99 0.999000 9.999 0.999 99.999 0.999 99.999 0.999 999.99 0.999000 999.999 0.999 999.999 0.999 999.999 0.999 9.999 0.999000 9.999 0.999000
255.291667 256.291667 9999.99 0.999 99.99 0.999000 9.999 0.999000 9.99 0.999000 9.999 0.999 99.999 0.999 99.999 0.999 999.99 0.999000 999.999 0.999 999.999 0.999 999.999 0.999 9.999 0.999000 9.999 0.999000
258.291667 259.291667   27.14 0.000  0.32 0.000000 9.999 0.259000 9.99 0.259000 0.028 0.000  0.334 0.000  0.467 0.000 999.99 0.259000   5.572 0.000   3.079 0.000   2.494 0.000 0.019 0.000000 0.221 0.000000
261.291667 262.291667   14.01 0.000  0.18 0.000000 0.005 0.000000 9.99 0.259000 0.014 0.000  0.601 0.000  0.842 0.000 999.99 0.259000   3.743 0.000   1.519 0.000   2.223 0.000 0.010 0.000000 0.142 0.000000
264.291667 265.291667   26.29 0.000 99.99 0.259000 9.999 0.259000 9.99 0.259000 0.023 0.000  0.656 0.000  0.919 0.000 999.99 0.259000   6.653 0.000   3.570 0.000   3.083 0.000 0.017 0.000000 0.240 0.000000
267.291667 268.291667   28.84 0.000  0.36 0.000000 9.999 0.259000 9.99 0.259000 0.057 0.000  2.393 0.000  3.350 0.000 999.99 0.259000  10.474 0.000   4.111 0.000   6.364 0.000 0.067 0.000000 0.267 0.000000
270.291667 271.291667   25.46 0.000  0.39 0.000000 9.999 0.259000 9.99 0.259000 0.013 0.000  1.020 0.000  1.428 0.000 999.99 0.259000   7.651 0.000   3.644 0.000   4.008 0.000 0.014 0.000000 0.308 0.000000
273.291667 274.291667   19.60 0.000  0.40 0.000000 9.999 0.259000 9.99 0.259000 0.014 0.000  0.924 0.000  1.294 0.000 999.99 0.259000   7.237 0.000   3.358 0.000   3.879 0.000 0.016 0.000000 0.324 0.000000
276.291667 277.291667   30.34 0.000  0.37 0.000000 9.999 0.259000 9.99 0.259000 0.019 0.000  0.361 0.000  0.506 0.000 999.99 0.259000   5.198 0.000   2.978 0.000   2.220 0.000 9.999 0.259000 0.134 0.000000
279.291667 280.291667   23.16 0.000  0.56 0.000000 9.999 0.259000 9.99 0.259000 0.034 0.000  0.577 0.000  0.807 0.000 999.99 0.259000   5.406 0.000   2.134 0.000   3.272 0.000 0.017 0.000000 0.291 0.000000
282.291667 283.291667    8.93 0.000  0.26 0.000000 9.999 0.259000 9.99 0.259000 0.057 0.000  0.369 0.000  0.517 0.000 999.99 0.259000   2.315 0.000   0.920 0.000   1.395 0.000 0.006 0.000000 0.114 0.000000
285.291667 286.291667    8.45 0.000 99.99 0.259000 9.999 0.259000 9.99 0.259000 0.021 0.559  0.223 0.000  0.312 0.000 999.99 0.259000   2.189 0.000   1.269 0.000   0.920 0.000 9.999 0.259000 0.078 0.559000
288.291667 289.291667   21.80 0.000  0.55 0.000000 9.999 0.259000 9.99 0.259000 0.012 0.000  0.199 0.000  0.279 0.000 999.99 0.259000   3.265 0.000   1.821 0.000   1.444 0.000 9.999 0.259000 0.127 0.000000
291.291667 292.291667   15.01 0.000  0.36 0.000000 9.999 0.259000 9.99 0.259000 0.012 0.000  0.186 0.000  0.260 0.000 999.99 0.259000   3.096 0.000   2.337 0.000   0.759 0.000 9.999 0.259000 0.046 0.000000
294.291667 295.291667   13.72 0.000 99.99 0.259000 0.015 0.000000 9.99 0.259000 0.021 0.559  0.200 0.000  0.280 0.000 999.99 0.259000   2.928 0.000   1.808 0.000   1.120 0.000 9.999 0.259000 0.119 0.559000
297.291667 298.291667   28.05 0.000  0.43 0.000000 9.999 0.259000 9.99 0.259000 0.015 0.000  0.125 0.000  0.175 0.000 999.99 0.259000   3.598 0.000   2.505 0.000   1.093 0.000 0.013 0.000000 0.076 0.000000
300.291667 301.291667   27.06 0.559  0.99 0.559000 9.999 0.559259 0.16 0.559000 0.016 0.559  0.556 0.000  0.778 0.000 999.99 0.559259   7.901 0.000   3.073 0.000   4.828 0.559 0.018 0.559000 0.614 0.559000
303.291667 304.291667    4.75 0.000  0.22 0.000000 9.999 0.259000 9.99 0.259000 0.019 0.559  0.126 0.000  0.176 0.000 999.99 0.259000   1.220 0.000   0.642 0.000   0.579 0.000 0.005 0.000000 0.091 0.559000
306.291667 307.291667    4.39 0.000  0.31 0.000000 9.999 0.259000 9.99 0.259000 0.004 0.559  0.179 0.000  0.251 0.000 999.99 0.259000   1.129 0.000   0.646 0.000   0.483 0.000 9.999 0.259000 0.060 0.559000
309.291667 310.291667   19.27 0.559  0.65 0.559000 9.999 0.559259 0.19 0.559000 0.027 0.559  0.501 0.000  0.702 0.000 999.99 0.559259   5.881 0.000   2.462 0.000   3.419 0.559 0.024 0.559000 0.423 0.559000
312.291667 313.291667 9999.99 0.259  0.11 0.000000 9.999 0.259000 9.99 0.259000 0.001 0.559 99.999 0.259 99.999 0.259  10.96 0.000000 999.999 0.259 999.999 0.259 999.999 0.259 9.999 0.259000 9.999 0.559259
315.291667 316.291667   17.67 0.000  0.52 0.000000 9.999 0.259000 0.08 0.000000 0.015 0.000  0.394 0.000  0.552 0.000 999.99 0.259000   3.573 0.000   1.768 0.000   1.805 0.000 0.013 0.000000 0.236 0.000000
318.291667 319.291667    9.45 0.000  1.45 0.000000 9.999 0.259000 9.99 0.259000 0.018 0.000  0.556 0.000  0.778 0.000 999.99 0.259000   2.988 0.000   1.228 0.000   1.760 0.000 0.028 0.000000 0.145 0.000000
321.291667 322.291667    5.69 0.000  0.37 0.000000 9.999 0.259000 9.99 0.259000 0.031 0.559  0.246 0.000  0.345 0.000 999.99 0.259000   1.978 0.000   0.648 0.000   1.331 0.000 9.999 0.259000 0.162 0.559000
324.291667 325.291667   11.99 0.000  0.30 0.000000 9.999 0.259000 9.99 0.259000 0.004 0.559  0.082 0.000  0.115 0.000 999.99 0.259000   1.094 0.000   0.617 0.000   0.478 0.000 0.004 0.000000 0.032 0.559000
327.291667 328.291667    6.81 0.000  0.13 0.000000 9.999 0.259000 9.99 0.259000 0.007 0.559  0.101 0.000  0.142 0.000 999.99 0.259000   0.968 0.000   0.249 0.000   0.720 0.000 0.007 0.000000 0.041 0.559000
330.291667 331.291667    3.92 0.000 99.99 0.259000 0.004 0.000000 9.99 0.259000 0.013 0.559  0.248 0.000  0.347 0.000 999.99 0.259000   1.482 0.000   0.293 0.000   1.189 0.000 9.999 0.259000 0.105 0.559000
333.291667 334.291667    3.40 0.000  0.37 0.000000 0.006 0.000000 9.99 0.259000 0.009 0.559  0.167 0.000  0.234 0.000 999.99 0.259000   1.220 0.000 999.999 0.259   1.350 0.000 0.005 0.000000 0.124 0.559000
336.291667 337.291667    3.97 0.559 99.99 0.559259 9.999 0.559259 9.99 0.559259 0.009 0.559  0.138 0.000  0.193 0.000 999.99 0.559259   1.673 0.000   1.182 0.000   0.491 0.559 0.004 0.559000 0.039 0.559000
339.291667 340.291667    9.12 0.559  0.42 0.559000 9.999 0.559259 9.99 0.559259 0.008 0.559  0.167 0.000  0.233 0.000 999.99 0.559259   1.422 0.000   0.698 0.000   0.724 0.559 0.007 0.559000 0.057 0.559000
342.291667 343.291667   12.08 0.559  0.30 0.559000 9.999 0.559259 9.99 0.559259 0.007 0.559  0.550 0.000  0.770 0.000 999.99 0.559259   2.038 0.000   0.542 0.000   1.495 0.559 0.013 0.559000 0.060 0.559000
345.291667 346.291667    7.84 0.000  0.58 0.000000 9.999 0.259000 9.99 0.259000 0.086 0.000  0.519 0.000  0.727 0.000 999.99 0.259000   2.964 0.000   0.576 0.000   2.388 0.000 0.010 0.000000 0.217 0.000000
348.291667 349.291667    6.82 0.000  0.42 0.000000 9.999 0.259000 9.99 0.259000 0.020 0.000  0.485 0.000  0.679 0.000 999.99 0.259000   2.287 0.000   0.873 0.000   1.414 0.000 0.008 0.000000 0.099 0.000000
351.291667 352.291667    4.87 0.000  0.58 0.000000 9.999 0.259000 9.99 0.259000 0.041 0.559  0.337 0.000  0.472 0.000 999.99 0.259000   1.328 0.000   0.442 0.000   0.886 0.000 0.011 0.000000 0.068 0.559000
354.291667 355.291667    8.63 0.559 99.99 0.559259 9.999 0.559259 9.99 0.559259 0.043 0.000  0.435 0.000  0.609 0.000 999.99 0.559259   2.104 0.000   0.655 0.000   1.450 0.559 0.020 0.559000 0.079 0.000000
357.291667 358.291667    1.87 0.000  0.30 0.000000 9.999 0.259000 9.99 0.259000 0.014 0.000  0.167 0.000  0.234 0.000 999.99 0.259000   0.379 0.000 999.999 0.259   0.408 0.000 0.003 0.000000 0.011 0.000000
360.291667 361.291667    1.62 0.559  0.31 0.559000 9.999 0.559259 9.99 0.559259 0.012 0.559  0.218 0.000  0.306 0.000 999.99 0.559259   0.589 0.000   0.177 0.000   0.412 0.559 0.004 0.559000 0.018 0.559000
363.291667 364.291667    0.77 0.559  0.34 0.559000 9.999 0.559259 9.99 0.559259 0.016 0.559  0.212 0.000  0.297 0.000 999.99 0.559259   0.926 0.000   0.372 0.000   0.554 0.559 9.999 0.559259 0.050 0.559000
