scripts/IMPROVE-2019_partial/data/US9067R.19980103070000.20191216000000.filterpack.pm25_mass.pm25.1y.3d.US03L_filterpack_US9067.US03L_IMPROVE_Davis.lev2.nas
50 1001
MISSING INFORMATION
US03L, IMPROVE, , , , , , , 
MISSING INFORMATION
IMPROVE sel_HTAP
1 1
1998 01 01 2019 12 16
0
days from file reference point
3
1 1 1
999.999999 999.999 9.999
end_time of measurement, days from the file reference point
pm25_mass, ug/m3
numflag pm25_mass, no unit
0
33
Data definition:              EBAS_1.1
Set type code:                TI
Timezone:                     UTC
File name:                    US9067R.19980103070000.20191216000000.filterpack.pm25_mass.pm25.1y.3d.US03L_filterpack_US9067.US03L_IMPROVE_Davis.lev2.nas
File creation:                20191218121008
Startdate:                    19980103070000
Revision date:                20191216000000
Version:                      2
Version description:          "Data extracted from http://views.cira.colostate.edu/fed/DataWizard 2019-12-16"
Statistics:                   arithmetic mean
Data level:                   2
Period code:                  1y
Resolution code:              3d
Sample duration:              1d
Orig. time res.:              3d
Station code:                 US9067R
Platform code:                US9067S
Station name:                 San Andres
Station latitude:             32.6869
Station longitude:            -106.4844
Station altitude:             1326.0 m
Regime:                       IMG
Component:                    pm25_mass
Unit:                         ug/m3
Matrix:                       pm25
Laboratory code:              US03L
Instrument type:              filterpack
Instrument name:              filterpack_US9067
Method ref:                   US03L_IMPROVE_Davis
Blank correction:             Blank corrected
Volume std. temperature:      ambient
Volume std. pressure:         ambient
starttime endtime PM2.5 flag_PM2.5
  2.291667   3.291667   4.451 0.000
  6.291667   7.291667   3.456 0.000
  9.291667  10.291667   2.127 0.000
 13.291667  14.291667   1.547 0.000
 16.291667  17.291667   2.139 0.000
 20.291667  21.291667   1.993 0.000
 23.291667  24.291667   2.745 0.000
 27.291667  28.291667   3.130 0.000
 30.291667  31.291667   3.747 0.000
 34.291667  35.291667   4.261 0.000
 37.291667  38.291667   2.070 0.000
 41.291667  42.291667   1.436 0.000
 44.291667  45.291667   4.006 0.000
 48.291667  49.291667   3.004 0.000
 51.291667  52.291667   3.133 0.000
 55.291667  56.291667 999.999 0.999
 58.291667  59.291667   2.196 0.000
 62.291667  63.291667 999.999 0.999
 65.291667  66.291667   3.324 0.000
 69.291667  70.291667   6.286 0.000
 72.291667  73.291667   7.833 0.000
 76.291667  77.291667   3.791 0.000
 79.291667  80.291667   3.992 0.000
 83.291667  84.291667   6.609 0.000
 86.291667  87.291667   7.405 0.000
 90.291667  91.291667   2.971 0.000
 93.291667  94.291667   2.910 0.000
 97.291667  98.291667   2.238 0.000
100.291667 101.291667   6.043 0.000
104.291667 105.291667   6.396 0.000
107.291667 108.291667   3.056 0.000
111.291667 112.291667 999.999 0.999
114.291667 115.291667 999.999 0.999
118.291667 119.291667 999.999 0.999
121.291667 122.291667 999.999 0.999
125.291667 126.291667   3.996 0.000
128.291667 129.291667   4.054 0.000
132.291667 133.291667   5.580 0.000
135.291667 136.291667   3.073 0.000
139.291667 140.291667  12.081 0.000
142.291667 143.291667   5.193 0.000
146.291667 147.291667   6.119 0.000
149.291667 150.291667   7.778 0.000
153.291667 154.291667   7.221 0.000
156.291667 157.291667  12.463 0.000
160.291667 161.291667   8.902 0.000
163.291667 164.291667   7.198 0.000
167.291667 168.291667   3.277 0.000
170.291667 171.291667   4.179 0.000
174.291667 175.291667   7.989 0.000
177.291667 178.291667   2.623 0.000
181.291667 182.291667  13.100 0.000
184.291667 185.291667   5.982 0.000
188.291667 189.291667   2.694 0.000
191.291667 192.291667 999.999 0.999
195.291667 196.291667   6.614 0.000
198.291667 199.291667  13.737 0.000
202.291667 203.291667   3.689 0.000
205.291667 206.291667   3.906 0.000
209.291667 210.291667   4.053 0.000
212.291667 213.291667   4.292 0.000
216.291667 217.291667 999.999 0.999
219.291667 220.291667 999.999 0.999
223.291667 224.291667 999.999 0.999
226.291667 227.291667 999.999 0.999
230.291667 231.291667   4.919 0.000
233.291667 234.291667  16.582 0.000
237.291667 238.291667   5.051 0.000
240.291667 241.291667   5.288 0.000
244.291667 245.291667  10.610 0.000
247.291667 248.291667  13.791 0.000
251.291667 252.291667   7.407 0.000
254.291667 255.291667   7.792 0.000
258.291667 259.291667 999.999 0.999
261.291667 262.291667   4.311 0.000
265.291667 266.291667   6.559 0.000
268.291667 269.291667   6.349 0.000
272.291667 273.291667   4.999 0.000
275.291667 276.291667 999.999 0.999
279.291667 280.291667   1.965 0.000
282.291667 283.291667   3.489 0.000
286.291667 287.291667   5.375 0.000
289.291667 290.291667   5.630 0.000
293.291667 294.291667   1.042 0.000
296.291667 297.291667   5.660 0.000
300.291667 301.291667 999.999 0.999
303.291667 304.291667   4.327 0.000
307.291667 308.291667   0.602 0.000
310.291667 311.291667   3.348 0.000
314.291667 315.291667   1.888 0.000
317.291667 318.291667   2.751 0.000
321.291667 322.291667   3.539 0.000
324.291667 325.291667   4.828 0.000
328.291667 329.291667   3.506 0.000
331.291667 332.291667   6.843 0.000
335.291667 336.291667   2.833 0.000
338.291667 339.291667   2.703 0.000
342.291667 343.291667   2.014 0.000
345.291667 346.291667   2.902 0.000
349.291667 350.291667   2.703 0.000
352.291667 353.291667   2.937 0.000
356.291667 357.291667   4.187 0.000
359.291667 360.291667   1.551 0.000
363.291667 364.291667   1.616 0.000
