scripts/IMPROVE-2019_partial/data/US9039R.20050101070000.20191216000000.filterpack..pm25.52w.1w.US03L_filterpack_US9039.US03L_IMPROVE_Davis.lev2.nas
64 1001
MISSING INFORMATION
US03L, IMPROVE, , , , , , , 
MISSING INFORMATION
IMPROVE sel_HTAP
1 1
2005 01 01 2019 12 16
3.000000
days from file reference point
25
1 1 1 1 1 1 1 1 1 1 1 1 1 1 1 1 1 1 1 1 1 1 1 1 1
999.999999 9999.99 9.999 99.99 9.999 9.999 9.999999 99.99 9.999 9.999 9.999999 99.999 9.999 99.999 9.999 999.999 9.999 999.999 9.999 999.999 9.999 9.999 9.999 99.999 9.999999
end_time of measurement, days from the file reference point
iron, ng/m3, Revision date=20181210133000
numflag iron, no unit, Revision date=20181210133000
lead, ng/m3, Revision date=20181210133000
numflag lead, no unit, Revision date=20181210133000
magnesium, ug/m3, Revision date=20181210133000
numflag magnesium, no unit, Revision date=20181210133000
nickel, ng/m3, Revision date=20181210133000
numflag nickel, no unit, Revision date=20181210133000
nitrate, ug N/m3, Revision date=20181210133000
numflag nitrate, no unit, Revision date=20181210133000
organic_carbon, ug C/m3, Revision date=20181210133000
numflag organic_carbon, no unit, Revision date=20181210133000
organic_mass, ug/m3, Revision date=20181210133000
numflag organic_mass, no unit, Revision date=20181210133000
pm10_mass, ug/m3, Version=2, Version description=Data extracted from http://views.cira.colostate.edu/fed/DataWizard 2019-12-16, Sample duration=1d, Orig. time res.=3d, Matrix=pm10, Blank correction=Blank corrected, Volume std. temperature=ambient, Volume std. pressure=ambient
numflag pm10_mass, no unit, Version=2, Version description=Data extracted from http://views.cira.colostate.edu/fed/DataWizard 2019-12-16, Sample duration=1d, Orig. time res.=3d, Matrix=pm10, Blank correction=Blank corrected, Volume std. temperature=ambient, Volume std. pressure=ambient
pm10_pm25_mass, ug/m3, Revision date=20181210133000, Matrix=pm10_pm25
numflag pm10_pm25_mass, no unit, Revision date=20181210133000, Matrix=pm10_pm25
pm25_mass, ug/m3, Version=2, Version description=Data extracted from http://views.cira.colostate.edu/fed/DataWizard 2019-12-16, Sample duration=1d, Orig. time res.=3d, Blank correction=Blank corrected, Volume std. temperature=ambient, Volume std. pressure=ambient
numflag pm25_mass, no unit, Version=2, Version description=Data extracted from http://views.cira.colostate.edu/fed/DataWizard 2019-12-16, Sample duration=1d, Orig. time res.=3d, Blank correction=Blank corrected, Volume std. temperature=ambient, Volume std. pressure=ambient
potassium, ug/m3, Revision date=20181210133000
numflag potassium, no unit, Revision date=20181210133000
sulphate_total, ug S/m3, Revision date=20181210133000
numflag sulphate_total, no unit, Revision date=20181210133000
0
25
Data definition:              EBAS_1.1
Set type code:                TU
Timezone:                     UTC
File name:                    US9039R.20050101070000.20191216000000.filterpack..pm25.52w.1w.US03L_filterpack_US9039.US03L_IMPROVE_Davis.lev2.nas
File creation:                20191218120801
Startdate:                    20050101070000
Revision date:                20191216000000
Statistics:                   arithmetic mean
Data level:                   2
Period code:                  52w
Resolution code:              1w
Station code:                 US9039R
Platform code:                US9039S
Station name:                 Saguaro West
Station latitude:             32.2486
Station longitude:            -111.2178
Station altitude:             714.0 m
Regime:                       IMG
Component:                    
Matrix:                       pm25
Laboratory code:              US03L
Instrument type:              filterpack
Instrument name:              filterpack_US9039
Method ref:                   US03L_IMPROVE_Davis
starttime endtime Fe flag_Fe Pb flag_Pb Mg++ flag_Mg++ Ni flag_Ni NO3- flag_NO3- OC flag_OC OM flag_OM PM10 flag_PM10 PM10-PM2.5 flag_PM10-PM2.5 PM2.5 flag_PM2.5 K+ flag_K+ SO4-- flag_SO4--
  0.291667   1.291667   26.28 0.000  1.50 0.000 9.999 0.259000  3.63 0.000 0.229 0.000000  1.084 0.000  1.952 0.000   7.272 0.000   3.910 0.000   3.361 0.000 0.086 0.000  0.140 0.000000
  3.291667   4.291667    9.67 0.000  0.34 0.000 0.009 0.000000  0.15 0.000 0.014 0.000000  0.240 0.000  0.432 0.000   2.292 0.000   1.052 0.000   1.240 0.000 0.010 0.000  0.066 0.000000
  6.291667   7.291667   40.12 0.000  1.71 0.000 9.999 0.259000  0.12 0.000 0.744 0.000000  0.871 0.000  1.568 0.000   6.207 0.000   3.383 0.000   2.822 0.000 0.033 0.000  0.114 0.000000
  9.291667  10.291667   43.89 0.000  1.41 0.000 0.009 0.000000  0.15 0.000 0.041 0.000000  0.634 0.000  1.140 0.000   5.180 0.000   2.996 0.000   2.183 0.000 0.037 0.000  0.073 0.000000
 12.291667  13.291667  162.54 0.000  1.60 0.000 9.999 0.259000 99.99 0.259 0.376 0.000000  0.814 0.000  1.466 0.000   9.777 0.000   4.175 0.000   5.600 0.000 0.109 0.000  0.113 0.000000
 15.291667  16.291667  102.23 0.000  2.69 0.000 9.999 0.259000  0.08 0.000 0.151 0.000000  1.077 0.000  1.938 0.000  14.707 0.000  10.229 0.000   4.476 0.000 0.099 0.000  0.124 0.000000
 18.291667  19.291667  110.21 0.000  2.56 0.000 9.999 0.259000  0.24 0.000 0.082 0.000000  1.156 0.000  2.081 0.000  18.409 0.000  11.881 0.000   6.526 0.000 0.123 0.000  0.506 0.000000
 21.291667  22.291667   25.94 0.000  1.38 0.000 9.999 0.259000 99.99 0.259 0.102 0.000000  0.876 0.000  1.577 0.000   5.763 0.000   2.538 0.000   3.224 0.000 0.027 0.000  0.238 0.000000
 24.291667  25.291667   62.63 0.000  1.02 0.000 9.999 0.259000  0.24 0.000 0.079 0.000000  0.766 0.000  1.378 0.000   9.763 0.000   4.891 0.000   4.923 0.000 0.058 0.000  0.405 0.000000
 27.291667  28.291667   28.85 0.000  1.07 0.000 9.999 0.259000  0.25 0.000 0.119 0.000000  0.600 0.000  1.081 0.000   4.643 0.000   1.858 0.000   2.784 0.000 0.029 0.000  0.272 0.000000
 30.291667  31.291667   66.27 0.000  1.96 0.000 9.999 0.259000 99.99 0.259 0.514 0.000000  0.821 0.000  1.477 0.000   7.488 0.000   3.005 0.000   4.481 0.000 0.043 0.000  0.259 0.000000
 33.291667  34.291667   26.15 0.000  0.43 0.000 0.012 0.000000  0.20 0.000 0.111 0.000000  0.426 0.000  0.767 0.000  10.070 0.000   6.851 0.000   3.218 0.000 0.020 0.000  0.422 0.000000
 36.291667  37.291667   66.97 0.000  0.71 0.000 9.999 0.259000  0.21 0.000 0.054 0.000000  0.388 0.000  0.699 0.000   7.071 0.000   2.327 0.000   4.743 0.000 0.054 0.000  0.478 0.000000
 39.291667  40.291667   72.44 0.000  2.28 0.000 9.999 0.259000 99.99 0.259 0.175 0.000000  0.677 0.000  1.219 0.000  14.096 0.000   9.678 0.000   4.416 0.000 0.051 0.000  0.352 0.000000
 42.291667  43.291667    9.59 0.000  0.36 0.000 9.999 0.259000  0.30 0.000 0.032 0.000000  0.288 0.000  0.519 0.000   2.968 0.000   1.412 0.000   1.572 0.000 0.010 0.000  0.118 0.000000
 45.291667  46.291667   38.28 0.000  1.15 0.000 9.999 0.259000 99.99 0.259 0.161 0.000000  1.046 0.000  1.882 0.000   7.124 0.000   3.917 0.000   3.207 0.000 0.024 0.000  0.167 0.000000
 48.291667  49.291667   20.60 0.000  0.71 0.000 9.999 0.259000  0.21 0.000 0.051 0.000000  0.564 0.000  1.015 0.000   3.706 0.000   1.584 0.000   2.121 0.000 0.018 0.000  0.205 0.000000
 51.291667  52.291667   16.73 0.000  0.48 0.000 9.999 0.259000  0.17 0.000 0.049 0.000000  0.398 0.000  0.716 0.000   4.657 0.000   2.995 0.000   1.661 0.000 0.017 0.000  0.091 0.000000
 54.291667  55.291667   20.02 0.000  0.51 0.000 9.999 0.259000  0.14 0.000 0.141 0.000000  0.290 0.000  0.521 0.000   3.886 0.000   2.344 0.000   1.541 0.000 0.015 0.000  0.087 0.000000
 57.291667  58.291667   18.71 0.000  0.98 0.000 9.999 0.259000 99.99 0.259 0.058 0.000000  0.231 0.000  0.415 0.000   5.279 0.000   2.860 0.000   2.418 0.000 0.014 0.000  0.227 0.000000
 60.291667  61.291667   59.07 0.000  2.34 0.000 9.999 0.259000  0.10 0.000 0.147 0.000000  0.854 0.000  1.537 0.000  11.898 0.000   7.453 0.000   4.443 0.000 0.042 0.000  0.365 0.000000
 63.291667  64.291667   26.64 0.000  1.30 0.000 9.999 0.259000  0.36 0.000 0.086 0.000000  0.656 0.000  1.182 0.000   4.396 0.000   1.886 0.000   2.510 0.000 0.024 0.000  0.231 0.000000
 66.291667  67.291667   32.28 0.000  1.73 0.000 9.999 0.259000 99.99 0.259 0.408 0.000000  0.914 0.000  1.645 0.000   7.008 0.000   3.409 0.000   3.598 0.000 0.024 0.000  0.263 0.000000
 69.291667  70.291667  109.31 0.000  4.29 0.000 9.999 0.259000 99.99 0.259 0.105 0.000000  1.283 0.000  2.309 0.000  16.028 0.000  10.702 0.000   5.325 0.000 0.072 0.000  0.221 0.000000
 72.291667  73.291667   71.10 0.000  1.61 0.000 9.999 0.259000  0.30 0.000 0.052 0.000000  0.737 0.000  1.326 0.000  11.128 0.000   7.065 0.000   4.062 0.000 0.057 0.000  0.315 0.000000
 75.291667  76.291667  108.13 0.000  2.50 0.000 9.999 0.259000 99.99 0.259 0.067 0.000000  0.639 0.000  1.150 0.000  14.575 0.000  10.203 0.000   4.371 0.000 0.074 0.000  0.259 0.000000
 78.291667  79.291667   30.26 0.000  0.95 0.000 0.013 0.000000 99.99 0.259 0.055 0.000000  0.270 0.000  0.487 0.000   6.173 0.000   2.558 0.000   3.615 0.000 0.027 0.000  0.157 0.000000
 81.291667  82.291667   73.06 0.000 99.99 0.259 0.021 0.000000  0.23 0.000 0.057 0.000000  0.437 0.000  0.787 0.000   9.382 0.000   6.283 0.000   3.098 0.000 0.056 0.000  0.131 0.000000
 84.291667  85.291667   40.05 0.000  1.02 0.000 9.999 0.259000  0.16 0.000 0.056 0.000000  0.490 0.000  0.882 0.000   7.420 0.000   5.510 0.000   1.910 0.000 0.030 0.000  0.103 0.000000
 87.291667  88.291667  114.96 0.000  0.97 0.000 9.999 0.259000  0.12 0.000 0.073 0.000000  0.424 0.000  0.764 0.000  17.689 0.000  13.348 0.000   4.340 0.000 0.069 0.000  0.219 0.000000
 90.291667  91.291667  428.18 0.000  1.17 0.000 0.178 0.000000 99.99 0.259 0.041 0.000000  0.390 0.000  0.701 0.000  24.122 0.000  11.624 0.000  12.494 0.000 0.270 0.000  0.189 0.000000
 93.291667  94.291667  162.74 0.000  1.48 0.000 0.055 0.000000 99.99 0.259 0.053 0.000000  0.613 0.000  1.103 0.000  19.401 0.000  13.322 0.000   6.078 0.000 0.131 0.000  0.328 0.000000
 96.291667  97.291667  180.69 0.000  1.96 0.000 0.051 0.000000  0.19 0.000 0.033 0.000000  0.764 0.000  1.376 0.000  16.887 0.000  10.388 0.000   6.497 0.000 0.120 0.000  0.314 0.000000
 99.291667 100.291667   66.97 0.000  1.01 0.000 9.999 0.259000 99.99 0.259 0.051 0.000000  0.376 0.000  0.677 0.000   9.135 0.000   6.409 0.000   2.724 0.000 0.056 0.000  0.139 0.000000
102.291667 103.291667  278.94 0.000  7.66 0.000 0.082 0.000000 99.99 0.259 0.055 0.000000  1.002 0.000  1.803 0.000  24.026 0.000  14.800 0.000   9.224 0.000 0.196 0.000  0.357 0.000000
105.291667 106.291667  327.49 0.000  3.55 0.000 0.123 0.000000  0.20 0.000 0.108 0.000000  1.232 0.000  2.219 0.000  29.335 0.000  17.360 0.000  11.973 0.000 0.227 0.000  0.637 0.000000
108.291667 109.291667  222.96 0.000  2.13 0.000 0.094 0.000000  0.19 0.000 0.085 0.000000  0.431 0.000  0.776 0.000  18.168 0.000  10.621 0.000   7.564 0.000 0.148 0.000  0.431 0.000000
111.291667 112.291667  255.23 0.000  2.16 0.000 0.088 0.000000  0.12 0.000 0.101 0.000000  0.833 0.000  1.500 0.000  25.510 0.000  17.427 0.000   8.082 0.000 0.190 0.000  0.241 0.000000
114.291667 115.291667   86.57 0.000  1.09 0.000 0.025 0.000000  0.12 0.000 0.057 0.000000  0.225 0.000  0.404 0.000   6.921 0.000   3.693 0.000   3.227 0.000 0.056 0.000  0.160 0.000000
117.291667 118.291667  144.85 0.000  1.24 0.000 0.040 0.000000  0.19 0.000 0.076 0.000000  0.333 0.000  0.599 0.000  12.154 0.000   6.533 0.000   5.620 0.000 0.090 0.000  0.363 0.000000
120.291667 121.291667   66.36 0.000  1.31 0.000 9.999 0.259000 99.99 0.259 0.045 0.000000  0.489 0.000  0.880 0.000  10.122 0.000   6.609 0.000   3.513 0.000 0.050 0.000  0.179 0.000000
123.291667 124.291667  172.91 0.000  2.69 0.000 9.999 0.259000 99.99 0.259 0.067 0.000000  0.692 0.000  1.245 0.000  15.167 0.000   7.402 0.000   7.762 0.000 0.107 0.000  0.652 0.000000
126.291667 127.291667   71.71 0.000  1.26 0.000 9.999 0.259000 99.99 0.259 0.060 0.000000  0.480 0.000  0.863 0.000   8.783 0.000   5.405 0.000   3.377 0.000 0.051 0.000  0.302 0.000000
129.291667 130.291667  209.74 0.000  2.31 0.000 0.047 0.000000  0.34 0.000 0.068 0.000000  0.469 0.000  0.845 0.000  21.201 0.000  14.358 0.000   6.843 0.000 0.131 0.000  0.495 0.000000
132.291667 133.291667  187.80 0.000  1.12 0.000 0.056 0.000000 99.99 0.259 0.047 0.000000  0.825 0.000  1.484 0.000  20.561 0.000  14.254 0.000   6.305 0.000 0.138 0.000  0.212 0.000000
135.291667 136.291667  158.07 0.000  1.67 0.000 0.030 0.000000  0.12 0.000 0.061 0.000000  0.991 0.000  1.784 0.000  14.787 0.000   7.911 0.000   6.875 0.000 0.131 0.000  0.451 0.000000
138.291667 139.291667  220.48 0.000  1.98 0.000 0.041 0.000000  0.15 0.000 0.118 0.000000  1.247 0.000  2.244 0.000  21.929 0.000  13.356 0.000   8.571 0.000 0.173 0.000  0.472 0.000000
141.291667 142.291667  145.07 0.000  1.39 0.000 9.999 0.259000  0.22 0.000 0.070 0.000000  2.306 0.000  4.151 0.000  18.770 0.000  10.117 0.000   8.651 0.000 0.160 0.000  0.506 0.000000
144.291667 145.291667  203.33 0.000  1.03 0.000 0.056 0.000000  0.92 0.000 0.172 0.559000  1.570 0.559  2.825 0.559  26.563 0.000  14.792 0.000  11.611 0.000 0.189 0.000  0.909 0.559000
147.291667 148.291667   40.52 0.000  0.69 0.000 0.008 0.000000  0.16 0.000 0.045 0.559000  1.189 0.559  2.140 0.559   7.155 0.000   2.579 0.000   4.546 0.000 0.049 0.000  0.475 0.559000
150.291667 151.291667   97.84 0.000  1.32 0.000 0.016 0.000000  0.44 0.000 0.072 0.000000  1.007 0.559  1.812 0.559  22.058 0.000  15.755 0.000   6.135 0.000 0.096 0.000  0.488 0.000000
153.291667 154.291667   57.59 0.000  0.98 0.000 0.019 0.000000  0.14 0.000 0.067 0.000000  0.641 0.559  1.154 0.559   9.908 0.000   5.748 0.000   4.098 0.000 0.052 0.000  0.375 0.000000
156.291667 157.291667   69.36 0.000  0.88 0.000 0.019 0.000000  0.34 0.000 0.070 0.000000  0.603 0.559  1.085 0.559  11.438 0.000   6.954 0.000   4.409 0.000 0.064 0.000  0.475 0.000000
159.291667 160.291667   72.56 0.000  0.77 0.000 0.011 0.000000  0.43 0.000 0.057 0.000000  0.668 0.559  1.203 0.559  14.119 0.000   8.503 0.000   5.525 0.000 0.088 0.000  0.420 0.000000
162.291667 163.291667   74.19 0.000  0.78 0.000 9.999 0.259000  0.16 0.000 0.073 0.000000  0.577 0.559  1.039 0.559  17.710 0.000  13.149 0.000   4.420 0.000 0.074 0.000  0.301 0.000000
165.291667 166.291667  103.28 0.000  0.98 0.000 0.025 0.000000  0.65 0.000 0.080 0.559000  1.113 0.559  2.004 0.559  16.914 0.000   9.109 0.000   7.705 0.000 0.112 0.000  0.866 0.559000
168.291667 169.291667   67.20 0.000  0.67 0.000 0.010 0.000000  0.19 0.000 0.023 0.559000  0.685 0.559  1.233 0.559  11.098 0.000   7.053 0.000   3.969 0.000 0.058 0.000  0.483 0.559000
171.291667 172.291667  117.61 0.394  1.09 0.394 9.999 0.394259  0.24 0.394 0.039 0.559394  1.662 0.559  2.991 0.559  24.750 0.000  17.093 0.000   7.834 0.000 0.120 0.394  0.772 0.559394
174.291667 175.291667   66.92 0.000  0.92 0.000 9.999 0.259000  0.24 0.000 0.064 0.559000  1.249 0.559  2.248 0.559  12.414 0.000   5.869 0.000   6.480 0.000 0.083 0.000  0.681 0.559000
177.291667 178.291667   46.85 0.000  1.26 0.000 9.999 0.259000  0.09 0.000 0.022 0.559000  0.667 0.559  1.201 0.559  10.922 0.000   6.338 0.000   4.516 0.000 0.053 0.000  0.605 0.559000
180.291667 181.291667   90.58 0.000  1.19 0.000 9.999 0.259000 99.99 0.259 0.026 0.559000  1.055 0.559  1.899 0.559  14.762 0.000   9.814 0.000   4.843 0.000 0.127 0.000  0.358 0.559000
183.291667 184.291667   62.56 0.000  0.42 0.000 9.999 0.259000  0.27 0.000 0.049 0.559000  0.789 0.559  1.420 0.559  13.940 0.000   8.884 0.000   4.960 0.000 0.071 0.000  0.534 0.559000
186.291667 187.291667  134.87 0.394  0.78 0.394 0.016 0.394000  0.16 0.394 0.040 0.559394  1.073 0.000  1.931 0.000  18.843 0.000  12.319 0.000   6.518 0.000 0.131 0.394  0.498 0.559394
189.291667 190.291667  125.46 0.000  0.80 0.000 0.032 0.000000  0.13 0.000 0.048 0.559000  0.733 0.559  1.320 0.559  12.693 0.000   7.249 0.000   5.365 0.000 0.123 0.000  0.408 0.559000
192.291667 193.291667  119.17 0.000  1.08 0.000 9.999 0.259000  0.15 0.000 0.035 0.559000  0.656 0.559  1.180 0.559  15.327 0.000  11.045 0.000   4.372 0.000 0.098 0.000  0.334 0.559000
195.291667 196.291667  118.73 0.000  0.58 0.000 9.999 0.259000  0.25 0.000 0.054 0.559000  1.381 0.559  2.486 0.559  20.250 0.000  12.719 0.000   7.393 0.000 0.124 0.000  0.645 0.559000
198.291667 199.291667   74.07 0.000  0.64 0.000 9.999 0.259000 99.99 0.259 0.037 0.559000  1.684 0.559  3.031 0.559  17.454 0.000  11.355 0.000   5.976 0.000 0.093 0.000  0.466 0.559000
201.291667 202.291667  112.73 0.000  0.81 0.000 9.999 0.259000  0.16 0.000 0.048 0.000000  1.137 0.559  2.046 0.559  17.180 0.000  10.110 0.000   6.961 0.000 0.105 0.000  0.624 0.000000
204.291667 205.291667   24.47 0.000  2.23 0.000 9.999 0.259000  0.13 0.000 0.045 0.559000  0.888 0.559  1.598 0.559   6.239 0.000   3.103 0.000   3.102 0.000 0.024 0.000  0.312 0.559000
207.291667 208.291667   68.58 0.000  0.85 0.000 0.009 0.000000  0.15 0.000 0.032 0.559000  0.668 0.559  1.202 0.559  12.930 0.000   8.534 0.000   4.304 0.000 0.054 0.000  0.382 0.559000
210.291667 211.291667   55.01 0.000  0.61 0.000 9.999 0.259000 99.99 0.259 0.017 0.559000  0.508 0.559  0.914 0.559   6.672 0.000   4.101 0.000   2.527 0.000 0.026 0.000  0.240 0.559000
213.291667 214.291667   96.56 0.000  0.62 0.000 9.999 0.259000 99.99 0.259 0.026 0.559000  0.686 0.559  1.235 0.559   7.910 0.000   3.828 0.000   4.116 0.000 0.051 0.000  0.338 0.559000
216.291667 217.291667  100.96 0.000  0.77 0.000 9.999 0.259000 99.99 0.259 0.036 0.000000  0.747 0.559  1.345 0.559   9.245 0.000   3.918 0.000   5.283 0.000 0.050 0.000  0.563 0.000000
219.291667 220.291667   44.44 0.000  0.48 0.000 9.999 0.259000  0.17 0.000 0.022 0.000000  0.574 0.559  1.034 0.559   5.924 0.000   2.682 0.000   3.242 0.000 0.026 0.000  0.390 0.000000
222.291667 223.291667   72.44 0.000  0.76 0.000 9.999 0.259000  0.30 0.000 0.066 0.000000  0.495 0.559  0.890 0.559  13.733 0.000   8.104 0.000   5.629 0.000 0.054 0.000  0.790 0.000000
225.291667 226.291667   41.64 0.000  0.44 0.000 9.999 0.259000  0.15 0.000 0.024 0.000000  0.664 0.559  1.195 0.559   8.686 0.000   5.929 0.000   2.756 0.000 0.033 0.000  0.288 0.000000
228.291667 229.291667  100.09 0.000  0.68 0.000 9.999 0.259000  0.42 0.000 0.057 0.000000  0.576 0.000  1.036 0.000  15.303 0.000   9.060 0.000   6.247 0.000 0.071 0.000  0.785 0.000000
231.291667 232.291667 9999.99 0.999 99.99 0.999 9.999 0.999000 99.99 0.999 9.999 0.999000 99.999 0.999 99.999 0.999 999.999 0.999 999.999 0.999 999.999 0.999 9.999 0.999 99.999 0.999000
234.291667 235.291667 9999.99 0.999 99.99 0.999 9.999 0.999000 99.99 0.999 9.999 0.999000 99.999 0.999 99.999 0.999 999.999 0.999 999.999 0.999 999.999 0.999 9.999 0.999 99.999 0.999000
237.291667 238.291667 9999.99 0.999 99.99 0.999 9.999 0.999000 99.99 0.999 9.999 0.999000 99.999 0.999 99.999 0.999 999.999 0.999 999.999 0.999 999.999 0.999 9.999 0.999 99.999 0.999000
240.291667 241.291667 9999.99 0.999 99.99 0.999 9.999 0.999000 99.99 0.999 9.999 0.999000 99.999 0.999 99.999 0.999 999.999 0.999 999.999 0.999 999.999 0.999 9.999 0.999 99.999 0.999000
243.291667 244.291667 9999.99 0.999 99.99 0.999 9.999 0.999000 99.99 0.999 9.999 0.999000 99.999 0.999 99.999 0.999 999.999 0.999 999.999 0.999 999.999 0.999 9.999 0.999 99.999 0.999000
246.291667 247.291667   43.79 0.000  1.48 0.000 9.999 0.259000  0.15 0.000 0.019 0.000000  1.922 0.000  3.459 0.000  12.421 0.000   5.658 0.000   6.768 0.000 0.042 0.000  0.774 0.000000
249.291667 250.291667 9999.99 0.999 99.99 0.999 9.999 0.999000 99.99 0.999 9.999 0.999000 99.999 0.999 99.999 0.999 999.999 0.999 999.999 0.999 999.999 0.999 9.999 0.999 99.999 0.999000
252.291667 253.291667   40.36 0.000  0.89 0.000 9.999 0.259000  0.52 0.000 0.096 0.000000  1.168 0.000  2.102 0.000  14.694 0.000   9.010 0.000   5.685 0.000 0.042 0.000  0.831 0.000000
255.291667 256.291667   58.84 0.000  0.79 0.000 9.999 0.259000  0.47 0.000 0.026 0.000000  0.862 0.000  1.551 0.000  11.716 0.000   8.518 0.000   3.198 0.000 0.048 0.000  0.275 0.000000
