scripts/IMPROVE-2019_partial/data/US9034R.20090101060000.20191216000000.filterpack...52w.3d.US03L_filterpack_US9034.US03L_IMPROVE_Davis.lev2.nas
51 1001
MISSING INFORMATION
US03L, IMPROVE, , , , , , , 
MISSING INFORMATION
IMPROVE sel_HTAP
1 1
2009 01 01 2019 12 16
3.00
days from file reference point
4
1 1 1 1
999.99 999.999 999.999 9.999
end_time of measurement, days from the file reference point
pm10_mass, ug/m3, Matrix=pm10
pm25_mass, ug/m3, Matrix=pm25
numflag, no unit
0
33
Data definition:              EBAS_1.1
Set type code:                TU
Timezone:                     UTC
File name:                    US9034R.20090101060000.20191216000000.filterpack...52w.3d.US03L_filterpack_US9034.US03L_IMPROVE_Davis.lev2.nas
File creation:                20191218120734
Startdate:                    20090101060000
Revision date:                20191216000000
Version:                      2
Version description:          "Data extracted from http://views.cira.colostate.edu/fed/DataWizard 2019-12-16"
Statistics:                   arithmetic mean
Data level:                   2
Period code:                  52w
Resolution code:              3d
Sample duration:              1d
Orig. time res.:              3d
Station code:                 US9034R
Platform code:                US9034S
Station name:                 Upper Buffalo Wilderness
Station latitude:             35.8258
Station longitude:            -93.203
Station altitude:             722.0 m
Regime:                       IMG
Component:                    
Unit:                         ug/m3
Matrix:                       
Laboratory code:              US03L
Instrument type:              filterpack
Instrument name:              filterpack_US9034
Method ref:                   US03L_IMPROVE_Davis
Blank correction:             Blank corrected
Volume std. temperature:      ambient
Volume std. pressure:         ambient
starttime endtime PM10 PM2.5 flag
  0.25   1.25 999.999 999.999 0.999
  3.25   4.25 999.999 999.999 0.999
  6.25   7.25 999.999 999.999 0.999
  9.25  10.25 999.999 999.999 0.999
 12.25  13.25 999.999 999.999 0.999
 15.25  16.25  12.065   5.682 0.000
 18.25  19.25  10.755   6.475 0.000
 21.25  22.25  22.083   9.651 0.000
 24.25  25.25  17.818  10.858 0.000
 27.25  28.25 999.999 999.999 0.999
 30.25  31.25 999.999 999.999 0.999
 33.25  34.25 999.999 999.999 0.999
 36.25  37.25 999.999 999.999 0.999
 39.25  40.25 999.999 999.999 0.999
 42.25  43.25   4.514   3.108 0.000
 45.25  46.25  12.628  11.075 0.000
 48.25  49.25  12.047   7.021 0.000
 51.25  52.25  11.391   7.333 0.000
 54.25  55.25  14.077   7.573 0.000
 57.25  58.25  14.107  10.508 0.000
 60.25  61.25   9.158   7.085 0.000
 63.25  64.25  15.788   9.000 0.000
 66.25  67.25  12.383   5.854 0.000
 69.25  70.25   4.941   2.817 0.000
 72.25  73.25  17.285  14.605 0.000
 75.25  76.25   9.445   6.043 0.000
 78.25  79.25   9.478   4.784 0.000
 81.25  82.25  17.006  10.838 0.000
 84.25  85.25 999.999 999.999 0.999
 87.25  88.25 999.999 999.999 0.999
 90.25  91.25   7.944   3.878 0.000
 93.25  94.25  10.816   6.930 0.000
 96.25  97.25  34.195  25.857 0.659
 99.25 100.25  16.563   9.927 0.000
102.25 103.25   4.880   4.049 0.000
105.25 106.25  12.759   9.235 0.000
108.25 109.25   4.568   3.394 0.000
111.25 112.25  19.654  11.132 0.000
114.25 115.25  16.387   9.780 0.000
117.25 118.25   7.818   5.092 0.000
120.25 121.25  10.484   6.259 0.000
123.25 124.25 999.999 999.999 0.999
126.25 127.25  17.268   8.990 0.000
129.25 130.25   7.343   4.239 0.000
132.25 133.25 999.999 999.999 0.999
135.25 136.25   7.386   3.307 0.000
138.25 139.25  13.787   5.538 0.000
141.25 142.25  16.030   5.875 0.000
144.25 145.25   2.870   1.878 0.000
147.25 148.25   8.134   2.967 0.000
150.25 151.25  13.618   6.654 0.000
153.25 154.25  12.678   7.188 0.000
156.25 157.25  15.139   8.311 0.000
159.25 160.25  18.520  10.958 0.000
162.25 163.25  13.792   5.708 0.000
165.25 166.25  17.079  11.354 0.000
168.25 169.25  17.684   9.588 0.000
171.25 172.25  15.764   8.450 0.000
174.25 175.25  19.014  10.239 0.000
177.25 178.25  25.701  15.257 0.000
180.25 181.25  22.299   8.987 0.000
183.25 184.25  20.641   7.099 0.000
186.25 187.25   9.690   7.288 0.000
189.25 190.25  25.627  15.968 0.000
192.25 193.25  20.520  11.077 0.000
195.25 196.25  23.548  12.795 0.000
198.25 199.25   9.486   3.642 0.000
201.25 202.25   4.628   2.830 0.000
204.25 205.25  14.408   7.486 0.000
207.25 208.25  18.070  10.370 0.000
210.25 211.25   8.001   5.123 0.000
213.25 214.25   9.377   6.002 0.000
216.25 217.25  20.279  10.576 0.000
219.25 220.25  19.123  11.484 0.000
222.25 223.25   6.634   3.731 0.000
225.25 226.25  18.779  11.836 0.000
228.25 229.25  10.385   5.972 0.000
231.25 232.25   5.562   3.335 0.000
234.25 235.25   8.652   5.044 0.000
237.25 238.25  21.946  13.385 0.000
240.25 241.25   9.071   6.434 0.000
243.25 244.25  11.024   7.059 0.000
246.25 247.25  18.563  12.207 0.000
249.25 250.25  14.387  10.872 0.000
252.25 253.25 999.999 999.999 0.999
255.25 256.25  18.065  13.484 0.000
258.25 259.25   7.110   6.171 0.000
261.25 262.25   9.708   8.027 0.000
264.25 265.25   3.515   1.831 0.000
267.25 268.25   6.718   3.410 0.000
270.25 271.25  18.535   3.269 0.000
273.25 274.25  18.472   7.290 0.000
276.25 277.25   5.185   2.787 0.000
279.25 280.25   5.954   1.783 0.000
282.25 283.25   3.511   2.717 0.000
285.25 286.25   0.697   0.588 0.000
288.25 289.25   4.931   3.875 0.000
291.25 292.25   8.323   5.787 0.000
294.25 295.25   3.908   2.316 0.000
297.25 298.25   6.118   3.487 0.000
300.25 301.25 999.999 999.999 0.999
303.25 304.25   3.974   2.098 0.000
306.25 307.25   9.571   3.388 0.000
309.25 310.25  22.638  12.973 0.000
312.25 313.25  16.668   9.919 0.000
315.25 316.25  14.504   6.654 0.000
318.25 319.25  14.832  12.092 0.000
321.25 322.25   8.620   6.674 0.000
324.25 325.25  11.098   7.217 0.000
327.25 328.25   5.670   3.313 0.000
330.25 331.25   8.134   2.972 0.000
333.25 334.25   5.278   3.443 0.000
336.25 337.25  10.144   5.194 0.000
339.25 340.25   7.476   4.632 0.000
342.25 343.25   9.377   6.708 0.000
345.25 346.25   2.857   1.657 0.000
348.25 349.25   9.804   8.476 0.000
351.25 352.25  20.987  11.908 0.000
354.25 355.25  10.855   5.752 0.000
357.25 358.25   2.349   0.536 0.000
360.25 361.25   8.781   4.709 0.000
363.25 364.25   4.216   3.080 0.000
