scripts/IMPROVE-2019_partial/data/US9039R.20160101070000.20191216000000.filterpack...52w.3d.US03L_filterpack_US9039.US03L_IMPROVE_Davis.lev2.nas
52 1001
MISSING INFORMATION
US03L, IMPROVE, , , , , , , 
MISSING INFORMATION
IMPROVE sel_HTAP
1 1
2016 01 01 2019 12 16
3.000000
days from file reference point
5
1 1 1 1 1
999.999999 999.999 9.999 999.999 9.999
end_time of measurement, days from the file reference point
pm10_mass, ug/m3, Matrix=pm10
numflag pm10_mass, no unit, Matrix=pm10
pm25_mass, ug/m3, Matrix=pm25
numflag pm25_mass, no unit, Matrix=pm25
0
33
Data definition:              EBAS_1.1
Set type code:                TU
Timezone:                     UTC
File name:                    US9039R.20160101070000.20191216000000.filterpack...52w.3d.US03L_filterpack_US9039.US03L_IMPROVE_Davis.lev2.nas
File creation:                20191218120802
Startdate:                    20160101070000
Revision date:                20191216000000
Version:                      2
Version description:          "Data extracted from http://views.cira.colostate.edu/fed/DataWizard 2019-12-16"
Statistics:                   arithmetic mean
Data level:                   2
Period code:                  52w
Resolution code:              3d
Sample duration:              1d
Orig. time res.:              3d
Station code:                 US9039R
Platform code:                US9039S
Station name:                 Saguaro West
Station latitude:             32.2486
Station longitude:            -111.2178
Station altitude:             714.0 m
Regime:                       IMG
Component:                    
Unit:                         ug/m3
Matrix:                       
Laboratory code:              US03L
Instrument type:              filterpack
Instrument name:              filterpack_US9039
Method ref:                   US03L_IMPROVE_Davis
Blank correction:             Blank corrected
Volume std. temperature:      ambient
Volume std. pressure:         ambient
starttime endtime PM10 flag_PM10 PM2.5 flag_PM2.5
  0.291667   1.291667  27.838 0.000  13.267 0.000
  3.291667   4.291667   6.207 0.000   1.835 0.000
  6.291667   7.291667   3.807 0.000   2.245 0.000
  9.291667  10.291667   3.786 0.000   2.317 0.000
 12.291667  13.291667   5.997 0.000   2.164 0.000
 15.291667  16.291667   9.737 0.000   3.348 0.000
 18.291667  19.291667   9.791 0.000   2.722 0.000
 21.291667  22.291667  11.468 0.000   2.977 0.000
 24.291667  25.291667  10.225 0.000   2.274 0.000
 27.291667  28.291667  20.499 0.000   4.514 0.000
 30.291667  31.291667  37.380 0.000   3.379 0.000
 33.291667  34.291667   9.474 0.000   6.149 0.000
 36.291667  37.291667   7.896 0.000   2.969 0.000
 39.291667  40.291667  10.930 0.000   2.941 0.000
 42.291667  43.291667  23.338 0.000   6.594 0.000
 45.291667  46.291667  18.183 0.000   4.490 0.000
 48.291667  49.291667  12.819 0.000   4.517 0.000
 51.291667  52.291667  15.866 0.000   6.703 0.000
 54.291667  55.291667  14.166 0.000   5.897 0.000
 57.291667  58.291667  20.357 0.000   5.617 0.000
 60.291667  61.291667  20.129 0.000   4.370 0.000
 63.291667  64.291667  22.700 0.000   5.599 0.000
 66.291667  67.291667  35.879 0.000   6.073 0.000
 69.291667  70.291667  17.613 0.000   5.012 0.000
 72.291667  73.291667  16.070 0.000   3.948 0.000
 75.291667  76.291667  24.948 0.000   7.481 0.000
 78.291667  79.291667  17.939 0.000   5.245 0.000
 81.291667  82.291667  27.500 0.000   6.980 0.000
 84.291667  85.291667  17.185 0.000   5.122 0.000
 87.291667  88.291667  23.386 0.000   5.145 0.000
 90.291667  91.291667  15.516 0.000   3.945 0.000
 93.291667  94.291667  10.474 0.000   2.685 0.000
 96.291667  97.291667  21.678 0.000   5.536 0.000
 99.291667 100.291667   6.162 0.000   2.721 0.000
102.291667 103.291667   5.919 0.000   2.787 0.000
105.291667 106.291667  35.836 0.000   7.960 0.000
108.291667 109.291667  10.891 0.000   2.753 0.000
111.291667 112.291667  16.341 0.000   5.472 0.000
114.291667 115.291667  19.220 0.000   5.878 0.000
117.291667 118.291667  20.784 0.000   6.071 0.000
120.291667 121.291667  25.085 0.000   5.805 0.000
123.291667 124.291667  23.909 0.000   6.265 0.000
126.291667 127.291667  15.988 0.000   6.837 0.000
129.291667 130.291667  11.550 0.000   3.780 0.000
132.291667 133.291667  18.255 0.000   6.091 0.000
135.291667 136.291667  13.458 0.000   3.070 0.000
138.291667 139.291667  20.286 0.000   6.688 0.000
141.291667 142.291667  13.680 0.000   4.471 0.000
144.291667 145.291667  14.428 0.000   4.084 0.000
147.291667 148.291667  30.323 0.000   8.881 0.000
150.291667 151.291667  14.334 0.000   4.402 0.000
153.291667 154.291667  24.607 0.000   7.513 0.000
156.291667 157.291667  21.009 0.000   8.033 0.000
159.291667 160.291667  35.663 0.000  11.486 0.000
162.291667 163.291667  21.344 0.000   9.061 0.000
165.291667 166.291667  10.931 0.000   4.084 0.000
168.291667 169.291667  16.242 0.000   5.413 0.000
171.291667 172.291667  29.682 0.000   8.034 0.000
174.291667 175.291667  18.828 0.000   5.346 0.000
177.291667 178.291667  21.821 0.000   5.110 0.000
180.291667 181.291667 999.999 0.999 999.999 0.999
183.291667 184.291667  12.188 0.000   5.930 0.000
186.291667 187.291667  12.519 0.000   4.523 0.000
189.291667 190.291667  20.561 0.000   7.556 0.000
192.291667 193.291667  18.396 0.000   4.493 0.000
195.291667 196.291667  39.397 0.000   8.232 0.000
198.291667 199.291667  15.898 0.000   4.445 0.000
201.291667 202.291667  13.810 0.000   4.155 0.000
204.291667 205.291667  34.183 0.000   5.783 0.000
207.291667 208.291667  27.739 0.000   6.275 0.000
210.291667 211.291667  20.021 0.000   5.619 0.000
213.291667 214.291667   7.077 0.000   2.964 0.000
216.291667 217.291667   9.266 0.000   4.151 0.000
219.291667 220.291667  11.070 0.000   4.701 0.000
222.291667 223.291667   7.712 0.000   3.395 0.000
225.291667 226.291667  12.012 0.000   4.175 0.000
228.291667 229.291667  15.550 0.000   4.500 0.000
231.291667 232.291667  57.505 0.000   8.352 0.000
234.291667 235.291667   8.319 0.000   2.967 0.000
237.291667 238.291667  26.238 0.000   6.051 0.000
240.291667 241.291667  15.280 0.000   3.070 0.000
243.291667 244.291667  10.622 0.000   2.723 0.000
246.291667 247.291667  18.476 0.000   4.484 0.000
249.291667 250.291667  12.875 0.000   3.039 0.000
252.291667 253.291667  10.153 0.000   3.743 0.000
255.291667 256.291667  10.525 0.000   3.486 0.000
258.291667 259.291667  13.732 0.000   3.751 0.000
261.291667 262.291667  11.343 0.000   2.934 0.000
264.291667 265.291667  15.980 0.000   4.131 0.000
267.291667 268.291667  32.811 0.000   8.803 0.000
270.291667 271.291667   6.140 0.000   2.208 0.000
273.291667 274.291667   5.343 0.000   2.484 0.000
276.291667 277.291667  10.291 0.000   3.159 0.000
279.291667 280.291667  19.187 0.000   5.057 0.000
282.291667 283.291667   8.673 0.000   3.433 0.000
285.291667 286.291667  13.910 0.000   4.026 0.000
288.291667 289.291667  15.478 0.000   3.823 0.000
291.291667 292.291667  14.995 0.000   3.820 0.000
294.291667 295.291667  30.969 0.000   7.369 0.000
297.291667 298.291667  20.132 0.000   5.975 0.000
300.291667 301.291667  18.100 0.000   4.753 0.000
303.291667 304.291667  16.520 0.000   4.202 0.000
306.291667 307.291667  25.962 0.000   5.288 0.000
309.291667 310.291667  11.736 0.000   5.524 0.000
312.291667 313.291667 999.999 0.456   4.107 0.000
315.291667 316.291667 999.999 0.456   3.992 0.000
318.291667 319.291667 999.999 0.456   5.381 0.000
321.291667 322.291667  39.865 0.000   9.379 0.000
324.291667 325.291667  24.518 0.000   6.064 0.000
327.291667 328.291667  15.021 0.000   4.124 0.000
330.291667 331.291667  16.756 0.000   4.484 0.000
333.291667 334.291667   6.844 0.000   2.166 0.000
336.291667 337.291667  16.382 0.000   6.202 0.000
339.291667 340.291667   9.909 0.000   5.106 0.000
342.291667 343.291667  22.582 0.000   6.910 0.000
345.291667 346.291667  14.407 0.000   4.609 0.000
348.291667 349.291667  15.543 0.000   4.367 0.000
351.291667 352.291667  63.106 0.000  12.182 0.000
354.291667 355.291667  19.960 0.000   5.835 0.000
357.291667 358.291667   3.424 0.000   2.110 0.000
360.291667 361.291667   5.053 0.000   2.692 0.000
363.291667 364.291667   7.935 0.000   3.751 0.000
