scripts/IMPROVE-2019_partial/data/US9081R.19930102070000.20191216000000.filterpack...1y.3d.US03L_filterpack_US9081_YELL1.US03L_IMPROVE_Davis.lev2.nas
51 1001
MISSING INFORMATION
US03L, IMPROVE, , , , , , , 
MISSING INFORMATION
IMPROVE sel_HTAP
1 1
1993 01 01 2019 12 16
0
days from file reference point
4
1 1 1 1
999.999999 999.999 99.999 9.999
end_time of measurement, days from the file reference point
pm10_mass, ug/m3, Matrix=pm10
pm25_mass, ug/m3, Matrix=pm25
numflag, no unit
0
33
Data definition:              EBAS_1.1
Set type code:                TI
Timezone:                     UTC
File name:                    US9081R.19930102070000.20191216000000.filterpack...1y.3d.US03L_filterpack_US9081_YELL1.US03L_IMPROVE_Davis.lev2.nas
File creation:                20191218121106
Startdate:                    19930102070000
Revision date:                20191216000000
Version:                      2
Version description:          "Data extracted from http://views.cira.colostate.edu/fed/DataWizard 2019-12-16"
Statistics:                   arithmetic mean
Data level:                   2
Period code:                  1y
Resolution code:              3d
Sample duration:              1d
Orig. time res.:              3d
Station code:                 US9081R
Platform code:                US9081S
Station name:                 Yellowstone NP 1
Station latitude:             44.5654
Station longitude:            -110.4003
Station altitude:             2442.0 m
Regime:                       IMG
Component:                    
Unit:                         ug/m3
Matrix:                       
Laboratory code:              US03L
Instrument type:              filterpack
Instrument name:              filterpack_US9081_YELL1
Method ref:                   US03L_IMPROVE_Davis
Blank correction:             Blank corrected
Volume std. temperature:      ambient
Volume std. pressure:         ambient
starttime endtime PM10 PM2.5 flag
  1.291667   2.291667 999.999  1.933 0.000
  5.291667   6.291667 999.999  3.497 0.000
  8.291667   9.291667   4.394  1.333 0.000
 12.291667  13.291667   3.246  1.854 0.000
 15.291667  16.291667   1.807  1.118 0.000
 19.291667  20.291667   5.100  0.822 0.000
 22.291667  23.291667   4.286  1.303 0.000
 26.291667  27.291667 999.999  1.650 0.000
 29.291667  30.291667   3.992  2.320 0.000
 33.291667  34.291667   4.291  3.135 0.000
 36.291667  37.291667   3.142  2.673 0.000
 40.291667  41.291667   3.925  3.000 0.000
 43.291667  44.291667   1.793  1.000 0.000
 47.291667  48.291667   6.255  3.079 0.000
 50.291667  51.291667  12.500  3.411 0.000
 54.291667  55.291667   3.395 99.999 0.000
 57.291667  58.291667   5.985  2.484 0.000
 61.291667  62.291667   3.357  3.269 0.000
 64.291667  65.291667   1.949  1.016 0.000
 68.291667  69.291667   3.333  2.032 0.000
 71.291667  72.291667 999.999  2.516 0.000
 75.291667  76.291667   1.700  0.994 0.000
 78.291667  79.291667   4.862  1.186 0.000
 82.291667  83.291667   6.732  3.581 0.000
 85.291667  86.291667   3.840  2.290 0.000
 89.291667  90.291667 999.999 99.999 0.999
 92.291667  93.291667   1.774  1.316 0.000
 96.291667  97.291667 999.999 99.999 0.999
 99.291667 100.291667   6.062  1.987 0.000
103.291667 104.291667   4.942  2.804 0.000
106.291667 107.291667   2.819  2.457 0.000
110.291667 111.291667   5.098  2.539 0.000
113.291667 114.291667   1.725  0.878 0.000
117.291667 118.291667 999.999 99.999 0.999
120.291667 121.291667 999.999 99.999 0.999
124.291667 125.291667 999.999 99.999 0.999
127.291667 128.291667 999.999 99.999 0.999
131.291667 132.291667   8.828  4.025 0.000
134.291667 135.291667   5.698  3.302 0.000
138.291667 139.291667   5.918  3.656 0.000
141.291667 142.291667   0.951 99.999 0.000
145.291667 146.291667  14.601  5.714 0.000
148.291667 149.291667   6.704  3.250 0.000
152.291667 153.291667   4.786  2.358 0.000
155.291667 156.291667   5.057  2.296 0.000
159.291667 160.291667   5.876  3.912 0.000
162.291667 163.291667   3.832  1.893 0.000
166.291667 167.291667  11.655  2.960 0.000
169.291667 170.291667  15.376  4.237 0.000
173.291667 174.291667   3.435  1.636 0.000
176.291667 177.291667  10.114  3.704 0.000
180.291667 181.291667  16.458  4.665 0.000
183.291667 184.291667   5.687  1.158 0.000
187.291667 188.291667   5.739  2.529 0.000
190.291667 191.291667   9.129  3.422 0.000
194.291667 195.291667  18.099  4.697 0.000
197.291667 198.291667  12.681  3.902 0.000
201.291667 202.291667  10.791  3.353 0.000
204.291667 205.291667   1.821  0.920 0.000
208.291667 209.291667  11.429  4.428 0.000
211.291667 212.291667  10.436  3.021 0.000
215.291667 216.291667   7.862  4.137 0.000
218.291667 219.291667   9.590  3.780 0.000
222.291667 223.291667   4.110  1.774 0.000
225.291667 226.291667   9.510  3.303 0.000
229.291667 230.291667  10.205  3.433 0.000
232.291667 233.291667   4.369  2.523 0.000
236.291667 237.291667   8.691  2.810 0.000
239.291667 240.291667  13.754  3.776 0.000
243.291667 244.291667   8.245  3.273 0.000
246.291667 247.291667   8.113  4.264 0.000
250.291667 251.291667  10.241  5.719 0.000
253.291667 254.291667  46.564  9.077 0.000
257.291667 258.291667  21.448  5.963 0.000
260.291667 261.291667   5.700  3.150 0.000
264.291667 265.291667   6.217  4.141 0.000
267.291667 268.291667  12.336  4.264 0.000
271.291667 272.291667  12.007  6.904 0.000
274.291667 275.291667   5.548  3.464 0.000
278.291667 279.291667   6.534  3.364 0.000
281.291667 282.291667   1.489  1.346 0.000
285.291667 286.291667   3.854  2.469 0.000
288.291667 289.291667   2.109  1.204 0.000
292.291667 293.291667   3.466  2.099 0.000
295.291667 296.291667   7.011  4.438 0.000
299.291667 300.291667  10.873  6.032 0.000
302.291667 303.291667   3.690  2.476 0.000
306.291667 307.291667 999.999 99.999 0.999
309.291667 310.291667   8.024  4.827 0.000
313.291667 314.291667   3.684  2.593 0.000
316.291667 317.291667   4.945  4.169 0.000
320.291667 321.291667   7.286  3.333 0.000
323.291667 324.291667   4.360  3.067 0.000
327.291667 328.291667 999.999  5.463 0.000
330.291667 331.291667   4.130  2.907 0.000
334.291667 335.291667   4.695  1.429 0.000
337.291667 338.291667   3.514  1.066 0.000
341.291667 342.291667   2.394  1.770 0.000
344.291667 345.291667   5.053  2.253 0.000
348.291667 349.291667   2.642  1.514 0.000
351.291667 352.291667   1.940  1.798 0.000
355.291667 356.291667   4.545  3.111 0.000
358.291667 359.291667   4.015  2.000 0.000
362.291667 363.291667   3.018 99.999 0.000
