scripts/IMPROVE-2019_partial/data/US9046R.20040101080000.20191216000000.filterpack..pm25.52w.1w.US03L_filterpack_US9046.US03L_IMPROVE_Davis.lev2.nas
66 1001
MISSING INFORMATION
US03L, IMPROVE, , , , , , , 
MISSING INFORMATION
IMPROVE sel_HTAP
1 1
2004 01 01 2019 12 16
3.000000
days from file reference point
27
1 1 1 1 1 1 1 1 1 1 1 1 1 1 1 1 1 1 1 1 1 1 1 1 1 1 1
999.999999 9999.99 9.999999 99.99 9.999999 9.999 9.999999 9.99 9.999999999 9.999 9.999 99.999 9.999 99.999 9.999 99.99 9.999999999 999.999 9.999 999.999 9.999 99.999 9.999 9.999 9.999999 99.999 9.999
end_time of measurement, days from the file reference point
iron, ng/m3, Revision date=20181210133000
numflag iron, no unit, Revision date=20181210133000
lead, ng/m3, Revision date=20181210133000
numflag lead, no unit, Revision date=20181210133000
magnesium, ug/m3, Revision date=20181210133000
numflag magnesium, no unit, Revision date=20181210133000
nickel, ng/m3, Revision date=20181210133000
numflag nickel, no unit, Revision date=20181210133000
nitrate, ug N/m3, Revision date=20181210133000
numflag nitrate, no unit, Revision date=20181210133000
organic_carbon, ug C/m3, Revision date=20181210133000
numflag organic_carbon, no unit, Revision date=20181210133000
organic_mass, ug/m3, Revision date=20181210133000
numflag organic_mass, no unit, Revision date=20181210133000
phosphorus, ng/m3, Revision date=20181210133000
numflag phosphorus, no unit, Revision date=20181210133000
pm10_mass, ug/m3, Version=2, Version description=Data extracted from http://views.cira.colostate.edu/fed/DataWizard 2019-12-16, Sample duration=1d, Orig. time res.=3d, Matrix=pm10, Blank correction=Blank corrected, Volume std. temperature=ambient, Volume std. pressure=ambient
numflag pm10_mass, no unit, Version=2, Version description=Data extracted from http://views.cira.colostate.edu/fed/DataWizard 2019-12-16, Sample duration=1d, Orig. time res.=3d, Matrix=pm10, Blank correction=Blank corrected, Volume std. temperature=ambient, Volume std. pressure=ambient
pm10_pm25_mass, ug/m3, Revision date=20181210133000, Matrix=pm10_pm25
numflag pm10_pm25_mass, no unit, Revision date=20181210133000, Matrix=pm10_pm25
pm25_mass, ug/m3, Version=2, Version description=Data extracted from http://views.cira.colostate.edu/fed/DataWizard 2019-12-16, Sample duration=1d, Orig. time res.=3d, Blank correction=Blank corrected, Volume std. temperature=ambient, Volume std. pressure=ambient
numflag pm25_mass, no unit, Version=2, Version description=Data extracted from http://views.cira.colostate.edu/fed/DataWizard 2019-12-16, Sample duration=1d, Orig. time res.=3d, Blank correction=Blank corrected, Volume std. temperature=ambient, Volume std. pressure=ambient
potassium, ug/m3, Revision date=20181210133000
numflag potassium, no unit, Revision date=20181210133000
sulphate_total, ug S/m3, Revision date=20181210133000
numflag sulphate_total, no unit, Revision date=20181210133000
0
25
Data definition:              EBAS_1.1
Set type code:                TU
Timezone:                     UTC
File name:                    US9046R.20040101080000.20191216000000.filterpack..pm25.52w.1w.US03L_filterpack_US9046.US03L_IMPROVE_Davis.lev2.nas
File creation:                20191218120834
Startdate:                    20040101080000
Revision date:                20191216000000
Statistics:                   arithmetic mean
Data level:                   2
Period code:                  52w
Resolution code:              1w
Station code:                 US9046R
Platform code:                US9046S
Station name:                 San Rafael
Station latitude:             34.7339
Station longitude:            -120.0074
Station altitude:             956.0 m
Regime:                       IMG
Component:                    
Matrix:                       pm25
Laboratory code:              US03L
Instrument type:              filterpack
Instrument name:              filterpack_US9046
Method ref:                   US03L_IMPROVE_Davis
starttime endtime Fe flag_Fe Pb flag_Pb Mg++ flag_Mg++ Ni flag_Ni NO3- flag_NO3- OC flag_OC OM flag_OM P flag_P PM10 flag_PM10 PM10-PM2.5 flag_PM10-PM2.5 PM2.5 flag_PM2.5 K+ flag_K+ SO4-- flag_SO4--
[from data line 76]
228.333333 229.333333   46.96 0.559000  0.63 0.559000 9.999 0.559259 0.24 0.559000000 0.189 0.000  1.380 0.000  1.932 0.000 99.99 0.559259000  20.711 0.000  14.613 0.000  6.098 0.559 0.040 0.559000  0.574 0.000
231.333333 232.333333   38.38 0.559000  0.33 0.559000 9.999 0.559259 0.37 0.559000000 0.066 0.000  0.863 0.000  1.208 0.000 99.99 0.559259000  13.276 0.000   9.048 0.000  4.228 0.559 0.024 0.559000  0.494 0.000
234.333333 235.333333   18.19 0.559000  0.51 0.559000 9.999 0.559259 0.49 0.559000000 0.072 0.000  0.697 0.000  0.976 0.000 99.99 0.559259000   9.600 0.000   5.394 0.000  4.206 0.559 0.013 0.559000  0.658 0.000
237.333333 238.333333   33.56 0.559000  0.55 0.559000 9.999 0.559259 0.22 0.559000000 0.092 0.000  0.991 0.000  1.387 0.000 99.99 0.559259000  13.848 0.000   9.772 0.000  4.077 0.559 0.032 0.559000  0.441 0.000
240.333333 241.333333   97.53 0.559000  1.21 0.559000 9.999 0.559259 0.85 0.559000000 0.176 0.000  1.672 0.000  2.341 0.000 99.99 0.559259000  25.735 0.000  16.155 0.000  9.581 0.559 0.102 0.559000  1.173 0.000
243.333333 244.333333   88.81 0.559000  0.80 0.559000 0.054 0.559000 0.20 0.559000000 0.145 0.000  1.460 0.000  2.043 0.000 99.99 0.559259000  22.316 0.000  14.794 0.000  7.523 0.559 0.055 0.559000  0.859 0.000
246.333333 247.333333  144.73 0.559000 99.99 0.559259 9.999 0.559259 0.21 0.559000000 0.222 0.000  1.638 0.000  2.293 0.000 99.99 0.559259000  36.078 0.000  28.677 0.000  7.402 0.559 0.099 0.559000  0.262 0.000
249.333333 250.333333   84.98 0.559000  0.79 0.559000 9.999 0.559259 0.19 0.559000000 0.101 0.000  1.482 0.000  2.075 0.000 99.99 0.559259000  16.594 0.000  11.699 0.000  4.895 0.559 0.055 0.559000  0.247 0.000
252.333333 253.333333   97.61 0.000000  0.65 0.000000 9.999 0.259000 0.67 0.000000000 0.335 0.000  1.863 0.000  2.608 0.000 99.99 0.259000000  38.580 0.000  28.870 0.000  9.710 0.000 0.072 0.000000  0.620 0.000
255.333333 256.333333   49.54 0.000000  1.06 0.000000 9.999 0.259000 0.16 0.000000000 0.133 0.000  0.921 0.000  1.289 0.000 99.99 0.259000000  16.177 0.000  11.855 0.000  4.322 0.000 0.037 0.000000  0.337 0.000
258.333333 259.333333   64.09 0.000000  0.52 0.000000 9.999 0.259000 0.73 0.000000000 0.345 0.000  1.142 0.000  1.598 0.000 99.99 0.259000000  27.374 0.000  19.416 0.000  7.958 0.000 0.055 0.000000  0.807 0.000
261.333333 262.333333   68.54 0.000000  0.68 0.000000 9.999 0.259000 0.32 0.000000000 0.189 0.000  0.748 0.000  1.047 0.000 99.99 0.259000000  23.619 0.000  17.565 0.000  6.054 0.000 0.054 0.000000  0.610 0.000
264.333333 265.333333 9999.99 0.456000 99.99 0.456000 9.999 0.456000 9.99 0.456000000 0.226 0.000  0.833 0.000  1.167 0.000 99.99 0.456000000  16.029 0.000 999.999 0.999 99.999 0.456 9.999 0.456000  0.120 0.000
267.333333 268.333333   55.84 0.000000  0.61 0.000000 9.999 0.259000 0.15 0.000000000 0.035 0.000  0.786 0.000  1.101 0.000 99.99 0.259000000  13.488 0.000  10.193 0.000  3.294 0.000 0.030 0.000000  0.214 0.000
270.333333 271.333333   28.42 0.000000  0.85 0.000000 9.999 0.259000 0.44 0.000000000 0.176 0.000  1.234 0.000  1.727 0.000 99.99 0.259000000  13.166 0.000   7.646 0.000  5.520 0.000 0.026 0.000000  0.588 0.000
273.333333 274.333333   30.26 0.000000  0.80 0.000000 9.999 0.259000 0.62 0.000000000 0.297 0.000  0.883 0.000  1.236 0.000 99.99 0.259000000  16.786 0.000   9.960 0.000  6.826 0.000 0.038 0.000000  0.833 0.000
276.333333 277.333333   33.45 0.000000  1.02 0.000000 9.999 0.259000 0.37 0.000000000 0.101 0.000  0.916 0.000  1.283 0.000 99.99 0.259000000  12.633 0.000   6.377 0.000  6.256 0.000 0.030 0.000000  0.829 0.000
279.333333 280.333333 9999.99 0.999000 99.99 0.999000 9.999 0.999000 9.99 0.999000000 9.999 0.999 99.999 0.999 99.999 0.999 99.99 0.999000000 999.999 0.999 999.999 0.999 99.999 0.999 9.999 0.999000 99.999 0.999
282.333333 283.333333   39.91 0.000000  0.53 0.000000 9.999 0.259000 0.18 0.000000000 0.139 0.000  0.695 0.000  0.972 0.000 99.99 0.259000000  15.665 0.000  11.803 0.000  3.861 0.000 0.034 0.000000  0.277 0.000
285.333333 286.333333   52.19 0.000000  0.36 0.000000 9.999 0.259000 9.99 0.259000000 0.046 0.000  0.532 0.000  0.745 0.000 99.99 0.259000000  15.395 0.000  12.292 0.000  3.103 0.000 0.031 0.000000  0.214 0.000
288.333333 289.333333   53.07 0.000000  0.98 0.000000 9.999 0.259000 0.36 0.000000000 0.053 0.000  0.779 0.000  1.091 0.000 99.99 0.259000000  15.105 0.000   9.956 0.000  5.149 0.000 0.033 0.000000  0.534 0.000
291.333333 292.333333    2.70 0.000000  0.74 0.000000 0.093 0.000000 0.12 0.000000000 0.039 0.000  0.263 0.000  0.368 0.000 99.99 0.259000000   3.373 0.000   2.067 0.000  1.306 0.000 0.010 0.000000  0.130 0.000
294.333333 295.333333    3.96 0.000000  0.35 0.000000 0.126 0.000000 9.99 0.259000000 0.271 0.000  0.210 0.000  0.294 0.000 99.99 0.259000000   4.698 0.000   1.997 0.000  2.701 0.000 0.009 0.000000  0.199 0.000
297.333333 298.333333    7.05 0.000000  0.81 0.000000 9.999 0.259000 9.99 0.259000000 0.792 0.000  0.545 0.000  0.763 0.000 99.99 0.259000000   9.436 0.000   2.314 0.000  7.122 0.000 0.013 0.000000  0.344 0.000
300.333333 301.333333    2.95 0.000000  0.27 0.000000 9.999 0.259000 0.20 0.000000000 0.047 0.000  0.194 0.000  0.271 0.000 99.99 0.259000000   3.554 0.000   2.195 0.000  1.359 0.000 0.010 0.000000  0.110 0.000
303.333333 304.333333   11.94 0.000000  0.96 0.000000 9.999 0.259000 9.99 0.259000000 0.103 0.000  0.734 0.000  1.027 0.000 99.99 0.259000000   3.736 0.000   1.275 0.000  2.461 0.000 0.015 0.000000  0.182 0.000
306.333333 307.333333   20.58 0.000000  0.97 0.000000 9.999 0.259000 0.27 0.000000000 0.042 0.000  0.750 0.000  1.049 0.000 99.99 0.259000000   5.806 0.000   3.162 0.000  2.644 0.000 0.022 0.000000  0.138 0.000
309.333333 310.333333   16.73 0.000000  0.89 0.000000 9.999 0.259000 0.45 0.000000000 0.320 0.000  0.491 0.000  0.688 0.000  8.33 0.000000000  10.193 0.000   6.003 0.000  4.190 0.000 0.024 0.000000  0.209 0.000
312.333333 313.333333   10.62 0.000000  1.23 0.000000 9.999 0.259000 0.39 0.000000000 0.327 0.000  0.807 0.000  1.130 0.000 99.99 0.259000000   8.129 0.000   3.627 0.000  4.502 0.000 0.021 0.000000  0.322 0.000
315.333333 316.333333   21.14 0.000000  2.33 0.000000 9.999 0.259000 9.99 0.259000000 0.063 0.000  0.329 0.000  0.460 0.000 99.99 0.259000000   8.170 0.000   3.980 0.000  4.190 0.000 0.046 0.000000  0.596 0.000
318.333333 319.333333    3.85 0.000000 99.99 0.259000 0.132 0.000000 9.99 0.259000000 0.112 0.000  0.509 0.000  0.712 0.000 99.99 0.259000000   3.028 0.000   0.772 0.000  2.256 0.000 0.012 0.000000  0.227 0.000
321.333333 322.333333 9999.99 0.999000 99.99 0.999000 9.999 0.999000 9.99 0.999000000 9.999 0.999 99.999 0.999 99.999 0.999 99.99 0.999000000 999.999 0.999 999.999 0.999 99.999 0.999 9.999 0.999000 99.999 0.999
324.333333 325.333333   32.88 0.000000  1.63 0.000000 9.999 0.259000 0.57 0.000000000 0.631 0.000  1.401 0.000  1.961 0.000 99.99 0.259000000  10.294 0.000   3.704 0.000  6.590 0.000 0.044 0.000000  0.453 0.000
327.333333 328.333333   17.67 0.000000  0.85 0.000000 9.999 0.259000 0.23 0.000000000 0.155 0.000  1.013 0.000  1.419 0.000 99.99 0.259000000   8.300 0.000   5.011 0.000  3.289 0.000 0.027 0.000000  0.169 0.000
330.333333 331.333333   14.10 0.000000  0.99 0.000000 0.103 0.000000 0.14 0.000000000 0.247 0.000  1.008 0.000  1.412 0.000 99.99 0.259000000   5.726 0.000   2.356 0.000  3.370 0.000 0.058 0.000000  0.189 0.000
333.333333 334.333333   10.16 0.000000 99.99 0.259000 9.999 0.259000 9.99 0.259000000 0.084 0.000  0.738 0.000  1.033 0.000 99.99 0.259000000   5.158 0.000   3.312 0.000  1.846 0.000 0.027 0.000000  0.096 0.000
336.333333 337.333333   12.71 0.000000  0.87 0.000000 9.999 0.259000 0.21 0.000000000 0.317 0.000  0.576 0.000  0.807 0.000 99.99 0.259000000   5.482 0.000   3.021 0.000  2.461 0.000 0.043 0.000000  0.099 0.000
339.333333 340.333333   11.82 0.000000  0.97 0.000000 9.999 0.259000 0.29 0.000000000 0.267 0.000  0.538 0.000  0.753 0.000 99.99 0.259000000   6.056 0.000   2.851 0.000  3.205 0.000 0.021 0.000000  0.253 0.000
342.333333 343.333333    3.19 0.000000  0.23 0.000000 9.999 0.259000 9.99 0.259000000 0.029 0.000  0.128 0.000  0.180 0.000 99.99 0.259000000   2.342 0.000   1.242 0.000  1.099 0.000 0.011 0.000000  0.115 0.000
345.333333 346.333333    4.39 0.000000  0.89 0.000000 0.093 0.000000 9.99 0.259000000 0.011 0.000  0.240 0.000  0.336 0.000 99.99 0.259000000   1.405 0.000   0.617 0.000  0.788 0.000 0.006 0.000000  0.059 0.000
348.333333 349.333333    4.20 0.000000  0.29 0.000000 9.999 0.259000 0.17 0.000000000 0.007 0.000  0.195 0.000  0.274 0.000 99.99 0.259000000   1.218 0.000   0.483 0.000  0.735 0.000 0.007 0.000000  0.039 0.000
351.333333 352.333333   14.69 0.000000  0.55 0.000000 9.999 0.259000 9.99 0.259000000 0.037 0.000  0.163 0.000  0.228 0.000 99.99 0.259000000   3.532 0.000   2.632 0.000  0.901 0.000 0.030 0.000000  0.054 0.000
354.333333 355.333333   11.76 0.000000  0.53 0.000000 9.999 0.259000 9.99 0.259000000 0.043 0.000  0.272 0.000  0.381 0.000 99.99 0.259000000   2.970 0.000   1.705 0.000  1.265 0.000 0.014 0.000000  0.065 0.000
357.333333 358.333333   16.83 0.000000  0.77 0.000000 0.073 0.000000 9.99 0.259000000 0.110 0.000  0.559 0.000  0.782 0.000 99.99 0.259000000   7.469 0.000   5.037 0.000  2.432 0.000 0.025 0.000000  0.117 0.000
360.333333 361.333333   17.56 0.000000  1.05 0.000000 9.999 0.259000 0.44 0.000000000 0.167 0.000  0.622 0.000  0.871 0.000 99.99 0.259000000   6.061 0.000   3.089 0.000  2.972 0.000 0.022 0.000000  0.194 0.000
363.333333 364.333333    0.79 0.000000  0.21 0.000000 9.999 0.259000 0.14 0.000000000 0.014 0.000  0.087 0.000  0.123 0.000 99.99 0.259000000   0.923 0.000   0.601 0.000  0.322 0.000 0.003 0.000000  0.048 0.000
