scripts/IMPROVE-2019_partial/data/US9007R.20060102050000.20191216000000.filterpack..pm25.52w.1w.US03L_filterpack_US9007.US03L_IMPROVE_Davis.lev2.nas
66 1001
MISSING INFORMATION
US03L, IMPROVE, , , , , , , 
MISSING INFORMATION
IMPROVE sel_HTAP
1 1
2006 01 01 2019 12 16
3.000000
days from file reference point
27
1 1 1 1 1 1 1 1 1 1 1 1 1 1 1 1 1 1 1 1 1 1 1 1 1 1 1
999.999999 9999.99 9.999 99.99 9.999 9.999 9.999 99.99 9.999 9.999 9.999 99.999 9.999 99.999 9.999 999.99 9.999 999.999 9.999 999.999 9.999 999.999 9.999 9.999 9.999 99.999 9.999
end_time of measurement, days from the file reference point
iron, ng/m3, Revision date=20181210133000
numflag iron, no unit, Revision date=20181210133000
lead, ng/m3, Revision date=20181210133000
numflag lead, no unit, Revision date=20181210133000
magnesium, ug/m3, Revision date=20181210133000
numflag magnesium, no unit, Revision date=20181210133000
nickel, ng/m3, Revision date=20181210133000
numflag nickel, no unit, Revision date=20181210133000
nitrate, ug N/m3, Revision date=20181210133000
numflag nitrate, no unit, Revision date=20181210133000
organic_carbon, ug C/m3, Revision date=20181210133000
numflag organic_carbon, no unit, Revision date=20181210133000
organic_mass, ug/m3, Revision date=20181210133000
numflag organic_mass, no unit, Revision date=20181210133000
phosphorus, ng/m3, Revision date=20181210133000
numflag phosphorus, no unit, Revision date=20181210133000
pm10_mass, ug/m3, Version=2, Version description=Data extracted from http://views.cira.colostate.edu/fed/DataWizard 2019-12-16, Sample duration=1d, Orig. time res.=3d, Matrix=pm10, Blank correction=Blank corrected, Volume std. temperature=ambient, Volume std. pressure=ambient
numflag pm10_mass, no unit, Version=2, Version description=Data extracted from http://views.cira.colostate.edu/fed/DataWizard 2019-12-16, Sample duration=1d, Orig. time res.=3d, Matrix=pm10, Blank correction=Blank corrected, Volume std. temperature=ambient, Volume std. pressure=ambient
pm10_pm25_mass, ug/m3, Revision date=20181210133000, Matrix=pm10_pm25
numflag pm10_pm25_mass, no unit, Revision date=20181210133000, Matrix=pm10_pm25
pm25_mass, ug/m3, Version=2, Version description=Data extracted from http://views.cira.colostate.edu/fed/DataWizard 2019-12-16, Sample duration=1d, Orig. time res.=3d, Blank correction=Blank corrected, Volume std. temperature=ambient, Volume std. pressure=ambient
numflag pm25_mass, no unit, Version=2, Version description=Data extracted from http://views.cira.colostate.edu/fed/DataWizard 2019-12-16, Sample duration=1d, Orig. time res.=3d, Blank correction=Blank corrected, Volume std. temperature=ambient, Volume std. pressure=ambient
potassium, ug/m3, Revision date=20181210133000
numflag potassium, no unit, Revision date=20181210133000
sulphate_total, ug S/m3, Revision date=20181210133000
numflag sulphate_total, no unit, Revision date=20181210133000
0
25
Data definition:              EBAS_1.1
Set type code:                TU
Timezone:                     UTC
File name:                    US9007R.20060102050000.20191216000000.filterpack..pm25.52w.1w.US03L_filterpack_US9007.US03L_IMPROVE_Davis.lev2.nas
File creation:                20191218120534
Startdate:                    20060102050000
Revision date:                20191216000000
Statistics:                   arithmetic mean
Data level:                   2
Period code:                  52w
Resolution code:              1w
Station code:                 US9007R
Platform code:                US9007S
Station name:                 Quabbin Summit
Station latitude:             42.2985
Station longitude:            -72.3346
Station altitude:             317.0 m
Regime:                       IMG
Component:                    
Matrix:                       pm25
Laboratory code:              US03L
Instrument type:              filterpack
Instrument name:              filterpack_US9007
Method ref:                   US03L_IMPROVE_Davis
starttime endtime Fe flag_Fe Pb flag_Pb Mg++ flag_Mg++ Ni flag_Ni NO3- flag_NO3- OC flag_OC OM flag_OM P flag_P PM10 flag_PM10 PM10-PM2.5 flag_PM10-PM2.5 PM2.5 flag_PM2.5 K+ flag_K+ SO4-- flag_SO4--
  1.208333   2.208333   13.85 0.000  4.77 0.000 0.010 0.000  5.52 0.000 0.439 0.000  3.825 0.000  5.355 0.000 999.99 0.259  11.482 0.000 999.999 0.259  11.508 0.000 0.104 0.000  0.862 0.000
  4.208333   5.208333   14.31 0.000  1.96 0.000 9.999 0.259  4.50 0.000 0.192 0.000  1.696 0.000  2.374 0.000 999.99 0.259   9.315 0.000   1.932 0.000   7.383 0.000 0.055 0.000  1.060 0.000
  7.208333   8.208333   33.93 0.000  4.57 0.000 9.999 0.259  4.07 0.000 0.494 0.000  2.594 0.000  3.631 0.000 999.99 0.259  12.966 0.000   1.740 0.000  11.226 0.000 0.064 0.000  1.226 0.000
 10.208333  11.208333   28.81 0.000  2.09 0.000 9.999 0.259  5.14 0.000 0.219 0.000  1.285 0.000  1.798 0.000 999.99 0.259   8.285 0.000   0.891 0.000   7.394 0.000 0.030 0.000  1.123 0.000
 13.208333  14.208333    4.00 0.000  0.32 0.000 0.011 0.000  0.46 0.000 0.033 0.000  0.496 0.000  0.694 0.000 999.99 0.259   2.120 0.000   0.568 0.000   1.552 0.000 0.014 0.000  0.167 0.000
 16.208333  17.208333   15.08 0.000  3.04 0.000 0.007 0.000  1.16 0.000 0.088 0.000  1.019 0.000  1.426 0.000 999.99 0.259   5.327 0.000   2.651 0.000   2.676 0.000 0.031 0.000  0.168 0.000
 19.208333  20.208333   62.47 0.000  3.47 0.000 9.999 0.259  3.95 0.000 0.222 0.000  1.682 0.000  2.355 0.000 999.99 0.259  13.185 0.000   6.509 0.000   6.676 0.000 0.053 0.000  0.584 0.000
 22.208333  23.208333    5.46 0.000  2.23 0.000 9.999 0.259  1.47 0.000 0.063 0.000  1.444 0.000  2.022 0.000 999.99 0.259   4.912 0.000   0.672 0.000   4.240 0.000 0.043 0.000  0.375 0.000
 25.208333  26.208333    6.45 0.000  1.35 0.000 9.999 0.259  0.53 0.000 0.058 0.000  0.673 0.000  0.942 0.000 999.99 0.259   3.741 0.000   0.604 0.000   3.137 0.000 0.022 0.000  0.466 0.000
 28.208333  29.208333   37.53 0.000  5.55 0.000 9.999 0.259  1.93 0.000 0.604 0.000  2.640 0.000  3.696 0.000 999.99 0.259  13.519 0.000   3.080 0.000  10.439 0.000 0.080 0.000  0.882 0.000
 31.208333  32.208333    5.49 0.000  0.67 0.000 0.007 0.000  0.51 0.000 0.039 0.000  0.616 0.000  0.863 0.000 999.99 0.259   4.040 0.000   0.414 0.000   3.626 0.000 0.018 0.000  0.593 0.000
 34.208333  35.208333   16.74 0.000  2.20 0.000 0.010 0.000  1.52 0.000 0.037 0.000  1.236 0.000  1.731 0.000 999.99 0.259   8.726 0.000   0.939 0.000   7.787 0.000 0.034 0.000  1.261 0.000
 37.208333  38.208333    8.29 0.000  0.74 0.000 9.999 0.259  0.39 0.000 0.049 0.000  0.361 0.000  0.506 0.000 999.99 0.259   3.752 0.000   1.178 0.000   2.575 0.000 0.015 0.000  0.369 0.000
 40.208333  41.208333   13.70 0.000  1.48 0.000 9.999 0.259  0.28 0.000 0.025 0.000  0.466 0.000  0.652 0.000 999.99 0.259   4.795 0.000   2.159 0.000   2.636 0.000 0.020 0.000  0.341 0.000
 43.208333  44.208333   23.17 0.000  2.98 0.000 9.999 0.259  1.60 0.000 0.202 0.000  1.396 0.000  1.954 0.000 999.99 0.259   6.760 0.000   0.949 0.000   5.811 0.000 0.050 0.000  0.557 0.000
 46.208333  47.208333   98.56 0.000  5.90 0.000 9.999 0.259  5.64 0.000 0.556 0.000  3.821 0.000  5.350 0.000 999.99 0.259  24.586 0.000   7.879 0.000  16.707 0.000 0.110 0.000  1.436 0.000
 49.208333  50.208333   10.19 0.000  1.26 0.000 9.999 0.259  0.46 0.000 0.086 0.000  0.758 0.000  1.062 0.000 999.99 0.259   5.240 0.000   1.796 0.000   3.444 0.000 0.031 0.000  0.409 0.000
 52.208333  53.208333   38.98 0.000  3.77 0.000 9.999 0.259  1.59 0.000 0.721 0.000  1.507 0.000  2.110 0.000 999.99 0.259  15.174 0.000   3.699 0.000  11.475 0.000 0.058 0.000  1.196 0.000
 55.208333  56.208333   10.03 0.000  2.30 0.000 9.999 0.259  0.86 0.000 0.102 0.000  0.960 0.000  1.343 0.000 999.99 0.259   5.206 0.000   1.840 0.000   3.367 0.000 0.036 0.000  0.276 0.000
 58.208333  59.208333   13.96 0.000  1.51 0.000 9.999 0.259  0.96 0.000 0.115 0.000  0.990 0.000  1.386 0.000 999.99 0.259   6.352 0.000   2.704 0.000   3.647 0.000 0.037 0.000  0.369 0.000
 61.208333  62.208333   18.74 0.000  0.90 0.000 9.999 0.259  0.38 0.000 0.133 0.000  0.473 0.000  0.662 0.000 999.99 0.259   8.907 0.000   5.349 0.000   3.558 0.000 0.033 0.000  0.270 0.000
 64.208333  65.208333    6.99 0.000  1.72 0.000 9.999 0.259  0.42 0.000 0.059 0.000  0.680 0.000  0.952 0.000 999.99 0.259   2.948 0.000   0.975 0.000   1.973 0.000 0.019 0.000  0.140 0.000
 67.208333  68.208333   40.86 0.000  3.70 0.000 0.008 0.000  2.24 0.000 0.610 0.000  1.852 0.000  2.592 0.000 999.99 0.259  13.700 0.000   6.058 0.000   7.642 0.000 0.058 0.000  0.559 0.000
 70.208333  71.208333   25.90 0.000  5.55 0.000 9.999 0.259  1.56 0.000 0.213 0.000  1.491 0.000  2.087 0.000 999.99 0.259  10.192 0.000   1.953 0.000   8.239 0.000 0.039 0.000  1.183 0.000
 73.208333  74.208333   10.56 0.000  0.89 0.000 9.999 0.259 99.99 0.259 0.019 0.000  0.240 0.000  0.336 0.000 999.99 0.259   4.404 0.000   2.355 0.000   2.049 0.000 0.013 0.000  0.399 0.000
 76.208333  77.208333   15.15 0.000  2.02 0.000 9.999 0.259  0.28 0.000 0.046 0.000  0.448 0.000  0.627 0.000 999.99 0.259   4.789 0.000   1.859 0.000   2.930 0.000 0.029 0.000  0.428 0.000
 79.208333  80.208333   13.18 0.000  1.23 0.000 0.063 0.000  0.65 0.000 0.129 0.000  0.502 0.000  0.703 0.000 999.99 0.259   5.836 0.000   1.893 0.000   3.943 0.000 0.039 0.000  0.347 0.000
 82.208333  83.208333   16.38 0.000  1.08 0.000 9.999 0.259  1.07 0.000 0.049 0.000  0.805 0.000  1.127 0.000 999.99 0.259   4.415 0.000   1.502 0.000   2.912 0.000 0.031 0.000  0.239 0.000
 85.208333  86.208333   24.17 0.000  0.96 0.000 9.999 0.259  0.24 0.000 0.028 0.000  0.542 0.000  0.759 0.000 999.99 0.259   3.640 0.000   1.241 0.000   2.398 0.000 0.030 0.000  0.248 0.000
 88.208333  89.208333   67.68 0.000  3.17 0.000 9.999 0.259  1.11 0.000 0.213 0.000  1.318 0.000  1.845 0.000 999.99 0.259  12.155 0.000   4.923 0.000   7.232 0.000 0.053 0.000  0.866 0.000
 91.208333  92.208333   17.00 0.000  0.46 0.000 9.999 0.259 99.99 0.259 0.018 0.000  0.271 0.000  0.379 0.000 999.99 0.259   3.136 0.000   1.100 0.000   2.037 0.000 0.018 0.000  0.277 0.000
 94.208333  95.208333 9999.99 0.999 99.99 0.999 9.999 0.999 99.99 0.999 9.999 0.999 99.999 0.999 99.999 0.999 999.99 0.999 999.999 0.999 999.999 0.999 999.999 0.999 9.999 0.999 99.999 0.999
 97.208333  98.208333   30.33 0.000  1.62 0.000 0.015 0.000  0.64 0.000 0.210 0.000  0.958 0.000  1.341 0.000 999.99 0.259   6.557 0.000   1.505 0.000   5.052 0.000 0.038 0.000  0.621 0.000
100.208333 101.208333   64.90 0.000  3.44 0.000 9.999 0.259  1.51 0.000 0.182 0.000  1.210 0.000  1.694 0.000 999.99 0.259  10.597 0.000   4.354 0.000   6.243 0.000 0.042 0.000  0.702 0.000
103.208333 104.208333   39.88 0.000  1.94 0.000 0.017 0.000  0.69 0.000 0.183 0.000  1.207 0.000  1.690 0.000 999.99 0.259   7.798 0.000   2.331 0.000   5.467 0.000 0.029 0.000  0.667 0.000
106.208333 107.208333    9.83 0.000  0.54 0.000 9.999 0.259  0.28 0.000 0.010 0.000  0.183 0.000  0.257 0.000 999.99 0.259   1.747 0.000   0.453 0.000   1.294 0.000 0.010 0.000  0.174 0.000
109.208333 110.208333   52.05 0.000  1.18 0.000 0.021 0.000  0.36 0.000 0.028 0.000  0.906 0.000  1.269 0.000 999.99 0.259   7.179 0.000   4.196 0.000   2.983 0.000 0.036 0.000  0.220 0.000
112.208333 113.208333   17.49 0.000  1.91 0.000 0.017 0.000  0.68 0.000 0.075 0.000  0.819 0.000  1.147 0.000 999.99 0.259   5.082 0.000   1.931 0.000   3.151 0.000 0.033 0.000  0.244 0.000
115.208333 116.208333   34.37 0.000  1.17 0.000 9.999 0.259  0.56 0.000 0.046 0.559  0.502 0.000  0.703 0.000 999.99 0.259   5.001 0.000   2.460 0.000   2.541 0.000 0.023 0.000  0.215 0.559
118.208333 119.208333   22.66 0.000  0.95 0.000 0.012 0.000  0.26 0.000 0.026 0.559  0.659 0.000  0.922 0.000 999.99 0.259   4.591 0.000   2.394 0.000   2.197 0.000 0.021 0.000  0.129 0.559
121.208333 122.208333   17.19 0.000  0.93 0.000 9.999 0.259 99.99 0.259 0.020 0.000  0.375 0.000  0.524 0.000 999.99 0.259   3.144 0.000   1.485 0.000   1.659 0.000 0.016 0.000  0.152 0.000
124.208333 125.208333   61.65 0.000  1.91 0.000 9.999 0.259  0.22 0.000 0.042 0.000  1.205 0.000  1.687 0.000 999.99 0.259  11.539 0.000   5.693 0.000   5.846 0.000 0.034 0.000  0.585 0.000
127.208333 128.208333   45.84 0.000  1.87 0.000 9.999 0.259  0.42 0.000 0.045 0.559  0.974 0.000  1.363 0.000 999.99 0.259   7.925 0.000   4.027 0.000   3.898 0.000 0.036 0.000  0.281 0.559
130.208333 131.208333    7.55 0.000  0.67 0.000 9.999 0.259  0.39 0.000 0.024 0.000  0.486 0.000  0.681 0.000 999.99 0.259   4.071 0.000   0.576 0.000   3.496 0.000 0.006 0.000  0.518 0.000
133.208333 134.208333    0.23 0.000  0.20 0.000 9.999 0.259 99.99 0.259 0.004 0.000  0.118 0.000  0.165 0.000 999.99 0.259   0.703 0.000   0.279 0.000   0.424 0.000 0.003 0.000  0.028 0.000
136.208333 137.208333   27.15 0.000  2.22 0.000 9.999 0.259  0.41 0.000 0.054 0.000  1.119 0.000  1.566 0.000 999.99 0.259  13.277 0.000   3.366 0.000   9.911 0.000 0.020 0.000  1.697 0.000
139.208333 140.208333   12.48 0.000  1.57 0.000 9.999 0.259 99.99 0.259 0.058 0.000  0.619 0.000  0.867 0.000 999.99 0.259   5.949 0.000   2.170 0.000   3.779 0.000 0.015 0.000  0.539 0.000
142.208333 143.208333   12.53 0.000  0.95 0.000 9.999 0.259 99.99 0.259 0.017 0.000  0.454 0.000  0.635 0.000 999.99 0.259   5.186 0.000   2.482 0.000   2.704 0.000 0.034 0.000  0.322 0.000
145.208333 146.208333   62.72 0.000  2.13 0.000 9.999 0.259  1.07 0.000 0.114 0.000  2.425 0.000  3.395 0.000 999.99 0.259  18.974 0.000   4.554 0.000  14.419 0.000 0.052 0.000  1.818 0.000
148.208333 149.208333   62.35 0.000  5.03 0.000 9.999 0.259  0.87 0.000 0.071 0.559  3.260 0.000  4.564 0.000 999.99 0.259  22.375 0.000   3.760 0.000  18.615 0.000 0.084 0.000  2.351 0.559
151.208333 152.208333   62.86 0.000  2.09 0.000 9.999 0.259  2.33 0.000 0.089 0.559  2.180 0.000  3.052 0.000 999.99 0.259  22.295 0.000   4.244 0.000  18.051 0.000 0.033 0.000  3.017 0.559
154.208333 155.208333    1.92 0.000  0.61 0.000 0.006 0.000 99.99 0.259 0.009 0.000  0.367 0.000  0.514 0.000  10.49 0.000   2.334 0.000   1.378 0.000   0.957 0.000 0.009 0.000  0.042 0.000
157.208333 158.208333    8.08 0.000  0.81 0.000 9.999 0.259  0.52 0.000 0.013 0.000  0.522 0.000  0.730 0.000 999.99 0.259   5.779 0.000   2.130 0.000   3.648 0.000 0.010 0.000  0.500 0.000
160.208333 161.208333    3.15 0.000  0.56 0.000 9.999 0.259 99.99 0.259 0.014 0.000  0.460 0.000  0.643 0.000  11.53 0.000   5.030 0.000   3.808 0.000   1.222 0.000 0.011 0.000  0.063 0.000
163.208333 164.208333   15.00 0.000  0.79 0.000 0.005 0.000  0.32 0.000 0.017 0.559  1.595 0.000  2.233 0.000  18.42 0.000   8.519 0.000   4.866 0.000   3.654 0.000 0.026 0.000  0.113 0.559
166.208333 167.208333   28.08 0.000  1.25 0.000 9.999 0.259 99.99 0.259 0.012 0.559  1.736 0.000  2.430 0.000 999.99 0.259   8.953 0.000   3.998 0.000   4.955 0.000 0.025 0.000  0.166 0.559
169.208333 170.208333   82.06 0.000  3.62 0.000 0.142 0.000  2.11 0.000 0.086 0.000  5.910 0.000  8.274 0.000 999.99 0.259  43.580 0.000   6.046 0.000  37.534 0.000 0.067 0.000  4.751 0.000
172.208333 173.208333   85.50 0.000  3.26 0.000 9.999 0.259  2.54 0.000 0.108 0.559  3.375 0.000  4.725 0.000 999.99 0.259  28.216 0.000   4.151 0.000  24.065 0.000 0.041 0.000  3.220 0.559
175.208333 176.208333    9.18 0.000  1.13 0.000 9.999 0.259  0.25 0.000 0.051 0.559  1.365 0.000  1.910 0.000 999.99 0.259   8.842 0.000   1.905 0.000   6.937 0.000 0.035 0.000  0.890 0.559
178.208333 179.208333   12.11 0.000  0.46 0.000 0.046 0.000  0.65 0.000 0.080 0.559  0.848 0.000  1.187 0.000 999.99 0.259   8.508 0.000   3.636 0.000   4.873 0.000 0.028 0.000  0.521 0.559
181.208333 182.208333   25.79 0.000  2.36 0.000 9.999 0.259  0.34 0.000 0.036 0.559  5.479 0.000  9.861 0.000 999.99 0.259  20.166 0.000   3.566 0.000  16.600 0.000 0.126 0.000  1.045 0.559
184.208333 185.208333   42.85 0.000  6.91 0.000 9.999 0.259  1.03 0.000 0.084 0.000  4.335 0.000  7.804 0.000 999.99 0.259  22.009 0.000 999.999 0.259  22.419 0.000 0.457 0.000  2.852 0.000
187.208333 188.208333    9.70 0.000  1.65 0.000 9.999 0.259  0.29 0.000 0.014 0.559  1.317 0.000  2.370 0.000 999.99 0.259   5.835 0.000   2.431 0.000   3.403 0.000 0.026 0.000  0.106 0.559
190.208333 191.208333   38.26 0.000  2.59 0.000 9.999 0.259  1.38 0.000 0.070 0.000  3.137 0.000  5.646 0.000 999.99 0.259  22.977 0.000   3.759 0.000  19.218 0.000 0.054 0.000  2.526 0.000
193.208333 194.208333 9999.99 0.999 99.99 0.999 9.999 0.999 99.99 0.999 9.999 0.999 99.999 0.999 99.999 0.999 999.99 0.999 999.999 0.999 999.999 0.999 999.999 0.999 9.999 0.999 99.999 0.999
196.208333 197.208333 9999.99 0.999 99.99 0.999 9.999 0.999 99.99 0.999 9.999 0.999 99.999 0.999 99.999 0.999 999.99 0.999 999.999 0.999 999.999 0.999 999.999 0.999 9.999 0.999 99.999 0.999
199.208333 200.208333   25.93 0.000  1.30 0.000 9.999 0.259  0.39 0.000 0.024 0.559  2.189 0.000  3.940 0.000 999.99 0.259  10.691 0.000   3.267 0.000   7.424 0.000 0.030 0.000  0.557 0.559
202.208333 203.208333   24.61 0.000  3.50 0.000 9.999 0.259  1.21 0.000 0.057 0.000  2.076 0.000  3.737 0.000 999.99 0.259  18.950 0.000   1.761 0.000  17.189 0.000 0.041 0.000  2.964 0.000
205.208333 206.208333   42.02 0.000  3.56 0.000 0.018 0.000  1.89 0.000 0.041 0.559  2.247 0.000  4.044 0.000 999.99 0.259  20.683 0.000   4.507 0.000  16.176 0.000 0.028 0.000  2.416 0.559
208.208333 209.208333  103.10 0.000  1.86 0.000 9.999 0.259  1.26 0.000 0.041 0.559  2.062 0.000  3.711 0.000 999.99 0.259  17.662 0.000   3.128 0.000  14.534 0.000 0.054 0.000  1.951 0.559
211.208333 212.208333   25.75 0.000  1.59 0.000 9.999 0.259  0.95 0.000 0.026 0.000  2.061 0.000  3.711 0.000 999.99 0.259   9.620 0.000   4.030 0.000   5.590 0.000 0.028 0.000  0.328 0.000
214.208333 215.208333   50.50 0.000  1.63 0.000 9.999 0.259  1.04 0.000 0.027 0.559  2.253 0.000  4.056 0.000 999.99 0.259  18.612 0.000   3.782 0.000  14.830 0.000 0.044 0.000  2.104 0.559
217.208333 218.208333   11.27 0.000  2.22 0.000 9.999 0.259  0.29 0.000 0.021 0.000  1.501 0.000  2.702 0.000 999.99 0.259   6.729 0.000   2.023 0.000   4.707 0.000 0.034 0.000  0.210 0.000
220.208333 221.208333   23.97 0.000  1.41 0.000 9.999 0.259  0.39 0.000 0.023 0.000  1.158 0.000  2.083 0.000 999.99 0.259   7.228 0.000   5.013 0.000   2.215 0.000 0.020 0.000  0.138 0.000
223.208333 224.208333    7.37 0.000  1.06 0.000 9.999 0.259  0.32 0.000 0.016 0.000  0.553 0.000  0.996 0.000 999.99 0.259   3.889 0.000   2.096 0.000   1.793 0.000 0.014 0.000  0.072 0.000
226.208333 227.208333   22.23 0.000  1.39 0.000 9.999 0.259  0.57 0.000 0.052 0.000  1.849 0.000  3.328 0.000 999.99 0.259  17.962 0.000   7.958 0.000  10.003 0.000 0.026 0.000  1.201 0.000
229.208333 230.208333   38.10 0.000  1.95 0.000 9.999 0.259  1.24 0.000 0.035 0.000  1.994 0.000  3.589 0.000 999.99 0.259  23.954 0.000  15.555 0.000   8.399 0.000 0.021 0.000  0.705 0.000
232.208333 233.208333    6.41 0.000  1.22 0.000 0.009 0.000  0.12 0.000 0.011 0.000  0.882 0.000  1.588 0.000 999.99 0.259   7.943 0.000   4.273 0.000   3.671 0.000 0.020 0.000  0.375 0.000
235.208333 236.208333   21.00 0.000  1.64 0.000 9.999 0.259  0.41 0.000 0.017 0.000  1.024 0.000  1.842 0.000 999.99 0.259   7.774 0.000   3.185 0.000   4.589 0.000 0.019 0.000  0.335 0.000
238.208333 239.208333    9.41 0.000  0.80 0.000 9.999 0.259  0.14 0.000 0.022 0.000  1.079 0.000  1.941 0.000 999.99 0.259   5.823 0.000   2.879 0.000   2.944 0.000 0.031 0.000  0.104 0.000
241.208333 242.208333   10.41 0.000  1.44 0.000 9.999 0.259  0.45 0.000 0.029 0.000  0.957 0.000  1.722 0.000 999.99 0.259   7.133 0.000   2.636 0.000   4.496 0.000 0.022 0.000  0.495 0.000
244.208333 245.208333    8.36 0.000  0.30 0.000 0.036 0.000  0.55 0.000 0.072 0.559  0.719 0.000  1.294 0.000 999.99 0.259   9.388 0.000   5.343 0.000   4.045 0.000 0.028 0.000  0.234 0.559
247.208333 248.208333   17.12 0.000  1.81 0.000 9.999 0.259  0.28 0.000 0.027 0.000  0.840 0.000  1.513 0.000 999.99 0.259   7.930 0.000   3.243 0.000   4.687 0.000 0.023 0.000  0.561 0.000
250.208333 251.208333   39.96 0.000  2.59 0.000 9.999 0.259  0.72 0.000 0.059 0.000  2.918 0.000  5.253 0.000 999.99 0.259  15.134 0.000   4.316 0.000  10.819 0.000 0.044 0.000  0.850 0.000
