scripts/IMPROVE-2019_partial/data/US9015R.20090101060000.20191216000000.filterpack...52w.3d.US03L_filterpack_US9015.US03L_IMPROVE_Davis.lev2.nas
52 1001
MISSING INFORMATION
US03L, IMPROVE, , , , , , , 
MISSING INFORMATION
IMPROVE sel_HTAP
1 1
2009 01 01 2019 12 16
3.00
days from file reference point
5
1 1 1 1 1
999.99 999.999 9.999 999.999 9.999
end_time of measurement, days from the file reference point
pm10_mass, ug/m3, Matrix=pm10
numflag pm10_mass, no unit, Matrix=pm10
pm25_mass, ug/m3, Matrix=pm25
numflag pm25_mass, no unit, Matrix=pm25
0
33
Data definition:              EBAS_1.1
Set type code:                TU
Timezone:                     UTC
File name:                    US9015R.20090101060000.20191216000000.filterpack...52w.3d.US03L_filterpack_US9015.US03L_IMPROVE_Davis.lev2.nas
File creation:                20191218120612
Startdate:                    20090101060000
Revision date:                20191216000000
Version:                      2
Version description:          "Data extracted from http://views.cira.colostate.edu/fed/DataWizard 2019-12-16"
Statistics:                   arithmetic mean
Data level:                   2
Period code:                  52w
Resolution code:              3d
Sample duration:              1d
Orig. time res.:              3d
Station code:                 US9015R
Platform code:                US9015S
Station name:                 Nebraska NF
Station latitude:             41.8888
Station longitude:            -100.3387
Station altitude:             883.0 m
Regime:                       IMG
Component:                    
Unit:                         ug/m3
Matrix:                       
Laboratory code:              US03L
Instrument type:              filterpack
Instrument name:              filterpack_US9015
Method ref:                   US03L_IMPROVE_Davis
Blank correction:             Blank corrected
Volume std. temperature:      ambient
Volume std. pressure:         ambient
starttime endtime PM10 flag_PM10 PM2.5 flag_PM2.5
  0.25   1.25   5.129 0.000   1.051 0.000
  3.25   4.25   3.921 0.000   1.894 0.000
  6.25   7.25   2.547 0.000   1.053 0.000
  9.25  10.25   3.244 0.000   2.236 0.000
 12.25  13.25   5.006 0.000   2.087 0.000
 15.25  16.25   3.555 0.000   1.989 0.000
 18.25  19.25   2.581 0.000   1.043 0.000
 21.25  22.25   4.810 0.000   1.604 0.000
 24.25  25.25   9.696 0.000   2.807 0.000
 27.25  28.25   6.423 0.000   2.514 0.000
 30.25  31.25   3.667 0.000   1.454 0.000
 33.25  34.25   5.809 0.000   2.886 0.000
 36.25  37.25  10.366 0.000   2.819 0.000
 39.25  40.25   5.921 0.000   4.052 0.000
 42.25  43.25   3.007 0.000   1.471 0.000
 45.25  46.25   8.676 0.000   6.699 0.000
 48.25  49.25 999.999 0.456   5.441 0.000
 51.25  52.25   3.347 0.000   1.859 0.000
 54.25  55.25   9.379 0.000   3.637 0.000
 57.25  58.25   9.577 0.000   3.372 0.000
 60.25  61.25  13.554 0.000   7.375 0.000
 63.25  64.25  47.729 0.000   8.907 0.000
 66.25  67.25   5.073 0.000   3.428 0.000
 69.25  70.25   5.767 0.000   5.751 0.000
 72.25  73.25  10.455 0.000   3.857 0.000
 75.25  76.25   9.307 0.000   3.574 0.000
 78.25  79.25  21.264 0.000  10.954 0.000
 81.25  82.25  21.197 0.000   5.275 0.000
 84.25  85.25   4.257 0.000   2.670 0.000
 87.25  88.25  11.858 0.000   3.292 0.000
 90.25  91.25   3.927 0.000   2.310 0.000
 93.25  94.25  11.747 0.000   6.891 0.000
 96.25  97.25   4.351 0.000   3.279 0.000
 99.25 100.25   4.948 0.000   2.926 0.000
102.25 103.25   7.332 0.000   5.079 0.000
105.25 106.25  20.524 0.000  17.008 0.000
108.25 109.25   3.609 0.000   2.225 0.000
111.25 112.25   6.059 0.000   2.408 0.000
114.25 115.25   3.913 0.000   2.521 0.000
117.25 118.25   8.215 0.000   3.796 0.000
120.25 121.25   2.274 0.000   1.672 0.000
123.25 124.25   4.553 0.000   3.100 0.000
126.25 127.25   4.170 0.000   2.292 0.000
129.25 130.25   3.350 0.000   1.968 0.000
132.25 133.25  11.406 0.000   3.924 0.000
135.25 136.25   5.691 0.000   4.193 0.000
138.25 139.25  25.003 0.000   6.442 0.000
141.25 142.25  14.476 0.000   6.720 0.000
144.25 145.25   9.006 0.000   7.069 0.000
147.25 148.25   7.285 0.000   3.728 0.000
150.25 151.25  10.800 0.000   3.643 0.000
153.25 154.25  12.836 0.000   5.278 0.000
156.25 157.25   7.335 0.000   3.966 0.000
159.25 160.25   3.555 0.000   2.071 0.000
162.25 163.25   3.506 0.000   1.961 0.000
165.25 166.25   8.275 0.000   5.311 0.000
168.25 169.25   6.717 0.000   3.467 0.000
171.25 172.25   4.930 0.000   3.036 0.000
174.25 175.25   9.652 0.000   4.764 0.000
177.25 178.25   8.811 0.000   5.147 0.000
180.25 181.25   7.084 0.000   3.099 0.000
183.25 184.25  13.034 0.000   7.888 0.000
186.25 187.25   8.659 0.000   3.519 0.000
189.25 190.25  16.035 0.000   6.269 0.000
192.25 193.25  10.963 0.000   5.766 0.000
195.25 196.25  13.196 0.000   2.740 0.000
198.25 199.25  14.517 0.000   2.938 0.000
201.25 202.25  11.209 0.000   2.343 0.000
204.25 205.25  12.463 0.000   4.489 0.000
207.25 208.25  12.146 0.000   6.698 0.000
210.25 211.25   8.232 0.000   4.971 0.000
213.25 214.25   8.946 0.000   5.412 0.000
216.25 217.25 999.999 0.999 999.999 0.999
219.25 220.25 999.999 0.999 999.999 0.999
222.25 223.25 999.999 0.999 999.999 0.999
225.25 226.25 999.999 0.456   8.468 0.000
228.25 229.25 999.999 0.456   2.485 0.000
231.25 232.25   4.962 0.000   1.924 0.000
234.25 235.25  13.107 0.000   5.193 0.000
237.25 238.25   8.050 0.000   5.735 0.000
240.25 241.25  13.001 0.000   7.982 0.000
243.25 244.25  16.416 0.000   5.923 0.000
246.25 247.25  14.297 0.000  11.268 0.000
249.25 250.25  16.920 0.000  10.527 0.000
252.25 253.25   9.809 0.000   6.578 0.000
255.25 256.25  16.166 0.000  12.775 0.000
258.25 259.25  17.021 0.000   9.905 0.000
261.25 262.25  18.924 0.000   7.341 0.000
264.25 265.25   4.148 0.000   1.993 0.000
267.25 268.25   3.459 0.000   2.192 0.000
270.25 271.25   5.705 0.000   1.200 0.000
273.25 274.25 999.999 0.999 999.999 0.999
276.25 277.25   4.692 0.000   3.065 0.000
279.25 280.25 999.999 0.999 999.999 0.999
282.25 283.25   2.867 0.000   0.981 0.000
285.25 286.25   3.964 0.000   3.389 0.000
288.25 289.25   3.214 0.000   2.555 0.000
291.25 292.25   5.216 0.000   2.347 0.000
294.25 295.25   1.399 0.000   0.929 0.000
297.25 298.25   2.561 0.000   2.119 0.000
300.25 301.25   5.737 0.000   3.717 0.000
303.25 304.25   2.421 0.000   1.354 0.000
306.25 307.25   3.724 0.000   2.237 0.000
309.25 310.25   8.734 0.000   3.440 0.000
312.25 313.25   5.622 0.000   1.591 0.000
315.25 316.25  10.274 0.000   6.719 0.000
318.25 319.25   6.269 0.000   2.214 0.000
321.25 322.25   9.332 0.000   5.207 0.000
324.25 325.25  11.691 0.000   6.933 0.000
327.25 328.25   3.227 0.000   1.053 0.000
330.25 331.25   2.481 0.000   0.990 0.000
333.25 334.25   3.123 0.000   1.180 0.000
336.25 337.25   4.506 0.000   2.698 0.000
339.25 340.25  17.274 0.000   4.306 0.000
342.25 343.25   8.783 0.000   5.668 0.000
345.25 346.25  10.073 0.000   6.444 0.000
348.25 349.25  11.218 0.000   7.985 0.000
351.25 352.25   3.478 0.000 999.999 0.456
354.25 355.25   4.498 0.000   2.901 0.000
357.25 358.25  10.120 0.000   2.002 0.000
360.25 361.25  12.387 0.000   1.587 0.000
363.25 364.25   7.981 0.000   5.324 0.000
