scripts/IMPROVE-2019_partial/data/US9034R.19930102060000.20191216000000.filterpack...1y.3d.US03L_filterpack_US9034.US03L_IMPROVE_Davis.lev2.nas
51 1001
MISSING INFORMATION
US03L, IMPROVE, , , , , , , 
MISSING INFORMATION
IMPROVE sel_HTAP
1 1
1993 01 01 2019 12 16
0
days from file reference point
4
1 1 1 1
999.99 999.999 999.999 9.999
end_time of measurement, days from the file reference point
pm10_mass, ug/m3, Matrix=pm10
pm25_mass, ug/m3, Matrix=pm25
numflag, no unit
0
33
Data definition:              EBAS_1.1
Set type code:                TI
Timezone:                     UTC
File name:                    US9034R.19930102060000.20191216000000.filterpack...1y.3d.US03L_filterpack_US9034.US03L_IMPROVE_Davis.lev2.nas
File creation:                20191218120732
Startdate:                    19930102060000
Revision date:                20191216000000
Version:                      2
Version description:          "Data extracted from http://views.cira.colostate.edu/fed/DataWizard 2019-12-16"
Statistics:                   arithmetic mean
Data level:                   2
Period code:                  1y
Resolution code:              3d
Sample duration:              1d
Orig. time res.:              3d
Station code:                 US9034R
Platform code:                US9034S
Station name:                 Upper Buffalo Wilderness
Station latitude:             35.8258
Station longitude:            -93.203
Station altitude:             722.0 m
Regime:                       IMG
Component:                    
Unit:                         ug/m3
Matrix:                       
Laboratory code:              US03L
Instrument type:              filterpack
Instrument name:              filterpack_US9034
Method ref:                   US03L_IMPROVE_Davis
Blank correction:             Blank corrected
Volume std. temperature:      ambient
Volume std. pressure:         ambient
starttime endtime PM10 PM2.5 flag
  1.25   2.25  10.776   5.741 0.000
  5.25   6.25  17.107   2.857 0.000
  8.25   9.25   9.504   6.006 0.000
 12.25  13.25  17.458  14.159 0.000
 15.25  16.25  19.750  15.223 0.000
 19.25  20.25   3.351   2.944 0.000
 22.25  23.25   9.793   7.115 0.000
 26.25  27.25  13.398   7.623 0.000
 29.25  30.25  12.070   6.698 0.000
 33.25  34.25  14.077   8.418 0.000
 36.25  37.25  21.692  16.863 0.000
 40.25  41.25  22.869  17.460 0.000
 43.25  44.25  11.275   7.697 0.000
 47.25  48.25  15.961  12.193 0.000
 50.25  51.25  15.190   9.745 0.000
 54.25  55.25   8.571   4.416 0.000
 57.25  58.25  22.879  17.451 0.000
 61.25  62.25   8.057   5.188 0.000
 64.25  65.25  10.526   5.594 0.000
 68.25  69.25   8.333   3.892 0.000
 71.25  72.25  12.358   5.719 0.000
 75.25  76.25  13.780   6.887 0.000
 78.25  79.25  13.699   7.256 0.000
 82.25  83.25  10.913 999.999 0.000
 85.25  86.25  27.302  21.677 0.000
 89.25  90.25   8.992   5.325 0.000
 92.25  93.25  17.674  12.384 0.000
 96.25  97.25  13.030  10.813 0.000
 99.25 100.25  15.455   7.055 0.000
103.25 104.25  11.188   6.954 0.000
106.25 107.25  10.778   5.908 0.000
110.25 111.25  10.938   5.640 0.000
113.25 114.25  24.062  12.800 0.000
117.25 118.25  23.820  16.463 0.000
120.25 121.25  11.787   7.927 0.000
124.25 125.25  14.402   8.851 0.000
127.25 128.25  22.969  12.928 0.000
131.25 132.25   9.321   5.076 0.000
134.25 135.25  19.094   8.344 0.000
138.25 139.25  14.538   6.718 0.000
141.25 142.25  21.385  12.219 0.000
145.25 146.25   9.354   5.671 0.000
148.25 149.25  25.779  19.784 0.000
152.25 153.25  17.926  12.635 0.000
155.25 156.25  12.407   8.012 0.000
159.25 160.25  22.030  13.202 0.000
162.25 163.25  14.096   7.976 0.000
166.25 167.25  27.106  17.462 0.000
169.25 170.25  18.425  11.254 0.000
173.25 174.25   9.319   6.727 0.000
176.25 177.25   8.280   6.000 0.000
180.25 181.25  57.912  21.605 0.000
183.25 184.25  45.502  27.013 0.000
187.25 188.25  25.271  14.729 0.000
190.25 191.25  72.390  36.338 0.000
194.25 195.25  40.688  21.262 0.000
197.25 198.25  27.246  15.438 0.000
201.25 202.25  21.697  16.424 0.000
204.25 205.25  38.007  21.156 0.000
208.25 209.25  42.127  25.552 0.000
211.25 212.25  30.299  20.277 0.000
215.25 216.25  11.231   6.871 0.000
218.25 219.25  13.674  11.327 0.000
222.25 223.25  29.963  20.537 0.000
225.25 226.25  29.154  17.620 0.000
229.25 230.25  28.375  20.392 0.000
232.25 233.25  30.551  21.555 0.000
236.25 237.25  36.703  20.525 0.000
239.25 240.25  40.217  27.654 0.000
243.25 244.25  17.656   9.417 0.000
246.25 247.25  16.543   5.579 0.000
250.25 251.25  19.662  11.698 0.000
253.25 254.25  12.970   5.401 0.000
257.25 258.25   6.792   3.021 0.000
260.25 261.25  25.472  15.736 0.000
264.25 265.25  26.523  17.850 0.000
267.25 268.25  14.141   4.025 0.000
271.25 272.25  10.312   3.385 0.000
274.25 275.25  12.421   5.155 0.000
278.25 279.25  23.938  12.609 0.000
281.25 282.25   7.104   2.640 0.000
285.25 286.25  12.720   7.178 0.000
288.25 289.25  15.939  12.755 0.000
292.25 293.25   5.179   2.484 0.000
295.25 296.25  10.000   5.031 0.000
299.25 300.25  17.284   7.704 0.000
302.25 303.25  16.527   4.434 0.000
306.25 307.25  12.263   8.962 0.000
309.25 310.25  11.674   5.912 0.000
313.25 314.25  19.286  12.954 0.000
316.25 317.25  12.520   6.873 0.000
320.25 321.25   6.825   4.906 0.000
323.25 324.25   6.349   2.862 0.000
327.25 328.25  11.581   9.019 0.000
330.25 331.25  11.225   5.348 0.000
334.25 335.25  24.440  14.322 0.000
337.25 338.25   8.600   4.921 0.000
341.25 342.25  11.250   5.601 0.000
344.25 345.25  11.000   5.127 0.000
348.25 349.25  10.285   7.911 0.000
351.25 352.25  11.545   5.943 0.000
355.25 356.25  10.000   4.984 0.000
358.25 359.25   6.179   2.257 0.000
362.25 363.25  16.598   9.936 0.000
