scripts/IMPROVE-2019_partial/data/US9053R.20060102060000.20191216000000.filterpack..pm25.52w.1w.US03L_filterpack_US9053.US03L_IMPROVE_Davis.lev2.nas
66 1001
MISSING INFORMATION
US03L, IMPROVE, , , , , , , 
MISSING INFORMATION
IMPROVE sel_HTAP
1 1
2006 01 01 2019 12 16
3.00
days from file reference point
27
1 1 1 1 1 1 1 1 1 1 1 1 1 1 1 1 1 1 1 1 1 1 1 1 1 1 1
999.99 9999.99 9.999 99.99 9.999 9.999 9.999 9.99 9.999 99.999 9.999 99.999 9.999 99.999 9.999 9999.99 9.999 999.999 9.999 999.999 9.999 999.999 9.999 9.999 9.999 99.999 9.999
end_time of measurement, days from the file reference point
iron, ng/m3, Revision date=20181210133000
numflag iron, no unit, Revision date=20181210133000
lead, ng/m3, Revision date=20181210133000
numflag lead, no unit, Revision date=20181210133000
magnesium, ug/m3, Revision date=20181210133000
numflag magnesium, no unit, Revision date=20181210133000
nickel, ng/m3, Revision date=20181210133000
numflag nickel, no unit, Revision date=20181210133000
nitrate, ug N/m3, Revision date=20181210133000
numflag nitrate, no unit, Revision date=20181210133000
organic_carbon, ug C/m3, Revision date=20181210133000
numflag organic_carbon, no unit, Revision date=20181210133000
organic_mass, ug/m3, Revision date=20181210133000
numflag organic_mass, no unit, Revision date=20181210133000
phosphorus, ng/m3, Revision date=20181210133000
numflag phosphorus, no unit, Revision date=20181210133000
pm10_mass, ug/m3, Version=2, Version description=Data extracted from http://views.cira.colostate.edu/fed/DataWizard 2019-12-16, Sample duration=1d, Orig. time res.=3d, Matrix=pm10, Blank correction=Blank corrected, Volume std. temperature=ambient, Volume std. pressure=ambient
numflag pm10_mass, no unit, Version=2, Version description=Data extracted from http://views.cira.colostate.edu/fed/DataWizard 2019-12-16, Sample duration=1d, Orig. time res.=3d, Matrix=pm10, Blank correction=Blank corrected, Volume std. temperature=ambient, Volume std. pressure=ambient
pm10_pm25_mass, ug/m3, Revision date=20181210133000, Matrix=pm10_pm25
numflag pm10_pm25_mass, no unit, Revision date=20181210133000, Matrix=pm10_pm25
pm25_mass, ug/m3, Version=2, Version description=Data extracted from http://views.cira.colostate.edu/fed/DataWizard 2019-12-16, Sample duration=1d, Orig. time res.=3d, Blank correction=Blank corrected, Volume std. temperature=ambient, Volume std. pressure=ambient
numflag pm25_mass, no unit, Version=2, Version description=Data extracted from http://views.cira.colostate.edu/fed/DataWizard 2019-12-16, Sample duration=1d, Orig. time res.=3d, Blank correction=Blank corrected, Volume std. temperature=ambient, Volume std. pressure=ambient
potassium, ug/m3, Revision date=20181210133000
numflag potassium, no unit, Revision date=20181210133000
sulphate_total, ug S/m3, Revision date=20181210133000
numflag sulphate_total, no unit, Revision date=20181210133000
0
25
Data definition:              EBAS_1.1
Set type code:                TU
Timezone:                     UTC
File name:                    US9053R.20060102060000.20191216000000.filterpack..pm25.52w.1w.US03L_filterpack_US9053.US03L_IMPROVE_Davis.lev2.nas
File creation:                20191218120907
Startdate:                    20060102060000
Revision date:                20191216000000
Statistics:                   arithmetic mean
Data level:                   2
Period code:                  52w
Resolution code:              1w
Station code:                 US9053R
Platform code:                US9053S
Station name:                 Viking Lake
Station latitude:             40.969
Station longitude:            -95.045
Station altitude:             371.0 m
Regime:                       IMG
Component:                    
Matrix:                       pm25
Laboratory code:              US03L
Instrument type:              filterpack
Instrument name:              filterpack_US9053
Method ref:                   US03L_IMPROVE_Davis
starttime endtime Fe flag_Fe Pb flag_Pb Mg++ flag_Mg++ Ni flag_Ni NO3- flag_NO3- OC flag_OC OM flag_OM P flag_P PM10 flag_PM10 PM10-PM2.5 flag_PM10-PM2.5 PM2.5 flag_PM2.5 K+ flag_K+ SO4-- flag_SO4--
[from data line 88]
265.25 266.25    7.24 0.000  1.10 0.000 9.999 0.259 9.99 0.259  0.033 0.000  0.447 0.000  0.804 0.000 9999.99 0.259   4.219 0.000   2.543 0.000   1.675 0.000 0.007 0.000  0.161 0.000
268.25 269.25   39.28 0.000  2.60 0.000 9.999 0.259 0.10 0.000  0.052 0.559  0.827 0.000  1.489 0.000 9999.99 0.259  17.466 0.000  13.355 0.000   4.111 0.000 0.019 0.000  0.283 0.559
271.25 272.25   59.26 0.000  2.36 0.000 9.999 0.259 9.99 0.259  0.029 0.000  0.663 0.000  1.194 0.000 9999.99 0.259  19.093 0.000  15.551 0.000   3.542 0.000 0.024 0.000  0.237 0.000
274.25 275.25   53.49 0.000  1.24 0.000 0.027 0.000 0.16 0.000  0.062 0.000  1.325 0.000  2.386 0.000 9999.99 0.259  29.854 0.000  21.528 0.000   8.326 0.000 0.044 0.000  0.898 0.000
277.25 278.25   43.89 0.000  0.69 0.000 0.039 0.000 9.99 0.259  0.053 0.559  0.968 0.000  1.743 0.000   49.85 0.000  30.264 0.000  25.718 0.000   4.546 0.000 0.032 0.000  0.263 0.559
280.25 281.25   70.27 0.000  2.08 0.000 0.036 0.000 9.99 0.259  0.053 0.000  1.491 0.000  2.683 0.000 9999.99 0.259  30.985 0.000  23.810 0.000   7.175 0.000 0.054 0.000  0.500 0.000
283.25 284.25   11.97 0.000  1.44 0.000 9.999 0.259 0.11 0.000  0.278 0.000  0.310 0.000  0.558 0.000 9999.99 0.259   7.949 0.000   4.820 0.000   3.130 0.000 0.010 0.000  0.240 0.000
286.25 287.25   66.94 0.000  4.87 0.000 9.999 0.259 9.99 0.259  0.079 0.000  0.705 0.000  1.268 0.000   28.08 0.000  21.480 0.000  17.748 0.000   3.732 0.000 0.056 0.000  0.138 0.000
289.25 290.25   11.02 0.000  0.88 0.000 0.015 0.000 9.99 0.259  0.455 0.000  0.771 0.000  1.387 0.000 9999.99 0.259  11.664 0.000   4.045 0.000   7.619 0.000 0.018 0.000  0.853 0.000
292.25 293.25   22.99 0.000  1.81 0.000 9.999 0.259 9.99 0.259  0.281 0.000  0.679 0.000  1.222 0.000 9999.99 0.259  10.948 0.000   6.406 0.000   4.543 0.000 0.030 0.000  0.366 0.000
295.25 296.25   17.71 0.000  1.84 0.000 9.999 0.259 9.99 0.259  0.223 0.000  0.376 0.000  0.677 0.000 9999.99 0.259   8.024 0.000   3.506 0.000   4.518 0.000 0.023 0.000  0.557 0.000
298.25 299.25    7.68 0.000  0.98 0.000 9.999 0.259 9.99 0.259  0.520 0.000  0.449 0.000  0.807 0.000 9999.99 0.259   8.609 0.000   2.045 0.000   6.565 0.000 0.014 0.000  0.582 0.000
301.25 302.25   88.60 0.000  4.48 0.000 9.999 0.259 9.99 0.259  0.128 0.000  1.234 0.559  2.221 0.559 9999.99 0.259  13.669 0.000   8.806 0.000   4.863 0.000 0.047 0.000  0.223 0.000
304.25 305.25   38.21 0.000  0.77 0.000 9.999 0.259 9.99 0.259  0.149 0.000  0.576 0.559  1.036 0.559 9999.99 0.259  23.023 0.000  18.881 0.000   4.142 0.000 0.029 0.000  0.216 0.000
307.25 308.25  100.05 0.000  2.39 0.000 9.999 0.259 0.07 0.000  0.211 0.000  1.729 0.559  3.112 0.559 9999.99 0.259  29.426 0.000  22.024 0.000   7.402 0.000 0.054 0.000  0.359 0.000
310.25 311.25   47.16 0.000  1.34 0.000 9.999 0.259 9.99 0.259  0.303 0.000  0.739 0.559  1.330 0.559 9999.99 0.259  16.989 0.000  12.192 0.000   4.798 0.000 0.026 0.000  0.398 0.000
313.25 314.25   16.06 0.000  1.18 0.000 9.999 0.259 9.99 0.259  0.266 0.000  0.501 0.000  0.902 0.000 9999.99 0.259  12.895 0.000   8.015 0.000   4.879 0.000 0.023 0.000  0.407 0.000
316.25 317.25   37.87 0.000  1.82 0.000 9.999 0.259 9.99 0.259  0.443 0.000  0.834 0.559  1.501 0.559 9999.99 0.259   7.902 0.000   2.734 0.000   5.167 0.000 0.029 0.000  0.294 0.000
319.25 320.25   24.63 0.000  1.72 0.000 9.999 0.259 9.99 0.259  1.226 0.000  0.962 0.559  1.732 0.559 9999.99 0.259  23.912 0.000   6.057 0.000  17.855 0.000 0.055 0.000  1.885 0.000
322.25 323.25   47.97 0.000  6.08 0.000 9.999 0.259 0.08 0.000  1.023 0.000  2.039 0.559  3.670 0.559 9999.99 0.259  23.816 0.000  10.952 0.000  12.864 0.000 0.084 0.000  0.654 0.000
325.25 326.25  119.42 0.000  3.73 0.000 9.999 0.259 0.45 0.000  0.913 0.000  2.308 0.000  4.154 0.000 9999.99 0.259  44.195 0.000  29.336 0.000  14.859 0.000 0.120 0.000  0.743 0.000
328.25 329.25   78.75 0.000  5.55 0.000 9.999 0.259 0.12 0.000  1.690 0.000  2.360 0.000  4.247 0.000   50.73 0.000  43.093 0.000  23.682 0.000  19.410 0.000 0.121 0.000  0.637 0.000
331.25 332.25   19.81 0.000  2.29 0.000 9.999 0.259 0.21 0.000  0.473 0.000  0.923 0.000  1.661 0.000 9999.99 0.259  11.228 0.000   3.050 0.000   8.178 0.000 0.034 0.000  0.982 0.000
334.25 335.25   44.92 0.000  1.30 0.000 0.012 0.000 0.15 0.000  0.754 0.000  0.736 0.000  1.324 0.000   23.94 0.000  21.364 0.000  13.376 0.000   7.988 0.000 0.038 0.000  0.219 0.000
337.25 338.25   36.72 0.000  0.99 0.000 9.999 0.259 9.99 0.259  0.288 0.000  0.628 0.000  1.130 0.000 9999.99 0.259  19.747 0.000  14.565 0.000   5.182 0.000 0.031 0.000  0.313 0.000
340.25 341.25   40.59 0.000  0.98 0.000 0.015 0.000 0.11 0.000  0.135 0.000  0.279 0.000  0.501 0.000 9999.99 0.259  19.875 0.000  16.273 0.000   3.602 0.000 0.029 0.000  0.202 0.000
343.25 344.25   40.80 0.000  1.61 0.000 9.999 0.259 0.13 0.000  0.525 0.000  2.218 0.000  3.992 0.000 9999.99 0.259  18.288 0.000   9.124 0.000   9.164 0.000 0.087 0.000  0.343 0.000
346.25 347.25   44.28 0.000  2.14 0.000 9.999 0.259 0.09 0.000  0.499 0.000  0.713 0.559  1.284 0.559 9999.99 0.259  11.751 0.000   5.836 0.000   5.915 0.000 0.034 0.000  0.298 0.000
349.25 350.25   55.81 0.000  3.03 0.000 9.999 0.259 0.27 0.000  1.211 0.000  1.413 0.000  2.544 0.000 9999.99 0.259  21.640 0.000   6.904 0.000  14.736 0.000 0.051 0.000  1.231 0.000
352.25 353.25   69.07 0.000  0.87 0.000 9.999 0.259 9.99 0.259  0.244 0.000  0.885 0.000  1.594 0.000   27.13 0.000  18.875 0.000  14.332 0.000   4.543 0.000 0.033 0.000  0.077 0.000
355.25 356.25   11.51 0.000  1.05 0.000 9.999 0.259 0.14 0.000  0.852 0.000  0.431 0.000  0.777 0.000 9999.99 0.259  10.012 0.000   1.571 0.000   8.441 0.000 0.017 0.000  0.651 0.000
358.25 359.25   14.15 0.000  0.30 0.000 9.999 0.259 9.99 0.259  0.298 0.000  0.411 0.000  0.739 0.000 9999.99 0.259   9.203 0.000   5.275 0.000   3.928 0.000 0.022 0.000  0.244 0.000
361.25 362.25   69.65 0.000  1.35 0.000 9.999 0.259 0.16 0.000  0.403 0.000  1.349 0.000  2.428 0.000 9999.99 0.259  12.654 0.000   5.514 0.000   7.140 0.000 0.044 0.000  0.242 0.000
364.25 365.25    8.15 0.000  1.43 0.000 9.999 0.259 0.12 0.000  0.260 0.000  0.349 0.000  0.627 0.000 9999.99 0.259   7.325 0.000   1.858 0.000   5.467 0.000 0.014 0.000  0.713 0.000
