scripts/IMPROVE-2019_partial/data/US9075R.20020102070000.20191216000000.filterpack..pm25.52w.1w.US03L_filterpack_US9075.US03L_IMPROVE_Davis.lev2.nas
66 1001
MISSING INFORMATION
US03L, IMPROVE, , , , , , , 
MISSING INFORMATION
IMPROVE sel_HTAP
1 1
2002 01 01 2019 12 16
3.000000
days from file reference point
27
1 1 1 1 1 1 1 1 1 1 1 1 1 1 1 1 1 1 1 1 1 1 1 1 1 1 1
999.999999 9999.99 9.999999 99.99 9.999999 9.999 9.999999999 9.99 9.999999 9.999 9.999999 99.999 9.999 99.999 9.999 999.99 9.999999999 999.999 9.999 999.999 9.999 999.999 9.999 9.999 9.999999 9.999 9.999999
end_time of measurement, days from the file reference point
iron, ng/m3, Revision date=20181210133000
numflag iron, no unit, Revision date=20181210133000
lead, ng/m3, Revision date=20181210133000
numflag lead, no unit, Revision date=20181210133000
magnesium, ug/m3, Revision date=20181210133000
numflag magnesium, no unit, Revision date=20181210133000
nickel, ng/m3, Revision date=20181210133000
numflag nickel, no unit, Revision date=20181210133000
nitrate, ug N/m3, Revision date=20181210133000
numflag nitrate, no unit, Revision date=20181210133000
organic_carbon, ug C/m3, Revision date=20181210133000
numflag organic_carbon, no unit, Revision date=20181210133000
organic_mass, ug/m3, Revision date=20181210133000
numflag organic_mass, no unit, Revision date=20181210133000
phosphorus, ng/m3, Revision date=20181210133000
numflag phosphorus, no unit, Revision date=20181210133000
pm10_mass, ug/m3, Version=2, Version description=Data extracted from http://views.cira.colostate.edu/fed/DataWizard 2019-12-16, Sample duration=1d, Orig. time res.=3d, Matrix=pm10, Blank correction=Blank corrected, Volume std. temperature=ambient, Volume std. pressure=ambient
numflag pm10_mass, no unit, Version=2, Version description=Data extracted from http://views.cira.colostate.edu/fed/DataWizard 2019-12-16, Sample duration=1d, Orig. time res.=3d, Matrix=pm10, Blank correction=Blank corrected, Volume std. temperature=ambient, Volume std. pressure=ambient
pm10_pm25_mass, ug/m3, Revision date=20181210133000, Matrix=pm10_pm25
numflag pm10_pm25_mass, no unit, Revision date=20181210133000, Matrix=pm10_pm25
pm25_mass, ug/m3, Version=2, Version description=Data extracted from http://views.cira.colostate.edu/fed/DataWizard 2019-12-16, Sample duration=1d, Orig. time res.=3d, Blank correction=Blank corrected, Volume std. temperature=ambient, Volume std. pressure=ambient
numflag pm25_mass, no unit, Version=2, Version description=Data extracted from http://views.cira.colostate.edu/fed/DataWizard 2019-12-16, Sample duration=1d, Orig. time res.=3d, Blank correction=Blank corrected, Volume std. temperature=ambient, Volume std. pressure=ambient
potassium, ug/m3, Revision date=20181210133000
numflag potassium, no unit, Revision date=20181210133000
sulphate_total, ug S/m3, Revision date=20181210133000
numflag sulphate_total, no unit, Revision date=20181210133000
0
25
Data definition:              EBAS_1.1
Set type code:                TU
Timezone:                     UTC
File name:                    US9075R.20020102070000.20191216000000.filterpack..pm25.52w.1w.US03L_filterpack_US9075.US03L_IMPROVE_Davis.lev2.nas
File creation:                20191218121040
Startdate:                    20020102070000
Revision date:                20191216000000
Statistics:                   arithmetic mean
Data level:                   2
Period code:                  52w
Resolution code:              1w
Station code:                 US9075R
Platform code:                US9075S
Station name:                 Zion
Station latitude:             37.4591
Station longitude:            -113.2243
Station altitude:             1545.0 m
Regime:                       IMG
Component:                    
Matrix:                       pm25
Laboratory code:              US03L
Instrument type:              filterpack
Instrument name:              filterpack_US9075
Method ref:                   US03L_IMPROVE_Davis
starttime endtime Fe flag_Fe Pb flag_Pb Mg++ flag_Mg++ Ni flag_Ni NO3- flag_NO3- OC flag_OC OM flag_OM P flag_P PM10 flag_PM10 PM10-PM2.5 flag_PM10-PM2.5 PM2.5 flag_PM2.5 K+ flag_K+ SO4-- flag_SO4--
[from data line 74]
223.291667 224.291667   48.09 0.699000  0.31 0.699000 9.999 0.699259000 0.05 0.699000 0.039 0.000000  2.397 0.000  3.355 0.000 999.99 0.699259000  11.588 0.000   4.748 0.000   6.840 0.699 0.064 0.699000 0.231 0.000000
226.291667 227.291667   84.84 0.559000  0.33 0.559000 9.999 0.559259000 0.10 0.559000 0.047 0.000000  1.900 0.000  2.660 0.000 999.99 0.559259000  14.093 0.000   6.982 0.000   7.111 0.559 0.077 0.559000 0.225 0.000000
229.291667 230.291667   87.24 0.699000  0.67 0.699000 0.032 0.699000000 0.15 0.699000 0.111 0.000000  3.057 0.000  4.280 0.000 999.99 0.699259000  19.015 0.000   7.721 0.000  11.294 0.699 0.104 0.699000 0.577 0.000000
232.291667 233.291667  102.49 0.559000  0.53 0.559000 0.058 0.559000000 0.12 0.559000 0.087 0.000000  1.371 0.000  1.920 0.000 999.99 0.559259000  25.518 0.000  17.370 0.000   8.148 0.559 0.105 0.559000 0.296 0.000000
235.291667 236.291667   31.64 0.559000  0.41 0.559000 9.999 0.559259000 0.11 0.559000 0.029 0.000000  0.425 0.000  0.595 0.000 999.99 0.559259000   8.177 0.000   5.021 0.000   3.157 0.559 0.025 0.559000 0.208 0.000000
238.291667 239.291667   64.69 0.559394  0.52 0.559394 9.999 0.559394259 0.35 0.559394 0.037 0.559394  1.512 0.000  2.117 0.000 999.99 0.559394259  13.725 0.000   7.976 0.000   5.749 0.559 0.054 0.559394 0.176 0.559394
241.291667 242.291667   51.06 0.000000  0.64 0.000000 9.999 0.259000000 0.53 0.000000 0.053 0.000000  0.838 0.000  1.173 0.000 999.99 0.259000000  11.452 0.000   6.617 0.000   4.835 0.000 0.064 0.000000 0.276 0.000000
244.291667 245.291667   37.15 0.559000  0.61 0.559000 9.999 0.559259000 0.19 0.559000 0.027 0.000000  0.850 0.000  1.190 0.000 999.99 0.559259000   8.317 0.000   3.381 0.000   4.936 0.559 0.029 0.559000 0.475 0.000000
247.291667 248.291667   56.30 0.456000  0.79 0.456000 0.041 0.456000000 0.54 0.456000 0.032 0.000000  1.475 0.000  2.065 0.000 999.99 0.456259000  13.077 0.000 999.999 0.999 999.999 0.456 0.065 0.456000 0.475 0.000000
250.291667 251.291667   24.03 0.000000  0.45 0.000000 9.999 0.259000000 0.41 0.000000 0.046 0.000000  0.554 0.000  0.776 0.000 999.99 0.259000000   4.792 0.000   1.880 0.000   2.912 0.000 0.020 0.000000 0.277 0.000000
253.291667 254.291667   20.02 0.000000  0.36 0.000000 9.999 0.259000000 0.59 0.000000 0.021 0.000000  0.479 0.000  0.670 0.000   8.01 0.000000000   2.965 0.000   1.003 0.000   1.962 0.000 0.016 0.000000 0.105 0.000000
256.291667 257.291667   19.25 0.559000  0.87 0.559000 9.999 0.559259000 0.32 0.559000 0.018 0.000000  1.010 0.000  1.414 0.000 999.99 0.559259000   5.451 0.000   2.012 0.000   3.439 0.559 0.017 0.559000 0.262 0.000000
259.291667 260.291667   61.60 0.559000  0.79 0.559000 0.020 0.559000000 0.83 0.559000 0.035 0.000000  0.637 0.000  0.892 0.000 999.99 0.559259000   8.413 0.000   4.048 0.000   4.365 0.559 0.040 0.559000 0.242 0.000000
262.291667 263.291667   29.47 0.559000  0.38 0.559000 0.018 0.559000000 0.26 0.559000 0.011 0.000000  0.328 0.000  0.459 0.000 999.99 0.559259000   3.980 0.000   1.958 0.000   2.021 0.559 0.024 0.559000 0.086 0.000000
265.291667 266.291667   45.96 0.559000  0.64 0.559000 0.019 0.559000000 9.99 0.559259 0.014 0.000000  0.615 0.000  0.861 0.000 999.99 0.559259000   5.889 0.000   3.215 0.000   2.673 0.559 0.033 0.559000 0.112 0.000000
268.291667 269.291667   66.12 0.559000  0.78 0.559000 9.999 0.559259000 0.89 0.559000 0.025 0.000000  1.002 0.000  1.403 0.000 999.99 0.559259000   8.488 0.000   3.695 0.000   4.793 0.559 0.065 0.559000 0.117 0.000000
271.291667 272.291667   69.32 0.559000  0.38 0.559000 9.999 0.559259000 0.10 0.559000 0.035 0.000000  0.470 0.000  0.658 0.000 999.99 0.559259000   7.639 0.000   4.479 0.000   3.160 0.559 0.045 0.559000 0.202 0.000000
274.291667 275.291667   22.02 0.000000  0.27 0.000000 0.017 0.000000000 0.28 0.000000 0.054 0.000000  0.514 0.000  0.720 0.000 999.99 0.259000000   1.920 0.000   0.468 0.000   1.452 0.000 0.019 0.000000 0.061 0.000000
277.291667 278.291667   23.79 0.559000  0.75 0.559000 9.999 0.559259000 0.13 0.559000 0.045 0.000000  0.942 0.000  1.319 0.000 999.99 0.559259000   4.207 0.000   1.358 0.000   2.850 0.559 0.024 0.559000 0.125 0.000000
280.291667 281.291667   19.27 0.000000  0.39 0.000000 0.024 0.000000000 0.14 0.000000 0.015 0.000000  0.375 0.000  0.525 0.000 999.99 0.259000000   3.899 0.000   2.296 0.000   1.602 0.000 0.014 0.000000 0.058 0.000000
283.291667 284.291667   58.97 0.000000  1.02 0.000000 9.999 0.259000000 0.11 0.000000 0.043 0.000000  0.813 0.000  1.138 0.000 999.99 0.259000000  11.696 0.000   7.737 0.000   3.959 0.000 0.046 0.000000 0.247 0.000000
286.291667 287.291667   67.28 0.559000  0.92 0.559000 0.013 0.559000000 9.99 0.559259 0.040 0.000000  0.746 0.000  1.044 0.000 999.99 0.559259000   8.374 0.000   4.885 0.000   3.489 0.559 0.037 0.559000 0.134 0.000000
289.291667 290.291667   80.44 0.000000  1.82 0.000000 0.014 0.000000000 0.18 0.000000 0.099 0.000000  0.682 0.000  0.955 0.000 999.99 0.259000000   8.823 0.000   4.837 0.000   3.987 0.000 0.052 0.000000 0.207 0.000000
292.291667 293.291667   69.61 0.559000  1.21 0.559000 0.019 0.559000000 0.19 0.559000 0.039 0.000000  0.661 0.000  0.925 0.000 999.99 0.559259000   7.925 0.000   3.704 0.000   4.221 0.559 0.049 0.559000 0.352 0.000000
295.291667 296.291667   35.62 0.000000  0.92 0.000000 9.999 0.259000000 0.26 0.000000 0.047 0.000000  0.473 0.000  0.662 0.000 999.99 0.259000000   6.332 0.000   2.891 0.000   3.441 0.000 0.026 0.000000 0.336 0.000000
298.291667 299.291667   25.97 0.559000  1.53 0.559000 9.999 0.559259000 0.12 0.559000 0.117 0.000000  0.483 0.000  0.676 0.000 999.99 0.559259000   4.984 0.000   1.562 0.000   3.421 0.559 0.028 0.559000 0.413 0.000000
301.291667 302.291667   29.22 0.000000  0.92 0.000000 0.018 0.000000000 9.99 0.259000 0.037 0.000000  0.523 0.000  0.733 0.000 999.99 0.259000000   6.519 0.000   3.315 0.000   3.204 0.000 0.026 0.000000 0.185 0.000000
304.291667 305.291667   29.24 0.559000  0.55 0.559000 9.999 0.559259000 9.99 0.559259 0.252 0.000000  0.692 0.000  0.968 0.000 999.99 0.559259000  14.013 0.000   9.462 0.000   4.551 0.559 0.030 0.559000 0.292 0.000000
307.291667 308.291667   21.06 0.559000  0.79 0.559000 9.999 0.559259000 9.99 0.559259 0.123 0.000000  0.491 0.000  0.687 0.000 999.99 0.559259000   5.342 0.000   3.016 0.000   2.326 0.559 0.017 0.559000 0.148 0.000000
310.291667 311.291667   28.58 0.000000  0.62 0.000000 9.999 0.259000000 0.07 0.000000 0.048 0.000000  0.856 0.000  1.199 0.000 999.99 0.259000000   6.372 0.000   3.257 0.000   3.115 0.000 0.022 0.000000 0.115 0.000000
313.291667 314.291667    7.25 0.000000  0.13 0.000000 9.999 0.259000000 9.99 0.259000 0.015 0.000000  0.266 0.000  0.373 0.000 999.99 0.259000000   1.144 0.000   0.220 0.000   0.924 0.000 0.006 0.000000 0.114 0.000000
316.291667 317.291667   17.92 0.000000  0.27 0.000000 0.015 0.000000000 0.14 0.000000 0.012 0.000000  0.259 0.000  0.362 0.000 999.99 0.259000000   2.112 0.000   0.779 0.000   1.333 0.000 0.009 0.000000 0.052 0.000000
319.291667 320.291667   15.60 0.000000  0.69 0.000000 9.999 0.259000000 9.99 0.259000 0.015 0.000000  0.526 0.000  0.737 0.000 999.99 0.259000000   3.927 0.000   1.602 0.000   2.325 0.000 0.019 0.000000 0.192 0.000000
322.291667 323.291667   23.38 0.000000  0.36 0.000000 9.999 0.259000000 9.99 0.259000 0.032 0.000000  0.408 0.000  0.571 0.000 999.99 0.259000000   5.862 0.000   4.124 0.000   1.738 0.000 0.016 0.000000 0.082 0.000000
325.291667 326.291667   21.28 0.000000  0.32 0.000000 9.999 0.259000000 0.10 0.000000 0.011 0.000000  0.484 0.000  0.677 0.000 999.99 0.259000000   4.453 0.000   2.678 0.000   1.775 0.000 0.013 0.000000 0.050 0.000000
328.291667 329.291667   20.76 0.000000  0.29 0.000000 0.015 0.000000000 9.99 0.259000 0.177 0.000000  0.377 0.000  0.528 0.000 999.99 0.259000000   6.492 0.000   3.420 0.000   3.072 0.000 0.017 0.000000 0.182 0.000000
331.291667 332.291667   20.92 0.000000  1.02 0.000000 0.010 0.000000000 9.99 0.259000 0.711 0.000000  0.509 0.000  0.712 0.000 999.99 0.259000000   6.780 0.000   2.017 0.000   4.763 0.000 0.016 0.000000 0.115 0.000000
334.291667 335.291667   10.51 0.000000  0.18 0.000000 9.999 0.259000000 0.13 0.000000 0.194 0.000000  0.554 0.000  0.775 0.000 999.99 0.259000000   2.424 0.000   0.909 0.000   1.515 0.000 0.007 0.000000 0.082 0.000000
337.291667 338.291667    7.12 0.000000  0.37 0.000000 0.022 0.000000000 9.99 0.259000 0.300 0.000000  0.314 0.000  0.440 0.000 999.99 0.259000000   3.164 0.000   1.428 0.000   1.736 0.000 0.005 0.000000 0.094 0.000000
340.291667 341.291667   20.50 0.559000  0.53 0.559000 9.999 0.559259000 9.99 0.559259 0.338 0.000000  0.607 0.000  0.850 0.000 999.99 0.559259000   5.424 0.000   1.952 0.000   3.472 0.559 0.010 0.559000 0.144 0.000000
343.291667 344.291667   18.52 0.000000  0.52 0.000000 9.999 0.259000000 9.99 0.259000 0.035 0.559000  0.400 0.000  0.560 0.000 999.99 0.259000000   3.575 0.000   1.476 0.000   2.099 0.000 0.010 0.000000 0.155 0.559000
346.291667 347.291667 9999.99 0.999000 99.99 0.999000 9.999 0.999000000 9.99 0.999000 9.999 0.999000 99.999 0.999 99.999 0.999 999.99 0.999000000 999.999 0.999 999.999 0.999 999.999 0.999 9.999 0.999000 9.999 0.999000
349.291667 350.291667 9999.99 0.999000 99.99 0.999000 9.999 0.999000000 9.99 0.999000 9.999 0.999000 99.999 0.999 99.999 0.999 999.99 0.999000000 999.999 0.999 999.999 0.999 999.999 0.999 9.999 0.999000 9.999 0.999000
352.291667 353.291667    6.06 0.000000  0.24 0.000000 9.999 0.259000000 9.99 0.259000 0.040 0.000000  0.386 0.000  0.541 0.000   2.90 0.000000000   1.943 0.000   0.848 0.000   1.095 0.000 0.006 0.000000 0.037 0.000000
355.291667 356.291667    5.54 0.000000  0.24 0.000000 0.013 0.000000000 0.11 0.000000 0.138 0.559000  0.214 0.000  0.300 0.000 999.99 0.259000000   3.986 0.000   2.015 0.000   1.971 0.000 0.004 0.000000 0.151 0.559000
358.291667 359.291667 9999.99 0.999000 99.99 0.999000 9.999 0.999000000 9.99 0.999000 9.999 0.999000 99.999 0.999 99.999 0.999 999.99 0.999000000 999.999 0.999 999.999 0.999 999.999 0.999 9.999 0.999000 9.999 0.999000
361.291667 362.291667    8.43 0.000000  0.60 0.000000 9.999 0.259000000 9.99 0.259000 0.006 0.000000  0.123 0.000  0.172 0.000 999.99 0.259000000   1.797 0.000   0.717 0.000   1.080 0.000 0.008 0.000000 0.097 0.000000
364.291667 365.291667    8.82 0.000000  0.25 0.000000 9.999 0.259000000 9.99 0.259000 0.024 0.000000  0.094 0.000  0.131 0.000 999.99 0.259000000   2.931 0.000   1.672 0.000   1.259 0.000 0.012 0.000000 0.053 0.000000
