scripts/IMPROVE-2019_partial/data/US9057R.20080101060000.20191216000000.filterpack.pm25_mass.pm25.52w.3d.US03L_filterpack_US9057_2.US03L_IMPROVE_Davis.lev2.nas
50 1001
MISSING INFORMATION
US03L, IMPROVE, , , , , , , 
MISSING INFORMATION
IMPROVE sel_HTAP
1 1
2008 01 01 2019 12 16
3.00
days from file reference point
3
1 1 1
999.99 999.999 9.999
end_time of measurement, days from the file reference point
pm25_mass, ug/m3
numflag pm25_mass, no unit
0
33
Data definition:              EBAS_1.1
Set type code:                TU
Timezone:                     UTC
File name:                    US9057R.20080101060000.20191216000000.filterpack.pm25_mass.pm25.52w.3d.US03L_filterpack_US9057_2.US03L_IMPROVE_Davis.lev2.nas
File creation:                20191218120920
Startdate:                    20080101060000
Revision date:                20191216000000
Version:                      2
Version description:          "Data extracted from http://views.cira.colostate.edu/fed/DataWizard 2019-12-16"
Statistics:                   arithmetic mean
Data level:                   2
Period code:                  52w
Resolution code:              3d
Sample duration:              1d
Orig. time res.:              3d
Station code:                 US9057R
Platform code:                US9057S
Station name:                 Sac and Fox
Station latitude:             39.9791
Station longitude:            -95.5682
Station altitude:             293.0 m
Regime:                       IMG
Component:                    pm25_mass
Unit:                         ug/m3
Matrix:                       pm25
Laboratory code:              US03L
Instrument type:              filterpack
Instrument name:              filterpack_US9057_2
Method ref:                   US03L_IMPROVE_Davis
Blank correction:             Blank corrected
Volume std. temperature:      ambient
Volume std. pressure:         ambient
starttime endtime PM2.5 flag_PM2.5
  0.25   1.25   5.917 0.000
  3.25   4.25   8.936 0.000
  6.25   7.25  10.476 0.000
  9.25  10.25   7.405 0.000
 12.25  13.25  10.663 0.000
 15.25  16.25  11.002 0.000
 18.25  19.25   3.615 0.000
 21.25  22.25   6.263 0.000
 24.25  25.25  11.320 0.000
 27.25  28.25   5.790 0.000
 30.25  31.25 999.999 0.999
 33.25  34.25  22.932 0.000
 36.25  37.25  12.014 0.000
 39.25  40.25   5.032 0.000
 42.25  43.25  13.392 0.000
 45.25  46.25   7.703 0.000
 48.25  49.25   3.815 0.000
 51.25  52.25  12.201 0.000
 54.25  55.25  10.252 0.000
 57.25  58.25   7.706 0.000
 60.25  61.25   5.138 0.000
 63.25  64.25   6.331 0.000
 66.25  67.25   6.935 0.000
 69.25  70.25   8.940 0.000
 72.25  73.25   3.810 0.000
 75.25  76.25   9.748 0.000
 78.25  79.25   8.692 0.000
 81.25  82.25  10.187 0.000
 84.25  85.25   6.605 0.000
 87.25  88.25  11.273 0.000
 90.25  91.25  11.036 0.000
 93.25  94.25   9.544 0.000
 96.25  97.25   8.038 0.000
 99.25 100.25   9.722 0.000
102.25 103.25   2.694 0.000
105.25 106.25   9.147 0.000
108.25 109.25   2.766 0.000
111.25 112.25  12.864 0.000
114.25 115.25   7.162 0.000
117.25 118.25   4.206 0.000
120.25 121.25   8.629 0.000
123.25 124.25   4.466 0.000
126.25 127.25   9.667 0.000
129.25 130.25   6.194 0.000
132.25 133.25   4.560 0.000
135.25 136.25   6.019 0.000
138.25 139.25   8.735 0.000
141.25 142.25   6.574 0.000
144.25 145.25   6.689 0.000
147.25 148.25   5.288 0.000
150.25 151.25   9.499 0.000
153.25 154.25   7.684 0.000
156.25 157.25   5.760 0.000
159.25 160.25   6.134 0.000
162.25 163.25   7.931 0.000
165.25 166.25   4.531 0.000
168.25 169.25   4.766 0.000
171.25 172.25   3.530 0.000
174.25 175.25   4.899 0.000
177.25 178.25   8.909 0.000
180.25 181.25   4.707 0.000
183.25 184.25  16.267 0.000
186.25 187.25  16.641 0.000
189.25 190.25   3.126 0.000
192.25 193.25   6.709 0.000
195.25 196.25   6.529 0.000
198.25 199.25 999.999 0.999
201.25 202.25  10.536 0.000
204.25 205.25 999.999 0.999
207.25 208.25   7.697 0.000
210.25 211.25   5.573 0.000
213.25 214.25   9.015 0.000
216.25 217.25   8.789 0.000
219.25 220.25   5.725 0.000
222.25 223.25   7.762 0.000
225.25 226.25   4.711 0.000
228.25 229.25   7.593 0.000
231.25 232.25  13.760 0.000
234.25 235.25   9.030 0.000
237.25 238.25   3.539 0.000
240.25 241.25  15.687 0.000
243.25 244.25  14.153 0.000
246.25 247.25   2.094 0.000
249.25 250.25   4.617 0.000
252.25 253.25   1.860 0.000
255.25 256.25   4.113 0.000
258.25 259.25   3.139 0.000
261.25 262.25   6.354 0.000
264.25 265.25  14.402 0.000
267.25 268.25   9.430 0.000
270.25 271.25  16.901 0.000
273.25 274.25   3.483 0.000
276.25 277.25   5.980 0.000
279.25 280.25  13.603 0.000
282.25 283.25   4.595 0.000
285.25 286.25   9.330 0.000
288.25 289.25   2.111 0.000
291.25 292.25   4.534 0.000
294.25 295.25   4.938 0.000
297.25 298.25   2.340 0.000
300.25 301.25   1.937 0.000
303.25 304.25   8.464 0.000
306.25 307.25  12.152 0.000
309.25 310.25   8.511 0.000
312.25 313.25   2.221 0.000
315.25 316.25   7.464 0.000
318.25 319.25   1.760 0.000
321.25 322.25   4.426 0.000
324.25 325.25   4.797 0.000
327.25 328.25  12.616 0.000
330.25 331.25  12.814 0.000
333.25 334.25   4.792 0.000
336.25 337.25   3.866 0.000
339.25 340.25   3.698 0.000
342.25 343.25  11.259 0.000
345.25 346.25   5.758 0.000
348.25 349.25   7.511 0.000
351.25 352.25  12.285 0.000
354.25 355.25  14.975 0.000
357.25 358.25   9.328 0.000
360.25 361.25   9.893 0.000
363.25 364.25   1.646 0.000
