scripts/IMPROVE-2019_partial/data/US9023R.19940101050000.20191216000000.filterpack.pm25_mass.pm25.1y.3d.US03L_filterpack_US9023.US03L_IMPROVE_Davis.lev2.nas
50 1001
MISSING INFORMATION
US03L, IMPROVE, , , , , , , 
MISSING INFORMATION
IMPROVE sel_HTAP
1 1
1994 01 01 2019 12 16
0
days from file reference point
3
1 1 1
999.999999 999.999 9.999
end_time of measurement, days from the file reference point
pm25_mass, ug/m3
numflag pm25_mass, no unit
0
33
Data definition:              EBAS_1.1
Set type code:                TI
Timezone:                     UTC
File name:                    US9023R.19940101050000.20191216000000.filterpack.pm25_mass.pm25.1y.3d.US03L_filterpack_US9023.US03L_IMPROVE_Davis.lev2.nas
File creation:                20191218120639
Startdate:                    19940101050000
Revision date:                20191216000000
Version:                      2
Version description:          "Data extracted from http://views.cira.colostate.edu/fed/DataWizard 2019-12-16"
Statistics:                   arithmetic mean
Data level:                   2
Period code:                  1y
Resolution code:              3d
Sample duration:              1d
Orig. time res.:              3d
Station code:                 US9023R
Platform code:                US9023S
Station name:                 Proctor Maple R. F.
Station latitude:             44.5284
Station longitude:            -72.8688
Station altitude:             401.0 m
Regime:                       IMG
Component:                    pm25_mass
Unit:                         ug/m3
Matrix:                       pm25
Laboratory code:              US03L
Instrument type:              filterpack
Instrument name:              filterpack_US9023
Method ref:                   US03L_IMPROVE_Davis
Blank correction:             Blank corrected
Volume std. temperature:      ambient
Volume std. pressure:         ambient
starttime endtime PM2.5 flag_PM2.5
  0.208333   1.208333  10.000 0.000
  4.208333   5.208333   7.042 0.000
  7.208333   8.208333  12.201 0.000
 11.208333  12.208333   7.367 0.000
 14.208333  15.208333   2.445 0.000
 18.208333  19.208333 999.999 0.999
 21.208333  22.208333 999.999 0.999
 25.208333  26.208333   8.503 0.000
 28.208333  29.208333   5.049 0.000
 32.208333  33.208333  10.637 0.000
 35.208333  36.208333   7.799 0.000
 39.208333  40.208333  11.079 0.000
 42.208333  43.208333  10.528 0.000
 46.208333  47.208333  11.620 0.000
 49.208333  50.208333  18.259 0.000
 53.208333  54.208333   4.391 0.000
 56.208333  57.208333   4.257 0.000
 60.208333  61.208333   7.548 0.000
 63.208333  64.208333   8.457 0.000
 67.208333  68.208333   4.375 0.000
 70.208333  71.208333   6.390 0.000
 74.208333  75.208333   6.645 0.000
 77.208333  78.208333   6.230 0.000
 81.208333  82.208333   6.530 0.000
 84.208333  85.208333   4.448 0.000
 88.208333  89.208333 999.999 0.999
 91.208333  92.208333   6.458 0.000
 95.208333  96.208333 999.999 0.999
 98.208333  99.208333   7.217 0.000
102.208333 103.208333 999.999 0.999
105.208333 106.208333   6.940 0.000
109.208333 110.208333   2.348 0.000
112.208333 113.208333   4.577 0.000
116.208333 117.208333  15.950 0.000
119.208333 120.208333   5.862 0.000
123.208333 124.208333   5.031 0.000
126.208333 127.208333  10.757 0.000
130.208333 131.208333 999.999 0.999
133.208333 134.208333   2.461 0.000
137.208333 138.208333   3.303 0.000
140.208333 141.208333   6.223 0.000
144.208333 145.208333   4.878 0.000
147.208333 148.208333   3.834 0.000
151.208333 152.208333   3.926 0.000
154.208333 155.208333   3.199 0.000
158.208333 159.208333   2.638 0.000
161.208333 162.208333   7.382 0.000
165.208333 166.208333  25.745 0.000
168.208333 169.208333  11.765 0.000
172.208333 173.208333   6.563 0.000
175.208333 176.208333   7.276 0.000
179.208333 180.208333  15.593 0.000
182.208333 183.208333  20.218 0.000
186.208333 187.208333  11.558 0.000
189.208333 190.208333  24.938 0.000
193.208333 194.208333  10.741 0.000
196.208333 197.208333  13.106 0.000
200.208333 201.208333  19.815 0.000
203.208333 204.208333  17.994 0.000
207.208333 208.208333   5.015 0.000
210.208333 211.208333  12.384 0.000
214.208333 215.208333  19.626 0.000
217.208333 218.208333   1.697 0.000
221.208333 222.208333   3.212 0.000
224.208333 225.208333 999.999 0.999
228.208333 229.208333  20.156 0.000
231.208333 232.208333 999.999 0.999
235.208333 236.208333   4.811 0.000
238.208333 239.208333  13.648 0.000
242.208333 243.208333   6.571 0.000
245.208333 246.208333   6.506 0.000
249.208333 250.208333   8.762 0.000
252.208333 253.208333   2.074 0.000
256.208333 257.208333   4.984 0.000
259.208333 260.208333  21.121 0.000
263.208333 264.208333  10.975 0.000
266.208333 267.208333   2.327 0.000
270.208333 271.208333   9.739 0.000
273.208333 274.208333   2.104 0.000
277.208333 278.208333   1.968 0.000
280.208333 281.208333  17.702 0.000
284.208333 285.208333   2.897 0.000
287.208333 288.208333   3.009 0.000
291.208333 292.208333   8.825 0.000
294.208333 295.208333   8.391 0.000
298.208333 299.208333   5.220 0.000
301.208333 302.208333  10.874 0.000
305.208333 306.208333   1.772 0.000
308.208333 309.208333  10.159 0.000
312.208333 313.208333   8.924 0.000
315.208333 316.208333   1.900 0.000
319.208333 320.208333   3.121 0.000
322.208333 323.208333   3.853 0.000
326.208333 327.208333   1.613 0.000
329.208333 330.208333   3.312 0.000
333.208333 334.208333   4.419 0.000
336.208333 337.208333  10.613 0.000
340.208333 341.208333   4.175 0.000
343.208333 344.208333   4.967 0.000
347.208333 348.208333   5.410 0.000
350.208333 351.208333   5.682 0.000
354.208333 355.208333   6.419 0.000
357.208333 358.208333   6.429 0.000
361.208333 362.208333   5.894 0.000
364.208333 365.208333   2.262 0.000
