scripts/IMPROVE-2019_partial/data/US9008R.20170101050000.20191216000000.filterpack...52w.3d.US03L_filterpack_US9008.US03L_IMPROVE_Davis.lev2.nas
52 1001
MISSING INFORMATION
US03L, IMPROVE, , , , , , , 
MISSING INFORMATION
IMPROVE sel_HTAP
1 1
2017 01 01 2019 12 16
3.000000
days from file reference point
5
1 1 1 1 1
999.999999 999.999 9.999 999.999 9.999
end_time of measurement, days from the file reference point
pm10_mass, ug/m3, Matrix=pm10
numflag pm10_mass, no unit, Matrix=pm10
pm25_mass, ug/m3, Matrix=pm25
numflag pm25_mass, no unit, Matrix=pm25
0
33
Data definition:              EBAS_1.1
Set type code:                TU
Timezone:                     UTC
File name:                    US9008R.20170101050000.20191216000000.filterpack...52w.3d.US03L_filterpack_US9008.US03L_IMPROVE_Davis.lev2.nas
File creation:                20191218120540
Startdate:                    20170101050000
Revision date:                20191216000000
Version:                      2
Version description:          "Data extracted from http://views.cira.colostate.edu/fed/DataWizard 2019-12-16"
Statistics:                   arithmetic mean
Data level:                   2
Period code:                  52w
Resolution code:              3d
Sample duration:              1d
Orig. time res.:              3d
Station code:                 US9008R
Platform code:                US9008S
Station name:                 Presque Isle
Station latitude:             46.6964
Station longitude:            -68.0333
Station altitude:             165.0 m
Regime:                       IMG
Component:                    
Unit:                         ug/m3
Matrix:                       
Laboratory code:              US03L
Instrument type:              filterpack
Instrument name:              filterpack_US9008
Method ref:                   US03L_IMPROVE_Davis
Blank correction:             Blank corrected
Volume std. temperature:      ambient
Volume std. pressure:         ambient
starttime endtime PM10 flag_PM10 PM2.5 flag_PM2.5
  0.208333   1.208333   4.493 0.000   4.042 0.000
  3.208333   4.208333   4.136 0.000   2.025 0.000
  6.208333   7.208333   9.692 0.000   5.335 0.000
  9.208333  10.208333  11.066 0.000   4.957 0.000
 12.208333  13.208333  16.203 0.000   2.216 0.000
 15.208333  16.208333  14.784 0.000   5.631 0.000
 18.208333  19.208333   6.416 0.000   3.619 0.000
 21.208333  22.208333   3.452 0.000   1.745 0.000
 24.208333  25.208333   1.325 0.000   0.555 0.000
 27.208333  28.208333   2.375 0.000   0.841 0.000
 30.208333  31.208333   9.684 0.000   4.813 0.000
 33.208333  34.208333   9.614 0.000   3.268 0.000
 36.208333  37.208333  10.311 0.000   2.081 0.000
 39.208333  40.208333  10.812 0.000   3.057 0.000
 42.208333  43.208333  13.615 0.000   6.473 0.000
 45.208333  46.208333   7.589 0.000   4.923 0.000
 48.208333  49.208333   5.047 0.000   2.349 0.000
 51.208333  52.208333  16.477 0.000   4.341 0.000
 54.208333  55.208333   4.778 0.000   1.853 0.000
 57.208333  58.208333  12.013 0.000   3.046 0.000
 60.208333  61.208333   8.251 0.000   1.521 0.000
 63.208333  64.208333  10.213 0.000   3.070 0.000
 66.208333  67.208333   1.927 0.000   0.914 0.000
 69.208333  70.208333  16.523 0.000   5.353 0.000
 72.208333  73.208333  24.609 0.000   5.678 0.000
 75.208333  76.208333  10.461 0.000   2.953 0.000
 78.208333  79.208333  23.694 0.000   6.685 0.000
 81.208333  82.208333  16.674 0.000   4.215 0.000
 84.208333  85.208333  10.218 0.000   4.069 0.000
 87.208333  88.208333   7.107 0.000   3.482 0.000
 90.208333  91.208333   9.487 0.000   2.583 0.000
 93.208333  94.208333  19.817 0.000   5.931 0.000
 96.208333  97.208333  11.420 0.000   5.359 0.000
 99.208333 100.208333  26.365 0.000   5.138 0.000
102.208333 103.208333  11.507 0.000   1.826 0.000
105.208333 106.208333   6.567 0.000   3.884 0.000
108.208333 109.208333  11.405 0.000   2.760 0.000
111.208333 112.208333   4.180 0.000   3.032 0.000
114.208333 115.208333  10.694 0.000   2.720 0.000
117.208333 118.208333   7.081 0.000   2.242 0.000
120.208333 121.208333   4.981 0.000   1.736 0.000
123.208333 124.208333   7.184 0.000   2.680 0.000
126.208333 127.208333   4.921 0.000   1.639 0.000
129.208333 130.208333   2.100 0.000   0.516 0.000
132.208333 133.208333   9.350 0.000   2.506 0.000
135.208333 136.208333  12.086 0.000   3.205 0.000
138.208333 139.208333   8.840 0.000   3.225 0.000
141.208333 142.208333  12.852 0.000   3.624 0.000
144.208333 145.208333   9.827 0.000   2.859 0.000
147.208333 148.208333   7.213 0.000   3.340 0.000
150.208333 151.208333   6.332 0.000   1.636 0.000
153.208333 154.208333   5.229 0.000   2.131 0.000
156.208333 157.208333  11.116 0.000   1.854 0.000
159.208333 160.208333   9.306 0.000   3.507 0.000
162.208333 163.208333  13.910 0.000   5.599 0.000
165.208333 166.208333   9.378 0.000   1.904 0.000
168.208333 169.208333   7.253 0.000   3.788 0.000
171.208333 172.208333 999.999 0.456   2.250 0.000
174.208333 175.208333 999.999 0.456   3.999 0.000
177.208333 178.208333 999.999 0.456   3.352 0.000
180.208333 181.208333  10.593 0.000   5.545 0.000
183.208333 184.208333   6.653 0.000   2.969 0.000
186.208333 187.208333  12.139 0.000   5.099 0.000
189.208333 190.208333   6.902 0.000   3.336 0.000
192.208333 193.208333   7.652 0.000   2.813 0.000
195.208333 196.208333   6.946 0.000   4.081 0.000
198.208333 199.208333   8.227 0.000   2.729 0.000
201.208333 202.208333  15.059 0.000   8.152 0.000
204.208333 205.208333  10.504 0.000   2.810 0.000
207.208333 208.208333   9.324 0.000   4.376 0.000
210.208333 211.208333   6.912 0.000   2.269 0.000
213.208333 214.208333  42.964 0.000   4.933 0.000
216.208333 217.208333   8.496 0.000   3.248 0.000
219.208333 220.208333   9.659 0.000   2.749 0.000
222.208333 223.208333  12.461 0.000   6.110 0.000
225.208333 226.208333  12.261 0.000   7.261 0.000
228.208333 229.208333   6.770 0.000   1.612 0.000
231.208333 232.208333   6.395 0.000   3.663 0.000
234.208333 235.208333   9.288 0.000   5.520 0.000
237.208333 238.208333   6.366 0.000   2.955 0.000
240.208333 241.208333  13.905 0.000   5.943 0.000
243.208333 244.208333 999.999 0.999 999.999 0.999
246.208333 247.208333 999.999 0.999 999.999 0.999
249.208333 250.208333   2.783 0.000   1.677 0.000
252.208333 253.208333   4.936 0.000   2.534 0.000
255.208333 256.208333  19.951 0.000  10.613 0.000
258.208333 259.208333  16.821 0.000   8.853 0.000
261.208333 262.208333   5.239 0.000   2.347 0.000
264.208333 265.208333  15.837 0.000   4.097 0.000
267.208333 268.208333  24.127 0.000  10.352 0.000
270.208333 271.208333   5.504 0.000   2.042 0.000
273.208333 274.208333   4.351 0.000   1.907 0.000
276.208333 277.208333  11.474 0.000   4.832 0.000
279.208333 280.208333   6.732 0.000   3.640 0.000
282.208333 283.208333   7.048 0.000   3.173 0.000
285.208333 286.208333   7.676 0.000   2.716 0.000
288.208333 289.208333   3.722 0.000   1.491 0.000
291.208333 292.208333  10.778 0.000   4.227 0.000
294.208333 295.208333   5.704 0.000   2.594 0.000
297.208333 298.208333   5.741 0.000   2.184 0.000
300.208333 301.208333   4.744 0.000   2.731 0.000
303.208333 304.208333   3.419 0.000   1.676 0.000
306.208333 307.208333 999.999 0.999 999.999 0.999
309.208333 310.208333 999.999 0.999 999.999 0.999
312.208333 313.208333   8.605 0.000   3.672 0.000
315.208333 316.208333   5.015 0.000   2.499 0.000
318.208333 319.208333  14.332 0.000   5.830 0.000
321.208333 322.208333   5.409 0.000   2.277 0.000
324.208333 325.208333   8.352 0.000   3.108 0.000
327.208333 328.208333   5.307 0.000   2.941 0.000
330.208333 331.208333   4.971 0.000   1.202 0.000
333.208333 334.208333  10.144 0.000   2.599 0.000
336.208333 337.208333   6.639 0.000   2.866 0.000
339.208333 340.208333   9.817 0.000   2.452 0.000
342.208333 343.208333   9.853 0.000   4.347 0.000
345.208333 346.208333   6.067 0.000   3.611 0.000
348.208333 349.208333   3.832 0.000   1.875 0.000
351.208333 352.208333   8.345 0.000   3.422 0.000
354.208333 355.208333   8.353 0.000   5.456 0.000
357.208333 358.208333   5.208 0.000   2.508 0.000
360.208333 361.208333   4.068 0.000   1.916 0.000
363.208333 364.208333   5.740 0.000   3.994 0.000
