scripts/IMPROVE-2019_partial/data/US9058R.20100102060000.20191216000000.filterpack...52w.3d.US03L_filterpack_US9058.US03L_IMPROVE_Davis.lev2.nas
51 1001
MISSING INFORMATION
US03L, IMPROVE, , , , , , , 
MISSING INFORMATION
IMPROVE sel_HTAP
1 1
2010 01 01 2019 12 16
3.00
days from file reference point
4
1 1 1 1
999.99 999.999 999.999 9.999
end_time of measurement, days from the file reference point
pm10_mass, ug/m3, Matrix=pm10
pm25_mass, ug/m3, Matrix=pm25
numflag, no unit
0
33
Data definition:              EBAS_1.1
Set type code:                TU
Timezone:                     UTC
File name:                    US9058R.20100102060000.20191216000000.filterpack...52w.3d.US03L_filterpack_US9058.US03L_IMPROVE_Davis.lev2.nas
File creation:                20191218120924
Startdate:                    20100102060000
Revision date:                20191216000000
Version:                      2
Version description:          "Data extracted from http://views.cira.colostate.edu/fed/DataWizard 2019-12-16"
Statistics:                   arithmetic mean
Data level:                   2
Period code:                  52w
Resolution code:              3d
Sample duration:              1d
Orig. time res.:              3d
Station code:                 US9058R
Platform code:                US9058S
Station name:                 Tallgrass
Station latitude:             38.4341
Station longitude:            -96.5602
Station altitude:             390.0 m
Regime:                       IMG
Component:                    
Unit:                         ug/m3
Matrix:                       
Laboratory code:              US03L
Instrument type:              filterpack
Instrument name:              filterpack_US9058
Method ref:                   US03L_IMPROVE_Davis
Blank correction:             Blank corrected
Volume std. temperature:      ambient
Volume std. pressure:         ambient
starttime endtime PM10 PM2.5 flag
  1.25   2.25   8.107   6.386 0.000
  4.25   5.25  17.331  14.291 0.000
  7.25   8.25   5.938   3.552 0.000
 10.25  11.25   9.268   6.894 0.000
 13.25  14.25   8.873   7.723 0.000
 16.25  17.25   5.714   4.555 0.000
 19.25  20.25   5.028   4.825 0.000
 22.25  23.25   5.249   4.287 0.000
 25.25  26.25   3.695   1.511 0.000
 28.25  29.25  11.685   7.574 0.000
 31.25  32.25  11.825  10.953 0.000
 34.25  35.25  12.460  11.153 0.000
 37.25  38.25  11.956  10.988 0.000
 40.25  41.25   4.539   3.438 0.000
 43.25  44.25  20.747  19.237 0.000
 46.25  47.25   4.162   2.345 0.000
 49.25  50.25  11.056   8.649 0.000
 52.25  53.25   7.138   6.604 0.000
 55.25  56.25   9.132   4.401 0.000
 58.25  59.25  15.637  12.499 0.000
 61.25  62.25  14.555   8.056 0.000
 64.25  65.25  18.073  11.242 0.000
 67.25  68.25   8.039   3.691 0.000
 70.25  71.25   1.813   1.625 0.000
 73.25  74.25   4.314   3.342 0.000
 76.25  77.25   9.783   4.753 0.000
 79.25  80.25   4.663   2.569 0.000
 82.25  83.25   8.219   5.112 0.000
 85.25  86.25   8.364   5.454 0.000
 88.25  89.25  24.822  12.113 0.000
 91.25  92.25  14.028   5.895 0.000
 94.25  95.25  22.327  13.239 0.000
 97.25  98.25 999.999 999.999 0.999
100.25 101.25  71.853  50.683 0.659
103.25 104.25  32.840  18.282 0.000
106.25 107.25  23.499  14.565 0.000
109.25 110.25  38.676  27.839 0.000
112.25 113.25  10.093   5.298 0.000
115.25 116.25   5.483   2.828 0.000
118.25 119.25  24.751   8.012 0.000
121.25 122.25   9.129   4.408 0.000
124.25 125.25  14.321   3.688 0.000
127.25 128.25   5.285   2.053 0.000
130.25 131.25   4.230   1.777 0.000
133.25 134.25   4.705   1.608 0.000
136.25 137.25   5.324   3.807 0.000
139.25 140.25   6.130   4.739 0.000
142.25 143.25  11.931   6.331 0.000
145.25 146.25   8.279   4.114 0.000
148.25 149.25  23.510  11.584 0.000
151.25 152.25  18.115   9.368 0.000
154.25 155.25  20.275   9.083 0.000
157.25 158.25  11.338   3.768 0.000
160.25 161.25  14.602   8.479 0.000
163.25 164.25   5.617   2.929 0.000
166.25 167.25   9.023   3.941 0.000
169.25 170.25  14.092   6.129 0.000
172.25 173.25  16.358   8.956 0.000
175.25 176.25  18.770   9.360 0.000
178.25 179.25   9.784   3.483 0.000
181.25 182.25  26.921  10.422 0.000
184.25 185.25  11.150   7.039 0.000
187.25 188.25   7.700   4.319 0.000
190.25 191.25  12.657   6.237 0.000
193.25 194.25  11.699   6.133 0.000
196.25 197.25  11.263   5.588 0.000
199.25 200.25  28.578  11.165 0.000
202.25 203.25  23.610   9.811 0.000
205.25 206.25   9.427   5.525 0.000
208.25 209.25  15.112   8.459 0.000
211.25 212.25  14.853   6.913 0.000
214.25 215.25  21.106   7.427 0.000
217.25 218.25  26.767  10.510 0.000
220.25 221.25  15.349   7.326 0.000
223.25 224.25  15.757   7.103 0.000
226.25 227.25   8.566   3.875 0.000
229.25 230.25  14.620   8.215 0.000
232.25 233.25  16.641   7.175 0.000
235.25 236.25  12.073   5.675 0.000
238.25 239.25  20.069   8.183 0.000
241.25 242.25  13.034   7.063 0.000
244.25 245.25  11.580   3.757 0.000
247.25 248.25  16.562   6.852 0.000
250.25 251.25  15.633   5.561 0.000
253.25 254.25   8.148   3.896 0.000
256.25 257.25   8.453   5.516 0.000
259.25 260.25  10.983   6.807 0.000
262.25 263.25  25.780  17.389 0.000
265.25 266.25  11.644   5.562 0.000
268.25 269.25   3.579   1.850 0.000
271.25 272.25  12.299   4.011 0.000
274.25 275.25  12.845   3.019 0.000
277.25 278.25  14.747   5.266 0.000
280.25 281.25  28.205   8.658 0.000
283.25 284.25   5.337   3.576 0.000
286.25 287.25  12.184   3.643 0.000
289.25 290.25  34.811   8.357 0.000
292.25 293.25  15.970   5.285 0.000
295.25 296.25  11.385   6.735 0.000
298.25 299.25   4.394   0.732 0.000
301.25 302.25  10.899   2.716 0.000
304.25 305.25  14.498   5.073 0.000
307.25 308.25  10.086   1.841 0.000
310.25 311.25  17.434   4.830 0.000
313.25 314.25  12.466   4.140 0.000
316.25 317.25   2.206   1.509 0.000
319.25 320.25   5.360   3.974 0.000
322.25 323.25   8.209   4.362 0.000
325.25 326.25   5.602   4.322 0.000
328.25 329.25   7.427   4.077 0.000
331.25 332.25  11.461   4.817 0.000
334.25 335.25  11.402   4.520 0.000
337.25 338.25  17.480  10.380 0.000
340.25 341.25  38.470  11.302 0.000
343.25 344.25  21.287   8.161 0.000
346.25 347.25  12.373   3.351 0.000
349.25 350.25  19.505  11.471 0.000
352.25 353.25  24.691  14.772 0.000
355.25 356.25  13.603   9.349 0.000
358.25 359.25  15.549  14.572 0.000
361.25 362.25  21.076  12.048 0.000
364.25 365.25  10.179   5.576 0.000
