scripts/IMPROVE-2019_partial/data/US9036R.20040101070000.20191216000000.filterpack..pm25.52w.1w.US03L_filterpack_US9036.US03L_IMPROVE_Davis.lev2.nas
66 1001
MISSING INFORMATION
US03L, IMPROVE, , , , , , , 
MISSING INFORMATION
IMPROVE sel_HTAP
1 1
2004 01 01 2019 12 16
3.000000
days from file reference point
27
1 1 1 1 1 1 1 1 1 1 1 1 1 1 1 1 1 1 1 1 1 1 1 1 1 1 1
999.999999 9999.99 9.999 999.99 9.999999 9.999 9.999999 9.99 9.999999 9.999 9.999 99.999 9.999 99.999 9.999 999.99 9.999999 999.999 9.999 999.999 9.999 99.999 9.999 9.999 9.999 9.999 9.999
end_time of measurement, days from the file reference point
iron, ng/m3, Revision date=20181210133000
numflag iron, no unit, Revision date=20181210133000
lead, ng/m3, Revision date=20181210133000
numflag lead, no unit, Revision date=20181210133000
magnesium, ug/m3, Revision date=20181210133000
numflag magnesium, no unit, Revision date=20181210133000
nickel, ng/m3, Revision date=20181210133000
numflag nickel, no unit, Revision date=20181210133000
nitrate, ug N/m3, Revision date=20181210133000
numflag nitrate, no unit, Revision date=20181210133000
organic_carbon, ug C/m3, Revision date=20181210133000
numflag organic_carbon, no unit, Revision date=20181210133000
organic_mass, ug/m3, Revision date=20181210133000
numflag organic_mass, no unit, Revision date=20181210133000
phosphorus, ng/m3, Revision date=20181210133000
numflag phosphorus, no unit, Revision date=20181210133000
pm10_mass, ug/m3, Version=2, Version description=Data extracted from http://views.cira.colostate.edu/fed/DataWizard 2019-12-16, Sample duration=1d, Orig. time res.=3d, Matrix=pm10, Blank correction=Blank corrected, Volume std. temperature=ambient, Volume std. pressure=ambient
numflag pm10_mass, no unit, Version=2, Version description=Data extracted from http://views.cira.colostate.edu/fed/DataWizard 2019-12-16, Sample duration=1d, Orig. time res.=3d, Matrix=pm10, Blank correction=Blank corrected, Volume std. temperature=ambient, Volume std. pressure=ambient
pm10_pm25_mass, ug/m3, Revision date=20181210133000, Matrix=pm10_pm25
numflag pm10_pm25_mass, no unit, Revision date=20181210133000, Matrix=pm10_pm25
pm25_mass, ug/m3, Version=2, Version description=Data extracted from http://views.cira.colostate.edu/fed/DataWizard 2019-12-16, Sample duration=1d, Orig. time res.=3d, Blank correction=Blank corrected, Volume std. temperature=ambient, Volume std. pressure=ambient
numflag pm25_mass, no unit, Version=2, Version description=Data extracted from http://views.cira.colostate.edu/fed/DataWizard 2019-12-16, Sample duration=1d, Orig. time res.=3d, Blank correction=Blank corrected, Volume std. temperature=ambient, Volume std. pressure=ambient
potassium, ug/m3, Revision date=20181210133000
numflag potassium, no unit, Revision date=20181210133000
sulphate_total, ug S/m3, Revision date=20181210133000
numflag sulphate_total, no unit, Revision date=20181210133000
0
25
Data definition:              EBAS_1.1
Set type code:                TU
Timezone:                     UTC
File name:                    US9036R.20040101070000.20191216000000.filterpack..pm25.52w.1w.US03L_filterpack_US9036.US03L_IMPROVE_Davis.lev2.nas
File creation:                20191218120745
Startdate:                    20040101070000
Revision date:                20191216000000
Statistics:                   arithmetic mean
Data level:                   2
Period code:                  52w
Resolution code:              1w
Station code:                 US9036R
Platform code:                US9036S
Station name:                 Tonto NM
Station latitude:             33.6548
Station longitude:            -111.1068
Station altitude:             775.0 m
Regime:                       IMG
Component:                    
Matrix:                       pm25
Laboratory code:              US03L
Instrument type:              filterpack
Instrument name:              filterpack_US9036
Method ref:                   US03L_IMPROVE_Davis
starttime endtime Fe flag_Fe Pb flag_Pb Mg++ flag_Mg++ Ni flag_Ni NO3- flag_NO3- OC flag_OC OM flag_OM P flag_P PM10 flag_PM10 PM10-PM2.5 flag_PM10-PM2.5 PM2.5 flag_PM2.5 K+ flag_K+ SO4-- flag_SO4--
  0.291667   1.291667   18.46 0.000  28.02 0.000000 9.999 0.259000 0.10 0.000000 0.063 0.559  0.629 0.000  0.880 0.000 999.99 0.259000   4.779 0.000   1.951 0.000  2.828 0.000 0.032 0.000 0.234 0.559
  3.291667   4.291667    7.79 0.000   0.64 0.000000 0.022 0.000000 9.99 0.259000 0.016 0.559  0.316 0.000  0.442 0.000 999.99 0.259000   2.014 0.000   1.026 0.000  0.988 0.000 0.009 0.000 0.067 0.559
  6.291667   7.291667   21.99 0.000   7.37 0.000000 9.999 0.259000 9.99 0.259000 0.026 0.559  0.725 0.000  1.015 0.000 999.99 0.259000   6.944 0.000   4.167 0.000  2.778 0.000 0.030 0.000 0.187 0.559
  9.291667  10.291667   24.14 0.000   0.99 0.000000 9.999 0.259000 0.07 0.000000 0.017 0.559  0.565 0.000  0.792 0.000 999.99 0.259000   5.433 0.000   3.389 0.000  2.044 0.000 0.030 0.000 0.117 0.559
 12.291667  13.291667   17.09 0.000   1.54 0.000000 9.999 0.259000 9.99 0.259000 0.015 0.559  1.068 0.000  1.495 0.000 999.99 0.259000 999.999 0.456 999.999 0.999  3.447 0.000 0.026 0.000 0.260 0.559
 15.291667  16.291667   24.02 0.000   4.63 0.000000 9.999 0.259000 0.08 0.000000 0.158 0.559  1.070 0.000  1.497 0.000 999.99 0.259000   7.602 0.000   3.957 0.000  3.645 0.000 0.019 0.000 0.314 0.559
 18.291667  19.291667   15.46 0.000   8.00 0.000000 9.999 0.259000 9.99 0.259000 0.038 0.559  0.936 0.000  1.311 0.000 999.99 0.259000   6.698 0.000   2.284 0.000  4.414 0.000 0.020 0.000 0.579 0.559
 21.291667  22.291667    5.27 0.000   0.43 0.000000 9.999 0.259000 0.19 0.000000 0.028 0.559  0.615 0.000  0.861 0.000 999.99 0.259000   3.657 0.000   0.698 0.000  2.959 0.000 0.011 0.000 0.414 0.559
 24.291667  25.291667    7.39 0.000   0.73 0.000000 9.999 0.259000 0.12 0.000000 0.262 0.559  0.465 0.000  0.651 0.000 999.99 0.259000   3.922 0.000   1.424 0.000  2.498 0.000 0.010 0.000 0.229 0.559
 27.291667  28.291667   31.96 0.000  10.30 0.000000 9.999 0.259000 9.99 0.259000 0.013 0.559  0.315 0.000  0.441 0.000 999.99 0.259000   2.002 0.000   0.176 0.000  1.826 0.000 0.027 0.000 0.094 0.559
 30.291667  31.291667   32.19 0.000   3.42 0.000000 9.999 0.259000 0.11 0.000000 0.350 0.559  0.802 0.000  1.123 0.000 999.99 0.259000  12.204 0.000   8.792 0.000  3.412 0.000 0.029 0.000 0.247 0.559
 33.291667  34.291667   14.59 0.000   5.32 0.000000 9.999 0.259000 0.09 0.000000 0.057 0.559  0.300 0.000  0.421 0.000 999.99 0.259000   3.326 0.000   1.484 0.000  1.843 0.000 0.016 0.000 0.181 0.559
 36.291667  37.291667    3.95 0.000   0.41 0.000000 9.999 0.259000 0.04 0.000000 0.041 0.559  0.241 0.000  0.338 0.000 999.99 0.259000   1.644 0.000   0.355 0.000  1.288 0.000 0.005 0.000 0.202 0.559
 39.291667  40.291667 9999.99 0.999 999.99 0.999000 9.999 0.999000 9.99 0.999000 9.999 0.999 99.999 0.999 99.999 0.999 999.99 0.999000 999.999 0.999 999.999 0.999 99.999 0.999 9.999 0.999 9.999 0.999
 42.291667  43.291667   45.24 0.559   1.19 0.559000 0.028 0.559000 9.99 0.559259 0.210 0.559  0.763 0.000  1.068 0.000 999.99 0.559259   6.699 0.000   4.330 0.000  2.370 0.559 0.023 0.559 0.149 0.559
 45.291667  46.291667   30.55 0.000   1.21 0.000000 9.999 0.259000 9.99 0.259000 0.101 0.559  0.842 0.000  1.179 0.000 999.99 0.259000   5.604 0.000   3.371 0.000  2.233 0.000 0.021 0.000 0.145 0.559
 48.291667  49.291667   53.75 0.000   0.86 0.000000 9.999 0.259000 9.99 0.259000 0.023 0.559  0.904 0.000  1.266 0.000 999.99 0.259000   4.792 0.000   2.301 0.000  2.491 0.000 0.036 0.000 0.126 0.559
 51.291667  52.291667   82.81 0.000   1.10 0.000000 0.031 0.000000 0.05 0.000000 0.046 0.559  0.812 0.000  1.137 0.000 999.99 0.259000   7.919 0.000   4.338 0.000  3.581 0.000 0.054 0.000 0.197 0.559
 54.291667  55.291667    9.41 0.000   0.11 0.000000 0.035 0.000000 0.09 0.000000 0.015 0.559  0.580 0.000  0.811 0.000 999.99 0.259000   0.784 0.000   0.235 0.000  0.549 0.000 0.008 0.000 0.034 0.559
 57.291667  58.291667   40.98 0.559   5.47 0.559000 9.999 0.559259 9.99 0.559259 0.064 0.559  1.065 0.000  1.491 0.000 999.99 0.559259   6.863 0.000   2.277 0.000  4.586 0.559 0.042 0.559 0.455 0.559
 60.291667  61.291667   16.39 0.000   1.05 0.000000 9.999 0.259000 9.99 0.259000 0.125 0.559  0.887 0.000  1.242 0.000 999.99 0.259000   4.995 0.000   2.670 0.000  2.325 0.000 0.015 0.000 0.128 0.559
 63.291667  64.291667   16.67 0.000   0.90 0.000000 9.999 0.259000 0.09 0.000000 0.052 0.559  0.793 0.000  1.110 0.000 999.99 0.259000   3.533 0.000   1.198 0.000  2.336 0.000 0.018 0.000 0.277 0.559
 66.291667  67.291667   29.44 0.000   2.13 0.000000 0.030 0.000000 9.99 0.259000 0.117 0.559  1.365 0.000  1.910 0.000 999.99 0.259000   7.026 0.000   3.244 0.000  3.782 0.000 0.024 0.000 0.271 0.559
 69.291667  70.291667  106.49 0.000   1.54 0.000000 9.999 0.259000 9.99 0.259000 0.028 0.559  1.046 0.000  1.465 0.000 999.99 0.259000  17.503 0.000  11.948 0.000  5.556 0.000 0.084 0.000 0.181 0.559
 72.291667  73.291667   16.67 0.000   1.65 0.000000 9.999 0.259000 9.99 0.259000 0.022 0.000  1.007 0.000  1.410 0.000 999.99 0.259000   4.873 0.000   1.635 0.000  3.239 0.000 0.022 0.000 0.356 0.000
 75.291667  76.291667   46.82 0.000   1.26 0.000000 9.999 0.259000 9.99 0.259000 0.023 0.559  1.196 0.000  1.675 0.000 999.99 0.259000   6.033 0.000   2.269 0.000  3.764 0.000 0.034 0.000 0.254 0.559
 78.291667  79.291667   99.19 0.699   3.12 0.699000 0.047 0.699000 0.08 0.699000 0.040 0.559  1.588 0.000  2.223 0.000 999.99 0.699259  12.589 0.000   6.389 0.000  6.200 0.699 0.065 0.699 0.393 0.559
 81.291667  82.291667  133.82 0.000   1.26 0.000000 9.999 0.259000 9.99 0.259000 0.056 0.559  1.383 0.000  1.936 0.000 999.99 0.259000  29.616 0.000  21.218 0.000  8.398 0.000 0.102 0.000 0.696 0.559
 84.291667  85.291667   74.78 0.699   1.54 0.699000 9.999 0.699259 0.35 0.699000 0.090 0.559  1.222 0.000  1.711 0.000 999.99 0.699259  14.620 0.000   8.517 0.000  6.103 0.699 0.059 0.699 0.438 0.559
 87.291667  88.291667   81.42 0.559   1.12 0.559000 9.999 0.559259 0.30 0.559000 0.045 0.000  1.096 0.000  1.535 0.000 999.99 0.559259  16.683 0.000  12.557 0.000  4.126 0.559 0.051 0.559 0.190 0.000
 90.291667  91.291667   86.22 0.559   7.19 0.559000 9.999 0.559259 0.14 0.559000 0.046 0.000  1.062 0.000  1.487 0.000 999.99 0.559259  13.437 0.000   7.969 0.000  5.468 0.559 0.066 0.559 0.497 0.000
 93.291667  94.291667   16.06 0.000   6.28 0.000000 9.999 0.259000 9.99 0.259000 0.037 0.000  0.427 0.000  0.598 0.000 999.99 0.259000   3.059 0.000   0.883 0.000  2.176 0.000 0.016 0.000 0.296 0.000
 96.291667  97.291667   25.98 0.000   1.65 0.000000 9.999 0.259000 9.99 0.259000 0.106 0.000  0.989 0.000  1.385 0.000 999.99 0.259000   6.307 0.000   2.084 0.000  4.223 0.000 0.019 0.000 0.457 0.000
 99.291667 100.291667   82.63 0.559   1.88 0.559000 0.061 0.559000 0.12 0.559000 0.119 0.000  1.204 0.000  1.685 0.000 999.99 0.559259  10.789 0.000   5.227 0.000  5.562 0.559 0.048 0.559 0.381 0.000
102.291667 103.291667   33.57 0.000  12.77 0.000000 0.040 0.000000 9.99 0.259000 0.031 0.000  0.593 0.000  0.830 0.000 999.99 0.259000   5.456 0.000   2.401 0.000  3.056 0.000 0.024 0.000 0.309 0.000
105.291667 106.291667   86.02 0.559   4.17 0.559000 9.999 0.559259 0.10 0.559000 0.041 0.000  0.571 0.000  0.799 0.000 999.99 0.559259   9.780 0.000   4.942 0.000  4.838 0.559 0.059 0.559 0.369 0.000
108.291667 109.291667  164.33 0.000   1.32 0.000000 0.138 0.000000 9.99 0.259000 0.042 0.000  0.468 0.000  0.655 0.000 999.99 0.259000  26.868 0.000  20.903 0.000  5.966 0.000 0.106 0.000 0.154 0.000
111.291667 112.291667  127.79 0.559   5.48 0.559000 0.063 0.559000 0.14 0.559000 0.139 0.000  1.015 0.000  1.421 0.000 999.99 0.559259  17.237 0.000   9.700 0.000  7.537 0.559 0.105 0.559 0.653 0.000
114.291667 115.291667   43.64 0.559   0.96 0.559000 0.059 0.559000 9.99 0.559259 0.026 0.000  0.473 0.000  0.663 0.000 999.99 0.559259   5.291 0.000   2.995 0.000  2.296 0.559 0.031 0.559 0.159 0.000
117.291667 118.291667  101.90 0.559   5.30 0.559000 9.999 0.559259 9.99 0.559259 0.032 0.000  0.852 0.000  1.192 0.000 999.99 0.559259  11.393 0.000   5.982 0.000  5.411 0.559 0.070 0.559 0.474 0.000
120.291667 121.291667   52.64 0.559   0.84 0.559000 9.999 0.559259 0.14 0.559000 0.016 0.000  0.344 0.000  0.482 0.000 999.99 0.559259   4.412 0.000   2.373 0.000  2.039 0.559 0.031 0.559 0.084 0.000
123.291667 124.291667   65.47 0.559   2.62 0.559000 9.999 0.559259 9.99 0.559259 0.028 0.000  0.641 0.000  0.897 0.000 999.99 0.559259   8.007 0.000   4.297 0.000  3.709 0.559 0.041 0.559 0.284 0.000
126.291667 127.291667  116.53 0.559   1.75 0.559000 0.051 0.559000 0.18 0.559000 0.075 0.000  1.335 0.000  1.869 0.000 999.99 0.559259  16.217 0.000   9.665 0.000  6.552 0.559 0.097 0.559 0.403 0.000
129.291667 130.291667   96.46 0.559   1.57 0.559000 9.999 0.559259 0.27 0.559000 0.095 0.000  1.842 0.000  2.579 0.000 999.99 0.559259  16.724 0.000   8.651 0.000  8.074 0.559 0.141 0.559 0.592 0.000
132.291667 133.291667   92.11 0.559   1.27 0.559000 9.999 0.559259 0.12 0.559000 0.133 0.000  1.008 0.000  1.411 0.000 999.99 0.559259  19.056 0.000  13.667 0.000  5.389 0.559 0.077 0.559 0.314 0.000
135.291667 136.291667   90.40 0.559   2.16 0.559000 9.999 0.559259 9.99 0.559259 0.056 0.000  1.241 0.000  1.737 0.000 999.99 0.559259  11.136 0.000   6.067 0.000  5.068 0.559 0.063 0.559 0.325 0.000
138.291667 139.291667   54.17 0.559   1.47 0.559000 9.999 0.559259 0.28 0.559000 0.060 0.000  0.427 0.000  0.598 0.000 999.99 0.559259   8.751 0.000   5.728 0.000  3.023 0.559 0.041 0.559 0.231 0.000
141.291667 142.291667   74.08 0.559   1.26 0.559000 0.060 0.559000 0.13 0.559000 0.063 0.000  0.384 0.000  0.538 0.000 999.99 0.559259   9.574 0.000   6.116 0.000  3.458 0.559 0.048 0.559 0.190 0.000
144.291667 145.291667   91.20 0.559   1.70 0.559000 9.999 0.559259 0.22 0.559000 0.055 0.000  0.362 0.000  0.506 0.000 999.99 0.559259  11.863 0.000   7.875 0.000  3.988 0.559 0.061 0.559 0.360 0.000
147.291667 148.291667  103.01 0.559   1.58 0.559000 0.087 0.559000 0.23 0.559000 0.123 0.000  0.678 0.000  0.950 0.000 999.99 0.559259  15.727 0.000  10.172 0.000  5.556 0.559 0.073 0.559 0.342 0.000
150.291667 151.291667   87.03 0.559   1.27 0.559000 9.999 0.559259 0.09 0.559000 0.074 0.000  0.913 0.000  1.278 0.000 999.99 0.559259  19.436 0.000  14.340 0.000  5.096 0.559 0.059 0.559 0.355 0.000
153.291667 154.291667   93.55 0.559   1.29 0.559000 9.999 0.559259 0.14 0.559000 0.055 0.000  0.975 0.000  1.365 0.000 999.99 0.559259  10.457 0.000   5.912 0.000  4.546 0.559 0.065 0.559 0.291 0.000
156.291667 157.291667   70.51 0.559   1.51 0.559000 0.071 0.559000 0.13 0.559000 0.053 0.000  1.268 0.000  1.775 0.000 999.99 0.559259  10.356 0.000   6.245 0.000  4.111 0.559 0.065 0.559 0.301 0.000
159.291667 160.291667   75.78 0.559   0.99 0.559000 0.086 0.559000 0.31 0.559000 0.073 0.000  0.597 0.000  0.836 0.000 999.99 0.559259   8.170 0.000   4.014 0.000  4.155 0.559 0.066 0.559 0.301 0.000
162.291667 163.291667  122.60 0.559   1.35 0.559000 9.999 0.559259 0.16 0.559000 0.149 0.000  1.095 0.000  1.533 0.000 999.99 0.559259  13.310 0.000   7.178 0.000  6.132 0.559 0.119 0.559 0.302 0.000
165.291667 166.291667   89.78 0.559   1.86 0.559000 0.063 0.559000 0.15 0.559000 0.072 0.000  0.986 0.000  1.381 0.000 999.99 0.559259  10.721 0.000   5.485 0.000  5.236 0.559 0.081 0.559 0.410 0.000
168.291667 169.291667   77.64 0.559   1.19 0.559000 0.087 0.559000 0.28 0.559000 0.088 0.000  0.583 0.000  0.816 0.000 999.99 0.559259  13.440 0.000   8.959 0.000  4.480 0.559 0.073 0.559 0.360 0.000
171.291667 172.291667   46.81 0.559   0.78 0.559000 0.090 0.559000 0.12 0.559000 0.022 0.000  0.429 0.000  0.600 0.000 999.99 0.559259   5.572 0.000   3.690 0.000  1.881 0.559 0.033 0.559 0.137 0.000
174.291667 175.291667   62.87 0.559   1.48 0.559000 9.999 0.559259 0.23 0.559000 0.052 0.000  0.688 0.000  0.963 0.000 999.99 0.559259  17.811 0.000  13.850 0.000  3.960 0.559 0.052 0.559 0.352 0.000
177.291667 178.291667   56.76 0.559   1.10 0.559000 0.113 0.559000 0.19 0.559000 0.051 0.000  1.558 0.000  2.181 0.000 999.99 0.559259  11.696 0.000   6.671 0.000  5.025 0.559 0.078 0.559 0.372 0.000
180.291667 181.291667   52.37 0.559   1.00 0.559000 9.999 0.559259 0.16 0.559000 0.040 0.000  0.747 0.000  1.046 0.000 999.99 0.559259  10.178 0.000   6.584 0.000  3.594 0.559 0.062 0.559 0.288 0.000
183.291667 184.291667   63.95 0.559   1.28 0.559000 9.999 0.559259 9.99 0.559259 0.020 0.000  0.408 0.000  0.571 0.000 999.99 0.559259   8.218 0.000   5.867 0.000  2.352 0.559 0.047 0.559 0.096 0.000
186.291667 187.291667   46.72 0.559   0.79 0.559000 9.999 0.559259 0.11 0.559000 0.029 0.000  0.491 0.000  0.687 0.000 999.99 0.559259   7.838 0.000   5.439 0.000  2.398 0.559 0.051 0.559 0.163 0.000
189.291667 190.291667   76.68 0.559   0.72 0.559000 9.999 0.559259 0.18 0.559000 0.054 0.000  0.562 0.000  0.787 0.000 999.99 0.559259  11.249 0.000   7.540 0.000  3.709 0.559 0.062 0.559 0.327 0.000
192.291667 193.291667   29.93 0.559   9.96 0.559000 9.999 0.559259 0.09 0.559000 0.030 0.000  1.657 0.000  2.320 0.000 999.99 0.559259   9.804 0.000   5.061 0.000  4.742 0.559 0.050 0.559 0.380 0.000
195.291667 196.291667   64.11 0.559   0.65 0.559000 9.999 0.559259 0.15 0.559000 0.078 0.000  1.112 0.000  1.557 0.000 999.99 0.559259  12.183 0.000   7.227 0.000  4.956 0.559 0.063 0.559 0.423 0.000
198.291667 199.291667   28.13 0.559   0.96 0.559000 9.999 0.559259 9.99 0.559259 0.037 0.000  1.029 0.000  1.440 0.000 999.99 0.559259   6.985 0.000   3.914 0.000  3.071 0.559 0.028 0.559 0.232 0.000
201.291667 202.291667  108.89 0.559   0.53 0.559000 9.999 0.559259 0.20 0.559000 0.064 0.000  0.676 0.000  0.947 0.000 999.99 0.559259  14.856 0.000   9.924 0.000  4.932 0.559 0.075 0.559 0.453 0.000
204.291667 205.291667   44.01 0.559   0.82 0.559000 0.043 0.559000 0.14 0.559000 0.129 0.000  1.303 0.000  1.825 0.000 999.99 0.559259  20.066 0.000  13.489 0.000  6.577 0.559 0.046 0.559 0.569 0.000
207.291667 208.291667   73.29 0.559   0.35 0.559000 9.999 0.559259 0.09 0.559000 0.021 0.000  0.701 0.000  0.981 0.000 999.99 0.559259   5.774 0.000   3.264 0.000  2.510 0.559 0.053 0.559 0.239 0.000
210.291667 211.291667   19.13 0.559   0.30 0.559000 9.999 0.559259 9.99 0.559259 0.053 0.000  0.698 0.000  0.977 0.000 999.99 0.559259   9.787 0.000   5.732 0.000  4.056 0.559 0.022 0.559 0.406 0.000
213.291667 214.291667   50.41 0.559   1.31 0.559000 9.999 0.559259 0.14 0.559000 0.037 0.000  1.058 0.000  1.481 0.000 999.99 0.559259  10.437 0.000   5.807 0.000  4.630 0.559 0.052 0.559 0.445 0.000
216.291667 217.291667   50.10 0.559   2.55 0.559000 9.999 0.559259 0.24 0.559000 0.068 0.000  0.799 0.000  1.119 0.000 999.99 0.559259  13.970 0.000   8.789 0.000  5.180 0.559 0.039 0.559 0.583 0.000
219.291667 220.291667   15.66 0.559   0.73 0.559000 9.999 0.559259 0.16 0.559000 0.025 0.000  0.496 0.000  0.695 0.000 999.99 0.559259   4.833 0.000   2.295 0.000  2.538 0.559 0.016 0.559 0.312 0.000
222.291667 223.291667   34.45 0.559   2.64 0.559000 9.999 0.559259 9.99 0.559259 0.024 0.000  0.521 0.000  0.729 0.000 999.99 0.559259   8.512 0.000   5.381 0.000  3.131 0.559 0.030 0.559 0.276 0.000
225.291667 226.291667   56.59 0.559   0.70 0.559000 9.999 0.559259 9.99 0.559259 0.035 0.000  0.802 0.000  1.123 0.000 999.99 0.559259  12.111 0.000   8.063 0.000  4.049 0.559 0.045 0.559 0.364 0.000
228.291667 229.291667   14.85 0.559   1.66 0.559000 9.999 0.559259 9.99 0.559259 0.023 0.000  1.070 0.000  1.497 0.000 999.99 0.559259   6.366 0.000   3.566 0.000  2.800 0.559 0.021 0.559 0.192 0.000
231.291667 232.291667   28.49 0.559   0.82 0.559000 9.999 0.559259 0.15 0.559000 0.037 0.000  0.950 0.000  1.330 0.000 999.99 0.559259   7.635 0.000   3.939 0.000  3.696 0.559 0.029 0.559 0.313 0.000
234.291667 235.291667   17.86 0.559   0.55 0.559000 9.999 0.559259 0.26 0.559000 0.021 0.000  0.461 0.000  0.645 0.000 999.99 0.559259   6.741 0.000   4.173 0.000  2.569 0.559 0.016 0.559 0.280 0.000
237.291667 238.291667   50.15 0.559   2.13 0.559000 9.999 0.559259 0.22 0.559000 0.041 0.000  0.283 0.000  0.396 0.000 999.99 0.559259  10.718 0.000   7.441 0.000  3.276 0.559 0.040 0.559 0.355 0.000
