scripts/IMPROVE-2019_partial/data/US9081R.20110103070000.20191216000000.filterpack...1y.3d.US03L_filterpack_US9081_YELL2.US03L_IMPROVE_Davis.lev2.nas
52 1001
MISSING INFORMATION
US03L, IMPROVE, , , , , , , 
MISSING INFORMATION
IMPROVE sel_HTAP
1 1
2011 01 01 2019 12 16
3.000000
days from file reference point
5
1 1 1 1 1
999.999999 999.999 9.999 999.999 9.999
end_time of measurement, days from the file reference point
pm10_mass, ug/m3, Matrix=pm10
numflag pm10_mass, no unit, Matrix=pm10
pm25_mass, ug/m3, Matrix=pm25
numflag pm25_mass, no unit, Matrix=pm25
0
33
Data definition:              EBAS_1.1
Set type code:                TU
Timezone:                     UTC
File name:                    US9081R.20110103070000.20191216000000.filterpack...1y.3d.US03L_filterpack_US9081_YELL2.US03L_IMPROVE_Davis.lev2.nas
File creation:                20191218121109
Startdate:                    20110103070000
Revision date:                20191216000000
Version:                      2
Version description:          "Data extracted from http://views.cira.colostate.edu/fed/DataWizard 2019-12-16"
Statistics:                   arithmetic mean
Data level:                   2
Period code:                  1y
Resolution code:              3d
Sample duration:              1d
Orig. time res.:              3d
Station code:                 US9081R
Platform code:                US9081S
Station name:                 Yellowstone NP 1
Station latitude:             44.5654
Station longitude:            -110.4003
Station altitude:             2442.0 m
Regime:                       IMG
Component:                    
Unit:                         ug/m3
Matrix:                       
Laboratory code:              US03L
Instrument type:              filterpack
Instrument name:              filterpack_US9081_YELL2
Method ref:                   US03L_IMPROVE_Davis
Blank correction:             Blank corrected
Volume std. temperature:      ambient
Volume std. pressure:         ambient
starttime endtime PM10 flag_PM10 PM2.5 flag_PM2.5
  2.291667   3.291667   1.042 0.000   1.011 0.000
  5.291667   6.291667   2.075 0.000   1.796 0.000
  8.291667   9.291667   0.958 0.000   0.663 0.000
 11.291667  12.291667   0.699 0.000   0.472 0.000
 14.291667  15.291667   0.684 0.000   0.500 0.000
 17.291667  18.291667   0.602 0.000   0.510 0.000
 20.291667  21.291667   1.813 0.000   1.314 0.000
 23.291667  24.291667   0.865 0.000   0.784 0.000
 26.291667  27.291667   0.645 0.000   0.529 0.000
 29.291667  30.291667   1.973 0.000   1.230 0.000
 32.291667  33.291667   0.930 0.000   0.570 0.000
 35.291667  36.291667   1.478 0.000   0.936 0.000
 38.291667  39.291667   1.746 0.000   1.409 0.000
 41.291667  42.291667   2.167 0.000   1.687 0.000
 44.291667  45.291667   4.466 0.000   2.213 0.000
 47.291667  48.291667   3.036 0.000   0.993 0.000
 50.291667  51.291667   2.618 0.000   2.232 0.000
 53.291667  54.291667   1.521 0.000   0.390 0.000
 56.291667  57.291667   0.917 0.000   0.547 0.000
 59.291667  60.291667   1.932 0.000   0.887 0.000
 62.291667  63.291667   2.060 0.000   1.185 0.000
 65.291667  66.291667   1.509 0.000   1.073 0.000
 68.291667  69.291667   4.527 0.000   1.984 0.000
 71.291667  72.291667   2.017 0.000   1.060 0.000
 74.291667  75.291667   0.575 0.000   0.317 0.659
 77.291667  78.291667  17.598 0.000   7.610 0.000
 80.291667  81.291667   1.667 0.000   0.571 0.000
 83.291667  84.291667   1.286 0.000 999.999 0.456
 86.291667  87.291667   0.991 0.000 999.999 0.456
 89.291667  90.291667   1.602 0.000   0.912 0.659
 92.291667  93.291667 999.999 0.999 999.999 0.999
 95.291667  96.291667 999.999 0.999 999.999 0.999
 98.291667  99.291667   0.574 0.000   0.544 0.659
101.291667 102.291667   3.984 0.000   2.819 0.659
104.291667 105.291667  11.100 0.000   6.082 0.659
107.291667 108.291667   3.802 0.000   2.216 0.659
110.291667 111.291667   1.512 0.000   0.800 0.659
113.291667 114.291667   2.989 0.000   2.500 0.659
116.291667 117.291667   2.015 0.000   1.106 0.659
119.291667 120.291667   1.810 0.000   1.027 0.659
122.291667 123.291667   4.857 0.000   2.045 0.659
125.291667 126.291667   6.697 0.000   2.512 0.000
128.291667 129.291667   0.575 0.000   0.490 0.000
131.291667 132.291667   3.097 0.000   2.034 0.659
134.291667 135.291667   3.044 0.000   1.992 0.000
137.291667 138.291667   1.931 0.000   1.160 0.000
140.291667 141.291667   0.823 0.000   0.747 0.659
143.291667 144.291667   0.823 0.000   0.545 0.659
146.291667 147.291667   2.341 0.000   1.234 0.659
149.291667 150.291667   0.575 0.000   0.235 0.000
152.291667 153.291667   5.528 0.000   2.293 0.000
155.291667 156.291667   4.977 0.000   2.791 0.000
158.291667 159.291667   1.583 0.000   1.174 0.000
161.291667 162.291667   3.220 0.000   2.396 0.000
164.291667 165.291667   2.618 0.000   1.624 0.000
167.291667 168.291667   3.146 0.000   1.700 0.000
170.291667 171.291667 999.999 0.999 999.999 0.999
173.291667 174.291667   4.539 0.000   2.706 0.000
176.291667 177.291667   3.398 0.000   2.238 0.000
179.291667 180.291667  15.766 0.000   4.576 0.000
182.291667 183.291667   5.004 0.000   2.673 0.000
185.291667 186.291667   5.565 0.000   2.932 0.000
188.291667 189.291667   7.681 0.000   3.226 0.000
191.291667 192.291667   5.432 0.000   2.446 0.000
194.291667 195.291667   6.203 0.000   2.987 0.000
197.291667 198.291667   5.499 0.000   2.523 0.000
200.291667 201.291667   5.392 0.000   1.520 0.000
203.291667 204.291667   3.389 0.000   1.363 0.000
206.291667 207.291667   6.661 0.000   2.874 0.000
209.291667 210.291667   7.198 0.000   3.916 0.000
212.291667 213.291667   4.919 0.000   3.717 0.000
215.291667 216.291667 999.999 0.999 999.999 0.999
218.291667 219.291667 999.999 0.999 999.999 0.999
221.291667 222.291667   4.354 0.000   2.363 0.000
224.291667 225.291667   4.851 0.000   2.721 0.000
227.291667 228.291667  14.924 0.000  12.290 0.000
230.291667 231.291667   6.445 0.000   3.440 0.000
233.291667 234.291667   6.206 0.000   2.837 0.000
236.291667 237.291667   5.420 0.000   3.217 0.000
239.291667 240.291667   6.302 0.000   4.224 0.000
242.291667 243.291667   8.213 0.000   4.482 0.000
245.291667 246.291667   6.322 0.000   3.555 0.000
248.291667 249.291667  13.396 0.000  10.199 0.000
251.291667 252.291667  16.271 0.000  13.361 0.000
254.291667 255.291667  12.879 0.000  11.167 0.000
257.291667 258.291667  10.314 0.000   8.773 0.000
260.291667 261.291667   3.745 0.000   2.470 0.000
263.291667 264.291667 999.999 0.999 999.999 0.999
266.291667 267.291667  10.590 0.000   8.235 0.000
269.291667 270.291667  10.253 0.000   5.219 0.000
272.291667 273.291667  11.994 0.000   8.716 0.000
275.291667 276.291667  10.105 0.000   8.266 0.000
278.291667 279.291667   0.705 0.000   0.310 0.000
281.291667 282.291667   2.161 0.000   1.587 0.000
284.291667 285.291667   3.743 0.000   1.862 0.000
287.291667 288.291667   5.055 0.000   2.389 0.000
290.291667 291.291667   2.666 0.000   2.010 0.000
293.291667 294.291667   3.304 0.000   2.027 0.000
296.291667 297.291667   3.554 0.000   1.855 0.000
299.291667 300.291667   3.882 0.000   2.131 0.000
302.291667 303.291667   2.937 0.000   1.911 0.000
305.291667 306.291667   1.931 0.000   1.243 0.000
308.291667 309.291667   2.545 0.000   1.593 0.000
311.291667 312.291667   2.531 0.000   2.067 0.000
314.291667 315.291667   2.868 0.000   1.308 0.000
317.291667 318.291667   3.002 0.000   1.668 0.000
320.291667 321.291667   1.750 0.000   1.026 0.000
323.291667 324.291667   1.503 0.000   0.720 0.000
326.291667 327.291667   0.998 0.000   0.744 0.000
329.291667 330.291667   0.632 0.000   0.309 0.000
332.291667 333.291667   1.873 0.000   1.512 0.000
335.291667 336.291667 999.999 0.999 999.999 0.999
338.291667 339.291667   1.697 0.000   0.470 0.000
341.291667 342.291667   3.056 0.000   2.267 0.000
344.291667 345.291667   0.884 0.000   0.715 0.000
347.291667 348.291667   5.708 0.000   5.435 0.000
350.291667 351.291667   1.418 0.000   1.081 0.000
353.291667 354.291667   0.838 0.000   0.655 0.000
356.291667 357.291667   0.764 0.000   0.529 0.000
359.291667 360.291667   2.637 0.000   1.187 0.000
362.291667 363.291667   1.164 0.000   0.408 0.000
