scripts/IMPROVE-2019_partial/data/US9033R.20150103060000.20191216000000.filterpack...1y.3d.US03L_filterpack_US9033.US03L_IMPROVE_Davis.lev2.nas
51 1001
MISSING INFORMATION
US03L, IMPROVE, , , , , , , 
MISSING INFORMATION
IMPROVE sel_HTAP
1 1
2015 01 01 2019 12 16
3.00
days from file reference point
4
1 1 1 1
999.99 999.999 999.999 9.999
end_time of measurement, days from the file reference point
pm10_mass, ug/m3, Matrix=pm10
pm25_mass, ug/m3, Matrix=pm25
numflag, no unit
0
33
Data definition:              EBAS_1.1
Set type code:                TU
Timezone:                     UTC
File name:                    US9033R.20150103060000.20191216000000.filterpack...1y.3d.US03L_filterpack_US9033.US03L_IMPROVE_Davis.lev2.nas
File creation:                20191218120729
Startdate:                    20150103060000
Revision date:                20191216000000
Version:                      2
Version description:          "Data extracted from http://views.cira.colostate.edu/fed/DataWizard 2019-12-16"
Statistics:                   arithmetic mean
Data level:                   2
Period code:                  1y
Resolution code:              3d
Sample duration:              1d
Orig. time res.:              3d
Station code:                 US9033R
Platform code:                US9033S
Station name:                 Sipsy Wilderness
Station latitude:             34.3433
Station longitude:            -87.3388
Station altitude:             286.0 m
Regime:                       IMG
Component:                    
Unit:                         ug/m3
Matrix:                       
Laboratory code:              US03L
Instrument type:              filterpack
Instrument name:              filterpack_US9033
Method ref:                   US03L_IMPROVE_Davis
Blank correction:             Blank corrected
Volume std. temperature:      ambient
Volume std. pressure:         ambient
starttime endtime PM10 PM2.5 flag
  2.25   3.25   4.381   3.171 0.000
  5.25   6.25   6.669   4.173 0.000
  8.25   9.25   9.677   5.292 0.000
 11.25  12.25   7.177   6.206 0.000
 14.25  15.25  14.069  12.008 0.000
 17.25  18.25   4.157   2.989 0.000
 20.25  21.25   7.614   4.045 0.000
 23.25  24.25   8.130   6.079 0.000
 26.25  27.25   5.239   4.059 0.000
 29.25  30.25   8.162   4.091 0.000
 32.25  33.25   7.059   5.951 0.000
 35.25  36.25   9.178   6.863 0.000
 38.25  39.25   7.781   5.158 0.000
 41.25  42.25 999.999 999.999 0.999
 44.25  45.25  13.107   7.374 0.000
 47.25  48.25   9.527   8.022 0.000
 50.25  51.25  10.904   7.980 0.000
 53.25  54.25  16.506  13.657 0.000
 56.25  57.25  13.902  10.831 0.000
 59.25  60.25   8.943   7.646 0.000
 62.25  63.25 999.999 999.999 0.999
 65.25  66.25   5.386   3.678 0.000
 68.25  69.25   8.578   6.665 0.000
 71.25  72.25   7.915   5.963 0.000
 74.25  75.25   7.004   5.046 0.000
 77.25  78.25  10.417   8.516 0.000
 80.25  81.25   8.402   6.437 0.000
 83.25  84.25 999.999 999.999 0.999
 86.25  87.25   4.538   3.003 0.000
 89.25  90.25  11.350   6.589 0.000
 92.25  93.25  10.393   5.629 0.000
 95.25  96.25  10.328   6.459 0.000
 98.25  99.25  14.314   7.579 0.000
101.25 102.25  15.105   7.208 0.000
104.25 105.25   8.985   4.053 0.000
107.25 108.25   8.066   3.195 0.000
110.25 111.25   8.746   3.106 0.000
113.25 114.25 999.999 999.999 0.999
116.25 117.25  12.629   6.430 0.000
119.25 120.25 999.999 999.999 0.999
122.25 123.25 999.999 999.999 0.999
125.25 126.25  14.463   8.355 0.000
128.25 129.25  19.438  14.638 0.000
131.25 132.25  11.999   6.175 0.000
134.25 135.25  17.167  11.536 0.000
137.25 138.25   9.491   5.670 0.000
140.25 141.25 999.999 999.999 0.999
143.25 144.25  11.937   8.177 0.000
146.25 147.25   9.410   5.367 0.000
149.25 150.25  12.110   7.563 0.000
152.25 153.25   9.396   6.556 0.000
155.25 156.25  11.723   8.134 0.000
158.25 159.25  17.468  14.236 0.000
161.25 162.25  11.686   8.431 0.000
164.25 165.25  12.268   6.794 0.000
167.25 168.25  16.185  10.020 0.000
170.25 171.25  17.007   9.896 0.000
173.25 174.25  56.680  21.569 0.000
176.25 177.25  23.050  13.905 0.000
179.25 180.25  11.140   8.088 0.000
182.25 183.25  28.889  12.748 0.000
185.25 186.25   7.764   4.311 0.000
188.25 189.25  32.491  13.751 0.000
191.25 192.25  29.806  15.319 0.000
194.25 195.25  16.505   8.888 0.000
197.25 198.25  16.002   9.648 0.000
200.25 201.25  15.767   9.675 0.000
203.25 204.25   8.681   5.209 0.000
206.25 207.25  13.105   9.889 0.000
209.25 210.25  13.158   8.037 0.000
212.25 213.25  13.635   6.141 0.000
215.25 216.25  14.934  10.870 0.000
218.25 219.25  12.465   8.944 0.000
221.25 222.25  16.339  11.933 0.000
224.25 225.25  11.309   4.976 0.000
227.25 228.25  11.975   7.803 0.000
230.25 231.25   8.943   3.604 0.000
233.25 234.25  11.825   6.068 0.000
236.25 237.25  10.127   3.826 0.000
239.25 240.25  15.939  10.027 0.000
242.25 243.25  15.228   7.345 0.000
245.25 246.25  18.560  10.882 0.000
248.25 249.25  20.824  13.443 0.000
251.25 252.25  13.386   8.289 0.000
254.25 255.25  10.171   4.760 0.000
257.25 258.25  10.974   7.575 0.000
260.25 261.25  11.012   7.386 0.000
263.25 264.25   9.294   4.666 0.000
266.25 267.25  11.345   6.176 0.000
269.25 270.25   4.446   2.657 0.000
272.25 273.25   8.331   5.883 0.000
275.25 276.25   1.562   1.131 0.000
278.25 279.25   7.648   5.144 0.000
281.25 282.25  14.612   9.903 0.000
284.25 285.25   9.478   7.002 0.000
287.25 288.25  13.269   5.867 0.000
290.25 291.25  10.903   3.802 0.000
293.25 294.25  12.202   6.775 0.000
296.25 297.25  11.943   7.144 0.000
299.25 300.25   3.252   2.005 0.000
302.25 303.25   6.466   3.339 0.000
305.25 306.25   5.311   2.814 0.000
308.25 309.25  12.678   8.782 0.000
311.25 312.25   6.370   3.788 0.000
314.25 315.25  10.030   8.203 0.000
317.25 318.25   6.567   3.491 0.000
320.25 321.25   8.696   5.402 0.000
323.25 324.25   4.240   2.350 0.000
326.25 327.25   3.199   2.688 0.000
329.25 330.25   6.307   4.328 0.000
332.25 333.25   3.794   2.987 0.000
335.25 336.25   3.992   2.819 0.000
338.25 339.25   5.319   4.396 0.000
341.25 342.25   8.934   6.770 0.000
344.25 345.25   7.855   6.534 0.000
347.25 348.25   3.026   1.858 0.000
350.25 351.25   3.914   2.521 0.000
353.25 354.25   5.621   4.506 0.000
356.25 357.25   4.759   3.199 0.000
359.25 360.25   5.214   3.650 0.000
362.25 363.25   2.835   2.161 0.000
