scripts/IMPROVE-2019_partial/data/US9051U.19920101050000.20191216000000.filterpack...1y.3d.US03L_filterpack_US9051.US03L_IMPROVE_Davis.lev2.nas
52 1001
MISSING INFORMATION
US03L, IMPROVE, , , , , , , 
MISSING INFORMATION
IMPROVE sel_HTAP
1 1
1992 01 01 2019 12 16
0
days from file reference point
5
1 1 1 1 1
999.999999 999.999 9.999 999.999 9.999999
end_time of measurement, days from the file reference point
pm10_mass, ug/m3, Matrix=pm10
numflag pm10_mass, no unit, Matrix=pm10
pm25_mass, ug/m3, Matrix=pm25
numflag pm25_mass, no unit, Matrix=pm25
0
33
Data definition:              EBAS_1.1
Set type code:                TI
Timezone:                     UTC
File name:                    US9051U.19920101050000.20191216000000.filterpack...1y.3d.US03L_filterpack_US9051.US03L_IMPROVE_Davis.lev2.nas
File creation:                20191218120854
Startdate:                    19920101050000
Revision date:                20191216000000
Version:                      2
Version description:          "Data extracted from http://views.cira.colostate.edu/fed/DataWizard 2019-12-16"
Statistics:                   arithmetic mean
Data level:                   2
Period code:                  1y
Resolution code:              3d
Sample duration:              1d
Orig. time res.:              3d
Station code:                 US9051U
Platform code:                US9051S
Station name:                 Washington D.C.
Station latitude:             38.8762
Station longitude:            -77.0344
Station altitude:             15.0 m
Regime:                       IMG
Component:                    
Unit:                         ug/m3
Matrix:                       
Laboratory code:              US03L
Instrument type:              filterpack
Instrument name:              filterpack_US9051
Method ref:                   US03L_IMPROVE_Davis
Blank correction:             Blank corrected
Volume std. temperature:      ambient
Volume std. pressure:         ambient
starttime endtime PM10 flag_PM10 PM2.5 flag_PM2.5
  0.208333   1.208333  40.000 0.000  30.415 0.559000
  3.208333   4.208333  10.789 0.000   7.035 0.559000
  7.208333   8.208333  18.353 0.000  13.742 0.559000
 10.208333  11.208333  17.447 0.000  12.516 0.559000
 14.208333  15.208333  14.257 0.000   7.796 0.559000
 17.208333  18.208333  13.930 0.000   6.645 0.559000
 21.208333  22.208333  44.483 0.000  38.457 0.559000
 24.208333  25.208333  18.531 0.000  12.748 0.559000
 28.208333  29.208333 999.999 0.999 999.999 0.999000
 31.208333  32.208333  13.205 0.000   9.117 0.559000
 35.208333  36.208333  11.142 0.000   8.459 0.559000
 38.208333  39.208333  21.278 0.000  14.717 0.559000
 42.208333  43.208333  15.891 0.000   9.687 0.559000
 45.208333  46.208333  30.210 0.000 999.999 0.559259
 49.208333  50.208333  27.532 0.000  18.265 0.559000
 52.208333  53.208333  30.968 0.000  21.903 0.559000
 56.208333  57.208333  13.756 0.000  11.492 0.559000
 59.208333  60.208333  14.762 0.000   6.593 0.000000
 63.208333  64.208333  33.750 0.000  29.255 0.000000
 66.208333  67.208333  23.136 0.000  18.906 0.000000
 70.208333  71.208333   9.114 0.000   5.079 0.000000
 73.208333  74.208333  19.826 0.000  15.460 0.000000
 77.208333  78.208333  21.992 0.000  17.962 0.000000
 80.208333  81.208333 999.999 0.999  19.681 0.000000
 84.208333  85.208333  25.586 0.000  17.656 0.000000
 87.208333  88.208333 999.999 0.999  13.820 0.000000
 91.208333  92.208333  32.638 0.000  22.006 0.000000
 94.208333  95.208333  24.684 0.000  15.016 0.000000
 98.208333  99.208333  70.364 0.000  29.568 0.000000
101.208333 102.208333  46.577 0.000  35.335 0.000000
105.208333 106.208333 999.999 0.999 999.999 0.999000
108.208333 109.208333 999.999 0.999  29.342 0.000000
112.208333 113.208333  12.348 0.000   9.627 0.000000
115.208333 116.208333 999.999 0.999  16.211 0.000000
119.208333 120.208333  25.547 0.000  16.509 0.000000
122.208333 123.208333  31.017 0.000  23.094 0.000000
126.208333 127.208333  18.598 0.000   9.204 0.000000
129.208333 130.208333  12.364 0.000   9.103 0.000000
133.208333 134.208333  25.521 0.000  24.984 0.000000
136.208333 137.208333  38.815 0.000  35.016 0.000000
140.208333 141.208333  14.157 0.000   8.322 0.000000
143.208333 144.208333  43.191 0.000  37.017 0.000000
147.208333 148.208333  15.953 0.000  13.627 0.000000
150.208333 151.208333 999.999 0.999  14.318 0.000000
154.208333 155.208333  17.203 0.000  16.431 0.000000
157.208333 158.208333  30.623 0.000  27.061 0.000000
161.208333 162.208333  16.738 0.000  11.918 0.000000
164.208333 165.208333  20.558 0.000  13.094 0.000000
168.208333 169.208333  16.533 0.000  10.233 0.000000
171.208333 172.208333  22.083 0.000  18.704 0.000000
175.208333 176.208333 999.999 0.999  37.593 0.000000
178.208333 179.208333 999.999 0.999  35.543 0.000000
182.208333 183.208333 999.999 0.999  31.581 0.000000
185.208333 186.208333  22.778 0.000  20.064 0.000000
189.208333 190.208333  25.376 0.000  22.667 0.000000
192.208333 193.208333  32.609 0.000  26.422 0.000000
196.208333 197.208333 999.999 0.999  25.909 0.000000
199.208333 200.208333  22.023 0.000  18.052 0.000000
203.208333 204.208333  22.941 0.000  19.137 0.000000
206.208333 207.208333  15.228 0.000  13.460 0.000000
210.208333 211.208333  40.684 0.000  36.341 0.000000
213.208333 214.208333  13.720 0.000   9.812 0.000000
217.208333 218.208333  18.438 0.000  15.925 0.000000
220.208333 221.208333  28.430 0.000  24.232 0.000000
224.208333 225.208333  23.349 0.000  20.193 0.000000
227.208333 228.208333  14.522 0.000  10.647 0.000000
231.208333 232.208333  39.879 0.000  39.161 0.000000
234.208333 235.208333  43.803 0.000  36.786 0.000000
238.208333 239.208333  53.333 0.000  48.343 0.000000
241.208333 242.208333  12.449 0.000   8.839 0.000000
245.208333 246.208333  39.074 0.000  31.342 0.000000
248.208333 249.208333  43.148 0.000  36.709 0.000000
252.208333 253.208333  18.279 0.000  15.120 0.000000
255.208333 256.208333  13.348 0.000   9.458 0.000000
259.208333 260.208333  33.525 0.000  30.505 0.000000
262.208333 263.208333  13.333 0.000   8.391 0.000000
266.208333 267.208333  13.305 0.000   9.256 0.000000
269.208333 270.208333   8.945 0.000   7.249 0.000000
273.208333 274.208333  11.171 0.000   7.417 0.000000
276.208333 277.208333  30.850 0.000  23.411 0.000000
280.208333 281.208333  23.850 0.000  16.484 0.000000
283.208333 284.208333  22.087 0.000  16.474 0.000000
287.208333 288.208333  33.812 0.000  24.608 0.000000
290.208333 291.208333  13.019 0.000   7.196 0.000000
294.208333 295.208333  29.722 0.000  20.891 0.000000
297.208333 298.208333  43.220 0.000  32.145 0.000000
301.208333 302.208333  25.859 0.000  17.580 0.000000
304.208333 305.208333  33.384 0.000  28.516 0.000000
308.208333 309.208333  30.335 0.000  25.130 0.000000
311.208333 312.208333  24.794 0.000  15.714 0.000000
315.208333 316.208333  37.664 0.000  26.805 0.000000
318.208333 319.208333  12.513 0.000   7.950 0.000000
322.208333 323.208333 999.999 0.999 999.999 0.999000
325.208333 326.208333  31.556 0.000  12.956 0.000000
329.208333 330.208333  24.182 0.000  16.338 0.000000
332.208333 333.208333  20.382 0.000  12.141 0.000000
336.208333 337.208333  34.675 0.000  22.748 0.000000
339.208333 340.208333  16.026 0.000   8.818 0.000000
343.208333 344.208333 999.999 0.999  32.395 0.000000
346.208333 347.208333   9.581 0.000   4.822 0.000000
350.208333 351.208333  40.441 0.000  24.508 0.000000
353.208333 354.208333  28.427 0.000  20.032 0.000000
357.208333 358.208333  30.455 0.000  20.484 0.000000
360.208333 361.208333  14.974 0.000  13.762 0.000000
364.208333 365.208333  17.286 0.000  12.902 0.000000
