scripts/IMPROVE-2019_partial/data/US9062R.20120101060000.20191216000000.filterpack...52w.3d.US03L_filterpack_US9062.US03L_IMPROVE_Davis.lev2.nas
52 1001
MISSING INFORMATION
US03L, IMPROVE, , , , , , , 
MISSING INFORMATION
IMPROVE sel_HTAP
1 1
2012 01 01 2019 12 16
3.00
days from file reference point
5
1 1 1 1 1
999.99 999.999 9.999 999.999 9.999
end_time of measurement, days from the file reference point
pm10_mass, ug/m3, Matrix=pm10
numflag pm10_mass, no unit, Matrix=pm10
pm25_mass, ug/m3, Matrix=pm25
numflag pm25_mass, no unit, Matrix=pm25
0
33
Data definition:              EBAS_1.1
Set type code:                TU
Timezone:                     UTC
File name:                    US9062R.20120101060000.20191216000000.filterpack...52w.3d.US03L_filterpack_US9062.US03L_IMPROVE_Davis.lev2.nas
File creation:                20191218120939
Startdate:                    20120101060000
Revision date:                20191216000000
Version:                      2
Version description:          "Data extracted from http://views.cira.colostate.edu/fed/DataWizard 2019-12-16"
Statistics:                   arithmetic mean
Data level:                   2
Period code:                  52w
Resolution code:              3d
Sample duration:              1d
Orig. time res.:              3d
Station code:                 US9062R
Platform code:                US9062S
Station name:                 Voyageurs NP #2
Station latitude:             48.4126
Station longitude:            -92.8286
Station altitude:             429.0 m
Regime:                       IMG
Component:                    
Unit:                         ug/m3
Matrix:                       
Laboratory code:              US03L
Instrument type:              filterpack
Instrument name:              filterpack_US9062
Method ref:                   US03L_IMPROVE_Davis
Blank correction:             Blank corrected
Volume std. temperature:      ambient
Volume std. pressure:         ambient
starttime endtime PM10 flag_PM10 PM2.5 flag_PM2.5
  0.25   1.25   4.964 0.000   2.100 0.000
  3.25   4.25   3.532 0.000   1.981 0.000
  6.25   7.25   2.540 0.000   2.281 0.000
  9.25  10.25   3.616 0.000   1.974 0.000
 12.25  13.25   1.407 0.000   1.276 0.000
 15.25  16.25   4.010 0.000   3.174 0.000
 18.25  19.25   4.324 0.659   2.849 0.000
 21.25  22.25  10.929 0.000   9.673 0.000
 24.25  25.25  10.759 0.000   9.882 0.000
 27.25  28.25   2.738 0.000   1.921 0.000
 30.25  31.25   8.709 0.000   7.611 0.000
 33.25  34.25   2.824 0.000   2.524 0.000
 36.25  37.25   4.419 0.000   3.885 0.000
 39.25  40.25   5.092 0.000   2.806 0.000
 42.25  43.25   4.011 0.000   1.631 0.000
 45.25  46.25  17.985 0.000  14.679 0.000
 48.25  49.25   3.169 0.000   2.404 0.000
 51.25  52.25   4.762 0.000   5.086 0.000
 54.25  55.25   3.080 0.000   2.241 0.000
 57.25  58.25   1.828 0.000   1.441 0.000
 60.25  61.25   1.237 0.000   1.255 0.000
 63.25  64.25   2.173 0.000   1.843 0.000
 66.25  67.25   7.729 0.000   5.616 0.000
 69.25  70.25   8.962 0.000   3.800 0.000
 72.25  73.25   2.745 0.000   1.533 0.000
 75.25  76.25   9.816 0.000   5.810 0.000
 78.25  79.25  14.815 0.000   9.487 0.000
 81.25  82.25   5.521 0.000   2.682 0.000
 84.25  85.25   2.429 0.000   1.844 0.000
 87.25  88.25   2.274 0.000   1.497 0.000
 90.25  91.25   7.977 0.000   7.016 0.000
 93.25  94.25   2.345 0.000   1.613 0.000
 96.25  97.25   3.554 0.000   1.860 0.000
 99.25 100.25   3.014 0.000   1.314 0.000
102.25 103.25   4.405 0.000   2.618 0.000
105.25 106.25   2.787 0.000   2.041 0.000
108.25 109.25   2.979 0.000   3.028 0.000
111.25 112.25   2.887 0.000   2.339 0.000
114.25 115.25   4.166 0.000   3.617 0.000
117.25 118.25   3.849 0.000   2.388 0.000
120.25 121.25   6.847 0.000   4.531 0.000
123.25 124.25   5.526 0.000   3.218 0.000
126.25 127.25   4.418 0.000   2.519 0.000
129.25 130.25   5.933 0.000   4.057 0.000
132.25 133.25   7.100 0.000   2.331 0.000
135.25 136.25   7.609 0.000   3.701 0.000
138.25 139.25  31.810 0.000   8.943 0.000
141.25 142.25   7.244 0.000   3.404 0.000
144.25 145.25 999.999 0.999 999.999 0.999
147.25 148.25 999.999 0.999 999.999 0.999
150.25 151.25   4.654 0.000   1.174 0.000
153.25 154.25  10.962 0.000   4.631 0.000
156.25 157.25 999.999 0.999 999.999 0.999
159.25 160.25  25.607 0.000 999.999 0.999
162.25 163.25 999.999 0.999 999.999 0.999
165.25 166.25 999.999 0.999 999.999 0.999
168.25 169.25   8.895 0.659   3.505 0.659
171.25 172.25 999.999 0.999 999.999 0.999
174.25 175.25   4.949 0.659   2.446 0.659
177.25 178.25   4.662 0.659   3.148 0.659
180.25 181.25  10.994 0.659   2.859 0.659
183.25 184.25   9.103 0.659   4.677 0.659
186.25 187.25  10.079 0.659   6.419 0.659
189.25 190.25   6.761 0.659   3.576 0.659
192.25 193.25  12.881 0.000   6.500 0.000
195.25 196.25  13.481 0.000  11.164 0.000
198.25 199.25  13.623 0.000  11.044 0.000
201.25 202.25  11.016 0.000   6.876 0.000
204.25 205.25   9.569 0.000   7.035 0.000
207.25 208.25   9.104 0.000   3.929 0.000
210.25 211.25   9.551 0.000   5.857 0.000
213.25 214.25  13.888 0.000   7.320 0.000
216.25 217.25   6.191 0.000   2.971 0.000
219.25 220.25   5.987 0.000   3.822 0.000
222.25 223.25   3.227 0.000   1.878 0.000
225.25 226.25   4.832 0.000   3.195 0.000
228.25 229.25   2.111 0.000   0.508 0.000
231.25 232.25   3.039 0.000   1.677 0.000
234.25 235.25 999.999 0.999 999.999 0.999
237.25 238.25  12.719 0.000   7.370 0.000
240.25 241.25   5.351 0.000   2.671 0.000
243.25 244.25   7.903 0.000   2.380 0.000
246.25 247.25  11.774 0.000   6.892 0.000
249.25 250.25   5.380 0.000   2.220 0.000
252.25 253.25   3.313 0.000   1.258 0.000
255.25 256.25  14.580 0.000   2.982 0.000
258.25 259.25   7.495 0.000   2.755 0.000
261.25 262.25   1.853 0.000   1.028 0.000
264.25 265.25   1.424 0.000   0.637 0.000
267.25 268.25   7.380 0.000   2.087 0.000
270.25 271.25   4.858 0.000   1.896 0.000
273.25 274.25   9.180 0.000   4.132 0.000
276.25 277.25 999.999 0.999 999.999 0.999
279.25 280.25   1.219 0.000   0.781 0.000
282.25 283.25   1.448 0.000   1.079 0.000
285.25 286.25   1.896 0.000   0.811 0.000
288.25 289.25   6.222 0.000   2.983 0.000
291.25 292.25   4.011 0.000   2.885 0.000
294.25 295.25   6.640 0.000   5.285 0.000
297.25 298.25 999.999 0.999 999.999 0.999
300.25 301.25 999.999 0.999 999.999 0.999
303.25 304.25 999.999 0.999 999.999 0.999
306.25 307.25   1.185 0.000   0.875 0.000
309.25 310.25   4.053 0.000   2.927 0.000
312.25 313.25   5.090 0.000   3.848 0.000
315.25 316.25   1.791 0.000   1.446 0.000
318.25 319.25  10.422 0.000   6.909 0.000
321.25 322.25  18.934 0.000  10.293 0.000
324.25 325.25   7.856 0.000   6.789 0.000
327.25 328.25   2.411 0.000   1.358 0.000
330.25 331.25   2.808 0.000   1.812 0.000
333.25 334.25   3.939 0.000   3.308 0.000
336.25 337.25  14.954 0.000  13.550 0.000
339.25 340.25  10.700 0.000   2.181 0.000
342.25 343.25   2.715 0.000   1.814 0.000
345.25 346.25   6.306 0.000   4.728 0.000
348.25 349.25   6.994 0.000   5.320 0.000
351.25 352.25   1.715 0.000   1.484 0.000
354.25 355.25   2.593 0.000   2.137 0.000
357.25 358.25   2.089 0.000   1.806 0.000
360.25 361.25 999.999 0.999 999.999 0.999
363.25 364.25   5.438 0.000   5.200 0.000
