scripts/IMPROVE-2019_partial/data/US9008R.20130101050000.20191216000000.filterpack...52w.3d.US03L_filterpack_US9008.US03L_IMPROVE_Davis.lev2.nas
51 1001
MISSING INFORMATION
US03L, IMPROVE, , , , , , , 
MISSING INFORMATION
IMPROVE sel_HTAP
1 1
2013 01 01 2019 12 16
3.000000
days from file reference point
4
1 1 1 1
999.999999 999.999 999.999 9.999
end_time of measurement, days from the file reference point
pm10_mass, ug/m3, Matrix=pm10
pm25_mass, ug/m3, Matrix=pm25
numflag, no unit
0
33
Data definition:              EBAS_1.1
Set type code:                TU
Timezone:                     UTC
File name:                    US9008R.20130101050000.20191216000000.filterpack...52w.3d.US03L_filterpack_US9008.US03L_IMPROVE_Davis.lev2.nas
File creation:                20191218120539
Startdate:                    20130101050000
Revision date:                20191216000000
Version:                      2
Version description:          "Data extracted from http://views.cira.colostate.edu/fed/DataWizard 2019-12-16"
Statistics:                   arithmetic mean
Data level:                   2
Period code:                  52w
Resolution code:              3d
Sample duration:              1d
Orig. time res.:              3d
Station code:                 US9008R
Platform code:                US9008S
Station name:                 Presque Isle
Station latitude:             46.6964
Station longitude:            -68.0333
Station altitude:             165.0 m
Regime:                       IMG
Component:                    
Unit:                         ug/m3
Matrix:                       
Laboratory code:              US03L
Instrument type:              filterpack
Instrument name:              filterpack_US9008
Method ref:                   US03L_IMPROVE_Davis
Blank correction:             Blank corrected
Volume std. temperature:      ambient
Volume std. pressure:         ambient
starttime endtime PM10 PM2.5 flag
  0.208333   1.208333   4.002   3.886 0.000
  3.208333   4.208333   6.169   4.972 0.000
  6.208333   7.208333   5.135   2.700 0.000
  9.208333  10.208333   5.296   3.464 0.000
 12.208333  13.208333   3.924   3.159 0.000
 15.208333  16.208333  20.958   4.275 0.000
 18.208333  19.208333  11.640   4.244 0.000
 21.208333  22.208333  20.187   7.508 0.000
 24.208333  25.208333   8.253   2.469 0.000
 27.208333  28.208333  27.705   6.350 0.000
 30.208333  31.208333   8.809   1.224 0.000
 33.208333  34.208333  10.482   3.316 0.000
 36.208333  37.208333   8.809   4.017 0.000
 39.208333  40.208333  17.512   2.267 0.000
 42.208333  43.208333   4.285   3.362 0.000
 45.208333  46.208333  11.465   7.730 0.000
 48.208333  49.208333   3.305   1.917 0.000
 51.208333  52.208333   1.794   1.100 0.000
 54.208333  55.208333   4.047   2.292 0.000
 57.208333  58.208333  22.915   7.158 0.000
 60.208333  61.208333   2.039   1.226 0.000
 63.208333  64.208333   2.627   0.871 0.000
 66.208333  67.208333  12.794   3.511 0.000
 69.208333  70.208333  19.727   6.542 0.000
 72.208333  73.208333  13.100   2.482 0.000
 75.208333  76.208333  12.934   2.654 0.000
 78.208333  79.208333   4.285   2.049 0.000
 81.208333  82.208333   5.344   2.535 0.000
 84.208333  85.208333  10.421   3.306 0.000
 87.208333  88.208333  20.430   4.546 0.000
 90.208333  91.208333   4.532   2.339 0.000
 93.208333  94.208333   9.959   2.139 0.000
 96.208333  97.208333   9.980   4.077 0.000
 99.208333 100.208333   8.489   3.404 0.000
102.208333 103.208333   2.403   0.774 0.000
105.208333 106.208333  11.347   3.130 0.000
108.208333 109.208333  11.583   3.464 0.000
111.208333 112.208333  11.276   4.247 0.000
114.208333 115.208333   6.717   2.488 0.000
117.208333 118.208333  14.595   7.320 0.000
120.208333 121.208333  15.181   4.133 0.000
123.208333 124.208333  14.148   3.969 0.000
126.208333 127.208333  28.938   5.668 0.000
129.208333 130.208333  11.870   3.677 0.000
132.208333 133.208333  11.125   1.882 0.000
135.208333 136.208333   7.777   2.921 0.000
138.208333 139.208333  10.597   2.565 0.000
141.208333 142.208333   3.644   1.487 0.000
144.208333 145.208333   1.198   0.507 0.000
147.208333 148.208333   7.985   2.293 0.000
150.208333 151.208333  16.904   6.733 0.000
153.208333 154.208333  12.528   3.843 0.000
156.208333 157.208333   8.166   3.001 0.000
159.208333 160.208333   3.928   1.422 0.000
162.208333 163.208333   8.591   4.188 0.000
165.208333 166.208333   7.678   3.554 0.000
168.208333 169.208333   9.540   4.307 0.000
171.208333 172.208333  17.558   6.597 0.000
174.208333 175.208333  21.238  11.647 0.000
177.208333 178.208333   6.855   3.839 0.000
180.208333 181.208333   6.757   3.287 0.000
183.208333 184.208333 999.999 999.999 0.999
186.208333 187.208333  16.953  12.517 0.000
189.208333 190.208333  16.236   7.381 0.000
192.208333 193.208333  10.985   4.971 0.000
195.208333 196.208333  19.405   8.313 0.000
198.208333 199.208333  10.488   5.175 0.000
201.208333 202.208333   4.514   1.675 0.000
204.208333 205.208333   6.886   2.574 0.000
207.208333 208.208333   4.542   1.810 0.000
210.208333 211.208333   8.344   4.004 0.000
213.208333 214.208333   6.186   3.401 0.000
216.208333 217.208333   4.771   1.671 0.000
219.208333 220.208333   5.833   3.001 0.000
222.208333 223.208333   5.734   2.785 0.000
225.208333 226.208333   7.122   3.911 0.000
228.208333 229.208333   6.099   2.535 0.000
231.208333 232.208333  18.398  11.058 0.000
234.208333 235.208333   7.215   2.714 0.000
237.208333 238.208333   9.004   4.991 0.000
240.208333 241.208333   3.494   0.712 0.000
243.208333 244.208333   8.157   4.152 0.000
246.208333 247.208333 999.999 999.999 0.999
249.208333 250.208333   6.801   3.010 0.000
252.208333 253.208333   9.330   3.572 0.000
255.208333 256.208333   5.334   2.215 0.000
258.208333 259.208333   4.819   1.468 0.000
261.208333 262.208333 999.999 999.999 0.999
264.208333 265.208333 999.999 999.999 0.999
267.208333 268.208333 999.999 999.999 0.999
270.208333 271.208333 999.999 999.999 0.999
273.208333 274.208333 999.999 999.999 0.999
276.208333 277.208333 999.999 999.999 0.999
279.208333 280.208333 999.999 999.999 0.999
282.208333 283.208333  12.050   4.282 0.000
285.208333 286.208333   8.236   4.796 0.000
288.208333 289.208333   8.096   4.258 0.000
291.208333 292.208333   6.777   3.904 0.000
294.208333 295.208333   6.898   3.959 0.000
297.208333 298.208333   3.646   1.603 0.000
300.208333 301.208333   2.622   1.447 0.000
303.208333 304.208333   6.901   3.467 0.000
306.208333 307.208333   4.207   1.685 0.000
309.208333 310.208333   8.599   4.129 0.000
312.208333 313.208333   3.450   1.325 0.000
315.208333 316.208333   3.249   1.046 0.000
318.208333 319.208333  14.474   6.088 0.000
321.208333 322.208333   4.775   3.231 0.000
324.208333 325.208333  22.961   6.129 0.000
327.208333 328.208333   9.418   0.808 0.000
330.208333 331.208333   2.903   1.752 0.000
333.208333 334.208333   5.837   2.578 0.000
336.208333 337.208333   4.057   2.784 0.000
339.208333 340.208333   5.909   2.931 0.000
342.208333 343.208333  13.806   3.313 0.000
345.208333 346.208333  10.792   3.100 0.000
348.208333 349.208333   9.441   2.834 0.000
351.208333 352.208333   7.096   5.921 0.000
354.208333 355.208333   5.057   3.300 0.000
357.208333 358.208333   9.962   3.085 0.000
360.208333 361.208333  14.880   7.621 0.000
363.208333 364.208333  11.043   2.252 0.000
