scripts/IMPROVE-2019_partial/data/US9010R.19960103050000.20191216000000.filterpack...1y.3d.US03L_filterpack_US9010.US03L_IMPROVE_Davis.lev2.nas
51 1001
MISSING INFORMATION
US03L, IMPROVE, , , , , , , 
MISSING INFORMATION
IMPROVE sel_HTAP
1 1
1996 01 01 2019 12 16
0
days from file reference point
4
1 1 1 1
999.999999 999.999 999.999 9.999
end_time of measurement, days from the file reference point
pm10_mass, ug/m3, Matrix=pm10
pm25_mass, ug/m3, Matrix=pm25
numflag, no unit
0
33
Data definition:              EBAS_1.1
Set type code:                TI
Timezone:                     UTC
File name:                    US9010R.19960103050000.20191216000000.filterpack...1y.3d.US03L_filterpack_US9010.US03L_IMPROVE_Davis.lev2.nas
File creation:                20191218120546
Startdate:                    19960103050000
Revision date:                20191216000000
Version:                      2
Version description:          "Data extracted from http://views.cira.colostate.edu/fed/DataWizard 2019-12-16"
Statistics:                   arithmetic mean
Data level:                   2
Period code:                  1y
Resolution code:              3d
Sample duration:              1d
Orig. time res.:              3d
Station code:                 US9010R
Platform code:                US9010S
Station name:                 Moosehorn NWR
Station latitude:             45.1259
Station longitude:            -67.2661
Station altitude:             77.0 m
Regime:                       IMG
Component:                    
Unit:                         ug/m3
Matrix:                       
Laboratory code:              US03L
Instrument type:              filterpack
Instrument name:              filterpack_US9010
Method ref:                   US03L_IMPROVE_Davis
Blank correction:             Blank corrected
Volume std. temperature:      ambient
Volume std. pressure:         ambient
starttime endtime PM10 PM2.5 flag
  2.208333   3.208333 999.999 999.999 0.999
  5.208333   6.208333   4.942   3.325 0.000
  9.208333  10.208333   5.987   5.452 0.000
 12.208333  13.208333   5.062   4.748 0.000
 16.208333  17.208333   9.002   6.104 0.000
 19.208333  20.208333   7.292   3.425 0.000
 23.208333  24.208333   7.435   6.564 0.000
 26.208333  27.208333  10.087   5.492 0.000
 30.208333  31.208333  10.750   5.498 0.000
 33.208333  34.208333   7.919   3.759 0.000
 37.208333  38.208333  16.585  11.052 0.000
 40.208333  41.208333   7.870   6.944 0.000
 44.208333  45.208333   5.719   3.131 0.000
 47.208333  48.208333   8.694   4.238 0.000
 51.208333  52.208333  18.277  11.044 0.000
 54.208333  55.208333   1.591   1.274 0.000
 58.208333  59.208333   7.708   5.347 0.000
 61.208333  62.208333   8.071   4.619 0.000
 65.208333  66.208333   8.583   5.895 0.000
 68.208333  69.208333   5.750   4.247 0.000
 72.208333  73.208333  15.483  12.083 0.000
 75.208333  76.208333   5.556   3.902 0.000
 79.208333  80.208333   8.354   4.671 0.000
 82.208333  83.208333   9.382   5.808 0.000
 86.208333  87.208333 999.999 999.999 0.999
 89.208333  90.208333   8.662   3.600 0.000
 93.208333  94.208333 999.999 999.999 0.999
 96.208333  97.208333  15.723   8.118 0.000
100.208333 101.208333   2.109   1.581 0.000
103.208333 104.208333   6.907   2.616 0.000
107.208333 108.208333  23.869   6.494 0.000
110.208333 111.208333  10.471   8.147 0.000
114.208333 115.208333   3.386   2.790 0.000
117.208333 118.208333   8.451   6.543 0.000
121.208333 122.208333   6.845   2.802 0.000
124.208333 125.208333   8.432   7.573 0.000
128.208333 129.208333   8.406   5.391 0.000
131.208333 132.208333   3.611   1.340 0.000
135.208333 136.208333   8.598   7.094 0.000
138.208333 139.208333   5.612   2.748 0.000
142.208333 143.208333  11.367   5.072 0.000
145.208333 146.208333   7.686   1.001 0.000
149.208333 150.208333  10.092   3.712 0.000
152.208333 153.208333 999.999   7.423 0.000
156.208333 157.208333  13.272  10.387 0.000
159.208333 160.208333  13.117  10.867 0.000
163.208333 164.208333  13.859  10.521 0.000
166.208333 167.208333  19.882  16.541 0.000
170.208333 171.208333   9.975   5.452 0.000
173.208333 174.208333  11.071   3.986 0.000
177.208333 178.208333   8.815   3.351 0.000
180.208333 181.208333   6.064   4.239 0.000
184.208333 185.208333   4.893   3.684 0.000
187.208333 188.208333   9.582   5.017 0.000
191.208333 192.208333   6.814   5.482 0.000
194.208333 195.208333   7.795   6.333 0.000
198.208333 199.208333  10.853   6.975 0.000
201.208333 202.208333   2.791   1.167 0.000
205.208333 206.208333   5.193   3.187 0.000
208.208333 209.208333   6.560   5.712 0.000
212.208333 213.208333   6.886   3.806 0.000
215.208333 216.208333  17.717  11.174 0.000
219.208333 220.208333  19.962  18.448 0.000
222.208333 223.208333  11.828  10.700 0.000
226.208333 227.208333   5.966   4.520 0.000
229.208333 230.208333  19.405 999.999 0.000
233.208333 234.208333  12.208  10.462 0.000
236.208333 237.208333  11.444  10.585 0.000
240.208333 241.208333  18.064   9.012 0.000
243.208333 244.208333  12.650   4.344 0.000
247.208333 248.208333  12.370   4.861 0.000
250.208333 251.208333   5.927   2.273 0.000
254.208333 255.208333   5.634   2.462 0.000
257.208333 258.208333   7.824   1.200 0.000
261.208333 262.208333  10.283   6.339 0.000
264.208333 265.208333  10.854   6.105 0.000
268.208333 269.208333   3.729   1.860 0.000
271.208333 272.208333  16.910   5.005 0.000
275.208333 276.208333  12.440   5.045 0.000
278.208333 279.208333   5.165   2.554 0.000
282.208333 283.208333   6.575   1.646 0.000
285.208333 286.208333  20.496   4.015 0.000
289.208333 290.208333  10.369   3.277 0.000
292.208333 293.208333  10.714   4.738 0.000
296.208333 297.208333  12.622   8.868 0.000
299.208333 300.208333  13.988   5.216 0.000
303.208333 304.208333  10.041   3.127 0.000
306.208333 307.208333  11.639  11.020 0.000
310.208333 311.208333  12.407   7.531 0.000
313.208333 314.208333  16.628   5.864 0.000
317.208333 318.208333   5.255   3.260 0.000
320.208333 321.208333  10.074   2.869 0.000
324.208333 325.208333   3.522   2.172 0.000
327.208333 328.208333   3.549   1.903 0.000
331.208333 332.208333 999.999 999.999 0.999
334.208333 335.208333  17.233  13.558 0.000
338.208333 339.208333  13.298   8.461 0.000
341.208333 342.208333  10.059 999.999 0.000
345.208333 346.208333  10.369   7.443 0.000
348.208333 349.208333   2.160   2.326 0.000
352.208333 353.208333  15.054   7.109 0.000
355.208333 356.208333   5.506   2.271 0.000
359.208333 360.208333   5.259   2.838 0.000
362.208333 363.208333  12.405   9.001 0.000
