scripts/IMPROVE-2019_partial/data/US9064R.20050101070000.20191216000000.filterpack..pm25.52w.1w.US03L_filterpack_US9064.US03L_IMPROVE_Davis.lev2.nas
66 1001
MISSING INFORMATION
US03L, IMPROVE, , , , , , , 
MISSING INFORMATION
IMPROVE sel_HTAP
1 1
2005 01 01 2019 12 16
3.000000
days from file reference point
27
1 1 1 1 1 1 1 1 1 1 1 1 1 1 1 1 1 1 1 1 1 1 1 1 1 1 1
999.999999 999.99 9.999 99.99 9.999999 9.999 9.999999 9.99 9.999999 9.999 9.999 999.999 9.999 999.999 9.999 999.99 9.999999 999.999 9.999 99.999 9.999 999.999 9.999 9.999 9.999 9.999 9.999
end_time of measurement, days from the file reference point
iron, ng/m3, Revision date=20181210133000
numflag iron, no unit, Revision date=20181210133000
lead, ng/m3, Revision date=20181210133000
numflag lead, no unit, Revision date=20181210133000
magnesium, ug/m3, Revision date=20181210133000
numflag magnesium, no unit, Revision date=20181210133000
nickel, ng/m3, Revision date=20181210133000
numflag nickel, no unit, Revision date=20181210133000
nitrate, ug N/m3, Revision date=20181210133000
numflag nitrate, no unit, Revision date=20181210133000
organic_carbon, ug C/m3, Revision date=20181210133000
numflag organic_carbon, no unit, Revision date=20181210133000
organic_mass, ug/m3, Revision date=20181210133000
numflag organic_mass, no unit, Revision date=20181210133000
phosphorus, ng/m3, Revision date=20181210133000
numflag phosphorus, no unit, Revision date=20181210133000
pm10_mass, ug/m3, Version=2, Version description=Data extracted from http://views.cira.colostate.edu/fed/DataWizard 2019-12-16, Sample duration=1d, Orig. time res.=3d, Matrix=pm10, Blank correction=Blank corrected, Volume std. temperature=ambient, Volume std. pressure=ambient
numflag pm10_mass, no unit, Version=2, Version description=Data extracted from http://views.cira.colostate.edu/fed/DataWizard 2019-12-16, Sample duration=1d, Orig. time res.=3d, Matrix=pm10, Blank correction=Blank corrected, Volume std. temperature=ambient, Volume std. pressure=ambient
pm10_pm25_mass, ug/m3, Revision date=20181210133000, Matrix=pm10_pm25
numflag pm10_pm25_mass, no unit, Revision date=20181210133000, Matrix=pm10_pm25
pm25_mass, ug/m3, Version=2, Version description=Data extracted from http://views.cira.colostate.edu/fed/DataWizard 2019-12-16, Sample duration=1d, Orig. time res.=3d, Blank correction=Blank corrected, Volume std. temperature=ambient, Volume std. pressure=ambient
numflag pm25_mass, no unit, Version=2, Version description=Data extracted from http://views.cira.colostate.edu/fed/DataWizard 2019-12-16, Sample duration=1d, Orig. time res.=3d, Blank correction=Blank corrected, Volume std. temperature=ambient, Volume std. pressure=ambient
potassium, ug/m3, Revision date=20181210133000
numflag potassium, no unit, Revision date=20181210133000
sulphate_total, ug S/m3, Revision date=20181210133000
numflag sulphate_total, no unit, Revision date=20181210133000
0
25
Data definition:              EBAS_1.1
Set type code:                TU
Timezone:                     UTC
File name:                    US9064R.20050101070000.20191216000000.filterpack..pm25.52w.1w.US03L_filterpack_US9064.US03L_IMPROVE_Davis.lev2.nas
File creation:                20191218120949
Startdate:                    20050101070000
Revision date:                20191216000000
Statistics:                   arithmetic mean
Data level:                   2
Period code:                  52w
Resolution code:              1w
Station code:                 US9064R
Platform code:                US9064S
Station name:                 Sula Peak
Station latitude:             45.8598
Station longitude:            -114.0001
Station altitude:             1895.0 m
Regime:                       IMG
Component:                    
Matrix:                       pm25
Laboratory code:              US03L
Instrument type:              filterpack
Instrument name:              filterpack_US9064
Method ref:                   US03L_IMPROVE_Davis
starttime endtime Fe flag_Fe Pb flag_Pb Mg++ flag_Mg++ Ni flag_Ni NO3- flag_NO3- OC flag_OC OM flag_OM P flag_P PM10 flag_PM10 PM10-PM2.5 flag_PM10-PM2.5 PM2.5 flag_PM2.5 K+ flag_K+ SO4-- flag_SO4--
[from data line 81]
243.291667 244.291667  28.06 0.000  0.47 0.000000 9.999 0.259000 9.99 0.259000 0.027 0.000   7.199 0.000  12.959 0.000 999.99 0.259000  17.691 0.000  5.210 0.000  12.347 0.000 0.084 0.000 0.098 0.000
246.291667 247.291667  40.87 0.000  0.72 0.000000 9.999 0.259000 9.99 0.259000 0.048 0.000   9.854 0.000  17.738 0.000 999.99 0.259000  24.060 0.000  5.981 0.000  17.902 0.000 0.081 0.000 0.185 0.000
249.291667 250.291667  40.43 0.000  0.78 0.000000 9.999 0.259000 9.99 0.259000 0.044 0.000   9.172 0.000  16.510 0.000  13.78 0.000000  26.327 0.000  8.438 0.000  17.888 0.000 0.122 0.000 0.128 0.000
252.291667 253.291667 999.99 0.999 99.99 0.999000 9.999 0.999000 9.99 0.999000 9.999 0.999 999.999 0.999 999.999 0.999 999.99 0.999000 999.999 0.999 99.999 0.999 999.999 0.999 9.999 0.999 9.999 0.999
255.291667 256.291667 999.99 0.999 99.99 0.999000 9.999 0.999000 9.99 0.999000 9.999 0.999 999.999 0.999 999.999 0.999 999.99 0.999000 999.999 0.999 99.999 0.999 999.999 0.999 9.999 0.999 9.999 0.999
258.291667 259.291667  29.60 0.000  0.73 0.000000 9.999 0.259000 9.99 0.259000 0.019 0.000   1.992 0.000   3.585 0.000 999.99 0.259000   8.082 0.000  3.199 0.000   4.851 0.000 0.061 0.000 0.130 0.000
261.291667 262.291667  28.48 0.000  0.50 0.000000 0.006 0.000000 0.13 0.000000 0.007 0.000   0.755 0.000   1.359 0.000 999.99 0.259000   3.443 0.000  0.873 0.000   2.545 0.000 0.022 0.000 0.103 0.000
264.291667 265.291667  32.70 0.000  0.82 0.000000 9.999 0.259000 9.99 0.259000 0.027 0.000   1.402 0.000   2.524 0.000 999.99 0.259000   9.238 0.000  5.338 0.000   3.818 0.000 0.040 0.000 0.140 0.000
267.291667 268.291667  13.67 0.000  0.51 0.000000 9.999 0.259000 9.99 0.259000 0.013 0.000   0.545 0.000   0.981 0.000 999.99 0.259000   2.373 0.000  0.946 0.000   1.408 0.000 0.011 0.000 0.038 0.000
270.291667 271.291667  51.20 0.000  0.63 0.000000 9.999 0.259000 9.99 0.259000 0.015 0.000   1.279 0.000   2.301 0.000 999.99 0.259000  10.630 0.000  6.876 0.000   3.781 0.000 0.051 0.000 0.129 0.000
273.291667 274.291667   6.86 0.000  0.24 0.000000 9.999 0.259000 9.99 0.259000 0.010 0.000   1.026 0.000   1.847 0.000 999.99 0.259000   3.921 0.000  2.091 0.000   1.796 0.000 0.025 0.000 0.044 0.000
276.291667 277.291667   1.30 0.000  0.37 0.000000 9.999 0.259000 9.99 0.259000 0.019 0.000   0.585 0.000   1.053 0.000 999.99 0.259000   1.631 0.000  0.665 0.000   0.965 0.000 0.006 0.000 0.018 0.000
279.291667 280.291667  11.40 0.000  0.31 0.000000 9.999 0.259000 9.99 0.259000 0.012 0.000   0.952 0.000   1.713 0.000 999.99 0.259000   4.141 0.000  1.960 0.000   2.147 0.000 0.016 0.000 0.092 0.000
282.291667 283.291667   3.58 0.000  0.32 0.000000 9.999 0.259000 9.99 0.259000 0.017 0.000   1.079 0.000   1.941 0.000 999.99 0.259000   3.466 0.000  0.991 0.000   2.449 0.000 0.017 0.000 0.111 0.000
285.291667 286.291667   8.63 0.000  0.46 0.000000 9.999 0.259000 9.99 0.259000 0.011 0.000   0.926 0.000   1.666 0.000 999.99 0.259000   3.584 0.000  1.264 0.000   2.292 0.000 0.013 0.000 0.133 0.000
288.291667 289.291667  16.70 0.000  0.36 0.000000 9.999 0.259000 9.99 0.259000 0.022 0.000   1.119 0.000   2.015 0.000 999.99 0.259000   5.958 0.000  3.012 0.000   2.895 0.000 0.023 0.000 0.120 0.000
291.291667 292.291667 999.99 0.456 99.99 0.456000 9.999 0.456000 9.99 0.456000 0.005 0.000   0.871 0.000   1.568 0.000 999.99 0.456000   3.750 0.000 99.999 0.456 999.999 0.456 9.999 0.456 0.061 0.000
294.291667 295.291667   9.80 0.000  0.25 0.000000 9.999 0.259000 9.99 0.259000 0.007 0.000   0.976 0.000   1.757 0.000 999.99 0.259000   3.169 0.000  1.062 0.000   2.083 0.000 0.016 0.000 0.052 0.000
297.291667 298.291667  14.54 0.000  0.42 0.000000 9.999 0.259000 9.99 0.259000 0.009 0.000   0.754 0.000   1.358 0.000 999.99 0.259000   4.982 0.000  2.850 0.000   2.139 0.000 0.021 0.000 0.098 0.000
300.291667 301.291667   5.66 0.000  0.27 0.000000 9.999 0.259000 9.99 0.259000 0.009 0.000   0.348 0.000   0.627 0.000 999.99 0.259000   1.613 0.000  0.706 0.000   0.893 0.000 0.008 0.000 0.048 0.000
303.291667 304.291667   6.01 0.000  0.38 0.000000 9.999 0.259000 9.99 0.259000 0.004 0.000   0.194 0.000   0.350 0.000 999.99 0.259000   1.483 0.000  0.645 0.000   0.826 0.000 0.009 0.000 0.054 0.000
306.291667 307.291667   3.96 0.000  0.30 0.000000 9.999 0.259000 9.99 0.259000 0.005 0.000   0.539 0.000   0.970 0.000 999.99 0.259000 999.999 0.456  0.558 0.000   1.484 0.000 0.014 0.000 0.115 0.000
309.291667 310.291667   0.98 0.000  0.19 0.000000 9.999 0.259000 9.99 0.259000 0.001 0.000   0.060 0.000   0.107 0.000 999.99 0.259000 999.999 0.456  0.558 0.000   0.031 0.000 0.002 0.000 0.010 0.000
312.291667 313.291667   5.81 0.000  0.76 0.000000 9.999 0.259000 9.99 0.259000 0.007 0.000   0.264 0.000   0.475 0.000 999.99 0.259000   2.225 0.000  1.012 0.000   1.218 0.000 0.012 0.000 0.130 0.000
315.291667 316.291667   1.31 0.000  0.26 0.000000 0.009 0.000000 9.99 0.259000 0.004 0.000   0.198 0.000   0.356 0.000 999.99 0.259000   0.809 0.000  0.465 0.000   0.337 0.000 0.004 0.000 0.031 0.000
318.291667 319.291667   1.89 0.000  0.25 0.000000 9.999 0.259000 9.99 0.259000 0.005 0.000   0.341 0.000   0.615 0.000 999.99 0.259000   1.121 0.000  0.689 0.000   0.431 0.000 0.009 0.000 0.052 0.000
321.291667 322.291667   4.57 0.000  0.61 0.000000 9.999 0.259000 9.99 0.259000 0.005 0.000   0.282 0.000   0.507 0.000 999.99 0.259000   1.575 0.000  0.498 0.000   1.064 0.000 0.010 0.000 0.107 0.000
324.291667 325.291667   4.18 0.000  0.36 0.000000 9.999 0.259000 9.99 0.259000 0.005 0.000   0.506 0.000   0.910 0.000 999.99 0.259000   1.568 0.000  0.344 0.000   1.213 0.000 0.007 0.000 0.064 0.000
327.291667 328.291667   3.86 0.000  0.28 0.000000 9.999 0.259000 9.99 0.259000 0.003 0.000   0.388 0.000   0.699 0.000 999.99 0.259000   1.872 0.000  0.541 0.000   1.316 0.000 0.005 0.000 0.064 0.000
330.291667 331.291667   4.55 0.000  0.37 0.000000 9.999 0.259000 9.99 0.259000 0.021 0.000   0.131 0.000   0.237 0.000 999.99 0.259000   1.202 0.000  0.360 0.000   0.833 0.000 0.005 0.000 0.051 0.000
333.291667 334.291667   1.70 0.000  0.20 0.000000 9.999 0.259000 9.99 0.259000 0.003 0.000 999.999 0.259 999.999 0.259 999.99 0.259000   0.854 0.000  0.361 0.000   0.493 0.000 0.002 0.000 0.034 0.000
336.291667 337.291667   2.64 0.000  0.15 0.000000 9.999 0.259000 9.99 0.259000 0.002 0.000 999.999 0.259 999.999 0.259 999.99 0.259000   1.114 0.000  0.672 0.000   0.431 0.000 0.004 0.000 0.042 0.000
339.291667 340.291667   6.43 0.000  0.36 0.000000 9.999 0.259000 9.99 0.259000 0.072 0.000   0.864 0.000   1.556 0.000 999.99 0.259000   3.022 0.000  0.672 0.000   2.340 0.000 0.024 0.000 0.172 0.000
342.291667 343.291667   2.17 0.000  0.16 0.000000 9.999 0.259000 9.99 0.259000 0.004 0.000   0.245 0.000   0.441 0.000 999.99 0.259000   1.540 0.000  0.885 0.000   0.641 0.000 0.004 0.000 0.051 0.000
345.291667 346.291667 999.99 0.456 99.99 0.456000 9.999 0.456000 9.99 0.456000 0.003 0.000   0.148 0.000   0.266 0.000 999.99 0.456000   1.231 0.000 99.999 0.456 999.999 0.456 9.999 0.456 0.065 0.000
348.291667 349.291667   1.96 0.000  0.30 0.000000 9.999 0.259000 9.99 0.259000 0.019 0.000   0.390 0.000   0.702 0.000 999.99 0.259000   1.241 0.000  0.459 0.000   0.772 0.000 0.005 0.000 0.054 0.000
351.291667 352.291667   3.19 0.000  0.18 0.000000 0.010 0.000000 9.99 0.259000 0.026 0.000   0.133 0.000   0.239 0.000 999.99 0.259000   1.340 0.000  0.287 0.000   1.043 0.000 0.005 0.000 0.141 0.000
354.291667 355.291667   3.32 0.000  0.24 0.000000 9.999 0.259000 9.99 0.259000 0.004 0.000   0.295 0.000   0.532 0.000 999.99 0.259000   0.670 0.000  0.095 0.000   0.575 0.000 0.003 0.000 0.032 0.000
357.291667 358.291667   2.31 0.000  0.12 0.000000 9.999 0.259000 9.99 0.259000 0.011 0.000   0.133 0.000   0.240 0.000 999.99 0.259000   0.887 0.000  0.393 0.000   0.487 0.000 0.004 0.000 0.030 0.000
360.291667 361.291667   0.65 0.000  0.16 0.000000 9.999 0.259000 9.99 0.259000 0.005 0.000   0.102 0.000   0.184 0.000 999.99 0.259000   0.689 0.000  0.409 0.000   0.280 0.000 0.002 0.000 0.016 0.000
363.291667 364.291667   0.47 0.000  0.14 0.000000 9.999 0.259000 9.99 0.259000 0.005 0.000   0.080 0.000   0.143 0.000 999.99 0.259000   0.682 0.000  0.397 0.000   0.279 0.000 0.001 0.000 0.014 0.000
