scripts/IMPROVE-2019_partial/data/US9045R.20050101080000.20191216000000.filterpack..pm25.52w.1w.US03L_filterpack_US9045.US03L_IMPROVE_Davis.lev2.nas
66 1001
MISSING INFORMATION
US03L, IMPROVE, , , , , , , 
MISSING INFORMATION
IMPROVE sel_HTAP
1 1
2005 01 01 2019 12 16
3.000000
days from file reference point
27
1 1 1 1 1 1 1 1 1 1 1 1 1 1 1 1 1 1 1 1 1 1 1 1 1 1 1
999.999999 9999.99 9.999 99.99 9.999 9.999 9.999 9.99 9.999999 99.999 9.999 99.999 9.999 999.999 9.999 999.99 9.999999 999.999 9.999 999.999 9.999 999.999 9.999 9.999 9.999 99.999 9.999
end_time of measurement, days from the file reference point
iron, ng/m3, Revision date=20181210133000
numflag iron, no unit, Revision date=20181210133000
lead, ng/m3, Revision date=20181210133000
numflag lead, no unit, Revision date=20181210133000
magnesium, ug/m3, Revision date=20181210133000
numflag magnesium, no unit, Revision date=20181210133000
nickel, ng/m3, Revision date=20181210133000
numflag nickel, no unit, Revision date=20181210133000
nitrate, ug N/m3, Revision date=20181210133000
numflag nitrate, no unit, Revision date=20181210133000
organic_carbon, ug C/m3, Revision date=20181210133000
numflag organic_carbon, no unit, Revision date=20181210133000
organic_mass, ug/m3, Revision date=20181210133000
numflag organic_mass, no unit, Revision date=20181210133000
phosphorus, ng/m3, Revision date=20181210133000
numflag phosphorus, no unit, Revision date=20181210133000
pm10_mass, ug/m3, Version=2, Version description=Data extracted from http://views.cira.colostate.edu/fed/DataWizard 2019-12-16, Sample duration=1d, Orig. time res.=3d, Matrix=pm10, Blank correction=Blank corrected, Volume std. temperature=ambient, Volume std. pressure=ambient
numflag pm10_mass, no unit, Version=2, Version description=Data extracted from http://views.cira.colostate.edu/fed/DataWizard 2019-12-16, Sample duration=1d, Orig. time res.=3d, Matrix=pm10, Blank correction=Blank corrected, Volume std. temperature=ambient, Volume std. pressure=ambient
pm10_pm25_mass, ug/m3, Revision date=20181210133000, Matrix=pm10_pm25
numflag pm10_pm25_mass, no unit, Revision date=20181210133000, Matrix=pm10_pm25
pm25_mass, ug/m3, Version=2, Version description=Data extracted from http://views.cira.colostate.edu/fed/DataWizard 2019-12-16, Sample duration=1d, Orig. time res.=3d, Blank correction=Blank corrected, Volume std. temperature=ambient, Volume std. pressure=ambient
numflag pm25_mass, no unit, Version=2, Version description=Data extracted from http://views.cira.colostate.edu/fed/DataWizard 2019-12-16, Sample duration=1d, Orig. time res.=3d, Blank correction=Blank corrected, Volume std. temperature=ambient, Volume std. pressure=ambient
potassium, ug/m3, Revision date=20181210133000
numflag potassium, no unit, Revision date=20181210133000
sulphate_total, ug S/m3, Revision date=20181210133000
numflag sulphate_total, no unit, Revision date=20181210133000
0
25
Data definition:              EBAS_1.1
Set type code:                TU
Timezone:                     UTC
File name:                    US9045R.20050101080000.20191216000000.filterpack..pm25.52w.1w.US03L_filterpack_US9045.US03L_IMPROVE_Davis.lev2.nas
File creation:                20191218120829
Startdate:                    20050101080000
Revision date:                20191216000000
Statistics:                   arithmetic mean
Data level:                   2
Period code:                  52w
Resolution code:              1w
Station code:                 US9045R
Platform code:                US9045S
Station name:                 Sequoia NP
Station latitude:             36.4894
Station longitude:            -118.8291
Station altitude:             519.0 m
Regime:                       IMG
Component:                    
Matrix:                       pm25
Laboratory code:              US03L
Instrument type:              filterpack
Instrument name:              filterpack_US9045
Method ref:                   US03L_IMPROVE_Davis
starttime endtime Fe flag_Fe Pb flag_Pb Mg++ flag_Mg++ Ni flag_Ni NO3- flag_NO3- OC flag_OC OM flag_OM P flag_P PM10 flag_PM10 PM10-PM2.5 flag_PM10-PM2.5 PM2.5 flag_PM2.5 K+ flag_K+ SO4-- flag_SO4--
[from data line 82]
246.333333 247.333333   77.17 0.000  1.35 0.000 9.999 0.259 9.99 0.259000  0.089 0.000  2.013 0.000   3.623 0.000 999.99 0.259000  19.230 0.000  12.416 0.000   6.814 0.000 0.106 0.000  0.506 0.000
249.333333 250.333333  171.59 0.000  1.50 0.000 9.999 0.259 9.99 0.259000  0.113 0.000  2.029 0.000   3.653 0.000 999.99 0.259000  30.074 0.000  21.820 0.000   8.254 0.000 0.113 0.000  0.400 0.000
252.333333 253.333333   60.93 0.000  1.91 0.000 9.999 0.259 9.99 0.259000  0.288 0.000  1.934 0.000   3.481 0.000 999.99 0.259000  22.700 0.000  15.111 0.000   7.587 0.000 0.065 0.000  0.549 0.000
255.333333 256.333333   69.07 0.000  1.42 0.000 9.999 0.259 9.99 0.259000  0.377 0.000  1.965 0.000   3.537 0.000 999.99 0.259000  22.038 0.000  15.148 0.000   7.085 0.000 0.088 0.000  0.398 0.000
258.333333 259.333333  108.93 0.000  1.92 0.000 0.011 0.000 9.99 0.259000  0.342 0.000  5.363 0.000   9.654 0.000 999.99 0.259000  33.982 0.000  19.694 0.000  14.288 0.000 0.111 0.000  0.655 0.000
261.333333 262.333333   65.58 0.000  1.83 0.000 0.009 0.000 9.99 0.259000  0.114 0.000  4.203 0.000   7.566 0.000 999.99 0.259000  19.835 0.000  11.228 0.000   8.604 0.000 0.150 0.000  0.338 0.000
264.333333 265.333333  157.99 0.000  1.88 0.000 0.013 0.000 9.99 0.259000  0.117 0.000  3.846 0.000   6.923 0.000 999.99 0.259000  31.930 0.000  18.918 0.000  13.009 0.000 0.189 0.000  0.610 0.000
267.333333 268.333333   69.74 0.000  1.08 0.000 0.011 0.000 9.99 0.259000  0.284 0.000  2.988 0.000   5.378 0.000 999.99 0.259000 999.999 0.456  16.188 0.000   8.583 0.000 0.081 0.000  0.318 0.000
270.333333 271.333333   54.64 0.000  0.89 0.000 9.999 0.259 9.99 0.259000  0.102 0.000  2.361 0.000   4.251 0.000 999.99 0.259000  17.274 0.000  10.356 0.000   6.916 0.000 0.042 0.000  0.400 0.000
273.333333 274.333333   87.91 0.000  0.78 0.000 0.024 0.000 9.99 0.259000  0.199 0.000  2.728 0.000   4.909 0.000 999.99 0.259000  22.939 0.000  14.648 0.000   8.289 0.000 0.066 0.000  0.408 0.000
276.333333 277.333333   37.93 0.000  0.52 0.000 0.014 0.000 9.99 0.259000  0.146 0.000  1.119 0.000   2.014 0.000 999.99 0.259000  12.368 0.000   8.644 0.000   3.837 0.000 0.033 0.000  0.239 0.000
279.333333 280.333333   75.56 0.000  0.49 0.000 0.018 0.000 9.99 0.259000  0.074 0.000  1.062 0.000   1.911 0.000 999.99 0.259000  14.134 0.000   9.230 0.000   4.903 0.000 0.043 0.000  0.169 0.000
282.333333 283.333333   91.66 0.000  0.43 0.000 0.049 0.000 9.99 0.259000  0.171 0.000  2.259 0.000   4.066 0.000 999.99 0.259000  17.475 0.000  10.226 0.000   7.248 0.000 0.059 0.000  0.271 0.000
285.333333 286.333333  142.85 0.000  0.71 0.000 0.036 0.000 0.09 0.000000  0.123 0.000  3.637 0.000   6.546 0.000 999.99 0.259000  23.587 0.000  13.097 0.000  10.488 0.000 0.088 0.000  0.344 0.000
288.333333 289.333333   17.19 0.000  0.52 0.000 9.999 0.259 9.99 0.259000  0.078 0.000  2.904 0.000   5.227 0.000 999.99 0.259000  11.621 0.000   5.618 0.000   6.002 0.000 0.034 0.000  0.217 0.000
291.333333 292.333333   72.96 0.000  0.70 0.000 0.022 0.000 0.27 0.000000  0.909 0.000  2.469 0.000   4.445 0.000 999.99 0.259000  20.820 0.000  10.806 0.000  10.012 0.000 0.060 0.000  0.543 0.000
294.333333 295.333333   44.94 0.000  0.63 0.000 9.999 0.259 0.14 0.000000  0.314 0.000  3.482 0.000   6.268 0.000 999.99 0.259000  16.928 0.000   7.404 0.000   9.521 0.000 0.055 0.000  0.511 0.000
297.333333 298.333333 9999.99 0.999 99.99 0.999 9.999 0.999 9.99 0.999000 99.999 0.999 99.999 0.999 999.999 0.999 999.99 0.999000 999.999 0.999 999.999 0.999 999.999 0.999 9.999 0.999 99.999 0.999
300.333333 301.333333    8.06 0.000  0.30 0.000 0.006 0.000 9.99 0.259000  0.696 0.000  1.650 0.000   2.970 0.000 999.99 0.259000   9.201 0.000   4.325 0.000   4.875 0.000 0.041 0.000  0.156 0.000
303.333333 304.333333   40.62 0.000  2.96 0.000 0.013 0.000 9.99 0.259000  0.202 0.000  2.816 0.000   5.069 0.000 999.99 0.259000  13.070 0.000   4.679 0.000   8.389 0.000 0.058 0.000  0.595 0.000
306.333333 307.333333   62.49 0.000  1.72 0.000 9.999 0.259 9.99 0.259000  0.929 0.000  2.357 0.000   4.242 0.000 999.99 0.259000  19.943 0.000  10.504 0.000   9.439 0.000 0.087 0.000  0.443 0.000
309.333333 310.333333   31.29 0.000  0.94 0.000 9.999 0.259 9.99 0.259000  0.680 0.000  2.277 0.000   4.098 0.000 999.99 0.259000  15.287 0.000   3.861 0.000  11.425 0.000 0.074 0.000  0.330 0.000
312.333333 313.333333   51.16 0.000  1.06 0.000 9.999 0.259 0.31 0.000000  1.453 0.000  2.564 0.000   4.615 0.000 999.99 0.259000  21.617 0.000   9.679 0.000  11.938 0.000 0.094 0.000  0.434 0.000
315.333333 316.333333   18.53 0.000  0.69 0.000 9.999 0.259 9.99 0.259000  1.391 0.000  2.186 0.000   3.934 0.000 999.99 0.259000  17.212 0.000   5.674 0.000  11.537 0.000 0.046 0.000  0.397 0.000
318.333333 319.333333   18.57 0.000  0.76 0.000 9.999 0.259 0.18 0.000000  0.713 0.000  1.932 0.000   3.478 0.000 999.99 0.259000  12.266 0.000   6.200 0.000   6.198 0.000 0.034 0.000  0.446 0.000
321.333333 322.333333   28.00 0.000  0.65 0.000 9.999 0.259 9.99 0.259000  0.626 0.000  1.239 0.000   2.231 0.000 999.99 0.259000   8.780 0.000   4.661 0.000   4.119 0.000 0.022 0.000  0.142 0.000
324.333333 325.333333   27.50 0.000  0.65 0.000 0.013 0.000 9.99 0.259000  0.262 0.000  2.025 0.000   3.645 0.000 999.99 0.259000   9.318 0.000   4.899 0.000   4.419 0.000 0.022 0.000  0.112 0.000
327.333333 328.333333   63.63 0.000  1.15 0.000 9.999 0.259 0.12 0.000000  2.476 0.000  2.390 0.000   4.302 0.000 999.99 0.259000  26.130 0.000   8.688 0.000  17.441 0.000 0.052 0.000  0.302 0.000
330.333333 331.333333   20.08 0.000  0.48 0.000 9.999 0.259 9.99 0.259000  0.154 0.000  1.060 0.000   1.908 0.000 999.99 0.259000   7.791 0.000   4.851 0.000   2.939 0.000 0.037 0.000  0.098 0.000
333.333333 334.333333   17.14 0.000  0.98 0.000 9.999 0.259 9.99 0.259000  0.716 0.000  1.437 0.000   2.587 0.000 999.99 0.259000  11.498 0.000   3.778 0.000   7.720 0.000 0.064 0.000  0.196 0.000
336.333333 337.333333   11.05 0.000  0.85 0.000 9.999 0.259 9.99 0.259000  1.158 0.000  1.268 0.000   2.282 0.000 999.99 0.259000  13.305 0.000   3.030 0.000  10.273 0.000 0.036 0.000  0.321 0.000
339.333333 340.333333   12.87 0.000  0.60 0.000 0.005 0.000 9.99 0.259000  1.566 0.000  1.229 0.000   2.212 0.000 999.99 0.259000  14.418 0.000   2.064 0.000  12.378 0.000 0.044 0.000  0.182 0.000
342.333333 343.333333    8.39 0.000  0.81 0.000 9.999 0.259 9.99 0.259000  0.250 0.000  0.962 0.000   1.731 0.000 999.99 0.259000   4.973 0.000   1.989 0.000   2.984 0.000 0.021 0.000  0.087 0.000
345.333333 346.333333   10.04 0.000  0.87 0.000 9.999 0.259 9.99 0.259000  0.760 0.000  1.058 0.000   1.904 0.000 999.99 0.259000   7.428 0.000   1.330 0.000   6.098 0.000 0.044 0.000  0.122 0.000
348.333333 349.333333   12.90 0.000  1.13 0.000 9.999 0.259 9.99 0.259000  1.868 0.000  1.148 0.000   2.066 0.000 999.99 0.259000  15.817 0.000   1.304 0.000  14.510 0.000 0.055 0.000  0.287 0.000
351.333333 352.333333    3.39 0.000  0.16 0.000 9.999 0.259 9.99 0.259000  0.013 0.000  0.294 0.000   0.530 0.000 999.99 0.259000   2.156 0.000   1.267 0.000   0.889 0.000 0.010 0.000  0.038 0.000
354.333333 355.333333    4.71 0.000  5.26 0.000 9.999 0.259 9.99 0.259000  0.019 0.000  0.956 0.000   1.720 0.000   7.05 0.000000   5.760 0.000   3.844 0.000   1.916 0.000 0.040 0.000  0.035 0.000
357.333333 358.333333    5.62 0.000  0.22 0.000 0.003 0.000 9.99 0.259000  0.038 0.000  0.700 0.000   1.260 0.000 999.99 0.259000   3.843 0.000   2.300 0.000   1.543 0.000 0.016 0.000  0.076 0.000
360.333333 361.333333    2.30 0.000  0.31 0.000 0.009 0.000 9.99 0.259000  0.049 0.000  0.710 0.000   1.279 0.000 999.99 0.259000   6.329 0.000   4.668 0.000   1.719 0.000 0.017 0.000  0.055 0.000
363.333333 364.333333    6.19 0.000  0.59 0.000 9.999 0.259 9.99 0.259000  0.263 0.000  1.142 0.000   2.056 0.000 999.99 0.259000   7.839 0.000   4.358 0.000   3.481 0.000 0.033 0.000  0.187 0.000
