scripts/IMPROVE-2019_partial/data/US9013R.20050101070000.20191216000000.filterpack..pm25.52w.1w.US03L_filterpack_US9013.US03L_IMPROVE_Davis.lev2.nas
66 1001
MISSING INFORMATION
US03L, IMPROVE, , , , , , , 
MISSING INFORMATION
IMPROVE sel_HTAP
1 1
2005 01 01 2019 12 16
3.000000
days from file reference point
27
1 1 1 1 1 1 1 1 1 1 1 1 1 1 1 1 1 1 1 1 1 1 1 1 1 1 1
999.999999 9999.99 9.999 99.99 9.999 9.999 9.999999 9.99 9.999999 9.999 9.999 99.999 9.999 99.999 9.999 99.99 9.999999 999.999 9.999 999.999 9.999 99.999 9.999 9.999 9.999 9.999 9.999
end_time of measurement, days from the file reference point
iron, ng/m3, Revision date=20181210133000
numflag iron, no unit, Revision date=20181210133000
lead, ng/m3, Revision date=20181210133000
numflag lead, no unit, Revision date=20181210133000
magnesium, ug/m3, Revision date=20181210133000
numflag magnesium, no unit, Revision date=20181210133000
nickel, ng/m3, Revision date=20181210133000
numflag nickel, no unit, Revision date=20181210133000
nitrate, ug N/m3, Revision date=20181210133000
numflag nitrate, no unit, Revision date=20181210133000
organic_carbon, ug C/m3, Revision date=20181210133000
numflag organic_carbon, no unit, Revision date=20181210133000
organic_mass, ug/m3, Revision date=20181210133000
numflag organic_mass, no unit, Revision date=20181210133000
phosphorus, ng/m3, Revision date=20181210133000
numflag phosphorus, no unit, Revision date=20181210133000
pm10_mass, ug/m3, Version=2, Version description=Data extracted from http://views.cira.colostate.edu/fed/DataWizard 2019-12-16, Sample duration=1d, Orig. time res.=3d, Matrix=pm10, Blank correction=Blank corrected, Volume std. temperature=ambient, Volume std. pressure=ambient
numflag pm10_mass, no unit, Version=2, Version description=Data extracted from http://views.cira.colostate.edu/fed/DataWizard 2019-12-16, Sample duration=1d, Orig. time res.=3d, Matrix=pm10, Blank correction=Blank corrected, Volume std. temperature=ambient, Volume std. pressure=ambient
pm10_pm25_mass, ug/m3, Revision date=20181210133000, Matrix=pm10_pm25
numflag pm10_pm25_mass, no unit, Revision date=20181210133000, Matrix=pm10_pm25
pm25_mass, ug/m3, Version=2, Version description=Data extracted from http://views.cira.colostate.edu/fed/DataWizard 2019-12-16, Sample duration=1d, Orig. time res.=3d, Blank correction=Blank corrected, Volume std. temperature=ambient, Volume std. pressure=ambient
numflag pm25_mass, no unit, Version=2, Version description=Data extracted from http://views.cira.colostate.edu/fed/DataWizard 2019-12-16, Sample duration=1d, Orig. time res.=3d, Blank correction=Blank corrected, Volume std. temperature=ambient, Volume std. pressure=ambient
potassium, ug/m3, Revision date=20181210133000
numflag potassium, no unit, Revision date=20181210133000
sulphate_total, ug S/m3, Revision date=20181210133000
numflag sulphate_total, no unit, Revision date=20181210133000
0
25
Data definition:              EBAS_1.1
Set type code:                TU
Timezone:                     UTC
File name:                    US9013R.20050101070000.20191216000000.filterpack..pm25.52w.1w.US03L_filterpack_US9013.US03L_IMPROVE_Davis.lev2.nas
File creation:                20191218120602
Startdate:                    20050101070000
Revision date:                20191216000000
Statistics:                   arithmetic mean
Data level:                   2
Period code:                  52w
Resolution code:              1w
Station code:                 US9013R
Platform code:                US9013S
Station name:                 Northern Cheyenne
Station latitude:             45.6495
Station longitude:            -106.5574
Station altitude:             1283.0 m
Regime:                       IMG
Component:                    
Matrix:                       pm25
Laboratory code:              US03L
Instrument type:              filterpack
Instrument name:              filterpack_US9013
Method ref:                   US03L_IMPROVE_Davis
starttime endtime Fe flag_Fe Pb flag_Pb Mg++ flag_Mg++ Ni flag_Ni NO3- flag_NO3- OC flag_OC OM flag_OM P flag_P PM10 flag_PM10 PM10-PM2.5 flag_PM10-PM2.5 PM2.5 flag_PM2.5 K+ flag_K+ SO4-- flag_SO4--
[from data line 83]
249.291667 250.291667   62.37 0.000  0.42 0.000 9.999 0.259000 9.99 0.259000 0.018 0.000  1.182 0.000  2.127 0.000 99.99 0.259000  14.178 0.000   9.166 0.000  5.011 0.000 0.036 0.000 0.343 0.000
252.291667 253.291667   62.33 0.000  0.62 0.000 9.999 0.259000 9.99 0.259000 0.037 0.000  1.544 0.000  2.780 0.000 99.99 0.259000  13.124 0.000   7.737 0.000  5.387 0.000 0.065 0.000 0.264 0.000
255.291667 256.291667   25.60 0.000  0.56 0.000 9.999 0.259000 9.99 0.259000 0.016 0.000  0.767 0.000  1.380 0.000 99.99 0.259000   4.149 0.000   1.411 0.000  2.758 0.000 0.014 0.000 0.144 0.000
258.291667 259.291667   50.48 0.394  0.77 0.394 9.999 0.394259 9.99 0.394259 0.018 0.394  0.971 0.000  1.749 0.000 99.99 0.394259  20.151 0.000  16.927 0.000  3.614 0.000 0.054 0.394 0.176 0.394
261.291667 262.291667   18.84 0.000  0.50 0.000 9.999 0.259000 9.99 0.259000 0.009 0.000  0.363 0.000  0.653 0.000 99.99 0.259000   9.514 0.000   7.474 0.000  1.948 0.000 0.016 0.000 0.131 0.000
264.291667 265.291667   70.99 0.000  0.74 0.000 9.999 0.259000 9.99 0.259000 0.034 0.559  0.910 0.000  1.638 0.000 99.99 0.259000  19.026 0.000  14.827 0.000  4.013 0.000 0.054 0.000 0.240 0.559
267.291667 268.291667   13.38 0.000  0.45 0.000 9.999 0.259000 9.99 0.259000 0.113 0.559  0.580 0.559  1.045 0.559 99.99 0.259000   5.422 0.000   2.491 0.000  2.888 0.000 0.025 0.000 0.284 0.559
270.291667 271.291667    7.51 0.000  0.41 0.000 9.999 0.259000 9.99 0.259000 0.011 0.559  0.339 0.000  0.610 0.000 99.99 0.259000   2.101 0.000   0.892 0.000  1.191 0.000 0.006 0.000 0.093 0.559
273.291667 274.291667   18.58 0.000  0.37 0.000 9.999 0.259000 9.99 0.259000 0.008 0.559  0.534 0.000  0.961 0.000 99.99 0.259000   3.968 0.000   2.315 0.000  1.618 0.000 0.021 0.000 0.087 0.559
276.291667 277.291667    4.86 0.000  0.24 0.000 9.999 0.259000 9.99 0.259000 0.055 0.559  0.251 0.000  0.452 0.000 99.99 0.259000   1.162 0.000   0.419 0.000  0.741 0.000 0.021 0.000 0.065 0.559
279.291667 280.291667    4.04 0.000  0.25 0.000 0.013 0.000000 0.16 0.000000 0.015 0.559  0.896 0.000  1.613 0.000 99.99 0.259000   2.767 0.000   0.487 0.000  2.261 0.000 0.004 0.000 0.121 0.559
282.291667 283.291667   12.24 0.000  0.34 0.000 0.011 0.000000 9.99 0.259000 0.110 0.559  0.798 0.000  1.436 0.000 99.99 0.259000   6.226 0.000   2.147 0.000  4.031 0.000 0.068 0.000 0.431 0.559
285.291667 286.291667    9.13 0.000  0.29 0.000 9.999 0.259000 9.99 0.259000 0.008 0.559  0.496 0.000  0.894 0.000 99.99 0.259000   3.219 0.000   1.518 0.000  1.675 0.000 0.008 0.000 0.122 0.559
288.291667 289.291667   28.32 0.000  0.41 0.000 9.999 0.259000 9.99 0.259000 0.017 0.559  1.047 0.000  1.884 0.000 99.99 0.259000   8.740 0.000   4.890 0.000  3.775 0.000 0.025 0.000 0.204 0.559
291.291667 292.291667   34.42 0.000  0.36 0.000 9.999 0.259000 9.99 0.259000 0.030 0.559  0.917 0.000  1.651 0.000 99.99 0.259000   7.005 0.000   3.658 0.000  3.330 0.000 0.093 0.000 0.267 0.559
294.291667 295.291667   22.04 0.000  0.29 0.000 0.017 0.000000 0.07 0.000000 0.062 0.559  0.449 0.000  0.809 0.000 99.99 0.259000   4.210 0.000   1.570 0.000  2.608 0.000 0.020 0.000 0.230 0.559
297.291667 298.291667   18.86 0.000  0.37 0.000 9.999 0.259000 9.99 0.259000 0.008 0.559  0.648 0.000  1.166 0.000 99.99 0.259000   4.014 0.000   1.968 0.000  2.048 0.000 0.012 0.000 0.086 0.559
300.291667 301.291667   42.92 0.000  0.32 0.000 9.999 0.259000 9.99 0.259000 0.071 0.559  1.254 0.000  2.257 0.000 99.99 0.259000   9.261 0.000   5.014 0.000  4.169 0.000 0.034 0.000 0.192 0.559
303.291667 304.291667   13.58 0.000  0.56 0.000 9.999 0.259000 9.99 0.259000 0.009 0.559  0.129 0.000  0.232 0.000 99.99 0.259000   2.865 0.000   1.437 0.000  1.403 0.000 0.015 0.000 0.136 0.559
306.291667 307.291667   10.81 0.000  0.25 0.000 9.999 0.259000 9.99 0.259000 0.008 0.559  0.234 0.000  0.421 0.000 99.99 0.259000   2.480 0.000   1.127 0.000  1.333 0.000 0.011 0.000 0.120 0.559
309.291667 310.291667    5.51 0.000  0.23 0.000 9.999 0.259000 9.99 0.259000 0.004 0.559  0.056 0.000  0.101 0.000 99.99 0.259000   1.559 0.000   0.823 0.000  0.723 0.000 0.006 0.000 0.060 0.559
312.291667 313.291667   11.62 0.000  1.11 0.000 9.999 0.259000 9.99 0.259000 0.016 0.559  0.419 0.000  0.755 0.000 99.99 0.259000   2.149 0.000   0.665 0.000  1.484 0.000 0.017 0.000 0.170 0.559
315.291667 316.291667    4.63 0.000  0.15 0.000 9.999 0.259000 9.99 0.259000 0.008 0.559  0.206 0.000  0.370 0.000 99.99 0.259000   1.772 0.000   0.982 0.000  0.775 0.000 0.007 0.000 0.059 0.559
318.291667 319.291667    4.31 0.000  0.21 0.000 9.999 0.259000 9.99 0.259000 0.103 0.559  0.418 0.559  0.752 0.559 99.99 0.259000   3.474 0.000   1.283 0.000  2.176 0.000 0.012 0.000 0.351 0.559
321.291667 322.291667    7.78 0.000  0.33 0.000 9.999 0.259000 9.99 0.259000 0.005 0.559  0.219 0.000  0.395 0.000 99.99 0.259000   2.759 0.000   1.788 0.000  0.946 0.000 0.008 0.000 0.096 0.559
324.291667 325.291667   12.79 0.000  0.50 0.000 9.999 0.259000 9.99 0.259000 0.017 0.559  0.518 0.000  0.933 0.000 99.99 0.259000   3.022 0.000   1.604 0.000  1.392 0.000 0.014 0.000 0.105 0.559
327.291667 328.291667    9.26 0.000  0.27 0.000 0.005 0.000000 9.99 0.259000 0.005 0.000  0.496 0.000  0.893 0.000 99.99 0.259000   2.260 0.000   1.038 0.000  1.203 0.000 0.011 0.000 0.070 0.000
330.291667 331.291667    1.57 0.000  0.16 0.000 9.999 0.259000 9.99 0.259000 0.022 0.559  0.272 0.000  0.490 0.000 99.99 0.259000   0.509 0.000 999.999 0.259  0.641 0.000 0.006 0.000 0.078 0.559
333.291667 334.291667    4.60 0.000  0.19 0.000 9.999 0.259000 9.99 0.259000 0.058 0.000  0.080 0.559  0.144 0.559 99.99 0.259000   1.622 0.000   0.381 0.000  1.237 0.000 0.006 0.000 0.178 0.000
336.291667 337.291667    8.34 0.000  0.47 0.000 9.999 0.259000 0.09 0.000000 0.161 0.000  3.244 0.000  5.840 0.000 99.99 0.259000  10.001 0.000   1.285 0.000  8.653 0.000 0.143 0.000 0.428 0.000
339.291667 340.291667 9999.99 0.999 99.99 0.999 9.999 0.999000 9.99 0.999000 9.999 0.999 99.999 0.999 99.999 0.999 99.99 0.999000 999.999 0.999 999.999 0.999 99.999 0.999 9.999 0.999 9.999 0.999
342.291667 343.291667    7.66 0.000  0.28 0.000 0.004 0.000000 9.99 0.259000 0.009 0.000  0.295 0.000  0.531 0.000 99.99 0.259000   2.665 0.000   1.852 0.000  0.821 0.000 0.007 0.000 0.081 0.000
345.291667 346.291667    6.43 0.000  0.20 0.000 0.007 0.000000 9.99 0.259000 0.007 0.000  0.073 0.000  0.132 0.000 99.99 0.259000   1.340 0.000   0.582 0.000  0.747 0.000 0.006 0.000 0.089 0.000
348.291667 349.291667 9999.99 0.999 99.99 0.999 9.999 0.999000 9.99 0.999000 9.999 0.999 99.999 0.999 99.999 0.999 99.99 0.999000 999.999 0.999 999.999 0.999 99.999 0.999 9.999 0.999 9.999 0.999
351.291667 352.291667 9999.99 0.999 99.99 0.999 9.999 0.999000 9.99 0.999000 9.999 0.999 99.999 0.999 99.999 0.999 99.99 0.999000 999.999 0.999 999.999 0.999 99.999 0.999 9.999 0.999 9.999 0.999
354.291667 355.291667    3.59 0.000  0.13 0.000 9.999 0.259000 9.99 0.259000 0.003 0.000  0.182 0.000  0.327 0.000 99.99 0.259000   0.670 0.000   0.283 0.000  0.387 0.000 0.003 0.000 0.028 0.000
357.291667 358.291667    3.33 0.000  0.13 0.000 9.999 0.259000 9.99 0.259000 0.014 0.000  0.156 0.000  0.280 0.000 99.99 0.259000   0.921 0.000   0.348 0.000  0.565 0.000 0.003 0.000 0.033 0.000
360.291667 361.291667    4.03 0.000  0.41 0.000 9.999 0.259000 9.99 0.259000 0.020 0.000  0.252 0.000  0.454 0.000 99.99 0.259000   0.842 0.000   0.275 0.000  0.566 0.000 0.003 0.000 0.042 0.000
363.291667 364.291667    1.74 0.000  0.10 0.000 9.999 0.259000 9.99 0.259000 0.011 0.000  0.247 0.000  0.444 0.000  5.33 0.000000   0.669 0.000   0.186 0.000  0.478 0.000 0.003 0.000 0.029 0.000
