scripts/IMPROVE-2019_partial/data/US9032R.20030103090000.20191216000000.filterpack..pm25.1y.1w.US03L_filterpack_US9032.US03L_IMPROVE_Davis.lev2.nas
66 1001
MISSING INFORMATION
US03L, IMPROVE, , , , , , , 
MISSING INFORMATION
IMPROVE sel_HTAP
1 1
2003 01 01 2019 12 16
3.000
days from file reference point
27
1 1 1 1 1 1 1 1 1 1 1 1 1 1 1 1 1 1 1 1 1 1 1 1 1 1 1
999.999 999.99 9.999 99.99 9.999999 9.999 9.999999 9.99 9.999999 9.999 9.999999 99.999 9.999 99.999 9.999 99.99 9.999999 999.999 9.999 999.999 9.999 99.999 9.999 9.999 9.999 9.999 9.999
end_time of measurement, days from the file reference point
iron, ng/m3, Revision date=20181210133000
numflag iron, no unit, Revision date=20181210133000
lead, ng/m3, Revision date=20181210133000
numflag lead, no unit, Revision date=20181210133000
magnesium, ug/m3, Revision date=20181210133000
numflag magnesium, no unit, Revision date=20181210133000
nickel, ng/m3, Revision date=20181210133000
numflag nickel, no unit, Revision date=20181210133000
nitrate, ug N/m3, Revision date=20181210133000
numflag nitrate, no unit, Revision date=20181210133000
organic_carbon, ug C/m3, Revision date=20181210133000
numflag organic_carbon, no unit, Revision date=20181210133000
organic_mass, ug/m3, Revision date=20181210133000
numflag organic_mass, no unit, Revision date=20181210133000
phosphorus, ng/m3, Revision date=20181210133000
numflag phosphorus, no unit, Revision date=20181210133000
pm10_mass, ug/m3, Version=2, Version description=Data extracted from http://views.cira.colostate.edu/fed/DataWizard 2019-12-16, Sample duration=1d, Orig. time res.=3d, Matrix=pm10, Blank correction=Blank corrected, Volume std. temperature=ambient, Volume std. pressure=ambient
numflag pm10_mass, no unit, Version=2, Version description=Data extracted from http://views.cira.colostate.edu/fed/DataWizard 2019-12-16, Sample duration=1d, Orig. time res.=3d, Matrix=pm10, Blank correction=Blank corrected, Volume std. temperature=ambient, Volume std. pressure=ambient
pm10_pm25_mass, ug/m3, Revision date=20181210133000, Matrix=pm10_pm25
numflag pm10_pm25_mass, no unit, Revision date=20181210133000, Matrix=pm10_pm25
pm25_mass, ug/m3, Version=2, Version description=Data extracted from http://views.cira.colostate.edu/fed/DataWizard 2019-12-16, Sample duration=1d, Orig. time res.=3d, Blank correction=Blank corrected, Volume std. temperature=ambient, Volume std. pressure=ambient
numflag pm25_mass, no unit, Version=2, Version description=Data extracted from http://views.cira.colostate.edu/fed/DataWizard 2019-12-16, Sample duration=1d, Orig. time res.=3d, Blank correction=Blank corrected, Volume std. temperature=ambient, Volume std. pressure=ambient
potassium, ug/m3, Revision date=20181210133000
numflag potassium, no unit, Revision date=20181210133000
sulphate_total, ug S/m3, Revision date=20181210133000
numflag sulphate_total, no unit, Revision date=20181210133000
0
25
Data definition:              EBAS_1.1
Set type code:                TU
Timezone:                     UTC
File name:                    US9032R.20030103090000.20191216000000.filterpack..pm25.1y.1w.US03L_filterpack_US9032.US03L_IMPROVE_Davis.lev2.nas
File creation:                20191218120721
Startdate:                    20030103090000
Revision date:                20191216000000
Statistics:                   arithmetic mean
Data level:                   2
Period code:                  1y
Resolution code:              1w
Station code:                 US9032R
Platform code:                US9032S
Station name:                 Trapper Creek
Station latitude:             62.3153
Station longitude:            -150.3156
Station altitude:             155.0 m
Regime:                       IMG
Component:                    
Matrix:                       pm25
Laboratory code:              US03L
Instrument type:              filterpack
Instrument name:              filterpack_US9032
Method ref:                   US03L_IMPROVE_Davis
starttime endtime Fe flag_Fe Pb flag_Pb Mg++ flag_Mg++ Ni flag_Ni NO3- flag_NO3- OC flag_OC OM flag_OM P flag_P PM10 flag_PM10 PM10-PM2.5 flag_PM10-PM2.5 PM2.5 flag_PM2.5 K+ flag_K+ SO4-- flag_SO4--
  2.375   3.375  11.72 0.000  0.17 0.000000 9.999 0.259000 9.99 0.259000 0.003 0.000000  0.045 0.000  0.063 0.000 99.99 0.259000   2.628 0.000   1.936 0.000  0.691 0.000 0.007 0.000 0.060 0.000
  5.375   6.375   2.49 0.000  0.25 0.000000 9.999 0.259000 9.99 0.259000 0.018 0.000000  0.224 0.000  0.314 0.000 99.99 0.259000   1.556 0.000   0.458 0.000  1.098 0.000 0.006 0.000 0.058 0.000
  8.375   9.375   2.48 0.000  0.17 0.000000 9.999 0.259000 9.99 0.259000 0.006 0.000000  0.015 0.000  0.020 0.000 99.99 0.259000   1.164 0.000   0.783 0.000  0.381 0.000 0.002 0.000 0.040 0.000
 11.375  12.375   4.58 0.000 99.99 0.259000 9.999 0.259000 9.99 0.259000 0.003 0.000000  0.059 0.000  0.082 0.000 99.99 0.259000   1.464 0.000   0.930 0.000  0.534 0.000 0.004 0.000 0.052 0.000
 14.375  15.375   5.73 0.000 99.99 0.259000 9.999 0.259000 9.99 0.259000 0.001 0.000000 99.999 0.259 99.999 0.259 99.99 0.259000   1.290 0.000   1.041 0.000  0.249 0.000 0.003 0.000 0.022 0.000
 17.375  18.375   2.87 0.559  0.09 0.559000 9.999 0.559259 9.99 0.559259 0.006 0.000000  0.076 0.000  0.107 0.000  2.15 0.559000   0.525 0.000   0.232 0.000  0.293 0.559 0.002 0.559 0.011 0.000
 20.375  21.375   1.13 0.000  0.11 0.000000 9.999 0.259000 9.99 0.259000 9.999 0.259000 99.999 0.259 99.999 0.259 99.99 0.259000   0.228 0.000   0.103 0.000  0.124 0.000 0.001 0.000 0.011 0.000
 23.375  24.375  10.57 0.000  0.73 0.000000 0.013 0.000000 0.04 0.000000 0.003 0.000000  0.071 0.000  0.100 0.000 99.99 0.259000   2.467 0.000   1.448 0.000  1.018 0.000 0.008 0.000 0.138 0.000
 26.375  27.375   6.54 0.000  0.13 0.000000 9.999 0.259000 9.99 0.259000 0.003 0.000000  0.021 0.000  0.029 0.000 99.99 0.259000   1.812 0.000   1.433 0.000  0.379 0.000 0.004 0.000 0.060 0.000
 29.375  30.375   2.64 0.000  0.25 0.000000 9.999 0.259000 9.99 0.259000 0.001 0.000000  0.012 0.000  0.017 0.000 99.99 0.259000   0.560 0.000   0.313 0.000  0.247 0.000 0.002 0.000 0.021 0.000
 32.375  33.375  16.55 0.000  0.08 0.000000 9.999 0.259000 9.99 0.259000 0.003 0.000000  0.137 0.000  0.191 0.000  1.37 0.000000   0.793 0.000   0.334 0.000  0.459 0.000 0.003 0.000 0.027 0.000
 35.375  36.375   0.97 0.000 99.99 0.259000 0.024 0.000000 9.99 0.259000 0.000 0.000000 99.999 0.259 99.999 0.259 99.99 0.259000   0.485 0.000   0.113 0.000  0.372 0.000 0.003 0.000 0.012 0.000
 38.375  39.375   0.58 0.000  0.10 0.000000 0.029 0.000000 0.04 0.000000 0.001 0.000000 99.999 0.259 99.999 0.259 99.99 0.259000   0.187 0.000 999.999 0.259  0.212 0.000 9.999 0.259 0.006 0.000
 41.375  42.375   0.69 0.000 99.99 0.259000 0.025 0.000000 0.04 0.000000 0.002 0.559000 99.999 0.259 99.999 0.259 99.99 0.259000   0.490 0.000   0.270 0.000  0.220 0.000 0.004 0.000 0.007 0.559
 44.375  45.375   2.65 0.000  0.56 0.000000 9.999 0.259000 9.99 0.259000 0.007 0.000000 99.999 0.259 99.999 0.259  3.53 0.000000   1.014 0.000   0.245 0.000  0.768 0.000 0.004 0.000 0.107 0.000
 47.375  48.375   6.75 0.000  0.21 0.000000 0.017 0.000000 9.99 0.259000 0.002 0.000000 99.999 0.259 99.999 0.259 99.99 0.259000   0.683 0.000   0.275 0.000  0.408 0.000 0.003 0.000 0.064 0.000
 50.375  51.375   6.47 0.000  0.80 0.000000 9.999 0.259000 9.99 0.259000 0.006 0.000000  0.047 0.000  0.066 0.000 99.99 0.259000   1.623 0.000   0.392 0.000  1.231 0.000 0.012 0.000 0.210 0.000
 53.375  54.375   1.78 0.000  0.15 0.000000 9.999 0.259000 9.99 0.259000 0.001 0.000000 99.999 0.259 99.999 0.259 99.99 0.259000   0.448 0.000   0.322 0.000  0.126 0.000 0.004 0.000 0.039 0.000
 56.375  57.375   0.57 0.000  0.10 0.000000 9.999 0.259000 9.99 0.259000 0.001 0.000000 99.999 0.259 99.999 0.259  0.65 0.000000   0.112 0.000 999.999 0.259  0.156 0.000 0.002 0.000 0.009 0.000
 59.375  60.375   3.15 0.000  0.38 0.000000 0.007 0.000000 9.99 0.259000 0.003 0.000000  0.139 0.000  0.194 0.000 99.99 0.259000   0.668 0.000   0.321 0.000  0.347 0.000 0.003 0.000 0.019 0.000
 62.375  63.375   3.64 0.000  0.07 0.000000 9.999 0.259000 0.07 0.000000 0.047 0.000000  0.158 0.000  0.222 0.000 99.99 0.259000   2.693 0.000   1.321 0.000  1.372 0.000 0.009 0.000 0.105 0.000
 65.375  66.375   6.15 0.000  0.12 0.000000 0.015 0.000000 0.04 0.000000 0.006 0.000000  0.099 0.000  0.139 0.000 99.99 0.259000   1.464 0.000   0.946 0.000  0.518 0.000 0.005 0.000 0.092 0.000
 68.375  69.375  10.84 0.000  0.51 0.000000 9.999 0.259000 9.99 0.259000 0.007 0.000000  0.096 0.000  0.134 0.000 99.99 0.259000   1.963 0.000   0.975 0.000  0.988 0.000 0.010 0.000 0.143 0.000
 71.375  72.375 999.99 0.999 99.99 0.999000 9.999 0.999000 9.99 0.999000 9.999 0.999000 99.999 0.999 99.999 0.999 99.99 0.999000 999.999 0.999 999.999 0.999 99.999 0.999 9.999 0.999 9.999 0.999
 74.375  75.375  11.76 0.000  1.28 0.000000 9.999 0.259000 0.06 0.000000 0.027 0.000000  0.219 0.000  0.306 0.000 99.99 0.259000   2.464 0.000   1.176 0.000  1.288 0.000 0.012 0.000 0.170 0.000
 77.375  78.375   3.86 0.000  0.25 0.000000 0.011 0.000000 9.99 0.259000 0.021 0.000000  0.064 0.000  0.090 0.000 99.99 0.259000   1.126 0.000   0.723 0.000  0.403 0.000 0.004 0.000 0.038 0.000
 80.375  81.375  10.37 0.000  1.19 0.000000 0.013 0.000000 0.13 0.000000 0.062 0.000000  0.514 0.000  0.720 0.000 99.99 0.259000   3.434 0.000   0.725 0.000  2.709 0.000 0.016 0.000 0.343 0.000
 83.375  84.375   5.34 0.000  0.20 0.000000 0.013 0.000000 9.99 0.259000 0.013 0.000000  0.029 0.000  0.041 0.000 99.99 0.259000   0.981 0.000   0.574 0.000  0.407 0.000 0.005 0.000 0.059 0.000
 86.375  87.375  26.72 0.000  0.89 0.000000 9.999 0.259000 9.99 0.259000 0.028 0.000000  0.164 0.000  0.230 0.000 99.99 0.259000   3.116 0.000   1.057 0.000  2.059 0.000 0.023 0.000 0.264 0.000
 89.375  90.375   9.41 0.000  0.36 0.000000 9.999 0.259000 9.99 0.259000 0.022 0.559000  0.163 0.000  0.228 0.000 99.99 0.259000   2.505 0.000   0.929 0.000  1.575 0.000 0.012 0.000 0.202 0.559
 92.375  93.375  10.53 0.559  0.65 0.559000 9.999 0.559259 9.99 0.559259 0.019 0.000000  0.185 0.000  0.259 0.000 99.99 0.559259   2.590 0.000   0.970 0.000  1.620 0.559 0.015 0.559 0.216 0.000
 95.375  96.375  12.38 0.000  0.93 0.000000 9.999 0.259000 9.99 0.259000 0.016 0.000000  0.238 0.000  0.333 0.000 99.99 0.259000   3.041 0.000   0.973 0.000  2.067 0.000 0.019 0.000 0.285 0.000
 98.375  99.375  10.72 0.000  0.50 0.000000 9.999 0.259000 9.99 0.259000 0.006 0.000000  0.199 0.000  0.278 0.000 99.99 0.259000   2.515 0.000   1.203 0.000  1.312 0.000 0.010 0.000 0.148 0.000
101.375 102.375   6.11 0.559  0.40 0.559000 0.016 0.559000 9.99 0.559259 0.026 0.559000  0.441 0.000  0.618 0.000 99.99 0.559259   2.800 0.000   1.490 0.000  1.310 0.559 0.008 0.559 0.052 0.559
104.375 105.375   5.87 0.000  0.24 0.000000 9.999 0.259000 0.05 0.000000 0.023 0.000000  0.216 0.000  0.302 0.000 99.99 0.259000   3.148 0.000   1.984 0.000  1.164 0.000 0.006 0.000 0.117 0.000
107.375 108.375  14.44 0.000  0.47 0.000000 0.009 0.000000 9.99 0.259000 0.009 0.000000  0.341 0.000  0.478 0.000 99.99 0.259000   3.398 0.000   1.646 0.000  1.752 0.000 0.016 0.000 0.144 0.000
110.375 111.375   6.10 0.000  0.30 0.000000 9.999 0.259000 9.99 0.259000 0.003 0.000000  0.054 0.000  0.076 0.000 99.99 0.259000   1.276 0.000   0.665 0.000  0.611 0.000 0.006 0.000 0.047 0.000
113.375 114.375  39.61 0.000  1.02 0.000000 9.999 0.259000 9.99 0.259000 0.011 0.000000  0.362 0.000  0.507 0.000 99.99 0.259000   6.384 0.000   4.007 0.000  2.377 0.000 0.028 0.000 0.192 0.000
116.375 117.375  82.38 0.000  1.01 0.000000 9.999 0.259000 0.06 0.000000 0.016 0.000000  0.670 0.000  0.937 0.000 99.99 0.259000   7.130 0.000   3.531 0.000  3.600 0.000 0.053 0.000 0.164 0.000
119.375 120.375  35.42 0.000  1.13 0.000000 9.999 0.259000 0.07 0.000000 0.014 0.000000  1.251 0.000  1.751 0.000 99.99 0.259000   7.766 0.000   2.223 0.000  5.543 0.000 0.041 0.000 0.503 0.000
122.375 123.375  45.96 0.000  1.21 0.000000 9.999 0.259000 0.03 0.000000 0.012 0.000000  0.787 0.000  1.102 0.000 99.99 0.259000   8.139 0.000   3.775 0.000  4.364 0.000 0.044 0.000 0.401 0.000
125.375 126.375   6.40 0.000  0.59 0.000000 9.999 0.259000 9.99 0.259000 0.032 0.000000  1.493 0.000  2.091 0.000 99.99 0.259000   5.538 0.000   0.860 0.000  4.678 0.000 0.018 0.000 0.314 0.000
128.375 129.375  12.88 0.000  0.78 0.000000 9.999 0.259000 9.99 0.259000 0.013 0.000000  0.936 0.000  1.311 0.000 99.99 0.259000   4.242 0.000   0.929 0.000  3.313 0.000 0.019 0.000 0.215 0.000
131.375 132.375  12.17 0.559  0.72 0.559000 9.999 0.559259 9.99 0.559259 0.021 0.000000  2.273 0.000  3.182 0.000 99.99 0.559259   9.159 0.000   0.910 0.000  8.249 0.559 0.027 0.559 0.743 0.000
134.375 135.375  12.71 0.559  0.53 0.559000 9.999 0.559259 9.99 0.559259 0.012 0.000000  0.985 0.000  1.379 0.000 99.99 0.559259   6.310 0.000   2.669 0.000  3.641 0.559 0.013 0.559 0.266 0.000
137.375 138.375   6.98 0.559  0.44 0.559000 9.999 0.559259 9.99 0.559259 0.029 0.000000  0.934 0.000  1.308 0.000 99.99 0.559259   5.339 0.000   1.620 0.000  3.719 0.559 0.016 0.559 0.337 0.000
140.375 141.375   9.97 0.000  0.53 0.000000 9.999 0.259000 9.99 0.259000 0.012 0.000000  1.251 0.000  1.751 0.000 99.99 0.259000   5.273 0.000   1.268 0.000  4.005 0.000 0.016 0.000 0.230 0.000
143.375 144.375  15.01 0.559  0.49 0.559000 9.999 0.559259 9.99 0.559259 0.003 0.000000  0.711 0.000  0.995 0.000 99.99 0.559259   4.765 0.000   2.295 0.000  2.471 0.559 0.012 0.559 0.167 0.000
146.375 147.375   4.03 0.000  0.22 0.000000 9.999 0.259000 9.99 0.259000 0.006 0.000000  0.391 0.000  0.547 0.000 99.99 0.259000   2.477 0.000   1.588 0.000  0.889 0.000 0.004 0.000 0.037 0.000
149.375 150.375  10.89 0.000  0.39 0.000000 9.999 0.259000 9.99 0.259000 0.015 0.000000  0.633 0.000  0.887 0.000 99.99 0.259000   4.085 0.000   2.056 0.000  2.029 0.000 0.009 0.000 0.097 0.000
152.375 153.375   3.61 0.000  0.24 0.000000 9.999 0.259000 9.99 0.259000 0.012 0.000000  0.291 0.000  0.408 0.000 99.99 0.259000   2.971 0.000   1.677 0.000  1.294 0.000 0.004 0.000 0.094 0.000
155.375 156.375  25.59 0.000  0.38 0.000000 9.999 0.259000 9.99 0.259000 0.009 0.000000  0.527 0.000  0.738 0.000 99.99 0.259000   5.459 0.000   3.528 0.000  1.931 0.000 0.013 0.000 0.061 0.000
158.375 159.375   3.06 0.000  0.41 0.000000 9.999 0.259000 0.17 0.000000 0.034 0.000000  0.521 0.000  0.729 0.000 99.99 0.259000   3.696 0.000   1.883 0.000  1.813 0.000 0.011 0.000 0.129 0.000
161.375 162.375   9.98 0.000  0.55 0.000000 9.999 0.259000 9.99 0.259000 0.009 0.000000  1.439 0.000  2.015 0.000 99.99 0.259000   5.541 0.000   1.876 0.000  3.665 0.000 0.019 0.000 0.096 0.000
164.375 165.375  13.62 0.000  0.58 0.000000 9.999 0.259000 9.99 0.259000 0.018 0.000000  1.353 0.000  1.894 0.000 99.99 0.259000   6.165 0.000   2.106 0.000  4.059 0.000 0.017 0.000 0.148 0.000
167.375 168.375   6.37 0.000  0.34 0.000000 0.046 0.000000 9.99 0.259000 0.005 0.000000  0.621 0.000  0.869 0.000 99.99 0.259000   3.061 0.000   1.306 0.000  1.754 0.000 0.008 0.000 0.068 0.000
170.375 171.375   2.84 0.000  0.55 0.000000 9.999 0.259000 9.99 0.259000 0.033 0.000000  0.382 0.000  0.535 0.000 99.99 0.259000   3.546 0.000   1.575 0.000  1.971 0.000 0.010 0.000 0.187 0.000
173.375 174.375   5.31 0.559  0.55 0.559000 9.999 0.559259 9.99 0.559259 0.022 0.000000  0.724 0.000  1.014 0.000 99.99 0.559259   4.159 0.000   1.712 0.000  2.447 0.559 0.010 0.559 0.167 0.000
176.375 177.375   1.92 0.559 99.99 0.559259 9.999 0.559259 0.15 0.559000 0.004 0.000000  0.433 0.000  0.606 0.000 99.99 0.559259   2.674 0.000   1.550 0.000  1.123 0.559 0.008 0.559 0.043 0.000
179.375 180.375   7.55 0.559  0.85 0.559000 9.999 0.559259 9.99 0.559259 0.016 0.000000  0.877 0.000  1.228 0.000 99.99 0.559259   4.234 0.000   1.853 0.000  2.381 0.559 0.011 0.559 0.073 0.000
182.375 183.375   2.40 0.000  0.30 0.000000 9.999 0.259000 9.99 0.259000 0.006 0.000000  0.526 0.000  0.737 0.000 99.99 0.259000   3.936 0.000   2.432 0.000  1.504 0.000 0.008 0.000 0.071 0.000
185.375 186.375   4.12 0.559  0.64 0.559000 9.999 0.559259 9.99 0.559259 0.015 0.000000  0.650 0.000  0.911 0.000 99.99 0.559259   4.011 0.000   1.797 0.000  2.214 0.559 0.028 0.559 0.085 0.000
188.375 189.375   9.64 0.559  0.27 0.559000 0.025 0.559000 9.99 0.559259 0.005 0.000000  1.105 0.000  1.547 0.000 99.99 0.559259   5.935 0.000   2.772 0.000  3.163 0.559 0.011 0.559 0.107 0.000
191.375 192.375   6.54 0.000  0.60 0.000000 9.999 0.259000 9.99 0.259000 0.016 0.000000  0.975 0.000  1.365 0.000 99.99 0.259000   4.939 0.000   1.835 0.000  3.104 0.000 0.009 0.000 0.156 0.000
194.375 195.375  15.15 0.559  0.51 0.559000 0.026 0.559000 0.11 0.559000 0.019 0.000000  1.767 0.000  2.474 0.000 99.99 0.559259   8.096 0.000   3.311 0.000  4.785 0.559 0.016 0.559 0.106 0.000
197.375 198.375   2.39 0.000 99.99 0.259000 9.999 0.259000 0.05 0.000000 9.999 0.559259  0.091 0.000  0.127 0.000  1.44 0.000000   1.337 0.000   1.027 0.000  0.310 0.000 0.007 0.000 0.023 0.559
200.375 201.375  13.90 0.000  0.80 0.000000 9.999 0.259000 0.13 0.000000 0.020 0.559000  1.371 0.000  1.920 0.000 99.99 0.259000   6.797 0.000   2.751 0.000  4.046 0.000 0.012 0.000 0.109 0.559
203.375 204.375   5.27 0.000  0.42 0.000000 9.999 0.259000 0.05 0.000000 0.028 0.559000  0.917 0.000  1.284 0.000 99.99 0.259000   6.501 0.000   2.650 0.000  3.851 0.000 0.010 0.000 0.204 0.559
206.375 207.375   2.14 0.000  0.47 0.000000 9.999 0.259000 9.99 0.259000 9.999 0.559259  0.177 0.000  0.247 0.000 99.99 0.259000   3.214 0.000   2.311 0.000  0.903 0.000 0.008 0.000 0.041 0.559
209.375 210.375   0.90 0.000  0.41 0.000000 0.014 0.000000 9.99 0.259000 0.001 0.559000  0.391 0.000  0.547 0.000 99.99 0.259000   3.322 0.000   1.950 0.000  1.372 0.000 0.010 0.000 0.076 0.559
212.375 213.375   2.74 0.000  0.14 0.000000 0.018 0.000000 9.99 0.259000 9.999 0.559259  0.317 0.000  0.443 0.000 99.99 0.259000   3.268 0.000   2.267 0.000  1.001 0.000 0.009 0.000 0.020 0.559
215.375 216.375   2.78 0.000  0.26 0.000000 9.999 0.259000 9.99 0.259000 9.999 0.559259  0.385 0.000  0.540 0.000 99.99 0.259000   2.586 0.000   1.547 0.000  1.038 0.000 0.005 0.000 0.015 0.559
218.375 219.375  13.13 0.559  0.79 0.559000 0.052 0.559000 0.12 0.559000 0.026 0.559000  2.007 0.000  2.810 0.000 99.99 0.559259   8.690 0.000   3.768 0.000  4.922 0.559 0.014 0.559 0.127 0.559
221.375 222.375  14.98 0.559  0.85 0.559000 9.999 0.559259 0.05 0.559000 0.009 0.559000  2.470 0.000  3.458 0.000 99.99 0.559259   9.507 0.000   2.988 0.000  6.519 0.559 0.018 0.559 0.098 0.559
224.375 225.375   1.39 0.000  0.21 0.000000 9.999 0.259000 9.99 0.259000 9.999 0.559259  0.244 0.000  0.342 0.000 99.99 0.259000   2.451 0.000   1.630 0.000  0.821 0.000 0.005 0.000 0.027 0.559
227.375 228.375   0.61 0.000  0.36 0.000000 9.999 0.259000 9.99 0.259000 9.999 0.559259  0.191 0.000  0.268 0.000 99.99 0.259000   2.179 0.000   1.595 0.000  0.584 0.000 0.005 0.000 0.017 0.559
230.375 231.375   1.41 0.000  0.20 0.000000 9.999 0.259000 9.99 0.259000 0.008 0.559000  0.601 0.000  0.841 0.000 99.99 0.259000   4.766 0.000   2.587 0.000  2.179 0.000 0.009 0.000 0.124 0.559
233.375 234.375   2.03 0.000  0.68 0.000000 0.042 0.000000 9.99 0.259000 9.999 0.559259  0.477 0.000  0.667 0.000 99.99 0.259000   5.013 0.000   3.474 0.000  1.540 0.000 0.009 0.000 0.046 0.559
236.375 237.375   4.28 0.000  0.72 0.000000 0.021 0.000000 0.14 0.000000 0.008 0.559000  0.252 0.000  0.353 0.000 99.99 0.259000   3.342 0.000   1.852 0.000  1.490 0.000 0.007 0.000 0.123 0.559
239.375 240.375   1.45 0.000  0.21 0.000000 0.036 0.000000 0.07 0.000000 0.002 0.559000  0.120 0.000  0.168 0.000 99.99 0.259000   4.876 0.000   4.264 0.000  0.612 0.000 0.007 0.000 0.013 0.559
242.375 243.375   1.21 0.000  0.42 0.000000 9.999 0.259000 0.05 0.000000 0.024 0.559000  0.325 0.000  0.455 0.000 99.99 0.259000   5.756 0.000   3.379 0.000  2.377 0.000 0.010 0.000 0.229 0.559
245.375 246.375   2.73 0.000  0.47 0.000000 0.022 0.000000 0.12 0.000000 0.012 0.559000  0.550 0.000  0.771 0.000 99.99 0.259000   5.226 0.000   3.682 0.000  1.544 0.000 0.009 0.000 0.061 0.559
