scripts/IMPROVE-2019_partial/data/US9059R.20060102060000.20191216000000.filterpack..pm25.52w.1w.US03L_filterpack_US9059.US03L_IMPROVE_Davis.lev2.nas
66 1001
MISSING INFORMATION
US03L, IMPROVE, , , , , , , 
MISSING INFORMATION
IMPROVE sel_HTAP
1 1
2006 01 01 2019 12 16
3.00
days from file reference point
27
1 1 1 1 1 1 1 1 1 1 1 1 1 1 1 1 1 1 1 1 1 1 1 1 1 1 1
999.99 99999.99 9.999 99.99 9.999 9.999 9.999999 99.99 9.999 9.999 9.999999 999.999 9.999 999.999 9.999 999.9 9.999999 999.999 9.999 999.999 9.999 999.999 9.999 9.999 9.999 99.999 9.999999
end_time of measurement, days from the file reference point
iron, ng/m3, Revision date=20181210133000
numflag iron, no unit, Revision date=20181210133000
lead, ng/m3, Revision date=20181210133000
numflag lead, no unit, Revision date=20181210133000
magnesium, ug/m3, Revision date=20181210133000
numflag magnesium, no unit, Revision date=20181210133000
nickel, ng/m3, Revision date=20181210133000
numflag nickel, no unit, Revision date=20181210133000
nitrate, ug N/m3, Revision date=20181210133000
numflag nitrate, no unit, Revision date=20181210133000
organic_carbon, ug C/m3, Revision date=20181210133000
numflag organic_carbon, no unit, Revision date=20181210133000
organic_mass, ug/m3, Revision date=20181210133000
numflag organic_mass, no unit, Revision date=20181210133000
phosphorus, ng/m3, Revision date=20181210133000
numflag phosphorus, no unit, Revision date=20181210133000
pm10_mass, ug/m3, Version=2, Version description=Data extracted from http://views.cira.colostate.edu/fed/DataWizard 2019-12-16, Sample duration=1d, Orig. time res.=3d, Matrix=pm10, Blank correction=Blank corrected, Volume std. temperature=ambient, Volume std. pressure=ambient
numflag pm10_mass, no unit, Version=2, Version description=Data extracted from http://views.cira.colostate.edu/fed/DataWizard 2019-12-16, Sample duration=1d, Orig. time res.=3d, Matrix=pm10, Blank correction=Blank corrected, Volume std. temperature=ambient, Volume std. pressure=ambient
pm10_pm25_mass, ug/m3, Revision date=20181210133000, Matrix=pm10_pm25
numflag pm10_pm25_mass, no unit, Revision date=20181210133000, Matrix=pm10_pm25
pm25_mass, ug/m3, Version=2, Version description=Data extracted from http://views.cira.colostate.edu/fed/DataWizard 2019-12-16, Sample duration=1d, Orig. time res.=3d, Blank correction=Blank corrected, Volume std. temperature=ambient, Volume std. pressure=ambient
numflag pm25_mass, no unit, Version=2, Version description=Data extracted from http://views.cira.colostate.edu/fed/DataWizard 2019-12-16, Sample duration=1d, Orig. time res.=3d, Blank correction=Blank corrected, Volume std. temperature=ambient, Volume std. pressure=ambient
potassium, ug/m3, Revision date=20181210133000
numflag potassium, no unit, Revision date=20181210133000
sulphate_total, ug S/m3, Revision date=20181210133000
numflag sulphate_total, no unit, Revision date=20181210133000
0
25
Data definition:              EBAS_1.1
Set type code:                TU
Timezone:                     UTC
File name:                    US9059R.20060102060000.20191216000000.filterpack..pm25.52w.1w.US03L_filterpack_US9059.US03L_IMPROVE_Davis.lev2.nas
File creation:                20191218120927
Startdate:                    20060102060000
Revision date:                20191216000000
Statistics:                   arithmetic mean
Data level:                   2
Period code:                  52w
Resolution code:              1w
Station code:                 US9059R
Platform code:                US9059S
Station name:                 Sikes
Station latitude:             32.0574
Station longitude:            -92.435
Station altitude:             45.0 m
Regime:                       IMG
Component:                    
Matrix:                       pm25
Laboratory code:              US03L
Instrument type:              filterpack
Instrument name:              filterpack_US9059
Method ref:                   US03L_IMPROVE_Davis
starttime endtime Fe flag_Fe Pb flag_Pb Mg++ flag_Mg++ Ni flag_Ni NO3- flag_NO3- OC flag_OC OM flag_OM P flag_P PM10 flag_PM10 PM10-PM2.5 flag_PM10-PM2.5 PM2.5 flag_PM2.5 K+ flag_K+ SO4-- flag_SO4--
  1.25   2.25    86.79 0.000  2.16 0.000 0.033 0.000000  1.46 0.000 0.161 0.000000   2.551 0.000   3.571 0.000 999.9 0.259000  30.133 0.000  15.339 0.000  14.793 0.000 0.193 0.000  1.801 0.000000
  4.25   5.25 99999.99 0.999 99.99 0.999 9.999 0.999000 99.99 0.999 9.999 0.999000 999.999 0.999 999.999 0.999 999.9 0.999000 999.999 0.999 999.999 0.999 999.999 0.999 9.999 0.999 99.999 0.999000
  7.25   8.25 99999.99 0.999 99.99 0.999 9.999 0.999000 99.99 0.999 9.999 0.999000 999.999 0.999 999.999 0.999 999.9 0.999000 999.999 0.999 999.999 0.999 999.999 0.999 9.999 0.999 99.999 0.999000
 10.25  11.25    36.38 0.000  1.24 0.000 9.999 0.259000 99.99 0.259 0.032 0.000000   1.053 0.000   1.474 0.000 999.9 0.259000   5.973 0.000   1.487 0.000   4.486 0.000 0.032 0.000  0.527 0.000000
 13.25  14.25    27.56 0.000  0.31 0.000 9.999 0.259000 99.99 0.259 0.027 0.000000   0.851 0.000   1.191 0.000 999.9 0.259000   2.248 0.000 999.999 0.259   2.336 0.000 0.042 0.000  0.137 0.000000
 16.25  17.25    37.39 0.000  0.83 0.000 0.017 0.000000 99.99 0.259 0.077 0.000000   0.706 0.000   0.989 0.000 999.9 0.259000   7.180 0.000   2.099 0.000   5.081 0.000 0.037 0.000  0.722 0.000000
 19.25  20.25    13.57 0.000  5.81 0.000 0.027 0.000000  0.71 0.000 0.120 0.000000   1.327 0.000   1.858 0.000 999.9 0.259000  11.745 0.000   5.683 0.000   6.062 0.000 0.062 0.000  0.656 0.000000
 22.25  23.25     3.87 0.000  3.40 0.000 0.009 0.000000 99.99 0.259 0.101 0.000000   0.616 0.000   0.862 0.000 999.9 0.259000   4.617 0.000   1.169 0.000   3.448 0.000 0.028 0.000  0.548 0.000000
 25.25  26.25    20.68 0.000  1.54 0.000 9.999 0.259000 99.99 0.259 0.015 0.559000   0.960 0.000   1.345 0.000 999.9 0.259000   3.895 0.000   1.811 0.000   2.084 0.000 0.021 0.000  0.081 0.559000
 28.25  29.25    40.62 0.000  1.00 0.000 9.999 0.259000 99.99 0.259 0.040 0.000000   1.377 0.000   1.929 0.000 999.9 0.259000  11.711 0.000   6.637 0.000   5.074 0.000 0.064 0.000  0.480 0.000000
 31.25  32.25    19.22 0.000  5.35 0.000 9.999 0.259000  0.32 0.000 0.086 0.000000   1.967 0.000   2.754 0.000 999.9 0.259000  10.747 0.000   4.396 0.000   6.352 0.000 0.058 0.000  0.406 0.000000
 34.25  35.25    12.07 0.000  0.63 0.000 9.999 0.259000 99.99 0.259 0.112 0.000000   1.246 0.000   1.744 0.000 999.9 0.259000   6.127 0.000   2.422 0.000   3.705 0.000 0.039 0.000  0.278 0.000000
 37.25  38.25    17.22 0.000  2.10 0.000 9.999 0.259000 99.99 0.259 0.146 0.000000   1.756 0.000   2.459 0.000 999.9 0.259000   8.104 0.000   2.687 0.000   5.416 0.000 0.041 0.000  0.374 0.000000
 40.25  41.25    13.16 0.000  2.71 0.000 9.999 0.259000  0.41 0.000 0.118 0.000000   1.503 0.000   2.105 0.000 999.9 0.259000   7.740 0.000   1.756 0.000   5.984 0.000 0.041 0.000  0.513 0.000000
 43.25  44.25    14.38 0.000  0.60 0.000 9.999 0.259000 99.99 0.259 0.099 0.000000   1.003 0.000   1.405 0.000 999.9 0.259000   6.043 0.000   2.866 0.000   3.177 0.000 0.027 0.000  0.259 0.000000
 46.25  47.25    12.62 0.000  0.87 0.000 9.999 0.259000  0.66 0.000 0.139 0.000000   3.475 0.000   4.865 0.000 999.9 0.259000  17.135 0.000   6.795 0.000  10.340 0.000 0.075 0.000  0.786 0.000000
 49.25  50.25    15.26 0.000  1.48 0.000 9.999 0.259000  0.22 0.000 0.220 0.000000   0.589 0.000   0.825 0.000 999.9 0.259000   6.733 0.000   2.226 0.000   4.507 0.000 0.033 0.000  0.542 0.000000
 52.25  53.25     7.26 0.000  1.39 0.000 9.999 0.259000  0.37 0.000 0.074 0.000000   0.931 0.000   1.303 0.000 999.9 0.259000   7.031 0.000   1.196 0.000   5.836 0.000 0.049 0.000  0.907 0.000000
 55.25  56.25     4.33 0.000  0.66 0.000 9.999 0.259000 99.99 0.259 0.022 0.000000   1.143 0.000   1.600 0.000 999.9 0.259000   4.559 0.000   0.545 0.000   4.014 0.000 0.039 0.000  0.340 0.000000
 58.25  59.25    34.17 0.000  2.09 0.000 9.999 0.259000  0.23 0.000 0.149 0.000000   2.731 0.000   3.823 0.000 999.9 0.259000  15.031 0.000   5.711 0.000   9.319 0.000 0.153 0.000  0.916 0.000000
 61.25  62.25    31.17 0.000  1.95 0.000 9.999 0.259000  0.12 0.000 0.183 0.000000   2.085 0.000   2.919 0.000 999.9 0.259000  16.837 0.000   7.762 0.000   9.075 0.000 0.062 0.000  0.979 0.000000
 64.25  65.25    38.79 0.000  2.88 0.000 9.999 0.259000  0.42 0.000 0.107 0.000000   4.918 0.000   6.886 0.000 999.9 0.259000  23.064 0.000   5.101 0.000  17.964 0.000 0.117 0.000  1.768 0.000000
 67.25  68.25    93.85 0.000  0.94 0.000 0.014 0.000000  0.46 0.000 0.085 0.000000   1.224 0.000   1.713 0.000 999.9 0.259000  19.912 0.000  11.451 0.000   8.461 0.000 0.121 0.000  0.886 0.000000
 70.25  71.25    11.87 0.000  0.71 0.000 9.999 0.259000  1.08 0.000 0.159 0.000000   1.475 0.000   2.065 0.000 999.9 0.259000  20.659 0.000  11.599 0.000   9.060 0.000 0.122 0.000  1.080 0.000000
 73.25  74.25    18.77 0.000  1.66 0.000 9.999 0.259000  0.13 0.000 0.030 0.000000   1.199 0.000   1.678 0.000 999.9 0.259000   7.668 0.000   3.729 0.000   3.940 0.000 0.031 0.000  0.315 0.000000
 76.25  77.25    39.15 0.000  3.96 0.000 9.999 0.259000  0.13 0.000 0.267 0.000000   1.448 0.000   2.027 0.000 999.9 0.259000  16.412 0.000   2.523 0.000  13.889 0.000 0.061 0.000  2.025 0.000000
 79.25  80.25     6.95 0.000  0.77 0.000 9.999 0.259000 99.99 0.259 0.022 0.000000   0.755 0.000   1.057 0.000 999.9 0.259000   6.673 0.000   3.425 0.000   3.248 0.000 0.032 0.000  0.391 0.000000
 82.25  83.25    17.03 0.000  2.65 0.000 9.999 0.259000  0.12 0.000 0.334 0.000000   1.356 0.000   1.899 0.000 999.9 0.259000   9.787 0.000   2.588 0.000   7.198 0.000 0.051 0.000  0.929 0.000000
 85.25  86.25    37.55 0.000  1.75 0.000 9.999 0.259000  0.18 0.000 0.087 0.000000   5.797 0.000   8.115 0.000 999.9 0.259000  21.434 0.000   6.443 0.000  14.991 0.000 0.080 0.000  0.917 0.000000
 88.25  89.25    23.74 0.000  1.31 0.000 9.999 0.259000  0.70 0.000 0.074 0.000000   1.164 0.000   1.630 0.000 999.9 0.259000  13.416 0.000   4.783 0.000   8.633 0.000 0.048 0.000  1.410 0.000000
 91.25  92.25    38.02 0.000  0.67 0.000 0.054 0.000000  1.16 0.000 0.146 0.000000   1.356 0.000   1.899 0.000 999.9 0.259000  20.236 0.000   8.388 0.000  11.848 0.000 0.130 0.000  1.837 0.000000
 94.25  95.25 99999.99 0.999 99.99 0.999 9.999 0.999000 99.99 0.999 9.999 0.999000 999.999 0.999 999.999 0.999 999.9 0.999000 999.999 0.999 999.999 0.999 999.999 0.999 9.999 0.999 99.999 0.999000
 97.25  98.25    42.72 0.000  1.26 0.000 0.016 0.000000  0.08 0.000 0.041 0.000000   1.884 0.000   2.638 0.000 999.9 0.259000  17.989 0.000  10.938 0.000   7.051 0.000 0.060 0.000  0.747 0.000000
100.25 101.25 99999.99 0.699 99.99 0.699 9.999 0.699000 99.99 0.699 0.101 0.000000  13.789 0.000  19.305 0.000 999.9 0.699000 999.999 0.699 999.999 0.699  27.823 0.659 9.999 0.699  1.175 0.000000
103.25 104.25    32.48 0.000  1.22 0.000 0.036 0.000000  0.88 0.000 0.136 0.000000   3.203 0.000   4.484 0.000 999.9 0.259000  20.213 0.000   7.328 0.000  12.886 0.000 0.071 0.000  1.335 0.000000
106.25 107.25    38.15 0.000  0.98 0.000 0.083 0.000000  1.13 0.000 0.139 0.000000   2.074 0.000   2.903 0.000 999.9 0.259000  22.102 0.000   8.773 0.000  13.329 0.000 0.166 0.000  1.882 0.000000
109.25 110.25    34.31 0.000  0.77 0.000 9.999 0.259000  1.15 0.000 0.095 0.000000   2.709 0.000   3.793 0.000 999.9 0.259000  25.857 0.000  12.207 0.000  13.650 0.000 0.160 0.000  1.595 0.000000
112.25 113.25   125.31 0.000  3.38 0.000 0.049 0.000000  0.40 0.000 0.026 0.000000   2.158 0.000   3.021 0.000 999.9 0.259000  16.084 0.000   1.320 0.000  14.764 0.000 0.094 0.000  0.668 0.000000
115.25 116.25    12.64 0.000  0.83 0.000 0.007 0.000000  0.14 0.000 0.037 0.559000   1.304 0.000   1.825 0.000 999.9 0.259000   8.996 0.000   3.686 0.000   5.311 0.000 0.040 0.000  0.521 0.559000
118.25 119.25    50.86 0.000  1.92 0.000 0.025 0.000000  0.46 0.000 0.057 0.559000   1.200 0.000   1.680 0.000 999.9 0.259000  14.755 0.000   4.042 0.000  10.713 0.000 0.056 0.000  1.478 0.559000
121.25 122.25    58.98 0.000  1.25 0.000 9.999 0.259000  0.50 0.000 0.095 0.559000   1.786 0.000   2.501 0.000 999.9 0.259000  18.637 0.000   5.562 0.000  13.075 0.000 0.127 0.000  1.516 0.559000
124.25 125.25    23.34 0.000  1.07 0.000 9.999 0.259000  0.24 0.000 0.037 0.559000   1.718 0.559   2.405 0.559 999.9 0.259000  10.851 0.000   3.692 0.000   7.160 0.000 0.089 0.000  0.628 0.559000
127.25 128.25    22.30 0.000  2.01 0.000 9.999 0.259000  0.18 0.000 0.036 0.559000   2.176 0.559   3.047 0.559 999.9 0.259000  19.278 0.000   6.146 0.000  13.133 0.000 0.105 0.000  1.567 0.559000
130.25 131.25    34.44 0.000  1.00 0.000 0.009 0.000000  0.07 0.000 0.020 0.559000   1.056 0.000   1.478 0.000 999.9 0.259000   8.585 0.000   4.623 0.000   3.962 0.000 0.034 0.000  0.308 0.559000
133.25 134.25    49.22 0.000  2.45 0.000 9.999 0.259000  0.31 0.000 0.028 0.559000   3.113 0.000   4.358 0.000 999.9 0.259000  12.089 0.000   2.929 0.000   9.160 0.000 0.080 0.000  0.531 0.559000
136.25 137.25    24.94 0.000  0.83 0.000 9.999 0.259000 99.99 0.259 0.028 0.559000   1.240 0.559   1.737 0.559 999.9 0.259000   9.843 0.000   3.738 0.000   6.104 0.000 0.044 0.000  0.645 0.559000
139.25 140.25    46.23 0.000  1.31 0.000 9.999 0.259000  0.64 0.000 0.068 0.559000   2.202 0.559   3.083 0.559 999.9 0.259000  13.997 0.000   3.526 0.000  10.471 0.000 0.121 0.000  1.041 0.559000
142.25 143.25    31.74 0.000  0.91 0.000 9.999 0.259000  0.82 0.000 0.028 0.559000   3.054 0.000   4.276 0.000 999.9 0.259000  17.456 0.000   2.897 0.000  14.559 0.000 0.117 0.000  1.564 0.559000
145.25 146.25    50.94 0.000  0.45 0.000 9.999 0.259000  0.75 0.000 0.065 0.559000   1.276 0.559   1.786 0.559 999.9 0.259000   9.883 0.000   1.874 0.000   8.009 0.000 0.060 0.000  0.972 0.559000
148.25 149.25    91.10 0.000  6.90 0.000 9.999 0.259000  0.46 0.000 0.050 0.559000   1.297 0.559   1.816 0.559 999.9 0.259000  13.527 0.000   5.011 0.000   8.517 0.000 0.087 0.000  0.932 0.559000
151.25 152.25    30.39 0.000  1.27 0.000 0.025 0.000000  0.10 0.000 0.022 0.559000   3.182 0.000   4.455 0.000 999.9 0.259000  15.638 0.000   1.327 0.000  14.311 0.000 0.063 0.000  1.425 0.559000
154.25 155.25    28.12 0.000  1.25 0.000 0.023 0.000000 99.99 0.259 0.016 0.559000   2.587 0.000   3.622 0.000 999.9 0.259000  13.848 0.000   1.952 0.000  11.896 0.000 0.057 0.000  1.246 0.559000
157.25 158.25    27.78 0.000  1.23 0.000 9.999 0.259000  0.22 0.000 0.015 0.559000   2.599 0.000   3.639 0.000 999.9 0.259000  14.660 0.000   2.162 0.000  12.498 0.000 0.088 0.000  1.206 0.559000
160.25 161.25    45.80 0.000  1.60 0.000 9.999 0.259000 99.99 0.259 0.020 0.559000   3.892 0.000   5.449 0.000 999.9 0.259000  17.497 0.000   2.699 0.000  14.798 0.000 0.081 0.000  1.081 0.559000
163.25 164.25    56.63 0.000  2.64 0.000 0.054 0.000000  0.20 0.000 0.034 0.559000   2.382 0.000   3.335 0.000 999.9 0.259000  31.083 0.000   6.214 0.000  24.869 0.000 0.188 0.000  3.922 0.559000
166.25 167.25   163.34 0.000  1.64 0.000 0.052 0.000000  0.24 0.000 0.068 0.559000   2.364 0.000   3.309 0.000 999.9 0.259000  18.073 0.000   3.386 0.000  14.687 0.000 0.104 0.000  1.467 0.559000
169.25 170.25    75.98 0.000  0.52 0.000 0.020 0.000000  0.24 0.000 0.032 0.559000   1.255 0.000   1.757 0.000 999.9 0.259000  11.572 0.000   4.597 0.000   6.975 0.000 0.055 0.000  0.676 0.559000
172.25 173.25    84.38 0.000  0.52 0.000 0.037 0.000000  0.56 0.000 0.042 0.559000   1.748 0.000   2.447 0.000 999.9 0.259000  12.288 0.000   3.443 0.000   8.845 0.000 0.050 0.000  0.927 0.559000
175.25 176.25    23.16 0.000  1.23 0.000 9.999 0.259000  0.12 0.000 0.017 0.559000   2.380 0.000   3.332 0.000 999.9 0.259000  15.287 0.000   2.451 0.000  12.836 0.000 0.042 0.000  1.466 0.559000
178.25 179.25    22.30 0.000  0.82 0.000 9.999 0.259000 99.99 0.259 0.011 0.559000   2.303 0.000   3.224 0.000 999.9 0.259000  11.650 0.000   3.844 0.000   7.806 0.000 0.035 0.000  0.574 0.559000
181.25 182.25    32.84 0.000  1.90 0.000 9.999 0.259000  0.29 0.000 0.017 0.559000   4.635 0.000   8.344 0.000 999.9 0.259000  21.608 0.000   1.676 0.000  19.932 0.000 0.055 0.000  2.079 0.559000
184.25 185.25    15.92 0.000  0.66 0.000 9.999 0.259000  0.33 0.000 0.025 0.559000   0.971 0.000   1.748 0.000 999.9 0.259000   7.333 0.000   2.502 0.000   4.831 0.000 0.034 0.000  0.496 0.559000
187.25 188.25    21.33 0.000  1.97 0.000 9.999 0.259000 99.99 0.259 0.021 0.559000   2.836 0.000   5.105 0.000 999.9 0.259000  17.177 0.000   3.908 0.000  13.268 0.000 0.076 0.000  1.262 0.559000
190.25 191.25   189.52 0.000  0.80 0.000 0.018 0.000000  0.31 0.000 0.040 0.559000   1.127 0.000   2.029 0.000 999.9 0.259000  13.390 0.000   4.613 0.000   8.777 0.000 0.096 0.000  0.711 0.559000
193.25 194.25   191.46 0.000  1.03 0.000 0.019 0.000000  0.76 0.000 0.020 0.559000   2.102 0.000   3.784 0.000 999.9 0.259000  18.898 0.000   5.407 0.000  13.491 0.000 0.107 0.000  1.157 0.559000
196.25 197.25    43.76 0.000  1.35 0.000 9.999 0.259000  0.31 0.000 0.048 0.559000   3.055 0.000   5.499 0.000 999.9 0.259000  17.724 0.000   5.293 0.000  12.432 0.000 0.060 0.000  1.396 0.559000
199.25 200.25    31.25 0.394  1.43 0.394 9.999 0.394259  0.54 0.394 0.024 0.559394   3.621 0.394   6.518 0.394 999.9 0.394259  24.402 0.000   4.905 0.394  19.497 0.000 0.058 0.394  2.108 0.559394
202.25 203.25    35.69 0.000  1.01 0.000 9.999 0.259000  0.67 0.000 0.028 0.559000   2.244 0.000   4.038 0.000 999.9 0.259000  14.066 0.000   2.909 0.000  11.157 0.000 0.044 0.000  1.186 0.559000
205.25 206.25    81.35 0.000  0.57 0.000 9.999 0.259000  0.33 0.000 0.062 0.559000   0.823 0.000   1.482 0.000 999.9 0.259000  10.044 0.000   4.485 0.000   5.559 0.000 0.053 0.000  0.467 0.559000
208.25 209.25   122.18 0.000  0.98 0.000 9.999 0.259000  0.56 0.000 0.053 0.559000   0.843 0.000   1.517 0.000 999.9 0.259000  14.953 0.000   7.377 0.000   7.576 0.000 0.069 0.000  0.775 0.559000
211.25 212.25    21.46 0.000  0.57 0.000 9.999 0.259000  0.57 0.000 0.047 0.559000   1.118 0.000   2.012 0.000 999.9 0.259000   9.157 0.000   2.989 0.000   6.168 0.000 0.028 0.000  0.718 0.559000
214.25 215.25  1242.50 0.000  3.65 0.000 9.999 0.259000  0.86 0.000 0.138 0.559000   1.718 0.000   3.092 0.000 999.9 0.259000  59.906 0.000  31.509 0.000  28.396 0.000 0.525 0.000  0.941 0.559000
217.25 218.25   165.44 0.000  0.69 0.000 0.033 0.000000 99.99 0.259 0.036 0.559000   1.438 0.000   2.589 0.000 999.9 0.259000  14.133 0.000   5.444 0.000   8.689 0.000 0.089 0.000  0.608 0.559000
220.25 221.25    96.98 0.000  1.03 0.000 9.999 0.259000  0.53 0.000 0.038 0.559000   1.648 0.000   2.967 0.000 999.9 0.259000  15.376 0.000   5.045 0.000  10.331 0.000 0.068 0.000  1.020 0.559000
223.25 224.25    36.33 0.000  0.64 0.000 0.015 0.000000  0.49 0.000 0.044 0.559000   0.975 0.000   1.754 0.000 999.9 0.259000  10.199 0.000   3.287 0.000   6.912 0.000 0.041 0.000  0.832 0.559000
226.25 227.25   146.54 0.000  1.33 0.000 9.999 0.259000  0.51 0.000 0.047 0.559000   2.278 0.000   4.101 0.000 999.9 0.259000  17.903 0.000   6.326 0.000  11.577 0.000 0.108 0.000  0.911 0.559000
229.25 230.25    30.97 0.000  1.32 0.000 9.999 0.259000  0.35 0.000 0.019 0.559000   2.798 0.000   5.036 0.000 999.9 0.259000  20.000 0.000   4.388 0.000  15.612 0.000 0.050 0.000  1.863 0.559000
232.25 233.25    29.23 0.000  1.30 0.000 0.046 0.000000  0.40 0.000 0.013 0.559000   2.274 0.000   4.092 0.000 999.9 0.259000  20.478 0.000   3.625 0.000  16.853 0.000 0.041 0.000  2.314 0.559000
235.25 236.25    14.67 0.000  3.08 0.000 9.999 0.259000 99.99 0.259 0.022 0.559000   1.795 0.000   3.230 0.000 999.9 0.259000  12.957 0.000   3.471 0.000   9.486 0.000 0.034 0.000  1.036 0.559000
238.25 239.25   115.11 0.000  0.43 0.000 9.999 0.259000  0.31 0.000 0.038 0.559000   0.966 0.000   1.738 0.000 999.9 0.259000  15.699 0.000   8.281 0.000   7.418 0.000 0.072 0.000  0.689 0.559000
241.25 242.25    13.09 0.000  1.24 0.000 0.018 0.000000 99.99 0.259 0.016 0.559000   1.179 0.000   2.122 0.000 999.9 0.259000  10.933 0.000   3.927 0.000   7.006 0.000 0.038 0.000  0.721 0.559000
