scripts/IMPROVE-2019_partial/data/US9013R.20050101070000.20191216000000.filterpack..pm25.52w.1w.US03L_filterpack_US9013.US03L_IMPROVE_Davis.lev2.nas
66 1001
MISSING INFORMATION
US03L, IMPROVE, , , , , , , 
MISSING INFORMATION
IMPROVE sel_HTAP
1 1
2005 01 01 2019 12 16
3.000000
days from file reference point
27
1 1 1 1 1 1 1 1 1 1 1 1 1 1 1 1 1 1 1 1 1 1 1 1 1 1 1
999.999999 9999.99 9.999 99.99 9.999 9.999 9.999999 9.99 9.999999 9.999 9.999 99.999 9.999 99.999 9.999 99.99 9.999999 999.999 9.999 999.999 9.999 99.999 9.999 9.999 9.999 9.999 9.999
end_time of measurement, days from the file reference point
iron, ng/m3, Revision date=20181210133000
numflag iron, no unit, Revision date=20181210133000
lead, ng/m3, Revision date=20181210133000
numflag lead, no unit, Revision date=20181210133000
magnesium, ug/m3, Revision date=20181210133000
numflag magnesium, no unit, Revision date=20181210133000
nickel, ng/m3, Revision date=20181210133000
numflag nickel, no unit, Revision date=20181210133000
nitrate, ug N/m3, Revision date=20181210133000
numflag nitrate, no unit, Revision date=20181210133000
organic_carbon, ug C/m3, Revision date=20181210133000
numflag organic_carbon, no unit, Revision date=20181210133000
organic_mass, ug/m3, Revision date=20181210133000
numflag organic_mass, no unit, Revision date=20181210133000
phosphorus, ng/m3, Revision date=20181210133000
numflag phosphorus, no unit, Revision date=20181210133000
pm10_mass, ug/m3, Version=2, Version description=Data extracted from http://views.cira.colostate.edu/fed/DataWizard 2019-12-16, Sample duration=1d, Orig. time res.=3d, Matrix=pm10, Blank correction=Blank corrected, Volume std. temperature=ambient, Volume std. pressure=ambient
numflag pm10_mass, no unit, Version=2, Version description=Data extracted from http://views.cira.colostate.edu/fed/DataWizard 2019-12-16, Sample duration=1d, Orig. time res.=3d, Matrix=pm10, Blank correction=Blank corrected, Volume std. temperature=ambient, Volume std. pressure=ambient
pm10_pm25_mass, ug/m3, Revision date=20181210133000, Matrix=pm10_pm25
numflag pm10_pm25_mass, no unit, Revision date=20181210133000, Matrix=pm10_pm25
pm25_mass, ug/m3, Version=2, Version description=Data extracted from http://views.cira.colostate.edu/fed/DataWizard 2019-12-16, Sample duration=1d, Orig. time res.=3d, Blank correction=Blank corrected, Volume std. temperature=ambient, Volume std. pressure=ambient
numflag pm25_mass, no unit, Version=2, Version description=Data extracted from http://views.cira.colostate.edu/fed/DataWizard 2019-12-16, Sample duration=1d, Orig. time res.=3d, Blank correction=Blank corrected, Volume std. temperature=ambient, Volume std. pressure=ambient
potassium, ug/m3, Revision date=20181210133000
numflag potassium, no unit, Revision date=20181210133000
sulphate_total, ug S/m3, Revision date=20181210133000
numflag sulphate_total, no unit, Revision date=20181210133000
0
25
Data definition:              EBAS_1.1
Set type code:                TU
Timezone:                     UTC
File name:                    US9013R.20050101070000.20191216000000.filterpack..pm25.52w.1w.US03L_filterpack_US9013.US03L_IMPROVE_Davis.lev2.nas
File creation:                20191218120602
Startdate:                    20050101070000
Revision date:                20191216000000
Statistics:                   arithmetic mean
Data level:                   2
Period code:                  52w
Resolution code:              1w
Station code:                 US9013R
Platform code:                US9013S
Station name:                 Northern Cheyenne
Station latitude:             45.6495
Station longitude:            -106.5574
Station altitude:             1283.0 m
Regime:                       IMG
Component:                    
Matrix:                       pm25
Laboratory code:              US03L
Instrument type:              filterpack
Instrument name:              filterpack_US9013
Method ref:                   US03L_IMPROVE_Davis
starttime endtime Fe flag_Fe Pb flag_Pb Mg++ flag_Mg++ Ni flag_Ni NO3- flag_NO3- OC flag_OC OM flag_OM P flag_P PM10 flag_PM10 PM10-PM2.5 flag_PM10-PM2.5 PM2.5 flag_PM2.5 K+ flag_K+ SO4-- flag_SO4--
  0.291667   1.291667    8.36 0.000  0.80 0.000 0.012 0.000000 0.21 0.000000 0.078 0.000  0.268 0.000  0.483 0.000 99.99 0.259000   2.733 0.000   0.786 0.000  1.947 0.000 0.017 0.000 0.242 0.000
  3.291667   4.291667    6.94 0.000  1.63 0.000 9.999 0.259000 9.99 0.259000 0.114 0.000  0.264 0.000  0.475 0.000 99.99 0.259000   3.468 0.000   1.011 0.000  2.457 0.000 0.017 0.000 0.328 0.000
  6.291667   7.291667   11.39 0.000  0.81 0.000 9.999 0.259000 0.11 0.000000 0.082 0.000  1.049 0.000  1.889 0.000 99.99 0.259000   5.163 0.000   0.685 0.000  4.478 0.000 0.041 0.000 0.510 0.000
  9.291667  10.291667   10.24 0.000  0.50 0.000 9.999 0.259000 0.14 0.000000 0.026 0.000  0.279 0.000  0.503 0.000 99.99 0.259000   2.480 0.000   0.748 0.000  1.732 0.000 0.012 0.000 0.226 0.000
 12.291667  13.291667   18.15 0.000  1.42 0.000 0.022 0.000000 0.27 0.000000 0.122 0.000  0.516 0.000  0.930 0.000 99.99 0.259000   6.477 0.000   3.351 0.000  3.126 0.000 0.025 0.000 0.245 0.000
 15.291667  16.291667    6.70 0.000  0.54 0.000 0.014 0.000000 0.15 0.000000 0.032 0.000  0.278 0.000  0.501 0.000 99.99 0.259000   1.649 0.000   0.435 0.000  1.214 0.000 0.009 0.000 0.106 0.000
 18.291667  19.291667    4.95 0.000  0.41 0.000 9.999 0.259000 0.45 0.000000 0.005 0.000  0.090 0.000  0.162 0.000 99.99 0.259000   2.240 0.000   1.700 0.000  0.540 0.000 0.008 0.000 0.062 0.000
 21.291667  22.291667    5.16 0.000  0.75 0.000 9.999 0.259000 0.14 0.000000 0.069 0.000  0.373 0.000  0.670 0.000 99.99 0.259000   3.058 0.000   0.599 0.000  2.456 0.000 0.022 0.000 0.413 0.000
 24.291667  25.291667   11.53 0.000  0.16 0.000 9.999 0.259000 0.11 0.000000 0.010 0.000  0.222 0.000  0.400 0.000 99.99 0.259000   1.631 0.000   0.673 0.000  0.967 0.000 0.007 0.000 0.067 0.000
 27.291667  28.291667   10.35 0.000  0.45 0.000 9.999 0.259000 0.11 0.000000 0.094 0.000  0.414 0.000  0.746 0.000 99.99 0.259000   2.732 0.000   1.064 0.000  1.667 0.000 0.012 0.000 0.138 0.000
 30.291667  31.291667    9.60 0.000  0.44 0.000 9.999 0.259000 0.12 0.000000 0.025 0.559  0.264 0.000  0.475 0.000 99.99 0.259000   1.235 0.000   0.425 0.000  0.809 0.000 0.007 0.000 0.073 0.559
 33.291667  34.291667   10.69 0.000  0.61 0.000 9.999 0.259000 0.15 0.000000 0.006 0.000  0.183 0.000  0.329 0.000 99.99 0.259000   1.958 0.000   1.268 0.000  0.690 0.000 0.011 0.000 0.059 0.000
 36.291667  37.291667    7.89 0.000  1.06 0.000 0.016 0.000000 9.99 0.259000 0.208 0.559  0.287 0.000  0.517 0.000 99.99 0.259000   2.835 0.000   0.351 0.000  2.483 0.000 0.018 0.000 0.274 0.559
 39.291667  40.291667   17.73 0.000  0.51 0.000 9.999 0.259000 0.16 0.000000 0.057 0.000  0.163 0.000  0.293 0.000 99.99 0.259000   2.146 0.000   0.834 0.000  1.311 0.000 0.013 0.000 0.112 0.000
 42.291667  43.291667   40.75 0.000  0.55 0.000 9.999 0.259000 0.06 0.000000 0.018 0.000  0.197 0.000  0.355 0.000 99.99 0.259000   2.945 0.000   1.138 0.000  1.806 0.000 0.021 0.000 0.115 0.000
 45.291667  46.291667   10.60 0.000  0.51 0.000 9.999 0.259000 0.14 0.000000 0.066 0.000  0.192 0.000  0.345 0.000 99.99 0.259000   2.567 0.000   1.324 0.000  1.247 0.000 0.009 0.000 0.155 0.000
 48.291667  49.291667   21.71 0.000  0.68 0.000 0.006 0.000000 0.13 0.000000 0.057 0.000  0.235 0.000  0.423 0.000 99.99 0.259000   3.821 0.000   2.198 0.000  1.621 0.000 0.014 0.000 0.129 0.000
 51.291667  52.291667   21.32 0.000  0.73 0.000 9.999 0.259000 0.13 0.000000 0.361 0.000  0.598 0.000  1.076 0.000 99.99 0.259000   5.069 0.000   1.070 0.000  3.997 0.000 0.020 0.000 0.468 0.000
 54.291667  55.291667   21.84 0.000  0.51 0.000 0.013 0.000000 9.99 0.259000 0.016 0.000  0.065 0.000  0.118 0.000 99.99 0.259000   3.098 0.000   1.766 0.000  1.332 0.000 0.015 0.000 0.078 0.000
 57.291667  58.291667   16.93 0.000  0.67 0.000 9.999 0.259000 0.11 0.000000 0.120 0.000  0.380 0.000  0.685 0.000 99.99 0.259000   3.924 0.000   1.692 0.000  2.232 0.000 0.022 0.000 0.155 0.000
 60.291667  61.291667   17.50 0.000  0.75 0.000 9.999 0.259000 0.21 0.000000 0.009 0.000  0.095 0.000  0.171 0.000 99.99 0.259000   2.819 0.000   1.849 0.000  0.970 0.000 0.013 0.000 0.069 0.000
 63.291667  64.291667   40.10 0.000  0.91 0.000 9.999 0.259000 9.99 0.259000 0.027 0.000  0.409 0.000  0.735 0.000 99.99 0.259000   5.745 0.000   3.430 0.000  2.313 0.000 0.029 0.000 0.154 0.000
 66.291667  67.291667    6.70 0.000 99.99 0.259 9.999 0.259000 0.12 0.000000 0.019 0.000  0.116 0.000  0.209 0.000 99.99 0.259000   2.129 0.000   1.412 0.000  0.738 0.000 0.007 0.000 0.093 0.000
 69.291667  70.291667   57.60 0.000  0.69 0.000 9.999 0.259000 9.99 0.259000 0.013 0.000  0.113 0.000  0.204 0.000 99.99 0.259000   4.503 0.000   2.913 0.000  1.589 0.000 0.028 0.000 0.047 0.000
 72.291667  73.291667    5.85 0.000  0.27 0.000 9.999 0.259000 9.99 0.259000 0.035 0.000  0.067 0.000  0.121 0.000 99.99 0.259000   1.904 0.000   1.011 0.000  0.892 0.000 0.007 0.000 0.131 0.000
 75.291667  76.291667   49.03 0.000  2.28 0.000 9.999 0.259000 9.99 0.259000 0.067 0.000  0.311 0.000  0.559 0.000 99.99 0.259000   8.236 0.000   4.592 0.000  3.643 0.000 0.043 0.000 0.461 0.000
 78.291667  79.291667   22.91 0.000  1.97 0.000 9.999 0.259000 9.99 0.259000 0.575 0.000  0.593 0.000  1.067 0.000 99.99 0.259000   7.999 0.000   3.096 0.000  4.899 0.000 0.026 0.000 0.670 0.000
 81.291667  82.291667    4.07 0.000  0.73 0.000 9.999 0.259000 9.99 0.259000 0.106 0.000  0.281 0.000  0.506 0.000 99.99 0.259000   2.136 0.000   0.627 0.000  1.509 0.000 0.006 0.000 0.194 0.000
 84.291667  85.291667    4.22 0.000  0.86 0.000 9.999 0.259000 9.99 0.259000 0.034 0.000  0.297 0.000  0.535 0.000 99.99 0.259000   2.700 0.000   0.540 0.000  2.160 0.000 0.008 0.000 0.340 0.000
 87.291667  88.291667    8.52 0.000  0.60 0.000 9.999 0.259000 9.99 0.259000 0.005 0.000  0.250 0.000  0.450 0.000 99.99 0.259000   1.459 0.000   0.821 0.000  0.638 0.000 0.007 0.000 0.084 0.000
 90.291667  91.291667   17.74 0.000  0.74 0.000 9.999 0.259000 9.99 0.259000 0.017 0.000  0.247 0.000  0.444 0.000 99.99 0.259000   3.063 0.000   1.583 0.000  1.480 0.000 0.019 0.000 0.175 0.000
 93.291667  94.291667   34.10 0.000  1.02 0.000 9.999 0.259000 9.99 0.259000 0.030 0.000  0.294 0.000  0.528 0.000 99.99 0.259000   4.554 0.000   2.304 0.000  2.250 0.000 0.024 0.000 0.210 0.000
 96.291667  97.291667   73.83 0.000  2.20 0.000 9.999 0.259000 9.99 0.259000 0.024 0.000  0.337 0.000  0.607 0.000 99.99 0.259000   6.206 0.000   2.477 0.000  3.729 0.000 0.066 0.000 0.322 0.000
 99.291667 100.291667   10.53 0.000  0.27 0.000 9.999 0.259000 9.99 0.259000 0.038 0.000  0.161 0.000  0.289 0.000 99.99 0.259000   2.015 0.000   0.616 0.000  1.399 0.000 0.010 0.000 0.157 0.000
102.291667 103.291667  136.52 0.000  2.49 0.000 0.035 0.000000 9.99 0.259000 0.046 0.000  0.477 0.000  0.859 0.000 99.99 0.259000  13.346 0.000   8.365 0.000  4.979 0.000 0.088 0.000 0.384 0.000
105.291667 106.291667   61.18 0.000  1.05 0.000 9.999 0.259000 9.99 0.259000 0.027 0.000  0.358 0.000  0.645 0.000 99.99 0.259000   5.999 0.000   3.396 0.000  2.602 0.000 0.039 0.000 0.196 0.000
108.291667 109.291667   14.77 0.000  0.55 0.000 9.999 0.259000 9.99 0.259000 0.044 0.000  0.255 0.000  0.458 0.000 99.99 0.259000   1.558 0.000   0.303 0.000  1.256 0.000 0.019 0.000 0.103 0.000
111.291667 112.291667   28.65 0.000  0.50 0.000 0.010 0.000000 0.16 0.000000 0.043 0.000  0.630 0.000  1.134 0.000 99.99 0.259000   5.120 0.000   2.281 0.000  2.836 0.000 0.039 0.000 0.228 0.000
114.291667 115.291667   41.88 0.000  1.42 0.000 9.999 0.259000 9.99 0.259000 0.021 0.000  0.565 0.000  1.018 0.000 99.99 0.259000   8.289 0.000   5.668 0.000  2.621 0.000 0.055 0.000 0.212 0.000
117.291667 118.291667   21.29 0.000  0.97 0.000 9.999 0.259000 9.99 0.259000 0.024 0.000  0.224 0.000  0.403 0.000 99.99 0.259000   4.275 0.000   1.831 0.000  2.442 0.000 0.014 0.000 0.347 0.000
120.291667 121.291667    8.09 0.000  0.22 0.000 9.999 0.259000 9.99 0.259000 0.020 0.000 99.999 0.259 99.999 0.259 99.99 0.259000   2.477 0.000   1.036 0.000  1.440 0.000 0.005 0.000 0.239 0.000
123.291667 124.291667   34.46 0.000  0.87 0.000 9.999 0.259000 9.99 0.259000 0.015 0.000  0.234 0.000  0.422 0.000 99.99 0.259000   6.381 0.000   3.942 0.000  2.437 0.000 0.022 0.000 0.272 0.000
126.291667 127.291667   43.80 0.000  0.86 0.000 9.999 0.259000 9.99 0.259000 0.034 0.000  0.663 0.000  1.193 0.000 99.99 0.259000   5.262 0.000   1.908 0.000  3.353 0.000 0.033 0.000 0.343 0.000
129.291667 130.291667    6.28 0.000  0.52 0.000 9.999 0.259000 9.99 0.259000 0.063 0.000  0.229 0.000  0.412 0.000 99.99 0.259000   2.290 0.000   0.426 0.000  1.869 0.000 0.010 0.000 0.286 0.000
132.291667 133.291667   23.34 0.000  0.80 0.000 9.999 0.259000 9.99 0.259000 0.024 0.000  0.312 0.000  0.561 0.000 99.99 0.259000   3.442 0.000   0.892 0.000  2.547 0.000 0.018 0.000 0.298 0.000
135.291667 136.291667   62.96 0.000  1.21 0.000 9.999 0.259000 9.99 0.259000 0.026 0.000  0.696 0.000  1.253 0.000 99.99 0.259000   5.639 0.000   1.787 0.000  3.851 0.000 0.042 0.000 0.357 0.000
138.291667 139.291667   22.23 0.000  0.51 0.000 0.023 0.000000 9.99 0.259000 0.012 0.000  0.220 0.000  0.395 0.000 99.99 0.259000   2.849 0.000   1.597 0.000  1.251 0.000 0.014 0.000 0.086 0.000
141.291667 142.291667   26.34 0.000  0.67 0.000 9.999 0.259000 9.99 0.259000 0.010 0.000  0.163 0.000  0.293 0.000 99.99 0.259000   2.490 0.000   0.843 0.000  1.646 0.000 0.016 0.000 0.145 0.000
144.291667 145.291667    9.47 0.000  0.48 0.000 9.999 0.259000 0.25 0.000000 0.014 0.000  0.302 0.000  0.543 0.000 99.99 0.259000   2.859 0.000   1.247 0.000  1.612 0.000 0.007 0.000 0.176 0.000
147.291667 148.291667   28.28 0.000  0.15 0.000 0.013 0.000000 9.99 0.259000 0.010 0.000  0.223 0.000  0.401 0.000 99.99 0.259000   4.495 0.000   2.393 0.000  2.101 0.000 0.014 0.000 0.160 0.000
150.291667 151.291667    4.53 0.000  0.17 0.000 9.999 0.259000 9.99 0.259000 0.016 0.000  0.252 0.000  0.454 0.000 99.99 0.259000   2.022 0.000   0.642 0.000  1.383 0.000 0.003 0.000 0.168 0.000
153.291667 154.291667    3.87 0.000  0.26 0.000 9.999 0.259000 9.99 0.259000 0.002 0.000  0.000 0.000  0.000 0.000 99.99 0.259000   1.655 0.000   1.019 0.000  0.635 0.000 0.003 0.000 0.023 0.000
156.291667 157.291667   15.49 0.000  0.46 0.000 9.999 0.259000 9.99 0.259000 0.015 0.000  0.589 0.000  1.061 0.000 99.99 0.259000   4.339 0.000   1.769 0.000  2.569 0.000 0.012 0.000 0.205 0.000
159.291667 160.291667   24.91 0.000  0.24 0.000 0.019 0.000000 0.07 0.000000 0.015 0.000  0.414 0.000  0.745 0.000 99.99 0.259000   3.416 0.000   1.112 0.000  2.303 0.000 0.010 0.000 0.175 0.000
162.291667 163.291667    8.25 0.000  0.38 0.000 9.999 0.259000 9.99 0.259000 0.012 0.000  0.418 0.000  0.752 0.000 99.99 0.259000   3.082 0.000   1.310 0.000  1.772 0.000 0.008 0.000 0.147 0.000
165.291667 166.291667   25.21 0.000  0.36 0.000 0.013 0.000000 9.99 0.259000 0.023 0.000  0.671 0.000  1.209 0.000 99.99 0.259000   7.096 0.000   3.706 0.000  3.388 0.000 0.015 0.000 0.232 0.000
168.291667 169.291667   22.50 0.000  0.23 0.000 9.999 0.259000 9.99 0.259000 0.017 0.000  0.552 0.000  0.993 0.000 99.99 0.259000   5.891 0.000   3.378 0.000  2.550 0.000 0.021 0.000 0.210 0.000
171.291667 172.291667   47.22 0.000  1.01 0.000 9.999 0.259000 0.12 0.000000 0.033 0.000  2.147 0.000  3.864 0.000 99.99 0.259000  16.402 0.000   7.636 0.000  8.882 0.000 0.040 0.000 0.826 0.000
174.291667 175.291667   26.76 0.000  0.71 0.000 0.011 0.000000 0.07 0.000000 0.019 0.000  0.889 0.000  1.601 0.000 99.99 0.259000   7.860 0.000   4.074 0.000  3.786 0.000 0.024 0.000 0.228 0.000
177.291667 178.291667   15.82 0.000  0.79 0.000 9.999 0.259000 9.99 0.259000 0.055 0.000  3.517 0.000  6.330 0.000 99.99 0.259000  11.715 0.000   2.761 0.000  8.950 0.000 0.188 0.000 0.370 0.000
180.291667 181.291667   10.31 0.000  0.79 0.000 9.999 0.259000 9.99 0.259000 0.013 0.000  0.568 0.000  1.023 0.000 99.99 0.259000   6.535 0.000   2.773 0.000  3.761 0.000 0.013 0.000 0.431 0.000
183.291667 184.291667    8.46 0.000  0.17 0.000 9.999 0.259000 9.99 0.259000 0.006 0.000  0.719 0.000  1.294 0.000 99.99 0.259000   5.277 0.000   2.766 0.000  2.511 0.000 0.016 0.000 0.110 0.000
186.291667 187.291667   35.30 0.000  0.43 0.000 9.999 0.259000 9.99 0.259000 0.015 0.000  1.177 0.000  2.119 0.000 99.99 0.259000  10.461 0.000   6.098 0.000  4.362 0.000 0.037 0.000 0.251 0.000
189.291667 190.291667   52.94 0.000  0.75 0.000 9.999 0.259000 9.99 0.259000 0.030 0.000  1.700 0.000  3.060 0.000 99.99 0.259000  17.799 0.000  10.926 0.000  6.872 0.000 0.087 0.000 0.438 0.000
192.291667 193.291667   38.98 0.000  0.61 0.000 9.999 0.259000 9.99 0.259000 0.020 0.000  1.075 0.000  1.934 0.000 99.99 0.259000  13.328 0.000   8.943 0.000  4.426 0.000 0.026 0.000 0.312 0.000
195.291667 196.291667   73.39 0.000  0.27 0.000 9.999 0.259000 9.99 0.259000 0.018 0.000  1.233 0.000  2.220 0.000 99.99 0.259000  16.496 0.000  10.388 0.000  6.105 0.000 0.035 0.000 0.538 0.000
198.291667 199.291667   12.56 0.000 99.99 0.259 9.999 0.259000 9.99 0.259000 0.007 0.000  0.589 0.000  1.061 0.000 99.99 0.259000 999.999 0.456   5.328 0.000  1.833 0.000 0.009 0.000 0.130 0.000
201.291667 202.291667   66.08 0.000  0.21 0.000 9.999 0.259000 9.99 0.259000 0.019 0.000  1.206 0.000  2.171 0.000 99.99 0.259000  15.230 0.000   9.954 0.000  5.276 0.000 0.044 0.000 0.274 0.000
204.291667 205.291667   53.32 0.000  0.51 0.000 0.016 0.000000 0.29 0.000000 0.017 0.000  1.180 0.000  2.123 0.000 99.99 0.259000  10.539 0.000   6.146 0.000  4.392 0.000 0.060 0.000 0.222 0.000
207.291667 208.291667   21.92 0.000  0.40 0.000 9.999 0.259000 9.99 0.259000 0.011 0.000  0.793 0.000  1.428 0.000 99.99 0.259000   5.618 0.000   2.675 0.000  2.943 0.000 0.017 0.000 0.127 0.000
210.291667 211.291667   35.89 0.000  0.56 0.000 9.999 0.259000 9.99 0.259000 0.011 0.000  1.140 0.000  2.053 0.000 99.99 0.259000   8.196 0.000   4.059 0.000  4.137 0.000 0.040 0.000 0.178 0.000
213.291667 214.291667   66.26 0.000  0.43 0.000 9.999 0.259000 9.99 0.259000 0.011 0.000  1.025 0.000  1.845 0.000 99.99 0.259000  10.557 0.000   6.199 0.000  4.451 0.000 0.051 0.000 0.203 0.000
216.291667 217.291667   30.42 0.000  0.51 0.000 9.999 0.259000 9.99 0.259000 0.009 0.000  0.999 0.000  1.799 0.000 99.99 0.259000  10.226 0.000   6.665 0.000  3.559 0.000 0.026 0.000 0.199 0.000
219.291667 220.291667   57.39 0.000  0.52 0.000 9.999 0.259000 9.99 0.259000 0.020 0.000  2.917 0.000  5.250 0.000 99.99 0.259000  14.713 0.000   6.980 0.000  7.731 0.000 0.089 0.000 0.256 0.000
222.291667 223.291667   40.88 0.000  0.52 0.000 9.999 0.259000 9.99 0.259000 0.034 0.000  1.519 0.000  2.734 0.000 99.99 0.259000   9.866 0.000   4.203 0.000  5.662 0.000 0.041 0.000 0.290 0.000
225.291667 226.291667    7.24 0.000  0.27 0.000 9.999 0.259000 9.99 0.259000 0.007 0.000  0.541 0.000  0.974 0.000 99.99 0.259000   3.712 0.000   1.679 0.000  2.033 0.000 0.007 0.000 0.140 0.000
228.291667 229.291667   38.67 0.000  0.38 0.000 9.999 0.259000 9.99 0.259000 0.017 0.000  3.607 0.000  6.493 0.000 99.99 0.259000  13.391 0.000   5.469 0.000  7.920 0.000 0.061 0.000 0.271 0.000
231.291667 232.291667   14.09 0.000  0.33 0.000 9.999 0.259000 9.99 0.259000 0.009 0.000  1.456 0.000  2.621 0.000 99.99 0.259000   6.842 0.000   2.955 0.000  3.887 0.000 0.022 0.000 0.125 0.000
234.291667 235.291667   15.99 0.000  0.40 0.000 9.999 0.259000 9.99 0.259000 0.010 0.000  0.823 0.000  1.482 0.000 99.99 0.259000   5.615 0.000   2.570 0.000  3.054 0.000 0.024 0.000 0.243 0.000
237.291667 238.291667   27.01 0.000  0.36 0.000 9.999 0.259000 9.99 0.259000 0.007 0.000  0.954 0.000  1.717 0.000 99.99 0.259000   6.869 0.000   3.750 0.000  3.118 0.000 0.021 0.000 0.106 0.000
240.291667 241.291667   62.88 0.000  0.44 0.000 9.999 0.259000 9.99 0.259000 0.024 0.000  3.115 0.000  5.607 0.000 99.99 0.259000  15.350 0.000   6.838 0.000  8.509 0.000 0.074 0.000 0.179 0.000
243.291667 244.291667   35.19 0.000  0.51 0.000 9.999 0.259000 9.99 0.259000 0.017 0.000  1.811 0.000  3.260 0.000 99.99 0.259000   9.075 0.000   4.020 0.000  5.053 0.000 0.037 0.000 0.107 0.000
