scripts/IMPROVE-2019_partial/data/US9032R.20050101090000.20191216000000.filterpack..pm25.52w.1w.US03L_filterpack_US9032_2.US03L_IMPROVE_Davis.lev2.nas
55 1001
MISSING INFORMATION
US03L, IMPROVE, , , , , , , 
MISSING INFORMATION
IMPROVE sel_HTAP
1 1
2005 01 01 2019 12 16
3.000
days from file reference point
15
1 1 1 1 1 1 1 1 1 1 1 1 1 1 1
999.999 999.99 9.999999999 99.99 9.999999999 9.999 9.999999999 9.99 9.999999 999.99 9.999999999 999.999 9.999 9.999 9.999999999
end_time of measurement, days from the file reference point
iron, ng/m3, Revision date=20181210133000
numflag iron, no unit, Revision date=20181210133000
lead, ng/m3, Revision date=20181210133000
numflag lead, no unit, Revision date=20181210133000
magnesium, ug/m3, Revision date=20181210133000
numflag magnesium, no unit, Revision date=20181210133000
nickel, ng/m3, Revision date=20181210133000
numflag nickel, no unit, Revision date=20181210133000
phosphorus, ng/m3, Revision date=20181210133000
numflag phosphorus, no unit, Revision date=20181210133000
pm25_mass, ug/m3, Version=2, Version description=Data extracted from http://views.cira.colostate.edu/fed/DataWizard 2019-12-16, Sample duration=1d, Orig. time res.=3d, Blank correction=Blank corrected, Volume std. temperature=ambient, Volume std. pressure=ambient
numflag pm25_mass, no unit, Version=2, Version description=Data extracted from http://views.cira.colostate.edu/fed/DataWizard 2019-12-16, Sample duration=1d, Orig. time res.=3d, Blank correction=Blank corrected, Volume std. temperature=ambient, Volume std. pressure=ambient
potassium, ug/m3, Revision date=20181210133000
numflag potassium, no unit, Revision date=20181210133000
0
26
Data definition:              EBAS_1.1
Set type code:                TU
Timezone:                     UTC
File name:                    US9032R.20050101090000.20191216000000.filterpack..pm25.52w.1w.US03L_filterpack_US9032_2.US03L_IMPROVE_Davis.lev2.nas
File creation:                20191218120723
Startdate:                    20050101090000
Revision date:                20191216000000
Statistics:                   arithmetic mean
Data level:                   2
Period code:                  52w
Resolution code:              1w
Station code:                 US9032R
Platform code:                US9032S
Station name:                 Trapper Creek
Station latitude:             62.3153
Station longitude:            -150.3156
Station altitude:             155.0 m
Regime:                       IMG
Component:                    
Unit:                         ng/m3
Matrix:                       pm25
Laboratory code:              US03L
Instrument type:              filterpack
Instrument name:              filterpack_US9032_2
Method ref:                   US03L_IMPROVE_Davis
starttime endtime Fe flag_Fe Pb flag_Pb Mg++ flag_Mg++ Ni flag_Ni P flag_P PM2.5 flag_PM2.5 K+ flag_K+
  0.375   1.375   6.21 0.000000000  0.83 0.000000000 9.999 0.259000000 0.07 0.000000 999.99 0.259000000   1.536 0.000 0.028 0.000000000
  3.375   4.375 999.99 0.559394259 99.99 0.559394259 9.999 0.559394259 0.34 0.559394 999.99 0.559394259   0.370 0.659 9.999 0.559394259
  6.375   7.375   8.46 0.000000000  0.39 0.000000000 9.999 0.259000000 9.99 0.259000 999.99 0.259000000   0.845 0.000 0.006 0.000000000
  9.375  10.375  15.74 0.000000000  0.52 0.000000000 9.999 0.259000000 9.99 0.259000 999.99 0.259000000   0.798 0.000 0.009 0.000000000
 12.375  13.375   4.42 0.559000000  0.78 0.559000000 0.004 0.559000000 0.12 0.559000 999.99 0.559259000   1.205 0.659 0.007 0.559000000
 15.375  16.375   2.25 0.000000000  0.27 0.000000000 9.999 0.259000000 0.11 0.000000 999.99 0.259000000   0.380 0.000 0.005 0.000000000
 18.375  19.375   7.03 0.000000000  0.32 0.000000000 9.999 0.259000000 9.99 0.259000 999.99 0.259000000   0.562 0.000 0.004 0.000000000
 21.375  22.375   0.02 0.000000000  0.29 0.000000000 9.999 0.259000000 0.13 0.000000 999.99 0.259000000   0.387 0.000 9.999 0.259000000
 24.375  25.375   3.67 0.000000000 99.99 0.259000000 9.999 0.259000000 9.99 0.259000 999.99 0.259000000   0.208 0.000 0.001 0.000000000
 27.375  28.375 999.99 0.259000000  0.25 0.000000000 9.999 0.259000000 9.99 0.259000 999.99 0.259000000   0.264 0.000 9.999 0.259000000
 30.375  31.375   8.75 0.000000000  0.35 0.000000000 9.999 0.259000000 0.15 0.000000 999.99 0.259000000   0.710 0.000 0.005 0.000000000
 33.375  34.375   4.95 0.000000000  0.23 0.000000000 0.008 0.000000000 9.99 0.259000 999.99 0.259000000   0.915 0.000 0.005 0.000000000
 36.375  37.375   2.79 0.000000000  0.11 0.000000000 9.999 0.259000000 0.11 0.000000   1.30 0.000000000   0.690 0.000 0.003 0.000000000
 39.375  40.375   2.22 0.000000000  0.31 0.000000000 9.999 0.259000000 0.08 0.000000 999.99 0.259000000   0.728 0.000 0.003 0.000000000
 42.375  43.375   5.23 0.000000000  0.32 0.000000000 0.007 0.000000000 9.99 0.259000 999.99 0.259000000   1.100 0.000 0.006 0.000000000
 45.375  46.375   2.87 0.000000000  0.29 0.000000000 0.050 0.000000000 0.17 0.000000 999.99 0.259000000   2.833 0.000 0.017 0.000000000
 48.375  49.375   3.16 0.000000000  0.45 0.000000000 9.999 0.259000000 9.99 0.259000 999.99 0.259000000   0.853 0.000 0.004 0.000000000
 51.375  52.375   1.62 0.000000000  0.17 0.000000000 9.999 0.259000000 9.99 0.259000 999.99 0.259000000   0.238 0.000 0.001 0.000000000
 54.375  55.375 999.99 0.259000000  0.22 0.000000000 9.999 0.259000000 9.99 0.259000 999.99 0.259000000   0.204 0.000 9.999 0.259000000
 57.375  58.375 999.99 0.259000000  0.58 0.000000000 9.999 0.259000000 9.99 0.259000 999.99 0.259000000   0.765 0.000 9.999 0.259000000
 60.375  61.375   6.77 0.000000000  0.54 0.000000000 9.999 0.259000000 9.99 0.259000 999.99 0.259000000   0.328 0.000 0.002 0.000000000
 63.375  64.375   2.83 0.000000000  0.39 0.000000000 9.999 0.259000000 0.11 0.000000 999.99 0.259000000   0.237 0.000 0.002 0.000000000
 66.375  67.375   3.17 0.000000000 99.99 0.259000000 9.999 0.259000000 9.99 0.259000 999.99 0.259000000   0.424 0.000 0.002 0.000000000
 69.375  70.375   3.73 0.000000000  0.76 0.000000000 9.999 0.259000000 9.99 0.259000 999.99 0.259000000   1.028 0.000 0.010 0.000000000
 72.375  73.375   2.34 0.000000000 99.99 0.259000000 9.999 0.259000000 0.27 0.000000 999.99 0.259000000   0.813 0.000 0.004 0.000000000
 75.375  76.375  10.66 0.000000000  0.86 0.000000000 9.999 0.259000000 9.99 0.259000 999.99 0.259000000   1.582 0.000 0.011 0.000000000
 78.375  79.375 999.99 0.999000000 99.99 0.999000000 9.999 0.999000000 9.99 0.999000 999.99 0.999000000 999.999 0.999 9.999 0.999000000
 81.375  82.375   9.58 0.000000000  0.58 0.000000000 9.999 0.259000000 9.99 0.259000 999.99 0.259000000   1.417 0.000 0.010 0.000000000
 84.375  85.375 999.99 0.259000000  0.95 0.000000000 9.999 0.259000000 9.99 0.259000 999.99 0.259000000   1.118 0.000 9.999 0.259000000
 87.375  88.375   6.15 0.000000000  0.93 0.000000000 0.010 0.000000000 9.99 0.259000 999.99 0.259000000   1.604 0.000 0.012 0.000000000
 90.375  91.375  14.21 0.394000000  0.68 0.394000000 9.999 0.394259000 0.11 0.394000 999.99 0.394259000   1.481 0.000 0.015 0.394000000
 93.375  94.375   6.46 0.000000000  0.61 0.000000000 9.999 0.259000000 0.06 0.000000 999.99 0.259000000   1.169 0.000 0.009 0.000000000
 96.375  97.375   6.02 0.000000000  0.42 0.000000000 9.999 0.259000000 9.99 0.259000 999.99 0.259000000   0.703 0.000 0.006 0.000000000
 99.375 100.375   8.61 0.000000000  0.54 0.000000000 9.999 0.259000000 9.99 0.259000 999.99 0.259000000   1.086 0.000 0.009 0.000000000
102.375 103.375  13.84 0.000000000  0.65 0.000000000 9.999 0.259000000 9.99 0.259000 999.99 0.259000000   1.341 0.000 0.010 0.000000000
105.375 106.375   9.91 0.000000000  0.65 0.000000000 9.999 0.259000000 9.99 0.259000 999.99 0.259000000   1.067 0.000 0.009 0.000000000
108.375 109.375   7.20 0.000000000  0.52 0.000000000 9.999 0.259000000 0.14 0.000000 999.99 0.259000000   1.171 0.000 0.006 0.000000000
111.375 112.375  10.84 0.000000000  0.27 0.000000000 0.003 0.000000000 0.09 0.000000 999.99 0.259000000   0.873 0.000 0.008 0.000000000
114.375 115.375  16.87 0.000000000  0.91 0.000000000 9.999 0.259000000 9.99 0.259000 999.99 0.259000000   1.269 0.000 0.015 0.000000000
117.375 118.375  36.30 0.000000000  1.11 0.000000000 0.008 0.000000000 9.99 0.259000 999.99 0.259000000   2.227 0.000 0.027 0.000000000
120.375 121.375 999.99 0.259000000  0.73 0.000000000 9.999 0.259000000 0.06 0.000000 999.99 0.259000000   3.214 0.000 9.999 0.259000000
123.375 124.375  13.23 0.000000000  0.56 0.000000000 9.999 0.259000000 9.99 0.259000 999.99 0.259000000   1.978 0.000 0.011 0.000000000
126.375 127.375  19.55 0.000000000  0.59 0.000000000 9.999 0.259000000 9.99 0.259000 999.99 0.259000000   1.151 0.000 0.013 0.000000000
129.375 130.375 999.99 0.259000000  0.89 0.000000000 9.999 0.259000000 9.99 0.259000 999.99 0.259000000   2.555 0.000 9.999 0.259000000
132.375 133.375  16.05 0.000000000  0.38 0.000000000 9.999 0.259000000 0.08 0.000000 999.99 0.259000000   1.337 0.000 0.008 0.000000000
135.375 136.375   2.38 0.000000000  0.35 0.000000000 9.999 0.259000000 0.17 0.000000 999.99 0.259000000   0.606 0.000 0.003 0.000000000
138.375 139.375   0.02 0.000000000  0.79 0.000000000 9.999 0.259000000 9.99 0.259000 999.99 0.259000000   1.407 0.000 9.999 0.259000000
141.375 142.375   4.05 0.000000000  0.35 0.000000000 9.999 0.259000000 0.11 0.000000 999.99 0.259000000   1.282 0.000 0.008 0.000000000
144.375 145.375   5.52 0.000000000  0.38 0.000000000 0.007 0.000000000 9.99 0.259000 999.99 0.259000000   1.768 0.000 0.007 0.000000000
147.375 148.375   8.08 0.000000000  0.31 0.000000000 9.999 0.259000000 0.08 0.000000 999.99 0.259000000   0.569 0.000 0.005 0.000000000
150.375 151.375   4.27 0.000000000  0.21 0.000000000 0.008 0.000000000 0.07 0.000000 999.99 0.259000000   1.234 0.000 0.007 0.000000000
153.375 154.375   3.99 0.000000000  0.35 0.000000000 9.999 0.259000000 9.99 0.259000 999.99 0.259000000   1.085 0.000 0.004 0.000000000
156.375 157.375   6.56 0.000000000  0.28 0.000000000 9.999 0.259000000 9.99 0.259000 999.99 0.259000000   1.444 0.000 0.009 0.000000000
159.375 160.375   9.14 0.000000000  0.53 0.000000000 0.006 0.000000000 9.99 0.259000 999.99 0.259000000   1.982 0.000 0.010 0.000000000
162.375 163.375   2.23 0.000000000  0.54 0.000000000 9.999 0.259000000 9.99 0.259000   8.38 0.000000000   1.440 0.000 0.009 0.000000000
165.375 166.375   5.37 0.000000000  0.39 0.000000000 9.999 0.259000000 0.09 0.000000 999.99 0.259000000   2.871 0.000 0.011 0.000000000
168.375 169.375   6.56 0.000000000  0.43 0.000000000 0.006 0.000000000 9.99 0.259000 999.99 0.259000000   2.252 0.000 0.010 0.000000000
171.375 172.375   7.65 0.000000000  0.50 0.000000000 9.999 0.259000000 9.99 0.259000 999.99 0.259000000   5.423 0.000 0.032 0.000000000
174.375 175.375   4.55 0.000000000  0.61 0.000000000 9.999 0.259000000 0.05 0.000000 999.99 0.259000000   1.915 0.000 0.007 0.000000000
177.375 178.375   3.48 0.000000000  0.29 0.000000000 9.999 0.259000000 9.99 0.259000 999.99 0.259000000   3.540 0.000 0.017 0.000000000
180.375 181.375   5.05 0.000000000  0.58 0.000000000 0.005 0.000000000 9.99 0.259000 999.99 0.259000000  10.578 0.000 0.060 0.000000000
183.375 184.375   3.13 0.000000000  0.36 0.000000000 9.999 0.259000000 0.13 0.000000 999.99 0.259000000   3.470 0.000 0.020 0.000000000
186.375 187.375  11.29 0.000000000  0.62 0.000000000 9.999 0.259000000 9.99 0.259000 999.99 0.259000000   2.403 0.000 0.012 0.000000000
189.375 190.375   5.98 0.000000000  0.38 0.000000000 9.999 0.259000000 9.99 0.259000 999.99 0.259000000   5.796 0.000 0.028 0.000000000
192.375 193.375   5.50 0.000000000  0.35 0.000000000 9.999 0.259000000 9.99 0.259000 999.99 0.259000000   5.701 0.000 0.016 0.000000000
195.375 196.375  11.74 0.699000000  0.56 0.699000000 9.999 0.699259000 9.99 0.699259 999.99 0.699259000  12.370 0.659 0.048 0.699000000
198.375 199.375   3.68 0.000000000  0.77 0.000000000 9.999 0.259000000 9.99 0.259000 999.99 0.259000000   3.291 0.000 0.037 0.000000000
201.375 202.375   6.25 0.000000000  0.21 0.000000000 9.999 0.259000000 9.99 0.259000 999.99 0.259000000   1.162 0.000 0.006 0.000000000
204.375 205.375   7.95 0.000000000  0.36 0.000000000 9.999 0.259000000 0.08 0.000000 999.99 0.259000000   2.329 0.000 0.007 0.000000000
207.375 208.375   5.19 0.000000000  0.60 0.000000000 0.004 0.000000000 0.05 0.000000 999.99 0.259000000   1.740 0.000 0.007 0.000000000
210.375 211.375   1.95 0.000000000  0.70 0.000000000 9.999 0.259000000 0.08 0.000000 999.99 0.259000000   2.476 0.000 0.010 0.000000000
213.375 214.375   2.46 0.000000000  0.42 0.000000000 9.999 0.259000000 9.99 0.259000 999.99 0.259000000   2.457 0.000 0.013 0.000000000
216.375 217.375   2.11 0.000000000  0.54 0.000000000 9.999 0.259000000 9.99 0.259000 999.99 0.259000000   1.449 0.000 0.007 0.000000000
219.375 220.375   8.56 0.000000000  0.97 0.000000000 9.999 0.259000000 9.99 0.259000 999.99 0.259000000   6.647 0.000 0.027 0.000000000
222.375 223.375  17.00 0.000000000  1.03 0.000000000 0.004 0.000000000 0.17 0.000000 999.99 0.259000000   6.543 0.000 0.026 0.000000000
225.375 226.375  16.42 0.000000000  1.45 0.000000000 9.999 0.259000000 0.20 0.000000 999.99 0.259000000   6.341 0.000 0.018 0.000000000
228.375 229.375  15.11 0.000000000  0.83 0.000000000 9.999 0.259000000 0.11 0.000000 999.99 0.259000000   4.914 0.000 0.022 0.000000000
231.375 232.375   5.50 0.699000000  0.49 0.699000000 9.999 0.699259000 9.99 0.699259 999.99 0.699259000  30.602 0.659 0.115 0.699000000
234.375 235.375   1.53 0.000000000  0.19 0.000000000 9.999 0.259000000 9.99 0.259000 999.99 0.259000000   0.824 0.000 0.006 0.000000000
237.375 238.375   1.53 0.000000000  0.24 0.000000000 9.999 0.259000000 9.99 0.259000  10.66 0.000000000   0.993 0.000 0.008 0.000000000
240.375 241.375   1.53 0.000000000  0.31 0.000000000 9.999 0.259000000 9.99 0.259000 999.99 0.259000000   0.970 0.000 0.006 0.000000000
243.375 244.375   1.26 0.000000000  0.14 0.000000000 0.006 0.000000000 9.99 0.259000 999.99 0.259000000   0.982 0.000 0.006 0.000000000
246.375 247.375   0.61 0.000000000  0.29 0.000000000 0.004 0.000000000 9.99 0.259000 999.99 0.259000000   0.462 0.000 0.005 0.000000000
249.375 250.375   0.89 0.000000000  0.29 0.000000000 0.005 0.000000000 9.99 0.259000 999.99 0.259000000   1.064 0.000 0.007 0.000000000
252.375 253.375   1.25 0.000000000  0.33 0.000000000 9.999 0.259000000 0.04 0.000000   4.62 0.000000000   0.730 0.000 0.007 0.000000000
255.375 256.375   1.83 0.000000000  0.56 0.000000000 9.999 0.259000000 0.10 0.000000 999.99 0.259000000   2.296 0.000 0.018 0.000000000
258.375 259.375   0.74 0.000000000  0.41 0.000000000 9.999 0.259000000 9.99 0.259000   3.21 0.000000000   0.469 0.000 0.005 0.000000000
261.375 262.375   2.36 0.000000000  0.85 0.000000000 9.999 0.259000000 9.99 0.259000  10.47 0.000000000   1.689 0.000 0.013 0.000000000
264.375 265.375   0.82 0.000000000  0.42 0.000000000 9.999 0.259000000 9.99 0.259000 999.99 0.259000000   1.001 0.000 0.006 0.000000000
267.375 268.375   1.11 0.000000000  0.19 0.000000000 0.007 0.000000000 9.99 0.259000 999.99 0.259000000   1.451 0.000 0.011 0.000000000
270.375 271.375   1.88 0.000000000  0.22 0.000000000 9.999 0.259000000 9.99 0.259000   5.79 0.000000000   1.047 0.000 0.007 0.000000000
273.375 274.375   4.61 0.000000000  0.26 0.000000000 9.999 0.259000000 9.99 0.259000  11.61 0.000000000   2.043 0.000 0.013 0.000000000
276.375 277.375   2.26 0.000000000  0.09 0.000000000 9.999 0.259000000 9.99 0.259000 999.99 0.259000000   0.726 0.000 0.003 0.000000000
279.375 280.375   3.21 0.000000000  0.23 0.000000000 9.999 0.259000000 9.99 0.259000 999.99 0.259000000   0.937 0.000 0.006 0.000000000
282.375 283.375   3.36 0.000000000  0.11 0.000000000 9.999 0.259000000 9.99 0.259000 999.99 0.259000000   0.712 0.000 0.003 0.000000000
285.375 286.375  20.94 0.000000000  0.25 0.000000000 9.999 0.259000000 9.99 0.259000 999.99 0.259000000   1.567 0.000 0.010 0.000000000
288.375 289.375   3.76 0.000000000  0.32 0.000000000 9.999 0.259000000 0.10 0.000000 999.99 0.259000000   1.067 0.000 0.004 0.000000000
291.375 292.375   3.18 0.000000000  0.15 0.000000000 9.999 0.259000000 9.99 0.259000 999.99 0.259000000   0.978 0.000 0.008 0.000000000
294.375 295.375   3.08 0.000000000  0.15 0.000000000 9.999 0.259000000 9.99 0.259000 999.99 0.259000000   0.743 0.000 0.006 0.000000000
297.375 298.375   8.48 0.000000000  0.19 0.000000000 9.999 0.259000000 9.99 0.259000 999.99 0.259000000   0.835 0.000 0.011 0.000000000
300.375 301.375   5.83 0.000000000  0.19 0.000000000 9.999 0.259000000 9.99 0.259000 999.99 0.259000000   0.765 0.000 0.007 0.000000000
303.375 304.375  15.94 0.000000000  0.21 0.000000000 9.999 0.259000000 9.99 0.259000 999.99 0.259000000   1.090 0.000 0.012 0.000000000
306.375 307.375  19.55 0.000000000  0.25 0.000000000 0.004 0.000000000 9.99 0.259000 999.99 0.259000000   1.330 0.000 0.015 0.000000000
309.375 310.375   6.42 0.000000000  0.20 0.000000000 9.999 0.259000000 9.99 0.259000 999.99 0.259000000   1.197 0.000 0.008 0.000000000
312.375 313.375  12.68 0.000000000  0.21 0.000000000 9.999 0.259000000 9.99 0.259000 999.99 0.259000000   0.817 0.000 0.009 0.000000000
315.375 316.375   4.84 0.000000000  0.21 0.000000000 9.999 0.259000000 0.10 0.000000 999.99 0.259000000   1.102 0.000 0.009 0.000000000
318.375 319.375  14.58 0.000000000  0.29 0.000000000 9.999 0.259000000 9.99 0.259000 999.99 0.259000000   0.997 0.000 0.008 0.000000000
321.375 322.375   1.91 0.000000000  0.15 0.000000000 9.999 0.259000000 9.99 0.259000 999.99 0.259000000   0.209 0.000 0.001 0.000000000
324.375 325.375   1.65 0.000000000  0.28 0.000000000 9.999 0.259000000 9.99 0.259000 999.99 0.259000000   1.332 0.000 0.005 0.000000000
327.375 328.375   2.18 0.000000000  0.11 0.000000000 9.999 0.259000000 9.99 0.259000 999.99 0.259000000   1.170 0.000 0.005 0.000000000
330.375 331.375   2.05 0.000000000  0.10 0.000000000 9.999 0.259000000 9.99 0.259000 999.99 0.259000000   0.739 0.000 0.003 0.000000000
333.375 334.375   1.98 0.000000000  0.09 0.000000000 0.006 0.000000000 9.99 0.259000 999.99 0.259000000   1.304 0.000 0.003 0.000000000
336.375 337.375   2.70 0.000000000  0.25 0.000000000 9.999 0.259000000 9.99 0.259000 999.99 0.259000000   0.833 0.000 0.003 0.000000000
339.375 340.375   1.28 0.559000000 99.99 0.559259000 9.999 0.559259000 9.99 0.559259   1.07 0.559000000   0.154 0.000 0.001 0.559000000
342.375 343.375   1.27 0.000000000  0.13 0.000000000 9.999 0.259000000 9.99 0.259000 999.99 0.259000000   0.428 0.000 0.002 0.000000000
345.375 346.375   1.91 0.000000000  0.28 0.000000000 0.006 0.000000000 9.99 0.259000 999.99 0.259000000   0.717 0.000 0.005 0.000000000
348.375 349.375   1.48 0.000000000 99.99 0.259000000 0.002 0.000000000 9.99 0.259000 999.99 0.259000000   0.237 0.000 0.002 0.000000000
351.375 352.375   1.46 0.000000000 99.99 0.259000000 9.999 0.259000000 0.03 0.000000   0.58 0.000000000 999.999 0.259 0.001 0.000000000
354.375 355.375   2.71 0.000000000  0.09 0.000000000 0.003 0.000000000 9.99 0.259000 999.99 0.259000000   0.182 0.000 0.002 0.000000000
357.375 358.375   0.89 0.000000000  0.09 0.000000000 9.999 0.259000000 0.06 0.000000 999.99 0.259000000   0.030 0.000 0.001 0.000000000
360.375 361.375   1.84 0.000000000 99.99 0.259000000 9.999 0.259000000 9.99 0.259000 999.99 0.259000000   0.182 0.000 0.001 0.000000000
363.375 364.375   3.06 0.000000000 99.99 0.259000000 0.003 0.000000000 0.04 0.000000 999.99 0.259000000   0.211 0.000 0.002 0.000000000
