scripts/IMPROVE-2019_partial/data/US9039R.20030103070000.20191216000000.filterpack..pm25.1y.1w.US03L_filterpack_US9039.US03L_IMPROVE_Davis.lev2.nas
66 1001
MISSING INFORMATION
US03L, IMPROVE, , , , , , , 
MISSING INFORMATION
IMPROVE sel_HTAP
1 1
2003 01 01 2019 12 16
3.000000
days from file reference point
27
1 1 1 1 1 1 1 1 1 1 1 1 1 1 1 1 1 1 1 1 1 1 1 1 1 1 1
999.999999 99999.99 9.999 99.99 9.999 9.999 9.999999 99.99 9.999999 99.999 9.999999 99.999 9.999 99.999 9.999 999.99 9.999999 9999.999 9.999 999.999 9.999 999.999 9.999 99.999 9.999 99.999 9.999999
end_time of measurement, days from the file reference point
iron, ng/m3, Revision date=20181210133000
numflag iron, no unit, Revision date=20181210133000
lead, ng/m3, Revision date=20181210133000
numflag lead, no unit, Revision date=20181210133000
magnesium, ug/m3, Revision date=20181210133000
numflag magnesium, no unit, Revision date=20181210133000
nickel, ng/m3, Revision date=20181210133000
numflag nickel, no unit, Revision date=20181210133000
nitrate, ug N/m3, Revision date=20181210133000
numflag nitrate, no unit, Revision date=20181210133000
organic_carbon, ug C/m3, Revision date=20181210133000
numflag organic_carbon, no unit, Revision date=20181210133000
organic_mass, ug/m3, Revision date=20181210133000
numflag organic_mass, no unit, Revision date=20181210133000
phosphorus, ng/m3, Revision date=20181210133000
numflag phosphorus, no unit, Revision date=20181210133000
pm10_mass, ug/m3, Version=2, Version description=Data extracted from http://views.cira.colostate.edu/fed/DataWizard 2019-12-16, Sample duration=1d, Orig. time res.=3d, Matrix=pm10, Blank correction=Blank corrected, Volume std. temperature=ambient, Volume std. pressure=ambient
numflag pm10_mass, no unit, Version=2, Version description=Data extracted from http://views.cira.colostate.edu/fed/DataWizard 2019-12-16, Sample duration=1d, Orig. time res.=3d, Matrix=pm10, Blank correction=Blank corrected, Volume std. temperature=ambient, Volume std. pressure=ambient
pm10_pm25_mass, ug/m3, Revision date=20181210133000, Matrix=pm10_pm25
numflag pm10_pm25_mass, no unit, Revision date=20181210133000, Matrix=pm10_pm25
pm25_mass, ug/m3, Version=2, Version description=Data extracted from http://views.cira.colostate.edu/fed/DataWizard 2019-12-16, Sample duration=1d, Orig. time res.=3d, Blank correction=Blank corrected, Volume std. temperature=ambient, Volume std. pressure=ambient
numflag pm25_mass, no unit, Version=2, Version description=Data extracted from http://views.cira.colostate.edu/fed/DataWizard 2019-12-16, Sample duration=1d, Orig. time res.=3d, Blank correction=Blank corrected, Volume std. temperature=ambient, Volume std. pressure=ambient
potassium, ug/m3, Revision date=20181210133000
numflag potassium, no unit, Revision date=20181210133000
sulphate_total, ug S/m3, Revision date=20181210133000
numflag sulphate_total, no unit, Revision date=20181210133000
0
25
Data definition:              EBAS_1.1
Set type code:                TU
Timezone:                     UTC
File name:                    US9039R.20030103070000.20191216000000.filterpack..pm25.1y.1w.US03L_filterpack_US9039.US03L_IMPROVE_Davis.lev2.nas
File creation:                20191218120801
Startdate:                    20030103070000
Revision date:                20191216000000
Statistics:                   arithmetic mean
Data level:                   2
Period code:                  1y
Resolution code:              1w
Station code:                 US9039R
Platform code:                US9039S
Station name:                 Saguaro West
Station latitude:             32.2486
Station longitude:            -111.2178
Station altitude:             714.0 m
Regime:                       IMG
Component:                    
Matrix:                       pm25
Laboratory code:              US03L
Instrument type:              filterpack
Instrument name:              filterpack_US9039
Method ref:                   US03L_IMPROVE_Davis
starttime endtime Fe flag_Fe Pb flag_Pb Mg++ flag_Mg++ Ni flag_Ni NO3- flag_NO3- OC flag_OC OM flag_OM P flag_P PM10 flag_PM10 PM10-PM2.5 flag_PM10-PM2.5 PM2.5 flag_PM2.5 K+ flag_K+ SO4-- flag_SO4--
[from data line 77]
233.291667 234.291667   112.74 0.000  0.94 0.000 9.999 0.259000  0.21 0.000000  0.075 0.000000  0.864 0.000  1.210 0.000 999.99 0.259000   23.611 0.000  17.056 0.000   6.555 0.000  0.094 0.000  0.616 0.000000
236.291667 237.291667    79.69 0.000  0.49 0.000 9.999 0.259000 99.99 0.259000  0.035 0.000000  1.042 0.000  1.458 0.000 999.99 0.259000   13.429 0.000   7.981 0.000   5.448 0.000  0.057 0.000  0.418 0.000000
239.291667 240.291667    44.03 0.000  0.62 0.000 9.999 0.259000  0.16 0.000000  0.059 0.000000  0.691 0.000  0.968 0.000 999.99 0.259000    7.786 0.000   4.122 0.000   3.664 0.000  0.034 0.000  0.344 0.000000
242.291667 243.291667    46.88 0.000  1.19 0.000 9.999 0.259000  0.13 0.000000  0.029 0.000000  0.879 0.000  1.231 0.000 999.99 0.259000   12.101 0.000   7.541 0.000   4.560 0.000  0.039 0.000  0.415 0.000000
245.291667 246.291667    81.99 0.000  0.48 0.000 0.027 0.000000  0.13 0.000000  0.018 0.000000  0.923 0.000  1.293 0.000 999.99 0.259000   23.370 0.000  17.905 0.000   5.465 0.000  0.060 0.000  0.391 0.000000
248.291667 249.291667    87.60 0.000  0.86 0.000 9.999 0.259000  0.17 0.000000  0.044 0.000000  0.896 0.000  1.254 0.000 999.99 0.259000   22.400 0.000  16.694 0.000   5.707 0.000  0.074 0.000  0.493 0.000000
251.291667 252.291667   172.45 0.000  0.43 0.000 9.999 0.259000  0.31 0.000000  0.035 0.000000  0.586 0.000  0.820 0.000 999.99 0.259000   51.845 0.000  45.369 0.000   6.475 0.000  0.129 0.000  0.347 0.000000
254.291667 255.291667   140.40 0.000  1.09 0.000 9.999 0.259000  0.08 0.000000  0.035 0.000000  0.427 0.000  0.598 0.000 999.99 0.259000   16.498 0.000  11.328 0.000   5.171 0.000  0.105 0.000  0.170 0.000000
257.291667 258.291667    89.23 0.000  1.16 0.000 9.999 0.259000  0.10 0.000000  0.038 0.000000  0.981 0.000  1.374 0.000 999.99 0.259000   20.497 0.000  15.468 0.000   5.029 0.000  0.101 0.000  0.325 0.000000
260.291667 261.291667   131.87 0.000  0.84 0.000 9.999 0.259000  0.17 0.000000  0.069 0.000000  0.659 0.000  0.923 0.000 999.99 0.259000   28.199 0.000  20.833 0.000   7.365 0.000  0.113 0.000  0.483 0.000000
263.291667 264.291667   107.61 0.000  1.29 0.000 9.999 0.259000 99.99 0.259000  0.027 0.000000  0.765 0.000  1.070 0.000 999.99 0.259000   22.012 0.000  16.577 0.000   5.435 0.000  0.099 0.000  0.275 0.000000
266.291667 267.291667    26.43 0.000  0.73 0.000 9.999 0.259000  0.11 0.000000  0.029 0.000000  0.618 0.000  0.866 0.000 999.99 0.259000    7.702 0.000   5.026 0.000   2.676 0.000  0.023 0.000  0.198 0.000000
269.291667 270.291667    62.42 0.000  1.38 0.000 9.999 0.259000 99.99 0.259000  0.055 0.000000  1.027 0.000  1.438 0.000 999.99 0.259000   14.857 0.000   9.362 0.000   5.495 0.000  0.063 0.000  0.412 0.000000
272.291667 273.291667    61.99 0.000  1.36 0.000 9.999 0.259000 99.99 0.259000  0.036 0.000000  0.960 0.000  1.343 0.000 999.99 0.259000   16.077 0.000  10.517 0.000   5.559 0.000  0.061 0.000  0.435 0.000000
275.291667 276.291667    46.75 0.000  0.37 0.000 9.999 0.259000  0.25 0.000000  0.020 0.000000  0.417 0.000  0.584 0.000 999.99 0.259000   16.524 0.000  12.734 0.000   3.791 0.000  0.038 0.000  0.331 0.000000
278.291667 279.291667    40.23 0.000  1.05 0.000 9.999 0.259000  0.14 0.000000  0.018 0.000000  0.482 0.000  0.675 0.000 999.99 0.259000   10.438 0.000   7.055 0.000   3.382 0.000  0.037 0.000  0.297 0.000000
281.291667 282.291667    40.41 0.000  1.09 0.000 9.999 0.259000 99.99 0.259000  0.022 0.000000  0.712 0.000  0.997 0.000 999.99 0.259000    7.955 0.000   4.285 0.000   3.669 0.000  0.034 0.000  0.261 0.000000
284.291667 285.291667    41.33 0.000  1.05 0.000 0.032 0.000000 99.99 0.259000  0.020 0.000000  0.629 0.000  0.880 0.000 999.99 0.259000   10.919 0.000   7.536 0.000   3.382 0.000  0.033 0.000  0.197 0.000000
287.291667 288.291667    95.61 0.000  1.56 0.000 9.999 0.259000 99.99 0.259000  0.033 0.000000  0.803 0.000  1.124 0.000 999.99 0.259000   17.954 0.000  12.006 0.000   5.948 0.000  0.083 0.000  0.428 0.000000
290.291667 291.291667    71.74 0.000  1.06 0.000 9.999 0.259000 99.99 0.259000  0.019 0.000000  0.783 0.000  1.097 0.000 999.99 0.259000   17.954 0.000  13.011 0.000   4.943 0.000  0.057 0.000  0.295 0.000000
293.291667 294.291667   162.57 0.000  0.95 0.000 9.999 0.259000 99.99 0.259000  0.027 0.000000  0.984 0.000  1.378 0.000 999.99 0.259000   22.881 0.000  15.681 0.000   7.201 0.000  0.129 0.000  0.334 0.000000
296.291667 297.291667   166.31 0.000  1.83 0.000 9.999 0.259000 99.99 0.259000  0.034 0.000000  1.193 0.000  1.670 0.000 999.99 0.259000   25.618 0.000  17.249 0.000   8.370 0.000  0.154 0.000  0.339 0.000000
299.291667 300.291667   114.48 0.000  0.86 0.000 0.037 0.000000 99.99 0.259000  0.036 0.000000  0.776 0.000  1.087 0.000 999.99 0.259000   22.222 0.000  16.791 0.000   5.431 0.000  0.097 0.000  0.208 0.000000
302.291667 303.291667   239.57 0.000  2.64 0.000 0.059 0.000000 99.99 0.259000  0.191 0.000000  7.047 0.000  9.865 0.000  39.98 0.000000   72.569 0.000  49.836 0.000  22.733 0.000  0.609 0.000  0.341 0.000000
305.291667 306.291667    94.68 0.000  1.90 0.000 0.047 0.000000  0.32 0.000000  0.138 0.000000  1.965 0.000  2.751 0.000 999.99 0.259000   28.286 0.000  18.618 0.000   9.668 0.000  0.191 0.000  0.583 0.000000
308.291667 309.291667   185.90 0.000  1.51 0.000 0.094 0.000000  0.11 0.000000  0.079 0.000000  0.877 0.000  1.228 0.000 999.99 0.259000   32.618 0.000  25.793 0.000   6.825 0.000  0.144 0.000  0.173 0.000000
311.291667 312.291667   221.38 0.000  3.20 0.000 9.999 0.259000 99.99 0.259000  0.081 0.000000  1.111 0.000  1.555 0.000 999.99 0.259000   35.865 0.000  28.385 0.000   7.481 0.000  0.199 0.000  0.268 0.000000
314.291667 315.291667   281.69 0.000  1.61 0.000 9.999 0.259000 99.99 0.259000  0.027 0.000000  0.691 0.000  0.968 0.000 999.99 0.259000 9999.999 0.456 999.999 0.999   8.718 0.000  0.195 0.000  0.153 0.000000
317.291667 318.291667   125.66 0.000  1.31 0.000 9.999 0.259000 99.99 0.259000  1.355 0.000000  1.193 0.000  1.670 0.000 999.99 0.259000    8.039 0.000   1.034 0.000   7.004 0.000  0.085 0.000  0.269 0.000000
320.291667 321.291667   149.98 0.000  0.73 0.000 0.066 0.000000  0.23 0.000000  0.169 0.000000  0.662 0.000  0.927 0.000 999.99 0.259000    5.934 0.000   0.480 0.000   5.454 0.000  0.104 0.000  0.136 0.000000
323.291667 324.291667   288.62 0.000  1.47 0.000 9.999 0.259000 99.99 0.259000  0.025 0.000000  0.668 0.000  0.935 0.000 999.99 0.259000   11.069 0.000   1.750 0.000   9.319 0.000  0.197 0.000  0.105 0.000000
326.291667 327.291667   196.50 0.000  3.34 0.000 0.084 0.000000 99.99 0.259000  0.029 0.000000  0.514 0.000  0.720 0.000 999.99 0.259000   11.941 0.000   5.263 0.000   6.678 0.000  0.142 0.000  0.076 0.000000
329.291667 330.291667 99999.99 0.999 99.99 0.999 9.999 0.999000 99.99 0.999000 99.999 0.999000 99.999 0.999 99.999 0.999 999.99 0.999000 9999.999 0.999 999.999 0.999 999.999 0.999 99.999 0.999 99.999 0.999000
332.291667 333.291667   176.84 0.000  1.39 0.000 9.999 0.259000  0.15 0.000000  0.031 0.000000  1.046 0.000  1.465 0.000 999.99 0.259000   15.039 0.000   8.125 0.000   6.915 0.000  0.134 0.000  0.141 0.000000
335.291667 336.291667   248.36 0.000  3.53 0.000 9.999 0.259000 99.99 0.259000  0.162 0.000000  1.053 0.000  1.474 0.000 999.99 0.259000   23.937 0.000  15.014 0.000   8.923 0.000  0.206 0.000  0.232 0.000000
338.291667 339.291667   347.79 0.000  4.31 0.000 9.999 0.259000  0.10 0.000000  0.055 0.000000  1.424 0.000  1.994 0.000 999.99 0.259000   33.029 0.000  21.403 0.000  11.625 0.000  0.293 0.000  0.277 0.000000
341.291667 342.291667    92.95 0.000  0.98 0.000 9.999 0.259000  0.48 0.000000  0.071 0.000000  0.873 0.000  1.222 0.000 999.99 0.259000   12.584 0.000   6.546 0.000   6.039 0.000  0.140 0.000  0.432 0.000000
344.291667 345.291667   209.67 0.000  1.41 0.000 9.999 0.259000  0.13 0.000000  0.307 0.000000  0.944 0.000  1.321 0.000 999.99 0.259000   11.856 0.000   4.792 0.000   7.064 0.000  0.186 0.000  0.169 0.000000
347.291667 348.291667   101.75 0.000  1.37 0.000 9.999 0.259000  0.28 0.000000  0.069 0.000000  1.067 0.000  1.494 0.000 999.99 0.259000    7.029 0.000   2.430 0.000   4.600 0.000  0.108 0.000  0.118 0.000000
350.291667 351.291667   229.99 0.000  1.01 0.000 9.999 0.259000  0.96 0.000000  0.076 0.000000  1.319 0.000  1.847 0.000 999.99 0.259000   14.478 0.000   8.282 0.000   6.196 0.000  0.161 0.000  0.135 0.000000
353.291667 354.291667   206.25 0.000  2.89 0.000 9.999 0.259000 99.99 0.259000  0.036 0.000000  1.360 0.000  1.905 0.000 999.99 0.259000   21.977 0.000  15.092 0.000   6.885 0.000  0.197 0.000  0.106 0.000000
356.291667 357.291667    68.15 0.000  0.69 0.000 0.116 0.000000 99.99 0.259000  0.025 0.000000  0.616 0.000  0.862 0.000 999.99 0.259000   14.928 0.000  11.947 0.000   2.982 0.000  0.050 0.000  0.142 0.000000
359.291667 360.291667    89.75 0.000  0.34 0.000 9.999 0.259000 99.99 0.259000  0.028 0.000000  0.542 0.000  0.758 0.000 999.99 0.259000   17.466 0.000  13.846 0.000   3.621 0.000  0.101 0.000  0.062 0.000000
362.291667 363.291667    62.05 0.000  4.69 0.000 9.999 0.259000 99.99 0.259000  0.086 0.000000  1.129 0.000  1.580 0.000 999.99 0.259000   12.280 0.000   9.000 0.000   3.280 0.000  0.089 0.000  0.088 0.000000
