scripts/IMPROVE-2019_partial/data/US9077R.19970101080000.20191216000000.filterpack...1y.3d.US03L_filterpack_US9077.US03L_IMPROVE_Davis.lev2.nas
51 1001
MISSING INFORMATION
US03L, IMPROVE, , , , , , , 
MISSING INFORMATION
IMPROVE sel_HTAP
1 1
1997 01 01 2019 12 16
0
days from file reference point
4
1 1 1 1
999.999999 999.999 999.999 9.999
end_time of measurement, days from the file reference point
pm10_mass, ug/m3, Matrix=pm10
pm25_mass, ug/m3, Matrix=pm25
numflag, no unit
0
33
Data definition:              EBAS_1.1
Set type code:                TI
Timezone:                     UTC
File name:                    US9077R.19970101080000.20191216000000.filterpack...1y.3d.US03L_filterpack_US9077.US03L_IMPROVE_Davis.lev2.nas
File creation:                20191218121048
Startdate:                    19970101080000
Revision date:                20191216000000
Version:                      2
Version description:          "Data extracted from http://views.cira.colostate.edu/fed/DataWizard 2019-12-16"
Statistics:                   arithmetic mean
Data level:                   2
Period code:                  1y
Resolution code:              3d
Sample duration:              1d
Orig. time res.:              3d
Station code:                 US9077R
Platform code:                US9077S
Station name:                 Snoqualmie Pass
Station latitude:             47.422
Station longitude:            -121.4259
Station altitude:             1049.0 m
Regime:                       IMG
Component:                    
Unit:                         ug/m3
Matrix:                       
Laboratory code:              US03L
Instrument type:              filterpack
Instrument name:              filterpack_US9077
Method ref:                   US03L_IMPROVE_Davis
Blank correction:             Blank corrected
Volume std. temperature:      ambient
Volume std. pressure:         ambient
starttime endtime PM10 PM2.5 flag
  0.333333   1.333333 999.999 999.999 0.999
  3.333333   4.333333 999.999   3.456 0.000
  7.333333   8.333333   1.757   0.983 0.000
 10.333333  11.333333   2.615   1.605 0.000
 14.333333  15.333333   8.681   5.626 0.000
 17.333333  18.333333   1.482   1.408 0.000
 21.333333  22.333333   0.785   0.932 0.000
 24.333333  25.333333   3.762   2.548 0.000
 28.333333  29.333333   2.952   3.203 0.000
 31.333333  32.333333   1.455   1.459 0.000
 35.333333  36.333333  16.019   3.115 0.000
 38.333333  39.333333  17.894  10.514 0.000
 42.333333  43.333333   5.291   1.083 0.000
 45.333333  46.333333   3.348 999.999 0.000
 49.333333  50.333333   0.827   0.608 0.000
 52.333333  53.333333   3.638   1.728 0.000
 56.333333  57.333333   2.514   1.280 0.000
 59.333333  60.333333  10.816 999.999 0.000
 63.333333  64.333333   2.485   2.609 0.000
 66.333333  67.333333   6.132   3.090 0.000
 70.333333  71.333333 999.999   2.058 0.000
 73.333333  74.333333   4.071   3.243 0.000
 77.333333  78.333333   2.778   0.473 0.000
 80.333333  81.333333   7.253   3.217 0.000
 84.333333  85.333333   2.034   1.688 0.000
 87.333333  88.333333  10.885   8.448 0.000
 91.333333  92.333333   5.384   3.833 0.000
 94.333333  95.333333   6.677   3.145 0.000
 98.333333  99.333333   8.479   4.641 0.000
101.333333 102.333333  16.152   7.646 0.000
105.333333 106.333333   3.623   3.230 0.000
108.333333 109.333333   0.755   0.444 0.000
112.333333 113.333333   0.959   1.254 0.000
115.333333 116.333333   3.031   2.380 0.000
119.333333 120.333333   1.176   0.698 0.000
122.333333 123.333333   3.036   2.847 0.000
126.333333 127.333333   2.327   1.351 0.000
129.333333 130.333333   7.572   6.025 0.000
133.333333 134.333333  13.704  10.306 0.000
136.333333 137.333333   9.678   3.456 0.000
140.333333 141.333333  14.951   5.080 0.000
143.333333 144.333333 999.999 999.999 0.999
147.333333 148.333333 999.999 999.999 0.999
150.333333 151.333333 999.999 999.999 0.999
154.333333 155.333333 999.999 999.999 0.999
157.333333 158.333333 999.999 999.999 0.999
161.333333 162.333333 999.999 999.999 0.999
164.333333 165.333333  10.844   7.137 0.000
168.333333 169.333333   6.617   2.144 0.000
171.333333 172.333333 999.999   3.712 0.000
175.333333 176.333333   8.180   5.938 0.000
178.333333 179.333333   7.855   4.813 0.000
182.333333 183.333333  11.712   3.601 0.000
185.333333 186.333333  15.015   7.009 0.000
189.333333 190.333333   1.937   1.617 0.000
192.333333 193.333333   5.702   3.535 0.000
196.333333 197.333333   5.672   4.640 0.000
199.333333 200.333333  11.931   7.773 0.000
203.333333 204.333333  12.005   3.022 0.000
206.333333 207.333333  11.008   6.012 0.000
210.333333 211.333333  14.032   9.697 0.000
213.333333 214.333333  10.882   7.351 0.000
217.333333 218.333333  12.135   8.759 0.000
220.333333 221.333333   8.448   3.425 0.000
224.333333 225.333333  14.251   8.769 0.000
227.333333 228.333333   9.621   5.871 0.000
231.333333 232.333333  10.803   8.210 0.000
234.333333 235.333333   5.769   3.872 0.000
238.333333 239.333333   3.436   2.325 0.000
241.333333 242.333333   9.087   5.039 0.000
245.333333 246.333333  11.683   7.232 0.000
248.333333 249.333333   5.462   3.680 0.000
252.333333 253.333333  18.294  13.595 0.000
255.333333 256.333333   4.179   4.356 0.000
259.333333 260.333333   1.028   0.975 0.000
262.333333 263.333333   4.796   3.205 0.000
266.333333 267.333333  16.049  12.377 0.000
269.333333 270.333333   6.420   3.785 0.000
273.333333 274.333333   3.959   4.179 0.000
276.333333 277.333333   5.257   1.698 0.000
280.333333 281.333333 999.999  10.917 0.000
283.333333 284.333333   6.036   3.879 0.000
287.333333 288.333333   9.565   5.782 0.000
290.333333 291.333333   4.029   3.472 0.000
294.333333 295.333333   6.827   5.631 0.000
297.333333 298.333333   5.423   5.330 0.000
301.333333 302.333333   2.348   2.293 0.000
304.333333 305.333333   4.720   2.907 0.000
308.333333 309.333333   8.080   5.021 0.000
311.333333 312.333333   3.272   2.649 0.000
315.333333 316.333333   6.210   6.475 0.000
318.333333 319.333333   7.898   7.850 0.000
322.333333 323.333333 999.999   3.504 0.000
325.333333 326.333333   1.876   2.142 0.000
329.333333 330.333333   4.208   2.193 0.000
332.333333 333.333333   3.284   1.900 0.000
336.333333 337.333333   5.685   3.456 0.000
339.333333 340.333333 999.999   6.617 0.000
343.333333 344.333333   1.129 999.999 0.000
346.333333 347.333333   6.458   4.509 0.000
350.333333 351.333333   6.910   0.775 0.000
353.333333 354.333333   8.845   2.415 0.000
357.333333 358.333333 999.999   2.337 0.000
360.333333 361.333333   2.361   1.728 0.000
364.333333 365.333333   2.947   2.434 0.000
