scripts/IMPROVE-2019_partial/data/US9051U.20010101050000.20191216000000.filterpack..pm25.52w.1w.US03L_filterpack_US9051.US03L_IMPROVE_Davis.lev2.nas
64 1001
MISSING INFORMATION
US03L, IMPROVE, , , , , , , 
MISSING INFORMATION
IMPROVE sel_HTAP
1 1
2001 01 01 2019 12 16
3.000000
days from file reference point
25
1 1 1 1 1 1 1 1 1 1 1 1 1 1 1 1 1 1 1 1 1 1 1 1 1
999.999999 9999.99 9.999 999.99 9.999 9.999 9.999 99.99 9.999 99.999 9.999 99.999 9.999 999.999 9.999 999.999 9.999 999.999 9.999 999.999 9.999 9.999 9.999 99.999 9.999
end_time of measurement, days from the file reference point
iron, ng/m3, Revision date=20181210133000
numflag iron, no unit, Revision date=20181210133000
lead, ng/m3, Revision date=20181210133000
numflag lead, no unit, Revision date=20181210133000
magnesium, ug/m3, Revision date=20181210133000
numflag magnesium, no unit, Revision date=20181210133000
nickel, ng/m3, Revision date=20181210133000
numflag nickel, no unit, Revision date=20181210133000
nitrate, ug N/m3, Revision date=20181210133000
numflag nitrate, no unit, Revision date=20181210133000
organic_carbon, ug C/m3, Revision date=20181210133000
numflag organic_carbon, no unit, Revision date=20181210133000
organic_mass, ug/m3, Revision date=20181210133000
numflag organic_mass, no unit, Revision date=20181210133000
pm10_mass, ug/m3, Version=2, Version description=Data extracted from http://views.cira.colostate.edu/fed/DataWizard 2019-12-16, Sample duration=1d, Orig. time res.=3d, Matrix=pm10, Blank correction=Blank corrected, Volume std. temperature=ambient, Volume std. pressure=ambient
numflag pm10_mass, no unit, Version=2, Version description=Data extracted from http://views.cira.colostate.edu/fed/DataWizard 2019-12-16, Sample duration=1d, Orig. time res.=3d, Matrix=pm10, Blank correction=Blank corrected, Volume std. temperature=ambient, Volume std. pressure=ambient
pm10_pm25_mass, ug/m3, Revision date=20181210133000, Matrix=pm10_pm25
numflag pm10_pm25_mass, no unit, Revision date=20181210133000, Matrix=pm10_pm25
pm25_mass, ug/m3, Version=2, Version description=Data extracted from http://views.cira.colostate.edu/fed/DataWizard 2019-12-16, Sample duration=1d, Orig. time res.=3d, Blank correction=Blank corrected, Volume std. temperature=ambient, Volume std. pressure=ambient
numflag pm25_mass, no unit, Version=2, Version description=Data extracted from http://views.cira.colostate.edu/fed/DataWizard 2019-12-16, Sample duration=1d, Orig. time res.=3d, Blank correction=Blank corrected, Volume std. temperature=ambient, Volume std. pressure=ambient
potassium, ug/m3, Revision date=20181210133000
numflag potassium, no unit, Revision date=20181210133000
sulphate_total, ug S/m3, Revision date=20181210133000
numflag sulphate_total, no unit, Revision date=20181210133000
0
25
Data definition:              EBAS_1.1
Set type code:                TU
Timezone:                     UTC
File name:                    US9051U.20010101050000.20191216000000.filterpack..pm25.52w.1w.US03L_filterpack_US9051.US03L_IMPROVE_Davis.lev2.nas
File creation:                20191218120855
Startdate:                    20010101050000
Revision date:                20191216000000
Statistics:                   arithmetic mean
Data level:                   2
Period code:                  52w
Resolution code:              1w
Station code:                 US9051U
Platform code:                US9051S
Station name:                 Washington D.C.
Station latitude:             38.8762
Station longitude:            -77.0344
Station altitude:             15.0 m
Regime:                       IMG
Component:                    
Matrix:                       pm25
Laboratory code:              US03L
Instrument type:              filterpack
Instrument name:              filterpack_US9051
Method ref:                   US03L_IMPROVE_Davis
starttime endtime Fe flag_Fe Pb flag_Pb Mg++ flag_Mg++ Ni flag_Ni NO3- flag_NO3- OC flag_OC OM flag_OM PM10 flag_PM10 PM10-PM2.5 flag_PM10-PM2.5 PM2.5 flag_PM2.5 K+ flag_K+ SO4-- flag_SO4--
  0.208333   1.208333   47.64 0.000   2.35 0.000 9.999 0.259 99.99 0.259  0.435 0.000  1.668 0.000   2.335 0.000  10.951 0.000   2.131 0.000   8.820 0.000 0.061 0.000  0.972 0.000
  3.208333   4.208333  161.52 0.000   2.51 0.000 9.999 0.259  0.37 0.000  0.810 0.000  3.060 0.000   4.284 0.000  25.476 0.000   8.891 0.000  16.585 0.000 0.059 0.000  1.599 0.000
  6.208333   7.208333  257.75 0.000   3.27 0.000 9.999 0.259  1.20 0.000  0.912 0.000  9.236 0.000  12.931 0.000  34.074 0.000   8.340 0.000  25.733 0.000 0.119 0.000  1.259 0.000
  9.208333  10.208333  185.14 0.000   2.71 0.000 9.999 0.259  0.90 0.000  0.513 0.000  2.577 0.000   3.607 0.000  19.422 0.000   8.509 0.000  10.913 0.000 0.058 0.000  0.621 0.000
 12.208333  13.208333  217.73 0.000  15.21 0.000 9.999 0.259  2.58 0.000  2.583 0.559  6.338 0.000   8.873 0.000  42.353 0.000   8.649 0.000  33.705 0.000 0.114 0.000  1.512 0.559
 15.208333  16.208333   73.78 0.000   2.65 0.000 9.999 0.259  0.28 0.000  0.661 0.000  2.029 0.000   2.841 0.000  19.135 0.000   3.779 0.000  15.356 0.000 0.047 0.000  1.854 0.000
 18.208333  19.208333  140.70 0.000   7.00 0.000 9.999 0.259  3.38 0.000  0.561 0.000  3.268 0.000   4.575 0.000  18.582 0.000   2.568 0.000  16.014 0.000 0.066 0.000  1.295 0.000
 21.208333  22.208333  132.93 0.000   4.60 0.000 9.999 0.259  0.19 0.000  1.614 0.699  3.504 0.000   4.905 0.000  32.166 0.000  10.307 0.000  21.859 0.000 0.053 0.000  1.616 0.699
 24.208333  25.208333   69.58 0.000   3.02 0.000 9.999 0.259  0.17 0.000  0.897 0.000  1.469 0.000   2.056 0.000  17.534 0.000   5.469 0.000  12.065 0.000 0.036 0.000  1.212 0.000
 27.208333  28.208333  113.72 0.000   1.72 0.000 9.999 0.259 99.99 0.259  0.529 0.000  3.059 0.000   4.282 0.000  15.625 0.000   3.384 0.000  12.241 0.000 0.061 0.000  1.038 0.000
 30.208333  31.208333  114.77 0.000   0.94 0.000 9.999 0.259 99.99 0.259  0.209 0.000  1.384 0.000   1.938 0.000  11.350 0.000   5.706 0.000   5.644 0.000 0.024 0.000  0.645 0.000
 33.208333  34.208333   69.11 0.000   2.40 0.000 9.999 0.259  0.34 0.000  0.640 0.000  1.688 0.000   2.363 0.000  14.762 0.000   2.697 0.000  12.065 0.000 0.047 0.000  1.206 0.000
 36.208333  37.208333  101.46 0.000   2.31 0.000 9.999 0.259  0.12 0.000  0.302 0.000  1.701 0.000   2.381 0.000  14.718 0.000   4.409 0.000  10.309 0.000 0.032 0.000  1.327 0.000
 39.208333  40.208333  230.27 0.000   3.62 0.000 9.999 0.259  1.73 0.000  0.500 0.559  6.600 0.000   9.240 0.000  28.078 0.000   7.960 0.000  20.118 0.000 0.081 0.000  1.803 0.559
 42.208333  43.208333   32.63 0.000   3.30 0.000 0.083 0.000  1.68 0.000  0.386 0.000  1.890 0.000   2.646 0.000  12.485 0.000   4.523 0.000   7.961 0.000 0.053 0.000  0.540 0.000
 45.208333  46.208333  101.19 0.000   4.51 0.000 9.999 0.259  1.55 0.000  0.642 0.559  2.406 0.000   3.369 0.000  20.120 0.000   6.495 0.000  13.625 0.000 0.054 0.000  1.508 0.559
 48.208333  49.208333   54.10 0.000   2.34 0.000 9.999 0.259 99.99 0.259  0.282 0.000  1.423 0.000   1.993 0.000   9.813 0.000   2.491 0.000   7.322 0.000 0.040 0.000  0.898 0.000
 51.208333  52.208333  118.78 0.000   2.97 0.000 9.999 0.259  0.12 0.000  0.677 0.559  2.025 0.000   2.835 0.000  21.554 0.000   9.827 0.000  11.727 0.000 0.056 0.000  0.970 0.559
 54.208333  55.208333   65.59 0.000   2.96 0.000 9.999 0.259  2.25 0.000  1.239 0.000  1.810 0.000   2.533 0.000  22.003 0.000   5.155 0.000  16.848 0.000 0.049 0.000  1.506 0.000
 57.208333  58.208333  177.43 0.000   8.78 0.000 9.999 0.259  0.24 0.000  0.605 0.000  2.082 0.000   2.915 0.000  21.773 0.000   6.757 0.000  15.016 0.000 0.050 0.000  1.900 0.000
 60.208333  61.208333  148.33 0.000   1.52 0.000 9.999 0.259 99.99 0.259  0.291 0.000  1.742 0.000   2.439 0.000  15.954 0.000   6.714 0.000   9.239 0.000 0.037 0.000  1.063 0.000
 63.208333  64.208333   55.21 0.000   5.55 0.000 9.999 0.259  0.84 0.000  0.273 0.000  1.028 0.000   1.439 0.000   8.596 0.000   1.828 0.000   6.768 0.000 0.028 0.000  0.907 0.000
 66.208333  67.208333   62.65 0.000   1.04 0.000 9.999 0.259  1.40 0.000  0.301 0.000  1.303 0.000   1.824 0.000  15.436 0.000   3.862 0.000  11.574 0.000 0.025 0.000  1.998 0.000
 69.208333  70.208333  156.08 0.000   4.47 0.000 9.999 0.259 99.99 0.259  0.479 0.559  4.036 0.000   5.651 0.000  19.663 0.000   4.248 0.000  15.415 0.000 0.088 0.000  1.370 0.559
 72.208333  73.208333  137.54 0.000 999.99 0.259 9.999 0.259 99.99 0.259  0.070 0.000  0.939 0.000   1.314 0.000  12.097 0.000   5.947 0.000   6.150 0.000 0.027 0.000  0.854 0.000
 75.208333  76.208333   72.09 0.000   1.43 0.000 9.999 0.259 99.99 0.259  1.023 0.000  1.817 0.000   2.544 0.000  19.520 0.000   2.794 0.000  16.726 0.000 0.030 0.000  1.860 0.000
 78.208333  79.208333  141.73 0.000   3.53 0.000 9.999 0.259  1.93 0.000  0.375 0.000  1.860 0.000   2.603 0.000  14.111 0.000   5.989 0.000   8.122 0.000 0.046 0.000  0.561 0.000
 81.208333  82.208333  132.65 0.000   3.14 0.000 9.999 0.259 99.99 0.259  0.379 0.000  1.455 0.000   2.037 0.000  16.404 0.000   6.393 0.000  10.011 0.000 0.047 0.000  1.321 0.000
 84.208333  85.208333   66.29 0.000   1.53 0.000 9.999 0.259 99.99 0.259  0.366 0.000  1.159 0.000   1.622 0.000  12.040 0.000   3.174 0.000   8.865 0.000 0.037 0.000  1.171 0.000
 87.208333  88.208333   60.42 0.000   1.24 0.000 9.999 0.259  3.76 0.000  0.817 0.000  1.439 0.000   2.014 0.000  22.305 0.000   6.814 0.000  15.492 0.000 0.059 0.000  1.660 0.000
 90.208333  91.208333  114.29 0.000  10.72 0.000 9.999 0.259  2.91 0.000  1.584 0.000  2.027 0.000   2.838 0.000  21.321 0.000   2.645 0.000  18.676 0.000 0.060 0.000  1.327 0.000
 93.208333  94.208333 9999.99 0.999 999.99 0.999 9.999 0.999 99.99 0.999 99.999 0.999 99.999 0.999 999.999 0.999 999.999 0.999 999.999 0.999 999.999 0.999 9.999 0.999 99.999 0.999
 96.208333  97.208333  136.99 0.000   3.01 0.000 9.999 0.259  1.09 0.000  0.906 0.000  2.668 0.000   3.735 0.000  28.189 0.000   6.384 0.000  21.804 0.000 0.075 0.000  2.630 0.000
 99.208333 100.208333  105.48 0.000   2.09 0.000 9.999 0.259  0.66 0.000  0.547 0.000  1.674 0.000   2.343 0.000  15.611 0.000   4.044 0.000  11.567 0.000 0.057 0.000  1.288 0.000
102.208333 103.208333  160.28 0.000   1.19 0.000 9.999 0.259 99.99 0.259  0.089 0.000  1.609 0.000   2.252 0.000  16.191 0.000   6.673 0.000   9.519 0.000 0.074 0.000  1.045 0.000
105.208333 106.208333   96.22 0.000   1.74 0.000 9.999 0.259  0.99 0.000  0.365 0.000  1.225 0.000   1.715 0.000  11.899 0.000   2.988 0.000   8.912 0.000 0.029 0.000  1.171 0.000
108.208333 109.208333  169.34 0.000   2.40 0.000 9.999 0.259  0.25 0.000  0.306 0.000  1.994 0.000   2.792 0.000  21.021 0.000  12.059 0.000   8.963 0.000 0.081 0.000  0.963 0.000
111.208333 112.208333  456.25 0.000   3.37 0.000 9.999 0.259 99.99 0.259  0.232 0.000  3.528 0.000   4.940 0.000  35.205 0.000  15.485 0.000  19.720 0.000 0.231 0.000  1.894 0.000
114.208333 115.208333  107.36 0.000   1.32 0.000 9.999 0.259 99.99 0.259  0.283 0.000  0.955 0.000   1.336 0.000  12.246 0.000   5.449 0.000   6.797 0.000 0.034 0.000  0.913 0.000
117.208333 118.208333  126.67 0.000   2.69 0.000 9.999 0.259 99.99 0.259  0.232 0.000  1.721 0.000   2.409 0.000  15.084 0.000   6.715 0.000   8.369 0.000 0.065 0.000  0.894 0.000
120.208333 121.208333  150.76 0.000   4.22 0.000 9.999 0.259 99.99 0.259  0.382 0.000  5.330 0.000   7.461 0.000  33.996 0.000  10.545 0.000  23.451 0.000 0.171 0.000  2.726 0.000
123.208333 124.208333  213.25 0.000   3.30 0.000 9.999 0.259 99.99 0.259  0.363 0.000  6.748 0.000   9.447 0.000  46.234 0.000  11.541 0.000  34.693 0.000 0.116 0.000  4.827 0.000
126.208333 127.208333   60.15 0.000   1.33 0.000 9.999 0.259 99.99 0.259  0.205 0.000  1.097 0.000   1.536 0.000  16.488 0.000  10.238 0.000   6.250 0.000 0.086 0.000  0.554 0.000
129.208333 130.208333  340.60 0.000   4.14 0.000 9.999 0.259 99.99 0.259  0.290 0.000  3.203 0.000   4.484 0.000  30.989 0.000   9.124 0.000  21.864 0.000 0.082 0.000  3.065 0.000
132.208333 133.208333  104.17 0.000   2.95 0.000 9.999 0.259 99.99 0.259  0.116 0.000  1.179 0.000   1.651 0.000  10.823 0.000   3.759 0.000   7.064 0.000 0.043 0.000  0.954 0.000
135.208333 136.208333  134.80 0.000   2.14 0.000 9.999 0.259 99.99 0.259  0.216 0.000  1.506 0.000   2.108 0.000  18.531 0.000   9.392 0.000   9.139 0.000 0.059 0.000  0.900 0.000
138.208333 139.208333   80.52 0.000   9.64 0.000 9.999 0.259  2.99 0.000  0.584 0.000  1.984 0.000   2.778 0.000  18.160 0.000   2.355 0.000  15.805 0.000 0.035 0.000  2.308 0.000
141.208333 142.208333   96.91 0.000   4.65 0.000 0.039 0.000 99.99 0.259  0.391 0.000  1.335 0.000   1.868 0.000  10.245 0.000   3.107 0.000   7.138 0.000 0.028 0.000  0.714 0.000
144.208333 145.208333   54.45 0.000   1.11 0.000 9.999 0.259  1.04 0.000  0.435 0.000  1.609 0.000   2.252 0.000  23.841 0.000   4.954 0.000  18.888 0.000 0.026 0.000  2.992 0.000
147.208333 148.208333  125.93 0.000   3.54 0.000 9.999 0.259 99.99 0.259 99.999 0.259  2.018 0.000   2.825 0.000  13.406 0.000   3.832 0.000   9.575 0.000 0.037 0.000  1.059 0.000
150.208333 151.208333  163.45 0.000   1.96 0.000 9.999 0.259 99.99 0.259  0.048 0.000  1.363 0.000   1.908 0.000  11.201 0.000   5.639 0.000   5.562 0.000 0.038 0.000  0.441 0.000
153.208333 154.208333   65.48 0.000   1.42 0.000 9.999 0.259 99.99 0.259  0.060 0.000  1.115 0.000   1.561 0.000  11.673 0.000   2.880 0.000   8.792 0.000 0.022 0.000  1.507 0.000
156.208333 157.208333  147.26 0.000   4.60 0.000 9.999 0.259  1.61 0.000  0.247 0.000  3.594 0.000   5.031 0.000 999.999 0.456 999.999 0.999  25.767 0.000 0.056 0.000  3.788 0.000
159.208333 160.208333  171.98 0.000   3.03 0.000 9.999 0.259 99.99 0.259  0.123 0.000  2.911 0.000   4.076 0.000 999.999 0.456 999.999 0.999  15.435 0.000 0.053 0.000  1.837 0.000
162.208333 163.208333  126.25 0.000   3.10 0.000 9.999 0.259  0.53 0.000  0.134 0.000  4.346 0.000   6.084 0.000 999.999 0.456 999.999 0.999  37.918 0.000 0.053 0.000  5.414 0.000
165.208333 166.208333  197.70 0.000   0.79 0.000 9.999 0.259  0.77 0.000  0.198 0.000  1.042 0.000   1.458 0.000  24.361 0.000  10.712 0.000  13.648 0.000 0.109 0.000  1.907 0.000
168.208333 169.208333   85.29 0.000   3.32 0.000 9.999 0.259 99.99 0.259  0.097 0.000  3.254 0.000   4.555 0.000  19.731 0.000   4.106 0.000  15.625 0.000 0.046 0.000  1.642 0.000
171.208333 172.208333  146.53 0.000   4.64 0.000 9.999 0.259  0.49 0.000  0.219 0.000  2.923 0.000   4.092 0.000  36.686 0.000   5.511 0.000  31.174 0.000 0.054 0.000  4.662 0.000
174.208333 175.208333   94.66 0.000   3.64 0.000 9.999 0.259 99.99 0.259  0.067 0.000  1.081 0.000   1.513 0.000   9.998 0.000   3.466 0.000   6.532 0.000 0.035 0.000  0.717 0.000
177.208333 178.208333   91.04 0.000   1.97 0.000 9.999 0.259  2.06 0.000  0.144 0.000  4.407 0.000   6.170 0.000  27.632 0.000   3.429 0.000  24.203 0.000 0.045 0.000  3.000 0.000
180.208333 181.208333  229.99 0.000  13.42 0.000 9.999 0.259 99.99 0.259  0.130 0.559  5.487 0.000   7.681 0.000  31.414 0.000   5.658 0.000  25.756 0.000 0.081 0.000  2.909 0.559
183.208333 184.208333   65.44 0.000   2.73 0.000 9.999 0.259  0.50 0.000  0.128 0.000  1.929 0.000   2.701 0.000  13.745 0.000   1.460 0.000  12.285 0.000 0.174 0.000  1.341 0.000
186.208333 187.208333  110.57 0.000   3.81 0.000 9.999 0.259 99.99 0.259  0.080 0.000  1.465 0.000   2.051 0.000  11.285 0.000   4.749 0.000   6.536 0.000 0.152 0.000  0.571 0.000
189.208333 190.208333  171.66 0.000   3.33 0.000 9.999 0.259  0.15 0.000  0.170 0.000  3.217 0.000   4.504 0.000  24.052 0.000   5.174 0.000  18.878 0.000 0.067 0.000  2.419 0.000
192.208333 193.208333  161.65 0.000   6.51 0.000 9.999 0.259 99.99 0.259  0.041 0.000  1.547 0.000   2.165 0.000  14.793 0.000   5.281 0.000   9.512 0.000 0.034 0.000  1.328 0.000
195.208333 196.208333   72.70 0.000   3.64 0.000 9.999 0.259 99.99 0.259  0.048 0.000  1.750 0.000   2.450 0.000  15.256 0.000   3.515 0.000  11.741 0.000 0.050 0.000  1.743 0.000
198.208333 199.208333  126.64 0.000   2.11 0.000 9.999 0.259  0.65 0.000  0.360 0.000  4.409 0.000   6.173 0.000  37.507 0.000   5.363 0.000  32.145 0.000 0.036 0.000  3.796 0.000
201.208333 202.208333   64.04 0.000   1.35 0.000 9.999 0.259  0.56 0.000  0.084 0.000  3.204 0.000   4.485 0.000  15.736 0.000   4.378 0.000  11.358 0.000 0.031 0.000  0.916 0.000
204.208333 205.208333 9999.99 0.456 999.99 0.456 9.999 0.456 99.99 0.456 99.999 0.456 99.999 0.999 999.999 0.999 999.999 0.456 999.999 0.999 999.999 0.456 9.999 0.456 99.999 0.456
207.208333 208.208333 9999.99 0.456 999.99 0.456 9.999 0.456 99.99 0.456 99.999 0.456 99.999 0.999 999.999 0.999 999.999 0.456 999.999 0.999 999.999 0.456 9.999 0.456 99.999 0.456
210.208333 211.208333 9999.99 0.456 999.99 0.456 9.999 0.456 99.99 0.456 99.999 0.456 99.999 0.999 999.999 0.999 999.999 0.456 999.999 0.999 999.999 0.456 9.999 0.456 99.999 0.456
213.208333 214.208333   48.86 0.000   1.04 0.000 9.999 0.259  2.45 0.000  0.149 0.000  1.554 0.000   2.175 0.000  12.338 0.000   3.486 0.000   8.852 0.000 0.028 0.000  1.139 0.000
216.208333 217.208333   52.93 0.000   2.95 0.000 9.999 0.259  1.67 0.000  0.181 0.559  2.591 0.000   3.628 0.000  33.289 0.000   3.318 0.000  29.971 0.000 0.044 0.000  4.244 0.559
219.208333 220.208333 9999.99 0.456 999.99 0.456 9.999 0.456 99.99 0.456  0.056 0.394  2.440 0.000   3.416 0.000  51.969 0.000 999.999 0.999 999.999 0.456 9.999 0.456  9.923 0.394
222.208333 223.208333   89.80 0.000   1.81 0.000 9.999 0.259  1.84 0.000  0.359 0.000  1.458 0.000   2.041 0.000  21.841 0.000   3.798 0.000  18.043 0.000 0.042 0.000  2.707 0.000
225.208333 226.208333  148.38 0.000   3.47 0.000 9.999 0.259  0.75 0.000  0.328 0.000  2.639 0.000   3.694 0.000  32.409 0.000   4.618 0.000  27.791 0.000 0.046 0.000  4.341 0.000
228.208333 229.208333   76.92 0.000   1.86 0.000 9.999 0.259  2.20 0.000  0.111 0.000  3.768 0.000   5.275 0.000  32.470 0.000   5.952 0.000  26.518 0.000 0.053 0.000  3.621 0.000
231.208333 232.208333   97.12 0.000   1.09 0.000 9.999 0.259 99.99 0.259  0.092 0.000  1.716 0.000   2.402 0.000  22.065 0.000   5.051 0.000  17.014 0.000 0.036 0.000  2.755 0.000
234.208333 235.208333   98.00 0.000   2.55 0.000 9.999 0.259  3.76 0.000  0.127 0.000  3.458 0.000   4.841 0.000  28.679 0.000   5.272 0.000  23.407 0.000 0.052 0.000  2.874 0.000
237.208333 238.208333   31.25 0.000   1.27 0.000 9.999 0.259  0.29 0.000  0.070 0.000  1.817 0.000   2.544 0.000  15.121 0.000   4.887 0.000  10.234 0.000 0.028 0.000  1.262 0.000
240.208333 241.208333   95.55 0.000   2.66 0.000 9.999 0.259  0.35 0.000  0.106 0.000  2.372 0.000   3.321 0.000  25.164 0.000   5.442 0.000  19.722 0.000 0.040 0.000  3.016 0.000
243.208333 244.208333   76.48 0.000   1.73 0.000 9.999 0.259 99.99 0.259  0.056 0.559  1.337 0.000   1.871 0.000  14.113 0.000   3.917 0.000  10.196 0.000 0.028 0.000  1.372 0.559
246.208333 247.208333   83.86 0.000   2.64 0.000 9.999 0.259  0.43 0.000  0.089 0.559  2.593 0.000   3.630 0.000  24.901 0.000   5.176 0.000  19.725 0.000 0.056 0.000  2.686 0.559
249.208333 250.208333   55.52 0.000   2.28 0.000 9.999 0.259  1.61 0.000  0.161 0.000  2.439 0.000   3.415 0.000  21.059 0.000   4.466 0.000  16.593 0.000 0.022 0.000  2.138 0.000
252.208333 253.208333   75.12 0.000   1.00 0.000 9.999 0.259  1.86 0.000  0.069 0.000  0.905 0.000   1.267 0.000  11.163 0.000   4.737 0.000   6.427 0.000 0.023 0.000  0.890 0.000
255.208333 256.208333   74.67 0.000   3.53 0.000 0.037 0.000  0.54 0.000  0.218 0.000  2.830 0.000   3.962 0.000  18.137 0.000   4.591 0.000  13.546 0.000 0.019 0.000  1.783 0.000
258.208333 259.208333   92.08 0.000   4.19 0.000 9.999 0.259 99.99 0.259  0.101 0.559  1.783 0.000   2.496 0.000   9.382 0.000   2.874 0.000   6.508 0.000 0.067 0.000  0.511 0.559
261.208333 262.208333   68.79 0.000   4.07 0.000 9.999 0.259  1.02 0.000  0.191 0.559  2.836 0.000   3.970 0.000  21.757 0.000   6.373 0.000  15.384 0.000 0.046 0.000  1.852 0.559
