scripts/IMPROVE-2019_partial/data/US9049R.19880302070000.20191216000000.filterpack...10mo.3d.US03L_filterpack_US9049.US03L_IMPROVE_Davis.lev2.nas
52 1001
MISSING INFORMATION
US03L, IMPROVE, , , , , , , 
MISSING INFORMATION
IMPROVE sel_HTAP
1 1
1988 01 01 2019 12 16
0
days from file reference point
5
1 1 1 1 1
999.999999 999.999 9.999 999.999 9.999
end_time of measurement, days from the file reference point
pm10_mass, ug/m3, Matrix=pm10
numflag pm10_mass, no unit, Matrix=pm10
pm25_mass, ug/m3, Matrix=pm25
numflag pm25_mass, no unit, Matrix=pm25
0
33
Data definition:              EBAS_1.1
Set type code:                TI
Timezone:                     UTC
File name:                    US9049R.19880302070000.20191216000000.filterpack...10mo.3d.US03L_filterpack_US9049.US03L_IMPROVE_Davis.lev2.nas
File creation:                20191218120847
Startdate:                    19880302070000
Revision date:                20191216000000
Version:                      2
Version description:          "Data extracted from http://views.cira.colostate.edu/fed/DataWizard 2019-12-16"
Statistics:                   arithmetic mean
Data level:                   2
Period code:                  10mo
Resolution code:              3d
Sample duration:              1d
Orig. time res.:              3d
Station code:                 US9049R
Platform code:                US9049S
Station name:                 Weminuche Wilderness
Station latitude:             37.6594
Station longitude:            -107.7999
Station altitude:             2750.0 m
Regime:                       IMG
Component:                    
Unit:                         ug/m3
Matrix:                       
Laboratory code:              US03L
Instrument type:              filterpack
Instrument name:              filterpack_US9049
Method ref:                   US03L_IMPROVE_Davis
Blank correction:             Blank corrected
Volume std. temperature:      ambient
Volume std. pressure:         ambient
starttime endtime PM10 flag_PM10 PM2.5 flag_PM2.5
 61.291667  62.291667   2.874 0.000   1.610 0.000
 64.291667  65.291667   6.437 0.000   2.585 0.000
 68.291667  69.291667   8.354 0.000 999.999 0.999
 71.291667  72.291667   3.251 0.000   1.981 0.000
 75.291667  76.291667   3.929 0.000   2.229 0.000
 78.291667  79.291667   2.738 0.000   1.231 0.000
 82.291667  83.291667  19.954 0.000   4.923 0.000
 85.291667  86.291667 999.999 0.999   5.851 0.000
 89.291667  90.291667  12.421 0.000   4.185 0.000
 92.291667  93.291667   4.246 0.000   2.862 0.000
 96.291667  97.291667   7.243 0.000   3.065 0.000
 99.291667 100.291667   6.075 0.000   2.896 0.000
103.291667 104.291667  14.494 0.000 999.999 0.999
106.291667 107.291667   1.903 0.000   1.281 0.000
110.291667 111.291667   8.016 0.000   3.938 0.000
113.291667 114.291667   5.607 0.000   2.910 0.000
117.291667 118.291667   8.611 0.000   4.365 0.000
120.291667 121.291667  12.946 0.000   6.270 0.000
124.291667 125.291667   8.867 0.000   3.808 0.000
127.291667 128.291667   3.849 0.000   2.152 0.000
131.291667 132.291667   7.937 0.000 999.999 0.999
134.291667 135.291667   8.294 0.000 999.999 0.999
138.291667 139.291667   3.945 0.000   2.697 0.000
141.291667 142.291667   4.231 0.000   3.138 0.000
145.291667 146.291667   5.985 0.000   3.628 0.000
148.291667 149.291667   8.788 0.000   4.031 0.000
152.291667 153.291667   2.086 0.000   1.168 0.000
155.291667 156.291667   4.526 0.000   3.746 0.000
159.291667 160.291667   7.106 0.000   3.047 0.000
162.291667 163.291667   9.451 0.000   5.765 0.000
166.291667 167.291667   7.424 0.000   4.510 0.000
169.291667 170.291667   5.758 0.000   3.917 0.000
173.291667 174.291667   5.863 0.000   3.656 0.000
176.291667 177.291667   5.206 0.000 999.999 0.999
180.291667 181.291667   7.370 0.000   2.700 0.000
183.291667 184.291667   6.296 0.000   3.383 0.000
187.291667 188.291667   7.226 0.000   4.749 0.000
190.291667 191.291667   5.242 0.000   3.186 0.000
194.291667 195.291667   7.079 0.000   3.233 0.000
197.291667 198.291667   6.540 0.000   4.169 0.000
201.291667 202.291667   8.922 0.000   3.994 0.000
204.291667 205.291667  10.989 0.000   4.655 0.000
208.291667 209.291667   6.489 0.000   3.976 0.000
211.291667 212.291667   4.313 0.000   2.470 0.000
215.291667 216.291667   7.259 0.000   2.878 0.000
218.291667 219.291667   3.852 0.000   1.751 0.000
222.291667 223.291667   4.525 0.000   2.760 0.000
225.291667 226.291667   5.095 0.000   3.119 0.000
229.291667 230.291667   3.556 0.000   1.861 0.000
232.291667 233.291667   9.296 0.000   5.962 0.000
236.291667 237.291667   7.303 0.000   3.766 0.000
239.291667 240.291667   5.243 0.000   2.396 0.000
243.291667 244.291667   6.891 0.000   4.146 0.000
246.291667 247.291667 999.999 0.999 999.999 0.999
250.291667 251.291667  17.824 0.000  11.053 0.000
253.291667 254.291667  10.230 0.000   7.213 0.000
257.291667 258.291667   8.576 0.000   5.928 0.000
260.291667 261.291667   7.014 0.000   5.033 0.000
264.291667 265.291667   2.708 0.000   1.914 0.000
267.291667 268.291667   5.358 0.000   2.821 0.000
271.291667 272.291667   3.208 0.000   1.776 0.000
274.291667 275.291667   5.590 0.000   1.994 0.000
278.291667 279.291667   4.720 0.000 999.999 0.999
281.291667 282.291667   2.937 0.000   1.605 0.000
285.291667 286.291667   6.111 0.000   3.727 0.000
288.291667 289.291667   4.521 0.000   1.541 0.000
292.291667 293.291667 999.999 0.999 999.999 0.999
295.291667 296.291667 999.999 0.999 999.999 0.999
299.291667 300.291667 999.999 0.999 999.999 0.999
302.291667 303.291667 999.999 0.999 999.999 0.999
306.291667 307.291667   4.875 0.000   2.817 0.000
309.291667 310.291667   1.095 0.000   0.488 0.000
313.291667 314.291667   3.704 0.000   1.835 0.000
316.291667 317.291667   3.382 0.000   1.867 0.000
320.291667 321.291667   1.932 0.000   0.772 0.000
323.291667 324.291667   1.515 0.000 999.999 0.259
327.291667 328.291667   6.838 0.000   2.630 0.000
330.291667 331.291667   1.685 0.000   0.689 0.000
334.291667 335.291667   1.209 0.000   0.374 0.000
337.291667 338.291667 999.999 0.999   1.285 0.000
341.291667 342.291667   2.446 0.000   1.748 0.000
344.291667 345.291667   3.094 0.000   1.056 0.000
348.291667 349.291667 999.999 0.999 999.999 0.999
351.291667 352.291667   1.947 0.000   0.705 0.000
355.291667 356.291667 999.999 0.999 999.999 0.999
358.291667 359.291667   0.962 0.000   0.445 0.000
362.291667 363.291667   2.399 0.000   1.058 0.000
365.291667 366.291667   3.395 0.000   1.603 0.000
