scripts/IMPROVE-2019_partial/data/US9057R.20040101060000.20191216000000.filterpack..pm25.52w.1w.US03L_filterpack_US9057.US03L_IMPROVE_Davis.lev2.nas
66 1001
MISSING INFORMATION
US03L, IMPROVE, , , , , , , 
MISSING INFORMATION
IMPROVE sel_HTAP
1 1
2004 01 01 2019 12 16
3.00
days from file reference point
27
1 1 1 1 1 1 1 1 1 1 1 1 1 1 1 1 1 1 1 1 1 1 1 1 1 1 1
999.99 9999.99 9.999 999.99 9.999 9.999 9.999 9.99 9.999999 99.999 9.999 99.999 9.999 999.999 9.999 999.99 9.999999 999.999 9.999 999.999 9.999 999.999 9.999 9.999 9.999 99.999 9.999
end_time of measurement, days from the file reference point
iron, ng/m3, Revision date=20181210133000
numflag iron, no unit, Revision date=20181210133000
lead, ng/m3, Revision date=20181210133000
numflag lead, no unit, Revision date=20181210133000
magnesium, ug/m3, Revision date=20181210133000
numflag magnesium, no unit, Revision date=20181210133000
nickel, ng/m3, Revision date=20181210133000
numflag nickel, no unit, Revision date=20181210133000
nitrate, ug N/m3, Revision date=20181210133000
numflag nitrate, no unit, Revision date=20181210133000
organic_carbon, ug C/m3, Revision date=20181210133000
numflag organic_carbon, no unit, Revision date=20181210133000
organic_mass, ug/m3, Revision date=20181210133000
numflag organic_mass, no unit, Revision date=20181210133000
phosphorus, ng/m3, Revision date=20181210133000
numflag phosphorus, no unit, Revision date=20181210133000
pm10_mass, ug/m3, Version=2, Version description=Data extracted from http://views.cira.colostate.edu/fed/DataWizard 2019-12-16, Sample duration=1d, Orig. time res.=3d, Matrix=pm10, Blank correction=Blank corrected, Volume std. temperature=ambient, Volume std. pressure=ambient
numflag pm10_mass, no unit, Version=2, Version description=Data extracted from http://views.cira.colostate.edu/fed/DataWizard 2019-12-16, Sample duration=1d, Orig. time res.=3d, Matrix=pm10, Blank correction=Blank corrected, Volume std. temperature=ambient, Volume std. pressure=ambient
pm10_pm25_mass, ug/m3, Revision date=20181210133000, Matrix=pm10_pm25
numflag pm10_pm25_mass, no unit, Revision date=20181210133000, Matrix=pm10_pm25
pm25_mass, ug/m3, Version=2, Version description=Data extracted from http://views.cira.colostate.edu/fed/DataWizard 2019-12-16, Sample duration=1d, Orig. time res.=3d, Blank correction=Blank corrected, Volume std. temperature=ambient, Volume std. pressure=ambient
numflag pm25_mass, no unit, Version=2, Version description=Data extracted from http://views.cira.colostate.edu/fed/DataWizard 2019-12-16, Sample duration=1d, Orig. time res.=3d, Blank correction=Blank corrected, Volume std. temperature=ambient, Volume std. pressure=ambient
potassium, ug/m3, Revision date=20181210133000
numflag potassium, no unit, Revision date=20181210133000
sulphate_total, ug S/m3, Revision date=20181210133000
numflag sulphate_total, no unit, Revision date=20181210133000
0
25
Data definition:              EBAS_1.1
Set type code:                TU
Timezone:                     UTC
File name:                    US9057R.20040101060000.20191216000000.filterpack..pm25.52w.1w.US03L_filterpack_US9057.US03L_IMPROVE_Davis.lev2.nas
File creation:                20191218120918
Startdate:                    20040101060000
Revision date:                20191216000000
Statistics:                   arithmetic mean
Data level:                   2
Period code:                  52w
Resolution code:              1w
Station code:                 US9057R
Platform code:                US9057S
Station name:                 Sac and Fox
Station latitude:             39.9791
Station longitude:            -95.5682
Station altitude:             293.0 m
Regime:                       IMG
Component:                    
Matrix:                       pm25
Laboratory code:              US03L
Instrument type:              filterpack
Instrument name:              filterpack_US9057
Method ref:                   US03L_IMPROVE_Davis
starttime endtime Fe flag_Fe Pb flag_Pb Mg++ flag_Mg++ Ni flag_Ni NO3- flag_NO3- OC flag_OC OM flag_OM P flag_P PM10 flag_PM10 PM10-PM2.5 flag_PM10-PM2.5 PM2.5 flag_PM2.5 K+ flag_K+ SO4-- flag_SO4--
  0.25   1.25   55.94 0.000   2.61 0.000 0.032 0.000 0.20 0.000000  0.542 0.000  1.281 0.000   1.794 0.000 999.99 0.259000  15.708 0.000   8.463 0.000   7.245 0.000 0.056 0.000  0.365 0.000
  3.25   4.25   10.85 0.000   1.88 0.000 9.999 0.259 9.99 0.259000  0.353 0.000  0.720 0.000   1.008 0.000 999.99 0.259000   8.743 0.000   3.276 0.000   5.467 0.000 0.023 0.000  0.307 0.000
  6.25   7.25   31.68 0.000   2.31 0.000 0.025 0.000 0.14 0.000000  0.500 0.000  1.653 0.000   2.314 0.000 999.99 0.259000  16.514 0.000   8.828 0.000   7.686 0.000 0.060 0.000  0.352 0.000
  9.25  10.25   53.52 0.000   3.32 0.000 9.999 0.259 0.14 0.000000  2.762 0.000  2.769 0.000   3.876 0.000 999.99 0.259000  36.426 0.000  10.265 0.000  26.161 0.000 0.078 0.000  1.145 0.000
 12.25  13.25   62.02 0.000   1.77 0.000 9.999 0.259 9.99 0.259000  0.818 0.559  1.361 0.000   1.905 0.000 999.99 0.259000  12.334 0.000   4.413 0.000   7.921 0.000 0.031 0.000  0.232 0.559
 15.25  16.25   36.02 0.000   2.18 0.000 0.023 0.000 0.16 0.000000  0.849 0.000  2.041 0.000   2.857 0.000 999.99 0.259000  15.604 0.000   4.120 0.000  11.484 0.000 0.052 0.000  0.724 0.000
 18.25  19.25   18.90 0.000   1.07 0.000 9.999 0.259 0.18 0.000000  0.181 0.559  0.518 0.000   0.725 0.000  16.76 0.000000   8.427 0.000   5.162 0.000   3.264 0.000 0.029 0.000  0.177 0.559
 21.25  22.25   23.35 0.000   1.28 0.000 9.999 0.259 9.99 0.259000  0.087 0.559  0.439 0.000   0.614 0.000 999.99 0.259000   9.848 0.000   7.171 0.000   2.678 0.000 0.018 0.000  0.215 0.559
 24.25  25.25   25.79 0.000   2.68 0.000 9.999 0.259 0.10 0.000000  1.074 0.000  1.195 0.000   1.673 0.000 999.99 0.259000  12.830 0.000   1.428 0.000  11.402 0.000 0.036 0.000  0.521 0.000
 27.25  28.25   22.02 0.000   3.05 0.000 9.999 0.259 9.99 0.259000  0.791 0.000  0.962 0.000   1.347 0.000 999.99 0.259000  11.120 0.000   2.769 0.000   8.351 0.000 0.049 0.000  0.361 0.000
 30.25  31.25   22.81 0.000   2.88 0.000 9.999 0.259 9.99 0.259000  0.848 0.000  1.345 0.000   1.883 0.000 999.99 0.259000  13.762 0.000   3.811 0.000   9.951 0.000 0.053 0.000  0.565 0.000
 33.25  34.25 9999.99 0.456 999.99 0.456 9.999 0.456 9.99 0.456000  0.960 0.000  1.350 0.000   1.890 0.000 999.99 0.456000  14.090 0.000 999.999 0.999 999.999 0.456 9.999 0.456  1.035 0.000
 36.25  37.25   19.26 0.000   1.83 0.000 9.999 0.259 0.13 0.000000  1.026 0.000  1.187 0.000   1.662 0.000 999.99 0.259000  14.911 0.000   2.470 0.000  12.441 0.000 0.041 0.000  0.982 0.000
 39.25  40.25    8.67 0.000   0.38 0.000 9.999 0.259 0.07 0.000000  0.463 0.000  0.558 0.000   0.781 0.000 999.99 0.259000   4.531 0.000   0.984 0.000   3.547 0.000 0.013 0.000  0.153 0.000
 42.25  43.25   21.79 0.000   0.96 0.000 9.999 0.259 0.26 0.000000  0.262 0.000  0.497 0.000   0.695 0.000 999.99 0.259000   7.113 0.000   2.667 0.000   4.446 0.000 0.018 0.000  0.374 0.000
 45.25  46.25   45.21 0.000   4.84 0.000 9.999 0.259 9.99 0.259000  1.131 0.559  1.603 0.000   2.244 0.000 999.99 0.259000  17.550 0.000   6.244 0.000  11.307 0.000 0.028 0.000  0.288 0.559
 48.25  49.25   29.40 0.000   2.77 0.000 9.999 0.259 0.27 0.000000  2.887 0.000  2.374 0.000   3.324 0.000 999.99 0.259000  29.302 0.000   4.785 0.000  24.517 0.000 0.041 0.000  1.158 0.000
 51.25  52.25   12.09 0.000   0.95 0.000 9.999 0.259 9.99 0.259000  0.714 0.000  0.702 0.000   0.983 0.000 999.99 0.259000   7.405 0.000   2.775 0.000   4.630 0.000 0.020 0.000  0.279 0.000
 54.25  55.25    7.11 0.000   1.70 0.000 9.999 0.259 0.14 0.000000  1.001 0.000  0.735 0.000   1.029 0.000 999.99 0.259000  14.053 0.000   1.465 0.000  12.588 0.000 0.017 0.000  1.328 0.000
 57.25  58.25   51.93 0.000   4.35 0.000 9.999 0.259 0.14 0.000000  1.341 0.000  3.049 0.000   4.269 0.000 999.99 0.259000  25.915 0.000  10.267 0.000  15.648 0.000 0.054 0.000  0.824 0.000
 60.25  61.25    8.62 0.000   0.42 0.000 0.039 0.000 9.99 0.259000  0.183 0.000  0.407 0.000   0.570 0.000 999.99 0.259000   4.895 0.000   1.362 0.000   3.533 0.000 0.011 0.000  0.454 0.000
 63.25  64.25   20.75 0.000   1.38 0.000 9.999 0.259 9.99 0.259000  1.045 0.000  0.736 0.000   1.031 0.000 999.99 0.259000  12.121 0.000   0.719 0.000  11.402 0.000 0.020 0.000  0.998 0.000
 66.25  67.25   13.23 0.000   3.57 0.000 9.999 0.259 9.99 0.259000  0.027 0.000  0.115 0.000   0.161 0.000 999.99 0.259000   5.513 0.000   4.538 0.000   0.975 0.000 0.009 0.000  0.069 0.000
 69.25  70.25   22.06 0.000   1.53 0.000 9.999 0.259 0.07 0.000000  0.415 0.000  1.086 0.000   1.520 0.000 999.99 0.259000  13.140 0.000   8.231 0.000   4.909 0.000 0.025 0.000  0.360 0.000
 72.25  73.25   38.13 0.000   2.15 0.000 0.029 0.000 9.99 0.259000  0.929 0.000  6.282 0.000   8.795 0.000 999.99 0.259000  24.055 0.000   6.054 0.000  18.001 0.000 0.074 0.000  0.512 0.000
 75.25  76.25   16.91 0.000   3.41 0.000 9.999 0.259 0.05 0.000000  0.989 0.000  0.821 0.000   1.150 0.000 999.99 0.259000  15.323 0.000   3.693 0.000  11.630 0.000 0.022 0.000  1.265 0.000
 78.25  79.25   33.46 0.000   1.73 0.000 9.999 0.259 0.15 0.000000  0.453 0.000  2.054 0.000   2.875 0.000 999.99 0.259000  19.877 0.000  10.897 0.000   8.980 0.000 0.045 0.000  1.073 0.000
 81.25  82.25   35.30 0.000   2.09 0.000 9.999 0.259 9.99 0.259000  0.416 0.000  1.319 0.000   1.846 0.000 999.99 0.259000  16.985 0.000  11.188 0.000   5.797 0.000 0.046 0.000  0.404 0.000
 84.25  85.25   27.89 0.000   1.74 0.000 0.066 0.000 0.21 0.000000  0.565 0.000  1.665 0.000   2.331 0.000 999.99 0.259000  19.676 0.000   6.689 0.000  12.987 0.000 0.045 0.000  1.935 0.000
 87.25  88.25    5.67 0.000   3.50 0.000 9.999 0.259 9.99 0.259000  0.027 0.000  0.271 0.000   0.380 0.000 999.99 0.259000   2.876 0.000   1.808 0.000   1.068 0.000 0.006 0.000  0.078 0.000
 90.25  91.25   19.07 0.000   3.76 0.000 9.999 0.259 9.99 0.259000  0.421 0.000  1.571 0.000   2.200 0.000 999.99 0.259000  11.421 0.000   5.132 0.000   6.289 0.000 0.041 0.000  0.577 0.000
 93.25  94.25   55.90 0.000   3.97 0.000 9.999 0.259 9.99 0.259000  0.622 0.000  1.673 0.000   2.342 0.000 999.99 0.259000  26.983 0.000  19.046 0.000   7.936 0.000 0.059 0.000  0.456 0.000
 96.25  97.25   71.99 0.000   3.57 0.000 9.999 0.259 9.99 0.259000  0.490 0.000  9.429 0.000  13.201 0.000 999.99 0.259000  36.916 0.000  14.308 0.000  22.609 0.000 0.221 0.000  1.129 0.000
 99.25 100.25   63.87 0.000   2.09 0.000 9.999 0.259 0.07 0.000000  0.191 0.000  1.050 0.000   1.471 0.000 999.99 0.259000  18.713 0.000  13.527 0.000   5.186 0.000 0.045 0.000  0.398 0.000
102.25 103.25   38.32 0.000   2.24 0.000 9.999 0.259 0.10 0.000000  0.524 0.000  1.246 0.000   1.745 0.000 999.99 0.259000  22.967 0.000  14.845 0.000   8.122 0.000 0.040 0.000  0.807 0.000
105.25 106.25   89.52 0.000   2.03 0.000 9.999 0.259 0.11 0.000000  0.111 0.000  2.491 0.000   3.488 0.000 999.99 0.259000  28.360 0.000  18.570 0.000   9.790 0.000 0.098 0.000  0.700 0.000
108.25 109.25   46.68 0.000   1.44 0.000 0.070 0.000 9.99 0.259000  0.121 0.000  1.530 0.000   2.142 0.000 999.99 0.259000  31.394 0.000  20.355 0.000  11.038 0.000 0.091 0.000  1.464 0.000
111.25 112.25   35.89 0.000   1.72 0.000 0.049 0.000 9.99 0.259000  0.153 0.000  1.119 0.000   1.566 0.000 999.99 0.259000  10.784 0.000   6.575 0.000   4.209 0.000 0.031 0.000  0.308 0.000
114.25 115.25   33.47 0.000   3.32 0.000 9.999 0.259 0.17 0.000000  0.705 0.000  0.961 0.000   1.346 0.000 999.99 0.259000  13.104 0.000   5.948 0.000   7.156 0.000 0.029 0.000  0.788 0.000
117.25 118.25   65.12 0.000   3.76 0.000 9.999 0.259 9.99 0.259000  0.089 0.000  1.450 0.000   2.029 0.000 999.99 0.259000  16.526 0.000  11.173 0.000   5.354 0.000 0.068 0.000  0.359 0.000
120.25 121.25   43.48 0.000   2.24 0.000 9.999 0.259 9.99 0.259000  0.309 0.000  0.900 0.000   1.260 0.000 999.99 0.259000  15.594 0.000  11.732 0.000   3.861 0.000 0.036 0.000  0.269 0.000
123.25 124.25   43.28 0.000   1.55 0.000 9.999 0.259 0.14 0.000000  0.312 0.000  0.938 0.000   1.313 0.000 999.99 0.259000  11.285 0.000   6.505 0.000   4.780 0.000 0.050 0.000  0.561 0.000
126.25 127.25   81.89 0.000   1.54 0.000 9.999 0.259 0.22 0.000000  0.088 0.000  1.884 0.000   2.637 0.000 999.99 0.259000  26.032 0.000  16.525 0.000   9.506 0.000 0.072 0.000  0.919 0.000
129.25 130.25   52.06 0.000   1.64 0.000 9.999 0.259 0.21 0.000000  0.072 0.000  0.960 0.000   1.343 0.000 999.99 0.259000  19.777 0.000  12.741 0.000   7.036 0.000 0.050 0.000  0.925 0.000
132.25 133.25   31.30 0.000   2.65 0.000 9.999 0.259 0.24 0.000000  0.336 0.000  0.836 0.000   1.171 0.000 999.99 0.259000  14.840 0.000   6.433 0.000   8.406 0.000 0.044 0.000  1.346 0.000
135.25 136.25   44.90 0.000   2.48 0.000 9.999 0.259 0.14 0.000000  0.435 0.000  1.039 0.000   1.454 0.000 999.99 0.259000  10.665 0.000   5.704 0.000   4.960 0.000 0.041 0.000  0.545 0.000
138.25 139.25   28.90 0.000   2.86 0.000 9.999 0.259 9.99 0.259000  0.152 0.000  0.690 0.000   0.965 0.000 999.99 0.259000   6.395 0.000   3.478 0.000   2.916 0.000 0.022 0.000  0.284 0.000
141.25 142.25   44.32 0.000   1.28 0.000 9.999 0.259 0.26 0.000000  0.151 0.000  1.129 0.000   1.581 0.000 999.99 0.259000  20.549 0.000  12.665 0.000   7.885 0.000 0.064 0.000  0.999 0.000
144.25 145.25   35.71 0.000   1.56 0.000 9.999 0.259 0.27 0.000000  0.141 0.000  1.104 0.000   1.545 0.000 999.99 0.259000  17.916 0.000  10.635 0.000   7.281 0.000 0.049 0.000  1.013 0.000
147.25 148.25   78.22 0.000   1.93 0.000 9.999 0.259 0.13 0.000000  0.238 0.000  1.048 0.000   1.467 0.000 999.99 0.259000  15.656 0.000   8.647 0.000   7.008 0.000 0.061 0.000  0.733 0.000
150.25 151.25   64.94 0.000   1.64 0.000 9.999 0.259 0.17 0.000000  0.053 0.000  0.917 0.000   1.283 0.000 999.99 0.259000  11.539 0.000   6.973 0.000   4.566 0.000 0.063 0.000  0.337 0.000
153.25 154.25   36.37 0.000   0.92 0.000 9.999 0.259 0.09 0.000000  0.025 0.000  0.498 0.000   0.697 0.000 999.99 0.259000  11.765 0.000   8.605 0.000   3.159 0.000 0.020 0.000  0.313 0.000
156.25 157.25   65.85 0.000   2.64 0.000 0.089 0.000 0.11 0.000000  0.140 0.000  1.797 0.000   2.516 0.000 999.99 0.259000  19.765 0.000  10.304 0.000   9.461 0.000 0.063 0.000  0.845 0.000
159.25 160.25   90.45 0.000   0.55 0.000 9.999 0.259 0.27 0.000000  0.081 0.000  0.955 0.000   1.337 0.000 999.99 0.259000  17.318 0.000  10.110 0.000   7.208 0.000 0.074 0.000  0.782 0.000
162.25 163.25  138.53 0.000   0.71 0.000 9.999 0.259 0.20 0.000000  0.107 0.000  1.153 0.000   1.615 0.000 999.99 0.259000  19.771 0.000  11.075 0.000   8.696 0.000 0.085 0.000  0.869 0.000
165.25 166.25   57.58 0.000   1.36 0.000 9.999 0.259 0.08 0.000000  0.052 0.000  1.114 0.000   1.559 0.000 999.99 0.259000  13.113 0.000   7.357 0.000   5.756 0.000 0.056 0.000  0.477 0.000
168.25 169.25   55.17 0.000   1.45 0.000 9.999 0.259 9.99 0.259000  0.044 0.000  0.808 0.000   1.131 0.000 999.99 0.259000  10.116 0.000   6.322 0.000   3.793 0.000 0.036 0.000  0.243 0.000
171.25 172.25   37.20 0.000   1.62 0.000 9.999 0.259 0.10 0.000000  0.059 0.000  0.961 0.000   1.345 0.000 999.99 0.259000  11.079 0.000   5.548 0.000   5.532 0.000 0.041 0.000  0.573 0.000
174.25 175.25   39.06 0.000   1.68 0.000 9.999 0.259 0.07 0.000000  0.054 0.000  0.997 0.000   1.396 0.000 999.99 0.259000  20.053 0.000  15.005 0.000   5.048 0.000 0.044 0.000  0.422 0.000
177.25 178.25   50.65 0.000   1.78 0.000 9.999 0.259 9.99 0.259000  0.083 0.000  0.782 0.000   1.095 0.000 999.99 0.259000  14.013 0.000   9.109 0.000   4.904 0.000 0.025 0.000  0.511 0.000
180.25 181.25   56.11 0.000   1.59 0.000 9.999 0.259 0.11 0.000000  0.056 0.000  1.333 0.000   1.866 0.000 999.99 0.259000  14.492 0.000   8.302 0.000   6.190 0.000 0.142 0.000  0.667 0.000
183.25 184.25   27.61 0.000   0.66 0.000 9.999 0.259 0.09 0.000000  0.124 0.000  0.796 0.000   1.114 0.000 999.99 0.259000  11.382 0.000   5.687 0.000   5.696 0.000 0.048 0.000  0.737 0.000
186.25 187.25   16.76 0.000   3.07 0.000 9.999 0.259 9.99 0.259000  0.059 0.000  1.158 0.000   1.622 0.000 999.99 0.259000   9.069 0.000   5.136 0.000   3.933 0.000 0.277 0.000  0.237 0.000
189.25 190.25   44.89 0.000   1.85 0.000 9.999 0.259 9.99 0.259000  0.090 0.000  1.463 0.000   2.048 0.000 999.99 0.259000  16.354 0.000   9.380 0.000   6.975 0.000 0.046 0.000  0.630 0.000
192.25 193.25   73.81 0.000   1.29 0.000 9.999 0.259 0.17 0.000000  0.051 0.000  1.148 0.000   1.607 0.000 999.99 0.259000  15.523 0.000   8.028 0.000   7.495 0.000 0.066 0.000  0.778 0.000
195.25 196.25   51.39 0.000   1.05 0.000 9.999 0.259 9.99 0.259000  0.053 0.000  1.172 0.000   1.640 0.000 999.99 0.259000  14.788 0.000   9.488 0.000   5.300 0.000 0.039 0.000  0.405 0.000
198.25 199.25   40.71 0.000   1.78 0.000 9.999 0.259 9.99 0.259000  0.061 0.000  2.019 0.000   2.826 0.000 999.99 0.259000  16.067 0.000  10.736 0.000   5.330 0.000 0.041 0.000  0.188 0.000
201.25 202.25   88.93 0.000   1.48 0.000 9.999 0.259 9.99 0.259000  0.077 0.000  2.393 0.000   3.350 0.000 999.99 0.259000  22.571 0.000  13.861 0.000   8.710 0.000 0.092 0.000  0.605 0.000
204.25 205.25   38.34 0.000   2.46 0.000 9.999 0.259 9.99 0.259000  0.090 0.000  2.099 0.000   2.938 0.000 999.99 0.259000  17.258 0.000  10.497 0.000   6.762 0.000 0.053 0.000  0.463 0.000
207.25 208.25   45.45 0.000   2.57 0.000 9.999 0.259 9.99 0.259000  0.084 0.000  1.560 0.000   2.184 0.000 999.99 0.259000  13.067 0.000   4.637 0.000   8.430 0.000 0.037 0.000  0.985 0.000
210.25 211.25   32.49 0.000   2.25 0.000 9.999 0.259 0.12 0.000000  0.092 0.000  2.222 0.000   3.111 0.000 999.99 0.259000  18.146 0.000   4.625 0.000  13.522 0.000 0.049 0.000  1.715 0.000
213.25 214.25   39.41 0.000   2.49 0.000 9.999 0.259 9.99 0.259000  0.063 0.000  3.088 0.000   4.323 0.000 999.99 0.259000  18.779 0.000   8.775 0.000  10.004 0.000 0.043 0.000  1.062 0.000
216.25 217.25   26.62 0.000   0.62 0.000 9.999 0.259 9.99 0.259000  0.050 0.000  0.872 0.000   1.221 0.000 999.99 0.259000  11.218 0.000   6.558 0.000   4.660 0.000 0.032 0.000  0.529 0.000
219.25 220.25   68.89 0.000   2.26 0.000 9.999 0.259 9.99 0.259000  0.084 0.000  1.770 0.000   2.477 0.000 999.99 0.259000  17.733 0.000   9.840 0.000   7.893 0.000 0.051 0.000  0.590 0.000
222.25 223.25   31.66 0.000   0.92 0.000 9.999 0.259 9.99 0.259000  0.034 0.000  0.546 0.000   0.764 0.000  21.27 0.000000  11.612 0.000   8.653 0.000   2.960 0.000 0.024 0.000  0.252 0.000
225.25 226.25   55.06 0.000   3.77 0.000 0.025 0.000 9.99 0.259000  0.060 0.000  0.815 0.000   1.141 0.000 999.99 0.259000  16.395 0.000  11.886 0.000   4.509 0.000 0.029 0.000  0.392 0.000
228.25 229.25   48.40 0.000   1.15 0.000 9.999 0.259 0.10 0.000000  0.054 0.000  1.843 0.000   2.580 0.000 999.99 0.259000  19.108 0.000  10.412 0.000   8.696 0.000 0.046 0.000  0.870 0.000
231.25 232.25   25.97 0.000   1.33 0.000 9.999 0.259 9.99 0.259000  0.027 0.000  1.254 0.000   1.756 0.000 999.99 0.259000  14.633 0.000  10.903 0.000   3.730 0.000 0.035 0.000  0.139 0.000
234.25 235.25   59.12 0.000   2.70 0.000 9.999 0.259 0.11 0.000000  0.112 0.000  1.574 0.000   2.203 0.000 999.99 0.259000  15.327 0.000   6.768 0.000   8.559 0.000 0.039 0.000  1.079 0.000
237.25 238.25 9999.99 0.456 999.99 0.456 9.999 0.456 9.99 0.456000 99.999 0.456 99.999 0.999 999.999 0.999 999.99 0.456000 999.999 0.456 999.999 0.999 999.999 0.456 9.999 0.456 99.999 0.456
240.25 241.25 9999.99 0.456 999.99 0.456 9.999 0.456 9.99 0.456000 99.999 0.456 99.999 0.999 999.999 0.999 999.99 0.456000 999.999 0.456 999.999 0.999 999.999 0.456 9.999 0.456 99.999 0.456
243.25 244.25   71.24 0.000   1.36 0.000 0.035 0.000 9.99 0.259000  0.112 0.559  1.710 0.000   2.394 0.000 999.99 0.259000  20.712 0.000  12.881 0.000   7.831 0.000 0.043 0.000  0.771 0.559
246.25 247.25 9999.99 0.999 999.99 0.999 9.999 0.999 9.99 0.999000 99.999 0.999 99.999 0.999 999.999 0.999 999.99 0.999000 999.999 0.999 999.999 0.999 999.999 0.999 9.999 0.999 99.999 0.999
249.25 250.25 9999.99 0.999 999.99 0.999 9.999 0.999 9.99 0.999000 99.999 0.999 99.999 0.999 999.999 0.999 999.99 0.999000 999.999 0.999 999.999 0.999 999.999 0.999 9.999 0.999 99.999 0.999
