scripts/IMPROVE-2019_partial/data/US9031R.20080101090000.20191216000000.filterpack...52w.3d.US03L_filterpack_US9031.US03L_IMPROVE_Davis.lev2.nas
52 1001
MISSING INFORMATION
US03L, IMPROVE, , , , , , , 
MISSING INFORMATION
IMPROVE sel_HTAP
1 1
2008 01 01 2019 12 16
3.000
days from file reference point
5
1 1 1 1 1
999.999 999.999 9.999 99.999 9.999
end_time of measurement, days from the file reference point
pm10_mass, ug/m3, Matrix=pm10
numflag pm10_mass, no unit, Matrix=pm10
pm25_mass, ug/m3, Matrix=pm25
numflag pm25_mass, no unit, Matrix=pm25
0
33
Data definition:              EBAS_1.1
Set type code:                TU
Timezone:                     UTC
File name:                    US9031R.20080101090000.20191216000000.filterpack...52w.3d.US03L_filterpack_US9031.US03L_IMPROVE_Davis.lev2.nas
File creation:                20191218120717
Startdate:                    20080101090000
Revision date:                20191216000000
Version:                      2
Version description:          "Data extracted from http://views.cira.colostate.edu/fed/DataWizard 2019-12-16"
Statistics:                   arithmetic mean
Data level:                   2
Period code:                  52w
Resolution code:              3d
Sample duration:              1d
Orig. time res.:              3d
Station code:                 US9031R
Platform code:                US9031S
Station name:                 Tuxedni
Station latitude:             59.9925
Station longitude:            -152.6656
Station altitude:             15.0 m
Regime:                       IMG
Component:                    
Unit:                         ug/m3
Matrix:                       
Laboratory code:              US03L
Instrument type:              filterpack
Instrument name:              filterpack_US9031
Method ref:                   US03L_IMPROVE_Davis
Blank correction:             Blank corrected
Volume std. temperature:      ambient
Volume std. pressure:         ambient
starttime endtime PM10 flag_PM10 PM2.5 flag_PM2.5
  0.375   1.375   2.274 0.000  0.845 0.000
  3.375   4.375   0.958 0.000  0.920 0.000
  6.375   7.375   1.750 0.000  0.734 0.000
  9.375  10.375   1.856 0.000  1.058 0.000
 12.375  13.375   1.426 0.000  0.914 0.000
 15.375  16.375   1.519 0.000  0.874 0.000
 18.375  19.375   0.909 0.000  0.446 0.000
 21.375  22.375  20.120 0.000  8.491 0.000
 24.375  25.375   1.660 0.000  1.062 0.000
 27.375  28.375   1.961 0.000  1.611 0.000
 30.375  31.375   0.749 0.000  0.612 0.000
 33.375  34.375   0.892 0.000  0.552 0.000
 36.375  37.375   1.146 0.000  0.686 0.000
 39.375  40.375   1.490 0.000  0.922 0.000
 42.375  43.375   1.476 0.000  0.865 0.000
 45.375  46.375   2.943 0.000  2.086 0.000
 48.375  49.375   0.942 0.000  0.492 0.000
 51.375  52.375   0.729 0.000  0.182 0.000
 54.375  55.375   1.001 0.000  0.751 0.000
 57.375  58.375   0.985 0.000  0.458 0.000
 60.375  61.375   3.301 0.000  1.468 0.000
 63.375  64.375   0.382 0.000  0.303 0.000
 66.375  67.375   2.298 0.000  1.459 0.000
 69.375  70.375   0.879 0.000  0.564 0.000
 72.375  73.375   0.806 0.000  0.617 0.000
 75.375  76.375   0.838 0.000  0.539 0.000
 78.375  79.375   1.562 0.000  1.108 0.000
 81.375  82.375   2.945 0.000  1.251 0.000
 84.375  85.375   2.133 0.000  1.089 0.000
 87.375  88.375   2.601 0.000  1.154 0.000
 90.375  91.375   0.169 0.000  0.061 0.000
 93.375  94.375   5.106 0.000  2.443 0.000
 96.375  97.375   4.066 0.000  2.878 0.000
 99.375 100.375   3.657 0.000  3.220 0.000
102.375 103.375   3.186 0.000  2.431 0.000
105.375 106.375 999.999 0.456  1.694 0.000
108.375 109.375   6.956 0.000  4.888 0.000
111.375 112.375  12.937 0.000  9.762 0.000
114.375 115.375   8.815 0.000  6.635 0.000
117.375 118.375   1.337 0.000  0.782 0.000
120.375 121.375   3.873 0.000  2.582 0.000
123.375 124.375   3.378 0.000  1.798 0.000
126.375 127.375   3.041 0.000  1.847 0.000
129.375 130.375   1.743 0.000  0.680 0.000
132.375 133.375   4.419 0.000  1.614 0.000
135.375 136.375   1.962 0.000  0.860 0.000
138.375 139.375   4.257 0.000  1.919 0.000
141.375 142.375   7.779 0.000  3.918 0.000
144.375 145.375   2.678 0.000  1.043 0.000
147.375 148.375   3.393 0.000  2.320 0.000
150.375 151.375   7.129 0.000  4.310 0.000
153.375 154.375   1.879 0.000  0.888 0.000
156.375 157.375   2.003 0.000  0.684 0.000
159.375 160.375   5.388 0.000  2.732 0.000
162.375 163.375   2.949 0.000  1.509 0.000
165.375 166.375   7.789 0.000  3.428 0.000
168.375 169.375   5.327 0.000  2.195 0.000
171.375 172.375   5.022 0.000  2.097 0.000
174.375 175.375   3.798 0.000  1.745 0.000
177.375 178.375   3.176 0.000  0.749 0.000
180.375 181.375   5.285 0.000  2.126 0.000
183.375 184.375   5.200 0.000  1.427 0.000
186.375 187.375   7.140 0.000  4.837 0.000
189.375 190.375   5.700 0.000  2.331 0.000
192.375 193.375   4.854 0.000  2.545 0.000
195.375 196.375   3.068 0.000  1.736 0.000
198.375 199.375   1.630 0.000  0.577 0.000
201.375 202.375   5.026 0.000  2.069 0.000
204.375 205.375   2.485 0.000  0.868 0.000
207.375 208.375   6.839 0.000  2.710 0.000
210.375 211.375   4.488 0.000  1.923 0.000
213.375 214.375   5.917 0.000  3.585 0.000
216.375 217.375   3.793 0.000  2.254 0.000
219.375 220.375   3.250 0.000  1.913 0.000
222.375 223.375   4.293 0.000  2.728 0.000
225.375 226.375   1.984 0.000  0.897 0.000
228.375 229.375   3.453 0.000  1.870 0.000
231.375 232.375   6.976 0.000  3.831 0.000
234.375 235.375   3.913 0.000  2.139 0.000
237.375 238.375   4.820 0.000  2.502 0.000
240.375 241.375   4.102 0.000  2.370 0.000
243.375 244.375   5.444 0.000  2.064 0.000
246.375 247.375   2.697 0.000  1.359 0.000
249.375 250.375   3.739 0.000  1.431 0.000
252.375 253.375   1.778 0.000  0.442 0.000
255.375 256.375   4.520 0.000  1.958 0.000
258.375 259.375   2.349 0.000  0.858 0.000
261.375 262.375   3.884 0.000  1.413 0.000
264.375 265.375   2.438 0.000  0.890 0.000
267.375 268.375 999.999 0.999 99.999 0.999
270.375 271.375   2.640 0.000  1.025 0.000
273.375 274.375   2.582 0.000  1.199 0.000
276.375 277.375   2.015 0.000  0.888 0.000
279.375 280.375   1.113 0.000  0.550 0.000
282.375 283.375   1.558 0.000  0.410 0.000
285.375 286.375   1.641 0.000  0.710 0.000
288.375 289.375 999.999 0.999 99.999 0.999
291.375 292.375   1.595 0.000  0.683 0.000
294.375 295.375   2.132 0.000  1.249 0.000
297.375 298.375   1.461 0.000  0.757 0.000
300.375 301.375   1.998 0.000  1.089 0.000
303.375 304.375   2.513 0.000  1.046 0.000
306.375 307.375   2.651 0.000  1.887 0.000
309.375 310.375   2.885 0.000  0.957 0.000
312.375 313.375   2.893 0.000  1.074 0.000
315.375 316.375   1.869 0.000  0.655 0.000
318.375 319.375   0.993 0.000  0.918 0.000
321.375 322.375   0.963 0.000  0.822 0.000
324.375 325.375   2.566 0.000  1.361 0.000
327.375 328.375   1.898 0.000  1.691 0.000
330.375 331.375 999.999 0.999 99.999 0.999
333.375 334.375 999.999 0.999 99.999 0.999
336.375 337.375   1.606 0.000  0.942 0.000
339.375 340.375   0.480 0.000  0.275 0.000
342.375 343.375   5.656 0.000  2.631 0.000
345.375 346.375   2.528 0.000  1.724 0.000
348.375 349.375   2.394 0.000  1.683 0.000
351.375 352.375   2.544 0.000  1.460 0.000
354.375 355.375   1.113 0.000  0.463 0.000
357.375 358.375   1.985 0.000  1.339 0.000
360.375 361.375   2.167 0.000  1.589 0.000
363.375 364.375   2.119 0.000  1.449 0.000
