scripts/IMPROVE-2019_partial/data/US9015R.20040101060000.20191216000000.filterpack..pm25.52w.1w.US03L_filterpack_US9015.US03L_IMPROVE_Davis.lev2.nas
64 1001
MISSING INFORMATION
US03L, IMPROVE, , , , , , , 
MISSING INFORMATION
IMPROVE sel_HTAP
1 1
2004 01 01 2019 12 16
3.00
days from file reference point
25
1 1 1 1 1 1 1 1 1 1 1 1 1 1 1 1 1 1 1 1 1 1 1 1 1
999.99 9999.99 9.999 99.99 9.999999 9.999 9.999999 9.99 9.999999 99.999 9.999 99.999 9.999 99.999 9.999 999.999 9.999 999.999 9.999 999.999 9.999 9.999 9.999 99.999 9.999
end_time of measurement, days from the file reference point
iron, ng/m3, Revision date=20181210133000
numflag iron, no unit, Revision date=20181210133000
lead, ng/m3, Revision date=20181210133000
numflag lead, no unit, Revision date=20181210133000
magnesium, ug/m3, Revision date=20181210133000
numflag magnesium, no unit, Revision date=20181210133000
nickel, ng/m3, Revision date=20181210133000
numflag nickel, no unit, Revision date=20181210133000
nitrate, ug N/m3, Revision date=20181210133000
numflag nitrate, no unit, Revision date=20181210133000
organic_carbon, ug C/m3, Revision date=20181210133000
numflag organic_carbon, no unit, Revision date=20181210133000
organic_mass, ug/m3, Revision date=20181210133000
numflag organic_mass, no unit, Revision date=20181210133000
pm10_mass, ug/m3, Version=2, Version description=Data extracted from http://views.cira.colostate.edu/fed/DataWizard 2019-12-16, Sample duration=1d, Orig. time res.=3d, Matrix=pm10, Blank correction=Blank corrected, Volume std. temperature=ambient, Volume std. pressure=ambient
numflag pm10_mass, no unit, Version=2, Version description=Data extracted from http://views.cira.colostate.edu/fed/DataWizard 2019-12-16, Sample duration=1d, Orig. time res.=3d, Matrix=pm10, Blank correction=Blank corrected, Volume std. temperature=ambient, Volume std. pressure=ambient
pm10_pm25_mass, ug/m3, Revision date=20181210133000, Matrix=pm10_pm25
numflag pm10_pm25_mass, no unit, Revision date=20181210133000, Matrix=pm10_pm25
pm25_mass, ug/m3, Version=2, Version description=Data extracted from http://views.cira.colostate.edu/fed/DataWizard 2019-12-16, Sample duration=1d, Orig. time res.=3d, Blank correction=Blank corrected, Volume std. temperature=ambient, Volume std. pressure=ambient
numflag pm25_mass, no unit, Version=2, Version description=Data extracted from http://views.cira.colostate.edu/fed/DataWizard 2019-12-16, Sample duration=1d, Orig. time res.=3d, Blank correction=Blank corrected, Volume std. temperature=ambient, Volume std. pressure=ambient
potassium, ug/m3, Revision date=20181210133000
numflag potassium, no unit, Revision date=20181210133000
sulphate_total, ug S/m3, Revision date=20181210133000
numflag sulphate_total, no unit, Revision date=20181210133000
0
25
Data definition:              EBAS_1.1
Set type code:                TU
Timezone:                     UTC
File name:                    US9015R.20040101060000.20191216000000.filterpack..pm25.52w.1w.US03L_filterpack_US9015.US03L_IMPROVE_Davis.lev2.nas
File creation:                20191218120611
Startdate:                    20040101060000
Revision date:                20191216000000
Statistics:                   arithmetic mean
Data level:                   2
Period code:                  52w
Resolution code:              1w
Station code:                 US9015R
Platform code:                US9015S
Station name:                 Nebraska NF
Station latitude:             41.8888
Station longitude:            -100.3387
Station altitude:             883.0 m
Regime:                       IMG
Component:                    
Matrix:                       pm25
Laboratory code:              US03L
Instrument type:              filterpack
Instrument name:              filterpack_US9015
Method ref:                   US03L_IMPROVE_Davis
starttime endtime Fe flag_Fe Pb flag_Pb Mg++ flag_Mg++ Ni flag_Ni NO3- flag_NO3- OC flag_OC OM flag_OM PM10 flag_PM10 PM10-PM2.5 flag_PM10-PM2.5 PM2.5 flag_PM2.5 K+ flag_K+ SO4-- flag_SO4--
[from data line 90]
270.25 271.25   18.29 0.000  1.21 0.000000 0.131 0.000000 9.99 0.259000  0.069 0.000  1.243 0.000  1.740 0.000   9.631 0.000   4.842 0.000   4.789 0.000 0.019 0.000  0.439 0.000
273.25 274.25   31.82 0.000  1.33 0.000000 0.131 0.000000 0.17 0.000000  0.159 0.000  1.901 0.000  2.661 0.000  16.204 0.000   7.288 0.000   8.916 0.000 0.036 0.000  1.047 0.000
276.25 277.25   21.74 0.000  0.48 0.000000 9.999 0.259000 0.10 0.000000  0.034 0.000  0.995 0.000  1.392 0.000   7.026 0.000   3.763 0.000   3.263 0.000 0.015 0.000  0.260 0.000
279.25 280.25   23.00 0.000  1.14 0.000000 9.999 0.259000 0.14 0.000000  0.235 0.559  1.995 0.000  2.793 0.000  22.206 0.000  13.728 0.000   8.478 0.000 0.068 0.000  0.763 0.559
282.25 283.25   33.18 0.394  0.94 0.394000 9.999 0.394259 0.30 0.394000  0.045 0.394  0.941 0.000  1.317 0.000  12.318 0.000   8.841 0.000   3.477 0.000 0.027 0.394  0.186 0.394
285.25 286.25   85.60 0.000  0.85 0.000000 9.999 0.259000 9.99 0.259000  0.090 0.000  1.191 0.000  1.668 0.000  19.357 0.000  13.613 0.000   5.744 0.000 0.043 0.000  0.389 0.000
288.25 289.25   30.27 0.000  0.43 0.000000 9.999 0.259000 0.13 0.000000  0.011 0.000  0.319 0.000  0.446 0.000   4.978 0.000   3.287 0.000   1.691 0.000 0.016 0.000  0.090 0.000
291.25 292.25   55.23 0.000  1.78 0.000000 0.115 0.000000 0.13 0.000000  0.205 0.000  1.742 0.000  2.439 0.000  15.730 0.000   8.146 0.000   7.584 0.000 0.042 0.000  0.665 0.000
294.25 295.25    6.28 0.000  0.44 0.000000 0.089 0.000000 0.11 0.000000  0.225 0.000  0.495 0.000  0.693 0.000   3.577 0.000   0.848 0.000   2.729 0.000 0.009 0.000  0.338 0.000
297.25 298.25   16.00 0.000  0.85 0.000000 9.999 0.259000 0.12 0.000000  0.031 0.000  0.682 0.000  0.955 0.000   4.798 0.000   2.584 0.000   2.214 0.000 0.028 0.000  0.176 0.000
300.25 301.25   18.65 0.000  2.14 0.000000 9.999 0.259000 9.99 0.259000  0.896 0.000  0.951 0.000  1.331 0.000  11.687 0.000   2.135 0.000   9.552 0.000 0.023 0.000  0.885 0.000
303.25 304.25   14.24 0.000  0.75 0.000000 9.999 0.259000 0.12 0.000000  0.022 0.000  1.160 0.000  1.625 0.000   4.588 0.000   1.100 0.000   3.487 0.000 0.033 0.000  0.221 0.000
306.25 307.25    7.39 0.000  0.38 0.000000 0.205 0.000000 9.99 0.259000  0.037 0.000  0.436 0.000  0.611 0.000   1.907 0.000   0.575 0.000   1.332 0.000 0.011 0.000  0.097 0.000
309.25 310.25   15.82 0.000  0.48 0.000000 9.999 0.259000 9.99 0.259000  0.060 0.559  0.292 0.000  0.409 0.000   3.726 0.000   2.277 0.000   1.449 0.000 0.010 0.000  0.120 0.559
312.25 313.25   55.54 0.000  1.31 0.000000 9.999 0.259000 0.09 0.000000  0.216 0.559  1.016 0.000  1.422 0.000  16.557 0.000  12.088 0.000   4.469 0.000 0.086 0.000  0.260 0.559
315.25 316.25   25.46 0.000  0.69 0.000000 9.999 0.259000 0.21 0.000000  0.073 0.000  0.514 0.000  0.720 0.000   6.690 0.000   4.685 0.000   2.006 0.000 0.036 0.000  0.124 0.000
318.25 319.25   33.69 0.000  1.76 0.000000 9.999 0.259000 0.12 0.000000  0.680 0.000  0.559 0.000  0.782 0.000  10.732 0.000   4.239 0.000   6.494 0.000 0.028 0.000  0.361 0.000
321.25 322.25   26.82 0.000  0.66 0.000000 9.999 0.259000 9.99 0.259000  0.268 0.000  0.728 0.000  1.019 0.000   6.233 0.000   3.599 0.000   2.634 0.000 0.013 0.000  0.189 0.000
324.25 325.25   21.64 0.000  0.30 0.000000 9.999 0.259000 0.07 0.000000  0.060 0.000  0.503 0.000  0.704 0.000   4.218 0.000   2.161 0.000   2.057 0.000 0.030 0.000  0.230 0.000
327.25 328.25   15.29 0.000  0.29 0.000000 9.999 0.259000 9.99 0.259000  0.094 0.000  0.293 0.000  0.410 0.000   3.537 0.000   1.428 0.000   2.109 0.000 0.012 0.000  0.298 0.000
330.25 331.25    9.83 0.000  0.31 0.000000 9.999 0.259000 0.25 0.000000  0.022 0.559  0.264 0.000  0.370 0.000   2.147 0.000 999.999 0.259   2.172 0.000 0.007 0.000  0.244 0.559
333.25 334.25    5.42 0.000  0.39 0.000000 0.163 0.000000 0.12 0.000000  0.261 0.559  0.409 0.000  0.572 0.000   3.729 0.000 999.999 0.259   4.438 0.000 0.024 0.000  0.429 0.559
336.25 337.25   16.88 0.000  0.51 0.000000 0.050 0.000000 0.13 0.000000  0.170 0.000  0.384 0.000  0.537 0.000   2.922 0.000   0.904 0.000   2.018 0.000 0.013 0.000  0.135 0.000
339.25 340.25   28.95 0.000  2.73 0.000000 9.999 0.259000 0.11 0.000000  1.066 0.000  1.170 0.000  1.638 0.000  14.143 0.000   2.488 0.000  11.655 0.000 0.028 0.000  0.779 0.000
342.25 343.25   25.05 0.000  0.43 0.000000 0.027 0.000000 9.99 0.259000  0.144 0.000  0.235 0.000  0.330 0.000   2.609 0.000   0.604 0.000   2.006 0.000 0.014 0.000  0.170 0.000
345.25 346.25   19.02 0.000  0.48 0.000000 9.999 0.259000 9.99 0.259000  0.034 0.000  0.275 0.000  0.385 0.000   2.661 0.000   1.148 0.000   1.514 0.000 0.011 0.000  0.081 0.000
348.25 349.25   15.27 0.000  0.27 0.000000 9.999 0.259000 9.99 0.259000  0.078 0.000  0.197 0.000  0.275 0.000   3.978 0.000   2.917 0.000   1.061 0.000 0.012 0.000  0.063 0.000
351.25 352.25   24.82 0.000  0.30 0.000000 9.999 0.259000 0.12 0.000000  0.010 0.000  0.120 0.000  0.167 0.000   2.583 0.000   1.549 0.000   1.034 0.000 0.009 0.000  0.047 0.000
354.25 355.25   22.06 0.000  0.34 0.000000 9.999 0.259000 9.99 0.259000  0.040 0.559  0.142 0.000  0.199 0.000   3.830 0.000   2.658 0.000   1.172 0.000 0.013 0.000  0.065 0.559
357.25 358.25   20.74 0.000  0.79 0.000000 9.999 0.259000 0.10 0.000000  0.137 0.000  0.237 0.000  0.332 0.000   4.415 0.000   2.013 0.000   2.403 0.000 0.033 0.000  0.228 0.000
360.25 361.25   11.67 0.000  1.11 0.000000 9.999 0.259000 9.99 0.259000  0.594 0.000  0.523 0.000  0.732 0.000   9.470 0.000   2.406 0.000   7.063 0.000 0.016 0.000  0.705 0.000
363.25 364.25   20.30 0.000  0.64 0.000000 9.999 0.259000 9.99 0.259000  0.472 0.000  0.456 0.000  0.638 0.000   7.576 0.000   3.701 0.000   3.875 0.000 0.025 0.000  0.160 0.000
