scripts/IMPROVE-2019_partial/data/US9059R.20030103060000.20191216000000.filterpack..pm25.1y.1w.US03L_filterpack_US9059.US03L_IMPROVE_Davis.lev2.nas
66 1001
MISSING INFORMATION
US03L, IMPROVE, , , , , , , 
MISSING INFORMATION
IMPROVE sel_HTAP
1 1
2003 01 01 2019 12 16
3.00
days from file reference point
27
1 1 1 1 1 1 1 1 1 1 1 1 1 1 1 1 1 1 1 1 1 1 1 1 1 1 1
999.99 9999.99 9.999 99.99 9.999 9.999 9.999999 99.99 9.999 9.999 9.999 999.999 9.999 999.999 9.999 99.99 9.999999 999.999 9.999 999.999 9.999 999.999 9.999 9.999 9.999 99.999 9.999
end_time of measurement, days from the file reference point
iron, ng/m3, Revision date=20181210133000
numflag iron, no unit, Revision date=20181210133000
lead, ng/m3, Revision date=20181210133000
numflag lead, no unit, Revision date=20181210133000
magnesium, ug/m3, Revision date=20181210133000
numflag magnesium, no unit, Revision date=20181210133000
nickel, ng/m3, Revision date=20181210133000
numflag nickel, no unit, Revision date=20181210133000
nitrate, ug N/m3, Revision date=20181210133000
numflag nitrate, no unit, Revision date=20181210133000
organic_carbon, ug C/m3, Revision date=20181210133000
numflag organic_carbon, no unit, Revision date=20181210133000
organic_mass, ug/m3, Revision date=20181210133000
numflag organic_mass, no unit, Revision date=20181210133000
phosphorus, ng/m3, Revision date=20181210133000
numflag phosphorus, no unit, Revision date=20181210133000
pm10_mass, ug/m3, Version=2, Version description=Data extracted from http://views.cira.colostate.edu/fed/DataWizard 2019-12-16, Sample duration=1d, Orig. time res.=3d, Matrix=pm10, Blank correction=Blank corrected, Volume std. temperature=ambient, Volume std. pressure=ambient
numflag pm10_mass, no unit, Version=2, Version description=Data extracted from http://views.cira.colostate.edu/fed/DataWizard 2019-12-16, Sample duration=1d, Orig. time res.=3d, Matrix=pm10, Blank correction=Blank corrected, Volume std. temperature=ambient, Volume std. pressure=ambient
pm10_pm25_mass, ug/m3, Revision date=20181210133000, Matrix=pm10_pm25
numflag pm10_pm25_mass, no unit, Revision date=20181210133000, Matrix=pm10_pm25
pm25_mass, ug/m3, Version=2, Version description=Data extracted from http://views.cira.colostate.edu/fed/DataWizard 2019-12-16, Sample duration=1d, Orig. time res.=3d, Blank correction=Blank corrected, Volume std. temperature=ambient, Volume std. pressure=ambient
numflag pm25_mass, no unit, Version=2, Version description=Data extracted from http://views.cira.colostate.edu/fed/DataWizard 2019-12-16, Sample duration=1d, Orig. time res.=3d, Blank correction=Blank corrected, Volume std. temperature=ambient, Volume std. pressure=ambient
potassium, ug/m3, Revision date=20181210133000
numflag potassium, no unit, Revision date=20181210133000
sulphate_total, ug S/m3, Revision date=20181210133000
numflag sulphate_total, no unit, Revision date=20181210133000
0
25
Data definition:              EBAS_1.1
Set type code:                TU
Timezone:                     UTC
File name:                    US9059R.20030103060000.20191216000000.filterpack..pm25.1y.1w.US03L_filterpack_US9059.US03L_IMPROVE_Davis.lev2.nas
File creation:                20191218120926
Startdate:                    20030103060000
Revision date:                20191216000000
Statistics:                   arithmetic mean
Data level:                   2
Period code:                  1y
Resolution code:              1w
Station code:                 US9059R
Platform code:                US9059S
Station name:                 Sikes
Station latitude:             32.0574
Station longitude:            -92.435
Station altitude:             45.0 m
Regime:                       IMG
Component:                    
Matrix:                       pm25
Laboratory code:              US03L
Instrument type:              filterpack
Instrument name:              filterpack_US9059
Method ref:                   US03L_IMPROVE_Davis
starttime endtime Fe flag_Fe Pb flag_Pb Mg++ flag_Mg++ Ni flag_Ni NO3- flag_NO3- OC flag_OC OM flag_OM P flag_P PM10 flag_PM10 PM10-PM2.5 flag_PM10-PM2.5 PM2.5 flag_PM2.5 K+ flag_K+ SO4-- flag_SO4--
[from data line 85]
257.25 258.25    9.90 0.000  0.88 0.000 9.999 0.259000 99.99 0.259 0.015 0.000   1.952 0.000   2.733 0.000 99.99 0.259000  11.834 0.000   6.397 0.000   5.437 0.000 0.038 0.000  0.456 0.000
260.25 261.25   17.41 0.000  0.63 0.000 9.999 0.259000  0.09 0.000 0.028 0.000  11.740 0.000  16.436 0.000 99.99 0.259000  27.902 0.000   6.223 0.000  21.679 0.000 0.084 0.000  0.876 0.000
263.25 264.25   19.06 0.000  1.48 0.000 9.999 0.259000 99.99 0.259 0.029 0.000   4.481 0.000   6.273 0.000 99.99 0.259000  25.948 0.000   7.874 0.000  18.074 0.000 0.062 0.000  1.799 0.000
266.25 267.25   19.25 0.000  0.73 0.000 9.999 0.259000  1.00 0.000 0.013 0.559   2.589 0.000   3.625 0.000 99.99 0.259000  17.278 0.000   8.039 0.000   9.239 0.000 0.046 0.000  0.728 0.559
269.25 270.25   21.30 0.000  1.38 0.000 9.999 0.259000  0.17 0.000 0.027 0.000   3.620 0.000   5.068 0.000 99.99 0.259000  19.231 0.000   5.431 0.000  13.800 0.000 0.054 0.000  1.333 0.000
272.25 273.25   14.32 0.000  0.75 0.000 0.033 0.000000 99.99 0.259 0.017 0.000   1.564 0.000   2.189 0.000 99.99 0.259000  10.127 0.000   4.939 0.000   5.188 0.000 0.047 0.000  0.376 0.000
275.25 276.25   24.45 0.000  1.50 0.000 9.999 0.259000  0.07 0.000 0.024 0.000   2.472 0.000   3.461 0.000 99.99 0.259000  12.725 0.000   4.682 0.000   8.043 0.000 0.051 0.000  0.723 0.000
278.25 279.25   50.16 0.000  2.25 0.000 9.999 0.259000  0.21 0.000 0.073 0.000   6.271 0.000   8.779 0.000 99.99 0.259000  30.107 0.000   9.959 0.000  20.148 0.000 0.219 0.000  1.752 0.000
281.25 282.25   20.34 0.000  1.44 0.000 9.999 0.259000  0.44 0.000 0.033 0.000   3.296 0.000   4.614 0.000 99.99 0.259000  27.447 0.000   7.687 0.000  19.760 0.000 0.059 0.000  2.670 0.000
284.25 285.25    6.75 0.000  1.41 0.000 9.999 0.259000  0.17 0.000 0.024 0.000   2.184 0.000   3.058 0.000 99.99 0.259000  13.600 0.000   4.518 0.000   9.081 0.000 0.072 0.000  0.972 0.000
287.25 288.25   10.62 0.000  0.88 0.000 9.999 0.259000  0.10 0.000 0.016 0.559   1.437 0.000   2.011 0.000 99.99 0.259000   6.693 0.000   2.878 0.000   3.815 0.000 0.022 0.000  0.168 0.559
290.25 291.25   11.90 0.000  1.77 0.000 0.037 0.000000 99.99 0.259 0.069 0.000   2.224 0.000   3.113 0.000 99.99 0.259000  12.290 0.000   2.170 0.000  10.120 0.000 0.073 0.000  1.283 0.000
293.25 294.25   27.44 0.000  1.09 0.000 9.999 0.259000  0.19 0.000 0.026 0.000   5.039 0.000   7.054 0.000 99.99 0.259000  17.985 0.000   5.034 0.000  12.951 0.000 0.102 0.000  1.031 0.000
296.25 297.25   31.23 0.000  1.31 0.000 9.999 0.259000  0.39 0.000 0.029 0.000   4.289 0.000   6.004 0.000 99.99 0.259000  19.635 0.000   6.461 0.000  13.174 0.000 0.081 0.000  1.209 0.000
299.25 300.25   14.67 0.000  1.04 0.000 9.999 0.259000 99.99 0.259 0.029 0.000   2.349 0.000   3.288 0.000 99.99 0.259000   9.831 0.000   4.347 0.000   5.484 0.000 0.048 0.000  0.228 0.000
302.25 303.25   18.12 0.000  0.79 0.000 9.999 0.259000  0.33 0.000 0.067 0.000   1.970 0.000   2.758 0.000 99.99 0.259000  12.153 0.000   4.550 0.000   7.603 0.000 0.095 0.000  0.736 0.000
305.25 306.25   11.11 0.000  0.81 0.000 0.045 0.000000  0.37 0.000 0.065 0.000   2.015 0.000   2.821 0.000 99.99 0.259000  12.360 0.000   4.213 0.000   8.147 0.000 0.046 0.000  0.947 0.000
308.25 309.25   19.28 0.000  0.96 0.000 0.126 0.000000  0.25 0.000 0.029 0.000   3.760 0.000   5.264 0.000 99.99 0.259000  14.674 0.000   3.545 0.000  11.129 0.000 0.059 0.000  0.963 0.000
311.25 312.25   40.49 0.000  3.41 0.000 9.999 0.259000  0.14 0.000 0.324 0.559   2.121 0.000   2.970 0.000 99.99 0.259000  15.604 0.000   4.599 0.000  11.005 0.000 0.092 0.000  1.550 0.559
314.25 315.25   22.41 0.000  1.65 0.000 9.999 0.259000  0.57 0.000 0.202 0.000   2.792 0.000   3.909 0.000 99.99 0.259000  21.429 0.000   4.515 0.000  16.914 0.000 0.095 0.000  2.486 0.000
317.25 318.25   13.74 0.000  0.63 0.000 0.048 0.000000 99.99 0.259 0.031 0.559   2.546 0.000   3.565 0.000 99.99 0.259000   8.325 0.000   3.035 0.000   5.290 0.000 0.051 0.000  0.189 0.559
320.25 321.25   10.10 0.000  0.80 0.000 9.999 0.259000  0.70 0.000 0.064 0.000   1.554 0.000   2.175 0.000 99.99 0.259000  12.732 0.000   5.164 0.000   7.568 0.000 0.042 0.000  1.005 0.000
323.25 324.25    9.35 0.000  1.76 0.000 9.999 0.259000  0.15 0.000 0.018 0.559   2.209 0.000   3.093 0.000  9.62 0.000000   6.196 0.000   2.172 0.000   4.024 0.000 0.034 0.000  0.086 0.559
326.25 327.25    8.99 0.000  0.55 0.000 9.999 0.259000  0.19 0.000 0.092 0.000   1.110 0.000   1.554 0.000 99.99 0.259000   8.441 0.000   3.494 0.000   4.947 0.000 0.045 0.000  0.525 0.000
329.25 330.25   20.34 0.000  3.04 0.000 9.999 0.259000  0.62 0.000 0.061 0.559   2.236 0.000   3.130 0.000 99.99 0.259000  12.006 0.000   3.446 0.000   8.561 0.000 0.058 0.000  0.829 0.559
332.25 333.25    5.91 0.000  0.48 0.000 9.999 0.259000  0.08 0.000 0.034 0.559   1.500 0.000   2.100 0.000 99.99 0.259000   5.251 0.000   2.000 0.000   3.251 0.000 0.032 0.000  0.098 0.559
335.25 336.25   17.60 0.000  1.09 0.000 0.078 0.000000 99.99 0.259 0.033 0.559   1.318 0.000   1.846 0.000 99.99 0.259000   6.124 0.000   2.959 0.000   3.165 0.000 0.033 0.000  0.140 0.559
338.25 339.25   11.23 0.000  1.36 0.000 9.999 0.259000 99.99 0.259 0.254 0.000   1.831 0.000   2.563 0.000 99.99 0.259000   9.789 0.000   2.727 0.000   7.063 0.000 0.040 0.000  0.653 0.000
341.25 342.25   23.87 0.000  1.66 0.000 9.999 0.259000  0.39 0.000 0.352 0.000   4.571 0.000   6.399 0.000 99.99 0.259000  19.160 0.000   3.385 0.000  15.775 0.000 0.173 0.000  1.686 0.000
344.25 345.25    6.80 0.000  0.63 0.000 0.091 0.000000  0.15 0.000 0.032 0.000   1.168 0.000   1.635 0.000 99.99 0.259000   3.788 0.000   1.354 0.000   2.433 0.000 0.028 0.000  0.093 0.000
347.25 348.25    8.35 0.000  1.26 0.000 9.999 0.259000  0.07 0.000 0.072 0.000   1.903 0.000   2.664 0.000 99.99 0.259000   8.450 0.000   2.135 0.000   6.316 0.000 0.057 0.000  0.588 0.000
350.25 351.25    7.00 0.000  0.71 0.000 0.131 0.000000 99.99 0.259 0.052 0.559   1.187 0.000   1.662 0.000 99.99 0.259000   5.177 0.000   1.822 0.000   3.354 0.000 0.043 0.000  0.298 0.559
353.25 354.25    9.74 0.000  0.57 0.000 0.051 0.000000 99.99 0.259 0.028 0.559   1.466 0.000   2.053 0.000 99.99 0.259000   4.769 0.000   1.679 0.000   3.090 0.000 0.039 0.000  0.087 0.559
356.25 357.25   13.19 0.000  1.10 0.000 9.999 0.259000 99.99 0.259 0.151 0.000   1.273 0.000   1.782 0.000 99.99 0.259000   8.497 0.000   3.536 0.000   4.961 0.000 0.044 0.000  0.545 0.000
359.25 360.25    9.13 0.000  1.28 0.000 9.999 0.259000  0.13 0.000 0.027 0.559   1.708 0.000   2.391 0.000 99.99 0.259000   6.610 0.000   1.832 0.000   4.778 0.000 0.042 0.000  0.404 0.559
362.25 363.25   13.90 0.000  0.65 0.000 9.999 0.259000  0.15 0.000 0.026 0.000   0.743 0.000   1.040 0.000 99.99 0.259000   5.073 0.000   2.758 0.000   2.315 0.000 0.028 0.000  0.189 0.000
