scripts/IMPROVE-2019_partial/data/US9036R.20050101070000.20191216000000.filterpack..pm25.52w.1w.US03L_filterpack_US9036.US03L_IMPROVE_Davis.lev2.nas
64 1001
MISSING INFORMATION
US03L, IMPROVE, , , , , , , 
MISSING INFORMATION
IMPROVE sel_HTAP
1 1
2005 01 01 2019 12 16
3.000000
days from file reference point
25
1 1 1 1 1 1 1 1 1 1 1 1 1 1 1 1 1 1 1 1 1 1 1 1 1
999.999999 9999.99 9.999 999.99 9.999 9.999 9.999 9.99 9.999 9.999 9.999 99.999 9.999 99.999 9.999 999.999 9.999 999.999 9.999 999.999 9.999 9.999 9.999 9.999 9.999
end_time of measurement, days from the file reference point
iron, ng/m3, Revision date=20181210133000
numflag iron, no unit, Revision date=20181210133000
lead, ng/m3, Revision date=20181210133000
numflag lead, no unit, Revision date=20181210133000
magnesium, ug/m3, Revision date=20181210133000
numflag magnesium, no unit, Revision date=20181210133000
nickel, ng/m3, Revision date=20181210133000
numflag nickel, no unit, Revision date=20181210133000
nitrate, ug N/m3, Revision date=20181210133000
numflag nitrate, no unit, Revision date=20181210133000
organic_carbon, ug C/m3, Revision date=20181210133000
numflag organic_carbon, no unit, Revision date=20181210133000
organic_mass, ug/m3, Revision date=20181210133000
numflag organic_mass, no unit, Revision date=20181210133000
pm10_mass, ug/m3, Version=2, Version description=Data extracted from http://views.cira.colostate.edu/fed/DataWizard 2019-12-16, Sample duration=1d, Orig. time res.=3d, Matrix=pm10, Blank correction=Blank corrected, Volume std. temperature=ambient, Volume std. pressure=ambient
numflag pm10_mass, no unit, Version=2, Version description=Data extracted from http://views.cira.colostate.edu/fed/DataWizard 2019-12-16, Sample duration=1d, Orig. time res.=3d, Matrix=pm10, Blank correction=Blank corrected, Volume std. temperature=ambient, Volume std. pressure=ambient
pm10_pm25_mass, ug/m3, Revision date=20181210133000, Matrix=pm10_pm25
numflag pm10_pm25_mass, no unit, Revision date=20181210133000, Matrix=pm10_pm25
pm25_mass, ug/m3, Version=2, Version description=Data extracted from http://views.cira.colostate.edu/fed/DataWizard 2019-12-16, Sample duration=1d, Orig. time res.=3d, Blank correction=Blank corrected, Volume std. temperature=ambient, Volume std. pressure=ambient
numflag pm25_mass, no unit, Version=2, Version description=Data extracted from http://views.cira.colostate.edu/fed/DataWizard 2019-12-16, Sample duration=1d, Orig. time res.=3d, Blank correction=Blank corrected, Volume std. temperature=ambient, Volume std. pressure=ambient
potassium, ug/m3, Revision date=20181210133000
numflag potassium, no unit, Revision date=20181210133000
sulphate_total, ug S/m3, Revision date=20181210133000
numflag sulphate_total, no unit, Revision date=20181210133000
0
25
Data definition:              EBAS_1.1
Set type code:                TU
Timezone:                     UTC
File name:                    US9036R.20050101070000.20191216000000.filterpack..pm25.52w.1w.US03L_filterpack_US9036.US03L_IMPROVE_Davis.lev2.nas
File creation:                20191218120745
Startdate:                    20050101070000
Revision date:                20191216000000
Statistics:                   arithmetic mean
Data level:                   2
Period code:                  52w
Resolution code:              1w
Station code:                 US9036R
Platform code:                US9036S
Station name:                 Tonto NM
Station latitude:             33.6548
Station longitude:            -111.1068
Station altitude:             775.0 m
Regime:                       IMG
Component:                    
Matrix:                       pm25
Laboratory code:              US03L
Instrument type:              filterpack
Instrument name:              filterpack_US9036
Method ref:                   US03L_IMPROVE_Davis
starttime endtime Fe flag_Fe Pb flag_Pb Mg++ flag_Mg++ Ni flag_Ni NO3- flag_NO3- OC flag_OC OM flag_OM PM10 flag_PM10 PM10-PM2.5 flag_PM10-PM2.5 PM2.5 flag_PM2.5 K+ flag_K+ SO4-- flag_SO4--
[from data line 91]
273.291667 274.291667   54.48 0.000   1.26 0.000 0.011 0.000 0.14 0.000 0.020 0.000  1.153 0.000  2.076 0.000  10.701 0.000   6.313 0.000   4.320 0.000 0.034 0.000 0.271 0.000
276.291667 277.291667   29.89 0.000   0.82 0.000 9.999 0.259 0.58 0.000 0.058 0.000  0.591 0.000  1.063 0.000  13.262 0.000   7.382 0.000   5.935 0.000 0.033 0.000 0.888 0.000
279.291667 280.291667   42.02 0.000   7.74 0.000 0.014 0.000 9.99 0.259 0.016 0.000  0.618 0.000  1.112 0.000   8.262 0.000   4.824 0.000   3.386 0.000 0.029 0.000 0.269 0.000
282.291667 283.291667   24.56 0.000   0.76 0.000 0.008 0.000 0.18 0.000 0.017 0.000  0.621 0.000  1.118 0.000   6.095 0.000   3.432 0.000   2.626 0.000 0.021 0.000 0.155 0.000
285.291667 286.291667   31.08 0.000   0.34 0.000 9.999 0.259 0.14 0.000 0.016 0.000  0.852 0.000  1.534 0.000   8.212 0.000   4.352 0.000   3.798 0.000 0.022 0.000 0.296 0.000
288.291667 289.291667   31.46 0.000   3.83 0.000 0.017 0.000 0.36 0.000 0.023 0.000  0.506 0.000  0.911 0.000   9.388 0.000   5.331 0.000   4.000 0.000 0.032 0.000 0.450 0.000
291.291667 292.291667    9.77 0.000   0.32 0.000 9.999 0.259 9.99 0.259 0.056 0.000  0.657 0.000  1.182 0.000   4.291 0.000   1.956 0.000   2.314 0.000 0.026 0.000 0.159 0.000
294.291667 295.291667   26.93 0.000   2.75 0.000 9.999 0.259 0.09 0.000 0.025 0.000  0.790 0.000  1.422 0.000   7.946 0.000   4.431 0.000   3.466 0.000 0.020 0.000 0.239 0.000
297.291667 298.291667   40.66 0.000   2.74 0.000 0.015 0.000 0.26 0.000 0.030 0.000  1.027 0.000  1.848 0.000  16.037 0.000   9.800 0.000   6.315 0.000 0.038 0.000 0.795 0.000
300.291667 301.291667   58.11 0.000   2.81 0.000 9.999 0.259 0.37 0.000 0.048 0.000  0.464 0.000  0.835 0.000  12.124 0.000   7.223 0.000   4.823 0.000 0.043 0.000 0.497 0.000
303.291667 304.291667   54.70 0.000 999.99 0.259 9.999 0.259 9.99 0.259 0.026 0.000  0.313 0.000  0.563 0.000   7.947 0.000   3.690 0.000   4.216 0.000 0.039 0.000 0.503 0.000
306.291667 307.291667   80.34 0.000   5.25 0.000 9.999 0.259 0.27 0.000 0.021 0.000  0.863 0.000  1.554 0.000  14.064 0.000   7.370 0.000   6.614 0.000 0.064 0.000 0.735 0.000
309.291667 310.291667   49.91 0.000   9.74 0.000 9.999 0.259 0.11 0.000 0.021 0.000  0.982 0.000  1.767 0.000   9.614 0.000   5.035 0.000   4.524 0.000 0.041 0.000 0.425 0.000
312.291667 313.291667   63.28 0.000   9.67 0.000 9.999 0.259 0.31 0.000 0.019 0.000  1.303 0.000  2.346 0.000  13.489 0.000   6.383 0.000   7.036 0.000 0.061 0.000 0.737 0.000
315.291667 316.291667   35.49 0.000   1.19 0.000 9.999 0.259 9.99 0.259 0.063 0.000  0.971 0.000  1.749 0.000   9.822 0.000   5.611 0.000   4.151 0.000 0.025 0.000 0.368 0.000
318.291667 319.291667   36.20 0.000   0.97 0.000 9.999 0.259 9.99 0.259 0.023 0.000  0.597 0.000  1.074 0.000   8.714 0.000   6.303 0.000   2.454 0.000 0.027 0.000 0.137 0.000
321.291667 322.291667   26.89 0.000   0.44 0.000 0.010 0.000 9.99 0.259 0.011 0.000  0.302 0.000  0.544 0.000   3.840 0.000   1.838 0.000   1.981 0.000 0.017 0.000 0.132 0.000
324.291667 325.291667   37.30 0.000   0.40 0.000 9.999 0.259 9.99 0.259 0.017 0.000  0.817 0.000  1.471 0.000   5.375 0.000   2.617 0.000   2.730 0.000 0.027 0.000 0.166 0.000
327.291667 328.291667   71.93 0.000   5.12 0.000 0.011 0.000 9.99 0.259 0.025 0.000 99.999 0.999 99.999 0.999   9.533 0.000   5.162 0.000   4.315 0.000 0.050 0.000 0.210 0.000
330.291667 331.291667   24.73 0.000   0.29 0.000 0.018 0.000 9.99 0.259 0.008 0.000 99.999 0.999 99.999 0.999   5.790 0.000   4.665 0.000   1.075 0.000 0.016 0.000 0.049 0.000
333.291667 334.291667   63.90 0.000   5.68 0.000 9.999 0.259 9.99 0.259 0.036 0.000 99.999 0.999 99.999 0.999   7.315 0.000   3.516 0.000   3.761 0.000 0.116 0.000 0.128 0.000
336.291667 337.291667   40.08 0.000   1.14 0.000 9.999 0.259 0.14 0.000 0.133 0.000  0.466 0.000  0.839 0.000   9.240 0.000   6.652 0.000   2.517 0.000 0.032 0.000 0.121 0.000
339.291667 340.291667   27.59 0.000   8.85 0.000 9.999 0.259 9.99 0.259 0.031 0.000  0.450 0.000  0.809 0.000   5.639 0.000   3.597 0.000   2.060 0.000 0.021 0.000 0.086 0.000
342.291667 343.291667   72.72 0.000   3.16 0.000 9.999 0.259 9.99 0.259 0.124 0.000  0.780 0.000  1.403 0.000  13.268 0.000   8.257 0.000   4.922 0.000 0.057 0.000 0.300 0.000
345.291667 346.291667   55.35 0.000   8.33 0.000 0.023 0.000 9.99 0.259 0.030 0.000  0.842 0.000  1.516 0.000   9.037 0.000   4.895 0.000   4.089 0.000 0.055 0.000 0.207 0.000
348.291667 349.291667   26.04 0.000   0.61 0.000 9.999 0.259 9.99 0.259 0.026 0.000  1.108 0.000  1.995 0.000   5.563 0.000   2.410 0.000   3.127 0.000 0.019 0.000 0.078 0.000
351.291667 352.291667   36.55 0.000  15.18 0.000 0.014 0.000 0.10 0.000 0.050 0.000  0.888 0.000  1.599 0.000   8.004 0.000   4.370 0.000   3.586 0.000 0.056 0.000 0.229 0.000
354.291667 355.291667   32.56 0.000   1.04 0.000 0.009 0.000 9.99 0.259 0.014 0.000  0.355 0.000  0.639 0.000   3.743 0.000   2.348 0.000   1.370 0.000 0.023 0.000 0.071 0.000
357.291667 358.291667   22.49 0.000   1.85 0.000 9.999 0.259 9.99 0.259 0.013 0.000  0.254 0.000  0.457 0.000   2.953 0.000   1.586 0.000   1.349 0.000 0.019 0.000 0.094 0.000
360.291667 361.291667   45.09 0.000   1.35 0.000 9.999 0.259 9.99 0.259 0.059 0.000  0.435 0.000  0.783 0.000   9.957 0.000   7.553 0.000   2.482 0.000 0.040 0.000 0.115 0.000
363.291667 364.291667   52.61 0.000   2.27 0.000 9.999 0.259 9.99 0.259 0.045 0.000  0.492 0.000  0.885 0.000   8.104 0.000   5.621 0.000   2.423 0.000 0.043 0.000 0.084 0.000
