scripts/IMPROVE-2019_partial/data/US9065R.19970101050000.20191216000000.filterpack...1y.3d.US03L_filterpack_US9065.US03L_IMPROVE_Davis.lev2.nas
51 1001
MISSING INFORMATION
US03L, IMPROVE, , , , , , , 
MISSING INFORMATION
IMPROVE sel_HTAP
1 1
1997 01 01 2019 12 16
0
days from file reference point
4
1 1 1 1
999.999999 999.999 999.999 9.999
end_time of measurement, days from the file reference point
pm10_mass, ug/m3, Matrix=pm10
pm25_mass, ug/m3, Matrix=pm25
numflag, no unit
0
33
Data definition:              EBAS_1.1
Set type code:                TI
Timezone:                     UTC
File name:                    US9065R.19970101050000.20191216000000.filterpack...1y.3d.US03L_filterpack_US9065.US03L_IMPROVE_Davis.lev2.nas
File creation:                20191218120953
Startdate:                    19970101050000
Revision date:                20191216000000
Version:                      2
Version description:          "Data extracted from http://views.cira.colostate.edu/fed/DataWizard 2019-12-16"
Statistics:                   arithmetic mean
Data level:                   2
Period code:                  1y
Resolution code:              3d
Sample duration:              1d
Orig. time res.:              3d
Station code:                 US9065R
Platform code:                US9065S
Station name:                 Shining Rock Wilderness
Station latitude:             35.3937
Station longitude:            -82.7744
Station altitude:             1617.0 m
Regime:                       IMG
Component:                    
Unit:                         ug/m3
Matrix:                       
Laboratory code:              US03L
Instrument type:              filterpack
Instrument name:              filterpack_US9065
Method ref:                   US03L_IMPROVE_Davis
Blank correction:             Blank corrected
Volume std. temperature:      ambient
Volume std. pressure:         ambient
starttime endtime PM10 PM2.5 flag
  0.208333   1.208333   8.560   5.293 0.000
  3.208333   4.208333   8.831   5.078 0.000
  7.208333   8.208333 999.999   4.742 0.000
 10.208333  11.208333 999.999   3.885 0.000
 14.208333  15.208333   7.074   3.518 0.000
 17.208333  18.208333   7.074   2.183 0.000
 21.208333  22.208333 999.999 999.999 0.999
 24.208333  25.208333 999.999   3.793 0.000
 28.208333  29.208333 999.999   2.090 0.000
 31.208333  32.208333 999.999   7.281 0.000
 35.208333  36.208333   5.208   3.774 0.000
 38.208333  39.208333   4.158   2.204 0.000
 42.208333  43.208333   8.941   6.310 0.000
 45.208333  46.208333   4.685   3.015 0.000
 49.208333  50.208333  12.674   9.759 0.000
 52.208333  53.208333   7.407   5.822 0.000
 56.208333  57.208333   6.684   2.959 0.000
 59.208333  60.208333  15.582  10.584 0.000
 63.208333  64.208333   9.635   8.107 0.000
 66.208333  67.208333   9.131   8.432 0.000
 70.208333  71.208333   8.779   5.115 0.000
 73.208333  74.208333   5.958   4.416 0.000
 77.208333  78.208333   7.596   3.518 0.000
 80.208333  81.208333  11.253   7.897 0.000
 84.208333  85.208333   5.297   3.137 0.000
 87.208333  88.208333  10.288   4.528 0.000
 91.208333  92.208333   8.342   3.626 0.000
 94.208333  95.208333  16.189  10.014 0.000
 98.208333  99.208333  17.121   6.790 0.000
101.208333 102.208333   4.673 999.999 0.000
105.208333 106.208333  14.690  10.744 0.000
108.208333 109.208333  13.332  11.273 0.000
112.208333 113.208333 999.999   0.930 0.000
115.208333 116.208333  13.455  11.223 0.000
119.208333 120.208333  20.356  11.422 0.000
122.208333 123.208333  11.545   6.792 0.000
126.208333 127.208333  31.918  15.425 0.000
129.208333 130.208333  19.119   5.609 0.000
133.208333 134.208333  27.822  17.012 0.000
136.208333 137.208333  26.846  11.081 0.000
140.208333 141.208333  17.318   6.302 0.000
143.208333 144.208333  28.935  21.935 0.000
147.208333 148.208333   7.407   7.375 0.000
150.208333 151.208333   7.759   6.084 0.000
154.208333 155.208333   3.993   1.897 0.000
157.208333 158.208333   4.630   1.789 0.000
161.208333 162.208333  16.204   8.327 0.000
164.208333 165.208333  10.101   6.794 0.000
168.208333 169.208333  17.657   7.729 0.000
171.208333 172.208333  37.550  23.957 0.000
175.208333 176.208333  27.650  21.916 0.000
178.208333 179.208333  15.152 999.999 0.000
182.208333 183.208333  22.613  14.407 0.000
185.208333 186.208333  24.412  18.031 0.000
189.208333 190.208333  19.318  14.723 0.000
192.208333 193.208333  30.299  27.867 0.000
196.208333 197.208333 999.999 999.999 0.999
199.208333 200.208333 999.999 999.999 0.999
203.208333 204.208333  12.238   7.429 0.000
206.208333 207.208333  38.613  39.817 0.000
210.208333 211.208333   7.190   5.185 0.000
213.208333 214.208333  27.309  17.239 0.000
217.208333 218.208333  19.097  14.708 0.000
220.208333 221.208333  15.771  14.829 0.000
224.208333 225.208333  14.800  10.856 0.000
227.208333 228.208333  11.290  10.325 0.000
231.208333 232.208333  12.710  10.432 0.000
234.208333 235.208333  11.917   9.877 0.000
238.208333 239.208333  25.434  21.047 0.000
241.208333 242.208333  20.833  16.569 0.000
245.208333 246.208333  30.556  23.744 0.000
248.208333 249.208333  25.347  20.742 0.000
252.208333 253.208333  11.290   7.096 0.000
255.208333 256.208333  30.999  21.996 0.000
259.208333 260.208333  29.427  23.783 0.000
262.208333 263.208333  28.928  23.311 0.000
266.208333 267.208333 999.999 999.999 0.999
269.208333 270.208333  18.683  12.575 0.000
273.208333 274.208333  13.242  10.187 0.000
276.208333 277.208333  11.128   8.358 0.000
280.208333 281.208333  20.299  16.069 0.000
283.208333 284.208333  24.502  21.636 0.000
287.208333 288.208333   4.501   2.562 0.000
290.208333 291.208333   5.513   5.093 0.000
294.208333 295.208333   8.523   4.774 0.000
297.208333 298.208333  10.482   7.099 0.000
301.208333 302.208333   4.768   3.788 0.000
304.208333 305.208333   3.205   1.837 0.000
308.208333 309.208333  15.636   4.755 0.000
311.208333 312.208333   5.901   2.922 0.000
315.208333 316.208333   5.401   4.198 0.000
318.208333 319.208333   7.171   2.577 0.000
322.208333 323.208333   6.807   3.503 0.000
325.208333 326.208333  11.330   8.013 0.000
329.208333 330.208333  15.556   8.704 0.000
332.208333 333.208333   7.841 999.999 0.000
336.208333 337.208333   4.537   2.357 0.000
339.208333 340.208333   6.763   3.900 0.000
343.208333 344.208333   5.175   2.139 0.000
346.208333 347.208333   3.008   1.277 0.000
350.208333 351.208333   7.519   3.488 0.000
353.208333 354.208333  11.285  10.339 0.000
357.208333 358.208333   3.539 999.999 0.000
360.208333 361.208333   2.866 999.999 0.000
364.208333 365.208333   2.649   1.523 0.000
