scripts/IMPROVE-2019_partial/data/US9030R.20030103090000.20191216000000.filterpack..pm25.1y.1w.US03L_filterpack_US9030.US03L_IMPROVE_Davis.lev2.nas
66 1001
MISSING INFORMATION
US03L, IMPROVE, , , , , , , 
MISSING INFORMATION
IMPROVE sel_HTAP
1 1
2003 01 01 2019 12 16
3.000
days from file reference point
27
1 1 1 1 1 1 1 1 1 1 1 1 1 1 1 1 1 1 1 1 1 1 1 1 1 1 1
999.999 9999.99 9.999 99.99 9.999 9.999 9.999999 9.99 9.999 9.999 9.999999 99.999 9.999 99.999 9.999 999.99 9.999999 999.999 9.999 999.999 9.999 999.999 9.999 9.999 9.999 9.999 9.999
end_time of measurement, days from the file reference point
iron, ng/m3, Revision date=20181210133000
numflag iron, no unit, Revision date=20181210133000
lead, ng/m3, Revision date=20181210133000
numflag lead, no unit, Revision date=20181210133000
magnesium, ug/m3, Revision date=20181210133000
numflag magnesium, no unit, Revision date=20181210133000
nickel, ng/m3, Revision date=20181210133000
numflag nickel, no unit, Revision date=20181210133000
nitrate, ug N/m3, Revision date=20181210133000
numflag nitrate, no unit, Revision date=20181210133000
organic_carbon, ug C/m3, Revision date=20181210133000
numflag organic_carbon, no unit, Revision date=20181210133000
organic_mass, ug/m3, Revision date=20181210133000
numflag organic_mass, no unit, Revision date=20181210133000
phosphorus, ng/m3, Revision date=20181210133000
numflag phosphorus, no unit, Revision date=20181210133000
pm10_mass, ug/m3, Version=2, Version description=Data extracted from http://views.cira.colostate.edu/fed/DataWizard 2019-12-16, Sample duration=1d, Orig. time res.=3d, Matrix=pm10, Blank correction=Blank corrected, Volume std. temperature=ambient, Volume std. pressure=ambient
numflag pm10_mass, no unit, Version=2, Version description=Data extracted from http://views.cira.colostate.edu/fed/DataWizard 2019-12-16, Sample duration=1d, Orig. time res.=3d, Matrix=pm10, Blank correction=Blank corrected, Volume std. temperature=ambient, Volume std. pressure=ambient
pm10_pm25_mass, ug/m3, Revision date=20181210133000, Matrix=pm10_pm25
numflag pm10_pm25_mass, no unit, Revision date=20181210133000, Matrix=pm10_pm25
pm25_mass, ug/m3, Version=2, Version description=Data extracted from http://views.cira.colostate.edu/fed/DataWizard 2019-12-16, Sample duration=1d, Orig. time res.=3d, Blank correction=Blank corrected, Volume std. temperature=ambient, Volume std. pressure=ambient
numflag pm25_mass, no unit, Version=2, Version description=Data extracted from http://views.cira.colostate.edu/fed/DataWizard 2019-12-16, Sample duration=1d, Orig. time res.=3d, Blank correction=Blank corrected, Volume std. temperature=ambient, Volume std. pressure=ambient
potassium, ug/m3, Revision date=20181210133000
numflag potassium, no unit, Revision date=20181210133000
sulphate_total, ug S/m3, Revision date=20181210133000
numflag sulphate_total, no unit, Revision date=20181210133000
0
25
Data definition:              EBAS_1.1
Set type code:                TU
Timezone:                     UTC
File name:                    US9030R.20030103090000.20191216000000.filterpack..pm25.1y.1w.US03L_filterpack_US9030.US03L_IMPROVE_Davis.lev2.nas
File creation:                20191218120712
Startdate:                    20030103090000
Revision date:                20191216000000
Statistics:                   arithmetic mean
Data level:                   2
Period code:                  1y
Resolution code:              1w
Station code:                 US9030R
Platform code:                US9030S
Station name:                 Simeonof
Station latitude:             55.3255
Station longitude:            -160.5063
Station altitude:             57.0 m
Regime:                       IMG
Component:                    
Matrix:                       pm25
Laboratory code:              US03L
Instrument type:              filterpack
Instrument name:              filterpack_US9030
Method ref:                   US03L_IMPROVE_Davis
starttime endtime Fe flag_Fe Pb flag_Pb Mg++ flag_Mg++ Ni flag_Ni NO3- flag_NO3- OC flag_OC OM flag_OM P flag_P PM10 flag_PM10 PM10-PM2.5 flag_PM10-PM2.5 PM2.5 flag_PM2.5 K+ flag_K+ SO4-- flag_SO4--
[from data line 84]
254.375 255.375    0.96 0.000  0.21 0.000 0.039 0.000000 0.09 0.000 0.008 0.559000  0.917 0.000  1.283 0.000 999.99 0.259000   4.207 0.000   1.699 0.000   2.509 0.000 0.008 0.000 0.066 0.559
257.375 258.375   24.27 0.000  0.49 0.000 0.009 0.000000 9.99 0.259 0.013 0.559000  0.341 0.000  0.478 0.000 999.99 0.259000 999.999 0.999 999.999 0.999   2.454 0.000 0.018 0.000 0.092 0.559
260.375 261.375   31.86 0.000  0.19 0.000 9.999 0.259000 0.05 0.000 0.025 0.559000  0.396 0.000  0.555 0.000 999.99 0.259000  11.520 0.000   9.255 0.000   2.264 0.000 0.019 0.000 0.087 0.559
263.375 264.375    0.92 0.000 99.99 0.259 0.013 0.000000 9.99 0.259 0.014 0.559000  0.139 0.000  0.195 0.000 999.99 0.259000 999.999 0.999 999.999 0.999   2.345 0.000 0.013 0.000 0.175 0.559
266.375 267.375   21.33 0.000  0.29 0.000 9.999 0.259000 0.07 0.000 0.020 0.000000  0.231 0.000  0.323 0.000 999.99 0.259000  21.039 0.000  18.128 0.000   2.911 0.000 0.026 0.000 0.063 0.000
269.375 270.375    8.54 0.000  0.38 0.000 0.037 0.000000 0.14 0.000 0.015 0.000000  0.196 0.000  0.275 0.000 999.99 0.259000   8.013 0.000   4.650 0.000   3.363 0.000 0.022 0.000 0.127 0.000
272.375 273.375   29.70 0.559  0.22 0.559 0.031 0.559000 0.05 0.559 0.020 0.000000  0.416 0.000  0.582 0.000 999.99 0.559259  17.116 0.000  12.628 0.000   4.488 0.559 0.036 0.559 0.155 0.000
275.375 276.375   68.39 0.000  0.47 0.000 9.999 0.259000 9.99 0.259 0.023 0.000000  0.550 0.000  0.770 0.000 999.99 0.259000  15.245 0.000  10.767 0.000   4.478 0.000 0.025 0.000 0.135 0.000
278.375 279.375    0.34 0.000  0.08 0.000 0.027 0.000000 0.05 0.000 9.999 0.259000 99.999 0.259 99.999 0.259 999.99 0.259000   4.126 0.000   2.724 0.000   1.402 0.000 0.012 0.000 0.024 0.000
281.375 282.375    0.31 0.000  0.37 0.000 0.018 0.000000 9.99 0.259 0.004 0.000000  0.066 0.000  0.092 0.000   1.05 0.000000   2.137 0.000   1.430 0.000   0.707 0.000 0.004 0.000 0.020 0.000
284.375 285.375    2.25 0.000  0.20 0.000 0.025 0.000000 0.08 0.000 0.008 0.000000 99.999 0.259 99.999 0.259   9.15 0.000000   3.945 0.000   2.448 0.000   1.497 0.000 0.010 0.000 0.066 0.000
287.375 288.375    1.34 0.559  0.08 0.559 0.110 0.559000 0.12 0.559 0.014 0.000000 99.999 0.259 99.999 0.259 999.99 0.559259  10.191 0.000   5.418 0.000   4.772 0.559 0.032 0.559 0.122 0.000
290.375 291.375    1.30 0.000  0.20 0.000 0.041 0.000000 9.99 0.259 0.007 0.000000  0.044 0.000  0.061 0.000 999.99 0.259000   8.143 0.000   5.818 0.000   2.325 0.000 0.016 0.000 0.094 0.000
293.375 294.375    1.19 0.000  0.16 0.000 9.999 0.259000 0.06 0.000 0.007 0.000000 99.999 0.259 99.999 0.259   6.31 0.000000   3.083 0.000   2.172 0.000   0.912 0.000 0.006 0.000 0.050 0.000
296.375 297.375    2.88 0.000  0.22 0.000 0.028 0.000000 9.99 0.259 0.012 0.000000 99.999 0.259 99.999 0.259 999.99 0.259000   3.575 0.000   2.192 0.000   1.383 0.000 0.007 0.000 0.053 0.000
299.375 300.375    2.49 0.000  0.30 0.000 9.999 0.259000 9.99 0.259 0.017 0.000000  0.202 0.000  0.283 0.000   7.26 0.000000   4.315 0.000   2.290 0.000   2.024 0.000 0.055 0.000 0.144 0.000
302.375 303.375    3.14 0.000  0.49 0.000 0.077 0.000000 0.16 0.000 0.054 0.000000  0.043 0.000  0.060 0.000 999.99 0.259000  18.368 0.000  13.114 0.000   5.254 0.000 0.049 0.000 0.264 0.000
305.375 306.375    1.49 0.000  0.20 0.000 0.059 0.000000 0.17 0.000 0.034 0.000000  0.157 0.000  0.219 0.000 999.99 0.259000  13.560 0.000   9.664 0.000   3.896 0.000 0.030 0.000 0.229 0.000
308.375 309.375    0.51 0.000  0.11 0.000 9.999 0.259000 0.05 0.000 0.011 0.000000  0.040 0.000  0.056 0.000 999.99 0.259000  13.149 0.000  11.652 0.000   1.497 0.000 0.009 0.000 0.093 0.000
311.375 312.375    3.63 0.000  0.33 0.000 0.032 0.000000 9.99 0.259 0.014 0.000000  0.028 0.000  0.039 0.000 999.99 0.259000  11.781 0.000   7.067 0.000   4.713 0.000 0.037 0.000 0.177 0.000
314.375 315.375    0.47 0.000 99.99 0.259 9.999 0.259000 9.99 0.259 9.999 0.259000 99.999 0.259 99.999 0.259   3.10 0.000000   3.783 0.000   3.086 0.000   0.697 0.000 0.005 0.000 0.023 0.000
317.375 318.375    4.61 0.000  0.24 0.000 9.999 0.259000 9.99 0.259 0.005 0.000000 99.999 0.259 99.999 0.259 999.99 0.259000   4.216 0.000   3.337 0.000   0.880 0.000 0.005 0.000 0.067 0.000
320.375 321.375    1.54 0.000 99.99 0.259 9.999 0.259000 0.06 0.000 0.003 0.000000 99.999 0.259 99.999 0.259   7.30 0.000000   5.787 0.000   4.336 0.000   1.451 0.000 0.011 0.000 0.047 0.000
323.375 324.375    2.66 0.000  0.12 0.000 0.047 0.000000 9.99 0.259 0.012 0.000000 99.999 0.259 99.999 0.259 999.99 0.259000   6.046 0.000   3.044 0.000   3.002 0.000 0.023 0.000 0.110 0.000
326.375 327.375    6.02 0.000  0.21 0.000 0.129 0.000000 0.10 0.000 0.026 0.000000  0.161 0.000  0.225 0.000 999.99 0.259000  20.505 0.000  12.115 0.000   8.390 0.000 0.064 0.000 0.285 0.000
329.375 330.375    2.75 0.000  0.35 0.000 0.025 0.000000 0.07 0.000 0.005 0.000000 99.999 0.259 99.999 0.259 999.99 0.259000   6.159 0.000   4.240 0.000   1.919 0.000 0.012 0.000 0.088 0.000
332.375 333.375    3.32 0.000 99.99 0.259 9.999 0.259000 0.07 0.000 0.005 0.000000 99.999 0.259 99.999 0.259  19.36 0.000000   6.123 0.000   3.962 0.000   2.160 0.000 0.013 0.000 0.103 0.000
335.375 336.375    0.63 0.000  0.07 0.000 9.999 0.259000 0.15 0.000 0.004 0.000000 99.999 0.259 99.999 0.259 999.99 0.259000   2.491 0.000   1.606 0.000   0.885 0.000 0.006 0.000 0.027 0.000
338.375 339.375    0.35 0.000  0.11 0.000 9.999 0.259000 0.11 0.000 0.003 0.000000  0.032 0.000  0.045 0.000   2.24 0.000000   2.533 0.000   1.782 0.000   0.751 0.000 0.003 0.000 0.014 0.000
341.375 342.375    3.01 0.000  0.31 0.000 9.999 0.259000 9.99 0.259 0.013 0.000000 99.999 0.259 99.999 0.259 999.99 0.259000   9.122 0.000   5.729 0.000   3.394 0.000 0.027 0.000 0.161 0.000
344.375 345.375    0.75 0.000 99.99 0.259 9.999 0.259000 9.99 0.259 0.003 0.000000 99.999 0.259 99.999 0.259 999.99 0.259000   1.562 0.000   1.135 0.000   0.426 0.000 0.003 0.000 0.030 0.000
347.375 348.375    0.48 0.000  0.05 0.000 9.999 0.259000 9.99 0.259 0.007 0.000000  0.018 0.000  0.025 0.000 999.99 0.259000   7.438 0.000   4.235 0.000   3.203 0.000 0.026 0.000 0.077 0.000
350.375 351.375    1.51 0.000  0.37 0.000 9.999 0.259000 0.05 0.000 0.006 0.000000  0.093 0.000  0.130 0.000 999.99 0.259000   5.054 0.000   3.672 0.000   1.383 0.000 0.010 0.000 0.081 0.000
353.375 354.375    0.47 0.000  0.18 0.000 9.999 0.259000 0.08 0.000 0.008 0.000000  0.058 0.000  0.081 0.000 999.99 0.259000   4.878 0.000   3.265 0.000   1.612 0.000 0.013 0.000 0.057 0.000
356.375 357.375    0.60 0.000  0.09 0.000 9.999 0.259000 9.99 0.259 0.005 0.000000 99.999 0.259 99.999 0.259 999.99 0.259000   3.300 0.000   2.586 0.000   0.714 0.000 0.006 0.000 0.042 0.000
359.375 360.375    4.00 0.000 99.99 0.259 9.999 0.259000 0.17 0.000 0.009 0.000000 99.999 0.259 99.999 0.259 999.99 0.259000  11.012 0.000   6.145 0.000   4.867 0.000 0.042 0.000 0.109 0.000
362.375 363.375    1.07 0.000  0.19 0.000 9.999 0.259000 9.99 0.259 0.030 0.000000 99.999 0.259 99.999 0.259 999.99 0.259000   9.615 0.000   6.033 0.000   3.582 0.000 0.027 0.000 0.186 0.000
