scripts/IMPROVE-2019_partial/data/US9029R.20020102070000.20191216000000.filterpack..pm25.52w.1w.US03L_filterpack_US9029.US03L_IMPROVE_Davis.lev2.nas
66 1001
MISSING INFORMATION
US03L, IMPROVE, , , , , , , 
MISSING INFORMATION
IMPROVE sel_HTAP
1 1
2002 01 01 2019 12 16
3.000000
days from file reference point
27
1 1 1 1 1 1 1 1 1 1 1 1 1 1 1 1 1 1 1 1 1 1 1 1 1 1 1
999.999999 9999.99 9.999 99.99 9.999 9.999 9.999999 99.99 9.999999 9.999 9.999999 99.999 9.999 99.999 9.999 999.99 9.999999 999.999 9.999 999.999 9.999 99.999 9.999 9.999 9.999 9.999 9.999999
end_time of measurement, days from the file reference point
iron, ng/m3, Revision date=20181210133000
numflag iron, no unit, Revision date=20181210133000
lead, ng/m3, Revision date=20181210133000
numflag lead, no unit, Revision date=20181210133000
magnesium, ug/m3, Revision date=20181210133000
numflag magnesium, no unit, Revision date=20181210133000
nickel, ng/m3, Revision date=20181210133000
numflag nickel, no unit, Revision date=20181210133000
nitrate, ug N/m3, Revision date=20181210133000
numflag nitrate, no unit, Revision date=20181210133000
organic_carbon, ug C/m3, Revision date=20181210133000
numflag organic_carbon, no unit, Revision date=20181210133000
organic_mass, ug/m3, Revision date=20181210133000
numflag organic_mass, no unit, Revision date=20181210133000
phosphorus, ng/m3, Revision date=20181210133000
numflag phosphorus, no unit, Revision date=20181210133000
pm10_mass, ug/m3, Version=2, Version description=Data extracted from http://views.cira.colostate.edu/fed/DataWizard 2019-12-16, Sample duration=1d, Orig. time res.=3d, Matrix=pm10, Blank correction=Blank corrected, Volume std. temperature=ambient, Volume std. pressure=ambient
numflag pm10_mass, no unit, Version=2, Version description=Data extracted from http://views.cira.colostate.edu/fed/DataWizard 2019-12-16, Sample duration=1d, Orig. time res.=3d, Matrix=pm10, Blank correction=Blank corrected, Volume std. temperature=ambient, Volume std. pressure=ambient
pm10_pm25_mass, ug/m3, Revision date=20181210133000, Matrix=pm10_pm25
numflag pm10_pm25_mass, no unit, Revision date=20181210133000, Matrix=pm10_pm25
pm25_mass, ug/m3, Version=2, Version description=Data extracted from http://views.cira.colostate.edu/fed/DataWizard 2019-12-16, Sample duration=1d, Orig. time res.=3d, Blank correction=Blank corrected, Volume std. temperature=ambient, Volume std. pressure=ambient
numflag pm25_mass, no unit, Version=2, Version description=Data extracted from http://views.cira.colostate.edu/fed/DataWizard 2019-12-16, Sample duration=1d, Orig. time res.=3d, Blank correction=Blank corrected, Volume std. temperature=ambient, Volume std. pressure=ambient
potassium, ug/m3, Revision date=20181210133000
numflag potassium, no unit, Revision date=20181210133000
sulphate_total, ug S/m3, Revision date=20181210133000
numflag sulphate_total, no unit, Revision date=20181210133000
0
25
Data definition:              EBAS_1.1
Set type code:                TU
Timezone:                     UTC
File name:                    US9029R.20020102070000.20191216000000.filterpack..pm25.52w.1w.US03L_filterpack_US9029.US03L_IMPROVE_Davis.lev2.nas
File creation:                20191218120706
Startdate:                    20020102070000
Revision date:                20191216000000
Statistics:                   arithmetic mean
Data level:                   2
Period code:                  52w
Resolution code:              1w
Station code:                 US9029R
Platform code:                US9029S
Station name:                 North Absaroka
Station latitude:             44.7448
Station longitude:            -109.3816
Station altitude:             2482.0 m
Regime:                       IMG
Component:                    
Matrix:                       pm25
Laboratory code:              US03L
Instrument type:              filterpack
Instrument name:              filterpack_US9029
Method ref:                   US03L_IMPROVE_Davis
starttime endtime Fe flag_Fe Pb flag_Pb Mg++ flag_Mg++ Ni flag_Ni NO3- flag_NO3- OC flag_OC OM flag_OM P flag_P PM10 flag_PM10 PM10-PM2.5 flag_PM10-PM2.5 PM2.5 flag_PM2.5 K+ flag_K+ SO4-- flag_SO4--
[from data line 79]
238.291667 239.291667 9999.99 0.999 99.99 0.999 9.999 0.999000 99.99 0.999000 9.999 0.999000 99.999 0.999 99.999 0.999 999.99 0.999000 999.999 0.999 999.999 0.999 99.999 0.999 9.999 0.999 9.999 0.999000
241.291667 242.291667 9999.99 0.999 99.99 0.999 9.999 0.999000 99.99 0.999000 9.999 0.999000 99.999 0.999 99.999 0.999 999.99 0.999000 999.999 0.999 999.999 0.999 99.999 0.999 9.999 0.999 9.999 0.999000
244.291667 245.291667 9999.99 0.999 99.99 0.999 9.999 0.999000 99.99 0.999000 9.999 0.999000 99.999 0.999 99.999 0.999 999.99 0.999000 999.999 0.999 999.999 0.999 99.999 0.999 9.999 0.999 9.999 0.999000
247.291667 248.291667  117.78 0.559  0.61 0.559 0.069 0.559000 99.99 0.559259 0.042 0.000000  0.864 0.000  1.210 0.000 999.99 0.559259  13.317 0.000   7.720 0.000  5.597 0.559 0.099 0.559 0.244 0.000000
250.291667 251.291667   20.31 0.000  0.45 0.000 9.999 0.259000 99.99 0.259000 0.043 0.000000  0.718 0.000  1.006 0.000 999.99 0.259000   3.041 0.000   0.726 0.000  2.315 0.000 0.017 0.000 0.142 0.000000
253.291667 254.291667   19.38 0.000  0.53 0.000 9.999 0.259000 99.99 0.259000 0.015 0.000000  1.036 0.000  1.450 0.000 999.99 0.259000   5.106 0.000   1.933 0.000  3.174 0.000 0.018 0.000 0.167 0.000000
256.291667 257.291667   71.83 0.699  0.81 0.699 9.999 0.699259 99.99 0.699259 0.016 0.000000  2.059 0.000  2.883 0.000 999.99 0.699259  12.337 0.000   5.907 0.000  6.430 0.699 0.052 0.699 0.227 0.000000
259.291667 260.291667   85.82 0.559  0.62 0.559 9.999 0.559259 99.99 0.559259 0.049 0.000000  0.714 0.000  1.000 0.000 999.99 0.559259   8.720 0.000   4.615 0.000  4.105 0.559 0.048 0.559 0.189 0.000000
262.291667 263.291667  155.58 0.000  0.66 0.000 9.999 0.259000  1.37 0.000000 0.050 0.000000  0.745 0.000  1.043 0.000 999.99 0.259000   9.903 0.000   3.768 0.000  6.135 0.000 0.094 0.000 0.116 0.000000
265.291667 266.291667   12.96 0.000  0.46 0.000 0.023 0.000000 99.99 0.259000 0.031 0.000000  0.916 0.000  1.283 0.000 999.99 0.259000   5.794 0.000   3.314 0.000  2.480 0.000 0.016 0.000 0.135 0.000000
268.291667 269.291667   44.12 0.559  0.76 0.559 9.999 0.559259 99.99 0.559259 0.048 0.000000  1.614 0.000  2.260 0.000 999.99 0.559259   8.383 0.000   2.590 0.000  5.793 0.559 0.046 0.559 0.336 0.000000
271.291667 272.291667   37.89 0.000  0.59 0.000 9.999 0.259000 99.99 0.259000 0.028 0.000000  0.927 0.000  1.298 0.000 999.99 0.259000   6.821 0.000   3.413 0.000  3.408 0.000 0.031 0.000 0.202 0.000000
274.291667 275.291667   38.53 0.456  0.26 0.456 9.999 0.456259  0.37 0.456000 0.006 0.000000  0.238 0.000  0.334 0.000 999.99 0.456259   1.860 0.000 999.999 0.999 99.999 0.456 0.022 0.456 0.091 0.000000
277.291667 278.291667   16.31 0.000  0.49 0.000 9.999 0.259000  0.16 0.000000 0.019 0.559000  0.499 0.000  0.699 0.000 999.99 0.259000   3.246 0.000   1.163 0.000  2.083 0.000 0.018 0.000 0.131 0.559000
280.291667 281.291667   13.99 0.000  0.36 0.000 9.999 0.259000 99.99 0.259000 0.045 0.000000  0.711 0.000  0.995 0.000 999.99 0.259000   3.737 0.000   1.536 0.000  2.201 0.000 0.016 0.000 0.126 0.000000
283.291667 284.291667   16.44 0.000  0.32 0.000 9.999 0.259000 99.99 0.259000 0.039 0.559000  0.794 0.000  1.111 0.000 999.99 0.259000   6.200 0.000   3.832 0.000  2.368 0.000 0.019 0.000 0.152 0.559000
286.291667 287.291667   22.39 0.000  0.46 0.000 0.014 0.000000 99.99 0.259000 0.057 0.559000  0.836 0.000  1.171 0.000 999.99 0.259000   5.043 0.000   2.367 0.000  2.676 0.000 0.034 0.000 0.168 0.559000
289.291667 290.291667   18.58 0.000  0.52 0.000 9.999 0.259000 99.99 0.259000 0.009 0.000000  0.450 0.000  0.630 0.000 999.99 0.259000   3.596 0.000   2.006 0.000  1.590 0.000 0.019 0.000 0.068 0.000000
292.291667 293.291667   50.04 0.559  0.69 0.559 0.019 0.559000  0.07 0.559000 0.099 0.000000  1.103 0.000  1.544 0.000 999.99 0.559259   6.903 0.000   3.027 0.000  3.877 0.559 0.053 0.559 0.077 0.000000
295.291667 296.291667    3.97 0.000  0.29 0.000 9.999 0.259000  0.06 0.000000 0.009 0.000000  0.294 0.000  0.411 0.000 999.99 0.259000   2.026 0.000   0.258 0.000  1.767 0.000 0.007 0.000 0.309 0.000000
298.291667 299.291667   19.84 0.559  0.72 0.559 9.999 0.559259  0.06 0.559000 0.075 0.559000  0.931 0.000  1.303 0.000 999.99 0.559259   4.408 0.000   1.274 0.000  3.134 0.559 0.022 0.559 0.194 0.559000
301.291667 302.291667    2.10 0.559  0.30 0.559 0.013 0.559000 99.99 0.559259 0.008 0.559000  0.009 0.000  0.013 0.000 999.99 0.559259   0.930 0.000   0.106 0.000  0.824 0.559 0.004 0.559 0.132 0.559000
304.291667 305.291667    7.12 0.000  0.28 0.000 0.013 0.000000  0.05 0.000000 0.008 0.000000  0.293 0.000  0.410 0.000 999.99 0.259000   2.079 0.000   0.584 0.000  1.495 0.000 0.007 0.000 0.181 0.000000
307.291667 308.291667    7.48 0.000  0.21 0.000 9.999 0.259000 99.99 0.259000 0.010 0.000000  0.463 0.000  0.648 0.000 999.99 0.259000   2.869 0.000   1.361 0.000  1.508 0.000 0.007 0.000 0.130 0.000000
310.291667 311.291667   36.88 0.000  0.30 0.000 0.019 0.000000  0.22 0.000000 0.026 0.000000  0.346 0.000  0.484 0.000 999.99 0.259000   6.328 0.000   4.584 0.000  1.744 0.000 0.024 0.000 0.052 0.000000
313.291667 314.291667    2.63 0.000  0.14 0.000 9.999 0.259000 99.99 0.259000 0.017 0.000000  0.341 0.000  0.477 0.000 999.99 0.259000   2.480 0.000   1.795 0.000  0.685 0.000 0.003 0.000 0.164 0.000000
316.291667 317.291667    2.58 0.000 99.99 0.259 9.999 0.259000  0.04 0.000000 0.026 0.000000  0.410 0.000  0.574 0.000 999.99 0.259000   2.431 0.000   1.605 0.000  0.826 0.000 0.006 0.000 0.071 0.000000
319.291667 320.291667   11.29 0.000  0.76 0.000 9.999 0.259000  0.07 0.000000 0.061 0.000000  0.798 0.000  1.118 0.000 999.99 0.259000   3.665 0.000   1.248 0.000  2.417 0.000 0.021 0.000 0.213 0.000000
322.291667 323.291667    3.51 0.000  0.26 0.000 9.999 0.259000 99.99 0.259000 0.050 0.000000  0.374 0.000  0.524 0.000 999.99 0.259000   1.629 0.000   0.830 0.000  0.800 0.000 0.006 0.000 0.086 0.000000
325.291667 326.291667   10.17 0.000  0.13 0.000 9.999 0.259000  0.13 0.000000 0.016 0.000000  0.309 0.000  0.433 0.000 999.99 0.259000   2.701 0.000   1.681 0.000  1.019 0.000 0.008 0.000 0.059 0.000000
328.291667 329.291667    3.95 0.000  0.24 0.000 0.014 0.000000 99.99 0.259000 0.007 0.000000  0.363 0.000  0.508 0.000 999.99 0.259000   1.890 0.000   1.187 0.000  0.704 0.000 0.008 0.000 0.054 0.000000
331.291667 332.291667    4.54 0.000  0.14 0.000 9.999 0.259000  0.09 0.000000 0.003 0.000000  0.174 0.000  0.243 0.000   2.85 0.000000   0.656 0.000   0.127 0.000  0.529 0.000 0.005 0.000 0.028 0.000000
334.291667 335.291667   41.94 0.000  0.23 0.000 9.999 0.259000  0.30 0.000000 0.016 0.000000  0.249 0.000  0.349 0.000 999.99 0.259000 999.999 0.999 999.999 0.999  1.962 0.000 0.029 0.000 0.100 0.000000
337.291667 338.291667    3.78 0.000  0.28 0.000 0.012 0.000000 99.99 0.259000 0.034 0.000000  0.295 0.000  0.413 0.000 999.99 0.259000   1.695 0.000   0.734 0.000  0.961 0.000 0.005 0.000 0.137 0.000000
340.291667 341.291667   23.00 0.559  0.23 0.559 9.999 0.559259 99.99 0.559259 0.013 0.000000  0.231 0.000  0.324 0.000 999.99 0.559259   1.364 0.000   0.633 0.000  0.731 0.559 0.009 0.559 0.065 0.000000
343.291667 344.291667   22.77 0.000  0.19 0.000 9.999 0.259000  0.13 0.000000 0.026 0.000000  0.200 0.000  0.280 0.000 999.99 0.259000   1.447 0.000   0.630 0.000  0.817 0.000 0.012 0.000 0.051 0.000000
346.291667 347.291667   75.24 0.000  0.25 0.000 0.043 0.000000  0.11 0.000000 0.021 0.000000  0.368 0.000  0.515 0.000 999.99 0.259000   7.234 0.000   4.711 0.000  2.522 0.000 0.053 0.000 0.096 0.000000
349.291667 350.291667    7.66 0.000  0.13 0.000 0.015 0.000000 99.99 0.259000 0.012 0.000000  0.129 0.000  0.180 0.000 999.99 0.259000   1.075 0.000   0.759 0.000  0.316 0.000 0.005 0.000 0.052 0.000000
352.291667 353.291667    7.10 0.000  0.13 0.000 0.027 0.000000 99.99 0.259000 0.055 0.000000  0.188 0.000  0.263 0.000 999.99 0.259000   3.535 0.000   2.805 0.000  0.729 0.000 0.005 0.000 0.048 0.000000
355.291667 356.291667    4.45 0.000  0.21 0.000 0.018 0.000000 99.99 0.259000 0.018 0.559000  0.137 0.000  0.192 0.000 999.99 0.259000   0.333 0.000   0.050 0.000  0.283 0.000 0.004 0.000 0.048 0.559000
358.291667 359.291667 9999.99 0.999 99.99 0.999 9.999 0.999000 99.99 0.999000 9.999 0.999000 99.999 0.999 99.999 0.999 999.99 0.999000 999.999 0.999 999.999 0.999 99.999 0.999 9.999 0.999 9.999 0.999000
361.291667 362.291667    1.60 0.000  0.11 0.000 9.999 0.259000 99.99 0.259000 0.003 0.000000  0.117 0.000  0.164 0.000 999.99 0.259000   0.620 0.000   0.309 0.000  0.311 0.000 0.003 0.000 0.023 0.000000
364.291667 365.291667    1.14 0.000  0.10 0.000 0.022 0.000000 99.99 0.259000 0.003 0.000000  0.135 0.000  0.189 0.000 999.99 0.259000   0.376 0.000   0.094 0.000  0.282 0.000 9.999 0.259 0.017 0.000000
