scripts/IMPROVE-2019_partial/data/US9053R.20030103060000.20191216000000.filterpack..pm25.1y.1w.US03L_filterpack_US9053.US03L_IMPROVE_Davis.lev2.nas
66 1001
MISSING INFORMATION
US03L, IMPROVE, , , , , , , 
MISSING INFORMATION
IMPROVE sel_HTAP
1 1
2003 01 01 2019 12 16
3.00
days from file reference point
27
1 1 1 1 1 1 1 1 1 1 1 1 1 1 1 1 1 1 1 1 1 1 1 1 1 1 1
999.99 9999.99 9.999 999.99 9.999 9.999 9.999 99.99 9.999 99.999 9.999 99.999 9.999 99.999 9.999 999.99 9.999 999.999 9.999 999.999 9.999 999.999 9.999 9.999 9.999 99.999 9.999
end_time of measurement, days from the file reference point
iron, ng/m3, Revision date=20181210133000
numflag iron, no unit, Revision date=20181210133000
lead, ng/m3, Revision date=20181210133000
numflag lead, no unit, Revision date=20181210133000
magnesium, ug/m3, Revision date=20181210133000
numflag magnesium, no unit, Revision date=20181210133000
nickel, ng/m3, Revision date=20181210133000
numflag nickel, no unit, Revision date=20181210133000
nitrate, ug N/m3, Revision date=20181210133000
numflag nitrate, no unit, Revision date=20181210133000
organic_carbon, ug C/m3, Revision date=20181210133000
numflag organic_carbon, no unit, Revision date=20181210133000
organic_mass, ug/m3, Revision date=20181210133000
numflag organic_mass, no unit, Revision date=20181210133000
phosphorus, ng/m3, Revision date=20181210133000
numflag phosphorus, no unit, Revision date=20181210133000
pm10_mass, ug/m3, Version=2, Version description=Data extracted from http://views.cira.colostate.edu/fed/DataWizard 2019-12-16, Sample duration=1d, Orig. time res.=3d, Matrix=pm10, Blank correction=Blank corrected, Volume std. temperature=ambient, Volume std. pressure=ambient
numflag pm10_mass, no unit, Version=2, Version description=Data extracted from http://views.cira.colostate.edu/fed/DataWizard 2019-12-16, Sample duration=1d, Orig. time res.=3d, Matrix=pm10, Blank correction=Blank corrected, Volume std. temperature=ambient, Volume std. pressure=ambient
pm10_pm25_mass, ug/m3, Revision date=20181210133000, Matrix=pm10_pm25
numflag pm10_pm25_mass, no unit, Revision date=20181210133000, Matrix=pm10_pm25
pm25_mass, ug/m3, Version=2, Version description=Data extracted from http://views.cira.colostate.edu/fed/DataWizard 2019-12-16, Sample duration=1d, Orig. time res.=3d, Blank correction=Blank corrected, Volume std. temperature=ambient, Volume std. pressure=ambient
numflag pm25_mass, no unit, Version=2, Version description=Data extracted from http://views.cira.colostate.edu/fed/DataWizard 2019-12-16, Sample duration=1d, Orig. time res.=3d, Blank correction=Blank corrected, Volume std. temperature=ambient, Volume std. pressure=ambient
potassium, ug/m3, Revision date=20181210133000
numflag potassium, no unit, Revision date=20181210133000
sulphate_total, ug S/m3, Revision date=20181210133000
numflag sulphate_total, no unit, Revision date=20181210133000
0
25
Data definition:              EBAS_1.1
Set type code:                TU
Timezone:                     UTC
File name:                    US9053R.20030103060000.20191216000000.filterpack..pm25.1y.1w.US03L_filterpack_US9053.US03L_IMPROVE_Davis.lev2.nas
File creation:                20191218120906
Startdate:                    20030103060000
Revision date:                20191216000000
Statistics:                   arithmetic mean
Data level:                   2
Period code:                  1y
Resolution code:              1w
Station code:                 US9053R
Platform code:                US9053S
Station name:                 Viking Lake
Station latitude:             40.969
Station longitude:            -95.045
Station altitude:             371.0 m
Regime:                       IMG
Component:                    
Matrix:                       pm25
Laboratory code:              US03L
Instrument type:              filterpack
Instrument name:              filterpack_US9053
Method ref:                   US03L_IMPROVE_Davis
starttime endtime Fe flag_Fe Pb flag_Pb Mg++ flag_Mg++ Ni flag_Ni NO3- flag_NO3- OC flag_OC OM flag_OM P flag_P PM10 flag_PM10 PM10-PM2.5 flag_PM10-PM2.5 PM2.5 flag_PM2.5 K+ flag_K+ SO4-- flag_SO4--
[from data line 87]
263.25 264.25   33.15 0.000   3.39 0.000 0.041 0.000  0.04 0.000  0.259 0.000  1.591 0.000  2.227 0.000 999.99 0.259  12.641 0.000   3.743 0.000   8.899 0.000 0.037 0.000  0.881 0.000
266.25 267.25   54.23 0.000   0.84 0.000 0.054 0.000 99.99 0.259  0.122 0.000  0.943 0.000  1.320 0.000 999.99 0.259  22.580 0.000  17.072 0.000   5.508 0.000 0.035 0.000  0.395 0.000
269.25 270.25   32.96 0.000   7.01 0.000 0.025 0.000 99.99 0.259  0.026 0.000  0.561 0.000  0.785 0.000 999.99 0.259  17.091 0.000  14.187 0.000   2.904 0.000 0.031 0.000  0.176 0.000
272.25 273.25   36.44 0.000   0.77 0.000 0.034 0.000 99.99 0.259  0.029 0.000  0.564 0.000  0.790 0.000  22.68 0.000  20.254 0.000  17.290 0.000   2.964 0.000 0.022 0.000  0.187 0.000
275.25 276.25   66.11 0.000   1.36 0.000 0.059 0.000  0.09 0.000  0.216 0.000  1.222 0.000  1.711 0.000 999.99 0.259  32.851 0.000  26.086 0.000   6.765 0.000 0.066 0.000  0.496 0.000
278.25 279.25   46.12 0.000   1.18 0.000 9.999 0.259  0.08 0.000  0.057 0.000  1.005 0.000  1.407 0.000 999.99 0.259  25.168 0.000  20.277 0.000   4.891 0.000 0.045 0.000  0.288 0.000
281.25 282.25   61.67 0.000   1.57 0.000 0.030 0.000  0.12 0.000  0.181 0.000  1.553 0.000  2.174 0.000 999.99 0.259  26.744 0.000  15.669 0.000  11.075 0.000 0.052 0.000  1.197 0.000
284.25 285.25   36.98 0.000   3.72 0.000 9.999 0.259 99.99 0.259  0.072 0.000  0.817 0.000  1.144 0.000 999.99 0.259   8.722 0.000   5.843 0.000   2.879 0.000 0.023 0.000  0.142 0.000
287.25 288.25   44.40 0.000   1.21 0.000 0.035 0.000 99.99 0.259  0.152 0.000  0.983 0.000  1.376 0.000 999.99 0.259  15.088 0.000  10.587 0.000   4.500 0.000 0.058 0.000  0.234 0.000
290.25 291.25   59.19 0.000   1.06 0.000 9.999 0.259 99.99 0.259  0.083 0.000  0.917 0.000  1.284 0.000 999.99 0.259  27.944 0.000  22.834 0.000   5.111 0.000 0.055 0.000  0.294 0.000
293.25 294.25  125.29 0.000   2.93 0.000 9.999 0.259 99.99 0.259  0.063 0.000  1.258 0.000  1.761 0.000  47.50 0.000  45.719 0.000  38.885 0.000   6.834 0.000 0.117 0.000  0.204 0.000
296.25 297.25   72.85 0.000   1.12 0.000 9.999 0.259 99.99 0.259  0.149 0.000  1.440 0.000  2.016 0.000  37.25 0.000  40.468 0.000  33.733 0.000   6.735 0.000 0.097 0.000  0.256 0.000
299.25 300.25   18.75 0.000   1.04 0.000 0.033 0.000 99.99 0.259  0.186 0.000  0.589 0.000  0.825 0.000 999.99 0.259  14.762 0.000  10.523 0.000   4.239 0.000 0.023 0.000  0.348 0.000
302.25 303.25   39.88 0.000   2.30 0.000 9.999 0.259  0.10 0.000  0.930 0.000  0.963 0.000  1.348 0.000 999.99 0.259  30.037 0.000  17.027 0.000  13.009 0.000 0.038 0.000  0.882 0.000
305.25 306.25    5.86 0.000   2.70 0.000 9.999 0.259 99.99 0.259  0.736 0.000  0.802 0.000  1.123 0.000 999.99 0.259   9.204 0.000   1.421 0.000   7.783 0.000 0.020 0.000  0.320 0.000
308.25 309.25    6.53 0.000   1.37 0.000 9.999 0.259  0.07 0.000  0.337 0.000  0.662 0.000  0.927 0.000 999.99 0.259   6.987 0.000   1.556 0.000   5.431 0.000 0.022 0.000  0.377 0.000
311.25 312.25   14.73 0.000   1.54 0.000 9.999 0.259  0.12 0.000  0.422 0.000  1.264 0.000  1.769 0.000 999.99 0.259  16.599 0.000  11.038 0.000   5.561 0.000 0.030 0.000  0.211 0.000
314.25 315.25   12.10 0.000   2.34 0.000 0.042 0.000  0.10 0.000  0.637 0.000  0.563 0.000  0.788 0.000 999.99 0.259  11.779 0.000   2.893 0.000   8.887 0.000 0.022 0.000  0.630 0.000
317.25 318.25   27.64 0.000   1.30 0.000 9.999 0.259  0.10 0.000  0.377 0.000  0.954 0.000  1.336 0.000 999.99 0.259  13.973 0.000   8.794 0.000   5.178 0.000 0.029 0.000  0.237 0.000
320.25 321.25   20.87 0.000   1.71 0.000 9.999 0.259 99.99 0.259  0.664 0.000  1.083 0.000  1.516 0.000 999.99 0.259  12.114 0.000   1.671 0.000  10.443 0.000 0.028 0.000  0.784 0.000
323.25 324.25   26.89 0.000   1.36 0.000 9.999 0.259 99.99 0.259  0.113 0.000  0.671 0.000  0.939 0.000  13.24 0.000  14.922 0.000  11.555 0.000   3.367 0.000 0.031 0.000  0.112 0.000
326.25 327.25    6.52 0.000   0.91 0.000 9.999 0.259 99.99 0.259  0.233 0.000  0.358 0.000  0.501 0.000 999.99 0.259   6.103 0.000   2.421 0.000   3.682 0.000 0.011 0.000  0.332 0.000
329.25 330.25   40.75 0.000   2.49 0.000 0.022 0.000 99.99 0.259  0.712 0.000  2.188 0.000  3.063 0.000 999.99 0.259  21.212 0.000  11.097 0.000  10.115 0.000 0.061 0.000  0.287 0.000
332.25 333.25   29.63 0.000   1.78 0.000 0.037 0.000  0.08 0.000  0.191 0.000  0.718 0.000  1.006 0.000 999.99 0.259  19.781 0.000  16.503 0.000   3.279 0.000 0.031 0.000  0.135 0.000
335.25 336.25   67.35 0.000   2.97 0.000 0.095 0.000 99.99 0.259  0.263 0.000  0.851 0.000  1.191 0.000  13.57 0.000  16.614 0.000  12.759 0.000   3.855 0.000 0.039 0.000  0.090 0.000
338.25 339.25    9.84 0.000   1.38 0.000 0.112 0.000 99.99 0.259  0.908 0.000  0.641 0.000  0.898 0.000 999.99 0.259  13.510 0.000   1.877 0.000  11.633 0.000 0.020 0.000  1.184 0.000
341.25 342.25   57.12 0.000   4.00 0.000 0.179 0.000  0.08 0.000  1.226 0.000  1.680 0.000  2.352 0.000 999.99 0.259  18.266 0.000   3.189 0.000  15.077 0.000 0.052 0.000  0.843 0.000
344.25 345.25    9.24 0.000   2.55 0.000 9.999 0.259 99.99 0.259  0.506 0.000  0.672 0.000  0.942 0.000 999.99 0.259   9.245 0.000   2.628 0.000   6.617 0.000 0.029 0.000  0.319 0.000
347.25 348.25   18.66 0.000   2.64 0.000 9.999 0.259  0.16 0.000  1.071 0.000  1.402 0.000  1.963 0.000 999.99 0.259  16.514 0.000   0.119 0.000  16.395 0.000 0.034 0.000  1.587 0.000
350.25 351.25   21.17 0.000   2.76 0.000 0.082 0.000 99.99 0.259  0.512 0.000  0.945 0.000  1.323 0.000 999.99 0.259  10.967 0.000   5.200 0.000   5.767 0.000 0.031 0.000  0.135 0.000
353.25 354.25   31.20 0.000   1.28 0.000 9.999 0.259 99.99 0.259  0.851 0.000  1.047 0.000  1.466 0.000 999.99 0.259  11.844 0.000   4.024 0.000   7.820 0.000 0.031 0.000  0.205 0.000
356.25 357.25    5.67 0.000   0.89 0.000 0.071 0.000 99.99 0.259  0.329 0.000  0.452 0.000  0.633 0.000 999.99 0.259   6.187 0.000   1.948 0.000   4.239 0.000 0.014 0.000  0.291 0.000
359.25 360.25   28.67 0.000   1.84 0.000 0.074 0.000  0.08 0.000  0.487 0.000  1.511 0.000  2.115 0.000 999.99 0.259  12.560 0.000   3.902 0.000   8.658 0.000 0.045 0.000  0.582 0.000
362.25 363.25   18.74 0.000   0.39 0.000 9.999 0.259  0.14 0.000  0.212 0.000  0.813 0.000  1.138 0.000 999.99 0.259   6.729 0.000   2.069 0.000   4.660 0.000 0.016 0.000  0.487 0.000
