scripts/IMPROVE-2019_partial/data/US9023R.20020102050000.20191216000000.filterpack..pm25.52w.1w.US03L_filterpack_US9023.US03L_IMPROVE_Davis.lev2.nas
66 1001
MISSING INFORMATION
US03L, IMPROVE, , , , , , , 
MISSING INFORMATION
IMPROVE sel_HTAP
1 1
2002 01 01 2019 12 16
3.000000
days from file reference point
27
1 1 1 1 1 1 1 1 1 1 1 1 1 1 1 1 1 1 1 1 1 1 1 1 1 1 1
999.999999 9999.99 9.999 99.99 9.999 9.999 9.999999 99.99 9.999999 99.999 9.999 999.999 9.999 999.999 9.999 99.99 9.999999 999.999 9.999 99.999 9.999 999.999 9.999 9.999 9.999 99.999 9.999
end_time of measurement, days from the file reference point
iron, ng/m3, Revision date=20181210133000
numflag iron, no unit, Revision date=20181210133000
lead, ng/m3, Revision date=20181210133000
numflag lead, no unit, Revision date=20181210133000
magnesium, ug/m3, Revision date=20181210133000
numflag magnesium, no unit, Revision date=20181210133000
nickel, ng/m3, Revision date=20181210133000
numflag nickel, no unit, Revision date=20181210133000
nitrate, ug N/m3, Revision date=20181210133000
numflag nitrate, no unit, Revision date=20181210133000
organic_carbon, ug C/m3, Revision date=20181210133000
numflag organic_carbon, no unit, Revision date=20181210133000
organic_mass, ug/m3, Revision date=20181210133000
numflag organic_mass, no unit, Revision date=20181210133000
phosphorus, ng/m3, Revision date=20181210133000
numflag phosphorus, no unit, Revision date=20181210133000
pm10_mass, ug/m3, Version=2, Version description=Data extracted from http://views.cira.colostate.edu/fed/DataWizard 2019-12-16, Sample duration=1d, Orig. time res.=3d, Matrix=pm10, Blank correction=Blank corrected, Volume std. temperature=ambient, Volume std. pressure=ambient
numflag pm10_mass, no unit, Version=2, Version description=Data extracted from http://views.cira.colostate.edu/fed/DataWizard 2019-12-16, Sample duration=1d, Orig. time res.=3d, Matrix=pm10, Blank correction=Blank corrected, Volume std. temperature=ambient, Volume std. pressure=ambient
pm10_pm25_mass, ug/m3, Revision date=20181210133000, Matrix=pm10_pm25
numflag pm10_pm25_mass, no unit, Revision date=20181210133000, Matrix=pm10_pm25
pm25_mass, ug/m3, Version=2, Version description=Data extracted from http://views.cira.colostate.edu/fed/DataWizard 2019-12-16, Sample duration=1d, Orig. time res.=3d, Blank correction=Blank corrected, Volume std. temperature=ambient, Volume std. pressure=ambient
numflag pm25_mass, no unit, Version=2, Version description=Data extracted from http://views.cira.colostate.edu/fed/DataWizard 2019-12-16, Sample duration=1d, Orig. time res.=3d, Blank correction=Blank corrected, Volume std. temperature=ambient, Volume std. pressure=ambient
potassium, ug/m3, Revision date=20181210133000
numflag potassium, no unit, Revision date=20181210133000
sulphate_total, ug S/m3, Revision date=20181210133000
numflag sulphate_total, no unit, Revision date=20181210133000
0
25
Data definition:              EBAS_1.1
Set type code:                TU
Timezone:                     UTC
File name:                    US9023R.20020102050000.20191216000000.filterpack..pm25.52w.1w.US03L_filterpack_US9023.US03L_IMPROVE_Davis.lev2.nas
File creation:                20191218120637
Startdate:                    20020102050000
Revision date:                20191216000000
Statistics:                   arithmetic mean
Data level:                   2
Period code:                  52w
Resolution code:              1w
Station code:                 US9023R
Platform code:                US9023S
Station name:                 Proctor Maple R. F.
Station latitude:             44.5284
Station longitude:            -72.8688
Station altitude:             401.0 m
Regime:                       IMG
Component:                    
Matrix:                       pm25
Laboratory code:              US03L
Instrument type:              filterpack
Instrument name:              filterpack_US9023
Method ref:                   US03L_IMPROVE_Davis
starttime endtime Fe flag_Fe Pb flag_Pb Mg++ flag_Mg++ Ni flag_Ni NO3- flag_NO3- OC flag_OC OM flag_OM P flag_P PM10 flag_PM10 PM10-PM2.5 flag_PM10-PM2.5 PM2.5 flag_PM2.5 K+ flag_K+ SO4-- flag_SO4--
  1.208333   2.208333    4.14 0.559  1.03 0.559 9.999 0.559259 99.99 0.559259  0.070 0.000   0.491 0.000   0.687 0.000 99.99 0.559259   3.974 0.000  1.436 0.000   2.538 0.559 0.015 0.559  0.340 0.000
  4.208333   5.208333   18.62 0.000  2.67 0.000 9.999 0.259000  0.34 0.000000  0.837 0.000   1.449 0.000   2.029 0.000 99.99 0.259000  13.470 0.000  3.126 0.000  10.345 0.000 0.035 0.000  0.853 0.000
  7.208333   8.208333   17.90 0.000  1.87 0.000 9.999 0.259000  0.48 0.000000  0.180 0.000   0.831 0.000   1.164 0.000 99.99 0.259000   4.924 0.000  1.265 0.000   3.659 0.000 0.025 0.000  0.344 0.000
 10.208333  11.208333    9.61 0.000  1.70 0.000 9.999 0.259000  0.43 0.000000  0.206 0.000   0.732 0.000   1.024 0.000 99.99 0.259000   3.932 0.000  0.533 0.000   3.400 0.000 0.026 0.000  0.366 0.000
 13.208333  14.208333    4.56 0.000  1.36 0.000 9.999 0.259000 99.99 0.259000  0.064 0.000   0.513 0.000   0.719 0.000 99.99 0.259000   2.609 0.000  0.687 0.000   1.923 0.000 0.020 0.000  0.172 0.000
 16.208333  17.208333    7.57 0.559  1.67 0.559 9.999 0.559259  0.31 0.559000  0.123 0.000   0.722 0.000   1.011 0.000 99.99 0.559259   4.685 0.000  0.246 0.000   4.440 0.559 0.017 0.559  0.672 0.000
 19.208333  20.208333   16.85 0.000  3.05 0.000 9.999 0.259000  0.39 0.000000  0.389 0.559   1.390 0.000   1.946 0.000 99.99 0.259000   8.796 0.000  0.930 0.000   7.867 0.000 0.036 0.000  0.919 0.559
 22.208333  23.208333   22.02 0.559  2.30 0.559 0.052 0.559000  0.32 0.559000  0.279 0.000   1.222 0.000   1.711 0.000 99.99 0.559259   7.651 0.000  2.521 0.000   5.130 0.559 0.038 0.559  0.543 0.000
 25.208333  26.208333   21.93 0.559  2.47 0.559 9.999 0.559259  0.21 0.559000  0.490 0.000   0.951 0.000   1.331 0.000 99.99 0.559259   8.566 0.000  3.146 0.000   5.420 0.559 0.033 0.559  0.433 0.000
 28.208333  29.208333   46.00 0.000  4.83 0.000 9.999 0.259000  0.87 0.000000  1.302 0.000   2.340 0.000   3.276 0.000 99.99 0.259000  23.363 0.000  6.002 0.000  17.361 0.000 0.088 0.000  1.108 0.000
 31.208333  32.208333    1.70 0.559  0.50 0.559 9.999 0.559259  0.19 0.559000  0.014 0.000   0.294 0.000   0.412 0.000 99.99 0.559259   2.217 0.000  0.942 0.000   1.276 0.559 0.010 0.559  0.216 0.000
 34.208333  35.208333   27.44 0.000  2.80 0.000 9.999 0.259000  0.39 0.000000  0.313 0.000   1.437 0.000   2.012 0.000 99.99 0.259000   8.375 0.000  1.000 0.000   7.375 0.000 0.046 0.000  0.822 0.000
 37.208333  38.208333   36.67 0.559  3.82 0.559 9.999 0.559259  0.34 0.559000  0.922 0.000   1.402 0.000   1.963 0.000 99.99 0.559259  14.600 0.000  2.569 0.000  12.031 0.559 0.044 0.559  0.972 0.000
 40.208333  41.208333    6.53 0.559  1.28 0.559 9.999 0.559259  0.52 0.559000  0.081 0.559   0.722 0.000   1.011 0.000 99.99 0.559259   6.071 0.000  2.235 0.000   3.836 0.559 0.018 0.559  0.552 0.559
 43.208333  44.208333    4.71 0.559  1.68 0.559 9.999 0.559259 99.99 0.559259  0.074 0.000   0.467 0.000   0.653 0.000 99.99 0.559259   4.117 0.000  1.868 0.000   2.248 0.559 0.019 0.559  0.194 0.000
 46.208333  47.208333   22.68 0.559  1.73 0.559 9.999 0.559259  0.63 0.559000  0.516 0.000   1.900 0.000   2.660 0.000 99.99 0.559259  10.604 0.000  2.322 0.000   8.282 0.559 0.039 0.559  0.723 0.000
 49.208333  50.208333   11.40 0.559  1.55 0.559 9.999 0.559259 99.99 0.559259  0.116 0.000   0.958 0.000   1.341 0.000 99.99 0.559259   4.309 0.000  1.264 0.000   3.045 0.559 0.025 0.559  0.257 0.000
 52.208333  53.208333    5.90 0.559  0.60 0.559 9.999 0.559259  0.26 0.559000  0.146 0.000   0.518 0.000   0.725 0.000 99.99 0.559259   3.138 0.000  0.365 0.000   2.772 0.559 0.021 0.559  0.331 0.000
 55.208333  56.208333   18.79 0.000  3.17 0.000 0.048 0.000000  0.86 0.000000  0.244 0.559   1.156 0.000   1.618 0.000 99.99 0.259000   7.485 0.000  2.508 0.000   4.977 0.000 0.032 0.000  0.515 0.559
 58.208333  59.208333    4.89 0.559  1.26 0.559 9.999 0.559259 99.99 0.559259  0.034 0.000   0.334 0.000   0.468 0.000 99.99 0.559259   3.115 0.000  1.143 0.000   1.972 0.559 0.014 0.559  0.285 0.000
 61.208333  62.208333    4.88 0.000  0.79 0.000 0.051 0.000000  0.36 0.000000  0.015 0.000   0.433 0.000   0.606 0.000 99.99 0.259000   3.743 0.000  0.544 0.000   3.199 0.000 0.019 0.000  0.551 0.000
 64.208333  65.208333   29.30 0.000  2.58 0.000 9.999 0.259000  0.51 0.000000  0.520 0.000   1.313 0.000   1.839 0.000 99.99 0.259000  12.163 0.000  1.617 0.000  10.546 0.000 0.052 0.000  1.295 0.000
 67.208333  68.208333   20.50 0.559  2.08 0.559 9.999 0.559259  0.96 0.559000  0.149 0.000   2.034 0.000   2.847 0.000 99.99 0.559259  11.822 0.000  2.231 0.000   9.591 0.559 0.220 0.559  1.253 0.000
 70.208333  71.208333   29.73 0.559  2.39 0.559 9.999 0.559259  0.40 0.559000  0.182 0.000   0.929 0.000   1.300 0.000 99.99 0.559259   9.496 0.000  2.325 0.000   7.171 0.559 0.048 0.559  1.107 0.000
 73.208333  74.208333 9999.99 0.999 99.99 0.999 9.999 0.999000 99.99 0.999000 99.999 0.999 999.999 0.999 999.999 0.999 99.99 0.999000 999.999 0.999 99.999 0.999 999.999 0.999 9.999 0.999 99.999 0.999
 76.208333  77.208333 9999.99 0.999 99.99 0.999 9.999 0.999000 99.99 0.999000 99.999 0.999 999.999 0.999 999.999 0.999 99.99 0.999000 999.999 0.999 99.999 0.999 999.999 0.999 9.999 0.999 99.999 0.999
 79.208333  80.208333 9999.99 0.999 99.99 0.999 9.999 0.999000 99.99 0.999000 99.999 0.999 999.999 0.999 999.999 0.999 99.99 0.999000 999.999 0.999 99.999 0.999 999.999 0.999 9.999 0.999 99.999 0.999
 82.208333  83.208333 9999.99 0.999 99.99 0.999 9.999 0.999000 99.99 0.999000 99.999 0.999 999.999 0.999 999.999 0.999 99.99 0.999000 999.999 0.999 99.999 0.999 999.999 0.999 9.999 0.999 99.999 0.999
 85.208333  86.208333    5.99 0.559  0.80 0.559 9.999 0.559259  0.25 0.559000  0.036 0.000   0.495 0.000   0.693 0.000 99.99 0.559259   3.618 0.000  0.469 0.000   3.149 0.559 0.019 0.559  0.445 0.000
 88.208333  89.208333   28.20 0.559  1.52 0.559 9.999 0.559259  0.49 0.559000  0.106 0.000   0.674 0.000   0.943 0.000 99.99 0.559259   7.523 0.000  1.779 0.000   5.744 0.559 0.043 0.559  0.904 0.000
 91.208333  92.208333   14.38 0.000  1.10 0.000 9.999 0.259000  0.29 0.000000  0.038 0.000   0.477 0.000   0.668 0.000 99.99 0.259000   5.614 0.000  0.936 0.000   4.678 0.000 0.023 0.000  0.778 0.000
 94.208333  95.208333    9.96 0.559  1.74 0.559 9.999 0.559259  0.20 0.559000  0.082 0.000   0.674 0.000   0.944 0.000 99.99 0.559259   4.895 0.000  1.208 0.000   3.687 0.559 0.023 0.559  0.456 0.000
 97.208333  98.208333   70.59 0.000  3.32 0.000 9.999 0.259000  0.52 0.000000  0.256 0.000   1.246 0.000   1.745 0.000 99.99 0.259000  12.558 0.000  4.351 0.000   8.207 0.000 0.061 0.000  1.063 0.000
100.208333 101.208333   27.68 0.559  2.45 0.559 9.999 0.559259  0.45 0.559000  0.028 0.000   0.721 0.000   1.009 0.000 99.99 0.559259   7.111 0.000  2.063 0.000   5.048 0.559 0.074 0.559  0.744 0.000
103.208333 104.208333   25.38 0.559  1.50 0.559 9.999 0.559259  0.32 0.559000  0.087 0.000   0.642 0.000   0.898 0.000 99.99 0.559259   4.216 0.000  1.013 0.000   3.203 0.559 0.031 0.559  0.413 0.000
106.208333 107.208333   45.69 0.559  2.10 0.559 9.999 0.559259  0.37 0.559000  0.065 0.000   1.865 0.000   2.611 0.000 99.99 0.559259  18.219 0.000  5.042 0.000  13.177 0.559 0.048 0.559  2.074 0.000
109.208333 110.208333   22.16 0.559  1.48 0.559 9.999 0.559259  0.27 0.559000  0.048 0.000   0.464 0.000   0.649 0.000 99.99 0.559259   5.911 0.000  3.671 0.000   2.240 0.559 0.022 0.559  0.274 0.000
112.208333 113.208333   17.63 0.559  1.31 0.559 9.999 0.559259  0.31 0.559000  0.209 0.559   0.794 0.000   1.111 0.000 99.99 0.559259   4.865 0.000  1.095 0.000   3.770 0.559 0.026 0.559  0.442 0.559
115.208333 116.208333 9999.99 0.999 99.99 0.999 9.999 0.999000 99.99 0.999000 99.999 0.999 999.999 0.999 999.999 0.999 99.99 0.999000 999.999 0.999 99.999 0.999 999.999 0.999 9.999 0.999 99.999 0.999
118.208333 119.208333 9999.99 0.999 99.99 0.999 9.999 0.999000 99.99 0.999000 99.999 0.999 999.999 0.999 999.999 0.999 99.99 0.999000 999.999 0.999 99.999 0.999 999.999 0.999 9.999 0.999 99.999 0.999
121.208333 122.208333    5.89 0.000  0.66 0.000 9.999 0.259000  0.36 0.000000  0.018 0.000   0.453 0.000   0.634 0.000 99.99 0.259000   4.117 0.000  0.071 0.000   4.046 0.000 0.010 0.000  0.633 0.000
124.208333 125.208333   30.27 0.559  3.17 0.559 9.999 0.559259  0.31 0.559000  0.030 0.000   1.065 0.000   1.491 0.000 99.99 0.559259   7.766 0.000  2.790 0.000   4.976 0.559 0.034 0.559  0.598 0.000
127.208333 128.208333   25.76 0.559  1.15 0.559 9.999 0.559259 99.99 0.559259  0.056 0.559   0.424 0.000   0.593 0.000 99.99 0.559259   5.043 0.000  2.394 0.000   2.649 0.559 0.029 0.559  0.290 0.559
130.208333 131.208333   17.33 0.559  0.99 0.559 9.999 0.559259 99.99 0.559259  0.032 0.000   0.447 0.000   0.626 0.000 99.99 0.559259   4.919 0.000  2.322 0.000   2.597 0.559 0.021 0.559  0.292 0.000
133.208333 134.208333    1.10 0.000  0.25 0.000 9.999 0.259000  0.21 0.000000  0.009 0.000   0.288 0.000   0.403 0.000 99.99 0.259000   0.707 0.000  0.190 0.000   0.516 0.000 9.999 0.259  0.039 0.000
136.208333 137.208333   11.27 0.559  0.81 0.559 9.999 0.559259  0.14 0.559000  0.021 0.000   0.542 0.000   0.759 0.000 99.99 0.559259   4.051 0.000  1.369 0.000   2.682 0.559 0.016 0.559  0.311 0.000
139.208333 140.208333    2.81 0.559  0.96 0.559 9.999 0.559259 99.99 0.559259  0.013 0.000   0.317 0.000   0.443 0.000 99.99 0.559259   2.038 0.000  0.734 0.000   1.304 0.559 0.008 0.559  0.147 0.000
142.208333 143.208333   36.33 0.000  2.06 0.000 9.999 0.259000  0.41 0.000000  0.035 0.559   1.108 0.000   1.551 0.000 99.99 0.259000  12.738 0.000  5.220 0.000   7.518 0.000 0.027 0.000  1.133 0.559
145.208333 146.208333   19.20 0.559  1.48 0.559 9.999 0.559259  0.54 0.559000  0.050 0.559   1.436 0.000   2.010 0.000 99.99 0.559259  10.747 0.000  3.632 0.000   7.116 0.559 0.029 0.559  0.925 0.559
148.208333 149.208333   33.36 0.559  1.40 0.559 9.999 0.559259  1.00 0.559000  0.039 0.559   1.557 0.000   2.179 0.000 99.99 0.559259  19.806 0.000  4.494 0.000  15.312 0.559 0.044 0.559  2.754 0.559
151.208333 152.208333   15.69 0.000  1.04 0.000 9.999 0.259000  0.21 0.000000  0.040 0.559   3.861 0.000   5.406 0.000 99.99 0.259000  16.149 0.000  7.187 0.000   8.962 0.000 0.059 0.000  0.344 0.559
154.208333 155.208333   18.12 0.559  1.15 0.559 0.065 0.559000  0.27 0.559000  0.030 0.559   0.748 0.000   1.048 0.000 99.99 0.559259   7.068 0.000  3.441 0.000   3.627 0.559 0.019 0.559  0.297 0.559
157.208333 158.208333   11.31 0.559  1.07 0.559 9.999 0.559259 99.99 0.559259  0.022 0.000   0.804 0.000   1.125 0.000 99.99 0.559259   6.986 0.000  3.852 0.000   3.134 0.559 0.022 0.559  0.176 0.000
160.208333 161.208333   13.16 0.559  1.00 0.559 9.999 0.559259 99.99 0.559259  0.025 0.000   0.629 0.000   0.880 0.000 99.99 0.559259   5.917 0.000  3.320 0.000   2.597 0.559 0.011 0.559  0.144 0.000
163.208333 164.208333   12.15 0.559  0.90 0.559 9.999 0.559259 99.99 0.559259  0.043 0.000   0.852 0.000   1.193 0.000 99.99 0.559259   5.835 0.000  2.717 0.000   3.118 0.559 0.015 0.559  0.224 0.000
166.208333 167.208333    2.02 0.559  0.51 0.559 9.999 0.559259 99.99 0.559259  0.011 0.559   0.681 0.000   0.954 0.000 99.99 0.559259   3.018 0.000  1.139 0.000   1.878 0.559 0.007 0.559  0.225 0.559
169.208333 170.208333    5.00 0.559  0.76 0.559 9.999 0.559259 99.99 0.559259  0.014 0.559   0.761 0.000   1.066 0.000 99.99 0.559259   5.424 0.000  3.279 0.000   2.145 0.559 0.010 0.559  0.142 0.559
172.208333 173.208333   24.43 0.000  2.96 0.000 0.107 0.000000  0.26 0.000000  0.046 0.559   2.451 0.000   3.432 0.000 99.99 0.259000  26.248 0.000  1.972 0.000  24.276 0.000 0.033 0.000  3.975 0.559
175.208333 176.208333   11.60 0.000  1.07 0.000 9.999 0.259000 99.99 0.259000  0.021 0.559   1.530 0.000   2.142 0.000 99.99 0.259000   7.273 0.000  2.937 0.000   4.337 0.000 0.025 0.000  0.252 0.559
178.208333 179.208333   10.84 0.000  1.26 0.000 9.999 0.259000  0.15 0.000000  0.057 0.559   1.831 0.000   2.564 0.000 99.99 0.259000   8.958 0.000  3.127 0.000   5.831 0.000 0.021 0.000  0.474 0.559
181.208333 182.208333   38.92 0.000  3.41 0.000 9.999 0.259000  0.38 0.000000  0.039 0.559   6.986 0.000   9.781 0.000 99.99 0.259000  36.941 0.000  3.955 0.000  32.986 0.000 0.091 0.000  4.074 0.559
184.208333 185.208333  216.62 0.000  1.29 0.000 0.048 0.000000 99.99 0.259000  0.046 0.559   1.969 0.000   2.757 0.000 99.99 0.259000  20.139 0.000  8.970 0.000  11.169 0.000 0.111 0.000  0.818 0.559
187.208333 188.208333 9999.99 0.699 99.99 0.699 9.999 0.699000 99.99 0.699000  0.107 0.000  30.109 0.000  42.152 0.000 99.99 0.699000  62.010 0.000 99.999 0.999 999.999 0.699 9.999 0.699  0.327 0.000
190.208333 191.208333   11.29 0.000  0.85 0.000 9.999 0.259000 99.99 0.259000  0.022 0.000   0.875 0.000   1.226 0.000 99.99 0.259000   5.746 0.000  3.402 0.000   2.344 0.000 0.015 0.000  0.099 0.000
193.208333 194.208333   21.72 0.000  1.54 0.000 0.047 0.000000 99.99 0.259000  0.031 0.000   2.828 0.000   3.959 0.000 99.99 0.259000  12.649 0.000  3.774 0.000   8.875 0.000 0.030 0.000  0.688 0.000
196.208333 197.208333    9.89 0.000  0.74 0.000 9.999 0.259000 99.99 0.259000  0.054 0.000   0.813 0.000   1.138 0.000 99.99 0.259000   5.787 0.000  2.607 0.000   3.180 0.000 0.020 0.000  0.255 0.000
199.208333 200.208333    9.43 0.000  1.01 0.000 9.999 0.259000 99.99 0.259000  0.038 0.000   3.290 0.000   4.605 0.000 99.99 0.259000  11.946 0.000  3.497 0.000   8.449 0.000 0.042 0.000  0.349 0.000
202.208333 203.208333   30.86 0.000  2.46 0.000 9.999 0.259000  1.00 0.000000  0.035 0.000   4.376 0.000   6.127 0.000 99.99 0.259000  33.079 0.000  5.120 0.000  27.958 0.000 0.044 0.000  4.502 0.000
205.208333 206.208333    6.71 0.000  0.39 0.000 9.999 0.259000 99.99 0.259000  0.016 0.000   1.202 0.000   1.683 0.000 99.99 0.259000   5.415 0.000  2.287 0.000   3.128 0.000 0.010 0.000  0.148 0.000
208.208333 209.208333   17.44 0.000  3.13 0.000 0.121 0.000000  0.48 0.000000  0.031 0.000   2.146 0.000   3.004 0.000 99.99 0.259000  22.280 0.000  2.097 0.000  20.183 0.000 0.026 0.000  3.707 0.000
211.208333 212.208333   16.86 0.000  0.58 0.000 9.999 0.259000 99.99 0.259000  0.018 0.000   2.491 0.000   3.487 0.000 99.99 0.259000  11.601 0.000  4.165 0.000   7.436 0.000 0.023 0.000  0.421 0.000
214.208333 215.208333   12.46 0.000  1.29 0.000 9.999 0.259000  0.16 0.000000  0.028 0.559   1.979 0.000   2.771 0.000 99.99 0.259000  10.539 0.000  2.644 0.000   7.895 0.000 0.030 0.000  0.815 0.559
217.208333 218.208333    9.54 0.000  0.58 0.000 9.999 0.259000 99.99 0.259000  0.015 0.000   0.358 0.000   0.501 0.000  5.41 0.000000   3.514 0.000  2.298 0.000   1.215 0.000 0.010 0.000  0.046 0.000
220.208333 221.208333   16.28 0.000  0.80 0.000 9.999 0.259000 99.99 0.259000  0.017 0.559   1.199 0.000   1.679 0.000 99.99 0.259000   6.246 0.000  3.410 0.000   2.836 0.000 0.019 0.000  0.059 0.559
223.208333 224.208333   49.70 0.000  3.89 0.000 9.999 0.259000  0.48 0.000000  0.035 0.000   2.152 0.000   3.013 0.000 99.99 0.259000  39.859 0.000  4.632 0.000  35.227 0.000 0.046 0.000  6.939 0.000
226.208333 227.208333   50.09 0.000  1.75 0.000 0.065 0.000000  2.25 0.000000  0.053 0.559   5.731 0.000   8.024 0.000 99.99 0.259000  40.393 0.000  5.050 0.000  35.343 0.000 0.071 0.000  4.907 0.559
229.208333 230.208333   20.55 0.000  1.37 0.000 9.999 0.259000  0.39 0.000000  0.028 0.559   2.074 0.000   2.904 0.000 99.99 0.259000  18.779 0.000  3.664 0.000  15.114 0.000 0.029 0.000  2.481 0.559
232.208333 233.208333    9.10 0.000  0.91 0.000 9.999 0.259000  0.16 0.000000  0.014 0.559   1.201 0.000   1.682 0.000 99.99 0.259000   6.328 0.000  2.972 0.000   3.357 0.000 0.014 0.000  0.094 0.559
235.208333 236.208333    6.35 0.000  0.88 0.000 9.999 0.259000 99.99 0.259000  0.030 0.000   1.248 0.000   1.747 0.000 99.99 0.259000   6.283 0.000  2.327 0.000   3.956 0.000 0.018 0.000  0.249 0.000
238.208333 239.208333   10.99 0.000  0.92 0.000 9.999 0.259000 99.99 0.259000  0.018 0.559   0.715 0.000   1.001 0.000 99.99 0.259000   5.870 0.000  3.381 0.000   2.488 0.000 0.016 0.000  0.089 0.559
