scripts/IMPROVE-2019_partial/data/US9051U.19950104050000.20191216000000.filterpack...1y.3d.US03L_filterpack_US9051.US03L_IMPROVE_Davis.lev2.nas
51 1001
MISSING INFORMATION
US03L, IMPROVE, , , , , , , 
MISSING INFORMATION
IMPROVE sel_HTAP
1 1
1995 01 01 2019 12 16
0
days from file reference point
4
1 1 1 1
999.999999 999.999 999.999 9.999
end_time of measurement, days from the file reference point
pm10_mass, ug/m3, Matrix=pm10
pm25_mass, ug/m3, Matrix=pm25
numflag, no unit
0
33
Data definition:              EBAS_1.1
Set type code:                TI
Timezone:                     UTC
File name:                    US9051U.19950104050000.20191216000000.filterpack...1y.3d.US03L_filterpack_US9051.US03L_IMPROVE_Davis.lev2.nas
File creation:                20191218120854
Startdate:                    19950104050000
Revision date:                20191216000000
Version:                      2
Version description:          "Data extracted from http://views.cira.colostate.edu/fed/DataWizard 2019-12-16"
Statistics:                   arithmetic mean
Data level:                   2
Period code:                  1y
Resolution code:              3d
Sample duration:              1d
Orig. time res.:              3d
Station code:                 US9051U
Platform code:                US9051S
Station name:                 Washington D.C.
Station latitude:             38.8762
Station longitude:            -77.0344
Station altitude:             15.0 m
Regime:                       IMG
Component:                    
Unit:                         ug/m3
Matrix:                       
Laboratory code:              US03L
Instrument type:              filterpack
Instrument name:              filterpack_US9051
Method ref:                   US03L_IMPROVE_Davis
Blank correction:             Blank corrected
Volume std. temperature:      ambient
Volume std. pressure:         ambient
starttime endtime PM10 PM2.5 flag
  3.208333   4.208333  12.460  10.160 0.000
  6.208333   7.208333  14.839  14.791 0.000
 10.208333  11.208333  37.205  29.399 0.000
 13.208333  14.208333  14.409   6.489 0.000
 17.208333  18.208333  20.000  17.595 0.000
 20.208333  21.208333   5.754   5.127 0.000
 24.208333  25.208333  13.292   9.968 0.000
 27.208333  28.208333  25.146  20.000 0.000
 31.208333  32.208333  27.018  18.113 0.000
 34.208333  35.208333  16.756  13.113 0.000
 38.208333  39.208333  23.087  17.086 0.000
 41.208333  42.208333  25.973  20.831 0.000
 45.208333  46.208333  18.230  16.410 0.000
 48.208333  49.208333  47.197  38.553 0.000
 52.208333  53.208333  16.083  10.865 0.000
 55.208333  56.208333  29.125   7.806 0.000
 59.208333  60.208333 999.999  20.992 0.000
 62.208333  63.208333  31.498  25.803 0.000
 66.208333  67.208333  11.817   6.576 0.000
 69.208333  70.208333  19.951  17.919 0.000
 73.208333  74.208333 999.999 999.999 0.999
 76.208333  77.208333  13.126  10.109 0.000
 80.208333  81.208333  11.625   8.588 0.000
 83.208333  84.208333  10.456   4.938 0.000
 87.208333  88.208333  28.015  21.991 0.000
 90.208333  91.208333  15.941  11.605 0.000
 94.208333  95.208333  14.781   8.906 0.000
 97.208333  98.208333  32.789  24.994 0.000
101.208333 102.208333  25.593  12.612 0.000
104.208333 105.208333  10.963   7.875 0.000
108.208333 109.208333  29.454  17.884 0.000
111.208333 112.208333  24.894  13.188 0.000
115.208333 116.208333  13.021   9.197 0.000
118.208333 119.208333  19.452  14.428 0.000
122.208333 123.208333  13.813  11.142 0.000
125.208333 126.208333  19.560  13.951 0.000
129.208333 130.208333  23.874  20.468 0.000
132.208333 133.208333  19.252  15.265 0.000
136.208333 137.208333  26.828  22.096 0.000
139.208333 140.208333  17.763  12.175 0.000
143.208333 144.208333  28.973  21.440 0.000
146.208333 147.208333  17.697  15.011 0.000
150.208333 151.208333  23.244  14.987 0.000
153.208333 154.208333  16.616   8.584 0.000
157.208333 158.208333  39.783  33.169 0.000
160.208333 161.208333  22.828  18.001 0.000
164.208333 165.208333  17.397  11.909 0.000
167.208333 168.208333  16.710  12.234 0.000
171.208333 172.208333  25.694  19.999 0.000
174.208333 175.208333  10.636   8.643 0.000
178.208333 179.208333  18.629   9.586 0.000
181.208333 182.208333  19.180  15.729 0.000
185.208333 186.208333  28.754  24.335 0.000
188.208333 189.208333  27.485  24.440 0.000
192.208333 193.208333  45.244  39.096 0.000
195.208333 196.208333  65.702  54.632 0.000
199.208333 200.208333  25.540  20.013 0.000
202.208333 203.208333  35.939  34.927 0.000
206.208333 207.208333 999.999 999.999 0.999
209.208333 210.208333  22.482  16.311 0.000
213.208333 214.208333  45.102  40.404 0.000
216.208333 217.208333  18.243  12.145 0.000
220.208333 221.208333  18.998   7.783 0.000
223.208333 224.208333  25.946  20.894 0.000
227.208333 228.208333  31.690  20.199 0.000
230.208333 231.208333  19.719  11.303 0.000
234.208333 235.208333  31.566  23.168 0.000
237.208333 238.208333  16.191   8.946 0.000
241.208333 242.208333  33.823  24.952 0.000
244.208333 245.208333  11.334   6.612 0.000
248.208333 249.208333  36.950  30.451 0.000
251.208333 252.208333  18.902  14.501 0.000
255.208333 256.208333  28.674  22.914 0.000
258.208333 259.208333 999.999   5.874 0.000
262.208333 263.208333  16.965   9.841 0.000
265.208333 266.208333   7.101   4.309 0.000
269.208333 270.208333  28.249  21.581 0.000
272.208333 273.208333  18.558  10.713 0.000
276.208333 277.208333  24.361  17.073 0.000
279.208333 280.208333  26.727  18.195 0.000
283.208333 284.208333  29.464  20.456 0.000
286.208333 287.208333  17.903  13.669 0.000
290.208333 291.208333  19.204  12.978 0.000
293.208333 294.208333   6.825   5.474 0.000
297.208333 298.208333  17.203   9.280 0.000
300.208333 301.208333   8.246   5.138 0.000
304.208333 305.208333  15.794  12.667 0.000
307.208333 308.208333  10.177   8.033 0.000
311.208333 312.208333  10.081   5.484 0.000
314.208333 315.208333  10.305   6.912 0.000
318.208333 319.208333   7.091   4.716 0.000
321.208333 322.208333  18.300  14.596 0.000
325.208333 326.208333  10.355   7.513 0.000
328.208333 329.208333  23.816  18.791 0.000
332.208333 333.208333  14.426  13.569 0.000
335.208333 336.208333  14.013  10.638 0.000
339.208333 340.208333  22.204  12.720 0.000
342.208333 343.208333  28.646  22.803 0.000
346.208333 347.208333  30.141  21.492 0.000
349.208333 350.208333  18.904  14.686 0.000
353.208333 354.208333 999.999 999.999 0.999
356.208333 357.208333 999.999 999.999 0.999
360.208333 361.208333 999.999 999.999 0.999
363.208333 364.208333 999.999 999.999 0.999
