scripts/IMPROVE-2019_partial/data/US9051U.19980103050000.20191216000000.filterpack...1y.3d.US03L_filterpack_US9051.US03L_IMPROVE_Davis.lev2.nas
51 1001
MISSING INFORMATION
US03L, IMPROVE, , , , , , , 
MISSING INFORMATION
IMPROVE sel_HTAP
1 1
1998 01 01 2019 12 16
0
days from file reference point
4
1 1 1 1
999.999999 999.999 999.999 9.999
end_time of measurement, days from the file reference point
pm10_mass, ug/m3, Matrix=pm10
pm25_mass, ug/m3, Matrix=pm25
numflag, no unit
0
33
Data definition:              EBAS_1.1
Set type code:                TI
Timezone:                     UTC
File name:                    US9051U.19980103050000.20191216000000.filterpack...1y.3d.US03L_filterpack_US9051.US03L_IMPROVE_Davis.lev2.nas
File creation:                20191218120854
Startdate:                    19980103050000
Revision date:                20191216000000
Version:                      2
Version description:          "Data extracted from http://views.cira.colostate.edu/fed/DataWizard 2019-12-16"
Statistics:                   arithmetic mean
Data level:                   2
Period code:                  1y
Resolution code:              3d
Sample duration:              1d
Orig. time res.:              3d
Station code:                 US9051U
Platform code:                US9051S
Station name:                 Washington D.C.
Station latitude:             38.8762
Station longitude:            -77.0344
Station altitude:             15.0 m
Regime:                       IMG
Component:                    
Unit:                         ug/m3
Matrix:                       
Laboratory code:              US03L
Instrument type:              filterpack
Instrument name:              filterpack_US9051
Method ref:                   US03L_IMPROVE_Davis
Blank correction:             Blank corrected
Volume std. temperature:      ambient
Volume std. pressure:         ambient
starttime endtime PM10 PM2.5 flag
  2.208333   3.208333  15.916  11.201 0.000
  6.208333   7.208333  11.558   7.520 0.000
  9.208333  10.208333  15.346  11.506 0.000
 13.208333  14.208333  23.213  13.455 0.000
 16.208333  17.208333  13.598  10.544 0.000
 20.208333  21.208333  20.361  17.997 0.000
 23.208333  24.208333  13.209  12.208 0.000
 27.208333  28.208333   9.815   9.859 0.000
 30.208333  31.208333  15.965  16.878 0.000
 34.208333  35.208333  19.286  18.280 0.000
 37.208333  38.208333  20.696  16.692 0.000
 41.208333  42.208333  25.737  18.237 0.000
 44.208333  45.208333  12.543  10.896 0.000
 48.208333  49.208333  10.819   6.734 0.000
 51.208333  52.208333   9.382   8.254 0.000
 55.208333  56.208333  14.073  10.839 0.000
 58.208333  59.208333  33.179  25.392 0.000
 62.208333  63.208333  12.135   9.526 0.000
 65.208333  66.208333  28.178  16.314 0.000
 69.208333  70.208333  14.810   5.827 0.000
 72.208333  73.208333 999.999  11.493 0.000
 76.208333  77.208333  17.538  17.887 0.000
 79.208333  80.208333  12.436   7.486 0.000
 83.208333  84.208333  14.220  14.235 0.000
 86.208333  87.208333  17.626  10.764 0.000
 90.208333  91.208333  11.818   7.490 0.000
 93.208333  94.208333  10.385   9.097 0.000
 97.208333  98.208333  28.188  18.750 0.000
100.208333 101.208333  12.847   8.374 0.000
104.208333 105.208333  23.257  22.334 0.000
107.208333 108.208333  11.394   9.043 0.000
111.208333 112.208333  13.584  12.079 0.000
114.208333 115.208333  20.359  14.008 0.000
118.208333 119.208333  17.015  13.236 0.000
121.208333 122.208333   7.932   6.740 0.000
125.208333 126.208333  16.741  13.650 0.000
128.208333 129.208333  11.876   9.853 0.000
132.208333 133.208333  18.458   8.920 0.000
135.208333 136.208333  32.699  29.308 0.000
139.208333 140.208333  30.776  23.992 0.000
142.208333 143.208333  12.279   8.520 0.000
146.208333 147.208333  26.359  27.720 0.000
149.208333 150.208333  31.080  29.311 0.000
153.208333 154.208333 999.999  13.133 0.000
156.208333 157.208333 999.999   9.028 0.000
160.208333 161.208333  15.633  13.660 0.000
163.208333 164.208333  18.845  14.771 0.000
167.208333 168.208333  19.705  18.528 0.000
170.208333 171.208333  20.619  17.533 0.000
174.208333 175.208333  30.799  28.475 0.000
177.208333 178.208333  20.939  17.809 0.000
181.208333 182.208333  20.797  19.146 0.000
184.208333 185.208333  47.215  45.610 0.000
188.208333 189.208333  19.177  18.490 0.000
191.208333 192.208333  12.558  10.803 0.000
195.208333 196.208333  14.138  12.153 0.000
198.208333 199.208333  18.946  17.148 0.000
202.208333 203.208333  29.160  26.235 0.000
205.208333 206.208333  21.648  22.512 0.000
209.208333 210.208333  38.443  36.771 0.000
212.208333 213.208333  11.090   8.135 0.000
216.208333 217.208333  19.821  13.833 0.000
219.208333 220.208333  13.672   8.949 0.000
223.208333 224.208333  26.352  22.894 0.000
226.208333 227.208333  14.474  11.235 0.000
230.208333 231.208333   9.562   6.408 0.000
233.208333 234.208333  43.283  42.650 0.000
237.208333 238.208333  24.508  14.202 0.000
240.208333 241.208333  36.817  33.362 0.000
244.208333 245.208333  31.101  28.635 0.000
247.208333 248.208333  24.679  17.861 0.000
251.208333 252.208333   7.695   7.175 0.000
254.208333 255.208333  28.549  22.258 0.000
258.208333 259.208333  48.797 999.999 0.000
261.208333 262.208333  18.457  13.861 0.000
265.208333 266.208333   6.981   3.836 0.000
268.208333 269.208333  32.885  29.556 0.000
272.208333 273.208333  20.458  17.976 0.000
275.208333 276.208333  12.654   8.494 0.000
279.208333 280.208333  14.919   6.973 0.000
282.208333 283.208333   8.127   5.763 0.000
286.208333 287.208333  14.810   8.630 0.000
289.208333 290.208333  24.829  20.920 0.000
293.208333 294.208333  13.542   6.065 0.000
296.208333 297.208333  13.187   8.746 0.000
300.208333 301.208333  27.024  20.127 0.000
303.208333 304.208333  15.238   9.289 0.000
307.208333 308.208333  13.140   8.937 0.000
310.208333 311.208333  11.976   8.528 0.000
314.208333 315.208333   9.379   6.885 0.000
317.208333 318.208333  20.914  18.609 0.000
321.208333 322.208333  16.922  12.965 0.000
324.208333 325.208333  13.131  10.225 0.000
328.208333 329.208333  11.882   7.125 0.000
331.208333 332.208333  18.264  11.773 0.000
335.208333 336.208333  15.184  12.530 0.000
338.208333 339.208333  28.294  20.951 0.000
342.208333 343.208333  19.025   9.638 0.000
345.208333 346.208333  17.793  17.087 0.000
349.208333 350.208333  24.140  18.401 0.000
352.208333 353.208333  11.397   9.925 0.000
356.208333 357.208333  16.509  13.002 0.000
359.208333 360.208333  37.300  36.481 0.000
363.208333 364.208333  14.844  10.293 0.000
