scripts/IMPROVE-2019_partial/data/US9024R.20060102080000.20191216000000.filterpack..pm25.52w.1w.US03L_filterpack_US9024.US03L_IMPROVE_Davis.lev2.nas
64 1001
MISSING INFORMATION
US03L, IMPROVE, , , , , , , 
MISSING INFORMATION
IMPROVE sel_HTAP
1 1
2006 01 01 2019 12 16
3.000000
days from file reference point
25
1 1 1 1 1 1 1 1 1 1 1 1 1 1 1 1 1 1 1 1 1 1 1 1 1
999.999999 999.99 9.999 99.99 9.999 9.999 9.999999 99.99 9.999 9.999 9.999 99.999 9.999 99.999 9.999 999.999 9.999 999.999 9.999 99.999 9.999 9.999 9.999 9.999 9.999
end_time of measurement, days from the file reference point
iron, ng/m3, Revision date=20181210133000
numflag iron, no unit, Revision date=20181210133000
lead, ng/m3, Revision date=20181210133000
numflag lead, no unit, Revision date=20181210133000
magnesium, ug/m3, Revision date=20181210133000
numflag magnesium, no unit, Revision date=20181210133000
nickel, ng/m3, Revision date=20181210133000
numflag nickel, no unit, Revision date=20181210133000
nitrate, ug N/m3, Revision date=20181210133000
numflag nitrate, no unit, Revision date=20181210133000
organic_carbon, ug C/m3, Revision date=20181210133000
numflag organic_carbon, no unit, Revision date=20181210133000
organic_mass, ug/m3, Revision date=20181210133000
numflag organic_mass, no unit, Revision date=20181210133000
pm10_mass, ug/m3, Version=2, Version description=Data extracted from http://views.cira.colostate.edu/fed/DataWizard 2019-12-16, Sample duration=1d, Orig. time res.=3d, Matrix=pm10, Blank correction=Blank corrected, Volume std. temperature=ambient, Volume std. pressure=ambient
numflag pm10_mass, no unit, Version=2, Version description=Data extracted from http://views.cira.colostate.edu/fed/DataWizard 2019-12-16, Sample duration=1d, Orig. time res.=3d, Matrix=pm10, Blank correction=Blank corrected, Volume std. temperature=ambient, Volume std. pressure=ambient
pm10_pm25_mass, ug/m3, Revision date=20181210133000, Matrix=pm10_pm25
numflag pm10_pm25_mass, no unit, Revision date=20181210133000, Matrix=pm10_pm25
pm25_mass, ug/m3, Version=2, Version description=Data extracted from http://views.cira.colostate.edu/fed/DataWizard 2019-12-16, Sample duration=1d, Orig. time res.=3d, Blank correction=Blank corrected, Volume std. temperature=ambient, Volume std. pressure=ambient
numflag pm25_mass, no unit, Version=2, Version description=Data extracted from http://views.cira.colostate.edu/fed/DataWizard 2019-12-16, Sample duration=1d, Orig. time res.=3d, Blank correction=Blank corrected, Volume std. temperature=ambient, Volume std. pressure=ambient
potassium, ug/m3, Revision date=20181210133000
numflag potassium, no unit, Revision date=20181210133000
sulphate_total, ug S/m3, Revision date=20181210133000
numflag sulphate_total, no unit, Revision date=20181210133000
0
25
Data definition:              EBAS_1.1
Set type code:                TU
Timezone:                     UTC
File name:                    US9024R.20060102080000.20191216000000.filterpack..pm25.52w.1w.US03L_filterpack_US9024.US03L_IMPROVE_Davis.lev2.nas
File creation:                20191218120645
Startdate:                    20060102080000
Revision date:                20191216000000
Statistics:                   arithmetic mean
Data level:                   2
Period code:                  52w
Resolution code:              1w
Station code:                 US9024R
Platform code:                US9024S
Station name:                 Olympic
Station latitude:             48.0065
Station longitude:            -122.9727
Station altitude:             599.0 m
Regime:                       IMG
Component:                    
Matrix:                       pm25
Laboratory code:              US03L
Instrument type:              filterpack
Instrument name:              filterpack_US9024
Method ref:                   US03L_IMPROVE_Davis
starttime endtime Fe flag_Fe Pb flag_Pb Mg++ flag_Mg++ Ni flag_Ni NO3- flag_NO3- OC flag_OC OM flag_OM PM10 flag_PM10 PM10-PM2.5 flag_PM10-PM2.5 PM2.5 flag_PM2.5 K+ flag_K+ SO4-- flag_SO4--
  1.333333   2.333333   0.61 0.000  0.17 0.000 0.018 0.000000  0.28 0.000 0.021 0.000  0.081 0.000  0.114 0.000   1.791 0.000   0.338 0.000  1.453 0.000 0.008 0.000 0.046 0.000
  4.333333   5.333333   1.98 0.000  0.19 0.000 9.999 0.259000  0.16 0.000 0.015 0.000  0.171 0.000  0.239 0.000   1.244 0.000   0.755 0.000  0.489 0.000 0.004 0.000 0.032 0.000
  7.333333   8.333333   0.57 0.000  0.10 0.000 9.999 0.259000 99.99 0.259 0.009 0.000  0.069 0.000  0.097 0.000   0.584 0.000   0.184 0.000  0.400 0.000 0.003 0.000 0.021 0.000
 10.333333  11.333333   0.51 0.000  0.23 0.000 9.999 0.259000 99.99 0.259 0.010 0.000  0.313 0.000  0.438 0.000   0.998 0.000   0.239 0.000  0.760 0.000 0.011 0.000 0.018 0.000
 13.333333  14.333333   1.04 0.000  1.09 0.000 0.022 0.000000  0.16 0.000 0.023 0.000  0.205 0.000  0.287 0.000   2.457 0.000   1.055 0.000  1.402 0.000 0.011 0.000 0.071 0.000
 16.333333  17.333333   1.23 0.000  0.32 0.000 0.070 0.000000  0.19 0.000 0.051 0.000  0.147 0.000  0.206 0.000 999.999 0.456 999.999 0.999  3.066 0.000 0.027 0.000 0.103 0.000
 19.333333  20.333333   0.66 0.000  0.17 0.000 9.999 0.259000  0.17 0.000 0.028 0.000  0.179 0.000  0.251 0.000   0.918 0.000   0.264 0.000  0.655 0.000 0.008 0.000 0.035 0.000
 22.333333  23.333333   4.76 0.000  0.26 0.000 9.999 0.259000  0.20 0.000 0.023 0.000  0.243 0.000  0.341 0.000   1.329 0.000   0.577 0.000  0.752 0.000 0.007 0.000 0.055 0.000
 25.333333  26.333333   0.68 0.000  0.11 0.000 0.006 0.000000  0.30 0.000 0.017 0.000  0.094 0.000  0.132 0.000   1.462 0.000   0.630 0.000  0.832 0.000 0.007 0.000 0.037 0.000
 28.333333  29.333333   0.44 0.000  0.23 0.000 9.999 0.259000 99.99 0.259 0.013 0.000  0.102 0.000  0.142 0.000   1.000 0.000   0.395 0.000  0.605 0.000 0.007 0.000 0.025 0.000
 31.333333  32.333333   0.44 0.000  0.18 0.000 9.999 0.259000 99.99 0.259 0.010 0.000  0.081 0.000  0.114 0.000   1.536 0.000   0.558 0.000  0.978 0.000 0.007 0.000 0.020 0.000
 34.333333  35.333333   0.42 0.000  0.14 0.000 9.999 0.259000 99.99 0.259 0.003 0.000  0.178 0.000  0.249 0.000   1.123 0.000   0.373 0.000  0.750 0.000 0.006 0.000 0.017 0.000
 37.333333  38.333333  16.88 0.000  2.38 0.000 9.999 0.259000  0.27 0.000 0.071 0.000  0.834 0.000  1.168 0.000   4.034 0.000   1.210 0.000  2.824 0.000 0.027 0.000 0.117 0.000
 40.333333  41.333333  17.26 0.000  0.94 0.000 9.999 0.259000  0.12 0.000 0.021 0.000  0.553 0.000  0.774 0.000   3.757 0.000   1.836 0.000  1.921 0.000 0.019 0.000 0.116 0.000
 43.333333  44.333333   4.48 0.000  0.97 0.000 9.999 0.259000  0.72 0.000 0.074 0.000  1.060 0.000  1.485 0.000   5.194 0.000   1.240 0.000  3.954 0.000 0.031 0.000 0.190 0.000
 46.333333  47.333333   9.64 0.000  0.20 0.000 9.999 0.259000  0.28 0.000 0.017 0.000  0.582 0.000  0.815 0.000   4.129 0.000   2.359 0.000  1.770 0.000 0.024 0.000 0.132 0.000
 49.333333  50.333333  14.71 0.699  1.14 0.699 9.999 0.699259  0.53 0.699 0.066 0.000  1.189 0.000  1.665 0.000   4.627 0.000   1.495 0.699  3.132 0.000 0.032 0.699 0.127 0.000
 52.333333  53.333333   4.50 0.000  0.50 0.000 0.011 0.000000  0.19 0.000 0.049 0.000  0.588 0.000  0.824 0.000   2.990 0.000   1.077 0.000  1.913 0.000 0.014 0.000 0.148 0.000
 55.333333  56.333333  20.98 0.000  2.23 0.000 9.999 0.259000  0.26 0.000 0.084 0.000  1.245 0.000  1.742 0.000   4.983 0.000   1.319 0.000  3.664 0.000 0.040 0.000 0.216 0.000
 58.333333  59.333333  13.76 0.000  0.94 0.000 9.999 0.259000  0.35 0.000 0.030 0.000  0.351 0.000  0.491 0.000   2.085 0.000   0.341 0.000  1.744 0.000 0.023 0.000 0.229 0.000
 61.333333  62.333333   7.77 0.000  0.64 0.000 0.007 0.000000  0.19 0.000 0.029 0.000  0.491 0.000  0.688 0.000   2.347 0.000   0.917 0.000  1.430 0.000 0.019 0.000 0.074 0.000
 64.333333  65.333333   3.10 0.000  0.33 0.000 9.999 0.259000 99.99 0.259 0.009 0.000  0.149 0.000  0.208 0.000   0.922 0.000   0.366 0.000  0.555 0.000 0.005 0.000 0.028 0.000
 67.333333  68.333333   3.72 0.000  0.56 0.000 9.999 0.259000 99.99 0.259 0.012 0.000  0.116 0.000  0.163 0.000   1.393 0.000   0.443 0.000  0.950 0.000 0.011 0.000 0.112 0.000
 70.333333  71.333333  16.21 0.000  1.65 0.000 9.999 0.259000  0.27 0.000 0.044 0.000  0.745 0.000  1.043 0.000   4.221 0.000   1.123 0.000  3.099 0.000 0.035 0.000 0.304 0.000
 73.333333  74.333333  47.85 0.000  0.50 0.000 9.999 0.259000 99.99 0.259 0.022 0.000  0.432 0.000  0.604 0.000   2.900 0.000   1.013 0.000  1.887 0.000 0.042 0.000 0.083 0.000
 76.333333  77.333333  10.90 0.000  0.37 0.000 0.026 0.000000  0.36 0.000 0.044 0.000  0.304 0.000  0.426 0.000   4.699 0.000   2.467 0.000  2.231 0.000 0.021 0.000 0.192 0.000
 79.333333  80.333333  14.13 0.000  1.00 0.000 9.999 0.259000 99.99 0.259 0.070 0.000  1.785 0.000  2.500 0.000   5.648 0.000   0.852 0.000  4.796 0.000 0.050 0.000 0.252 0.000
 82.333333  83.333333  12.22 0.000  0.36 0.000 0.010 0.000000  0.47 0.000 0.017 0.000  0.213 0.000  0.298 0.000   2.134 0.000   1.133 0.000  1.000 0.000 0.016 0.000 0.080 0.000
 85.333333  86.333333  18.98 0.000  0.98 0.000 9.999 0.259000  0.42 0.000 0.076 0.000  0.566 0.000  0.792 0.000   3.726 0.000   1.498 0.000  2.227 0.000 0.023 0.000 0.162 0.000
 88.333333  89.333333  10.83 0.000  0.83 0.000 0.014 0.000000  0.69 0.000 0.087 0.000  0.599 0.000  0.839 0.000   4.300 0.000   1.120 0.000  3.180 0.000 0.027 0.000 0.307 0.000
 91.333333  92.333333  64.26 0.000  1.19 0.000 0.021 0.000000 99.99 0.259 0.016 0.000  0.255 0.000  0.357 0.000   4.631 0.000   2.194 0.000  2.438 0.000 0.041 0.000 0.185 0.000
 94.333333  95.333333  12.11 0.000  1.03 0.000 0.012 0.000000  0.93 0.000 0.050 0.000  0.468 0.000  0.655 0.000   4.127 0.000   1.775 0.000  2.351 0.000 0.020 0.000 0.215 0.000
 97.333333  98.333333  46.17 0.000  2.77 0.000 0.013 0.000000  0.24 0.000 0.169 0.000  1.470 0.000  2.058 0.000   7.886 0.000   2.205 0.000  5.681 0.000 0.053 0.000 0.464 0.000
100.333333 101.333333   9.29 0.000  0.97 0.000 0.006 0.000000  0.64 0.000 0.126 0.000  0.800 0.000  1.120 0.000   4.816 0.000   1.277 0.000  3.539 0.000 0.017 0.000 0.363 0.000
103.333333 104.333333   5.67 0.000  0.32 0.000 9.999 0.259000  0.21 0.000 0.015 0.000  0.108 0.000  0.152 0.000   1.447 0.000   0.505 0.000  0.942 0.000 0.009 0.000 0.062 0.000
106.333333 107.333333   6.02 0.000  0.83 0.000 0.012 0.000000  0.50 0.000 0.052 0.000  0.467 0.000  0.653 0.000   3.184 0.000   1.144 0.000  2.040 0.000 0.024 0.000 0.138 0.000
109.333333 110.333333  43.63 0.000  1.72 0.000 0.017 0.000000  0.95 0.000 0.070 0.559  0.917 0.559  1.283 0.559   5.555 0.000   1.787 0.000  3.769 0.000 0.045 0.000 0.246 0.559
112.333333 113.333333  36.47 0.000  0.91 0.000 0.017 0.000000  0.31 0.000 0.023 0.000  0.655 0.559  0.918 0.559   3.985 0.000   1.460 0.000  2.525 0.000 0.029 0.000 0.104 0.000
115.333333 116.333333  29.24 0.000  0.69 0.000 0.020 0.000000  0.74 0.000 0.056 0.559  0.587 0.000  0.822 0.000   4.839 0.000   1.462 0.000  3.377 0.000 0.031 0.000 0.330 0.559
118.333333 119.333333  26.31 0.000  1.11 0.000 0.020 0.000000  0.34 0.000 0.038 0.000  0.437 0.559  0.612 0.559   4.798 0.000   1.643 0.000  3.156 0.000 0.037 0.000 0.200 0.000
121.333333 122.333333  20.47 0.000  0.49 0.000 9.999 0.259000  0.37 0.000 0.076 0.559  0.257 0.559  0.360 0.559   5.543 0.000   2.712 0.000  2.831 0.000 0.028 0.000 0.182 0.559
124.333333 125.333333  62.34 0.000  1.04 0.000 0.011 0.000000  1.03 0.000 0.084 0.559  1.025 0.000  1.434 0.000   9.339 0.000   3.873 0.000  5.466 0.000 0.048 0.000 0.402 0.559
127.333333 128.333333  19.78 0.000  0.38 0.000 9.999 0.259000  0.52 0.000 0.067 0.000  0.163 0.000  0.228 0.000   6.602 0.000   3.109 0.000  3.493 0.000 0.027 0.000 0.213 0.000
130.333333 131.333333  35.41 0.000  1.33 0.000 9.999 0.259000  1.58 0.000 0.104 0.559  0.744 0.000  1.042 0.000   8.153 0.000   3.412 0.000  4.741 0.000 0.043 0.000 0.432 0.559
133.333333 134.333333  32.36 0.000  1.24 0.000 9.999 0.259000  0.84 0.000 0.067 0.559  0.976 0.000  1.366 0.000   6.545 0.000   2.320 0.000  4.225 0.000 0.034 0.000 0.333 0.559
136.333333 137.333333  38.18 0.000  1.02 0.000 9.999 0.259000  0.90 0.000 0.138 0.559  1.252 0.000  1.752 0.000   9.420 0.000   4.286 0.000  5.134 0.000 0.039 0.000 0.379 0.559
139.333333 140.333333   8.90 0.000  0.70 0.000 9.999 0.259000  1.65 0.000 0.045 0.000  0.574 0.000  0.804 0.000   3.504 0.000   0.820 0.000  2.684 0.000 0.014 0.000 0.322 0.000
142.333333 143.333333   5.59 0.000  0.58 0.000 9.999 0.259000  0.28 0.000 0.037 0.000  0.675 0.000  0.946 0.000   2.558 0.000   0.383 0.000  2.174 0.000 0.017 0.000 0.154 0.000
145.333333 146.333333   1.30 0.000  0.47 0.000 9.999 0.259000  0.86 0.000 0.014 0.559  0.320 0.000  0.448 0.000   1.729 0.000   0.880 0.000  0.849 0.000 0.010 0.000 0.075 0.559
148.333333 149.333333   1.60 0.000  0.50 0.000 9.999 0.259000  0.14 0.000 0.009 0.559  0.334 0.000  0.467 0.000   1.812 0.000   0.816 0.000  0.996 0.000 0.010 0.000 0.068 0.559
151.333333 152.333333   4.96 0.000  0.84 0.000 9.999 0.259000  0.54 0.000 0.038 0.559  0.770 0.000  1.079 0.000   2.759 0.000   0.138 0.000  2.621 0.000 0.019 0.000 0.133 0.559
154.333333 155.333333   5.26 0.000  0.84 0.000 0.009 0.000000  0.70 0.000 0.090 0.559  0.688 0.000  0.963 0.000   3.054 0.000   0.352 0.000  2.703 0.000 0.017 0.000 0.224 0.559
157.333333 158.333333  13.20 0.000  0.63 0.000 0.031 0.000000  1.13 0.000 0.074 0.559  0.852 0.000  1.193 0.000   7.670 0.000   2.935 0.000  4.735 0.000 0.033 0.000 0.438 0.559
160.333333 161.333333   5.40 0.000  0.74 0.000 9.999 0.259000  0.95 0.000 0.036 0.559  0.729 0.000  1.021 0.000   5.440 0.000   1.811 0.000  3.629 0.000 0.023 0.000 0.382 0.559
163.333333 164.333333   4.32 0.000  0.51 0.000 9.999 0.259000  0.95 0.000 0.021 0.559  0.592 0.000  0.829 0.000   4.349 0.000   1.862 0.000  2.487 0.000 0.020 0.000 0.221 0.559
166.333333 167.333333   4.75 0.000  0.51 0.000 0.010 0.000000  0.95 0.000 0.047 0.559  0.682 0.000  0.955 0.000   3.581 0.000   0.978 0.000  2.603 0.000 0.027 0.000 0.183 0.559
169.333333 170.333333   7.66 0.000  0.35 0.000 0.025 0.000000  0.76 0.000 0.070 0.000  0.557 0.000  0.780 0.000   6.144 0.000   2.798 0.000  3.346 0.000 0.029 0.000 0.319 0.000
172.333333 173.333333  13.95 0.000  0.27 0.000 0.012 0.000000  0.53 0.000 0.040 0.559  0.310 0.000  0.433 0.000   5.187 0.000   2.570 0.000  2.617 0.000 0.024 0.000 0.277 0.559
175.333333 176.333333  26.00 0.000  0.86 0.000 0.011 0.000000  0.30 0.000 0.018 0.559  1.278 0.000  1.790 0.000   6.768 0.000   2.943 0.000  3.825 0.000 0.027 0.000 0.268 0.559
178.333333 179.333333  19.34 0.000  0.23 0.000 0.078 0.000000  0.98 0.000 0.196 0.559  0.618 0.000  0.865 0.000   9.848 0.000   4.604 0.000  5.244 0.000 0.044 0.000 0.278 0.559
181.333333 182.333333  27.29 0.000  0.65 0.000 0.023 0.000000  1.23 0.000 0.126 0.559  1.161 0.000  2.091 0.000   8.824 0.000   3.454 0.000  5.371 0.000 0.034 0.000 0.436 0.559
184.333333 185.333333  23.70 0.000  1.27 0.000 0.021 0.000000  1.02 0.000 0.098 0.559  1.408 0.000  2.535 0.000   9.370 0.000   2.724 0.000  6.645 0.000 0.065 0.000 0.608 0.559
187.333333 188.333333   8.66 0.000  0.94 0.000 9.999 0.259000  0.77 0.000 0.026 0.559  0.246 0.000  0.442 0.000   4.278 0.000   1.956 0.000  2.321 0.000 0.017 0.000 0.229 0.559
190.333333 191.333333   9.83 0.000  0.57 0.000 0.009 0.000000  0.69 0.000 0.051 0.000  0.447 0.000  0.804 0.000   5.290 0.000   1.361 0.000  3.929 0.000 0.018 0.000 0.485 0.000
193.333333 194.333333   1.68 0.000  0.17 0.000 9.999 0.259000  0.19 0.000 0.013 0.559  0.133 0.000  0.238 0.000   1.544 0.000   0.650 0.000  0.893 0.000 0.007 0.000 0.093 0.559
196.333333 197.333333   5.62 0.000  0.68 0.000 9.999 0.259000  1.07 0.000 0.063 0.559  0.595 0.000  1.071 0.000   5.034 0.000   2.133 0.000  2.901 0.000 0.015 0.000 0.274 0.559
199.333333 200.333333  17.46 0.000  0.59 0.000 9.999 0.259000  0.75 0.000 0.044 0.559  0.499 0.000  0.898 0.000   5.424 0.000   2.314 0.000  3.110 0.000 0.013 0.000 0.334 0.559
202.333333 203.333333  28.93 0.000  0.96 0.000 9.999 0.259000  0.66 0.000 0.024 0.559  2.890 0.000  5.202 0.000  10.184 0.000   3.789 0.000  6.395 0.000 0.016 0.000 0.189 0.559
205.333333 206.333333  14.62 0.000  0.86 0.000 0.024 0.000000  0.93 0.000 0.109 0.559  0.956 0.000  1.721 0.000   6.869 0.000   2.414 0.000  4.455 0.000 0.030 0.000 0.430 0.559
208.333333 209.333333  11.52 0.000  0.69 0.000 9.999 0.259000  1.29 0.000 0.093 0.559  0.551 0.000  0.993 0.000   6.463 0.000   2.773 0.000  3.690 0.000 0.025 0.000 0.373 0.559
211.333333 212.333333   4.55 0.000  0.40 0.000 0.004 0.000000  0.39 0.000 0.019 0.559  0.134 0.000  0.240 0.000   2.699 0.000   1.257 0.000  1.441 0.000 0.009 0.000 0.156 0.559
214.333333 215.333333  13.66 0.000  0.36 0.000 0.012 0.000000  0.77 0.000 0.052 0.559  0.452 0.000  0.814 0.000   5.696 0.000   2.642 0.000  3.054 0.000 0.013 0.000 0.293 0.559
217.333333 218.333333  11.93 0.000  0.41 0.000 0.007 0.000000  0.52 0.000 0.024 0.559  0.673 0.000  1.211 0.000   4.132 0.000   1.258 0.000  2.873 0.000 0.014 0.000 0.250 0.559
220.333333 221.333333   4.58 0.000  0.29 0.000 0.005 0.000000  0.57 0.000 0.026 0.559  0.232 0.000  0.418 0.000   3.202 0.000   1.721 0.000  1.481 0.000 0.007 0.000 0.217 0.559
223.333333 224.333333   9.42 0.000  0.71 0.000 0.017 0.000000  1.01 0.000 0.068 0.559  0.701 0.000  1.262 0.000   6.154 0.000   2.188 0.000  3.965 0.000 0.015 0.000 0.474 0.559
226.333333 227.333333  14.83 0.000  0.46 0.000 0.029 0.000000  0.53 0.000 0.130 0.559  0.671 0.000  1.208 0.000   6.851 0.000   3.007 0.000  3.844 0.000 0.027 0.000 0.279 0.559
229.333333 230.333333  24.82 0.000  1.13 0.000 0.022 0.000000  0.87 0.000 0.084 0.559  1.056 0.000  1.901 0.000   8.148 0.000   3.495 0.000  4.653 0.000 0.020 0.000 0.409 0.559
232.333333 233.333333  33.93 0.000  1.01 0.000 0.009 0.000000  1.14 0.000 0.047 0.559  1.338 0.000  2.408 0.000   8.378 0.000   3.039 0.000  5.339 0.000 0.025 0.000 0.369 0.559
235.333333 236.333333  14.40 0.000  0.56 0.000 9.999 0.259000  2.36 0.000 0.034 0.000  0.365 0.000  0.656 0.000   5.034 0.000   1.863 0.000  3.170 0.000 0.012 0.000 0.429 0.000
238.333333 239.333333  17.87 0.000  0.57 0.000 9.999 0.259000  1.56 0.000 0.031 0.000  0.880 0.000  1.583 0.000   4.592 0.000   1.920 0.000  2.673 0.000 0.015 0.000 0.183 0.000
241.333333 242.333333   6.61 0.000  0.51 0.000 0.023 0.000000  0.80 0.000 0.094 0.000  0.207 0.000  0.372 0.000   4.875 0.000   2.207 0.000  2.668 0.000 0.018 0.000 0.271 0.000
244.333333 245.333333  53.75 0.000  0.92 0.000 0.006 0.000000  0.44 0.000 0.024 0.000  2.600 0.000  4.680 0.000  13.115 0.000   6.671 0.000  6.443 0.000 0.063 0.000 0.187 0.000
247.333333 248.333333  15.07 0.000  0.32 0.000 0.005 0.000000  0.66 0.000 0.024 0.000  0.821 0.000  1.478 0.000   4.149 0.000   1.573 0.000  2.576 0.000 0.016 0.000 0.176 0.000
250.333333 251.333333  20.87 0.000  0.56 0.000 0.012 0.000000  1.17 0.000 0.088 0.000  0.708 0.000  1.275 0.000   6.612 0.000   2.793 0.000  3.818 0.000 0.023 0.000 0.362 0.000
253.333333 254.333333   5.55 0.000  0.50 0.000 0.015 0.000000  1.07 0.000 0.072 0.000  0.495 0.000  0.891 0.000   4.904 0.000   1.870 0.000  3.034 0.000 0.014 0.000 0.334 0.000
256.333333 257.333333   4.58 0.000  0.38 0.000 0.019 0.000000  0.43 0.000 0.069 0.000  0.520 0.000  0.935 0.000   4.200 0.000   1.501 0.000  2.699 0.000 0.017 0.000 0.215 0.000
259.333333 260.333333   3.63 0.000  0.37 0.000 0.011 0.000000  0.35 0.000 0.035 0.000  0.507 0.000  0.912 0.000   3.417 0.000   1.417 0.000  2.000 0.000 0.013 0.000 0.120 0.000
262.333333 263.333333   4.38 0.000  0.37 0.000 9.999 0.259000  0.68 0.000 0.043 0.000  0.397 0.000  0.714 0.000   2.651 0.000   0.760 0.000  1.890 0.000 0.013 0.000 0.164 0.000
265.333333 266.333333   8.72 0.000  0.92 0.000 0.008 0.000000  1.54 0.000 0.075 0.000  0.899 0.000  1.619 0.000   5.096 0.000   1.794 0.000  3.302 0.000 0.017 0.000 0.193 0.000
268.333333 269.333333  14.17 0.000  0.88 0.000 9.999 0.259000  0.76 0.000 0.019 0.000  1.171 0.000  2.107 0.000   4.996 0.000   1.654 0.000  3.342 0.000 0.014 0.000 0.137 0.000
