scripts/IMPROVE-2019_partial/data/US9039R.20170101070000.20191216000000.filterpack...52w.3d.US03L_filterpack_US9039.US03L_IMPROVE_Davis.lev2.nas
52 1001
MISSING INFORMATION
US03L, IMPROVE, , , , , , , 
MISSING INFORMATION
IMPROVE sel_HTAP
1 1
2017 01 01 2019 12 16
3.000000
days from file reference point
5
1 1 1 1 1
999.999999 999.999 9.999 999.999 9.999
end_time of measurement, days from the file reference point
pm10_mass, ug/m3, Matrix=pm10
numflag pm10_mass, no unit, Matrix=pm10
pm25_mass, ug/m3, Matrix=pm25
numflag pm25_mass, no unit, Matrix=pm25
0
33
Data definition:              EBAS_1.1
Set type code:                TU
Timezone:                     UTC
File name:                    US9039R.20170101070000.20191216000000.filterpack...52w.3d.US03L_filterpack_US9039.US03L_IMPROVE_Davis.lev2.nas
File creation:                20191218120803
Startdate:                    20170101070000
Revision date:                20191216000000
Version:                      2
Version description:          "Data extracted from http://views.cira.colostate.edu/fed/DataWizard 2019-12-16"
Statistics:                   arithmetic mean
Data level:                   2
Period code:                  52w
Resolution code:              3d
Sample duration:              1d
Orig. time res.:              3d
Station code:                 US9039R
Platform code:                US9039S
Station name:                 Saguaro West
Station latitude:             32.2486
Station longitude:            -111.2178
Station altitude:             714.0 m
Regime:                       IMG
Component:                    
Unit:                         ug/m3
Matrix:                       
Laboratory code:              US03L
Instrument type:              filterpack
Instrument name:              filterpack_US9039
Method ref:                   US03L_IMPROVE_Davis
Blank correction:             Blank corrected
Volume std. temperature:      ambient
Volume std. pressure:         ambient
starttime endtime PM10 flag_PM10 PM2.5 flag_PM2.5
  0.291667   1.291667   2.742 0.000   1.663 0.000
  3.291667   4.291667   6.392 0.000   2.809 0.000
  6.291667   7.291667  10.201 0.000   3.334 0.000
  9.291667  10.291667   8.174 0.000   2.269 0.000
 12.291667  13.291667  17.564 0.000   7.584 0.000
 15.291667  16.291667   2.786 0.000   1.594 0.000
 18.291667  19.291667   7.331 0.000   3.169 0.000
 21.291667  22.291667   5.154 0.000   2.070 0.000
 24.291667  25.291667   2.861 0.000   1.290 0.000
 27.291667  28.291667   6.387 0.000   1.708 0.000
 30.291667  31.291667  11.567 0.000   2.950 0.000
 33.291667  34.291667  18.188 0.000   5.804 0.000
 36.291667  37.291667   9.200 0.000   2.702 0.000
 39.291667  40.291667  20.790 0.000   5.133 0.000
 42.291667  43.291667  15.906 0.000   4.920 0.000
 45.291667  46.291667  13.600 0.000   2.890 0.000
 48.291667  49.291667  13.394 0.000   3.011 0.000
 51.291667  52.291667   7.033 0.000   4.068 0.000
 54.291667  55.291667  10.213 0.000   3.111 0.000
 57.291667  58.291667   7.627 0.000   1.688 0.000
 60.291667  61.291667   5.912 0.000   2.760 0.000
 63.291667  64.291667  14.375 0.000   4.566 0.000
 66.291667  67.291667  25.797 0.000   6.722 0.000
 69.291667  70.291667  19.603 0.000   5.209 0.000
 72.291667  73.291667  17.759 0.000   5.392 0.000
 75.291667  76.291667  20.306 0.000   6.622 0.000
 78.291667  79.291667  14.691 0.000   6.192 0.000
 81.291667  82.291667  34.263 0.000   8.004 0.000
 84.291667  85.291667 999.999 0.456   3.902 0.000
 87.291667  88.291667  10.978 0.000   2.944 0.000
 90.291667  91.291667  21.993 0.000   5.605 0.000
 93.291667  94.291667  12.804 0.000   3.263 0.000
 96.291667  97.291667 999.999 0.999 999.999 0.999
 99.291667 100.291667 999.999 0.999 999.999 0.999
102.291667 103.291667  22.797 0.000   6.598 0.000
105.291667 106.291667  19.110 0.000   5.544 0.000
108.291667 109.291667  17.532 0.000   5.622 0.000
111.291667 112.291667  22.594 0.000   5.201 0.000
114.291667 115.291667  32.399 0.000   8.235 0.000
117.291667 118.291667  39.774 0.000   8.145 0.000
120.291667 121.291667  14.468 0.000   3.850 0.000
123.291667 124.291667  21.449 0.000   5.477 0.000
126.291667 127.291667  21.571 0.000   5.611 0.000
129.291667 130.291667   6.013 0.000   1.771 0.000
132.291667 133.291667  10.820 0.000   3.741 0.000
135.291667 136.291667 999.999 0.456 999.999 0.456
138.291667 139.291667 999.999 0.456 999.999 0.456
141.291667 142.291667 999.999 0.456 999.999 0.456
144.291667 145.291667  14.829 0.000   3.063 0.000
147.291667 148.291667  14.698 0.000   3.432 0.000
150.291667 151.291667  23.591 0.000   5.831 0.000
153.291667 154.291667  20.576 0.000   5.892 0.000
156.291667 157.291667  15.442 0.000   4.240 0.000
159.291667 160.291667  22.569 0.000   7.297 0.000
162.291667 163.291667  15.156 0.000   3.791 0.000
165.291667 166.291667  23.248 0.000   5.838 0.000
168.291667 169.291667  18.978 0.000   6.036 0.000
171.291667 172.291667  28.595 0.000   8.408 0.000
174.291667 175.291667  25.341 0.000   8.110 0.000
177.291667 178.291667  17.794 0.000   8.625 0.000
180.291667 181.291667  17.274 0.000   4.106 0.000
183.291667 184.291667  24.704 0.000   6.823 0.000
186.291667 187.291667  27.919 0.000   7.528 0.000
189.291667 190.291667  18.746 0.000   6.289 0.000
192.291667 193.291667  16.220 0.000   5.674 0.000
195.291667 196.291667  11.943 0.000   4.135 0.000
198.291667 199.291667   8.361 0.000   2.944 0.000
201.291667 202.291667   8.271 0.000   3.875 0.000
204.291667 205.291667   7.560 0.000   3.693 0.000
207.291667 208.291667  12.130 0.000   4.785 0.000
210.291667 211.291667   9.665 0.000   2.782 0.000
213.291667 214.291667   7.904 0.000   2.578 0.000
216.291667 217.291667  10.396 0.000   3.822 0.000
219.291667 220.291667 999.999 0.456 999.999 0.456
222.291667 223.291667 999.999 0.456 999.999 0.456
225.291667 226.291667 999.999 0.456 999.999 0.456
228.291667 229.291667   7.257 0.000   2.188 0.000
231.291667 232.291667   9.233 0.000   2.947 0.000
234.291667 235.291667  12.517 0.000   3.863 0.000
237.291667 238.291667  10.443 0.000   2.826 0.000
240.291667 241.291667 999.999 0.456 999.999 0.456
243.291667 244.291667 999.999 0.456 999.999 0.456
246.291667 247.291667 999.999 0.456 999.999 0.456
249.291667 250.291667  42.941 0.000  13.172 0.000
252.291667 253.291667  17.740 0.000   7.348 0.000
255.291667 256.291667  13.044 0.000   4.267 0.000
258.291667 259.291667  13.180 0.000   3.908 0.000
261.291667 262.291667 999.999 0.456 999.999 0.456
264.291667 265.291667 999.999 0.456 999.999 0.456
267.291667 268.291667 999.999 0.456 999.999 0.456
270.291667 271.291667  20.989 0.000   5.715 0.000
273.291667 274.291667  13.161 0.000   2.832 0.000
276.291667 277.291667  20.411 0.000   7.006 0.000
279.291667 280.291667  21.140 0.000   5.778 0.000
282.291667 283.291667  18.490 0.000   5.031 0.000
285.291667 286.291667  20.360 0.000   5.794 0.000
288.291667 289.291667 999.999 0.456   5.391 0.000
291.291667 292.291667  23.113 0.000   7.149 0.000
294.291667 295.291667  41.074 0.000  11.509 0.000
297.291667 298.291667  34.288 0.000   6.574 0.000
300.291667 301.291667  26.705 0.000   7.363 0.000
303.291667 304.291667  19.837 0.000   4.882 0.000
306.291667 307.291667  21.168 0.000   5.008 0.000
309.291667 310.291667  12.757 0.000   2.807 0.000
312.291667 313.291667  15.682 0.000   3.630 0.000
315.291667 316.291667  22.188 0.000   5.598 0.000
318.291667 319.291667  28.705 0.000   6.649 0.000
321.291667 322.291667  23.057 0.000   5.405 0.000
324.291667 325.291667  35.300 0.000   8.380 0.000
327.291667 328.291667  31.104 0.000   8.777 0.000
330.291667 331.291667  21.030 0.000   6.065 0.000
333.291667 334.291667  39.887 0.000  11.172 0.000
336.291667 337.291667  15.894 0.000   6.182 0.000
339.291667 340.291667  31.849 0.000   7.101 0.000
342.291667 343.291667  16.841 0.000   3.666 0.000
345.291667 346.291667  18.888 0.000   4.275 0.000
348.291667 349.291667  34.578 0.000   9.022 0.000
351.291667 352.291667   4.094 0.000   2.320 0.000
354.291667 355.291667  37.275 0.000   7.210 0.000
357.291667 358.291667  14.409 0.000   5.353 0.000
360.291667 361.291667 999.999 0.999 999.999 0.999
363.291667 364.291667  18.311 0.000   4.991 0.000
