scripts/IMPROVE-2019_partial/data/US9063R.20020102070000.20191216000000.filterpack..pm25.52w.1w.US03L_filterpack_US9063.US03L_IMPROVE_Davis.lev2.nas
66 1001
MISSING INFORMATION
US03L, IMPROVE, , , , , , , 
MISSING INFORMATION
IMPROVE sel_HTAP
1 1
2002 01 01 2019 12 16
3.000000
days from file reference point
27
1 1 1 1 1 1 1 1 1 1 1 1 1 1 1 1 1 1 1 1 1 1 1 1 1 1 1
999.999999 999.99 9.999999 99.99 9.999999 9.999 9.999999999 9.99 9.999999 9.999 9.999999 99.999 9.999 99.999 9.999 999.9 9.999999999 999.999 9.999 999.999 9.999 99.999 9.999 9.999 9.999999 9.999 9.999999
end_time of measurement, days from the file reference point
iron, ng/m3, Revision date=20181210133000
numflag iron, no unit, Revision date=20181210133000
lead, ng/m3, Revision date=20181210133000
numflag lead, no unit, Revision date=20181210133000
magnesium, ug/m3, Revision date=20181210133000
numflag magnesium, no unit, Revision date=20181210133000
nickel, ng/m3, Revision date=20181210133000
numflag nickel, no unit, Revision date=20181210133000
nitrate, ug N/m3, Revision date=20181210133000
numflag nitrate, no unit, Revision date=20181210133000
organic_carbon, ug C/m3, Revision date=20181210133000
numflag organic_carbon, no unit, Revision date=20181210133000
organic_mass, ug/m3, Revision date=20181210133000
numflag organic_mass, no unit, Revision date=20181210133000
phosphorus, ng/m3, Revision date=20181210133000
numflag phosphorus, no unit, Revision date=20181210133000
pm10_mass, ug/m3, Version=2, Version description=Data extracted from http://views.cira.colostate.edu/fed/DataWizard 2019-12-16, Sample duration=1d, Orig. time res.=3d, Matrix=pm10, Blank correction=Blank corrected, Volume std. temperature=ambient, Volume std. pressure=ambient
numflag pm10_mass, no unit, Version=2, Version description=Data extracted from http://views.cira.colostate.edu/fed/DataWizard 2019-12-16, Sample duration=1d, Orig. time res.=3d, Matrix=pm10, Blank correction=Blank corrected, Volume std. temperature=ambient, Volume std. pressure=ambient
pm10_pm25_mass, ug/m3, Revision date=20181210133000, Matrix=pm10_pm25
numflag pm10_pm25_mass, no unit, Revision date=20181210133000, Matrix=pm10_pm25
pm25_mass, ug/m3, Version=2, Version description=Data extracted from http://views.cira.colostate.edu/fed/DataWizard 2019-12-16, Sample duration=1d, Orig. time res.=3d, Blank correction=Blank corrected, Volume std. temperature=ambient, Volume std. pressure=ambient
numflag pm25_mass, no unit, Version=2, Version description=Data extracted from http://views.cira.colostate.edu/fed/DataWizard 2019-12-16, Sample duration=1d, Orig. time res.=3d, Blank correction=Blank corrected, Volume std. temperature=ambient, Volume std. pressure=ambient
potassium, ug/m3, Revision date=20181210133000
numflag potassium, no unit, Revision date=20181210133000
sulphate_total, ug S/m3, Revision date=20181210133000
numflag sulphate_total, no unit, Revision date=20181210133000
0
25
Data definition:              EBAS_1.1
Set type code:                TU
Timezone:                     UTC
File name:                    US9063R.20020102070000.20191216000000.filterpack..pm25.52w.1w.US03L_filterpack_US9063.US03L_IMPROVE_Davis.lev2.nas
File creation:                20191218120943
Startdate:                    20020102070000
Revision date:                20191216000000
Statistics:                   arithmetic mean
Data level:                   2
Period code:                  52w
Resolution code:              1w
Station code:                 US9063R
Platform code:                US9063S
Station name:                 UL Bend
Station latitude:             47.5823
Station longitude:            -108.7196
Station altitude:             891.0 m
Regime:                       IMG
Component:                    
Matrix:                       pm25
Laboratory code:              US03L
Instrument type:              filterpack
Instrument name:              filterpack_US9063
Method ref:                   US03L_IMPROVE_Davis
starttime endtime Fe flag_Fe Pb flag_Pb Mg++ flag_Mg++ Ni flag_Ni NO3- flag_NO3- OC flag_OC OM flag_OM P flag_P PM10 flag_PM10 PM10-PM2.5 flag_PM10-PM2.5 PM2.5 flag_PM2.5 K+ flag_K+ SO4-- flag_SO4--
[from data line 75]
226.291667 227.291667   4.67 0.000000  0.16 0.000000 9.999 0.259000000 9.99 0.259000 0.013 0.559000  0.464 0.000  0.650 0.000 999.9 0.259000000   4.423 0.000   2.573 0.000  1.850 0.000 0.007 0.000000 0.139 0.559000
229.291667 230.291667  10.85 0.559000  0.08 0.559000 9.999 0.559259000 9.99 0.559259 0.008 0.559000  0.518 0.000  0.725 0.000 999.9 0.559259000   4.034 0.000   1.897 0.000  2.137 0.559 0.009 0.559000 0.180 0.559000
232.291667 233.291667  32.43 0.559000  0.35 0.559000 9.999 0.559259000 9.99 0.559259 0.030 0.559000  1.371 0.000  1.919 0.000 999.9 0.559259000  11.506 0.000   6.108 0.000  5.398 0.559 0.038 0.559000 0.400 0.559000
235.291667 236.291667  23.42 0.559000  0.31 0.559000 9.999 0.559259000 9.99 0.559259 0.015 0.000000  1.377 0.000  1.928 0.000 999.9 0.559259000   8.432 0.000   3.992 0.000  4.440 0.559 0.036 0.559000 0.197 0.000000
238.291667 239.291667  21.96 0.000000  0.28 0.000000 9.999 0.259000000 9.99 0.259000 0.021 0.000000  0.929 0.000  1.300 0.000 999.9 0.259000000   6.892 0.000   2.618 0.000  4.274 0.000 0.021 0.000000 0.414 0.000000
241.291667 242.291667  40.47 0.000000  0.24 0.000000 9.999 0.259000000 9.99 0.259000 0.020 0.000000  1.355 0.000  1.898 0.000 999.9 0.259000000  11.218 0.000   5.977 0.000  5.240 0.000 0.032 0.000000 0.318 0.000000
244.291667 245.291667  22.42 0.000000  0.39 0.000000 9.999 0.259000000 9.99 0.259000 0.010 0.559000  0.264 0.000  0.369 0.000 999.9 0.259000000   7.564 0.000   6.132 0.000  1.433 0.000 0.015 0.000000 0.079 0.559000
247.291667 248.291667  42.11 0.559000  0.75 0.559000 9.999 0.559259000 9.99 0.559259 0.037 0.559000  1.323 0.000  1.852 0.000 999.9 0.559259000  13.554 0.000   7.893 0.000  5.661 0.559 0.037 0.559000 0.492 0.559000
250.291667 251.291667   8.83 0.000000  0.31 0.000000 9.999 0.259000000 9.99 0.259000 0.015 0.559000  0.695 0.000  0.972 0.000 999.9 0.259000000   4.283 0.000   2.042 0.000  2.241 0.000 0.016 0.000000 0.143 0.559000
253.291667 254.291667  25.44 0.000000  0.59 0.000000 9.999 0.259000000 9.99 0.259000 0.016 0.000000  1.188 0.000  1.663 0.000 999.9 0.259000000   7.643 0.000   4.884 0.000  2.759 0.000 0.020 0.000000 0.144 0.000000
256.291667 257.291667  42.80 0.559000  0.44 0.559000 0.017 0.559000000 9.99 0.559259 0.017 0.559000  0.721 0.000  1.010 0.000 999.9 0.559259000  16.985 0.000  13.676 0.000  3.308 0.559 0.025 0.559000 0.203 0.559000
259.291667 260.291667  41.37 0.000000  0.54 0.000000 9.999 0.259000000 9.99 0.259000 0.014 0.559000  1.047 0.000  1.465 0.000 999.9 0.259000000   8.236 0.000   4.823 0.000  3.413 0.000 0.037 0.000000 0.176 0.559000
262.291667 263.291667  30.14 0.559000  0.29 0.559000 9.999 0.559259000 9.99 0.559259 0.008 0.559000  0.180 0.000  0.251 0.000 999.9 0.559259000  12.029 0.000  10.457 0.000  1.572 0.559 0.019 0.559000 0.073 0.559000
265.291667 266.291667  15.73 0.559000  0.28 0.559000 9.999 0.559259000 9.99 0.559259 0.011 0.559000  0.259 0.000  0.363 0.000 999.9 0.559259000   6.366 0.000   4.249 0.000  2.116 0.559 0.010 0.559000 0.229 0.559000
268.291667 269.291667  20.94 0.559000  0.43 0.559000 9.999 0.559259000 9.99 0.559259 0.022 0.559000  1.012 0.000  1.417 0.000 999.9 0.559259000   6.529 0.000   2.455 0.000  4.073 0.559 0.021 0.559000 0.332 0.559000
271.291667 272.291667  19.64 0.559000  0.47 0.559000 9.999 0.559259000 9.99 0.559259 0.012 0.559000  1.091 0.000  1.527 0.000 999.9 0.559259000   5.940 0.000   3.230 0.000  2.710 0.559 0.022 0.559000 0.113 0.559000
274.291667 275.291667   7.07 0.000000  0.38 0.000000 9.999 0.259000000 9.99 0.259000 0.012 0.559000  0.235 0.000  0.329 0.000 999.9 0.259000000   3.784 0.000   1.630 0.000  2.154 0.000 0.008 0.000000 0.255 0.559000
277.291667 278.291667   2.14 0.559000  0.21 0.559000 9.999 0.559259000 9.99 0.559259 0.035 0.559000  0.703 0.000  0.985 0.000 999.9 0.559259000   2.453 0.000   0.029 0.000  2.424 0.559 0.010 0.559000 0.222 0.559000
280.291667 281.291667   5.68 0.000000  0.30 0.000000 0.021 0.000000000 0.05 0.000000 0.013 0.559000  0.434 0.000  0.607 0.000 999.9 0.259000000   2.395 0.000   0.909 0.000  1.486 0.000 0.011 0.000000 0.100 0.559000
283.291667 284.291667   6.36 0.559000  0.33 0.559000 9.999 0.559259000 9.99 0.559259 0.030 0.559000  0.285 0.000  0.400 0.000 999.9 0.559259000   2.635 0.000 999.999 0.259  3.163 0.559 0.011 0.559000 0.515 0.559000
286.291667 287.291667  11.29 0.000000  0.34 0.000000 9.999 0.259000000 0.06 0.000000 0.013 0.559000  0.551 0.000  0.772 0.000 999.9 0.259000000   3.221 0.000   1.228 0.000  1.993 0.000 0.020 0.000000 0.095 0.559000
289.291667 290.291667  20.84 0.559000  0.72 0.559000 0.006 0.559000000 9.99 0.559259 0.014 0.559000  0.858 0.000  1.200 0.000 999.9 0.559259000   5.406 0.000   2.688 0.000  2.717 0.559 0.022 0.559000 0.142 0.559000
292.291667 293.291667  19.13 0.000000  1.06 0.000000 0.013 0.000000000 9.99 0.259000 0.088 0.559000  0.706 0.000  0.989 0.000 999.9 0.259000000   7.112 0.000   3.257 0.000  3.854 0.000 0.026 0.000000 0.404 0.559000
295.291667 296.291667   6.28 0.000000  0.71 0.000000 9.999 0.259000000 9.99 0.259000 0.092 0.559000  0.459 0.000  0.643 0.000 999.9 0.259000000   5.135 0.000   0.981 0.000  4.154 0.000 0.015 0.000000 0.583 0.559000
298.291667 299.291667  18.54 0.559000  0.53 0.559000 9.999 0.559259000 9.99 0.559259 0.365 0.559000  0.600 0.000  0.840 0.000 999.9 0.559259000   6.359 0.000   1.488 0.000  4.871 0.559 0.023 0.559000 0.479 0.559000
301.291667 302.291667   4.76 0.000000  1.18 0.000000 9.999 0.259000000 0.05 0.000000 0.038 0.000000  0.044 0.000  0.061 0.000 999.9 0.259000000   3.494 0.000   2.098 0.000  1.395 0.000 0.015 0.000000 0.190 0.000000
304.291667 305.291667   7.76 0.559000  0.39 0.559000 9.999 0.559259000 9.99 0.559259 0.057 0.559000  0.487 0.000  0.682 0.000 999.9 0.559259000   4.309 0.000   1.328 0.000  2.981 0.559 0.011 0.559000 0.383 0.559000
307.291667 308.291667  22.75 0.699000  0.56 0.699000 0.011 0.699000000 0.04 0.699000 0.309 0.559000  1.439 0.000  2.014 0.000 999.9 0.699259000   8.200 0.000   2.786 0.000  5.413 0.699 0.034 0.699000 0.256 0.559000
310.291667 311.291667  34.86 0.559000  0.60 0.559000 9.999 0.559259000 9.99 0.559259 0.024 0.559000  0.436 0.000  0.611 0.000 999.9 0.559259000   5.323 0.000   3.216 0.000  2.106 0.559 0.027 0.559000 0.074 0.559000
313.291667 314.291667   7.99 0.000000  0.98 0.000000 9.999 0.259000000 9.99 0.259000 0.294 0.559000  0.904 0.000  1.266 0.000 999.9 0.259000000   7.949 0.000   3.243 0.000  4.705 0.000 0.069 0.000000 0.511 0.559000
316.291667 317.291667   6.59 0.000000 99.99 0.259000 0.012 0.000000000 9.99 0.259000 0.011 0.559000  0.549 0.000  0.769 0.000 999.9 0.259000000   2.769 0.000   1.865 0.000  0.904 0.000 0.014 0.000000 0.036 0.559000
319.291667 320.291667  13.30 0.559000  0.79 0.559000 0.011 0.559000000 9.99 0.559259 0.026 0.559000  0.692 0.000  0.968 0.000 999.9 0.559259000   4.745 0.000   3.252 0.000  1.494 0.559 0.026 0.559000 0.216 0.559000
322.291667 323.291667   8.90 0.000000  0.23 0.000000 9.999 0.259000000 9.99 0.259000 0.006 0.559000  0.254 0.000  0.356 0.000 999.9 0.259000000   3.530 0.000   2.806 0.000  0.724 0.000 0.012 0.000000 0.038 0.559000
325.291667 326.291667   6.98 0.000000  0.11 0.000000 9.999 0.259000000 9.99 0.259000 0.008 0.559000  0.579 0.000  0.811 0.000 999.9 0.259000000   3.307 0.000   1.937 0.000  1.370 0.000 0.017 0.000000 0.043 0.559000
328.291667 329.291667  11.67 0.000000  0.21 0.000000 9.999 0.259000000 9.99 0.259000 0.083 0.559000  0.472 0.000  0.661 0.000 999.9 0.259000000   9.680 0.000   7.166 0.000  2.514 0.000 0.022 0.000000 0.234 0.559000
331.291667 332.291667 999.99 0.999000 99.99 0.999000 9.999 0.999000000 9.99 0.999000 9.999 0.999000 99.999 0.999 99.999 0.999 999.9 0.999000000 999.999 0.999 999.999 0.999 99.999 0.999 9.999 0.999000 9.999 0.999000
334.291667 335.291667 999.99 0.999000 99.99 0.999000 9.999 0.999000000 9.99 0.999000 9.999 0.999000 99.999 0.999 99.999 0.999 999.9 0.999000000 999.999 0.999 999.999 0.999 99.999 0.999 9.999 0.999000 9.999 0.999000
337.291667 338.291667   8.38 0.000000  1.03 0.000000 9.999 0.259000000 9.99 0.259000 0.217 0.559000  0.513 0.000  0.719 0.000 999.9 0.259000000   4.798 0.000   1.547 0.000  3.251 0.000 0.028 0.000000 0.301 0.559000
340.291667 341.291667   3.77 0.000000  0.15 0.000000 9.999 0.259000000 9.99 0.259000 0.049 0.559000  0.534 0.000  0.748 0.000 999.9 0.259000000   2.020 0.000   0.670 0.000  1.350 0.000 0.009 0.000000 0.049 0.559000
343.291667 344.291667   7.61 0.000000  0.31 0.000000 0.016 0.000000000 9.99 0.259000 0.013 0.559000  0.308 0.000  0.431 0.000 999.9 0.259000000   1.860 0.000   0.916 0.000  0.944 0.000 0.007 0.000000 0.048 0.559000
346.291667 347.291667  60.21 0.559000  0.30 0.559000 9.999 0.559259000 9.99 0.559259 0.020 0.559000  0.499 0.000  0.698 0.000 999.9 0.559259000   7.152 0.000   4.870 0.000  2.282 0.559 0.046 0.559000 0.092 0.559000
349.291667 350.291667   9.84 0.559000  0.11 0.559000 0.030 0.559000000 9.99 0.559259 0.007 0.559000  0.114 0.000  0.160 0.000 999.9 0.559259000   3.285 0.000   2.726 0.000  0.559 0.559 0.006 0.559000 0.025 0.559000
352.291667 353.291667   6.98 0.000000  0.14 0.000000 9.999 0.259000000 9.99 0.259000 0.010 0.559000  0.216 0.000  0.303 0.000 999.9 0.259000000   2.008 0.000   1.244 0.000  0.764 0.000 0.007 0.000000 0.034 0.559000
355.291667 356.291667   9.47 0.000000  0.33 0.000000 9.999 0.259000000 9.99 0.259000 0.105 0.559000  0.191 0.000  0.267 0.000 999.9 0.259000000   2.879 0.000   1.754 0.000  1.125 0.000 0.006 0.000000 0.037 0.559000
358.291667 359.291667   5.40 0.000000  0.26 0.000000 0.017 0.000000000 9.99 0.259000 0.023 0.559000  0.295 0.000  0.414 0.000 999.9 0.259000000   1.799 0.000   0.931 0.000  0.868 0.000 0.007 0.000000 0.058 0.559000
361.291667 362.291667   7.96 0.000000  0.56 0.000000 0.020 0.000000000 9.99 0.259000 0.027 0.559000  0.098 0.000  0.138 0.000 999.9 0.259000000   1.841 0.000   0.885 0.000  0.956 0.000 0.008 0.000000 0.103 0.559000
364.291667 365.291667   7.70 0.000000  0.48 0.000000 9.999 0.259000000 9.99 0.259000 0.009 0.559000  0.186 0.000  0.261 0.000 999.9 0.259000000   2.832 0.000   1.789 0.000  1.043 0.000 0.007 0.000000 0.128 0.559000
