scripts/IMPROVE-2019_partial/data/US9057R.20050101060000.20191216000000.filterpack..pm25.52w.1w.US03L_filterpack_US9057_2.US03L_IMPROVE_Davis.lev2.nas
55 1001
MISSING INFORMATION
US03L, IMPROVE, , , , , , , 
MISSING INFORMATION
IMPROVE sel_HTAP
1 1
2005 01 01 2019 12 16
3.00
days from file reference point
15
1 1 1 1 1 1 1 1 1 1 1 1 1 1 1
999.99 9999.99 9.999 999.99 9.999 9.999 9.999999 99.99 9.999999 999.99 9.999999 999.999 9.999 9.999 9.999
end_time of measurement, days from the file reference point
iron, ng/m3, Revision date=20181210133000
numflag iron, no unit, Revision date=20181210133000
lead, ng/m3, Revision date=20181210133000
numflag lead, no unit, Revision date=20181210133000
magnesium, ug/m3, Revision date=20181210133000
numflag magnesium, no unit, Revision date=20181210133000
nickel, ng/m3, Revision date=20181210133000
numflag nickel, no unit, Revision date=20181210133000
phosphorus, ng/m3, Revision date=20181210133000
numflag phosphorus, no unit, Revision date=20181210133000
pm25_mass, ug/m3, Version=2, Version description=Data extracted from http://views.cira.colostate.edu/fed/DataWizard 2019-12-16, Sample duration=1d, Orig. time res.=3d, Blank correction=Blank corrected, Volume std. temperature=ambient, Volume std. pressure=ambient
numflag pm25_mass, no unit, Version=2, Version description=Data extracted from http://views.cira.colostate.edu/fed/DataWizard 2019-12-16, Sample duration=1d, Orig. time res.=3d, Blank correction=Blank corrected, Volume std. temperature=ambient, Volume std. pressure=ambient
potassium, ug/m3, Revision date=20181210133000
numflag potassium, no unit, Revision date=20181210133000
0
26
Data definition:              EBAS_1.1
Set type code:                TU
Timezone:                     UTC
File name:                    US9057R.20050101060000.20191216000000.filterpack..pm25.52w.1w.US03L_filterpack_US9057_2.US03L_IMPROVE_Davis.lev2.nas
File creation:                20191218120920
Startdate:                    20050101060000
Revision date:                20191216000000
Statistics:                   arithmetic mean
Data level:                   2
Period code:                  52w
Resolution code:              1w
Station code:                 US9057R
Platform code:                US9057S
Station name:                 Sac and Fox
Station latitude:             39.9791
Station longitude:            -95.5682
Station altitude:             293.0 m
Regime:                       IMG
Component:                    
Unit:                         ng/m3
Matrix:                       pm25
Laboratory code:              US03L
Instrument type:              filterpack
Instrument name:              filterpack_US9057_2
Method ref:                   US03L_IMPROVE_Davis
starttime endtime Fe flag_Fe Pb flag_Pb Mg++ flag_Mg++ Ni flag_Ni P flag_P PM2.5 flag_PM2.5 K+ flag_K+
  0.25   1.25   21.21 0.000   2.13 0.000 9.999 0.259000  0.22 0.000000 999.99 0.259000   8.728 0.000 0.066 0.000
  3.25   4.25    9.28 0.000   2.37 0.000 9.999 0.259000 99.99 0.259000 999.99 0.259000  11.256 0.000 0.024 0.000
  6.25   7.25   16.73 0.000   1.86 0.000 9.999 0.259000  0.17 0.000000 999.99 0.259000  10.001 0.000 0.041 0.000
  9.25  10.25   13.53 0.000   3.25 0.000 9.999 0.259000 99.99 0.259000 999.99 0.259000  18.979 0.000 0.043 0.000
 12.25  13.25   31.09 0.000   3.79 0.000 9.999 0.259000 99.99 0.259000 999.99 0.259000  11.366 0.000 0.046 0.000
 15.25  16.25   21.20 0.000   2.06 0.000 9.999 0.259000 99.99 0.259000 999.99 0.259000  12.632 0.000 0.041 0.000
 18.25  19.25 9999.99 0.259   1.50 0.000 9.999 0.259000 99.99 0.259000 999.99 0.259000   8.681 0.000 9.999 0.259
 21.25  22.25   16.16 0.000   1.05 0.000 9.999 0.259000  0.20 0.000000 999.99 0.259000   5.704 0.000 0.021 0.000
 24.25  25.25   43.07 0.000   4.51 0.000 9.999 0.259000 99.99 0.259000 999.99 0.259000   7.356 0.000 0.048 0.000
 27.25  28.25 9999.99 0.259   3.31 0.000 9.999 0.259000  0.22 0.000000 999.99 0.259000  15.106 0.000 9.999 0.259
 30.25  31.25 9999.99 0.259   5.98 0.000 9.999 0.259000  0.31 0.000000 999.99 0.259000  35.893 0.000 9.999 0.259
 33.25  34.25   35.76 0.000   2.66 0.000 9.999 0.259000  0.11 0.000000 999.99 0.259000  16.331 0.000 0.031 0.000
 36.25  37.25   11.79 0.000   1.29 0.000 9.999 0.259000 99.99 0.259000 999.99 0.259000   6.469 0.000 0.029 0.000
 39.25  40.25   20.07 0.000   2.19 0.000 9.999 0.259000 99.99 0.259000 999.99 0.259000  11.851 0.000 0.029 0.000
 42.25  43.25   27.33 0.000   1.49 0.000 9.999 0.259000  0.26 0.000000 999.99 0.259000   9.033 0.000 0.032 0.000
 45.25  46.25   25.27 0.000   1.93 0.000 9.999 0.259000 99.99 0.259000 999.99 0.259000   4.653 0.000 0.024 0.000
 48.25  49.25   37.92 0.000   1.38 0.000 9.999 0.259000 99.99 0.259000 999.99 0.259000   5.748 0.000 0.027 0.000
 51.25  52.25   19.12 0.000   2.36 0.000 9.999 0.259000  0.15 0.000000 999.99 0.259000  10.651 0.000 0.021 0.000
 54.25  55.25   33.68 0.000   2.34 0.000 9.999 0.259000  0.11 0.000000 999.99 0.259000  11.845 0.000 0.034 0.000
 57.25  58.25   38.91 0.000   4.09 0.000 9.999 0.259000 99.99 0.259000 999.99 0.259000  17.386 0.000 0.073 0.000
 60.25  61.25   38.01 0.000   2.06 0.000 9.999 0.259000 99.99 0.259000 999.99 0.259000   7.752 0.000 0.055 0.000
 63.25  64.25   36.66 0.000   1.79 0.000 9.999 0.259000 99.99 0.259000 999.99 0.259000  14.247 0.000 0.104 0.000
 66.25  67.25   29.43 0.000   1.38 0.000 9.999 0.259000 99.99 0.259000 999.99 0.259000   7.371 0.000 0.041 0.000
 69.25  70.25   47.61 0.000   0.79 0.000 9.999 0.259000  0.23 0.000000 999.99 0.259000   2.881 0.000 0.026 0.000
 72.25  73.25 9999.99 0.259   2.15 0.000 9.999 0.259000 99.99 0.259000 999.99 0.259000   7.564 0.000 9.999 0.259
 75.25  76.25 9999.99 0.259   0.81 0.000 9.999 0.259000  0.33 0.000000 999.99 0.259000  14.059 0.000 9.999 0.259
 78.25  79.25   32.79 0.000   2.55 0.000 9.999 0.259000  0.26 0.000000 999.99 0.259000  19.089 0.000 0.061 0.000
 81.25  82.25 9999.99 0.259  12.97 0.000 9.999 0.259000  0.17 0.000000 999.99 0.259000  11.108 0.000 9.999 0.259
 84.25  85.25   25.54 0.000   7.66 0.000 9.999 0.259000  0.19 0.000000 999.99 0.259000  19.466 0.000 0.030 0.000
 87.25  88.25 9999.99 0.259   2.73 0.000 9.999 0.259000  0.25 0.000000 999.99 0.259000   9.681 0.000 9.999 0.259
 90.25  91.25   33.55 0.000   1.94 0.000 9.999 0.259000 99.99 0.259000 999.99 0.259000   3.454 0.000 0.025 0.000
 93.25  94.25 9999.99 0.259   1.65 0.000 9.999 0.259000 99.99 0.259000 999.99 0.259000  19.927 0.000 9.999 0.259
 96.25  97.25   30.06 0.000   1.50 0.000 9.999 0.259000  0.20 0.000000 999.99 0.259000   7.854 0.000 0.030 0.000
 99.25 100.25   65.97 0.000   2.44 0.000 9.999 0.259000  0.26 0.000000 999.99 0.259000  15.253 0.000 0.086 0.000
102.25 103.25   35.30 0.000   2.03 0.000 0.008 0.000000 99.99 0.259000 999.99 0.259000   5.470 0.000 0.027 0.000
105.25 106.25   86.85 0.000   2.90 0.000 9.999 0.259000  0.12 0.000000 999.99 0.259000  19.100 0.000 0.168 0.000
108.25 109.25   48.72 0.000   1.61 0.000 0.015 0.000000  0.31 0.000000 999.99 0.259000  12.363 0.000 0.065 0.000
111.25 112.25   24.93 0.000   0.92 0.000 9.999 0.259000  0.21 0.000000 999.99 0.259000   3.428 0.000 0.022 0.000
114.25 115.25   38.36 0.000   2.64 0.000 9.999 0.259000 99.99 0.259000 999.99 0.259000   5.709 0.000 0.051 0.000
117.25 118.25 9999.99 0.259   2.18 0.000 9.999 0.259000 99.99 0.259000 999.99 0.259000   4.974 0.000 9.999 0.259
120.25 121.25   24.15 0.000   0.96 0.000 9.999 0.259000 99.99 0.259000 999.99 0.259000   2.178 0.000 0.018 0.000
123.25 124.25  103.81 0.000   2.02 0.000 9.999 0.259000 99.99 0.259000 999.99 0.259000   6.907 0.000 0.059 0.000
126.25 127.25   55.96 0.000   2.27 0.000 9.999 0.259000 99.99 0.259000 999.99 0.259000  11.876 0.000 0.059 0.000
129.25 130.25   67.98 0.000   1.78 0.000 9.999 0.259000  0.21 0.000000 999.99 0.259000  11.173 0.000 0.081 0.000
132.25 133.25   24.35 0.000   4.06 0.000 9.999 0.259000  0.07 0.000000 999.99 0.259000   3.632 0.000 0.022 0.000
135.25 136.25   35.21 0.000   1.76 0.000 9.999 0.259000 99.99 0.259000 999.99 0.259000   5.213 0.000 0.030 0.000
138.25 139.25 9999.99 0.999 999.99 0.999 9.999 0.999000 99.99 0.999000 999.99 0.999000 999.999 0.999 9.999 0.999
141.25 142.25   55.38 0.000   4.73 0.000 9.999 0.259000 99.99 0.259000 999.99 0.259000   7.689 0.000 0.038 0.000
144.25 145.25   51.98 0.000   1.61 0.000 9.999 0.259000  0.17 0.000000 999.99 0.259000   7.715 0.000 0.031 0.000
147.25 148.25    0.03 0.000   0.89 0.000 9.999 0.259000 99.99 0.259000 999.99 0.259000   2.980 0.000 0.002 0.000
150.25 151.25   50.11 0.000   3.23 0.000 9.999 0.259000 99.99 0.259000 999.99 0.259000   9.166 0.000 0.037 0.000
153.25 154.25   52.01 0.000   1.30 0.000 9.999 0.259000  0.21 0.000000 999.99 0.259000  11.556 0.000 0.035 0.000
156.25 157.25   36.03 0.000   1.46 0.000 9.999 0.259000  0.13 0.000000 999.99 0.259000   8.101 0.000 0.043 0.000
159.25 160.25   45.83 0.394   0.90 0.394 9.999 0.394259 99.99 0.394259 999.99 0.394259   4.029 0.000 0.034 0.394
162.25 163.25   19.26 0.000   1.02 0.000 9.999 0.259000 99.99 0.259000 999.99 0.259000   3.161 0.000 0.032 0.000
165.25 166.25   22.43 0.000   0.98 0.000 9.999 0.259000 99.99 0.259000 999.99 0.259000   2.778 0.000 0.026 0.000
168.25 169.25   60.11 0.000   1.92 0.000 9.999 0.259000  0.06 0.000000 999.99 0.259000   7.587 0.000 0.031 0.000
171.25 172.25   78.04 0.000   2.28 0.000 9.999 0.259000  0.13 0.000000 999.99 0.259000  16.074 0.000 0.089 0.000
174.25 175.25   68.84 0.000   2.14 0.000 0.012 0.000000  0.17 0.000000 999.99 0.259000  25.186 0.000 0.085 0.000
177.25 178.25   67.62 0.000   1.38 0.000 9.999 0.259000  0.21 0.000000 999.99 0.259000  23.621 0.000 0.080 0.000
180.25 181.25   33.92 0.000   0.46 0.000 9.999 0.259000  0.14 0.000000 999.99 0.259000   7.439 0.000 0.079 0.000
183.25 184.25   36.17 0.000   2.05 0.000 0.009 0.000000 99.99 0.259000 999.99 0.259000   7.987 0.000 0.208 0.000
186.25 187.25   51.34 0.000   2.41 0.000 0.012 0.000000 99.99 0.259000 999.99 0.259000   6.776 0.000 0.187 0.000
189.25 190.25   64.83 0.000   2.98 0.000 9.999 0.259000 99.99 0.259000 999.99 0.259000  16.286 0.000 0.065 0.000
192.25 193.25   53.38 0.000   2.73 0.000 9.999 0.259000 99.99 0.259000 999.99 0.259000  24.238 0.000 0.054 0.000
195.25 196.25   76.78 0.000   2.88 0.000 9.999 0.259000 99.99 0.259000 999.99 0.259000  17.415 0.000 0.052 0.000
198.25 199.25   22.47 0.000   0.78 0.000 9.999 0.259000 99.99 0.259000 999.99 0.259000   4.106 0.000 0.046 0.000
201.25 202.25   85.52 0.000   0.38 0.000 0.010 0.000000  0.23 0.000000 999.99 0.259000   9.086 0.000 0.047 0.000
204.25 205.25   43.53 0.000   0.88 0.000 9.999 0.259000 99.99 0.259000 999.99 0.259000   9.284 0.000 0.035 0.000
207.25 208.25   27.19 0.000   2.17 0.000 9.999 0.259000 99.99 0.259000 999.99 0.259000   2.992 0.000 0.023 0.000
210.25 211.25   60.74 0.000   2.24 0.000 9.999 0.259000 99.99 0.259000 999.99 0.259000   9.986 0.000 0.044 0.000
213.25 214.25   76.27 0.000   1.93 0.000 9.999 0.259000  0.14 0.000000 999.99 0.259000  16.936 0.000 0.044 0.000
216.25 217.25   52.40 0.000   2.92 0.000 9.999 0.259000 99.99 0.259000  38.43 0.000000   5.209 0.000 0.032 0.000
219.25 220.25   95.39 0.000   2.51 0.000 9.999 0.259000  0.15 0.000000 999.99 0.259000  17.321 0.000 0.050 0.000
222.25 223.25  262.60 0.000   1.42 0.000 9.999 0.259000  0.27 0.000000 999.99 0.259000  15.556 0.000 0.110 0.000
225.25 226.25   20.29 0.000   1.71 0.000 9.999 0.259000 99.99 0.259000 999.99 0.259000   3.088 0.000 0.025 0.000
228.25 229.25   44.83 0.000   1.92 0.000 9.999 0.259000 99.99 0.259000 999.99 0.259000  10.931 0.000 0.027 0.000
231.25 232.25   18.63 0.000   0.82 0.000 9.999 0.259000  0.08 0.000000 999.99 0.259000   4.529 0.000 0.027 0.000
234.25 235.25   34.88 0.000   2.99 0.000 9.999 0.259000  0.72 0.000000 999.99 0.259000   7.786 0.000 0.030 0.000
237.25 238.25   56.59 0.000   1.22 0.000 9.999 0.259000  0.13 0.000000 999.99 0.259000   5.352 0.000 0.039 0.000
240.25 241.25   25.21 0.000   2.12 0.000 9.999 0.259000  2.52 0.000000 999.99 0.259000   5.709 0.000 0.045 0.000
243.25 244.25   75.17 0.000   3.14 0.000 0.013 0.000000 99.99 0.259000 999.99 0.259000   4.100 0.000 0.038 0.000
246.25 247.25   53.91 0.000   1.71 0.000 0.007 0.000000 99.99 0.259000 999.99 0.259000  14.790 0.000 0.057 0.000
249.25 250.25   89.94 0.000   3.18 0.000 9.999 0.259000 99.99 0.259000 999.99 0.259000  24.238 0.000 0.075 0.000
252.25 253.25   87.70 0.000   2.61 0.000 9.999 0.259000  0.09 0.000000 999.99 0.259000  26.045 0.000 0.098 0.000
255.25 256.25  104.84 0.000   1.72 0.000 9.999 0.259000  0.25 0.000000 999.99 0.259000  12.132 0.000 0.056 0.000
258.25 259.25   39.36 0.000   1.27 0.000 9.999 0.259000  0.09 0.000000 999.99 0.259000   4.837 0.000 0.032 0.000
261.25 262.25   74.93 0.000   3.30 0.000 9.999 0.259000  0.16 0.000000 999.99 0.259000  10.912 0.000 0.054 0.000
264.25 265.25   71.40 0.000   1.91 0.000 9.999 0.259000  0.23 0.000000 999.99 0.259000  10.380 0.000 0.059 0.000
267.25 268.25   57.23 0.000   3.10 0.000 9.999 0.259000  0.14 0.000000 999.99 0.259000   9.414 0.000 0.055 0.000
270.25 271.25   32.22 0.000   2.22 0.000 9.999 0.259000 99.99 0.259000 999.99 0.259000   5.031 0.000 0.034 0.000
273.25 274.25   45.21 0.000   1.17 0.000 9.999 0.259000  0.24 0.000000 999.99 0.259000  12.374 0.000 0.050 0.000
276.25 277.25   23.83 0.000   0.76 0.000 9.999 0.259000  0.46 0.000000 999.99 0.259000   9.022 0.000 0.036 0.000
279.25 280.25   35.83 0.000   0.60 0.000 9.999 0.259000 99.99 0.259000 999.99 0.259000   2.342 0.000 0.033 0.000
282.25 283.25   54.98 0.000   1.18 0.000 0.034 0.000000 99.99 0.259000 999.99 0.259000   9.217 0.000 0.037 0.000
285.25 286.25   39.71 0.000   7.97 0.000 0.014 0.000000 99.99 0.259000 999.99 0.259000   4.897 0.000 0.020 0.000
288.25 289.25   54.77 0.000   3.80 0.000 0.023 0.000000 99.99 0.259000  40.21 0.000000   6.213 0.000 0.062 0.000
291.25 292.25 9999.99 0.899 999.99 0.899 9.999 0.899000 99.99 0.899000 999.99 0.899000   4.741 0.000 9.999 0.899
294.25 295.25 9999.99 0.456 999.99 0.456 9.999 0.456000 99.99 0.456000 999.99 0.456000 999.999 0.456 9.999 0.456
297.25 298.25 9999.99 0.899 999.99 0.899 9.999 0.899000 99.99 0.899000 999.99 0.899000   5.637 0.000 9.999 0.899
300.25 301.25 9999.99 0.899 999.99 0.899 9.999 0.899000 99.99 0.899000 999.99 0.899000  10.419 0.000 9.999 0.899
303.25 304.25 9999.99 0.899 999.99 0.899 9.999 0.899000 99.99 0.899000 999.99 0.899000   3.936 0.000 9.999 0.899
306.25 307.25   73.10 0.000   2.26 0.000 9.999 0.259000  0.14 0.000000 999.99 0.259000   5.933 0.000 0.062 0.000
309.25 310.25   60.99 0.000   2.77 0.000 0.011 0.000000 99.99 0.259000 999.99 0.259000   4.671 0.000 0.053 0.000
312.25 313.25   59.83 0.000   0.86 0.000 0.016 0.000000 99.99 0.259000 999.99 0.259000   3.277 0.000 0.043 0.000
315.25 316.25   54.13 0.000   1.16 0.000 9.999 0.259000  0.25 0.000000 999.99 0.259000  12.734 0.000 0.116 0.000
318.25 319.25 9999.99 0.456 999.99 0.456 9.999 0.456000 99.99 0.456000 999.99 0.456000 999.999 0.456 9.999 0.456
321.25 322.25   16.49 0.000   1.36 0.000 9.999 0.259000  0.25 0.000000 999.99 0.259000   3.422 0.000 0.025 0.000
324.25 325.25   18.23 0.000   2.67 0.000 9.999 0.259000 99.99 0.259000 999.99 0.259000   2.934 0.000 0.024 0.000
327.25 328.25   23.95 0.000   1.46 0.000 9.999 0.259000 99.99 0.259000 999.99 0.259000   2.184 0.000 0.020 0.000
330.25 331.25   27.84 0.000   1.20 0.000 9.999 0.259000 99.99 0.259000 999.99 0.259000   7.011 0.000 0.050 0.000
333.25 334.25   32.59 0.000   1.00 0.000 9.999 0.259000  0.12 0.000000 999.99 0.259000   6.309 0.000 0.039 0.000
336.25 337.25   20.27 0.000   3.92 0.000 9.999 0.259000 99.99 0.259000 999.99 0.259000  17.395 0.000 0.038 0.000
339.25 340.25   12.06 0.000   2.90 0.000 9.999 0.259000 99.99 0.259000 999.99 0.259000  10.671 0.000 0.043 0.000
342.25 343.25   15.77 0.000   1.50 0.000 0.011 0.000000  0.70 0.000000 999.99 0.259000   9.754 0.000 0.055 0.000
345.25 346.25   14.76 0.000   0.54 0.000 9.999 0.259000 99.99 0.259000 999.99 0.259000   2.179 0.000 0.017 0.000
348.25 349.25   10.69 0.000   0.37 0.000 9.999 0.259000 99.99 0.259000 999.99 0.259000   1.772 0.000 0.010 0.000
351.25 352.25   11.13 0.000   1.48 0.000 9.999 0.259000  0.22 0.000000 999.99 0.259000   3.823 0.000 0.025 0.000
354.25 355.25   14.84 0.000   1.96 0.000 9.999 0.259000  0.52 0.000000 999.99 0.259000  18.631 0.000 0.035 0.000
357.25 358.25    9.36 0.000   0.49 0.000 9.999 0.259000 99.99 0.259000 999.99 0.259000   6.633 0.000 0.009 0.000
360.25 361.25   38.10 0.000   4.97 0.000 9.999 0.259000 99.99 0.259000 999.99 0.259000  11.700 0.000 0.043 0.000
363.25 364.25    5.95 0.000   0.84 0.000 9.999 0.259000 99.99 0.259000 999.99 0.259000   3.247 0.000 0.009 0.000
