scripts/IMPROVE-2019_partial/data/US9062R.20010101060000.20191216000000.filterpack..pm25.52w.1w.US03L_filterpack_US9062.US03L_IMPROVE_Davis.lev2.nas
66 1001
MISSING INFORMATION
US03L, IMPROVE, , , , , , , 
MISSING INFORMATION
IMPROVE sel_HTAP
1 1
2001 01 01 2019 12 16
3.00
days from file reference point
27
1 1 1 1 1 1 1 1 1 1 1 1 1 1 1 1 1 1 1 1 1 1 1 1 1 1 1
999.99 9999.99 9.999 99.99 9.999999 9.999 9.999999 9.99 9.999999 99.999 9.999 99.999 9.999 99.999 9.999 999.99 9.999999 999.999 9.999 999.999 9.999 999.999 9.999 9.999 9.999 99.999 9.999
end_time of measurement, days from the file reference point
iron, ng/m3, Revision date=20181210133000
numflag iron, no unit, Revision date=20181210133000
lead, ng/m3, Revision date=20181210133000
numflag lead, no unit, Revision date=20181210133000
magnesium, ug/m3, Revision date=20181210133000
numflag magnesium, no unit, Revision date=20181210133000
nickel, ng/m3, Revision date=20181210133000
numflag nickel, no unit, Revision date=20181210133000
nitrate, ug N/m3, Revision date=20181210133000
numflag nitrate, no unit, Revision date=20181210133000
organic_carbon, ug C/m3, Revision date=20181210133000
numflag organic_carbon, no unit, Revision date=20181210133000
organic_mass, ug/m3, Revision date=20181210133000
numflag organic_mass, no unit, Revision date=20181210133000
phosphorus, ng/m3, Revision date=20181210133000
numflag phosphorus, no unit, Revision date=20181210133000
pm10_mass, ug/m3, Version=2, Version description=Data extracted from http://views.cira.colostate.edu/fed/DataWizard 2019-12-16, Sample duration=1d, Orig. time res.=3d, Matrix=pm10, Blank correction=Blank corrected, Volume std. temperature=ambient, Volume std. pressure=ambient
numflag pm10_mass, no unit, Version=2, Version description=Data extracted from http://views.cira.colostate.edu/fed/DataWizard 2019-12-16, Sample duration=1d, Orig. time res.=3d, Matrix=pm10, Blank correction=Blank corrected, Volume std. temperature=ambient, Volume std. pressure=ambient
pm10_pm25_mass, ug/m3, Revision date=20181210133000, Matrix=pm10_pm25
numflag pm10_pm25_mass, no unit, Revision date=20181210133000, Matrix=pm10_pm25
pm25_mass, ug/m3, Version=2, Version description=Data extracted from http://views.cira.colostate.edu/fed/DataWizard 2019-12-16, Sample duration=1d, Orig. time res.=3d, Blank correction=Blank corrected, Volume std. temperature=ambient, Volume std. pressure=ambient
numflag pm25_mass, no unit, Version=2, Version description=Data extracted from http://views.cira.colostate.edu/fed/DataWizard 2019-12-16, Sample duration=1d, Orig. time res.=3d, Blank correction=Blank corrected, Volume std. temperature=ambient, Volume std. pressure=ambient
potassium, ug/m3, Revision date=20181210133000
numflag potassium, no unit, Revision date=20181210133000
sulphate_total, ug S/m3, Revision date=20181210133000
numflag sulphate_total, no unit, Revision date=20181210133000
0
25
Data definition:              EBAS_1.1
Set type code:                TU
Timezone:                     UTC
File name:                    US9062R.20010101060000.20191216000000.filterpack..pm25.52w.1w.US03L_filterpack_US9062.US03L_IMPROVE_Davis.lev2.nas
File creation:                20191218120937
Startdate:                    20010101060000
Revision date:                20191216000000
Statistics:                   arithmetic mean
Data level:                   2
Period code:                  52w
Resolution code:              1w
Station code:                 US9062R
Platform code:                US9062S
Station name:                 Voyageurs NP #2
Station latitude:             48.4126
Station longitude:            -92.8286
Station altitude:             429.0 m
Regime:                       IMG
Component:                    
Matrix:                       pm25
Laboratory code:              US03L
Instrument type:              filterpack
Instrument name:              filterpack_US9062
Method ref:                   US03L_IMPROVE_Davis
starttime endtime Fe flag_Fe Pb flag_Pb Mg++ flag_Mg++ Ni flag_Ni NO3- flag_NO3- OC flag_OC OM flag_OM P flag_P PM10 flag_PM10 PM10-PM2.5 flag_PM10-PM2.5 PM2.5 flag_PM2.5 K+ flag_K+ SO4-- flag_SO4--
[from data line 83]
249.25 250.25   16.24 0.000  0.94 0.000000 0.008 0.000000 9.99 0.259000  0.025 0.559  0.864 0.000  1.210 0.000 999.99 0.259000   9.681 0.000   3.053 0.000   6.629 0.000 0.010 0.000  0.750 0.559
252.25 253.25    6.28 0.000  0.17 0.000000 9.999 0.259000 0.03 0.000000  0.025 0.000  0.481 0.000  0.673 0.000 999.99 0.259000   4.684 0.000   2.222 0.000   2.462 0.000 0.016 0.000  0.267 0.000
255.25 256.25    0.82 0.000 99.99 0.259000 9.999 0.259000 9.99 0.259000  0.007 0.000  0.242 0.000  0.338 0.000 999.99 0.259000   2.687 0.000   1.494 0.000   1.193 0.000 0.004 0.000  0.037 0.000
258.25 259.25   14.15 0.000  1.71 0.000000 9.999 0.259000 9.99 0.259000  0.045 0.000  0.929 0.000  1.301 0.000 999.99 0.259000  11.259 0.000   5.143 0.000   6.116 0.000 9.999 0.259  0.632 0.000
261.25 262.25    9.79 0.000  1.27 0.000000 9.999 0.259000 0.08 0.000000  0.017 0.000  1.114 0.000  1.559 0.000 999.99 0.259000   8.218 0.000   2.713 0.000   5.505 0.000 0.020 0.000  0.698 0.000
264.25 265.25    1.95 0.000  0.26 0.000000 9.999 0.259000 9.99 0.259000  0.018 0.559  0.436 0.000  0.611 0.000 999.99 0.259000   3.142 0.000   1.651 0.000   1.490 0.000 0.006 0.000  0.150 0.559
267.25 268.25   28.20 0.000  0.51 0.000000 9.999 0.259000 9.99 0.259000  0.029 0.559  0.402 0.000  0.562 0.000  19.92 0.000000   3.114 0.000   1.613 0.000   1.502 0.000 9.999 0.259  0.082 0.559
270.25 271.25   43.29 0.000  0.34 0.000000 9.999 0.259000 9.99 0.259000  0.039 0.000  0.853 0.000  1.194 0.000 999.99 0.259000   5.002 0.000   2.502 0.000   2.500 0.000 0.018 0.000  0.166 0.000
273.25 274.25   17.90 0.000  0.99 0.000000 9.999 0.259000 9.99 0.259000  0.029 0.559  0.932 0.000  1.305 0.000 999.99 0.259000   7.520 0.000   3.547 0.000   3.973 0.000 0.037 0.000  0.352 0.559
276.25 277.25    8.12 0.000  0.29 0.000000 9.999 0.259000 9.99 0.259000  0.023 0.000  0.431 0.000  0.604 0.000 999.99 0.259000   5.198 0.000   3.253 0.000   1.944 0.000 0.047 0.000  0.154 0.000
279.25 280.25   21.75 0.000  0.52 0.000000 9.999 0.259000 9.99 0.259000  0.033 0.000  0.816 0.000  1.143 0.000 999.99 0.259000  10.188 0.000   6.964 0.000   3.224 0.000 0.074 0.000  0.192 0.000
282.25 283.25   16.08 0.000  1.04 0.000000 9.999 0.259000 9.99 0.259000  0.052 0.000  1.426 0.000  1.996 0.000 999.99 0.259000   7.978 0.000   2.316 0.000   5.662 0.000 0.064 0.000  0.460 0.000
285.25 286.25   61.98 0.000  0.84 0.000000 9.999 0.259000 9.99 0.259000  0.097 0.000  1.322 0.000  1.851 0.000 999.99 0.259000   7.027 0.000   2.214 0.000   4.813 0.000 0.091 0.000  0.325 0.000
288.25 289.25    1.45 0.000  0.48 0.000000 9.999 0.259000 9.99 0.259000  0.006 0.000  0.123 0.000  0.172 0.000 999.99 0.259000   1.807 0.000   0.607 0.000   1.200 0.000 0.009 0.000  0.115 0.000
291.25 292.25   12.43 0.000  0.73 0.000000 9.999 0.259000 9.99 0.259000  0.033 0.000  0.989 0.000  1.385 0.000 999.99 0.259000   7.111 0.000   3.623 0.000   3.488 0.000 0.059 0.000  0.176 0.000
294.25 295.25    9.75 0.000  0.38 0.000000 9.999 0.259000 9.99 0.259000  0.093 0.000  1.023 0.000  1.432 0.000 999.99 0.259000   5.239 0.000   1.067 0.000   4.173 0.000 0.063 0.000  0.295 0.000
297.25 298.25    0.43 0.394 99.99 0.394259 9.999 0.394259 9.99 0.394259  0.004 0.394  0.073 0.000  0.102 0.000  10.33 0.394000   0.479 0.000   0.407 0.000   0.072 0.000 0.003 0.394  0.015 0.394
300.25 301.25   34.97 0.000  2.34 0.000000 9.999 0.259000 9.99 0.259000  0.231 0.000  1.174 0.000  1.644 0.000 999.99 0.259000  14.887 0.000  10.109 0.000   4.778 0.000 0.041 0.000  0.313 0.000
303.25 304.25   31.69 0.000  2.90 0.000000 9.999 0.259000 0.12 0.000000  0.753 0.000  1.701 0.000  2.381 0.000 999.99 0.259000  15.749 0.000   3.645 0.000  12.104 0.000 0.043 0.000  0.776 0.000
306.25 307.25   10.61 0.000  1.58 0.000000 9.999 0.259000 0.21 0.000000  0.087 0.000  1.282 0.000  1.795 0.000 999.99 0.259000   5.822 0.000   1.524 0.000   4.298 0.000 0.087 0.000  0.290 0.000
309.25 310.25   37.35 0.000  2.25 0.000000 9.999 0.259000 0.08 0.000000  0.293 0.000  2.990 0.000  4.186 0.000 999.99 0.259000  17.019 0.000   6.649 0.000  10.370 0.000 0.220 0.000  0.580 0.000
312.25 313.25   16.22 0.000  1.15 0.000000 9.999 0.259000 9.99 0.259000  0.080 0.000  1.250 0.000  1.750 0.000 999.99 0.259000   6.903 0.000   3.087 0.000   3.816 0.000 0.077 0.000  0.290 0.000
315.25 316.25   40.51 0.000  2.03 0.000000 9.999 0.259000 0.10 0.000000  0.331 0.000  1.877 0.000  2.628 0.000 999.99 0.259000  13.307 0.000   4.374 0.000   8.933 0.000 0.067 0.000  0.679 0.000
318.25 319.25   18.12 0.000  1.41 0.000000 9.999 0.259000 9.99 0.259000  0.381 0.559  2.030 0.000  2.841 0.000 999.99 0.259000  12.059 0.000   2.535 0.000   9.525 0.000 0.154 0.000  0.782 0.559
321.25 322.25    7.14 0.000  1.97 0.000000 0.010 0.000000 9.99 0.259000  0.168 0.000  1.243 0.000  1.740 0.000 999.99 0.259000   6.211 0.000   2.082 0.000   4.128 0.000 0.038 0.000  0.407 0.000
324.25 325.25   26.16 0.000  0.87 0.000000 9.999 0.259000 0.06 0.000000  0.115 0.000  1.877 0.000  2.628 0.000 999.99 0.259000   9.413 0.000   4.900 0.000   4.512 0.000 0.095 0.000  0.197 0.000
327.25 328.25    1.98 0.000  0.47 0.000000 9.999 0.259000 9.99 0.259000  0.271 0.000  0.643 0.000  0.901 0.000 999.99 0.259000   3.493 0.000   0.261 0.000   3.233 0.000 0.014 0.000  0.273 0.000
330.25 331.25    2.83 0.559 99.99 0.559259 0.006 0.559000 9.99 0.559259  0.007 0.000  0.166 0.000  0.233 0.000 999.99 0.559259   1.580 0.000   1.203 0.000   0.377 0.559 0.008 0.559  0.047 0.000
333.25 334.25    8.10 0.000  0.60 0.000000 9.999 0.259000 9.99 0.259000  0.018 0.000  0.635 0.000  0.889 0.000 999.99 0.259000   3.012 0.000 999.999 0.259   3.157 0.000 0.014 0.000  0.434 0.000
336.25 337.25   27.73 0.000  1.52 0.000000 9.999 0.259000 9.99 0.259000  0.417 0.000  1.540 0.000  2.156 0.000 999.99 0.259000   6.524 0.000   1.004 0.000   5.519 0.000 0.041 0.000  0.176 0.000
339.25 340.25    5.04 0.000  1.06 0.000000 9.999 0.259000 9.99 0.259000  0.026 0.000  0.600 0.000  0.840 0.000 999.99 0.259000   3.980 0.000   0.971 0.000   3.009 0.000 0.024 0.000  0.406 0.000
342.25 343.25   53.69 0.000  2.04 0.000000 9.999 0.259000 9.99 0.259000  0.532 0.000  1.233 0.000  1.726 0.000 999.99 0.259000   9.747 0.000   3.876 0.000   5.872 0.000 0.034 0.000  0.241 0.000
345.25 346.25    9.62 0.559  1.35 0.559000 9.999 0.559259 9.99 0.559259  0.558 0.000  0.601 0.000  0.841 0.000 999.99 0.559259   7.660 0.000   1.973 0.000   5.687 0.559 0.016 0.559  0.426 0.000
348.25 349.25   36.23 0.000  1.69 0.000000 9.999 0.259000 9.99 0.259000  1.177 0.000  1.023 0.000  1.432 0.000 999.99 0.259000  14.689 0.000   1.323 0.000  13.366 0.000 0.026 0.000  1.148 0.000
351.25 352.25    6.22 0.559  0.98 0.559000 9.999 0.559259 9.99 0.559259  0.383 0.000  1.023 0.000  1.432 0.000 999.99 0.559259   7.060 0.000   1.503 0.000   5.557 0.559 0.025 0.559  0.442 0.000
354.25 355.25    4.33 0.559  0.37 0.559000 9.999 0.559259 9.99 0.559259  0.018 0.000  0.467 0.000  0.653 0.000 999.99 0.559259   2.498 0.000   0.669 0.000   1.829 0.559 0.015 0.559  0.216 0.000
357.25 358.25    2.23 0.559  1.28 0.559000 9.999 0.559259 0.08 0.559000  0.029 0.000  0.487 0.000  0.682 0.000 999.99 0.559259   2.556 0.000   0.384 0.000   2.172 0.559 0.016 0.559  0.282 0.000
360.25 361.25    1.98 0.559  0.93 0.559000 9.999 0.559259 9.99 0.559259  0.033 0.000  0.340 0.000  0.475 0.000 999.99 0.559259   1.863 0.000   0.434 0.000   1.429 0.559 0.011 0.559  0.211 0.000
363.25 364.25    3.65 0.000  0.86 0.000000 0.058 0.000000 9.99 0.259000  0.047 0.000  0.379 0.000  0.531 0.000 999.99 0.259000   2.684 0.000   0.725 0.000   1.959 0.000 0.019 0.000  0.333 0.000
