scripts/IMPROVE-2019_partial/data/US9006R.20160101050000.20191216000000.filterpack...52w.3d.US03L_filterpack_US9006.US03L_IMPROVE_Davis.lev2.nas
51 1001
MISSING INFORMATION
US03L, IMPROVE, , , , , , , 
MISSING INFORMATION
IMPROVE sel_HTAP
1 1
2016 01 01 2019 12 16
3.000000
days from file reference point
4
1 1 1 1
999.999999 9999.999 999.999 9.999
end_time of measurement, days from the file reference point
pm10_mass, ug/m3, Matrix=pm10
pm25_mass, ug/m3, Matrix=pm25
numflag, no unit
0
33
Data definition:              EBAS_1.1
Set type code:                TU
Timezone:                     UTC
File name:                    US9006R.20160101050000.20191216000000.filterpack...52w.3d.US03L_filterpack_US9006.US03L_IMPROVE_Davis.lev2.nas
File creation:                20191218120530
Startdate:                    20160101050000
Revision date:                20191216000000
Version:                      2
Version description:          "Data extracted from http://views.cira.colostate.edu/fed/DataWizard 2019-12-16"
Statistics:                   arithmetic mean
Data level:                   2
Period code:                  52w
Resolution code:              3d
Sample duration:              1d
Orig. time res.:              3d
Station code:                 US9006R
Platform code:                US9006S
Station name:                 Martha's Vineyard
Station latitude:             41.3309
Station longitude:            -70.7846
Station altitude:             2.0 m
Regime:                       IMG
Component:                    
Unit:                         ug/m3
Matrix:                       
Laboratory code:              US03L
Instrument type:              filterpack
Instrument name:              filterpack_US9006
Method ref:                   US03L_IMPROVE_Davis
Blank correction:             Blank corrected
Volume std. temperature:      ambient
Volume std. pressure:         ambient
starttime endtime PM10 PM2.5 flag
  0.208333   1.208333    3.206   2.162 0.000
  3.208333   4.208333    8.830   3.606 0.000
  6.208333   7.208333   13.832   6.545 0.000
  9.208333  10.208333   15.862   8.558 0.000
 12.208333  13.208333   13.404   2.792 0.000
 15.208333  16.208333   14.296   3.521 0.000
 18.208333  19.208333   13.535   1.989 0.000
 21.208333  22.208333   12.286   1.661 0.000
 24.208333  25.208333   11.875   3.051 0.000
 27.208333  28.208333    7.617   2.651 0.000
 30.208333  31.208333   29.531  13.098 0.000
 33.208333  34.208333   18.320   7.644 0.000
 36.208333  37.208333    7.063   2.822 0.000
 39.208333  40.208333   10.388   5.147 0.000
 42.208333  43.208333    5.553   1.759 0.000
 45.208333  46.208333   10.748   4.314 0.000
 48.208333  49.208333   10.849   3.780 0.000
 51.208333  52.208333   26.456  10.262 0.000
 54.208333  55.208333   26.756   4.614 0.000
 57.208333  58.208333   18.335   2.718 0.000
 60.208333  61.208333   30.737   3.968 0.000
 63.208333  64.208333   17.728   2.592 0.000
 66.208333  67.208333   33.343   8.154 0.000
 69.208333  70.208333   33.723  16.780 0.000
 72.208333  73.208333   10.503   4.191 0.000
 75.208333  76.208333    5.192   1.233 0.000
 78.208333  79.208333    6.298   1.792 0.000
 81.208333  82.208333   19.272   4.699 0.000
 84.208333  85.208333   18.371   8.457 0.000
 87.208333  88.208333    9.158   2.361 0.000
 90.208333  91.208333   25.898   9.307 0.000
 93.208333  94.208333    9.074   2.774 0.000
 96.208333  97.208333   10.780   3.739 0.000
 99.208333 100.208333    8.776   3.685 0.000
102.208333 103.208333   21.664   8.035 0.000
105.208333 106.208333   13.429   3.970 0.000
108.208333 109.208333   16.671   5.919 0.000
111.208333 112.208333   33.695   6.823 0.000
114.208333 115.208333   35.720   3.571 0.000
117.208333 118.208333    6.075   2.435 0.000
120.208333 121.208333    9.406   3.161 0.000
123.208333 124.208333    7.653   1.852 0.000
126.208333 127.208333   10.330   3.152 0.000
129.208333 130.208333   21.998   6.932 0.000
132.208333 133.208333   47.056   6.310 0.000
135.208333 136.208333   42.612   3.905 0.000
138.208333 139.208333   37.311   3.774 0.000
141.208333 142.208333   18.933   3.941 0.000
144.208333 145.208333   29.038   2.279 0.000
147.208333 148.208333   21.937  10.090 0.000
150.208333 151.208333    9.917   2.584 0.000
153.208333 154.208333   12.468   6.093 0.000
156.208333 157.208333   10.007   5.605 0.000
159.208333 160.208333   23.403   4.272 0.000
162.208333 163.208333   22.813   6.812 0.000
165.208333 166.208333   23.519   3.427 0.000
168.208333 169.208333   14.848   3.864 0.000
171.208333 172.208333   24.509   4.187 0.000
174.208333 175.208333   17.350   8.534 0.000
177.208333 178.208333    9.095   2.911 0.000
180.208333 181.208333   11.079   4.982 0.000
183.208333 184.208333   16.049   4.903 0.000
186.208333 187.208333   10.164   3.398 0.000
189.208333 190.208333   11.293   4.037 0.000
192.208333 193.208333    6.127   2.054 0.000
195.208333 196.208333   18.238   7.845 0.000
198.208333 199.208333   10.399   7.467 0.000
201.208333 202.208333   13.933   2.766 0.000
204.208333 205.208333   30.609  12.217 0.000
207.208333 208.208333   28.480   7.102 0.000
210.208333 211.208333   15.945   7.405 0.000
213.208333 214.208333   18.280   5.031 0.000
216.208333 217.208333   10.968   3.577 0.000
219.208333 220.208333   16.646   5.585 0.000
222.208333 223.208333   16.182   5.287 0.000
225.208333 226.208333   25.778  10.183 0.000
228.208333 229.208333   20.019   5.216 0.000
231.208333 232.208333   14.645   4.584 0.000
234.208333 235.208333   10.322   3.045 0.000
237.208333 238.208333   20.698   4.437 0.000
240.208333 241.208333   20.288   3.813 0.000
243.208333 244.208333   13.999   3.449 0.000
246.208333 247.208333    9.078   2.473 0.000
249.208333 250.208333   25.168   8.224 0.000
252.208333 253.208333   19.495  12.409 0.000
255.208333 256.208333    7.651   1.842 0.000
258.208333 259.208333    8.620   1.935 0.000
261.208333 262.208333   12.549   5.730 0.000
264.208333 265.208333   10.634   4.284 0.000
267.208333 268.208333    7.503   1.963 0.000
270.208333 271.208333   14.206   4.561 0.000
273.208333 274.208333   20.638   5.123 0.000
276.208333 277.208333   10.445   3.677 0.000
279.208333 280.208333   19.768   3.668 0.000
282.208333 283.208333   28.846   5.969 0.000
285.208333 286.208333   15.766   2.105 0.000
288.208333 289.208333   43.929   2.131 0.000
291.208333 292.208333  157.680  11.780 0.000
294.208333 295.208333   81.318   6.597 0.000
297.208333 298.208333   39.494   3.623 0.000
300.208333 301.208333   30.433   1.902 0.000
303.208333 304.208333   49.329   7.903 0.000
306.208333 307.208333   40.576   3.883 0.000
309.208333 310.208333   18.885   2.341 0.000
312.208333 313.208333   37.446   2.360 0.000
315.208333 316.208333   32.382   3.485 0.000
318.208333 319.208333   46.994   5.616 0.000
321.208333 322.208333   50.558   4.273 0.000
324.208333 325.208333   27.051   1.694 0.000
327.208333 328.208333    7.410   1.030 0.000
330.208333 331.208333   17.409   5.268 0.000
333.208333 334.208333   22.194   7.241 0.000
336.208333 337.208333    7.240   2.175 0.000
339.208333 340.208333    5.980   2.340 0.000
342.208333 343.208333   10.332   3.472 0.000
345.208333 346.208333    4.629   1.833 0.000
348.208333 349.208333   26.202   5.581 0.000
351.208333 352.208333   16.384   4.360 0.000
354.208333 355.208333   19.445   3.373 0.000
357.208333 358.208333   20.809   4.104 0.000
360.208333 361.208333   21.541   3.739 0.000
363.208333 364.208333    9.001   3.490 0.000
