scripts/IMPROVE-2019_partial/data/US9048R.20060102070000.20191216000000.filterpack..pm25.52w.1w.US03L_filterpack_US9048.US03L_IMPROVE_Davis.lev2.nas
64 1001
MISSING INFORMATION
US03L, IMPROVE, , , , , , , 
MISSING INFORMATION
IMPROVE sel_HTAP
1 1
2006 01 01 2019 12 16
3.000000
days from file reference point
25
1 1 1 1 1 1 1 1 1 1 1 1 1 1 1 1 1 1 1 1 1 1 1 1 1
999.999999 9999.99 9.999 99.99 9.999 9.999 9.999999 9.99 9.999999 9.999 9.999 99.999 9.999 99.999 9.999 999.999 9.999 99.999 9.999 99.999 9.999 9.999 9.999 9.999 9.999
end_time of measurement, days from the file reference point
iron, ng/m3, Revision date=20181210133000
numflag iron, no unit, Revision date=20181210133000
lead, ng/m3, Revision date=20181210133000
numflag lead, no unit, Revision date=20181210133000
magnesium, ug/m3, Revision date=20181210133000
numflag magnesium, no unit, Revision date=20181210133000
nickel, ng/m3, Revision date=20181210133000
numflag nickel, no unit, Revision date=20181210133000
nitrate, ug N/m3, Revision date=20181210133000
numflag nitrate, no unit, Revision date=20181210133000
organic_carbon, ug C/m3, Revision date=20181210133000
numflag organic_carbon, no unit, Revision date=20181210133000
organic_mass, ug/m3, Revision date=20181210133000
numflag organic_mass, no unit, Revision date=20181210133000
pm10_mass, ug/m3, Version=2, Version description=Data extracted from http://views.cira.colostate.edu/fed/DataWizard 2019-12-16, Sample duration=1d, Orig. time res.=3d, Matrix=pm10, Blank correction=Blank corrected, Volume std. temperature=ambient, Volume std. pressure=ambient
numflag pm10_mass, no unit, Version=2, Version description=Data extracted from http://views.cira.colostate.edu/fed/DataWizard 2019-12-16, Sample duration=1d, Orig. time res.=3d, Matrix=pm10, Blank correction=Blank corrected, Volume std. temperature=ambient, Volume std. pressure=ambient
pm10_pm25_mass, ug/m3, Revision date=20181210133000, Matrix=pm10_pm25
numflag pm10_pm25_mass, no unit, Revision date=20181210133000, Matrix=pm10_pm25
pm25_mass, ug/m3, Version=2, Version description=Data extracted from http://views.cira.colostate.edu/fed/DataWizard 2019-12-16, Sample duration=1d, Orig. time res.=3d, Blank correction=Blank corrected, Volume std. temperature=ambient, Volume std. pressure=ambient
numflag pm25_mass, no unit, Version=2, Version description=Data extracted from http://views.cira.colostate.edu/fed/DataWizard 2019-12-16, Sample duration=1d, Orig. time res.=3d, Blank correction=Blank corrected, Volume std. temperature=ambient, Volume std. pressure=ambient
potassium, ug/m3, Revision date=20181210133000
numflag potassium, no unit, Revision date=20181210133000
sulphate_total, ug S/m3, Revision date=20181210133000
numflag sulphate_total, no unit, Revision date=20181210133000
0
25
Data definition:              EBAS_1.1
Set type code:                TU
Timezone:                     UTC
File name:                    US9048R.20060102070000.20191216000000.filterpack..pm25.52w.1w.US03L_filterpack_US9048.US03L_IMPROVE_Davis.lev2.nas
File creation:                20191218120843
Startdate:                    20060102070000
Revision date:                20191216000000
Statistics:                   arithmetic mean
Data level:                   2
Period code:                  52w
Resolution code:              1w
Station code:                 US9048R
Platform code:                US9048S
Station name:                 White River NF
Station latitude:             39.1536
Station longitude:            -106.8209
Station altitude:             3413.0 m
Regime:                       IMG
Component:                    
Matrix:                       pm25
Laboratory code:              US03L
Instrument type:              filterpack
Instrument name:              filterpack_US9048
Method ref:                   US03L_IMPROVE_Davis
starttime endtime Fe flag_Fe Pb flag_Pb Mg++ flag_Mg++ Ni flag_Ni NO3- flag_NO3- OC flag_OC OM flag_OM PM10 flag_PM10 PM10-PM2.5 flag_PM10-PM2.5 PM2.5 flag_PM2.5 K+ flag_K+ SO4-- flag_SO4--
  1.291667   2.291667    2.05 0.000  0.14 0.000 9.999 0.259000 9.99 0.259000 0.004 0.000  0.211 0.000  0.296 0.000   0.581 0.000  0.419 0.000  0.260 0.000 0.003 0.000 0.028 0.000
  4.291667   5.291667    4.36 0.000  0.29 0.000 0.007 0.000000 9.99 0.259000 0.006 0.000  0.102 0.000  0.143 0.000   0.875 0.000  0.519 0.000  0.356 0.000 0.004 0.000 0.039 0.000
  7.291667   8.291667   14.61 0.000  0.32 0.000 0.007 0.000000 9.99 0.259000 0.045 0.000  0.203 0.000  0.283 0.000   3.175 0.000  2.332 0.000  0.843 0.000 0.011 0.000 0.057 0.000
 10.291667  11.291667  142.11 0.000  0.83 0.000 0.072 0.000000 9.99 0.259000 0.020 0.000  0.149 0.000  0.209 0.000   7.954 0.000  4.286 0.000  3.668 0.000 0.092 0.000 0.069 0.000
 13.291667  14.291667   61.51 0.000  0.43 0.000 0.030 0.000000 9.99 0.259000 0.015 0.000  0.203 0.000  0.284 0.000   3.100 0.000  1.252 0.000  1.849 0.000 0.041 0.000 0.049 0.000
 16.291667  17.291667    5.61 0.000  0.19 0.000 9.999 0.259000 9.99 0.259000 0.013 0.000  0.065 0.000  0.091 0.000   0.582 0.000  0.222 0.000  0.360 0.000 0.008 0.000 0.036 0.000
 19.291667  20.291667    4.57 0.000  0.29 0.000 9.999 0.259000 9.99 0.259000 0.013 0.000  0.084 0.000  0.118 0.000   0.914 0.000  0.287 0.000  0.627 0.000 0.003 0.000 0.073 0.000
 22.291667  23.291667   14.84 0.000  0.55 0.000 9.999 0.259000 9.99 0.259000 0.007 0.000  0.179 0.000  0.250 0.000   1.958 0.000  0.656 0.000  1.302 0.000 0.013 0.000 0.119 0.000
 25.291667  26.291667   18.36 0.000  0.53 0.000 0.007 0.000000 9.99 0.259000 0.016 0.000  0.273 0.000  0.383 0.000   3.154 0.000  1.554 0.000  1.600 0.000 0.016 0.000 0.183 0.000
 28.291667  29.291667    2.27 0.000  0.28 0.000 0.008 0.000000 9.99 0.259000 0.010 0.000  0.006 0.000  0.008 0.000   0.623 0.000  0.221 0.000  0.402 0.000 0.002 0.000 0.041 0.000
 31.291667  32.291667 9999.99 0.999 99.99 0.999 9.999 0.999000 9.99 0.999000 9.999 0.999 99.999 0.999 99.999 0.999 999.999 0.999 99.999 0.999 99.999 0.999 9.999 0.999 9.999 0.999
 34.291667  35.291667   17.68 0.000  1.47 0.000 9.999 0.259000 9.99 0.259000 0.009 0.000  0.293 0.000  0.410 0.000   2.683 0.000  0.810 0.000  1.873 0.000 0.021 0.000 0.206 0.000
 37.291667  38.291667    8.84 0.000  0.44 0.000 9.999 0.259000 9.99 0.259000 0.007 0.000  0.202 0.000  0.283 0.000   0.966 0.000  0.427 0.000  0.539 0.000 0.007 0.000 0.033 0.000
 40.291667  41.291667    9.16 0.000  0.44 0.000 9.999 0.259000 9.99 0.259000 0.035 0.000  0.248 0.000  0.348 0.000   2.486 0.000  1.325 0.000  1.160 0.000 0.007 0.000 0.118 0.000
 43.291667  44.291667   16.91 0.000  0.37 0.000 9.999 0.259000 9.99 0.259000 0.026 0.000  0.138 0.000  0.193 0.000   1.637 0.000  0.622 0.000  1.015 0.000 0.012 0.000 0.050 0.000
 46.291667  47.291667   11.62 0.000  0.36 0.000 0.006 0.000000 9.99 0.259000 0.069 0.000  0.115 0.000  0.161 0.000   4.423 0.000  2.926 0.000  1.497 0.000 0.010 0.000 0.123 0.000
 49.291667  50.291667   13.20 0.000  0.38 0.000 9.999 0.259000 9.99 0.259000 0.049 0.000  0.098 0.000  0.137 0.000   2.303 0.000  1.165 0.000  1.138 0.000 0.012 0.000 0.082 0.000
 52.291667  53.291667   16.51 0.000  0.64 0.000 9.999 0.259000 9.99 0.259000 0.094 0.000  0.152 0.000  0.213 0.000   2.635 0.000  1.305 0.000  1.331 0.000 0.012 0.000 0.116 0.000
 55.291667  56.291667   15.69 0.000  0.76 0.000 9.999 0.259000 9.99 0.259000 0.033 0.000  0.255 0.000  0.358 0.000   1.747 0.000  0.443 0.000  1.304 0.000 0.018 0.000 0.114 0.000
 58.291667  59.291667   11.50 0.000  0.33 0.000 9.999 0.259000 9.99 0.259000 0.008 0.000  0.189 0.000  0.264 0.000   1.284 0.000  0.543 0.000  0.741 0.000 0.011 0.000 0.051 0.000
 61.291667  62.291667   29.90 0.000  0.27 0.000 9.999 0.259000 9.99 0.259000 0.029 0.000  0.268 0.000  0.375 0.000   3.328 0.000  1.549 0.000  1.779 0.000 0.022 0.000 0.119 0.000
 64.291667  65.291667   19.10 0.000  0.38 0.000 9.999 0.259000 9.99 0.259000 0.013 0.000  0.157 0.000  0.220 0.000   1.531 0.000  0.561 0.000  0.970 0.000 0.016 0.000 0.059 0.000
 67.291667  68.291667   14.53 0.000  0.21 0.000 0.006 0.000000 0.15 0.000000 0.036 0.000  0.184 0.000  0.257 0.000   1.758 0.000  0.678 0.000  1.081 0.000 0.008 0.000 0.108 0.000
 70.291667  71.291667    7.95 0.000  0.17 0.000 9.999 0.259000 0.13 0.000000 0.008 0.000  0.034 0.000  0.047 0.000   0.961 0.000  0.395 0.000  0.567 0.000 0.005 0.000 0.041 0.000
 73.291667  74.291667   13.05 0.000  0.42 0.000 0.006 0.000000 9.99 0.259000 0.021 0.000  0.225 0.000  0.315 0.000   2.818 0.000  1.685 0.000  1.133 0.000 0.010 0.000 0.103 0.000
 76.291667  77.291667   17.45 0.000  0.77 0.000 9.999 0.259000 0.12 0.000000 0.020 0.000  0.567 0.000  0.794 0.000   3.182 0.000  0.778 0.000  2.404 0.000 0.017 0.000 0.258 0.000
 79.291667  80.291667   16.71 0.000  0.45 0.000 9.999 0.259000 9.99 0.259000 0.031 0.000  0.374 0.000  0.524 0.000   1.870 0.000  0.590 0.000  1.281 0.000 0.011 0.000 0.105 0.000
 82.291667  83.291667   84.39 0.559  0.88 0.559 9.999 0.559259 0.07 0.559000 0.106 0.000  0.560 0.000  0.784 0.000   6.526 0.000  3.089 0.559  3.437 0.659 0.049 0.559 0.182 0.000
 85.291667  86.291667   52.46 0.000  0.51 0.000 9.999 0.259000 9.99 0.259000 0.030 0.000  0.129 0.000  0.180 0.000   2.954 0.000  1.159 0.000  1.795 0.000 0.030 0.000 0.085 0.000
 88.291667  89.291667    3.34 0.000 99.99 0.259 9.999 0.259000 9.99 0.259000 0.040 0.000  0.237 0.000  0.332 0.000   0.806 0.000  0.192 0.000  0.613 0.000 0.003 0.000 0.047 0.000
 91.291667  92.291667   35.43 0.000  0.29 0.000 0.039 0.000000 9.99 0.259000 0.022 0.000  0.266 0.000  0.372 0.000   2.850 0.000  1.248 0.000  1.602 0.000 0.020 0.000 0.113 0.000
 94.291667  95.291667   18.06 0.000  0.15 0.000 9.999 0.259000 0.08 0.000000 0.009 0.000  0.235 0.000  0.329 0.000   2.111 0.000  0.880 0.000  1.230 0.000 0.014 0.000 0.106 0.000
 97.291667  98.291667   34.24 0.000  0.45 0.000 0.021 0.000000 9.99 0.259000 0.021 0.000  0.285 0.000  0.398 0.000   2.735 0.000  0.959 0.000  1.775 0.000 0.024 0.000 0.114 0.000
100.291667 101.291667   55.32 0.000  0.40 0.000 0.034 0.000000 9.99 0.259000 0.038 0.000  0.100 0.000  0.140 0.000   3.978 0.000  1.481 0.000  2.497 0.000 0.037 0.000 0.177 0.000
103.291667 104.291667   26.61 0.559  0.33 0.559 0.011 0.559000 9.99 0.559259 0.016 0.000  0.259 0.000  0.363 0.000   3.813 0.000  1.569 0.559  2.245 0.659 0.023 0.559 0.181 0.000
106.291667 107.291667  181.16 0.559  0.37 0.559 0.114 0.559000 0.06 0.559000 0.031 0.000  0.195 0.000  0.274 0.000  11.189 0.000  5.574 0.559  5.615 0.659 0.111 0.559 0.158 0.000
109.291667 110.291667   76.84 0.000  0.22 0.000 0.041 0.000000 9.99 0.259000 0.038 0.000  0.383 0.000  0.536 0.000   5.434 0.000  2.578 0.000  2.857 0.000 0.046 0.000 0.080 0.000
112.291667 113.291667  131.71 0.559  0.85 0.559 0.068 0.559000 9.99 0.559259 0.042 0.000  0.287 0.000  0.402 0.000   9.499 0.000  4.811 0.559  4.688 0.659 0.079 0.559 0.184 0.000
115.291667 116.291667  142.21 0.000  1.11 0.000 0.073 0.000000 0.10 0.000000 0.078 0.000  0.520 0.000  0.727 0.000   7.965 0.000  2.732 0.000  5.233 0.000 0.085 0.000 0.256 0.000
118.291667 119.291667  169.21 0.000  1.66 0.000 0.067 0.000000 9.99 0.259000 0.073 0.000  0.399 0.000  0.559 0.000   8.950 0.000  2.678 0.000  6.272 0.000 0.102 0.000 0.380 0.000
121.291667 122.291667  111.80 0.000  1.02 0.000 9.999 0.259000 0.08 0.000000 0.047 0.000  0.290 0.000  0.407 0.000   6.529 0.000  2.554 0.000  3.974 0.000 0.064 0.000 0.166 0.000
124.291667 125.291667   65.70 0.000  0.54 0.000 9.999 0.259000 0.09 0.000000 0.053 0.000  0.223 0.000  0.312 0.000   6.552 0.000  3.730 0.000  2.823 0.000 0.040 0.000 0.151 0.000
127.291667 128.291667   77.19 0.000  1.00 0.000 0.027 0.000000 0.07 0.000000 0.052 0.000  0.364 0.000  0.510 0.000   5.886 0.000  2.071 0.000  3.814 0.000 0.044 0.000 0.309 0.000
130.291667 131.291667   74.35 0.000  1.00 0.000 0.035 0.000000 9.99 0.259000 0.056 0.000  0.387 0.000  0.541 0.000   5.989 0.000  2.510 0.000  3.480 0.000 0.047 0.000 0.238 0.000
133.291667 134.291667   61.80 0.000  0.73 0.000 9.999 0.259000 9.99 0.259000 0.032 0.000  0.344 0.000  0.482 0.000   5.204 0.000  2.346 0.000  2.858 0.000 0.037 0.000 0.178 0.000
136.291667 137.291667   55.52 0.000  0.71 0.000 0.021 0.000000 9.99 0.259000 0.021 0.000  0.610 0.000  0.855 0.000   5.171 0.000  1.873 0.000  3.298 0.000 0.034 0.000 0.162 0.000
139.291667 140.291667   44.18 0.000  0.36 0.000 0.010 0.000000 0.09 0.000000 0.033 0.000  0.464 0.000  0.650 0.000   5.636 0.000  2.288 0.000  3.348 0.000 0.039 0.000 0.259 0.000
142.291667 143.291667  129.23 0.000  0.36 0.000 0.053 0.000000 9.99 0.259000 0.041 0.000  0.296 0.000  0.415 0.000  13.768 0.000  8.503 0.000  5.265 0.000 0.086 0.000 0.206 0.000
145.291667 146.291667 9999.99 0.456 99.99 0.456 9.999 0.456000 9.99 0.456000 0.024 0.000  0.710 0.000  0.995 0.000   0.918 0.000 99.999 0.456 99.999 0.456 9.999 0.456 0.126 0.000
148.291667 149.291667   49.04 0.000  0.39 0.000 9.999 0.259000 0.07 0.000000 0.021 0.000  0.348 0.000  0.487 0.000   4.461 0.000  1.813 0.000  2.649 0.000 0.034 0.000 0.125 0.000
151.291667 152.291667   68.99 0.000  0.80 0.000 0.034 0.000000 9.99 0.259000 0.025 0.000  0.493 0.000  0.690 0.000   7.719 0.000  4.185 0.000  3.534 0.000 0.045 0.000 0.195 0.000
154.291667 155.291667   53.11 0.699  0.59 0.699 0.029 0.699000 0.08 0.699000 0.032 0.000  0.568 0.000  0.796 0.000   6.755 0.000  3.253 0.699  3.503 0.659 0.040 0.699 0.232 0.000
157.291667 158.291667   60.75 0.000  0.51 0.000 0.022 0.000000 9.99 0.259000 0.020 0.559  0.563 0.000  0.789 0.000   8.014 0.000  4.372 0.000  3.642 0.000 0.043 0.000 0.180 0.559
160.291667 161.291667   45.38 0.000  0.44 0.000 0.015 0.000000 0.10 0.000000 0.043 0.000  0.546 0.000  0.765 0.000   6.076 0.000  2.708 0.000  3.368 0.000 0.042 0.000 0.249 0.000
163.291667 164.291667 9999.99 0.999 99.99 0.999 9.999 0.999000 9.99 0.999000 9.999 0.999 99.999 0.999 99.999 0.999 999.999 0.999 99.999 0.999 99.999 0.999 9.999 0.999 9.999 0.999
166.291667 167.291667   34.24 0.000  0.52 0.000 0.011 0.000000 9.99 0.259000 0.044 0.000  0.607 0.000  0.849 0.000   7.181 0.000  4.158 0.000  3.022 0.000 0.028 0.000 0.188 0.000
169.291667 170.291667   34.04 0.000  0.55 0.000 0.013 0.000000 9.99 0.259000 0.025 0.000  0.909 0.000  1.273 0.000   7.159 0.000  3.768 0.000  3.391 0.000 0.033 0.000 0.210 0.000
172.291667 173.291667   50.46 0.000  0.76 0.000 0.018 0.000000 0.07 0.000000 0.026 0.000  1.178 0.000  1.648 0.000  10.788 0.000  5.804 0.000  4.984 0.000 0.062 0.000 0.244 0.000
175.291667 176.291667   32.39 0.000  0.49 0.000 0.010 0.000000 9.99 0.259000 0.014 0.000  0.549 0.000  0.768 0.000   6.801 0.000  4.225 0.000  2.576 0.000 0.024 0.000 0.183 0.000
178.291667 179.291667   43.14 0.000  0.59 0.000 0.015 0.000000 9.99 0.259000 0.018 0.000  0.534 0.000  0.748 0.000  12.461 0.000  9.018 0.000  3.444 0.000 0.033 0.000 0.228 0.000
181.291667 182.291667   21.15 0.000  0.40 0.000 9.999 0.259000 9.99 0.259000 0.018 0.000  0.950 0.000  1.709 0.000   9.720 0.000  5.979 0.000  3.741 0.000 0.027 0.000 0.232 0.000
184.291667 185.291667   12.41 0.000  0.34 0.000 9.999 0.259000 9.99 0.259000 0.015 0.000  0.581 0.000  1.045 0.000   5.191 0.000  2.509 0.000  2.681 0.000 0.021 0.000 0.189 0.000
187.291667 188.291667   24.37 0.000  0.30 0.000 9.999 0.259000 9.99 0.259000 0.026 0.000  0.289 0.000  0.520 0.000   3.819 0.000  1.752 0.000  2.067 0.000 0.022 0.000 0.147 0.000
190.291667 191.291667    8.13 0.000  0.44 0.000 9.999 0.259000 9.99 0.259000 0.014 0.000  0.328 0.000  0.591 0.000   2.754 0.000  1.089 0.000  1.664 0.000 0.009 0.000 0.108 0.000
193.291667 194.291667   38.52 0.000  0.81 0.000 0.008 0.000000 9.99 0.259000 0.045 0.000  1.572 0.000  2.829 0.000  11.339 0.000  5.565 0.000  5.774 0.000 0.081 0.000 0.205 0.000
196.291667 197.291667   27.61 0.000  0.59 0.000 9.999 0.259000 9.99 0.259000 0.018 0.000  1.412 0.000  2.541 0.000   9.399 0.000  4.810 0.000  4.589 0.000 0.044 0.000 0.179 0.000
199.291667 200.291667 9999.99 0.999 99.99 0.999 9.999 0.999000 9.99 0.999000 9.999 0.999 99.999 0.999 99.999 0.999 999.999 0.999 99.999 0.999 99.999 0.999 9.999 0.999 9.999 0.999
202.291667 203.291667 9999.99 0.999 99.99 0.999 9.999 0.999000 9.99 0.999000 9.999 0.999 99.999 0.999 99.999 0.999 999.999 0.999 99.999 0.999 99.999 0.999 9.999 0.999 9.999 0.999
205.291667 206.291667 9999.99 0.999 99.99 0.999 9.999 0.999000 9.99 0.999000 9.999 0.999 99.999 0.999 99.999 0.999 999.999 0.999 99.999 0.999 99.999 0.999 9.999 0.999 9.999 0.999
208.291667 209.291667   26.45 0.000  0.50 0.000 0.007 0.000000 9.99 0.259000 0.020 0.559  1.452 0.000  2.614 0.000   9.301 0.000  4.833 0.000  4.468 0.000 0.032 0.000 0.163 0.559
211.291667 212.291667   18.84 0.000  0.40 0.000 9.999 0.259000 9.99 0.259000 0.028 0.559  1.551 0.000  2.793 0.000   7.248 0.000  1.688 0.000  5.559 0.000 0.090 0.000 0.226 0.559
214.291667 215.291667   15.93 0.000  0.32 0.000 9.999 0.259000 9.99 0.259000 0.016 0.000  0.340 0.000  0.612 0.000   5.064 0.000  2.456 0.000  2.608 0.000 0.017 0.000 0.201 0.000
217.291667 218.291667    5.89 0.000  0.15 0.000 9.999 0.259000 9.99 0.259000 0.009 0.000  0.118 0.000  0.213 0.000   2.123 0.000  0.876 0.000  1.248 0.000 0.008 0.000 0.105 0.000
220.291667 221.291667   35.01 0.000  0.48 0.000 9.999 0.259000 0.13 0.000000 0.014 0.559  0.260 0.000  0.467 0.000   5.412 0.000  2.696 0.000  2.716 0.000 0.024 0.000 0.184 0.559
223.291667 224.291667   13.49 0.000  0.35 0.000 0.006 0.000000 0.06 0.000000 0.013 0.000  0.243 0.000  0.437 0.000   2.641 0.000  0.792 0.000  1.849 0.000 0.011 0.000 0.133 0.000
226.291667 227.291667   20.82 0.000  0.31 0.000 9.999 0.259000 9.99 0.259000 0.020 0.000  0.411 0.000  0.740 0.000   6.087 0.000  3.358 0.000  2.730 0.000 0.024 0.000 0.191 0.000
229.291667 230.291667 9999.99 0.999 99.99 0.999 9.999 0.999000 9.99 0.999000 9.999 0.999 99.999 0.999 99.999 0.999 999.999 0.999 99.999 0.999 99.999 0.999 9.999 0.999 9.999 0.999
232.291667 233.291667 9999.99 0.999 99.99 0.999 9.999 0.999000 9.99 0.999000 9.999 0.999 99.999 0.999 99.999 0.999 999.999 0.999 99.999 0.999 99.999 0.999 9.999 0.999 9.999 0.999
235.291667 236.291667   17.45 0.000  0.28 0.000 9.999 0.259000 9.99 0.259000 0.014 0.000  0.430 0.000  0.774 0.000   3.695 0.000  1.368 0.000  2.327 0.000 0.016 0.000 0.198 0.000
238.291667 239.291667   13.32 0.000  0.30 0.000 9.999 0.259000 9.99 0.259000 0.027 0.000  0.620 0.000  1.115 0.000   3.370 0.000  0.895 0.000  2.475 0.000 0.017 0.000 0.134 0.000
241.291667 242.291667   19.25 0.000  0.26 0.000 9.999 0.259000 9.99 0.259000 0.015 0.000  0.622 0.000  1.119 0.000   4.976 0.000  1.908 0.000  3.068 0.000 0.021 0.000 0.187 0.000
244.291667 245.291667   30.17 0.000  0.51 0.000 0.010 0.000000 9.99 0.259000 0.018 0.000  0.524 0.000  0.943 0.000   5.559 0.000  2.816 0.000  2.743 0.000 0.026 0.000 0.129 0.000
247.291667 248.291667   33.43 0.000  0.39 0.000 9.999 0.259000 9.99 0.259000 0.029 0.000  1.259 0.000  2.267 0.000   7.502 0.000  2.843 0.000  4.659 0.000 0.046 0.000 0.206 0.000
250.291667 251.291667    5.52 0.000  0.33 0.000 9.999 0.259000 9.99 0.259000 0.034 0.000  1.400 0.000  2.519 0.000   4.329 0.000  0.373 0.000  3.957 0.000 0.034 0.000 0.114 0.000
253.291667 254.291667   26.22 0.000  0.24 0.000 9.999 0.259000 9.99 0.259000 0.041 0.000  2.089 0.000  3.761 0.000   7.686 0.000  2.070 0.000  5.616 0.000 0.045 0.000 0.200 0.000
256.291667 257.291667   24.73 0.000  0.27 0.000 0.004 0.000000 9.99 0.259000 0.017 0.000  1.082 0.000  1.947 0.000   6.274 0.000  2.582 0.000  3.692 0.000 0.026 0.000 0.156 0.000
259.291667 260.291667    3.96 0.000  0.21 0.000 9.999 0.259000 9.99 0.259000 0.028 0.000  0.646 0.000  1.162 0.000   2.384 0.000  0.610 0.000  1.773 0.000 0.008 0.000 0.064 0.000
262.291667 263.291667   17.92 0.000  0.30 0.000 0.006 0.000000 9.99 0.259000 0.039 0.000  0.401 0.000  0.721 0.000   4.306 0.000  1.968 0.000  2.338 0.000 0.019 0.000 0.115 0.000
265.291667 266.291667 9999.99 0.999 99.99 0.999 9.999 0.999000 9.99 0.999000 9.999 0.999 99.999 0.999 99.999 0.999 999.999 0.999 99.999 0.999 99.999 0.999 9.999 0.999 9.999 0.999
