scripts/IMPROVE-2019_partial/data/US9010R.20020102050000.20191216000000.filterpack..pm25.52w.1w.US03L_filterpack_US9010.US03L_IMPROVE_Davis.lev2.nas
66 1001
MISSING INFORMATION
US03L, IMPROVE, , , , , , , 
MISSING INFORMATION
IMPROVE sel_HTAP
1 1
2002 01 01 2019 12 16
3.000000
days from file reference point
27
1 1 1 1 1 1 1 1 1 1 1 1 1 1 1 1 1 1 1 1 1 1 1 1 1 1 1
999.999999 9999.99 9.999 99.99 9.999 9.999 9.999 99.99 9.999 9.999 9.999 99.999 9.999 999.999 9.999 999.99 9.999 999.999 9.999 99.999 9.999 999.999 9.999 9.999 9.999 99.999 9.999
end_time of measurement, days from the file reference point
iron, ng/m3, Revision date=20181210133000
numflag iron, no unit, Revision date=20181210133000
lead, ng/m3, Revision date=20181210133000
numflag lead, no unit, Revision date=20181210133000
magnesium, ug/m3, Revision date=20181210133000
numflag magnesium, no unit, Revision date=20181210133000
nickel, ng/m3, Revision date=20181210133000
numflag nickel, no unit, Revision date=20181210133000
nitrate, ug N/m3, Revision date=20181210133000
numflag nitrate, no unit, Revision date=20181210133000
organic_carbon, ug C/m3, Revision date=20181210133000
numflag organic_carbon, no unit, Revision date=20181210133000
organic_mass, ug/m3, Revision date=20181210133000
numflag organic_mass, no unit, Revision date=20181210133000
phosphorus, ng/m3, Revision date=20181210133000
numflag phosphorus, no unit, Revision date=20181210133000
pm10_mass, ug/m3, Version=2, Version description=Data extracted from http://views.cira.colostate.edu/fed/DataWizard 2019-12-16, Sample duration=1d, Orig. time res.=3d, Matrix=pm10, Blank correction=Blank corrected, Volume std. temperature=ambient, Volume std. pressure=ambient
numflag pm10_mass, no unit, Version=2, Version description=Data extracted from http://views.cira.colostate.edu/fed/DataWizard 2019-12-16, Sample duration=1d, Orig. time res.=3d, Matrix=pm10, Blank correction=Blank corrected, Volume std. temperature=ambient, Volume std. pressure=ambient
pm10_pm25_mass, ug/m3, Revision date=20181210133000, Matrix=pm10_pm25
numflag pm10_pm25_mass, no unit, Revision date=20181210133000, Matrix=pm10_pm25
pm25_mass, ug/m3, Version=2, Version description=Data extracted from http://views.cira.colostate.edu/fed/DataWizard 2019-12-16, Sample duration=1d, Orig. time res.=3d, Blank correction=Blank corrected, Volume std. temperature=ambient, Volume std. pressure=ambient
numflag pm25_mass, no unit, Version=2, Version description=Data extracted from http://views.cira.colostate.edu/fed/DataWizard 2019-12-16, Sample duration=1d, Orig. time res.=3d, Blank correction=Blank corrected, Volume std. temperature=ambient, Volume std. pressure=ambient
potassium, ug/m3, Revision date=20181210133000
numflag potassium, no unit, Revision date=20181210133000
sulphate_total, ug S/m3, Revision date=20181210133000
numflag sulphate_total, no unit, Revision date=20181210133000
0
25
Data definition:              EBAS_1.1
Set type code:                TU
Timezone:                     UTC
File name:                    US9010R.20020102050000.20191216000000.filterpack..pm25.52w.1w.US03L_filterpack_US9010.US03L_IMPROVE_Davis.lev2.nas
File creation:                20191218120547
Startdate:                    20020102050000
Revision date:                20191216000000
Statistics:                   arithmetic mean
Data level:                   2
Period code:                  52w
Resolution code:              1w
Station code:                 US9010R
Platform code:                US9010S
Station name:                 Moosehorn NWR
Station latitude:             45.1259
Station longitude:            -67.2661
Station altitude:             77.0 m
Regime:                       IMG
Component:                    
Matrix:                       pm25
Laboratory code:              US03L
Instrument type:              filterpack
Instrument name:              filterpack_US9010
Method ref:                   US03L_IMPROVE_Davis
starttime endtime Fe flag_Fe Pb flag_Pb Mg++ flag_Mg++ Ni flag_Ni NO3- flag_NO3- OC flag_OC OM flag_OM P flag_P PM10 flag_PM10 PM10-PM2.5 flag_PM10-PM2.5 PM2.5 flag_PM2.5 K+ flag_K+ SO4-- flag_SO4--
[from data line 85]
256.208333 257.208333    3.99 0.000  0.89 0.000 0.046 0.000  0.28 0.000 0.021 0.000  1.048 0.000   1.467 0.000  11.60 0.000   4.126 0.000  1.821 0.000   2.305 0.000 0.065 0.000  0.155 0.000
259.208333 260.208333   40.32 0.000  1.67 0.000 9.999 0.259  0.48 0.000 0.025 0.000  0.926 0.000   1.296 0.000 999.99 0.259   7.926 0.000  4.145 0.000   3.781 0.000 0.057 0.000  0.353 0.000
262.208333 263.208333   26.03 0.000  2.63 0.000 9.999 0.259  1.39 0.000 0.164 0.000  1.756 0.000   2.458 0.000 999.99 0.259  14.297 0.000  3.325 0.000  10.973 0.000 0.036 0.000  1.616 0.000
265.208333 266.208333    3.44 0.000  0.70 0.000 0.036 0.000  0.30 0.000 0.017 0.000  0.620 0.000   0.868 0.000 999.99 0.259   4.902 0.000  2.220 0.000   2.682 0.000 0.017 0.000  0.349 0.000
268.208333 269.208333    9.90 0.000  2.23 0.000 9.999 0.259  0.52 0.000 0.022 0.000  1.474 0.000   2.063 0.000 999.99 0.259   6.451 0.000  2.769 0.000   3.682 0.000 0.015 0.000  0.303 0.000
271.208333 272.208333    3.03 0.000  0.78 0.000 9.999 0.259  0.69 0.000 0.011 0.000  0.579 0.000   0.811 0.000 999.99 0.259   3.780 0.000  2.014 0.000   1.766 0.000 0.059 0.000  0.156 0.000
274.208333 275.208333   41.64 0.000  3.10 0.000 0.058 0.000  0.85 0.000 0.049 0.000  2.906 0.000   4.068 0.000 999.99 0.259  30.377 0.000  6.545 0.000  23.831 0.000 0.050 0.000  4.178 0.000
277.208333 278.208333    7.49 0.000  0.78 0.000 0.016 0.000  0.28 0.000 0.064 0.000  0.987 0.000   1.382 0.000 999.99 0.259  12.286 0.000  5.493 0.000   6.793 0.000 0.084 0.000  1.099 0.000
280.208333 281.208333    9.15 0.000  0.69 0.000 9.999 0.259  0.54 0.000 0.020 0.000  0.598 0.000   0.837 0.000 999.99 0.259   4.983 0.000  2.734 0.000   2.249 0.000 0.168 0.000  0.231 0.000
283.208333 284.208333    4.67 0.000  0.78 0.000 0.021 0.000  0.45 0.000 0.059 0.000  0.725 0.000   1.014 0.000 999.99 0.259   8.054 0.000  4.582 0.000   3.472 0.000 0.023 0.000  0.395 0.000
286.208333 287.208333    2.36 0.000  0.63 0.000 0.016 0.000  0.34 0.000 0.018 0.000  0.462 0.000   0.647 0.000 999.99 0.259   5.622 0.000  3.297 0.000   2.325 0.000 0.014 0.000  0.296 0.000
289.208333 290.208333    5.19 0.000  0.35 0.000 0.016 0.000  0.63 0.000 0.027 0.000  0.554 0.000   0.776 0.000 999.99 0.259   4.972 0.000  2.447 0.000   2.525 0.000 0.029 0.000  0.161 0.000
292.208333 293.208333    7.61 0.000  1.23 0.000 9.999 0.259  0.68 0.000 0.043 0.000  0.777 0.000   1.088 0.000 999.99 0.259   5.946 0.000  1.719 0.000   4.227 0.000 0.042 0.000  0.620 0.000
295.208333 296.208333    4.37 0.000  0.59 0.000 9.999 0.259  1.00 0.000 0.025 0.000  0.698 0.000   0.977 0.000 999.99 0.259   3.720 0.000  1.116 0.000   2.604 0.000 0.180 0.000  0.274 0.000
298.208333 299.208333    3.06 0.000  0.38 0.000 9.999 0.259 99.99 0.259 0.027 0.000  0.737 0.000   1.032 0.000 999.99 0.259   4.034 0.000  1.739 0.000   2.295 0.000 0.017 0.000  0.201 0.000
301.208333 302.208333    2.41 0.000  0.18 0.000 9.999 0.259 99.99 0.259 0.006 0.000  0.273 0.000   0.382 0.000 999.99 0.259   2.423 0.000  1.248 0.000   1.175 0.000 0.007 0.000  0.150 0.000
304.208333 305.208333   11.06 0.000  1.49 0.000 9.999 0.259  0.50 0.000 0.061 0.000  1.660 0.000   2.324 0.000 999.99 0.259   6.200 0.000  2.082 0.000   4.119 0.000 0.066 0.000  0.345 0.000
307.208333 308.208333    6.53 0.000  1.54 0.000 9.999 0.259  0.27 0.000 0.033 0.000  1.344 0.000   1.881 0.000 999.99 0.259   4.200 0.000  0.937 0.000   3.263 0.000 0.056 0.000  0.250 0.000
310.208333 311.208333 9999.99 0.999 99.99 0.999 9.999 0.999 99.99 0.999 9.999 0.999 99.999 0.999 999.999 0.999 999.99 0.999 999.999 0.999 99.999 0.999 999.999 0.999 9.999 0.999 99.999 0.999
313.208333 314.208333    9.22 0.000  1.06 0.000 0.044 0.000  0.58 0.000 0.164 0.000  1.531 0.000   2.143 0.000 999.99 0.259  10.560 0.000  1.632 0.000   8.929 0.000 0.043 0.000  1.359 0.000
316.208333 317.208333    1.42 0.000  0.79 0.000 0.021 0.000  0.07 0.000 0.005 0.559  0.376 0.000   0.527 0.000 999.99 0.259   1.529 0.000  0.754 0.000   0.775 0.000 0.007 0.000  0.090 0.559
319.208333 320.208333    8.94 0.000  0.89 0.000 9.999 0.259  0.11 0.000 0.014 0.000  0.601 0.000   0.842 0.000 999.99 0.259   2.343 0.000  1.126 0.000   1.217 0.000 0.014 0.000  0.198 0.000
322.208333 323.208333   12.18 0.000  0.81 0.000 9.999 0.259  0.27 0.000 0.020 0.000  0.403 0.000   0.564 0.000 999.99 0.259   3.446 0.000  1.535 0.000   1.911 0.000 0.052 0.000  0.251 0.000
325.208333 326.208333    4.00 0.000  1.13 0.000 9.999 0.259  0.52 0.000 0.041 0.000  1.043 0.000   1.460 0.000 999.99 0.259   8.556 0.000  4.107 0.000   4.449 0.000 0.015 0.000  0.585 0.000
328.208333 329.208333    6.49 0.000  1.27 0.000 9.999 0.259  0.36 0.000 0.027 0.000  0.563 0.000   0.788 0.000 999.99 0.259   5.489 0.000  1.227 0.000   4.262 0.000 0.165 0.000  0.720 0.000
331.208333 332.208333   13.18 0.000  2.27 0.000 9.999 0.259  0.78 0.000 0.038 0.000  1.236 0.000   1.730 0.000 999.99 0.259   6.191 0.000  2.809 0.000   3.382 0.000 0.102 0.000  0.235 0.000
334.208333 335.208333    6.38 0.000  1.67 0.000 0.041 0.000  0.49 0.000 0.110 0.000  1.352 0.000   1.892 0.000 999.99 0.259   5.614 0.000  0.497 0.000   5.117 0.000 0.087 0.000  0.555 0.000
337.208333 338.208333    9.39 0.000  1.52 0.000 9.999 0.259  0.46 0.000 0.093 0.000  0.759 0.000   1.062 0.000 999.99 0.259   4.853 0.000  2.338 0.000   2.514 0.000 0.053 0.000  0.267 0.000
340.208333 341.208333   13.23 0.000  1.76 0.000 0.063 0.000  0.98 0.000 0.207 0.000  1.539 0.000   2.154 0.000 999.99 0.259  10.124 0.000  3.419 0.000   6.705 0.000 0.038 0.000  0.822 0.000
343.208333 344.208333   17.78 0.000  1.28 0.000 0.027 0.000  0.60 0.000 0.093 0.000  0.973 0.000   1.362 0.000 999.99 0.259   6.299 0.000  3.000 0.000   3.299 0.000 0.026 0.000  0.303 0.000
346.208333 347.208333   24.61 0.000  2.73 0.000 0.022 0.000  0.65 0.000 0.560 0.000  2.905 0.000   4.067 0.000 999.99 0.259  14.721 0.000  3.544 0.000  11.177 0.000 0.139 0.000  0.849 0.000
349.208333 350.208333    6.22 0.000  0.48 0.000 0.033 0.000 99.99 0.259 0.024 0.000  0.578 0.000   0.809 0.000 999.99 0.259   4.034 0.000  1.899 0.000   2.134 0.000 0.015 0.000  0.304 0.000
352.208333 353.208333   15.73 0.000  1.13 0.000 9.999 0.259  1.83 0.000 0.076 0.000  0.824 0.000   1.153 0.000 999.99 0.259   7.901 0.000  3.860 0.000   4.041 0.000 0.312 0.000  0.400 0.000
355.208333 356.208333    5.60 0.000  0.90 0.000 0.035 0.000  0.24 0.000 0.027 0.000  0.667 0.000   0.934 0.000 999.99 0.259   4.216 0.000  0.368 0.000   3.848 0.000 0.013 0.000  0.636 0.000
358.208333 359.208333    3.95 0.000  1.26 0.000 9.999 0.259  0.67 0.000 0.236 0.000  0.824 0.000   1.153 0.000 999.99 0.259   5.731 0.000  2.064 0.000   3.668 0.000 0.046 0.000  0.260 0.000
361.208333 362.208333    9.42 0.000  1.00 0.000 9.999 0.259  0.48 0.000 0.169 0.000  1.095 0.000   1.533 0.000 999.99 0.259   6.819 0.000  1.077 0.000   5.742 0.000 0.180 0.000  0.702 0.000
364.208333 365.208333    5.43 0.000  0.61 0.000 0.027 0.000  0.19 0.000 0.085 0.000  0.576 0.000   0.806 0.000 999.99 0.259   3.805 0.000  1.046 0.000   2.759 0.000 0.039 0.000  0.304 0.000
