scripts/IMPROVE-2019_partial/data/US9013R.20040101070000.20191216000000.filterpack..pm25.52w.1w.US03L_filterpack_US9013.US03L_IMPROVE_Davis.lev2.nas
66 1001
MISSING INFORMATION
US03L, IMPROVE, , , , , , , 
MISSING INFORMATION
IMPROVE sel_HTAP
1 1
2004 01 01 2019 12 16
3.000000
days from file reference point
27
1 1 1 1 1 1 1 1 1 1 1 1 1 1 1 1 1 1 1 1 1 1 1 1 1 1 1
999.999999 999.99 9.999 99.99 9.999 9.999 9.999999 9.99 9.999 9.999 9.999 99.999 9.999 999.999 9.999 99.99 9.999999 999.999 9.999 99.999 9.999 999.999 9.999 9.999 9.999 9.999 9.999
end_time of measurement, days from the file reference point
iron, ng/m3, Revision date=20181210133000
numflag iron, no unit, Revision date=20181210133000
lead, ng/m3, Revision date=20181210133000
numflag lead, no unit, Revision date=20181210133000
magnesium, ug/m3, Revision date=20181210133000
numflag magnesium, no unit, Revision date=20181210133000
nickel, ng/m3, Revision date=20181210133000
numflag nickel, no unit, Revision date=20181210133000
nitrate, ug N/m3, Revision date=20181210133000
numflag nitrate, no unit, Revision date=20181210133000
organic_carbon, ug C/m3, Revision date=20181210133000
numflag organic_carbon, no unit, Revision date=20181210133000
organic_mass, ug/m3, Revision date=20181210133000
numflag organic_mass, no unit, Revision date=20181210133000
phosphorus, ng/m3, Revision date=20181210133000
numflag phosphorus, no unit, Revision date=20181210133000
pm10_mass, ug/m3, Version=2, Version description=Data extracted from http://views.cira.colostate.edu/fed/DataWizard 2019-12-16, Sample duration=1d, Orig. time res.=3d, Matrix=pm10, Blank correction=Blank corrected, Volume std. temperature=ambient, Volume std. pressure=ambient
numflag pm10_mass, no unit, Version=2, Version description=Data extracted from http://views.cira.colostate.edu/fed/DataWizard 2019-12-16, Sample duration=1d, Orig. time res.=3d, Matrix=pm10, Blank correction=Blank corrected, Volume std. temperature=ambient, Volume std. pressure=ambient
pm10_pm25_mass, ug/m3, Revision date=20181210133000, Matrix=pm10_pm25
numflag pm10_pm25_mass, no unit, Revision date=20181210133000, Matrix=pm10_pm25
pm25_mass, ug/m3, Version=2, Version description=Data extracted from http://views.cira.colostate.edu/fed/DataWizard 2019-12-16, Sample duration=1d, Orig. time res.=3d, Blank correction=Blank corrected, Volume std. temperature=ambient, Volume std. pressure=ambient
numflag pm25_mass, no unit, Version=2, Version description=Data extracted from http://views.cira.colostate.edu/fed/DataWizard 2019-12-16, Sample duration=1d, Orig. time res.=3d, Blank correction=Blank corrected, Volume std. temperature=ambient, Volume std. pressure=ambient
potassium, ug/m3, Revision date=20181210133000
numflag potassium, no unit, Revision date=20181210133000
sulphate_total, ug S/m3, Revision date=20181210133000
numflag sulphate_total, no unit, Revision date=20181210133000
0
25
Data definition:              EBAS_1.1
Set type code:                TU
Timezone:                     UTC
File name:                    US9013R.20040101070000.20191216000000.filterpack..pm25.52w.1w.US03L_filterpack_US9013.US03L_IMPROVE_Davis.lev2.nas
File creation:                20191218120602
Startdate:                    20040101070000
Revision date:                20191216000000
Statistics:                   arithmetic mean
Data level:                   2
Period code:                  52w
Resolution code:              1w
Station code:                 US9013R
Platform code:                US9013S
Station name:                 Northern Cheyenne
Station latitude:             45.6495
Station longitude:            -106.5574
Station altitude:             1283.0 m
Regime:                       IMG
Component:                    
Matrix:                       pm25
Laboratory code:              US03L
Instrument type:              filterpack
Instrument name:              filterpack_US9013
Method ref:                   US03L_IMPROVE_Davis
starttime endtime Fe flag_Fe Pb flag_Pb Mg++ flag_Mg++ Ni flag_Ni NO3- flag_NO3- OC flag_OC OM flag_OM P flag_P PM10 flag_PM10 PM10-PM2.5 flag_PM10-PM2.5 PM2.5 flag_PM2.5 K+ flag_K+ SO4-- flag_SO4--
  0.291667   1.291667  13.98 0.000  0.22 0.000 0.030 0.000000 0.06 0.000 0.017 0.559  0.446 0.000   0.624 0.000 99.99 0.259000   1.529 0.000  0.248 0.000   1.282 0.000 0.011 0.000 0.082 0.559
  3.291667   4.291667   6.61 0.000  0.36 0.000 9.999 0.259000 9.99 0.259 0.074 0.559  0.508 0.000   0.711 0.000 99.99 0.259000   2.854 0.000  0.511 0.000   2.344 0.000 0.020 0.000 0.233 0.559
  6.291667   7.291667  19.93 0.000  0.40 0.000 9.999 0.259000 9.99 0.259 0.006 0.559  0.129 0.000   0.181 0.000 99.99 0.259000   1.984 0.000  0.866 0.000   1.118 0.000 0.012 0.000 0.066 0.559
  9.291667  10.291667   8.80 0.000  0.33 0.000 9.999 0.259000 0.15 0.000 0.006 0.559  0.126 0.000   0.176 0.000 99.99 0.259000   1.405 0.000  0.726 0.000   0.680 0.000 0.009 0.000 0.044 0.559
 12.291667  13.291667   9.61 0.000  0.37 0.000 9.999 0.259000 0.13 0.000 0.010 0.559  0.186 0.000   0.260 0.000 99.99 0.259000   1.455 0.000  0.592 0.000   0.863 0.000 0.011 0.000 0.048 0.559
 15.291667  16.291667   6.94 0.000  0.25 0.000 9.999 0.259000 9.99 0.259 0.011 0.559  0.298 0.000   0.418 0.000 99.99 0.259000   1.529 0.000  0.643 0.000   0.886 0.000 0.007 0.000 0.041 0.559
 18.291667  19.291667   2.40 0.000  0.24 0.000 9.999 0.259000 0.07 0.000 0.029 0.559  0.309 0.000   0.433 0.000 99.99 0.259000   1.206 0.000  0.408 0.000   0.798 0.000 0.005 0.000 0.050 0.559
 21.291667  22.291667   4.87 0.000  0.23 0.000 9.999 0.259000 9.99 0.259 0.016 0.559  0.201 0.000   0.282 0.000 99.99 0.259000   1.612 0.000  0.850 0.000   0.762 0.000 0.006 0.000 0.053 0.559
 24.291667  25.291667  19.73 0.000  0.56 0.000 9.999 0.259000 0.12 0.000 0.152 0.559  0.525 0.000   0.735 0.000 99.99 0.259000  10.925 0.000  7.351 0.000   3.574 0.000 0.032 0.000 0.367 0.559
 27.291667  28.291667  16.27 0.000  0.92 0.000 9.999 0.259000 0.08 0.000 0.069 0.559  0.513 0.000   0.718 0.000 99.99 0.259000   5.892 0.000  3.470 0.000   2.422 0.000 0.018 0.000 0.214 0.559
 30.291667  31.291667   6.50 0.000  0.36 0.000 9.999 0.259000 0.14 0.000 0.009 0.559  0.103 0.000   0.144 0.000 99.99 0.259000   1.123 0.000  0.564 0.000   0.559 0.000 0.005 0.000 0.025 0.559
 33.291667  34.291667  12.53 0.000  0.36 0.000 9.999 0.259000 9.99 0.259 0.138 0.559  0.475 0.000   0.666 0.000 99.99 0.259000   3.889 0.000  1.905 0.000   1.984 0.000 0.011 0.000 0.135 0.559
 36.291667  37.291667   7.66 0.559  0.37 0.559 9.999 0.559259 0.06 0.559 0.149 0.559  0.626 0.000   0.877 0.000 99.99 0.559259   3.283 0.000  1.148 0.000   2.135 0.559 0.012 0.559 0.188 0.559
 39.291667  40.291667   2.23 0.000 99.99 0.259 9.999 0.259000 9.99 0.259 0.028 0.559  0.339 0.000   0.474 0.000 99.99 0.259000   1.622 0.000  0.417 0.000   1.205 0.000 0.005 0.000 0.144 0.559
 42.291667  43.291667  11.07 0.000  0.70 0.000 0.036 0.000000 9.99 0.259 0.020 0.559  0.180 0.000   0.252 0.000 99.99 0.259000   3.743 0.000  2.412 0.000   1.331 0.000 0.011 0.000 0.141 0.559
 45.291667  46.291667   5.65 0.000  0.56 0.000 0.054 0.000000 0.13 0.000 0.059 0.559  0.285 0.000   0.399 0.000 99.99 0.259000   2.604 0.000  0.993 0.000   1.612 0.000 0.006 0.000 0.167 0.559
 48.291667  49.291667  22.76 0.000  0.24 0.000 9.999 0.259000 9.99 0.259 0.013 0.559  0.128 0.000   0.179 0.000 99.99 0.259000   6.531 0.000  5.255 0.000   1.276 0.000 0.014 0.000 0.106 0.559
 51.291667  52.291667   5.54 0.000  0.54 0.000 9.999 0.259000 9.99 0.259 0.080 0.559  0.361 0.000   0.505 0.000 99.99 0.259000   2.121 0.000  0.968 0.000   1.153 0.000 0.005 0.000 0.088 0.559
 54.291667  55.291667  15.22 0.000  0.44 0.000 9.999 0.259000 9.99 0.259 0.401 0.559  0.662 0.000   0.927 0.000 99.99 0.259000   5.579 0.000  2.291 0.000   3.288 0.000 0.011 0.000 0.370 0.559
 57.291667  58.291667   6.86 0.000  1.20 0.000 0.031 0.000000 0.09 0.000 0.029 0.559  0.203 0.000   0.284 0.000 99.99 0.259000   1.479 0.000  0.420 0.000   1.059 0.000 0.010 0.000 0.116 0.559
 60.291667  61.291667   5.39 0.000  0.40 0.000 0.031 0.000000 0.12 0.000 0.029 0.559  0.244 0.000   0.342 0.000 99.99 0.259000   1.088 0.000  0.414 0.000   0.674 0.000 9.999 0.259 0.105 0.559
 63.291667  64.291667  18.95 0.000  0.52 0.000 9.999 0.259000 0.13 0.000 0.085 0.000  0.463 0.000   0.648 0.000 99.99 0.259000   3.036 0.000  0.721 0.000   2.315 0.000 0.012 0.000 0.260 0.000
 66.291667  67.291667  33.63 0.000  1.20 0.000 0.054 0.000000 9.99 0.259 0.021 0.559  0.150 0.000   0.210 0.000 99.99 0.259000   5.156 0.000  3.536 0.000   1.620 0.000 0.025 0.000 0.122 0.559
 69.291667  70.291667  15.58 0.000  0.43 0.000 0.035 0.000000 9.99 0.259 0.030 0.559  0.153 0.000   0.214 0.000 99.99 0.259000   2.050 0.000  0.950 0.000   1.099 0.000 0.011 0.000 0.101 0.559
 72.291667  73.291667  12.87 0.000  0.62 0.000 9.999 0.259000 0.09 0.000 0.029 0.559  0.211 0.000   0.295 0.000 99.99 0.259000   3.430 0.000  1.629 0.000   1.801 0.000 0.014 0.000 0.258 0.559
 75.291667  76.291667  36.99 0.000  1.50 0.000 9.999 0.259000 0.08 0.000 0.032 0.559  0.312 0.000   0.437 0.000 99.99 0.259000   3.828 0.000  2.051 0.000   1.777 0.000 0.029 0.000 0.157 0.559
 78.291667  79.291667  89.35 0.000  0.88 0.000 9.999 0.259000 9.99 0.259 0.020 0.559  0.145 0.000   0.203 0.000 99.99 0.259000   8.418 0.000  5.620 0.000   2.798 0.000 0.050 0.000 0.128 0.559
 81.291667  82.291667  41.20 0.000  1.12 0.000 0.051 0.000000 0.08 0.000 0.044 0.000  0.406 0.000   0.568 0.000 99.99 0.259000   4.948 0.000  2.282 0.000   2.666 0.000 0.032 0.000 0.255 0.000
 84.291667  85.291667  48.78 0.000  0.78 0.000 9.999 0.259000 0.07 0.000 0.021 0.000  0.671 0.000   0.940 0.000 99.99 0.259000   4.712 0.000  1.994 0.000   2.719 0.000 0.037 0.000 0.153 0.000
 87.291667  88.291667   8.30 0.000  0.31 0.000 9.999 0.259000 9.99 0.259 0.009 0.000  0.076 0.000   0.107 0.000 99.99 0.259000   1.830 0.000  1.106 0.000   0.723 0.000 0.007 0.000 0.059 0.000
 90.291667  91.291667  80.87 0.000  1.18 0.000 9.999 0.259000 9.99 0.259 0.035 0.559  0.577 0.000   0.808 0.000 99.99 0.259000  10.273 0.000  5.988 0.000   4.285 0.000 0.053 0.000 0.207 0.559
 93.291667  94.291667  25.59 0.000  1.17 0.000 9.999 0.259000 9.99 0.259 0.219 0.559  0.813 0.000   1.138 0.000 99.99 0.259000   9.481 0.000  4.128 0.000   5.353 0.000 0.029 0.000 0.641 0.559
 96.291667  97.291667  75.83 0.000  1.31 0.000 9.999 0.259000 9.99 0.259 0.037 0.559  0.758 0.000   1.062 0.000 99.99 0.259000   9.550 0.000  4.793 0.000   4.758 0.000 0.055 0.000 0.354 0.559
 99.291667 100.291667  43.49 0.000  1.15 0.000 0.056 0.000000 9.99 0.259 0.031 0.559  0.212 0.000   0.297 0.000 99.99 0.259000   8.598 0.000  5.213 0.000   3.385 0.000 0.032 0.000 0.387 0.559
102.291667 103.291667  38.52 0.000  1.29 0.000 9.999 0.259000 0.09 0.000 0.042 0.559  0.213 0.000   0.298 0.000 99.99 0.259000   6.861 0.000  3.142 0.000   3.719 0.000 0.027 0.000 0.498 0.559
105.291667 106.291667  95.10 0.000  2.16 0.000 9.999 0.259000 9.99 0.259 0.061 0.000  0.668 0.000   0.935 0.000 99.99 0.259000  13.145 0.000  8.039 0.000   5.106 0.000 0.073 0.000 0.425 0.000
108.291667 109.291667  18.51 0.000  0.59 0.000 9.999 0.259000 9.99 0.259 0.092 0.559  0.278 0.000   0.389 0.000 99.99 0.259000   3.431 0.000  0.932 0.000   2.499 0.000 0.015 0.000 0.303 0.559
111.291667 112.291667 999.99 0.999 99.99 0.999 9.999 0.999000 9.99 0.999 9.999 0.999 99.999 0.999 999.999 0.999 99.99 0.999000 999.999 0.999 99.999 0.999 999.999 0.999 9.999 0.999 9.999 0.999
114.291667 115.291667  38.08 0.000  1.91 0.000 9.999 0.259000 0.08 0.000 0.016 0.000  0.280 0.000   0.391 0.000 99.99 0.259000   7.399 0.000  4.569 0.000   2.830 0.000 0.033 0.000 0.312 0.000
117.291667 118.291667  72.60 0.000  2.32 0.000 0.044 0.000000 9.99 0.259 0.030 0.000  0.624 0.000   0.874 0.000 99.99 0.259000   9.288 0.000  5.316 0.000   3.972 0.000 0.049 0.000 0.269 0.000
120.291667 121.291667  31.76 0.000  0.94 0.000 9.999 0.259000 9.99 0.259 0.036 0.000  0.264 0.000   0.370 0.000 99.99 0.259000   9.466 0.000  6.252 0.000   3.214 0.000 0.024 0.000 0.339 0.000
123.291667 124.291667  36.94 0.000  1.07 0.000 9.999 0.259000 9.99 0.259 0.017 0.000  0.917 0.000   1.284 0.000 99.99 0.259000   9.122 0.000  5.650 0.000   3.472 0.000 0.025 0.000 0.159 0.000
126.291667 127.291667  51.49 0.000  0.48 0.000 9.999 0.259000 0.13 0.000 0.032 0.000  1.236 0.000   1.730 0.000 99.99 0.259000  12.091 0.000  8.191 0.000   3.901 0.000 0.036 0.000 0.191 0.000
129.291667 130.291667  47.31 0.000  1.23 0.000 9.999 0.259000 0.06 0.000 0.025 0.000  0.371 0.000   0.519 0.000 99.99 0.259000   7.109 0.000  4.512 0.000   2.597 0.000 0.030 0.000 0.167 0.000
132.291667 133.291667  13.39 0.000  0.53 0.000 9.999 0.259000 0.10 0.000 0.013 0.000  0.032 0.000   0.044 0.000 99.99 0.259000   2.259 0.000  0.777 0.000   1.482 0.000 0.009 0.000 0.173 0.000
135.291667 136.291667  20.37 0.000  1.46 0.000 9.999 0.259000 9.99 0.259 0.015 0.000  0.511 0.000   0.715 0.000 99.99 0.259000   7.069 0.000  4.143 0.000   2.925 0.000 0.020 0.000 0.271 0.000
138.291667 139.291667  14.58 0.000  0.86 0.000 9.999 0.259000 0.14 0.000 0.104 0.000  0.725 0.000   1.015 0.000 99.99 0.259000   4.277 0.000  1.333 0.000   2.944 0.000 0.015 0.000 0.315 0.000
141.291667 142.291667  31.36 0.000  0.97 0.000 9.999 0.259000 9.99 0.259 0.034 0.000  0.580 0.000   0.812 0.000 99.99 0.259000   5.279 0.000  2.180 0.000   3.100 0.000 0.020 0.000 0.285 0.000
144.291667 145.291667   1.87 0.000 99.99 0.259 9.999 0.259000 0.18 0.000 0.006 0.000  0.057 0.000   0.080 0.000 99.99 0.259000   1.240 0.000  0.686 0.000   0.554 0.000 0.002 0.000 0.045 0.000
147.291667 148.291667   9.97 0.000  0.57 0.000 9.999 0.259000 0.13 0.000 0.008 0.000  0.179 0.000   0.250 0.000 99.99 0.259000   2.083 0.000  1.020 0.000   1.064 0.000 0.008 0.000 0.074 0.000
150.291667 151.291667   7.07 0.000 99.99 0.259 9.999 0.259000 9.99 0.259 0.006 0.000  0.122 0.000   0.171 0.000 99.99 0.259000   2.055 0.000  1.234 0.000   0.820 0.000 0.005 0.000 0.056 0.000
153.291667 154.291667  53.25 0.000  0.58 0.000 9.999 0.259000 9.99 0.259 0.019 0.000  0.363 0.000   0.508 0.000 99.99 0.259000   5.841 0.000  2.811 0.000   3.031 0.000 0.031 0.000 0.249 0.000
156.291667 157.291667  68.70 0.000  1.15 0.000 9.999 0.259000 9.99 0.259 0.024 0.000  0.794 0.000   1.111 0.000 99.99 0.259000   8.691 0.000  4.727 0.000   3.964 0.000 0.045 0.000 0.290 0.000
159.291667 160.291667  22.77 0.000  0.78 0.000 0.078 0.000000 9.99 0.259 0.010 0.000  0.607 0.000   0.850 0.000 99.99 0.259000   5.890 0.000  3.213 0.000   2.676 0.000 0.012 0.000 0.334 0.000
162.291667 163.291667  10.65 0.000  0.42 0.000 9.999 0.259000 9.99 0.259 0.013 0.000  0.295 0.000   0.413 0.000 99.99 0.259000   1.603 0.000  0.683 0.000   0.920 0.000 0.008 0.000 0.037 0.000
165.291667 166.291667  15.08 0.000  0.60 0.000 9.999 0.259000 9.99 0.259 0.013 0.000  0.311 0.000   0.435 0.000 99.99 0.259000   2.655 0.000  1.184 0.000   1.471 0.000 0.015 0.000 0.110 0.000
168.291667 169.291667  17.77 0.000  0.47 0.000 9.999 0.259000 0.08 0.000 0.017 0.000  0.222 0.000   0.311 0.000 99.99 0.259000   3.411 0.000  1.586 0.000   1.824 0.000 0.010 0.000 0.162 0.000
171.291667 172.291667  27.51 0.000  0.40 0.000 0.061 0.000000 9.99 0.259 0.044 0.000  0.529 0.000   0.740 0.000 99.99 0.259000   4.561 0.000  1.760 0.000   2.802 0.000 0.014 0.000 0.361 0.000
174.291667 175.291667  47.96 0.000  0.64 0.000 9.999 0.259000 0.09 0.000 0.018 0.559  1.707 0.000   2.390 0.000 99.99 0.259000   7.895 0.000  2.286 0.000   5.609 0.000 0.049 0.000 0.235 0.559
177.291667 178.291667  31.19 0.000  0.30 0.000 9.999 0.259000 0.11 0.000 0.015 0.000  0.513 0.000   0.718 0.000 99.99 0.259000   6.332 0.000  3.804 0.000   2.528 0.000 0.021 0.000 0.222 0.000
180.291667 181.291667  51.48 0.000  0.79 0.000 0.065 0.000000 0.16 0.000 0.031 0.000  0.962 0.000   1.346 0.000 99.99 0.259000  12.199 0.000  7.169 0.000   5.030 0.000 0.040 0.000 0.491 0.000
183.291667 184.291667  33.36 0.000  0.55 0.000 9.999 0.259000 9.99 0.259 0.019 0.000  0.519 0.000   0.727 0.000 99.99 0.259000   6.222 0.000  3.641 0.000   2.581 0.000 0.033 0.000 0.187 0.000
186.291667 187.291667  17.23 0.000 99.99 0.259 9.999 0.259000 9.99 0.259 0.054 0.000  0.206 0.000   0.289 0.000 99.99 0.259000   1.890 0.000  0.404 0.000   1.486 0.000 0.024 0.000 0.114 0.000
189.291667 190.291667  46.61 0.000  0.32 0.000 9.999 0.259000 0.09 0.000 0.017 0.000  0.428 0.000   0.599 0.000 99.99 0.259000   7.884 0.000  5.345 0.000   2.539 0.000 0.027 0.000 0.134 0.000
192.291667 193.291667  32.85 0.000  0.29 0.000 9.999 0.259000 9.99 0.259 0.036 0.000  3.656 0.000   5.119 0.000 99.99 0.259000  11.127 0.000  4.611 0.000   6.516 0.000 0.093 0.000 0.199 0.000
195.291667 196.291667  40.18 0.000  0.42 0.000 9.999 0.259000 9.99 0.259 0.017 0.000  1.136 0.000   1.591 0.000 99.99 0.259000 999.999 0.456 99.999 0.999   4.222 0.000 0.037 0.000 0.274 0.000
198.291667 199.291667  35.84 0.000  0.59 0.000 9.999 0.259000 9.99 0.259 0.016 0.000  1.518 0.000   2.125 0.000 99.99 0.259000 999.999 0.456 99.999 0.999   4.711 0.000 0.038 0.000 0.246 0.000
201.291667 202.291667  17.02 0.000  0.25 0.000 9.999 0.259000 9.99 0.259 0.010 0.000 99.999 0.999 999.999 0.999 99.99 0.259000 999.999 0.456 99.999 0.999   2.484 0.000 0.019 0.000 0.100 0.000
204.291667 205.291667  32.18 0.000 99.99 0.259 9.999 0.259000 9.99 0.259 0.010 0.000 99.999 0.999 999.999 0.999 99.99 0.259000 999.999 0.456 99.999 0.999   4.314 0.000 0.035 0.000 0.183 0.000
207.291667 208.291667  20.95 0.000  0.41 0.000 9.999 0.259000 9.99 0.259 0.009 0.000 99.999 0.999 999.999 0.999 99.99 0.259000 999.999 0.456 99.999 0.999   3.196 0.000 0.019 0.000 0.135 0.000
210.291667 211.291667  22.41 0.000 99.99 0.259 9.999 0.259000 9.99 0.259 0.010 0.000  1.578 0.000   2.209 0.000 99.99 0.259000   8.842 0.000  4.273 0.000   4.569 0.000 0.032 0.000 0.214 0.000
213.291667 214.291667  56.96 0.000  0.39 0.000 9.999 0.259000 9.99 0.259 0.019 0.000  3.189 0.000   4.464 0.000 99.99 0.259000  13.077 0.000  5.391 0.000   7.685 0.000 0.074 0.000 0.199 0.000
216.291667 217.291667  22.42 0.000  0.30 0.000 9.999 0.259000 9.99 0.259 0.016 0.000  0.828 0.000   1.159 0.000 99.99 0.259000   6.417 0.000  3.418 0.000   2.998 0.000 0.024 0.000 0.188 0.000
219.291667 220.291667  24.41 0.000  0.54 0.000 0.026 0.000000 9.99 0.259 0.016 0.000  0.815 0.000   1.140 0.000 99.99 0.259000   5.889 0.000  3.288 0.000   2.600 0.000 0.025 0.000 0.155 0.000
222.291667 223.291667  18.09 0.000  0.45 0.000 9.999 0.259000 9.99 0.259 0.015 0.000  0.679 0.000   0.951 0.000 99.99 0.259000   6.484 0.000  3.252 0.000   3.232 0.000 0.016 0.000 0.310 0.000
225.291667 226.291667  29.31 0.000  0.33 0.000 9.999 0.259000 9.99 0.259 0.014 0.000  2.328 0.000   3.260 0.000 99.99 0.259000  10.861 0.000  4.222 0.000   6.638 0.000 0.043 0.000 0.317 0.000
228.291667 229.291667  39.54 0.000  0.42 0.000 9.999 0.259000 9.99 0.259 0.021 0.000  7.886 0.000  11.041 0.000 99.99 0.259000  22.942 0.000  5.907 0.000  17.034 0.000 0.093 0.000 0.330 0.000
231.291667 232.291667  40.87 0.000 99.99 0.259 9.999 0.259000 9.99 0.259 0.018 0.000  3.084 0.000   4.317 0.000 99.99 0.259000  12.909 0.000  5.903 0.000   7.006 0.000 0.054 0.000 0.184 0.000
234.291667 235.291667  42.03 0.000  0.20 0.000 9.999 0.259000 9.99 0.259 0.011 0.000  2.219 0.000   3.107 0.000 99.99 0.259000  10.825 0.000  5.246 0.000   5.579 0.000 0.052 0.000 0.168 0.000
237.291667 238.291667  17.47 0.000  0.22 0.000 0.041 0.000000 0.09 0.000 0.008 0.559  0.205 0.000   0.288 0.000 99.99 0.259000   3.332 0.000  2.374 0.000   0.958 0.000 0.013 0.000 0.051 0.559
240.291667 241.291667   6.24 0.000  0.23 0.000 9.999 0.259000 9.99 0.259 0.006 0.000  0.273 0.000   0.382 0.000 99.99 0.259000   3.069 0.000  1.643 0.000   1.425 0.000 0.008 0.000 0.126 0.000
243.291667 244.291667  21.09 0.000  0.23 0.000 9.999 0.259000 9.99 0.259 0.007 0.559  0.308 0.000   0.431 0.000 99.99 0.259000   3.779 0.000  2.411 0.000   1.367 0.000 0.014 0.000 0.087 0.559
246.291667 247.291667  21.94 0.000 99.99 0.259 9.999 0.259000 0.15 0.000 0.037 0.000  0.792 0.000   1.109 0.000 99.99 0.259000   3.652 0.000  1.291 0.000   2.361 0.000 0.013 0.000 0.145 0.000
