scripts/IMPROVE-2019_partial/data/US9066R.20010101050000.20191216000000.filterpack..pm25.52w.1w.US03L_filterpack_US9066.US03L_IMPROVE_Davis.lev2.nas
64 1001
MISSING INFORMATION
US03L, IMPROVE, , , , , , , 
MISSING INFORMATION
IMPROVE sel_HTAP
1 1
2001 01 01 2019 12 16
3.000000
days from file reference point
25
1 1 1 1 1 1 1 1 1 1 1 1 1 1 1 1 1 1 1 1 1 1 1 1 1
999.999999 9999.99 9.999 99.99 9.999999 9.999 9.999999 99.99 9.999999 9.999 9.999 99.999 9.999 99.999 9.999 999.999 9.999 999.999 9.999 999.999 9.999 9.999 9.999999 99.999 9.999
end_time of measurement, days from the file reference point
iron, ng/m3, Revision date=20181210133000
numflag iron, no unit, Revision date=20181210133000
lead, ng/m3, Revision date=20181210133000
numflag lead, no unit, Revision date=20181210133000
magnesium, ug/m3, Revision date=20181210133000
numflag magnesium, no unit, Revision date=20181210133000
nickel, ng/m3, Revision date=20181210133000
numflag nickel, no unit, Revision date=20181210133000
nitrate, ug N/m3, Revision date=20181210133000
numflag nitrate, no unit, Revision date=20181210133000
organic_carbon, ug C/m3, Revision date=20181210133000
numflag organic_carbon, no unit, Revision date=20181210133000
organic_mass, ug/m3, Revision date=20181210133000
numflag organic_mass, no unit, Revision date=20181210133000
pm10_mass, ug/m3, Version=2, Version description=Data extracted from http://views.cira.colostate.edu/fed/DataWizard 2019-12-16, Sample duration=1d, Orig. time res.=3d, Matrix=pm10, Blank correction=Blank corrected, Volume std. temperature=ambient, Volume std. pressure=ambient
numflag pm10_mass, no unit, Version=2, Version description=Data extracted from http://views.cira.colostate.edu/fed/DataWizard 2019-12-16, Sample duration=1d, Orig. time res.=3d, Matrix=pm10, Blank correction=Blank corrected, Volume std. temperature=ambient, Volume std. pressure=ambient
pm10_pm25_mass, ug/m3, Revision date=20181210133000, Matrix=pm10_pm25
numflag pm10_pm25_mass, no unit, Revision date=20181210133000, Matrix=pm10_pm25
pm25_mass, ug/m3, Version=2, Version description=Data extracted from http://views.cira.colostate.edu/fed/DataWizard 2019-12-16, Sample duration=1d, Orig. time res.=3d, Blank correction=Blank corrected, Volume std. temperature=ambient, Volume std. pressure=ambient
numflag pm25_mass, no unit, Version=2, Version description=Data extracted from http://views.cira.colostate.edu/fed/DataWizard 2019-12-16, Sample duration=1d, Orig. time res.=3d, Blank correction=Blank corrected, Volume std. temperature=ambient, Volume std. pressure=ambient
potassium, ug/m3, Revision date=20181210133000
numflag potassium, no unit, Revision date=20181210133000
sulphate_total, ug S/m3, Revision date=20181210133000
numflag sulphate_total, no unit, Revision date=20181210133000
0
25
Data definition:              EBAS_1.1
Set type code:                TU
Timezone:                     UTC
File name:                    US9066R.20010101050000.20191216000000.filterpack..pm25.52w.1w.US03L_filterpack_US9066.US03L_IMPROVE_Davis.lev2.nas
File creation:                20191218120959
Startdate:                    20010101050000
Revision date:                20191216000000
Statistics:                   arithmetic mean
Data level:                   2
Period code:                  52w
Resolution code:              1w
Station code:                 US9066R
Platform code:                US9066S
Station name:                 Swanquarter
Station latitude:             35.451
Station longitude:            -76.2075
Station altitude:             -3.0 m
Regime:                       IMG
Component:                    
Matrix:                       pm25
Laboratory code:              US03L
Instrument type:              filterpack
Instrument name:              filterpack_US9066
Method ref:                   US03L_IMPROVE_Davis
starttime endtime Fe flag_Fe Pb flag_Pb Mg++ flag_Mg++ Ni flag_Ni NO3- flag_NO3- OC flag_OC OM flag_OM PM10 flag_PM10 PM10-PM2.5 flag_PM10-PM2.5 PM2.5 flag_PM2.5 K+ flag_K+ SO4-- flag_SO4--
[from data line 85]
255.208333 256.208333    6.36 0.000  0.92 0.000000 9.999 0.259000  0.26 0.000000 0.062 0.000  0.586 0.000  0.821 0.000  10.308 0.000   7.008 0.000   3.300 0.000 0.015 0.000000  0.369 0.000
258.208333 259.208333    6.60 0.000 99.99 0.259000 9.999 0.259000  0.32 0.000000 0.075 0.000  0.425 0.000  0.595 0.000  11.393 0.000   7.618 0.000   3.775 0.000 9.999 0.259000  0.405 0.000
261.208333 262.208333   17.71 0.000  3.06 0.000000 9.999 0.259000  0.75 0.000000 0.098 0.559  0.906 0.000  1.269 0.000  11.082 0.000   4.913 0.000   6.170 0.000 0.034 0.000000  0.895 0.559
264.208333 265.208333   16.41 0.559  1.56 0.559000 9.999 0.559259  1.24 0.559000 0.048 0.000  2.073 0.000  2.902 0.000  19.929 0.000   2.411 0.000  17.518 0.559 0.029 0.559000  3.255 0.000
267.208333 268.208333    4.92 0.000 99.99 0.259000 9.999 0.259000  0.22 0.000000 0.044 0.000  1.188 0.000  1.664 0.000   8.399 0.000   3.789 0.000   4.611 0.000 0.030 0.000000  0.550 0.000
270.208333 271.208333   24.19 0.000  1.92 0.000000 9.999 0.259000  0.41 0.000000 0.089 0.000  1.877 0.000  2.627 0.000  14.953 0.000   4.045 0.000  10.908 0.000 0.047 0.000000  1.743 0.000
273.208333 274.208333   49.78 0.000  1.74 0.000000 9.999 0.259000 99.99 0.259000 0.123 0.000  1.636 0.000  2.290 0.000  15.082 0.000   7.646 0.000   7.436 0.000 0.069 0.000000  0.758 0.000
276.208333 277.208333   31.84 0.000  1.73 0.000000 9.999 0.259000  0.66 0.000000 0.064 0.000  2.077 0.000  2.908 0.000  17.285 0.000   5.085 0.000  12.200 0.000 0.044 0.000000  1.613 0.000
279.208333 280.208333   19.94 0.000  1.17 0.000000 9.999 0.259000 99.99 0.259000 0.048 0.000  0.965 0.000  1.351 0.000   9.687 0.000   4.100 0.000   5.587 0.000 0.033 0.000000  0.699 0.000
282.208333 283.208333    7.10 0.000  0.28 0.000000 9.999 0.259000  0.26 0.000000 0.056 0.000  0.321 0.000  0.449 0.000   8.342 0.000   5.928 0.000   2.413 0.000 9.999 0.259000  0.202 0.000
285.208333 286.208333   10.49 0.000  0.88 0.000000 9.999 0.259000  0.62 0.000000 0.069 0.000  0.774 0.000  1.084 0.000   8.174 0.000   4.399 0.000   3.775 0.000 0.049 0.000000  0.374 0.000
288.208333 289.208333   14.97 0.000  0.99 0.000000 9.999 0.259000  0.39 0.000000 0.097 0.000  0.695 0.000  0.972 0.000  12.792 0.000   7.341 0.000   5.452 0.000 0.026 0.000000  0.701 0.000
291.208333 292.208333   11.98 0.394  0.58 0.394000 9.999 0.394259  0.27 0.394000 0.062 0.394  0.564 0.000  0.790 0.000  10.793 0.000   5.394 0.000   5.399 0.000 0.020 0.394000  0.830 0.394
294.208333 295.208333   11.79 0.000  1.03 0.000000 9.999 0.259000  0.73 0.000000 0.068 0.000  0.834 0.000  1.167 0.000   9.499 0.000   3.741 0.000   5.758 0.000 0.017 0.000000  0.795 0.000
297.208333 298.208333   17.02 0.559  0.47 0.559000 9.999 0.559259  0.60 0.559000 0.075 0.000  1.325 0.000  1.855 0.000  13.034 0.000   5.616 0.000   7.419 0.559 0.019 0.559000  1.101 0.000
300.208333 301.208333   10.20 0.559  1.63 0.559000 0.028 0.559000 99.99 0.559259 0.130 0.000  4.925 0.000  6.895 0.000  13.853 0.000   3.785 0.000  10.068 0.559 0.011 0.559000  0.656 0.000
303.208333 304.208333   35.93 0.559  3.38 0.559000 9.999 0.559259  0.71 0.559000 0.172 0.000  1.566 0.000  2.193 0.000  17.557 0.000   8.242 0.000   9.315 0.559 0.041 0.559000  1.285 0.000
306.208333 307.208333    6.03 0.559  0.30 0.559000 9.999 0.559259  0.14 0.559000 0.067 0.559  0.600 0.000  0.839 0.000   9.010 0.000   5.440 0.000   3.570 0.559 0.016 0.559000  0.302 0.559
309.208333 310.208333   22.10 0.559  1.31 0.559000 9.999 0.559259  0.44 0.559000 0.074 0.559  1.480 0.000  2.072 0.000  10.399 0.000   5.323 0.000   5.076 0.559 0.024 0.559000  0.514 0.559
312.208333 313.208333   39.49 0.559  1.86 0.559000 9.999 0.559259  0.54 0.559000 0.252 0.000  4.375 0.000  6.125 0.000  20.691 0.000   6.147 0.000  14.543 0.559 0.071 0.559000  1.298 0.000
315.208333 316.208333   13.13 0.559  1.93 0.559000 9.999 0.559259  0.39 0.559000 0.095 0.000  1.691 0.000  2.367 0.000   9.117 0.000   2.998 0.000   6.119 0.559 0.034 0.559000  0.610 0.000
318.208333 319.208333    8.17 0.559  0.85 0.559000 9.999 0.559259  0.66 0.559000 0.065 0.000  0.306 0.000  0.428 0.000   7.315 0.000   3.798 0.000   3.517 0.559 9.999 0.559259  0.497 0.000
321.208333 322.208333    5.20 0.559  0.34 0.559000 9.999 0.559259  0.36 0.559000 0.080 0.000  0.238 0.000  0.333 0.000  13.089 0.000   8.787 0.000   4.302 0.559 0.022 0.559000  0.287 0.000
324.208333 325.208333   11.69 0.559  0.70 0.559000 9.999 0.559259  0.20 0.559000 0.101 0.000  0.661 0.000  0.925 0.000   7.420 0.000   3.665 0.000   3.755 0.559 0.018 0.559000  0.436 0.000
327.208333 328.208333    3.26 0.000  0.64 0.000000 9.999 0.259000  0.27 0.000000 0.042 0.000  0.362 0.000  0.506 0.000   8.283 0.000   4.724 0.000   3.558 0.000 0.016 0.000000  0.287 0.000
330.208333 331.208333    7.52 0.000  0.74 0.000000 9.999 0.259000  0.86 0.000000 0.124 0.000  2.060 0.000  2.884 0.000  14.328 0.000   2.360 0.000  11.968 0.000 0.046 0.000000  1.717 0.000
333.208333 334.208333    9.76 0.000  0.54 0.000000 9.999 0.259000  0.47 0.000000 0.083 0.000  0.820 0.000  1.148 0.000  15.336 0.000   4.761 0.000  10.575 0.000 0.034 0.000000  1.909 0.000
336.208333 337.208333   19.73 0.000  2.01 0.000000 9.999 0.259000  0.86 0.000000 0.148 0.559  0.739 0.000  1.034 0.000  14.871 0.000   7.209 0.000   7.662 0.000 0.037 0.000000  1.119 0.559
339.208333 340.208333    5.99 0.559  1.20 0.559000 9.999 0.559259  0.36 0.559000 0.061 0.000  0.963 0.000  1.349 0.000   7.336 0.000   4.231 0.000   3.105 0.559 0.018 0.559000  0.321 0.000
342.208333 343.208333   19.83 0.559  2.08 0.559000 0.100 0.559000  0.61 0.559000 0.134 0.000  1.024 0.000  1.434 0.000  10.078 0.000   3.501 0.000   6.577 0.559 0.033 0.559000  0.967 0.000
345.208333 346.208333    8.46 0.000  0.82 0.000000 0.040 0.000000  0.69 0.000000 0.168 0.000  0.652 0.000  0.913 0.000  12.963 0.000   6.364 0.000   6.599 0.000 0.043 0.000000  0.839 0.000
348.208333 349.208333    8.93 0.000  0.71 0.000000 9.999 0.259000  0.53 0.000000 0.083 0.000  1.079 0.000  1.511 0.000   9.152 0.000   2.813 0.000   6.339 0.000 0.033 0.000000  0.988 0.000
351.208333 352.208333    6.55 0.559  0.46 0.559000 9.999 0.559259 99.99 0.559259 0.034 0.559  0.871 0.000  1.219 0.000   5.125 0.000   1.946 0.000   3.179 0.559 0.169 0.559000  0.298 0.559
354.208333 355.208333   14.29 0.000  1.54 0.000000 9.999 0.259000  0.23 0.000000 0.101 0.000  0.821 0.000  1.149 0.000   4.060 0.000   1.697 0.000   2.363 0.000 0.024 0.000000  0.195 0.000
357.208333 358.208333   76.91 0.000  0.73 0.000000 9.999 0.259000  0.37 0.000000 0.045 0.000  0.786 0.000  1.100 0.000   6.232 0.000   1.564 0.000   4.668 0.000 0.029 0.000000  0.505 0.000
360.208333 361.208333 9999.99 0.999 99.99 0.999000 9.999 0.999000 99.99 0.999000 9.999 0.999 99.999 0.999 99.999 0.999 999.999 0.999 999.999 0.999 999.999 0.999 9.999 0.999000 99.999 0.999
363.208333 364.208333    8.06 0.000  1.56 0.000000 9.999 0.259000 99.99 0.259000 0.089 0.000  0.832 0.000  1.165 0.000   6.099 0.000   1.036 0.000   5.064 0.000 0.020 0.000000  0.798 0.000
