scripts/IMPROVE-2019_partial/data/US9040R.19890325080000.20191216000000.filterpack...9mo.3d.US03L_filterpack_US9040.US03L_IMPROVE_Davis.lev2.nas
51 1001
MISSING INFORMATION
US03L, IMPROVE, , , , , , , 
MISSING INFORMATION
IMPROVE sel_HTAP
1 1
1989 01 01 2019 12 16
0
days from file reference point
4
1 1 1 1
999.999999 999.999 999.999 9.999
end_time of measurement, days from the file reference point
pm10_mass, ug/m3, Matrix=pm10
pm25_mass, ug/m3, Matrix=pm25
numflag, no unit
0
33
Data definition:              EBAS_1.1
Set type code:                TI
Timezone:                     UTC
File name:                    US9040R.19890325080000.20191216000000.filterpack...9mo.3d.US03L_filterpack_US9040.US03L_IMPROVE_Davis.lev2.nas
File creation:                20191218120803
Startdate:                    19890325080000
Revision date:                20191216000000
Version:                      2
Version description:          "Data extracted from http://views.cira.colostate.edu/fed/DataWizard 2019-12-16"
Statistics:                   arithmetic mean
Data level:                   2
Period code:                  9mo
Resolution code:              3d
Sample duration:              1d
Orig. time res.:              3d
Station code:                 US9040R
Platform code:                US9040S
Station name:                 South Lake Tahoe
Station latitude:             38.9333
Station longitude:            -119.9667
Station altitude:             1900.0 m
Regime:                       IMG
Component:                    
Unit:                         ug/m3
Matrix:                       
Laboratory code:              US03L
Instrument type:              filterpack
Instrument name:              filterpack_US9040
Method ref:                   US03L_IMPROVE_Davis
Blank correction:             Blank corrected
Volume std. temperature:      ambient
Volume std. pressure:         ambient
starttime endtime PM10 PM2.5 flag
 83.333333  84.333333   7.059   4.984 0.000
 87.333333  88.333333 999.999 999.999 0.999
 90.333333  91.333333   7.846   3.822 0.000
 94.333333  95.333333  18.521  11.274 0.000
 97.333333  98.333333  19.682  11.115 0.000
101.333333 102.333333  15.965  10.805 0.000
104.333333 105.333333  19.629   9.691 0.000
108.333333 109.333333 999.999 999.999 0.999
111.333333 112.333333   9.227   6.403 0.000
115.333333 116.333333 999.999 999.999 0.999
118.333333 119.333333  12.827   8.311 0.000
122.333333 123.333333  13.980   9.935 0.000
125.333333 126.333333  15.947  10.096 0.000
129.333333 130.333333   5.875   4.513 0.000
132.333333 133.333333   9.387   6.667 0.000
136.333333 137.333333  21.205  15.216 0.000
139.333333 140.333333  16.989   8.158 0.000
143.333333 144.333333   7.036   5.802 0.000
146.333333 147.333333  13.609   6.491 0.000
150.333333 151.333333   6.897   4.058 0.000
153.333333 154.333333   9.196   6.882 0.000
157.333333 158.333333  11.750   7.568 0.000
160.333333 161.333333 999.999 999.999 0.999
164.333333 165.333333  15.945   5.799 0.000
167.333333 168.333333  11.245   8.993 0.000
171.333333 172.333333  12.343   4.421 0.000
174.333333 175.333333 999.999   4.733 0.000
178.333333 179.333333  22.822   7.032 0.000
181.333333 182.333333  17.479   6.969 0.000
185.333333 186.333333  20.522   6.951 0.000
188.333333 189.333333  28.125  10.352 0.000
192.333333 193.333333  26.546  11.775 0.000
195.333333 196.333333  17.654   4.881 0.000
199.333333 200.333333  26.021   9.795 0.000
202.333333 203.333333  23.909  11.735 0.000
206.333333 207.333333  21.364   7.482 0.000
209.333333 210.333333  38.297  20.704 0.000
213.333333 214.333333  13.054   6.838 0.000
216.333333 217.333333  26.812  12.199 0.000
220.333333 221.333333 999.999 999.999 0.999
223.333333 224.333333  16.942   7.033 0.000
227.333333 228.333333 999.999 999.999 0.999
230.333333 231.333333 999.999 999.999 0.999
234.333333 235.333333   6.360   3.480 0.000
237.333333 238.333333  23.704  10.302 0.000
241.333333 242.333333  16.478   6.655 0.000
244.333333 245.333333  16.629   7.842 0.000
248.333333 249.333333 999.999 999.999 0.999
251.333333 252.333333 999.999 999.999 0.999
255.333333 256.333333 999.999 999.999 0.999
258.333333 259.333333 999.999 999.999 0.999
262.333333 263.333333 999.999 999.999 0.999
265.333333 266.333333 999.999 999.999 0.999
269.333333 270.333333 999.999 999.999 0.999
272.333333 273.333333 999.999   6.500 0.000
276.333333 277.333333  14.382  12.285 0.000
279.333333 280.333333  13.835  11.395 0.000
283.333333 284.333333  17.361  11.193 0.000
286.333333 287.333333  16.260  10.360 0.000
290.333333 291.333333  20.112  12.393 0.000
293.333333 294.333333   7.787   3.628 0.000
297.333333 298.333333 999.999 999.999 0.999
300.333333 301.333333  15.178   8.043 0.000
304.333333 305.333333 999.999 999.999 0.999
307.333333 308.333333  13.840   8.616 0.000
311.333333 312.333333  26.321  16.955 0.000
314.333333 315.333333 999.999 999.999 0.999
318.333333 319.333333 999.999 999.999 0.999
321.333333 322.333333  27.539  16.572 0.000
325.333333 326.333333  24.976  14.884 0.000
328.333333 329.333333   9.634   4.953 0.000
332.333333 333.333333 999.999 999.999 0.999
335.333333 336.333333 999.999 999.999 0.999
339.333333 340.333333 999.999 999.999 0.999
342.333333 343.333333  32.204   7.716 0.000
346.333333 347.333333 999.999 999.999 0.999
349.333333 350.333333 999.999 999.999 0.999
353.333333 354.333333 999.999 999.999 0.999
356.333333 357.333333 999.999 999.999 0.999
360.333333 361.333333 999.999 999.999 0.999
363.333333 364.333333 999.999 999.999 0.999
