scripts/IMPROVE-2019_partial/data/US9043R.20030103080000.20191216000000.filterpack..pm25.1y.1w.US03L_filterpack_US9043.US03L_IMPROVE_Davis.lev2.nas
66 1001
MISSING INFORMATION
US03L, IMPROVE, , , , , , , 
MISSING INFORMATION
IMPROVE sel_HTAP
1 1
2003 01 01 2019 12 16
3.000000
days from file reference point
27
1 1 1 1 1 1 1 1 1 1 1 1 1 1 1 1 1 1 1 1 1 1 1 1 1 1 1
999.999999 9999.99 9.999 99.99 9.999 9.999 9.999999 9.99 9.999999 99.999 9.999 99.999 9.999 99.999 9.999 99.99 9.999999 999.999 9.999 999.999 9.999 999.999 9.999 9.999 9.999 99.999 9.999
end_time of measurement, days from the file reference point
iron, ng/m3, Revision date=20181210133000
numflag iron, no unit, Revision date=20181210133000
lead, ng/m3, Revision date=20181210133000
numflag lead, no unit, Revision date=20181210133000
magnesium, ug/m3, Revision date=20181210133000
numflag magnesium, no unit, Revision date=20181210133000
nickel, ng/m3, Revision date=20181210133000
numflag nickel, no unit, Revision date=20181210133000
nitrate, ug N/m3, Revision date=20181210133000
numflag nitrate, no unit, Revision date=20181210133000
organic_carbon, ug C/m3, Revision date=20181210133000
numflag organic_carbon, no unit, Revision date=20181210133000
organic_mass, ug/m3, Revision date=20181210133000
numflag organic_mass, no unit, Revision date=20181210133000
phosphorus, ng/m3, Revision date=20181210133000
numflag phosphorus, no unit, Revision date=20181210133000
pm10_mass, ug/m3, Version=2, Version description=Data extracted from http://views.cira.colostate.edu/fed/DataWizard 2019-12-16, Sample duration=1d, Orig. time res.=3d, Matrix=pm10, Blank correction=Blank corrected, Volume std. temperature=ambient, Volume std. pressure=ambient
numflag pm10_mass, no unit, Version=2, Version description=Data extracted from http://views.cira.colostate.edu/fed/DataWizard 2019-12-16, Sample duration=1d, Orig. time res.=3d, Matrix=pm10, Blank correction=Blank corrected, Volume std. temperature=ambient, Volume std. pressure=ambient
pm10_pm25_mass, ug/m3, Revision date=20181210133000, Matrix=pm10_pm25
numflag pm10_pm25_mass, no unit, Revision date=20181210133000, Matrix=pm10_pm25
pm25_mass, ug/m3, Version=2, Version description=Data extracted from http://views.cira.colostate.edu/fed/DataWizard 2019-12-16, Sample duration=1d, Orig. time res.=3d, Blank correction=Blank corrected, Volume std. temperature=ambient, Volume std. pressure=ambient
numflag pm25_mass, no unit, Version=2, Version description=Data extracted from http://views.cira.colostate.edu/fed/DataWizard 2019-12-16, Sample duration=1d, Orig. time res.=3d, Blank correction=Blank corrected, Volume std. temperature=ambient, Volume std. pressure=ambient
potassium, ug/m3, Revision date=20181210133000
numflag potassium, no unit, Revision date=20181210133000
sulphate_total, ug S/m3, Revision date=20181210133000
numflag sulphate_total, no unit, Revision date=20181210133000
0
25
Data definition:              EBAS_1.1
Set type code:                TU
Timezone:                     UTC
File name:                    US9043R.20030103080000.20191216000000.filterpack..pm25.1y.1w.US03L_filterpack_US9043.US03L_IMPROVE_Davis.lev2.nas
File creation:                20191218120817
Startdate:                    20030103080000
Revision date:                20191216000000
Statistics:                   arithmetic mean
Data level:                   2
Period code:                  1y
Resolution code:              1w
Station code:                 US9043R
Platform code:                US9043S
Station name:                 San Gorgonio Wilderness
Station latitude:             34.1939
Station longitude:            -116.9132
Station altitude:             1726.0 m
Regime:                       IMG
Component:                    
Matrix:                       pm25
Laboratory code:              US03L
Instrument type:              filterpack
Instrument name:              filterpack_US9043
Method ref:                   US03L_IMPROVE_Davis
starttime endtime Fe flag_Fe Pb flag_Pb Mg++ flag_Mg++ Ni flag_Ni NO3- flag_NO3- OC flag_OC OM flag_OM P flag_P PM10 flag_PM10 PM10-PM2.5 flag_PM10-PM2.5 PM2.5 flag_PM2.5 K+ flag_K+ SO4-- flag_SO4--
[from data line 81]
245.333333 246.333333   34.64 0.000  0.77 0.000 9.999 0.259000 0.21 0.000000  0.055 0.000  0.999 0.000  1.398 0.000 99.99 0.259000 999.999 0.999 999.999 0.999   4.383 0.000 0.024 0.000  0.393 0.000
248.333333 249.333333   25.63 0.000  1.38 0.000 9.999 0.259000 0.17 0.000000  0.113 0.000  1.147 0.000  1.605 0.000 99.99 0.259000 999.999 0.999 999.999 0.999   4.486 0.000 0.032 0.000  0.382 0.000
251.333333 252.333333   31.21 0.000  0.93 0.000 9.999 0.259000 0.17 0.000000  0.536 0.000  1.062 0.000  1.487 0.000 99.99 0.259000 999.999 0.999 999.999 0.999   5.240 0.000 0.022 0.000  0.317 0.000
254.333333 255.333333   68.17 0.000  1.02 0.000 9.999 0.259000 0.17 0.000000  0.849 0.000  1.918 0.000  2.685 0.000 99.99 0.259000  14.931 0.000   6.968 0.000   7.963 0.000 0.027 0.000  0.352 0.000
257.333333 258.333333   64.96 0.000  1.57 0.000 9.999 0.259000 0.45 0.000000  0.765 0.000  2.164 0.000  3.030 0.000 99.99 0.259000  18.827 0.000   8.086 0.000  10.741 0.000 0.047 0.000  0.870 0.000
260.333333 261.333333  116.51 0.000  1.30 0.000 9.999 0.259000 0.23 0.000000  0.590 0.000  1.772 0.000  2.480 0.000 99.99 0.259000  20.637 0.000  12.541 0.000   8.097 0.000 0.063 0.000  0.320 0.000
263.333333 264.333333   50.37 0.000  0.64 0.000 9.999 0.259000 9.99 0.259000  0.071 0.000  1.354 0.000  1.895 0.000 99.99 0.259000  11.158 0.000   7.066 0.000   4.092 0.000 0.036 0.000  0.145 0.000
266.333333 267.333333   97.19 0.000  1.47 0.000 9.999 0.259000 0.16 0.000000  0.248 0.000  1.360 0.000  1.904 0.000 99.99 0.259000  21.618 0.000  14.674 0.000   6.944 0.000 0.064 0.000  0.507 0.000
269.333333 270.333333   52.14 0.000  1.11 0.000 9.999 0.259000 0.20 0.000000  0.414 0.000  1.578 0.000  2.209 0.000 99.99 0.259000  10.456 0.000   5.178 0.000   5.278 0.000 0.038 0.000  0.238 0.000
272.333333 273.333333   73.18 0.000  1.18 0.000 9.999 0.259000 0.28 0.000000  0.681 0.000  1.680 0.000  2.352 0.000 99.99 0.259000  16.454 0.000   7.440 0.000   9.014 0.000 0.052 0.000  0.602 0.000
275.333333 276.333333   67.76 0.000  1.23 0.000 9.999 0.259000 0.14 0.000000  0.234 0.000  1.159 0.000  1.622 0.000 99.99 0.259000  12.456 0.000   7.496 0.000   4.960 0.000 0.043 0.000  0.298 0.000
278.333333 279.333333   42.70 0.000  0.79 0.000 0.023 0.000000 0.13 0.000000  0.285 0.559  0.669 0.000  0.937 0.000 99.99 0.259000   9.233 0.000   5.269 0.000   3.964 0.000 0.031 0.000  0.403 0.559
281.333333 282.333333   58.45 0.000  0.97 0.000 0.035 0.000000 0.12 0.000000  0.206 0.000  1.083 0.000  1.517 0.000 99.99 0.259000   9.051 0.000   4.246 0.000   4.805 0.000 0.027 0.000  0.324 0.000
284.333333 285.333333   62.84 0.000  1.53 0.000 0.018 0.000000 0.10 0.000000  0.260 0.000  1.459 0.000  2.043 0.000 99.99 0.259000  13.265 0.000   7.277 0.000   5.988 0.000 0.036 0.000  0.404 0.000
287.333333 288.333333   36.95 0.000  0.72 0.000 0.021 0.000000 0.09 0.000000  0.285 0.000  0.408 0.000  0.571 0.000 99.99 0.259000   7.141 0.000   4.406 0.000   2.735 0.000 0.020 0.000  0.132 0.000
290.333333 291.333333   34.12 0.000  0.86 0.000 9.999 0.259000 9.99 0.259000  0.034 0.000  0.470 0.000  0.658 0.000 99.99 0.259000   7.998 0.000   4.771 0.000   3.226 0.000 0.022 0.000  0.244 0.000
293.333333 294.333333   35.89 0.000  1.05 0.000 9.999 0.259000 9.99 0.259000  0.056 0.000  0.566 0.000  0.793 0.000 99.99 0.259000   6.740 0.000   4.151 0.000   2.589 0.000 0.016 0.000  0.155 0.000
296.333333 297.333333   70.88 0.000  1.05 0.000 9.999 0.259000 0.10 0.000000  0.077 0.000  1.429 0.000  2.001 0.000 99.99 0.259000  15.380 0.000   9.799 0.000   5.580 0.000 0.071 0.000  0.200 0.000
299.333333 300.333333 9999.99 0.999 99.99 0.999 9.999 0.999000 9.99 0.999000 99.999 0.999 99.999 0.999 99.999 0.999 99.99 0.999000 999.999 0.999 999.999 0.999 999.999 0.999 9.999 0.999 99.999 0.999
302.333333 303.333333 9999.99 0.999 99.99 0.999 9.999 0.999000 9.99 0.999000 99.999 0.999 99.999 0.999 99.999 0.999 99.99 0.999000 999.999 0.999 999.999 0.999 999.999 0.999 9.999 0.999 99.999 0.999
305.333333 306.333333   10.09 0.000  0.46 0.000 0.114 0.000000 0.21 0.000000  0.662 0.000  0.992 0.000  1.389 0.000 99.99 0.259000   8.095 0.000   1.524 0.000   6.571 0.000 0.007 0.000  0.256 0.000
308.333333 309.333333   19.44 0.000  0.51 0.000 9.999 0.259000 0.18 0.000000  0.957 0.000  0.941 0.000  1.317 0.000 99.99 0.259000   9.556 0.000   2.191 0.000   7.365 0.000 0.012 0.000  0.150 0.000
311.333333 312.333333   38.21 0.000  1.29 0.000 0.054 0.000000 0.13 0.000000  0.520 0.000  0.777 0.000  1.087 0.000 99.99 0.259000   8.325 0.000   3.981 0.000   4.344 0.000 0.023 0.000  0.126 0.000
314.333333 315.333333   16.73 0.000  1.06 0.000 9.999 0.259000 9.99 0.259000  0.089 0.000  0.305 0.000  0.428 0.000 99.99 0.259000   3.708 0.000   1.659 0.000   2.049 0.000 0.022 0.000  0.203 0.000
317.333333 318.333333   27.19 0.000  1.25 0.000 0.040 0.000000 9.99 0.259000  0.535 0.000  0.777 0.000  1.089 0.000 99.99 0.259000   6.786 0.000   1.799 0.000   4.987 0.000 0.017 0.000  0.160 0.000
320.333333 321.333333 9999.99 0.999 99.99 0.999 9.999 0.999000 9.99 0.999000 99.999 0.999 99.999 0.999 99.999 0.999 99.99 0.999000 999.999 0.999 999.999 0.999 999.999 0.999 9.999 0.999 99.999 0.999
323.333333 324.333333   13.19 0.000  0.73 0.000 0.036 0.000000 9.99 0.259000  0.116 0.000  0.200 0.000  0.280 0.000 99.99 0.259000   2.052 0.000   1.069 0.000   0.983 0.000 0.005 0.000  0.032 0.000
326.333333 327.333333   12.37 0.000 99.99 0.259 0.068 0.000000 9.99 0.259000  0.005 0.000  0.129 0.000  0.180 0.000 99.99 0.259000   3.157 0.000   2.239 0.000   0.918 0.000 0.009 0.000  0.044 0.000
329.333333 330.333333   23.53 0.000  1.35 0.000 0.032 0.000000 0.21 0.000000  0.454 0.000  0.625 0.000  0.875 0.000 99.99 0.259000   7.142 0.000   2.717 0.000   4.425 0.000 0.023 0.000  0.213 0.000
332.333333 333.333333   10.40 0.000  0.74 0.000 9.999 0.259000 9.99 0.259000  0.008 0.000  0.244 0.000  0.342 0.000 99.99 0.259000   2.170 0.000   1.256 0.000   0.914 0.000 0.009 0.000  0.038 0.000
335.333333 336.333333   13.61 0.000  0.65 0.000 9.999 0.259000 0.21 0.000000  0.029 0.000  0.170 0.000  0.237 0.000 99.99 0.259000   2.034 0.000   1.172 0.000   0.862 0.000 0.009 0.000  0.035 0.000
338.333333 339.333333   30.55 0.000  0.97 0.000 0.109 0.000000 9.99 0.259000  0.127 0.000  0.490 0.000  0.686 0.000 99.99 0.259000   4.853 0.000   2.856 0.000   1.997 0.000 0.017 0.000  0.062 0.000
341.333333 342.333333    5.42 0.000  0.27 0.000 9.999 0.259000 9.99 0.259000  0.102 0.000  0.129 0.000  0.181 0.000 99.99 0.259000   2.052 0.000   0.981 0.000   1.071 0.000 0.007 0.000  0.056 0.000
344.333333 345.333333   23.95 0.000  0.56 0.000 9.999 0.259000 0.19 0.000000  0.274 0.000  0.714 0.000  0.999 0.000 99.99 0.259000   5.119 0.000   2.002 0.000   3.117 0.000 0.023 0.000  0.145 0.000
347.333333 348.333333   10.12 0.000  0.53 0.000 0.190 0.000000 9.99 0.259000  0.288 0.000  0.641 0.000  0.897 0.000 99.99 0.259000   3.254 0.000   0.807 0.000   2.447 0.000 0.008 0.000  0.081 0.000
350.333333 351.333333    6.52 0.000  0.38 0.000 9.999 0.259000 9.99 0.259000  0.003 0.000  0.081 0.000  0.114 0.000 99.99 0.259000   1.209 0.000   0.752 0.000   0.457 0.000 0.005 0.000  0.010 0.000
353.333333 354.333333    6.16 0.000  0.60 0.000 9.999 0.259000 9.99 0.259000  0.054 0.000  0.343 0.000  0.480 0.000  3.52 0.000000   1.405 0.000   0.643 0.000   0.761 0.000 0.008 0.000  0.035 0.000
356.333333 357.333333    4.93 0.000  0.36 0.000 9.999 0.259000 0.15 0.000000  0.011 0.000  0.244 0.000  0.341 0.000  4.01 0.000000   0.882 0.000   0.391 0.000   0.491 0.000 0.006 0.000  0.026 0.000
359.333333 360.333333   12.62 0.000  0.64 0.000 0.051 0.000000 9.99 0.259000  0.370 0.000  0.775 0.000  1.085 0.000 99.99 0.259000   5.278 0.000   1.410 0.000   3.868 0.000 0.009 0.000  0.099 0.000
362.333333 363.333333   18.43 0.000  1.04 0.000 9.999 0.259000 0.08 0.000000  0.114 0.000  0.340 0.000  0.475 0.000 99.99 0.259000   2.778 0.000   0.981 0.000   1.797 0.000 0.012 0.000  0.097 0.000
