scripts/IMPROVE-2019_partial/data/US9058R.20070103060000.20191216000000.filterpack...1y.3d.US03L_filterpack_US9058.US03L_IMPROVE_Davis.lev2.nas
52 1001
MISSING INFORMATION
US03L, IMPROVE, , , , , , , 
MISSING INFORMATION
IMPROVE sel_HTAP
1 1
2007 01 01 2019 12 16
3.00
days from file reference point
5
1 1 1 1 1
999.99 999.999 9.999 999.999 9.999
end_time of measurement, days from the file reference point
pm10_mass, ug/m3, Matrix=pm10
numflag pm10_mass, no unit, Matrix=pm10
pm25_mass, ug/m3, Matrix=pm25
numflag pm25_mass, no unit, Matrix=pm25
0
33
Data definition:              EBAS_1.1
Set type code:                TU
Timezone:                     UTC
File name:                    US9058R.20070103060000.20191216000000.filterpack...1y.3d.US03L_filterpack_US9058.US03L_IMPROVE_Davis.lev2.nas
File creation:                20191218120923
Startdate:                    20070103060000
Revision date:                20191216000000
Version:                      2
Version description:          "Data extracted from http://views.cira.colostate.edu/fed/DataWizard 2019-12-16"
Statistics:                   arithmetic mean
Data level:                   2
Period code:                  1y
Resolution code:              3d
Sample duration:              1d
Orig. time res.:              3d
Station code:                 US9058R
Platform code:                US9058S
Station name:                 Tallgrass
Station latitude:             38.4341
Station longitude:            -96.5602
Station altitude:             390.0 m
Regime:                       IMG
Component:                    
Unit:                         ug/m3
Matrix:                       
Laboratory code:              US03L
Instrument type:              filterpack
Instrument name:              filterpack_US9058
Method ref:                   US03L_IMPROVE_Davis
Blank correction:             Blank corrected
Volume std. temperature:      ambient
Volume std. pressure:         ambient
starttime endtime PM10 flag_PM10 PM2.5 flag_PM2.5
  2.25   3.25 999.999 0.999 999.999 0.999
  5.25   6.25   2.151 0.000   1.775 0.000
  8.25   9.25   4.480 0.000   1.207 0.659
 11.25  12.25  13.310 0.000   7.358 0.000
 14.25  15.25   5.926 0.000   4.691 0.000
 17.25  18.25   5.350 0.000   3.962 0.000
 20.25  21.25   4.650 0.000   4.518 0.000
 23.25  24.25  10.055 0.000   9.120 0.000
 26.25  27.25   3.647 0.000   1.767 0.000
 29.25  30.25   5.702 0.000   1.940 0.000
 32.25  33.25   5.447 0.000   2.487 0.000
 35.25  36.25  12.979 0.000   8.464 0.000
 38.25  39.25  15.989 0.000   7.734 0.000
 41.25  42.25  22.405 0.000  16.307 0.000
 44.25  45.25  13.050 0.000  11.013 0.000
 47.25  48.25   5.696 0.000   5.130 0.000
 50.25  51.25   4.806 0.000   3.672 0.000
 53.25  54.25  17.931 0.000   8.230 0.000
 56.25  57.25   4.570 0.000   3.807 0.000
 59.25  60.25 999.999 0.999 999.999 0.999
 62.25  63.25 999.999 0.999 999.999 0.999
 65.25  66.25 999.999 0.999 999.999 0.999
 68.25  69.25 999.999 0.999 999.999 0.999
 71.25  72.25  17.802 0.000  11.658 0.000
 74.25  75.25  10.137 0.000   4.320 0.000
 77.25  78.25  19.076 0.000  10.613 0.000
 80.25  81.25  13.974 0.000   8.385 0.000
 83.25  84.25  12.652 0.000   6.786 0.000
 86.25  87.25  12.072 0.000   8.465 0.000
 89.25  90.25   3.538 0.000   1.986 0.000
 92.25  93.25   9.851 0.000   5.513 0.000
 95.25  96.25   6.422 0.000   3.526 0.000
 98.25  99.25  36.135 0.000  26.919 0.000
101.25 102.25  10.683 0.000   9.740 0.000
104.25 105.25  15.942 0.000   6.363 0.000
107.25 108.25  18.473 0.000  12.206 0.000
110.25 111.25  21.741 0.000  15.002 0.000
113.25 114.25  19.812 0.000  14.386 0.000
116.25 117.25   7.231 0.000   4.173 0.000
119.25 120.25 999.999 0.456   8.518 0.000
122.25 123.25   8.952 0.000   5.833 0.000
125.25 126.25 999.999 0.999 999.999 0.999
128.25 129.25   6.327 0.000   3.577 0.000
131.25 132.25  19.674 0.000   7.786 0.000
134.25 135.25   8.924 0.000   5.109 0.000
137.25 138.25  12.558 0.000   4.514 0.000
140.25 141.25  25.893 0.000  16.150 0.000
143.25 144.25   7.737 0.000   4.712 0.000
146.25 147.25  15.169 0.000  11.488 0.000
149.25 150.25   5.560 0.000   3.406 0.000
152.25 153.25   4.739 0.000   2.470 0.000
155.25 156.25  12.156 0.000   6.286 0.000
158.25 159.25  13.298 0.000   4.621 0.000
161.25 162.25   7.549 0.000   3.869 0.000
164.25 165.25  25.332 0.000  20.783 0.000
167.25 168.25  13.233 0.000   8.768 0.000
170.25 171.25   9.301 0.000   4.625 0.000
173.25 174.25   7.582 0.000   3.283 0.000
176.25 177.25  14.451 0.000   8.953 0.000
179.25 180.25   9.550 0.000   4.628 0.000
182.25 183.25  14.462 0.000   9.087 0.000
185.25 186.25  16.498 0.000   7.271 0.000
188.25 189.25 999.999 0.456  10.571 0.000
191.25 192.25  13.708 0.000   4.967 0.000
194.25 195.25  14.161 0.000 999.999 0.456
197.25 198.25  18.738 0.000   9.020 0.000
200.25 201.25  19.801 0.000   6.724 0.000
203.25 204.25  15.893 0.000  10.377 0.000
206.25 207.25  23.092 0.000  16.561 0.000
209.25 210.25  17.307 0.000  10.447 0.000
212.25 213.25  26.110 0.000  20.279 0.000
215.25 216.25  27.137 0.000  20.325 0.000
218.25 219.25  24.816 0.000  11.493 0.000
221.25 222.25  26.753 0.000  11.317 0.000
224.25 225.25  23.464 0.000  13.450 0.000
227.25 228.25  32.011 0.000  23.099 0.000
230.25 231.25  11.070 0.000   7.329 0.000
233.25 234.25  16.871 0.000   7.565 0.000
236.25 237.25   7.929 0.000   5.732 0.000
239.25 240.25  18.524 0.000  13.044 0.000
242.25 243.25  21.615 0.000   8.505 0.000
245.25 246.25  19.206 0.000  11.893 0.000
248.25 249.25  13.174 0.000   7.126 0.000
251.25 252.25  16.149 0.000   9.525 0.000
254.25 255.25  12.488 0.000   4.564 0.000
257.25 258.25   7.805 0.000   2.684 0.000
260.25 261.25  16.001 0.000  11.387 0.000
263.25 264.25  22.997 0.000  16.054 0.000
266.25 267.25  20.689 0.000  15.050 0.000
269.25 270.25  13.770 0.000   5.264 0.000
272.25 273.25  19.296 0.000   8.135 0.000
275.25 276.25  10.220 0.000   3.482 0.000
278.25 279.25  12.120 0.000   8.674 0.000
281.25 282.25   9.847 0.000   3.918 0.000
284.25 285.25  18.997 0.000   5.445 0.000
287.25 288.25   3.349 0.000   2.272 0.000
290.25 291.25   5.862 0.000   3.469 0.000
293.25 294.25  14.159 0.000   4.801 0.000
296.25 297.25  10.091 0.000   2.621 0.000
299.25 300.25  16.806 0.000   5.039 0.000
302.25 303.25 999.999 0.456   9.164 0.000
305.25 306.25  22.444 0.000   5.168 0.000
308.25 309.25  18.515 0.000   5.902 0.000
311.25 312.25  26.073 0.000   6.131 0.000
314.25 315.25  17.598 0.000  10.570 0.000
317.25 318.25  17.139 0.000   2.148 0.000
320.25 321.25  29.421 0.000   5.649 0.000
323.25 324.25  18.611 0.000  13.150 0.000
326.25 327.25   8.980 0.000   4.950 0.000
329.25 330.25   8.897 0.000   6.089 0.000
332.25 333.25  11.248 0.000   3.074 0.000
335.25 336.25   6.932 0.000   4.476 0.000
338.25 339.25  12.460 0.000   9.548 0.000
341.25 342.25  13.278 0.000  11.802 0.000
344.25 345.25   3.044 0.000   2.559 0.000
347.25 348.25  10.797 0.000   9.656 0.000
350.25 351.25  11.175 0.000   9.647 0.000
353.25 354.25  18.413 0.000  16.314 0.000
356.25 357.25   3.992 0.000   3.036 0.000
359.25 360.25 999.999 0.999 999.999 0.999
362.25 363.25  13.140 0.000  12.761 0.000
