scripts/IMPROVE-2019_partial/data/US9074R.19970101080000.20191216000000.filterpack...1y.3d.US03L_filterpack_US9074.US03L_IMPROVE_Davis.lev2.nas
52 1001
MISSING INFORMATION
US03L, IMPROVE, , , , , , , 
MISSING INFORMATION
IMPROVE sel_HTAP
1 1
1997 01 01 2019 12 16
0
days from file reference point
5
1 1 1 1 1
999.999999 999.999 9.999 999.999 9.999
end_time of measurement, days from the file reference point
pm10_mass, ug/m3, Matrix=pm10
numflag pm10_mass, no unit, Matrix=pm10
pm25_mass, ug/m3, Matrix=pm25
numflag pm25_mass, no unit, Matrix=pm25
0
33
Data definition:              EBAS_1.1
Set type code:                TI
Timezone:                     UTC
File name:                    US9074R.19970101080000.20191216000000.filterpack...1y.3d.US03L_filterpack_US9074.US03L_IMPROVE_Davis.lev2.nas
File creation:                20191218121035
Startdate:                    19970101080000
Revision date:                20191216000000
Version:                      2
Version description:          "Data extracted from http://views.cira.colostate.edu/fed/DataWizard 2019-12-16"
Statistics:                   arithmetic mean
Data level:                   2
Period code:                  1y
Resolution code:              3d
Sample duration:              1d
Orig. time res.:              3d
Station code:                 US9074R
Platform code:                US9074S
Station name:                 Three Sisters Wilderness
Station latitude:             44.291
Station longitude:            -122.0434
Station altitude:             885.0 m
Regime:                       IMG
Component:                    
Unit:                         ug/m3
Matrix:                       
Laboratory code:              US03L
Instrument type:              filterpack
Instrument name:              filterpack_US9074
Method ref:                   US03L_IMPROVE_Davis
Blank correction:             Blank corrected
Volume std. temperature:      ambient
Volume std. pressure:         ambient
starttime endtime PM10 flag_PM10 PM2.5 flag_PM2.5
  0.333333   1.333333 999.999 0.999 999.999 0.999
  3.333333   4.333333   1.243 0.000   0.775 0.000
  7.333333   8.333333   2.549 0.000   0.883 0.000
 10.333333  11.333333   5.978 0.000   0.670 0.000
 14.333333  15.333333   4.644 0.000   3.668 0.000
 17.333333  18.333333   3.819 0.000   0.752 0.000
 21.333333  22.333333   2.486 0.000   0.362 0.000
 24.333333  25.333333   2.486 0.000   0.936 0.000
 28.333333  29.333333   2.615 0.000   0.569 0.000
 31.333333  32.333333   1.372 0.000   0.423 0.000
 35.333333  36.333333   2.786 0.000   1.401 0.000
 38.333333  39.333333   1.629 0.000   1.162 0.000
 42.333333  43.333333   2.556 0.000   1.246 0.000
 45.333333  46.333333   3.877 0.000   0.920 0.000
 49.333333  50.333333   2.641 0.000   0.509 0.000
 52.333333  53.333333   3.792 0.000   1.246 0.000
 56.333333  57.333333   0.471 0.000   0.449 0.000
 59.333333  60.333333   1.586 0.000   0.709 0.000
 63.333333  64.333333   2.548 0.000   1.377 0.000
 66.333333  67.333333   3.347 0.000   2.080 0.000
 70.333333  71.333333   1.259 0.000   0.469 0.000
 73.333333  74.333333   1.178 0.000   0.586 0.000
 77.333333  78.333333   2.381 0.000   1.743 0.000
 80.333333  81.333333   3.294 0.000   2.334 0.000
 84.333333  85.333333   3.535 0.000   1.766 0.000
 87.333333  88.333333   4.630 0.000   3.293 0.000
 91.333333  92.333333   3.577 0.000   1.988 0.000
 94.333333  95.333333   4.840 0.000   2.216 0.000
 98.333333  99.333333   2.705 0.000   2.256 0.000
101.333333 102.333333   8.398 0.000   4.580 0.000
105.333333 106.333333   4.698 0.000   2.582 0.000
108.333333 109.333333   2.860 0.000   0.325 0.000
112.333333 113.333333   0.812 0.000 999.999 0.259
115.333333 116.333333   5.084 0.000   2.493 0.000
119.333333 120.333333   9.219 0.000   6.683 0.000
122.333333 123.333333   9.056 0.000   2.842 0.000
126.333333 127.333333  12.192 0.000   3.487 0.000
129.333333 130.333333  18.071 0.000  10.971 0.000
133.333333 134.333333  11.706 0.000   6.505 0.000
136.333333 137.333333  12.262 0.000   6.529 0.000
140.333333 141.333333   7.960 0.000   4.318 0.000
143.333333 144.333333   3.086 0.000   1.692 0.000
147.333333 148.333333  12.914 0.000   4.718 0.000
150.333333 151.333333  11.774 0.000   2.935 0.000
154.333333 155.333333  15.238 0.000   1.162 0.000
157.333333 158.333333  27.659 0.000   3.516 0.000
161.333333 162.333333   9.272 0.000   5.338 0.000
164.333333 165.333333   8.242 0.000   5.280 0.000
168.333333 169.333333   7.184 0.000   2.227 0.000
171.333333 172.333333   5.069 0.000   2.702 0.000
175.333333 176.333333   4.589 0.000   2.461 0.000
178.333333 179.333333   5.663 0.000   2.480 0.000
182.333333 183.333333   4.008 0.000   2.161 0.000
185.333333 186.333333  16.468 0.000   5.978 0.000
189.333333 190.333333   7.682 0.000   1.881 0.000
192.333333 193.333333  10.785 0.000   5.093 0.000
196.333333 197.333333  10.571 0.000   3.935 0.000
199.333333 200.333333  16.860 0.000   5.671 0.000
203.333333 204.333333  20.794 0.000   5.401 0.000
206.333333 207.333333  12.531 0.000   5.137 0.000
210.333333 211.333333  22.424 0.000   7.203 0.000
213.333333 214.333333  12.880 0.000   6.485 0.000
217.333333 218.333333  44.499 0.000  12.736 0.000
220.333333 221.333333  15.984 0.000   3.530 0.000
224.333333 225.333333  26.265 0.000   7.961 0.000
227.333333 228.333333  23.200 0.000   6.944 0.000
231.333333 232.333333   8.254 0.000   4.649 0.000
234.333333 235.333333  12.302 0.000   4.208 0.000
238.333333 239.333333   4.104 0.000   1.465 0.000
241.333333 242.333333   8.917 0.000   3.842 0.000
245.333333 246.333333   6.671 0.000   4.406 0.000
248.333333 249.333333  20.404 0.000  10.776 0.000
252.333333 253.333333   6.944 0.000   5.039 0.000
255.333333 256.333333   5.934 0.000   2.924 0.000
259.333333 260.333333   3.188 0.000   1.413 0.000
262.333333 263.333333   6.726 0.000   2.893 0.000
266.333333 267.333333  11.752 0.000   6.701 0.000
269.333333 270.333333  12.085 0.000   4.325 0.000
273.333333 274.333333  12.366 0.000   5.036 0.000
276.333333 277.333333  10.212 0.000   3.768 0.000
280.333333 281.333333   5.914 0.000   2.958 0.000
283.333333 284.333333   3.539 0.000   0.934 0.000
287.333333 288.333333   8.737 0.000   3.982 0.000
290.333333 291.333333   9.364 0.000   6.327 0.000
294.333333 295.333333   9.758 0.000   9.797 0.000
297.333333 298.333333   4.993 0.000   3.858 0.000
301.333333 302.333333   2.239 0.000   1.484 0.000
304.333333 305.333333   7.447 0.000   3.069 0.000
308.333333 309.333333   6.019 0.000   2.242 0.000
311.333333 312.333333   8.009 0.000   3.128 0.000
315.333333 316.333333  20.176 0.000  15.901 0.000
318.333333 319.333333   7.930 0.000   5.766 0.000
322.333333 323.333333   2.421 0.000   1.242 0.000
325.333333 326.333333   4.722 0.000   2.907 0.000
329.333333 330.333333   2.176 0.000   1.720 0.000
332.333333 333.333333   1.157 0.000   0.478 0.000
336.333333 337.333333   4.645 0.000   2.848 0.000
339.333333 340.333333   6.710 0.000   5.056 0.000
343.333333 344.333333   0.898 0.000 999.999 0.259
346.333333 347.333333   8.173 0.000   2.608 0.000
350.333333 351.333333   0.520 0.000   0.549 0.000
353.333333 354.333333   2.268 0.000   0.750 0.000
357.333333 358.333333   2.646 0.000   0.685 0.000
360.333333 361.333333   2.598 0.000   0.840 0.000
364.333333 365.333333   4.239 0.000   1.447 0.000
