scripts/IMPROVE-2019_partial/data/US9029R.20060102070000.20191216000000.filterpack..pm25.52w.1w.US03L_filterpack_US9029.US03L_IMPROVE_Davis.lev2.nas
66 1001
MISSING INFORMATION
US03L, IMPROVE, , , , , , , 
MISSING INFORMATION
IMPROVE sel_HTAP
1 1
2006 01 01 2019 12 16
3.000000
days from file reference point
27
1 1 1 1 1 1 1 1 1 1 1 1 1 1 1 1 1 1 1 1 1 1 1 1 1 1 1
999.999999 9999.99 9.999 99.99 9.999 9.999 9.999 9.99 9.999999 9.999 9.999 999.999 9.999 999.999 9.999 999.99 9.999999 999.999 9.999 999.999 9.999 999.999 9.999 9.999 9.999 9.999 9.999
end_time of measurement, days from the file reference point
iron, ng/m3, Revision date=20181210133000
numflag iron, no unit, Revision date=20181210133000
lead, ng/m3, Revision date=20181210133000
numflag lead, no unit, Revision date=20181210133000
magnesium, ug/m3, Revision date=20181210133000
numflag magnesium, no unit, Revision date=20181210133000
nickel, ng/m3, Revision date=20181210133000
numflag nickel, no unit, Revision date=20181210133000
nitrate, ug N/m3, Revision date=20181210133000
numflag nitrate, no unit, Revision date=20181210133000
organic_carbon, ug C/m3, Revision date=20181210133000
numflag organic_carbon, no unit, Revision date=20181210133000
organic_mass, ug/m3, Revision date=20181210133000
numflag organic_mass, no unit, Revision date=20181210133000
phosphorus, ng/m3, Revision date=20181210133000
numflag phosphorus, no unit, Revision date=20181210133000
pm10_mass, ug/m3, Version=2, Version description=Data extracted from http://views.cira.colostate.edu/fed/DataWizard 2019-12-16, Sample duration=1d, Orig. time res.=3d, Matrix=pm10, Blank correction=Blank corrected, Volume std. temperature=ambient, Volume std. pressure=ambient
numflag pm10_mass, no unit, Version=2, Version description=Data extracted from http://views.cira.colostate.edu/fed/DataWizard 2019-12-16, Sample duration=1d, Orig. time res.=3d, Matrix=pm10, Blank correction=Blank corrected, Volume std. temperature=ambient, Volume std. pressure=ambient
pm10_pm25_mass, ug/m3, Revision date=20181210133000, Matrix=pm10_pm25
numflag pm10_pm25_mass, no unit, Revision date=20181210133000, Matrix=pm10_pm25
pm25_mass, ug/m3, Version=2, Version description=Data extracted from http://views.cira.colostate.edu/fed/DataWizard 2019-12-16, Sample duration=1d, Orig. time res.=3d, Blank correction=Blank corrected, Volume std. temperature=ambient, Volume std. pressure=ambient
numflag pm25_mass, no unit, Version=2, Version description=Data extracted from http://views.cira.colostate.edu/fed/DataWizard 2019-12-16, Sample duration=1d, Orig. time res.=3d, Blank correction=Blank corrected, Volume std. temperature=ambient, Volume std. pressure=ambient
potassium, ug/m3, Revision date=20181210133000
numflag potassium, no unit, Revision date=20181210133000
sulphate_total, ug S/m3, Revision date=20181210133000
numflag sulphate_total, no unit, Revision date=20181210133000
0
25
Data definition:              EBAS_1.1
Set type code:                TU
Timezone:                     UTC
File name:                    US9029R.20060102070000.20191216000000.filterpack..pm25.52w.1w.US03L_filterpack_US9029.US03L_IMPROVE_Davis.lev2.nas
File creation:                20191218120708
Startdate:                    20060102070000
Revision date:                20191216000000
Statistics:                   arithmetic mean
Data level:                   2
Period code:                  52w
Resolution code:              1w
Station code:                 US9029R
Platform code:                US9029S
Station name:                 North Absaroka
Station latitude:             44.7448
Station longitude:            -109.3816
Station altitude:             2482.0 m
Regime:                       IMG
Component:                    
Matrix:                       pm25
Laboratory code:              US03L
Instrument type:              filterpack
Instrument name:              filterpack_US9029
Method ref:                   US03L_IMPROVE_Davis
starttime endtime Fe flag_Fe Pb flag_Pb Mg++ flag_Mg++ Ni flag_Ni NO3- flag_NO3- OC flag_OC OM flag_OM P flag_P PM10 flag_PM10 PM10-PM2.5 flag_PM10-PM2.5 PM2.5 flag_PM2.5 K+ flag_K+ SO4-- flag_SO4--
[from data line 82]
247.291667 248.291667   34.65 0.699  0.55 0.699 0.011 0.699 9.99 0.699259 0.042 0.000   5.176 0.000   9.316 0.000 999.99 0.699259  15.604 0.000   3.327 0.699  12.277 0.659 0.113 0.699 0.151 0.000
250.291667 251.291667   77.95 0.699  0.25 0.699 0.019 0.699 9.99 0.699259 0.034 0.000   2.374 0.000   4.273 0.000 999.99 0.699259  17.072 0.000   8.290 0.699   8.782 0.659 0.073 0.699 0.258 0.000
253.291667 254.291667   48.41 0.000  0.20 0.000 9.999 0.259 9.99 0.259000 0.021 0.000   3.140 0.000   5.651 0.000 999.99 0.259000  13.674 0.000   5.731 0.000   7.944 0.000 0.058 0.000 0.096 0.000
256.291667 257.291667 9999.99 0.999 99.99 0.999 9.999 0.999 9.99 0.999000 9.999 0.999 999.999 0.999 999.999 0.999 999.99 0.999000 999.999 0.999 999.999 0.999 999.999 0.999 9.999 0.999 9.999 0.999
259.291667 260.291667 9999.99 0.999 99.99 0.999 9.999 0.999 9.99 0.999000 9.999 0.999 999.999 0.999 999.999 0.999 999.99 0.999000 999.999 0.999 999.999 0.999 999.999 0.999 9.999 0.999 9.999 0.999
262.291667 263.291667    8.68 0.000  0.36 0.000 9.999 0.259 9.99 0.259000 0.055 0.000   0.682 0.000   1.227 0.000 999.99 0.259000   4.675 0.000   1.794 0.000   2.881 0.000 0.011 0.000 0.108 0.000
265.291667 266.291667    4.11 0.000  0.12 0.000 0.006 0.000 0.09 0.000000 0.013 0.000   0.109 0.000   0.197 0.000 999.99 0.259000   0.998 0.000   0.076 0.000   0.922 0.000 0.003 0.000 0.042 0.000
268.291667 269.291667    8.86 0.000  0.19 0.000 9.999 0.259 9.99 0.259000 0.007 0.000   0.526 0.000   0.946 0.000 999.99 0.259000   3.342 0.000   1.476 0.000   1.866 0.000 0.010 0.000 0.052 0.000
271.291667 272.291667   29.40 0.000  0.43 0.000 0.007 0.000 9.99 0.259000 0.013 0.000   0.873 0.000   1.572 0.000 999.99 0.259000   6.555 0.000   3.223 0.000   3.332 0.000 0.031 0.000 0.083 0.000
274.291667 275.291667   25.44 0.000  0.25 0.000 9.999 0.259 0.06 0.000000 0.020 0.000   0.892 0.000   1.606 0.000 999.99 0.259000   5.495 0.000   2.637 0.000   2.858 0.000 0.024 0.000 0.089 0.000
277.291667 278.291667    7.28 0.000  0.27 0.000 0.005 0.000 9.99 0.259000 0.008 0.000   0.457 0.000   0.822 0.000 999.99 0.259000   2.683 0.000   0.889 0.000   1.794 0.000 0.008 0.000 0.134 0.000
280.291667 281.291667    0.85 0.000  0.15 0.000 9.999 0.259 9.99 0.259000 0.005 0.000   0.121 0.000   0.219 0.000 999.99 0.259000   0.496 0.000 999.999 0.259   0.602 0.000 0.001 0.000 0.023 0.000
283.291667 284.291667 9999.99 0.999 99.99 0.999 9.999 0.999 9.99 0.999000 9.999 0.999 999.999 0.999 999.999 0.999 999.99 0.999000 999.999 0.999 999.999 0.999 999.999 0.999 9.999 0.999 9.999 0.999
286.291667 287.291667   13.17 0.000  0.49 0.000 9.999 0.259 9.99 0.259000 0.018 0.000   0.739 0.000   1.331 0.000  23.00 0.000000   3.803 0.000   1.056 0.000   2.747 0.000 0.014 0.000 0.092 0.000
289.291667 290.291667    1.98 0.000  0.22 0.000 9.999 0.259 9.99 0.259000 0.002 0.000 999.999 0.259 999.999 0.259   0.67 0.000000   0.125 0.000   0.048 0.000   0.257 0.000 0.002 0.000 0.004 0.000
292.291667 293.291667    1.17 0.000  0.09 0.000 9.999 0.259 9.99 0.259000 0.001 0.000 999.999 0.259 999.999 0.259 999.99 0.259000   0.667 0.000   0.253 0.000   0.414 0.000 0.001 0.000 0.026 0.000
295.291667 296.291667   11.88 0.000  0.68 0.000 0.003 0.000 9.99 0.259000 0.012 0.000   0.262 0.000   0.472 0.000 999.99 0.259000   2.412 0.000   0.962 0.000   1.450 0.000 0.012 0.000 0.079 0.000
298.291667 299.291667    6.14 0.000  0.28 0.000 9.999 0.259 9.99 0.259000 0.007 0.000   0.389 0.000   0.701 0.000 999.99 0.259000   2.672 0.000   0.866 0.000   1.806 0.000 0.013 0.000 0.123 0.000
301.291667 302.291667   15.01 0.000  0.67 0.000 9.999 0.259 9.99 0.259000 0.037 0.000   0.465 0.000   0.836 0.000 999.99 0.259000  67.641 0.000  65.198 0.000   2.443 0.000 0.019 0.000 0.188 0.000
304.291667 305.291667    6.37 0.000 99.99 0.259 9.999 0.259 9.99 0.259000 0.052 0.000   0.223 0.000   0.401 0.000 999.99 0.259000   3.012 0.000   1.565 0.000   1.447 0.000 0.011 0.000 0.067 0.000
307.291667 308.291667 9999.99 0.456 99.99 0.456 9.999 0.456 9.99 0.456000 0.008 0.000   0.091 0.000   0.164 0.000 999.99 0.456000   1.369 0.000 999.999 0.456 999.999 0.456 9.999 0.456 0.028 0.000
310.291667 311.291667    7.46 0.000 99.99 0.259 9.999 0.259 0.11 0.000000 0.004 0.000   0.261 0.000   0.470 0.000 999.99 0.259000   2.513 0.000   1.702 0.000   0.811 0.000 0.005 0.000 0.052 0.000
313.291667 314.291667    3.60 0.000  0.17 0.000 9.999 0.259 9.99 0.259000 0.012 0.000   0.356 0.000   0.641 0.000 999.99 0.259000   2.551 0.000   1.067 0.000   1.484 0.000 0.010 0.000 0.064 0.000
316.291667 317.291667    7.34 0.000  0.32 0.000 9.999 0.259 9.99 0.259000 0.004 0.000   0.090 0.000   0.163 0.000 999.99 0.259000   3.305 0.000   2.087 0.000   1.219 0.000 0.006 0.000 0.106 0.000
319.291667 320.291667    4.95 0.000  0.39 0.000 9.999 0.259 9.99 0.259000 0.003 0.000   0.842 0.000   1.516 0.000 999.99 0.259000   3.708 0.000   2.406 0.000   1.303 0.000 0.007 0.000 0.121 0.000
322.291667 323.291667    4.13 0.000  0.41 0.000 9.999 0.259 0.06 0.000000 0.006 0.000   0.176 0.000   0.317 0.000 999.99 0.259000   1.418 0.000   0.029 0.000   1.389 0.000 0.005 0.000 0.090 0.000
325.291667 326.291667   67.60 0.000  0.69 0.000 0.021 0.000 9.99 0.259000 0.033 0.000   0.169 0.000   0.303 0.000 999.99 0.259000  11.844 0.000   8.787 0.000   3.057 0.000 0.047 0.000 0.157 0.000
328.291667 329.291667    4.66 0.000  0.45 0.000 0.005 0.000 9.99 0.259000 0.015 0.000   0.030 0.000   0.053 0.000 999.99 0.259000   1.214 0.000   0.379 0.000   0.836 0.000 0.005 0.000 0.099 0.000
331.291667 332.291667    6.48 0.000 99.99 0.259 9.999 0.259 9.99 0.259000 0.059 0.000   0.243 0.000   0.437 0.000 999.99 0.259000   1.640 0.000   0.103 0.000   1.537 0.000 0.008 0.000 0.118 0.000
334.291667 335.291667    5.93 0.000  0.34 0.000 0.007 0.000 0.09 0.000000 0.075 0.000   0.111 0.000   0.199 0.000 999.99 0.259000   3.490 0.000   2.261 0.000   1.229 0.000 0.006 0.000 0.088 0.000
337.291667 338.291667    4.78 0.000  0.33 0.000 0.013 0.000 9.99 0.259000 0.014 0.000   0.010 0.000   0.018 0.000 999.99 0.259000   1.546 0.000   0.919 0.000   0.627 0.000 0.004 0.000 0.044 0.000
340.291667 341.291667    5.71 0.000  0.21 0.000 9.999 0.259 9.99 0.259000 0.004 0.000   0.002 0.000   0.003 0.000 999.99 0.259000   1.817 0.000   1.206 0.000   0.610 0.000 0.005 0.000 0.069 0.000
343.291667 344.291667   23.54 0.000  0.50 0.000 9.999 0.259 0.13 0.000000 0.151 0.000   0.329 0.000   0.592 0.000 999.99 0.259000   3.670 0.000   1.673 0.000   1.996 0.000 0.019 0.000 0.119 0.000
346.291667 347.291667    6.78 0.000 99.99 0.259 9.999 0.259 0.15 0.000000 0.002 0.000   0.065 0.000   0.116 0.000 999.99 0.259000   2.664 0.000   2.502 0.000   0.290 0.000 0.004 0.000 0.010 0.000
349.291667 350.291667    1.55 0.000  0.13 0.000 9.999 0.259 9.99 0.259000 0.007 0.000   0.090 0.000   0.163 0.000 999.99 0.259000   1.352 0.000   1.192 0.000   0.256 0.000 0.003 0.000 0.015 0.000
352.291667 353.291667    2.45 0.000  0.08 0.000 9.999 0.259 0.15 0.000000 0.001 0.000 999.999 0.259 999.999 0.259 999.99 0.259000   0.457 0.000   0.140 0.000   0.317 0.000 0.002 0.000 0.020 0.000
355.291667 356.291667    1.70 0.000  0.19 0.000 9.999 0.259 9.99 0.259000 0.002 0.000   0.008 0.000   0.014 0.000 999.99 0.259000   2.722 0.000   2.346 0.000   0.376 0.000 0.005 0.000 0.020 0.000
358.291667 359.291667    3.32 0.000  0.05 0.000 9.999 0.259 9.99 0.259000 0.004 0.000   0.045 0.000   0.081 0.000 999.99 0.259000   1.757 0.000   1.066 0.000   0.691 0.000 0.003 0.000 0.100 0.000
361.291667 362.291667    0.62 0.000 99.99 0.259 9.999 0.259 0.14 0.000000 0.002 0.000 999.999 0.259 999.999 0.259 999.99 0.259000   0.879 0.000   0.563 0.000   0.316 0.000 0.001 0.000 0.020 0.000
364.291667 365.291667    2.37 0.000  0.50 0.000 9.999 0.259 0.08 0.000000 0.002 0.000   0.091 0.000   0.164 0.000 999.99 0.259000   0.750 0.000   0.113 0.000   0.637 0.000 0.004 0.000 0.056 0.000
