scripts/IMPROVE-2019_partial/data/US9071R.20040101070000.20191216000000.filterpack..pm25.52w.1w.US03L_filterpack_US9071.US03L_IMPROVE_Davis.lev2.nas
66 1001
MISSING INFORMATION
US03L, IMPROVE, , , , , , , 
MISSING INFORMATION
IMPROVE sel_HTAP
1 1
2004 01 01 2019 12 16
3.000000
days from file reference point
27
1 1 1 1 1 1 1 1 1 1 1 1 1 1 1 1 1 1 1 1 1 1 1 1 1 1 1
999.999999 9999.99 9.999 99.99 9.999 9.999 9.999999 9.99 9.999999 9.999 9.999 99.999 9.999 99.999 9.999 999.99 9.999999 999.999 9.999 99.999 9.999 99.999 9.999 9.999 9.999 9.999 9.999
end_time of measurement, days from the file reference point
iron, ng/m3, Revision date=20181210133000
numflag iron, no unit, Revision date=20181210133000
lead, ng/m3, Revision date=20181210133000
numflag lead, no unit, Revision date=20181210133000
magnesium, ug/m3, Revision date=20181210133000
numflag magnesium, no unit, Revision date=20181210133000
nickel, ng/m3, Revision date=20181210133000
numflag nickel, no unit, Revision date=20181210133000
nitrate, ug N/m3, Revision date=20181210133000
numflag nitrate, no unit, Revision date=20181210133000
organic_carbon, ug C/m3, Revision date=20181210133000
numflag organic_carbon, no unit, Revision date=20181210133000
organic_mass, ug/m3, Revision date=20181210133000
numflag organic_mass, no unit, Revision date=20181210133000
phosphorus, ng/m3, Revision date=20181210133000
numflag phosphorus, no unit, Revision date=20181210133000
pm10_mass, ug/m3, Version=2, Version description=Data extracted from http://views.cira.colostate.edu/fed/DataWizard 2019-12-16, Sample duration=1d, Orig. time res.=3d, Matrix=pm10, Blank correction=Blank corrected, Volume std. temperature=ambient, Volume std. pressure=ambient
numflag pm10_mass, no unit, Version=2, Version description=Data extracted from http://views.cira.colostate.edu/fed/DataWizard 2019-12-16, Sample duration=1d, Orig. time res.=3d, Matrix=pm10, Blank correction=Blank corrected, Volume std. temperature=ambient, Volume std. pressure=ambient
pm10_pm25_mass, ug/m3, Revision date=20181210133000, Matrix=pm10_pm25
numflag pm10_pm25_mass, no unit, Revision date=20181210133000, Matrix=pm10_pm25
pm25_mass, ug/m3, Version=2, Version description=Data extracted from http://views.cira.colostate.edu/fed/DataWizard 2019-12-16, Sample duration=1d, Orig. time res.=3d, Blank correction=Blank corrected, Volume std. temperature=ambient, Volume std. pressure=ambient
numflag pm25_mass, no unit, Version=2, Version description=Data extracted from http://views.cira.colostate.edu/fed/DataWizard 2019-12-16, Sample duration=1d, Orig. time res.=3d, Blank correction=Blank corrected, Volume std. temperature=ambient, Volume std. pressure=ambient
potassium, ug/m3, Revision date=20181210133000
numflag potassium, no unit, Revision date=20181210133000
sulphate_total, ug S/m3, Revision date=20181210133000
numflag sulphate_total, no unit, Revision date=20181210133000
0
25
Data definition:              EBAS_1.1
Set type code:                TU
Timezone:                     UTC
File name:                    US9071R.20040101070000.20191216000000.filterpack..pm25.52w.1w.US03L_filterpack_US9071.US03L_IMPROVE_Davis.lev2.nas
File creation:                20191218121024
Startdate:                    20040101070000
Revision date:                20191216000000
Statistics:                   arithmetic mean
Data level:                   2
Period code:                  52w
Resolution code:              1w
Station code:                 US9071R
Platform code:                US9071S
Station name:                 Wheeler Peak
Station latitude:             36.5854
Station longitude:            -105.452
Station altitude:             3366.0 m
Regime:                       IMG
Component:                    
Matrix:                       pm25
Laboratory code:              US03L
Instrument type:              filterpack
Instrument name:              filterpack_US9071
Method ref:                   US03L_IMPROVE_Davis
starttime endtime Fe flag_Fe Pb flag_Pb Mg++ flag_Mg++ Ni flag_Ni NO3- flag_NO3- OC flag_OC OM flag_OM P flag_P PM10 flag_PM10 PM10-PM2.5 flag_PM10-PM2.5 PM2.5 flag_PM2.5 K+ flag_K+ SO4-- flag_SO4--
[from data line 83]
249.291667 250.291667   15.31 0.000  0.17 0.000 9.999 0.259000 9.99 0.259000 0.022 0.559  0.641 0.000  0.898 0.000 999.99 0.259000   3.368 0.000  1.232 0.000  2.137 0.000 0.014 0.000 0.116 0.559
252.291667 253.291667   21.98 0.000  0.29 0.000 9.999 0.259000 9.99 0.259000 0.025 0.559  1.119 0.000  1.566 0.000 999.99 0.259000   6.941 0.000  3.374 0.000  3.567 0.000 0.017 0.000 0.204 0.559
255.291667 256.291667   25.90 0.000  0.31 0.000 9.999 0.259000 9.99 0.259000 0.015 0.559  0.920 0.000  1.288 0.000 999.99 0.259000   7.111 0.000  3.594 0.000  3.517 0.000 0.018 0.000 0.284 0.559
258.291667 259.291667   33.75 0.000  0.42 0.000 9.999 0.259000 9.99 0.259000 0.023 0.559  0.507 0.000  0.711 0.000 999.99 0.259000   5.239 0.000  2.700 0.000  2.540 0.000 0.028 0.000 0.145 0.559
261.291667 262.291667   24.79 0.000  0.42 0.000 9.999 0.259000 0.17 0.000000 0.026 0.000  0.728 0.000  1.019 0.000 999.99 0.259000   6.987 0.000  3.514 0.000  3.474 0.000 0.020 0.000 0.338 0.000
264.291667 265.291667   14.06 0.000  0.33 0.000 9.999 0.259000 0.12 0.000000 0.050 0.000  0.413 0.000  0.578 0.000 999.99 0.259000   3.659 0.000  1.482 0.000  2.178 0.000 0.012 0.000 0.243 0.000
267.291667 268.291667    7.48 0.000 99.99 0.259 9.999 0.259000 9.99 0.259000 0.012 0.559  0.333 0.000  0.466 0.000 999.99 0.259000   2.753 0.000  1.323 0.000  1.430 0.000 0.007 0.000 0.130 0.559
270.291667 271.291667   11.73 0.000  0.28 0.000 9.999 0.259000 9.99 0.259000 0.037 0.559  0.560 0.000  0.784 0.000 999.99 0.259000   3.100 0.000  0.662 0.000  2.438 0.000 0.010 0.000 0.197 0.559
273.291667 274.291667   12.28 0.000 99.99 0.259 9.999 0.259000 9.99 0.259000 0.025 0.000  0.304 0.000  0.425 0.000 999.99 0.259000   3.498 0.000  1.749 0.000  1.749 0.000 0.010 0.000 0.186 0.000
276.291667 277.291667   11.69 0.000  0.29 0.000 9.999 0.259000 0.12 0.000000 0.064 0.000  0.605 0.000  0.847 0.000 999.99 0.259000   4.921 0.000  2.090 0.000  2.831 0.000 0.011 0.000 0.324 0.000
279.291667 280.291667    6.12 0.000 99.99 0.259 9.999 0.259000 9.99 0.259000 0.026 0.559  0.578 0.000  0.809 0.000 999.99 0.259000   2.935 0.000  0.849 0.000  2.086 0.000 0.006 0.000 0.252 0.559
282.291667 283.291667   14.24 0.000  0.32 0.000 0.085 0.000000 9.99 0.259000 0.038 0.559  0.523 0.000  0.732 0.000 999.99 0.259000   4.561 0.000  1.702 0.000  2.860 0.000 0.014 0.000 0.194 0.559
285.291667 286.291667    8.78 0.000 99.99 0.259 9.999 0.259000 9.99 0.259000 0.052 0.000  0.443 0.000  0.620 0.000 999.99 0.259000   3.307 0.000  0.882 0.000  2.425 0.000 0.009 0.000 0.207 0.000
288.291667 289.291667   14.18 0.000  0.17 0.000 9.999 0.259000 9.99 0.259000 0.012 0.559  0.277 0.000  0.387 0.000 999.99 0.259000   2.744 0.000  1.393 0.000  1.352 0.000 0.011 0.000 0.083 0.559
291.291667 292.291667   20.10 0.000 99.99 0.259 9.999 0.259000 9.99 0.259000 0.049 0.559  0.325 0.000  0.455 0.000 999.99 0.259000   3.640 0.000  1.765 0.000  1.874 0.000 0.017 0.000 0.161 0.559
294.291667 295.291667    9.82 0.000 99.99 0.259 9.999 0.259000 9.99 0.259000 0.023 0.559  0.342 0.000  0.478 0.000 999.99 0.259000   3.199 0.000  1.675 0.000  1.524 0.000 0.019 0.000 0.092 0.559
297.291667 298.291667   13.04 0.000  0.59 0.000 0.090 0.000000 9.99 0.259000 0.022 0.559  0.226 0.000  0.316 0.000 999.99 0.259000   2.578 0.000  1.069 0.000  1.510 0.000 0.013 0.000 0.119 0.559
300.291667 301.291667    1.34 0.000  0.22 0.000 9.999 0.259000 9.99 0.259000 0.016 0.559  0.302 0.000  0.423 0.000 999.99 0.259000   1.033 0.000  0.177 0.000  0.857 0.000 0.003 0.000 0.055 0.559
303.291667 304.291667    1.75 0.000 99.99 0.259 0.074 0.000000 0.13 0.000000 0.006 0.559  0.183 0.000  0.256 0.000 999.99 0.259000   1.289 0.000  0.607 0.000  0.683 0.000 0.004 0.000 0.068 0.559
306.291667 307.291667    3.34 0.000 99.99 0.259 9.999 0.259000 9.99 0.259000 0.011 0.559  0.078 0.000  0.109 0.000 999.99 0.259000   1.171 0.000  0.377 0.000  0.794 0.000 0.004 0.000 0.088 0.559
309.291667 310.291667    7.35 0.000  0.44 0.000 9.999 0.259000 0.12 0.000000 0.006 0.559  0.124 0.000  0.174 0.000 999.99 0.259000   1.520 0.000  0.900 0.000  0.621 0.000 0.007 0.000 0.042 0.559
312.291667 313.291667    7.48 0.000  0.27 0.000 9.999 0.259000 0.13 0.000000 0.007 0.559  0.275 0.000  0.385 0.000 999.99 0.259000   1.890 0.000  0.822 0.000  1.068 0.000 0.010 0.000 0.079 0.559
315.291667 316.291667    7.55 0.000  0.46 0.000 9.999 0.259000 0.18 0.000000 0.063 0.559  0.586 0.000  0.821 0.000 999.99 0.259000   2.667 0.000  0.803 0.000  1.864 0.000 0.009 0.000 0.223 0.559
318.291667 319.291667    1.24 0.000 99.99 0.259 9.999 0.259000 9.99 0.259000 0.005 0.559  0.119 0.000  0.166 0.000 999.99 0.259000   0.832 0.000  0.359 0.000  0.473 0.000 0.003 0.000 0.062 0.559
321.291667 322.291667    6.76 0.000 99.99 0.259 9.999 0.259000 9.99 0.259000 0.037 0.559  0.415 0.000  0.582 0.000 999.99 0.259000   1.901 0.000  0.699 0.000  1.203 0.000 0.007 0.000 0.085 0.559
324.291667 325.291667    4.64 0.000  0.46 0.000 0.060 0.000000 9.99 0.259000 0.018 0.000  0.310 0.000  0.434 0.000 999.99 0.259000   1.984 0.000  0.492 0.000  1.492 0.000 0.005 0.000 0.203 0.000
327.291667 328.291667    5.33 0.000 99.99 0.259 9.999 0.259000 0.54 0.000000 0.036 0.000  0.278 0.000  0.389 0.000 999.99 0.259000   2.495 0.000  1.377 0.000  1.118 0.000 0.005 0.000 0.145 0.000
330.291667 331.291667    4.77 0.000  0.32 0.000 9.999 0.259000 0.14 0.000000 0.011 0.000  0.139 0.000  0.194 0.000 999.99 0.259000   1.705 0.000  0.957 0.000  0.748 0.000 0.004 0.000 0.080 0.000
333.291667 334.291667    5.23 0.000 99.99 0.259 9.999 0.259000 0.07 0.000000 0.013 0.000  0.092 0.000  0.129 0.000 999.99 0.259000   0.720 0.000 99.999 0.259  0.772 0.000 0.007 0.000 0.113 0.000
336.291667 337.291667    5.86 0.000  0.37 0.000 9.999 0.259000 0.30 0.000000 0.007 0.000  0.174 0.000  0.244 0.000 999.99 0.259000   1.624 0.000  1.039 0.000  0.586 0.000 0.005 0.000 0.049 0.000
339.291667 340.291667    1.66 0.000  0.24 0.000 9.999 0.259000 0.06 0.000000 0.006 0.000  0.089 0.000  0.125 0.000 999.99 0.259000   3.992 0.000  3.519 0.000  0.473 0.000 0.002 0.000 0.064 0.000
342.291667 343.291667    2.29 0.000  0.19 0.000 9.999 0.259000 0.18 0.000000 0.006 0.559  0.182 0.000  0.255 0.000 999.99 0.259000   1.705 0.000  0.650 0.000  1.055 0.000 0.003 0.000 0.167 0.559
345.291667 346.291667    1.82 0.000  0.37 0.000 9.999 0.259000 9.99 0.259000 0.003 0.000  0.068 0.000  0.095 0.000 999.99 0.259000   0.575 0.000  0.343 0.000  0.233 0.000 0.003 0.000 0.028 0.000
348.291667 349.291667 9999.99 0.999 99.99 0.999 9.999 0.999000 9.99 0.999000 9.999 0.999 99.999 0.999 99.999 0.999 999.99 0.999000 999.999 0.999 99.999 0.999 99.999 0.999 9.999 0.999 9.999 0.999
351.291667 352.291667    5.95 0.000  0.33 0.000 9.999 0.259000 0.17 0.000000 0.005 0.000 99.999 0.259 99.999 0.259 999.99 0.259000   0.703 0.000  0.383 0.000  0.320 0.000 0.006 0.000 0.042 0.000
354.291667 355.291667   12.54 0.000  0.44 0.000 0.073 0.000000 9.99 0.259000 0.010 0.000  0.111 0.000  0.156 0.000 999.99 0.259000   1.539 0.000  0.814 0.000  0.725 0.000 0.012 0.000 0.052 0.000
357.291667 358.291667    3.88 0.000  0.22 0.000 9.999 0.259000 0.12 0.000000 0.081 0.000  0.161 0.000  0.225 0.000 999.99 0.259000   2.075 0.000  0.591 0.000  1.484 0.000 0.005 0.000 0.151 0.000
360.291667 361.291667    1.26 0.000  0.16 0.000 0.062 0.000000 9.99 0.259000 9.999 0.259 99.999 0.259 99.999 0.259 999.99 0.259000   0.537 0.000  0.508 0.000  0.029 0.000 0.002 0.000 0.026 0.000
363.291667 364.291667    1.65 0.000  0.28 0.000 9.999 0.259000 0.16 0.000000 0.018 0.000  0.150 0.000  0.210 0.000 999.99 0.259000   0.703 0.000  0.296 0.000  0.407 0.000 0.004 0.000 0.064 0.000
