scripts/IMPROVE-2019_partial/data/US9051U.19910102050000.20191216000000.filterpack...1y.3d.US03L_filterpack_US9051.US03L_IMPROVE_Davis.lev2.nas
52 1001
MISSING INFORMATION
US03L, IMPROVE, , , , , , , 
MISSING INFORMATION
IMPROVE sel_HTAP
1 1
1991 01 01 2019 12 16
0
days from file reference point
5
1 1 1 1 1
999.999999 999.999 9.999 999.999 9.999999
end_time of measurement, days from the file reference point
pm10_mass, ug/m3, Matrix=pm10
numflag pm10_mass, no unit, Matrix=pm10
pm25_mass, ug/m3, Matrix=pm25
numflag pm25_mass, no unit, Matrix=pm25
0
33
Data definition:              EBAS_1.1
Set type code:                TI
Timezone:                     UTC
File name:                    US9051U.19910102050000.20191216000000.filterpack...1y.3d.US03L_filterpack_US9051.US03L_IMPROVE_Davis.lev2.nas
File creation:                20191218120854
Startdate:                    19910102050000
Revision date:                20191216000000
Version:                      2
Version description:          "Data extracted from http://views.cira.colostate.edu/fed/DataWizard 2019-12-16"
Statistics:                   arithmetic mean
Data level:                   2
Period code:                  1y
Resolution code:              3d
Sample duration:              1d
Orig. time res.:              3d
Station code:                 US9051U
Platform code:                US9051S
Station name:                 Washington D.C.
Station latitude:             38.8762
Station longitude:            -77.0344
Station altitude:             15.0 m
Regime:                       IMG
Component:                    
Unit:                         ug/m3
Matrix:                       
Laboratory code:              US03L
Instrument type:              filterpack
Instrument name:              filterpack_US9051
Method ref:                   US03L_IMPROVE_Davis
Blank correction:             Blank corrected
Volume std. temperature:      ambient
Volume std. pressure:         ambient
starttime endtime PM10 flag_PM10 PM2.5 flag_PM2.5
  1.208333   2.208333 999.999 0.999 999.999 0.999000
  4.208333   5.208333 999.999 0.999 999.999 0.999000
  8.208333   9.208333 999.999 0.999  19.288 0.559000
 11.208333  12.208333 999.999 0.999  16.729 0.559000
 15.208333  16.208333 999.999 0.999  28.495 0.559000
 18.208333  19.208333 999.999 0.999  11.146 0.559000
 22.208333  23.208333 999.999 0.999  16.951 0.559000
 25.208333  26.208333 999.999 0.999  25.200 0.559000
 29.208333  30.208333 999.999 0.999  21.946 0.559000
 32.208333  33.208333 999.999 0.999  12.202 0.559000
 36.208333  37.208333 999.999 0.999  35.988 0.559000
 39.208333  40.208333 999.999 0.999  20.778 0.559000
 43.208333  44.208333 999.999 0.999 999.999 0.999000
 46.208333  47.208333 999.999 0.999   9.448 0.559000
 50.208333  51.208333 999.999 0.999  10.060 0.559000
 53.208333  54.208333 999.999 0.999   7.311 0.559000
 57.208333  58.208333 999.999 0.999  17.431 0.559000
 60.208333  61.208333   8.707 0.000   7.957 0.559000
 64.208333  65.208333  23.614 0.000  12.796 0.559000
 67.208333  68.208333  18.168 0.000  11.763 0.559000
 71.208333  72.208333  26.127 0.000  21.104 0.559000
 74.208333  75.208333  16.106 0.000  10.446 0.559000
 78.208333  79.208333  25.374 0.000  18.836 0.559000
 81.208333  82.208333  17.455 0.000  12.596 0.559000
 85.208333  86.208333  24.886 0.000  20.326 0.559000
 88.208333  89.208333  12.439 0.000   9.347 0.559000
 92.208333  93.208333  20.033 0.000  14.402 0.559000
 95.208333  96.208333  26.859 0.000 999.999 0.559259
 99.208333 100.208333 999.999 0.999   6.608 0.559000
102.208333 103.208333 999.999 0.999   8.529 0.559000
106.208333 107.208333  26.069 0.000  17.863 0.559000
109.208333 110.208333  18.787 0.000  10.088 0.559000
113.208333 114.208333  17.011 0.000  14.384 0.559000
116.208333 117.208333  30.072 0.000  23.224 0.559000
120.208333 121.208333  26.272 0.000  19.970 0.559000
123.208333 124.208333  15.275 0.000  10.824 0.559000
127.208333 128.208333  39.118 0.000  22.107 0.559000
130.208333 131.208333  21.497 0.000  16.236 0.559000
134.208333 135.208333  35.629 0.000  20.769 0.559000
137.208333 138.208333  22.403 0.000  16.441 0.559000
141.208333 142.208333  22.403 0.000  14.529 0.559000
144.208333 145.208333  33.333 0.000  25.559 0.559000
148.208333 149.208333  68.473 0.000  35.940 0.559000
151.208333 152.208333  34.731 0.000  26.784 0.559000
155.208333 156.208333  12.000 0.000   7.241 0.559000
158.208333 159.208333  24.078 0.000  15.015 0.559000
162.208333 163.208333  43.603 0.000  37.422 0.559000
165.208333 166.208333  40.650 0.000 999.999 0.559259
169.208333 170.208333  20.168 0.000  15.631 0.559000
172.208333 173.208333  34.963 0.000  27.523 0.559000
176.208333 177.208333  17.324 0.000  11.524 0.559000
179.208333 180.208333  47.025 0.000  38.923 0.559000
183.208333 184.208333  34.207 0.000  26.250 0.559000
186.208333 187.208333  33.250 0.000  29.820 0.559000
190.208333 191.208333  29.357 0.000  27.679 0.559000
193.208333 194.208333  46.983 0.000  28.862 0.559000
197.208333 198.208333 999.999 0.999  25.905 0.559000
200.208333 201.208333  61.013 0.000 999.999 0.559259
204.208333 205.208333  34.142 0.000  26.163 0.559000
207.208333 208.208333  20.068 0.000  17.410 0.559000
211.208333 212.208333  26.614 0.000  23.953 0.559000
214.208333 215.208333  30.811 0.000  25.881 0.559000
218.208333 219.208333  23.036 0.000  20.240 0.559000
221.208333 222.208333 999.999 0.999  25.973 0.559000
225.208333 226.208333  33.112 0.000  28.671 0.559000
228.208333 229.208333  50.538 0.000  37.932 0.559000
232.208333 233.208333  18.729 0.000  16.375 0.559000
235.208333 236.208333  46.766 0.000  38.424 0.559000
239.208333 240.208333  23.401 0.000  15.714 0.559000
242.208333 243.208333  49.077 0.000  43.283 0.559000
246.208333 247.208333  24.751 0.000  16.385 0.559000
249.208333 250.208333  29.649 0.000  23.817 0.559000
253.208333 254.208333  23.627 0.000  18.102 0.559000
256.208333 257.208333  44.167 0.000  34.431 0.559000
260.208333 261.208333  39.871 0.000  35.046 0.559000
263.208333 264.208333  14.487 0.000   8.154 0.559000
267.208333 268.208333  11.906 0.000  10.939 0.559000
270.208333 271.208333 999.999 0.999  17.561 0.559000
274.208333 275.208333  32.817 0.000  24.789 0.559000
277.208333 278.208333  19.808 0.000  14.820 0.559000
281.208333 282.208333  25.926 0.000  17.730 0.559000
284.208333 285.208333 999.999 0.999  17.546 0.559000
288.208333 289.208333  10.797 0.000   8.585 0.559000
291.208333 292.208333  27.316 0.000  17.803 0.559000
295.208333 296.208333  43.916 0.000  41.221 0.559000
298.208333 299.208333  32.798 0.000  24.768 0.559000
302.208333 303.208333  18.765 0.000  10.443 0.559000
305.208333 306.208333  32.447 0.000  23.280 0.559000
309.208333 310.208333 999.999 0.999 999.999 0.999000
312.208333 313.208333  20.556 0.000  13.057 0.559000
316.208333 317.208333  19.195 0.000  16.646 0.559000
319.208333 320.208333  34.149 0.000 999.999 0.559259
323.208333 324.208333  20.480 0.000  11.798 0.559000
326.208333 327.208333   9.109 0.000   7.053 0.559000
330.208333 331.208333  30.400 0.000  24.777 0.559000
333.208333 334.208333  21.111 0.000  12.508 0.559000
337.208333 338.208333   9.922 0.000   6.677 0.559000
340.208333 341.208333  30.681 0.000  24.748 0.559000
344.208333 345.208333  31.756 0.000  22.675 0.559000
347.208333 348.208333  19.195 0.000  13.824 0.559000
351.208333 352.208333  11.619 0.000   6.921 0.559000
354.208333 355.208333  20.224 0.000   9.937 0.559000
358.208333 359.208333  20.290 0.000  18.095 0.559000
361.208333 362.208333  53.665 0.000  37.395 0.559000
