scripts/IMPROVE-2019_partial/data/US9042R.20060102080000.20191216000000.filterpack...52w.3d.US03L_filterpack_US9042_YOSE1.US03L_IMPROVE_Davis.lev2.nas
60 1001
MISSING INFORMATION
US03L, IMPROVE, , , , , , , 
MISSING INFORMATION
IMPROVE sel_HTAP
1 1
2006 01 01 2019 12 16
3.000000
days from file reference point
5
1 1 1 1 1
999.999999 999.999 9.999 999.999 9.999
end_time of measurement, days from the file reference point
pm10_mass, ug/m3, Matrix=pm10
numflag pm10_mass, no unit, Matrix=pm10
pm25_mass, ug/m3, Matrix=pm25
numflag pm25_mass, no unit, Matrix=pm25
0
41
Data definition:              EBAS_1.1
Set type code:                TU
Timezone:                     UTC
File name:                    US9042R.20060102080000.20191216000000.filterpack...52w.3d.US03L_filterpack_US9042_YOSE1.US03L_IMPROVE_Davis.lev2.nas
File creation:                20191218120811
Startdate:                    20060102080000
Revision date:                20191216000000
Version:                      2
Version description:          "Data extracted from http://views.cira.colostate.edu/fed/DataWizard 2019-12-16"
Statistics:                   arithmetic mean
Data level:                   2
Period code:                  52w
Resolution code:              3d
Sample duration:              1d
Orig. time res.:              3d
Station code:                 US9042R
Platform code:                US9042S
Station name:                 Yosemite NP
Station WDCA-ID:              GAWAUSCAYOS
Station GAW-ID:               YOS
Station GAW-Name:             Yosemite NP - Turtleback Dome
Station state/province:       CA
Station land use:             Remote park
Station setting:              Mountain
Station GAW type:             C
Station WMO region:           4
Station latitude:             37.7133
Station longitude:            -119.7061
Station altitude:             1605.0 m
Regime:                       IMG
Component:                    
Unit:                         ug/m3
Matrix:                       
Laboratory code:              US03L
Instrument type:              filterpack
Instrument name:              filterpack_US9042_YOSE1
Method ref:                   US03L_IMPROVE_Davis
Blank correction:             Blank corrected
Volume std. temperature:      ambient
Volume std. pressure:         ambient
starttime endtime PM10 flag_PM10 PM2.5 flag_PM2.5
  1.333333   2.333333 999.999 0.999 999.999 0.999
  4.333333   5.333333 999.999 0.999   0.544 0.000
  7.333333   8.333333 999.999 0.999   1.028 0.000
 10.333333  11.333333   5.074 0.000   1.556 0.000
 13.333333  14.333333   3.109 0.000   1.199 0.000
 16.333333  17.333333   4.621 0.000   2.540 0.000
 19.333333  20.333333   1.079 0.000   0.319 0.000
 22.333333  23.333333   2.885 0.000   1.305 0.000
 25.333333  26.333333  11.100 0.000   8.579 0.000
 28.333333  29.333333   0.741 0.000   0.384 0.000
 31.333333  32.333333   1.743 0.000   0.742 0.000
 34.333333  35.333333   3.816 0.000   2.364 0.000
 37.333333  38.333333   2.226 0.000   0.775 0.000
 40.333333  41.333333   2.354 0.000   1.322 0.000
 43.333333  44.333333   2.896 0.000   2.227 0.000
 46.333333  47.333333   2.482 0.000   1.613 0.000
 49.333333  50.333333 999.999 0.999 999.999 0.999
 52.333333  53.333333   3.570 0.000   2.178 0.000
 55.333333  56.333333   3.439 0.000   2.286 0.000
 58.333333  59.333333   1.314 0.000   1.185 0.000
 61.333333  62.333333   0.268 0.000   0.347 0.000
 64.333333  65.333333   0.989 0.000   0.769 0.000
 67.333333  68.333333   2.021 0.000   1.617 0.000
 70.333333  71.333333   1.283 0.000   0.998 0.000
 73.333333  74.333333   5.359 0.000   2.726 0.000
 76.333333  77.333333   0.502 0.000   0.329 0.000
 79.333333  80.333333   1.045 0.000   0.659 0.000
 82.333333  83.333333   5.304 0.000   2.836 0.000
 85.333333  86.333333   6.330 0.000   2.251 0.000
 88.333333  89.333333 999.999 0.456 999.999 0.456
 91.333333  92.333333   3.598 0.000   2.468 0.000
 94.333333  95.333333 999.999 0.999 999.999 0.999
 97.333333  98.333333   1.540 0.000   1.095 0.000
100.333333 101.333333   2.340 0.000   1.511 0.000
103.333333 104.333333   2.582 0.000   2.150 0.000
106.333333 107.333333   1.833 0.000   1.167 0.000
109.333333 110.333333   5.912 0.000   3.595 0.000
112.333333 113.333333   1.205 0.000   0.946 0.000
115.333333 116.333333   6.861 0.000   4.966 0.000
118.333333 119.333333  12.089 0.000   8.930 0.000
121.333333 122.333333  13.713 0.000   8.406 0.000
124.333333 125.333333  16.463 0.000   9.931 0.000
127.333333 128.333333  12.407 0.000   7.155 0.000
130.333333 131.333333  14.937 0.000   7.325 0.000
133.333333 134.333333   9.434 0.000   5.360 0.000
136.333333 137.333333   8.268 0.000   4.308 0.000
139.333333 140.333333  13.716 0.000   5.004 0.000
142.333333 143.333333   4.540 0.000   2.862 0.000
145.333333 146.333333  10.217 0.000   5.494 0.000
148.333333 149.333333   5.299 0.000   3.043 0.000
151.333333 152.333333   9.634 0.000   4.859 0.000
154.333333 155.333333   6.109 0.000   3.204 0.000
157.333333 158.333333  12.582 0.000   6.808 0.000
160.333333 161.333333  13.397 0.000   7.413 0.000
163.333333 164.333333  10.742 0.000   6.822 0.000
166.333333 167.333333   9.236 0.000   4.900 0.000
169.333333 170.333333 999.999 0.999 999.999 0.999
172.333333 173.333333  15.734 0.000   8.754 0.000
175.333333 176.333333  16.785 0.000  10.190 0.000
178.333333 179.333333  15.813 0.000   8.670 0.000
181.333333 182.333333   9.379 0.000   5.467 0.000
184.333333 185.333333  14.182 0.000   9.076 0.000
187.333333 188.333333  11.129 0.000   5.969 0.000
190.333333 191.333333  11.413 0.000   7.062 0.000
193.333333 194.333333  10.602 0.000   5.729 0.000
196.333333 197.333333  10.701 0.000   6.348 0.000
199.333333 200.333333  13.654 0.000   9.151 0.000
202.333333 203.333333   6.199 0.000   4.134 0.000
205.333333 206.333333   9.439 0.000   6.523 0.000
208.333333 209.333333  11.622 0.000   6.798 0.000
211.333333 212.333333   6.884 0.000   3.211 0.000
214.333333 215.333333  15.059 0.000   9.463 0.000
217.333333 218.333333  11.786 0.000   6.394 0.000
220.333333 221.333333   8.947 0.000   4.787 0.000
223.333333 224.333333  12.317 0.000   5.666 0.000
226.333333 227.333333  10.550 0.000   5.648 0.000
229.333333 230.333333  15.105 0.000   8.019 0.000
232.333333 233.333333  10.878 0.000   4.834 0.000
235.333333 236.333333  15.812 0.000   8.124 0.000
238.333333 239.333333  13.612 0.000   6.946 0.000
241.333333 242.333333  13.167 0.000   6.180 0.000
244.333333 245.333333  11.587 0.000   4.440 0.000
247.333333 248.333333   8.751 0.000   4.049 0.000
250.333333 251.333333  22.199 0.000   9.386 0.000
253.333333 254.333333  10.365 0.000   6.408 0.000
256.333333 257.333333  17.868 0.000   8.844 0.000
259.333333 260.333333  11.497 0.000   6.070 0.000
262.333333 263.333333  18.109 0.000  12.082 0.000
265.333333 266.333333  14.692 0.000   8.495 0.000
268.333333 269.333333   9.788 0.000   6.049 0.000
271.333333 272.333333  17.407 0.000  12.238 0.000
274.333333 275.333333   5.171 0.000   4.746 0.000
277.333333 278.333333   4.624 0.000   3.650 0.000
280.333333 281.333333   5.415 0.000   4.602 0.000
283.333333 284.333333 999.999 0.999 999.999 0.999
286.333333 287.333333  14.172 0.000   9.004 0.000
289.333333 290.333333   3.331 0.000 999.999 0.456
292.333333 293.333333   6.311 0.000   6.076 0.000
295.333333 296.333333   9.781 0.000   4.522 0.000
298.333333 299.333333   9.006 0.000   3.567 0.000
301.333333 302.333333  10.351 0.000   4.616 0.000
304.333333 305.333333   8.417 0.000   4.536 0.000
307.333333 308.333333   3.673 0.000   2.830 0.000
310.333333 311.333333   6.215 0.000   4.801 0.000
313.333333 314.333333   5.020 0.000   3.414 0.000
316.333333 317.333333   2.163 0.000   1.730 0.000
319.333333 320.333333   2.797 0.000   1.991 0.000
322.333333 323.333333   1.862 0.000   1.202 0.000
325.333333 326.333333   3.993 0.000   3.419 0.000
328.333333 329.333333   7.315 0.000   5.214 0.000
331.333333 332.333333   2.181 0.000   1.477 0.000
334.333333 335.333333   1.751 0.000   1.361 0.000
337.333333 338.333333   1.259 0.000   0.871 0.000
340.333333 341.333333   0.853 0.000   0.418 0.000
343.333333 344.333333   0.451 0.000   0.183 0.000
346.333333 347.333333   1.297 0.000   0.511 0.000
349.333333 350.333333   0.900 0.000   0.617 0.000
352.333333 353.333333   1.437 0.000   0.912 0.000
355.333333 356.333333   0.737 0.000   0.334 0.000
358.333333 359.333333   1.142 0.000   0.541 0.000
361.333333 362.333333   2.459 0.000   0.612 0.000
364.333333 365.333333   3.021 0.000   1.667 0.000
