scripts/IMPROVE-2019_partial/data/US9013R.20110103070000.20191216000000.filterpack...1y.3d.US03L_filterpack_US9013.US03L_IMPROVE_Davis.lev2.nas
52 1001
MISSING INFORMATION
US03L, IMPROVE, , , , , , , 
MISSING INFORMATION
IMPROVE sel_HTAP
1 1
2011 01 01 2019 12 16
3.000000
days from file reference point
5
1 1 1 1 1
999.999999 999.999 9.999 999.999 9.999
end_time of measurement, days from the file reference point
pm10_mass, ug/m3, Matrix=pm10
numflag pm10_mass, no unit, Matrix=pm10
pm25_mass, ug/m3, Matrix=pm25
numflag pm25_mass, no unit, Matrix=pm25
0
33
Data definition:              EBAS_1.1
Set type code:                TU
Timezone:                     UTC
File name:                    US9013R.20110103070000.20191216000000.filterpack...1y.3d.US03L_filterpack_US9013.US03L_IMPROVE_Davis.lev2.nas
File creation:                20191218120603
Startdate:                    20110103070000
Revision date:                20191216000000
Version:                      2
Version description:          "Data extracted from http://views.cira.colostate.edu/fed/DataWizard 2019-12-16"
Statistics:                   arithmetic mean
Data level:                   2
Period code:                  1y
Resolution code:              3d
Sample duration:              1d
Orig. time res.:              3d
Station code:                 US9013R
Platform code:                US9013S
Station name:                 Northern Cheyenne
Station latitude:             45.6495
Station longitude:            -106.5574
Station altitude:             1283.0 m
Regime:                       IMG
Component:                    
Unit:                         ug/m3
Matrix:                       
Laboratory code:              US03L
Instrument type:              filterpack
Instrument name:              filterpack_US9013
Method ref:                   US03L_IMPROVE_Davis
Blank correction:             Blank corrected
Volume std. temperature:      ambient
Volume std. pressure:         ambient
starttime endtime PM10 flag_PM10 PM2.5 flag_PM2.5
  2.291667   3.291667   2.684 0.000   1.419 0.659
  5.291667   6.291667   2.764 0.000   0.887 0.000
  8.291667   9.291667   3.706 0.000   3.374 0.000
 11.291667  12.291667   2.433 0.000   0.948 0.000
 14.291667  15.291667   6.001 0.000   5.172 0.000
 17.291667  18.291667   3.389 0.000   2.934 0.000
 20.291667  21.291667   1.981 0.000   0.570 0.000
 23.291667  24.291667   1.583 0.000   0.885 0.000
 26.291667  27.291667   2.139 0.000   0.756 0.000
 29.291667  30.291667   3.744 0.000   2.886 0.000
 32.291667  33.291667   1.946 0.000   0.916 0.000
 35.291667  36.291667   0.999 0.000   0.444 0.000
 38.291667  39.291667   2.948 0.000   1.965 0.000
 41.291667  42.291667   1.446 0.000   0.821 0.000
 44.291667  45.291667   3.900 0.000   1.823 0.000
 47.291667  48.291667   2.839 0.000   1.473 0.000
 50.291667  51.291667   5.357 0.000   4.157 0.000
 53.291667  54.291667   4.751 0.000   4.003 0.000
 56.291667  57.291667   3.724 0.000   2.295 0.000
 59.291667  60.291667   5.425 0.000   3.510 0.000
 62.291667  63.291667   4.013 0.000   2.990 0.000
 65.291667  66.291667   8.201 0.000   6.962 0.000
 68.291667  69.291667   4.415 0.000   2.807 0.000
 71.291667  72.291667   2.882 0.000   1.635 0.000
 74.291667  75.291667   2.432 0.000   0.865 0.000
 77.291667  78.291667  25.501 0.000  13.694 0.000
 80.291667  81.291667   2.753 0.000   2.095 0.000
 83.291667  84.291667   4.325 0.000   2.873 0.000
 86.291667  87.291667   2.917 0.000   2.255 0.000
 89.291667  90.291667   1.198 0.000   0.791 0.000
 92.291667  93.291667   2.264 0.000   0.955 0.000
 95.291667  96.291667   1.984 0.000   1.335 0.000
 98.291667  99.291667   2.826 0.000   1.212 0.000
101.291667 102.291667   2.994 0.000   1.520 0.000
104.291667 105.291667   7.903 0.000   4.200 0.000
107.291667 108.291667   1.461 0.000   1.052 0.000
110.291667 111.291667   5.319 0.000   3.600 0.000
113.291667 114.291667   3.968 0.000   2.873 0.000
116.291667 117.291667   1.812 0.000   0.880 0.000
119.291667 120.291667   3.871 0.000   1.953 0.000
122.291667 123.291667   3.807 0.000   1.909 0.000
125.291667 126.291667   4.055 0.000   1.970 0.000
128.291667 129.291667   1.149 0.000   0.914 0.000
131.291667 132.291667   2.897 0.000   1.993 0.000
134.291667 135.291667   4.023 0.000   1.876 0.000
137.291667 138.291667   2.135 0.000   1.200 0.000
140.291667 141.291667   0.491 0.000   0.158 0.000
143.291667 144.291667   2.196 0.000   1.036 0.000
146.291667 147.291667   1.916 0.000   0.849 0.000
149.291667 150.291667   0.412 0.000   0.126 0.000
152.291667 153.291667  10.106 0.000   4.368 0.000
155.291667 156.291667   7.671 0.000   2.962 0.000
158.291667 159.291667   6.368 0.000   5.040 0.000
161.291667 162.291667   3.080 0.000   1.825 0.000
164.291667 165.291667   4.967 0.000   2.086 0.000
167.291667 168.291667 999.999 0.456 999.999 0.456
170.291667 171.291667 999.999 0.456 999.999 0.456
173.291667 174.291667 999.999 0.456   3.658 0.000
176.291667 177.291667  11.123 0.000   2.335 0.000
179.291667 180.291667  16.770 0.000   4.688 0.000
182.291667 183.291667  13.786 0.000   4.132 0.000
185.291667 186.291667  19.773 0.000   4.826 0.000
188.291667 189.291667   9.582 0.000   3.560 0.000
191.291667 192.291667  15.541 0.000   3.962 0.000
194.291667 195.291667  11.652 0.000   3.256 0.000
197.291667 198.291667  15.064 0.000   4.860 0.000
200.291667 201.291667   9.332 0.000   2.078 0.000
203.291667 204.291667   6.128 0.000   2.493 0.000
206.291667 207.291667  17.445 0.000   5.052 0.000
209.291667 210.291667  10.082 0.000 999.999 0.456
212.291667 213.291667  10.640 0.000   4.548 0.000
215.291667 216.291667   9.743 0.000   4.475 0.000
218.291667 219.291667   9.440 0.000   4.216 0.000
221.291667 222.291667   4.560 0.000   2.019 0.000
224.291667 225.291667   8.107 0.000   3.508 0.000
227.291667 228.291667   6.544 0.000   2.436 0.000
230.291667 231.291667  16.613 0.000   4.356 0.000
233.291667 234.291667  12.452 0.000   5.657 0.000
236.291667 237.291667  39.839 0.000  29.412 0.000
239.291667 240.291667  13.727 0.000   6.047 0.000
242.291667 243.291667  13.225 0.000   6.328 0.000
245.291667 246.291667   5.918 0.000   1.177 0.000
248.291667 249.291667  12.828 0.000   7.240 0.000
251.291667 252.291667  11.940 0.000   4.635 0.000
254.291667 255.291667  26.800 0.000  11.617 0.000
257.291667 258.291667 999.999 0.999 999.999 0.999
260.291667 261.291667 999.999 0.999 999.999 0.999
263.291667 264.291667 999.999 0.999 999.999 0.999
266.291667 267.291667   8.017 0.000   4.300 0.000
269.291667 270.291667   9.750 0.000   4.302 0.000
272.291667 273.291667   7.439 0.000   3.142 0.000
275.291667 276.291667   8.248 0.000   4.600 0.000
278.291667 279.291667   9.375 0.000   3.584 0.000
281.291667 282.291667   4.112 0.000   2.753 0.000
284.291667 285.291667 999.999 0.999 999.999 0.999
287.291667 288.291667 999.999 0.999 999.999 0.999
290.291667 291.291667 999.999 0.999 999.999 0.999
293.291667 294.291667   5.161 0.000   4.319 0.000
296.291667 297.291667   2.627 0.000   1.119 0.000
299.291667 300.291667   3.485 0.000   2.426 0.000
302.291667 303.291667   2.755 0.000   1.519 0.000
305.291667 306.291667 999.999 0.456 999.999 0.456
308.291667 309.291667 999.999 0.456 999.999 0.456
311.291667 312.291667 999.999 0.456 999.999 0.456
314.291667 315.291667   3.112 0.000   2.008 0.000
317.291667 318.291667   1.761 0.000   0.493 0.000
320.291667 321.291667   2.001 0.000   0.795 0.000
323.291667 324.291667   0.965 0.000   0.648 0.000
326.291667 327.291667   1.752 0.000   1.023 0.000
329.291667 330.291667   1.752 0.000   0.782 0.000
332.291667 333.291667   2.179 0.000   1.144 0.000
335.291667 336.291667   2.378 0.000   1.172 0.000
338.291667 339.291667   1.961 0.000   1.050 0.000
341.291667 342.291667   4.032 0.000   1.255 0.000
344.291667 345.291667   3.159 0.000   1.349 0.000
347.291667 348.291667 999.999 0.999 999.999 0.999
350.291667 351.291667 999.999 0.999 999.999 0.999
353.291667 354.291667 999.999 0.999 999.999 0.999
356.291667 357.291667   1.869 0.000   0.789 0.000
359.291667 360.291667   2.466 0.000   0.668 0.000
362.291667 363.291667   3.256 0.000   0.879 0.000
