scripts/IMPROVE-2019_partial/data/US9077R.20030103080000.20191216000000.filterpack..pm25.1y.1w.US03L_filterpack_US9077.US03L_IMPROVE_Davis.lev2.nas
66 1001
MISSING INFORMATION
US03L, IMPROVE, , , , , , , 
MISSING INFORMATION
IMPROVE sel_HTAP
1 1
2003 01 01 2019 12 16
3.000000
days from file reference point
27
1 1 1 1 1 1 1 1 1 1 1 1 1 1 1 1 1 1 1 1 1 1 1 1 1 1 1
999.999999 9999.99 9.999 99.99 9.999 9.999 9.999999 9.99 9.999999 9.999 9.999 99.999 9.999 999.999 9.999 999.99 9.999999 999.999 9.999 99.999 9.999 999.999 9.999 9.999 9.999 9.999 9.999
end_time of measurement, days from the file reference point
iron, ng/m3, Revision date=20181210133000
numflag iron, no unit, Revision date=20181210133000
lead, ng/m3, Revision date=20181210133000
numflag lead, no unit, Revision date=20181210133000
magnesium, ug/m3, Revision date=20181210133000
numflag magnesium, no unit, Revision date=20181210133000
nickel, ng/m3, Revision date=20181210133000
numflag nickel, no unit, Revision date=20181210133000
nitrate, ug N/m3, Revision date=20181210133000
numflag nitrate, no unit, Revision date=20181210133000
organic_carbon, ug C/m3, Revision date=20181210133000
numflag organic_carbon, no unit, Revision date=20181210133000
organic_mass, ug/m3, Revision date=20181210133000
numflag organic_mass, no unit, Revision date=20181210133000
phosphorus, ng/m3, Revision date=20181210133000
numflag phosphorus, no unit, Revision date=20181210133000
pm10_mass, ug/m3, Version=2, Version description=Data extracted from http://views.cira.colostate.edu/fed/DataWizard 2019-12-16, Sample duration=1d, Orig. time res.=3d, Matrix=pm10, Blank correction=Blank corrected, Volume std. temperature=ambient, Volume std. pressure=ambient
numflag pm10_mass, no unit, Version=2, Version description=Data extracted from http://views.cira.colostate.edu/fed/DataWizard 2019-12-16, Sample duration=1d, Orig. time res.=3d, Matrix=pm10, Blank correction=Blank corrected, Volume std. temperature=ambient, Volume std. pressure=ambient
pm10_pm25_mass, ug/m3, Revision date=20181210133000, Matrix=pm10_pm25
numflag pm10_pm25_mass, no unit, Revision date=20181210133000, Matrix=pm10_pm25
pm25_mass, ug/m3, Version=2, Version description=Data extracted from http://views.cira.colostate.edu/fed/DataWizard 2019-12-16, Sample duration=1d, Orig. time res.=3d, Blank correction=Blank corrected, Volume std. temperature=ambient, Volume std. pressure=ambient
numflag pm25_mass, no unit, Version=2, Version description=Data extracted from http://views.cira.colostate.edu/fed/DataWizard 2019-12-16, Sample duration=1d, Orig. time res.=3d, Blank correction=Blank corrected, Volume std. temperature=ambient, Volume std. pressure=ambient
potassium, ug/m3, Revision date=20181210133000
numflag potassium, no unit, Revision date=20181210133000
sulphate_total, ug S/m3, Revision date=20181210133000
numflag sulphate_total, no unit, Revision date=20181210133000
0
25
Data definition:              EBAS_1.1
Set type code:                TU
Timezone:                     UTC
File name:                    US9077R.20030103080000.20191216000000.filterpack..pm25.1y.1w.US03L_filterpack_US9077.US03L_IMPROVE_Davis.lev2.nas
File creation:                20191218121049
Startdate:                    20030103080000
Revision date:                20191216000000
Statistics:                   arithmetic mean
Data level:                   2
Period code:                  1y
Resolution code:              1w
Station code:                 US9077R
Platform code:                US9077S
Station name:                 Snoqualmie Pass
Station latitude:             47.422
Station longitude:            -121.4259
Station altitude:             1049.0 m
Regime:                       IMG
Component:                    
Matrix:                       pm25
Laboratory code:              US03L
Instrument type:              filterpack
Instrument name:              filterpack_US9077
Method ref:                   US03L_IMPROVE_Davis
starttime endtime Fe flag_Fe Pb flag_Pb Mg++ flag_Mg++ Ni flag_Ni NO3- flag_NO3- OC flag_OC OM flag_OM P flag_P PM10 flag_PM10 PM10-PM2.5 flag_PM10-PM2.5 PM2.5 flag_PM2.5 K+ flag_K+ SO4-- flag_SO4--
[from data line 82]
248.333333 249.333333   54.56 0.559  1.10 0.559 9.999 0.559259 0.15 0.559000 0.038 0.000  1.877 0.000   2.627 0.000 999.99 0.559259   8.905 0.000  4.024 0.000   4.882 0.559 0.030 0.559 0.173 0.000
251.333333 252.333333   10.89 0.000  0.46 0.000 9.999 0.259000 9.99 0.259000 0.039 0.000  0.606 0.000   0.848 0.000 999.99 0.259000   3.468 0.000  1.490 0.000   1.978 0.000 0.007 0.000 0.152 0.000
254.333333 255.333333    4.63 0.000  0.18 0.000 9.999 0.259000 0.18 0.000000 0.066 0.000  0.457 0.000   0.639 0.000 999.99 0.259000   3.821 0.000  1.302 0.000   2.519 0.000 0.014 0.000 0.248 0.000
257.333333 258.333333    9.58 0.000  0.56 0.000 9.999 0.259000 0.23 0.000000 0.085 0.000  0.644 0.000   0.902 0.000 999.99 0.259000   4.232 0.000  1.142 0.000   3.090 0.000 0.011 0.000 0.316 0.000
260.333333 261.333333    9.07 0.000  0.30 0.000 9.999 0.259000 9.99 0.259000 0.028 0.000  0.741 0.000   1.037 0.000 999.99 0.259000   2.941 0.000  0.906 0.000   2.035 0.000 0.011 0.000 0.133 0.000
263.333333 264.333333   18.53 0.000  1.03 0.000 9.999 0.259000 0.19 0.000000 0.064 0.000  1.163 0.000   1.628 0.000 999.99 0.259000   4.412 0.000  1.356 0.000   3.056 0.000 0.018 0.000 0.185 0.000
266.333333 267.333333   26.24 0.000  0.58 0.000 9.999 0.259000 0.11 0.000000 0.019 0.559  0.969 0.000   1.356 0.000 999.99 0.259000   5.229 0.000  2.285 0.000   2.944 0.000 0.014 0.000 0.133 0.559
269.333333 270.333333   26.03 0.000  0.43 0.000 9.999 0.259000 0.06 0.000000 0.010 0.000  1.317 0.000   1.843 0.000 999.99 0.259000   6.699 0.000  3.637 0.000   3.062 0.000 0.014 0.000 0.055 0.000
272.333333 273.333333   32.95 0.000  0.49 0.000 9.999 0.259000 9.99 0.259000 0.021 0.000  2.244 0.000   3.142 0.000 999.99 0.259000  11.393 0.000  4.376 0.000   7.018 0.000 0.027 0.000 0.418 0.000
275.333333 276.333333   39.73 0.559  0.54 0.559 9.999 0.559259 9.99 0.559259 0.023 0.000  3.156 0.000   4.418 0.000 999.99 0.559259  12.533 0.000  4.344 0.000   8.189 0.559 0.034 0.559 0.258 0.000
278.333333 279.333333   45.84 0.000  0.72 0.000 9.999 0.259000 0.07 0.000000 0.016 0.000  1.948 0.000   2.727 0.000 999.99 0.259000   9.862 0.000  4.075 0.000   5.787 0.000 0.032 0.000 0.251 0.000
281.333333 282.333333  202.40 0.559  0.44 0.559 0.054 0.559000 0.08 0.559000 0.013 0.000  0.163 0.000   0.228 0.000  10.21 0.559000   2.661 0.000  0.743 0.000   1.918 0.559 0.035 0.559 0.053 0.000
284.333333 285.333333    0.94 0.000  0.15 0.000 0.038 0.000000 0.06 0.000000 0.005 0.000  0.053 0.000   0.074 0.000 999.99 0.259000   1.736 0.000  0.726 0.000   1.010 0.000 0.007 0.000 0.028 0.000
287.333333 288.333333    4.81 0.000  0.37 0.000 0.009 0.000000 9.99 0.259000 0.046 0.000  0.652 0.000   0.913 0.000 999.99 0.259000   3.410 0.000  1.314 0.000   2.096 0.000 0.012 0.000 0.087 0.000
290.333333 291.333333   15.94 0.000  0.75 0.000 9.999 0.259000 9.99 0.259000 0.025 0.000  1.738 0.000   2.433 0.000 999.99 0.259000   5.923 0.000  1.918 0.000   4.005 0.000 0.028 0.000 0.155 0.000
293.333333 294.333333   80.92 0.000  1.31 0.000 0.033 0.000000 0.34 0.000000 0.007 0.000  0.592 0.000   0.829 0.000 999.99 0.259000   2.955 0.000  1.357 0.000   1.598 0.000 0.012 0.000 0.025 0.000
296.333333 297.333333    8.18 0.000  0.60 0.000 9.999 0.259000 0.07 0.000000 0.039 0.000  0.651 0.000   0.911 0.000 999.99 0.259000   3.927 0.000  1.431 0.000   2.496 0.000 0.030 0.000 0.103 0.000
299.333333 300.333333    9.05 0.000  0.85 0.000 9.999 0.259000 0.08 0.000000 0.033 0.000  1.075 0.000   1.506 0.000 999.99 0.259000   4.085 0.000  1.350 0.000   2.735 0.000 0.022 0.000 0.091 0.000
302.333333 303.333333    4.83 0.000  0.66 0.000 0.036 0.000000 9.99 0.259000 0.009 0.000  0.607 0.000   0.849 0.000 999.99 0.259000   2.811 0.000  0.776 0.000   2.035 0.000 0.012 0.000 0.147 0.000
305.333333 306.333333   14.84 0.000  0.80 0.000 9.999 0.259000 9.99 0.259000 0.132 0.000  1.845 0.000   2.583 0.000 999.99 0.259000   5.156 0.000  0.474 0.000   4.683 0.000 0.037 0.000 0.209 0.000
308.333333 309.333333   13.64 0.559  0.72 0.559 9.999 0.559259 0.08 0.559000 0.260 0.000  3.816 0.000   5.343 0.000 999.99 0.559259  10.438 0.000  1.258 0.000   9.180 0.559 0.055 0.559 0.388 0.000
311.333333 312.333333   32.82 0.559  1.37 0.559 9.999 0.559259 9.99 0.559259 0.138 0.000  5.408 0.000   7.572 0.000 999.99 0.559259  19.571 0.000  7.885 0.000  11.685 0.559 0.074 0.559 0.240 0.000
314.333333 315.333333    4.62 0.000  0.29 0.000 0.018 0.000000 0.04 0.000000 0.041 0.000  0.294 0.000   0.412 0.000 999.99 0.259000   3.488 0.000  1.139 0.000   2.349 0.000 0.019 0.000 0.109 0.000
317.333333 318.333333   19.24 0.000  1.12 0.000 9.999 0.259000 9.99 0.259000 0.338 0.000  3.623 0.000   5.072 0.000 999.99 0.259000  10.063 0.000  1.130 0.000   8.933 0.000 0.065 0.000 0.237 0.000
320.333333 321.333333    1.42 0.000 99.99 0.259 9.999 0.259000 9.99 0.259000 0.016 0.000  0.072 0.000   0.101 0.000 999.99 0.259000   1.920 0.000  0.581 0.000   1.339 0.000 0.011 0.000 0.059 0.000
323.333333 324.333333    1.88 0.000  0.19 0.000 9.999 0.259000 0.09 0.000000 0.019 0.000  0.399 0.000   0.559 0.000 999.99 0.259000   0.998 0.000  0.055 0.000   0.943 0.000 0.006 0.000 0.038 0.000
326.333333 327.333333    1.89 0.000  0.32 0.000 9.999 0.259000 9.99 0.259000 0.097 0.000  0.936 0.000   1.310 0.000 999.99 0.259000   2.150 0.000 99.999 0.259   2.210 0.000 0.015 0.000 0.054 0.000
329.333333 330.333333    1.14 0.000  0.20 0.000 9.999 0.259000 0.07 0.000000 0.013 0.000  0.134 0.000   0.188 0.000 999.99 0.259000   0.744 0.000  0.224 0.000   0.520 0.000 0.003 0.000 0.043 0.000
332.333333 333.333333    1.49 0.000  0.44 0.000 0.036 0.000000 0.09 0.000000 0.007 0.000  0.147 0.000   0.206 0.000   4.08 0.000000   0.534 0.000  0.065 0.000   0.469 0.000 0.003 0.000 0.044 0.000
335.333333 336.333333    0.72 0.000  0.24 0.000 9.999 0.259000 0.06 0.000000 0.016 0.000  0.454 0.000   0.636 0.000   2.58 0.000000   1.204 0.000  0.400 0.000   0.804 0.000 0.005 0.000 0.017 0.000
338.333333 339.333333 9999.99 0.999 99.99 0.999 9.999 0.999000 9.99 0.999000 9.999 0.999 99.999 0.999 999.999 0.999 999.99 0.999000 999.999 0.999 99.999 0.999 999.999 0.999 9.999 0.999 9.999 0.999
341.333333 342.333333    1.45 0.000  0.13 0.000 0.062 0.000000 0.10 0.000000 0.004 0.000  0.236 0.000   0.330 0.000 999.99 0.259000   0.493 0.000  0.280 0.000   0.213 0.000 0.003 0.000 0.010 0.000
344.333333 345.333333    1.54 0.000  0.22 0.000 9.999 0.259000 9.99 0.259000 0.033 0.000  0.483 0.000   0.676 0.000 999.99 0.259000   1.206 0.000  0.155 0.000   1.051 0.000 0.003 0.000 0.043 0.000
347.333333 348.333333    0.31 0.000 99.99 0.259 9.999 0.259000 0.13 0.000000 0.003 0.000  0.097 0.000   0.136 0.000 999.99 0.259000   0.822 0.000  0.415 0.000   0.407 0.000 0.003 0.000 0.015 0.000
350.333333 351.333333    8.38 0.000  0.46 0.000 9.999 0.259000 0.11 0.000000 0.050 0.000  0.752 0.000   1.053 0.000 999.99 0.259000   2.687 0.000  0.720 0.000   1.967 0.000 0.013 0.000 0.098 0.000
353.333333 354.333333    1.10 0.000  0.23 0.000 0.056 0.000000 0.04 0.000000 0.057 0.000  0.446 0.000   0.624 0.000 999.99 0.259000   1.075 0.000  0.218 0.000   0.857 0.000 0.005 0.000 0.052 0.000
356.333333 357.333333    4.69 0.000  0.42 0.000 0.055 0.000000 0.08 0.000000 0.147 0.000  0.779 0.000   1.090 0.000 999.99 0.259000   1.703 0.000 99.999 0.259   1.809 0.000 0.007 0.000 0.081 0.000
359.333333 360.333333    3.23 0.000  0.19 0.000 9.999 0.259000 0.09 0.000000 0.070 0.000  0.174 0.000   0.244 0.000 999.99 0.259000   1.539 0.000  0.407 0.000   1.132 0.000 0.006 0.000 0.120 0.000
362.333333 363.333333    5.70 0.000  0.28 0.000 0.081 0.000000 0.07 0.000000 0.058 0.000  0.428 0.000   0.600 0.000 999.99 0.259000   1.529 0.000  0.471 0.000   1.059 0.000 0.005 0.000 0.055 0.000
