scripts/IMPROVE-2019_partial/data/US9040R.19960103080000.20191216000000.filterpack...1y.3d.US03L_filterpack_US9040.US03L_IMPROVE_Davis.lev2.nas
51 1001
MISSING INFORMATION
US03L, IMPROVE, , , , , , , 
MISSING INFORMATION
IMPROVE sel_HTAP
1 1
1996 01 01 2019 12 16
0
days from file reference point
4
1 1 1 1
999.999999 999.999 999.999 9.999
end_time of measurement, days from the file reference point
pm10_mass, ug/m3, Matrix=pm10
pm25_mass, ug/m3, Matrix=pm25
numflag, no unit
0
33
Data definition:              EBAS_1.1
Set type code:                TI
Timezone:                     UTC
File name:                    US9040R.19960103080000.20191216000000.filterpack...1y.3d.US03L_filterpack_US9040.US03L_IMPROVE_Davis.lev2.nas
File creation:                20191218120803
Startdate:                    19960103080000
Revision date:                20191216000000
Version:                      2
Version description:          "Data extracted from http://views.cira.colostate.edu/fed/DataWizard 2019-12-16"
Statistics:                   arithmetic mean
Data level:                   2
Period code:                  1y
Resolution code:              3d
Sample duration:              1d
Orig. time res.:              3d
Station code:                 US9040R
Platform code:                US9040S
Station name:                 South Lake Tahoe
Station latitude:             38.9333
Station longitude:            -119.9667
Station altitude:             1900.0 m
Regime:                       IMG
Component:                    
Unit:                         ug/m3
Matrix:                       
Laboratory code:              US03L
Instrument type:              filterpack
Instrument name:              filterpack_US9040
Method ref:                   US03L_IMPROVE_Davis
Blank correction:             Blank corrected
Volume std. temperature:      ambient
Volume std. pressure:         ambient
starttime endtime PM10 PM2.5 flag
  2.333333   3.333333  17.802   4.038 0.000
  5.333333   6.333333 999.999 999.999 0.999
  9.333333  10.333333  30.053  12.732 0.000
 12.333333  13.333333  40.030  16.829 0.000
 16.333333  17.333333  19.608   8.906 0.000
 19.333333  20.333333   7.067   4.004 0.000
 23.333333  24.333333   7.230   1.752 0.000
 26.333333  27.333333   5.719   1.936 0.000
 30.333333  31.333333  12.507  10.939 0.000
 33.333333  34.333333  42.787  12.191 0.000
 37.333333  38.333333  42.939  12.061 0.000
 40.333333  41.333333  35.195  13.737 0.000
 44.333333  45.333333  41.049  15.098 0.000
 47.333333  48.333333  17.631   7.378 0.000
 51.333333  52.333333  10.417   3.288 0.000
 54.333333  55.333333   9.360   6.206 0.000
 58.333333  59.333333  27.578   6.944 0.000
 61.333333  62.333333  45.064  17.654 0.000
 65.333333  66.333333  16.323  11.802 0.000
 68.333333  69.333333  62.162  17.059 0.000
 72.333333  73.333333   4.063   1.796 0.000
 75.333333  76.333333  36.953  10.027 0.000
 79.333333  80.333333  32.942  11.013 0.000
 82.333333  83.333333  14.494   5.904 0.000
 86.333333  87.333333  11.915   4.028 0.000
 89.333333  90.333333  22.222   7.576 0.000
 93.333333  94.333333  17.755   6.621 0.000
 96.333333  97.333333  22.301  10.610 0.000
100.333333 101.333333  10.643   4.517 0.000
103.333333 104.333333  13.436   6.823 0.000
107.333333 108.333333  11.218   2.908 0.000
110.333333 111.333333  11.979   9.486 0.000
114.333333 115.333333  16.865   7.181 0.000
117.333333 118.333333  13.068   5.644 0.000
121.333333 122.333333  14.536   6.143 0.000
124.333333 125.333333  10.713   7.962 0.000
128.333333 129.333333  11.676   7.180 0.000
131.333333 132.333333  16.408   7.212 0.000
135.333333 136.333333  12.303   3.682 0.000
138.333333 139.333333   6.909   6.793 0.000
142.333333 143.333333  10.903   5.061 0.000
145.333333 146.333333   7.396   4.373 0.000
149.333333 150.333333  12.638   7.671 0.000
152.333333 153.333333  15.041   9.327 0.000
156.333333 157.333333  10.125   6.327 0.000
159.333333 160.333333  11.033   6.321 0.000
163.333333 164.333333  12.382   7.874 0.000
166.333333 167.333333  11.072   7.062 0.000
170.333333 171.333333  12.289   5.269 0.000
173.333333 174.333333  16.252   6.612 0.000
177.333333 178.333333   6.547   3.632 0.000
180.333333 181.333333  10.127   5.056 0.000
184.333333 185.333333  17.034   6.681 0.000
187.333333 188.333333  13.168   6.857 0.000
191.333333 192.333333  17.542   8.374 0.000
194.333333 195.333333  42.029  19.608 0.000
198.333333 199.333333   9.742   4.533 0.000
201.333333 202.333333   9.773   5.201 0.000
205.333333 206.333333  12.699   8.462 0.000
208.333333 209.333333  16.364  12.109 0.000
212.333333 213.333333  11.164   7.501 0.000
215.333333 216.333333   9.503   4.718 0.000
219.333333 220.333333  19.822   6.886 0.000
222.333333 223.333333  18.707  10.769 0.000
226.333333 227.333333  23.463  11.438 0.000
229.333333 230.333333  31.789  28.193 0.000
233.333333 234.333333  20.375  17.153 0.000
236.333333 237.333333  22.645  20.250 0.000
240.333333 241.333333  21.270  16.602 0.000
243.333333 244.333333  13.520   8.549 0.000
247.333333 248.333333  15.447   5.260 0.000
250.333333 251.333333  13.313   7.979 0.000
254.333333 255.333333  16.228   7.570 0.000
257.333333 258.333333   4.910   2.997 0.000
261.333333 262.333333  18.506   4.990 0.000
264.333333 265.333333  12.409   9.079 0.000
268.333333 269.333333  15.248   6.944 0.000
271.333333 272.333333  11.464   5.424 0.000
275.333333 276.333333  14.477   7.783 0.000
278.333333 279.333333  12.970   6.562 0.000
282.333333 283.333333  18.063   8.868 0.000
285.333333 286.333333  20.907  14.768 0.000
289.333333 290.333333  15.278   8.498 0.000
292.333333 293.333333   3.009   2.437 0.000
296.333333 297.333333  10.062   7.399 0.000
299.333333 300.333333   7.615   3.093 0.000
303.333333 304.333333  10.630   5.592 0.000
306.333333 307.333333  22.421  13.364 0.000
310.333333 311.333333  23.197  11.764 0.000
313.333333 314.333333  25.488  13.979 0.000
317.333333 318.333333  16.066  11.936 0.000
320.333333 321.333333   8.025 999.999 0.000
324.333333 325.333333  14.048   4.660 0.000
327.333333 328.333333  10.159   8.051 0.000
331.333333 332.333333  30.594  14.164 0.000
334.333333 335.333333  15.046   6.853 0.000
338.333333 339.333333  10.357   6.602 0.000
341.333333 342.333333   6.429   2.006 0.000
345.333333 346.333333 999.999 999.999 0.999
348.333333 349.333333  35.174  10.401 0.000
352.333333 353.333333 999.999 999.999 0.999
355.333333 356.333333 999.999 999.999 0.999
359.333333 360.333333 999.999 999.999 0.999
362.333333 363.333333 999.999 999.999 0.999
