scripts/IMPROVE-2019_partial/data/US9057R.20070103060000.20191216000000.filterpack...1y.3d.US03L_filterpack_US9057.US03L_IMPROVE_Davis.lev2.nas
52 1001
MISSING INFORMATION
US03L, IMPROVE, , , , , , , 
MISSING INFORMATION
IMPROVE sel_HTAP
1 1
2007 01 01 2019 12 16
3.00
days from file reference point
5
1 1 1 1 1
999.99 999.999 9.999 999.999 9.999
end_time of measurement, days from the file reference point
pm10_mass, ug/m3, Matrix=pm10
numflag pm10_mass, no unit, Matrix=pm10
pm25_mass, ug/m3, Matrix=pm25
numflag pm25_mass, no unit, Matrix=pm25
0
33
Data definition:              EBAS_1.1
Set type code:                TU
Timezone:                     UTC
File name:                    US9057R.20070103060000.20191216000000.filterpack...1y.3d.US03L_filterpack_US9057.US03L_IMPROVE_Davis.lev2.nas
File creation:                20191218120919
Startdate:                    20070103060000
Revision date:                20191216000000
Version:                      2
Version description:          "Data extracted from http://views.cira.colostate.edu/fed/DataWizard 2019-12-16"
Statistics:                   arithmetic mean
Data level:                   2
Period code:                  1y
Resolution code:              3d
Sample duration:              1d
Orig. time res.:              3d
Station code:                 US9057R
Platform code:                US9057S
Station name:                 Sac and Fox
Station latitude:             39.9791
Station longitude:            -95.5682
Station altitude:             293.0 m
Regime:                       IMG
Component:                    
Unit:                         ug/m3
Matrix:                       
Laboratory code:              US03L
Instrument type:              filterpack
Instrument name:              filterpack_US9057
Method ref:                   US03L_IMPROVE_Davis
Blank correction:             Blank corrected
Volume std. temperature:      ambient
Volume std. pressure:         ambient
starttime endtime PM10 flag_PM10 PM2.5 flag_PM2.5
  2.25   3.25   5.153 0.000   2.709 0.000
  5.25   6.25   3.203 0.000   2.082 0.000
  8.25   9.25   9.091 0.000   3.061 0.000
 11.25  12.25  15.394 0.000   4.885 0.000
 14.25  15.25   8.609 0.000   6.099 0.000
 17.25  18.25   7.266 0.000   5.705 0.000
 20.25  21.25  10.914 0.000  10.264 0.000
 23.25  24.25   9.575 0.000   8.675 0.000
 26.25  27.25   6.740 0.000   3.809 0.000
 29.25  30.25   8.470 0.000   3.508 0.000
 32.25  33.25   7.567 0.000   1.678 0.000
 35.25  36.25  15.551 0.000   5.426 0.000
 38.25  39.25  19.276 0.000  10.229 0.000
 41.25  42.25  24.123 0.000  15.775 0.000
 44.25  45.25 999.999 0.999 999.999 0.999
 47.25  48.25   9.775 0.000   7.677 0.000
 50.25  51.25   9.093 0.000   7.637 0.000
 53.25  54.25  14.114 0.000   5.095 0.000
 56.25  57.25   9.279 0.000   8.241 0.000
 59.25  60.25  11.873 0.000  10.214 0.000
 62.25  63.25   5.712 0.000   3.904 0.000
 65.25  66.25  34.215 0.000  29.424 0.000
 68.25  69.25   7.401 0.000   4.545 0.000
 71.25  72.25  15.508 0.000   9.468 0.000
 74.25  75.25  14.252 0.000   5.648 0.000
 77.25  78.25  20.541 0.000 999.999 0.456
 80.25  81.25  10.789 0.000   5.075 0.000
 83.25  84.25  11.922 0.000   6.510 0.000
 86.25  87.25 999.999 0.999 999.999 0.999
 89.25  90.25   4.777 0.000   2.814 0.000
 92.25  93.25  10.932 0.000   6.176 0.000
 95.25  96.25  12.838 0.000   4.158 0.000
 98.25  99.25  21.450 0.000  11.498 0.000
101.25 102.25  11.115 0.000   9.603 0.000
104.25 105.25   9.280 0.000   6.625 0.000
107.25 108.25  18.299 0.000  10.559 0.000
110.25 111.25  27.169 0.000  14.430 0.000
113.25 114.25  12.240 0.000   6.193 0.000
116.25 117.25   7.448 0.000   4.394 0.000
119.25 120.25  19.299 0.000  10.969 0.000
122.25 123.25  14.284 0.000   9.185 0.000
125.25 126.25   7.010 0.000   4.349 0.000
128.25 129.25  12.386 0.000   5.723 0.000
131.25 132.25  25.088 0.000   7.937 0.000
134.25 135.25  11.365 0.000   6.242 0.000
137.25 138.25  17.069 0.000   5.490 0.000
140.25 141.25  29.913 0.000  15.545 0.000
143.25 144.25   5.846 0.000   2.805 0.000
146.25 147.25  15.379 0.000   7.658 0.000
149.25 150.25  11.101 0.000   5.702 0.000
152.25 153.25   6.696 0.000   2.459 0.000
155.25 156.25  15.431 0.000   6.062 0.000
158.25 159.25  15.505 0.000   4.923 0.000
161.25 162.25  11.154 0.000   7.369 0.000
164.25 165.25  41.143 0.000  30.675 0.000
167.25 168.25  22.970 0.000  12.752 0.000
170.25 171.25  12.765 0.000   5.744 0.000
173.25 174.25   9.442 0.000   4.230 0.000
176.25 177.25  19.104 0.000  10.307 0.000
179.25 180.25  16.837 0.000   7.690 0.000
182.25 183.25  24.810 0.000  17.904 0.000
185.25 186.25  26.437 0.000   8.239 0.000
188.25 189.25  21.237 0.000  11.578 0.000
191.25 192.25  20.671 0.000   4.670 0.000
194.25 195.25  17.113 0.000   5.575 0.000
197.25 198.25  19.968 0.000   8.327 0.000
200.25 201.25  19.216 0.000  11.380 0.000
203.25 204.25  14.319 0.000   9.672 0.000
206.25 207.25  27.638 0.000  18.128 0.000
209.25 210.25  14.025 0.000   9.710 0.000
212.25 213.25  22.194 0.000  16.572 0.000
215.25 216.25  30.568 0.000  21.199 0.000
218.25 219.25  20.107 0.000   8.683 0.000
221.25 222.25  20.657 0.000   9.051 0.000
224.25 225.25  23.386 0.000   8.481 0.000
227.25 228.25  24.442 0.000  13.308 0.000
230.25 231.25  12.752 0.000   7.529 0.000
233.25 234.25 999.999 0.999 999.999 0.999
236.25 237.25  12.451 0.000   5.869 0.000
239.25 240.25  23.587 0.000  12.804 0.000
242.25 243.25   9.685 0.000   5.542 0.000
245.25 246.25  16.189 0.000  11.240 0.000
248.25 249.25   7.990 0.000   7.473 0.000
251.25 252.25   9.098 0.000   6.770 0.000
254.25 255.25  10.663 0.000   4.524 0.000
257.25 258.25   5.716 0.000   3.309 0.000
260.25 261.25  11.405 0.000  10.741 0.000
263.25 264.25  20.288 0.000  16.403 0.000
266.25 267.25  16.474 0.000  14.235 0.000
269.25 270.25  12.027 0.000   5.875 0.000
272.25 273.25  17.196 0.000   9.293 0.000
275.25 276.25   4.984 0.000   3.014 0.000
278.25 279.25  10.560 0.000   9.067 0.000
281.25 282.25   6.715 0.000   3.209 0.000
284.25 285.25   7.856 0.000   5.209 0.000
287.25 288.25   5.355 0.000   5.893 0.000
290.25 291.25   2.038 0.000   1.774 0.000
293.25 294.25  10.361 0.000   4.814 0.000
296.25 297.25  11.256 0.000   3.259 0.000
299.25 300.25  12.894 0.000   5.146 0.000
302.25 303.25  12.367 0.000   9.358 0.000
305.25 306.25  16.863 0.000   5.725 0.000
308.25 309.25  13.969 0.000   5.650 0.000
311.25 312.25  17.352 0.000   7.363 0.000
314.25 315.25  14.149 0.000  14.361 0.000
317.25 318.25  13.418 0.000   2.257 0.000
320.25 321.25  19.312 0.000   9.693 0.000
323.25 324.25  12.058 0.000  13.072 0.000
326.25 327.25  17.098 0.000   7.616 0.000
329.25 330.25   9.142 0.000   8.422 0.000
332.25 333.25  18.253 0.000   4.623 0.000
335.25 336.25   7.287 0.000   6.230 0.000
338.25 339.25  21.718 0.000   9.243 0.000
341.25 342.25  23.253 0.000  12.254 0.000
344.25 345.25 999.999 0.999 999.999 0.999
347.25 348.25 999.999 0.999 999.999 0.999
350.25 351.25 999.999 0.999 999.999 0.999
353.25 354.25 999.999 0.999 999.999 0.999
356.25 357.25   7.200 0.000   3.271 0.000
359.25 360.25 999.999 0.999 999.999 0.999
362.25 363.25  23.721 0.000  12.709 0.000
