scripts/IMPROVE-2019_partial/data/US9029R.20070103070000.20191216000000.filterpack...11mo.3d.US03L_filterpack_US9029.US03L_IMPROVE_Davis.lev2.nas
52 1001
MISSING INFORMATION
US03L, IMPROVE, , , , , , , 
MISSING INFORMATION
IMPROVE sel_HTAP
1 1
2007 01 01 2019 12 16
3.000000
days from file reference point
5
1 1 1 1 1
999.999999 999.999 9.999 999.999 9.999
end_time of measurement, days from the file reference point
pm10_mass, ug/m3, Matrix=pm10
numflag pm10_mass, no unit, Matrix=pm10
pm25_mass, ug/m3, Matrix=pm25
numflag pm25_mass, no unit, Matrix=pm25
0
33
Data definition:              EBAS_1.1
Set type code:                TU
Timezone:                     UTC
File name:                    US9029R.20070103070000.20191216000000.filterpack...11mo.3d.US03L_filterpack_US9029.US03L_IMPROVE_Davis.lev2.nas
File creation:                20191218120708
Startdate:                    20070103070000
Revision date:                20191216000000
Version:                      2
Version description:          "Data extracted from http://views.cira.colostate.edu/fed/DataWizard 2019-12-16"
Statistics:                   arithmetic mean
Data level:                   2
Period code:                  11mo
Resolution code:              3d
Sample duration:              1d
Orig. time res.:              3d
Station code:                 US9029R
Platform code:                US9029S
Station name:                 North Absaroka
Station latitude:             44.7448
Station longitude:            -109.3816
Station altitude:             2482.0 m
Regime:                       IMG
Component:                    
Unit:                         ug/m3
Matrix:                       
Laboratory code:              US03L
Instrument type:              filterpack
Instrument name:              filterpack_US9029
Method ref:                   US03L_IMPROVE_Davis
Blank correction:             Blank corrected
Volume std. temperature:      ambient
Volume std. pressure:         ambient
starttime endtime PM10 flag_PM10 PM2.5 flag_PM2.5
  2.291667   3.291667 999.999 0.999 999.999 0.999
  5.291667   6.291667 999.999 0.999 999.999 0.999
  8.291667   9.291667 999.999 0.999 999.999 0.999
 11.291667  12.291667   2.379 0.000   1.165 0.000
 14.291667  15.291667   1.605 0.000   0.913 0.000
 17.291667  18.291667   5.237 0.000   1.938 0.000
 20.291667  21.291667   0.793 0.000   0.678 0.000
 23.291667  24.291667   0.915 0.000 999.999 0.456
 26.291667  27.291667   2.533 0.000   1.442 0.000
 29.291667  30.291667   2.403 0.000   1.433 0.000
 32.291667  33.291667   9.412 0.000   1.160 0.000
 35.291667  36.291667   1.382 0.000   0.695 0.000
 38.291667  39.291667   2.640 0.000   0.975 0.000
 41.291667  42.291667   0.830 0.000   0.584 0.000
 44.291667  45.291667   2.372 0.000   0.881 0.000
 47.291667  48.291667   1.818 0.000   0.845 0.000
 50.291667  51.291667   1.885 0.000   0.918 0.000
 53.291667  54.291667   2.238 0.000   0.642 0.000
 56.291667  57.291667   0.674 0.000   0.327 0.000
 59.291667  60.291667 999.999 0.999 999.999 0.999
 62.291667  63.291667   0.925 0.000   0.823 0.000
 65.291667  66.291667   2.713 0.000   0.787 0.000
 68.291667  69.291667   2.058 0.000   1.502 0.000
 71.291667  72.291667   2.703 0.000   1.434 0.000
 74.291667  75.291667   2.008 0.000   1.154 0.000
 77.291667  78.291667   2.469 0.000   1.864 0.000
 80.291667  81.291667   4.016 0.000   1.425 0.000
 83.291667  84.291667   4.373 0.000   2.020 0.000
 86.291667  87.291667   1.489 0.000   0.524 0.000
 89.291667  90.291667   4.821 0.000   2.403 0.000
 92.291667  93.291667   1.599 0.000   1.247 0.000
 95.291667  96.291667   1.355 0.000   0.496 0.000
 98.291667  99.291667   3.403 0.000   1.682 0.000
101.291667 102.291667   2.700 0.000   1.736 0.000
104.291667 105.291667   4.396 0.000   2.023 0.000
107.291667 108.291667   5.179 0.000   3.071 0.000
110.291667 111.291667   2.140 0.000   2.097 0.000
113.291667 114.291667   2.290 0.000   1.565 0.000
116.291667 117.291667   3.171 0.000   2.100 0.000
119.291667 120.291667   8.755 0.000   5.412 0.000
122.291667 123.291667   4.376 0.000   2.002 0.000
125.291667 126.291667   2.764 0.000   1.647 0.000
128.291667 129.291667   5.444 0.000   2.673 0.000
131.291667 132.291667   6.670 0.000   3.580 0.000
134.291667 135.291667   6.038 0.000   3.731 0.000
137.291667 138.291667  12.574 0.000   6.389 0.000
140.291667 141.291667   5.371 0.000   2.723 0.000
143.291667 144.291667   3.306 0.000   2.217 0.000
146.291667 147.291667   7.332 0.000   3.493 0.000
149.291667 150.291667   3.131 0.000   1.562 0.000
152.291667 153.291667   5.116 0.000   2.867 0.000
155.291667 156.291667 999.999 0.999 999.999 0.999
158.291667 159.291667   4.337 0.000   3.227 0.000
161.291667 162.291667   4.374 0.000   2.555 0.000
164.291667 165.291667   5.403 0.000   3.027 0.000
167.291667 168.291667   5.422 0.000   2.117 0.000
170.291667 171.291667   7.388 0.000   2.966 0.000
173.291667 174.291667   5.976 0.000   3.153 0.000
176.291667 177.291667   5.578 0.000   2.576 0.000
179.291667 180.291667  12.135 0.000   5.328 0.000
182.291667 183.291667   5.865 0.000   2.374 0.000
185.291667 186.291667  15.008 0.000   5.428 0.000
188.291667 189.291667   9.695 0.000   6.360 0.000
191.291667 192.291667  11.106 0.000   3.375 0.000
194.291667 195.291667   9.187 0.000   4.777 0.000
197.291667 198.291667   6.726 0.000   4.383 0.000
200.291667 201.291667  13.048 0.000   6.093 0.000
203.291667 204.291667  19.214 0.000  13.868 0.659
206.291667 207.291667  13.141 0.000   8.317 0.000
209.291667 210.291667  11.315 0.000   9.320 0.000
212.291667 213.291667  17.345 0.000   8.326 0.000
215.291667 216.291667 999.999 0.999 999.999 0.999
218.291667 219.291667 999.999 0.999 999.999 0.999
221.291667 222.291667  25.242 0.000  14.285 0.659
224.291667 225.291667  27.362 0.000  20.664 0.659
227.291667 228.291667  43.377 0.000 999.999 0.699
230.291667 231.291667 999.999 0.999 999.999 0.999
233.291667 234.291667 999.999 0.999 999.999 0.999
236.291667 237.291667 999.999 0.999 999.999 0.999
239.291667 240.291667 999.999 0.999 999.999 0.999
242.291667 243.291667   8.319 0.000   3.749 0.000
245.291667 246.291667  12.112 0.000   5.388 0.000
248.291667 249.291667   7.858 0.000   4.186 0.000
251.291667 252.291667   1.999 0.000   1.519 0.000
254.291667 255.291667   9.805 0.000   4.960 0.000
257.291667 258.291667   7.166 0.000   3.066 0.000
260.291667 261.291667   7.227 0.000   5.375 0.000
263.291667 264.291667   5.730 0.000   2.726 0.000
266.291667 267.291667   0.552 0.000   0.378 0.000
269.291667 270.291667   5.732 0.000   2.672 0.000
272.291667 273.291667   2.149 0.000   1.308 0.000
275.291667 276.291667 999.999 0.999 999.999 0.999
278.291667 279.291667 999.999 0.999 999.999 0.999
281.291667 282.291667 999.999 0.999 999.999 0.999
284.291667 285.291667 999.999 0.999 999.999 0.999
287.291667 288.291667 999.999 0.999 999.999 0.999
290.291667 291.291667   4.863 0.000   1.286 0.000
293.291667 294.291667   1.923 0.000   0.625 0.000
296.291667 297.291667 999.999 0.999 999.999 0.999
299.291667 300.291667   3.946 0.000   2.623 0.000
302.291667 303.291667   2.633 0.000   1.855 0.000
305.291667 306.291667   5.815 0.000   2.772 0.000
308.291667 309.291667   1.911 0.000   1.124 0.000
311.291667 312.291667 999.999 0.456 999.999 0.456
314.291667 315.291667 999.999 0.456 999.999 0.456
317.291667 318.291667 999.999 0.999 999.999 0.999
320.291667 321.291667 999.999 0.999 999.999 0.999
323.291667 324.291667 999.999 0.999 999.999 0.999
326.291667 327.291667 999.999 0.999 999.999 0.999
329.291667 330.291667 999.999 0.999 999.999 0.999
332.291667 333.291667 999.999 0.999 999.999 0.999
