scripts/IMPROVE-2019_partial/data/US9012R.20070103070000.20191216000000.filterpack...1y.3d.US03L_filterpack_US9012.US03L_IMPROVE_Davis.lev2.nas
52 1001
MISSING INFORMATION
US03L, IMPROVE, , , , , , , 
MISSING INFORMATION
IMPROVE sel_HTAP
1 1
2007 01 01 2019 12 16
3.000000
days from file reference point
5
1 1 1 1 1
999.999999 999.999 9.999 999.999 9.999
end_time of measurement, days from the file reference point
pm10_mass, ug/m3, Matrix=pm10
numflag pm10_mass, no unit, Matrix=pm10
pm25_mass, ug/m3, Matrix=pm25
numflag pm25_mass, no unit, Matrix=pm25
0
33
Data definition:              EBAS_1.1
Set type code:                TU
Timezone:                     UTC
File name:                    US9012R.20070103070000.20191216000000.filterpack...1y.3d.US03L_filterpack_US9012.US03L_IMPROVE_Davis.lev2.nas
File creation:                20191218120559
Startdate:                    20070103070000
Revision date:                20191216000000
Version:                      2
Version description:          "Data extracted from http://views.cira.colostate.edu/fed/DataWizard 2019-12-16"
Statistics:                   arithmetic mean
Data level:                   2
Period code:                  1y
Resolution code:              3d
Sample duration:              1d
Orig. time res.:              3d
Station code:                 US9012R
Platform code:                US9012S
Station name:                 Monture
Station latitude:             47.1222
Station longitude:            -113.1544
Station altitude:             1282.0 m
Regime:                       IMG
Component:                    
Unit:                         ug/m3
Matrix:                       
Laboratory code:              US03L
Instrument type:              filterpack
Instrument name:              filterpack_US9012
Method ref:                   US03L_IMPROVE_Davis
Blank correction:             Blank corrected
Volume std. temperature:      ambient
Volume std. pressure:         ambient
starttime endtime PM10 flag_PM10 PM2.5 flag_PM2.5
  2.291667   3.291667   1.291 0.000   0.912 0.000
  5.291667   6.291667   1.674 0.000   1.029 0.000
  8.291667   9.291667   1.081 0.000   0.849 0.000
 11.291667  12.291667   1.413 0.000   1.411 0.000
 14.291667  15.291667   2.724 0.000   2.287 0.000
 17.291667  18.291667   1.179 0.000   0.865 0.000
 20.291667  21.291667   1.004 0.000   0.740 0.000
 23.291667  24.291667   1.050 0.000   0.739 0.000
 26.291667  27.291667   2.302 0.000   1.470 0.000
 29.291667  30.291667   2.000 0.000   1.540 0.000
 32.291667  33.291667   1.564 0.000   1.200 0.000
 35.291667  36.291667   0.377 0.000   0.373 0.000
 38.291667  39.291667   3.520 0.000   3.281 0.000
 41.291667  42.291667   1.806 0.000   1.740 0.000
 44.291667  45.291667   2.268 0.000   2.170 0.000
 47.291667  48.291667   0.877 0.000   0.875 0.000
 50.291667  51.291667 999.999 0.456   0.581 0.000
 53.291667  54.291667 999.999 0.456   0.698 0.000
 56.291667  57.291667 999.999 0.456   0.674 0.000
 59.291667  60.291667   0.841 0.000   0.611 0.000
 62.291667  63.291667   0.747 0.000   0.595 0.000
 65.291667  66.291667   1.713 0.000   1.544 0.000
 68.291667  69.291667   1.382 0.000   1.122 0.000
 71.291667  72.291667   1.296 0.000   1.185 0.000
 74.291667  75.291667 999.999 0.999 999.999 0.999
 77.291667  78.291667   1.993 0.000   1.396 0.000
 80.291667  81.291667   1.945 0.000   1.401 0.000
 83.291667  84.291667   1.286 0.000   1.361 0.000
 86.291667  87.291667   1.796 0.000   1.367 0.000
 89.291667  90.291667   3.529 0.000   2.779 0.000
 92.291667  93.291667   2.382 0.000 999.999 0.456
 95.291667  96.291667   1.703 0.000   1.446 0.000
 98.291667  99.291667   2.969 0.000   2.004 0.000
101.291667 102.291667   1.671 0.000   1.390 0.000
104.291667 105.291667   1.831 0.000   1.637 0.000
107.291667 108.291667 999.999 0.999 999.999 0.999
110.291667 111.291667   3.184 0.000   2.252 0.000
113.291667 114.291667   3.363 0.000   2.259 0.000
116.291667 117.291667   0.755 0.000   0.494 0.000
119.291667 120.291667   0.159 0.000   0.247 0.000
122.291667 123.291667   1.078 0.000   0.744 0.000
125.291667 126.291667   3.789 0.000   2.384 0.000
128.291667 129.291667  15.975 0.000  10.857 0.000
131.291667 132.291667   8.265 0.000   5.461 0.000
134.291667 135.291667 999.999 0.456 999.999 0.456
137.291667 138.291667 999.999 0.456 999.999 0.456
140.291667 141.291667 999.999 0.456 999.999 0.456
143.291667 144.291667 999.999 0.999 999.999 0.999
146.291667 147.291667 999.999 0.999 999.999 0.999
149.291667 150.291667   5.676 0.000   2.695 0.000
152.291667 153.291667  12.841 0.000   5.050 0.000
155.291667 156.291667   3.925 0.000   2.392 0.000
158.291667 159.291667   3.290 0.000   1.458 0.000
161.291667 162.291667   3.615 0.000   2.066 0.000
164.291667 165.291667   5.327 0.000   2.819 0.000
167.291667 168.291667   2.822 0.000   1.506 0.000
170.291667 171.291667   5.421 0.000   2.524 0.000
173.291667 174.291667  13.408 0.000   5.068 0.000
176.291667 177.291667   3.361 0.000   1.234 0.000
179.291667 180.291667  11.350 0.000   5.896 0.000
182.291667 183.291667   9.852 0.000   3.965 0.000
185.291667 186.291667   9.829 0.000   4.507 0.000
188.291667 189.291667  18.180 0.000   5.585 0.000
191.291667 192.291667  11.918 0.000   4.264 0.000
194.291667 195.291667  35.874 0.000  13.296 0.000
197.291667 198.291667  10.955 0.000   7.431 0.000
200.291667 201.291667  26.590 0.000  15.649 0.000
203.291667 204.291667  26.218 0.000  18.502 0.000
206.291667 207.291667  23.126 0.000  11.025 0.000
209.291667 210.291667  22.595 0.000  14.335 0.000
212.291667 213.291667  38.172 0.000  23.501 0.000
215.291667 216.291667  52.440 0.000  43.404 0.000
218.291667 219.291667  32.450 0.000  24.538 0.000
221.291667 222.291667  33.616 0.000  31.840 0.000
224.291667 225.291667  62.057 0.000  54.194 0.659
227.291667 228.291667 999.999 0.699 999.999 0.699
230.291667 231.291667 999.999 0.456 999.999 0.456
233.291667 234.291667  10.813 0.000  11.732 0.000
236.291667 237.291667  13.617 0.000  10.194 0.000
239.291667 240.291667  10.538 0.000   7.877 0.000
242.291667 243.291667 999.999 0.699 999.999 0.699
245.291667 246.291667  23.981 0.000  21.939 0.000
248.291667 249.291667  10.486 0.000   7.587 0.000
251.291667 252.291667   7.667 0.000   4.628 0.000
254.291667 255.291667  28.085 0.000  23.706 0.000
257.291667 258.291667  40.691 0.000  30.614 0.000
260.291667 261.291667 999.999 0.456   6.948 0.000
263.291667 264.291667 999.999 0.456   3.364 0.000
266.291667 267.291667 999.999 0.456   1.226 0.000
269.291667 270.291667   4.300 0.000   2.647 0.000
272.291667 273.291667   2.035 0.000   1.754 0.000
275.291667 276.291667   1.907 0.000   1.117 0.000
278.291667 279.291667   2.762 0.000   2.017 0.000
281.291667 282.291667   3.388 0.000   2.121 0.000
284.291667 285.291667   3.405 0.000   1.721 0.000
287.291667 288.291667   5.196 0.000   3.890 0.000
290.291667 291.291667   3.613 0.000   2.565 0.000
293.291667 294.291667   2.638 0.000   1.865 0.000
296.291667 297.291667   4.749 0.000   2.682 0.000
299.291667 300.291667   5.793 0.000   3.129 0.000
302.291667 303.291667   6.410 0.000   5.654 0.000
305.291667 306.291667   8.234 0.000   3.351 0.000
308.291667 309.291667   2.311 0.000   1.385 0.000
311.291667 312.291667   4.062 0.000   3.192 0.000
314.291667 315.291667   2.911 0.000   2.058 0.000
317.291667 318.291667   2.555 0.000   2.180 0.000
320.291667 321.291667   2.280 0.000   2.422 0.000
323.291667 324.291667  27.085 0.000  26.768 0.659
326.291667 327.291667   5.394 0.000   5.319 0.000
329.291667 330.291667   5.574 0.000   5.268 0.000
332.291667 333.291667  20.359 0.000  22.227 0.659
335.291667 336.291667   4.484 0.000   4.032 0.000
338.291667 339.291667   0.872 0.000   0.534 0.000
341.291667 342.291667   1.223 0.000   0.939 0.000
344.291667 345.291667   2.340 0.000   1.667 0.000
347.291667 348.291667   1.766 0.000   0.883 0.000
350.291667 351.291667   1.293 0.000   0.862 0.000
353.291667 354.291667   0.754 0.000   0.439 0.000
356.291667 357.291667   0.964 0.000   0.780 0.000
359.291667 360.291667 999.999 0.999 999.999 0.999
362.291667 363.291667   0.930 0.000   0.783 0.000
