scripts/IMPROVE-2019_partial/data/US9076R.20050101070000.20191216000000.filterpack..pm25.52w.1w.US03L_filterpack_US9076.US03L_IMPROVE_Davis.lev2.nas
66 1001
MISSING INFORMATION
US03L, IMPROVE, , , , , , , 
MISSING INFORMATION
IMPROVE sel_HTAP
1 1
2005 01 01 2019 12 16
3.000000
days from file reference point
27
1 1 1 1 1 1 1 1 1 1 1 1 1 1 1 1 1 1 1 1 1 1 1 1 1 1 1
999.999999 9999.99 9.999 99.99 9.999 9.999 9.999999 9.99 9.999999 9.999 9.999 999.999 9.999 999.999 9.999 99.99 9.999999 999.999 9.999 999.999 9.999 999.999 9.999 9.999 9.999 9.999 9.999
end_time of measurement, days from the file reference point
iron, ng/m3, Revision date=20181210133000
numflag iron, no unit, Revision date=20181210133000
lead, ng/m3, Revision date=20181210133000
numflag lead, no unit, Revision date=20181210133000
magnesium, ug/m3, Revision date=20181210133000
numflag magnesium, no unit, Revision date=20181210133000
nickel, ng/m3, Revision date=20181210133000
numflag nickel, no unit, Revision date=20181210133000
nitrate, ug N/m3, Revision date=20181210133000
numflag nitrate, no unit, Revision date=20181210133000
organic_carbon, ug C/m3, Revision date=20181210133000
numflag organic_carbon, no unit, Revision date=20181210133000
organic_mass, ug/m3, Revision date=20181210133000
numflag organic_mass, no unit, Revision date=20181210133000
phosphorus, ng/m3, Revision date=20181210133000
numflag phosphorus, no unit, Revision date=20181210133000
pm10_mass, ug/m3, Version=2, Version description=Data extracted from http://views.cira.colostate.edu/fed/DataWizard 2019-12-16, Sample duration=1d, Orig. time res.=3d, Matrix=pm10, Blank correction=Blank corrected, Volume std. temperature=ambient, Volume std. pressure=ambient
numflag pm10_mass, no unit, Version=2, Version description=Data extracted from http://views.cira.colostate.edu/fed/DataWizard 2019-12-16, Sample duration=1d, Orig. time res.=3d, Matrix=pm10, Blank correction=Blank corrected, Volume std. temperature=ambient, Volume std. pressure=ambient
pm10_pm25_mass, ug/m3, Revision date=20181210133000, Matrix=pm10_pm25
numflag pm10_pm25_mass, no unit, Revision date=20181210133000, Matrix=pm10_pm25
pm25_mass, ug/m3, Version=2, Version description=Data extracted from http://views.cira.colostate.edu/fed/DataWizard 2019-12-16, Sample duration=1d, Orig. time res.=3d, Blank correction=Blank corrected, Volume std. temperature=ambient, Volume std. pressure=ambient
numflag pm25_mass, no unit, Version=2, Version description=Data extracted from http://views.cira.colostate.edu/fed/DataWizard 2019-12-16, Sample duration=1d, Orig. time res.=3d, Blank correction=Blank corrected, Volume std. temperature=ambient, Volume std. pressure=ambient
potassium, ug/m3, Revision date=20181210133000
numflag potassium, no unit, Revision date=20181210133000
sulphate_total, ug S/m3, Revision date=20181210133000
numflag sulphate_total, no unit, Revision date=20181210133000
0
25
Data definition:              EBAS_1.1
Set type code:                TU
Timezone:                     UTC
File name:                    US9076R.20050101070000.20191216000000.filterpack..pm25.52w.1w.US03L_filterpack_US9076.US03L_IMPROVE_Davis.lev2.nas
File creation:                20191218121043
Startdate:                    20050101070000
Revision date:                20191216000000
Statistics:                   arithmetic mean
Data level:                   2
Period code:                  52w
Resolution code:              1w
Station code:                 US9076R
Platform code:                US9076S
Station name:                 Zion Canyon
Station latitude:             37.1983
Station longitude:            -113.1508
Station altitude:             1215.0 m
Regime:                       IMG
Component:                    
Matrix:                       pm25
Laboratory code:              US03L
Instrument type:              filterpack
Instrument name:              filterpack_US9076
Method ref:                   US03L_IMPROVE_Davis
starttime endtime Fe flag_Fe Pb flag_Pb Mg++ flag_Mg++ Ni flag_Ni NO3- flag_NO3- OC flag_OC OM flag_OM P flag_P PM10 flag_PM10 PM10-PM2.5 flag_PM10-PM2.5 PM2.5 flag_PM2.5 K+ flag_K+ SO4-- flag_SO4--
[from data line 81]
243.291667 244.291667  103.15 0.699  0.33 0.699 0.047 0.699000 9.99 0.699259 0.044 0.559   0.576 0.000   1.037 0.000 99.99 0.699259  14.960 0.000  10.139 0.699   4.816 0.659 0.077 0.699 0.237 0.559
246.291667 247.291667   35.17 0.000  0.45 0.000 9.999 0.259000 0.15 0.000000 0.026 0.000   0.536 0.000   0.964 0.000 99.99 0.259000  10.210 0.000   6.496 0.000   3.712 0.000 0.030 0.000 0.376 0.000
249.291667 250.291667   31.07 0.000  0.38 0.000 0.005 0.000000 0.09 0.000000 0.012 0.559   0.351 0.000   0.632 0.000 99.99 0.259000   8.882 0.000   5.594 0.000   3.286 0.000 0.028 0.000 0.354 0.559
252.291667 253.291667   75.10 0.000  0.60 0.000 0.018 0.000000 0.12 0.000000 0.031 0.559   0.374 0.000   0.673 0.000 99.99 0.259000   9.991 0.000   6.408 0.000   3.582 0.000 0.046 0.000 0.204 0.559
255.291667 256.291667   35.17 0.000  0.57 0.000 9.999 0.259000 9.99 0.259000 0.049 0.000   0.373 0.000   0.670 0.000 99.99 0.259000  10.491 0.000   7.570 0.000   3.059 0.000 0.026 0.000 0.228 0.000
258.291667 259.291667   64.12 0.699  0.74 0.699 0.015 0.699000 0.26 0.699000 0.053 0.559   0.553 0.000   0.995 0.000 99.99 0.699259  18.483 0.000  13.095 0.699   5.382 0.659 0.057 0.699 0.434 0.559
261.291667 262.291667   45.05 0.699  0.91 0.699 0.011 0.699000 9.99 0.699259 0.022 0.559   0.411 0.000   0.741 0.000 99.99 0.699259   9.375 0.000   5.703 0.699   3.667 0.659 0.036 0.699 0.290 0.559
264.291667 265.291667   21.17 0.000  0.34 0.000 9.999 0.259000 0.13 0.000000 0.011 0.559   0.375 0.000   0.676 0.000 99.99 0.259000   7.973 0.000   5.175 0.000   2.796 0.000 0.015 0.000 0.313 0.559
267.291667 268.291667   41.74 0.000  0.81 0.000 0.007 0.000000 9.99 0.259000 0.021 0.559   0.318 0.000   0.573 0.000 99.99 0.259000   7.606 0.000   4.887 0.000   2.716 0.000 0.026 0.000 0.208 0.559
270.291667 271.291667   16.23 0.000  0.56 0.000 9.999 0.259000 9.99 0.259000 0.012 0.559   0.688 0.000   1.239 0.000 99.99 0.259000  10.463 0.000   7.972 0.000   2.490 0.000 0.014 0.000 0.215 0.559
273.291667 274.291667   40.64 0.000  0.55 0.000 9.999 0.259000 9.99 0.259000 0.014 0.000   0.551 0.000   0.992 0.000 99.99 0.259000   7.624 0.000   4.250 0.000   3.371 0.000 0.036 0.000 0.234 0.000
276.291667 277.291667   31.41 0.000  0.48 0.000 0.013 0.000000 9.99 0.259000 0.023 0.559   0.458 0.000   0.824 0.000 99.99 0.259000   3.570 0.000   1.112 0.000   2.459 0.000 0.025 0.000 0.165 0.559
279.291667 280.291667   49.04 0.000  0.46 0.000 0.020 0.000000 9.99 0.259000 0.020 0.000   1.014 0.000   1.824 0.000 99.99 0.259000  11.733 0.000   7.392 0.000   4.337 0.000 0.047 0.000 0.195 0.000
282.291667 283.291667    9.63 0.000  0.25 0.000 9.999 0.259000 9.99 0.259000 0.015 0.559   0.594 0.000   1.069 0.000 99.99 0.259000   4.470 0.000   2.405 0.000   2.065 0.000 0.012 0.000 0.125 0.559
285.291667 286.291667   31.56 0.000  0.59 0.000 0.018 0.000000 9.99 0.259000 0.012 0.000   0.594 0.000   1.070 0.000 99.99 0.259000   9.879 0.000   7.158 0.000   2.720 0.000 0.024 0.000 0.210 0.000
288.291667 289.291667   16.60 0.000  0.29 0.000 9.999 0.259000 0.18 0.000000 0.013 0.000   0.842 0.000   1.515 0.000 99.99 0.259000   6.170 0.000   3.080 0.000   3.089 0.000 0.030 0.000 0.268 0.000
291.291667 292.291667    5.45 0.000  0.19 0.000 9.999 0.259000 0.12 0.000000 0.025 0.000   0.882 0.000   1.587 0.000 99.99 0.259000   3.622 0.000   1.249 0.000   2.372 0.000 0.008 0.000 0.138 0.000
294.291667 295.291667   10.38 0.000  0.39 0.000 9.999 0.259000 9.99 0.259000 0.009 0.000   1.139 0.000   2.049 0.000 99.99 0.259000   5.159 0.000   1.808 0.000   3.349 0.000 0.012 0.000 0.220 0.000
297.291667 298.291667   20.91 0.000  0.46 0.000 9.999 0.259000 9.99 0.259000 0.012 0.000   0.503 0.000   0.906 0.000 99.99 0.259000   6.464 0.000   3.452 0.000   3.057 0.000 0.016 0.000 0.273 0.000
300.291667 301.291667   25.90 0.000  0.98 0.000 0.009 0.000000 0.25 0.000000 0.039 0.000   0.867 0.000   1.560 0.000 99.99 0.259000   6.892 0.000   2.464 0.000   4.426 0.000 0.023 0.000 0.477 0.000
303.291667 304.291667   53.04 0.000  2.18 0.000 0.029 0.000000 0.16 0.000000 0.021 0.000   0.690 0.000   1.242 0.000 99.99 0.259000   6.881 0.000   2.555 0.000   4.324 0.000 0.057 0.000 0.426 0.000
306.291667 307.291667   66.09 0.699  2.13 0.699 9.999 0.699259 0.26 0.699000 0.032 0.000   0.434 0.000   0.781 0.000 99.99 0.699259  12.132 0.000   7.135 0.699   4.993 0.659 0.051 0.699 0.514 0.000
309.291667 310.291667   39.13 0.000  0.53 0.000 9.999 0.259000 9.99 0.259000 0.022 0.000   0.335 0.000   0.602 0.000 99.99 0.259000   6.070 0.000   3.478 0.000   2.591 0.000 0.035 0.000 0.138 0.000
312.291667 313.291667   33.60 0.000  0.85 0.000 9.999 0.259000 0.28 0.000000 0.016 0.000   1.184 0.000   2.132 0.000 99.99 0.259000  11.451 0.000   6.688 0.000   4.760 0.000 0.031 0.000 0.393 0.000
315.291667 316.291667   15.13 0.000  0.62 0.000 9.999 0.259000 0.18 0.000000 0.109 0.000   0.938 0.000   1.689 0.000 99.99 0.259000   5.627 0.000   1.845 0.000   3.780 0.000 0.015 0.000 0.330 0.000
318.291667 319.291667   10.02 0.000  0.20 0.000 9.999 0.259000 9.99 0.259000 0.025 0.559   0.242 0.000   0.435 0.000 99.99 0.259000   3.556 0.000   2.148 0.000   1.408 0.000 0.010 0.000 0.090 0.559
321.291667 322.291667   13.67 0.000  0.76 0.000 9.999 0.259000 9.99 0.259000 0.032 0.000   0.372 0.000   0.669 0.000 99.99 0.259000   4.568 0.000   3.126 0.000   1.441 0.000 0.013 0.000 0.100 0.000
324.291667 325.291667   26.55 0.000  0.48 0.000 9.999 0.259000 0.07 0.000000 0.023 0.000   0.398 0.000   0.717 0.000 99.99 0.259000   4.406 0.000   2.587 0.000   1.818 0.000 0.017 0.000 0.089 0.000
327.291667 328.291667   30.57 0.000  0.74 0.000 9.999 0.259000 9.99 0.259000 0.025 0.559   0.496 0.000   0.892 0.000 99.99 0.259000   7.568 0.000   5.333 0.000   2.234 0.000 0.022 0.000 0.126 0.559
330.291667 331.291667    3.60 0.000  0.17 0.000 9.999 0.259000 9.99 0.259000 0.006 0.000   0.117 0.000   0.210 0.000 99.99 0.259000   1.482 0.000   0.925 0.000   0.557 0.000 0.004 0.000 0.036 0.000
333.291667 334.291667   39.50 0.000  0.31 0.000 9.999 0.259000 9.99 0.259000 0.033 0.000   0.725 0.000   1.305 0.000 99.99 0.259000  10.817 0.000   8.288 0.000   2.528 0.000 0.042 0.000 0.127 0.000
336.291667 337.291667    5.76 0.000  0.26 0.000 0.005 0.000000 9.99 0.259000 0.010 0.000   0.317 0.000   0.571 0.000 99.99 0.259000   2.048 0.000   1.049 0.000   0.999 0.000 0.006 0.000 0.081 0.000
339.291667 340.291667    7.81 0.000  0.25 0.000 0.002 0.000000 9.99 0.259000 0.021 0.000   0.327 0.000   0.589 0.000 99.99 0.259000   3.264 0.000   2.156 0.000   1.142 0.000 0.010 0.000 0.057 0.000
342.291667 343.291667   14.84 0.000  0.31 0.000 9.999 0.259000 9.99 0.259000 0.023 0.559   0.469 0.000   0.843 0.000 99.99 0.259000   6.236 0.000   4.530 0.000   1.705 0.000 0.016 0.000 0.091 0.559
345.291667 346.291667   27.38 0.000  0.44 0.000 0.009 0.000000 9.99 0.259000 0.040 0.559   0.556 0.000   1.002 0.000 99.99 0.259000   7.370 0.000   5.175 0.000   2.193 0.000 0.036 0.000 0.093 0.559
348.291667 349.291667   17.11 0.000  0.21 0.000 9.999 0.259000 9.99 0.259000 0.055 0.559   0.356 0.000   0.641 0.000  6.81 0.000000   8.151 0.000   6.867 0.000   1.283 0.000 0.013 0.000 0.048 0.559
351.291667 352.291667   19.64 0.000  0.67 0.000 9.999 0.259000 0.25 0.000000 0.188 0.559   0.811 0.000   1.459 0.000 99.99 0.259000   6.280 0.000   3.314 0.000   2.964 0.000 0.025 0.000 0.194 0.559
354.291667 355.291667   14.83 0.000  0.33 0.000 0.009 0.000000 9.99 0.259000 0.009 0.559   0.389 0.000   0.701 0.000 99.99 0.259000   4.202 0.000   3.027 0.000   1.175 0.000 0.013 0.000 0.039 0.559
357.291667 358.291667   10.62 0.000  0.43 0.000 9.999 0.259000 9.99 0.259000 0.008 0.559   0.319 0.000   0.574 0.000 99.99 0.259000   2.449 0.000   1.344 0.000   1.104 0.000 0.019 0.000 0.044 0.559
360.291667 361.291667    3.03 0.000  0.19 0.000 0.003 0.000000 0.05 0.000000 0.013 0.559   0.458 0.000   0.824 0.000 99.99 0.259000   2.553 0.000   1.575 0.000   0.994 0.000 0.006 0.000 0.019 0.559
363.291667 364.291667   12.09 0.000  0.34 0.000 9.999 0.259000 9.99 0.259000 0.030 0.559   0.369 0.000   0.664 0.000 99.99 0.259000   4.421 0.000   3.130 0.000   1.290 0.000 0.057 0.000 0.024 0.559
