scripts/IMPROVE-2019_partial/data/US9077R.20060102080000.20191216000000.filterpack..pm25.52w.1w.US03L_filterpack_US9077.US03L_IMPROVE_Davis.lev2.nas
64 1001
MISSING INFORMATION
US03L, IMPROVE, , , , , , , 
MISSING INFORMATION
IMPROVE sel_HTAP
1 1
2006 01 01 2019 12 16
3.000000
days from file reference point
25
1 1 1 1 1 1 1 1 1 1 1 1 1 1 1 1 1 1 1 1 1 1 1 1 1
999.999999 999.99 9.999 99.99 9.999 9.999 9.999999 99.99 9.999999 9.999 9.999 99.999 9.999 999.999 9.999 999.999 9.999 99.999 9.999 99.999 9.999 9.999 9.999 9.999 9.999
end_time of measurement, days from the file reference point
iron, ng/m3, Revision date=20181210133000
numflag iron, no unit, Revision date=20181210133000
lead, ng/m3, Revision date=20181210133000
numflag lead, no unit, Revision date=20181210133000
magnesium, ug/m3, Revision date=20181210133000
numflag magnesium, no unit, Revision date=20181210133000
nickel, ng/m3, Revision date=20181210133000
numflag nickel, no unit, Revision date=20181210133000
nitrate, ug N/m3, Revision date=20181210133000
numflag nitrate, no unit, Revision date=20181210133000
organic_carbon, ug C/m3, Revision date=20181210133000
numflag organic_carbon, no unit, Revision date=20181210133000
organic_mass, ug/m3, Revision date=20181210133000
numflag organic_mass, no unit, Revision date=20181210133000
pm10_mass, ug/m3, Version=2, Version description=Data extracted from http://views.cira.colostate.edu/fed/DataWizard 2019-12-16, Sample duration=1d, Orig. time res.=3d, Matrix=pm10, Blank correction=Blank corrected, Volume std. temperature=ambient, Volume std. pressure=ambient
numflag pm10_mass, no unit, Version=2, Version description=Data extracted from http://views.cira.colostate.edu/fed/DataWizard 2019-12-16, Sample duration=1d, Orig. time res.=3d, Matrix=pm10, Blank correction=Blank corrected, Volume std. temperature=ambient, Volume std. pressure=ambient
pm10_pm25_mass, ug/m3, Revision date=20181210133000, Matrix=pm10_pm25
numflag pm10_pm25_mass, no unit, Revision date=20181210133000, Matrix=pm10_pm25
pm25_mass, ug/m3, Version=2, Version description=Data extracted from http://views.cira.colostate.edu/fed/DataWizard 2019-12-16, Sample duration=1d, Orig. time res.=3d, Blank correction=Blank corrected, Volume std. temperature=ambient, Volume std. pressure=ambient
numflag pm25_mass, no unit, Version=2, Version description=Data extracted from http://views.cira.colostate.edu/fed/DataWizard 2019-12-16, Sample duration=1d, Orig. time res.=3d, Blank correction=Blank corrected, Volume std. temperature=ambient, Volume std. pressure=ambient
potassium, ug/m3, Revision date=20181210133000
numflag potassium, no unit, Revision date=20181210133000
sulphate_total, ug S/m3, Revision date=20181210133000
numflag sulphate_total, no unit, Revision date=20181210133000
0
25
Data definition:              EBAS_1.1
Set type code:                TU
Timezone:                     UTC
File name:                    US9077R.20060102080000.20191216000000.filterpack..pm25.52w.1w.US03L_filterpack_US9077.US03L_IMPROVE_Davis.lev2.nas
File creation:                20191218121049
Startdate:                    20060102080000
Revision date:                20191216000000
Statistics:                   arithmetic mean
Data level:                   2
Period code:                  52w
Resolution code:              1w
Station code:                 US9077R
Platform code:                US9077S
Station name:                 Snoqualmie Pass
Station latitude:             47.422
Station longitude:            -121.4259
Station altitude:             1049.0 m
Regime:                       IMG
Component:                    
Matrix:                       pm25
Laboratory code:              US03L
Instrument type:              filterpack
Instrument name:              filterpack_US9077
Method ref:                   US03L_IMPROVE_Davis
starttime endtime Fe flag_Fe Pb flag_Pb Mg++ flag_Mg++ Ni flag_Ni NO3- flag_NO3- OC flag_OC OM flag_OM PM10 flag_PM10 PM10-PM2.5 flag_PM10-PM2.5 PM2.5 flag_PM2.5 K+ flag_K+ SO4-- flag_SO4--
[from data line 89]
268.333333 269.333333  17.92 0.000  0.89 0.000 9.999 0.259000  0.14 0.000000 0.011 0.000  0.929 0.000   1.673 0.000   4.141 0.000  1.303 0.000  2.838 0.000 0.012 0.000 0.068 0.000
271.333333 272.333333  28.63 0.000  1.16 0.000 0.004 0.000000  0.22 0.000000 0.019 0.000  1.052 0.000   1.894 0.000   5.178 0.000  1.598 0.000  3.580 0.000 0.016 0.000 0.132 0.000
274.333333 275.333333  15.72 0.000  1.14 0.000 9.999 0.259000  0.67 0.000000 0.054 0.000  0.770 0.000   1.386 0.000   5.234 0.000  1.307 0.000  3.927 0.000 0.016 0.000 0.350 0.000
277.333333 278.333333  43.22 0.000  1.44 0.000 9.999 0.259000  0.27 0.000000 0.065 0.000  1.539 0.000   2.770 0.000   8.775 0.000  2.890 0.000  5.885 0.000 0.034 0.000 0.277 0.000
280.333333 281.333333  11.46 0.000  0.90 0.000 9.999 0.259000  0.22 0.000000 0.047 0.000  0.641 0.000   1.153 0.000   3.742 0.000  0.937 0.000  2.805 0.000 0.016 0.000 0.193 0.000
283.333333 284.333333  22.30 0.000  0.62 0.000 9.999 0.259000  0.09 0.000000 0.014 0.000  1.050 0.000   1.890 0.000   4.390 0.000  1.607 0.000  2.784 0.000 0.015 0.000 0.070 0.000
286.333333 287.333333 999.99 0.699 99.99 0.699 9.999 0.699000 99.99 0.699000 0.282 0.000  8.628 0.000  15.531 0.000  20.031 0.000 99.999 0.699 99.999 0.699 9.999 0.699 0.223 0.000
289.333333 290.333333   6.34 0.000  0.56 0.000 9.999 0.259000  0.29 0.000000 0.069 0.000  0.454 0.000   0.817 0.000 999.999 0.456 99.999 0.999  1.924 0.000 0.009 0.000 0.158 0.000
292.333333 293.333333   3.91 0.000  0.64 0.000 9.999 0.259000  0.17 0.000000 0.054 0.000  0.419 0.000   0.755 0.000   2.121 0.000  0.461 0.000  1.660 0.000 0.013 0.000 0.102 0.000
295.333333 296.333333  21.01 0.000  3.30 0.000 9.999 0.259000  0.50 0.000000 0.131 0.000  2.371 0.000   4.268 0.000   7.921 0.000  1.369 0.000  6.552 0.000 0.051 0.000 0.244 0.000
298.333333 299.333333   2.99 0.000  0.13 0.000 9.999 0.259000 99.99 0.259000 0.032 0.000  0.453 0.000   0.816 0.000   3.047 0.000  1.130 0.000  1.917 0.000 0.019 0.000 0.142 0.000
301.333333 302.333333   3.70 0.000  0.48 0.000 9.999 0.259000 99.99 0.259000 0.025 0.000  0.047 0.000   0.084 0.000   1.674 0.000  0.640 0.000  1.034 0.000 0.009 0.000 0.151 0.000
304.333333 305.333333  19.11 0.000  1.05 0.000 9.999 0.259000 99.99 0.259000 0.108 0.000  2.716 0.000   4.889 0.000   8.534 0.000  1.574 0.000  6.960 0.000 0.061 0.000 0.146 0.000
307.333333 308.333333   0.79 0.000  0.29 0.000 9.999 0.259000  0.05 0.000000 0.008 0.000  0.291 0.000   0.525 0.000   0.999 0.000  0.343 0.000  0.655 0.000 0.007 0.000 0.024 0.000
310.333333 311.333333   1.07 0.000  0.09 0.000 9.999 0.259000 99.99 0.259000 0.009 0.000  0.052 0.000   0.093 0.000   0.870 0.000  0.276 0.000  0.594 0.000 0.005 0.000 0.025 0.000
313.333333 314.333333   0.84 0.000  0.35 0.000 9.999 0.259000 99.99 0.259000 0.038 0.000  1.163 0.000   2.094 0.000   1.931 0.000 99.999 0.259  2.237 0.000 0.020 0.000 0.031 0.000
316.333333 317.333333 999.99 0.999 99.99 0.999 9.999 0.999000 99.99 0.999000 9.999 0.999 99.999 0.999 999.999 0.999 999.999 0.999 99.999 0.999 99.999 0.999 9.999 0.999 9.999 0.999
319.333333 320.333333   2.90 0.000  0.15 0.000 0.065 0.000000 99.99 0.259000 0.030 0.000  0.607 0.000   1.092 0.000   4.146 0.000  1.630 0.000  2.515 0.000 0.028 0.000 0.066 0.000
322.333333 323.333333   2.37 0.000  0.68 0.000 0.006 0.000000 99.99 0.259000 0.070 0.000  1.474 0.000   2.653 0.000   4.072 0.000  0.444 0.000  3.628 0.000 0.023 0.000 0.083 0.000
325.333333 326.333333   1.62 0.000  0.16 0.000 9.999 0.259000  0.04 0.000000 0.041 0.000  0.208 0.000   0.374 0.000   0.925 0.000  0.140 0.000  0.786 0.000 0.005 0.000 0.019 0.000
328.333333 329.333333   3.56 0.000  0.19 0.000 0.008 0.000000  0.12 0.000000 0.031 0.000  0.103 0.000   0.186 0.000   2.020 0.000  0.656 0.000  1.364 0.000 0.008 0.000 0.110 0.000
331.333333 332.333333   3.39 0.000  0.22 0.000 9.999 0.259000  0.18 0.000000 0.038 0.000  0.401 0.000   0.721 0.000   2.033 0.000  0.223 0.000  1.810 0.000 0.014 0.000 0.119 0.000
334.333333 335.333333   2.55 0.000  0.25 0.000 9.999 0.259000  0.18 0.000000 0.033 0.000  0.059 0.000   0.105 0.000   1.134 0.000  0.304 0.000  0.830 0.000 0.006 0.000 0.080 0.000
337.333333 338.333333   3.11 0.000  2.88 0.000 9.999 0.259000 99.99 0.259000 0.080 0.000  0.619 0.000   1.114 0.000   1.895 0.000  0.183 0.000  1.712 0.000 0.011 0.000 0.071 0.000
340.333333 341.333333   1.26 0.000  0.27 0.000 9.999 0.259000 99.99 0.259000 0.057 0.000  0.477 0.000   0.859 0.000   1.898 0.000  0.630 0.000  1.268 0.000 0.007 0.000 0.037 0.000
343.333333 344.333333   0.26 0.000  0.22 0.000 9.999 0.259000 99.99 0.259000 0.006 0.000  0.034 0.000   0.061 0.000   0.545 0.000  0.389 0.000  0.126 0.000 0.002 0.000 0.007 0.000
346.333333 347.333333   0.60 0.000 99.99 0.259 0.081 0.000000 99.99 0.259000 0.004 0.000  0.044 0.000   0.080 0.000   3.060 0.000  0.813 0.000  2.247 0.000 0.017 0.000 0.052 0.000
349.333333 350.333333 999.99 0.999 99.99 0.999 9.999 0.999000 99.99 0.999000 9.999 0.999 99.999 0.999 999.999 0.999 999.999 0.999 99.999 0.999 99.999 0.999 9.999 0.999 9.999 0.999
352.333333 353.333333   1.66 0.000  0.37 0.000 9.999 0.259000 99.99 0.259000 0.055 0.000  0.499 0.000   0.899 0.000   1.092 0.000  0.125 0.000  0.967 0.000 0.005 0.000 0.036 0.000
355.333333 356.333333   4.24 0.000  0.07 0.000 9.999 0.259000 99.99 0.259000 0.046 0.000  0.302 0.000   0.544 0.000   1.594 0.000  0.790 0.000  0.803 0.000 0.006 0.000 0.042 0.000
358.333333 359.333333   2.21 0.000  0.05 0.000 9.999 0.259000  0.14 0.000000 0.014 0.000  0.263 0.000   0.474 0.000   2.429 0.000  1.122 0.000  1.306 0.000 0.012 0.000 0.037 0.000
361.333333 362.333333   6.09 0.000  0.14 0.000 9.999 0.259000 99.99 0.259000 0.047 0.000  0.413 0.000   0.744 0.000   1.766 0.000  0.781 0.000  0.985 0.000 0.007 0.000 0.073 0.000
364.333333 365.333333   1.78 0.000  0.73 0.000 9.999 0.259000  0.10 0.000000 0.049 0.000  1.053 0.000   1.894 0.000   2.446 0.000  0.059 0.000  2.387 0.000 0.015 0.000 0.078 0.000
