scripts/IMPROVE-2019_partial/data/US9011R.20110103060000.20191216000000.filterpack...1y.3d.US03L_filterpack_US9011.US03L_IMPROVE_Davis.lev2.nas
52 1001
MISSING INFORMATION
US03L, IMPROVE, , , , , , , 
MISSING INFORMATION
IMPROVE sel_HTAP
1 1
2011 01 01 2019 12 16
3.00
days from file reference point
5
1 1 1 1 1
999.99 999.999 9.999 999.999 9.999
end_time of measurement, days from the file reference point
pm10_mass, ug/m3, Matrix=pm10
numflag pm10_mass, no unit, Matrix=pm10
pm25_mass, ug/m3, Matrix=pm25
numflag pm25_mass, no unit, Matrix=pm25
0
33
Data definition:              EBAS_1.1
Set type code:                TU
Timezone:                     UTC
File name:                    US9011R.20110103060000.20191216000000.filterpack...1y.3d.US03L_filterpack_US9011.US03L_IMPROVE_Davis.lev2.nas
File creation:                20191218120553
Startdate:                    20110103060000
Revision date:                20191216000000
Version:                      2
Version description:          "Data extracted from http://views.cira.colostate.edu/fed/DataWizard 2019-12-16"
Statistics:                   arithmetic mean
Data level:                   2
Period code:                  1y
Resolution code:              3d
Sample duration:              1d
Orig. time res.:              3d
Station code:                 US9011R
Platform code:                US9011S
Station name:                 Mingo
Station latitude:             36.9717
Station longitude:            -90.1432
Station altitude:             111.0 m
Regime:                       IMG
Component:                    
Unit:                         ug/m3
Matrix:                       
Laboratory code:              US03L
Instrument type:              filterpack
Instrument name:              filterpack_US9011
Method ref:                   US03L_IMPROVE_Davis
Blank correction:             Blank corrected
Volume std. temperature:      ambient
Volume std. pressure:         ambient
starttime endtime PM10 flag_PM10 PM2.5 flag_PM2.5
  2.25   3.25  14.722 0.000   9.078 0.000
  5.25   6.25  17.395 0.000  10.670 0.000
  8.25   9.25   9.465 0.000   6.911 0.000
 11.25  12.25   8.832 0.000   6.575 0.000
 14.25  15.25  24.516 0.000  14.508 0.000
 17.25  18.25  13.449 0.000  11.638 0.000
 20.25  21.25 999.999 0.999 999.999 0.999
 23.25  24.25 999.999 0.999 999.999 0.999
 26.25  27.25  16.415 0.000  13.156 0.000
 29.25  30.25  19.671 0.000  19.283 0.000
 32.25  33.25   3.965 0.000   3.203 0.000
 35.25  36.25   8.525 0.000   8.305 0.000
 38.25  39.25   4.562 0.000   3.234 0.000
 41.25  42.25  11.828 0.000  10.214 0.000
 44.25  45.25   9.033 0.000   5.667 0.000
 47.25  48.25  13.158 0.000   8.290 0.000
 50.25  51.25  12.746 0.000   8.416 0.000
 53.25  54.25  13.454 0.000  12.817 0.000
 56.25  57.25  12.167 0.000  10.062 0.000
 59.25  60.25  16.072 0.000  12.170 0.000
 62.25  63.25 999.999 0.999 999.999 0.999
 65.25  66.25 999.999 0.999 999.999 0.999
 68.25  69.25  10.847 0.000  10.185 0.000
 71.25  72.25   7.151 0.000   5.130 0.000
 74.25  75.25   8.242 0.000   5.085 0.000
 77.25  78.25   7.893 0.000   5.782 0.000
 80.25  81.25  26.024 0.000  12.501 0.000
 83.25  84.25  15.956 0.000  15.342 0.000
 86.25  87.25   7.851 0.000   6.343 0.000
 89.25  90.25  17.173 0.000  13.014 0.000
 92.25  93.25  23.589 0.000   9.698 0.000
 95.25  96.25  12.505 0.000 999.999 0.456
 98.25  99.25  25.872 0.000  14.516 0.000
101.25 102.25  12.248 0.000   5.334 0.000
104.25 105.25  15.542 0.000   8.879 0.000
107.25 108.25  20.819 0.000  12.030 0.000
110.25 111.25  11.057 0.000   7.151 0.000
113.25 114.25   4.321 0.000   2.939 0.000
116.25 117.25   5.401 0.000   3.316 0.000
119.25 120.25  14.164 0.000   6.629 0.000
122.25 123.25  13.030 0.000 999.999 0.456
125.25 126.25  14.223 0.000   5.932 0.000
128.25 129.25  26.492 0.000  16.170 0.000
131.25 132.25  36.447 0.000  12.047 0.000
134.25 135.25   3.147 0.000   1.120 0.000
137.25 138.25 999.999 0.456   7.584 0.000
140.25 141.25 999.999 0.456   6.922 0.000
143.25 144.25 999.999 0.456   8.695 0.000
146.25 147.25  14.250 0.000  10.558 0.000
149.25 150.25  18.492 0.000   8.496 0.000
152.25 153.25  30.773 0.000  16.147 0.000
155.25 156.25  35.662 0.000  18.014 0.000
158.25 159.25  45.724 0.000  23.954 0.000
161.25 162.25  28.497 0.000  16.497 0.000
164.25 165.25  34.562 0.000  23.289 0.000
167.25 168.25  14.610 0.000   8.612 0.000
170.25 171.25  23.912 0.000  10.370 0.000
173.25 174.25  18.961 0.000   6.329 0.000
176.25 177.25  11.851 0.000   6.016 0.000
179.25 180.25  29.165 0.000   9.584 0.000
182.25 183.25  45.669 0.000  15.918 0.000
185.25 186.25  31.316 0.000   9.924 0.000
188.25 189.25  17.864 0.000  11.441 0.000
191.25 192.25  23.461 0.000  11.738 0.000
194.25 195.25 999.999 0.999 999.999 0.999
197.25 198.25 999.999 0.999 999.999 0.999
200.25 201.25 999.999 0.999 999.999 0.999
203.25 204.25 999.999 0.999 999.999 0.999
206.25 207.25 999.999 0.999 999.999 0.999
209.25 210.25 999.999 0.999 999.999 0.999
212.25 213.25 999.999 0.999 999.999 0.999
215.25 216.25  16.829 0.000   9.711 0.000
218.25 219.25  13.226 0.000   6.315 0.000
221.25 222.25 999.999 0.999 999.999 0.999
224.25 225.25 999.999 0.999 999.999 0.999
227.25 228.25 999.999 0.999 999.999 0.999
230.25 231.25 999.999 0.999 999.999 0.999
233.25 234.25 999.999 0.999 999.999 0.999
236.25 237.25 999.999 0.999 999.999 0.999
239.25 240.25  19.997 0.000   7.793 0.000
242.25 243.25  40.863 0.000  16.620 0.000
245.25 246.25  40.554 0.000  20.322 0.000
248.25 249.25  11.494 0.000   2.789 0.000
251.25 252.25  29.669 0.000   6.560 0.000
254.25 255.25  48.516 0.000   8.659 0.000
257.25 258.25   7.527 0.000   2.939 0.000
260.25 261.25  17.482 0.000  11.976 0.000
263.25 264.25  10.357 0.000   5.020 0.000
266.25 267.25  14.538 0.000   6.776 0.000
269.25 270.25  13.166 0.000   5.976 0.000
272.25 273.25  13.551 0.000   2.918 0.000
275.25 276.25  27.096 0.000   7.461 0.000
278.25 279.25  43.955 0.000  17.767 0.000
281.25 282.25  31.276 0.000  11.345 0.000
284.25 285.25  16.243 0.000   7.457 0.000
287.25 288.25  44.989 0.000  10.345 0.000
290.25 291.25   6.727 0.000   2.920 0.000
293.25 294.25  32.242 0.000   7.077 0.000
296.25 297.25  32.474 0.000   8.415 0.000
299.25 300.25   7.804 0.000   4.852 0.000
302.25 303.25  16.144 0.000   6.058 0.000
305.25 306.25  34.655 0.000  12.971 0.000
308.25 309.25  18.945 0.000  13.244 0.000
311.25 312.25  12.764 0.000   5.429 0.000
314.25 315.25  13.090 0.000   5.496 0.000
317.25 318.25  15.234 0.000   7.021 0.000
320.25 321.25  19.877 0.000   3.784 0.000
323.25 324.25  11.197 0.000   8.718 0.000
326.25 327.25   7.055 0.000   4.793 0.000
329.25 330.25   8.627 0.000   4.218 0.000
332.25 333.25   5.418 0.000   3.952 0.000
335.25 336.25  17.174 0.000  10.571 0.000
338.25 339.25   6.329 0.000   5.306 0.000
341.25 342.25  15.052 0.000   9.946 0.000
344.25 345.25  22.203 0.000  11.473 0.000
347.25 348.25   7.061 0.000   5.510 0.000
350.25 351.25  17.614 0.000  11.341 0.000
353.25 354.25   8.956 0.000   6.679 0.000
356.25 357.25  12.037 0.000   9.306 0.000
359.25 360.25   6.955 0.000   4.767 0.000
362.25 363.25   8.319 0.000   4.905 0.000
