scripts/IMPROVE-2019_partial/data/US9076R.20040101070000.20191216000000.filterpack..pm25.52w.1w.US03L_filterpack_US9076.US03L_IMPROVE_Davis.lev2.nas
64 1001
MISSING INFORMATION
US03L, IMPROVE, , , , , , , 
MISSING INFORMATION
IMPROVE sel_HTAP
1 1
2004 01 01 2019 12 16
3.000000
days from file reference point
25
1 1 1 1 1 1 1 1 1 1 1 1 1 1 1 1 1 1 1 1 1 1 1 1 1
999.999999 9999.99 9.999 99.99 9.999999 9.999 9.999999 9.99 9.999999 9.999 9.999 99.999 9.999 999.999 9.999 999.999 9.999 999.999 9.999 99.999 9.999 9.999 9.999 9.999 9.999
end_time of measurement, days from the file reference point
iron, ng/m3, Revision date=20181210133000
numflag iron, no unit, Revision date=20181210133000
lead, ng/m3, Revision date=20181210133000
numflag lead, no unit, Revision date=20181210133000
magnesium, ug/m3, Revision date=20181210133000
numflag magnesium, no unit, Revision date=20181210133000
nickel, ng/m3, Revision date=20181210133000
numflag nickel, no unit, Revision date=20181210133000
nitrate, ug N/m3, Revision date=20181210133000
numflag nitrate, no unit, Revision date=20181210133000
organic_carbon, ug C/m3, Revision date=20181210133000
numflag organic_carbon, no unit, Revision date=20181210133000
organic_mass, ug/m3, Revision date=20181210133000
numflag organic_mass, no unit, Revision date=20181210133000
pm10_mass, ug/m3, Version=2, Version description=Data extracted from http://views.cira.colostate.edu/fed/DataWizard 2019-12-16, Sample duration=1d, Orig. time res.=3d, Matrix=pm10, Blank correction=Blank corrected, Volume std. temperature=ambient, Volume std. pressure=ambient
numflag pm10_mass, no unit, Version=2, Version description=Data extracted from http://views.cira.colostate.edu/fed/DataWizard 2019-12-16, Sample duration=1d, Orig. time res.=3d, Matrix=pm10, Blank correction=Blank corrected, Volume std. temperature=ambient, Volume std. pressure=ambient
pm10_pm25_mass, ug/m3, Revision date=20181210133000, Matrix=pm10_pm25
numflag pm10_pm25_mass, no unit, Revision date=20181210133000, Matrix=pm10_pm25
pm25_mass, ug/m3, Version=2, Version description=Data extracted from http://views.cira.colostate.edu/fed/DataWizard 2019-12-16, Sample duration=1d, Orig. time res.=3d, Blank correction=Blank corrected, Volume std. temperature=ambient, Volume std. pressure=ambient
numflag pm25_mass, no unit, Version=2, Version description=Data extracted from http://views.cira.colostate.edu/fed/DataWizard 2019-12-16, Sample duration=1d, Orig. time res.=3d, Blank correction=Blank corrected, Volume std. temperature=ambient, Volume std. pressure=ambient
potassium, ug/m3, Revision date=20181210133000
numflag potassium, no unit, Revision date=20181210133000
sulphate_total, ug S/m3, Revision date=20181210133000
numflag sulphate_total, no unit, Revision date=20181210133000
0
25
Data definition:              EBAS_1.1
Set type code:                TU
Timezone:                     UTC
File name:                    US9076R.20040101070000.20191216000000.filterpack..pm25.52w.1w.US03L_filterpack_US9076.US03L_IMPROVE_Davis.lev2.nas
File creation:                20191218121043
Startdate:                    20040101070000
Revision date:                20191216000000
Statistics:                   arithmetic mean
Data level:                   2
Period code:                  52w
Resolution code:              1w
Station code:                 US9076R
Platform code:                US9076S
Station name:                 Zion Canyon
Station latitude:             37.1983
Station longitude:            -113.1508
Station altitude:             1215.0 m
Regime:                       IMG
Component:                    
Matrix:                       pm25
Laboratory code:              US03L
Instrument type:              filterpack
Instrument name:              filterpack_US9076
Method ref:                   US03L_IMPROVE_Davis
starttime endtime Fe flag_Fe Pb flag_Pb Mg++ flag_Mg++ Ni flag_Ni NO3- flag_NO3- OC flag_OC OM flag_OM PM10 flag_PM10 PM10-PM2.5 flag_PM10-PM2.5 PM2.5 flag_PM2.5 K+ flag_K+ SO4-- flag_SO4--
  0.291667   1.291667   17.24 0.000  1.19 0.000000 9.999 0.259000 0.24 0.000000 0.030 0.000  0.497 0.000   0.695 0.000   4.476 0.000   2.312 0.000  2.164 0.000 0.042 0.000 0.126 0.000
  3.291667   4.291667    1.55 0.000  0.29 0.000000 0.025 0.000000 0.08 0.000000 0.015 0.000  0.325 0.000   0.455 0.000   1.263 0.000   0.743 0.000  0.519 0.000 0.004 0.000 0.038 0.000
  6.291667   7.291667    9.50 0.559  0.61 0.559000 9.999 0.559259 0.10 0.559000 0.026 0.000  0.847 0.000   1.186 0.000   2.761 0.000   0.753 0.000  2.008 0.559 0.023 0.559 0.098 0.000
  9.291667  10.291667   12.90 0.559  0.37 0.559000 9.999 0.559259 9.99 0.559259 0.010 0.000  0.287 0.000   0.402 0.000   2.356 0.000   1.188 0.000  1.169 0.559 0.014 0.559 0.086 0.000
 12.291667  13.291667   14.63 0.559  0.45 0.559000 9.999 0.559259 0.09 0.559000 0.022 0.000  0.770 0.000   1.079 0.000   4.803 0.000   2.295 0.000  2.508 0.559 0.019 0.559 0.164 0.000
 15.291667  16.291667    7.23 0.559  0.34 0.559000 9.999 0.559259 9.99 0.559259 0.055 0.000  0.481 0.000   0.674 0.000   3.430 0.000   1.645 0.000  1.786 0.559 0.009 0.559 0.139 0.000
 18.291667  19.291667    9.88 0.559  0.50 0.559000 9.999 0.559259 9.99 0.559259 0.114 0.000  0.813 0.000   1.139 0.000   5.447 0.000   2.415 0.000  3.032 0.559 0.030 0.559 0.214 0.000
 21.291667  22.291667   11.07 0.559  1.58 0.559000 9.999 0.559259 9.99 0.559259 0.548 0.000  1.010 0.000   1.414 0.000   8.639 0.000   2.369 0.000  6.270 0.559 0.013 0.559 0.486 0.000
 24.291667  25.291667   12.80 0.559  0.25 0.559000 9.999 0.559259 9.99 0.559259 0.095 0.000  0.447 0.000   0.625 0.000   5.663 0.000   4.094 0.000  1.569 0.559 0.010 0.559 0.132 0.000
 27.291667  28.291667   24.27 0.559  0.67 0.559000 9.999 0.559259 0.07 0.559000 0.061 0.000  0.551 0.000   0.771 0.000   7.561 0.000   5.768 0.000  1.793 0.559 0.026 0.559 0.069 0.000
 30.291667  31.291667   12.67 0.000  0.14 0.000000 0.048 0.000000 0.08 0.000000 0.019 0.000  0.199 0.000   0.278 0.000   1.808 0.000   1.008 0.000  0.800 0.000 0.010 0.000 0.044 0.000
 33.291667  34.291667    6.10 0.559  0.36 0.559000 9.999 0.559259 9.99 0.559259 0.050 0.000  0.280 0.000   0.392 0.000   1.765 0.000   0.810 0.000  0.955 0.559 0.007 0.559 0.086 0.000
 36.291667  37.291667   11.20 0.000  0.38 0.000000 9.999 0.259000 9.99 0.259000 0.069 0.559  0.235 0.000   0.329 0.000   2.108 0.000   0.978 0.000  1.131 0.000 0.009 0.000 0.072 0.559
 39.291667  40.291667    2.98 0.000  0.20 0.000000 9.999 0.259000 9.99 0.259000 0.079 0.000  0.118 0.000   0.166 0.000   1.612 0.000   0.704 0.000  0.909 0.000 0.005 0.000 0.095 0.000
 42.291667  43.291667   10.61 0.559  1.33 0.559000 9.999 0.559259 0.07 0.559000 0.269 0.000  0.436 0.000   0.610 0.000   4.082 0.000   0.887 0.000  3.195 0.559 0.013 0.559 0.295 0.000
 45.291667  46.291667   16.40 0.559  0.66 0.559000 0.036 0.559000 9.99 0.559259 0.042 0.559  0.512 0.000   0.717 0.000   4.895 0.000   3.366 0.000  1.528 0.559 0.020 0.559 0.092 0.559
 48.291667  49.291667   36.64 0.559  0.68 0.559000 9.999 0.559259 9.99 0.559259 0.019 0.000  0.423 0.000   0.592 0.000   8.515 0.000   6.603 0.000  1.912 0.559 0.031 0.559 0.094 0.000
 51.291667  52.291667    9.31 0.559  0.70 0.559000 9.999 0.559259 9.99 0.559259 0.023 0.000  0.481 0.000   0.673 0.000   1.405 0.000   0.116 0.000  1.290 0.559 0.010 0.559 0.100 0.000
 54.291667  55.291667    2.79 0.000  0.12 0.000000 9.999 0.259000 0.14 0.000000 0.030 0.000  0.245 0.000   0.343 0.000   2.040 0.000   0.968 0.000  1.072 0.000 0.003 0.000 0.128 0.000
 57.291667  58.291667    5.23 0.559  0.80 0.559000 9.999 0.559259 9.99 0.559259 0.048 0.000  0.230 0.000   0.322 0.000   1.788 0.000   0.669 0.000  1.119 0.559 0.008 0.559 0.115 0.000
 60.291667  61.291667    4.17 0.000  0.35 0.000000 9.999 0.259000 9.99 0.259000 0.017 0.000  0.282 0.000   0.395 0.000   1.381 0.000   0.541 0.000  0.840 0.000 0.004 0.000 0.061 0.000
 63.291667  64.291667   15.05 0.559  0.39 0.559000 9.999 0.559259 0.07 0.559000 0.031 0.000  0.123 0.000   0.172 0.000   3.616 0.000   1.613 0.000  2.003 0.559 0.011 0.559 0.216 0.000
 66.291667  67.291667   69.87 0.559  1.57 0.559000 9.999 0.559259 9.99 0.559259 0.032 0.000  0.369 0.000   0.517 0.000   6.575 0.000   3.617 0.000  2.957 0.559 0.037 0.559 0.215 0.000
 69.291667  70.291667   30.03 0.559  0.81 0.559000 9.999 0.559259 9.99 0.559259 0.033 0.000  0.355 0.000   0.497 0.000   8.129 0.000   5.659 0.000  2.471 0.559 0.025 0.559 0.159 0.000
 72.291667  73.291667   27.01 0.559  0.41 0.559000 9.999 0.559259 9.99 0.559259 0.026 0.000  0.408 0.000   0.572 0.000   5.719 0.000   3.665 0.000  2.054 0.559 0.025 0.559 0.103 0.000
 75.291667  76.291667   56.85 0.559  1.15 0.559000 0.037 0.559000 9.99 0.559259 0.021 0.000  0.326 0.000   0.456 0.000   7.828 0.000   5.154 0.000  2.674 0.559 0.039 0.559 0.136 0.000
 78.291667  79.291667   54.87 0.559  2.32 0.559000 0.036 0.559000 9.99 0.559259 0.018 0.000  0.517 0.000   0.724 0.000   9.314 0.000   5.945 0.000  3.369 0.559 0.048 0.559 0.215 0.000
 81.291667  82.291667   92.75 0.699  1.67 0.699000 9.999 0.699259 9.99 0.699259 0.021 0.000  0.724 0.000   1.013 0.000  19.608 0.000  13.923 0.000  5.685 0.699 0.069 0.699 0.366 0.000
 84.291667  85.291667   95.47 0.699  1.80 0.699000 9.999 0.699259 0.16 0.699000 0.064 0.000  0.815 0.000   1.140 0.000  14.558 0.000   9.089 0.000  5.469 0.699 0.070 0.699 0.346 0.000
 87.291667  88.291667   41.33 0.559  0.80 0.559000 9.999 0.559259 9.99 0.559259 0.019 0.000  0.397 0.000   0.556 0.000   5.250 0.000   3.420 0.000  1.829 0.559 0.026 0.559 0.118 0.000
 90.291667  91.291667   90.25 0.699  1.42 0.699000 9.999 0.699259 9.99 0.699259 0.040 0.000  2.910 0.000   4.074 0.000  14.344 0.000   9.867 0.000  4.477 0.699 0.061 0.699 0.229 0.000
 93.291667  94.291667   11.23 0.559 99.99 0.559259 9.999 0.559259 9.99 0.559259 0.014 0.000  0.289 0.000   0.405 0.000   1.901 0.000   0.772 0.000  1.130 0.559 0.008 0.559 0.100 0.000
 96.291667  97.291667   24.43 0.559  0.55 0.559000 9.999 0.559259 0.11 0.559000 0.052 0.000  0.917 0.000   1.284 0.000   6.093 0.000   2.571 0.000  3.522 0.559 0.020 0.559 0.291 0.000
 99.291667 100.291667   54.07 0.559  1.25 0.559000 9.999 0.559259 9.99 0.559259 0.027 0.000  0.678 0.000   0.950 0.000   6.366 0.000   3.090 0.000  3.276 0.559 0.034 0.559 0.164 0.000
102.291667 103.291667  104.78 0.559  3.96 0.559000 9.999 0.559259 9.99 0.559259 0.040 0.000  0.608 0.000   0.851 0.000  10.105 0.000   4.093 0.000  6.012 0.559 0.076 0.559 0.556 0.000
105.291667 106.291667   85.71 0.559  1.25 0.559000 0.051 0.559000 9.99 0.559259 0.084 0.000  0.714 0.000   0.999 0.000  11.423 0.000   6.552 0.000  4.872 0.559 0.078 0.559 0.278 0.000
108.291667 109.291667   42.09 0.559  1.59 0.559000 9.999 0.559259 0.16 0.559000 0.076 0.000  0.406 0.000   0.568 0.000   4.657 0.000   1.414 0.000  3.243 0.559 0.035 0.559 0.316 0.000
111.291667 112.291667   84.73 0.559  2.72 0.559000 9.999 0.559259 0.10 0.559000 0.028 0.000  0.413 0.000   0.578 0.000   8.987 0.000   4.414 0.000  4.573 0.559 0.063 0.559 0.399 0.000
114.291667 115.291667   43.71 0.000  0.96 0.000000 9.999 0.259000 0.19 0.000000 0.012 0.000  0.368 0.000   0.515 0.000   4.902 0.000   2.022 0.000  2.880 0.000 0.028 0.000 0.167 0.000
117.291667 118.291667  133.49 0.699  6.74 0.699000 9.999 0.699259 0.11 0.699000 0.036 0.000  1.189 0.000   1.665 0.000  13.375 0.000   4.495 0.000  8.879 0.699 0.102 0.699 0.775 0.000
120.291667 121.291667   73.20 0.559  1.24 0.559000 9.999 0.559259 9.99 0.559259 0.054 0.000  0.406 0.000   0.568 0.000  15.972 0.000  10.309 0.000  5.663 0.559 0.051 0.559 0.349 0.000
123.291667 124.291667  140.91 0.559  1.46 0.559000 0.116 0.559000 0.06 0.559000 0.032 0.000  0.837 0.000   1.172 0.000  11.493 0.000   5.706 0.000  5.787 0.559 0.085 0.559 0.214 0.000
126.291667 127.291667  153.47 0.699  1.42 0.699000 9.999 0.699259 0.17 0.699000 0.063 0.000  0.827 0.000   1.158 0.000  16.232 0.000   9.433 0.000  6.798 0.699 0.109 0.699 0.321 0.000
129.291667 130.291667  136.81 0.699  1.63 0.699000 0.086 0.699000 0.14 0.699000 0.060 0.000  0.741 0.000   1.037 0.000  11.768 0.000   5.537 0.000  6.231 0.699 0.089 0.699 0.349 0.000
132.291667 133.291667   31.86 0.559  0.65 0.559000 9.999 0.559259 0.13 0.559000 0.013 0.000  0.442 0.000   0.619 0.000   8.391 0.000   6.247 0.000  2.145 0.559 0.021 0.559 0.099 0.000
135.291667 136.291667   98.89 0.699  1.45 0.699000 9.999 0.699259 0.09 0.699000 0.080 0.000  1.066 0.000   1.493 0.000  13.847 0.000   7.911 0.000  5.936 0.699 0.068 0.699 0.340 0.000
138.291667 139.291667  102.92 0.559  1.14 0.559000 9.999 0.559259 0.31 0.559000 0.083 0.000  0.433 0.000   0.606 0.000  13.910 0.000   8.576 0.000  5.333 0.559 0.071 0.559 0.262 0.000
141.291667 142.291667  110.33 0.699  1.80 0.699000 0.067 0.699000 0.19 0.699000 0.102 0.000  0.469 0.000   0.656 0.000  15.053 0.000   9.266 0.000  5.787 0.699 0.070 0.699 0.389 0.000
144.291667 145.291667  112.83 0.559  1.86 0.559000 0.047 0.559000 0.10 0.559000 0.068 0.000  0.728 0.000   1.019 0.000  12.267 0.000   6.796 0.000  5.471 0.559 0.088 0.559 0.378 0.000
147.291667 148.291667   81.07 0.559  1.11 0.559000 0.057 0.559000 0.13 0.559000 0.047 0.000  0.626 0.000   0.876 0.000  14.177 0.000  10.067 0.000  4.110 0.559 0.057 0.559 0.253 0.000
150.291667 151.291667   26.84 0.559  0.72 0.559000 9.999 0.559259 0.08 0.559000 0.015 0.000  0.365 0.000   0.511 0.000   4.494 0.000   2.505 0.000  1.989 0.559 0.019 0.559 0.132 0.000
153.291667 154.291667 9999.99 0.999 99.99 0.999000 9.999 0.999000 9.99 0.999000 9.999 0.999 99.999 0.999 999.999 0.999 999.999 0.999 999.999 0.999 99.999 0.999 9.999 0.999 9.999 0.999
156.291667 157.291667   89.62 0.559  1.49 0.559000 9.999 0.559259 0.23 0.559000 0.071 0.000  0.908 0.000   1.271 0.000  11.928 0.000   5.647 0.000  6.281 0.559 0.080 0.559 0.441 0.000
159.291667 160.291667  142.80 0.699  1.19 0.699000 0.109 0.699000 0.22 0.699000 0.105 0.000  1.261 0.000   1.766 0.000  21.713 0.000  13.027 0.000  8.687 0.699 0.188 0.699 0.343 0.000
162.291667 163.291667   75.26 0.699  0.88 0.699000 9.999 0.699259 0.14 0.699000 0.036 0.000  0.539 0.000   0.754 0.000  11.095 0.000   6.524 0.000  4.571 0.699 0.049 0.699 0.301 0.000
165.291667 166.291667   80.89 0.699  1.66 0.699000 9.999 0.699259 0.10 0.699000 0.069 0.000  0.685 0.000   0.958 0.000  12.541 0.000   6.852 0.000  5.689 0.699 0.099 0.699 0.419 0.000
168.291667 169.291667  120.54 0.699  1.12 0.699000 0.090 0.699000 0.20 0.699000 0.074 0.000  1.736 0.000   2.431 0.000  23.751 0.000  15.162 0.000  8.589 0.699 0.186 0.699 0.423 0.000
171.291667 172.291667 9999.99 0.699 99.99 0.699000 9.999 0.699000 9.99 0.699000 0.104 0.000  4.190 0.000   5.866 0.000  15.972 0.000 999.999 0.999 99.999 0.699 9.999 0.699 0.284 0.000
174.291667 175.291667  107.28 0.559  0.56 0.559000 9.999 0.559259 0.22 0.559000 0.027 0.000  0.507 0.000   0.710 0.000  11.290 0.000   6.474 0.000  4.816 0.559 0.078 0.559 0.234 0.000
177.291667 178.291667  168.92 0.699  0.72 0.699000 9.999 0.699259 0.25 0.699000 0.026 0.000  0.655 0.000   0.917 0.000  11.209 0.000   3.686 0.000  7.523 0.699 0.142 0.699 0.321 0.000
180.291667 181.291667   39.62 0.559  0.45 0.559000 9.999 0.559259 0.11 0.559000 0.019 0.000  1.199 0.000   1.678 0.000  12.886 0.000   8.423 0.000  4.463 0.559 0.054 0.559 0.263 0.000
183.291667 184.291667   59.82 0.559  0.46 0.559000 0.025 0.559000 0.11 0.559000 0.040 0.000  0.318 0.000   0.445 0.000   9.787 0.000   6.612 0.000  3.176 0.559 0.072 0.559 0.196 0.000
186.291667 187.291667   72.47 0.699  0.90 0.699000 9.999 0.699259 0.07 0.699000 0.047 0.000  0.608 0.000   0.851 0.000  12.704 0.000   7.478 0.000  5.226 0.699 0.097 0.699 0.420 0.000
189.291667 190.291667  105.31 0.699  1.10 0.699000 9.999 0.699259 0.16 0.699000 0.061 0.000  0.725 0.000   1.015 0.000  18.668 0.000  12.091 0.000  6.577 0.699 0.124 0.699 0.441 0.000
192.291667 193.291667   36.42 0.559  0.55 0.559000 9.999 0.559259 9.99 0.559259 0.017 0.000  0.265 0.000   0.371 0.000   7.838 0.000   5.164 0.000  2.674 0.559 0.034 0.559 0.253 0.000
195.291667 196.291667  148.78 0.699  0.79 0.699000 9.999 0.699259 0.25 0.699000 0.098 0.000  0.992 0.000   1.389 0.000  26.762 0.000  17.818 0.000  8.944 0.699 0.156 0.699 0.613 0.000
198.291667 199.291667   30.74 0.559  0.21 0.559000 9.999 0.559259 9.99 0.559259 0.019 0.000  0.607 0.000   0.850 0.000   7.310 0.000   3.904 0.000  3.406 0.559 0.032 0.559 0.296 0.000
201.291667 202.291667   54.15 0.699  0.69 0.699000 9.999 0.699259 0.11 0.699000 0.027 0.000  1.519 0.000   2.127 0.000  12.077 0.000   5.950 0.000  6.127 0.699 0.091 0.699 0.438 0.000
204.291667 205.291667   70.56 0.699  0.51 0.699000 9.999 0.699259 0.13 0.699000 0.027 0.000  0.995 0.000   1.394 0.000  14.665 0.000   9.016 0.000  5.649 0.699 0.077 0.699 0.289 0.000
207.291667 208.291667   52.14 0.559  0.62 0.559000 9.999 0.559259 0.09 0.559000 0.020 0.000  0.597 0.000   0.835 0.000  14.823 0.000  10.869 0.000  3.954 0.559 0.048 0.559 0.283 0.000
210.291667 211.291667   75.17 0.699  0.43 0.699000 0.025 0.699000 0.11 0.699000 0.028 0.000  1.242 0.000   1.740 0.000  16.854 0.000  11.327 0.000  5.527 0.699 0.056 0.699 0.275 0.000
213.291667 214.291667   45.62 0.559  0.87 0.559000 9.999 0.559259 0.07 0.559000 0.028 0.000  0.980 0.000   1.372 0.000  10.965 0.000   6.299 0.000  4.666 0.559 0.046 0.559 0.354 0.000
216.291667 217.291667   36.37 0.559  0.42 0.559000 9.999 0.559259 0.19 0.559000 0.035 0.000  0.364 0.000   0.510 0.000  12.132 0.000   8.290 0.000  3.842 0.559 0.040 0.559 0.394 0.000
219.291667 220.291667   28.67 0.559 99.99 0.559259 9.999 0.559259 0.07 0.559000 0.019 0.000  0.245 0.000   0.343 0.000   5.117 0.000   2.582 0.000  2.535 0.559 0.023 0.559 0.211 0.000
222.291667 223.291667   52.73 0.559  0.66 0.559000 9.999 0.559259 9.99 0.559259 0.022 0.000  0.472 0.000   0.661 0.000   9.990 0.000   5.486 0.000  4.504 0.559 0.041 0.559 0.382 0.000
225.291667 226.291667   55.00 0.559  0.43 0.559000 9.999 0.559259 0.08 0.559000 0.021 0.000  0.766 0.000   1.072 0.000  10.843 0.000   6.248 0.000  4.595 0.559 0.055 0.559 0.305 0.000
228.291667 229.291667   64.29 0.000 99.99 0.259000 0.034 0.000000 0.11 0.000000 0.025 0.000  0.588 0.000   0.823 0.000  12.855 0.000   8.958 0.000  3.897 0.000 0.047 0.000 0.214 0.000
231.291667 232.291667   25.96 0.000  0.11 0.000000 9.999 0.259000 0.08 0.000000 0.025 0.000  1.061 0.000   1.486 0.000  13.351 0.000   9.272 0.000  4.080 0.000 0.037 0.000 0.254 0.000
234.291667 235.291667   24.29 0.000  0.43 0.000000 9.999 0.259000 0.17 0.000000 0.020 0.000  0.272 0.000   0.381 0.000   6.986 0.000   4.455 0.000  2.531 0.000 0.024 0.000 0.245 0.000
237.291667 238.291667   36.34 0.000  0.59 0.000000 9.999 0.259000 0.14 0.000000 0.015 0.000  0.212 0.000   0.296 0.000  11.698 0.000   8.258 0.000  3.440 0.000 0.027 0.000 0.388 0.000
240.291667 241.291667   20.44 0.000  0.21 0.000000 9.999 0.259000 9.99 0.259000 0.015 0.000  0.221 0.000   0.309 0.000   6.862 0.000   4.848 0.000  2.014 0.000 0.017 0.000 0.132 0.000
243.291667 244.291667   37.43 0.559  0.47 0.559000 9.999 0.559259 0.07 0.559000 0.027 0.000  0.487 0.000   0.682 0.000  12.057 0.000   6.909 0.000  5.148 0.559 0.032 0.559 0.644 0.000
246.291667 247.291667  115.31 0.559  0.58 0.559000 9.999 0.559259 0.11 0.559000 0.058 0.000  0.472 0.000   0.661 0.000  25.574 0.000  20.281 0.000  5.293 0.559 0.073 0.559 0.237 0.000
249.291667 250.291667   32.01 0.000 99.99 0.259000 9.999 0.259000 9.99 0.259000 0.011 0.000  0.450 0.000   0.630 0.000   7.854 0.000   5.798 0.000  2.055 0.000 0.024 0.000 0.083 0.000
252.291667 253.291667   61.60 0.000  0.58 0.000000 9.999 0.259000 0.08 0.000000 0.019 0.000  0.613 0.000   0.858 0.000  12.525 0.000   8.720 0.000  3.805 0.000 0.043 0.000 0.291 0.000
255.291667 256.291667   18.80 0.000  0.48 0.000000 9.999 0.259000 0.13 0.000000 0.014 0.000  0.367 0.000   0.513 0.000   5.704 0.000   3.921 0.000  1.783 0.000 0.015 0.000 0.272 0.000
