scripts/IMPROVE-2019_partial/data/US9042R.19960103080000.20191216000000.filterpack...1y.3d.US03L_filterpack_US9042_YOSE1.US03L_IMPROVE_Davis.lev2.nas
60 1001
MISSING INFORMATION
US03L, IMPROVE, , , , , , , 
MISSING INFORMATION
IMPROVE sel_HTAP
1 1
1996 01 01 2019 12 16
0
days from file reference point
5
1 1 1 1 1
999.999999 999.999 9.999 999.999 9.999
end_time of measurement, days from the file reference point
pm10_mass, ug/m3, Matrix=pm10
numflag pm10_mass, no unit, Matrix=pm10
pm25_mass, ug/m3, Matrix=pm25
numflag pm25_mass, no unit, Matrix=pm25
0
41
Data definition:              EBAS_1.1
Set type code:                TI
Timezone:                     UTC
File name:                    US9042R.19960103080000.20191216000000.filterpack...1y.3d.US03L_filterpack_US9042_YOSE1.US03L_IMPROVE_Davis.lev2.nas
File creation:                20191218120810
Startdate:                    19960103080000
Revision date:                20191216000000
Version:                      2
Version description:          "Data extracted from http://views.cira.colostate.edu/fed/DataWizard 2019-12-16"
Statistics:                   arithmetic mean
Data level:                   2
Period code:                  1y
Resolution code:              3d
Sample duration:              1d
Orig. time res.:              3d
Station code:                 US9042R
Platform code:                US9042S
Station name:                 Yosemite NP
Station WDCA-ID:              GAWAUSCAYOS
Station GAW-ID:               YOS
Station GAW-Name:             Yosemite NP - Turtleback Dome
Station state/province:       CA
Station land use:             Remote park
Station setting:              Mountain
Station GAW type:             C
Station WMO region:           4
Station latitude:             37.7133
Station longitude:            -119.7061
Station altitude:             1605.0 m
Regime:                       IMG
Component:                    
Unit:                         ug/m3
Matrix:                       
Laboratory code:              US03L
Instrument type:              filterpack
Instrument name:              filterpack_US9042_YOSE1
Method ref:                   US03L_IMPROVE_Davis
Blank correction:             Blank corrected
Volume std. temperature:      ambient
Volume std. pressure:         ambient
starttime endtime PM10 flag_PM10 PM2.5 flag_PM2.5
  2.333333   3.333333 999.999 0.999 999.999 0.999
  5.333333   6.333333 999.999 0.999 999.999 0.999
  9.333333  10.333333 999.999 0.999 999.999 0.999
 12.333333  13.333333 999.999 0.999 999.999 0.999
 16.333333  17.333333   7.545 0.000   1.012 0.000
 19.333333  20.333333   2.301 0.000   0.663 0.000
 23.333333  24.333333 999.999 0.999 999.999 0.999
 26.333333  27.333333   1.129 0.000 999.999 0.259
 30.333333  31.333333   5.579 0.000   0.456 0.000
 33.333333  34.333333   4.902 0.000   2.087 0.000
 37.333333  38.333333   2.988 0.000   0.992 0.000
 40.333333  41.333333   7.651 0.000   1.888 0.000
 44.333333  45.333333  12.614 0.000   3.291 0.000
 47.333333  48.333333   8.215 0.000   3.489 0.000
 51.333333  52.333333   5.686 0.000 999.999 0.259
 54.333333  55.333333   3.472 0.000   1.146 0.000
 58.333333  59.333333   3.428 0.000   0.674 0.000
 61.333333  62.333333   2.092 0.000   0.978 0.000
 65.333333  66.333333   2.035 0.000   0.365 0.000
 68.333333  69.333333   7.419 0.000   0.930 0.000
 72.333333  73.333333   4.756 0.000   0.547 0.000
 75.333333  76.333333  11.643 0.000   3.215 0.000
 79.333333  80.333333   9.978 0.000   4.630 0.000
 82.333333  83.333333   3.922 0.000   2.411 0.000
 86.333333  87.333333   3.863 0.000   2.522 0.000
 89.333333  90.333333   7.232 0.000   2.490 0.000
 93.333333  94.333333   6.704 0.000   2.466 0.000
 96.333333  97.333333   8.149 0.000   3.036 0.000
100.333333 101.333333   6.196 0.000   3.604 0.000
103.333333 104.333333   5.753 0.000   3.221 0.000
107.333333 108.333333   3.575 0.000   1.994 0.000
110.333333 111.333333   4.503 0.000   3.773 0.000
114.333333 115.333333  10.844 0.000   4.786 0.000
117.333333 118.333333   7.053 0.000   4.756 0.000
121.333333 122.333333   5.459 0.000   3.631 0.000
124.333333 125.333333   7.842 0.000   5.273 0.000
128.333333 129.333333   5.574 0.000   3.837 0.000
131.333333 132.333333   7.026 0.000   4.484 0.000
135.333333 136.333333   7.111 0.000   1.915 0.000
138.333333 139.333333   4.792 0.000   2.949 0.000
142.333333 143.333333  12.300 0.000   3.552 0.000
145.333333 146.333333   5.731 0.000   3.328 0.000
149.333333 150.333333  18.481 0.000   9.447 0.000
152.333333 153.333333  12.153 0.000   8.102 0.000
156.333333 157.333333  12.431 0.000   7.104 0.000
159.333333 160.333333  18.048 0.000   7.769 0.000
163.333333 164.333333  18.898 0.000   7.579 0.000
166.333333 167.333333  12.675 0.000   7.579 0.000
170.333333 171.333333  10.967 0.000   6.072 0.000
173.333333 174.333333  11.127 0.000   6.976 0.000
177.333333 178.333333   3.285 0.000   2.356 0.000
180.333333 181.333333   5.672 0.000   4.129 0.000
184.333333 185.333333  11.900 0.000   6.279 0.000
187.333333 188.333333   9.013 0.000   6.287 0.000
191.333333 192.333333  16.817 0.000  10.610 0.000
194.333333 195.333333   9.164 0.000   5.974 0.000
198.333333 199.333333  12.125 0.000   4.947 0.000
201.333333 202.333333   7.160 0.000   4.351 0.000
205.333333 206.333333  11.446 0.000   7.988 0.000
208.333333 209.333333  10.435 0.000   6.854 0.000
212.333333 213.333333   8.690 0.000   5.987 0.000
215.333333 216.333333  11.744 0.000   8.207 0.000
219.333333 220.333333  13.158 0.000   7.706 0.000
222.333333 223.333333  10.242 0.000   7.064 0.000
226.333333 227.333333  14.957 0.000   9.340 0.000
229.333333 230.333333  16.395 0.000  12.253 0.000
233.333333 234.333333  32.164 0.000  24.434 0.000
236.333333 237.333333  23.546 0.000  11.143 0.000
240.333333 241.333333  38.421 0.000  29.909 0.000
243.333333 244.333333 999.999 0.999  40.333 0.000
247.333333 248.333333  14.591 0.000   6.944 0.000
250.333333 251.333333  16.374 0.000   8.207 0.000
254.333333 255.333333  12.098 0.000   5.922 0.000
257.333333 258.333333   6.190 0.000   4.780 0.000
261.333333 262.333333  14.268 0.000   6.758 0.000
264.333333 265.333333  12.338 0.000   7.801 0.000
268.333333 269.333333  20.566 0.000   7.313 0.000
271.333333 272.333333  13.553 0.000   8.542 0.000
275.333333 276.333333  16.461 0.000   5.507 0.000
278.333333 279.333333  20.615 0.000   7.196 0.000
282.333333 283.333333  23.687 0.000  18.448 0.000
285.333333 286.333333  43.981 0.000  27.934 0.000
289.333333 290.333333  33.473 0.000  24.937 0.000
292.333333 293.333333  11.816 0.000   3.193 0.000
296.333333 297.333333   8.700 0.000   4.630 0.000
299.333333 300.333333   2.926 0.000   1.369 0.000
303.333333 304.333333   4.822 0.000   0.622 0.000
306.333333 307.333333   2.999 0.000   2.077 0.000
310.333333 311.333333  11.673 0.000   5.798 0.000
313.333333 314.333333   6.532 0.000   1.266 0.000
317.333333 318.333333  13.093 0.000   5.112 0.000
320.333333 321.333333   5.823 0.000   3.316 0.000
324.333333 325.333333   2.168 0.000   1.019 0.000
327.333333 328.333333   1.837 0.000   1.051 0.000
331.333333 332.333333   1.857 0.000   1.029 0.000
334.333333 335.333333   1.782 0.000   1.376 0.000
338.333333 339.333333   4.604 0.000   4.010 0.000
341.333333 342.333333   3.277 0.000 999.999 0.999
345.333333 346.333333 999.999 0.999 999.999 0.999
348.333333 349.333333 999.999 0.999 999.999 0.999
352.333333 353.333333   8.492 0.000   1.554 0.000
355.333333 356.333333   2.164 0.000 999.999 0.999
359.333333 360.333333 999.999 0.999 999.999 0.999
362.333333 363.333333 999.999 0.999 999.999 0.999
