scripts/IMPROVE-2019_partial/data/US9047R.20070103070000.20191216000000.filterpack...1y.3d.US03L_filterpack_US9047.US03L_IMPROVE_Davis.lev2.nas
52 1001
MISSING INFORMATION
US03L, IMPROVE, , , , , , , 
MISSING INFORMATION
IMPROVE sel_HTAP
1 1
2007 01 01 2019 12 16
3.000000
days from file reference point
5
1 1 1 1 1
999.999999 999.999 9.999 999.999 9.999
end_time of measurement, days from the file reference point
pm10_mass, ug/m3, Matrix=pm10
numflag pm10_mass, no unit, Matrix=pm10
pm25_mass, ug/m3, Matrix=pm25
numflag pm25_mass, no unit, Matrix=pm25
0
33
Data definition:              EBAS_1.1
Set type code:                TU
Timezone:                     UTC
File name:                    US9047R.20070103070000.20191216000000.filterpack...1y.3d.US03L_filterpack_US9047.US03L_IMPROVE_Davis.lev2.nas
File creation:                20191218120838
Startdate:                    20070103070000
Revision date:                20191216000000
Version:                      2
Version description:          "Data extracted from http://views.cira.colostate.edu/fed/DataWizard 2019-12-16"
Statistics:                   arithmetic mean
Data level:                   2
Period code:                  1y
Resolution code:              3d
Sample duration:              1d
Orig. time res.:              3d
Station code:                 US9047R
Platform code:                US9047S
Station name:                 Shamrock Mine
Station latitude:             37.3038
Station longitude:            -107.4842
Station altitude:             2351.0 m
Regime:                       IMG
Component:                    
Unit:                         ug/m3
Matrix:                       
Laboratory code:              US03L
Instrument type:              filterpack
Instrument name:              filterpack_US9047
Method ref:                   US03L_IMPROVE_Davis
Blank correction:             Blank corrected
Volume std. temperature:      ambient
Volume std. pressure:         ambient
starttime endtime PM10 flag_PM10 PM2.5 flag_PM2.5
  2.291667   3.291667   3.819 0.000   2.853 0.000
  5.291667   6.291667   2.077 0.000   1.567 0.000
  8.291667   9.291667   2.072 0.000   0.946 0.000
 11.291667  12.291667   7.692 0.000   2.310 0.000
 14.291667  15.291667   2.722 0.000   1.899 0.000
 17.291667  18.291667   2.373 0.000   1.858 0.000
 20.291667  21.291667   2.736 0.000   2.643 0.000
 23.291667  24.291667   1.983 0.000   1.379 0.000
 26.291667  27.291667   6.519 0.000   5.050 0.000
 29.291667  30.291667   3.949 0.000   2.788 0.000
 32.291667  33.291667   2.123 0.000   1.273 0.000
 35.291667  36.291667   1.811 0.000   1.154 0.000
 38.291667  39.291667   2.776 0.000   1.508 0.000
 41.291667  42.291667   1.392 0.000   1.119 0.000
 44.291667  45.291667   1.399 0.000   1.150 0.000
 47.291667  48.291667   1.447 0.000   0.584 0.000
 50.291667  51.291667   1.746 0.000   1.103 0.000
 53.291667  54.291667   4.258 0.000   1.393 0.000
 56.291667  57.291667   5.466 0.000   1.554 0.000
 59.291667  60.291667   2.042 0.000   1.128 0.000
 62.291667  63.291667   2.317 0.000   1.332 0.000
 65.291667  66.291667   3.833 0.000   1.712 0.000
 68.291667  69.291667   4.006 0.000   2.151 0.000
 71.291667  72.291667   3.857 0.000   1.761 0.000
 74.291667  75.291667   4.456 0.000   1.439 0.000
 77.291667  78.291667   8.115 0.000   2.779 0.000
 80.291667  81.291667   2.091 0.000   0.945 0.000
 83.291667  84.291667   1.355 0.000   1.775 0.000
 86.291667  87.291667   7.961 0.000   2.400 0.000
 89.291667  90.291667   2.720 0.000   1.664 0.000
 92.291667  93.291667   9.416 0.000   3.659 0.000
 95.291667  96.291667  12.489 0.000   3.141 0.000
 98.291667  99.291667   2.268 0.000   1.294 0.000
101.291667 102.291667   5.263 0.000   2.524 0.000
104.291667 105.291667   5.242 0.000   2.925 0.000
107.291667 108.291667  23.925 0.000   5.846 0.000
110.291667 111.291667  15.721 0.000   6.438 0.000
113.291667 114.291667   1.944 0.000   1.173 0.000
116.291667 117.291667   8.763 0.000   3.963 0.000
119.291667 120.291667   5.379 0.000   3.343 0.000
122.291667 123.291667  12.669 0.000   5.149 0.000
125.291667 126.291667   1.199 0.000   0.962 0.000
128.291667 129.291667   6.224 0.000   2.757 0.000
131.291667 132.291667   5.604 0.000   2.864 0.000
134.291667 135.291667   8.286 0.000   4.322 0.000
137.291667 138.291667   6.065 0.000   3.628 0.000
140.291667 141.291667  11.155 0.000   4.470 0.000
143.291667 144.291667   2.961 0.000   1.825 0.000
146.291667 147.291667  13.198 0.000   4.357 0.000
149.291667 150.291667  11.223 0.000   4.013 0.000
152.291667 153.291667  13.562 0.000   4.371 0.000
155.291667 156.291667  12.076 0.000   4.679 0.000
158.291667 159.291667  11.650 0.000   4.400 0.000
161.291667 162.291667 999.999 0.999 999.999 0.999
164.291667 165.291667  10.009 0.000   3.839 0.000
167.291667 168.291667  22.833 0.000   6.332 0.000
170.291667 171.291667  14.344 0.000   6.067 0.000
173.291667 174.291667  12.531 0.000   4.657 0.000
176.291667 177.291667  11.026 0.000   4.407 0.000
179.291667 180.291667   9.739 0.000   3.946 0.000
182.291667 183.291667  10.446 0.000   4.742 0.000
185.291667 186.291667   7.649 0.000   4.050 0.000
188.291667 189.291667  18.378 0.000  10.940 0.000
191.291667 192.291667  10.779 0.000   6.725 0.000
194.291667 195.291667   9.996 0.000   5.253 0.000
197.291667 198.291667   8.932 0.000   4.883 0.000
200.291667 201.291667   5.587 0.000   3.162 0.000
203.291667 204.291667   5.604 0.000   3.272 0.000
206.291667 207.291667   4.412 0.000   1.940 0.000
209.291667 210.291667   4.060 0.000   1.974 0.000
212.291667 213.291667   9.149 0.000   5.645 0.000
215.291667 216.291667   6.605 0.000   3.013 0.000
218.291667 219.291667   5.068 0.000   2.355 0.000
221.291667 222.291667  12.145 0.000   4.159 0.000
224.291667 225.291667   5.137 0.000 999.999 0.456
227.291667 228.291667   7.605 0.000   3.401 0.000
230.291667 231.291667  17.541 0.000   5.455 0.000
233.291667 234.291667  19.632 0.000   8.882 0.000
236.291667 237.291667  18.909 0.000   6.511 0.000
239.291667 240.291667 999.999 0.999 999.999 0.999
242.291667 243.291667 999.999 0.999 999.999 0.999
245.291667 246.291667 999.999 0.999 999.999 0.999
248.291667 249.291667  15.449 0.000   5.071 0.000
251.291667 252.291667  14.103 0.000   7.077 0.000
254.291667 255.291667  12.321 0.000   4.587 0.000
257.291667 258.291667  17.672 0.000   5.694 0.000
260.291667 261.291667   7.081 0.000   3.833 0.000
263.291667 264.291667   6.585 0.000   2.451 0.000
266.291667 267.291667   4.791 0.000   2.066 0.000
269.291667 270.291667   7.091 0.000   2.143 0.000
272.291667 273.291667   5.942 0.000   2.213 0.000
275.291667 276.291667   6.708 0.000   3.468 0.000
278.291667 279.291667  10.386 0.000   3.634 0.000
281.291667 282.291667   4.016 0.000   1.897 0.000
284.291667 285.291667   6.835 0.000   2.179 0.000
287.291667 288.291667   6.441 0.000   2.558 0.000
290.291667 291.291667   5.864 0.000   1.361 0.000
293.291667 294.291667  17.553 0.000   3.117 0.000
296.291667 297.291667  15.967 0.000   5.093 0.000
299.291667 300.291667  15.645 0.000   4.875 0.000
302.291667 303.291667  12.854 0.000   3.935 0.000
305.291667 306.291667  38.276 0.000  24.356 0.000
308.291667 309.291667  21.035 0.000   6.045 0.000
311.291667 312.291667  13.545 0.000   6.976 0.000
314.291667 315.291667   7.928 0.000   2.808 0.000
317.291667 318.291667  10.047 0.000   4.336 0.000
320.291667 321.291667  11.132 0.000   3.044 0.000
323.291667 324.291667   7.006 0.000   2.147 0.000
326.291667 327.291667 999.999 0.999 999.999 0.999
329.291667 330.291667 999.999 0.999 999.999 0.999
332.291667 333.291667   4.619 0.000   3.493 0.000
335.291667 336.291667   3.338 0.000   2.309 0.000
338.291667 339.291667   4.340 0.000   3.253 0.000
341.291667 342.291667   0.924 0.000   0.647 0.000
344.291667 345.291667   1.309 0.000   1.055 0.000
347.291667 348.291667   3.107 0.000   2.616 0.000
350.291667 351.291667   1.434 0.000   0.911 0.000
353.291667 354.291667   2.478 0.000   2.052 0.000
356.291667 357.291667   2.440 0.000   1.574 0.000
359.291667 360.291667   1.967 0.000   1.349 0.000
362.291667 363.291667   1.738 0.000   1.232 0.000
