scripts/IMPROVE-2019_partial/data/US9025U.20100102080000.20191216000000.filterpack...52w.3d.US03L_filterpack_US9025.US03L_IMPROVE_Davis.lev2.nas
52 1001
MISSING INFORMATION
US03L, IMPROVE, , , , , , , 
MISSING INFORMATION
IMPROVE sel_HTAP
1 1
2010 01 01 2019 12 16
3.000000
days from file reference point
5
1 1 1 1 1
999.999999 999.999 9.999 999.999 9.999
end_time of measurement, days from the file reference point
pm10_mass, ug/m3, Matrix=pm10
numflag pm10_mass, no unit, Matrix=pm10
pm25_mass, ug/m3, Matrix=pm25
numflag pm25_mass, no unit, Matrix=pm25
0
33
Data definition:              EBAS_1.1
Set type code:                TU
Timezone:                     UTC
File name:                    US9025U.20100102080000.20191216000000.filterpack...52w.3d.US03L_filterpack_US9025.US03L_IMPROVE_Davis.lev2.nas
File creation:                20191218120651
Startdate:                    20100102080000
Revision date:                20191216000000
Version:                      2
Version description:          "Data extracted from http://views.cira.colostate.edu/fed/DataWizard 2019-12-16"
Statistics:                   arithmetic mean
Data level:                   2
Period code:                  52w
Resolution code:              3d
Sample duration:              1d
Orig. time res.:              3d
Station code:                 US9025U
Platform code:                US9025S
Station name:                 Puget Sound
Station latitude:             47.5696
Station longitude:            -122.3119
Station altitude:             97.0 m
Regime:                       IMG
Component:                    
Unit:                         ug/m3
Matrix:                       
Laboratory code:              US03L
Instrument type:              filterpack
Instrument name:              filterpack_US9025
Method ref:                   US03L_IMPROVE_Davis
Blank correction:             Blank corrected
Volume std. temperature:      ambient
Volume std. pressure:         ambient
starttime endtime PM10 flag_PM10 PM2.5 flag_PM2.5
  1.333333   2.333333   3.530 0.000   2.142 0.000
  4.333333   5.333333   6.826 0.000   5.190 0.000
  7.333333   8.333333   3.255 0.000   2.455 0.000
 10.333333  11.333333   3.873 0.000   2.984 0.000
 13.333333  14.333333   4.738 0.000   2.114 0.000
 16.333333  17.333333   4.997 0.000   3.627 0.000
 19.333333  20.333333   5.853 0.000   3.418 0.000
 22.333333  23.333333   6.512 0.000   4.039 0.000
 25.333333  26.333333  17.138 0.000   9.987 0.000
 28.333333  29.333333  18.331 0.000   8.885 0.000
 31.333333  32.333333   9.807 0.000   6.936 0.000
 34.333333  35.333333   2.605 0.000   1.128 0.000
 37.333333  38.333333   5.559 0.000   4.439 0.000
 40.333333  41.333333  11.362 0.000   9.844 0.000
 43.333333  44.333333   5.744 0.000   3.463 0.000
 46.333333  47.333333   5.308 0.000   3.535 0.000
 49.333333  50.333333  12.236 0.000   5.675 0.000
 52.333333  53.333333  25.547 0.000   8.433 0.000
 55.333333  56.333333 999.999 0.999 999.999 0.999
 58.333333  59.333333   8.523 0.000   3.749 0.000
 61.333333  62.333333   7.580 0.000   3.992 0.000
 64.333333  65.333333  12.602 0.000   8.178 0.000
 67.333333  68.333333  10.009 0.000   5.287 0.000
 70.333333  71.333333   7.249 0.000   2.751 0.000
 73.333333  74.333333   9.436 0.000   5.483 0.000
 76.333333  77.333333  11.840 0.000   4.249 0.000
 79.333333  80.333333   6.088 0.000   2.858 0.000
 82.333333  83.333333  23.276 0.000   7.397 0.000
 85.333333  86.333333  21.677 0.000   9.470 0.000
 88.333333  89.333333   3.126 0.000   1.649 0.000
 91.333333  92.333333   3.853 0.000   2.001 0.000
 94.333333  95.333333   3.772 0.000   2.018 0.000
 97.333333  98.333333   6.835 0.000   2.755 0.000
100.333333 101.333333  10.968 0.000   6.533 0.000
103.333333 104.333333  18.501 0.000   8.332 0.000
106.333333 107.333333  10.257 0.000   6.140 0.000
109.333333 110.333333   7.899 0.000   4.344 0.000
112.333333 113.333333  13.154 0.000   5.508 0.000
115.333333 116.333333  14.477 0.000   7.031 0.000
118.333333 119.333333   6.842 0.000   2.729 0.000
121.333333 122.333333   4.263 0.000   1.801 0.000
124.333333 125.333333   4.926 0.000   3.081 0.000
127.333333 128.333333   7.861 0.000   4.824 0.000
130.333333 131.333333  12.397 0.000   5.530 0.000
133.333333 134.333333  38.521 0.000   6.760 0.000
136.333333 137.333333  30.782 0.000   9.869 0.000
139.333333 140.333333   6.226 0.000   2.634 0.000
142.333333 143.333333   5.862 0.000   3.115 0.000
145.333333 146.333333   6.238 0.000   3.858 0.000
148.333333 149.333333   5.097 0.000   2.726 0.000
151.333333 152.333333   4.937 0.000   2.584 0.000
154.333333 155.333333   6.413 0.000   3.807 0.000
157.333333 158.333333   6.274 0.000   3.356 0.000
160.333333 161.333333   5.267 0.000   2.407 0.000
163.333333 164.333333   9.761 0.000   5.066 0.000
166.333333 167.333333   8.439 0.000   4.040 0.000
169.333333 170.333333   4.600 0.000   2.901 0.000
172.333333 173.333333  11.837 0.000   6.105 0.000
175.333333 176.333333  14.327 0.000   3.901 0.000
178.333333 179.333333  14.945 0.000   3.523 0.000
181.333333 182.333333  12.124 0.000   4.684 0.000
184.333333 185.333333   9.179 0.000   6.218 0.000
187.333333 188.333333  17.664 0.000   6.886 0.000
190.333333 191.333333  15.454 0.000   7.954 0.000
193.333333 194.333333  15.677 0.000 999.999 0.456
196.333333 197.333333  15.360 0.000   5.756 0.000
199.333333 200.333333  16.377 0.000   7.068 0.000
202.333333 203.333333  12.472 0.000   4.170 0.000
205.333333 206.333333  14.794 0.000   7.934 0.000
208.333333 209.333333  18.092 0.000   5.330 0.000
211.333333 212.333333   8.322 0.000   4.857 0.000
214.333333 215.333333  26.326 0.000   7.897 0.000
217.333333 218.333333   9.723 0.000   4.599 0.000
220.333333 221.333333   9.170 0.000   5.012 0.000
223.333333 224.333333  14.932 0.000   6.357 0.000
226.333333 227.333333  16.486 0.000  10.186 0.000
229.333333 230.333333  12.786 0.000   5.545 0.000
232.333333 233.333333  12.329 0.000   6.269 0.000
235.333333 236.333333  16.630 0.000   7.084 0.000
238.333333 239.333333  30.148 0.000   4.338 0.000
241.333333 242.333333  30.042 0.000   5.114 0.000
244.333333 245.333333  14.026 0.000   4.830 0.000
247.333333 248.333333  10.125 0.000   4.800 0.000
250.333333 251.333333 999.999 0.999 999.999 0.999
253.333333 254.333333   5.595 0.000   3.291 0.000
256.333333 257.333333  13.457 0.000   7.986 0.000
259.333333 260.333333   8.994 0.000   6.083 0.000
262.333333 263.333333   8.695 0.000   3.288 0.000
265.333333 266.333333   9.072 0.000   5.169 0.000
268.333333 269.333333   5.601 0.000   3.393 0.000
271.333333 272.333333 999.999 0.456   5.236 0.000
274.333333 275.333333 999.999 0.456   7.890 0.000
277.333333 278.333333 999.999 0.456   5.394 0.000
280.333333 281.333333  11.916 0.000   6.247 0.000
283.333333 284.333333  11.733 0.000   4.726 0.000
286.333333 287.333333  13.394 0.000   6.749 0.000
289.333333 290.333333  12.584 0.000  10.436 0.000
292.333333 293.333333  18.160 0.000  11.698 0.000
295.333333 296.333333   9.820 0.000   6.175 0.000
298.333333 299.333333   3.876 0.000   2.615 0.000
301.333333 302.333333   8.143 0.000   5.341 0.000
304.333333 305.333333   3.735 0.000   2.272 0.000
307.333333 308.333333  14.010 0.000   8.613 0.000
310.333333 311.333333   5.158 0.000   2.542 0.000
313.333333 314.333333   8.045 0.000   5.484 0.000
316.333333 317.333333   9.041 0.000   6.013 0.000
319.333333 320.333333  11.705 0.000   5.388 0.000
322.333333 323.333333   4.290 0.000   3.030 0.000
325.333333 326.333333  10.550 0.000   6.460 0.000
328.333333 329.333333  12.497 0.000  10.955 0.000
331.333333 332.333333   7.593 0.000   6.004 0.000
334.333333 335.333333  12.034 0.000   6.781 0.000
337.333333 338.333333   7.813 0.000   4.697 0.000
340.333333 341.333333   6.104 0.000   3.291 0.000
343.333333 344.333333   7.623 0.000   3.941 0.000
346.333333 347.333333   3.640 0.000   2.301 0.000
349.333333 350.333333   3.679 0.000   1.864 0.000
352.333333 353.333333   3.136 0.000   2.193 0.000
355.333333 356.333333 999.999 0.999 999.999 0.999
358.333333 359.333333 999.999 0.999 999.999 0.999
361.333333 362.333333 999.999 0.999 999.999 0.999
364.333333 365.333333  11.126 0.000   7.766 0.000
