scripts/IMPROVE-2019_partial/data/US9020R.20010101080000.20191216000000.filterpack..pm25.52w.1w.US03L_filterpack_US9020.US03L_IMPROVE_Davis.lev2.nas
66 1001
MISSING INFORMATION
US03L, IMPROVE, , , , , , , 
MISSING INFORMATION
IMPROVE sel_HTAP
1 1
2001 01 01 2019 12 16
3.000000
days from file reference point
27
1 1 1 1 1 1 1 1 1 1 1 1 1 1 1 1 1 1 1 1 1 1 1 1 1 1 1
999.999999 9999.99 9.999 999.99 9.999999 9.999 9.999999 9.99 9.999999 9.999 9.999 99.999 9.999 99.999 9.999 99.99 9.999999 999.999 9.999 999.999 9.999 999.999 9.999 9.999 9.999 9.999 9.999
end_time of measurement, days from the file reference point
iron, ng/m3, Revision date=20181210133000
numflag iron, no unit, Revision date=20181210133000
lead, ng/m3, Revision date=20181210133000
numflag lead, no unit, Revision date=20181210133000
magnesium, ug/m3, Revision date=20181210133000
numflag magnesium, no unit, Revision date=20181210133000
nickel, ng/m3, Revision date=20181210133000
numflag nickel, no unit, Revision date=20181210133000
nitrate, ug N/m3, Revision date=20181210133000
numflag nitrate, no unit, Revision date=20181210133000
organic_carbon, ug C/m3, Revision date=20181210133000
numflag organic_carbon, no unit, Revision date=20181210133000
organic_mass, ug/m3, Revision date=20181210133000
numflag organic_mass, no unit, Revision date=20181210133000
phosphorus, ng/m3, Revision date=20181210133000
numflag phosphorus, no unit, Revision date=20181210133000
pm10_mass, ug/m3, Version=2, Version description=Data extracted from http://views.cira.colostate.edu/fed/DataWizard 2019-12-16, Sample duration=1d, Orig. time res.=3d, Matrix=pm10, Blank correction=Blank corrected, Volume std. temperature=ambient, Volume std. pressure=ambient
numflag pm10_mass, no unit, Version=2, Version description=Data extracted from http://views.cira.colostate.edu/fed/DataWizard 2019-12-16, Sample duration=1d, Orig. time res.=3d, Matrix=pm10, Blank correction=Blank corrected, Volume std. temperature=ambient, Volume std. pressure=ambient
pm10_pm25_mass, ug/m3, Revision date=20181210133000, Matrix=pm10_pm25
numflag pm10_pm25_mass, no unit, Revision date=20181210133000, Matrix=pm10_pm25
pm25_mass, ug/m3, Version=2, Version description=Data extracted from http://views.cira.colostate.edu/fed/DataWizard 2019-12-16, Sample duration=1d, Orig. time res.=3d, Blank correction=Blank corrected, Volume std. temperature=ambient, Volume std. pressure=ambient
numflag pm25_mass, no unit, Version=2, Version description=Data extracted from http://views.cira.colostate.edu/fed/DataWizard 2019-12-16, Sample duration=1d, Orig. time res.=3d, Blank correction=Blank corrected, Volume std. temperature=ambient, Volume std. pressure=ambient
potassium, ug/m3, Revision date=20181210133000
numflag potassium, no unit, Revision date=20181210133000
sulphate_total, ug S/m3, Revision date=20181210133000
numflag sulphate_total, no unit, Revision date=20181210133000
0
25
Data definition:              EBAS_1.1
Set type code:                TU
Timezone:                     UTC
File name:                    US9020R.20010101080000.20191216000000.filterpack..pm25.52w.1w.US03L_filterpack_US9020.US03L_IMPROVE_Davis.lev2.nas
File creation:                20191218120626
Startdate:                    20010101080000
Revision date:                20191216000000
Statistics:                   arithmetic mean
Data level:                   2
Period code:                  52w
Resolution code:              1w
Station code:                 US9020R
Platform code:                US9020S
Station name:                 Mount Hood
Station latitude:             45.2888
Station longitude:            -121.7837
Station altitude:             1531.0 m
Regime:                       IMG
Component:                    
Matrix:                       pm25
Laboratory code:              US03L
Instrument type:              filterpack
Instrument name:              filterpack_US9020
Method ref:                   US03L_IMPROVE_Davis
starttime endtime Fe flag_Fe Pb flag_Pb Mg++ flag_Mg++ Ni flag_Ni NO3- flag_NO3- OC flag_OC OM flag_OM P flag_P PM10 flag_PM10 PM10-PM2.5 flag_PM10-PM2.5 PM2.5 flag_PM2.5 K+ flag_K+ SO4-- flag_SO4--
[from data line 81]
243.333333 244.333333   29.84 0.000   0.30 0.000000 9.999 0.259000 9.99 0.259000 0.076 0.000  0.876 0.000  1.226 0.000 99.99 0.259000   7.776 0.000   5.267 0.000   2.509 0.000 0.051 0.000 0.141 0.000
246.333333 247.333333   12.61 0.000   0.30 0.000000 9.999 0.259000 9.99 0.259000 0.048 0.559  0.385 0.000  0.538 0.000 99.99 0.259000   3.866 0.000   1.755 0.000   2.111 0.000 0.007 0.000 0.318 0.559
249.333333 250.333333   19.36 0.000   0.22 0.000000 9.999 0.259000 9.99 0.259000 0.015 0.000  0.227 0.000  0.318 0.000 99.99 0.259000   3.867 0.000   2.414 0.000   1.453 0.000 0.007 0.000 0.140 0.000
252.333333 253.333333   14.56 0.000   0.64 0.000000 9.999 0.259000 0.07 0.000000 0.024 0.000  0.569 0.000  0.797 0.000 99.99 0.259000   3.451 0.000   1.552 0.000   1.899 0.000 0.010 0.000 0.162 0.000
255.333333 256.333333   86.10 0.000   0.42 0.000000 9.999 0.259000 0.13 0.000000 0.038 0.000  1.751 0.000  2.452 0.000 99.99 0.259000  14.426 0.000   9.312 0.000   5.114 0.000 0.041 0.000 0.214 0.000
258.333333 259.333333   16.00 0.559   0.73 0.559000 9.999 0.559259 0.21 0.559000 0.134 0.000  1.191 0.000  1.668 0.000 99.99 0.559259   7.818 0.000   3.019 0.000   4.799 0.559 0.019 0.559 0.584 0.000
261.333333 262.333333    9.98 0.000   0.30 0.000000 9.999 0.259000 0.11 0.000000 0.020 0.000  0.194 0.000  0.271 0.000 99.99 0.259000   1.715 0.000   0.504 0.000   1.212 0.000 0.011 0.000 0.154 0.000
264.333333 265.333333   43.03 0.000   0.54 0.000000 9.999 0.259000 9.99 0.259000 0.014 0.000  0.861 0.000  1.205 0.000 99.99 0.259000   7.275 0.000   4.479 0.000   2.796 0.000 0.028 0.000 0.191 0.000
267.333333 268.333333 9999.99 0.456 999.99 0.456000 9.999 0.456000 9.99 0.456000 0.168 0.000  0.945 0.000  1.324 0.000 99.99 0.456000   6.511 0.000 999.999 0.999 999.999 0.456 9.999 0.456 0.203 0.000
270.333333 271.333333   10.64 0.559   0.72 0.559000 9.999 0.559259 0.31 0.559000 0.078 0.559  0.418 0.000  0.585 0.000 99.99 0.559259   3.077 0.000   1.101 0.000   1.976 0.559 0.018 0.559 0.165 0.559
273.333333 274.333333   29.03 0.559   0.54 0.559000 9.999 0.559259 9.99 0.559259 0.016 0.559  0.735 0.000  1.029 0.000 99.99 0.559259   4.092 0.000   1.616 0.000   2.476 0.559 0.022 0.559 0.141 0.559
276.333333 277.333333  141.35 0.000   0.44 0.000000 9.999 0.259000 9.99 0.259000 0.022 0.000  0.693 0.000  0.970 0.000 99.99 0.259000  28.194 0.000  23.932 0.000   4.261 0.000 0.041 0.000 0.094 0.000
279.333333 280.333333   14.81 0.000   0.71 0.000000 9.999 0.259000 9.99 0.259000 0.058 0.000  0.338 0.000  0.474 0.000 99.99 0.259000   3.410 0.000   1.315 0.000   2.095 0.000 0.020 0.000 0.186 0.000
282.333333 283.333333   17.54 0.559   0.40 0.559000 9.999 0.559259 9.99 0.559259 0.010 0.559  0.109 0.000  0.153 0.000 99.99 0.559259   1.164 0.000   0.109 0.000   1.056 0.559 0.011 0.559 0.084 0.559
285.333333 286.333333    3.85 0.000   0.96 0.000000 9.999 0.259000 9.99 0.259000 0.032 0.000  0.302 0.000  0.423 0.000 99.99 0.259000   1.663 0.000   0.158 0.000   1.506 0.000 0.020 0.000 0.059 0.000
288.333333 289.333333    6.17 0.000   0.50 0.000000 9.999 0.259000 9.99 0.259000 0.032 0.000  1.732 0.000  2.425 0.000 99.99 0.259000   4.076 0.000   0.251 0.000   3.825 0.000 0.042 0.000 0.061 0.000
291.333333 292.333333    2.33 0.000   0.11 0.000000 9.999 0.259000 9.99 0.259000 9.999 0.259 99.999 0.259 99.999 0.259 99.99 0.259000   0.125 0.000   0.125 0.000 999.999 0.259 9.999 0.259 0.008 0.000
294.333333 295.333333    1.74 0.000   0.10 0.000000 9.999 0.259000 9.99 0.259000 9.999 0.259 99.999 0.259 99.999 0.259 99.99 0.259000   0.749 0.000   0.209 0.000   0.539 0.000 0.009 0.000 0.018 0.000
297.333333 298.333333    8.82 0.559   0.19 0.559000 9.999 0.559259 9.99 0.559259 0.009 0.000  0.637 0.000  0.891 0.000 99.99 0.559259   1.777 0.000   0.361 0.000   1.417 0.559 0.009 0.559 0.038 0.000
300.333333 301.333333   16.98 0.000 999.99 0.259000 9.999 0.259000 0.21 0.000000 0.012 0.000  0.231 0.000  0.323 0.000 99.99 0.259000   2.245 0.000   1.088 0.000   1.157 0.000 0.009 0.000 0.056 0.000
303.333333 304.333333    7.40 0.559   0.27 0.559000 9.999 0.559259 9.99 0.559259 0.008 0.559  0.112 0.000  0.156 0.000 99.99 0.559259   1.004 0.000   0.052 0.000   0.952 0.559 0.018 0.559 0.042 0.559
306.333333 307.333333   14.93 0.559   1.05 0.559000 9.999 0.559259 9.99 0.559259 0.013 0.699  1.083 0.000  1.517 0.000 99.99 0.559259   3.347 0.000   0.859 0.000   2.488 0.559 0.032 0.559 0.178 0.699
309.333333 310.333333    5.56 0.559   0.56 0.559000 9.999 0.559259 0.07 0.559000 0.053 0.699  0.642 0.000  0.899 0.000 99.99 0.559259   2.426 0.000   0.690 0.000   1.736 0.559 0.025 0.559 0.079 0.699
312.333333 313.333333   18.30 0.559   0.77 0.559000 9.999 0.559259 9.99 0.559259 0.026 0.559  1.309 0.000  1.833 0.000 99.99 0.559259   4.242 0.000   1.258 0.000   2.983 0.559 0.023 0.559 0.217 0.559
315.333333 316.333333   11.94 0.559   0.39 0.559000 9.999 0.559259 9.99 0.559259 0.017 0.699  0.605 0.000  0.847 0.000 99.99 0.559259   2.412 0.000   1.108 0.000   1.304 0.559 0.020 0.559 0.045 0.699
318.333333 319.333333    7.98 0.559 999.99 0.559259 9.999 0.559259 9.99 0.559259 0.007 0.559  0.415 0.000  0.580 0.000 99.99 0.559259   1.799 0.000   0.580 0.000   1.219 0.559 0.028 0.559 0.057 0.559
321.333333 322.333333    4.69 0.559   0.46 0.559000 9.999 0.559259 9.99 0.559259 0.028 0.699  0.380 0.000  0.532 0.000 99.99 0.559259   1.966 0.000   0.628 0.000   1.338 0.559 0.010 0.559 0.149 0.699
324.333333 325.333333    1.14 0.559 999.99 0.559259 9.999 0.559259 9.99 0.559259 9.999 0.456 99.999 0.259 99.999 0.259 99.99 0.559259   1.599 0.000   0.163 0.000   1.436 0.559 0.014 0.559 9.999 0.456
327.333333 328.333333    2.50 0.000 999.99 0.259000 9.999 0.259000 9.99 0.259000 0.014 0.559  0.026 0.000  0.037 0.000  8.52 0.000000   0.508 0.000   0.051 0.000   0.457 0.000 9.999 0.259 0.023 0.559
330.333333 331.333333   28.50 0.559   0.27 0.559000 9.999 0.559259 9.99 0.559259 0.029 0.559  0.918 0.000  1.285 0.000 99.99 0.559259   2.127 0.000 999.999 0.259   2.170 0.559 0.014 0.559 0.028 0.559
333.333333 334.333333    3.66 0.559 999.99 0.559259 0.006 0.559000 0.08 0.559000 0.004 0.000 99.999 0.259 99.999 0.259 99.99 0.559259   0.291 0.000   0.122 0.000   0.169 0.559 0.005 0.559 0.008 0.000
336.333333 337.333333    1.14 0.000 999.99 0.259000 9.999 0.259000 9.99 0.259000 0.004 0.000 99.999 0.259 99.999 0.259 99.99 0.259000   0.920 0.000   0.175 0.000   0.745 0.000 0.005 0.000 0.025 0.000
339.333333 340.333333    1.72 0.000   0.63 0.000000 9.999 0.259000 9.99 0.259000 0.000 0.559 99.999 0.259 99.999 0.259 99.99 0.259000   0.920 0.000   0.270 0.000   0.650 0.000 0.006 0.000 0.018 0.559
342.333333 343.333333    2.37 0.000   0.22 0.000000 9.999 0.259000 9.99 0.259000 0.012 0.559  0.085 0.000  0.119 0.000 99.99 0.259000   2.385 0.000   1.616 0.000   0.768 0.000 0.006 0.000 0.034 0.559
345.333333 346.333333    0.32 0.000   0.21 0.000000 9.999 0.259000 9.99 0.259000 0.000 0.559 99.999 0.259 99.999 0.259 99.99 0.259000 999.999 0.259 999.999 0.259 999.999 0.259 9.999 0.259 0.002 0.559
348.333333 349.333333 9999.99 0.999 999.99 0.999000 9.999 0.999000 9.99 0.999000 9.999 0.999 99.999 0.999 99.999 0.999 99.99 0.999000 999.999 0.999 999.999 0.999 999.999 0.999 9.999 0.999 9.999 0.999
351.333333 352.333333 9999.99 0.999 999.99 0.999000 9.999 0.999000 9.99 0.999000 9.999 0.999 99.999 0.999 99.999 0.999 99.99 0.999000 999.999 0.999 999.999 0.999 999.999 0.999 9.999 0.999 9.999 0.999
354.333333 355.333333    1.46 0.000 999.99 0.259000 9.999 0.259000 9.99 0.259000 0.020 0.000  0.154 0.000  0.215 0.000 99.99 0.259000   0.418 0.000   0.136 0.000   0.283 0.000 0.004 0.000 0.010 0.000
357.333333 358.333333    0.69 0.000   0.30 0.000000 9.999 0.259000 9.99 0.259000 0.053 0.000  0.159 0.000  0.223 0.000 99.99 0.259000   0.377 0.000   0.061 0.000   0.316 0.000 0.004 0.000 0.028 0.000
360.333333 361.333333    7.17 0.000 999.99 0.259000 9.999 0.259000 9.99 0.259000 0.254 0.000  0.441 0.000  0.617 0.000 99.99 0.259000   2.147 0.000   0.060 0.000   2.086 0.000 0.010 0.000 0.186 0.000
363.333333 364.333333    0.34 0.000 999.99 0.259000 9.999 0.259000 9.99 0.259000 0.016 0.000  0.194 0.000  0.272 0.000 99.99 0.259000   0.421 0.000   0.129 0.000   0.292 0.000 9.999 0.259 0.020 0.000
