scripts/IMPROVE-2019_partial/data/US9019R.20110103050000.20191216000000.filterpack...1y.3d.US03L_filterpack_US9019.US03L_IMPROVE_Davis.lev2.nas
52 1001
MISSING INFORMATION
US03L, IMPROVE, , , , , , , 
MISSING INFORMATION
IMPROVE sel_HTAP
1 1
2011 01 01 2019 12 16
3.000000
days from file reference point
5
1 1 1 1 1
999.999999 999.999 9.999 999.999 9.999
end_time of measurement, days from the file reference point
pm10_mass, ug/m3, Matrix=pm10
numflag pm10_mass, no unit, Matrix=pm10
pm25_mass, ug/m3, Matrix=pm25
numflag pm25_mass, no unit, Matrix=pm25
0
33
Data definition:              EBAS_1.1
Set type code:                TU
Timezone:                     UTC
File name:                    US9019R.20110103050000.20191216000000.filterpack...1y.3d.US03L_filterpack_US9019.US03L_IMPROVE_Davis.lev2.nas
File creation:                20191218120623
Startdate:                    20110103050000
Revision date:                20191216000000
Version:                      2
Version description:          "Data extracted from http://views.cira.colostate.edu/fed/DataWizard 2019-12-16"
Statistics:                   arithmetic mean
Data level:                   2
Period code:                  1y
Resolution code:              3d
Sample duration:              1d
Orig. time res.:              3d
Station code:                 US9019R
Platform code:                US9019S
Station name:                 Quaker City
Station latitude:             39.9428
Station longitude:            -81.3378
Station altitude:             366.0 m
Regime:                       IMG
Component:                    
Unit:                         ug/m3
Matrix:                       
Laboratory code:              US03L
Instrument type:              filterpack
Instrument name:              filterpack_US9019
Method ref:                   US03L_IMPROVE_Davis
Blank correction:             Blank corrected
Volume std. temperature:      ambient
Volume std. pressure:         ambient
starttime endtime PM10 flag_PM10 PM2.5 flag_PM2.5
  2.208333   3.208333   7.733 0.000   5.433 0.000
  5.208333   6.208333  17.367 0.000  11.565 0.000
  8.208333   9.208333  13.854 0.000  12.923 0.659
 11.208333  12.208333   1.379 0.000   6.330 0.659
 14.208333  15.208333  17.252 0.000  13.694 0.000
 17.208333  18.208333  11.761 0.000   6.448 0.000
 20.208333  21.208333  11.663 0.000   7.160 0.000
 23.208333  24.208333  10.299 0.000   7.716 0.000
 26.208333  27.208333  11.902 0.000  11.831 0.000
 29.208333  30.208333  15.429 0.000  15.752 0.000
 32.208333  33.208333   6.339 0.000   4.386 0.000
 35.208333  36.208333  11.883 0.000   9.161 0.000
 38.208333  39.208333   5.473 0.000   3.967 0.000
 41.208333  42.208333   9.612 0.000   5.967 0.000
 44.208333  45.208333   8.842 0.000   5.201 0.000
 47.208333  48.208333  26.392 0.000  17.440 0.000
 50.208333  51.208333   7.408 0.000   3.947 0.000
 53.208333  54.208333  13.955 0.000  12.153 0.000
 56.208333  57.208333   9.172 0.000   7.864 0.000
 59.208333  60.208333   7.876 0.000   5.789 0.000
 62.208333  63.208333  10.747 0.000   5.678 0.000
 65.208333  66.208333   7.374 0.000   5.736 0.000
 68.208333  69.208333   3.180 0.000   2.472 0.000
 71.208333  72.208333   8.403 0.000   6.406 0.000
 74.208333  75.208333   9.227 0.000   7.755 0.000
 77.208333  78.208333   9.434 0.000   4.970 0.000
 80.208333  81.208333  16.775 0.000   9.232 0.000
 83.208333  84.208333  10.386 0.000   6.688 0.000
 86.208333  87.208333  11.482 0.000   4.126 0.000
 89.208333  90.208333  17.412 0.000  15.119 0.000
 92.208333  93.208333   6.498 0.000   5.280 0.000
 95.208333  96.208333   7.535 0.000   3.763 0.000
 98.208333  99.208333  19.758 0.000  15.982 0.000
101.208333 102.208333   3.514 0.000   2.510 0.000
104.208333 105.208333 999.999 0.999   9.964 0.000
107.208333 108.208333 999.999 0.999   7.798 0.000
110.208333 111.208333 999.999 0.999   5.248 0.000
113.208333 114.208333 999.999 0.999   4.726 0.000
116.208333 117.208333  13.323 0.000   6.146 0.000
119.208333 120.208333   9.232 0.000   5.954 0.000
122.208333 123.208333   5.149 0.000   3.541 0.000
125.208333 126.208333  11.652 0.000   7.437 0.000
128.208333 129.208333  12.152 0.000   5.095 0.000
131.208333 132.208333  27.076 0.000  17.996 0.000
134.208333 135.208333  11.892 0.000   5.764 0.000
137.208333 138.208333   7.705 0.000   5.025 0.000
140.208333 141.208333  11.836 0.000   7.905 0.000
143.208333 144.208333  29.966 0.000   7.882 0.000
146.208333 147.208333  26.253 0.000   9.481 0.000
149.208333 150.208333  37.297 0.000  17.824 0.000
152.208333 153.208333  22.337 0.000   4.691 0.000
155.208333 156.208333  29.586 0.000  12.874 0.000
158.208333 159.208333  31.810 0.000  18.276 0.000
161.208333 162.208333  16.378 0.000   9.243 0.000
164.208333 165.208333 999.999 0.456   3.376 0.000
167.208333 168.208333  17.817 0.000   9.390 0.000
170.208333 171.208333  22.427 0.000  13.441 0.000
173.208333 174.208333  13.136 0.000   7.943 0.000
176.208333 177.208333  13.200 0.000   9.042 0.000
179.208333 180.208333  10.198 0.000   4.730 0.000
182.208333 183.208333  26.834 0.000  20.864 0.000
185.208333 186.208333  19.560 0.000   8.917 0.000
188.208333 189.208333 999.999 0.999  22.537 0.000
191.208333 192.208333 999.999 0.999  13.728 0.000
194.208333 195.208333  13.205 0.000   6.415 0.000
197.208333 198.208333  21.821 0.000  17.849 0.000
200.208333 201.208333  25.736 0.000  20.510 0.000
203.208333 204.208333  26.702 0.000  15.188 0.000
206.208333 207.208333  30.773 0.000  10.426 0.000
209.208333 210.208333  31.567 0.000  17.339 0.000
212.208333 213.208333  29.653 0.000  16.678 0.000
215.208333 216.208333  22.962 0.000  11.816 0.000
218.208333 219.208333  25.668 0.000  13.802 0.000
221.208333 222.208333  12.621 0.000   5.904 0.000
224.208333 225.208333  24.062 0.000  16.311 0.000
227.208333 228.208333  18.422 0.000   7.721 0.000
230.208333 231.208333  33.450 0.000  22.806 0.000
233.208333 234.208333  13.472 0.000   4.166 0.000
236.208333 237.208333  17.684 0.000   7.885 0.000
239.208333 240.208333  19.429 0.000  10.243 0.000
242.208333 243.208333  25.399 0.000  15.560 0.000
245.208333 246.208333  30.601 0.000  21.317 0.000
248.208333 249.208333   8.421 0.000   3.483 0.000
251.208333 252.208333  12.592 0.000   8.603 0.000
254.208333 255.208333  15.427 0.000  10.911 0.000
257.208333 258.208333  13.538 0.000   5.720 0.000
260.208333 261.208333  14.851 0.000   6.883 0.000
263.208333 264.208333  12.148 0.000   6.737 0.000
266.208333 267.208333  10.306 0.000   5.768 0.000
269.208333 270.208333  14.612 0.000   8.520 0.000
272.208333 273.208333   6.701 0.000   2.387 0.000
275.208333 276.208333   5.378 0.000   3.424 0.000
278.208333 279.208333  22.320 0.000  11.027 0.000
281.208333 282.208333  23.618 0.000   8.619 0.000
284.208333 285.208333  17.394 0.000   7.221 0.000
287.208333 288.208333 999.999 0.999 999.999 0.999
290.208333 291.208333  20.161 0.000   3.622 0.000
293.208333 294.208333   8.528 0.000   3.516 0.000
296.208333 297.208333  17.995 0.000  10.300 0.000
299.208333 300.208333   4.140 0.000   2.810 0.000
302.208333 303.208333   8.600 0.000   6.205 0.000
305.208333 306.208333  15.786 0.000   6.551 0.000
308.208333 309.208333  10.150 0.000   3.553 0.000
311.208333 312.208333  23.264 0.000   5.275 0.000
314.208333 315.208333  13.436 0.000   5.696 0.000
317.208333 318.208333  17.912 0.000   6.832 0.000
320.208333 321.208333   7.718 0.000   3.128 0.000
323.208333 324.208333  54.765 0.000   6.671 0.000
326.208333 327.208333 999.999 0.999 999.999 0.999
329.208333 330.208333   8.069 0.000   4.696 0.000
332.208333 333.208333   3.274 0.000   1.898 0.000
335.208333 336.208333  14.656 0.000  11.645 0.000
338.208333 339.208333   9.641 0.000   6.662 0.000
341.208333 342.208333  10.675 0.000   8.903 0.000
344.208333 345.208333  10.283 0.000   7.148 0.000
347.208333 348.208333  10.678 0.000   8.129 0.000
350.208333 351.208333   6.560 0.000   5.055 0.000
353.208333 354.208333   7.294 0.000   5.271 0.000
356.208333 357.208333   5.623 0.000   4.452 0.000
359.208333 360.208333   3.784 0.000   2.599 0.000
362.208333 363.208333   5.840 0.000   3.896 0.000
