scripts/IMPROVE-2019_partial/data/US9020R.20030103080000.20191216000000.filterpack..pm25.1y.1w.US03L_filterpack_US9020.US03L_IMPROVE_Davis.lev2.nas
66 1001
MISSING INFORMATION
US03L, IMPROVE, , , , , , , 
MISSING INFORMATION
IMPROVE sel_HTAP
1 1
2003 01 01 2019 12 16
3.000000
days from file reference point
27
1 1 1 1 1 1 1 1 1 1 1 1 1 1 1 1 1 1 1 1 1 1 1 1 1 1 1
999.999999 9999.99 9.999 99.99 9.999 9.999 9.999999 9.99 9.999 9.999 9.999999 999.999 9.999 999.999 9.999 99.99 9.999999 999.999 9.999 999.999 9.999 999.999 9.999 9.999 9.999 9.999 9.999
end_time of measurement, days from the file reference point
iron, ng/m3, Revision date=20181210133000
numflag iron, no unit, Revision date=20181210133000
lead, ng/m3, Revision date=20181210133000
numflag lead, no unit, Revision date=20181210133000
magnesium, ug/m3, Revision date=20181210133000
numflag magnesium, no unit, Revision date=20181210133000
nickel, ng/m3, Revision date=20181210133000
numflag nickel, no unit, Revision date=20181210133000
nitrate, ug N/m3, Revision date=20181210133000
numflag nitrate, no unit, Revision date=20181210133000
organic_carbon, ug C/m3, Revision date=20181210133000
numflag organic_carbon, no unit, Revision date=20181210133000
organic_mass, ug/m3, Revision date=20181210133000
numflag organic_mass, no unit, Revision date=20181210133000
phosphorus, ng/m3, Revision date=20181210133000
numflag phosphorus, no unit, Revision date=20181210133000
pm10_mass, ug/m3, Version=2, Version description=Data extracted from http://views.cira.colostate.edu/fed/DataWizard 2019-12-16, Sample duration=1d, Orig. time res.=3d, Matrix=pm10, Blank correction=Blank corrected, Volume std. temperature=ambient, Volume std. pressure=ambient
numflag pm10_mass, no unit, Version=2, Version description=Data extracted from http://views.cira.colostate.edu/fed/DataWizard 2019-12-16, Sample duration=1d, Orig. time res.=3d, Matrix=pm10, Blank correction=Blank corrected, Volume std. temperature=ambient, Volume std. pressure=ambient
pm10_pm25_mass, ug/m3, Revision date=20181210133000, Matrix=pm10_pm25
numflag pm10_pm25_mass, no unit, Revision date=20181210133000, Matrix=pm10_pm25
pm25_mass, ug/m3, Version=2, Version description=Data extracted from http://views.cira.colostate.edu/fed/DataWizard 2019-12-16, Sample duration=1d, Orig. time res.=3d, Blank correction=Blank corrected, Volume std. temperature=ambient, Volume std. pressure=ambient
numflag pm25_mass, no unit, Version=2, Version description=Data extracted from http://views.cira.colostate.edu/fed/DataWizard 2019-12-16, Sample duration=1d, Orig. time res.=3d, Blank correction=Blank corrected, Volume std. temperature=ambient, Volume std. pressure=ambient
potassium, ug/m3, Revision date=20181210133000
numflag potassium, no unit, Revision date=20181210133000
sulphate_total, ug S/m3, Revision date=20181210133000
numflag sulphate_total, no unit, Revision date=20181210133000
0
25
Data definition:              EBAS_1.1
Set type code:                TU
Timezone:                     UTC
File name:                    US9020R.20030103080000.20191216000000.filterpack..pm25.1y.1w.US03L_filterpack_US9020.US03L_IMPROVE_Davis.lev2.nas
File creation:                20191218120626
Startdate:                    20030103080000
Revision date:                20191216000000
Statistics:                   arithmetic mean
Data level:                   2
Period code:                  1y
Resolution code:              1w
Station code:                 US9020R
Platform code:                US9020S
Station name:                 Mount Hood
Station latitude:             45.2888
Station longitude:            -121.7837
Station altitude:             1531.0 m
Regime:                       IMG
Component:                    
Matrix:                       pm25
Laboratory code:              US03L
Instrument type:              filterpack
Instrument name:              filterpack_US9020
Method ref:                   US03L_IMPROVE_Davis
starttime endtime Fe flag_Fe Pb flag_Pb Mg++ flag_Mg++ Ni flag_Ni NO3- flag_NO3- OC flag_OC OM flag_OM P flag_P PM10 flag_PM10 PM10-PM2.5 flag_PM10-PM2.5 PM2.5 flag_PM2.5 K+ flag_K+ SO4-- flag_SO4--
[from data line 81]
245.333333 246.333333  112.67 0.000  1.10 0.000 0.049 0.000000 0.17 0.000 0.052 0.559000  10.871 0.000  15.220 0.000 99.99 0.259000  32.222 0.559   9.943 0.000  22.279 0.000 0.108 0.000 0.293 0.559
248.333333 249.333333  120.00 0.000  0.50 0.000 9.999 0.259000 0.12 0.000 0.092 0.559000   6.201 0.000   8.681 0.000 99.99 0.259000  34.589 0.000  21.441 0.000  13.148 0.000 0.206 0.000 0.294 0.559
251.333333 252.333333    1.49 0.000  0.16 0.000 0.033 0.000000 0.04 0.000 0.008 0.559000   0.705 0.000   0.987 0.000 99.99 0.259000   1.464 0.000   0.200 0.000   1.264 0.000 0.007 0.000 0.047 0.559
254.333333 255.333333    6.85 0.000  0.25 0.000 0.039 0.000000 9.99 0.259 0.072 0.559000   0.381 0.000   0.533 0.000 99.99 0.259000   3.932 0.000   1.687 0.000   2.246 0.000 0.012 0.000 0.185 0.559
257.333333 258.333333    7.66 0.000  0.36 0.000 0.032 0.000000 0.11 0.000 0.053 0.559000   0.422 0.000   0.591 0.000 99.99 0.259000   2.904 0.000   0.669 0.000   2.235 0.000 0.011 0.000 0.186 0.559
260.333333 261.333333    6.90 0.000  0.33 0.000 9.999 0.259000 9.99 0.259 0.012 0.559000   0.543 0.000   0.760 0.000 99.99 0.259000   2.259 0.000   0.656 0.000   1.603 0.000 0.012 0.000 0.066 0.559
263.333333 264.333333   10.43 0.000  0.50 0.000 9.999 0.259000 0.08 0.000 0.012 0.559000   0.559 0.000   0.783 0.000 99.99 0.259000   3.327 0.000   1.479 0.000   1.848 0.000 0.014 0.000 0.122 0.559
266.333333 267.333333   68.27 0.000  0.55 0.000 9.999 0.259000 0.11 0.000 0.018 0.559000   1.618 0.000   2.265 0.000 99.99 0.259000   6.317 0.000   1.747 0.000   4.569 0.000 0.030 0.000 0.085 0.559
269.333333 270.333333   37.50 0.000  0.24 0.000 9.999 0.259000 9.99 0.259 0.007 0.559000   0.621 0.000   0.869 0.000 99.99 0.259000   8.628 0.000   6.413 0.000   2.215 0.000 0.017 0.000 0.062 0.559
272.333333 273.333333   86.28 0.000  0.38 0.000 9.999 0.259000 0.07 0.000 0.023 0.559000   1.713 0.000   2.398 0.000 99.99 0.259000  13.051 0.000   6.910 0.000   6.140 0.000 0.043 0.000 0.237 0.559
275.333333 276.333333   95.20 0.000  0.78 0.000 0.030 0.000000 9.99 0.259 0.026 0.559000   3.014 0.000   4.220 0.000 99.99 0.259000  16.883 0.000   8.513 0.000   8.370 0.000 0.055 0.000 0.292 0.559
278.333333 279.333333   23.75 0.000  0.36 0.000 9.999 0.259000 9.99 0.259 0.020 0.559000   1.463 0.000   2.048 0.000 99.99 0.259000   6.650 0.000   2.441 0.000   4.209 0.000 0.026 0.000 0.177 0.559
281.333333 282.333333   10.52 0.000  0.23 0.000 9.999 0.259000 0.10 0.000 0.003 0.559000 999.999 0.259 999.999 0.259 99.99 0.259000   1.297 0.000   0.185 0.000   1.112 0.000 0.006 0.000 0.053 0.559
284.333333 285.333333   11.44 0.000  0.21 0.000 9.999 0.259000 0.20 0.000 9.999 0.559259 999.999 0.259 999.999 0.259 99.99 0.259000   1.852 0.000   0.415 0.000   1.437 0.000 0.011 0.000 0.042 0.559
287.333333 288.333333    3.64 0.000  0.22 0.000 0.027 0.000000 9.99 0.259 0.022 0.559000   0.780 0.000   1.092 0.000 99.99 0.259000   3.345 0.000   0.646 0.000   2.699 0.000 0.027 0.000 0.078 0.559
290.333333 291.333333   26.98 0.000  0.85 0.000 9.999 0.259000 0.08 0.000 0.012 0.559000   1.073 0.000   1.502 0.000 99.99 0.259000   5.112 0.000   1.836 0.000   3.277 0.000 0.031 0.000 0.169 0.559
293.333333 294.333333    9.51 0.000  0.26 0.000 9.999 0.259000 9.99 0.259 0.002 0.559000   0.584 0.000   0.817 0.000 99.99 0.259000   4.101 0.000   2.511 0.000   1.589 0.000 0.022 0.000 0.034 0.559
296.333333 297.333333   12.38 0.000  0.37 0.000 9.999 0.259000 0.19 0.000 0.041 0.000000   0.650 0.000   0.910 0.000 99.99 0.259000   6.659 0.000   4.263 0.000   2.396 0.000 0.023 0.000 0.083 0.000
299.333333 300.333333    5.86 0.000  0.58 0.000 9.999 0.259000 9.99 0.259 0.004 0.000000   0.487 0.000   0.682 0.000 99.99 0.259000   1.520 0.000   0.541 0.000   0.979 0.000 0.010 0.000 0.031 0.000
302.333333 303.333333   83.08 0.000 99.99 0.259 9.999 0.259000 0.10 0.000 0.031 0.000000   0.537 0.000   0.752 0.000 99.99 0.259000  14.716 0.000  11.584 0.000   3.131 0.000 0.041 0.000 0.103 0.000
305.333333 306.333333   26.65 0.000  0.27 0.000 9.999 0.259000 9.99 0.259 0.045 0.000000   0.926 0.000   1.296 0.000 99.99 0.259000   4.117 0.000   1.239 0.000   2.878 0.000 0.025 0.000 0.156 0.000
308.333333 309.333333   18.14 0.000  0.78 0.000 9.999 0.259000 9.99 0.259 0.194 0.000000   2.529 0.000   3.540 0.000 99.99 0.259000   7.110 0.000   0.259 0.000   6.851 0.000 0.057 0.000 0.304 0.000
311.333333 312.333333   19.81 0.000  0.87 0.000 9.999 0.259000 9.99 0.259 0.252 0.000000   2.537 0.000   3.551 0.000 99.99 0.259000   7.110 0.000   0.851 0.000   6.259 0.000 0.057 0.000 0.187 0.000
314.333333 315.333333    0.69 0.000 99.99 0.259 0.034 0.000000 9.99 0.259 0.005 0.000000   0.060 0.000   0.084 0.000 99.99 0.259000   0.533 0.000   0.099 0.000   0.435 0.000 0.005 0.000 0.011 0.000
317.333333 318.333333   12.23 0.000  0.98 0.000 9.999 0.259000 0.17 0.000 0.177 0.000000   3.266 0.000   4.573 0.000 99.99 0.259000   7.108 0.000   0.288 0.000   6.819 0.000 0.066 0.000 0.192 0.000
320.333333 321.333333    1.36 0.000  0.18 0.000 0.037 0.000000 0.07 0.000 0.002 0.000000   0.041 0.000   0.057 0.000 99.99 0.259000   0.776 0.000   0.001 0.000   0.775 0.000 0.006 0.000 0.014 0.000
323.333333 324.333333    0.74 0.000  0.23 0.000 9.999 0.259000 9.99 0.259 0.007 0.000000   0.174 0.000   0.243 0.000 99.99 0.259000   0.616 0.000 999.999 0.259   0.806 0.000 0.008 0.000 0.019 0.000
326.333333 327.333333    1.02 0.000 99.99 0.259 0.049 0.000000 0.12 0.000 0.000 0.000000 999.999 0.259 999.999 0.259 99.99 0.259000   0.323 0.000   0.111 0.000   0.212 0.000 0.004 0.000 0.007 0.000
329.333333 330.333333    0.76 0.000  0.32 0.000 0.041 0.000000 0.09 0.000 0.003 0.000000 999.999 0.259 999.999 0.259 99.99 0.259000   0.690 0.000   0.262 0.000   0.428 0.000 0.004 0.000 0.030 0.000
332.333333 333.333333    1.12 0.000  0.26 0.000 0.033 0.000000 0.10 0.000 0.001 0.000000 999.999 0.259 999.999 0.259 99.99 0.259000   0.325 0.000   0.325 0.000 999.999 0.259 0.004 0.000 0.006 0.000
335.333333 336.333333    0.35 0.000  0.40 0.000 9.999 0.259000 9.99 0.259 0.001 0.000000   0.050 0.000   0.070 0.000 99.99 0.259000   0.533 0.000   0.285 0.000   0.248 0.000 0.007 0.000 0.009 0.000
338.333333 339.333333    0.17 0.000  0.15 0.000 0.095 0.000000 9.99 0.259 0.002 0.000000   0.060 0.000   0.084 0.000  1.60 0.000000   0.365 0.000   0.120 0.000   0.246 0.000 0.009 0.000 0.003 0.000
341.333333 342.333333    0.27 0.000 99.99 0.259 0.088 0.000000 0.09 0.000 0.003 0.000000   0.159 0.000   0.223 0.000 99.99 0.259000   0.447 0.000   0.202 0.000   0.245 0.000 9.999 0.259 0.002 0.000
344.333333 345.333333    0.55 0.000  0.21 0.000 0.081 0.000000 0.17 0.000 0.003 0.000000   0.367 0.000   0.514 0.000 99.99 0.259000   0.654 0.000   0.070 0.000   0.584 0.000 0.010 0.000 0.009 0.000
347.333333 348.333333    0.32 0.000  0.14 0.000 0.079 0.000000 9.99 0.259 0.003 0.000000 999.999 0.259 999.999 0.259 99.99 0.259000   0.654 0.000   0.222 0.000   0.432 0.000 0.006 0.000 0.008 0.000
350.333333 351.333333    1.43 0.000  0.25 0.000 0.064 0.000000 9.99 0.259 0.003 0.000000   0.244 0.000   0.341 0.000 99.99 0.259000   0.731 0.000   0.058 0.000   0.673 0.000 0.006 0.000 0.011 0.000
353.333333 354.333333    1.66 0.000  0.13 0.000 9.999 0.259000 0.09 0.000 0.008 0.000000   0.124 0.000   0.173 0.000 99.99 0.259000   0.449 0.000   0.019 0.000   0.430 0.000 9.999 0.259 0.014 0.000
356.333333 357.333333    5.58 0.000  0.35 0.000 9.999 0.259000 9.99 0.259 0.041 0.000000   0.393 0.000   0.551 0.000 99.99 0.259000   1.847 0.000   0.724 0.000   1.123 0.000 0.010 0.000 0.048 0.000
359.333333 360.333333    0.48 0.000  0.21 0.000 9.999 0.259000 0.08 0.000 0.004 0.000000   0.014 0.000   0.019 0.000 99.99 0.259000   0.853 0.000   0.207 0.000   0.645 0.000 0.004 0.000 0.019 0.000
362.333333 363.333333    0.97 0.000  0.19 0.000 0.092 0.000000 9.99 0.259 0.013 0.000000   0.063 0.000   0.088 0.000 99.99 0.259000   0.528 0.000   0.156 0.000   0.372 0.000 9.999 0.259 0.017 0.000
