scripts/IMPROVE-2019_partial/data/US9063R.20000126070000.20191216000000.filterpack..pm25.11mo.1w.US03L_filterpack_US9063.US03L_IMPROVE_Davis.lev2.nas
64 1001
MISSING INFORMATION
US03L, IMPROVE, , , , , , , 
MISSING INFORMATION
IMPROVE sel_HTAP
1 1
2000 01 01 2019 12 16
0
days from file reference point
25
1 1 1 1 1 1 1 1 1 1 1 1 1 1 1 1 1 1 1 1 1 1 1 1 1
999.999999 9999.99 9.999999 99.99 9.999999 9.999 9.999999999 99.99 9.999999999 9.999 9.999999 999.999 9.999 999.999 9.999 999.999 9.999 999.999 9.999 999.999 9.999 9.999 9.999999 9.999 9.999999
end_time of measurement, days from the file reference point
iron, ng/m3, Revision date=20181210133000
numflag iron, no unit, Revision date=20181210133000
lead, ng/m3, Revision date=20181210133000
numflag lead, no unit, Revision date=20181210133000
magnesium, ug/m3, Revision date=20181210133000
numflag magnesium, no unit, Revision date=20181210133000
nickel, ng/m3, Revision date=20181210133000
numflag nickel, no unit, Revision date=20181210133000
nitrate, ug N/m3, Revision date=20181210133000
numflag nitrate, no unit, Revision date=20181210133000
organic_carbon, ug C/m3, Revision date=20181210133000
numflag organic_carbon, no unit, Revision date=20181210133000
organic_mass, ug/m3, Revision date=20181210133000
numflag organic_mass, no unit, Revision date=20181210133000
pm10_mass, ug/m3, Version=2, Version description=Data extracted from http://views.cira.colostate.edu/fed/DataWizard 2019-12-16, Sample duration=1d, Orig. time res.=3d, Matrix=pm10, Blank correction=Blank corrected, Volume std. temperature=ambient, Volume std. pressure=ambient
numflag pm10_mass, no unit, Version=2, Version description=Data extracted from http://views.cira.colostate.edu/fed/DataWizard 2019-12-16, Sample duration=1d, Orig. time res.=3d, Matrix=pm10, Blank correction=Blank corrected, Volume std. temperature=ambient, Volume std. pressure=ambient
pm10_pm25_mass, ug/m3, Revision date=20181210133000, Matrix=pm10_pm25
numflag pm10_pm25_mass, no unit, Revision date=20181210133000, Matrix=pm10_pm25
pm25_mass, ug/m3, Version=2, Version description=Data extracted from http://views.cira.colostate.edu/fed/DataWizard 2019-12-16, Sample duration=1d, Orig. time res.=3d, Blank correction=Blank corrected, Volume std. temperature=ambient, Volume std. pressure=ambient
numflag pm25_mass, no unit, Version=2, Version description=Data extracted from http://views.cira.colostate.edu/fed/DataWizard 2019-12-16, Sample duration=1d, Orig. time res.=3d, Blank correction=Blank corrected, Volume std. temperature=ambient, Volume std. pressure=ambient
potassium, ug/m3, Revision date=20181210133000
numflag potassium, no unit, Revision date=20181210133000
sulphate_total, ug S/m3, Revision date=20181210133000
numflag sulphate_total, no unit, Revision date=20181210133000
0
25
Data definition:              EBAS_1.1
Set type code:                TI
Timezone:                     UTC
File name:                    US9063R.20000126070000.20191216000000.filterpack..pm25.11mo.1w.US03L_filterpack_US9063.US03L_IMPROVE_Davis.lev2.nas
File creation:                20191218120942
Startdate:                    20000126070000
Revision date:                20191216000000
Statistics:                   arithmetic mean
Data level:                   2
Period code:                  11mo
Resolution code:              1w
Station code:                 US9063R
Platform code:                US9063S
Station name:                 UL Bend
Station latitude:             47.5823
Station longitude:            -108.7196
Station altitude:             891.0 m
Regime:                       IMG
Component:                    
Matrix:                       pm25
Laboratory code:              US03L
Instrument type:              filterpack
Instrument name:              filterpack_US9063
Method ref:                   US03L_IMPROVE_Davis
starttime endtime Fe flag_Fe Pb flag_Pb Mg++ flag_Mg++ Ni flag_Ni NO3- flag_NO3- OC flag_OC OM flag_OM PM10 flag_PM10 PM10-PM2.5 flag_PM10-PM2.5 PM2.5 flag_PM2.5 K+ flag_K+ SO4-- flag_SO4--
 25.291667  26.291667 9999.99 0.999000 99.99 0.999000 9.999 0.999000000 99.99 0.999000000 9.999 0.456000 999.999 0.999 999.999 0.999 999.999 0.999 999.999 0.999 999.999 0.999 9.999 0.999000 9.999 0.456000
 28.291667  29.291667    8.39 0.559000  0.47 0.559000 9.999 0.559259000  1.32 0.559000000 0.034 0.559000   1.521 0.000   2.130 0.000 999.999 0.999 999.999 0.999   3.090 0.559 0.016 0.559000 0.092 0.559000
 32.291667  33.291667    3.77 0.559000 99.99 0.559259 9.999 0.559259000  0.79 0.559000000 0.003 0.000000   0.292 0.000   0.408 0.000 999.999 0.999 999.999 0.999   0.295 0.559 0.006 0.559000 0.015 0.000000
 35.291667  36.291667    7.93 0.559000  0.50 0.559000 9.999 0.559259000 99.99 0.559259000 0.121 0.559000   0.752 0.000   1.052 0.000 999.999 0.999 999.999 0.999   2.712 0.559 0.016 0.559000 0.242 0.559000
 39.291667  40.291667    6.50 0.559000  0.31 0.559000 0.026 0.559000000 99.99 0.559259000 0.075 0.699000   0.482 0.000   0.675 0.000   2.658 0.000   0.071 0.000   2.587 0.559 0.009 0.559000 0.167 0.699000
 42.291667  43.291667 9999.99 0.999000 99.99 0.999000 9.999 0.999000000 99.99 0.999000000 9.999 0.999000 999.999 0.999 999.999 0.999 999.999 0.999 999.999 0.999 999.999 0.999 9.999 0.999000 9.999 0.999000
 46.291667  47.291667    6.61 0.559000  0.92 0.559000 0.017 0.559000000 99.99 0.559259000 0.074 0.559000   1.068 0.000   1.495 0.000   5.850 0.000   0.396 0.000   5.454 0.559 0.023 0.559000 0.702 0.559000
 49.291667  50.291667    5.00 0.559000  0.36 0.559000 9.999 0.559259000 99.99 0.559259000 0.037 0.559000   0.701 0.000   0.981 0.000   2.104 0.000   0.762 0.000   1.342 0.559 0.008 0.559000 0.098 0.559000
 53.291667  54.291667    8.19 0.559000  0.49 0.559000 9.999 0.559259000 99.99 0.559259000 0.018 0.559000   0.784 0.000   1.098 0.000   2.778 0.000   0.341 0.000   2.437 0.559 0.013 0.559000 0.100 0.559000
 56.291667  57.291667    4.26 0.559000 99.99 0.559259 9.999 0.559259000 99.99 0.559259000 0.025 0.559000   0.426 0.000   0.596 0.000   3.072 0.000   1.921 0.000   1.152 0.559 0.010 0.559000 0.081 0.559000
 60.291667  61.291667    9.98 0.559000  0.44 0.559000 9.999 0.559259000 99.99 0.559259000 0.041 0.559000   0.550 0.000   0.770 0.000   4.251 0.000   1.466 0.000   2.784 0.559 0.019 0.559000 0.251 0.559000
 63.291667  64.291667    8.18 0.559000  0.57 0.559000 9.999 0.559259000 99.99 0.559259000 0.009 0.000000   0.411 0.000   0.576 0.000   3.535 0.000   2.059 0.000   1.476 0.559 0.012 0.559000 0.058 0.000000
 67.291667  68.291667    4.06 0.000000  0.34 0.000000 9.999 0.259000000 99.99 0.259000000 0.011 0.000000   0.221 0.000   0.310 0.000   4.365 0.000   1.677 0.000   2.688 0.000 0.010 0.000000 0.546 0.000000
 70.291667  71.291667   10.76 0.000000  1.00 0.000000 9.999 0.259000000 99.99 0.259000000 0.129 0.000000   0.555 0.000   0.777 0.000   5.516 0.000   1.265 0.000   4.251 0.000 0.017 0.000000 0.717 0.000000
 74.291667  75.291667    9.32 0.559000  0.26 0.559000 9.999 0.559259000 99.99 0.559259000 0.037 0.000000   0.360 0.000   0.504 0.000   4.100 0.000   0.762 0.000   3.337 0.559 0.016 0.559000 0.579 0.000000
 77.291667  78.291667    3.83 0.559000  0.39 0.559000 0.007 0.559000000 99.99 0.559259000 0.012 0.000000   0.128 0.000   0.178 0.000   1.422 0.000   0.849 0.000   0.573 0.559 0.005 0.559000 0.057 0.000000
 81.291667  82.291667   24.61 0.559000  0.99 0.559000 9.999 0.559259000 99.99 0.559259000 0.017 0.559000   0.423 0.000   0.592 0.000   5.036 0.000   2.264 0.000   2.771 0.559 0.028 0.559000 0.182 0.559000
 84.291667  85.291667   14.91 0.559000  0.89 0.559000 0.011 0.559000000 99.99 0.559259000 0.018 0.000000   0.653 0.000   0.915 0.000   3.574 0.000   1.027 0.000   2.546 0.559 0.028 0.559000 0.165 0.000000
 88.291667  89.291667    6.23 0.559000 99.99 0.559259 9.999 0.559259000 99.99 0.559259000 0.014 0.559000   0.527 0.000   0.738 0.000   1.747 0.000   0.655 0.000   1.091 0.559 0.006 0.559000 0.122 0.559000
 91.291667  92.291667   26.99 0.559000  0.74 0.559000 9.999 0.559259000 99.99 0.559259000 0.026 0.559000   0.298 0.000   0.417 0.000   4.075 0.000   1.492 0.000   2.583 0.559 0.026 0.559000 0.224 0.559000
 95.291667  96.291667 9999.99 0.999000 99.99 0.999000 9.999 0.999000000 99.99 0.999000000 9.999 0.999000 999.999 0.999 999.999 0.999 999.999 0.999 999.999 0.999 999.999 0.999 9.999 0.999000 9.999 0.999000
 98.291667  99.291667   30.10 0.000000  0.78 0.000000 0.013 0.000000000 99.99 0.259000000 0.019 0.000000   0.583 0.000   0.816 0.000   4.735 0.000   2.261 0.000   2.473 0.000 0.023 0.000000 0.170 0.000000
102.291667 103.291667   53.07 0.559000  1.03 0.559000 9.999 0.559259000 99.99 0.559259000 0.027 0.000000   0.736 0.000   1.030 0.000   8.095 0.000   3.521 0.000   4.574 0.559 0.046 0.559000 0.457 0.000000
105.291667 106.291667    9.20 0.559000  1.04 0.559000 0.009 0.559000000 99.99 0.559259000 0.057 0.000000   0.235 0.000   0.328 0.000   4.808 0.000   0.501 0.000   4.307 0.559 0.010 0.559000 0.722 0.000000
109.291667 110.291667   54.54 0.559000  1.08 0.559000 9.999 0.559259000 99.99 0.559259000 0.040 0.000000   0.474 0.000   0.663 0.000   9.007 0.000   5.029 0.000   3.978 0.559 0.044 0.559000 0.478 0.000000
112.291667 113.291667   65.77 0.559000  0.96 0.559000 9.999 0.559259000 99.99 0.559259000 0.029 0.000000   1.235 0.000   1.729 0.000   8.586 0.000   4.305 0.000   4.281 0.559 0.049 0.559000 0.223 0.000000
116.291667 117.291667   32.26 0.559000  0.59 0.559000 9.999 0.559259000 99.99 0.559259000 0.017 0.000000   0.371 0.000   0.520 0.000   6.780 0.000   4.710 0.000   2.070 0.559 0.030 0.559000 0.161 0.000000
119.291667 120.291667   15.87 0.559000  0.46 0.559000 9.999 0.559259000 99.99 0.559259000 0.026 0.000000   0.272 0.000   0.381 0.000   3.821 0.000   2.286 0.000   1.536 0.559 0.016 0.559000 0.173 0.000000
123.291667 124.291667  123.03 0.559000  1.65 0.559000 9.999 0.559259000 99.99 0.559259000 0.029 0.000000   0.786 0.000   1.100 0.000  10.539 0.000   4.763 0.000   5.776 0.559 0.091 0.559000 0.200 0.000000
126.291667 127.291667   59.92 0.559000  1.25 0.559000 9.999 0.559259000 99.99 0.559259000 0.019 0.000000   0.741 0.000   1.037 0.000   6.087 0.000   2.514 0.000   3.572 0.559 0.050 0.559000 0.205 0.000000
130.291667 131.291667   26.62 0.559000  0.60 0.559000 9.999 0.559259000 99.99 0.559259000 0.009 0.000000   0.334 0.000   0.468 0.000   4.397 0.000   2.016 0.000   2.381 0.559 0.020 0.559000 0.088 0.000000
133.291667 134.291667   10.61 0.559000  0.63 0.559000 0.008 0.559000000 99.99 0.559259000 0.034 0.000000   0.642 0.000   0.898 0.000   3.904 0.000   0.498 0.000   3.406 0.559 0.022 0.559000 0.340 0.000000
137.291667 138.291667   61.18 0.559000  1.63 0.559000 9.999 0.559259000 99.99 0.559259000 0.051 0.000000   1.972 0.000   2.761 0.000  14.094 0.000   7.184 0.000   6.911 0.559 0.080 0.559000 0.486 0.000000
140.291667 141.291667   40.56 0.559000  0.78 0.559000 9.999 0.559259000 99.99 0.559259000 0.017 0.000000   1.050 0.000   1.470 0.000   6.575 0.000   3.203 0.000   3.372 0.559 0.037 0.559000 0.210 0.000000
144.291667 145.291667 9999.99 0.999000 99.99 0.999000 9.999 0.999000000 99.99 0.999000000 9.999 0.999000 999.999 0.999 999.999 0.999 999.999 0.999 999.999 0.999 999.999 0.999 9.999 0.999000 9.999 0.999000
147.291667 148.291667   39.80 0.559000  1.22 0.559000 9.999 0.559259000 99.99 0.559259000 0.016 0.000000   0.630 0.000   0.882 0.000   7.026 0.000   3.913 0.000   3.113 0.559 0.037 0.559000 0.225 0.000000
151.291667 152.291667   24.42 0.000000  0.16 0.000000 9.999 0.259000000 99.99 0.259000000 0.012 0.000000   0.498 0.000   0.698 0.000   4.151 0.000   1.643 0.000   2.508 0.000 0.019 0.000000 0.192 0.000000
154.291667 155.291667   12.46 0.559000  0.06 0.559000 0.004 0.559000000 99.99 0.559259000 0.008 0.000000   0.604 0.000   0.846 0.000   4.550 0.000   1.974 0.000   2.576 0.559 0.009 0.559000 0.223 0.000000
158.291667 159.291667   58.32 0.559000  0.42 0.559000 9.999 0.559259000 99.99 0.559259000 0.018 0.000000   1.392 0.000   1.949 0.000  12.255 0.000   6.772 0.000   5.482 0.559 0.034 0.559000 0.285 0.000000
161.291667 162.291667   13.41 0.559000 99.99 0.559259 9.999 0.559259000 99.99 0.559259000 0.006 0.000000   0.359 0.000   0.502 0.000   3.595 0.000   1.801 0.000   1.794 0.559 0.013 0.559000 0.086 0.000000
165.291667 166.291667    9.67 0.559000  0.59 0.559000 0.009 0.559000000  0.10 0.559000000 0.006 0.559000   0.503 0.000   0.704 0.000   4.356 0.000   2.523 0.000   1.833 0.559 0.011 0.559000 0.107 0.559000
168.291667 169.291667   15.48 0.559000 99.99 0.559259 9.999 0.559259000 99.99 0.559259000 0.015 0.559000   0.440 0.000   0.615 0.000   3.369 0.000   0.453 0.000   2.917 0.559 0.016 0.559000 0.252 0.559000
172.291667 173.291667   20.85 0.559000 99.99 0.559259 9.999 0.559259000 99.99 0.559259000 0.019 0.559000   0.651 0.000   0.912 0.000   5.433 0.000   2.427 0.000   3.006 0.559 0.020 0.559000 0.134 0.559000
175.291667 176.291667   25.81 0.559000  0.20 0.559000 9.999 0.559259000 99.99 0.559259000 0.014 0.559000   0.638 0.000   0.893 0.000   6.413 0.000   2.889 0.000   3.524 0.559 0.018 0.559000 0.187 0.559000
179.291667 180.291667   16.00 0.559000 99.99 0.559259 9.999 0.559259000 99.99 0.559259000 0.008 0.559000   0.770 0.000   1.078 0.000   6.061 0.000   3.270 0.000   2.791 0.559 0.012 0.559000 0.233 0.559000
182.291667 183.291667   38.46 0.559000 99.99 0.559259 9.999 0.559259000 99.99 0.559259000 0.015 0.559000   1.828 0.000   2.559 0.000   8.751 0.000   3.700 0.000   5.051 0.559 0.060 0.559000 0.152 0.559000
186.291667 187.291667   24.32 0.559000 99.99 0.559259 9.999 0.559259000 99.99 0.559259000 0.014 0.559000   0.881 0.000   1.233 0.000   5.588 0.000   2.520 0.000   3.068 0.559 0.029 0.559000 0.121 0.559000
189.291667 190.291667   19.17 0.559394  0.31 0.559394 9.999 0.559394259 99.99 0.559394259 0.011 0.559394   0.950 0.000   1.330 0.000   5.368 0.000   2.655 0.000   2.713 0.559 0.021 0.559394 0.104 0.559394
193.291667 194.291667   54.40 0.394000  0.09 0.394000 9.999 0.394259000 99.99 0.394259000 0.013 0.559394   1.203 0.000   1.684 0.000   9.346 0.000   5.268 0.000   4.078 0.000 0.032 0.394000 0.119 0.559394
196.291667 197.291667   42.39 0.559000 99.99 0.559259 9.999 0.559259000  1.05 0.559000000 0.015 0.559000   1.285 0.000   1.799 0.000  11.440 0.000   6.257 0.000   5.183 0.559 0.050 0.559000 0.223 0.559000
200.291667 201.291667 9999.99 0.999000 99.99 0.999000 9.999 0.999000000 99.99 0.999000000 9.999 0.999000 999.999 0.999 999.999 0.999 999.999 0.999 999.999 0.999 999.999 0.999 9.999 0.999000 9.999 0.999000
203.291667 204.291667 9999.99 0.999000 99.99 0.999000 9.999 0.999000000 99.99 0.999000000 9.999 0.999000 999.999 0.999 999.999 0.999 999.999 0.999 999.999 0.999 999.999 0.999 9.999 0.999000 9.999 0.999000
207.291667 208.291667   62.72 0.559000  0.43 0.559000 9.999 0.559259000 99.99 0.559259000 0.012 0.559000   2.424 0.000   3.393 0.000  17.909 0.000  11.371 0.000   6.538 0.559 0.044 0.559000 0.280 0.559000
210.291667 211.291667   64.90 0.559000 99.99 0.559259 9.999 0.559259000 99.99 0.559259000 0.013 0.559000   2.143 0.000   3.000 0.000  15.676 0.000  10.425 0.000   5.251 0.559 0.081 0.559000 0.117 0.559000
214.291667 215.291667   88.66 0.559000  0.06 0.559000 9.999 0.559259000 99.99 0.559259000 0.032 0.559000   2.890 0.000   4.046 0.000  18.843 0.000   9.527 0.000   9.317 0.559 0.051 0.559000 0.457 0.559000
217.291667 218.291667   43.82 0.559000 99.99 0.559259 9.999 0.559259000 99.99 0.559259000 0.025 0.559000   5.156 0.000   7.218 0.000  16.813 0.000   4.834 0.000  11.979 0.559 0.079 0.559000 0.355 0.559000
221.291667 222.291667  181.03 0.699000 99.99 0.699259 9.999 0.699259000 99.99 0.699259000 0.024 0.559000   6.580 0.000   9.213 0.000  39.806 0.000  23.353 0.000  16.454 0.699 0.142 0.699000 0.244 0.559000
224.291667 225.291667   47.92 0.559000 99.99 0.559259 9.999 0.559259000 99.99 0.559259000 0.025 0.559000   2.658 0.000   3.721 0.000  10.580 0.000   3.351 0.000   7.229 0.559 0.073 0.559000 0.173 0.559000
228.291667 229.291667   71.91 0.559000 99.99 0.559259 9.999 0.559259000 99.99 0.559259000 0.029 0.559000   4.163 0.000   5.828 0.000  17.198 0.000   7.476 0.000   9.722 0.559 0.069 0.559000 0.253 0.559000
231.291667 232.291667  110.29 0.699000  0.40 0.699000 9.999 0.699259000 99.99 0.699259000 0.100 0.559000  12.827 0.000  17.958 0.000  38.471 0.000  13.821 0.000  24.651 0.699 0.298 0.699000 0.302 0.559000
235.291667 236.291667 9999.99 0.999000 99.99 0.999000 9.999 0.999000000 99.99 0.999000000 9.999 0.999000 999.999 0.999 999.999 0.999 999.999 0.999 999.999 0.999 999.999 0.999 9.999 0.999000 9.999 0.999000
238.291667 239.291667  106.16 0.559000 99.99 0.559259 9.999 0.559259000 99.99 0.559259000 0.072 0.699000  12.524 0.000  17.533 0.000  38.111 0.000   9.494 0.000  28.617 0.559 0.202 0.559000 0.298 0.699000
243.291667 244.291667 9999.99 0.999000 99.99 0.999000 9.999 0.999000000 99.99 0.999000000 9.999 0.999000 999.999 0.999 999.999 0.999 999.999 0.999 999.999 0.999 999.999 0.999 9.999 0.999000 9.999 0.999000
246.291667 247.291667 9999.99 0.999000 99.99 0.999000 9.999 0.999000000 99.99 0.999000000 9.999 0.999000 999.999 0.999 999.999 0.999 999.999 0.999 999.999 0.999 999.999 0.999 9.999 0.999000 9.999 0.999000
249.291667 250.291667 9999.99 0.999000 99.99 0.999000 9.999 0.999000000 99.99 0.999000000 9.999 0.999000 999.999 0.999 999.999 0.999 999.999 0.999 999.999 0.999 999.999 0.999 9.999 0.999000 9.999 0.999000
252.291667 253.291667 9999.99 0.999000 99.99 0.999000 9.999 0.999000000 99.99 0.999000000 9.999 0.999000 999.999 0.999 999.999 0.999 999.999 0.999 999.999 0.999 999.999 0.999 9.999 0.999000 9.999 0.999000
255.291667 256.291667 9999.99 0.999000 99.99 0.999000 9.999 0.999000000 99.99 0.999000000 9.999 0.999000 999.999 0.999 999.999 0.999 999.999 0.999 999.999 0.999 999.999 0.999 9.999 0.999000 9.999 0.999000
258.291667 259.291667   65.82 0.000000  0.38 0.000000 9.999 0.259000000 99.99 0.259000000 0.021 0.000000   1.091 0.000   1.527 0.000  14.385 0.000  10.274 0.000   4.111 0.000 0.043 0.000000 0.254 0.000000
261.291667 262.291667   54.66 0.000000  0.21 0.000000 9.999 0.259000000 99.99 0.259000000 0.026 0.000000   1.403 0.000   1.964 0.000  11.144 0.000   6.525 0.000   4.619 0.000 0.046 0.000000 0.236 0.000000
264.291667 265.291667   10.35 0.559000  0.32 0.559000 9.999 0.559259000 99.99 0.559259000 0.012 0.000000   0.349 0.000   0.488 0.000   1.233 0.000   0.179 0.000   1.053 0.559 0.020 0.559000 0.081 0.000000
267.291667 268.291667    9.19 0.000000  0.22 0.000000 9.999 0.259000000 99.99 0.259000000 0.017 0.000000   0.371 0.000   0.520 0.000   1.920 0.000   0.421 0.000   1.499 0.000 0.014 0.000000 0.161 0.000000
270.291667 271.291667   20.25 0.000000  0.41 0.000000 9.999 0.259000000 99.99 0.259000000 0.016 0.000000   0.946 0.000   1.325 0.000   6.743 0.000   3.600 0.000   3.142 0.000 0.029 0.000000 0.162 0.000000
273.291667 274.291667   19.80 0.000000  0.16 0.000000 9.999 0.259000000 99.99 0.259000000 0.007 0.000000   0.414 0.000   0.580 0.000   4.522 0.000   3.076 0.000   1.446 0.000 0.023 0.000000 0.118 0.000000
276.291667 277.291667    9.12 0.000000  0.44 0.000000 9.999 0.259000000 99.99 0.259000000 0.010 0.000000   0.334 0.000   0.467 0.000   3.966 0.000   1.573 0.000   2.393 0.000 0.010 0.000000 0.182 0.000000
279.291667 280.291667    7.92 0.000000  0.32 0.000000 9.999 0.259000000 99.99 0.259000000 0.044 0.000000   0.305 0.000   0.427 0.000   4.274 0.000   1.470 0.000   2.803 0.000 0.013 0.000000 0.413 0.000000
282.291667 283.291667   28.32 0.559000  0.28 0.559000 9.999 0.559259000 99.99 0.559259000 0.022 0.000000   0.607 0.000   0.850 0.000   7.797 0.000   5.026 0.000   2.771 0.559 0.023 0.559000 0.245 0.000000
285.291667 286.291667   15.48 0.559000  0.18 0.559000 9.999 0.559259000 99.99 0.559259000 0.112 0.000000   0.906 0.000   1.269 0.000   4.427 0.000   0.677 0.000   3.749 0.559 0.063 0.559000 0.370 0.000000
288.291667 289.291667    5.73 0.000000 99.99 0.259000 9.999 0.259000000 99.99 0.259000000 0.015 0.000000   0.627 0.000   0.877 0.000   3.005 0.000   0.985 0.000   2.020 0.000 0.016 0.000000 0.194 0.000000
