scripts/IMPROVE-2019_partial/data/US9072R.20040101080000.20191216000000.filterpack..pm25.52w.1w.US03L_filterpack_US9072.US03L_IMPROVE_Davis.lev2.nas
66 1001
MISSING INFORMATION
US03L, IMPROVE, , , , , , , 
MISSING INFORMATION
IMPROVE sel_HTAP
1 1
2004 01 01 2019 12 16
3.000000
days from file reference point
27
1 1 1 1 1 1 1 1 1 1 1 1 1 1 1 1 1 1 1 1 1 1 1 1 1 1 1
999.999999 9999.99 9.999 999.99 9.999999 9.999 9.999999 99.99 9.999999 99.999 9.999999 99.999 9.999 999.999 9.999 99.99 9.999999 9999.999 9.999 9999.999 9.999 999.999 9.999 9.999 9.999 99.999 9.999999
end_time of measurement, days from the file reference point
iron, ng/m3, Revision date=20181210133000
numflag iron, no unit, Revision date=20181210133000
lead, ng/m3, Revision date=20181210133000
numflag lead, no unit, Revision date=20181210133000
magnesium, ug/m3, Revision date=20181210133000
numflag magnesium, no unit, Revision date=20181210133000
nickel, ng/m3, Revision date=20181210133000
numflag nickel, no unit, Revision date=20181210133000
nitrate, ug N/m3, Revision date=20181210133000
numflag nitrate, no unit, Revision date=20181210133000
organic_carbon, ug C/m3, Revision date=20181210133000
numflag organic_carbon, no unit, Revision date=20181210133000
organic_mass, ug/m3, Revision date=20181210133000
numflag organic_mass, no unit, Revision date=20181210133000
phosphorus, ng/m3, Revision date=20181210133000
numflag phosphorus, no unit, Revision date=20181210133000
pm10_mass, ug/m3, Version=2, Version description=Data extracted from http://views.cira.colostate.edu/fed/DataWizard 2019-12-16, Sample duration=1d, Orig. time res.=3d, Matrix=pm10, Blank correction=Blank corrected, Volume std. temperature=ambient, Volume std. pressure=ambient
numflag pm10_mass, no unit, Version=2, Version description=Data extracted from http://views.cira.colostate.edu/fed/DataWizard 2019-12-16, Sample duration=1d, Orig. time res.=3d, Matrix=pm10, Blank correction=Blank corrected, Volume std. temperature=ambient, Volume std. pressure=ambient
pm10_pm25_mass, ug/m3, Revision date=20181210133000, Matrix=pm10_pm25
numflag pm10_pm25_mass, no unit, Revision date=20181210133000, Matrix=pm10_pm25
pm25_mass, ug/m3, Version=2, Version description=Data extracted from http://views.cira.colostate.edu/fed/DataWizard 2019-12-16, Sample duration=1d, Orig. time res.=3d, Blank correction=Blank corrected, Volume std. temperature=ambient, Volume std. pressure=ambient
numflag pm25_mass, no unit, Version=2, Version description=Data extracted from http://views.cira.colostate.edu/fed/DataWizard 2019-12-16, Sample duration=1d, Orig. time res.=3d, Blank correction=Blank corrected, Volume std. temperature=ambient, Volume std. pressure=ambient
potassium, ug/m3, Revision date=20181210133000
numflag potassium, no unit, Revision date=20181210133000
sulphate_total, ug S/m3, Revision date=20181210133000
numflag sulphate_total, no unit, Revision date=20181210133000
0
25
Data definition:              EBAS_1.1
Set type code:                TU
Timezone:                     UTC
File name:                    US9072R.20040101080000.20191216000000.filterpack..pm25.52w.1w.US03L_filterpack_US9072.US03L_IMPROVE_Davis.lev2.nas
File creation:                20191218121027
Startdate:                    20040101080000
Revision date:                20191216000000
Statistics:                   arithmetic mean
Data level:                   2
Period code:                  52w
Resolution code:              1w
Station code:                 US9072R
Platform code:                US9072S
Station name:                 Walker River Paiute Tribe
Station latitude:             38.9519
Station longitude:            -118.8146
Station altitude:             1250.0 m
Regime:                       IMG
Component:                    
Matrix:                       pm25
Laboratory code:              US03L
Instrument type:              filterpack
Instrument name:              filterpack_US9072
Method ref:                   US03L_IMPROVE_Davis
starttime endtime Fe flag_Fe Pb flag_Pb Mg++ flag_Mg++ Ni flag_Ni NO3- flag_NO3- OC flag_OC OM flag_OM P flag_P PM10 flag_PM10 PM10-PM2.5 flag_PM10-PM2.5 PM2.5 flag_PM2.5 K+ flag_K+ SO4-- flag_SO4--
[from data line 76]
228.333333 229.333333   17.78 0.000   0.21 0.000000 0.026 0.000000 99.99 0.259000  0.077 0.559000  1.060 0.000   1.484 0.000 99.99 0.259000    4.767 0.000    2.332 0.000   2.435 0.000 0.020 0.000  0.094 0.559000
231.333333 232.333333   45.63 0.000   0.76 0.000000 9.999 0.259000 99.99 0.259000  0.028 0.559000  2.153 0.000   3.014 0.000 99.99 0.259000   12.955 0.000    6.920 0.000   6.035 0.000 0.078 0.000  0.205 0.559000
234.333333 235.333333   39.43 0.000   0.64 0.000000 9.999 0.259000  0.15 0.000000  0.034 0.559000  0.779 0.000   1.091 0.000 99.99 0.259000   10.335 0.000    6.680 0.000   3.655 0.000 0.032 0.000  0.324 0.559000
237.333333 238.333333 9999.99 0.899 999.99 0.899000 9.999 0.899000 99.99 0.899000  0.011 0.000000  0.243 0.000   0.340 0.000 99.99 0.899000    6.376 0.000 9999.999 0.999 999.999 0.899 9.999 0.899  0.110 0.000000
240.333333 241.333333 9999.99 0.899 999.99 0.899000 9.999 0.899000 99.99 0.899000  0.036 0.559000  0.239 0.000   0.335 0.000 99.99 0.899000    6.863 0.000 9999.999 0.999 999.999 0.899 9.999 0.899  0.583 0.559000
243.333333 244.333333 9999.99 0.899 999.99 0.899000 9.999 0.899000 99.99 0.899000  0.072 0.559000  0.973 0.000   1.362 0.000 99.99 0.899000   16.776 0.000 9999.999 0.999 999.999 0.899 9.999 0.899  1.177 0.559000
246.333333 247.333333  957.10 0.000 999.99 0.259000 9.999 0.259000 99.99 0.259000  0.052 0.559000  1.248 0.000   1.747 0.000 99.99 0.259000   82.706 0.000   57.718 0.000  24.988 0.000 0.705 0.000  0.496 0.559000
249.333333 250.333333   62.15 0.000 999.99 0.259000 9.999 0.259000 99.99 0.259000  0.018 0.559000  0.540 0.000   0.756 0.000 99.99 0.259000    9.868 0.000    7.462 0.000   2.406 0.000 0.056 0.000  0.183 0.559000
252.333333 253.333333  104.18 0.000 999.99 0.259000 9.999 0.259000 99.99 0.259000  0.022 0.559000  1.101 0.000   1.541 0.000 99.99 0.259000   16.836 0.000   11.705 0.000   5.131 0.000 0.073 0.000  0.175 0.559000
255.333333 256.333333   79.39 0.000   0.64 0.000000 9.999 0.259000 99.99 0.259000  0.038 0.000000  0.909 0.000   1.272 0.000 99.99 0.259000   14.052 0.000   10.165 0.000   3.888 0.000 0.053 0.000  0.224 0.000000
258.333333 259.333333  252.32 0.000   0.64 0.000000 9.999 0.259000  2.89 0.000000  0.029 0.559000  0.619 0.000   0.867 0.000 99.99 0.259000   29.657 0.000   22.269 0.000   7.388 0.000 0.161 0.000  0.107 0.559000
261.333333 262.333333  237.36 0.000   1.61 0.000000 9.999 0.259000  2.03 0.000000  0.055 0.000000  0.646 0.000   0.905 0.000 99.99 0.259000   31.994 0.000   24.602 0.000   7.391 0.000 0.152 0.000  0.300 0.000000
264.333333 265.333333   61.15 0.000 999.99 0.259000 9.999 0.259000  1.30 0.000000  0.025 0.000000  0.489 0.000   0.685 0.000 99.99 0.259000   14.390 0.000   10.022 0.000   4.368 0.000 0.047 0.000  0.080 0.000000
267.333333 268.333333  114.61 0.000 999.99 0.259000 0.109 0.000000  0.11 0.000000  0.013 0.000000  0.572 0.000   0.801 0.000 99.99 0.259000   16.830 0.000   13.267 0.000   3.563 0.000 0.092 0.000  0.060 0.000000
270.333333 271.333333   77.10 0.000   0.28 0.000000 9.999 0.259000  0.16 0.000000  0.014 0.559000  0.697 0.000   0.976 0.000 99.99 0.259000   21.532 0.000   18.513 0.000   3.019 0.000 0.056 0.000  0.090 0.559000
273.333333 274.333333  137.86 0.000   0.58 0.000000 9.999 0.259000  0.19 0.000000  0.040 0.000000  1.448 0.000   2.028 0.000 99.99 0.259000   22.477 0.000   15.866 0.000   6.611 0.000 0.148 0.000  0.192 0.000000
276.333333 277.333333   85.35 0.000   1.03 0.000000 9.999 0.259000  0.12 0.000000  0.031 0.559000  0.863 0.000   1.208 0.000 99.99 0.259000   13.766 0.000    9.448 0.000   4.318 0.000 0.085 0.000  0.238 0.559000
279.333333 280.333333  100.94 0.000   0.61 0.000000 0.082 0.000000  0.10 0.000000  0.020 0.559000  0.974 0.000   1.364 0.000 99.99 0.259000   14.881 0.000    9.405 0.000   5.476 0.000 0.077 0.000  0.186 0.559000
282.333333 283.333333   43.29 0.000   0.54 0.000000 9.999 0.259000 99.99 0.259000  0.027 0.559000  0.306 0.000   0.428 0.000 99.99 0.259000    7.802 0.000    5.779 0.000   2.023 0.000 0.027 0.000  0.122 0.559000
285.333333 286.333333   87.88 0.000   0.49 0.000000 9.999 0.259000 99.99 0.259000  0.023 0.559000  0.652 0.000   0.913 0.000 99.99 0.259000   15.497 0.000   11.565 0.000   3.932 0.000 0.076 0.000  0.175 0.559000
288.333333 289.333333  184.26 0.000  13.15 0.000000 9.999 0.259000 99.99 0.259000  0.024 0.559000  0.987 0.000   1.382 0.000 99.99 0.259000   22.321 0.000   16.760 0.000   5.562 0.000 0.179 0.000  0.098 0.559000
291.333333 292.333333   15.76 0.000   0.44 0.000000 9.999 0.259000 99.99 0.259000  0.028 0.559000  0.899 0.000   1.259 0.000  3.63 0.000000    4.382 0.000    2.168 0.000   2.214 0.000 0.020 0.000  0.082 0.559000
294.333333 295.333333   15.23 0.000   0.29 0.000000 9.999 0.259000  0.11 0.000000  0.130 0.559000  1.015 0.000   1.422 0.000 99.99 0.259000    3.576 0.000    0.877 0.000   2.699 0.000 0.019 0.000  0.050 0.559000
297.333333 298.333333    3.91 0.000 999.99 0.259000 9.999 0.259000 99.99 0.259000  0.078 0.559000  1.101 0.000   1.542 0.000 99.99 0.259000    2.067 0.000    0.187 0.000   1.880 0.000 0.013 0.000  0.089 0.559000
300.333333 301.333333    3.70 0.000   0.25 0.000000 9.999 0.259000 99.99 0.259000  0.088 0.000000  0.510 0.000   0.715 0.000 99.99 0.259000    1.736 0.000    0.493 0.000   1.243 0.000 0.008 0.000  0.061 0.000000
303.333333 304.333333   16.72 0.000   1.27 0.000000 9.999 0.259000  0.16 0.000000  0.224 0.559000  1.163 0.000   1.628 0.000 99.99 0.259000    5.115 0.000    1.164 0.000   3.951 0.000 0.033 0.000  0.211 0.559000
306.333333 307.333333   25.46 0.000 999.99 0.259000 0.096 0.000000 99.99 0.259000  0.068 0.000000  1.302 0.000   1.823 0.000 99.99 0.259000    7.374 0.000    4.131 0.000   3.243 0.000 0.042 0.000  0.076 0.000000
309.333333 310.333333   33.59 0.000   0.88 0.000000 9.999 0.259000  0.16 0.000000  0.128 0.000000  1.269 0.000   1.776 0.000 99.99 0.259000    8.358 0.000    4.477 0.000   3.882 0.000 0.045 0.000  0.177 0.000000
312.333333 313.333333   17.32 0.000   0.25 0.000000 9.999 0.259000 99.99 0.259000  0.132 0.559000  1.155 0.000   1.616 0.000 99.99 0.259000    4.574 0.000    1.238 0.000   3.336 0.000 0.043 0.000  0.116 0.559000
315.333333 316.333333    9.57 0.000 999.99 0.259000 9.999 0.259000 99.99 0.259000  0.053 0.000000  0.779 0.000   1.091 0.000 99.99 0.259000    2.604 0.000    0.259 0.000   2.345 0.000 0.022 0.000  0.088 0.000000
318.333333 319.333333   11.12 0.000   0.92 0.000000 9.999 0.259000 99.99 0.259000  0.352 0.000000  1.756 0.000   2.459 0.000 99.99 0.259000    7.776 0.000    0.325 0.000   7.451 0.000 0.059 0.000  0.391 0.000000
321.333333 322.333333   26.90 0.000   8.21 0.000000 0.125 0.000000 99.99 0.259000  0.390 0.559000  1.763 0.000   2.469 0.000 99.99 0.259000    9.855 0.000    3.276 0.000   6.579 0.000 0.047 0.000  0.209 0.559000
324.333333 325.333333   16.26 0.000 999.99 0.259000 9.999 0.259000  0.12 0.000000  0.041 0.559000  0.506 0.000   0.709 0.000 99.99 0.259000   37.232 0.000   33.865 0.000   3.367 0.000 0.028 0.000  0.304 0.559000
327.333333 328.333333   32.84 0.000   0.68 0.000000 9.999 0.259000  0.36 0.000000  0.215 0.559000  2.312 0.000   3.237 0.000 99.99 0.259000    9.926 0.000    4.566 0.000   5.360 0.000 0.071 0.000  0.106 0.559000
330.333333 331.333333    6.49 0.559 999.99 0.559259 0.157 0.559000 99.99 0.559259  0.096 0.559000  0.740 0.000   1.037 0.000  4.04 0.559000    2.412 0.000    0.697 0.000   1.715 0.559 0.020 0.559  0.064 0.559000
333.333333 334.333333    6.79 0.559   0.35 0.559000 9.999 0.559259  1.05 0.559000  0.263 0.559000  0.928 0.000   1.299 0.000 99.99 0.559259 9999.999 0.456 9999.999 0.999   3.899 0.559 0.034 0.559  0.134 0.559000
336.333333 337.333333   14.94 0.000   0.29 0.000000 0.056 0.000000  0.17 0.000000  1.463 0.559000  2.880 0.000   4.032 0.000 99.99 0.259000   19.478 0.000    2.088 0.000  17.390 0.000 0.095 0.000  0.296 0.559000
339.333333 340.333333    1.52 0.000   0.53 0.000000 9.999 0.259000  0.26 0.000000  0.656 0.559000  0.490 0.000   0.686 0.000 99.99 0.259000    5.547 0.000 9999.999 0.259   5.661 0.000 0.012 0.000  0.116 0.559000
342.333333 343.333333    7.67 0.559   0.53 0.559000 9.999 0.559259 99.99 0.559259  0.058 0.000000  0.472 0.000   0.661 0.000 99.99 0.559259    3.638 0.000    2.037 0.000   1.600 0.559 0.016 0.559  0.123 0.000000
345.333333 346.333333   19.98 0.559   0.54 0.559000 9.999 0.559259 99.99 0.559259  0.159 0.559000  1.062 0.000   1.487 0.000 99.99 0.559259    6.487 0.000    2.929 0.000   3.558 0.559 0.041 0.559  0.079 0.559000
348.333333 349.333333   35.62 0.559   0.53 0.559000 9.999 0.559259 99.99 0.559259  0.281 0.559000  1.340 0.000   1.875 0.000 99.99 0.559259    9.087 0.000    4.885 0.000   4.202 0.559 0.046 0.559  0.070 0.559000
351.333333 352.333333   14.56 0.559   0.78 0.559000 9.999 0.559259 99.99 0.559259  0.503 0.559000  1.026 0.000   1.436 0.000 99.99 0.559259    8.418 0.000    2.574 0.000   5.843 0.559 0.032 0.559  0.108 0.559000
354.333333 355.333333   14.15 0.559   1.20 0.559000 9.999 0.559259 99.99 0.559259  0.468 0.559000  1.098 0.000   1.538 0.000 99.99 0.559259    6.566 0.000    0.907 0.000   5.658 0.559 0.029 0.559  0.118 0.559000
357.333333 358.333333   12.25 0.559   1.03 0.559000 9.999 0.559259 99.99 0.559259  0.139 0.559000  1.265 0.000   1.771 0.000 99.99 0.559259    5.815 0.000    2.145 0.000   3.670 0.559 0.044 0.559  0.093 0.559000
360.333333 361.333333  126.37 0.000   0.59 0.000000 0.083 0.000000 99.99 0.259000  0.047 0.000000  0.964 0.000   1.349 0.000 99.99 0.259000   33.133 0.000   27.514 0.000   5.619 0.000 0.112 0.000  0.153 0.000000
363.333333 364.333333   11.56 0.000   0.26 0.000000 0.076 0.000000  0.14 0.000000  0.087 0.559000  0.586 0.000   0.821 0.000 99.99 0.259000    3.227 0.000    1.605 0.000   1.622 0.000 0.026 0.000  0.036 0.559000
