scripts/IMPROVE-2019_partial/data/US9064R.20020102070000.20191216000000.filterpack..pm25.52w.1w.US03L_filterpack_US9064.US03L_IMPROVE_Davis.lev2.nas
66 1001
MISSING INFORMATION
US03L, IMPROVE, , , , , , , 
MISSING INFORMATION
IMPROVE sel_HTAP
1 1
2002 01 01 2019 12 16
3.000000
days from file reference point
27
1 1 1 1 1 1 1 1 1 1 1 1 1 1 1 1 1 1 1 1 1 1 1 1 1 1 1
999.999999 9999.99 9.999 99.99 9.999 9.999 9.999999 9.99 9.999999 9.999 9.999999 99.999 9.999 99.999 9.999 99.99 9.999999 999.999 9.999 999.999 9.999 99.999 9.999 9.999 9.999 9.999 9.999
end_time of measurement, days from the file reference point
iron, ng/m3, Revision date=20181210133000
numflag iron, no unit, Revision date=20181210133000
lead, ng/m3, Revision date=20181210133000
numflag lead, no unit, Revision date=20181210133000
magnesium, ug/m3, Revision date=20181210133000
numflag magnesium, no unit, Revision date=20181210133000
nickel, ng/m3, Revision date=20181210133000
numflag nickel, no unit, Revision date=20181210133000
nitrate, ug N/m3, Revision date=20181210133000
numflag nitrate, no unit, Revision date=20181210133000
organic_carbon, ug C/m3, Revision date=20181210133000
numflag organic_carbon, no unit, Revision date=20181210133000
organic_mass, ug/m3, Revision date=20181210133000
numflag organic_mass, no unit, Revision date=20181210133000
phosphorus, ng/m3, Revision date=20181210133000
numflag phosphorus, no unit, Revision date=20181210133000
pm10_mass, ug/m3, Version=2, Version description=Data extracted from http://views.cira.colostate.edu/fed/DataWizard 2019-12-16, Sample duration=1d, Orig. time res.=3d, Matrix=pm10, Blank correction=Blank corrected, Volume std. temperature=ambient, Volume std. pressure=ambient
numflag pm10_mass, no unit, Version=2, Version description=Data extracted from http://views.cira.colostate.edu/fed/DataWizard 2019-12-16, Sample duration=1d, Orig. time res.=3d, Matrix=pm10, Blank correction=Blank corrected, Volume std. temperature=ambient, Volume std. pressure=ambient
pm10_pm25_mass, ug/m3, Revision date=20181210133000, Matrix=pm10_pm25
numflag pm10_pm25_mass, no unit, Revision date=20181210133000, Matrix=pm10_pm25
pm25_mass, ug/m3, Version=2, Version description=Data extracted from http://views.cira.colostate.edu/fed/DataWizard 2019-12-16, Sample duration=1d, Orig. time res.=3d, Blank correction=Blank corrected, Volume std. temperature=ambient, Volume std. pressure=ambient
numflag pm25_mass, no unit, Version=2, Version description=Data extracted from http://views.cira.colostate.edu/fed/DataWizard 2019-12-16, Sample duration=1d, Orig. time res.=3d, Blank correction=Blank corrected, Volume std. temperature=ambient, Volume std. pressure=ambient
potassium, ug/m3, Revision date=20181210133000
numflag potassium, no unit, Revision date=20181210133000
sulphate_total, ug S/m3, Revision date=20181210133000
numflag sulphate_total, no unit, Revision date=20181210133000
0
25
Data definition:              EBAS_1.1
Set type code:                TU
Timezone:                     UTC
File name:                    US9064R.20020102070000.20191216000000.filterpack..pm25.52w.1w.US03L_filterpack_US9064.US03L_IMPROVE_Davis.lev2.nas
File creation:                20191218120948
Startdate:                    20020102070000
Revision date:                20191216000000
Statistics:                   arithmetic mean
Data level:                   2
Period code:                  52w
Resolution code:              1w
Station code:                 US9064R
Platform code:                US9064S
Station name:                 Sula Peak
Station latitude:             45.8598
Station longitude:            -114.0001
Station altitude:             1895.0 m
Regime:                       IMG
Component:                    
Matrix:                       pm25
Laboratory code:              US03L
Instrument type:              filterpack
Instrument name:              filterpack_US9064
Method ref:                   US03L_IMPROVE_Davis
starttime endtime Fe flag_Fe Pb flag_Pb Mg++ flag_Mg++ Ni flag_Ni NO3- flag_NO3- OC flag_OC OM flag_OM P flag_P PM10 flag_PM10 PM10-PM2.5 flag_PM10-PM2.5 PM2.5 flag_PM2.5 K+ flag_K+ SO4-- flag_SO4--
  1.291667   2.291667    1.44 0.000  0.27 0.000 9.999 0.259000 9.99 0.259000 0.007 0.000000  0.150 0.000  0.210 0.000 99.99 0.259000   0.672 0.000   0.101 0.000  0.571 0.000 0.003 0.000 0.036 0.000
  4.291667   5.291667    0.99 0.000 99.99 0.259 9.999 0.259000 9.99 0.259000 0.006 0.000000  0.164 0.000  0.229 0.000 99.99 0.259000   0.709 0.000   0.259 0.000  0.451 0.000 0.004 0.000 0.024 0.000
  7.291667   8.291667    1.13 0.000 99.99 0.259 9.999 0.259000 0.06 0.000000 9.999 0.259000  0.156 0.000  0.219 0.000 99.99 0.259000   0.523 0.000   0.099 0.000  0.423 0.000 0.005 0.000 0.016 0.000
 10.291667  11.291667    1.08 0.000  0.24 0.000 9.999 0.259000 9.99 0.259000 9.999 0.259000  0.211 0.000  0.295 0.000 99.99 0.259000   0.631 0.000   0.194 0.000  0.438 0.000 0.003 0.000 0.019 0.000
 13.291667  14.291667    3.39 0.000  0.27 0.000 9.999 0.259000 9.99 0.259000 0.057 0.000000  0.398 0.000  0.558 0.000 99.99 0.259000   1.680 0.000   0.621 0.000  1.059 0.000 0.006 0.000 0.061 0.000
 16.291667  17.291667    4.47 0.000  0.37 0.000 9.999 0.259000 0.10 0.000000 0.022 0.000000  0.327 0.000  0.458 0.000 99.99 0.259000   1.307 0.000   0.220 0.000  1.087 0.000 0.007 0.000 0.077 0.000
 19.291667  20.291667    8.17 0.000  0.24 0.000 9.999 0.259000 0.27 0.000000 0.008 0.000000  0.155 0.000  0.217 0.000 99.99 0.259000   1.411 0.000   0.930 0.000  0.481 0.000 0.006 0.000 0.022 0.000
 22.291667  23.291667 9999.99 0.999 99.99 0.999 9.999 0.999000 9.99 0.999000 9.999 0.999000 99.999 0.999 99.999 0.999 99.99 0.999000 999.999 0.999 999.999 0.999 99.999 0.999 9.999 0.999 9.999 0.999
 25.291667  26.291667    1.79 0.000 99.99 0.259 9.999 0.259000 9.99 0.259000 9.999 0.259000  0.078 0.000  0.110 0.000 99.99 0.259000   0.557 0.000   0.312 0.000  0.245 0.000 0.003 0.000 0.016 0.000
 28.291667  29.291667    1.59 0.000 99.99 0.259 9.999 0.259000 9.99 0.259000 0.021 0.000000  0.249 0.000  0.348 0.000 99.99 0.259000   0.897 0.000   0.398 0.000  0.499 0.000 0.004 0.000 0.029 0.000
 31.291667  32.291667    9.35 0.000  0.24 0.000 9.999 0.259000 0.30 0.000000 0.036 0.000000  0.266 0.000  0.372 0.000 99.99 0.259000   1.357 0.000   0.466 0.000  0.891 0.000 0.007 0.000 0.056 0.000
 34.291667  35.291667    4.14 0.000  0.28 0.000 9.999 0.259000 9.99 0.259000 0.013 0.000000  0.239 0.000  0.334 0.000 99.99 0.259000   1.157 0.000   0.584 0.000  0.574 0.000 0.005 0.000 0.061 0.000
 37.291667  38.291667   15.12 0.000  0.39 0.000 9.999 0.259000 0.21 0.000000 0.020 0.559000  0.218 0.000  0.305 0.000 99.99 0.259000   2.191 0.000   1.083 0.000  1.107 0.000 0.010 0.000 0.064 0.559
 40.291667  41.291667    9.26 0.000  0.17 0.000 9.999 0.259000 9.99 0.259000 0.018 0.000000  0.109 0.000  0.153 0.000 99.99 0.259000   1.523 0.000   0.707 0.000  0.815 0.000 0.008 0.000 0.051 0.000
 43.291667  44.291667   16.06 0.000  0.83 0.000 9.999 0.259000 0.13 0.000000 0.024 0.559000  0.201 0.000  0.281 0.000 99.99 0.259000   2.763 0.000   1.386 0.000  1.377 0.000 0.016 0.000 0.102 0.559
 46.291667  47.291667    9.09 0.000  0.46 0.000 9.999 0.259000 9.99 0.259000 0.020 0.000000  0.187 0.000  0.261 0.000 99.99 0.259000   1.634 0.000   0.559 0.000  1.075 0.000 0.010 0.000 0.084 0.000
 49.291667  50.291667    8.23 0.000  0.37 0.000 9.999 0.259000 9.99 0.259000 0.026 0.000000  0.314 0.000  0.440 0.000 99.99 0.259000   1.501 0.000   0.291 0.000  1.210 0.000 0.009 0.000 0.067 0.000
 52.291667  53.291667    8.28 0.000 99.99 0.259 9.999 0.259000 0.10 0.000000 0.008 0.000000  0.172 0.000  0.241 0.000 99.99 0.259000   0.992 0.000   0.201 0.000  0.791 0.000 0.006 0.000 0.046 0.000
 55.291667  56.291667    3.23 0.000  0.26 0.000 9.999 0.259000 9.99 0.259000 0.047 0.000000  0.541 0.000  0.757 0.000 99.99 0.259000   2.778 0.000   0.231 0.000  2.547 0.000 0.017 0.000 0.286 0.000
 58.291667  59.291667    6.40 0.000  0.48 0.000 9.999 0.259000 0.13 0.000000 0.040 0.559000  0.329 0.000  0.461 0.000 99.99 0.259000   1.614 0.000   0.297 0.000  1.317 0.000 0.010 0.000 0.124 0.559
 61.291667  62.291667    9.50 0.000  0.49 0.000 9.999 0.259000 0.24 0.000000 0.008 0.000000  0.356 0.000  0.499 0.000 99.99 0.259000   1.755 0.000   0.336 0.000  1.418 0.000 0.013 0.000 0.124 0.000
 64.291667  65.291667   11.62 0.000  0.40 0.000 9.999 0.259000 0.20 0.000000 0.025 0.000000  0.641 0.000  0.898 0.000 99.99 0.259000   2.042 0.000   0.438 0.000  1.605 0.000 0.017 0.000 0.068 0.000
 67.291667  68.291667   48.92 0.000  1.69 0.000 9.999 0.259000 0.26 0.000000 0.051 0.000000  0.334 0.000  0.468 0.000 99.99 0.259000   4.443 0.000   1.454 0.000  2.989 0.000 0.045 0.000 0.302 0.000
 70.291667  71.291667   10.25 0.000  0.32 0.000 9.999 0.259000 0.18 0.000000 0.009 0.000000  0.459 0.000  0.643 0.000 99.99 0.259000   1.389 0.000   0.244 0.000  1.145 0.000 0.012 0.000 0.041 0.000
 73.291667  74.291667    2.84 0.000  0.17 0.000 9.999 0.259000 9.99 0.259000 0.007 0.000000  0.221 0.000  0.309 0.000 99.99 0.259000   0.966 0.000   0.377 0.000  0.589 0.000 0.004 0.000 0.058 0.000
 76.291667  77.291667    6.81 0.000  0.31 0.000 0.051 0.000000 9.99 0.259000 0.045 0.000000  0.231 0.000  0.323 0.000 99.99 0.259000   1.717 0.000   0.273 0.000  1.444 0.000 0.010 0.000 0.152 0.000
 79.291667  80.291667   16.45 0.000  0.94 0.000 9.999 0.259000 9.99 0.259000 0.057 0.000000  1.058 0.000  1.481 0.000 99.99 0.259000   5.518 0.000   0.553 0.000  4.965 0.000 0.029 0.000 0.530 0.000
 82.291667  83.291667   15.24 0.559  2.25 0.559 9.999 0.559259 9.99 0.559259 0.332 0.000000  1.496 0.000  2.094 0.000 99.99 0.559259   5.607 0.000   0.542 0.000  5.066 0.559 0.053 0.559 0.303 0.000
 85.291667  86.291667  133.76 0.000  0.93 0.000 9.999 0.259000 0.19 0.000000 0.024 0.000000  0.216 0.000  0.303 0.000 99.99 0.259000   5.607 0.000   2.257 0.000  3.350 0.000 0.074 0.000 0.124 0.000
 88.291667  89.291667   30.85 0.000  0.58 0.000 9.999 0.259000 9.99 0.259000 0.035 0.000000  0.181 0.000  0.253 0.000 99.99 0.259000   2.844 0.000   1.223 0.000  1.621 0.000 0.024 0.000 0.156 0.000
 91.291667  92.291667   20.72 0.000  0.92 0.000 9.999 0.259000 0.13 0.000000 0.084 0.000000  0.444 0.000  0.622 0.000 99.99 0.259000   4.226 0.000   1.358 0.000  2.868 0.000 0.021 0.000 0.340 0.000
 94.291667  95.291667   68.43 0.000  1.14 0.000 9.999 0.259000 0.10 0.000000 0.023 0.000000  0.443 0.000  0.621 0.000 99.99 0.259000   4.666 0.000   1.853 0.000  2.814 0.000 0.042 0.000 0.136 0.000
 97.291667  98.291667   67.72 0.000  1.04 0.000 9.999 0.259000 0.13 0.000000 0.015 0.000000  0.307 0.000  0.430 0.000 99.99 0.259000   6.723 0.000   4.319 0.000  2.404 0.000 0.036 0.000 0.146 0.000
100.291667 101.291667   17.34 0.000  0.41 0.000 9.999 0.259000 0.15 0.000000 0.006 0.000000  0.173 0.000  0.243 0.000 99.99 0.259000   1.034 0.000   0.118 0.000  0.916 0.000 0.010 0.000 0.058 0.000
103.291667 104.291667   17.02 0.000  0.25 0.000 9.999 0.259000 0.14 0.000000 0.010 0.000000  0.146 0.000  0.205 0.000 99.99 0.259000   1.359 0.000   0.384 0.000  0.975 0.000 0.011 0.000 0.043 0.000
106.291667 107.291667    7.32 0.000  0.70 0.000 9.999 0.259000 0.12 0.000000 0.011 0.000000  0.105 0.000  0.147 0.000 99.99 0.259000   1.523 0.000   0.785 0.000  0.738 0.000 0.009 0.000 0.066 0.000
109.291667 110.291667   27.94 0.000  0.69 0.000 9.999 0.259000 0.13 0.000000 0.044 0.559000  0.735 0.000  1.029 0.000 99.99 0.259000   5.125 0.000   1.559 0.000  3.566 0.000 0.030 0.000 0.331 0.559
112.291667 113.291667   54.44 0.000  1.22 0.000 9.999 0.259000 9.99 0.259000 0.029 0.000000  0.311 0.000  0.435 0.000 99.99 0.259000   5.962 0.000   3.246 0.000  2.716 0.000 0.035 0.000 0.176 0.000
115.291667 116.291667  168.18 0.000  2.75 0.000 9.999 0.259000 0.17 0.000000 0.054 0.000000  0.908 0.000  1.271 0.000 99.99 0.259000  11.758 0.000   5.165 0.000  6.592 0.000 0.098 0.000 0.282 0.000
118.291667 119.291667   69.04 0.000  0.97 0.000 9.999 0.259000 0.13 0.000000 0.020 0.000000  0.616 0.000  0.863 0.000 99.99 0.259000   4.850 0.000   1.934 0.000  2.916 0.000 0.049 0.000 0.130 0.000
121.291667 122.291667   52.96 0.000  0.53 0.000 9.999 0.259000 9.99 0.259000 0.030 0.000000  0.973 0.000  1.363 0.000 99.99 0.259000   6.687 0.000   3.104 0.000  3.583 0.000 0.031 0.000 0.125 0.000
124.291667 125.291667   54.37 0.000  0.63 0.000 9.999 0.259000 0.17 0.000000 0.027 0.000000  0.313 0.000  0.439 0.000 99.99 0.259000   3.825 0.000   1.655 0.000  2.170 0.000 0.032 0.000 0.095 0.000
127.291667 128.291667   12.23 0.000  0.44 0.000 9.999 0.259000 0.27 0.000000 0.017 0.000000  0.248 0.000  0.347 0.000 99.99 0.259000   1.485 0.000   0.163 0.000  1.323 0.000 0.011 0.000 0.131 0.000
130.291667 131.291667   19.50 0.000  0.62 0.000 9.999 0.259000 0.17 0.000000 0.017 0.000000  0.624 0.000  0.874 0.000 99.99 0.259000   3.564 0.000   0.991 0.000  2.573 0.000 0.017 0.000 0.188 0.000
133.291667 134.291667   53.03 0.000  0.41 0.000 9.999 0.259000 9.99 0.259000 0.016 0.000000  0.489 0.000  0.685 0.000 99.99 0.259000   5.375 0.000   3.036 0.000  2.339 0.000 0.025 0.000 0.127 0.000
136.291667 137.291667   37.19 0.000  0.60 0.000 9.999 0.259000 0.15 0.000000 0.021 0.000000  1.135 0.000  1.589 0.000 99.99 0.259000   6.430 0.000   2.675 0.000  3.755 0.000 0.030 0.000 0.159 0.000
139.291667 140.291667   68.99 0.000  0.46 0.000 9.999 0.259000 0.13 0.000000 0.030 0.000000  1.398 0.000  1.957 0.000 99.99 0.259000  12.566 0.000   7.751 0.000  4.815 0.000 0.047 0.000 0.150 0.000
142.291667 143.291667   13.24 0.000  0.21 0.000 9.999 0.259000 0.14 0.000000 0.030 0.000000  0.511 0.000  0.716 0.000 99.99 0.259000   1.295 0.559   0.371 0.000  0.924 0.000 0.010 0.000 0.031 0.000
145.291667 146.291667   17.51 0.000  0.39 0.000 9.999 0.259000 0.22 0.000000 0.009 0.000000  0.515 0.000  0.722 0.000 99.99 0.259000   1.727 0.000   0.475 0.000  1.252 0.000 0.012 0.000 0.071 0.000
148.291667 149.291667   15.62 0.000  0.44 0.000 9.999 0.259000 0.14 0.000000 0.008 0.000000  0.565 0.000  0.791 0.000 99.99 0.259000   2.719 0.000   1.142 0.000  1.577 0.000 0.012 0.000 0.082 0.000
151.291667 152.291667   22.70 0.000  1.45 0.000 9.999 0.259000 0.13 0.000000 0.037 0.000000  1.400 0.000  1.960 0.000 99.99 0.259000   5.144 0.000   1.596 0.000  3.548 0.000 0.031 0.000 0.121 0.000
154.291667 155.291667   21.40 0.000  0.35 0.000 9.999 0.259000 0.09 0.000000 0.024 0.000000  0.993 0.000  1.390 0.000 99.99 0.259000   4.860 0.000   1.737 0.000  3.123 0.000 0.017 0.000 0.169 0.000
157.291667 158.291667   27.77 0.000  0.39 0.000 9.999 0.259000 0.08 0.000000 0.017 0.000000  0.665 0.000  0.930 0.000  5.58 0.000000   5.526 0.000   3.263 0.000  2.262 0.000 0.017 0.000 0.091 0.000
160.291667 161.291667    4.64 0.000  0.17 0.000 9.999 0.259000 0.14 0.000000 9.999 0.559259  0.093 0.000  0.130 0.000 99.99 0.259000   0.261 0.000 999.999 0.259  0.278 0.000 0.004 0.000 0.002 0.559
163.291667 164.291667   21.00 0.559  0.71 0.559 0.084 0.559000 9.99 0.559259 0.021 0.000000  1.871 0.000  2.619 0.000 99.99 0.559259   8.304 0.000   2.446 0.000  5.858 0.559 0.021 0.559 0.342 0.000
166.291667 167.291667   34.62 0.000  0.67 0.000 9.999 0.259000 9.99 0.259000 0.019 0.000000  1.511 0.000  2.116 0.000 99.99 0.259000   7.275 0.000   2.967 0.000  4.308 0.000 0.027 0.000 0.172 0.000
169.291667 170.291667    7.35 0.000  0.30 0.000 9.999 0.259000 9.99 0.259000 0.011 0.000000  0.295 0.000  0.413 0.000 99.99 0.259000   2.545 0.559   1.474 0.000  1.071 0.000 0.009 0.000 0.061 0.000
172.291667 173.291667   28.55 0.000  0.48 0.000 9.999 0.259000 9.99 0.259000 0.020 0.000000  0.788 0.000  1.103 0.000 99.99 0.259000   4.872 0.559   2.287 0.000  2.585 0.000 0.032 0.000 0.126 0.000
175.291667 176.291667   32.38 0.559  0.74 0.559 9.999 0.559259 0.08 0.559000 0.023 0.559000  2.026 0.000  2.836 0.000 99.99 0.559259   8.792 0.559   3.561 0.000  5.231 0.559 0.031 0.559 0.158 0.559
178.291667 179.291667   42.37 0.000  0.66 0.000 9.999 0.259000 0.74 0.000000 0.028 0.000000  1.645 0.000  2.302 0.000 99.99 0.259000   7.123 0.000   2.732 0.000  4.391 0.000 0.038 0.000 0.151 0.000
181.291667 182.291667    8.15 0.000  0.24 0.000 0.021 0.000000 9.99 0.259000 0.013 0.000000  0.732 0.000  1.025 0.000 99.99 0.259000   3.598 0.000   1.746 0.000  1.852 0.000 0.009 0.000 0.088 0.000
184.291667 185.291667   44.77 0.000  0.81 0.000 9.999 0.259000 0.10 0.000000 0.022 0.000000  1.102 0.000  1.542 0.000 99.99 0.259000   7.338 0.000   3.991 0.000  3.347 0.000 0.039 0.000 0.120 0.000
187.291667 188.291667 9999.99 0.999 99.99 0.999 9.999 0.999000 9.99 0.999000 9.999 0.999000 99.999 0.999 99.999 0.999 99.99 0.999000 999.999 0.999 999.999 0.999 99.999 0.999 9.999 0.999 9.999 0.999
190.291667 191.291667   18.62 0.000  0.39 0.000 9.999 0.259000 9.99 0.259000 0.013 0.000000  1.609 0.000  2.252 0.000 99.99 0.259000   6.642 0.000   3.234 0.000  3.408 0.000 0.022 0.000 0.054 0.000
193.291667 194.291667   49.58 0.000  0.46 0.000 0.022 0.000000 0.36 0.000000 0.018 0.000000  3.292 0.000  4.609 0.000 99.99 0.259000  10.862 0.000   4.013 0.000  6.849 0.000 0.046 0.000 0.087 0.000
196.291667 197.291667 9999.99 0.999 99.99 0.999 9.999 0.999000 9.99 0.999000 9.999 0.999000 99.999 0.999 99.999 0.999 99.99 0.999000 999.999 0.999 999.999 0.999 99.999 0.999 9.999 0.999 9.999 0.999
199.291667 200.291667   22.73 0.559  0.26 0.559 9.999 0.559259 9.99 0.559259 0.019 0.000000  2.594 0.000  3.632 0.000 99.99 0.559259   7.410 0.000   1.280 0.000  6.129 0.559 0.056 0.559 0.138 0.000
202.291667 203.291667   24.07 0.000  0.25 0.000 9.999 0.259000 9.99 0.259000 0.015 0.000000  2.066 0.000  2.892 0.000 99.99 0.259000   8.796 0.000   3.516 0.000  5.280 0.000 0.027 0.000 0.176 0.000
205.291667 206.291667   16.44 0.000  0.20 0.000 0.032 0.000000 9.99 0.259000 0.010 0.000000  2.285 0.000  3.200 0.000 99.99 0.259000   6.446 0.000   1.754 0.000  4.692 0.000 0.034 0.000 0.082 0.000
208.291667 209.291667   40.07 0.000  0.25 0.000 9.999 0.259000 9.99 0.259000 0.024 0.000000  1.614 0.000  2.260 0.000 99.99 0.259000   9.188 0.000   5.184 0.000  4.004 0.000 0.027 0.000 0.147 0.000
211.291667 212.291667   41.22 0.000  0.28 0.000 9.999 0.259000 9.99 0.259000 0.008 0.000000  0.568 0.000  0.795 0.000 99.99 0.259000   6.517 0.000   4.305 0.000  2.212 0.000 0.018 0.000 0.085 0.000
214.291667 215.291667   42.01 0.000  0.33 0.000 0.019 0.000000 9.99 0.259000 0.022 0.000000  1.893 0.000  2.650 0.000 99.99 0.259000   9.081 0.000   4.503 0.000  4.578 0.000 0.040 0.000 0.137 0.000
217.291667 218.291667   21.65 0.000  0.29 0.000 0.010 0.000000 9.99 0.259000 0.041 0.000000  2.471 0.000  3.459 0.000 99.99 0.259000   7.715 0.000   2.269 0.000  5.445 0.000 0.038 0.000 0.119 0.000
220.291667 221.291667   26.94 0.000  0.16 0.000 9.999 0.259000 9.99 0.259000 0.014 0.000000  1.137 0.000  1.592 0.000 99.99 0.259000   5.556 0.000   2.705 0.000  2.851 0.000 0.026 0.000 0.101 0.000
223.291667 224.291667   25.26 0.000  0.22 0.000 0.039 0.000000 0.10 0.000000 0.011 0.000000  1.753 0.000  2.454 0.000 99.99 0.259000   6.474 0.000   2.865 0.000  3.609 0.000 0.017 0.000 0.093 0.000
226.291667 227.291667   46.41 0.559  0.19 0.559 0.013 0.559000 0.08 0.559000 0.017 0.000000  2.501 0.000  3.502 0.000 99.99 0.559259  10.417 0.000   5.591 0.000  4.825 0.559 0.050 0.559 0.053 0.000
229.291667 230.291667  168.78 0.559  0.31 0.559 9.999 0.559259 9.99 0.559259 0.031 0.000000  2.543 0.000  3.561 0.000 99.99 0.559259  26.251 0.000  18.393 0.000  7.857 0.559 0.084 0.559 0.087 0.000
232.291667 233.291667 9999.99 0.999 99.99 0.999 9.999 0.999000 9.99 0.999000 9.999 0.999000 99.999 0.999 99.999 0.999 99.99 0.999000 999.999 0.999 999.999 0.999 99.999 0.999 9.999 0.999 9.999 0.999
235.291667 236.291667 9999.99 0.999 99.99 0.999 9.999 0.999000 9.99 0.999000 9.999 0.999000 99.999 0.999 99.999 0.999 99.99 0.999000 999.999 0.999 999.999 0.999 99.999 0.999 9.999 0.999 9.999 0.999
238.291667 239.291667   28.25 0.000  0.30 0.000 9.999 0.259000 0.08 0.000000 0.018 0.000000  1.656 0.000  2.318 0.000 99.99 0.259000 999.999 0.456 999.999 0.999  5.227 0.000 0.029 0.000 0.148 0.000
