scripts/IMPROVE-2019_partial/data/US9059R.20080101060000.20191216000000.filterpack...52w.3d.US03L_filterpack_US9059.US03L_IMPROVE_Davis.lev2.nas
52 1001
MISSING INFORMATION
US03L, IMPROVE, , , , , , , 
MISSING INFORMATION
IMPROVE sel_HTAP
1 1
2008 01 01 2019 12 16
3.00
days from file reference point
5
1 1 1 1 1
999.99 999.999 9.999 999.999 9.999
end_time of measurement, days from the file reference point
pm10_mass, ug/m3, Matrix=pm10
numflag pm10_mass, no unit, Matrix=pm10
pm25_mass, ug/m3, Matrix=pm25
numflag pm25_mass, no unit, Matrix=pm25
0
33
Data definition:              EBAS_1.1
Set type code:                TU
Timezone:                     UTC
File name:                    US9059R.20080101060000.20191216000000.filterpack...52w.3d.US03L_filterpack_US9059.US03L_IMPROVE_Davis.lev2.nas
File creation:                20191218120928
Startdate:                    20080101060000
Revision date:                20191216000000
Version:                      2
Version description:          "Data extracted from http://views.cira.colostate.edu/fed/DataWizard 2019-12-16"
Statistics:                   arithmetic mean
Data level:                   2
Period code:                  52w
Resolution code:              3d
Sample duration:              1d
Orig. time res.:              3d
Station code:                 US9059R
Platform code:                US9059S
Station name:                 Sikes
Station latitude:             32.0574
Station longitude:            -92.435
Station altitude:             45.0 m
Regime:                       IMG
Component:                    
Unit:                         ug/m3
Matrix:                       
Laboratory code:              US03L
Instrument type:              filterpack
Instrument name:              filterpack_US9059
Method ref:                   US03L_IMPROVE_Davis
Blank correction:             Blank corrected
Volume std. temperature:      ambient
Volume std. pressure:         ambient
starttime endtime PM10 flag_PM10 PM2.5 flag_PM2.5
  0.25   1.25   3.307 0.000   1.457 0.000
  3.25   4.25  12.821 0.000   7.602 0.000
  6.25   7.25   8.305 0.000   3.526 0.000
  9.25  10.25   8.823 0.000   5.736 0.000
 12.25  13.25   4.414 0.000   3.182 0.000
 15.25  16.25   8.141 0.000   6.440 0.000
 18.25  19.25   5.216 0.000   3.390 0.000
 21.25  22.25  10.865 0.000   8.763 0.000
 24.25  25.25   6.755 0.000   5.368 0.000
 27.25  28.25   7.933 0.000   6.389 0.000
 30.25  31.25   7.146 0.000   4.136 0.000
 33.25  34.25  13.517 0.000   8.071 0.000
 36.25  37.25   5.713 0.000   3.956 0.000
 39.25  40.25   8.361 0.000   5.655 0.000
 42.25  43.25   7.146 0.000   4.194 0.000
 45.25  46.25   9.190 0.000   6.659 0.000
 48.25  49.25   3.637 0.000   2.125 0.000
 51.25  52.25   5.966 0.000   4.550 0.000
 54.25  55.25  13.273 0.000  10.628 0.000
 57.25  58.25   4.348 0.000   2.798 0.000
 60.25  61.25  10.460 0.000   7.330 0.000
 63.25  64.25   5.036 0.000   3.733 0.000
 66.25  67.25   7.334 0.000   6.246 0.000
 69.25  70.25  11.169 0.000   9.557 0.000
 72.25  73.25  11.889 0.000   9.061 0.000
 75.25  76.25  11.192 0.000   8.091 0.000
 78.25  79.25   6.549 0.000   2.592 0.000
 81.25  82.25  14.984 0.000   9.308 0.000
 84.25  85.25  14.012 0.000   6.836 0.000
 87.25  88.25  22.063 0.000  11.689 0.000
 90.25  91.25  16.832 0.000   8.635 0.000
 93.25  94.25  12.515 0.000   8.303 0.000
 96.25  97.25 999.999 0.999 999.999 0.999
 99.25 100.25  17.618 0.000  10.233 0.000
102.25 103.25   7.855 0.000   3.932 0.000
105.25 106.25  14.242 0.000   4.655 0.000
108.25 109.25  12.319 0.000   5.221 0.000
111.25 112.25  14.489 0.000   9.689 0.000
114.25 115.25  19.544 0.000  13.105 0.000
117.25 118.25  11.099 0.000   6.446 0.000
120.25 121.25  19.259 0.000   9.972 0.000
123.25 124.25  16.900 0.000   6.270 0.000
126.25 127.25  15.880 0.000   9.943 0.000
129.25 130.25 999.999 0.456  13.692 0.000
132.25 133.25   7.917 0.000   4.224 0.000
135.25 136.25   8.281 0.000   5.178 0.000
138.25 139.25  13.220 0.000   8.698 0.000
141.25 142.25  22.298 0.000  11.940 0.000
144.25 145.25  17.061 0.000   9.573 0.000
147.25 148.25  15.949 0.000  10.424 0.000
150.25 151.25  15.920 0.000   9.987 0.000
153.25 154.25  12.796 0.000   8.443 0.000
156.25 157.25  13.241 0.000   5.438 0.000
159.25 160.25   9.989 0.000   5.359 0.000
162.25 163.25  14.500 0.000   6.751 0.000
165.25 166.25  11.247 0.000   6.686 0.000
168.25 169.25  16.257 0.000  10.336 0.000
171.25 172.25  14.409 0.000   9.926 0.000
174.25 175.25  14.500 0.000  10.904 0.000
177.25 178.25  13.448 0.000   6.634 0.000
180.25 181.25  17.822 0.000   9.313 0.000
183.25 184.25  12.228 0.000   8.723 0.000
186.25 187.25  23.061 0.000  13.378 0.000
189.25 190.25  19.461 0.000  11.995 0.000
192.25 193.25  16.272 0.000   9.095 0.000
195.25 196.25  40.001 0.000  11.031 0.000
198.25 199.25  19.729 0.000  14.626 0.000
201.25 202.25  20.886 0.000  16.900 0.000
204.25 205.25   7.605 0.000   3.295 0.000
207.25 208.25  44.412 0.000  20.425 0.000
210.25 211.25  30.701 0.000  16.499 0.000
213.25 214.25  18.756 0.000  10.422 0.000
216.25 217.25  14.230 0.000   8.079 0.000
219.25 220.25  12.828 0.000   6.898 0.000
222.25 223.25  16.373 0.000  12.071 0.000
225.25 226.25  19.254 0.000  13.022 0.000
228.25 229.25  19.542 0.000  11.522 0.000
231.25 232.25  21.208 0.000  13.554 0.000
234.25 235.25  22.790 0.000   9.064 0.000
237.25 238.25  12.684 0.000   5.414 0.000
240.25 241.25  22.169 0.000  11.398 0.000
243.25 244.25  23.570 0.000  17.061 0.000
246.25 247.25 999.999 0.999 999.999 0.999
249.25 250.25 999.999 0.999 999.999 0.999
252.25 253.25 999.999 0.999 999.999 0.999
255.25 256.25  14.794 0.000   8.073 0.000
258.25 259.25  14.784 0.000   5.491 0.000
261.25 262.25  19.307 0.000  14.583 0.000
264.25 265.25  12.114 0.000   8.944 0.000
267.25 268.25 999.999 0.999 999.999 0.999
270.25 271.25  15.171 0.000  11.071 0.000
273.25 274.25  19.640 0.000  12.776 0.000
276.25 277.25  18.734 0.000  11.998 0.000
279.25 280.25  17.422 0.000  11.902 0.000
282.25 283.25   7.486 0.000   4.689 0.000
285.25 286.25   9.903 0.000   7.586 0.000
288.25 289.25  11.256 0.000   7.193 0.000
291.25 292.25   8.777 0.000   5.877 0.000
294.25 295.25  13.424 0.000  10.290 0.000
297.25 298.25   5.659 0.000   3.454 0.000
300.25 301.25   9.913 0.000   3.244 0.000
303.25 304.25  13.996 0.000  10.055 0.000
306.25 307.25  13.413 0.000  10.843 0.000
309.25 310.25  15.146 0.000   9.638 0.000
312.25 313.25   7.846 0.000   3.806 0.000
315.25 316.25  10.581 0.000   7.910 0.000
318.25 319.25  12.032 0.000   8.790 0.000
321.25 322.25   8.958 0.000   5.109 0.000
324.25 325.25  24.370 0.000  19.898 0.000
327.25 328.25  16.716 0.000  11.087 0.000
330.25 331.25  10.524 0.000 999.999 0.456
333.25 334.25  13.807 0.000 999.999 0.456
336.25 337.25   7.567 0.000   3.625 0.000
339.25 340.25   5.278 0.000 999.999 0.456
342.25 343.25  11.083 0.000 999.999 0.456
345.25 346.25 999.999 0.999 999.999 0.999
348.25 349.25 999.999 0.999 999.999 0.999
351.25 352.25   2.605 0.000   1.488 0.000
354.25 355.25  12.938 0.000   7.422 0.000
357.25 358.25  10.464 0.000   5.784 0.000
360.25 361.25   8.234 0.000   4.267 0.000
363.25 364.25   4.710 0.000   2.562 0.000
