scripts/IMPROVE-2019_partial/data/US9042R.20010101080000.20191216000000.filterpack...52w.3d.US03L_filterpack_US9042_YOSE1.US03L_IMPROVE_Davis.lev2.nas
60 1001
MISSING INFORMATION
US03L, IMPROVE, , , , , , , 
MISSING INFORMATION
IMPROVE sel_HTAP
1 1
2001 01 01 2019 12 16
3.000000
days from file reference point
5
1 1 1 1 1
999.999999 9999.999 9.999 999.999 9.999
end_time of measurement, days from the file reference point
pm10_mass, ug/m3, Matrix=pm10
numflag pm10_mass, no unit, Matrix=pm10
pm25_mass, ug/m3, Matrix=pm25
numflag pm25_mass, no unit, Matrix=pm25
0
41
Data definition:              EBAS_1.1
Set type code:                TU
Timezone:                     UTC
File name:                    US9042R.20010101080000.20191216000000.filterpack...52w.3d.US03L_filterpack_US9042_YOSE1.US03L_IMPROVE_Davis.lev2.nas
File creation:                20191218120811
Startdate:                    20010101080000
Revision date:                20191216000000
Version:                      2
Version description:          "Data extracted from http://views.cira.colostate.edu/fed/DataWizard 2019-12-16"
Statistics:                   arithmetic mean
Data level:                   2
Period code:                  52w
Resolution code:              3d
Sample duration:              1d
Orig. time res.:              3d
Station code:                 US9042R
Platform code:                US9042S
Station name:                 Yosemite NP
Station WDCA-ID:              GAWAUSCAYOS
Station GAW-ID:               YOS
Station GAW-Name:             Yosemite NP - Turtleback Dome
Station state/province:       CA
Station land use:             Remote park
Station setting:              Mountain
Station GAW type:             C
Station WMO region:           4
Station latitude:             37.7133
Station longitude:            -119.7061
Station altitude:             1605.0 m
Regime:                       IMG
Component:                    
Unit:                         ug/m3
Matrix:                       
Laboratory code:              US03L
Instrument type:              filterpack
Instrument name:              filterpack_US9042_YOSE1
Method ref:                   US03L_IMPROVE_Davis
Blank correction:             Blank corrected
Volume std. temperature:      ambient
Volume std. pressure:         ambient
starttime endtime PM10 flag_PM10 PM2.5 flag_PM2.5
  0.333333   1.333333    2.507 0.000   0.640 0.000
  3.333333   4.333333    3.350 0.000   1.005 0.000
  6.333333   7.333333    3.657 0.000   1.288 0.000
  9.333333  10.333333    0.455 0.000   0.031 0.000
 12.333333  13.333333    0.785 0.000   0.492 0.000
 15.333333  16.333333    1.178 0.000   0.781 0.000
 18.333333  19.333333    0.986 0.000   0.551 0.000
 21.333333  22.333333    2.712 0.000   1.621 0.000
 24.333333  25.333333    0.374 0.000 999.999 0.456
 27.333333  28.333333    2.604 0.000   1.629 0.000
 30.333333  31.333333    3.659 0.000   1.752 0.000
 33.333333  34.333333    1.109 0.000   0.425 0.000
 36.333333  37.333333   12.564 0.000  10.781 0.000
 39.333333  40.333333    3.514 0.000   1.389 0.000
 42.333333  43.333333    0.956 0.000   0.309 0.000
 45.333333  46.333333    5.115 0.000   3.503 0.000
 48.333333  49.333333    2.204 0.000   0.979 0.000
 51.333333  52.333333    0.323 0.000   0.156 0.000
 54.333333  55.333333    0.363 0.000   0.436 0.000
 57.333333  58.333333    2.418 0.000   1.573 0.000
 60.333333  61.333333    1.164 0.000   0.930 0.000
 63.333333  64.333333    0.624 0.000   0.275 0.000
 66.333333  67.333333    5.239 0.000   4.217 0.000
 69.333333  70.333333    4.907 0.000   3.142 0.000
 72.333333  73.333333    6.490 0.000   4.364 0.000
 75.333333  76.333333    5.456 0.000   3.549 0.000
 78.333333  79.333333    3.986 0.000   2.504 0.000
 81.333333  82.333333    7.191 0.000   4.907 0.000
 84.333333  85.333333    4.588 0.000   3.056 0.000
 87.333333  88.333333    5.178 0.000   3.086 0.000
 90.333333  91.333333   11.095 0.000   6.304 0.000
 93.333333  94.333333    6.944 0.000   3.662 0.000
 96.333333  97.333333    0.333 0.000 999.999 0.999
 99.333333 100.333333    4.458 0.000   2.846 0.000
102.333333 103.333333   14.513 0.000   6.571 0.000
105.333333 106.333333   21.984 0.000   9.427 0.000
108.333333 109.333333    2.245 0.000   0.956 0.000
111.333333 112.333333    4.051 0.000   2.542 0.000
114.333333 115.333333    7.639 0.000   4.167 0.000
117.333333 118.333333    8.846 0.000   4.805 0.000
120.333333 121.333333   10.713 0.000   5.263 0.000
123.333333 124.333333    8.794 0.000   3.131 0.000
126.333333 127.333333   15.409 0.000   8.824 0.000
129.333333 130.333333   12.615 0.000   6.319 0.000
132.333333 133.333333   14.998 0.000   7.431 0.000
135.333333 136.333333    4.412 0.000   2.158 0.000
138.333333 139.333333   11.218 0.000   6.080 0.000
141.333333 142.333333   12.797 0.000   6.738 0.000
144.333333 145.333333    8.670 0.000   4.235 0.000
147.333333 148.333333   10.273 0.000   5.122 0.000
150.333333 151.333333   14.951 0.000   7.570 0.559
153.333333 154.333333    7.561 0.000   2.848 0.000
156.333333 157.333333    6.492 0.000   2.661 0.000
159.333333 160.333333    7.843 0.000   3.704 0.000
162.333333 163.333333    7.184 0.000   2.832 0.000
165.333333 166.333333   14.998 0.000   6.913 0.000
168.333333 169.333333    7.027 0.000   3.062 0.000
171.333333 172.333333   14.216 0.000   7.416 0.000
174.333333 175.333333    6.575 0.000   2.357 0.000
177.333333 178.333333   13.113 0.000   4.974 0.000
180.333333 181.333333   10.376 0.000   5.636 0.000
183.333333 184.333333   10.342 0.000   6.117 0.000
186.333333 187.333333    7.884 0.000   4.824 0.000
189.333333 190.333333   10.172 0.000   6.481 0.000
192.333333 193.333333   10.744 0.000   5.948 0.000
195.333333 196.333333    8.946 0.000   4.040 0.000
198.333333 199.333333   11.326 0.000   5.184 0.000
201.333333 202.333333    8.905 0.000   3.751 0.000
204.333333 205.333333 9999.999 0.999 999.999 0.999
207.333333 208.333333    8.946 0.000   4.204 0.000
210.333333 211.333333    8.007 0.000   3.224 0.000
213.333333 214.333333   14.902 0.000   6.259 0.000
216.333333 217.333333    7.838 0.000   3.599 0.000
219.333333 220.333333   16.326 0.000   9.008 0.559
222.333333 223.333333   11.234 0.000   7.011 0.559
225.333333 226.333333   11.971 0.000   7.335 0.000
228.333333 229.333333   13.605 0.000   7.139 0.000
231.333333 232.333333   13.276 0.000   6.650 0.559
234.333333 235.333333  161.281 0.559 999.999 0.699
237.333333 238.333333   87.724 0.559 999.999 0.699
240.333333 241.333333  105.985 0.559 999.999 0.699
243.333333 244.333333   36.202 0.000 999.999 0.699
246.333333 247.333333   20.887 0.000 999.999 0.699
249.333333 250.333333   35.554 0.000 999.999 0.699
252.333333 253.333333   17.505 0.000  10.137 0.559
255.333333 256.333333   22.477 0.000  15.888 0.559
258.333333 259.333333   21.367 0.000 999.999 0.699
261.333333 262.333333   20.874 0.000 999.999 0.699
264.333333 265.333333   20.505 0.000 999.999 0.699
267.333333 268.333333   14.902 0.000 999.999 0.456
270.333333 271.333333    7.476 0.000   4.167 0.000
273.333333 274.333333    8.905 0.000   5.504 0.000
276.333333 277.333333   17.423 0.000  10.434 0.699
279.333333 280.333333   18.409 0.000  11.137 0.000
282.333333 283.333333   13.766 0.000   7.355 0.000
285.333333 286.333333   15.122 0.000   8.938 0.000
288.333333 289.333333    9.453 0.000   4.592 0.000
291.333333 292.333333   11.711 0.000   7.748 0.000
294.333333 295.333333    9.204 0.000   5.670 0.000
297.333333 298.333333   12.990 0.000   7.748 0.000
300.333333 301.333333   13.317 0.000   7.040 0.000
303.333333 304.333333    2.671 0.000   1.658 0.000
306.333333 307.333333    4.289 0.000   3.239 0.000
309.333333 310.333333 9999.999 0.456   5.858 0.000
312.333333 313.333333 9999.999 0.456   4.142 0.000
315.333333 316.333333 9999.999 0.456   0.879 0.000
318.333333 319.333333    3.863 0.000   2.753 0.000
321.333333 322.333333    1.520 0.000   1.014 0.000
324.333333 325.333333    1.233 0.000   0.682 0.000
327.333333 328.333333    4.423 0.000   0.302 0.000
330.333333 331.333333    2.059 0.000   1.471 0.000
333.333333 334.333333    1.943 0.000   0.302 0.000
336.333333 337.333333    0.537 0.000   0.090 0.000
339.333333 340.333333    1.116 0.000   0.447 0.000
342.333333 343.333333    2.356 0.000   1.651 0.000
345.333333 346.333333    2.108 0.000   1.265 0.000
348.333333 349.333333    1.116 0.000   0.461 0.000
351.333333 352.333333    2.297 0.000   0.693 0.000
354.333333 355.333333    0.707 0.000   0.271 0.000
357.333333 358.333333    0.744 0.000   0.359 0.000
360.333333 361.333333    1.075 0.000   0.461 0.000
363.333333 364.333333    0.534 0.000   0.307 0.000
