scripts/IMPROVE-2019_partial/data/US9011R.20150103060000.20191216000000.filterpack...1y.3d.US03L_filterpack_US9011.US03L_IMPROVE_Davis.lev2.nas
52 1001
MISSING INFORMATION
US03L, IMPROVE, , , , , , , 
MISSING INFORMATION
IMPROVE sel_HTAP
1 1
2015 01 01 2019 12 16
3.00
days from file reference point
5
1 1 1 1 1
999.99 999.999 9.999 999.999 9.999
end_time of measurement, days from the file reference point
pm10_mass, ug/m3, Matrix=pm10
numflag pm10_mass, no unit, Matrix=pm10
pm25_mass, ug/m3, Matrix=pm25
numflag pm25_mass, no unit, Matrix=pm25
0
33
Data definition:              EBAS_1.1
Set type code:                TU
Timezone:                     UTC
File name:                    US9011R.20150103060000.20191216000000.filterpack...1y.3d.US03L_filterpack_US9011.US03L_IMPROVE_Davis.lev2.nas
File creation:                20191218120554
Startdate:                    20150103060000
Revision date:                20191216000000
Version:                      2
Version description:          "Data extracted from http://views.cira.colostate.edu/fed/DataWizard 2019-12-16"
Statistics:                   arithmetic mean
Data level:                   2
Period code:                  1y
Resolution code:              3d
Sample duration:              1d
Orig. time res.:              3d
Station code:                 US9011R
Platform code:                US9011S
Station name:                 Mingo
Station latitude:             36.9717
Station longitude:            -90.1432
Station altitude:             111.0 m
Regime:                       IMG
Component:                    
Unit:                         ug/m3
Matrix:                       
Laboratory code:              US03L
Instrument type:              filterpack
Instrument name:              filterpack_US9011
Method ref:                   US03L_IMPROVE_Davis
Blank correction:             Blank corrected
Volume std. temperature:      ambient
Volume std. pressure:         ambient
starttime endtime PM10 flag_PM10 PM2.5 flag_PM2.5
  2.25   3.25   2.673 0.000   1.449 0.000
  5.25   6.25   9.775 0.000   5.050 0.000
  8.25   9.25  12.383 0.000   3.593 0.000
 11.25  12.25  11.231 0.000   8.581 0.000
 14.25  15.25  12.707 0.000  10.111 0.000
 17.25  18.25   6.996 0.000   3.175 0.000
 20.25  21.25   4.061 0.000   2.342 0.000
 23.25  24.25  12.647 0.000   6.688 0.000
 26.25  27.25   6.710 0.000   4.357 0.000
 29.25  30.25  18.179 0.000   4.917 0.000
 32.25  33.25   3.260 0.000   2.468 0.000
 35.25  36.25  12.276 0.000   7.793 0.000
 38.25  39.25  12.319 0.000   8.969 0.000
 41.25  42.25  15.841 0.000  11.301 0.000
 44.25  45.25  24.230 0.000  14.849 0.000
 47.25  48.25  14.103 0.000  10.300 0.000
 50.25  51.25  11.118 0.000   7.834 0.000
 53.25  54.25  10.242 0.000   6.092 0.000
 56.25  57.25  12.908 0.000  10.026 0.000
 59.25  60.25  10.560 0.000   8.863 0.000
 62.25  63.25   6.152 0.000   4.438 0.000
 65.25  66.25  10.587 0.000   6.856 0.000
 68.25  69.25   6.295 0.000   4.415 0.000
 71.25  72.25   5.098 0.000   3.883 0.000
 74.25  75.25   8.241 0.000   4.707 0.000
 77.25  78.25   9.064 0.000   6.402 0.000
 80.25  81.25  14.581 0.000   9.799 0.000
 83.25  84.25  10.105 0.000   5.489 0.000
 86.25  87.25  10.308 0.000   6.823 0.000
 89.25  90.25  26.514 0.000  10.074 0.000
 92.25  93.25   7.163 0.000   3.721 0.000
 95.25  96.25  10.813 0.000   6.870 0.000
 98.25  99.25  14.865 0.000   7.413 0.000
101.25 102.25  14.489 0.000   5.922 0.000
104.25 105.25   9.364 0.000   3.946 0.000
107.25 108.25  13.052 0.000   6.213 0.659
110.25 111.25  10.163 0.000   2.664 0.659
113.25 114.25  11.677 0.000   4.720 0.000
116.25 117.25   8.356 0.000   3.237 0.000
119.25 120.25  19.825 0.000   6.365 0.000
122.25 123.25  30.504 0.000  10.170 0.000
125.25 126.25  31.357 0.000  12.308 0.000
128.25 129.25  10.427 0.000   4.308 0.000
131.25 132.25  12.432 0.000   3.138 0.000
134.25 135.25  15.079 0.000   8.736 0.000
137.25 138.25  15.530 0.000   6.564 0.000
140.25 141.25   8.834 0.000   5.268 0.000
143.25 144.25  15.976 0.000   8.052 0.000
146.25 147.25  11.402 0.000   6.186 0.000
149.25 150.25   8.018 0.000   2.947 0.000
152.25 153.25  13.421 0.000   7.145 0.000
155.25 156.25  11.494 0.000   5.774 0.000
158.25 159.25  18.116 0.000  10.940 0.000
161.25 162.25  25.925 0.000  10.447 0.000
164.25 165.25  13.442 0.000   5.870 0.000
167.25 168.25 999.999 0.456  12.428 0.000
170.25 171.25 999.999 0.456   9.037 0.000
173.25 174.25 999.999 0.456  19.420 0.000
176.25 177.25  10.015 0.000   4.298 0.000
179.25 180.25  15.862 0.000   8.569 0.000
182.25 183.25  11.659 0.000   6.728 0.000
185.25 186.25  21.126 0.000  16.625 0.000
188.25 189.25 999.999 0.999 999.999 0.999
191.25 192.25  26.402 0.000  13.253 0.000
194.25 195.25  19.235 0.000   9.490 0.000
197.25 198.25  24.926 0.000  11.309 0.000
200.25 201.25  11.650 0.000   4.911 0.000
203.25 204.25  15.284 0.000   9.421 0.000
206.25 207.25  14.461 0.000   8.732 0.000
209.25 210.25  17.671 0.000  11.630 0.000
212.25 213.25  18.055 0.000   7.512 0.000
215.25 216.25  28.461 0.000  13.764 0.000
218.25 219.25  16.786 0.000  10.454 0.000
221.25 222.25   7.412 0.000   3.036 0.000
224.25 225.25  11.947 0.000   5.389 0.000
227.25 228.25  17.436 0.000   9.189 0.000
230.25 231.25  10.963 0.000   4.919 0.000
233.25 234.25  12.243 0.000   6.845 0.000
236.25 237.25   8.773 0.000   2.695 0.000
239.25 240.25  21.798 0.000   8.803 0.000
242.25 243.25  19.357 0.000  10.185 0.000
245.25 246.25  31.142 0.000  12.722 0.000
248.25 249.25  34.505 0.000  18.454 0.000
251.25 252.25   8.531 0.000   3.786 0.000
254.25 255.25   7.009 0.000   2.602 0.000
257.25 258.25  18.495 0.000   7.720 0.000
260.25 261.25  39.741 0.000  14.544 0.000
263.25 264.25  13.525 0.000   6.905 0.000
266.25 267.25  17.326 0.000   9.029 0.000
269.25 270.25  12.522 0.000   6.828 0.000
272.25 273.25  13.278 0.000   5.434 0.000
275.25 276.25   9.190 0.000   3.760 0.000
278.25 279.25  16.834 0.000  10.443 0.000
281.25 282.25  18.445 0.000   9.684 0.000
284.25 285.25  21.003 0.000   9.585 0.000
287.25 288.25  21.361 0.000   7.372 0.000
290.25 291.25  13.007 0.000   3.367 0.000
293.25 294.25  61.817 0.000  22.537 0.000
296.25 297.25   7.390 0.000   3.367 0.000
299.25 300.25   3.611 0.000 999.999 0.456
302.25 303.25   7.716 0.000   3.125 0.000
305.25 306.25   9.139 0.000   6.911 0.000
308.25 309.25  14.773 0.000   8.297 0.000
311.25 312.25  10.869 0.000   4.731 0.000
314.25 315.25  12.974 0.000   6.039 0.000
317.25 318.25  20.561 0.000   5.546 0.000
320.25 321.25   8.834 0.000   4.566 0.000
323.25 324.25   7.900 0.000   2.485 0.000
326.25 327.25  16.671 0.000   6.511 0.000
329.25 330.25  13.094 0.000   6.247 0.000
332.25 333.25   5.956 0.000   4.249 0.000
335.25 336.25   3.824 0.000   2.743 0.000
338.25 339.25  15.331 0.000   7.696 0.000
341.25 342.25  15.817 0.000   9.943 0.000
344.25 345.25  12.625 0.000   9.549 0.000
347.25 348.25   2.935 0.000   1.362 0.000
350.25 351.25   7.442 0.000   4.339 0.000
353.25 354.25  10.201 0.000   4.711 0.000
356.25 357.25   7.130 0.000   3.412 0.000
359.25 360.25   7.075 0.000   3.315 0.000
362.25 363.25   2.784 0.000   1.893 0.000
