scripts/IMPROVE-2019_partial/data/US9007R.20020102050000.20191216000000.filterpack..pm25.52w.1w.US03L_filterpack_US9007.US03L_IMPROVE_Davis.lev2.nas
64 1001
MISSING INFORMATION
US03L, IMPROVE, , , , , , , 
MISSING INFORMATION
IMPROVE sel_HTAP
1 1
2002 01 01 2019 12 16
3.000000
days from file reference point
25
1 1 1 1 1 1 1 1 1 1 1 1 1 1 1 1 1 1 1 1 1 1 1 1 1
999.999999 9999.99 9.999 99.99 9.999 9.999 9.999999 99.99 9.999999 99.999 9.999999 999.999 9.999 999.999 9.999 999.999 9.999 999.999 9.999 999.999 9.999 9.999 9.999 99.999 9.999999
end_time of measurement, days from the file reference point
iron, ng/m3, Revision date=20181210133000
numflag iron, no unit, Revision date=20181210133000
lead, ng/m3, Revision date=20181210133000
numflag lead, no unit, Revision date=20181210133000
magnesium, ug/m3, Revision date=20181210133000
numflag magnesium, no unit, Revision date=20181210133000
nickel, ng/m3, Revision date=20181210133000
numflag nickel, no unit, Revision date=20181210133000
nitrate, ug N/m3, Revision date=20181210133000
numflag nitrate, no unit, Revision date=20181210133000
organic_carbon, ug C/m3, Revision date=20181210133000
numflag organic_carbon, no unit, Revision date=20181210133000
organic_mass, ug/m3, Revision date=20181210133000
numflag organic_mass, no unit, Revision date=20181210133000
pm10_mass, ug/m3, Version=2, Version description=Data extracted from http://views.cira.colostate.edu/fed/DataWizard 2019-12-16, Sample duration=1d, Orig. time res.=3d, Matrix=pm10, Blank correction=Blank corrected, Volume std. temperature=ambient, Volume std. pressure=ambient
numflag pm10_mass, no unit, Version=2, Version description=Data extracted from http://views.cira.colostate.edu/fed/DataWizard 2019-12-16, Sample duration=1d, Orig. time res.=3d, Matrix=pm10, Blank correction=Blank corrected, Volume std. temperature=ambient, Volume std. pressure=ambient
pm10_pm25_mass, ug/m3, Revision date=20181210133000, Matrix=pm10_pm25
numflag pm10_pm25_mass, no unit, Revision date=20181210133000, Matrix=pm10_pm25
pm25_mass, ug/m3, Version=2, Version description=Data extracted from http://views.cira.colostate.edu/fed/DataWizard 2019-12-16, Sample duration=1d, Orig. time res.=3d, Blank correction=Blank corrected, Volume std. temperature=ambient, Volume std. pressure=ambient
numflag pm25_mass, no unit, Version=2, Version description=Data extracted from http://views.cira.colostate.edu/fed/DataWizard 2019-12-16, Sample duration=1d, Orig. time res.=3d, Blank correction=Blank corrected, Volume std. temperature=ambient, Volume std. pressure=ambient
potassium, ug/m3, Revision date=20181210133000
numflag potassium, no unit, Revision date=20181210133000
sulphate_total, ug S/m3, Revision date=20181210133000
numflag sulphate_total, no unit, Revision date=20181210133000
0
25
Data definition:              EBAS_1.1
Set type code:                TU
Timezone:                     UTC
File name:                    US9007R.20020102050000.20191216000000.filterpack..pm25.52w.1w.US03L_filterpack_US9007.US03L_IMPROVE_Davis.lev2.nas
File creation:                20191218120533
Startdate:                    20020102050000
Revision date:                20191216000000
Statistics:                   arithmetic mean
Data level:                   2
Period code:                  52w
Resolution code:              1w
Station code:                 US9007R
Platform code:                US9007S
Station name:                 Quabbin Summit
Station latitude:             42.2985
Station longitude:            -72.3346
Station altitude:             317.0 m
Regime:                       IMG
Component:                    
Matrix:                       pm25
Laboratory code:              US03L
Instrument type:              filterpack
Instrument name:              filterpack_US9007
Method ref:                   US03L_IMPROVE_Davis
starttime endtime Fe flag_Fe Pb flag_Pb Mg++ flag_Mg++ Ni flag_Ni NO3- flag_NO3- OC flag_OC OM flag_OM PM10 flag_PM10 PM10-PM2.5 flag_PM10-PM2.5 PM2.5 flag_PM2.5 K+ flag_K+ SO4-- flag_SO4--
  1.208333   2.208333    8.12 0.000  1.71 0.000 9.999 0.259000  0.59 0.000000  0.118 0.559000   0.774 0.000   1.084 0.000   5.773 0.000   1.647 0.000   4.126 0.000 0.023 0.000  0.534 0.559000
  4.208333   5.208333   33.16 0.000  3.66 0.000 9.999 0.259000  0.89 0.000000  0.521 0.559000   2.749 0.000   3.849 0.000  15.404 0.000   4.811 0.000  10.593 0.000 0.048 0.000  0.818 0.559000
  7.208333   8.208333   12.30 0.000  1.67 0.000 9.999 0.259000  0.52 0.000000  0.180 0.559000   0.966 0.000   1.352 0.000   4.840 0.000   1.191 0.000   3.649 0.000 0.025 0.000  0.268 0.559000
 10.208333  11.208333   17.80 0.000  1.63 0.000 9.999 0.259000  1.46 0.000000  0.152 0.559000   1.254 0.000   1.755 0.000   5.146 0.000   0.477 0.000   4.669 0.000 0.028 0.000  0.448 0.559000
 13.208333  14.208333    9.35 0.000  0.83 0.000 9.999 0.259000  0.46 0.000000  0.049 0.559000   0.519 0.000   0.726 0.000   3.807 0.000   1.802 0.000   2.005 0.000 0.016 0.000  0.196 0.559000
 16.208333  17.208333   18.33 0.000  2.73 0.000 9.999 0.259000  1.47 0.000000  0.234 0.000000   1.221 0.000   1.710 0.000   7.656 0.000   0.975 0.000   6.681 0.000 0.029 0.000  0.855 0.000000
 19.208333  20.208333   20.31 0.000  3.95 0.000 9.999 0.259000  1.21 0.000000  0.335 0.000000   2.103 0.000   2.944 0.000   9.120 0.000   1.091 0.000   8.029 0.000 0.058 0.000  0.861 0.000000
 22.208333  23.208333   52.58 0.000  3.46 0.000 9.999 0.259000  4.08 0.000000  0.515 0.559000   1.568 0.000   2.195 0.000  11.672 0.000   4.319 0.000   7.353 0.000 0.038 0.000  0.629 0.559000
 25.208333  26.208333   45.40 0.000  3.69 0.000 9.999 0.259000  0.80 0.000000  0.271 0.000000   1.345 0.000   1.883 0.000  12.299 0.000   6.439 0.000   5.860 0.000 0.048 0.000  0.521 0.000000
 28.208333  29.208333  105.25 0.000  6.59 0.000 9.999 0.259000  2.14 0.000000  0.375 0.559000   3.629 0.000   5.081 0.000  21.335 0.000   3.659 0.000  17.677 0.000 0.114 0.000  1.657 0.559000
 31.208333  32.208333 9999.99 0.999 99.99 0.999 9.999 0.999000 99.99 0.999000 99.999 0.999000 999.999 0.999 999.999 0.999 999.999 0.999 999.999 0.999 999.999 0.999 9.999 0.999 99.999 0.999000
 34.208333  35.208333 9999.99 0.999 99.99 0.999 9.999 0.999000 99.99 0.999000 99.999 0.999000 999.999 0.999 999.999 0.999 999.999 0.999 999.999 0.999 999.999 0.999 9.999 0.999 99.999 0.999000
 37.208333  38.208333  103.80 0.000  6.71 0.000 9.999 0.259000  5.64 0.000000  1.556 0.000000   3.681 0.000   5.153 0.000  26.690 0.000   6.425 0.000  20.265 0.000 0.095 0.000  1.253 0.000000
 40.208333  41.208333   10.97 0.000  2.64 0.000 9.999 0.259000  0.79 0.000000  0.118 0.000000   1.423 0.000   1.992 0.000   7.949 0.000   3.368 0.000   4.581 0.000 0.042 0.000  0.367 0.000000
 43.208333  44.208333    9.52 0.000  1.06 0.000 9.999 0.259000  0.40 0.000000  0.075 0.000000   0.448 0.000   0.627 0.000   4.560 0.000   2.021 0.000   2.538 0.000 0.019 0.000  0.276 0.000000
 46.208333  47.208333   26.79 0.000  2.12 0.000 9.999 0.259000  1.80 0.000000  0.418 0.000000   1.860 0.000   2.605 0.000  12.475 0.000   4.521 0.000   7.954 0.000 0.039 0.000  0.815 0.000000
 49.208333  50.208333   18.74 0.000  2.02 0.000 9.999 0.259000  1.06 0.000000  0.097 0.559000   1.218 0.000   1.706 0.000   6.172 0.000   2.648 0.000   3.524 0.000 0.031 0.000  0.214 0.559000
 52.208333  53.208333    6.76 0.000  1.39 0.000 9.999 0.259000  0.42 0.000000  0.049 0.559000   0.544 0.000   0.761 0.000   4.351 0.000   0.627 0.000   3.723 0.000 0.014 0.000  0.579 0.559000
 55.208333  56.208333   13.96 0.000  2.31 0.000 9.999 0.259000  1.53 0.000000  0.188 0.559000   1.173 0.000   1.642 0.000  10.022 0.000   4.313 0.000   5.709 0.000 0.028 0.000  0.635 0.559000
 58.208333  59.208333    7.13 0.000  1.27 0.000 9.999 0.259000  0.33 0.000000  0.043 0.559000   0.394 0.000   0.551 0.000   4.351 0.000   1.967 0.000   2.384 0.000 0.013 0.000  0.337 0.559000
 61.208333  62.208333    8.26 0.000  0.73 0.000 9.999 0.259000  0.76 0.000000  0.056 0.000000   0.608 0.000   0.851 0.000   5.073 0.000   0.592 0.000   4.481 0.000 0.016 0.000  0.702 0.000000
 64.208333  65.208333   61.91 0.000  7.45 0.000 9.999 0.259000  4.45 0.000000  0.760 0.000000   2.186 0.000   3.060 0.000  19.160 0.000   6.340 0.000  12.820 0.000 0.061 0.000  1.130 0.000000
 67.208333  68.208333   10.04 0.000  2.20 0.000 9.999 0.259000  1.21 0.000000  0.131 0.559000   1.170 0.000   1.639 0.000   9.631 0.000   1.392 0.000   8.239 0.000 0.038 0.000  1.197 0.559000
 70.208333  71.208333   54.88 0.000  3.66 0.000 9.999 0.259000  5.44 0.000000  0.604 0.000000   1.951 0.000   2.732 0.000  16.524 0.000   5.679 0.000  10.845 0.000 0.051 0.000  1.062 0.000000
 73.208333  74.208333   37.99 0.000  4.32 0.000 9.999 0.259000  2.08 0.000000  0.309 0.559000   1.957 0.000   2.739 0.000  16.800 0.000   6.459 0.000  10.341 0.000 0.050 0.000  1.193 0.559000
 76.208333  77.208333   14.05 0.000  6.91 0.000 9.999 0.259000  0.64 0.000000  0.072 0.000000   0.866 0.000   1.212 0.000   5.135 0.000   0.974 0.000   4.161 0.000 0.036 0.000  0.512 0.000000
 79.208333  80.208333   16.12 0.000  1.37 0.000 9.999 0.259000  0.95 0.000000  0.066 0.559000   0.582 0.000   0.814 0.000   5.406 0.000   1.179 0.000   4.227 0.000 0.017 0.000  0.607 0.559000
 82.208333  83.208333   65.32 0.000  2.03 0.000 9.999 0.259000  0.29 0.000000  0.202 0.000000   0.725 0.000   1.014 0.000   8.608 0.000   3.264 0.000   5.344 0.000 0.038 0.000  0.685 0.000000
 85.208333  86.208333    6.66 0.000  0.83 0.000 9.999 0.259000  0.41 0.000000  0.021 0.000000   0.493 0.000   0.690 0.000   4.283 0.000   0.449 0.000   3.835 0.000 0.017 0.000  0.574 0.000000
 88.208333  89.208333   21.35 0.000  2.56 0.000 9.999 0.259000  0.56 0.000000  0.093 0.000000   0.728 0.000   1.019 0.000   8.805 0.000   2.043 0.000   6.762 0.000 0.042 0.000  1.085 0.000000
 91.208333  92.208333   23.01 0.000  1.48 0.000 9.999 0.259000  0.80 0.000000  0.149 0.000000   0.757 0.000   1.060 0.000   8.525 0.000   2.117 0.000   6.408 0.000 0.024 0.000  0.986 0.000000
 94.208333  95.208333    8.12 0.000  1.18 0.000 9.999 0.259000  0.40 0.000000  0.026 0.559000   0.455 0.000   0.637 0.000   3.723 0.000   1.115 0.000   2.608 0.000 0.015 0.000  0.370 0.559000
 97.208333  98.208333   98.23 0.000  3.21 0.000 9.999 0.259000  2.61 0.000000  0.347 0.000000   1.148 0.000   1.607 0.000  16.176 0.000   7.819 0.000   8.357 0.000 0.095 0.000  0.963 0.000000
100.208333 101.208333   43.35 0.000  2.61 0.000 0.048 0.000000  0.62 0.000000  0.075 0.000000   0.739 0.000   1.035 0.000   8.774 0.000   3.090 0.000   5.684 0.000 0.050 0.000  0.743 0.000000
103.208333 104.208333   15.17 0.000  1.10 0.000 9.999 0.259000  0.62 0.000000  0.076 0.559000   0.637 0.000   0.892 0.000   4.299 0.000   1.698 0.000   2.601 0.000 0.018 0.000  0.258 0.559000
106.208333 107.208333   77.40 0.000  2.87 0.000 9.999 0.259000  1.57 0.000000  0.112 0.000000   2.441 0.000   3.418 0.000  21.773 0.000   4.684 0.000  17.089 0.000 0.058 0.000  2.581 0.000000
109.208333 110.208333   34.48 0.000  2.79 0.000 9.999 0.259000  0.34 0.000000  0.031 0.000000   0.841 0.000   1.177 0.000   6.448 0.000   2.587 0.000   3.861 0.000 0.037 0.000  0.380 0.000000
112.208333 113.208333   12.23 0.000  1.85 0.000 9.999 0.259000  0.40 0.000000  0.036 0.000000   0.600 0.000   0.840 0.000   3.908 0.000   0.743 0.000   3.165 0.000 0.025 0.000  0.391 0.000000
115.208333 116.208333   26.58 0.000  1.08 0.000 9.999 0.259000  0.64 0.000000  0.125 0.000000   0.484 0.000   0.678 0.000   5.281 0.000   1.853 0.000   3.428 0.000 0.024 0.000  0.450 0.000000
118.208333 119.208333    1.45 0.000 99.99 0.259 9.999 0.259000 99.99 0.259000  0.010 0.000000   0.198 0.000   0.277 0.000   0.873 0.000   0.098 0.000   0.775 0.000 0.006 0.000  0.070 0.000000
121.208333 122.208333   14.16 0.000  1.13 0.000 9.999 0.259000  0.62 0.000000  0.087 0.559000   0.600 0.000   0.840 0.000   4.366 0.000   0.521 0.000   3.845 0.000 0.022 0.000  0.523 0.559000
124.208333 125.208333   49.53 0.000  3.20 0.000 9.999 0.259000  1.46 0.000000  0.099 0.559000   1.458 0.000   2.041 0.000  10.127 0.000   3.482 0.000   6.645 0.000 0.038 0.000  0.714 0.559000
127.208333 128.208333   35.86 0.394  1.72 0.394 9.999 0.394259  0.49 0.394000  0.050 0.559394   1.021 0.000   1.430 0.000   9.619 0.000   4.038 0.000   5.581 0.000 0.034 0.394  0.727 0.559394
130.208333 131.208333   29.49 0.000  2.05 0.000 9.999 0.259000 99.99 0.259000  0.024 0.559000   0.733 0.000   1.027 0.000   7.854 0.000   4.322 0.000   3.532 0.000 0.033 0.000  0.382 0.559000
133.208333 134.208333    7.56 0.000  0.82 0.000 9.999 0.259000  0.29 0.000000  0.010 0.559000   0.423 0.000   0.592 0.000   2.495 0.000   0.699 0.000   1.796 0.000 0.012 0.000  0.200 0.559000
136.208333 137.208333   41.44 0.000  2.18 0.000 9.999 0.259000  0.46 0.000000  0.038 0.559000   1.355 0.000   1.897 0.000  10.210 0.000   3.596 0.000   6.614 0.000 0.031 0.000  0.774 0.559000
139.208333 140.208333   11.20 0.000  0.98 0.000 9.999 0.259000  0.44 0.000000  0.013 0.559000   0.527 0.000   0.738 0.000   3.265 0.000   1.248 0.000   2.018 0.000 0.016 0.000  0.235 0.559000
142.208333 143.208333   68.99 0.000  2.98 0.000 9.999 0.259000  2.22 0.000000  0.151 0.559000   1.810 0.000   2.534 0.000  14.385 0.000   6.474 0.000   7.911 0.000 0.031 0.000  0.829 0.559000
145.208333 146.208333   30.70 0.000  2.17 0.000 9.999 0.259000  1.00 0.000000  0.185 0.559000   1.398 0.000   1.957 0.000  15.377 0.000   7.535 0.000   7.842 0.000 0.059 0.000  0.892 0.559000
148.208333 149.208333   41.41 0.000  1.73 0.000 9.999 0.259000  1.52 0.000000  0.098 0.559000   1.096 0.000   1.534 0.000  17.176 0.000   3.018 0.000  14.158 0.000 0.049 0.000  2.555 0.559000
151.208333 152.208333   41.90 0.000  1.50 0.000 0.030 0.000000  0.19 0.000000  0.104 0.000000   3.257 0.000   4.561 0.000  20.425 0.000  11.206 0.000   9.219 0.000 0.078 0.000  0.523 0.000000
154.208333 155.208333   29.15 0.000  1.20 0.000 9.999 0.259000  0.59 0.000000  0.044 0.559000   0.885 0.000   1.239 0.000   8.670 0.000   4.599 0.000   4.071 0.000 0.022 0.000  0.374 0.559000
157.208333 158.208333   10.19 0.000  1.26 0.000 9.999 0.259000  0.32 0.000000  0.028 0.559000   0.853 0.000   1.194 0.000   6.035 0.000   2.383 0.000   3.652 0.000 0.020 0.000  0.334 0.559000
160.208333 161.208333   17.53 0.000  0.87 0.000 9.999 0.259000  0.30 0.000000  0.019 0.000000   0.895 0.000   1.253 0.000   6.410 0.000   3.945 0.000   2.465 0.000 0.016 0.000  0.158 0.000000
163.208333 164.208333   10.23 0.000  1.56 0.000 9.999 0.259000  0.36 0.000000  0.043 0.559000   0.550 0.000   0.769 0.000   5.547 0.000   2.210 0.000   3.337 0.000 0.011 0.000  0.391 0.559000
166.208333 167.208333    4.71 0.000  1.09 0.000 9.999 0.259000  0.20 0.000000  0.025 0.559000   0.531 0.000   0.743 0.000   5.498 0.000   1.586 0.000   3.912 0.000 0.013 0.000  0.557 0.559000
169.208333 170.208333   35.91 0.000  2.61 0.000 9.999 0.259000  1.26 0.000000  0.052 0.559000   2.386 0.000   3.341 0.000  12.122 0.000   2.803 0.000   9.319 0.000 0.033 0.000  0.958 0.559000
172.208333 173.208333   43.54 0.000  3.33 0.000 0.154 0.000000  1.65 0.000000  0.100 0.559000   3.284 0.000   4.598 0.000  20.875 0.000   2.467 0.000  18.407 0.000 0.050 0.000  2.599 0.559000
175.208333 176.208333   37.33 0.000  2.77 0.000 9.999 0.259000  0.76 0.000000  0.035 0.559000   1.977 0.000   2.768 0.000  10.339 0.000   5.498 0.000   4.842 0.000 0.031 0.000  0.249 0.559000
178.208333 179.208333   15.47 0.000  1.35 0.000 9.999 0.259000  0.45 0.000000  0.070 0.000000   1.762 0.000   2.467 0.000  10.848 0.000   2.955 0.000   7.893 0.000 0.028 0.000  0.953 0.000000
181.208333 182.208333   37.99 0.000  2.64 0.000 9.999 0.259000  1.19 0.000000  0.062 0.559000   5.773 0.000   8.082 0.000  28.558 0.000   4.527 0.000  24.031 0.000 0.102 0.000  2.874 0.559000
184.208333 185.208333  268.52 0.000  2.79 0.000 0.052 0.000000  0.23 0.000000  0.067 0.559000   2.858 0.000   4.002 0.000  23.448 0.000   6.978 0.000  16.470 0.000 0.180 0.000  1.487 0.559000
187.208333 188.208333   17.19 0.559  5.75 0.559 9.999 0.559259 99.99 0.559259  0.125 0.000000  34.163 0.000  47.829 0.000  67.258 0.000   1.105 0.000  66.153 0.559 0.475 0.559  0.413 0.000000
190.208333 191.208333   15.45 0.000  1.35 0.000 9.999 0.259000  0.37 0.000000  0.067 0.000000   4.784 0.000   6.698 0.000  15.956 0.000   2.804 0.000  13.151 0.000 0.087 0.000  0.828 0.000000
193.208333 194.208333   51.20 0.000  2.61 0.000 9.999 0.259000  1.34 0.000000  0.102 0.000000   2.772 0.000   3.880 0.000  16.026 0.000   4.994 0.000  11.031 0.000 0.053 0.000  1.077 0.000000
196.208333 197.208333   10.10 0.000  1.12 0.000 9.999 0.259000 99.99 0.259000  0.021 0.000000   1.767 0.000   2.474 0.000   8.102 0.000   2.878 0.000   5.224 0.000 0.028 0.000  0.292 0.000000
199.208333 200.208333   37.15 0.000  3.10 0.000 0.128 0.000000  1.22 0.000000  0.088 0.000000   4.099 0.000   5.738 0.000  22.313 0.000   0.865 0.000  21.448 0.000 0.063 0.000  2.714 0.000000
202.208333 203.208333   39.02 0.000  1.59 0.000 0.051 0.000000  2.34 0.000000  0.109 0.000000   4.265 0.000   5.972 0.000  21.162 0.000   4.262 0.000  16.900 0.000 0.054 0.000  1.748 0.000000
205.208333 206.208333   19.04 0.000  1.37 0.000 9.999 0.259000  0.90 0.000000  0.036 0.000000   1.380 0.000   1.932 0.000   7.109 0.000   2.960 0.000   4.149 0.000 0.016 0.000  0.223 0.000000
208.208333 209.208333   18.25 0.000  2.14 0.000 9.999 0.259000  1.80 0.000000  0.070 0.000000   1.180 0.000   1.652 0.000  20.007 0.000   0.187 0.000  19.819 0.000 0.019 0.000  3.461 0.000000
211.208333 212.208333   22.69 0.000  1.24 0.000 9.999 0.259000  0.21 0.000000  0.017 0.559000   2.301 0.000   3.222 0.000  11.070 0.000   3.419 0.000   7.651 0.000 0.023 0.000  0.591 0.559000
214.208333 215.208333   13.44 0.000  0.79 0.000 9.999 0.259000  0.46 0.000000  0.043 0.000000   2.203 0.000   3.083 0.000  12.377 0.000   3.016 0.000   9.361 0.000 0.023 0.000  1.207 0.000000
217.208333 218.208333   12.32 0.000  0.61 0.000 9.999 0.259000 99.99 0.259000  0.016 0.559000   0.620 0.000   0.868 0.000   6.040 0.000   3.644 0.000   2.397 0.000 0.014 0.000  0.220 0.559000
220.208333 221.208333   22.76 0.000  0.99 0.000 9.999 0.259000  0.88 0.000000  0.028 0.000000   1.105 0.000   1.547 0.000   6.698 0.000   3.652 0.000   3.046 0.000 0.021 0.000  0.144 0.000000
223.208333 224.208333   66.76 0.000  3.13 0.000 0.117 0.000000  2.74 0.000000  0.074 0.559000   3.618 0.000   5.065 0.000  32.257 0.000   3.923 0.000  28.333 0.000 0.047 0.000  4.408 0.559000
226.208333 227.208333   46.40 0.000  1.11 0.000 9.999 0.259000  3.08 0.000000  0.112 0.000000   2.440 0.000   3.416 0.000  20.956 0.000   6.237 0.000  14.719 0.000 0.047 0.000  2.158 0.000000
229.208333 230.208333   56.65 0.000  2.63 0.000 9.999 0.259000  1.82 0.000000  0.066 0.000000   3.293 0.000   4.610 0.000  25.723 0.000   2.990 0.000  22.733 0.000 0.045 0.000  3.644 0.000000
232.208333 233.208333   22.75 0.000  1.83 0.000 9.999 0.259000  0.85 0.000000  0.029 0.000000   1.676 0.000   2.346 0.000   8.506 0.000   3.213 0.000   5.293 0.000 0.021 0.000  0.474 0.000000
235.208333 236.208333   11.49 0.000  1.69 0.000 9.999 0.259000  0.57 0.000000  0.052 0.000000   1.042 0.000   1.458 0.000   4.754 0.000   1.606 0.000   3.148 0.000 0.019 0.000  0.187 0.000000
238.208333 239.208333   20.72 0.000  2.00 0.000 0.031 0.000000  0.75 0.000000  0.025 0.559000   1.585 0.000   2.219 0.000   8.180 0.000   3.574 0.000   4.606 0.000 0.023 0.000  0.290 0.559000
241.208333 242.208333    4.95 0.000  0.37 0.000 0.051 0.000000  0.22 0.000000  0.019 0.000000   0.768 0.000   1.075 0.000   3.041 0.000   1.585 0.000   1.456 0.000 0.010 0.000  0.063 0.000000
244.208333 245.208333    6.68 0.000  1.53 0.000 0.038 0.000000  0.43 0.000000  0.071 0.000000   1.037 0.000   1.452 0.000   6.035 0.000   2.258 0.000   3.777 0.000 0.045 0.000  0.362 0.000000
247.208333 248.208333    9.24 0.000  1.21 0.000 9.999 0.259000 99.99 0.259000  0.016 0.000000   0.823 0.000   1.152 0.000   5.794 0.000   3.175 0.000   2.619 0.000 0.016 0.000  0.211 0.000000
