scripts/IMPROVE-2019_partial/data/US9035R.20120101070000.20191216000000.filterpack...52w.3d.US03L_filterpack_US9035.US03L_IMPROVE_Davis.lev2.nas
51 1001
MISSING INFORMATION
US03L, IMPROVE, , , , , , , 
MISSING INFORMATION
IMPROVE sel_HTAP
1 1
2012 01 01 2019 12 16
3.000000
days from file reference point
4
1 1 1 1
999.999999 999.999 999.999 9.999
end_time of measurement, days from the file reference point
pm10_mass, ug/m3, Matrix=pm10
pm25_mass, ug/m3, Matrix=pm25
numflag, no unit
0
33
Data definition:              EBAS_1.1
Set type code:                TU
Timezone:                     UTC
File name:                    US9035R.20120101070000.20191216000000.filterpack...52w.3d.US03L_filterpack_US9035.US03L_IMPROVE_Davis.lev2.nas
File creation:                20191218120740
Startdate:                    20120101070000
Revision date:                20191216000000
Version:                      2
Version description:          "Data extracted from http://views.cira.colostate.edu/fed/DataWizard 2019-12-16"
Statistics:                   arithmetic mean
Data level:                   2
Period code:                  52w
Resolution code:              3d
Sample duration:              1d
Orig. time res.:              3d
Station code:                 US9035R
Platform code:                US9035S
Station name:                 Sycamore Canyon
Station latitude:             35.1406
Station longitude:            -111.9692
Station altitude:             2046.0 m
Regime:                       IMG
Component:                    
Unit:                         ug/m3
Matrix:                       
Laboratory code:              US03L
Instrument type:              filterpack
Instrument name:              filterpack_US9035
Method ref:                   US03L_IMPROVE_Davis
Blank correction:             Blank corrected
Volume std. temperature:      ambient
Volume std. pressure:         ambient
starttime endtime PM10 PM2.5 flag
  0.291667   1.291667   4.243   3.055 0.000
  3.291667   4.291667 999.999 999.999 0.999
  6.291667   7.291667 999.999 999.999 0.999
  9.291667  10.291667 999.999 999.999 0.999
 12.291667  13.291667   6.574   3.405 0.000
 15.291667  16.291667   2.306   1.785 0.000
 18.291667  19.291667   2.819   2.163 0.000
 21.291667  22.291667   7.320   3.696 0.000
 24.291667  25.291667   0.959   0.747 0.000
 27.291667  28.291667   2.126   1.091 0.000
 30.291667  31.291667   5.106   2.342 0.000
 33.291667  34.291667   4.464   3.415 0.000
 36.291667  37.291667   7.607   3.611 0.000
 39.291667  40.291667   5.218   1.994 0.000
 42.291667  43.291667   9.264   3.422 0.000
 45.291667  46.291667   3.735   2.639 0.000
 48.291667  49.291667   3.882   2.140 0.000
 51.291667  52.291667   2.602   4.970 0.000
 54.291667  55.291667   4.387   1.937 0.000
 57.291667  58.291667  14.450   4.023 0.000
 60.291667  61.291667   5.853   4.080 0.000
 63.291667  64.291667   7.936   4.287 0.000
 66.291667  67.291667  23.356   6.411 0.000
 69.291667  70.291667   8.824   3.962 0.000
 72.291667  73.291667  13.049   4.815 0.000
 75.291667  76.291667  24.281   7.719 0.000
 78.291667  79.291667   2.045   4.644 0.000
 81.291667  82.291667   1.935   3.684 0.000
 84.291667  85.291667   7.905   3.875 0.000
 87.291667  88.291667  19.689  11.149 0.000
 90.291667  91.291667   8.638   5.416 0.000
 93.291667  94.291667   5.724   2.401 0.000
 96.291667  97.291667  17.292  11.763 0.000
 99.291667 100.291667  14.149   5.510 0.000
102.291667 103.291667 999.999 999.999 0.999
105.291667 106.291667 999.999 999.999 0.999
108.291667 109.291667   5.933   3.896 0.000
111.291667 112.291667  16.023   5.036 0.000
114.291667 115.291667 999.999 999.999 0.999
117.291667 118.291667  11.820   5.389 0.000
120.291667 121.291667  11.911   6.762 0.000
123.291667 124.291667   9.830   5.735 0.000
126.291667 127.291667  14.027   6.612 0.000
129.291667 130.291667  12.542   6.951 0.000
132.291667 133.291667  36.874  20.306 0.000
135.291667 136.291667  22.721   8.936 0.000
138.291667 139.291667  17.061   9.224 0.000
141.291667 142.291667  26.070  13.596 0.000
144.291667 145.291667  36.224  13.335 0.000
147.291667 148.291667  28.726   7.516 0.000
150.291667 151.291667  20.226   7.311 0.000
153.291667 154.291667  34.294  13.436 0.000
156.291667 157.291667  20.856   6.470 0.000
159.291667 160.291667  24.446   7.993 0.000
162.291667 163.291667  51.632  12.800 0.000
165.291667 166.291667  65.658  19.303 0.000
168.291667 169.291667  35.136  12.187 0.000
171.291667 172.291667  43.416  15.891 0.000
174.291667 175.291667  41.826  16.831 0.000
177.291667 178.291667  27.338   9.601 0.000
180.291667 181.291667  28.962  14.886 0.000
183.291667 184.291667  27.435  11.546 0.000
186.291667 187.291667  22.572   9.482 0.000
189.291667 190.291667  38.354   9.687 0.000
192.291667 193.291667  25.956   8.229 0.000
195.291667 196.291667   4.769  11.041 0.000
198.291667 199.291667   9.246   5.375 0.000
201.291667 202.291667  12.813   5.995 0.000
204.291667 205.291667  10.861   3.906 0.000
207.291667 208.291667  11.016   5.165 0.000
210.291667 211.291667   5.384   4.218 0.000
213.291667 214.291667   5.816   3.487 0.000
216.291667 217.291667   5.750   3.168 0.000
219.291667 220.291667   7.836   3.828 0.000
222.291667 223.291667  16.971   7.363 0.000
225.291667 226.291667   9.333   4.986 0.000
228.291667 229.291667  12.768   8.364 0.000
231.291667 232.291667   7.414  14.599 0.000
234.291667 235.291667   4.109   9.889 0.000
237.291667 238.291667   5.345   7.831 0.000
240.291667 241.291667   8.236  10.666 0.000
243.291667 244.291667  12.526  10.127 0.000
246.291667 247.291667   5.765   4.168 0.000
249.291667 250.291667   9.204   9.767 0.000
252.291667 253.291667   8.075   6.781 0.000
255.291667 256.291667   3.438   5.048 0.000
258.291667 259.291667  11.656   7.704 0.000
261.291667 262.291667  16.274   9.766 0.000
264.291667 265.291667  75.924  24.836 0.000
267.291667 268.291667  10.457   8.205 0.000
270.291667 271.291667  18.173  12.658 0.000
273.291667 274.291667  48.993  15.160 0.000
276.291667 277.291667  18.389   8.725 0.000
279.291667 280.291667  19.556   7.769 0.000
282.291667 283.291667  12.325   5.436 0.000
285.291667 286.291667   2.871   2.014 0.000
288.291667 289.291667   5.500   3.037 0.000
291.291667 292.291667  11.647   5.564 0.000
294.291667 295.291667  10.042   5.501 0.000
297.291667 298.291667   5.958   4.050 0.000
300.291667 301.291667   8.290   4.288 0.000
303.291667 304.291667  20.385   9.756 0.000
306.291667 307.291667  19.351   9.764 0.000
309.291667 310.291667  15.205   8.492 0.000
312.291667 313.291667  10.874   6.234 0.000
315.291667 316.291667   7.657   6.553 0.000
318.291667 319.291667   7.048  10.394 0.000
321.291667 322.291667   4.902   5.418 0.000
324.291667 325.291667  11.822   6.610 0.000
327.291667 328.291667   7.471   6.066 0.000
330.291667 331.291667  11.743   5.247 0.000
333.291667 334.291667  10.780   5.476 0.000
336.291667 337.291667   7.847   3.432 0.000
339.291667 340.291667  10.456   4.627 0.000
342.291667 343.291667  12.961   4.920 0.000
345.291667 346.291667  13.857   6.315 0.000
348.291667 349.291667   0.635   1.449 0.000
351.291667 352.291667   1.223   2.126 0.000
354.291667 355.291667   2.904   1.994 0.000
357.291667 358.291667   4.839   3.973 0.000
360.291667 361.291667 999.999 999.999 0.999
363.291667 364.291667 999.999 999.999 0.999
