scripts/IMPROVE-2019_partial/data/US9042R.19940101080000.20191216000000.filterpack...1y.3d.US03L_filterpack_US9042_YOSE1.US03L_IMPROVE_Davis.lev2.nas
60 1001
MISSING INFORMATION
US03L, IMPROVE, , , , , , , 
MISSING INFORMATION
IMPROVE sel_HTAP
1 1
1994 01 01 2019 12 16
0
days from file reference point
5
1 1 1 1 1
999.999999 999.999 9.999 999.999 9.999
end_time of measurement, days from the file reference point
pm10_mass, ug/m3, Matrix=pm10
numflag pm10_mass, no unit, Matrix=pm10
pm25_mass, ug/m3, Matrix=pm25
numflag pm25_mass, no unit, Matrix=pm25
0
41
Data definition:              EBAS_1.1
Set type code:                TI
Timezone:                     UTC
File name:                    US9042R.19940101080000.20191216000000.filterpack...1y.3d.US03L_filterpack_US9042_YOSE1.US03L_IMPROVE_Davis.lev2.nas
File creation:                20191218120810
Startdate:                    19940101080000
Revision date:                20191216000000
Version:                      2
Version description:          "Data extracted from http://views.cira.colostate.edu/fed/DataWizard 2019-12-16"
Statistics:                   arithmetic mean
Data level:                   2
Period code:                  1y
Resolution code:              3d
Sample duration:              1d
Orig. time res.:              3d
Station code:                 US9042R
Platform code:                US9042S
Station name:                 Yosemite NP
Station WDCA-ID:              GAWAUSCAYOS
Station GAW-ID:               YOS
Station GAW-Name:             Yosemite NP - Turtleback Dome
Station state/province:       CA
Station land use:             Remote park
Station setting:              Mountain
Station GAW type:             C
Station WMO region:           4
Station latitude:             37.7133
Station longitude:            -119.7061
Station altitude:             1605.0 m
Regime:                       IMG
Component:                    
Unit:                         ug/m3
Matrix:                       
Laboratory code:              US03L
Instrument type:              filterpack
Instrument name:              filterpack_US9042_YOSE1
Method ref:                   US03L_IMPROVE_Davis
Blank correction:             Blank corrected
Volume std. temperature:      ambient
Volume std. pressure:         ambient
starttime endtime PM10 flag_PM10 PM2.5 flag_PM2.5
  0.333333   1.333333   1.830 0.000   0.723 0.000
  4.333333   5.333333   1.583 0.000   0.476 0.000
  7.333333   8.333333   2.208 0.000   0.958 0.000
 11.333333  12.333333   2.857 0.000   2.036 0.000
 14.333333  15.333333   6.230 0.000   1.211 0.000
 18.333333  19.333333   3.178 0.000   1.489 0.000
 21.333333  22.333333   3.319 0.000   1.889 0.000
 25.333333  26.333333   1.598 0.000   0.929 0.000
 28.333333  29.333333   4.192 0.000   2.917 0.000
 32.333333  33.333333   2.773 0.000   1.484 0.000
 35.333333  36.333333   3.247 0.000   1.516 0.000
 39.333333  40.333333 999.999 0.999   1.516 0.000
 42.333333  43.333333   5.758 0.000   1.613 0.000
 46.333333  47.333333   3.814 0.000   2.484 0.000
 49.333333  50.333333   1.209 0.000   0.350 0.000
 53.333333  54.333333   9.283 0.000   1.646 0.000
 56.333333  57.333333  11.630 0.000   6.013 0.000
 60.333333  61.333333   5.720 0.000   2.305 0.000
 63.333333  64.333333   4.044 0.000   1.807 0.000
 67.333333  68.333333   7.857 0.000   5.763 0.000
 70.333333  71.333333   5.242 0.000   2.308 0.000
 74.333333  75.333333  15.887 0.000   9.652 0.000
 77.333333  78.333333   5.128 0.000   3.135 0.000
 81.333333  82.333333   5.223 0.000   2.884 0.000
 84.333333  85.333333   3.729 0.000   2.320 0.000
 88.333333  89.333333   6.778 0.000   4.172 0.000
 91.333333  92.333333   9.429 0.000   5.329 0.000
 95.333333  96.333333   6.601 0.000   2.835 0.000
 98.333333  99.333333   2.640 0.000   1.300 0.000
102.333333 103.333333   5.654 0.000   3.488 0.000
105.333333 106.333333  18.300 0.000   9.969 0.000
109.333333 110.333333  10.086 0.000   5.194 0.000
112.333333 113.333333   7.043 0.000   2.968 0.000
116.333333 117.333333   5.939 0.000   1.630 0.000
119.333333 120.333333  11.440 0.000   6.144 0.000
123.333333 124.333333   7.742 0.000   3.605 0.000
126.333333 127.333333   3.259 0.000 999.999 0.259
130.333333 131.333333  15.802 0.000   8.248 0.000
133.333333 134.333333  16.091 0.000   9.427 0.000
137.333333 138.333333   4.180 0.000   1.558 0.000
140.333333 141.333333   9.224 0.000   3.956 0.000
144.333333 145.333333  12.261 0.000   7.205 0.000
147.333333 148.333333  11.929 0.000   6.335 0.000
151.333333 152.333333   9.644 0.000   3.639 0.000
154.333333 155.333333  10.316 0.000   3.449 0.000
158.333333 159.333333   8.684 0.000   4.890 0.000
161.333333 162.333333  12.278 0.000   6.740 0.000
165.333333 166.333333   9.636 0.000   4.321 0.000
168.333333 169.333333  12.313 0.000   6.304 0.000
172.333333 173.333333  11.624 0.000   5.754 0.000
175.333333 176.333333  10.664 0.000   6.369 0.000
179.333333 180.333333  12.132 0.000   5.123 0.000
182.333333 183.333333  12.985 0.000   4.877 0.000
186.333333 187.333333 999.999 0.999 999.999 0.999
189.333333 190.333333 999.999 0.999 999.999 0.999
193.333333 194.333333 999.999 0.999 999.999 0.999
196.333333 197.333333 999.999 0.999  20.224 0.000
200.333333 201.333333 999.999 0.999  12.994 0.000
203.333333 204.333333 999.999 0.999   9.352 0.000
207.333333 208.333333  13.496 0.000  11.804 0.000
210.333333 211.333333  20.513 0.000  11.930 0.000
214.333333 215.333333 999.999 0.999 999.999 0.999
217.333333 218.333333  11.434 0.000   8.731 0.000
221.333333 222.333333  13.262 0.000   9.844 0.000
224.333333 225.333333 999.999 0.999 999.999 0.999
228.333333 229.333333  19.632 0.000  15.186 0.000
231.333333 232.333333  11.397 0.000   7.578 0.000
235.333333 236.333333  13.057 0.000 999.999 0.999
238.333333 239.333333  15.426 0.000   9.803 0.000
242.333333 243.333333  10.578 0.000   7.214 0.000
245.333333 246.333333 999.999 0.999 999.999 0.999
249.333333 250.333333  10.947 0.000   6.762 0.000
252.333333 253.333333  14.271 0.000   5.520 0.000
256.333333 257.333333   9.929 0.000   5.948 0.000
259.333333 260.333333  11.000 0.000   5.776 0.000
263.333333 264.333333   5.979 0.000   3.526 0.000
266.333333 267.333333   8.159 0.000   3.815 0.000
270.333333 271.333333   5.113 0.000   2.645 0.000
273.333333 274.333333   7.138 0.000   5.353 0.000
277.333333 278.333333   3.993 0.000   1.370 0.000
280.333333 281.333333   4.267 0.000   2.886 0.000
284.333333 285.333333   8.805 0.000   5.132 0.000
287.333333 288.333333   4.272 0.000   2.362 0.000
291.333333 292.333333   8.198 0.000   4.821 0.000
294.333333 295.333333  12.164 0.000   9.094 0.000
298.333333 299.333333  15.324 0.000  12.636 0.000
301.333333 302.333333   7.589 0.000   4.159 0.000
305.333333 306.333333   6.897 0.000   4.622 0.000
308.333333 309.333333   3.093 0.000   0.653 0.000
312.333333 313.333333   2.466 0.000   1.284 0.000
315.333333 316.333333   2.558 0.000   1.506 0.000
319.333333 320.333333   2.717 0.000   2.229 0.000
322.333333 323.333333   5.652 0.000   1.920 0.000
326.333333 327.333333   2.509 0.000   0.945 0.000
329.333333 330.333333   4.883 0.000   0.520 0.000
333.333333 334.333333   3.429 0.000   0.828 0.000
336.333333 337.333333   4.327 0.000   0.781 0.000
340.333333 341.333333   5.391 0.000   1.206 0.000
343.333333 344.333333   3.921 0.000   1.302 0.000
347.333333 348.333333   6.125 0.000   1.896 0.000
350.333333 351.333333   2.996 0.000   0.489 0.000
354.333333 355.333333   4.274 0.000   1.277 0.000
357.333333 358.333333   4.174 0.000   0.895 0.000
361.333333 362.333333   4.104 0.000   0.723 0.000
364.333333 365.333333   2.023 0.000   0.938 0.000
