scripts/IMPROVE-2019_partial/data/US9036R.19950104070000.20191216000000.filterpack...1y.3d.US03L_filterpack_US9036.US03L_IMPROVE_Davis.lev2.nas
51 1001
MISSING INFORMATION
US03L, IMPROVE, , , , , , , 
MISSING INFORMATION
IMPROVE sel_HTAP
1 1
1995 01 01 2019 12 16
0
days from file reference point
4
1 1 1 1
999.999999 999.999 999.999 9.999
end_time of measurement, days from the file reference point
pm10_mass, ug/m3, Matrix=pm10
pm25_mass, ug/m3, Matrix=pm25
numflag, no unit
0
33
Data definition:              EBAS_1.1
Set type code:                TI
Timezone:                     UTC
File name:                    US9036R.19950104070000.20191216000000.filterpack...1y.3d.US03L_filterpack_US9036.US03L_IMPROVE_Davis.lev2.nas
File creation:                20191218120744
Startdate:                    19950104070000
Revision date:                20191216000000
Version:                      2
Version description:          "Data extracted from http://views.cira.colostate.edu/fed/DataWizard 2019-12-16"
Statistics:                   arithmetic mean
Data level:                   2
Period code:                  1y
Resolution code:              3d
Sample duration:              1d
Orig. time res.:              3d
Station code:                 US9036R
Platform code:                US9036S
Station name:                 Tonto NM
Station latitude:             33.6548
Station longitude:            -111.1068
Station altitude:             775.0 m
Regime:                       IMG
Component:                    
Unit:                         ug/m3
Matrix:                       
Laboratory code:              US03L
Instrument type:              filterpack
Instrument name:              filterpack_US9036
Method ref:                   US03L_IMPROVE_Davis
Blank correction:             Blank corrected
Volume std. temperature:      ambient
Volume std. pressure:         ambient
starttime endtime PM10 PM2.5 flag
  3.291667   4.291667   3.794   2.036 0.000
  6.291667   7.291667   5.117   3.070 0.000
 10.291667  11.291667   5.759   3.488 0.000
 13.291667  14.291667   9.291   2.578 0.000
 17.291667  18.291667   6.766   1.006 0.000
 20.291667  21.291667   5.353   2.362 0.000
 24.291667  25.291667   9.111   2.766 0.000
 27.291667  28.291667   3.556   3.222 0.000
 31.291667  32.291667   5.387   2.246 0.000
 34.291667  35.291667   7.601   2.202 0.000
 38.291667  39.291667  28.092   7.031 0.000
 41.291667  42.291667  10.305   4.228 0.000
 45.291667  46.291667   4.014   0.898 0.000
 48.291667  49.291667   5.233   3.404 0.000
 52.291667  53.291667   4.568   2.835 0.000
 55.291667  56.291667  10.036   4.636 0.000
 59.291667  60.291667   7.646   3.960 0.000
 62.291667  63.291667   7.609   2.863 0.000
 66.291667  67.291667   5.615   1.645 0.000
 69.291667  70.291667   4.987   3.487 0.000
 73.291667  74.291667  13.224   3.878 0.000
 76.291667  77.291667   7.310   3.785 0.000
 80.291667  81.291667  10.509   2.406 0.000
 83.291667  84.291667   4.960   1.675 0.000
 87.291667  88.291667  13.964   3.241 0.000
 90.291667  91.291667  10.790   4.660 0.000
 94.291667  95.291667  15.233   4.947 0.000
 97.291667  98.291667  23.752   5.562 0.000
101.291667 102.291667  13.582   4.198 0.000
104.291667 105.291667  13.540   3.457 0.000
108.291667 109.291667   5.998   1.795 0.000
111.291667 112.291667   5.000   3.001 0.000
115.291667 116.291667   9.406   4.870 0.000
118.291667 119.291667   9.627   4.509 0.000
122.291667 123.291667  10.062   3.409 0.000
125.291667 126.291667  18.297   6.726 0.000
129.291667 130.291667  12.222   5.351 0.000
132.291667 133.291667  15.035   6.343 0.000
136.291667 137.291667  10.749   4.668 0.000
139.291667 140.291667  14.365   5.231 0.000
143.291667 144.291667  17.042   4.861 0.000
146.291667 147.291667  11.712   5.042 0.000
150.291667 151.291667  11.610   4.600 0.000
153.291667 154.291667  19.965   8.221 0.000
157.291667 158.291667  18.768   6.474 0.000
160.291667 161.291667   9.331   4.443 0.000
164.291667 165.291667  20.578   9.289 0.000
167.291667 168.291667  13.165   5.414 0.000
171.291667 172.291667  11.692   2.813 0.000
174.291667 175.291667  16.216   4.893 0.000
178.291667 179.291667  11.312   5.142 0.000
181.291667 182.291667  16.359   7.242 0.000
185.291667 186.291667  15.863   6.058 0.000
188.291667 189.291667   8.777   4.914 0.000
192.291667 193.291667  17.433   5.342 0.000
195.291667 196.291667   7.125   4.274 0.000
199.291667 200.291667   9.736   4.384 0.000
202.291667 203.291667   8.777   2.482 0.000
206.291667 207.291667  10.893   4.530 0.000
209.291667 210.291667  16.392   5.223 0.000
213.291667 214.291667  15.696   7.600 0.000
216.291667 217.291667  16.901   7.749 0.000
220.291667 221.291667  11.133   5.134 0.000
223.291667 224.291667   9.443   5.365 0.000
227.291667 228.291667  14.002   3.947 0.000
230.291667 231.291667   7.322   4.031 0.000
234.291667 235.291667  10.101   6.501 0.000
237.291667 238.291667   7.931   4.403 0.000
241.291667 242.291667  13.194   7.479 0.000
244.291667 245.291667  12.181   6.797 0.000
248.291667 249.291667  12.902   6.444 0.000
251.291667 252.291667   7.022   3.589 0.000
255.291667 256.291667  11.406   2.976 0.000
258.291667 259.291667   8.457   3.560 0.000
262.291667 263.291667  11.698   5.969 0.000
265.291667 266.291667  12.069   4.226 0.000
269.291667 270.291667   9.889   3.592 0.000
272.291667 273.291667   7.999   3.293 0.000
276.291667 277.291667  12.866   4.509 0.000
279.291667 280.291667  11.936   5.020 0.000
283.291667 284.291667  11.271   7.518 0.000
286.291667 287.291667  20.427   6.585 0.000
290.291667 291.291667  13.851   7.005 0.000
293.291667 294.291667  33.341  13.980 0.000
297.291667 298.291667  19.645   8.588 0.000
300.291667 301.291667  16.897   9.323 0.000
304.291667 305.291667   8.059   3.396 0.000
307.291667 308.291667   9.284   5.178 0.000
311.291667 312.291667   9.112   5.712 0.000
314.291667 315.291667  51.120   3.412 0.000
318.291667 319.291667   9.133   4.864 0.000
321.291667 322.291667  12.162   7.901 0.000
325.291667 326.291667  13.406   7.901 0.000
328.291667 329.291667  12.304   7.412 0.000
332.291667 333.291667   5.888   2.741 0.000
335.291667 336.291667  12.417   7.809 0.000
339.291667 340.291667  12.751   6.166 0.000
342.291667 343.291667   5.330   3.364 0.000
346.291667 347.291667 999.999 999.999 0.999
349.291667 350.291667 999.999 999.999 0.999
353.291667 354.291667 999.999 999.999 0.999
356.291667 357.291667 999.999 999.999 0.999
360.291667 361.291667 999.999 999.999 0.999
363.291667 364.291667 999.999 999.999 0.999
