scripts/IMPROVE-2019_partial/data/US9045R.19950104080000.20191216000000.filterpack...1y.3d.US03L_filterpack_US9045.US03L_IMPROVE_Davis.lev2.nas
51 1001
MISSING INFORMATION
US03L, IMPROVE, , , , , , , 
MISSING INFORMATION
IMPROVE sel_HTAP
1 1
1995 01 01 2019 12 16
0
days from file reference point
4
1 1 1 1
999.999999 9999.999 9999.999 9.999
end_time of measurement, days from the file reference point
pm10_mass, ug/m3, Matrix=pm10
pm25_mass, ug/m3, Matrix=pm25
numflag, no unit
0
33
Data definition:              EBAS_1.1
Set type code:                TI
Timezone:                     UTC
File name:                    US9045R.19950104080000.20191216000000.filterpack...1y.3d.US03L_filterpack_US9045.US03L_IMPROVE_Davis.lev2.nas
File creation:                20191218120828
Startdate:                    19950104080000
Revision date:                20191216000000
Version:                      2
Version description:          "Data extracted from http://views.cira.colostate.edu/fed/DataWizard 2019-12-16"
Statistics:                   arithmetic mean
Data level:                   2
Period code:                  1y
Resolution code:              3d
Sample duration:              1d
Orig. time res.:              3d
Station code:                 US9045R
Platform code:                US9045S
Station name:                 Sequoia NP
Station latitude:             36.4894
Station longitude:            -118.8291
Station altitude:             519.0 m
Regime:                       IMG
Component:                    
Unit:                         ug/m3
Matrix:                       
Laboratory code:              US03L
Instrument type:              filterpack
Instrument name:              filterpack_US9045
Method ref:                   US03L_IMPROVE_Davis
Blank correction:             Blank corrected
Volume std. temperature:      ambient
Volume std. pressure:         ambient
starttime endtime PM10 PM2.5 flag
  3.333333   4.333333    2.687    0.556 0.000
  6.333333   7.333333    3.745    0.895 0.000
 10.333333  11.333333    8.438    2.250 0.000
 13.333333  14.333333    6.815    1.491 0.000
 17.333333  18.333333    6.830    1.242 0.000
 20.333333  21.333333   10.309    2.346 0.000
 24.333333  25.333333    3.477    0.906 0.000
 27.333333  28.333333    3.871    0.876 0.000
 31.333333  32.333333    7.168    3.550 0.000
 34.333333  35.333333    3.986    1.331 0.000
 38.333333  39.333333    5.470    1.250 0.000
 41.333333  42.333333   12.069    8.140 0.000
 45.333333  46.333333    7.932    4.894 0.000
 48.333333  49.333333   22.536   18.834 0.000
 52.333333  53.333333   17.814    6.627 0.000
 55.333333  56.333333   44.113   20.723 0.000
 59.333333  60.333333    9.895    6.552 0.000
 62.333333  63.333333    5.271    1.714 0.000
 66.333333  67.333333    3.051    1.507 0.000
 69.333333  70.333333    4.966    1.068 0.000
 73.333333  74.333333   15.873   10.985 0.000
 76.333333  77.333333   38.723   22.984 0.000
 80.333333  81.333333    2.946    0.634 0.000
 83.333333  84.333333    5.913    2.593 0.000
 87.333333  88.333333    7.287    4.846 0.000
 90.333333  91.333333   17.274   10.209 0.000
 94.333333  95.333333   22.286   10.417 0.000
 97.333333  98.333333   15.680    4.952 0.000
101.333333 102.333333   13.600    7.128 0.000
104.333333 105.333333   13.349    7.438 0.000
108.333333 109.333333    8.016    4.191 0.000
111.333333 112.333333   11.196    4.849 0.000
115.333333 116.333333   26.729   15.572 0.000
118.333333 119.333333    7.936    3.925 0.000
122.333333 123.333333   11.194    6.316 0.000
125.333333 126.333333    8.005    3.606 0.000
129.333333 130.333333   18.592   11.715 0.000
132.333333 133.333333    7.562    2.325 0.000
136.333333 137.333333   14.341    6.703 0.000
139.333333 140.333333   18.186   11.099 0.000
143.333333 144.333333   10.221    6.011 0.000
146.333333 147.333333   16.695    9.395 0.000
150.333333 151.333333   19.444   10.357 0.000
153.333333 154.333333   25.028   12.307 0.000
157.333333 158.333333   13.678 9999.999 0.000
160.333333 161.333333   21.319   10.786 0.000
164.333333 165.333333   35.427    9.229 0.000
167.333333 168.333333   20.974    3.077 0.000
171.333333 172.333333   14.189    7.780 0.000
174.333333 175.333333   17.066    9.279 0.000
178.333333 179.333333   25.777   14.036 0.000
181.333333 182.333333   23.750   12.006 0.000
185.333333 186.333333   24.746   16.028 0.000
188.333333 189.333333   24.033   13.274 0.000
192.333333 193.333333   18.760    6.444 0.000
195.333333 196.333333   20.730   10.228 0.000
199.333333 200.333333   12.917    8.455 0.000
202.333333 203.333333   25.938   13.156 0.000
206.333333 207.333333   26.935   12.760 0.000
209.333333 210.333333   24.306   13.072 0.000
213.333333 214.333333   23.340   12.893 0.000
216.333333 217.333333 9999.999   10.156 0.000
220.333333 221.333333   22.293   10.752 0.000
223.333333 224.333333   27.959   14.957 0.000
227.333333 228.333333   27.312   13.382 0.000
230.333333 231.333333   24.908    9.452 0.000
234.333333 235.333333   19.517   10.881 0.000
237.333333 238.333333   25.246   12.041 0.000
241.333333 242.333333   24.142   11.425 0.000
244.333333 245.333333   23.656    9.921 0.000
248.333333 249.333333   34.649    9.581 0.000
251.333333 252.333333   25.538    8.681 0.000
255.333333 256.333333   26.535   14.081 0.000
258.333333 259.333333 9999.999 9999.999 0.999
262.333333 263.333333   26.042   13.332 0.000
265.333333 266.333333  125.638   12.137 0.000
269.333333 270.333333   24.490   11.946 0.000
272.333333 273.333333   22.533    8.269 0.000
276.333333 277.333333 9999.999   19.146 0.000
279.333333 280.333333   38.540   13.597 0.000
283.333333 284.333333   24.018   12.632 0.000
286.333333 287.333333   38.503   25.040 0.000
290.333333 291.333333   44.665   21.963 0.000
293.333333 294.333333   51.108   29.394 0.000
297.333333 298.333333   44.888   24.168 0.000
300.333333 301.333333   39.841   25.522 0.000
304.333333 305.333333   36.421   22.102 0.000
307.333333 308.333333   35.239   25.684 0.000
311.333333 312.333333   20.313   14.980 0.000
314.333333 315.333333   40.362   41.808 0.000
318.333333 319.333333   97.665   31.557 0.000
321.333333 322.333333  110.742   39.021 0.000
325.333333 326.333333  113.580   38.718 0.000
328.333333 329.333333  170.818  101.741 0.000
332.333333 333.333333   70.509   46.393 0.000
335.333333 336.333333   73.380   22.135 0.000
339.333333 340.333333   67.009   27.924 0.000
342.333333 343.333333   23.070   24.113 0.000
346.333333 347.333333    5.707    1.624 0.000
349.333333 350.333333    9.864    5.321 0.000
353.333333 354.333333   27.818   24.424 0.000
356.333333 357.333333    9.943    6.470 0.000
360.333333 361.333333 9999.999 9999.999 0.999
363.333333 364.333333   14.925    6.538 0.000
