scripts/IMPROVE-2019_partial/data/US9080R.20170101070000.20191216000000.filterpack...52w.3d.US03L_filterpack_US9080.US03L_IMPROVE_Davis.lev2.nas
51 1001
MISSING INFORMATION
US03L, IMPROVE, , , , , , , 
MISSING INFORMATION
IMPROVE sel_HTAP
1 1
2017 01 01 2019 12 16
3.000000
days from file reference point
4
1 1 1 1
999.999999 999.999 999.999 9.999
end_time of measurement, days from the file reference point
pm10_mass, ug/m3, Matrix=pm10
pm25_mass, ug/m3, Matrix=pm25
numflag, no unit
0
33
Data definition:              EBAS_1.1
Set type code:                TU
Timezone:                     UTC
File name:                    US9080R.20170101070000.20191216000000.filterpack...52w.3d.US03L_filterpack_US9080.US03L_IMPROVE_Davis.lev2.nas
File creation:                20191218121103
Startdate:                    20170101070000
Revision date:                20191216000000
Version:                      2
Version description:          "Data extracted from http://views.cira.colostate.edu/fed/DataWizard 2019-12-16"
Statistics:                   arithmetic mean
Data level:                   2
Period code:                  52w
Resolution code:              3d
Sample duration:              1d
Orig. time res.:              3d
Station code:                 US9080R
Platform code:                US9080S
Station name:                 Thunder Basin
Station latitude:             44.6634
Station longitude:            -105.2874
Station altitude:             1195.0 m
Regime:                       IMG
Component:                    
Unit:                         ug/m3
Matrix:                       
Laboratory code:              US03L
Instrument type:              filterpack
Instrument name:              filterpack_US9080
Method ref:                   US03L_IMPROVE_Davis
Blank correction:             Blank corrected
Volume std. temperature:      ambient
Volume std. pressure:         ambient
starttime endtime PM10 PM2.5 flag
  0.291667   1.291667 999.999 999.999 0.999
  3.291667   4.291667 999.999 999.999 0.999
  6.291667   7.291667 999.999 999.999 0.999
  9.291667  10.291667 999.999 999.999 0.999
 12.291667  13.291667 999.999 999.999 0.999
 15.291667  16.291667 999.999 999.999 0.999
 18.291667  19.291667   4.824   2.207 0.000
 21.291667  22.291667   2.595   1.884 0.000
 24.291667  25.291667   3.169   2.597 0.000
 27.291667  28.291667   2.155   1.112 0.000
 30.291667  31.291667 999.999 999.999 0.456
 33.291667  34.291667 999.999 999.999 0.456
 36.291667  37.291667 999.999 999.999 0.456
 39.291667  40.291667   8.397   2.129 0.000
 42.291667  43.291667   5.354   1.356 0.000
 45.291667  46.291667   9.634   2.332 0.000
 48.291667  49.291667   5.269   1.777 0.000
 51.291667  52.291667   3.780   1.108 0.000
 54.291667  55.291667   4.805   3.832 0.000
 57.291667  58.291667   8.640   3.016 0.000
 60.291667  61.291667   1.776   1.200 0.000
 63.291667  64.291667   8.432   2.190 0.000
 66.291667  67.291667   4.472   1.896 0.000
 69.291667  70.291667   5.308   4.033 0.000
 72.291667  73.291667   4.667   2.171 0.000
 75.291667  76.291667   6.153   2.536 0.000
 78.291667  79.291667   6.091   2.859 0.000
 81.291667  82.291667   2.641   1.881 0.000
 84.291667  85.291667   1.589   1.240 0.000
 87.291667  88.291667   3.712   1.578 0.000
 90.291667  91.291667   4.842   2.821 0.000
 93.291667  94.291667   1.876   1.506 0.000
 96.291667  97.291667   7.071   2.067 0.000
 99.291667 100.291667   1.978   1.663 0.000
102.291667 103.291667  17.454   8.093 0.000
105.291667 106.291667   3.718   1.348 0.000
108.291667 109.291667   2.665   0.991 0.000
111.291667 112.291667   2.500   1.476 0.000
114.291667 115.291667 999.999 999.999 0.999
117.291667 118.291667 999.999 999.999 0.999
120.291667 121.291667 999.999 999.999 0.999
123.291667 124.291667   6.157   2.263 0.000
126.291667 127.291667  11.139   3.755 0.000
129.291667 130.291667   5.826   2.458 0.000
132.291667 133.291667   8.209   2.998 0.000
135.291667 136.291667   4.703   2.662 0.000
138.291667 139.291667   4.160   2.171 0.000
141.291667 142.291667   4.864   3.159 0.000
144.291667 145.291667   8.051   2.197 0.000
147.291667 148.291667   7.417   3.388 0.000
150.291667 151.291667  12.390   3.444 0.000
153.291667 154.291667   8.383   2.942 0.000
156.291667 157.291667   7.227   2.911 0.000
159.291667 160.291667  15.306   4.767 0.000
162.291667 163.291667  12.002   3.330 0.000
165.291667 166.291667   7.139   2.382 0.000
168.291667 169.291667   6.043   1.675 0.000
171.291667 172.291667   9.803   2.982 0.000
174.291667 175.291667   9.261   3.138 0.000
177.291667 178.291667  15.859   3.840 0.000
180.291667 181.291667   5.619   2.281 0.000
183.291667 184.291667  12.055   4.153 0.000
186.291667 187.291667  17.224   6.438 0.000
189.291667 190.291667  20.359   8.391 0.000
192.291667 193.291667  10.368   5.848 0.000
195.291667 196.291667  11.786   4.204 0.000
198.291667 199.291667  16.488   9.138 0.000
201.291667 202.291667  24.572  16.339 0.000
204.291667 205.291667  16.470   8.779 0.000
207.291667 208.291667  10.894   4.739 0.000
210.291667 211.291667  12.317   5.981 0.000
213.291667 214.291667  15.081   9.779 0.000
216.291667 217.291667  18.054  14.367 0.000
219.291667 220.291667  12.224   6.499 0.000
222.291667 223.291667  15.075   8.734 0.000
225.291667 226.291667  14.383   7.508 0.000
228.291667 229.291667  16.547   8.904 0.000
231.291667 232.291667  24.966  10.920 0.000
234.291667 235.291667  27.489  12.771 0.000
237.291667 238.291667  19.557  13.776 0.000
240.291667 241.291667  26.405  16.251 0.000
243.291667 244.291667  53.553  37.328 0.000
246.291667 247.291667  23.738  10.888 0.000
249.291667 250.291667  18.637   5.687 0.000
252.291667 253.291667  35.528  21.912 0.000
255.291667 256.291667  61.540  44.559 0.000
258.291667 259.291667   1.440   0.602 0.000
261.291667 262.291667   6.764   3.512 0.000
264.291667 265.291667   5.915   1.931 0.000
267.291667 268.291667   1.182   0.874 0.000
270.291667 271.291667   6.825   2.534 0.000
273.291667 274.291667   3.814   2.128 0.000
276.291667 277.291667   3.924   1.379 0.000
279.291667 280.291667   4.854   2.007 0.000
282.291667 283.291667   4.410   1.592 0.000
285.291667 286.291667   7.177   3.336 0.000
288.291667 289.291667   5.169   1.445 0.000
291.291667 292.291667  18.162   4.563 0.000
294.291667 295.291667   7.600   1.201 0.000
297.291667 298.291667  11.527   2.689 0.000
300.291667 301.291667   4.217   1.789 0.000
303.291667 304.291667   4.711   1.190 0.000
306.291667 307.291667   6.985   4.039 0.000
309.291667 310.291667   4.479   4.406 0.000
312.291667 313.291667   5.566   2.730 0.000
315.291667 316.291667   1.916   0.815 0.000
318.291667 319.291667   3.838   0.938 0.000
321.291667 322.291667   1.495   0.633 0.000
324.291667 325.291667   2.869   1.381 0.000
327.291667 328.291667   1.897   0.697 0.000
330.291667 331.291667   6.721   1.249 0.000
333.291667 334.291667   9.678   2.004 0.000
336.291667 337.291667  11.238   2.511 0.000
339.291667 340.291667   2.511   1.208 0.000
342.291667 343.291667   5.191   0.993 0.000
345.291667 346.291667  23.102   6.065 0.000
348.291667 349.291667  10.655   2.693 0.000
351.291667 352.291667   2.002   0.731 0.000
354.291667 355.291667   5.971   3.449 0.000
357.291667 358.291667   2.063   1.103 0.000
360.291667 361.291667   6.425   3.128 0.000
363.291667 364.291667   3.791   2.054 0.000
