scripts/IMPROVE-2019_partial/data/US9045R.20070103080000.20191216000000.filterpack...1y.3d.US03L_filterpack_US9045.US03L_IMPROVE_Davis.lev2.nas
52 1001
MISSING INFORMATION
US03L, IMPROVE, , , , , , , 
MISSING INFORMATION
IMPROVE sel_HTAP
1 1
2007 01 01 2019 12 16
3.000000
days from file reference point
5
1 1 1 1 1
999.999999 999.999 9.999 999.999 9.999
end_time of measurement, days from the file reference point
pm10_mass, ug/m3, Matrix=pm10
numflag pm10_mass, no unit, Matrix=pm10
pm25_mass, ug/m3, Matrix=pm25
numflag pm25_mass, no unit, Matrix=pm25
0
33
Data definition:              EBAS_1.1
Set type code:                TU
Timezone:                     UTC
File name:                    US9045R.20070103080000.20191216000000.filterpack...1y.3d.US03L_filterpack_US9045.US03L_IMPROVE_Davis.lev2.nas
File creation:                20191218120830
Startdate:                    20070103080000
Revision date:                20191216000000
Version:                      2
Version description:          "Data extracted from http://views.cira.colostate.edu/fed/DataWizard 2019-12-16"
Statistics:                   arithmetic mean
Data level:                   2
Period code:                  1y
Resolution code:              3d
Sample duration:              1d
Orig. time res.:              3d
Station code:                 US9045R
Platform code:                US9045S
Station name:                 Sequoia NP
Station latitude:             36.4894
Station longitude:            -118.8291
Station altitude:             519.0 m
Regime:                       IMG
Component:                    
Unit:                         ug/m3
Matrix:                       
Laboratory code:              US03L
Instrument type:              filterpack
Instrument name:              filterpack_US9045
Method ref:                   US03L_IMPROVE_Davis
Blank correction:             Blank corrected
Volume std. temperature:      ambient
Volume std. pressure:         ambient
starttime endtime PM10 flag_PM10 PM2.5 flag_PM2.5
  2.333333   3.333333   6.130 0.000   3.897 0.000
  5.333333   6.333333   4.709 0.000   2.739 0.000
  8.333333   9.333333   6.443 0.000   1.935 0.000
 11.333333  12.333333   6.263 0.000   5.351 0.000
 14.333333  15.333333   4.656 0.000   2.395 0.000
 17.333333  18.333333  10.354 0.000   7.478 0.000
 20.333333  21.333333  25.996 0.000  20.271 0.000
 23.333333  24.333333   2.426 0.000   0.952 0.000
 26.333333  27.333333  16.641 0.000  11.779 0.000
 29.333333  30.333333  11.742 0.000  10.087 0.000
 32.333333  33.333333  20.307 0.000  17.360 0.000
 35.333333  36.333333   4.044 0.000   2.391 0.000
 38.333333  39.333333   8.287 0.000   6.102 0.000
 41.333333  42.333333   3.698 0.000   0.743 0.000
 44.333333  45.333333   4.544 0.000   1.878 0.000
 47.333333  48.333333   6.148 0.000   3.689 0.000
 50.333333  51.333333   5.800 0.000   2.601 0.000
 53.333333  54.333333   1.476 0.000   0.626 0.000
 56.333333  57.333333   3.267 0.000   1.289 0.000
 59.333333  60.333333   3.109 0.000   1.880 0.000
 62.333333  63.333333   4.750 0.000   2.563 0.000
 65.333333  66.333333  12.422 0.000   7.718 0.000
 68.333333  69.333333  17.693 0.000  11.406 0.000
 71.333333  72.333333  13.322 0.000   5.625 0.000
 74.333333  75.333333  11.221 0.000   4.691 0.000
 77.333333  78.333333  15.555 0.000   9.245 0.000
 80.333333  81.333333   9.170 0.000   2.963 0.000
 83.333333  84.333333  14.613 0.000   8.625 0.000
 86.333333  87.333333   4.175 0.000   1.889 0.000
 89.333333  90.333333  10.954 0.000   5.554 0.000
 92.333333  93.333333  13.555 0.000   7.665 0.000
 95.333333  96.333333  21.235 0.000  12.124 0.000
 98.333333  99.333333  11.759 0.000   6.051 0.000
101.333333 102.333333   6.198 0.000   3.354 0.000
104.333333 105.333333   3.014 0.000   2.114 0.000
107.333333 108.333333 999.999 0.999 999.999 0.999
110.333333 111.333333   8.803 0.000   5.320 0.000
113.333333 114.333333   8.933 0.000   5.560 0.000
116.333333 117.333333  13.963 0.000   7.367 0.000
119.333333 120.333333  13.597 0.000   7.069 0.000
122.333333 123.333333   9.732 0.000   4.174 0.000
125.333333 126.333333   8.770 0.000   4.126 0.000
128.333333 129.333333  18.424 0.000   8.847 0.000
131.333333 132.333333  24.570 0.000  10.457 0.000
134.333333 135.333333  26.223 0.000  11.603 0.000
137.333333 138.333333  26.881 0.000  10.711 0.000
140.333333 141.333333  23.197 0.000   7.787 0.000
143.333333 144.333333  18.993 0.000   5.993 0.000
146.333333 147.333333  24.866 0.000  10.892 0.000
149.333333 150.333333  32.987 0.000  12.494 0.000
152.333333 153.333333  30.654 0.000  15.026 0.000
155.333333 156.333333  21.431 0.000   7.196 0.000
158.333333 159.333333  19.438 0.000   6.662 0.000
161.333333 162.333333  21.697 0.000   8.544 0.000
164.333333 165.333333  34.197 0.000  13.270 0.000
167.333333 168.333333  19.288 0.000   7.579 0.000
170.333333 171.333333  27.082 0.000   9.123 0.000
173.333333 174.333333  26.600 0.000  10.531 0.000
176.333333 177.333333  21.166 0.000   7.550 0.000
179.333333 180.333333  29.225 0.000   9.610 0.000
182.333333 183.333333  22.395 0.000   8.089 0.000
185.333333 186.333333  24.217 0.000   8.928 0.000
188.333333 189.333333  22.960 0.000  10.756 0.000
191.333333 192.333333  36.447 0.000  11.743 0.000
194.333333 195.333333  23.493 0.000  10.727 0.000
197.333333 198.333333  25.432 0.000   7.410 0.000
200.333333 201.333333  26.262 0.000   9.107 0.000
203.333333 204.333333  21.620 0.000   8.254 0.000
206.333333 207.333333  25.500 0.000   8.839 0.000
209.333333 210.333333  19.099 0.000   7.957 0.000
212.333333 213.333333  26.237 0.000   8.210 0.000
215.333333 216.333333  16.453 0.000   6.631 0.000
218.333333 219.333333  24.330 0.000   6.858 0.000
221.333333 222.333333  28.606 0.000   9.253 0.000
224.333333 225.333333  25.841 0.000   9.423 0.000
227.333333 228.333333  36.919 0.000   9.318 0.000
230.333333 231.333333  33.253 0.000  16.569 0.000
233.333333 234.333333  30.533 0.000  10.089 0.000
236.333333 237.333333  29.097 0.000  10.037 0.000
239.333333 240.333333  20.345 0.000   7.027 0.000
242.333333 243.333333  23.151 0.000   7.710 0.000
245.333333 246.333333  17.109 0.000   6.629 0.000
248.333333 249.333333  45.615 0.000  13.770 0.000
251.333333 252.333333  36.798 0.000  18.457 0.000
254.333333 255.333333  38.162 0.000  13.357 0.000
257.333333 258.333333  37.529 0.000   7.343 0.000
260.333333 261.333333  23.068 0.000   8.761 0.000
263.333333 264.333333  23.133 0.000   6.693 0.000
266.333333 267.333333  10.893 0.000   5.511 0.000
269.333333 270.333333  10.782 0.000   5.361 0.000
272.333333 273.333333  11.134 0.000   5.141 0.000
275.333333 276.333333  34.652 0.000  21.634 0.659
278.333333 279.333333   7.697 0.000   3.396 0.000
281.333333 282.333333   9.471 0.000   3.410 0.000
284.333333 285.333333  26.324 0.000 999.999 0.999
287.333333 288.333333  18.666 0.000 999.999 0.999
290.333333 291.333333  11.495 0.000   4.887 0.000
293.333333 294.333333  10.378 0.000   3.543 0.000
296.333333 297.333333   8.011 0.000   2.238 0.000
299.333333 300.333333  30.041 0.000  15.877 0.000
302.333333 303.333333  16.166 0.000   9.335 0.000
305.333333 306.333333  23.535 0.000  17.897 0.000
308.333333 309.333333   9.041 0.000   5.080 0.000
311.333333 312.333333  31.934 0.000  21.632 0.000
314.333333 315.333333  14.009 0.000  11.290 0.000
317.333333 318.333333  10.279 0.000   4.773 0.000
320.333333 321.333333  26.263 0.000  21.545 0.000
323.333333 324.333333  35.168 0.000  27.199 0.000
326.333333 327.333333  29.701 0.000  22.481 0.000
329.333333 330.333333   9.679 0.000   5.854 0.000
332.333333 333.333333  16.399 0.000  11.233 0.000
335.333333 336.333333   3.161 0.000   1.769 0.000
338.333333 339.333333  32.420 0.000  19.710 0.000
341.333333 342.333333   3.663 0.000   1.876 0.000
344.333333 345.333333   8.341 0.000   6.893 0.000
347.333333 348.333333   9.802 0.000   8.200 0.000
350.333333 351.333333   5.263 0.000   3.858 0.000
353.333333 354.333333 999.999 0.456   0.904 0.000
356.333333 357.333333  11.014 0.000   8.992 0.000
359.333333 360.333333 999.999 0.999 999.999 0.999
362.333333 363.333333   4.189 0.000   2.720 0.000
