scripts/IMPROVE-2019_partial/data/US9002R.20000101070000.20191216000000.filterpack..pm25.52w.1w.US03L_filterpack_US9002.US03L_IMPROVE_Davis.lev2.nas
64 1001
MISSING INFORMATION
US03L, IMPROVE, , , , , , , 
MISSING INFORMATION
IMPROVE sel_HTAP
1 1
2000 01 01 2019 12 16
0
days from file reference point
25
1 1 1 1 1 1 1 1 1 1 1 1 1 1 1 1 1 1 1 1 1 1 1 1 1
999.999999 9999.99 9.999 99.99 9.999999 9.999 9.999999 9.99 9.999999 9.999 9.999999 99.999 9.999 99.999 9.999 999.999 9.999 999.999 9.999 999.999 9.999 9.999 9.999 9.999 9.999999
end_time of measurement, days from the file reference point
iron, ng/m3, Revision date=20181210133000
numflag iron, no unit, Revision date=20181210133000
lead, ng/m3, Revision date=20181210133000
numflag lead, no unit, Revision date=20181210133000
magnesium, ug/m3, Revision date=20181210133000
numflag magnesium, no unit, Revision date=20181210133000
nickel, ng/m3, Revision date=20181210133000
numflag nickel, no unit, Revision date=20181210133000
nitrate, ug N/m3, Revision date=20181210133000
numflag nitrate, no unit, Revision date=20181210133000
organic_carbon, ug C/m3, Revision date=20181210133000
numflag organic_carbon, no unit, Revision date=20181210133000
organic_mass, ug/m3, Revision date=20181210133000
numflag organic_mass, no unit, Revision date=20181210133000
pm10_mass, ug/m3, Version=2, Version description=Data extracted from http://views.cira.colostate.edu/fed/DataWizard 2019-12-16, Sample duration=1d, Orig. time res.=3d, Matrix=pm10, Blank correction=Blank corrected, Volume std. temperature=ambient, Volume std. pressure=ambient
numflag pm10_mass, no unit, Version=2, Version description=Data extracted from http://views.cira.colostate.edu/fed/DataWizard 2019-12-16, Sample duration=1d, Orig. time res.=3d, Matrix=pm10, Blank correction=Blank corrected, Volume std. temperature=ambient, Volume std. pressure=ambient
pm10_pm25_mass, ug/m3, Revision date=20181210133000, Matrix=pm10_pm25
numflag pm10_pm25_mass, no unit, Revision date=20181210133000, Matrix=pm10_pm25
pm25_mass, ug/m3, Version=2, Version description=Data extracted from http://views.cira.colostate.edu/fed/DataWizard 2019-12-16, Sample duration=1d, Orig. time res.=3d, Blank correction=Blank corrected, Volume std. temperature=ambient, Volume std. pressure=ambient
numflag pm25_mass, no unit, Version=2, Version description=Data extracted from http://views.cira.colostate.edu/fed/DataWizard 2019-12-16, Sample duration=1d, Orig. time res.=3d, Blank correction=Blank corrected, Volume std. temperature=ambient, Volume std. pressure=ambient
potassium, ug/m3, Revision date=20181210133000
numflag potassium, no unit, Revision date=20181210133000
sulphate_total, ug S/m3, Revision date=20181210133000
numflag sulphate_total, no unit, Revision date=20181210133000
0
25
Data definition:              EBAS_1.1
Set type code:                TI
Timezone:                     UTC
File name:                    US9002R.20000101070000.20191216000000.filterpack..pm25.52w.1w.US03L_filterpack_US9002.US03L_IMPROVE_Davis.lev2.nas
File creation:                20191218120520
Startdate:                    20000101070000
Revision date:                20191216000000
Statistics:                   arithmetic mean
Data level:                   2
Period code:                  52w
Resolution code:              1w
Station code:                 US9002R
Platform code:                US9002S
Station name:                 Mount Zirkel Wilderness
Station latitude:             40.5383
Station longitude:            -106.6766
Station altitude:             3243.0 m
Regime:                       IMG
Component:                    
Matrix:                       pm25
Laboratory code:              US03L
Instrument type:              filterpack
Instrument name:              filterpack_US9002
Method ref:                   US03L_IMPROVE_Davis
starttime endtime Fe flag_Fe Pb flag_Pb Mg++ flag_Mg++ Ni flag_Ni NO3- flag_NO3- OC flag_OC OM flag_OM PM10 flag_PM10 PM10-PM2.5 flag_PM10-PM2.5 PM2.5 flag_PM2.5 K+ flag_K+ SO4-- flag_SO4--
  0.291667   1.291667    4.89 0.000  0.41 0.000000 0.012 0.000000 9.99 0.259000 0.032 0.699000  0.300 0.000  0.421 0.000   6.183 0.000   5.020 0.000   1.163 0.000 0.013 0.000 0.145 0.699000
  4.291667   5.291667    1.89 0.000 99.99 0.259000 9.999 0.259000 0.13 0.000000 9.999 0.699000  0.093 0.000  0.130 0.000   3.101 0.000   2.293 0.000   0.808 0.000 0.003 0.000 9.999 0.699000
  7.291667   8.291667    5.69 0.000  0.35 0.000000 0.021 0.000000 0.10 0.000000 0.025 0.699000  0.199 0.000  0.279 0.000   2.795 0.000   1.957 0.000   0.838 0.000 0.006 0.000 0.091 0.699000
 11.291667  12.291667 9999.99 0.999 99.99 0.999000 9.999 0.999000 9.99 0.999000 9.999 0.999000 99.999 0.999 99.999 0.999 999.999 0.999 999.999 0.999 999.999 0.999 9.999 0.999 9.999 0.999000
 14.291667  15.291667 9999.99 0.999 99.99 0.999000 9.999 0.999000 9.99 0.999000 9.999 0.999000 99.999 0.999 99.999 0.999 999.999 0.999 999.999 0.999 999.999 0.999 9.999 0.999 9.999 0.999000
 18.291667  19.291667    1.48 0.000 99.99 0.259000 9.999 0.259000 9.99 0.259000 0.022 0.559000  0.272 0.000  0.381 0.000   1.582 0.000   1.095 0.000   0.487 0.000 0.004 0.000 0.022 0.559000
 21.291667  22.291667    2.24 0.000  0.26 0.000000 0.006 0.000000 9.99 0.259000 0.040 0.699000  0.266 0.000  0.373 0.000   1.011 0.000   0.213 0.000   0.798 0.000 0.002 0.000 0.072 0.699000
 25.291667  26.291667 9999.99 0.999 99.99 0.999000 9.999 0.999000 9.99 0.999000 9.999 0.999000 99.999 0.999 99.999 0.999 999.999 0.999 999.999 0.999 999.999 0.999 9.999 0.999 9.999 0.999000
 28.291667  29.291667    6.79 0.000  0.47 0.000000 0.009 0.000000 9.99 0.259000 0.086 0.699000  0.540 0.000  0.757 0.000   2.804 0.000   0.859 0.000   1.946 0.000 0.009 0.000 0.209 0.699000
 32.291667  33.291667    5.26 0.394  0.41 0.394000 9.999 0.394259 9.99 0.394259 0.021 0.559394  0.574 0.000  0.804 0.000   2.381 0.000   1.203 0.000   1.177 0.000 0.008 0.394 0.066 0.559394
 35.291667  36.291667   12.97 0.000  0.50 0.000000 9.999 0.259000 9.99 0.259000 0.123 0.559000  0.764 0.000  1.070 0.000   5.230 0.000   2.304 0.000   2.925 0.000 0.015 0.000 0.182 0.559000
 39.291667  40.291667    8.36 0.000  0.14 0.000000 9.999 0.259000 9.99 0.259000 0.022 0.699000  0.470 0.000  0.659 0.000   6.944 0.000   5.671 0.000   1.274 0.000 0.012 0.000 0.122 0.699000
 42.291667  43.291667    4.15 0.000  0.31 0.000000 9.999 0.259000 9.99 0.259000 0.011 0.699000  0.157 0.000  0.220 0.000   1.902 0.000   1.336 0.000   0.566 0.000 0.007 0.000 0.045 0.699000
 46.291667  47.291667    7.79 0.000  0.38 0.000000 9.999 0.259000 9.99 0.259000 0.026 0.699000  0.307 0.000  0.430 0.000   2.329 0.000   1.577 0.000   0.752 0.000 0.009 0.000 0.067 0.699000
 49.291667  50.291667    5.12 0.000 99.99 0.259000 9.999 0.259000 9.99 0.259000 0.037 0.699000  0.313 0.000  0.439 0.000   1.466 0.000   0.204 0.000   1.263 0.000 0.006 0.000 0.162 0.699000
 53.291667  54.291667    4.76 0.000  0.15 0.000000 9.999 0.259000 9.99 0.259000 0.018 0.559000  0.473 0.000  0.662 0.000   1.780 0.000   0.796 0.000   0.984 0.000 0.007 0.000 0.087 0.559000
 56.291667  57.291667    4.43 0.000  0.19 0.000000 9.999 0.259000 0.13 0.000000 0.056 0.559000  0.368 0.000  0.516 0.000   1.345 0.000   0.254 0.000   1.092 0.000 0.006 0.000 0.102 0.559000
 60.291667  61.291667    8.91 0.000  0.09 0.000000 9.999 0.259000 9.99 0.259000 0.040 0.699000  0.415 0.000  0.581 0.000   2.795 0.000   1.508 0.000   1.287 0.000 0.008 0.000 0.081 0.699000
 63.291667  64.291667    7.11 0.000  0.24 0.000000 9.999 0.259000 9.99 0.259000 0.036 0.559000  0.653 0.000  0.914 0.000   2.839 0.000   0.833 0.000   2.006 0.000 0.011 0.000 0.180 0.559000
 67.291667  68.291667    3.29 0.000  0.41 0.000000 9.999 0.259000 9.99 0.259000 0.059 0.699000  0.135 0.000  0.189 0.000   3.560 0.000   2.538 0.000   1.022 0.000 0.004 0.000 0.129 0.699000
 70.291667  71.291667    2.55 0.000  0.57 0.000000 9.999 0.259000 0.04 0.000000 0.029 0.699000  0.211 0.000  0.295 0.000   3.736 0.000   2.714 0.000   1.022 0.000 0.006 0.000 0.157 0.699000
 74.291667  75.291667    4.05 0.000  0.28 0.000000 9.999 0.259000 9.99 0.259000 0.020 0.699000  0.115 0.000  0.161 0.000   3.052 0.000   2.297 0.000   0.755 0.000 0.003 0.000 0.117 0.699000
 77.291667  78.291667    5.54 0.000 99.99 0.259000 0.005 0.000000 9.99 0.259000 0.057 0.699000  0.244 0.000  0.341 0.000   2.477 0.000   1.209 0.000   1.268 0.000 0.004 0.000 0.178 0.699000
 81.291667  82.291667   39.48 0.000  0.32 0.000000 9.999 0.259000 9.99 0.259000 0.028 0.559000  0.789 0.000  1.104 0.000   8.088 0.000   5.683 0.000   2.405 0.000 0.031 0.000 0.157 0.559000
 84.291667  85.291667   34.60 0.000  0.79 0.000000 9.999 0.259000 9.99 0.259000 0.060 0.699000  0.704 0.000  0.986 0.000   6.182 0.000   2.815 0.000   3.367 0.000 0.035 0.000 0.242 0.699000
 88.291667  89.291667   23.67 0.000  0.47 0.000000 9.999 0.259000 9.99 0.259000 0.098 0.699000  0.606 0.000  0.849 0.000   4.936 0.000   2.622 0.000   2.315 0.000 0.019 0.000 0.180 0.699000
 91.291667  92.291667   41.01 0.000  0.92 0.000000 9.999 0.259000 9.99 0.259000 0.105 0.699000  0.557 0.000  0.780 0.000   5.027 0.000   1.840 0.000   3.187 0.000 0.031 0.000 0.302 0.699000
 95.291667  96.291667   38.18 0.000  0.71 0.000000 9.999 0.259000 9.99 0.259000 0.039 0.559000  0.769 0.000  1.077 0.000   9.458 0.000   6.550 0.000   2.908 0.000 0.029 0.000 0.162 0.559000
 98.291667  99.291667   29.97 0.000  0.81 0.000000 9.999 0.259000 9.99 0.259000 0.027 0.559000  0.600 0.000  0.841 0.000   6.092 0.000   3.778 0.000   2.315 0.000 0.024 0.000 0.189 0.559000
102.291667 103.291667  100.00 0.000  1.46 0.000000 9.999 0.259000 9.99 0.259000 0.067 0.000000  1.127 0.000  1.578 0.000  12.509 0.000   8.137 0.000   4.371 0.000 0.103 0.000 0.300 0.000000
105.291667 106.291667   15.14 0.000  0.24 0.000000 9.999 0.259000 9.99 0.259000 0.015 0.000000  0.217 0.000  0.304 0.000   4.486 0.000   3.574 0.000   0.912 0.000 0.013 0.000 0.080 0.000000
109.291667 110.291667    6.64 0.000  0.20 0.000000 0.005 0.000000 9.99 0.259000 0.013 0.000000  0.328 0.000  0.459 0.000   7.031 0.000   6.289 0.000   0.742 0.000 0.005 0.000 0.061 0.000000
112.291667 113.291667   30.91 0.000  0.49 0.000000 9.999 0.259000 9.99 0.259000 0.034 0.559000  0.608 0.000  0.852 0.000   4.861 0.000   2.606 0.000   2.256 0.000 0.028 0.000 0.167 0.559000
116.291667 117.291667  125.02 0.000  1.45 0.000000 9.999 0.259000 9.99 0.259000 0.066 0.559000  0.727 0.000  1.018 0.000   9.088 0.000   4.429 0.000   4.659 0.000 0.075 0.000 0.235 0.559000
119.291667 120.291667  104.01 0.000  0.93 0.000000 9.999 0.259000 9.99 0.259000 0.069 0.000000  0.952 0.000  1.333 0.000  10.931 0.000   6.243 0.000   4.688 0.000 0.063 0.000 0.263 0.000000
123.291667 124.291667  127.94 0.000  1.31 0.000000 9.999 0.259000 9.99 0.259000 0.057 0.000000  1.300 0.000  1.819 0.000   9.679 0.000   5.059 0.000   4.620 0.000 0.072 0.000 0.239 0.000000
126.291667 127.291667  104.14 0.000  1.10 0.000000 9.999 0.259000 9.99 0.259000 0.053 0.000000  1.128 0.000  1.579 0.000   9.201 0.000   5.427 0.000   3.774 0.000 0.063 0.000 0.203 0.000000
130.291667 131.291667   64.31 0.000  0.38 0.000000 9.999 0.259000 9.99 0.259000 0.029 0.559000  1.040 0.000  1.456 0.000  10.074 0.000   7.253 0.000   2.820 0.000 0.042 0.000 0.124 0.559000
133.291667 134.291667   18.12 0.000  0.43 0.000000 0.014 0.000000 9.99 0.259000 0.034 0.559000  0.772 0.000  1.080 0.000   3.367 0.000   1.375 0.000   1.993 0.000 0.018 0.000 0.154 0.559000
137.291667 138.291667   93.23 0.000  0.47 0.000000 0.049 0.000000 9.99 0.259000 0.040 0.000000  0.900 0.000  1.261 0.000  24.242 0.000  20.159 0.000   4.083 0.000 0.065 0.000 0.100 0.000000
140.291667 141.291667   31.68 0.000  0.58 0.000000 0.014 0.000000 9.99 0.259000 0.088 0.000000  1.034 0.000  1.447 0.000  19.950 0.000  17.129 0.000   2.820 0.000 0.023 0.000 0.237 0.000000
144.291667 145.291667   22.66 0.000  0.29 0.000000 9.999 0.259000 9.99 0.259000 0.027 0.000000  1.000 0.000  1.401 0.000   4.686 0.000   2.702 0.000   1.984 0.000 0.018 0.000 0.100 0.000000
147.291667 148.291667 9999.99 0.999 99.99 0.999000 9.999 0.999000 9.99 0.999000 9.999 0.999000 99.999 0.999 99.999 0.999 999.999 0.999 999.999 0.999 999.999 0.999 9.999 0.999 9.999 0.999000
151.291667 152.291667   39.48 0.000  0.48 0.000000 9.999 0.259000 9.99 0.259000 0.027 0.559000  1.623 0.000  2.272 0.000   8.606 0.000   5.355 0.000   3.251 0.000 0.037 0.000 0.122 0.559000
154.291667 155.291667   58.83 0.000  1.51 0.000000 9.999 0.259000 9.99 0.259000 0.068 0.559000  1.103 0.000  1.543 0.000   9.065 0.000   4.810 0.000   4.255 0.000 0.047 0.000 0.258 0.559000
158.291667 159.291667   43.48 0.000  0.27 0.000000 9.999 0.259000 9.99 0.259000 0.030 0.000000  1.402 0.000  1.963 0.000   8.463 0.000   4.813 0.000   3.650 0.000 0.042 0.000 0.193 0.000000
161.291667 162.291667   69.44 0.000  0.41 0.000000 9.999 0.259000 9.99 0.259000 0.042 0.559000  0.787 0.000  1.102 0.000   8.116 0.000   4.703 0.000   3.413 0.000 0.041 0.000 0.168 0.559000
165.291667 166.291667 9999.99 0.999 99.99 0.999000 9.999 0.999000 9.99 0.999000 9.999 0.999000 99.999 0.999 99.999 0.999 999.999 0.999 999.999 0.999 999.999 0.999 9.999 0.999 9.999 0.999000
168.291667 169.291667 9999.99 0.999 99.99 0.999000 9.999 0.999000 9.99 0.999000 9.999 0.999000 99.999 0.999 99.999 0.999 999.999 0.999 999.999 0.999 999.999 0.999 9.999 0.999 9.999 0.999000
172.291667 173.291667   16.93 0.000 99.99 0.259000 0.006 0.000000 9.99 0.259000 0.020 0.559000  0.800 0.000  1.120 0.000   4.415 0.000   2.486 0.000   1.929 0.000 0.013 0.000 0.105 0.559000
175.291667 176.291667   26.45 0.000  0.16 0.000000 9.999 0.259000 9.99 0.259000 0.023 0.000000  0.941 0.000  1.317 0.000   5.787 0.000   2.857 0.000   2.930 0.000 0.020 0.000 0.204 0.000000
179.291667 180.291667   25.03 0.000 99.99 0.259000 9.999 0.259000 9.99 0.259000 0.026 0.699000  1.045 0.000  1.463 0.000   7.199 0.000   3.936 0.000   3.263 0.000 0.028 0.000 0.195 0.699000
182.291667 183.291667   29.69 0.000 99.99 0.259000 9.999 0.259000 9.99 0.259000 0.022 0.699000  0.907 0.000  1.270 0.000   6.563 0.000   3.570 0.000   2.993 0.000 0.029 0.000 0.206 0.699000
186.291667 187.291667   20.91 0.000 99.99 0.259000 9.999 0.259000 9.99 0.259000 0.025 0.559000  0.949 0.000  1.329 0.000   6.348 0.000   4.115 0.000   2.233 0.000 0.042 0.000 0.144 0.559000
189.291667 190.291667   30.17 0.000 99.99 0.259000 9.999 0.259000 9.99 0.259000 0.032 0.559000  0.662 0.000  0.927 0.000   7.669 0.000   4.915 0.000   2.753 0.000 0.031 0.000 0.255 0.559000
193.291667 194.291667   37.38 0.000  0.08 0.000000 9.999 0.259000 9.99 0.259000 0.029 0.699000  1.172 0.000  1.640 0.000   7.876 0.000   4.883 0.000   2.993 0.000 0.024 0.000 0.225 0.699000
196.291667 197.291667   17.98 0.559 99.99 0.559259 9.999 0.559259 9.99 0.559259 0.015 0.559000  1.192 0.000  1.668 0.000   7.241 0.000   3.954 0.000   3.287 0.559 0.017 0.559 0.263 0.559000
200.291667 201.291667   28.76 0.000 99.99 0.259000 9.999 0.259000 9.99 0.259000 0.036 0.699000  1.312 0.000  1.837 0.000   8.130 0.000   4.860 0.000   3.270 0.000 0.074 0.000 0.189 0.699000
203.291667 204.291667   25.57 0.000 99.99 0.259000 9.999 0.259000 9.99 0.259000 0.023 0.699000  1.456 0.000  2.038 0.000   7.114 0.000   4.083 0.000   3.031 0.000 0.033 0.000 0.121 0.699000
207.291667 208.291667   32.82 0.000 99.99 0.259000 9.999 0.259000 9.99 0.259000 0.055 0.559000  3.282 0.000  4.596 0.000  12.534 0.000   5.742 0.000   6.792 0.000 0.109 0.000 0.307 0.559000
210.291667 211.291667   43.93 0.000  0.32 0.000000 9.999 0.259000 9.99 0.259000 0.100 0.559000  5.262 0.000  7.367 0.000  17.446 0.000   5.963 0.000  11.483 0.000 0.154 0.000 0.341 0.559000
214.291667 215.291667   43.05 0.000 99.99 0.259000 9.999 0.259000 9.99 0.259000 0.053 0.699000  5.071 0.000  7.100 0.000  17.361 0.000   6.825 0.000  10.536 0.000 0.137 0.000 0.442 0.699000
217.291667 218.291667   44.58 0.000  0.11 0.000000 9.999 0.259000 9.99 0.259000 0.049 0.699000  1.690 0.000  2.367 0.000  11.094 0.000   6.275 0.000   4.819 0.000 0.063 0.000 0.263 0.699000
221.291667 222.291667   47.37 0.000 99.99 0.259000 9.999 0.259000 9.99 0.259000 0.060 0.699000  2.621 0.000  3.670 0.000  13.296 0.000   6.980 0.000   6.316 0.000 0.089 0.000 0.334 0.699000
224.291667 225.291667   32.88 0.000 99.99 0.259000 9.999 0.259000 9.99 0.259000 0.034 0.699000  1.603 0.000  2.245 0.000   8.850 0.000   4.899 0.000   3.951 0.000 0.069 0.000 0.248 0.699000
228.291667 229.291667   32.83 0.000  0.10 0.000000 9.999 0.259000 9.99 0.259000 0.033 0.699000  1.061 0.000  1.485 0.000   7.243 0.000   3.800 0.000   3.442 0.000 0.030 0.000 0.240 0.699000
231.291667 232.291667   16.47 0.000 99.99 0.259000 0.006 0.000000 9.99 0.259000 0.039 0.559000  0.665 0.000  0.931 0.000   4.346 0.000   2.298 0.000   2.048 0.000 0.017 0.000 0.185 0.559000
235.291667 236.291667   13.63 0.000  0.18 0.000000 9.999 0.259000 9.99 0.259000 0.019 0.699000  0.556 0.000  0.779 0.000  24.668 0.000  22.561 0.000   2.107 0.000 0.017 0.000 0.218 0.699000
238.291667 239.291667    6.63 0.000 99.99 0.259000 9.999 0.259000 9.99 0.259000 0.012 0.699000  0.497 0.000  0.696 0.000   3.579 0.000   1.513 0.000   2.066 0.000 0.008 0.000 0.237 0.699000
243.291667 244.291667 9999.99 0.999 99.99 0.999000 9.999 0.999000 9.99 0.999000 9.999 0.999000 99.999 0.999 99.999 0.999 999.999 0.999 999.999 0.999 999.999 0.999 9.999 0.999 9.999 0.999000
246.291667 247.291667 9999.99 0.999 99.99 0.999000 9.999 0.999000 9.99 0.999000 9.999 0.999000 99.999 0.999 99.999 0.999 999.999 0.999 999.999 0.999 999.999 0.999 9.999 0.999 9.999 0.999000
249.291667 250.291667 9999.99 0.999 99.99 0.999000 9.999 0.999000 9.99 0.999000 9.999 0.999000 99.999 0.999 99.999 0.999 999.999 0.999 999.999 0.999 999.999 0.999 9.999 0.999 9.999 0.999000
252.291667 253.291667 9999.99 0.999 99.99 0.999000 9.999 0.999000 9.99 0.999000 9.999 0.999000 99.999 0.999 99.999 0.999 999.999 0.999 999.999 0.999 999.999 0.999 9.999 0.999 9.999 0.999000
255.291667 256.291667 9999.99 0.999 99.99 0.999000 9.999 0.999000 9.99 0.999000 9.999 0.999000 99.999 0.999 99.999 0.999 999.999 0.999 999.999 0.999 999.999 0.999 9.999 0.999 9.999 0.999000
258.291667 259.291667 9999.99 0.999 99.99 0.999000 9.999 0.999000 9.99 0.999000 9.999 0.999000 99.999 0.999 99.999 0.999 999.999 0.999 999.999 0.999 999.999 0.999 9.999 0.999 9.999 0.999000
261.291667 262.291667 9999.99 0.999 99.99 0.999000 9.999 0.999000 9.99 0.999000 9.999 0.999000 99.999 0.999 99.999 0.999 999.999 0.999 999.999 0.999 999.999 0.999 9.999 0.999 9.999 0.999000
264.291667 265.291667 9999.99 0.999 99.99 0.999000 9.999 0.999000 9.99 0.999000 9.999 0.999000 99.999 0.999 99.999 0.999 999.999 0.999 999.999 0.999 999.999 0.999 9.999 0.999 9.999 0.999000
267.291667 268.291667 9999.99 0.999 99.99 0.999000 9.999 0.999000 9.99 0.999000 9.999 0.999000 99.999 0.999 99.999 0.999 999.999 0.999 999.999 0.999 999.999 0.999 9.999 0.999 9.999 0.999000
270.291667 271.291667 9999.99 0.999 99.99 0.999000 9.999 0.999000 9.99 0.999000 9.999 0.999000 99.999 0.999 99.999 0.999 999.999 0.999 999.999 0.999 999.999 0.999 9.999 0.999 9.999 0.999000
273.291667 274.291667 9999.99 0.999 99.99 0.999000 9.999 0.999000 9.99 0.999000 9.999 0.999000 99.999 0.999 99.999 0.999 999.999 0.999 999.999 0.999 999.999 0.999 9.999 0.999 9.999 0.999000
276.291667 277.291667 9999.99 0.999 99.99 0.999000 9.999 0.999000 9.99 0.999000 9.999 0.999000 99.999 0.999 99.999 0.999 999.999 0.999 999.999 0.999 999.999 0.999 9.999 0.999 9.999 0.999000
279.291667 280.291667 9999.99 0.999 99.99 0.999000 9.999 0.999000 9.99 0.999000 9.999 0.999000 99.999 0.999 99.999 0.999 999.999 0.999 999.999 0.999 999.999 0.999 9.999 0.999 9.999 0.999000
282.291667 283.291667 9999.99 0.999 99.99 0.999000 9.999 0.999000 9.99 0.999000 9.999 0.999000 99.999 0.999 99.999 0.999 999.999 0.999 999.999 0.999 999.999 0.999 9.999 0.999 9.999 0.999000
285.291667 286.291667 9999.99 0.999 99.99 0.999000 9.999 0.999000 9.99 0.999000 9.999 0.999000 99.999 0.999 99.999 0.999 999.999 0.999 999.999 0.999 999.999 0.999 9.999 0.999 9.999 0.999000
