scripts/IMPROVE-2019_partial/data/US9041R.20120101080000.20191216000000.filterpack...52w.3d.US03L_filterpack_US9041.US03L_IMPROVE_Davis.lev2.nas
52 1001
MISSING INFORMATION
US03L, IMPROVE, , , , , , , 
MISSING INFORMATION
IMPROVE sel_HTAP
1 1
2012 01 01 2019 12 16
3.000000
days from file reference point
5
1 1 1 1 1
999.999999 999.999 9.999 99.999 9.999
end_time of measurement, days from the file reference point
pm10_mass, ug/m3, Matrix=pm10
numflag pm10_mass, no unit, Matrix=pm10
pm25_mass, ug/m3, Matrix=pm25
numflag pm25_mass, no unit, Matrix=pm25
0
33
Data definition:              EBAS_1.1
Set type code:                TU
Timezone:                     UTC
File name:                    US9041R.20120101080000.20191216000000.filterpack...52w.3d.US03L_filterpack_US9041.US03L_IMPROVE_Davis.lev2.nas
File creation:                20191218120808
Startdate:                    20120101080000
Revision date:                20191216000000
Version:                      2
Version description:          "Data extracted from http://views.cira.colostate.edu/fed/DataWizard 2019-12-16"
Statistics:                   arithmetic mean
Data level:                   2
Period code:                  52w
Resolution code:              3d
Sample duration:              1d
Orig. time res.:              3d
Station code:                 US9041R
Platform code:                US9041S
Station name:                 San Gabriel
Station latitude:             34.2969
Station longitude:            -118.0282
Station altitude:             1791.0 m
Regime:                       IMG
Component:                    
Unit:                         ug/m3
Matrix:                       
Laboratory code:              US03L
Instrument type:              filterpack
Instrument name:              filterpack_US9041
Method ref:                   US03L_IMPROVE_Davis
Blank correction:             Blank corrected
Volume std. temperature:      ambient
Volume std. pressure:         ambient
starttime endtime PM10 flag_PM10 PM2.5 flag_PM2.5
  0.333333   1.333333   1.874 0.000  0.688 0.659
  3.333333   4.333333   1.530 0.000  0.458 0.659
  6.333333   7.333333  16.760 0.000  2.619 0.000
  9.333333  10.333333   4.295 0.000  1.216 0.000
 12.333333  13.333333   3.441 0.000  0.981 0.000
 15.333333  16.333333   6.288 0.000  3.410 0.000
 18.333333  19.333333   5.021 0.000  1.152 0.659
 21.333333  22.333333   2.727 0.000  1.444 0.000
 24.333333  25.333333   1.122 0.000  0.486 0.659
 27.333333  28.333333   1.709 0.000  0.751 0.000
 30.333333  31.333333   5.479 0.000  2.417 0.000
 33.333333  34.333333   4.541 0.000  1.193 0.000
 36.333333  37.333333   4.710 0.000  1.893 0.000
 39.333333  40.333333   2.285 0.000  0.798 0.659
 42.333333  43.333333   3.541 0.000  2.307 0.000
 45.333333  46.333333   4.468 0.000  2.359 0.000
 48.333333  49.333333   5.738 0.000  2.993 0.000
 51.333333  52.333333   2.789 0.000  1.046 0.000
 54.333333  55.333333   8.111 0.000  2.539 0.000
 57.333333  58.333333   0.859 0.000  0.236 0.000
 60.333333  61.333333   3.981 0.000  1.344 0.000
 63.333333  64.333333   2.569 0.000  0.971 0.659
 66.333333  67.333333  14.936 0.000  2.490 0.000
 69.333333  70.333333  10.868 0.000  4.439 0.000
 72.333333  73.333333   7.110 0.000  2.910 0.000
 75.333333  76.333333   5.113 0.000  2.416 0.000
 78.333333  79.333333   6.740 0.000  3.335 0.000
 81.333333  82.333333   6.146 0.000  2.555 0.000
 84.333333  85.333333   1.287 0.000  0.738 0.000
 87.333333  88.333333   4.697 0.000  1.700 0.000
 90.333333  91.333333  10.613 0.000  4.564 0.000
 93.333333  94.333333   7.421 0.000  2.788 0.000
 96.333333  97.333333  14.980 0.000  5.225 0.000
 99.333333 100.333333  17.397 0.000  8.969 0.000
102.333333 103.333333   4.340 0.000  1.684 0.000
105.333333 106.333333   7.076 0.000  2.884 0.000
108.333333 109.333333  11.391 0.000  5.060 0.659
111.333333 112.333333   4.971 0.000  2.079 0.659
114.333333 115.333333   4.655 0.000  1.905 0.000
117.333333 118.333333  11.915 0.000  4.248 0.000
120.333333 121.333333  16.945 0.000  7.537 0.000
123.333333 124.333333  12.231 0.000  5.478 0.000
126.333333 127.333333  15.078 0.000  6.100 0.000
129.333333 130.333333  16.442 0.000  6.317 0.000
132.333333 133.333333  14.443 0.000  6.774 0.659
135.333333 136.333333  13.573 0.000  5.047 0.000
138.333333 139.333333  20.648 0.000  8.021 0.000
141.333333 142.333333  18.600 0.000  7.099 0.659
144.333333 145.333333  33.472 0.000  7.471 0.000
147.333333 148.333333  13.398 0.000  4.537 0.000
150.333333 151.333333  17.753 0.000  6.310 0.659
153.333333 154.333333  20.112 0.000  7.107 0.659
156.333333 157.333333  12.188 0.000  2.976 0.000
159.333333 160.333333  11.994 0.000  5.296 0.659
162.333333 163.333333  17.591 0.000  4.714 0.659
165.333333 166.333333  16.107 0.659  5.304 0.659
168.333333 169.333333  17.368 0.659  4.536 0.659
171.333333 172.333333 999.999 0.456 99.999 0.456
174.333333 175.333333 999.999 0.456 99.999 0.456
177.333333 178.333333   6.326 0.000  2.272 0.659
180.333333 181.333333   7.824 0.000  3.077 0.659
183.333333 184.333333   9.501 0.000  4.024 0.659
186.333333 187.333333  17.298 0.000  5.923 0.000
189.333333 190.333333   5.038 0.000  2.409 0.659
192.333333 193.333333  10.448 0.000  4.227 0.659
195.333333 196.333333   9.397 0.000  4.255 0.000
198.333333 199.333333   8.488 0.000  4.683 0.000
201.333333 202.333333   4.507 0.000  2.273 0.659
204.333333 205.333333   9.097 0.000  2.910 0.659
207.333333 208.333333   2.415 0.000  1.097 0.000
210.333333 211.333333   3.130 0.000  1.603 0.659
213.333333 214.333333  16.586 0.000  5.239 0.659
216.333333 217.333333  13.145 0.000  5.194 0.659
219.333333 220.333333  12.810 0.000  5.116 0.659
222.333333 223.333333  20.116 0.000  7.518 0.659
225.333333 226.333333  10.220 0.000  4.478 0.659
228.333333 229.333333   7.376 0.000  3.059 0.659
231.333333 232.333333  17.061 0.000  7.380 0.659
234.333333 235.333333  10.797 0.000  4.575 0.659
237.333333 238.333333   6.244 0.000  3.319 0.000
240.333333 241.333333   5.778 0.000  2.298 0.659
243.333333 244.333333  11.861 0.000  4.915 0.000
246.333333 247.333333   8.649 0.000  5.602 0.000
249.333333 250.333333   7.334 0.000  3.774 0.659
252.333333 253.333333  11.089 0.000  5.827 0.659
255.333333 256.333333  10.760 0.000  4.852 0.659
258.333333 259.333333  10.675 0.000  4.629 0.659
261.333333 262.333333   6.051 0.000  2.976 0.000
264.333333 265.333333   4.585 0.000  2.221 0.659
267.333333 268.333333   8.490 0.000  5.501 0.000
270.333333 271.333333  14.547 0.000  6.067 0.000
273.333333 274.333333  10.206 0.000  4.039 0.000
276.333333 277.333333   6.565 0.000  3.439 0.000
279.333333 280.333333   6.381 0.000  3.078 0.000
282.333333 283.333333   6.546 0.000  3.234 0.000
285.333333 286.333333   3.591 0.000  2.354 0.000
288.333333 289.333333   7.222 0.000  2.725 0.000
291.333333 292.333333  13.041 0.000  3.968 0.000
294.333333 295.333333   1.987 0.000  1.113 0.000
297.333333 298.333333   5.084 0.000  1.692 0.000
300.333333 301.333333   3.367 0.000  0.830 0.000
303.333333 304.333333   4.008 0.000  2.244 0.000
306.333333 307.333333   4.356 0.000  1.974 0.000
309.333333 310.333333   3.706 0.000  1.214 0.000
312.333333 313.333333   3.952 0.000  1.985 0.000
315.333333 316.333333   4.348 0.000  2.127 0.000
318.333333 319.333333   3.178 0.000  1.347 0.000
321.333333 322.333333   0.208 0.000  0.060 0.000
324.333333 325.333333   2.637 0.000  1.538 0.000
327.333333 328.333333   3.046 0.000  1.190 0.000
330.333333 331.333333   4.015 0.000  2.313 0.000
333.333333 334.333333 999.999 0.456 99.999 0.456
336.333333 337.333333 999.999 0.456 99.999 0.456
339.333333 340.333333   1.273 0.000  0.626 0.000
342.333333 343.333333   2.728 0.000  1.484 0.000
345.333333 346.333333   4.343 0.000  1.231 0.000
348.333333 349.333333   1.610 0.000  0.763 0.000
351.333333 352.333333   0.791 0.000  0.392 0.000
354.333333 355.333333   1.756 0.000  0.805 0.000
357.333333 358.333333   0.709 0.000  0.602 0.000
360.333333 361.333333 999.999 0.999 99.999 0.999
363.333333 364.333333   1.740 0.000  0.487 0.000
