scripts/IMPROVE-2019_partial/data/US9074R.20050101080000.20191216000000.filterpack..pm25.52w.1w.US03L_filterpack_US9074.US03L_IMPROVE_Davis.lev2.nas
66 1001
MISSING INFORMATION
US03L, IMPROVE, , , , , , , 
MISSING INFORMATION
IMPROVE sel_HTAP
1 1
2005 01 01 2019 12 16
3.000000
days from file reference point
27
1 1 1 1 1 1 1 1 1 1 1 1 1 1 1 1 1 1 1 1 1 1 1 1 1 1 1
999.999999 9999.99 9.999 99.99 9.999 9.999 9.999 9.99 9.999 9.999 9.999 99.999 9.999 99.999 9.999 99.99 9.999 999.999 9.999 999.999 9.999 999.999 9.999 9.999 9.999 9.999 9.999
end_time of measurement, days from the file reference point
iron, ng/m3, Revision date=20181210133000
numflag iron, no unit, Revision date=20181210133000
lead, ng/m3, Revision date=20181210133000
numflag lead, no unit, Revision date=20181210133000
magnesium, ug/m3, Revision date=20181210133000
numflag magnesium, no unit, Revision date=20181210133000
nickel, ng/m3, Revision date=20181210133000
numflag nickel, no unit, Revision date=20181210133000
nitrate, ug N/m3, Revision date=20181210133000
numflag nitrate, no unit, Revision date=20181210133000
organic_carbon, ug C/m3, Revision date=20181210133000
numflag organic_carbon, no unit, Revision date=20181210133000
organic_mass, ug/m3, Revision date=20181210133000
numflag organic_mass, no unit, Revision date=20181210133000
phosphorus, ng/m3, Revision date=20181210133000
numflag phosphorus, no unit, Revision date=20181210133000
pm10_mass, ug/m3, Version=2, Version description=Data extracted from http://views.cira.colostate.edu/fed/DataWizard 2019-12-16, Sample duration=1d, Orig. time res.=3d, Matrix=pm10, Blank correction=Blank corrected, Volume std. temperature=ambient, Volume std. pressure=ambient
numflag pm10_mass, no unit, Version=2, Version description=Data extracted from http://views.cira.colostate.edu/fed/DataWizard 2019-12-16, Sample duration=1d, Orig. time res.=3d, Matrix=pm10, Blank correction=Blank corrected, Volume std. temperature=ambient, Volume std. pressure=ambient
pm10_pm25_mass, ug/m3, Revision date=20181210133000, Matrix=pm10_pm25
numflag pm10_pm25_mass, no unit, Revision date=20181210133000, Matrix=pm10_pm25
pm25_mass, ug/m3, Version=2, Version description=Data extracted from http://views.cira.colostate.edu/fed/DataWizard 2019-12-16, Sample duration=1d, Orig. time res.=3d, Blank correction=Blank corrected, Volume std. temperature=ambient, Volume std. pressure=ambient
numflag pm25_mass, no unit, Version=2, Version description=Data extracted from http://views.cira.colostate.edu/fed/DataWizard 2019-12-16, Sample duration=1d, Orig. time res.=3d, Blank correction=Blank corrected, Volume std. temperature=ambient, Volume std. pressure=ambient
potassium, ug/m3, Revision date=20181210133000
numflag potassium, no unit, Revision date=20181210133000
sulphate_total, ug S/m3, Revision date=20181210133000
numflag sulphate_total, no unit, Revision date=20181210133000
0
25
Data definition:              EBAS_1.1
Set type code:                TU
Timezone:                     UTC
File name:                    US9074R.20050101080000.20191216000000.filterpack..pm25.52w.1w.US03L_filterpack_US9074.US03L_IMPROVE_Davis.lev2.nas
File creation:                20191218121037
Startdate:                    20050101080000
Revision date:                20191216000000
Statistics:                   arithmetic mean
Data level:                   2
Period code:                  52w
Resolution code:              1w
Station code:                 US9074R
Platform code:                US9074S
Station name:                 Three Sisters Wilderness
Station latitude:             44.291
Station longitude:            -122.0434
Station altitude:             885.0 m
Regime:                       IMG
Component:                    
Matrix:                       pm25
Laboratory code:              US03L
Instrument type:              filterpack
Instrument name:              filterpack_US9074
Method ref:                   US03L_IMPROVE_Davis
starttime endtime Fe flag_Fe Pb flag_Pb Mg++ flag_Mg++ Ni flag_Ni NO3- flag_NO3- OC flag_OC OM flag_OM P flag_P PM10 flag_PM10 PM10-PM2.5 flag_PM10-PM2.5 PM2.5 flag_PM2.5 K+ flag_K+ SO4-- flag_SO4--
  0.333333   1.333333    0.30 0.000  0.23 0.000 9.999 0.259 9.99 0.259 0.005 0.000 99.999 0.259 99.999 0.259 99.99 0.259   0.496 0.000   0.224 0.000   0.272 0.000 0.002 0.000 0.012 0.000
  3.333333   4.333333    1.44 0.000  0.25 0.000 0.021 0.000 9.99 0.259 0.020 0.000  0.229 0.000  0.411 0.000 99.99 0.259   1.429 0.000   0.028 0.000   1.402 0.000 0.006 0.000 0.127 0.000
  6.333333   7.333333    1.51 0.000  0.36 0.000 9.999 0.259 0.13 0.000 0.009 0.000  0.192 0.000  0.346 0.000 99.99 0.259   0.869 0.000   0.136 0.000   0.733 0.000 0.005 0.000 0.041 0.000
  9.333333  10.333333    5.31 0.000  0.66 0.000 9.999 0.259 9.99 0.259 0.007 0.000  0.039 0.000  0.070 0.000 99.99 0.259   0.662 0.000   0.122 0.000   0.540 0.000 0.004 0.000 0.036 0.000
 12.333333  13.333333    0.75 0.000  0.25 0.000 9.999 0.259 0.15 0.000 9.999 0.259 99.999 0.259 99.999 0.259 99.99 0.259   0.373 0.000   0.134 0.000   0.239 0.000 0.001 0.000 0.010 0.000
 15.333333  16.333333    0.49 0.000 99.99 0.259 9.999 0.259 0.23 0.000 0.003 0.000  0.130 0.000  0.234 0.000 99.99 0.259   0.412 0.000   0.145 0.000   0.268 0.000 0.001 0.000 0.009 0.000
 18.333333  19.333333    2.22 0.000  0.30 0.000 9.999 0.259 9.99 0.259 0.003 0.000  0.097 0.000  0.174 0.000 99.99 0.259   1.031 0.000   0.493 0.000   0.538 0.000 0.009 0.000 0.066 0.000
 21.333333  22.333333    3.96 0.000  0.32 0.000 9.999 0.259 0.19 0.000 0.004 0.000  0.314 0.000  0.565 0.000 99.99 0.259   1.440 0.000   0.477 0.000   0.962 0.000 0.014 0.000 0.057 0.000
 24.333333  25.333333   10.71 0.000  0.60 0.000 9.999 0.259 0.21 0.000 0.010 0.000  0.695 0.000  1.252 0.000 99.99 0.259   3.253 0.000   0.843 0.000   2.419 0.000 0.019 0.000 0.191 0.000
 27.333333  28.333333    1.45 0.000  0.23 0.000 9.999 0.259 0.12 0.000 0.007 0.000  0.348 0.000  0.627 0.000 99.99 0.259   0.990 0.000   0.295 0.000   0.695 0.000 0.004 0.000 0.029 0.000
 30.333333  31.333333    6.26 0.000  0.93 0.000 9.999 0.259 9.99 0.259 0.009 0.000  0.153 0.000  0.275 0.000 99.99 0.259   1.403 0.000   0.539 0.000   0.864 0.000 0.011 0.000 0.085 0.000
 33.333333  34.333333   11.65 0.000  0.43 0.000 9.999 0.259 9.99 0.259 0.005 0.000  0.686 0.000  1.235 0.000 99.99 0.259   2.480 0.000   0.801 0.000   1.678 0.000 0.030 0.000 0.054 0.000
 36.333333  37.333333    1.16 0.000  0.26 0.000 9.999 0.259 9.99 0.259 0.004 0.000  0.082 0.000  0.147 0.000 99.99 0.259   0.496 0.000   0.104 0.000   0.392 0.000 0.003 0.000 0.023 0.000
 39.333333  40.333333    6.31 0.000  0.54 0.000 9.999 0.259 0.11 0.000 0.005 0.000  0.474 0.000  0.853 0.000 99.99 0.259   1.655 0.000   0.249 0.000   1.406 0.000 0.011 0.000 0.031 0.000
 42.333333  43.333333    8.89 0.000  0.40 0.000 9.999 0.259 9.99 0.259 0.009 0.000  0.375 0.000  0.675 0.000 99.99 0.259   1.822 0.000   0.341 0.000   1.481 0.000 0.015 0.000 0.063 0.000
 45.333333  46.333333   13.28 0.000  0.36 0.000 9.999 0.259 0.22 0.000 0.035 0.000  0.266 0.000  0.479 0.000 99.99 0.259   2.153 0.000   0.686 0.000   1.467 0.000 0.016 0.000 0.103 0.000
 48.333333  49.333333   18.06 0.000  0.70 0.000 9.999 0.259 9.99 0.259 0.103 0.000  0.455 0.000  0.819 0.000 99.99 0.259   2.887 0.000   0.862 0.000   2.024 0.000 0.023 0.000 0.119 0.000
 51.333333  52.333333    1.91 0.000  0.46 0.000 9.999 0.259 9.99 0.259 0.002 0.000  0.157 0.000  0.283 0.000 99.99 0.259   0.906 0.000   0.185 0.000   0.720 0.000 0.005 0.000 0.038 0.000
 54.333333  55.333333   14.75 0.000  0.48 0.000 9.999 0.259 9.99 0.259 0.005 0.000  0.380 0.000  0.684 0.000 99.99 0.259   2.445 0.000   0.852 0.000   1.592 0.000 0.014 0.000 0.071 0.000
 57.333333  58.333333   18.41 0.000  0.77 0.000 9.999 0.259 0.17 0.000 0.016 0.000  0.594 0.000  1.070 0.000 99.99 0.259   3.374 0.000   0.982 0.000   2.391 0.000 0.025 0.000 0.122 0.000
 60.333333  61.333333    3.37 0.000  0.67 0.000 9.999 0.259 9.99 0.259 0.014 0.000  0.228 0.000  0.411 0.000 99.99 0.259   0.980 0.000   0.444 0.000   0.537 0.000 0.008 0.000 0.043 0.000
 63.333333  64.333333    6.40 0.000  0.99 0.000 9.999 0.259 9.99 0.259 0.014 0.000  0.504 0.000  0.907 0.000 99.99 0.259   2.165 0.000   0.686 0.000   1.479 0.000 0.013 0.000 0.140 0.000
 66.333333  67.333333   12.37 0.000  1.30 0.000 9.999 0.259 0.37 0.000 0.010 0.000  0.434 0.000  0.781 0.000 99.99 0.259   1.944 0.000   0.616 0.000   1.328 0.000 0.017 0.000 0.098 0.000
 69.333333  70.333333   43.61 0.000  1.65 0.000 9.999 0.259 0.27 0.000 0.016 0.000  0.917 0.000  1.650 0.000 99.99 0.259   5.143 0.000   2.103 0.000   3.040 0.000 0.050 0.000 0.134 0.000
 72.333333  73.333333   88.45 0.000  1.78 0.000 9.999 0.259 0.18 0.000 0.016 0.000  0.505 0.000  0.909 0.000 99.99 0.259   7.981 0.000   5.063 0.000   2.918 0.000 0.052 0.000 0.183 0.000
 75.333333  76.333333    2.91 0.000  0.55 0.000 9.999 0.259 0.33 0.000 0.001 0.000  0.033 0.000  0.060 0.000 99.99 0.259   0.328 0.000   0.146 0.000   0.182 0.000 0.003 0.000 0.021 0.000
 78.333333  79.333333    2.89 0.000  0.56 0.000 0.016 0.000 9.99 0.259 0.004 0.000 99.999 0.259 99.999 0.259 99.99 0.259   0.779 0.000   0.510 0.000   0.269 0.000 0.005 0.000 0.026 0.000
 81.333333  82.333333 9999.99 0.456 99.99 0.456 9.999 0.456 9.99 0.456 0.014 0.000  0.107 0.000  0.193 0.000 99.99 0.456   0.660 0.000 999.999 0.456 999.999 0.456 9.999 0.456 0.056 0.000
 84.333333  85.333333 9999.99 0.456 99.99 0.456 9.999 0.456 9.99 0.456 0.001 0.000  0.086 0.000  0.155 0.000 99.99 0.456   0.371 0.000 999.999 0.456 999.999 0.456 9.999 0.456 0.039 0.000
 87.333333  88.333333    1.59 0.000  0.85 0.000 0.020 0.000 0.34 0.000 0.008 0.000 99.999 0.259 99.999 0.259 99.99 0.259   1.817 0.000   0.892 0.000   0.937 0.000 0.008 0.000 0.105 0.000
 90.333333  91.333333 9999.99 0.456 99.99 0.456 9.999 0.456 9.99 0.456 0.007 0.000  0.102 0.000  0.183 0.000 99.99 0.456   1.443 0.000 999.999 0.456 999.999 0.456 9.999 0.456 0.136 0.000
 93.333333  94.333333 9999.99 0.456 99.99 0.456 9.999 0.456 9.99 0.456 0.003 0.000  0.025 0.000  0.045 0.000 99.99 0.456   0.495 0.000 999.999 0.456 999.999 0.456 9.999 0.456 0.053 0.000
 96.333333  97.333333   21.54 0.000  0.49 0.000 0.006 0.000 9.99 0.259 0.017 0.000  0.359 0.000  0.647 0.000 99.99 0.259   1.771 0.000   0.400 0.000   1.371 0.000 0.016 0.000 0.095 0.000
 99.333333 100.333333   29.90 0.000  2.71 0.000 9.999 0.259 9.99 0.259 0.018 0.000  0.264 0.000  0.474 0.000 99.99 0.259   4.679 0.000   2.006 0.000   2.672 0.000 0.043 0.000 0.377 0.000
102.333333 103.333333    1.30 0.000 99.99 0.259 9.999 0.259 9.99 0.259 0.005 0.000 99.999 0.259 99.999 0.259 99.99 0.259   0.455 0.000   0.185 0.000   0.270 0.000 0.004 0.000 0.040 0.000
105.333333 106.333333   19.27 0.000  0.52 0.000 9.999 0.259 0.22 0.000 0.002 0.000  0.136 0.000  0.245 0.000 99.99 0.259   0.901 0.000   0.205 0.000   0.696 0.000 0.011 0.000 0.055 0.000
108.333333 109.333333    7.54 0.000  0.92 0.000 0.007 0.000 0.26 0.000 0.016 0.000  0.447 0.000  0.804 0.000 99.99 0.259   1.896 0.000   0.302 0.000   1.594 0.000 0.008 0.000 0.184 0.000
111.333333 112.333333   20.61 0.000  0.42 0.000 9.999 0.259 9.99 0.259 0.010 0.000  0.509 0.000  0.917 0.000 99.99 0.259   3.409 0.000   1.137 0.000   2.271 0.000 0.017 0.000 0.187 0.000
114.333333 115.333333    9.48 0.000  0.77 0.000 9.999 0.259 9.99 0.259 0.019 0.000  0.422 0.000  0.759 0.000 99.99 0.259   2.062 0.000   0.701 0.000   1.360 0.000 0.012 0.000 0.143 0.000
117.333333 118.333333   70.29 0.000  0.86 0.000 9.999 0.259 9.99 0.259 0.024 0.000  0.716 0.000  1.290 0.000 99.99 0.259   6.974 0.000   3.416 0.000   3.558 0.000 0.039 0.000 0.267 0.000
120.333333 121.333333   11.12 0.000  0.40 0.000 0.007 0.000 9.99 0.259 0.003 0.000  0.351 0.000  0.633 0.000 99.99 0.259   2.050 0.000   0.633 0.000   1.417 0.000 0.012 0.000 0.124 0.000
123.333333 124.333333   13.57 0.000  0.86 0.000 0.007 0.000 9.99 0.259 0.007 0.000  0.666 0.000  1.199 0.000 99.99 0.259   3.005 0.000   0.786 0.000   2.219 0.000 0.023 0.000 0.168 0.000
126.333333 127.333333    4.52 0.000  0.36 0.000 9.999 0.259 9.99 0.259 0.002 0.000  0.462 0.000  0.832 0.000 99.99 0.259   1.358 0.000   0.814 0.000   0.544 0.000 0.007 0.000 0.063 0.000
129.333333 130.333333    0.33 0.000 99.99 0.259 0.009 0.000 0.09 0.000 9.999 0.259 99.999 0.259 99.999 0.259 99.99 0.259   0.331 0.000   0.240 0.000   0.091 0.000 0.001 0.000 0.002 0.000
132.333333 133.333333   21.58 0.000  0.89 0.000 9.999 0.259 9.99 0.259 0.009 0.000  0.527 0.000  0.949 0.000 99.99 0.259   3.923 0.000   1.116 0.000   2.806 0.000 0.026 0.000 0.197 0.000
135.333333 136.333333    5.05 0.000  0.35 0.000 0.010 0.000 0.19 0.000 0.005 0.000  0.063 0.000  0.114 0.000 99.99 0.259   1.522 0.000   0.641 0.000   0.881 0.000 0.009 0.000 0.124 0.000
138.333333 139.333333    3.04 0.000  0.49 0.000 9.999 0.259 9.99 0.259 0.005 0.000 99.999 0.259 99.999 0.259 99.99 0.259   1.327 0.000   0.783 0.000   0.544 0.000 0.007 0.000 0.052 0.000
141.333333 142.333333    6.28 0.000  0.35 0.000 0.033 0.000 9.99 0.259 0.038 0.000  0.156 0.000  0.280 0.000 99.99 0.259   4.840 0.000   2.497 0.000   2.343 0.000 0.023 0.000 0.156 0.000
144.333333 145.333333   28.25 0.000  0.78 0.000 9.999 0.259 9.99 0.259 0.033 0.000  0.755 0.000  1.360 0.000 99.99 0.259   6.867 0.000   4.245 0.000   2.622 0.000 0.019 0.000 0.157 0.000
147.333333 148.333333   30.00 0.000  0.61 0.000 9.999 0.259 9.99 0.259 0.039 0.000  1.605 0.000  2.889 0.000 99.99 0.259   8.989 0.000   4.598 0.000   4.392 0.000 0.029 0.000 0.221 0.000
150.333333 151.333333   11.04 0.000  1.38 0.000 9.999 0.259 0.06 0.000 0.028 0.000  0.493 0.000  0.887 0.000 99.99 0.259   3.725 0.000   1.127 0.000   2.611 0.000 0.020 0.000 0.266 0.000
153.333333 154.333333    7.81 0.000  0.60 0.000 0.006 0.000 9.99 0.259 0.054 0.000  0.696 0.000  1.253 0.000 99.99 0.259   4.678 0.000   1.626 0.000   3.052 0.000 0.018 0.000 0.231 0.000
156.333333 157.333333    0.95 0.000 99.99 0.259 0.017 0.000 0.05 0.000 0.001 0.000 99.999 0.259 99.999 0.259 99.99 0.259   0.657 0.000   0.323 0.000   0.334 0.000 0.004 0.000 0.030 0.000
159.333333 160.333333    7.64 0.000  0.60 0.000 9.999 0.259 9.99 0.259 0.010 0.000  0.622 0.000  1.120 0.000 99.99 0.259   2.662 0.000   0.733 0.000   1.929 0.000 0.012 0.000 0.112 0.000
162.333333 163.333333    1.28 0.000 99.99 0.259 9.999 0.259 0.13 0.000 0.015 0.000  0.189 0.000  0.340 0.000 99.99 0.259   1.932 0.000   0.812 0.000   1.120 0.000 0.009 0.000 0.093 0.000
165.333333 166.333333    9.61 0.000  0.84 0.000 9.999 0.259 9.99 0.259 0.049 0.000  0.431 0.000  0.775 0.000 99.99 0.259   4.050 0.000   1.771 0.000   2.278 0.000 0.017 0.000 0.190 0.000
168.333333 169.333333    0.73 0.000  0.24 0.000 9.999 0.259 9.99 0.259 0.005 0.000  0.104 0.000  0.188 0.000 99.99 0.259   1.271 0.000   0.695 0.000   0.576 0.000 0.007 0.000 0.024 0.000
171.333333 172.333333    8.52 0.000  0.49 0.000 9.999 0.259 0.19 0.000 0.057 0.000  0.919 0.000  1.654 0.000 99.99 0.259   6.007 0.000   1.960 0.000   4.047 0.000 0.021 0.000 0.328 0.000
174.333333 175.333333   29.73 0.000  1.17 0.000 9.999 0.259 0.21 0.000 0.070 0.000  1.491 0.000  2.683 0.000 99.99 0.259   7.669 0.000   2.544 0.000   5.124 0.000 0.032 0.000 0.275 0.000
177.333333 178.333333    2.51 0.000 99.99 0.259 9.999 0.259 9.99 0.259 0.002 0.000  0.171 0.000  0.307 0.000 99.99 0.259   1.592 0.000   0.618 0.000   0.975 0.000 0.006 0.000 0.066 0.000
180.333333 181.333333   19.74 0.000  0.77 0.000 9.999 0.259 9.99 0.259 0.012 0.000  1.397 0.000  2.514 0.000 99.99 0.259   6.401 0.000   2.178 0.000   4.222 0.000 0.021 0.000 0.209 0.000
183.333333 184.333333   10.41 0.000  0.68 0.000 9.999 0.259 9.99 0.259 0.012 0.000  0.942 0.000  1.695 0.000 99.99 0.259   6.087 0.000   2.679 0.000   3.407 0.000 0.024 0.000 0.199 0.000
186.333333 187.333333    6.67 0.000  0.36 0.000 9.999 0.259 9.99 0.259 0.005 0.000  0.516 0.000  0.929 0.000 99.99 0.259   2.000 0.000   1.032 0.000   0.968 0.000 0.012 0.000 0.095 0.000
189.333333 190.333333    2.34 0.000  0.63 0.000 9.999 0.259 0.08 0.000 0.003 0.000  0.379 0.000  0.683 0.000 99.99 0.259   1.425 0.000   0.669 0.000   0.756 0.000 0.007 0.000 0.045 0.000
192.333333 193.333333    8.02 0.000  0.30 0.000 9.999 0.259 9.99 0.259 0.020 0.000  0.259 0.000  0.465 0.000 99.99 0.259   4.180 0.000   2.547 0.000   1.661 0.000 0.009 0.000 0.121 0.000
195.333333 196.333333   38.45 0.000  1.34 0.000 9.999 0.259 0.20 0.000 0.021 0.000  1.609 0.000  2.895 0.000 99.99 0.259   8.851 0.000   3.884 0.000   4.966 0.000 0.024 0.000 0.250 0.000
198.333333 199.333333   39.57 0.000  0.71 0.000 9.999 0.259 0.45 0.000 0.008 0.000  1.468 0.000  2.643 0.000 99.99 0.259   8.039 0.000   3.971 0.000   4.067 0.000 0.018 0.000 0.117 0.000
201.333333 202.333333   43.12 0.000  0.58 0.000 9.999 0.259 9.99 0.259 0.018 0.000  1.383 0.000  2.489 0.000 99.99 0.259  10.082 0.000   5.841 0.000   4.239 0.000 0.026 0.000 0.154 0.000
204.333333 205.333333   20.65 0.000  0.72 0.000 9.999 0.259 0.15 0.000 0.056 0.000  1.040 0.000  1.873 0.000 99.99 0.259   7.409 0.000   3.464 0.000   3.945 0.000 0.031 0.000 0.257 0.000
207.333333 208.333333   83.89 0.000  0.68 0.000 9.999 0.259 0.11 0.000 0.013 0.000  1.842 0.000  3.316 0.000 99.99 0.259  15.911 0.000  10.190 0.000   5.720 0.000 0.045 0.000 0.180 0.000
210.333333 211.333333   43.93 0.000  0.78 0.000 9.999 0.259 0.23 0.000 0.016 0.000  1.546 0.000  2.783 0.000 99.99 0.259   9.096 0.000   4.782 0.000   4.312 0.000 0.033 0.000 0.213 0.000
213.333333 214.333333   31.44 0.000  0.66 0.000 9.999 0.259 0.18 0.000 0.017 0.000  1.053 0.000  1.896 0.000 99.99 0.259   8.461 0.000   4.863 0.000   3.670 0.000 0.071 0.000 0.163 0.000
216.333333 217.333333   92.40 0.000  0.76 0.000 9.999 0.259 0.18 0.000 0.025 0.000  2.356 0.000  4.242 0.000 99.99 0.259  16.399 0.000   8.801 0.000   7.596 0.000 0.086 0.000 0.256 0.000
219.333333 220.333333   72.59 0.000  0.66 0.000 9.999 0.259 0.18 0.000 0.030 0.000  1.758 0.000  3.164 0.000 99.99 0.259  21.308 0.000  15.371 0.000   5.936 0.000 0.084 0.000 0.294 0.000
222.333333 223.333333   61.32 0.000  0.50 0.000 9.999 0.259 9.99 0.259 0.035 0.000  1.674 0.000  3.014 0.000 99.99 0.259  10.124 0.000   4.392 0.000   5.730 0.000 0.126 0.000 0.199 0.000
225.333333 226.333333   45.68 0.000  0.37 0.000 9.999 0.259 9.99 0.259 0.004 0.000  1.336 0.000  2.404 0.000 99.99 0.259  12.014 0.000   8.463 0.000   3.551 0.000 0.016 0.000 0.092 0.000
228.333333 229.333333   74.17 0.000  0.88 0.000 9.999 0.259 9.99 0.259 0.083 0.000  5.017 0.000  9.031 0.000 99.99 0.259  17.305 0.000   4.763 0.000  12.540 0.000 0.512 0.000 0.309 0.000
231.333333 232.333333   51.44 0.000  0.67 0.000 9.999 0.259 0.07 0.000 0.010 0.000  2.079 0.000  3.743 0.000 99.99 0.259  13.276 0.000   7.201 0.000   6.074 0.000 0.068 0.000 0.192 0.000
234.333333 235.333333   27.68 0.000  0.82 0.000 9.999 0.259 0.19 0.000 0.040 0.000  1.344 0.000  2.418 0.000 99.99 0.259   8.084 0.000   3.628 0.000   4.499 0.000 0.057 0.000 0.243 0.000
237.333333 238.333333  100.91 0.000  0.64 0.000 9.999 0.259 0.23 0.000 0.042 0.000  2.966 0.000  5.338 0.000 99.99 0.259  18.957 0.000   9.806 0.000   8.989 0.000 0.101 0.000 0.249 0.000
240.333333 241.333333    2.89 0.000 99.99 0.259 9.999 0.259 9.99 0.259 0.019 0.000  0.181 0.000  0.326 0.000 99.99 0.259   3.527 0.000   1.556 0.000   1.942 0.000 0.009 0.000 0.184 0.000
243.333333 244.333333   70.19 0.000  1.40 0.000 9.999 0.259 0.21 0.000 0.028 0.000  1.510 0.000  2.718 0.000 99.99 0.259  11.330 0.000   6.276 0.000   4.955 0.000 0.079 0.000 0.274 0.000
246.333333 247.333333  169.01 0.000  0.81 0.000 9.999 0.259 9.99 0.259 0.022 0.000  0.478 0.000  0.861 0.000 99.99 0.259  41.670 0.000  37.074 0.000   4.168 0.000 0.028 0.000 0.165 0.000
249.333333 250.333333  115.61 0.000  1.10 0.000 0.014 0.000 9.99 0.259 0.034 0.000  1.847 0.000  3.325 0.000 99.99 0.259  19.746 0.000  13.817 0.000   6.051 0.000 0.127 0.000 0.219 0.000
252.333333 253.333333    0.90 0.000  0.32 0.000 0.010 0.000 9.99 0.259 0.007 0.000  0.220 0.000  0.395 0.000 99.99 0.259   1.704 0.000   0.731 0.000   0.960 0.000 0.010 0.000 0.058 0.000
