scripts/IMPROVE-2019_partial/data/US9006R.20100102050000.20191216000000.filterpack...52w.3d.US03L_filterpack_US9006.US03L_IMPROVE_Davis.lev2.nas
51 1001
MISSING INFORMATION
US03L, IMPROVE, , , , , , , 
MISSING INFORMATION
IMPROVE sel_HTAP
1 1
2010 01 01 2019 12 16
3.000000
days from file reference point
4
1 1 1 1
999.999999 999.999 999.999 9.999
end_time of measurement, days from the file reference point
pm10_mass, ug/m3, Matrix=pm10
pm25_mass, ug/m3, Matrix=pm25
numflag, no unit
0
33
Data definition:              EBAS_1.1
Set type code:                TU
Timezone:                     UTC
File name:                    US9006R.20100102050000.20191216000000.filterpack...52w.3d.US03L_filterpack_US9006.US03L_IMPROVE_Davis.lev2.nas
File creation:                20191218120530
Startdate:                    20100102050000
Revision date:                20191216000000
Version:                      2
Version description:          "Data extracted from http://views.cira.colostate.edu/fed/DataWizard 2019-12-16"
Statistics:                   arithmetic mean
Data level:                   2
Period code:                  52w
Resolution code:              3d
Sample duration:              1d
Orig. time res.:              3d
Station code:                 US9006R
Platform code:                US9006S
Station name:                 Martha's Vineyard
Station latitude:             41.3309
Station longitude:            -70.7846
Station altitude:             2.0 m
Regime:                       IMG
Component:                    
Unit:                         ug/m3
Matrix:                       
Laboratory code:              US03L
Instrument type:              filterpack
Instrument name:              filterpack_US9006
Method ref:                   US03L_IMPROVE_Davis
Blank correction:             Blank corrected
Volume std. temperature:      ambient
Volume std. pressure:         ambient
starttime endtime PM10 PM2.5 flag
  1.208333   2.208333   5.900   4.672 0.000
  4.208333   5.208333   4.749   2.728 0.000
  7.208333   8.208333   3.548   3.350 0.000
 10.208333  11.208333   9.311   6.030 0.000
 13.208333  14.208333  12.440   5.989 0.000
 16.208333  17.208333  11.851   7.702 0.000
 19.208333  20.208333   7.091   5.987 0.000
 22.208333  23.208333  11.293   3.967 0.000
 25.208333  26.208333  17.110   7.802 0.000
 28.208333  29.208333  10.781   2.480 0.000
 31.208333  32.208333  10.681   5.204 0.000
 34.208333  35.208333   8.022   4.375 0.000
 37.208333  38.208333   6.216   2.753 0.000
 40.208333  41.208333   8.116   3.253 0.000
 43.208333  44.208333   6.189   2.879 0.000
 46.208333  47.208333   9.582   5.275 0.000
 49.208333  50.208333   7.386   2.457 0.000
 52.208333  53.208333   4.460   2.204 0.000
 55.208333  56.208333   5.790   3.253 0.000
 58.208333  59.208333  10.256   6.996 0.000
 61.208333  62.208333   6.106   3.038 0.000
 64.208333  65.208333   8.886   4.120 0.000
 67.208333  68.208333   9.195   4.963 0.000
 70.208333  71.208333  10.849   3.597 0.000
 73.208333  74.208333   9.815   5.098 0.000
 76.208333  77.208333  16.782   8.019 0.000
 79.208333  80.208333  17.489   9.924 0.000
 82.208333  83.208333   6.890   2.964 0.000
 85.208333  86.208333   9.801   3.493 0.000
 88.208333  89.208333  17.160  11.527 0.000
 91.208333  92.208333   2.901   1.846 0.000
 94.208333  95.208333   8.382   5.175 0.000
 97.208333  98.208333  30.727  17.501 0.000
100.208333 101.208333  22.470   9.828 0.000
103.208333 104.208333  13.678   4.836 0.000
106.208333 107.208333   3.945   2.094 0.000
109.208333 110.208333   7.461   3.352 0.000
112.208333 113.208333  10.673   6.777 0.000
115.208333 116.208333   6.115   3.717 0.000
118.208333 119.208333  15.130   4.440 0.000
121.208333 122.208333  20.870  14.644 0.000
124.208333 125.208333  13.968   6.152 0.000
127.208333 128.208333  21.116  10.386 0.000
130.208333 131.208333   9.286   3.468 0.000
133.208333 134.208333  13.270   7.094 0.000
136.208333 137.208333   9.725   4.146 0.000
139.208333 140.208333   6.882   3.417 0.000
142.208333 143.208333   6.280   4.097 0.000
145.208333 146.208333  23.474  10.882 0.000
148.208333 149.208333   8.958   4.256 0.000
151.208333 152.208333  22.170  13.537 0.000
154.208333 155.208333   8.585   7.341 0.000
157.208333 158.208333   7.991   2.584 0.000
160.208333 161.208333   6.067   2.214 0.000
163.208333 164.208333  13.204   7.746 0.000
166.208333 167.208333   9.913   5.634 0.000
169.208333 170.208333   8.970   6.976 0.000
172.208333 173.208333  11.990   7.938 0.000
175.208333 176.208333   8.586   4.756 0.000
178.208333 179.208333  25.456  18.262 0.000
181.208333 182.208333   9.407   2.574 0.000
184.208333 185.208333  17.677  11.910 0.000
187.208333 188.208333  18.309  16.659 0.000
190.208333 191.208333   8.241   4.182 0.000
193.208333 194.208333   9.089   5.635 0.000
196.208333 197.208333  11.087   9.713 0.000
199.208333 200.208333  13.861  10.458 0.000
202.208333 203.208333  11.524   6.253 0.000
205.208333 206.208333  15.097   9.701 0.000
208.208333 209.208333  13.603   7.448 0.000
211.208333 212.208333   5.496   2.703 0.000
214.208333 215.208333   9.705   4.128 0.000
217.208333 218.208333  18.028  11.155 0.000
220.208333 221.208333  12.987   8.210 0.000
223.208333 224.208333  12.783   4.122 0.000
226.208333 227.208333   9.637   3.545 0.000
229.208333 230.208333  13.395   8.419 0.000
232.208333 233.208333   7.332   3.449 0.000
235.208333 236.208333   5.372   3.018 0.000
238.208333 239.208333   6.633   2.682 0.000
241.208333 242.208333  16.899   9.505 0.000
244.208333 245.208333  28.192  19.732 0.000
247.208333 248.208333  14.598   4.050 0.000
250.208333 251.208333  34.139  11.557 0.000
253.208333 254.208333   8.577   1.154 0.000
256.208333 257.208333  14.577   5.115 0.000
259.208333 260.208333  48.844   9.038 0.000
262.208333 263.208333  13.757   4.570 0.000
265.208333 266.208333  17.852   5.881 0.000
268.208333 269.208333  18.337   5.152 0.000
271.208333 272.208333  13.209   5.896 0.000
274.208333 275.208333   7.885   2.922 0.000
277.208333 278.208333   3.604   2.114 0.000
280.208333 281.208333  15.252   4.921 0.000
283.208333 284.208333  14.609   5.909 0.000
286.208333 287.208333   9.289   3.545 0.000
289.208333 290.208333  11.170   4.351 0.000
292.208333 293.208333  11.636   3.785 0.000
295.208333 296.208333  12.039   3.248 0.000
298.208333 299.208333  40.769  12.195 0.000
301.208333 302.208333   6.130   2.380 0.000
304.208333 305.208333   3.752   1.264 0.000
307.208333 308.208333  19.264   7.549 0.000
310.208333 311.208333   9.348   4.293 0.000
313.208333 314.208333  12.783   4.954 0.000
316.208333 317.208333  10.158   4.365 0.000
319.208333 320.208333   9.494   6.330 0.000
322.208333 323.208333   4.215   2.238 0.000
325.208333 326.208333  12.860   4.935 0.000
328.208333 329.208333   5.482   3.148 0.000
331.208333 332.208333   4.051   2.143 0.000
334.208333 335.208333  19.703   7.835 0.000
337.208333 338.208333   4.780   2.350 0.000
340.208333 341.208333   6.934   2.223 0.000
343.208333 344.208333   7.728   3.301 0.000
346.208333 347.208333  22.601   9.354 0.000
349.208333 350.208333   6.590   2.740 0.000
352.208333 353.208333   7.547   4.987 0.000
355.208333 356.208333 999.999 999.999 0.999
358.208333 359.208333   6.890   3.813 0.000
361.208333 362.208333  10.859   2.393 0.000
364.208333 365.208333  37.457  21.378 0.000
