scripts/IMPROVE-2019_partial/data/US9012R.20050101070000.20191216000000.filterpack..pm25.52w.1w.US03L_filterpack_US9012.US03L_IMPROVE_Davis.lev2.nas
66 1001
MISSING INFORMATION
US03L, IMPROVE, , , , , , , 
MISSING INFORMATION
IMPROVE sel_HTAP
1 1
2005 01 01 2019 12 16
3.000000
days from file reference point
27
1 1 1 1 1 1 1 1 1 1 1 1 1 1 1 1 1 1 1 1 1 1 1 1 1 1 1
999.999999 9999.99 9.999 99.99 9.999 9.999 9.999999 9.99 9.999999 9.999 9.999 999.999 9.999 999.999 9.999 999.99 9.999999 999.999 9.999 999.999 9.999999 999.999 9.999 9.999 9.999 9.999 9.999
end_time of measurement, days from the file reference point
iron, ng/m3, Revision date=20181210133000
numflag iron, no unit, Revision date=20181210133000
lead, ng/m3, Revision date=20181210133000
numflag lead, no unit, Revision date=20181210133000
magnesium, ug/m3, Revision date=20181210133000
numflag magnesium, no unit, Revision date=20181210133000
nickel, ng/m3, Revision date=20181210133000
numflag nickel, no unit, Revision date=20181210133000
nitrate, ug N/m3, Revision date=20181210133000
numflag nitrate, no unit, Revision date=20181210133000
organic_carbon, ug C/m3, Revision date=20181210133000
numflag organic_carbon, no unit, Revision date=20181210133000
organic_mass, ug/m3, Revision date=20181210133000
numflag organic_mass, no unit, Revision date=20181210133000
phosphorus, ng/m3, Revision date=20181210133000
numflag phosphorus, no unit, Revision date=20181210133000
pm10_mass, ug/m3, Version=2, Version description=Data extracted from http://views.cira.colostate.edu/fed/DataWizard 2019-12-16, Sample duration=1d, Orig. time res.=3d, Matrix=pm10, Blank correction=Blank corrected, Volume std. temperature=ambient, Volume std. pressure=ambient
numflag pm10_mass, no unit, Version=2, Version description=Data extracted from http://views.cira.colostate.edu/fed/DataWizard 2019-12-16, Sample duration=1d, Orig. time res.=3d, Matrix=pm10, Blank correction=Blank corrected, Volume std. temperature=ambient, Volume std. pressure=ambient
pm10_pm25_mass, ug/m3, Revision date=20181210133000, Matrix=pm10_pm25
numflag pm10_pm25_mass, no unit, Revision date=20181210133000, Matrix=pm10_pm25
pm25_mass, ug/m3, Version=2, Version description=Data extracted from http://views.cira.colostate.edu/fed/DataWizard 2019-12-16, Sample duration=1d, Orig. time res.=3d, Blank correction=Blank corrected, Volume std. temperature=ambient, Volume std. pressure=ambient
numflag pm25_mass, no unit, Version=2, Version description=Data extracted from http://views.cira.colostate.edu/fed/DataWizard 2019-12-16, Sample duration=1d, Orig. time res.=3d, Blank correction=Blank corrected, Volume std. temperature=ambient, Volume std. pressure=ambient
potassium, ug/m3, Revision date=20181210133000
numflag potassium, no unit, Revision date=20181210133000
sulphate_total, ug S/m3, Revision date=20181210133000
numflag sulphate_total, no unit, Revision date=20181210133000
0
25
Data definition:              EBAS_1.1
Set type code:                TU
Timezone:                     UTC
File name:                    US9012R.20050101070000.20191216000000.filterpack..pm25.52w.1w.US03L_filterpack_US9012.US03L_IMPROVE_Davis.lev2.nas
File creation:                20191218120558
Startdate:                    20050101070000
Revision date:                20191216000000
Statistics:                   arithmetic mean
Data level:                   2
Period code:                  52w
Resolution code:              1w
Station code:                 US9012R
Platform code:                US9012S
Station name:                 Monture
Station latitude:             47.1222
Station longitude:            -113.1544
Station altitude:             1282.0 m
Regime:                       IMG
Component:                    
Matrix:                       pm25
Laboratory code:              US03L
Instrument type:              filterpack
Instrument name:              filterpack_US9012
Method ref:                   US03L_IMPROVE_Davis
starttime endtime Fe flag_Fe Pb flag_Pb Mg++ flag_Mg++ Ni flag_Ni NO3- flag_NO3- OC flag_OC OM flag_OM P flag_P PM10 flag_PM10 PM10-PM2.5 flag_PM10-PM2.5 PM2.5 flag_PM2.5 K+ flag_K+ SO4-- flag_SO4--
  0.291667   1.291667    7.58 0.000  1.04 0.000 9.999 0.259000 9.99 0.259000 0.189 0.000   0.498 0.000   0.895 0.000 999.99 0.259000   4.018 0.000   0.539 0.000000   3.477 0.000 0.031 0.000 0.353 0.000
  3.291667   4.291667    1.55 0.559  0.40 0.559 0.013 0.559000 9.99 0.559259 0.020 0.000   0.210 0.000   0.378 0.000 999.99 0.559259   1.214 0.000 999.999 0.559259   1.289 0.659 0.008 0.559 0.154 0.000
  6.291667   7.291667    5.57 0.000  0.61 0.000 9.999 0.259000 0.10 0.000000 0.026 0.000   0.420 0.000   0.756 0.000 999.99 0.259000   2.583 0.000   0.639 0.000000   1.943 0.000 0.018 0.000 0.192 0.000
  9.291667  10.291667    2.26 0.000  0.32 0.000 9.999 0.259000 0.17 0.000000 0.035 0.000   0.556 0.000   1.001 0.000  16.39 0.000000   2.758 0.000   0.294 0.000000   2.463 0.000 0.007 0.000 0.259 0.000
 12.291667  13.291667    3.12 0.000  0.49 0.000 9.999 0.259000 0.21 0.000000 0.033 0.000   0.351 0.000   0.631 0.000 999.99 0.259000   1.626 0.000   0.174 0.000000   1.451 0.000 0.012 0.000 0.092 0.000
 15.291667  16.291667    2.42 0.559  0.49 0.559 9.999 0.559259 9.99 0.559259 0.021 0.559   0.593 0.000   1.068 0.000 999.99 0.559259   1.974 0.000   0.104 0.559000   1.869 0.659 0.011 0.559 0.081 0.559
 18.291667  19.291667    1.47 0.559  0.19 0.559 9.999 0.559259 9.99 0.559259 0.005 0.000   0.103 0.000   0.185 0.000 999.99 0.559259   0.866 0.000   0.175 0.559000   0.691 0.659 0.008 0.559 0.062 0.000
 21.291667  22.291667    1.58 0.000  0.23 0.000 9.999 0.259000 0.12 0.000000 0.012 0.000   0.417 0.000   0.751 0.000 999.99 0.259000   1.321 0.000   0.189 0.000000   1.132 0.000 0.007 0.000 0.055 0.000
 24.291667  25.291667    3.49 0.000  0.12 0.000 9.999 0.259000 9.99 0.259000 0.009 0.000   0.432 0.000   0.777 0.000 999.99 0.259000   1.284 0.000   0.010 0.000000   1.274 0.000 0.016 0.000 0.050 0.000
 27.291667  28.291667    1.75 0.000  0.22 0.000 0.011 0.000000 9.99 0.259000 0.007 0.000   0.311 0.000   0.559 0.000 999.99 0.259000   1.038 0.000 999.999 0.259000   1.080 0.000 0.008 0.000 0.052 0.000
 30.291667  31.291667    4.04 0.000  0.47 0.000 9.999 0.259000 0.16 0.000000 0.008 0.000   0.220 0.000   0.396 0.000 999.99 0.259000   1.164 0.000   0.326 0.000000   0.838 0.000 0.011 0.000 0.072 0.000
 33.291667  34.291667    7.84 0.000  1.14 0.000 9.999 0.259000 9.99 0.259000 0.006 0.000   0.242 0.000   0.435 0.000 999.99 0.259000   1.526 0.000   0.427 0.000000   1.098 0.000 0.017 0.000 0.078 0.000
 36.291667  37.291667    2.13 0.000  0.20 0.000 9.999 0.259000 9.99 0.259000 0.010 0.000   0.103 0.000   0.185 0.000 999.99 0.259000   0.827 0.000   0.184 0.000000   0.642 0.000 0.007 0.000 0.069 0.000
 39.291667  40.291667   13.39 0.000  0.67 0.000 9.999 0.259000 9.99 0.259000 0.021 0.000   0.297 0.000   0.535 0.000 999.99 0.259000   1.991 0.000   0.633 0.000000   1.358 0.000 0.018 0.000 0.087 0.000
 42.291667  43.291667   27.89 0.000  0.90 0.000 9.999 0.259000 0.19 0.000000 0.012 0.000   0.366 0.000   0.658 0.000 999.99 0.259000   2.241 0.000   0.633 0.000000   1.607 0.000 0.024 0.000 0.098 0.000
 45.291667  46.291667    5.09 0.559  0.47 0.559 9.999 0.559259 9.99 0.559259 0.012 0.000   0.317 0.000   0.570 0.000 999.99 0.559259   1.334 0.000   0.448 0.559000   0.891 0.659 0.008 0.559 0.104 0.000
 48.291667  49.291667    8.13 0.000  0.38 0.000 9.999 0.259000 0.15 0.000000 0.007 0.000   0.132 0.000   0.237 0.000 999.99 0.259000   1.455 0.000   0.554 0.000000   0.900 0.000 0.009 0.000 0.073 0.000
 51.291667  52.291667    7.12 0.000  0.48 0.000 0.010 0.000000 9.99 0.259000 0.025 0.000   0.543 0.000   0.978 0.000 999.99 0.259000   2.002 0.000   0.124 0.000000   1.877 0.000 0.026 0.000 0.139 0.000
 54.291667  55.291667   13.10 0.000  0.54 0.000 9.999 0.259000 9.99 0.259000 0.015 0.000   0.519 0.000   0.934 0.000 999.99 0.259000   2.656 0.000   0.976 0.000000   1.679 0.000 0.024 0.000 0.088 0.000
 57.291667  58.291667   18.60 0.000  0.57 0.000 9.999 0.259000 9.99 0.259000 0.062 0.000   0.516 0.000   0.929 0.000 999.99 0.259000   3.361 0.000   1.122 0.000000   2.238 0.000 0.021 0.000 0.146 0.000
 60.291667  61.291667    8.80 0.000  0.66 0.000 9.999 0.259000 9.99 0.259000 0.008 0.000   0.355 0.000   0.640 0.000 999.99 0.259000   1.694 0.000   0.704 0.000000   0.990 0.000 0.010 0.000 0.061 0.000
 63.291667  64.291667    9.86 0.559  1.12 0.559 9.999 0.559259 9.99 0.559259 0.011 0.000   0.721 0.000   1.299 0.000 999.99 0.559259   2.598 0.000   0.756 0.559000   1.841 0.659 0.021 0.559 0.092 0.000
 66.291667  67.291667   17.68 0.000  1.04 0.000 9.999 0.259000 0.26 0.000000 0.011 0.000   0.493 0.000   0.887 0.000 999.99 0.259000   2.709 0.000   0.689 0.000000   2.029 0.000 0.037 0.000 0.135 0.000
 69.291667  70.291667   50.73 0.000  0.63 0.000 0.020 0.000000 9.99 0.259000 0.010 0.000 999.999 0.456 999.999 0.456 999.99 0.259000 999.999 0.456 999.999 0.999000   1.851 0.000 0.029 0.000 0.041 0.000
 72.291667  73.291667   15.88 0.000  0.79 0.000 9.999 0.259000 0.19 0.000000 0.006 0.000 999.999 0.456 999.999 0.456 999.99 0.259000 999.999 0.456 999.999 0.999000   1.242 0.000 0.013 0.000 0.153 0.000
 75.291667  76.291667   10.58 0.000  0.89 0.000 9.999 0.259000 0.11 0.000000 0.007 0.000   0.103 0.000   0.185 0.000 999.99 0.259000   1.283 0.000   0.315 0.000000   0.968 0.000 0.014 0.000 0.108 0.000
 78.291667  79.291667    8.67 0.000  0.92 0.000 9.999 0.259000 9.99 0.259000 0.068 0.000   0.543 0.000   0.978 0.000 999.99 0.259000   3.635 0.000   0.313 0.000000   3.321 0.000 0.019 0.000 0.501 0.000
 81.291667  82.291667    4.70 0.000  0.41 0.000 9.999 0.259000 0.17 0.000000 0.076 0.000   0.377 0.000   0.678 0.000 999.99 0.259000   5.091 0.000   1.398 0.000000   3.692 0.000 0.014 0.000 0.731 0.000
 84.291667  85.291667    5.26 0.000  0.93 0.000 9.999 0.259000 9.99 0.259000 0.019 0.000   0.407 0.000   0.733 0.000 999.99 0.259000   2.483 0.000   0.535 0.000000   1.947 0.000 0.021 0.000 0.266 0.000
 87.291667  88.291667    4.23 0.000  0.67 0.000 9.999 0.259000 9.99 0.259000 0.010 0.000   0.094 0.000   0.170 0.000 999.99 0.259000   1.405 0.000   0.909 0.000000   0.499 0.000 0.011 0.000 0.060 0.000
 90.291667  91.291667    7.19 0.000  0.79 0.000 9.999 0.259000 9.99 0.259000 0.010 0.000   0.296 0.000   0.533 0.000 999.99 0.259000 999.999 0.456   1.816 0.000000   1.558 0.000 0.015 0.000 0.173 0.000
 93.291667  94.291667    1.22 0.000 99.99 0.259 9.999 0.259000 9.99 0.259000 0.001 0.000   0.174 0.000   0.314 0.000 999.99 0.259000 999.999 0.456   1.816 0.000000   0.407 0.000 0.005 0.000 0.039 0.000
 96.291667  97.291667   21.19 0.000  0.79 0.000 0.012 0.000000 9.99 0.259000 0.008 0.000   0.393 0.000   0.708 0.000 999.99 0.259000   2.863 0.000   1.077 0.000000   1.785 0.000 0.024 0.000 0.133 0.000
 99.291667 100.291667   15.98 0.000  1.24 0.000 9.999 0.259000 9.99 0.259000 0.019 0.000   0.535 0.000   0.962 0.000 999.99 0.259000   3.511 0.000   1.335 0.000000   2.176 0.000 0.022 0.000 0.193 0.000
102.291667 103.291667   12.07 0.000  0.42 0.000 0.015 0.000000 0.13 0.000000 0.006 0.000   0.352 0.000   0.633 0.000 999.99 0.259000   2.136 0.000   0.875 0.000000   1.261 0.000 0.017 0.000 0.099 0.000
105.291667 106.291667 9999.99 0.999 99.99 0.999 9.999 0.999000 9.99 0.999000 9.999 0.999 999.999 0.999 999.999 0.999 999.99 0.999000 999.999 0.999 999.999 0.999000 999.999 0.999 9.999 0.999 9.999 0.999
108.291667 109.291667 9999.99 0.999 99.99 0.999 9.999 0.999000 9.99 0.999000 9.999 0.999 999.999 0.999 999.999 0.999 999.99 0.999000 999.999 0.999 999.999 0.999000 999.999 0.999 9.999 0.999 9.999 0.999
111.291667 112.291667   22.31 0.394  0.47 0.394 0.013 0.394000 9.99 0.394259 0.013 0.394   0.414 0.000   0.746 0.000 999.99 0.394259   3.100 0.000   1.194 0.000000   1.919 0.659 0.027 0.394 0.167 0.394
114.291667 115.291667   38.00 0.000  0.85 0.000 9.999 0.259000 9.99 0.259000 0.014 0.000   0.400 0.000   0.720 0.000 999.99 0.259000   5.349 0.000   2.717 0.000000   2.631 0.000 0.026 0.000 0.238 0.000
117.291667 118.291667   14.36 0.000  0.74 0.000 9.999 0.259000 9.99 0.259000 0.051 0.000   0.112 0.000   0.202 0.000 999.99 0.259000   3.471 0.000   1.004 0.000000   2.466 0.000 0.015 0.000 0.416 0.000
120.291667 121.291667   14.36 0.559  0.73 0.559 9.999 0.559259 9.99 0.559259 0.016 0.000   0.390 0.000   0.702 0.000 999.99 0.559259   5.310 0.000   1.510 0.559000   3.799 0.659 0.018 0.559 0.607 0.000
123.291667 124.291667   19.98 0.000  0.62 0.000 9.999 0.259000 9.99 0.259000 0.008 0.000   0.343 0.000   0.617 0.000 999.99 0.259000   2.429 0.000   0.791 0.000000   1.637 0.000 0.016 0.000 0.157 0.000
126.291667 127.291667   15.88 0.000  0.66 0.000 9.999 0.259000 9.99 0.259000 0.003 0.000   0.509 0.000   0.916 0.000 999.99 0.259000   2.098 0.000   0.717 0.000000   1.381 0.000 0.013 0.000 0.085 0.000
129.291667 130.291667   11.93 0.000  0.86 0.000 9.999 0.259000 0.11 0.000000 0.009 0.000   0.520 0.000   0.937 0.000 999.99 0.259000   2.963 0.000   1.046 0.000000   1.930 0.000 0.026 0.000 0.233 0.000
132.291667 133.291667   41.67 0.000  1.16 0.000 0.014 0.000000 0.13 0.000000 0.011 0.000   0.680 0.000   1.225 0.000 999.99 0.259000   6.161 0.000   2.235 0.000000   3.924 0.000 0.045 0.000 0.349 0.000
135.291667 136.291667   22.35 0.000  0.48 0.000 9.999 0.259000 0.14 0.000000 0.007 0.000   0.762 0.000   1.372 0.000 999.99 0.259000   3.234 0.000   1.177 0.000000   2.057 0.000 0.026 0.000 0.111 0.000
138.291667 139.291667   10.29 0.000  0.32 0.000 9.999 0.259000 0.18 0.000000 0.003 0.000   0.161 0.000   0.290 0.000 999.99 0.259000   1.841 0.000   0.908 0.000000   0.933 0.000 0.011 0.000 0.066 0.000
141.291667 142.291667    6.75 0.000  0.56 0.000 9.999 0.259000 9.99 0.259000 0.006 0.000   0.392 0.000   0.706 0.000 999.99 0.259000   2.011 0.000   0.817 0.000000   1.193 0.000 0.011 0.000 0.086 0.000
144.291667 145.291667    6.70 0.559  0.46 0.559 9.999 0.559259 0.14 0.559000 0.005 0.000   0.402 0.000   0.723 0.000 999.99 0.559259   2.003 0.000   0.909 0.559000   1.094 0.659 0.009 0.559 0.058 0.000
147.291667 148.291667   34.98 0.000  0.59 0.000 0.018 0.000000 0.12 0.000000 0.012 0.000   1.227 0.000   2.208 0.000 999.99 0.259000  10.104 0.000   5.917 0.000000   4.185 0.000 0.032 0.000 0.243 0.000
150.291667 151.291667   12.17 0.000  0.30 0.000 9.999 0.259000 0.20 0.000000 0.006 0.000   0.695 0.000   1.251 0.000 999.99 0.259000   3.771 0.000   1.544 0.000000   2.246 0.000 0.014 0.000 0.157 0.000
153.291667 154.291667    6.20 0.000  0.35 0.000 9.999 0.259000 9.99 0.259000 0.009 0.000   0.396 0.000   0.712 0.000 999.99 0.259000   1.890 0.000   0.459 0.000000   1.430 0.000 0.020 0.000 0.057 0.000
156.291667 157.291667    5.75 0.000  0.29 0.000 9.999 0.259000 9.99 0.259000 0.008 0.000   0.216 0.000   0.389 0.000 999.99 0.259000   2.510 0.000   1.103 0.000000   1.406 0.000 0.012 0.000 0.096 0.000
159.291667 160.291667   12.11 0.000  0.36 0.000 9.999 0.259000 0.05 0.000000 0.008 0.000   0.506 0.000   0.911 0.000 999.99 0.259000   4.306 0.000   2.429 0.000000   1.877 0.000 0.013 0.000 0.134 0.000
162.291667 163.291667    9.38 0.000  0.45 0.000 9.999 0.259000 9.99 0.259000 0.007 0.000   0.268 0.000   0.483 0.000 999.99 0.259000   2.914 0.000   1.458 0.000000   1.457 0.000 0.012 0.000 0.100 0.000
165.291667 166.291667   19.38 0.000  0.59 0.000 9.999 0.259000 9.99 0.259000 0.011 0.000   0.851 0.000   1.532 0.000 999.99 0.259000   5.904 0.000   3.518 0.000000   2.385 0.000 0.023 0.000 0.128 0.000
168.291667 169.291667    4.80 0.000  0.38 0.000 0.007 0.000000 9.99 0.259000 0.004 0.000   0.373 0.000   0.671 0.000 999.99 0.259000   2.757 0.000   1.741 0.000000   1.016 0.000 0.011 0.000 0.048 0.000
171.291667 172.291667   23.18 0.394  0.44 0.394 9.999 0.394259 0.21 0.394000 0.012 0.394   1.795 0.000   3.232 0.000 999.99 0.394259  10.336 0.000   5.724 0.000000   4.728 0.000 0.042 0.394 0.393 0.394
174.291667 175.291667   23.26 0.000  0.44 0.000 9.999 0.259000 0.36 0.000000 0.004 0.000   1.033 0.000   1.860 0.000 999.99 0.259000   5.505 0.000   3.243 0.000000   2.261 0.000 0.027 0.000 0.072 0.000
177.291667 178.291667    6.86 0.000  0.51 0.000 9.999 0.259000 9.99 0.259000 0.004 0.000   0.935 0.000   1.683 0.000 999.99 0.259000   4.210 0.000   1.698 0.000000   2.511 0.000 0.025 0.000 0.176 0.000
180.291667 181.291667    6.39 0.000  0.15 0.000 9.999 0.259000 9.99 0.259000 0.004 0.000   1.071 0.000   1.928 0.000 999.99 0.259000   4.278 0.000   2.174 0.000000   2.104 0.000 0.019 0.000 0.084 0.000
183.291667 184.291667   73.18 0.000  0.32 0.000 0.055 0.000000 9.99 0.259000 0.003 0.000   0.538 0.000   0.969 0.000 999.99 0.259000  12.455 0.000   9.673 0.000000   2.782 0.000 0.078 0.000 0.056 0.000
186.291667 187.291667   39.01 0.000  0.51 0.000 9.999 0.259000 9.99 0.259000 0.009 0.000   1.137 0.000   2.046 0.000 999.99 0.259000   6.594 0.000   3.429 0.000000   3.164 0.000 0.046 0.000 0.148 0.000
189.291667 190.291667   22.27 0.000  0.43 0.000 9.999 0.259000 9.99 0.259000 0.004 0.000   0.543 0.000   0.977 0.000 999.99 0.259000   4.246 0.000   2.699 0.000000   1.547 0.000 0.021 0.000 0.071 0.000
192.291667 193.291667   25.13 0.000  0.40 0.000 9.999 0.259000 9.99 0.259000 0.006 0.000   1.203 0.000   2.165 0.000 999.99 0.259000   7.073 0.000   4.298 0.000000   2.831 0.000 0.028 0.000 0.078 0.000
195.291667 196.291667   90.26 0.000  0.55 0.000 0.078 0.000000 9.99 0.259000 0.006 0.000   1.490 0.000   2.683 0.000 999.99 0.259000  15.318 0.000  10.088 0.000000   5.229 0.000 0.113 0.000 0.087 0.000
198.291667 199.291667   30.18 0.000  0.32 0.000 0.022 0.000000 9.99 0.259000 0.004 0.000   0.767 0.000   1.381 0.000 999.99 0.259000   5.096 0.000   3.085 0.000000   2.011 0.000 0.033 0.000 0.028 0.000
201.291667 202.291667   51.39 0.000  0.96 0.000 0.013 0.000000 9.99 0.259000 0.007 0.000   0.912 0.000   1.641 0.000 999.99 0.259000   8.293 0.000   4.978 0.000000   3.314 0.000 0.067 0.000 0.137 0.000
204.291667 205.291667   36.85 0.000 99.99 0.259 9.999 0.259000 9.99 0.259000 0.007 0.000   0.935 0.000   1.682 0.000 999.99 0.259000   7.133 0.000   4.545 0.000000   2.587 0.000 0.043 0.000 0.135 0.000
207.291667 208.291667  118.92 0.000  0.35 0.000 0.100 0.000000 9.99 0.259000 0.007 0.000   1.530 0.000   2.753 0.000 999.99 0.259000  17.746 0.000  11.661 0.000000   6.084 0.000 0.140 0.000 0.071 0.000
210.291667 211.291667  339.33 0.000  0.48 0.000 0.404 0.000000 0.06 0.000000 0.011 0.000   1.704 0.000   3.068 0.000 999.99 0.259000  42.234 0.000  30.177 0.000000  12.061 0.000 0.383 0.000 0.139 0.000
213.291667 214.291667   19.28 0.000  0.46 0.000 9.999 0.259000 9.99 0.259000 0.008 0.000   1.061 0.000   1.911 0.000 999.99 0.259000   4.683 0.000   1.659 0.000000   3.026 0.000 0.034 0.000 0.128 0.000
216.291667 217.291667   68.92 0.000  0.79 0.000 9.999 0.259000 9.99 0.259000 0.017 0.000   5.875 0.000  10.576 0.000 999.99 0.259000  16.628 0.000   3.705 0.000000  12.919 0.000 0.135 0.000 0.116 0.000
219.291667 220.291667   66.78 0.699  1.14 0.699 9.999 0.699259 9.99 0.699259 0.030 0.000  13.610 0.000  24.499 0.000 999.99 0.699259  33.038 0.000   4.364 0.699000  28.662 0.659 0.262 0.699 0.230 0.000
222.291667 223.291667  131.66 0.000  0.30 0.000 0.079 0.000000 9.99 0.259000 0.027 0.000   3.718 0.000   6.692 0.000 999.99 0.259000  23.447 0.000  11.326 0.000000  12.120 0.000 0.188 0.000 0.220 0.000
225.291667 226.291667    7.78 0.000 99.99 0.259 9.999 0.259000 9.99 0.259000 0.004 0.000   0.739 0.000   1.330 0.000 999.99 0.259000   3.175 0.000   1.426 0.000000   1.750 0.000 0.015 0.000 0.071 0.000
228.291667 229.291667   92.99 0.000  0.35 0.000 9.999 0.259000 9.99 0.259000 0.010 0.000   3.665 0.000   6.597 0.000 999.99 0.259000  16.529 0.000   7.648 0.000000   8.880 0.000 0.109 0.000 0.096 0.000
231.291667 232.291667   21.41 0.000  0.26 0.000 9.999 0.259000 9.99 0.259000 0.003 0.000   1.253 0.000   2.256 0.000 999.99 0.259000   5.223 0.000   2.331 0.000000   2.891 0.000 0.027 0.000 0.059 0.000
234.291667 235.291667   23.59 0.000  0.36 0.000 9.999 0.259000 9.99 0.259000 0.011 0.000   3.562 0.000   6.411 0.000 999.99 0.259000  10.182 0.000   2.499 0.000000   7.709 0.000 0.050 0.000 0.157 0.000
