scripts/IMPROVE-2019_partial/data/US9013R.20120101070000.20191216000000.filterpack...52w.3d.US03L_filterpack_US9013.US03L_IMPROVE_Davis.lev2.nas
52 1001
MISSING INFORMATION
US03L, IMPROVE, , , , , , , 
MISSING INFORMATION
IMPROVE sel_HTAP
1 1
2012 01 01 2019 12 16
3.000000
days from file reference point
5
1 1 1 1 1
999.999999 999.999 9.999 999.999 9.999
end_time of measurement, days from the file reference point
pm10_mass, ug/m3, Matrix=pm10
numflag pm10_mass, no unit, Matrix=pm10
pm25_mass, ug/m3, Matrix=pm25
numflag pm25_mass, no unit, Matrix=pm25
0
33
Data definition:              EBAS_1.1
Set type code:                TU
Timezone:                     UTC
File name:                    US9013R.20120101070000.20191216000000.filterpack...52w.3d.US03L_filterpack_US9013.US03L_IMPROVE_Davis.lev2.nas
File creation:                20191218120603
Startdate:                    20120101070000
Revision date:                20191216000000
Version:                      2
Version description:          "Data extracted from http://views.cira.colostate.edu/fed/DataWizard 2019-12-16"
Statistics:                   arithmetic mean
Data level:                   2
Period code:                  52w
Resolution code:              3d
Sample duration:              1d
Orig. time res.:              3d
Station code:                 US9013R
Platform code:                US9013S
Station name:                 Northern Cheyenne
Station latitude:             45.6495
Station longitude:            -106.5574
Station altitude:             1283.0 m
Regime:                       IMG
Component:                    
Unit:                         ug/m3
Matrix:                       
Laboratory code:              US03L
Instrument type:              filterpack
Instrument name:              filterpack_US9013
Method ref:                   US03L_IMPROVE_Davis
Blank correction:             Blank corrected
Volume std. temperature:      ambient
Volume std. pressure:         ambient
starttime endtime PM10 flag_PM10 PM2.5 flag_PM2.5
  0.291667   1.291667   1.888 0.000   1.425 0.000
  3.291667   4.291667   2.509 0.000   0.970 0.000
  6.291667   7.291667   1.412 0.000   0.712 0.000
  9.291667  10.291667   1.456 0.000   0.716 0.000
 12.291667  13.291667   3.710 0.000   1.072 0.000
 15.291667  16.291667   5.131 0.000   2.434 0.000
 18.291667  19.291667   4.208 0.000   2.895 0.000
 21.291667  22.291667   0.980 0.000   0.566 0.000
 24.291667  25.291667   3.047 0.000   0.822 0.000
 27.291667  28.291667   2.677 0.000   0.968 0.000
 30.291667  31.291667 999.999 0.999 999.999 0.999
 33.291667  34.291667 999.999 0.999 999.999 0.999
 36.291667  37.291667 999.999 0.999 999.999 0.999
 39.291667  40.291667   5.222 0.000   3.085 0.000
 42.291667  43.291667   4.296 0.000   3.379 0.000
 45.291667  46.291667   2.641 0.000   1.655 0.000
 48.291667  49.291667   1.281 0.000   0.829 0.000
 51.291667  52.291667   1.525 0.000   0.447 0.000
 54.291667  55.291667   0.965 0.000   0.592 0.000
 57.291667  58.291667   3.892 0.000   2.773 0.000
 60.291667  61.291667   1.442 0.000   0.534 0.000
 63.291667  64.291667   4.941 0.000   1.767 0.000
 66.291667  67.291667 999.999 0.999 999.999 0.999
 69.291667  70.291667 999.999 0.999 999.999 0.999
 72.291667  73.291667 999.999 0.999 999.999 0.999
 75.291667  76.291667 999.999 0.999 999.999 0.999
 78.291667  79.291667   2.114 0.000   0.712 0.000
 81.291667  82.291667   2.283 0.000   0.986 0.000
 84.291667  85.291667   7.460 0.000   2.626 0.000
 87.291667  88.291667   5.644 0.000   3.050 0.000
 90.291667  91.291667   3.209 0.000   0.934 0.000
 93.291667  94.291667   5.814 0.000   1.649 0.000
 96.291667  97.291667   2.638 0.000   1.147 0.000
 99.291667 100.291667   5.614 0.000   2.850 0.000
102.291667 103.291667   9.129 0.000   3.471 0.000
105.291667 106.291667   2.273 0.000   1.397 0.000
108.291667 109.291667   2.655 0.000   1.571 0.000
111.291667 112.291667   3.243 0.000   1.474 0.000
114.291667 115.291667   6.457 0.000   2.544 0.000
117.291667 118.291667   4.492 0.000   1.758 0.000
120.291667 121.291667   5.605 0.000   3.166 0.000
123.291667 124.291667   5.448 0.000   3.289 0.000
126.291667 127.291667   4.511 0.000   2.419 0.659
129.291667 130.291667  18.110 0.000  12.513 0.000
132.291667 133.291667   5.944 0.000   2.502 0.659
135.291667 136.291667  17.105 0.000   6.666 0.000
138.291667 139.291667   6.659 0.000   4.191 0.000
141.291667 142.291667   7.803 0.000   3.695 0.000
144.291667 145.291667   2.425 0.000   0.874 0.000
147.291667 148.291667   1.507 0.000   2.182 0.000
150.291667 151.291667   6.079 0.000   3.135 0.000
153.291667 154.291667   4.751 0.000   1.306 0.000
156.291667 157.291667  19.405 0.000   4.974 0.659
159.291667 160.291667 999.999 0.999 999.999 0.999
162.291667 163.291667   3.710 0.000   2.152 0.000
165.291667 166.291667   2.123 0.000   1.704 0.000
168.291667 169.291667   4.326 0.000   2.310 0.000
171.291667 172.291667   3.140 0.000   1.550 0.659
174.291667 175.291667  13.093 0.000   4.898 0.000
177.291667 178.291667  14.005 0.000   5.871 0.000
180.291667 181.291667  31.109 0.000  24.106 0.000
183.291667 184.291667  55.639 0.000  50.939 0.000
186.291667 187.291667  53.398 0.000  44.119 0.000
189.291667 190.291667  11.867 0.000   8.760 0.000
192.291667 193.291667  15.404 0.000   9.120 0.000
195.291667 196.291667  15.533 0.000   8.527 0.000
198.291667 199.291667   7.942 0.000   5.138 0.000
201.291667 202.291667  15.691 0.000   6.736 0.000
204.291667 205.291667   7.240 0.000   3.279 0.000
207.291667 208.291667  11.594 0.000   6.738 0.000
210.291667 211.291667   9.017 0.000   4.076 0.000
213.291667 214.291667  39.678 0.000  32.429 0.000
216.291667 217.291667  48.429 0.000 999.999 0.699
219.291667 220.291667 999.999 0.699 999.999 0.699
222.291667 223.291667  35.928 0.000  18.182 0.000
225.291667 226.291667  33.436 0.000  10.607 0.000
228.291667 229.291667  10.442 0.000   3.367 0.000
231.291667 232.291667  13.427 0.000   4.629 0.000
234.291667 235.291667  19.929 0.000  12.200 0.000
237.291667 238.291667  23.679 0.000  15.327 0.000
240.291667 241.291667  12.772 0.000   7.100 0.000
243.291667 244.291667  43.318 0.000  29.426 0.000
246.291667 247.291667  22.581 0.000  17.084 0.000
249.291667 250.291667  12.280 0.000   4.215 0.000
252.291667 253.291667  11.277 0.000   7.550 0.000
255.291667 256.291667  15.051 0.000   6.529 0.000
258.291667 259.291667  23.431 0.000  17.805 0.000
261.291667 262.291667  13.011 0.000   7.165 0.000
264.291667 265.291667  14.036 0.000   3.902 0.000
267.291667 268.291667 999.999 0.699 999.999 0.699
270.291667 271.291667  24.142 0.000  11.225 0.000
273.291667 274.291667  20.811 0.000  10.635 0.000
276.291667 277.291667   4.240 0.000   1.672 0.000
279.291667 280.291667   2.744 0.000   1.516 0.000
282.291667 283.291667   2.919 0.000   2.340 0.000
285.291667 286.291667 999.999 0.999 999.999 0.999
288.291667 289.291667 999.999 0.999 999.999 0.999
291.291667 292.291667   5.774 0.000   1.616 0.000
294.291667 295.291667   2.915 0.000   1.150 0.000
297.291667 298.291667   3.611 0.000   3.112 0.000
300.291667 301.291667   2.162 0.000   1.632 0.000
303.291667 304.291667   1.709 0.000   0.404 0.000
306.291667 307.291667   1.655 0.000   0.891 0.000
309.291667 310.291667   6.121 0.000   1.232 0.000
312.291667 313.291667   6.975 0.000   3.711 0.000
315.291667 316.291667   5.241 0.000   2.677 0.000
318.291667 319.291667   1.990 0.000   1.322 0.000
321.291667 322.291667   2.067 0.000   1.238 0.000
324.291667 325.291667   1.804 0.000   0.532 0.000
327.291667 328.291667   1.503 0.000   1.068 0.000
330.291667 331.291667   1.429 0.000   1.137 0.000
333.291667 334.291667   3.225 0.000   1.787 0.000
336.291667 337.291667   4.439 0.000   1.160 0.000
339.291667 340.291667   4.051 0.000   0.677 0.000
342.291667 343.291667   5.870 0.000   2.090 0.000
345.291667 346.291667   1.260 0.000   0.440 0.000
348.291667 349.291667   2.877 0.000   1.565 0.000
351.291667 352.291667   1.507 0.000   0.535 0.000
354.291667 355.291667   2.091 0.000   0.681 0.000
357.291667 358.291667   7.730 0.000   6.407 0.000
360.291667 361.291667   4.375 0.000   3.649 0.000
363.291667 364.291667   0.920 0.000   0.434 0.000
