scripts/IMPROVE-2019_partial/data/US9003R.20110103050000.20191216000000.filterpack...1y.3d.US03L_filterpack_US9003.US03L_IMPROVE_Davis.lev2.nas
52 1001
MISSING INFORMATION
US03L, IMPROVE, , , , , , , 
MISSING INFORMATION
IMPROVE sel_HTAP
1 1
2011 01 01 2019 12 16
3.000000
days from file reference point
5
1 1 1 1 1
999.999999 999.999 9.999 999.999 9.999
end_time of measurement, days from the file reference point
pm10_mass, ug/m3, Matrix=pm10
numflag pm10_mass, no unit, Matrix=pm10
pm25_mass, ug/m3, Matrix=pm25
numflag pm25_mass, no unit, Matrix=pm25
0
33
Data definition:              EBAS_1.1
Set type code:                TU
Timezone:                     UTC
File name:                    US9003R.20110103050000.20191216000000.filterpack...1y.3d.US03L_filterpack_US9003.US03L_IMPROVE_Davis.lev2.nas
File creation:                20191218120527
Startdate:                    20110103050000
Revision date:                20191216000000
Version:                      2
Version description:          "Data extracted from http://views.cira.colostate.edu/fed/DataWizard 2019-12-16"
Statistics:                   arithmetic mean
Data level:                   2
Period code:                  1y
Resolution code:              3d
Sample duration:              1d
Orig. time res.:              3d
Station code:                 US9003R
Platform code:                US9003S
Station name:                 Mohawk Mt.
Station latitude:             41.8214
Station longitude:            -73.2973
Station altitude:             521.0 m
Regime:                       IMG
Component:                    
Unit:                         ug/m3
Matrix:                       
Laboratory code:              US03L
Instrument type:              filterpack
Instrument name:              filterpack_US9003
Method ref:                   US03L_IMPROVE_Davis
Blank correction:             Blank corrected
Volume std. temperature:      ambient
Volume std. pressure:         ambient
starttime endtime PM10 flag_PM10 PM2.5 flag_PM2.5
  2.208333   3.208333   5.755 0.000   3.299 0.000
  5.208333   6.208333   6.071 0.000   3.737 0.000
  8.208333   9.208333   9.315 0.000   3.659 0.000
 11.208333  12.208333   6.507 0.000   4.131 0.000
 14.208333  15.208333  10.213 0.000   7.029 0.000
 17.208333  18.208333   9.151 0.000   2.865 0.000
 20.208333  21.208333   7.005 0.000   5.133 0.000
 23.208333  24.208333   8.782 0.000   3.901 0.000
 26.208333  27.208333   8.307 0.000   5.482 0.000
 29.208333  30.208333  11.402 0.000   8.808 0.000
 32.208333  33.208333   3.082 0.000   3.046 0.000
 35.208333  36.208333   7.249 0.000   4.638 0.000
 38.208333  39.208333   3.090 0.000   2.453 0.000
 41.208333  42.208333  12.561 0.000   7.755 0.000
 44.208333  45.208333   9.539 0.000   4.771 0.000
 47.208333  48.208333  19.810 0.000  12.516 0.000
 50.208333  51.208333   7.897 0.000   3.182 0.000
 53.208333  54.208333   6.349 0.000   2.480 0.000
 56.208333  57.208333   6.622 0.000   4.469 0.000
 59.208333  60.208333   9.466 0.000   2.073 0.000
 62.208333  63.208333  10.416 0.000   3.238 0.000
 65.208333  66.208333   4.723 0.000   2.333 0.000
 68.208333  69.208333   5.480 0.000   2.794 0.000
 71.208333  72.208333 999.999 0.456   5.172 0.000
 74.208333  75.208333   2.838 0.000   1.748 0.000
 77.208333  78.208333   4.592 0.000   2.583 0.000
 80.208333  81.208333   4.176 0.000   2.992 0.000
 83.208333  84.208333   5.640 0.000   3.439 0.000
 86.208333  87.208333   3.961 0.000   1.963 0.000
 89.208333  90.208333   6.588 0.000   3.849 0.000
 92.208333  93.208333   6.332 0.000   3.084 0.000
 95.208333  96.208333   5.735 0.000   3.482 0.000
 98.208333  99.208333  10.101 0.000   6.085 0.000
101.208333 102.208333   4.153 0.000   2.369 0.000
104.208333 105.208333   6.745 0.000   3.107 0.000
107.208333 108.208333   9.522 0.000   5.614 0.000
110.208333 111.208333   4.138 0.000   3.188 0.000
113.208333 114.208333  10.298 0.000   7.885 0.000
116.208333 117.208333   6.096 0.000   3.850 0.000
119.208333 120.208333   3.507 0.000   2.144 0.000
122.208333 123.208333  15.379 0.000   8.739 0.000
125.208333 126.208333   9.718 0.000   4.877 0.000
128.208333 129.208333   7.883 0.000   3.077 0.000
131.208333 132.208333  12.415 0.000   3.038 0.000
134.208333 135.208333   6.433 0.000   2.555 0.000
137.208333 138.208333   1.183 0.000   0.426 0.000
140.208333 141.208333   7.205 0.000   3.855 0.000
143.208333 144.208333  13.334 0.000   7.358 0.000
146.208333 147.208333  20.898 0.000  13.088 0.000
149.208333 150.208333  19.172 0.000  12.028 0.000
152.208333 153.208333  12.706 0.000   3.174 0.000
155.208333 156.208333  14.702 0.000   4.632 0.000
158.208333 159.208333  33.423 0.000  18.307 0.000
161.208333 162.208333   7.149 0.000   3.357 0.000
164.208333 165.208333   4.275 0.000   1.967 0.000
167.208333 168.208333  13.037 0.000   6.866 0.000
170.208333 171.208333   8.421 0.000   4.037 0.000
173.208333 174.208333   4.921 0.000   2.181 0.000
176.208333 177.208333  10.462 0.000   5.194 0.000
179.208333 180.208333  10.745 0.000   4.253 0.000
182.208333 183.208333   8.645 0.000   4.104 0.000
185.208333 186.208333  11.690 0.000   6.856 0.000
188.208333 189.208333  14.842 0.000  10.679 0.000
191.208333 192.208333  21.420 0.000  17.058 0.000
194.208333 195.208333   6.761 0.000   3.411 0.000
197.208333 198.208333  16.411 0.000  10.648 0.000
200.208333 201.208333  20.163 0.000  15.807 0.000
203.208333 204.208333  14.393 0.000   9.070 0.000
206.208333 207.208333  10.549 0.000   4.893 0.000
209.208333 210.208333  18.397 0.000  14.939 0.000
212.208333 213.208333  14.990 0.000   8.826 0.000
215.208333 216.208333  10.967 0.000   7.287 0.000
218.208333 219.208333  17.491 0.000  12.967 0.000
221.208333 222.208333   9.284 0.000   5.301 0.000
224.208333 225.208333  12.715 0.000   6.669 0.000
227.208333 228.208333   4.222 0.000   1.836 0.000
230.208333 231.208333  16.344 0.000  12.678 0.000
233.208333 234.208333   7.946 0.000   4.016 0.000
236.208333 237.208333  11.891 0.000   8.117 0.000
239.208333 240.208333 999.999 0.999 999.999 0.999
242.208333 243.208333 999.999 0.999 999.999 0.999
245.208333 246.208333  19.741 0.000  14.816 0.000
248.208333 249.208333   2.488 0.000   1.159 0.000
251.208333 252.208333   4.901 0.000   2.008 0.000
254.208333 255.208333  12.915 0.000   9.293 0.000
257.208333 258.208333  12.468 0.000   9.270 0.000
260.208333 261.208333   4.200 0.000   2.128 0.000
263.208333 264.208333   9.524 0.000   7.296 0.000
266.208333 267.208333   4.713 0.000   2.133 0.000
269.208333 270.208333  13.153 0.000   9.083 0.000
272.208333 273.208333  14.259 0.000   8.121 0.000
275.208333 276.208333   4.423 0.000   2.491 0.000
278.208333 279.208333 999.999 0.999 999.999 0.999
281.208333 282.208333 999.999 0.999 999.999 0.999
284.208333 285.208333   6.038 0.000   3.074 0.000
287.208333 288.208333   9.145 0.000   4.578 0.000
290.208333 291.208333   7.905 0.000   3.313 0.000
293.208333 294.208333   2.786 0.000   1.388 0.000
296.208333 297.208333  13.152 0.000   9.732 0.000
299.208333 300.208333   3.437 0.000   1.985 0.000
302.208333 303.208333 999.999 0.999 999.999 0.999
305.208333 306.208333 999.999 0.999 999.999 0.999
308.208333 309.208333   3.191 0.000   2.082 0.000
311.208333 312.208333  14.264 0.000   7.863 0.000
314.208333 315.208333   4.515 0.000   3.259 0.000
317.208333 318.208333  13.853 0.000   8.812 0.000
320.208333 321.208333   4.856 0.000   2.755 0.000
323.208333 324.208333  10.998 0.000   7.417 0.000
326.208333 327.208333   0.593 0.000   0.397 0.000
329.208333 330.208333   6.611 0.000   4.851 0.000
332.208333 333.208333   3.336 0.000   1.925 0.000
335.208333 336.208333   4.688 0.000   3.409 0.000
338.208333 339.208333   8.920 0.000   6.423 0.000
341.208333 342.208333   2.573 0.000   1.962 0.000
344.208333 345.208333   5.123 0.000   3.524 0.000
347.208333 348.208333  10.816 0.000   8.736 0.000
350.208333 351.208333   2.700 0.000   2.074 0.000
353.208333 354.208333   3.693 0.000   2.508 0.000
356.208333 357.208333   2.487 0.000   2.099 0.000
359.208333 360.208333   3.938 0.000   3.529 0.000
362.208333 363.208333   2.965 0.000   2.136 0.000
