scripts/IMPROVE-2019_partial/data/US9033R.20070103060000.20191216000000.filterpack...1y.3d.US03L_filterpack_US9033.US03L_IMPROVE_Davis.lev2.nas
52 1001
MISSING INFORMATION
US03L, IMPROVE, , , , , , , 
MISSING INFORMATION
IMPROVE sel_HTAP
1 1
2007 01 01 2019 12 16
3.00
days from file reference point
5
1 1 1 1 1
999.99 999.999 9.999 999.999 9.999
end_time of measurement, days from the file reference point
pm10_mass, ug/m3, Matrix=pm10
numflag pm10_mass, no unit, Matrix=pm10
pm25_mass, ug/m3, Matrix=pm25
numflag pm25_mass, no unit, Matrix=pm25
0
33
Data definition:              EBAS_1.1
Set type code:                TU
Timezone:                     UTC
File name:                    US9033R.20070103060000.20191216000000.filterpack...1y.3d.US03L_filterpack_US9033.US03L_IMPROVE_Davis.lev2.nas
File creation:                20191218120728
Startdate:                    20070103060000
Revision date:                20191216000000
Version:                      2
Version description:          "Data extracted from http://views.cira.colostate.edu/fed/DataWizard 2019-12-16"
Statistics:                   arithmetic mean
Data level:                   2
Period code:                  1y
Resolution code:              3d
Sample duration:              1d
Orig. time res.:              3d
Station code:                 US9033R
Platform code:                US9033S
Station name:                 Sipsy Wilderness
Station latitude:             34.3433
Station longitude:            -87.3388
Station altitude:             286.0 m
Regime:                       IMG
Component:                    
Unit:                         ug/m3
Matrix:                       
Laboratory code:              US03L
Instrument type:              filterpack
Instrument name:              filterpack_US9033
Method ref:                   US03L_IMPROVE_Davis
Blank correction:             Blank corrected
Volume std. temperature:      ambient
Volume std. pressure:         ambient
starttime endtime PM10 flag_PM10 PM2.5 flag_PM2.5
  2.25   3.25 999.999 0.999 999.999 0.999
  5.25   6.25  11.471 0.000   7.476 0.000
  8.25   9.25   3.757 0.000   2.168 0.000
 11.25  12.25  14.648 0.000   8.048 0.000
 14.25  15.25   6.603 0.000   3.542 0.000
 17.25  18.25  10.028 0.000   8.458 0.000
 20.25  21.25   6.852 0.000   5.994 0.000
 23.25  24.25  10.348 0.000   8.282 0.000
 26.25  27.25   8.688 0.000   7.054 0.000
 29.25  30.25   5.921 0.000   2.851 0.000
 32.25  33.25  11.074 0.000   9.238 0.000
 35.25  36.25   7.080 0.000   4.105 0.000
 38.25  39.25  15.013 0.000   9.767 0.000
 41.25  42.25   9.084 0.000   6.262 0.000
 44.25  45.25   7.736 0.000   6.404 0.000
 47.25  48.25  12.592 0.000   9.685 0.000
 50.25  51.25   9.794 0.000   5.951 0.000
 53.25  54.25   9.422 0.000   4.692 0.000
 56.25  57.25   5.625 0.000   3.638 0.000
 59.25  60.25  21.834 0.000  15.400 0.000
 62.25  63.25   4.174 0.000   2.966 0.000
 65.25  66.25  15.924 0.000  11.142 0.000
 68.25  69.25  40.800 0.000  34.114 0.000
 71.25  72.25  22.626 0.000  17.193 0.000
 74.25  75.25   8.392 0.000   6.022 0.000
 77.25  78.25  12.912 0.000   8.092 0.000
 80.25  81.25  24.648 0.000  15.409 0.000
 83.25  84.25  15.340 0.000   9.254 0.000
 86.25  87.25  23.304 0.000  11.537 0.000
 89.25  90.25  25.213 0.000  15.342 0.000
 92.25  93.25  16.797 0.000  10.229 0.000
 95.25  96.25  13.949 0.000   5.039 0.000
 98.25  99.25  12.068 0.000   5.308 0.000
101.25 102.25  11.935 0.000   4.964 0.000
104.25 105.25  13.107 0.000   5.004 0.000
107.25 108.25  18.553 0.000  10.784 0.000
110.25 111.25  26.441 0.000  18.969 0.000
113.25 114.25  20.750 0.000  13.149 0.000
116.25 117.25   9.567 0.000   5.232 0.000
119.25 120.25  13.844 0.000   7.063 0.000
122.25 123.25  24.604 0.000  17.194 0.000
125.25 126.25  29.771 0.000  24.080 0.000
128.25 129.25  22.183 0.000  15.276 0.000
131.25 132.25  18.787 0.000  13.327 0.000
134.25 135.25  39.699 0.000  30.783 0.000
137.25 138.25  15.142 0.000   6.867 0.000
140.25 141.25  33.465 0.000  20.976 0.000
143.25 144.25  26.235 0.000  13.332 0.000
146.25 147.25  45.524 0.000  36.149 0.000
149.25 150.25  43.441 0.000  33.906 0.000
152.25 153.25  41.960 0.000  35.716 0.000
155.25 156.25  12.131 0.000   6.699 0.000
158.25 159.25  13.775 0.000   6.184 0.000
161.25 162.25  27.763 0.000  18.841 0.000
164.25 165.25  22.812 0.000  17.494 0.000
167.25 168.25  25.271 0.000  21.343 0.000
170.25 171.25 999.999 0.999 999.999 0.999
173.25 174.25  23.927 0.000  18.506 0.000
176.25 177.25  20.485 0.000  16.349 0.000
179.25 180.25  22.859 0.000  19.085 0.000
182.25 183.25  19.381 0.000  14.240 0.000
185.25 186.25  14.809 0.000  11.529 0.000
188.25 189.25  20.894 0.000  15.453 0.000
191.25 192.25 999.999 0.999 999.999 0.999
194.25 195.25  19.294 0.000  14.656 0.000
197.25 198.25  10.883 0.000   6.668 0.000
200.25 201.25  25.572 0.000  13.527 0.000
203.25 204.25  26.782 0.000  19.320 0.000
206.25 207.25  23.693 0.000  15.599 0.000
209.25 210.25  16.628 0.000  13.158 0.000
212.25 213.25 999.999 0.999 999.999 0.999
215.25 216.25  32.407 0.000  28.694 0.000
218.25 219.25  18.656 0.000  12.372 0.000
221.25 222.25  31.312 0.000  17.861 0.000
224.25 225.25  32.375 0.000 999.999 0.456
227.25 228.25  35.890 0.000  27.845 0.000
230.25 231.25  24.941 0.000  21.156 0.000
233.25 234.25  11.725 0.000   6.998 0.000
236.25 237.25  17.714 0.000  14.566 0.000
239.25 240.25  17.912 0.000  15.228 0.000
242.25 243.25  31.605 0.000  25.526 0.000
245.25 246.25  29.093 0.000  25.596 0.000
248.25 249.25  31.876 0.000  26.091 0.000
251.25 252.25  16.415 0.000  12.100 0.000
254.25 255.25  17.242 0.000  11.436 0.000
257.25 258.25  16.959 0.000   6.146 0.000
260.25 261.25  23.796 0.000  19.160 0.000
263.25 264.25  15.041 0.000  11.350 0.000
266.25 267.25  10.123 0.000   7.407 0.000
269.25 270.25 999.999 0.999 999.999 0.999
272.25 273.25  17.710 0.000  13.168 0.000
275.25 276.25  17.081 0.000   9.548 0.000
278.25 279.25  12.734 0.000   9.231 0.000
281.25 282.25  13.538 0.000   9.557 0.000
284.25 285.25  16.806 0.000   5.487 0.000
287.25 288.25  19.172 0.000  12.989 0.000
290.25 291.25   9.161 0.000   5.651 0.000
293.25 294.25  10.884 0.000   7.571 0.000
296.25 297.25   3.191 0.000   1.895 0.000
299.25 300.25   7.555 0.000   5.929 0.000
302.25 303.25  12.146 0.000   9.075 0.000
305.25 306.25  18.571 0.000   8.495 0.000
308.25 309.25  25.125 0.000  16.236 0.000
311.25 312.25  11.848 0.000   6.631 0.000
314.25 315.25  15.336 0.000  10.321 0.000
317.25 318.25 999.999 0.999 999.999 0.999
320.25 321.25  12.515 0.000   7.737 0.000
323.25 324.25  16.532 0.000  11.629 0.000
326.25 327.25   5.938 0.000   4.303 0.000
329.25 330.25   4.490 0.000   3.454 0.000
332.25 333.25  11.507 0.000   7.093 0.000
335.25 336.25  17.474 0.000  13.485 0.000
338.25 339.25   9.635 0.000   5.988 0.000
341.25 342.25  17.979 0.000  15.561 0.000
344.25 345.25  13.701 0.000   9.309 0.000
347.25 348.25   9.959 0.000   6.830 0.000
350.25 351.25   4.315 0.000   3.206 0.000
353.25 354.25  11.491 0.000   9.453 0.000
356.25 357.25   4.098 0.000   2.804 0.000
359.25 360.25   7.580 0.000   5.730 0.000
362.25 363.25   7.947 0.000   6.114 0.000
