scripts/IMPROVE-2019_partial/data/US9043R.19970101080000.20191216000000.filterpack...1y.3d.US03L_filterpack_US9043.US03L_IMPROVE_Davis.lev2.nas
51 1001
MISSING INFORMATION
US03L, IMPROVE, , , , , , , 
MISSING INFORMATION
IMPROVE sel_HTAP
1 1
1997 01 01 2019 12 16
0
days from file reference point
4
1 1 1 1
999.999999 999.999 999.999 9.999
end_time of measurement, days from the file reference point
pm10_mass, ug/m3, Matrix=pm10
pm25_mass, ug/m3, Matrix=pm25
numflag, no unit
0
33
Data definition:              EBAS_1.1
Set type code:                TI
Timezone:                     UTC
File name:                    US9043R.19970101080000.20191216000000.filterpack...1y.3d.US03L_filterpack_US9043.US03L_IMPROVE_Davis.lev2.nas
File creation:                20191218120816
Startdate:                    19970101080000
Revision date:                20191216000000
Version:                      2
Version description:          "Data extracted from http://views.cira.colostate.edu/fed/DataWizard 2019-12-16"
Statistics:                   arithmetic mean
Data level:                   2
Period code:                  1y
Resolution code:              3d
Sample duration:              1d
Orig. time res.:              3d
Station code:                 US9043R
Platform code:                US9043S
Station name:                 San Gorgonio Wilderness
Station latitude:             34.1939
Station longitude:            -116.9132
Station altitude:             1726.0 m
Regime:                       IMG
Component:                    
Unit:                         ug/m3
Matrix:                       
Laboratory code:              US03L
Instrument type:              filterpack
Instrument name:              filterpack_US9043
Method ref:                   US03L_IMPROVE_Davis
Blank correction:             Blank corrected
Volume std. temperature:      ambient
Volume std. pressure:         ambient
starttime endtime PM10 PM2.5 flag
  0.333333   1.333333 999.999 999.999 0.999
  3.333333   4.333333 999.999 999.999 0.999
  7.333333   8.333333 999.999 999.999 0.999
 10.333333  11.333333 999.999 999.999 0.999
 14.333333  15.333333 999.999 999.999 0.999
 17.333333  18.333333 999.999 999.999 0.999
 21.333333  22.333333 999.999 999.999 0.999
 24.333333  25.333333 999.999 999.999 0.999
 28.333333  29.333333   2.955 999.999 0.000
 31.333333  32.333333  15.034   7.162 0.000
 35.333333  36.333333   7.232   7.349 0.000
 38.333333  39.333333   9.247   5.823 0.000
 42.333333  43.333333  16.372  12.332 0.000
 45.333333  46.333333   3.022   0.841 0.000
 49.333333  50.333333 999.999 999.999 0.999
 52.333333  53.333333 999.999 999.999 0.999
 56.333333  57.333333  15.201   9.092 0.000
 59.333333  60.333333   6.551   3.472 0.000
 63.333333  64.333333 999.999 999.999 0.999
 66.333333  67.333333 999.999 999.999 0.999
 70.333333  71.333333 999.999 999.999 0.999
 73.333333  74.333333 999.999 999.999 0.999
 77.333333  78.333333   8.799   4.184 0.000
 80.333333  81.333333  21.532  14.334 0.000
 84.333333  85.333333  23.642  13.730 0.000
 87.333333  88.333333  33.849   8.333 0.000
 91.333333  92.333333  13.528   4.083 0.000
 94.333333  95.333333  18.786  16.960 0.000
 98.333333  99.333333 999.999 999.999 0.999
101.333333 102.333333  11.600   5.447 0.000
105.333333 106.333333  28.569  17.508 0.000
108.333333 109.333333  28.425  14.019 0.000
112.333333 113.333333  23.286   9.174 0.000
115.333333 116.333333  14.442  11.022 0.000
119.333333 120.333333  20.296  10.370 0.000
122.333333 123.333333  19.234  10.432 0.000
126.333333 127.333333  22.335  13.009 0.000
129.333333 130.333333  16.967   8.956 0.000
133.333333 134.333333  29.020  21.479 0.000
136.333333 137.333333  14.854  15.245 0.000
140.333333 141.333333  46.627  29.813 0.000
143.333333 144.333333  23.194  20.608 0.000
147.333333 148.333333  21.290  17.680 0.000
150.333333 151.333333  21.290  11.478 0.000
154.333333 155.333333  32.762  25.943 0.000
157.333333 158.333333  22.479  14.937 0.000
161.333333 162.333333  32.396  14.156 0.000
164.333333 165.333333  15.360  11.018 0.000
168.333333 169.333333 999.999  10.842 0.000
171.333333 172.333333  21.782  13.465 0.000
175.333333 176.333333  25.161  12.454 0.000
178.333333 179.333333   9.091   5.999 0.000
182.333333 183.333333  17.361  10.400 0.000
185.333333 186.333333  19.197  14.810 0.000
189.333333 190.333333 999.999 999.999 0.999
192.333333 193.333333 999.999 999.999 0.999
196.333333 197.333333  22.578  10.643 0.000
199.333333 200.333333  20.115  10.713 0.000
203.333333 204.333333  14.534  13.823 0.000
206.333333 207.333333  17.791  11.223 0.000
210.333333 211.333333  20.665  13.076 0.000
213.333333 214.333333  18.956   9.230 0.000
217.333333 218.333333  31.595  11.415 0.000
220.333333 221.333333  37.486  17.197 0.000
224.333333 225.333333  21.451   8.778 0.000
227.333333 228.333333  22.542  14.250 0.000
231.333333 232.333333   9.679 999.999 0.000
234.333333 235.333333  26.662   9.467 0.000
238.333333 239.333333  15.257  10.267 0.000
241.333333 242.333333  16.702   7.004 0.000
245.333333 246.333333   9.544   6.302 0.000
248.333333 249.333333  14.820   8.168 0.000
252.333333 253.333333 999.999 999.999 0.999
255.333333 256.333333   8.690   2.365 0.000
259.333333 260.333333 999.999 999.999 0.999
262.333333 263.333333   6.627   2.692 0.000
266.333333 267.333333   9.259   3.578 0.000
269.333333 270.333333   7.476   2.506 0.000
273.333333 274.333333 999.999 999.999 0.999
276.333333 277.333333  19.859  10.481 0.000
280.333333 281.333333  19.924   6.656 0.000
283.333333 284.333333 999.999   4.960 0.000
287.333333 288.333333 999.999 999.999 0.999
290.333333 291.333333 999.999 999.999 0.999
294.333333 295.333333  18.995  12.780 0.000
297.333333 298.333333  11.029   3.665 0.000
301.333333 302.333333  20.242  10.847 0.000
304.333333 305.333333   9.604   5.039 0.000
308.333333 309.333333  19.542   7.601 0.000
311.333333 312.333333  18.495   9.685 0.000
315.333333 316.333333   3.040   2.262 0.000
318.333333 319.333333   5.072   3.676 0.000
322.333333 323.333333 999.999 999.999 0.999
325.333333 326.333333   2.750   0.974 0.000
329.333333 330.333333 999.999 999.999 0.999
332.333333 333.333333 999.999 999.999 0.999
336.333333 337.333333   3.641   2.534 0.000
339.333333 340.333333   5.090   1.023 0.000
343.333333 344.333333 999.999 999.999 0.999
346.333333 347.333333 999.999 999.999 0.999
350.333333 351.333333   8.201   3.865 0.000
353.333333 354.333333  11.097   9.584 0.000
357.333333 358.333333   7.755   1.752 0.000
360.333333 361.333333   4.336   1.975 0.000
364.333333 365.333333   2.244 999.999 0.000
