scripts/IMPROVE-2019_partial/data/US9072R.20030602080000.20191216000000.filterpack..pm25.7mo.1w.US03L_filterpack_US9072.US03L_IMPROVE_Davis.lev2.nas
66 1001
MISSING INFORMATION
US03L, IMPROVE, , , , , , , 
MISSING INFORMATION
IMPROVE sel_HTAP
1 1
2003 01 01 2019 12 16
3.000000
days from file reference point
27
1 1 1 1 1 1 1 1 1 1 1 1 1 1 1 1 1 1 1 1 1 1 1 1 1 1 1
999.999999 9999.99 9.999 99.99 9.999 9.999 9.999999 9.99 9.999 9.999 9.999999 99.999 9.999 99.999 9.999 999.99 9.999999 999.999 9.999 999.999 9.999 999.999 9.999 9.999 9.999 9.999 9.999999
end_time of measurement, days from the file reference point
iron, ng/m3, Revision date=20181210133000
numflag iron, no unit, Revision date=20181210133000
lead, ng/m3, Revision date=20181210133000
numflag lead, no unit, Revision date=20181210133000
magnesium, ug/m3, Revision date=20181210133000
numflag magnesium, no unit, Revision date=20181210133000
nickel, ng/m3, Revision date=20181210133000
numflag nickel, no unit, Revision date=20181210133000
nitrate, ug N/m3, Revision date=20181210133000
numflag nitrate, no unit, Revision date=20181210133000
organic_carbon, ug C/m3, Revision date=20181210133000
numflag organic_carbon, no unit, Revision date=20181210133000
organic_mass, ug/m3, Revision date=20181210133000
numflag organic_mass, no unit, Revision date=20181210133000
phosphorus, ng/m3, Revision date=20181210133000
numflag phosphorus, no unit, Revision date=20181210133000
pm10_mass, ug/m3, Version=2, Version description=Data extracted from http://views.cira.colostate.edu/fed/DataWizard 2019-12-16, Sample duration=1d, Orig. time res.=3d, Matrix=pm10, Blank correction=Blank corrected, Volume std. temperature=ambient, Volume std. pressure=ambient
numflag pm10_mass, no unit, Version=2, Version description=Data extracted from http://views.cira.colostate.edu/fed/DataWizard 2019-12-16, Sample duration=1d, Orig. time res.=3d, Matrix=pm10, Blank correction=Blank corrected, Volume std. temperature=ambient, Volume std. pressure=ambient
pm10_pm25_mass, ug/m3, Revision date=20181210133000, Matrix=pm10_pm25
numflag pm10_pm25_mass, no unit, Revision date=20181210133000, Matrix=pm10_pm25
pm25_mass, ug/m3, Version=2, Version description=Data extracted from http://views.cira.colostate.edu/fed/DataWizard 2019-12-16, Sample duration=1d, Orig. time res.=3d, Blank correction=Blank corrected, Volume std. temperature=ambient, Volume std. pressure=ambient
numflag pm25_mass, no unit, Version=2, Version description=Data extracted from http://views.cira.colostate.edu/fed/DataWizard 2019-12-16, Sample duration=1d, Orig. time res.=3d, Blank correction=Blank corrected, Volume std. temperature=ambient, Volume std. pressure=ambient
potassium, ug/m3, Revision date=20181210133000
numflag potassium, no unit, Revision date=20181210133000
sulphate_total, ug S/m3, Revision date=20181210133000
numflag sulphate_total, no unit, Revision date=20181210133000
0
25
Data definition:              EBAS_1.1
Set type code:                TU
Timezone:                     UTC
File name:                    US9072R.20030602080000.20191216000000.filterpack..pm25.7mo.1w.US03L_filterpack_US9072.US03L_IMPROVE_Davis.lev2.nas
File creation:                20191218121027
Startdate:                    20030602080000
Revision date:                20191216000000
Statistics:                   arithmetic mean
Data level:                   2
Period code:                  7mo
Resolution code:              1w
Station code:                 US9072R
Platform code:                US9072S
Station name:                 Walker River Paiute Tribe
Station latitude:             38.9519
Station longitude:            -118.8146
Station altitude:             1250.0 m
Regime:                       IMG
Component:                    
Matrix:                       pm25
Laboratory code:              US03L
Instrument type:              filterpack
Instrument name:              filterpack_US9072
Method ref:                   US03L_IMPROVE_Davis
starttime endtime Fe flag_Fe Pb flag_Pb Mg++ flag_Mg++ Ni flag_Ni NO3- flag_NO3- OC flag_OC OM flag_OM P flag_P PM10 flag_PM10 PM10-PM2.5 flag_PM10-PM2.5 PM2.5 flag_PM2.5 K+ flag_K+ SO4-- flag_SO4--
152.333333 153.333333   65.11 0.000  1.16 0.000 9.999 0.259000 0.23 0.000 0.031 0.000000  4.021 0.000  5.630 0.000 999.99 0.259000  16.013 0.000   6.863 0.000   9.150 0.000 0.074 0.000 0.287 0.000000
155.333333 156.333333   78.34 0.000  1.26 0.000 9.999 0.259000 9.99 0.259 0.031 0.559000  1.508 0.000  2.111 0.000 999.99 0.259000  15.278 0.000   9.347 0.000   5.931 0.000 0.065 0.000 0.331 0.559000
158.333333 159.333333  229.95 0.000  0.65 0.000 9.999 0.259000 0.24 0.000 0.026 0.000000  1.641 0.000  2.298 0.000 999.99 0.259000  37.990 0.000  29.615 0.000   8.375 0.000 0.116 0.000 0.265 0.000000
161.333333 162.333333   89.56 0.000 99.99 0.259 0.052 0.000000 0.17 0.000 0.067 0.000000  1.430 0.000  2.002 0.000 999.99 0.259000  12.773 0.000   6.803 0.000   5.970 0.000 0.060 0.000 0.311 0.000000
164.333333 165.333333   77.82 0.000  1.27 0.000 9.999 0.259000 9.99 0.259 0.068 0.559000  2.898 0.000  4.058 0.000 999.99 0.259000  17.593 0.000   9.476 0.000   8.117 0.000 0.076 0.000 0.299 0.559000
167.333333 168.333333  176.70 0.000  1.27 0.000 9.999 0.259000 0.23 0.000 0.040 0.000000  1.840 0.000  2.576 0.000 999.99 0.259000  30.798 0.000  22.082 0.000   8.717 0.000 0.129 0.000 0.414 0.000000
170.333333 171.333333   93.14 0.000  0.59 0.000 9.999 0.259000 0.30 0.000 0.058 0.559000  0.982 0.000  1.375 0.000 999.99 0.259000  16.093 0.000  10.093 0.000   6.000 0.000 0.062 0.000 0.213 0.559000
173.333333 174.333333   71.74 0.000  0.42 0.000 9.999 0.259000 9.99 0.259 0.026 0.559000  1.042 0.000  1.458 0.000 999.99 0.259000  12.090 0.000   7.978 0.000   4.112 0.000 0.046 0.000 0.169 0.559000
176.333333 177.333333   50.81 0.000 99.99 0.259 0.042 0.000000 9.99 0.259 0.019 0.559000  0.738 0.000  1.033 0.000 999.99 0.259000   9.631 0.000   6.385 0.000   3.247 0.000 0.042 0.000 0.117 0.559000
179.333333 180.333333   93.14 0.000 99.99 0.259 9.999 0.259000 0.10 0.000 0.051 0.000000  2.388 0.000  3.343 0.000 999.99 0.259000  20.709 0.000  13.703 0.000   7.006 0.000 0.608 0.000 0.219 0.000000
182.333333 183.333333   85.57 0.000  0.54 0.000 9.999 0.259000 9.99 0.259 0.024 0.559000  0.802 0.000  1.123 0.000 999.99 0.259000  13.889 0.000   9.833 0.000   4.056 0.000 0.058 0.000 0.160 0.559000
185.333333 186.333333  209.25 0.000  1.58 0.000 9.999 0.259000 9.99 0.259 0.021 0.559000  1.068 0.000  1.495 0.000 999.99 0.259000  19.642 0.000  13.829 0.000   5.812 0.000 0.221 0.000 0.124 0.559000
188.333333 189.333333   96.98 0.000  0.43 0.000 9.999 0.259000 0.13 0.000 0.022 0.559000  0.560 0.000  0.784 0.000 999.99 0.259000  17.607 0.000  13.838 0.000   3.769 0.000 0.075 0.000 0.201 0.559000
191.333333 192.333333  151.16 0.000  0.61 0.000 9.999 0.259000 0.11 0.000 0.022 0.559000  1.846 0.000  2.584 0.000 999.99 0.259000  23.037 0.000  16.184 0.000   6.854 0.000 0.117 0.000 0.179 0.559000
194.333333 195.333333   60.60 0.000  0.48 0.000 9.999 0.259000 0.09 0.000 0.007 0.559000  0.680 0.000  0.952 0.000 999.99 0.259000  12.566 0.000   9.825 0.000   2.741 0.000 0.038 0.000 0.074 0.559000
197.333333 198.333333  126.22 0.000  0.50 0.000 0.115 0.000000 0.10 0.000 0.035 0.000000  1.062 0.000  1.487 0.000 999.99 0.259000  26.690 0.000  20.116 0.000   6.574 0.000 0.093 0.000 0.333 0.000000
200.333333 201.333333  139.58 0.000  0.55 0.000 9.999 0.259000 0.14 0.000 0.025 0.000000  1.894 0.000  2.651 0.000 999.99 0.259000  30.258 0.000  22.334 0.000   7.923 0.000 0.112 0.000 0.301 0.000000
203.333333 204.333333  117.74 0.000  0.21 0.000 0.033 0.000000 9.99 0.259 0.026 0.559000  1.260 0.000  1.764 0.000 999.99 0.259000  22.372 0.000  15.950 0.000   6.422 0.000 0.115 0.000 0.229 0.559000
206.333333 207.333333   44.07 0.000  0.31 0.000 9.999 0.259000 0.14 0.000 0.059 0.559000  1.158 0.000  1.621 0.000 999.99 0.259000   7.936 0.000   3.964 0.000   3.973 0.000 0.049 0.000 0.245 0.559000
209.333333 210.333333   60.27 0.000  0.32 0.000 9.999 0.259000 0.12 0.000 0.020 0.559000  0.843 0.000  1.181 0.000 999.99 0.259000  11.930 0.000   8.221 0.000   3.710 0.000 0.049 0.000 0.191 0.559000
212.333333 213.333333  113.59 0.000  0.36 0.000 9.999 0.259000 0.09 0.000 0.023 0.559000  0.822 0.000  1.150 0.000 999.99 0.259000  18.725 0.000  13.586 0.000   5.139 0.000 0.079 0.000 0.167 0.559000
215.333333 216.333333   70.33 0.000  0.31 0.000 9.999 0.259000 0.14 0.000 0.024 0.559000  0.783 0.000  1.096 0.000 999.99 0.259000   7.277 0.000   2.964 0.000   4.314 0.000 0.051 0.000 0.184 0.559000
218.333333 219.333333   90.26 0.000  0.58 0.000 9.999 0.259000 9.99 0.259 0.022 0.559000  0.791 0.000  1.108 0.000 999.99 0.259000  10.623 0.000   5.973 0.000   4.650 0.000 0.064 0.000 0.246 0.559000
221.333333 222.333333   73.10 0.000  0.49 0.000 9.999 0.259000 0.08 0.000 0.013 0.559000  0.674 0.000  0.943 0.000 999.99 0.259000  15.902 0.000  12.507 0.000   3.396 0.000 0.054 0.000 0.143 0.559000
224.333333 225.333333  103.30 0.000  0.52 0.000 9.999 0.259000 9.99 0.259 0.022 0.559000  1.170 0.000  1.638 0.000 999.99 0.259000  17.341 0.000  12.217 0.000   5.123 0.000 0.076 0.000 0.117 0.559000
227.333333 228.333333   87.05 0.000  0.53 0.000 9.999 0.259000 0.13 0.000 0.033 0.559000  0.980 0.000  1.372 0.000 999.99 0.259000  13.108 0.000   7.846 0.000   5.262 0.000 0.062 0.000 0.322 0.559000
230.333333 231.333333  176.98 0.000  0.56 0.000 9.999 0.259000 0.15 0.000 0.021 0.559000  1.745 0.000  2.443 0.000 999.99 0.259000  30.738 0.000  23.298 0.000   7.440 0.000 0.121 0.000 0.175 0.559000
233.333333 234.333333  115.83 0.000  0.45 0.000 9.999 0.259000 0.07 0.000 0.095 0.559000  1.280 0.000  1.791 0.000 999.99 0.259000  11.781 0.000   5.754 0.000   6.027 0.000 0.079 0.000 0.206 0.559000
236.333333 237.333333   62.21 0.000  0.58 0.000 9.999 0.259000 0.14 0.000 0.015 0.559000  1.232 0.000  1.725 0.000 999.99 0.259000  10.706 0.000   6.351 0.000   4.356 0.000 0.053 0.000 0.112 0.559000
239.333333 240.333333  107.11 0.394  0.72 0.394 9.999 0.394259 0.25 0.394 0.034 0.559394  1.743 0.000  2.440 0.000 999.99 0.394259  14.405 0.000   7.365 0.000   7.040 0.000 0.098 0.394 0.283 0.559394
242.333333 243.333333   59.00 0.000  0.60 0.000 9.999 0.259000 0.13 0.000 0.017 0.559000  1.045 0.000  1.463 0.000 999.99 0.259000  10.417 0.000   6.011 0.000   4.405 0.000 0.061 0.000 0.154 0.559000
245.333333 246.333333  110.87 0.000  0.70 0.000 9.999 0.259000 0.15 0.000 0.018 0.559000  1.007 0.000  1.410 0.000 999.99 0.259000  16.576 0.000  10.855 0.000   5.721 0.000 0.084 0.000 0.196 0.559000
248.333333 249.333333   57.06 0.000  0.29 0.000 9.999 0.259000 0.10 0.000 0.026 0.559000  2.126 0.000  2.976 0.000 999.99 0.259000  11.103 0.000   5.504 0.000   5.598 0.000 0.057 0.000 0.129 0.559000
251.333333 252.333333   86.44 0.000  0.83 0.000 9.999 0.259000 0.13 0.000 0.016 0.559000  1.555 0.000  2.178 0.000 999.99 0.259000  11.892 0.000   8.089 0.000   3.803 0.000 0.074 0.000 0.108 0.559000
254.333333 255.333333  109.19 0.000  0.32 0.000 9.999 0.259000 0.14 0.000 0.012 0.559000  0.522 0.000  0.730 0.000 999.99 0.259000  14.300 0.000  10.812 0.000   3.487 0.000 0.072 0.000 0.068 0.559000
257.333333 258.333333  110.85 0.000  1.45 0.000 9.999 0.259000 0.19 0.000 0.073 0.559000  6.334 0.000  8.868 0.000 999.99 0.259000  22.720 0.000   8.831 0.000  13.889 0.000 0.163 0.000 0.216 0.559000
260.333333 261.333333  214.15 0.000  0.54 0.000 0.117 0.000000 0.33 0.000 0.012 0.559000  0.690 0.000  0.966 0.000 999.99 0.259000  12.855 0.000   7.204 0.000   5.652 0.000 0.143 0.000 0.047 0.559000
263.333333 264.333333  405.18 0.000  4.44 0.000 9.999 0.259000 0.12 0.000 0.025 0.559000  1.537 0.000  2.152 0.000 999.99 0.259000  53.715 0.000  43.846 0.000   9.868 0.000 0.390 0.000 0.148 0.559000
266.333333 267.333333  178.66 0.000  0.99 0.000 9.999 0.259000 0.15 0.000 0.019 0.559000  2.417 0.000  3.384 0.000 999.99 0.259000  21.411 0.000  11.983 0.000   9.428 0.000 0.131 0.000 0.123 0.559000
269.333333 270.333333  140.66 0.000  1.42 0.000 9.999 0.259000 0.14 0.000 0.010 0.559000  0.940 0.000  1.316 0.000 999.99 0.259000  16.286 0.000  11.222 0.000   5.064 0.000 0.100 0.000 0.071 0.559000
272.333333 273.333333  181.23 0.394  0.89 0.394 9.999 0.394259 0.39 0.394 0.037 0.559394  3.021 0.000  4.229 0.000 999.99 0.394259  24.073 0.000  12.882 0.000  11.191 0.000 0.135 0.394 0.343 0.559394
275.333333 276.333333  205.94 0.000  0.48 0.000 9.999 0.259000 0.33 0.000 0.048 0.559000  1.049 0.000  1.468 0.000 999.99 0.259000  18.796 0.000  11.331 0.000   7.465 0.000 0.154 0.000 0.137 0.559000
278.333333 279.333333  126.78 0.000  1.04 0.000 9.999 0.259000 0.29 0.000 0.036 0.559000  1.978 0.000  2.769 0.000 999.99 0.259000  17.026 0.000   8.761 0.000   8.266 0.000 0.105 0.000 0.250 0.559000
281.333333 282.333333  240.34 0.000  0.92 0.000 9.999 0.259000 0.28 0.000 0.018 0.559000  1.160 0.000  1.625 0.000 999.99 0.259000  29.546 0.000  21.089 0.000   8.457 0.000 0.162 0.000 0.109 0.559000
284.333333 285.333333  176.11 0.000  0.94 0.000 9.999 0.259000 0.31 0.000 0.026 0.559000  0.604 0.000  0.845 0.000  22.54 0.000000  17.612 0.000  11.486 0.000   6.126 0.000 0.128 0.000 0.090 0.559000
287.333333 288.333333  258.59 0.000  0.82 0.000 9.999 0.259000 0.36 0.000 0.021 0.559000  0.732 0.000  1.025 0.000 999.99 0.259000  19.544 0.000  11.412 0.000   8.132 0.000 0.173 0.000 0.108 0.559000
290.333333 291.333333  309.20 0.000  3.55 0.000 0.103 0.000000 0.50 0.000 0.038 0.559000  1.199 0.000  1.679 0.000 999.99 0.259000  23.869 0.000  14.923 0.000   8.946 0.000 0.220 0.000 0.204 0.559000
293.333333 294.333333  215.76 0.000  3.26 0.000 0.071 0.000000 0.42 0.000 0.022 0.559000  1.371 0.000  1.919 0.000 999.99 0.259000  15.584 0.000   8.305 0.000   7.279 0.000 0.154 0.000 0.132 0.559000
296.333333 297.333333  150.23 0.000  0.46 0.000 0.080 0.000000 0.35 0.000 0.021 0.559000  1.036 0.000  1.450 0.000  22.66 0.000000  19.586 0.000  13.694 0.000   5.892 0.000 0.108 0.000 0.106 0.559000
299.333333 300.333333  273.79 0.000  1.25 0.000 9.999 0.259000 0.64 0.000 0.026 0.559000  1.296 0.000  1.815 0.000 999.99 0.259000  18.172 0.000  10.150 0.000   8.022 0.000 0.209 0.000 0.072 0.559000
302.333333 303.333333  228.33 0.000  0.93 0.000 9.999 0.259000 0.44 0.000 0.057 0.559000  0.439 0.000  0.615 0.000 999.99 0.259000  15.635 0.000   8.936 0.000   6.700 0.000 0.152 0.000 0.079 0.559000
305.333333 306.333333   41.83 0.000  0.47 0.000 9.999 0.259000 0.33 0.000 0.182 0.559000  1.330 0.000  1.862 0.000 999.99 0.259000   5.513 0.000   0.803 0.000   4.710 0.000 0.046 0.000 0.129 0.559000
308.333333 309.333333   37.27 0.000  0.29 0.000 0.028 0.000000 0.39 0.000 0.139 0.559000  1.446 0.000  2.024 0.000 999.99 0.259000   5.480 0.000   1.265 0.000   4.215 0.000 0.044 0.000 0.089 0.559000
311.333333 312.333333   23.26 0.000  1.74 0.000 9.999 0.259000 0.20 0.000 0.385 0.559000  1.203 0.000  1.684 0.000 999.99 0.259000   6.777 0.000   1.606 0.000   5.171 0.000 0.035 0.000 0.128 0.559000
314.333333 315.333333   17.09 0.000  0.75 0.000 0.022 0.000000 0.08 0.000 0.208 0.559000  1.905 0.000  2.667 0.000 999.99 0.259000   5.857 0.000   0.957 0.000   4.900 0.000 0.042 0.000 0.122 0.559000
317.333333 318.333333   32.38 0.000  0.52 0.000 9.999 0.259000 9.99 0.259 0.174 0.559000  2.262 0.000  3.167 0.000 999.99 0.259000   8.317 0.000   2.154 0.000   6.163 0.000 0.055 0.000 0.164 0.559000
320.333333 321.333333    9.45 0.000  0.44 0.000 0.047 0.000000 0.07 0.000 0.064 0.559000  0.801 0.000  1.121 0.000 999.99 0.259000   2.786 0.000   1.133 0.000   1.653 0.000 0.017 0.000 0.024 0.559000
323.333333 324.333333   25.34 0.000  0.26 0.000 0.040 0.000000 9.99 0.259 0.034 0.559000  1.252 0.000  1.753 0.000 999.99 0.259000   8.150 0.000   5.391 0.000   2.760 0.000 0.034 0.000 0.046 0.559000
326.333333 327.333333   13.72 0.000  0.48 0.000 9.999 0.259000 9.99 0.259 0.113 0.559000  2.131 0.000  2.983 0.000 999.99 0.259000   5.928 0.000   1.348 0.000   4.580 0.000 0.047 0.000 0.064 0.559000
329.333333 330.333333   20.83 0.000  0.89 0.000 9.999 0.259000 0.10 0.000 0.087 0.559000  1.541 0.000  2.157 0.000 999.99 0.259000   6.066 0.000   2.504 0.000   3.562 0.000 0.037 0.000 0.093 0.559000
332.333333 333.333333   34.39 0.000  0.38 0.000 9.999 0.259000 9.99 0.259 0.013 0.559000  0.851 0.000  1.191 0.000 999.99 0.259000  11.394 0.000   8.920 0.000   2.474 0.000 0.036 0.000 0.088 0.559000
335.333333 336.333333   28.40 0.000  1.09 0.000 9.999 0.259000 9.99 0.259 0.178 0.559000  1.838 0.000  2.573 0.000 999.99 0.259000   9.150 0.000   4.643 0.000   4.508 0.000 0.046 0.000 0.091 0.559000
338.333333 339.333333   38.67 0.000  0.83 0.000 9.999 0.259000 9.99 0.259 0.046 0.559000  1.385 0.000  1.938 0.000   7.68 0.000000   9.440 0.000   6.042 0.000   3.397 0.000 0.053 0.000 0.056 0.559000
341.333333 342.333333    3.69 0.000  0.32 0.000 9.999 0.259000 0.08 0.000 0.008 0.559000  0.300 0.000  0.420 0.000 999.99 0.259000   1.372 0.000   0.478 0.000   0.894 0.000 0.005 0.000 0.014 0.559000
344.333333 345.333333   11.72 0.000  0.41 0.000 0.092 0.000000 0.18 0.000 0.037 0.559000  0.912 0.000  1.277 0.000 999.99 0.259000   3.138 0.000   1.364 0.000   1.774 0.000 0.069 0.000 0.030 0.559000
347.333333 348.333333   31.28 0.000  0.66 0.000 9.999 0.259000 9.99 0.259 0.021 0.559000  0.983 0.000  1.376 0.000 999.99 0.259000  13.517 0.000  10.541 0.000   2.976 0.000 0.041 0.000 0.142 0.559000
350.333333 351.333333   39.18 0.000  0.47 0.000 0.058 0.000000 9.99 0.259 0.094 0.559000  1.859 0.000  2.603 0.000 999.99 0.259000   6.103 0.000   1.293 0.000   4.810 0.000 0.060 0.000 0.039 0.559000
353.333333 354.333333   23.74 0.000  0.49 0.000 9.999 0.259000 9.99 0.259 0.388 0.559000  1.339 0.000  1.874 0.000 999.99 0.259000   6.693 0.000   1.561 0.000   5.133 0.000 0.044 0.000 0.048 0.559000
356.333333 357.333333  123.72 0.000  0.31 0.000 0.107 0.000000 9.99 0.259 0.098 0.559000  0.421 0.000  0.590 0.000 999.99 0.259000  20.590 0.000  16.003 0.000   4.587 0.000 0.086 0.000 0.110 0.559000
359.333333 360.333333   15.47 0.000  0.25 0.000 9.999 0.259000 0.19 0.000 0.016 0.559000  0.169 0.000  0.237 0.000 999.99 0.259000   1.506 0.000   0.458 0.000   1.048 0.000 0.012 0.000 0.032 0.559000
362.333333 363.333333   72.03 0.000  0.38 0.000 0.154 0.000000 0.24 0.000 0.030 0.559000  0.984 0.000  1.378 0.000 999.99 0.259000  10.859 0.000   7.417 0.000   3.442 0.000 0.072 0.000 0.061 0.559000
