scripts/IMPROVE-2019_partial/data/US9026R.20030103080000.20191216000000.filterpack..pm25.1y.1w.US03L_filterpack_US9026.US03L_IMPROVE_Davis.lev2.nas
66 1001
MISSING INFORMATION
US03L, IMPROVE, , , , , , , 
MISSING INFORMATION
IMPROVE sel_HTAP
1 1
2003 01 01 2019 12 16
3.000000
days from file reference point
27
1 1 1 1 1 1 1 1 1 1 1 1 1 1 1 1 1 1 1 1 1 1 1 1 1 1 1
999.999999 9999.99 9.999999 9.99 9.999999 9.999 9.999999999 9.99 9.999999999 9.999 9.999 999.999 9.999 999.999 9.999 99.99 9.999999999 999.999 9.999 999.999 9.999 999.999 9.999 9.999 9.999999 9.999 9.999
end_time of measurement, days from the file reference point
iron, ng/m3, Revision date=20181210133000
numflag iron, no unit, Revision date=20181210133000
lead, ng/m3, Revision date=20181210133000
numflag lead, no unit, Revision date=20181210133000
magnesium, ug/m3, Revision date=20181210133000
numflag magnesium, no unit, Revision date=20181210133000
nickel, ng/m3, Revision date=20181210133000
numflag nickel, no unit, Revision date=20181210133000
nitrate, ug N/m3, Revision date=20181210133000
numflag nitrate, no unit, Revision date=20181210133000
organic_carbon, ug C/m3, Revision date=20181210133000
numflag organic_carbon, no unit, Revision date=20181210133000
organic_mass, ug/m3, Revision date=20181210133000
numflag organic_mass, no unit, Revision date=20181210133000
phosphorus, ng/m3, Revision date=20181210133000
numflag phosphorus, no unit, Revision date=20181210133000
pm10_mass, ug/m3, Version=2, Version description=Data extracted from http://views.cira.colostate.edu/fed/DataWizard 2019-12-16, Sample duration=1d, Orig. time res.=3d, Matrix=pm10, Blank correction=Blank corrected, Volume std. temperature=ambient, Volume std. pressure=ambient
numflag pm10_mass, no unit, Version=2, Version description=Data extracted from http://views.cira.colostate.edu/fed/DataWizard 2019-12-16, Sample duration=1d, Orig. time res.=3d, Matrix=pm10, Blank correction=Blank corrected, Volume std. temperature=ambient, Volume std. pressure=ambient
pm10_pm25_mass, ug/m3, Revision date=20181210133000, Matrix=pm10_pm25
numflag pm10_pm25_mass, no unit, Revision date=20181210133000, Matrix=pm10_pm25
pm25_mass, ug/m3, Version=2, Version description=Data extracted from http://views.cira.colostate.edu/fed/DataWizard 2019-12-16, Sample duration=1d, Orig. time res.=3d, Blank correction=Blank corrected, Volume std. temperature=ambient, Volume std. pressure=ambient
numflag pm25_mass, no unit, Version=2, Version description=Data extracted from http://views.cira.colostate.edu/fed/DataWizard 2019-12-16, Sample duration=1d, Orig. time res.=3d, Blank correction=Blank corrected, Volume std. temperature=ambient, Volume std. pressure=ambient
potassium, ug/m3, Revision date=20181210133000
numflag potassium, no unit, Revision date=20181210133000
sulphate_total, ug S/m3, Revision date=20181210133000
numflag sulphate_total, no unit, Revision date=20181210133000
0
25
Data definition:              EBAS_1.1
Set type code:                TU
Timezone:                     UTC
File name:                    US9026R.20030103080000.20191216000000.filterpack..pm25.1y.1w.US03L_filterpack_US9026.US03L_IMPROVE_Davis.lev2.nas
File creation:                20191218120655
Startdate:                    20030103080000
Revision date:                20191216000000
Statistics:                   arithmetic mean
Data level:                   2
Period code:                  1y
Resolution code:              1w
Station code:                 US9026R
Platform code:                US9026S
Station name:                 Pasayten
Station latitude:             48.3877
Station longitude:            -119.9275
Station altitude:             1627.0 m
Regime:                       IMG
Component:                    
Matrix:                       pm25
Laboratory code:              US03L
Instrument type:              filterpack
Instrument name:              filterpack_US9026
Method ref:                   US03L_IMPROVE_Davis
starttime endtime Fe flag_Fe Pb flag_Pb Mg++ flag_Mg++ Ni flag_Ni NO3- flag_NO3- OC flag_OC OM flag_OM P flag_P PM10 flag_PM10 PM10-PM2.5 flag_PM10-PM2.5 PM2.5 flag_PM2.5 K+ flag_K+ SO4-- flag_SO4--
[from data line 75]
227.333333 228.333333   46.70 0.000000 0.62 0.000000 9.999 0.259000000 0.18 0.000000000 0.029 0.000   2.444 0.000   3.422 0.000 99.99 0.259000000  12.309 0.000   5.874 0.000   6.435 0.000 0.039 0.000000 0.303 0.000
230.333333 231.333333   38.51 0.699000 0.30 0.699000 9.999 0.699259000 9.99 0.699259000 0.016 0.000   2.823 0.000   3.952 0.000 99.99 0.699259000  12.291 0.000   5.846 0.000   6.445 0.699 0.026 0.699000 0.149 0.000
233.333333 234.333333   85.12 0.699000 0.56 0.699000 9.999 0.699259000 0.10 0.699000000 0.076 0.000   5.417 0.000   7.584 0.000 99.99 0.699259000  21.712 0.000   8.420 0.000  13.291 0.699 0.071 0.699000 0.256 0.000
236.333333 237.333333   47.31 0.559000 0.41 0.559000 9.999 0.559259000 0.12 0.559000000 0.018 0.000   2.941 0.000   4.117 0.000 99.99 0.559259000  10.375 0.000   3.127 0.000   7.248 0.559 0.039 0.559000 0.102 0.000
239.333333 240.333333   30.93 0.559000 0.21 0.559000 9.999 0.559259000 0.07 0.559000000 0.010 0.000   2.446 0.000   3.425 0.000 99.99 0.559259000   6.861 0.000   1.762 0.000   5.099 0.559 0.024 0.559000 0.082 0.000
242.333333 243.333333 9999.99 0.699000 9.99 0.699000 9.999 0.699000000 9.99 0.699000000 0.045 0.000  12.310 0.000  17.234 0.000 99.99 0.699000000  27.778 0.000 999.999 0.999 999.999 0.699 9.999 0.699000 0.209 0.000
245.333333 246.333333 9999.99 0.699000 9.99 0.699000 9.999 0.699000000 9.99 0.699000000 0.018 0.000   6.458 0.000   9.041 0.000 99.99 0.699000000  26.495 0.000 999.999 0.999 999.999 0.699 9.999 0.699000 0.160 0.000
248.333333 249.333333 9999.99 0.699000 9.99 0.699000 9.999 0.699000000 9.99 0.699000000 0.062 0.000   8.094 0.000  11.331 0.000 99.99 0.699000000  17.795 0.000 999.999 0.999 999.999 0.699 9.999 0.699000 0.163 0.000
251.333333 252.333333   24.21 0.699000 0.36 0.699000 9.999 0.699259000 0.11 0.699000000 0.086 0.000   3.564 0.000   4.990 0.000 99.99 0.699259000   7.440 0.000 999.999 0.259   7.587 0.699 0.027 0.699000 0.161 0.000
254.333333 255.333333   22.26 0.000000 0.17 0.000000 0.035 0.000000000 0.09 0.000000000 0.015 0.000   0.971 0.000   1.360 0.000 99.99 0.259000000   3.784 0.000   1.265 0.000   2.519 0.000 0.015 0.000000 0.103 0.000
257.333333 258.333333    7.16 0.559000 0.23 0.559000 9.999 0.559259000 0.08 0.559000000 0.011 0.000   1.434 0.000   2.008 0.000 99.99 0.559259000   4.010 0.000   1.062 0.000   2.947 0.559 0.013 0.559000 0.090 0.000
260.333333 261.333333   32.66 0.000000 0.18 0.000000 9.999 0.259000000 0.07 0.000000000 0.020 0.000   0.918 0.000   1.285 0.000 99.99 0.259000000   5.739 0.000   2.915 0.000   2.823 0.000 0.019 0.000000 0.084 0.000
263.333333 264.333333 9999.99 0.699000 9.99 0.699000 9.999 0.699000000 9.99 0.699000000 0.074 0.000   9.490 0.000  13.286 0.000 99.99 0.699000000  20.663 0.000 999.999 0.999 999.999 0.699 9.999 0.699000 0.146 0.000
266.333333 267.333333   35.32 0.559000 0.20 0.559000 9.999 0.559259000 0.08 0.559000000 0.017 0.000   2.372 0.000   3.320 0.000 99.99 0.559259000  14.302 0.000   8.641 0.000   5.661 0.559 0.028 0.559000 0.112 0.000
269.333333 270.333333 9999.99 0.699000 9.99 0.699000 9.999 0.699000000 9.99 0.699000000 0.022 0.000   5.569 0.000   7.797 0.000 99.99 0.699000000  10.097 0.000 999.999 0.999 999.999 0.699 9.999 0.699000 0.049 0.000
272.333333 273.333333   31.51 0.699000 0.37 0.699000 9.999 0.699259000 0.04 0.699000000 0.027 0.000   3.209 0.000   4.493 0.000 99.99 0.699259000  10.673 0.000   2.921 0.000   7.752 0.699 0.068 0.699000 0.360 0.000
275.333333 276.333333   43.06 0.699394 0.63 0.699394 9.999 0.699394259 9.99 0.699394259 0.013 0.394   2.665 0.000   3.730 0.000 99.99 0.699394259  10.116 0.000   2.859 0.000   7.257 0.699 0.037 0.699394 0.221 0.394
278.333333 279.333333  118.34 0.699000 0.83 0.699000 9.999 0.699259000 0.07 0.699000000 0.033 0.000   3.632 0.000   5.085 0.000 99.99 0.699259000  20.584 0.000  10.112 0.000  10.472 0.699 0.063 0.699000 0.261 0.000
281.333333 282.333333   15.05 0.559000 0.16 0.559000 9.999 0.559259000 9.99 0.559259000 0.010 0.000   0.145 0.000   0.203 0.000  2.22 0.559000000   2.761 0.000   1.229 0.000   1.532 0.559 0.010 0.559000 0.030 0.000
284.333333 285.333333   14.79 0.559000 0.20 0.559000 0.016 0.559000000 0.09 0.559000000 0.019 0.000   0.265 0.000   0.372 0.000  1.90 0.559000000   2.412 0.000   0.990 0.000   1.422 0.559 0.013 0.559000 0.035 0.000
287.333333 288.333333    5.85 0.559000 0.18 0.559000 9.999 0.559259000 0.04 0.559000000 0.012 0.000   0.276 0.000   0.386 0.000 99.99 0.559259000   1.515 0.000   0.635 0.000   0.880 0.559 0.006 0.559000 0.026 0.000
290.333333 291.333333   16.75 0.559000 0.41 0.559000 9.999 0.559259000 9.99 0.559259000 0.013 0.000   0.747 0.000   1.046 0.000 99.99 0.559259000   3.640 0.000   1.056 0.000   2.583 0.559 0.020 0.559000 0.141 0.000
293.333333 294.333333    5.19 0.000000 0.20 0.000000 9.999 0.259000000 0.09 0.000000000 0.009 0.000   0.793 0.000   1.110 0.000 99.99 0.259000000   1.953 0.000   0.418 0.000   1.535 0.000 0.013 0.000000 0.025 0.000
296.333333 297.333333    2.83 0.000000 0.24 0.000000 0.019 0.000000000 9.99 0.259000000 0.019 0.000   0.405 0.000   0.567 0.000 99.99 0.259000000   2.008 0.000   0.651 0.000   1.357 0.000 0.020 0.000000 0.069 0.000
299.333333 300.333333    9.22 0.559000 0.40 0.559000 0.028 0.559000000 9.99 0.559259000 0.004 0.000   0.294 0.000   0.411 0.000 99.99 0.559259000   1.777 0.000   0.620 0.000   1.157 0.559 0.011 0.559000 0.066 0.000
302.333333 303.333333    4.93 0.000000 0.38 0.000000 9.999 0.259000000 9.99 0.259000000 0.017 0.000   0.812 0.000   1.137 0.000 99.99 0.259000000   3.598 0.000   1.358 0.000   2.240 0.000 0.021 0.000000 0.115 0.000
305.333333 306.333333   10.84 0.559000 0.54 0.559000 9.999 0.559259000 9.99 0.559259000 0.045 0.000   2.080 0.000   2.912 0.000 99.99 0.559259000   5.522 0.000   0.870 0.000   4.652 0.559 0.039 0.559000 0.199 0.000
308.333333 309.333333 9999.99 0.699000 9.99 0.699000 9.999 0.699000000 9.99 0.699000000 0.081 0.000   9.407 0.000  13.169 0.000 99.99 0.699000000  15.879 0.000 999.999 0.999 999.999 0.699 9.999 0.699000 0.250 0.000
311.333333 312.333333   15.81 0.699000 0.56 0.699000 9.999 0.699259000 9.99 0.699259000 0.194 0.000   3.869 0.000   5.416 0.000 99.99 0.699259000   9.512 0.000   1.726 0.000   7.786 0.699 0.053 0.699000 0.176 0.000
314.333333 315.333333    2.67 0.000000 0.30 0.000000 0.022 0.000000000 0.08 0.000000000 0.007 0.000   0.121 0.000   0.169 0.000 99.99 0.259000000   1.253 0.000   0.384 0.000   0.869 0.000 0.007 0.000000 0.049 0.000
317.333333 318.333333    8.64 0.559000 0.64 0.559000 0.023 0.559000000 0.10 0.559000000 0.198 0.000   3.029 0.000   4.241 0.000 99.99 0.559259000   8.207 0.000   1.296 0.000   6.911 0.559 0.043 0.559000 0.159 0.000
320.333333 321.333333    3.91 0.000000 0.13 0.000000 0.024 0.000000000 0.18 0.000000000 0.003 0.000   0.063 0.000   0.088 0.000 99.99 0.259000000   0.416 0.000 999.999 0.259   0.544 0.000 0.004 0.000000 0.014 0.000
323.333333 324.333333    8.06 0.000000 0.16 0.000000 0.030 0.000000000 0.22 0.000000000 0.007 0.000   0.090 0.000   0.126 0.000 99.99 0.259000000   0.502 0.000 999.999 0.259   0.617 0.000 0.008 0.000000 0.023 0.000
326.333333 327.333333    8.97 0.559000 0.43 0.559000 9.999 0.559259000 0.19 0.559000000 0.032 0.000   0.531 0.000   0.744 0.000 99.99 0.559259000   1.422 0.000 999.999 0.259   1.610 0.559 0.015 0.559000 0.067 0.000
329.333333 330.333333    5.28 0.000000 0.19 0.000000 0.029 0.000000000 0.14 0.000000000 0.003 0.000   0.070 0.000   0.098 0.000 99.99 0.259000000   0.665 0.000   0.095 0.000   0.571 0.000 0.002 0.000000 0.024 0.000
332.333333 333.333333   13.44 0.000000 0.37 0.000000 9.999 0.259000000 0.14 0.000000000 0.002 0.000   0.034 0.000   0.047 0.000 99.99 0.259000000   1.075 0.000   0.235 0.000   0.840 0.000 0.008 0.000000 0.046 0.000
335.333333 336.333333    7.64 0.559000 0.29 0.559000 9.999 0.559259000 0.16 0.559000000 0.002 0.000   0.249 0.000   0.348 0.000 99.99 0.559259000   0.924 0.000   0.200 0.000   0.725 0.559 0.006 0.559000 0.017 0.000
338.333333 339.333333    0.84 0.000000 0.15 0.000000 9.999 0.259000000 9.99 0.259000000 9.999 0.259   0.295 0.000   0.413 0.000 99.99 0.259000000   0.624 0.000   0.013 0.000   0.611 0.000 0.010 0.000000 0.004 0.000
341.333333 342.333333    2.18 0.000000 9.99 0.259000 0.042 0.000000000 9.99 0.259000000 0.007 0.000   0.111 0.000   0.155 0.000 99.99 0.259000000   1.040 0.000   0.293 0.000   0.746 0.000 0.002 0.000000 0.046 0.000
344.333333 345.333333    1.71 0.559000 0.23 0.559000 0.036 0.559000000 9.99 0.559259000 0.021 0.000   1.716 0.000   2.403 0.000 99.99 0.559259000   3.974 0.000   0.666 0.000   3.308 0.559 0.030 0.559000 0.059 0.000
347.333333 348.333333    1.09 0.000000 0.23 0.000000 9.999 0.259000000 0.10 0.000000000 0.002 0.000   0.084 0.000   0.117 0.000 99.99 0.259000000   0.832 0.000   0.410 0.000   0.422 0.000 0.002 0.000000 0.006 0.000
350.333333 351.333333    6.22 0.000000 0.34 0.000000 9.999 0.259000000 9.99 0.259000000 0.022 0.000   0.606 0.000   0.848 0.000 99.99 0.259000000   1.871 0.000   0.311 0.000   1.560 0.000 0.011 0.000000 0.068 0.000
353.333333 354.333333    3.32 0.000000 0.13 0.000000 9.999 0.259000000 0.12 0.000000000 0.008 0.000   0.231 0.000   0.323 0.000 99.99 0.259000000   0.616 0.000 999.999 0.259   0.657 0.000 0.003 0.000000 0.023 0.000
356.333333 357.333333    6.74 0.000000 0.23 0.000000 9.999 0.259000000 0.26 0.000000000 0.020 0.000   0.349 0.000   0.489 0.000 99.99 0.259000000   0.840 0.000   0.097 0.000   0.744 0.000 0.005 0.000000 0.013 0.000
359.333333 360.333333    2.13 0.000000 0.11 0.000000 9.999 0.259000000 0.12 0.000000000 0.007 0.000   0.002 0.000   0.002 0.000 99.99 0.259000000   0.790 0.000   0.150 0.000   0.640 0.000 0.002 0.000000 0.043 0.000
362.333333 363.333333    1.16 0.000000 0.10 0.000000 9.999 0.259000000 9.99 0.259000000 0.006 0.000   0.137 0.000   0.192 0.000  2.77 0.000000000   0.707 0.000   0.070 0.000   0.637 0.000 0.004 0.000000 0.032 0.000
