scripts/IMPROVE-2019_partial/data/US9033R.19990102060000.20191216000000.filterpack...1y.3d.US03L_filterpack_US9033.US03L_IMPROVE_Davis.lev2.nas
51 1001
MISSING INFORMATION
US03L, IMPROVE, , , , , , , 
MISSING INFORMATION
IMPROVE sel_HTAP
1 1
1999 01 01 2019 12 16
0
days from file reference point
4
1 1 1 1
999.99 999.999 999.999 9.999
end_time of measurement, days from the file reference point
pm10_mass, ug/m3, Matrix=pm10
pm25_mass, ug/m3, Matrix=pm25
numflag, no unit
0
33
Data definition:              EBAS_1.1
Set type code:                TI
Timezone:                     UTC
File name:                    US9033R.19990102060000.20191216000000.filterpack...1y.3d.US03L_filterpack_US9033.US03L_IMPROVE_Davis.lev2.nas
File creation:                20191218120726
Startdate:                    19990102060000
Revision date:                20191216000000
Version:                      2
Version description:          "Data extracted from http://views.cira.colostate.edu/fed/DataWizard 2019-12-16"
Statistics:                   arithmetic mean
Data level:                   2
Period code:                  1y
Resolution code:              3d
Sample duration:              1d
Orig. time res.:              3d
Station code:                 US9033R
Platform code:                US9033S
Station name:                 Sipsy Wilderness
Station latitude:             34.3433
Station longitude:            -87.3388
Station altitude:             286.0 m
Regime:                       IMG
Component:                    
Unit:                         ug/m3
Matrix:                       
Laboratory code:              US03L
Instrument type:              filterpack
Instrument name:              filterpack_US9033
Method ref:                   US03L_IMPROVE_Davis
Blank correction:             Blank corrected
Volume std. temperature:      ambient
Volume std. pressure:         ambient
starttime endtime PM10 PM2.5 flag
  1.25   2.25  13.972 999.999 0.000
  5.25   6.25  10.747   9.430 0.000
  8.25   9.25  10.045   8.207 0.000
 12.25  13.25  14.409  11.703 0.000
 15.25  16.25  10.508   8.460 0.000
 19.25  20.25 999.999 999.999 0.999
 22.25  23.25  14.001  11.351 0.000
 26.25  27.25  24.088  16.593 0.000
 29.25  30.25  19.878  13.520 0.000
 33.25  34.25  11.209  11.180 0.000
 36.25  37.25  14.417   9.704 0.000
 40.25  41.25  16.328  13.096 0.000
 43.25  44.25   8.309   4.852 0.000
 47.25  48.25 999.999 999.999 0.999
 50.25  51.25  16.317  11.553 0.000
 54.25  55.25   9.101   5.766 0.000
 57.25  58.25  18.720  13.628 0.000
 61.25  62.25   8.502   7.968 0.000
 64.25  65.25  12.240   9.561 0.000
 68.25  69.25 999.999 999.999 0.999
 71.25  72.25  13.889  10.185 0.000
 75.25  76.25 999.999 999.999 0.999
 78.25  79.25  17.998  13.092 0.000
 82.25  83.25  25.842  19.034 0.000
 85.25  86.25  22.012  15.489 0.000
 89.25  90.25  26.493  23.827 0.000
 92.25  93.25  29.986  16.040 0.000
 96.25  97.25  27.150  15.284 0.000
 99.25 100.25  36.706  19.081 0.000
103.25 104.25  36.458  19.406 0.000
106.25 107.25  19.883  10.152 0.000
110.25 111.25  22.776  10.307 0.000
113.25 114.25  35.494  21.654 0.000
117.25 118.25  12.245  11.658 0.000
120.25 121.25  13.807   7.842 0.000
124.25 125.25  29.698  14.138 0.000
127.25 128.25  17.720   7.407 0.000
131.25 132.25  24.480  19.650 0.000
134.25 135.25  30.299  23.430 0.000
138.25 139.25  19.643  10.542 0.000
141.25 142.25  25.188  18.074 0.000
145.25 146.25  24.762  18.037 0.000
148.25 149.25  36.998  29.321 0.000
152.25 153.25  17.108  14.009 0.000
155.25 156.25  17.148   9.330 0.000
159.25 160.25  38.755  29.990 0.000
162.25 163.25  15.452  10.540 0.000
166.25 167.25 999.999 999.999 0.999
169.25 170.25  37.904  30.405 0.000
173.25 174.25  21.793  17.054 0.000
176.25 177.25  13.851   6.180 0.000
180.25 181.25  16.907   9.170 0.000
183.25 184.25  31.888  15.826 0.000
187.25 188.25  26.193  16.752 0.000
190.25 191.25  16.130  10.843 0.000
194.25 195.25  44.171  34.814 0.000
197.25 198.25  17.039  12.910 0.000
201.25 202.25  23.442  18.680 0.000
204.25 205.25  23.993  17.892 0.000
208.25 209.25 999.999 999.999 0.999
211.25 212.25  27.853  21.141 0.000
215.25 216.25  26.492  17.556 0.000
218.25 219.25  37.111  30.767 0.000
222.25 223.25  25.709  19.468 0.000
225.25 226.25  17.501  10.031 0.000
229.25 230.25  30.080  21.479 0.000
232.25 233.25  35.080  30.174 0.000
236.25 237.25  16.217  11.480 0.000
239.25 240.25  40.425  30.745 0.000
243.25 244.25  36.142  27.380 0.000
246.25 247.25  35.021  26.218 0.000
250.25 251.25  48.574  42.824 0.000
253.25 254.25  29.957  10.371 0.000
257.25 258.25 999.999 999.999 0.999
260.25 261.25  32.621  16.326 0.000
264.25 265.25  12.435   5.421 0.000
267.25 268.25  25.524  20.498 0.000
271.25 272.25   7.143   5.719 0.000
274.25 275.25  23.344  17.077 0.000
278.25 279.25 999.999 999.999 0.999
281.25 282.25 999.999 999.999 0.999
285.25 286.25  24.935  19.097 0.000
288.25 289.25  23.041  15.751 0.000
292.25 293.25  21.600  10.661 0.000
295.25 296.25  21.728   5.510 0.000
299.25 300.25  30.455  20.247 0.000
302.25 303.25  28.280  18.882 0.000
306.25 307.25   7.712   2.962 0.000
309.25 310.25  21.552  15.928 0.000
313.25 314.25  26.266  20.419 0.000
316.25 317.25  39.729  33.506 0.000
320.25 321.25 999.999 999.999 0.999
323.25 324.25 999.999 999.999 0.999
327.25 328.25  10.764   7.771 0.000
330.25 331.25  12.457   6.779 0.000
334.25 335.25  10.788   6.253 0.000
337.25 338.25  17.077   9.215 0.000
341.25 342.25 999.999 999.999 0.999
344.25 345.25 999.999 999.999 0.999
348.25 349.25 999.999 999.999 0.999
351.25 352.25 999.999 999.999 0.999
355.25 356.25 999.999 999.999 0.999
358.25 359.25 999.999 999.999 0.999
362.25 363.25  11.195   6.109 0.000
