scripts/IMPROVE-2019_partial/data/US9021R.20070103050000.20191216000000.filterpack...1y.3d.US03L_filterpack_US9021.US03L_IMPROVE_Davis.lev2.nas
51 1001
MISSING INFORMATION
US03L, IMPROVE, , , , , , , 
MISSING INFORMATION
IMPROVE sel_HTAP
1 1
2007 01 01 2019 12 16
3.000000
days from file reference point
4
1 1 1 1
999.999999 999.999 999.999 9.999
end_time of measurement, days from the file reference point
pm10_mass, ug/m3, Matrix=pm10
pm25_mass, ug/m3, Matrix=pm25
numflag, no unit
0
33
Data definition:              EBAS_1.1
Set type code:                TU
Timezone:                     UTC
File name:                    US9021R.20070103050000.20191216000000.filterpack...1y.3d.US03L_filterpack_US9021.US03L_IMPROVE_Davis.lev2.nas
File creation:                20191218120632
Startdate:                    20070103050000
Revision date:                20191216000000
Version:                      2
Version description:          "Data extracted from http://views.cira.colostate.edu/fed/DataWizard 2019-12-16"
Statistics:                   arithmetic mean
Data level:                   2
Period code:                  1y
Resolution code:              3d
Sample duration:              1d
Orig. time res.:              3d
Station code:                 US9021R
Platform code:                US9021S
Station name:                 M.K. Goddard
Station latitude:             41.4269
Station longitude:            -80.1453
Station altitude:             379.0 m
Regime:                       IMG
Component:                    
Unit:                         ug/m3
Matrix:                       
Laboratory code:              US03L
Instrument type:              filterpack
Instrument name:              filterpack_US9021
Method ref:                   US03L_IMPROVE_Davis
Blank correction:             Blank corrected
Volume std. temperature:      ambient
Volume std. pressure:         ambient
starttime endtime PM10 PM2.5 flag
  2.208333   3.208333   9.983   6.996 0.000
  5.208333   6.208333   5.953   3.862 0.000
  8.208333   9.208333   5.828   3.636 0.000
 11.208333  12.208333   9.699   6.615 0.000
 14.208333  15.208333   4.555   3.567 0.000
 17.208333  18.208333  12.841   8.710 0.000
 20.208333  21.208333   7.399   6.017 0.000
 23.208333  24.208333   9.885   8.368 0.000
 26.208333  27.208333  15.122  13.018 0.000
 29.208333  30.208333  13.198   9.481 0.000
 32.208333  33.208333  18.505  14.623 0.000
 35.208333  36.208333  10.245   6.262 0.000
 38.208333  39.208333  16.482  11.752 0.000
 41.208333  42.208333  17.669  12.784 0.000
 44.208333  45.208333   5.766   3.909 0.000
 47.208333  48.208333  15.781  11.440 0.000
 50.208333  51.208333  13.436   9.593 0.000
 53.208333  54.208333   3.661   2.105 0.000
 56.208333  57.208333  11.925  10.418 0.000
 59.208333  60.208333  17.104  14.275 0.000
 62.208333  63.208333   4.129   3.141 0.000
 65.208333  66.208333   8.579   6.282 0.000
 68.208333  69.208333  26.762  20.609 0.000
 71.208333  72.208333  17.623  11.372 0.000
 74.208333  75.208333   5.361   4.132 0.000
 77.208333  78.208333   9.074   7.750 0.000
 80.208333  81.208333  21.101  16.276 0.000
 83.208333  84.208333   8.247   7.016 0.000
 86.208333  87.208333   9.107   6.365 0.000
 89.208333  90.208333  11.884   5.750 0.000
 92.208333  93.208333 999.999 999.999 0.999
 95.208333  96.208333   4.664   3.180 0.000
 98.208333  99.208333   7.711   6.031 0.000
101.208333 102.208333   6.142   5.355 0.000
104.208333 105.208333   3.213   2.998 0.000
107.208333 108.208333   5.151   3.252 0.000
110.208333 111.208333  14.703   9.995 0.000
113.208333 114.208333   7.960   5.138 0.000
116.208333 117.208333   8.566   6.489 0.000
119.208333 120.208333   6.408   3.593 0.000
122.208333 123.208333   6.136   2.958 0.000
125.208333 126.208333   7.173   3.048 0.000
128.208333 129.208333  22.958  12.561 0.000
131.208333 132.208333  17.043  11.825 0.000
134.208333 135.208333  33.056  19.942 0.000
137.208333 138.208333  10.221   6.582 0.000
140.208333 141.208333   8.308   5.392 0.000
143.208333 144.208333  36.646  28.186 0.000
146.208333 147.208333  31.442  25.375 0.000
149.208333 150.208333  23.182  16.904 0.000
152.208333 153.208333  35.858  29.176 0.000
155.208333 156.208333   8.328   5.352 0.000
158.208333 159.208333  26.028  18.794 0.000
161.208333 162.208333  13.818   9.574 0.000
164.208333 165.208333  14.636  10.725 0.000
167.208333 168.208333  24.002  19.415 0.000
170.208333 171.208333  14.830   7.540 0.000
173.208333 174.208333   9.271   6.301 0.000
176.208333 177.208333  31.947  26.685 0.000
179.208333 180.208333  10.906   5.734 0.000
182.208333 183.208333   8.616   5.585 0.000
185.208333 186.208333  23.271  20.134 0.000
188.208333 189.208333  22.236  16.643 0.000
191.208333 192.208333  15.941  11.704 0.000
194.208333 195.208333  15.542  10.875 0.000
197.208333 198.208333  15.233  11.337 0.000
200.208333 201.208333   8.204   4.019 0.000
203.208333 204.208333  11.447   8.146 0.000
206.208333 207.208333  25.110  21.092 0.000
209.208333 210.208333  23.879  20.175 0.000
212.208333 213.208333  20.540  15.061 0.000
215.208333 216.208333  20.435  13.990 0.000
218.208333 219.208333  24.313  20.912 0.000
221.208333 222.208333  14.105  10.515 0.000
224.208333 225.208333  16.448  12.277 0.000
227.208333 228.208333  23.817  20.407 0.000
230.208333 231.208333   8.525   6.258 0.000
233.208333 234.208333  16.412  12.224 0.000
236.208333 237.208333  18.496  13.478 0.000
239.208333 240.208333  20.212  17.140 0.000
242.208333 243.208333  12.501   8.347 0.000
245.208333 246.208333  24.684  20.360 0.000
248.208333 249.208333  40.898  33.067 0.000
251.208333 252.208333  12.547   9.596 0.000
254.208333 255.208333   6.351   3.581 0.000
257.208333 258.208333   5.019   3.215 0.000
260.208333 261.208333  15.927  12.555 0.000
263.208333 264.208333  34.444  28.826 0.000
266.208333 267.208333  14.019   9.267 0.000
269.208333 270.208333  12.996   8.729 0.000
272.208333 273.208333  12.731   9.642 0.000
275.208333 276.208333  19.014  11.933 0.000
278.208333 279.208333  20.812  16.179 0.000
281.208333 282.208333  19.352  14.788 0.000
284.208333 285.208333   3.731   2.458 0.000
287.208333 288.208333  10.191   6.423 0.000
290.208333 291.208333  17.477  13.107 0.000
293.208333 294.208333  10.191   6.079 0.000
296.208333 297.208333   6.676   3.633 0.000
299.208333 300.208333   6.367   4.215 0.000
302.208333 303.208333  16.050  11.326 0.000
305.208333 306.208333   8.008   5.707 0.000
308.208333 309.208333  19.609  10.454 0.000
311.208333 312.208333  11.534   8.532 0.000
314.208333 315.208333  14.542  12.763 0.000
317.208333 318.208333  19.043  12.839 0.000
320.208333 321.208333  13.503  10.625 0.000
323.208333 324.208333  23.368  18.503 0.000
326.208333 327.208333   5.122   3.532 0.000
329.208333 330.208333   8.092   7.610 0.000
332.208333 333.208333  10.059   5.782 0.000
335.208333 336.208333   7.090   5.775 0.000
338.208333 339.208333   7.088   5.543 0.000
341.208333 342.208333  16.833  12.868 0.000
344.208333 345.208333  11.547   9.834 0.000
347.208333 348.208333   8.593   7.046 0.000
350.208333 351.208333   6.956   5.656 0.000
353.208333 354.208333  22.829  20.432 0.000
356.208333 357.208333   4.119   3.103 0.000
359.208333 360.208333  14.044  11.207 0.000
362.208333 363.208333   6.683   5.346 0.000
