scripts/IMPROVE-2019_partial/data/US9025U.19970101080000.20191216000000.filterpack.pm25_mass.pm25.1y.3d.US03L_filterpack_US9025.US03L_IMPROVE_Davis.lev2.nas
50 1001
MISSING INFORMATION
US03L, IMPROVE, , , , , , , 
MISSING INFORMATION
IMPROVE sel_HTAP
1 1
1997 01 01 2019 12 16
0
days from file reference point
3
1 1 1
999.999999 999.999 9.999
end_time of measurement, days from the file reference point
pm25_mass, ug/m3
numflag pm25_mass, no unit
0
33
Data definition:              EBAS_1.1
Set type code:                TI
Timezone:                     UTC
File name:                    US9025U.19970101080000.20191216000000.filterpack.pm25_mass.pm25.1y.3d.US03L_filterpack_US9025.US03L_IMPROVE_Davis.lev2.nas
File creation:                20191218120652
Startdate:                    19970101080000
Revision date:                20191216000000
Version:                      2
Version description:          "Data extracted from http://views.cira.colostate.edu/fed/DataWizard 2019-12-16"
Statistics:                   arithmetic mean
Data level:                   2
Period code:                  1y
Resolution code:              3d
Sample duration:              1d
Orig. time res.:              3d
Station code:                 US9025U
Platform code:                US9025S
Station name:                 Puget Sound
Station latitude:             47.5696
Station longitude:            -122.3119
Station altitude:             97.0 m
Regime:                       IMG
Component:                    pm25_mass
Unit:                         ug/m3
Matrix:                       pm25
Laboratory code:              US03L
Instrument type:              filterpack
Instrument name:              filterpack_US9025
Method ref:                   US03L_IMPROVE_Davis
Blank correction:             Blank corrected
Volume std. temperature:      ambient
Volume std. pressure:         ambient
starttime endtime PM2.5 flag_PM2.5
  0.333333   1.333333 999.999 0.999
  3.333333   4.333333 999.999 0.999
  7.333333   8.333333  22.854 0.000
 10.333333  11.333333   9.420 0.000
 14.333333  15.333333  24.764 0.000
 17.333333  18.333333   8.470 0.000
 21.333333  22.333333   4.245 0.000
 24.333333  25.333333   6.238 0.000
 28.333333  29.333333   9.113 0.000
 31.333333  32.333333   4.690 0.000
 35.333333  36.333333  20.069 0.000
 38.333333  39.333333  12.901 0.000
 42.333333  43.333333   5.864 0.000
 45.333333  46.333333   4.978 0.000
 49.333333  50.333333   3.134 0.000
 52.333333  53.333333   9.921 0.000
 56.333333  57.333333   6.510 0.000
 59.333333  60.333333   3.042 0.000
 63.333333  64.333333   5.833 0.000
 66.333333  67.333333  13.853 0.000
 70.333333  71.333333   3.625 0.000
 73.333333  74.333333   3.229 0.000
 77.333333  78.333333   4.599 0.000
 80.333333  81.333333   9.270 0.000
 84.333333  85.333333   3.210 0.000
 87.333333  88.333333  14.017 0.000
 91.333333  92.333333  10.385 0.000
 94.333333  95.333333   8.333 0.000
 98.333333  99.333333   7.782 0.000
101.333333 102.333333   8.530 0.000
105.333333 106.333333   5.261 0.000
108.333333 109.333333   6.166 0.000
112.333333 113.333333   4.378 0.000
115.333333 116.333333   8.902 0.000
119.333333 120.333333   3.427 0.000
122.333333 123.333333   4.670 0.000
126.333333 127.333333   5.141 0.000
129.333333 130.333333  12.409 0.000
133.333333 134.333333  22.910 0.000
136.333333 137.333333  10.402 0.000
140.333333 141.333333   9.747 0.000
143.333333 144.333333   5.822 0.000
147.333333 148.333333  15.601 0.000
150.333333 151.333333   4.053 0.000
154.333333 155.333333   5.012 0.000
157.333333 158.333333   4.650 0.000
161.333333 162.333333   6.004 0.000
164.333333 165.333333   6.126 0.000
168.333333 169.333333   3.782 0.000
171.333333 172.333333   3.162 0.000
175.333333 176.333333  13.552 0.000
178.333333 179.333333   8.027 0.000
182.333333 183.333333   5.782 0.000
185.333333 186.333333   8.226 0.000
189.333333 190.333333   2.374 0.000
192.333333 193.333333   7.004 0.000
196.333333 197.333333   6.313 0.000
199.333333 200.333333  12.153 0.000
203.333333 204.333333   6.259 0.000
206.333333 207.333333   6.106 0.000
210.333333 211.333333  11.493 0.000
213.333333 214.333333   6.734 0.000
217.333333 218.333333 999.999 0.999
220.333333 221.333333 999.999 0.999
224.333333 225.333333 999.999 0.999
227.333333 228.333333 999.999 0.999
231.333333 232.333333  14.950 0.000
234.333333 235.333333   5.415 0.000
238.333333 239.333333   5.495 0.000
241.333333 242.333333  11.262 0.000
245.333333 246.333333   8.573 0.000
248.333333 249.333333   9.518 0.000
252.333333 253.333333  12.809 0.000
255.333333 256.333333   6.944 0.000
259.333333 260.333333   3.382 0.000
262.333333 263.333333  11.246 0.000
266.333333 267.333333  30.764 0.000
269.333333 270.333333   8.286 0.000
273.333333 274.333333   7.160 0.000
276.333333 277.333333   3.168 0.000
280.333333 281.333333   4.329 0.000
283.333333 284.333333   4.969 0.000
287.333333 288.333333  19.961 0.000
290.333333 291.333333   8.264 0.000
294.333333 295.333333  17.165 0.000
297.333333 298.333333  20.935 0.000
301.333333 302.333333   7.037 0.000
304.333333 305.333333 999.999 0.999
308.333333 309.333333  16.269 0.000
311.333333 312.333333   9.187 0.000
315.333333 316.333333  23.115 0.000
318.333333 319.333333  21.067 0.000
322.333333 323.333333   1.905 0.000
325.333333 326.333333  11.793 0.000
329.333333 330.333333  11.877 0.000
332.333333 333.333333   4.599 0.000
336.333333 337.333333  11.538 0.000
339.333333 340.333333  30.199 0.000
343.333333 344.333333   6.455 0.000
346.333333 347.333333  14.593 0.000
350.333333 351.333333   4.242 0.000
353.333333 354.333333   3.472 0.000
357.333333 358.333333   9.872 0.000
360.333333 361.333333   7.747 0.000
364.333333 365.333333  11.974 0.000
