scripts/IMPROVE-2019_partial/data/US9035R.20030103070000.20191216000000.filterpack..pm25.1y.1w.US03L_filterpack_US9035.US03L_IMPROVE_Davis.lev2.nas
64 1001
MISSING INFORMATION
US03L, IMPROVE, , , , , , , 
MISSING INFORMATION
IMPROVE sel_HTAP
1 1
2003 01 01 2019 12 16
3.000000
days from file reference point
25
1 1 1 1 1 1 1 1 1 1 1 1 1 1 1 1 1 1 1 1 1 1 1 1 1
999.999999 99999.99 9.999 99.99 9.999 9.999 9.999999 9.99 9.999999 9.999 9.999999 99.999 9.999 99.999 9.999 999.999 9.999 999.999 9.999 999.999 9.999 9.999 9.999 9.999 9.999999
end_time of measurement, days from the file reference point
iron, ng/m3, Revision date=20181210133000
numflag iron, no unit, Revision date=20181210133000
lead, ng/m3, Revision date=20181210133000
numflag lead, no unit, Revision date=20181210133000
magnesium, ug/m3, Revision date=20181210133000
numflag magnesium, no unit, Revision date=20181210133000
nickel, ng/m3, Revision date=20181210133000
numflag nickel, no unit, Revision date=20181210133000
nitrate, ug N/m3, Revision date=20181210133000
numflag nitrate, no unit, Revision date=20181210133000
organic_carbon, ug C/m3, Revision date=20181210133000
numflag organic_carbon, no unit, Revision date=20181210133000
organic_mass, ug/m3, Revision date=20181210133000
numflag organic_mass, no unit, Revision date=20181210133000
pm10_mass, ug/m3, Version=2, Version description=Data extracted from http://views.cira.colostate.edu/fed/DataWizard 2019-12-16, Sample duration=1d, Orig. time res.=3d, Matrix=pm10, Blank correction=Blank corrected, Volume std. temperature=ambient, Volume std. pressure=ambient
numflag pm10_mass, no unit, Version=2, Version description=Data extracted from http://views.cira.colostate.edu/fed/DataWizard 2019-12-16, Sample duration=1d, Orig. time res.=3d, Matrix=pm10, Blank correction=Blank corrected, Volume std. temperature=ambient, Volume std. pressure=ambient
pm10_pm25_mass, ug/m3, Revision date=20181210133000, Matrix=pm10_pm25
numflag pm10_pm25_mass, no unit, Revision date=20181210133000, Matrix=pm10_pm25
pm25_mass, ug/m3, Version=2, Version description=Data extracted from http://views.cira.colostate.edu/fed/DataWizard 2019-12-16, Sample duration=1d, Orig. time res.=3d, Blank correction=Blank corrected, Volume std. temperature=ambient, Volume std. pressure=ambient
numflag pm25_mass, no unit, Version=2, Version description=Data extracted from http://views.cira.colostate.edu/fed/DataWizard 2019-12-16, Sample duration=1d, Orig. time res.=3d, Blank correction=Blank corrected, Volume std. temperature=ambient, Volume std. pressure=ambient
potassium, ug/m3, Revision date=20181210133000
numflag potassium, no unit, Revision date=20181210133000
sulphate_total, ug S/m3, Revision date=20181210133000
numflag sulphate_total, no unit, Revision date=20181210133000
0
25
Data definition:              EBAS_1.1
Set type code:                TU
Timezone:                     UTC
File name:                    US9035R.20030103070000.20191216000000.filterpack..pm25.1y.1w.US03L_filterpack_US9035.US03L_IMPROVE_Davis.lev2.nas
File creation:                20191218120739
Startdate:                    20030103070000
Revision date:                20191216000000
Statistics:                   arithmetic mean
Data level:                   2
Period code:                  1y
Resolution code:              1w
Station code:                 US9035R
Platform code:                US9035S
Station name:                 Sycamore Canyon
Station latitude:             35.1406
Station longitude:            -111.9692
Station altitude:             2046.0 m
Regime:                       IMG
Component:                    
Matrix:                       pm25
Laboratory code:              US03L
Instrument type:              filterpack
Instrument name:              filterpack_US9035
Method ref:                   US03L_IMPROVE_Davis
starttime endtime Fe flag_Fe Pb flag_Pb Mg++ flag_Mg++ Ni flag_Ni NO3- flag_NO3- OC flag_OC OM flag_OM PM10 flag_PM10 PM10-PM2.5 flag_PM10-PM2.5 PM2.5 flag_PM2.5 K+ flag_K+ SO4-- flag_SO4--
  2.291667   3.291667    80.53 0.000  0.16 0.000 9.999 0.259000 0.32 0.000000 0.011 0.000000  0.749 0.000  1.048 0.000   3.517 0.000   1.675 0.000   1.842 0.000 0.017 0.000 0.045 0.000000
  5.291667   6.291667    18.81 0.000  0.23 0.000 9.999 0.259000 0.04 0.000000 0.122 0.559000  0.559 0.000  0.782 0.000   4.808 0.000   2.207 0.000   2.600 0.000 0.013 0.000 0.357 0.559000
  8.291667   9.291667    31.43 0.000  0.20 0.000 9.999 0.259000 0.09 0.000000 0.063 0.559000  1.134 0.000  1.588 0.000   2.938 0.000 999.999 0.259   3.182 0.000 0.018 0.000 0.180 0.559000
 11.291667  12.291667    39.85 0.000  0.15 0.000 0.006 0.000000 9.99 0.259000 0.036 0.000000  2.927 0.000  4.098 0.000   5.063 0.000   0.577 0.000   4.486 0.000 0.010 0.000 0.104 0.000000
 14.291667  15.291667   176.21 0.000  0.31 0.000 9.999 0.259000 0.64 0.000000 0.009 0.000000  0.569 0.000  0.797 0.000   2.509 0.000 999.999 0.259   3.349 0.000 0.040 0.000 0.061 0.000000
 17.291667  18.291667   194.24 0.000  0.24 0.000 0.047 0.000000 0.94 0.000000 0.007 0.000000  0.716 0.000  1.002 0.000   2.285 0.000 999.999 0.259   3.457 0.000 0.042 0.000 0.027 0.000000
 20.291667  21.291667   132.45 0.000  0.44 0.000 0.019 0.000000 0.75 0.000000 0.036 0.000000  0.569 0.000  0.796 0.000   2.270 0.000 999.999 0.259   2.998 0.000 0.031 0.000 0.092 0.000000
 23.291667  24.291667    82.80 0.000  0.23 0.000 9.999 0.259000 9.99 0.259000 0.010 0.000000  0.764 0.000  1.069 0.000   4.525 0.000   2.353 0.000   2.172 0.000 0.014 0.000 0.050 0.000000
 26.291667  27.291667   218.59 0.000  0.59 0.000 9.999 0.259000 0.14 0.000000 0.010 0.000000  0.727 0.000  1.018 0.000   7.168 0.000   2.977 0.000   4.191 0.000 0.049 0.000 0.083 0.000000
 29.291667  30.291667   151.08 0.000  0.18 0.000 9.999 0.259000 0.47 0.000000 0.008 0.559000  0.535 0.000  0.749 0.000   6.855 0.000   3.887 0.000   2.967 0.000 0.033 0.000 0.047 0.559000
 32.291667  33.291667   129.23 0.000  0.53 0.000 9.999 0.259000 0.73 0.000000 0.114 0.000000  1.410 0.000  1.974 0.000  10.105 0.000   5.241 0.000   4.864 0.000 0.054 0.000 0.075 0.000000
 35.291667  36.291667   114.38 0.000  0.30 0.000 9.999 0.259000 9.99 0.259000 0.032 0.559000  1.031 0.000  1.444 0.000   7.572 0.000   4.271 0.000   3.301 0.000 0.031 0.000 0.067 0.559000
 38.291667  39.291667    53.04 0.000  0.58 0.000 9.999 0.259000 0.09 0.000000 0.060 0.559000  0.537 0.000  0.752 0.000   4.883 0.000   2.476 0.000   2.407 0.000 0.031 0.000 0.190 0.559000
 41.291667  42.291667   144.30 0.000  0.37 0.000 9.999 0.259000 0.42 0.000000 0.017 0.559000  1.125 0.000  1.576 0.000   5.959 0.000   2.333 0.000   3.626 0.000 0.035 0.000 0.058 0.559000
 44.291667  45.291667    15.92 0.000  0.03 0.000 9.999 0.259000 0.13 0.000000 0.005 0.000000  0.468 0.000  0.655 0.000   0.534 0.000 999.999 0.259   0.581 0.000 0.004 0.000 0.013 0.000000
 47.291667  48.291667    23.03 0.000  0.91 0.000 0.015 0.000000 9.99 0.259000 0.160 0.000000  0.921 0.000  1.289 0.000   2.448 0.000   0.490 0.000   1.958 0.000 0.005 0.000 0.124 0.000000
 50.291667  51.291667    18.99 0.000  1.65 0.000 0.013 0.000000 9.99 0.259000 0.251 0.559000  0.619 0.000  0.867 0.000   3.650 0.000   1.111 0.000   2.539 0.000 0.012 0.000 0.180 0.559000
 53.291667  54.291667    86.23 0.000  1.00 0.000 9.999 0.259000 9.99 0.259000 0.101 0.559000  0.649 0.000  0.908 0.000   8.725 0.000   5.775 0.000   2.950 0.000 0.044 0.000 0.120 0.559000
 56.291667  57.291667    63.34 0.000  0.13 0.000 0.020 0.000000 0.25 0.000000 0.042 0.559000  0.033 0.000  0.046 0.000 999.999 0.456 999.999 0.999   1.198 0.000 0.018 0.000 0.022 0.559000
 59.291667  60.291667   100.30 0.000  0.24 0.000 9.999 0.259000 0.88 0.000000 0.182 0.000000  0.511 0.000  0.715 0.000   1.804 0.000 999.999 0.259   2.796 0.000 0.030 0.000 0.115 0.000000
 62.291667  63.291667    40.08 0.000  0.66 0.000 9.999 0.259000 0.37 0.000000 0.303 0.559000  0.480 0.000  0.672 0.000   3.360 0.000   0.841 0.000   2.520 0.000 0.016 0.000 0.234 0.559000
 65.291667  66.291667    99.98 0.000  0.51 0.000 9.999 0.259000 0.37 0.000000 0.019 0.000000  0.588 0.000  0.823 0.000   2.330 0.000 999.999 0.259   2.673 0.000 0.029 0.000 0.103 0.000000
 68.291667  69.291667   172.14 0.000  0.48 0.000 9.999 0.259000 0.27 0.000000 0.010 0.000000  0.633 0.000  0.886 0.000   3.072 0.000 999.999 0.259   3.243 0.000 0.043 0.000 0.061 0.000000
 71.291667  72.291667   135.63 0.000  0.76 0.000 0.021 0.000000 0.39 0.000000 0.029 0.000000  0.683 0.000  0.956 0.000   6.143 0.000   2.458 0.000   3.685 0.000 0.049 0.000 0.139 0.000000
 74.291667  75.291667    12.12 0.000  0.45 0.000 0.014 0.000000 0.11 0.000000 0.011 0.000000  0.248 0.000  0.348 0.000   0.712 0.000   0.101 0.000   0.612 0.000 0.010 0.000 0.071 0.000000
 77.291667  78.291667    30.10 0.000  0.20 0.000 9.999 0.259000 9.99 0.259000 0.028 0.559000  0.426 0.000  0.597 0.000   4.167 0.000   2.196 0.000   1.971 0.000 0.020 0.000 0.120 0.559000
 80.291667  81.291667    50.85 0.000  0.68 0.000 0.013 0.000000 9.99 0.259000 0.017 0.559000  0.466 0.000  0.652 0.000   3.116 0.000   1.154 0.000   1.962 0.000 0.021 0.000 0.097 0.559000
 83.291667  84.291667    60.52 0.394  0.39 0.394 9.999 0.394259 0.06 0.394000 0.035 0.559394  0.613 0.000  0.859 0.000   5.662 0.000   2.902 0.000   2.761 0.000 0.028 0.394 0.132 0.559394
 86.291667  87.291667    32.64 0.000  0.20 0.000 9.999 0.259000 9.99 0.259000 0.030 0.000000  0.172 0.000  0.240 0.000   6.870 0.000   5.492 0.000   1.378 0.000 0.014 0.000 0.117 0.000000
 89.291667  90.291667   113.87 0.559  0.38 0.559 9.999 0.559259 9.99 0.559259 0.013 0.000000  0.541 0.000  0.758 0.000   5.828 0.000   3.228 0.000   2.600 0.559 0.025 0.559 0.124 0.000000
 92.291667  93.291667   330.50 0.559  1.94 0.559 9.999 0.559259 0.84 0.559000 0.094 0.000000  0.446 0.000  0.625 0.000  11.881 0.000   2.316 0.000   9.565 0.559 0.111 0.559 0.432 0.000000
 95.291667  96.291667    58.57 0.559  0.42 0.559 0.007 0.559000 9.99 0.559259 0.025 0.000000  0.596 0.000  0.834 0.000   4.518 0.000   1.490 0.000   3.028 0.559 0.020 0.559 0.120 0.000000
 98.291667  99.291667   258.30 0.559  0.96 0.559 9.999 0.559259 0.11 0.559000 0.031 0.000000  0.715 0.000  1.000 0.000  13.639 0.000   7.358 0.000   6.281 0.559 0.082 0.559 0.240 0.000000
101.291667 102.291667   261.68 0.559  1.56 0.559 9.999 0.559259 0.13 0.559000 0.084 0.000000  0.730 0.000  1.022 0.000  15.646 0.000   8.701 0.000   6.944 0.559 0.089 0.559 0.311 0.000000
104.291667 105.291667    37.57 0.559  0.21 0.559 0.016 0.559000 0.12 0.559000 0.040 0.000000  0.263 0.000  0.368 0.000   2.537 0.000   1.082 0.000   1.455 0.559 0.016 0.559 0.096 0.000000
107.291667 108.291667    78.15 0.000  0.51 0.000 9.999 0.259000 9.99 0.259000 0.070 0.000000  0.553 0.000  0.775 0.000   7.984 0.000   4.898 0.000   3.086 0.000 0.044 0.000 0.126 0.000000
110.291667 111.291667   103.17 0.559  0.97 0.559 0.018 0.559000 0.07 0.559000 0.088 0.000000  0.554 0.000  0.776 0.000   8.566 0.000   4.296 0.000   4.271 0.559 0.046 0.559 0.270 0.000000
113.291667 114.291667    78.77 0.559  1.51 0.559 9.999 0.559259 9.99 0.559259 0.065 0.000000  0.516 0.000  0.723 0.000   6.407 0.000   1.914 0.000   4.494 0.559 0.050 0.559 0.232 0.000000
116.291667 117.291667   194.55 0.559  1.28 0.559 9.999 0.559259 9.99 0.559259 0.057 0.000000  0.708 0.000  0.992 0.000  14.592 0.000   8.534 0.000   6.058 0.559 0.094 0.559 0.274 0.000000
119.291667 120.291667   150.61 0.559  0.53 0.559 9.999 0.559259 0.07 0.559000 0.088 0.000000  0.742 0.000  1.039 0.000  10.518 0.000   6.109 0.000   4.409 0.559 0.059 0.559 0.150 0.000000
122.291667 123.291667    96.65 0.559  0.45 0.559 9.999 0.559259 9.99 0.559259 0.035 0.000000  0.402 0.000  0.563 0.000  10.356 0.000   6.681 0.000   3.674 0.559 0.068 0.559 0.144 0.000000
125.291667 126.291667   145.00 0.559  1.20 0.559 9.999 0.559259 0.04 0.559000 0.064 0.000000  0.873 0.000  1.223 0.000  11.127 0.000   5.506 0.000   5.622 0.559 0.065 0.559 0.291 0.000000
128.291667 129.291667   480.72 0.559  1.91 0.559 9.999 0.559259 0.09 0.559000 0.125 0.000000  1.225 0.000  1.715 0.000  30.742 0.000  19.315 0.000  11.427 0.559 0.206 0.559 0.426 0.000000
131.291667 132.291667   364.46 0.559  1.36 0.559 9.999 0.559259 9.99 0.559259 0.046 0.000000  1.149 0.000  1.608 0.000  16.163 0.000   8.374 0.000   7.790 0.559 0.160 0.559 0.225 0.000000
134.291667 135.291667   596.03 0.559  1.84 0.559 9.999 0.559259 0.12 0.559000 0.116 0.000000  1.155 0.000  1.617 0.000  38.702 0.000  22.792 0.000  15.910 0.559 0.455 0.559 0.425 0.000000
137.291667 138.291667   329.70 0.559  1.56 0.559 9.999 0.559259 0.17 0.559000 0.073 0.000000  2.876 0.000  4.026 0.000  18.275 0.000   4.753 0.000  13.521 0.559 0.218 0.559 0.446 0.000000
140.291667 141.291667   434.00 0.559  1.32 0.559 9.999 0.559259 9.99 0.559259 0.065 0.000000  1.899 0.000  2.659 0.000  23.438 0.000  11.129 0.000  12.309 0.559 0.243 0.559 0.351 0.000000
143.291667 144.291667   356.88 0.559  1.02 0.559 9.999 0.559259 0.22 0.559000 0.096 0.000000  1.747 0.000  2.446 0.000  22.632 0.000  11.168 0.000  11.464 0.559 0.158 0.559 0.670 0.000000
146.291667 147.291667   269.83 0.559  1.11 0.559 9.999 0.559259 0.09 0.559000 0.072 0.000000  1.733 0.000  2.426 0.000  19.056 0.000   9.407 0.000   9.649 0.559 0.155 0.559 0.568 0.000000
149.291667 150.291667 99999.99 0.999 99.99 0.999 9.999 0.999000 9.99 0.999000 0.065 0.000000  1.956 0.000  2.739 0.000  44.971 0.000 999.999 0.999 999.999 0.999 9.999 0.999 0.469 0.000000
152.291667 153.291667   122.22 0.559  0.65 0.559 9.999 0.559259 0.17 0.559000 0.045 0.000000  1.373 0.000  1.922 0.000  12.725 0.000   5.853 0.000   6.871 0.559 0.088 0.559 0.579 0.000000
155.291667 156.291667 99999.99 0.999 99.99 0.999 9.999 0.999000 9.99 0.999000 0.054 0.000000  1.437 0.000  2.012 0.000  18.312 0.000 999.999 0.999 999.999 0.999 9.999 0.999 0.923 0.000000
158.291667 159.291667   516.39 0.559  1.49 0.559 0.121 0.559000 0.27 0.559000 0.055 0.000000  1.897 0.000  2.656 0.000  25.091 0.000  10.361 0.000  14.729 0.559 0.178 0.559 0.894 0.000000
161.291667 162.291667 99999.99 0.999 99.99 0.999 9.999 0.999000 9.99 0.999000 0.050 0.000000  0.675 0.000  0.945 0.000  21.908 0.000 999.999 0.999 999.999 0.999 9.999 0.999 0.322 0.000000
164.291667 165.291667   901.52 0.559  2.12 0.559 9.999 0.559259 0.23 0.559000 0.048 0.000000  1.779 0.000  2.490 0.000  44.602 0.000  28.545 0.000  16.057 0.559 0.256 0.559 0.253 0.000000
167.291667 168.291667   440.96 0.559  1.01 0.559 9.999 0.559259 0.09 0.559000 0.081 0.000000  4.576 0.000  6.407 0.000  32.450 0.000  17.245 0.000  15.205 0.559 0.250 0.559 0.383 0.000000
170.291667 171.291667 99999.99 0.999 99.99 0.999 9.999 0.999000 9.99 0.999000 0.055 0.000000  1.010 0.000  1.413 0.000  25.132 0.000 999.999 0.999 999.999 0.999 9.999 0.999 0.309 0.000000
173.291667 174.291667   237.38 0.559  0.57 0.559 9.999 0.559259 0.17 0.559000 0.044 0.000000  0.736 0.000  1.030 0.000  11.218 0.000   4.714 0.000   6.503 0.559 0.077 0.559 0.181 0.000000
176.291667 177.291667 99999.99 0.999 99.99 0.999 9.999 0.999000 9.99 0.999000 0.018 0.000000  1.311 0.000  1.836 0.000  40.475 0.000 999.999 0.999 999.999 0.999 9.999 0.999 0.116 0.000000
179.291667 180.291667   542.85 0.559  0.81 0.559 9.999 0.559259 0.14 0.559000 0.027 0.000000  1.854 0.000  2.596 0.000  18.546 0.000   8.656 0.000   9.889 0.559 0.128 0.559 0.179 0.000000
182.291667 183.291667 99999.99 0.999 99.99 0.999 9.999 0.999000 9.99 0.999000 0.027 0.000000  0.952 0.000  1.333 0.000  29.134 0.000 999.999 0.999 999.999 0.999 9.999 0.999 0.228 0.000000
185.291667 186.291667   782.98 0.559  1.33 0.559 9.999 0.559259 0.21 0.559000 0.025 0.000000  1.547 0.000  2.165 0.000  35.294 0.000  21.987 0.000  13.307 0.559 0.158 0.559 0.280 0.000000
188.291667 189.291667   731.34 0.559  1.32 0.559 9.999 0.559259 0.21 0.559000 0.060 0.000000  1.214 0.000  1.700 0.000  35.872 0.000  22.792 0.000  13.080 0.559 0.160 0.559 0.330 0.000000
191.291667 192.291667 99999.99 0.999 99.99 0.999 9.999 0.999000 9.99 0.999000 0.066 0.000000  2.677 0.000  3.748 0.000  42.075 0.000 999.999 0.999 999.999 0.999 9.999 0.999 0.348 0.000000
194.291667 195.291667   187.35 0.559  0.45 0.559 9.999 0.559259 0.13 0.559000 0.062 0.000000  2.198 0.000  3.077 0.000  22.304 0.000  13.978 0.000   8.326 0.559 0.088 0.559 0.583 0.000000
197.291667 198.291667 99999.99 0.999 99.99 0.999 9.999 0.999000 9.99 0.999000 0.031 0.000000  1.875 0.000  2.625 0.000  32.271 0.000 999.999 0.999 999.999 0.999 9.999 0.999 0.391 0.000000
200.291667 201.291667   200.67 0.559  0.54 0.559 9.999 0.559259 0.13 0.559000 0.033 0.000000  3.482 0.000  4.874 0.000  18.341 0.000  10.452 0.000   7.890 0.559 0.059 0.559 0.390 0.000000
203.291667 204.291667 99999.99 0.999 99.99 0.999 9.999 0.999000 9.99 0.999000 0.046 0.559000  1.650 0.000  2.310 0.000  17.243 0.000 999.999 0.999 999.999 0.999 9.999 0.999 0.339 0.559000
206.291667 207.291667   340.22 0.559  0.59 0.559 0.051 0.559000 0.29 0.559000 0.044 0.559000  1.262 0.000  1.767 0.000  16.503 0.000   8.686 0.000   7.817 0.559 0.095 0.559 0.379 0.559000
209.291667 210.291667   133.33 0.559  0.18 0.559 9.999 0.559259 0.08 0.559000 0.044 0.559000  1.708 0.000  2.390 0.000   9.615 0.000   3.219 0.000   6.396 0.559 0.047 0.559 0.253 0.559000
212.291667 213.291667    87.39 0.559  0.39 0.559 9.999 0.559259 0.11 0.559000 0.071 0.559000  1.150 0.000  1.610 0.000   5.958 0.000   1.719 0.000   4.240 0.559 0.036 0.559 0.279 0.559000
215.291667 216.291667   142.12 0.559  0.61 0.559 0.029 0.559000 0.08 0.559000 0.023 0.559000  0.904 0.000  1.265 0.000   8.578 0.000   4.215 0.000   4.363 0.559 0.040 0.559 0.310 0.559000
218.291667 219.291667   285.75 0.559  0.94 0.559 9.999 0.559259 0.08 0.559000 0.036 0.559000  1.158 0.000  1.621 0.000  12.949 0.000   6.223 0.000   6.726 0.559 0.068 0.559 0.334 0.559000
221.291667 222.291667   543.49 0.559  1.05 0.559 9.999 0.559259 0.11 0.559000 0.030 0.559000  1.275 0.000  1.785 0.000  33.987 0.000  24.279 0.000   9.708 0.559 0.090 0.559 0.295 0.559000
224.291667 225.291667   220.35 0.559  0.54 0.559 9.999 0.559259 0.08 0.559000 0.022 0.559000  1.240 0.000  1.736 0.000  13.194 0.000   6.904 0.000   6.290 0.559 0.072 0.559 0.366 0.559000
227.291667 228.291667    35.83 0.559  0.40 0.559 9.999 0.559259 9.99 0.559259 0.018 0.559000  1.402 0.000  1.962 0.000   5.876 0.000   1.454 0.000   4.423 0.559 0.023 0.559 0.337 0.559000
230.291667 231.291667   117.46 0.559  0.42 0.559 9.999 0.559259 0.06 0.559000 0.032 0.559000  1.189 0.000  1.665 0.000  11.382 0.000   5.928 0.000   5.454 0.559 0.057 0.559 0.384 0.559000
233.291667 234.291667    83.31 0.559  0.50 0.559 9.999 0.559259 0.10 0.559000 0.017 0.559000  0.998 0.000  1.397 0.000   6.413 0.000   2.596 0.000   3.818 0.559 0.030 0.559 0.268 0.559000
236.291667 237.291667    74.62 0.559  0.25 0.559 9.999 0.559259 9.99 0.559259 0.016 0.559000  1.698 0.000  2.377 0.000   7.516 0.000   3.408 0.000   4.109 0.559 0.021 0.559 0.202 0.559000
239.291667 240.291667    71.85 0.559  0.29 0.559 9.999 0.559259 0.12 0.559000 0.023 0.559000  1.341 0.000  1.878 0.000   5.260 0.000   1.224 0.000   4.036 0.559 0.026 0.559 0.170 0.559000
242.291667 243.291667   128.42 0.559  0.39 0.559 9.999 0.559259 0.09 0.559000 0.020 0.559000  1.338 0.000  1.873 0.000   9.273 0.000   4.401 0.000   4.872 0.559 0.031 0.559 0.265 0.559000
245.291667 246.291667    60.74 0.559  0.29 0.559 9.999 0.559259 9.99 0.559259 0.010 0.559000  1.058 0.000  1.481 0.000   5.351 0.000   2.297 0.000   3.054 0.559 0.018 0.559 0.159 0.559000
248.291667 249.291667    46.52 0.559  0.30 0.559 9.999 0.559259 0.05 0.559000 0.015 0.559000  1.157 0.000  1.620 0.000   6.082 0.000   2.646 0.000   3.436 0.559 0.022 0.559 0.196 0.559000
251.291667 252.291667    27.51 0.559  0.38 0.559 9.999 0.559259 0.14 0.559000 0.075 0.559000  0.509 0.000  0.712 0.000   5.095 0.000   2.537 0.000   2.558 0.559 0.025 0.559 0.246 0.559000
254.291667 255.291667   116.03 0.559  0.27 0.559 9.999 0.559259 9.99 0.559259 0.008 0.559000  0.878 0.000  1.229 0.000   7.150 0.000   4.409 0.000   2.741 0.559 0.018 0.559 0.060 0.559000
