scripts/IMPROVE-2019_partial/data/US9014R.20060102070000.20191216000000.filterpack..pm25.52w.1w.US03L_filterpack_US9014.US03L_IMPROVE_Davis.lev2.nas
64 1001
MISSING INFORMATION
US03L, IMPROVE, , , , , , , 
MISSING INFORMATION
IMPROVE sel_HTAP
1 1
2006 01 01 2019 12 16
3.000000
days from file reference point
25
1 1 1 1 1 1 1 1 1 1 1 1 1 1 1 1 1 1 1 1 1 1 1 1 1
999.999999 9999.99 9.999 99.99 9.999 9.999 9.999 9.99 9.999 99.999 9.999 99.999 9.999 999.999 9.999 999.999 9.999 999.999 9.999 999.999 9.999 9.999 9.999 99.999 9.999
end_time of measurement, days from the file reference point
iron, ng/m3, Revision date=20181210133000
numflag iron, no unit, Revision date=20181210133000
lead, ng/m3, Revision date=20181210133000
numflag lead, no unit, Revision date=20181210133000
magnesium, ug/m3, Revision date=20181210133000
numflag magnesium, no unit, Revision date=20181210133000
nickel, ng/m3, Revision date=20181210133000
numflag nickel, no unit, Revision date=20181210133000
nitrate, ug N/m3, Revision date=20181210133000
numflag nitrate, no unit, Revision date=20181210133000
organic_carbon, ug C/m3, Revision date=20181210133000
numflag organic_carbon, no unit, Revision date=20181210133000
organic_mass, ug/m3, Revision date=20181210133000
numflag organic_mass, no unit, Revision date=20181210133000
pm10_mass, ug/m3, Version=2, Version description=Data extracted from http://views.cira.colostate.edu/fed/DataWizard 2019-12-16, Sample duration=1d, Orig. time res.=3d, Matrix=pm10, Blank correction=Blank corrected, Volume std. temperature=ambient, Volume std. pressure=ambient
numflag pm10_mass, no unit, Version=2, Version description=Data extracted from http://views.cira.colostate.edu/fed/DataWizard 2019-12-16, Sample duration=1d, Orig. time res.=3d, Matrix=pm10, Blank correction=Blank corrected, Volume std. temperature=ambient, Volume std. pressure=ambient
pm10_pm25_mass, ug/m3, Revision date=20181210133000, Matrix=pm10_pm25
numflag pm10_pm25_mass, no unit, Revision date=20181210133000, Matrix=pm10_pm25
pm25_mass, ug/m3, Version=2, Version description=Data extracted from http://views.cira.colostate.edu/fed/DataWizard 2019-12-16, Sample duration=1d, Orig. time res.=3d, Blank correction=Blank corrected, Volume std. temperature=ambient, Volume std. pressure=ambient
numflag pm25_mass, no unit, Version=2, Version description=Data extracted from http://views.cira.colostate.edu/fed/DataWizard 2019-12-16, Sample duration=1d, Orig. time res.=3d, Blank correction=Blank corrected, Volume std. temperature=ambient, Volume std. pressure=ambient
potassium, ug/m3, Revision date=20181210133000
numflag potassium, no unit, Revision date=20181210133000
sulphate_total, ug S/m3, Revision date=20181210133000
numflag sulphate_total, no unit, Revision date=20181210133000
0
25
Data definition:              EBAS_1.1
Set type code:                TU
Timezone:                     UTC
File name:                    US9014R.20060102070000.20191216000000.filterpack..pm25.52w.1w.US03L_filterpack_US9014.US03L_IMPROVE_Davis.lev2.nas
File creation:                20191218120608
Startdate:                    20060102070000
Revision date:                20191216000000
Statistics:                   arithmetic mean
Data level:                   2
Period code:                  52w
Resolution code:              1w
Station code:                 US9014R
Platform code:                US9014S
Station name:                 Medicine Lake
Station latitude:             48.4871
Station longitude:            -104.4757
Station altitude:             606.0 m
Regime:                       IMG
Component:                    
Matrix:                       pm25
Laboratory code:              US03L
Instrument type:              filterpack
Instrument name:              filterpack_US9014
Method ref:                   US03L_IMPROVE_Davis
starttime endtime Fe flag_Fe Pb flag_Pb Mg++ flag_Mg++ Ni flag_Ni NO3- flag_NO3- OC flag_OC OM flag_OM PM10 flag_PM10 PM10-PM2.5 flag_PM10-PM2.5 PM2.5 flag_PM2.5 K+ flag_K+ SO4-- flag_SO4--
[from data line 90]
271.291667 272.291667   17.02 0.000  0.30 0.000 0.010 0.000 9.99 0.259  0.009 0.559  0.727 0.000   1.309 0.000   7.248 0.000   4.978 0.000   2.270 0.000 0.017 0.000  0.113 0.559
274.291667 275.291667   17.40 0.000  0.29 0.000 0.012 0.000 9.99 0.259  0.032 0.559  0.525 0.000   0.945 0.000   8.352 0.000   6.273 0.000   2.079 0.000 0.076 0.000  0.103 0.559
277.291667 278.291667   17.41 0.000  0.37 0.000 9.999 0.259 9.99 0.259  0.057 0.559  0.723 0.000   1.301 0.000   8.467 0.000   5.693 0.000   2.774 0.000 0.024 0.000  0.208 0.559
280.291667 281.291667    7.01 0.000  0.26 0.000 0.007 0.000 9.99 0.259  0.012 0.000  0.137 0.000   0.247 0.000   2.714 0.000   0.929 0.000   1.785 0.000 0.006 0.000  0.214 0.000
283.291667 284.291667    6.34 0.000  0.35 0.000 9.999 0.259 9.99 0.259  0.008 0.000  0.104 0.000   0.187 0.000   3.523 0.000   2.799 0.000   0.724 0.000 0.018 0.000  0.047 0.000
286.291667 287.291667   19.63 0.000  0.33 0.000 9.999 0.259 9.99 0.259  0.023 0.000  0.239 0.000   0.430 0.000   5.130 0.000   3.502 0.000   1.628 0.000 0.019 0.000  0.085 0.000
289.291667 290.291667    2.63 0.000  0.28 0.000 9.999 0.259 9.99 0.259  0.019 0.000  0.160 0.000   0.288 0.000   2.218 0.000   0.759 0.000   1.459 0.000 0.011 0.000  0.201 0.000
292.291667 293.291667   11.21 0.000  0.59 0.000 9.999 0.259 0.09 0.000  0.150 0.000  0.513 0.000   0.923 0.000   7.460 0.000   3.308 0.000   4.152 0.000 0.038 0.000  0.573 0.000
295.291667 296.291667   15.56 0.000  0.84 0.000 9.999 0.259 9.99 0.259  0.055 0.000  0.237 0.000   0.427 0.000   6.235 0.000   3.043 0.000   3.193 0.000 0.019 0.000  0.444 0.000
298.291667 299.291667   11.68 0.000  0.52 0.000 9.999 0.259 9.99 0.259  0.054 0.000  0.701 0.000   1.262 0.000   5.276 0.000   2.773 0.000   2.502 0.000 0.024 0.000  0.128 0.000
301.291667 302.291667   25.11 0.000  0.39 0.000 0.015 0.000 9.99 0.259  0.122 0.000  0.978 0.000   1.760 0.000  10.865 0.000   7.534 0.000   3.331 0.000 0.097 0.000  0.159 0.000
304.291667 305.291667    9.05 0.000  0.23 0.000 9.999 0.259 9.99 0.259  0.052 0.000  0.110 0.000   0.197 0.000   3.727 0.000   2.050 0.000   1.677 0.000 0.011 0.000  0.206 0.000
307.291667 308.291667   34.04 0.000  1.36 0.000 9.999 0.259 9.99 0.259  0.124 0.000  0.761 0.000   1.370 0.000   6.838 0.000   4.304 0.000   2.534 0.000 0.028 0.000  0.120 0.000
310.291667 311.291667    5.09 0.000  0.29 0.000 9.999 0.259 9.99 0.259  0.011 0.000  0.273 0.000   0.491 0.000   3.195 0.000   2.660 0.000   0.535 0.000 0.004 0.000  0.010 0.000
313.291667 314.291667   18.35 0.000  0.58 0.000 9.999 0.259 9.99 0.259  0.355 0.000  0.541 0.000   0.974 0.000   8.722 0.000   4.125 0.000   4.597 0.000 0.054 0.000  0.584 0.000
316.291667 317.291667   22.32 0.000  0.76 0.000 9.999 0.259 9.99 0.259  0.008 0.000  0.257 0.000   0.462 0.000   6.945 0.000   5.193 0.000   1.752 0.000 0.015 0.000  0.183 0.000
319.291667 320.291667   21.80 0.000  1.25 0.000 0.013 0.000 9.99 0.259  0.017 0.000  0.467 0.000   0.841 0.000   5.921 0.000   3.765 0.000   2.156 0.000 0.026 0.000  0.169 0.000
322.291667 323.291667   31.92 0.000  0.53 0.000 9.999 0.259 9.99 0.259  0.034 0.000  0.390 0.000   0.702 0.000   6.223 0.000   3.824 0.000   2.400 0.000 0.022 0.000  0.100 0.000
325.291667 326.291667   26.21 0.000  0.45 0.000 0.009 0.000 9.99 0.259  0.166 0.000  0.352 0.000   0.634 0.000   8.868 0.000   6.420 0.000   2.448 0.000 0.021 0.000  0.197 0.000
328.291667 329.291667    9.36 0.000  0.34 0.000 9.999 0.259 9.99 0.259  0.134 0.000  0.724 0.000   1.303 0.000   6.174 0.000   3.497 0.000   2.677 0.000 0.036 0.000  0.162 0.000
331.291667 332.291667   26.86 0.000  1.15 0.000 0.016 0.000 0.16 0.000  0.130 0.000  0.631 0.000   1.136 0.000  27.804 0.000  24.822 0.000   2.982 0.000 0.034 0.000  0.185 0.000
334.291667 335.291667   37.22 0.000  0.15 0.000 0.010 0.000 0.11 0.000  0.081 0.000  0.837 0.000   1.506 0.000  22.087 0.000  18.875 0.000   3.212 0.000 0.040 0.000  0.201 0.000
337.291667 338.291667   17.60 0.000  1.06 0.000 0.010 0.000 0.12 0.000  0.149 0.000  0.587 0.000   1.057 0.000  11.224 0.000   7.873 0.000   3.351 0.000 0.035 0.000  0.352 0.000
340.291667 341.291667   20.08 0.000  0.59 0.000 9.999 0.259 9.99 0.259  0.204 0.000  0.452 0.000   0.813 0.000   9.092 0.000   6.600 0.000   2.492 0.000 0.015 0.000  0.175 0.000
343.291667 344.291667   10.73 0.000  1.06 0.000 9.999 0.259 9.99 0.259  0.843 0.000  0.772 0.000   1.390 0.000   8.094 0.000   2.734 0.000   5.360 0.000 0.068 0.000  0.147 0.000
346.291667 347.291667   15.10 0.000  0.15 0.000 9.999 0.259 9.99 0.259  0.011 0.000  0.027 0.000   0.048 0.000   3.440 0.000   2.418 0.000   1.022 0.000 0.007 0.000  0.025 0.000
349.291667 350.291667   14.27 0.000  0.15 0.000 9.999 0.259 9.99 0.259  0.085 0.000  0.445 0.000   0.800 0.000   9.327 0.000   7.003 0.000   2.324 0.000 0.026 0.000  0.182 0.000
352.291667 353.291667   14.31 0.000  0.13 0.000 9.999 0.259 9.99 0.259  0.009 0.000  0.136 0.000   0.245 0.000   4.261 0.000   3.156 0.000   1.105 0.000 0.009 0.000  0.030 0.000
355.291667 356.291667   21.28 0.000  0.34 0.000 9.999 0.259 9.99 0.259  0.021 0.000  0.192 0.000   0.346 0.000   6.124 0.000   4.849 0.000   1.275 0.000 0.011 0.000  0.042 0.000
358.291667 359.291667   14.24 0.000  0.26 0.000 9.999 0.259 9.99 0.259  0.010 0.000  0.156 0.000   0.280 0.000   3.549 0.000   2.690 0.000   0.860 0.000 0.007 0.000  0.036 0.000
361.291667 362.291667   10.65 0.000  0.18 0.000 9.999 0.259 9.99 0.259  0.699 0.000  0.529 0.000   0.952 0.000   7.883 0.000   4.263 0.000   3.620 0.000 0.049 0.000  0.146 0.000
364.291667 365.291667    9.62 0.000  2.63 0.000 0.010 0.000 9.99 0.259  0.431 0.000  0.414 0.000   0.745 0.000   4.280 0.000   1.146 0.000   3.134 0.000 0.015 0.000  0.153 0.000
