scripts/IMPROVE-2019_partial/data/US9020R.20120101080000.20191216000000.filterpack...52w.3d.US03L_filterpack_US9020.US03L_IMPROVE_Davis.lev2.nas
52 1001
MISSING INFORMATION
US03L, IMPROVE, , , , , , , 
MISSING INFORMATION
IMPROVE sel_HTAP
1 1
2012 01 01 2019 12 16
3.000000
days from file reference point
5
1 1 1 1 1
999.999999 9999.999 9.999 999.999 9.999
end_time of measurement, days from the file reference point
pm10_mass, ug/m3, Matrix=pm10
numflag pm10_mass, no unit, Matrix=pm10
pm25_mass, ug/m3, Matrix=pm25
numflag pm25_mass, no unit, Matrix=pm25
0
33
Data definition:              EBAS_1.1
Set type code:                TU
Timezone:                     UTC
File name:                    US9020R.20120101080000.20191216000000.filterpack...52w.3d.US03L_filterpack_US9020.US03L_IMPROVE_Davis.lev2.nas
File creation:                20191218120628
Startdate:                    20120101080000
Revision date:                20191216000000
Version:                      2
Version description:          "Data extracted from http://views.cira.colostate.edu/fed/DataWizard 2019-12-16"
Statistics:                   arithmetic mean
Data level:                   2
Period code:                  52w
Resolution code:              3d
Sample duration:              1d
Orig. time res.:              3d
Station code:                 US9020R
Platform code:                US9020S
Station name:                 Mount Hood
Station latitude:             45.2888
Station longitude:            -121.7837
Station altitude:             1531.0 m
Regime:                       IMG
Component:                    
Unit:                         ug/m3
Matrix:                       
Laboratory code:              US03L
Instrument type:              filterpack
Instrument name:              filterpack_US9020
Method ref:                   US03L_IMPROVE_Davis
Blank correction:             Blank corrected
Volume std. temperature:      ambient
Volume std. pressure:         ambient
starttime endtime PM10 flag_PM10 PM2.5 flag_PM2.5
  0.333333   1.333333    1.707 0.000   1.164 0.000
  3.333333   4.333333    0.845 0.000   0.790 0.000
  6.333333   7.333333    0.445 0.000   0.267 0.000
  9.333333  10.333333    1.218 0.000   1.960 0.000
 12.333333  13.333333    1.009 0.000   0.657 0.000
 15.333333  16.333333    0.491 0.000   0.267 0.000
 18.333333  19.333333 9999.999 0.259   0.169 0.000
 21.333333  22.333333    0.763 0.000   0.413 0.000
 24.333333  25.333333    4.180 0.000   3.490 0.000
 27.333333  28.333333    2.348 0.000   1.389 0.000
 30.333333  31.333333    0.848 0.000   0.532 0.000
 33.333333  34.333333    1.743 0.000   1.300 0.000
 36.333333  37.333333    2.463 0.000   2.381 0.000
 39.333333  40.333333    1.860 0.000   0.493 0.000
 42.333333  43.333333    1.632 0.000   0.761 0.000
 45.333333  46.333333    0.728 0.000   0.431 0.000
 48.333333  49.333333    0.888 0.000   0.368 0.000
 51.333333  52.333333    0.040 0.000   0.099 0.000
 54.333333  55.333333    0.808 0.000   0.634 0.000
 57.333333  58.333333    1.136 0.000   0.975 0.000
 60.333333  61.333333    0.283 0.000   0.267 0.000
 63.333333  64.333333    5.183 0.000   1.965 0.000
 66.333333  67.333333    2.207 0.000   1.544 0.000
 69.333333  70.333333    1.325 0.000   0.883 0.000
 72.333333  73.333333 9999.999 0.456   0.819 0.000
 75.333333  76.333333 9999.999 0.456   0.819 0.000
 78.333333  79.333333 9999.999 0.456   0.505 0.000
 81.333333  82.333333 9999.999 0.999 999.999 0.999
 84.333333  85.333333    3.327 0.000   2.198 0.000
 87.333333  88.333333 9999.999 0.456   0.955 0.000
 90.333333  91.333333 9999.999 0.456   0.233 0.000
 93.333333  94.333333 9999.999 0.456  18.041 0.000
 96.333333  97.333333 9999.999 0.999 999.999 0.999
 99.333333 100.333333 9999.999 0.999 999.999 0.999
102.333333 103.333333    2.022 0.000   0.726 0.000
105.333333 106.333333    3.940 0.000   2.476 0.000
108.333333 109.333333    1.885 0.000   1.140 0.000
111.333333 112.333333    6.351 0.000   4.101 0.000
114.333333 115.333333    2.116 0.000   1.708 0.000
117.333333 118.333333    0.684 0.000   0.268 0.000
120.333333 121.333333    0.641 0.000   0.612 0.000
123.333333 124.333333    0.281 0.000   0.270 0.000
126.333333 127.333333    6.662 0.000   4.325 0.000
129.333333 130.333333    4.469 0.000   2.821 0.000
132.333333 133.333333    8.071 0.000   4.331 0.000
135.333333 136.333333   11.695 0.000   8.117 0.000
138.333333 139.333333    5.564 0.000   3.164 0.000
141.333333 142.333333    2.785 0.000   2.276 0.000
144.333333 145.333333    0.279 0.000   0.339 0.000
147.333333 148.333333    1.916 0.000   1.847 0.000
150.333333 151.333333 9999.999 0.999 999.999 0.999
153.333333 154.333333    0.917 0.000   0.836 0.000
156.333333 157.333333    0.361 0.000   0.372 0.000
159.333333 160.333333    0.759 0.000   0.508 0.000
162.333333 163.333333    3.083 0.000   2.248 0.000
165.333333 166.333333    2.266 0.000   1.492 0.000
168.333333 169.333333    1.044 0.000   0.648 0.000
171.333333 172.333333    2.995 0.000   1.650 0.000
174.333333 175.333333    0.594 0.000   0.409 0.000
177.333333 178.333333    0.438 0.000   0.406 0.000
180.333333 181.333333    3.849 0.000   3.394 0.000
183.333333 184.333333    2.249 0.000   1.956 0.000
186.333333 187.333333    3.855 0.000   3.325 0.000
189.333333 190.333333   14.734 0.000   7.626 0.000
192.333333 193.333333    7.815 0.000   4.683 0.000
195.333333 196.333333    8.014 0.000   6.266 0.000
198.333333 199.333333    5.313 0.000   3.742 0.000
201.333333 202.333333    2.060 0.000   1.662 0.000
204.333333 205.333333    1.694 0.000   1.272 0.000
207.333333 208.333333   10.925 0.000   7.991 0.000
210.333333 211.333333    3.914 0.000   3.131 0.000
213.333333 214.333333    2.186 0.000   2.182 0.000
216.333333 217.333333   39.625 0.000   5.030 0.000
219.333333 220.333333   15.083 0.000   9.225 0.000
222.333333 223.333333    8.130 0.000   3.688 0.000
225.333333 226.333333   11.325 0.000   7.815 0.000
228.333333 229.333333   13.367 0.000   5.211 0.000
231.333333 232.333333    6.286 0.000   4.463 0.000
234.333333 235.333333    3.775 0.000   2.116 0.000
237.333333 238.333333   39.010 0.000   7.843 0.000
240.333333 241.333333    9.459 0.000   3.415 0.000
243.333333 244.333333    4.979 0.000   2.534 0.000
246.333333 247.333333    3.153 0.000   1.389 0.000
249.333333 250.333333   36.256 0.000   5.879 0.000
252.333333 253.333333    5.635 0.000   2.396 0.000
255.333333 256.333333   37.151 0.000  14.109 0.000
258.333333 259.333333   21.370 0.000  11.426 0.000
261.333333 262.333333   18.628 0.000  11.656 0.000
264.333333 265.333333   24.911 0.000  16.552 0.000
267.333333 268.333333   23.650 0.000  18.276 0.000
270.333333 271.333333   23.778 0.000  14.644 0.000
273.333333 274.333333    5.846 0.000   3.730 0.000
276.333333 277.333333  157.147 0.000  30.428 0.000
279.333333 280.333333   39.589 0.000   8.035 0.000
282.333333 283.333333   40.597 0.000  14.003 0.000
285.333333 286.333333   12.074 0.000   5.130 0.000
288.333333 289.333333    2.973 0.000   0.510 0.000
291.333333 292.333333    3.524 0.000   3.472 0.000
294.333333 295.333333    0.814 0.000   0.690 0.000
297.333333 298.333333    1.200 0.000   1.215 0.000
300.333333 301.333333    1.191 0.000   1.203 0.000
303.333333 304.333333    4.093 0.000   3.505 0.000
306.333333 307.333333    2.094 0.000   1.587 0.000
309.333333 310.333333    1.304 0.000   0.768 0.000
312.333333 313.333333    5.961 0.000   3.519 0.000
315.333333 316.333333    2.236 0.000   1.332 0.000
318.333333 319.333333    0.660 0.000   0.600 0.000
321.333333 322.333333    1.613 0.000   1.400 0.000
324.333333 325.333333    0.124 0.000   0.214 0.000
327.333333 328.333333    0.620 0.000   0.449 0.000
330.333333 331.333333    1.758 0.000   1.463 0.000
333.333333 334.333333    1.079 0.000   0.825 0.000
336.333333 337.333333    0.208 0.000   0.153 0.000
339.333333 340.333333    2.477 0.000   1.427 0.000
342.333333 343.333333    0.208 0.000 999.999 0.456
345.333333 346.333333    0.373 0.000   0.304 0.000
348.333333 349.333333    0.498 0.000   0.305 0.000
351.333333 352.333333    0.913 0.000   0.398 0.000
354.333333 355.333333    0.456 0.000   0.246 0.000
357.333333 358.333333    0.124 0.000   0.122 0.000
360.333333 361.333333 9999.999 0.999 999.999 0.999
363.333333 364.333333    0.334 0.000   0.213 0.000
