scripts/IMPROVE-2019_partial/data/US9034R.20070103060000.20191216000000.filterpack...1y.3d.US03L_filterpack_US9034.US03L_IMPROVE_Davis.lev2.nas
52 1001
MISSING INFORMATION
US03L, IMPROVE, , , , , , , 
MISSING INFORMATION
IMPROVE sel_HTAP
1 1
2007 01 01 2019 12 16
3.00
days from file reference point
5
1 1 1 1 1
999.99 999.999 9.999 999.999 9.999
end_time of measurement, days from the file reference point
pm10_mass, ug/m3, Matrix=pm10
numflag pm10_mass, no unit, Matrix=pm10
pm25_mass, ug/m3, Matrix=pm25
numflag pm25_mass, no unit, Matrix=pm25
0
33
Data definition:              EBAS_1.1
Set type code:                TU
Timezone:                     UTC
File name:                    US9034R.20070103060000.20191216000000.filterpack...1y.3d.US03L_filterpack_US9034.US03L_IMPROVE_Davis.lev2.nas
File creation:                20191218120734
Startdate:                    20070103060000
Revision date:                20191216000000
Version:                      2
Version description:          "Data extracted from http://views.cira.colostate.edu/fed/DataWizard 2019-12-16"
Statistics:                   arithmetic mean
Data level:                   2
Period code:                  1y
Resolution code:              3d
Sample duration:              1d
Orig. time res.:              3d
Station code:                 US9034R
Platform code:                US9034S
Station name:                 Upper Buffalo Wilderness
Station latitude:             35.8258
Station longitude:            -93.203
Station altitude:             722.0 m
Regime:                       IMG
Component:                    
Unit:                         ug/m3
Matrix:                       
Laboratory code:              US03L
Instrument type:              filterpack
Instrument name:              filterpack_US9034
Method ref:                   US03L_IMPROVE_Davis
Blank correction:             Blank corrected
Volume std. temperature:      ambient
Volume std. pressure:         ambient
starttime endtime PM10 flag_PM10 PM2.5 flag_PM2.5
  2.25   3.25   8.252 0.000   5.947 0.659
  5.25   6.25   5.098 0.000   3.564 0.659
  8.25   9.25 999.999 0.999 999.999 0.999
 11.25  12.25   5.361 0.000   2.662 0.659
 14.25  15.25   5.992 0.000   4.905 0.659
 17.25  18.25   8.253 0.000   8.245 0.659
 20.25  21.25   3.183 0.000   2.759 0.659
 23.25  24.25   7.838 0.000   5.083 0.659
 26.25  27.25   7.453 0.000   4.911 0.659
 29.25  30.25   8.524 0.000   2.852 0.659
 32.25  33.25  14.019 0.000   7.888 0.659
 35.25  36.25   9.809 0.000   5.082 0.659
 38.25  39.25  15.221 0.000   6.879 0.000
 41.25  42.25  26.733 0.000  16.886 0.000
 44.25  45.25  11.727 0.000   5.792 0.659
 47.25  48.25  10.123 0.000   6.041 0.659
 50.25  51.25  17.640 0.000   7.158 0.000
 53.25  54.25  12.762 0.000   4.907 0.000
 56.25  57.25   6.014 0.000   3.409 0.000
 59.25  60.25  15.408 0.000   7.823 0.000
 62.25  63.25   8.850 0.000   2.932 0.659
 65.25  66.25  26.741 0.000  13.194 0.000
 68.25  69.25  16.011 0.000  13.104 0.000
 71.25  72.25  14.644 0.000  10.435 0.000
 74.25  75.25   7.332 0.000   4.080 0.659
 77.25  78.25  16.473 0.000  11.969 0.000
 80.25  81.25  45.377 0.000  34.747 0.000
 83.25  84.25  28.003 0.000  20.136 0.000
 86.25  87.25  11.611 0.000   6.122 0.000
 89.25  90.25   9.492 0.000   4.877 0.000
 92.25  93.25  17.744 0.000  11.453 0.000
 95.25  96.25  16.961 0.000   8.890 0.659
 98.25  99.25  13.794 0.000   5.973 0.000
101.25 102.25  11.100 0.000   6.234 0.000
104.25 105.25  10.916 0.000   7.719 0.659
107.25 108.25  22.524 0.000   6.738 0.000
110.25 111.25  26.892 0.000  14.435 0.000
113.25 114.25  14.172 0.000  10.430 0.000
116.25 117.25  10.651 0.000   4.757 0.000
119.25 120.25  18.292 0.000   9.489 0.000
122.25 123.25  12.618 0.000   7.025 0.000
125.25 126.25  14.246 0.000   7.654 0.000
128.25 129.25  18.247 0.000   9.131 0.000
131.25 132.25  19.038 0.000   9.584 0.000
134.25 135.25  24.191 0.000   9.868 0.000
137.25 138.25  18.095 0.000   4.231 0.000
140.25 141.25  25.578 0.000  14.036 0.000
143.25 144.25  29.845 0.000   9.493 0.000
146.25 147.25  30.901 0.000  16.242 0.000
149.25 150.25  20.653 0.000   9.916 0.000
152.25 153.25  21.523 0.000  16.269 0.000
155.25 156.25  22.040 0.000   9.228 0.000
158.25 159.25  18.636 0.000   7.982 0.000
161.25 162.25  19.273 0.000  13.480 0.000
164.25 165.25  34.645 0.000  24.461 0.000
167.25 168.25  17.384 0.000  12.807 0.000
170.25 171.25  11.858 0.000   6.729 0.000
173.25 174.25  14.960 0.000   9.182 0.000
176.25 177.25  18.268 0.000   9.480 0.000
179.25 180.25  22.407 0.000  15.114 0.000
182.25 183.25  14.425 0.000   9.716 0.000
185.25 186.25  14.768 0.000   7.987 0.000
188.25 189.25  19.540 0.000  15.171 0.000
191.25 192.25  21.594 0.000   6.017 0.000
194.25 195.25  10.483 0.000   4.160 0.000
197.25 198.25  11.640 0.000   6.929 0.000
200.25 201.25  14.934 0.000   8.364 0.000
203.25 204.25  18.839 0.000  11.252 0.000
206.25 207.25  36.767 0.000  23.180 0.000
209.25 210.25  13.306 0.000   8.433 0.000
212.25 213.25  39.077 0.000  32.688 0.000
215.25 216.25  23.986 0.000  15.816 0.000
218.25 219.25  22.855 0.000  10.278 0.000
221.25 222.25  33.748 0.000  15.008 0.000
224.25 225.25  22.476 0.000  10.693 0.000
227.25 228.25  34.260 0.000  21.236 0.000
230.25 231.25  16.207 0.000   9.854 0.000
233.25 234.25  14.577 0.000   7.683 0.000
236.25 237.25   6.744 0.000   3.946 0.000
239.25 240.25  20.472 0.000  12.167 0.000
242.25 243.25  14.485 0.000   7.779 0.000
245.25 246.25  30.324 0.000  23.136 0.000
248.25 249.25   8.027 0.000   5.735 0.000
251.25 252.25   4.537 0.000   2.808 0.000
254.25 255.25   9.008 0.000   3.661 0.000
257.25 258.25  12.748 0.000   2.994 0.000
260.25 261.25  23.626 0.000  16.004 0.000
263.25 264.25  29.109 0.000  19.605 0.000
266.25 267.25  14.686 0.000   9.971 0.000
269.25 270.25   8.969 0.000   5.431 0.000
272.25 273.25  19.790 0.000  13.449 0.000
275.25 276.25   6.327 0.000   4.335 0.000
278.25 279.25  11.968 0.000   7.593 0.000
281.25 282.25   6.166 0.000   3.456 0.000
284.25 285.25   9.575 0.000   2.959 0.000
287.25 288.25   6.675 0.000   4.376 0.000
290.25 291.25   9.981 0.000   5.300 0.000
293.25 294.25  14.726 0.000   6.404 0.000
296.25 297.25   9.477 0.000   2.419 0.000
299.25 300.25   9.529 0.000   6.560 0.000
302.25 303.25  11.614 0.000   7.322 0.000
305.25 306.25  16.563 0.000   6.147 0.000
308.25 309.25  24.297 0.000  12.943 0.000
311.25 312.25  22.411 0.000   7.762 0.000
314.25 315.25  19.057 0.000  12.215 0.000
317.25 318.25  14.764 0.000   6.517 0.000
320.25 321.25  76.591 0.000   6.872 0.000
323.25 324.25  11.851 0.000   8.870 0.000
326.25 327.25   7.527 0.000   5.223 0.000
329.25 330.25   5.183 0.000   4.638 0.000
332.25 333.25   8.305 0.000   2.563 0.000
335.25 336.25  10.743 0.000   8.186 0.000
338.25 339.25  13.059 0.000   7.955 0.000
341.25 342.25   7.382 0.000   6.213 0.000
344.25 345.25   1.197 0.000   0.756 0.000
347.25 348.25   6.759 0.000   5.549 0.000
350.25 351.25   4.860 0.000   3.067 0.000
353.25 354.25   6.467 0.000   4.499 0.000
356.25 357.25   4.730 0.000   2.989 0.000
359.25 360.25 999.999 0.999 999.999 0.999
362.25 363.25   8.581 0.000   7.172 0.000
