scripts/IMPROVE-2019_partial/data/US9024R.20050101080000.20191216000000.filterpack..pm25.52w.1w.US03L_filterpack_US9024.US03L_IMPROVE_Davis.lev2.nas
66 1001
MISSING INFORMATION
US03L, IMPROVE, , , , , , , 
MISSING INFORMATION
IMPROVE sel_HTAP
1 1
2005 01 01 2019 12 16
3.000000
days from file reference point
27
1 1 1 1 1 1 1 1 1 1 1 1 1 1 1 1 1 1 1 1 1 1 1 1 1 1 1
999.999999 999.99 9.999 99.99 9.999 9.999 9.999999 99.99 9.999 9.999 9.999 99.999 9.999 99.999 9.999 99.99 9.999999 999.999 9.999 99.999 9.999 99.999 9.999 9.999 9.999 9.999 9.999
end_time of measurement, days from the file reference point
iron, ng/m3, Revision date=20181210133000
numflag iron, no unit, Revision date=20181210133000
lead, ng/m3, Revision date=20181210133000
numflag lead, no unit, Revision date=20181210133000
magnesium, ug/m3, Revision date=20181210133000
numflag magnesium, no unit, Revision date=20181210133000
nickel, ng/m3, Revision date=20181210133000
numflag nickel, no unit, Revision date=20181210133000
nitrate, ug N/m3, Revision date=20181210133000
numflag nitrate, no unit, Revision date=20181210133000
organic_carbon, ug C/m3, Revision date=20181210133000
numflag organic_carbon, no unit, Revision date=20181210133000
organic_mass, ug/m3, Revision date=20181210133000
numflag organic_mass, no unit, Revision date=20181210133000
phosphorus, ng/m3, Revision date=20181210133000
numflag phosphorus, no unit, Revision date=20181210133000
pm10_mass, ug/m3, Version=2, Version description=Data extracted from http://views.cira.colostate.edu/fed/DataWizard 2019-12-16, Sample duration=1d, Orig. time res.=3d, Matrix=pm10, Blank correction=Blank corrected, Volume std. temperature=ambient, Volume std. pressure=ambient
numflag pm10_mass, no unit, Version=2, Version description=Data extracted from http://views.cira.colostate.edu/fed/DataWizard 2019-12-16, Sample duration=1d, Orig. time res.=3d, Matrix=pm10, Blank correction=Blank corrected, Volume std. temperature=ambient, Volume std. pressure=ambient
pm10_pm25_mass, ug/m3, Revision date=20181210133000, Matrix=pm10_pm25
numflag pm10_pm25_mass, no unit, Revision date=20181210133000, Matrix=pm10_pm25
pm25_mass, ug/m3, Version=2, Version description=Data extracted from http://views.cira.colostate.edu/fed/DataWizard 2019-12-16, Sample duration=1d, Orig. time res.=3d, Blank correction=Blank corrected, Volume std. temperature=ambient, Volume std. pressure=ambient
numflag pm25_mass, no unit, Version=2, Version description=Data extracted from http://views.cira.colostate.edu/fed/DataWizard 2019-12-16, Sample duration=1d, Orig. time res.=3d, Blank correction=Blank corrected, Volume std. temperature=ambient, Volume std. pressure=ambient
potassium, ug/m3, Revision date=20181210133000
numflag potassium, no unit, Revision date=20181210133000
sulphate_total, ug S/m3, Revision date=20181210133000
numflag sulphate_total, no unit, Revision date=20181210133000
0
25
Data definition:              EBAS_1.1
Set type code:                TU
Timezone:                     UTC
File name:                    US9024R.20050101080000.20191216000000.filterpack..pm25.52w.1w.US03L_filterpack_US9024.US03L_IMPROVE_Davis.lev2.nas
File creation:                20191218120644
Startdate:                    20050101080000
Revision date:                20191216000000
Statistics:                   arithmetic mean
Data level:                   2
Period code:                  52w
Resolution code:              1w
Station code:                 US9024R
Platform code:                US9024S
Station name:                 Olympic
Station latitude:             48.0065
Station longitude:            -122.9727
Station altitude:             599.0 m
Regime:                       IMG
Component:                    
Matrix:                       pm25
Laboratory code:              US03L
Instrument type:              filterpack
Instrument name:              filterpack_US9024
Method ref:                   US03L_IMPROVE_Davis
starttime endtime Fe flag_Fe Pb flag_Pb Mg++ flag_Mg++ Ni flag_Ni NO3- flag_NO3- OC flag_OC OM flag_OM P flag_P PM10 flag_PM10 PM10-PM2.5 flag_PM10-PM2.5 PM2.5 flag_PM2.5 K+ flag_K+ SO4-- flag_SO4--
  0.333333   1.333333   5.28 0.000  0.64 0.000 0.007 0.000000  0.28 0.000 0.050 0.000  0.519 0.559  0.933 0.559 99.99 0.259000   2.485 0.000  0.696 0.000  1.789 0.000 0.019 0.000 0.099 0.000
  3.333333   4.333333  24.42 0.000  0.38 0.000 9.999 0.259000  0.21 0.000 0.037 0.000  0.489 0.559  0.880 0.559 99.99 0.259000   7.280 0.000  5.182 0.000  2.098 0.000 0.021 0.000 0.101 0.000
  6.333333   7.333333   2.38 0.000  0.34 0.000 9.999 0.259000  0.12 0.000 0.032 0.000  0.152 0.559  0.273 0.559 99.99 0.259000   1.050 0.000  0.381 0.000  0.669 0.000 0.007 0.000 0.055 0.000
  9.333333  10.333333   9.42 0.000  0.47 0.000 9.999 0.259000  0.39 0.000 0.108 0.000  0.653 0.559  1.175 0.559 99.99 0.259000   4.280 0.000  1.397 0.000  2.885 0.000 0.021 0.000 0.249 0.000
 12.333333  13.333333 999.99 0.999 99.99 0.999 9.999 0.999000 99.99 0.999 9.999 0.999 99.999 0.999 99.999 0.999 99.99 0.999000 999.999 0.999 99.999 0.999 99.999 0.999 9.999 0.999 9.999 0.999
 15.333333  16.333333 999.99 0.999 99.99 0.999 9.999 0.999000 99.99 0.999 9.999 0.999 99.999 0.999 99.999 0.999 99.99 0.999000 999.999 0.999 99.999 0.999 99.999 0.999 9.999 0.999 9.999 0.999
 18.333333  19.333333 999.99 0.999 99.99 0.999 9.999 0.999000 99.99 0.999 9.999 0.999 99.999 0.999 99.999 0.999 99.99 0.999000 999.999 0.999 99.999 0.999 99.999 0.999 9.999 0.999 9.999 0.999
 21.333333  22.333333 999.99 0.999 99.99 0.999 9.999 0.999000 99.99 0.999 9.999 0.999 99.999 0.999 99.999 0.999 99.99 0.999000 999.999 0.999 99.999 0.999 99.999 0.999 9.999 0.999 9.999 0.999
 24.333333  25.333333 999.99 0.999 99.99 0.999 9.999 0.999000 99.99 0.999 9.999 0.999 99.999 0.999 99.999 0.999 99.99 0.999000 999.999 0.999 99.999 0.999 99.999 0.999 9.999 0.999 9.999 0.999
 27.333333  28.333333   6.18 0.000  0.65 0.000 0.005 0.000000  0.15 0.000 0.050 0.000  0.830 0.559  1.494 0.559 99.99 0.259000   2.529 0.000  0.475 0.000  2.053 0.000 0.018 0.000 0.081 0.000
 30.333333  31.333333   6.34 0.000  1.80 0.000 0.020 0.000000  0.23 0.000 0.067 0.000  0.479 0.559  0.862 0.559 99.99 0.259000   4.130 0.000  1.399 0.000  2.730 0.000 0.032 0.000 0.207 0.000
 33.333333  34.333333   9.34 0.000  1.40 0.000 0.009 0.000000  0.44 0.000 0.074 0.000  0.698 0.559  1.257 0.559 99.99 0.259000   3.508 0.000  0.815 0.000  2.692 0.000 0.029 0.000 0.243 0.000
 36.333333  37.333333   0.25 0.000  0.25 0.000 9.999 0.259000 99.99 0.259 0.005 0.000  0.012 0.559  0.022 0.559 99.99 0.259000   0.082 0.000 99.999 0.259  0.090 0.000 0.002 0.000 0.010 0.000
 39.333333  40.333333  13.98 0.000  0.95 0.000 9.999 0.259000  0.64 0.000 0.141 0.000  1.288 0.559  2.319 0.559 99.99 0.259000   4.060 0.000  0.864 0.000  3.196 0.000 0.026 0.000 0.192 0.000
 42.333333  43.333333   8.91 0.000  1.09 0.000 9.999 0.259000  0.33 0.000 0.068 0.000  0.731 0.559  1.315 0.559 99.99 0.259000   3.226 0.000  0.781 0.000  2.443 0.000 0.025 0.000 0.160 0.000
 45.333333  46.333333  12.19 0.000  1.25 0.000 9.999 0.259000  0.44 0.000 0.163 0.000  0.671 0.559  1.208 0.559 99.99 0.259000   3.895 0.000  1.230 0.000  2.663 0.000 0.018 0.000 0.204 0.000
 48.333333  49.333333  20.37 0.000  1.18 0.000 9.999 0.259000  0.37 0.000 0.088 0.000  1.009 0.559  1.816 0.559 99.99 0.259000   4.004 0.000  1.168 0.000  2.834 0.000 0.024 0.000 0.135 0.000
 51.333333  52.333333  14.96 0.000  1.02 0.000 0.005 0.000000  0.37 0.000 0.076 0.000  1.246 0.559  2.244 0.559 99.99 0.259000   4.822 0.000  1.057 0.000  3.760 0.000 0.036 0.000 0.276 0.000
 54.333333  55.333333  35.35 0.000  1.65 0.000 9.999 0.259000  0.54 0.000 0.066 0.000  1.540 0.000  2.771 0.000 99.99 0.259000   7.453 0.000  3.186 0.000  4.263 0.000 0.045 0.000 0.175 0.000
 57.333333  58.333333  27.95 0.000  1.88 0.000 9.999 0.259000  0.28 0.000 0.068 0.000  1.734 0.000  3.121 0.000 99.99 0.259000   7.150 0.000  2.099 0.000  5.048 0.000 0.047 0.000 0.291 0.000
 60.333333  61.333333   6.76 0.000  1.06 0.000 9.999 0.259000  0.45 0.000 0.147 0.000  1.456 0.000  2.621 0.000 99.99 0.259000   4.036 0.000  0.742 0.000  3.292 0.000 0.034 0.000 0.104 0.000
 63.333333  64.333333   5.31 0.000  1.29 0.000 9.999 0.259000  0.75 0.000 0.061 0.000  0.762 0.000  1.373 0.000 99.99 0.259000   3.500 0.000  1.022 0.000  2.478 0.000 0.026 0.000 0.168 0.000
 66.333333  67.333333  12.91 0.000  1.53 0.000 9.999 0.259000  0.78 0.000 0.087 0.000  1.676 0.559  3.018 0.559 99.99 0.259000   5.660 0.000  1.108 0.000  4.571 0.000 0.047 0.000 0.275 0.000
 69.333333  70.333333  17.82 0.000  1.04 0.000 0.005 0.000000  0.46 0.000 0.049 0.000  0.869 0.559  1.565 0.559 99.99 0.259000   4.179 0.000  1.166 0.000  3.011 0.000 0.023 0.000 0.206 0.000
 72.333333  73.333333  58.76 0.000  2.62 0.000 0.011 0.000000  0.53 0.000 0.036 0.000  0.896 0.000  1.612 0.000 99.99 0.259000   6.329 0.000  2.346 0.000  3.980 0.000 0.056 0.000 0.243 0.000
 75.333333  76.333333  14.28 0.000  1.24 0.000 0.018 0.000000  0.57 0.000 0.107 0.000  0.895 0.000  1.611 0.000 99.99 0.259000   5.260 0.000  1.808 0.000  3.449 0.000 0.038 0.000 0.235 0.000
 78.333333  79.333333   0.74 0.000  0.32 0.000 9.999 0.259000 99.99 0.259 0.006 0.000  0.139 0.000  0.251 0.000 99.99 0.259000   0.448 0.000  0.075 0.000  0.373 0.000 0.004 0.000 0.025 0.000
 81.333333  82.333333  13.53 0.000  0.85 0.000 9.999 0.259000  0.26 0.000 0.038 0.000  0.937 0.000  1.686 0.000 99.99 0.259000   5.756 0.000  2.316 0.000  3.439 0.000 0.032 0.000 0.430 0.000
 84.333333  85.333333   1.05 0.000 99.99 0.259 9.999 0.259000  0.35 0.000 0.008 0.000  0.748 0.000  1.347 0.000 99.99 0.259000   0.489 0.000  0.103 0.000  0.385 0.000 0.005 0.000 0.028 0.000
 87.333333  88.333333   2.54 0.000  0.59 0.000 0.017 0.000000  0.20 0.000 0.012 0.000  0.006 0.000  0.012 0.000 99.99 0.259000 999.999 0.456  0.784 0.000  0.989 0.000 0.009 0.000 0.083 0.000
 90.333333  91.333333   1.27 0.000  0.45 0.000 9.999 0.259000  0.27 0.000 0.020 0.000  0.214 0.000  0.386 0.000 99.99 0.259000   0.692 0.000 99.999 0.259  0.774 0.000 0.008 0.000 0.073 0.000
 93.333333  94.333333   3.27 0.000  0.73 0.000 0.015 0.000000 99.99 0.259 0.033 0.000  0.413 0.000  0.744 0.000 99.99 0.259000   2.158 0.000  0.718 0.000  1.439 0.000 0.013 0.000 0.108 0.000
 96.333333  97.333333  20.44 0.000  1.42 0.000 9.999 0.259000  0.24 0.000 0.036 0.000  0.397 0.000  0.714 0.000 99.99 0.259000   2.980 0.000  0.657 0.000  2.322 0.000 0.026 0.000 0.183 0.000
 99.333333 100.333333   8.92 0.000  1.02 0.000 0.013 0.000000  0.21 0.000 0.040 0.000  0.368 0.000  0.662 0.000 99.99 0.259000   2.814 0.000  0.856 0.000  1.957 0.000 0.024 0.000 0.207 0.000
102.333333 103.333333   1.78 0.000  0.36 0.000 9.999 0.259000  0.15 0.000 0.020 0.000  0.253 0.559  0.456 0.559 99.99 0.259000   1.145 0.000  0.382 0.000  0.763 0.000 0.006 0.000 0.055 0.000
105.333333 106.333333   4.34 0.000  0.34 0.000 0.008 0.000000  0.23 0.000 0.039 0.000  0.277 0.000  0.498 0.000 99.99 0.259000   1.997 0.000  0.733 0.000  1.263 0.000 0.014 0.000 0.084 0.000
108.333333 109.333333   7.93 0.000  1.32 0.000 9.999 0.259000  0.14 0.000 0.030 0.000  0.524 0.559  0.943 0.559 99.99 0.259000   3.125 0.000  1.161 0.000  1.963 0.000 0.013 0.000 0.107 0.000
111.333333 112.333333  34.21 0.000  1.60 0.000 9.999 0.259000  0.38 0.000 0.041 0.000  1.084 0.000  1.952 0.000 99.99 0.259000   7.083 0.000  2.778 0.000  4.301 0.000 0.033 0.000 0.300 0.000
114.333333 115.333333  19.79 0.000  1.13 0.000 9.999 0.259000  0.38 0.000 0.064 0.000  0.828 0.000  1.490 0.000 99.99 0.259000   5.265 0.000  1.720 0.000  3.543 0.000 0.026 0.000 0.295 0.000
117.333333 118.333333  47.89 0.000  1.48 0.000 9.999 0.259000  0.92 0.000 0.076 0.000  1.241 0.000  2.235 0.000 99.99 0.259000   9.147 0.000  4.414 0.000  4.730 0.000 0.038 0.000 0.368 0.000
120.333333 121.333333  19.12 0.000  2.08 0.000 9.999 0.259000  0.63 0.000 0.180 0.000  1.367 0.000  2.461 0.000 99.99 0.259000   6.978 0.000  1.392 0.000  5.581 0.000 0.033 0.000 0.471 0.000
123.333333 124.333333  12.15 0.000  2.44 0.000 9.999 0.259000  0.85 0.000 0.123 0.000  0.870 0.000  1.566 0.000 99.99 0.259000   5.262 0.000  0.221 0.000  5.039 0.000 0.028 0.000 0.527 0.000
126.333333 127.333333  20.67 0.000  0.86 0.000 0.028 0.000000  1.32 0.000 0.164 0.000  0.525 0.000  0.944 0.000 99.99 0.259000  11.092 0.000  5.985 0.000  5.105 0.000 0.048 0.000 0.606 0.000
129.333333 130.333333   5.18 0.000  0.61 0.000 0.007 0.000000  0.62 0.000 0.055 0.000  0.407 0.000  0.732 0.000 99.99 0.259000   4.717 0.000  2.009 0.000  2.742 0.000 0.014 0.000 0.180 0.000
132.333333 133.333333  35.17 0.000  2.28 0.000 9.999 0.259000  0.64 0.000 0.093 0.000  1.631 0.000  2.935 0.000 99.99 0.259000   9.368 0.000  1.941 0.000  7.420 0.000 0.050 0.000 0.462 0.000
135.333333 136.333333   7.34 0.000  1.03 0.000 0.011 0.000000  0.40 0.000 0.050 0.000  0.198 0.000  0.356 0.000 99.99 0.259000   9.125 0.000  5.634 0.000  3.490 0.000 0.029 0.000 0.287 0.000
138.333333 139.333333   3.76 0.000  0.40 0.000 9.999 0.259000  0.16 0.000 0.028 0.000  0.248 0.000  0.446 0.000 99.99 0.259000   2.194 0.000  1.024 0.000  1.170 0.000 0.014 0.000 0.077 0.000
141.333333 142.333333   2.44 0.000  0.31 0.000 0.020 0.000000  0.31 0.000 0.030 0.000  0.132 0.000  0.237 0.000 99.99 0.259000   2.354 0.000  0.825 0.000  1.529 0.000 0.016 0.000 0.080 0.000
144.333333 145.333333  13.70 0.000  0.83 0.000 9.999 0.259000  0.50 0.000 0.074 0.000  0.799 0.000  1.438 0.000 99.99 0.259000   4.042 0.000  1.535 0.000  2.505 0.000 0.016 0.000 0.168 0.000
147.333333 148.333333  32.77 0.000  1.47 0.000 0.011 0.000000  1.00 0.000 0.092 0.000  2.505 0.000  4.508 0.000 99.99 0.259000  10.718 0.000  3.565 0.000  7.149 0.000 0.036 0.000 0.470 0.000
150.333333 151.333333   2.54 0.000  0.71 0.000 0.010 0.000000  0.29 0.000 0.030 0.000  0.396 0.000  0.712 0.000 99.99 0.259000   1.954 0.000  0.100 0.000  1.853 0.000 0.013 0.000 0.176 0.000
153.333333 154.333333   4.99 0.000  0.30 0.000 0.013 0.000000  0.39 0.000 0.073 0.000  0.377 0.000  0.679 0.000 99.99 0.259000   5.548 0.000  2.495 0.000  3.052 0.000 0.018 0.000 0.321 0.000
156.333333 157.333333   4.75 0.000  0.55 0.000 0.007 0.000000  0.78 0.000 0.069 0.000  0.409 0.000  0.737 0.000 99.99 0.259000   4.435 0.000  1.858 0.000  2.575 0.000 0.020 0.000 0.306 0.000
159.333333 160.333333   3.95 0.000  0.77 0.000 9.999 0.259000  0.39 0.000 0.060 0.000  0.702 0.000  1.264 0.000 99.99 0.259000   4.467 0.000  1.722 0.000  2.743 0.000 0.015 0.000 0.271 0.000
162.333333 163.333333   3.86 0.000  0.80 0.000 9.999 0.259000  0.35 0.000 0.081 0.000  0.617 0.000  1.111 0.000 99.99 0.259000   4.118 0.000  1.388 0.000  2.729 0.000 0.019 0.000 0.226 0.000
165.333333 166.333333   3.51 0.000  0.50 0.000 9.999 0.259000  0.23 0.000 0.037 0.000  0.423 0.000  0.762 0.000 99.99 0.259000   3.254 0.000  1.072 0.000  2.180 0.000 0.017 0.000 0.224 0.000
168.333333 169.333333   2.51 0.000  0.72 0.000 9.999 0.259000  0.38 0.000 0.063 0.000  0.725 0.000  1.304 0.000 99.99 0.259000   4.292 0.000  1.218 0.000  3.073 0.000 0.017 0.000 0.220 0.000
171.333333 172.333333   7.91 0.394  0.98 0.394 9.999 0.394259  0.39 0.394 0.025 0.394  1.185 0.000  2.133 0.000 99.99 0.394259   5.372 0.000  1.874 0.000  3.530 0.000 0.015 0.394 0.239 0.394
174.333333 175.333333   9.60 0.394  0.41 0.394 0.020 0.394000  0.74 0.394 9.999 0.699 99.999 0.699 99.999 0.699 99.99 0.394259   9.180 0.000  3.149 0.000  6.006 0.000 0.035 0.394 9.999 0.699
177.333333 178.333333   4.00 0.000  0.60 0.000 9.999 0.259000  0.44 0.000 0.037 0.000  0.886 0.000  1.595 0.000 99.99 0.259000   3.163 0.000  0.932 0.000  2.220 0.000 0.015 0.000 0.130 0.000
180.333333 181.333333   7.17 0.000  0.74 0.000 9.999 0.259000  0.71 0.000 0.048 0.000  0.766 0.000  1.379 0.000 99.99 0.259000   4.792 0.000  1.744 0.000  3.028 0.000 0.029 0.000 0.266 0.000
183.333333 184.333333   5.09 0.000  0.92 0.000 0.011 0.000000  0.71 0.000 0.048 0.000  0.625 0.000  1.126 0.000 99.99 0.259000   5.404 0.000  1.967 0.000  3.416 0.000 0.023 0.000 0.457 0.000
186.333333 187.333333   2.09 0.000  0.68 0.000 0.006 0.000000  0.29 0.000 0.036 0.000  0.273 0.000  0.492 0.000 99.99 0.259000   2.478 0.000  0.491 0.000  1.945 0.000 0.048 0.000 0.183 0.000
189.333333 190.333333   2.60 0.000  0.77 0.000 0.018 0.000000  0.65 0.000 0.073 0.000  0.449 0.000  0.809 0.000 99.99 0.259000   5.066 0.000  2.044 0.000  2.937 0.000 0.031 0.000 0.355 0.000
192.333333 193.333333   2.94 0.000  0.27 0.000 0.010 0.000000  0.17 0.000 0.030 0.000  0.242 0.000  0.435 0.000 99.99 0.259000   3.374 0.000  1.539 0.000  1.774 0.000 0.017 0.000 0.164 0.000
195.333333 196.333333   9.27 0.000  0.39 0.000 0.007 0.000000  0.55 0.000 0.054 0.000  0.951 0.000  1.713 0.000 99.99 0.259000   5.534 0.000  1.517 0.000  3.908 0.000 0.028 0.000 0.347 0.000
198.333333 199.333333   9.43 0.000  0.44 0.000 9.999 0.259000  0.56 0.000 0.084 0.000  0.939 0.000  1.689 0.000 99.99 0.259000   6.439 0.000  2.958 0.000  3.385 0.000 0.023 0.000 0.230 0.000
201.333333 202.333333  21.54 0.000  0.47 0.000 0.021 0.000000  0.33 0.000 0.112 0.000  1.050 0.000  1.890 0.000 99.99 0.259000   7.821 0.000  3.025 0.000  4.697 0.000 0.020 0.000 0.409 0.000
204.333333 205.333333  11.71 0.000  0.33 0.000 9.999 0.259000  0.61 0.000 0.086 0.000  0.661 0.000  1.189 0.000 99.99 0.259000   6.216 0.000  2.278 0.000  3.828 0.000 0.021 0.000 0.482 0.000
207.333333 208.333333  19.84 0.000  0.60 0.000 9.999 0.259000  0.47 0.000 0.025 0.000  0.955 0.000  1.718 0.000 99.99 0.259000   4.837 0.000  2.015 0.000  2.746 0.000 0.013 0.000 0.209 0.000
210.333333 211.333333  10.42 0.000  0.50 0.000 9.999 0.259000  0.62 0.000 0.039 0.000  0.614 0.000  1.104 0.000 99.99 0.259000   4.269 0.000  1.989 0.000  2.205 0.000 0.016 0.000 0.227 0.000
213.333333 214.333333   5.51 0.000  0.31 0.000 9.999 0.259000  0.25 0.000 0.051 0.000  0.251 0.000  0.452 0.000 99.99 0.259000   4.327 0.000  2.046 0.000  2.139 0.000 0.010 0.000 0.242 0.000
216.333333 217.333333  15.01 0.000  0.45 0.000 9.999 0.259000  0.36 0.000 0.014 0.000  0.870 0.000  1.566 0.000 99.99 0.259000   4.502 0.000  1.808 0.000  2.609 0.000 0.010 0.000 0.156 0.000
219.333333 220.333333  13.51 0.000  0.33 0.000 0.005 0.000000  0.41 0.000 0.046 0.000  1.330 0.000  2.395 0.000 99.99 0.259000   6.107 0.000  1.867 0.000  4.121 0.000 0.018 0.000 0.372 0.000
222.333333 223.333333  13.31 0.000  0.68 0.000 9.999 0.259000  0.60 0.000 0.042 0.000  1.565 0.000  2.816 0.000 99.99 0.259000   7.987 0.000  2.317 0.000  5.390 0.000 0.022 0.000 0.480 0.000
225.333333 226.333333  33.33 0.699  0.70 0.699 0.005 0.699000  0.69 0.699 0.014 0.000  3.104 0.000  5.587 0.000 99.99 0.699259  11.132 0.000  3.009 0.699  7.815 0.659 0.033 0.699 0.401 0.000
228.333333 229.333333   3.27 0.000  0.47 0.000 0.004 0.000000  0.32 0.000 0.015 0.000  0.480 0.000  0.865 0.000 99.99 0.259000   2.556 0.000  0.517 0.000  1.991 0.000 0.016 0.000 0.262 0.000
231.333333 232.333333  10.29 0.000  1.02 0.000 9.999 0.259000  0.90 0.000 0.022 0.000  1.314 0.000  2.366 0.000 99.99 0.259000   5.705 0.000  1.541 0.000  4.077 0.000 0.016 0.000 0.348 0.000
234.333333 235.333333   6.07 0.000  0.51 0.000 9.999 0.259000  0.39 0.000 0.076 0.000  0.606 0.000  1.092 0.000 99.99 0.259000   4.959 0.000  1.612 0.000  3.139 0.000 0.020 0.000 0.360 0.000
237.333333 238.333333  18.00 0.000  0.45 0.000 9.999 0.259000  0.84 0.000 0.032 0.000  0.877 0.000  1.579 0.000 99.99 0.259000   5.636 0.000  2.301 0.000  3.246 0.000 0.013 0.000 0.297 0.000
240.333333 241.333333   1.75 0.000  0.32 0.000 9.999 0.259000  0.22 0.000 0.049 0.000  0.284 0.000  0.511 0.000 99.99 0.259000   3.178 0.000  1.342 0.000  1.775 0.000 0.014 0.000 0.189 0.000
243.333333 244.333333   3.89 0.000  0.46 0.000 9.999 0.259000  0.33 0.000 0.018 0.000  0.445 0.000  0.801 0.000 99.99 0.259000   2.787 0.000  1.036 0.000  1.739 0.000 0.008 0.000 0.181 0.000
246.333333 247.333333   3.82 0.000  0.64 0.000 0.009 0.000000  0.96 0.000 0.073 0.000  0.549 0.000  0.988 0.000 99.99 0.259000   4.342 0.000  1.891 0.000  2.430 0.000 0.018 0.000 0.279 0.000
