scripts/IMPROVE-2019_partial/data/US9019R.20060102050000.20191216000000.filterpack..pm25.52w.1w.US03L_filterpack_US9019.US03L_IMPROVE_Davis.lev2.nas
64 1001
MISSING INFORMATION
US03L, IMPROVE, , , , , , , 
MISSING INFORMATION
IMPROVE sel_HTAP
1 1
2006 01 01 2019 12 16
3.000000
days from file reference point
25
1 1 1 1 1 1 1 1 1 1 1 1 1 1 1 1 1 1 1 1 1 1 1 1 1
999.999999 9999.99 9.999 999.99 9.999 9.999 9.999999 99.99 9.999 9.999 9.999 99.999 9.999 99.999 9.999 999.999 9.999 999.999 9.999 999.999 9.999 9.999 9.999 99.999 9.999
end_time of measurement, days from the file reference point
iron, ng/m3, Revision date=20181210133000
numflag iron, no unit, Revision date=20181210133000
lead, ng/m3, Revision date=20181210133000
numflag lead, no unit, Revision date=20181210133000
magnesium, ug/m3, Revision date=20181210133000
numflag magnesium, no unit, Revision date=20181210133000
nickel, ng/m3, Revision date=20181210133000
numflag nickel, no unit, Revision date=20181210133000
nitrate, ug N/m3, Revision date=20181210133000
numflag nitrate, no unit, Revision date=20181210133000
organic_carbon, ug C/m3, Revision date=20181210133000
numflag organic_carbon, no unit, Revision date=20181210133000
organic_mass, ug/m3, Revision date=20181210133000
numflag organic_mass, no unit, Revision date=20181210133000
pm10_mass, ug/m3, Version=2, Version description=Data extracted from http://views.cira.colostate.edu/fed/DataWizard 2019-12-16, Sample duration=1d, Orig. time res.=3d, Matrix=pm10, Blank correction=Blank corrected, Volume std. temperature=ambient, Volume std. pressure=ambient
numflag pm10_mass, no unit, Version=2, Version description=Data extracted from http://views.cira.colostate.edu/fed/DataWizard 2019-12-16, Sample duration=1d, Orig. time res.=3d, Matrix=pm10, Blank correction=Blank corrected, Volume std. temperature=ambient, Volume std. pressure=ambient
pm10_pm25_mass, ug/m3, Revision date=20181210133000, Matrix=pm10_pm25
numflag pm10_pm25_mass, no unit, Revision date=20181210133000, Matrix=pm10_pm25
pm25_mass, ug/m3, Version=2, Version description=Data extracted from http://views.cira.colostate.edu/fed/DataWizard 2019-12-16, Sample duration=1d, Orig. time res.=3d, Blank correction=Blank corrected, Volume std. temperature=ambient, Volume std. pressure=ambient
numflag pm25_mass, no unit, Version=2, Version description=Data extracted from http://views.cira.colostate.edu/fed/DataWizard 2019-12-16, Sample duration=1d, Orig. time res.=3d, Blank correction=Blank corrected, Volume std. temperature=ambient, Volume std. pressure=ambient
potassium, ug/m3, Revision date=20181210133000
numflag potassium, no unit, Revision date=20181210133000
sulphate_total, ug S/m3, Revision date=20181210133000
numflag sulphate_total, no unit, Revision date=20181210133000
0
25
Data definition:              EBAS_1.1
Set type code:                TU
Timezone:                     UTC
File name:                    US9019R.20060102050000.20191216000000.filterpack..pm25.52w.1w.US03L_filterpack_US9019.US03L_IMPROVE_Davis.lev2.nas
File creation:                20191218120622
Startdate:                    20060102050000
Revision date:                20191216000000
Statistics:                   arithmetic mean
Data level:                   2
Period code:                  52w
Resolution code:              1w
Station code:                 US9019R
Platform code:                US9019S
Station name:                 Quaker City
Station latitude:             39.9428
Station longitude:            -81.3378
Station altitude:             366.0 m
Regime:                       IMG
Component:                    
Matrix:                       pm25
Laboratory code:              US03L
Instrument type:              filterpack
Instrument name:              filterpack_US9019
Method ref:                   US03L_IMPROVE_Davis
starttime endtime Fe flag_Fe Pb flag_Pb Mg++ flag_Mg++ Ni flag_Ni NO3- flag_NO3- OC flag_OC OM flag_OM PM10 flag_PM10 PM10-PM2.5 flag_PM10-PM2.5 PM2.5 flag_PM2.5 K+ flag_K+ SO4-- flag_SO4--
[from data line 89]
268.208333 269.208333   23.29 0.000   2.63 0.000 9.999 0.259000  0.17 0.000 0.056 0.000  1.090 0.000  1.962 0.000  13.283 0.000   5.658 0.000   7.625 0.000 0.026 0.000  0.895 0.000
271.208333 272.208333   24.58 0.000   2.38 0.000 0.010 0.000000  0.28 0.000 0.072 0.000  0.645 0.000  1.161 0.000   6.839 0.000   3.524 0.000   3.315 0.000 0.029 0.000  0.317 0.000
274.208333 275.208333   28.11 0.000   4.49 0.000 9.999 0.259000 99.99 0.259 0.051 0.000  1.529 0.000  2.751 0.000  16.184 0.000   6.811 0.000   9.374 0.000 0.067 0.000  1.059 0.000
277.208333 278.208333   26.26 0.000   1.57 0.000 9.999 0.259000  0.46 0.000 0.045 0.000  0.515 0.000  0.927 0.000   8.459 0.000   4.415 0.000   4.045 0.000 0.016 0.000  0.537 0.000
280.208333 281.208333   14.26 0.000   4.65 0.000 9.999 0.259000  1.10 0.000 0.035 0.000  0.928 0.000  1.671 0.000  10.118 0.000   3.024 0.000   7.094 0.000 0.028 0.000  1.032 0.000
283.208333 284.208333   17.91 0.000   1.88 0.000 9.999 0.259000  0.15 0.000 0.031 0.000  1.107 0.000  1.992 0.000  17.777 0.000   4.493 0.000  13.284 0.000 0.041 0.000  2.294 0.000
286.208333 287.208333   22.86 0.000   1.37 0.000 0.014 0.000000 99.99 0.259 0.055 0.000  0.679 0.000  1.222 0.000  11.863 0.000   8.731 0.000   3.132 0.000 0.025 0.000  0.228 0.000
289.208333 290.208333    8.96 0.000   1.59 0.000 9.999 0.259000 99.99 0.259 0.017 0.000  1.063 0.000  1.914 0.000   6.685 0.000   2.740 0.000   3.946 0.000 0.021 0.000  0.416 0.000
292.208333 293.208333   11.63 0.000   1.04 0.000 9.999 0.259000 99.99 0.259 0.040 0.000  0.430 0.000  0.775 0.000   3.839 0.000   0.873 0.000   2.966 0.000 0.013 0.000  0.417 0.000
295.208333 296.208333   15.72 0.000   2.06 0.000 0.020 0.000000  0.15 0.000 0.343 0.000  0.775 0.000  1.394 0.000   9.940 0.000   3.128 0.000   6.812 0.000 0.024 0.000  0.947 0.000
298.208333 299.208333   25.25 0.000   3.26 0.000 9.999 0.259000  0.64 0.000 0.041 0.000  0.784 0.000  1.411 0.000   9.992 0.000   4.324 0.000   5.668 0.000 0.022 0.000  0.799 0.000
301.208333 302.208333   18.10 0.000   1.60 0.000 0.010 0.000000 99.99 0.259 0.104 0.000  0.943 0.000  1.697 0.000   9.361 0.000   6.407 0.000   2.954 0.000 0.071 0.000  0.106 0.000
304.208333 305.208333   50.32 0.000   4.99 0.000 9.999 0.259000  0.43 0.000 0.748 0.000  1.764 0.000  3.175 0.000  22.272 0.000  12.173 0.000  10.099 0.000 0.077 0.000  0.672 0.000
307.208333 308.208333   28.84 0.000   2.79 0.000 9.999 0.259000 99.99 0.259 0.536 0.000  1.167 0.000  2.101 0.000  15.439 0.000   7.501 0.000   7.938 0.000 0.045 0.000  0.662 0.000
310.208333 311.208333   16.12 0.000   3.38 0.000 9.999 0.259000  0.34 0.000 0.034 0.000  1.197 0.000  2.154 0.000   8.708 0.000   3.328 0.000   5.380 0.000 0.034 0.000  0.547 0.000
313.208333 314.208333   48.73 0.000   7.31 0.000 9.999 0.259000  0.44 0.000 0.410 0.000  2.494 0.000  4.488 0.000  24.618 0.000   7.432 0.000  17.186 0.000 0.055 0.000  2.282 0.000
316.208333 317.208333   21.45 0.000   3.43 0.000 9.999 0.259000  0.29 0.000 0.085 0.000  0.623 0.000  1.122 0.000  11.054 0.000   2.259 0.000   8.795 0.000 0.030 0.000  1.733 0.000
319.208333 320.208333   13.04 0.000   1.07 0.000 9.999 0.259000  0.24 0.000 0.024 0.000  0.973 0.000  1.752 0.000   6.709 0.000   1.421 0.000   5.288 0.000 0.026 0.000  0.663 0.000
322.208333 323.208333   27.82 0.000   3.69 0.000 9.999 0.259000  0.39 0.000 0.435 0.000  1.457 0.000  2.623 0.000  11.445 0.000   1.350 0.000  10.095 0.000 0.065 0.000  1.065 0.000
325.208333 326.208333   58.07 0.000   7.13 0.000 9.999 0.259000  0.57 0.000 0.110 0.000  1.325 0.000  2.385 0.000   9.468 0.000   3.702 0.000   5.766 0.000 0.045 0.000  0.540 0.000
328.208333 329.208333   35.98 0.000   7.72 0.000 9.999 0.259000  0.60 0.000 0.044 0.000  1.995 0.000  3.591 0.000  12.902 0.000   3.400 0.000   9.501 0.000 0.076 0.000  1.019 0.000
331.208333 332.208333   33.20 0.000   4.40 0.000 9.999 0.259000  0.21 0.000 0.071 0.000  2.673 0.000  4.811 0.000  17.812 0.000   5.898 0.000  11.915 0.000 0.080 0.000  1.246 0.000
334.208333 335.208333    7.04 0.000   0.28 0.000 9.999 0.259000  0.21 0.000 0.032 0.000  0.557 0.000  1.002 0.000   6.833 0.000   3.161 0.000   3.672 0.000 0.017 0.000  0.515 0.000
337.208333 338.208333   16.43 0.000   1.10 0.000 9.999 0.259000  0.17 0.000 0.355 0.000  1.011 0.000  1.820 0.000   9.679 0.000   3.139 0.000   6.540 0.000 0.035 0.000  0.653 0.000
340.208333 341.208333   18.49 0.000   1.27 0.000 9.999 0.259000  0.14 0.000 0.455 0.000  0.737 0.000  1.326 0.000   9.730 0.000   4.431 0.000   5.299 0.000 0.033 0.000  0.402 0.000
343.208333 344.208333   26.80 0.000   7.91 0.000 9.999 0.259000  0.22 0.000 0.092 0.000  1.369 0.000  2.465 0.000   9.785 0.000   4.652 0.000   5.133 0.000 0.065 0.000  0.396 0.000
346.208333 347.208333   26.78 0.000   1.74 0.000 9.999 0.259000  0.24 0.000 0.150 0.000  2.263 0.000  4.074 0.000  12.747 0.000   4.621 0.000   8.126 0.000 0.059 0.000  0.825 0.000
349.208333 350.208333   23.67 0.000   3.67 0.000 9.999 0.259000  0.12 0.000 0.439 0.000  0.899 0.000  1.619 0.000   9.849 0.000   2.733 0.000   7.116 0.000 0.034 0.000  0.982 0.000
352.208333 353.208333   48.17 0.000   3.78 0.000 9.999 0.259000  0.37 0.000 0.755 0.000  1.697 0.000  3.055 0.000  14.076 0.000   4.701 0.000   9.375 0.000 0.115 0.000  0.534 0.000
355.208333 356.208333    8.99 0.000   1.91 0.000 9.999 0.259000  0.20 0.000 0.074 0.000  1.044 0.000  1.879 0.000   6.848 0.000   1.926 0.000   4.922 0.000 0.033 0.000  0.669 0.000
358.208333 359.208333 9999.99 0.456 999.99 0.456 9.999 0.456000 99.99 0.456 0.141 0.000  1.305 0.000  2.350 0.000   8.356 0.000 999.999 0.456 999.999 0.456 9.999 0.456  1.015 0.000
361.208333 362.208333   26.69 0.000   4.52 0.000 9.999 0.259000  0.15 0.000 0.081 0.000  1.512 0.000  2.721 0.000   9.708 0.000   2.112 0.000   7.597 0.000 0.070 0.000  0.932 0.000
364.208333 365.208333   31.40 0.000   6.09 0.000 9.999 0.259000  1.04 0.000 0.101 0.000  1.900 0.000  3.420 0.000  10.743 0.000   2.037 0.000   8.706 0.000 0.057 0.000  1.096 0.000
