scripts/IMPROVE-2019_partial/data/US9033R.19940101060000.20191216000000.filterpack...1y.3d.US03L_filterpack_US9033.US03L_IMPROVE_Davis.lev2.nas
51 1001
MISSING INFORMATION
US03L, IMPROVE, , , , , , , 
MISSING INFORMATION
IMPROVE sel_HTAP
1 1
1994 01 01 2019 12 16
0
days from file reference point
4
1 1 1 1
999.99 999.999 999.999 9.999
end_time of measurement, days from the file reference point
pm10_mass, ug/m3, Matrix=pm10
pm25_mass, ug/m3, Matrix=pm25
numflag, no unit
0
33
Data definition:              EBAS_1.1
Set type code:                TI
Timezone:                     UTC
File name:                    US9033R.19940101060000.20191216000000.filterpack...1y.3d.US03L_filterpack_US9033.US03L_IMPROVE_Davis.lev2.nas
File creation:                20191218120726
Startdate:                    19940101060000
Revision date:                20191216000000
Version:                      2
Version description:          "Data extracted from http://views.cira.colostate.edu/fed/DataWizard 2019-12-16"
Statistics:                   arithmetic mean
Data level:                   2
Period code:                  1y
Resolution code:              3d
Sample duration:              1d
Orig. time res.:              3d
Station code:                 US9033R
Platform code:                US9033S
Station name:                 Sipsy Wilderness
Station latitude:             34.3433
Station longitude:            -87.3388
Station altitude:             286.0 m
Regime:                       IMG
Component:                    
Unit:                         ug/m3
Matrix:                       
Laboratory code:              US03L
Instrument type:              filterpack
Instrument name:              filterpack_US9033
Method ref:                   US03L_IMPROVE_Davis
Blank correction:             Blank corrected
Volume std. temperature:      ambient
Volume std. pressure:         ambient
starttime endtime PM10 PM2.5 flag
  0.25   1.25  17.366  13.758 0.000
  4.25   5.25 999.999 999.999 0.999
  7.25   8.25 999.999 999.999 0.999
 11.25  12.25 999.999 999.999 0.999
 14.25  15.25 999.999 999.999 0.999
 18.25  19.25  11.976   7.993 0.000
 21.25  22.25  18.933  14.145 0.000
 25.25  26.25  22.236  19.396 0.000
 28.25  29.25  16.305  12.987 0.000
 32.25  33.25  15.569   7.134 0.000
 35.25  36.25 999.999  13.805 0.000
 39.25  40.25 999.999  10.064 0.000
 42.25  43.25 999.999 999.999 0.999
 46.25  47.25  17.137  11.410 0.000
 49.25  50.25  18.506  10.228 0.000
 53.25  54.25   8.118   4.221 0.000
 56.25  57.25  14.093   9.735 0.000
 60.25  61.25  15.502  14.537 0.000
 63.25  64.25  14.835   9.231 0.000
 67.25  68.25   6.588   6.071 0.000
 70.25  71.25  16.279  12.749 0.000
 74.25  75.25  10.000   5.372 0.000
 77.25  78.25  19.180   8.267 0.000
 81.25  82.25 999.999 999.999 0.999
 84.25  85.25 999.999 999.999 0.999
 88.25  89.25 999.999 999.999 0.999
 91.25  92.25 999.999 999.999 0.999
 95.25  96.25 999.999 999.999 0.999
 98.25  99.25 999.999 999.999 0.999
102.25 103.25 999.999 999.999 0.999
105.25 106.25 999.999 999.999 0.999
109.25 110.25  27.977  18.142 0.000
112.25 113.25  24.444  18.522 0.000
116.25 117.25  19.370  11.589 0.000
119.25 120.25  24.567  13.746 0.000
123.25 124.25  11.899  10.326 0.000
126.25 127.25  27.287  22.072 0.000
130.25 131.25  28.340  18.725 0.000
133.25 134.25  41.621  21.986 0.000
137.25 138.25  12.904   8.864 0.000
140.25 141.25  26.291  20.885 0.000
144.25 145.25 999.999 999.999 0.999
147.25 148.25  14.664  11.897 0.000
151.25 152.25  24.828  19.100 0.000
154.25 155.25  32.000  28.107 0.000
158.25 159.25 999.999 999.999 0.999
161.25 162.25 999.999 999.999 0.999
165.25 166.25 999.999 999.999 0.999
168.25 169.25 999.999 999.999 0.999
172.25 173.25  20.293  15.948 0.000
175.25 176.25  17.236   6.571 0.000
179.25 180.25  34.356  19.837 0.000
182.25 183.25  32.288  21.731 0.000
186.25 187.25  12.444   9.108 0.000
189.25 190.25  14.852   8.968 0.000
193.25 194.25  13.132   7.508 0.000
196.25 197.25  17.249   9.327 0.000
200.25 201.25  25.133  19.342 0.000
203.25 204.25  12.463   8.131 0.000
207.25 208.25  16.766  13.962 0.000
210.25 211.25  40.746  37.323 0.000
214.25 215.25  15.840  10.619 0.000
217.25 218.25  23.092  19.739 0.000
221.25 222.25 999.999 999.999 0.999
224.25 225.25 999.999 999.999 0.999
228.25 229.25 999.999 999.999 0.999
231.25 232.25 999.999 999.999 0.999
235.25 236.25 999.999 999.999 0.999
238.25 239.25 999.999 999.999 0.999
242.25 243.25 999.999 999.999 0.999
245.25 246.25  28.303  21.745 0.000
249.25 250.25 999.999 999.999 0.999
252.25 253.25  29.540  23.604 0.000
256.25 257.25 999.999 999.999 0.999
259.25 260.25  16.629  10.382 0.000
263.25 264.25  29.959  18.073 0.000
266.25 267.25  18.715   6.464 0.000
270.25 271.25  16.612   9.191 0.000
273.25 274.25  31.755  23.810 0.000
277.25 278.25  19.328  13.137 0.000
280.25 281.25  28.130  21.485 0.000
284.25 285.25   5.630   4.677 0.000
287.25 288.25   9.795   5.325 0.000
291.25 292.25  18.898  13.183 0.000
294.25 295.25  10.526   4.505 0.000
298.25 299.25  15.134   6.309 0.000
301.25 302.25  22.807  14.155 0.000
305.25 306.25  19.067   4.926 0.000
308.25 309.25  21.233  11.922 0.000
312.25 313.25  17.379  12.790 0.000
315.25 316.25  13.992   8.544 0.000
319.25 320.25  19.355  15.696 0.000
322.25 323.25  18.972  15.747 0.000
326.25 327.25   9.708   4.918 0.000
329.25 330.25  11.292  10.300 0.000
333.25 334.25 999.999 999.999 0.999
336.25 337.25  15.816  10.828 0.000
340.25 341.25 999.999 999.999 0.999
343.25 344.25 999.999 999.999 0.999
347.25 348.25 999.999 999.999 0.999
350.25 351.25 999.999 999.999 0.999
354.25 355.25  13.815  10.425 0.000
357.25 358.25  20.748  17.124 0.000
361.25 362.25  20.043  14.865 0.000
364.25 365.25  16.987  13.233 0.000
