scripts/IMPROVE-2019_partial/data/US9020R.20000315080000.20191216000000.filterpack..pm25.10mo.1w.US03L_filterpack_US9020.US03L_IMPROVE_Davis.lev2.nas
64 1001
MISSING INFORMATION
US03L, IMPROVE, , , , , , , 
MISSING INFORMATION
IMPROVE sel_HTAP
1 1
2000 01 01 2019 12 16
0
days from file reference point
25
1 1 1 1 1 1 1 1 1 1 1 1 1 1 1 1 1 1 1 1 1 1 1 1 1
999.999999 999.99 9.999 99.99 9.999 9.999 9.999999 9.99 9.999999 9.999 9.999 99.999 9.999 99.999 9.999 999.999 9.999 99.999 9.999 99.999 9.999 9.999 9.999 9.999 9.999
end_time of measurement, days from the file reference point
iron, ng/m3, Revision date=20181210133000
numflag iron, no unit, Revision date=20181210133000
lead, ng/m3, Revision date=20181210133000
numflag lead, no unit, Revision date=20181210133000
magnesium, ug/m3, Revision date=20181210133000
numflag magnesium, no unit, Revision date=20181210133000
nickel, ng/m3, Revision date=20181210133000
numflag nickel, no unit, Revision date=20181210133000
nitrate, ug N/m3, Revision date=20181210133000
numflag nitrate, no unit, Revision date=20181210133000
organic_carbon, ug C/m3, Revision date=20181210133000
numflag organic_carbon, no unit, Revision date=20181210133000
organic_mass, ug/m3, Revision date=20181210133000
numflag organic_mass, no unit, Revision date=20181210133000
pm10_mass, ug/m3, Version=2, Version description=Data extracted from http://views.cira.colostate.edu/fed/DataWizard 2019-12-16, Sample duration=1d, Orig. time res.=3d, Matrix=pm10, Blank correction=Blank corrected, Volume std. temperature=ambient, Volume std. pressure=ambient
numflag pm10_mass, no unit, Version=2, Version description=Data extracted from http://views.cira.colostate.edu/fed/DataWizard 2019-12-16, Sample duration=1d, Orig. time res.=3d, Matrix=pm10, Blank correction=Blank corrected, Volume std. temperature=ambient, Volume std. pressure=ambient
pm10_pm25_mass, ug/m3, Revision date=20181210133000, Matrix=pm10_pm25
numflag pm10_pm25_mass, no unit, Revision date=20181210133000, Matrix=pm10_pm25
pm25_mass, ug/m3, Version=2, Version description=Data extracted from http://views.cira.colostate.edu/fed/DataWizard 2019-12-16, Sample duration=1d, Orig. time res.=3d, Blank correction=Blank corrected, Volume std. temperature=ambient, Volume std. pressure=ambient
numflag pm25_mass, no unit, Version=2, Version description=Data extracted from http://views.cira.colostate.edu/fed/DataWizard 2019-12-16, Sample duration=1d, Orig. time res.=3d, Blank correction=Blank corrected, Volume std. temperature=ambient, Volume std. pressure=ambient
potassium, ug/m3, Revision date=20181210133000
numflag potassium, no unit, Revision date=20181210133000
sulphate_total, ug S/m3, Revision date=20181210133000
numflag sulphate_total, no unit, Revision date=20181210133000
0
25
Data definition:              EBAS_1.1
Set type code:                TI
Timezone:                     UTC
File name:                    US9020R.20000315080000.20191216000000.filterpack..pm25.10mo.1w.US03L_filterpack_US9020.US03L_IMPROVE_Davis.lev2.nas
File creation:                20191218120626
Startdate:                    20000315080000
Revision date:                20191216000000
Statistics:                   arithmetic mean
Data level:                   2
Period code:                  10mo
Resolution code:              1w
Station code:                 US9020R
Platform code:                US9020S
Station name:                 Mount Hood
Station latitude:             45.2888
Station longitude:            -121.7837
Station altitude:             1531.0 m
Regime:                       IMG
Component:                    
Matrix:                       pm25
Laboratory code:              US03L
Instrument type:              filterpack
Instrument name:              filterpack_US9020
Method ref:                   US03L_IMPROVE_Davis
starttime endtime Fe flag_Fe Pb flag_Pb Mg++ flag_Mg++ Ni flag_Ni NO3- flag_NO3- OC flag_OC OM flag_OM PM10 flag_PM10 PM10-PM2.5 flag_PM10-PM2.5 PM2.5 flag_PM2.5 K+ flag_K+ SO4-- flag_SO4--
 74.333333  75.333333   7.87 0.000  0.43 0.000 9.999 0.259000 9.99 0.259000 0.038 0.000  0.585 0.000  0.819 0.000   3.513 0.000  1.976 0.000  1.536 0.000 0.016 0.000 0.081 0.000
 77.333333  78.333333   3.78 0.000  0.28 0.000 0.009 0.000000 9.99 0.259000 0.009 0.000  0.329 0.000  0.461 0.000   1.009 0.000  0.333 0.000  0.676 0.000 0.007 0.000 0.052 0.000
 81.333333  82.333333   2.14 0.000  0.24 0.000 0.010 0.000000 0.04 0.000000 0.006 0.559  0.458 0.000  0.641 0.000   1.454 0.000  1.020 0.000  0.434 0.000 0.006 0.000 0.031 0.559
 84.333333  85.333333  11.57 0.000  1.25 0.000 9.999 0.259000 9.99 0.259000 0.062 0.559  0.993 0.000  1.390 0.000   3.916 0.000  0.723 0.000  3.193 0.000 0.019 0.000 0.301 0.559
 88.333333  89.333333  27.83 0.000  0.40 0.000 9.999 0.259000 9.99 0.259000 0.033 0.559  0.463 0.000  0.648 0.000   3.332 0.000  1.129 0.000  2.203 0.000 0.026 0.000 0.206 0.559
 91.333333  92.333333  53.50 0.000  1.44 0.000 9.999 0.259000 9.99 0.259000 0.049 0.559  1.113 0.000  1.558 0.000   5.299 0.000  1.950 0.000  3.348 0.000 0.045 0.000 0.203 0.559
 95.333333  96.333333  21.73 0.000  1.41 0.000 9.999 0.259000 9.99 0.259000 0.100 0.559  0.743 0.000  1.040 0.000   4.078 0.000  0.924 0.000  3.154 0.000 0.028 0.000 0.292 0.559
 98.333333  99.333333  34.43 0.000  1.89 0.000 9.999 0.259000 9.99 0.259000 0.092 0.559  1.605 0.000  2.247 0.000   7.230 0.000  2.955 0.000  4.276 0.000 0.046 0.000 0.203 0.559
102.333333 103.333333  43.88 0.000  1.11 0.000 9.999 0.259000 9.99 0.259000 0.023 0.559  1.328 0.000  1.859 0.000   5.652 0.000  1.750 0.000  3.902 0.000 0.036 0.000 0.237 0.559
105.333333 106.333333   8.98 0.000 99.99 0.259 0.006 0.000000 9.99 0.259000 0.003 0.559  0.323 0.000  0.452 0.000   1.131 0.000  0.282 0.000  0.848 0.000 0.008 0.000 0.040 0.559
109.333333 110.333333  21.21 0.000  1.12 0.000 9.999 0.259000 9.99 0.259000 0.073 0.000  0.731 0.000  1.023 0.000   3.249 0.000  0.746 0.000  2.502 0.000 0.029 0.000 0.206 0.000
112.333333 113.333333  12.05 0.000  0.38 0.000 9.999 0.259000 9.99 0.259000 0.020 0.000  0.375 0.000  0.525 0.000   2.152 0.000  0.715 0.000  1.438 0.000 0.015 0.000 0.091 0.000
116.333333 117.333333  28.49 0.000  0.48 0.000 9.999 0.259000 9.99 0.259000 0.071 0.000  0.855 0.000  1.197 0.000   5.178 0.000  2.272 0.000  2.906 0.000 0.033 0.000 0.175 0.000
119.333333 120.333333  11.41 0.000  0.66 0.000 9.999 0.259000 0.06 0.000000 0.035 0.000  0.551 0.000  0.772 0.000   2.890 0.000  0.937 0.000  1.953 0.000 0.015 0.000 0.077 0.000
123.333333 124.333333  10.41 0.000  0.51 0.000 9.999 0.259000 9.99 0.259000 0.020 0.000  0.349 0.000  0.488 0.000   1.766 0.000  0.464 0.000  1.302 0.000 0.014 0.000 0.086 0.000
126.333333 127.333333  13.63 0.000  0.55 0.000 9.999 0.259000 9.99 0.259000 0.048 0.000  0.649 0.000  0.909 0.000   2.970 0.000  0.868 0.000  2.102 0.000 0.022 0.000 0.155 0.000
130.333333 131.333333   4.00 0.000  0.20 0.000 9.999 0.259000 0.05 0.000000 0.007 0.000  0.299 0.000  0.419 0.000   0.843 0.000  0.195 0.000  0.648 0.000 0.008 0.000 0.036 0.000
133.333333 134.333333  25.37 0.000  0.30 0.000 9.999 0.259000 9.99 0.259000 0.027 0.000  0.918 0.000  1.285 0.000   4.175 0.000  2.298 0.000  1.877 0.000 0.020 0.000 0.092 0.000
137.333333 138.333333  10.67 0.000  0.59 0.000 9.999 0.259000 9.99 0.259000 0.054 0.000  0.664 0.000  0.929 0.000   2.208 0.000 99.999 0.259  2.225 0.000 0.016 0.000 0.191 0.000
140.333333 141.333333  36.01 0.000  1.14 0.000 9.999 0.259000 9.99 0.259000 0.076 0.000  2.260 0.000  3.164 0.000   7.466 0.000  1.740 0.000  5.726 0.000 0.046 0.000 0.284 0.000
144.333333 145.333333  33.07 0.000  1.05 0.000 9.999 0.259000 9.99 0.259000 0.100 0.000  1.488 0.000  2.083 0.000   7.554 0.000  2.831 0.000  4.722 0.000 0.030 0.000 0.343 0.000
147.333333 148.333333   8.22 0.000  1.28 0.000 9.999 0.259000 9.99 0.259000 0.014 0.000  0.664 0.000  0.929 0.000   2.071 0.000  0.695 0.000  1.376 0.000 0.013 0.000 0.066 0.000
151.333333 152.333333  16.10 0.000  0.66 0.000 0.009 0.000000 9.99 0.259000 0.029 0.000  1.118 0.000  1.565 0.000   3.233 0.000  0.644 0.000  2.589 0.000 0.017 0.000 0.130 0.000
154.333333 155.333333   1.86 0.000  0.14 0.000 9.999 0.259000 9.99 0.259000 0.002 0.000  0.064 0.000  0.090 0.000   1.317 0.000  0.555 0.000  0.761 0.000 0.009 0.000 0.041 0.000
158.333333 159.333333   3.52 0.000 99.99 0.259 9.999 0.259000 9.99 0.259000 0.011 0.000  0.306 0.000  0.428 0.000   2.850 0.000  1.832 0.000  1.018 0.000 0.006 0.000 0.058 0.000
161.333333 162.333333  25.13 0.000  0.40 0.000 9.999 0.259000 9.99 0.259000 0.021 0.000  1.187 0.000  1.662 0.000   5.058 0.000  2.064 0.000  2.994 0.000 0.017 0.000 0.142 0.000
165.333333 166.333333  11.15 0.000  1.16 0.000 9.999 0.259000 9.99 0.259000 0.019 0.000  0.562 0.000  0.787 0.000   4.199 0.000  2.184 0.000  2.015 0.000 0.023 0.000 0.188 0.000
168.333333 169.333333  19.98 0.000 99.99 0.259 9.999 0.259000 9.99 0.259000 0.020 0.000  1.395 0.000  1.953 0.000   4.764 0.000  2.062 0.000  2.702 0.000 0.019 0.000 0.137 0.000
172.333333 173.333333  17.88 0.000 99.99 0.259 9.999 0.259000 9.99 0.259000 0.057 0.000  0.743 0.000  1.040 0.000   3.792 0.000  1.424 0.000  2.367 0.000 0.016 0.000 0.162 0.000
175.333333 176.333333   5.69 0.000  0.24 0.000 9.999 0.259000 9.99 0.259000 0.027 0.000  0.433 0.000  0.606 0.000   2.235 0.000  0.709 0.000  1.526 0.000 0.008 0.000 0.107 0.000
179.333333 180.333333  47.19 0.000  0.35 0.000 9.999 0.259000 9.99 0.259000 0.036 0.559  2.569 0.000  3.596 0.000  10.215 0.000  3.921 0.000  6.293 0.000 0.067 0.000 0.176 0.559
182.333333 183.333333  11.91 0.000  0.71 0.000 9.999 0.259000 9.99 0.259000 0.038 0.559  0.492 0.000  0.688 0.000   3.109 0.000  0.939 0.000  2.170 0.000 0.013 0.000 0.217 0.559
186.333333 187.333333   9.50 0.000  2.77 0.000 9.999 0.259000 9.99 0.259000 0.056 0.559  0.649 0.000  0.908 0.000   4.510 0.000  0.991 0.000  3.519 0.000 0.089 0.000 0.385 0.559
189.333333 190.333333  18.86 0.000  1.08 0.000 9.999 0.259000 9.99 0.259000 0.077 0.559  1.206 0.000  1.689 0.000   7.264 0.000  1.599 0.000  5.665 0.000 0.024 0.000 0.603 0.559
193.333333 194.333333  21.79 0.000  0.51 0.000 9.999 0.259000 9.99 0.259000 0.032 0.000  0.895 0.000  1.254 0.000   5.159 0.000  1.824 0.000  3.335 0.000 0.012 0.000 0.339 0.000
196.333333 197.333333  24.54 0.000 99.99 0.259 9.999 0.259000 9.99 0.259000 0.014 0.559  0.557 0.000  0.780 0.000   6.309 0.000  3.834 0.000  2.476 0.000 0.011 0.000 0.225 0.559
200.333333 201.333333  38.53 0.000  0.43 0.000 9.999 0.259000 9.99 0.259000 0.102 0.559  1.186 0.000  1.661 0.000   7.184 0.000  3.374 0.000  3.810 0.000 0.022 0.000 0.265 0.559
203.333333 204.333333   3.78 0.000  0.23 0.000 9.999 0.259000 9.99 0.259000 0.027 0.559  0.498 0.000  0.697 0.000   1.517 0.000  0.042 0.000  1.475 0.000 0.005 0.000 0.088 0.559
207.333333 208.333333  24.23 0.000 99.99 0.259 9.999 0.259000 9.99 0.259000 0.101 0.559  1.809 0.000  2.533 0.000   7.143 0.000  2.245 0.000  4.898 0.000 0.212 0.000 0.233 0.559
210.333333 211.333333  20.42 0.000 99.99 0.259 9.999 0.259000 9.99 0.259000 0.091 0.559  4.651 0.000  6.511 0.000  10.918 0.000  1.455 0.000  9.464 0.000 0.507 0.000 0.188 0.559
214.333333 215.333333  36.21 0.000 99.99 0.259 9.999 0.259000 9.99 0.259000 0.066 0.559  3.037 0.000  4.252 0.000  17.738 0.000  8.914 0.000  8.824 0.000 0.038 0.000 0.430 0.559
217.333333 218.333333  21.00 0.000 99.99 0.259 9.999 0.259000 9.99 0.259000 0.030 0.559  1.608 0.000  2.251 0.000   6.865 0.000  2.308 0.000  4.557 0.000 0.020 0.000 0.216 0.559
221.333333 222.333333  72.32 0.000  0.75 0.000 9.999 0.259000 9.99 0.259000 0.086 0.559  1.495 0.000  2.094 0.000  11.893 0.000  4.696 0.000  7.197 0.000 0.027 0.000 0.664 0.559
224.333333 225.333333  20.56 0.000 99.99 0.259 9.999 0.259000 9.99 0.259000 0.107 0.559  1.048 0.000  1.467 0.000   7.184 0.000  2.512 0.000  4.672 0.000 0.023 0.000 0.350 0.559
228.333333 229.333333  31.48 0.559  0.35 0.559 9.999 0.559259 9.99 0.559259 0.041 0.559  0.728 0.000  1.019 0.000   5.987 0.000  2.180 0.000  3.806 0.559 0.018 0.559 0.245 0.559
231.333333 232.333333 999.99 0.999 99.99 0.999 9.999 0.999000 9.99 0.999000 9.999 0.999 99.999 0.999 99.999 0.999 999.999 0.999 99.999 0.999 99.999 0.999 9.999 0.999 9.999 0.999
234.333333 235.333333 999.99 0.999 99.99 0.999 9.999 0.999000 9.99 0.999000 9.999 0.999 99.999 0.999 99.999 0.999 999.999 0.999 99.999 0.999 99.999 0.999 9.999 0.999 9.999 0.999
237.333333 238.333333 999.99 0.999 99.99 0.999 9.999 0.999000 9.99 0.999000 9.999 0.999 99.999 0.999 99.999 0.999 999.999 0.999 99.999 0.999 99.999 0.999 9.999 0.999 9.999 0.999
240.333333 241.333333 999.99 0.999 99.99 0.999 9.999 0.999000 9.99 0.999000 9.999 0.999 99.999 0.999 99.999 0.999 999.999 0.999 99.999 0.999 99.999 0.999 9.999 0.999 9.999 0.999
243.333333 244.333333 999.99 0.999 99.99 0.999 9.999 0.999000 9.99 0.999000 9.999 0.999 99.999 0.999 99.999 0.999 999.999 0.999 99.999 0.999 99.999 0.999 9.999 0.999 9.999 0.999
246.333333 247.333333 999.99 0.999 99.99 0.999 9.999 0.999000 9.99 0.999000 9.999 0.999 99.999 0.999 99.999 0.999 999.999 0.999 99.999 0.999 99.999 0.999 9.999 0.999 9.999 0.999
249.333333 250.333333  13.87 0.000  0.12 0.000 9.999 0.259000 9.99 0.259000 0.002 0.559  0.611 0.000  0.856 0.000   1.071 0.000  0.389 0.000  0.682 0.000 0.008 0.000 0.014 0.559
252.333333 253.333333   3.12 0.000  0.31 0.000 9.999 0.259000 9.99 0.259000 0.000 0.559  0.385 0.000  0.539 0.000   3.016 0.000  1.280 0.000  1.736 0.000 0.014 0.000 0.017 0.559
255.333333 256.333333 999.99 0.999 99.99 0.999 9.999 0.999000 9.99 0.999000 9.999 0.999 99.999 0.999 99.999 0.999 999.999 0.999 99.999 0.999 99.999 0.999 9.999 0.999 9.999 0.999
258.333333 259.333333  26.70 0.000  0.26 0.000 9.999 0.259000 9.99 0.259000 0.067 0.000  2.261 0.000  3.166 0.000   5.106 0.000  1.211 0.000  3.895 0.000 0.027 0.000 0.108 0.000
261.333333 262.333333   5.96 0.000  0.22 0.000 9.999 0.259000 9.99 0.259000 0.026 0.000  0.474 0.000  0.664 0.000   1.756 0.000  0.533 0.000  1.224 0.000 0.006 0.000 0.155 0.000
264.333333 265.333333   8.79 0.000  0.16 0.000 9.999 0.259000 9.99 0.259000 0.026 0.000  0.407 0.000  0.570 0.000   3.000 0.000  1.505 0.000  1.494 0.000 0.011 0.000 0.223 0.000
267.333333 268.333333  23.12 0.000  0.20 0.000 9.999 0.259000 9.99 0.259000 0.016 0.000  0.519 0.000  0.726 0.000   5.506 0.000  3.869 0.000  1.638 0.000 0.019 0.000 0.145 0.000
270.333333 271.333333  64.95 0.000  0.82 0.000 9.999 0.259000 9.99 0.259000 0.049 0.000  3.339 0.000  4.675 0.000  12.142 0.000  4.881 0.000  7.261 0.000 0.051 0.000 0.208 0.000
273.333333 274.333333   1.93 0.000  0.22 0.000 9.999 0.259000 0.08 0.000000 9.999 0.259  0.385 0.000  0.538 0.000   1.046 0.000  0.493 0.000  0.553 0.000 0.009 0.000 9.999 0.259
276.333333 277.333333   8.42 0.000  1.22 0.000 9.999 0.259000 9.99 0.259000 0.053 0.000  0.884 0.000  1.238 0.000   6.376 0.000  1.929 0.000  4.447 0.000 0.026 0.000 0.582 0.000
279.333333 280.333333  27.65 0.000  0.29 0.000 9.999 0.259000 9.99 0.259000 0.045 0.000  1.469 0.000  2.056 0.000   7.071 0.000  2.997 0.000  4.074 0.000 0.036 0.000 0.144 0.000
282.333333 283.333333  16.96 0.000  0.39 0.000 9.999 0.259000 9.99 0.259000 0.032 0.000  0.665 0.000  0.931 0.000   3.409 0.000  1.156 0.000  2.253 0.000 0.018 0.000 0.148 0.000
285.333333 286.333333   3.99 0.000 99.99 0.259 9.999 0.259000 9.99 0.259000 0.018 0.000  0.802 0.000  1.123 0.000   2.160 0.000 99.999 0.259  2.170 0.000 0.022 0.000 0.097 0.000
288.333333 289.333333   6.16 0.000  0.39 0.000 9.999 0.259000 9.99 0.259000 0.016 0.000  0.750 0.000  1.051 0.000   2.668 0.000  0.602 0.000  2.065 0.000 0.013 0.000 0.096 0.000
291.333333 292.333333   2.82 0.000  0.21 0.000 0.008 0.000000 9.99 0.259000 0.047 0.000  1.363 0.000  1.908 0.000   3.224 0.000  0.446 0.000  2.778 0.000 0.030 0.000 0.110 0.000
294.333333 295.333333   1.22 0.000 99.99 0.259 9.999 0.259000 9.99 0.259000 0.014 0.000  0.047 0.000  0.066 0.000   0.212 0.000 99.999 0.259  0.362 0.000 0.008 0.000 0.057 0.000
297.333333 298.333333  31.32 0.000  0.27 0.000 9.999 0.259000 9.99 0.259000 0.032 0.000  1.586 0.000  2.221 0.000   6.385 0.000  2.514 0.000  3.871 0.000 0.047 0.000 0.153 0.000
300.333333 301.333333  16.22 0.000  0.48 0.000 9.999 0.259000 0.05 0.000000 0.054 0.000  1.924 0.000  2.694 0.000   5.293 0.000  0.612 0.000  4.681 0.000 0.052 0.000 0.164 0.000
303.333333 304.333333   4.23 0.000  0.38 0.000 9.999 0.259000 9.99 0.259000 0.061 0.000  0.681 0.000  0.953 0.000   2.625 0.000  0.827 0.000  1.798 0.000 0.015 0.000 0.165 0.000
306.333333 307.333333 999.99 0.259 99.99 0.259 9.999 0.259000 9.99 0.259000 0.003 0.000  0.053 0.000  0.074 0.000   0.085 0.000  0.085 0.000 99.999 0.259 0.005 0.000 0.024 0.000
309.333333 310.333333   0.73 0.000 99.99 0.259 9.999 0.259000 9.99 0.259000 0.016 0.000  0.133 0.000  0.186 0.000   2.117 0.000  1.557 0.000  0.560 0.000 0.010 0.000 0.042 0.000
312.333333 313.333333 999.99 0.259 99.99 0.259 0.007 0.000000 9.99 0.259000 0.004 0.000 99.999 0.259 99.999 0.259   0.837 0.000  0.559 0.000  0.278 0.000 0.004 0.000 0.030 0.000
315.333333 316.333333   4.01 0.000  0.27 0.000 0.020 0.000000 9.99 0.259000 0.069 0.000  0.966 0.000  1.353 0.000   3.263 0.000  0.207 0.000  3.056 0.000 0.017 0.000 0.191 0.000
318.333333 319.333333   7.99 0.000  0.31 0.000 9.999 0.259000 9.99 0.259000 0.208 0.000  2.696 0.000  3.774 0.000   6.913 0.000  0.348 0.000  6.565 0.000 0.044 0.000 0.309 0.000
321.333333 322.333333   7.31 0.000  0.36 0.000 9.999 0.259000 9.99 0.259000 0.180 0.000  2.438 0.000  3.413 0.000   7.236 0.000  0.259 0.000  6.976 0.000 0.042 0.000 0.454 0.000
324.333333 325.333333  14.25 0.000  0.78 0.000 9.999 0.259000 9.99 0.259000 0.184 0.000  2.261 0.000  3.166 0.000   6.237 0.000  0.197 0.000  6.040 0.000 0.040 0.000 0.245 0.000
327.333333 328.333333   3.84 0.000  0.19 0.000 9.999 0.259000 9.99 0.259000 0.010 0.000  0.467 0.000  0.653 0.000   1.715 0.000 99.999 0.259  1.721 0.000 0.018 0.000 0.063 0.000
330.333333 331.333333   1.78 0.000  0.10 0.000 9.999 0.259000 9.99 0.259000 0.024 0.000  0.564 0.000  0.790 0.000   1.966 0.000  0.215 0.000  1.751 0.000 0.016 0.000 0.071 0.000
333.333333 334.333333   1.17 0.000 99.99 0.259 9.999 0.259000 9.99 0.259000 0.065 0.000  0.474 0.000  0.663 0.000   1.747 0.000  0.217 0.000  1.530 0.000 0.018 0.000 0.090 0.000
336.333333 337.333333   1.23 0.000  0.20 0.000 9.999 0.259000 9.99 0.259000 0.009 0.000  0.236 0.000  0.330 0.000   0.749 0.000  0.014 0.000  0.734 0.000 0.006 0.000 0.069 0.000
339.333333 340.333333   5.08 0.000  0.23 0.000 9.999 0.259000 0.04 0.000000 0.010 0.000  0.431 0.000  0.604 0.000   1.726 0.000  0.297 0.000  1.429 0.000 0.010 0.000 0.124 0.000
342.333333 343.333333  12.10 0.000  0.84 0.000 9.999 0.259000 9.99 0.259000 0.084 0.000  0.960 0.000  1.344 0.000   4.183 0.000  1.066 0.000  3.117 0.000 0.024 0.000 0.233 0.000
345.333333 346.333333   3.31 0.000 99.99 0.259 9.999 0.259000 9.99 0.259000 0.072 0.000  0.277 0.000  0.388 0.000   2.134 0.000  0.498 0.000  1.636 0.000 0.011 0.000 0.230 0.000
348.333333 349.333333 999.99 0.999 99.99 0.999 9.999 0.999000 9.99 0.999000 9.999 0.999 99.999 0.999 99.999 0.999 999.999 0.999 99.999 0.999 99.999 0.999 9.999 0.999 9.999 0.999
351.333333 352.333333   1.07 0.000  0.21 0.000 9.999 0.259000 0.09 0.000000 0.048 0.000  0.044 0.000  0.062 0.000   1.464 0.000  0.389 0.000  1.075 0.000 0.007 0.000 0.093 0.000
354.333333 355.333333   4.26 0.000  0.18 0.000 9.999 0.259000 9.99 0.259000 0.005 0.000  0.058 0.000  0.082 0.000   0.333 0.000  0.242 0.000  0.091 0.000 0.003 0.000 0.037 0.000
357.333333 358.333333   0.30 0.000  0.21 0.000 9.999 0.259000 9.99 0.259000 0.010 0.000 99.999 0.259 99.999 0.259   0.166 0.000  0.166 0.000 99.999 0.259 9.999 0.259 0.025 0.000
360.333333 361.333333   9.08 0.000 99.99 0.259 9.999 0.259000 9.99 0.259000 0.009 0.000  0.139 0.000  0.195 0.000   1.597 0.000  1.141 0.000  0.456 0.000 0.009 0.000 0.050 0.000
363.333333 364.333333   7.51 0.000  0.15 0.000 9.999 0.259000 9.99 0.259000 0.025 0.000  0.394 0.000  0.552 0.000   1.694 0.000  0.697 0.000  0.997 0.000 0.013 0.000 0.092 0.000
