scripts/IMPROVE-2019_partial/data/US9010R.19950104050000.20191216000000.filterpack...1y.3d.US03L_filterpack_US9010.US03L_IMPROVE_Davis.lev2.nas
51 1001
MISSING INFORMATION
US03L, IMPROVE, , , , , , , 
MISSING INFORMATION
IMPROVE sel_HTAP
1 1
1995 01 01 2019 12 16
0
days from file reference point
4
1 1 1 1
999.999999 999.999 999.999 9.999
end_time of measurement, days from the file reference point
pm10_mass, ug/m3, Matrix=pm10
pm25_mass, ug/m3, Matrix=pm25
numflag, no unit
0
33
Data definition:              EBAS_1.1
Set type code:                TI
Timezone:                     UTC
File name:                    US9010R.19950104050000.20191216000000.filterpack...1y.3d.US03L_filterpack_US9010.US03L_IMPROVE_Davis.lev2.nas
File creation:                20191218120546
Startdate:                    19950104050000
Revision date:                20191216000000
Version:                      2
Version description:          "Data extracted from http://views.cira.colostate.edu/fed/DataWizard 2019-12-16"
Statistics:                   arithmetic mean
Data level:                   2
Period code:                  1y
Resolution code:              3d
Sample duration:              1d
Orig. time res.:              3d
Station code:                 US9010R
Platform code:                US9010S
Station name:                 Moosehorn NWR
Station latitude:             45.1259
Station longitude:            -67.2661
Station altitude:             77.0 m
Regime:                       IMG
Component:                    
Unit:                         ug/m3
Matrix:                       
Laboratory code:              US03L
Instrument type:              filterpack
Instrument name:              filterpack_US9010
Method ref:                   US03L_IMPROVE_Davis
Blank correction:             Blank corrected
Volume std. temperature:      ambient
Volume std. pressure:         ambient
starttime endtime PM10 PM2.5 flag
  3.208333   4.208333   9.637   7.351 0.000
  6.208333   7.208333   9.630   5.900 0.000
 10.208333  11.208333  11.362   8.868 0.000
 13.208333  14.208333  10.285   7.792 0.000
 17.208333  18.208333   7.880   3.660 0.000
 20.208333  21.208333   2.267   1.032 0.000
 24.208333  25.208333   3.648   1.954 0.000
 27.208333  28.208333   6.126   2.947 0.000
 31.208333  32.208333  11.429   8.997 0.000
 34.208333  35.208333   9.954   6.993 0.000
 38.208333  39.208333   8.860   6.700 0.000
 41.208333  42.208333  10.950   8.411 0.000
 45.208333  46.208333  11.565   4.638 0.000
 48.208333  49.208333  14.484  10.943 0.000
 52.208333  53.208333   7.203   4.205 0.000
 55.208333  56.208333   6.150   3.366 0.000
 59.208333  60.208333   6.420   5.466 0.000
 62.208333  63.208333  14.482   8.416 0.000
 66.208333  67.208333  12.098   4.320 0.000
 69.208333  70.208333  11.156   3.837 0.000
 73.208333  74.208333  11.005   9.384 0.000
 76.208333  77.208333  12.364   5.145 0.000
 80.208333  81.208333 999.999 999.999 0.999
 83.208333  84.208333 999.999 999.999 0.999
 87.208333  88.208333   7.413   4.428 0.000
 90.208333  91.208333   8.671   3.568 0.000
 94.208333  95.208333  11.910   6.218 0.000
 97.208333  98.208333   8.035   5.682 0.000
101.208333 102.208333   7.502   5.349 0.000
104.208333 105.208333   2.976   2.469 0.000
108.208333 109.208333   6.683   4.148 0.000
111.208333 112.208333   2.839   2.252 0.000
115.208333 116.208333   9.139   5.474 0.000
118.208333 119.208333   7.282   2.304 0.000
122.208333 123.208333   6.553   4.317 0.000
125.208333 126.208333   5.738   4.886 0.000
129.208333 130.208333   4.011   2.972 0.000
132.208333 133.208333   8.642   2.336 0.000
136.208333 137.208333   4.406   2.967 0.000
139.208333 140.208333   7.390   6.302 0.000
143.208333 144.208333  13.669   9.697 0.000
146.208333 147.208333   5.958   3.673 0.000
150.208333 151.208333   5.685   3.113 0.000
153.208333 154.208333  14.876   9.979 0.000
157.208333 158.208333   7.875   3.565 0.000
160.208333 161.208333  10.180   2.772 0.000
164.208333 165.208333   9.532   5.864 0.000
167.208333 168.208333  12.259   8.132 0.000
171.208333 172.208333 999.999 999.999 0.999
174.208333 175.208333  14.916   7.434 0.000
178.208333 179.208333   7.913   3.818 0.000
181.208333 182.208333   3.992   2.856 0.000
185.208333 186.208333  16.772  13.735 0.000
188.208333 189.208333   8.391   5.978 0.000
192.208333 193.208333  13.846  11.167 0.000
195.208333 196.208333  18.849  14.139 0.000
199.208333 200.208333   7.966   3.412 0.000
202.208333 203.208333  16.658  11.845 0.000
206.208333 207.208333  27.467  26.003 0.000
209.208333 210.208333   7.269   5.424 0.000
213.208333 214.208333   6.153   5.275 0.000
216.208333 217.208333   5.510   2.528 0.000
220.208333 221.208333  12.239   8.432 0.000
223.208333 224.208333  13.364   9.704 0.000
227.208333 228.208333  12.337   9.373 0.000
230.208333 231.208333   7.025   6.543 0.000
234.208333 235.208333  18.731  16.941 0.000
237.208333 238.208333   5.354   3.365 0.000
241.208333 242.208333   3.649   1.950 0.000
244.208333 245.208333   3.246   1.870 0.000
248.208333 249.208333 999.999   2.656 0.000
251.208333 252.208333   7.926   7.420 0.000
255.208333 256.208333  12.756   9.809 0.000
258.208333 259.208333   7.443   4.830 0.000
262.208333 263.208333   4.971   3.519 0.000
265.208333 266.208333   3.374   1.885 0.000
269.208333 270.208333   5.901   4.262 0.000
272.208333 273.208333   2.716   2.304 0.000
276.208333 277.208333   6.481   6.500 0.000
279.208333 280.208333   3.806   2.828 0.000
283.208333 284.208333   6.983   4.305 0.000
286.208333 287.208333  23.734  18.349 0.000
290.208333 291.208333   7.980   3.977 0.000
293.208333 294.208333   9.484   5.138 0.000
297.208333 298.208333 999.999 999.999 0.999
300.208333 301.208333  10.732   6.266 0.000
304.208333 305.208333 999.999 999.999 0.999
307.208333 308.208333   4.658   3.168 0.000
311.208333 312.208333 999.999 999.999 0.999
314.208333 315.208333  13.845   6.783 0.000
318.208333 319.208333 999.999 999.999 0.999
321.208333 322.208333 999.999 999.999 0.999
325.208333 326.208333 999.999 999.999 0.999
328.208333 329.208333   7.527   5.051 0.000
332.208333 333.208333   4.948   2.905 0.000
335.208333 336.208333   6.268   5.549 0.000
339.208333 340.208333   5.164   3.590 0.000
342.208333 343.208333   9.356   4.349 0.000
346.208333 347.208333  11.905  10.201 0.000
349.208333 350.208333   8.285   4.585 0.000
353.208333 354.208333 999.999 999.999 0.999
356.208333 357.208333 999.999 999.999 0.999
360.208333 361.208333 999.999 999.999 0.999
363.208333 364.208333 999.999 999.999 0.999
