scripts/IMPROVE-2019_partial/data/US9008R.20090101050000.20191216000000.filterpack...52w.3d.US03L_filterpack_US9008.US03L_IMPROVE_Davis.lev2.nas
52 1001
MISSING INFORMATION
US03L, IMPROVE, , , , , , , 
MISSING INFORMATION
IMPROVE sel_HTAP
1 1
2009 01 01 2019 12 16
3.000000
days from file reference point
5
1 1 1 1 1
999.999999 999.999 9.999 999.999 9.999
end_time of measurement, days from the file reference point
pm10_mass, ug/m3, Matrix=pm10
numflag pm10_mass, no unit, Matrix=pm10
pm25_mass, ug/m3, Matrix=pm25
numflag pm25_mass, no unit, Matrix=pm25
0
33
Data definition:              EBAS_1.1
Set type code:                TU
Timezone:                     UTC
File name:                    US9008R.20090101050000.20191216000000.filterpack...52w.3d.US03L_filterpack_US9008.US03L_IMPROVE_Davis.lev2.nas
File creation:                20191218120539
Startdate:                    20090101050000
Revision date:                20191216000000
Version:                      2
Version description:          "Data extracted from http://views.cira.colostate.edu/fed/DataWizard 2019-12-16"
Statistics:                   arithmetic mean
Data level:                   2
Period code:                  52w
Resolution code:              3d
Sample duration:              1d
Orig. time res.:              3d
Station code:                 US9008R
Platform code:                US9008S
Station name:                 Presque Isle
Station latitude:             46.6964
Station longitude:            -68.0333
Station altitude:             165.0 m
Regime:                       IMG
Component:                    
Unit:                         ug/m3
Matrix:                       
Laboratory code:              US03L
Instrument type:              filterpack
Instrument name:              filterpack_US9008
Method ref:                   US03L_IMPROVE_Davis
Blank correction:             Blank corrected
Volume std. temperature:      ambient
Volume std. pressure:         ambient
starttime endtime PM10 flag_PM10 PM2.5 flag_PM2.5
  0.208333   1.208333  16.377 0.000   4.289 0.000
  3.208333   4.208333   5.540 0.000   2.446 0.000
  6.208333   7.208333  12.384 0.000   6.288 0.000
  9.208333  10.208333   5.251 0.000   2.725 0.000
 12.208333  13.208333 999.999 0.456   5.877 0.000
 15.208333  16.208333  21.076 0.000  11.768 0.000
 18.208333  19.208333  23.488 0.000   7.619 0.000
 21.208333  22.208333   9.495 0.000   4.758 0.000
 24.208333  25.208333  12.548 0.000   5.095 0.000
 27.208333  28.208333  28.705 0.000  16.280 0.000
 30.208333  31.208333  15.274 0.000   9.127 0.000
 33.208333  34.208333   7.347 0.000   4.001 0.000
 36.208333  37.208333  13.392 0.000   3.998 0.000
 39.208333  40.208333  23.345 0.000   4.376 0.000
 42.208333  43.208333  12.159 0.000   6.787 0.000
 45.208333  46.208333   4.972 0.000   2.295 0.000
 48.208333  49.208333  15.806 0.000   5.332 0.000
 51.208333  52.208333   4.571 0.000   2.015 0.000
 54.208333  55.208333   5.081 0.000   2.826 0.000
 57.208333  58.208333  11.547 0.000   7.197 0.000
 60.208333  61.208333  27.616 0.000   2.534 0.000
 63.208333  64.208333  24.310 0.000   4.756 0.000
 66.208333  67.208333   9.997 0.000   6.623 0.000
 69.208333  70.208333   7.724 0.000   3.236 0.000
 72.208333  73.208333  15.721 0.000   4.473 0.000
 75.208333  76.208333  31.780 0.000   8.608 0.000
 78.208333  79.208333  23.543 0.000   5.359 0.000
 81.208333  82.208333  19.238 0.000   3.620 0.000
 84.208333  85.208333  42.163 0.000   9.273 0.000
 87.208333  88.208333  13.637 0.000   5.895 0.000
 90.208333  91.208333  13.236 0.000   5.063 0.000
 93.208333  94.208333   8.751 0.000   4.441 0.000
 96.208333  97.208333   4.811 0.000 999.999 0.456
 99.208333 100.208333  16.357 0.000   3.526 0.000
102.208333 103.208333   7.488 0.000   2.582 0.000
105.208333 106.208333  22.461 0.000   5.185 0.000
108.208333 109.208333   7.383 0.000   3.418 0.000
111.208333 112.208333   6.258 0.000   2.983 0.000
114.208333 115.208333  21.093 0.000   7.688 0.000
117.208333 118.208333  21.854 0.000   5.094 0.000
120.208333 121.208333   8.518 0.000   3.821 0.000
123.208333 124.208333  15.674 0.000   5.489 0.000
126.208333 127.208333   4.860 0.000   1.865 0.000
129.208333 130.208333   3.755 0.000   1.446 0.000
132.208333 133.208333  13.005 0.000   5.297 0.000
135.208333 136.208333   9.416 0.000   3.295 0.000
138.208333 139.208333   9.287 0.000   3.003 0.000
141.208333 142.208333  15.733 0.000   5.150 0.000
144.208333 145.208333   6.754 0.000   2.773 0.000
147.208333 148.208333   8.672 0.000   3.254 0.000
150.208333 151.208333   7.167 0.000   2.698 0.000
153.208333 154.208333   7.184 0.000   2.290 0.000
156.208333 157.208333   9.066 0.000   4.469 0.000
159.208333 160.208333   6.664 0.000   1.978 0.000
162.208333 163.208333   5.456 0.000   2.359 0.000
165.208333 166.208333   7.288 0.000   2.966 0.000
168.208333 169.208333  11.518 0.000   4.067 0.000
171.208333 172.208333   8.104 0.000   3.543 0.000
174.208333 175.208333   6.039 0.000   2.652 0.000
177.208333 178.208333  12.637 0.000   8.683 0.000
180.208333 181.208333   5.763 0.000   2.146 0.000
183.208333 184.208333   6.750 0.000   4.091 0.000
186.208333 187.208333   3.913 0.000   1.226 0.000
189.208333 190.208333  10.364 0.000   5.040 0.000
192.208333 193.208333   7.601 0.000   3.971 0.000
195.208333 196.208333   7.183 0.000   2.010 0.000
198.208333 199.208333  10.272 0.000   7.894 0.000
201.208333 202.208333  11.349 0.000   5.171 0.000
204.208333 205.208333   8.075 0.000   4.004 0.000
207.208333 208.208333   7.978 0.000   5.074 0.000
210.208333 211.208333  14.145 0.000  10.711 0.000
213.208333 214.208333  14.248 0.000   8.303 0.000
216.208333 217.208333  16.711 0.000   8.397 0.000
219.208333 220.208333   5.931 0.000   2.337 0.000
222.208333 223.208333   6.111 0.000   3.620 0.000
225.208333 226.208333  17.004 0.000   9.258 0.000
228.208333 229.208333  28.293 0.000  20.567 0.000
231.208333 232.208333  13.565 0.000   5.029 0.000
234.208333 235.208333  10.121 0.000   6.165 0.000
237.208333 238.208333  16.057 0.000   5.333 0.000
240.208333 241.208333   5.066 0.000   2.282 0.000
243.208333 244.208333   7.043 0.000   2.905 0.000
246.208333 247.208333  11.742 0.000   4.834 0.000
249.208333 250.208333   6.093 0.000   2.395 0.000
252.208333 253.208333  12.596 0.000   3.134 0.000
255.208333 256.208333   6.780 0.000   3.447 0.000
258.208333 259.208333   7.032 0.000   2.122 0.000
261.208333 262.208333   3.879 0.000   1.172 0.000
264.208333 265.208333  12.342 0.000   6.469 0.000
267.208333 268.208333   4.452 0.000   2.095 0.000
270.208333 271.208333   3.773 0.000   1.627 0.000
273.208333 274.208333   5.025 0.000   2.149 0.000
276.208333 277.208333   3.020 0.000   1.963 0.000
279.208333 280.208333   5.062 0.000   3.179 0.000
282.208333 283.208333   3.328 0.000   1.823 0.000
285.208333 286.208333   5.283 0.000   2.751 0.000
288.208333 289.208333   5.619 0.000   2.656 0.000
291.208333 292.208333   6.192 0.000   2.841 0.000
294.208333 295.208333   4.448 0.000   2.799 0.000
297.208333 298.208333   2.079 0.000   1.400 0.000
300.208333 301.208333   8.436 0.000   3.826 0.000
303.208333 304.208333   7.045 0.000   4.168 0.000
306.208333 307.208333   9.889 0.000   4.503 0.000
309.208333 310.208333   6.839 0.000   3.033 0.000
312.208333 313.208333  12.661 0.000   5.391 0.000
315.208333 316.208333  18.902 0.000   6.532 0.000
318.208333 319.208333   2.395 0.000   1.416 0.000
321.208333 322.208333 999.999 0.999 999.999 0.999
324.208333 325.208333   3.695 0.000   3.018 0.000
327.208333 328.208333  12.960 0.000   5.870 0.000
330.208333 331.208333   2.041 0.000   1.684 0.000
333.208333 334.208333   3.484 0.000   2.922 0.000
336.208333 337.208333   3.509 0.000   2.943 0.000
339.208333 340.208333   5.537 0.000   2.163 0.000
342.208333 343.208333  12.764 0.000   4.015 0.000
345.208333 346.208333   5.552 0.000   1.686 0.000
348.208333 349.208333 999.999 0.456   7.172 0.000
351.208333 352.208333   3.224 0.000   1.610 0.000
354.208333 355.208333   4.018 0.000   2.289 0.000
357.208333 358.208333   2.602 0.000   1.805 0.000
360.208333 361.208333   3.349 0.000   2.434 0.000
363.208333 364.208333   3.397 0.000   2.474 0.000
