scripts/IMPROVE-2019_partial/data/US9073R.20160101060000.20191216000000.filterpack...52w.3d.US03L_filterpack_US9073.US03L_IMPROVE_Davis.lev2.nas
52 1001
MISSING INFORMATION
US03L, IMPROVE, , , , , , , 
MISSING INFORMATION
IMPROVE sel_HTAP
1 1
2016 01 01 2019 12 16
3.00
days from file reference point
5
1 1 1 1 1
999.99 999.999 9.999 999.999 9.999
end_time of measurement, days from the file reference point
pm10_mass, ug/m3, Matrix=pm10
numflag pm10_mass, no unit, Matrix=pm10
pm25_mass, ug/m3, Matrix=pm25
numflag pm25_mass, no unit, Matrix=pm25
0
33
Data definition:              EBAS_1.1
Set type code:                TU
Timezone:                     UTC
File name:                    US9073R.20160101060000.20191216000000.filterpack...52w.3d.US03L_filterpack_US9073.US03L_IMPROVE_Davis.lev2.nas
File creation:                20191218121032
Startdate:                    20160101060000
Revision date:                20191216000000
Version:                      2
Version description:          "Data extracted from http://views.cira.colostate.edu/fed/DataWizard 2019-12-16"
Statistics:                   arithmetic mean
Data level:                   2
Period code:                  52w
Resolution code:              3d
Sample duration:              1d
Orig. time res.:              3d
Station code:                 US9073R
Platform code:                US9073S
Station name:                 Wichita Mountains
Station latitude:             34.7323
Station longitude:            -98.713
Station altitude:             509.0 m
Regime:                       IMG
Component:                    
Unit:                         ug/m3
Matrix:                       
Laboratory code:              US03L
Instrument type:              filterpack
Instrument name:              filterpack_US9073
Method ref:                   US03L_IMPROVE_Davis
Blank correction:             Blank corrected
Volume std. temperature:      ambient
Volume std. pressure:         ambient
starttime endtime PM10 flag_PM10 PM2.5 flag_PM2.5
  0.25   1.25   6.593 0.000   4.269 0.000
  3.25   4.25   5.243 0.000   2.605 0.000
  6.25   7.25   6.951 0.000   4.437 0.000
  9.25  10.25   6.140 0.000   4.587 0.000
 12.25  13.25   5.746 0.000   1.949 0.000
 15.25  16.25   5.528 0.000   4.247 0.000
 18.25  19.25  16.566 0.000  10.414 0.000
 21.25  22.25  11.538 0.000   8.130 0.000
 24.25  25.25   8.845 0.000   2.422 0.000
 27.25  28.25   6.883 0.000   1.721 0.000
 30.25  31.25  11.629 0.000   2.125 0.000
 33.25  34.25   3.540 0.000   2.185 0.000
 36.25  37.25   3.765 0.000   1.457 0.000
 39.25  40.25   5.427 0.000   1.052 0.000
 42.25  43.25  18.883 0.000   4.627 0.000
 45.25  46.25   9.976 0.000   3.044 0.000
 48.25  49.25  23.482 0.000   7.110 0.000
 51.25  52.25  20.660 0.000   4.105 0.000
 54.25  55.25   5.327 0.000   0.994 0.000
 57.25  58.25   9.832 0.000   3.601 0.000
 60.25  61.25  11.313 0.000   2.481 0.000
 63.25  64.25  12.458 0.000   3.332 0.000
 66.25  67.25   8.957 0.000   5.636 0.000
 69.25  70.25   8.445 0.000   4.334 0.000
 72.25  73.25   7.064 0.000   3.378 0.000
 75.25  76.25  13.528 0.000   2.757 0.000
 78.25  79.25   7.995 0.000   3.238 0.000
 81.25  82.25  13.690 0.000   4.754 0.000
 84.25  85.25  22.473 0.000  10.687 0.000
 87.25  88.25   6.712 0.000   2.357 0.000
 90.25  91.25  12.262 0.000   3.053 0.000
 93.25  94.25   8.888 0.000   2.255 0.000
 96.25  97.25  22.424 0.000   5.219 0.000
 99.25 100.25  15.240 0.000   5.248 0.000
102.25 103.25   8.167 0.000   3.738 0.000
105.25 106.25   8.734 0.000   5.284 0.000
108.25 109.25   3.122 0.000   0.956 0.000
111.25 112.25   5.212 0.000   1.175 0.000
114.25 115.25  11.986 0.000   6.093 0.000
117.25 118.25   7.478 0.000   2.116 0.000
120.25 121.25   2.535 0.000   0.682 0.000
123.25 124.25   6.508 0.000   2.687 0.000
126.25 127.25  14.790 0.000   4.169 0.000
129.25 130.25  21.160 0.000   4.913 0.000
132.25 133.25   9.310 0.000   2.637 0.000
135.25 136.25   9.298 0.000   4.103 0.000
138.25 139.25 999.999 0.999 999.999 0.999
141.25 142.25 999.999 0.999 999.999 0.999
144.25 145.25 999.999 0.999 999.999 0.999
147.25 148.25   9.194 0.000   3.743 0.000
150.25 151.25   6.187 0.000   3.417 0.000
153.25 154.25 999.999 0.999 999.999 0.999
156.25 157.25  13.657 0.000   3.821 0.000
159.25 160.25  14.738 0.000   6.868 0.000
162.25 163.25  14.073 0.000   8.532 0.000
165.25 166.25  13.308 0.000 999.999 0.456
168.25 169.25 999.999 0.999 999.999 0.999
171.25 172.25 999.999 0.999 999.999 0.999
174.25 175.25 999.999 0.456   8.563 0.000
177.25 178.25  10.093 0.000   4.712 0.000
180.25 181.25 999.999 0.999 999.999 0.999
183.25 184.25  22.182 0.000  11.586 0.000
186.25 187.25  14.914 0.000   8.140 0.000
189.25 190.25 999.999 0.999 999.999 0.999
192.25 193.25 999.999 0.999 999.999 0.999
195.25 196.25 999.999 0.999 999.999 0.999
198.25 199.25  23.797 0.000  10.119 0.000
201.25 202.25  12.972 0.000   5.838 0.000
204.25 205.25  14.872 0.000   5.981 0.000
207.25 208.25  14.695 0.000   8.836 0.000
210.25 211.25 999.999 0.456 999.999 0.456
213.25 214.25  26.311 0.000  10.679 0.000
216.25 217.25  19.533 0.000   9.140 0.000
219.25 220.25 999.999 0.999 999.999 0.999
222.25 223.25 999.999 0.999 999.999 0.999
225.25 226.25 999.999 0.999 999.999 0.999
228.25 229.25 999.999 0.999 999.999 0.999
231.25 232.25 999.999 0.999 999.999 0.999
234.25 235.25   9.158 0.000   4.518 0.000
237.25 238.25  16.763 0.000   7.313 0.000
240.25 241.25  12.566 0.000   7.571 0.000
243.25 244.25   9.845 0.000   5.581 0.000
246.25 247.25  15.701 0.000   8.675 0.000
249.25 250.25  13.141 0.000   5.077 0.000
252.25 253.25  39.468 0.000  15.722 0.000
255.25 256.25  12.304 0.000   6.560 0.000
258.25 259.25  11.591 0.000   6.382 0.000
261.25 262.25   6.518 0.000   3.420 0.000
264.25 265.25  21.398 0.000  13.347 0.000
267.25 268.25  10.026 0.000   4.320 0.000
270.25 271.25   7.131 0.000   2.729 0.000
273.25 274.25 999.999 0.999 999.999 0.999
276.25 277.25 999.999 0.999 999.999 0.999
279.25 280.25  13.881 0.000   4.933 0.000
282.25 283.25   8.959 0.000   4.757 0.000
285.25 286.25 999.999 0.999 999.999 0.999
288.25 289.25 999.999 0.999 999.999 0.999
291.25 292.25  22.192 0.000   4.712 0.000
294.25 295.25  11.070 0.000   3.217 0.000
297.25 298.25  15.213 0.000   7.216 0.000
300.25 301.25  14.899 0.000   6.147 0.000
303.25 304.25  25.258 0.000  10.092 0.000
306.25 307.25   9.678 0.000   3.589 0.000
309.25 310.25  14.134 0.000   7.529 0.000
312.25 313.25   8.349 0.000   3.952 0.000
315.25 316.25  11.892 0.000   4.050 0.000
318.25 319.25  11.398 0.000   4.545 0.000
321.25 322.25  13.123 0.000   4.299 0.000
324.25 325.25   8.147 0.000   2.225 0.000
327.25 328.25   6.616 0.000   1.209 0.000
330.25 331.25  10.493 0.000   3.702 0.000
333.25 334.25  11.856 0.000   1.878 0.000
336.25 337.25  14.687 0.000   4.250 0.000
339.25 340.25   4.127 0.000   3.547 0.000
342.25 343.25   5.527 0.000   2.323 0.000
345.25 346.25   8.656 0.000   4.519 0.000
348.25 349.25 999.999 0.999 999.999 0.999
351.25 352.25  17.535 0.000   4.373 0.000
354.25 355.25   9.896 0.000   2.949 0.000
357.25 358.25  13.780 0.000   4.301 0.000
360.25 361.25   4.225 0.000   1.207 0.000
363.25 364.25   4.475 0.000   0.570 0.000
