scripts/IMPROVE-2019_partial/data/US9066R.20030103050000.20191216000000.filterpack..pm25.1y.1w.US03L_filterpack_US9066.US03L_IMPROVE_Davis.lev2.nas
66 1001
MISSING INFORMATION
US03L, IMPROVE, , , , , , , 
MISSING INFORMATION
IMPROVE sel_HTAP
1 1
2003 01 01 2019 12 16
3.000000
days from file reference point
27
1 1 1 1 1 1 1 1 1 1 1 1 1 1 1 1 1 1 1 1 1 1 1 1 1 1 1
999.999999 99.999 9.999 9999.99 9.999 99.99 9.999999 9.999 9.999999 99.99 9.999 9.999 9.999 99.999 9.999 999.999 9.999 999.999 9.999 999.999 9.999 999.999 9.999 9.999 9.999 99.999 9.999
end_time of measurement, days from the file reference point
ammonium, ug N/m3, Revision date=20181210133000
numflag ammonium, no unit, Revision date=20181210133000
iron, ng/m3, Revision date=20181210133000
numflag iron, no unit, Revision date=20181210133000
lead, ng/m3, Revision date=20181210133000
numflag lead, no unit, Revision date=20181210133000
magnesium, ug/m3, Revision date=20181210133000
numflag magnesium, no unit, Revision date=20181210133000
nickel, ng/m3, Revision date=20181210133000
numflag nickel, no unit, Revision date=20181210133000
nitrate, ug N/m3, Revision date=20181210133000
numflag nitrate, no unit, Revision date=20181210133000
organic_carbon, ug C/m3, Revision date=20181210133000
numflag organic_carbon, no unit, Revision date=20181210133000
organic_mass, ug/m3, Revision date=20181210133000
numflag organic_mass, no unit, Revision date=20181210133000
pm10_mass, ug/m3, Version=2, Version description=Data extracted from http://views.cira.colostate.edu/fed/DataWizard 2019-12-16, Sample duration=1d, Orig. time res.=3d, Matrix=pm10, Blank correction=Blank corrected, Volume std. temperature=ambient, Volume std. pressure=ambient
numflag pm10_mass, no unit, Version=2, Version description=Data extracted from http://views.cira.colostate.edu/fed/DataWizard 2019-12-16, Sample duration=1d, Orig. time res.=3d, Matrix=pm10, Blank correction=Blank corrected, Volume std. temperature=ambient, Volume std. pressure=ambient
pm10_pm25_mass, ug/m3, Revision date=20181210133000, Matrix=pm10_pm25
numflag pm10_pm25_mass, no unit, Revision date=20181210133000, Matrix=pm10_pm25
pm25_mass, ug/m3, Version=2, Version description=Data extracted from http://views.cira.colostate.edu/fed/DataWizard 2019-12-16, Sample duration=1d, Orig. time res.=3d, Blank correction=Blank corrected, Volume std. temperature=ambient, Volume std. pressure=ambient
numflag pm25_mass, no unit, Version=2, Version description=Data extracted from http://views.cira.colostate.edu/fed/DataWizard 2019-12-16, Sample duration=1d, Orig. time res.=3d, Blank correction=Blank corrected, Volume std. temperature=ambient, Volume std. pressure=ambient
potassium, ug/m3, Revision date=20181210133000
numflag potassium, no unit, Revision date=20181210133000
sulphate_total, ug S/m3, Revision date=20181210133000
numflag sulphate_total, no unit, Revision date=20181210133000
0
25
Data definition:              EBAS_1.1
Set type code:                TU
Timezone:                     UTC
File name:                    US9066R.20030103050000.20191216000000.filterpack..pm25.1y.1w.US03L_filterpack_US9066.US03L_IMPROVE_Davis.lev2.nas
File creation:                20191218121000
Startdate:                    20030103050000
Revision date:                20191216000000
Statistics:                   arithmetic mean
Data level:                   2
Period code:                  1y
Resolution code:              1w
Station code:                 US9066R
Platform code:                US9066S
Station name:                 Swanquarter
Station latitude:             35.451
Station longitude:            -76.2075
Station altitude:             -3.0 m
Regime:                       IMG
Component:                    
Matrix:                       pm25
Laboratory code:              US03L
Instrument type:              filterpack
Instrument name:              filterpack_US9066
Method ref:                   US03L_IMPROVE_Davis
starttime endtime NH4+ flag_NH4+ Fe flag_Fe Pb flag_Pb Mg++ flag_Mg++ Ni flag_Ni NO3- flag_NO3- OC flag_OC OM flag_OM PM10 flag_PM10 PM10-PM2.5 flag_PM10-PM2.5 PM2.5 flag_PM2.5 K+ flag_K+ SO4-- flag_SO4--
  2.208333   3.208333  0.765 0.559    4.42 0.559  0.67 0.559000 9.999 0.559259  0.44 0.559 0.063 0.559  0.936 0.000   1.310 0.000  10.380 0.000   4.522 0.000   5.859 0.559 0.017 0.559  1.166 0.559
  5.208333   6.208333  1.324 0.559   12.54 0.559  1.27 0.559000 9.999 0.559259  1.07 0.559 0.465 0.559  1.564 0.000   2.190 0.000  14.757 0.000   6.326 0.000   8.431 0.559 0.034 0.559  1.376 0.559
  8.208333   9.208333  0.548 0.000   17.75 0.000  1.61 0.000000 9.999 0.259000  0.32 0.000 0.129 0.000  2.618 0.000   3.665 0.000  13.129 0.000   5.780 0.000   7.349 0.000 0.060 0.000  0.643 0.000
 11.208333  12.208333  0.542 0.559    8.03 0.559  1.24 0.559000 9.999 0.559259  0.37 0.559 0.207 0.559  1.201 0.000   1.682 0.000   7.931 0.000   3.623 0.000   4.308 0.559 0.028 0.559  0.545 0.559
 14.208333  15.208333  0.782 0.559   13.59 0.559  1.40 0.559000 0.021 0.559000  0.46 0.559 0.308 0.559  1.215 0.000   1.701 0.000   9.889 0.000   4.510 0.000   5.379 0.559 0.033 0.559  0.751 0.559
 17.208333  18.208333  1.194 0.559   20.47 0.559  2.68 0.559000 9.999 0.559259  0.96 0.559 0.415 0.559  1.974 0.000   2.763 0.000  12.382 0.000   3.816 0.000   8.567 0.559 0.059 0.559  1.101 0.559
 20.208333  21.208333  0.909 0.559   14.94 0.559  2.09 0.559000 9.999 0.559259  0.72 0.559 0.281 0.559  1.478 0.000   2.069 0.000  15.762 0.000   9.231 0.000   6.531 0.559 0.034 0.559  1.032 0.559
 23.208333  24.208333  0.438 0.559    9.90 0.559  1.15 0.559000 9.999 0.559259  0.30 0.559 0.222 0.559  0.733 0.000   1.026 0.000   7.164 0.000   3.888 0.000   3.276 0.559 0.024 0.559  0.422 0.559
 26.208333  27.208333  0.672 0.559   12.26 0.559  1.46 0.559000 9.999 0.559259  0.40 0.559 0.278 0.559  1.336 0.000   1.870 0.000   9.649 0.000   4.596 0.000   5.053 0.559 0.033 0.559  0.612 0.559
 29.208333  30.208333  1.082 0.000    8.31 0.559  1.69 0.559000 9.999 0.559259  3.00 0.559 0.388 0.000  2.728 0.000   3.819 0.000  14.510 0.000   6.285 0.000   8.225 0.559 0.044 0.559  0.934 0.000
 32.208333  33.208333  0.835 0.559    4.33 0.559  1.15 0.559000 9.999 0.559259  0.43 0.559 0.057 0.559  0.933 0.000   1.306 0.000   6.981 0.000   1.624 0.000   5.357 0.559 0.019 0.559  0.922 0.559
 35.208333  36.208333  0.589 0.559    8.15 0.559  0.87 0.559000 9.999 0.559259  0.42 0.559 0.051 0.559  0.789 0.000   1.105 0.000   5.932 0.000   1.976 0.000   3.956 0.559 0.020 0.559  0.658 0.559
 38.208333  39.208333  1.267 0.559   10.65 0.559  1.39 0.559000 9.999 0.559259  0.37 0.559 0.115 0.559  1.404 0.000   1.965 0.000  11.962 0.000   3.082 0.000   8.880 0.559 0.028 0.559  1.670 0.559
 41.208333  42.208333  0.906 0.559    5.25 0.559  5.17 0.559000 9.999 0.559259  0.23 0.559 0.068 0.559  0.917 0.000   1.283 0.000   7.858 0.000   2.077 0.000   5.781 0.559 0.022 0.559  1.058 0.559
 44.208333  45.208333  0.631 0.000   11.86 0.559  1.23 0.559000 9.999 0.559259  0.76 0.559 0.300 0.000  1.974 0.000   2.764 0.000   9.998 0.000   4.506 0.000   5.493 0.559 0.047 0.559  0.549 0.000
 47.208333  48.208333  0.747 0.000    3.89 0.559  0.65 0.559000 9.999 0.559259  1.49 0.559 0.033 0.000  0.769 0.000   1.076 0.000  10.798 0.000   2.972 0.000   7.827 0.559 0.016 0.559  1.961 0.000
 50.208333  51.208333  1.984 0.559   13.08 0.559  0.90 0.559000 9.999 0.559259  1.05 0.559 0.272 0.559  1.921 0.000   2.689 0.000  18.434 0.000   6.359 0.000  12.075 0.559 0.034 0.559  2.418 0.559
 53.208333  54.208333 99.999 0.999 9999.99 0.999 99.99 0.999000 9.999 0.999000 99.99 0.999 9.999 0.999 99.999 0.999 999.999 0.999 999.999 0.999 999.999 0.999 999.999 0.999 9.999 0.999 99.999 0.999
 56.208333  57.208333  0.770 0.000    9.16 0.559  0.97 0.559000 9.999 0.559259  0.63 0.559 0.141 0.000  0.772 0.000   1.080 0.000  11.393 0.000   5.724 0.000   5.669 0.559 0.018 0.559  1.155 0.000
 59.208333  60.208333  0.677 0.559    4.51 0.559  0.52 0.559000 9.999 0.559259  0.60 0.559 0.082 0.559  0.485 0.000   0.678 0.000  11.104 0.000   5.232 0.000   5.872 0.559 0.017 0.559  1.425 0.559
 62.208333  63.208333  0.708 0.000    6.26 0.559  0.80 0.559000 9.999 0.559259  0.33 0.559 0.098 0.000  0.642 0.000   0.899 0.000  10.435 0.000   5.566 0.000   4.869 0.559 0.016 0.559  1.053 0.000
 65.208333  66.208333  0.730 0.559    6.69 0.559  0.75 0.559000 9.999 0.559259  0.95 0.559 0.099 0.559  0.656 0.000   0.918 0.000  11.089 0.000   5.279 0.000   5.811 0.559 0.021 0.559  1.158 0.559
 68.208333  69.208333  1.121 0.559   15.44 0.559  2.01 0.559000 0.034 0.559000  0.68 0.559 0.162 0.559  0.940 0.000   1.316 0.000  16.529 0.000   8.646 0.000   7.884 0.559 0.031 0.559  1.481 0.559
 71.208333  72.208333  0.831 0.000   11.04 0.000  0.70 0.000000 9.999 0.259000  0.56 0.000 0.117 0.000  1.168 0.000   1.636 0.000  12.386 0.000   5.470 0.000   6.915 0.000 0.028 0.000  1.247 0.000
 74.208333  75.208333  0.052 0.000    4.48 0.000  0.25 0.000000 9.999 0.259000  0.16 0.000 0.039 0.000  0.358 0.000   0.501 0.000   7.982 0.000   6.232 0.000   1.750 0.000 0.013 0.000  0.228 0.000
 77.208333  78.208333  0.613 0.559    7.50 0.000  0.70 0.000000 9.999 0.259000  0.56 0.000 0.114 0.559  0.621 0.000   0.870 0.000  21.478 0.000  14.791 0.000   6.686 0.000 0.041 0.000  1.284 0.559
 80.208333  81.208333  1.444 0.000   20.40 0.000  1.14 0.000000 9.999 0.259000  1.13 0.000 0.119 0.000  3.388 0.000   4.743 0.000  20.444 0.000   7.272 0.000  13.171 0.000 0.069 0.000  1.953 0.000
 83.208333  84.208333  1.477 0.559   14.90 0.559  1.87 0.559000 9.999 0.559259  0.44 0.559 0.066 0.559  1.079 0.000   1.511 0.000  18.785 0.000   7.634 0.000  11.151 0.559 0.019 0.559  2.226 0.559
 86.208333  87.208333  0.217 0.559   10.16 0.559  0.46 0.559000 9.999 0.559259  0.29 0.559 0.070 0.559  0.328 0.000   0.459 0.000  14.031 0.000  10.530 0.000   3.501 0.559 0.021 0.559  0.541 0.559
 89.208333  90.208333  0.758 0.000   10.09 0.559  1.51 0.559000 0.021 0.559000  0.15 0.559 0.053 0.000  0.733 0.000   1.026 0.000   9.379 0.000   3.487 0.000   5.891 0.559 0.017 0.559  0.954 0.000
 92.208333  93.208333 99.999 0.999 9999.99 0.999 99.99 0.999000 9.999 0.999000 99.99 0.999 9.999 0.999 99.999 0.999 999.999 0.999 999.999 0.999 999.999 0.999 999.999 0.999 9.999 0.999 99.999 0.999
 95.208333  96.208333 99.999 0.999 9999.99 0.999 99.99 0.999000 9.999 0.999000 99.99 0.999 9.999 0.999 99.999 0.999 999.999 0.999 999.999 0.999 999.999 0.999 999.999 0.999 9.999 0.999 99.999 0.999
 98.208333  99.208333  0.055 0.000    0.74 0.559 99.99 0.559259 9.999 0.559259  0.17 0.559 0.015 0.000  0.125 0.000   0.174 0.000   2.303 0.000   1.538 0.000   0.765 0.559 0.002 0.559  0.116 0.000
101.208333 102.208333  0.960 0.000   14.50 0.000  1.30 0.000000 9.999 0.259000  0.64 0.000 0.101 0.000  1.162 0.000   1.627 0.000  10.289 0.000   3.403 0.000   6.887 0.000 0.020 0.000  1.280 0.000
104.208333 105.208333  0.699 0.559   15.82 0.559  1.53 0.559000 9.999 0.559259  0.81 0.559 0.044 0.559  0.847 0.000   1.186 0.000  10.924 0.000   4.913 0.000   6.011 0.559 0.024 0.559  1.064 0.559
107.208333 108.208333  0.387 0.000    9.91 0.559  0.62 0.559000 9.999 0.559259  0.39 0.559 0.154 0.000  0.643 0.000   0.900 0.000  17.847 0.000  11.216 0.000   6.631 0.559 0.043 0.559  1.168 0.000
110.208333 111.208333  0.324 0.559    5.49 0.559  0.78 0.559000 9.999 0.559259  0.29 0.559 0.061 0.559  0.658 0.000   0.921 0.000   7.481 0.000   4.024 0.000   3.458 0.559 0.020 0.559  0.510 0.559
113.208333 114.208333  0.735 0.000   33.79 0.000  1.68 0.000000 9.999 0.259000  0.20 0.000 0.061 0.000  1.172 0.000   1.640 0.000  11.694 0.000   5.383 0.000   6.311 0.000 0.037 0.000  0.959 0.000
116.208333 117.208333  0.674 0.000    6.30 0.000  1.15 0.000000 9.999 0.259000  0.62 0.000 0.033 0.000  0.869 0.000   1.216 0.000   8.024 0.000   2.859 0.000   5.165 0.000 0.012 0.000  1.030 0.000
119.208333 120.208333  0.854 0.000   13.48 0.000  0.81 0.000000 9.999 0.259000  0.77 0.000 0.064 0.000  1.217 0.000   1.704 0.000  11.966 0.000   4.648 0.000   7.317 0.000 0.020 0.000  1.294 0.000
122.208333 123.208333  0.612 0.000    6.98 0.000  2.42 0.000000 9.999 0.259000  0.53 0.000 0.075 0.000  1.308 0.000   1.831 0.000  13.601 0.000   7.058 0.000   6.543 0.000 0.017 0.000  1.067 0.000
125.208333 126.208333  0.459 0.559   28.96 0.559  1.39 0.559000 9.999 0.559259  0.46 0.559 0.067 0.559  1.081 0.000   1.514 0.000  15.655 0.000   9.070 0.000   6.584 0.559 0.042 0.559  1.084 0.559
128.208333 129.208333  1.416 0.000   50.91 0.000  0.86 0.000000 9.999 0.259000  0.90 0.000 0.095 0.000  3.353 0.000   4.694 0.000  27.026 0.000  11.005 0.000  16.021 0.000 0.112 0.000  2.276 0.000
131.208333 132.208333 99.999 0.999 9999.99 0.999 99.99 0.999000 9.999 0.999000 99.99 0.999 9.999 0.999 99.999 0.999 999.999 0.999 999.999 0.999 999.999 0.999 999.999 0.999 9.999 0.999 99.999 0.999
134.208333 135.208333  0.693 0.000   14.10 0.000  0.70 0.000000 9.999 0.259000  0.15 0.000 0.037 0.000  1.505 0.000   2.107 0.000  12.198 0.000   5.080 0.000   7.118 0.000 0.030 0.000  1.050 0.000
137.208333 138.208333  0.130 0.559    2.76 0.559  0.31 0.559000 9.999 0.559259  0.27 0.559 0.042 0.559  0.264 0.000   0.370 0.000  10.723 0.000   8.115 0.000   2.608 0.559 0.013 0.559  0.403 0.559
140.208333 141.208333  0.294 0.000   18.52 0.000  0.82 0.000000 9.999 0.259000  0.40 0.000 0.036 0.000  1.103 0.000   1.544 0.000  10.826 0.000   6.378 0.000   4.448 0.000 0.024 0.000  0.593 0.000
143.208333 144.208333  0.410 0.000   10.53 0.000  0.29 0.000000 9.999 0.259000  0.40 0.000 0.038 0.000  0.460 0.000   0.643 0.000   7.415 0.000   3.627 0.000   3.788 0.000 0.014 0.000  0.784 0.000
146.208333 147.208333  0.376 0.000    3.58 0.000  0.34 0.000000 0.015 0.000000  0.28 0.000 0.042 0.000  0.506 0.000   0.709 0.000   7.127 0.000   3.328 0.000   3.799 0.000 0.006 0.000  0.749 0.000
149.208333 150.208333  1.252 0.000   11.06 0.000  1.44 0.000000 9.999 0.259000  0.35 0.000 0.107 0.000  2.862 0.000   4.007 0.000  17.146 0.000   5.378 0.000  11.768 0.000 0.023 0.000  1.704 0.000
152.208333 153.208333  0.633 0.559    9.45 0.000  1.06 0.000000 9.999 0.259000  0.29 0.000 0.024 0.559  1.117 0.000   1.564 0.000  10.381 0.000   4.326 0.000   6.055 0.000 0.014 0.000  0.927 0.559
155.208333 156.208333  0.937 0.000   44.68 0.000  0.79 0.000000 9.999 0.259000  0.29 0.000 0.051 0.000  1.296 0.000   1.815 0.000  15.822 0.000   7.523 0.000   8.299 0.000 0.030 0.000  1.496 0.000
158.208333 159.208333  0.220 0.559   11.38 0.000 99.99 0.259000 9.999 0.259000  0.66 0.000 0.055 0.559  0.398 0.000   0.557 0.000  10.755 0.000   7.828 0.000   2.927 0.000 0.016 0.000  0.582 0.559
161.208333 162.208333  2.295 0.000   12.80 0.000  1.09 0.000000 0.083 0.000000  1.10 0.000 0.041 0.000  2.149 0.000   3.008 0.000  24.943 0.000   7.945 0.000  16.998 0.000 0.030 0.000  3.464 0.000
164.208333 165.208333  0.186 0.000   10.90 0.000  0.12 0.000000 0.036 0.000000  0.55 0.000 0.065 0.000  0.450 0.000   0.630 0.000  10.665 0.000   7.221 0.000   3.444 0.000 0.017 0.000  0.662 0.000
167.208333 168.208333  0.087 0.000    2.80 0.559  0.29 0.559000 9.999 0.559259  0.24 0.559 0.033 0.000  0.561 0.000   0.785 0.000  10.616 0.000   7.353 0.000   3.263 0.559 0.014 0.559  0.454 0.000
170.208333 171.208333  1.319 0.000    7.63 0.000  0.50 0.000000 9.999 0.259000  0.63 0.000 0.058 0.000  1.575 0.000   2.205 0.000  19.729 0.000   8.126 0.000  11.603 0.000 0.018 0.000  2.395 0.000
173.208333 174.208333  1.086 0.000   13.58 0.000  1.50 0.000000 9.999 0.259000  0.26 0.000 0.023 0.000  3.418 0.000   4.786 0.000  17.949 0.000   5.941 0.000  12.008 0.000 0.046 0.000  1.515 0.000
176.208333 177.208333  2.855 0.000   24.11 0.000  2.10 0.000000 9.999 0.259000  0.73 0.000 0.061 0.000  8.378 0.000  11.730 0.000  38.613 0.000  10.746 0.000  27.867 0.000 0.130 0.000  3.459 0.000
179.208333 180.208333  0.521 0.000   14.45 0.000  0.45 0.000000 9.999 0.259000  0.38 0.000 0.027 0.000  1.407 0.000   1.970 0.000  12.927 0.000   6.905 0.000   6.022 0.000 0.031 0.000  0.995 0.000
182.208333 183.208333  0.726 0.000   80.40 0.000  0.80 0.000000 9.999 0.259000  0.29 0.000 0.094 0.000  1.781 0.000   2.493 0.000  21.617 0.000  13.088 0.000   8.529 0.000 0.053 0.000  1.141 0.000
185.208333 186.208333  0.543 0.000   55.06 0.000  2.07 0.000000 9.999 0.259000  0.65 0.000 0.058 0.000  1.171 0.000   1.640 0.000  15.064 0.000   8.235 0.000   6.829 0.000 0.159 0.000  1.022 0.000
188.208333 189.208333  0.837 0.000   42.16 0.559  2.19 0.559000 9.999 0.559259  0.47 0.559 0.038 0.000  1.952 0.000   2.732 0.000  17.078 0.000   7.375 0.000   9.703 0.559 0.032 0.559  1.429 0.000
191.208333 192.208333  0.606 0.559   50.26 0.000  0.47 0.000000 9.999 0.259000  0.96 0.000 0.076 0.559  1.690 0.000   2.365 0.000  18.601 0.000   9.429 0.000   9.172 0.000 0.035 0.000  1.368 0.559
194.208333 195.208333  0.023 0.000    1.88 0.559  0.16 0.559000 9.999 0.559259  0.10 0.559 0.014 0.000  0.258 0.000   0.361 0.000   7.016 0.000   5.901 0.000   1.115 0.559 0.004 0.559  0.123 0.000
197.208333 198.208333  0.762 0.000   16.08 0.000  0.82 0.000000 9.999 0.259000  0.61 0.000 0.041 0.000  1.308 0.000   1.832 0.000  14.357 0.000   5.028 0.000   9.329 0.000 0.019 0.000  1.554 0.000
200.208333 201.208333  1.079 0.000   66.73 0.000  0.76 0.000000 9.999 0.259000  4.23 0.000 0.032 0.000  1.270 0.000   1.778 0.000  17.075 0.000   2.798 0.000  14.276 0.000 0.046 0.000  1.833 0.000
203.208333 204.208333  0.242 0.000   58.68 0.000  0.40 0.000000 9.999 0.259000  0.35 0.000 0.065 0.000  0.450 0.000   0.630 0.000  13.097 0.000   7.500 0.000   5.598 0.000 0.038 0.000  0.771 0.000
206.208333 207.208333  0.055 0.000   48.18 0.000  0.26 0.000000 9.999 0.259000  0.18 0.000 0.035 0.000  0.183 0.000   0.256 0.000  15.400 0.000  12.622 0.000   2.778 0.000 0.025 0.000  0.263 0.000
209.208333 210.208333  1.260 0.000   40.52 0.000  0.90 0.000000 9.999 0.259000  0.80 0.000 0.059 0.000  2.618 0.000   3.665 0.000  24.525 0.000   7.378 0.000  17.147 0.000 0.052 0.000  2.472 0.000
212.208333 213.208333  0.409 0.000   47.87 0.000  0.31 0.000000 9.999 0.259000  0.72 0.000 0.051 0.000  0.466 0.000   0.652 0.000  12.917 0.000   6.360 0.000   6.557 0.000 0.031 0.000  1.147 0.000
215.208333 216.208333 99.999 0.259   15.88 0.000  0.15 0.000000 9.999 0.259000 99.99 0.259 0.022 0.000  0.177 0.000   0.248 0.000   6.189 0.000   4.699 0.000   1.490 0.000 0.012 0.000  0.127 0.000
218.208333 219.208333  0.283 0.000   19.40 0.000  0.22 0.000000 9.999 0.259000  0.21 0.000 0.038 0.000  0.445 0.000   0.623 0.000  11.502 0.000   7.143 0.000   4.359 0.000 0.020 0.000  0.700 0.000
221.208333 222.208333  0.017 0.000    6.92 0.000 99.99 0.259000 9.999 0.259000  0.17 0.000 0.018 0.000  0.275 0.000   0.385 0.000   9.463 0.000   7.950 0.000   1.514 0.000 0.013 0.000  0.181 0.000
224.208333 225.208333  0.071 0.000  132.53 0.000  0.37 0.000000 9.999 0.259000  0.30 0.000 0.037 0.000  0.288 0.000   0.404 0.000  19.044 0.000  14.978 0.000   4.066 0.000 0.058 0.000  0.257 0.000
227.208333 228.208333  1.003 0.000   44.32 0.000  0.68 0.000000 9.999 0.259000  0.77 0.000 0.036 0.000  1.285 0.000   1.800 0.000  18.616 0.000   9.135 0.000   9.481 0.000 0.031 0.000  1.548 0.000
230.208333 231.208333  0.932 0.000    5.21 0.000  0.45 0.000000 9.999 0.259000  0.35 0.000 0.025 0.000  0.304 0.000   0.426 0.000  13.562 0.000   6.726 0.000   6.837 0.000 0.018 0.000  1.385 0.000
233.208333 234.208333  1.558 0.000 9999.99 0.999 99.99 0.999000 9.999 0.999000 99.99 0.999 0.033 0.000  0.677 0.000   0.947 0.000  18.292 0.000 999.999 0.999 999.999 0.999 9.999 0.999  2.081 0.000
236.208333 237.208333  0.797 0.000 9999.99 0.999 99.99 0.999000 9.999 0.999000 99.99 0.999 0.020 0.000  0.970 0.000   1.358 0.000  14.468 0.000 999.999 0.999 999.999 0.999 9.999 0.999  1.061 0.000
239.208333 240.208333  1.579 0.000 9999.99 0.999 99.99 0.999000 9.999 0.999000 99.99 0.999 0.035 0.000  1.045 0.000   1.463 0.000  22.129 0.000 999.999 0.999 999.999 0.999 9.999 0.999  2.396 0.000
242.208333 243.208333  0.548 0.000 9999.99 0.999 99.99 0.999000 9.999 0.999000 99.99 0.999 0.023 0.000  0.193 0.000   0.270 0.000   9.808 0.000 999.999 0.999 999.999 0.999 9.999 0.999  0.982 0.000
