scripts/IMPROVE-2019_partial/data/US9006R.20170101050000.20191216000000.filterpack...52w.3d.US03L_filterpack_US9006.US03L_IMPROVE_Davis.lev2.nas
52 1001
MISSING INFORMATION
US03L, IMPROVE, , , , , , , 
MISSING INFORMATION
IMPROVE sel_HTAP
1 1
2017 01 01 2019 12 16
3.000000
days from file reference point
5
1 1 1 1 1
999.999999 9999.999 9.999 999.999 9.999
end_time of measurement, days from the file reference point
pm10_mass, ug/m3, Matrix=pm10
numflag pm10_mass, no unit, Matrix=pm10
pm25_mass, ug/m3, Matrix=pm25
numflag pm25_mass, no unit, Matrix=pm25
0
33
Data definition:              EBAS_1.1
Set type code:                TU
Timezone:                     UTC
File name:                    US9006R.20170101050000.20191216000000.filterpack...52w.3d.US03L_filterpack_US9006.US03L_IMPROVE_Davis.lev2.nas
File creation:                20191218120530
Startdate:                    20170101050000
Revision date:                20191216000000
Version:                      2
Version description:          "Data extracted from http://views.cira.colostate.edu/fed/DataWizard 2019-12-16"
Statistics:                   arithmetic mean
Data level:                   2
Period code:                  52w
Resolution code:              3d
Sample duration:              1d
Orig. time res.:              3d
Station code:                 US9006R
Platform code:                US9006S
Station name:                 Martha's Vineyard
Station latitude:             41.3309
Station longitude:            -70.7846
Station altitude:             2.0 m
Regime:                       IMG
Component:                    
Unit:                         ug/m3
Matrix:                       
Laboratory code:              US03L
Instrument type:              filterpack
Instrument name:              filterpack_US9006
Method ref:                   US03L_IMPROVE_Davis
Blank correction:             Blank corrected
Volume std. temperature:      ambient
Volume std. pressure:         ambient
starttime endtime PM10 flag_PM10 PM2.5 flag_PM2.5
  0.208333   1.208333   14.546 0.000   4.545 0.000
  3.208333   4.208333   12.841 0.000   4.629 0.000
  6.208333   7.208333    9.209 0.000   3.410 0.000
  9.208333  10.208333   20.176 0.000   5.201 0.000
 12.208333  13.208333   16.943 0.000   5.758 0.000
 15.208333  16.208333   15.386 0.000   5.314 0.000
 18.208333  19.208333   10.543 0.000   4.617 0.000
 21.208333  22.208333    9.963 0.000   4.841 0.000
 24.208333  25.208333    6.229 0.000   2.148 0.000
 27.208333  28.208333    8.641 0.000   2.905 0.000
 30.208333  31.208333    5.907 0.000   2.383 0.000
 33.208333  34.208333    5.939 0.000   2.464 0.000
 36.208333  37.208333   10.952 0.000   3.727 0.000
 39.208333  40.208333 9999.999 0.999 999.999 0.999
 42.208333  43.208333    8.501 0.000   4.079 0.000
 45.208333  46.208333   37.028 0.000   6.441 0.000
 48.208333  49.208333   39.416 0.000   6.879 0.000
 51.208333  52.208333   34.451 0.000   3.455 0.000
 54.208333  55.208333 9999.999 0.999 999.999 0.999
 57.208333  58.208333 9999.999 0.999 999.999 0.999
 60.208333  61.208333   52.968 0.000   8.876 0.000
 63.208333  64.208333   22.359 0.000   1.968 0.000
 66.208333  67.208333   36.424 0.000  10.348 0.000
 69.208333  70.208333   13.319 0.000 999.999 0.456
 72.208333  73.208333   28.913 0.000   8.879 0.000
 75.208333  76.208333   16.888 0.000   3.392 0.000
 78.208333  79.208333   22.157 0.000   4.302 0.000
 81.208333  82.208333   25.567 0.000   2.862 0.000
 84.208333  85.208333   30.031 0.000   5.437 0.000
 87.208333  88.208333    4.442 0.000   1.728 0.000
 90.208333  91.208333   13.206 0.000   4.761 0.000
 93.208333  94.208333   18.888 0.000   7.236 0.000
 96.208333  97.208333   19.052 0.000   7.278 0.000
 99.208333 100.208333   14.896 0.000   6.107 0.000
102.208333 103.208333    8.938 0.000   2.462 0.000
105.208333 106.208333   26.032 0.000  11.821 0.000
108.208333 109.208333   17.483 0.000   4.582 0.000
111.208333 112.208333    5.689 0.000   2.097 0.000
114.208333 115.208333   22.211 0.000   4.529 0.000
117.208333 118.208333   21.327 0.000   9.341 0.000
120.208333 121.208333   26.336 0.000   3.394 0.000
123.208333 124.208333    8.875 0.000   2.183 0.000
126.208333 127.208333   22.899 0.000   5.101 0.000
129.208333 130.208333    8.388 0.000   2.019 0.000
132.208333 133.208333    9.923 0.000   3.241 0.000
135.208333 136.208333   17.793 0.000   4.513 0.000
138.208333 139.208333   30.972 0.000  14.162 0.000
141.208333 142.208333   10.615 0.000   3.431 0.000
144.208333 145.208333    6.420 0.000   2.423 0.000
147.208333 148.208333    7.028 0.000   2.134 0.000
150.208333 151.208333    6.365 0.000   2.798 0.000
153.208333 154.208333   10.542 0.000   2.788 0.000
156.208333 157.208333   11.164 0.000   2.424 0.000
159.208333 160.208333   22.262 0.000   5.645 0.000
162.208333 163.208333   34.562 0.000  15.487 0.000
165.208333 166.208333   10.049 0.000   2.156 0.000
168.208333 169.208333    7.840 0.000   3.790 0.000
171.208333 172.208333   23.294 0.000   8.560 0.000
174.208333 175.208333   27.603 0.000  11.081 0.000
177.208333 178.208333   17.593 0.000   4.838 0.000
180.208333 181.208333   36.317 0.000  10.065 0.000
183.208333 184.208333   25.310 0.000  10.464 0.000
186.208333 187.208333   12.680 0.000   3.392 0.000
189.208333 190.208333   18.615 0.000   5.503 0.000
192.208333 193.208333   21.557 0.000  12.108 0.000
195.208333 196.208333   16.528 0.000   4.735 0.000
198.208333 199.208333    9.950 0.000   3.812 0.000
201.208333 202.208333   22.396 0.000  12.633 0.000
204.208333 205.208333   26.495 0.000   6.204 0.000
207.208333 208.208333    8.093 0.000 999.999 0.456
210.208333 211.208333   15.793 0.000 999.999 0.456
213.208333 214.208333    9.503 0.000 999.999 0.456
216.208333 217.208333    8.959 0.000 999.999 0.456
219.208333 220.208333    9.372 0.000 999.999 0.456
222.208333 223.208333    8.028 0.000   2.873 0.000
225.208333 226.208333   12.899 0.000   5.465 0.000
228.208333 229.208333   10.244 0.000   3.392 0.000
231.208333 232.208333   13.534 0.000   6.001 0.000
234.208333 235.208333   20.463 0.000   8.165 0.000
237.208333 238.208333   10.934 0.000   3.848 0.000
240.208333 241.208333   18.408 0.000   3.751 0.000
243.208333 244.208333   10.309 0.000   2.559 0.000
246.208333 247.208333   20.934 0.000   8.351 0.000
249.208333 250.208333   16.899 0.000   6.469 0.000
252.208333 253.208333   11.104 0.000   3.671 0.000
255.208333 256.208333   16.153 0.000   6.171 0.000
258.208333 259.208333    6.181 0.000   3.776 0.000
261.208333 262.208333    8.173 0.000   4.115 0.000
264.208333 265.208333   14.833 0.000   5.493 0.000
267.208333 268.208333    5.117 0.000   1.914 0.000
270.208333 271.208333  715.853 0.000   4.291 0.000
273.208333 274.208333   54.044 0.000   3.175 0.000
276.208333 277.208333   29.120 0.000   5.432 0.000
279.208333 280.208333    8.428 0.000   4.254 0.000
282.208333 283.208333    9.566 0.000   4.454 0.000
285.208333 286.208333 9999.999 0.999 999.999 0.999
288.208333 289.208333    9.752 0.000   4.187 0.000
291.208333 292.208333   17.208 0.000   5.449 0.000
294.208333 295.208333   34.278 0.000   4.582 0.000
297.208333 298.208333   21.520 0.000   9.590 0.000
300.208333 301.208333 9999.999 0.999 999.999 0.999
303.208333 304.208333 9999.999 0.999 999.999 0.999
306.208333 307.208333    5.437 0.000   3.247 0.000
309.208333 310.208333 9999.999 0.999 999.999 0.999
312.208333 313.208333    6.897 0.000   2.537 0.000
315.208333 316.208333    4.308 0.000   2.163 0.000
318.208333 319.208333    5.606 0.000   2.520 0.000
321.208333 322.208333   12.234 0.000   3.787 0.000
324.208333 325.208333   20.015 0.000   5.786 0.000
327.208333 328.208333    4.735 0.000   2.459 0.000
330.208333 331.208333    5.209 0.000   2.370 0.000
333.208333 334.208333    9.479 0.000   2.685 0.000
336.208333 337.208333    6.791 0.000   4.051 0.000
339.208333 340.208333   13.932 0.000   6.143 0.000
342.208333 343.208333    4.722 0.000   2.199 0.000
345.208333 346.208333   11.968 0.000   4.697 0.000
348.208333 349.208333    4.414 0.000   1.832 0.000
351.208333 352.208333    7.640 0.000   3.477 0.000
354.208333 355.208333    4.545 0.000   2.407 0.000
357.208333 358.208333    5.778 0.000   2.989 0.000
360.208333 361.208333    5.230 0.000   2.763 0.000
363.208333 364.208333    5.061 0.000   3.349 0.000
