scripts/IMPROVE-2019_partial/data/US9051U.19990102050000.20191216000000.filterpack...1y.3d.US03L_filterpack_US9051.US03L_IMPROVE_Davis.lev2.nas
51 1001
MISSING INFORMATION
US03L, IMPROVE, , , , , , , 
MISSING INFORMATION
IMPROVE sel_HTAP
1 1
1999 01 01 2019 12 16
0
days from file reference point
4
1 1 1 1
999.999999 999.999 999.999 9.999
end_time of measurement, days from the file reference point
pm10_mass, ug/m3, Matrix=pm10
pm25_mass, ug/m3, Matrix=pm25
numflag, no unit
0
33
Data definition:              EBAS_1.1
Set type code:                TI
Timezone:                     UTC
File name:                    US9051U.19990102050000.20191216000000.filterpack...1y.3d.US03L_filterpack_US9051.US03L_IMPROVE_Davis.lev2.nas
File creation:                20191218120854
Startdate:                    19990102050000
Revision date:                20191216000000
Version:                      2
Version description:          "Data extracted from http://views.cira.colostate.edu/fed/DataWizard 2019-12-16"
Statistics:                   arithmetic mean
Data level:                   2
Period code:                  1y
Resolution code:              3d
Sample duration:              1d
Orig. time res.:              3d
Station code:                 US9051U
Platform code:                US9051S
Station name:                 Washington D.C.
Station latitude:             38.8762
Station longitude:            -77.0344
Station altitude:             15.0 m
Regime:                       IMG
Component:                    
Unit:                         ug/m3
Matrix:                       
Laboratory code:              US03L
Instrument type:              filterpack
Instrument name:              filterpack_US9051
Method ref:                   US03L_IMPROVE_Davis
Blank correction:             Blank corrected
Volume std. temperature:      ambient
Volume std. pressure:         ambient
starttime endtime PM10 PM2.5 flag
  1.208333   2.208333  11.588   8.805 0.000
  5.208333   6.208333  24.500  20.366 0.000
  8.208333   9.208333  25.707  19.420 0.000
 12.208333  13.208333  23.086  20.024 0.000
 15.208333  16.208333  12.500  10.014 0.000
 19.208333  20.208333  13.738   8.757 0.000
 22.208333  23.208333  14.681  11.874 0.000
 26.208333  27.208333  27.157  23.096 0.000
 29.208333  30.208333  20.445  17.345 0.000
 33.208333  34.208333  12.654  10.260 0.000
 36.208333  37.208333  18.532  15.877 0.000
 40.208333  41.208333  14.929  10.526 0.000
 43.208333  44.208333   9.990   7.905 0.000
 47.208333  48.208333  38.641  32.859 0.000
 50.208333  51.208333  17.419  15.175 0.000
 54.208333  55.208333  22.834  17.014 0.000
 57.208333  58.208333  28.816  26.114 0.000
 61.208333  62.208333  11.199   7.164 0.000
 64.208333  65.208333  10.758   9.787 0.000
 68.208333  69.208333  26.185  21.161 0.000
 71.208333  72.208333  13.269   9.577 0.000
 75.208333  76.208333  19.777  13.340 0.000
 78.208333  79.208333  11.534   9.865 0.000
 82.208333  83.208333  29.212  23.982 0.000
 85.208333  86.208333  20.948  16.834 0.000
 89.208333  90.208333  20.106  12.390 0.000
 92.208333  93.208333  29.159  20.925 0.000
 96.208333  97.208333  18.010  17.140 0.000
 99.208333 100.208333   9.768   7.039 0.000
103.208333 104.208333  16.705   5.895 0.000
106.208333 107.208333   9.028   5.761 0.000
110.208333 111.208333  23.372  20.123 0.000
113.208333 114.208333   7.019   5.270 0.000
117.208333 118.208333  11.178   6.883 0.000
120.208333 121.208333  18.405  12.012 0.000
124.208333 125.208333  22.695  16.935 0.000
127.208333 128.208333  25.487  20.803 0.000
131.208333 132.208333  24.742  19.651 0.000
134.208333 135.208333  14.587   8.364 0.000
138.208333 139.208333  17.604  12.506 0.000
141.208333 142.208333  25.616  19.546 0.000
145.208333 146.208333  19.451   9.309 0.000
148.208333 149.208333  24.806  17.588 0.000
152.208333 153.208333  23.115  17.861 0.000
155.208333 156.208333  13.620  10.050 0.000
159.208333 160.208333  30.500  24.216 0.000
162.208333 163.208333  20.939  11.965 0.000
166.208333 167.208333  20.797  17.009 0.000
169.208333 170.208333  23.883  16.244 0.000
173.208333 174.208333  22.026  19.120 0.000
176.208333 177.208333  25.036  18.079 0.000
180.208333 181.208333  20.342  17.230 0.000
183.208333 184.208333  29.579  25.017 0.000
187.208333 188.208333  31.404  23.546 0.000
190.208333 191.208333  26.649  24.529 0.000
194.208333 195.208333  15.006   7.390 0.000
197.208333 198.208333  29.266  28.736 0.000
201.208333 202.208333  21.766  18.020 0.000
204.208333 205.208333  40.734  39.184 0.000
208.208333 209.208333  34.346  31.458 0.000
211.208333 212.208333  36.398  33.186 0.000
215.208333 216.208333  23.102  18.747 0.000
218.208333 219.208333  30.430  26.496 0.000
222.208333 223.208333  31.867  26.087 0.000
225.208333 226.208333  19.000  16.204 0.000
229.208333 230.208333  34.794  27.539 0.000
232.208333 233.208333  15.607  13.408 0.000
236.208333 237.208333  10.634   6.884 0.000
239.208333 240.208333  38.050  34.783 0.000
243.208333 244.208333  16.800   7.746 0.000
246.208333 247.208333  17.361  11.218 0.000
250.208333 251.208333  26.499  25.730 0.000
253.208333 254.208333  19.797  11.535 0.000
257.208333 258.208333  17.913  13.498 0.000
260.208333 261.208333  12.607   8.508 0.000
264.208333 265.208333   6.981   5.051 0.000
267.208333 268.208333  33.601  24.909 0.000
271.208333 272.208333  28.078  17.853 0.000
274.208333 275.208333  20.120  15.732 0.000
278.208333 279.208333  19.311  14.195 0.000
281.208333 282.208333  24.436  17.132 0.000
285.208333 286.208333  21.021  10.448 0.000
288.208333 289.208333  19.444  12.488 0.000
292.208333 293.208333  19.792  16.679 0.000
295.208333 296.208333  12.963   6.510 0.000
299.208333 300.208333  19.265  11.715 0.000
302.208333 303.208333  38.419  31.235 0.000
306.208333 307.208333   4.578   4.298 0.000
309.208333 310.208333  25.528  16.861 0.000
313.208333 314.208333  44.245  31.441 0.000
316.208333 317.208333  33.225  24.466 0.000
320.208333 321.208333   9.852   6.599 0.000
323.208333 324.208333  17.159  12.595 0.000
327.208333 328.208333  11.378   7.972 0.000
330.208333 331.208333  10.873   8.759 0.000
334.208333 335.208333   8.681   5.287 0.000
337.208333 338.208333  26.581  18.791 0.000
341.208333 342.208333  22.246  17.218 0.000
344.208333 345.208333   6.618   4.956 0.000
348.208333 349.208333  17.132  14.048 0.000
351.208333 352.208333  22.146  15.882 0.000
355.208333 356.208333  20.790  14.282 0.000
358.208333 359.208333  16.971  14.520 0.000
362.208333 363.208333  13.429   9.697 0.000
