scripts/IMPROVE-2019_partial/data/US9058R.20060102060000.20191216000000.filterpack..pm25.52w.1w.US03L_filterpack_US9058.US03L_IMPROVE_Davis.lev2.nas
66 1001
MISSING INFORMATION
US03L, IMPROVE, , , , , , , 
MISSING INFORMATION
IMPROVE sel_HTAP
1 1
2006 01 01 2019 12 16
3.00
days from file reference point
27
1 1 1 1 1 1 1 1 1 1 1 1 1 1 1 1 1 1 1 1 1 1 1 1 1 1 1
999.99 9999.99 9.999 99.99 9.999 9.999 9.999999 9.99 9.999999 99.999 9.999 99.999 9.999 999.999 9.999 9999.99 9.999999 999.999 9.999 999.999 9.999 999.999 9.999 9.999 9.999 99.999 9.999
end_time of measurement, days from the file reference point
iron, ng/m3, Revision date=20181210133000
numflag iron, no unit, Revision date=20181210133000
lead, ng/m3, Revision date=20181210133000
numflag lead, no unit, Revision date=20181210133000
magnesium, ug/m3, Revision date=20181210133000
numflag magnesium, no unit, Revision date=20181210133000
nickel, ng/m3, Revision date=20181210133000
numflag nickel, no unit, Revision date=20181210133000
nitrate, ug N/m3, Revision date=20181210133000
numflag nitrate, no unit, Revision date=20181210133000
organic_carbon, ug C/m3, Revision date=20181210133000
numflag organic_carbon, no unit, Revision date=20181210133000
organic_mass, ug/m3, Revision date=20181210133000
numflag organic_mass, no unit, Revision date=20181210133000
phosphorus, ng/m3, Revision date=20181210133000
numflag phosphorus, no unit, Revision date=20181210133000
pm10_mass, ug/m3, Version=2, Version description=Data extracted from http://views.cira.colostate.edu/fed/DataWizard 2019-12-16, Sample duration=1d, Orig. time res.=3d, Matrix=pm10, Blank correction=Blank corrected, Volume std. temperature=ambient, Volume std. pressure=ambient
numflag pm10_mass, no unit, Version=2, Version description=Data extracted from http://views.cira.colostate.edu/fed/DataWizard 2019-12-16, Sample duration=1d, Orig. time res.=3d, Matrix=pm10, Blank correction=Blank corrected, Volume std. temperature=ambient, Volume std. pressure=ambient
pm10_pm25_mass, ug/m3, Revision date=20181210133000, Matrix=pm10_pm25
numflag pm10_pm25_mass, no unit, Revision date=20181210133000, Matrix=pm10_pm25
pm25_mass, ug/m3, Version=2, Version description=Data extracted from http://views.cira.colostate.edu/fed/DataWizard 2019-12-16, Sample duration=1d, Orig. time res.=3d, Blank correction=Blank corrected, Volume std. temperature=ambient, Volume std. pressure=ambient
numflag pm25_mass, no unit, Version=2, Version description=Data extracted from http://views.cira.colostate.edu/fed/DataWizard 2019-12-16, Sample duration=1d, Orig. time res.=3d, Blank correction=Blank corrected, Volume std. temperature=ambient, Volume std. pressure=ambient
potassium, ug/m3, Revision date=20181210133000
numflag potassium, no unit, Revision date=20181210133000
sulphate_total, ug S/m3, Revision date=20181210133000
numflag sulphate_total, no unit, Revision date=20181210133000
0
25
Data definition:              EBAS_1.1
Set type code:                TU
Timezone:                     UTC
File name:                    US9058R.20060102060000.20191216000000.filterpack..pm25.52w.1w.US03L_filterpack_US9058.US03L_IMPROVE_Davis.lev2.nas
File creation:                20191218120923
Startdate:                    20060102060000
Revision date:                20191216000000
Statistics:                   arithmetic mean
Data level:                   2
Period code:                  52w
Resolution code:              1w
Station code:                 US9058R
Platform code:                US9058S
Station name:                 Tallgrass
Station latitude:             38.4341
Station longitude:            -96.5602
Station altitude:             390.0 m
Regime:                       IMG
Component:                    
Matrix:                       pm25
Laboratory code:              US03L
Instrument type:              filterpack
Instrument name:              filterpack_US9058
Method ref:                   US03L_IMPROVE_Davis
starttime endtime Fe flag_Fe Pb flag_Pb Mg++ flag_Mg++ Ni flag_Ni NO3- flag_NO3- OC flag_OC OM flag_OM P flag_P PM10 flag_PM10 PM10-PM2.5 flag_PM10-PM2.5 PM2.5 flag_PM2.5 K+ flag_K+ SO4-- flag_SO4--
[from data line 83]
250.25 251.25   52.67 0.000  1.25 0.000 9.999 0.259000 0.10 0.000000  0.036 0.559  1.245 0.000   2.240 0.000 9999.99 0.259000  12.627 0.000   4.447 0.000   8.180 0.000 0.031 0.000  0.903 0.559
253.25 254.25 9999.99 0.456 99.99 0.456 9.999 0.456000 9.99 0.456000  0.081 0.559  0.485 0.000   0.874 0.000 9999.99 0.456000   5.453 0.000 999.999 0.456 999.999 0.456 9.999 0.456  0.482 0.559
256.25 257.25   50.37 0.000  1.46 0.000 9.999 0.259000 9.99 0.259000  0.027 0.559  1.562 0.000   2.812 0.000 9999.99 0.259000  13.519 0.000   5.753 0.000   7.766 0.000 0.048 0.000  0.640 0.559
259.25 260.25   14.95 0.000  0.46 0.000 9.999 0.259000 9.99 0.259000  0.013 0.559  0.580 0.000   1.044 0.000 9999.99 0.259000   4.878 0.000   2.679 0.000   2.200 0.000 0.033 0.000  0.122 0.559
262.25 263.25   49.94 0.000  1.30 0.000 9.999 0.259000 0.12 0.000000  0.036 0.559  1.447 0.000   2.604 0.000 9999.99 0.259000  13.196 0.000   7.544 0.000   5.652 0.000 0.038 0.000  0.313 0.559
265.25 266.25    6.06 0.000  0.32 0.000 9.999 0.259000 0.14 0.000000  0.007 0.559  0.225 0.000   0.405 0.000 9999.99 0.259000   2.977 0.000   1.913 0.000   1.063 0.000 0.005 0.000  0.054 0.559
268.25 269.25   27.46 0.000  1.11 0.000 9.999 0.259000 9.99 0.259000  0.027 0.559  0.841 0.000   1.514 0.000 9999.99 0.259000   6.435 0.000   3.180 0.000   3.255 0.000 0.019 0.000  0.166 0.559
271.25 272.25   66.62 0.000  0.72 0.000 0.016 0.000000 9.99 0.259000  0.017 0.559  0.458 0.000   0.825 0.000 9999.99 0.259000   9.204 0.000   5.359 0.000   3.845 0.000 0.037 0.000  0.168 0.559
274.25 275.25   45.94 0.000  0.95 0.000 0.019 0.000000 0.27 0.000000  0.036 0.559  0.954 0.000   1.717 0.000 9999.99 0.259000  15.358 0.000   8.126 0.000   7.232 0.000 0.040 0.000  0.810 0.559
277.25 278.25  511.99 0.000  2.33 0.000 0.284 0.000000 0.31 0.000000  0.158 0.559  1.879 0.000   3.382 0.000  252.90 0.000000  30.408 0.000   9.305 0.000  21.103 0.000 0.279 0.000  0.674 0.559
280.25 281.25   94.34 0.000  2.12 0.000 9.999 0.259000 0.19 0.000000  0.056 0.559  2.473 0.000   4.452 0.000 9999.99 0.259000  23.247 0.000  12.819 0.000  10.429 0.000 0.079 0.000  0.698 0.559
283.25 284.25    5.39 0.000  1.02 0.000 9.999 0.259000 9.99 0.259000  0.074 0.559  0.218 0.000   0.392 0.000 9999.99 0.259000   3.699 0.000   2.410 0.000   1.289 0.000 0.006 0.000  0.115 0.559
286.25 287.25   38.22 0.000  1.14 0.000 9.999 0.259000 9.99 0.259000  0.033 0.559  0.452 0.000   0.813 0.000   22.20 0.000000  12.373 0.000   9.820 0.000   2.553 0.000 0.023 0.000  0.124 0.559
289.25 290.25   12.28 0.000  1.22 0.000 9.999 0.259000 0.11 0.000000  0.154 0.559  1.102 0.000   1.983 0.000 9999.99 0.259000   8.326 0.000   1.904 0.000   6.422 0.000 0.017 0.000  0.841 0.559
292.25 293.25   34.47 0.000  1.07 0.000 9.999 0.259000 0.15 0.000000  0.083 0.559  0.778 0.000   1.401 0.000 9999.99 0.259000  10.765 0.000   7.051 0.000   3.714 0.000 0.030 0.000  0.335 0.559
295.25 296.25    7.98 0.000  0.58 0.000 9.999 0.259000 9.99 0.259000  0.063 0.559  0.321 0.000   0.578 0.000 9999.99 0.259000   4.445 0.000   1.546 0.000   2.900 0.000 0.012 0.000  0.403 0.559
298.25 299.25    5.65 0.000  1.20 0.000 9.999 0.259000 9.99 0.259000  0.241 0.559  0.529 0.000   0.951 0.000 9999.99 0.259000   3.406 0.000   0.392 0.000   3.015 0.000 0.009 0.000  0.346 0.559
301.25 302.25   29.31 0.000  1.83 0.000 0.006 0.000000 9.99 0.259000  0.092 0.559  0.973 0.000   1.751 0.000 9999.99 0.259000   7.848 0.000   4.246 0.000   3.601 0.000 0.032 0.000  0.235 0.559
304.25 305.25   23.10 0.000  0.99 0.000 9.999 0.259000 9.99 0.259000  0.266 0.559  1.876 0.000   3.377 0.000 9999.99 0.259000 999.999 0.456 999.999 0.999   5.926 0.000 0.105 0.000  0.183 0.559
307.25 308.25   44.95 0.000  1.75 0.000 9.999 0.259000 0.17 0.000000  0.063 0.559  1.476 0.000   2.656 0.000 9999.99 0.259000  14.385 0.000   8.936 0.000   5.449 0.000 0.047 0.000  0.391 0.559
310.25 311.25   44.24 0.000  1.18 0.000 9.999 0.259000 0.13 0.000000  0.209 0.559  0.929 0.000   1.671 0.000 9999.99 0.259000   9.872 0.000   6.441 0.000   3.431 0.000 0.035 0.000  0.179 0.559
313.25 314.25   59.64 0.000  1.66 0.000 0.016 0.000000 0.10 0.000000  0.322 0.559  0.760 0.000   1.368 0.000 9999.99 0.259000  16.560 0.000  10.231 0.000   6.329 0.000 0.051 0.000  0.510 0.559
316.25 317.25   17.66 0.000  0.64 0.000 9.999 0.259000 9.99 0.259000  0.186 0.559  0.558 0.000   1.004 0.000 9999.99 0.259000   6.566 0.000   4.065 0.000   2.501 0.000 0.015 0.000  0.280 0.559
319.25 320.25   21.90 0.000  0.95 0.000 9.999 0.259000 9.99 0.259000  0.541 0.559  0.787 0.000   1.417 0.000 9999.99 0.259000   8.696 0.000   1.786 0.000   6.910 0.000 0.040 0.000  0.807 0.559
322.25 323.25   24.02 0.000  1.87 0.000 9.999 0.259000 9.99 0.259000  0.486 0.559  0.894 0.000   1.609 0.000 9999.99 0.259000  11.219 0.000   6.256 0.000   4.963 0.000 0.068 0.000  0.255 0.559
325.25 326.25   70.58 0.000  2.58 0.000 9.999 0.259000 0.19 0.000000  0.205 0.559  2.008 0.000   3.614 0.000 9999.99 0.259000  21.226 0.000  12.519 0.000   8.707 0.000 0.070 0.000  0.741 0.559
328.25 329.25   46.03 0.000  1.92 0.000 9.999 0.259000 0.13 0.000000  0.400 0.559  1.312 0.000   2.361 0.000 9999.99 0.259000  19.012 0.000  12.901 0.000   6.111 0.000 0.052 0.000  0.473 0.559
331.25 332.25   17.10 0.000  0.86 0.000 9.999 0.259000 0.48 0.000000  0.132 0.559  0.667 0.000   1.200 0.000 9999.99 0.259000   8.503 0.000   2.728 0.000   5.775 0.000 0.027 0.000  0.834 0.559
334.25 335.25   26.39 0.000  0.99 0.000 0.008 0.000000 0.17 0.000000  0.703 0.559  0.847 0.000   1.525 0.000 9999.99 0.259000   9.861 0.000   3.343 0.000   6.518 0.000 0.039 0.000  0.187 0.559
337.25 338.25   26.75 0.000  1.73 0.000 9.999 0.259000 0.14 0.000000  0.787 0.559  1.060 0.000   1.908 0.000 9999.99 0.259000  12.069 0.000   4.347 0.000   7.723 0.000 0.038 0.000  0.335 0.559
340.25 341.25   29.64 0.559  0.40 0.559 9.999 0.559259 9.99 0.559259  0.127 0.559  0.418 0.000   0.753 0.000 9999.99 0.559259   7.990 0.000   4.679 0.559   3.311 0.659 0.028 0.559  0.281 0.559
343.25 344.25   28.45 0.000  1.42 0.000 9.999 0.259000 0.20 0.000000  0.327 0.559  2.104 0.000   3.788 0.000 9999.99 0.259000  10.725 0.000   4.008 0.000   6.717 0.000 0.087 0.000  0.373 0.559
346.25 347.25  123.65 0.000  1.27 0.000 0.030 0.000000 0.18 0.000000  0.139 0.559  0.757 0.000   1.362 0.000   37.12 0.000000  13.354 0.000   7.830 0.000   5.524 0.000 0.079 0.000  0.143 0.559
349.25 350.25   75.06 0.000  2.61 0.000 9.999 0.259000 0.35 0.000000  0.792 0.559  1.557 0.000   2.802 0.000 9999.99 0.259000  14.342 0.000   3.365 0.000  10.978 0.000 0.062 0.000  0.990 0.559
352.25 353.25   80.73 0.000  1.20 0.000 9.999 0.259000 0.09 0.000000  0.300 0.559  0.785 0.000   1.414 0.000 9999.99 0.259000  14.445 0.000   9.514 0.000   4.931 0.000 0.048 0.000  0.161 0.559
355.25 356.25   22.20 0.000  0.81 0.000 9.999 0.259000 0.07 0.000000  0.840 0.559  0.623 0.000   1.122 0.000 9999.99 0.259000   5.768 0.000 999.999 0.259   6.288 0.000 0.020 0.000  0.302 0.559
358.25 359.25   19.57 0.000  0.26 0.000 9.999 0.259000 0.10 0.000000  0.116 0.559  0.349 0.000   0.629 0.000 9999.99 0.259000   4.118 0.000   1.982 0.000   2.136 0.000 0.016 0.000  0.164 0.559
361.25 362.25   19.87 0.000  0.76 0.000 9.999 0.259000 0.36 0.000000  0.146 0.559  1.159 0.000   2.086 0.000 9999.99 0.259000   8.310 0.000   3.162 0.000   5.148 0.000 0.033 0.000  0.534 0.559
364.25 365.25    3.47 0.000  0.74 0.000 0.009 0.000000 0.12 0.000000  0.155 0.559  0.323 0.000   0.582 0.000 9999.99 0.259000   2.659 0.000   0.309 0.000   2.350 0.000 0.008 0.000  0.350 0.559
