scripts/IMPROVE-2019_partial/data/US9036R.19930102070000.20191216000000.filterpack...1y.3d.US03L_filterpack_US9036.US03L_IMPROVE_Davis.lev2.nas
51 1001
MISSING INFORMATION
US03L, IMPROVE, , , , , , , 
MISSING INFORMATION
IMPROVE sel_HTAP
1 1
1993 01 01 2019 12 16
0
days from file reference point
4
1 1 1 1
999.999999 999.999 999.999 9.999
end_time of measurement, days from the file reference point
pm10_mass, ug/m3, Matrix=pm10
pm25_mass, ug/m3, Matrix=pm25
numflag, no unit
0
33
Data definition:              EBAS_1.1
Set type code:                TI
Timezone:                     UTC
File name:                    US9036R.19930102070000.20191216000000.filterpack...1y.3d.US03L_filterpack_US9036.US03L_IMPROVE_Davis.lev2.nas
File creation:                20191218120744
Startdate:                    19930102070000
Revision date:                20191216000000
Version:                      2
Version description:          "Data extracted from http://views.cira.colostate.edu/fed/DataWizard 2019-12-16"
Statistics:                   arithmetic mean
Data level:                   2
Period code:                  1y
Resolution code:              3d
Sample duration:              1d
Orig. time res.:              3d
Station code:                 US9036R
Platform code:                US9036S
Station name:                 Tonto NM
Station latitude:             33.6548
Station longitude:            -111.1068
Station altitude:             775.0 m
Regime:                       IMG
Component:                    
Unit:                         ug/m3
Matrix:                       
Laboratory code:              US03L
Instrument type:              filterpack
Instrument name:              filterpack_US9036
Method ref:                   US03L_IMPROVE_Davis
Blank correction:             Blank corrected
Volume std. temperature:      ambient
Volume std. pressure:         ambient
starttime endtime PM10 PM2.5 flag
  1.291667   2.291667  11.962   5.031 0.000
  5.291667   6.291667 999.999   4.255 0.000
  8.291667   9.291667 999.999 999.999 0.999
 12.291667  13.291667   3.463   2.171 0.000
 15.291667  16.291667 999.999 999.999 0.999
 19.291667  20.291667   5.788 999.999 0.000
 22.291667  23.291667   9.817   2.365 0.000
 26.291667  27.291667   6.431   3.436 0.000
 29.291667  30.291667   9.890   5.895 0.000
 33.291667  34.291667 999.999 999.999 0.999
 36.291667  37.291667  13.919   5.166 0.000
 40.291667  41.291667 999.999 999.999 0.999
 43.291667  44.291667 999.999   3.625 0.000
 47.291667  48.291667   5.833   3.578 0.000
 50.291667  51.291667   3.182   1.131 0.000
 54.291667  55.291667 999.999   6.418 0.000
 57.291667  58.291667  11.502   3.134 0.000
 61.291667  62.291667   9.926   5.120 0.000
 64.291667  65.291667   4.118   2.651 0.000
 68.291667  69.291667  11.480   5.352 0.000
 71.291667  72.291667  21.571   6.086 0.000
 75.291667  76.291667  12.816   5.572 0.000
 78.291667  79.291667   7.690   4.247 0.000
 82.291667  83.291667  10.078   5.460 0.000
 85.291667  86.291667   1.836 999.999 0.000
 89.291667  90.291667  10.414   8.769 0.000
 92.291667  93.291667   1.992   1.600 0.000
 96.291667  97.291667  12.454   3.587 0.000
 99.291667 100.291667  17.472  10.400 0.000
103.291667 104.291667  12.410   4.548 0.000
106.291667 107.291667  23.418   7.909 0.000
110.291667 111.291667   9.537   3.494 0.000
113.291667 114.291667  21.210   8.705 0.000
117.291667 118.291667  14.079   6.478 0.000
120.291667 121.291667   9.110   3.851 0.000
124.291667 125.291667  12.536   4.091 0.000
127.291667 128.291667  22.286  10.615 0.000
131.291667 132.291667  17.208   6.176 0.000
134.291667 135.291667  16.117   6.588 0.000
138.291667 139.291667  10.537   4.758 0.000
141.291667 142.291667  13.719   7.892 0.000
145.291667 146.291667  13.321   6.317 0.000
148.291667 149.291667  10.679   5.659 0.000
152.291667 153.291667  16.667   7.778 0.000
155.291667 156.291667  18.853   5.831 0.000
159.291667 160.291667  12.313   5.090 0.000
162.291667 163.291667  13.367   6.322 0.000
166.291667 167.291667 999.999 999.999 0.999
169.291667 170.291667 999.999 999.999 0.999
173.291667 174.291667  13.279   5.868 0.000
176.291667 177.291667  13.160  10.982 0.000
180.291667 181.291667 999.999 999.999 0.999
183.291667 184.291667 999.999 999.999 0.999
187.291667 188.291667 999.999 999.999 0.999
190.291667 191.291667 999.999 999.999 0.999
194.291667 195.291667  12.903   3.930 0.000
197.291667 198.291667   8.873   3.059 0.000
201.291667 202.291667  13.620   4.294 0.000
204.291667 205.291667  12.827   3.784 0.000
208.291667 209.291667  10.601   3.917 0.000
211.291667 212.291667   9.187   5.697 0.000
215.291667 216.291667  13.000   7.396 0.000
218.291667 219.291667  11.021   4.586 0.000
222.291667 223.291667   8.972   5.579 0.000
225.291667 226.291667   6.986   5.744 0.000
229.291667 230.291667   9.893   4.243 0.000
232.291667 233.291667  11.744   6.409 0.000
236.291667 237.291667  11.231   6.646 0.000
239.291667 240.291667   9.304   4.220 0.000
243.291667 244.291667   5.307   2.925 0.000
246.291667 247.291667  13.741   7.718 0.000
250.291667 251.291667  11.519   5.562 0.000
253.291667 254.291667  15.444   5.556 0.000
257.291667 258.291667  10.746   5.770 0.000
260.291667 261.291667  13.433   5.401 0.000
264.291667 265.291667  11.567   4.268 0.000
267.291667 268.291667  10.327   5.184 0.000
271.291667 272.291667  10.553   3.994 0.000
274.291667 275.291667  17.482   6.869 0.000
278.291667 279.291667   7.782   5.667 0.000
281.291667 282.291667   5.778   4.727 0.000
285.291667 286.291667   6.528   3.957 0.000
288.291667 289.291667   7.463   2.470 0.000
292.291667 293.291667   5.187   3.720 0.000
295.291667 296.291667   6.642   4.233 0.000
299.291667 300.291667  10.487   4.195 0.000
302.291667 303.291667   4.906   2.584 0.000
306.291667 307.291667  11.250   7.827 0.000
309.291667 310.291667   9.288   4.548 0.000
313.291667 314.291667  35.352  22.226 0.000
316.291667 317.291667   2.397   1.829 0.000
320.291667 321.291667   8.189   5.745 0.000
323.291667 324.291667   9.108   3.656 0.000
327.291667 328.291667 999.999 999.999 0.999
330.291667 331.291667   3.799   3.098 0.000
334.291667 335.291667   6.187   3.517 0.000
337.291667 338.291667   6.308   2.185 0.000
341.291667 342.291667   7.860   3.528 0.000
344.291667 345.291667   7.625   4.290 0.000
348.291667 349.291667   4.962   1.865 0.000
351.291667 352.291667   6.489   4.246 0.000
355.291667 356.291667 999.999 999.999 0.999
358.291667 359.291667   6.187   2.025 0.000
362.291667 363.291667 999.999 999.999 0.999
