scripts/IMPROVE-2019_partial/data/US9002R.20020102070000.20191216000000.filterpack..pm25.52w.1w.US03L_filterpack_US9002.US03L_IMPROVE_Davis.lev2.nas
66 1001
MISSING INFORMATION
US03L, IMPROVE, , , , , , , 
MISSING INFORMATION
IMPROVE sel_HTAP
1 1
2002 01 01 2019 12 16
3.000000
days from file reference point
27
1 1 1 1 1 1 1 1 1 1 1 1 1 1 1 1 1 1 1 1 1 1 1 1 1 1 1
999.999999 9999.99 9.999 99.99 9.999 9.999 9.999999 9.99 9.999999 9.999 9.999999 99.999 9.999 999.999 9.999 99.99 9.999999 999.999 9.999 999.999 9.999 999.999 9.999 9.999 9.999 9.999 9.999999
end_time of measurement, days from the file reference point
iron, ng/m3, Revision date=20181210133000
numflag iron, no unit, Revision date=20181210133000
lead, ng/m3, Revision date=20181210133000
numflag lead, no unit, Revision date=20181210133000
magnesium, ug/m3, Revision date=20181210133000
numflag magnesium, no unit, Revision date=20181210133000
nickel, ng/m3, Revision date=20181210133000
numflag nickel, no unit, Revision date=20181210133000
nitrate, ug N/m3, Revision date=20181210133000
numflag nitrate, no unit, Revision date=20181210133000
organic_carbon, ug C/m3, Revision date=20181210133000
numflag organic_carbon, no unit, Revision date=20181210133000
organic_mass, ug/m3, Revision date=20181210133000
numflag organic_mass, no unit, Revision date=20181210133000
phosphorus, ng/m3, Revision date=20181210133000
numflag phosphorus, no unit, Revision date=20181210133000
pm10_mass, ug/m3, Version=2, Version description=Data extracted from http://views.cira.colostate.edu/fed/DataWizard 2019-12-16, Sample duration=1d, Orig. time res.=3d, Matrix=pm10, Blank correction=Blank corrected, Volume std. temperature=ambient, Volume std. pressure=ambient
numflag pm10_mass, no unit, Version=2, Version description=Data extracted from http://views.cira.colostate.edu/fed/DataWizard 2019-12-16, Sample duration=1d, Orig. time res.=3d, Matrix=pm10, Blank correction=Blank corrected, Volume std. temperature=ambient, Volume std. pressure=ambient
pm10_pm25_mass, ug/m3, Revision date=20181210133000, Matrix=pm10_pm25
numflag pm10_pm25_mass, no unit, Revision date=20181210133000, Matrix=pm10_pm25
pm25_mass, ug/m3, Version=2, Version description=Data extracted from http://views.cira.colostate.edu/fed/DataWizard 2019-12-16, Sample duration=1d, Orig. time res.=3d, Blank correction=Blank corrected, Volume std. temperature=ambient, Volume std. pressure=ambient
numflag pm25_mass, no unit, Version=2, Version description=Data extracted from http://views.cira.colostate.edu/fed/DataWizard 2019-12-16, Sample duration=1d, Orig. time res.=3d, Blank correction=Blank corrected, Volume std. temperature=ambient, Volume std. pressure=ambient
potassium, ug/m3, Revision date=20181210133000
numflag potassium, no unit, Revision date=20181210133000
sulphate_total, ug S/m3, Revision date=20181210133000
numflag sulphate_total, no unit, Revision date=20181210133000
0
25
Data definition:              EBAS_1.1
Set type code:                TU
Timezone:                     UTC
File name:                    US9002R.20020102070000.20191216000000.filterpack..pm25.52w.1w.US03L_filterpack_US9002.US03L_IMPROVE_Davis.lev2.nas
File creation:                20191218120520
Startdate:                    20020102070000
Revision date:                20191216000000
Statistics:                   arithmetic mean
Data level:                   2
Period code:                  52w
Resolution code:              1w
Station code:                 US9002R
Platform code:                US9002S
Station name:                 Mount Zirkel Wilderness
Station latitude:             40.5383
Station longitude:            -106.6766
Station altitude:             3243.0 m
Regime:                       IMG
Component:                    
Matrix:                       pm25
Laboratory code:              US03L
Instrument type:              filterpack
Instrument name:              filterpack_US9002
Method ref:                   US03L_IMPROVE_Davis
starttime endtime Fe flag_Fe Pb flag_Pb Mg++ flag_Mg++ Ni flag_Ni NO3- flag_NO3- OC flag_OC OM flag_OM P flag_P PM10 flag_PM10 PM10-PM2.5 flag_PM10-PM2.5 PM2.5 flag_PM2.5 K+ flag_K+ SO4-- flag_SO4--
  1.291667   2.291667 9999.99 0.999 99.99 0.999 9.999 0.999000 9.99 0.999000 9.999 0.999000 99.999 0.999 999.999 0.999 99.99 0.999000 999.999 0.999 999.999 0.999 999.999 0.999 9.999 0.999 9.999 0.999000
  4.291667   5.291667    1.54 0.000 99.99 0.259 9.999 0.259000 9.99 0.259000 0.022 0.000000  0.118 0.000   0.166 0.000 99.99 0.259000   1.863 0.000   1.226 0.000   0.637 0.000 0.004 0.000 0.070 0.000000
  7.291667   8.291667    0.95 0.000  0.36 0.000 9.999 0.259000 9.99 0.259000 0.005 0.559000  0.107 0.000   0.150 0.000 99.99 0.259000   0.550 0.000   0.296 0.000   0.254 0.000 9.999 0.259 0.026 0.559000
 10.291667  11.291667    2.30 0.000 99.99 0.259 9.999 0.259000 9.99 0.259000 0.019 0.559000  0.106 0.000   0.149 0.000 99.99 0.259000   3.006 0.000   2.567 0.000   0.440 0.000 9.999 0.259 0.028 0.559000
 13.291667  14.291667    2.81 0.000  0.27 0.000 9.999 0.259000 9.99 0.259000 0.035 0.000000  0.047 0.000   0.066 0.000 99.99 0.259000   1.236 0.000   0.726 0.000   0.510 0.000 0.006 0.000 0.124 0.000000
 16.291667  17.291667    4.33 0.000  0.33 0.000 9.999 0.259000 0.06 0.000000 0.165 0.000000  0.375 0.000   0.524 0.000 99.99 0.259000   6.092 0.000   4.076 0.000   2.016 0.000 0.005 0.000 0.179 0.000000
 19.291667  20.291667    4.86 0.000  0.37 0.000 9.999 0.259000 0.10 0.000000 0.042 0.000000  0.201 0.000   0.281 0.000 99.99 0.259000   5.316 0.000   4.555 0.000   0.761 0.000 0.005 0.000 0.066 0.000000
 22.291667  23.291667    5.66 0.000  0.32 0.000 9.999 0.259000 9.99 0.259000 0.043 0.000000  0.194 0.000   0.272 0.000 99.99 0.259000   4.973 0.000   4.068 0.000   0.904 0.000 0.007 0.000 0.107 0.000000
 25.291667  26.291667    6.74 0.000  0.39 0.000 9.999 0.259000 9.99 0.259000 0.009 0.559000  0.261 0.000   0.366 0.000 99.99 0.259000   1.347 0.000   0.652 0.000   0.694 0.000 0.011 0.000 0.042 0.559000
 28.291667  29.291667    2.43 0.559  0.22 0.559 9.999 0.559259 9.99 0.559259 0.009 0.559000  0.131 0.000   0.183 0.000 99.99 0.559259   2.325 0.000   1.468 0.000   0.857 0.559 0.006 0.559 0.105 0.559000
 31.291667  32.291667    3.59 0.000  0.35 0.000 9.999 0.259000 9.99 0.259000 0.027 0.000000  0.197 0.000   0.276 0.000 99.99 0.259000   4.175 0.000   3.529 0.000   0.646 0.000 0.005 0.000 0.068 0.000000
 34.291667  35.291667    4.98 0.000  0.41 0.000 9.999 0.259000 9.99 0.259000 0.044 0.000000  0.205 0.000   0.287 0.000 99.99 0.259000   2.854 0.000   1.862 0.000   0.992 0.000 0.011 0.000 0.086 0.000000
 37.291667  38.291667    5.00 0.000  0.52 0.000 9.999 0.259000 9.99 0.259000 0.015 0.000000  0.122 0.000   0.170 0.000 99.99 0.259000   1.631 0.000   0.978 0.000   0.654 0.000 0.005 0.000 0.052 0.000000
 40.291667  41.291667    5.77 0.000  0.35 0.000 9.999 0.259000 9.99 0.259000 0.011 0.559000  0.185 0.000   0.260 0.000 99.99 0.259000   1.305 0.000   0.579 0.000   0.726 0.000 0.006 0.000 0.060 0.559000
 43.291667  44.291667   10.27 0.000  0.57 0.000 9.999 0.259000 9.99 0.259000 0.067 0.000000  0.173 0.000   0.243 0.000 99.99 0.259000   3.409 0.000   2.268 0.000   1.142 0.000 0.010 0.000 0.117 0.000000
 46.291667  47.291667    9.40 0.000  0.97 0.000 9.999 0.259000 9.99 0.259000 0.013 0.000000  0.305 0.000   0.427 0.000 99.99 0.259000   1.599 0.000   0.786 0.000   0.813 0.000 0.008 0.000 0.061 0.000000
 49.291667  50.291667    8.93 0.559  0.45 0.559 9.999 0.559259 9.99 0.559259 0.157 0.559000  0.476 0.000   0.666 0.000 99.99 0.559259   3.581 0.000   0.548 0.000   3.033 0.559 0.013 0.559 0.456 0.559000
 52.291667  53.291667    9.44 0.000  0.40 0.000 9.999 0.259000 9.99 0.259000 0.024 0.000000  0.124 0.000   0.174 0.000 99.99 0.259000   3.072 0.000   2.418 0.000   0.654 0.000 0.008 0.000 0.061 0.000000
 55.291667  56.291667    6.35 0.000 99.99 0.259 9.999 0.259000 0.04 0.000000 0.033 0.000000  0.252 0.000   0.353 0.000 99.99 0.259000   5.496 0.000   4.152 0.000   1.344 0.000 0.006 0.000 0.193 0.000000
 58.291667  59.291667   16.14 0.000  0.53 0.000 9.999 0.259000 9.99 0.259000 0.072 0.559000  0.233 0.000   0.326 0.000 99.99 0.259000  11.052 0.000   9.548 0.000   1.504 0.000 0.012 0.000 0.137 0.559000
 61.291667  62.291667   15.44 0.000  0.66 0.000 9.999 0.259000 0.24 0.000000 0.035 0.559000  0.325 0.000   0.455 0.000 99.99 0.259000   3.129 0.000   1.104 0.000   2.026 0.000 0.017 0.000 0.277 0.559000
 64.291667  65.291667   23.78 0.000  0.41 0.000 9.999 0.259000 0.15 0.000000 0.028 0.000000  0.232 0.000   0.325 0.000 99.99 0.259000   4.142 0.000   2.759 0.000   1.383 0.000 0.017 0.000 0.092 0.000000
 67.291667  68.291667   20.94 0.559  0.76 0.559 9.999 0.559259 9.99 0.559259 0.027 0.000000  0.242 0.000   0.339 0.000 99.99 0.559259   1.948 0.000   0.539 0.000   1.409 0.559 0.017 0.559 0.153 0.000000
 70.291667  71.291667    7.53 0.000  0.33 0.000 9.999 0.259000 9.99 0.259000 0.039 0.559000  0.230 0.000   0.322 0.000 99.99 0.259000   1.354 0.000   0.548 0.000   0.805 0.000 0.009 0.000 0.079 0.559000
 73.291667  74.291667    4.33 0.559  0.23 0.559 9.999 0.559259 9.99 0.559259 0.021 0.000000  0.219 0.000   0.306 0.000 99.99 0.559259   2.795 0.000   0.871 0.000   1.924 0.559 0.003 0.559 0.337 0.000000
 76.291667  77.291667   17.73 0.000  0.39 0.000 9.999 0.259000 9.99 0.259000 0.041 0.000000  0.217 0.000   0.303 0.000 99.99 0.259000   2.329 0.000   0.746 0.000   1.583 0.000 0.011 0.000 0.196 0.000000
 79.291667  80.291667   10.64 0.000  0.45 0.000 9.999 0.259000 9.99 0.259000 0.041 0.000000  0.163 0.000   0.228 0.000 99.99 0.259000   1.882 0.000   1.157 0.000   0.726 0.000 0.014 0.000 0.096 0.000000
 82.291667  83.291667   28.65 0.000  0.47 0.000 9.999 0.259000 9.99 0.259000 0.055 0.000000  0.277 0.000   0.388 0.000 99.99 0.259000   5.135 0.000   3.200 0.000   1.934 0.000 0.019 0.000 0.191 0.000000
 85.291667  86.291667   23.41 0.000  0.53 0.000 9.999 0.259000 9.99 0.259000 0.062 0.559000  0.229 0.000   0.321 0.000 99.99 0.259000   4.040 0.000   2.994 0.000   1.046 0.000 0.015 0.000 0.095 0.559000
 88.291667  89.291667   49.57 0.000  0.85 0.000 9.999 0.259000 0.17 0.000000 0.196 0.000000  0.327 0.000   0.457 0.000 99.99 0.259000   4.209 0.000   1.399 0.000   2.810 0.000 0.039 0.000 0.212 0.000000
 91.291667  92.291667 9999.99 0.456 99.99 0.456 9.999 0.456000 9.99 0.456000 0.069 0.000000  0.289 0.000   0.404 0.000 99.99 0.456000 999.999 0.456 999.999 0.999 999.999 0.456 9.999 0.456 0.156 0.000000
 94.291667  95.291667   55.08 0.000  0.76 0.000 9.999 0.259000 9.99 0.259000 0.051 0.000000  0.519 0.000   0.727 0.000 99.99 0.259000   5.572 0.000   3.121 0.000   2.451 0.000 0.038 0.000 0.146 0.000000
 97.291667  98.291667   43.62 0.000  0.47 0.000 9.999 0.259000 9.99 0.259000 0.073 0.000000  0.519 0.000   0.727 0.000 99.99 0.259000   5.229 0.000   3.361 0.000   1.869 0.000 0.025 0.000 0.127 0.000000
100.291667 101.291667   24.43 0.394  0.55 0.394 9.999 0.394259 9.99 0.394259 0.077 0.559394  0.304 0.000   0.426 0.000 99.99 0.394259   2.406 0.000   0.911 0.000   1.494 0.000 0.014 0.394 0.144 0.559394
103.291667 104.291667  101.82 0.000  0.91 0.000 9.999 0.259000 9.99 0.259000 0.048 0.000000  0.388 0.000   0.543 0.000 99.99 0.259000   6.778 0.000   3.322 0.000   3.457 0.000 0.052 0.000 0.130 0.000000
106.291667 107.291667 9999.99 0.999 99.99 0.999 9.999 0.999000 9.99 0.999000 9.999 0.999000 99.999 0.999 999.999 0.999 99.99 0.999000 999.999 0.999 999.999 0.999 999.999 0.999 9.999 0.999 9.999 0.999000
109.291667 110.291667   65.18 0.559  0.51 0.559 9.999 0.559259 0.12 0.559000 0.116 0.000000  0.365 0.000   0.511 0.000 99.99 0.559259   9.554 0.000   6.215 0.000   3.339 0.559 0.042 0.559 0.271 0.000000
112.291667 113.291667  125.68 0.000  1.33 0.000 9.999 0.259000 9.99 0.259000 0.060 0.559000  0.430 0.000   0.602 0.000 99.99 0.259000   7.779 0.000   3.847 0.000   3.931 0.000 0.073 0.000 0.211 0.559000
115.291667 116.291667   40.58 0.000  0.48 0.000 9.999 0.259000 9.99 0.259000 0.040 0.000000  0.283 0.000   0.396 0.000 99.99 0.259000   4.990 0.000   2.644 0.000   2.346 0.000 0.029 0.000 0.137 0.000000
118.291667 119.291667  107.76 0.000  1.02 0.000 9.999 0.259000 0.11 0.000000 0.082 0.000000  0.337 0.000   0.472 0.000 99.99 0.259000   6.735 0.000   3.122 0.000   3.614 0.000 0.067 0.000 0.252 0.000000
121.291667 122.291667   28.41 0.000  0.56 0.000 9.999 0.259000 9.99 0.259000 0.067 0.000000  0.237 0.000   0.332 0.000 99.99 0.259000   4.309 0.000   2.423 0.000   1.885 0.000 0.018 0.000 0.187 0.000000
124.291667 125.291667  145.49 0.000  0.56 0.000 9.999 0.259000 0.10 0.000000 0.061 0.559000  0.462 0.000   0.647 0.000 99.99 0.259000   8.492 0.000   4.313 0.000   4.179 0.000 0.078 0.000 0.198 0.559000
127.291667 128.291667   28.41 0.000  0.39 0.000 9.999 0.259000 0.20 0.000000 0.042 0.000000  0.286 0.000   0.401 0.000 99.99 0.259000   4.125 0.000   2.748 0.000   1.376 0.000 0.017 0.000 0.094 0.000000
130.291667 131.291667   56.97 0.000  0.37 0.000 9.999 0.259000 0.11 0.000000 0.108 0.000000  0.364 0.000   0.510 0.000 99.99 0.259000   5.104 0.000   2.384 0.000   2.720 0.000 0.036 0.000 0.215 0.000000
133.291667 134.291667   54.57 0.000  0.53 0.000 9.999 0.259000 9.99 0.259000 0.030 0.000000  0.482 0.000   0.674 0.000 99.99 0.259000   5.452 0.000   2.646 0.000   2.806 0.000 0.033 0.000 0.217 0.000000
136.291667 137.291667   40.49 0.000  0.65 0.000 9.999 0.259000 9.99 0.259000 0.052 0.559000  0.457 0.000   0.640 0.000 99.99 0.259000   4.366 0.000   2.051 0.000   2.315 0.000 0.025 0.000 0.214 0.559000
139.291667 140.291667   60.93 0.000  0.72 0.000 9.999 0.259000 9.99 0.259000 0.038 0.000000  0.719 0.000   1.007 0.000 99.99 0.259000   8.722 0.000   4.555 0.000   4.167 0.000 0.044 0.000 0.349 0.000000
142.291667 143.291667   10.59 0.000 99.99 0.259 9.999 0.259000 9.99 0.259000 0.027 0.559000  0.272 0.000   0.381 0.000 99.99 0.259000   2.079 0.000   1.482 0.000   0.597 0.000 0.008 0.000 0.072 0.559000
145.291667 146.291667   25.25 0.000  0.41 0.000 9.999 0.259000 9.99 0.259000 0.016 0.559000  0.458 0.000   0.641 0.000 99.99 0.259000   3.160 0.000   1.677 0.000   1.484 0.000 0.016 0.000 0.112 0.559000
148.291667 149.291667   49.55 0.000  0.50 0.000 9.999 0.259000 0.15 0.000000 0.031 0.559000  0.510 0.000   0.715 0.000 99.99 0.259000   6.944 0.000   4.027 0.000   2.917 0.000 0.031 0.000 0.268 0.559000
151.291667 152.291667   65.28 0.559  0.56 0.559 9.999 0.559259 0.11 0.559000 0.040 0.559000  1.328 0.000   1.859 0.000 99.99 0.559259  11.946 0.000   6.614 0.000   5.332 0.559 0.053 0.559 0.285 0.559000
154.291667 155.291667   14.37 0.000  0.36 0.000 9.999 0.259000 9.99 0.259000 0.021 0.559000  0.547 0.000   0.766 0.000 99.99 0.259000   2.479 0.000   0.677 0.000   1.803 0.000 0.012 0.000 0.149 0.559000
157.291667 158.291667   28.46 0.000  0.47 0.000 9.999 0.259000 9.99 0.259000 0.024 0.000000  0.654 0.000   0.916 0.000 99.99 0.259000   5.580 0.000   3.202 0.000   2.378 0.000 0.022 0.000 0.162 0.000000
160.291667 161.291667   77.84 0.559  0.44 0.559 9.999 0.559259 9.99 0.559259 0.047 0.559000  0.699 0.000   0.979 0.000 99.99 0.559259  12.717 0.000   9.016 0.000   3.702 0.559 0.059 0.559 0.147 0.559000
163.291667 164.291667   23.35 0.559  0.43 0.559 0.024 0.559000 9.99 0.559259 0.024 0.000000  0.735 0.000   1.028 0.000 99.99 0.559259   6.903 0.000   4.039 0.000   2.863 0.559 0.016 0.559 0.187 0.000000
166.291667 167.291667   36.91 0.559  0.52 0.559 0.024 0.559000 9.99 0.559259 0.034 0.000000  0.743 0.000   1.040 0.000 99.99 0.559259   7.405 0.000   3.638 0.000   3.767 0.559 0.025 0.559 0.286 0.000000
169.291667 170.291667   86.39 0.559  0.39 0.559 9.999 0.559259 9.99 0.559259 0.033 0.000000  0.800 0.000   1.120 0.000 99.99 0.559259  14.305 0.000  10.185 0.000   4.120 0.559 0.060 0.559 0.136 0.000000
172.291667 173.291667  122.93 0.699  0.44 0.699 9.999 0.699259 0.11 0.699000 0.055 0.000000  3.805 0.000   5.326 0.000 99.99 0.699259  18.855 0.000   8.202 0.000  10.653 0.699 0.108 0.699 0.263 0.000000
175.291667 176.291667   73.57 0.699  0.59 0.699 0.039 0.699000 9.99 0.699259 0.062 0.000000  3.394 0.000   4.751 0.000 99.99 0.699259  15.268 0.000   6.203 0.000   9.066 0.699 0.077 0.699 0.306 0.000000
178.291667 179.291667   83.48 0.699  0.60 0.699 9.999 0.699259 9.99 0.699259 0.071 0.000000  5.036 0.000   7.051 0.000 99.99 0.699259  20.454 0.000   8.550 0.000  11.905 0.699 0.142 0.699 0.330 0.000000
181.291667 182.291667   94.07 0.699  0.63 0.699 9.999 0.699259 9.99 0.699259 0.103 0.000000  5.324 0.000   7.454 0.000 99.99 0.699259  20.328 0.000   7.195 0.000  13.133 0.699 0.138 0.699 0.321 0.000000
184.291667 185.291667   57.55 0.559  0.50 0.559 0.030 0.559000 9.99 0.559259 0.024 0.559000  2.671 0.000   3.740 0.000 99.99 0.559259  14.554 0.000   8.461 0.000   6.093 0.559 0.063 0.559 0.257 0.559000
187.291667 188.291667   37.33 0.000  0.41 0.000 9.999 0.259000 9.99 0.259000 0.024 0.559000  0.811 0.000   1.135 0.000 99.99 0.259000  10.582 0.000   7.305 0.000   3.277 0.000 0.031 0.000 0.234 0.559000
190.291667 191.291667   81.54 0.000  0.56 0.000 0.052 0.000000 9.99 0.259000 0.041 0.000000  1.363 0.000   1.908 0.000 99.99 0.259000  15.400 0.000  10.312 0.000   5.088 0.000 0.050 0.000 0.314 0.000000
193.291667 194.291667   40.11 0.559  0.22 0.559 9.999 0.559259 9.99 0.559259 0.013 0.559000  1.541 0.000   2.157 0.000 99.99 0.559259   8.629 0.000   4.628 0.000   4.001 0.559 0.030 0.559 0.103 0.559000
196.291667 197.291667   92.49 0.699  0.32 0.699 9.999 0.699259 9.99 0.699259 0.058 0.559000  5.553 0.000   7.774 0.000 99.99 0.699259  17.981 0.000   6.274 0.000  11.707 0.699 0.144 0.699 0.305 0.559000
199.291667 200.291667 9999.99 0.999 99.99 0.999 9.999 0.999000 9.99 0.999000 9.999 0.999000 99.999 0.999 999.999 0.999 99.99 0.999000 999.999 0.999 999.999 0.999 999.999 0.999 9.999 0.999 9.999 0.999000
202.291667 203.291667 9999.99 0.999 99.99 0.999 9.999 0.999000 9.99 0.999000 9.999 0.999000 99.999 0.999 999.999 0.999 99.99 0.999000 999.999 0.999 999.999 0.999 999.999 0.999 9.999 0.999 9.999 0.999000
205.291667 206.291667   36.90 0.000  0.26 0.000 9.999 0.259000 9.99 0.259000 0.043 0.000000  1.284 0.000   1.797 0.000 99.99 0.259000   9.665 0.000   5.938 0.000   3.727 0.000 0.038 0.000 0.221 0.000000
208.291667 209.291667   23.62 0.000  0.15 0.000 9.999 0.259000 9.99 0.259000 0.030 0.559000  1.240 0.000   1.736 0.000 99.99 0.259000   6.254 0.000   2.909 0.000   3.345 0.000 0.032 0.000 0.149 0.559000
211.291667 212.291667   30.79 0.000  0.36 0.000 9.999 0.259000 9.99 0.259000 0.034 0.000000  2.127 0.000   2.978 0.000 99.99 0.259000  13.108 0.000   8.736 0.000   4.372 0.000 0.040 0.000 0.125 0.000000
214.291667 215.291667   25.06 0.000  0.21 0.000 9.999 0.259000 9.99 0.259000 0.032 0.000000  0.836 0.000   1.170 0.000 99.99 0.259000   4.520 0.000   1.723 0.000   2.797 0.000 0.029 0.000 0.192 0.000000
217.291667 218.291667    8.61 0.000  0.15 0.000 9.999 0.259000 9.99 0.259000 0.028 0.559000  0.418 0.000   0.585 0.000 99.99 0.259000   2.342 0.000   0.863 0.000   1.479 0.000 0.010 0.000 0.139 0.559000
220.291667 221.291667 9999.99 0.999 99.99 0.999 9.999 0.999000 9.99 0.999000 9.999 0.999000 99.999 0.999 999.999 0.999 99.99 0.999000 999.999 0.999 999.999 0.999 999.999 0.999 9.999 0.999 9.999 0.999000
223.291667 224.291667 9999.99 0.999 99.99 0.999 9.999 0.999000 9.99 0.999000 9.999 0.999000 99.999 0.999 999.999 0.999 99.99 0.999000 999.999 0.999 999.999 0.999 999.999 0.999 9.999 0.999 9.999 0.999000
226.291667 227.291667   82.70 0.000 99.99 0.259 0.031 0.000000 9.99 0.259000 0.012 0.559000  0.552 0.000   0.773 0.000 99.99 0.259000  11.259 0.000   8.539 0.000   2.720 0.000 0.041 0.000 0.058 0.559000
229.291667 230.291667  117.41 0.699  0.30 0.699 9.999 0.699259 9.99 0.699259 0.114 0.000000  9.887 0.000  13.842 0.000 99.99 0.699259  27.320 0.000   8.596 0.000  18.724 0.699 0.172 0.699 0.148 0.000000
232.291667 233.291667   24.95 0.000  0.15 0.000 9.999 0.259000 0.15 0.000000 0.033 0.000000  0.658 0.000   0.922 0.000 99.99 0.259000   6.612 0.000   3.983 0.000   2.628 0.000 0.026 0.000 0.172 0.000000
