scripts/IMPROVE-2019_partial/data/US9070R.20030103070000.20191216000000.filterpack..pm25.1y.1w.US03L_filterpack_US9070.US03L_IMPROVE_Davis.lev2.nas
66 1001
MISSING INFORMATION
US03L, IMPROVE, , , , , , , 
MISSING INFORMATION
IMPROVE sel_HTAP
1 1
2003 01 01 2019 12 16
3.000000
days from file reference point
27
1 1 1 1 1 1 1 1 1 1 1 1 1 1 1 1 1 1 1 1 1 1 1 1 1 1 1
999.999999 9999.99 9.999 99.99 9.999999 9.999 9.999999 9.99 9.999999 9.999 9.999 99.999 9.999 99.999 9.999 999.99 9.999999 999.999 9.999 999.999 9.999 999.999 9.999 9.999 9.999 9.999 9.999
end_time of measurement, days from the file reference point
iron, ng/m3, Revision date=20181210133000
numflag iron, no unit, Revision date=20181210133000
lead, ng/m3, Revision date=20181210133000
numflag lead, no unit, Revision date=20181210133000
magnesium, ug/m3, Revision date=20181210133000
numflag magnesium, no unit, Revision date=20181210133000
nickel, ng/m3, Revision date=20181210133000
numflag nickel, no unit, Revision date=20181210133000
nitrate, ug N/m3, Revision date=20181210133000
numflag nitrate, no unit, Revision date=20181210133000
organic_carbon, ug C/m3, Revision date=20181210133000
numflag organic_carbon, no unit, Revision date=20181210133000
organic_mass, ug/m3, Revision date=20181210133000
numflag organic_mass, no unit, Revision date=20181210133000
phosphorus, ng/m3, Revision date=20181210133000
numflag phosphorus, no unit, Revision date=20181210133000
pm10_mass, ug/m3, Version=2, Version description=Data extracted from http://views.cira.colostate.edu/fed/DataWizard 2019-12-16, Sample duration=1d, Orig. time res.=3d, Matrix=pm10, Blank correction=Blank corrected, Volume std. temperature=ambient, Volume std. pressure=ambient
numflag pm10_mass, no unit, Version=2, Version description=Data extracted from http://views.cira.colostate.edu/fed/DataWizard 2019-12-16, Sample duration=1d, Orig. time res.=3d, Matrix=pm10, Blank correction=Blank corrected, Volume std. temperature=ambient, Volume std. pressure=ambient
pm10_pm25_mass, ug/m3, Revision date=20181210133000, Matrix=pm10_pm25
numflag pm10_pm25_mass, no unit, Revision date=20181210133000, Matrix=pm10_pm25
pm25_mass, ug/m3, Version=2, Version description=Data extracted from http://views.cira.colostate.edu/fed/DataWizard 2019-12-16, Sample duration=1d, Orig. time res.=3d, Blank correction=Blank corrected, Volume std. temperature=ambient, Volume std. pressure=ambient
numflag pm25_mass, no unit, Version=2, Version description=Data extracted from http://views.cira.colostate.edu/fed/DataWizard 2019-12-16, Sample duration=1d, Orig. time res.=3d, Blank correction=Blank corrected, Volume std. temperature=ambient, Volume std. pressure=ambient
potassium, ug/m3, Revision date=20181210133000
numflag potassium, no unit, Revision date=20181210133000
sulphate_total, ug S/m3, Revision date=20181210133000
numflag sulphate_total, no unit, Revision date=20181210133000
0
25
Data definition:              EBAS_1.1
Set type code:                TU
Timezone:                     UTC
File name:                    US9070R.20030103070000.20191216000000.filterpack..pm25.1y.1w.US03L_filterpack_US9070.US03L_IMPROVE_Davis.lev2.nas
File creation:                20191218121019
Startdate:                    20030103070000
Revision date:                20191216000000
Statistics:                   arithmetic mean
Data level:                   2
Period code:                  1y
Resolution code:              1w
Station code:                 US9070R
Platform code:                US9070S
Station name:                 San Pedro Parks
Station latitude:             36.0139
Station longitude:            -106.8447
Station altitude:             2935.0 m
Regime:                       IMG
Component:                    
Matrix:                       pm25
Laboratory code:              US03L
Instrument type:              filterpack
Instrument name:              filterpack_US9070
Method ref:                   US03L_IMPROVE_Davis
starttime endtime Fe flag_Fe Pb flag_Pb Mg++ flag_Mg++ Ni flag_Ni NO3- flag_NO3- OC flag_OC OM flag_OM P flag_P PM10 flag_PM10 PM10-PM2.5 flag_PM10-PM2.5 PM2.5 flag_PM2.5 K+ flag_K+ SO4-- flag_SO4--
  2.291667   3.291667    2.35 0.000  0.08 0.000000 0.012 0.000000 9.99 0.259000 0.005 0.000  0.140 0.000  0.195 0.000 999.99 0.259000   0.998 0.000   0.377 0.000   0.621 0.000 0.003 0.000 0.042 0.000
  5.291667   6.291667    4.37 0.000 99.99 0.259000 9.999 0.259000 9.99 0.259000 0.012 0.000  0.150 0.000  0.210 0.000  10.56 0.000000   1.830 0.000   0.976 0.000   0.853 0.000 0.004 0.000 0.077 0.000
  8.291667   9.291667   15.05 0.000  0.29 0.000000 9.999 0.259000 9.99 0.259000 0.019 0.000  0.212 0.000  0.297 0.000 999.99 0.259000   3.514 0.000   1.003 0.000   2.511 0.000 0.010 0.000 0.368 0.000
 11.291667  12.291667    8.12 0.000  0.06 0.000000 9.999 0.259000 9.99 0.259000 0.008 0.000  0.145 0.000  0.203 0.000 999.99 0.259000   2.385 0.000   1.247 0.000   1.137 0.000 0.002 0.000 0.165 0.000
 14.291667  15.291667    7.49 0.000  0.19 0.000000 9.999 0.259000 9.99 0.259000 0.039 0.000  0.239 0.000  0.334 0.000 999.99 0.259000   1.705 0.000   0.579 0.000   1.126 0.000 0.006 0.000 0.122 0.000
 17.291667  18.291667   13.30 0.000  0.23 0.000000 9.999 0.259000 9.99 0.259000 0.013 0.000  0.121 0.000  0.169 0.000 999.99 0.259000   1.123 0.000   0.734 0.000   0.389 0.000 0.011 0.000 0.028 0.000
 20.291667  21.291667    8.42 0.000  0.34 0.000000 9.999 0.259000 9.99 0.259000 0.021 0.000  0.120 0.000  0.168 0.000 999.99 0.259000   1.849 0.000   0.907 0.000   0.942 0.000 0.006 0.000 0.076 0.000
 23.291667  24.291667    4.00 0.000  0.14 0.000000 9.999 0.259000 9.99 0.259000 0.013 0.559  0.072 0.000  0.101 0.000 999.99 0.259000   0.873 0.000   0.532 0.000   0.341 0.000 0.003 0.000 0.035 0.559
 26.291667  27.291667    7.79 0.000  1.97 0.000000 9.999 0.259000 9.99 0.259000 0.003 0.000  0.156 0.000  0.219 0.000 999.99 0.259000   1.736 0.000   0.416 0.000   1.320 0.000 0.015 0.000 0.162 0.000
 29.291667  30.291667   13.34 0.000  0.21 0.000000 9.999 0.259000 9.99 0.259000 0.005 0.000  0.084 0.000  0.118 0.000 999.99 0.259000   1.248 0.000   0.398 0.000   0.849 0.000 0.014 0.000 0.054 0.000
 32.291667  33.291667  142.72 0.000  0.38 0.000000 9.999 0.259000 0.04 0.000000 0.017 0.000  0.378 0.000  0.529 0.000 999.99 0.259000  32.505 0.000  27.013 0.000   5.492 0.000 0.098 0.000 0.168 0.000
 35.291667  36.291667   25.16 0.000  0.61 0.000000 9.999 0.259000 9.99 0.259000 0.046 0.000  0.199 0.000  0.278 0.000 999.99 0.259000   3.012 0.000   1.939 0.000   1.073 0.000 0.014 0.000 0.068 0.000
 38.291667  39.291667 9999.99 0.999 99.99 0.999000 9.999 0.999000 9.99 0.999000 0.166 0.000  0.454 0.000  0.635 0.000 999.99 0.999000   5.062 0.000 999.999 0.999 999.999 0.999 9.999 0.999 0.311 0.000
 41.291667  42.291667 9999.99 0.999 99.99 0.999000 9.999 0.999000 9.99 0.999000 0.004 0.000  0.054 0.000  0.076 0.000 999.99 0.999000   0.962 0.000 999.999 0.999 999.999 0.999 9.999 0.999 0.035 0.000
 44.291667  45.291667 9999.99 0.999 99.99 0.999000 9.999 0.999000 9.99 0.999000 9.999 0.999 99.999 0.999 99.999 0.999 999.99 0.999000 999.999 0.999 999.999 0.999 999.999 0.999 9.999 0.999 9.999 0.999
 47.291667  48.291667 9999.99 0.999 99.99 0.999000 9.999 0.999000 9.99 0.999000 9.999 0.999 99.999 0.999 99.999 0.999 999.99 0.999000 999.999 0.999 999.999 0.999 999.999 0.999 9.999 0.999 9.999 0.999
 50.291667  51.291667 9999.99 0.999 99.99 0.999000 9.999 0.999000 9.99 0.999000 0.184 0.000  0.305 0.000  0.427 0.000 999.99 0.999000   2.703 0.000 999.999 0.999 999.999 0.999 9.999 0.999 0.284 0.000
 53.291667  54.291667 9999.99 0.999 99.99 0.999000 9.999 0.999000 9.99 0.999000 0.019 0.000  0.039 0.000  0.055 0.000 999.99 0.999000   7.572 0.000 999.999 0.999 999.999 0.999 9.999 0.999 0.064 0.000
 56.291667  57.291667 9999.99 0.999 99.99 0.999000 9.999 0.999000 9.99 0.999000 9.999 0.999 99.999 0.999 99.999 0.999 999.99 0.999000 999.999 0.999 999.999 0.999 999.999 0.999 9.999 0.999 9.999 0.999
 59.291667  60.291667 9999.99 0.999 99.99 0.999000 9.999 0.999000 9.99 0.999000 9.999 0.999 99.999 0.999 99.999 0.999 999.99 0.999000 999.999 0.999 999.999 0.999 999.999 0.999 9.999 0.999 9.999 0.999
 62.291667  63.291667 9999.99 0.999 99.99 0.999000 9.999 0.999000 9.99 0.999000 9.999 0.999 99.999 0.999 99.999 0.999 999.99 0.999000 999.999 0.999 999.999 0.999 999.999 0.999 9.999 0.999 9.999 0.999
 65.291667  66.291667   14.42 0.000  0.37 0.000000 9.999 0.259000 9.99 0.259000 0.012 0.000  0.107 0.000  0.150 0.000 999.99 0.259000   2.287 0.000   0.997 0.000   1.291 0.000 0.012 0.000 0.109 0.000
 68.291667  69.291667   32.67 0.000  0.43 0.000000 9.999 0.259000 9.99 0.259000 0.011 0.559  0.182 0.000  0.255 0.000 999.99 0.259000   2.273 0.000   0.474 0.000   1.799 0.000 0.023 0.000 0.094 0.559
 71.291667  72.291667   67.04 0.000  0.54 0.000000 0.029 0.000000 9.99 0.259000 0.032 0.000  0.266 0.000  0.372 0.000 999.99 0.259000   5.828 0.000   2.956 0.000   2.873 0.000 0.047 0.000 0.104 0.000
 74.291667  75.291667   21.35 0.000  0.56 0.000000 0.012 0.000000 9.99 0.259000 0.024 0.000  0.137 0.000  0.191 0.000 999.99 0.259000   2.951 0.000   1.358 0.000   1.593 0.000 0.019 0.000 0.150 0.000
 77.291667  78.291667    6.45 0.000  0.16 0.000000 9.999 0.259000 9.99 0.259000 0.024 0.000  0.108 0.000  0.151 0.000 999.99 0.259000   1.062 0.000   0.066 0.000   0.997 0.000 0.008 0.000 0.144 0.000
 80.291667  81.291667   15.24 0.000  0.27 0.000000 9.999 0.259000 0.05 0.000000 0.025 0.000  0.202 0.000  0.283 0.000 999.99 0.259000   2.042 0.000   0.386 0.000   1.656 0.000 0.011 0.000 0.193 0.000
 83.291667  84.291667   40.64 0.000  0.42 0.000000 0.010 0.000000 9.99 0.259000 0.037 0.000  0.186 0.000  0.261 0.000 999.99 0.259000   3.525 0.000   1.088 0.000   2.437 0.000 0.025 0.000 0.297 0.000
 86.291667  87.291667   17.36 0.000  0.16 0.000000 9.999 0.259000 9.99 0.259000 0.026 0.000  0.263 0.000  0.368 0.000 999.99 0.259000   2.165 0.000   0.794 0.000   1.371 0.000 0.012 0.000 0.193 0.000
 89.291667  90.291667   16.27 0.000  0.33 0.000000 9.999 0.259000 9.99 0.259000 0.016 0.000  0.272 0.000  0.381 0.000 999.99 0.259000   2.328 0.000   1.375 0.000   0.954 0.000 0.014 0.000 0.089 0.000
 92.291667  93.291667  131.40 0.000  1.05 0.000000 9.999 0.259000 9.99 0.259000 0.053 0.000  0.271 0.000  0.379 0.000 999.99 0.259000  16.095 0.000  10.998 0.000   5.097 0.000 0.080 0.000 0.240 0.000
 95.291667  96.291667   29.75 0.000  0.40 0.000000 9.999 0.259000 9.99 0.259000 0.024 0.559  0.155 0.000  0.216 0.000 999.99 0.259000   3.595 0.000   2.162 0.000   1.433 0.000 0.020 0.000 0.091 0.559
 98.291667  99.291667 9999.99 0.999 99.99 0.999000 9.999 0.999000 9.99 0.999000 9.999 0.999 99.999 0.999 99.999 0.999 999.99 0.999000 999.999 0.999 999.999 0.999 999.999 0.999 9.999 0.999 9.999 0.999
101.291667 102.291667   93.09 0.559  1.29 0.559000 9.999 0.559259 0.08 0.559000 0.043 0.000  0.513 0.000  0.718 0.000 999.99 0.559259   7.191 0.000   2.727 0.000   4.464 0.559 0.055 0.559 0.300 0.000
104.291667 105.291667   42.35 0.000  0.23 0.000000 9.999 0.259000 9.99 0.259000 0.021 0.000  0.376 0.000  0.526 0.000 999.99 0.259000   7.443 0.000   5.077 0.000   2.366 0.000 0.034 0.000 0.178 0.000
107.291667 108.291667   92.70 0.559  0.43 0.559000 9.999 0.559259 9.99 0.559259 0.072 0.000  0.227 0.000  0.318 0.000 999.99 0.559259  10.375 0.000   6.820 0.000   3.554 0.559 0.060 0.559 0.168 0.000
110.291667 111.291667   55.70 0.000  0.44 0.000000 9.999 0.259000 9.99 0.259000 0.031 0.000  0.283 0.000  0.396 0.000 999.99 0.259000   6.445 0.000   3.720 0.000   2.726 0.000 0.040 0.000 0.182 0.000
113.291667 114.291667   38.75 0.000  0.40 0.000000 9.999 0.259000 9.99 0.259000 0.036 0.000  0.313 0.000  0.438 0.000 999.99 0.259000   3.160 0.000   1.096 0.000   2.065 0.000 0.026 0.000 0.133 0.000
116.291667 117.291667   72.31 0.559  0.91 0.559000 9.999 0.559259 9.99 0.559259 0.050 0.000  0.338 0.000  0.474 0.000 999.99 0.559259   5.663 0.000   2.438 0.000   3.225 0.559 0.062 0.559 0.214 0.000
119.291667 120.291667  122.11 0.559  0.57 0.559000 9.999 0.559259 0.08 0.559000 0.058 0.559  0.322 0.000  0.451 0.000 999.99 0.559259  11.061 0.000   6.153 0.000   4.908 0.559 0.074 0.559 0.166 0.559
122.291667 123.291667  102.08 0.559  0.71 0.559000 9.999 0.559259 0.14 0.559000 0.042 0.000  0.208 0.000  0.291 0.000 999.99 0.559259  13.682 0.000   9.175 0.000   4.507 0.559 0.070 0.559 0.169 0.000
125.291667 126.291667   29.58 0.000  0.70 0.000000 9.999 0.259000 9.99 0.259000 0.026 0.000  0.466 0.000  0.653 0.000 999.99 0.259000   5.337 0.000   2.768 0.000   2.569 0.000 0.022 0.000 0.225 0.000
128.291667 129.291667  214.15 0.000  1.70 0.000000 9.999 0.259000 9.99 0.259000 0.057 0.000  0.809 0.000  1.133 0.000 999.99 0.259000  32.087 0.000  22.254 0.000   9.833 0.000 0.141 0.000 0.297 0.000
131.291667 132.291667   94.25 0.000  1.06 0.000000 9.999 0.259000 9.99 0.259000 0.036 0.000  0.545 0.000  0.763 0.000 999.99 0.259000   8.846 0.000   4.246 0.000   4.600 0.000 0.069 0.000 0.198 0.000
134.291667 135.291667  251.60 0.559  0.75 0.559000 9.999 0.559259 9.99 0.559259 0.066 0.000  0.844 0.000  1.181 0.000 999.99 0.559259  22.925 0.000  12.849 0.000  10.076 0.559 0.204 0.559 0.446 0.000
137.291667 138.291667   88.65 0.000  1.16 0.000000 9.999 0.259000 9.99 0.259000 0.047 0.000  1.025 0.000  1.435 0.000 999.99 0.259000  10.871 0.000   4.414 0.000   6.458 0.000 0.074 0.000 0.356 0.000
140.291667 141.291667   96.21 0.559  0.56 0.559000 9.999 0.559259 9.99 0.559259 0.056 0.000  0.754 0.000  1.055 0.000 999.99 0.559259  13.227 0.000   7.323 0.000   5.904 0.559 0.077 0.559 0.310 0.000
143.291667 144.291667   70.93 0.559  0.52 0.559000 9.999 0.559259 0.13 0.559000 0.042 0.000  0.815 0.000  1.141 0.000 999.99 0.559259  10.478 0.000   4.842 0.000   5.636 0.559 0.073 0.559 0.541 0.000
146.291667 147.291667   51.12 0.000  0.23 0.000000 9.999 0.259000 9.99 0.259000 0.023 0.000  0.903 0.000  1.264 0.000 999.99 0.259000   5.149 0.000   1.019 0.000   4.130 0.000 0.046 0.000 0.291 0.000
149.291667 150.291667   26.28 0.559  0.50 0.559000 9.999 0.559259 9.99 0.559259 0.014 0.559  0.756 0.000  1.059 0.000 999.99 0.559259   4.248 0.000   1.423 0.000   2.825 0.559 0.022 0.559 0.225 0.559
152.291667 153.291667   44.39 0.559  0.52 0.559000 9.999 0.559259 9.99 0.559259 0.026 0.000  0.846 0.000  1.185 0.000 999.99 0.559259   7.355 0.000   3.249 0.000   4.107 0.559 0.039 0.559 0.322 0.000
155.291667 156.291667   70.51 0.559  0.60 0.559000 9.999 0.559259 9.99 0.559259 0.037 0.000  1.125 0.000  1.575 0.000 999.99 0.559259   9.590 0.000   4.113 0.000   5.477 0.559 0.055 0.559 0.335 0.000
158.291667 159.291667   49.50 0.000  0.51 0.000000 9.999 0.259000 9.99 0.259000 0.021 0.000  0.882 0.000  1.234 0.000 999.99 0.259000   8.629 0.000   4.570 0.000   4.059 0.000 0.037 0.000 0.258 0.000
161.291667 162.291667   51.93 0.559 99.99 0.559259 9.999 0.559259 0.11 0.559000 0.029 0.559  0.349 0.000  0.488 0.000 999.99 0.559259   7.564 0.000   4.747 0.000   2.817 0.559 0.042 0.559 0.182 0.559
164.291667 165.291667   46.23 0.699  0.27 0.699000 9.999 0.699259 9.99 0.699259 0.027 0.000  0.853 0.000  1.194 0.000 999.99 0.699259   7.931 0.000   3.221 0.000   4.710 0.699 0.059 0.699 0.479 0.000
167.291667 168.291667   90.75 0.559  0.32 0.559000 9.999 0.559259 0.05 0.559000 0.018 0.000  1.121 0.000  1.569 0.000 999.99 0.559259   6.057 0.000   0.490 0.000   5.567 0.559 0.071 0.559 0.291 0.000
170.291667 171.291667   46.34 0.000  0.43 0.000000 9.999 0.259000 9.99 0.259000 0.034 0.000  1.058 0.000  1.482 0.000 999.99 0.259000   8.556 0.000   3.810 0.000   4.746 0.000 0.046 0.000 0.294 0.000
173.291667 174.291667   29.38 0.000  0.64 0.000000 9.999 0.259000 9.99 0.259000 0.076 0.000  4.928 0.000  6.899 0.000 999.99 0.259000  14.587 0.000   4.581 0.000  10.006 0.000 0.096 0.000 0.138 0.000
176.291667 177.291667   51.48 0.559  0.32 0.559000 9.999 0.559259 9.99 0.559259 0.032 0.000  0.838 0.000  1.173 0.000 999.99 0.559259   6.451 0.000   2.516 0.000   3.935 0.559 0.044 0.559 0.224 0.000
179.291667 180.291667   28.49 0.000  0.24 0.000000 9.999 0.259000 9.99 0.259000 0.020 0.000  0.813 0.000  1.139 0.000 999.99 0.259000   6.781 0.000   3.743 0.000   3.038 0.000 0.024 0.000 0.167 0.000
182.291667 183.291667   47.69 0.559  0.24 0.559000 9.999 0.559259 9.99 0.559259 0.030 0.000  0.952 0.000  1.333 0.000 999.99 0.559259   8.415 0.000   4.121 0.000   4.294 0.559 0.050 0.559 0.255 0.000
185.291667 186.291667   53.26 0.559  0.86 0.559000 9.999 0.559259 0.05 0.559000 0.025 0.000  1.042 0.000  1.458 0.000 999.99 0.559259  10.355 0.000   5.826 0.000   4.529 0.559 0.105 0.559 0.291 0.000
188.291667 189.291667   58.14 0.000  0.51 0.000000 9.999 0.259000 0.07 0.000000 0.045 0.000  0.886 0.000  1.240 0.000 999.99 0.259000   8.886 0.000   4.551 0.000   4.335 0.000 0.060 0.000 0.310 0.000
191.291667 192.291667   62.38 0.699  0.38 0.699000 9.999 0.699259 9.99 0.699259 0.027 0.000  1.526 0.000  2.136 0.000 999.99 0.699259  11.054 0.000   5.637 0.000   5.417 0.699 0.052 0.699 0.220 0.000
194.291667 195.291667 9999.99 0.699 99.99 0.699000 9.999 0.699000 9.99 0.699000 0.061 0.000  4.779 0.000  6.690 0.000 999.99 0.699000  16.204 0.000 999.999 0.999 999.999 0.699 9.999 0.699 0.316 0.000
197.291667 198.291667   86.99 0.559  0.37 0.559000 9.999 0.559259 0.10 0.559000 0.047 0.000  0.737 0.000  1.032 0.000 999.99 0.559259   8.088 0.000   3.142 0.000   4.946 0.559 0.049 0.559 0.282 0.000
200.291667 201.291667   65.70 0.000  0.35 0.000000 9.999 0.259000 0.07 0.000000 0.029 0.000  1.329 0.000  1.860 0.000 999.99 0.259000   8.054 0.000   2.894 0.000   5.160 0.000 0.041 0.000 0.324 0.000
203.291667 204.291667    7.81 0.000  0.17 0.000000 9.999 0.259000 0.08 0.000000 0.009 0.559  0.082 0.000  0.114 0.000 999.99 0.259000   0.863 0.000   0.184 0.000   0.679 0.000 0.008 0.000 0.044 0.559
206.291667 207.291667    0.26 0.000  0.23 0.000000 9.999 0.259000 9.99 0.259000 0.004 0.559 99.999 0.259 99.999 0.259 999.99 0.259000 999.999 0.259 999.999 0.259   0.032 0.000 9.999 0.259 0.015 0.559
209.291667 210.291667 9999.99 0.999 99.99 0.999000 9.999 0.999000 9.99 0.999000 9.999 0.999 99.999 0.999 99.999 0.999 999.99 0.999000 999.999 0.999 999.999 0.999 999.999 0.999 9.999 0.999 9.999 0.999
212.291667 213.291667 9999.99 0.999 99.99 0.999000 9.999 0.999000 9.99 0.999000 9.999 0.999 99.999 0.999 99.999 0.999 999.99 0.999000 999.999 0.999 999.999 0.999 999.999 0.999 9.999 0.999 9.999 0.999
215.291667 216.291667 9999.99 0.999 99.99 0.999000 9.999 0.999000 9.99 0.999000 9.999 0.999 99.999 0.999 99.999 0.999 999.99 0.999000 999.999 0.999 999.999 0.999 999.999 0.999 9.999 0.999 9.999 0.999
218.291667 219.291667   32.57 0.000  0.24 0.000000 0.016 0.000000 9.99 0.259000 0.010 0.559  0.763 0.000  1.069 0.000 999.99 0.259000   4.315 0.000   1.462 0.000   2.852 0.000 0.019 0.000 0.190 0.559
221.291667 222.291667   15.80 0.000  0.25 0.000000 9.999 0.259000 0.05 0.000000 0.009 0.559  0.851 0.000  1.192 0.000 999.99 0.259000   3.803 0.000   1.468 0.000   2.335 0.000 0.011 0.000 0.136 0.559
224.291667 225.291667 9999.99 0.999 99.99 0.999000 9.999 0.999000 9.99 0.999000 9.999 0.999 99.999 0.999 99.999 0.999 999.99 0.999000 999.999 0.999 999.999 0.999 999.999 0.999 9.999 0.999 9.999 0.999
227.291667 228.291667   12.87 0.000  0.29 0.000000 9.999 0.259000 9.99 0.259000 0.030 0.559  0.580 0.000  0.812 0.000 999.99 0.259000   5.614 0.000   2.019 0.000   3.595 0.000 0.012 0.000 0.426 0.559
230.291667 231.291667   59.68 0.000  0.47 0.000000 9.999 0.259000 9.99 0.259000 0.017 0.559  0.686 0.000  0.960 0.000 999.99 0.259000   5.474 0.000   1.449 0.000   4.025 0.000 0.042 0.000 0.270 0.559
233.291667 234.291667   21.69 0.559  0.23 0.559000 9.999 0.559259 0.07 0.559000 0.019 0.559  0.628 0.000  0.879 0.000 999.99 0.559259   5.994 0.000   2.488 0.000   3.505 0.559 0.020 0.559 0.346 0.559
236.291667 237.291667   14.13 0.000  0.06 0.000000 9.999 0.259000 9.99 0.259000 0.016 0.559  0.862 0.000  1.207 0.000 999.99 0.259000   5.013 0.000   1.572 0.000   3.441 0.000 0.017 0.000 0.296 0.559
239.291667 240.291667   17.71 0.000 99.99 0.259000 9.999 0.259000 9.99 0.259000 0.023 0.559  0.649 0.000  0.909 0.000 999.99 0.259000   4.134 0.000   1.188 0.000   2.945 0.000 0.016 0.000 0.276 0.559
