scripts/IMPROVE-2019_partial/data/US9037R.20030103070000.20191216000000.filterpack..pm25.1y.1w.US03L_filterpack_US9037.US03L_IMPROVE_Davis.lev2.nas
64 1001
MISSING INFORMATION
US03L, IMPROVE, , , , , , , 
MISSING INFORMATION
IMPROVE sel_HTAP
1 1
2003 01 01 2019 12 16
3.000000
days from file reference point
25
1 1 1 1 1 1 1 1 1 1 1 1 1 1 1 1 1 1 1 1 1 1 1 1 1
999.999999 9999.99 9.999 99.99 9.999999 9.999 9.999999 99.99 9.999999 9.999 9.999 99.999 9.999 999.999 9.999 9999.999 9.999 999.999 9.999 999.999 9.999 9.999 9.999 9.999 9.999
end_time of measurement, days from the file reference point
iron, ng/m3, Revision date=20181210133000
numflag iron, no unit, Revision date=20181210133000
lead, ng/m3, Revision date=20181210133000
numflag lead, no unit, Revision date=20181210133000
magnesium, ug/m3, Revision date=20181210133000
numflag magnesium, no unit, Revision date=20181210133000
nickel, ng/m3, Revision date=20181210133000
numflag nickel, no unit, Revision date=20181210133000
nitrate, ug N/m3, Revision date=20181210133000
numflag nitrate, no unit, Revision date=20181210133000
organic_carbon, ug C/m3, Revision date=20181210133000
numflag organic_carbon, no unit, Revision date=20181210133000
organic_mass, ug/m3, Revision date=20181210133000
numflag organic_mass, no unit, Revision date=20181210133000
pm10_mass, ug/m3, Version=2, Version description=Data extracted from http://views.cira.colostate.edu/fed/DataWizard 2019-12-16, Sample duration=1d, Orig. time res.=3d, Matrix=pm10, Blank correction=Blank corrected, Volume std. temperature=ambient, Volume std. pressure=ambient
numflag pm10_mass, no unit, Version=2, Version description=Data extracted from http://views.cira.colostate.edu/fed/DataWizard 2019-12-16, Sample duration=1d, Orig. time res.=3d, Matrix=pm10, Blank correction=Blank corrected, Volume std. temperature=ambient, Volume std. pressure=ambient
pm10_pm25_mass, ug/m3, Revision date=20181210133000, Matrix=pm10_pm25
numflag pm10_pm25_mass, no unit, Revision date=20181210133000, Matrix=pm10_pm25
pm25_mass, ug/m3, Version=2, Version description=Data extracted from http://views.cira.colostate.edu/fed/DataWizard 2019-12-16, Sample duration=1d, Orig. time res.=3d, Blank correction=Blank corrected, Volume std. temperature=ambient, Volume std. pressure=ambient
numflag pm25_mass, no unit, Version=2, Version description=Data extracted from http://views.cira.colostate.edu/fed/DataWizard 2019-12-16, Sample duration=1d, Orig. time res.=3d, Blank correction=Blank corrected, Volume std. temperature=ambient, Volume std. pressure=ambient
potassium, ug/m3, Revision date=20181210133000
numflag potassium, no unit, Revision date=20181210133000
sulphate_total, ug S/m3, Revision date=20181210133000
numflag sulphate_total, no unit, Revision date=20181210133000
0
25
Data definition:              EBAS_1.1
Set type code:                TU
Timezone:                     UTC
File name:                    US9037R.20030103070000.20191216000000.filterpack..pm25.1y.1w.US03L_filterpack_US9037.US03L_IMPROVE_Davis.lev2.nas
File creation:                20191218120750
Startdate:                    20030103070000
Revision date:                20191216000000
Statistics:                   arithmetic mean
Data level:                   2
Period code:                  1y
Resolution code:              1w
Station code:                 US9037R
Platform code:                US9037S
Station name:                 Sierra Ancha
Station latitude:             34.0908
Station longitude:            -110.9421
Station altitude:             1600.0 m
Regime:                       IMG
Component:                    
Matrix:                       pm25
Laboratory code:              US03L
Instrument type:              filterpack
Instrument name:              filterpack_US9037
Method ref:                   US03L_IMPROVE_Davis
starttime endtime Fe flag_Fe Pb flag_Pb Mg++ flag_Mg++ Ni flag_Ni NO3- flag_NO3- OC flag_OC OM flag_OM PM10 flag_PM10 PM10-PM2.5 flag_PM10-PM2.5 PM2.5 flag_PM2.5 K+ flag_K+ SO4-- flag_SO4--
  2.291667   3.291667    6.62 0.000 99.99 0.259000 0.018 0.000000 99.99 0.259000 0.005 0.000  0.733 0.000   1.027 0.000    1.015 0.000   0.513 0.000   0.502 0.000 0.007 0.000 0.037 0.000
  5.291667   6.291667   92.60 0.000  0.63 0.000000 9.999 0.259000 99.99 0.259000 0.026 0.000  0.910 0.000   1.274 0.000   16.813 0.000  13.624 0.000   3.189 0.000 0.061 0.000 0.191 0.000
  8.291667   9.291667   16.30 0.000  0.42 0.000000 9.999 0.259000  0.16 0.000000 0.036 0.000  1.066 0.000   1.493 0.000    4.353 0.000   1.117 0.000   3.235 0.000 0.022 0.000 0.316 0.000
 11.291667  12.291667    4.30 0.000  0.17 0.000000 0.015 0.000000 99.99 0.259000 0.017 0.000  0.993 0.000   1.390 0.000    1.949 0.000   0.324 0.000   1.625 0.000 0.009 0.000 0.124 0.000
 14.291667  15.291667    6.36 0.000  0.91 0.000000 9.999 0.259000 99.99 0.259000 9.999 0.456  1.000 0.000   1.400 0.000    2.274 0.000   0.873 0.000   1.401 0.000 0.012 0.000 9.999 0.456
 17.291667  18.291667   12.84 0.000  0.16 0.000000 9.999 0.259000 99.99 0.259000 9.999 0.456  1.061 0.000   1.485 0.000    3.086 0.000   1.849 0.000   1.238 0.000 0.016 0.000 9.999 0.456
 20.291667  21.291667    8.74 0.000  1.72 0.000000 0.011 0.000000  0.05 0.000000 9.999 0.456  1.010 0.000   1.414 0.000    1.909 0.000   0.376 0.000   1.533 0.000 0.012 0.000 9.999 0.456
 23.291667  24.291667    8.15 0.000  1.59 0.000000 9.999 0.259000  0.03 0.000000 9.999 0.456  1.170 0.000   1.639 0.000    3.005 0.000   1.008 0.000   1.997 0.000 0.013 0.000 9.999 0.456
 26.291667  27.291667   12.15 0.000  0.71 0.000000 0.012 0.000000 99.99 0.259000 9.999 0.456  1.040 0.000   1.456 0.000    2.518 0.000   1.179 0.000   1.339 0.000 0.016 0.000 9.999 0.456
 29.291667  30.291667 9999.99 0.999 99.99 0.999000 9.999 0.999000 99.99 0.999000 9.999 0.999 99.999 0.999 999.999 0.999 9999.999 0.999 999.999 0.999 999.999 0.999 9.999 0.999 9.999 0.999
 32.291667  33.291667 9999.99 0.999 99.99 0.999000 9.999 0.999000 99.99 0.999000 9.999 0.999 99.999 0.999 999.999 0.999 9999.999 0.999 999.999 0.999 999.999 0.999 9.999 0.999 9.999 0.999
 35.291667  36.291667 9999.99 0.999 99.99 0.999000 9.999 0.999000 99.99 0.999000 9.999 0.999 99.999 0.999 999.999 0.999 9999.999 0.999 999.999 0.999 999.999 0.999 9.999 0.999 9.999 0.999
 38.291667  39.291667 9999.99 0.999 99.99 0.999000 9.999 0.999000 99.99 0.999000 9.999 0.999 99.999 0.999 999.999 0.999 9999.999 0.999 999.999 0.999 999.999 0.999 9.999 0.999 9.999 0.999
 41.291667  42.291667 9999.99 0.999 99.99 0.999000 9.999 0.999000 99.99 0.999000 9.999 0.999 99.999 0.999 999.999 0.999 9999.999 0.999 999.999 0.999 999.999 0.999 9.999 0.999 9.999 0.999
 44.291667  45.291667    2.59 0.000  0.09 0.000000 9.999 0.259000 99.99 0.259000 0.008 0.000  0.869 0.000   1.216 0.000    3.593 0.000   2.946 0.000   0.647 0.000 0.005 0.000 0.014 0.000
 47.291667  48.291667    4.25 0.000  5.81 0.000000 9.999 0.259000 99.99 0.259000 0.014 0.559  1.051 0.000   1.471 0.000    2.315 0.000   0.555 0.000   1.759 0.000 0.009 0.000 0.136 0.559
 50.291667  51.291667   13.70 0.000  2.23 0.000000 9.999 0.259000  0.04 0.000000 0.091 0.000  0.978 0.000   1.370 0.000    3.881 0.000   1.353 0.000   2.528 0.000 0.016 0.000 0.197 0.000
 53.291667  54.291667   45.73 0.000  0.93 0.000000 0.015 0.000000 99.99 0.259000 0.193 0.000  1.083 0.000   1.516 0.000    9.178 0.000   6.088 0.000   3.090 0.000 0.039 0.000 0.137 0.000
 56.291667  57.291667 9999.99 0.999 99.99 0.999000 9.999 0.999000 99.99 0.999000 9.999 0.999 99.999 0.999 999.999 0.999 9999.999 0.999 999.999 0.999 999.999 0.999 9.999 0.999 9.999 0.999
 59.291667  60.291667    2.62 0.000  0.69 0.000000 0.011 0.000000 99.99 0.259000 0.151 0.000  1.077 0.000   1.507 0.000    2.360 0.000   0.115 0.000   2.245 0.000 0.013 0.000 0.098 0.000
 62.291667  63.291667   18.82 0.000  0.79 0.000000 9.999 0.259000 99.99 0.259000 0.360 0.000  0.885 0.000   1.240 0.000    4.188 0.000   1.450 0.000   2.738 0.000 0.013 0.000 0.220 0.000
 65.291667  66.291667   15.32 0.000  1.13 0.000000 9.999 0.259000  0.06 0.000000 0.058 0.559  1.014 0.000   1.419 0.000    3.515 0.000   0.988 0.000   2.527 0.000 0.016 0.000 0.136 0.559
 68.291667  69.291667   13.67 0.000  0.57 0.000000 0.013 0.000000 99.99 0.259000 0.011 0.000  0.969 0.000   1.357 0.000    3.230 0.000   1.430 0.000   1.800 0.000 0.013 0.000 0.096 0.000
 71.291667  72.291667   38.02 0.000  2.21 0.000000 9.999 0.259000 99.99 0.259000 0.022 0.000  1.468 0.000   2.055 0.000    7.146 0.000   4.711 0.000   2.435 0.000 0.030 0.000 0.189 0.000
 74.291667  75.291667   15.47 0.000  0.89 0.000000 9.999 0.259000 99.99 0.259000 0.031 0.000  0.967 0.000   1.354 0.000    2.705 0.000   1.202 0.000   1.503 0.000 0.015 0.000 0.156 0.000
 77.291667  78.291667   18.76 0.000  0.20 0.000000 9.999 0.259000 99.99 0.259000 0.038 0.000  1.009 0.000   1.412 0.000    4.289 0.000   2.347 0.000   1.942 0.000 0.018 0.000 0.130 0.000
 80.291667  81.291667   26.95 0.000  0.50 0.000000 9.999 0.259000 99.99 0.259000 0.023 0.000  0.955 0.000   1.337 0.000    4.061 0.000   1.881 0.000   2.180 0.000 0.026 0.000 0.137 0.000
 83.291667  84.291667   39.29 0.000  0.84 0.000000 0.018 0.000000  0.07 0.000000 0.068 0.000  1.138 0.000   1.593 0.000    5.549 0.000   2.645 0.000   2.904 0.000 0.027 0.000 0.151 0.000
 86.291667  87.291667   34.69 0.000  0.12 0.000000 9.999 0.259000  1.21 0.000000 0.022 0.000  0.259 0.000   0.362 0.000    6.205 0.000   4.225 0.000   1.980 0.000 0.014 0.000 0.138 0.000
 89.291667  90.291667   23.74 0.000  0.65 0.000000 9.999 0.259000  0.05 0.000000 0.020 0.000  0.749 0.000   1.048 0.000    4.479 0.000   2.288 0.000   2.191 0.000 0.021 0.000 0.173 0.000
 92.291667  93.291667  103.67 0.559  1.70 0.559000 9.999 0.559259  0.11 0.559000 0.172 0.000  0.524 0.000   0.733 0.000   19.313 0.000  13.083 0.000   6.230 0.559 0.073 0.559 0.410 0.000
 95.291667  96.291667   25.58 0.000  0.53 0.000000 9.999 0.259000  0.04 0.000000 0.030 0.000  0.747 0.000   1.046 0.000    4.972 0.000   2.979 0.000   1.993 0.000 0.020 0.000 0.143 0.000
 98.291667  99.291667 9999.99 0.999 99.99 0.999000 9.999 0.999000 99.99 0.999000 9.999 0.999 99.999 0.999 999.999 0.999 9999.999 0.999 999.999 0.999 999.999 0.999 9.999 0.999 9.999 0.999
101.291667 102.291667  135.21 0.559  2.75 0.559000 9.999 0.559259  0.13 0.559000 0.083 0.000  0.992 0.000   1.389 0.000   15.163 0.000   8.923 0.000   6.240 0.559 0.077 0.559 0.387 0.000
104.291667 105.291667   18.43 0.000  0.42 0.000000 0.043 0.000000 99.99 0.259000 0.061 0.000  0.533 0.000   0.746 0.000    4.150 0.000   2.669 0.000   1.482 0.000 0.013 0.000 0.111 0.000
107.291667 108.291667   86.04 0.000  0.78 0.000000 9.999 0.259000 99.99 0.259000 0.068 0.000  0.699 0.000   0.979 0.000   10.541 0.000   6.758 0.000   3.782 0.000 0.057 0.000 0.180 0.000
110.291667 111.291667   81.43 0.559  1.16 0.559000 9.999 0.559259  0.14 0.559000 0.082 0.000  0.808 0.000   1.131 0.000   10.954 0.000   6.417 0.000   4.537 0.559 0.059 0.559 0.317 0.000
113.291667 114.291667  103.59 0.559  1.59 0.559000 9.999 0.559259  0.09 0.559000 0.235 0.000  1.167 0.000   1.634 0.000   11.711 0.000   6.561 0.000   5.150 0.559 0.067 0.559 0.260 0.000
116.291667 117.291667  105.56 0.559  1.28 0.559000 9.999 0.559259  0.11 0.559000 0.058 0.000  1.019 0.000   1.427 0.000   10.417 0.000   5.233 0.000   5.183 0.559 0.077 0.559 0.273 0.000
119.291667 120.291667  111.38 0.000  0.79 0.000000 9.999 0.259000  0.08 0.000000 0.114 0.000  0.844 0.000   1.182 0.000   13.190 0.000   8.571 0.000   4.619 0.000 0.075 0.000 0.176 0.000
122.291667 123.291667  118.70 0.559  0.76 0.559000 9.999 0.559259 99.99 0.559259 0.047 0.000  0.472 0.000   0.661 0.000   12.081 0.000   7.839 0.000   4.242 0.559 0.091 0.559 0.162 0.000
125.291667 126.291667   78.72 0.000  0.78 0.000000 9.999 0.259000 99.99 0.259000 0.095 0.000  1.184 0.000   1.658 0.000   12.499 0.000   7.625 0.000   4.873 0.000 0.064 0.000 0.256 0.000
128.291667 129.291667   70.10 0.000  1.27 0.000000 9.999 0.259000 99.99 0.259000 0.117 0.000  1.164 0.000   1.630 0.000   14.423 0.000   9.367 0.000   5.056 0.000 0.063 0.000 0.323 0.000
131.291667 132.291667   98.42 0.000  1.19 0.000000 9.999 0.259000  0.04 0.000000 0.041 0.000  1.139 0.000   1.594 0.000   10.191 0.000   5.111 0.000   5.080 0.000 0.075 0.000 0.260 0.000
134.291667 135.291667  684.79 0.699  2.13 0.699000 9.999 0.699259  0.15 0.699000 0.129 0.000  1.444 0.000   2.022 0.000   73.413 0.000  49.541 0.000  23.872 0.699 0.610 0.699 0.509 0.000
137.291667 138.291667  117.82 0.000  1.08 0.000000 9.999 0.259000  0.11 0.000000 0.071 0.000  2.218 0.000   3.106 0.000   15.615 0.000   7.275 0.000   8.340 0.000 0.121 0.000 0.417 0.000
140.291667 141.291667  303.74 0.559  1.26 0.559000 9.999 0.559259 99.99 0.559259 0.075 0.559  1.729 0.000   2.420 0.000   44.649 0.000  32.116 0.000  12.533 0.559 0.294 0.559 0.466 0.559
143.291667 144.291667  138.74 0.559  1.28 0.559000 9.999 0.559259  0.30 0.559000 0.106 0.000  1.591 0.000   2.227 0.000   21.038 0.000  11.916 0.000   9.121 0.559 0.147 0.559 0.796 0.000
146.291667 147.291667  103.08 0.559  1.54 0.559000 9.999 0.559259  0.16 0.559000 0.071 0.000  1.678 0.000   2.349 0.000   16.949 0.000   9.229 0.000   7.719 0.559 0.103 0.559 0.657 0.000
149.291667 150.291667  487.37 0.559  0.91 0.559000 9.999 0.559259  0.18 0.559000 0.095 0.000  2.036 0.000   2.851 0.000   73.102 0.000  55.590 0.000  17.512 0.559 0.486 0.559 0.614 0.000
152.291667 153.291667   95.17 0.699  1.07 0.699000 9.999 0.699259  0.24 0.699000 0.062 0.000  1.483 0.000   2.076 0.000   14.583 0.000   7.283 0.000   7.301 0.699 0.120 0.699 0.675 0.000
155.291667 156.291667   89.74 0.559  0.77 0.559000 9.999 0.559259  0.13 0.559000 0.045 0.000  1.111 0.000   1.555 0.000   12.995 0.000   6.386 0.000   6.609 0.559 0.095 0.559 0.656 0.000
158.291667 159.291667   60.29 0.699  0.74 0.699000 9.999 0.699259 99.99 0.699259 0.058 0.000  1.599 0.000   2.239 0.000   14.093 0.000   5.690 0.000   8.403 0.699 0.093 0.699 0.976 0.000
161.291667 162.291667 9999.99 0.999 99.99 0.999000 9.999 0.999000 99.99 0.999000 9.999 0.999 99.999 0.999 999.999 0.999 9999.999 0.999 999.999 0.999 999.999 0.999 9.999 0.999 9.999 0.999
164.291667 165.291667   65.43 0.699  0.73 0.699000 9.999 0.699259  0.10 0.699000 0.070 0.000  2.636 0.000   3.691 0.000   13.644 0.000   6.557 0.000   7.087 0.699 0.131 0.699 0.315 0.000
167.291667 168.291667  211.28 0.559  0.76 0.559000 9.999 0.559259  0.09 0.559000 0.039 0.000  1.878 0.000   2.630 0.000   24.245 0.000  14.334 0.000   9.911 0.559 0.177 0.559 0.414 0.000
170.291667 171.291667  221.42 0.699  0.85 0.699000 9.999 0.699259 99.99 0.699259 0.090 0.000  7.821 0.000  10.949 0.000   36.665 0.000  19.246 0.000  17.419 0.699 0.198 0.699 0.307 0.000
173.291667 174.291667 9999.99 0.699 99.99 0.699000 9.999 0.699000 99.99 0.699000 0.093 0.000  9.900 0.000  13.860 0.000   25.574 0.000 999.999 0.999 999.999 0.699 9.999 0.699 0.197 0.000
176.291667 177.291667   58.98 0.559 99.99 0.559259 9.999 0.559259 99.99 0.559259 0.019 0.000  1.153 0.000   1.615 0.000    9.300 0.000   5.974 0.000   3.325 0.559 0.036 0.559 0.119 0.000
179.291667 180.291667   57.37 0.559  0.87 0.559000 0.023 0.559000 99.99 0.559259 0.066 0.000  1.994 0.000   2.792 0.000   14.133 0.000   8.105 0.000   6.027 0.559 0.133 0.559 0.360 0.000
182.291667 183.291667   72.13 0.000  0.31 0.000000 9.999 0.259000  0.12 0.000000 0.053 0.000  1.023 0.000   1.433 0.000   13.523 0.000   8.948 0.000   4.575 0.000 0.081 0.000 0.340 0.000
185.291667 186.291667  121.20 0.559  0.85 0.559000 9.999 0.559259  0.06 0.559000 0.043 0.000  1.864 0.000   2.610 0.000   18.600 0.000  11.621 0.000   6.978 0.559 0.164 0.559 0.365 0.000
188.291667 189.291667   98.27 0.559  0.36 0.559000 9.999 0.559259  0.17 0.559000 0.064 0.000  1.513 0.000   2.119 0.000   15.850 0.000   9.453 0.000   6.397 0.559 0.089 0.559 0.422 0.000
191.291667 192.291667 9999.99 0.999 99.99 0.999000 9.999 0.999000 99.99 0.999000 9.999 0.999 99.999 0.999 999.999 0.999 9999.999 0.999 999.999 0.999 999.999 0.999 9.999 0.999 9.999 0.999
194.291667 195.291667  141.35 0.699  0.52 0.699000 9.999 0.699259  0.08 0.699000 0.063 0.000  3.222 0.000   4.511 0.000   22.427 0.000  11.444 0.000  10.983 0.699 0.159 0.699 0.533 0.000
197.291667 198.291667 9999.99 0.699 99.99 0.699000 9.999 0.699000 99.99 0.699000 0.108 0.000  4.742 0.000   6.639 0.000  107.639 0.000 999.999 0.999 999.999 0.699 9.999 0.699 0.420 0.000
200.291667 201.291667 9999.99 0.999 99.99 0.999000 9.999 0.999000 99.99 0.999000 0.046 0.000  1.786 0.000   2.501 0.000   15.879 0.000 999.999 0.999 999.999 0.999 9.999 0.999 0.491 0.000
203.291667 204.291667 9999.99 0.999 99.99 0.999000 9.999 0.999000 99.99 0.999000 9.999 0.999 99.999 0.999 999.999 0.999 9999.999 0.999 999.999 0.999 999.999 0.999 9.999 0.999 9.999 0.999
206.291667 207.291667 9999.99 0.999 99.99 0.999000 9.999 0.999000 99.99 0.999000 9.999 0.999 99.999 0.999 999.999 0.999 9999.999 0.999 999.999 0.999 999.999 0.999 9.999 0.999 9.999 0.999
209.291667 210.291667   87.20 0.000  0.23 0.000000 9.999 0.259000 99.99 0.259000 0.036 0.559  1.499 0.000   2.099 0.000    9.609 0.000   3.909 0.000   5.700 0.000 0.060 0.000 0.281 0.559
212.291667 213.291667   35.34 0.000  0.52 0.000000 9.999 0.259000  0.13 0.000000 0.055 0.000  1.037 0.000   1.452 0.000    5.780 0.000   1.768 0.000   4.012 0.000 0.028 0.000 0.358 0.000
215.291667 216.291667   38.91 0.000  0.49 0.000000 9.999 0.259000  0.10 0.000000 0.026 0.000  0.986 0.000   1.380 0.000    6.784 0.000   3.359 0.000   3.425 0.000 0.035 0.000 0.301 0.000
218.291667 219.291667   42.58 0.000  0.95 0.000000 9.999 0.259000 99.99 0.259000 0.019 0.559  1.662 0.000   2.327 0.000    6.904 0.000   2.995 0.000   3.908 0.000 0.029 0.000 0.306 0.559
221.291667 222.291667   82.06 0.000  0.51 0.000000 9.999 0.259000  0.11 0.000000 0.024 0.559  1.673 0.000   2.342 0.000    6.944 0.000   1.683 0.000   5.262 0.000 0.057 0.000 0.334 0.559
224.291667 225.291667   81.65 0.000  0.45 0.000000 9.999 0.259000  0.07 0.000000 0.027 0.559  1.456 0.000   2.039 0.000   12.053 0.000   5.788 0.000   6.265 0.000 0.064 0.000 0.443 0.559
227.291667 228.291667   30.06 0.000  0.92 0.000000 9.999 0.259000  0.06 0.000000 0.017 0.000  1.150 0.000   1.610 0.000    8.488 0.000   3.549 0.000   4.938 0.000 0.030 0.000 0.485 0.000
230.291667 231.291667   46.46 0.000  0.59 0.000000 9.999 0.259000  0.05 0.000000 0.024 0.559  1.113 0.000   1.558 0.000   11.135 0.000   6.592 0.000   4.543 0.000 0.037 0.000 0.400 0.559
233.291667 234.291667   29.37 0.000  0.34 0.000000 9.999 0.259000 99.99 0.259000 0.013 0.559  0.894 0.000   1.252 0.000    5.388 0.000   2.185 0.000   3.203 0.000 0.023 0.000 0.248 0.559
236.291667 237.291667   25.21 0.000  0.28 0.000000 9.999 0.259000  0.09 0.000000 0.015 0.000  1.121 0.000   1.570 0.000    5.907 0.000   1.893 0.000   4.014 0.000 0.023 0.000 0.353 0.000
239.291667 240.291667   15.45 0.000  0.24 0.000000 9.999 0.259000 99.99 0.259000 0.018 0.559  1.227 0.000   1.718 0.000    5.747 0.000   2.873 0.000   2.874 0.000 0.017 0.000 0.166 0.559
242.291667 243.291667   27.02 0.000  1.11 0.000000 9.999 0.259000  0.12 0.000000 0.019 0.559  1.269 0.000   1.777 0.000    8.700 0.000   4.660 0.000   4.041 0.000 0.030 0.000 0.278 0.559
245.291667 246.291667 9999.99 0.999 99.99 0.999000 9.999 0.999000 99.99 0.999000 9.999 0.999 99.999 0.999 999.999 0.999 9999.999 0.999 999.999 0.999 999.999 0.999 9.999 0.999 9.999 0.999
248.291667 249.291667   21.98 0.000  0.54 0.000000 9.999 0.259000 99.99 0.259000 0.021 0.559  1.090 0.000   1.526 0.000    5.807 0.000   2.895 0.000   2.912 0.000 0.023 0.000 0.231 0.559
251.291667 252.291667   83.69 0.000  0.36 0.000000 9.999 0.259000  0.15 0.000000 0.029 0.559  0.893 0.000   1.250 0.000   13.666 0.000  10.219 0.000   3.447 0.000 0.070 0.000 0.179 0.559
254.291667 255.291667   14.31 0.000  0.24 0.000000 9.999 0.259000 99.99 0.259000 0.016 0.559  0.712 0.000   0.996 0.000    4.021 0.000   2.457 0.000   1.563 0.000 0.012 0.000 0.087 0.559
