scripts/IMPROVE-2019_partial/data/US9006R.20150103050000.20191216000000.filterpack...1y.3d.US03L_filterpack_US9006.US03L_IMPROVE_Davis.lev2.nas
51 1001
MISSING INFORMATION
US03L, IMPROVE, , , , , , , 
MISSING INFORMATION
IMPROVE sel_HTAP
1 1
2015 01 01 2019 12 16
3.000000
days from file reference point
4
1 1 1 1
999.999999 999.999 999.999 9.999
end_time of measurement, days from the file reference point
pm10_mass, ug/m3, Matrix=pm10
pm25_mass, ug/m3, Matrix=pm25
numflag, no unit
0
33
Data definition:              EBAS_1.1
Set type code:                TU
Timezone:                     UTC
File name:                    US9006R.20150103050000.20191216000000.filterpack...1y.3d.US03L_filterpack_US9006.US03L_IMPROVE_Davis.lev2.nas
File creation:                20191218120530
Startdate:                    20150103050000
Revision date:                20191216000000
Version:                      2
Version description:          "Data extracted from http://views.cira.colostate.edu/fed/DataWizard 2019-12-16"
Statistics:                   arithmetic mean
Data level:                   2
Period code:                  1y
Resolution code:              3d
Sample duration:              1d
Orig. time res.:              3d
Station code:                 US9006R
Platform code:                US9006S
Station name:                 Martha's Vineyard
Station latitude:             41.3309
Station longitude:            -70.7846
Station altitude:             2.0 m
Regime:                       IMG
Component:                    
Unit:                         ug/m3
Matrix:                       
Laboratory code:              US03L
Instrument type:              filterpack
Instrument name:              filterpack_US9006
Method ref:                   US03L_IMPROVE_Davis
Blank correction:             Blank corrected
Volume std. temperature:      ambient
Volume std. pressure:         ambient
starttime endtime PM10 PM2.5 flag
  2.208333   3.208333  25.495   2.981 0.000
  5.208333   6.208333  15.087   2.535 0.000
  8.208333   9.208333  56.002   7.928 0.000
 11.208333  12.208333  22.787   4.504 0.000
 14.208333  15.208333   9.515   5.838 0.000
 17.208333  18.208333  23.085   8.338 0.000
 20.208333  21.208333   8.205   3.169 0.000
 23.208333  24.208333  10.756   4.868 0.000
 26.208333  27.208333   8.541   4.915 0.000
 29.208333  30.208333 999.999 999.999 0.999
 32.208333  33.208333  12.240   5.557 0.000
 35.208333  36.208333  22.909   9.153 0.000
 38.208333  39.208333  17.219  11.237 0.000
 41.208333  42.208333 999.999 999.999 0.999
 44.208333  45.208333 999.999 999.999 0.999
 47.208333  48.208333 999.999 999.999 0.999
 50.208333  51.208333  11.323   6.135 0.000
 53.208333  54.208333  11.027   6.750 0.000
 56.208333  57.208333   9.173   3.963 0.000
 59.208333  60.208333   9.076   5.014 0.000
 62.208333  63.208333  22.569  11.782 0.000
 65.208333  66.208333  21.602   9.400 0.000
 68.208333  69.208333  19.951   5.450 0.000
 71.208333  72.208333  11.849   2.011 0.000
 74.208333  75.208333  13.390   3.505 0.000
 77.208333  78.208333  10.818   2.339 0.000
 80.208333  81.208333  13.218   3.771 0.000
 83.208333  84.208333  21.291   6.814 0.000
 86.208333  87.208333   8.167   3.937 0.000
 89.208333  90.208333  16.846   4.959 0.000
 92.208333  93.208333  25.553  14.120 0.000
 95.208333  96.208333  17.426   7.505 0.000
 98.208333  99.208333   7.493   4.051 0.000
101.208333 102.208333  13.000   4.537 0.000
104.208333 105.208333  15.007   4.717 0.000
107.208333 108.208333  14.464   7.331 0.000
110.208333 111.208333  12.586   5.334 0.000
113.208333 114.208333   8.060   2.522 0.000
116.208333 117.208333   7.556   2.431 0.000
119.208333 120.208333 999.999 999.999 0.999
122.208333 123.208333 999.999 999.999 0.999
125.208333 126.208333  71.021   6.879 0.000
128.208333 129.208333  74.630   6.643 0.000
131.208333 132.208333  58.048  12.271 0.000
134.208333 135.208333  61.459   5.102 0.000
137.208333 138.208333  57.900   4.879 0.000
140.208333 141.208333  15.498   2.731 0.000
143.208333 144.208333  38.531   9.229 0.000
146.208333 147.208333  32.566  12.559 0.000
149.208333 150.208333  12.801   4.933 0.000
152.208333 153.208333  13.638   2.711 0.000
155.208333 156.208333   8.945   2.252 0.000
158.208333 159.208333  24.614   7.005 0.000
161.208333 162.208333  32.334  14.924 0.000
164.208333 165.208333  14.486   6.098 0.000
167.208333 168.208333  15.897   3.302 0.000
170.208333 171.208333  13.992   5.047 0.000
173.208333 174.208333  42.500  11.426 0.000
176.208333 177.208333  15.207   4.735 0.000
179.208333 180.208333  24.727   5.552 0.000
182.208333 183.208333  24.880  12.071 0.000
185.208333 186.208333  31.456  16.488 0.000
188.208333 189.208333  33.515  16.753 0.000
191.208333 192.208333  17.827   8.831 0.000
194.208333 195.208333  22.727   8.751 0.000
197.208333 198.208333  15.842   4.447 0.000
200.208333 201.208333  28.132  17.430 0.000
203.208333 204.208333  19.232   5.464 0.000
206.208333 207.208333  13.601   5.296 0.000
209.208333 210.208333  17.986  11.896 0.000
212.208333 213.208333  21.430  10.153 0.000
215.208333 216.208333  32.883  15.170 0.000
218.208333 219.208333   8.134   3.339 0.000
221.208333 222.208333   8.997   3.977 0.000
224.208333 225.208333   7.633   3.644 0.000
227.208333 228.208333  15.631  10.490 0.000
230.208333 231.208333   9.774   4.917 0.000
233.208333 234.208333   6.533   3.574 0.000
236.208333 237.208333   8.210   3.181 0.000
239.208333 240.208333   7.047   2.228 0.000
242.208333 243.208333  27.850  15.932 0.000
245.208333 246.208333  19.069  14.568 0.000
248.208333 249.208333   6.996   2.031 0.000
251.208333 252.208333  12.910   5.778 0.000
254.208333 255.208333   7.939   3.066 0.000
257.208333 258.208333  18.974   5.902 0.000
260.208333 261.208333  17.889   9.413 0.000
263.208333 264.208333  18.753   3.488 0.000
266.208333 267.208333  17.082   5.038 0.000
269.208333 270.208333  45.779   3.932 0.000
272.208333 273.208333  19.347   8.953 0.000
275.208333 276.208333  12.537   3.557 0.000
278.208333 279.208333  13.350   3.790 0.000
281.208333 282.208333  17.923   7.292 0.000
284.208333 285.208333  12.745   4.536 0.000
287.208333 288.208333  18.124   1.778 0.000
290.208333 291.208333  16.424   0.917 0.000
293.208333 294.208333  53.948   8.347 0.000
296.208333 297.208333  31.612   1.932 0.000
299.208333 300.208333  22.743   1.314 0.000
302.208333 303.208333  22.293   2.145 0.000
305.208333 306.208333  24.002   5.245 0.000
308.208333 309.208333  18.387   5.155 0.000
311.208333 312.208333  19.312   1.704 0.000
314.208333 315.208333  14.868   4.084 0.000
317.208333 318.208333   7.499   1.892 0.000
320.208333 321.208333  13.213   1.448 0.000
323.208333 324.208333  22.781   5.464 0.000
326.208333 327.208333   9.163   2.096 0.000
329.208333 330.208333  30.490   4.356 0.000
332.208333 333.208333  16.734   2.817 0.000
335.208333 336.208333   6.838   2.296 0.000
338.208333 339.208333   7.181   3.625 0.000
341.208333 342.208333  15.799   5.408 0.000
344.208333 345.208333  14.581   7.809 0.000
347.208333 348.208333  11.559   5.915 0.000
350.208333 351.208333   5.663   2.258 0.000
353.208333 354.208333   6.099   2.462 0.000
356.208333 357.208333   9.146   4.494 0.000
359.208333 360.208333   9.725   3.802 0.000
362.208333 363.208333   9.201   2.514 0.000
