scripts/IMPROVE-2019_partial/data/US9019R.20080101050000.20191216000000.filterpack...52w.3d.US03L_filterpack_US9019.US03L_IMPROVE_Davis.lev2.nas
52 1001
MISSING INFORMATION
US03L, IMPROVE, , , , , , , 
MISSING INFORMATION
IMPROVE sel_HTAP
1 1
2008 01 01 2019 12 16
3.000000
days from file reference point
5
1 1 1 1 1
999.999999 999.999 9.999 999.999 9.999
end_time of measurement, days from the file reference point
pm10_mass, ug/m3, Matrix=pm10
numflag pm10_mass, no unit, Matrix=pm10
pm25_mass, ug/m3, Matrix=pm25
numflag pm25_mass, no unit, Matrix=pm25
0
33
Data definition:              EBAS_1.1
Set type code:                TU
Timezone:                     UTC
File name:                    US9019R.20080101050000.20191216000000.filterpack...52w.3d.US03L_filterpack_US9019.US03L_IMPROVE_Davis.lev2.nas
File creation:                20191218120622
Startdate:                    20080101050000
Revision date:                20191216000000
Version:                      2
Version description:          "Data extracted from http://views.cira.colostate.edu/fed/DataWizard 2019-12-16"
Statistics:                   arithmetic mean
Data level:                   2
Period code:                  52w
Resolution code:              3d
Sample duration:              1d
Orig. time res.:              3d
Station code:                 US9019R
Platform code:                US9019S
Station name:                 Quaker City
Station latitude:             39.9428
Station longitude:            -81.3378
Station altitude:             366.0 m
Regime:                       IMG
Component:                    
Unit:                         ug/m3
Matrix:                       
Laboratory code:              US03L
Instrument type:              filterpack
Instrument name:              filterpack_US9019
Method ref:                   US03L_IMPROVE_Davis
Blank correction:             Blank corrected
Volume std. temperature:      ambient
Volume std. pressure:         ambient
starttime endtime PM10 flag_PM10 PM2.5 flag_PM2.5
  0.208333   1.208333  12.469 0.000   9.047 0.000
  3.208333   4.208333  11.823 0.000   7.502 0.000
  6.208333   7.208333 999.999 0.999   6.522 0.000
  9.208333  10.208333   8.363 0.000   5.331 0.000
 12.208333  13.208333  12.267 0.000  10.768 0.000
 15.208333  16.208333  11.230 0.000   8.744 0.000
 18.208333  19.208333  12.645 0.000   9.491 0.000
 21.208333  22.208333  12.536 0.000   6.933 0.000
 24.208333  25.208333  15.379 0.000  11.477 0.000
 27.208333  28.208333  16.236 0.000  12.773 0.000
 30.208333  31.208333  16.336 0.000   6.928 0.000
 33.208333  34.208333  18.466 0.000  14.444 0.000
 36.208333  37.208333 999.999 0.456   2.794 0.000
 39.208333  40.208333 999.999 0.456   5.712 0.000
 42.208333  43.208333 999.999 0.456   9.907 0.000
 45.208333  46.208333  14.153 0.000  10.690 0.000
 48.208333  49.208333   6.626 0.000   5.420 0.000
 51.208333  52.208333  10.372 0.000   7.147 0.000
 54.208333  55.208333  17.586 0.000  14.872 0.000
 57.208333  58.208333   4.488 0.000   3.479 0.000
 60.208333  61.208333  10.266 0.000   8.131 0.000
 63.208333  64.208333   3.453 0.000   2.727 0.000
 66.208333  67.208333  14.273 0.000  11.744 0.000
 69.208333  70.208333  12.282 0.000   9.566 0.000
 72.208333  73.208333  13.850 0.000   7.928 0.000
 75.208333  76.208333   6.373 0.000   5.263 0.000
 78.208333  79.208333  10.059 0.000   7.271 0.000
 81.208333  82.208333   8.263 0.000   5.263 0.000
 84.208333  85.208333  13.614 0.000   8.004 0.000
 87.208333  88.208333   9.657 0.000   7.210 0.000
 90.208333  91.208333   6.139 0.000   4.769 0.000
 93.208333  94.208333  11.589 0.000   6.075 0.000
 96.208333  97.208333  10.508 0.000   8.098 0.000
 99.208333 100.208333  13.386 0.000   8.309 0.000
102.208333 103.208333   6.358 0.000   3.735 0.000
105.208333 106.208333   7.759 0.000   3.397 0.000
108.208333 109.208333  27.692 0.000  17.449 0.000
111.208333 112.208333   9.752 0.000   7.044 0.000
114.208333 115.208333  23.415 0.000   7.534 0.000
117.208333 118.208333  14.353 0.000   5.897 0.000
120.208333 121.208333  13.732 0.000   8.754 0.000
123.208333 124.208333  17.157 0.000  10.637 0.000
126.208333 127.208333  20.488 0.000  11.787 0.000
129.208333 130.208333  17.956 0.000  12.043 0.000
132.208333 133.208333   5.969 0.000   3.710 0.000
135.208333 136.208333  11.798 0.000   6.253 0.659
138.208333 139.208333   9.659 0.000   3.771 0.659
141.208333 142.208333  11.889 0.000   4.606 0.000
144.208333 145.208333  10.375 0.000   5.260 0.000
147.208333 148.208333  17.373 0.000   9.442 0.000
150.208333 151.208333  25.294 0.000  13.515 0.000
153.208333 154.208333  10.844 0.000   6.448 0.000
156.208333 157.208333  17.031 0.000   9.903 0.000
159.208333 160.208333  19.620 0.000  13.249 0.000
162.208333 163.208333  13.005 0.000   6.587 0.000
165.208333 166.208333  16.944 0.000  12.799 0.000
168.208333 169.208333  10.575 0.000   4.385 0.000
171.208333 172.208333  17.620 0.000  12.159 0.000
174.208333 175.208333   9.960 0.000   6.030 0.000
177.208333 178.208333  21.075 0.000  12.852 0.000
180.208333 181.208333 999.999 0.999 999.999 0.999
183.208333 184.208333  19.805 0.000  12.481 0.000
186.208333 187.208333  19.364 0.000  15.184 0.000
189.208333 190.208333  28.621 0.000  21.436 0.000
192.208333 193.208333  20.249 0.000  13.137 0.000
195.208333 196.208333  13.737 0.000   6.394 0.000
198.208333 199.208333  41.600 0.000  29.011 0.000
201.208333 202.208333  30.499 0.000  23.142 0.000
204.208333 205.208333  12.588 0.000   7.705 0.000
207.208333 208.208333  22.244 0.000  16.250 0.000
210.208333 211.208333  34.873 0.000  28.182 0.000
213.208333 214.208333  20.303 0.000  12.109 0.000
216.208333 217.208333  27.306 0.000  22.699 0.000
219.208333 220.208333  14.025 0.000   8.357 0.000
222.208333 223.208333   7.748 0.000   5.060 0.000
225.208333 226.208333  21.075 0.000  11.647 0.000
228.208333 229.208333  11.613 0.000   7.484 0.000
231.208333 232.208333  22.002 0.000  11.263 0.000
234.208333 235.208333  28.842 0.000  14.525 0.000
237.208333 238.208333  14.473 0.000   6.969 0.000
240.208333 241.208333  11.195 0.000   6.831 0.000
243.208333 244.208333  16.198 0.000   9.203 0.000
246.208333 247.208333  32.416 0.000  22.762 0.000
249.208333 250.208333  11.862 0.000   8.253 0.000
252.208333 253.208333  13.536 0.000   9.225 0.000
255.208333 256.208333  12.198 0.000   8.473 0.000
258.208333 259.208333 999.999 0.999 999.999 0.999
261.208333 262.208333  16.082 0.000   8.491 0.000
264.208333 265.208333  22.691 0.000  16.243 0.000
267.208333 268.208333  19.077 0.000   9.458 0.000
270.208333 271.208333   8.107 0.000   4.807 0.000
273.208333 274.208333  12.688 0.000   8.684 0.000
276.208333 277.208333   9.812 0.000   3.870 0.000
279.208333 280.208333  14.286 0.000   6.980 0.000
282.208333 283.208333  12.356 0.000   7.099 0.000
285.208333 286.208333  14.614 0.000   8.695 0.000
288.208333 289.208333  20.565 0.000  12.413 0.000
291.208333 292.208333   7.285 0.000   3.526 0.000
294.208333 295.208333   7.579 0.000   4.363 0.000
297.208333 298.208333  10.190 0.000   4.885 0.000
300.208333 301.208333  12.807 0.000   3.010 0.000
303.208333 304.208333   9.810 0.000   6.150 0.000
306.208333 307.208333  28.065 0.000  17.782 0.000
309.208333 310.208333  14.081 0.000   7.359 0.000
312.208333 313.208333   7.891 0.000   4.168 0.000
315.208333 316.208333  15.194 0.000   9.807 0.000
318.208333 319.208333  12.011 0.000   7.367 0.000
321.208333 322.208333   5.487 0.000   4.347 0.000
324.208333 325.208333   8.685 0.000   5.320 0.000
327.208333 328.208333  12.301 0.000   7.780 0.000
330.208333 331.208333   7.455 0.000   5.328 0.000
333.208333 334.208333  10.900 0.000   7.474 0.000
336.208333 337.208333   7.282 0.000   5.595 0.000
339.208333 340.208333  17.616 0.000   9.349 0.000
342.208333 343.208333   5.920 0.000   3.876 0.000
345.208333 346.208333  13.881 0.000  10.298 0.000
348.208333 349.208333   7.309 0.000   4.822 0.000
351.208333 352.208333   7.887 0.000   6.232 0.000
354.208333 355.208333  10.287 0.000   8.528 0.000
357.208333 358.208333  15.563 0.000   6.550 0.000
360.208333 361.208333   9.444 0.000   6.586 0.000
363.208333 364.208333   6.672 0.000   4.059 0.000
