scripts/IMPROVE-2019_partial/data/US9006R.20040101050000.20191216000000.filterpack..pm25.52w.1w.US03L_filterpack_US9006.US03L_IMPROVE_Davis.lev2.nas
66 1001
MISSING INFORMATION
US03L, IMPROVE, , , , , , , 
MISSING INFORMATION
IMPROVE sel_HTAP
1 1
2004 01 01 2019 12 16
3.000000
days from file reference point
27
1 1 1 1 1 1 1 1 1 1 1 1 1 1 1 1 1 1 1 1 1 1 1 1 1 1 1
999.999999 9999.99 9.999 99.99 9.999 9.999 9.999 99.99 9.999 9.999 9.999 99.999 9.999 99.999 9.999 99.99 9.999999 999.999 9.999 999.999 9.999 999.999 9.999 9.999 9.999 99.999 9.999
end_time of measurement, days from the file reference point
iron, ng/m3, Revision date=20181210133000
numflag iron, no unit, Revision date=20181210133000
lead, ng/m3, Revision date=20181210133000
numflag lead, no unit, Revision date=20181210133000
magnesium, ug/m3, Revision date=20181210133000
numflag magnesium, no unit, Revision date=20181210133000
nickel, ng/m3, Revision date=20181210133000
numflag nickel, no unit, Revision date=20181210133000
nitrate, ug N/m3, Revision date=20181210133000
numflag nitrate, no unit, Revision date=20181210133000
organic_carbon, ug C/m3, Revision date=20181210133000
numflag organic_carbon, no unit, Revision date=20181210133000
organic_mass, ug/m3, Revision date=20181210133000
numflag organic_mass, no unit, Revision date=20181210133000
phosphorus, ng/m3, Revision date=20181210133000
numflag phosphorus, no unit, Revision date=20181210133000
pm10_mass, ug/m3, Version=2, Version description=Data extracted from http://views.cira.colostate.edu/fed/DataWizard 2019-12-16, Sample duration=1d, Orig. time res.=3d, Matrix=pm10, Blank correction=Blank corrected, Volume std. temperature=ambient, Volume std. pressure=ambient
numflag pm10_mass, no unit, Version=2, Version description=Data extracted from http://views.cira.colostate.edu/fed/DataWizard 2019-12-16, Sample duration=1d, Orig. time res.=3d, Matrix=pm10, Blank correction=Blank corrected, Volume std. temperature=ambient, Volume std. pressure=ambient
pm10_pm25_mass, ug/m3, Revision date=20181210133000, Matrix=pm10_pm25
numflag pm10_pm25_mass, no unit, Revision date=20181210133000, Matrix=pm10_pm25
pm25_mass, ug/m3, Version=2, Version description=Data extracted from http://views.cira.colostate.edu/fed/DataWizard 2019-12-16, Sample duration=1d, Orig. time res.=3d, Blank correction=Blank corrected, Volume std. temperature=ambient, Volume std. pressure=ambient
numflag pm25_mass, no unit, Version=2, Version description=Data extracted from http://views.cira.colostate.edu/fed/DataWizard 2019-12-16, Sample duration=1d, Orig. time res.=3d, Blank correction=Blank corrected, Volume std. temperature=ambient, Volume std. pressure=ambient
potassium, ug/m3, Revision date=20181210133000
numflag potassium, no unit, Revision date=20181210133000
sulphate_total, ug S/m3, Revision date=20181210133000
numflag sulphate_total, no unit, Revision date=20181210133000
0
25
Data definition:              EBAS_1.1
Set type code:                TU
Timezone:                     UTC
File name:                    US9006R.20040101050000.20191216000000.filterpack..pm25.52w.1w.US03L_filterpack_US9006.US03L_IMPROVE_Davis.lev2.nas
File creation:                20191218120529
Startdate:                    20040101050000
Revision date:                20191216000000
Statistics:                   arithmetic mean
Data level:                   2
Period code:                  52w
Resolution code:              1w
Station code:                 US9006R
Platform code:                US9006S
Station name:                 Martha's Vineyard
Station latitude:             41.3309
Station longitude:            -70.7846
Station altitude:             2.0 m
Regime:                       IMG
Component:                    
Matrix:                       pm25
Laboratory code:              US03L
Instrument type:              filterpack
Instrument name:              filterpack_US9006
Method ref:                   US03L_IMPROVE_Davis
starttime endtime Fe flag_Fe Pb flag_Pb Mg++ flag_Mg++ Ni flag_Ni NO3- flag_NO3- OC flag_OC OM flag_OM P flag_P PM10 flag_PM10 PM10-PM2.5 flag_PM10-PM2.5 PM2.5 flag_PM2.5 K+ flag_K+ SO4-- flag_SO4--
[from data line 84]
252.208333 253.208333  123.84 0.000  0.49 0.000 9.999 0.259  0.44 0.000 0.105 0.000  0.371 0.000  0.520 0.000 99.99 0.259000  19.929 0.000  10.000 0.000   9.929 0.000 0.105 0.000  0.435 0.000
255.208333 256.208333   11.05 0.000  0.46 0.000 0.060 0.000  0.32 0.000 0.060 0.000  0.902 0.000  1.263 0.000 99.99 0.259000   7.234 0.000   4.127 0.000   3.107 0.000 0.020 0.000  0.221 0.000
258.208333 259.208333    4.35 0.000 99.99 0.259 9.999 0.259  0.40 0.000 0.054 0.000  0.451 0.000  0.631 0.000  3.47 0.000000   8.515 0.000   5.896 0.000   2.619 0.000 0.016 0.000  0.158 0.000
261.208333 262.208333    2.63 0.000  0.37 0.000 9.999 0.259  0.54 0.000 0.031 0.000  0.545 0.000  0.763 0.000 99.99 0.259000  10.954 0.000   6.641 0.000   4.314 0.000 0.029 0.000  0.453 0.000
264.208333 265.208333   17.31 0.000  2.09 0.000 9.999 0.259  0.65 0.000 0.038 0.000  1.008 0.000  1.411 0.000 99.99 0.259000   6.794 0.000   3.586 0.000   3.208 0.000 0.016 0.000  0.222 0.000
267.208333 268.208333    8.78 0.000  0.48 0.000 9.999 0.259  0.23 0.000 9.999 0.456  0.939 0.000  1.315 0.000  7.12 0.000000   9.204 0.000   6.445 0.000   2.760 0.000 0.016 0.000 99.999 0.456
270.208333 271.208333   23.70 0.000  1.51 0.000 9.999 0.259  1.66 0.000 9.999 0.456  1.456 0.000  2.038 0.000 99.99 0.259000  14.426 0.000   5.269 0.000   9.157 0.000 0.031 0.000 99.999 0.456
273.208333 274.208333   17.97 0.000  0.87 0.000 9.999 0.259  1.03 0.000 9.999 0.456  0.935 0.000  1.309 0.000 99.99 0.259000   7.358 0.000   4.162 0.000   3.196 0.000 0.018 0.000 99.999 0.456
276.208333 277.208333   10.47 0.000  1.05 0.000 9.999 0.259  0.64 0.000 9.999 0.456  0.919 0.000  1.286 0.000 99.99 0.259000  10.562 0.000   4.897 0.000   5.665 0.000 0.024 0.000 99.999 0.456
279.208333 280.208333   18.10 0.000  0.94 0.000 9.999 0.259  0.55 0.000 9.999 0.456  0.472 0.000  0.661 0.000 99.99 0.259000   6.823 0.000   3.580 0.000   3.243 0.000 0.012 0.000 99.999 0.456
282.208333 283.208333   29.60 0.000  1.76 0.000 9.999 0.259  0.74 0.000 0.086 0.000  0.545 0.000  0.763 0.000 99.99 0.259000   9.868 0.000   4.148 0.000   5.721 0.000 0.023 0.000  0.736 0.000
285.208333 286.208333   17.11 0.000  1.24 0.000 0.142 0.000  0.52 0.000 0.019 0.000  0.661 0.000  0.926 0.000 99.99 0.259000   7.447 0.000   4.145 0.000   3.302 0.000 0.016 0.000  0.322 0.000
288.208333 289.208333    8.88 0.000  0.73 0.000 9.999 0.259  0.97 0.000 0.107 0.000  0.874 0.000  1.223 0.000 99.99 0.259000   9.927 0.000   2.797 0.000   7.130 0.000 0.026 0.000  1.011 0.000
291.208333 292.208333   15.54 0.000  1.06 0.000 9.999 0.259  0.33 0.000 0.035 0.000  0.438 0.000  0.614 0.000 99.99 0.259000   8.823 0.000   4.564 0.000   4.259 0.000 0.015 0.000  0.527 0.000
294.208333 295.208333    5.69 0.000  0.41 0.000 9.999 0.259  0.34 0.000 0.059 0.000  0.578 0.000  0.809 0.000 99.99 0.259000  10.703 0.000   6.396 0.000   4.306 0.000 0.023 0.000  0.327 0.000
297.208333 298.208333    1.78 0.000  0.35 0.000 9.999 0.259  0.30 0.000 0.036 0.000  0.258 0.000  0.361 0.000 99.99 0.259000  10.008 0.000   5.823 0.000   4.185 0.000 0.023 0.000  0.340 0.000
300.208333 301.208333   32.07 0.000  2.41 0.000 0.133 0.000  1.29 0.000 0.110 0.000  1.961 0.000  2.746 0.000 99.99 0.259000 999.999 0.999 999.999 0.999   7.736 0.000 0.043 0.000  0.698 0.000
303.208333 304.208333   16.35 0.000  1.16 0.000 0.108 0.000  0.98 0.000 0.178 0.000  0.907 0.000  1.271 0.000 99.99 0.259000 999.999 0.999 999.999 0.999   6.396 0.000 0.040 0.000  0.785 0.000
306.208333 307.208333    6.70 0.000  0.60 0.000 0.068 0.000  0.56 0.000 0.073 0.000  0.544 0.000  0.762 0.000 99.99 0.259000 999.999 0.456 999.999 0.999   2.798 0.000 0.016 0.000  0.227 0.000
309.208333 310.208333    5.27 0.000  0.53 0.000 0.121 0.000  0.40 0.000 0.048 0.000  0.341 0.000  0.477 0.000 99.99 0.259000   9.897 0.000   6.687 0.000   3.210 0.000 0.021 0.000  0.247 0.000
312.208333 313.208333   13.36 0.000  0.98 0.000 0.101 0.000  0.44 0.000 0.074 0.000  0.722 0.000  1.010 0.000 99.99 0.259000   8.534 0.000   4.553 0.000   3.982 0.000 0.031 0.000  0.338 0.000
315.208333 316.208333   14.47 0.000  1.01 0.000 9.999 0.259  0.85 0.000 0.160 0.000  0.600 0.000  0.840 0.000 99.99 0.259000  13.596 0.000   8.502 0.000   5.095 0.000 0.032 0.000  0.451 0.000
318.208333 319.208333   12.23 0.000  1.93 0.000 9.999 0.259  0.61 0.000 0.053 0.000  0.984 0.000  1.377 0.000 99.99 0.259000   7.195 0.000   3.071 0.000   4.124 0.000 0.035 0.000  0.381 0.000
321.208333 322.208333   53.16 0.000  4.34 0.000 0.090 0.000  1.83 0.000 0.248 0.000  2.117 0.000  2.964 0.000 99.99 0.259000  12.725 0.000   3.161 0.000   9.564 0.000 0.081 0.000  0.858 0.000
324.208333 325.208333   16.45 0.000  1.66 0.000 9.999 0.259  0.95 0.000 0.087 0.000  0.844 0.000  1.182 0.000 99.99 0.259000   7.651 0.000   3.406 0.000   4.245 0.000 0.046 0.000  0.466 0.000
327.208333 328.208333   27.28 0.000  2.12 0.000 0.146 0.000  1.12 0.000 0.142 0.000  1.144 0.000  1.601 0.000 99.99 0.259000   8.380 0.000   3.070 0.000   5.309 0.000 0.036 0.000  0.565 0.000
330.208333 331.208333    8.68 0.000  1.40 0.000 9.999 0.259  0.29 0.000 0.044 0.000  0.340 0.000  0.475 0.000 99.99 0.259000   5.397 0.000   2.849 0.000   2.547 0.000 0.019 0.000  0.322 0.000
333.208333 334.208333   22.23 0.000  1.47 0.000 0.072 0.000  0.81 0.000 0.028 0.000  0.494 0.000  0.691 0.000 99.99 0.259000   6.279 0.000   2.549 0.000   3.730 0.000 0.019 0.000  0.523 0.000
336.208333 337.208333   26.25 0.000  2.16 0.000 9.999 0.259  0.54 0.000 0.196 0.000  0.809 0.000  1.132 0.000 99.99 0.259000   9.523 0.000   4.223 0.000   5.300 0.000 0.035 0.000  0.596 0.000
339.208333 340.208333   32.23 0.000  3.11 0.000 9.999 0.259  1.15 0.000 0.324 0.000  0.999 0.000  1.398 0.000 99.99 0.259000  13.512 0.000   6.903 0.000   6.609 0.000 0.054 0.000  0.661 0.000
342.208333 343.208333   11.23 0.000  1.15 0.000 0.057 0.000  1.78 0.000 0.157 0.000  0.567 0.000  0.794 0.000 99.99 0.259000  11.615 0.000   5.375 0.000   6.241 0.000 0.040 0.000  0.719 0.000
345.208333 346.208333   11.26 0.000  0.87 0.000 0.108 0.000  0.74 0.000 0.234 0.000  0.719 0.000  1.007 0.000 99.99 0.259000  11.987 0.000   5.197 0.000   6.791 0.000 0.037 0.000  0.972 0.000
348.208333 349.208333   12.87 0.000  2.82 0.000 9.999 0.259  0.79 0.000 0.066 0.000  0.433 0.000  0.606 0.000 99.99 0.259000   5.606 0.000   3.090 0.000   2.516 0.000 0.022 0.000  0.245 0.000
351.208333 352.208333   24.32 0.000  1.51 0.000 0.076 0.000  1.15 0.000 0.252 0.000  1.431 0.000  2.003 0.000 99.99 0.259000  14.600 0.000   8.021 0.000   6.579 0.000 0.049 0.000  0.539 0.000
354.208333 355.208333   10.55 0.000  1.50 0.000 0.046 0.000  0.88 0.000 0.216 0.000  0.833 0.000  1.166 0.000 99.99 0.259000   8.670 0.000   3.539 0.000   5.131 0.000 0.037 0.000  0.485 0.000
357.208333 358.208333    8.92 0.000 99.99 0.259 0.259 0.000  0.39 0.000 0.111 0.000  0.604 0.000  0.845 0.000 99.99 0.259000  18.023 0.000   8.288 0.000   9.734 0.000 0.083 0.000  0.596 0.000
360.208333 361.208333    5.60 0.394  0.67 0.394 0.054 0.394  0.38 0.394 0.056 0.394  0.497 0.000  0.696 0.000 99.99 0.394259   8.122 0.000   4.132 0.000   3.990 0.000 0.029 0.394  0.404 0.394
363.208333 364.208333 9999.99 0.999 99.99 0.999 9.999 0.999 99.99 0.999 9.999 0.999 99.999 0.999 99.999 0.999 99.99 0.999000 999.999 0.999 999.999 0.999 999.999 0.999 9.999 0.999 99.999 0.999
