scripts/IMPROVE-2019_partial/data/US9010R.20040101050000.20191216000000.filterpack..pm25.52w.1w.US03L_filterpack_US9010.US03L_IMPROVE_Davis.lev2.nas
64 1001
MISSING INFORMATION
US03L, IMPROVE, , , , , , , 
MISSING INFORMATION
IMPROVE sel_HTAP
1 1
2004 01 01 2019 12 16
3.000000
days from file reference point
25
1 1 1 1 1 1 1 1 1 1 1 1 1 1 1 1 1 1 1 1 1 1 1 1 1
999.999999 999.99 9.999 99.99 9.999 9.999 9.999999 99.99 9.999 9.999 9.999 99.999 9.999 99.999 9.999 999.999 9.999 99.999 9.999 999.999 9.999 9.999 9.999 99.999 9.999
end_time of measurement, days from the file reference point
iron, ng/m3, Revision date=20181210133000
numflag iron, no unit, Revision date=20181210133000
lead, ng/m3, Revision date=20181210133000
numflag lead, no unit, Revision date=20181210133000
magnesium, ug/m3, Revision date=20181210133000
numflag magnesium, no unit, Revision date=20181210133000
nickel, ng/m3, Revision date=20181210133000
numflag nickel, no unit, Revision date=20181210133000
nitrate, ug N/m3, Revision date=20181210133000
numflag nitrate, no unit, Revision date=20181210133000
organic_carbon, ug C/m3, Revision date=20181210133000
numflag organic_carbon, no unit, Revision date=20181210133000
organic_mass, ug/m3, Revision date=20181210133000
numflag organic_mass, no unit, Revision date=20181210133000
pm10_mass, ug/m3, Version=2, Version description=Data extracted from http://views.cira.colostate.edu/fed/DataWizard 2019-12-16, Sample duration=1d, Orig. time res.=3d, Matrix=pm10, Blank correction=Blank corrected, Volume std. temperature=ambient, Volume std. pressure=ambient
numflag pm10_mass, no unit, Version=2, Version description=Data extracted from http://views.cira.colostate.edu/fed/DataWizard 2019-12-16, Sample duration=1d, Orig. time res.=3d, Matrix=pm10, Blank correction=Blank corrected, Volume std. temperature=ambient, Volume std. pressure=ambient
pm10_pm25_mass, ug/m3, Revision date=20181210133000, Matrix=pm10_pm25
numflag pm10_pm25_mass, no unit, Revision date=20181210133000, Matrix=pm10_pm25
pm25_mass, ug/m3, Version=2, Version description=Data extracted from http://views.cira.colostate.edu/fed/DataWizard 2019-12-16, Sample duration=1d, Orig. time res.=3d, Blank correction=Blank corrected, Volume std. temperature=ambient, Volume std. pressure=ambient
numflag pm25_mass, no unit, Version=2, Version description=Data extracted from http://views.cira.colostate.edu/fed/DataWizard 2019-12-16, Sample duration=1d, Orig. time res.=3d, Blank correction=Blank corrected, Volume std. temperature=ambient, Volume std. pressure=ambient
potassium, ug/m3, Revision date=20181210133000
numflag potassium, no unit, Revision date=20181210133000
sulphate_total, ug S/m3, Revision date=20181210133000
numflag sulphate_total, no unit, Revision date=20181210133000
0
25
Data definition:              EBAS_1.1
Set type code:                TU
Timezone:                     UTC
File name:                    US9010R.20040101050000.20191216000000.filterpack..pm25.52w.1w.US03L_filterpack_US9010.US03L_IMPROVE_Davis.lev2.nas
File creation:                20191218120547
Startdate:                    20040101050000
Revision date:                20191216000000
Statistics:                   arithmetic mean
Data level:                   2
Period code:                  52w
Resolution code:              1w
Station code:                 US9010R
Platform code:                US9010S
Station name:                 Moosehorn NWR
Station latitude:             45.1259
Station longitude:            -67.2661
Station altitude:             77.0 m
Regime:                       IMG
Component:                    
Matrix:                       pm25
Laboratory code:              US03L
Instrument type:              filterpack
Instrument name:              filterpack_US9010
Method ref:                   US03L_IMPROVE_Davis
starttime endtime Fe flag_Fe Pb flag_Pb Mg++ flag_Mg++ Ni flag_Ni NO3- flag_NO3- OC flag_OC OM flag_OM PM10 flag_PM10 PM10-PM2.5 flag_PM10-PM2.5 PM2.5 flag_PM2.5 K+ flag_K+ SO4-- flag_SO4--
[from data line 90]
270.208333 271.208333  16.54 0.000  1.30 0.000 0.107 0.000000  0.50 0.000 0.024 0.000  1.346 0.000  1.885 0.000   8.639 0.000  3.859 0.000   4.780 0.000 0.040 0.000  0.546 0.000
273.208333 274.208333  16.13 0.000  0.56 0.000 9.999 0.259000 99.99 0.259 0.016 0.559  1.005 0.000  1.407 0.000   5.614 0.000  3.509 0.000   2.104 0.000 0.043 0.000  0.060 0.559
276.208333 277.208333   6.29 0.000  0.81 0.000 9.999 0.259000  0.53 0.000 0.018 0.559  0.966 0.000  1.352 0.000   5.406 0.000  2.430 0.000   2.976 0.000 0.022 0.000  0.241 0.559
279.208333 280.208333  12.79 0.000  0.94 0.000 0.128 0.000000  0.38 0.000 0.046 0.000  0.624 0.000  0.874 0.000   5.313 0.000  2.649 0.000   2.664 0.000 0.053 0.000  0.291 0.000
282.208333 283.208333  25.75 0.000  1.46 0.000 0.154 0.000000  0.91 0.000 0.166 0.000  1.052 0.000  1.473 0.000  12.184 0.000  5.179 0.000   7.005 0.000 0.030 0.000  0.918 0.000
285.208333 286.208333   2.03 0.000  0.43 0.000 9.999 0.259000  0.17 0.000 0.004 0.000  0.333 0.000  0.466 0.000   1.857 0.000  1.197 0.000   0.661 0.000 0.009 0.000  0.047 0.000
288.208333 289.208333   9.06 0.000  0.92 0.000 9.999 0.259000  0.61 0.000 0.021 0.000  1.445 0.000  2.022 0.000   6.861 0.000  2.616 0.000   4.245 0.000 0.027 0.000  0.350 0.000
291.208333 292.208333   6.03 0.000  1.10 0.000 9.999 0.259000  0.32 0.000 0.031 0.000  0.880 0.000  1.231 0.000   5.655 0.000  2.349 0.000   3.307 0.000 0.205 0.000  0.341 0.000
294.208333 295.208333   9.30 0.000  1.69 0.000 0.084 0.000000 99.99 0.259 0.018 0.000  1.045 0.000  1.463 0.000   4.351 0.000  2.046 0.000   2.305 0.000 0.017 0.000  0.100 0.000
297.208333 298.208333   2.90 0.000 99.99 0.259 0.075 0.000000 99.99 0.259 0.118 0.000  0.543 0.000  0.760 0.000   5.988 0.000  2.501 0.000   3.487 0.000 0.018 0.000  0.391 0.000
300.208333 301.208333  11.34 0.000  1.72 0.000 9.999 0.259000  0.37 0.000 0.025 0.000  1.599 0.000  2.239 0.000   6.321 0.000  1.561 0.000   4.759 0.000 0.040 0.000  0.336 0.000
303.208333 304.208333  10.68 0.000  1.02 0.000 9.999 0.259000  0.39 0.000 0.043 0.000  1.586 0.000  2.220 0.000   7.365 0.000  1.623 0.000   5.742 0.000 0.139 0.000  0.482 0.000
306.208333 307.208333   4.05 0.000  0.67 0.000 9.999 0.259000 99.99 0.259 0.030 0.000  0.547 0.000  0.766 0.000   3.677 0.000  1.492 0.000   2.185 0.000 0.015 0.000  0.201 0.000
309.208333 310.208333   2.12 0.000  0.69 0.000 9.999 0.259000  0.26 0.000 0.008 0.000  0.209 0.000  0.292 0.000   2.050 0.000  0.862 0.000   1.188 0.000 0.012 0.000  0.148 0.000
312.208333 313.208333   5.73 0.000  1.44 0.000 9.999 0.259000  0.31 0.000 0.042 0.000  0.578 0.000  0.809 0.000   3.577 0.000  0.691 0.000   2.886 0.000 0.100 0.000  0.301 0.000
315.208333 316.208333  17.72 0.000  1.74 0.000 9.999 0.259000  1.22 0.000 0.240 0.000  1.017 0.000  1.424 0.000  11.211 0.000  4.742 0.000   6.470 0.000 0.040 0.000  0.574 0.000
318.208333 319.208333   6.94 0.000  1.46 0.000 9.999 0.259000  0.38 0.000 0.029 0.000  0.772 0.000  1.080 0.000   3.642 0.000  0.893 0.000   2.748 0.000 0.038 0.000  0.273 0.000
321.208333 322.208333  26.52 0.000  2.51 0.000 0.113 0.000000  0.22 0.000 0.053 0.000  1.140 0.000  1.596 0.000   6.187 0.000  3.011 0.000   3.175 0.000 0.075 0.000  0.183 0.000
324.208333 325.208333   4.61 0.000  1.37 0.000 9.999 0.259000  0.46 0.000 0.009 0.000  0.529 0.000  0.741 0.000   2.301 0.000  0.595 0.000   1.706 0.000 0.017 0.000  0.185 0.000
327.208333 328.208333  11.05 0.000  1.02 0.000 9.999 0.259000  0.28 0.000 0.052 0.000  0.763 0.000  1.069 0.000   4.957 0.000  0.899 0.000   4.058 0.000 0.063 0.000  0.460 0.000
330.208333 331.208333   3.89 0.000  0.77 0.000 9.999 0.259000  0.52 0.000 0.024 0.000  0.368 0.000  0.515 0.000   3.115 0.000  0.740 0.000   2.375 0.000 0.033 0.000  0.200 0.000
333.208333 334.208333   2.80 0.000  0.58 0.000 9.999 0.259000 99.99 0.259 0.009 0.000  0.496 0.000  0.694 0.000   2.162 0.000  0.456 0.000   1.706 0.000 0.014 0.000  0.232 0.000
336.208333 337.208333   6.53 0.000  0.95 0.000 9.999 0.259000 99.99 0.259 0.013 0.000  0.355 0.000  0.497 0.000   3.054 0.000  0.640 0.000   2.414 0.000 0.084 0.000  0.368 0.000
339.208333 340.208333  11.50 0.000  1.61 0.000 9.999 0.259000  0.65 0.000 0.145 0.000  0.634 0.000  0.888 0.000   4.393 0.000  0.905 0.000   3.487 0.000 0.037 0.000  0.395 0.000
342.208333 343.208333   2.97 0.000  0.68 0.000 9.999 0.259000  0.40 0.000 0.024 0.000  0.308 0.000  0.431 0.000   2.329 0.000  0.272 0.000   2.057 0.000 0.082 0.000  0.251 0.000
345.208333 346.208333   0.71 0.000  0.47 0.000 9.999 0.259000  0.30 0.000 0.008 0.000  0.367 0.000  0.514 0.000   1.123 0.000  0.011 0.000   1.112 0.000 0.006 0.000  0.135 0.000
348.208333 349.208333   4.82 0.000  0.38 0.000 9.999 0.259000  0.49 0.000 0.041 0.000  0.482 0.000  0.675 0.000   3.241 0.000  0.303 0.000   2.938 0.000 0.055 0.000  0.418 0.000
351.208333 352.208333  31.75 0.000  4.27 0.000 9.999 0.259000  2.46 0.000 0.275 0.000  1.030 0.000  1.441 0.000   9.329 0.000  2.444 0.000   6.885 0.000 0.056 0.000  0.597 0.000
354.208333 355.208333   5.78 0.000  0.83 0.000 0.088 0.000000  0.33 0.000 0.136 0.000  0.710 0.000  0.994 0.000   3.598 0.000  0.441 0.000   3.157 0.000 0.029 0.000  0.374 0.000
357.208333 358.208333  16.52 0.000  0.77 0.000 0.090 0.000000  0.72 0.000 0.209 0.000  1.037 0.000  1.452 0.000  11.976 0.000  3.968 0.000   8.008 0.000 0.066 0.000  0.803 0.000
360.208333 361.208333  11.49 0.000  1.12 0.000 0.074 0.000000  0.15 0.000 0.056 0.000  0.514 0.000  0.719 0.000   3.599 0.000  1.157 0.000   2.442 0.000 0.030 0.000  0.286 0.000
363.208333 364.208333  17.09 0.000  2.13 0.000 0.081 0.000000  0.85 0.000 0.149 0.000  1.046 0.000  1.465 0.000   6.145 0.000  0.803 0.000   5.342 0.000 0.146 0.000  0.730 0.000
