scripts/IMPROVE-2019_partial/data/US9057R.20060102060000.20191216000000.filterpack..pm25.52w.1w.US03L_filterpack_US9057.US03L_IMPROVE_Davis.lev2.nas
66 1001
MISSING INFORMATION
US03L, IMPROVE, , , , , , , 
MISSING INFORMATION
IMPROVE sel_HTAP
1 1
2006 01 01 2019 12 16
3.00
days from file reference point
27
1 1 1 1 1 1 1 1 1 1 1 1 1 1 1 1 1 1 1 1 1 1 1 1 1 1 1
999.99 9999.99 9.999 99.99 9.999 9.999 9.999 9.99 9.999 99.999 9.999 99.999 9.999 99.999 9.999 9999.99 9.999 999.999 9.999 999.999 9.999 999.999 9.999 9.999 9.999 99.999 9.999
end_time of measurement, days from the file reference point
iron, ng/m3, Revision date=20181210133000
numflag iron, no unit, Revision date=20181210133000
lead, ng/m3, Revision date=20181210133000
numflag lead, no unit, Revision date=20181210133000
magnesium, ug/m3, Revision date=20181210133000
numflag magnesium, no unit, Revision date=20181210133000
nickel, ng/m3, Revision date=20181210133000
numflag nickel, no unit, Revision date=20181210133000
nitrate, ug N/m3, Revision date=20181210133000
numflag nitrate, no unit, Revision date=20181210133000
organic_carbon, ug C/m3, Revision date=20181210133000
numflag organic_carbon, no unit, Revision date=20181210133000
organic_mass, ug/m3, Revision date=20181210133000
numflag organic_mass, no unit, Revision date=20181210133000
phosphorus, ng/m3, Revision date=20181210133000
numflag phosphorus, no unit, Revision date=20181210133000
pm10_mass, ug/m3, Version=2, Version description=Data extracted from http://views.cira.colostate.edu/fed/DataWizard 2019-12-16, Sample duration=1d, Orig. time res.=3d, Matrix=pm10, Blank correction=Blank corrected, Volume std. temperature=ambient, Volume std. pressure=ambient
numflag pm10_mass, no unit, Version=2, Version description=Data extracted from http://views.cira.colostate.edu/fed/DataWizard 2019-12-16, Sample duration=1d, Orig. time res.=3d, Matrix=pm10, Blank correction=Blank corrected, Volume std. temperature=ambient, Volume std. pressure=ambient
pm10_pm25_mass, ug/m3, Revision date=20181210133000, Matrix=pm10_pm25
numflag pm10_pm25_mass, no unit, Revision date=20181210133000, Matrix=pm10_pm25
pm25_mass, ug/m3, Version=2, Version description=Data extracted from http://views.cira.colostate.edu/fed/DataWizard 2019-12-16, Sample duration=1d, Orig. time res.=3d, Blank correction=Blank corrected, Volume std. temperature=ambient, Volume std. pressure=ambient
numflag pm25_mass, no unit, Version=2, Version description=Data extracted from http://views.cira.colostate.edu/fed/DataWizard 2019-12-16, Sample duration=1d, Orig. time res.=3d, Blank correction=Blank corrected, Volume std. temperature=ambient, Volume std. pressure=ambient
potassium, ug/m3, Revision date=20181210133000
numflag potassium, no unit, Revision date=20181210133000
sulphate_total, ug S/m3, Revision date=20181210133000
numflag sulphate_total, no unit, Revision date=20181210133000
0
25
Data definition:              EBAS_1.1
Set type code:                TU
Timezone:                     UTC
File name:                    US9057R.20060102060000.20191216000000.filterpack..pm25.52w.1w.US03L_filterpack_US9057.US03L_IMPROVE_Davis.lev2.nas
File creation:                20191218120919
Startdate:                    20060102060000
Revision date:                20191216000000
Statistics:                   arithmetic mean
Data level:                   2
Period code:                  52w
Resolution code:              1w
Station code:                 US9057R
Platform code:                US9057S
Station name:                 Sac and Fox
Station latitude:             39.9791
Station longitude:            -95.5682
Station altitude:             293.0 m
Regime:                       IMG
Component:                    
Matrix:                       pm25
Laboratory code:              US03L
Instrument type:              filterpack
Instrument name:              filterpack_US9057
Method ref:                   US03L_IMPROVE_Davis
starttime endtime Fe flag_Fe Pb flag_Pb Mg++ flag_Mg++ Ni flag_Ni NO3- flag_NO3- OC flag_OC OM flag_OM P flag_P PM10 flag_PM10 PM10-PM2.5 flag_PM10-PM2.5 PM2.5 flag_PM2.5 K+ flag_K+ SO4-- flag_SO4--
[from data line 88]
265.25 266.25   10.88 0.000  0.41 0.000 9.999 0.259 9.99 0.259  0.024 0.000  0.164 0.000  0.296 0.000 9999.99 0.259   3.433 0.000   2.204 0.000   1.229 0.000 0.006 0.000  0.078 0.000
268.25 269.25   69.68 0.000  0.90 0.000 9.999 0.259 9.99 0.259  0.045 0.000  0.783 0.000  1.410 0.000   43.71 0.000  17.692 0.000  13.958 0.000   3.735 0.000 0.031 0.000  0.212 0.000
271.25 272.25   76.94 0.000  1.01 0.000 9.999 0.259 0.08 0.000  0.021 0.559  0.809 0.000  1.456 0.000 9999.99 0.259  18.139 0.000  14.149 0.000   3.990 0.000 0.038 0.000  0.192 0.559
274.25 275.25   52.40 0.000  1.12 0.000 0.016 0.000 0.28 0.000  0.047 0.000  1.185 0.000  2.133 0.000 9999.99 0.259  21.289 0.000  13.317 0.000   7.972 0.000 0.045 0.000  0.909 0.000
277.25 278.25   53.73 0.000  1.41 0.000 0.018 0.000 9.99 0.259  0.056 0.559  0.859 0.000  1.545 0.000 9999.99 0.259  24.659 0.000  19.882 0.000   4.777 0.000 0.037 0.000  0.287 0.559
280.25 281.25  106.59 0.000  1.79 0.000 9.999 0.259 0.12 0.000  0.073 0.559  2.664 0.000  4.795 0.000 9999.99 0.259  36.463 0.000  24.758 0.000  11.705 0.000 0.089 0.000  0.629 0.559
283.25 284.25    8.70 0.000  0.65 0.000 9.999 0.259 9.99 0.259  0.173 0.000  0.287 0.000  0.516 0.000 9999.99 0.259   4.790 0.000   3.139 0.000   1.651 0.000 0.010 0.000  0.164 0.000
286.25 287.25   44.78 0.000  0.86 0.000 9.999 0.259 9.99 0.259  0.033 0.000  0.993 0.000  1.788 0.000 9999.99 0.259  12.636 0.000   9.363 0.000   3.273 0.000 0.047 0.000  0.119 0.000
289.25 290.25   16.00 0.000  1.53 0.000 9.999 0.259 9.99 0.259  0.494 0.000  1.087 0.000  1.956 0.000 9999.99 0.259   9.062 0.000   3.074 0.000   5.989 0.000 0.031 0.000  0.689 0.000
292.25 293.25   23.55 0.000  2.25 0.000 9.999 0.259 9.99 0.259  0.132 0.000  0.619 0.000  1.113 0.000 9999.99 0.259   9.260 0.000   5.393 0.000   3.867 0.000 0.036 0.000  0.356 0.000
295.25 296.25   18.72 0.000  0.95 0.000 9.999 0.259 9.99 0.259  0.150 0.000  0.702 0.000  1.263 0.000 9999.99 0.259   6.101 0.000   1.629 0.000   4.472 0.000 0.026 0.000  0.506 0.000
298.25 299.25    7.49 0.000  0.92 0.000 0.004 0.000 9.99 0.259  0.352 0.000  0.427 0.000  0.768 0.000 9999.99 0.259   4.459 0.000   1.656 0.000   2.804 0.000 0.012 0.000  0.290 0.000
301.25 302.25   48.53 0.000  2.45 0.000 0.015 0.000 9.99 0.259  0.070 0.000  0.987 0.000  1.777 0.000 9999.99 0.259   8.052 0.000   4.366 0.000   3.686 0.000 0.032 0.000  0.226 0.000
304.25 305.25   90.90 0.000  1.22 0.000 0.032 0.000 9.99 0.259  0.182 0.000  1.146 0.000  2.062 0.000 9999.99 0.259  40.650 0.000  34.674 0.000   5.976 0.000 0.076 0.000  0.185 0.000
307.25 308.25   80.89 0.000  2.52 0.000 9.999 0.259 0.10 0.000  0.108 0.000  1.693 0.000  3.048 0.000 9999.99 0.259  21.715 0.000  14.660 0.000   7.056 0.000 0.072 0.000  0.358 0.000
310.25 311.25   69.66 0.000  2.16 0.000 0.012 0.000 9.99 0.259  0.319 0.000  1.117 0.000  2.010 0.000 9999.99 0.259  13.882 0.000   8.778 0.000   5.104 0.000 0.038 0.000  0.294 0.000
313.25 314.25   38.63 0.000  1.68 0.000 0.023 0.000 9.99 0.259  0.309 0.000  0.604 0.000  1.086 0.000 9999.99 0.259  18.377 0.000  12.698 0.000   5.679 0.000 0.035 0.000  0.472 0.000
316.25 317.25   28.80 0.000  1.42 0.000 0.010 0.000 9.99 0.259  0.316 0.000  1.589 0.000  2.859 0.000 9999.99 0.259   7.638 0.000   3.853 0.000   3.784 0.000 0.042 0.000  0.240 0.000
319.25 320.25   32.24 0.000  4.45 0.000 9.999 0.259 9.99 0.259  1.011 0.000  1.326 0.000  2.387 0.000 9999.99 0.259  26.880 0.000  10.110 0.000  16.770 0.000 0.069 0.000  1.683 0.000
322.25 323.25   82.82 0.000  3.52 0.000 0.030 0.000 9.99 0.259  1.222 0.000  1.642 0.000  2.955 0.000 9999.99 0.259  29.479 0.000  15.453 0.000  14.026 0.000 0.090 0.000  0.528 0.000
325.25 326.25  115.58 0.000  2.68 0.000 9.999 0.259 0.12 0.000  0.569 0.000  2.234 0.000  4.022 0.000   82.81 0.000  36.194 0.000  23.619 0.000  12.575 0.000 0.092 0.000  0.748 0.000
328.25 329.25  106.61 0.000  5.68 0.000 0.020 0.000 0.12 0.000  1.302 0.000  2.293 0.000  4.128 0.000   67.41 0.000  48.223 0.000  32.093 0.000  16.129 0.000 0.132 0.000  0.422 0.000
331.25 332.25   19.94 0.000  1.79 0.000 9.999 0.259 0.28 0.000  0.449 0.000  0.966 0.000  1.738 0.000 9999.99 0.259 999.999 0.456 999.999 0.999   7.131 0.000 0.039 0.000  0.880 0.000
334.25 335.25   49.74 0.000  7.57 0.000 9.999 0.259 0.12 0.000  0.644 0.000  0.977 0.000  1.758 0.000 9999.99 0.259  14.939 0.000   7.747 0.000   7.191 0.000 0.056 0.000  0.191 0.000
337.25 338.25   53.45 0.000  1.61 0.000 9.999 0.259 0.19 0.000  0.409 0.000  1.115 0.000  2.006 0.000 9999.99 0.259  17.530 0.000  11.332 0.000   6.198 0.000 0.046 0.000  0.265 0.000
340.25 341.25   43.81 0.000  2.37 0.000 9.999 0.259 9.99 0.259  0.142 0.000  0.414 0.000  0.745 0.000 9999.99 0.259  13.887 0.000  10.015 0.000   3.872 0.000 0.036 0.000  0.245 0.000
343.25 344.25   37.46 0.000  1.50 0.000 9.999 0.259 0.26 0.000  0.462 0.000  2.156 0.000  3.880 0.000 9999.99 0.259  14.658 0.000   6.415 0.000   8.243 0.000 0.096 0.000  0.348 0.000
346.25 347.25   46.58 0.000  0.74 0.000 9.999 0.259 0.11 0.000  0.142 0.000  0.669 0.000  1.204 0.000 9999.99 0.259  12.769 0.000   9.865 0.000   2.904 0.000 0.038 0.000  0.118 0.000
349.25 350.25   60.78 0.000  3.31 0.000 9.999 0.259 0.42 0.000  1.117 0.000  1.765 0.000  3.176 0.000 9999.99 0.259  21.948 0.000   8.136 0.000  13.812 0.000 0.064 0.000  1.163 0.000
352.25 353.25   81.86 0.000  3.73 0.000 9.999 0.259 9.99 0.259  0.327 0.000  1.701 0.000  3.061 0.000 9999.99 0.259  17.823 0.000  12.106 0.000   5.717 0.000 0.057 0.000  0.102 0.000
355.25 356.25   19.30 0.000  1.62 0.000 9.999 0.259 9.99 0.259  0.927 0.000  0.602 0.000  1.084 0.000 9999.99 0.259   9.306 0.000   0.809 0.000   8.497 0.000 0.018 0.000  0.524 0.000
358.25 359.25   19.02 0.000  0.32 0.000 9.999 0.259 0.22 0.000  0.249 0.000  0.400 0.000  0.720 0.000 9999.99 0.259   6.970 0.000   3.854 0.000   3.115 0.000 0.022 0.000  0.220 0.000
361.25 362.25   33.91 0.000  1.24 0.000 9.999 0.259 0.38 0.000  0.405 0.000  1.661 0.000  2.990 0.000 9999.99 0.259  11.898 0.000   4.826 0.000   7.071 0.000 0.058 0.000  0.515 0.000
364.25 365.25    5.86 0.000  1.09 0.000 9.999 0.259 0.13 0.000  0.228 0.000  0.338 0.000  0.609 0.000 9999.99 0.259   4.524 0.000   0.701 0.000   3.823 0.000 0.012 0.000  0.562 0.000
