scripts/IMPROVE-2019_partial/data/US9010R.20060102050000.20191216000000.filterpack..pm25.52w.1w.US03L_filterpack_US9010.US03L_IMPROVE_Davis.lev2.nas
66 1001
MISSING INFORMATION
US03L, IMPROVE, , , , , , , 
MISSING INFORMATION
IMPROVE sel_HTAP
1 1
2006 01 01 2019 12 16
3.000000
days from file reference point
27
1 1 1 1 1 1 1 1 1 1 1 1 1 1 1 1 1 1 1 1 1 1 1 1 1 1 1
999.999999 999.99 9.999 999.99 9.999 9.999 9.999999 99.99 9.999 9.999 9.999 99.999 9.999 99.999 9.999 99.99 9.999999 999.999 9.999 99.999 9.999 999.999 9.999 9.999 9.999 99.999 9.999
end_time of measurement, days from the file reference point
iron, ng/m3, Revision date=20181210133000
numflag iron, no unit, Revision date=20181210133000
lead, ng/m3, Revision date=20181210133000
numflag lead, no unit, Revision date=20181210133000
magnesium, ug/m3, Revision date=20181210133000
numflag magnesium, no unit, Revision date=20181210133000
nickel, ng/m3, Revision date=20181210133000
numflag nickel, no unit, Revision date=20181210133000
nitrate, ug N/m3, Revision date=20181210133000
numflag nitrate, no unit, Revision date=20181210133000
organic_carbon, ug C/m3, Revision date=20181210133000
numflag organic_carbon, no unit, Revision date=20181210133000
organic_mass, ug/m3, Revision date=20181210133000
numflag organic_mass, no unit, Revision date=20181210133000
phosphorus, ng/m3, Revision date=20181210133000
numflag phosphorus, no unit, Revision date=20181210133000
pm10_mass, ug/m3, Version=2, Version description=Data extracted from http://views.cira.colostate.edu/fed/DataWizard 2019-12-16, Sample duration=1d, Orig. time res.=3d, Matrix=pm10, Blank correction=Blank corrected, Volume std. temperature=ambient, Volume std. pressure=ambient
numflag pm10_mass, no unit, Version=2, Version description=Data extracted from http://views.cira.colostate.edu/fed/DataWizard 2019-12-16, Sample duration=1d, Orig. time res.=3d, Matrix=pm10, Blank correction=Blank corrected, Volume std. temperature=ambient, Volume std. pressure=ambient
pm10_pm25_mass, ug/m3, Revision date=20181210133000, Matrix=pm10_pm25
numflag pm10_pm25_mass, no unit, Revision date=20181210133000, Matrix=pm10_pm25
pm25_mass, ug/m3, Version=2, Version description=Data extracted from http://views.cira.colostate.edu/fed/DataWizard 2019-12-16, Sample duration=1d, Orig. time res.=3d, Blank correction=Blank corrected, Volume std. temperature=ambient, Volume std. pressure=ambient
numflag pm25_mass, no unit, Version=2, Version description=Data extracted from http://views.cira.colostate.edu/fed/DataWizard 2019-12-16, Sample duration=1d, Orig. time res.=3d, Blank correction=Blank corrected, Volume std. temperature=ambient, Volume std. pressure=ambient
potassium, ug/m3, Revision date=20181210133000
numflag potassium, no unit, Revision date=20181210133000
sulphate_total, ug S/m3, Revision date=20181210133000
numflag sulphate_total, no unit, Revision date=20181210133000
0
25
Data definition:              EBAS_1.1
Set type code:                TU
Timezone:                     UTC
File name:                    US9010R.20060102050000.20191216000000.filterpack..pm25.52w.1w.US03L_filterpack_US9010.US03L_IMPROVE_Davis.lev2.nas
File creation:                20191218120548
Startdate:                    20060102050000
Revision date:                20191216000000
Statistics:                   arithmetic mean
Data level:                   2
Period code:                  52w
Resolution code:              1w
Station code:                 US9010R
Platform code:                US9010S
Station name:                 Moosehorn NWR
Station latitude:             45.1259
Station longitude:            -67.2661
Station altitude:             77.0 m
Regime:                       IMG
Component:                    
Matrix:                       pm25
Laboratory code:              US03L
Instrument type:              filterpack
Instrument name:              filterpack_US9010
Method ref:                   US03L_IMPROVE_Davis
starttime endtime Fe flag_Fe Pb flag_Pb Mg++ flag_Mg++ Ni flag_Ni NO3- flag_NO3- OC flag_OC OM flag_OM P flag_P PM10 flag_PM10 PM10-PM2.5 flag_PM10-PM2.5 PM2.5 flag_PM2.5 K+ flag_K+ SO4-- flag_SO4--
[from data line 83]
250.208333 251.208333   6.99 0.000   1.07 0.000 9.999 0.259000  0.43 0.000 0.011 0.000  1.248 0.000  2.247 0.000 99.99 0.259000   7.736 0.000  2.260 0.000   5.476 0.000 0.016 0.000  0.523 0.000
253.208333 254.208333   8.66 0.000   0.38 0.000 9.999 0.259000 99.99 0.259 0.006 0.000  0.701 0.000  1.262 0.000 99.99 0.259000   3.462 0.000  1.733 0.000   1.729 0.000 0.024 0.000  0.047 0.000
256.208333 257.208333  22.19 0.000   0.86 0.000 0.014 0.000000  0.80 0.000 0.077 0.000  1.151 0.000  2.071 0.000 99.99 0.259000   9.439 0.000  4.989 0.000   4.450 0.000 0.032 0.000  0.244 0.000
259.208333 260.208333  20.36 0.000   3.42 0.000 9.999 0.259000  0.66 0.000 0.021 0.000  5.348 0.000  9.626 0.000 99.99 0.259000  20.762 0.000  7.103 0.000  13.659 0.000 0.123 0.000  0.513 0.000
262.208333 263.208333   6.96 0.000  10.27 0.000 9.999 0.259000  0.61 0.000 0.014 0.000  0.901 0.000  1.622 0.000 99.99 0.259000   9.128 0.000  4.681 0.000   4.447 0.000 0.101 0.000  0.526 0.000
265.208333 266.208333   8.33 0.000   0.80 0.000 9.999 0.259000  0.40 0.000 0.023 0.000  0.571 0.000  1.027 0.000 99.99 0.259000   4.380 0.000  2.052 0.000   2.327 0.000 0.015 0.000  0.198 0.000
268.208333 269.208333   4.52 0.000   0.74 0.000 9.999 0.259000  0.30 0.000 0.013 0.000  0.495 0.000  0.890 0.000 99.99 0.259000   4.330 0.000  2.156 0.000   2.175 0.000 0.055 0.000  0.189 0.000
271.208333 272.208333   3.89 0.000   0.93 0.000 9.999 0.259000  0.53 0.000 0.019 0.000  0.479 0.000  0.862 0.000 99.99 0.259000   4.492 0.000  1.521 0.000   2.972 0.000 0.020 0.000  0.329 0.000
274.208333 275.208333   3.51 0.000   0.73 0.000 0.008 0.000000  0.23 0.000 0.011 0.000  0.801 0.000  1.442 0.000 99.99 0.259000   4.304 0.000  2.010 0.000   2.294 0.000 0.021 0.000  0.133 0.000
277.208333 278.208333   5.81 0.000   0.83 0.000 9.999 0.259000  0.20 0.000 0.015 0.000  0.543 0.000  0.977 0.000 99.99 0.259000   4.465 0.000  2.001 0.000   2.464 0.000 0.015 0.000  0.260 0.000
280.208333 281.208333   9.12 0.000   2.47 0.000 9.999 0.259000  0.73 0.000 0.043 0.000  1.296 0.000  2.332 0.000 99.99 0.259000   6.142 0.000  2.018 0.000   4.124 0.000 0.158 0.000  0.203 0.000
283.208333 284.208333   9.27 0.000   0.96 0.000 9.999 0.259000  0.36 0.000 0.053 0.000  0.606 0.000  1.091 0.000 99.99 0.259000   7.109 0.000  4.016 0.000   3.093 0.000 0.025 0.000  0.184 0.000
286.208333 287.208333   6.61 0.000   0.81 0.000 9.999 0.259000  0.21 0.000 0.033 0.000  0.608 0.000  1.094 0.000 99.99 0.259000   4.398 0.000  1.763 0.000   2.635 0.000 0.021 0.000  0.241 0.000
289.208333 290.208333   6.38 0.000   0.95 0.000 9.999 0.259000  0.28 0.000 0.018 0.000  0.601 0.000  1.081 0.000 99.99 0.259000   3.851 0.000  1.369 0.000   2.482 0.000 0.029 0.000  0.260 0.000
292.208333 293.208333   4.79 0.000   0.94 0.000 0.014 0.000000  0.71 0.000 0.035 0.000  0.776 0.000  1.397 0.000 99.99 0.259000   6.358 0.000  1.591 0.000   4.768 0.000 0.015 0.000  0.687 0.000
295.208333 296.208333   3.48 0.000   0.59 0.000 9.999 0.259000  0.36 0.000 0.011 0.000  0.879 0.000  1.582 0.000 99.99 0.259000   2.128 0.000 99.999 0.259   2.601 0.000 0.018 0.000  0.156 0.000
298.208333 299.208333   5.50 0.000   0.24 0.000 9.999 0.259000 99.99 0.259 0.004 0.000  0.359 0.000  0.647 0.000 99.99 0.259000   2.079 0.000  0.789 0.000   1.290 0.000 0.030 0.000  0.087 0.000
301.208333 302.208333 999.99 0.999 999.99 0.999 9.999 0.999000 99.99 0.999 9.999 0.999 99.999 0.999 99.999 0.999 99.99 0.999000 999.999 0.999 99.999 0.999 999.999 0.999 9.999 0.999 99.999 0.999
304.208333 305.208333  29.49 0.000   5.55 0.000 9.999 0.259000  0.59 0.000 0.088 0.000  2.080 0.000  3.744 0.000 99.99 0.259000   9.042 0.000  2.115 0.000   6.926 0.000 0.089 0.000  0.573 0.000
307.208333 308.208333   5.99 0.000   1.44 0.000 9.999 0.259000  0.30 0.000 0.017 0.000  0.755 0.000  1.360 0.000 99.99 0.259000   3.472 0.000  0.994 0.000   2.479 0.000 0.044 0.000  0.252 0.000
310.208333 311.208333  14.30 0.000   2.38 0.000 0.016 0.000000  0.70 0.000 0.123 0.000  1.073 0.000  1.931 0.000 99.99 0.259000   8.908 0.000  2.293 0.000   6.615 0.000 0.033 0.000  0.835 0.000
313.208333 314.208333   5.81 0.000   2.67 0.000 0.015 0.000000  0.85 0.000 0.047 0.000  1.380 0.000  2.484 0.000 99.99 0.259000   4.458 0.000  1.149 0.000   3.309 0.000 0.279 0.000  0.409 0.000
316.208333 317.208333   2.13 0.000   0.87 0.000 0.022 0.000000  0.58 0.000 0.033 0.000  0.412 0.000  0.743 0.000 99.99 0.259000   4.020 0.000  0.978 0.000   3.042 0.000 0.014 0.000  0.394 0.000
319.208333 320.208333   3.04 0.000 999.99 0.259 9.999 0.259000  0.41 0.000 0.013 0.000  0.446 0.000  0.802 0.000 99.99 0.259000   3.679 0.000  0.862 0.000   2.817 0.000 0.009 0.000  0.432 0.000
322.208333 323.208333   2.96 0.000   0.57 0.000 9.999 0.259000  0.14 0.000 0.015 0.000  0.540 0.000  0.972 0.000 99.99 0.259000   2.127 0.000  0.413 0.000   1.714 0.000 0.022 0.000  0.117 0.000
325.208333 326.208333  21.00 0.000   1.43 0.000 9.999 0.259000  0.41 0.000 0.049 0.000  1.373 0.000  2.472 0.000 99.99 0.259000   6.676 0.000  1.596 0.000   5.081 0.000 0.080 0.000  0.322 0.000
328.208333 329.208333   6.95 0.000   0.87 0.000 9.999 0.259000 99.99 0.259 0.041 0.000  0.755 0.000  1.359 0.000 99.99 0.259000   4.637 0.000  1.302 0.000   3.335 0.000 0.029 0.000  0.131 0.000
331.208333 332.208333   8.98 0.000   3.37 0.000 0.019 0.000000  0.20 0.000 0.063 0.000  0.699 0.000  1.259 0.000 99.99 0.259000 999.999 0.456 99.999 0.999   3.350 0.000 0.035 0.000  0.252 0.000
334.208333 335.208333   4.96 0.000   0.16 0.000 0.015 0.000000  0.40 0.000 0.062 0.000  0.341 0.000  0.613 0.000 99.99 0.259000   2.989 0.000  0.968 0.000   2.021 0.000 0.012 0.000  0.160 0.000
337.208333 338.208333   7.56 0.000   1.05 0.000 0.011 0.000000  0.42 0.000 0.060 0.000  0.581 0.000  1.045 0.000 99.99 0.259000   4.770 0.000  1.378 0.000   3.392 0.000 0.022 0.000  0.350 0.000
340.208333 341.208333  23.28 0.000   1.45 0.000 0.047 0.000000  0.45 0.000 0.220 0.000  1.561 0.000  2.810 0.000 99.99 0.259000  11.250 0.000  3.625 0.000   7.625 0.000 0.059 0.000  0.694 0.000
343.208333 344.208333  26.05 0.000   2.96 0.000 9.999 0.259000  0.43 0.000 0.295 0.000  1.400 0.000  2.519 0.000 99.99 0.259000   8.892 0.000  1.701 0.000   7.191 0.000 0.091 0.000  0.843 0.000
346.208333 347.208333   5.65 0.000   3.27 0.000 0.018 0.000000  0.20 0.000 0.048 0.000  0.487 0.000  0.876 0.000 99.99 0.259000   4.061 0.000  1.743 0.000   2.318 0.000 0.029 0.000  0.173 0.000
349.208333 350.208333   8.54 0.000   0.81 0.000 9.999 0.259000  0.81 0.000 0.074 0.000  0.959 0.000  1.726 0.000 99.99 0.259000   5.836 0.000  1.046 0.000   4.790 0.000 0.104 0.000  0.791 0.000
352.208333 353.208333   9.52 0.000   0.35 0.000 9.999 0.259000  0.26 0.000 0.014 0.000  0.569 0.000  1.023 0.000 99.99 0.259000   3.018 0.000  1.437 0.000   1.582 0.000 0.019 0.000  0.148 0.000
355.208333 356.208333  10.32 0.000   0.12 0.000 9.999 0.259000  0.22 0.000 0.057 0.000  0.587 0.000  1.057 0.000 99.99 0.259000   4.526 0.000  1.380 0.000   3.146 0.000 0.050 0.000  0.232 0.000
358.208333 359.208333   6.02 0.000   0.45 0.000 9.999 0.259000  0.31 0.000 0.019 0.000  0.528 0.000  0.951 0.000 99.99 0.259000   2.624 0.000  0.857 0.000   1.767 0.000 0.017 0.000  0.155 0.000
361.208333 362.208333   8.01 0.000   0.49 0.000 9.999 0.259000  0.48 0.000 0.091 0.000  0.734 0.000  1.322 0.000 99.99 0.259000   4.546 0.000  1.351 0.000   3.195 0.000 0.069 0.000  0.377 0.000
364.208333 365.208333   5.85 0.000   1.60 0.000 9.999 0.259000  0.45 0.000 0.029 0.000  0.824 0.000  1.482 0.000 99.99 0.259000   3.411 0.000  0.755 0.000   2.655 0.000 0.059 0.000  0.257 0.000
