scripts/IMPROVE-2019_partial/data/US9019R.20140102050000.20191216000000.filterpack...52w.3d.US03L_filterpack_US9019.US03L_IMPROVE_Davis.lev2.nas
52 1001
MISSING INFORMATION
US03L, IMPROVE, , , , , , , 
MISSING INFORMATION
IMPROVE sel_HTAP
1 1
2014 01 01 2019 12 16
3.000000
days from file reference point
5
1 1 1 1 1
999.999999 999.999 9.999 999.999 9.999
end_time of measurement, days from the file reference point
pm10_mass, ug/m3, Matrix=pm10
numflag pm10_mass, no unit, Matrix=pm10
pm25_mass, ug/m3, Matrix=pm25
numflag pm25_mass, no unit, Matrix=pm25
0
33
Data definition:              EBAS_1.1
Set type code:                TU
Timezone:                     UTC
File name:                    US9019R.20140102050000.20191216000000.filterpack...52w.3d.US03L_filterpack_US9019.US03L_IMPROVE_Davis.lev2.nas
File creation:                20191218120623
Startdate:                    20140102050000
Revision date:                20191216000000
Version:                      2
Version description:          "Data extracted from http://views.cira.colostate.edu/fed/DataWizard 2019-12-16"
Statistics:                   arithmetic mean
Data level:                   2
Period code:                  52w
Resolution code:              3d
Sample duration:              1d
Orig. time res.:              3d
Station code:                 US9019R
Platform code:                US9019S
Station name:                 Quaker City
Station latitude:             39.9428
Station longitude:            -81.3378
Station altitude:             366.0 m
Regime:                       IMG
Component:                    
Unit:                         ug/m3
Matrix:                       
Laboratory code:              US03L
Instrument type:              filterpack
Instrument name:              filterpack_US9019
Method ref:                   US03L_IMPROVE_Davis
Blank correction:             Blank corrected
Volume std. temperature:      ambient
Volume std. pressure:         ambient
starttime endtime PM10 flag_PM10 PM2.5 flag_PM2.5
  1.208333   2.208333  14.848 0.000  12.923 0.000
  4.208333   5.208333   6.489 0.000   4.409 0.000
  7.208333   8.208333 999.999 0.999 999.999 0.999
 10.208333  11.208333   3.664 0.000   2.586 0.000
 13.208333  14.208333 999.999 0.999 999.999 0.999
 16.208333  17.208333   7.122 0.000   5.117 0.000
 19.208333  20.208333  10.587 0.000   8.386 0.000
 22.208333  23.208333  12.545 0.000   8.730 0.000
 25.208333  26.208333   8.676 0.000   3.400 0.000
 28.208333  29.208333  12.855 0.000   7.548 0.000
 31.208333  32.208333  10.928 0.000   6.029 0.000
 34.208333  35.208333  19.781 0.000  15.189 0.000
 37.208333  38.208333   9.126 0.000   7.019 0.000
 40.208333  41.208333  19.880 0.000  18.444 0.000
 43.208333  44.208333  18.020 0.000  14.082 0.000
 46.208333  47.208333  17.350 0.000  15.912 0.000
 49.208333  50.208333  13.433 0.000  10.041 0.000
 52.208333  53.208333   4.589 0.000   1.875 0.000
 55.208333  56.208333   9.833 0.000   6.790 0.000
 58.208333  59.208333  12.236 0.000   4.452 0.000
 61.208333  62.208333   8.314 0.000   5.061 0.000
 64.208333  65.208333  22.493 0.000  10.921 0.000
 67.208333  68.208333  13.587 0.000  10.901 0.000
 70.208333  71.208333  12.997 0.000   8.224 0.000
 73.208333  74.208333   5.992 0.000   3.240 0.000
 76.208333  77.208333  12.072 0.000   4.760 0.000
 79.208333  80.208333  15.973 0.000  10.679 0.000
 82.208333  83.208333   8.864 0.000   5.474 0.000
 85.208333  86.208333  13.508 0.000   5.621 0.000
 88.208333  89.208333   5.170 0.000   4.227 0.000
 91.208333  92.208333   7.797 0.000   5.406 0.000
 94.208333  95.208333   4.440 0.000   3.267 0.000
 97.208333  98.208333   7.916 0.000   5.501 0.000
100.208333 101.208333   9.844 0.000   6.935 0.000
103.208333 104.208333  15.468 0.000   9.425 0.000
106.208333 107.208333  11.419 0.000   5.741 0.000
109.208333 110.208333  14.048 0.000   7.065 0.000
112.208333 113.208333   6.493 0.000   2.510 0.000
115.208333 116.208333   8.578 0.000   5.758 0.000
118.208333 119.208333   7.339 0.000   4.788 0.000
121.208333 122.208333   6.764 0.000   3.616 0.000
124.208333 125.208333   8.758 0.000   3.454 0.000
127.208333 128.208333  19.532 0.000   9.902 0.000
130.208333 131.208333  15.082 0.000   8.060 0.000
133.208333 134.208333  12.210 0.000   6.678 0.000
136.208333 137.208333   5.219 0.000   3.661 0.000
139.208333 140.208333  19.034 0.000   9.534 0.000
142.208333 143.208333  14.862 0.000   3.828 0.000
145.208333 146.208333  23.203 0.000  12.727 0.000
148.208333 149.208333  16.557 0.000   8.502 0.000
151.208333 152.208333  18.995 0.000   9.780 0.000
154.208333 155.208333  17.009 0.000  11.133 0.000
157.208333 158.208333  15.220 0.000   7.998 0.000
160.208333 161.208333  19.925 0.000  14.751 0.000
163.208333 164.208333  15.014 0.000   8.431 0.000
166.208333 167.208333  15.307 0.000  10.882 0.000
169.208333 170.208333  11.951 0.000   6.835 0.000
172.208333 173.208333  19.407 0.000  12.384 0.000
175.208333 176.208333  14.721 0.000   9.030 0.000
178.208333 179.208333  22.310 0.000  17.477 0.000
181.208333 182.208333  37.469 0.000  19.122 0.000
184.208333 185.208333  10.944 0.000   5.978 0.000
187.208333 188.208333  21.104 0.000  14.540 0.000
190.208333 191.208333  17.893 0.000  11.398 0.000
193.208333 194.208333  27.128 0.000  19.704 0.000
196.208333 197.208333   7.538 0.000   4.111 0.000
199.208333 200.208333  14.323 0.000  10.540 0.000
202.208333 203.208333  21.731 0.000  14.280 0.000
205.208333 206.208333  13.523 0.000   6.921 0.000
208.208333 209.208333  10.959 0.000   6.248 0.000
211.208333 212.208333  13.467 0.000  10.989 0.000
214.208333 215.208333  10.530 0.000   9.344 0.000
217.208333 218.208333  19.766 0.000  16.867 0.000
220.208333 221.208333  24.266 0.000  20.029 0.000
223.208333 224.208333  11.852 0.000   6.057 0.000
226.208333 227.208333   9.878 0.000   4.526 0.000
229.208333 230.208333  22.420 0.000  16.768 0.000
232.208333 233.208333  14.844 0.000  10.263 0.000
235.208333 236.208333  13.604 0.000   9.110 0.000
238.208333 239.208333  23.187 0.000  15.901 0.000
241.208333 242.208333  21.466 0.000  14.913 0.000
244.208333 245.208333  17.968 0.000   8.989 0.000
247.208333 248.208333  19.276 0.000  12.922 0.000
250.208333 251.208333  14.024 0.000   7.924 0.000
253.208333 254.208333  10.245 0.000   6.373 0.000
256.208333 257.208333   6.563 0.000   4.069 0.000
259.208333 260.208333  14.482 0.000   7.883 0.000
262.208333 263.208333  17.590 0.000  10.194 0.000
265.208333 266.208333  12.930 0.000   4.740 0.000
268.208333 269.208333  12.371 0.000   5.007 0.000
271.208333 272.208333  15.393 0.000   8.944 0.000
274.208333 275.208333  23.359 0.000  16.149 0.000
277.208333 278.208333   8.633 0.000   3.699 0.000
280.208333 281.208333  12.469 0.000   4.091 0.000
283.208333 284.208333   7.389 0.000   3.498 0.000
286.208333 287.208333  11.102 0.000   4.359 0.000
289.208333 290.208333  14.141 0.000   6.389 0.000
292.208333 293.208333   7.880 0.000   4.378 0.000
295.208333 296.208333   9.905 0.000   6.541 0.000
298.208333 299.208333  10.767 0.000   3.657 0.000
301.208333 302.208333  13.930 0.000   4.012 0.000
304.208333 305.208333   4.497 0.000   3.500 0.000
307.208333 308.208333  12.388 0.000   6.748 0.000
310.208333 311.208333   4.626 0.000   2.272 0.000
313.208333 314.208333   9.752 0.000   5.553 0.000
316.208333 317.208333  19.537 0.000  14.354 0.000
319.208333 320.208333  15.628 0.000  12.440 0.000
322.208333 323.208333  12.982 0.659   4.872 0.000
325.208333 326.208333  13.208 0.659   6.296 0.000
328.208333 329.208333  10.787 0.659   5.333 0.000
331.208333 332.208333   9.245 0.659   6.174 0.000
334.208333 335.208333   9.039 0.659   5.475 0.000
337.208333 338.208333  22.343 0.659  13.605 0.000
340.208333 341.208333  11.590 0.659   7.088 0.000
343.208333 344.208333   6.919 0.659   4.920 0.000
346.208333 347.208333  19.153 0.659  13.951 0.000
349.208333 350.208333   6.673 0.659   4.364 0.000
352.208333 353.208333  12.813 0.659   9.720 0.000
355.208333 356.208333  16.406 0.659  10.744 0.000
358.208333 359.208333 999.999 0.999 999.999 0.999
361.208333 362.208333 999.999 0.999 999.999 0.999
364.208333 365.208333   7.681 0.659   4.064 0.000
