scripts/IMPROVE-2019_partial/data/US9018U.20080101050000.20191216000000.filterpack...52w.3d.US03L_filterpack_US9018.US03L_IMPROVE_Davis.lev2.nas
51 1001
MISSING INFORMATION
US03L, IMPROVE, , , , , , , 
MISSING INFORMATION
IMPROVE sel_HTAP
1 1
2008 01 01 2019 12 16
3.000000
days from file reference point
4
1 1 1 1
999.999999 999.999 999.999 9.999
end_time of measurement, days from the file reference point
pm10_mass, ug/m3, Matrix=pm10
pm25_mass, ug/m3, Matrix=pm25
numflag, no unit
0
33
Data definition:              EBAS_1.1
Set type code:                TU
Timezone:                     UTC
File name:                    US9018U.20080101050000.20191216000000.filterpack...52w.3d.US03L_filterpack_US9018.US03L_IMPROVE_Davis.lev2.nas
File creation:                20191218120619
Startdate:                    20080101050000
Revision date:                20191216000000
Version:                      2
Version description:          "Data extracted from http://views.cira.colostate.edu/fed/DataWizard 2019-12-16"
Statistics:                   arithmetic mean
Data level:                   2
Period code:                  52w
Resolution code:              3d
Sample duration:              1d
Orig. time res.:              3d
Station code:                 US9018U
Platform code:                US9018S
Station name:                 New York City
Station latitude:             40.8161
Station longitude:            -73.9019
Station altitude:             45.0 m
Regime:                       IMG
Component:                    
Unit:                         ug/m3
Matrix:                       
Laboratory code:              US03L
Instrument type:              filterpack
Instrument name:              filterpack_US9018
Method ref:                   US03L_IMPROVE_Davis
Blank correction:             Blank corrected
Volume std. temperature:      ambient
Volume std. pressure:         ambient
starttime endtime PM10 PM2.5 flag
  0.208333   1.208333  20.827  15.896 0.000
  3.208333   4.208333  26.009  16.608 0.000
  6.208333   7.208333  56.274  39.934 0.659
  9.208333  10.208333  17.346   9.224 0.000
 12.208333  13.208333  12.570   8.393 0.000
 15.208333  16.208333   8.411   4.696 0.000
 18.208333  19.208333  17.795  12.971 0.000
 21.208333  22.208333  26.026  15.037 0.000
 24.208333  25.208333  16.516   8.770 0.000
 27.208333  28.208333  22.343  15.796 0.000
 30.208333  31.208333  16.797   8.380 0.000
 33.208333  34.208333  30.675  25.277 0.000
 36.208333  37.208333  33.978  27.058 0.659
 39.208333  40.208333  30.433  24.108 0.000
 42.208333  43.208333  22.439  16.508 0.000
 45.208333  46.208333  26.964  19.702 0.000
 48.208333  49.208333  14.655   9.338 0.000
 51.208333  52.208333  13.567 999.999 0.000
 54.208333  55.208333  24.840  17.055 0.000
 57.208333  58.208333  15.319  11.743 0.000
 60.208333  61.208333  15.782  11.018 0.000
 63.208333  64.208333  31.064  16.423 0.000
 66.208333  67.208333  24.502  16.861 0.000
 69.208333  70.208333  17.266  12.021 0.000
 72.208333  73.208333  17.531  10.976 0.000
 75.208333  76.208333  10.599   8.089 0.000
 78.208333  79.208333  16.372  10.608 0.000
 81.208333  82.208333   7.618   4.438 0.000
 84.208333  85.208333  17.760   8.116 0.000
 87.208333  88.208333  23.369  17.258 0.000
 90.208333  91.208333  20.349   8.773 0.000
 93.208333  94.208333  18.557   9.137 0.000
 96.208333  97.208333   7.996   5.274 0.000
 99.208333 100.208333  26.897  11.615 0.000
102.208333 103.208333  18.363  12.179 0.000
105.208333 106.208333  12.744   5.762 0.000
108.208333 109.208333  41.662  18.371 0.000
111.208333 112.208333  22.116   8.325 0.000
114.208333 115.208333  25.160  10.713 0.000
117.208333 118.208333  12.418   6.626 0.000
120.208333 121.208333  13.677   7.690 0.000
123.208333 124.208333  23.798  12.381 0.000
126.208333 127.208333  28.723  13.660 0.000
129.208333 130.208333   9.004   4.169 0.000
132.208333 133.208333  12.065   3.745 0.000
135.208333 136.208333  29.366  10.956 0.000
138.208333 139.208333  14.546   9.214 0.000
141.208333 142.208333  23.216  11.488 0.000
144.208333 145.208333   8.247   3.999 0.000
147.208333 148.208333  28.319  18.666 0.000
150.208333 151.208333  28.512  11.720 0.000
153.208333 154.208333  14.546   7.392 0.000
156.208333 157.208333  59.159   7.817 0.000
159.208333 160.208333  52.190  21.142 0.000
162.208333 163.208333  29.467   8.935 0.000
165.208333 166.208333  35.010  23.575 0.000
168.208333 169.208333  13.164   7.193 0.000
171.208333 172.208333  25.448  15.555 0.000
174.208333 175.208333 999.999 999.999 0.999
177.208333 178.208333  39.362  27.369 0.000
180.208333 181.208333  32.386  22.529 0.000
183.208333 184.208333  18.998  10.434 0.000
186.208333 187.208333  31.667  26.324 0.000
189.208333 190.208333  32.914  23.561 0.000
192.208333 193.208333  14.865   6.034 0.000
195.208333 196.208333  16.507   8.992 0.000
198.208333 199.208333  34.001  19.860 0.000
201.208333 202.208333  26.334  14.605 0.000
204.208333 205.208333  28.805  17.471 0.000
207.208333 208.208333 999.999 999.999 0.999
210.208333 211.208333 999.999 999.999 0.999
213.208333 214.208333  19.430  11.007 0.000
216.208333 217.208333   7.481   3.847 0.000
219.208333 220.208333  22.775   9.337 0.000
222.208333 223.208333  16.644  10.462 0.000
225.208333 226.208333  15.963  10.022 0.000
228.208333 229.208333  12.683   8.029 0.000
231.208333 232.208333  25.936  15.792 0.000
234.208333 235.208333  18.897   8.103 0.000
237.208333 238.208333  18.753   9.247 0.000
240.208333 241.208333  16.940   8.134 0.000
243.208333 244.208333  12.997   8.428 0.000
246.208333 247.208333  18.617   8.330 0.000
249.208333 250.208333  11.321   6.645 0.000
252.208333 253.208333  16.713  11.066 0.000
255.208333 256.208333  12.875   6.787 0.000
258.208333 259.208333  10.923   5.031 0.000
261.208333 262.208333  13.959   6.646 0.000
264.208333 265.208333  24.649  14.811 0.000
267.208333 268.208333 999.999   6.246 0.000
270.208333 271.208333   7.333   4.141 0.000
273.208333 274.208333  15.004   8.002 0.000
276.208333 277.208333  14.159   7.095 0.000
279.208333 280.208333   8.420   4.781 0.000
282.208333 283.208333  22.395  15.678 0.000
285.208333 286.208333  14.684   7.970 0.000
288.208333 289.208333  20.120   9.918 0.000
291.208333 292.208333   8.061   4.289 0.000
294.208333 295.208333  22.285  11.691 0.000
297.208333 298.208333  27.045  15.964 0.000
300.208333 301.208333  20.184  13.902 0.000
303.208333 304.208333   7.472   4.212 0.000
306.208333 307.208333   9.295   5.759 0.000
309.208333 310.208333  15.541   7.625 0.000
312.208333 313.208333  18.577  14.687 0.000
315.208333 316.208333   8.876   5.303 0.000
318.208333 319.208333  20.076  12.852 0.000
321.208333 322.208333   9.065   6.443 0.000
324.208333 325.208333  15.257  10.460 0.000
327.208333 328.208333  10.305   7.978 0.000
330.208333 331.208333  13.470   9.704 0.000
333.208333 334.208333  13.285  10.186 0.000
336.208333 337.208333   9.725   7.021 0.000
339.208333 340.208333  10.460   7.521 0.000
342.208333 343.208333  11.170   6.151 0.000
345.208333 346.208333   7.437   5.111 0.000
348.208333 349.208333  15.911  11.661 0.000
351.208333 352.208333  15.436  11.872 0.000
354.208333 355.208333  11.233   9.020 0.000
357.208333 358.208333  24.697  14.857 0.000
360.208333 361.208333  19.559  13.046 0.000
363.208333 364.208333  11.413   6.780 0.000
