scripts/IMPROVE-2019_partial/data/US9008R.20010308050000.20191216000000.filterpack..pm25.10mo.1w.US03L_filterpack_US9008.US03L_IMPROVE_Davis.lev2.nas
64 1001
MISSING INFORMATION
US03L, IMPROVE, , , , , , , 
MISSING INFORMATION
IMPROVE sel_HTAP
1 1
2001 01 01 2019 12 16
3.000000
days from file reference point
25
1 1 1 1 1 1 1 1 1 1 1 1 1 1 1 1 1 1 1 1 1 1 1 1 1
999.999999 9999.99 9.999 999.99 9.999 9.999 9.999999 999.99 9.999 9.999 9.999 99.999 9.999 99.999 9.999 999.999 9.999 999.999 9.999 999.999 9.999 9.999 9.999 99.999 9.999
end_time of measurement, days from the file reference point
iron, ng/m3, Revision date=20181210133000
numflag iron, no unit, Revision date=20181210133000
lead, ng/m3, Revision date=20181210133000
numflag lead, no unit, Revision date=20181210133000
magnesium, ug/m3, Revision date=20181210133000
numflag magnesium, no unit, Revision date=20181210133000
nickel, ng/m3, Revision date=20181210133000
numflag nickel, no unit, Revision date=20181210133000
nitrate, ug N/m3, Revision date=20181210133000
numflag nitrate, no unit, Revision date=20181210133000
organic_carbon, ug C/m3, Revision date=20181210133000
numflag organic_carbon, no unit, Revision date=20181210133000
organic_mass, ug/m3, Revision date=20181210133000
numflag organic_mass, no unit, Revision date=20181210133000
pm10_mass, ug/m3, Version=2, Version description=Data extracted from http://views.cira.colostate.edu/fed/DataWizard 2019-12-16, Sample duration=1d, Orig. time res.=3d, Matrix=pm10, Blank correction=Blank corrected, Volume std. temperature=ambient, Volume std. pressure=ambient
numflag pm10_mass, no unit, Version=2, Version description=Data extracted from http://views.cira.colostate.edu/fed/DataWizard 2019-12-16, Sample duration=1d, Orig. time res.=3d, Matrix=pm10, Blank correction=Blank corrected, Volume std. temperature=ambient, Volume std. pressure=ambient
pm10_pm25_mass, ug/m3, Revision date=20181210133000, Matrix=pm10_pm25
numflag pm10_pm25_mass, no unit, Revision date=20181210133000, Matrix=pm10_pm25
pm25_mass, ug/m3, Version=2, Version description=Data extracted from http://views.cira.colostate.edu/fed/DataWizard 2019-12-16, Sample duration=1d, Orig. time res.=3d, Blank correction=Blank corrected, Volume std. temperature=ambient, Volume std. pressure=ambient
numflag pm25_mass, no unit, Version=2, Version description=Data extracted from http://views.cira.colostate.edu/fed/DataWizard 2019-12-16, Sample duration=1d, Orig. time res.=3d, Blank correction=Blank corrected, Volume std. temperature=ambient, Volume std. pressure=ambient
potassium, ug/m3, Revision date=20181210133000
numflag potassium, no unit, Revision date=20181210133000
sulphate_total, ug S/m3, Revision date=20181210133000
numflag sulphate_total, no unit, Revision date=20181210133000
0
25
Data definition:              EBAS_1.1
Set type code:                TU
Timezone:                     UTC
File name:                    US9008R.20010308050000.20191216000000.filterpack..pm25.10mo.1w.US03L_filterpack_US9008.US03L_IMPROVE_Davis.lev2.nas
File creation:                20191218120537
Startdate:                    20010308050000
Revision date:                20191216000000
Statistics:                   arithmetic mean
Data level:                   2
Period code:                  10mo
Resolution code:              1w
Station code:                 US9008R
Platform code:                US9008S
Station name:                 Presque Isle
Station latitude:             46.6964
Station longitude:            -68.0333
Station altitude:             165.0 m
Regime:                       IMG
Component:                    
Matrix:                       pm25
Laboratory code:              US03L
Instrument type:              filterpack
Instrument name:              filterpack_US9008
Method ref:                   US03L_IMPROVE_Davis
starttime endtime Fe flag_Fe Pb flag_Pb Mg++ flag_Mg++ Ni flag_Ni NO3- flag_NO3- OC flag_OC OM flag_OM PM10 flag_PM10 PM10-PM2.5 flag_PM10-PM2.5 PM2.5 flag_PM2.5 K+ flag_K+ SO4-- flag_SO4--
[from data line 88]
330.208333 331.208333   15.76 0.000   0.67 0.000 0.010 0.000000   0.20 0.000 0.025 0.000  0.422 0.000  0.591 0.000   7.026 0.000   4.942 0.000   2.084 0.000 0.080 0.000  0.191 0.000
333.208333 334.208333    5.69 0.000   1.33 0.000 9.999 0.259000   0.28 0.000 0.060 0.000  0.824 0.000  1.153 0.000   3.817 0.000   0.551 0.000   3.266 0.000 0.067 0.000  0.370 0.000
336.208333 337.208333   50.85 0.000   1.21 0.000 9.999 0.259000   0.73 0.000 0.072 0.000  1.242 0.000  1.739 0.000  18.936 0.000  13.661 0.000   5.274 0.000 0.049 0.000  0.518 0.000
339.208333 340.208333   30.45 0.000   2.53 0.000 9.999 0.259000   1.43 0.000 0.109 0.000  1.817 0.000  2.544 0.000  10.838 0.000   3.477 0.000   7.362 0.000 0.038 0.000  0.829 0.000
342.208333 343.208333   50.67 0.000   0.98 0.000 9.999 0.259000   0.28 0.000 0.055 0.000  1.494 0.000  2.092 0.000  15.850 0.000  11.230 0.000   4.620 0.000 0.061 0.000  0.255 0.000
345.208333 346.208333  103.91 0.000   1.68 0.000 9.999 0.259000 999.99 0.259 0.039 0.000  1.246 0.000  1.745 0.000  28.062 0.000  22.570 0.000   5.492 0.000 0.129 0.000  0.279 0.000
348.208333 349.208333   52.76 0.000 999.99 0.259 9.999 0.259000   0.16 0.000 0.019 0.000  0.412 0.000  0.577 0.000  17.788 0.000  15.045 0.000   2.743 0.000 0.131 0.000  0.191 0.000
351.208333 352.208333   17.39 0.000   2.29 0.000 9.999 0.259000   0.27 0.000 0.076 0.000  1.183 0.000  1.656 0.000   9.944 0.000   4.546 0.000   5.398 0.000 0.627 0.000  0.383 0.000
354.208333 355.208333   30.16 0.000   0.78 0.000 9.999 0.259000   0.12 0.000 0.027 0.559  0.837 0.000  1.171 0.000   4.305 0.000   1.215 0.000   3.090 0.000 0.133 0.000  0.183 0.559
357.208333 358.208333   12.21 0.000   2.25 0.000 9.999 0.259000   0.72 0.000 0.104 0.000  1.726 0.000  2.416 0.000   7.229 0.000   2.471 0.000   4.758 0.000 0.050 0.000  0.319 0.000
360.208333 361.208333    9.25 0.000   1.32 0.000 9.999 0.259000   0.56 0.000 0.122 0.559  1.196 0.000  1.674 0.000   7.026 0.000   1.840 0.000   5.186 0.000 0.068 0.000  0.650 0.559
363.208333 364.208333   12.22 0.000   1.83 0.000 9.999 0.259000   0.46 0.000 0.045 0.000  0.593 0.000  0.830 0.000   5.117 0.000   2.410 0.000   2.707 0.000 0.024 0.000  0.338 0.000
