scripts/IMPROVE-2019_partial/data/US9008R.20030103050000.20191216000000.filterpack..pm25.1y.1w.US03L_filterpack_US9008.US03L_IMPROVE_Davis.lev2.nas
66 1001
MISSING INFORMATION
US03L, IMPROVE, , , , , , , 
MISSING INFORMATION
IMPROVE sel_HTAP
1 1
2003 01 01 2019 12 16
3.000000
days from file reference point
27
1 1 1 1 1 1 1 1 1 1 1 1 1 1 1 1 1 1 1 1 1 1 1 1 1 1 1
999.999999 9999.99 9.999 99.99 9.999 9.999 9.999 99.99 9.999 9.999 9.999 99.999 9.999 99.999 9.999 999.99 9.999 999.999 9.999 999.999 9.999 999.999 9.999 9.999 9.999 99.999 9.999
end_time of measurement, days from the file reference point
iron, ng/m3, Revision date=20181210133000
numflag iron, no unit, Revision date=20181210133000
lead, ng/m3, Revision date=20181210133000
numflag lead, no unit, Revision date=20181210133000
magnesium, ug/m3, Revision date=20181210133000
numflag magnesium, no unit, Revision date=20181210133000
nickel, ng/m3, Revision date=20181210133000
numflag nickel, no unit, Revision date=20181210133000
nitrate, ug N/m3, Revision date=20181210133000
numflag nitrate, no unit, Revision date=20181210133000
organic_carbon, ug C/m3, Revision date=20181210133000
numflag organic_carbon, no unit, Revision date=20181210133000
organic_mass, ug/m3, Revision date=20181210133000
numflag organic_mass, no unit, Revision date=20181210133000
phosphorus, ng/m3, Revision date=20181210133000
numflag phosphorus, no unit, Revision date=20181210133000
pm10_mass, ug/m3, Version=2, Version description=Data extracted from http://views.cira.colostate.edu/fed/DataWizard 2019-12-16, Sample duration=1d, Orig. time res.=3d, Matrix=pm10, Blank correction=Blank corrected, Volume std. temperature=ambient, Volume std. pressure=ambient
numflag pm10_mass, no unit, Version=2, Version description=Data extracted from http://views.cira.colostate.edu/fed/DataWizard 2019-12-16, Sample duration=1d, Orig. time res.=3d, Matrix=pm10, Blank correction=Blank corrected, Volume std. temperature=ambient, Volume std. pressure=ambient
pm10_pm25_mass, ug/m3, Revision date=20181210133000, Matrix=pm10_pm25
numflag pm10_pm25_mass, no unit, Revision date=20181210133000, Matrix=pm10_pm25
pm25_mass, ug/m3, Version=2, Version description=Data extracted from http://views.cira.colostate.edu/fed/DataWizard 2019-12-16, Sample duration=1d, Orig. time res.=3d, Blank correction=Blank corrected, Volume std. temperature=ambient, Volume std. pressure=ambient
numflag pm25_mass, no unit, Version=2, Version description=Data extracted from http://views.cira.colostate.edu/fed/DataWizard 2019-12-16, Sample duration=1d, Orig. time res.=3d, Blank correction=Blank corrected, Volume std. temperature=ambient, Volume std. pressure=ambient
potassium, ug/m3, Revision date=20181210133000
numflag potassium, no unit, Revision date=20181210133000
sulphate_total, ug S/m3, Revision date=20181210133000
numflag sulphate_total, no unit, Revision date=20181210133000
0
25
Data definition:              EBAS_1.1
Set type code:                TU
Timezone:                     UTC
File name:                    US9008R.20030103050000.20191216000000.filterpack..pm25.1y.1w.US03L_filterpack_US9008.US03L_IMPROVE_Davis.lev2.nas
File creation:                20191218120538
Startdate:                    20030103050000
Revision date:                20191216000000
Statistics:                   arithmetic mean
Data level:                   2
Period code:                  1y
Resolution code:              1w
Station code:                 US9008R
Platform code:                US9008S
Station name:                 Presque Isle
Station latitude:             46.6964
Station longitude:            -68.0333
Station altitude:             165.0 m
Regime:                       IMG
Component:                    
Matrix:                       pm25
Laboratory code:              US03L
Instrument type:              filterpack
Instrument name:              filterpack_US9008
Method ref:                   US03L_IMPROVE_Davis
starttime endtime Fe flag_Fe Pb flag_Pb Mg++ flag_Mg++ Ni flag_Ni NO3- flag_NO3- OC flag_OC OM flag_OM P flag_P PM10 flag_PM10 PM10-PM2.5 flag_PM10-PM2.5 PM2.5 flag_PM2.5 K+ flag_K+ SO4-- flag_SO4--
  2.208333   3.208333   19.48 0.000  1.42 0.000 9.999 0.259  0.56 0.000 0.200 0.000  2.817 0.000  3.944 0.000 999.99 0.259  10.732 0.000   2.964 0.000   7.768 0.000 0.077 0.000  0.348 0.000
  5.208333   6.208333   12.84 0.000  1.29 0.000 9.999 0.259  0.64 0.000 0.291 0.000  2.827 0.000  3.958 0.000 999.99 0.259  10.960 0.000   2.710 0.000   8.250 0.000 0.070 0.000  0.624 0.000
  8.208333   9.208333    8.63 0.000  2.69 0.000 9.999 0.259  0.82 0.000 0.106 0.000  1.113 0.000  1.558 0.000  27.55 0.000   6.019 0.000   1.550 0.000   4.469 0.000 0.106 0.000  0.313 0.000
 11.208333  12.208333    6.73 0.000  1.74 0.000 0.018 0.000  0.75 0.000 0.116 0.000  0.679 0.000  0.951 0.000 999.99 0.259   3.830 0.000   1.111 0.000   2.719 0.000 0.034 0.000  0.240 0.000
 14.208333  15.208333   14.96 0.000  2.09 0.000 0.018 0.000  0.76 0.000 0.228 0.000  1.470 0.000  2.059 0.000 999.99 0.259   7.580 0.000   2.060 0.000   5.520 0.000 0.097 0.000  0.341 0.000
 17.208333  18.208333   15.47 0.000  1.69 0.000 9.999 0.259  0.37 0.000 0.188 0.000  1.616 0.000  2.263 0.000 999.99 0.259   9.781 0.000   2.867 0.000   6.915 0.000 0.179 0.000  0.373 0.000
 20.208333  21.208333   13.89 0.000  1.08 0.000 9.999 0.259  0.73 0.000 0.105 0.000  0.843 0.000  1.180 0.000 999.99 0.259  13.950 0.000   9.944 0.000   4.006 0.000 0.032 0.000  0.407 0.000
 23.208333  24.208333    7.48 0.000  1.24 0.000 9.999 0.259  0.77 0.000 0.091 0.000  0.969 0.000  1.357 0.000 999.99 0.259   7.834 0.000   3.590 0.000   4.244 0.000 0.266 0.000  0.326 0.000
 26.208333  27.208333   11.86 0.000  1.87 0.000 9.999 0.259  0.20 0.000 0.170 0.000  1.145 0.000  1.604 0.000 999.99 0.259  15.446 0.000   9.422 0.000   6.024 0.000 0.732 0.000  0.577 0.000
 29.208333  30.208333 9999.99 0.999 99.99 0.999 9.999 0.999 99.99 0.999 9.999 0.999 99.999 0.999 99.999 0.999 999.99 0.999 999.999 0.999 999.999 0.999 999.999 0.999 9.999 0.999 99.999 0.999
 32.208333  33.208333 9999.99 0.999 99.99 0.999 9.999 0.999 99.99 0.999 9.999 0.999 99.999 0.999 99.999 0.999 999.99 0.999 999.999 0.999 999.999 0.999 999.999 0.999 9.999 0.999 99.999 0.999
 35.208333  36.208333   29.30 0.000  1.68 0.000 0.022 0.000  1.35 0.000 0.071 0.000  0.937 0.000  1.312 0.000 999.99 0.259   3.472 0.000 999.999 0.259   3.712 0.000 0.042 0.000  0.301 0.000
 38.208333  39.208333   10.22 0.000  1.65 0.000 9.999 0.259  0.40 0.000 0.139 0.000  1.606 0.000  2.249 0.000 999.99 0.259   5.976 0.000   0.866 0.000   5.111 0.000 0.053 0.000  0.464 0.000
 41.208333  42.208333   20.29 0.000  2.13 0.000 9.999 0.259  0.36 0.000 0.182 0.000  2.554 0.000  3.576 0.000 999.99 0.259  15.767 0.000   7.488 0.000   8.279 0.000 0.675 0.000  0.736 0.000
 44.208333  45.208333   28.42 0.000  1.27 0.000 0.037 0.000  0.40 0.000 0.052 0.000  0.630 0.000  0.881 0.000 999.99 0.259   8.445 0.000   4.101 0.000   4.344 0.000 0.056 0.000  0.294 0.000
 47.208333  48.208333   39.93 0.000  6.44 0.000 9.999 0.259  0.40 0.000 0.213 0.000  3.676 0.000  5.146 0.000 999.99 0.259  19.555 0.000   9.630 0.000   9.925 0.000 0.179 0.000  0.620 0.000
 50.208333  51.208333   18.93 0.000  1.50 0.000 9.999 0.259  2.39 0.000 0.087 0.000  1.444 0.000  2.021 0.000 999.99 0.259  12.849 0.000   5.815 0.000   7.034 0.000 0.036 0.000  1.011 0.000
 53.208333  54.208333    6.48 0.000  1.40 0.000 9.999 0.259  0.13 0.000 0.078 0.000  0.747 0.000  1.046 0.000 999.99 0.259  13.931 0.000   9.824 0.000   4.106 0.000 0.106 0.000  0.407 0.000
 56.208333  57.208333   27.83 0.000  2.90 0.000 9.999 0.259 99.99 0.259 0.052 0.000  1.577 0.000  2.208 0.000 999.99 0.259   8.681 0.000   3.007 0.000   5.674 0.000 0.143 0.000  0.600 0.000
 59.208333  60.208333   49.70 0.000  4.75 0.000 9.999 0.259  0.80 0.000 0.279 0.000  4.337 0.000  6.072 0.000 999.99 0.259  21.045 0.000   7.400 0.000  13.645 0.000 0.167 0.000  1.236 0.000
 62.208333  63.208333   19.07 0.000  2.37 0.000 0.026 0.000  1.57 0.000 0.108 0.000  1.359 0.000  1.903 0.000 999.99 0.259 999.999 0.456 999.999 0.999   4.654 0.000 0.060 0.000  0.486 0.000
 65.208333  66.208333   35.54 0.000  2.83 0.000 9.999 0.259  1.07 0.000 0.067 0.000  1.648 0.000  2.307 0.000 999.99 0.259 999.999 0.456 999.999 0.999   5.639 0.000 0.060 0.000  0.582 0.000
 68.208333  69.208333   21.67 0.000  3.15 0.000 9.999 0.259  0.99 0.000 0.096 0.000  1.358 0.000  1.902 0.000 999.99 0.259 999.999 0.456 999.999 0.999   5.712 0.000 0.057 0.000  0.695 0.000
 71.208333  72.208333   20.15 0.000  1.55 0.000 0.013 0.000  0.23 0.000 0.097 0.000  1.060 0.000  1.484 0.000 999.99 0.259  10.960 0.000   6.746 0.000   4.214 0.000 0.202 0.000  0.410 0.000
 74.208333  75.208333   22.37 0.000  2.08 0.000 0.031 0.000  0.34 0.000 0.090 0.000  1.236 0.000  1.730 0.000 999.99 0.259  10.687 0.000   6.265 0.000   4.422 0.000 0.049 0.000  0.527 0.000
 77.208333  78.208333   80.50 0.000  1.13 0.000 9.999 0.259  0.14 0.000 0.083 0.000  1.176 0.000  1.647 0.000 999.99 0.259  24.222 0.000  18.925 0.000   5.297 0.000 0.308 0.000  0.362 0.000
 80.208333  81.208333   20.17 0.000  1.50 0.000 9.999 0.259  0.17 0.000 0.093 0.000  1.549 0.000  2.168 0.000 999.99 0.259  11.136 0.000   5.299 0.000   5.837 0.000 0.137 0.000  0.663 0.000
 83.208333  84.208333   10.88 0.000  1.16 0.000 0.043 0.000  0.66 0.000 0.089 0.000  1.370 0.000  1.918 0.000 999.99 0.259  11.136 0.000   1.607 0.000   9.528 0.000 0.028 0.000  1.755 0.000
 86.208333  87.208333   52.66 0.000  0.79 0.000 9.999 0.259  0.19 0.000 0.032 0.000  0.848 0.000  1.187 0.000 999.99 0.259  17.361 0.000  13.829 0.000   3.532 0.000 0.085 0.000  0.299 0.000
 89.208333  90.208333    9.53 0.000  0.86 0.000 9.999 0.259  0.22 0.000 0.030 0.000  0.569 0.000  0.797 0.000 999.99 0.259   6.030 0.000   2.797 0.000   3.233 0.000 0.248 0.000  0.434 0.000
 92.208333  93.208333   68.44 0.000  1.52 0.000 9.999 0.259  0.13 0.000 0.028 0.000  0.615 0.000  0.861 0.000 999.99 0.259  28.489 0.000  23.869 0.000   4.620 0.000 0.203 0.000  0.450 0.000
 95.208333  96.208333    9.75 0.000  1.00 0.000 9.999 0.259  0.17 0.000 0.055 0.000  0.629 0.000  0.881 0.000 999.99 0.259   7.111 0.000   3.952 0.000   3.159 0.000 0.072 0.000  0.456 0.000
 98.208333  99.208333  195.02 0.000  1.63 0.000 9.999 0.259  0.42 0.000 0.085 0.000  1.799 0.000  2.519 0.000 999.99 0.259  39.408 0.000  29.848 0.000   9.560 0.000 0.180 0.000  0.640 0.000
101.208333 102.208333   93.94 0.000  1.40 0.000 9.999 0.259  0.30 0.000 0.065 0.000  1.060 0.000  1.484 0.000 999.99 0.259  18.188 0.000  12.261 0.000   5.927 0.000 0.085 0.000  0.522 0.000
104.208333 105.208333   91.27 0.000  3.13 0.000 9.999 0.259  0.80 0.000 0.314 0.000  2.237 0.000  3.131 0.000 999.99 0.259  28.613 0.000  18.692 0.000   9.921 0.000 0.108 0.000  0.718 0.000
107.208333 108.208333  126.28 0.000  1.62 0.000 9.999 0.259  0.29 0.000 0.052 0.000  1.115 0.000  1.561 0.000 999.99 0.259  21.503 0.000  15.740 0.000   5.762 0.000 0.091 0.000  0.417 0.000
110.208333 111.208333   86.23 0.000  1.45 0.000 9.999 0.259  0.31 0.000 0.040 0.000  1.224 0.000  1.713 0.000 999.99 0.259  25.682 0.000  18.827 0.000   6.855 0.000 0.067 0.000  0.754 0.000
113.208333 114.208333    4.77 0.000  0.50 0.000 9.999 0.259  0.13 0.000 0.031 0.000  0.579 0.000  0.811 0.000 999.99 0.259   2.329 0.000   0.940 0.000   1.389 0.000 0.116 0.000  0.158 0.000
116.208333 117.208333   22.65 0.000  0.93 0.000 9.999 0.259  0.29 0.000 0.034 0.000  1.055 0.000  1.478 0.000 999.99 0.259  10.063 0.000   5.885 0.000   4.179 0.000 0.056 0.000  0.496 0.000
119.208333 120.208333  339.60 0.000  1.16 0.000 9.999 0.259  0.22 0.000 0.014 0.000  1.202 0.000  1.682 0.000 999.99 0.259  69.320 0.000  60.699 0.000   8.621 0.000 0.269 0.000  0.220 0.000
122.208333 123.208333   30.46 0.000  0.89 0.000 9.999 0.259  0.20 0.000 0.018 0.000  0.720 0.000  1.008 0.000 999.99 0.259   7.441 0.000   4.371 0.000   3.070 0.000 0.074 0.000  0.255 0.000
125.208333 126.208333   60.36 0.000  1.40 0.000 9.999 0.259 99.99 0.259 0.038 0.000  1.420 0.000  1.989 0.000 999.99 0.259  19.465 0.000  14.111 0.000   5.354 0.000 0.060 0.000  0.399 0.000
128.208333 129.208333   49.56 0.000  0.89 0.000 9.999 0.259  0.11 0.000 0.011 0.000  0.432 0.000  0.605 0.000 999.99 0.259  10.995 0.000   8.075 0.000   2.921 0.000 0.152 0.000  0.171 0.000
131.208333 132.208333   24.19 0.000  0.39 0.000 0.011 0.000  0.27 0.000 0.009 0.000  0.389 0.000  0.544 0.000 999.99 0.259   1.901 0.000   0.368 0.000   1.533 0.000 0.022 0.000  0.110 0.000
134.208333 135.208333   43.41 0.000  0.56 0.000 9.999 0.259  0.10 0.000 0.010 0.000  0.690 0.000  0.966 0.000 999.99 0.259   7.438 0.000   5.083 0.000   2.355 0.000 0.039 0.000  0.161 0.000
137.208333 138.208333   72.26 0.000  1.54 0.000 9.999 0.259  0.41 0.000 0.024 0.000  2.675 0.000  3.745 0.000 999.99 0.259  17.361 0.000   9.908 0.000   7.453 0.000 0.094 0.000  0.427 0.000
140.208333 141.208333   91.87 0.000  1.59 0.000 9.999 0.259  0.25 0.000 0.042 0.000  2.184 0.000  3.057 0.000 999.99 0.259  26.134 0.000  18.462 0.000   7.672 0.000 0.118 0.000  0.418 0.000
143.208333 144.208333   85.40 0.000  1.31 0.000 9.999 0.259  0.30 0.000 0.114 0.000  1.811 0.000  2.535 0.000 999.99 0.259  12.286 0.000   4.478 0.000   7.809 0.000 0.102 0.000  0.633 0.000
146.208333 147.208333   72.81 0.000  1.39 0.000 9.999 0.259  0.26 0.000 0.031 0.000  2.552 0.000  3.572 0.000 999.99 0.259  17.131 0.000   9.901 0.000   7.230 0.000 0.084 0.000  0.341 0.000
149.208333 150.208333   34.34 0.000  0.43 0.000 9.999 0.259 99.99 0.259 0.016 0.000  0.991 0.000  1.387 0.000 999.99 0.259   5.229 0.000   2.469 0.000   2.760 0.000 0.024 0.000  0.138 0.000
152.208333 153.208333   31.50 0.000  0.90 0.000 9.999 0.259  0.19 0.000 0.010 0.000  0.882 0.000  1.234 0.000 999.99 0.259   8.987 0.000   5.409 0.000   3.577 0.000 0.186 0.000  0.182 0.000
155.208333 156.208333   53.39 0.000  1.14 0.000 9.999 0.259  0.37 0.000 0.036 0.000  2.806 0.000  3.928 0.000 999.99 0.259  15.827 0.000   7.958 0.000   7.868 0.000 0.052 0.000  0.458 0.000
158.208333 159.208333   63.90 0.000  1.38 0.000 9.999 0.259  0.36 0.000 0.041 0.000  2.893 0.000  4.051 0.000 999.99 0.259  13.445 0.000   3.490 0.000   9.955 0.000 0.061 0.000  0.824 0.000
161.208333 162.208333   56.90 0.000  1.27 0.000 9.999 0.259  0.54 0.000 0.046 0.000  2.185 0.000  3.059 0.000 999.99 0.259  12.637 0.000   5.270 0.000   7.367 0.000 0.073 0.000  0.493 0.000
164.208333 165.208333   12.54 0.000  0.70 0.000 9.999 0.259  0.42 0.000 0.019 0.000  1.389 0.000  1.944 0.000 999.99 0.259   6.420 0.000   2.706 0.000   3.714 0.000 0.031 0.000  0.230 0.000
167.208333 168.208333   22.31 0.000  1.00 0.000 9.999 0.259  1.88 0.000 0.012 0.000  1.855 0.000  2.597 0.000 999.99 0.259  11.335 0.000   7.261 0.000   4.074 0.000 0.030 0.000  0.232 0.000
170.208333 171.208333   37.51 0.000  1.25 0.000 9.999 0.259  0.10 0.000 0.013 0.000  1.121 0.000  1.570 0.000 999.99 0.259  10.457 0.000   7.317 0.000   3.140 0.000 0.207 0.000  0.106 0.000
173.208333 174.208333   52.74 0.000  5.65 0.000 9.999 0.259  1.10 0.000 0.037 0.000  5.300 0.000  7.420 0.000 999.99 0.259  21.479 0.000  10.549 0.000  10.930 0.000 0.134 0.000  0.211 0.000
176.208333 177.208333   68.59 0.000  2.28 0.000 9.999 0.259  0.50 0.000 0.033 0.559  4.736 0.000  6.630 0.000 999.99 0.259  27.250 0.000   8.357 0.000  18.892 0.000 0.091 0.000  2.191 0.559
179.208333 180.208333   27.02 0.000  1.98 0.000 9.999 0.259  0.24 0.000 0.034 0.000  3.487 0.000  4.882 0.000 999.99 0.259  16.204 0.000   5.892 0.000  10.311 0.000 0.069 0.000  0.887 0.000
182.208333 183.208333   21.13 0.000  1.37 0.000 9.999 0.259  0.09 0.000 0.012 0.000  0.873 0.000  1.223 0.000 999.99 0.259   8.047 0.000   5.131 0.000   2.916 0.000 0.174 0.000  0.108 0.000
185.208333 186.208333   24.40 0.000  1.47 0.000 9.999 0.259  0.25 0.000 0.037 0.000  2.869 0.000  4.017 0.000 999.99 0.259  17.950 0.000   4.275 0.000  13.675 0.000 0.050 0.000  1.880 0.000
188.208333 189.208333   13.04 0.000  0.39 0.000 9.999 0.259  0.21 0.000 0.021 0.000  1.771 0.000  2.480 0.000 999.99 0.259   7.670 0.000   2.891 0.000   4.779 0.000 0.045 0.000  0.247 0.000
191.208333 192.208333   93.43 0.000  0.44 0.000 9.999 0.259  0.52 0.000 0.021 0.559  2.105 0.000  2.947 0.000 999.99 0.259   7.966 0.000   1.688 0.000   6.277 0.000 0.123 0.000  0.206 0.559
194.208333 195.208333   50.02 0.000  0.91 0.000 9.999 0.259  1.39 0.000 0.013 0.000  2.906 0.000  4.068 0.000 999.99 0.259   8.691 0.000   1.716 0.000   6.975 0.000 0.061 0.000  0.261 0.000
197.208333 198.208333   28.58 0.000  1.50 0.000 9.999 0.259  2.26 0.000 0.018 0.000  1.419 0.000  1.987 0.000 999.99 0.259  11.601 0.000   4.777 0.000   6.825 0.000 0.029 0.000  1.017 0.000
200.208333 201.208333    8.81 0.000  0.77 0.000 0.121 0.000  1.38 0.000 0.014 0.000  1.216 0.000  1.703 0.000 999.99 0.259   6.005 0.000   3.101 0.000   2.904 0.000 0.019 0.000  0.150 0.000
203.208333 204.208333   14.81 0.000  3.44 0.000 9.999 0.259  0.18 0.000 0.034 0.000  1.126 0.000  1.576 0.000 999.99 0.259   7.843 0.000   4.326 0.000   3.517 0.000 0.065 0.000  0.250 0.000
206.208333 207.208333   25.07 0.000  1.63 0.000 9.999 0.259  4.92 0.000 0.060 0.000  3.294 0.000  4.612 0.000 999.99 0.259  17.484 0.000   4.672 0.000  12.811 0.000 0.034 0.000  1.318 0.000
209.208333 210.208333   14.48 0.000  0.83 0.000 9.999 0.259  0.32 0.000 0.014 0.000  0.815 0.000  1.141 0.000 999.99 0.259   6.935 0.000   4.424 0.000   2.511 0.000 0.047 0.000  0.154 0.000
212.208333 213.208333   31.17 0.000  2.39 0.000 9.999 0.259  0.71 0.000 0.033 0.000  3.702 0.000  5.183 0.000 999.99 0.259  17.239 0.000   7.135 0.000  10.104 0.000 0.052 0.000  0.532 0.000
215.208333 216.208333   12.25 0.000  1.49 0.000 9.999 0.259  0.35 0.000 0.031 0.000  1.738 0.000  2.433 0.000 999.99 0.259  13.399 0.000   3.891 0.000   9.508 0.000 0.032 0.000  1.344 0.000
218.208333 219.208333   25.25 0.000  0.43 0.000 9.999 0.259  0.33 0.000 0.043 0.000  1.288 0.000  1.804 0.000 999.99 0.259  15.513 0.000   4.601 0.000  10.913 0.000 0.030 0.000  1.780 0.000
221.208333 222.208333    5.34 0.000  0.40 0.000 0.040 0.000  0.16 0.000 0.015 0.000  0.959 0.000  1.343 0.000 999.99 0.259   6.092 0.000   2.619 0.000   3.472 0.000 0.014 0.000  0.319 0.000
224.208333 225.208333   37.13 0.000  0.50 0.000 9.999 0.259  0.52 0.000 0.019 0.000  2.612 0.000  3.656 0.000 999.99 0.259  14.945 0.000   8.505 0.000   6.440 0.000 0.044 0.000  0.234 0.000
227.208333 228.208333   23.59 0.000  0.98 0.000 9.999 0.259  1.57 0.000 0.021 0.000  2.624 0.000  3.674 0.000 999.99 0.259  13.399 0.000   4.688 0.000   8.710 0.000 0.056 0.000  0.791 0.000
230.208333 231.208333   57.88 0.000  1.28 0.000 9.999 0.259  0.83 0.000 0.011 0.000  2.062 0.000  2.887 0.000 999.99 0.259  15.307 0.000  10.029 0.000   5.278 0.000 0.038 0.000  0.166 0.000
233.208333 234.208333   37.38 0.000  1.32 0.000 0.034 0.000  1.65 0.000 0.035 0.000  3.816 0.000  5.343 0.000 999.99 0.259  24.123 0.000   8.049 0.000  16.074 0.000 0.049 0.000  1.995 0.000
236.208333 237.208333   24.18 0.000  0.32 0.000 9.999 0.259  0.35 0.000 0.020 0.000  0.792 0.000  1.109 0.000 999.99 0.259   7.966 0.000   5.152 0.000   2.814 0.000 0.044 0.000  0.095 0.000
239.208333 240.208333   12.94 0.000  0.25 0.000 9.999 0.259  0.15 0.000 0.008 0.000  0.587 0.000  0.822 0.000 999.99 0.259   8.415 0.000   6.664 0.000   1.751 0.000 0.081 0.000  0.064 0.000
242.208333 243.208333   15.34 0.000  1.62 0.000 9.999 0.259  0.72 0.000 0.009 0.000  0.736 0.000  1.031 0.000 999.99 0.259   6.577 0.000   3.751 0.000   2.826 0.000 0.026 0.000  0.117 0.000
245.208333 246.208333   46.24 0.000  1.05 0.000 0.043 0.000  0.44 0.000 0.017 0.000  1.286 0.000  1.800 0.000 999.99 0.259  11.479 0.000   7.870 0.000   3.609 0.000 0.040 0.000  0.131 0.000
248.208333 249.208333   16.43 0.000  0.69 0.000 9.999 0.259  0.36 0.000 0.010 0.000  1.156 0.000  1.618 0.000 999.99 0.259   8.082 0.000   5.170 0.000   2.911 0.000 0.031 0.000  0.117 0.000
251.208333 252.208333   41.03 0.000  0.77 0.000 9.999 0.259  0.10 0.000 0.006 0.000  0.612 0.000  0.856 0.000 999.99 0.259   8.687 0.000   6.769 0.000   1.918 0.000 0.041 0.000  0.045 0.000
