scripts/IMPROVE-2019_partial/data/US9007R.20080101050000.20191216000000.filterpack...52w.3d.US03L_filterpack_US9007.US03L_IMPROVE_Davis.lev2.nas
51 1001
MISSING INFORMATION
US03L, IMPROVE, , , , , , , 
MISSING INFORMATION
IMPROVE sel_HTAP
1 1
2008 01 01 2019 12 16
3.000000
days from file reference point
4
1 1 1 1
999.999999 999.999 999.999 9.999
end_time of measurement, days from the file reference point
pm10_mass, ug/m3, Matrix=pm10
pm25_mass, ug/m3, Matrix=pm25
numflag, no unit
0
33
Data definition:              EBAS_1.1
Set type code:                TU
Timezone:                     UTC
File name:                    US9007R.20080101050000.20191216000000.filterpack...52w.3d.US03L_filterpack_US9007.US03L_IMPROVE_Davis.lev2.nas
File creation:                20191218120534
Startdate:                    20080101050000
Revision date:                20191216000000
Version:                      2
Version description:          "Data extracted from http://views.cira.colostate.edu/fed/DataWizard 2019-12-16"
Statistics:                   arithmetic mean
Data level:                   2
Period code:                  52w
Resolution code:              3d
Sample duration:              1d
Orig. time res.:              3d
Station code:                 US9007R
Platform code:                US9007S
Station name:                 Quabbin Summit
Station latitude:             42.2985
Station longitude:            -72.3346
Station altitude:             317.0 m
Regime:                       IMG
Component:                    
Unit:                         ug/m3
Matrix:                       
Laboratory code:              US03L
Instrument type:              filterpack
Instrument name:              filterpack_US9007
Method ref:                   US03L_IMPROVE_Davis
Blank correction:             Blank corrected
Volume std. temperature:      ambient
Volume std. pressure:         ambient
starttime endtime PM10 PM2.5 flag
  0.208333   1.208333 999.999 999.999 0.999
  3.208333   4.208333 999.999 999.999 0.999
  6.208333   7.208333 999.999 999.999 0.999
  9.208333  10.208333   6.134   3.715 0.000
 12.208333  13.208333   4.899   3.738 0.000
 15.208333  16.208333   2.425   1.608 0.000
 18.208333  19.208333 999.999 999.999 0.999
 21.208333  22.208333 999.999 999.999 0.999
 24.208333  25.208333 999.999 999.999 0.999
 27.208333  28.208333 999.999 999.999 0.999
 30.208333  31.208333 999.999 999.999 0.999
 33.208333  34.208333 999.999 999.999 0.999
 36.208333  37.208333 999.999 999.999 0.999
 39.208333  40.208333 999.999 999.999 0.999
 42.208333  43.208333 999.999 999.999 0.999
 45.208333  46.208333 999.999 999.999 0.999
 48.208333  49.208333 999.999 999.999 0.999
 51.208333  52.208333 999.999 999.999 0.999
 54.208333  55.208333 999.999 999.999 0.999
 57.208333  58.208333   5.953   5.911 0.000
 60.208333  61.208333   5.881   5.659 0.000
 63.208333  64.208333   7.412   5.426 0.000
 66.208333  67.208333   9.563   6.537 0.000
 69.208333  70.208333   5.858   3.818 0.000
 72.208333  73.208333   4.202   2.868 0.000
 75.208333  76.208333   7.042   6.444 0.000
 78.208333  79.208333   2.671   1.922 0.000
 81.208333  82.208333   3.446   2.628 0.000
 84.208333  85.208333   7.711   5.367 0.000
 87.208333  88.208333   3.605   3.281 0.000
 90.208333  91.208333   5.621   4.170 0.000
 93.208333  94.208333   8.761   5.596 0.000
 96.208333  97.208333   3.306   3.077 0.000
 99.208333 100.208333  10.313   5.551 0.000
102.208333 103.208333   6.423   5.299 0.000
105.208333 106.208333   4.231   2.956 0.000
108.208333 109.208333  11.625   8.158 0.000
111.208333 112.208333  15.196   9.485 0.000
114.208333 115.208333  13.273   8.215 0.000
117.208333 118.208333   8.003   5.637 0.000
120.208333 121.208333 999.999 999.999 0.999
123.208333 124.208333 999.999 999.999 0.999
126.208333 127.208333  12.137   7.284 0.000
129.208333 130.208333   3.342   2.260 0.000
132.208333 133.208333   6.229   2.141 0.000
135.208333 136.208333   9.196   6.504 0.000
138.208333 139.208333   7.435   5.503 0.000
141.208333 142.208333   7.687   6.319 0.000
144.208333 145.208333   4.752   1.911 0.000
147.208333 148.208333  17.434  13.291 0.000
150.208333 151.208333  14.086   8.092 0.000
153.208333 154.208333   8.135   5.364 0.000
156.208333 157.208333   6.236   5.186 0.000
159.208333 160.208333  14.915  10.792 0.000
162.208333 163.208333   9.116   5.309 0.000
165.208333 166.208333  16.385  14.083 0.000
168.208333 169.208333   9.587   4.521 0.000
171.208333 172.208333  13.317   7.994 0.000
174.208333 175.208333  15.024   7.915 0.000
177.208333 178.208333  21.209  17.811 0.000
180.208333 181.208333  22.360  17.462 0.000
183.208333 184.208333  11.020   7.270 0.000
186.208333 187.208333  17.586  13.467 0.000
189.208333 190.208333 999.999 999.999 0.999
192.208333 193.208333   5.520   3.374 0.000
195.208333 196.208333   9.699   5.696 0.000
198.208333 199.208333  12.784   9.840 0.000
201.208333 202.208333  25.933  22.512 0.000
204.208333 205.208333   5.399   3.868 0.000
207.208333 208.208333  18.383  16.279 0.000
210.208333 211.208333  16.233  13.269 0.000
213.208333 214.208333   9.890   6.768 0.000
216.208333 217.208333   5.082   2.584 0.000
219.208333 220.208333   7.666   5.194 0.000
222.208333 223.208333   8.307   5.180 0.000
225.208333 226.208333   7.316   3.828 0.000
228.208333 229.208333   6.988   4.381 0.000
231.208333 232.208333  15.211  12.455 0.000
234.208333 235.208333   9.704   6.802 0.000
237.208333 238.208333  11.532   6.130 0.000
240.208333 241.208333   7.985   4.413 0.000
243.208333 244.208333   8.021   5.419 0.000
246.208333 247.208333 999.999 999.999 0.999
249.208333 250.208333   5.405   3.313 0.000
252.208333 253.208333   7.256   5.991 0.659
255.208333 256.208333   5.187   3.358 0.000
258.208333 259.208333   8.655   4.882 0.000
261.208333 262.208333   4.905   2.872 0.000
264.208333 265.208333  13.578  10.242 0.000
267.208333 268.208333   7.489   4.977 0.000
270.208333 271.208333   1.833   1.081 0.000
273.208333 274.208333   7.513   4.285 0.000
276.208333 277.208333   4.463   3.135 0.000
279.208333 280.208333   4.566   3.556 0.000
282.208333 283.208333  10.225   9.024 0.000
285.208333 286.208333   5.978   3.890 0.000
288.208333 289.208333   8.717   5.807 0.000
291.208333 292.208333   3.224   2.200 0.000
294.208333 295.208333   8.358   5.513 0.000
297.208333 298.208333   7.240   4.652 0.000
300.208333 301.208333   9.592   7.836 0.000
303.208333 304.208333   1.479   0.895 0.000
306.208333 307.208333   3.396   2.354 0.000
309.208333 310.208333  11.058   5.958 0.000
312.208333 313.208333   5.167   4.080 0.000
315.208333 316.208333   2.442   1.901 0.000
318.208333 319.208333   3.115   2.459 0.000
321.208333 322.208333   2.605   2.017 0.000
324.208333 325.208333   4.000   2.359 0.000
327.208333 328.208333   3.134   2.029 0.000
330.208333 331.208333   8.330   7.673 0.000
333.208333 334.208333   4.879   4.084 0.000
336.208333 337.208333   4.517   3.255 0.000
339.208333 340.208333   3.489   2.370 0.000
342.208333 343.208333   4.112   1.854 0.000
345.208333 346.208333   3.873   3.397 0.000
348.208333 349.208333   8.107   6.119 0.000
351.208333 352.208333   2.954   2.524 0.000
354.208333 355.208333   3.338   3.477 0.000
357.208333 358.208333   4.959   3.865 0.000
360.208333 361.208333   8.835   7.129 0.000
363.208333 364.208333   5.852   4.636 0.000
