scripts/IMPROVE-2019_partial/data/US9077R.20050101080000.20191216000000.filterpack..pm25.52w.1w.US03L_filterpack_US9077.US03L_IMPROVE_Davis.lev2.nas
66 1001
MISSING INFORMATION
US03L, IMPROVE, , , , , , , 
MISSING INFORMATION
IMPROVE sel_HTAP
1 1
2005 01 01 2019 12 16
3.000000
days from file reference point
27
1 1 1 1 1 1 1 1 1 1 1 1 1 1 1 1 1 1 1 1 1 1 1 1 1 1 1
999.999999 9999.99 9.999 99.99 9.999 9.999 9.999999 99.99 9.999999 9.999 9.999999 99.999 9.999 999.999 9.999 99.99 9.999999 999.999 9.999 99.999 9.999999 999.999 9.999 9.999 9.999 9.999 9.999999
end_time of measurement, days from the file reference point
iron, ng/m3, Revision date=20181210133000
numflag iron, no unit, Revision date=20181210133000
lead, ng/m3, Revision date=20181210133000
numflag lead, no unit, Revision date=20181210133000
magnesium, ug/m3, Revision date=20181210133000
numflag magnesium, no unit, Revision date=20181210133000
nickel, ng/m3, Revision date=20181210133000
numflag nickel, no unit, Revision date=20181210133000
nitrate, ug N/m3, Revision date=20181210133000
numflag nitrate, no unit, Revision date=20181210133000
organic_carbon, ug C/m3, Revision date=20181210133000
numflag organic_carbon, no unit, Revision date=20181210133000
organic_mass, ug/m3, Revision date=20181210133000
numflag organic_mass, no unit, Revision date=20181210133000
phosphorus, ng/m3, Revision date=20181210133000
numflag phosphorus, no unit, Revision date=20181210133000
pm10_mass, ug/m3, Version=2, Version description=Data extracted from http://views.cira.colostate.edu/fed/DataWizard 2019-12-16, Sample duration=1d, Orig. time res.=3d, Matrix=pm10, Blank correction=Blank corrected, Volume std. temperature=ambient, Volume std. pressure=ambient
numflag pm10_mass, no unit, Version=2, Version description=Data extracted from http://views.cira.colostate.edu/fed/DataWizard 2019-12-16, Sample duration=1d, Orig. time res.=3d, Matrix=pm10, Blank correction=Blank corrected, Volume std. temperature=ambient, Volume std. pressure=ambient
pm10_pm25_mass, ug/m3, Revision date=20181210133000, Matrix=pm10_pm25
numflag pm10_pm25_mass, no unit, Revision date=20181210133000, Matrix=pm10_pm25
pm25_mass, ug/m3, Version=2, Version description=Data extracted from http://views.cira.colostate.edu/fed/DataWizard 2019-12-16, Sample duration=1d, Orig. time res.=3d, Blank correction=Blank corrected, Volume std. temperature=ambient, Volume std. pressure=ambient
numflag pm25_mass, no unit, Version=2, Version description=Data extracted from http://views.cira.colostate.edu/fed/DataWizard 2019-12-16, Sample duration=1d, Orig. time res.=3d, Blank correction=Blank corrected, Volume std. temperature=ambient, Volume std. pressure=ambient
potassium, ug/m3, Revision date=20181210133000
numflag potassium, no unit, Revision date=20181210133000
sulphate_total, ug S/m3, Revision date=20181210133000
numflag sulphate_total, no unit, Revision date=20181210133000
0
25
Data definition:              EBAS_1.1
Set type code:                TU
Timezone:                     UTC
File name:                    US9077R.20050101080000.20191216000000.filterpack..pm25.52w.1w.US03L_filterpack_US9077.US03L_IMPROVE_Davis.lev2.nas
File creation:                20191218121049
Startdate:                    20050101080000
Revision date:                20191216000000
Statistics:                   arithmetic mean
Data level:                   2
Period code:                  52w
Resolution code:              1w
Station code:                 US9077R
Platform code:                US9077S
Station name:                 Snoqualmie Pass
Station latitude:             47.422
Station longitude:            -121.4259
Station altitude:             1049.0 m
Regime:                       IMG
Component:                    
Matrix:                       pm25
Laboratory code:              US03L
Instrument type:              filterpack
Instrument name:              filterpack_US9077
Method ref:                   US03L_IMPROVE_Davis
starttime endtime Fe flag_Fe Pb flag_Pb Mg++ flag_Mg++ Ni flag_Ni NO3- flag_NO3- OC flag_OC OM flag_OM P flag_P PM10 flag_PM10 PM10-PM2.5 flag_PM10-PM2.5 PM2.5 flag_PM2.5 K+ flag_K+ SO4-- flag_SO4--
[from data line 78]
234.333333 235.333333   18.73 0.000  0.52 0.000 9.999 0.259000  0.18 0.000000 0.093 0.000000  0.828 0.000   1.490 0.000 99.99 0.259000   5.357 0.000  1.450 0.000000   3.896 0.000 0.015 0.000 0.416 0.000000
237.333333 238.333333   57.08 0.000  1.00 0.000 0.008 0.000000  0.25 0.000000 0.034 0.000000  1.700 0.000   3.060 0.000 99.99 0.259000  10.153 0.000  4.668 0.000000   5.401 0.000 0.023 0.000 0.236 0.000000
240.333333 241.333333    4.13 0.000  0.20 0.000 9.999 0.259000  0.05 0.000000 0.028 0.000000  0.049 0.000   0.089 0.000 99.99 0.259000   1.823 0.000  0.561 0.000000   1.248 0.000 0.006 0.000 0.128 0.000000
243.333333 244.333333   22.00 0.000  0.79 0.000 9.999 0.259000  0.08 0.000000 0.024 0.000000  0.696 0.000   1.253 0.000 99.99 0.259000   3.847 0.000  1.508 0.000000   2.309 0.000 0.008 0.000 0.175 0.000000
246.333333 247.333333    4.12 0.000  0.53 0.000 9.999 0.259000  0.16 0.000000 0.050 0.000000  0.253 0.000   0.455 0.000 99.99 0.259000   2.867 0.000  1.071 0.000000   1.774 0.000 0.011 0.000 0.196 0.000000
249.333333 250.333333   20.55 0.000  1.11 0.000 9.999 0.259000  0.23 0.000000 0.026 0.000000  0.752 0.000   1.353 0.000 99.99 0.259000   5.529 0.000  2.339 0.000000   3.205 0.000 0.011 0.000 0.251 0.000000
252.333333 253.333333    7.51 0.000  0.37 0.000 9.999 0.259000 99.99 0.259000 0.022 0.000000  0.125 0.000   0.225 0.000 99.99 0.259000   1.208 0.000  0.218 0.000000   0.981 0.000 0.007 0.000 0.056 0.000000
255.333333 256.333333   18.84 0.000  0.95 0.000 9.999 0.259000  0.30 0.000000 0.152 0.000000  1.138 0.000   2.049 0.000 99.99 0.259000   6.497 0.000  2.523 0.000000   3.961 0.000 0.019 0.000 0.256 0.000000
258.333333 259.333333    2.71 0.000  0.40 0.000 0.008 0.000000  0.09 0.000000 0.034 0.000000  0.157 0.000   0.283 0.000 99.99 0.259000   1.293 0.000  0.123 0.000000   1.161 0.000 0.004 0.000 0.110 0.000000
261.333333 262.333333   13.06 0.000  0.88 0.000 9.999 0.259000  0.24 0.000000 0.100 0.000000  0.560 0.000   1.008 0.000 99.99 0.259000   4.294 0.000  1.385 0.000000   2.877 0.000 0.016 0.000 0.289 0.000000
264.333333 265.333333   15.17 0.000  1.02 0.000 0.010 0.000000  0.44 0.000000 0.157 0.000000  0.595 0.000   1.071 0.000 99.99 0.259000   5.128 0.000  1.897 0.000000   3.191 0.000 0.013 0.000 0.277 0.000000
267.333333 268.333333   14.85 0.000  1.18 0.000 9.999 0.259000  0.25 0.000000 0.070 0.000000  0.996 0.000   1.793 0.000 99.99 0.259000   4.827 0.000  1.701 0.000000   3.088 0.000 0.014 0.000 0.167 0.000000
270.333333 271.333333   16.06 0.000  0.73 0.000 9.999 0.259000  0.24 0.000000 0.014 0.000000  0.513 0.000   0.923 0.000 99.99 0.259000   3.034 0.000  1.099 0.000000   1.931 0.000 0.012 0.000 0.167 0.000000
273.333333 274.333333    2.08 0.000  0.22 0.000 0.009 0.000000 99.99 0.259000 0.027 0.000000  0.085 0.000   0.153 0.000 99.99 0.259000   1.296 0.000  0.288 0.000000   0.998 0.000 0.008 0.000 0.098 0.000000
276.333333 277.333333   12.47 0.000  0.66 0.000 9.999 0.259000  0.19 0.000000 0.138 0.000000  0.717 0.000   1.290 0.000 99.99 0.259000   3.473 0.000  0.991 0.000000   2.470 0.000 0.012 0.000 0.175 0.000000
279.333333 280.333333    3.68 0.000  0.20 0.000 9.999 0.259000 99.99 0.259000 0.049 0.000000  0.181 0.000   0.325 0.000 99.99 0.259000   2.753 0.000  1.034 0.000000   1.698 0.000 0.014 0.000 0.137 0.000000
282.333333 283.333333    7.57 0.000  0.61 0.000 9.999 0.259000 99.99 0.259000 0.100 0.000000  0.658 0.000   1.184 0.000 99.99 0.259000   3.088 0.000  0.911 0.000000   2.154 0.000 0.014 0.000 0.088 0.000000
285.333333 286.333333    5.07 0.000  0.28 0.000 0.007 0.000000 99.99 0.259000 0.050 0.000000  0.285 0.000   0.512 0.000 99.99 0.259000   2.587 0.000  1.082 0.000000   1.484 0.000 0.010 0.000 0.119 0.000000
288.333333 289.333333    1.42 0.000  0.15 0.000 0.008 0.000000 99.99 0.259000 0.013 0.000000  0.118 0.000   0.213 0.000 99.99 0.259000   1.500 0.000  0.712 0.000000   0.775 0.000 0.006 0.000 0.067 0.000000
291.333333 292.333333    3.15 0.000  0.24 0.000 0.005 0.000000 99.99 0.259000 0.010 0.000000  0.401 0.000   0.723 0.000 99.99 0.259000   1.420 0.000  0.460 0.000000   0.957 0.000 0.007 0.000 0.051 0.000000
294.333333 295.333333   15.14 0.000  0.87 0.000 9.999 0.259000 99.99 0.259000 0.066 0.000000  2.020 0.000   3.636 0.000 99.99 0.259000   6.779 0.000  1.852 0.000000   4.877 0.000 0.033 0.000 0.127 0.000000
297.333333 298.333333   19.19 0.000  0.93 0.000 0.002 0.000000  0.16 0.000000 0.144 0.000000  2.803 0.000   5.045 0.000 99.99 0.259000   8.500 0.000  1.943 0.000000   6.529 0.000 0.038 0.000 0.180 0.000000
300.333333 301.333333    4.46 0.000  0.21 0.000 0.009 0.000000 99.99 0.259000 0.119 0.000000  0.585 0.000   1.053 0.000 99.99 0.259000   2.756 0.000  0.918 0.000000   1.817 0.000 0.017 0.000 0.074 0.000000
303.333333 304.333333    1.94 0.000  0.29 0.000 0.013 0.000000  0.11 0.000000 0.024 0.000000  0.286 0.000   0.515 0.000 99.99 0.259000   1.799 0.000  0.531 0.000000   1.255 0.000 0.013 0.000 0.067 0.000000
306.333333 307.333333    1.75 0.000  0.30 0.000 0.014 0.000000  0.13 0.000000 0.137 0.000000  1.265 0.000   2.278 0.000 99.99 0.259000   3.072 0.000  0.203 0.000000   2.849 0.000 0.024 0.000 0.081 0.000000
309.333333 310.333333 9999.99 0.899 99.99 0.899 9.999 0.899000 99.99 0.899000 0.009 0.000000  0.041 0.000   0.074 0.000 99.99 0.899000   1.298 0.000 99.999 0.899000   0.726 0.000 9.999 0.899 0.085 0.000000
312.333333 313.333333 9999.99 0.699 99.99 0.699 9.999 0.699000 99.99 0.699000 0.494 0.000000  7.055 0.000  12.698 0.000 99.99 0.699000  15.246 0.000 99.999 0.699000  13.682 0.659 9.999 0.699 0.218 0.000000
315.333333 316.333333    0.28 0.000  0.19 0.000 0.016 0.000000 99.99 0.259000 0.017 0.000000  0.594 0.000   1.069 0.000 99.99 0.259000   2.066 0.000  0.511 0.000000   1.540 0.000 0.022 0.000 0.052 0.000000
318.333333 319.333333    3.58 0.000  0.22 0.000 9.999 0.259000 99.99 0.259000 0.022 0.000000  0.540 0.000   0.972 0.000 99.99 0.259000   1.276 0.000  0.121 0.000000   1.149 0.000 0.006 0.000 0.059 0.000000
321.333333 322.333333    7.74 0.000  0.76 0.000 9.999 0.259000 99.99 0.259000 0.030 0.000000  0.833 0.000   1.498 0.000 99.99 0.259000   2.390 0.000  0.328 0.000000   2.045 0.000 0.013 0.000 0.099 0.000000
324.333333 325.333333    0.26 0.000  0.21 0.000 9.999 0.259000 99.99 0.259000 0.008 0.000000  0.105 0.000   0.188 0.000 99.99 0.259000   0.378 0.000  0.038 0.000000   0.337 0.000 0.002 0.000 0.007 0.000000
327.333333 328.333333    1.04 0.000  0.14 0.000 9.999 0.259000 99.99 0.259000 0.063 0.000000 99.999 0.456 999.999 0.456 99.99 0.259000 999.999 0.456 99.999 0.999000   0.659 0.000 0.003 0.000 0.041 0.000000
330.333333 331.333333    6.67 0.000  0.23 0.000 0.011 0.000000 99.99 0.259000 0.022 0.000000 99.999 0.456 999.999 0.456 99.99 0.259000 999.999 0.456 99.999 0.999000   0.954 0.000 0.005 0.000 0.080 0.000000
333.333333 334.333333    3.75 0.000  0.20 0.000 0.012 0.000000 99.99 0.259000 0.032 0.000000  0.531 0.000   0.956 0.000 99.99 0.259000   3.049 0.000  1.332 0.000000   1.729 0.000 0.012 0.000 0.116 0.000000
336.333333 337.333333    1.91 0.000  0.30 0.000 9.999 0.259000  0.16 0.000000 0.016 0.000000  0.276 0.000   0.497 0.000 99.99 0.259000   1.644 0.000  0.360 0.000000   1.272 0.000 0.007 0.000 0.124 0.000000
339.333333 340.333333 9999.99 0.999 99.99 0.999 9.999 0.999000 99.99 0.999000 9.999 0.999000 99.999 0.999 999.999 0.999 99.99 0.999000   2.102 0.000 99.999 0.999000   1.765 0.000 9.999 0.999 9.999 0.999000
342.333333 343.333333   11.90 0.000  0.67 0.000 9.999 0.259000 99.99 0.259000 0.267 0.000000  1.062 0.000   1.912 0.000 99.99 0.259000   4.394 0.000  0.987 0.000000   3.375 0.000 0.017 0.000 0.109 0.000000
345.333333 346.333333    5.82 0.000  0.75 0.000 9.999 0.259000  0.13 0.000000 0.137 0.000000  1.102 0.000   1.984 0.000 99.99 0.259000   3.598 0.000  0.801 0.000000   2.770 0.000 0.018 0.000 0.114 0.000000
348.333333 349.333333    5.09 0.000  0.40 0.000 9.999 0.259000 99.99 0.259000 0.129 0.000000  0.333 0.000   0.600 0.000 99.99 0.259000   1.958 0.000 99.999 0.259000   2.125 0.000 0.009 0.000 0.102 0.000000
351.333333 352.333333    3.56 0.000  0.51 0.000 9.999 0.259000 99.99 0.259000 0.024 0.000000  0.411 0.000   0.741 0.000 99.99 0.259000   2.564 0.000  0.904 0.000000   1.660 0.000 0.008 0.000 0.130 0.000000
354.333333 355.333333    1.79 0.000  0.15 0.000 9.999 0.259000 99.99 0.259000 0.021 0.000000  0.135 0.000   0.242 0.000 99.99 0.259000   0.382 0.000 99.999 0.259000   0.700 0.000 0.003 0.000 0.016 0.000000
357.333333 358.333333    0.53 0.000  0.11 0.000 9.999 0.259000 99.99 0.259000 0.001 0.000000  0.080 0.000   0.144 0.000 99.99 0.259000   0.082 0.000 99.999 0.259000   0.153 0.000 0.001 0.000 0.003 0.000000
360.333333 361.333333    1.23 0.000 99.99 0.259 0.013 0.000000 99.99 0.259000 0.010 0.000000  0.175 0.000   0.314 0.000 99.99 0.259000   0.848 0.000  0.011 0.000000   0.837 0.000 0.005 0.000 0.023 0.000000
363.333333 364.333333    1.03 0.000 99.99 0.259 9.999 0.259000 99.99 0.259000 0.004 0.000000  0.118 0.000   0.213 0.000 99.99 0.259000 999.999 0.259 99.999 0.259000   0.127 0.000 0.002 0.000 0.004 0.000000
