scripts/IMPROVE-2019_partial/data/US9081R.20000101070000.20191216000000.filterpack..pm25.52w.1w.US03L_filterpack_US9081_YELL2.US03L_IMPROVE_Davis.lev2.nas
64 1001
MISSING INFORMATION
US03L, IMPROVE, , , , , , , 
MISSING INFORMATION
IMPROVE sel_HTAP
1 1
2000 01 01 2019 12 16
0
days from file reference point
25
1 1 1 1 1 1 1 1 1 1 1 1 1 1 1 1 1 1 1 1 1 1 1 1 1
999.999999 9999.99 9.999 99.99 9.999999 9.999 9.999999 9.99 9.999999 9.999 9.999 99.999 9.999 999.999 9.999 999.999 9.999 999.999 9.999 999.999 9.999 9.999 9.999 9.999 9.999
end_time of measurement, days from the file reference point
iron, ng/m3, Revision date=20181210133000
numflag iron, no unit, Revision date=20181210133000
lead, ng/m3, Revision date=20181210133000
numflag lead, no unit, Revision date=20181210133000
magnesium, ug/m3, Revision date=20181210133000
numflag magnesium, no unit, Revision date=20181210133000
nickel, ng/m3, Revision date=20181210133000
numflag nickel, no unit, Revision date=20181210133000
nitrate, ug N/m3, Revision date=20181210133000
numflag nitrate, no unit, Revision date=20181210133000
organic_carbon, ug C/m3, Revision date=20181210133000
numflag organic_carbon, no unit, Revision date=20181210133000
organic_mass, ug/m3, Revision date=20181210133000
numflag organic_mass, no unit, Revision date=20181210133000
pm10_mass, ug/m3, Version=2, Version description=Data extracted from http://views.cira.colostate.edu/fed/DataWizard 2019-12-16, Sample duration=1d, Orig. time res.=3d, Matrix=pm10, Blank correction=Blank corrected, Volume std. temperature=ambient, Volume std. pressure=ambient
numflag pm10_mass, no unit, Version=2, Version description=Data extracted from http://views.cira.colostate.edu/fed/DataWizard 2019-12-16, Sample duration=1d, Orig. time res.=3d, Matrix=pm10, Blank correction=Blank corrected, Volume std. temperature=ambient, Volume std. pressure=ambient
pm10_pm25_mass, ug/m3, Revision date=20181210133000, Matrix=pm10_pm25
numflag pm10_pm25_mass, no unit, Revision date=20181210133000, Matrix=pm10_pm25
pm25_mass, ug/m3, Version=2, Version description=Data extracted from http://views.cira.colostate.edu/fed/DataWizard 2019-12-16, Sample duration=1d, Orig. time res.=3d, Blank correction=Blank corrected, Volume std. temperature=ambient, Volume std. pressure=ambient
numflag pm25_mass, no unit, Version=2, Version description=Data extracted from http://views.cira.colostate.edu/fed/DataWizard 2019-12-16, Sample duration=1d, Orig. time res.=3d, Blank correction=Blank corrected, Volume std. temperature=ambient, Volume std. pressure=ambient
potassium, ug/m3, Revision date=20181210133000
numflag potassium, no unit, Revision date=20181210133000
sulphate_total, ug S/m3, Revision date=20181210133000
numflag sulphate_total, no unit, Revision date=20181210133000
0
25
Data definition:              EBAS_1.1
Set type code:                TI
Timezone:                     UTC
File name:                    US9081R.20000101070000.20191216000000.filterpack..pm25.52w.1w.US03L_filterpack_US9081_YELL2.US03L_IMPROVE_Davis.lev2.nas
File creation:                20191218121106
Startdate:                    20000101070000
Revision date:                20191216000000
Statistics:                   arithmetic mean
Data level:                   2
Period code:                  52w
Resolution code:              1w
Station code:                 US9081R
Platform code:                US9081S
Station name:                 Yellowstone NP 1
Station latitude:             44.5654
Station longitude:            -110.4003
Station altitude:             2442.0 m
Regime:                       IMG
Component:                    
Matrix:                       pm25
Laboratory code:              US03L
Instrument type:              filterpack
Instrument name:              filterpack_US9081_YELL2
Method ref:                   US03L_IMPROVE_Davis
starttime endtime Fe flag_Fe Pb flag_Pb Mg++ flag_Mg++ Ni flag_Ni NO3- flag_NO3- OC flag_OC OM flag_OM PM10 flag_PM10 PM10-PM2.5 flag_PM10-PM2.5 PM2.5 flag_PM2.5 K+ flag_K+ SO4-- flag_SO4--
[from data line 87]
294.291667 295.291667   24.69 0.000  0.16 0.000000 9.999 0.259000 9.99 0.259000 0.025 0.559  0.380 0.000   0.533 0.000   5.254 0.000   3.729 0.000   1.525 0.000 0.022 0.000 0.114 0.559
297.291667 298.291667 9999.99 0.999 99.99 0.999000 9.999 0.999000 9.99 0.999000 9.999 0.999 99.999 0.999 999.999 0.999 999.999 0.999 999.999 0.999 999.999 0.999 9.999 0.999 9.999 0.999
300.291667 301.291667 9999.99 0.999 99.99 0.999000 9.999 0.999000 9.99 0.999000 9.999 0.999 99.999 0.999 999.999 0.999 999.999 0.999 999.999 0.999 999.999 0.999 9.999 0.999 9.999 0.999
303.291667 304.291667 9999.99 0.999 99.99 0.999000 9.999 0.999000 9.99 0.999000 9.999 0.999 99.999 0.999 999.999 0.999 999.999 0.999 999.999 0.999 999.999 0.999 9.999 0.999 9.999 0.999
306.291667 307.291667    3.07 0.000  0.28 0.000000 9.999 0.259000 9.99 0.259000 0.055 0.000  0.525 0.000   0.735 0.000   1.884 0.000   0.279 0.000   1.605 0.000 0.016 0.000 0.138 0.000
309.291667 310.291667   15.63 0.000  0.23 0.000000 9.999 0.259000 9.99 0.259000 0.033 0.000  0.121 0.000   0.170 0.000   1.662 0.000   0.990 0.000   0.672 0.000 0.013 0.000 0.098 0.000
312.291667 313.291667    6.95 0.000  0.59 0.000000 9.999 0.259000 9.99 0.259000 0.175 0.000  0.436 0.000   0.611 0.000   2.971 0.000   0.859 0.000   2.112 0.000 0.015 0.000 0.156 0.000
315.291667 316.291667    4.31 0.000  0.19 0.000000 9.999 0.259000 9.99 0.259000 0.014 0.000  0.215 0.000   0.301 0.000   1.441 0.000   0.015 0.000   1.426 0.000 0.008 0.000 0.198 0.000
318.291667 319.291667    4.49 0.000  0.47 0.000000 9.999 0.259000 9.99 0.259000 0.030 0.559  0.185 0.000   0.259 0.000   1.236 0.000 999.999 0.259   1.296 0.000 0.009 0.000 0.165 0.559
321.291667 322.291667    3.06 0.000  0.28 0.000000 9.999 0.259000 9.99 0.259000 0.060 0.000  0.599 0.000   0.838 0.000   2.763 0.000   0.147 0.000   2.616 0.000 0.017 0.000 0.330 0.000
324.291667 325.291667    9.02 0.000  0.34 0.000000 9.999 0.259000 9.99 0.259000 0.048 0.000  0.422 0.000   0.592 0.000   1.717 0.000   0.223 0.000   1.495 0.000 0.013 0.000 0.189 0.000
327.291667 328.291667    5.30 0.000  0.41 0.000000 9.999 0.259000 9.99 0.259000 0.011 0.559  0.184 0.000   0.258 0.000   0.933 0.000   0.417 0.000   0.517 0.000 0.004 0.000 0.109 0.559
330.291667 331.291667    1.97 0.000  0.23 0.000000 9.999 0.259000 9.99 0.259000 0.071 0.559  0.249 0.000   0.349 0.000   0.933 0.000   0.093 0.000   0.841 0.000 0.007 0.000 0.142 0.559
333.291667 334.291667    2.47 0.000  0.26 0.000000 9.999 0.259000 9.99 0.259000 0.010 0.000  0.137 0.000   0.192 0.000   0.780 0.000   0.036 0.000   0.744 0.000 0.004 0.000 0.069 0.000
336.291667 337.291667    3.35 0.000  0.24 0.000000 9.999 0.259000 0.13 0.000000 9.999 0.456  0.234 0.000   0.328 0.000   0.854 0.000   0.141 0.000   0.713 0.000 0.007 0.000 9.999 0.456
339.291667 340.291667    7.73 0.000  0.50 0.000000 9.999 0.259000 9.99 0.259000 0.085 0.000  0.318 0.000   0.445 0.000   1.689 0.000   0.278 0.000   1.411 0.000 0.012 0.000 0.159 0.000
342.291667 343.291667    8.82 0.000  0.74 0.000000 9.999 0.259000 9.99 0.259000 0.151 0.559  0.559 0.000   0.783 0.000   3.066 0.000   0.634 0.000   2.432 0.000 0.018 0.000 0.303 0.559
345.291667 346.291667    2.10 0.000  0.18 0.000000 9.999 0.259000 9.99 0.259000 0.072 0.000  0.294 0.000   0.412 0.000   1.441 0.000   0.330 0.000   1.111 0.000 0.004 0.000 0.184 0.000
348.291667 349.291667    2.55 0.000  0.13 0.000000 9.999 0.259000 0.25 0.000000 0.016 0.559  0.075 0.000   0.105 0.000   1.937 0.000   1.448 0.000   0.489 0.000 0.003 0.000 0.064 0.559
351.291667 352.291667    2.35 0.000  0.22 0.000000 9.999 0.259000 9.99 0.259000 0.043 0.000  0.123 0.000   0.172 0.000   1.389 0.000   0.685 0.000   0.704 0.000 9.999 0.259 0.136 0.000
354.291667 355.291667    1.56 0.000 99.99 0.259000 0.009 0.000000 9.99 0.259000 0.033 0.000  0.144 0.000   0.201 0.000   0.739 0.000   0.398 0.000   0.341 0.000 0.011 0.000 0.082 0.000
357.291667 358.291667    1.59 0.000 99.99 0.259000 0.015 0.000000 9.99 0.259000 0.025 0.000  0.163 0.000   0.228 0.000   0.443 0.000   0.288 0.000   0.155 0.000 0.005 0.000 0.051 0.000
360.291667 361.291667    5.25 0.000  0.20 0.000000 9.999 0.259000 9.99 0.259000 0.005 0.000  0.308 0.000   0.431 0.000   0.554 0.000 999.999 0.259   0.616 0.000 0.012 0.000 0.079 0.000
363.291667 364.291667    1.79 0.000  0.15 0.000000 9.999 0.259000 9.99 0.259000 0.009 0.000  0.375 0.000   0.525 0.000   1.127 0.000   0.248 0.000   0.879 0.000 0.006 0.000 0.156 0.000
