scripts/IMPROVE-2019_partial/data/US9041R.20130101080000.20191216000000.filterpack...52w.3d.US03L_filterpack_US9041.US03L_IMPROVE_Davis.lev2.nas
52 1001
MISSING INFORMATION
US03L, IMPROVE, , , , , , , 
MISSING INFORMATION
IMPROVE sel_HTAP
1 1
2013 01 01 2019 12 16
3.000000
days from file reference point
5
1 1 1 1 1
999.999999 999.999 9.999 999.999 9.999
end_time of measurement, days from the file reference point
pm10_mass, ug/m3, Matrix=pm10
numflag pm10_mass, no unit, Matrix=pm10
pm25_mass, ug/m3, Matrix=pm25
numflag pm25_mass, no unit, Matrix=pm25
0
33
Data definition:              EBAS_1.1
Set type code:                TU
Timezone:                     UTC
File name:                    US9041R.20130101080000.20191216000000.filterpack...52w.3d.US03L_filterpack_US9041.US03L_IMPROVE_Davis.lev2.nas
File creation:                20191218120808
Startdate:                    20130101080000
Revision date:                20191216000000
Version:                      2
Version description:          "Data extracted from http://views.cira.colostate.edu/fed/DataWizard 2019-12-16"
Statistics:                   arithmetic mean
Data level:                   2
Period code:                  52w
Resolution code:              3d
Sample duration:              1d
Orig. time res.:              3d
Station code:                 US9041R
Platform code:                US9041S
Station name:                 San Gabriel
Station latitude:             34.2969
Station longitude:            -118.0282
Station altitude:             1791.0 m
Regime:                       IMG
Component:                    
Unit:                         ug/m3
Matrix:                       
Laboratory code:              US03L
Instrument type:              filterpack
Instrument name:              filterpack_US9041
Method ref:                   US03L_IMPROVE_Davis
Blank correction:             Blank corrected
Volume std. temperature:      ambient
Volume std. pressure:         ambient
starttime endtime PM10 flag_PM10 PM2.5 flag_PM2.5
  0.333333   1.333333   2.183 0.000   0.840 0.000
  3.333333   4.333333   5.960 0.000   1.524 0.000
  6.333333   7.333333   3.699 0.000   0.871 0.000
  9.333333  10.333333   3.835 0.000   1.100 0.000
 12.333333  13.333333   3.610 0.000   1.914 0.000
 15.333333  16.333333   3.756 0.000   0.594 0.000
 18.333333  19.333333   1.821 0.000   0.568 0.000
 21.333333  22.333333   2.735 0.000   0.759 0.000
 24.333333  25.333333   1.081 0.000   0.181 0.000
 27.333333  28.333333   3.348 0.000   1.326 0.000
 30.333333  31.333333   1.568 0.000   0.476 0.000
 33.333333  34.333333   1.367 0.000   0.716 0.000
 36.333333  37.333333   3.740 0.000   1.681 0.000
 39.333333  40.333333   4.678 0.000   2.898 0.000
 42.333333  43.333333   4.005 0.000   1.573 0.000
 45.333333  46.333333   3.757 0.000   1.211 0.000
 48.333333  49.333333   8.510 0.000   3.665 0.000
 51.333333  52.333333   6.466 0.000   1.507 0.000
 54.333333  55.333333   9.566 0.000   1.711 0.000
 57.333333  58.333333   5.958 0.000   1.425 0.000
 60.333333  61.333333   6.365 0.000   1.913 0.000
 63.333333  64.333333   7.326 0.000   2.401 0.000
 66.333333  67.333333   1.131 0.000   0.361 0.000
 69.333333  70.333333   4.521 0.000   1.890 0.000
 72.333333  73.333333   8.098 0.000   3.427 0.000
 75.333333  76.333333   8.974 0.000   3.797 0.000
 78.333333  79.333333   8.642 0.000   3.466 0.000
 81.333333  82.333333  18.560 0.000   8.801 0.000
 84.333333  85.333333  10.710 0.000   5.272 0.000
 87.333333  88.333333   4.058 0.000   1.835 0.000
 90.333333  91.333333   4.021 0.000   1.873 0.000
 93.333333  94.333333   5.287 0.000   2.288 0.000
 96.333333  97.333333  12.927 0.000   5.136 0.000
 99.333333 100.333333   8.408 0.000   1.959 0.000
102.333333 103.333333   7.601 0.000   3.272 0.000
105.333333 106.333333  11.398 0.000   1.977 0.000
108.333333 109.333333   8.561 0.000   2.394 0.000
111.333333 112.333333  16.401 0.000   6.571 0.000
114.333333 115.333333  12.662 0.000   4.841 0.000
117.333333 118.333333  13.905 0.000   6.848 0.000
120.333333 121.333333  37.738 0.000   8.082 0.000
123.333333 124.333333  21.747 0.000   8.913 0.000
126.333333 127.333333   5.281 0.000   2.753 0.000
129.333333 130.333333   9.476 0.000   4.840 0.000
132.333333 133.333333   9.934 0.000   4.733 0.000
135.333333 136.333333  26.124 0.000  10.614 0.000
138.333333 139.333333  12.283 0.000   4.257 0.000
141.333333 142.333333  22.061 0.000   7.955 0.000
144.333333 145.333333  18.471 0.000   7.475 0.000
147.333333 148.333333  11.861 0.000   2.290 0.000
150.333333 151.333333 999.999 0.456   5.061 0.000
153.333333 154.333333 999.999 0.456   3.298 0.000
156.333333 157.333333 999.999 0.456   4.992 0.000
159.333333 160.333333 999.999 0.456   3.350 0.000
162.333333 163.333333   9.068 0.000   3.892 0.000
165.333333 166.333333   8.015 0.000   3.558 0.000
168.333333 169.333333  12.065 0.000   4.600 0.000
171.333333 172.333333  18.930 0.000   6.527 0.000
174.333333 175.333333   9.575 0.000   3.565 0.000
177.333333 178.333333   7.286 0.000   2.861 0.000
180.333333 181.333333   9.909 0.000   4.786 0.000
183.333333 184.333333  21.517 0.000   6.667 0.000
186.333333 187.333333  11.065 0.000   4.499 0.000
189.333333 190.333333   7.832 0.000   3.480 0.000
192.333333 193.333333   9.063 0.000   3.789 0.000
195.333333 196.333333   6.637 0.000   2.792 0.000
198.333333 199.333333   9.990 0.000   4.560 0.000
201.333333 202.333333  15.056 0.000   5.906 0.000
204.333333 205.333333  13.744 0.000   5.383 0.000
207.333333 208.333333  10.978 0.000   5.518 0.000
210.333333 211.333333   5.655 0.000   2.787 0.000
213.333333 214.333333  13.124 0.000   5.082 0.000
216.333333 217.333333   4.626 0.000   2.146 0.000
219.333333 220.333333   4.367 0.000   1.925 0.000
222.333333 223.333333   9.816 0.000   5.166 0.000
225.333333 226.333333   7.981 0.000   3.147 0.000
228.333333 229.333333   4.473 0.000   2.606 0.000
231.333333 232.333333   8.871 0.000   3.901 0.000
234.333333 235.333333   3.235 0.000   1.656 0.000
237.333333 238.333333  15.732 0.000   6.634 0.000
240.333333 241.333333   7.610 0.000   3.007 0.000
243.333333 244.333333   3.240 0.000   1.964 0.000
246.333333 247.333333  10.351 0.000   4.136 0.000
249.333333 250.333333   9.912 0.000   3.921 0.000
252.333333 253.333333   8.367 0.000   3.613 0.000
255.333333 256.333333  18.536 0.000   7.987 0.000
258.333333 259.333333   6.796 0.000   3.772 0.000
261.333333 262.333333  16.294 0.000   5.090 0.000
264.333333 265.333333   8.049 0.000   1.407 0.000
267.333333 268.333333   8.034 0.000   3.060 0.000
270.333333 271.333333   5.289 0.000   1.484 0.000
273.333333 274.333333  10.050 0.000   3.545 0.000
276.333333 277.333333  24.141 0.000   3.521 0.000
279.333333 280.333333   8.168 0.000   2.859 0.000
282.333333 283.333333 999.999 0.999 999.999 0.999
285.333333 286.333333 999.999 0.999 999.999 0.999
288.333333 289.333333 999.999 0.999 999.999 0.999
291.333333 292.333333   9.805 0.000   3.512 0.000
294.333333 295.333333   6.596 0.000   2.962 0.000
297.333333 298.333333   6.359 0.000   2.308 0.000
300.333333 301.333333   1.671 0.000   0.693 0.000
303.333333 304.333333   2.825 0.000   1.093 0.000
306.333333 307.333333  10.229 0.000   3.937 0.000
309.333333 310.333333   3.853 0.000   1.177 0.000
312.333333 313.333333   7.452 0.000   3.146 0.000
315.333333 316.333333   2.851 0.000   1.211 0.000
318.333333 319.333333  12.631 0.000   5.947 0.000
321.333333 322.333333  14.359 0.000   5.686 0.000
324.333333 325.333333   0.499 0.000   0.180 0.000
327.333333 328.333333   0.748 0.000   0.477 0.000
330.333333 331.333333   4.230 0.000   1.461 0.000
333.333333 334.333333   1.448 0.000   0.827 0.000
336.333333 337.333333   3.395 0.000   1.291 0.000
339.333333 340.333333  10.875 0.000   2.590 0.000
342.333333 343.333333   4.248 0.000   0.835 0.000
345.333333 346.333333   3.807 0.000   0.624 0.000
348.333333 349.333333   0.613 0.000   0.177 0.000
351.333333 352.333333  11.298 0.000   4.905 0.000
354.333333 355.333333   2.905 0.000   1.319 0.000
357.333333 358.333333   0.585 0.000   0.090 0.000
360.333333 361.333333   2.820 0.000   0.531 0.000
363.333333 364.333333   3.281 0.000   1.006 0.000
