scripts/IMPROVE-2019_partial/data/US9044R.20020102080000.20191216000000.filterpack..pm25.52w.1w.US03L_filterpack_US9044.US03L_IMPROVE_Davis.lev2.nas
66 1001
MISSING INFORMATION
US03L, IMPROVE, , , , , , , 
MISSING INFORMATION
IMPROVE sel_HTAP
1 1
2002 01 01 2019 12 16
3.000000
days from file reference point
27
1 1 1 1 1 1 1 1 1 1 1 1 1 1 1 1 1 1 1 1 1 1 1 1 1 1 1
999.999999 9999.99 9.999999 99.99 9.999 9.999 9.999999 99.99 9.999999 9.999 9.999999 999.999 9.999 999.999 9.999 99.99 9.999999 999.999 9.999 999.999 9.999 999.999 9.999 9.999 9.999999 9.999 9.999999
end_time of measurement, days from the file reference point
iron, ng/m3, Revision date=20181210133000
numflag iron, no unit, Revision date=20181210133000
lead, ng/m3, Revision date=20181210133000
numflag lead, no unit, Revision date=20181210133000
magnesium, ug/m3, Revision date=20181210133000
numflag magnesium, no unit, Revision date=20181210133000
nickel, ng/m3, Revision date=20181210133000
numflag nickel, no unit, Revision date=20181210133000
nitrate, ug N/m3, Revision date=20181210133000
numflag nitrate, no unit, Revision date=20181210133000
organic_carbon, ug C/m3, Revision date=20181210133000
numflag organic_carbon, no unit, Revision date=20181210133000
organic_mass, ug/m3, Revision date=20181210133000
numflag organic_mass, no unit, Revision date=20181210133000
phosphorus, ng/m3, Revision date=20181210133000
numflag phosphorus, no unit, Revision date=20181210133000
pm10_mass, ug/m3, Version=2, Version description=Data extracted from http://views.cira.colostate.edu/fed/DataWizard 2019-12-16, Sample duration=1d, Orig. time res.=3d, Matrix=pm10, Blank correction=Blank corrected, Volume std. temperature=ambient, Volume std. pressure=ambient
numflag pm10_mass, no unit, Version=2, Version description=Data extracted from http://views.cira.colostate.edu/fed/DataWizard 2019-12-16, Sample duration=1d, Orig. time res.=3d, Matrix=pm10, Blank correction=Blank corrected, Volume std. temperature=ambient, Volume std. pressure=ambient
pm10_pm25_mass, ug/m3, Revision date=20181210133000, Matrix=pm10_pm25
numflag pm10_pm25_mass, no unit, Revision date=20181210133000, Matrix=pm10_pm25
pm25_mass, ug/m3, Version=2, Version description=Data extracted from http://views.cira.colostate.edu/fed/DataWizard 2019-12-16, Sample duration=1d, Orig. time res.=3d, Blank correction=Blank corrected, Volume std. temperature=ambient, Volume std. pressure=ambient
numflag pm25_mass, no unit, Version=2, Version description=Data extracted from http://views.cira.colostate.edu/fed/DataWizard 2019-12-16, Sample duration=1d, Orig. time res.=3d, Blank correction=Blank corrected, Volume std. temperature=ambient, Volume std. pressure=ambient
potassium, ug/m3, Revision date=20181210133000
numflag potassium, no unit, Revision date=20181210133000
sulphate_total, ug S/m3, Revision date=20181210133000
numflag sulphate_total, no unit, Revision date=20181210133000
0
25
Data definition:              EBAS_1.1
Set type code:                TU
Timezone:                     UTC
File name:                    US9044R.20020102080000.20191216000000.filterpack..pm25.52w.1w.US03L_filterpack_US9044.US03L_IMPROVE_Davis.lev2.nas
File creation:                20191218120821
Startdate:                    20020102080000
Revision date:                20191216000000
Statistics:                   arithmetic mean
Data level:                   2
Period code:                  52w
Resolution code:              1w
Station code:                 US9044R
Platform code:                US9044S
Station name:                 Trinity
Station latitude:             40.7864
Station longitude:            -122.8046
Station altitude:             1014.0 m
Regime:                       IMG
Component:                    
Matrix:                       pm25
Laboratory code:              US03L
Instrument type:              filterpack
Instrument name:              filterpack_US9044
Method ref:                   US03L_IMPROVE_Davis
starttime endtime Fe flag_Fe Pb flag_Pb Mg++ flag_Mg++ Ni flag_Ni NO3- flag_NO3- OC flag_OC OM flag_OM P flag_P PM10 flag_PM10 PM10-PM2.5 flag_PM10-PM2.5 PM2.5 flag_PM2.5 K+ flag_K+ SO4-- flag_SO4--
[from data line 76]
229.333333 230.333333 9999.99 0.699000 99.99 0.699 9.999 0.699000 99.99 0.699000 0.052 0.000000  16.423 0.000  22.992 0.000 99.99 0.699000  31.508 0.000 999.999 0.999 999.999 0.699 9.999 0.699000 0.233 0.000000
232.333333 233.333333 9999.99 0.699000 99.99 0.699 9.999 0.699000 99.99 0.699000 0.047 0.000000  18.546 0.000  25.964 0.000 99.99 0.699000  33.366 0.559 999.999 0.999 999.999 0.699 9.999 0.699000 0.207 0.000000
235.333333 236.333333   89.85 0.699000  0.60 0.699 9.999 0.699259  0.41 0.699000 9.999 0.999000   7.888 0.000  11.043 0.000 99.99 0.699259  19.460 0.000   1.832 0.000  17.628 0.699 0.105 0.699000 9.999 0.999000
238.333333 239.333333 9999.99 0.999000 99.99 0.999 9.999 0.999000 99.99 0.999000 9.999 0.999000 999.999 0.999 999.999 0.999 99.99 0.999000 999.999 0.999 999.999 0.999 999.999 0.999 9.999 0.999000 9.999 0.999000
241.333333 242.333333 9999.99 0.999000 99.99 0.999 9.999 0.999000 99.99 0.999000 9.999 0.999000 999.999 0.999 999.999 0.999 99.99 0.999000 999.999 0.999 999.999 0.999 999.999 0.999 9.999 0.999000 9.999 0.999000
244.333333 245.333333 9999.99 0.999000 99.99 0.999 9.999 0.999000 99.99 0.999000 9.999 0.999000 999.999 0.999 999.999 0.999 99.99 0.999000  13.016 0.000 999.999 0.999 999.999 0.999 9.999 0.999000 9.999 0.999000
247.333333 248.333333   54.51 0.000000  0.27 0.000 9.999 0.259000  0.53 0.000000 9.999 0.999000   0.583 0.000   0.816 0.000  8.86 0.000000   6.099 0.000   3.219 0.000   2.880 0.000 0.026 0.000000 9.999 0.999000
250.333333 251.333333   46.27 0.000000  0.45 0.000 0.018 0.000000  0.43 0.000000 9.999 0.999000   1.368 0.000   1.915 0.000 99.99 0.259000   5.414 0.000   1.552 0.000   3.862 0.000 0.035 0.000000 9.999 0.999000
253.333333 254.333333   63.54 0.000000  1.06 0.000 0.041 0.000000  0.23 0.000000 9.999 0.999000   1.993 0.000   2.790 0.000 99.99 0.259000   7.055 0.000   2.222 0.000   4.832 0.000 0.038 0.000000 9.999 0.999000
256.333333 257.333333   89.43 0.699000  1.27 0.699 9.999 0.699259  0.18 0.699000 9.999 0.999000   1.835 0.000   2.569 0.000 99.99 0.699259   9.810 0.000   4.102 0.000   5.708 0.699 0.066 0.699000 9.999 0.999000
259.333333 260.333333   51.73 0.000000  0.46 0.000 9.999 0.259000  0.46 0.000000 9.999 0.999000   0.567 0.000   0.794 0.000 99.99 0.259000   7.090 0.000   5.346 0.000   1.744 0.000 0.016 0.000000 9.999 0.999000
262.333333 263.333333   55.62 0.000000  0.34 0.000 9.999 0.259000 99.99 0.259000 0.010 0.559000   0.840 0.000   1.176 0.000 99.99 0.259000   5.409 0.000   3.213 0.000   2.196 0.000 0.019 0.000000 0.054 0.559000
265.333333 266.333333   82.76 0.000000  0.72 0.000 9.999 0.259000  0.30 0.000000 0.019 0.000000   2.223 0.000   3.112 0.000 99.99 0.259000  67.240 0.000  62.230 0.000   5.010 0.000 0.040 0.000000 0.084 0.000000
268.333333 269.333333  147.30 0.559000  0.89 0.559 0.046 0.559000  0.33 0.559000 0.020 0.559000   1.943 0.000   2.720 0.000 99.99 0.559259  13.268 0.000   7.170 0.000   6.098 0.559 0.060 0.559000 0.169 0.559000
271.333333 272.333333  108.09 0.559000  1.00 0.559 9.999 0.559259  0.28 0.559000 0.157 0.559000   3.143 0.000   4.400 0.000 99.99 0.559259  17.949 0.000   7.792 0.000  10.158 0.559 0.178 0.559000 0.437 0.559000
274.333333 275.333333   44.53 0.559000  0.20 0.559 9.999 0.559259  0.12 0.559000 0.021 0.559000   0.667 0.000   0.934 0.000 99.99 0.559259   4.494 0.000   2.035 0.000   2.459 0.559 0.023 0.559000 0.092 0.559000
277.333333 278.333333   43.62 0.000000  0.42 0.000 0.019 0.000000  0.11 0.000000 0.009 0.559000   0.761 0.000   1.066 0.000 99.99 0.259000   6.614 0.000   4.406 0.000   2.208 0.000 0.020 0.000000 0.110 0.559000
280.333333 281.333333   66.21 0.000000  0.34 0.000 9.999 0.259000  0.13 0.000000 0.007 0.559000   0.891 0.000   1.248 0.000 99.99 0.259000   7.487 0.000   5.454 0.000   2.034 0.000 0.017 0.000000 0.076 0.559000
283.333333 284.333333   54.83 0.000000  0.73 0.000 9.999 0.259000  0.15 0.000000 0.024 0.559000   1.016 0.000   1.423 0.000 99.99 0.259000   7.505 0.000   4.450 0.000   3.054 0.000 0.035 0.000000 0.140 0.559000
286.333333 287.333333   72.79 0.559000  0.74 0.559 0.021 0.559000  0.16 0.559000 0.023 0.559000   1.525 0.000   2.135 0.000 99.99 0.559259  10.288 0.000   6.128 0.000   4.160 0.559 0.038 0.559000 0.153 0.559000
289.333333 290.333333   83.57 0.559000  0.47 0.559 0.021 0.559000  0.20 0.559000 0.012 0.559000   1.249 0.000   1.748 0.000 99.99 0.559259   6.254 0.000   3.296 0.000   2.957 0.559 0.027 0.559000 0.050 0.559000
292.333333 293.333333   43.52 0.000000  0.79 0.000 0.019 0.000000  0.10 0.000000 0.031 0.559000   0.821 0.000   1.150 0.000 99.99 0.259000   4.813 0.000   2.177 0.000   2.636 0.000 0.031 0.000000 0.137 0.559000
295.333333 296.333333  101.62 0.559000  2.02 0.559 9.999 0.559259  0.20 0.559000 0.058 0.559000   1.881 0.000   2.634 0.000 99.99 0.559259   9.819 0.000   3.371 0.000   6.448 0.559 0.101 0.559000 0.401 0.559000
298.333333 299.333333   61.72 0.559000  1.01 0.559 9.999 0.559259  0.09 0.559000 0.021 0.559000   0.895 0.000   1.254 0.000 99.99 0.559259   6.538 0.000   2.965 0.000   3.573 0.559 0.041 0.559000 0.224 0.559000
301.333333 302.333333 9999.99 0.456000 99.99 0.456 9.999 0.456000 99.99 0.456000 9.999 0.456000 999.999 0.999 999.999 0.999 99.99 0.456000 999.999 0.456 999.999 0.999 999.999 0.456 9.999 0.456000 9.999 0.456000
304.333333 305.333333 9999.99 0.456000 99.99 0.456 9.999 0.456000 99.99 0.456000 9.999 0.456000 999.999 0.999 999.999 0.999 99.99 0.456000 999.999 0.456 999.999 0.999 999.999 0.456 9.999 0.456000 9.999 0.456000
307.333333 308.333333 9999.99 0.456000 99.99 0.456 9.999 0.456000 99.99 0.456000 9.999 0.456000 999.999 0.999 999.999 0.999 99.99 0.456000 999.999 0.456 999.999 0.999 999.999 0.456 9.999 0.456000 9.999 0.456000
310.333333 311.333333 9999.99 0.999000 99.99 0.999 9.999 0.999000 99.99 0.999000 9.999 0.999000 999.999 0.999 999.999 0.999 99.99 0.999000 999.999 0.999 999.999 0.999 999.999 0.999 9.999 0.999000 9.999 0.999000
313.333333 314.333333 9999.99 0.999000 99.99 0.999 9.999 0.999000 99.99 0.999000 9.999 0.999000 999.999 0.999 999.999 0.999 99.99 0.999000 999.999 0.999 999.999 0.999 999.999 0.999 9.999 0.999000 9.999 0.999000
316.333333 317.333333 9999.99 0.999000 99.99 0.999 9.999 0.999000 99.99 0.999000 0.041 0.559000   3.995 0.000   5.593 0.000 99.99 0.999000   6.797 0.000 999.999 0.999 999.999 0.999 9.999 0.999000 0.060 0.559000
319.333333 320.333333 9999.99 0.999000 99.99 0.999 9.999 0.999000 99.99 0.999000 0.303 0.559000   3.436 0.000   4.810 0.000 99.99 0.999000   7.353 0.000 999.999 0.999 999.999 0.999 9.999 0.999000 0.213 0.559000
322.333333 323.333333 9999.99 0.699000 99.99 0.699 9.999 0.699000 99.99 0.699000 0.020 0.559000   3.980 0.000   5.571 0.000 99.99 0.699000   6.980 0.000 999.999 0.999 999.999 0.699 9.999 0.699000 0.051 0.559000
325.333333 326.333333 9999.99 0.699000 99.99 0.699 9.999 0.699000 99.99 0.699000 0.042 0.000000   8.266 0.000  11.572 0.000 99.99 0.699000  12.646 0.000 999.999 0.999 999.999 0.699 9.999 0.699000 0.100 0.000000
328.333333 329.333333   39.65 0.000000  0.29 0.000 0.028 0.000000  0.27 0.000000 0.005 0.559000   0.467 0.000   0.654 0.000 99.99 0.259000   1.691 0.000 999.999 0.259   1.774 0.000 0.015 0.000000 0.058 0.559000
331.333333 332.333333    8.22 0.000000  0.33 0.000 9.999 0.259000 99.99 0.259000 0.003 0.559000   0.934 0.000   1.308 0.000 99.99 0.259000   1.937 0.000   0.105 0.000   1.833 0.000 0.010 0.000000 0.023 0.559000
334.333333 335.333333   15.43 0.559000  0.91 0.559 9.999 0.559259 99.99 0.559259 0.172 0.559000   3.340 0.000   4.675 0.000 99.99 0.559259   6.944 0.000   0.201 0.000   6.743 0.559 0.048 0.559000 0.132 0.559000
337.333333 338.333333   18.68 0.559000  0.92 0.559 9.999 0.559259  0.11 0.559000 0.241 0.559000   8.111 0.000  11.355 0.000 99.99 0.559259  13.401 0.000 999.999 0.259  15.027 0.559 0.074 0.559000 0.204 0.559000
340.333333 341.333333   14.23 0.559000  0.58 0.559 9.999 0.559259 99.99 0.559259 0.078 0.559000   6.304 0.000   8.826 0.000 99.99 0.559259  10.064 0.000 999.999 0.259  10.471 0.559 0.028 0.559000 0.083 0.559000
343.333333 344.333333    8.19 0.000000  0.52 0.000 9.999 0.259000  0.07 0.000000 0.037 0.559000   0.962 0.000   1.347 0.000 99.99 0.259000   3.417 0.000   0.941 0.000   2.476 0.000 0.027 0.000000 0.075 0.559000
346.333333 347.333333    1.62 0.394000  0.40 0.394 0.022 0.394000 99.99 0.394259 0.092 0.559394   0.363 0.000   0.508 0.000 99.99 0.394259   1.401 0.000   0.459 0.000   0.942 0.000 0.011 0.394000 0.029 0.559394
349.333333 350.333333    0.98 0.000000  0.08 0.000 9.999 0.259000 99.99 0.259000 0.002 0.559000 999.999 0.259 999.999 0.259 99.99 0.259000   0.731 0.000   0.303 0.000   0.428 0.000 0.005 0.000000 0.007 0.559000
352.333333 353.333333    4.29 0.000000  0.17 0.000 0.011 0.000000 99.99 0.259000 0.251 0.559000   0.509 0.000   0.713 0.000 99.99 0.259000   3.325 0.000   1.439 0.000   1.885 0.000 0.010 0.000000 0.096 0.559000
355.333333 356.333333    0.54 0.000000  0.29 0.000 0.016 0.000000 99.99 0.259000 0.011 0.559000   0.288 0.000   0.404 0.000 99.99 0.259000   1.256 0.000   0.636 0.000   0.620 0.000 0.006 0.000000 0.023 0.559000
358.333333 359.333333    1.64 0.000000  0.31 0.000 9.999 0.259000  0.03 0.000000 0.229 0.000000   0.664 0.000   0.930 0.000 99.99 0.259000   2.142 0.000   0.359 0.000   1.783 0.000 0.012 0.000000 0.053 0.000000
361.333333 362.333333    1.26 0.000000 99.99 0.259 0.029 0.000000 99.99 0.259000 0.046 0.559000   0.104 0.000   0.145 0.000 99.99 0.259000   0.515 0.000   0.238 0.000   0.277 0.000 0.006 0.000000 0.027 0.559000
364.333333 365.333333 9999.99 0.999000 99.99 0.999 9.999 0.999000 99.99 0.999000 9.999 0.999000 999.999 0.999 999.999 0.999 99.99 0.999000 999.999 0.999 999.999 0.999 999.999 0.999 9.999 0.999000 9.999 0.999000
