scripts/IMPROVE-2019_partial/data/US9023R.20040101050000.20191216000000.filterpack..pm25.52w.1w.US03L_filterpack_US9023.US03L_IMPROVE_Davis.lev2.nas
64 1001
MISSING INFORMATION
US03L, IMPROVE, , , , , , , 
MISSING INFORMATION
IMPROVE sel_HTAP
1 1
2004 01 01 2019 12 16
3.000000
days from file reference point
25
1 1 1 1 1 1 1 1 1 1 1 1 1 1 1 1 1 1 1 1 1 1 1 1 1
999.999999 999.99 9.999 99.99 9.999 9.999 9.999999 99.99 9.999 99.999 9.999 99.999 9.999 99.999 9.999 999.999 9.999 99.999 9.999 999.999 9.999 9.999 9.999 99.999 9.999
end_time of measurement, days from the file reference point
iron, ng/m3, Revision date=20181210133000
numflag iron, no unit, Revision date=20181210133000
lead, ng/m3, Revision date=20181210133000
numflag lead, no unit, Revision date=20181210133000
magnesium, ug/m3, Revision date=20181210133000
numflag magnesium, no unit, Revision date=20181210133000
nickel, ng/m3, Revision date=20181210133000
numflag nickel, no unit, Revision date=20181210133000
nitrate, ug N/m3, Revision date=20181210133000
numflag nitrate, no unit, Revision date=20181210133000
organic_carbon, ug C/m3, Revision date=20181210133000
numflag organic_carbon, no unit, Revision date=20181210133000
organic_mass, ug/m3, Revision date=20181210133000
numflag organic_mass, no unit, Revision date=20181210133000
pm10_mass, ug/m3, Version=2, Version description=Data extracted from http://views.cira.colostate.edu/fed/DataWizard 2019-12-16, Sample duration=1d, Orig. time res.=3d, Matrix=pm10, Blank correction=Blank corrected, Volume std. temperature=ambient, Volume std. pressure=ambient
numflag pm10_mass, no unit, Version=2, Version description=Data extracted from http://views.cira.colostate.edu/fed/DataWizard 2019-12-16, Sample duration=1d, Orig. time res.=3d, Matrix=pm10, Blank correction=Blank corrected, Volume std. temperature=ambient, Volume std. pressure=ambient
pm10_pm25_mass, ug/m3, Revision date=20181210133000, Matrix=pm10_pm25
numflag pm10_pm25_mass, no unit, Revision date=20181210133000, Matrix=pm10_pm25
pm25_mass, ug/m3, Version=2, Version description=Data extracted from http://views.cira.colostate.edu/fed/DataWizard 2019-12-16, Sample duration=1d, Orig. time res.=3d, Blank correction=Blank corrected, Volume std. temperature=ambient, Volume std. pressure=ambient
numflag pm25_mass, no unit, Version=2, Version description=Data extracted from http://views.cira.colostate.edu/fed/DataWizard 2019-12-16, Sample duration=1d, Orig. time res.=3d, Blank correction=Blank corrected, Volume std. temperature=ambient, Volume std. pressure=ambient
potassium, ug/m3, Revision date=20181210133000
numflag potassium, no unit, Revision date=20181210133000
sulphate_total, ug S/m3, Revision date=20181210133000
numflag sulphate_total, no unit, Revision date=20181210133000
0
25
Data definition:              EBAS_1.1
Set type code:                TU
Timezone:                     UTC
File name:                    US9023R.20040101050000.20191216000000.filterpack..pm25.52w.1w.US03L_filterpack_US9023.US03L_IMPROVE_Davis.lev2.nas
File creation:                20191218120637
Startdate:                    20040101050000
Revision date:                20191216000000
Statistics:                   arithmetic mean
Data level:                   2
Period code:                  52w
Resolution code:              1w
Station code:                 US9023R
Platform code:                US9023S
Station name:                 Proctor Maple R. F.
Station latitude:             44.5284
Station longitude:            -72.8688
Station altitude:             401.0 m
Regime:                       IMG
Component:                    
Matrix:                       pm25
Laboratory code:              US03L
Instrument type:              filterpack
Instrument name:              filterpack_US9023
Method ref:                   US03L_IMPROVE_Davis
starttime endtime Fe flag_Fe Pb flag_Pb Mg++ flag_Mg++ Ni flag_Ni NO3- flag_NO3- OC flag_OC OM flag_OM PM10 flag_PM10 PM10-PM2.5 flag_PM10-PM2.5 PM2.5 flag_PM2.5 K+ flag_K+ SO4-- flag_SO4--
  0.208333   1.208333   6.96 0.000  2.17 0.000 9.999 0.259000  0.22 0.000  0.083 0.000  0.598 0.000  0.837 0.000   3.619 0.000  0.630 0.000   2.989 0.000 0.019 0.000  0.331 0.000
  3.208333   4.208333   8.29 0.000  1.30 0.000 9.999 0.259000  0.40 0.000  0.121 0.000  0.865 0.000  1.211 0.000   4.685 0.000  0.958 0.000   3.728 0.000 0.021 0.000  0.402 0.000
  6.208333   7.208333  12.62 0.000  0.76 0.000 9.999 0.259000 99.99 0.259  0.129 0.000  0.485 0.000  0.679 0.000   5.020 0.000  2.605 0.000   2.415 0.000 0.019 0.000  0.201 0.000
  9.208333  10.208333   6.97 0.000  0.74 0.000 9.999 0.259000  0.24 0.000  0.094 0.000  0.851 0.000  1.192 0.000   4.404 0.000  1.830 0.000   2.574 0.000 0.025 0.000  0.157 0.000
 12.208333  13.208333 999.99 0.456 99.99 0.456 9.999 0.456000 99.99 0.456  0.340 0.000  1.214 0.000  1.699 0.000   8.880 0.000 99.999 0.999 999.999 0.456 9.999 0.456  0.525 0.000
 15.208333  16.208333   3.86 0.000  0.91 0.000 0.054 0.000000 99.99 0.259  0.054 0.000  0.822 0.000  1.151 0.000   4.573 0.000  2.007 0.000   2.566 0.000 0.025 0.000  0.129 0.000
 18.208333  19.208333   4.12 0.000  1.44 0.000 0.056 0.000000  0.07 0.000  0.084 0.000  0.652 0.000  0.913 0.000   3.514 0.000  1.169 0.000   2.345 0.000 0.027 0.000  0.183 0.000
 21.208333  22.208333  18.82 0.000  1.68 0.000 9.999 0.259000  0.52 0.000  0.158 0.000  0.981 0.000  1.373 0.000   5.982 0.000  1.585 0.000   4.397 0.000 0.027 0.000  0.508 0.000
 24.208333  25.208333   4.98 0.000  1.81 0.000 9.999 0.259000  0.24 0.000  0.041 0.000  0.846 0.000  1.185 0.000   3.469 0.000  1.178 0.000   2.291 0.000 0.022 0.000  0.185 0.000
 27.208333  28.208333  25.47 0.000  2.37 0.000 9.999 0.259000  1.25 0.000  0.677 0.000  3.265 0.000  4.571 0.000  15.794 0.000  3.780 0.000  12.014 0.000 0.106 0.000  0.553 0.000
 30.208333  31.208333   6.99 0.000  2.28 0.000 0.032 0.000000  0.21 0.000  0.081 0.559  0.572 0.000  0.801 0.000   3.938 0.000  1.052 0.000   2.886 0.000 0.025 0.000  0.328 0.559
 33.208333  34.208333   8.34 0.000  1.81 0.000 9.999 0.259000  0.70 0.000  0.068 0.000  0.967 0.000  1.354 0.000   4.685 0.000  1.123 0.000   3.563 0.000 0.025 0.000  0.415 0.000
 36.208333  37.208333   2.98 0.000  0.92 0.000 0.046 0.000000  0.30 0.000  0.040 0.000  0.546 0.000  0.764 0.000   2.483 0.000  0.762 0.000   1.721 0.000 0.016 0.000  0.208 0.000
 39.208333  40.208333  13.52 0.000  1.67 0.000 9.999 0.259000  0.40 0.000  0.110 0.000  0.881 0.000  1.233 0.000   5.863 0.000  1.455 0.000   4.408 0.000 0.024 0.000  0.635 0.000
 42.208333  43.208333  10.65 0.000  1.96 0.000 9.999 0.259000  0.60 0.000  0.192 0.000  0.813 0.000  1.138 0.000   6.066 0.000  2.443 0.000   3.623 0.000 0.028 0.000  0.405 0.000
 45.208333  46.208333   5.02 0.000  1.25 0.000 9.999 0.259000  0.27 0.000  0.041 0.000  0.725 0.000  1.015 0.000   3.260 0.000  1.397 0.000   1.864 0.000 0.015 0.000  0.192 0.000
 48.208333  49.208333  27.71 0.000  2.76 0.000 9.999 0.259000  2.82 0.000  0.380 0.000  1.908 0.000  2.671 0.000  14.604 0.000  6.259 0.000   8.345 0.000 0.045 0.000  0.706 0.000
 51.208333  52.208333   9.51 0.000  1.76 0.000 9.999 0.259000  0.74 0.000  0.080 0.000  1.068 0.000  1.495 0.000   6.612 0.000  0.748 0.000   5.864 0.000 0.021 0.000  0.876 0.000
 54.208333  55.208333  18.73 0.000  3.89 0.000 0.035 0.000000  0.62 0.000  0.227 0.000  1.353 0.000  1.894 0.000   7.530 0.000  2.139 0.000   5.391 0.000 0.034 0.000  0.448 0.000
 57.208333  58.208333  21.28 0.000  3.14 0.000 9.999 0.259000  1.04 0.000  0.256 0.000  0.878 0.000  1.230 0.000   7.534 0.000  3.106 0.000   4.428 0.000 0.025 0.000  0.279 0.000
 60.208333  61.208333  48.46 0.000  6.13 0.000 0.072 0.000000  0.59 0.000  1.122 0.000  2.900 0.000  4.060 0.000  21.377 0.000  3.572 0.000  17.805 0.000 0.059 0.000  1.769 0.000
 63.208333  64.208333  11.70 0.000  2.56 0.000 9.999 0.259000  0.34 0.000  0.129 0.000  1.336 0.000  1.871 0.000  10.751 0.000  1.633 0.000   9.118 0.000 0.029 0.000  1.595 0.000
 66.208333  67.208333   5.19 0.000  2.48 0.000 9.999 0.259000  0.09 0.000  0.026 0.000  0.590 0.000  0.825 0.000   3.867 0.000  0.774 0.000   3.093 0.000 0.018 0.000  0.440 0.000
 69.208333  70.208333   9.80 0.000  1.42 0.000 0.109 0.000000  0.31 0.000  0.072 0.000  1.027 0.000  1.438 0.000   6.401 0.000  1.410 0.000   4.990 0.000 0.032 0.000  0.738 0.000
 72.208333  73.208333   6.01 0.000  1.76 0.000 0.057 0.000000 99.99 0.259  0.115 0.000  0.376 0.000  0.526 0.000   4.225 0.000  1.327 0.000   2.899 0.000 0.024 0.000  0.340 0.000
 75.208333  76.208333  16.85 0.000  1.36 0.000 9.999 0.259000  0.21 0.000  0.070 0.000  0.636 0.000  0.891 0.000   4.685 0.000  2.077 0.000   2.608 0.000 0.026 0.000  0.270 0.000
 78.208333  79.208333  26.64 0.000  3.05 0.000 0.051 0.000000  0.93 0.000  0.562 0.000  2.118 0.000  2.965 0.000  12.963 0.000  3.047 0.000   9.916 0.000 0.059 0.000  1.065 0.000
 81.208333  82.208333  11.39 0.000  1.64 0.000 9.999 0.259000 99.99 0.259  0.047 0.000  0.499 0.000  0.699 0.000   3.974 0.000  1.306 0.000   2.669 0.000 0.019 0.000  0.324 0.000
 84.208333  85.208333  43.00 0.000  4.54 0.000 9.999 0.259000  0.99 0.000  0.646 0.000  2.308 0.000  3.231 0.000  16.924 0.000  4.050 0.000  12.875 0.000 0.066 0.000  1.325 0.000
 87.208333  88.208333   8.85 0.000  1.73 0.000 9.999 0.259000  0.16 0.000  0.082 0.000  1.303 0.000  1.824 0.000   4.712 0.000  1.391 0.000   3.321 0.000 0.051 0.000  0.246 0.000
 90.208333  91.208333  13.82 0.000  1.43 0.000 9.999 0.259000  0.43 0.000 99.999 0.899  0.606 0.000  0.849 0.000   6.614 0.000  2.075 0.000   4.538 0.000 0.024 0.000 99.999 0.899
 93.208333  94.208333   1.37 0.000  1.83 0.000 9.999 0.259000  0.12 0.000  0.029 0.000  0.751 0.000  1.051 0.000   2.439 0.000  0.450 0.000   1.989 0.000 0.015 0.000  0.177 0.000
 96.208333  97.208333  10.11 0.000  1.13 0.000 9.999 0.259000 99.99 0.259  0.032 0.000  0.277 0.000  0.388 0.000   2.744 0.000  1.283 0.000   1.462 0.000 0.014 0.000  0.141 0.000
 99.208333 100.208333  16.29 0.000  3.33 0.000 9.999 0.259000  0.18 0.000  0.102 0.000  0.753 0.000  1.055 0.000   4.948 0.000  1.400 0.000   3.549 0.000 0.025 0.000  0.442 0.000
102.208333 103.208333   9.82 0.000  1.11 0.000 0.035 0.000000 99.99 0.259  0.074 0.000  0.779 0.000  1.090 0.000   4.491 0.000  1.291 0.000   3.200 0.000 0.023 0.000  0.310 0.000
105.208333 106.208333  20.75 0.000  1.54 0.000 9.999 0.259000  0.33 0.000  0.078 0.000  0.648 0.000  0.907 0.000   5.156 0.000  1.548 0.000   3.609 0.000 0.030 0.000  0.447 0.000
108.208333 109.208333  31.04 0.000  3.75 0.000 9.999 0.259000  0.30 0.000  0.301 0.000  1.831 0.000  2.563 0.000   9.273 0.000  1.722 0.000   7.551 0.000 0.043 0.000  0.895 0.000
111.208333 112.208333  24.19 0.000  1.59 0.000 9.999 0.259000  0.48 0.000  0.066 0.000  0.683 0.000  0.956 0.000   7.360 0.000  3.340 0.000   4.021 0.000 0.022 0.000  0.508 0.000
114.208333 115.208333  17.24 0.000  2.01 0.000 9.999 0.259000 99.99 0.259  0.069 0.000  0.535 0.000  0.749 0.000   4.630 0.000  1.797 0.000   2.833 0.000 0.022 0.000  0.377 0.000
117.208333 118.208333  15.44 0.000  1.28 0.000 9.999 0.259000 99.99 0.259  0.086 0.000  0.607 0.000  0.850 0.000   5.374 0.000  1.471 0.000   3.902 0.000 0.018 0.000  0.569 0.000
120.208333 121.208333  63.85 0.000  3.62 0.000 9.999 0.259000  0.29 0.000  0.042 0.000  2.330 0.000  3.262 0.000  18.784 0.000  6.222 0.000  12.562 0.000 0.059 0.000  1.682 0.000
123.208333 124.208333   1.80 0.000 99.99 0.259 9.999 0.259000  0.09 0.000  0.042 0.000  0.394 0.000  0.551 0.000   2.178 0.000  1.051 0.000   1.127 0.000 0.006 0.000  0.130 0.000
126.208333 127.208333  26.70 0.000  2.53 0.000 9.999 0.259000  0.25 0.000  0.050 0.000  1.045 0.000  1.463 0.000  11.670 0.000  1.837 0.000   9.833 0.000 0.030 0.000  1.703 0.000
129.208333 130.208333  35.72 0.000  3.20 0.000 9.999 0.259000  0.75 0.000  0.129 0.000  1.651 0.000  2.312 0.000  11.136 0.000  4.861 0.000   6.274 0.000 0.038 0.000  0.613 0.000
132.208333 133.208333  31.48 0.000  1.88 0.000 9.999 0.259000  0.27 0.000  0.025 0.000 99.999 0.999 99.999 0.999 999.999 0.999 99.999 0.999   6.396 0.000 0.030 0.000  0.457 0.000
135.208333 136.208333  45.31 0.000  8.08 0.000 9.999 0.259000  1.63 0.000  0.080 0.000 99.999 0.999 99.999 0.999 999.999 0.999 99.999 0.999  17.376 0.000 0.041 0.000  2.894 0.000
138.208333 139.208333  34.10 0.000  2.69 0.000 9.999 0.259000  1.43 0.000  0.047 0.000 99.999 0.999 99.999 0.999 999.999 0.999 99.999 0.999  16.501 0.000 0.030 0.000  3.000 0.000
141.208333 142.208333 999.99 0.999 99.99 0.999 9.999 0.999000 99.99 0.999 99.999 0.999 99.999 0.999 99.999 0.999 999.999 0.999 99.999 0.999 999.999 0.999 9.999 0.999 99.999 0.999
144.208333 145.208333 999.99 0.999 99.99 0.999 9.999 0.999000 99.99 0.999 99.999 0.999 99.999 0.999 99.999 0.999 999.999 0.999 99.999 0.999 999.999 0.999 9.999 0.999 99.999 0.999
147.208333 148.208333  17.24 0.000  1.72 0.000 9.999 0.259000  0.41 0.000  0.031 0.000 99.999 0.999 99.999 0.999 999.999 0.999 99.999 0.999   6.609 0.000 0.020 0.000  0.970 0.000
150.208333 151.208333  11.89 0.000  1.31 0.000 9.999 0.259000  0.10 0.000  0.013 0.000 99.999 0.999 99.999 0.999 999.999 0.999 99.999 0.999   2.032 0.000 0.017 0.000  0.158 0.000
153.208333 154.208333 999.99 0.999 99.99 0.999 9.999 0.999000 99.99 0.999 99.999 0.999 99.999 0.999 99.999 0.999 999.999 0.999 99.999 0.999 999.999 0.999 9.999 0.999 99.999 0.999
156.208333 157.208333  22.36 0.000  1.10 0.000 9.999 0.259000  0.29 0.000  0.019 0.000  0.808 0.000  1.131 0.000   5.958 0.000  2.654 0.000   3.304 0.000 0.021 0.000  0.243 0.000
159.208333 160.208333  57.64 0.000  4.17 0.000 9.999 0.259000  0.38 0.000  0.022 0.000  2.159 0.000  3.022 0.000  31.766 0.000  5.011 0.000  26.754 0.000 0.049 0.000  5.055 0.000
162.208333 163.208333  27.07 0.000  1.34 0.000 9.999 0.259000 99.99 0.259  0.033 0.000  0.502 0.000  0.703 0.000   5.663 0.000  3.675 0.000   1.989 0.000 0.021 0.000  0.149 0.000
165.208333 166.208333  27.28 0.000  1.95 0.000 9.999 0.259000  0.60 0.000  0.034 0.000  1.672 0.000  2.341 0.000  14.828 0.000  3.575 0.000  11.254 0.000 0.030 0.000  1.656 0.000
168.208333 169.208333  16.37 0.000  1.61 0.000 9.999 0.259000  0.33 0.000  0.015 0.000  1.510 0.000  2.113 0.000   8.203 0.000  3.296 0.000   4.907 0.000 0.022 0.000  0.297 0.000
171.208333 172.208333   7.76 0.000  1.39 0.000 0.059 0.000000  0.16 0.000  0.008 0.000  0.526 0.000  0.736 0.000   3.493 0.000  1.596 0.000   1.897 0.000 0.012 0.000  0.158 0.000
174.208333 175.208333  14.09 0.000  1.73 0.000 9.999 0.259000  0.24 0.000  0.050 0.000  1.356 0.000  1.898 0.000   9.040 0.000  2.220 0.000   6.820 0.000 0.021 0.000  0.868 0.000
177.208333 178.208333   6.06 0.000  1.19 0.000 9.999 0.259000  0.13 0.000  0.015 0.000  0.683 0.000  0.956 0.000   3.636 0.000  1.515 0.000   2.120 0.000 0.011 0.000  0.192 0.000
180.208333 181.208333  11.95 0.000  1.35 0.000 0.118 0.000000  0.39 0.000  0.021 0.000  0.922 0.000  1.290 0.000   5.855 0.000  1.508 0.000   4.347 0.000 0.020 0.000  0.446 0.000
183.208333 184.208333  14.36 0.000  1.51 0.000 9.999 0.259000  0.21 0.000  0.023 0.000  1.714 0.000  2.399 0.000  10.784 0.000  2.561 0.000   8.224 0.000 0.035 0.000  1.049 0.000
186.208333 187.208333  21.86 0.000  3.43 0.000 0.072 0.000000  0.54 0.000  0.042 0.000  1.499 0.000  2.098 0.000  14.338 0.000  1.503 0.000  12.835 0.000 0.219 0.000  2.018 0.000
189.208333 190.208333  15.48 0.000  1.39 0.000 9.999 0.259000  0.90 0.000  0.015 0.000  1.252 0.000  1.753 0.000   9.862 0.000  1.992 0.000   7.870 0.000 0.025 0.000  1.135 0.000
192.208333 193.208333   4.40 0.000  0.97 0.000 9.999 0.259000 99.99 0.259  0.015 0.000  1.917 0.000  2.684 0.000   6.369 0.000  1.933 0.000   4.436 0.000 0.031 0.000  0.154 0.000
195.208333 196.208333   2.11 0.000  0.42 0.000 9.999 0.259000  0.24 0.000  0.007 0.000  0.673 0.000  0.943 0.000   2.976 0.000  0.992 0.000   1.984 0.000 0.016 0.000  0.134 0.000
198.208333 199.208333   5.69 0.000  1.14 0.000 9.999 0.259000 99.99 0.259  0.017 0.000  1.689 0.000  2.365 0.000   7.557 0.000  2.783 0.000   4.774 0.000 0.026 0.000  0.327 0.000
201.208333 202.208333  11.20 0.394  1.34 0.394 9.999 0.394259  0.39 0.394  0.017 0.394  4.398 0.000  6.157 0.000  16.893 0.000  2.412 0.000  14.481 0.000 0.069 0.394  1.311 0.394
204.208333 205.208333  40.66 0.000  3.12 0.000 0.072 0.000000  3.18 0.000  0.053 0.000  3.513 0.000  4.919 0.000  30.288 0.000 99.999 0.259  30.446 0.000 0.062 0.000  4.916 0.000
207.208333 208.208333   8.54 0.000  1.83 0.000 9.999 0.259000  0.32 0.000  0.013 0.000  2.407 0.000  3.370 0.000   8.374 0.000  2.358 0.000   6.016 0.000 0.035 0.000  0.231 0.000
210.208333 211.208333  10.42 0.000  1.82 0.000 0.024 0.000000  0.54 0.000  0.035 0.000  1.273 0.000  1.782 0.000   7.680 0.000  1.184 0.000   6.495 0.000 0.021 0.000  0.718 0.000
213.208333 214.208333  13.26 0.000  1.94 0.000 9.999 0.259000  0.11 0.000  0.015 0.000  1.282 0.000  1.794 0.000  14.502 0.000  3.157 0.000  11.345 0.000 0.031 0.000  1.821 0.000
216.208333 217.208333  10.72 0.000  2.06 0.000 9.999 0.259000  0.16 0.000  0.031 0.000  1.918 0.000  2.685 0.000   8.864 0.000  2.702 0.000   6.163 0.000 0.026 0.000  0.416 0.000
219.208333 220.208333  15.47 0.000  1.71 0.000 9.999 0.259000  0.31 0.000  0.071 0.000  1.545 0.000  2.162 0.000   6.291 0.000  1.771 0.000   4.520 0.000 0.025 0.000  0.508 0.000
222.208333 223.208333  24.15 0.000  2.11 0.000 9.999 0.259000 99.99 0.259  0.014 0.000  2.146 0.000  3.004 0.000  20.079 0.000  1.642 0.000  18.437 0.000 0.032 0.000  2.910 0.000
225.208333 226.208333   5.14 0.000  1.07 0.000 0.040 0.000000  0.31 0.000  0.018 0.000  0.771 0.000  1.079 0.000   5.637 0.000  0.908 0.000   4.729 0.000 0.013 0.000  0.646 0.000
228.208333 229.208333   5.61 0.000  1.71 0.000 9.999 0.259000 99.99 0.259  0.011 0.000  1.261 0.000  1.765 0.000   7.972 0.000  2.070 0.000   5.901 0.000 0.019 0.000  0.740 0.000
231.208333 232.208333  41.67 0.000  2.52 0.000 9.999 0.259000  0.83 0.000  0.029 0.000  2.448 0.000  3.427 0.000  31.312 0.000  0.562 0.000  30.750 0.000 0.044 0.000  5.545 0.000
234.208333 235.208333   7.20 0.000  2.04 0.000 9.999 0.259000  0.21 0.000  0.015 0.000  0.766 0.000  1.073 0.000   5.671 0.000  2.694 0.000   2.976 0.000 0.031 0.000  0.196 0.000
237.208333 238.208333  19.95 0.000  1.59 0.000 9.999 0.259000  0.86 0.000  0.016 0.000  1.389 0.000  1.944 0.000  11.973 0.000  2.892 0.000   9.081 0.000 0.025 0.000  1.403 0.000
240.208333 241.208333  26.63 0.000  1.73 0.000 9.999 0.259000  0.38 0.000  0.022 0.000  1.863 0.000  2.607 0.000  19.716 0.000  2.444 0.000  17.272 0.000 0.036 0.000  3.103 0.000
243.208333 244.208333   4.55 0.000  1.20 0.000 9.999 0.259000  0.24 0.000  0.018 0.000  0.629 0.000  0.880 0.000   4.513 0.000  1.637 0.000   2.877 0.000 0.010 0.000  0.352 0.000
246.208333 247.208333  16.03 0.000  1.79 0.000 9.999 0.259000  0.51 0.000  0.020 0.000  1.499 0.000  2.099 0.000   9.040 0.000  3.118 0.000   5.922 0.000 0.027 0.000  0.527 0.000
249.208333 250.208333   9.39 0.000  1.56 0.000 0.103 0.000000  0.31 0.000  0.035 0.000  1.270 0.000  1.778 0.000   9.559 0.000  2.854 0.000   6.705 0.000 0.020 0.000  0.906 0.000
252.208333 253.208333   5.62 0.000  0.45 0.000 0.148 0.000000  0.18 0.000  0.018 0.000  0.347 0.000  0.486 0.000   3.350 0.000  1.215 0.000   2.134 0.000 0.011 0.000  0.245 0.000
255.208333 256.208333  11.36 0.000  2.59 0.000 0.160 0.000000  0.52 0.000  0.014 0.000  1.395 0.000  1.952 0.000   9.780 0.000  2.925 0.000   6.855 0.000 0.026 0.000  0.802 0.000
258.208333 259.208333  27.74 0.000  2.32 0.000 0.243 0.000000  1.04 0.000  0.033 0.000  1.347 0.000  1.886 0.000  17.710 0.000  2.834 0.000  14.877 0.000 0.024 0.000  2.589 0.000
261.208333 262.208333  13.89 0.000  1.39 0.000 0.168 0.000000  0.27 0.000  0.043 0.000  0.755 0.000  1.057 0.000   5.260 0.000  2.786 0.000   2.474 0.000 0.018 0.000  0.221 0.000
264.208333 265.208333  15.89 0.000  1.81 0.000 9.999 0.259000  0.45 0.000  0.022 0.000  1.367 0.000  1.914 0.000   7.802 0.000  2.983 0.000   4.819 0.000 0.030 0.000  0.342 0.000
