scripts/IMPROVE-2019_partial/data/US9039R.20120101070000.20191216000000.filterpack...52w.3d.US03L_filterpack_US9039.US03L_IMPROVE_Davis.lev2.nas
51 1001
MISSING INFORMATION
US03L, IMPROVE, , , , , , , 
MISSING INFORMATION
IMPROVE sel_HTAP
1 1
2012 01 01 2019 12 16
3.000000
days from file reference point
4
1 1 1 1
999.999999 9999.999 999.999 9.999
end_time of measurement, days from the file reference point
pm10_mass, ug/m3, Matrix=pm10
pm25_mass, ug/m3, Matrix=pm25
numflag, no unit
0
33
Data definition:              EBAS_1.1
Set type code:                TU
Timezone:                     UTC
File name:                    US9039R.20120101070000.20191216000000.filterpack...52w.3d.US03L_filterpack_US9039.US03L_IMPROVE_Davis.lev2.nas
File creation:                20191218120802
Startdate:                    20120101070000
Revision date:                20191216000000
Version:                      2
Version description:          "Data extracted from http://views.cira.colostate.edu/fed/DataWizard 2019-12-16"
Statistics:                   arithmetic mean
Data level:                   2
Period code:                  52w
Resolution code:              3d
Sample duration:              1d
Orig. time res.:              3d
Station code:                 US9039R
Platform code:                US9039S
Station name:                 Saguaro West
Station latitude:             32.2486
Station longitude:            -111.2178
Station altitude:             714.0 m
Regime:                       IMG
Component:                    
Unit:                         ug/m3
Matrix:                       
Laboratory code:              US03L
Instrument type:              filterpack
Instrument name:              filterpack_US9039
Method ref:                   US03L_IMPROVE_Davis
Blank correction:             Blank corrected
Volume std. temperature:      ambient
Volume std. pressure:         ambient
starttime endtime PM10 PM2.5 flag
  0.291667   1.291667   14.300  10.756 0.000
  3.291667   4.291667   18.976  13.327 0.000
  6.291667   7.291667   12.370   8.585 0.000
  9.291667  10.291667   14.111   9.238 0.000
 12.291667  13.291667   15.676   6.100 0.000
 15.291667  16.291667    2.272   1.921 0.000
 18.291667  19.291667    6.979   5.507 0.000
 21.291667  22.291667   50.987  16.283 0.000
 24.291667  25.291667    8.957   6.973 0.000
 27.291667  28.291667   13.775   8.233 0.000
 30.291667  31.291667    9.635   6.912 0.000
 33.291667  34.291667    7.954   5.046 0.000
 36.291667  37.291667   17.359   7.047 0.000
 39.291667  40.291667   12.550   8.938 0.000
 42.291667  43.291667   10.539   5.249 0.000
 45.291667  46.291667    4.582   5.311 0.000
 48.291667  49.291667    4.525   5.755 0.000
 51.291667  52.291667   12.583   6.239 0.000
 54.291667  55.291667   12.079   5.022 0.000
 57.291667  58.291667   33.445   7.085 0.000
 60.291667  61.291667    7.746   4.271 0.000
 63.291667  64.291667   12.246   4.331 0.000
 66.291667  67.291667   44.988  10.858 0.000
 69.291667  70.291667   15.633  10.730 0.000
 72.291667  73.291667   14.499   5.502 0.000
 75.291667  76.291667   14.683   5.208 0.000
 78.291667  79.291667    6.227   2.979 0.000
 81.291667  82.291667    7.486   3.356 0.000
 84.291667  85.291667   13.267   4.427 0.000
 87.291667  88.291667   24.739  10.230 0.000
 90.291667  91.291667   16.067   6.572 0.000
 93.291667  94.291667   11.084   4.547 0.000
 96.291667  97.291667   24.277  10.180 0.000
 99.291667 100.291667   20.406   8.121 0.000
102.291667 103.291667   11.905   4.606 0.000
105.291667 106.291667   21.489   6.408 0.000
108.291667 109.291667   16.475   7.102 0.000
111.291667 112.291667   14.419   6.484 0.000
114.291667 115.291667   11.604   4.594 0.000
117.291667 118.291667   13.599   6.537 0.000
120.291667 121.291667   16.442   8.904 0.000
123.291667 124.291667   11.889   7.151 0.000
126.291667 127.291667   15.504  11.681 0.000
129.291667 130.291667   68.469  17.097 0.000
132.291667 133.291667   17.203   8.224 0.000
135.291667 136.291667   12.940   7.969 0.000
138.291667 139.291667   23.942   9.728 0.000
141.291667 142.291667   26.341   9.525 0.000
144.291667 145.291667   61.997  19.946 0.000
147.291667 148.291667   11.988   5.957 0.000
150.291667 151.291667   22.265   7.579 0.000
153.291667 154.291667   18.459  10.113 0.000
156.291667 157.291667   10.949   5.763 0.000
159.291667 160.291667   15.477  10.090 0.000
162.291667 163.291667   13.486   7.076 0.000
165.291667 166.291667   16.956   9.099 0.000
168.291667 169.291667   12.495   6.799 0.000
171.291667 172.291667   26.019   7.103 0.000
174.291667 175.291667   19.533   6.932 0.000
177.291667 178.291667   31.166   9.698 0.000
180.291667 181.291667   22.932   8.856 0.000
183.291667 184.291667  100.040  18.437 0.000
186.291667 187.291667   13.496   7.173 0.000
189.291667 190.291667    8.656   4.585 0.000
192.291667 193.291667   30.314   6.546 0.000
195.291667 196.291667   13.622   4.593 0.000
198.291667 199.291667   14.343   7.726 0.000
201.291667 202.291667   16.913   6.573 0.000
204.291667 205.291667    9.576   4.973 0.000
207.291667 208.291667   13.425   6.027 0.000
210.291667 211.291667    6.845   3.583 0.000
213.291667 214.291667   10.043   5.004 0.000
216.291667 217.291667   26.387   7.806 0.000
219.291667 220.291667   17.938   6.238 0.000
222.291667 223.291667   20.419   7.224 0.000
225.291667 226.291667   27.500   8.152 0.000
228.291667 229.291667   10.916   5.087 0.000
231.291667 232.291667    7.825   3.779 0.000
234.291667 235.291667   13.402   6.304 0.000
237.291667 238.291667    8.447   4.724 0.000
240.291667 241.291667   12.392   5.856 0.000
243.291667 244.291667   13.454   5.547 0.000
246.291667 247.291667   19.165   6.170 0.000
249.291667 250.291667   11.286   5.156 0.000
252.291667 253.291667   18.368   7.006 0.000
255.291667 256.291667    8.072   4.865 0.000
258.291667 259.291667    9.060   5.724 0.000
261.291667 262.291667   16.178   6.432 0.000
264.291667 265.291667   19.461   8.057 0.000
267.291667 268.291667   16.110   6.730 0.000
270.291667 271.291667   14.608   6.316 0.000
273.291667 274.291667   15.043   5.831 0.000
276.291667 277.291667   18.342   7.697 0.000
279.291667 280.291667   12.233   5.062 0.000
282.291667 283.291667   16.902   6.709 0.000
285.291667 286.291667   12.774   4.352 0.000
288.291667 289.291667    9.979   4.356 0.000
291.291667 292.291667   18.735   5.606 0.000
294.291667 295.291667   14.722   3.390 0.000
297.291667 298.291667   19.396   5.678 0.000
300.291667 301.291667   23.663   6.328 0.000
303.291667 304.291667   26.315   8.562 0.000
306.291667 307.291667   20.848   7.458 0.000
309.291667 310.291667   25.396   8.606 0.000
312.291667 313.291667   13.979   4.200 0.000
315.291667 316.291667    9.578   3.614 0.000
318.291667 319.291667   17.679   5.100 0.000
321.291667 322.291667   20.040   5.262 0.000
324.291667 325.291667   14.478   3.778 0.000
327.291667 328.291667   22.784   6.545 0.000
330.291667 331.291667   20.416   6.231 0.000
333.291667 334.291667   21.793   6.451 0.000
336.291667 337.291667   17.495   4.828 0.000
339.291667 340.291667   22.041   6.324 0.000
342.291667 343.291667   13.554   4.062 0.000
345.291667 346.291667   27.318   5.617 0.000
348.291667 349.291667    2.035   1.898 0.000
351.291667 352.291667    4.136   4.765 0.000
354.291667 355.291667    5.380   3.478 0.000
357.291667 358.291667    9.180   4.949 0.000
360.291667 361.291667    6.143   2.497 0.000
363.291667 364.291667    8.153   3.798 0.000
