scripts/IMPROVE-2019_partial/data/US9033R.19950104060000.20191216000000.filterpack...1y.3d.US03L_filterpack_US9033.US03L_IMPROVE_Davis.lev2.nas
51 1001
MISSING INFORMATION
US03L, IMPROVE, , , , , , , 
MISSING INFORMATION
IMPROVE sel_HTAP
1 1
1995 01 01 2019 12 16
0
days from file reference point
4
1 1 1 1
999.99 999.999 999.999 9.999
end_time of measurement, days from the file reference point
pm10_mass, ug/m3, Matrix=pm10
pm25_mass, ug/m3, Matrix=pm25
numflag, no unit
0
33
Data definition:              EBAS_1.1
Set type code:                TI
Timezone:                     UTC
File name:                    US9033R.19950104060000.20191216000000.filterpack...1y.3d.US03L_filterpack_US9033.US03L_IMPROVE_Davis.lev2.nas
File creation:                20191218120726
Startdate:                    19950104060000
Revision date:                20191216000000
Version:                      2
Version description:          "Data extracted from http://views.cira.colostate.edu/fed/DataWizard 2019-12-16"
Statistics:                   arithmetic mean
Data level:                   2
Period code:                  1y
Resolution code:              3d
Sample duration:              1d
Orig. time res.:              3d
Station code:                 US9033R
Platform code:                US9033S
Station name:                 Sipsy Wilderness
Station latitude:             34.3433
Station longitude:            -87.3388
Station altitude:             286.0 m
Regime:                       IMG
Component:                    
Unit:                         ug/m3
Matrix:                       
Laboratory code:              US03L
Instrument type:              filterpack
Instrument name:              filterpack_US9033
Method ref:                   US03L_IMPROVE_Davis
Blank correction:             Blank corrected
Volume std. temperature:      ambient
Volume std. pressure:         ambient
starttime endtime PM10 PM2.5 flag
  3.25   4.25  16.516  11.077 0.000
  6.25   7.25   8.879   6.814 0.000
 10.25  11.25  16.463  11.303 0.000
 13.25  14.25  10.763   6.056 0.000
 17.25  18.25  22.500  13.419 0.000
 20.25  21.25   9.268   5.663 0.000
 24.25  25.25   7.837   5.590 0.000
 27.25  28.25  19.636   6.834 0.000
 31.25  32.25 999.999 999.999 0.999
 34.25  35.25 999.999 999.999 0.999
 38.25  39.25 999.999 999.999 0.999
 41.25  42.25 999.999 999.999 0.999
 45.25  46.25 999.999 999.999 0.999
 48.25  49.25 999.999 999.999 0.999
 52.25  53.25 999.999 999.999 0.999
 55.25  56.25 999.999 999.999 0.999
 59.25  60.25  26.008  17.943 0.000
 62.25  63.25  17.402  13.920 0.000
 66.25  67.25  13.673  13.602 0.000
 69.25  70.25  25.664 999.999 0.000
 73.25  74.25  16.819  11.799 0.000
 76.25  77.25  18.304  10.125 0.000
 80.25  81.25  22.727  14.110 0.000
 83.25  84.25  23.106  15.013 0.000
 87.25  88.25  17.912   9.561 0.000
 90.25  91.25  15.794  10.579 0.000
 94.25  95.25  17.490   6.475 0.000
 97.25  98.25  22.222  13.857 0.000
101.25 102.25   8.975   4.043 0.000
104.25 105.25  17.381  12.129 0.000
108.25 109.25  21.280  15.109 0.000
111.25 112.25  22.421  13.009 0.000
115.25 116.25  28.064  21.129 0.000
118.25 119.25  11.980   8.843 0.000
122.25 123.25   6.018   4.937 0.000
125.25 126.25  21.635  19.215 0.000
129.25 130.25  21.587  14.604 0.000
132.25 133.25  26.679  20.803 0.000
136.25 137.25  24.602  17.376 0.000
139.25 140.25  14.012   9.514 0.000
143.25 144.25 999.999 999.999 0.999
146.25 147.25  21.386  16.534 0.000
150.25 151.25 999.999 999.999 0.999
153.25 154.25  13.889   8.380 0.000
157.25 158.25  20.947  11.817 0.000
160.25 161.25  25.512  14.210 0.000
164.25 165.25  18.150  12.220 0.000
167.25 168.25  30.743  21.400 0.000
171.25 172.25  35.981  30.616 0.000
174.25 175.25  29.183  24.635 0.000
178.25 179.25 999.999 999.999 0.999
181.25 182.25  30.579  23.337 0.000
185.25 186.25 999.999 999.999 0.999
188.25 189.25  14.912  12.395 0.000
192.25 193.25 999.999 999.999 0.999
195.25 196.25  46.531  28.653 0.000
199.25 200.25 999.999 999.999 0.999
202.25 203.25  15.489   9.142 0.000
206.25 207.25  14.792  10.909 0.000
209.25 210.25  15.938   8.443 0.000
213.25 214.25  22.229  12.973 0.000
216.25 217.25  21.825   8.865 0.000
220.25 221.25 999.999 999.999 0.999
223.25 224.25  28.205  19.758 0.000
227.25 228.25 999.999 999.999 0.999
230.25 231.25  37.873  33.147 0.000
234.25 235.25  28.128  21.738 0.000
237.25 238.25  20.451  16.602 0.000
241.25 242.25 999.999 999.999 0.999
244.25 245.25  15.799  10.988 0.000
248.25 249.25 999.999 999.999 0.999
251.25 252.25  39.855  30.247 0.000
255.25 256.25 999.999 999.999 0.999
258.25 259.25  21.520  17.767 0.000
262.25 263.25  26.854  23.228 0.000
265.25 266.25  11.879   7.842 0.000
269.25 270.25  16.400  11.308 0.000
272.25 273.25  25.540  18.580 0.000
276.25 277.25   5.586   3.801 0.000
279.25 280.25   7.775   4.119 0.000
283.25 284.25   9.039   6.736 0.000
286.25 287.25  11.017   7.513 0.000
290.25 291.25  18.345  11.449 0.000
293.25 294.25  10.397   3.503 0.000
297.25 298.25 999.999 999.999 0.999
300.25 301.25 999.999 999.999 0.999
304.25 305.25  18.843  14.215 0.000
307.25 308.25   7.338   4.434 0.000
311.25 312.25 999.999 999.999 0.999
314.25 315.25   5.311   3.622 0.000
318.25 319.25 999.999 999.999 0.999
321.25 322.25  18.450  14.266 0.000
325.25 326.25 999.999 999.999 0.999
328.25 329.25   9.219   7.195 0.000
332.25 333.25  13.566  10.152 0.000
335.25 336.25  17.953  13.543 0.000
339.25 340.25  14.441   6.313 0.000
342.25 343.25   7.655   5.479 0.000
346.25 347.25 999.999 999.999 0.999
349.25 350.25 999.999 999.999 0.999
353.25 354.25 999.999 999.999 0.999
356.25 357.25  14.336   9.121 0.000
360.25 361.25  11.755   8.027 0.000
363.25 364.25  22.005  15.841 0.000
