scripts/IMPROVE-2019_partial/data/US9077R.20060102080000.20191216000000.filterpack..pm25.52w.1w.US03L_filterpack_US9077.US03L_IMPROVE_Davis.lev2.nas
64 1001
MISSING INFORMATION
US03L, IMPROVE, , , , , , , 
MISSING INFORMATION
IMPROVE sel_HTAP
1 1
2006 01 01 2019 12 16
3.000000
days from file reference point
25
1 1 1 1 1 1 1 1 1 1 1 1 1 1 1 1 1 1 1 1 1 1 1 1 1
999.999999 999.99 9.999 99.99 9.999 9.999 9.999999 99.99 9.999999 9.999 9.999 99.999 9.999 999.999 9.999 999.999 9.999 99.999 9.999 99.999 9.999 9.999 9.999 9.999 9.999
end_time of measurement, days from the file reference point
iron, ng/m3, Revision date=20181210133000
numflag iron, no unit, Revision date=20181210133000
lead, ng/m3, Revision date=20181210133000
numflag lead, no unit, Revision date=20181210133000
magnesium, ug/m3, Revision date=20181210133000
numflag magnesium, no unit, Revision date=20181210133000
nickel, ng/m3, Revision date=20181210133000
numflag nickel, no unit, Revision date=20181210133000
nitrate, ug N/m3, Revision date=20181210133000
numflag nitrate, no unit, Revision date=20181210133000
organic_carbon, ug C/m3, Revision date=20181210133000
numflag organic_carbon, no unit, Revision date=20181210133000
organic_mass, ug/m3, Revision date=20181210133000
numflag organic_mass, no unit, Revision date=20181210133000
pm10_mass, ug/m3, Version=2, Version description=Data extracted from http://views.cira.colostate.edu/fed/DataWizard 2019-12-16, Sample duration=1d, Orig. time res.=3d, Matrix=pm10, Blank correction=Blank corrected, Volume std. temperature=ambient, Volume std. pressure=ambient
numflag pm10_mass, no unit, Version=2, Version description=Data extracted from http://views.cira.colostate.edu/fed/DataWizard 2019-12-16, Sample duration=1d, Orig. time res.=3d, Matrix=pm10, Blank correction=Blank corrected, Volume std. temperature=ambient, Volume std. pressure=ambient
pm10_pm25_mass, ug/m3, Revision date=20181210133000, Matrix=pm10_pm25
numflag pm10_pm25_mass, no unit, Revision date=20181210133000, Matrix=pm10_pm25
pm25_mass, ug/m3, Version=2, Version description=Data extracted from http://views.cira.colostate.edu/fed/DataWizard 2019-12-16, Sample duration=1d, Orig. time res.=3d, Blank correction=Blank corrected, Volume std. temperature=ambient, Volume std. pressure=ambient
numflag pm25_mass, no unit, Version=2, Version description=Data extracted from http://views.cira.colostate.edu/fed/DataWizard 2019-12-16, Sample duration=1d, Orig. time res.=3d, Blank correction=Blank corrected, Volume std. temperature=ambient, Volume std. pressure=ambient
potassium, ug/m3, Revision date=20181210133000
numflag potassium, no unit, Revision date=20181210133000
sulphate_total, ug S/m3, Revision date=20181210133000
numflag sulphate_total, no unit, Revision date=20181210133000
0
25
Data definition:              EBAS_1.1
Set type code:                TU
Timezone:                     UTC
File name:                    US9077R.20060102080000.20191216000000.filterpack..pm25.52w.1w.US03L_filterpack_US9077.US03L_IMPROVE_Davis.lev2.nas
File creation:                20191218121049
Startdate:                    20060102080000
Revision date:                20191216000000
Statistics:                   arithmetic mean
Data level:                   2
Period code:                  52w
Resolution code:              1w
Station code:                 US9077R
Platform code:                US9077S
Station name:                 Snoqualmie Pass
Station latitude:             47.422
Station longitude:            -121.4259
Station altitude:             1049.0 m
Regime:                       IMG
Component:                    
Matrix:                       pm25
Laboratory code:              US03L
Instrument type:              filterpack
Instrument name:              filterpack_US9077
Method ref:                   US03L_IMPROVE_Davis
starttime endtime Fe flag_Fe Pb flag_Pb Mg++ flag_Mg++ Ni flag_Ni NO3- flag_NO3- OC flag_OC OM flag_OM PM10 flag_PM10 PM10-PM2.5 flag_PM10-PM2.5 PM2.5 flag_PM2.5 K+ flag_K+ SO4-- flag_SO4--
  1.333333   2.333333   1.91 0.000  0.09 0.000 9.999 0.259000 99.99 0.259000 0.022 0.000  0.100 0.000   0.139 0.000   0.338 0.000 99.999 0.259  0.439 0.000 0.003 0.000 0.016 0.000
  4.333333   5.333333   3.35 0.000  0.25 0.000 9.999 0.259000 99.99 0.259000 0.021 0.000  0.229 0.000   0.320 0.000   0.803 0.000 99.999 0.259  0.953 0.000 0.005 0.000 0.020 0.000
  7.333333   8.333333   1.82 0.000  0.16 0.000 9.999 0.259000 99.99 0.259000 0.012 0.000  0.105 0.000   0.146 0.000   0.421 0.000  0.273 0.000  0.208 0.000 0.002 0.000 0.017 0.000
 10.333333  11.333333   1.90 0.000  0.17 0.000 0.007 0.000000 99.99 0.259000 0.003 0.000  0.057 0.000   0.080 0.000   0.338 0.000  0.059 0.000  0.275 0.000 0.002 0.000 0.013 0.000
 13.333333  14.333333   1.79 0.000  0.15 0.000 9.999 0.259000 99.99 0.259000 0.004 0.000  0.042 0.000   0.058 0.000   0.253 0.000  0.058 0.000  0.183 0.000 0.001 0.000 0.010 0.000
 16.333333  17.333333   2.57 0.000  0.13 0.000 0.049 0.000000 99.99 0.259000 0.026 0.000  0.075 0.000   0.105 0.000   4.086 0.000  2.354 0.000  1.732 0.000 0.014 0.000 0.078 0.000
 19.333333  20.333333   2.19 0.000  0.21 0.000 9.999 0.259000  0.06 0.000000 0.009 0.000  0.025 0.000   0.035 0.000   0.211 0.000 99.999 0.259  0.787 0.000 0.001 0.000 0.017 0.000
 22.333333  23.333333   5.46 0.000  0.12 0.000 9.999 0.259000 99.99 0.259000 0.009 0.000  0.110 0.000   0.153 0.000   0.211 0.000  0.062 0.000  0.179 0.000 0.001 0.000 0.009 0.000
 25.333333  26.333333   2.67 0.000  0.46 0.000 0.003 0.000000 99.99 0.259000 0.040 0.000  0.250 0.000   0.350 0.000   0.970 0.000  0.379 0.000  0.591 0.000 0.004 0.000 0.034 0.000
 28.333333  29.333333   1.94 0.000  0.19 0.000 0.016 0.000000 99.99 0.259000 0.013 0.000  0.145 0.000   0.204 0.000   1.495 0.000  0.555 0.000  0.939 0.000 0.004 0.000 0.040 0.000
 31.333333  32.333333   2.20 0.000 99.99 0.259 0.086 0.000000 99.99 0.259000 0.019 0.000  0.071 0.000   0.100 0.000   2.564 0.000  0.865 0.000  1.699 0.000 0.013 0.000 0.056 0.000
 34.333333  35.333333   2.65 0.000  0.11 0.000 9.999 0.259000 99.99 0.259000 0.012 0.000  0.086 0.000   0.120 0.000   1.487 0.000  0.753 0.000  0.734 0.000 0.006 0.000 0.045 0.000
 37.333333  38.333333  15.45 0.000  0.64 0.000 9.999 0.259000 99.99 0.259000 0.374 0.000  0.919 0.000   1.287 0.000 999.999 0.456 99.999 0.999  2.913 0.000 0.020 0.000 0.096 0.000
 40.333333  41.333333  11.91 0.000  0.43 0.000 0.003 0.000000  0.21 0.000000 0.017 0.000  0.422 0.000   0.591 0.000   3.845 0.000  2.808 0.000  1.037 0.000 0.010 0.000 0.077 0.000
 43.333333  44.333333   4.00 0.000  0.65 0.000 9.999 0.259000  0.17 0.000000 0.033 0.000  0.622 0.000   0.871 0.000   2.258 0.000  0.098 0.000  2.160 0.000 0.011 0.000 0.100 0.000
 46.333333  47.333333   8.22 0.000  0.53 0.000 9.999 0.259000 99.99 0.259000 0.018 0.000  0.403 0.000   0.564 0.000   2.581 0.000  1.257 0.000  1.325 0.000 0.013 0.000 0.140 0.000
 49.333333  50.333333   9.40 0.000  0.64 0.000 9.999 0.259000 99.99 0.259000 0.033 0.000  0.517 0.000   0.724 0.000   2.615 0.000  1.466 0.000  1.149 0.000 0.011 0.000 0.079 0.000
 52.333333  53.333333   2.26 0.000 99.99 0.259 0.006 0.000000 99.99 0.259000 0.005 0.000  0.115 0.000   0.161 0.000   0.382 0.000 99.999 0.259  0.453 0.000 0.001 0.000 0.022 0.000
 55.333333  56.333333  13.85 0.000  0.80 0.000 9.999 0.259000 99.99 0.259000 0.080 0.000  0.735 0.000   1.029 0.000   3.605 0.000  1.980 0.000  1.624 0.000 0.016 0.000 0.118 0.000
 58.333333  59.333333   7.76 0.000  0.90 0.000 0.004 0.000000 99.99 0.259000 0.015 0.000  0.668 0.000   0.935 0.000   2.179 0.000  0.820 0.000  1.359 0.000 0.011 0.000 0.184 0.000
 61.333333  62.333333   7.76 0.394  0.38 0.394 9.999 0.394259 99.99 0.394259 0.062 0.394  0.400 0.394   0.560 0.394   2.067 0.000  0.383 0.394  1.684 0.000 0.006 0.394 0.062 0.394
 64.333333  65.333333   5.91 0.000  0.29 0.000 9.999 0.259000 99.99 0.259000 0.074 0.000  0.230 0.000   0.321 0.000   1.108 0.000  0.349 0.000  0.759 0.000 0.004 0.000 0.052 0.000
 67.333333  68.333333   7.97 0.000  1.08 0.000 9.999 0.259000 99.99 0.259000 0.015 0.000  0.079 0.000   0.111 0.000   2.856 0.000  1.267 0.000  1.589 0.000 0.015 0.000 0.292 0.000
 70.333333  71.333333  15.61 0.000  1.22 0.000 9.999 0.259000  0.10 0.000000 0.055 0.000  0.588 0.000   0.823 0.000   4.228 0.000  1.714 0.000  2.514 0.000 0.019 0.000 0.335 0.000
 73.333333  74.333333  17.72 0.000 99.99 0.259 9.999 0.259000 99.99 0.259000 0.055 0.000  0.234 0.000   0.327 0.000   2.266 0.000  1.198 0.000  1.068 0.000 0.010 0.000 0.070 0.000
 76.333333  77.333333   7.04 0.000  0.51 0.000 9.999 0.259000  0.12 0.000000 0.031 0.000  0.197 0.000   0.276 0.000   1.802 0.000  0.711 0.000  1.092 0.000 0.007 0.000 0.153 0.000
 79.333333  80.333333   9.34 0.000  0.44 0.000 9.999 0.259000 99.99 0.259000 0.039 0.000  0.610 0.000   0.854 0.000   3.518 0.000  1.646 0.000  1.871 0.000 0.010 0.000 0.249 0.000
 82.333333  83.333333  19.26 0.000  0.49 0.000 9.999 0.259000  0.09 0.000000 0.052 0.000  0.278 0.000   0.389 0.000   2.730 0.000  1.324 0.000  1.406 0.000 0.015 0.000 0.094 0.000
 85.333333  86.333333  14.38 0.000  0.60 0.000 9.999 0.259000 99.99 0.259000 0.031 0.000  0.230 0.000   0.323 0.000   2.332 0.000  1.206 0.000  1.126 0.000 0.011 0.000 0.103 0.000
 88.333333  89.333333  12.55 0.000  0.80 0.000 0.005 0.000000  0.08 0.000000 0.057 0.000  0.316 0.000   0.442 0.000   3.461 0.000  1.921 0.000  1.540 0.000 0.014 0.000 0.216 0.000
 91.333333  92.333333  22.38 0.000  0.40 0.000 9.999 0.259000 99.99 0.259000 0.036 0.000  0.380 0.000   0.532 0.000   2.573 0.000  1.359 0.000  1.214 0.000 0.018 0.000 0.150 0.000
 94.333333  95.333333  12.42 0.000  0.57 0.000 9.999 0.259000 99.99 0.259000 0.046 0.000  0.692 0.000   0.968 0.000   2.852 0.000  0.947 0.000  1.905 0.000 0.013 0.000 0.175 0.000
 97.333333  98.333333  12.41 0.000  0.71 0.000 9.999 0.259000  0.11 0.000000 0.036 0.000  0.442 0.000   0.618 0.000   2.587 0.000  1.107 0.000  1.480 0.000 0.013 0.000 0.155 0.000
100.333333 101.333333  11.96 0.000  0.48 0.000 9.999 0.259000  0.09 0.000000 0.046 0.000  0.584 0.000   0.818 0.000   2.707 0.000  0.918 0.000  1.789 0.000 0.010 0.000 0.167 0.000
103.333333 104.333333   3.68 0.000 99.99 0.259 9.999 0.259000 99.99 0.259000 0.006 0.000  0.007 0.000   0.010 0.000   0.382 0.000  0.056 0.000  0.218 0.000 0.004 0.000 0.029 0.000
106.333333 107.333333   4.17 0.000  0.21 0.000 0.005 0.000000  0.10 0.000000 0.024 0.000  0.090 0.000   0.126 0.000   1.066 0.000  0.562 0.000  0.504 0.000 0.005 0.000 0.068 0.000
109.333333 110.333333  43.22 0.000  1.06 0.000 9.999 0.259000  0.18 0.000000 0.099 0.000  1.147 0.000   1.606 0.000   7.212 0.000  4.207 0.000  3.006 0.000 0.026 0.000 0.126 0.000
112.333333 113.333333  54.07 0.000  0.48 0.000 0.022 0.000000 99.99 0.259000 0.014 0.000  0.586 0.000   0.820 0.000   4.806 0.000  2.785 0.000  2.021 0.000 0.033 0.000 0.131 0.000
115.333333 116.333333  55.48 0.000  0.96 0.000 0.021 0.000000  0.32 0.000000 0.126 0.559  0.950 0.000   1.330 0.000   8.918 0.000  5.008 0.000  3.911 0.000 0.035 0.000 0.281 0.559
118.333333 119.333333  33.57 0.000  1.31 0.000 0.012 0.000000  0.43 0.000000 0.089 0.559  1.287 0.000   1.801 0.000   6.491 0.000  3.040 0.000  3.451 0.000 0.028 0.000 0.208 0.559
121.333333 122.333333  17.22 0.000  0.59 0.000 0.007 0.000000  0.12 0.000000 0.094 0.559  0.620 0.000   0.868 0.000   2.953 0.000  0.869 0.000  2.085 0.000 0.019 0.000 0.158 0.559
124.333333 125.333333  79.57 0.000  1.59 0.000 9.999 0.259000  0.13 0.000000 0.044 0.559  0.920 0.000   1.289 0.000  11.050 0.000  6.233 0.000  4.817 0.000 0.049 0.000 0.408 0.559
127.333333 128.333333  22.27 0.000  0.50 0.000 9.999 0.259000  0.16 0.000000 0.061 0.559  0.254 0.000   0.355 0.000   4.268 0.000  2.309 0.000  1.959 0.000 0.020 0.000 0.191 0.559
130.333333 131.333333  47.27 0.000  1.30 0.000 9.999 0.259000  0.28 0.000000 0.084 0.000  1.214 0.000   1.699 0.000   9.031 0.000  4.729 0.000  4.302 0.000 0.034 0.000 0.373 0.000
133.333333 134.333333  37.92 0.000  1.58 0.000 0.006 0.000000  0.14 0.000000 0.042 0.559  1.612 0.000   2.257 0.000   9.439 0.000  4.438 0.000  5.001 0.000 0.037 0.000 0.367 0.559
136.333333 137.333333  79.38 0.699  2.34 0.699 0.014 0.699000  0.72 0.699000 0.169 0.559  3.514 0.000   4.920 0.000  18.364 0.000  8.436 0.699  9.927 0.000 0.058 0.699 0.578 0.559
139.333333 140.333333   9.91 0.000  0.70 0.000 9.999 0.259000  0.10 0.000000 0.042 0.000  0.641 0.000   0.898 0.000   3.123 0.000  1.078 0.000  2.045 0.000 0.013 0.000 0.157 0.000
142.333333 143.333333   8.09 0.000  0.50 0.000 9.999 0.259000 99.99 0.259000 0.011 0.000  0.446 0.000   0.625 0.000   2.245 0.000  0.587 0.000  1.658 0.000 0.014 0.000 0.151 0.000
145.333333 146.333333   1.88 0.000 99.99 0.259 0.016 0.000000 99.99 0.259000 0.012 0.000  0.128 0.000   0.179 0.000   0.464 0.000  0.052 0.000  0.412 0.000 0.001 0.000 0.023 0.000
148.333333 149.333333   3.34 0.000  0.28 0.000 9.999 0.259000 99.99 0.259000 0.004 0.559  0.311 0.000   0.435 0.000   1.059 0.000  0.456 0.000  0.603 0.000 0.004 0.000 0.038 0.559
151.333333 152.333333  23.32 0.000  0.97 0.000 9.999 0.259000  0.25 0.000000 0.031 0.000  0.837 0.000   1.171 0.000   3.790 0.000  1.183 0.000  2.607 0.000 0.014 0.000 0.119 0.000
154.333333 155.333333   4.69 0.000  0.31 0.000 0.006 0.000000 99.99 0.259000 0.021 0.000  0.493 0.000   0.690 0.000   1.138 0.000  0.094 0.000  1.044 0.000 0.007 0.000 0.069 0.000
157.333333 158.333333  18.40 0.000  0.87 0.000 0.007 0.000000  0.54 0.000000 0.079 0.000  1.043 0.000   1.460 0.000   5.510 0.000  2.004 0.000  3.506 0.000 0.017 0.000 0.355 0.000
160.333333 161.333333   8.03 0.000  0.77 0.000 9.999 0.259000  0.32 0.000000 0.074 0.000  0.743 0.000   1.040 0.000   3.389 0.000  0.915 0.000  2.474 0.000 0.012 0.000 0.267 0.000
163.333333 164.333333   4.17 0.000  0.29 0.000 9.999 0.259000 99.99 0.259000 0.020 0.000  0.231 0.000   0.323 0.000   0.585 0.000  0.047 0.000  0.538 0.000 0.005 0.000 0.054 0.000
166.333333 167.333333   6.39 0.000  0.34 0.000 9.999 0.259000  0.16 0.000000 0.019 0.000  0.263 0.000   0.368 0.000   1.822 0.000  0.856 0.000  0.966 0.000 0.008 0.000 0.082 0.000
169.333333 170.333333  10.13 0.000  0.42 0.000 0.010 0.000000  0.34 0.000000 0.044 0.559  0.382 0.000   0.535 0.000   4.013 0.000  1.616 0.000  2.397 0.000 0.011 0.000 0.342 0.559
172.333333 173.333333  28.41 0.000  0.76 0.000 0.014 0.000000  0.34 0.000000 0.062 0.559  0.764 0.000   1.069 0.000   5.784 0.000  1.657 0.000  4.127 0.000 0.023 0.000 0.415 0.559
175.333333 176.333333  43.67 0.000  1.14 0.000 0.012 0.000000  0.29 0.000000 0.019 0.559  2.306 0.000   3.228 0.000  10.128 0.000  3.312 0.000  6.816 0.000 0.032 0.000 0.340 0.559
178.333333 179.333333  39.88 0.000  1.08 0.000 0.064 0.000000  0.32 0.000000 0.255 0.559  1.298 0.000   1.818 0.000   9.613 0.000  3.958 0.000  5.655 0.000 0.044 0.000 0.219 0.559
181.333333 182.333333  49.48 0.000  1.89 0.000 0.013 0.000000  1.12 0.000000 0.107 0.559  2.153 0.000   3.876 0.000  10.697 0.000  3.835 0.000  6.862 0.000 0.041 0.000 0.369 0.559
184.333333 185.333333  36.94 0.000  2.81 0.000 0.016 0.000000  0.86 0.000000 0.183 0.559  2.941 0.000   5.293 0.000  12.514 0.000  2.642 0.000  9.872 0.000 0.137 0.000 0.757 0.559
187.333333 188.333333  19.63 0.000  0.97 0.000 0.005 0.000000  0.22 0.000000 0.034 0.559  0.772 0.000   1.390 0.000   3.897 0.000  1.388 0.000  2.509 0.000 0.014 0.000 0.191 0.559
190.333333 191.333333  11.62 0.000  0.61 0.000 9.999 0.259000  0.19 0.000000 0.053 0.000  0.357 0.000   0.642 0.000   2.422 0.000  0.933 0.000  1.488 0.000 0.008 0.000 0.134 0.000
193.333333 194.333333   5.80 0.000  0.28 0.000 0.007 0.000000  0.06 0.000000 0.030 0.559  0.972 0.000   1.750 0.000   1.447 0.000  0.277 0.000  1.170 0.000 0.005 0.000 0.088 0.559
196.333333 197.333333  12.98 0.000  1.07 0.000 9.999 0.259000  0.38 0.000000 0.046 0.559  0.373 0.000   0.671 0.000   5.084 0.000  1.805 0.000  3.279 0.000 0.011 0.000 0.230 0.559
199.333333 200.333333  31.24 0.000  0.97 0.000 9.999 0.259000  0.43 0.000000 0.089 0.000  0.966 0.000   1.738 0.000   8.694 0.000  3.516 0.000  5.178 0.000 0.019 0.000 0.429 0.000
202.333333 203.333333  53.60 0.000  1.15 0.000 9.999 0.259000  0.30 0.000000 0.021 0.559  3.354 0.000   6.037 0.000  12.753 0.000  4.165 0.000  8.588 0.000 0.026 0.000 0.238 0.559
205.333333 206.333333  40.02 0.000  0.83 0.000 0.011 0.000000  0.53 0.000000 0.143 0.000  1.547 0.000   2.784 0.000   9.197 0.000  3.857 0.000  5.340 0.000 0.023 0.000 0.291 0.000
208.333333 209.333333  18.73 0.000  0.71 0.000 0.019 0.000000  0.25 0.000000 0.154 0.000  0.494 0.000   0.889 0.000   6.256 0.000  2.735 0.000  3.521 0.000 0.021 0.000 0.309 0.000
211.333333 212.333333   5.72 0.000  0.56 0.000 9.999 0.259000  0.12 0.000000 0.020 0.559  0.140 0.000   0.251 0.000   1.865 0.000  0.604 0.000  1.261 0.000 0.004 0.000 0.099 0.559
214.333333 215.333333  23.17 0.000  0.65 0.000 9.999 0.259000  0.49 0.000000 0.071 0.000  1.065 0.000   1.918 0.000   6.918 0.000  2.441 0.000  4.477 0.000 0.015 0.000 0.341 0.000
217.333333 218.333333  27.75 0.000  0.98 0.000 9.999 0.259000  0.55 0.000000 0.035 0.559  1.525 0.000   2.745 0.000   8.437 0.000  2.760 0.000  5.677 0.000 0.020 0.000 0.299 0.559
220.333333 221.333333   5.41 0.000  0.58 0.000 9.999 0.259000  0.08 0.000000 0.036 0.000  0.294 0.000   0.530 0.000   0.847 0.000  0.232 0.000  0.616 0.000 0.003 0.000 0.068 0.000
223.333333 224.333333  15.36 0.000  0.77 0.000 9.999 0.259000  0.40 0.000000 0.079 0.000  0.763 0.000   1.373 0.000   4.881 0.000  1.473 0.000  3.409 0.000 0.013 0.000 0.366 0.000
226.333333 227.333333  26.00 0.000  1.02 0.000 0.017 0.000000  0.32 0.000000 0.134 0.000  0.630 0.000   1.133 0.000   6.463 0.000  2.990 0.000  3.473 0.000 0.022 0.000 0.295 0.000
229.333333 230.333333  47.75 0.000  0.78 0.000 0.013 0.000000  0.23 0.000000 0.077 0.000  3.517 0.000   6.331 0.000  13.355 0.000  3.804 0.000  9.551 0.000 0.039 0.000 0.325 0.000
232.333333 233.333333  67.86 0.000  2.14 0.000 0.012 0.000000  1.34 0.000000 0.093 0.000  2.522 0.000   4.539 0.000  13.303 0.000  5.358 0.000  7.945 0.000 0.037 0.000 0.424 0.000
235.333333 236.333333   9.00 0.000  0.43 0.000 9.999 0.259000  0.32 0.000000 0.036 0.000  0.320 0.000   0.575 0.000   2.264 0.000  0.794 0.000  1.470 0.000 0.005 0.000 0.176 0.000
238.333333 239.333333  25.65 0.000  0.95 0.000 9.999 0.259000  0.32 0.000000 0.017 0.000  1.196 0.000   2.152 0.000   4.862 0.000  1.616 0.000  3.246 0.000 0.013 0.000 0.143 0.000
241.333333 242.333333   8.78 0.000  0.32 0.000 9.999 0.259000  0.11 0.000000 0.043 0.000  0.254 0.000   0.456 0.000   1.944 0.000  0.764 0.000  1.181 0.000 0.007 0.000 0.101 0.000
244.333333 245.333333  73.00 0.699  0.55 0.699 0.006 0.699000 99.99 0.699259 0.017 0.000  2.493 0.000   4.487 0.000  14.052 0.000  7.450 0.699  6.602 0.000 0.069 0.699 0.072 0.000
247.333333 248.333333  34.24 0.000  0.81 0.000 9.999 0.259000  0.62 0.000000 0.034 0.000  1.877 0.000   3.378 0.000   8.736 0.000  2.302 0.000  6.434 0.000 0.028 0.000 0.280 0.000
250.333333 251.333333  70.55 0.000  1.86 0.000 0.010 0.000000  0.98 0.000000 0.227 0.000  1.693 0.000   3.048 0.000  10.440 0.000  3.727 0.000  6.713 0.000 0.033 0.000 0.406 0.000
253.333333 254.333333  20.26 0.000  0.96 0.000 0.005 0.000000  0.35 0.000000 0.041 0.000  1.641 0.000   2.953 0.000   6.743 0.000  1.794 0.000  4.949 0.000 0.015 0.000 0.207 0.000
256.333333 257.333333   6.36 0.000  0.11 0.000 9.999 0.259000 99.99 0.259000 0.028 0.000  0.172 0.000   0.310 0.000   1.659 0.000  0.383 0.000  1.276 0.000 0.005 0.000 0.095 0.000
259.333333 260.333333   8.73 0.000  0.21 0.000 9.999 0.259000  0.16 0.000000 0.055 0.000  0.492 0.000   0.885 0.000   3.805 0.000  1.350 0.000  2.455 0.000 0.010 0.000 0.160 0.000
262.333333 263.333333   2.89 0.000  0.26 0.000 0.009 0.000000 99.99 0.259000 0.013 0.000  0.109 0.000   0.196 0.000   1.614 0.000  0.313 0.000  1.301 0.000 0.003 0.000 0.110 0.000
