scripts/IMPROVE-2019_partial/data/US9066R.20070103050000.20191216000000.filterpack...1y.3d.US03L_filterpack_US9066.US03L_IMPROVE_Davis.lev2.nas
52 1001
MISSING INFORMATION
US03L, IMPROVE, , , , , , , 
MISSING INFORMATION
IMPROVE sel_HTAP
1 1
2007 01 01 2019 12 16
3.000000
days from file reference point
5
1 1 1 1 1
999.999999 999.999 9.999 999.999 9.999
end_time of measurement, days from the file reference point
pm10_mass, ug/m3, Matrix=pm10
numflag pm10_mass, no unit, Matrix=pm10
pm25_mass, ug/m3, Matrix=pm25
numflag pm25_mass, no unit, Matrix=pm25
0
33
Data definition:              EBAS_1.1
Set type code:                TU
Timezone:                     UTC
File name:                    US9066R.20070103050000.20191216000000.filterpack...1y.3d.US03L_filterpack_US9066.US03L_IMPROVE_Davis.lev2.nas
File creation:                20191218121001
Startdate:                    20070103050000
Revision date:                20191216000000
Version:                      2
Version description:          "Data extracted from http://views.cira.colostate.edu/fed/DataWizard 2019-12-16"
Statistics:                   arithmetic mean
Data level:                   2
Period code:                  1y
Resolution code:              3d
Sample duration:              1d
Orig. time res.:              3d
Station code:                 US9066R
Platform code:                US9066S
Station name:                 Swanquarter
Station latitude:             35.451
Station longitude:            -76.2075
Station altitude:             -3.0 m
Regime:                       IMG
Component:                    
Unit:                         ug/m3
Matrix:                       
Laboratory code:              US03L
Instrument type:              filterpack
Instrument name:              filterpack_US9066
Method ref:                   US03L_IMPROVE_Davis
Blank correction:             Blank corrected
Volume std. temperature:      ambient
Volume std. pressure:         ambient
starttime endtime PM10 flag_PM10 PM2.5 flag_PM2.5
  2.208333   3.208333 999.999 0.999 999.999 0.999
  5.208333   6.208333  10.096 0.000   5.909 0.000
  8.208333   9.208333   4.255 0.000   2.460 0.000
 11.208333  12.208333   7.700 0.000 999.999 0.456
 14.208333  15.208333   5.767 0.000   2.025 0.000
 17.208333  18.208333   4.821 0.000   3.089 0.000
 20.208333  21.208333   5.765 0.000   3.507 0.000
 23.208333  24.208333 999.999 0.999 999.999 0.999
 26.208333  27.208333  11.913 0.000   9.222 0.000
 29.208333  30.208333  10.208 0.000   7.853 0.000
 32.208333  33.208333   5.922 0.000   5.528 0.000
 35.208333  36.208333   6.463 0.000   3.749 0.000
 38.208333  39.208333   8.617 0.000   5.671 0.000
 41.208333  42.208333  13.087 0.000   8.262 0.000
 44.208333  45.208333 999.999 0.999 999.999 0.999
 47.208333  48.208333   9.119 0.000   6.899 0.000
 50.208333  51.208333  12.361 0.000   7.836 0.000
 53.208333  54.208333   7.301 0.000   4.780 0.000
 56.208333  57.208333  13.213 0.000   8.105 0.000
 59.208333  60.208333  14.780 0.000   9.598 0.000
 62.208333  63.208333   7.284 0.000   5.208 0.000
 65.208333  66.208333  11.166 0.000   5.712 0.000
 68.208333  69.208333   8.875 0.000   4.845 0.000
 71.208333  72.208333  13.603 0.000  10.649 0.000
 74.208333  75.208333  12.988 0.000   7.010 0.000
 77.208333  78.208333   5.643 0.000   4.469 0.000
 80.208333  81.208333  17.792 0.000  10.663 0.000
 83.208333  84.208333  21.629 0.000  17.341 0.000
 86.208333  87.208333 999.999 0.999 999.999 0.999
 89.208333  90.208333  11.357 0.000   5.287 0.000
 92.208333  93.208333  17.025 0.000  11.407 0.000
 95.208333  96.208333   9.236 0.000   6.563 0.000
 98.208333  99.208333  11.877 0.000   8.459 0.000
101.208333 102.208333  14.112 0.000   4.903 0.000
104.208333 105.208333  19.476 0.000  10.999 0.000
107.208333 108.208333 999.999 0.999 999.999 0.999
110.208333 111.208333  10.490 0.000   6.005 0.000
113.208333 114.208333  14.084 0.000   6.734 0.000
116.208333 117.208333  17.273 0.000   7.232 0.000
119.208333 120.208333  17.023 0.000   9.807 0.000
122.208333 123.208333  19.593 0.000  10.400 0.000
125.208333 126.208333  13.232 0.000   5.364 0.000
128.208333 129.208333  11.721 0.000   5.448 0.000
131.208333 132.208333  15.534 0.000  11.766 0.000
134.208333 135.208333  14.543 0.000   6.189 0.000
137.208333 138.208333   5.393 0.000   3.647 0.000
140.208333 141.208333  18.616 0.000  12.888 0.000
143.208333 144.208333  11.664 0.000   4.288 0.000
146.208333 147.208333  10.252 0.000   5.163 0.000
149.208333 150.208333  12.265 0.000   5.770 0.000
152.208333 153.208333  11.238 0.000   4.893 0.000
155.208333 156.208333  20.116 0.000  13.570 0.000
158.208333 159.208333  18.512 0.000  13.213 0.000
161.208333 162.208333  12.463 0.000   6.474 0.000
164.208333 165.208333   9.478 0.000   3.536 0.000
167.208333 168.208333  17.469 0.000  14.380 0.000
170.208333 171.208333 999.999 0.999 999.999 0.999
173.208333 174.208333  15.505 0.000   9.835 0.000
176.208333 177.208333  14.781 0.000   8.320 0.000
179.208333 180.208333  12.191 0.000   6.305 0.000
182.208333 183.208333  10.726 0.000   5.679 0.000
185.208333 186.208333  14.593 0.000   4.977 0.000
188.208333 189.208333  16.715 0.000  13.016 0.000
191.208333 192.208333  17.565 0.000  11.366 0.000
194.208333 195.208333  22.951 0.000  17.084 0.000
197.208333 198.208333  19.788 0.000  13.680 0.000
200.208333 201.208333  23.685 0.000  17.311 0.000
203.208333 204.208333  13.255 0.000   6.163 0.000
206.208333 207.208333   7.641 0.000   3.896 0.000
209.208333 210.208333  14.334 0.000   9.709 0.000
212.208333 213.208333  21.395 0.000  18.079 0.000
215.208333 216.208333  13.986 0.000   8.332 0.000
218.208333 219.208333  32.575 0.000  29.192 0.000
221.208333 222.208333  29.149 0.000  21.851 0.000
224.208333 225.208333  13.243 0.000   8.315 0.000
227.208333 228.208333  24.067 0.000  18.566 0.000
230.208333 231.208333  19.214 0.000   8.824 0.000
233.208333 234.208333 999.999 0.999 999.999 0.999
236.208333 237.208333  18.939 0.000  14.252 0.000
239.208333 240.208333  14.174 0.000  10.309 0.000
242.208333 243.208333  25.989 0.000  20.694 0.000
245.208333 246.208333  10.397 0.000   4.250 0.000
248.208333 249.208333  17.038 0.000   8.154 0.000
251.208333 252.208333  14.771 0.000   5.706 0.000
254.208333 255.208333 999.999 0.999 999.999 0.999
257.208333 258.208333  12.261 0.000   7.792 0.000
260.208333 261.208333  10.280 0.000   3.280 0.000
263.208333 264.208333   6.051 0.000   2.263 0.000
266.208333 267.208333  16.233 0.000   9.415 0.000
269.208333 270.208333   7.491 0.000   2.497 0.000
272.208333 273.208333  12.345 0.000   3.896 0.000
275.208333 276.208333   7.600 0.000   3.179 0.000
278.208333 279.208333   9.206 0.000   3.534 0.000
281.208333 282.208333  21.974 0.000  15.405 0.000
284.208333 285.208333   9.973 0.000   5.361 0.000
287.208333 288.208333  19.402 0.000  13.634 0.000
290.208333 291.208333  10.291 0.000   4.750 0.000
293.208333 294.208333  10.565 0.000   6.696 0.000
296.208333 297.208333  14.216 0.000   4.625 0.000
299.208333 300.208333  13.958 0.000   5.890 0.000
302.208333 303.208333   6.582 0.000   3.573 0.000
305.208333 306.208333  20.343 0.000   7.178 0.000
308.208333 309.208333  15.350 0.000   8.505 0.000
311.208333 312.208333   9.600 0.000   5.216 0.000
314.208333 315.208333  13.249 0.000  10.799 0.000
317.208333 318.208333 999.999 0.999 999.999 0.999
320.208333 321.208333   7.724 0.000   5.241 0.000
323.208333 324.208333  19.019 0.000  13.598 0.000
326.208333 327.208333   7.493 0.000   3.225 0.000
329.208333 330.208333  11.788 0.000   4.256 0.000
332.208333 333.208333  13.760 0.000   7.760 0.000
335.208333 336.208333 999.999 0.456   4.234 0.000
338.208333 339.208333 999.999 0.999 999.999 0.999
341.208333 342.208333 999.999 0.999 999.999 0.999
344.208333 345.208333 999.999 0.456 999.999 0.999
347.208333 348.208333  11.743 0.000   7.494 0.000
350.208333 351.208333   4.841 0.000   3.850 0.000
353.208333 354.208333  11.407 0.000   8.883 0.000
356.208333 357.208333   8.960 0.000   3.661 0.000
359.208333 360.208333 999.999 0.999 999.999 0.999
362.208333 363.208333  11.726 0.000   5.738 0.000
