scripts/IMPROVE-2019_partial/data/US9064R.20130101070000.20191216000000.filterpack...52w.3d.US03L_filterpack_US9064.US03L_IMPROVE_Davis.lev2.nas
52 1001
MISSING INFORMATION
US03L, IMPROVE, , , , , , , 
MISSING INFORMATION
IMPROVE sel_HTAP
1 1
2013 01 01 2019 12 16
3.000000
days from file reference point
5
1 1 1 1 1
999.999999 999.999 9.999 999.999 9.999
end_time of measurement, days from the file reference point
pm10_mass, ug/m3, Matrix=pm10
numflag pm10_mass, no unit, Matrix=pm10
pm25_mass, ug/m3, Matrix=pm25
numflag pm25_mass, no unit, Matrix=pm25
0
33
Data definition:              EBAS_1.1
Set type code:                TU
Timezone:                     UTC
File name:                    US9064R.20130101070000.20191216000000.filterpack...52w.3d.US03L_filterpack_US9064.US03L_IMPROVE_Davis.lev2.nas
File creation:                20191218120950
Startdate:                    20130101070000
Revision date:                20191216000000
Version:                      2
Version description:          "Data extracted from http://views.cira.colostate.edu/fed/DataWizard 2019-12-16"
Statistics:                   arithmetic mean
Data level:                   2
Period code:                  52w
Resolution code:              3d
Sample duration:              1d
Orig. time res.:              3d
Station code:                 US9064R
Platform code:                US9064S
Station name:                 Sula Peak
Station latitude:             45.8598
Station longitude:            -114.0001
Station altitude:             1895.0 m
Regime:                       IMG
Component:                    
Unit:                         ug/m3
Matrix:                       
Laboratory code:              US03L
Instrument type:              filterpack
Instrument name:              filterpack_US9064
Method ref:                   US03L_IMPROVE_Davis
Blank correction:             Blank corrected
Volume std. temperature:      ambient
Volume std. pressure:         ambient
starttime endtime PM10 flag_PM10 PM2.5 flag_PM2.5
  0.291667   1.291667   1.321 0.000   0.971 0.000
  3.291667   4.291667   0.367 0.000   0.450 0.000
  6.291667   7.291667   0.448 0.000   0.260 0.000
  9.291667  10.291667   0.041 0.000   0.165 0.000
 12.291667  13.291667   1.004 0.000   1.019 0.000
 15.291667  16.291667   1.625 0.000   0.603 0.000
 18.291667  19.291667   1.294 0.000   0.706 0.000
 21.291667  22.291667   0.709 0.000   0.461 0.000
 24.291667  25.291667   0.977 0.000   0.321 0.000
 27.291667  28.291667   0.449 0.000   0.163 0.000
 30.291667  31.291667   0.325 0.000   0.187 0.000
 33.291667  34.291667   0.692 0.000   0.529 0.000
 36.291667  37.291667   0.692 0.000   0.312 0.000
 39.291667  40.291667   1.026 0.000   0.816 0.000
 42.291667  43.291667   0.917 0.000 999.999 0.456
 45.291667  46.291667   0.974 0.000   0.497 0.000
 48.291667  49.291667   0.533 0.000   0.409 0.000
 51.291667  52.291667   0.854 0.000   0.451 0.000
 54.291667  55.291667   0.527 0.000   0.256 0.000
 57.291667  58.291667   1.056 0.000   0.704 0.000
 60.291667  61.291667   1.475 0.000   1.110 0.000
 63.291667  64.291667   2.442 0.000   1.452 0.000
 66.291667  67.291667   1.936 0.000   1.252 0.000
 69.291667  70.291667   2.051 0.000   1.277 0.000
 72.291667  73.291667   3.735 0.000   2.479 0.000
 75.291667  76.291667   0.813 0.000   0.422 0.000
 78.291667  79.291667   2.139 0.000   1.190 0.000
 81.291667  82.291667   1.754 0.000   1.298 0.000
 84.291667  85.291667   2.594 0.000   1.514 0.000
 87.291667  88.291667   1.927 0.000   1.554 0.000
 90.291667  91.291667   5.768 0.000   3.752 0.000
 93.291667  94.291667   4.344 0.000   3.252 0.000
 96.291667  97.291667   0.605 0.000   0.342 0.000
 99.291667 100.291667   1.844 0.000   1.175 0.000
102.291667 103.291667   0.942 0.000   0.500 0.000
105.291667 106.291667   2.067 0.000   1.678 0.000
108.291667 109.291667   1.123 0.000   0.742 0.000
111.291667 112.291667 999.999 0.999 999.999 0.999
114.291667 115.291667 999.999 0.999 999.999 0.999
117.291667 118.291667   5.222 0.000   2.858 0.000
120.291667 121.291667   2.171 0.000   1.302 0.000
123.291667 124.291667   1.994 0.000   1.421 0.000
126.291667 127.291667  11.236 0.000   4.532 0.000
129.291667 130.291667   8.255 0.000   4.984 0.000
132.291667 133.291667   7.825 0.000   3.405 0.000
135.291667 136.291667   3.096 0.000   2.033 0.000
138.291667 139.291667   2.709 0.000   1.419 0.000
141.291667 142.291667   2.348 0.000   1.275 0.000
144.291667 145.291667   1.469 0.000   0.877 0.000
147.291667 148.291667 999.999 0.999 999.999 0.999
150.291667 151.291667 999.999 0.999 999.999 0.999
153.291667 154.291667 999.999 0.999 999.999 0.999
156.291667 157.291667   5.154 0.000   2.240 0.000
159.291667 160.291667   4.261 0.000   1.965 0.000
162.291667 163.291667   9.681 0.000   4.090 0.000
165.291667 166.291667   3.037 0.000   1.318 0.000
168.291667 169.291667   9.598 0.000   4.349 0.000
171.291667 172.291667   2.257 0.000   0.927 0.000
174.291667 175.291667   4.026 0.000   1.904 0.000
177.291667 178.291667   4.286 0.000   1.548 0.000
180.291667 181.291667   7.991 0.000   3.712 0.000
183.291667 184.291667  10.308 0.000   4.997 0.000
186.291667 187.291667   7.540 0.000   3.103 0.000
189.291667 190.291667   5.026 0.000 999.999 0.999
192.291667 193.291667   7.918 0.000 999.999 0.999
195.291667 196.291667   7.894 0.000 999.999 0.999
198.291667 199.291667   9.477 0.000 999.999 0.999
201.291667 202.291667   6.457 0.000   3.031 0.659
204.291667 205.291667   6.140 0.000   2.951 0.659
207.291667 208.291667  19.631 0.000  14.765 0.000
210.291667 211.291667  17.755 0.000  12.389 0.000
213.291667 214.291667   7.863 0.000   4.941 0.000
216.291667 217.291667   8.678 0.000   5.578 0.659
219.291667 220.291667   9.614 0.000   4.490 0.659
222.291667 223.291667 999.999 0.999 999.999 0.999
225.291667 226.291667   8.621 0.000   4.663 0.000
228.291667 229.291667  24.044 0.000  17.195 0.000
231.291667 232.291667  14.802 0.000  10.637 0.000
234.291667 235.291667  21.901 0.000  17.227 0.000
237.291667 238.291667  20.879 0.000 999.999 0.456
240.291667 241.291667  12.594 0.000   8.921 0.000
243.291667 244.291667  11.281 0.000   7.750 0.000
246.291667 247.291667 999.999 0.999 999.999 0.999
249.291667 250.291667 999.999 0.999 999.999 0.999
252.291667 253.291667 999.999 0.999 999.999 0.999
255.291667 256.291667 999.999 0.999 999.999 0.999
258.291667 259.291667 999.999 0.999 999.999 0.999
261.291667 262.291667   1.864 0.000   1.130 0.000
264.291667 265.291667   4.115 0.000   2.145 0.000
267.291667 268.291667   0.168 0.000   0.058 0.000
270.291667 271.291667   0.919 0.000   0.524 0.000
273.291667 274.291667   2.525 0.000   1.472 0.000
276.291667 277.291667 999.999 0.999 999.999 0.999
279.291667 280.291667 999.999 0.999 999.999 0.999
282.291667 283.291667 999.999 0.999 999.999 0.999
285.291667 286.291667 999.999 0.999 999.999 0.999
288.291667 289.291667 999.999 0.999 999.999 0.999
291.291667 292.291667   3.223 0.000   2.334 0.000
294.291667 295.291667   3.336 0.000   1.999 0.000
297.291667 298.291667   5.662 0.000 999.999 0.456
300.291667 301.291667   2.990 0.000   1.139 0.000
303.291667 304.291667   3.303 0.000   2.253 0.000
306.291667 307.291667   1.068 0.000   0.569 0.000
309.291667 310.291667   3.514 0.000   2.591 0.000
312.291667 313.291667   1.440 0.000   1.716 0.000
315.291667 316.291667   2.506 0.000   1.756 0.000
318.291667 319.291667   3.140 0.000   2.241 0.000
321.291667 322.291667   2.073 0.000   1.338 0.000
324.291667 325.291667   4.555 0.000   3.492 0.000
327.291667 328.291667   2.955 0.000   2.327 0.000
330.291667 331.291667   1.850 0.000   1.229 0.000
333.291667 334.291667   0.926 0.000   0.762 0.000
336.291667 337.291667   2.474 0.000   2.242 0.000
339.291667 340.291667   3.636 0.000 999.999 0.999
342.291667 343.291667   1.830 0.000 999.999 0.999
345.291667 346.291667   0.899 0.000 999.999 0.999
348.291667 349.291667   0.715 0.000 999.999 0.999
351.291667 352.291667   1.392 0.000   0.709 0.000
354.291667 355.291667   0.043 0.000   0.119 0.000
357.291667 358.291667   0.734 0.000   0.208 0.000
360.291667 361.291667   0.888 0.000   0.467 0.000
363.291667 364.291667   0.676 0.000   0.498 0.000
