scripts/IMPROVE-2019_partial/data/US9051U.20050101050000.20191216000000.filterpack..pm25.52w.1w.US03L_filterpack_US9051.US03L_IMPROVE_Davis.lev2.nas
64 1001
MISSING INFORMATION
US03L, IMPROVE, , , , , , , 
MISSING INFORMATION
IMPROVE sel_HTAP
1 1
2005 01 01 2019 12 16
3.000000
days from file reference point
25
1 1 1 1 1 1 1 1 1 1 1 1 1 1 1 1 1 1 1 1 1 1 1 1 1
999.999999 9999.99 9.999 999.99 9.999 9.999 9.999999 99.99 9.999 99.999 9.999 99.999 9.999 999.999 9.999 999.999 9.999 999.999 9.999 999.999 9.999 9.999 9.999 99.999 9.999
end_time of measurement, days from the file reference point
iron, ng/m3, Revision date=20181210133000
numflag iron, no unit, Revision date=20181210133000
lead, ng/m3, Revision date=20181210133000
numflag lead, no unit, Revision date=20181210133000
magnesium, ug/m3, Revision date=20181210133000
numflag magnesium, no unit, Revision date=20181210133000
nickel, ng/m3, Revision date=20181210133000
numflag nickel, no unit, Revision date=20181210133000
nitrate, ug N/m3, Revision date=20181210133000
numflag nitrate, no unit, Revision date=20181210133000
organic_carbon, ug C/m3, Revision date=20181210133000
numflag organic_carbon, no unit, Revision date=20181210133000
organic_mass, ug/m3, Revision date=20181210133000
numflag organic_mass, no unit, Revision date=20181210133000
pm10_mass, ug/m3, Version=2, Version description=Data extracted from http://views.cira.colostate.edu/fed/DataWizard 2019-12-16, Sample duration=1d, Orig. time res.=3d, Matrix=pm10, Blank correction=Blank corrected, Volume std. temperature=ambient, Volume std. pressure=ambient
numflag pm10_mass, no unit, Version=2, Version description=Data extracted from http://views.cira.colostate.edu/fed/DataWizard 2019-12-16, Sample duration=1d, Orig. time res.=3d, Matrix=pm10, Blank correction=Blank corrected, Volume std. temperature=ambient, Volume std. pressure=ambient
pm10_pm25_mass, ug/m3, Revision date=20181210133000, Matrix=pm10_pm25
numflag pm10_pm25_mass, no unit, Revision date=20181210133000, Matrix=pm10_pm25
pm25_mass, ug/m3, Version=2, Version description=Data extracted from http://views.cira.colostate.edu/fed/DataWizard 2019-12-16, Sample duration=1d, Orig. time res.=3d, Blank correction=Blank corrected, Volume std. temperature=ambient, Volume std. pressure=ambient
numflag pm25_mass, no unit, Version=2, Version description=Data extracted from http://views.cira.colostate.edu/fed/DataWizard 2019-12-16, Sample duration=1d, Orig. time res.=3d, Blank correction=Blank corrected, Volume std. temperature=ambient, Volume std. pressure=ambient
potassium, ug/m3, Revision date=20181210133000
numflag potassium, no unit, Revision date=20181210133000
sulphate_total, ug S/m3, Revision date=20181210133000
numflag sulphate_total, no unit, Revision date=20181210133000
0
25
Data definition:              EBAS_1.1
Set type code:                TU
Timezone:                     UTC
File name:                    US9051U.20050101050000.20191216000000.filterpack..pm25.52w.1w.US03L_filterpack_US9051.US03L_IMPROVE_Davis.lev2.nas
File creation:                20191218120856
Startdate:                    20050101050000
Revision date:                20191216000000
Statistics:                   arithmetic mean
Data level:                   2
Period code:                  52w
Resolution code:              1w
Station code:                 US9051U
Platform code:                US9051S
Station name:                 Washington D.C.
Station latitude:             38.8762
Station longitude:            -77.0344
Station altitude:             15.0 m
Regime:                       IMG
Component:                    
Matrix:                       pm25
Laboratory code:              US03L
Instrument type:              filterpack
Instrument name:              filterpack_US9051
Method ref:                   US03L_IMPROVE_Davis
starttime endtime Fe flag_Fe Pb flag_Pb Mg++ flag_Mg++ Ni flag_Ni NO3- flag_NO3- OC flag_OC OM flag_OM PM10 flag_PM10 PM10-PM2.5 flag_PM10-PM2.5 PM2.5 flag_PM2.5 K+ flag_K+ SO4-- flag_SO4--
[from data line 88]
264.208333 265.208333 9999.99 0.999 999.99 0.999 9.999 0.999000 99.99 0.999 99.999 0.999 99.999 0.999 999.999 0.999 999.999 0.999 999.999 0.999 999.999 0.999 9.999 0.999 99.999 0.999
267.208333 268.208333   19.41 0.000   1.60 0.000 9.999 0.259000  0.85 0.000  0.118 0.000  0.987 0.000   1.777 0.000  16.847 0.000  10.666 0.000   5.843 0.000 0.031 0.000  0.834 0.000
270.208333 271.208333  149.27 0.000   3.75 0.000 9.999 0.259000  1.98 0.000  0.098 0.000  1.982 0.559   3.567 0.559  16.668 0.000   8.556 0.000   7.682 0.000 0.044 0.000  0.703 0.000
273.208333 274.208333  131.59 0.000   5.16 0.000 9.999 0.259000  0.76 0.000  0.133 0.000  2.138 0.000   3.848 0.000  17.673 0.000   6.548 0.000  10.548 0.000 0.038 0.000  1.270 0.000
276.208333 277.208333  131.59 0.000   6.36 0.000 0.034 0.000000  1.68 0.000  0.187 0.000  1.623 0.000   2.921 0.000  18.419 0.000   6.969 0.000  11.069 0.000 0.056 0.000  2.046 0.000
279.208333 280.208333   22.17 0.000   1.36 0.000 0.043 0.000000  1.70 0.000  0.073 0.000  1.000 0.000   1.799 0.000  10.463 0.000   5.434 0.000   4.763 0.000 0.037 0.000  0.549 0.000
282.208333 283.208333   99.42 0.000   4.20 0.000 9.999 0.259000  1.02 0.000  0.320 0.000  1.519 0.000   2.733 0.000  17.034 0.000   4.430 0.000  11.960 0.000 0.024 0.000  1.892 0.000
285.208333 286.208333   95.27 0.000   1.78 0.000 9.999 0.259000  0.52 0.000  0.090 0.000  1.201 0.000   2.161 0.000   7.773 0.000   2.598 0.000   4.909 0.000 0.012 0.000  0.464 0.000
288.208333 289.208333   68.80 0.000   2.19 0.000 9.999 0.259000 99.99 0.259  0.024 0.000  0.915 0.000   1.647 0.000  11.148 0.000   6.038 0.000   4.840 0.000 0.026 0.000  0.642 0.000
291.208333 292.208333  205.66 0.000   3.35 0.000 9.999 0.259000  1.76 0.000  0.176 0.000  3.336 0.000   6.005 0.000  27.716 0.000  10.260 0.000  16.557 0.000 0.076 0.000  1.881 0.000
294.208333 295.208333   69.87 0.000   1.90 0.000 9.999 0.259000  0.58 0.000  0.177 0.000  0.917 0.000   1.650 0.000   6.183 0.000   1.101 0.000   4.824 0.000 0.020 0.000  0.586 0.000
297.208333 298.208333   49.80 0.000   0.39 0.000 9.999 0.259000  0.31 0.000  0.040 0.000  1.710 0.000   3.078 0.000   5.469 0.000   1.112 0.000   4.149 0.000 0.009 0.000  0.131 0.000
300.208333 301.208333  192.87 0.000   6.07 0.000 9.999 0.259000  1.54 0.000  0.424 0.000  2.608 0.000   4.694 0.000  19.075 0.000   6.966 0.000  11.494 0.000 0.056 0.000  1.207 0.000
303.208333 304.208333  561.66 0.000   4.54 0.000 0.044 0.000000  0.27 0.000  0.363 0.000  4.558 0.000   8.204 0.000  25.227 0.000   8.047 0.000  16.303 0.000 0.114 0.000  0.987 0.000
306.208333 307.208333  204.93 0.000   6.45 0.000 9.999 0.259000  0.22 0.000  0.249 0.000  3.651 0.000   6.571 0.000  20.730 0.000   5.562 0.000  14.397 0.000 0.107 0.000  1.076 0.000
309.208333 310.208333  192.22 0.000   3.76 0.000 9.999 0.259000  0.23 0.000  0.257 0.000  4.658 0.000   8.384 0.000  26.616 0.000   5.245 0.000  20.284 0.000 0.086 0.000  2.178 0.000
312.208333 313.208333  180.24 0.000   6.30 0.000 9.999 0.259000  1.75 0.000  0.792 0.000  5.534 0.000   9.960 0.000  29.868 0.000   5.090 0.000  23.524 0.000 0.085 0.000  1.819 0.000
315.208333 316.208333  197.20 0.000   4.34 0.000 9.999 0.259000  0.27 0.000  0.304 0.000  4.247 0.000   7.646 0.000  18.061 0.000   4.591 0.000  12.786 0.000 0.098 0.000  0.905 0.000
318.208333 319.208333  125.08 0.000   2.70 0.000 9.999 0.259000  1.44 0.000  0.249 0.000  2.922 0.000   5.259 0.000  19.755 0.000   7.599 0.000  11.619 0.000 0.051 0.000  1.148 0.000
321.208333 322.208333  150.10 0.000   2.67 0.000 9.999 0.259000  0.15 0.000  0.529 0.000  3.129 0.000   5.633 0.000  19.192 0.000   6.874 0.000  11.688 0.000 0.055 0.000  0.834 0.000
324.208333 325.208333  335.00 0.000   8.29 0.000 9.999 0.259000  1.26 0.000  0.758 0.000  9.193 0.000  16.547 0.000  35.821 0.000   6.768 0.000  27.582 0.000 0.150 0.000  1.219 0.000
327.208333 328.208333   45.14 0.000   1.17 0.000 9.999 0.259000 99.99 0.259  0.177 0.000  1.778 0.000   3.200 0.000   9.658 0.000   3.273 0.000   6.094 0.000 0.035 0.000  0.434 0.000
330.208333 331.208333   82.65 0.699   2.58 0.699 9.999 0.699259  1.14 0.699  0.537 0.000  4.065 0.000   7.316 0.000  16.442 0.000   3.209 0.699  12.639 0.000 0.071 0.699  0.882 0.000
333.208333 334.208333 9999.99 0.999 999.99 0.999 9.999 0.999000 99.99 0.999  0.234 0.000  2.404 0.000   4.327 0.000 999.999 0.456 999.999 0.999 999.999 0.999 9.999 0.999  1.069 0.000
336.208333 337.208333 9999.99 0.899 999.99 0.899 9.999 0.899000 99.99 0.899 99.999 0.899  1.523 0.000   2.741 0.000  10.907 0.000   2.345 0.000   8.130 0.000 9.999 0.899 99.999 0.899
339.208333 340.208333 9999.99 0.899 999.99 0.899 9.999 0.899000 99.99 0.899 99.999 0.899  3.551 0.000   6.393 0.000  28.774 0.000   7.800 0.000  19.912 0.000 9.999 0.899 99.999 0.899
342.208333 343.208333 9999.99 0.899 999.99 0.899 9.999 0.899000 99.99 0.899 99.999 0.899  2.169 0.000   3.904 0.000  17.845 0.000   4.056 0.000  13.089 0.000 9.999 0.899 99.999 0.899
345.208333 346.208333 9999.99 0.899 999.99 0.899 9.999 0.899000 99.99 0.899 99.999 0.899  1.742 0.000   3.136 0.000  20.645 0.000  12.419 0.000   7.790 0.000 9.999 0.899 99.999 0.899
348.208333 349.208333 9999.99 0.899 999.99 0.899 9.999 0.899000 99.99 0.899 99.999 0.899  2.165 0.000   3.897 0.000 999.999 0.456   5.200 0.000  13.998 0.000 9.999 0.899 99.999 0.899
351.208333 352.208333 9999.99 0.899 999.99 0.899 9.999 0.899000 99.99 0.899 99.999 0.899  5.034 0.000   9.062 0.000  28.667 0.000   6.688 0.000  20.868 0.000 9.999 0.899 99.999 0.899
354.208333 355.208333 9999.99 0.899 999.99 0.899 9.999 0.899000 99.99 0.899 99.999 0.899  2.117 0.000   3.810 0.000  23.767 0.000   9.307 0.000  13.716 0.000 9.999 0.899 99.999 0.899
357.208333 358.208333 9999.99 0.899 999.99 0.899 9.999 0.899000 99.99 0.899 99.999 0.899  6.289 0.000  11.321 0.000  22.948 0.000   4.794 0.000  17.231 0.000 9.999 0.899 99.999 0.899
360.208333 361.208333 9999.99 0.899 999.99 0.899 9.999 0.899000 99.99 0.899 99.999 0.899  1.649 0.000   2.969 0.000  15.616 0.000   4.880 0.000  10.241 0.000 9.999 0.899 99.999 0.899
363.208333 364.208333 9999.99 0.899 999.99 0.899 9.999 0.899000 99.99 0.899 99.999 0.899  1.668 0.000   3.002 0.000  17.123 0.000   5.917 0.000  10.629 0.000 9.999 0.899 99.999 0.899
