scripts/IMPROVE-2019_partial/data/US9041R.20020102080000.20191216000000.filterpack..pm25.52w.1w.US03L_filterpack_US9041.US03L_IMPROVE_Davis.lev2.nas
66 1001
MISSING INFORMATION
US03L, IMPROVE, , , , , , , 
MISSING INFORMATION
IMPROVE sel_HTAP
1 1
2002 01 01 2019 12 16
3.000000
days from file reference point
27
1 1 1 1 1 1 1 1 1 1 1 1 1 1 1 1 1 1 1 1 1 1 1 1 1 1 1
999.999999 9999.99 9.999 99.99 9.999 9.999 9.999999 99.99 9.999999 99.999 9.999999 999.999 9.999 999.999 9.999 999.99 9.999999 9999.999 9.999 9999.999 9.999 999.999 9.999 9.999 9.999 9.999 9.999
end_time of measurement, days from the file reference point
iron, ng/m3, Revision date=20181210133000
numflag iron, no unit, Revision date=20181210133000
lead, ng/m3, Revision date=20181210133000
numflag lead, no unit, Revision date=20181210133000
magnesium, ug/m3, Revision date=20181210133000
numflag magnesium, no unit, Revision date=20181210133000
nickel, ng/m3, Revision date=20181210133000
numflag nickel, no unit, Revision date=20181210133000
nitrate, ug N/m3, Revision date=20181210133000
numflag nitrate, no unit, Revision date=20181210133000
organic_carbon, ug C/m3, Revision date=20181210133000
numflag organic_carbon, no unit, Revision date=20181210133000
organic_mass, ug/m3, Revision date=20181210133000
numflag organic_mass, no unit, Revision date=20181210133000
phosphorus, ng/m3, Revision date=20181210133000
numflag phosphorus, no unit, Revision date=20181210133000
pm10_mass, ug/m3, Version=2, Version description=Data extracted from http://views.cira.colostate.edu/fed/DataWizard 2019-12-16, Sample duration=1d, Orig. time res.=3d, Matrix=pm10, Blank correction=Blank corrected, Volume std. temperature=ambient, Volume std. pressure=ambient
numflag pm10_mass, no unit, Version=2, Version description=Data extracted from http://views.cira.colostate.edu/fed/DataWizard 2019-12-16, Sample duration=1d, Orig. time res.=3d, Matrix=pm10, Blank correction=Blank corrected, Volume std. temperature=ambient, Volume std. pressure=ambient
pm10_pm25_mass, ug/m3, Revision date=20181210133000, Matrix=pm10_pm25
numflag pm10_pm25_mass, no unit, Revision date=20181210133000, Matrix=pm10_pm25
pm25_mass, ug/m3, Version=2, Version description=Data extracted from http://views.cira.colostate.edu/fed/DataWizard 2019-12-16, Sample duration=1d, Orig. time res.=3d, Blank correction=Blank corrected, Volume std. temperature=ambient, Volume std. pressure=ambient
numflag pm25_mass, no unit, Version=2, Version description=Data extracted from http://views.cira.colostate.edu/fed/DataWizard 2019-12-16, Sample duration=1d, Orig. time res.=3d, Blank correction=Blank corrected, Volume std. temperature=ambient, Volume std. pressure=ambient
potassium, ug/m3, Revision date=20181210133000
numflag potassium, no unit, Revision date=20181210133000
sulphate_total, ug S/m3, Revision date=20181210133000
numflag sulphate_total, no unit, Revision date=20181210133000
0
25
Data definition:              EBAS_1.1
Set type code:                TU
Timezone:                     UTC
File name:                    US9041R.20020102080000.20191216000000.filterpack..pm25.52w.1w.US03L_filterpack_US9041.US03L_IMPROVE_Davis.lev2.nas
File creation:                20191218120806
Startdate:                    20020102080000
Revision date:                20191216000000
Statistics:                   arithmetic mean
Data level:                   2
Period code:                  52w
Resolution code:              1w
Station code:                 US9041R
Platform code:                US9041S
Station name:                 San Gabriel
Station latitude:             34.2969
Station longitude:            -118.0282
Station altitude:             1791.0 m
Regime:                       IMG
Component:                    
Matrix:                       pm25
Laboratory code:              US03L
Instrument type:              filterpack
Instrument name:              filterpack_US9041
Method ref:                   US03L_IMPROVE_Davis
starttime endtime Fe flag_Fe Pb flag_Pb Mg++ flag_Mg++ Ni flag_Ni NO3- flag_NO3- OC flag_OC OM flag_OM P flag_P PM10 flag_PM10 PM10-PM2.5 flag_PM10-PM2.5 PM2.5 flag_PM2.5 K+ flag_K+ SO4-- flag_SO4--
[from data line 78]
235.333333 236.333333   39.85 0.000  1.35 0.000 9.999 0.259000  0.38 0.000000  0.209 0.000000   1.670 0.000   2.338 0.000 999.99 0.259000   10.127 0.000    5.074 0.000   5.053 0.000 0.020 0.000 0.271 0.000
238.333333 239.333333   56.30 0.559  1.27 0.559 0.034 0.559000  0.33 0.559000  0.230 0.000000   1.769 0.000   2.477 0.000 999.99 0.559259   12.000 0.000    5.961 0.000   6.039 0.559 0.032 0.559 0.326 0.000
241.333333 242.333333   34.30 0.000  0.65 0.000 9.999 0.259000  0.21 0.000000  0.093 0.000000   0.917 0.000   1.284 0.000 999.99 0.259000    6.781 0.000    3.324 0.000   3.457 0.000 0.040 0.000 0.168 0.000
244.333333 245.333333   59.07 0.000  1.02 0.000 9.999 0.259000  0.29 0.000000  0.064 0.000000   1.505 0.000   2.107 0.000 999.99 0.259000   10.375 0.000    3.980 0.000   6.395 0.000 0.051 0.000 0.564 0.000
247.333333 248.333333   50.95 0.000  0.94 0.000 9.999 0.259000  0.27 0.000000  0.061 0.000000   0.656 0.000   0.919 0.000 999.99 0.259000    8.150 0.000    4.067 0.000   4.083 0.000 0.030 0.000 0.452 0.000
250.333333 251.333333   78.29 0.000  1.57 0.000 0.024 0.000000  3.16 0.000000  0.208 0.000000   0.973 0.000   1.362 0.000 999.99 0.259000    5.630 0.000    1.507 0.000   4.122 0.000 0.032 0.000 0.095 0.000
253.333333 254.333333   88.65 0.559  1.57 0.559 0.040 0.559000  0.76 0.559000  0.234 0.000000   1.860 0.000   2.604 0.000 999.99 0.559259   14.977 0.000    7.727 0.000   7.249 0.559 0.050 0.559 0.439 0.000
256.333333 257.333333   46.62 0.559  0.93 0.559 9.999 0.559259  0.19 0.559000  0.068 0.000000   1.256 0.000   1.758 0.000 999.99 0.559259    9.451 0.000    4.404 0.000   5.047 0.559 0.030 0.559 0.389 0.000
259.333333 260.333333   76.66 0.000  2.16 0.000 9.999 0.259000  0.56 0.000000  0.451 0.000000   2.033 0.000   2.846 0.000 999.99 0.259000   13.889 0.000    7.008 0.000   6.880 0.000 0.035 0.000 0.381 0.000
262.333333 263.333333   83.17 0.000  2.06 0.000 9.999 0.259000  0.49 0.000000  0.254 0.000000   1.565 0.000   2.191 0.000 999.99 0.259000   15.428 0.000    9.523 0.000   5.904 0.000 0.041 0.000 0.351 0.000
265.333333 266.333333   82.75 0.699  4.18 0.699 9.999 0.699259 99.99 0.699259  0.118 0.000000   6.259 0.000   8.762 0.000  29.78 0.699000   21.898 0.000    9.693 0.000  12.205 0.699 0.294 0.699 0.215 0.000
268.333333 269.333333   76.98 0.699  4.32 0.699 9.999 0.699259  0.58 0.699000  0.964 0.559000  15.874 0.000  22.223 0.000 999.99 0.699259   43.981 0.000   13.389 0.000  30.592 0.699 0.360 0.699 0.628 0.559
271.333333 272.333333   29.50 0.000  0.98 0.000 9.999 0.259000  1.36 0.000000  0.767 0.000000   2.601 0.000   3.641 0.000 999.99 0.259000   10.913 0.000    2.255 0.000   8.658 0.000 0.055 0.000 0.454 0.000
274.333333 275.333333  223.13 0.000  0.76 0.000 9.999 0.259000  0.38 0.000000  0.370 0.000000   1.090 0.000   1.525 0.000 999.99 0.259000   45.118 0.000   38.686 0.000   6.432 0.000 0.109 0.000 0.251 0.000
277.333333 278.333333  105.52 0.000  1.26 0.000 9.999 0.259000  0.10 0.000000  0.354 0.000000   1.080 0.000   1.512 0.000 999.99 0.259000   17.898 0.000   13.410 0.000   4.488 0.000 0.061 0.000 0.294 0.000
280.333333 281.333333   44.11 0.559  1.12 0.559 9.999 0.559259  0.27 0.559000  0.118 0.000000   1.051 0.000   1.471 0.000 999.99 0.559259    6.821 0.000    3.596 0.000   3.225 0.559 0.024 0.559 0.167 0.000
283.333333 284.333333   52.78 0.000  1.46 0.000 0.011 0.000000  0.31 0.000000  0.341 0.000000   1.009 0.000   1.413 0.000 999.99 0.259000   10.045 0.000    4.938 0.000   5.107 0.000 0.024 0.000 0.424 0.000
286.333333 287.333333   75.14 0.000  2.09 0.000 9.999 0.259000  0.19 0.000000  0.204 0.000000   1.114 0.000   1.560 0.000 999.99 0.259000   13.178 0.000    7.858 0.000   5.320 0.000 0.038 0.000 0.390 0.000
289.333333 290.333333  103.52 0.559  1.73 0.559 9.999 0.559259  0.46 0.559000  0.775 0.000000   1.769 0.000   2.477 0.000 999.99 0.559259   17.544 0.000    8.913 0.000   8.631 0.559 0.060 0.559 0.879 0.000
292.333333 293.333333   70.31 0.559  1.49 0.559 9.999 0.559259  0.25 0.559000  0.238 0.000000   1.052 0.000   1.473 0.000 999.99 0.559259   10.907 0.000    5.783 0.000   5.124 0.559 0.051 0.559 0.448 0.000
295.333333 296.333333   85.36 0.000  1.96 0.000 0.015 0.000000  0.25 0.000000  0.920 0.000000   1.964 0.000   2.749 0.000 999.99 0.259000   17.484 0.000    8.214 0.000   9.270 0.000 0.061 0.000 0.611 0.000
298.333333 299.333333 9999.99 0.699 99.99 0.699 9.999 0.699000 99.99 0.699000  1.479 0.000000   1.849 0.000   2.588 0.000 999.99 0.699000   16.691 0.000 9999.999 0.999 999.999 0.699 9.999 0.699 0.814 0.000
301.333333 302.333333   58.20 0.000  1.32 0.000 9.999 0.259000  0.45 0.000000  0.437 0.000000   1.052 0.000   1.473 0.000 999.99 0.259000   11.899 0.000    6.675 0.000   5.224 0.000 0.043 0.000 0.396 0.000
304.333333 305.333333   71.35 0.000  1.26 0.000 9.999 0.259000  0.25 0.000000  0.799 0.000000   1.245 0.000   1.743 0.000 999.99 0.259000   13.685 0.000    6.523 0.000   7.162 0.000 0.054 0.000 0.399 0.000
307.333333 308.333333   52.94 0.559  0.56 0.559 0.015 0.559000 99.99 0.559259  0.136 0.000000   1.193 0.000   1.670 0.000 999.99 0.559259    8.415 0.000    4.926 0.000   3.489 0.559 0.031 0.559 0.127 0.000
310.333333 311.333333   55.55 0.000  1.13 0.000 9.999 0.259000  0.41 0.000000  0.237 0.000000   0.420 0.000   0.588 0.000 999.99 0.259000   67.034 0.000   64.504 0.000   2.531 0.000 0.020 0.000 0.105 0.000
313.333333 314.333333   24.11 0.000  0.46 0.000 9.999 0.259000  0.79 0.000000  0.078 0.559000   0.306 0.000   0.428 0.000 999.99 0.259000   55.455 0.559   53.601 0.000   1.854 0.000 0.019 0.000 0.143 0.559
316.333333 317.333333   45.32 0.000  0.62 0.000 0.015 0.000000  0.50 0.000000  0.226 0.000000   0.398 0.000   0.557 0.000 999.99 0.259000    2.794 0.000    0.911 0.000   1.883 0.000 0.016 0.000 0.084 0.000
319.333333 320.333333   38.63 0.000  1.55 0.000 9.999 0.259000  0.27 0.000000  0.119 0.000000   0.408 0.000   0.571 0.000 999.99 0.259000    4.602 0.000    2.668 0.000   1.934 0.000 0.018 0.000 0.147 0.000
322.333333 323.333333   11.53 0.000  0.41 0.000 9.999 0.259000 99.99 0.259000  0.009 0.000000   0.107 0.000   0.150 0.000 999.99 0.259000    1.520 0.000    0.844 0.000   0.676 0.000 0.006 0.000 0.072 0.000
325.333333 326.333333   48.49 0.000  1.16 0.000 9.999 0.259000  0.09 0.000000  0.283 0.000000   0.724 0.000   1.014 0.000 999.99 0.259000    8.184 0.000    5.573 0.000   2.612 0.000 0.023 0.000 0.077 0.000
328.333333 329.333333  119.09 0.000  0.39 0.000 9.999 0.259000  0.05 0.000000  0.094 0.000000   0.676 0.000   0.947 0.000 999.99 0.259000    9.148 0.000    4.884 0.000   4.264 0.000 0.066 0.000 0.110 0.000
331.333333 332.333333  183.00 0.000  0.95 0.000 0.033 0.000000  0.98 0.000000  0.033 0.000000   0.421 0.000   0.589 0.000 999.99 0.259000   16.906 0.000   11.193 0.000   5.713 0.000 0.084 0.000 0.327 0.000
334.333333 335.333333   34.12 0.000  0.76 0.000 9.999 0.259000  0.60 0.000000  0.460 0.559000   0.591 0.000   0.827 0.000 999.99 0.259000   11.394 0.000    7.338 0.000   4.056 0.000 0.019 0.000 0.198 0.559
337.333333 338.333333   66.42 0.000  0.47 0.000 9.999 0.259000  1.95 0.000000  0.110 0.000000   0.453 0.000   0.634 0.000 999.99 0.259000    2.412 0.000 9999.999 0.259   2.437 0.000 0.031 0.000 0.060 0.000
340.333333 341.333333   14.53 0.000  0.57 0.000 9.999 0.259000  0.18 0.000000  0.385 0.000000   0.563 0.000   0.788 0.000 999.99 0.259000    2.744 0.000    1.070 0.000   1.674 0.000 0.013 0.000 0.080 0.000
343.333333 344.333333   14.57 0.000  0.50 0.000 9.999 0.259000  0.05 0.000000  0.198 0.000000   0.395 0.000   0.553 0.000 999.99 0.259000    3.992 0.000    2.412 0.000   1.580 0.000 0.016 0.000 0.112 0.000
346.333333 347.333333   85.23 0.000  1.24 0.000 0.029 0.000000  0.06 0.000000  0.226 0.000000   0.480 0.000   0.672 0.000 999.99 0.259000   18.297 0.000   15.050 0.000   3.247 0.000 0.057 0.000 0.127 0.000
349.333333 350.333333    7.71 0.000  0.12 0.000 0.017 0.000000  0.16 0.000000  0.056 0.000000   0.210 0.000   0.293 0.000 999.99 0.259000  344.294 0.000  343.106 0.000   1.188 0.000 0.009 0.000 0.058 0.000
352.333333 353.333333   24.20 0.000  0.73 0.000 9.999 0.259000  0.98 0.000000  0.193 0.000000   0.389 0.000   0.544 0.000 999.99 0.259000   70.783 0.000   68.812 0.000   1.972 0.000 0.008 0.000 0.089 0.000
355.333333 356.333333    6.51 0.000  0.19 0.000 9.999 0.259000  0.30 0.000000  0.262 0.000000   0.272 0.000   0.381 0.000 999.99 0.259000    8.743 0.000    7.445 0.000   1.298 0.000 0.005 0.000 0.100 0.000
358.333333 359.333333    9.43 0.000  0.60 0.000 0.022 0.000000  0.16 0.000000  0.298 0.000000   0.601 0.000   0.841 0.000 999.99 0.259000    3.410 0.000    1.364 0.000   2.046 0.000 0.007 0.000 0.062 0.000
361.333333 362.333333   17.79 0.000  1.13 0.000 0.019 0.000000  0.08 0.000000  0.391 0.000000   0.623 0.000   0.872 0.000 999.99 0.259000    4.533 0.000    2.324 0.000   2.208 0.000 0.010 0.000 0.049 0.000
364.333333 365.333333   16.72 0.000  0.46 0.000 9.999 0.259000  0.47 0.000000  0.092 0.000000   0.236 0.000   0.330 0.000 999.99 0.259000    3.572 0.000    2.285 0.000   1.287 0.000 0.010 0.000 0.073 0.000
