scripts/IMPROVE-2019_partial/data/US9072R.20050101080000.20191216000000.filterpack..pm25.10mo.1w.US03L_filterpack_US9072.US03L_IMPROVE_Davis.lev2.nas
64 1001
MISSING INFORMATION
US03L, IMPROVE, , , , , , , 
MISSING INFORMATION
IMPROVE sel_HTAP
1 1
2005 01 01 2019 12 16
3.000000
days from file reference point
25
1 1 1 1 1 1 1 1 1 1 1 1 1 1 1 1 1 1 1 1 1 1 1 1 1
999.999999 9999.99 9.999 99.99 9.999999 9.999 9.999999 9.99 9.999999 99.999 9.999 99.999 9.999 99.999 9.999 999.999 9.999 999.999 9.999999 999.999 9.999 99.999 9.999 9.999 9.999
end_time of measurement, days from the file reference point
iron, ng/m3, Revision date=20181210133000
numflag iron, no unit, Revision date=20181210133000
lead, ng/m3, Revision date=20181210133000
numflag lead, no unit, Revision date=20181210133000
magnesium, ug/m3, Revision date=20181210133000
numflag magnesium, no unit, Revision date=20181210133000
nickel, ng/m3, Revision date=20181210133000
numflag nickel, no unit, Revision date=20181210133000
nitrate, ug N/m3, Revision date=20181210133000
numflag nitrate, no unit, Revision date=20181210133000
organic_carbon, ug C/m3, Revision date=20181210133000
numflag organic_carbon, no unit, Revision date=20181210133000
organic_mass, ug/m3, Revision date=20181210133000
numflag organic_mass, no unit, Revision date=20181210133000
pm10_mass, ug/m3, Version=2, Version description=Data extracted from http://views.cira.colostate.edu/fed/DataWizard 2019-12-16, Sample duration=1d, Orig. time res.=3d, Matrix=pm10, Blank correction=Blank corrected, Volume std. temperature=ambient, Volume std. pressure=ambient
numflag pm10_mass, no unit, Version=2, Version description=Data extracted from http://views.cira.colostate.edu/fed/DataWizard 2019-12-16, Sample duration=1d, Orig. time res.=3d, Matrix=pm10, Blank correction=Blank corrected, Volume std. temperature=ambient, Volume std. pressure=ambient
pm10_pm25_mass, ug/m3, Revision date=20181210133000, Matrix=pm10_pm25
numflag pm10_pm25_mass, no unit, Revision date=20181210133000, Matrix=pm10_pm25
pm25_mass, ug/m3, Version=2, Version description=Data extracted from http://views.cira.colostate.edu/fed/DataWizard 2019-12-16, Sample duration=1d, Orig. time res.=3d, Blank correction=Blank corrected, Volume std. temperature=ambient, Volume std. pressure=ambient
numflag pm25_mass, no unit, Version=2, Version description=Data extracted from http://views.cira.colostate.edu/fed/DataWizard 2019-12-16, Sample duration=1d, Orig. time res.=3d, Blank correction=Blank corrected, Volume std. temperature=ambient, Volume std. pressure=ambient
potassium, ug/m3, Revision date=20181210133000
numflag potassium, no unit, Revision date=20181210133000
sulphate_total, ug S/m3, Revision date=20181210133000
numflag sulphate_total, no unit, Revision date=20181210133000
0
25
Data definition:              EBAS_1.1
Set type code:                TU
Timezone:                     UTC
File name:                    US9072R.20050101080000.20191216000000.filterpack..pm25.10mo.1w.US03L_filterpack_US9072.US03L_IMPROVE_Davis.lev2.nas
File creation:                20191218121027
Startdate:                    20050101080000
Revision date:                20191216000000
Statistics:                   arithmetic mean
Data level:                   2
Period code:                  10mo
Resolution code:              1w
Station code:                 US9072R
Platform code:                US9072S
Station name:                 Walker River Paiute Tribe
Station latitude:             38.9519
Station longitude:            -118.8146
Station altitude:             1250.0 m
Regime:                       IMG
Component:                    
Matrix:                       pm25
Laboratory code:              US03L
Instrument type:              filterpack
Instrument name:              filterpack_US9072
Method ref:                   US03L_IMPROVE_Davis
starttime endtime Fe flag_Fe Pb flag_Pb Mg++ flag_Mg++ Ni flag_Ni NO3- flag_NO3- OC flag_OC OM flag_OM PM10 flag_PM10 PM10-PM2.5 flag_PM10-PM2.5 PM2.5 flag_PM2.5 K+ flag_K+ SO4-- flag_SO4--
  0.333333   1.333333    5.63 0.559  0.50 0.559000 9.999 0.559259 0.15 0.559000  0.032 0.559  0.964 0.000  1.736 0.000   3.238 0.000   1.493 0.559000   1.745 0.659  0.050 0.559 0.050 0.559
  3.333333   4.333333    4.40 0.559  0.81 0.559000 9.999 0.559259 9.99 0.559259  0.271 0.559  0.668 0.000  1.203 0.000   3.602 0.000   0.309 0.559000   3.298 0.659  0.018 0.559 0.224 0.559
  6.333333   7.333333 9999.99 0.999 99.99 0.999000 9.999 0.999000 9.99 0.999000 99.999 0.999 99.999 0.999 99.999 0.999 999.999 0.999 999.999 0.999000 999.999 0.999 99.999 0.999 9.999 0.999
  9.333333  10.333333 9999.99 0.999 99.99 0.999000 9.999 0.999000 9.99 0.999000 99.999 0.999 99.999 0.999 99.999 0.999 999.999 0.999 999.999 0.999000 999.999 0.999 99.999 0.999 9.999 0.999
 12.333333  13.333333   20.29 0.559  0.32 0.559000 9.999 0.559259 9.99 0.559259  0.362 0.559  1.373 0.000  2.471 0.000   9.065 0.000   3.920 0.559000   5.143 0.659  0.037 0.559 0.069 0.559
 15.333333  16.333333   22.46 0.559  0.32 0.559000 9.999 0.559259 0.25 0.559000  3.042 0.559  2.643 0.000  4.758 0.000  27.495 0.000   1.039 0.559000  26.445 0.659  0.090 0.559 0.246 0.559
 18.333333  19.333333    3.31 0.559  0.44 0.559000 9.999 0.559259 0.19 0.559000  0.616 0.559  0.448 0.559  0.806 0.559   4.668 0.000   0.014 0.559000   4.652 0.659  0.009 0.559 0.064 0.559
 21.333333  22.333333    1.58 0.559  0.37 0.559000 9.999 0.559259 0.12 0.559000  0.370 0.559  0.535 0.559  0.962 0.559   2.254 0.000 999.999 0.559259   2.877 0.659  0.010 0.559 0.030 0.559
 24.333333  25.333333    6.51 0.559  0.37 0.559000 9.999 0.559259 9.99 0.559259  1.153 0.559  0.822 0.559  1.480 0.559  10.260 0.000   1.154 0.559000   9.121 0.659  0.017 0.559 0.141 0.559
 27.333333  28.333333    6.64 0.559 99.99 0.559259 9.999 0.559259 9.99 0.559259  0.189 0.559  1.204 0.000  2.168 0.000   3.623 0.000   0.280 0.559000   3.343 0.659  0.028 0.559 0.060 0.559
 30.333333  31.333333    5.94 0.559  0.41 0.559000 0.009 0.559000 0.12 0.559000  0.286 0.559  1.017 0.559  1.831 0.559   4.486 0.000   0.744 0.559000   3.741 0.659  0.024 0.559 0.073 0.559
 33.333333  34.333333   14.80 0.559  1.00 0.559000 9.999 0.559259 0.13 0.559000  0.735 0.559  1.331 0.000  2.396 0.000   9.566 0.000   0.815 0.559000   8.749 0.659  0.043 0.559 0.211 0.559
 36.333333  37.333333   13.20 0.000  0.48 0.000000 9.999 0.259000 9.99 0.259000  0.652 0.559  1.401 0.000  2.522 0.000   8.143 0.000   0.504 0.000000   7.640 0.000  0.038 0.000 0.128 0.559
 39.333333  40.333333 9999.99 0.999 99.99 0.999000 9.999 0.999000 9.99 0.999000  0.363 0.559  0.810 0.000  1.458 0.000   6.364 0.000 999.999 0.999000 999.999 0.999 99.999 0.999 0.098 0.559
 42.333333  43.333333 9999.99 0.999 99.99 0.999000 9.999 0.999000 9.99 0.999000  0.669 0.559  1.327 0.000  2.388 0.000   7.333 0.000 999.999 0.999000 999.999 0.999 99.999 0.999 0.205 0.559
 45.333333  46.333333 9999.99 0.999 99.99 0.999000 9.999 0.999000 9.99 0.999000  0.185 0.559  0.636 0.000  1.146 0.000   4.242 0.000 999.999 0.999000 999.999 0.999 99.999 0.999 0.130 0.559
 48.333333  49.333333   19.72 0.000  2.03 0.000000 9.999 0.259000 0.11 0.000000  0.774 0.559  1.278 0.000  2.300 0.000  10.379 0.000   0.945 0.000000   9.432 0.000  0.051 0.000 0.158 0.559
 51.333333  52.333333    4.71 0.559  0.30 0.559000 0.009 0.559000 0.15 0.559000  0.015 0.559  0.526 0.000  0.947 0.000   1.651 0.000   0.478 0.559000   1.172 0.659  0.010 0.559 0.037 0.559
 54.333333  55.333333   18.03 0.559  0.44 0.559000 9.999 0.559259 0.12 0.559000  0.336 0.559  0.927 0.000  1.670 0.000   8.008 0.000   3.655 0.559000   4.352 0.659  0.022 0.559 0.225 0.559
 57.333333  58.333333   15.34 0.559  0.22 0.559000 9.999 0.559259 0.13 0.559000  0.058 0.559  1.301 0.000  2.341 0.000   5.254 0.000   2.181 0.559000   3.072 0.659  0.025 0.559 0.134 0.559
 60.333333  61.333333  107.14 0.559  2.05 0.559000 9.999 0.559259 9.99 0.559259  0.067 0.559  0.928 0.559  1.671 0.559   6.904 0.000   4.624 0.559000   2.279 0.659  0.049 0.559 0.065 0.559
 63.333333  64.333333   19.01 0.559  0.73 0.559000 9.999 0.559259 0.23 0.559000  0.116 0.559  1.249 0.559  2.249 0.559   6.570 0.000   3.595 0.559000   2.974 0.659  0.028 0.559 0.111 0.559
 66.333333  67.333333   49.79 0.559  1.42 0.559000 9.999 0.559259 9.99 0.559259  0.099 0.559  1.347 0.559  2.425 0.559  13.394 0.000   9.885 0.559000   3.623 0.659  0.055 0.559 0.107 0.559
 69.333333  70.333333   84.92 0.000  0.96 0.000000 9.999 0.259000 0.14 0.000000  0.077 0.559  1.020 0.559  1.836 0.559  14.875 0.000   9.870 0.000000   5.056 0.000  0.124 0.000 0.138 0.559
 72.333333  73.333333  136.59 0.000  1.35 0.000000 0.066 0.000000 0.17 0.000000  0.030 0.559  0.598 0.559  1.077 0.559  21.224 0.000  16.126 0.000000   5.097 0.000  0.106 0.000 0.139 0.559
 75.333333  76.333333  120.79 0.000  3.94 0.000000 0.033 0.000000 0.11 0.000000  0.040 0.559  0.598 0.000  1.076 0.000  14.180 0.000   8.634 0.000000   5.544 0.000  0.089 0.000 0.374 0.559
 78.333333  79.333333   24.00 0.000 99.99 0.259000 9.999 0.259000 9.99 0.259000  0.005 0.559  0.121 0.000  0.218 0.000   1.151 0.000   0.301 0.000000   0.850 0.000  0.018 0.000 0.026 0.559
 81.333333  82.333333   17.14 0.000  0.55 0.000000 9.999 0.259000 9.99 0.259000  0.002 0.559  0.086 0.000  0.154 0.000   1.521 0.000   1.103 0.000000   0.418 0.000  0.010 0.000 0.008 0.559
 84.333333  85.333333   23.09 0.000  1.21 0.000000 9.999 0.259000 9.99 0.259000  0.042 0.559  1.041 0.000  1.874 0.000   6.227 0.000   3.906 0.000000   2.320 0.000  0.045 0.000 0.102 0.559
 87.333333  88.333333   20.90 0.000  1.08 0.000000 0.008 0.000000 9.99 0.259000  0.008 0.559  0.273 0.000  0.492 0.000   6.049 0.000   4.830 0.000000   1.291 0.000  0.018 0.000 0.148 0.559
 90.333333  91.333333   43.57 0.000  0.80 0.000000 0.012 0.000000 9.99 0.259000  0.020 0.559  0.467 0.000  0.840 0.000   8.193 0.000   5.550 0.000000   2.642 0.000  0.038 0.000 0.206 0.559
 93.333333  94.333333   18.05 0.000  0.59 0.000000 9.999 0.259000 0.06 0.000000  0.018 0.559  0.244 0.000  0.439 0.000   4.896 0.000   3.535 0.000000   1.361 0.000  0.016 0.000 0.154 0.559
 96.333333  97.333333   97.96 0.000  1.76 0.000000 0.025 0.000000 0.11 0.000000  0.061 0.000  0.249 0.000  0.449 0.000  13.065 0.000   8.650 0.000000   4.415 0.000  0.070 0.000 0.332 0.000
 99.333333 100.333333   77.92 0.000  1.91 0.000000 0.023 0.000000 9.99 0.259000  0.042 0.000  0.616 0.000  1.109 0.000  11.816 0.000   7.964 0.000000   3.852 0.000  0.062 0.000 0.282 0.000
102.333333 103.333333   91.99 0.000  1.39 0.000000 0.027 0.000000 0.08 0.000000  0.043 0.000  0.477 0.000  0.858 0.000  17.009 0.000  13.326 0.000000   3.683 0.000  0.063 0.000 0.243 0.000
105.333333 106.333333   75.30 0.000  1.08 0.000000 0.028 0.000000 9.99 0.259000  0.032 0.559  0.553 0.000  0.996 0.000  10.149 0.000   6.908 0.000000   3.239 0.000  0.060 0.000 0.175 0.559
108.333333 109.333333   37.64 0.000  0.39 0.000000 9.999 0.259000 0.06 0.000000  0.018 0.000  0.188 0.000  0.339 0.000   4.745 0.000   3.227 0.000000   1.563 0.000  0.024 0.000 0.094 0.000
111.333333 112.333333   89.30 0.000  0.57 0.000000 0.025 0.000000 0.09 0.000000  0.044 0.000  0.567 0.000  1.020 0.000  13.592 0.000   9.718 0.000000   3.873 0.000  0.058 0.000 0.199 0.000
114.333333 115.333333   52.44 0.000  0.74 0.000000 9.999 0.259000 0.06 0.000000  0.038 0.559  0.754 0.000  1.357 0.000   8.760 0.000   5.737 0.000000   3.022 0.000  0.038 0.000 0.202 0.559
117.333333 118.333333   36.59 0.000  1.03 0.000000 0.013 0.000000 9.99 0.259000  0.093 0.000  0.354 0.000  0.638 0.000   5.075 0.000   2.288 0.000000   2.787 0.000  0.026 0.000 0.249 0.000
120.333333 121.333333   25.19 0.000  0.35 0.000000 9.999 0.259000 9.99 0.259000  0.033 0.000  0.240 0.000  0.432 0.000   2.430 0.000   0.640 0.000000   1.790 0.000  0.016 0.000 0.137 0.000
123.333333 124.333333   94.62 0.000  1.96 0.000000 0.013 0.000000 0.08 0.000000  0.035 0.000  0.684 0.000  1.232 0.000   8.887 0.000   4.220 0.000000   4.666 0.000  0.058 0.000 0.370 0.000
126.333333 127.333333 9999.99 0.999 99.99 0.999000 9.999 0.999000 9.99 0.999000 99.999 0.999 99.999 0.999 99.999 0.999 999.999 0.999 999.999 0.999000 999.999 0.999 99.999 0.999 9.999 0.999
129.333333 130.333333   11.76 0.559  0.65 0.559000 9.999 0.559259 9.99 0.559259  0.007 0.559  0.140 0.000  0.251 0.000   1.855 0.000   1.188 0.559000   0.684 0.659  0.009 0.559 0.073 0.559
132.333333 133.333333   48.35 0.559  1.04 0.559000 0.011 0.559000 9.99 0.559259  0.031 0.000  0.523 0.000  0.942 0.000   6.179 0.000   3.119 0.559000   3.058 0.659  0.048 0.559 0.241 0.000
135.333333 136.333333   27.20 0.000  0.94 0.000000 9.999 0.259000 9.99 0.259000  0.014 0.000  0.251 0.000  0.451 0.000   3.849 0.000   2.367 0.000000   1.481 0.000  0.019 0.000 0.126 0.000
138.333333 139.333333   34.65 0.000  0.68 0.000000 0.012 0.000000 0.18 0.000000  0.012 0.000  0.245 0.000  0.442 0.000   2.439 0.000   0.916 0.000000   1.523 0.000  0.023 0.000 0.132 0.000
141.333333 142.333333   37.43 0.000  1.39 0.000000 9.999 0.259000 9.99 0.259000  0.022 0.000  0.824 0.000  1.484 0.000   5.785 0.000   3.422 0.000000   2.362 0.000  0.027 0.000 0.149 0.000
144.333333 145.333333  111.92 0.000  0.72 0.000000 0.023 0.000000 9.99 0.259000  0.047 0.000  0.670 0.000  1.207 0.000  20.032 0.000  14.991 0.000000   5.040 0.000  0.082 0.000 0.228 0.000
147.333333 148.333333   61.05 0.000  0.86 0.000000 9.999 0.259000 0.13 0.000000  0.030 0.559  0.828 0.000  1.490 0.000  11.836 0.000   6.982 0.000000   4.854 0.000  0.067 0.000 0.386 0.559
150.333333 151.333333   44.39 0.000  0.95 0.000000 0.008 0.000000 9.99 0.259000  0.022 0.559  1.219 0.000  2.194 0.000  12.518 0.000   7.750 0.000000   4.800 0.000  0.037 0.000 0.312 0.559
153.333333 154.333333  100.43 0.000  0.53 0.000000 0.035 0.000000 9.99 0.259000  0.018 0.000  0.624 0.000  1.123 0.000  15.345 0.000  11.187 0.000000   4.157 0.000  0.080 0.000 0.137 0.000
156.333333 157.333333   70.95 0.000  1.24 0.000000 9.999 0.259000 9.99 0.259000  0.039 0.000  0.644 0.000  1.160 0.000  13.301 0.000   9.563 0.000000   3.737 0.000  0.047 0.000 0.226 0.000
159.333333 160.333333   35.67 0.000 99.99 0.259000 0.015 0.000000 0.08 0.000000  0.007 0.000  0.325 0.000  0.585 0.000   5.793 0.000   4.389 0.000000   1.403 0.000  0.022 0.000 0.037 0.000
162.333333 163.333333   39.64 0.000  0.81 0.000000 0.007 0.000000 9.99 0.259000  0.012 0.000  0.509 0.000  0.916 0.000  10.125 0.000   7.612 0.000000   2.513 0.000  0.058 0.000 0.152 0.000
165.333333 166.333333   94.51 0.000  0.88 0.000000 9.999 0.259000 9.99 0.259000  0.048 0.000  1.840 0.000  3.313 0.000  17.959 0.000  10.246 0.000000   7.711 0.000  0.101 0.000 0.432 0.000
168.333333 169.333333   48.04 0.000  0.51 0.000000 0.018 0.000000 9.99 0.259000  0.054 0.000  0.303 0.000  0.546 0.000  11.925 0.000   8.691 0.000000   3.239 0.000  0.043 0.000 0.195 0.000
171.333333 172.333333   72.47 0.000  0.67 0.000000 0.019 0.000000 9.99 0.259000  0.014 0.000  0.771 0.000  1.389 0.000  16.455 0.000  12.268 0.000000   4.334 0.000  0.090 0.000 0.310 0.000
174.333333 175.333333  124.22 0.000  0.61 0.000000 0.024 0.000000 9.99 0.259000  0.026 0.000  1.544 0.000  2.779 0.000  20.235 0.000  12.029 0.000000   8.206 0.000  0.090 0.000 0.532 0.000
177.333333 178.333333   49.14 0.000  0.53 0.000000 0.015 0.000000 9.99 0.259000  0.025 0.559  0.914 0.000  1.646 0.000  13.481 0.000   8.696 0.000000   4.785 0.000  0.046 0.000 0.371 0.559
180.333333 181.333333  148.59 0.000  0.88 0.000000 0.052 0.000000 9.99 0.259000  0.009 0.000  0.842 0.000  1.515 0.000  29.215 0.000  24.333 0.000000   4.881 0.000  0.106 0.000 0.114 0.000
183.333333 184.333333   76.45 0.000  0.70 0.000000 9.999 0.259000 0.06 0.000000  0.023 0.000  0.789 0.000  1.421 0.000  16.780 0.000  12.484 0.000000   4.296 0.000  0.097 0.000 0.249 0.000
186.333333 187.333333  246.21 0.000  1.29 0.000000 0.062 0.000000 9.99 0.259000  0.029 0.559  1.798 0.000  3.236 0.000  33.177 0.000  23.364 0.000000   9.812 0.000  0.210 0.000 0.238 0.559
189.333333 190.333333  156.01 0.000  0.60 0.000000 9.999 0.259000 9.99 0.259000  0.015 0.559  0.397 0.000  0.715 0.000  24.498 0.000  19.364 0.000000   5.134 0.000  0.099 0.000 0.206 0.559
192.333333 193.333333  146.06 0.000  0.59 0.000000 9.999 0.259000 9.99 0.259000  0.014 0.000  1.008 0.000  1.815 0.000  31.201 0.000  26.150 0.000000   5.459 0.000  0.092 0.000 0.177 0.000
195.333333 196.333333  283.49 0.000  0.71 0.000000 0.058 0.000000 9.99 0.259000  0.017 0.000  2.027 0.000  3.648 0.000  44.658 0.000  33.066 0.000000  11.591 0.000  0.184 0.000 0.349 0.000
198.333333 199.333333  194.46 0.000  0.76 0.000000 0.038 0.000000 9.99 0.259000  0.013 0.000  1.425 0.000  2.565 0.000  30.137 0.000  22.098 0.000000   8.036 0.000  0.133 0.000 0.324 0.000
201.333333 202.333333  239.10 0.000  0.95 0.000000 9.999 0.259000 0.06 0.000000  0.021 0.000  1.468 0.000  2.641 0.000  49.633 0.000  39.814 0.000000   9.820 0.000  0.198 0.000 0.380 0.000
204.333333 205.333333  105.96 0.000  0.52 0.000000 9.999 0.259000 9.99 0.259000  0.011 0.000  0.561 0.000  1.009 0.000  19.094 0.000  14.666 0.000000   4.428 0.000  0.080 0.000 0.156 0.000
207.333333 208.333333  190.48 0.000  0.68 0.000000 9.999 0.259000 9.99 0.259000  0.014 0.000  1.255 0.000  2.258 0.000  23.102 0.000  15.791 0.000000   7.310 0.000  0.130 0.000 0.189 0.000
210.333333 211.333333   61.65 0.000  0.49 0.000000 0.011 0.000000 9.99 0.259000  0.018 0.559  1.169 0.000  2.104 0.000  17.337 0.000  12.988 0.000000   4.348 0.000  0.046 0.000 0.271 0.559
213.333333 214.333333  148.67 0.000  0.47 0.000000 0.026 0.000000 9.99 0.259000  0.012 0.000  0.864 0.000  1.555 0.000  14.088 0.000   8.892 0.000000   5.296 0.000  0.095 0.000 0.202 0.000
216.333333 217.333333  344.22 0.000  0.77 0.000000 0.085 0.000000 9.99 0.259000  0.015 0.000  1.419 0.000  2.555 0.000  35.907 0.000  25.273 0.000000  10.632 0.000  0.219 0.000 0.295 0.000
219.333333 220.333333   62.70 0.559  0.49 0.559000 9.999 0.559259 9.99 0.559259  0.010 0.000  0.726 0.000  1.306 0.000  13.588 0.000   9.882 0.559000   3.705 0.659  0.042 0.559 0.267 0.000
222.333333 223.333333  157.24 0.559  0.64 0.559000 0.023 0.559000 9.99 0.559259  0.007 0.000  0.824 0.000  1.482 0.000  22.999 0.000  18.082 0.559000   4.917 0.659  0.103 0.559 0.161 0.000
225.333333 226.333333  112.07 0.000  0.66 0.000000 9.999 0.259000 9.99 0.259000  0.020 0.000  2.479 0.000  4.462 0.000  22.108 0.000  15.107 0.000000   6.999 0.659  0.114 0.000 0.117 0.000
228.333333 229.333333  165.86 0.559  0.84 0.559000 9.999 0.559259 9.99 0.559259  0.022 0.000  1.295 0.000  2.331 0.000  20.787 0.000  13.531 0.559000   7.254 0.659  0.108 0.559 0.276 0.000
231.333333 232.333333  191.19 0.559  0.79 0.559000 0.022 0.559000 9.99 0.559259  0.018 0.000  0.793 0.000  1.427 0.000  15.563 0.000   8.976 0.559000   6.586 0.659  0.122 0.559 0.291 0.000
234.333333 235.333333   96.07 0.559  0.85 0.559000 0.017 0.559000 9.99 0.559259  0.014 0.000  1.103 0.000  1.986 0.000  18.418 0.000  13.330 0.559000   5.287 0.659  0.062 0.559 0.243 0.000
237.333333 238.333333  147.04 0.000  0.84 0.000000 0.027 0.000000 0.07 0.000000  0.032 0.000  2.484 0.000  4.471 0.000  26.582 0.000  18.325 0.000000   8.256 0.000  0.136 0.000 0.220 0.000
240.333333 241.333333  122.67 0.000  0.57 0.000000 0.024 0.000000 9.99 0.259000  0.008 0.000  0.545 0.000  0.981 0.000  29.561 0.000  25.918 0.000000   3.643 0.000  0.072 0.000 0.104 0.000
243.333333 244.333333  281.03 0.000  0.92 0.000000 9.999 0.259000 0.16 0.000000  0.157 0.000  2.404 0.000  4.327 0.000  38.949 0.000  22.528 0.000000  16.419 0.000  1.239 0.000 0.354 0.000
246.333333 247.333333  167.35 0.000  0.99 0.000000 0.025 0.000000 9.99 0.259000  0.040 0.559  1.049 0.000  1.888 0.000  20.371 0.000  13.838 0.000000   6.684 0.000  0.106 0.000 0.314 0.559
249.333333 250.333333  193.73 0.000  0.94 0.000000 9.999 0.259000 9.99 0.259000  0.019 0.559  0.928 0.000  1.670 0.000  22.561 0.000  16.247 0.000000   6.312 0.000  0.130 0.000 0.147 0.559
