scripts/IMPROVE-2019_partial/data/US9038R.20030103070000.20191216000000.filterpack..pm25.1y.1w.US03L_filterpack_US9038.US03L_IMPROVE_Davis.lev2.nas
66 1001
MISSING INFORMATION
US03L, IMPROVE, , , , , , , 
MISSING INFORMATION
IMPROVE sel_HTAP
1 1
2003 01 01 2019 12 16
3.000000
days from file reference point
27
1 1 1 1 1 1 1 1 1 1 1 1 1 1 1 1 1 1 1 1 1 1 1 1 1 1 1
999.999999 9999.99 9.999999 99.99 9.999999 9.999 9.999999999 99.99 9.999999 99.999 9.999 99.999 9.999 999.999 9.999 999.99 9.999999999 999.999 9.999 999.999 9.999 999.999 9.999 9.999 9.999999 9.999 9.999
end_time of measurement, days from the file reference point
iron, ng/m3, Revision date=20181210133000
numflag iron, no unit, Revision date=20181210133000
lead, ng/m3, Revision date=20181210133000
numflag lead, no unit, Revision date=20181210133000
magnesium, ug/m3, Revision date=20181210133000
numflag magnesium, no unit, Revision date=20181210133000
nickel, ng/m3, Revision date=20181210133000
numflag nickel, no unit, Revision date=20181210133000
nitrate, ug N/m3, Revision date=20181210133000
numflag nitrate, no unit, Revision date=20181210133000
organic_carbon, ug C/m3, Revision date=20181210133000
numflag organic_carbon, no unit, Revision date=20181210133000
organic_mass, ug/m3, Revision date=20181210133000
numflag organic_mass, no unit, Revision date=20181210133000
phosphorus, ng/m3, Revision date=20181210133000
numflag phosphorus, no unit, Revision date=20181210133000
pm10_mass, ug/m3, Version=2, Version description=Data extracted from http://views.cira.colostate.edu/fed/DataWizard 2019-12-16, Sample duration=1d, Orig. time res.=3d, Matrix=pm10, Blank correction=Blank corrected, Volume std. temperature=ambient, Volume std. pressure=ambient
numflag pm10_mass, no unit, Version=2, Version description=Data extracted from http://views.cira.colostate.edu/fed/DataWizard 2019-12-16, Sample duration=1d, Orig. time res.=3d, Matrix=pm10, Blank correction=Blank corrected, Volume std. temperature=ambient, Volume std. pressure=ambient
pm10_pm25_mass, ug/m3, Revision date=20181210133000, Matrix=pm10_pm25
numflag pm10_pm25_mass, no unit, Revision date=20181210133000, Matrix=pm10_pm25
pm25_mass, ug/m3, Version=2, Version description=Data extracted from http://views.cira.colostate.edu/fed/DataWizard 2019-12-16, Sample duration=1d, Orig. time res.=3d, Blank correction=Blank corrected, Volume std. temperature=ambient, Volume std. pressure=ambient
numflag pm25_mass, no unit, Version=2, Version description=Data extracted from http://views.cira.colostate.edu/fed/DataWizard 2019-12-16, Sample duration=1d, Orig. time res.=3d, Blank correction=Blank corrected, Volume std. temperature=ambient, Volume std. pressure=ambient
potassium, ug/m3, Revision date=20181210133000
numflag potassium, no unit, Revision date=20181210133000
sulphate_total, ug S/m3, Revision date=20181210133000
numflag sulphate_total, no unit, Revision date=20181210133000
0
25
Data definition:              EBAS_1.1
Set type code:                TU
Timezone:                     UTC
File name:                    US9038R.20030103070000.20191216000000.filterpack..pm25.1y.1w.US03L_filterpack_US9038.US03L_IMPROVE_Davis.lev2.nas
File creation:                20191218120756
Startdate:                    20030103070000
Revision date:                20191216000000
Statistics:                   arithmetic mean
Data level:                   2
Period code:                  1y
Resolution code:              1w
Station code:                 US9038R
Platform code:                US9038S
Station name:                 Saguaro NM
Station latitude:             32.1746
Station longitude:            -110.7371
Station altitude:             941.0 m
Regime:                       IMG
Component:                    
Matrix:                       pm25
Laboratory code:              US03L
Instrument type:              filterpack
Instrument name:              filterpack_US9038
Method ref:                   US03L_IMPROVE_Davis
starttime endtime Fe flag_Fe Pb flag_Pb Mg++ flag_Mg++ Ni flag_Ni NO3- flag_NO3- OC flag_OC OM flag_OM P flag_P PM10 flag_PM10 PM10-PM2.5 flag_PM10-PM2.5 PM2.5 flag_PM2.5 K+ flag_K+ SO4-- flag_SO4--
[from data line 75]
227.291667 228.291667   59.94 0.000000  0.87 0.000000 9.999 0.259000000  0.08 0.000000  0.037 0.000  1.106 0.000   1.548 0.000 999.99 0.259000000  11.184 0.000   5.833 0.000   5.351 0.000 0.046 0.000000 0.495 0.000
230.291667 231.291667   23.13 0.000000  0.26 0.000000 0.077 0.000000000  0.10 0.000000  0.027 0.559  0.505 0.000   0.707 0.000 999.99 0.259000000   5.712 0.000   3.058 0.000   2.655 0.000 0.022 0.000000 0.312 0.559
233.291667 234.291667   65.67 0.000000  0.46 0.000000 9.999 0.259000000  0.18 0.000000  0.068 0.000  0.986 0.000   1.380 0.000 999.99 0.259000000  11.199 0.000   5.893 0.000   5.307 0.000 0.096 0.000000 0.490 0.000
236.291667 237.291667   52.20 0.000000  0.58 0.000000 9.999 0.259000000  0.07 0.000000  0.049 0.559  1.230 0.000   1.722 0.000 999.99 0.259000000  11.165 0.000   5.829 0.000   5.337 0.000 0.040 0.000000 0.478 0.559
239.291667 240.291667   44.24 0.000000  0.59 0.000000 9.999 0.259000000  0.20 0.000000  0.042 0.000 99.999 0.999 999.999 0.999 999.99 0.259000000 999.999 0.456 999.999 0.999   3.818 0.000 0.030 0.000000 0.414 0.000
242.291667 243.291667   44.16 0.000000  0.55 0.000000 9.999 0.259000000  0.13 0.000000  0.036 0.000 99.999 0.999 999.999 0.999 999.99 0.259000000 999.999 0.456 999.999 0.999   3.684 0.000 0.033 0.000000 0.379 0.000
245.291667 246.291667   44.94 0.000000  0.47 0.000000 9.999 0.259000000  0.11 0.000000  0.020 0.000  0.887 0.000   1.242 0.000 999.99 0.259000000  11.830 0.000   7.918 0.000   3.912 0.000 0.038 0.000000 0.367 0.000
248.291667 249.291667   62.37 0.000000  0.56 0.000000 9.999 0.259000000  0.12 0.000000  0.057 0.000  0.946 0.000   1.324 0.000 999.99 0.259000000  16.691 0.000  11.384 0.000   5.307 0.000 0.061 0.000000 0.497 0.000
251.291667 252.291667   22.12 0.000000  0.43 0.000000 9.999 0.259000000  0.22 0.000000  0.042 0.000  0.467 0.000   0.654 0.000 999.99 0.259000000   8.454 0.000   5.451 0.000   3.003 0.000 0.022 0.000000 0.375 0.000
254.291667 255.291667   93.57 0.000000  1.49 0.000000 9.999 0.259000000  0.11 0.000000  0.054 0.000  0.739 0.000   1.035 0.000 999.99 0.259000000  11.696 0.000   7.625 0.000   4.071 0.000 0.060 0.000000 0.226 0.000
257.291667 258.291667   57.71 0.000000  0.90 0.000000 9.999 0.259000000 99.99 0.259000  0.029 0.000  0.989 0.000   1.384 0.000 999.99 0.259000000  12.224 0.000   8.015 0.000   4.209 0.000 0.053 0.000000 0.299 0.000
260.291667 261.291667  103.23 0.000000  0.59 0.000000 9.999 0.259000000  0.31 0.000000  0.076 0.000  0.657 0.000   0.919 0.000 999.99 0.259000000  17.785 0.000  12.003 0.000   5.782 0.000 0.079 0.000000 0.515 0.000
263.291667 264.291667   74.62 0.000000  1.41 0.000000 9.999 0.259000000  0.12 0.000000  0.042 0.000  0.859 0.000   1.203 0.000 999.99 0.259000000  12.398 0.000   8.443 0.000   3.955 0.000 0.059 0.000000 0.299 0.000
266.291667 267.291667   21.43 0.000000  0.45 0.000000 9.999 0.259000000 99.99 0.259000  0.034 0.000  0.588 0.000   0.823 0.000 999.99 0.259000000   5.311 0.000   3.137 0.000   2.174 0.000 0.020 0.000000 0.218 0.000
269.291667 270.291667   52.25 0.000000  1.95 0.000000 0.021 0.000000000 99.99 0.259000  0.060 0.000  1.325 0.000   1.854 0.000 999.99 0.259000000  13.686 0.000   8.160 0.000   5.525 0.000 0.048 0.000000 0.453 0.000
272.291667 273.291667   82.87 0.000000  1.85 0.000000 9.999 0.259000000 99.99 0.259000  0.066 0.000  1.518 0.000   2.124 0.000 999.99 0.259000000   9.236 0.000   2.770 0.000   6.466 0.000 0.099 0.000000 0.533 0.000
275.291667 276.291667   34.78 0.000000  0.66 0.000000 9.999 0.259000000  0.30 0.000000  0.027 0.000  0.465 0.000   0.651 0.000 999.99 0.259000000   9.165 0.000   5.481 0.000   3.684 0.000 0.029 0.000000 0.421 0.000
278.291667 279.291667   38.36 0.000000  0.88 0.000000 9.999 0.259000000  0.10 0.000000  0.023 0.559  0.493 0.000   0.690 0.000 999.99 0.259000000   8.497 0.000   5.568 0.000   2.929 0.000 0.032 0.000000 0.290 0.559
281.291667 282.291667   33.33 0.000000  1.10 0.000000 0.024 0.000000000  0.10 0.000000  0.027 0.000  0.652 0.000   0.912 0.000 999.99 0.259000000   6.372 0.000   3.249 0.000   3.123 0.000 0.023 0.000000 0.266 0.000
284.291667 285.291667   32.64 0.000000  0.42 0.000000 0.024 0.000000000 99.99 0.259000  0.021 0.000  0.607 0.000   0.849 0.000 999.99 0.259000000   8.934 0.000   6.266 0.000   2.669 0.000 0.025 0.000000 0.215 0.000
287.291667 288.291667   79.73 0.000000  1.17 0.000000 0.036 0.000000000  0.08 0.000000  0.042 0.000  0.764 0.000   1.070 0.000 999.99 0.259000000  13.808 0.000   8.614 0.000   5.193 0.000 0.065 0.000000 0.490 0.000
290.291667 291.291667   47.55 0.000000  0.63 0.000000 9.999 0.259000000  0.12 0.000000  0.029 0.000  0.508 0.000   0.712 0.000 999.99 0.259000000   9.990 0.000   6.609 0.000   3.381 0.000 0.043 0.000000 0.320 0.000
293.291667 294.291667   42.46 0.000000  0.61 0.000000 0.034 0.000000000  0.10 0.000000  0.019 0.559  0.978 0.000   1.369 0.000 999.99 0.259000000   9.849 0.000   6.340 0.000   3.509 0.000 0.035 0.000000 0.296 0.559
296.291667 297.291667  116.33 0.000000  1.34 0.000000 9.999 0.259000000  0.07 0.000000  0.031 0.000  1.163 0.000   1.627 0.000 999.99 0.259000000  18.722 0.000  12.472 0.000   6.250 0.000 0.105 0.000000 0.319 0.000
299.291667 300.291667   95.69 0.000000  0.66 0.000000 9.999 0.259000000 99.99 0.259000  0.035 0.000  0.822 0.000   1.151 0.000 999.99 0.259000000  16.748 0.000  12.720 0.000   4.028 0.000 0.069 0.000000 0.190 0.000
302.291667 303.291667   98.82 0.000000  1.84 0.000000 9.999 0.259000000  0.16 0.000000  0.241 0.000  7.469 0.000  10.457 0.000 999.99 0.259000000  37.597 0.000  18.626 0.000  18.971 0.000 0.474 0.000000 0.337 0.000
305.291667 306.291667   83.07 0.000000  1.56 0.000000 9.999 0.259000000  0.40 0.000000  0.120 0.000  2.021 0.000   2.829 0.000 999.99 0.259000000  21.394 0.000  12.483 0.000   8.911 0.000 0.197 0.000000 0.616 0.000
308.291667 309.291667   98.16 0.000000  0.88 0.000000 9.999 0.259000000 99.99 0.259000  0.071 0.000  0.689 0.000   0.964 0.000 999.99 0.259000000  18.096 0.000  13.912 0.000   4.185 0.000 0.070 0.000000 0.152 0.000
311.291667 312.291667  119.50 0.000000  2.24 0.000000 0.044 0.000000000 99.99 0.259000  0.073 0.000  0.861 0.000   1.205 0.000 999.99 0.259000000  21.902 0.000  16.989 0.000   4.913 0.000 0.089 0.000000 0.206 0.000
314.291667 315.291667   15.58 0.000000  0.54 0.000000 0.039 0.000000000  0.14 0.000000  0.035 0.000  0.417 0.000   0.584 0.000 999.99 0.259000000   3.677 0.000   1.906 0.000   1.771 0.000 0.014 0.000000 0.192 0.000
317.291667 318.291667   43.33 0.000000  0.83 0.000000 0.055 0.000000000  0.12 0.000000  1.365 0.000  1.588 0.000   2.223 0.000 999.99 0.259000000   9.722 0.000   3.412 0.000   6.310 0.000 0.030 0.000000 0.508 0.000
320.291667 321.291667   30.48 0.000000  1.08 0.000000 9.999 0.259000000  0.17 0.000000  0.710 0.000  0.881 0.000   1.233 0.000 999.99 0.259000000   7.314 0.000   4.084 0.000   3.231 0.000 0.023 0.000000 0.213 0.000
323.291667 324.291667   53.74 0.000000  0.92 0.000000 9.999 0.259000000  0.09 0.000000  0.025 0.000  0.513 0.000   0.719 0.000 999.99 0.259000000   7.351 0.000   4.935 0.000   2.415 0.000 0.030 0.000000 0.104 0.000
326.291667 327.291667   36.08 0.000000  1.59 0.000000 9.999 0.259000000 99.99 0.259000  0.050 0.000  0.828 0.000   1.159 0.000 999.99 0.259000000   8.465 0.000   5.808 0.000   2.657 0.000 0.040 0.000000 0.096 0.000
329.291667 330.291667   84.63 0.000000  1.49 0.000000 9.999 0.259000000  0.11 0.000000  0.057 0.000  0.700 0.000   0.980 0.000 999.99 0.259000000  10.519 0.000   6.577 0.000   3.942 0.000 0.082 0.000000 0.154 0.000
332.291667 333.291667   43.38 0.000000  0.59 0.000000 0.034 0.000000000 99.99 0.259000  0.030 0.559  0.351 0.000   0.492 0.000 999.99 0.259000000   9.069 0.000   6.633 0.000   2.435 0.000 0.031 0.000000 0.134 0.559
335.291667 336.291667  142.00 0.000000  3.31 0.000000 9.999 0.259000000 99.99 0.259000  0.166 0.559  1.124 0.000   1.574 0.000 999.99 0.259000000  21.383 0.000  15.566 0.000   5.817 0.000 0.094 0.000000 0.254 0.559
338.291667 339.291667  147.69 0.000000  3.10 0.000000 9.999 0.259000000  0.17 0.000000  0.035 0.000  0.833 0.000   1.166 0.000 999.99 0.259000000  17.443 0.000  11.827 0.000   5.616 0.000 0.119 0.000000 0.255 0.000
341.291667 342.291667   45.39 0.000000  1.31 0.000000 9.999 0.259000000  0.50 0.000000  0.076 0.000  1.361 0.000   1.905 0.000 999.99 0.259000000  11.711 0.000   6.724 0.000   4.987 0.000 0.114 0.000000 0.457 0.000
344.291667 345.291667   92.63 0.000000  1.34 0.000000 9.999 0.259000000  0.33 0.000000  0.100 0.000  1.092 0.000   1.529 0.000  13.48 0.000000000  11.546 0.000   7.422 0.000   4.124 0.000 0.118 0.000000 0.118 0.000
347.291667 348.291667   26.60 0.000000  0.72 0.000000 0.115 0.000000000 99.99 0.259000  0.072 0.000  0.592 0.000   0.828 0.000 999.99 0.259000000   2.988 0.000   1.629 0.000   1.359 0.000 0.019 0.000000 0.058 0.000
350.291667 351.291667   67.89 0.000000  0.56 0.000000 0.158 0.000000000 99.99 0.259000  0.037 0.559  0.343 0.000   0.480 0.000 999.99 0.259000000   8.383 0.000   5.928 0.000   2.454 0.000 0.048 0.000000 0.056 0.559
353.291667 354.291667   74.16 0.000000  0.66 0.000000 0.111 0.000000000 99.99 0.259000  0.024 0.559  0.512 0.000   0.717 0.000 999.99 0.259000000   9.763 0.000   6.744 0.000   3.019 0.000 0.071 0.000000 0.090 0.559
356.291667 357.291667   31.47 0.000000  0.32 0.000000 0.067 0.000000000  0.05 0.000000  0.011 0.000  0.230 0.000   0.322 0.000 999.99 0.259000000   5.938 0.000   4.321 0.000   1.617 0.000 0.024 0.000000 0.105 0.000
359.291667 360.291667   44.50 0.000000  0.30 0.000000 9.999 0.259000000 99.99 0.259000  0.091 0.000  0.651 0.000   0.912 0.000 999.99 0.259000000   7.396 0.000   4.594 0.000   2.802 0.000 0.075 0.000000 0.072 0.000
362.291667 363.291667   15.46 0.000000  0.77 0.000000 0.224 0.000000000 99.99 0.259000  0.027 0.559  0.507 0.000   0.710 0.000 999.99 0.259000000   2.480 0.000   1.423 0.000   1.057 0.000 0.015 0.000000 0.064 0.559
