scripts/IMPROVE-2019_partial/data/US9049R.20060102070000.20191216000000.filterpack..pm25.52w.1w.US03L_filterpack_US9049.US03L_IMPROVE_Davis.lev2.nas
64 1001
MISSING INFORMATION
US03L, IMPROVE, , , , , , , 
MISSING INFORMATION
IMPROVE sel_HTAP
1 1
2006 01 01 2019 12 16
3.000000
days from file reference point
25
1 1 1 1 1 1 1 1 1 1 1 1 1 1 1 1 1 1 1 1 1 1 1 1 1
999.999999 9999.99 9.999 99.99 9.999 9.999 9.999999 9.99 9.999999 9.999 9.999 99.999 9.999 99.999 9.999 999.999 9.999 999.999 9.999 99.999 9.999 9.999 9.999 9.999 9.999
end_time of measurement, days from the file reference point
iron, ng/m3, Revision date=20181210133000
numflag iron, no unit, Revision date=20181210133000
lead, ng/m3, Revision date=20181210133000
numflag lead, no unit, Revision date=20181210133000
magnesium, ug/m3, Revision date=20181210133000
numflag magnesium, no unit, Revision date=20181210133000
nickel, ng/m3, Revision date=20181210133000
numflag nickel, no unit, Revision date=20181210133000
nitrate, ug N/m3, Revision date=20181210133000
numflag nitrate, no unit, Revision date=20181210133000
organic_carbon, ug C/m3, Revision date=20181210133000
numflag organic_carbon, no unit, Revision date=20181210133000
organic_mass, ug/m3, Revision date=20181210133000
numflag organic_mass, no unit, Revision date=20181210133000
pm10_mass, ug/m3, Version=2, Version description=Data extracted from http://views.cira.colostate.edu/fed/DataWizard 2019-12-16, Sample duration=1d, Orig. time res.=3d, Matrix=pm10, Blank correction=Blank corrected, Volume std. temperature=ambient, Volume std. pressure=ambient
numflag pm10_mass, no unit, Version=2, Version description=Data extracted from http://views.cira.colostate.edu/fed/DataWizard 2019-12-16, Sample duration=1d, Orig. time res.=3d, Matrix=pm10, Blank correction=Blank corrected, Volume std. temperature=ambient, Volume std. pressure=ambient
pm10_pm25_mass, ug/m3, Revision date=20181210133000, Matrix=pm10_pm25
numflag pm10_pm25_mass, no unit, Revision date=20181210133000, Matrix=pm10_pm25
pm25_mass, ug/m3, Version=2, Version description=Data extracted from http://views.cira.colostate.edu/fed/DataWizard 2019-12-16, Sample duration=1d, Orig. time res.=3d, Blank correction=Blank corrected, Volume std. temperature=ambient, Volume std. pressure=ambient
numflag pm25_mass, no unit, Version=2, Version description=Data extracted from http://views.cira.colostate.edu/fed/DataWizard 2019-12-16, Sample duration=1d, Orig. time res.=3d, Blank correction=Blank corrected, Volume std. temperature=ambient, Volume std. pressure=ambient
potassium, ug/m3, Revision date=20181210133000
numflag potassium, no unit, Revision date=20181210133000
sulphate_total, ug S/m3, Revision date=20181210133000
numflag sulphate_total, no unit, Revision date=20181210133000
0
25
Data definition:              EBAS_1.1
Set type code:                TU
Timezone:                     UTC
File name:                    US9049R.20060102070000.20191216000000.filterpack..pm25.52w.1w.US03L_filterpack_US9049.US03L_IMPROVE_Davis.lev2.nas
File creation:                20191218120850
Startdate:                    20060102070000
Revision date:                20191216000000
Statistics:                   arithmetic mean
Data level:                   2
Period code:                  52w
Resolution code:              1w
Station code:                 US9049R
Platform code:                US9049S
Station name:                 Weminuche Wilderness
Station latitude:             37.6594
Station longitude:            -107.7999
Station altitude:             2750.0 m
Regime:                       IMG
Component:                    
Matrix:                       pm25
Laboratory code:              US03L
Instrument type:              filterpack
Instrument name:              filterpack_US9049
Method ref:                   US03L_IMPROVE_Davis
starttime endtime Fe flag_Fe Pb flag_Pb Mg++ flag_Mg++ Ni flag_Ni NO3- flag_NO3- OC flag_OC OM flag_OM PM10 flag_PM10 PM10-PM2.5 flag_PM10-PM2.5 PM2.5 flag_PM2.5 K+ flag_K+ SO4-- flag_SO4--
  1.291667   2.291667    6.43 0.000  0.28 0.000 0.007 0.000000 9.99 0.259000 0.008 0.000  0.444 0.000  0.622 0.000   1.872 0.000   1.018 0.000  0.854 0.000 0.011 0.000 0.039 0.000
  4.291667   5.291667   11.97 0.000  0.45 0.000 9.999 0.259000 9.99 0.259000 0.010 0.000  0.262 0.000  0.367 0.000   2.951 0.000   1.997 0.000  0.954 0.000 0.013 0.000 0.050 0.000
  7.291667   8.291667   29.34 0.000  0.49 0.000 0.013 0.000000 9.99 0.259000 0.029 0.000  0.249 0.000  0.349 0.000   4.792 0.000   3.475 0.000  1.317 0.000 0.022 0.000 0.055 0.000
 10.291667  11.291667   95.59 0.000  0.59 0.000 0.045 0.000000 9.99 0.259000 0.019 0.000  0.414 0.000  0.580 0.000   5.841 0.000   2.905 0.000  2.936 0.000 0.064 0.000 0.071 0.000
 13.291667  14.291667   34.29 0.000  0.42 0.000 9.999 0.259000 9.99 0.259000 0.011 0.000  0.306 0.000  0.429 0.000   1.959 0.000   0.657 0.000  1.301 0.000 0.023 0.000 0.036 0.000
 16.291667  17.291667   14.46 0.000  0.37 0.000 0.006 0.000000 9.99 0.259000 0.031 0.000  0.334 0.000  0.467 0.000   2.590 0.000   1.524 0.000  1.066 0.000 0.014 0.000 0.044 0.000
 19.291667  20.291667    5.56 0.000  0.15 0.000 9.999 0.259000 9.99 0.259000 0.006 0.000  0.084 0.000  0.118 0.000   1.179 0.000   0.737 0.000  0.442 0.000 0.004 0.000 0.052 0.000
 22.291667  23.291667   20.10 0.000  0.93 0.000 0.008 0.000000 9.99 0.259000 0.016 0.000  0.366 0.000  0.512 0.000   3.229 0.000   1.761 0.000  1.468 0.000 0.022 0.000 0.078 0.000
 25.291667  26.291667   28.78 0.394  1.08 0.394 9.999 0.394259 9.99 0.394259 0.073 0.394  0.583 0.394  0.816 0.394   6.179 0.000   3.251 0.394  2.928 0.000 0.027 0.394 0.337 0.394
 28.291667  29.291667    5.58 0.000  0.31 0.000 9.999 0.259000 9.99 0.259000 0.009 0.000  0.146 0.000  0.204 0.000   1.206 0.000   0.720 0.000  0.486 0.000 0.004 0.000 0.068 0.000
 31.291667  32.291667   10.52 0.000  0.13 0.000 9.999 0.259000 9.99 0.259000 0.003 0.000  0.071 0.000  0.099 0.000   1.578 0.000   1.101 0.000  0.477 0.000 0.007 0.000 0.063 0.000
 34.291667  35.291667   31.33 0.000  1.12 0.000 9.999 0.259000 9.99 0.259000 0.017 0.000  0.328 0.000  0.459 0.000   4.550 0.000   2.596 0.000  1.953 0.000 0.025 0.000 0.168 0.000
 37.291667  38.291667   17.89 0.000  0.37 0.000 9.999 0.259000 9.99 0.259000 0.007 0.000  0.187 0.000  0.262 0.000   1.623 0.000   0.919 0.000  0.704 0.000 0.012 0.000 0.037 0.000
 40.291667  41.291667    9.83 0.000  0.30 0.000 9.999 0.259000 9.99 0.259000 0.023 0.000  0.140 0.000  0.196 0.000   1.420 0.000   0.786 0.000  0.634 0.000 0.008 0.000 0.067 0.000
 43.291667  44.291667   12.81 0.000  0.27 0.000 9.999 0.259000 9.99 0.259000 0.016 0.000  0.247 0.000  0.346 0.000   1.417 0.000   0.597 0.000  0.820 0.000 0.009 0.000 0.050 0.000
 46.291667  47.291667   25.82 0.000 99.99 0.259 9.999 0.259000 9.99 0.259000 0.030 0.000  0.116 0.000  0.163 0.000   3.915 0.000   2.458 0.000  1.456 0.000 0.019 0.000 0.089 0.000
 49.291667  50.291667   21.59 0.000  0.57 0.000 9.999 0.259000 9.99 0.259000 0.047 0.000  0.280 0.000  0.392 0.000   4.038 0.000   2.804 0.000  1.234 0.000 0.018 0.000 0.078 0.000
 52.291667  53.291667   12.11 0.000  0.49 0.000 9.999 0.259000 9.99 0.259000 0.008 0.000  0.209 0.000  0.292 0.000   2.157 0.000   1.230 0.000  0.927 0.000 0.013 0.000 0.096 0.000
 55.291667  56.291667    9.10 0.000  0.68 0.000 9.999 0.259000 9.99 0.259000 0.007 0.000  0.281 0.000  0.393 0.000   1.698 0.000   0.727 0.000  0.971 0.000 0.014 0.000 0.104 0.000
 58.291667  59.291667   17.36 0.000  0.54 0.000 9.999 0.259000 9.99 0.259000 0.017 0.000  0.361 0.000  0.506 0.000   3.088 0.000   1.625 0.000  1.463 0.000 0.016 0.000 0.098 0.000
 61.291667  62.291667   36.20 0.000  0.43 0.000 9.999 0.259000 0.05 0.000000 0.026 0.000  0.369 0.000  0.517 0.000   5.772 0.000   3.608 0.000  2.164 0.000 0.028 0.000 0.143 0.000
 64.291667  65.291667   23.73 0.000  0.59 0.000 9.999 0.259000 0.07 0.000000 0.012 0.000  0.307 0.000  0.430 0.000   2.420 0.000   1.184 0.000  1.236 0.000 0.016 0.000 0.072 0.000
 67.291667  68.291667    6.89 0.000  0.29 0.000 9.999 0.259000 9.99 0.259000 0.019 0.000  0.201 0.000  0.282 0.000   1.559 0.000   0.609 0.000  0.950 0.000 0.005 0.000 0.088 0.000
 70.291667  71.291667    2.55 0.000  0.15 0.000 9.999 0.259000 9.99 0.259000 0.005 0.000  0.168 0.000  0.236 0.000   1.122 0.000   0.520 0.000  0.602 0.000 0.002 0.000 0.041 0.000
 73.291667  74.291667   22.22 0.000  0.62 0.000 9.999 0.259000 0.07 0.000000 0.031 0.000  0.324 0.000  0.453 0.000   3.116 0.000   1.528 0.000  1.588 0.000 0.014 0.000 0.140 0.000
 76.291667  77.291667   29.48 0.000  1.27 0.000 9.999 0.259000 0.12 0.000000 0.052 0.000  0.483 0.000  0.676 0.000   3.941 0.000   1.533 0.000  2.408 0.000 0.026 0.000 0.244 0.000
 79.291667  80.291667   28.28 0.000  0.41 0.000 9.999 0.259000 9.99 0.259000 0.079 0.000  0.430 0.000  0.602 0.000   3.379 0.000   1.486 0.000  1.893 0.000 0.019 0.000 0.160 0.000
 82.291667  83.291667   62.94 0.000  0.62 0.000 0.011 0.000000 9.99 0.259000 0.067 0.000  0.566 0.000  0.793 0.000   5.882 0.000   2.867 0.000  3.014 0.000 0.035 0.000 0.218 0.000
 85.291667  86.291667   62.77 0.000  0.61 0.000 9.999 0.259000 9.99 0.259000 0.034 0.000  0.342 0.000  0.479 0.000   4.412 0.000   2.188 0.000  2.225 0.000 0.038 0.000 0.094 0.000
 88.291667  89.291667    8.38 0.000  0.15 0.000 9.999 0.259000 9.99 0.259000 0.005 0.000  0.280 0.000  0.392 0.000   1.250 0.000   0.565 0.000  0.685 0.000 0.005 0.000 0.061 0.000
 91.291667  92.291667   45.41 0.000  0.41 0.000 0.020 0.000000 9.99 0.259000 0.022 0.000  0.304 0.000  0.425 0.000   3.363 0.000   1.543 0.000  1.820 0.000 0.023 0.000 0.153 0.000
 94.291667  95.291667   24.39 0.000  0.54 0.000 9.999 0.259000 0.07 0.000000 0.013 0.000  0.332 0.000  0.465 0.000   4.247 0.000   2.836 0.000  1.412 0.000 0.018 0.000 0.098 0.000
 97.291667  98.291667   28.88 0.000  0.69 0.000 0.014 0.000000 9.99 0.259000 0.017 0.000  0.306 0.000  0.428 0.000   3.769 0.000   1.855 0.000  1.914 0.000 0.020 0.000 0.147 0.000
100.291667 101.291667   48.25 0.559  0.38 0.559 0.026 0.559000 9.99 0.559259 0.030 0.000  0.185 0.000  0.259 0.000   4.756 0.000   2.458 0.559  2.299 0.659 0.033 0.559 0.176 0.000
103.291667 104.291667   29.70 0.000  0.41 0.000 0.010 0.000000 9.99 0.259000 0.014 0.000  0.374 0.000  0.524 0.000   3.962 0.000   1.780 0.000  2.182 0.000 0.025 0.000 0.190 0.000
106.291667 107.291667  218.50 0.000  1.05 0.000 0.141 0.000000 9.99 0.259000 0.035 0.000  0.399 0.000  0.559 0.000  16.571 0.000   9.565 0.000  7.006 0.000 0.132 0.000 0.198 0.000
109.291667 110.291667  202.04 0.000  0.58 0.000 0.166 0.000000 0.12 0.000000 0.040 0.000  1.057 0.000  1.480 0.000  10.315 0.000   3.664 0.000  6.651 0.000 0.113 0.000 0.134 0.000
112.291667 113.291667  145.91 0.000  1.03 0.000 0.077 0.000000 0.08 0.000000 0.038 0.000  0.353 0.000  0.494 0.000  12.814 0.000   7.506 0.000  5.308 0.000 0.086 0.000 0.226 0.000
115.291667 116.291667  102.41 0.000  1.02 0.000 0.046 0.000000 9.99 0.259000 0.044 0.000  0.726 0.000  1.016 0.000   7.170 0.000   3.306 0.000  3.864 0.000 0.066 0.000 0.232 0.000
118.291667 119.291667  105.27 0.000  1.31 0.000 0.046 0.000000 9.99 0.259000 0.041 0.000  0.461 0.000  0.645 0.000   6.939 0.000   2.555 0.000  4.384 0.000 0.065 0.000 0.301 0.000
121.291667 122.291667   65.97 0.000  0.76 0.000 0.016 0.000000 9.99 0.259000 0.036 0.000  0.482 0.000  0.675 0.000   5.698 0.000   2.591 0.000  3.107 0.000 0.037 0.000 0.176 0.000
124.291667 125.291667   68.79 0.000  0.63 0.000 0.014 0.000000 0.12 0.000000 0.060 0.000  0.400 0.000  0.560 0.000   7.595 0.000   4.638 0.000  2.957 0.000 0.043 0.000 0.204 0.000
127.291667 128.291667   69.85 0.000  1.18 0.000 0.021 0.000000 0.07 0.000000 0.042 0.000  0.710 0.000  0.994 0.000   7.356 0.000   3.506 0.000  3.851 0.000 0.044 0.000 0.299 0.000
130.291667 131.291667   69.37 0.000  1.03 0.000 0.023 0.000000 9.99 0.259000 0.048 0.000  0.608 0.000  0.851 0.000   6.329 0.000   2.863 0.000  3.466 0.000 0.043 0.000 0.233 0.000
133.291667 134.291667   71.01 0.000  1.05 0.000 9.999 0.259000 9.99 0.259000 0.039 0.000  0.781 0.000  1.094 0.000   7.106 0.000   3.456 0.000  3.650 0.000 0.045 0.000 0.225 0.000
136.291667 137.291667   45.29 0.000  0.62 0.000 0.016 0.000000 9.99 0.259000 0.017 0.000  0.751 0.000  1.052 0.000   6.155 0.000   3.299 0.000  2.856 0.000 0.028 0.000 0.173 0.000
139.291667 140.291667   43.10 0.000  0.57 0.000 0.008 0.000000 9.99 0.259000 0.024 0.000  0.694 0.000  0.971 0.000   6.484 0.000   3.263 0.000  3.222 0.000 0.036 0.000 0.271 0.000
142.291667 143.291667  105.77 0.000  0.33 0.000 0.048 0.000000 9.99 0.259000 0.032 0.000  0.584 0.000  0.818 0.000  13.661 0.000   9.355 0.000  4.306 0.000 0.064 0.000 0.139 0.000
145.291667 146.291667   44.90 0.000  0.37 0.000 9.999 0.259000 0.06 0.000000 0.030 0.000  0.701 0.000  0.982 0.000   7.878 0.000   5.133 0.000  2.745 0.000 0.030 0.000 0.126 0.000
148.291667 149.291667   61.42 0.000  0.40 0.000 9.999 0.259000 9.99 0.259000 0.024 0.000  0.421 0.000  0.589 0.000   6.804 0.000   3.920 0.000  2.885 0.000 0.046 0.000 0.140 0.000
151.291667 152.291667   60.98 0.000  0.80 0.000 0.025 0.000000 9.99 0.259000 0.024 0.000  0.705 0.000  0.986 0.000   9.575 0.000   5.802 0.000  3.773 0.000 0.041 0.000 0.231 0.000
154.291667 155.291667   68.78 0.699  0.75 0.699 0.021 0.699000 0.06 0.699000 0.034 0.000  1.093 0.000  1.531 0.000  10.474 0.000   5.255 0.699  5.219 0.659 0.054 0.699 0.316 0.000
157.291667 158.291667   83.13 0.000  0.39 0.000 0.033 0.000000 0.12 0.000000 0.020 0.000  0.919 0.000  1.286 0.000  15.515 0.000  10.610 0.000  4.905 0.000 0.056 0.000 0.256 0.000
160.291667 161.291667   33.49 0.000  0.43 0.000 0.018 0.000000 0.15 0.000000 0.020 0.000  0.639 0.000  0.895 0.000   5.291 0.000   2.224 0.000  3.066 0.000 0.029 0.000 0.247 0.000
163.291667 164.291667   32.37 0.000  0.31 0.000 0.012 0.000000 9.99 0.259000 0.019 0.000  1.368 0.000  1.916 0.000   7.887 0.000   3.311 0.000  4.576 0.000 0.032 0.000 0.280 0.000
166.291667 167.291667   31.33 0.000  1.05 0.000 0.012 0.000000 0.05 0.000000 0.016 0.000  0.709 0.000  0.992 0.000   8.656 0.000   5.950 0.000  2.706 0.000 0.026 0.000 0.180 0.000
169.291667 170.291667   37.93 0.000  0.65 0.000 0.013 0.000000 9.99 0.259000 0.022 0.000  0.940 0.000  1.316 0.000   7.399 0.000   3.926 0.000  3.474 0.000 0.038 0.000 0.218 0.000
172.291667 173.291667   38.22 0.000  0.45 0.000 0.013 0.000000 9.99 0.259000 0.034 0.000  1.268 0.000  1.775 0.000   9.337 0.000   5.092 0.000  4.245 0.000 0.055 0.000 0.239 0.000
175.291667 176.291667   37.31 0.000  0.40 0.000 0.009 0.000000 9.99 0.259000 0.009 0.000  0.977 0.000  1.368 0.000   7.078 0.000   3.987 0.000  3.091 0.000 0.027 0.000 0.135 0.000
178.291667 179.291667   29.04 0.000  0.47 0.000 0.013 0.000000 0.04 0.000000 0.011 0.000  0.939 0.000  1.315 0.000   6.553 0.000   3.005 0.000  3.548 0.000 0.035 0.000 0.243 0.000
181.291667 182.291667   16.19 0.000  0.42 0.000 9.999 0.259000 9.99 0.259000 0.008 0.000  1.414 0.000  2.544 0.000   6.113 0.000   1.905 0.000  4.209 0.000 0.028 0.000 0.206 0.000
184.291667 185.291667   14.23 0.000  0.34 0.000 9.999 0.259000 9.99 0.259000 0.006 0.000  1.020 0.000  1.836 0.000   4.384 0.000   1.193 0.000  3.191 0.000 0.021 0.000 0.174 0.000
187.291667 188.291667    9.91 0.000  0.37 0.000 9.999 0.259000 9.99 0.259000 0.008 0.000  0.692 0.000  1.246 0.000   4.037 0.000   2.161 0.000  1.875 0.000 0.010 0.000 0.137 0.000
190.291667 191.291667    6.17 0.000  0.33 0.000 9.999 0.259000 9.99 0.259000 0.006 0.000  0.389 0.000  0.700 0.000   3.391 0.000   1.556 0.000  1.835 0.000 0.010 0.000 0.149 0.000
193.291667 194.291667   18.34 0.000  0.72 0.000 0.006 0.000000 9.99 0.259000 0.044 0.559  1.991 0.000  3.583 0.000   8.967 0.000   3.969 0.000  4.998 0.000 0.095 0.000 0.166 0.559
196.291667 197.291667   16.26 0.000  0.25 0.000 9.999 0.259000 9.99 0.259000 0.007 0.000  1.159 0.000  2.085 0.000   6.495 0.000   2.702 0.000  3.794 0.000 0.033 0.000 0.177 0.000
199.291667 200.291667   14.79 0.000  0.42 0.000 9.999 0.259000 9.99 0.259000 0.009 0.000  1.118 0.000  2.012 0.000   6.180 0.000   2.322 0.000  3.858 0.000 0.021 0.000 0.210 0.000
202.291667 203.291667   19.65 0.000  0.41 0.000 9.999 0.259000 9.99 0.259000 0.009 0.000  1.092 0.000  1.966 0.000   6.724 0.000   2.928 0.000  3.796 0.000 0.020 0.000 0.226 0.000
205.291667 206.291667   13.30 0.000  0.41 0.000 9.999 0.259000 9.99 0.259000 0.007 0.000  1.022 0.000  1.839 0.000   6.759 0.000   3.014 0.000  3.745 0.000 0.024 0.000 0.201 0.000
208.291667 209.291667   15.53 0.000  0.35 0.000 0.005 0.000000 9.99 0.259000 0.010 0.000  0.942 0.000  1.696 0.000   7.684 0.000   3.975 0.000  3.709 0.000 0.029 0.000 0.160 0.000
211.291667 212.291667    9.47 0.000  0.32 0.000 0.005 0.000000 9.99 0.259000 0.008 0.000  1.150 0.000  2.071 0.000   6.913 0.000   3.166 0.000  3.747 0.000 0.038 0.000 0.151 0.000
214.291667 215.291667   11.70 0.000  0.31 0.000 0.005 0.000000 0.08 0.000000 0.013 0.000  0.505 0.000  0.909 0.000   6.409 0.000   3.719 0.000  2.690 0.000 0.018 0.000 0.216 0.000
217.291667 218.291667    3.88 0.000  0.34 0.000 9.999 0.259000 9.99 0.259000 0.004 0.559  0.545 0.000  0.981 0.000   4.872 0.000   3.378 0.000  1.494 0.000 0.007 0.000 0.060 0.559
220.291667 221.291667    6.85 0.000  0.14 0.000 9.999 0.259000 9.99 0.259000 0.006 0.000  0.693 0.000  1.247 0.000   7.557 0.000   5.127 0.000  2.430 0.000 0.013 0.000 0.124 0.000
223.291667 224.291667    8.27 0.559  0.25 0.559 9.999 0.559259 9.99 0.559259 0.007 0.000  0.708 0.000  1.275 0.000   7.546 0.000   5.214 0.559  2.332 0.659 0.012 0.559 0.164 0.000
226.291667 227.291667   13.34 0.000  0.39 0.000 9.999 0.259000 0.24 0.000000 0.008 0.000  0.698 0.000  1.256 0.000   7.183 0.000   4.344 0.000  2.838 0.000 0.018 0.000 0.151 0.000
229.291667 230.291667   13.09 0.000  0.29 0.000 9.999 0.259000 0.18 0.000000 0.021 0.000  0.446 0.000  0.803 0.000   6.007 0.000   3.987 0.000  2.020 0.000 0.013 0.000 0.173 0.000
232.291667 233.291667   10.73 0.000  0.29 0.000 9.999 0.259000 0.05 0.000000 0.009 0.000  0.617 0.000  1.111 0.000   6.385 0.000   3.648 0.000  2.737 0.000 0.019 0.000 0.193 0.000
235.291667 236.291667   11.62 0.000  0.27 0.000 9.999 0.259000 9.99 0.259000 0.007 0.000  0.518 0.000  0.932 0.000   5.609 0.000   3.082 0.000  2.527 0.000 0.014 0.000 0.190 0.000
238.291667 239.291667   12.05 0.000  0.39 0.000 9.999 0.259000 0.07 0.000000 0.011 0.000  0.903 0.000  1.625 0.000   6.074 0.000   2.857 0.000  3.217 0.000 0.020 0.000 0.131 0.000
241.291667 242.291667   16.41 0.000  0.28 0.000 9.999 0.259000 9.99 0.259000 0.010 0.000  0.798 0.000  1.437 0.000   8.674 0.000   5.439 0.000  3.235 0.000 0.018 0.000 0.217 0.000
244.291667 245.291667   19.90 0.000  0.42 0.000 9.999 0.259000 9.99 0.259000 0.009 0.000  0.501 0.000  0.902 0.000   7.319 0.000   4.978 0.000  2.341 0.000 0.018 0.000 0.153 0.000
247.291667 248.291667   18.59 0.000  0.20 0.000 9.999 0.259000 9.99 0.259000 0.009 0.000  0.830 0.000  1.494 0.000   7.416 0.000   4.479 0.000  2.937 0.000 0.018 0.000 0.157 0.000
250.291667 251.291667    3.89 0.000  0.09 0.000 0.005 0.000000 9.99 0.259000 0.004 0.000  0.504 0.000  0.907 0.000   3.525 0.000   2.095 0.000  1.430 0.000 0.015 0.000 0.066 0.000
253.291667 254.291667   11.91 0.000  0.32 0.000 0.006 0.000000 9.99 0.259000 0.007 0.000  1.317 0.000  2.372 0.000   5.126 0.000   1.410 0.000  3.716 0.000 0.029 0.000 0.139 0.000
256.291667 257.291667   12.89 0.000  0.25 0.000 9.999 0.259000 0.10 0.000000 0.007 0.000  0.454 0.000  0.817 0.000   4.415 0.000   2.146 0.000  2.269 0.000 0.012 0.000 0.143 0.000
259.291667 260.291667    5.94 0.000  0.17 0.000 9.999 0.259000 9.99 0.259000 0.009 0.000  0.757 0.000  1.362 0.000   2.918 0.000   0.969 0.000  1.949 0.000 0.009 0.000 0.056 0.000
262.291667 263.291667   19.04 0.000  0.35 0.000 9.999 0.259000 0.09 0.000000 0.042 0.000  0.702 0.000  1.263 0.000   5.105 0.000   2.434 0.000  2.671 0.000 0.021 0.000 0.136 0.000
