scripts/IMPROVE-2019_partial/data/US9030R.20100102090000.20191216000000.filterpack...52w.3d.US03L_filterpack_US9030.US03L_IMPROVE_Davis.lev2.nas
52 1001
MISSING INFORMATION
US03L, IMPROVE, , , , , , , 
MISSING INFORMATION
IMPROVE sel_HTAP
1 1
2010 01 01 2019 12 16
3.000
days from file reference point
5
1 1 1 1 1
999.999 999.999 9.999 99.999 9.999
end_time of measurement, days from the file reference point
pm10_mass, ug/m3, Matrix=pm10
numflag pm10_mass, no unit, Matrix=pm10
pm25_mass, ug/m3, Matrix=pm25
numflag pm25_mass, no unit, Matrix=pm25
0
33
Data definition:              EBAS_1.1
Set type code:                TU
Timezone:                     UTC
File name:                    US9030R.20100102090000.20191216000000.filterpack...52w.3d.US03L_filterpack_US9030.US03L_IMPROVE_Davis.lev2.nas
File creation:                20191218120713
Startdate:                    20100102090000
Revision date:                20191216000000
Version:                      2
Version description:          "Data extracted from http://views.cira.colostate.edu/fed/DataWizard 2019-12-16"
Statistics:                   arithmetic mean
Data level:                   2
Period code:                  52w
Resolution code:              3d
Sample duration:              1d
Orig. time res.:              3d
Station code:                 US9030R
Platform code:                US9030S
Station name:                 Simeonof
Station latitude:             55.3255
Station longitude:            -160.5063
Station altitude:             57.0 m
Regime:                       IMG
Component:                    
Unit:                         ug/m3
Matrix:                       
Laboratory code:              US03L
Instrument type:              filterpack
Instrument name:              filterpack_US9030
Method ref:                   US03L_IMPROVE_Davis
Blank correction:             Blank corrected
Volume std. temperature:      ambient
Volume std. pressure:         ambient
starttime endtime PM10 flag_PM10 PM2.5 flag_PM2.5
  1.375   2.375   2.889 0.000  1.235 0.000
  4.375   5.375   4.465 0.000  1.993 0.000
  7.375   8.375   2.369 0.000  1.284 0.000
 10.375  11.375  11.840 0.000  4.075 0.000
 13.375  14.375 999.999 0.999 99.999 0.999
 16.375  17.375   3.385 0.000  1.446 0.000
 19.375  20.375   6.254 0.000  2.502 0.000
 22.375  23.375   3.665 0.000  1.505 0.000
 25.375  26.375   5.170 0.000  2.470 0.000
 28.375  29.375   3.098 0.000  1.483 0.000
 31.375  32.375   3.130 0.000  0.316 0.000
 34.375  35.375   4.518 0.000  1.661 0.000
 37.375  38.375   3.166 0.000  1.637 0.000
 40.375  41.375  12.935 0.000  5.101 0.000
 43.375  44.375   3.776 0.000  1.994 0.000
 46.375  47.375   1.051 0.000  0.476 0.000
 49.375  50.375   2.628 0.000  0.960 0.000
 52.375  53.375   3.215 0.000  1.653 0.000
 55.375  56.375   2.718 0.000  0.984 0.000
 58.375  59.375   5.093 0.000  1.691 0.000
 61.375  62.375   6.746 0.000  1.621 0.000
 64.375  65.375   4.811 0.000  1.987 0.000
 67.375  68.375   3.849 0.000  1.080 0.000
 70.375  71.375   7.662 0.000  1.929 0.000
 73.375  74.375   6.277 0.000  2.835 0.000
 76.375  77.375  14.165 0.000  1.843 0.000
 79.375  80.375   3.474 0.000  1.542 0.000
 82.375  83.375   6.166 0.000  2.136 0.000
 85.375  86.375   5.093 0.000  2.315 0.000
 88.375  89.375   6.014 0.000  2.552 0.000
 91.375  92.375 999.999 0.999 99.999 0.999
 94.375  95.375   4.447 0.000  2.025 0.000
 97.375  98.375 999.999 0.456  2.942 0.000
100.375 101.375 999.999 0.456  6.955 0.000
103.375 104.375 999.999 0.456  3.254 0.000
106.375 107.375 999.999 0.456  3.805 0.000
109.375 110.375 999.999 0.456  2.709 0.000
112.375 113.375   3.838 0.000  1.439 0.000
115.375 116.375  11.743 0.000  4.982 0.000
118.375 119.375   4.261 0.000  1.144 0.000
121.375 122.375   3.738 0.000  1.843 0.000
124.375 125.375 999.999 0.999 99.999 0.999
127.375 128.375   4.378 0.000  2.369 0.000
130.375 131.375   3.420 0.000  1.599 0.000
133.375 134.375   3.779 0.000  1.996 0.000
136.375 137.375   4.907 0.000  2.201 0.000
139.375 140.375   2.789 0.000  0.926 0.000
142.375 143.375   2.699 0.000  1.446 0.000
145.375 146.375 999.999 0.999 99.999 0.999
148.375 149.375   2.707 0.000  1.328 0.000
151.375 152.375   3.784 0.000  1.745 0.000
154.375 155.375   3.667 0.000  1.301 0.000
157.375 158.375   4.409 0.000  2.132 0.000
160.375 161.375   4.017 0.000  2.640 0.000
163.375 164.375   6.490 0.000  4.054 0.000
166.375 167.375   8.673 0.000  4.706 0.000
169.375 170.375   3.528 0.000  1.954 0.000
172.375 173.375   1.913 0.000  0.881 0.000
175.375 176.375   2.902 0.000  1.264 0.000
178.375 179.375   2.785 0.000  1.621 0.000
181.375 182.375   2.234 0.000  1.137 0.000
184.375 185.375   2.236 0.000  0.826 0.000
187.375 188.375 999.999 0.999 99.999 0.999
190.375 191.375   5.194 0.000  1.999 0.000
193.375 194.375   8.717 0.000  2.011 0.000
196.375 197.375 999.999 0.999  3.067 0.000
199.375 200.375   4.459 0.000  1.410 0.000
202.375 203.375 999.999 0.999  1.364 0.000
205.375 206.375   5.115 0.000  2.983 0.000
208.375 209.375 999.999 0.999 99.999 0.999
211.375 212.375   3.066 0.000  1.717 0.000
214.375 215.375   2.232 0.000  1.122 0.000
217.375 218.375 999.999 0.999  2.194 0.000
220.375 221.375   6.190 0.000  3.200 0.000
223.375 224.375 999.999 0.999 99.999 0.999
226.375 227.375   4.875 0.000  2.077 0.000
229.375 230.375 999.999 0.999 99.999 0.999
232.375 233.375 999.999 0.999 99.999 0.999
235.375 236.375   5.693 0.000  1.622 0.000
238.375 239.375 999.999 0.999  1.497 0.000
241.375 242.375   3.228 0.000  1.633 0.000
244.375 245.375 999.999 0.999  2.094 0.000
247.375 248.375   4.731 0.000  2.606 0.000
250.375 251.375 999.999 0.999 99.999 0.999
253.375 254.375   3.113 0.000  1.538 0.000
256.375 257.375   5.540 0.000  2.746 0.000
259.375 260.375   7.489 0.000  3.687 0.000
262.375 263.375   3.433 0.000  2.020 0.000
265.375 266.375 999.999 0.999 99.999 0.999
268.375 269.375  12.953 0.000  3.618 0.000
271.375 272.375 999.999 0.999 99.999 0.999
274.375 275.375   6.850 0.000  2.227 0.000
277.375 278.375   2.051 0.000  1.161 0.000
280.375 281.375   3.010 0.000  1.261 0.000
283.375 284.375   4.124 0.000  1.510 0.000
286.375 287.375   2.360 0.000  1.237 0.000
289.375 290.375   6.815 0.000  2.645 0.000
292.375 293.375 999.999 0.999 99.999 0.999
295.375 296.375 999.999 0.999 99.999 0.999
298.375 299.375   5.530 0.000 99.999 0.456
301.375 302.375 999.999 0.456  2.607 0.000
304.375 305.375   2.596 0.000  0.953 0.000
307.375 308.375   3.344 0.000  1.329 0.000
310.375 311.375   7.102 0.000  2.678 0.000
313.375 314.375 999.999 0.999 99.999 0.999
316.375 317.375   5.549 0.000  1.362 0.000
319.375 320.375  12.302 0.000  3.933 0.000
322.375 323.375  24.860 0.000  8.174 0.000
325.375 326.375   7.896 0.000  5.367 0.000
328.375 329.375 999.999 0.999 99.999 0.999
331.375 332.375 999.999 0.999 99.999 0.999
334.375 335.375   6.642 0.000  2.838 0.000
337.375 338.375   5.515 0.000  2.170 0.000
340.375 341.375   9.312 0.000  3.551 0.000
343.375 344.375  13.083 0.000  5.397 0.000
346.375 347.375   7.652 0.000  3.225 0.000
349.375 350.375 999.999 0.999 99.999 0.999
352.375 353.375  10.456 0.000  5.275 0.000
355.375 356.375 999.999 0.999 99.999 0.999
358.375 359.375   8.767 0.000  4.112 0.000
361.375 362.375   3.452 0.000  1.320 0.000
364.375 365.375   6.124 0.000  2.944 0.000
