scripts/IMPROVE-2019_partial/data/US9042R.19910102080000.20191216000000.filterpack...1y.3d.US03L_filterpack_US9042_YOSE1.US03L_IMPROVE_Davis.lev2.nas
60 1001
MISSING INFORMATION
US03L, IMPROVE, , , , , , , 
MISSING INFORMATION
IMPROVE sel_HTAP
1 1
1991 01 01 2019 12 16
0
days from file reference point
5
1 1 1 1 1
999.999999 999.999 9.999 999.999 9.999999
end_time of measurement, days from the file reference point
pm10_mass, ug/m3, Matrix=pm10
numflag pm10_mass, no unit, Matrix=pm10
pm25_mass, ug/m3, Matrix=pm25
numflag pm25_mass, no unit, Matrix=pm25
0
41
Data definition:              EBAS_1.1
Set type code:                TI
Timezone:                     UTC
File name:                    US9042R.19910102080000.20191216000000.filterpack...1y.3d.US03L_filterpack_US9042_YOSE1.US03L_IMPROVE_Davis.lev2.nas
File creation:                20191218120810
Startdate:                    19910102080000
Revision date:                20191216000000
Version:                      2
Version description:          "Data extracted from http://views.cira.colostate.edu/fed/DataWizard 2019-12-16"
Statistics:                   arithmetic mean
Data level:                   2
Period code:                  1y
Resolution code:              3d
Sample duration:              1d
Orig. time res.:              3d
Station code:                 US9042R
Platform code:                US9042S
Station name:                 Yosemite NP
Station WDCA-ID:              GAWAUSCAYOS
Station GAW-ID:               YOS
Station GAW-Name:             Yosemite NP - Turtleback Dome
Station state/province:       CA
Station land use:             Remote park
Station setting:              Mountain
Station GAW type:             C
Station WMO region:           4
Station latitude:             37.7133
Station longitude:            -119.7061
Station altitude:             1605.0 m
Regime:                       IMG
Component:                    
Unit:                         ug/m3
Matrix:                       
Laboratory code:              US03L
Instrument type:              filterpack
Instrument name:              filterpack_US9042_YOSE1
Method ref:                   US03L_IMPROVE_Davis
Blank correction:             Blank corrected
Volume std. temperature:      ambient
Volume std. pressure:         ambient
starttime endtime PM10 flag_PM10 PM2.5 flag_PM2.5
  1.333333   2.333333   1.625 0.000   0.878 0.559000
  4.333333   5.333333   1.429 0.000   1.317 0.559000
  8.333333   9.333333   6.397 0.000   3.653 0.559000
 11.333333  12.333333 999.999 0.999   6.533 0.559000
 15.333333  16.333333   4.488 0.000   1.543 0.559000
 18.333333  19.333333   4.797 0.000   4.286 0.559000
 22.333333  23.333333   3.291 0.000   1.752 0.559000
 25.333333  26.333333   6.910 0.000   4.487 0.559000
 29.333333  30.333333  10.079 0.000   4.551 0.559000
 32.333333  33.333333   5.422 0.000   0.640 0.559000
 36.333333  37.333333   1.634 0.000   1.327 0.559000
 39.333333  40.333333   4.718 0.000   2.875 0.559000
 43.333333  44.333333   5.019 0.000   3.785 0.559000
 46.333333  47.333333  20.791 0.000 999.999 0.559259
 50.333333  51.333333   6.809 0.000   3.792 0.559000
 53.333333  54.333333   9.644 0.000   6.869 0.559000
 57.333333  58.333333   6.309 0.000   4.795 0.559000
 60.333333  61.333333 999.999 0.999   1.620 0.559000
 64.333333  65.333333   6.907 0.000   2.555 0.559000
 67.333333  68.333333  10.254 0.000   5.016 0.559000
 71.333333  72.333333 999.999 0.999 999.999 0.999000
 74.333333  75.333333   5.897 0.000   1.587 0.559000
 78.333333  79.333333 999.999 0.999 999.999 0.999000
 81.333333  82.333333 999.999 0.999 999.999 0.999000
 85.333333  86.333333   4.601 0.000   1.153 0.559000
 88.333333  89.333333  10.268 0.000   4.272 0.559000
 92.333333  93.333333   9.633 0.000   5.427 0.559000
 95.333333  96.333333  11.782 0.000   7.561 0.559000
 99.333333 100.333333  10.652 0.000   5.015 0.559000
102.333333 103.333333  13.399 0.000   5.389 0.559000
106.333333 107.333333  12.508 0.000   4.623 0.559000
109.333333 110.333333 999.999 0.999   5.912 0.559000
113.333333 114.333333   6.825 0.000   3.138 0.559000
116.333333 117.333333   8.877 0.000   4.316 0.559000
120.333333 121.333333  12.852 0.000   2.643 0.559000
123.333333 124.333333  14.315 0.000   6.163 0.559000
127.333333 128.333333  21.186 0.000   4.708 0.559000
130.333333 131.333333  22.516 0.000   3.119 0.559000
134.333333 135.333333   6.369 0.000   4.172 0.559000
137.333333 138.333333   3.366 0.000   2.134 0.559000
141.333333 142.333333  11.304 0.000   5.030 0.559000
144.333333 145.333333   9.518 0.000   4.509 0.559000
148.333333 149.333333  11.352 0.000   5.424 0.559000
151.333333 152.333333  10.984 0.000   3.848 0.559000
155.333333 156.333333  15.839 0.000 999.999 0.559259
158.333333 159.333333  15.127 0.000   6.817 0.559000
162.333333 163.333333  19.585 0.000   8.772 0.559000
165.333333 166.333333  15.538 0.000   5.509 0.559000
169.333333 170.333333  12.411 0.000 999.999 0.559259
172.333333 173.333333  11.536 0.000   4.816 0.559000
176.333333 177.333333   8.860 0.000   4.459 0.559000
179.333333 180.333333   6.677 0.000   3.829 0.559000
183.333333 184.333333   8.314 0.000   4.578 0.559000
186.333333 187.333333  10.306 0.000   5.424 0.559000
190.333333 191.333333  12.186 0.000   6.575 0.559000
193.333333 194.333333  19.522 0.000 999.999 0.559259
197.333333 198.333333  10.719 0.000 999.999 0.559259
200.333333 201.333333   7.799 0.000   4.627 0.559000
204.333333 205.333333  10.926 0.000   5.625 0.559000
207.333333 208.333333  18.142 0.000   9.311 0.559000
211.333333 212.333333  16.695 0.000   8.541 0.559000
214.333333 215.333333  11.662 0.000   5.258 0.559000
218.333333 219.333333  11.262 0.000   5.350 0.559000
221.333333 222.333333  13.798 0.000   6.193 0.559000
225.333333 226.333333  24.909 0.000  10.486 0.559000
228.333333 229.333333  10.523 0.000   5.616 0.559000
232.333333 233.333333  23.858 0.000   6.177 0.559000
235.333333 236.333333  11.928 0.000   9.242 0.559000
239.333333 240.333333  11.165 0.000   5.732 0.559000
242.333333 243.333333  10.843 0.000   4.864 0.559000
246.333333 247.333333   9.511 0.000   4.067 0.559000
249.333333 250.333333   9.431 0.000   4.648 0.559000
253.333333 254.333333  18.824 0.000   7.681 0.559000
256.333333 257.333333  28.000 0.000  18.218 0.559000
260.333333 261.333333 999.999 0.999 999.999 0.999000
263.333333 264.333333 999.999 0.999 999.999 0.999000
267.333333 268.333333 999.999 0.999 999.999 0.999000
270.333333 271.333333 999.999 0.999 999.999 0.999000
274.333333 275.333333 999.999 0.999 999.999 0.999000
277.333333 278.333333  24.030 0.000  14.648 0.559000
281.333333 282.333333  16.618 0.000   8.333 0.559000
284.333333 285.333333  17.245 0.000   8.619 0.559000
288.333333 289.333333  13.004 0.000   7.253 0.559000
291.333333 292.333333  18.692 0.000   8.024 0.559000
295.333333 296.333333  13.633 0.000   4.704 0.559000
298.333333 299.333333   7.857 0.000   0.592 0.559000
302.333333 303.333333   4.023 0.000   1.652 0.559000
305.333333 306.333333  13.898 0.000   4.592 0.559000
309.333333 310.333333   8.249 0.000   2.913 0.559000
312.333333 313.333333   8.988 0.000   3.709 0.559000
316.333333 317.333333  13.415 0.000   5.228 0.559000
319.333333 320.333333   9.878 0.000   4.043 0.559000
323.333333 324.333333   4.167 0.000   1.021 0.559000
326.333333 327.333333   3.878 0.000   2.090 0.559000
330.333333 331.333333   3.516 0.000   1.843 0.559000
333.333333 334.333333   6.071 0.000 999.999 0.559259
337.333333 338.333333   1.753 0.000   1.379 0.559000
340.333333 341.333333   4.444 0.000   1.861 0.559000
344.333333 345.333333 999.999 0.999   2.853 0.559000
347.333333 348.333333   2.612 0.000   1.003 0.559000
351.333333 352.333333   7.302 0.000   3.323 0.559000
354.333333 355.333333   7.592 0.000   0.854 0.559000
358.333333 359.333333   3.957 0.000   2.381 0.559000
361.333333 362.333333   2.348 0.000   0.662 0.559000
