scripts/IMPROVE-2019_partial/data/US9064R.20040101070000.20191216000000.filterpack..pm25.52w.1w.US03L_filterpack_US9064.US03L_IMPROVE_Davis.lev2.nas
64 1001
MISSING INFORMATION
US03L, IMPROVE, , , , , , , 
MISSING INFORMATION
IMPROVE sel_HTAP
1 1
2004 01 01 2019 12 16
3.000000
days from file reference point
25
1 1 1 1 1 1 1 1 1 1 1 1 1 1 1 1 1 1 1 1 1 1 1 1 1
999.999999 9999.99 9.999999 99.99 9.999999 9.999 9.999999999 9.99 9.999999999 9.999 9.999999 99.999 9.999 99.999 9.999 999.999 9.999 99.999 9.999 99.999 9.999 9.999 9.999999 9.999 9.999999
end_time of measurement, days from the file reference point
iron, ng/m3, Revision date=20181210133000
numflag iron, no unit, Revision date=20181210133000
lead, ng/m3, Revision date=20181210133000
numflag lead, no unit, Revision date=20181210133000
magnesium, ug/m3, Revision date=20181210133000
numflag magnesium, no unit, Revision date=20181210133000
nickel, ng/m3, Revision date=20181210133000
numflag nickel, no unit, Revision date=20181210133000
nitrate, ug N/m3, Revision date=20181210133000
numflag nitrate, no unit, Revision date=20181210133000
organic_carbon, ug C/m3, Revision date=20181210133000
numflag organic_carbon, no unit, Revision date=20181210133000
organic_mass, ug/m3, Revision date=20181210133000
numflag organic_mass, no unit, Revision date=20181210133000
pm10_mass, ug/m3, Version=2, Version description=Data extracted from http://views.cira.colostate.edu/fed/DataWizard 2019-12-16, Sample duration=1d, Orig. time res.=3d, Matrix=pm10, Blank correction=Blank corrected, Volume std. temperature=ambient, Volume std. pressure=ambient
numflag pm10_mass, no unit, Version=2, Version description=Data extracted from http://views.cira.colostate.edu/fed/DataWizard 2019-12-16, Sample duration=1d, Orig. time res.=3d, Matrix=pm10, Blank correction=Blank corrected, Volume std. temperature=ambient, Volume std. pressure=ambient
pm10_pm25_mass, ug/m3, Revision date=20181210133000, Matrix=pm10_pm25
numflag pm10_pm25_mass, no unit, Revision date=20181210133000, Matrix=pm10_pm25
pm25_mass, ug/m3, Version=2, Version description=Data extracted from http://views.cira.colostate.edu/fed/DataWizard 2019-12-16, Sample duration=1d, Orig. time res.=3d, Blank correction=Blank corrected, Volume std. temperature=ambient, Volume std. pressure=ambient
numflag pm25_mass, no unit, Version=2, Version description=Data extracted from http://views.cira.colostate.edu/fed/DataWizard 2019-12-16, Sample duration=1d, Orig. time res.=3d, Blank correction=Blank corrected, Volume std. temperature=ambient, Volume std. pressure=ambient
potassium, ug/m3, Revision date=20181210133000
numflag potassium, no unit, Revision date=20181210133000
sulphate_total, ug S/m3, Revision date=20181210133000
numflag sulphate_total, no unit, Revision date=20181210133000
0
25
Data definition:              EBAS_1.1
Set type code:                TU
Timezone:                     UTC
File name:                    US9064R.20040101070000.20191216000000.filterpack..pm25.52w.1w.US03L_filterpack_US9064.US03L_IMPROVE_Davis.lev2.nas
File creation:                20191218120949
Startdate:                    20040101070000
Revision date:                20191216000000
Statistics:                   arithmetic mean
Data level:                   2
Period code:                  52w
Resolution code:              1w
Station code:                 US9064R
Platform code:                US9064S
Station name:                 Sula Peak
Station latitude:             45.8598
Station longitude:            -114.0001
Station altitude:             1895.0 m
Regime:                       IMG
Component:                    
Matrix:                       pm25
Laboratory code:              US03L
Instrument type:              filterpack
Instrument name:              filterpack_US9064
Method ref:                   US03L_IMPROVE_Davis
starttime endtime Fe flag_Fe Pb flag_Pb Mg++ flag_Mg++ Ni flag_Ni NO3- flag_NO3- OC flag_OC OM flag_OM PM10 flag_PM10 PM10-PM2.5 flag_PM10-PM2.5 PM2.5 flag_PM2.5 K+ flag_K+ SO4-- flag_SO4--
[from data line 81]
243.291667 244.291667   19.53 0.000000 99.99 0.259000 0.060 0.000000000 0.11 0.000000000 0.007 0.000000  0.909 0.000  1.273 0.000   3.628 0.000  1.472 0.000  2.156 0.000 0.015 0.000000 0.077 0.000000
246.291667 247.291667   11.40 0.000000  0.31 0.000000 9.999 0.259000000 9.99 0.259000000 0.012 0.000000  0.809 0.000  1.133 0.000   2.994 0.000  1.437 0.000  1.557 0.000 0.009 0.000000 0.080 0.000000
249.291667 250.291667   21.13 0.000000 99.99 0.259000 9.999 0.259000000 0.13 0.000000000 0.017 0.000000  0.689 0.000  0.964 0.000   5.002 0.000  2.624 0.000  2.377 0.000 0.018 0.000000 0.132 0.000000
252.291667 253.291667   41.39 0.000000  0.66 0.000000 9.999 0.259000000 0.14 0.000000000 0.014 0.000000  1.540 0.000  2.155 0.000   7.482 0.000  3.620 0.000  3.861 0.000 0.068 0.000000 0.096 0.000000
255.291667 256.291667    2.14 0.000000 99.99 0.259000 9.999 0.259000000 9.99 0.259000000 0.004 0.000000  0.180 0.000  0.251 0.000   0.620 0.000  0.371 0.000  0.249 0.000 0.005 0.000000 0.024 0.000000
258.291667 259.291667    1.57 0.000000  0.51 0.000000 9.999 0.259000000 9.99 0.259000000 0.015 0.000000  0.290 0.000  0.405 0.000   1.240 0.000  0.399 0.000  0.841 0.000 0.007 0.000000 0.081 0.000000
261.291667 262.291667   14.82 0.000000  0.86 0.000000 9.999 0.259000000 9.99 0.259000000 0.016 0.000000  0.905 0.000  1.267 0.000   2.952 0.000  1.044 0.000  1.908 0.000 0.023 0.000000 0.120 0.000000
264.291667 265.291667   10.02 0.000000 99.99 0.259000 9.999 0.259000000 9.99 0.259000000 0.014 0.000000  0.645 0.000  0.903 0.000   4.660 0.000  2.900 0.000  1.761 0.000 0.014 0.000000 0.115 0.000000
267.291667 268.291667   12.04 0.000000  0.88 0.000000 9.999 0.259000000 0.20 0.000000000 0.015 0.000000  1.465 0.000  2.051 0.000   5.828 0.000  2.604 0.000  3.224 0.000 0.039 0.000000 0.121 0.000000
270.291667 271.291667   26.31 0.000000  0.53 0.000000 9.999 0.259000000 9.99 0.259000000 0.018 0.000000  2.239 0.000  3.134 0.000  10.191 0.000  4.889 0.000  5.301 0.000 0.031 0.000000 0.147 0.000000
273.291667 274.291667   50.39 0.000000  0.54 0.000000 0.185 0.000000000 0.15 0.000000000 0.038 0.000000  4.083 0.000  5.717 0.000  15.802 0.000  6.740 0.000  9.062 0.000 0.080 0.000000 0.155 0.000000
276.291667 277.291667   42.67 0.000000  1.01 0.000000 9.999 0.259000000 9.99 0.259000000 0.022 0.000000  2.590 0.000  3.625 0.000  12.122 0.000  5.792 0.000  6.330 0.000 0.048 0.000000 0.178 0.000000
279.291667 280.291667 9999.99 0.999000 99.99 0.999000 9.999 0.999000000 9.99 0.999000000 9.999 0.999000 99.999 0.999 99.999 0.999 999.999 0.999 99.999 0.999 99.999 0.999 9.999 0.999000 9.999 0.999000
282.291667 283.291667   18.73 0.000000 99.99 0.259000 9.999 0.259000000 9.99 0.259000000 0.012 0.000000  0.967 0.000  1.354 0.000   5.032 0.000  2.819 0.000  2.212 0.000 0.019 0.000000 0.091 0.000000
285.291667 286.291667   13.71 0.000000 99.99 0.259000 0.100 0.000000000 0.21 0.000000000 0.013 0.000000  0.459 0.000  0.642 0.000   4.165 0.000  2.470 0.000  1.695 0.000 0.016 0.000000 0.066 0.000000
288.291667 289.291667   18.94 0.000000  0.77 0.000000 9.999 0.259000000 9.99 0.259000000 0.012 0.000000  0.968 0.000  1.355 0.000   4.990 0.000  2.027 0.000  2.963 0.000 0.024 0.000000 0.135 0.000000
291.291667 292.291667    4.10 0.000000  0.54 0.000000 9.999 0.259000000 9.99 0.259000000 0.005 0.000000  0.241 0.000  0.338 0.000   1.788 0.000  0.636 0.000  1.152 0.000 0.012 0.000000 0.081 0.000000
294.291667 295.291667    4.46 0.000000  0.51 0.000000 0.117 0.000000000 9.99 0.259000000 0.007 0.000000  0.368 0.000  0.515 0.000   1.248 0.000  0.260 0.000  0.988 0.000 0.009 0.000000 0.058 0.000000
297.291667 298.291667   10.34 0.000000  0.76 0.000000 9.999 0.259000000 9.99 0.259000000 0.010 0.000000  0.568 0.000  0.795 0.000   2.552 0.000  0.630 0.000  1.922 0.000 0.024 0.000000 0.186 0.000000
300.291667 301.291667   12.46 0.000000  0.98 0.000000 9.999 0.259000000 9.99 0.259000000 0.034 0.000000  0.756 0.000  1.059 0.000   3.784 0.000  0.591 0.000  3.193 0.000 0.022 0.000000 0.319 0.000000
303.291667 304.291667   16.36 0.000000  1.48 0.000000 9.999 0.259000000 9.99 0.259000000 0.011 0.000000  0.612 0.000  0.857 0.000   4.016 0.000  1.058 0.000  2.958 0.000 0.029 0.000000 0.344 0.000000
306.291667 307.291667    2.85 0.000000  0.54 0.000000 0.098 0.000000000 0.36 0.000000000 0.008 0.000000  0.263 0.000  0.368 0.000   1.346 0.000  0.485 0.000  0.861 0.000 0.007 0.000000 0.065 0.000000
309.291667 310.291667    6.13 0.000000  0.46 0.000000 9.999 0.259000000 9.99 0.259000000 0.012 0.000000  0.610 0.000  0.854 0.000   1.788 0.000  0.528 0.000  1.260 0.000 0.009 0.000000 0.062 0.000000
312.291667 313.291667    3.13 0.000000 99.99 0.259000 9.999 0.259000000 0.26 0.000000000 0.006 0.000000  0.394 0.000  0.551 0.000   1.571 0.000  0.495 0.000  1.075 0.000 0.006 0.000000 0.066 0.000000
315.291667 316.291667   13.50 0.000000  0.77 0.000000 9.999 0.259000000 0.08 0.000000000 0.210 0.000000  2.132 0.000  2.985 0.000   7.865 0.000  1.939 0.000  5.926 0.000 0.046 0.000000 0.298 0.000000
318.291667 319.291667    5.02 0.000000 99.99 0.259000 9.999 0.259000000 9.99 0.259000000 0.014 0.000000  0.854 0.000  1.195 0.000   3.054 0.000  0.596 0.000  2.458 0.000 0.032 0.000000 0.135 0.000000
321.291667 322.291667    7.53 0.000000  0.74 0.000000 9.999 0.259000000 9.99 0.259000000 0.012 0.000000  0.954 0.000  1.336 0.000   4.117 0.000  1.027 0.000  3.090 0.000 0.020 0.000000 0.212 0.000000
324.291667 325.291667    1.51 0.000000  0.63 0.000000 9.999 0.259000000 0.19 0.000000000 0.064 0.000000  0.833 0.000  1.167 0.000   2.694 0.000  0.286 0.000  2.407 0.000 0.017 0.000000 0.077 0.000000
327.291667 328.291667    1.83 0.000000 99.99 0.259000 0.167 0.000000000 9.99 0.259000000 0.004 0.000000  0.318 0.000  0.446 0.000   1.127 0.000  0.171 0.000  0.957 0.000 0.007 0.000000 0.042 0.000000
330.291667 331.291667    3.95 0.000000 99.99 0.259000 0.137 0.000000000 9.99 0.259000000 0.015 0.000000  0.118 0.000  0.166 0.000   2.231 0.000  1.305 0.000  0.926 0.000 0.006 0.000000 0.064 0.000000
333.291667 334.291667    1.95 0.000000  0.48 0.000000 0.146 0.000000000 9.99 0.259000000 0.009 0.000000  0.329 0.000  0.461 0.000   1.515 0.000  0.317 0.000  1.198 0.000 0.010 0.000000 0.073 0.000000
336.291667 337.291667    1.18 0.000000  0.27 0.000000 0.050 0.000000000 9.99 0.259000000 0.003 0.000000  0.144 0.000  0.201 0.000   0.711 0.000  0.163 0.000  0.548 0.000 0.005 0.000000 0.041 0.000000
339.291667 340.291667    4.08 0.000000  0.82 0.000000 0.062 0.000000000 9.99 0.259000000 0.040 0.000000  0.282 0.000  0.395 0.000   1.871 0.000  0.668 0.000  1.204 0.000 0.008 0.000000 0.107 0.000000
342.291667 343.291667    1.87 0.000000  0.97 0.000000 9.999 0.259000000 0.16 0.000000000 0.004 0.000000  0.075 0.000  0.104 0.000   1.455 0.000  0.959 0.000  0.496 0.000 0.003 0.000000 0.046 0.000000
345.291667 346.291667    1.71 0.000000  0.55 0.000000 0.063 0.000000000 9.99 0.259000000 0.004 0.000000  0.074 0.000  0.103 0.000   0.868 0.000  0.353 0.000  0.515 0.000 0.004 0.000000 0.051 0.000000
348.291667 349.291667    2.65 0.000000  0.31 0.000000 0.055 0.000000000 0.10 0.000000000 0.012 0.000000  0.193 0.000  0.270 0.000   0.872 0.000  0.263 0.000  0.610 0.000 0.003 0.000000 0.044 0.000000
351.291667 352.291667    3.30 0.000000  0.70 0.000000 9.999 0.259000000 9.99 0.259000000 0.013 0.000000  0.184 0.000  0.258 0.000   1.040 0.000  0.499 0.000  0.541 0.000 0.006 0.000000 0.026 0.000000
354.291667 355.291667    1.68 0.000000  0.14 0.000000 0.079 0.000000000 0.21 0.000000000 0.013 0.000000  0.522 0.000  0.730 0.000   1.590 0.000  1.008 0.000  0.581 0.000 0.004 0.000000 0.044 0.000000
357.291667 358.291667    2.82 0.000000  0.36 0.000000 0.075 0.000000000 0.23 0.000000000 0.016 0.000000  0.149 0.000  0.208 0.000   1.347 0.000  0.236 0.000  1.111 0.000 0.008 0.000000 0.127 0.000000
360.291667 361.291667    3.16 0.000000  0.44 0.000000 0.077 0.000000000 9.99 0.259000000 0.042 0.000000  0.105 0.000  0.147 0.000   1.164 0.000  0.365 0.000  0.799 0.000 0.007 0.000000 0.077 0.000000
363.291667 364.291667    3.39 0.000000  0.51 0.000000 9.999 0.259000000 9.99 0.259000000 0.089 0.000000  0.215 0.000  0.302 0.000   2.026 0.000  0.437 0.000  1.588 0.000 0.013 0.000000 0.207 0.000000
