scripts/IMPROVE-2019_partial/data/US9065R.20040101050000.20191216000000.filterpack..pm25.52w.1w.US03L_filterpack_US9065.US03L_IMPROVE_Davis.lev2.nas
68 1001
MISSING INFORMATION
US03L, IMPROVE, , , , , , , 
MISSING INFORMATION
IMPROVE sel_HTAP
1 1
2004 01 01 2019 12 16
3.000000
days from file reference point
29
1 1 1 1 1 1 1 1 1 1 1 1 1 1 1 1 1 1 1 1 1 1 1 1 1 1 1 1 1
999.999999 99.999 9.999 9999.99 9.999 99.99 9.999 9.999 9.999999 99.99 9.999 9.999 9.999 99.999 9.999 99.999 9.999 999.99 9.999999 999.999 9.999 99.999 9.999 999.999 9.999 9.999 9.999 99.999 9.999
end_time of measurement, days from the file reference point
ammonium, ug N/m3, Revision date=20181210133000
numflag ammonium, no unit, Revision date=20181210133000
iron, ng/m3, Revision date=20181210133000
numflag iron, no unit, Revision date=20181210133000
lead, ng/m3, Revision date=20181210133000
numflag lead, no unit, Revision date=20181210133000
magnesium, ug/m3, Revision date=20181210133000
numflag magnesium, no unit, Revision date=20181210133000
nickel, ng/m3, Revision date=20181210133000
numflag nickel, no unit, Revision date=20181210133000
nitrate, ug N/m3, Revision date=20181210133000
numflag nitrate, no unit, Revision date=20181210133000
organic_carbon, ug C/m3, Revision date=20181210133000
numflag organic_carbon, no unit, Revision date=20181210133000
organic_mass, ug/m3, Revision date=20181210133000
numflag organic_mass, no unit, Revision date=20181210133000
phosphorus, ng/m3, Revision date=20181210133000
numflag phosphorus, no unit, Revision date=20181210133000
pm10_mass, ug/m3, Version=2, Version description=Data extracted from http://views.cira.colostate.edu/fed/DataWizard 2019-12-16, Sample duration=1d, Orig. time res.=3d, Matrix=pm10, Blank correction=Blank corrected, Volume std. temperature=ambient, Volume std. pressure=ambient
numflag pm10_mass, no unit, Version=2, Version description=Data extracted from http://views.cira.colostate.edu/fed/DataWizard 2019-12-16, Sample duration=1d, Orig. time res.=3d, Matrix=pm10, Blank correction=Blank corrected, Volume std. temperature=ambient, Volume std. pressure=ambient
pm10_pm25_mass, ug/m3, Revision date=20181210133000, Matrix=pm10_pm25
numflag pm10_pm25_mass, no unit, Revision date=20181210133000, Matrix=pm10_pm25
pm25_mass, ug/m3, Version=2, Version description=Data extracted from http://views.cira.colostate.edu/fed/DataWizard 2019-12-16, Sample duration=1d, Orig. time res.=3d, Blank correction=Blank corrected, Volume std. temperature=ambient, Volume std. pressure=ambient
numflag pm25_mass, no unit, Version=2, Version description=Data extracted from http://views.cira.colostate.edu/fed/DataWizard 2019-12-16, Sample duration=1d, Orig. time res.=3d, Blank correction=Blank corrected, Volume std. temperature=ambient, Volume std. pressure=ambient
potassium, ug/m3, Revision date=20181210133000
numflag potassium, no unit, Revision date=20181210133000
sulphate_total, ug S/m3, Revision date=20181210133000
numflag sulphate_total, no unit, Revision date=20181210133000
0
25
Data definition:              EBAS_1.1
Set type code:                TU
Timezone:                     UTC
File name:                    US9065R.20040101050000.20191216000000.filterpack..pm25.52w.1w.US03L_filterpack_US9065.US03L_IMPROVE_Davis.lev2.nas
File creation:                20191218120955
Startdate:                    20040101050000
Revision date:                20191216000000
Statistics:                   arithmetic mean
Data level:                   2
Period code:                  52w
Resolution code:              1w
Station code:                 US9065R
Platform code:                US9065S
Station name:                 Shining Rock Wilderness
Station latitude:             35.3937
Station longitude:            -82.7744
Station altitude:             1617.0 m
Regime:                       IMG
Component:                    
Matrix:                       pm25
Laboratory code:              US03L
Instrument type:              filterpack
Instrument name:              filterpack_US9065
Method ref:                   US03L_IMPROVE_Davis
starttime endtime NH4+ flag_NH4+ Fe flag_Fe Pb flag_Pb Mg++ flag_Mg++ Ni flag_Ni NO3- flag_NO3- OC flag_OC OM flag_OM P flag_P PM10 flag_PM10 PM10-PM2.5 flag_PM10-PM2.5 PM2.5 flag_PM2.5 K+ flag_K+ SO4-- flag_SO4--
[from data line 77]
231.208333 232.208333  1.475 0.559   27.31 0.000  1.06 0.000 9.999 0.259000  0.09 0.000 0.039 0.559  3.198 0.000  4.477 0.000 999.99 0.259000  18.843 0.000  3.173 0.000  15.670 0.000 0.062 0.000  2.062 0.559
234.208333 235.208333  0.181 0.559    2.07 0.000  0.48 0.000 9.999 0.259000 99.99 0.259 0.012 0.559  0.410 0.000  0.574 0.000 999.99 0.259000   3.086 0.000  0.772 0.000   2.315 0.000 0.009 0.000  0.499 0.559
237.208333 238.208333  1.208 0.559   10.37 0.000  0.77 0.000 9.999 0.259000  0.20 0.000 0.060 0.559  2.042 0.000  2.859 0.000 999.99 0.259000  13.970 0.000  2.296 0.000  11.674 0.000 0.022 0.000  2.286 0.559
240.208333 241.208333  1.133 0.559   53.05 0.000  0.66 0.000 9.999 0.259000  0.27 0.000 0.050 0.559  1.896 0.000  2.655 0.000 999.99 0.259000  16.352 0.000  2.767 0.000  13.584 0.000 0.044 0.000  2.218 0.559
243.208333 244.208333  0.960 0.559   23.05 0.000  0.75 0.000 9.999 0.259000  0.11 0.000 0.016 0.559  1.388 0.000  1.944 0.000 999.99 0.259000  13.214 0.000  2.161 0.000  11.053 0.000 0.029 0.000  2.158 0.559
246.208333 247.208333  1.656 0.559   14.34 0.000  1.42 0.000 9.999 0.259000  0.51 0.000 0.042 0.559  1.564 0.000  2.190 0.000 999.99 0.259000  16.569 0.000  1.839 0.000  14.731 0.000 0.021 0.000  3.117 0.559
249.208333 250.208333  0.054 0.559    0.95 0.000 99.99 0.259 0.094 0.000000 99.99 0.259 0.010 0.559  0.250 0.000  0.351 0.000 999.99 0.259000   1.381 0.000  0.354 0.000   1.027 0.000 0.004 0.000  0.199 0.559
252.208333 253.208333  0.195 0.559    3.31 0.000  0.54 0.000 9.999 0.259000  0.22 0.000 0.010 0.559  0.359 0.000  0.503 0.000 999.99 0.259000   2.924 0.000  0.729 0.000   2.195 0.000 0.004 0.000  0.404 0.559
255.208333 256.208333  1.226 0.559   12.38 0.000  1.16 0.000 9.999 0.259000  0.36 0.000 0.023 0.559  1.428 0.000  1.999 0.000 999.99 0.259000  14.052 0.000  0.955 0.000  13.097 0.000 0.018 0.000  2.563 0.559
258.208333 259.208333  0.556 0.559    5.18 0.000  0.90 0.000 9.999 0.259000  0.26 0.000 0.024 0.559  0.680 0.000  0.952 0.000 999.99 0.259000   5.637 0.000  0.625 0.000   5.012 0.000 0.010 0.000  1.035 0.559
261.208333 262.208333 99.999 0.999 9999.99 0.999 99.99 0.999 9.999 0.999000 99.99 0.999 9.999 0.999 99.999 0.999 99.999 0.999 999.99 0.999000 999.999 0.999 99.999 0.999 999.999 0.999 9.999 0.999 99.999 0.999
264.208333 265.208333  0.128 0.000   12.27 0.000  0.89 0.000 9.999 0.259000  0.16 0.000 0.037 0.000  0.543 0.000  0.760 0.000 999.99 0.259000   3.840 0.000  2.126 0.000   1.714 0.000 0.013 0.000  0.167 0.000
267.208333 268.208333  2.247 0.000   46.09 0.000  2.24 0.000 9.999 0.259000  0.27 0.000 0.067 0.000  2.514 0.000  3.520 0.000 999.99 0.259000  19.980 0.000  2.891 0.000  17.089 0.000 0.053 0.000  2.885 0.000
270.208333 271.208333  0.068 0.000    1.52 0.000 99.99 0.259 9.999 0.259000 99.99 0.259 0.007 0.000  0.274 0.000  0.383 0.000 999.99 0.259000   0.980 0.000  0.040 0.000   0.940 0.000 0.007 0.000  0.187 0.000
273.208333 274.208333  2.479 0.559   27.91 0.000  1.84 0.000 9.999 0.259000  0.16 0.000 0.048 0.559  1.855 0.000  2.597 0.000 999.99 0.259000  19.656 0.000  1.228 0.000  18.427 0.000 0.029 0.000  3.662 0.559
276.208333 277.208333  1.966 0.559   33.48 0.000  1.78 0.000 9.999 0.259000  0.16 0.000 0.031 0.559  2.882 0.000  4.034 0.000 999.99 0.259000  20.957 0.000  2.316 0.000  18.640 0.000 0.081 0.000  3.133 0.559
279.208333 280.208333  1.474 0.559   28.59 0.000  1.77 0.000 9.999 0.259000 99.99 0.259 0.071 0.559  2.244 0.000  3.142 0.000 999.99 0.259000  15.686 0.000  2.859 0.000  12.828 0.000 0.039 0.000  1.897 0.559
282.208333 283.208333  0.508 0.559   19.47 0.000  0.81 0.000 9.999 0.259000 99.99 0.259 0.110 0.559  1.015 0.000  1.421 0.000 999.99 0.259000   7.878 0.000  2.177 0.000   5.701 0.000 0.030 0.000  0.722 0.559
285.208333 286.208333  0.458 0.559    8.44 0.000  0.77 0.000 9.999 0.259000 99.99 0.259 0.027 0.559  0.753 0.000  1.054 0.000 999.99 0.259000   6.812 0.000  1.731 0.000   5.082 0.000 0.016 0.000  0.789 0.559
288.208333 289.208333  0.323 0.000    9.75 0.000  0.67 0.000 9.999 0.259000 99.99 0.259 0.022 0.000  0.570 0.000  0.798 0.000 999.99 0.259000   4.167 0.000  0.985 0.000   3.182 0.000 0.017 0.000  0.425 0.000
291.208333 292.208333  1.093 0.559   21.61 0.000  1.27 0.000 9.999 0.259000  0.30 0.000 0.074 0.559  2.152 0.000  3.013 0.000 999.99 0.259000  12.820 0.000  1.746 0.000  11.074 0.000 0.048 0.000  1.517 0.559
294.208333 295.208333  0.737 0.559   16.35 0.000  0.91 0.000 9.999 0.259000  0.37 0.000 0.041 0.559  1.566 0.000  2.192 0.000 999.99 0.259000   9.804 0.000  1.101 0.000   8.703 0.000 0.029 0.000  1.497 0.559
297.208333 298.208333  0.581 0.000    6.01 0.000  0.42 0.000 9.999 0.259000 99.99 0.259 0.023 0.000  1.072 0.000  1.500 0.000 999.99 0.259000   6.620 0.000  1.358 0.000   5.262 0.000 0.020 0.000  0.865 0.000
300.208333 301.208333  0.855 0.559   14.16 0.000  0.61 0.000 0.095 0.000000  0.30 0.000 0.034 0.559  1.607 0.000  2.249 0.000 999.99 0.259000  11.520 0.000  2.401 0.000   9.118 0.000 0.029 0.000  1.510 0.559
303.208333 304.208333  0.974 0.559   15.00 0.000  0.76 0.000 9.999 0.259000  0.52 0.000 0.025 0.559  1.295 0.000  1.813 0.000 999.99 0.259000  12.758 0.000  2.660 0.000  10.098 0.000 0.028 0.000  1.863 0.559
306.208333 307.208333  0.313 0.000    4.67 0.000 99.99 0.259 9.999 0.259000  0.37 0.000 0.037 0.000  0.939 0.000  1.314 0.000 999.99 0.259000   5.162 0.000  0.962 0.000   4.201 0.000 0.021 0.000  0.694 0.000
309.208333 310.208333  0.472 0.000   11.21 0.000  1.51 0.000 9.999 0.259000 99.99 0.259 0.057 0.000  0.544 0.000  0.762 0.000 999.99 0.259000   5.433 0.000  1.884 0.000   3.549 0.000 0.011 0.000  0.564 0.000
312.208333 313.208333  0.612 0.394   31.18 0.394  2.31 0.394 9.999 0.394259  0.40 0.394 0.206 0.394  1.642 0.000  2.299 0.000 999.99 0.394259  12.140 0.000  5.937 0.000   6.203 0.000 0.047 0.394  0.607 0.394
315.208333 316.208333  0.195 0.000    9.33 0.000 99.99 0.259 9.999 0.259000  0.50 0.000 0.023 0.000  0.307 0.000  0.430 0.000 999.99 0.259000   2.935 0.000  0.529 0.000   2.406 0.000 0.013 0.000  0.325 0.000
318.208333 319.208333  0.266 0.000    8.68 0.000  1.37 0.000 9.999 0.259000 99.99 0.259 0.022 0.000  0.378 0.000  0.528 0.000 999.99 0.259000   3.389 0.000  0.720 0.000   2.669 0.000 0.016 0.000  0.377 0.000
321.208333 322.208333  0.221 0.559    6.06 0.000  1.13 0.000 9.999 0.259000  0.19 0.000 0.017 0.559  0.445 0.000  0.623 0.000  13.56 0.000000   3.018 0.000  0.451 0.000   2.566 0.000 0.015 0.000  0.308 0.559
324.208333 325.208333  0.361 0.559    3.14 0.000  0.39 0.000 0.084 0.000000 99.99 0.259 0.032 0.559  0.715 0.000  1.001 0.000 999.99 0.259000   4.068 0.000  0.060 0.000   4.008 0.000 0.021 0.000  0.589 0.559
327.208333 328.208333  0.051 0.000    9.53 0.000 99.99 0.259 0.206 0.000000  0.33 0.000 0.010 0.000  0.263 0.000  0.368 0.000 999.99 0.259000   1.636 0.000  0.190 0.000   1.446 0.000 0.013 0.000  0.113 0.000
330.208333 331.208333 99.999 0.999 9999.99 0.999 99.99 0.999 9.999 0.999000 99.99 0.999 9.999 0.999 99.999 0.999 99.999 0.999 999.99 0.999000 999.999 0.999 99.999 0.999 999.999 0.999 9.999 0.999 99.999 0.999
333.208333 334.208333  0.188 0.000    7.31 0.000  0.77 0.000 9.999 0.259000 99.99 0.259 0.010 0.000  0.353 0.000  0.494 0.000 999.99 0.259000   2.067 0.000  0.100 0.000   1.967 0.000 0.012 0.000  0.227 0.000
336.208333 337.208333  0.144 0.559    7.09 0.000  0.89 0.000 9.999 0.259000 99.99 0.259 0.010 0.559  0.337 0.000  0.472 0.000 999.99 0.259000   1.603 0.000  0.110 0.000   1.492 0.000 0.011 0.000  0.182 0.559
339.208333 340.208333  0.138 0.559    4.98 0.000  0.51 0.000 9.999 0.259000  0.21 0.000 0.013 0.559  0.294 0.000  0.412 0.000 999.99 0.259000   1.529 0.000  0.153 0.000   1.377 0.000 0.010 0.000  0.162 0.559
342.208333 343.208333  0.156 0.559   16.22 0.000  0.56 0.000 9.999 0.259000  0.18 0.000 0.021 0.559  0.513 0.000  0.718 0.000 999.99 0.259000   3.224 0.000  1.382 0.000   1.842 0.000 0.022 0.000  0.188 0.559
345.208333 346.208333  0.105 0.559    0.98 0.000  0.42 0.000 9.999 0.259000  0.18 0.000 0.007 0.559  0.101 0.000  0.141 0.000 999.99 0.259000   0.827 0.000  0.024 0.000   0.802 0.000 0.005 0.000  0.195 0.559
348.208333 349.208333  0.448 0.559    4.86 0.000  0.79 0.000 0.077 0.000000 99.99 0.259 0.067 0.559  0.268 0.000  0.376 0.000 999.99 0.259000   2.720 0.000  0.014 0.000   2.706 0.000 0.012 0.000  0.628 0.559
351.208333 352.208333  0.390 0.559   18.53 0.000  1.12 0.000 9.999 0.259000  0.23 0.000 0.157 0.559  0.911 0.000  1.276 0.000 999.99 0.259000   4.382 0.000  0.787 0.000   3.594 0.000 0.028 0.000  0.378 0.559
354.208333 355.208333  0.128 0.559    6.78 0.000  0.81 0.000 9.999 0.259000  0.17 0.000 0.093 0.559  0.198 0.000  0.277 0.000 999.99 0.259000   1.590 0.000  0.598 0.000   0.992 0.000 0.012 0.000  0.123 0.559
357.208333 358.208333  0.125 0.559    2.25 0.000  0.61 0.000 0.068 0.000000  0.11 0.000 0.011 0.559  0.221 0.000  0.309 0.000 999.99 0.259000   1.116 0.000  0.020 0.000   1.097 0.000 0.007 0.000  0.184 0.559
360.208333 361.208333  0.352 0.559    7.68 0.000  0.40 0.000 9.999 0.259000  0.20 0.000 0.081 0.559  0.612 0.000  0.857 0.000 999.99 0.259000   3.179 0.000  0.278 0.000   2.901 0.000 0.021 0.000  0.374 0.559
363.208333 364.208333  0.313 0.559    7.12 0.000  0.62 0.000 9.999 0.259000  0.20 0.000 0.032 0.559  0.431 0.000  0.603 0.000 999.99 0.259000   3.886 0.000  0.459 0.000   3.427 0.000 0.019 0.000  0.566 0.559
