scripts/IMPROVE-2019_partial/data/US9065R.20060102050000.20191216000000.filterpack..pm25.52w.1w.US03L_filterpack_US9065.US03L_IMPROVE_Davis.lev2.nas
64 1001
MISSING INFORMATION
US03L, IMPROVE, , , , , , , 
MISSING INFORMATION
IMPROVE sel_HTAP
1 1
2006 01 01 2019 12 16
3.000000
days from file reference point
25
1 1 1 1 1 1 1 1 1 1 1 1 1 1 1 1 1 1 1 1 1 1 1 1 1
999.999999 9999.99 9.999 99.99 9.999 9.999 9.999999 9.99 9.999999 9.999 9.999 99.999 9.999 99.999 9.999 999.999 9.999 999.999 9.999 999.999 9.999 9.999 9.999 99.999 9.999
end_time of measurement, days from the file reference point
iron, ng/m3, Revision date=20181210133000
numflag iron, no unit, Revision date=20181210133000
lead, ng/m3, Revision date=20181210133000
numflag lead, no unit, Revision date=20181210133000
magnesium, ug/m3, Revision date=20181210133000
numflag magnesium, no unit, Revision date=20181210133000
nickel, ng/m3, Revision date=20181210133000
numflag nickel, no unit, Revision date=20181210133000
nitrate, ug N/m3, Revision date=20181210133000
numflag nitrate, no unit, Revision date=20181210133000
organic_carbon, ug C/m3, Revision date=20181210133000
numflag organic_carbon, no unit, Revision date=20181210133000
organic_mass, ug/m3, Revision date=20181210133000
numflag organic_mass, no unit, Revision date=20181210133000
pm10_mass, ug/m3, Version=2, Version description=Data extracted from http://views.cira.colostate.edu/fed/DataWizard 2019-12-16, Sample duration=1d, Orig. time res.=3d, Matrix=pm10, Blank correction=Blank corrected, Volume std. temperature=ambient, Volume std. pressure=ambient
numflag pm10_mass, no unit, Version=2, Version description=Data extracted from http://views.cira.colostate.edu/fed/DataWizard 2019-12-16, Sample duration=1d, Orig. time res.=3d, Matrix=pm10, Blank correction=Blank corrected, Volume std. temperature=ambient, Volume std. pressure=ambient
pm10_pm25_mass, ug/m3, Revision date=20181210133000, Matrix=pm10_pm25
numflag pm10_pm25_mass, no unit, Revision date=20181210133000, Matrix=pm10_pm25
pm25_mass, ug/m3, Version=2, Version description=Data extracted from http://views.cira.colostate.edu/fed/DataWizard 2019-12-16, Sample duration=1d, Orig. time res.=3d, Blank correction=Blank corrected, Volume std. temperature=ambient, Volume std. pressure=ambient
numflag pm25_mass, no unit, Version=2, Version description=Data extracted from http://views.cira.colostate.edu/fed/DataWizard 2019-12-16, Sample duration=1d, Orig. time res.=3d, Blank correction=Blank corrected, Volume std. temperature=ambient, Volume std. pressure=ambient
potassium, ug/m3, Revision date=20181210133000
numflag potassium, no unit, Revision date=20181210133000
sulphate_total, ug S/m3, Revision date=20181210133000
numflag sulphate_total, no unit, Revision date=20181210133000
0
25
Data definition:              EBAS_1.1
Set type code:                TU
Timezone:                     UTC
File name:                    US9065R.20060102050000.20191216000000.filterpack..pm25.52w.1w.US03L_filterpack_US9065.US03L_IMPROVE_Davis.lev2.nas
File creation:                20191218120955
Startdate:                    20060102050000
Revision date:                20191216000000
Statistics:                   arithmetic mean
Data level:                   2
Period code:                  52w
Resolution code:              1w
Station code:                 US9065R
Platform code:                US9065S
Station name:                 Shining Rock Wilderness
Station latitude:             35.3937
Station longitude:            -82.7744
Station altitude:             1617.0 m
Regime:                       IMG
Component:                    
Matrix:                       pm25
Laboratory code:              US03L
Instrument type:              filterpack
Instrument name:              filterpack_US9065
Method ref:                   US03L_IMPROVE_Davis
starttime endtime Fe flag_Fe Pb flag_Pb Mg++ flag_Mg++ Ni flag_Ni NO3- flag_NO3- OC flag_OC OM flag_OM PM10 flag_PM10 PM10-PM2.5 flag_PM10-PM2.5 PM2.5 flag_PM2.5 K+ flag_K+ SO4-- flag_SO4--
[from data line 88]
265.208333 266.208333   96.37 0.000  0.67 0.000 9.999 0.259000 0.30 0.000000 0.059 0.559  1.042 0.000  1.875 0.000  12.506 0.000   3.465 0.000   9.040 0.000 0.053 0.000  1.301 0.559
268.208333 269.208333    9.33 0.000  1.18 0.000 9.999 0.259000 9.99 0.259000 0.033 0.559  0.936 0.000  1.684 0.000   9.067 0.000   1.928 0.000   7.139 0.000 0.018 0.000  1.134 0.559
271.208333 272.208333    9.11 0.000  0.95 0.000 9.999 0.259000 9.99 0.259000 0.044 0.000  0.430 0.000  0.775 0.000   4.149 0.000   1.017 0.000   3.132 0.000 0.011 0.000  0.433 0.000
274.208333 275.208333   18.00 0.000  1.25 0.000 9.999 0.259000 0.07 0.000000 0.028 0.559  1.448 0.000  2.606 0.000  10.481 0.000   3.147 0.000   7.334 0.000 0.029 0.000  0.880 0.559
277.208333 278.208333   32.17 0.000  1.42 0.000 9.999 0.259000 0.37 0.000000 0.029 0.000  2.485 0.000  4.474 0.000  18.893 0.000   4.569 0.000  14.324 0.000 0.056 0.000  2.046 0.000
280.208333 281.208333    0.87 0.000  0.22 0.000 9.999 0.259000 9.99 0.259000 0.008 0.000  0.098 0.000  0.176 0.000   0.905 0.000   0.331 0.000   0.575 0.000 0.003 0.000  0.094 0.000
283.208333 284.208333   23.80 0.000  1.07 0.000 9.999 0.259000 0.22 0.000000 0.079 0.000  1.679 0.000  3.023 0.000  12.281 0.000   2.683 0.000   9.598 0.000 0.033 0.000  1.354 0.000
286.208333 287.208333   13.01 0.000  0.68 0.000 9.999 0.259000 9.99 0.259000 0.068 0.000  0.810 0.000  1.458 0.000   5.505 0.000   2.975 0.000   2.529 0.000 0.029 0.000  0.187 0.000
289.208333 290.208333    0.53 0.000  0.15 0.000 9.999 0.259000 9.99 0.259000 0.004 0.000  0.279 0.000  0.502 0.000   1.206 0.000   0.352 0.000   0.854 0.000 0.004 0.000  0.134 0.000
292.208333 293.208333    5.84 0.000  0.35 0.000 9.999 0.259000 9.99 0.259000 0.015 0.000  0.619 0.000  1.114 0.000   4.226 0.000   1.110 0.000   3.115 0.000 0.014 0.000  0.490 0.000
295.208333 296.208333   12.36 0.000  1.27 0.000 9.999 0.259000 9.99 0.259000 0.052 0.000  0.507 0.000  0.913 0.000   6.358 0.000   0.805 0.000   5.553 0.000 0.023 0.000  1.023 0.000
298.208333 299.208333   22.73 0.000  1.34 0.000 9.999 0.259000 9.99 0.259000 0.114 0.000  1.678 0.000  3.020 0.000   8.940 0.000   2.402 0.000   6.539 0.000 0.038 0.000  0.611 0.000
301.208333 302.208333   10.62 0.000  0.72 0.000 9.999 0.259000 9.99 0.259000 0.028 0.000  0.609 0.000  1.096 0.000   4.127 0.000   1.852 0.000   2.276 0.000 0.020 0.000  0.154 0.000
304.208333 305.208333    9.10 0.000  0.63 0.000 9.999 0.259000 9.99 0.259000 0.023 0.000  0.771 0.000  1.388 0.000   6.232 0.000   1.633 0.000   4.599 0.000 0.014 0.000  0.707 0.000
307.208333 308.208333    7.57 0.000  3.41 0.000 9.999 0.259000 9.99 0.259000 0.035 0.000  0.396 0.000  0.713 0.000   3.011 0.000   0.844 0.000   2.166 0.000 0.013 0.000  0.199 0.000
310.208333 311.208333    4.36 0.000  0.42 0.000 9.999 0.259000 9.99 0.259000 0.057 0.000  0.454 0.000  0.817 0.000   3.795 0.000   1.904 0.000   1.891 0.000 0.010 0.000  0.137 0.000
313.208333 314.208333   17.19 0.000  0.82 0.000 9.999 0.259000 9.99 0.259000 0.053 0.000  1.069 0.000  1.924 0.000 999.999 0.456 999.999 0.999   3.226 0.000 0.024 0.000  0.211 0.000
316.208333 317.208333    4.18 0.000  0.58 0.000 9.999 0.259000 9.99 0.259000 0.004 0.000  0.360 0.000  0.649 0.000 999.999 0.456 999.999 0.999   1.620 0.000 0.006 0.000  0.178 0.000
319.208333 320.208333    5.58 0.000 99.99 0.259 9.999 0.259000 9.99 0.259000 0.011 0.000  0.467 0.000  0.840 0.000   2.393 0.000   0.840 0.000   1.554 0.000 0.007 0.000  0.163 0.000
322.208333 323.208333   10.08 0.000  1.63 0.000 9.999 0.259000 9.99 0.259000 0.089 0.000  0.708 0.000  1.274 0.000   4.992 0.000   0.982 0.000   4.010 0.000 0.019 0.000  0.566 0.000
325.208333 326.208333   11.51 0.000  1.50 0.000 9.999 0.259000 9.99 0.259000 0.029 0.000  0.626 0.000  1.128 0.000   4.345 0.000   1.579 0.000   2.765 0.000 0.020 0.000  0.326 0.000
328.208333 329.208333    5.74 0.000  0.85 0.000 9.999 0.259000 9.99 0.259000 0.007 0.559  0.510 0.000  0.918 0.000   1.920 0.000   0.337 0.000   1.583 0.000 0.012 0.000  0.157 0.559
331.208333 332.208333    5.01 0.000  0.91 0.000 9.999 0.259000 0.28 0.000000 0.061 0.559  0.849 0.000  1.529 0.000   5.816 0.000   1.364 0.000   4.452 0.000 0.021 0.000  0.420 0.559
334.208333 335.208333    3.99 0.000  0.46 0.000 0.008 0.000000 9.99 0.259000 0.010 0.559  0.437 0.000  0.787 0.000   2.091 0.000   0.776 0.000   1.315 0.000 0.008 0.000  0.146 0.559
337.208333 338.208333    8.96 0.000  1.19 0.000 9.999 0.259000 0.19 0.000000 0.092 0.559  0.620 0.000  1.116 0.000   3.246 0.000   0.551 0.000   2.695 0.000 0.020 0.000  0.254 0.559
340.208333 341.208333   18.13 0.000  0.85 0.000 0.009 0.000000 0.21 0.000000 0.163 0.000  1.340 0.000  2.413 0.000   6.262 0.000   1.681 0.000   4.581 0.000 0.036 0.000  0.386 0.000
343.208333 344.208333    6.03 0.000  0.24 0.000 9.999 0.259000 0.22 0.000000 0.008 0.000  0.537 0.000  0.968 0.000   1.276 0.000   0.112 0.000   1.164 0.000 0.014 0.000  0.077 0.000
346.208333 347.208333   18.94 0.000  0.58 0.000 9.999 0.259000 0.27 0.000000 0.076 0.000  1.379 0.000  2.482 0.000 999.999 0.456 999.999 0.999   5.424 0.000 0.035 0.000  0.665 0.000
349.208333 350.208333   18.81 0.000  0.95 0.000 9.999 0.259000 0.21 0.000000 0.050 0.000  0.800 0.000  1.441 0.000 999.999 0.456 999.999 0.999   1.904 0.000 0.020 0.000  0.100 0.000
352.208333 353.208333   25.22 0.000  1.44 0.000 9.999 0.259000 0.36 0.000000 0.074 0.000  1.356 0.000  2.441 0.000 999.999 0.456 999.999 0.999   8.036 0.000 0.045 0.000  1.148 0.000
355.208333 356.208333    1.10 0.000  0.09 0.000 9.999 0.259000 9.99 0.259000 0.005 0.000  0.316 0.000  0.568 0.000   0.574 0.000   0.051 0.000   0.523 0.000 0.004 0.000  0.019 0.000
358.208333 359.208333    2.10 0.000  0.16 0.000 9.999 0.259000 9.99 0.259000 0.044 0.000  0.420 0.000  0.756 0.000   1.115 0.000   0.112 0.000   1.003 0.000 0.006 0.000  0.123 0.000
361.208333 362.208333    3.91 0.000  0.53 0.000 9.999 0.259000 0.17 0.000000 0.010 0.000  0.421 0.000  0.758 0.000   1.571 0.000   0.216 0.000   1.355 0.000 0.009 0.000  0.195 0.000
364.208333 365.208333    0.36 0.394  0.54 0.394 9.999 0.394259 0.14 0.394000 0.001 0.394  0.377 0.394  0.679 0.394   0.186 0.000   0.058 0.394   0.174 0.000 0.002 0.394  0.006 0.394
