scripts/IMPROVE-2019_partial/data/US9065R.19960103050000.20191216000000.filterpack...1y.3d.US03L_filterpack_US9065.US03L_IMPROVE_Davis.lev2.nas
51 1001
MISSING INFORMATION
US03L, IMPROVE, , , , , , , 
MISSING INFORMATION
IMPROVE sel_HTAP
1 1
1996 01 01 2019 12 16
0
days from file reference point
4
1 1 1 1
999.999999 999.999 999.999 9.999
end_time of measurement, days from the file reference point
pm10_mass, ug/m3, Matrix=pm10
pm25_mass, ug/m3, Matrix=pm25
numflag, no unit
0
33
Data definition:              EBAS_1.1
Set type code:                TI
Timezone:                     UTC
File name:                    US9065R.19960103050000.20191216000000.filterpack...1y.3d.US03L_filterpack_US9065.US03L_IMPROVE_Davis.lev2.nas
File creation:                20191218120953
Startdate:                    19960103050000
Revision date:                20191216000000
Version:                      2
Version description:          "Data extracted from http://views.cira.colostate.edu/fed/DataWizard 2019-12-16"
Statistics:                   arithmetic mean
Data level:                   2
Period code:                  1y
Resolution code:              3d
Sample duration:              1d
Orig. time res.:              3d
Station code:                 US9065R
Platform code:                US9065S
Station name:                 Shining Rock Wilderness
Station latitude:             35.3937
Station longitude:            -82.7744
Station altitude:             1617.0 m
Regime:                       IMG
Component:                    
Unit:                         ug/m3
Matrix:                       
Laboratory code:              US03L
Instrument type:              filterpack
Instrument name:              filterpack_US9065
Method ref:                   US03L_IMPROVE_Davis
Blank correction:             Blank corrected
Volume std. temperature:      ambient
Volume std. pressure:         ambient
starttime endtime PM10 PM2.5 flag
  2.208333   3.208333 999.999 999.999 0.999
  5.208333   6.208333 999.999 999.999 0.999
  9.208333  10.208333 999.999 999.999 0.999
 12.208333  13.208333 999.999 999.999 0.999
 16.208333  17.208333 999.999 999.999 0.999
 19.208333  20.208333   7.606   2.520 0.000
 23.208333  24.208333   9.688   3.472 0.000
 26.208333  27.208333   4.966   3.534 0.000
 30.208333  31.208333 999.999 999.999 0.999
 33.208333  34.208333 999.999 999.999 0.999
 37.208333  38.208333 999.999 999.999 0.999
 40.208333  41.208333 999.999 999.999 0.999
 44.208333  45.208333 999.999 999.999 0.999
 47.208333  48.208333 999.999 999.999 0.999
 51.208333  52.208333   1.515   0.694 0.000
 54.208333  55.208333   7.960   5.163 0.000
 58.208333  59.208333   7.068   3.763 0.000
 61.208333  62.208333   8.196   5.022 0.000
 65.208333  66.208333   8.660   3.316 0.000
 68.208333  69.208333   5.424   4.978 0.000
 72.208333  73.208333  64.956 999.999 0.000
 75.208333  76.208333  12.184 999.999 0.000
 79.208333  80.208333   7.997   5.327 0.000
 82.208333  83.208333 999.999 999.999 0.999
 86.208333  87.208333  10.481   6.484 0.000
 89.208333  90.208333 999.999   4.947 0.000
 93.208333  94.208333   8.465   4.178 0.000
 96.208333  97.208333   8.910   8.284 0.000
100.208333 101.208333  12.141   5.454 0.000
103.208333 104.208333  17.870   6.124 0.000
107.208333 108.208333  16.577   5.854 0.000
110.208333 111.208333  17.101   5.833 0.000
114.208333 115.208333   9.605   5.656 0.000
117.208333 118.208333  20.391   5.713 0.000
121.208333 122.208333   9.534 999.999 0.000
124.208333 125.208333  25.608  12.816 0.000
128.208333 129.208333  20.170  12.946 0.000
131.208333 132.208333  12.491   7.445 0.000
135.208333 136.208333  16.059   8.426 0.000
138.208333 139.208333  18.916  10.386 0.000
142.208333 143.208333  20.038   9.270 0.000
145.208333 146.208333  21.696  11.013 0.000
149.208333 150.208333  36.318  14.356 0.000
152.208333 153.208333  19.835  11.367 0.000
156.208333 157.208333  22.580  10.229 0.000
159.208333 160.208333   8.596   3.111 0.000
163.208333 164.208333  19.698  15.718 0.000
166.208333 167.208333  32.582  27.327 0.000
170.208333 171.208333  25.519  12.130 0.000
173.208333 174.208333  26.857  23.684 0.000
177.208333 178.208333  27.693  21.598 0.000
180.208333 181.208333  31.668  24.780 0.000
184.208333 185.208333  21.519  14.565 0.000
187.208333 188.208333  11.827   9.864 0.000
191.208333 192.208333  17.403  10.508 0.000
194.208333 195.208333  20.833  15.364 0.000
198.208333 199.208333  19.001  15.510 0.000
201.208333 202.208333   9.413   6.667 0.000
205.208333 206.208333  17.747  12.994 0.000
208.208333 209.208333  24.158  19.691 0.000
212.208333 213.208333  19.024  11.738 0.000
215.208333 216.208333  28.811  24.767 0.000
219.208333 220.208333  21.219  19.358 0.000
222.208333 223.208333  20.544  19.451 0.000
226.208333 227.208333  23.134   8.819 0.000
229.208333 230.208333  46.101  28.718 0.000
233.208333 234.208333  42.276  36.592 0.000
236.208333 237.208333  35.791  33.713 0.000
240.208333 241.208333  18.448  16.558 0.000
243.208333 244.208333  39.604  37.981 0.000
247.208333 248.208333 999.999   7.523 0.000
250.208333 251.208333  12.837   8.345 0.000
254.208333 255.208333  19.496  14.938 0.000
257.208333 258.208333   9.629   5.463 0.000
261.208333 262.208333 999.999 999.999 0.999
264.208333 265.208333  13.641  12.298 0.000
268.208333 269.208333  14.910  10.684 0.000
271.208333 272.208333   9.754   4.876 0.000
275.208333 276.208333   9.533   3.769 0.000
278.208333 279.208333  14.737   9.567 0.000
282.208333 283.208333  15.988  12.893 0.000
285.208333 286.208333  16.848   7.337 0.000
289.208333 290.208333 999.999 999.999 0.999
292.208333 293.208333  12.955   9.158 0.000
296.208333 297.208333   5.062   3.652 0.000
299.208333 300.208333  20.012  15.182 0.000
303.208333 304.208333  11.144   8.830 0.000
306.208333 307.208333   4.207   2.724 0.000
310.208333 311.208333  11.231   5.822 0.000
313.208333 314.208333   8.929   7.126 0.000
317.208333 318.208333 999.999 999.999 0.999
320.208333 321.208333 999.999 999.999 0.999
324.208333 325.208333   6.944   6.914 0.000
327.208333 328.208333   5.187   2.901 0.000
331.208333 332.208333   2.865 999.999 0.000
334.208333 335.208333   2.175   1.850 0.000
338.208333 339.208333  13.368   2.911 0.000
341.208333 342.208333  17.989 999.999 0.000
345.208333 346.208333  22.873   5.838 0.000
348.208333 349.208333   8.165 999.999 0.000
352.208333 353.208333   5.293   2.514 0.000
355.208333 356.208333   4.907   3.113 0.000
359.208333 360.208333 999.999 999.999 0.999
362.208333 363.208333  11.490 999.999 0.000
