scripts/IMPROVE-2019_partial/data/US9021R.20010404050000.20191216000000.filterpack..pm25.9mo.1w.US03L_filterpack_US9021.US03L_IMPROVE_Davis.lev2.nas
64 1001
MISSING INFORMATION
US03L, IMPROVE, , , , , , , 
MISSING INFORMATION
IMPROVE sel_HTAP
1 1
2001 01 01 2019 12 16
3.000000
days from file reference point
25
1 1 1 1 1 1 1 1 1 1 1 1 1 1 1 1 1 1 1 1 1 1 1 1 1
999.999999 9999.99 9.999 999.99 9.999 9.999 9.999999 99.99 9.999999 9.999 9.999 99.999 9.999 99.999 9.999 999.999 9.999 999.999 9.999 999.999 9.999 9.999 9.999 99.999 9.999
end_time of measurement, days from the file reference point
iron, ng/m3, Revision date=20181210133000
numflag iron, no unit, Revision date=20181210133000
lead, ng/m3, Revision date=20181210133000
numflag lead, no unit, Revision date=20181210133000
magnesium, ug/m3, Revision date=20181210133000
numflag magnesium, no unit, Revision date=20181210133000
nickel, ng/m3, Revision date=20181210133000
numflag nickel, no unit, Revision date=20181210133000
nitrate, ug N/m3, Revision date=20181210133000
numflag nitrate, no unit, Revision date=20181210133000
organic_carbon, ug C/m3, Revision date=20181210133000
numflag organic_carbon, no unit, Revision date=20181210133000
organic_mass, ug/m3, Revision date=20181210133000
numflag organic_mass, no unit, Revision date=20181210133000
pm10_mass, ug/m3, Version=2, Version description=Data extracted from http://views.cira.colostate.edu/fed/DataWizard 2019-12-16, Sample duration=1d, Orig. time res.=3d, Matrix=pm10, Blank correction=Blank corrected, Volume std. temperature=ambient, Volume std. pressure=ambient
numflag pm10_mass, no unit, Version=2, Version description=Data extracted from http://views.cira.colostate.edu/fed/DataWizard 2019-12-16, Sample duration=1d, Orig. time res.=3d, Matrix=pm10, Blank correction=Blank corrected, Volume std. temperature=ambient, Volume std. pressure=ambient
pm10_pm25_mass, ug/m3, Revision date=20181210133000, Matrix=pm10_pm25
numflag pm10_pm25_mass, no unit, Revision date=20181210133000, Matrix=pm10_pm25
pm25_mass, ug/m3, Version=2, Version description=Data extracted from http://views.cira.colostate.edu/fed/DataWizard 2019-12-16, Sample duration=1d, Orig. time res.=3d, Blank correction=Blank corrected, Volume std. temperature=ambient, Volume std. pressure=ambient
numflag pm25_mass, no unit, Version=2, Version description=Data extracted from http://views.cira.colostate.edu/fed/DataWizard 2019-12-16, Sample duration=1d, Orig. time res.=3d, Blank correction=Blank corrected, Volume std. temperature=ambient, Volume std. pressure=ambient
potassium, ug/m3, Revision date=20181210133000
numflag potassium, no unit, Revision date=20181210133000
sulphate_total, ug S/m3, Revision date=20181210133000
numflag sulphate_total, no unit, Revision date=20181210133000
0
25
Data definition:              EBAS_1.1
Set type code:                TU
Timezone:                     UTC
File name:                    US9021R.20010404050000.20191216000000.filterpack..pm25.9mo.1w.US03L_filterpack_US9021.US03L_IMPROVE_Davis.lev2.nas
File creation:                20191218120630
Startdate:                    20010404050000
Revision date:                20191216000000
Statistics:                   arithmetic mean
Data level:                   2
Period code:                  9mo
Resolution code:              1w
Station code:                 US9021R
Platform code:                US9021S
Station name:                 M.K. Goddard
Station latitude:             41.4269
Station longitude:            -80.1453
Station altitude:             379.0 m
Regime:                       IMG
Component:                    
Matrix:                       pm25
Laboratory code:              US03L
Instrument type:              filterpack
Instrument name:              filterpack_US9021
Method ref:                   US03L_IMPROVE_Davis
starttime endtime Fe flag_Fe Pb flag_Pb Mg++ flag_Mg++ Ni flag_Ni NO3- flag_NO3- OC flag_OC OM flag_OM PM10 flag_PM10 PM10-PM2.5 flag_PM10-PM2.5 PM2.5 flag_PM2.5 K+ flag_K+ SO4-- flag_SO4--
 93.208333  94.208333 9999.99 0.999 999.99 0.999 9.999 0.999000 99.99 0.999000 9.999 0.999 99.999 0.999 99.999 0.999 999.999 0.999 999.999 0.999 999.999 0.999 9.999 0.999 99.999 0.999
 96.208333  97.208333 9999.99 0.999 999.99 0.999 9.999 0.999000 99.99 0.999000 9.999 0.999 99.999 0.999 99.999 0.999 999.999 0.999 999.999 0.999 999.999 0.999 9.999 0.999 99.999 0.999
 99.208333 100.208333 9999.99 0.999 999.99 0.999 9.999 0.999000 99.99 0.999000 9.999 0.999 99.999 0.999 99.999 0.999 999.999 0.999 999.999 0.999 999.999 0.999 9.999 0.999 99.999 0.999
102.208333 103.208333 9999.99 0.999 999.99 0.999 9.999 0.999000 99.99 0.999000 9.999 0.999 99.999 0.999 99.999 0.999 999.999 0.999 999.999 0.999 999.999 0.999 9.999 0.999 99.999 0.999
105.208333 106.208333 9999.99 0.999 999.99 0.999 9.999 0.999000 99.99 0.999000 9.999 0.999 99.999 0.999 99.999 0.999 999.999 0.999 999.999 0.999 999.999 0.999 9.999 0.999 99.999 0.999
108.208333 109.208333   82.37 0.000   5.04 0.000 9.999 0.259000  0.87 0.000000 0.315 0.000  1.235 0.000  1.729 0.000  14.056 0.000   8.543 0.000   5.513 0.000 0.063 0.000  0.544 0.000
111.208333 112.208333  204.47 0.000   4.79 0.000 9.999 0.259000 99.99 0.259000 0.230 0.000  1.652 0.000  2.313 0.000  26.207 0.000   9.809 0.000  16.398 0.000 0.142 0.000  2.349 0.000
114.208333 115.208333   62.65 0.000   3.36 0.000 9.999 0.259000  0.98 0.000000 0.149 0.000  1.054 0.000  1.475 0.000   9.915 0.000   3.516 0.000   6.399 0.000 0.059 0.000  0.739 0.000
117.208333 118.208333   65.97 0.000   7.45 0.000 9.999 0.259000  1.02 0.000000 0.204 0.000  1.822 0.000  2.551 0.000  13.182 0.000   5.019 0.000   8.163 0.000 0.122 0.000  0.589 0.000
120.208333 121.208333  231.71 0.000  11.11 0.000 9.999 0.259000 99.99 0.259000 0.114 0.000  2.966 0.000  4.152 0.000  36.270 0.000  14.965 0.000  21.305 0.000 0.132 0.000  2.829 0.000
123.208333 124.208333  213.91 0.000   8.99 0.000 9.999 0.259000  0.38 0.000000 0.209 0.000  5.780 0.000  8.092 0.000  52.645 0.000  16.386 0.000  36.258 0.000 0.171 0.000  4.669 0.000
126.208333 127.208333   66.16 0.000   2.15 0.000 9.999 0.259000  0.90 0.000000 0.090 0.000  1.066 0.000  1.492 0.000  19.711 0.000  11.537 0.000   8.174 0.000 0.039 0.000  1.130 0.000
129.208333 130.208333  161.99 0.000   6.72 0.000 9.999 0.259000  1.28 0.000000 0.196 0.000  2.297 0.000  3.216 0.000  26.290 0.000   7.646 0.000  18.644 0.000 0.096 0.000  2.650 0.000
132.208333 133.208333   35.94 0.000   3.17 0.000 9.999 0.259000 99.99 0.259000 0.121 0.000  1.081 0.000  1.514 0.000   6.986 0.000   2.825 0.000   4.160 0.000 0.049 0.000  0.339 0.000
135.208333 136.208333   97.81 0.000   4.75 0.000 9.999 0.259000  0.77 0.000000 0.062 0.000  1.490 0.000  2.085 0.000  17.507 0.000   5.259 0.000  12.248 0.000 0.069 0.000  1.270 0.000
138.208333 139.208333   41.22 0.000   5.23 0.000 9.999 0.259000  0.79 0.000000 0.255 0.000  1.812 0.000  2.537 0.000  13.062 0.000   5.806 0.000   7.256 0.000 0.067 0.000  0.764 0.000
141.208333 142.208333   44.02 0.000   2.78 0.000 9.999 0.259000  1.13 0.000000 0.214 0.000  0.784 0.000  1.098 0.000   9.455 0.000   2.817 0.000   6.638 0.000 0.026 0.000  0.949 0.000
144.208333 145.208333   49.37 0.000   2.87 0.000 9.999 0.259000  0.85 0.000000 0.085 0.000  1.498 0.000  2.097 0.000  12.517 0.000   2.863 0.000   9.654 0.000 0.051 0.000  1.305 0.000
147.208333 148.208333   30.57 0.000   4.60 0.000 9.999 0.259000  1.31 0.000000 0.258 0.000  1.283 0.000  1.797 0.000  10.995 0.000   1.747 0.000   9.249 0.000 0.037 0.000  1.532 0.000
150.208333 151.208333   48.47 0.000   4.55 0.000 9.999 0.259000  0.49 0.000000 0.122 0.000  1.363 0.000  1.908 0.000   7.530 0.000   3.139 0.000   4.391 0.000 0.042 0.000  0.270 0.000
153.208333 154.208333   26.35 0.559   3.07 0.559 9.999 0.559259 99.99 0.559259 0.206 0.000  0.603 0.000  0.844 0.000   9.564 0.000   2.620 0.000   6.944 0.559 0.017 0.559  1.048 0.000
156.208333 157.208333   19.84 0.000   3.05 0.000 9.999 0.259000  0.36 0.000000 0.076 0.000  0.924 0.000  1.293 0.000   8.639 0.000   2.501 0.000   6.138 0.000 0.028 0.000  0.671 0.000
159.208333 160.208333   36.40 0.000   5.08 0.000 9.999 0.259000  0.56 0.000000 0.141 0.000  2.120 0.000  2.968 0.000  12.814 0.000   4.001 0.000   8.813 0.000 0.064 0.000  0.631 0.000
162.208333 163.208333   57.31 0.000   6.50 0.000 9.999 0.259000  0.29 0.000000 0.144 0.000  1.919 0.000  2.687 0.000  22.097 0.000   4.423 0.000  17.674 0.000 0.047 0.000  2.417 0.000
165.208333 166.208333   85.10 0.559   2.04 0.559 9.999 0.559259  1.33 0.559000 0.101 0.000  2.368 0.000  3.315 0.000  42.036 0.000  13.835 0.000  28.202 0.559 0.136 0.559  5.936 0.000
168.208333 169.208333   51.07 0.559   4.71 0.559 9.999 0.559259  0.64 0.559000 0.096 0.000  2.763 0.000  3.868 0.000  19.221 0.000   4.312 0.000  14.909 0.559 0.057 0.559  1.498 0.000
171.208333 172.208333   66.34 0.000   6.79 0.000 9.999 0.259000  0.71 0.000000 0.164 0.000  2.670 0.000  3.738 0.000  28.233 0.000   3.782 0.000  24.451 0.000 0.051 0.000  3.496 0.000
174.208333 175.208333   17.44 0.559   5.83 0.559 9.999 0.559259  0.39 0.559000 0.113 0.000  2.141 0.000  2.998 0.000  15.790 0.000   2.757 0.000  13.033 0.559 0.099 0.559  1.308 0.000
177.208333 178.208333   60.41 0.000   4.77 0.000 9.999 0.259000  0.77 0.000000 0.033 0.000  2.875 0.000  4.025 0.000  49.190 0.000   3.601 0.000  45.589 0.000 0.144 0.000  8.149 0.000
180.208333 181.208333   63.03 0.559   5.41 0.559 9.999 0.559259 99.99 0.559259 0.120 0.000  2.941 0.000  4.117 0.000  30.134 0.000   2.982 0.000  27.152 0.559 0.060 0.559  3.934 0.000
183.208333 184.208333   56.69 0.000   6.80 0.000 9.999 0.259000  0.28 0.000000 0.104 0.000  1.647 0.000  2.305 0.000  16.875 0.000   4.908 0.000  11.967 0.000 0.076 0.000  1.631 0.000
186.208333 187.208333   13.05 0.000  16.12 0.000 9.999 0.259000  0.22 0.000000 0.038 0.000  1.207 0.000  1.690 0.000   7.192 0.000   3.180 0.000   4.012 0.000 0.067 0.000  0.197 0.000
189.208333 190.208333   63.42 0.000   5.57 0.000 0.068 0.000000  0.36 0.000000 0.111 0.000  2.845 0.000  3.984 0.000  17.834 0.000   6.103 0.000  11.730 0.000 0.049 0.000  1.161 0.000
192.208333 193.208333   20.97 0.000   3.89 0.000 9.999 0.259000  0.24 0.000000 0.077 0.000  1.456 0.000  2.038 0.000   8.929 0.000   3.261 0.000   5.668 0.000 0.051 0.000  0.409 0.000
195.208333 196.208333   25.71 0.000   6.12 0.000 9.999 0.259000 99.99 0.259000 0.058 0.000  2.495 0.000  3.492 0.000  12.442 0.000   3.692 0.000   8.751 0.000 0.055 0.000  0.598 0.000
198.208333 199.208333   75.47 0.559   5.45 0.559 9.999 0.559259  0.45 0.559000 0.068 0.000  2.296 0.000  3.215 0.000  47.156 0.000   2.213 0.000  44.942 0.559 0.052 0.559  7.567 0.000
201.208333 202.208333   38.26 0.000   7.81 0.000 9.999 0.259000  1.24 0.000000 0.061 0.000  1.925 0.000  2.695 0.000  25.174 0.000   4.372 0.000  20.802 0.000 0.043 0.000  3.145 0.000
204.208333 205.208333   97.80 0.559   3.25 0.559 9.999 0.559259  0.69 0.559000 0.065 0.000  2.096 0.000  2.934 0.000  37.928 0.000   4.751 0.000  33.177 0.559 0.053 0.559  5.248 0.000
207.208333 208.208333   15.27 0.000   1.21 0.000 9.999 0.259000 99.99 0.259000 0.041 0.000  0.843 0.000  1.180 0.000   6.821 0.000   3.583 0.000   3.239 0.000 0.029 0.000  0.137 0.000
210.208333 211.208333   15.62 0.000   1.44 0.000 0.070 0.000000  0.20 0.000000 0.029 0.000  0.969 0.000  1.357 0.000  13.848 0.000   3.038 0.000  10.809 0.000 0.020 0.000  1.756 0.000
213.208333 214.208333  100.25 0.559   8.25 0.559 9.999 0.559259  0.62 0.559000 0.045 0.000  2.429 0.000  3.401 0.000  55.845 0.000   5.750 0.000  50.094 0.559 0.045 0.559  8.798 0.000
216.208333 217.208333   23.79 0.000   4.39 0.000 9.999 0.259000  0.61 0.000000 0.060 0.000  3.025 0.000  4.235 0.000  19.304 0.000   4.531 0.000  14.773 0.000 0.065 0.000  1.584 0.000
219.208333 220.208333   74.82 0.559   4.30 0.559 9.999 0.559259  0.39 0.559000 0.108 0.000  3.567 0.000  4.993 0.000  30.654 0.000   4.528 0.000  26.126 0.559 0.044 0.559  3.521 0.000
222.208333 223.208333   23.58 0.000   2.90 0.000 9.999 0.259000  0.26 0.000000 0.066 0.000  2.250 0.000  3.150 0.000  12.805 0.000   5.157 0.000   7.648 0.000 0.103 0.000  0.611 0.000
225.208333 226.208333   18.56 0.000   1.21 0.000 9.999 0.259000  0.18 0.000000 0.049 0.000  1.521 0.000  2.129 0.000  10.755 0.000   4.243 0.000   6.512 0.000 0.038 0.000  0.566 0.000
228.208333 229.208333   70.00 0.559   8.42 0.559 9.999 0.559259  1.39 0.559000 0.128 0.000  1.988 0.000  2.784 0.000  18.808 0.000   4.144 0.000  14.664 0.559 0.097 0.559  1.728 0.000
231.208333 232.208333   46.01 0.000   3.70 0.000 9.999 0.259000  0.27 0.000000 0.256 0.000  1.146 0.000  1.605 0.000  12.360 0.000   3.259 0.000   9.101 0.000 0.044 0.000  1.337 0.000
234.208333 235.208333   88.62 0.559   6.73 0.559 9.999 0.559259  0.56 0.559000 0.371 0.000  1.817 0.000  2.544 0.000  23.869 0.000   2.968 0.000  20.901 0.559 0.061 0.559  3.049 0.000
237.208333 238.208333   61.35 0.559   7.65 0.559 9.999 0.559259  1.04 0.559000 0.076 0.000  1.949 0.000  2.728 0.000  29.175 0.000   3.768 0.000  25.407 0.559 0.057 0.559  4.119 0.000
240.208333 241.208333   17.46 0.000   1.16 0.000 9.999 0.259000  0.25 0.000000 0.050 0.000  1.553 0.000  2.175 0.000   8.474 0.000   3.327 0.000   5.147 0.000 0.036 0.000  0.399 0.000
243.208333 244.208333   11.60 0.000  15.32 0.000 9.999 0.259000  0.11 0.000000 0.049 0.000  1.403 0.000  1.964 0.000   8.598 0.000   3.562 0.000   5.036 0.000 0.101 0.000  0.442 0.000
246.208333 247.208333   29.94 0.000   3.90 0.000 9.999 0.259000 99.99 0.259000 0.144 0.000  1.458 0.000  2.041 0.000  16.541 0.000   4.037 0.000  12.504 0.000 0.038 0.000  1.966 0.000
249.208333 250.208333   68.23 0.559   4.63 0.559 9.999 0.559259  0.43 0.559000 0.074 0.000  2.262 0.000  3.167 0.000  35.921 0.000   5.490 0.000  30.431 0.559 0.036 0.559  5.359 0.000
252.208333 253.208333   25.01 0.000   1.49 0.000 9.999 0.259000  0.16 0.000000 0.034 0.000  1.045 0.000  1.463 0.000   8.465 0.000   3.162 0.000   5.303 0.000 0.027 0.000  0.681 0.000
255.208333 256.208333   68.28 0.000   4.95 0.000 9.999 0.259000  0.66 0.000000 0.171 0.000  1.329 0.000  1.861 0.000  16.467 0.000   3.762 0.000  12.705 0.000 0.056 0.000  1.863 0.000
258.208333 259.208333   16.41 0.000   6.77 0.000 9.999 0.259000  0.31 0.000000 0.084 0.559  2.118 0.000  2.966 0.000  10.375 0.000   2.783 0.000   7.593 0.000 0.064 0.000  0.807 0.559
261.208333 262.208333   57.51 0.000   6.54 0.000 9.999 0.259000  0.32 0.000000 0.102 0.000  2.088 0.000  2.923 0.000  31.853 0.000   5.561 0.000  26.292 0.000 0.048 0.000  4.813 0.000
264.208333 265.208333   33.53 0.000   3.10 0.000 9.999 0.259000  0.09 0.000000 0.276 0.000  1.287 0.000  1.802 0.000  12.070 0.000   3.390 0.000   8.681 0.000 0.044 0.000  1.210 0.000
267.208333 268.208333   24.21 0.000   1.63 0.000 9.999 0.259000  0.14 0.000000 0.050 0.559  0.280 0.000  0.392 0.000   4.595 0.000   2.288 0.000   2.307 0.000 9.999 0.259  0.355 0.559
270.208333 271.208333   19.89 0.000   1.94 0.000 9.999 0.259000 99.99 0.259000 0.116 0.559  1.330 0.000  1.861 0.000   8.275 0.000   2.227 0.000   6.048 0.000 0.052 0.000  0.674 0.559
273.208333 274.208333   30.55 0.000   6.53 0.000 9.999 0.259000  0.14 0.000000 0.273 0.000  2.408 0.000  3.371 0.000  13.099 0.000   2.939 0.000  10.159 0.000 0.047 0.000  1.089 0.000
276.208333 277.208333  108.18 0.000   3.92 0.000 9.999 0.259000  0.26 0.000000 0.285 0.000  5.205 0.000  7.288 0.000  28.522 0.000   9.185 0.000  19.337 0.000 0.166 0.000  1.774 0.000
279.208333 280.208333    9.44 0.000   1.16 0.000 0.012 0.000000 99.99 0.259000 0.024 0.000  0.376 0.000  0.527 0.000   3.224 0.000   1.285 0.000   1.939 0.000 0.020 0.000  0.217 0.000
282.208333 283.208333   79.35 0.000   6.34 0.000 9.999 0.259000  0.43 0.000000 0.094 0.559  1.658 0.000  2.321 0.000  16.038 0.000   6.475 0.000   9.563 0.000 0.055 0.000  1.282 0.559
285.208333 286.208333   36.20 0.000   3.59 0.000 9.999 0.259000  0.45 0.000000 0.122 0.559  1.218 0.000  1.704 0.000  12.656 0.000   4.593 0.000   8.063 0.000 0.034 0.000  1.183 0.559
288.208333 289.208333   27.96 0.000   3.05 0.000 9.999 0.259000 99.99 0.259000 0.043 0.000  0.890 0.000  1.246 0.000   7.018 0.000   3.119 0.000   3.899 0.000 0.034 0.000  0.371 0.000
291.208333 292.208333   77.60 0.000   5.06 0.000 9.999 0.259000  0.52 0.000000 0.091 0.000  2.133 0.000  2.987 0.000  14.840 0.000   5.148 0.000   9.692 0.000 0.054 0.000  1.055 0.000
294.208333 295.208333   34.36 0.000   8.32 0.000 9.999 0.259000  0.21 0.000000 0.246 0.000  2.036 0.000  2.851 0.000  10.519 0.000   2.422 0.000   8.097 0.000 0.053 0.000  0.907 0.000
297.208333 298.208333   21.40 0.000   0.87 0.000 9.999 0.259000 99.99 0.259000 0.053 0.559  0.556 0.000  0.778 0.000   9.862 0.000   6.894 0.000   2.968 0.000 0.021 0.000  0.349 0.559
300.208333 301.208333   12.77 0.000   2.45 0.000 9.999 0.259000 99.99 0.259000 0.085 0.000  0.957 0.000  1.340 0.000   5.156 0.000   1.221 0.000   3.935 0.000 0.021 0.000  0.421 0.000
303.208333 304.208333   65.69 0.000   4.71 0.000 9.999 0.259000  0.38 0.000000 0.129 0.000  3.551 0.000  4.972 0.000  19.180 0.000   6.751 0.000  12.428 0.000 0.076 0.000  1.147 0.000
306.208333 307.208333   30.33 0.000   2.93 0.000 9.999 0.259000 99.99 0.259000 0.259 0.000  2.195 0.000  3.072 0.000   9.549 0.000   3.188 0.000   6.361 0.000 0.046 0.000  0.414 0.000
309.208333 310.208333   35.46 0.000   2.84 0.000 9.999 0.259000  0.22 0.000000 0.297 0.000  1.527 0.000  2.139 0.000   8.605 0.000   2.932 0.000   5.673 0.000 0.037 0.000  0.374 0.000
312.208333 313.208333   28.50 0.000   2.25 0.000 0.031 0.000000  0.13 0.000000 0.106 0.000  1.370 0.000  1.918 0.000   6.196 0.000   1.750 0.000   4.446 0.000 0.031 0.000  0.385 0.000
315.208333 316.208333   41.06 0.000   7.73 0.000 9.999 0.259000  0.51 0.000000 0.258 0.000  2.647 0.000  3.706 0.000  10.895 0.000   2.585 0.000   8.310 0.000 0.053 0.000  0.538 0.000
318.208333 319.208333   83.17 0.000   8.15 0.000 9.999 0.259000 99.99 0.259000 0.521 0.000  4.749 0.000  6.649 0.000  28.150 0.000   8.184 0.000  19.965 0.000 0.110 0.000  2.269 0.000
321.208333 322.208333   67.42 0.000  16.53 0.000 9.999 0.259000  0.36 0.000000 0.897 0.000  4.298 0.000  6.017 0.000  24.701 0.000   2.951 0.000  21.749 0.000 0.149 0.000  1.855 0.000
324.208333 325.208333  112.14 0.000   5.51 0.000 9.999 0.259000  1.16 0.000000 0.386 0.000  1.497 0.000  2.095 0.000  10.022 0.000   3.195 0.000   6.827 0.000 0.077 0.000  0.543 0.000
327.208333 328.208333   28.72 0.000   2.57 0.000 9.999 0.259000  0.56 0.000000 0.243 0.000  1.827 0.000  2.557 0.000  13.807 0.000   4.508 0.000   9.299 0.000 0.042 0.000  1.140 0.000
330.208333 331.208333   41.91 0.000   4.09 0.000 9.999 0.259000  0.38 0.000000 0.254 0.559  1.525 0.000  2.134 0.000  12.322 0.000   2.314 0.000  10.008 0.000 0.077 0.000  1.214 0.559
333.208333 334.208333   23.99 0.000   2.14 0.000 0.015 0.000000  0.41 0.000000 0.109 0.000  0.915 0.000  1.282 0.000   7.730 0.000   1.765 0.000   5.965 0.000 0.030 0.000  0.713 0.000
336.208333 337.208333   51.62 0.000   6.84 0.000 9.999 0.259000  0.29 0.000000 0.293 0.000  1.905 0.000  2.667 0.000  12.029 0.000   2.887 0.000   9.142 0.000 0.049 0.000  1.036 0.000
339.208333 340.208333   41.65 0.000   3.28 0.000 9.999 0.259000  0.62 0.000000 0.254 0.000  1.438 0.000  2.013 0.000   9.177 0.000   2.821 0.000   6.356 0.000 0.045 0.000  0.501 0.000
342.208333 343.208333   14.97 0.000   2.81 0.000 9.999 0.259000  0.40 0.000000 0.686 0.559  1.119 0.000  1.567 0.000  10.313 0.000   1.485 0.000   8.828 0.000 0.032 0.000  0.530 0.559
345.208333 346.208333   55.82 0.559   6.85 0.559 9.999 0.559259  1.26 0.559000 0.477 0.000  1.609 0.000  2.252 0.000  14.721 0.000   0.931 0.000  13.789 0.559 0.071 0.559  1.410 0.000
348.208333 349.208333    7.98 0.559   5.82 0.559 9.999 0.559259  0.28 0.559000 0.096 0.000  0.626 0.000  0.876 0.000   3.950 0.000   0.593 0.000   3.357 0.559 0.026 0.559  0.314 0.000
351.208333 352.208333   20.56 0.000   2.38 0.000 9.999 0.259000  0.28 0.000000 0.201 0.000  0.587 0.000  0.821 0.000   5.589 0.000   0.942 0.000   4.647 0.000 0.017 0.000  0.562 0.000
354.208333 355.208333   11.74 0.000   0.66 0.000 9.999 0.259000 99.99 0.259000 0.105 0.000  0.811 0.000  1.135 0.000   3.576 0.000   1.223 0.000   2.354 0.000 0.017 0.000  0.190 0.000
357.208333 358.208333   12.53 0.000   0.96 0.000 9.999 0.259000 99.99 0.259000 0.356 0.000  0.633 0.000  0.887 0.000   6.986 0.000   1.638 0.000   5.349 0.000 0.015 0.000  0.564 0.000
360.208333 361.208333   23.35 0.000   2.19 0.000 9.999 0.259000  0.16 0.000000 0.618 0.000  0.937 0.000  1.312 0.000  10.124 0.000   2.494 0.000   7.630 0.000 0.032 0.000  0.569 0.000
363.208333 364.208333   24.98 0.000   2.26 0.000 9.999 0.259000 99.99 0.259000 0.665 0.000  0.929 0.000  1.301 0.000  11.128 0.000   3.208 0.000   7.920 0.000 0.034 0.000  0.518 0.000
