scripts/IMPROVE-2019_partial/data/US9045R.19960103080000.20191216000000.filterpack...1y.3d.US03L_filterpack_US9045.US03L_IMPROVE_Davis.lev2.nas
51 1001
MISSING INFORMATION
US03L, IMPROVE, , , , , , , 
MISSING INFORMATION
IMPROVE sel_HTAP
1 1
1996 01 01 2019 12 16
0
days from file reference point
4
1 1 1 1
999.999999 999.999 999.999 9.999
end_time of measurement, days from the file reference point
pm10_mass, ug/m3, Matrix=pm10
pm25_mass, ug/m3, Matrix=pm25
numflag, no unit
0
33
Data definition:              EBAS_1.1
Set type code:                TI
Timezone:                     UTC
File name:                    US9045R.19960103080000.20191216000000.filterpack...1y.3d.US03L_filterpack_US9045.US03L_IMPROVE_Davis.lev2.nas
File creation:                20191218120828
Startdate:                    19960103080000
Revision date:                20191216000000
Version:                      2
Version description:          "Data extracted from http://views.cira.colostate.edu/fed/DataWizard 2019-12-16"
Statistics:                   arithmetic mean
Data level:                   2
Period code:                  1y
Resolution code:              3d
Sample duration:              1d
Orig. time res.:              3d
Station code:                 US9045R
Platform code:                US9045S
Station name:                 Sequoia NP
Station latitude:             36.4894
Station longitude:            -118.8291
Station altitude:             519.0 m
Regime:                       IMG
Component:                    
Unit:                         ug/m3
Matrix:                       
Laboratory code:              US03L
Instrument type:              filterpack
Instrument name:              filterpack_US9045
Method ref:                   US03L_IMPROVE_Davis
Blank correction:             Blank corrected
Volume std. temperature:      ambient
Volume std. pressure:         ambient
starttime endtime PM10 PM2.5 flag
  2.333333   3.333333 999.999 999.999 0.999
  5.333333   6.333333  19.345   7.213 0.000
  9.333333  10.333333  22.528  14.676 0.000
 12.333333  13.333333  12.525   3.958 0.000
 16.333333  17.333333  11.119   5.769 0.000
 19.333333  20.333333   6.752   2.679 0.000
 23.333333  24.333333   5.026   1.630 0.000
 26.333333  27.333333   6.231   1.174 0.000
 30.333333  31.333333   3.545   0.884 0.000
 33.333333  34.333333  11.285   3.012 0.000
 37.333333  38.333333   9.526   3.313 0.000
 40.333333  41.333333  29.271  18.657 0.000
 44.333333  45.333333  21.609   8.827 0.000
 47.333333  48.333333  30.007   5.405 0.000
 51.333333  52.333333   3.181   0.917 0.000
 54.333333  55.333333  18.401   8.069 0.000
 58.333333  59.333333   7.750   1.711 0.000
 61.333333  62.333333  21.239   3.906 0.000
 65.333333  66.333333  11.264   2.967 0.000
 68.333333  69.333333  11.966   2.293 0.000
 72.333333  73.333333   4.654   1.246 0.000
 75.333333  76.333333  24.091   9.249 0.000
 79.333333  80.333333  15.322   7.970 0.000
 82.333333  83.333333  20.581   5.366 0.000
 86.333333  87.333333  17.921   7.881 0.000
 89.333333  90.333333  15.551   4.746 0.000
 93.333333  94.333333  20.504   7.773 0.000
 96.333333  97.333333  20.440   4.893 0.000
100.333333 101.333333  14.249   8.642 0.000
103.333333 104.333333  24.501   6.420 0.000
107.333333 108.333333   9.835   4.000 0.000
110.333333 111.333333  15.685   6.755 0.000
114.333333 115.333333  31.617  13.455 0.000
117.333333 118.333333  22.487  12.825 0.000
121.333333 122.333333  25.223  13.514 0.000
124.333333 125.333333  24.600  10.417 0.000
128.333333 129.333333  25.610  13.486 0.000
131.333333 132.333333  29.153  10.370 0.000
135.333333 136.333333  13.484   6.247 0.000
138.333333 139.333333  17.995   7.007 0.000
142.333333 143.333333  19.948   8.302 0.000
145.333333 146.333333  23.092   7.513 0.000
149.333333 150.333333  30.828  12.394 0.000
152.333333 153.333333  23.754  14.013 0.000
156.333333 157.333333  32.397  19.506 0.000
159.333333 160.333333  45.491  18.753 0.000
163.333333 164.333333  39.220  15.570 0.000
166.333333 167.333333  37.536  16.470 0.000
170.333333 171.333333  45.593  19.922 0.000
173.333333 174.333333  36.395  13.169 0.000
177.333333 178.333333  18.704   9.925 0.000
180.333333 181.333333  45.215  16.204 0.000
184.333333 185.333333  40.418  15.143 0.000
187.333333 188.333333  49.456  16.931 0.000
191.333333 192.333333  45.691  21.028 0.000
194.333333 195.333333  54.674  23.270 0.000
198.333333 199.333333  40.278  24.735 0.000
201.333333 202.333333  44.618  30.633 0.000
205.333333 206.333333 999.999 999.999 0.999
208.333333 209.333333 999.999 999.999 0.999
212.333333 213.333333 999.999 999.999 0.999
215.333333 216.333333 999.999 999.999 0.999
219.333333 220.333333 999.999 999.999 0.999
222.333333 223.333333 999.999 999.999 0.999
226.333333 227.333333  48.194  31.460 0.000
229.333333 230.333333  55.486  25.218 0.000
233.333333 234.333333  40.871  25.186 0.000
236.333333 237.333333  39.728  18.024 0.000
240.333333 241.333333  58.772 999.999 0.000
243.333333 244.333333  50.676  26.311 0.000
247.333333 248.333333  45.087  20.328 0.000
250.333333 251.333333  22.714  11.292 0.000
254.333333 255.333333  52.690  27.573 0.000
257.333333 258.333333  30.712  10.085 0.000
261.333333 262.333333  36.777  13.676 0.000
264.333333 265.333333  57.592  16.326 0.000
268.333333 269.333333  34.364  20.984 0.000
271.333333 272.333333  63.596  15.851 0.000
275.333333 276.333333  67.716  15.565 0.000
278.333333 279.333333  40.906  17.635 0.000
282.333333 283.333333  48.035  13.633 0.000
285.333333 286.333333  38.226  17.392 0.000
289.333333 290.333333  40.179  15.284 0.000
292.333333 293.333333  27.106  12.176 0.000
296.333333 297.333333 999.999  13.076 0.000
299.333333 300.333333 999.999   3.327 0.000
303.333333 304.333333   5.578   1.728 0.000
306.333333 307.333333  16.401   3.723 0.000
310.333333 311.333333  33.766  17.963 0.000
313.333333 314.333333   8.067   3.810 0.000
317.333333 318.333333  50.723  30.650 0.000
320.333333 321.333333  18.968   8.174 0.000
324.333333 325.333333   8.735   1.282 0.000
327.333333 328.333333  14.181   2.573 0.000
331.333333 332.333333   8.194   3.284 0.000
334.333333 335.333333   8.524   3.488 0.000
338.333333 339.333333  11.251   5.920 0.000
341.333333 342.333333  11.625   1.625 0.000
345.333333 346.333333   6.905   1.459 0.000
348.333333 349.333333  15.441   4.186 0.000
352.333333 353.333333   8.662   2.451 0.000
355.333333 356.333333   6.387   2.460 0.000
359.333333 360.333333  10.132   5.619 0.000
362.333333 363.333333  10.773   1.345 0.000
