scripts/IMPROVE-2019_partial/data/US9019R.20070103050000.20191216000000.filterpack...1y.3d.US03L_filterpack_US9019.US03L_IMPROVE_Davis.lev2.nas
52 1001
MISSING INFORMATION
US03L, IMPROVE, , , , , , , 
MISSING INFORMATION
IMPROVE sel_HTAP
1 1
2007 01 01 2019 12 16
3.000000
days from file reference point
5
1 1 1 1 1
999.999999 999.999 9.999 999.999 9.999
end_time of measurement, days from the file reference point
pm10_mass, ug/m3, Matrix=pm10
numflag pm10_mass, no unit, Matrix=pm10
pm25_mass, ug/m3, Matrix=pm25
numflag pm25_mass, no unit, Matrix=pm25
0
33
Data definition:              EBAS_1.1
Set type code:                TU
Timezone:                     UTC
File name:                    US9019R.20070103050000.20191216000000.filterpack...1y.3d.US03L_filterpack_US9019.US03L_IMPROVE_Davis.lev2.nas
File creation:                20191218120622
Startdate:                    20070103050000
Revision date:                20191216000000
Version:                      2
Version description:          "Data extracted from http://views.cira.colostate.edu/fed/DataWizard 2019-12-16"
Statistics:                   arithmetic mean
Data level:                   2
Period code:                  1y
Resolution code:              3d
Sample duration:              1d
Orig. time res.:              3d
Station code:                 US9019R
Platform code:                US9019S
Station name:                 Quaker City
Station latitude:             39.9428
Station longitude:            -81.3378
Station altitude:             366.0 m
Regime:                       IMG
Component:                    
Unit:                         ug/m3
Matrix:                       
Laboratory code:              US03L
Instrument type:              filterpack
Instrument name:              filterpack_US9019
Method ref:                   US03L_IMPROVE_Davis
Blank correction:             Blank corrected
Volume std. temperature:      ambient
Volume std. pressure:         ambient
starttime endtime PM10 flag_PM10 PM2.5 flag_PM2.5
  2.208333   3.208333   8.970 0.000   6.784 0.000
  5.208333   6.208333   5.707 0.000   4.126 0.000
  8.208333   9.208333   6.081 0.000   3.716 0.000
 11.208333  12.208333   9.141 0.000   6.556 0.000
 14.208333  15.208333   7.040 0.000   4.590 0.000
 17.208333  18.208333  10.534 0.000   6.642 0.000
 20.208333  21.208333 999.999 0.456   6.309 0.000
 23.208333  24.208333  12.407 0.000  10.868 0.000
 26.208333  27.208333  10.380 0.000   8.262 0.000
 29.208333  30.208333  11.738 0.000   7.415 0.000
 32.208333  33.208333  14.157 0.000  11.293 0.000
 35.208333  36.208333  11.332 0.000   6.441 0.000
 38.208333  39.208333  11.730 0.000   8.281 0.000
 41.208333  42.208333  15.383 0.000  10.323 0.000
 44.208333  45.208333   6.480 0.000   5.177 0.000
 47.208333  48.208333  11.707 0.000   8.488 0.000
 50.208333  51.208333  12.668 0.000   9.200 0.000
 53.208333  54.208333   8.093 0.000   5.553 0.000
 56.208333  57.208333   8.474 0.000   7.096 0.000
 59.208333  60.208333  14.790 0.000  10.172 0.000
 62.208333  63.208333   7.394 0.000   5.605 0.000
 65.208333  66.208333  13.867 0.000   8.567 0.000
 68.208333  69.208333  29.398 0.000  22.674 0.000
 71.208333  72.208333  18.306 0.000  12.379 0.000
 74.208333  75.208333   6.344 0.000   4.839 0.000
 77.208333  78.208333   7.606 0.000   5.927 0.000
 80.208333  81.208333  20.680 0.000  15.952 0.000
 83.208333  84.208333  11.972 0.000   8.710 0.000
 86.208333  87.208333  19.259 0.000  11.601 0.000
 89.208333  90.208333  21.186 0.000  10.420 0.000
 92.208333  93.208333  12.931 0.000   7.614 0.000
 95.208333  96.208333   8.249 0.000   5.529 0.000
 98.208333  99.208333  14.696 0.000  11.845 0.000
101.208333 102.208333   6.801 0.000   5.211 0.000
104.208333 105.208333   6.801 0.000   5.729 0.000
107.208333 108.208333  11.114 0.000   6.592 0.000
110.208333 111.208333  12.963 0.000   5.792 0.000
113.208333 114.208333  11.613 0.000   6.729 0.000
116.208333 117.208333   9.251 0.000   6.445 0.000
119.208333 120.208333  14.268 0.000   7.103 0.000
122.208333 123.208333  14.874 0.000   7.046 0.000
125.208333 126.208333   8.411 0.000 999.999 0.456
128.208333 129.208333  15.909 0.000   7.744 0.000
131.208333 132.208333  23.660 0.000  11.677 0.000
134.208333 135.208333  42.663 0.000  23.320 0.000
137.208333 138.208333  13.554 0.000   4.967 0.000
140.208333 141.208333  20.821 0.000  12.042 0.000
143.208333 144.208333  43.564 0.000  29.546 0.000
146.208333 147.208333  38.512 0.000  23.648 0.000
149.208333 150.208333  40.691 0.000  29.526 0.000
152.208333 153.208333  46.237 0.000  36.859 0.000
155.208333 156.208333  15.820 0.000   4.645 0.000
158.208333 159.208333  26.346 0.000  15.694 0.000
161.208333 162.208333  18.158 0.000  10.030 0.000
164.208333 165.208333  22.125 0.000  13.716 0.000
167.208333 168.208333  28.425 0.000  20.884 0.000
170.208333 171.208333  17.198 0.000   7.818 0.000
173.208333 174.208333  11.525 0.000   5.320 0.000
176.208333 177.208333  35.325 0.000  24.197 0.000
179.208333 180.208333  13.860 0.000   6.956 0.000
182.208333 183.208333  14.828 0.000   7.815 0.000
185.208333 186.208333  17.214 0.000  11.817 0.000
188.208333 189.208333  17.977 0.000  13.106 0.000
191.208333 192.208333  17.429 0.000  11.208 0.000
194.208333 195.208333  17.286 0.000  12.258 0.000
197.208333 198.208333  22.189 0.000  15.725 0.000
200.208333 201.208333  10.972 0.000   6.027 0.000
203.208333 204.208333  20.619 0.000  12.406 0.000
206.208333 207.208333  23.676 0.000  19.181 0.000
209.208333 210.208333  34.204 0.000  28.776 0.000
212.208333 213.208333  27.694 0.000  18.858 0.000
215.208333 216.208333  40.080 0.000  32.851 0.000
218.208333 219.208333  36.502 0.000  26.600 0.000
221.208333 222.208333  15.558 0.000  12.471 0.000
224.208333 225.208333  19.835 0.000  14.749 0.000
227.208333 228.208333  26.670 0.000  21.155 0.000
230.208333 231.208333  13.882 0.000   9.774 0.000
233.208333 234.208333  23.549 0.000  18.849 0.000
236.208333 237.208333  22.244 0.000  15.478 0.000
239.208333 240.208333  31.494 0.000  26.508 0.000
242.208333 243.208333  12.192 0.000   6.488 0.000
245.208333 246.208333  24.933 0.000  19.739 0.000
248.208333 249.208333  40.206 0.000  29.382 0.000
251.208333 252.208333  21.093 0.000  17.373 0.000
254.208333 255.208333  12.630 0.000   5.231 0.000
257.208333 258.208333   6.319 0.000   3.174 0.000
260.208333 261.208333  21.914 0.000  14.641 0.000
263.208333 264.208333  25.751 0.000  19.660 0.000
266.208333 267.208333  30.138 0.000  18.780 0.000
269.208333 270.208333  11.139 0.000   6.994 0.000
272.208333 273.208333  13.352 0.000   8.393 0.000
275.208333 276.208333  19.999 0.000  10.588 0.000
278.208333 279.208333  17.829 0.000  10.791 0.000
281.208333 282.208333  22.063 0.000  12.829 0.000
284.208333 285.208333   5.792 0.000   3.046 0.000
287.208333 288.208333  23.157 0.000   8.857 0.000
290.208333 291.208333  16.432 0.000  11.343 0.000
293.208333 294.208333   9.770 0.000   5.652 0.000
296.208333 297.208333   5.303 0.000   2.958 0.000
299.208333 300.208333   7.611 0.000   5.217 0.000
302.208333 303.208333  13.523 0.000   8.621 0.000
305.208333 306.208333  11.690 0.000   5.361 0.000
308.208333 309.208333  18.346 0.000   7.659 0.000
311.208333 312.208333  12.367 0.000   7.919 0.000
314.208333 315.208333  16.067 0.000  14.084 0.000
317.208333 318.208333  16.120 0.000  12.146 0.000
320.208333 321.208333  13.105 0.000   8.339 0.000
323.208333 324.208333 999.999 0.999  12.197 0.000
326.208333 327.208333 999.999 0.999   3.158 0.000
329.208333 330.208333 999.999 0.999   4.470 0.000
332.208333 333.208333 999.999 0.999   4.446 0.000
335.208333 336.208333   9.455 0.000   7.455 0.000
338.208333 339.208333   6.317 0.000   5.356 0.000
341.208333 342.208333  20.347 0.000  17.973 0.000
344.208333 345.208333  13.098 0.000  10.692 0.000
347.208333 348.208333   9.890 0.000   7.775 0.000
350.208333 351.208333   9.650 0.000   8.332 0.000
353.208333 354.208333  18.353 0.000  15.349 0.000
356.208333 357.208333 999.999 0.999   2.537 0.000
359.208333 360.208333 999.999 0.999   8.177 0.000
362.208333 363.208333 999.999 0.999   4.726 0.000
