scripts/IMPROVE-2019_partial/data/US9044R.20080101080000.20191216000000.filterpack...52w.3d.US03L_filterpack_US9044.US03L_IMPROVE_Davis.lev2.nas
52 1001
MISSING INFORMATION
US03L, IMPROVE, , , , , , , 
MISSING INFORMATION
IMPROVE sel_HTAP
1 1
2008 01 01 2019 12 16
3.000000
days from file reference point
5
1 1 1 1 1
999.999999 9999.999 9.999 9999.999 9.999
end_time of measurement, days from the file reference point
pm10_mass, ug/m3, Matrix=pm10
numflag pm10_mass, no unit, Matrix=pm10
pm25_mass, ug/m3, Matrix=pm25
numflag pm25_mass, no unit, Matrix=pm25
0
33
Data definition:              EBAS_1.1
Set type code:                TU
Timezone:                     UTC
File name:                    US9044R.20080101080000.20191216000000.filterpack...52w.3d.US03L_filterpack_US9044.US03L_IMPROVE_Davis.lev2.nas
File creation:                20191218120823
Startdate:                    20080101080000
Revision date:                20191216000000
Version:                      2
Version description:          "Data extracted from http://views.cira.colostate.edu/fed/DataWizard 2019-12-16"
Statistics:                   arithmetic mean
Data level:                   2
Period code:                  52w
Resolution code:              3d
Sample duration:              1d
Orig. time res.:              3d
Station code:                 US9044R
Platform code:                US9044S
Station name:                 Trinity
Station latitude:             40.7864
Station longitude:            -122.8046
Station altitude:             1014.0 m
Regime:                       IMG
Component:                    
Unit:                         ug/m3
Matrix:                       
Laboratory code:              US03L
Instrument type:              filterpack
Instrument name:              filterpack_US9044
Method ref:                   US03L_IMPROVE_Davis
Blank correction:             Blank corrected
Volume std. temperature:      ambient
Volume std. pressure:         ambient
starttime endtime PM10 flag_PM10 PM2.5 flag_PM2.5
  0.333333   1.333333 9999.999 0.999 9999.999 0.999
  3.333333   4.333333    0.786 0.000    0.411 0.000
  6.333333   7.333333    1.056 0.000    0.849 0.000
  9.333333  10.333333 9999.999 0.999 9999.999 0.999
 12.333333  13.333333 9999.999 0.999 9999.999 0.999
 15.333333  16.333333    1.564 0.000    0.930 0.000
 18.333333  19.333333    1.545 0.000    1.290 0.000
 21.333333  22.333333    1.307 0.000    1.025 0.000
 24.333333  25.333333    0.169 0.000    0.122 0.000
 27.333333  28.333333    1.017 0.000    0.519 0.000
 30.333333  31.333333 9999.999 0.999 9999.999 0.999
 33.333333  34.333333 9999.999 0.999 9999.999 0.999
 36.333333  37.333333 9999.999 0.999 9999.999 0.999
 39.333333  40.333333 9999.999 0.999 9999.999 0.999
 42.333333  43.333333 9999.999 0.999 9999.999 0.999
 45.333333  46.333333 9999.999 0.999 9999.999 0.999
 48.333333  49.333333 9999.999 0.999 9999.999 0.999
 51.333333  52.333333 9999.999 0.999 9999.999 0.999
 54.333333  55.333333 9999.999 0.999 9999.999 0.999
 57.333333  58.333333    0.995 0.000    0.990 0.000
 60.333333  61.333333    2.140 0.000    1.325 0.000
 63.333333  64.333333    2.473 0.000    1.562 0.000
 66.333333  67.333333    3.227 0.000    2.406 0.000
 69.333333  70.333333    4.076 0.000    2.670 0.000
 72.333333  73.333333    1.589 0.000    1.139 0.000
 75.333333  76.333333    1.338 0.000    1.017 0.000
 78.333333  79.333333    3.592 0.000    2.002 0.000
 81.333333  82.333333    4.791 0.000    3.106 0.000
 84.333333  85.333333    3.751 0.000    2.442 0.000
 87.333333  88.333333    2.165 0.000    1.641 0.000
 90.333333  91.333333    1.755 0.000    1.223 0.000
 93.333333  94.333333    3.230 0.000    2.134 0.000
 96.333333  97.333333    3.379 0.000    1.742 0.000
 99.333333 100.333333    2.867 0.000    1.712 0.000
102.333333 103.333333    4.352 0.000    2.607 0.000
105.333333 106.333333    4.379 0.000    2.279 0.000
108.333333 109.333333   10.142 0.000    6.417 0.000
111.333333 112.333333    4.114 0.000    2.463 0.000
114.333333 115.333333    1.997 0.000    1.254 0.000
117.333333 118.333333    2.658 0.000    1.837 0.000
120.333333 121.333333 9999.999 0.999 9999.999 0.999
123.333333 124.333333   11.188 0.000    8.802 0.000
126.333333 127.333333    7.519 0.000    4.469 0.000
129.333333 130.333333   10.993 0.000    5.851 0.000
132.333333 133.333333    5.617 0.000    3.768 0.000
135.333333 136.333333    5.301 0.000    1.623 0.000
138.333333 139.333333    6.582 0.000    3.314 0.000
141.333333 142.333333    6.571 0.000    2.154 0.000
144.333333 145.333333    3.523 0.000    2.226 0.000
147.333333 148.333333    2.965 0.000    1.858 0.000
150.333333 151.333333    3.718 0.000    1.873 0.000
153.333333 154.333333    4.954 0.000    2.619 0.000
156.333333 157.333333    4.231 0.000    1.597 0.000
159.333333 160.333333    3.297 0.000    2.047 0.000
162.333333 163.333333    4.276 0.000    1.957 0.000
165.333333 166.333333    9.042 0.000    6.456 0.000
168.333333 169.333333    4.872 0.000    2.631 0.000
171.333333 172.333333    5.926 0.000    2.360 0.000
174.333333 175.333333 9999.999 0.999 9999.999 0.999
177.333333 178.333333 9999.999 0.699 9999.999 0.699
180.333333 181.333333  140.503 0.659  127.271 0.659
183.333333 184.333333  131.417 0.659  116.954 0.659
186.333333 187.333333 9999.999 0.699 9999.999 0.456
189.333333 190.333333   13.602 0.000    8.149 0.000
192.333333 193.333333   14.625 0.000   10.054 0.000
195.333333 196.333333  145.549 0.659  114.823 0.659
198.333333 199.333333 9999.999 0.699 9999.999 0.699
201.333333 202.333333   77.913 0.659   71.959 0.659
204.333333 205.333333 9999.999 0.699 9999.999 0.699
207.333333 208.333333 9999.999 0.699 9999.999 0.699
210.333333 211.333333 9999.999 0.699 9999.999 0.456
213.333333 214.333333   64.384 0.659   51.737 0.659
216.333333 217.333333    9.773 0.000    5.122 0.000
219.333333 220.333333   28.404 0.000   16.313 0.000
222.333333 223.333333 9999.999 0.699 9999.999 0.699
225.333333 226.333333   40.169 0.000   32.460 0.000
228.333333 229.333333  127.116 0.659  114.950 0.659
231.333333 232.333333    7.761 0.000    4.681 0.000
234.333333 235.333333    8.212 0.000    4.686 0.000
237.333333 238.333333    6.088 0.000    2.889 0.000
240.333333 241.333333    6.086 0.000    1.303 0.000
243.333333 244.333333    6.793 0.000    2.368 0.000
246.333333 247.333333    9.346 0.000    5.538 0.000
249.333333 250.333333   10.650 0.000    6.415 0.000
252.333333 253.333333   11.502 0.000    5.820 0.000
255.333333 256.333333   21.377 0.000   12.040 0.000
258.333333 259.333333   13.723 0.000    8.698 0.000
261.333333 262.333333   15.261 0.000    6.271 0.000
264.333333 265.333333    7.287 0.000    3.140 0.000
267.333333 268.333333   12.716 0.000    4.652 0.000
270.333333 271.333333    8.847 0.000    3.974 0.000
273.333333 274.333333   12.303 0.000    5.949 0.000
276.333333 277.333333    3.056 0.000    1.518 0.000
279.333333 280.333333    2.521 0.000    1.761 0.000
282.333333 283.333333    4.085 0.000    2.257 0.000
285.333333 286.333333    3.668 0.000    2.079 0.000
288.333333 289.333333 9999.999 0.999 9999.999 0.999
291.333333 292.333333   25.573 0.000   19.128 0.000
294.333333 295.333333    2.966 0.000    1.698 0.000
297.333333 298.333333    5.336 0.000    2.753 0.000
300.333333 301.333333    6.952 0.000    4.087 0.000
303.333333 304.333333   21.376 0.000    9.513 0.000
306.333333 307.333333    1.975 0.000    0.877 0.000
309.333333 310.333333    1.964 0.000    2.097 0.000
312.333333 313.333333    2.142 0.000    1.469 0.000
315.333333 316.333333    3.914 0.000    3.379 0.000
318.333333 319.333333    2.646 0.000    1.412 0.000
321.333333 322.333333    7.567 0.000    5.617 0.000
324.333333 325.333333   37.463 0.000   32.984 0.659
327.333333 328.333333    2.623 0.000    2.018 0.000
330.333333 331.333333    8.487 0.000    6.189 0.000
333.333333 334.333333    3.174 0.000    2.275 0.000
336.333333 337.333333    2.129 0.000    1.468 0.000
339.333333 340.333333    6.017 0.000    2.325 0.000
342.333333 343.333333    1.935 0.000    1.469 0.000
345.333333 346.333333    3.176 0.000    2.000 0.000
348.333333 349.333333    2.294 0.000    1.310 0.000
351.333333 352.333333    2.222 0.000    1.814 0.000
354.333333 355.333333    1.164 0.000    0.951 0.000
357.333333 358.333333    0.455 0.000    0.370 0.000
360.333333 361.333333    1.289 0.000    0.771 0.000
363.333333 364.333333    0.581 0.000    0.461 0.000
