scripts/IMPROVE-2019_partial/data/US9051U.20000101050000.20191216000000.filterpack..pm25.52w.1w.US03L_filterpack_US9051.US03L_IMPROVE_Davis.lev2.nas
64 1001
MISSING INFORMATION
US03L, IMPROVE, , , , , , , 
MISSING INFORMATION
IMPROVE sel_HTAP
1 1
2000 01 01 2019 12 16
0
days from file reference point
25
1 1 1 1 1 1 1 1 1 1 1 1 1 1 1 1 1 1 1 1 1 1 1 1 1
999.999999 9999.99 9.999 999.99 9.999 9.999 9.999999 99.99 9.999999 99.999 9.999 999.999 9.999 999.999 9.999 999.999 9.999 999.999 9.999 999.999 9.999 99.999 9.999 99.999 9.999
end_time of measurement, days from the file reference point
iron, ng/m3, Revision date=20181210133000
numflag iron, no unit, Revision date=20181210133000
lead, ng/m3, Revision date=20181210133000
numflag lead, no unit, Revision date=20181210133000
magnesium, ug/m3, Revision date=20181210133000
numflag magnesium, no unit, Revision date=20181210133000
nickel, ng/m3, Revision date=20181210133000
numflag nickel, no unit, Revision date=20181210133000
nitrate, ug N/m3, Revision date=20181210133000
numflag nitrate, no unit, Revision date=20181210133000
organic_carbon, ug C/m3, Revision date=20181210133000
numflag organic_carbon, no unit, Revision date=20181210133000
organic_mass, ug/m3, Revision date=20181210133000
numflag organic_mass, no unit, Revision date=20181210133000
pm10_mass, ug/m3, Version=2, Version description=Data extracted from http://views.cira.colostate.edu/fed/DataWizard 2019-12-16, Sample duration=1d, Orig. time res.=3d, Matrix=pm10, Blank correction=Blank corrected, Volume std. temperature=ambient, Volume std. pressure=ambient
numflag pm10_mass, no unit, Version=2, Version description=Data extracted from http://views.cira.colostate.edu/fed/DataWizard 2019-12-16, Sample duration=1d, Orig. time res.=3d, Matrix=pm10, Blank correction=Blank corrected, Volume std. temperature=ambient, Volume std. pressure=ambient
pm10_pm25_mass, ug/m3, Revision date=20181210133000, Matrix=pm10_pm25
numflag pm10_pm25_mass, no unit, Revision date=20181210133000, Matrix=pm10_pm25
pm25_mass, ug/m3, Version=2, Version description=Data extracted from http://views.cira.colostate.edu/fed/DataWizard 2019-12-16, Sample duration=1d, Orig. time res.=3d, Blank correction=Blank corrected, Volume std. temperature=ambient, Volume std. pressure=ambient
numflag pm25_mass, no unit, Version=2, Version description=Data extracted from http://views.cira.colostate.edu/fed/DataWizard 2019-12-16, Sample duration=1d, Orig. time res.=3d, Blank correction=Blank corrected, Volume std. temperature=ambient, Volume std. pressure=ambient
potassium, ug/m3, Revision date=20181210133000
numflag potassium, no unit, Revision date=20181210133000
sulphate_total, ug S/m3, Revision date=20181210133000
numflag sulphate_total, no unit, Revision date=20181210133000
0
25
Data definition:              EBAS_1.1
Set type code:                TI
Timezone:                     UTC
File name:                    US9051U.20000101050000.20191216000000.filterpack..pm25.52w.1w.US03L_filterpack_US9051.US03L_IMPROVE_Davis.lev2.nas
File creation:                20191218120855
Startdate:                    20000101050000
Revision date:                20191216000000
Statistics:                   arithmetic mean
Data level:                   2
Period code:                  52w
Resolution code:              1w
Station code:                 US9051U
Platform code:                US9051S
Station name:                 Washington D.C.
Station latitude:             38.8762
Station longitude:            -77.0344
Station altitude:             15.0 m
Regime:                       IMG
Component:                    
Matrix:                       pm25
Laboratory code:              US03L
Instrument type:              filterpack
Instrument name:              filterpack_US9051
Method ref:                   US03L_IMPROVE_Davis
starttime endtime Fe flag_Fe Pb flag_Pb Mg++ flag_Mg++ Ni flag_Ni NO3- flag_NO3- OC flag_OC OM flag_OM PM10 flag_PM10 PM10-PM2.5 flag_PM10-PM2.5 PM2.5 flag_PM2.5 K+ flag_K+ SO4-- flag_SO4--
[from data line 86]
294.208333 295.208333  196.98 0.000   2.92 0.000 9.999 0.259000 99.99 0.259000  0.612 0.000   4.512 0.000   6.317 0.000  32.370 0.000   8.140 0.000  24.230 0.000  0.072 0.000  3.163 0.000
297.208333 298.208333   75.62 0.000   9.32 0.000 9.999 0.259000 99.99 0.259000  0.313 0.000   2.772 0.000   3.881 0.000  18.815 0.000   8.960 0.000   9.854 0.000  0.040 0.000  0.852 0.000
300.208333 301.208333  403.10 0.000   6.30 0.000 9.999 0.259000 99.99 0.259000  1.820 0.000   4.944 0.000   6.922 0.000  51.297 0.000   9.266 0.000  42.031 0.000  0.074 0.000  5.357 0.000
303.208333 304.208333  131.38 0.000   3.21 0.000 9.999 0.259000 99.99 0.259000  0.068 0.000   1.205 0.000   1.687 0.000  10.832 0.000   6.647 0.000   4.184 0.000  0.033 0.000  0.281 0.000
306.208333 307.208333  248.48 0.000   2.24 0.000 9.999 0.259000 99.99 0.259000  0.082 0.000   1.378 0.000   1.929 0.000  14.077 0.000   8.764 0.000   5.312 0.000  0.042 0.000  0.238 0.000
309.208333 310.208333   93.49 0.000   2.20 0.000 9.999 0.259000 99.99 0.259000  0.041 0.000   1.546 0.000   2.164 0.000  12.002 0.000   5.918 0.000   6.084 0.000  0.044 0.000  0.447 0.000
312.208333 313.208333  418.42 0.000   3.75 0.000 9.999 0.259000 99.99 0.259000 99.999 0.456  14.285 0.000  19.998 0.000  58.821 0.000  17.123 0.000  41.698 0.000  0.196 0.000 99.999 0.456
315.208333 316.208333   48.27 0.000   1.08 0.000 9.999 0.259000 99.99 0.259000 99.999 0.456   0.921 0.000   1.290 0.000   7.532 0.000   2.393 0.000   5.139 0.000  0.018 0.000 99.999 0.456
318.208333 319.208333   77.55 0.000   1.96 0.000 9.999 0.259000 99.99 0.259000  0.503 0.000   1.968 0.000   2.755 0.000  15.523 0.000   3.249 0.000  12.273 0.000  0.035 0.000  1.341 0.000
321.208333 322.208333  137.32 0.000   2.15 0.000 9.999 0.259000 99.99 0.259000  0.404 0.000   2.810 0.000   3.934 0.000  17.701 0.000   4.974 0.000  12.726 0.000  0.063 0.000  1.295 0.000
324.208333 325.208333   52.75 0.000   1.86 0.000 0.051 0.000000 99.99 0.259000  0.647 0.000   2.140 0.000   2.996 0.000  15.226 0.000   2.864 0.000  12.362 0.000  0.058 0.000  1.094 0.000
327.208333 328.208333   79.01 0.000   1.64 0.000 9.999 0.259000 99.99 0.259000  0.434 0.000   2.885 0.000   4.039 0.000  10.607 0.000   2.696 0.000   7.911 0.000  0.068 0.000  0.408 0.000
330.208333 331.208333  130.40 0.000   1.24 0.000 0.031 0.000000 99.99 0.259000  0.222 0.000   1.631 0.000   2.283 0.000   7.850 0.000   1.796 0.000   6.054 0.000  0.031 0.000  0.609 0.000
333.208333 334.208333  119.54 0.000   1.24 0.000 9.999 0.259000 99.99 0.259000  0.556 0.000   2.334 0.000   3.267 0.000  19.885 0.000   3.242 0.000  16.643 0.000  0.048 0.000  1.884 0.000
336.208333 337.208333   65.92 0.000   3.32 0.000 9.999 0.259000  0.28 0.000000  0.532 0.000   1.411 0.000   1.976 0.000  10.073 0.000   2.575 0.000   7.499 0.000  0.037 0.000  0.544 0.000
339.208333 340.208333  106.36 0.000   2.98 0.000 9.999 0.259000  0.21 0.000000  0.353 0.559   2.675 0.000   3.745 0.000  13.997 0.000   4.154 0.000   9.843 0.000  0.052 0.000  0.698 0.559
342.208333 343.208333  236.09 0.000   5.93 0.000 9.999 0.259000  1.08 0.000000  0.984 0.000   5.121 0.000   7.169 0.000  27.968 0.000   7.546 0.000  20.421 0.000  0.096 0.000  1.391 0.000
345.208333 346.208333  186.47 0.000  11.77 0.000 9.999 0.259000  2.23 0.000000  2.149 0.559   9.817 0.000  13.744 0.000  43.110 0.000  10.299 0.000  32.811 0.000  0.161 0.000  1.634 0.559
348.208333 349.208333  121.10 0.000   1.41 0.000 9.999 0.259000  1.02 0.000000  0.601 0.000   2.396 0.000   3.354 0.000  15.568 0.000   3.242 0.000  12.326 0.000  0.042 0.000  0.977 0.000
351.208333 352.208333   59.51 0.000   1.67 0.000 9.999 0.259000  0.35 0.000000  0.155 0.000   2.424 0.000   3.394 0.000   9.639 0.000   2.247 0.000   7.391 0.000  0.057 0.000  0.716 0.000
354.208333 355.208333   87.60 0.000   3.97 0.000 9.999 0.259000 99.99 0.259000  0.665 0.000   2.035 0.000   2.849 0.000  22.061 0.000   8.112 0.000  13.949 0.000  0.070 0.000  1.301 0.000
357.208333 358.208333   78.25 0.000   2.63 0.000 9.999 0.259000 99.99 0.259000  0.609 0.000   2.009 0.000   2.813 0.000  15.270 0.000   3.559 0.000  11.711 0.000  0.064 0.000  0.936 0.000
360.208333 361.208333   88.06 0.000   1.68 0.000 9.999 0.259000 99.99 0.259000  0.619 0.000   2.071 0.000   2.899 0.000  16.572 0.000   4.921 0.000  11.651 0.000  0.057 0.000  0.876 0.000
363.208333 364.208333  101.60 0.000   6.83 0.000 9.999 0.259000  1.98 0.000000  1.182 0.000   3.266 0.000   4.572 0.000  22.675 0.000   6.914 0.000  15.761 0.000  0.067 0.000  0.785 0.000
