scripts/IMPROVE-2019_partial/data/US9046R.20000202080000.20191216000000.filterpack..pm25.11mo.1w.US03L_filterpack_US9046.US03L_IMPROVE_Davis.lev2.nas
64 1001
MISSING INFORMATION
US03L, IMPROVE, , , , , , , 
MISSING INFORMATION
IMPROVE sel_HTAP
1 1
2000 01 01 2019 12 16
0
days from file reference point
25
1 1 1 1 1 1 1 1 1 1 1 1 1 1 1 1 1 1 1 1 1 1 1 1 1
999.999999 9999.99 9.999 99.99 9.999999 9.999 9.999999 9.99 9.999999 99.999 9.999 99.999 9.999 99.999 9.999 999.999 9.999 999.999 9.999 999.999 9.999 9.999 9.999 99.999 9.999
end_time of measurement, days from the file reference point
iron, ng/m3, Revision date=20181210133000
numflag iron, no unit, Revision date=20181210133000
lead, ng/m3, Revision date=20181210133000
numflag lead, no unit, Revision date=20181210133000
magnesium, ug/m3, Revision date=20181210133000
numflag magnesium, no unit, Revision date=20181210133000
nickel, ng/m3, Revision date=20181210133000
numflag nickel, no unit, Revision date=20181210133000
nitrate, ug N/m3, Revision date=20181210133000
numflag nitrate, no unit, Revision date=20181210133000
organic_carbon, ug C/m3, Revision date=20181210133000
numflag organic_carbon, no unit, Revision date=20181210133000
organic_mass, ug/m3, Revision date=20181210133000
numflag organic_mass, no unit, Revision date=20181210133000
pm10_mass, ug/m3, Version=2, Version description=Data extracted from http://views.cira.colostate.edu/fed/DataWizard 2019-12-16, Sample duration=1d, Orig. time res.=3d, Matrix=pm10, Blank correction=Blank corrected, Volume std. temperature=ambient, Volume std. pressure=ambient
numflag pm10_mass, no unit, Version=2, Version description=Data extracted from http://views.cira.colostate.edu/fed/DataWizard 2019-12-16, Sample duration=1d, Orig. time res.=3d, Matrix=pm10, Blank correction=Blank corrected, Volume std. temperature=ambient, Volume std. pressure=ambient
pm10_pm25_mass, ug/m3, Revision date=20181210133000, Matrix=pm10_pm25
numflag pm10_pm25_mass, no unit, Revision date=20181210133000, Matrix=pm10_pm25
pm25_mass, ug/m3, Version=2, Version description=Data extracted from http://views.cira.colostate.edu/fed/DataWizard 2019-12-16, Sample duration=1d, Orig. time res.=3d, Blank correction=Blank corrected, Volume std. temperature=ambient, Volume std. pressure=ambient
numflag pm25_mass, no unit, Version=2, Version description=Data extracted from http://views.cira.colostate.edu/fed/DataWizard 2019-12-16, Sample duration=1d, Orig. time res.=3d, Blank correction=Blank corrected, Volume std. temperature=ambient, Volume std. pressure=ambient
potassium, ug/m3, Revision date=20181210133000
numflag potassium, no unit, Revision date=20181210133000
sulphate_total, ug S/m3, Revision date=20181210133000
numflag sulphate_total, no unit, Revision date=20181210133000
0
25
Data definition:              EBAS_1.1
Set type code:                TI
Timezone:                     UTC
File name:                    US9046R.20000202080000.20191216000000.filterpack..pm25.11mo.1w.US03L_filterpack_US9046.US03L_IMPROVE_Davis.lev2.nas
File creation:                20191218120833
Startdate:                    20000202080000
Revision date:                20191216000000
Statistics:                   arithmetic mean
Data level:                   2
Period code:                  11mo
Resolution code:              1w
Station code:                 US9046R
Platform code:                US9046S
Station name:                 San Rafael
Station latitude:             34.7339
Station longitude:            -120.0074
Station altitude:             956.0 m
Regime:                       IMG
Component:                    
Matrix:                       pm25
Laboratory code:              US03L
Instrument type:              filterpack
Instrument name:              filterpack_US9046
Method ref:                   US03L_IMPROVE_Davis
starttime endtime Fe flag_Fe Pb flag_Pb Mg++ flag_Mg++ Ni flag_Ni NO3- flag_NO3- OC flag_OC OM flag_OM PM10 flag_PM10 PM10-PM2.5 flag_PM10-PM2.5 PM2.5 flag_PM2.5 K+ flag_K+ SO4-- flag_SO4--
[from data line 87]
324.333333 325.333333   11.49 0.000  0.61 0.000000 9.999 0.259000 9.99 0.259000  0.024 0.000  0.329 0.000  0.461 0.000   3.799 0.000   2.433 0.000   1.366 0.000 0.024 0.000  0.110 0.000
327.333333 328.333333    9.11 0.000  0.41 0.000000 9.999 0.259000 9.99 0.259000  0.041 0.000  0.672 0.000  0.941 0.000   4.289 0.000   2.052 0.000   2.237 0.000 0.019 0.000  0.151 0.000
330.333333 331.333333   12.32 0.000  0.30 0.000000 9.999 0.259000 9.99 0.259000  0.032 0.000  0.493 0.000  0.691 0.000   4.207 0.000   2.389 0.000   1.818 0.000 0.017 0.000  0.134 0.000
333.333333 334.333333   35.04 0.000  1.95 0.000000 9.999 0.259000 9.99 0.259000  1.003 0.000  1.037 0.000  1.452 0.000  11.274 0.000   4.515 0.000   6.759 0.000 0.039 0.000  0.312 0.000
336.333333 337.333333   24.65 0.000  1.25 0.000000 9.999 0.259000 9.99 0.259000  0.072 0.000  0.690 0.000  0.966 0.000   6.291 0.000   3.402 0.000   2.888 0.000 0.031 0.000  0.249 0.000
339.333333 340.333333   21.86 0.000  0.95 0.000000 9.999 0.259000 9.99 0.259000  0.024 0.000  0.381 0.000  0.533 0.000   4.678 0.000   2.638 0.000   2.040 0.000 0.018 0.000  0.229 0.000
342.333333 343.333333    5.67 0.000  0.30 0.000000 9.999 0.259000 9.99 0.259000  0.379 0.000  0.561 0.000  0.785 0.000   5.465 0.000   1.293 0.000   4.173 0.000 0.011 0.000  0.393 0.000
345.333333 346.333333    7.84 0.000  1.25 0.000000 9.999 0.259000 9.99 0.259000  0.509 0.000  1.607 0.000  2.250 0.000   7.931 0.000   2.249 0.000   5.682 0.000 0.108 0.000  0.297 0.000
348.333333 349.333333    3.35 0.000  0.16 0.000000 9.999 0.259000 9.99 0.259000  0.085 0.000  0.410 0.000  0.574 0.000   3.821 0.000   2.228 0.000   1.593 0.000 0.014 0.000  0.141 0.000
351.333333 352.333333    5.09 0.000  0.79 0.000000 9.999 0.259000 9.99 0.259000  0.015 0.000  0.261 0.000  0.365 0.000   2.112 0.000   0.979 0.000   1.133 0.000 0.006 0.000  0.148 0.000
354.333333 355.333333   18.29 0.000  0.77 0.000000 9.999 0.259000 9.99 0.259000  0.019 0.000  0.314 0.000  0.440 0.000   5.361 0.000   3.841 0.000   1.520 0.000 0.014 0.000  0.152 0.000
357.333333 358.333333   20.07 0.000  1.13 0.000000 9.999 0.259000 9.99 0.259000  0.366 0.000  1.055 0.000  1.477 0.000   8.333 0.000   4.012 0.000   4.321 0.000 0.039 0.000  0.262 0.000
360.333333 361.333333   15.58 0.000 99.99 0.259000 9.999 0.259000 9.99 0.259000  0.033 0.000  0.273 0.000  0.382 0.000   5.119 0.000   3.636 0.000   1.482 0.000 0.017 0.000  0.113 0.000
363.333333 364.333333   15.90 0.000  0.49 0.000000 9.999 0.259000 0.08 0.000000  0.023 0.000  0.302 0.000  0.423 0.000   4.792 0.000   3.600 0.000   1.192 0.000 0.010 0.000  0.082 0.000
