scripts/IMPROVE-2019_partial/data/US9009R.20010627050000.20191216000000.filterpack..pm25.6mo.1w.US03L_filterpack_US9009.US03L_IMPROVE_Davis.lev2.nas
64 1001
MISSING INFORMATION
US03L, IMPROVE, , , , , , , 
MISSING INFORMATION
IMPROVE sel_HTAP
1 1
2001 01 01 2019 12 16
3.000000
days from file reference point
25
1 1 1 1 1 1 1 1 1 1 1 1 1 1 1 1 1 1 1 1 1 1 1 1 1
999.999999 9999.99 9.999 999.99 9.999 9.999 9.999999 99.99 9.999 9.999 9.999999 99.999 9.999 99.999 9.999 999.999 9.999 99.999 9.999 999.999 9.999 9.999 9.999 99.999 9.999999
end_time of measurement, days from the file reference point
iron, ng/m3, Revision date=20181210133000
numflag iron, no unit, Revision date=20181210133000
lead, ng/m3, Revision date=20181210133000
numflag lead, no unit, Revision date=20181210133000
magnesium, ug/m3, Revision date=20181210133000
numflag magnesium, no unit, Revision date=20181210133000
nickel, ng/m3, Revision date=20181210133000
numflag nickel, no unit, Revision date=20181210133000
nitrate, ug N/m3, Revision date=20181210133000
numflag nitrate, no unit, Revision date=20181210133000
organic_carbon, ug C/m3, Revision date=20181210133000
numflag organic_carbon, no unit, Revision date=20181210133000
organic_mass, ug/m3, Revision date=20181210133000
numflag organic_mass, no unit, Revision date=20181210133000
pm10_mass, ug/m3, Version=2, Version description=Data extracted from http://views.cira.colostate.edu/fed/DataWizard 2019-12-16, Sample duration=1d, Orig. time res.=3d, Matrix=pm10, Blank correction=Blank corrected, Volume std. temperature=ambient, Volume std. pressure=ambient
numflag pm10_mass, no unit, Version=2, Version description=Data extracted from http://views.cira.colostate.edu/fed/DataWizard 2019-12-16, Sample duration=1d, Orig. time res.=3d, Matrix=pm10, Blank correction=Blank corrected, Volume std. temperature=ambient, Volume std. pressure=ambient
pm10_pm25_mass, ug/m3, Revision date=20181210133000, Matrix=pm10_pm25
numflag pm10_pm25_mass, no unit, Revision date=20181210133000, Matrix=pm10_pm25
pm25_mass, ug/m3, Version=2, Version description=Data extracted from http://views.cira.colostate.edu/fed/DataWizard 2019-12-16, Sample duration=1d, Orig. time res.=3d, Blank correction=Blank corrected, Volume std. temperature=ambient, Volume std. pressure=ambient
numflag pm25_mass, no unit, Version=2, Version description=Data extracted from http://views.cira.colostate.edu/fed/DataWizard 2019-12-16, Sample duration=1d, Orig. time res.=3d, Blank correction=Blank corrected, Volume std. temperature=ambient, Volume std. pressure=ambient
potassium, ug/m3, Revision date=20181210133000
numflag potassium, no unit, Revision date=20181210133000
sulphate_total, ug S/m3, Revision date=20181210133000
numflag sulphate_total, no unit, Revision date=20181210133000
0
25
Data definition:              EBAS_1.1
Set type code:                TU
Timezone:                     UTC
File name:                    US9009R.20010627050000.20191216000000.filterpack..pm25.6mo.1w.US03L_filterpack_US9009.US03L_IMPROVE_Davis.lev2.nas
File creation:                20191218120541
Startdate:                    20010627050000
Revision date:                20191216000000
Statistics:                   arithmetic mean
Data level:                   2
Period code:                  6mo
Resolution code:              1w
Station code:                 US9009R
Platform code:                US9009S
Station name:                 Old Town
Station latitude:             44.9334
Station longitude:            -68.6457
Station altitude:             51.0 m
Regime:                       IMG
Component:                    
Matrix:                       pm25
Laboratory code:              US03L
Instrument type:              filterpack
Instrument name:              filterpack_US9009
Method ref:                   US03L_IMPROVE_Davis
starttime endtime Fe flag_Fe Pb flag_Pb Mg++ flag_Mg++ Ni flag_Ni NO3- flag_NO3- OC flag_OC OM flag_OM PM10 flag_PM10 PM10-PM2.5 flag_PM10-PM2.5 PM2.5 flag_PM2.5 K+ flag_K+ SO4-- flag_SO4--
177.208333 178.208333 9999.99 0.999 999.99 0.999 9.999 0.999000 99.99 0.999 9.999 0.999000 99.999 0.999 99.999 0.999 999.999 0.999 99.999 0.999 999.999 0.999 9.999 0.999 99.999 0.999000
180.208333 181.208333 9999.99 0.999 999.99 0.999 9.999 0.999000 99.99 0.999 9.999 0.999000 99.999 0.999 99.999 0.999 999.999 0.999 99.999 0.999 999.999 0.999 9.999 0.999 99.999 0.999000
183.208333 184.208333 9999.99 0.456 999.99 0.456 9.999 0.456000 99.99 0.456 9.999 0.456000 99.999 0.999 99.999 0.999 999.999 0.456 99.999 0.999 999.999 0.456 9.999 0.456 99.999 0.456000
186.208333 187.208333 9999.99 0.456 999.99 0.456 9.999 0.456000 99.99 0.456 9.999 0.456000 99.999 0.999 99.999 0.999 999.999 0.456 99.999 0.999 999.999 0.456 9.999 0.456 99.999 0.456000
189.208333 190.208333 9999.99 0.456 999.99 0.456 9.999 0.456000 99.99 0.456 9.999 0.456000 99.999 0.999 99.999 0.999 999.999 0.456 99.999 0.999 999.999 0.456 9.999 0.456 99.999 0.456000
192.208333 193.208333   16.26 0.000   0.75 0.000 9.999 0.259000  1.02 0.000 0.218 0.000000  0.712 0.000  0.997 0.000   6.178 0.000  2.375 0.000   3.802 0.000 0.024 0.000  0.742 0.000000
195.208333 196.208333   12.97 0.000   2.31 0.000 9.999 0.259000  2.07 0.000 0.176 0.000000  0.794 0.000  1.111 0.000   5.940 0.000  1.729 0.000   4.212 0.000 0.030 0.000  0.818 0.000000
198.208333 199.208333 9999.99 0.999 999.99 0.999 9.999 0.999000 99.99 0.999 9.999 0.999000 99.999 0.999 99.999 0.999 999.999 0.999 99.999 0.999 999.999 0.999 9.999 0.999 99.999 0.999000
201.208333 202.208333   26.00 0.000   3.13 0.000 9.999 0.259000  1.19 0.000 0.047 0.559000  2.871 0.000  4.019 0.000  12.759 0.000  3.590 0.000   9.169 0.000 0.037 0.000  0.653 0.559000
204.208333 205.208333   70.61 0.559   1.93 0.559 9.999 0.559259  2.48 0.559 0.079 0.000000  2.379 0.000  3.330 0.000  31.063 0.000  4.165 0.000  26.898 0.559 0.041 0.559  4.519 0.000000
207.208333 208.208333  140.67 0.000   0.64 0.000 9.999 0.259000 99.99 0.259 0.020 0.000000  1.010 0.000  1.414 0.000   5.556 0.000  1.145 0.000   4.411 0.000 0.066 0.000  0.091 0.000000
210.208333 211.208333  152.37 0.000   2.01 0.000 9.999 0.259000  2.82 0.000 0.060 0.000000  2.406 0.000  3.369 0.000  11.170 0.000  0.987 0.000  10.183 0.000 0.092 0.000  0.599 0.000000
213.208333 214.208333   54.16 0.000   2.04 0.000 9.999 0.259000  1.66 0.000 0.041 0.000000  2.320 0.000  3.248 0.000 999.999 0.456 99.999 0.999  10.866 0.000 0.046 0.000  0.845 0.000000
216.208333 217.208333   15.82 0.000   0.68 0.000 9.999 0.259000  1.33 0.000 0.043 0.000000  0.923 0.000  1.292 0.000 999.999 0.456 99.999 0.999   9.130 0.000 0.021 0.000  1.400 0.000000
219.208333 220.208333 9999.99 0.999 999.99 0.999 9.999 0.999000 99.99 0.999 9.999 0.999000 99.999 0.999 99.999 0.999 999.999 0.456 99.999 0.999 999.999 0.999 9.999 0.999 99.999 0.999000
222.208333 223.208333   12.31 0.000   0.82 0.000 9.999 0.259000  0.20 0.000 0.010 0.000000  0.629 0.000  0.881 0.000 999.999 0.456 99.999 0.999   1.706 0.000 0.012 0.000  0.060 0.000000
225.208333 226.208333   37.01 0.000   0.65 0.000 9.999 0.259000  0.47 0.000 0.023 0.000000  1.067 0.000  1.494 0.000 999.999 0.456 99.999 0.999   4.933 0.000 0.028 0.000  0.330 0.000000
228.208333 229.208333   23.60 0.000   0.84 0.000 9.999 0.259000  0.91 0.000 0.129 0.000000  0.979 0.000  1.370 0.000 999.999 0.456 99.999 0.999   7.703 0.000 0.033 0.000  0.848 0.000000
231.208333 232.208333   35.66 0.000   1.32 0.000 9.999 0.259000  0.78 0.000 0.036 0.000000  0.935 0.000  1.309 0.000 999.999 0.456 99.999 0.999   7.703 0.000 0.034 0.000  0.776 0.000000
234.208333 235.208333   32.81 0.000   1.68 0.000 9.999 0.259000  1.42 0.000 0.067 0.000000 99.999 0.999 99.999 0.999  12.132 0.000  4.369 0.000   7.763 0.000 0.028 0.000  0.736 0.000000
237.208333 238.208333   14.99 0.000   0.69 0.000 9.999 0.259000  0.57 0.000 0.073 0.000000 99.999 0.999 99.999 0.999   9.638 0.000  3.694 0.000   5.944 0.000 0.025 0.000  0.751 0.000000
240.208333 241.208333 9999.99 0.999 999.99 0.999 9.999 0.999000 99.99 0.999 9.999 0.999000 99.999 0.999 99.999 0.999 999.999 0.999 99.999 0.999 999.999 0.999 9.999 0.999 99.999 0.999000
243.208333 244.208333    9.01 0.000   0.51 0.000 9.999 0.259000  0.45 0.000 0.018 0.559000  0.699 0.000  0.978 0.000   6.861 0.000  1.849 0.000   5.012 0.000 0.044 0.000  0.610 0.559000
246.208333 247.208333   15.55 0.000   0.98 0.000 9.999 0.259000  1.66 0.000 0.085 0.559000  0.524 0.000  0.734 0.000  10.834 0.000  3.862 0.000   6.971 0.000 0.014 0.000  1.055 0.559000
249.208333 250.208333   41.51 0.000   1.17 0.000 9.999 0.259000  1.28 0.000 0.057 0.559000  1.361 0.000  1.905 0.000  12.048 0.000  5.979 0.000   6.069 0.000 0.040 0.000  0.422 0.559000
252.208333 253.208333   63.12 0.000   0.72 0.000 9.999 0.259000  1.11 0.000 0.105 0.000000  0.764 0.000  1.070 0.000  13.303 0.000  3.611 0.000   9.692 0.000 0.031 0.000  1.353 0.000000
255.208333 256.208333 9999.99 0.999 999.99 0.999 9.999 0.999000 99.99 0.999 9.999 0.999000 99.999 0.999 99.999 0.999 999.999 0.999 99.999 0.999 999.999 0.999 9.999 0.999 99.999 0.999000
258.208333 259.208333 9999.99 0.999 999.99 0.999 9.999 0.999000 99.99 0.999 0.089 0.000000  0.860 0.000  1.204 0.000   7.399 0.000 99.999 0.999 999.999 0.999 9.999 0.999  0.997 0.000000
261.208333 262.208333   41.16 0.000   0.95 0.000 9.999 0.259000  2.14 0.000 0.034 0.000000  0.568 0.000  0.795 0.000   9.049 0.000  6.283 0.000   2.766 0.000 0.030 0.000  0.223 0.000000
264.208333 265.208333   14.14 0.000   1.10 0.000 9.999 0.259000  1.78 0.000 0.029 0.559000  0.507 0.000  0.710 0.000   4.267 0.000  1.252 0.000   3.015 0.000 0.044 0.000  0.456 0.559000
267.208333 268.208333    8.20 0.000   1.04 0.000 9.999 0.259000  0.57 0.000 0.009 0.000000  0.363 0.000  0.508 0.000   5.912 0.000  2.817 0.000   3.095 0.000 0.011 0.000  0.541 0.000000
270.208333 271.208333   20.53 0.394   0.98 0.394 9.999 0.394259  0.74 0.394 0.041 0.559394  0.951 0.000  1.331 0.000  10.743 0.000  6.594 0.000   4.149 0.000 0.032 0.394  0.293 0.559394
273.208333 274.208333   37.36 0.000   1.81 0.000 9.999 0.259000  8.76 0.000 0.162 0.559000  2.088 0.000  2.923 0.000  15.656 0.000  1.970 0.000  13.686 0.000 0.070 0.000  1.418 0.559000
276.208333 277.208333   98.14 0.000   5.73 0.000 9.999 0.259000  1.59 0.000 0.240 0.000000  3.812 0.000  5.337 0.000  34.804 0.000  7.090 0.000  27.715 0.000 0.052 0.000  3.741 0.000000
279.208333 280.208333    4.95 0.559   0.87 0.559 9.999 0.559259  0.99 0.559 0.011 0.000000  0.543 0.000  0.761 0.000   3.698 0.000  1.269 0.000   2.429 0.559 0.017 0.559  0.301 0.000000
282.208333 283.208333   38.14 0.000   3.91 0.000 9.999 0.259000  2.42 0.000 0.072 0.559000  0.657 0.000  0.920 0.000  13.314 0.000  6.369 0.000   6.944 0.000 0.030 0.000  0.687 0.559000
285.208333 286.208333   26.45 0.559   1.72 0.559 9.999 0.559259  1.38 0.559 0.091 0.000000  0.869 0.000  1.216 0.000  15.533 0.000  5.302 0.000  10.231 0.559 0.051 0.559  1.237 0.000000
288.208333 289.208333   37.70 0.559   1.22 0.559 9.999 0.559259  5.43 0.559 0.086 0.000000  5.409 0.000  7.572 0.000  14.119 0.000  2.972 0.000  11.147 0.559 0.031 0.559  0.838 0.000000
291.208333 292.208333   15.73 0.000   1.31 0.000 9.999 0.259000  1.30 0.000 0.074 0.000000  1.535 0.000  2.149 0.000   9.481 0.000  3.757 0.000   5.724 0.000 0.027 0.000  0.627 0.000000
294.208333 295.208333   25.42 0.000   1.83 0.000 9.999 0.259000  1.96 0.000 0.062 0.000000  1.785 0.000  2.500 0.000   9.383 0.000  2.841 0.000   6.543 0.000 0.032 0.000  0.749 0.000000
297.208333 298.208333   11.36 0.559   1.94 0.559 9.999 0.559259  1.30 0.559 0.082 0.559000  4.156 0.000  5.819 0.000   9.903 0.000  0.425 0.000   9.477 0.559 0.050 0.559  0.906 0.559000
300.208333 301.208333 9999.99 0.699 999.99 0.699 9.999 0.699000 99.99 0.699 0.054 0.559000  5.856 0.000  8.198 0.000  13.600 0.000 99.999 0.999 999.999 0.699 9.999 0.699  0.663 0.559000
303.208333 304.208333   18.32 0.000   0.93 0.000 0.013 0.000000  0.63 0.000 0.034 0.000000  0.877 0.000  1.228 0.000   6.118 0.000  2.208 0.000   3.910 0.000 0.043 0.000  0.365 0.000000
306.208333 307.208333   39.84 0.559   2.19 0.559 9.999 0.559259  2.04 0.559 0.189 0.000000  2.465 0.000  3.451 0.000  14.587 0.000  6.332 0.000   8.255 0.559 0.058 0.559  0.865 0.000000
309.208333 310.208333    9.21 0.559   0.52 0.559 9.999 0.559259  3.01 0.559 0.009 0.000000  0.690 0.000  0.966 0.000   6.451 0.000  3.977 0.000   2.474 0.559 0.007 0.559  0.273 0.000000
312.208333 313.208333    7.36 0.559   0.80 0.559 0.007 0.559000  0.81 0.559 0.052 0.000000  0.693 0.000  0.970 0.000   5.746 0.000  2.640 0.000   3.105 0.559 0.014 0.559  0.314 0.000000
315.208333 316.208333    6.20 0.000   0.64 0.000 9.999 0.259000  0.47 0.000 0.019 0.000000  3.422 0.000  4.791 0.000   7.689 0.000  3.118 0.000   4.571 0.000 0.021 0.000  0.213 0.000000
318.208333 319.208333   59.12 0.000   5.10 0.000 9.999 0.259000  2.40 0.000 0.346 0.000000  3.400 0.000  4.760 0.000  24.737 0.000  7.113 0.000  17.624 0.000 0.121 0.000  1.717 0.000000
321.208333 322.208333   26.69 0.559   3.96 0.559 9.999 0.559259  2.77 0.559 0.148 0.000000  2.251 0.000  3.151 0.000  11.781 0.000  4.613 0.000   7.168 0.559 0.051 0.559  0.515 0.000000
324.208333 325.208333   18.29 0.000   2.12 0.000 9.999 0.259000  0.56 0.000 0.036 0.000000  1.218 0.000  1.705 0.000   6.577 0.000  2.757 0.000   3.819 0.000 0.041 0.000  0.289 0.000000
327.208333 328.208333   13.06 0.000   1.30 0.000 9.999 0.259000  5.26 0.000 0.148 0.000000  0.732 0.000  1.025 0.000  14.216 0.000  6.403 0.000   7.812 0.000 0.033 0.000  1.114 0.000000
330.208333 331.208333   45.71 0.559   0.96 0.559 9.999 0.559259  0.93 0.559 0.074 0.000000  0.989 0.000  1.384 0.000  15.196 0.000  9.522 0.000   5.674 0.559 0.044 0.559  0.454 0.000000
333.208333 334.208333 9999.99 0.999 999.99 0.999 9.999 0.999000 99.99 0.999 9.999 0.999000 99.999 0.999 99.999 0.999 999.999 0.999 99.999 0.999 999.999 0.999 9.999 0.999 99.999 0.999000
336.208333 337.208333   37.49 0.000   1.57 0.000 9.999 0.259000  1.68 0.000 0.135 0.000000  4.546 0.000  6.364 0.000  13.276 0.000  1.297 0.000  11.979 0.000 0.046 0.000  0.861 0.000000
339.208333 340.208333   58.39 0.000  45.81 0.000 9.999 0.259000  1.99 0.000 0.182 0.000000  2.034 0.000  2.847 0.000  15.605 0.000  2.917 0.000  12.688 0.000 0.069 0.000  1.381 0.000000
342.208333 343.208333   29.20 0.000   2.06 0.000 9.999 0.259000  0.85 0.000 0.041 0.000000  1.937 0.000  2.712 0.000  15.645 0.000  8.875 0.000   6.771 0.000 0.071 0.000  0.871 0.000000
345.208333 346.208333 9999.99 0.999 999.99 0.999 9.999 0.999000 99.99 0.999 9.999 0.999000 99.999 0.999 99.999 0.999 999.999 0.999 99.999 0.999 999.999 0.999 9.999 0.999 99.999 0.999000
348.208333 349.208333    9.58 0.000   1.04 0.000 9.999 0.259000  2.90 0.000 0.033 0.000000  0.604 0.000  0.846 0.000   3.244 0.000  0.721 0.000   2.523 0.000 0.020 0.000  0.271 0.000000
351.208333 352.208333    9.49 0.000   1.69 0.000 9.999 0.259000  4.47 0.000 0.039 0.000000  0.920 0.000  1.287 0.000   3.826 0.000  0.308 0.000   3.518 0.000 0.053 0.000  0.285 0.000000
354.208333 355.208333    8.61 0.000   0.95 0.000 9.999 0.259000  1.86 0.000 0.063 0.000000  0.732 0.000  1.024 0.000   6.196 0.000  0.364 0.000   5.832 0.000 0.025 0.000  0.361 0.000000
357.208333 358.208333   28.11 0.000   2.27 0.000 9.999 0.259000  2.49 0.000 0.105 0.000000  1.316 0.000  1.843 0.000  11.352 0.000  3.744 0.000   7.609 0.000 0.054 0.000  0.624 0.000000
360.208333 361.208333    5.33 0.000   1.77 0.000 9.999 0.259000  2.53 0.000 0.115 0.000000  1.116 0.000  1.563 0.000   3.950 0.000  0.508 0.000   3.442 0.000 0.021 0.000  0.447 0.000000
363.208333 364.208333    7.58 0.000   2.21 0.000 9.999 0.259000  2.44 0.000 0.127 0.000000  1.894 0.000  2.652 0.000   6.233 0.000  1.153 0.000   5.081 0.000 0.035 0.000  0.717 0.000000
