scripts/IMPROVE-2019_partial/data/US9032R.20040602090000.20191216000000.filterpack..pm25.7mo.1w.US03L_filterpack_US9032_2.US03L_IMPROVE_Davis.lev2.nas
55 1001
MISSING INFORMATION
US03L, IMPROVE, , , , , , , 
MISSING INFORMATION
IMPROVE sel_HTAP
1 1
2004 01 01 2019 12 16
3.000
days from file reference point
15
1 1 1 1 1 1 1 1 1 1 1 1 1 1 1
999.999 999.99 9.999 99.99 9.999999 9.999 9.999999 9.99 9.999 99.99 9.999999 999.999 9.999 9.999 9.999
end_time of measurement, days from the file reference point
iron, ng/m3, Revision date=20181210133000
numflag iron, no unit, Revision date=20181210133000
lead, ng/m3, Revision date=20181210133000
numflag lead, no unit, Revision date=20181210133000
magnesium, ug/m3, Revision date=20181210133000
numflag magnesium, no unit, Revision date=20181210133000
nickel, ng/m3, Revision date=20181210133000
numflag nickel, no unit, Revision date=20181210133000
phosphorus, ng/m3, Revision date=20181210133000
numflag phosphorus, no unit, Revision date=20181210133000
pm25_mass, ug/m3, Version=2, Version description=Data extracted from http://views.cira.colostate.edu/fed/DataWizard 2019-12-16, Sample duration=1d, Orig. time res.=3d, Blank correction=Blank corrected, Volume std. temperature=ambient, Volume std. pressure=ambient
numflag pm25_mass, no unit, Version=2, Version description=Data extracted from http://views.cira.colostate.edu/fed/DataWizard 2019-12-16, Sample duration=1d, Orig. time res.=3d, Blank correction=Blank corrected, Volume std. temperature=ambient, Volume std. pressure=ambient
potassium, ug/m3, Revision date=20181210133000
numflag potassium, no unit, Revision date=20181210133000
0
26
Data definition:              EBAS_1.1
Set type code:                TU
Timezone:                     UTC
File name:                    US9032R.20040602090000.20191216000000.filterpack..pm25.7mo.1w.US03L_filterpack_US9032_2.US03L_IMPROVE_Davis.lev2.nas
File creation:                20191218120722
Startdate:                    20040602090000
Revision date:                20191216000000
Statistics:                   arithmetic mean
Data level:                   2
Period code:                  7mo
Resolution code:              1w
Station code:                 US9032R
Platform code:                US9032S
Station name:                 Trapper Creek
Station latitude:             62.3153
Station longitude:            -150.3156
Station altitude:             155.0 m
Regime:                       IMG
Component:                    
Unit:                         ng/m3
Matrix:                       pm25
Laboratory code:              US03L
Instrument type:              filterpack
Instrument name:              filterpack_US9032_2
Method ref:                   US03L_IMPROVE_Davis
starttime endtime Fe flag_Fe Pb flag_Pb Mg++ flag_Mg++ Ni flag_Ni P flag_P PM2.5 flag_PM2.5 K+ flag_K+
153.375 154.375 999.99 0.999 99.99 0.999000 9.999 0.999000 9.99 0.999 99.99 0.999000 999.999 0.999 9.999 0.999
156.375 157.375 999.99 0.999 99.99 0.999000 9.999 0.999000 9.99 0.999 99.99 0.999000 999.999 0.999 9.999 0.999
159.375 160.375 999.99 0.999 99.99 0.999000 9.999 0.999000 9.99 0.999 99.99 0.999000 999.999 0.999 9.999 0.999
162.375 163.375 999.99 0.999 99.99 0.999000 9.999 0.999000 9.99 0.999 99.99 0.999000 999.999 0.999 9.999 0.999
165.375 166.375 999.99 0.999 99.99 0.999000 9.999 0.999000 9.99 0.999 99.99 0.999000 999.999 0.999 9.999 0.999
168.375 169.375 999.99 0.999 99.99 0.999000 9.999 0.999000 9.99 0.999 99.99 0.999000 999.999 0.999 9.999 0.999
171.375 172.375 999.99 0.999 99.99 0.999000 9.999 0.999000 9.99 0.999 99.99 0.999000 999.999 0.999 9.999 0.999
174.375 175.375 999.99 0.999 99.99 0.999000 9.999 0.999000 9.99 0.999 99.99 0.999000   3.697 0.000 9.999 0.999
177.375 178.375 999.99 0.999 99.99 0.999000 9.999 0.999000 9.99 0.999 99.99 0.999000   3.799 0.000 9.999 0.999
180.375 181.375 999.99 0.999 99.99 0.999000 9.999 0.999000 9.99 0.999 99.99 0.999000   3.711 0.000 9.999 0.999
183.375 184.375   8.28 0.000  0.58 0.000000 9.999 0.259000 0.86 0.000 99.99 0.259000  12.918 0.000 0.069 0.000
186.375 187.375   3.11 0.000  0.58 0.000000 9.999 0.259000 0.49 0.000 99.99 0.259000   2.123 0.000 0.018 0.000
189.375 190.375   9.69 0.000  0.33 0.000000 9.999 0.259000 9.99 0.259 99.99 0.259000   2.933 0.000 0.020 0.000
192.375 193.375  11.58 0.000  0.27 0.000000 9.999 0.259000 0.12 0.000 99.99 0.259000   3.519 0.000 0.014 0.000
195.375 196.375  11.68 0.000  0.56 0.000000 9.999 0.259000 0.22 0.000 99.99 0.259000  12.721 0.000 0.068 0.000
198.375 199.375  10.84 0.000  0.33 0.000000 9.999 0.259000 0.10 0.000 99.99 0.259000   2.520 0.000 0.016 0.000
201.375 202.375   4.96 0.000  0.38 0.000000 9.999 0.259000 0.24 0.000 99.99 0.259000   2.288 0.000 0.012 0.000
204.375 205.375   3.62 0.000  0.36 0.000000 9.999 0.259000 9.99 0.259 99.99 0.259000   1.013 0.000 0.005 0.000
207.375 208.375  16.02 0.000 99.99 0.259000 9.999 0.259000 9.99 0.259 99.99 0.259000   1.557 0.000 0.011 0.000
210.375 211.375   1.37 0.000  0.43 0.000000 9.999 0.259000 9.99 0.259 99.99 0.259000   1.407 0.000 0.009 0.000
213.375 214.375   2.38 0.000  0.29 0.000000 9.999 0.259000 0.35 0.000 99.99 0.259000   1.563 0.000 0.006 0.000
216.375 217.375  13.84 0.000  0.94 0.000000 9.999 0.259000 9.99 0.259 99.99 0.259000   2.678 0.000 0.012 0.000
219.375 220.375  17.01 0.000  0.66 0.000000 9.999 0.259000 9.99 0.259 99.99 0.259000   3.629 0.000 0.014 0.000
222.375 223.375  19.03 0.000  0.69 0.000000 9.999 0.259000 9.99 0.259 99.99 0.259000   5.019 0.000 0.027 0.000
225.375 226.375  10.14 0.000  0.49 0.000000 9.999 0.259000 9.99 0.259 99.99 0.259000   2.571 0.000 0.009 0.000
228.375 229.375 999.99 0.699 99.99 0.699000 9.999 0.699000 9.99 0.699 99.99 0.699000 999.999 0.699 9.999 0.699
231.375 232.375  28.03 0.559  0.68 0.559000 9.999 0.559259 0.11 0.559 99.99 0.559259  10.965 0.559 0.054 0.559
234.375 235.375 999.99 0.699 99.99 0.699000 9.999 0.699000 9.99 0.699 99.99 0.699000 999.999 0.699 9.999 0.699
237.375 238.375  13.90 0.000  0.44 0.000000 0.017 0.000000 0.20 0.000 99.99 0.259000   8.442 0.000 0.033 0.000
240.375 241.375   1.30 0.000  0.20 0.000000 9.999 0.259000 9.99 0.259  2.71 0.000000   1.598 0.000 0.008 0.000
243.375 244.375 999.99 0.699 99.99 0.699000 9.999 0.699000 9.99 0.699 99.99 0.699000 999.999 0.699 9.999 0.699
246.375 247.375   7.39 0.000  1.52 0.000000 9.999 0.259000 0.08 0.000 99.99 0.259000   1.550 0.000 0.016 0.000
249.375 250.375   2.95 0.000 99.99 0.259000 9.999 0.259000 9.99 0.259 99.99 0.259000   0.849 0.000 0.007 0.000
252.375 253.375   5.61 0.000  0.72 0.000000 0.119 0.000000 0.14 0.000 99.99 0.259000   1.818 0.000 0.008 0.000
255.375 256.375   7.50 0.000  0.72 0.000000 9.999 0.259000 9.99 0.259  5.17 0.000000   2.325 0.000 0.013 0.000
258.375 259.375   2.78 0.000 99.99 0.259000 9.999 0.259000 0.12 0.000 99.99 0.259000   2.398 0.000 0.009 0.000
261.375 262.375   8.67 0.000  0.56 0.000000 0.074 0.000000 9.99 0.259 99.99 0.259000   3.802 0.000 0.009 0.000
264.375 265.375   1.51 0.000  0.25 0.000000 0.081 0.000000 9.99 0.259 99.99 0.259000   0.743 0.000 0.005 0.000
267.375 268.375  10.67 0.000  0.32 0.000000 9.999 0.259000 9.99 0.259 99.99 0.259000   0.906 0.000 0.009 0.000
270.375 271.375 999.99 0.999 99.99 0.999000 9.999 0.999000 9.99 0.999 99.99 0.999000 999.999 0.999 9.999 0.999
273.375 274.375   0.31 0.000  0.20 0.000000 9.999 0.259000 9.99 0.259 99.99 0.259000   0.152 0.000 0.002 0.000
276.375 277.375   3.62 0.394 99.99 0.394259 9.999 0.394259 0.16 0.394  1.77 0.394000   0.215 0.000 0.003 0.394
279.375 280.375   4.17 0.000  0.39 0.000000 9.999 0.259000 9.99 0.259  4.77 0.000000   1.326 0.000 0.011 0.000
282.375 283.375   2.50 0.000  0.30 0.000000 9.999 0.259000 9.99 0.259 99.99 0.259000   0.747 0.000 0.007 0.000
285.375 286.375   3.21 0.000  0.24 0.000000 9.999 0.259000 9.99 0.259 99.99 0.259000   0.568 0.000 0.008 0.000
288.375 289.375   0.91 0.000 99.99 0.259000 9.999 0.259000 9.99 0.259 99.99 0.259000   0.335 0.000 0.004 0.000
291.375 292.375  27.24 0.000  0.37 0.000000 9.999 0.259000 9.99 0.259 99.99 0.259000   1.147 0.000 0.013 0.000
294.375 295.375   2.52 0.394 99.99 0.394259 9.999 0.394259 0.19 0.394 99.99 0.394259   1.388 0.000 0.011 0.394
297.375 298.375   2.49 0.000 99.99 0.259000 9.999 0.259000 0.15 0.000 99.99 0.259000   0.701 0.000 0.005 0.000
300.375 301.375   0.55 0.394 99.99 0.394259 9.999 0.394259 0.11 0.394  1.13 0.394000   0.506 0.000 0.003 0.394
303.375 304.375  11.95 0.000  0.54 0.000000 9.999 0.259000 9.99 0.259 99.99 0.259000   0.558 0.000 0.004 0.000
306.375 307.375   8.08 0.000  0.33 0.000000 0.064 0.000000 0.13 0.000 99.99 0.259000   1.212 0.000 0.006 0.000
309.375 310.375   5.45 0.000  0.17 0.000000 9.999 0.259000 0.09 0.000 99.99 0.259000   0.883 0.000 0.005 0.000
312.375 313.375   2.15 0.000 99.99 0.259000 9.999 0.259000 0.09 0.000 99.99 0.259000   0.694 0.000 0.004 0.000
315.375 316.375   0.77 0.000 99.99 0.259000 0.098 0.000000 0.07 0.000 99.99 0.259000   0.864 0.000 0.004 0.000
318.375 319.375   1.71 0.000  0.42 0.000000 9.999 0.259000 0.12 0.000 99.99 0.259000   0.500 0.000 0.002 0.000
321.375 322.375   1.57 0.000 99.99 0.259000 0.043 0.000000 9.99 0.259 99.99 0.259000   0.713 0.000 0.004 0.000
324.375 325.375   0.80 0.000  0.16 0.000000 9.999 0.259000 0.10 0.000 99.99 0.259000   1.111 0.000 0.005 0.000
327.375 328.375   1.32 0.000  0.21 0.000000 9.999 0.259000 9.99 0.259  1.51 0.000000   0.450 0.000 0.002 0.000
330.375 331.375   0.72 0.000 99.99 0.259000 9.999 0.259000 9.99 0.259 99.99 0.259000   0.457 0.000 0.002 0.000
333.375 334.375   0.93 0.000  0.26 0.000000 9.999 0.259000 9.99 0.259 99.99 0.259000   0.772 0.000 0.005 0.000
336.375 337.375   1.58 0.000  0.17 0.000000 9.999 0.259000 9.99 0.259 99.99 0.259000   0.685 0.000 0.003 0.000
339.375 340.375   4.68 0.000  0.41 0.000000 0.048 0.000000 0.08 0.000 99.99 0.259000   0.706 0.000 0.004 0.000
342.375 343.375   2.39 0.000  0.26 0.000000 0.065 0.000000 9.99 0.259 99.99 0.259000   0.305 0.000 0.002 0.000
345.375 346.375   1.49 0.000  0.16 0.000000 9.999 0.259000 0.11 0.000 99.99 0.259000   0.685 0.000 0.003 0.000
348.375 349.375   0.94 0.000  0.22 0.000000 9.999 0.259000 0.21 0.000 99.99 0.259000   0.757 0.000 0.004 0.000
351.375 352.375   1.08 0.000  0.17 0.000000 0.063 0.000000 9.99 0.259 99.99 0.259000   0.177 0.000 0.001 0.000
354.375 355.375   1.44 0.000  0.17 0.000000 9.999 0.259000 0.18 0.000 99.99 0.259000   0.487 0.000 0.003 0.000
357.375 358.375   4.13 0.000  0.61 0.000000 9.999 0.259000 9.99 0.259 99.99 0.259000   0.914 0.000 0.009 0.000
360.375 361.375   7.01 0.000  0.67 0.000000 9.999 0.259000 9.99 0.259 99.99 0.259000   1.005 0.000 0.009 0.000
363.375 364.375   6.93 0.000  0.89 0.000000 0.033 0.000000 9.99 0.259 99.99 0.259000   1.395 0.000 0.012 0.000
