scripts/IMPROVE-2019_partial/data/US9001R.19880302070000.20191216000000.filterpack...10mo.3d.US03L_filterpack_US9001.US03L_IMPROVE_Davis.lev2.nas
51 1001
MISSING INFORMATION
US03L, IMPROVE, , , , , , , 
MISSING INFORMATION
IMPROVE sel_HTAP
1 1
1988 01 01 2019 12 16
0
days from file reference point
4
1 1 1 1
999.999999 999.999 99.999 9.999
end_time of measurement, days from the file reference point
pm10_mass, ug/m3, Matrix=pm10
pm25_mass, ug/m3, Matrix=pm25
numflag, no unit
0
33
Data definition:              EBAS_1.1
Set type code:                TI
Timezone:                     UTC
File name:                    US9001R.19880302070000.20191216000000.filterpack...10mo.3d.US03L_filterpack_US9001.US03L_IMPROVE_Davis.lev2.nas
File creation:                20191218120516
Startdate:                    19880302070000
Revision date:                20191216000000
Version:                      2
Version description:          "Data extracted from http://views.cira.colostate.edu/fed/DataWizard 2019-12-16"
Statistics:                   arithmetic mean
Data level:                   2
Period code:                  10mo
Resolution code:              3d
Sample duration:              1d
Orig. time res.:              3d
Station code:                 US9001R
Platform code:                US9001S
Station name:                 Rocky Mountain NP HQ
Station latitude:             40.3624
Station longitude:            -105.5638
Station altitude:             2408.0 m
Regime:                       IMG
Component:                    
Unit:                         ug/m3
Matrix:                       
Laboratory code:              US03L
Instrument type:              filterpack
Instrument name:              filterpack_US9001
Method ref:                   US03L_IMPROVE_Davis
Blank correction:             Blank corrected
Volume std. temperature:      ambient
Volume std. pressure:         ambient
starttime endtime PM10 PM2.5 flag
 61.291667  62.291667   3.411  2.632 0.000
 64.291667  65.291667   3.411  1.738 0.000
 68.291667  69.291667   4.824  1.447 0.000
 71.291667  72.291667   4.824  3.616 0.000
 75.291667  76.291667   9.961 99.999 0.000
 78.291667  79.291667   2.431  1.963 0.000
 82.291667  83.291667   6.196  3.333 0.000
 85.291667  86.291667   3.137  1.651 0.000
 89.291667  90.291667   6.534  2.593 0.000
 92.291667  93.291667   5.529  1.589 0.000
 96.291667  97.291667   2.510  1.524 0.000
 99.291667 100.291667   3.396  3.006 0.000
103.291667 104.291667  19.380 99.999 0.000
106.291667 107.291667  12.153  6.963 0.000
110.291667 111.291667   7.425  4.110 0.000
113.291667 114.291667   2.090  1.196 0.000
117.291667 118.291667   6.189  3.282 0.000
120.291667 121.291667  11.571  6.006 0.000
124.291667 125.291667  10.115  4.642 0.000
127.291667 128.291667   6.935  2.087 0.000
131.291667 132.291667   7.017  2.654 0.000
134.291667 135.291667  11.092  3.988 0.000
138.291667 139.291667   6.458  3.263 0.000
141.291667 142.291667   4.317  2.774 0.000
145.291667 146.291667   6.015  3.704 0.000
148.291667 149.291667   9.540  4.922 0.000
152.291667 153.291667   3.308  2.317 0.000
155.291667 156.291667  13.346  6.718 0.000
159.291667 160.291667 999.999 99.999 0.999
162.291667 163.291667 999.999 99.999 0.999
166.291667 167.291667   8.785  5.057 0.000
169.291667 170.291667 999.999 99.999 0.999
173.291667 174.291667 999.999 99.999 0.999
176.291667 177.291667 999.999 99.999 0.999
180.291667 181.291667   4.928  3.095 0.000
183.291667 184.291667   7.582  4.264 0.000
187.291667 188.291667   6.194  3.795 0.000
190.291667 191.291667 999.999  4.709 0.000
194.291667 195.291667 999.999 99.999 0.999
197.291667 198.291667  14.753  7.919 0.000
201.291667 202.291667   8.856  6.142 0.000
204.291667 205.291667  10.980  7.441 0.000
208.291667 209.291667   6.578  5.599 0.000
211.291667 212.291667  10.532  6.413 0.000
215.291667 216.291667   8.502  4.055 0.000
218.291667 219.291667   6.554  3.201 0.000
222.291667 223.291667   9.094  3.956 0.000
225.291667 226.291667   6.920  2.532 0.000
229.291667 230.291667   7.482  3.667 0.000
232.291667 233.291667   8.443  5.705 0.000
236.291667 237.291667  21.157 99.999 0.000
239.291667 240.291667  21.381  9.396 0.000
243.291667 244.291667  11.313  7.655 0.000
246.291667 247.291667  10.255  4.567 0.000
250.291667 251.291667 999.999 99.999 0.999
253.291667 254.291667   8.800  5.292 0.000
257.291667 258.291667   4.704  3.562 0.000
260.291667 261.291667   8.103  4.698 0.000
264.291667 265.291667   7.825  2.958 0.000
267.291667 268.291667   6.316  4.608 0.000
271.291667 272.291667   4.021  1.738 0.000
274.291667 275.291667   8.247  4.167 0.000
278.291667 279.291667  10.382  2.947 0.000
281.291667 282.291667  13.282  3.458 0.000
285.291667 286.291667 999.999 99.999 0.999
288.291667 289.291667 999.999  2.581 0.000
292.291667 293.291667   4.103  1.909 0.000
295.291667 296.291667   5.092  1.715 0.000
299.291667 300.291667   3.636  1.182 0.000
302.291667 303.291667   7.164  3.922 0.000
306.291667 307.291667   5.820  3.345 0.000
309.291667 310.291667   2.053  1.006 0.000
313.291667 314.291667   3.372  2.091 0.000
316.291667 317.291667   3.217  1.349 0.000
320.291667 321.291667   2.874  1.716 0.000
323.291667 324.291667   3.401  2.551 0.000
327.291667 328.291667   2.311  0.671 0.000
330.291667 331.291667   2.857  1.175 0.000
334.291667 335.291667   2.489  1.458 0.000
337.291667 338.291667   6.844  2.604 0.000
341.291667 342.291667   5.702  3.468 0.000
344.291667 345.291667   3.787  1.689 0.000
348.291667 349.291667   4.017  3.010 0.000
351.291667 352.291667   1.464  0.678 0.000
355.291667 356.291667   2.994  0.692 0.000
358.291667 359.291667 999.999 99.999 0.999
362.291667 363.291667   4.699  1.815 0.000
365.291667 366.291667   1.639  0.392 0.000
