scripts/IMPROVE-2019_partial/data/US9053R.20090101060000.20191216000000.filterpack...52w.3d.US03L_filterpack_US9053.US03L_IMPROVE_Davis.lev2.nas
51 1001
MISSING INFORMATION
US03L, IMPROVE, , , , , , , 
MISSING INFORMATION
IMPROVE sel_HTAP
1 1
2009 01 01 2019 12 16
3.00
days from file reference point
4
1 1 1 1
999.99 999.999 999.999 9.999
end_time of measurement, days from the file reference point
pm10_mass, ug/m3, Matrix=pm10
pm25_mass, ug/m3, Matrix=pm25
numflag, no unit
0
33
Data definition:              EBAS_1.1
Set type code:                TU
Timezone:                     UTC
File name:                    US9053R.20090101060000.20191216000000.filterpack...52w.3d.US03L_filterpack_US9053.US03L_IMPROVE_Davis.lev2.nas
File creation:                20191218120908
Startdate:                    20090101060000
Revision date:                20191216000000
Version:                      2
Version description:          "Data extracted from http://views.cira.colostate.edu/fed/DataWizard 2019-12-16"
Statistics:                   arithmetic mean
Data level:                   2
Period code:                  52w
Resolution code:              3d
Sample duration:              1d
Orig. time res.:              3d
Station code:                 US9053R
Platform code:                US9053S
Station name:                 Viking Lake
Station latitude:             40.969
Station longitude:            -95.045
Station altitude:             371.0 m
Regime:                       IMG
Component:                    
Unit:                         ug/m3
Matrix:                       
Laboratory code:              US03L
Instrument type:              filterpack
Instrument name:              filterpack_US9053
Method ref:                   US03L_IMPROVE_Davis
Blank correction:             Blank corrected
Volume std. temperature:      ambient
Volume std. pressure:         ambient
starttime endtime PM10 PM2.5 flag
  0.25   1.25  13.453   6.533 0.000
  3.25   4.25  10.463   5.673 0.000
  6.25   7.25  15.536   8.059 0.000
  9.25  10.25  14.216   9.717 0.000
 12.25  13.25   8.185   2.801 0.000
 15.25  16.25  14.870   6.978 0.000
 18.25  19.25   8.336   5.445 0.000
 21.25  22.25  26.332  11.790 0.000
 24.25  25.25   8.902   6.611 0.000
 27.25  28.25  19.312  13.923 0.000
 30.25  31.25   7.997   4.088 0.000
 33.25  34.25   6.781   3.622 0.000
 36.25  37.25  30.500   9.879 0.000
 39.25  40.25  13.953   8.462 0.000
 42.25  43.25   9.488   3.407 0.000
 45.25  46.25   9.961   7.206 0.000
 48.25  49.25  20.480  13.723 0.000
 51.25  52.25  15.916   8.532 0.000
 54.25  55.25  24.978  13.657 0.000
 57.25  58.25  11.480   6.742 0.000
 60.25  61.25  14.299   8.914 0.000
 63.25  64.25  24.851  11.523 0.000
 66.25  67.25  11.891  10.847 0.000
 69.25  70.25   7.779   4.452 0.000
 72.25  73.25  15.711   9.873 0.000
 75.25  76.25  20.492  10.412 0.000
 78.25  79.25  18.520   6.577 0.000
 81.25  82.25  23.345  12.985 0.000
 84.25  85.25  11.739   6.538 0.000
 87.25  88.25  11.335   7.249 0.000
 90.25  91.25  12.386   4.583 0.000
 93.25  94.25  13.461   6.186 0.000
 96.25  97.25  11.705   6.293 0.000
 99.25 100.25  16.663   7.705 0.000
102.25 103.25  11.001   8.167 0.000
105.25 106.25  13.685   5.602 0.000
108.25 109.25  14.512   9.560 0.000
111.25 112.25  23.424   7.025 0.000
114.25 115.25  11.625   3.734 0.000
117.25 118.25   6.524   2.953 0.000
120.25 121.25   8.628   4.172 0.000
123.25 124.25  12.667   4.908 0.000
126.25 127.25  11.317   3.884 0.000
129.25 130.25  21.883   4.613 0.000
132.25 133.25  12.451   5.851 0.000
135.25 136.25   7.265   2.631 0.000
138.25 139.25  20.071   5.775 0.000
141.25 142.25  34.219   9.162 0.000
144.25 145.25  19.838  10.450 0.000
147.25 148.25   9.625   3.779 0.000
150.25 151.25  18.294   5.348 0.000
153.25 154.25  13.070   3.311 0.000
156.25 157.25  20.425   9.497 0.000
159.25 160.25   6.751   2.849 0.000
162.25 163.25  16.102   6.100 0.000
165.25 166.25   9.616   6.353 0.000
168.25 169.25  19.781   7.808 0.000
171.25 172.25  12.436   5.728 0.000
174.25 175.25  15.237   6.212 0.000
177.25 178.25  19.005   7.668 0.000
180.25 181.25  18.024   3.735 0.000
183.25 184.25  22.223   7.516 0.000
186.25 187.25  14.742   6.135 0.000
189.25 190.25  13.825   8.637 0.000
192.25 193.25  10.405   4.208 0.000
195.25 196.25  19.225   5.201 0.000
198.25 199.25  12.571   2.944 0.000
201.25 202.25   9.715   4.827 0.000
204.25 205.25  23.422   7.694 0.000
207.25 208.25  20.809   6.589 0.000
210.25 211.25  18.772   6.617 0.000
213.25 214.25  11.585   4.523 0.000
216.25 217.25  18.376   4.301 0.000
219.25 220.25  23.227   9.883 0.000
222.25 223.25  12.232   5.319 0.000
225.25 226.25  24.068  13.239 0.000
228.25 229.25   9.713   3.987 0.000
231.25 232.25   8.548   2.754 0.000
234.25 235.25  12.868   6.216 0.000
237.25 238.25  13.039   8.219 0.000
240.25 241.25  10.367   3.932 0.000
243.25 244.25  12.731   5.620 0.000
246.25 247.25  26.494  18.080 0.000
249.25 250.25  16.817  13.879 0.000
252.25 253.25  23.153  14.176 0.000
255.25 256.25  25.085  14.833 0.000
258.25 259.25  23.608  10.497 0.000
261.25 262.25  25.772   9.190 0.000
264.25 265.25   8.027   3.012 0.000
267.25 268.25  11.098   3.895 0.000
270.25 271.25  16.489   2.936 0.000
273.25 274.25   8.354   5.073 0.000
276.25 277.25   2.387   1.367 0.000
279.25 280.25   6.762   2.379 0.000
282.25 283.25   3.820   2.780 0.000
285.25 286.25   6.938   4.151 0.000
288.25 289.25   4.357   3.456 0.000
291.25 292.25  11.360   7.410 0.000
294.25 295.25   0.406   0.337 0.000
297.25 298.25   4.125   3.279 0.000
300.25 301.25  14.696  11.740 0.000
303.25 304.25   4.730   3.562 0.000
306.25 307.25   9.592   3.047 0.000
309.25 310.25  20.199   9.765 0.000
312.25 313.25  22.319   5.156 0.000
315.25 316.25  22.017  11.600 0.000
318.25 319.25  19.559   8.758 0.000
321.25 322.25 999.999 999.999 0.999
324.25 325.25 999.999 999.999 0.999
327.25 328.25 999.999 999.999 0.999
330.25 331.25 999.999 999.999 0.999
333.25 334.25 999.999 999.999 0.999
336.25 337.25   8.971   3.622 0.000
339.25 340.25  22.313  12.152 0.000
342.25 343.25  10.969   5.951 0.000
345.25 346.25  17.233  12.391 0.000
348.25 349.25  11.495   8.428 0.000
351.25 352.25  51.443  42.231 0.000
354.25 355.25  16.519  14.880 0.000
357.25 358.25   7.325   6.121 0.000
360.25 361.25   5.747   5.246 0.000
363.25 364.25  15.706  14.226 0.000
