scripts/IMPROVE-2019_partial/data/US9033R.20050101060000.20191216000000.filterpack..pm25.52w.1w.US03L_filterpack_US9033.US03L_IMPROVE_Davis.lev2.nas
66 1001
MISSING INFORMATION
US03L, IMPROVE, , , , , , , 
MISSING INFORMATION
IMPROVE sel_HTAP
1 1
2005 01 01 2019 12 16
3.00
days from file reference point
27
1 1 1 1 1 1 1 1 1 1 1 1 1 1 1 1 1 1 1 1 1 1 1 1 1 1 1
999.99 99.999 9.999999 9999.99 9.999 99.99 9.999 9.999 9.999999 99.99 9.999999 9.999 9.999 99.999 9.999 999.999 9.999 999.999 9.999 999.999 9.999 999.999 9.999 9.999 9.999 99.999 9.999
end_time of measurement, days from the file reference point
ammonium, ug N/m3, Revision date=20181210133000
numflag ammonium, no unit, Revision date=20181210133000
iron, ng/m3, Revision date=20181210133000
numflag iron, no unit, Revision date=20181210133000
lead, ng/m3, Revision date=20181210133000
numflag lead, no unit, Revision date=20181210133000
magnesium, ug/m3, Revision date=20181210133000
numflag magnesium, no unit, Revision date=20181210133000
nickel, ng/m3, Revision date=20181210133000
numflag nickel, no unit, Revision date=20181210133000
nitrate, ug N/m3, Revision date=20181210133000
numflag nitrate, no unit, Revision date=20181210133000
organic_carbon, ug C/m3, Revision date=20181210133000
numflag organic_carbon, no unit, Revision date=20181210133000
organic_mass, ug/m3, Revision date=20181210133000
numflag organic_mass, no unit, Revision date=20181210133000
pm10_mass, ug/m3, Version=2, Version description=Data extracted from http://views.cira.colostate.edu/fed/DataWizard 2019-12-16, Sample duration=1d, Orig. time res.=3d, Matrix=pm10, Blank correction=Blank corrected, Volume std. temperature=ambient, Volume std. pressure=ambient
numflag pm10_mass, no unit, Version=2, Version description=Data extracted from http://views.cira.colostate.edu/fed/DataWizard 2019-12-16, Sample duration=1d, Orig. time res.=3d, Matrix=pm10, Blank correction=Blank corrected, Volume std. temperature=ambient, Volume std. pressure=ambient
pm10_pm25_mass, ug/m3, Revision date=20181210133000, Matrix=pm10_pm25
numflag pm10_pm25_mass, no unit, Revision date=20181210133000, Matrix=pm10_pm25
pm25_mass, ug/m3, Version=2, Version description=Data extracted from http://views.cira.colostate.edu/fed/DataWizard 2019-12-16, Sample duration=1d, Orig. time res.=3d, Blank correction=Blank corrected, Volume std. temperature=ambient, Volume std. pressure=ambient
numflag pm25_mass, no unit, Version=2, Version description=Data extracted from http://views.cira.colostate.edu/fed/DataWizard 2019-12-16, Sample duration=1d, Orig. time res.=3d, Blank correction=Blank corrected, Volume std. temperature=ambient, Volume std. pressure=ambient
potassium, ug/m3, Revision date=20181210133000
numflag potassium, no unit, Revision date=20181210133000
sulphate_total, ug S/m3, Revision date=20181210133000
numflag sulphate_total, no unit, Revision date=20181210133000
0
25
Data definition:              EBAS_1.1
Set type code:                TU
Timezone:                     UTC
File name:                    US9033R.20050101060000.20191216000000.filterpack..pm25.52w.1w.US03L_filterpack_US9033.US03L_IMPROVE_Davis.lev2.nas
File creation:                20191218120727
Startdate:                    20050101060000
Revision date:                20191216000000
Statistics:                   arithmetic mean
Data level:                   2
Period code:                  52w
Resolution code:              1w
Station code:                 US9033R
Platform code:                US9033S
Station name:                 Sipsy Wilderness
Station latitude:             34.3433
Station longitude:            -87.3388
Station altitude:             286.0 m
Regime:                       IMG
Component:                    
Matrix:                       pm25
Laboratory code:              US03L
Instrument type:              filterpack
Instrument name:              filterpack_US9033
Method ref:                   US03L_IMPROVE_Davis
starttime endtime NH4+ flag_NH4+ Fe flag_Fe Pb flag_Pb Mg++ flag_Mg++ Ni flag_Ni NO3- flag_NO3- OC flag_OC OM flag_OM PM10 flag_PM10 PM10-PM2.5 flag_PM10-PM2.5 PM2.5 flag_PM2.5 K+ flag_K+ SO4-- flag_SO4--
  0.25   1.25  0.614 0.000000   45.78 0.000  3.80 0.000 9.999 0.259000  0.23 0.000000 0.158 0.000  3.157 0.000   5.683 0.000  12.702 0.000   2.903 0.000   9.797 0.000 0.231 0.000  0.827 0.000
  3.25   4.25  0.610 0.000000   14.79 0.000  1.23 0.000 9.999 0.259000  0.33 0.000000 0.083 0.000  1.384 0.000   2.491 0.000 999.999 0.456   2.296 0.000   7.014 0.000 0.044 0.000  0.966 0.000
  6.25   7.25  0.612 0.394000   20.13 0.394  2.88 0.394 9.999 0.394259 99.99 0.394259 0.282 0.394  1.082 0.000   1.948 0.000   7.036 0.000   1.988 0.000   5.068 0.000 0.036 0.394  0.591 0.394
  9.25  10.25  1.077 0.000000   23.69 0.000  1.31 0.000 9.999 0.259000  0.25 0.000000 0.066 0.000  2.112 0.000   3.801 0.000  13.215 0.000   2.423 0.000  10.789 0.000 0.067 0.000  1.389 0.000
 12.25  13.25  0.240 0.000000   21.40 0.000  0.68 0.000 9.999 0.259000  0.27 0.000000 0.073 0.000  0.766 0.000   1.378 0.000   6.143 0.000   2.478 0.000   3.665 0.000 0.038 0.000  0.356 0.000
 15.25  16.25  1.578 0.000000   34.63 0.000  2.82 0.000 9.999 0.259000  0.22 0.000000 0.885 0.000  1.532 0.000   2.758 0.000  11.929 0.000   0.235 0.000  11.691 0.000 0.063 0.000  0.990 0.000
 18.25  19.25  0.522 0.000000   31.70 0.000  2.15 0.000 9.999 0.259000  0.12 0.000000 0.260 0.000  3.070 0.000   5.526 0.000  11.453 0.000   2.913 0.000   8.537 0.000 0.077 0.000  0.457 0.000
 21.25  22.25  1.373 0.000000   36.59 0.000  3.11 0.000 9.999 0.259000  0.29 0.000000 0.497 0.000  2.426 0.000   4.367 0.000  14.674 0.000   3.311 0.000  11.361 0.000 0.073 0.000  1.128 0.000
 24.25  25.25  0.629 0.000000   32.55 0.000  1.79 0.000 9.999 0.259000  0.21 0.000000 0.153 0.000  4.083 0.000   7.349 0.000  14.312 0.000   3.034 0.000  11.311 0.000 0.096 0.000  0.675 0.000
 27.25  28.25  0.923 0.000000   28.79 0.000  2.18 0.000 9.999 0.259000  0.24 0.000000 0.322 0.000  1.797 0.000   3.235 0.000  11.388 0.000   3.022 0.000   8.364 0.000 0.041 0.000  0.812 0.000
 30.25  31.25  1.948 0.000000   25.16 0.000  1.65 0.000 9.999 0.259000  0.18 0.000000 0.365 0.000  1.236 0.000   2.225 0.000  12.795 0.000   0.968 0.000  11.824 0.000 0.028 0.000  1.918 0.000
 33.25  34.25  1.301 0.000000   15.68 0.000  1.28 0.000 9.999 0.259000  0.34 0.000000 0.444 0.000  0.868 0.000   1.562 0.000   9.299 0.000   0.376 0.000   8.921 0.000 0.028 0.000  1.532 0.000
 36.25  37.25  1.142 0.000000   33.23 0.000  3.25 0.000 9.999 0.259000  0.30 0.000000 0.093 0.000  2.452 0.000   4.413 0.000  12.051 0.000   1.135 0.000  10.912 0.000 0.050 0.000  1.262 0.000
 39.25  40.25  0.729 0.000000   12.66 0.000  0.88 0.000 9.999 0.259000  0.12 0.000000 0.175 0.000  0.952 0.000   1.714 0.000   6.454 0.000   0.717 0.000   5.736 0.000 0.026 0.000  0.809 0.000
 42.25  43.25  0.359 0.000000   29.07 0.000  1.52 0.000 9.999 0.259000  0.20 0.000000 0.129 0.000  1.148 0.000   2.067 0.000   6.253 0.000   1.808 0.000   4.444 0.000 0.037 0.000  0.338 0.000
 45.25  46.25  0.319 0.000000   25.51 0.000  1.28 0.000 9.999 0.259000 99.99 0.259000 0.034 0.000  1.442 0.000   2.595 0.000   9.131 0.000   2.016 0.000   7.121 0.000 0.060 0.000  0.460 0.000
 48.25  49.25  0.375 0.000000   32.49 0.000  2.32 0.000 9.999 0.259000 99.99 0.259000 0.194 0.000  0.830 0.000   1.493 0.000   6.277 0.000   2.330 0.000   3.945 0.000 0.030 0.000  0.359 0.000
 51.25  52.25  0.899 0.000000   18.60 0.000  1.07 0.000 9.999 0.259000  0.49 0.000000 0.142 0.000  1.510 0.000   2.718 0.000  12.796 0.000   2.370 0.000  10.423 0.000 0.088 0.000  1.511 0.000
 54.25  55.25 99.999 0.259000   39.61 0.000  2.55 0.000 9.999 0.259000 99.99 0.259000 0.656 0.000  1.415 0.000   2.548 0.000  15.562 0.000   0.814 0.000  14.746 0.000 0.067 0.000  2.523 0.000
 57.25  58.25 99.999 0.259000   23.77 0.000  2.40 0.000 9.999 0.259000  0.34 0.000000 0.493 0.000  2.734 0.000   4.921 0.000  13.993 0.000   0.798 0.000  13.191 0.000 0.056 0.000  1.637 0.000
 60.25  61.25 99.999 0.259000   26.66 0.000  2.82 0.000 9.999 0.259000  0.28 0.000000 0.198 0.000  0.856 0.000   1.541 0.000   5.830 0.000   1.632 0.000   4.196 0.000 0.044 0.000  0.469 0.000
 63.25  64.25 99.999 0.259000   25.68 0.000  1.60 0.000 9.999 0.259000  0.17 0.000000 0.118 0.000  1.542 0.000   2.776 0.000   9.033 0.000   2.676 0.000   6.356 0.000 0.047 0.000  0.641 0.000
 66.25  67.25 99.999 0.259000   12.07 0.000  1.14 0.000 9.999 0.259000 99.99 0.259000 0.316 0.000  0.530 0.000   0.954 0.000   5.939 0.000   1.076 0.000   4.881 0.000 0.021 0.000  0.864 0.000
 69.25  70.25 99.999 0.259000   16.60 0.000  1.38 0.000 9.999 0.259000  0.24 0.000000 0.047 0.000  0.708 0.000   1.274 0.000   7.383 0.000   3.850 0.000   3.533 0.000 0.022 0.000  0.413 0.000
 72.25  73.25 99.999 0.259000   30.03 0.000  3.01 0.000 9.999 0.259000 99.99 0.259000 0.536 0.000  0.935 0.000   1.683 0.000   7.780 0.000   1.695 0.000   6.084 0.000 0.031 0.000  0.695 0.000
 75.25  76.25 99.999 0.259000   33.32 0.000  2.19 0.000 9.999 0.259000  0.22 0.000000 0.584 0.000  0.900 0.000   1.621 0.000   9.656 0.000   1.200 0.000   8.454 0.000 0.033 0.000  1.224 0.000
 78.25  79.25 99.999 0.259000   36.22 0.000  2.94 0.000 9.999 0.259000 99.99 0.259000 0.122 0.000  1.897 0.000   3.415 0.000  13.895 0.000   2.104 0.000  11.787 0.000 0.062 0.000  1.560 0.000
 81.25  82.25 99.999 0.259000    9.94 0.000  1.47 0.000 9.999 0.259000  0.14 0.000000 0.098 0.000  0.800 0.000   1.439 0.000   5.014 0.000   0.922 0.000   4.091 0.000 0.019 0.000  0.554 0.000
 84.25  85.25 99.999 0.259000   62.71 0.000  5.36 0.000 9.999 0.259000  0.25 0.000000 0.128 0.000  3.023 0.000   5.441 0.000  16.708 0.000   3.794 0.000  12.909 0.000 0.107 0.000  1.437 0.000
 87.25  88.25 99.999 0.259000   31.08 0.000  3.15 0.000 9.999 0.259000 99.99 0.259000 0.096 0.000  1.519 0.000   2.734 0.000   8.253 0.000   1.417 0.000   6.838 0.000 0.040 0.000  0.860 0.000
 90.25  91.25 99.999 0.259000   12.67 0.000  1.45 0.000 9.999 0.259000 99.99 0.259000 0.186 0.000  0.933 0.000   1.679 0.000   6.469 0.000   1.755 0.000   4.713 0.000 0.024 0.000  0.599 0.000
 93.25  94.25 99.999 0.259000   20.49 0.000  1.86 0.000 9.999 0.259000  0.29 0.000000 0.035 0.000  3.053 0.000   5.495 0.000  11.713 0.000   2.694 0.000   9.016 0.000 0.077 0.000  0.658 0.000
 96.25  97.25 99.999 0.259000   35.88 0.000  1.01 0.000 9.999 0.259000  0.19 0.000000 0.058 0.000  1.121 0.000   2.017 0.000   7.275 0.000   2.429 0.000   4.845 0.000 0.038 0.000  0.477 0.000
 99.25 100.25 99.999 0.259000   30.77 0.000  1.97 0.000 9.999 0.259000  0.16 0.000000 0.073 0.000  2.309 0.000   4.156 0.000  19.630 0.000   6.485 0.000  13.140 0.000 0.047 0.000  1.932 0.000
102.25 103.25 99.999 0.259000   17.77 0.000  1.17 0.000 9.999 0.259000 99.99 0.259000 0.144 0.000  1.293 0.000   2.327 0.000   8.662 0.000   1.979 0.000   6.682 0.000 0.039 0.000  0.800 0.000
105.25 106.25 99.999 0.259000   66.10 0.000  5.79 0.000 9.999 0.259000  0.21 0.000000 0.077 0.000  2.436 0.000   4.385 0.000  18.665 0.000   4.151 0.000  14.510 0.000 0.067 0.000  1.967 0.000
108.25 109.25 99.999 0.259000  104.88 0.000  3.10 0.000 9.999 0.259000  0.15 0.000000 0.058 0.000  4.188 0.000   7.538 0.000  23.013 0.000   4.455 0.000  18.550 0.000 0.094 0.000  1.926 0.000
111.25 112.25 99.999 0.259000   52.17 0.000  1.35 0.000 9.999 0.259000  0.24 0.000000 0.088 0.000  2.417 0.000   4.351 0.000  24.014 0.000  13.008 0.000  11.004 0.000 0.089 0.000  1.049 0.000
114.25 115.25 99.999 0.259000   42.64 0.000  1.97 0.000 9.999 0.259000 99.99 0.259000 0.040 0.000  1.237 0.000   2.226 0.000  11.864 0.000   7.412 0.000   4.450 0.000 0.043 0.000  0.306 0.000
117.25 118.25 99.999 0.259000   63.16 0.000  3.77 0.000 9.999 0.259000 99.99 0.259000 0.049 0.000  2.144 0.000   3.859 0.000  17.366 0.000   8.457 0.000   8.906 0.000 0.070 0.000  0.815 0.000
120.25 121.25 99.999 0.259000   38.92 0.000  2.91 0.000 9.999 0.259000 99.99 0.259000 0.231 0.000  0.985 0.000   1.773 0.000  17.537 0.000   9.272 0.000   8.264 0.000 0.042 0.000  1.270 0.000
123.25 124.25 99.999 0.259000   46.62 0.000  2.39 0.000 9.999 0.259000  0.17 0.000000 0.084 0.000  0.960 0.000   1.727 0.000  22.944 0.000  13.923 0.000   9.019 0.000 0.040 0.000  1.380 0.000
126.25 127.25 99.999 0.259000   48.55 0.000  2.61 0.000 9.999 0.259000  0.17 0.000000 0.042 0.000  1.907 0.000   3.433 0.000  31.240 0.000   9.640 0.000  21.592 0.000 0.051 0.000  3.804 0.000
129.25 130.25 99.999 0.259000   42.14 0.000  2.42 0.000 9.999 0.259000  0.22 0.000000 0.059 0.000  2.440 0.000   4.392 0.000  16.823 0.000   4.770 0.000  12.068 0.000 0.061 0.000  1.537 0.000
132.25 133.25 99.999 0.259000  101.35 0.000  2.44 0.000 9.999 0.259000  0.16 0.000000 0.043 0.000  4.465 0.000   8.037 0.000  34.938 0.000  12.688 0.000  22.244 0.000 0.121 0.000  2.457 0.000
135.25 136.25 99.999 0.259000   39.78 0.000  2.02 0.000 9.999 0.259000 99.99 0.259000 0.064 0.000  0.950 0.000   1.710 0.000  13.823 0.000   6.272 0.000   7.549 0.000 0.027 0.000  1.111 0.000
138.25 139.25 99.999 0.259000   74.01 0.000  3.42 0.000 9.999 0.259000  0.20 0.000000 0.063 0.000  5.167 0.000   9.301 0.000  31.903 0.000   7.155 0.000  24.744 0.000 0.123 0.000  2.850 0.000
141.25 142.25 99.999 0.259000   37.52 0.000  7.62 0.000 9.999 0.259000  0.18 0.000000 0.051 0.000  3.008 0.000   5.414 0.000  26.100 0.000   4.651 0.000  21.444 0.000 0.045 0.000  3.504 0.000
144.25 145.25 99.999 0.999000 9999.99 0.999 99.99 0.999 9.999 0.999000 99.99 0.999000 9.999 0.999 99.999 0.999 999.999 0.999 999.999 0.999 999.999 0.999 999.999 0.999 9.999 0.999 99.999 0.999
147.25 148.25 99.999 0.259000   59.13 0.000  3.12 0.000 9.999 0.259000 99.99 0.259000 0.080 0.000  2.265 0.000   4.078 0.000  21.602 0.000   9.214 0.000  12.387 0.000 0.052 0.000  1.411 0.000
150.25 151.25 99.999 0.259000   21.08 0.000  3.98 0.000 9.999 0.259000 99.99 0.259000 0.158 0.000  1.605 0.000   2.889 0.000  21.371 0.000   0.540 0.000  20.825 0.000 0.038 0.000  3.607 0.000
153.25 154.25 99.999 0.259000   16.85 0.000  1.43 0.000 9.999 0.259000 99.99 0.259000 0.074 0.000  1.845 0.000   3.321 0.000  14.241 0.000   3.753 0.000  10.486 0.000 0.040 0.000  1.457 0.000
156.25 157.25 99.999 0.259000   42.59 0.000  0.70 0.000 0.009 0.000000  0.19 0.000000 0.045 0.000  1.888 0.000   3.398 0.000  13.034 0.000   4.735 0.000   8.298 0.000 0.051 0.000  0.808 0.000
159.25 160.25 99.999 0.259000   47.90 0.000  1.81 0.000 9.999 0.259000  0.10 0.000000 0.039 0.000  2.136 0.000   3.844 0.000  19.449 0.000   4.940 0.000  14.506 0.000 0.076 0.000  1.980 0.000
162.25 163.25 99.999 0.259000    4.79 0.000  0.37 0.000 9.999 0.259000 99.99 0.259000 0.117 0.000  0.635 0.000   1.143 0.000   4.982 0.000   2.482 0.000   2.501 0.000 0.022 0.000  0.376 0.000
165.25 166.25 99.999 0.259000   22.84 0.000  1.28 0.000 9.999 0.259000  0.11 0.000000 0.036 0.000  1.937 0.000   3.487 0.000  12.284 0.000   4.429 0.000   7.853 0.000 0.050 0.000  0.686 0.000
168.25 169.25 99.999 0.259000   41.51 0.000  4.51 0.000 0.011 0.000000 99.99 0.259000 0.049 0.000  2.481 0.000   4.465 0.000  22.326 0.000   5.769 0.000  16.555 0.000 0.067 0.000  2.259 0.000
171.25 172.25 99.999 0.259000   40.66 0.000  2.32 0.000 0.024 0.000000  0.14 0.000000 0.049 0.000  3.442 0.000   6.195 0.000  28.163 0.000   4.754 0.000  23.471 0.000 0.086 0.000  3.452 0.000
174.25 175.25 99.999 0.259000 9999.99 0.456 99.99 0.456 9.999 0.456000 99.99 0.456000 0.035 0.000  3.355 0.000   6.039 0.000  48.908 0.000 999.999 0.456 999.999 0.456 9.999 0.456  7.510 0.000
177.25 178.25 99.999 0.259000   25.63 0.000  1.68 0.000 9.999 0.259000  0.13 0.000000 0.039 0.000  2.452 0.000   4.414 0.000 999.999 0.456   5.635 0.000  19.020 0.000 0.070 0.000  2.994 0.000
180.25 181.25 99.999 0.259000   40.47 0.000  1.49 0.000 9.999 0.259000  0.14 0.000000 0.022 0.000  2.397 0.000   4.314 0.000  26.870 0.000   3.893 0.000  22.973 0.000 0.048 0.000  3.419 0.000
183.25 184.25 99.999 0.259000   20.95 0.000  1.46 0.000 9.999 0.259000 99.99 0.259000 0.025 0.000  3.069 0.000   5.525 0.000  21.879 0.000   6.065 0.000  15.810 0.000 0.087 0.000  1.738 0.000
186.25 187.25 99.999 0.259000  126.83 0.000  1.15 0.000 9.999 0.259000 99.99 0.259000 0.051 0.000  1.115 0.000   2.008 0.000  11.759 0.000   4.848 0.000   6.909 0.000 0.068 0.000  0.494 0.000
189.25 190.25 99.999 0.259000   47.49 0.000  1.88 0.000 9.999 0.259000 99.99 0.259000 0.029 0.000  2.648 0.000   4.766 0.000  29.115 0.000   2.503 0.000  26.607 0.000 0.070 0.000  4.346 0.000
192.25 193.25 99.999 0.259000  179.56 0.000  1.25 0.000 9.999 0.259000 99.99 0.259000 0.043 0.000  1.986 0.000   3.574 0.000  23.549 0.000   7.101 0.000  16.445 0.000 0.093 0.000  1.952 0.000
195.25 196.25 99.999 0.259000   31.69 0.000  0.71 0.000 9.999 0.259000  0.12 0.000000 0.031 0.000  1.669 0.000   3.004 0.000  14.767 0.000   6.190 0.000   8.575 0.000 0.039 0.000  1.084 0.000
198.25 199.25 99.999 0.259000   43.41 0.000  0.54 0.000 9.999 0.259000  0.17 0.000000 0.033 0.000  1.988 0.000   3.578 0.000  15.302 0.000   6.975 0.000   8.326 0.000 0.042 0.000  0.844 0.000
201.25 202.25 99.999 0.259000   37.54 0.000  0.78 0.000 9.999 0.259000 99.99 0.259000 0.063 0.000  1.996 0.000   3.593 0.000  18.119 0.000   7.146 0.000  10.970 0.000 0.057 0.000  1.276 0.000
204.25 205.25 99.999 0.259000   30.21 0.000  4.10 0.000 9.999 0.259000 99.99 0.259000 0.018 0.000  2.713 0.000   4.883 0.000  26.212 0.000   3.366 0.000  22.841 0.000 0.040 0.000  3.376 0.000
207.25 208.25 99.999 0.259000   58.79 0.000  1.66 0.000 9.999 0.259000  0.13 0.000000 0.024 0.000  4.413 0.000   7.944 0.000 999.999 0.456   4.879 0.000  29.035 0.000 0.091 0.000  4.341 0.000
210.25 211.25 99.999 0.259000   52.11 0.000  1.84 0.000 9.999 0.259000 99.99 0.259000 0.041 0.000  2.523 0.000   4.542 0.000 999.999 0.456   4.879 0.000  25.461 0.000 0.053 0.000  4.511 0.000
213.25 214.25 99.999 0.259000   57.68 0.000  0.79 0.000 9.999 0.259000  0.16 0.000000 0.034 0.000  1.667 0.000   3.000 0.000 999.999 0.456   4.879 0.000  17.663 0.000 0.042 0.000  3.080 0.000
216.25 217.25 99.999 0.259000   79.73 0.699  2.44 0.699 9.999 0.699259  0.23 0.699000 0.031 0.000  4.434 0.000   7.982 0.000  47.150 0.659   1.431 0.699  45.700 0.659 0.053 0.699  8.201 0.000
219.25 220.25 99.999 0.259000   30.20 0.000  2.20 0.000 9.999 0.259000 99.99 0.259000 0.025 0.000  1.401 0.000   2.522 0.000  12.519 0.000   2.172 0.000  10.345 0.000 0.024 0.000  1.668 0.000
222.25 223.25 99.999 0.259000   24.43 0.000  1.29 0.000 9.999 0.259000  0.15 0.000000 0.019 0.000  1.613 0.000   2.904 0.000  20.475 0.000   1.219 0.000  19.251 0.000 0.031 0.000  3.459 0.000
225.25 226.25 99.999 0.259000  512.45 0.000  1.39 0.000 0.050 0.000000  0.20 0.000000 0.060 0.000  2.551 0.000   4.593 0.000  29.383 0.000   9.795 0.000  19.582 0.000 0.242 0.000  1.495 0.000
228.25 229.25 99.999 0.259000   33.41 0.000  0.71 0.000 9.999 0.259000  0.14 0.000000 0.022 0.000  1.971 0.000   3.548 0.000  13.465 0.000   5.764 0.000   7.699 0.000 0.048 0.000  0.751 0.000
231.25 232.25 99.999 0.259000  107.41 0.000  0.91 0.000 9.999 0.259000  0.39 0.000000 0.026 0.000  2.982 0.000   5.367 0.000  21.851 0.000   4.024 0.000  17.823 0.000 0.110 0.000  2.236 0.000
234.25 235.25 99.999 0.259000   25.61 0.000  1.04 0.000 9.999 0.259000 99.99 0.259000 0.025 0.000  2.064 0.000   3.715 0.000  15.238 0.000   5.411 0.000   9.849 0.000 0.047 0.000  1.179 0.000
237.25 238.25 99.999 0.259000   43.05 0.000  2.47 0.000 9.999 0.259000  0.31 0.000000 0.040 0.000  2.860 0.000   5.147 0.000  30.663 0.000   3.408 0.000  27.249 0.000 0.044 0.000  4.549 0.000
240.25 241.25 99.999 0.259000   33.60 0.000  0.93 0.000 9.999 0.259000  0.32 0.000000 0.038 0.000  1.318 0.000   2.373 0.000  13.460 0.000   3.602 0.000   9.864 0.000 0.034 0.000  1.478 0.000
243.25 244.25 99.999 0.999000 9999.99 0.999 99.99 0.999 9.999 0.999000 99.99 0.999000 9.999 0.999 99.999 0.999 999.999 0.999 999.999 0.999 999.999 0.999 999.999 0.999 9.999 0.999 99.999 0.999
246.25 247.25 99.999 0.259000   45.06 0.000  3.28 0.000 9.999 0.259000 99.99 0.259000 0.026 0.000  2.213 0.000   3.984 0.000  16.955 0.000   5.488 0.000  11.465 0.000 0.044 0.000  1.373 0.000
