scripts/IMPROVE-2019_partial/data/US9051U.20110103050000.20191216000000.filterpack...1y.3d.US03L_filterpack_US9051.US03L_IMPROVE_Davis.lev2.nas
52 1001
MISSING INFORMATION
US03L, IMPROVE, , , , , , , 
MISSING INFORMATION
IMPROVE sel_HTAP
1 1
2011 01 01 2019 12 16
3.000000
days from file reference point
5
1 1 1 1 1
999.999999 999.999 9.999 999.999 9.999
end_time of measurement, days from the file reference point
pm10_mass, ug/m3, Matrix=pm10
numflag pm10_mass, no unit, Matrix=pm10
pm25_mass, ug/m3, Matrix=pm25
numflag pm25_mass, no unit, Matrix=pm25
0
33
Data definition:              EBAS_1.1
Set type code:                TU
Timezone:                     UTC
File name:                    US9051U.20110103050000.20191216000000.filterpack...1y.3d.US03L_filterpack_US9051.US03L_IMPROVE_Davis.lev2.nas
File creation:                20191218120857
Startdate:                    20110103050000
Revision date:                20191216000000
Version:                      2
Version description:          "Data extracted from http://views.cira.colostate.edu/fed/DataWizard 2019-12-16"
Statistics:                   arithmetic mean
Data level:                   2
Period code:                  1y
Resolution code:              3d
Sample duration:              1d
Orig. time res.:              3d
Station code:                 US9051U
Platform code:                US9051S
Station name:                 Washington D.C.
Station latitude:             38.8762
Station longitude:            -77.0344
Station altitude:             15.0 m
Regime:                       IMG
Component:                    
Unit:                         ug/m3
Matrix:                       
Laboratory code:              US03L
Instrument type:              filterpack
Instrument name:              filterpack_US9051
Method ref:                   US03L_IMPROVE_Davis
Blank correction:             Blank corrected
Volume std. temperature:      ambient
Volume std. pressure:         ambient
starttime endtime PM10 flag_PM10 PM2.5 flag_PM2.5
  2.208333   3.208333  13.054 0.000   7.026 0.000
  5.208333   6.208333  24.630 0.000  14.517 0.000
  8.208333   9.208333   9.839 0.000   6.358 0.000
 11.208333  12.208333  13.957 0.000   7.302 0.000
 14.208333  15.208333  15.361 0.000  10.749 0.000
 17.208333  18.208333  18.634 0.000  16.025 0.000
 20.208333  21.208333  14.085 0.000   7.484 0.000
 23.208333  24.208333  12.316 0.000   8.289 0.000
 26.208333  27.208333 999.999 0.999 999.999 0.999
 29.208333  30.208333 999.999 0.999 999.999 0.999
 32.208333  33.208333   8.456 0.000   5.946 0.000
 35.208333  36.208333   8.416 0.000   7.404 0.000
 38.208333  39.208333  10.462 0.000   6.569 0.000
 41.208333  42.208333  22.311 0.000  13.008 0.000
 44.208333  45.208333  12.115 0.000   5.097 0.000
 47.208333  48.208333  23.753 0.000  12.088 0.000
 50.208333  51.208333   6.867 0.000   3.356 0.000
 53.208333  54.208333  22.177 0.000  10.347 0.000
 56.208333  57.208333   7.861 0.000   5.272 0.000
 59.208333  60.208333  11.073 0.000   6.781 0.000
 62.208333  63.208333 999.999 0.999 999.999 0.999
 65.208333  66.208333 999.999 0.999 999.999 0.999
 68.208333  69.208333   6.594 0.000   2.767 0.000
 71.208333  72.208333  11.334 0.000   8.125 0.000
 74.208333  75.208333  10.097 0.000   7.069 0.000
 77.208333  78.208333  12.570 0.000   5.710 0.000
 80.208333  81.208333  15.372 0.000   9.365 0.000
 83.208333  84.208333  10.308 0.000   6.430 0.000
 86.208333  87.208333  11.006 0.000   5.503 0.000
 89.208333  90.208333 999.999 0.999 999.999 0.999
 92.208333  93.208333 999.999 0.999 999.999 0.999
 95.208333  96.208333   7.934 0.000   4.318 0.000
 98.208333  99.208333 999.999 0.456   7.190 0.000
101.208333 102.208333 999.999 0.456   4.727 0.000
104.208333 105.208333  18.152 0.000   8.221 0.000
107.208333 108.208333  19.097 0.000  10.666 0.000
110.208333 111.208333  16.503 0.000   7.196 0.000
113.208333 114.208333  17.935 0.000  11.221 0.000
116.208333 117.208333 999.999 0.999 999.999 0.999
119.208333 120.208333   7.534 0.000   4.659 0.000
122.208333 123.208333  20.258 0.000  12.709 0.000
125.208333 126.208333  16.500 0.000   8.291 0.000
128.208333 129.208333  18.450 0.000   9.747 0.000
131.208333 132.208333 999.999 0.999 999.999 0.999
134.208333 135.208333 999.999 0.999 999.999 0.999
137.208333 138.208333  19.376 0.000   5.907 0.000
140.208333 141.208333  15.610 0.000   9.781 0.000
143.208333 144.208333  22.257 0.000  15.371 0.000
146.208333 147.208333  24.216 0.000  11.768 0.000
149.208333 150.208333  25.695 0.000  19.475 0.000
152.208333 153.208333  21.975 0.000   7.801 0.000
155.208333 156.208333  20.330 0.000  13.955 0.000
158.208333 159.208333  46.188 0.000  24.051 0.000
161.208333 162.208333  21.678 0.000  17.744 0.000
164.208333 165.208333  14.944 0.000   7.836 0.000
167.208333 168.208333  24.835 0.000   9.881 0.000
170.208333 171.208333  15.831 0.000  12.695 0.000
173.208333 174.208333  19.351 0.000   9.243 0.000
176.208333 177.208333  12.244 0.000   9.239 0.000
179.208333 180.208333  21.279 0.000   9.304 0.000
182.208333 183.208333  20.637 0.000  14.506 0.000
185.208333 186.208333  21.351 0.000  16.476 0.000
188.208333 189.208333  24.500 0.000  15.840 0.000
191.208333 192.208333  21.741 0.000  16.729 0.000
194.208333 195.208333  16.290 0.000   5.518 0.000
197.208333 198.208333  13.016 0.000   7.224 0.000
200.208333 201.208333  30.211 0.000  20.278 0.000
203.208333 204.208333  21.809 0.000  17.132 0.000
206.208333 207.208333  15.126 0.000   9.714 0.000
209.208333 210.208333 999.999 0.999 999.999 0.999
212.208333 213.208333 999.999 0.999 999.999 0.999
215.208333 216.208333  22.843 0.000  12.407 0.000
218.208333 219.208333  14.695 0.000  11.185 0.000
221.208333 222.208333 999.999 0.999 999.999 0.999
224.208333 225.208333 999.999 0.999 999.999 0.999
227.208333 228.208333 999.999 0.999 999.999 0.999
230.208333 231.208333  22.857 0.000 999.999 0.456
233.208333 234.208333  14.670 0.000   7.885 0.000
236.208333 237.208333  16.185 0.000   9.145 0.000
239.208333 240.208333  11.070 0.000   7.821 0.000
242.208333 243.208333  16.884 0.000   8.620 0.000
245.208333 246.208333  15.199 0.000  10.469 0.000
248.208333 249.208333   3.908 0.000   1.877 0.000
251.208333 252.208333 999.999 0.999 999.999 0.999
254.208333 255.208333 999.999 0.999 999.999 0.999
257.208333 258.208333  20.529 0.000   8.856 0.000
260.208333 261.208333 999.999 0.999 999.999 0.999
263.208333 264.208333 999.999 0.999 999.999 0.999
266.208333 267.208333  10.620 0.000   6.246 0.000
269.208333 270.208333   9.988 0.000   5.894 0.000
272.208333 273.208333  16.462 0.000   7.624 0.000
275.208333 276.208333 999.999 0.999 999.999 0.999
278.208333 279.208333  15.081 0.000   5.547 0.000
281.208333 282.208333  20.056 0.000  11.883 0.000
284.208333 285.208333  12.310 0.000   5.762 0.000
287.208333 288.208333   8.306 0.000   3.911 0.000
290.208333 291.208333  18.435 0.000  10.060 0.000
293.208333 294.208333   7.662 0.000   3.309 0.000
296.208333 297.208333  17.077 0.000  11.622 0.000
299.208333 300.208333  17.130 0.000  11.826 0.000
302.208333 303.208333   8.209 0.000   5.109 0.000
305.208333 306.208333  18.757 0.000  11.187 0.000
308.208333 309.208333   8.934 0.000   4.372 0.000
311.208333 312.208333  19.531 0.000  11.071 0.000
314.208333 315.208333  10.618 0.000   5.471 0.000
317.208333 318.208333  16.504 0.000   8.787 0.000
320.208333 321.208333   8.315 0.000   3.592 0.000
323.208333 324.208333  16.542 0.000   9.744 0.000
326.208333 327.208333 999.999 0.999 999.999 0.999
329.208333 330.208333 999.999 0.999 999.999 0.999
332.208333 333.208333   6.199 0.000   2.713 0.000
335.208333 336.208333  20.336 0.000  12.591 0.000
338.208333 339.208333  23.449 0.000  14.108 0.000
341.208333 342.208333  11.260 0.000   6.725 0.000
344.208333 345.208333  11.707 0.000   8.729 0.000
347.208333 348.208333  26.692 0.000  16.904 0.000
350.208333 351.208333  13.391 0.000  10.248 0.000
353.208333 354.208333  10.579 0.000   6.344 0.000
356.208333 357.208333   6.420 0.000   4.756 0.000
359.208333 360.208333   6.832 0.000   5.103 0.000
362.208333 363.208333   9.267 0.000   5.651 0.000
