scripts/IMPROVE-2019_partial/data/US9041R.20040101080000.20191216000000.filterpack..pm25.52w.1w.US03L_filterpack_US9041.US03L_IMPROVE_Davis.lev2.nas
66 1001
MISSING INFORMATION
US03L, IMPROVE, , , , , , , 
MISSING INFORMATION
IMPROVE sel_HTAP
1 1
2004 01 01 2019 12 16
3.000000
days from file reference point
27
1 1 1 1 1 1 1 1 1 1 1 1 1 1 1 1 1 1 1 1 1 1 1 1 1 1 1
999.999999 9999.99 9.999 99.99 9.999 9.999 9.999999 99.99 9.999 99.999 9.999 99.999 9.999 99.999 9.999 999.99 9.999999 999.999 9.999 999.999 9.999 999.999 9.999 9.999 9.999 9.999 9.999
end_time of measurement, days from the file reference point
iron, ng/m3, Revision date=20181210133000
numflag iron, no unit, Revision date=20181210133000
lead, ng/m3, Revision date=20181210133000
numflag lead, no unit, Revision date=20181210133000
magnesium, ug/m3, Revision date=20181210133000
numflag magnesium, no unit, Revision date=20181210133000
nickel, ng/m3, Revision date=20181210133000
numflag nickel, no unit, Revision date=20181210133000
nitrate, ug N/m3, Revision date=20181210133000
numflag nitrate, no unit, Revision date=20181210133000
organic_carbon, ug C/m3, Revision date=20181210133000
numflag organic_carbon, no unit, Revision date=20181210133000
organic_mass, ug/m3, Revision date=20181210133000
numflag organic_mass, no unit, Revision date=20181210133000
phosphorus, ng/m3, Revision date=20181210133000
numflag phosphorus, no unit, Revision date=20181210133000
pm10_mass, ug/m3, Version=2, Version description=Data extracted from http://views.cira.colostate.edu/fed/DataWizard 2019-12-16, Sample duration=1d, Orig. time res.=3d, Matrix=pm10, Blank correction=Blank corrected, Volume std. temperature=ambient, Volume std. pressure=ambient
numflag pm10_mass, no unit, Version=2, Version description=Data extracted from http://views.cira.colostate.edu/fed/DataWizard 2019-12-16, Sample duration=1d, Orig. time res.=3d, Matrix=pm10, Blank correction=Blank corrected, Volume std. temperature=ambient, Volume std. pressure=ambient
pm10_pm25_mass, ug/m3, Revision date=20181210133000, Matrix=pm10_pm25
numflag pm10_pm25_mass, no unit, Revision date=20181210133000, Matrix=pm10_pm25
pm25_mass, ug/m3, Version=2, Version description=Data extracted from http://views.cira.colostate.edu/fed/DataWizard 2019-12-16, Sample duration=1d, Orig. time res.=3d, Blank correction=Blank corrected, Volume std. temperature=ambient, Volume std. pressure=ambient
numflag pm25_mass, no unit, Version=2, Version description=Data extracted from http://views.cira.colostate.edu/fed/DataWizard 2019-12-16, Sample duration=1d, Orig. time res.=3d, Blank correction=Blank corrected, Volume std. temperature=ambient, Volume std. pressure=ambient
potassium, ug/m3, Revision date=20181210133000
numflag potassium, no unit, Revision date=20181210133000
sulphate_total, ug S/m3, Revision date=20181210133000
numflag sulphate_total, no unit, Revision date=20181210133000
0
25
Data definition:              EBAS_1.1
Set type code:                TU
Timezone:                     UTC
File name:                    US9041R.20040101080000.20191216000000.filterpack..pm25.52w.1w.US03L_filterpack_US9041.US03L_IMPROVE_Davis.lev2.nas
File creation:                20191218120807
Startdate:                    20040101080000
Revision date:                20191216000000
Statistics:                   arithmetic mean
Data level:                   2
Period code:                  52w
Resolution code:              1w
Station code:                 US9041R
Platform code:                US9041S
Station name:                 San Gabriel
Station latitude:             34.2969
Station longitude:            -118.0282
Station altitude:             1791.0 m
Regime:                       IMG
Component:                    
Matrix:                       pm25
Laboratory code:              US03L
Instrument type:              filterpack
Instrument name:              filterpack_US9041
Method ref:                   US03L_IMPROVE_Davis
starttime endtime Fe flag_Fe Pb flag_Pb Mg++ flag_Mg++ Ni flag_Ni NO3- flag_NO3- OC flag_OC OM flag_OM P flag_P PM10 flag_PM10 PM10-PM2.5 flag_PM10-PM2.5 PM2.5 flag_PM2.5 K+ flag_K+ SO4-- flag_SO4--
  0.333333   1.333333   13.79 0.000  0.91 0.000 0.017 0.000000  0.14 0.000  0.185 0.000  0.432 0.000  0.604 0.000 999.99 0.259000   6.445 0.000   4.588 0.000   1.858 0.000 0.015 0.000 0.121 0.000
  3.333333   4.333333    7.27 0.000  0.51 0.000 9.999 0.259000  0.11 0.000  0.032 0.000  0.184 0.000  0.258 0.000 999.99 0.259000   2.329 0.000   1.619 0.000   0.710 0.000 0.008 0.000 0.055 0.000
  6.333333   7.333333   38.95 0.000  1.67 0.000 9.999 0.259000 99.99 0.259  0.232 0.000  0.464 0.000  0.649 0.000 999.99 0.259000   5.332 0.000   3.123 0.000   2.210 0.000 0.013 0.000 0.087 0.000
  9.333333  10.333333   32.71 0.000  0.75 0.000 0.027 0.000000 99.99 0.259  0.016 0.559  0.334 0.000  0.467 0.000 999.99 0.259000   3.535 0.000   2.044 0.000   1.490 0.000 0.025 0.000 0.052 0.559
 12.333333  13.333333   29.67 0.000  0.99 0.000 0.021 0.000000 99.99 0.259  0.133 0.000  0.462 0.000  0.647 0.000 999.99 0.259000   5.580 0.000   3.371 0.000   2.210 0.000 0.027 0.000 0.129 0.000
 15.333333  16.333333   22.03 0.000  0.71 0.000 9.999 0.259000  0.11 0.000  0.158 0.000  0.524 0.000  0.733 0.000 999.99 0.259000   4.016 0.000   1.826 0.000   2.190 0.000 0.017 0.000 0.124 0.000
 18.333333  19.333333   65.80 0.699  2.61 0.699 9.999 0.699259  0.30 0.699  2.395 0.000  2.309 0.000  3.233 0.000 999.99 0.699259  23.134 0.000   6.053 0.000  17.081 0.699 0.027 0.699 0.403 0.000
 21.333333  22.333333    4.82 0.000  0.15 0.000 9.999 0.259000 99.99 0.259  0.009 0.559  0.159 0.000  0.223 0.000 999.99 0.259000   2.381 0.000   1.414 0.000   0.967 0.000 0.007 0.000 0.127 0.559
 24.333333  25.333333    7.73 0.000  0.82 0.000 9.999 0.259000  0.20 0.000  0.325 0.000  0.730 0.000  1.021 0.000 999.99 0.259000   3.925 0.000   1.625 0.000   2.300 0.000 0.010 0.000 0.140 0.000
 27.333333  28.333333    6.16 0.000  0.47 0.000 9.999 0.259000  0.16 0.000  0.059 0.000  0.204 0.000  0.286 0.000 999.99 0.259000   1.758 0.000   0.892 0.000   0.866 0.000 0.011 0.000 0.070 0.000
 30.333333  31.333333    9.88 0.000  0.53 0.000 9.999 0.259000  0.08 0.000  0.545 0.000  0.542 0.000  0.758 0.000 999.99 0.259000   5.146 0.000   1.500 0.000   3.646 0.000 0.014 0.000 0.178 0.000
 33.333333  34.333333    3.14 0.000  0.27 0.000 9.999 0.259000  0.06 0.000  0.071 0.000  0.163 0.000  0.229 0.000 999.99 0.259000   1.199 0.000   0.523 0.000   0.676 0.000 0.006 0.000 0.029 0.000
 36.333333  37.333333    4.98 0.000  0.35 0.000 9.999 0.259000 99.99 0.259  0.011 0.000  0.121 0.000  0.170 0.000 999.99 0.259000   1.027 0.000   0.610 0.000   0.417 0.000 0.005 0.000 0.036 0.000
 39.333333  40.333333    8.67 0.000  0.54 0.000 9.999 0.259000 99.99 0.259  0.030 0.000  0.146 0.000  0.205 0.000 999.99 0.259000   2.439 0.000   1.695 0.000   0.744 0.000 0.008 0.000 0.062 0.000
 42.333333  43.333333   11.37 0.000  0.37 0.000 0.020 0.000000 99.99 0.259  0.073 0.000  0.167 0.000  0.234 0.000 999.99 0.259000   2.038 0.000   1.300 0.000   0.738 0.000 0.007 0.000 0.057 0.000
 45.333333  46.333333   30.72 0.000  1.43 0.000 0.029 0.000000  0.11 0.000  0.339 0.000  0.593 0.000  0.831 0.000 999.99 0.259000   4.491 0.000   2.134 0.000   2.357 0.000 0.021 0.000 0.084 0.000
 48.333333  49.333333   28.39 0.000  0.86 0.000 0.016 0.000000  0.15 0.000  0.609 0.000  0.678 0.000  0.950 0.000 999.99 0.259000   6.693 0.000   2.789 0.000   3.904 0.000 0.016 0.000 0.089 0.000
 51.333333  52.333333 9999.99 0.999 99.99 0.999 9.999 0.999000 99.99 0.999 99.999 0.999 99.999 0.999 99.999 0.999 999.99 0.999000 999.999 0.999 999.999 0.999 999.999 0.999 9.999 0.999 9.999 0.999
 54.333333  55.333333 9999.99 0.999 99.99 0.999 9.999 0.999000 99.99 0.999 99.999 0.999 99.999 0.999 99.999 0.999 999.99 0.999000 999.999 0.999 999.999 0.999 999.999 0.999 9.999 0.999 9.999 0.999
 57.333333  58.333333 9999.99 0.999 99.99 0.999 9.999 0.999000 99.99 0.999 99.999 0.999 99.999 0.999 99.999 0.999 999.99 0.999000 999.999 0.999 999.999 0.999 999.999 0.999 9.999 0.999 9.999 0.999
 60.333333  61.333333 9999.99 0.999 99.99 0.999 9.999 0.999000 99.99 0.999 99.999 0.999 99.999 0.999 99.999 0.999 999.99 0.999000 999.999 0.999 999.999 0.999 999.999 0.999 9.999 0.999 9.999 0.999
 63.333333  64.333333   45.81 0.000  1.16 0.000 9.999 0.259000  0.20 0.000  0.593 0.000  0.759 0.000  1.062 0.000 999.99 0.259000   6.821 0.000   2.832 0.000   3.989 0.000 0.032 0.000 0.281 0.000
 66.333333  67.333333  101.39 0.000  1.54 0.000 0.070 0.000000  0.08 0.000  0.033 0.000  0.298 0.000  0.418 0.000 999.99 0.259000   6.699 0.000   4.062 0.000   2.637 0.000 0.063 0.000 0.140 0.000
 69.333333  70.333333 9999.99 0.999 99.99 0.999 9.999 0.999000 99.99 0.999 99.999 0.999 99.999 0.999 99.999 0.999 999.99 0.999000 999.999 0.999 999.999 0.999 999.999 0.999 9.999 0.999 9.999 0.999
 72.333333  73.333333   33.47 0.000  0.78 0.000 9.999 0.259000 99.99 0.259  0.089 0.000  0.520 0.000  0.728 0.000 999.99 0.259000   5.229 0.000   3.122 0.000   2.107 0.000 0.025 0.000 0.131 0.000
 75.333333  76.333333   93.02 0.000  1.62 0.000 9.999 0.259000 99.99 0.259  0.073 0.000  0.380 0.000  0.532 0.000 999.99 0.259000   7.557 0.000   4.468 0.000   3.090 0.000 0.057 0.000 0.182 0.000
 78.333333  79.333333   50.08 0.000  1.65 0.000 0.044 0.000000  0.09 0.000  0.059 0.000  0.541 0.000  0.757 0.000 999.99 0.259000   6.046 0.000   2.854 0.000   3.192 0.000 0.032 0.000 0.309 0.000
 81.333333  82.333333   42.27 0.000  1.68 0.000 9.999 0.259000 99.99 0.259  0.069 0.000  0.790 0.000  1.106 0.000 999.99 0.259000   7.351 0.000   4.056 0.000   3.294 0.000 0.025 0.000 0.313 0.000
 84.333333  85.333333  102.33 0.000  2.14 0.000 0.047 0.000000  0.49 0.000  0.823 0.000  1.443 0.000  2.020 0.000 999.99 0.259000  17.774 0.000   7.892 0.000   9.883 0.000 0.068 0.000 0.667 0.000
 87.333333  88.333333   73.68 0.000  1.64 0.000 9.999 0.259000 99.99 0.259  0.044 0.000  0.465 0.000  0.651 0.000 999.99 0.259000   8.835 0.000   5.837 0.000   2.997 0.000 0.046 0.000 0.168 0.000
 90.333333  91.333333   83.77 0.000  2.17 0.000 0.082 0.000000  0.26 0.000  0.188 0.000  0.634 0.000  0.888 0.000 999.99 0.259000  10.623 0.000   6.468 0.000   4.155 0.000 0.053 0.000 0.301 0.000
 93.333333  94.333333   32.04 0.000  1.17 0.000 0.069 0.000000  0.17 0.000  0.390 0.000  0.787 0.000  1.102 0.000 999.99 0.259000   6.944 0.000   2.641 0.000   4.303 0.000 0.030 0.000 0.252 0.000
 96.333333  97.333333   65.42 0.000  1.68 0.000 0.049 0.000000  0.23 0.000  0.404 0.000  1.052 0.000  1.473 0.000 999.99 0.259000  11.477 0.000   5.360 0.000   6.117 0.000 0.044 0.000 0.501 0.000
 99.333333 100.333333   82.78 0.000  1.68 0.000 0.046 0.000000  0.21 0.000  0.356 0.000  1.756 0.000  2.458 0.000 999.99 0.259000  13.390 0.000   6.150 0.000   7.240 0.000 0.055 0.000 0.558 0.000
102.333333 103.333333   96.95 0.000  3.34 0.000 9.999 0.259000  0.11 0.000  0.276 0.000  1.431 0.000  2.004 0.000 999.99 0.259000  12.309 0.000   5.661 0.000   6.648 0.000 0.061 0.000 0.580 0.000
105.333333 106.333333  107.34 0.000  3.20 0.000 9.999 0.259000  0.67 0.000  0.789 0.000  2.021 0.000  2.830 0.000 999.99 0.259000  19.108 0.000   9.858 0.000   9.249 0.000 0.066 0.000 0.724 0.000
108.333333 109.333333   14.43 0.000  0.89 0.000 9.999 0.259000  0.22 0.000  0.305 0.000  0.641 0.000  0.898 0.000  16.09 0.000000   5.167 0.000   1.987 0.000   3.180 0.000 0.012 0.000 0.247 0.000
111.333333 112.333333   80.08 0.000  2.95 0.000 9.999 0.259000  0.36 0.000  0.477 0.000  1.281 0.000  1.794 0.000 999.99 0.259000  11.629 0.000   5.305 0.000   6.324 0.000 0.060 0.000 0.674 0.000
114.333333 115.333333   53.01 0.000  1.83 0.000 9.999 0.259000  0.10 0.000  0.151 0.559  0.994 0.000  1.391 0.000 999.99 0.259000   8.864 0.000   5.539 0.000   3.325 0.000 0.028 0.000 0.186 0.559
117.333333 118.333333  158.58 0.000  6.64 0.000 9.999 0.259000 99.99 0.259  0.081 0.559  1.083 0.000  1.516 0.000 999.99 0.259000  15.196 0.000   7.599 0.000   7.597 0.000 0.113 0.000 0.728 0.559
120.333333 121.333333  212.17 0.000  1.20 0.000 0.216 0.000000 99.99 0.259  0.096 0.000  0.555 0.000  0.777 0.000 999.99 0.259000  20.261 0.000  13.198 0.000   7.063 0.000 0.145 0.000 0.206 0.000
123.333333 124.333333  135.44 0.000  1.81 0.000 9.999 0.259000 99.99 0.259  0.079 0.559  1.260 0.000  1.764 0.000 999.99 0.259000  14.951 0.000   8.600 0.000   6.351 0.000 0.081 0.000 0.350 0.559
126.333333 127.333333  123.54 0.000  1.81 0.000 9.999 0.259000  0.24 0.000  0.100 0.000  0.560 0.000  0.784 0.000 999.99 0.259000  11.533 0.000   6.132 0.000   5.401 0.000 0.076 0.000 0.387 0.000
129.333333 130.333333  181.97 0.000  2.92 0.000 9.999 0.259000  0.42 0.000  0.339 0.000  2.144 0.000  3.002 0.000 999.99 0.259000  19.635 0.000  10.116 0.000   9.519 0.000 0.106 0.000 0.498 0.000
132.333333 133.333333   82.25 0.000  1.24 0.000 9.999 0.259000  0.20 0.000  0.347 0.000  1.098 0.000  1.537 0.000 999.99 0.259000  18.505 0.000  12.937 0.000   5.567 0.000 0.061 0.000 0.331 0.000
135.333333 136.333333   91.26 0.000  2.58 0.000 9.999 0.259000  0.55 0.000  0.564 0.000  2.502 0.000  3.503 0.000 999.99 0.259000  20.206 0.000  10.966 0.000   9.239 0.000 0.070 0.000 0.541 0.000
138.333333 139.333333   94.07 0.000  2.58 0.000 0.081 0.000000  0.93 0.000  0.688 0.000  1.738 0.000  2.433 0.000 999.99 0.259000  20.708 0.000  10.262 0.000  10.446 0.000 0.067 0.000 0.950 0.000
141.333333 142.333333   68.43 0.000  1.91 0.000 9.999 0.259000  0.71 0.000  0.692 0.000  1.359 0.000  1.902 0.000 999.99 0.259000  18.796 0.000   8.913 0.000   9.883 0.000 0.051 0.000 0.992 0.000
144.333333 145.333333   46.45 0.000  1.86 0.000 0.043 0.000000  0.30 0.000  0.292 0.000  1.206 0.000  1.688 0.000 999.99 0.259000  10.562 0.000   4.741 0.000   5.822 0.000 0.033 0.000 0.601 0.000
147.333333 148.333333   69.39 0.000  1.55 0.000 9.999 0.259000  0.40 0.000  0.292 0.000  1.195 0.000  1.673 0.000 999.99 0.259000  13.685 0.000   7.630 0.000   6.054 0.000 0.044 0.000 0.591 0.000
150.333333 151.333333   56.79 0.000  1.12 0.000 9.999 0.259000  0.09 0.000  0.057 0.000  0.683 0.000  0.956 0.000 999.99 0.259000   7.353 0.000   4.148 0.000   3.205 0.000 0.039 0.000 0.265 0.000
153.333333 154.333333   63.78 0.000  5.87 0.000 9.999 0.259000  0.38 0.000  0.171 0.000  1.512 0.000  2.116 0.000 999.99 0.259000  14.012 0.000   8.026 0.000   5.987 0.000 0.039 0.000 0.491 0.000
156.333333 157.333333   59.77 0.000  1.49 0.000 9.999 0.259000  0.53 0.000  0.216 0.000  1.888 0.000  2.643 0.000 999.99 0.259000  13.478 0.000   6.087 0.000   7.391 0.000 0.044 0.000 0.770 0.000
159.333333 160.333333   44.30 0.000  1.07 0.000 9.999 0.259000  0.62 0.000  0.775 0.000  1.633 0.000  2.286 0.000 999.99 0.259000  19.015 0.000   9.945 0.000   9.070 0.000 0.072 0.000 0.935 0.000
162.333333 163.333333   82.55 0.000  2.70 0.000 9.999 0.259000  0.50 0.000  0.645 0.000  2.356 0.000  3.298 0.000 999.99 0.259000  21.902 0.000  13.177 0.000   8.725 0.000 0.051 0.000 0.593 0.000
165.333333 166.333333   89.23 0.000  2.42 0.000 9.999 0.259000  0.54 0.000  0.351 0.559  2.162 0.000  3.027 0.000 999.99 0.259000  17.443 0.000   8.489 0.000   8.954 0.000 0.073 0.000 0.795 0.559
168.333333 169.333333   61.53 0.000  1.92 0.000 9.999 0.259000  0.22 0.000  0.179 0.000  1.219 0.000  1.707 0.000 999.99 0.259000  10.684 0.000   4.744 0.000   5.940 0.000 0.046 0.000 0.584 0.000
171.333333 172.333333   55.44 0.000  2.01 0.000 9.999 0.259000  0.45 0.000  0.191 0.000  1.779 0.000  2.490 0.000 999.99 0.259000  13.149 0.000   5.374 0.000   7.775 0.000 0.035 0.000 0.911 0.000
174.333333 175.333333   63.69 0.000  1.17 0.000 9.999 0.259000  0.16 0.000  0.128 0.000  1.063 0.000  1.488 0.000 999.99 0.259000  11.739 0.000   6.351 0.000   5.388 0.000 0.213 0.000 0.535 0.000
177.333333 178.333333   67.29 0.000  1.49 0.000 9.999 0.259000  0.19 0.000  0.118 0.000  1.619 0.000  2.267 0.000 999.99 0.259000  15.533 0.000   9.482 0.000   6.050 0.000 0.048 0.000 0.559 0.000
180.333333 181.333333   37.79 0.000  1.05 0.000 9.999 0.259000  0.21 0.000  0.168 0.000  0.978 0.000  1.369 0.000 999.99 0.259000   7.355 0.000   3.868 0.000   3.487 0.000 0.030 0.000 0.284 0.000
183.333333 184.333333   42.86 0.000  1.75 0.000 9.999 0.259000  0.27 0.000  0.223 0.000  2.988 0.000  4.183 0.000 999.99 0.259000  12.048 0.000   4.206 0.000   7.842 0.000 0.175 0.000 0.446 0.000
186.333333 187.333333   37.88 0.000  2.72 0.000 0.044 0.000000 99.99 0.259  0.123 0.559  0.901 0.000  1.262 0.000 999.99 0.259000   9.681 0.000   4.346 0.000   5.335 0.000 0.352 0.000 0.549 0.559
189.333333 190.333333   39.86 0.000  1.39 0.000 9.999 0.259000  0.30 0.000  0.076 0.000  0.531 0.000  0.744 0.000 999.99 0.259000   5.515 0.000   2.654 0.000   2.861 0.000 0.023 0.000 0.309 0.000
192.333333 193.333333   23.57 0.000  0.67 0.000 9.999 0.259000  0.20 0.000  0.053 0.000  0.572 0.000  0.800 0.000 999.99 0.259000   5.106 0.000   2.752 0.000   2.355 0.000 0.020 0.000 0.251 0.000
195.333333 196.333333   37.05 0.000  0.80 0.000 9.999 0.259000  0.23 0.000  0.060 0.000  0.810 0.000  1.134 0.000 999.99 0.259000   5.424 0.000   2.444 0.000   2.980 0.000 0.044 0.000 0.241 0.000
198.333333 199.333333   54.23 0.000  1.60 0.000 9.999 0.259000  0.79 0.000  0.110 0.000  1.642 0.000  2.299 0.000 999.99 0.259000  10.437 0.000   4.858 0.000   5.579 0.000 0.040 0.000 0.468 0.000
201.333333 202.333333   44.79 0.000  1.10 0.000 9.999 0.259000  0.40 0.000  0.088 0.000  1.671 0.000  2.339 0.000 999.99 0.259000  10.857 0.000   6.489 0.000   4.367 0.000 0.030 0.000 0.329 0.000
204.333333 205.333333   61.40 0.000  1.36 0.000 9.999 0.259000  0.30 0.000  0.070 0.000  1.383 0.000  1.936 0.000 999.99 0.259000  11.969 0.000   6.671 0.000   5.298 0.000 0.029 0.000 0.472 0.000
207.333333 208.333333   26.74 0.000  0.70 0.000 9.999 0.259000 99.99 0.259  0.039 0.000  0.621 0.000  0.869 0.000 999.99 0.259000   4.630 0.000   2.007 0.000   2.623 0.000 0.014 0.000 0.263 0.000
210.333333 211.333333 9999.99 0.999 99.99 0.999 9.999 0.999000 99.99 0.999 99.999 0.999 99.999 0.999 99.999 0.999 999.99 0.999000 999.999 0.999 999.999 0.999 999.999 0.999 9.999 0.999 9.999 0.999
213.333333 214.333333   22.59 0.000  0.88 0.000 9.999 0.259000  0.38 0.000  0.048 0.000  0.214 0.000  0.299 0.000 999.99 0.259000   5.188 0.000   1.895 0.000   3.293 0.000 0.015 0.000 0.386 0.000
216.333333 217.333333   26.44 0.000  0.90 0.000 9.999 0.259000  0.19 0.000  0.049 0.559 99.999 0.999 99.999 0.999 999.99 0.259000   3.840 0.000   1.754 0.000   2.086 0.000 0.016 0.000 0.192 0.559
219.333333 220.333333   40.36 0.000  1.04 0.000 9.999 0.259000  0.39 0.000  0.123 0.000 99.999 0.999 99.999 0.999 999.99 0.259000   7.513 0.000   3.549 0.000   3.964 0.000 0.022 0.000 0.392 0.000
222.333333 223.333333   27.15 0.000  0.67 0.000 9.999 0.259000  0.17 0.000  0.050 0.000  0.701 0.000  0.981 0.000 999.99 0.259000   5.433 0.000   2.393 0.000   3.040 0.000 0.018 0.000 0.289 0.000
225.333333 226.333333   76.11 0.000  1.20 0.000 9.999 0.259000  0.42 0.000  0.097 0.559  1.272 0.000  1.781 0.000 999.99 0.259000  14.341 0.000   8.145 0.000   6.196 0.000 0.040 0.000 0.659 0.559
228.333333 229.333333   36.45 0.000  1.44 0.000 9.999 0.259000  0.36 0.000  0.086 0.000  0.779 0.000  1.090 0.000 999.99 0.259000  10.108 0.000   5.152 0.000   4.956 0.000 0.027 0.000 0.663 0.000
231.333333 232.333333   23.69 0.000  0.43 0.000 0.061 0.000000  0.24 0.000  0.061 0.559  0.482 0.000  0.675 0.000 999.99 0.259000   5.392 0.000   2.608 0.000   2.784 0.000 0.015 0.000 0.367 0.559
234.333333 235.333333   26.65 0.000  1.21 0.000 9.999 0.259000  0.39 0.000  0.115 0.559  0.818 0.000  1.145 0.000 999.99 0.259000   5.719 0.000   2.202 0.000   3.517 0.000 0.011 0.000 0.462 0.559
237.333333 238.333333   74.04 0.000  2.14 0.000 9.999 0.259000  1.14 0.000  0.683 0.000  2.301 0.000  3.221 0.000 999.99 0.259000  15.697 0.000   7.739 0.000   7.958 0.000 0.025 0.000 0.666 0.000
240.333333 241.333333   57.55 0.000  1.48 0.000 9.999 0.259000  0.16 0.000  0.077 0.559  0.926 0.000  1.296 0.000 999.99 0.259000  13.682 0.000   8.049 0.000   5.633 0.000 0.033 0.000 0.619 0.559
