scripts/IMPROVE-2019_partial/data/US9036R.20020102070000.20191216000000.filterpack..pm25.52w.1w.US03L_filterpack_US9036.US03L_IMPROVE_Davis.lev2.nas
66 1001
MISSING INFORMATION
US03L, IMPROVE, , , , , , , 
MISSING INFORMATION
IMPROVE sel_HTAP
1 1
2002 01 01 2019 12 16
3.000000
days from file reference point
27
1 1 1 1 1 1 1 1 1 1 1 1 1 1 1 1 1 1 1 1 1 1 1 1 1 1 1
999.999999 9999.99 9.999 999.99 9.999 9.999 9.999999 9.99 9.999999 9.999 9.999 999.999 9.999 999.999 9.999 999.99 9.999999 999.999 9.999 999.999 9.999 999.999 9.999 9.999 9.999 9.999 9.999
end_time of measurement, days from the file reference point
iron, ng/m3, Revision date=20181210133000
numflag iron, no unit, Revision date=20181210133000
lead, ng/m3, Revision date=20181210133000
numflag lead, no unit, Revision date=20181210133000
magnesium, ug/m3, Revision date=20181210133000
numflag magnesium, no unit, Revision date=20181210133000
nickel, ng/m3, Revision date=20181210133000
numflag nickel, no unit, Revision date=20181210133000
nitrate, ug N/m3, Revision date=20181210133000
numflag nitrate, no unit, Revision date=20181210133000
organic_carbon, ug C/m3, Revision date=20181210133000
numflag organic_carbon, no unit, Revision date=20181210133000
organic_mass, ug/m3, Revision date=20181210133000
numflag organic_mass, no unit, Revision date=20181210133000
phosphorus, ng/m3, Revision date=20181210133000
numflag phosphorus, no unit, Revision date=20181210133000
pm10_mass, ug/m3, Version=2, Version description=Data extracted from http://views.cira.colostate.edu/fed/DataWizard 2019-12-16, Sample duration=1d, Orig. time res.=3d, Matrix=pm10, Blank correction=Blank corrected, Volume std. temperature=ambient, Volume std. pressure=ambient
numflag pm10_mass, no unit, Version=2, Version description=Data extracted from http://views.cira.colostate.edu/fed/DataWizard 2019-12-16, Sample duration=1d, Orig. time res.=3d, Matrix=pm10, Blank correction=Blank corrected, Volume std. temperature=ambient, Volume std. pressure=ambient
pm10_pm25_mass, ug/m3, Revision date=20181210133000, Matrix=pm10_pm25
numflag pm10_pm25_mass, no unit, Revision date=20181210133000, Matrix=pm10_pm25
pm25_mass, ug/m3, Version=2, Version description=Data extracted from http://views.cira.colostate.edu/fed/DataWizard 2019-12-16, Sample duration=1d, Orig. time res.=3d, Blank correction=Blank corrected, Volume std. temperature=ambient, Volume std. pressure=ambient
numflag pm25_mass, no unit, Version=2, Version description=Data extracted from http://views.cira.colostate.edu/fed/DataWizard 2019-12-16, Sample duration=1d, Orig. time res.=3d, Blank correction=Blank corrected, Volume std. temperature=ambient, Volume std. pressure=ambient
potassium, ug/m3, Revision date=20181210133000
numflag potassium, no unit, Revision date=20181210133000
sulphate_total, ug S/m3, Revision date=20181210133000
numflag sulphate_total, no unit, Revision date=20181210133000
0
25
Data definition:              EBAS_1.1
Set type code:                TU
Timezone:                     UTC
File name:                    US9036R.20020102070000.20191216000000.filterpack..pm25.52w.1w.US03L_filterpack_US9036.US03L_IMPROVE_Davis.lev2.nas
File creation:                20191218120745
Startdate:                    20020102070000
Revision date:                20191216000000
Statistics:                   arithmetic mean
Data level:                   2
Period code:                  52w
Resolution code:              1w
Station code:                 US9036R
Platform code:                US9036S
Station name:                 Tonto NM
Station latitude:             33.6548
Station longitude:            -111.1068
Station altitude:             775.0 m
Regime:                       IMG
Component:                    
Matrix:                       pm25
Laboratory code:              US03L
Instrument type:              filterpack
Instrument name:              filterpack_US9036
Method ref:                   US03L_IMPROVE_Davis
starttime endtime Fe flag_Fe Pb flag_Pb Mg++ flag_Mg++ Ni flag_Ni NO3- flag_NO3- OC flag_OC OM flag_OM P flag_P PM10 flag_PM10 PM10-PM2.5 flag_PM10-PM2.5 PM2.5 flag_PM2.5 K+ flag_K+ SO4-- flag_SO4--
[from data line 81]
244.291667 245.291667   43.68 0.559   1.94 0.559 0.036 0.559000 9.99 0.559259 0.027 0.000   1.208 0.000   1.691 0.000 999.99 0.559259   8.388 0.000   3.322 0.000   5.066 0.559 0.041 0.559 0.499 0.000
247.291667 248.291667  132.93 0.699   3.64 0.699 9.999 0.699259 9.99 0.699259 0.047 0.000   1.268 0.000   1.776 0.000 999.99 0.699259  20.637 0.000  11.527 0.000   9.110 0.699 0.109 0.699 0.815 0.000
250.291667 251.291667   20.53 0.559   6.99 0.559 9.999 0.559259 0.09 0.559000 0.056 0.000   0.932 0.000   1.305 0.000 999.99 0.559259   8.037 0.000   4.172 0.000   3.865 0.559 0.023 0.559 0.430 0.000
253.291667 254.291667   22.50 0.000   1.59 0.000 9.999 0.259000 9.99 0.259000 0.030 0.000   0.528 0.000   0.739 0.000 999.99 0.259000   6.476 0.000   3.750 0.000   2.726 0.000 0.022 0.000 0.274 0.000
256.291667 257.291667   14.43 0.559   0.74 0.559 0.026 0.559000 9.99 0.559259 0.018 0.000   0.638 0.000   0.893 0.000 999.99 0.559259   4.865 0.000   1.898 0.000   2.967 0.559 0.011 0.559 0.340 0.000
259.291667 260.291667  309.83 0.559   2.25 0.559 0.075 0.559000 0.21 0.559000 0.060 0.000   1.110 0.000   1.555 0.000 999.99 0.559259  37.650 0.000  26.470 0.000  11.180 0.559 0.199 0.559 0.540 0.000
262.291667 263.291667   62.40 0.699   1.53 0.699 9.999 0.699259 9.99 0.699259 0.062 0.000   0.750 0.000   1.050 0.000 999.99 0.699259  12.016 0.000   7.151 0.000   4.865 0.699 0.041 0.699 0.231 0.000
265.291667 266.291667   43.92 0.559   4.74 0.559 0.025 0.559000 9.99 0.559259 0.020 0.000   0.710 0.000   0.994 0.000 999.99 0.559259   9.966 0.000   6.293 0.000   3.672 0.559 0.031 0.559 0.243 0.000
268.291667 269.291667  117.77 0.699   6.82 0.699 9.999 0.699259 9.99 0.699259 0.040 0.000   1.624 0.000   2.274 0.000 999.99 0.699259  13.536 0.000   6.240 0.000   7.296 0.699 0.100 0.699 0.419 0.000
271.291667 272.291667   71.59 0.559   2.31 0.559 9.999 0.559259 9.99 0.559259 0.065 0.000   0.403 0.000   0.564 0.000 999.99 0.559259  15.968 0.000  11.469 0.000   4.499 0.559 0.053 0.559 0.402 0.000
274.291667 275.291667  123.52 0.559   0.73 0.559 0.030 0.559000 0.15 0.559000 0.118 0.000   0.716 0.000   1.003 0.000 999.99 0.559259  20.241 0.000  14.124 0.000   6.118 0.559 0.096 0.559 0.334 0.000
277.291667 278.291667   74.26 0.699   3.92 0.699 9.999 0.699259 9.99 0.699259 0.039 0.000   3.066 0.000   4.293 0.000 999.99 0.699259  13.095 0.000   5.310 0.000   7.785 0.699 0.061 0.699 0.224 0.000
280.291667 281.291667   31.70 0.559   3.55 0.559 0.013 0.559000 9.99 0.559259 0.020 0.000   0.714 0.000   1.000 0.000 999.99 0.559259   6.619 0.000   3.933 0.000   2.686 0.559 0.024 0.559 0.187 0.000
283.291667 284.291667   65.88 0.699   6.69 0.699 9.999 0.699259 9.99 0.699259 0.026 0.000   1.114 0.000   1.560 0.000 999.99 0.699259   9.667 0.000   4.728 0.000   4.939 0.699 0.046 0.699 0.307 0.000
286.291667 287.291667   53.08 0.559   5.76 0.559 9.999 0.559259 9.99 0.559259 0.023 0.000   1.072 0.000   1.501 0.000 999.99 0.559259  11.403 0.000   6.326 0.000   5.077 0.559 0.041 0.559 0.469 0.000
289.291667 290.291667   72.86 0.559   0.47 0.559 0.025 0.559000 0.23 0.559000 0.073 0.000   0.288 0.000   0.404 0.000 999.99 0.559259   8.444 0.000   4.441 0.000   4.003 0.559 0.060 0.559 0.300 0.000
292.291667 293.291667  106.44 0.699   7.88 0.699 9.999 0.699259 0.06 0.699000 0.070 0.000   0.638 0.000   0.894 0.000 999.99 0.699259  10.907 0.000   4.604 0.000   6.303 0.699 0.071 0.699 0.523 0.000
295.291667 296.291667   60.17 0.559   6.21 0.559 0.026 0.559000 0.20 0.559000 0.118 0.000   0.704 0.000   0.985 0.000 999.99 0.559259  13.261 0.000   7.329 0.000   5.932 0.559 0.050 0.559 0.580 0.000
298.291667 299.291667   34.86 0.559   4.29 0.559 9.999 0.559259 0.08 0.559000 0.052 0.000   0.503 0.000   0.704 0.000 999.99 0.559259   7.062 0.000   3.423 0.000   3.639 0.559 0.035 0.559 0.358 0.000
301.291667 302.291667   37.83 0.559   5.86 0.559 9.999 0.559259 0.12 0.559000 0.077 0.000   0.639 0.000   0.895 0.000 999.99 0.559259   8.485 0.000   4.545 0.000   3.939 0.559 0.030 0.559 0.321 0.000
304.291667 305.291667   72.10 0.699   2.84 0.699 9.999 0.699259 0.16 0.699000 0.054 0.000   0.744 0.000   1.042 0.000 999.99 0.699259  10.992 0.000   5.987 0.000   5.005 0.699 0.060 0.699 0.377 0.000
307.291667 308.291667   70.21 0.699   2.21 0.699 9.999 0.699259 0.09 0.699000 0.149 0.000   0.719 0.000   1.007 0.000 999.99 0.699259   9.960 0.000   5.892 0.000   4.069 0.699 0.047 0.699 0.237 0.000
310.291667 311.291667   75.25 0.699   4.62 0.699 9.999 0.699259 9.99 0.699259 0.037 0.000   2.114 0.000   2.960 0.000 999.99 0.699259  11.055 0.000   4.503 0.000   6.552 0.699 0.051 0.699 0.206 0.000
313.291667 314.291667   89.37 0.000   0.72 0.000 9.999 0.259000 9.99 0.259000 0.063 0.000   0.358 0.000   0.501 0.000 999.99 0.259000  16.587 0.000  13.308 0.000   3.279 0.000 0.053 0.000 0.116 0.000
316.291667 317.291667  150.81 0.559   2.16 0.559 9.999 0.559259 0.06 0.559000 0.022 0.000   0.456 0.000   0.638 0.000 999.99 0.559259   5.833 0.000   0.458 0.000   5.375 0.559 0.092 0.559 0.158 0.000
319.291667 320.291667   21.34 0.000   1.37 0.000 9.999 0.259000 0.05 0.000000 0.017 0.000   0.479 0.000   0.671 0.000 999.99 0.259000   5.317 0.000   3.109 0.000   2.208 0.000 0.022 0.000 0.204 0.000
322.291667 323.291667   57.24 0.699   0.95 0.699 9.999 0.699259 9.99 0.699259 0.022 0.000   1.581 0.000   2.213 0.000 999.99 0.699259   9.343 0.000   4.549 0.000   4.794 0.699 0.036 0.699 0.182 0.000
325.291667 326.291667   63.01 0.699   3.97 0.699 0.018 0.699000 9.99 0.699259 0.021 0.000   2.864 0.000   4.010 0.000 999.99 0.699259  10.437 0.000   3.277 0.000   7.159 0.699 0.053 0.699 0.154 0.000
328.291667 329.291667   63.93 0.559   5.78 0.559 9.999 0.559259 9.99 0.559259 0.031 0.000   1.118 0.000   1.565 0.000 999.99 0.559259   9.167 0.000   4.980 0.000   4.187 0.559 0.053 0.559 0.206 0.000
331.291667 332.291667   40.97 0.559   1.41 0.559 0.014 0.559000 0.10 0.559000 0.035 0.559   0.839 0.000   1.175 0.000 999.99 0.559259  10.040 0.000   4.723 0.000   5.316 0.559 0.041 0.559 0.557 0.559
334.291667 335.291667   25.32 0.000   0.45 0.000 9.999 0.259000 9.99 0.259000 0.050 0.000   0.485 0.000   0.679 0.000 999.99 0.259000   3.373 0.000   0.621 0.000   2.752 0.000 0.020 0.000 0.208 0.000
337.291667 338.291667   50.30 0.559   1.71 0.559 9.999 0.559259 9.99 0.559259 0.522 0.000   1.121 0.000   1.569 0.000 999.99 0.559259   7.103 0.000   1.676 0.000   5.428 0.559 0.026 0.559 0.436 0.000
340.291667 341.291667   26.76 0.000   2.38 0.000 9.999 0.259000 9.99 0.259000 0.028 0.000   0.909 0.000   1.273 0.000 999.99 0.259000   4.270 0.000   0.955 0.000   3.316 0.000 0.018 0.000 0.276 0.000
343.291667 344.291667   20.51 0.000   2.76 0.000 9.999 0.259000 9.99 0.259000 0.019 0.000   0.529 0.000   0.740 0.000 999.99 0.259000   5.203 0.000   2.519 0.000   2.684 0.000 0.016 0.000 0.214 0.000
346.291667 347.291667   78.30 0.559   1.72 0.559 9.999 0.559259 0.06 0.559000 0.066 0.000   0.832 0.000   1.165 0.000 999.99 0.559259  11.215 0.000   7.106 0.000   4.109 0.559 0.048 0.559 0.149 0.000
349.291667 350.291667  295.20 0.559  17.46 0.559 0.116 0.559000 9.99 0.559259 0.041 0.000   0.695 0.000   0.972 0.000 999.99 0.559259  24.888 0.000  15.557 0.000   9.331 0.559 0.210 0.559 0.260 0.000
352.291667 353.291667   24.72 0.559   0.48 0.559 9.999 0.559259 9.99 0.559259 0.097 0.000   0.262 0.000   0.367 0.000 999.99 0.559259   3.951 0.000   2.549 0.000   1.402 0.559 0.018 0.559 0.082 0.000
355.291667 356.291667   15.54 0.000   4.85 0.000 9.999 0.259000 9.99 0.259000 0.047 0.000   0.387 0.000   0.542 0.000 999.99 0.259000   3.153 0.000   1.575 0.000   1.578 0.000 0.021 0.000 0.093 0.000
358.291667 359.291667   10.84 0.000   1.73 0.000 0.028 0.000000 9.99 0.259000 0.042 0.559   0.606 0.000   0.849 0.000 999.99 0.259000   2.754 0.000   0.450 0.000   2.304 0.000 0.014 0.000 0.290 0.559
361.291667 362.291667   23.63 0.559   3.96 0.559 9.999 0.559259 9.99 0.559259 0.012 0.000   0.530 0.000   0.742 0.000 999.99 0.559259   4.151 0.000   1.999 0.000   2.152 0.559 0.024 0.559 0.126 0.000
364.291667 365.291667   19.90 0.000   5.69 0.000 9.999 0.259000 9.99 0.259000 0.059 0.000   0.721 0.000   1.009 0.000 999.99 0.259000   3.509 0.000   1.714 0.000   1.795 0.000 0.017 0.000 0.116 0.000
