scripts/IMPROVE-2019_partial/data/US9043R.19990102080000.20191216000000.filterpack...1y.3d.US03L_filterpack_US9043.US03L_IMPROVE_Davis.lev2.nas
51 1001
MISSING INFORMATION
US03L, IMPROVE, , , , , , , 
MISSING INFORMATION
IMPROVE sel_HTAP
1 1
1999 01 01 2019 12 16
0
days from file reference point
4
1 1 1 1
999.999999 999.999 999.999 9.999
end_time of measurement, days from the file reference point
pm10_mass, ug/m3, Matrix=pm10
pm25_mass, ug/m3, Matrix=pm25
numflag, no unit
0
33
Data definition:              EBAS_1.1
Set type code:                TI
Timezone:                     UTC
File name:                    US9043R.19990102080000.20191216000000.filterpack...1y.3d.US03L_filterpack_US9043.US03L_IMPROVE_Davis.lev2.nas
File creation:                20191218120816
Startdate:                    19990102080000
Revision date:                20191216000000
Version:                      2
Version description:          "Data extracted from http://views.cira.colostate.edu/fed/DataWizard 2019-12-16"
Statistics:                   arithmetic mean
Data level:                   2
Period code:                  1y
Resolution code:              3d
Sample duration:              1d
Orig. time res.:              3d
Station code:                 US9043R
Platform code:                US9043S
Station name:                 San Gorgonio Wilderness
Station latitude:             34.1939
Station longitude:            -116.9132
Station altitude:             1726.0 m
Regime:                       IMG
Component:                    
Unit:                         ug/m3
Matrix:                       
Laboratory code:              US03L
Instrument type:              filterpack
Instrument name:              filterpack_US9043
Method ref:                   US03L_IMPROVE_Davis
Blank correction:             Blank corrected
Volume std. temperature:      ambient
Volume std. pressure:         ambient
starttime endtime PM10 PM2.5 flag
  1.333333   2.333333 999.999 999.999 0.999
  5.333333   6.333333   3.771   1.188 0.000
  8.333333   9.333333   2.315   1.249 0.000
 12.333333  13.333333   3.278   2.114 0.000
 15.333333  16.333333  12.392   9.613 0.000
 19.333333  20.333333   5.732 999.999 0.000
 22.333333  23.333333   7.828 999.999 0.000
 26.333333  27.333333   6.322   4.929 0.000
 29.333333  30.333333   6.820   6.634 0.000
 33.333333  34.333333 999.999 999.999 0.999
 36.333333  37.333333 999.999 999.999 0.999
 40.333333  41.333333   3.201   1.359 0.000
 43.333333  44.333333   4.827   2.597 0.000
 47.333333  48.333333  11.357   9.388 0.000
 50.333333  51.333333   9.042   3.964 0.000
 54.333333  55.333333  21.777  11.105 0.000
 57.333333  58.333333  14.734   9.208 0.000
 61.333333  62.333333  13.059   7.750 0.000
 64.333333  65.333333  24.683  13.950 0.000
 68.333333  69.333333  17.498  11.277 0.000
 71.333333  72.333333  11.111   6.279 0.000
 75.333333  76.333333  10.998  10.847 0.000
 78.333333  79.333333   5.293   3.810 0.000
 82.333333  83.333333 999.999 999.999 0.999
 85.333333  86.333333  15.145  14.742 0.000
 89.333333  90.333333  10.703   9.128 0.000
 92.333333  93.333333  10.561   8.157 0.000
 96.333333  97.333333  10.014   5.656 0.000
 99.333333 100.333333  11.472   9.342 0.000
103.333333 104.333333   7.692   3.442 0.000
106.333333 107.333333  14.423   8.180 0.000
110.333333 111.333333  23.548  16.122 0.000
113.333333 114.333333   6.909   4.895 0.000
117.333333 118.333333  18.279  12.123 0.000
120.333333 121.333333  17.811  12.722 0.000
124.333333 125.333333  19.006  11.738 0.000
127.333333 128.333333  36.221  26.407 0.000
131.333333 132.333333  25.638  14.453 0.000
134.333333 135.333333  28.168  18.215 0.000
138.333333 139.333333  23.880  16.321 0.000
141.333333 142.333333  14.390  14.465 0.000
145.333333 146.333333  24.180  11.745 0.000
148.333333 149.333333  20.691  13.829 0.000
152.333333 153.333333  10.923   5.134 0.000
155.333333 156.333333  11.574   6.173 0.000
159.333333 160.333333  22.475  20.006 0.000
162.333333 163.333333  21.915  11.229 0.000
166.333333 167.333333  20.903  12.825 0.000
169.333333 170.333333  12.388   7.651 0.000
173.333333 174.333333  14.991  10.345 0.000
176.333333 177.333333  11.385   7.684 0.000
180.333333 181.333333  16.526   8.802 0.000
183.333333 184.333333  16.360   8.688 0.000
187.333333 188.333333  29.059  13.146 0.000
190.333333 191.333333  19.755   7.988 0.000
194.333333 195.333333  23.667   5.435 0.000
197.333333 198.333333  12.772   9.538 0.000
201.333333 202.333333  11.367   5.729 0.000
204.333333 205.333333   9.876   4.213 0.000
208.333333 209.333333 999.999 999.999 0.999
211.333333 212.333333 999.999 999.999 0.999
215.333333 216.333333  20.971   9.506 0.000
218.333333 219.333333  20.043   9.421 0.000
222.333333 223.333333  14.597   5.973 0.000
225.333333 226.333333  20.218  10.117 0.000
229.333333 230.333333  14.664   6.375 0.000
232.333333 233.333333  11.563   6.122 0.000
236.333333 237.333333 999.999 999.999 0.999
239.333333 240.333333 999.999 999.999 0.999
243.333333 244.333333  14.881   9.019 0.000
246.333333 247.333333  21.693  12.175 0.000
250.333333 251.333333  12.289   8.787 0.000
253.333333 254.333333  11.370   6.155 0.000
257.333333 258.333333  16.274   7.296 0.000
260.333333 261.333333  23.674  16.001 0.000
264.333333 265.333333  11.404   7.070 0.000
267.333333 268.333333  14.570  12.349 0.000
271.333333 272.333333   9.014   3.908 0.000
274.333333 275.333333  10.803   5.728 0.000
278.333333 279.333333  15.382   9.081 0.000
281.333333 282.333333  21.115   4.492 0.000
285.333333 286.333333  17.258   8.454 0.000
288.333333 289.333333  18.049   6.609 0.000
292.333333 293.333333   6.111   3.297 0.000
295.333333 296.333333  21.254  10.487 0.000
299.333333 300.333333 999.999 999.999 0.999
302.333333 303.333333 999.999 999.999 0.999
306.333333 307.333333  16.693   8.845 0.000
309.333333 310.333333  32.140   9.722 0.000
313.333333 314.333333   4.815   2.756 0.000
316.333333 317.333333  10.508   5.584 0.000
320.333333 321.333333   6.698   3.472 0.000
323.333333 324.333333   6.255   4.069 0.000
327.333333 328.333333   3.139   1.820 0.000
330.333333 331.333333   7.563   2.393 0.000
334.333333 335.333333   7.280   2.415 0.000
337.333333 338.333333   8.303   2.919 0.000
341.333333 342.333333  11.537   2.817 0.000
344.333333 345.333333   8.512 999.999 0.000
348.333333 349.333333   2.788   1.147 0.000
351.333333 352.333333   7.944   2.294 0.000
355.333333 356.333333  10.125   1.647 0.000
358.333333 359.333333   4.665   1.318 0.000
362.333333 363.333333   8.355   2.517 0.000
