scripts/IMPROVE-2019_partial/data/US9002R.20060102070000.20191216000000.filterpack..pm25.52w.1w.US03L_filterpack_US9002.US03L_IMPROVE_Davis.lev2.nas
64 1001
MISSING INFORMATION
US03L, IMPROVE, , , , , , , 
MISSING INFORMATION
IMPROVE sel_HTAP
1 1
2006 01 01 2019 12 16
3.000000
days from file reference point
25
1 1 1 1 1 1 1 1 1 1 1 1 1 1 1 1 1 1 1 1 1 1 1 1 1
999.999999 9999.99 9.999 99.99 9.999 9.999 9.999 9.99 9.999999 9.999 9.999 99.999 9.999 99.999 9.999 999.999 9.999 999.999 9.999 99.999 9.999 9.999 9.999999 9.999 9.999
end_time of measurement, days from the file reference point
iron, ng/m3, Revision date=20181210133000
numflag iron, no unit, Revision date=20181210133000
lead, ng/m3, Revision date=20181210133000
numflag lead, no unit, Revision date=20181210133000
magnesium, ug/m3, Revision date=20181210133000
numflag magnesium, no unit, Revision date=20181210133000
nickel, ng/m3, Revision date=20181210133000
numflag nickel, no unit, Revision date=20181210133000
nitrate, ug N/m3, Revision date=20181210133000
numflag nitrate, no unit, Revision date=20181210133000
organic_carbon, ug C/m3, Revision date=20181210133000
numflag organic_carbon, no unit, Revision date=20181210133000
organic_mass, ug/m3, Revision date=20181210133000
numflag organic_mass, no unit, Revision date=20181210133000
pm10_mass, ug/m3, Version=2, Version description=Data extracted from http://views.cira.colostate.edu/fed/DataWizard 2019-12-16, Sample duration=1d, Orig. time res.=3d, Matrix=pm10, Blank correction=Blank corrected, Volume std. temperature=ambient, Volume std. pressure=ambient
numflag pm10_mass, no unit, Version=2, Version description=Data extracted from http://views.cira.colostate.edu/fed/DataWizard 2019-12-16, Sample duration=1d, Orig. time res.=3d, Matrix=pm10, Blank correction=Blank corrected, Volume std. temperature=ambient, Volume std. pressure=ambient
pm10_pm25_mass, ug/m3, Revision date=20181210133000, Matrix=pm10_pm25
numflag pm10_pm25_mass, no unit, Revision date=20181210133000, Matrix=pm10_pm25
pm25_mass, ug/m3, Version=2, Version description=Data extracted from http://views.cira.colostate.edu/fed/DataWizard 2019-12-16, Sample duration=1d, Orig. time res.=3d, Blank correction=Blank corrected, Volume std. temperature=ambient, Volume std. pressure=ambient
numflag pm25_mass, no unit, Version=2, Version description=Data extracted from http://views.cira.colostate.edu/fed/DataWizard 2019-12-16, Sample duration=1d, Orig. time res.=3d, Blank correction=Blank corrected, Volume std. temperature=ambient, Volume std. pressure=ambient
potassium, ug/m3, Revision date=20181210133000
numflag potassium, no unit, Revision date=20181210133000
sulphate_total, ug S/m3, Revision date=20181210133000
numflag sulphate_total, no unit, Revision date=20181210133000
0
25
Data definition:              EBAS_1.1
Set type code:                TU
Timezone:                     UTC
File name:                    US9002R.20060102070000.20191216000000.filterpack..pm25.52w.1w.US03L_filterpack_US9002.US03L_IMPROVE_Davis.lev2.nas
File creation:                20191218120522
Startdate:                    20060102070000
Revision date:                20191216000000
Statistics:                   arithmetic mean
Data level:                   2
Period code:                  52w
Resolution code:              1w
Station code:                 US9002R
Platform code:                US9002S
Station name:                 Mount Zirkel Wilderness
Station latitude:             40.5383
Station longitude:            -106.6766
Station altitude:             3243.0 m
Regime:                       IMG
Component:                    
Matrix:                       pm25
Laboratory code:              US03L
Instrument type:              filterpack
Instrument name:              filterpack_US9002
Method ref:                   US03L_IMPROVE_Davis
starttime endtime Fe flag_Fe Pb flag_Pb Mg++ flag_Mg++ Ni flag_Ni NO3- flag_NO3- OC flag_OC OM flag_OM PM10 flag_PM10 PM10-PM2.5 flag_PM10-PM2.5 PM2.5 flag_PM2.5 K+ flag_K+ SO4-- flag_SO4--
  1.291667   2.291667    2.16 0.000  0.16 0.000 9.999 0.259 9.99 0.259000 0.005 0.000  0.122 0.000  0.170 0.000   0.377 0.000   0.220 0.000  0.282 0.000 0.003 0.000000 0.034 0.000
  4.291667   5.291667    1.72 0.000  0.11 0.000 9.999 0.259 9.99 0.259000 0.022 0.000  0.065 0.000  0.091 0.000   1.287 0.000   0.605 0.000  0.682 0.000 0.003 0.000000 0.056 0.000
  7.291667   8.291667    2.36 0.000  0.46 0.000 9.999 0.259 9.99 0.259000 0.035 0.000  0.107 0.000  0.150 0.000   1.407 0.000   0.777 0.000  0.630 0.000 0.005 0.000000 0.046 0.000
 10.291667  11.291667   69.57 0.000  0.48 0.000 0.030 0.000 9.99 0.259000 0.015 0.000  0.149 0.000  0.209 0.000   7.329 0.000   4.882 0.000  2.447 0.000 0.046 0.000000 0.074 0.000
 13.291667  14.291667   17.71 0.000  0.56 0.000 9.999 0.259 9.99 0.259000 0.009 0.000  0.139 0.000  0.195 0.000   1.764 0.000   1.017 0.000  0.747 0.000 0.012 0.000000 0.027 0.000
 16.291667  17.291667    3.76 0.000  0.20 0.000 9.999 0.259 9.99 0.259000 0.038 0.000  0.094 0.000  0.131 0.000   1.690 0.000   0.892 0.000  0.798 0.000 0.013 0.000000 0.051 0.000
 19.291667  20.291667    3.91 0.000  0.42 0.000 0.008 0.000 9.99 0.259000 0.043 0.000  0.165 0.000  0.230 0.000   1.761 0.000   0.781 0.000  0.979 0.000 0.002 0.000000 0.099 0.000
 22.291667  23.291667    6.99 0.000  0.50 0.000 9.999 0.259 9.99 0.259000 0.026 0.000  0.132 0.000  0.185 0.000   1.294 0.000   0.196 0.000  1.098 0.000 0.007 0.000000 0.094 0.000
 25.291667  26.291667   10.40 0.000  0.28 0.000 0.009 0.000 9.99 0.259000 0.019 0.000  0.163 0.000  0.228 0.000   3.628 0.000   2.465 0.000  1.163 0.000 0.010 0.000000 0.147 0.000
 28.291667  29.291667    1.70 0.000  0.21 0.000 9.999 0.259 9.99 0.259000 0.008 0.000  0.061 0.000  0.086 0.000   0.305 0.000 999.999 0.259  0.380 0.000 0.001 0.000000 0.050 0.000
 31.291667  32.291667 9999.99 0.999 99.99 0.999 9.999 0.999 9.99 0.999000 9.999 0.999 99.999 0.999 99.999 0.999 999.999 0.999 999.999 0.999 99.999 0.999 9.999 0.999000 9.999 0.999
 34.291667  35.291667   13.57 0.000  1.67 0.000 9.999 0.259 9.99 0.259000 0.014 0.000  0.179 0.000  0.251 0.000   1.669 0.000   0.012 0.000  1.657 0.000 0.020 0.000000 0.240 0.000
 37.291667  38.291667    6.58 0.000  0.28 0.000 9.999 0.259 9.99 0.259000 0.022 0.000  0.156 0.000  0.218 0.000   1.593 0.000   1.035 0.000  0.558 0.000 0.005 0.000000 0.049 0.000
 40.291667  41.291667    6.00 0.000  0.29 0.000 9.999 0.259 9.99 0.259000 0.023 0.000  0.248 0.000  0.348 0.000   3.083 0.000   2.193 0.000  0.890 0.000 0.007 0.000000 0.089 0.000
 43.291667  44.291667   14.74 0.000  0.50 0.000 9.999 0.259 9.99 0.259000 0.035 0.000  0.278 0.000  0.389 0.000   1.823 0.000   0.765 0.000  1.058 0.000 0.012 0.000000 0.067 0.000
 46.291667  47.291667    9.52 0.000  0.37 0.000 9.999 0.259 9.99 0.259000 0.060 0.000  0.167 0.000  0.233 0.000   9.178 0.000   7.667 0.000  1.510 0.000 0.010 0.000000 0.218 0.000
 49.291667  50.291667    9.56 0.000  0.34 0.000 9.999 0.259 9.99 0.259000 0.044 0.000  0.228 0.000  0.319 0.000   3.049 0.000   1.788 0.000  1.261 0.000 0.009 0.000000 0.155 0.000
 52.291667  53.291667    7.82 0.000  0.91 0.000 9.999 0.259 9.99 0.259000 0.079 0.000  0.196 0.000  0.274 0.000   2.393 0.000   0.943 0.000  1.449 0.000 0.007 0.000000 0.125 0.000
 55.291667  56.291667   24.15 0.000  0.68 0.000 9.999 0.259 9.99 0.259000 0.058 0.000  0.308 0.000  0.430 0.000   2.144 0.000   0.505 0.000  1.639 0.000 0.024 0.000000 0.129 0.000
 58.291667  59.291667   15.57 0.000  0.78 0.000 9.999 0.259 9.99 0.259000 0.024 0.000  0.294 0.000  0.412 0.000   1.999 0.000   0.764 0.000  1.235 0.000 0.019 0.000000 0.098 0.000
 61.291667  62.291667   26.57 0.000  0.48 0.000 9.999 0.259 9.99 0.259000 0.020 0.000  0.232 0.000  0.325 0.000   3.504 0.000   2.062 0.000  1.442 0.000 0.025 0.000000 0.106 0.000
 64.291667  65.291667   26.23 0.000  0.77 0.000 0.017 0.000 9.99 0.259000 0.017 0.000  0.235 0.000  0.329 0.000   2.205 0.000   0.797 0.000  1.408 0.000 0.021 0.000000 0.076 0.000
 67.291667  68.291667    9.01 0.000 99.99 0.259 0.009 0.000 9.99 0.259000 0.059 0.000  0.216 0.000  0.303 0.000   4.379 0.000   3.489 0.000  0.890 0.000 0.007 0.000000 0.149 0.000
 70.291667  71.291667    6.08 0.000  0.38 0.000 9.999 0.259 9.99 0.259000 0.018 0.000  0.124 0.000  0.173 0.000   1.880 0.000   0.599 0.000  1.281 0.000 0.005 0.000000 0.179 0.000
 73.291667  74.291667   13.35 0.000  0.67 0.000 9.999 0.259 9.99 0.259000 0.027 0.000  0.216 0.000  0.303 0.000   5.402 0.000   4.357 0.000  1.045 0.000 0.010 0.000000 0.099 0.000
 76.291667  77.291667   21.07 0.000  0.93 0.000 9.999 0.259 9.99 0.259000 0.020 0.000  0.412 0.000  0.577 0.000   2.662 0.000   0.622 0.000  2.040 0.000 0.019 0.000000 0.271 0.000
 79.291667  80.291667   16.86 0.000  0.28 0.000 0.013 0.000 9.99 0.259000 0.038 0.000  0.117 0.000  0.164 0.000   1.798 0.000   0.375 0.000  1.423 0.000 0.011 0.000000 0.143 0.000
 82.291667  83.291667   65.83 0.000  0.42 0.000 9.999 0.259 9.99 0.259000 0.103 0.000  0.277 0.000  0.387 0.000   5.481 0.000   2.883 0.000  2.598 0.000 0.036 0.000000 0.156 0.000
 85.291667  86.291667 9999.99 0.999 99.99 0.999 9.999 0.999 9.99 0.999000 9.999 0.999 99.999 0.999 99.999 0.999 999.999 0.999 999.999 0.999 99.999 0.999 9.999 0.999000 9.999 0.999
 88.291667  89.291667    1.56 0.000 99.99 0.259 9.999 0.259 9.99 0.259000 0.013 0.000  0.062 0.000  0.086 0.000   0.802 0.000   0.379 0.000  0.423 0.000 0.001 0.000000 0.054 0.000
 91.291667  92.291667   30.94 0.000  0.64 0.000 0.019 0.000 0.15 0.000000 0.040 0.000  0.129 0.000  0.180 0.000   2.261 0.000   0.831 0.000  1.430 0.000 0.020 0.000000 0.147 0.000
 94.291667  95.291667   15.87 0.394  0.85 0.394 0.009 0.394 9.99 0.394259 0.011 0.394  0.121 0.394  0.169 0.394   2.084 0.000   0.647 0.394  1.437 0.000 0.016 0.394000 0.136 0.394
 97.291667  98.291667 9999.99 0.999 99.99 0.999 9.999 0.999 9.99 0.999000 9.999 0.999 99.999 0.999 99.999 0.999 999.999 0.999 999.999 0.999 99.999 0.999 9.999 0.999000 9.999 0.999
100.291667 101.291667 9999.99 0.999 99.99 0.999 9.999 0.999 9.99 0.999000 9.999 0.999 99.999 0.999 99.999 0.999 999.999 0.999 999.999 0.999 99.999 0.999 9.999 0.999000 9.999 0.999
103.291667 104.291667   27.76 0.000  0.75 0.000 0.021 0.000 0.09 0.000000 0.018 0.000  0.512 0.000  0.716 0.000   3.570 0.000   0.991 0.000  2.579 0.000 0.031 0.000000 0.195 0.000
106.291667 107.291667  120.38 0.000  0.66 0.000 0.082 0.000 9.99 0.259000 0.025 0.000  0.140 0.000  0.196 0.000   7.011 0.000   3.603 0.000  3.409 0.000 0.067 0.000000 0.135 0.000
109.291667 110.291667   24.01 0.000  0.26 0.000 0.012 0.000 9.99 0.259000 0.046 0.000  0.206 0.000  0.288 0.000   1.938 0.000   0.472 0.000  1.466 0.000 0.016 0.000000 0.071 0.000
112.291667 113.291667  105.36 0.000  0.99 0.000 0.055 0.000 9.99 0.259000 0.043 0.000  0.565 0.000  0.791 0.000   7.587 0.000   3.441 0.000  4.146 0.000 0.065 0.000000 0.210 0.000
115.291667 116.291667   96.32 0.000  1.42 0.000 0.048 0.000 9.99 0.259000 0.044 0.000  0.292 0.000  0.408 0.000   5.437 0.000   1.643 0.000  3.794 0.000 0.062 0.000000 0.266 0.000
118.291667 119.291667  150.32 0.000  1.96 0.000 0.062 0.000 9.99 0.259000 0.071 0.000  0.486 0.000  0.680 0.000   7.944 0.000   2.410 0.000  5.533 0.000 0.093 0.000000 0.353 0.000
121.291667 122.291667  134.91 0.000  1.19 0.000 9.999 0.259 9.99 0.259000 0.049 0.000  0.405 0.000  0.567 0.000   7.469 0.000   3.003 0.000  4.466 0.000 0.077 0.000000 0.202 0.000
124.291667 125.291667   23.05 0.000  0.38 0.000 9.999 0.259 9.99 0.259000 0.033 0.000  0.207 0.000  0.290 0.000   1.727 0.000   0.426 0.000  1.301 0.000 0.013 0.000000 0.105 0.000
127.291667 128.291667   28.80 0.000  0.45 0.000 9.999 0.259 9.99 0.259000 0.021 0.000  0.080 0.000  0.112 0.000   1.689 0.000   1.300 0.000  0.389 0.000 0.018 0.000000 0.120 0.000
130.291667 131.291667   59.59 0.000  0.91 0.000 9.999 0.259 9.99 0.259000 0.061 0.000  0.408 0.000  0.572 0.000   5.008 0.000   1.650 0.000  3.357 0.000 0.039 0.000000 0.251 0.000
133.291667 134.291667   82.63 0.000  1.08 0.000 9.999 0.259 9.99 0.259000 0.042 0.000  0.622 0.000  0.870 0.000   5.665 0.000   1.421 0.000  4.244 0.000 0.050 0.000000 0.264 0.000
136.291667 137.291667 9999.99 0.999 99.99 0.999 9.999 0.999 9.99 0.999000 9.999 0.999 99.999 0.999 99.999 0.999 999.999 0.999 999.999 0.999 99.999 0.999 9.999 0.999000 9.999 0.999
139.291667 140.291667   37.51 0.000  0.45 0.000 0.009 0.000 9.99 0.259000 0.026 0.559  0.579 0.000  0.811 0.000   5.200 0.000   1.683 0.000  3.518 0.000 0.030 0.000000 0.252 0.559
142.291667 143.291667   29.67 0.000  0.35 0.000 9.999 0.259 9.99 0.259000 0.034 0.559  0.275 0.000  0.384 0.000   2.857 0.000   1.082 0.000  1.774 0.000 0.023 0.000000 0.097 0.559
145.291667 146.291667   34.45 0.000  0.38 0.000 0.012 0.000 9.99 0.259000 0.016 0.000  0.780 0.000  1.092 0.000   5.640 0.000   2.763 0.000  2.876 0.000 0.024 0.000000 0.144 0.000
148.291667 149.291667   20.39 0.000  0.46 0.000 0.008 0.000 9.99 0.259000 0.022 0.000  0.262 0.000  0.366 0.000   2.105 0.000   0.667 0.000  1.438 0.000 0.014 0.000000 0.095 0.000
151.291667 152.291667   44.30 0.000  1.11 0.000 0.023 0.000 9.99 0.259000 0.044 0.000  0.495 0.000  0.693 0.000   4.966 0.000   1.498 0.000  3.469 0.000 0.029 0.000000 0.245 0.000
154.291667 155.291667   49.30 0.000  0.86 0.000 0.023 0.000 9.99 0.259000 0.028 0.000  0.644 0.000  0.902 0.000   7.207 0.000   3.188 0.000  4.020 0.000 0.035 0.000000 0.285 0.000
157.291667 158.291667   32.87 0.000  0.41 0.000 9.999 0.259 9.99 0.259000 0.011 0.000  0.699 0.000  0.979 0.000   6.510 0.000   3.646 0.000  2.864 0.000 0.024 0.000000 0.165 0.000
160.291667 161.291667   32.81 0.000  0.33 0.000 0.016 0.000 0.12 0.000000 0.047 0.000  0.745 0.000  1.042 0.000   4.849 0.000   1.285 0.000  3.564 0.000 0.055 0.000000 0.237 0.000
163.291667 164.291667   28.55 0.000  0.49 0.000 0.015 0.000 9.99 0.259000 0.013 0.000  0.616 0.000  0.863 0.000   5.694 0.000   2.436 0.000  3.259 0.000 0.025 0.000000 0.201 0.000
166.291667 167.291667   23.16 0.000  0.34 0.000 0.015 0.000 9.99 0.259000 0.037 0.000  0.498 0.000  0.698 0.000   7.277 0.000   4.514 0.000  2.763 0.000 0.021 0.000000 0.179 0.000
169.291667 170.291667   29.23 0.000  0.46 0.000 0.010 0.000 0.12 0.000000 0.015 0.000  1.169 0.000  1.636 0.000   7.609 0.000   3.371 0.000  4.239 0.000 0.033 0.000000 0.209 0.000
172.291667 173.291667   30.86 0.000  0.50 0.000 9.999 0.259 0.11 0.000000 0.014 0.000  0.733 0.000  1.026 0.000  11.941 0.000   8.242 0.000  3.698 0.000 0.036 0.000000 0.248 0.000
175.291667 176.291667 9999.99 0.999 99.99 0.999 9.999 0.999 9.99 0.999000 9.999 0.999 99.999 0.999 99.999 0.999 999.999 0.999 999.999 0.999 99.999 0.999 9.999 0.999000 9.999 0.999
178.291667 179.291667   35.62 0.000  0.59 0.000 0.020 0.000 9.99 0.259000 0.013 0.000  0.983 0.000  1.377 0.000  15.244 0.000  11.263 0.000  3.981 0.000 0.028 0.000000 0.262 0.000
181.291667 182.291667   19.93 0.000  0.44 0.000 9.999 0.259 9.99 0.259000 0.012 0.559  1.261 0.000  2.271 0.000   6.644 0.000   2.158 0.000  4.486 0.000 0.043 0.000000 0.262 0.559
184.291667 185.291667   18.61 0.000  0.44 0.000 0.008 0.000 9.99 0.259000 0.015 0.559  0.944 0.000  1.698 0.000   5.378 0.000   1.574 0.000  3.804 0.000 0.024 0.000000 0.193 0.559
187.291667 188.291667    8.30 0.000  0.50 0.000 9.999 0.259 9.99 0.259000 0.024 0.000  0.479 0.000  0.862 0.000   6.857 0.000   4.508 0.000  2.348 0.000 0.017 0.000000 0.171 0.000
190.291667 191.291667    8.86 0.000  0.37 0.000 9.999 0.259 9.99 0.259000 0.021 0.559  0.404 0.000  0.728 0.000   3.098 0.000   0.797 0.000  2.301 0.000 0.010 0.000000 0.117 0.559
193.291667 194.291667   28.04 0.000  0.70 0.000 9.999 0.259 0.20 0.000000 0.054 0.559  1.768 0.000  3.183 0.000  10.146 0.000   4.197 0.000  5.950 0.000 0.092 0.000000 0.230 0.559
196.291667 197.291667   27.74 0.000  0.64 0.000 0.010 0.000 9.99 0.259000 0.019 0.559  1.763 0.000  3.174 0.000   8.526 0.000   3.085 0.000  5.440 0.000 0.057 0.000000 0.232 0.559
199.291667 200.291667   15.89 0.000  0.39 0.000 9.999 0.259 9.99 0.259000 0.010 0.559  1.406 0.000  2.532 0.000  10.004 0.000   5.685 0.000  4.319 0.000 0.036 0.000000 0.201 0.559
202.291667 203.291667   35.08 0.000  0.37 0.000 9.999 0.259 0.08 0.000000 0.024 0.559  1.722 0.000  3.100 0.000   8.763 0.000   3.307 0.000  5.456 0.000 0.036 0.000000 0.195 0.559
205.291667 206.291667   11.69 0.000  0.14 0.000 9.999 0.259 9.99 0.259000 0.015 0.000  1.169 0.000  2.103 0.000   4.637 0.000   0.862 0.000  3.775 0.000 0.023 0.000000 0.195 0.000
208.291667 209.291667   29.73 0.000  0.46 0.000 9.999 0.259 9.99 0.259000 0.015 0.000  1.937 0.000  3.486 0.000   9.000 0.000   3.320 0.000  5.680 0.000 0.032 0.000000 0.176 0.000
211.291667 212.291667   18.83 0.000  0.58 0.000 9.999 0.259 9.99 0.259000 0.040 0.000  2.035 0.000  3.662 0.000   7.136 0.000   0.981 0.000  6.156 0.000 0.103 0.000000 0.254 0.000
214.291667 215.291667   21.70 0.000  0.39 0.000 0.010 0.000 0.07 0.000000 0.014 0.559  0.857 0.000  1.543 0.000   4.816 0.000   1.608 0.000  3.208 0.000 0.017 0.000000 0.194 0.559
217.291667 218.291667   12.23 0.000  0.43 0.000 0.006 0.000 9.99 0.259000 0.011 0.559  0.583 0.000  1.049 0.000   3.416 0.000   1.141 0.000  2.275 0.000 0.015 0.000000 0.177 0.559
220.291667 221.291667   21.99 0.000  0.38 0.000 0.007 0.000 9.99 0.259000 0.012 0.559  0.322 0.000  0.579 0.000  10.771 0.000   8.398 0.000  2.374 0.000 0.015 0.000000 0.225 0.559
223.291667 224.291667 9999.99 0.999 99.99 0.999 9.999 0.999 9.99 0.999000 9.999 0.999 99.999 0.999 99.999 0.999 999.999 0.999 999.999 0.999 99.999 0.999 9.999 0.999000 9.999 0.999
226.291667 227.291667 9999.99 0.999 99.99 0.999 9.999 0.999 9.99 0.999000 9.999 0.999 99.999 0.999 99.999 0.999 999.999 0.999 999.999 0.999 99.999 0.999 9.999 0.999000 9.999 0.999
229.291667 230.291667   32.90 0.000  0.50 0.000 0.012 0.000 9.99 0.259000 0.036 0.000  0.828 0.000  1.491 0.000   9.541 0.000   6.266 0.000  3.275 0.000 0.045 0.000000 0.188 0.000
232.291667 233.291667   32.44 0.000  0.37 0.000 9.999 0.259 9.99 0.259000 0.015 0.000  0.693 0.000  1.247 0.000  13.979 0.000  11.023 0.000  2.956 0.000 0.030 0.000000 0.203 0.000
235.291667 236.291667   45.79 0.000  0.47 0.000 0.016 0.000 0.08 0.000000 0.023 0.000  0.611 0.000  1.099 0.000  10.786 0.000   7.197 0.000  3.589 0.000 0.042 0.000000 0.224 0.000
238.291667 239.291667    5.16 0.000  0.34 0.000 0.006 0.000 9.99 0.259000 0.041 0.000  0.527 0.000  0.948 0.000   2.366 0.000   0.521 0.000  1.844 0.000 0.015 0.000000 0.114 0.000
241.291667 242.291667   23.86 0.000  0.51 0.000 0.009 0.000 9.99 0.259000 0.014 0.000  0.828 0.000  1.491 0.000   5.873 0.000   2.756 0.000  3.117 0.000 0.024 0.000000 0.167 0.000
244.291667 245.291667   33.99 0.000  0.17 0.000 0.008 0.000 9.99 0.259000 0.017 0.000  1.442 0.000  2.595 0.000   7.889 0.000   3.687 0.000  4.202 0.000 0.030 0.000000 0.135 0.000
247.291667 248.291667   28.27 0.000  0.54 0.000 0.007 0.000 9.99 0.259000 0.021 0.000  1.362 0.000  2.451 0.000   7.271 0.000   2.941 0.000  4.331 0.000 0.036 0.000000 0.189 0.000
250.291667 251.291667   13.14 0.000  0.32 0.000 9.999 0.259 9.99 0.259000 0.120 0.000  2.389 0.000  4.301 0.000   7.716 0.000   1.111 0.000  6.606 0.000 0.046 0.000000 0.269 0.000
253.291667 254.291667   24.01 0.000  0.56 0.000 9.999 0.259 9.99 0.259000 0.067 0.000  2.421 0.000  4.358 0.000   8.615 0.000   2.217 0.000  6.399 0.000 0.051 0.000000 0.247 0.000
256.291667 257.291667   15.68 0.000  0.44 0.000 9.999 0.259 9.99 0.259000 0.013 0.000  1.138 0.000  2.049 0.000   5.890 0.000   2.379 0.000  3.511 0.000 0.021 0.000000 0.182 0.000
259.291667 260.291667 9999.99 0.999 99.99 0.999 9.999 0.999 9.99 0.999000 9.999 0.999 99.999 0.999 99.999 0.999 999.999 0.999 999.999 0.999 99.999 0.999 9.999 0.999000 9.999 0.999
262.291667 263.291667   22.58 0.000  0.50 0.000 0.009 0.000 0.55 0.000000 0.029 0.000  0.521 0.000  0.937 0.000   9.125 0.000   6.705 0.000  2.421 0.000 0.022 0.000000 0.121 0.000
