scripts/IMPROVE-2019_partial/data/US9049R.20000101070000.20191216000000.filterpack..pm25.52w.1w.US03L_filterpack_US9049.US03L_IMPROVE_Davis.lev2.nas
64 1001
MISSING INFORMATION
US03L, IMPROVE, , , , , , , 
MISSING INFORMATION
IMPROVE sel_HTAP
1 1
2000 01 01 2019 12 16
0
days from file reference point
25
1 1 1 1 1 1 1 1 1 1 1 1 1 1 1 1 1 1 1 1 1 1 1 1 1
999.999999 9999.99 9.999 99.99 9.999999 9.999 9.999999 9.99 9.999999 9.999 9.999 99.999 9.999 99.999 9.999 999.999 9.999 999.999 9.999 99.999 9.999 9.999 9.999 9.999 9.999
end_time of measurement, days from the file reference point
iron, ng/m3, Revision date=20181210133000
numflag iron, no unit, Revision date=20181210133000
lead, ng/m3, Revision date=20181210133000
numflag lead, no unit, Revision date=20181210133000
magnesium, ug/m3, Revision date=20181210133000
numflag magnesium, no unit, Revision date=20181210133000
nickel, ng/m3, Revision date=20181210133000
numflag nickel, no unit, Revision date=20181210133000
nitrate, ug N/m3, Revision date=20181210133000
numflag nitrate, no unit, Revision date=20181210133000
organic_carbon, ug C/m3, Revision date=20181210133000
numflag organic_carbon, no unit, Revision date=20181210133000
organic_mass, ug/m3, Revision date=20181210133000
numflag organic_mass, no unit, Revision date=20181210133000
pm10_mass, ug/m3, Version=2, Version description=Data extracted from http://views.cira.colostate.edu/fed/DataWizard 2019-12-16, Sample duration=1d, Orig. time res.=3d, Matrix=pm10, Blank correction=Blank corrected, Volume std. temperature=ambient, Volume std. pressure=ambient
numflag pm10_mass, no unit, Version=2, Version description=Data extracted from http://views.cira.colostate.edu/fed/DataWizard 2019-12-16, Sample duration=1d, Orig. time res.=3d, Matrix=pm10, Blank correction=Blank corrected, Volume std. temperature=ambient, Volume std. pressure=ambient
pm10_pm25_mass, ug/m3, Revision date=20181210133000, Matrix=pm10_pm25
numflag pm10_pm25_mass, no unit, Revision date=20181210133000, Matrix=pm10_pm25
pm25_mass, ug/m3, Version=2, Version description=Data extracted from http://views.cira.colostate.edu/fed/DataWizard 2019-12-16, Sample duration=1d, Orig. time res.=3d, Blank correction=Blank corrected, Volume std. temperature=ambient, Volume std. pressure=ambient
numflag pm25_mass, no unit, Version=2, Version description=Data extracted from http://views.cira.colostate.edu/fed/DataWizard 2019-12-16, Sample duration=1d, Orig. time res.=3d, Blank correction=Blank corrected, Volume std. temperature=ambient, Volume std. pressure=ambient
potassium, ug/m3, Revision date=20181210133000
numflag potassium, no unit, Revision date=20181210133000
sulphate_total, ug S/m3, Revision date=20181210133000
numflag sulphate_total, no unit, Revision date=20181210133000
0
25
Data definition:              EBAS_1.1
Set type code:                TI
Timezone:                     UTC
File name:                    US9049R.20000101070000.20191216000000.filterpack..pm25.52w.1w.US03L_filterpack_US9049.US03L_IMPROVE_Davis.lev2.nas
File creation:                20191218120848
Startdate:                    20000101070000
Revision date:                20191216000000
Statistics:                   arithmetic mean
Data level:                   2
Period code:                  52w
Resolution code:              1w
Station code:                 US9049R
Platform code:                US9049S
Station name:                 Weminuche Wilderness
Station latitude:             37.6594
Station longitude:            -107.7999
Station altitude:             2750.0 m
Regime:                       IMG
Component:                    
Matrix:                       pm25
Laboratory code:              US03L
Instrument type:              filterpack
Instrument name:              filterpack_US9049
Method ref:                   US03L_IMPROVE_Davis
starttime endtime Fe flag_Fe Pb flag_Pb Mg++ flag_Mg++ Ni flag_Ni NO3- flag_NO3- OC flag_OC OM flag_OM PM10 flag_PM10 PM10-PM2.5 flag_PM10-PM2.5 PM2.5 flag_PM2.5 K+ flag_K+ SO4-- flag_SO4--
  0.291667   1.291667    8.72 0.559  0.38 0.559000 9.999 0.559259 9.99 0.559259 0.026 0.699  0.363 0.000  0.508 0.000   2.769 0.000   0.982 0.000  1.788 0.559 0.032 0.559 0.112 0.699
  4.291667   5.291667   35.23 0.559  0.42 0.559000 9.999 0.559259 9.99 0.559259 0.038 0.559  0.711 0.000  0.995 0.000   5.556 0.000   2.847 0.000  2.708 0.559 0.023 0.559 0.113 0.559
  7.291667   8.291667   17.95 0.559  0.52 0.559000 9.999 0.559259 9.99 0.559259 0.093 0.699  0.801 0.000  1.121 0.000   5.387 0.000   2.637 0.000  2.750 0.559 0.023 0.559 0.163 0.699
 11.291667  12.291667 9999.99 0.999 99.99 0.999000 9.999 0.999000 9.99 0.999000 9.999 0.999 99.999 0.999 99.999 0.999 999.999 0.999 999.999 0.999 99.999 0.999 9.999 0.999 9.999 0.999
 14.291667  15.291667 9999.99 0.999 99.99 0.999000 9.999 0.999000 9.99 0.999000 9.999 0.999 99.999 0.999 99.999 0.999 999.999 0.999 999.999 0.999 99.999 0.999 9.999 0.999 9.999 0.999
 18.291667  19.291667 9999.99 0.999 99.99 0.999000 9.999 0.999000 9.99 0.999000 9.999 0.999 99.999 0.999 99.999 0.999 999.999 0.999 999.999 0.999 99.999 0.999 9.999 0.999 9.999 0.999
 21.291667  22.291667 9999.99 0.999 99.99 0.999000 9.999 0.999000 9.99 0.999000 9.999 0.999 99.999 0.999 99.999 0.999 999.999 0.999 999.999 0.999 99.999 0.999 9.999 0.999 9.999 0.999
 25.291667  26.291667 9999.99 0.999 99.99 0.999000 9.999 0.999000 9.99 0.999000 9.999 0.999 99.999 0.999 99.999 0.999 999.999 0.999 999.999 0.999 99.999 0.999 9.999 0.999 9.999 0.999
 28.291667  29.291667 9999.99 0.999 99.99 0.999000 9.999 0.999000 9.99 0.999000 9.999 0.999 99.999 0.999 99.999 0.999 999.999 0.999 999.999 0.999 99.999 0.999 9.999 0.999 9.999 0.999
 32.291667  33.291667 9999.99 0.999 99.99 0.999000 9.999 0.999000 9.99 0.999000 9.999 0.999 99.999 0.999 99.999 0.999 999.999 0.999 999.999 0.999 99.999 0.999 9.999 0.999 9.999 0.999
 35.291667  36.291667 9999.99 0.999 99.99 0.999000 9.999 0.999000 9.99 0.999000 9.999 0.999 99.999 0.999 99.999 0.999 999.999 0.999 999.999 0.999 99.999 0.999 9.999 0.999 9.999 0.999
 39.291667  40.291667 9999.99 0.999 99.99 0.999000 9.999 0.999000 9.99 0.999000 9.999 0.999 99.999 0.999 99.999 0.999 999.999 0.999 999.999 0.999 99.999 0.999 9.999 0.999 9.999 0.999
 42.291667  43.291667 9999.99 0.999 99.99 0.999000 9.999 0.999000 9.99 0.999000 9.999 0.999 99.999 0.999 99.999 0.999 999.999 0.999 999.999 0.999 99.999 0.999 9.999 0.999 9.999 0.999
 46.291667  47.291667 9999.99 0.999 99.99 0.999000 9.999 0.999000 9.99 0.999000 9.999 0.999 99.999 0.999 99.999 0.999 999.999 0.999 999.999 0.999 99.999 0.999 9.999 0.999 9.999 0.999
 49.291667  50.291667 9999.99 0.999 99.99 0.999000 9.999 0.999000 9.99 0.999000 9.999 0.999 99.999 0.999 99.999 0.999 999.999 0.999 999.999 0.999 99.999 0.999 9.999 0.999 9.999 0.999
 53.291667  54.291667   12.84 0.559  0.13 0.559000 9.999 0.559259 9.99 0.559259 0.008 0.559  0.776 0.000  1.086 0.000   7.021 0.000   5.686 0.000  1.336 0.559 0.010 0.559 0.033 0.559
 56.291667  57.291667   16.23 0.559  0.48 0.559000 9.999 0.559259 9.99 0.559259 0.012 0.559  1.029 0.000  1.441 0.000   4.527 0.000   2.750 0.000  1.777 0.559 0.013 0.559 0.132 0.559
 60.291667  61.291667   16.68 0.559  0.53 0.559000 0.018 0.559000 9.99 0.559259 0.025 0.559  0.315 0.000  0.442 0.000   3.813 0.000   2.263 0.000  1.551 0.559 0.014 0.559 0.106 0.559
 63.291667  64.291667   20.95 0.559  0.61 0.559000 0.023 0.559000 9.99 0.559259 0.016 0.699  0.376 0.000  0.526 0.000   4.255 0.000   2.098 0.000  2.158 0.559 0.019 0.559 0.118 0.699
 67.291667  68.291667 9999.99 0.999 99.99 0.999000 9.999 0.999000 9.99 0.999000 9.999 0.999 99.999 0.999 99.999 0.999 999.999 0.999 999.999 0.999 99.999 0.999 9.999 0.999 9.999 0.999
 70.291667  71.291667 9999.99 0.999 99.99 0.999000 9.999 0.999000 9.99 0.999000 9.999 0.999 99.999 0.999 99.999 0.999 999.999 0.999 999.999 0.999 99.999 0.999 9.999 0.999 9.999 0.999
 74.291667  75.291667   27.76 0.559  0.75 0.559000 9.999 0.559259 9.99 0.559259 0.014 0.699  0.547 0.000  0.766 0.000   4.693 0.000   2.704 0.000  1.989 0.559 0.020 0.559 0.100 0.699
 77.291667  78.291667   11.76 0.559  0.46 0.559000 9.999 0.559259 9.99 0.559259 0.022 0.559  0.100 0.000  0.140 0.000   3.167 0.000   1.765 0.000  1.402 0.559 0.011 0.559 0.141 0.559
 81.291667  82.291667   21.35 0.559  0.42 0.559000 9.999 0.559259 9.99 0.559259 0.017 0.559  0.285 0.000  0.399 0.000   3.863 0.000   1.559 0.000  2.304 0.559 0.020 0.559 0.150 0.559
 84.291667  85.291667   30.50 0.559  0.81 0.559000 9.999 0.559259 9.99 0.559259 0.027 0.559  0.663 0.000  0.928 0.000   5.712 0.000   2.406 0.000  3.305 0.559 0.023 0.559 0.270 0.559
 88.291667  89.291667   39.39 0.559  0.45 0.559000 9.999 0.559259 9.99 0.559259 0.017 0.559  0.186 0.000  0.260 0.000   3.321 0.000   0.951 0.000  2.370 0.559 0.028 0.559 0.139 0.559
 91.291667  92.291667 9999.99 0.999 99.99 0.999000 9.999 0.999000 9.99 0.999000 9.999 0.999 99.999 0.999 99.999 0.999 999.999 0.999 999.999 0.999 99.999 0.999 9.999 0.999 9.999 0.999
 95.291667  96.291667 9999.99 0.999 99.99 0.999000 9.999 0.999000 9.99 0.999000 9.999 0.999 99.999 0.999 99.999 0.999 999.999 0.999 999.999 0.999 99.999 0.999 9.999 0.999 9.999 0.999
 98.291667  99.291667 9999.99 0.999 99.99 0.999000 9.999 0.999000 9.99 0.999000 9.999 0.999 99.999 0.999 99.999 0.999 999.999 0.999 999.999 0.999 99.999 0.999 9.999 0.999 9.999 0.999
102.291667 103.291667   52.94 0.000  0.94 0.000000 9.999 0.259000 9.99 0.259000 0.026 0.559  0.707 0.000  0.989 0.000   5.208 0.000   1.929 0.000  3.279 0.000 0.036 0.000 0.274 0.559
105.291667 106.291667   22.74 0.000 99.99 0.259000 9.999 0.259000 9.99 0.259000 0.011 0.559  0.453 0.000  0.634 0.000   2.402 0.000   0.988 0.000  1.415 0.000 0.016 0.000 0.118 0.559
109.291667 110.291667 9999.99 0.999 99.99 0.999000 9.999 0.999000 9.99 0.999000 9.999 0.999 99.999 0.999 99.999 0.999 999.999 0.999 999.999 0.999 99.999 0.999 9.999 0.999 9.999 0.999
112.291667 113.291667 9999.99 0.999 99.99 0.999000 9.999 0.999000 9.99 0.999000 9.999 0.999 99.999 0.999 99.999 0.999 999.999 0.999 999.999 0.999 99.999 0.999 9.999 0.999 9.999 0.999
116.291667 117.291667 9999.99 0.999 99.99 0.999000 9.999 0.999000 9.99 0.999000 9.999 0.999 99.999 0.999 99.999 0.999 999.999 0.999 999.999 0.999 99.999 0.999 9.999 0.999 9.999 0.999
119.291667 120.291667 9999.99 0.999 99.99 0.999000 9.999 0.999000 9.99 0.999000 9.999 0.999 99.999 0.999 99.999 0.999 999.999 0.999 999.999 0.999 99.999 0.999 9.999 0.999 9.999 0.999
123.291667 124.291667 9999.99 0.999 99.99 0.999000 9.999 0.999000 9.99 0.999000 9.999 0.999 99.999 0.999 99.999 0.999 999.999 0.999 999.999 0.999 99.999 0.999 9.999 0.999 9.999 0.999
126.291667 127.291667 9999.99 0.999 99.99 0.999000 9.999 0.999000 9.99 0.999000 9.999 0.999 99.999 0.999 99.999 0.999 999.999 0.999 999.999 0.999 99.999 0.999 9.999 0.999 9.999 0.999
130.291667 131.291667  119.65 0.000  0.51 0.000000 9.999 0.259000 9.99 0.259000 0.050 0.000  0.974 0.000  1.364 0.000  16.454 0.000  11.420 0.000  5.034 0.000 0.075 0.000 0.162 0.000
133.291667 134.291667   71.34 0.000  1.14 0.000000 0.044 0.000000 9.99 0.259000 0.049 0.000  0.878 0.000  1.230 0.000   7.063 0.000   2.848 0.000  4.215 0.000 0.049 0.000 0.211 0.000
137.291667 138.291667   45.55 0.000  0.29 0.000000 9.999 0.259000 9.99 0.259000 0.047 0.000  0.636 0.000  0.890 0.000   7.460 0.000   4.845 0.000  2.615 0.000 0.031 0.000 0.118 0.000
140.291667 141.291667   33.89 0.000  0.99 0.000000 9.999 0.259000 9.99 0.259000 0.036 0.000  0.949 0.000  1.329 0.000   4.603 0.000   1.387 0.000  3.217 0.000 0.028 0.000 0.267 0.000
144.291667 145.291667   61.32 0.000  0.61 0.000000 9.999 0.259000 9.99 0.259000 0.028 0.000  1.211 0.000  1.695 0.000   7.262 0.000   3.760 0.000  3.502 0.000 0.047 0.000 0.162 0.000
147.291667 148.291667   40.86 0.000  1.01 0.000000 9.999 0.259000 9.99 0.259000 0.022 0.000  0.830 0.000  1.161 0.000   4.206 0.000   1.482 0.000  2.724 0.000 0.052 0.000 0.223 0.000
151.291667 152.291667   61.74 0.000  0.59 0.000000 9.999 0.259000 9.99 0.259000 0.061 0.000  2.552 0.000  3.573 0.000  11.668 0.000   4.070 0.000  7.598 0.000 0.075 0.000 0.196 0.000
154.291667 155.291667   57.64 0.000 99.99 0.259000 9.999 0.259000 9.99 0.259000 0.053 0.000  0.838 0.000  1.173 0.000   9.407 0.000   4.487 0.000  4.920 0.000 0.051 0.000 0.307 0.000
158.291667 159.291667   52.91 0.000  0.25 0.000000 9.999 0.259000 9.99 0.259000 0.031 0.559  1.380 0.000  1.932 0.000   9.179 0.000   4.331 0.000  4.849 0.000 0.038 0.000 0.282 0.559
161.291667 162.291667   78.28 0.000  0.12 0.000000 9.999 0.259000 9.99 0.259000 0.058 0.559  0.793 0.000  1.110 0.000  10.736 0.000   5.820 0.000  4.916 0.000 0.067 0.000 0.301 0.559
165.291667 166.291667   22.80 0.000 99.99 0.259000 9.999 0.259000 9.99 0.259000 0.013 0.559  0.466 0.000  0.652 0.000   4.231 0.000   2.534 0.000  1.697 0.000 0.017 0.000 0.076 0.559
168.291667 169.291667   25.46 0.559 99.99 0.559259 9.999 0.559259 9.99 0.559259 0.024 0.559  0.338 0.000  0.474 0.000   4.270 0.000   2.240 0.000  2.031 0.559 0.015 0.559 0.061 0.559
172.291667 173.291667   27.61 0.000  0.17 0.000000 9.999 0.259000 9.99 0.259000 0.019 0.559  0.526 0.000  0.736 0.000   4.151 0.000   2.184 0.000  1.967 0.000 0.020 0.000 0.088 0.559
175.291667 176.291667   17.11 0.000 99.99 0.259000 9.999 0.259000 9.99 0.259000 0.015 0.559  0.472 0.000  0.661 0.000   4.071 0.000   1.889 0.000  2.182 0.000 0.013 0.000 0.154 0.559
179.291667 180.291667   23.80 0.000 99.99 0.259000 9.999 0.259000 9.99 0.259000 0.019 0.000  0.766 0.000  1.073 0.000   4.246 0.000   1.724 0.000  2.522 0.000 0.023 0.000 0.171 0.000
182.291667 183.291667   17.56 0.000 99.99 0.259000 9.999 0.259000 9.99 0.259000 0.014 0.559  0.635 0.000  0.889 0.000   4.325 0.000   1.757 0.000  2.569 0.000 0.022 0.000 0.214 0.559
186.291667 187.291667   33.64 0.000 99.99 0.259000 0.012 0.000000 9.99 0.259000 0.028 0.559  0.533 0.000  0.746 0.000   6.309 0.000   3.870 0.000  2.440 0.000 0.041 0.000 0.206 0.559
189.291667 190.291667   33.90 0.000 99.99 0.259000 9.999 0.259000 9.99 0.259000 0.028 0.000  0.676 0.000  0.947 0.000   5.476 0.000   2.160 0.000  3.316 0.000 0.033 0.000 0.313 0.000
193.291667 194.291667   15.80 0.000 99.99 0.259000 9.999 0.259000 9.99 0.259000 0.012 0.559  0.539 0.000  0.754 0.000   3.871 0.000   1.767 0.000  2.104 0.000 0.010 0.000 0.156 0.559
196.291667 197.291667   11.47 0.000 99.99 0.259000 9.999 0.259000 9.99 0.259000 0.021 0.000  0.772 0.000  1.081 0.000   3.632 0.000   1.223 0.000  2.409 0.000 0.015 0.000 0.136 0.000
200.291667 201.291667   12.67 0.000 99.99 0.259000 9.999 0.259000 9.99 0.259000 0.008 0.559  0.573 0.000  0.802 0.000   3.876 0.000   2.227 0.000  1.649 0.000 0.012 0.000 0.076 0.559
203.291667 204.291667   20.58 0.000 99.99 0.259000 9.999 0.259000 9.99 0.259000 0.026 0.559  1.206 0.000  1.689 0.000   6.097 0.000   2.765 0.000  3.332 0.000 0.039 0.000 0.108 0.559
207.291667 208.291667   19.46 0.000 99.99 0.259000 9.999 0.259000 9.99 0.259000 0.017 0.559  0.898 0.000  1.257 0.000   5.228 0.000   2.118 0.000  3.110 0.000 0.021 0.000 0.206 0.559
210.291667 211.291667   33.80 0.559 99.99 0.559259 9.999 0.559259 9.99 0.559259 0.052 0.559  2.742 0.000  3.839 0.000  10.297 0.000   2.655 0.000  7.642 0.559 0.112 0.559 0.373 0.559
214.291667 215.291667   32.34 0.000 99.99 0.259000 9.999 0.259000 9.99 0.259000 0.020 0.559  3.645 0.000  5.103 0.000  13.492 0.000   3.745 0.000  9.747 0.000 0.107 0.000 0.316 0.559
217.291667 218.291667   25.35 0.000 99.99 0.259000 9.999 0.259000 9.99 0.259000 0.021 0.559  1.198 0.000  1.677 0.000   6.944 0.000   2.662 0.000  4.283 0.000 0.040 0.000 0.238 0.559
221.291667 222.291667   39.87 0.000 99.99 0.259000 9.999 0.259000 9.99 0.259000 0.013 0.559  1.799 0.000  2.518 0.000  10.035 0.000   4.758 0.000  5.278 0.000 0.057 0.000 0.249 0.559
224.291667 225.291667   15.52 0.000 99.99 0.259000 9.999 0.259000 9.99 0.259000 0.008 0.000  0.739 0.000  1.035 0.000   4.215 0.000   1.481 0.000  2.734 0.000 0.016 0.000 0.141 0.000
228.291667 229.291667   17.72 0.000 99.99 0.259000 9.999 0.259000 9.99 0.259000 0.015 0.559  0.960 0.000  1.344 0.000   5.075 0.000   1.294 0.000  3.781 0.000 0.029 0.000 0.268 0.559
231.291667 232.291667   28.84 0.000  0.09 0.000000 9.999 0.259000 9.99 0.259000 0.030 0.559  0.779 0.000  1.091 0.000   6.106 0.000   2.464 0.000  3.642 0.000 0.025 0.000 0.281 0.559
235.291667 236.291667   20.99 0.000 99.99 0.259000 9.999 0.259000 9.99 0.259000 0.026 0.000  0.736 0.000  1.030 0.000   6.468 0.000   2.400 0.000  4.069 0.000 0.025 0.000 0.416 0.000
238.291667 239.291667   11.12 0.000 99.99 0.259000 9.999 0.259000 9.99 0.259000 0.015 0.000  0.318 0.000  0.446 0.000   3.691 0.000   1.212 0.000  2.478 0.000 0.011 0.000 0.287 0.000
243.291667 244.291667    8.42 0.000 99.99 0.259000 9.999 0.259000 9.99 0.259000 0.014 0.000  0.462 0.000  0.647 0.000   4.724 0.000   2.097 0.000  2.627 0.000 0.009 0.000 0.291 0.000
246.291667 247.291667   26.15 0.000  0.25 0.000000 9.999 0.259000 9.99 0.259000 0.012 0.000  0.422 0.000  0.591 0.000   3.149 0.000   2.002 0.000  1.147 0.000 0.014 0.000 0.144 0.000
249.291667 250.291667   16.67 0.000  0.47 0.000000 9.999 0.259000 9.99 0.259000 0.024 0.000  1.034 0.000  1.447 0.000   6.342 0.000   1.845 0.000  4.497 0.000 0.029 0.000 0.485 0.000
252.291667 253.291667   13.08 0.000  0.21 0.000000 9.999 0.259000 9.99 0.259000 0.018 0.000  0.424 0.000  0.594 0.000   4.536 0.000   2.027 0.000  2.509 0.000 0.018 0.000 0.288 0.000
255.291667 256.291667 9999.99 0.456 99.99 0.456000 9.999 0.456000 9.99 0.456000 0.036 0.000  0.636 0.000  0.891 0.000   5.586 0.000 999.999 0.999 99.999 0.456 9.999 0.456 0.230 0.000
258.291667 259.291667   49.93 0.000  0.35 0.000000 9.999 0.259000 9.99 0.259000 0.041 0.000  1.034 0.000  1.447 0.000  11.681 0.000   6.528 0.000  5.153 0.000 0.044 0.000 0.442 0.000
261.291667 262.291667   16.74 0.000  0.20 0.000000 9.999 0.259000 9.99 0.259000 0.020 0.000  0.584 0.000  0.818 0.000   4.415 0.000   1.682 0.000  2.734 0.000 0.016 0.000 0.299 0.000
264.291667 265.291667   44.09 0.000  0.32 0.000000 9.999 0.259000 9.99 0.259000 0.037 0.000  0.662 0.000  0.926 0.000   8.559 0.000   4.856 0.000  3.704 0.000 0.045 0.000 0.271 0.000
267.291667 268.291667    4.34 0.000  0.15 0.000000 9.999 0.259000 9.99 0.259000 0.009 0.000  0.195 0.000  0.272 0.000   1.252 0.000   0.399 0.000  0.852 0.000 0.009 0.000 0.118 0.000
270.291667 271.291667   15.21 0.394  0.46 0.394000 9.999 0.394259 9.99 0.394259 0.018 0.394  0.518 0.000  0.725 0.000   4.177 0.000   1.213 0.000  2.964 0.000 0.012 0.394 0.331 0.394
273.291667 274.291667    7.27 0.000  0.17 0.000000 9.999 0.259000 9.99 0.259000 0.010 0.000  0.303 0.000  0.424 0.000   3.676 0.000   0.636 0.000  3.040 0.000 0.007 0.000 0.522 0.000
276.291667 277.291667   18.36 0.000  0.37 0.000000 9.999 0.259000 9.99 0.259000 0.017 0.559  0.309 0.000  0.433 0.000   5.160 0.000   2.152 0.000  3.007 0.000 0.017 0.000 0.428 0.559
279.291667 280.291667   15.59 0.000  0.34 0.000000 9.999 0.259000 9.99 0.259000 9.999 0.259  0.355 0.000  0.497 0.000   5.013 0.000   2.005 0.000  3.008 0.000 0.017 0.000 0.425 0.000
282.291667 283.291667   10.07 0.000  0.22 0.000000 9.999 0.259000 9.99 0.259000 0.028 0.000  0.442 0.000  0.619 0.000   3.411 0.000   0.871 0.000  2.540 0.000 0.013 0.000 0.343 0.000
285.291667 286.291667   12.43 0.000  0.46 0.000000 9.999 0.259000 9.99 0.259000 0.046 0.000  0.084 0.000  0.118 0.000   2.959 0.000   1.126 0.000  1.833 0.000 0.014 0.000 0.209 0.000
288.291667 289.291667   13.16 0.000 99.99 0.259000 9.999 0.259000 9.99 0.259000 0.026 0.000  0.515 0.000  0.721 0.000   3.596 0.000   1.174 0.000  2.422 0.000 0.012 0.000 0.184 0.000
291.291667 292.291667   24.40 0.000  0.26 0.000000 9.999 0.259000 9.99 0.259000 0.023 0.000  0.620 0.000  0.868 0.000   5.260 0.000   2.337 0.000  2.922 0.000 0.020 0.000 0.286 0.000
294.291667 295.291667   22.35 0.000  0.38 0.000000 9.999 0.259000 9.99 0.259000 0.026 0.000  0.433 0.000  0.606 0.000   5.178 0.000   1.878 0.000  3.299 0.000 0.014 0.000 0.440 0.000
