scripts/IMPROVE-2019_partial/data/US9063R.20040101070000.20191216000000.filterpack..pm25.52w.1w.US03L_filterpack_US9063.US03L_IMPROVE_Davis.lev2.nas
66 1001
MISSING INFORMATION
US03L, IMPROVE, , , , , , , 
MISSING INFORMATION
IMPROVE sel_HTAP
1 1
2004 01 01 2019 12 16
3.000000
days from file reference point
27
1 1 1 1 1 1 1 1 1 1 1 1 1 1 1 1 1 1 1 1 1 1 1 1 1 1 1
999.999999 9999.99 9.999 99.99 9.999 9.999 9.999999 9.99 9.999999 9.999 9.999 999.999 9.999 999.999 9.999 99.99 9.999999 999.999 9.999 999.999 9.999 999.999 9.999 9.999 9.999 9.999 9.999
end_time of measurement, days from the file reference point
iron, ng/m3, Revision date=20181210133000
numflag iron, no unit, Revision date=20181210133000
lead, ng/m3, Revision date=20181210133000
numflag lead, no unit, Revision date=20181210133000
magnesium, ug/m3, Revision date=20181210133000
numflag magnesium, no unit, Revision date=20181210133000
nickel, ng/m3, Revision date=20181210133000
numflag nickel, no unit, Revision date=20181210133000
nitrate, ug N/m3, Revision date=20181210133000
numflag nitrate, no unit, Revision date=20181210133000
organic_carbon, ug C/m3, Revision date=20181210133000
numflag organic_carbon, no unit, Revision date=20181210133000
organic_mass, ug/m3, Revision date=20181210133000
numflag organic_mass, no unit, Revision date=20181210133000
phosphorus, ng/m3, Revision date=20181210133000
numflag phosphorus, no unit, Revision date=20181210133000
pm10_mass, ug/m3, Version=2, Version description=Data extracted from http://views.cira.colostate.edu/fed/DataWizard 2019-12-16, Sample duration=1d, Orig. time res.=3d, Matrix=pm10, Blank correction=Blank corrected, Volume std. temperature=ambient, Volume std. pressure=ambient
numflag pm10_mass, no unit, Version=2, Version description=Data extracted from http://views.cira.colostate.edu/fed/DataWizard 2019-12-16, Sample duration=1d, Orig. time res.=3d, Matrix=pm10, Blank correction=Blank corrected, Volume std. temperature=ambient, Volume std. pressure=ambient
pm10_pm25_mass, ug/m3, Revision date=20181210133000, Matrix=pm10_pm25
numflag pm10_pm25_mass, no unit, Revision date=20181210133000, Matrix=pm10_pm25
pm25_mass, ug/m3, Version=2, Version description=Data extracted from http://views.cira.colostate.edu/fed/DataWizard 2019-12-16, Sample duration=1d, Orig. time res.=3d, Blank correction=Blank corrected, Volume std. temperature=ambient, Volume std. pressure=ambient
numflag pm25_mass, no unit, Version=2, Version description=Data extracted from http://views.cira.colostate.edu/fed/DataWizard 2019-12-16, Sample duration=1d, Orig. time res.=3d, Blank correction=Blank corrected, Volume std. temperature=ambient, Volume std. pressure=ambient
potassium, ug/m3, Revision date=20181210133000
numflag potassium, no unit, Revision date=20181210133000
sulphate_total, ug S/m3, Revision date=20181210133000
numflag sulphate_total, no unit, Revision date=20181210133000
0
25
Data definition:              EBAS_1.1
Set type code:                TU
Timezone:                     UTC
File name:                    US9063R.20040101070000.20191216000000.filterpack..pm25.52w.1w.US03L_filterpack_US9063.US03L_IMPROVE_Davis.lev2.nas
File creation:                20191218120943
Startdate:                    20040101070000
Revision date:                20191216000000
Statistics:                   arithmetic mean
Data level:                   2
Period code:                  52w
Resolution code:              1w
Station code:                 US9063R
Platform code:                US9063S
Station name:                 UL Bend
Station latitude:             47.5823
Station longitude:            -108.7196
Station altitude:             891.0 m
Regime:                       IMG
Component:                    
Matrix:                       pm25
Laboratory code:              US03L
Instrument type:              filterpack
Instrument name:              filterpack_US9063
Method ref:                   US03L_IMPROVE_Davis
starttime endtime Fe flag_Fe Pb flag_Pb Mg++ flag_Mg++ Ni flag_Ni NO3- flag_NO3- OC flag_OC OM flag_OM P flag_P PM10 flag_PM10 PM10-PM2.5 flag_PM10-PM2.5 PM2.5 flag_PM2.5 K+ flag_K+ SO4-- flag_SO4--
  0.291667   1.291667    7.38 0.559  0.44 0.559 9.999 0.559259 9.99 0.559259 0.264 0.000   0.629 0.000   0.880 0.000 99.99 0.559259   4.754 0.000   0.954 0.000   3.800 0.559 0.014 0.559 0.254 0.000
  3.291667   4.291667    3.01 0.000  0.34 0.000 9.999 0.259000 0.09 0.000000 0.150 0.000   0.519 0.000   0.727 0.000 99.99 0.259000   3.096 0.000   0.629 0.000   2.466 0.000 0.020 0.000 0.174 0.000
  6.291667   7.291667   12.56 0.000  0.50 0.000 9.999 0.259000 0.10 0.000000 0.030 0.000   0.253 0.000   0.355 0.000 99.99 0.259000   1.913 0.000   0.691 0.000   1.222 0.000 0.010 0.000 0.071 0.000
  9.291667  10.291667    5.22 0.000  0.20 0.000 9.999 0.259000 9.99 0.259000 0.011 0.000   0.295 0.000   0.413 0.000 99.99 0.259000   0.490 0.000 999.999 0.259   0.663 0.000 0.006 0.000 0.037 0.000
 12.291667  13.291667    7.63 0.000  0.21 0.000 9.999 0.259000 0.08 0.000000 0.023 0.000   0.344 0.000   0.482 0.000 99.99 0.259000   1.397 0.000   0.475 0.000   0.922 0.000 0.008 0.000 0.053 0.000
 15.291667  16.291667    2.00 0.000 99.99 0.259 9.999 0.259000 9.99 0.259000 0.007 0.000   0.218 0.000   0.304 0.000 99.99 0.259000   0.654 0.000   0.277 0.000   0.377 0.000 0.003 0.000 0.018 0.000
 18.291667  19.291667    1.66 0.000 99.99 0.259 9.999 0.259000 9.99 0.259000 0.035 0.000   0.290 0.000   0.406 0.000 99.99 0.259000   1.233 0.000   0.541 0.000   0.691 0.000 0.004 0.000 0.054 0.000
 21.291667  22.291667    3.79 0.000  0.15 0.000 9.999 0.259000 0.09 0.000000 0.029 0.000   0.206 0.000   0.289 0.000 99.99 0.259000   2.042 0.000   1.271 0.000   0.772 0.000 0.008 0.000 0.060 0.000
 24.291667  25.291667   19.03 0.000  1.16 0.000 9.999 0.259000 9.99 0.259000 0.207 0.000   0.533 0.000   0.747 0.000 99.99 0.259000  10.166 0.000   6.367 0.000   3.799 0.000 0.049 0.000 0.281 0.000
 27.291667  28.291667    6.95 0.000  0.64 0.000 9.999 0.259000 9.99 0.259000 0.039 0.000   0.290 0.000   0.406 0.000 99.99 0.259000   2.886 0.000   0.961 0.000   1.925 0.000 0.012 0.000 0.228 0.000
 30.291667  31.291667   21.10 0.000  1.15 0.000 9.999 0.259000 0.09 0.000000 0.224 0.000   0.581 0.000   0.814 0.000 99.99 0.259000   6.820 0.000   1.129 0.000   5.691 0.000 0.025 0.000 0.890 0.000
 33.291667  34.291667   11.25 0.000  0.60 0.000 9.999 0.259000 9.99 0.259000 0.165 0.000   1.015 0.000   1.421 0.000 99.99 0.259000   5.982 0.000   0.477 0.000   5.505 0.000 0.021 0.000 0.704 0.000
 36.291667  37.291667    9.09 0.000  0.28 0.000 0.019 0.000000 0.11 0.000000 0.521 0.000   1.358 0.000   1.901 0.000 99.99 0.259000   8.816 0.000   0.907 0.000   7.909 0.000 0.028 0.000 0.557 0.000
 39.291667  40.291667    2.14 0.000 99.99 0.259 9.999 0.259000 9.99 0.259000 0.078 0.559   0.384 0.000   0.538 0.000 99.99 0.259000   3.123 0.000   1.403 0.000   1.720 0.000 0.006 0.000 0.215 0.559
 42.291667  43.291667 9999.99 0.999 99.99 0.999 9.999 0.999000 9.99 0.999000 9.999 0.999 999.999 0.999 999.999 0.999 99.99 0.999000 999.999 0.999 999.999 0.999 999.999 0.999 9.999 0.999 9.999 0.999
 45.291667  46.291667 9999.99 0.999 99.99 0.999 9.999 0.999000 9.99 0.999000 9.999 0.999 999.999 0.999 999.999 0.999 99.99 0.999000 999.999 0.999 999.999 0.999 999.999 0.999 9.999 0.999 9.999 0.999
 48.291667  49.291667   17.25 0.000  0.30 0.000 9.999 0.259000 9.99 0.259000 0.019 0.000   0.392 0.000   0.549 0.000 99.99 0.259000   2.696 0.000   1.339 0.000   1.357 0.000 0.015 0.000 0.079 0.000
 51.291667  52.291667    3.65 0.000  0.21 0.000 9.999 0.259000 9.99 0.259000 0.058 0.559   0.428 0.000   0.599 0.000 99.99 0.259000   1.695 0.000   0.521 0.000   1.173 0.000 0.005 0.000 0.071 0.559
 54.291667  55.291667    5.22 0.000  0.45 0.000 9.999 0.259000 9.99 0.259000 0.286 0.000   0.621 0.000   0.869 0.000 99.99 0.259000   4.291 0.000   1.187 0.000   3.105 0.000 0.006 0.000 0.253 0.000
 57.291667  58.291667   11.83 0.000  0.85 0.000 9.999 0.259000 9.99 0.259000 0.125 0.000   0.471 0.000   0.660 0.000 99.99 0.259000   2.369 0.000   0.532 0.000   1.837 0.000 0.012 0.000 0.146 0.000
 60.291667  61.291667    9.59 0.000  0.23 0.000 9.999 0.259000 9.99 0.259000 0.124 0.559   0.445 0.000   0.623 0.000 99.99 0.259000   3.927 0.000   0.003 0.000   3.924 0.000 0.010 0.000 0.636 0.559
 63.291667  64.291667   16.11 0.000  1.10 0.000 9.999 0.259000 9.99 0.259000 0.157 0.000   0.457 0.000   0.640 0.000 99.99 0.259000   3.369 0.000   0.444 0.000   2.925 0.000 0.017 0.000 0.290 0.000
 66.291667  67.291667   24.70 0.000  1.09 0.000 9.999 0.259000 9.99 0.259000 0.023 0.559   0.147 0.000   0.206 0.000 99.99 0.259000   6.944 0.000   5.274 0.000   1.670 0.000 0.022 0.000 0.166 0.559
 69.291667  70.291667    7.01 0.000  0.43 0.000 9.999 0.259000 9.99 0.259000 0.018 0.559   0.118 0.000   0.165 0.000 99.99 0.259000   1.890 0.000   0.927 0.000   0.963 0.000 0.009 0.000 0.097 0.559
 72.291667  73.291667    5.90 0.000  0.29 0.000 0.047 0.000000 0.05 0.000000 0.050 0.559   0.258 0.000   0.361 0.000 99.99 0.259000   3.534 0.000   1.121 0.000   2.413 0.000 0.009 0.000 0.413 0.559
 75.291667  76.291667   18.15 0.000  0.82 0.000 9.999 0.259000 9.99 0.259000 0.037 0.000   0.384 0.000   0.537 0.000 99.99 0.259000   4.443 0.000   2.532 0.000   1.911 0.000 0.016 0.000 0.198 0.000
 78.291667  79.291667   20.63 0.000  0.44 0.000 0.052 0.000000 9.99 0.259000 0.012 0.559   0.108 0.000   0.151 0.000 99.99 0.259000   5.807 0.000   4.513 0.000   1.295 0.000 0.015 0.000 0.067 0.559
 81.291667  82.291667   14.77 0.000  1.08 0.000 9.999 0.259000 9.99 0.259000 0.032 0.559   0.268 0.000   0.376 0.000 99.99 0.259000   4.739 0.000   2.020 0.000   2.719 0.000 0.013 0.000 0.387 0.559
 84.291667  85.291667   31.60 0.000  0.52 0.000 9.999 0.259000 9.99 0.259000 0.021 0.000 999.999 0.259 999.999 0.259 99.99 0.259000   6.128 0.000   3.882 0.000   2.246 0.000 0.022 0.000 0.137 0.000
 87.291667  88.291667   17.28 0.000  1.28 0.000 9.999 0.259000 9.99 0.259000 0.015 0.000   0.254 0.000   0.356 0.000 99.99 0.259000   2.680 0.000   1.426 0.000   1.255 0.000 0.013 0.000 0.107 0.000
 90.291667  91.291667   78.42 0.000  1.54 0.000 0.060 0.000000 9.99 0.259000 0.033 0.000   0.975 0.000   1.365 0.000 99.99 0.259000  11.858 0.000   7.485 0.000   4.373 0.000 0.063 0.000 0.210 0.000
 93.291667  94.291667   25.62 0.000  1.41 0.000 0.038 0.000000 9.99 0.259000 0.110 0.559   0.852 0.000   1.192 0.000 99.99 0.259000   9.110 0.000   4.597 0.000   4.512 0.000 0.031 0.000 0.474 0.559
 96.291667  97.291667   92.51 0.000  2.28 0.000 0.039 0.000000 9.99 0.259000 0.047 0.000   1.581 0.000   2.213 0.000 99.99 0.259000  15.636 0.000   9.718 0.000   5.917 0.000 0.068 0.000 0.375 0.000
 99.291667 100.291667   33.99 0.000  1.34 0.000 0.052 0.000000 0.08 0.000000 0.040 0.000   2.996 0.000   4.195 0.000 99.99 0.259000   9.739 0.000   3.685 0.000   6.054 0.000 0.035 0.000 0.331 0.000
102.291667 103.291667   55.53 0.000  1.55 0.000 9.999 0.259000 9.99 0.259000 0.036 0.559   0.492 0.000   0.689 0.000 99.99 0.259000  12.204 0.000   7.842 0.000   4.362 0.000 0.042 0.000 0.524 0.559
105.291667 106.291667   47.76 0.000  1.54 0.000 9.999 0.259000 9.99 0.259000 0.018 0.559   0.424 0.000   0.593 0.000 99.99 0.259000   5.923 0.000   3.245 0.000   2.678 0.000 0.039 0.000 0.213 0.559
108.291667 109.291667   15.83 0.000  1.25 0.000 9.999 0.259000 9.99 0.259000 0.081 0.559   0.423 0.000   0.592 0.000 99.99 0.259000   3.939 0.000   1.457 0.000   2.482 0.000 0.017 0.000 0.330 0.559
111.291667 112.291667   21.07 0.000  0.97 0.000 9.999 0.259000 9.99 0.259000 0.011 0.559   0.206 0.000   0.288 0.000 99.99 0.259000   2.965 0.000   1.558 0.000   1.406 0.000 0.016 0.000 0.124 0.559
114.291667 115.291667   53.41 0.000  1.97 0.000 9.999 0.259000 0.11 0.000000 0.015 0.559   0.356 0.000   0.499 0.000 99.99 0.259000   7.472 0.000   4.589 0.000   2.884 0.000 0.046 0.000 0.267 0.559
117.291667 118.291667  114.52 0.000  1.89 0.000 9.999 0.259000 9.99 0.259000 0.029 0.559   1.096 0.000   1.535 0.000 99.99 0.259000  20.629 0.000  15.079 0.000   5.550 0.000 0.079 0.000 0.360 0.559
120.291667 121.291667   48.37 0.000  1.00 0.000 9.999 0.259000 9.99 0.259000 0.024 0.559   0.495 0.000   0.693 0.000 99.99 0.259000  13.644 0.000  10.172 0.000   3.472 0.000 0.039 0.000 0.344 0.559
123.291667 124.291667   27.74 0.000  0.82 0.000 0.067 0.000000 0.08 0.000000 0.015 0.559   0.955 0.000   1.337 0.000 99.99 0.259000   8.285 0.000   5.359 0.000   2.925 0.000 0.022 0.000 0.141 0.559
126.291667 127.291667   43.77 0.000  0.64 0.000 9.999 0.259000 0.13 0.000000 0.019 0.000   0.406 0.000   0.569 0.000 99.99 0.259000   7.066 0.000   4.517 0.000   2.549 0.000 0.027 0.000 0.175 0.000
129.291667 130.291667   16.05 0.000  0.71 0.000 9.999 0.259000 9.99 0.259000 0.013 0.559   0.237 0.000   0.333 0.000 99.99 0.259000   4.401 0.000   3.018 0.000   1.383 0.000 0.012 0.000 0.127 0.559
132.291667 133.291667   21.56 0.000  0.59 0.000 9.999 0.259000 0.15 0.000000 0.014 0.000   0.368 0.000   0.516 0.000 99.99 0.259000   2.655 0.000 999.999 0.259   2.666 0.000 0.016 0.000 0.333 0.000
135.291667 136.291667   14.08 0.000  1.18 0.000 9.999 0.259000 0.07 0.000000 0.030 0.000   0.543 0.000   0.760 0.000 99.99 0.259000   3.962 0.000   1.032 0.000   2.930 0.000 0.017 0.000 0.383 0.000
138.291667 139.291667   14.19 0.000  0.36 0.000 9.999 0.259000 0.14 0.000000 0.037 0.000   0.633 0.000   0.886 0.000 99.99 0.259000   3.249 0.000   0.856 0.000   2.393 0.000 0.013 0.000 0.268 0.000
141.291667 142.291667   23.87 0.000  1.28 0.000 9.999 0.259000 0.07 0.000000 0.043 0.000   0.704 0.000   0.985 0.000 99.99 0.259000   4.955 0.000   1.966 0.000   2.989 0.000 0.022 0.000 0.251 0.000
144.291667 145.291667   51.90 0.000  0.75 0.000 9.999 0.259000 0.30 0.000000 0.011 0.000   0.365 0.000   0.512 0.000 99.99 0.259000   2.369 0.000 999.999 0.259   3.047 0.000 0.030 0.000 0.197 0.000
147.291667 148.291667   12.03 0.000  0.66 0.000 9.999 0.259000 0.09 0.000000 0.010 0.000   0.314 0.000   0.439 0.000 99.99 0.259000   2.248 0.000   1.012 0.000   1.236 0.000 0.011 0.000 0.107 0.000
150.291667 151.291667   15.13 0.000  0.32 0.000 9.999 0.259000 0.20 0.000000 0.007 0.000   0.251 0.000   0.352 0.000 99.99 0.259000   1.967 0.000   0.883 0.000   1.084 0.000 0.010 0.000 0.072 0.000
153.291667 154.291667   37.48 0.000  0.70 0.000 0.128 0.000000 0.21 0.000000 0.011 0.000   0.489 0.000   0.685 0.000 99.99 0.259000   6.944 0.000   3.852 0.000   3.093 0.000 0.024 0.000 0.297 0.000
156.291667 157.291667   54.97 0.000  0.95 0.000 9.999 0.259000 0.08 0.000000 0.020 0.000   1.185 0.000   1.659 0.000 99.99 0.259000   9.152 0.000   4.897 0.000   4.255 0.000 0.040 0.000 0.280 0.000
159.291667 160.291667    8.91 0.000 99.99 0.259 9.999 0.259000 0.11 0.000000 0.008 0.000   0.493 0.000   0.691 0.000 99.99 0.259000   3.211 0.000   1.379 0.000   1.832 0.000 0.009 0.000 0.202 0.000
162.291667 163.291667   48.04 0.000  0.58 0.000 9.999 0.259000 0.53 0.000000 0.011 0.000   0.453 0.000   0.634 0.000 99.99 0.259000   3.351 0.000   0.526 0.000   2.825 0.000 0.026 0.000 0.218 0.000
165.291667 166.291667   20.92 0.000  0.66 0.000 9.999 0.259000 0.22 0.000000 0.009 0.000   0.322 0.000   0.450 0.000 99.99 0.259000   3.171 0.000   1.677 0.000   1.494 0.000 0.016 0.000 0.105 0.000
168.291667 169.291667   57.40 0.000  0.41 0.000 9.999 0.259000 0.44 0.000000 0.007 0.559   0.281 0.000   0.394 0.000 99.99 0.259000   2.867 0.000 999.999 0.259   2.951 0.000 0.031 0.000 0.124 0.559
171.291667 172.291667   21.29 0.000  0.78 0.000 9.999 0.259000 0.17 0.000000 0.011 0.559   0.588 0.000   0.824 0.000 99.99 0.259000   4.320 0.000   2.044 0.000   2.276 0.000 0.017 0.000 0.199 0.559
174.291667 175.291667   33.05 0.000  0.60 0.000 9.999 0.259000 0.41 0.000000 0.012 0.559   1.812 0.000   2.537 0.000 99.99 0.259000   8.719 0.000   3.498 0.000   5.221 0.000 0.042 0.000 0.179 0.559
177.291667 178.291667   28.92 0.000  0.33 0.000 9.999 0.259000 0.12 0.000000 0.014 0.000   0.783 0.000   1.096 0.000 99.99 0.259000   6.339 0.000   2.882 0.000   3.457 0.000 0.019 0.000 0.286 0.000
180.291667 181.291667   60.69 0.000  0.71 0.000 9.999 0.259000 0.40 0.000000 0.013 0.000   1.319 0.000   1.847 0.000 99.99 0.259000  18.564 0.000  13.597 0.000   4.968 0.000 0.037 0.000 0.339 0.000
183.291667 184.291667   23.15 0.000  0.27 0.000 9.999 0.259000 9.99 0.259000 0.014 0.000   1.641 0.000   2.298 0.000 99.99 0.259000   6.182 0.000   2.725 0.000   3.457 0.000 0.025 0.000 0.182 0.000
186.291667 187.291667    2.28 0.000  0.16 0.000 9.999 0.259000 9.99 0.259000 0.005 0.559   0.097 0.000   0.135 0.000 99.99 0.259000   1.244 0.000   0.676 0.000   0.569 0.000 0.006 0.000 0.042 0.559
189.291667 190.291667   28.53 0.000  0.35 0.000 0.027 0.000000 9.99 0.259000 0.012 0.000   0.563 0.000   0.788 0.000 99.99 0.259000  11.143 0.000   8.979 0.000   2.164 0.000 0.020 0.000 0.082 0.000
192.291667 193.291667   21.68 0.000  0.18 0.000 9.999 0.259000 9.99 0.259000 0.014 0.000   1.232 0.000   1.725 0.000 99.99 0.259000   5.867 0.000   2.395 0.000   3.472 0.000 0.028 0.000 0.174 0.000
195.291667 196.291667   34.77 0.000  0.30 0.000 9.999 0.259000 9.99 0.259000 0.011 0.000   1.699 0.000   2.378 0.000 99.99 0.259000  10.318 0.000   5.928 0.000   4.389 0.000 0.035 0.000 0.237 0.000
198.291667 199.291667   44.92 0.000  0.23 0.000 9.999 0.259000 9.99 0.259000 0.013 0.000   1.779 0.000   2.491 0.000 99.99 0.259000  10.776 0.000   6.348 0.000   4.428 0.000 0.045 0.000 0.222 0.000
201.291667 202.291667   23.21 0.000  0.24 0.000 0.115 0.000000 0.11 0.000000 0.007 0.000   0.857 0.000   1.200 0.000 99.99 0.259000   7.264 0.000   5.183 0.000   2.080 0.000 0.027 0.000 0.074 0.000
204.291667 205.291667 9999.99 0.999 99.99 0.999 9.999 0.999000 9.99 0.999000 9.999 0.999 999.999 0.999 999.999 0.999 99.99 0.999000 999.999 0.999 999.999 0.999 999.999 0.999 9.999 0.999 9.999 0.999
207.291667 208.291667   56.27 0.000  0.38 0.000 9.999 0.259000 9.99 0.259000 0.011 0.000   1.797 0.000   2.516 0.000 99.99 0.259000  13.968 0.000   9.369 0.000   4.599 0.000 0.042 0.000 0.138 0.000
210.291667 211.291667   16.65 0.000 99.99 0.259 9.999 0.259000 9.99 0.259000 0.010 0.000   1.188 0.000   1.663 0.000 99.99 0.259000   6.783 0.000   3.568 0.000   3.215 0.000 0.021 0.000 0.197 0.000
213.291667 214.291667   22.00 0.000 99.99 0.259 9.999 0.259000 9.99 0.259000 0.012 0.000   2.515 0.000   3.522 0.000 99.99 0.259000   8.963 0.000   3.481 0.000   5.482 0.000 0.039 0.000 0.176 0.000
216.291667 217.291667   36.16 0.000  0.11 0.000 9.999 0.259000 9.99 0.259000 0.047 0.000   1.451 0.000   2.032 0.000 99.99 0.259000   8.102 0.000   3.754 0.000   4.348 0.000 0.032 0.000 0.264 0.000
219.291667 220.291667   14.07 0.000  0.21 0.000 9.999 0.259000 9.99 0.259000 0.010 0.000   1.006 0.000   1.408 0.000 99.99 0.259000   4.135 0.000   2.632 0.000   1.503 0.000 0.018 0.000 0.093 0.000
222.291667 223.291667   13.02 0.000 99.99 0.259 9.999 0.259000 9.99 0.259000 0.007 0.000   0.659 0.000   0.923 0.000 99.99 0.259000   7.389 0.000   4.216 0.000   3.173 0.000 0.013 0.000 0.385 0.000
225.291667 226.291667   53.85 0.000  0.11 0.000 9.999 0.259000 9.99 0.259000 0.010 0.000   3.017 0.000   4.224 0.000 99.99 0.259000  17.300 0.000   9.359 0.000   7.941 0.000 0.060 0.000 0.248 0.000
228.291667 229.291667   38.60 0.000 99.99 0.259 9.999 0.259000 9.99 0.259000 0.031 0.000  11.283 0.000  15.796 0.000 99.99 0.259000  33.941 0.000  10.158 0.000  23.783 0.000 0.116 0.000 0.282 0.000
231.291667 232.291667   44.84 0.000  0.36 0.000 9.999 0.259000 0.09 0.000000 0.016 0.000   4.308 0.000   6.031 0.000 99.99 0.259000  19.138 0.000   9.070 0.000  10.068 0.000 0.063 0.000 0.292 0.000
234.291667 235.291667   22.84 0.000  0.33 0.000 0.035 0.000000 9.99 0.259000 0.013 0.000   1.085 0.000   1.518 0.000 99.99 0.259000   7.389 0.000   4.083 0.000   3.305 0.000 0.023 0.000 0.220 0.000
237.291667 238.291667   14.33 0.000 99.99 0.259 9.999 0.259000 9.99 0.259000 0.005 0.000   0.262 0.000   0.367 0.000 99.99 0.259000   1.556 0.000   0.616 0.000   0.940 0.000 0.010 0.000 0.031 0.000
