scripts/IMPROVE-2019_partial/data/US9073R.20020102060000.20191216000000.filterpack..pm25.52w.1w.US03L_filterpack_US9073.US03L_IMPROVE_Davis.lev2.nas
66 1001
MISSING INFORMATION
US03L, IMPROVE, , , , , , , 
MISSING INFORMATION
IMPROVE sel_HTAP
1 1
2002 01 01 2019 12 16
3.00
days from file reference point
27
1 1 1 1 1 1 1 1 1 1 1 1 1 1 1 1 1 1 1 1 1 1 1 1 1 1 1
999.99 9999.99 9.999 99.99 9.999 9.999 9.999999 9.99 9.999999 99.999 9.999 99.999 9.999 99.999 9.999 9999.99 9.999999 999.999 9.999 999.999 9.999 999.999 9.999 9.999 9.999 99.999 9.999
end_time of measurement, days from the file reference point
iron, ng/m3, Revision date=20181210133000
numflag iron, no unit, Revision date=20181210133000
lead, ng/m3, Revision date=20181210133000
numflag lead, no unit, Revision date=20181210133000
magnesium, ug/m3, Revision date=20181210133000
numflag magnesium, no unit, Revision date=20181210133000
nickel, ng/m3, Revision date=20181210133000
numflag nickel, no unit, Revision date=20181210133000
nitrate, ug N/m3, Revision date=20181210133000
numflag nitrate, no unit, Revision date=20181210133000
organic_carbon, ug C/m3, Revision date=20181210133000
numflag organic_carbon, no unit, Revision date=20181210133000
organic_mass, ug/m3, Revision date=20181210133000
numflag organic_mass, no unit, Revision date=20181210133000
phosphorus, ng/m3, Revision date=20181210133000
numflag phosphorus, no unit, Revision date=20181210133000
pm10_mass, ug/m3, Version=2, Version description=Data extracted from http://views.cira.colostate.edu/fed/DataWizard 2019-12-16, Sample duration=1d, Orig. time res.=3d, Matrix=pm10, Blank correction=Blank corrected, Volume std. temperature=ambient, Volume std. pressure=ambient
numflag pm10_mass, no unit, Version=2, Version description=Data extracted from http://views.cira.colostate.edu/fed/DataWizard 2019-12-16, Sample duration=1d, Orig. time res.=3d, Matrix=pm10, Blank correction=Blank corrected, Volume std. temperature=ambient, Volume std. pressure=ambient
pm10_pm25_mass, ug/m3, Revision date=20181210133000, Matrix=pm10_pm25
numflag pm10_pm25_mass, no unit, Revision date=20181210133000, Matrix=pm10_pm25
pm25_mass, ug/m3, Version=2, Version description=Data extracted from http://views.cira.colostate.edu/fed/DataWizard 2019-12-16, Sample duration=1d, Orig. time res.=3d, Blank correction=Blank corrected, Volume std. temperature=ambient, Volume std. pressure=ambient
numflag pm25_mass, no unit, Version=2, Version description=Data extracted from http://views.cira.colostate.edu/fed/DataWizard 2019-12-16, Sample duration=1d, Orig. time res.=3d, Blank correction=Blank corrected, Volume std. temperature=ambient, Volume std. pressure=ambient
potassium, ug/m3, Revision date=20181210133000
numflag potassium, no unit, Revision date=20181210133000
sulphate_total, ug S/m3, Revision date=20181210133000
numflag sulphate_total, no unit, Revision date=20181210133000
0
25
Data definition:              EBAS_1.1
Set type code:                TU
Timezone:                     UTC
File name:                    US9073R.20020102060000.20191216000000.filterpack..pm25.52w.1w.US03L_filterpack_US9073.US03L_IMPROVE_Davis.lev2.nas
File creation:                20191218121030
Startdate:                    20020102060000
Revision date:                20191216000000
Statistics:                   arithmetic mean
Data level:                   2
Period code:                  52w
Resolution code:              1w
Station code:                 US9073R
Platform code:                US9073S
Station name:                 Wichita Mountains
Station latitude:             34.7323
Station longitude:            -98.713
Station altitude:             509.0 m
Regime:                       IMG
Component:                    
Matrix:                       pm25
Laboratory code:              US03L
Instrument type:              filterpack
Instrument name:              filterpack_US9073
Method ref:                   US03L_IMPROVE_Davis
starttime endtime Fe flag_Fe Pb flag_Pb Mg++ flag_Mg++ Ni flag_Ni NO3- flag_NO3- OC flag_OC OM flag_OM P flag_P PM10 flag_PM10 PM10-PM2.5 flag_PM10-PM2.5 PM2.5 flag_PM2.5 K+ flag_K+ SO4-- flag_SO4--
[from data line 84]
253.25 254.25   30.43 0.000  1.82 0.000 9.999 0.259000 9.99 0.259000  0.053 0.000  1.756 0.000  2.458 0.000 9999.99 0.259000  21.825 0.000   8.861 0.000  12.965 0.000 0.038 0.000  1.918 0.000
256.25 257.25   19.42 0.000  1.06 0.000 9.999 0.259000 9.99 0.259000  0.021 0.000  1.101 0.000  1.542 0.000 9999.99 0.259000  11.491 0.000   2.546 0.000   8.946 0.000 0.025 0.000  1.515 0.000
259.25 260.25   20.09 0.000  2.36 0.000 9.999 0.259000 9.99 0.259000  0.042 0.000  1.456 0.000  2.039 0.000 9999.99 0.259000  16.526 0.000   5.425 0.000  11.101 0.000 0.031 0.000  1.900 0.000
262.25 263.25   15.67 0.000  0.71 0.000 9.999 0.259000 9.99 0.259000  0.025 0.000  0.907 0.000  1.271 0.000 9999.99 0.259000  11.533 0.000   8.121 0.000   3.412 0.000 0.019 0.000  0.290 0.000
265.25 266.25   17.81 0.000  1.01 0.000 0.027 0.000000 9.99 0.259000  0.030 0.000  1.136 0.000  1.590 0.000 9999.99 0.259000  10.582 0.000   6.888 0.000   3.694 0.000 0.021 0.000  0.244 0.000
268.25 269.25   25.38 0.000  0.89 0.000 9.999 0.259000 9.99 0.259000  0.043 0.000  1.407 0.000  1.970 0.000 9999.99 0.259000  18.023 0.000   6.277 0.000  11.745 0.000 0.032 0.000  1.937 0.000
271.25 272.25   43.44 0.000  2.22 0.000 9.999 0.259000 9.99 0.259000  0.053 0.000  2.605 0.000  3.647 0.000 9999.99 0.259000  21.784 0.000   8.227 0.000  13.557 0.000 0.050 0.000  1.611 0.000
274.25 275.25   20.86 0.000  1.10 0.000 0.032 0.000000 0.35 0.000000  0.066 0.000  0.873 0.000  1.223 0.000 9999.99 0.259000  13.478 0.000   7.462 0.000   6.016 0.000 0.022 0.000  1.022 0.000
277.25 278.25   17.23 0.000  0.72 0.000 0.062 0.000000 9.99 0.259000  0.027 0.000  0.929 0.000  1.301 0.000 9999.99 0.259000   9.440 0.000   6.161 0.000   3.279 0.000 0.026 0.000  0.321 0.000
280.25 281.25    7.01 0.000  0.94 0.000 9.999 0.259000 9.99 0.259000  0.067 0.000  1.222 0.000  1.711 0.000 9999.99 0.259000   5.580 0.000   1.844 0.000   3.737 0.000 0.019 0.000  0.245 0.000
283.25 284.25    6.43 0.000  1.33 0.000 9.999 0.259000 9.99 0.259000  0.095 0.000  1.599 0.000  2.238 0.000 9999.99 0.259000  10.251 0.000   2.469 0.000   7.783 0.000 0.013 0.000  1.103 0.000
286.25 287.25    8.31 0.000  1.34 0.000 0.013 0.000000 9.99 0.259000  0.031 0.000  0.841 0.000  1.177 0.000 9999.99 0.259000   5.857 0.000   2.889 0.000   2.968 0.000 0.019 0.000  0.320 0.000
289.25 290.25   30.46 0.000  1.44 0.000 0.017 0.000000 9.99 0.259000  0.059 0.000  1.364 0.000  1.910 0.000 9999.99 0.259000  15.012 0.000  10.133 0.000   4.879 0.000 0.037 0.000  0.371 0.000
292.25 293.25    9.54 0.000  1.23 0.000 9.999 0.259000 0.14 0.000000  0.150 0.000  0.816 0.000  1.142 0.000 9999.99 0.259000   6.404 0.000   3.288 0.000   3.116 0.000 0.014 0.000  0.341 0.000
295.25 296.25    6.35 0.000  0.71 0.000 9.999 0.259000 9.99 0.259000  0.100 0.000  0.811 0.000  1.135 0.000 9999.99 0.259000   9.356 0.000   1.967 0.000   7.390 0.000 0.015 0.000  1.291 0.000
298.25 299.25    4.90 0.000  0.92 0.000 0.026 0.000000 0.20 0.000000  0.392 0.000  0.764 0.000  1.069 0.000 9999.99 0.259000   5.229 0.000   1.045 0.000   4.184 0.000 0.007 0.000  0.523 0.000
301.25 302.25    2.27 0.000  0.34 0.000 0.021 0.000000 9.99 0.259000  0.066 0.000  0.502 0.000  0.702 0.000   29.32 0.000000   2.185 0.000   0.746 0.000   1.440 0.000 0.006 0.000  0.169 0.000
304.25 305.25    9.97 0.000  1.42 0.000 9.999 0.259000 9.99 0.259000  0.625 0.000  0.812 0.000  1.137 0.000 9999.99 0.259000  10.919 0.000   1.226 0.000   9.693 0.000 0.015 0.000  1.250 0.000
307.25 308.25   11.90 0.000  0.62 0.000 0.017 0.000000 0.14 0.000000  0.275 0.000  0.716 0.000  1.002 0.000 9999.99 0.259000   5.229 0.000   1.476 0.000   3.753 0.000 0.021 0.000  0.365 0.000
310.25 311.25   11.97 0.000  1.05 0.000 9.999 0.259000 0.06 0.000000  0.025 0.000  0.939 0.000  1.315 0.000 9999.99 0.259000   5.863 0.000   2.820 0.000   3.044 0.000 0.016 0.000  0.320 0.000
313.25 314.25   20.97 0.000  0.21 0.000 9.999 0.259000 9.99 0.259000  0.012 0.000  0.432 0.000  0.605 0.000 9999.99 0.259000   8.358 0.000   6.838 0.000   1.520 0.000 0.015 0.000  0.090 0.000
316.25 317.25    8.79 0.000  0.65 0.000 9.999 0.259000 9.99 0.259000  0.038 0.000  0.566 0.000  0.792 0.000 9999.99 0.259000   5.697 0.000   3.658 0.000   2.039 0.000 0.013 0.000  0.213 0.000
319.25 320.25   11.53 0.000  0.88 0.000 9.999 0.259000 9.99 0.259000  0.736 0.000  0.860 0.000  1.204 0.000 9999.99 0.259000   8.283 0.000   3.200 0.000   5.083 0.000 0.021 0.000  0.478 0.000
322.25 323.25   21.75 0.000  0.96 0.000 9.999 0.259000 9.99 0.259000  0.023 0.559  0.599 0.000  0.839 0.000 9999.99 0.259000   9.077 0.000   7.046 0.000   2.031 0.000 0.031 0.000  0.113 0.559
325.25 326.25   27.21 0.000  0.94 0.000 9.999 0.259000 9.99 0.259000  0.139 0.000  0.790 0.000  1.106 0.000 9999.99 0.259000  13.345 0.000  10.615 0.000   2.730 0.000 0.035 0.000  0.169 0.000
328.25 329.25   27.17 0.000  0.86 0.000 9.999 0.259000 0.25 0.000000  0.447 0.000  0.573 0.000  0.801 0.000 9999.99 0.259000  15.362 0.000   9.600 0.000   5.762 0.000 0.057 0.000  0.511 0.000
331.25 332.25   21.05 0.000  0.53 0.000 9.999 0.259000 9.99 0.259000  0.201 0.000  0.743 0.000  1.040 0.000 9999.99 0.259000   9.162 0.000   5.984 0.000   3.178 0.000 0.026 0.000  0.282 0.000
334.25 335.25   28.68 0.456  0.51 0.456 9.999 0.456259 9.99 0.456259  0.037 0.000  0.579 0.000  0.810 0.000 9999.99 0.456259  12.592 0.000 999.999 0.999 999.999 0.456 0.027 0.456  0.117 0.000
337.25 338.25   13.56 0.000  1.34 0.000 0.027 0.000000 9.99 0.259000  0.822 0.000  0.792 0.000  1.109 0.000 9999.99 0.259000  10.120 0.000   1.692 0.000   8.428 0.000 0.028 0.000  0.593 0.000
340.25 341.25    7.68 0.000  0.37 0.000 0.036 0.000000 0.15 0.000000  0.593 0.000  0.979 0.000  1.370 0.000 9999.99 0.259000   8.325 0.000   1.173 0.000   7.152 0.000 0.011 0.000  0.716 0.000
343.25 344.25   15.27 0.000  1.37 0.000 9.999 0.259000 0.15 0.000000  0.568 0.000  1.481 0.000  2.074 0.000 9999.99 0.259000  12.598 0.000   0.972 0.000  11.626 0.000 0.029 0.000  1.373 0.000
346.25 347.25   13.17 0.000  0.67 0.000 0.027 0.000000 9.99 0.259000  0.256 0.000  0.519 0.000  0.727 0.000 9999.99 0.259000   4.895 0.000   3.003 0.000   1.891 0.000 0.019 0.000  0.119 0.000
349.25 350.25   67.05 0.000  0.90 0.000 0.032 0.000000 9.99 0.259000  0.107 0.000  0.676 0.000  0.946 0.000 9999.99 0.259000  17.631 0.000  14.337 0.000   3.294 0.000 0.053 0.000  0.175 0.000
352.25 353.25    8.36 0.000  0.30 0.000 0.028 0.000000 9.99 0.259000  0.122 0.000  0.367 0.000  0.514 0.000 9999.99 0.259000   4.644 0.000   3.486 0.000   1.157 0.000 0.009 0.000  0.084 0.000
355.25 356.25   14.52 0.000  0.79 0.000 9.999 0.259000 9.99 0.259000  0.156 0.000  0.435 0.000  0.609 0.000 9999.99 0.259000   6.024 0.000   4.392 0.000   1.632 0.000 0.012 0.000  0.088 0.000
358.25 359.25    8.35 0.000  0.41 0.000 9.999 0.259000 9.99 0.259000  0.636 0.000  0.485 0.000  0.680 0.000 9999.99 0.259000   5.766 0.000   1.582 0.000   4.184 0.000 0.011 0.000  0.207 0.000
361.25 362.25    8.52 0.000  0.61 0.000 0.022 0.000000 9.99 0.259000  0.225 0.000  0.749 0.000  1.049 0.000 9999.99 0.259000   4.769 0.000   1.890 0.000   2.879 0.000 0.017 0.000  0.312 0.000
364.25 365.25   11.27 0.000  0.87 0.000 0.032 0.000000 9.99 0.259000  0.026 0.000  0.354 0.000  0.496 0.000 9999.99 0.259000   5.918 0.000   4.395 0.000   1.523 0.000 0.012 0.000  0.151 0.000
