scripts/IMPROVE-2019_partial/data/US9068R.20150103070000.20191216000000.filterpack...1y.3d.US03L_filterpack_US9068.US03L_IMPROVE_Davis.lev2.nas
52 1001
MISSING INFORMATION
US03L, IMPROVE, , , , , , , 
MISSING INFORMATION
IMPROVE sel_HTAP
1 1
2015 01 01 2019 12 16
3.000000
days from file reference point
5
1 1 1 1 1
999.999999 999.999 9.999 999.999 9.999
end_time of measurement, days from the file reference point
pm10_mass, ug/m3, Matrix=pm10
numflag pm10_mass, no unit, Matrix=pm10
pm25_mass, ug/m3, Matrix=pm25
numflag pm25_mass, no unit, Matrix=pm25
0
33
Data definition:              EBAS_1.1
Set type code:                TU
Timezone:                     UTC
File name:                    US9068R.20150103070000.20191216000000.filterpack...1y.3d.US03L_filterpack_US9068.US03L_IMPROVE_Davis.lev2.nas
File creation:                20191218121013
Startdate:                    20150103070000
Revision date:                20191216000000
Version:                      2
Version description:          "Data extracted from http://views.cira.colostate.edu/fed/DataWizard 2019-12-16"
Statistics:                   arithmetic mean
Data level:                   2
Period code:                  1y
Resolution code:              3d
Sample duration:              1d
Orig. time res.:              3d
Station code:                 US9068R
Platform code:                US9068S
Station name:                 Salt Creek
Station latitude:             33.4598
Station longitude:            -104.4042
Station altitude:             1072.0 m
Regime:                       IMG
Component:                    
Unit:                         ug/m3
Matrix:                       
Laboratory code:              US03L
Instrument type:              filterpack
Instrument name:              filterpack_US9068
Method ref:                   US03L_IMPROVE_Davis
Blank correction:             Blank corrected
Volume std. temperature:      ambient
Volume std. pressure:         ambient
starttime endtime PM10 flag_PM10 PM2.5 flag_PM2.5
  2.291667   3.291667 999.999 0.999 999.999 0.999
  5.291667   6.291667 999.999 0.999 999.999 0.999
  8.291667   9.291667   6.825 0.000   4.305 0.000
 11.291667  12.291667  12.477 0.000  10.182 0.000
 14.291667  15.291667   4.362 0.000   2.584 0.000
 17.291667  18.291667  13.770 0.000   2.493 0.000
 20.291667  21.291667   6.968 0.000   2.233 0.000
 23.291667  24.291667   5.327 0.000   3.821 0.000
 26.291667  27.291667   6.971 0.000   4.765 0.000
 29.291667  30.291667   6.729 0.000   3.551 0.000
 32.291667  33.291667   6.283 0.000   3.465 0.000
 35.291667  36.291667   8.320 0.000   3.906 0.000
 38.291667  39.291667   4.012 0.000   1.217 0.000
 41.291667  42.291667  11.673 0.000   3.204 0.000
 44.291667  45.291667   6.552 0.000   3.009 0.000
 47.291667  48.291667   4.221 0.000   3.143 0.000
 50.291667  51.291667   7.020 0.000   1.809 0.000
 53.291667  54.291667   8.961 0.000   6.922 0.000
 56.291667  57.291667   5.505 0.000   3.930 0.000
 59.291667  60.291667   8.675 0.000   9.620 0.000
 62.291667  63.291667 999.999 0.456   3.520 0.000
 65.291667  66.291667 999.999 0.456   4.185 0.000
 68.291667  69.291667 999.999 0.456   3.125 0.000
 71.291667  72.291667  16.630 0.000   4.994 0.000
 74.291667  75.291667  11.530 0.000   3.349 0.000
 77.291667  78.291667   4.692 0.000   2.952 0.000
 80.291667  81.291667 999.999 0.999 999.999 0.999
 83.291667  84.291667  20.909 0.000   3.067 0.000
 86.291667  87.291667   7.674 0.000   2.226 0.000
 89.291667  90.291667  18.898 0.000   6.333 0.000
 92.291667  93.291667  78.042 0.000  10.126 0.000
 95.291667  96.291667  17.037 0.000   3.816 0.000
 98.291667  99.291667  21.643 0.000   5.500 0.000
101.291667 102.291667  13.391 0.000   4.072 0.000
104.291667 105.291667   7.624 0.000   3.209 0.000
107.291667 108.291667   6.295 0.000   2.095 0.000
110.291667 111.291667  12.779 0.000   3.902 0.000
113.291667 114.291667  10.878 0.000   2.962 0.000
116.291667 117.291667   2.773 0.000   1.135 0.000
119.291667 120.291667  16.590 0.000   4.487 0.000
122.291667 123.291667  18.426 0.000   5.948 0.000
125.291667 126.291667   6.524 0.000   2.703 0.000
128.291667 129.291667  14.093 0.000   4.734 0.000
131.291667 132.291667   6.307 0.000   2.987 0.000
134.291667 135.291667   8.496 0.000   4.581 0.000
137.291667 138.291667  12.620 0.000   4.521 0.000
140.291667 141.291667   2.030 0.000   1.034 0.000
143.291667 144.291667   8.615 0.000   3.216 0.000
146.291667 147.291667  18.847 0.000   7.217 0.000
149.291667 150.291667   5.963 0.000   3.222 0.000
152.291667 153.291667  15.645 0.000   5.386 0.000
155.291667 156.291667  14.309 0.000   6.442 0.000
158.291667 159.291667   8.642 0.000   4.117 0.000
161.291667 162.291667  16.303 0.000   5.079 0.000
164.291667 165.291667  10.927 0.000   3.824 0.000
167.291667 168.291667  13.730 0.000   4.766 0.000
170.291667 171.291667  18.345 0.000   8.611 0.000
173.291667 174.291667  41.417 0.000  20.597 0.000
176.291667 177.291667  18.005 0.000   5.939 0.000
179.291667 180.291667  13.775 0.000   6.532 0.000
182.291667 183.291667  15.958 0.000   8.465 0.000
185.291667 186.291667  20.381 0.000  10.736 0.000
188.291667 189.291667  14.237 0.000   8.691 0.000
191.291667 192.291667  13.846 0.000   8.408 0.000
194.291667 195.291667  11.823 0.000   3.523 0.000
197.291667 198.291667  13.872 0.000   5.923 0.000
200.291667 201.291667  12.583 0.000   3.216 0.000
203.291667 204.291667  14.935 0.000   4.353 0.000
206.291667 207.291667  16.305 0.000   5.768 0.000
209.291667 210.291667  13.762 0.000   5.575 0.000
212.291667 213.291667  19.646 0.000   8.596 0.000
215.291667 216.291667   9.221 0.000   3.970 0.000
218.291667 219.291667  21.955 0.000   7.347 0.000
221.291667 222.291667 999.999 0.999 999.999 0.999
224.291667 225.291667  23.623 0.000   8.174 0.000
227.291667 228.291667  12.325 0.000   6.774 0.000
230.291667 231.291667  46.306 0.000  20.501 0.000
233.291667 234.291667 999.999 0.999 999.999 0.999
236.291667 237.291667 999.999 0.999 999.999 0.999
239.291667 240.291667  13.296 0.000   3.792 0.000
242.291667 243.291667  24.977 0.000  12.364 0.000
245.291667 246.291667  22.523 0.000   6.546 0.000
248.291667 249.291667  19.497 0.000   8.738 0.000
251.291667 252.291667  24.863 0.000   7.769 0.000
254.291667 255.291667  20.474 0.000   6.352 0.000
257.291667 258.291667  21.831 0.000   5.961 0.000
260.291667 261.291667  19.356 0.000   4.241 0.000
263.291667 264.291667  12.179 0.000   5.980 0.000
266.291667 267.291667   8.967 0.000   5.665 0.000
269.291667 270.291667  13.292 0.000   6.042 0.000
272.291667 273.291667  25.971 0.000   8.787 0.000
275.291667 276.291667  19.056 0.000   7.673 0.000
278.291667 279.291667  13.302 0.000   8.912 0.000
281.291667 282.291667  11.387 0.000   7.360 0.000
284.291667 285.291667  21.190 0.000   3.656 0.000
287.291667 288.291667 999.999 0.999 999.999 0.999
290.291667 291.291667  17.730 0.000   7.021 0.000
293.291667 294.291667   3.820 0.000   2.356 0.000
296.291667 297.291667   5.668 0.000   2.025 0.000
299.291667 300.291667   8.376 0.000   2.446 0.000
302.291667 303.291667   2.944 0.000   1.443 0.000
305.291667 306.291667   5.786 0.000   2.068 0.000
308.291667 309.291667   7.491 0.000   1.347 0.000
311.291667 312.291667  10.534 0.000   3.383 0.000
314.291667 315.291667   8.424 0.000   1.474 0.000
317.291667 318.291667  13.242 0.000   4.487 0.000
320.291667 321.291667   9.142 0.000   1.584 0.000
323.291667 324.291667  16.953 0.000   2.780 0.000
326.291667 327.291667  19.359 0.000   3.778 0.000
329.291667 330.291667   7.194 0.000   4.681 0.000
332.291667 333.291667   4.335 0.000   3.481 0.000
335.291667 336.291667   6.195 0.000   2.054 0.000
338.291667 339.291667  13.180 0.000   8.291 0.000
341.291667 342.291667   5.828 0.000   1.865 0.000
344.291667 345.291667  11.378 0.000   2.473 0.000
347.291667 348.291667   7.074 0.000   1.468 0.000
350.291667 351.291667   3.713 0.000   1.196 0.000
353.291667 354.291667  22.020 0.000   4.346 0.000
356.291667 357.291667   9.384 0.000   1.281 0.000
359.291667 360.291667  19.593 0.000   2.870 0.000
362.291667 363.291667  11.767 0.000   4.586 0.000
