scripts/IMPROVE-2019_partial/data/US9056R.19950104070000.20191216000000.filterpack.pm25_mass.pm25.1y.3d.US03L_filterpack_US9056.US03L_IMPROVE_Davis.lev2.nas
50 1001
MISSING INFORMATION
US03L, IMPROVE, , , , , , , 
MISSING INFORMATION
IMPROVE sel_HTAP
1 1
1995 01 01 2019 12 16
0
days from file reference point
3
1 1 1
999.999999 99.999 9.999
end_time of measurement, days from the file reference point
pm25_mass, ug/m3
numflag pm25_mass, no unit
0
33
Data definition:              EBAS_1.1
Set type code:                TI
Timezone:                     UTC
File name:                    US9056R.19950104070000.20191216000000.filterpack.pm25_mass.pm25.1y.3d.US03L_filterpack_US9056.US03L_IMPROVE_Davis.lev2.nas
File creation:                20191218120915
Startdate:                    19950104070000
Revision date:                20191216000000
Version:                      2
Version description:          "Data extracted from http://views.cira.colostate.edu/fed/DataWizard 2019-12-16"
Statistics:                   arithmetic mean
Data level:                   2
Period code:                  1y
Resolution code:              3d
Sample duration:              1d
Orig. time res.:              3d
Station code:                 US9056R
Platform code:                US9056S
Station name:                 Salmon NF
Station latitude:             45.1588
Station longitude:            -114.026
Station altitude:             2788.0 m
Regime:                       IMG
Component:                    pm25_mass
Unit:                         ug/m3
Matrix:                       pm25
Laboratory code:              US03L
Instrument type:              filterpack
Instrument name:              filterpack_US9056
Method ref:                   US03L_IMPROVE_Davis
Blank correction:             Blank corrected
Volume std. temperature:      ambient
Volume std. pressure:         ambient
starttime endtime PM2.5 flag_PM2.5
  3.291667   4.291667  0.602 0.000
  6.291667   7.291667  0.430 0.000
 10.291667  11.291667 99.999 0.259
 13.291667  14.291667 99.999 0.259
 17.291667  18.291667 99.999 0.259
 20.291667  21.291667 99.999 0.999
 24.291667  25.291667 99.999 0.999
 27.291667  28.291667  0.710 0.000
 31.291667  32.291667 99.999 0.999
 34.291667  35.291667  1.218 0.000
 38.291667  39.291667  2.947 0.000
 41.291667  42.291667  1.325 0.000
 45.291667  46.291667  0.731 0.000
 48.291667  49.291667 99.999 0.259
 52.291667  53.291667  1.250 0.000
 55.291667  56.291667  1.968 0.000
 59.291667  60.291667  2.625 0.000
 62.291667  63.291667  0.964 0.000
 66.291667  67.291667  0.978 0.000
 69.291667  70.291667  0.359 0.000
 73.291667  74.291667  0.889 0.000
 76.291667  77.291667  1.580 0.000
 80.291667  81.291667  0.698 0.000
 83.291667  84.291667  1.562 0.000
 87.291667  88.291667  2.125 0.000
 90.291667  91.291667  2.346 0.000
 94.291667  95.291667  1.993 0.000
 97.291667  98.291667  0.586 0.000
101.291667 102.291667  4.808 0.000
104.291667 105.291667  1.121 0.000
108.291667 109.291667  1.068 0.000
111.291667 112.291667  2.367 0.000
115.291667 116.291667  3.176 0.000
118.291667 119.291667  1.308 0.000
122.291667 123.291667  0.489 0.000
125.291667 126.291667  0.489 0.000
129.291667 130.291667  2.123 0.000
132.291667 133.291667  1.866 0.000
136.291667 137.291667 99.999 0.999
139.291667 140.291667 99.999 0.999
143.291667 144.291667  2.766 0.000
146.291667 147.291667  1.203 0.000
150.291667 151.291667 99.999 0.999
153.291667 154.291667  0.617 0.000
157.291667 158.291667 99.999 0.999
160.291667 161.291667  1.789 0.000
164.291667 165.291667  2.071 0.000
167.291667 168.291667  1.828 0.000
171.291667 172.291667  0.748 0.000
174.291667 175.291667  2.748 0.000
178.291667 179.291667  9.490 0.000
181.291667 182.291667  5.489 0.000
185.291667 186.291667  2.010 0.000
188.291667 189.291667  3.015 0.000
192.291667 193.291667  3.547 0.000
195.291667 196.291667  3.310 0.000
199.291667 200.291667  3.888 0.000
202.291667 203.291667  3.083 0.000
206.291667 207.291667  3.130 0.000
209.291667 210.291667  3.904 0.000
213.291667 214.291667  3.198 0.000
216.291667 217.291667  3.350 0.000
220.291667 221.291667  1.217 0.000
223.291667 224.291667  1.988 0.000
227.291667 228.291667  1.988 0.000
230.291667 231.291667  1.336 0.000
234.291667 235.291667  3.310 0.000
237.291667 238.291667  3.428 0.000
241.291667 242.291667  2.207 0.000
244.291667 245.291667  2.472 0.000
248.291667 249.291667  3.680 0.000
251.291667 252.291667  1.437 0.000
255.291667 256.291667  2.555 0.000
258.291667 259.291667  4.003 0.000
262.291667 263.291667  0.543 0.000
265.291667 266.291667  2.893 0.000
269.291667 270.291667  1.314 0.000
272.291667 273.291667  1.147 0.000
276.291667 277.291667  1.151 0.000
279.291667 280.291667  2.608 0.000
283.291667 284.291667  2.334 0.000
286.291667 287.291667  0.522 0.000
290.291667 291.291667  0.899 0.000
293.291667 294.291667  2.346 0.000
297.291667 298.291667  1.917 0.000
300.291667 301.291667  1.540 0.000
304.291667 305.291667  3.712 0.000
307.291667 308.291667  1.268 0.000
311.291667 312.291667  0.789 0.000
314.291667 315.291667 99.999 0.259
318.291667 319.291667  2.149 0.000
321.291667 322.291667  1.588 0.000
325.291667 326.291667  1.026 0.000
328.291667 329.291667  0.352 0.000
332.291667 333.291667  0.549 0.000
335.291667 336.291667  1.251 0.000
339.291667 340.291667  0.808 0.000
342.291667 343.291667  0.299 0.000
346.291667 347.291667 99.999 0.259
349.291667 350.291667 99.999 0.259
353.291667 354.291667 99.999 0.999
356.291667 357.291667 99.999 0.999
360.291667 361.291667 99.999 0.999
363.291667 364.291667 99.999 0.999
