scripts/IMPROVE-2019_partial/data/US9045R.20010101080000.20191216000000.filterpack..pm25.52w.1w.US03L_filterpack_US9045.US03L_IMPROVE_Davis.lev2.nas
64 1001
MISSING INFORMATION
US03L, IMPROVE, , , , , , , 
MISSING INFORMATION
IMPROVE sel_HTAP
1 1
2001 01 01 2019 12 16
3.000000
days from file reference point
25
1 1 1 1 1 1 1 1 1 1 1 1 1 1 1 1 1 1 1 1 1 1 1 1 1
999.999999 9999.99 9.999 99.99 9.999999 9.999 9.999999 9.99 9.999999 99.999 9.999 99.999 9.999 999.999 9.999 999.999 9.999 999.999 9.999 999.999 9.999 9.999 9.999999 99.999 9.999
end_time of measurement, days from the file reference point
iron, ng/m3, Revision date=20181210133000
numflag iron, no unit, Revision date=20181210133000
lead, ng/m3, Revision date=20181210133000
numflag lead, no unit, Revision date=20181210133000
magnesium, ug/m3, Revision date=20181210133000
numflag magnesium, no unit, Revision date=20181210133000
nickel, ng/m3, Revision date=20181210133000
numflag nickel, no unit, Revision date=20181210133000
nitrate, ug N/m3, Revision date=20181210133000
numflag nitrate, no unit, Revision date=20181210133000
organic_carbon, ug C/m3, Revision date=20181210133000
numflag organic_carbon, no unit, Revision date=20181210133000
organic_mass, ug/m3, Revision date=20181210133000
numflag organic_mass, no unit, Revision date=20181210133000
pm10_mass, ug/m3, Version=2, Version description=Data extracted from http://views.cira.colostate.edu/fed/DataWizard 2019-12-16, Sample duration=1d, Orig. time res.=3d, Matrix=pm10, Blank correction=Blank corrected, Volume std. temperature=ambient, Volume std. pressure=ambient
numflag pm10_mass, no unit, Version=2, Version description=Data extracted from http://views.cira.colostate.edu/fed/DataWizard 2019-12-16, Sample duration=1d, Orig. time res.=3d, Matrix=pm10, Blank correction=Blank corrected, Volume std. temperature=ambient, Volume std. pressure=ambient
pm10_pm25_mass, ug/m3, Revision date=20181210133000, Matrix=pm10_pm25
numflag pm10_pm25_mass, no unit, Revision date=20181210133000, Matrix=pm10_pm25
pm25_mass, ug/m3, Version=2, Version description=Data extracted from http://views.cira.colostate.edu/fed/DataWizard 2019-12-16, Sample duration=1d, Orig. time res.=3d, Blank correction=Blank corrected, Volume std. temperature=ambient, Volume std. pressure=ambient
numflag pm25_mass, no unit, Version=2, Version description=Data extracted from http://views.cira.colostate.edu/fed/DataWizard 2019-12-16, Sample duration=1d, Orig. time res.=3d, Blank correction=Blank corrected, Volume std. temperature=ambient, Volume std. pressure=ambient
potassium, ug/m3, Revision date=20181210133000
numflag potassium, no unit, Revision date=20181210133000
sulphate_total, ug S/m3, Revision date=20181210133000
numflag sulphate_total, no unit, Revision date=20181210133000
0
25
Data definition:              EBAS_1.1
Set type code:                TU
Timezone:                     UTC
File name:                    US9045R.20010101080000.20191216000000.filterpack..pm25.52w.1w.US03L_filterpack_US9045.US03L_IMPROVE_Davis.lev2.nas
File creation:                20191218120828
Startdate:                    20010101080000
Revision date:                20191216000000
Statistics:                   arithmetic mean
Data level:                   2
Period code:                  52w
Resolution code:              1w
Station code:                 US9045R
Platform code:                US9045S
Station name:                 Sequoia NP
Station latitude:             36.4894
Station longitude:            -118.8291
Station altitude:             519.0 m
Regime:                       IMG
Component:                    
Matrix:                       pm25
Laboratory code:              US03L
Instrument type:              filterpack
Instrument name:              filterpack_US9045
Method ref:                   US03L_IMPROVE_Davis
starttime endtime Fe flag_Fe Pb flag_Pb Mg++ flag_Mg++ Ni flag_Ni NO3- flag_NO3- OC flag_OC OM flag_OM PM10 flag_PM10 PM10-PM2.5 flag_PM10-PM2.5 PM2.5 flag_PM2.5 K+ flag_K+ SO4-- flag_SO4--
  0.333333   1.333333   14.58 0.559  1.17 0.559000 9.999 0.559259 9.99 0.559259  0.831 0.000  1.893 0.000   2.651 0.000  12.752 0.000   5.138 0.000   7.614 0.559 0.035 0.559000  0.194 0.000
  3.333333   4.333333   18.13 0.000  1.99 0.000000 9.999 0.259000 9.99 0.259000  0.921 0.000  4.147 0.000   5.806 0.000  16.610 0.000   4.191 0.000  12.419 0.000 0.048 0.000000  0.173 0.000
  6.333333   7.333333   10.27 0.000  1.00 0.000000 9.999 0.259000 9.99 0.259000  0.156 0.000  0.830 0.000   1.162 0.000   3.777 0.000   1.711 0.000   2.066 0.000 0.037 0.000000  0.137 0.000
  9.333333  10.333333    2.53 0.000  0.16 0.000000 9.999 0.259000 9.99 0.259000  0.036 0.000  0.434 0.000   0.608 0.000   2.042 0.000   1.348 0.000   0.694 0.000 0.009 0.000000  0.063 0.000
 12.333333  13.333333    2.70 0.559  0.37 0.559000 0.006 0.559000 9.99 0.559259  0.426 0.000  0.908 0.000   1.271 0.000   5.351 0.000   1.935 0.000   3.416 0.559 0.030 0.559000  0.099 0.000
 15.333333  16.333333    3.39 0.559  1.04 0.559000 0.023 0.559000 9.99 0.559259  0.516 0.000  0.763 0.000   1.068 0.000   4.150 0.000   0.608 0.000   3.542 0.559 0.023 0.559000  0.143 0.000
 18.333333  19.333333   12.58 0.559  1.21 0.559000 9.999 0.559259 9.99 0.559259  2.805 0.000  1.812 0.000   2.536 0.000  22.957 0.000   3.300 0.000  19.657 0.559 0.054 0.559000  0.308 0.000
 21.333333  22.333333    9.37 0.559  0.95 0.559000 9.999 0.559259 9.99 0.559259  0.972 0.000  1.363 0.000   1.909 0.000   9.543 0.000   2.377 0.000   7.167 0.559 0.044 0.559000  0.174 0.000
 24.333333  25.333333    4.63 0.559  0.26 0.559000 0.012 0.559000 9.99 0.559259  0.062 0.000  0.289 0.000   0.405 0.000   1.838 0.000   1.138 0.000   0.700 0.559 0.014 0.559000  0.090 0.000
 27.333333  28.333333    3.27 0.559  0.52 0.559000 9.999 0.559259 9.99 0.559259  0.273 0.000  0.626 0.000   0.877 0.000   4.207 0.000   1.659 0.000   2.548 0.559 0.017 0.559000  0.251 0.000
 30.333333  31.333333    8.43 0.559  1.54 0.559000 9.999 0.559259 9.99 0.559259  0.899 0.000  1.805 0.000   2.526 0.000   9.466 0.000   1.341 0.000   8.125 0.559 0.039 0.559000  0.301 0.000
 33.333333  34.333333   32.57 0.559  2.30 0.559000 9.999 0.559259 9.99 0.559259  2.895 0.000  2.284 0.000   3.197 0.000  25.805 0.000   4.496 0.000  21.309 0.559 0.038 0.559000  0.385 0.000
 36.333333  37.333333   21.77 0.559  2.81 0.559000 9.999 0.559259 0.13 0.559000  3.192 0.000  1.874 0.000   2.624 0.000  32.216 0.000   6.924 0.000  25.291 0.559 0.061 0.559000  0.557 0.000
 39.333333  40.333333    9.62 0.559  0.37 0.559000 9.999 0.559259 0.19 0.559000  0.183 0.000  0.652 0.000   0.912 0.000   5.753 0.000   3.475 0.000   2.277 0.559 0.039 0.559000  0.210 0.000
 42.333333  43.333333    1.54 0.559 99.99 0.559259 9.999 0.559259 9.99 0.559259  0.026 0.000  0.272 0.000   0.380 0.000   2.876 0.000   2.314 0.000   0.562 0.559 0.008 0.559000  0.085 0.000
 45.333333  46.333333    4.92 0.559  0.79 0.559000 9.999 0.559259 9.99 0.559259  0.421 0.000  0.690 0.000   0.966 0.000   4.890 0.000   1.600 0.000   3.289 0.559 0.017 0.559000  0.202 0.000
 48.333333  49.333333    8.51 0.559  0.78 0.559000 9.999 0.559259 9.99 0.559259  0.042 0.000  0.393 0.000   0.550 0.000   2.466 0.000   1.317 0.000   1.148 0.559 0.016 0.559000  0.119 0.000
 51.333333  52.333333    3.06 0.559  0.17 0.559000 9.999 0.559259 9.99 0.559259  0.036 0.000  0.337 0.000   0.472 0.000   3.534 0.000   2.353 0.000   1.181 0.559 0.016 0.559000  0.061 0.000
 54.333333  55.333333    2.14 0.559  0.25 0.559000 0.012 0.559000 9.99 0.559259  0.010 0.000  0.250 0.000   0.350 0.000   1.488 0.000   0.839 0.000   0.649 0.559 9.999 0.559259  0.042 0.000
 57.333333  58.333333    4.07 0.559  0.70 0.559000 9.999 0.559259 9.99 0.559259  0.257 0.000  0.743 0.000   1.040 0.000   5.219 0.000   2.283 0.000   2.936 0.559 0.017 0.559000  0.158 0.000
 60.333333  61.333333   13.10 0.000  1.48 0.000000 9.999 0.259000 0.25 0.000000  0.943 0.000  1.340 0.000   1.876 0.000  12.451 0.000   3.239 0.000   9.211 0.000 0.031 0.000000  0.330 0.000
 63.333333  64.333333   12.45 0.559 99.99 0.559259 9.999 0.559259 9.99 0.559259  0.015 0.000  0.376 0.000   0.526 0.000   4.003 0.000   2.564 0.000   1.440 0.559 0.014 0.559000  0.105 0.000
 66.333333  67.333333   12.10 0.559  0.55 0.559000 9.999 0.559259 9.99 0.559259  0.178 0.000  0.980 0.000   1.372 0.000   6.332 0.000   2.396 0.000   3.936 0.559 0.018 0.559000  0.311 0.000
 69.333333  70.333333    6.83 0.559  0.75 0.559000 9.999 0.559259 9.99 0.559259  0.060 0.559  0.651 0.000   0.912 0.000   4.191 0.000   2.147 0.000   2.044 0.559 0.016 0.559000  0.154 0.559
 72.333333  73.333333   33.14 0.559  1.25 0.559000 9.999 0.559259 9.99 0.559259  1.255 0.000  2.144 0.000   3.002 0.000  16.190 0.000   5.090 0.000  11.100 0.559 0.057 0.559000  0.438 0.000
 75.333333  76.333333   31.09 0.559  0.98 0.559000 9.999 0.559259 0.20 0.559000  0.976 0.000  2.088 0.000   2.923 0.000  15.615 0.000   5.993 0.000   9.622 0.559 0.058 0.559000  0.596 0.000
 78.333333  79.333333   20.66 0.559  0.55 0.559000 9.999 0.559259 9.99 0.559259  0.065 0.000  1.155 0.000   1.617 0.000   7.716 0.000   4.117 0.000   3.599 0.559 0.028 0.559000  0.202 0.000
 81.333333  82.333333   32.94 0.559  1.21 0.559000 9.999 0.559259 9.99 0.559259  1.655 0.000  1.790 0.000   2.506 0.000  24.469 0.000   9.456 0.000  15.014 0.559 0.044 0.559000  0.893 0.000
 84.333333  85.333333   15.54 0.559  1.40 0.559000 9.999 0.559259 9.99 0.559259  0.214 0.000  1.009 0.000   1.412 0.000   9.477 0.000   5.517 0.000   3.960 0.559 0.032 0.559000  0.309 0.000
 87.333333  88.333333   35.67 0.559  1.26 0.559000 9.999 0.559259 9.99 0.559259  0.534 0.000  2.097 0.000   2.936 0.000  13.807 0.000   5.766 0.000   8.041 0.559 0.065 0.559000  0.557 0.000
 90.333333  91.333333   61.61 0.559  0.96 0.559000 9.999 0.559259 9.99 0.559259  0.256 0.000  2.258 0.000   3.161 0.000  14.985 0.000   7.561 0.000   7.424 0.559 0.049 0.559000  0.420 0.000
 93.333333  94.333333   41.31 0.559  1.17 0.559000 9.999 0.559259 9.99 0.559259  0.279 0.000  1.085 0.000   1.519 0.000  10.889 0.000   6.739 0.000   4.150 0.559 0.049 0.559000  0.361 0.000
 96.333333  97.333333 9999.99 0.999 99.99 0.999000 9.999 0.999000 9.99 0.999000  0.014 0.000  0.309 0.000   0.432 0.000   0.822 0.000 999.999 0.999 999.999 0.999 9.999 0.999000  0.040 0.000
 99.333333 100.333333    9.94 0.559  1.02 0.559000 9.999 0.559259 9.99 0.559259  0.122 0.000  0.658 0.000   0.921 0.000   3.739 0.000   1.415 0.000   2.324 0.559 0.022 0.559000  0.253 0.000
102.333333 103.333333  112.94 0.559  0.51 0.559000 9.999 0.559259 9.99 0.559259  0.606 0.000  1.144 0.000   1.602 0.000  15.779 0.000   7.691 0.000   8.088 0.559 0.164 0.559000  0.502 0.000
105.333333 106.333333  352.45 0.559  1.14 0.559000 9.999 0.559259 9.99 0.559259  0.223 0.000  1.743 0.000   2.441 0.000  30.433 0.000  19.008 0.000  11.425 0.559 0.201 0.559000  0.495 0.000
108.333333 109.333333   56.82 0.559 99.99 0.559259 9.999 0.559259 9.99 0.559259  0.108 0.000  0.607 0.000   0.850 0.000   7.848 0.000   5.037 0.000   2.812 0.559 0.035 0.559000  0.209 0.000
111.333333 112.333333   19.02 0.559  0.67 0.559000 9.999 0.559259 9.99 0.559259  0.036 0.000  0.942 0.000   1.319 0.000   4.698 0.000   1.942 0.000   2.756 0.559 0.016 0.559000  0.173 0.000
114.333333 115.333333   84.95 0.559  0.81 0.559000 9.999 0.559259 9.99 0.559259  0.083 0.000  2.717 0.000   3.804 0.000  14.417 0.000   5.729 0.000   8.688 0.559 0.054 0.559000  0.561 0.000
117.333333 118.333333   59.94 0.559  0.70 0.559000 9.999 0.559259 9.99 0.559259  0.573 0.000  3.554 0.000   4.976 0.000  22.230 0.000   8.144 0.000  14.086 0.559 0.051 0.559000  1.074 0.000
120.333333 121.333333   90.02 0.559  1.22 0.559000 9.999 0.559259 9.99 0.559259  0.222 0.000  3.839 0.000   5.374 0.000  21.487 0.000   9.518 0.000  11.969 0.559 0.068 0.559000  0.718 0.000
123.333333 124.333333  145.59 0.559  0.78 0.559000 9.999 0.559259 9.99 0.559259  0.133 0.559  1.754 0.000   2.456 0.000  27.494 0.000  20.521 0.000   6.972 0.559 0.073 0.559000  0.386 0.559
126.333333 127.333333  171.42 0.559  1.47 0.559000 9.999 0.559259 9.99 0.559259  0.113 0.559  2.958 0.000   4.141 0.000  22.085 0.000  11.696 0.000  10.389 0.559 0.168 0.559000  0.573 0.559
129.333333 130.333333  185.08 0.559  0.95 0.559000 9.999 0.559259 9.99 0.559259  0.121 0.559  2.845 0.000   3.983 0.000  22.933 0.000  13.233 0.000   9.700 0.559 0.095 0.559000  0.528 0.559
132.333333 133.333333   99.56 0.559  0.88 0.559000 9.999 0.559259 9.99 0.559259  0.364 0.000  2.486 0.000   3.480 0.000  22.092 0.000  12.852 0.000   9.241 0.559 0.087 0.559000  0.721 0.000
135.333333 136.333333 9999.99 0.999 99.99 0.999000 9.999 0.999000 9.99 0.999000 99.999 0.999 99.999 0.999 999.999 0.999 999.999 0.999 999.999 0.999 999.999 0.999 9.999 0.999000 99.999 0.999
138.333333 139.333333   96.40 0.559  1.85 0.559000 9.999 0.559259 9.99 0.559259  0.162 0.559  2.865 0.000   4.010 0.000  22.287 0.000  12.406 0.000   9.880 0.559 0.077 0.559000  0.688 0.559
141.333333 142.333333   67.68 0.559  0.75 0.559000 9.999 0.559259 9.99 0.559259  0.061 0.559  2.398 0.000   3.357 0.000  17.159 0.000  10.271 0.000   6.888 0.559 0.054 0.559000  0.436 0.559
144.333333 145.333333  109.66 0.559  1.21 0.559000 9.999 0.559259 9.99 0.559259  0.088 0.559  2.711 0.000   3.795 0.000  28.793 0.000  18.856 0.000   9.937 0.559 0.066 0.559000  0.702 0.559
147.333333 148.333333   84.40 0.559  7.57 0.559000 9.999 0.559259 9.99 0.559259  0.243 0.559  1.922 0.000   2.690 0.000  23.489 0.000  15.500 0.000   7.989 0.559 0.065 0.559000  0.678 0.559
150.333333 151.333333  119.00 0.559  0.95 0.559000 9.999 0.559259 9.99 0.559259  0.098 0.559  2.626 0.000   3.676 0.000  24.427 0.000  14.960 0.000   9.467 0.559 0.109 0.559000  0.803 0.559
153.333333 154.333333   41.32 0.559  1.41 0.559000 9.999 0.559259 9.99 0.559259  0.242 0.559  1.174 0.000   1.644 0.000  16.366 0.000  11.414 0.000   4.952 0.559 0.081 0.559000  0.275 0.559
156.333333 157.333333  100.64 0.559  1.00 0.559000 9.999 0.559259 0.18 0.559000  0.108 0.000  1.596 0.000   2.234 0.000  26.194 0.000  19.221 0.000   6.973 0.559 0.063 0.559000  0.448 0.000
159.333333 160.333333  100.92 0.559  1.65 0.559000 9.999 0.559259 9.99 0.559259  0.123 0.559  1.970 0.000   2.758 0.000  22.904 0.000  14.549 0.000   8.356 0.559 0.095 0.559000  0.643 0.559
162.333333 163.333333 9999.99 0.999 99.99 0.999000 9.999 0.999000 9.99 0.999000 99.999 0.999 99.999 0.999 999.999 0.999 999.999 0.999 999.999 0.999 999.999 0.999 9.999 0.999000 99.999 0.999
165.333333 166.333333  105.37 0.559  1.18 0.559000 9.999 0.559259 0.18 0.559000  0.119 0.559  2.438 0.000   3.413 0.000  27.698 0.000  19.166 0.000   8.532 0.559 0.141 0.559000  0.475 0.559
168.333333 169.333333   50.65 0.559  1.05 0.559000 9.999 0.559259 9.99 0.559259  0.106 0.559  2.027 0.000   2.838 0.000  18.104 0.000  10.590 0.000   7.514 0.559 0.048 0.559000  0.529 0.559
171.333333 172.333333  119.26 0.559  1.22 0.559000 9.999 0.559259 9.99 0.559259  0.144 0.559  3.255 0.000   4.557 0.000  32.703 0.000  20.835 0.000  11.868 0.559 0.080 0.559000  0.739 0.559
174.333333 175.333333   50.90 0.559  0.72 0.559000 9.999 0.559259 9.99 0.559259  0.112 0.559  1.572 0.000   2.201 0.000  18.532 0.000  12.240 0.000   6.293 0.559 0.048 0.559000  0.455 0.559
177.333333 178.333333   76.64 0.559  0.71 0.559000 9.999 0.559259 9.99 0.559259  0.092 0.559  1.991 0.000   2.788 0.000  22.206 0.000  15.404 0.000   6.802 0.559 0.121 0.559000  0.406 0.559
180.333333 181.333333   66.04 0.000  5.18 0.000000 9.999 0.259000 9.99 0.259000  0.115 0.559  8.256 0.000  11.558 0.000  32.300 0.000  13.145 0.000  19.155 0.000 0.086 0.000000  1.020 0.559
183.333333 184.333333   63.17 0.559  1.20 0.559000 9.999 0.559259 9.99 0.559259  0.086 0.559  3.273 0.000   4.582 0.000  21.315 0.000  11.508 0.000   9.807 0.559 0.078 0.559000  0.808 0.559
186.333333 187.333333   56.71 0.559  2.47 0.559000 9.999 0.559259 0.23 0.559000  0.121 0.559  2.754 0.000   3.855 0.000  19.453 0.000   9.719 0.000   9.734 0.559 0.191 0.559000  0.693 0.559
189.333333 190.333333   37.98 0.559  1.67 0.559000 9.999 0.559259 9.99 0.559259  0.131 0.559  2.490 0.000   3.486 0.000  19.541 0.000   9.757 0.000   9.784 0.559 0.077 0.559000  0.916 0.559
192.333333 193.333333   61.46 0.559  1.94 0.559000 9.999 0.559259 0.27 0.559000  0.260 0.559  3.010 0.000   4.214 0.000  26.122 0.000  15.028 0.000  11.094 0.559 0.085 0.559000  0.992 0.559
195.333333 196.333333   36.52 0.559  0.89 0.559000 9.999 0.559259 0.17 0.559000  0.154 0.559  1.796 0.000   2.514 0.000  15.827 0.000   9.278 0.000   6.549 0.559 0.042 0.559000  0.510 0.559
198.333333 199.333333   58.01 0.559  0.86 0.559000 9.999 0.559259 0.18 0.559000  0.234 0.559  2.131 0.000   2.984 0.000  24.773 0.000  15.570 0.000   9.203 0.559 0.069 0.559000  0.717 0.559
201.333333 202.333333   46.31 0.559  0.80 0.559000 9.999 0.559259 9.99 0.559259  0.192 0.559  2.146 0.000   3.005 0.000  21.849 0.000  14.594 0.000   7.255 0.559 0.080 0.559000  0.464 0.559
204.333333 205.333333   58.46 0.559  0.90 0.559000 9.999 0.559259 9.99 0.559259  0.105 0.559  2.390 0.000   3.346 0.000  20.102 0.000  12.446 0.000   7.656 0.559 0.060 0.559000  0.522 0.559
207.333333 208.333333   92.54 0.559  1.23 0.559000 9.999 0.559259 9.99 0.559259  0.092 0.559  3.332 0.000   4.665 0.000  29.756 0.000  18.390 0.000  11.366 0.559 0.075 0.559000  0.742 0.559
210.333333 211.333333   58.60 0.559  0.76 0.559000 9.999 0.559259 9.99 0.559259  0.195 0.559  1.520 0.000   2.128 0.000  21.402 0.000  15.733 0.000   5.669 0.559 0.048 0.559000  0.303 0.559
213.333333 214.333333   82.32 0.559  0.79 0.559000 9.999 0.559259 9.99 0.559259  0.106 0.559  2.644 0.000   3.702 0.000  25.088 0.000  15.839 0.000   9.250 0.559 0.080 0.559000  0.597 0.559
216.333333 217.333333   45.59 0.559  1.06 0.559000 9.999 0.559259 9.99 0.559259  0.071 0.559  2.338 0.000   3.273 0.000  19.541 0.000  12.145 0.000   7.396 0.559 0.035 0.559000  0.440 0.559
219.333333 220.333333   87.83 0.559  1.27 0.559000 9.999 0.559259 0.13 0.559000  0.073 0.559  2.345 0.000   3.283 0.000  23.683 0.000  15.344 0.000   8.339 0.559 0.055 0.559000  0.677 0.559
222.333333 223.333333   77.37 0.559  1.59 0.559000 9.999 0.559259 0.14 0.559000  0.165 0.559  2.495 0.000   3.492 0.000  25.557 0.000  16.572 0.000   8.985 0.559 0.154 0.559000  0.703 0.559
225.333333 226.333333  107.72 0.559  2.08 0.559000 9.999 0.559259 0.14 0.559000  0.103 0.000  2.384 0.000   3.338 0.000  27.369 0.000  18.923 0.000   8.447 0.559 0.076 0.559000  0.593 0.000
228.333333 229.333333   75.07 0.559  0.91 0.559000 9.999 0.559259 0.25 0.559000  0.052 0.000  2.060 0.000   2.884 0.000  24.959 0.000  18.043 0.000   6.916 0.559 0.073 0.559000  0.445 0.000
231.333333 232.333333   61.63 0.559  0.66 0.559000 9.999 0.559259 0.16 0.559000  0.131 0.000  1.511 0.000   2.115 0.000  19.281 0.000  13.183 0.000   6.098 0.559 0.113 0.559000  0.371 0.000
234.333333 235.333333  111.42 0.000  1.87 0.000000 9.999 0.259000 0.25 0.000000  0.294 0.000  6.104 0.000   8.545 0.000  35.218 0.000  19.188 0.000  16.030 0.000 0.189 0.000000  0.466 0.000
237.333333 238.333333  104.10 0.559  1.23 0.559000 9.999 0.559259 0.15 0.559000  0.068 0.000  3.636 0.000   5.090 0.000  26.471 0.000  15.997 0.000  10.474 0.559 0.077 0.559000  0.518 0.000
240.333333 241.333333  237.37 0.000  1.34 0.000000 9.999 0.259000 0.57 0.000000  0.167 0.000  3.023 0.000   4.232 0.000  38.113 0.000  24.999 0.000  13.114 0.000 0.128 0.000000  0.566 0.000
243.333333 244.333333  118.46 0.559  0.96 0.559000 9.999 0.559259 9.99 0.559259  0.103 0.000  1.972 0.000   2.760 0.000  25.449 0.000  16.634 0.000   8.815 0.559 0.085 0.559000  0.605 0.000
246.333333 247.333333  119.20 0.559  1.01 0.559000 9.999 0.559259 9.99 0.559259  0.056 0.000  1.448 0.000   2.027 0.000  20.915 0.000  14.507 0.000   6.408 0.559 0.071 0.559000  0.419 0.000
249.333333 250.333333  270.38 0.000  1.67 0.000000 9.999 0.259000 0.24 0.000000  0.293 0.000  3.389 0.000   4.744 0.000  36.160 0.000  22.560 0.000  13.601 0.000 0.267 0.000000  0.421 0.000
