scripts/IMPROVE-2019_partial/data/US9064R.19990102070000.20191216000000.filterpack.pm25_mass.pm25.1y.3d.US03L_filterpack_US9064.US03L_IMPROVE_Davis.lev2.nas
50 1001
MISSING INFORMATION
US03L, IMPROVE, , , , , , , 
MISSING INFORMATION
IMPROVE sel_HTAP
1 1
1999 01 01 2019 12 16
0
days from file reference point
3
1 1 1
999.999999 999.999 9.999
end_time of measurement, days from the file reference point
pm25_mass, ug/m3
numflag pm25_mass, no unit
0
33
Data definition:              EBAS_1.1
Set type code:                TI
Timezone:                     UTC
File name:                    US9064R.19990102070000.20191216000000.filterpack.pm25_mass.pm25.1y.3d.US03L_filterpack_US9064.US03L_IMPROVE_Davis.lev2.nas
File creation:                20191218120950
Startdate:                    19990102070000
Revision date:                20191216000000
Version:                      2
Version description:          "Data extracted from http://views.cira.colostate.edu/fed/DataWizard 2019-12-16"
Statistics:                   arithmetic mean
Data level:                   2
Period code:                  1y
Resolution code:              3d
Sample duration:              1d
Orig. time res.:              3d
Station code:                 US9064R
Platform code:                US9064S
Station name:                 Sula Peak
Station latitude:             45.8598
Station longitude:            -114.0001
Station altitude:             1895.0 m
Regime:                       IMG
Component:                    pm25_mass
Unit:                         ug/m3
Matrix:                       pm25
Laboratory code:              US03L
Instrument type:              filterpack
Instrument name:              filterpack_US9064
Method ref:                   US03L_IMPROVE_Davis
Blank correction:             Blank corrected
Volume std. temperature:      ambient
Volume std. pressure:         ambient
starttime endtime PM2.5 flag_PM2.5
  1.291667   2.291667   0.418 0.000
  5.291667   6.291667 999.999 0.259
  8.291667   9.291667   1.615 0.000
 12.291667  13.291667 999.999 0.259
 15.291667  16.291667   0.420 0.000
 19.291667  20.291667 999.999 0.999
 22.291667  23.291667   1.975 0.000
 26.291667  27.291667   1.402 0.000
 29.291667  30.291667   1.369 0.000
 33.291667  34.291667   1.415 0.000
 36.291667  37.291667   3.522 0.000
 40.291667  41.291667   1.076 0.000
 43.291667  44.291667   2.150 0.000
 47.291667  48.291667   0.782 0.000
 50.291667  51.291667   0.880 0.000
 54.291667  55.291667   0.721 0.000
 57.291667  58.291667   0.688 0.000
 61.291667  62.291667   0.880 0.000
 64.291667  65.291667   1.174 0.000
 68.291667  69.291667   1.369 0.000
 71.291667  72.291667   2.282 0.000
 75.291667  76.291667   3.837 0.000
 78.291667  79.291667   5.366 0.000
 82.291667  83.291667   2.953 0.000
 85.291667  86.291667   1.136 0.000
 89.291667  90.291667 999.999 0.999
 92.291667  93.291667   2.379 0.000
 96.291667  97.291667   1.421 0.000
 99.291667 100.291667   1.823 0.000
103.291667 104.291667   3.034 0.000
106.291667 107.291667  11.953 0.000
110.291667 111.291667   2.086 0.000
113.291667 114.291667   4.211 0.000
117.291667 118.291667   2.400 0.000
120.291667 121.291667   3.840 0.000
124.291667 125.291667   2.090 0.000
127.291667 128.291667   2.186 0.000
131.291667 132.291667   2.639 0.000
134.291667 135.291667   2.828 0.000
138.291667 139.291667   3.578 0.000
141.291667 142.291667   0.795 0.000
145.291667 146.291667   4.383 0.000
148.291667 149.291667   4.722 0.000
152.291667 153.291667   0.903 0.000
155.291667 156.291667   3.237 0.000
159.291667 160.291667   0.966 0.000
162.291667 163.291667   2.959 0.000
166.291667 167.291667   3.215 0.000
169.291667 170.291667   3.578 0.000
173.291667 174.291667   0.970 0.000
176.291667 177.291667   1.057 0.000
180.291667 181.291667   1.580 0.000
183.291667 184.291667   2.246 0.000
187.291667 188.291667   4.414 0.000
190.291667 191.291667   4.944 0.000
194.291667 195.291667   4.761 0.000
197.291667 198.291667   4.458 0.000
201.291667 202.291667   4.428 0.000
204.291667 205.291667   5.762 0.000
208.291667 209.291667   5.231 0.000
211.291667 212.291667 999.999 0.999
215.291667 216.291667 999.999 0.999
218.291667 219.291667 999.999 0.999
222.291667 223.291667   9.838 0.000
225.291667 226.291667 999.999 0.999
229.291667 230.291667   2.819 0.000
232.291667 233.291667   5.698 0.000
236.291667 237.291667   5.223 0.000
239.291667 240.291667   5.314 0.000
243.291667 244.291667   1.902 0.000
246.291667 247.291667   2.295 0.000
250.291667 251.291667   3.251 0.000
253.291667 254.291667   3.715 0.000
257.291667 258.291667   3.673 0.000
260.291667 261.291667  10.093 0.000
264.291667 265.291667  10.309 0.000
267.291667 268.291667   7.724 0.000
271.291667 272.291667   1.844 0.000
274.291667 275.291667   3.349 0.000
278.291667 279.291667   6.605 0.000
281.291667 282.291667   0.857 0.000
285.291667 286.291667   1.728 0.000
288.291667 289.291667   1.944 0.000
292.291667 293.291667   1.850 0.000
295.291667 296.291667   2.447 0.000
299.291667 300.291667   2.158 0.000
302.291667 303.291667   1.908 0.000
306.291667 307.291667   1.869 0.000
309.291667 310.291667   1.121 0.000
313.291667 314.291667   1.028 0.000
316.291667 317.291667   1.028 0.000
320.291667 321.291667   2.229 0.000
323.291667 324.291667   0.775 0.000
327.291667 328.291667   1.593 0.000
330.291667 331.291667   1.561 0.000
334.291667 335.291667   0.848 0.000
337.291667 338.291667   0.646 0.000
341.291667 342.291667   0.805 0.000
344.291667 345.291667 999.999 0.259
348.291667 349.291667 999.999 0.259
351.291667 352.291667 999.999 0.259
355.291667 356.291667   0.414 0.000
358.291667 359.291667   0.669 0.000
362.291667 363.291667   0.721 0.000
