scripts/IMPROVE-2019_partial/data/US9055R.20170101070000.20191216000000.filterpack...52w.3d.US03L_filterpack_US9055.US03L_IMPROVE_Davis.lev2.nas
52 1001
MISSING INFORMATION
US03L, IMPROVE, , , , , , , 
MISSING INFORMATION
IMPROVE sel_HTAP
1 1
2017 01 01 2019 12 16
3.000000
days from file reference point
5
1 1 1 1 1
999.999999 999.999 9.999 999.999 9.999
end_time of measurement, days from the file reference point
pm10_mass, ug/m3, Matrix=pm10
numflag pm10_mass, no unit, Matrix=pm10
pm25_mass, ug/m3, Matrix=pm25
numflag pm25_mass, no unit, Matrix=pm25
0
33
Data definition:              EBAS_1.1
Set type code:                TU
Timezone:                     UTC
File name:                    US9055R.20170101070000.20191216000000.filterpack...52w.3d.US03L_filterpack_US9055.US03L_IMPROVE_Davis.lev2.nas
File creation:                20191218120914
Startdate:                    20170101070000
Revision date:                20191216000000
Version:                      2
Version description:          "Data extracted from http://views.cira.colostate.edu/fed/DataWizard 2019-12-16"
Statistics:                   arithmetic mean
Data level:                   2
Period code:                  52w
Resolution code:              3d
Sample duration:              1d
Orig. time res.:              3d
Station code:                 US9055R
Platform code:                US9055S
Station name:                 Sawtooth NF
Station latitude:             44.1705
Station longitude:            -114.9271
Station altitude:             1990.0 m
Regime:                       IMG
Component:                    
Unit:                         ug/m3
Matrix:                       
Laboratory code:              US03L
Instrument type:              filterpack
Instrument name:              filterpack_US9055
Method ref:                   US03L_IMPROVE_Davis
Blank correction:             Blank corrected
Volume std. temperature:      ambient
Volume std. pressure:         ambient
starttime endtime PM10 flag_PM10 PM2.5 flag_PM2.5
  0.291667   1.291667   1.631 0.000   1.280 0.000
  3.291667   4.291667   2.359 0.000   1.598 0.000
  6.291667   7.291667   1.301 0.000   1.048 0.000
  9.291667  10.291667   0.763 0.000 999.999 0.456
 12.291667  13.291667 999.999 0.999 999.999 0.999
 15.291667  16.291667 999.999 0.999 999.999 0.999
 18.291667  19.291667   0.541 0.000   0.152 0.000
 21.291667  22.291667   2.882 0.000   0.245 0.000
 24.291667  25.291667   1.069 0.000   0.973 0.000
 27.291667  28.291667   0.863 0.000   0.811 0.000
 30.291667  31.291667   0.807 0.000   0.334 0.000
 33.291667  34.291667   1.104 0.000   0.821 0.000
 36.291667  37.291667   0.677 0.000   0.246 0.000
 39.291667  40.291667   0.464 0.000   0.030 0.000
 42.291667  43.291667   1.114 0.000   0.691 0.000
 45.291667  46.291667 999.999 0.999 999.999 0.999
 48.291667  49.291667   0.464 0.000   0.061 0.000
 51.291667  52.291667   0.984 0.000   0.123 0.000
 54.291667  55.291667   1.399 0.000   0.910 0.000
 57.291667  58.291667   1.147 0.000   0.370 0.000
 60.291667  61.291667   3.855 0.000   1.203 0.000
 63.291667  64.291667   4.688 0.000   1.168 0.000
 66.291667  67.291667   0.806 0.000   0.391 0.000
 69.291667  70.291667   1.782 0.000   1.056 0.000
 72.291667  73.291667   2.311 0.000   1.376 0.000
 75.291667  76.291667   2.576 0.000   1.670 0.000
 78.291667  79.291667   0.757 0.000   0.668 0.000
 81.291667  82.291667   2.154 0.000   1.300 0.000
 84.291667  85.291667   1.102 0.000   0.698 0.000
 87.291667  88.291667   0.805 0.000   0.576 0.000
 90.291667  91.291667   1.732 0.000   1.389 0.000
 93.291667  94.291667 999.999 0.999   0.614 0.000
 96.291667  97.291667 999.999 0.999   0.942 0.000
 99.291667 100.291667 999.999 0.999   1.431 0.000
102.291667 103.291667 999.999 0.999   1.944 0.000
105.291667 106.291667 999.999 0.999   1.785 0.000
108.291667 109.291667 999.999 0.456   2.639 0.000
111.291667 112.291667 999.999 0.456   0.963 0.000
114.291667 115.291667 999.999 0.999   0.494 0.000
117.291667 118.291667   1.565 0.000   1.027 0.000
120.291667 121.291667   2.696 0.000   1.808 0.000
123.291667 124.291667   2.846 0.000   1.966 0.000
126.291667 127.291667   2.628 0.000   1.723 0.000
129.291667 130.291667   5.087 0.000   3.126 0.000
132.291667 133.291667   1.553 0.000   1.007 0.000
135.291667 136.291667 999.999 0.999   0.714 0.000
138.291667 139.291667   1.652 0.000   1.080 0.000
141.291667 142.291667 999.999 0.999   1.791 0.000
144.291667 145.291667 999.999 0.999   1.625 0.000
147.291667 148.291667 999.999 0.999   2.687 0.000
150.291667 151.291667   7.777 0.000   3.922 0.000
153.291667 154.291667   5.175 0.000   2.848 0.000
156.291667 157.291667   6.034 0.000   2.738 0.000
159.291667 160.291667   3.463 0.000   1.424 0.000
162.291667 163.291667   3.108 0.000   1.529 0.000
165.291667 166.291667 999.999 0.999 999.999 0.999
168.291667 169.291667 999.999 0.999 999.999 0.999
171.291667 172.291667   6.892 0.000   3.530 0.000
174.291667 175.291667   5.197 0.000   2.685 0.000
177.291667 178.291667   5.022 0.000   4.035 0.000
180.291667 181.291667   8.511 0.000   5.267 0.000
183.291667 184.291667  10.506 0.000   5.153 0.000
186.291667 187.291667   8.780 0.000   4.905 0.000
189.291667 190.291667  16.219 0.000   8.642 0.000
192.291667 193.291667   6.404 0.000   2.735 0.000
195.291667 196.291667  11.270 0.000   7.203 0.000
198.291667 199.291667   7.411 0.000   3.646 0.000
201.291667 202.291667   8.833 0.000   4.700 0.000
204.291667 205.291667   9.992 0.000   4.429 0.000
207.291667 208.291667   5.990 0.000   5.826 0.000
210.291667 211.291667  10.217 0.000   6.703 0.000
213.291667 214.291667  14.402 0.000  10.188 0.000
216.291667 217.291667  41.513 0.000  35.909 0.000
219.291667 220.291667  30.965 0.000  27.680 0.000
222.291667 223.291667  28.276 0.000  24.006 0.000
225.291667 226.291667   4.765 0.000   3.708 0.000
228.291667 229.291667  10.584 0.000   4.779 0.000
231.291667 232.291667  14.690 0.000   6.834 0.000
234.291667 235.291667  33.442 0.000  27.590 0.000
237.291667 238.291667  17.972 0.000  13.537 0.000
240.291667 241.291667  12.773 0.000   8.774 0.000
243.291667 244.291667  36.034 0.000  30.426 0.000
246.291667 247.291667  50.660 0.000  44.365 0.000
249.291667 250.291667  58.531 0.000  52.124 0.000
252.291667 253.291667  16.010 0.000  12.734 0.000
255.291667 256.291667  15.507 0.000  11.883 0.000
258.291667 259.291667   3.454 0.000   2.580 0.000
261.291667 262.291667   1.162 0.000   0.638 0.000
264.291667 265.291667   0.718 0.000   0.778 0.000
267.291667 268.291667   2.755 0.000   1.800 0.000
270.291667 271.291667   2.919 0.000   1.918 0.000
273.291667 274.291667   1.440 0.000   1.000 0.000
276.291667 277.291667   1.744 0.000   1.337 0.000
279.291667 280.291667   3.758 0.000   2.006 0.000
282.291667 283.291667   2.923 0.000   1.466 0.000
285.291667 286.291667   1.148 0.000   0.655 0.000
288.291667 289.291667   1.454 0.000   1.039 0.000
291.291667 292.291667 999.999 0.999 999.999 0.999
294.291667 295.291667 999.999 0.999 999.999 0.999
297.291667 298.291667   1.680 0.000   1.247 0.000
300.291667 301.291667   1.402 0.000   0.990 0.000
303.291667 304.291667   1.448 0.000   1.345 0.000
306.291667 307.291667   1.620 0.000   1.007 0.000
309.291667 310.291667   1.243 0.000   0.594 0.000
312.291667 313.291667   1.544 0.000   1.064 0.000
315.291667 316.291667   1.033 0.000   1.095 0.000
318.291667 319.291667   0.991 0.000   0.849 0.000
321.291667 322.291667   0.952 0.000   0.688 0.000
324.291667 325.291667   0.514 0.000   0.525 0.000
327.291667 328.291667 999.999 0.999 999.999 0.999
330.291667 331.291667 999.999 0.999 999.999 0.999
333.291667 334.291667   1.173 0.000   0.815 0.000
336.291667 337.291667   0.686 0.000   0.535 0.000
339.291667 340.291667   0.787 0.000   0.715 0.000
342.291667 343.291667   1.049 0.000   0.905 0.000
345.291667 346.291667   2.221 0.000   1.681 0.000
348.291667 349.291667   1.085 0.000   0.908 0.000
351.291667 352.291667   1.293 0.000   1.249 0.000
354.291667 355.291667   0.823 0.000   0.563 0.000
357.291667 358.291667   0.655 0.000   0.725 0.000
360.291667 361.291667 999.999 0.999 999.999 0.999
363.291667 364.291667   0.986 0.000   0.282 0.000
