scripts/IMPROVE-2019_partial/data/US9066R.20050101050000.20191216000000.filterpack..pm25.52w.1w.US03L_filterpack_US9066.US03L_IMPROVE_Davis.lev2.nas
66 1001
MISSING INFORMATION
US03L, IMPROVE, , , , , , , 
MISSING INFORMATION
IMPROVE sel_HTAP
1 1
2005 01 01 2019 12 16
3.000000
days from file reference point
27
1 1 1 1 1 1 1 1 1 1 1 1 1 1 1 1 1 1 1 1 1 1 1 1 1 1 1
999.999999 99.999 9.999999 9999.99 9.999 99.99 9.999 9.999 9.999999 99.99 9.999 9.999 9.999 99.999 9.999 99.999 9.999 999.999 9.999 999.999 9.999 999.999 9.999 9.999 9.999 99.999 9.999
end_time of measurement, days from the file reference point
ammonium, ug N/m3, Revision date=20181210133000
numflag ammonium, no unit, Revision date=20181210133000
iron, ng/m3, Revision date=20181210133000
numflag iron, no unit, Revision date=20181210133000
lead, ng/m3, Revision date=20181210133000
numflag lead, no unit, Revision date=20181210133000
magnesium, ug/m3, Revision date=20181210133000
numflag magnesium, no unit, Revision date=20181210133000
nickel, ng/m3, Revision date=20181210133000
numflag nickel, no unit, Revision date=20181210133000
nitrate, ug N/m3, Revision date=20181210133000
numflag nitrate, no unit, Revision date=20181210133000
organic_carbon, ug C/m3, Revision date=20181210133000
numflag organic_carbon, no unit, Revision date=20181210133000
organic_mass, ug/m3, Revision date=20181210133000
numflag organic_mass, no unit, Revision date=20181210133000
pm10_mass, ug/m3, Version=2, Version description=Data extracted from http://views.cira.colostate.edu/fed/DataWizard 2019-12-16, Sample duration=1d, Orig. time res.=3d, Matrix=pm10, Blank correction=Blank corrected, Volume std. temperature=ambient, Volume std. pressure=ambient
numflag pm10_mass, no unit, Version=2, Version description=Data extracted from http://views.cira.colostate.edu/fed/DataWizard 2019-12-16, Sample duration=1d, Orig. time res.=3d, Matrix=pm10, Blank correction=Blank corrected, Volume std. temperature=ambient, Volume std. pressure=ambient
pm10_pm25_mass, ug/m3, Revision date=20181210133000, Matrix=pm10_pm25
numflag pm10_pm25_mass, no unit, Revision date=20181210133000, Matrix=pm10_pm25
pm25_mass, ug/m3, Version=2, Version description=Data extracted from http://views.cira.colostate.edu/fed/DataWizard 2019-12-16, Sample duration=1d, Orig. time res.=3d, Blank correction=Blank corrected, Volume std. temperature=ambient, Volume std. pressure=ambient
numflag pm25_mass, no unit, Version=2, Version description=Data extracted from http://views.cira.colostate.edu/fed/DataWizard 2019-12-16, Sample duration=1d, Orig. time res.=3d, Blank correction=Blank corrected, Volume std. temperature=ambient, Volume std. pressure=ambient
potassium, ug/m3, Revision date=20181210133000
numflag potassium, no unit, Revision date=20181210133000
sulphate_total, ug S/m3, Revision date=20181210133000
numflag sulphate_total, no unit, Revision date=20181210133000
0
25
Data definition:              EBAS_1.1
Set type code:                TU
Timezone:                     UTC
File name:                    US9066R.20050101050000.20191216000000.filterpack..pm25.52w.1w.US03L_filterpack_US9066.US03L_IMPROVE_Davis.lev2.nas
File creation:                20191218121000
Startdate:                    20050101050000
Revision date:                20191216000000
Statistics:                   arithmetic mean
Data level:                   2
Period code:                  52w
Resolution code:              1w
Station code:                 US9066R
Platform code:                US9066S
Station name:                 Swanquarter
Station latitude:             35.451
Station longitude:            -76.2075
Station altitude:             -3.0 m
Regime:                       IMG
Component:                    
Matrix:                       pm25
Laboratory code:              US03L
Instrument type:              filterpack
Instrument name:              filterpack_US9066
Method ref:                   US03L_IMPROVE_Davis
starttime endtime NH4+ flag_NH4+ Fe flag_Fe Pb flag_Pb Mg++ flag_Mg++ Ni flag_Ni NO3- flag_NO3- OC flag_OC OM flag_OM PM10 flag_PM10 PM10-PM2.5 flag_PM10-PM2.5 PM2.5 flag_PM2.5 K+ flag_K+ SO4-- flag_SO4--
[from data line 82]
246.208333 247.208333 99.999 0.259000   18.93 0.000  1.47 0.000 0.010 0.000000  0.51 0.000 0.025 0.000  0.991 0.000  1.784 0.000  12.337 0.000   5.543 0.000   6.792 0.000 0.022 0.000  1.041 0.000
249.208333 250.208333 99.999 0.259000    2.83 0.000  0.51 0.000 0.129 0.000000  0.41 0.000 0.052 0.000  0.539 0.000  0.970 0.000  14.941 0.000  10.036 0.000   4.904 0.000 0.036 0.000  0.380 0.000
252.208333 253.208333 99.999 0.259000   26.69 0.000  1.70 0.000 0.023 0.000000  1.33 0.000 0.045 0.000  0.733 0.000  1.320 0.000  19.957 0.000   7.225 0.000  12.730 0.000 0.031 0.000  2.332 0.000
255.208333 256.208333 99.999 0.259000  277.40 0.000  0.61 0.000 0.037 0.000000  0.63 0.000 0.086 0.000  0.323 0.000  0.582 0.000  23.176 0.000  13.449 0.000   9.988 0.000 0.138 0.000  0.670 0.000
258.208333 259.208333 99.999 0.259000   43.66 0.000  0.94 0.000 0.027 0.000000  0.84 0.000 0.092 0.000  1.541 0.000  2.773 0.000  22.412 0.000   6.297 0.000  16.112 0.000 0.070 0.000  2.688 0.000
261.208333 262.208333 99.999 0.259000   26.53 0.000  1.97 0.000 9.999 0.259000  1.70 0.000 0.051 0.000  1.690 0.000  3.042 0.000  27.268 0.000   5.068 0.000  22.197 0.000 0.050 0.000  4.223 0.000
264.208333 265.208333 99.999 0.259000   28.61 0.000  1.89 0.000 9.999 0.259000  0.89 0.000 0.047 0.000  0.965 0.000  1.737 0.000  18.632 0.000   5.739 0.000  12.890 0.000 0.034 0.000  2.365 0.000
267.208333 268.208333 99.999 0.259000    8.90 0.000  0.99 0.000 0.049 0.000000  0.46 0.000 0.085 0.000  0.515 0.000  0.928 0.000  16.864 0.000  10.848 0.000   6.016 0.000 0.036 0.000  0.769 0.000
270.208333 271.208333 99.999 0.259000   16.81 0.000  1.09 0.000 0.009 0.000000  0.69 0.000 0.056 0.000  0.594 0.000  1.069 0.000  11.022 0.000   6.393 0.000   4.628 0.000 0.028 0.000  0.652 0.000
273.208333 274.208333 99.999 0.259000   19.29 0.000  0.59 0.000 9.999 0.259000  0.96 0.000 0.040 0.000  0.612 0.000  1.101 0.000  11.188 0.000   5.565 0.000   5.621 0.000 0.017 0.000  0.901 0.000
276.208333 277.208333 99.999 0.259000   81.43 0.000  0.26 0.000 0.031 0.000000  0.38 0.000 0.045 0.000  0.402 0.000  0.723 0.000   9.853 0.000   5.815 0.000   4.037 0.000 0.047 0.000  0.252 0.000
279.208333 280.208333 99.999 0.259000    4.15 0.000  0.06 0.000 0.161 0.000000  0.36 0.000 0.026 0.000  0.422 0.000  0.759 0.000  14.834 0.000   8.127 0.000   6.706 0.000 0.057 0.000  0.313 0.000
282.208333 283.208333 99.999 0.259000    1.35 0.000  0.13 0.000 0.019 0.000000  0.72 0.000 0.034 0.000  0.374 0.000  0.673 0.000   6.807 0.000   3.916 0.000   2.890 0.000 0.016 0.000  0.357 0.000
285.208333 286.208333 99.999 0.259000   10.78 0.000  0.25 0.000 0.050 0.000000  0.97 0.000 0.013 0.000  0.572 0.000  1.030 0.000   8.803 0.000   2.585 0.000   6.217 0.000 0.013 0.000  1.180 0.000
288.208333 289.208333 99.999 0.259000   25.25 0.000  1.73 0.000 9.999 0.259000  0.24 0.000 0.038 0.000  1.963 0.000  3.534 0.000  14.237 0.000   6.037 0.000   8.198 0.000 0.040 0.000  0.960 0.000
291.208333 292.208333 99.999 0.259000   46.60 0.000  3.03 0.000 9.999 0.259000  1.07 0.000 0.091 0.000  4.265 0.000  7.677 0.000  25.439 0.000   5.977 0.000  19.456 0.000 0.089 0.000  2.321 0.000
294.208333 295.208333 99.999 0.259000   19.41 0.000  0.77 0.000 9.999 0.259000  0.78 0.000 0.072 0.000  2.206 0.000  3.970 0.000  17.537 0.000   3.824 0.000  13.710 0.000 0.050 0.000  1.964 0.000
297.208333 298.208333 99.999 0.259000   12.25 0.000  0.61 0.000 9.999 0.259000  0.49 0.000 0.024 0.000  0.340 0.000  0.611 0.000   5.001 0.000   2.423 0.000   2.628 0.000 0.014 0.000  0.390 0.000
300.208333 301.208333 99.999 0.259000   13.78 0.000  1.03 0.000 0.016 0.000000  0.56 0.000 0.031 0.000  0.746 0.000  1.343 0.000   8.598 0.000   2.206 0.000   6.391 0.000 0.016 0.000  1.095 0.000
303.208333 304.208333 99.999 0.259000   16.67 0.000  2.38 0.000 9.999 0.259000  0.52 0.000 0.089 0.000  1.670 0.000  3.006 0.000  10.773 0.000   2.508 0.000   8.262 0.000 0.045 0.000  0.990 0.000
306.208333 307.208333 99.999 0.999000 9999.99 0.999 99.99 0.999 9.999 0.999000 99.99 0.999 9.999 0.999 99.999 0.999 99.999 0.999 999.999 0.999 999.999 0.999 999.999 0.999 9.999 0.999 99.999 0.999
309.208333 310.208333 99.999 0.394259   11.79 0.394  0.66 0.394 9.999 0.394259  0.89 0.394 0.076 0.394  0.687 0.000  1.237 0.000   8.293 0.000   3.969 0.000   4.603 0.000 0.027 0.394  0.793 0.394
312.208333 313.208333 99.999 0.999000 9999.99 0.999 99.99 0.999 9.999 0.999000 99.99 0.999 9.999 0.999 99.999 0.999 99.999 0.999 999.999 0.999 999.999 0.999 999.999 0.999 9.999 0.999 99.999 0.999
315.208333 316.208333 99.999 0.999000 9999.99 0.999 99.99 0.999 9.999 0.999000 99.99 0.999 9.999 0.999 99.999 0.999 99.999 0.999 999.999 0.999 999.999 0.999 999.999 0.999 9.999 0.999 99.999 0.999
318.208333 319.208333 99.999 0.259000    2.21 0.000  0.23 0.000 9.999 0.259000  0.41 0.000 0.031 0.000  0.703 0.000  1.266 0.000   5.546 0.000   3.395 0.000   2.275 0.000 0.015 0.000  0.225 0.000
321.208333 322.208333 99.999 0.394259   20.84 0.394  0.96 0.394 9.999 0.394259  0.98 0.394 0.125 0.394  1.206 0.000  2.171 0.000  10.456 0.000   4.048 0.000   6.590 0.000 0.115 0.394  0.964 0.394
324.208333 325.208333 99.999 0.394259    8.71 0.394  0.50 0.394 0.097 0.394000  0.98 0.394 0.052 0.394  0.834 0.000  1.502 0.000  10.780 0.000   6.120 0.000   5.169 0.000 0.039 0.394  0.520 0.394
327.208333 328.208333 99.999 0.259000   20.93 0.000  1.44 0.000 9.999 0.259000  0.48 0.000 0.090 0.000  2.667 0.000  4.800 0.000  12.959 0.000   5.138 0.000   7.817 0.000 0.068 0.000  0.583 0.000
330.208333 331.208333 99.999 0.259000    4.59 0.000  0.43 0.000 9.999 0.259000  0.64 0.000 0.055 0.000  0.440 0.000  0.792 0.000   7.107 0.000   3.870 0.000   3.235 0.000 0.016 0.000  0.471 0.000
333.208333 334.208333 99.999 0.259000   64.64 0.000  1.44 0.000 9.999 0.259000  0.37 0.000 0.084 0.000  1.620 0.000  2.916 0.000  15.145 0.000   8.000 0.000   7.145 0.000 0.066 0.000  0.649 0.000
336.208333 337.208333 99.999 0.259000   12.37 0.000  1.46 0.000 0.004 0.000000  0.23 0.000 0.048 0.000  0.873 0.000  1.571 0.000   6.082 0.000   2.061 0.000   4.020 0.000 0.024 0.000  0.535 0.000
339.208333 340.208333 99.999 0.259000   13.69 0.000  1.88 0.000 0.017 0.000000  1.08 0.000 0.043 0.000  0.928 0.000  1.671 0.000   8.796 0.000   1.292 0.000   7.522 0.000 0.026 0.000  1.325 0.000
342.208333 343.208333 99.999 0.259000    7.42 0.000  0.84 0.000 9.999 0.259000  0.27 0.000 0.044 0.000  0.727 0.000  1.309 0.000   6.889 0.000   2.936 0.000   3.952 0.000 0.024 0.000  0.483 0.000
345.208333 346.208333 99.999 0.259000    7.32 0.000  0.74 0.000 9.999 0.259000  0.30 0.000 0.056 0.000  1.101 0.000  1.981 0.000   6.049 0.000   1.424 0.000   4.624 0.000 0.023 0.000  0.600 0.000
348.208333 349.208333 99.999 0.259000    3.03 0.000  0.64 0.000 0.043 0.000000  0.75 0.000 0.049 0.000  0.291 0.559  0.523 0.559   8.430 0.000   4.902 0.000   3.526 0.000 0.024 0.000  0.264 0.000
351.208333 352.208333 99.999 0.259000   10.87 0.000  1.04 0.000 0.018 0.000000  0.49 0.000 0.106 0.000  0.522 0.559  0.940 0.559   8.095 0.000   2.763 0.000   5.332 0.000 0.021 0.000  0.814 0.000
354.208333 355.208333 99.999 0.259000   39.73 0.000  4.03 0.000 9.999 0.259000  0.74 0.000 0.272 0.000  0.971 0.559  1.747 0.559   9.133 0.000   3.512 0.000   5.620 0.000 0.036 0.000  0.642 0.000
357.208333 358.208333 99.999 0.259000   23.85 0.000  2.64 0.000 0.007 0.000000  0.99 0.000 0.216 0.000  2.687 0.559  4.836 0.559  13.394 0.000   2.658 0.000  10.732 0.000 0.075 0.000  0.924 0.000
360.208333 361.208333 99.999 0.259000    6.13 0.000  0.69 0.000 9.999 0.259000  0.25 0.000 0.019 0.000  0.708 0.000  1.275 0.000   6.547 0.000   1.243 0.000   5.303 0.000 0.015 0.000  0.950 0.000
363.208333 364.208333 99.999 0.259000    7.40 0.000  0.88 0.000 9.999 0.259000  0.32 0.000 0.025 0.000  0.812 0.000  1.462 0.000   4.277 0.000   1.359 0.000   2.917 0.000 0.017 0.000  0.349 0.000
