scripts/IMPROVE-2019_partial/data/US9068R.20040101070000.20191216000000.filterpack..pm25.52w.1w.US03L_filterpack_US9068.US03L_IMPROVE_Davis.lev2.nas
66 1001
MISSING INFORMATION
US03L, IMPROVE, , , , , , , 
MISSING INFORMATION
IMPROVE sel_HTAP
1 1
2004 01 01 2019 12 16
3.000000
days from file reference point
27
1 1 1 1 1 1 1 1 1 1 1 1 1 1 1 1 1 1 1 1 1 1 1 1 1 1 1
999.999999 9999.99 9.999 99.99 9.999 9.999 9.999999 9.99 9.999999 99.999 9.999 99.999 9.999 99.999 9.999 9999.99 9.999999 999.999 9.999 999.999 9.999 999.999 9.999 9.999 9.999 99.999 9.999
end_time of measurement, days from the file reference point
iron, ng/m3, Revision date=20181210133000
numflag iron, no unit, Revision date=20181210133000
lead, ng/m3, Revision date=20181210133000
numflag lead, no unit, Revision date=20181210133000
magnesium, ug/m3, Revision date=20181210133000
numflag magnesium, no unit, Revision date=20181210133000
nickel, ng/m3, Revision date=20181210133000
numflag nickel, no unit, Revision date=20181210133000
nitrate, ug N/m3, Revision date=20181210133000
numflag nitrate, no unit, Revision date=20181210133000
organic_carbon, ug C/m3, Revision date=20181210133000
numflag organic_carbon, no unit, Revision date=20181210133000
organic_mass, ug/m3, Revision date=20181210133000
numflag organic_mass, no unit, Revision date=20181210133000
phosphorus, ng/m3, Revision date=20181210133000
numflag phosphorus, no unit, Revision date=20181210133000
pm10_mass, ug/m3, Version=2, Version description=Data extracted from http://views.cira.colostate.edu/fed/DataWizard 2019-12-16, Sample duration=1d, Orig. time res.=3d, Matrix=pm10, Blank correction=Blank corrected, Volume std. temperature=ambient, Volume std. pressure=ambient
numflag pm10_mass, no unit, Version=2, Version description=Data extracted from http://views.cira.colostate.edu/fed/DataWizard 2019-12-16, Sample duration=1d, Orig. time res.=3d, Matrix=pm10, Blank correction=Blank corrected, Volume std. temperature=ambient, Volume std. pressure=ambient
pm10_pm25_mass, ug/m3, Revision date=20181210133000, Matrix=pm10_pm25
numflag pm10_pm25_mass, no unit, Revision date=20181210133000, Matrix=pm10_pm25
pm25_mass, ug/m3, Version=2, Version description=Data extracted from http://views.cira.colostate.edu/fed/DataWizard 2019-12-16, Sample duration=1d, Orig. time res.=3d, Blank correction=Blank corrected, Volume std. temperature=ambient, Volume std. pressure=ambient
numflag pm25_mass, no unit, Version=2, Version description=Data extracted from http://views.cira.colostate.edu/fed/DataWizard 2019-12-16, Sample duration=1d, Orig. time res.=3d, Blank correction=Blank corrected, Volume std. temperature=ambient, Volume std. pressure=ambient
potassium, ug/m3, Revision date=20181210133000
numflag potassium, no unit, Revision date=20181210133000
sulphate_total, ug S/m3, Revision date=20181210133000
numflag sulphate_total, no unit, Revision date=20181210133000
0
25
Data definition:              EBAS_1.1
Set type code:                TU
Timezone:                     UTC
File name:                    US9068R.20040101070000.20191216000000.filterpack..pm25.52w.1w.US03L_filterpack_US9068.US03L_IMPROVE_Davis.lev2.nas
File creation:                20191218121011
Startdate:                    20040101070000
Revision date:                20191216000000
Statistics:                   arithmetic mean
Data level:                   2
Period code:                  52w
Resolution code:              1w
Station code:                 US9068R
Platform code:                US9068S
Station name:                 Salt Creek
Station latitude:             33.4598
Station longitude:            -104.4042
Station altitude:             1072.0 m
Regime:                       IMG
Component:                    
Matrix:                       pm25
Laboratory code:              US03L
Instrument type:              filterpack
Instrument name:              filterpack_US9068
Method ref:                   US03L_IMPROVE_Davis
starttime endtime Fe flag_Fe Pb flag_Pb Mg++ flag_Mg++ Ni flag_Ni NO3- flag_NO3- OC flag_OC OM flag_OM P flag_P PM10 flag_PM10 PM10-PM2.5 flag_PM10-PM2.5 PM2.5 flag_PM2.5 K+ flag_K+ SO4-- flag_SO4--
[from data line 81]
243.291667 244.291667   30.25 0.000  0.38 0.000 9.999 0.259000 9.99 0.259000  0.059 0.000  0.736 0.000  1.030 0.000 9999.99 0.259000   8.550 0.000   5.122 0.000   3.428 0.000 0.029 0.000  0.370 0.000
246.291667 247.291667 9999.99 0.999 99.99 0.999 9.999 0.999000 9.99 0.999000 99.999 0.999 99.999 0.999 99.999 0.999 9999.99 0.999000 999.999 0.999 999.999 0.999 999.999 0.999 9.999 0.999 99.999 0.999
249.291667 250.291667 9999.99 0.999 99.99 0.999 9.999 0.999000 9.99 0.999000 99.999 0.999 99.999 0.999 99.999 0.999 9999.99 0.999000 999.999 0.999 999.999 0.999 999.999 0.999 9.999 0.999 99.999 0.999
252.291667 253.291667   67.53 0.000  0.39 0.000 9.999 0.259000 0.08 0.000000  0.130 0.000  1.147 0.000  1.605 0.000 9999.99 0.259000  26.093 0.000  20.158 0.000   5.935 0.000 0.082 0.000  0.324 0.000
255.291667 256.291667   61.17 0.000  0.77 0.000 9.999 0.259000 9.99 0.259000  0.085 0.000  2.299 0.000  3.218 0.000 9999.99 0.259000  20.915 0.000  12.510 0.000   8.405 0.000 0.081 0.000  1.047 0.000
258.291667 259.291667   65.47 0.000  0.38 0.000 9.999 0.259000 9.99 0.259000  0.033 0.000  1.242 0.000  1.738 0.000 9999.99 0.259000  29.721 0.000  23.584 0.000   6.136 0.000 0.069 0.000  0.366 0.000
261.291667 262.291667   31.22 0.000 99.99 0.259 9.999 0.259000 0.16 0.000000  0.070 0.000  0.700 0.000  0.981 0.000 9999.99 0.259000  14.053 0.000   9.165 0.000   4.888 0.000 0.040 0.000  0.615 0.000
264.291667 265.291667    9.23 0.000  0.21 0.000 9.999 0.259000 9.99 0.259000  0.129 0.000  0.757 0.000  1.060 0.000 9999.99 0.259000   9.191 0.000   4.549 0.000   4.643 0.000 0.015 0.000  0.593 0.000
267.291667 268.291667   19.69 0.000  0.33 0.000 9.999 0.259000 9.99 0.259000  0.096 0.000  0.926 0.000  1.296 0.000 9999.99 0.259000  12.533 0.000   6.301 0.000   6.232 0.000 0.029 0.000  0.861 0.000
270.291667 271.291667    4.85 0.000 99.99 0.259 9.999 0.259000 9.99 0.259000  0.018 0.000  0.797 0.000  1.117 0.000 9999.99 0.259000   3.698 0.000   1.433 0.000   2.265 0.000 0.009 0.000  0.200 0.000
273.291667 274.291667   10.09 0.000 99.99 0.259 9.999 0.259000 9.99 0.259000  0.114 0.000  0.585 0.000  0.818 0.000 9999.99 0.259000   5.952 0.000   3.061 0.000   2.891 0.000 0.015 0.000  0.298 0.000
276.291667 277.291667    8.55 0.000  0.17 0.000 9.999 0.259000 0.17 0.000000  0.279 0.000  0.874 0.000  1.223 0.000 9999.99 0.259000   9.921 0.000   2.679 0.000   7.241 0.000 0.019 0.000  0.872 0.000
279.291667 280.291667    3.92 0.000 99.99 0.259 9.999 0.259000 9.99 0.259000  0.097 0.000  0.565 0.000  0.790 0.000 9999.99 0.259000   3.986 0.000   1.455 0.000   2.531 0.000 0.013 0.000  0.322 0.000
282.291667 283.291667   22.78 0.000  0.35 0.000 9.999 0.259000 0.15 0.000000  0.030 0.000  0.767 0.000  1.074 0.000 9999.99 0.259000   7.150 0.000   2.669 0.000   4.481 0.000 0.020 0.000  0.242 0.000
285.291667 286.291667   17.04 0.000  0.34 0.000 9.999 0.259000 0.13 0.000000  0.200 0.000  0.549 0.000  0.768 0.000 9999.99 0.259000   6.888 0.000   2.573 0.000   4.315 0.000 0.011 0.000  0.628 0.000
288.291667 289.291667   16.04 0.000 99.99 0.259 9.999 0.259000 9.99 0.259000  0.038 0.000  0.445 0.000  0.623 0.000 9999.99 0.259000   3.698 0.000   2.096 0.000   1.603 0.000 0.010 0.000  0.111 0.000
291.291667 292.291667   43.43 0.000  0.33 0.000 9.999 0.259000 0.16 0.000000  0.076 0.000  0.568 0.000  0.795 0.000 9999.99 0.259000  11.533 0.000   7.807 0.000   3.726 0.000 0.045 0.000  0.322 0.000
294.291667 295.291667   38.81 0.000  0.24 0.000 0.089 0.000000 0.14 0.000000  0.041 0.000  0.552 0.000  0.773 0.000   11.33 0.000000  22.239 0.000  18.767 0.000   3.472 0.000 0.061 0.000  0.200 0.000
297.291667 298.291667   17.14 0.000  0.46 0.000 9.999 0.259000 0.14 0.000000  0.061 0.000  0.418 0.000  0.586 0.000 9999.99 0.259000   6.986 0.000   4.740 0.000   2.246 0.000 0.025 0.000  0.205 0.000
300.291667 301.291667    8.52 0.000  0.51 0.000 9.999 0.259000 0.26 0.000000  0.107 0.000  0.713 0.000  0.998 0.000 9999.99 0.259000   7.606 0.000   3.540 0.000   4.066 0.000 0.041 0.000  0.520 0.000
303.291667 304.291667   12.14 0.000  0.31 0.000 9.999 0.259000 9.99 0.259000  0.027 0.000  0.381 0.000  0.533 0.000 9999.99 0.259000   6.820 0.000   5.188 0.000   1.632 0.000 0.012 0.000  0.112 0.000
306.291667 307.291667    6.46 0.000 99.99 0.259 0.139 0.000000 9.99 0.259000  0.036 0.000  0.353 0.000  0.494 0.000 9999.99 0.259000   3.202 0.000   1.883 0.000   1.319 0.000 0.011 0.000  0.090 0.000
309.291667 310.291667   26.75 0.000  0.32 0.000 9.999 0.259000 0.09 0.000000  0.510 0.000  0.698 0.000  0.977 0.000 9999.99 0.259000 999.999 0.456 999.999 0.999   5.626 0.000 0.021 0.000  0.253 0.000
312.291667 313.291667   37.64 0.000  0.99 0.000 0.116 0.000000 9.99 0.259000  0.236 0.000  0.999 0.000  1.399 0.000 9999.99 0.259000  13.190 0.000   7.344 0.000   5.846 0.000 0.050 0.000  0.431 0.000
315.291667 316.291667   19.44 0.000  0.68 0.000 9.999 0.259000 9.99 0.259000  0.080 0.000  0.434 0.000  0.608 0.000 9999.99 0.259000   5.857 0.000   3.326 0.000   2.531 0.000 0.078 0.000  0.219 0.000
318.291667 319.291667    3.80 0.000 99.99 0.259 9.999 0.259000 9.99 0.259000  0.111 0.000  0.177 0.000  0.247 0.000 9999.99 0.259000   1.464 0.000   0.175 0.000   1.289 0.000 0.003 0.000  0.125 0.000
321.291667 322.291667    7.20 0.000  0.36 0.000 9.999 0.259000 0.18 0.000000  0.162 0.000  1.012 0.000  1.417 0.000 9999.99 0.259000   4.782 0.000   1.607 0.000   3.175 0.000 0.008 0.000  0.143 0.000
324.291667 325.291667   10.27 0.000 99.99 0.259 9.999 0.259000 0.24 0.000000  0.614 0.000  0.555 0.000  0.778 0.000 9999.99 0.259000   9.580 0.000   1.086 0.000   8.494 0.000 0.011 0.000  0.813 0.000
327.291667 328.291667    4.12 0.000  0.26 0.000 0.170 0.000000 0.24 0.000000  0.048 0.000  0.431 0.000  0.603 0.000 9999.99 0.259000   1.374 0.000   0.537 0.000   0.837 0.000 0.008 0.000  0.086 0.000
330.291667 331.291667    7.15 0.000  0.44 0.000 9.999 0.259000 9.99 0.259000  0.035 0.000  0.426 0.000  0.596 0.000 9999.99 0.259000   2.911 0.000   1.510 0.000   1.401 0.000 0.006 0.000  0.108 0.000
333.291667 334.291667    3.65 0.000  0.15 0.000 0.109 0.000000 9.99 0.259000  0.061 0.000  0.279 0.000  0.391 0.000 9999.99 0.259000   2.677 0.000   1.147 0.000   1.530 0.000 0.006 0.000  0.240 0.000
336.291667 337.291667   20.68 0.000  0.45 0.000 0.069 0.000000 9.99 0.259000  0.408 0.000  0.635 0.000  0.889 0.000 9999.99 0.259000   8.249 0.000   4.005 0.000   4.244 0.000 0.019 0.000  0.153 0.000
339.291667 340.291667    6.34 0.000  0.79 0.000 9.999 0.259000 0.19 0.000000  0.196 0.000  0.564 0.000  0.790 0.000 9999.99 0.259000   3.784 0.000   0.655 0.000   3.130 0.000 0.019 0.000  0.234 0.000
342.291667 343.291667    5.56 0.000  0.22 0.000 9.999 0.259000 9.99 0.259000  0.035 0.000  0.422 0.000  0.590 0.000 9999.99 0.259000   2.453 0.000   1.306 0.000   1.148 0.000 0.007 0.000  0.111 0.000
345.291667 346.291667   27.52 0.000  1.35 0.000 9.999 0.259000 9.99 0.259000  0.213 0.000  0.728 0.000  1.019 0.000 9999.99 0.259000   7.854 0.000   4.529 0.000   3.325 0.000 0.034 0.000  0.155 0.000
348.291667 349.291667   11.89 0.000  0.67 0.000 0.085 0.000000 9.99 0.259000  0.224 0.000  0.363 0.000  0.508 0.000 9999.99 0.259000   7.525 0.000   4.882 0.000   2.643 0.000 0.051 0.000  0.111 0.000
351.291667 352.291667   13.58 0.000  0.37 0.000 9.999 0.259000 0.13 0.000000  0.090 0.000  0.358 0.000  0.501 0.000 9999.99 0.259000   5.406 0.000   3.568 0.000   1.838 0.000 0.013 0.000  0.162 0.000
354.291667 355.291667   16.64 0.000  0.70 0.000 0.049 0.000000 9.99 0.259000  0.051 0.000  0.329 0.000  0.461 0.000 9999.99 0.259000   5.406 0.000   3.544 0.000   1.862 0.000 0.035 0.000  0.126 0.000
357.291667 358.291667    6.55 0.000  0.54 0.000 9.999 0.259000 0.14 0.000000  0.210 0.000  0.424 0.000  0.594 0.000 9999.99 0.259000   4.531 0.000   0.604 0.000   3.926 0.000 0.022 0.000  0.392 0.000
360.291667 361.291667   11.71 0.000  0.36 0.000 9.999 0.259000 0.14 0.000000  1.045 0.000  1.091 0.000  1.527 0.000 9999.99 0.259000  14.713 0.000   1.032 0.000  13.681 0.000 0.016 0.000  0.664 0.000
363.291667 364.291667   24.16 0.000  0.80 0.000 9.999 0.259000 0.25 0.000000  0.560 0.000  0.894 0.000  1.251 0.000 9999.99 0.259000  12.309 0.000   3.287 0.000   9.022 0.000 0.075 0.000  0.565 0.000
