scripts/IMPROVE-2019_partial/data/US9012R.20010101070000.20191216000000.filterpack..pm25.52w.1w.US03L_filterpack_US9012.US03L_IMPROVE_Davis.lev2.nas
64 1001
MISSING INFORMATION
US03L, IMPROVE, , , , , , , 
MISSING INFORMATION
IMPROVE sel_HTAP
1 1
2001 01 01 2019 12 16
3.000000
days from file reference point
25
1 1 1 1 1 1 1 1 1 1 1 1 1 1 1 1 1 1 1 1 1 1 1 1 1
999.999999 9999.99 9.999 99.99 9.999999 9.999 9.999999 99.99 9.999999 9.999 9.999 99.999 9.999 99.999 9.999 999.999 9.999 999.999 9.999 999.999 9.999 9.999 9.999 9.999 9.999
end_time of measurement, days from the file reference point
iron, ng/m3, Revision date=20181210133000
numflag iron, no unit, Revision date=20181210133000
lead, ng/m3, Revision date=20181210133000
numflag lead, no unit, Revision date=20181210133000
magnesium, ug/m3, Revision date=20181210133000
numflag magnesium, no unit, Revision date=20181210133000
nickel, ng/m3, Revision date=20181210133000
numflag nickel, no unit, Revision date=20181210133000
nitrate, ug N/m3, Revision date=20181210133000
numflag nitrate, no unit, Revision date=20181210133000
organic_carbon, ug C/m3, Revision date=20181210133000
numflag organic_carbon, no unit, Revision date=20181210133000
organic_mass, ug/m3, Revision date=20181210133000
numflag organic_mass, no unit, Revision date=20181210133000
pm10_mass, ug/m3, Version=2, Version description=Data extracted from http://views.cira.colostate.edu/fed/DataWizard 2019-12-16, Sample duration=1d, Orig. time res.=3d, Matrix=pm10, Blank correction=Blank corrected, Volume std. temperature=ambient, Volume std. pressure=ambient
numflag pm10_mass, no unit, Version=2, Version description=Data extracted from http://views.cira.colostate.edu/fed/DataWizard 2019-12-16, Sample duration=1d, Orig. time res.=3d, Matrix=pm10, Blank correction=Blank corrected, Volume std. temperature=ambient, Volume std. pressure=ambient
pm10_pm25_mass, ug/m3, Revision date=20181210133000, Matrix=pm10_pm25
numflag pm10_pm25_mass, no unit, Revision date=20181210133000, Matrix=pm10_pm25
pm25_mass, ug/m3, Version=2, Version description=Data extracted from http://views.cira.colostate.edu/fed/DataWizard 2019-12-16, Sample duration=1d, Orig. time res.=3d, Blank correction=Blank corrected, Volume std. temperature=ambient, Volume std. pressure=ambient
numflag pm25_mass, no unit, Version=2, Version description=Data extracted from http://views.cira.colostate.edu/fed/DataWizard 2019-12-16, Sample duration=1d, Orig. time res.=3d, Blank correction=Blank corrected, Volume std. temperature=ambient, Volume std. pressure=ambient
potassium, ug/m3, Revision date=20181210133000
numflag potassium, no unit, Revision date=20181210133000
sulphate_total, ug S/m3, Revision date=20181210133000
numflag sulphate_total, no unit, Revision date=20181210133000
0
25
Data definition:              EBAS_1.1
Set type code:                TU
Timezone:                     UTC
File name:                    US9012R.20010101070000.20191216000000.filterpack..pm25.52w.1w.US03L_filterpack_US9012.US03L_IMPROVE_Davis.lev2.nas
File creation:                20191218120557
Startdate:                    20010101070000
Revision date:                20191216000000
Statistics:                   arithmetic mean
Data level:                   2
Period code:                  52w
Resolution code:              1w
Station code:                 US9012R
Platform code:                US9012S
Station name:                 Monture
Station latitude:             47.1222
Station longitude:            -113.1544
Station altitude:             1282.0 m
Regime:                       IMG
Component:                    
Matrix:                       pm25
Laboratory code:              US03L
Instrument type:              filterpack
Instrument name:              filterpack_US9012
Method ref:                   US03L_IMPROVE_Davis
starttime endtime Fe flag_Fe Pb flag_Pb Mg++ flag_Mg++ Ni flag_Ni NO3- flag_NO3- OC flag_OC OM flag_OM PM10 flag_PM10 PM10-PM2.5 flag_PM10-PM2.5 PM2.5 flag_PM2.5 K+ flag_K+ SO4-- flag_SO4--
  0.291667   1.291667    1.14 0.000 99.99 0.259000 9.999 0.259000 99.99 0.259000 0.011 0.000  0.560 0.000  0.783 0.000   2.075 0.000   1.074 0.000   1.001 0.000 0.015 0.000 0.078 0.000
  3.291667   4.291667    2.40 0.000  0.35 0.000000 9.999 0.259000 99.99 0.259000 0.063 0.000  0.637 0.000  0.892 0.000   1.905 0.000   0.629 0.000   1.277 0.000 0.013 0.000 0.091 0.000
  6.291667   7.291667    1.61 0.000 99.99 0.259000 9.999 0.259000 99.99 0.259000 0.024 0.000  0.341 0.000  0.477 0.000   1.363 0.000   0.515 0.000   0.848 0.000 0.007 0.000 0.104 0.000
  9.291667  10.291667    5.79 0.000  0.43 0.000000 9.999 0.259000 99.99 0.259000 0.059 0.000  1.459 0.000  2.042 0.000   4.700 0.000   1.488 0.000   3.213 0.000 0.017 0.000 0.119 0.000
 12.291667  13.291667    4.82 0.559 99.99 0.559259 0.036 0.559000  0.14 0.559000 0.221 0.000  0.780 0.000  1.092 0.000   6.309 0.000   1.522 0.000   4.787 0.559 0.021 0.559 0.563 0.000
 15.291667  16.291667    2.63 0.000  0.21 0.000000 9.999 0.259000 99.99 0.259000 0.008 0.000  0.318 0.000  0.445 0.000   2.285 0.000   0.759 0.000   1.526 0.000 0.009 0.000 0.196 0.000
 18.291667  19.291667    2.00 0.000  0.23 0.000000 9.999 0.259000 99.99 0.259000 0.047 0.000  0.773 0.000  1.083 0.000   3.260 0.000   1.290 0.000   1.971 0.000 0.030 0.000 0.129 0.000
 21.291667  22.291667    2.16 0.000 99.99 0.259000 9.999 0.259000 99.99 0.259000 0.038 0.000  0.603 0.000  0.844 0.000   1.694 0.000   0.466 0.000   1.227 0.000 0.009 0.000 0.073 0.000
 24.291667  25.291667   10.12 0.559  0.46 0.559000 9.999 0.559259 99.99 0.559259 0.096 0.000  0.885 0.000  1.239 0.000   3.110 0.000   0.903 0.000   2.207 0.559 0.019 0.559 0.114 0.000
 27.291667  28.291667    3.12 0.559  0.33 0.559000 9.999 0.559259 99.99 0.559259 0.081 0.000  0.578 0.000  0.809 0.000   2.301 0.000   0.442 0.000   1.858 0.559 0.014 0.559 0.156 0.000
 30.291667  31.291667    1.09 0.000  0.17 0.000000 9.999 0.259000 99.99 0.259000 0.008 0.000  0.224 0.000  0.313 0.000   0.423 0.000   0.105 0.000   0.319 0.000 0.013 0.000 0.052 0.000
 33.291667  34.291667    4.87 0.000  0.70 0.000000 9.999 0.259000 99.99 0.259000 0.025 0.000  0.370 0.000  0.518 0.000   2.033 0.000   0.776 0.000   1.257 0.000 0.012 0.000 0.190 0.000
 36.291667  37.291667    4.64 0.000  0.67 0.000000 9.999 0.259000 99.99 0.259000 0.068 0.000  0.380 0.000  0.532 0.000   3.272 0.000   1.494 0.000   1.778 0.000 0.015 0.000 0.305 0.000
 39.291667  40.291667    3.63 0.000  0.34 0.000000 9.999 0.259000  0.07 0.000000 0.050 0.000  0.451 0.000  0.632 0.000   2.727 0.000   1.331 0.000   1.395 0.000 0.009 0.000 0.149 0.000
 42.291667  43.291667    5.33 0.000  0.56 0.000000 9.999 0.259000  0.07 0.000000 0.083 0.000  1.042 0.000  1.458 0.000   3.408 0.000   1.168 0.000   2.240 0.000 0.010 0.000 0.219 0.000
 45.291667  46.291667    9.33 0.000  0.32 0.000000 9.999 0.259000 99.99 0.259000 0.036 0.000  0.712 0.000  0.996 0.000   4.133 0.000   2.162 0.000   1.970 0.000 0.022 0.000 0.222 0.000
 48.291667  49.291667    6.99 0.000  0.42 0.000000 9.999 0.259000 99.99 0.259000 0.115 0.000  1.129 0.000  1.580 0.000   3.260 0.000   0.558 0.000   2.702 0.000 0.019 0.000 0.179 0.000
 51.291667  52.291667    4.29 0.000  0.62 0.000000 9.999 0.259000 99.99 0.259000 0.025 0.000  0.727 0.000  1.018 0.000   2.646 0.000   0.612 0.000   2.033 0.000 0.013 0.000 0.085 0.000
 54.291667  55.291667    4.01 0.000  0.16 0.000000 9.999 0.259000 99.99 0.259000 0.015 0.000  0.495 0.000  0.692 0.000   2.356 0.000   0.761 0.000   1.595 0.000 0.012 0.000 0.122 0.000
 57.291667  58.291667    5.25 0.000 99.99 0.259000 9.999 0.259000 99.99 0.259000 0.005 0.000  0.220 0.000  0.308 0.000   2.203 0.000   0.945 0.000   1.258 0.000 0.007 0.000 0.093 0.000
 60.291667  61.291667    9.88 0.000  1.20 0.000000 9.999 0.259000  0.79 0.000000 0.019 0.000  0.468 0.000  0.654 0.000   3.149 0.000   1.650 0.000   1.499 0.000 0.015 0.000 0.085 0.000
 63.291667  64.291667    7.13 0.000  1.08 0.000000 9.999 0.259000 99.99 0.259000 0.011 0.000  0.580 0.000  0.812 0.000   2.261 0.000   0.384 0.000   1.877 0.000 0.008 0.000 0.135 0.000
 66.291667  67.291667    7.69 0.000  0.92 0.000000 9.999 0.259000  0.50 0.000000 0.011 0.000  0.837 0.000  1.172 0.000   3.064 0.000   0.886 0.000   2.178 0.000 0.011 0.000 0.109 0.000
 69.291667  70.291667   10.92 0.000 99.99 0.259000 0.016 0.000000  0.75 0.000000 0.013 0.000  0.515 0.000  0.720 0.000   2.696 0.000   0.392 0.000   2.304 0.000 0.017 0.000 0.137 0.000
 72.291667  73.291667   10.52 0.000  0.49 0.000000 9.999 0.259000  0.57 0.000000 0.007 0.000  0.343 0.000  0.479 0.000   1.936 0.000   1.143 0.000   0.793 0.000 0.008 0.000 0.066 0.000
 75.291667  76.291667    8.17 0.000  0.70 0.000000 9.999 0.259000 99.99 0.259000 0.025 0.000  0.555 0.000  0.777 0.000   2.567 0.000   0.799 0.000   1.768 0.000 0.024 0.000 0.146 0.000
 78.291667  79.291667   40.67 0.000  1.84 0.000000 9.999 0.259000 99.99 0.259000 0.064 0.000  0.599 0.000  0.838 0.000   5.614 0.000   2.903 0.000   2.711 0.000 0.044 0.000 0.215 0.000
 81.291667  82.291667   20.96 0.559  1.04 0.559000 9.999 0.559259 99.99 0.559259 0.054 0.000  0.867 0.000  1.213 0.000   4.798 0.000   1.883 0.000   2.915 0.559 0.028 0.559 0.241 0.000
 84.291667  85.291667   12.11 0.000  1.09 0.000000 9.999 0.259000 99.99 0.259000 0.015 0.000  0.620 0.000  0.868 0.000   3.493 0.000   1.710 0.000   1.783 0.000 0.027 0.000 0.143 0.000
 87.291667  88.291667   32.26 0.000  1.22 0.000000 9.999 0.259000  0.23 0.000000 0.020 0.000  0.504 0.000  0.706 0.000   3.619 0.000   1.326 0.000   2.294 0.000 0.030 0.000 0.228 0.000
 90.291667  91.291667   41.16 0.000  1.48 0.000000 9.999 0.259000 99.99 0.259000 0.019 0.000  0.505 0.000  0.708 0.000   3.283 0.000   1.178 0.000   2.105 0.000 0.038 0.000 0.158 0.000
 93.291667  94.291667    7.65 0.559  0.60 0.559000 9.999 0.559259  0.42 0.559000 0.027 0.000  0.421 0.000  0.589 0.000   3.265 0.000   0.690 0.000   2.576 0.559 0.011 0.559 0.343 0.000
 96.291667  97.291667   14.32 0.559  0.91 0.559000 9.999 0.559259 99.99 0.559259 0.009 0.000  0.696 0.000  0.974 0.000   2.728 0.000   1.033 0.000   1.695 0.559 0.018 0.559 0.139 0.000
 99.291667 100.291667    8.54 0.000  0.76 0.000000 9.999 0.259000  2.02 0.000000 0.012 0.000  0.543 0.000  0.761 0.000   2.454 0.000   0.373 0.000   2.081 0.000 0.020 0.000 0.203 0.000
102.291667 103.291667    9.17 0.000  0.95 0.000000 0.013 0.000000 99.99 0.259000 0.022 0.000  0.499 0.000  0.699 0.000   2.655 0.000   1.087 0.000   1.568 0.000 0.019 0.000 0.179 0.000
105.291667 106.291667  142.87 0.559  1.15 0.559000 9.999 0.559259 99.99 0.559259 0.028 0.000  0.687 0.000  0.962 0.000  10.499 0.000   5.446 0.000   5.053 0.559 0.082 0.559 0.398 0.000
108.291667 109.291667   47.66 0.000  0.62 0.000000 9.999 0.259000 99.99 0.259000 0.012 0.000  0.415 0.000  0.581 0.000   3.011 0.000   1.495 0.000   1.515 0.000 0.033 0.000 0.040 0.000
111.291667 112.291667   33.26 0.000  0.79 0.000000 9.999 0.259000  0.40 0.000000 0.019 0.000  0.675 0.000  0.945 0.000   4.657 0.000   1.650 0.000   3.007 0.000 0.026 0.000 0.341 0.000
114.291667 115.291667  144.59 0.000  3.13 0.000000 9.999 0.259000 99.99 0.259000 0.035 0.000  1.096 0.000  1.535 0.000  11.211 0.000   5.649 0.000   5.562 0.000 0.103 0.000 0.308 0.000
117.291667 118.291667   43.83 0.000  1.52 0.000000 9.999 0.259000  0.31 0.000000 0.013 0.000  0.864 0.000  1.209 0.000   4.727 0.000   2.338 0.000   2.389 0.000 0.034 0.000 0.126 0.000
120.291667 121.291667   18.63 0.000  0.43 0.000000 9.999 0.259000 99.99 0.259000 0.009 0.000  0.359 0.000  0.502 0.000   2.169 0.000   1.695 0.000   0.474 0.000 0.009 0.000 0.035 0.000
123.291667 124.291667   88.21 0.559  0.61 0.559000 9.999 0.559259 99.99 0.559259 0.023 0.000  1.045 0.000  1.463 0.000   7.572 0.000   3.820 0.000   3.752 0.559 0.061 0.559 0.130 0.000
126.291667 127.291667  145.61 0.000  1.42 0.000000 9.999 0.259000 99.99 0.259000 0.036 0.000  2.279 0.000  3.191 0.000  12.550 0.000   5.542 0.000   7.009 0.000 0.102 0.000 0.223 0.000
129.291667 130.291667  191.61 0.699  2.13 0.699000 9.999 0.699259 99.99 0.699259 0.082 0.000  6.395 0.000  8.953 0.000  24.579 0.000   9.336 0.000  15.243 0.699 0.152 0.699 0.366 0.000
132.291667 133.291667   94.69 0.000  1.29 0.000000 9.999 0.259000 99.99 0.259000 0.028 0.000  1.521 0.000  2.130 0.000  11.379 0.000   6.123 0.000   5.256 0.000 0.074 0.000 0.320 0.000
135.291667 136.291667   22.61 0.000  0.60 0.000000 9.999 0.259000  0.32 0.000000 0.006 0.000  0.529 0.000  0.741 0.000   3.389 0.000   2.156 0.000   1.233 0.000 0.018 0.000 0.074 0.000
138.291667 139.291667   60.32 0.559  2.88 0.559000 9.999 0.559259  0.17 0.559000 0.023 0.000  0.959 0.000  1.342 0.000   8.994 0.000   4.197 0.000   4.797 0.559 0.064 0.559 0.457 0.000
141.291667 142.291667   50.30 0.000  0.82 0.000000 9.999 0.259000 99.99 0.259000 0.014 0.000  0.991 0.000  1.387 0.000   5.582 0.000   2.914 0.000   2.669 0.000 0.033 0.000 0.090 0.000
144.291667 145.291667   63.80 0.000  0.92 0.000000 9.999 0.259000  0.35 0.000000 0.011 0.000  2.268 0.000  3.175 0.000  11.103 0.000   5.637 0.000   5.466 0.000 0.053 0.000 0.164 0.000
147.291667 148.291667   46.94 0.559  1.09 0.559000 9.999 0.559259 99.99 0.559259 0.018 0.000  1.560 0.000  2.184 0.000   6.612 0.000   3.172 0.000   3.439 0.559 0.044 0.559 0.148 0.000
150.291667 151.291667   38.60 0.000  0.71 0.000000 9.999 0.259000 99.99 0.259000 0.013 0.000  0.870 0.000  1.219 0.000   5.572 0.000   3.515 0.000   2.058 0.000 0.025 0.000 0.102 0.000
153.291667 154.291667    9.63 0.394  0.28 0.394000 9.999 0.394259 99.99 0.394259 0.005 0.394  0.416 0.000  0.582 0.000   1.906 0.000   0.846 0.000   1.060 0.000 0.012 0.394 0.045 0.394
156.291667 157.291667 9999.99 0.999 99.99 0.999000 9.999 0.999000 99.99 0.999000 9.999 0.999 99.999 0.999 99.999 0.999 999.999 0.999 999.999 0.999 999.999 0.999 9.999 0.999 9.999 0.999
159.291667 160.291667   23.09 0.000  0.42 0.000000 9.999 0.259000  0.08 0.000000 0.011 0.000  1.007 0.000  1.410 0.000   4.914 0.000   2.881 0.000   2.033 0.000 0.023 0.000 0.123 0.000
162.291667 163.291667    5.34 0.000  0.18 0.000000 9.999 0.259000  0.13 0.000000 0.003 0.000  0.473 0.000  0.663 0.000   1.495 0.000   0.584 0.000   0.911 0.000 0.012 0.000 0.022 0.000
165.291667 166.291667   13.74 0.000  0.40 0.000000 9.999 0.259000 99.99 0.259000 0.010 0.000  0.634 0.000  0.888 0.000   4.223 0.000   2.567 0.000   1.656 0.000 0.015 0.000 0.125 0.000
168.291667 169.291667   13.24 0.000  0.48 0.000000 9.999 0.259000 99.99 0.259000 0.010 0.000  0.776 0.000  1.086 0.000   4.068 0.000   1.972 0.000   2.096 0.000 0.015 0.000 0.154 0.000
171.291667 172.291667   22.30 0.000  0.35 0.000000 9.999 0.259000 99.99 0.259000 0.010 0.000  1.712 0.000  2.397 0.000   7.065 0.000   3.500 0.000   3.565 0.000 0.025 0.000 0.087 0.000
174.291667 175.291667   35.89 0.000  0.35 0.000000 9.999 0.259000 99.99 0.259000 0.013 0.000  1.162 0.000  1.627 0.000   7.639 0.000   4.989 0.000   2.650 0.000 0.028 0.000 0.114 0.000
177.291667 178.291667   33.46 0.000  0.23 0.000000 9.999 0.259000  0.13 0.000000 0.015 0.000  1.082 0.000  1.515 0.000   7.103 0.000   3.964 0.000   3.139 0.000 0.034 0.000 0.139 0.000
180.291667 181.291667   31.71 0.000  0.24 0.000000 9.999 0.259000 99.99 0.259000 0.012 0.000  1.547 0.000  2.166 0.000  10.557 0.000   6.308 0.000   4.249 0.000 0.033 0.000 0.208 0.000
183.291667 184.291667   40.97 0.394  0.34 0.394000 9.999 0.394259 99.99 0.394259 0.005 0.394  1.701 0.000  2.381 0.000  10.484 0.000   6.128 0.000   4.356 0.000 0.045 0.394 0.126 0.394
186.291667 187.291667   43.02 0.000  0.55 0.000000 9.999 0.259000  0.06 0.000000 0.007 0.000  1.195 0.000  1.673 0.000   9.127 0.000   5.203 0.000   3.924 0.000 0.050 0.000 0.146 0.000
189.291667 190.291667   36.18 0.000  0.43 0.000000 9.999 0.259000 99.99 0.259000 0.021 0.000  1.872 0.000  2.620 0.000  10.913 0.000   5.903 0.000   5.010 0.000 0.046 0.000 0.133 0.000
192.291667 193.291667   39.87 0.000  0.33 0.000000 9.999 0.259000 99.99 0.259000 0.008 0.000  1.747 0.000  2.445 0.000   8.917 0.000   4.989 0.000   3.928 0.000 0.037 0.000 0.119 0.000
195.291667 196.291667   24.87 0.000  0.33 0.000000 9.999 0.259000  0.21 0.000000 0.012 0.000  1.963 0.000  2.748 0.000   7.191 0.000   3.232 0.000   3.959 0.000 0.033 0.000 0.121 0.000
198.291667 199.291667   32.66 0.000  0.21 0.000000 9.999 0.259000 99.99 0.259000 0.010 0.000  0.841 0.000  1.177 0.000   7.024 0.000   4.148 0.000   2.876 0.000 0.047 0.000 0.095 0.000
201.291667 202.291667   15.84 0.000  0.20 0.000000 9.999 0.259000 99.99 0.259000 0.010 0.000  1.040 0.000  1.456 0.000   4.643 0.000   2.328 0.000   2.315 0.000 0.022 0.000 0.076 0.000
204.291667 205.291667  133.31 0.000  0.40 0.000000 9.999 0.259000 99.99 0.259000 0.011 0.000  1.493 0.000  2.090 0.000  24.257 0.000  17.574 0.000   6.683 0.000 0.143 0.000 0.141 0.000
207.291667 208.291667  155.56 0.000  0.42 0.000000 9.999 0.259000 99.99 0.259000 0.015 0.000  1.365 0.000  1.912 0.000  26.647 0.000  19.671 0.000   6.976 0.000 0.161 0.000 0.089 0.000
210.291667 211.291667   31.86 0.000  0.22 0.000000 9.999 0.259000  0.19 0.000000 0.011 0.000  0.889 0.000  1.244 0.000   4.365 0.000   1.344 0.000   3.021 0.000 0.052 0.000 0.079 0.000
213.291667 214.291667   49.77 0.000  0.25 0.000000 9.999 0.259000 99.99 0.259000 0.010 0.000  1.687 0.000  2.362 0.000   7.707 0.000   3.057 0.000   4.650 0.000 0.053 0.000 0.082 0.000
216.291667 217.291667   32.04 0.000  0.21 0.000000 9.999 0.259000 99.99 0.259000 0.010 0.000  1.215 0.000  1.702 0.000   5.620 0.000   2.713 0.000   2.906 0.000 0.039 0.000 0.062 0.000
219.291667 220.291667   45.97 0.000  0.22 0.000000 9.999 0.259000 99.99 0.259000 0.011 0.000  1.609 0.000  2.252 0.000  11.696 0.000   6.876 0.000   4.820 0.000 0.041 0.000 0.246 0.000
222.291667 223.291667   52.06 0.000  0.30 0.000000 9.999 0.259000 99.99 0.259000 0.012 0.000  1.971 0.000  2.759 0.000  10.838 0.000   5.878 0.000   4.960 0.000 0.050 0.000 0.120 0.000
225.291667 226.291667   60.53 0.559  0.33 0.559000 9.999 0.559259 99.99 0.559259 0.019 0.000  4.996 0.000  6.995 0.000  19.390 0.000   7.394 0.000  11.995 0.559 0.149 0.559 0.267 0.000
228.291667 229.291667  212.15 0.559  0.39 0.559000 9.999 0.559259 99.99 0.559259 0.021 0.000  4.370 0.000  6.118 0.000  31.896 0.000  17.282 0.000  14.614 0.559 0.254 0.559 0.209 0.000
231.291667 232.291667  129.06 0.559  0.39 0.559000 9.999 0.559259 99.99 0.559259 0.017 0.000  2.416 0.000  3.382 0.000  19.582 0.000  11.566 0.000   8.015 0.559 0.147 0.559 0.185 0.000
234.291667 235.291667  161.81 0.559  0.39 0.559000 9.999 0.559259 99.99 0.559259 0.018 0.000  2.000 0.000  2.800 0.000  18.843 0.000  10.624 0.000   8.219 0.559 0.176 0.559 0.151 0.000
237.291667 238.291667   38.01 0.000  0.19 0.000000 9.999 0.259000 99.99 0.259000 0.009 0.000  0.932 0.000  1.305 0.000   6.623 0.000   4.639 0.000   1.984 0.000 0.036 0.000 0.052 0.000
240.291667 241.291667  265.53 0.000  0.52 0.000000 9.999 0.259000 99.99 0.259000 0.015 0.000  1.795 0.000  2.513 0.000  29.877 0.000  19.071 0.000  10.806 0.000 0.240 0.000 0.177 0.000
243.291667 244.291667  139.72 0.000  0.30 0.000000 9.999 0.259000  0.15 0.000000 0.008 0.000  1.169 0.000  1.636 0.000  18.832 0.000  13.321 0.000   5.511 0.000 0.159 0.000 0.155 0.000
246.291667 247.291667  152.39 0.000  0.21 0.000000 9.999 0.259000 99.99 0.259000 0.010 0.000  1.546 0.000  2.165 0.000  21.041 0.000  14.761 0.000   6.280 0.000 0.179 0.000 0.119 0.000
249.291667 250.291667   52.74 0.000  0.21 0.000000 9.999 0.259000  0.22 0.000000 0.014 0.000  0.759 0.000  1.062 0.000   3.876 0.000   0.900 0.000   2.976 0.000 0.077 0.000 0.139 0.000
252.291667 253.291667  177.17 0.000  0.30 0.000000 9.999 0.259000 99.99 0.259000 0.009 0.000  1.187 0.000  1.662 0.000  20.551 0.000  13.542 0.000   7.008 0.000 0.196 0.000 0.083 0.000
255.291667 256.291667  118.90 0.000  0.31 0.000000 9.999 0.259000 99.99 0.259000 0.020 0.000  1.565 0.000  2.191 0.000  14.864 0.000   7.919 0.000   6.944 0.000 0.136 0.000 0.314 0.000
