scripts/IMPROVE-2019_partial/data/US9041R.20011203080000.20191216000000.filterpack..pm25.4w.1w.US03L_filterpack_US9041.US03L_IMPROVE_Davis.lev2.nas
62 1001
MISSING INFORMATION
US03L, IMPROVE, , , , , , , 
MISSING INFORMATION
IMPROVE sel_HTAP
1 1
2001 01 01 2019 12 16
3.000000
days from file reference point
23
1 1 1 1 1 1 1 1 1 1 1 1 1 1 1 1 1 1 1 1 1 1 1
999.999999 999.99 9.999 99.99 9.999 99.99 9.999 9.999 9.999 9.999 9.999 99.999 9.999 99.999 9.999 99.999 9.999 99.999 9.999 9.999 9.999 9.999 9.999
end_time of measurement, days from the file reference point
iron, ng/m3, Revision date=20181210133000
numflag iron, no unit, Revision date=20181210133000
lead, ng/m3, Revision date=20181210133000
numflag lead, no unit, Revision date=20181210133000
nickel, ng/m3, Revision date=20181210133000
numflag nickel, no unit, Revision date=20181210133000
nitrate, ug N/m3, Revision date=20181210133000
numflag nitrate, no unit, Revision date=20181210133000
organic_carbon, ug C/m3, Revision date=20181210133000
numflag organic_carbon, no unit, Revision date=20181210133000
organic_mass, ug/m3, Revision date=20181210133000
numflag organic_mass, no unit, Revision date=20181210133000
pm10_mass, ug/m3, Version=2, Version description=Data extracted from http://views.cira.colostate.edu/fed/DataWizard 2019-12-16, Sample duration=1d, Orig. time res.=3d, Matrix=pm10, Blank correction=Blank corrected, Volume std. temperature=ambient, Volume std. pressure=ambient
numflag pm10_mass, no unit, Version=2, Version description=Data extracted from http://views.cira.colostate.edu/fed/DataWizard 2019-12-16, Sample duration=1d, Orig. time res.=3d, Matrix=pm10, Blank correction=Blank corrected, Volume std. temperature=ambient, Volume std. pressure=ambient
pm10_pm25_mass, ug/m3, Revision date=20181210133000, Matrix=pm10_pm25
numflag pm10_pm25_mass, no unit, Revision date=20181210133000, Matrix=pm10_pm25
pm25_mass, ug/m3, Version=2, Version description=Data extracted from http://views.cira.colostate.edu/fed/DataWizard 2019-12-16, Sample duration=1d, Orig. time res.=3d, Blank correction=Blank corrected, Volume std. temperature=ambient, Volume std. pressure=ambient
numflag pm25_mass, no unit, Version=2, Version description=Data extracted from http://views.cira.colostate.edu/fed/DataWizard 2019-12-16, Sample duration=1d, Orig. time res.=3d, Blank correction=Blank corrected, Volume std. temperature=ambient, Volume std. pressure=ambient
potassium, ug/m3, Revision date=20181210133000
numflag potassium, no unit, Revision date=20181210133000
sulphate_total, ug S/m3, Revision date=20181210133000
numflag sulphate_total, no unit, Revision date=20181210133000
0
25
Data definition:              EBAS_1.1
Set type code:                TU
Timezone:                     UTC
File name:                    US9041R.20011203080000.20191216000000.filterpack..pm25.4w.1w.US03L_filterpack_US9041.US03L_IMPROVE_Davis.lev2.nas
File creation:                20191218120806
Startdate:                    20011203080000
Revision date:                20191216000000
Statistics:                   arithmetic mean
Data level:                   2
Period code:                  4w
Resolution code:              1w
Station code:                 US9041R
Platform code:                US9041S
Station name:                 San Gabriel
Station latitude:             34.2969
Station longitude:            -118.0282
Station altitude:             1791.0 m
Regime:                       IMG
Component:                    
Matrix:                       pm25
Laboratory code:              US03L
Instrument type:              filterpack
Instrument name:              filterpack_US9041
Method ref:                   US03L_IMPROVE_Davis
starttime endtime Fe flag_Fe Pb flag_Pb Ni flag_Ni NO3- flag_NO3- OC flag_OC OM flag_OM PM10 flag_PM10 PM10-PM2.5 flag_PM10-PM2.5 PM2.5 flag_PM2.5 K+ flag_K+ SO4-- flag_SO4--
336.333333 337.333333  13.08 0.000  0.24 0.000  0.36 0.000 0.184 0.559 0.507 0.000  0.709 0.000  7.407 0.000  5.752 0.000  1.655 0.000 0.009 0.000 0.081 0.559
339.333333 340.333333  11.93 0.000  0.38 0.000  0.74 0.000 0.012 0.000 0.322 0.000  0.451 0.000  0.669 0.000  0.553 0.000  0.117 0.000 0.012 0.000 0.039 0.000
342.333333 343.333333  30.84 0.000  1.07 0.000  0.56 0.000 0.335 0.000 0.735 0.000  1.029 0.000  8.081 0.000  4.773 0.000  3.308 0.000 0.025 0.000 0.175 0.000
345.333333 346.333333  18.12 0.000 99.99 0.259  0.50 0.000 0.044 0.000 0.278 0.000  0.389 0.000  0.842 0.000  0.540 0.000  0.302 0.000 0.010 0.000 0.032 0.000
348.333333 349.333333   7.12 0.000  0.17 0.000  1.09 0.000 0.152 0.000 0.278 0.000  0.389 0.000  2.147 0.000  1.532 0.000  0.615 0.000 0.009 0.000 0.039 0.000
351.333333 352.333333  28.92 0.000  0.36 0.000  0.23 0.000 0.024 0.000 0.365 0.000  0.511 0.000  2.624 0.000  1.761 0.000  0.863 0.000 0.020 0.000 0.052 0.000
354.333333 355.333333   3.44 0.000 99.99 0.259  0.44 0.000 0.047 0.000 0.257 0.000  0.360 0.000  0.795 0.000  0.764 0.000  0.030 0.000 0.004 0.000 0.021 0.000
357.333333 358.333333   5.74 0.000  0.36 0.000  0.32 0.000 0.010 0.000 0.305 0.000  0.428 0.000  1.347 0.000  1.286 0.000  0.060 0.000 0.005 0.000 0.040 0.000
360.333333 361.333333   4.79 0.000  0.38 0.000  0.26 0.000 9.999 0.259 0.247 0.000  0.346 0.000  1.414 0.000  0.918 0.000  0.496 0.000 0.005 0.000 0.019 0.000
363.333333 364.333333   3.07 0.000  0.12 0.000  4.23 0.000 9.999 0.259 0.110 0.000  0.155 0.000  0.873 0.000  0.689 0.000  0.184 0.000 0.004 0.000 0.039 0.000
