scripts/IMPROVE-2019_partial/data/US9078R.20040101080000.20191216000000.filterpack..pm25.52w.1w.US03L_filterpack_US9078.US03L_IMPROVE_Davis.lev2.nas
66 1001
MISSING INFORMATION
US03L, IMPROVE, , , , , , , 
MISSING INFORMATION
IMPROVE sel_HTAP
1 1
2004 01 01 2019 12 16
3.000000
days from file reference point
27
1 1 1 1 1 1 1 1 1 1 1 1 1 1 1 1 1 1 1 1 1 1 1 1 1 1 1
999.999999 999.99 9.999 99.99 9.999 9.999 9.999999 9.99 9.999999 9.999 9.999999 99.999 9.999 99.999 9.999 999.99 9.999999 999.999 9.999 99.999 9.999 999.999 9.999 9.999 9.999 9.999 9.999
end_time of measurement, days from the file reference point
iron, ng/m3, Revision date=20181210133000
numflag iron, no unit, Revision date=20181210133000
lead, ng/m3, Revision date=20181210133000
numflag lead, no unit, Revision date=20181210133000
magnesium, ug/m3, Revision date=20181210133000
numflag magnesium, no unit, Revision date=20181210133000
nickel, ng/m3, Revision date=20181210133000
numflag nickel, no unit, Revision date=20181210133000
nitrate, ug N/m3, Revision date=20181210133000
numflag nitrate, no unit, Revision date=20181210133000
organic_carbon, ug C/m3, Revision date=20181210133000
numflag organic_carbon, no unit, Revision date=20181210133000
organic_mass, ug/m3, Revision date=20181210133000
numflag organic_mass, no unit, Revision date=20181210133000
phosphorus, ng/m3, Revision date=20181210133000
numflag phosphorus, no unit, Revision date=20181210133000
pm10_mass, ug/m3, Version=2, Version description=Data extracted from http://views.cira.colostate.edu/fed/DataWizard 2019-12-16, Sample duration=1d, Orig. time res.=3d, Matrix=pm10, Blank correction=Blank corrected, Volume std. temperature=ambient, Volume std. pressure=ambient
numflag pm10_mass, no unit, Version=2, Version description=Data extracted from http://views.cira.colostate.edu/fed/DataWizard 2019-12-16, Sample duration=1d, Orig. time res.=3d, Matrix=pm10, Blank correction=Blank corrected, Volume std. temperature=ambient, Volume std. pressure=ambient
pm10_pm25_mass, ug/m3, Revision date=20181210133000, Matrix=pm10_pm25
numflag pm10_pm25_mass, no unit, Revision date=20181210133000, Matrix=pm10_pm25
pm25_mass, ug/m3, Version=2, Version description=Data extracted from http://views.cira.colostate.edu/fed/DataWizard 2019-12-16, Sample duration=1d, Orig. time res.=3d, Blank correction=Blank corrected, Volume std. temperature=ambient, Volume std. pressure=ambient
numflag pm25_mass, no unit, Version=2, Version description=Data extracted from http://views.cira.colostate.edu/fed/DataWizard 2019-12-16, Sample duration=1d, Orig. time res.=3d, Blank correction=Blank corrected, Volume std. temperature=ambient, Volume std. pressure=ambient
potassium, ug/m3, Revision date=20181210133000
numflag potassium, no unit, Revision date=20181210133000
sulphate_total, ug S/m3, Revision date=20181210133000
numflag sulphate_total, no unit, Revision date=20181210133000
0
25
Data definition:              EBAS_1.1
Set type code:                TU
Timezone:                     UTC
File name:                    US9078R.20040101080000.20191216000000.filterpack..pm25.52w.1w.US03L_filterpack_US9078.US03L_IMPROVE_Davis.lev2.nas
File creation:                20191218121054
Startdate:                    20040101080000
Revision date:                20191216000000
Statistics:                   arithmetic mean
Data level:                   2
Period code:                  52w
Resolution code:              1w
Station code:                 US9078R
Platform code:                US9078S
Station name:                 White Pass
Station latitude:             46.6243
Station longitude:            -121.3881
Station altitude:             1827.0 m
Regime:                       IMG
Component:                    
Matrix:                       pm25
Laboratory code:              US03L
Instrument type:              filterpack
Instrument name:              filterpack_US9078
Method ref:                   US03L_IMPROVE_Davis
starttime endtime Fe flag_Fe Pb flag_Pb Mg++ flag_Mg++ Ni flag_Ni NO3- flag_NO3- OC flag_OC OM flag_OM P flag_P PM10 flag_PM10 PM10-PM2.5 flag_PM10-PM2.5 PM2.5 flag_PM2.5 K+ flag_K+ SO4-- flag_SO4--
  0.333333   1.333333   0.55 0.000  0.28 0.000 9.999 0.259000 9.99 0.259000 0.010 0.000000  0.172 0.000  0.241 0.000 999.99 0.259000   0.644 0.000  0.508 0.000   0.136 0.000 0.003 0.000 0.027 0.000
  3.333333   4.333333   2.30 0.000  0.25 0.000 9.999 0.259000 9.99 0.259000 0.010 0.000000  0.189 0.000  0.264 0.000 999.99 0.259000   0.471 0.000  0.154 0.000   0.317 0.000 0.005 0.000 0.042 0.000
  6.333333   7.333333 999.99 0.999 99.99 0.999 9.999 0.999000 9.99 0.999000 9.999 0.999000 99.999 0.999 99.999 0.999 999.99 0.999000 999.999 0.999 99.999 0.999 999.999 0.999 9.999 0.999 9.999 0.999
  9.333333  10.333333   1.06 0.000  0.11 0.000 9.999 0.259000 9.99 0.259000 0.001 0.559000  0.079 0.000  0.110 0.000 999.99 0.259000   0.127 0.000  0.036 0.000   0.091 0.000 0.002 0.000 0.009 0.559
 12.333333  13.333333   2.66 0.000  0.16 0.000 0.017 0.000000 9.99 0.259000 0.012 0.559000  0.160 0.000  0.224 0.000 999.99 0.259000   0.861 0.000  0.260 0.000   0.601 0.000 0.005 0.000 0.048 0.559
 15.333333  16.333333   1.42 0.000  0.29 0.000 9.999 0.259000 9.99 0.259000 0.002 0.559000  0.179 0.000  0.251 0.000 999.99 0.259000   0.296 0.000  0.084 0.000   0.212 0.000 0.002 0.000 0.014 0.559
 18.333333  19.333333   0.38 0.000  0.12 0.000 0.031 0.000000 0.19 0.000000 0.001 0.559000  0.117 0.000  0.163 0.000 999.99 0.259000   0.296 0.000  0.296 0.000 999.999 0.259 0.002 0.000 0.009 0.559
 21.333333  22.333333   3.04 0.000  0.18 0.000 9.999 0.259000 0.15 0.000000 0.003 0.000000  0.168 0.000  0.235 0.000 999.99 0.259000   2.424 0.000  1.895 0.000   0.529 0.000 0.003 0.000 0.024 0.000
 24.333333  25.333333   1.28 0.000  0.17 0.000 9.999 0.259000 9.99 0.259000 0.006 0.000000  0.139 0.000  0.194 0.000 999.99 0.259000   1.488 0.000  0.588 0.000   0.900 0.000 0.003 0.000 0.035 0.000
 27.333333  28.333333   0.67 0.000  0.11 0.000 9.999 0.259000 0.14 0.000000 9.999 0.559259  0.085 0.000  0.119 0.000 999.99 0.259000   0.329 0.000  0.298 0.000   0.031 0.000 0.001 0.000 0.002 0.559
 30.333333  31.333333   0.50 0.000 99.99 0.259 0.033 0.000000 9.99 0.259000 0.001 0.559000  0.047 0.000  0.065 0.000 999.99 0.259000   0.291 0.000  0.099 0.000   0.192 0.000 0.002 0.000 0.014 0.559
 33.333333  34.333333   2.88 0.000  0.21 0.000 0.020 0.000000 0.07 0.000000 0.002 0.000000  0.109 0.000  0.152 0.000 999.99 0.259000   0.541 0.000  0.444 0.000   0.097 0.000 0.002 0.000 0.016 0.000
 36.333333  37.333333   1.78 0.000  0.30 0.000 9.999 0.259000 9.99 0.259000 0.012 0.000000  0.154 0.000  0.215 0.000 999.99 0.259000   1.075 0.000  0.824 0.000   0.250 0.000 0.003 0.000 0.034 0.000
 39.333333  40.333333   1.74 0.000  0.25 0.000 0.023 0.000000 0.05 0.000000 0.003 0.000000  0.078 0.000  0.109 0.000 999.99 0.259000   0.620 0.000  0.217 0.000   0.403 0.000 0.003 0.000 0.064 0.000
 42.333333  43.333333   3.51 0.000  0.32 0.000 9.999 0.259000 9.99 0.259000 0.058 0.000000  0.439 0.000  0.614 0.000 999.99 0.259000   1.447 0.000 99.999 0.259   2.168 0.000 0.007 0.000 0.095 0.000
 45.333333  46.333333   1.15 0.000  0.15 0.000 9.999 0.259000 0.11 0.000000 0.011 0.000000  0.169 0.000  0.237 0.000   2.16 0.000000   0.827 0.000  0.317 0.000   0.510 0.000 0.003 0.000 0.038 0.000
 48.333333  49.333333   0.20 0.000 99.99 0.259 9.999 0.259000 0.11 0.000000 0.003 0.000000  0.075 0.000  0.105 0.000 999.99 0.259000   0.125 0.000  0.001 0.000   0.123 0.000 0.001 0.000 0.011 0.000
 51.333333  52.333333   0.72 0.559  0.15 0.559 0.014 0.559000 0.09 0.559000 0.067 0.000000  0.450 0.000  0.630 0.000 999.99 0.559259   0.832 0.000  0.338 0.000   0.494 0.559 0.003 0.559 0.030 0.000
 54.333333  55.333333   1.17 0.000  0.20 0.000 9.999 0.259000 9.99 0.259000 0.052 0.559000  0.224 0.000  0.313 0.000 999.99 0.259000   1.088 0.000  0.550 0.000   0.538 0.000 0.003 0.000 0.039 0.559
 57.333333  58.333333   0.16 0.000  0.18 0.000 9.999 0.259000 9.99 0.259000 0.004 0.000000  0.063 0.000  0.088 0.000 999.99 0.259000   0.207 0.000  0.079 0.000   0.128 0.000 9.999 0.259 0.024 0.000
 60.333333  61.333333 999.99 0.456 99.99 0.456 9.999 0.456000 9.99 0.456000 9.999 0.456000 99.999 0.999 99.999 0.999 999.99 0.456000 999.999 0.456 99.999 0.999 999.999 0.456 9.999 0.456 9.999 0.456
 63.333333  64.333333 999.99 0.456 99.99 0.456 9.999 0.456000 9.99 0.456000 9.999 0.456000 99.999 0.999 99.999 0.999 999.99 0.456000 999.999 0.456 99.999 0.999 999.999 0.456 9.999 0.456 9.999 0.456
 66.333333  67.333333 999.99 0.456 99.99 0.456 9.999 0.456000 9.99 0.456000 9.999 0.456000 99.999 0.999 99.999 0.999 999.99 0.456000 999.999 0.456 99.999 0.999 999.999 0.456 9.999 0.456 9.999 0.456
 69.333333  70.333333  27.10 0.000  0.76 0.000 9.999 0.259000 0.03 0.000000 0.032 0.559000  0.254 0.000  0.355 0.000 999.99 0.259000   2.959 0.000  1.168 0.000   1.791 0.000 0.021 0.000 0.139 0.559
 72.333333  73.333333   8.71 0.559  0.22 0.559 9.999 0.559259 9.99 0.559259 0.015 0.559000  0.364 0.000  0.509 0.000 999.99 0.559259   1.663 0.000  0.567 0.000   1.097 0.559 0.009 0.559 0.088 0.559
 75.333333  76.333333  17.70 0.000 99.99 0.259 9.999 0.259000 9.99 0.259000 0.020 0.559000  0.141 0.000  0.198 0.000 999.99 0.259000   1.717 0.000  0.631 0.000   1.086 0.000 0.013 0.000 0.075 0.559
 78.333333  79.333333   4.03 0.000 99.99 0.259 9.999 0.259000 9.99 0.259000 0.014 0.559000  0.125 0.000  0.175 0.000 999.99 0.259000   1.206 0.000  0.318 0.000   0.888 0.000 0.008 0.000 0.071 0.559
 81.333333  82.333333  28.56 0.000  1.16 0.000 9.999 0.259000 9.99 0.259000 0.058 0.559000  0.728 0.000  1.019 0.000 999.99 0.259000   3.493 0.000 99.999 0.259   3.600 0.000 0.029 0.000 0.203 0.559
 84.333333  85.333333   0.70 0.000  0.12 0.000 0.031 0.000000 0.04 0.000000 0.008 0.559000  0.059 0.000  0.082 0.000 999.99 0.259000   0.496 0.000  0.050 0.000   0.446 0.000 0.002 0.000 0.021 0.559
 87.333333  88.333333  44.61 0.000  3.40 0.000 9.999 0.259000 0.06 0.000000 0.086 0.559000  0.652 0.000  0.913 0.000 999.99 0.259000   4.574 0.000  0.638 0.000   3.936 0.000 0.043 0.000 0.402 0.559
 90.333333  91.333333   3.37 0.000  0.34 0.000 0.024 0.000000 9.99 0.259000 0.038 0.000000  0.147 0.000  0.206 0.000 999.99 0.259000   1.663 0.000  0.429 0.000   1.235 0.000 0.008 0.000 0.146 0.000
 93.333333  94.333333  27.76 0.559  0.51 0.559 9.999 0.559259 9.99 0.559259 0.030 0.000000  0.991 0.000  1.388 0.000 999.99 0.559259   4.191 0.000  1.243 0.000   2.948 0.559 0.024 0.559 0.171 0.000
 96.333333  97.333333  28.56 0.000  1.70 0.000 0.024 0.000000 0.12 0.000000 0.130 0.000000  1.776 0.000  2.486 0.000 999.99 0.259000   6.761 0.000  1.265 0.000   5.496 0.000 0.037 0.000 0.359 0.000
 99.333333 100.333333  33.32 0.000  1.12 0.000 9.999 0.259000 9.99 0.259000 0.037 0.000000  0.904 0.000  1.265 0.000 999.99 0.259000   4.657 0.000  1.442 0.000   3.215 0.000 0.028 0.000 0.228 0.000
102.333333 103.333333  45.66 0.559  1.28 0.559 9.999 0.559259 9.99 0.559259 0.052 0.559000  1.496 0.000  2.095 0.000  18.02 0.559000   6.448 0.000  1.444 0.000   5.004 0.559 0.038 0.559 0.363 0.559
105.333333 106.333333   1.93 0.000  0.13 0.000 0.021 0.000000 9.99 0.259000 0.003 0.559000  0.071 0.000  0.100 0.000 999.99 0.259000   0.288 0.000 99.999 0.259   0.309 0.000 0.002 0.000 0.027 0.559
108.333333 109.333333   3.91 0.000  0.41 0.000 9.999 0.259000 9.99 0.259000 0.020 0.000000  0.117 0.000  0.164 0.000 999.99 0.259000   0.945 0.000  0.257 0.000   0.688 0.000 0.006 0.000 0.075 0.000
111.333333 112.333333   6.79 0.000  0.40 0.000 9.999 0.259000 9.99 0.259000 0.008 0.559000  0.109 0.000  0.152 0.000 999.99 0.259000   1.027 0.000  0.277 0.000   0.751 0.000 0.007 0.000 0.079 0.559
114.333333 115.333333  15.86 0.000  1.24 0.000 9.999 0.259000 9.99 0.259000 0.069 0.559000  0.287 0.000  0.403 0.000 999.99 0.259000   3.307 0.000  0.884 0.000   2.422 0.000 0.026 0.000 0.265 0.559
117.333333 118.333333  47.25 0.559  2.06 0.559 9.999 0.559259 9.99 0.559259 0.027 0.000000  0.514 0.000  0.720 0.000 999.99 0.559259   5.301 0.000  1.827 0.000   3.474 0.559 0.039 0.559 0.308 0.000
120.333333 121.333333  43.97 0.000  0.90 0.000 0.024 0.000000 9.99 0.259000 0.041 0.559000  0.811 0.000  1.136 0.000 999.99 0.259000   5.999 0.000  3.265 0.000   2.734 0.000 0.024 0.000 0.163 0.559
123.333333 124.333333  15.88 0.000  1.01 0.000 9.999 0.259000 0.05 0.000000 0.032 0.559000  0.539 0.000  0.755 0.000 999.99 0.259000   2.548 0.000  0.496 0.000   2.052 0.000 0.016 0.000 0.128 0.559
126.333333 127.333333  19.92 0.000  0.57 0.000 9.999 0.259000 9.99 0.259000 0.032 0.559000  0.447 0.000  0.626 0.000 999.99 0.259000   3.123 0.000  1.194 0.000   1.929 0.000 0.014 0.000 0.133 0.559
129.333333 130.333333   2.49 0.000  0.31 0.000 9.999 0.259000 0.06 0.000000 0.017 0.559000  0.130 0.000  0.182 0.000 999.99 0.259000   0.827 0.000  0.069 0.000   0.758 0.000 0.005 0.000 0.059 0.559
132.333333 133.333333   6.96 0.000  0.44 0.000 9.999 0.259000 0.14 0.000000 0.041 0.559000  0.510 0.000  0.714 0.000 999.99 0.259000   2.079 0.000  0.289 0.000   1.790 0.000 0.011 0.000 0.211 0.559
135.333333 136.333333  15.99 0.000  1.22 0.000 9.999 0.259000 0.11 0.000000 0.061 0.000000  0.651 0.000  0.912 0.000 999.99 0.259000   3.575 0.000  0.622 0.000   2.953 0.000 0.024 0.000 0.315 0.000
138.333333 139.333333  25.99 0.000  1.11 0.000 9.999 0.259000 0.11 0.000000 0.035 0.000000  0.596 0.000  0.834 0.000 999.99 0.259000   3.769 0.000  0.953 0.000   2.817 0.000 0.023 0.000 0.269 0.000
141.333333 142.333333   8.31 0.000  0.62 0.000 9.999 0.259000 0.12 0.000000 0.019 0.000000  0.304 0.000  0.426 0.000 999.99 0.259000   1.777 0.000  0.305 0.000   1.472 0.000 0.010 0.000 0.141 0.000
144.333333 145.333333   3.92 0.000  0.56 0.000 0.050 0.000000 0.08 0.000000 0.028 0.000000  0.439 0.000  0.614 0.000 999.99 0.259000   1.808 0.000  0.283 0.000   1.525 0.000 0.005 0.000 0.107 0.000
147.333333 148.333333   3.48 0.000  0.33 0.000 9.999 0.259000 9.99 0.259000 0.004 0.000000 99.999 0.259 99.999 0.259 999.99 0.259000   0.575 0.000  0.261 0.000   0.314 0.000 0.003 0.000 0.029 0.000
150.333333 151.333333   0.69 0.000  0.19 0.000 9.999 0.259000 0.09 0.000000 0.003 0.000000  0.509 0.000  0.713 0.000 999.99 0.259000   0.368 0.000  0.304 0.000   0.063 0.000 0.002 0.000 0.015 0.000
153.333333 154.333333  28.83 0.394  1.24 0.394 9.999 0.394259 0.14 0.394000 0.033 0.394000  0.672 0.000  0.942 0.000 999.99 0.394259   4.963 0.000  1.971 0.000   2.993 0.000 0.028 0.394 0.263 0.394
156.333333 157.333333  22.32 0.000  0.45 0.000 9.999 0.259000 0.13 0.000000 0.022 0.000000  0.287 0.000  0.401 0.000 999.99 0.259000   2.947 0.000  1.597 0.000   1.350 0.000 0.012 0.000 0.112 0.000
159.333333 160.333333  11.04 0.000  0.62 0.000 9.999 0.259000 0.09 0.000000 0.046 0.000000  0.861 0.000  1.206 0.000 999.99 0.259000   3.917 0.000  1.123 0.000   2.794 0.000 0.011 0.000 0.284 0.000
162.333333 163.333333   0.50 0.000 99.99 0.259 9.999 0.259000 0.09 0.000000 0.005 0.000000 99.999 0.259 99.999 0.259 999.99 0.259000   0.606 0.000  0.235 0.000   0.370 0.000 0.002 0.000 0.019 0.000
165.333333 166.333333   0.77 0.000  0.20 0.000 9.999 0.259000 0.10 0.000000 0.015 0.000000  0.059 0.000  0.083 0.000 999.99 0.259000   1.131 0.000  0.391 0.000   0.740 0.000 0.003 0.000 0.099 0.000
168.333333 169.333333  28.30 0.000  0.53 0.000 9.999 0.259000 0.07 0.000000 0.013 0.000000  0.966 0.000  1.352 0.000 999.99 0.259000   7.429 0.000  4.726 0.000   2.702 0.000 0.022 0.000 0.087 0.000
171.333333 172.333333  22.22 0.000  0.85 0.000 9.999 0.259000 0.09 0.000000 0.014 0.000000  1.427 0.000  1.998 0.000 999.99 0.259000   6.339 0.000  2.384 0.000   3.954 0.000 0.021 0.000 0.247 0.000
174.333333 175.333333  46.80 0.000  0.74 0.000 0.050 0.000000 9.99 0.259000 0.014 0.000000  1.780 0.000  2.491 0.000 999.99 0.259000   9.084 0.000  3.428 0.000   5.656 0.000 0.027 0.000 0.179 0.000
177.333333 178.333333  15.13 0.559  0.50 0.559 9.999 0.559259 0.13 0.559000 0.028 0.000000  0.679 0.000  0.950 0.000 999.99 0.559259   2.900 0.000  0.509 0.000   2.391 0.559 0.016 0.559 0.225 0.000
180.333333 181.333333  48.70 0.000  0.92 0.000 9.999 0.259000 0.28 0.000000 0.045 0.000000  1.409 0.000  1.973 0.000 999.99 0.259000   7.160 0.000  2.875 0.000   4.284 0.000 0.030 0.000 0.249 0.000
183.333333 184.333333  19.97 0.559  0.37 0.559 9.999 0.559259 9.99 0.559259 0.028 0.000000  0.779 0.000  1.090 0.000 999.99 0.559259   5.556 0.000  2.523 0.000   3.032 0.559 0.021 0.559 0.233 0.000
186.333333 187.333333  21.61 0.559  3.22 0.559 0.026 0.559000 0.11 0.559000 0.072 0.000000  1.209 0.000  1.693 0.000 999.99 0.559259   3.957 0.000 99.999 0.259   4.509 0.559 0.353 0.559 0.371 0.000
189.333333 190.333333  12.01 0.000  0.29 0.000 9.999 0.259000 9.99 0.259000 0.040 0.000000  2.387 0.000  3.342 0.000 999.99 0.259000   5.637 0.000  0.095 0.000   5.543 0.000 0.038 0.000 0.141 0.000
192.333333 193.333333   9.12 0.000 99.99 0.259 9.999 0.259000 0.10 0.000000 0.005 0.000000  0.515 0.000  0.720 0.000 999.99 0.259000   3.127 0.000  1.801 0.000   1.326 0.000 0.010 0.000 0.068 0.000
195.333333 196.333333  37.79 0.559  0.62 0.559 0.017 0.559000 0.07 0.559000 0.028 0.000000  2.664 0.000  3.729 0.000 999.99 0.559259   9.084 0.000  2.694 0.000   6.390 0.559 0.041 0.559 0.215 0.000
198.333333 199.333333 999.99 0.999 99.99 0.999 9.999 0.999000 9.99 0.999000 9.999 0.999000 99.999 0.999 99.999 0.999 999.99 0.999000 999.999 0.999 99.999 0.999 999.999 0.999 9.999 0.999 9.999 0.999
201.333333 202.333333 999.99 0.999 99.99 0.999 9.999 0.999000 9.99 0.999000 9.999 0.999000 99.999 0.999 99.999 0.999 999.99 0.999000 999.999 0.999 99.999 0.999 999.999 0.999 9.999 0.999 9.999 0.999
204.333333 205.333333  31.50 0.394  0.47 0.394 9.999 0.394259 9.99 0.394259 0.013 0.394000  1.112 0.000  1.557 0.000 999.99 0.394259   9.645 0.000  6.351 0.000   3.293 0.000 0.028 0.394 0.121 0.394
207.333333 208.333333  27.25 0.000 99.99 0.259 0.044 0.000000 0.15 0.000000 0.137 0.000000  1.059 0.000  1.483 0.000 999.99 0.259000   6.698 0.000  2.784 0.000   3.914 0.000 0.030 0.000 0.215 0.000
210.333333 211.333333  73.34 0.699  0.37 0.699 9.999 0.699259 0.21 0.699000 0.056 0.000000  4.966 0.000  6.952 0.000 999.99 0.699259  15.163 0.000  3.253 0.000  11.910 0.699 0.081 0.699 0.246 0.000
213.333333 214.333333  37.93 0.559  1.13 0.559 9.999 0.559259 0.23 0.559000 0.070 0.000000  1.296 0.000  1.814 0.000 999.99 0.559259   6.944 0.000  2.414 0.000   4.530 0.559 0.030 0.559 0.366 0.000
216.333333 217.333333  25.05 0.000  1.53 0.000 0.023 0.000000 9.99 0.259000 0.018 0.559000  0.307 0.000  0.429 0.000 999.99 0.259000   3.676 0.000  1.332 0.000   2.345 0.000 0.028 0.000 0.314 0.559
219.333333 220.333333   1.48 0.000 99.99 0.259 9.999 0.259000 9.99 0.259000 0.005 0.000000  0.262 0.000  0.367 0.000 999.99 0.259000   0.817 0.000  0.348 0.000   0.469 0.000 0.006 0.000 0.023 0.000
222.333333 223.333333  27.81 0.000  0.75 0.000 0.012 0.000000 9.99 0.259000 0.019 0.000000  2.899 0.000  4.058 0.000 999.99 0.259000   7.586 0.000  3.151 0.000   4.435 0.000 0.023 0.000 0.150 0.000
225.333333 226.333333 999.99 0.999 99.99 0.999 9.999 0.999000 9.99 0.999000 9.999 0.999000 99.999 0.999 99.999 0.999 999.99 0.999000 999.999 0.999 99.999 0.999 999.999 0.999 9.999 0.999 9.999 0.999
228.333333 229.333333 999.99 0.999 99.99 0.999 9.999 0.999000 9.99 0.999000 9.999 0.999000 99.999 0.999 99.999 0.999 999.99 0.999000 999.999 0.999 99.999 0.999 999.999 0.999 9.999 0.999 9.999 0.999
231.333333 232.333333  59.26 0.000  1.12 0.000 0.022 0.000000 0.18 0.000000 0.025 0.000000  2.134 0.000  2.987 0.000 999.99 0.259000   9.804 0.000  4.128 0.000   5.676 0.000 0.042 0.000 0.251 0.000
234.333333 235.333333   0.84 0.000  0.23 0.000 0.021 0.000000 9.99 0.259000 0.005 0.000000  0.021 0.000  0.029 0.000 999.99 0.259000   0.329 0.000 99.999 0.259   0.426 0.000 0.002 0.000 0.029 0.000
237.333333 238.333333   1.07 0.000  0.11 0.000 0.038 0.000000 9.99 0.259000 9.999 0.259000 99.999 0.259 99.999 0.259 999.99 0.259000   0.323 0.000  0.114 0.000   0.209 0.000 0.002 0.000 0.016 0.000
