scripts/IMPROVE-2019_partial/data/US9034R.20050101060000.20191216000000.filterpack..pm25.52w.1w.US03L_filterpack_US9034.US03L_IMPROVE_Davis.lev2.nas
64 1001
MISSING INFORMATION
US03L, IMPROVE, , , , , , , 
MISSING INFORMATION
IMPROVE sel_HTAP
1 1
2005 01 01 2019 12 16
3.00
days from file reference point
25
1 1 1 1 1 1 1 1 1 1 1 1 1 1 1 1 1 1 1 1 1 1 1 1 1
999.99 9999.99 9.999 99.99 9.999 9.999 9.999 9.99 9.999 99.999 9.999 999.999 9.999 999.999 9.999 999.999 9.999 999.999 9.999 999.999 9.999 9.999 9.999 99.999 9.999
end_time of measurement, days from the file reference point
iron, ng/m3, Revision date=20181210133000
numflag iron, no unit, Revision date=20181210133000
lead, ng/m3, Revision date=20181210133000
numflag lead, no unit, Revision date=20181210133000
magnesium, ug/m3, Revision date=20181210133000
numflag magnesium, no unit, Revision date=20181210133000
nickel, ng/m3, Revision date=20181210133000
numflag nickel, no unit, Revision date=20181210133000
nitrate, ug N/m3, Revision date=20181210133000
numflag nitrate, no unit, Revision date=20181210133000
organic_carbon, ug C/m3, Revision date=20181210133000
numflag organic_carbon, no unit, Revision date=20181210133000
organic_mass, ug/m3, Revision date=20181210133000
numflag organic_mass, no unit, Revision date=20181210133000
pm10_mass, ug/m3, Version=2, Version description=Data extracted from http://views.cira.colostate.edu/fed/DataWizard 2019-12-16, Sample duration=1d, Orig. time res.=3d, Matrix=pm10, Blank correction=Blank corrected, Volume std. temperature=ambient, Volume std. pressure=ambient
numflag pm10_mass, no unit, Version=2, Version description=Data extracted from http://views.cira.colostate.edu/fed/DataWizard 2019-12-16, Sample duration=1d, Orig. time res.=3d, Matrix=pm10, Blank correction=Blank corrected, Volume std. temperature=ambient, Volume std. pressure=ambient
pm10_pm25_mass, ug/m3, Revision date=20181210133000, Matrix=pm10_pm25
numflag pm10_pm25_mass, no unit, Revision date=20181210133000, Matrix=pm10_pm25
pm25_mass, ug/m3, Version=2, Version description=Data extracted from http://views.cira.colostate.edu/fed/DataWizard 2019-12-16, Sample duration=1d, Orig. time res.=3d, Blank correction=Blank corrected, Volume std. temperature=ambient, Volume std. pressure=ambient
numflag pm25_mass, no unit, Version=2, Version description=Data extracted from http://views.cira.colostate.edu/fed/DataWizard 2019-12-16, Sample duration=1d, Orig. time res.=3d, Blank correction=Blank corrected, Volume std. temperature=ambient, Volume std. pressure=ambient
potassium, ug/m3, Revision date=20181210133000
numflag potassium, no unit, Revision date=20181210133000
sulphate_total, ug S/m3, Revision date=20181210133000
numflag sulphate_total, no unit, Revision date=20181210133000
0
25
Data definition:              EBAS_1.1
Set type code:                TU
Timezone:                     UTC
File name:                    US9034R.20050101060000.20191216000000.filterpack..pm25.52w.1w.US03L_filterpack_US9034.US03L_IMPROVE_Davis.lev2.nas
File creation:                20191218120734
Startdate:                    20050101060000
Revision date:                20191216000000
Statistics:                   arithmetic mean
Data level:                   2
Period code:                  52w
Resolution code:              1w
Station code:                 US9034R
Platform code:                US9034S
Station name:                 Upper Buffalo Wilderness
Station latitude:             35.8258
Station longitude:            -93.203
Station altitude:             722.0 m
Regime:                       IMG
Component:                    
Matrix:                       pm25
Laboratory code:              US03L
Instrument type:              filterpack
Instrument name:              filterpack_US9034
Method ref:                   US03L_IMPROVE_Davis
starttime endtime Fe flag_Fe Pb flag_Pb Mg++ flag_Mg++ Ni flag_Ni NO3- flag_NO3- OC flag_OC OM flag_OM PM10 flag_PM10 PM10-PM2.5 flag_PM10-PM2.5 PM2.5 flag_PM2.5 K+ flag_K+ SO4-- flag_SO4--
[from data line 94]
282.25 283.25   23.41 0.000  8.13 0.000 9.999 0.259 0.26 0.000  0.158 0.000   3.321 0.000   5.977 0.000  16.552 0.000   2.139 0.000  14.410 0.000 0.060 0.000  1.888 0.000
285.25 286.25   21.49 0.000  0.76 0.000 0.009 0.000 9.99 0.259  0.082 0.000   1.850 0.000   3.330 0.000  11.896 0.000   4.631 0.000   7.264 0.000 0.025 0.000  0.655 0.000
288.25 289.25   57.78 0.000  2.65 0.000 0.010 0.000 9.99 0.259  0.037 0.000   1.740 0.000   3.132 0.000  16.202 0.000   8.864 0.000   7.337 0.000 0.049 0.000  0.685 0.000
291.25 292.25   62.78 0.000  1.49 0.000 9.999 0.259 0.32 0.000  0.043 0.000   2.584 0.000   4.652 0.000  24.959 0.000   9.650 0.000  15.243 0.000 0.077 0.000  1.864 0.000
294.25 295.25   33.13 0.000  1.37 0.000 9.999 0.259 9.99 0.259  0.210 0.000   0.866 0.000   1.560 0.000  10.652 0.000   5.820 0.000   4.831 0.000 0.027 0.000  0.538 0.000
297.25 298.25    9.76 0.000  0.61 0.000 9.999 0.259 0.19 0.000  0.328 0.000   1.256 0.000   2.260 0.000   8.238 0.000   3.692 0.000   4.595 0.000 0.023 0.000  0.418 0.000
300.25 301.25   54.73 0.000  1.88 0.000 9.999 0.259 9.99 0.259  0.609 0.000  11.250 0.000  20.251 0.000  40.606 0.000  11.000 0.000  29.599 0.000 0.526 0.000  1.124 0.000
303.25 304.25   27.45 0.000  1.10 0.000 0.016 0.000 0.23 0.000  0.111 0.000   2.291 0.000   4.125 0.000  13.698 0.000   2.534 0.000  11.167 0.000 0.070 0.000  1.321 0.000
306.25 307.25   43.94 0.000  2.42 0.000 9.999 0.259 0.28 0.000  0.053 0.000   2.390 0.699   4.301 0.699  13.123 0.000   4.673 0.000   8.453 0.000 0.072 0.000  0.687 0.000
309.25 310.25   33.54 0.000  1.27 0.000 9.999 0.259 9.99 0.259  0.067 0.000   0.833 0.000   1.500 0.000  11.476 0.000   7.651 0.000   3.824 0.000 0.040 0.000  0.267 0.000
312.25 313.25   29.82 0.000  0.87 0.000 9.999 0.259 0.37 0.000  0.110 0.000   1.649 0.000   2.969 0.000  17.296 0.000   9.301 0.000   7.995 0.000 0.041 0.000  0.890 0.000
315.25 316.25   39.13 0.000  2.04 0.000 9.999 0.259 0.57 0.000  0.167 0.000   3.848 0.000   6.926 0.000  23.552 0.000   6.447 0.000  17.106 0.000 0.108 0.000  1.677 0.000
318.25 319.25   11.30 0.000  0.49 0.000 9.999 0.259 0.56 0.000  0.108 0.000   1.157 0.000   2.083 0.000  10.824 0.000   3.444 0.000   7.443 0.000 0.032 0.000  1.137 0.000
321.25 322.25   23.32 0.000  0.95 0.000 9.999 0.259 9.99 0.259  0.179 0.000   1.193 0.000   2.148 0.000   9.159 0.000   5.265 0.000   3.893 0.000 0.035 0.000  0.237 0.000
324.25 325.25    9.94 0.000  1.10 0.000 9.999 0.259 9.99 0.259  0.305 0.000   0.743 0.000   1.337 0.000   6.458 0.000   3.238 0.000   3.220 0.000 0.018 0.000  0.347 0.000
327.25 328.25   15.34 0.000  0.41 0.000 9.999 0.259 9.99 0.259  0.050 0.000   0.598 0.000   1.075 0.000   5.287 0.000   3.351 0.000   1.936 0.000 0.024 0.000  0.128 0.000
330.25 331.25   73.17 0.000  0.59 0.000 9.999 0.259 0.37 0.000  0.075 0.000   1.089 0.000   1.960 0.000  21.522 0.000  14.404 0.000   7.118 0.000 0.074 0.000  0.716 0.000
333.25 334.25   27.29 0.000  1.46 0.000 9.999 0.259 9.99 0.259  0.163 0.000   1.249 0.000   2.247 0.000  10.525 0.000   6.931 0.000   3.594 0.000 0.040 0.000  0.176 0.000
336.25 337.25   40.21 0.000  3.28 0.000 9.999 0.259 0.28 0.000  0.369 0.000   2.859 0.000   5.145 0.000  22.529 0.000  10.385 0.000  12.145 0.000 0.114 0.000  0.911 0.000
339.25 340.25 9999.99 0.456 99.99 0.456 9.999 0.456 9.99 0.456  0.865 0.699   1.524 0.699   2.743 0.699  17.984 0.000 999.999 0.456 999.999 0.456 9.999 0.456  0.507 0.699
342.25 343.25   10.57 0.000  1.14 0.000 9.999 0.259 0.23 0.000  0.375 0.000   0.916 0.000   1.648 0.000   5.673 0.000   1.232 0.000   4.441 0.000 0.034 0.000  0.184 0.000
345.25 346.25   13.80 0.000  1.00 0.000 9.999 0.259 9.99 0.259  0.129 0.000   0.691 0.000   1.244 0.000   6.045 0.000   3.623 0.000   2.422 0.000 0.023 0.000  0.160 0.000
348.25 349.25   10.62 0.000  0.40 0.000 9.999 0.259 9.99 0.259  0.111 0.000   0.473 0.000   0.852 0.000   6.668 0.000   4.434 0.000   2.234 0.000 0.020 0.000  0.213 0.000
351.25 352.25   18.13 0.000  4.09 0.000 0.004 0.000 9.99 0.259  0.676 0.000   1.871 0.000   3.368 0.000  11.689 0.000   3.236 0.000   8.452 0.000 0.063 0.000  0.355 0.000
354.25 355.25   23.77 0.000  3.58 0.000 9.999 0.259 9.99 0.259  1.501 0.000   2.488 0.000   4.479 0.000  22.970 0.000   4.096 0.000  18.869 0.000 0.058 0.000  1.257 0.000
357.25 358.25    7.84 0.000  0.46 0.000 9.999 0.259 0.23 0.000  0.233 0.000   0.956 0.000   1.720 0.000   5.057 0.000   1.337 0.000   3.721 0.000 0.022 0.000  0.381 0.000
360.25 361.25   26.14 0.000  1.67 0.000 9.999 0.259 0.62 0.000  0.208 0.000 999.999 0.999 999.999 0.999 999.999 0.999 999.999 0.999   7.866 0.000 0.080 0.000  0.546 0.000
363.25 364.25   17.76 0.000  0.68 0.000 0.009 0.000 9.99 0.259  0.221 0.000 999.999 0.999 999.999 0.999 999.999 0.999 999.999 0.999   5.067 0.000 0.051 0.000  0.255 0.000
