scripts/IMPROVE-2019_partial/data/US9021R.20100102050000.20191216000000.filterpack...52w.3d.US03L_filterpack_US9021.US03L_IMPROVE_Davis.lev2.nas
52 1001
MISSING INFORMATION
US03L, IMPROVE, , , , , , , 
MISSING INFORMATION
IMPROVE sel_HTAP
1 1
2010 01 01 2019 12 16
3.000000
days from file reference point
5
1 1 1 1 1
999.999999 999.999 9.999 999.999 9.999
end_time of measurement, days from the file reference point
pm10_mass, ug/m3, Matrix=pm10
numflag pm10_mass, no unit, Matrix=pm10
pm25_mass, ug/m3, Matrix=pm25
numflag pm25_mass, no unit, Matrix=pm25
0
33
Data definition:              EBAS_1.1
Set type code:                TU
Timezone:                     UTC
File name:                    US9021R.20100102050000.20191216000000.filterpack...52w.3d.US03L_filterpack_US9021.US03L_IMPROVE_Davis.lev2.nas
File creation:                20191218120632
Startdate:                    20100102050000
Revision date:                20191216000000
Version:                      2
Version description:          "Data extracted from http://views.cira.colostate.edu/fed/DataWizard 2019-12-16"
Statistics:                   arithmetic mean
Data level:                   2
Period code:                  52w
Resolution code:              3d
Sample duration:              1d
Orig. time res.:              3d
Station code:                 US9021R
Platform code:                US9021S
Station name:                 M.K. Goddard
Station latitude:             41.4269
Station longitude:            -80.1453
Station altitude:             379.0 m
Regime:                       IMG
Component:                    
Unit:                         ug/m3
Matrix:                       
Laboratory code:              US03L
Instrument type:              filterpack
Instrument name:              filterpack_US9021
Method ref:                   US03L_IMPROVE_Davis
Blank correction:             Blank corrected
Volume std. temperature:      ambient
Volume std. pressure:         ambient
starttime endtime PM10 flag_PM10 PM2.5 flag_PM2.5
  1.208333   2.208333   3.928 0.000   2.490 0.000
  4.208333   5.208333   3.044 0.000   2.193 0.000
  7.208333   8.208333  13.621 0.000  12.784 0.000
 10.208333  11.208333  14.013 0.000  11.909 0.000
 13.208333  14.208333  19.919 0.000  14.212 0.000
 16.208333  17.208333  16.718 0.000  15.528 0.000
 19.208333  20.208333   9.014 0.000   6.452 0.000
 22.208333  23.208333   7.565 0.000   5.302 0.000
 25.208333  26.208333   6.197 0.000   4.700 0.000
 28.208333  29.208333   8.387 0.000   5.567 0.000
 31.208333  32.208333  18.157 0.000  13.210 0.000
 34.208333  35.208333  20.870 0.000  16.083 0.000
 37.208333  38.208333  10.023 0.000   7.509 0.000
 40.208333  41.208333  10.674 0.000   9.983 0.000
 43.208333  44.208333   9.403 0.000   8.275 0.000
 46.208333  47.208333   8.264 0.000   7.323 0.000
 49.208333  50.208333   7.561 0.000   5.409 0.000
 52.208333  53.208333   9.316 0.000   6.984 0.000
 55.208333  56.208333   5.977 0.000   5.045 0.000
 58.208333  59.208333   4.872 0.000   4.529 0.000
 61.208333  62.208333   9.386 0.000   5.632 0.000
 64.208333  65.208333   7.839 0.000   4.636 0.000
 67.208333  68.208333  23.970 0.000  18.684 0.000
 70.208333  71.208333   5.281 0.000   4.668 0.000
 73.208333  74.208333   5.508 0.000   3.765 0.000
 76.208333  77.208333   9.665 0.000   6.048 0.000
 79.208333  80.208333  11.809 0.000   8.107 0.000
 82.208333  83.208333   7.114 0.000   4.309 0.000
 85.208333  86.208333   6.350 0.000   3.936 0.000
 88.208333  89.208333   8.796 0.000   6.132 0.000
 91.208333  92.208333  20.886 0.000  14.312 0.000
 94.208333  95.208333  12.685 0.000   8.065 0.000
 97.208333  98.208333   9.336 0.000   6.334 0.000
100.208333 101.208333  10.028 0.000   6.169 0.000
103.208333 104.208333  10.825 0.000   6.146 0.000
106.208333 107.208333   2.454 0.000   1.424 0.000
109.208333 110.208333   8.835 0.000   5.153 0.000
112.208333 113.208333  14.242 0.000   7.286 0.000
115.208333 116.208333   5.591 0.000   4.595 0.000
118.208333 119.208333   9.008 0.000   5.412 0.000
121.208333 122.208333   7.557 0.000   5.928 0.000
124.208333 125.208333  12.012 0.000   7.413 0.000
127.208333 128.208333 999.999 0.999 999.999 0.999
130.208333 131.208333   5.309 0.000   3.818 0.000
133.208333 134.208333   8.684 0.000   5.612 0.000
136.208333 137.208333   5.042 0.000   3.573 0.000
139.208333 140.208333  11.033 0.000   7.966 0.000
142.208333 143.208333  12.199 0.000   9.659 0.000
145.208333 146.208333  10.551 0.000   7.391 0.000
148.208333 149.208333  19.200 0.000  15.933 0.000
151.208333 152.208333   8.882 0.000   6.350 0.000
154.208333 155.208333  14.009 0.000  11.647 0.000
157.208333 158.208333   6.399 0.000   3.816 0.000
160.208333 161.208333   9.859 0.000   6.157 0.000
163.208333 164.208333  16.270 0.000  14.178 0.000
166.208333 167.208333  12.373 0.000   8.603 0.000
169.208333 170.208333  23.697 0.000  20.685 0.000
172.208333 173.208333  11.304 0.000   8.910 0.000
175.208333 176.208333  15.164 0.000  12.011 0.000
178.208333 179.208333   9.203 0.000   6.495 0.000
181.208333 182.208333   7.728 0.000   5.871 0.000
184.208333 185.208333  24.256 0.000  21.387 0.000
187.208333 188.208333  27.748 0.000  24.747 0.000
190.208333 191.208333 999.999 0.999 999.999 0.999
193.208333 194.208333 999.999 0.999 999.999 0.999
196.208333 197.208333  24.702 0.000  20.862 0.000
199.208333 200.208333  11.313 0.000   8.481 0.000
202.208333 203.208333  13.216 0.000   9.629 0.000
205.208333 206.208333   9.596 0.000   5.669 0.000
208.208333 209.208333  19.856 0.000  15.188 0.000
211.208333 212.208333  13.758 0.000  10.508 0.000
214.208333 215.208333  23.072 0.000  18.722 0.000
217.208333 218.208333  14.119 0.000  10.101 0.000
220.208333 221.208333  24.010 0.000  19.524 0.000
223.208333 224.208333  14.229 0.000  11.330 0.000
226.208333 227.208333  16.230 0.000  13.562 0.000
229.208333 230.208333  18.488 0.000  12.134 0.000
232.208333 233.208333  18.547 0.000 999.999 0.456
235.208333 236.208333   4.647 0.000   1.692 0.000
238.208333 239.208333   7.677 0.000   5.280 0.000
241.208333 242.208333  19.764 0.000  15.921 0.000
244.208333 245.208333  21.471 0.000  15.577 0.000
247.208333 248.208333   7.626 0.000   5.070 0.000
250.208333 251.208333  11.363 0.000   4.978 0.000
253.208333 254.208333   6.685 0.000   3.584 0.000
256.208333 257.208333   8.487 0.000   4.973 0.000
259.208333 260.208333   5.285 0.000   3.087 0.000
262.208333 263.208333   6.052 0.000   3.162 0.000
265.208333 266.208333  17.132 0.000  12.146 0.000
268.208333 269.208333   7.287 0.000   4.235 0.000
271.208333 272.208333   9.241 0.000   5.364 0.000
274.208333 275.208333   7.742 0.000   5.301 0.000
277.208333 278.208333   3.974 0.000   2.238 0.000
280.208333 281.208333  12.096 0.000   7.507 0.000
283.208333 284.208333  23.656 0.000  15.060 0.000
286.208333 287.208333   5.913 0.000   3.496 0.000
289.208333 290.208333  13.679 0.000   8.089 0.000
292.208333 293.208333  16.935 0.000   6.864 0.000
295.208333 296.208333  18.086 0.000   9.279 0.000
298.208333 299.208333   9.218 0.000   5.424 0.000
301.208333 302.208333   4.027 0.000   2.900 0.000
304.208333 305.208333   4.388 0.000   2.951 0.000
307.208333 308.208333   8.795 0.000   7.553 0.000
310.208333 311.208333  11.452 0.000   9.723 0.000
313.208333 314.208333  10.768 0.000   7.812 0.000
316.208333 317.208333  17.239 0.000  12.293 0.000
319.208333 320.208333   9.037 0.000   7.295 0.000
322.208333 323.208333   7.922 0.000   6.007 0.000
325.208333 326.208333  13.706 0.000   9.164 0.000
328.208333 329.208333   4.597 0.000   3.343 0.000
331.208333 332.208333   9.903 0.000   8.089 0.000
334.208333 335.208333   5.380 0.000   4.455 0.000
337.208333 338.208333   8.571 0.000   7.285 0.000
340.208333 341.208333   4.955 0.000   2.612 0.000
343.208333 344.208333  14.880 0.000  10.687 0.000
346.208333 347.208333   5.480 0.000   1.831 0.000
349.208333 350.208333  12.543 0.000   9.938 0.000
352.208333 353.208333  20.960 0.000  16.759 0.000
355.208333 356.208333  11.421 0.000   8.852 0.000
358.208333 359.208333   6.716 0.000   5.466 0.000
361.208333 362.208333  14.090 0.000  10.940 0.000
364.208333 365.208333  11.904 0.000   8.434 0.000
