scripts/IMPROVE-2019_partial/data/US9032R.20150103090000.20191216000000.filterpack...1y.3d.US03L_filterpack_US9032.US03L_IMPROVE_Davis.lev2.nas
52 1001
MISSING INFORMATION
US03L, IMPROVE, , , , , , , 
MISSING INFORMATION
IMPROVE sel_HTAP
1 1
2015 01 01 2019 12 16
3.000
days from file reference point
5
1 1 1 1 1
999.999 999.999 9.999 99.999 9.999
end_time of measurement, days from the file reference point
pm10_mass, ug/m3, Matrix=pm10
numflag pm10_mass, no unit, Matrix=pm10
pm25_mass, ug/m3, Matrix=pm25
numflag pm25_mass, no unit, Matrix=pm25
0
33
Data definition:              EBAS_1.1
Set type code:                TU
Timezone:                     UTC
File name:                    US9032R.20150103090000.20191216000000.filterpack...1y.3d.US03L_filterpack_US9032.US03L_IMPROVE_Davis.lev2.nas
File creation:                20191218120722
Startdate:                    20150103090000
Revision date:                20191216000000
Version:                      2
Version description:          "Data extracted from http://views.cira.colostate.edu/fed/DataWizard 2019-12-16"
Statistics:                   arithmetic mean
Data level:                   2
Period code:                  1y
Resolution code:              3d
Sample duration:              1d
Orig. time res.:              3d
Station code:                 US9032R
Platform code:                US9032S
Station name:                 Trapper Creek
Station latitude:             62.3153
Station longitude:            -150.3156
Station altitude:             155.0 m
Regime:                       IMG
Component:                    
Unit:                         ug/m3
Matrix:                       
Laboratory code:              US03L
Instrument type:              filterpack
Instrument name:              filterpack_US9032
Method ref:                   US03L_IMPROVE_Davis
Blank correction:             Blank corrected
Volume std. temperature:      ambient
Volume std. pressure:         ambient
starttime endtime PM10 flag_PM10 PM2.5 flag_PM2.5
  2.375   3.375   3.453 0.000  0.649 0.000
  5.375   6.375   1.905 0.000  0.569 0.000
  8.375   9.375   1.222 0.000  0.250 0.000
 11.375  12.375   0.254 0.000 99.999 0.259
 14.375  15.375   1.552 0.000  1.239 0.000
 17.375  18.375   0.509 0.000  0.251 0.000
 20.375  21.375   0.821 0.000  0.736 0.000
 23.375  24.375   1.459 0.000  1.010 0.000
 26.375  27.375   1.458 0.000  1.047 0.000
 29.375  30.375   1.387 0.000  0.956 0.000
 32.375  33.375   2.035 0.000  1.157 0.000
 35.375  36.375   4.043 0.000  2.003 0.000
 38.375  39.375   4.839 0.000  1.941 0.000
 41.375  42.375   1.269 0.000  0.722 0.000
 44.375  45.375   0.550 0.000  0.217 0.000
 47.375  48.375   1.624 0.000  0.977 0.000
 50.375  51.375   0.636 0.000  0.401 0.000
 53.375  54.375   1.345 0.000  0.876 0.000
 56.375  57.375   6.593 0.000  2.242 0.000
 59.375  60.375   3.325 0.000  1.943 0.000
 62.375  63.375   1.510 0.000  0.960 0.000
 65.375  66.375   2.530 0.000  1.488 0.000
 68.375  69.375   3.265 0.000  2.090 0.000
 71.375  72.375   2.966 0.000  1.774 0.000
 74.375  75.375   2.082 0.000  1.156 0.000
 77.375  78.375   0.927 0.000  0.218 0.000
 80.375  81.375   2.904 0.000  1.210 0.000
 83.375  84.375   3.238 0.000  1.474 0.000
 86.375  87.375   1.556 0.000  1.000 0.000
 89.375  90.375   1.065 0.000  0.915 0.000
 92.375  93.375   1.929 0.000  0.771 0.000
 95.375  96.375   1.050 0.000  0.944 0.000
 98.375  99.375   1.135 0.000  0.503 0.000
101.375 102.375   0.585 0.000  0.410 0.000
104.375 105.375   3.222 0.000  0.975 0.000
107.375 108.375   3.141 0.000  1.341 0.000
110.375 111.375   3.292 0.000  1.866 0.000
113.375 114.375   7.009 0.000  2.364 0.000
116.375 117.375   3.251 0.000  1.621 0.000
119.375 120.375   1.171 0.000  0.940 0.000
122.375 123.375   2.165 0.000  1.272 0.000
125.375 126.375   3.739 0.000  1.608 0.000
128.375 129.375   2.303 0.000  0.622 0.000
131.375 132.375   3.327 0.000  1.453 0.000
134.375 135.375   7.094 0.000  2.634 0.000
137.375 138.375   3.537 0.000  1.687 0.000
140.375 141.375   4.247 0.000  1.914 0.000
143.375 144.375   2.953 0.000  1.604 0.000
146.375 147.375   4.256 0.000  2.580 0.000
149.375 150.375   6.511 0.000  3.867 0.000
152.375 153.375   3.816 0.000  1.688 0.000
155.375 156.375   3.747 0.000  0.809 0.000
158.375 159.375   5.318 0.000  2.119 0.000
161.375 162.375   4.268 0.000  1.696 0.000
164.375 165.375   6.648 0.000  3.975 0.000
167.375 168.375   4.511 0.000  2.417 0.000
170.375 171.375  10.160 0.000  6.527 0.000
173.375 174.375   8.348 0.000  5.725 0.000
176.375 177.375   4.707 0.000  2.282 0.000
179.375 180.375   3.396 0.000  1.166 0.000
182.375 183.375   4.282 0.000  2.080 0.000
185.375 186.375   5.193 0.000  3.171 0.000
188.375 189.375   3.991 0.000  1.798 0.000
191.375 192.375   3.368 0.000 99.999 0.456
194.375 195.375   3.684 0.000  0.912 0.000
197.375 198.375   4.844 0.000  1.615 0.000
200.375 201.375   4.950 0.000  3.008 0.000
203.375 204.375   5.050 0.000  2.760 0.000
206.375 207.375   4.014 0.000  1.590 0.000
209.375 210.375   5.518 0.000  2.523 0.000
212.375 213.375   5.811 0.000  2.834 0.000
215.375 216.375   8.064 0.000  4.640 0.000
218.375 219.375   8.736 0.000  5.693 0.000
221.375 222.375   3.042 0.000  1.073 0.000
224.375 225.375   4.871 0.000  1.842 0.000
227.375 228.375   4.090 0.000  1.449 0.000
230.375 231.375   3.760 0.000  0.723 0.000
233.375 234.375   2.796 0.000  0.669 0.000
236.375 237.375   4.470 0.000  1.304 0.000
239.375 240.375   3.244 0.000  0.763 0.000
242.375 243.375   4.404 0.000  0.583 0.000
245.375 246.375   3.027 0.000  1.337 0.000
248.375 249.375   4.379 0.000  1.639 0.000
251.375 252.375   2.314 0.000  0.642 0.000
254.375 255.375   2.499 0.000  0.855 0.000
257.375 258.375   2.770 0.000  0.792 0.000
260.375 261.375   2.665 0.000  0.842 0.000
263.375 264.375   1.609 0.000  0.554 0.000
266.375 267.375   5.110 0.000  0.437 0.000
269.375 270.375   0.634 0.000  0.437 0.000
272.375 273.375 999.999 0.999 99.999 0.999
275.375 276.375   0.557 0.000  0.214 0.000
278.375 279.375   1.906 0.000  0.887 0.000
281.375 282.375   2.100 0.000  0.690 0.000
284.375 285.375   0.851 0.000  0.535 0.000
287.375 288.375   0.767 0.000  0.340 0.000
290.375 291.375   1.392 0.000  0.593 0.000
293.375 294.375   1.620 0.000  0.910 0.000
296.375 297.375   1.698 0.000  0.833 0.000
299.375 300.375   0.770 0.000  0.374 0.000
302.375 303.375   0.554 0.000  0.283 0.000
305.375 306.375   1.076 0.000  0.404 0.000
308.375 309.375   0.897 0.000  0.469 0.000
311.375 312.375   0.260 0.000  0.377 0.000
314.375 315.375   0.649 0.000  0.536 0.000
317.375 318.375   0.308 0.000  0.190 0.000
320.375 321.375   1.442 0.000  0.680 0.000
323.375 324.375   0.644 0.000  0.221 0.000
326.375 327.375   1.000 0.000  0.370 0.000
329.375 330.375 999.999 0.259  0.031 0.000
332.375 333.375   0.171 0.000  0.220 0.000
335.375 336.375   0.086 0.000  0.032 0.000
338.375 339.375   0.303 0.000  0.283 0.000
341.375 342.375   0.359 0.000  0.397 0.000
344.375 345.375   0.389 0.000  0.191 0.000
347.375 348.375   0.692 0.000  0.343 0.000
350.375 351.375   0.816 0.000  0.379 0.000
353.375 354.375   0.175 0.000  0.358 0.000
356.375 357.375   0.486 0.000  0.225 0.000
359.375 360.375   0.603 0.000  0.413 0.000
362.375 363.375   0.214 0.000  0.405 0.000
