scripts/IMPROVE-2019_partial/data/US9051U.19930102050000.20191216000000.filterpack...1y.3d.US03L_filterpack_US9051.US03L_IMPROVE_Davis.lev2.nas
51 1001
MISSING INFORMATION
US03L, IMPROVE, , , , , , , 
MISSING INFORMATION
IMPROVE sel_HTAP
1 1
1993 01 01 2019 12 16
0
days from file reference point
4
1 1 1 1
999.999999 999.999 999.999 9.999
end_time of measurement, days from the file reference point
pm10_mass, ug/m3, Matrix=pm10
pm25_mass, ug/m3, Matrix=pm25
numflag, no unit
0
33
Data definition:              EBAS_1.1
Set type code:                TI
Timezone:                     UTC
File name:                    US9051U.19930102050000.20191216000000.filterpack...1y.3d.US03L_filterpack_US9051.US03L_IMPROVE_Davis.lev2.nas
File creation:                20191218120854
Startdate:                    19930102050000
Revision date:                20191216000000
Version:                      2
Version description:          "Data extracted from http://views.cira.colostate.edu/fed/DataWizard 2019-12-16"
Statistics:                   arithmetic mean
Data level:                   2
Period code:                  1y
Resolution code:              3d
Sample duration:              1d
Orig. time res.:              3d
Station code:                 US9051U
Platform code:                US9051S
Station name:                 Washington D.C.
Station latitude:             38.8762
Station longitude:            -77.0344
Station altitude:             15.0 m
Regime:                       IMG
Component:                    
Unit:                         ug/m3
Matrix:                       
Laboratory code:              US03L
Instrument type:              filterpack
Instrument name:              filterpack_US9051
Method ref:                   US03L_IMPROVE_Davis
Blank correction:             Blank corrected
Volume std. temperature:      ambient
Volume std. pressure:         ambient
starttime endtime PM10 PM2.5 flag
  1.208333   2.208333  18.777  15.426 0.000
  5.208333   6.208333  18.259  14.300 0.000
  8.208333   9.208333  28.634  22.252 0.000
 12.208333  13.208333  14.390  10.615 0.000
 15.208333  16.208333  51.105  34.361 0.000
 19.208333  20.208333  38.939  27.883 0.000
 22.208333  23.208333  18.441  12.994 0.000
 26.208333  27.208333  34.236  18.958 0.000
 29.208333  30.208333  15.638   8.232 0.000
 33.208333  34.208333  32.194  15.260 0.000
 36.208333  37.208333  28.486  15.617 0.000
 40.208333  41.208333  46.796  31.497 0.000
 43.208333  44.208333  13.422  11.258 0.000
 47.208333  48.208333  26.071  13.280 0.000
 50.208333  51.208333  35.580  19.670 0.000
 54.208333  55.208333  20.508  11.118 0.000
 57.208333  58.208333  38.090  22.049 0.000
 61.208333  62.208333  52.800  34.058 0.000
 64.208333  65.208333  16.543  11.677 0.000
 68.208333  69.208333  23.351  16.311 0.000
 71.208333  72.208333  13.927   8.355 0.000
 75.208333  76.208333  27.321  23.428 0.000
 78.208333  79.208333  21.878  14.923 0.000
 82.208333  83.208333  22.284  16.792 0.000
 85.208333  86.208333  35.494  20.900 0.000
 89.208333  90.208333  18.457  11.093 0.000
 92.208333  93.208333  15.667  10.882 0.000
 96.208333  97.208333  15.569  11.295 0.000
 99.208333 100.208333   8.972   7.586 0.000
103.208333 104.208333  20.849  14.348 0.000
106.208333 107.208333  11.098   8.696 0.000
110.208333 111.208333  16.350  11.111 0.000
113.208333 114.208333  23.113  15.919 0.000
117.208333 118.208333  18.398  11.087 0.000
120.208333 121.208333  30.593  20.158 0.000
124.208333 125.208333  13.182   8.246 0.000
127.208333 128.208333  18.544  12.185 0.000
131.208333 132.208333  46.540  25.660 0.000
134.208333 135.208333  32.109  24.219 0.000
138.208333 139.208333  26.336  23.406 0.000
141.208333 142.208333  23.321  16.897 0.000
145.208333 146.208333  27.731  16.543 0.000
148.208333 149.208333  30.731  22.099 0.000
152.208333 153.208333  23.529  16.657 0.000
155.208333 156.208333  24.516  19.786 0.000
159.208333 160.208333  42.050  30.183 0.000
162.208333 163.208333  20.805  12.424 0.000
166.208333 167.208333  36.781  20.862 0.000
169.208333 170.208333  63.176  38.585 0.000
173.208333 174.208333  23.048  16.982 0.000
176.208333 177.208333  25.414  18.933 0.000
180.208333 181.208333  45.435  35.441 0.000
183.208333 184.208333  40.806  34.559 0.000
187.208333 188.208333  47.839  31.687 0.000
190.208333 191.208333  56.468  42.914 0.000
194.208333 195.208333  37.640  29.784 0.000
197.208333 198.208333  15.843   9.753 0.000
201.208333 202.208333  32.235  23.844 0.000
204.208333 205.208333  38.654  29.252 0.000
208.208333 209.208333  42.652  35.329 0.000
211.208333 212.208333  15.522  11.358 0.000
215.208333 216.208333  35.507  28.207 0.000
218.208333 219.208333  29.670  24.742 0.000
222.208333 223.208333  22.701  18.602 0.000
225.208333 226.208333  39.288  34.074 0.000
229.208333 230.208333  29.625  23.678 0.000
232.208333 233.208333  23.333  18.287 0.000
236.208333 237.208333 999.999 999.999 0.999
239.208333 240.208333  60.577  56.317 0.000
243.208333 244.208333 999.999 999.999 0.999
246.208333 247.208333  17.841  17.383 0.000
250.208333 251.208333  40.679  35.248 0.000
253.208333 254.208333  13.623  10.833 0.000
257.208333 258.208333  29.302  20.781 0.000
260.208333 261.208333  17.216  12.531 0.000
264.208333 265.208333  32.248  22.523 0.000
267.208333 268.208333  21.647  11.931 0.000
271.208333 272.208333  15.769   9.969 0.000
274.208333 275.208333  23.992  17.125 0.000
278.208333 279.208333  20.827  11.887 0.000
281.208333 282.208333  32.510  24.494 0.000
285.208333 286.208333  27.930  21.656 0.000
288.208333 289.208333  42.891  31.672 0.000
292.208333 293.208333  33.172  27.339 0.000
295.208333 296.208333  16.151  11.101 0.000
299.208333 300.208333  20.510  12.588 0.000
302.208333 303.208333  22.298  16.230 0.000
306.208333 307.208333  27.891  20.786 0.000
309.208333 310.208333  18.577  12.547 0.000
313.208333 314.208333  29.885  25.429 0.000
316.208333 317.208333  47.558  36.063 0.000
320.208333 321.208333  18.320  14.125 0.000
323.208333 324.208333  16.133  11.969 0.000
327.208333 328.208333  57.787  40.136 0.000
330.208333 331.208333  17.984   8.994 0.000
334.208333 335.208333  26.454  18.503 0.000
337.208333 338.208333  31.793  27.548 0.000
341.208333 342.208333  30.081  22.355 0.000
344.208333 345.208333  11.388   7.556 0.000
348.208333 349.208333  27.623  20.903 0.000
351.208333 352.208333  26.680  18.935 0.000
355.208333 356.208333  14.362  11.859 0.000
358.208333 359.208333  31.193  28.252 0.000
362.208333 363.208333  43.292  35.277 0.000
