scripts/IMPROVE-2019_partial/data/US9074R.20020102080000.20191216000000.filterpack..pm25.52w.1w.US03L_filterpack_US9074.US03L_IMPROVE_Davis.lev2.nas
66 1001
MISSING INFORMATION
US03L, IMPROVE, , , , , , , 
MISSING INFORMATION
IMPROVE sel_HTAP
1 1
2002 01 01 2019 12 16
3.000000
days from file reference point
27
1 1 1 1 1 1 1 1 1 1 1 1 1 1 1 1 1 1 1 1 1 1 1 1 1 1 1
999.999999 9999.99 9.999 99.99 9.999 9.999 9.999999 9.99 9.999999 9.999 9.999999 99.999 9.999 999.999 9.999 999.99 9.999999 999.999 9.999 999.999 9.999 999.999 9.999 9.999 9.999999 9.999 9.999
end_time of measurement, days from the file reference point
iron, ng/m3, Revision date=20181210133000
numflag iron, no unit, Revision date=20181210133000
lead, ng/m3, Revision date=20181210133000
numflag lead, no unit, Revision date=20181210133000
magnesium, ug/m3, Revision date=20181210133000
numflag magnesium, no unit, Revision date=20181210133000
nickel, ng/m3, Revision date=20181210133000
numflag nickel, no unit, Revision date=20181210133000
nitrate, ug N/m3, Revision date=20181210133000
numflag nitrate, no unit, Revision date=20181210133000
organic_carbon, ug C/m3, Revision date=20181210133000
numflag organic_carbon, no unit, Revision date=20181210133000
organic_mass, ug/m3, Revision date=20181210133000
numflag organic_mass, no unit, Revision date=20181210133000
phosphorus, ng/m3, Revision date=20181210133000
numflag phosphorus, no unit, Revision date=20181210133000
pm10_mass, ug/m3, Version=2, Version description=Data extracted from http://views.cira.colostate.edu/fed/DataWizard 2019-12-16, Sample duration=1d, Orig. time res.=3d, Matrix=pm10, Blank correction=Blank corrected, Volume std. temperature=ambient, Volume std. pressure=ambient
numflag pm10_mass, no unit, Version=2, Version description=Data extracted from http://views.cira.colostate.edu/fed/DataWizard 2019-12-16, Sample duration=1d, Orig. time res.=3d, Matrix=pm10, Blank correction=Blank corrected, Volume std. temperature=ambient, Volume std. pressure=ambient
pm10_pm25_mass, ug/m3, Revision date=20181210133000, Matrix=pm10_pm25
numflag pm10_pm25_mass, no unit, Revision date=20181210133000, Matrix=pm10_pm25
pm25_mass, ug/m3, Version=2, Version description=Data extracted from http://views.cira.colostate.edu/fed/DataWizard 2019-12-16, Sample duration=1d, Orig. time res.=3d, Blank correction=Blank corrected, Volume std. temperature=ambient, Volume std. pressure=ambient
numflag pm25_mass, no unit, Version=2, Version description=Data extracted from http://views.cira.colostate.edu/fed/DataWizard 2019-12-16, Sample duration=1d, Orig. time res.=3d, Blank correction=Blank corrected, Volume std. temperature=ambient, Volume std. pressure=ambient
potassium, ug/m3, Revision date=20181210133000
numflag potassium, no unit, Revision date=20181210133000
sulphate_total, ug S/m3, Revision date=20181210133000
numflag sulphate_total, no unit, Revision date=20181210133000
0
25
Data definition:              EBAS_1.1
Set type code:                TU
Timezone:                     UTC
File name:                    US9074R.20020102080000.20191216000000.filterpack..pm25.52w.1w.US03L_filterpack_US9074.US03L_IMPROVE_Davis.lev2.nas
File creation:                20191218121036
Startdate:                    20020102080000
Revision date:                20191216000000
Statistics:                   arithmetic mean
Data level:                   2
Period code:                  52w
Resolution code:              1w
Station code:                 US9074R
Platform code:                US9074S
Station name:                 Three Sisters Wilderness
Station latitude:             44.291
Station longitude:            -122.0434
Station altitude:             885.0 m
Regime:                       IMG
Component:                    
Matrix:                       pm25
Laboratory code:              US03L
Instrument type:              filterpack
Instrument name:              filterpack_US9074
Method ref:                   US03L_IMPROVE_Davis
starttime endtime Fe flag_Fe Pb flag_Pb Mg++ flag_Mg++ Ni flag_Ni NO3- flag_NO3- OC flag_OC OM flag_OM P flag_P PM10 flag_PM10 PM10-PM2.5 flag_PM10-PM2.5 PM2.5 flag_PM2.5 K+ flag_K+ SO4-- flag_SO4--
[from data line 79]
238.333333 239.333333   27.60 0.000  0.43 0.000 9.999 0.259000 0.17 0.000000 9.999 0.999000  2.550 0.000   3.570 0.000 999.99 0.259000   8.864 0.000   2.479 0.000   6.385 0.000 0.174 0.000000 9.999 0.999
241.333333 242.333333   46.95 0.559  0.27 0.559 9.999 0.559259 9.99 0.559259 9.999 0.999000  3.804 0.000   5.325 0.000 999.99 0.559259  17.116 0.000   6.863 0.000  10.253 0.559 0.363 0.559000 9.999 0.999
244.333333 245.333333   34.43 0.000  0.51 0.000 9.999 0.259000 9.99 0.259000 9.999 0.999000  0.847 0.000   1.186 0.000   5.48 0.000000  10.090 0.000   7.724 0.000   2.366 0.000 0.018 0.000000 9.999 0.999
247.333333 248.333333   50.68 0.699  0.47 0.699 9.999 0.699259 9.99 0.699259 9.999 0.999000  3.733 0.000   5.226 0.000 999.99 0.699259  15.163 0.000   4.271 0.000  10.892 0.699 0.542 0.699000 9.999 0.999
250.333333 251.333333   18.55 0.000  0.41 0.000 9.999 0.259000 9.99 0.259000 9.999 0.999000  0.571 0.000   0.799 0.000 999.99 0.259000   5.351 0.000   2.878 0.000   2.473 0.000 0.011 0.000000 9.999 0.999
253.333333 254.333333   73.06 0.559  1.40 0.559 0.025 0.559000 9.99 0.559259 9.999 0.999000  1.600 0.000   2.240 0.000 999.99 0.559259   8.366 0.000   3.315 0.000   5.051 0.559 0.048 0.559000 9.999 0.999
256.333333 257.333333  137.22 0.699  1.83 0.699 9.999 0.699259 0.17 0.699000 9.999 0.999000  5.186 0.000   7.261 0.000  38.88 0.699000  27.451 0.000  15.067 0.000  12.384 0.699 0.080 0.699000 9.999 0.999
259.333333 260.333333    0.60 0.000  0.22 0.000 0.023 0.000000 9.99 0.259000 9.999 0.999000  0.088 0.000   0.123 0.000 999.99 0.259000   0.950 0.000   0.569 0.000   0.381 0.000 0.003 0.000000 9.999 0.999
262.333333 263.333333   13.69 0.000  1.32 0.000 9.999 0.259000 0.12 0.000000 9.999 0.999000  0.608 0.000   0.851 0.000 999.99 0.259000   3.452 0.000   1.332 0.000   2.120 0.000 0.021 0.000000 9.999 0.999
265.333333 266.333333   36.82 0.000  0.79 0.000 9.999 0.259000 0.11 0.000000 9.999 0.999000  1.711 0.000   2.396 0.000  11.45 0.000000   6.904 0.000   2.603 0.000   4.300 0.000 0.038 0.000000 9.999 0.999
268.333333 269.333333   62.47 0.699  0.89 0.699 9.999 0.699259 9.99 0.699259 9.999 0.999000  3.145 0.000   4.404 0.000 999.99 0.699259  12.195 0.000   4.027 0.000   8.168 0.699 0.084 0.699000 9.999 0.999
271.333333 272.333333   10.60 0.000  0.44 0.000 0.018 0.000000 9.99 0.259000 9.999 0.999000  0.729 0.000   1.021 0.000 999.99 0.259000   3.638 0.000   1.207 0.000   2.431 0.000 0.022 0.000000 9.999 0.999
274.333333 275.333333    7.48 0.000  0.91 0.000 9.999 0.259000 9.99 0.259000 9.999 0.999000  0.847 0.000   1.185 0.000 999.99 0.259000   3.000 0.000   0.644 0.000   2.356 0.000 0.021 0.000000 9.999 0.999
277.333333 278.333333    1.44 0.000  0.59 0.000 9.999 0.259000 0.06 0.000000 9.999 0.999000  0.862 0.000   1.206 0.000 999.99 0.259000   3.123 0.000   0.870 0.000   2.253 0.000 0.015 0.000000 9.999 0.999
280.333333 281.333333    9.21 0.000  1.18 0.000 9.999 0.259000 9.99 0.259000 9.999 0.999000  1.098 0.000   1.537 0.000 999.99 0.259000   4.830 0.000   1.875 0.000   2.955 0.000 0.029 0.000000 9.999 0.999
283.333333 284.333333    5.84 0.000  0.84 0.000 0.010 0.000000 9.99 0.259000 9.999 0.999000  0.525 0.000   0.735 0.000 999.99 0.259000   2.876 0.000   0.897 0.000   1.980 0.000 0.017 0.000000 9.999 0.999
286.333333 287.333333   46.08 0.699  0.70 0.699 9.999 0.699259 9.99 0.699259 9.999 0.999000  4.829 0.000   6.760 0.000 999.99 0.699259  11.752 0.000   2.638 0.000   9.115 0.699 0.044 0.699000 9.999 0.999
289.333333 290.333333   44.15 0.000  0.62 0.000 0.010 0.000000 0.07 0.000000 9.999 0.999000  0.855 0.000   1.197 0.000 999.99 0.259000   7.312 0.000   4.924 0.000   2.388 0.000 0.031 0.000000 9.999 0.999
292.333333 293.333333   18.81 0.000  0.57 0.000 9.999 0.259000 9.99 0.259000 9.999 0.999000  0.921 0.000   1.290 0.000 999.99 0.259000   6.410 0.000   3.701 0.000   2.709 0.000 0.016 0.000000 9.999 0.999
295.333333 296.333333   57.39 0.559  0.92 0.559 9.999 0.559259 9.99 0.559259 0.029 0.000000  1.627 0.000   2.278 0.000 999.99 0.559259  11.438 0.000   6.741 0.000   4.697 0.559 0.036 0.559000 0.260 0.000
298.333333 299.333333   25.68 0.000  1.09 0.000 9.999 0.259000 0.06 0.000000 0.031 0.000000  2.104 0.000   2.945 0.000 999.99 0.259000   6.698 0.000   1.161 0.000   5.537 0.000 0.037 0.000000 0.301 0.000
301.333333 302.333333   89.20 0.000  0.39 0.000 9.999 0.259000 9.99 0.259000 0.039 0.559000  0.604 0.000   0.845 0.000 999.99 0.259000  19.533 0.000  15.974 0.000   3.559 0.000 0.038 0.000000 0.246 0.559
304.333333 305.333333   19.53 0.000  0.35 0.000 9.999 0.259000 9.99 0.259000 0.039 0.000000  0.957 0.000   1.340 0.000 999.99 0.259000   8.226 0.000   5.213 0.000   3.012 0.000 0.022 0.000000 0.232 0.000
307.333333 308.333333    9.48 0.000  0.20 0.000 9.999 0.259000 9.99 0.259000 0.005 0.000000  0.359 0.000   0.502 0.000 999.99 0.259000   2.342 0.000   1.341 0.000   1.001 0.000 0.011 0.000000 0.062 0.000
310.333333 311.333333   27.53 0.000  0.42 0.000 9.999 0.259000 9.99 0.259000 0.103 0.000000  0.558 0.000   0.781 0.000 999.99 0.259000   9.122 0.000   7.179 0.000   1.943 0.000 0.024 0.000000 0.063 0.000
313.333333 314.333333    0.14 0.000  0.09 0.000 9.999 0.259000 9.99 0.259000 9.999 0.559259  0.063 0.000   0.089 0.000   1.22 0.000000 999.999 0.259 999.999 0.259   0.030 0.000 0.001 0.000000 0.006 0.559
316.333333 317.333333 9999.99 0.699 99.99 0.699 9.999 0.699000 9.99 0.699000 0.052 0.000000  7.181 0.000  10.053 0.000 999.99 0.699000  12.360 0.000 999.999 0.999 999.999 0.699 9.999 0.699000 0.072 0.000
319.333333 320.333333    4.00 0.559  0.45 0.559 9.999 0.559259 9.99 0.559259 0.013 0.559000  3.516 0.000   4.922 0.000 999.99 0.559259   6.531 0.000   0.149 0.000   6.382 0.559 0.045 0.559000 0.116 0.559
322.333333 323.333333    0.62 0.000  0.09 0.000 0.010 0.000000 9.99 0.259000 0.002 0.000000  0.426 0.000   0.597 0.000 999.99 0.259000   1.204 0.000   0.466 0.000   0.739 0.000 0.009 0.000000 0.008 0.000
325.333333 326.333333    4.37 0.000  0.41 0.000 9.999 0.259000 9.99 0.259000 0.007 0.000000  2.734 0.000   3.828 0.000 999.99 0.259000   6.369 0.000   1.335 0.000   5.034 0.000 0.021 0.000000 0.046 0.000
328.333333 329.333333    3.03 0.000  0.23 0.000 9.999 0.259000 9.99 0.259000 0.004 0.559000  0.346 0.000   0.484 0.000 999.99 0.259000   0.986 0.000   0.420 0.000   0.566 0.000 0.005 0.000000 0.053 0.559
331.333333 332.333333    7.36 0.559  0.28 0.559 9.999 0.559259 9.99 0.559259 0.011 0.000000  1.936 0.000   2.711 0.000 999.99 0.559259   4.315 0.000   0.624 0.000   3.690 0.559 0.015 0.559000 0.031 0.000
334.333333 335.333333    5.97 0.000  0.50 0.000 0.009 0.000000 9.99 0.259000 0.016 0.000000  1.617 0.000   2.263 0.000 999.99 0.259000   4.299 0.000   0.684 0.000   3.615 0.000 0.023 0.000000 0.090 0.000
337.333333 338.333333    2.76 0.000  0.30 0.000 9.999 0.259000 9.99 0.259000 0.012 0.559000  0.617 0.000   0.864 0.000 999.99 0.259000   1.644 0.000   0.041 0.000   1.603 0.000 0.009 0.000000 0.057 0.559
340.333333 341.333333    4.21 0.000  0.22 0.000 9.999 0.259000 0.04 0.000000 0.017 0.559000  1.730 0.000   2.422 0.000 999.99 0.259000   2.893 0.000 999.999 0.259   3.393 0.000 0.019 0.000000 0.043 0.559
343.333333 344.333333    2.37 0.000  0.13 0.000 9.999 0.259000 9.99 0.259000 0.009 0.559000  0.540 0.000   0.756 0.000 999.99 0.259000   1.706 0.000   0.168 0.000   1.538 0.000 0.021 0.000000 0.035 0.559
346.333333 347.333333    0.18 0.000  0.14 0.000 0.042 0.000000 9.99 0.259000 0.004 0.559000  0.779 0.000   1.091 0.000 999.99 0.259000   1.603 0.000   0.351 0.000   1.251 0.000 0.013 0.000000 0.009 0.559
349.333333 350.333333    0.22 0.000  0.05 0.000 0.020 0.000000 9.99 0.259000 0.003 0.000000  0.068 0.000   0.095 0.000 999.99 0.259000   0.575 0.000   0.514 0.000   0.061 0.000 0.004 0.000000 0.006 0.000
352.333333 353.333333    3.27 0.000  0.20 0.000 9.999 0.259000 9.99 0.259000 0.011 0.000000  0.400 0.000   0.560 0.000 999.99 0.259000   1.520 0.000   0.275 0.000   1.246 0.000 0.008 0.000000 0.057 0.000
355.333333 356.333333    0.57 0.000  0.17 0.000 9.999 0.259000 9.99 0.259000 0.007 0.000000  0.131 0.000   0.183 0.000 999.99 0.259000   0.620 0.000   0.135 0.000   0.485 0.000 0.005 0.000000 0.031 0.000
358.333333 359.333333    1.55 0.000  0.24 0.000 9.999 0.259000 9.99 0.259000 0.004 0.000000  0.087 0.000   0.122 0.000 999.99 0.259000   0.579 0.000   0.044 0.000   0.534 0.000 0.004 0.000000 0.040 0.000
361.333333 362.333333    0.86 0.000  0.09 0.000 9.999 0.259000 9.99 0.259000 0.000 0.000000 99.999 0.259 999.999 0.259 999.99 0.259000   0.329 0.000   0.238 0.000   0.090 0.000 9.999 0.259000 0.004 0.000
364.333333 365.333333    1.92 0.000 99.99 0.259 9.999 0.259000 0.09 0.000000 0.001 0.000000 99.999 0.259 999.999 0.259 999.99 0.259000   0.329 0.000   0.181 0.000   0.148 0.000 0.004 0.000000 0.009 0.000
