scripts/IMPROVE-2019_partial/data/US9058R.20080101060000.20191216000000.filterpack...52w.3d.US03L_filterpack_US9058.US03L_IMPROVE_Davis.lev2.nas
52 1001
MISSING INFORMATION
US03L, IMPROVE, , , , , , , 
MISSING INFORMATION
IMPROVE sel_HTAP
1 1
2008 01 01 2019 12 16
3.00
days from file reference point
5
1 1 1 1 1
999.99 999.999 9.999 999.999 9.999
end_time of measurement, days from the file reference point
pm10_mass, ug/m3, Matrix=pm10
numflag pm10_mass, no unit, Matrix=pm10
pm25_mass, ug/m3, Matrix=pm25
numflag pm25_mass, no unit, Matrix=pm25
0
33
Data definition:              EBAS_1.1
Set type code:                TU
Timezone:                     UTC
File name:                    US9058R.20080101060000.20191216000000.filterpack...52w.3d.US03L_filterpack_US9058.US03L_IMPROVE_Davis.lev2.nas
File creation:                20191218120924
Startdate:                    20080101060000
Revision date:                20191216000000
Version:                      2
Version description:          "Data extracted from http://views.cira.colostate.edu/fed/DataWizard 2019-12-16"
Statistics:                   arithmetic mean
Data level:                   2
Period code:                  52w
Resolution code:              3d
Sample duration:              1d
Orig. time res.:              3d
Station code:                 US9058R
Platform code:                US9058S
Station name:                 Tallgrass
Station latitude:             38.4341
Station longitude:            -96.5602
Station altitude:             390.0 m
Regime:                       IMG
Component:                    
Unit:                         ug/m3
Matrix:                       
Laboratory code:              US03L
Instrument type:              filterpack
Instrument name:              filterpack_US9058
Method ref:                   US03L_IMPROVE_Davis
Blank correction:             Blank corrected
Volume std. temperature:      ambient
Volume std. pressure:         ambient
starttime endtime PM10 flag_PM10 PM2.5 flag_PM2.5
  0.25   1.25   2.913 0.000   1.938 0.000
  3.25   4.25  10.865 0.000   6.574 0.000
  6.25   7.25   7.080 0.000   5.109 0.000
  9.25  10.25   5.603 0.000   4.024 0.000
 12.25  13.25   9.043 0.000   8.224 0.000
 15.25  16.25  10.778 0.000   7.140 0.000
 18.25  19.25   3.599 0.000   2.015 0.000
 21.25  22.25   6.503 0.000   4.359 0.000
 24.25  25.25  17.398 0.000   8.383 0.000
 27.25  28.25  16.147 0.000   6.043 0.000
 30.25  31.25  12.348 0.000   8.023 0.000
 33.25  34.25  20.090 0.000  18.148 0.000
 36.25  37.25 999.999 0.999 999.999 0.999
 39.25  40.25   4.988 0.000   2.589 0.000
 42.25  43.25  17.777 0.000  12.180 0.000
 45.25  46.25   9.022 0.000   5.518 0.000
 48.25  49.25   2.578 0.000   1.500 0.000
 51.25  52.25  13.697 0.000  10.791 0.000
 54.25  55.25  10.214 0.000   9.830 0.000
 57.25  58.25   3.606 0.000   2.209 0.000
 60.25  61.25  14.039 0.000   5.841 0.000
 63.25  64.25   5.085 0.000   2.461 0.000
 66.25  67.25  13.447 0.000   9.815 0.000
 69.25  70.25   9.758 0.000   6.463 0.000
 72.25  73.25  14.710 0.000   4.420 0.000
 75.25  76.25  12.883 0.000  11.325 0.000
 78.25  79.25   5.194 0.000   3.516 0.000
 81.25  82.25  13.281 0.000  10.501 0.000
 84.25  85.25  20.972 0.000   8.397 0.000
 87.25  88.25  12.941 0.000   9.438 0.000
 90.25  91.25   7.735 0.000   4.096 0.000
 93.25  94.25   9.493 0.000   7.865 0.000
 96.25  97.25  21.065 0.000  15.135 0.000
 99.25 100.25   7.979 0.000   6.100 0.000
102.25 103.25   4.411 0.000   2.124 0.000
105.25 106.25  56.829 0.659 999.999 0.699
108.25 109.25   5.964 0.000   3.055 0.000
111.25 112.25  35.670 0.000  22.275 0.000
114.25 115.25  12.250 0.000   7.871 0.000
117.25 118.25   6.625 0.000   5.023 0.000
120.25 121.25  25.172 0.000  10.509 0.000
123.25 124.25  14.595 0.000   4.776 0.000
126.25 127.25  10.189 0.000   6.574 0.000
129.25 130.25   5.892 0.000   4.058 0.000
132.25 133.25  12.401 0.000   5.209 0.000
135.25 136.25  17.284 0.000   6.525 0.000
138.25 139.25  21.358 0.000   6.991 0.000
141.25 142.25  29.862 0.000   5.891 0.000
144.25 145.25   8.994 0.000   5.591 0.000
147.25 148.25   7.514 0.000   4.483 0.000
150.25 151.25  18.638 0.000  12.375 0.000
153.25 154.25  15.144 0.000   6.753 0.000
156.25 157.25  21.134 0.000   6.815 0.000
159.25 160.25  15.359 0.000   5.685 0.000
162.25 163.25  14.273 0.000   7.072 0.000
165.25 166.25   7.695 0.000   3.823 0.000
168.25 169.25   9.642 0.000   3.857 0.000
171.25 172.25   7.063 0.000   3.698 0.000
174.25 175.25   9.010 0.000   5.361 0.000
177.25 178.25  30.622 0.000  14.284 0.000
180.25 181.25   9.556 0.000   3.904 0.000
183.25 184.25  28.678 0.000  13.478 0.000
186.25 187.25  22.145 0.000  13.104 0.000
189.25 190.25   8.382 0.000   3.327 0.000
192.25 193.25  15.591 0.000   7.816 0.000
195.25 196.25  10.389 0.000   4.351 0.000
198.25 199.25  22.017 0.000  14.915 0.000
201.25 202.25  18.249 0.000  10.280 0.000
204.25 205.25  24.485 0.000  13.186 0.000
207.25 208.25  17.402 0.000   9.707 0.000
210.25 211.25  14.436 0.000   7.556 0.000
213.25 214.25  16.906 0.000   9.857 0.000
216.25 217.25  20.004 0.000   8.832 0.000
219.25 220.25  16.969 0.000   7.863 0.000
222.25 223.25  14.429 0.000   9.994 0.000
225.25 226.25   9.617 0.000   4.258 0.000
228.25 229.25  19.647 0.000  13.497 0.000
231.25 232.25  23.954 0.000  13.189 0.000
234.25 235.25  15.518 0.000   8.914 0.000
237.25 238.25  13.789 0.000   4.894 0.000
240.25 241.25  20.159 0.000  11.026 0.000
243.25 244.25  19.208 0.000  12.256 0.000
246.25 247.25   6.087 0.000   2.398 0.000
249.25 250.25   6.876 0.000   4.787 0.000
252.25 253.25   7.626 0.000   3.281 0.000
255.25 256.25   6.643 0.000   5.342 0.000
258.25 259.25   6.009 0.000   2.410 0.000
261.25 262.25  13.777 0.000   6.243 0.000
264.25 265.25  23.989 0.000  16.110 0.000
267.25 268.25  18.903 0.000  12.399 0.000
270.25 271.25  24.735 0.000  14.357 0.000
273.25 274.25  13.791 0.000   2.735 0.000
276.25 277.25  20.587 0.000   5.045 0.000
279.25 280.25  14.303 0.000  10.666 0.000
282.25 283.25  13.359 0.000   5.186 0.000
285.25 286.25  15.038 0.000   9.682 0.000
288.25 289.25   3.019 0.000   1.989 0.000
291.25 292.25   9.059 0.000   5.523 0.000
294.25 295.25  13.719 0.000   8.164 0.000
297.25 298.25   2.971 0.000   1.998 0.000
300.25 301.25   6.680 0.000   1.331 0.000
303.25 304.25  20.970 0.000   6.986 0.000
306.25 307.25  21.562 0.000   9.671 0.000
309.25 310.25  12.091 0.000   6.943 0.000
312.25 313.25   5.315 0.000   2.188 0.000
315.25 316.25   3.960 0.000   3.274 0.000
318.25 319.25   4.194 0.000   1.837 0.000
321.25 322.25   5.561 0.000   3.455 0.000
324.25 325.25   8.939 0.000   5.379 0.000
327.25 328.25  16.813 0.000  10.142 0.000
330.25 331.25  17.036 0.000   4.247 0.000
333.25 334.25   4.556 0.000   2.986 0.000
336.25 337.25   7.806 0.000   2.184 0.000
339.25 340.25   9.363 0.000   3.281 0.000
342.25 343.25  19.112 0.000   8.060 0.000
345.25 346.25   9.483 0.000   3.862 0.000
348.25 349.25  13.497 0.000   6.262 0.000
351.25 352.25  14.209 0.000  10.254 0.000
354.25 355.25  17.207 0.000  14.480 0.000
357.25 358.25   9.810 0.000   6.944 0.000
360.25 361.25  14.053 0.000   9.585 0.000
363.25 364.25   4.478 0.000   1.523 0.000
