scripts/IMPROVE-2019_partial/data/US9006R.20140102050000.20191216000000.filterpack...52w.3d.US03L_filterpack_US9006.US03L_IMPROVE_Davis.lev2.nas
52 1001
MISSING INFORMATION
US03L, IMPROVE, , , , , , , 
MISSING INFORMATION
IMPROVE sel_HTAP
1 1
2014 01 01 2019 12 16
3.000000
days from file reference point
5
1 1 1 1 1
999.999999 999.999 9.999 999.999 9.999
end_time of measurement, days from the file reference point
pm10_mass, ug/m3, Matrix=pm10
numflag pm10_mass, no unit, Matrix=pm10
pm25_mass, ug/m3, Matrix=pm25
numflag pm25_mass, no unit, Matrix=pm25
0
33
Data definition:              EBAS_1.1
Set type code:                TU
Timezone:                     UTC
File name:                    US9006R.20140102050000.20191216000000.filterpack...52w.3d.US03L_filterpack_US9006.US03L_IMPROVE_Davis.lev2.nas
File creation:                20191218120530
Startdate:                    20140102050000
Revision date:                20191216000000
Version:                      2
Version description:          "Data extracted from http://views.cira.colostate.edu/fed/DataWizard 2019-12-16"
Statistics:                   arithmetic mean
Data level:                   2
Period code:                  52w
Resolution code:              3d
Sample duration:              1d
Orig. time res.:              3d
Station code:                 US9006R
Platform code:                US9006S
Station name:                 Martha's Vineyard
Station latitude:             41.3309
Station longitude:            -70.7846
Station altitude:             2.0 m
Regime:                       IMG
Component:                    
Unit:                         ug/m3
Matrix:                       
Laboratory code:              US03L
Instrument type:              filterpack
Instrument name:              filterpack_US9006
Method ref:                   US03L_IMPROVE_Davis
Blank correction:             Blank corrected
Volume std. temperature:      ambient
Volume std. pressure:         ambient
starttime endtime PM10 flag_PM10 PM2.5 flag_PM2.5
  1.208333   2.208333  13.246 0.659   3.219 0.000
  4.208333   5.208333  18.361 0.000   5.529 0.000
  7.208333   8.208333  11.891 0.659   4.554 0.000
 10.208333  11.208333  10.714 0.000   5.576 0.000
 13.208333  14.208333  16.436 0.000   4.928 0.000
 16.208333  17.208333  19.473 0.000   6.409 0.000
 19.208333  20.208333  23.877 0.000   7.111 0.000
 22.208333  23.208333  28.663 0.659   3.345 0.000
 25.208333  26.208333  29.326 0.659   4.999 0.000
 28.208333  29.208333  32.063 0.659   4.526 0.000
 31.208333  32.208333  27.216 0.000   9.377 0.000
 34.208333  35.208333  11.482 0.000   6.364 0.000
 37.208333  38.208333  17.493 0.000   6.183 0.000
 40.208333  41.208333  15.061 0.659   9.379 0.000
 43.208333  44.208333  30.762 0.000  12.711 0.000
 46.208333  47.208333  13.106 0.000   5.205 0.000
 49.208333  50.208333 999.999 0.999 999.999 0.999
 52.208333  53.208333  19.881 0.000   6.613 0.000
 55.208333  56.208333  14.556 0.659   4.604 0.000
 58.208333  59.208333  14.802 0.659   3.879 0.000
 61.208333  62.208333  16.103 0.659   5.834 0.000
 64.208333  65.208333  15.710 0.659   3.912 0.000
 67.208333  68.208333  15.860 0.000   6.122 0.000
 70.208333  71.208333  31.507 0.000  13.717 0.000
 73.208333  74.208333  34.065 0.000  12.413 0.000
 76.208333  77.208333  15.747 0.000   3.758 0.000
 79.208333  80.208333  25.948 0.000   7.165 0.000
 82.208333  83.208333   9.078 0.659   3.071 0.000
 85.208333  86.208333  17.631 0.000   4.178 0.000
 88.208333  89.208333   7.544 0.000   2.830 0.000
 91.208333  92.208333   5.097 0.000   2.007 0.000
 94.208333  95.208333  11.024 0.000   5.086 0.000
 97.208333  98.208333   6.624 0.000   3.004 0.000
100.208333 101.208333  31.065 0.000  15.406 0.000
103.208333 104.208333  19.076 0.000   8.993 0.000
106.208333 107.208333 999.999 0.456   4.692 0.000
109.208333 110.208333 999.999 0.456   4.318 0.000
112.208333 113.208333 999.999 0.999 999.999 0.999
115.208333 116.208333   8.733 0.000   3.059 0.000
118.208333 119.208333  15.696 0.000   5.158 0.000
121.208333 122.208333 999.999 0.999 999.999 0.999
124.208333 125.208333 999.999 0.999 999.999 0.999
127.208333 128.208333  15.924 0.000   3.613 0.000
130.208333 131.208333  24.188 0.000   6.951 0.000
133.208333 134.208333  18.939 0.000   4.930 0.000
136.208333 137.208333  15.868 0.000   5.791 0.000
139.208333 140.208333  10.087 0.000   2.576 0.000
142.208333 143.208333   8.903 0.000   2.324 0.000
145.208333 146.208333  22.409 0.000  10.098 0.000
148.208333 149.208333  14.021 0.000   4.563 0.000
151.208333 152.208333  16.882 0.000   5.454 0.000
154.208333 155.208333   7.668 0.000   2.598 0.000
157.208333 158.208333   9.904 0.000   3.444 0.000
160.208333 161.208333  15.545 0.000   5.534 0.000
163.208333 164.208333  11.256 0.000   5.061 0.000
166.208333 167.208333   9.020 0.000   3.586 0.000
169.208333 170.208333  11.928 0.000   5.617 0.000
172.208333 173.208333   9.567 0.000   3.493 0.000
175.208333 176.208333  13.945 0.000   5.122 0.000
178.208333 179.208333   6.335 0.000   2.676 0.000
181.208333 182.208333  18.495 0.000   6.232 0.000
184.208333 185.208333  33.245 0.000  13.344 0.000
187.208333 188.208333  33.727 0.000  15.473 0.000
190.208333 191.208333  22.323 0.000  12.158 0.000
193.208333 194.208333  15.297 0.000   6.312 0.000
196.208333 197.208333 999.999 0.456 999.999 0.456
199.208333 200.208333  14.126 0.000   4.958 0.000
202.208333 203.208333  16.717 0.000   6.762 0.000
205.208333 206.208333  14.097 0.000   5.464 0.000
208.208333 209.208333  27.060 0.000  12.772 0.000
211.208333 212.208333  13.954 0.000   5.025 0.000
214.208333 215.208333   9.802 0.000   4.821 0.000
217.208333 218.208333  15.110 0.000   9.023 0.000
220.208333 221.208333  10.575 0.000   5.036 0.000
223.208333 224.208333  13.955 0.000   4.190 0.000
226.208333 227.208333  14.302 0.000   4.924 0.000
229.208333 230.208333  10.755 0.000   3.744 0.000
232.208333 233.208333   8.380 0.000   3.463 0.000
235.208333 236.208333   8.319 0.000   2.690 0.000
238.208333 239.208333  11.295 0.000   4.198 0.000
241.208333 242.208333   9.202 0.000   3.259 0.000
244.208333 245.208333  23.225 0.000   9.225 0.000
247.208333 248.208333  18.404 0.000   5.722 0.000
250.208333 251.208333  20.521 0.000   3.391 0.000
253.208333 254.208333  22.439 0.000   7.525 0.000
256.208333 257.208333   6.040 0.000   2.203 0.000
259.208333 260.208333 999.999 0.999 999.999 0.999
262.208333 263.208333  14.239 0.000   4.206 0.000
265.208333 266.208333   5.941 0.000   2.087 0.000
268.208333 269.208333   8.999 0.000   4.478 0.000
271.208333 272.208333  14.254 0.000   8.010 0.000
274.208333 275.208333  17.108 0.000   3.920 0.000
277.208333 278.208333  16.242 0.000   2.931 0.000
280.208333 281.208333  26.496 0.000   9.113 0.000
283.208333 284.208333   6.967 0.000   2.933 0.000
286.208333 287.208333  13.777 0.000   3.758 0.000
289.208333 290.208333  20.318 0.000   7.990 0.000
292.208333 293.208333   8.365 0.000   2.700 0.000
295.208333 296.208333  12.752 0.000   5.355 0.000
298.208333 299.208333  12.146 0.000   4.465 0.000
301.208333 302.208333  31.939 0.000  13.104 0.000
304.208333 305.208333  15.264 0.000   3.959 0.000
307.208333 308.208333  20.871 0.000   5.664 0.000
310.208333 311.208333   7.208 0.000   2.478 0.000
313.208333 314.208333  11.859 0.000   5.826 0.000
316.208333 317.208333   6.005 0.000   2.869 0.000
319.208333 320.208333   5.319 0.000   2.970 0.000
322.208333 323.208333  11.873 0.000   3.907 0.000
325.208333 326.208333  19.647 0.000   6.202 0.000
328.208333 329.208333  31.277 0.000  14.814 0.000
331.208333 332.208333   8.571 0.000   2.993 0.000
334.208333 335.208333  35.230 0.000  12.319 0.000
337.208333 338.208333  16.929 0.000   4.665 0.000
340.208333 341.208333  31.451 0.000   8.280 0.000
343.208333 344.208333   5.129 0.000   2.162 0.000
346.208333 347.208333   3.191 0.000 999.999 0.456
349.208333 350.208333   7.417 0.000   3.600 0.000
352.208333 353.208333   3.418 0.000   1.866 0.000
355.208333 356.208333   9.636 0.000   3.426 0.000
358.208333 359.208333 999.999 0.999 999.999 0.999
361.208333 362.208333 999.999 0.999 999.999 0.999
364.208333 365.208333  24.206 0.000   2.497 0.000
