scripts/IMPROVE-2019_partial/data/US9053R.20130101060000.20191216000000.filterpack...52w.3d.US03L_filterpack_US9053.US03L_IMPROVE_Davis.lev2.nas
52 1001
MISSING INFORMATION
US03L, IMPROVE, , , , , , , 
MISSING INFORMATION
IMPROVE sel_HTAP
1 1
2013 01 01 2019 12 16
3.00
days from file reference point
5
1 1 1 1 1
999.99 999.999 9.999 999.999 9.999
end_time of measurement, days from the file reference point
pm10_mass, ug/m3, Matrix=pm10
numflag pm10_mass, no unit, Matrix=pm10
pm25_mass, ug/m3, Matrix=pm25
numflag pm25_mass, no unit, Matrix=pm25
0
33
Data definition:              EBAS_1.1
Set type code:                TU
Timezone:                     UTC
File name:                    US9053R.20130101060000.20191216000000.filterpack...52w.3d.US03L_filterpack_US9053.US03L_IMPROVE_Davis.lev2.nas
File creation:                20191218120908
Startdate:                    20130101060000
Revision date:                20191216000000
Version:                      2
Version description:          "Data extracted from http://views.cira.colostate.edu/fed/DataWizard 2019-12-16"
Statistics:                   arithmetic mean
Data level:                   2
Period code:                  52w
Resolution code:              3d
Sample duration:              1d
Orig. time res.:              3d
Station code:                 US9053R
Platform code:                US9053S
Station name:                 Viking Lake
Station latitude:             40.969
Station longitude:            -95.045
Station altitude:             371.0 m
Regime:                       IMG
Component:                    
Unit:                         ug/m3
Matrix:                       
Laboratory code:              US03L
Instrument type:              filterpack
Instrument name:              filterpack_US9053
Method ref:                   US03L_IMPROVE_Davis
Blank correction:             Blank corrected
Volume std. temperature:      ambient
Volume std. pressure:         ambient
starttime endtime PM10 flag_PM10 PM2.5 flag_PM2.5
  0.25   1.25   9.113 0.000   6.376 0.000
  3.25   4.25  15.032 0.000  11.183 0.000
  6.25   7.25   8.807 0.000   4.898 0.000
  9.25  10.25   4.070 0.000   2.833 0.000
 12.25  13.25   9.640 0.000   5.036 0.000
 15.25  16.25  13.261 0.000   6.205 0.000
 18.25  19.25  11.068 0.000   3.643 0.000
 21.25  22.25   6.403 0.000   2.524 0.000
 24.25  25.25  22.978 0.000   7.746 0.000
 27.25  28.25   7.649 0.000   5.607 0.000
 30.25  31.25  16.120 0.000   6.098 0.000
 33.25  34.25   5.673 0.000   3.052 0.000
 36.25  37.25  10.824 0.000   6.503 0.000
 39.25  40.25  14.682 0.000  11.988 0.000
 42.25  43.25  13.426 0.000   8.873 0.000
 45.25  46.25   7.998 0.000   5.939 0.000
 48.25  49.25  12.968 0.000   9.293 0.000
 51.25  52.25  19.211 0.000   8.483 0.000
 54.25  55.25  23.644 0.000  18.674 0.000
 57.25  58.25  21.697 0.000  15.644 0.000
 60.25  61.25  15.352 0.000   9.122 0.000
 63.25  64.25  17.792 0.000   6.883 0.000
 66.25  67.25  25.331 0.000  17.814 0.000
 69.25  70.25  10.370 0.000   7.059 0.000
 72.25  73.25  18.986 0.000  11.392 0.000
 75.25  76.25   9.927 0.000   7.075 0.000
 78.25  79.25  11.717 0.000   4.748 0.000
 81.25  82.25  22.587 0.000  14.192 0.000
 84.25  85.25  10.790 0.000   5.489 0.000
 87.25  88.25  21.343 0.000  10.810 0.000
 90.25  91.25   6.237 0.000   3.655 0.000
 93.25  94.25  34.063 0.000  14.033 0.000
 96.25  97.25  29.413 0.000   8.162 0.000
 99.25 100.25   1.513 0.000   0.346 0.000
102.25 103.25   6.216 0.000   4.547 0.000
105.25 106.25   5.965 0.000   3.158 0.000
108.25 109.25   5.827 0.000   2.383 0.000
111.25 112.25   8.726 0.000   5.155 0.000
114.25 115.25  14.318 0.000   4.270 0.000
117.25 118.25  16.840 0.000   6.083 0.000
120.25 121.25   7.264 0.000   2.159 0.000
123.25 124.25   2.652 0.000   2.284 0.000
126.25 127.25  17.279 0.000   8.097 0.000
129.25 130.25  13.910 0.000   4.221 0.000
132.25 133.25  28.926 0.000 999.999 0.999
135.25 136.25  45.889 0.000   9.695 0.000
138.25 139.25  21.494 0.000   5.616 0.000
141.25 142.25   7.636 0.000   3.119 0.000
144.25 145.25  15.345 0.000   5.975 0.000
147.25 148.25  10.912 0.000   4.334 0.000
150.25 151.25   9.549 0.000   2.749 0.000
153.25 154.25  12.979 0.000   3.050 0.000
156.25 157.25  12.003 0.000   3.671 0.000
159.25 160.25   6.282 0.000   2.342 0.000
162.25 163.25  23.936 0.000   7.893 0.000
165.25 166.25  13.576 0.000   4.718 0.000
168.25 169.25  10.165 0.000   3.283 0.000
171.25 172.25  37.456 0.000  15.382 0.000
174.25 175.25  23.073 0.000  10.749 0.000
177.25 178.25  14.051 0.000   4.675 0.000
180.25 181.25  23.362 0.000  17.734 0.000
183.25 184.25  30.401 0.000  14.974 0.000
186.25 187.25  30.383 0.000  18.500 0.000
189.25 190.25  19.741 0.000  10.710 0.000
192.25 193.25  25.974 0.000  13.874 0.000
195.25 196.25  18.171 0.000  11.088 0.000
198.25 199.25  24.791 0.000   8.835 0.000
201.25 202.25  18.268 0.000   7.937 0.000
204.25 205.25  17.584 0.000   5.314 0.000
207.25 208.25  10.209 0.000   2.690 0.000
210.25 211.25  12.519 0.000   7.420 0.000
213.25 214.25  15.348 0.000   6.656 0.000
216.25 217.25  21.406 0.000  10.252 0.000
219.25 220.25  23.516 0.000   8.484 0.000
222.25 223.25  19.706 0.000   9.414 0.000
225.25 226.25  23.619 0.000   9.428 0.000
228.25 229.25  18.068 0.000  10.010 0.000
231.25 232.25  24.554 0.000  12.615 0.000
234.25 235.25  31.385 0.000  14.171 0.000
237.25 238.25  24.875 0.000  11.888 0.000
240.25 241.25  34.265 0.000   9.949 0.000
243.25 244.25  15.825 0.000   4.796 0.000
246.25 247.25  21.518 0.000   5.337 0.000
249.25 250.25  32.511 0.000  15.397 0.000
252.25 253.25  22.327 0.000   7.698 0.000
255.25 256.25  17.162 0.000   4.507 0.000
258.25 259.25   6.630 0.000   3.034 0.000
261.25 262.25  16.961 0.000   7.764 0.000
264.25 265.25  12.586 0.000   4.349 0.000
267.25 268.25  20.005 0.000   9.880 0.000
270.25 271.25  11.156 0.000   5.696 0.000
273.25 274.25  22.946 0.000   5.841 0.000
276.25 277.25  14.741 0.000   4.374 0.000
279.25 280.25   7.996 0.000   2.228 0.000
282.25 283.25  22.038 0.000   7.838 0.000
285.25 286.25  15.626 0.000   3.384 0.000
288.25 289.25   6.965 0.000   3.436 0.000
291.25 292.25  15.957 0.000   3.507 0.000
294.25 295.25  13.727 0.000   3.377 0.000
297.25 298.25  24.418 0.000   3.981 0.000
300.25 301.25  36.564 0.000   7.234 0.000
303.25 304.25  10.540 0.000   6.709 0.000
306.25 307.25  11.985 0.000   4.847 0.000
309.25 310.25   5.358 0.000   2.976 0.000
312.25 313.25  10.491 0.000   2.296 0.000
315.25 316.25  20.096 0.000   4.149 0.000
318.25 319.25  28.309 0.000   8.340 0.000
321.25 322.25   9.621 0.000   2.704 0.000
324.25 325.25  11.323 0.000   7.347 0.000
327.25 328.25   8.295 0.000   4.218 0.000
330.25 331.25  14.046 0.000   3.376 0.000
333.25 334.25  28.089 0.000   9.599 0.000
336.25 337.25  28.575 0.000  22.780 0.000
339.25 340.25  12.351 0.000 999.999 0.456
342.25 343.25  12.697 0.000   9.854 0.000
345.25 346.25  17.660 0.000   9.439 0.000
348.25 349.25  25.274 0.000  15.560 0.000
351.25 352.25  20.231 0.000   5.057 0.000
354.25 355.25  24.320 0.000  17.129 0.000
357.25 358.25 999.999 0.456  10.533 0.000
360.25 361.25 999.999 0.456   7.815 0.000
363.25 364.25 999.999 0.456   3.041 0.000
