scripts/IMPROVE-2019_partial/data/US9051U.19890104050000.20191216000000.filterpack...1y.3d.US03L_filterpack_US9051.US03L_IMPROVE_Davis.lev2.nas
51 1001
MISSING INFORMATION
US03L, IMPROVE, , , , , , , 
MISSING INFORMATION
IMPROVE sel_HTAP
1 1
1989 01 01 2019 12 16
0
days from file reference point
4
1 1 1 1
999.999999 999.999 999.999 9.999
end_time of measurement, days from the file reference point
pm10_mass, ug/m3, Matrix=pm10
pm25_mass, ug/m3, Matrix=pm25
numflag, no unit
0
33
Data definition:              EBAS_1.1
Set type code:                TI
Timezone:                     UTC
File name:                    US9051U.19890104050000.20191216000000.filterpack...1y.3d.US03L_filterpack_US9051.US03L_IMPROVE_Davis.lev2.nas
File creation:                20191218120854
Startdate:                    19890104050000
Revision date:                20191216000000
Version:                      2
Version description:          "Data extracted from http://views.cira.colostate.edu/fed/DataWizard 2019-12-16"
Statistics:                   arithmetic mean
Data level:                   2
Period code:                  1y
Resolution code:              3d
Sample duration:              1d
Orig. time res.:              3d
Station code:                 US9051U
Platform code:                US9051S
Station name:                 Washington D.C.
Station latitude:             38.8762
Station longitude:            -77.0344
Station altitude:             15.0 m
Regime:                       IMG
Component:                    
Unit:                         ug/m3
Matrix:                       
Laboratory code:              US03L
Instrument type:              filterpack
Instrument name:              filterpack_US9051
Method ref:                   US03L_IMPROVE_Davis
Blank correction:             Blank corrected
Volume std. temperature:      ambient
Volume std. pressure:         ambient
starttime endtime PM10 PM2.5 flag
  3.208333   4.208333  18.289  13.050 0.000
  6.208333   7.208333 999.999 999.999 0.999
 10.208333  11.208333  37.711  35.106 0.000
 13.208333  14.208333  28.956  19.854 0.000
 17.208333  18.208333  29.962  21.183 0.000
 20.208333  21.208333  11.687   7.762 0.000
 24.208333  25.208333 999.999 999.999 0.999
 27.208333  28.208333 999.999 999.999 0.999
 31.208333  32.208333  28.340  20.934 0.000
 34.208333  35.208333  20.247  13.669 0.000
 38.208333  39.208333  22.877  22.121 0.000
 41.208333  42.208333 999.999 999.999 0.999
 45.208333  46.208333 999.999 999.999 0.999
 48.208333  49.208333 999.999 999.999 0.999
 52.208333  53.208333  22.823  20.843 0.000
 55.208333  56.208333  27.970  15.507 0.000
 59.208333  60.208333  28.783  17.311 0.000
 62.208333  63.208333  38.205  17.961 0.000
 66.208333  67.208333  37.321  23.393 0.000
 69.208333  70.208333  37.457  20.929 0.000
 73.208333  74.208333  61.343  34.549 0.000
 76.208333  77.208333  33.571  18.893 0.000
 80.208333  81.208333  18.586  14.053 0.000
 83.208333  84.208333  24.580  18.235 0.000
 87.208333  88.208333 999.999 999.999 0.999
 90.208333  91.208333 999.999 999.999 0.999
 94.208333  95.208333  29.536  10.862 0.000
 97.208333  98.208333  18.520  13.345 0.000
101.208333 102.208333  27.019  15.498 0.000
104.208333 105.208333  36.485  22.465 0.000
108.208333 109.208333  18.632  15.426 0.000
111.208333 112.208333  21.047  14.652 0.000
115.208333 116.208333  44.947  28.130 0.000
118.208333 119.208333  26.000  16.141 0.000
122.208333 123.208333  15.290  13.426 0.000
125.208333 126.208333   8.275   6.021 0.000
129.208333 130.208333  13.263   6.678 0.000
132.208333 133.208333  23.425  22.251 0.000
136.208333 137.208333  17.722  13.599 0.000
139.208333 140.208333  41.489  29.242 0.000
143.208333 144.208333  28.140  22.517 0.000
146.208333 147.208333  31.391  24.875 0.000
150.208333 151.208333 999.999 999.999 0.999
153.208333 154.208333 999.999 999.999 0.999
157.208333 158.208333 999.999  24.650 0.000
160.208333 161.208333  33.103  25.203 0.000
164.208333 165.208333 999.999  16.644 0.000
167.208333 168.208333 999.999  16.990 0.000
171.208333 172.208333  18.351  11.077 0.000
174.208333 175.208333 999.999  21.340 0.000
178.208333 179.208333  29.196  23.459 0.000
181.208333 182.208333 999.999 999.999 0.999
185.208333 186.208333  23.214  17.093 0.000
188.208333 189.208333 999.999  27.701 0.000
192.208333 193.208333 999.999 999.999 0.999
195.208333 196.208333  27.625  18.591 0.000
199.208333 200.208333  23.398  14.773 0.000
202.208333 203.208333  28.065  18.489 0.000
206.208333 207.208333 999.999 999.999 0.999
209.208333 210.208333 999.999 999.999 0.999
213.208333 214.208333  36.187  20.031 0.000
216.208333 217.208333  38.117  27.264 0.000
220.208333 221.208333  30.980  13.622 0.000
223.208333 224.208333  25.333  13.489 0.000
227.208333 228.208333  50.535  23.425 0.000
230.208333 231.208333  19.915  12.752 0.000
234.208333 235.208333  32.033  21.703 0.000
237.208333 238.208333  36.239  21.354 0.000
241.208333 242.208333  28.933  22.977 0.000
244.208333 245.208333  19.703  14.752 0.000
248.208333 249.208333  29.048  12.242 0.000
251.208333 252.208333  54.095 999.999 0.000
255.208333 256.208333  45.327  15.645 0.000
258.208333 259.208333  20.490  11.129 0.000
262.208333 263.208333  17.746  11.505 0.000
265.208333 266.208333  18.786  10.654 0.000
269.208333 270.208333  12.009   6.327 0.000
272.208333 273.208333  40.045  25.831 0.000
276.208333 277.208333  15.905   7.293 0.000
279.208333 280.208333  15.973   9.140 0.000
283.208333 284.208333 999.999 999.999 0.999
286.208333 287.208333 999.999 999.999 0.999
290.208333 291.208333  14.040  10.717 0.000
293.208333 294.208333  16.368   8.486 0.000
297.208333 298.208333  36.227 999.999 0.000
300.208333 301.208333 999.999 999.999 0.999
304.208333 305.208333  18.590  12.254 0.000
307.208333 308.208333  19.660  13.009 0.000
311.208333 312.208333  31.062  18.520 0.000
314.208333 315.208333  19.259  12.403 0.000
318.208333 319.208333  22.212  15.641 0.000
321.208333 322.208333  17.432  10.096 0.000
325.208333 326.208333  13.904   8.718 0.000
328.208333 329.208333 999.999 999.999 0.999
332.208333 333.208333  14.101 999.999 0.000
335.208333 336.208333  34.533  20.664 0.000
339.208333 340.208333 999.999 999.999 0.999
342.208333 343.208333 999.999 999.999 0.999
346.208333 347.208333  49.155  32.184 0.000
349.208333 350.208333  23.645  13.064 0.000
353.208333 354.208333  35.642  24.599 0.000
356.208333 357.208333 999.999  17.415 0.000
360.208333 361.208333  26.457  11.266 0.000
363.208333 364.208333 999.999 999.999 0.999
