scripts/IMPROVE-2019_partial/data/US9036R.19960103070000.20191216000000.filterpack...1y.3d.US03L_filterpack_US9036.US03L_IMPROVE_Davis.lev2.nas
51 1001
MISSING INFORMATION
US03L, IMPROVE, , , , , , , 
MISSING INFORMATION
IMPROVE sel_HTAP
1 1
1996 01 01 2019 12 16
0
days from file reference point
4
1 1 1 1
999.999999 999.999 999.999 9.999
end_time of measurement, days from the file reference point
pm10_mass, ug/m3, Matrix=pm10
pm25_mass, ug/m3, Matrix=pm25
numflag, no unit
0
33
Data definition:              EBAS_1.1
Set type code:                TI
Timezone:                     UTC
File name:                    US9036R.19960103070000.20191216000000.filterpack...1y.3d.US03L_filterpack_US9036.US03L_IMPROVE_Davis.lev2.nas
File creation:                20191218120744
Startdate:                    19960103070000
Revision date:                20191216000000
Version:                      2
Version description:          "Data extracted from http://views.cira.colostate.edu/fed/DataWizard 2019-12-16"
Statistics:                   arithmetic mean
Data level:                   2
Period code:                  1y
Resolution code:              3d
Sample duration:              1d
Orig. time res.:              3d
Station code:                 US9036R
Platform code:                US9036S
Station name:                 Tonto NM
Station latitude:             33.6548
Station longitude:            -111.1068
Station altitude:             775.0 m
Regime:                       IMG
Component:                    
Unit:                         ug/m3
Matrix:                       
Laboratory code:              US03L
Instrument type:              filterpack
Instrument name:              filterpack_US9036
Method ref:                   US03L_IMPROVE_Davis
Blank correction:             Blank corrected
Volume std. temperature:      ambient
Volume std. pressure:         ambient
starttime endtime PM10 PM2.5 flag
  2.291667   3.291667 999.999 999.999 0.999
  5.291667   6.291667 999.999 999.999 0.999
  9.291667  10.291667   8.635   3.243 0.000
 12.291667  13.291667   8.039   3.015 0.000
 16.291667  17.291667  28.117   4.518 0.000
 19.291667  20.291667  13.172   2.876 0.000
 23.291667  24.291667   7.737   2.050 0.000
 26.291667  27.291667   7.850   2.998 0.000
 30.291667  31.291667   8.472   1.924 0.000
 33.291667  34.291667   3.781   2.285 0.000
 37.291667  38.291667   6.202   2.345 0.000
 40.291667  41.291667  11.978   3.916 0.000
 44.291667  45.291667  11.550   4.918 0.000
 47.291667  48.291667  13.012   6.057 0.000
 51.291667  52.291667   3.968   1.395 0.000
 54.291667  55.291667   6.718   2.263 0.000
 58.291667  59.291667   6.581   1.936 0.000
 61.291667  62.291667   3.999   1.674 0.000
 65.291667  66.291667   9.558   2.476 0.000
 68.291667  69.291667  20.941   4.538 0.000
 72.291667  73.291667  10.081   1.728 0.000
 75.291667  76.291667   4.368   2.845 0.000
 79.291667  80.291667   7.724   2.833 0.000
 82.291667  83.291667  18.078   4.650 0.000
 86.291667  87.291667  17.254   4.849 0.000
 89.291667  90.291667  10.059   2.993 0.000
 93.291667  94.291667   9.001   2.493 0.000
 96.291667  97.291667   5.899   3.502 0.000
100.291667 101.291667  16.534   6.577 0.000
103.291667 104.291667  20.833   4.619 0.000
107.291667 108.291667  21.800   5.822 0.000
110.291667 111.291667  16.144   4.245 0.000
114.291667 115.291667  18.157   6.611 0.000
117.291667 118.291667  17.032   6.207 0.000
121.291667 122.291667  17.309   8.549 0.000
124.291667 125.291667  14.831   5.867 0.000
128.291667 129.291667  13.264   5.358 0.000
131.291667 132.291667  14.775   6.435 0.000
135.291667 136.291667  14.907   4.939 0.000
138.291667 139.291667  14.071   6.159 0.000
142.291667 143.291667  26.167  10.296 0.000
145.291667 146.291667  19.401   7.458 0.000
149.291667 150.291667  15.299   6.646 0.000
152.291667 153.291667  18.705   7.988 0.000
156.291667 157.291667  17.556   6.486 0.000
159.291667 160.291667  14.552   6.363 0.000
163.291667 164.291667  18.819   7.453 0.000
166.291667 167.291667  14.861   5.657 0.000
170.291667 171.291667  16.750   7.462 0.000
173.291667 174.291667  12.961   3.413 0.000
177.291667 178.291667  20.652   5.556 0.000
180.291667 181.291667  14.999   4.167 0.000
184.291667 185.291667  17.893   7.151 0.000
187.291667 188.291667  13.960   4.849 0.000
191.291667 192.291667  15.152   4.960 0.000
194.291667 195.291667  11.735   4.299 0.000
198.291667 199.291667  14.113   5.019 0.000
201.291667 202.291667  14.188   5.366 0.000
205.291667 206.291667  30.461  10.133 0.000
208.291667 209.291667  13.179   6.061 0.000
212.291667 213.291667  10.580   4.570 0.000
215.291667 216.291667  12.798   3.858 0.000
219.291667 220.291667  12.802   3.235 0.000
222.291667 223.291667   8.593   3.146 0.000
226.291667 227.291667  36.626   7.123 0.000
229.291667 230.291667  31.409   9.180 0.000
233.291667 234.291667  11.788   4.719 0.000
236.291667 237.291667   8.369   3.591 0.000
240.291667 241.291667  24.760   4.956 0.000
243.291667 244.291667  21.488   5.609 0.000
247.291667 248.291667  17.620   4.690 0.000
250.291667 251.291667  11.008   2.405 0.000
254.291667 255.291667   9.259   3.457 0.000
257.291667 258.291667  19.174   4.054 0.000
261.291667 262.291667  15.736   4.589 0.000
264.291667 265.291667  15.884   4.952 0.000
268.291667 269.291667  13.117   3.146 0.000
271.291667 272.291667   8.523   2.730 0.000
275.291667 276.291667  18.605   3.763 0.000
278.291667 279.291667  19.348   6.516 0.000
282.291667 283.291667 999.999 999.999 0.999
285.291667 286.291667 999.999 999.999 0.999
289.291667 290.291667 999.999 999.999 0.999
292.291667 293.291667 999.999 999.999 0.999
296.291667 297.291667  11.186   3.134 0.000
299.291667 300.291667  34.159   5.808 0.000
303.291667 304.291667   9.417   3.134 0.000
306.291667 307.291667   8.653   3.196 0.000
310.291667 311.291667  13.177   5.201 0.000
313.291667 314.291667   5.181   3.411 0.000
317.291667 318.291667  20.761  14.297 0.000
320.291667 321.291667  20.506   7.252 0.000
324.291667 325.291667  13.710   6.944 0.000
327.291667 328.291667   6.801   4.386 0.000
331.291667 332.291667   4.159   2.906 0.000
334.291667 335.291667   4.666   1.683 0.000
338.291667 339.291667   3.834   2.685 0.000
341.291667 342.291667   7.270   4.290 0.000
345.291667 346.291667   8.157   1.111 0.000
348.291667 349.291667   7.312   3.193 0.000
352.291667 353.291667   4.799   0.833 0.000
355.291667 356.291667   9.817   2.840 0.000
359.291667 360.291667   3.436   1.574 0.000
362.291667 363.291667   5.373   3.457 0.000
