scripts/IMPROVE-2019_partial/data/US9036R.19980103070000.20191216000000.filterpack...1y.3d.US03L_filterpack_US9036.US03L_IMPROVE_Davis.lev2.nas
51 1001
MISSING INFORMATION
US03L, IMPROVE, , , , , , , 
MISSING INFORMATION
IMPROVE sel_HTAP
1 1
1998 01 01 2019 12 16
0
days from file reference point
4
1 1 1 1
999.999999 999.999 999.999 9.999
end_time of measurement, days from the file reference point
pm10_mass, ug/m3, Matrix=pm10
pm25_mass, ug/m3, Matrix=pm25
numflag, no unit
0
33
Data definition:              EBAS_1.1
Set type code:                TI
Timezone:                     UTC
File name:                    US9036R.19980103070000.20191216000000.filterpack...1y.3d.US03L_filterpack_US9036.US03L_IMPROVE_Davis.lev2.nas
File creation:                20191218120744
Startdate:                    19980103070000
Revision date:                20191216000000
Version:                      2
Version description:          "Data extracted from http://views.cira.colostate.edu/fed/DataWizard 2019-12-16"
Statistics:                   arithmetic mean
Data level:                   2
Period code:                  1y
Resolution code:              3d
Sample duration:              1d
Orig. time res.:              3d
Station code:                 US9036R
Platform code:                US9036S
Station name:                 Tonto NM
Station latitude:             33.6548
Station longitude:            -111.1068
Station altitude:             775.0 m
Regime:                       IMG
Component:                    
Unit:                         ug/m3
Matrix:                       
Laboratory code:              US03L
Instrument type:              filterpack
Instrument name:              filterpack_US9036
Method ref:                   US03L_IMPROVE_Davis
Blank correction:             Blank corrected
Volume std. temperature:      ambient
Volume std. pressure:         ambient
starttime endtime PM10 PM2.5 flag
  2.291667   3.291667   6.380   3.110 0.000
  6.291667   7.291667   1.888   1.254 0.000
  9.291667  10.291667   2.048   1.781 0.000
 13.291667  14.291667  23.337   6.671 0.000
 16.291667  17.291667  21.520   5.827 0.000
 20.291667  21.291667   1.246   0.667 0.000
 23.291667  24.291667   2.593   0.305 0.000
 27.291667  28.291667   7.212   3.245 0.000
 30.291667  31.291667   9.947   4.549 0.000
 34.291667  35.291667   1.522   0.651 0.000
 37.291667  38.291667   5.501   2.635 0.000
 41.291667  42.291667   3.196   2.050 0.000
 44.291667  45.291667   4.301   2.509 0.000
 48.291667  49.291667 999.999 999.999 0.999
 51.291667  52.291667 999.999 999.999 0.999
 55.291667  56.291667   5.645   2.345 0.000
 58.291667  59.291667   3.119   1.431 0.000
 62.291667  63.291667   7.826   3.589 0.000
 65.291667  66.291667  10.611   2.633 0.000
 69.291667  70.291667   7.593   2.608 0.000
 72.291667  73.291667   4.541   3.336 0.000
 76.291667  77.291667   8.738   3.694 0.000
 79.291667  80.291667  18.658   6.117 0.000
 83.291667  84.291667  18.789   5.039 0.000
 86.291667  87.291667   7.485   2.893 0.000
 90.291667  91.291667   3.109   1.798 0.000
 93.291667  94.291667   6.460   2.589 0.000
 97.291667  98.291667  10.075   2.858 0.000
100.291667 101.291667  17.421   4.148 0.000
104.291667 105.291667   7.282   2.374 0.000
107.291667 108.291667   6.156   2.514 0.000
111.291667 112.291667  19.591   7.633 0.000
114.291667 115.291667  20.212   5.663 0.000
118.291667 119.291667  10.417   5.194 0.000
121.291667 122.291667  28.578  10.672 0.000
125.291667 126.291667   8.790   2.943 0.000
128.291667 129.291667   9.897   4.019 0.000
132.291667 133.291667   8.052   4.640 0.000
135.291667 136.291667   7.625   2.976 0.000
139.291667 140.291667 999.999  16.082 0.000
142.291667 143.291667  11.848   8.451 0.000
146.291667 147.291667  15.783   4.820 0.000
149.291667 150.291667  12.241   4.281 0.000
153.291667 154.291667  16.800   4.756 0.000
156.291667 157.291667  14.134   4.566 0.000
160.291667 161.291667  11.609   4.911 0.000
163.291667 164.291667  18.027   5.693 0.000
167.291667 168.291667  18.181   6.479 0.000
170.291667 171.291667  11.865   3.968 0.000
174.291667 175.291667  10.678   3.763 0.000
177.291667 178.291667   5.932   3.304 0.000
181.291667 182.291667  14.860   5.581 0.000
184.291667 185.291667  31.448   9.862 0.000
188.291667 189.291667  15.799   6.975 0.000
191.291667 192.291667  14.062   5.926 0.000
195.291667 196.291667  11.540   4.895 0.000
198.291667 199.291667  10.961   6.577 0.000
202.291667 203.291667  10.366   4.416 0.000
205.291667 206.291667   9.316   5.463 0.000
209.291667 210.291667  11.651   5.231 0.000
212.291667 213.291667   7.998   4.619 0.000
216.291667 217.291667   9.021   4.464 0.000
219.291667 220.291667   6.570   3.441 0.000
223.291667 224.291667  19.338   5.394 0.000
226.291667 227.291667  17.909   4.774 0.000
230.291667 231.291667  12.732   5.636 0.000
233.291667 234.291667  13.261   9.778 0.000
237.291667 238.291667 999.999   5.888 0.000
240.291667 241.291667   6.845   3.995 0.000
244.291667 245.291667  11.188   6.775 0.000
247.291667 248.291667  12.447   4.464 0.000
251.291667 252.291667  13.633   5.777 0.000
254.291667 255.291667  11.952   7.223 0.000
258.291667 259.291667   4.526   2.737 0.000
261.291667 262.291667  11.332   5.444 0.000
265.291667 266.291667  12.932   4.591 0.000
268.291667 269.291667  11.784   3.225 0.000
272.291667 273.291667  10.545   2.930 0.000
275.291667 276.291667  19.290   4.776 0.000
279.291667 280.291667   8.902   4.083 0.000
282.291667 283.291667  13.630   5.097 0.000
286.291667 287.291667  21.023   6.524 0.000
289.291667 290.291667   5.389   2.089 0.000
293.291667 294.291667  10.475   1.543 0.000
296.291667 297.291667   6.906   3.772 0.000
300.291667 301.291667   6.011   2.574 0.000
303.291667 304.291667   6.160   3.143 0.000
307.291667 308.291667   8.957   2.563 0.000
310.291667 311.291667  20.123   6.199 0.000
314.291667 315.291667   5.913   1.796 0.000
317.291667 318.291667   6.905   3.891 0.000
321.291667 322.291667  10.646   3.744 0.000
324.291667 325.291667   9.501   5.996 0.000
328.291667 329.291667   8.569   4.975 0.000
331.291667 332.291667  10.965   6.103 0.000
335.291667 336.291667   4.491   3.018 0.000
338.291667 339.291667   6.695   3.454 0.000
342.291667 343.291667   4.305   1.923 0.000
345.291667 346.291667   3.265   3.063 0.000
349.291667 350.291667  10.396   2.885 0.000
352.291667 353.291667   8.317   3.794 0.000
356.291667 357.291667   9.731   4.423 0.000
359.291667 360.291667  12.346   1.901 0.000
363.291667 364.291667   5.892   3.173 0.000
