scripts/IMPROVE-2019_partial/data/US9064R.20060102070000.20191216000000.filterpack..pm25.52w.1w.US03L_filterpack_US9064.US03L_IMPROVE_Davis.lev2.nas
64 1001
MISSING INFORMATION
US03L, IMPROVE, , , , , , , 
MISSING INFORMATION
IMPROVE sel_HTAP
1 1
2006 01 01 2019 12 16
3.000000
days from file reference point
25
1 1 1 1 1 1 1 1 1 1 1 1 1 1 1 1 1 1 1 1 1 1 1 1 1
999.999999 9999.99 9.999 99.99 9.999999 9.999 9.999999 99.99 9.999999 9.999 9.999 999.999 9.999999 999.999 9.999999 9999.999 9.999 9999.999 9.999 999.999 9.999 9.999 9.999 9.999 9.999
end_time of measurement, days from the file reference point
iron, ng/m3, Revision date=20181210133000
numflag iron, no unit, Revision date=20181210133000
lead, ng/m3, Revision date=20181210133000
numflag lead, no unit, Revision date=20181210133000
magnesium, ug/m3, Revision date=20181210133000
numflag magnesium, no unit, Revision date=20181210133000
nickel, ng/m3, Revision date=20181210133000
numflag nickel, no unit, Revision date=20181210133000
nitrate, ug N/m3, Revision date=20181210133000
numflag nitrate, no unit, Revision date=20181210133000
organic_carbon, ug C/m3, Revision date=20181210133000
numflag organic_carbon, no unit, Revision date=20181210133000
organic_mass, ug/m3, Revision date=20181210133000
numflag organic_mass, no unit, Revision date=20181210133000
pm10_mass, ug/m3, Version=2, Version description=Data extracted from http://views.cira.colostate.edu/fed/DataWizard 2019-12-16, Sample duration=1d, Orig. time res.=3d, Matrix=pm10, Blank correction=Blank corrected, Volume std. temperature=ambient, Volume std. pressure=ambient
numflag pm10_mass, no unit, Version=2, Version description=Data extracted from http://views.cira.colostate.edu/fed/DataWizard 2019-12-16, Sample duration=1d, Orig. time res.=3d, Matrix=pm10, Blank correction=Blank corrected, Volume std. temperature=ambient, Volume std. pressure=ambient
pm10_pm25_mass, ug/m3, Revision date=20181210133000, Matrix=pm10_pm25
numflag pm10_pm25_mass, no unit, Revision date=20181210133000, Matrix=pm10_pm25
pm25_mass, ug/m3, Version=2, Version description=Data extracted from http://views.cira.colostate.edu/fed/DataWizard 2019-12-16, Sample duration=1d, Orig. time res.=3d, Blank correction=Blank corrected, Volume std. temperature=ambient, Volume std. pressure=ambient
numflag pm25_mass, no unit, Version=2, Version description=Data extracted from http://views.cira.colostate.edu/fed/DataWizard 2019-12-16, Sample duration=1d, Orig. time res.=3d, Blank correction=Blank corrected, Volume std. temperature=ambient, Volume std. pressure=ambient
potassium, ug/m3, Revision date=20181210133000
numflag potassium, no unit, Revision date=20181210133000
sulphate_total, ug S/m3, Revision date=20181210133000
numflag sulphate_total, no unit, Revision date=20181210133000
0
25
Data definition:              EBAS_1.1
Set type code:                TU
Timezone:                     UTC
File name:                    US9064R.20060102070000.20191216000000.filterpack..pm25.52w.1w.US03L_filterpack_US9064.US03L_IMPROVE_Davis.lev2.nas
File creation:                20191218120949
Startdate:                    20060102070000
Revision date:                20191216000000
Statistics:                   arithmetic mean
Data level:                   2
Period code:                  52w
Resolution code:              1w
Station code:                 US9064R
Platform code:                US9064S
Station name:                 Sula Peak
Station latitude:             45.8598
Station longitude:            -114.0001
Station altitude:             1895.0 m
Regime:                       IMG
Component:                    
Matrix:                       pm25
Laboratory code:              US03L
Instrument type:              filterpack
Instrument name:              filterpack_US9064
Method ref:                   US03L_IMPROVE_Davis
starttime endtime Fe flag_Fe Pb flag_Pb Mg++ flag_Mg++ Ni flag_Ni NO3- flag_NO3- OC flag_OC OM flag_OM PM10 flag_PM10 PM10-PM2.5 flag_PM10-PM2.5 PM2.5 flag_PM2.5 K+ flag_K+ SO4-- flag_SO4--
[from data line 83]
250.291667 251.291667   44.78 0.000  0.35 0.000000 9.999 0.259000 99.99 0.259000 0.030 0.000   7.603 0.000000  13.685 0.000000   23.653 0.000    5.059 0.000  18.594 0.000 0.178 0.000 0.290 0.000
253.291667 254.291667 9999.99 0.999 99.99 0.999000 9.999 0.999000 99.99 0.999000 9.999 0.999 999.999 0.999000 999.999 0.999000 9999.999 0.999 9999.999 0.999 999.999 0.999 9.999 0.999 9.999 0.999
256.291667 257.291667   10.63 0.000  0.19 0.000000 9.999 0.259000 99.99 0.259000 0.021 0.000   0.633 0.559000   1.139 0.559000    2.163 0.000    0.549 0.000   1.613 0.000 0.013 0.000 0.058 0.000
259.291667 260.291667 9999.99 0.999 99.99 0.999000 9.999 0.999000 99.99 0.999000 9.999 0.999 999.999 0.999000 999.999 0.999000 9999.999 0.999 9999.999 0.999 999.999 0.999 9.999 0.999 9.999 0.999
262.291667 263.291667    1.80 0.000  0.17 0.000000 9.999 0.259000 99.99 0.259000 0.005 0.000   0.410 0.000000   0.737 0.000000    2.112 0.000    1.278 0.000   0.834 0.000 0.005 0.000 0.024 0.000
265.291667 266.291667    2.01 0.000  0.30 0.000000 9.999 0.259000 99.99 0.259000 0.009 0.000   0.381 0.559000   0.687 0.559000    1.791 0.000    0.580 0.000   1.210 0.000 0.005 0.000 0.085 0.000
268.291667 269.291667    6.85 0.000  0.24 0.000000 9.999 0.259000 99.99 0.259000 0.024 0.000   2.547 0.559000   4.585 0.559000    6.829 0.000    1.550 0.000   5.278 0.000 0.035 0.000 0.050 0.000
271.291667 272.291667   33.30 0.000  0.53 0.000000 0.011 0.000000 99.99 0.259000 0.016 0.000   2.502 0.000000   4.504 0.000000   11.293 0.000    5.286 0.000   6.007 0.000 0.063 0.000 0.092 0.000
274.291667 275.291667   30.19 0.000  0.56 0.000000 0.004 0.000000 99.99 0.259000 0.022 0.000   3.034 0.000000   5.461 0.000000   10.709 0.000    3.502 0.000   7.207 0.000 0.050 0.000 0.111 0.000
277.291667 278.291667    9.89 0.394  0.32 0.394000 9.999 0.394259  0.11 0.394000 0.009 0.394   0.527 0.394000   0.950 0.394000    3.027 0.000    1.633 0.394   1.394 0.000 0.010 0.394 0.087 0.394
280.291667 281.291667 9999.99 0.999 99.99 0.999000 9.999 0.999000 99.99 0.999000 9.999 0.999 999.999 0.999000 999.999 0.999000 9999.999 0.999 9999.999 0.999 999.999 0.999 9.999 0.999 9.999 0.999
283.291667 284.291667    7.97 0.000  0.49 0.000000 9.999 0.259000 99.99 0.259000 0.006 0.000   0.867 0.000000   1.561 0.000000    3.774 0.000    1.615 0.000   2.159 0.000 0.016 0.000 0.091 0.000
286.291667 287.291667   12.14 0.000  0.68 0.000000 9.999 0.259000 99.99 0.259000 0.008 0.000   1.836 0.000000   3.305 0.000000    7.229 0.000    3.054 0.000   4.175 0.000 0.027 0.000 0.053 0.000
289.291667 290.291667    2.20 0.000  0.32 0.000000 9.999 0.259000 99.99 0.259000 0.033 0.000   1.285 0.000000   2.313 0.000000    3.557 0.000    0.929 0.000   2.628 0.000 0.015 0.000 0.056 0.000
292.291667 293.291667    1.30 0.000  0.36 0.000000 9.999 0.259000 99.99 0.259000 0.005 0.000   0.562 0.000000   1.011 0.000000    1.898 0.000    0.989 0.000   0.909 0.000 0.008 0.000 0.031 0.000
295.291667 296.291667    8.88 0.000  0.63 0.000000 0.007 0.000000 99.99 0.259000 0.007 0.000   0.834 0.000000   1.502 0.000000    3.034 0.000    0.805 0.000   2.229 0.000 0.014 0.000 0.083 0.000
298.291667 299.291667    3.93 0.000  0.31 0.000000 9.999 0.259000 99.99 0.259000 0.026 0.000   0.461 0.000000   0.829 0.000000    2.978 0.000    1.039 0.000   1.940 0.000 0.017 0.000 0.088 0.000
301.291667 302.291667    9.78 0.654  0.45 0.654000 0.006 0.654000 99.99 0.654259 0.013 0.654   1.021 0.654000   1.839 0.654000    3.621 0.000    1.117 0.654   2.504 0.000 0.014 0.654 0.109 0.654
304.291667 305.291667    2.45 0.000  0.33 0.000000 9.999 0.259000 99.99 0.259000 0.016 0.000   2.312 0.000000   4.162 0.000000    4.838 0.000    0.686 0.000   4.152 0.000 0.016 0.000 0.072 0.000
307.291667 308.291667    0.64 0.000  0.12 0.000000 9.999 0.259000 99.99 0.259000 0.001 0.000   0.195 0.000000   0.351 0.000000    0.533 0.000    0.170 0.000   0.363 0.000 0.003 0.000 0.009 0.000
310.291667 311.291667    0.95 0.000 99.99 0.259000 9.999 0.259000 99.99 0.259000 0.000 0.000   0.189 0.000000   0.340 0.000000    0.776 0.000    0.625 0.000   0.272 0.000 0.004 0.000 0.015 0.000
313.291667 314.291667    1.74 0.000  0.28 0.000000 9.999 0.259000 99.99 0.259000 0.003 0.000   0.311 0.000000   0.560 0.000000    0.582 0.000 9999.999 0.259   0.882 0.000 0.006 0.000 0.038 0.000
316.291667 317.291667    2.95 0.000  0.49 0.000000 9.999 0.259000 99.99 0.259000 0.007 0.000   0.113 0.000000   0.203 0.000000    2.151 0.000    1.199 0.000   0.952 0.000 0.006 0.000 0.097 0.000
319.291667 320.291667    1.95 0.000  0.37 0.000000 9.999 0.259000 99.99 0.259000 0.005 0.000   0.223 0.000000   0.401 0.000000    1.403 0.000    0.400 0.000   1.003 0.000 0.004 0.000 0.091 0.000
322.291667 323.291667    3.15 0.000  0.42 0.000000 9.999 0.259000  0.12 0.000000 0.020 0.000   0.569 0.000000   1.024 0.000000    2.397 0.000    0.461 0.000   1.937 0.000 0.008 0.000 0.150 0.000
325.291667 326.291667   14.37 0.000  0.22 0.000000 9.999 0.259000 99.99 0.259000 0.007 0.000   0.267 0.000000   0.481 0.000000    2.023 0.000    1.080 0.000   0.943 0.000 0.015 0.000 0.030 0.000
328.291667 329.291667    1.54 0.000  0.19 0.000000 9.999 0.259000 99.99 0.259000 0.003 0.000   0.057 0.000000   0.103 0.000000    1.120 0.000    0.600 0.000   0.520 0.000 0.003 0.000 0.051 0.000
331.291667 332.291667    1.22 0.000  0.20 0.000000 9.999 0.259000 99.99 0.259000 0.048 0.000   0.605 0.000000   1.090 0.000000    1.841 0.000    0.211 0.000   1.630 0.000 0.011 0.000 0.053 0.000
334.291667 335.291667    1.88 0.000  0.27 0.000000 9.999 0.259000 99.99 0.259000 0.006 0.000   0.154 0.000000   0.277 0.000000    1.208 0.000    0.390 0.000   0.818 0.000 0.003 0.000 0.056 0.000
337.291667 338.291667    4.05 0.000  0.17 0.000000 9.999 0.259000  0.13 0.000000 0.026 0.000   0.207 0.000000   0.373 0.000000    1.240 0.000    0.309 0.000   0.930 0.000 0.006 0.000 0.066 0.000
340.291667 341.291667   10.99 0.000  0.74 0.000000 9.999 0.259000 99.99 0.259000 0.008 0.000   0.315 0.000000   0.566 0.000000    2.565 0.000    1.033 0.000   1.532 0.000 0.011 0.000 0.120 0.000
343.291667 344.291667   17.25 0.000  0.46 0.000000 0.010 0.000000 99.99 0.259000 0.086 0.000   0.468 0.000000   0.842 0.000000    3.228 0.000    1.613 0.000   1.616 0.000 0.014 0.000 0.087 0.000
346.291667 347.291667    1.17 0.000  0.12 0.000000 9.999 0.259000 99.99 0.259000 0.004 0.000   0.187 0.000000   0.336 0.000000    1.774 0.000    1.045 0.000   0.730 0.000 0.004 0.000 0.034 0.000
349.291667 350.291667    0.65 0.000  0.06 0.000000 9.999 0.259000 99.99 0.259000 0.010 0.000   0.124 0.000000   0.224 0.000000    1.962 0.000    1.444 0.000   0.518 0.000 0.003 0.000 0.021 0.000
352.291667 353.291667    1.20 0.000  0.13 0.000000 9.999 0.259000 99.99 0.259000 0.004 0.000   0.187 0.000000   0.336 0.000000    1.038 0.000    0.436 0.000   0.603 0.000 0.003 0.000 0.016 0.000
355.291667 356.291667    1.38 0.000  0.19 0.000000 9.999 0.259000 99.99 0.259000 0.032 0.000   0.481 0.000000   0.865 0.000000    3.653 0.000    2.535 0.000   1.119 0.000 0.008 0.000 0.055 0.000
358.291667 359.291667    3.19 0.000  0.16 0.000000 9.999 0.259000 99.99 0.259000 0.007 0.000   0.106 0.000000   0.191 0.000000    2.284 0.000    1.437 0.000   0.848 0.000 0.003 0.000 0.055 0.000
361.291667 362.291667    4.92 0.000  0.21 0.000000 9.999 0.259000  0.54 0.000000 0.022 0.000   0.214 0.000000   0.385 0.000000    1.083 0.000    0.417 0.000   0.666 0.000 0.004 0.000 0.030 0.000
364.291667 365.291667    1.78 0.000  0.40 0.000000 9.999 0.259000  0.14 0.000000 0.008 0.000   0.349 0.000000   0.628 0.000000    0.913 0.000    0.489 0.000   0.424 0.000 0.005 0.000 0.047 0.000
