scripts/IMPROVE-2019_partial/data/US9068R.20080101070000.20191216000000.filterpack...52w.3d.US03L_filterpack_US9068.US03L_IMPROVE_Davis.lev2.nas
51 1001
MISSING INFORMATION
US03L, IMPROVE, , , , , , , 
MISSING INFORMATION
IMPROVE sel_HTAP
1 1
2008 01 01 2019 12 16
3.000000
days from file reference point
4
1 1 1 1
999.999999 999.999 999.999 9.999
end_time of measurement, days from the file reference point
pm10_mass, ug/m3, Matrix=pm10
pm25_mass, ug/m3, Matrix=pm25
numflag, no unit
0
33
Data definition:              EBAS_1.1
Set type code:                TU
Timezone:                     UTC
File name:                    US9068R.20080101070000.20191216000000.filterpack...52w.3d.US03L_filterpack_US9068.US03L_IMPROVE_Davis.lev2.nas
File creation:                20191218121012
Startdate:                    20080101070000
Revision date:                20191216000000
Version:                      2
Version description:          "Data extracted from http://views.cira.colostate.edu/fed/DataWizard 2019-12-16"
Statistics:                   arithmetic mean
Data level:                   2
Period code:                  52w
Resolution code:              3d
Sample duration:              1d
Orig. time res.:              3d
Station code:                 US9068R
Platform code:                US9068S
Station name:                 Salt Creek
Station latitude:             33.4598
Station longitude:            -104.4042
Station altitude:             1072.0 m
Regime:                       IMG
Component:                    
Unit:                         ug/m3
Matrix:                       
Laboratory code:              US03L
Instrument type:              filterpack
Instrument name:              filterpack_US9068
Method ref:                   US03L_IMPROVE_Davis
Blank correction:             Blank corrected
Volume std. temperature:      ambient
Volume std. pressure:         ambient
starttime endtime PM10 PM2.5 flag
  0.291667   1.291667   3.964   1.221 0.000
  3.291667   4.291667  13.699   4.648 0.000
  6.291667   7.291667   9.207   1.740 0.000
  9.291667  10.291667   2.624   1.005 0.000
 12.291667  13.291667   2.441   1.070 0.000
 15.291667  16.291667  11.829   2.275 0.000
 18.291667  19.291667  14.699   4.126 0.000
 21.291667  22.291667  26.282  16.870 0.000
 24.291667  25.291667  14.729  11.686 0.000
 27.291667  28.291667  35.868   4.815 0.000
 30.291667  31.291667   7.125   0.971 0.000
 33.291667  34.291667  18.919   2.932 0.000
 36.291667  37.291667 999.999 999.999 0.999
 39.291667  40.291667   5.892   1.220 0.000
 42.291667  43.291667   6.787   1.853 0.000
 45.291667  46.291667  18.179   7.525 0.000
 48.291667  49.291667   8.492   3.395 0.000
 51.291667  52.291667  12.789   9.064 0.000
 54.291667  55.291667   7.137   2.094 0.000
 57.291667  58.291667  12.642   3.627 0.000
 60.291667  61.291667  19.306   5.556 0.000
 63.291667  64.291667   3.793   1.828 0.000
 66.291667  67.291667   4.465   2.374 0.000
 69.291667  70.291667  10.617   4.301 0.000
 72.291667  73.291667   7.428   4.202 0.000
 75.291667  76.291667  90.093  17.329 0.000
 78.291667  79.291667  16.202   4.753 0.000
 81.291667  82.291667  16.122   5.617 0.000
 84.291667  85.291667  16.047   5.836 0.000
 87.291667  88.291667  23.039  11.155 0.000
 90.291667  91.291667  19.048   4.149 0.000
 93.291667  94.291667  15.610   5.215 0.000
 96.291667  97.291667  18.826   5.900 0.000
 99.291667 100.291667  85.984  12.739 0.000
102.291667 103.291667   7.097   2.570 0.000
105.291667 106.291667  33.759   7.596 0.000
108.291667 109.291667  12.043   4.274 0.000
111.291667 112.291667  13.265   5.352 0.000
114.291667 115.291667  21.077   7.904 0.000
117.291667 118.291667  14.614   4.440 0.000
120.291667 121.291667  57.812   9.802 0.000
123.291667 124.291667  21.142   5.878 0.000
126.291667 127.291667  11.893   6.465 0.000
129.291667 130.291667  21.112   7.494 0.000
132.291667 133.291667  32.009   9.104 0.000
135.291667 136.291667   9.896   3.888 0.000
138.291667 139.291667   9.685   5.380 0.000
141.291667 142.291667  48.583  13.734 0.000
144.291667 145.291667  13.188   5.423 0.000
147.291667 148.291667  18.552   7.940 0.000
150.291667 151.291667  15.651   6.435 0.000
153.291667 154.291667  15.026   6.293 0.000
156.291667 157.291667  41.609   8.245 0.000
159.291667 160.291667  16.798   4.870 0.000
162.291667 163.291667  23.352   6.625 0.000
165.291667 166.291667  25.760   7.038 0.000
168.291667 169.291667  92.637  19.910 0.000
171.291667 172.291667  26.826   6.161 0.000
174.291667 175.291667  18.424   4.908 0.000
177.291667 178.291667  17.717   6.620 0.000
180.291667 181.291667   6.122   3.792 0.000
183.291667 184.291667  14.765   6.983 0.000
186.291667 187.291667  10.331   4.788 0.000
189.291667 190.291667   6.418   2.937 0.000
192.291667 193.291667   7.939   3.072 0.000
195.291667 196.291667  11.296   5.493 0.000
198.291667 199.291667  12.056   5.705 0.000
201.291667 202.291667  17.052   8.792 0.000
204.291667 205.291667  24.240   8.744 0.000
207.291667 208.291667  17.891   9.404 0.000
210.291667 211.291667   8.795   3.167 0.000
213.291667 214.291667  13.215   6.023 0.000
216.291667 217.291667  15.284   6.536 0.000
219.291667 220.291667  14.126   7.282 0.000
222.291667 223.291667   7.056   3.691 0.000
225.291667 226.291667  12.075   5.271 0.000
228.291667 229.291667   4.853   2.646 0.000
231.291667 232.291667   4.594   2.336 0.000
234.291667 235.291667  12.373   4.031 0.000
237.291667 238.291667  14.914   5.609 0.000
240.291667 241.291667  11.112   5.700 0.000
243.291667 244.291667   8.284   4.845 0.000
246.291667 247.291667  11.952   3.704 0.000
249.291667 250.291667  15.385   5.993 0.000
252.291667 253.291667  11.356   5.306 0.000
255.291667 256.291667   3.402   1.279 0.000
258.291667 259.291667   9.589   3.885 0.000
261.291667 262.291667  10.235   3.428 0.000
264.291667 265.291667  15.580   8.359 0.000
267.291667 268.291667  15.762   6.800 0.000
270.291667 271.291667  22.383   9.948 0.000
273.291667 274.291667  26.847   7.177 0.000
276.291667 277.291667  19.926   5.552 0.000
279.291667 280.291667   4.875   1.654 0.000
282.291667 283.291667  17.518   3.632 0.000
285.291667 286.291667   7.809   4.697 0.000
288.291667 289.291667   2.213   1.277 0.000
291.291667 292.291667   7.988   3.696 0.000
294.291667 295.291667  14.307   7.383 0.000
297.291667 298.291667   8.806   2.130 0.000
300.291667 301.291667  14.267   3.440 0.000
303.291667 304.291667  21.785   6.436 0.000
306.291667 307.291667  18.481   5.583 0.000
309.291667 310.291667  25.231   4.801 0.000
312.291667 313.291667  14.929   3.447 0.000
315.291667 316.291667   8.146   2.989 0.000
318.291667 319.291667  17.387   2.257 0.000
321.291667 322.291667  14.518   3.006 0.000
324.291667 325.291667  23.050   5.666 0.000
327.291667 328.291667  26.439   6.266 0.000
330.291667 331.291667  26.924   6.572 0.000
333.291667 334.291667  13.279   4.895 0.000
336.291667 337.291667  10.690   3.197 0.000
339.291667 340.291667  19.563   4.686 0.000
342.291667 343.291667  23.073   3.570 0.000
345.291667 346.291667   6.522   3.854 0.000
348.291667 349.291667  24.431   4.686 0.000
351.291667 352.291667  19.126   5.447 0.000
354.291667 355.291667   9.656   2.317 0.000
357.291667 358.291667  40.998   6.021 0.000
360.291667 361.291667  22.282   3.315 0.000
363.291667 364.291667  10.437   3.272 0.000
