scripts/IMPROVE-2019_partial/data/US9019R.20130101050000.20191216000000.filterpack...52w.3d.US03L_filterpack_US9019.US03L_IMPROVE_Davis.lev2.nas
52 1001
MISSING INFORMATION
US03L, IMPROVE, , , , , , , 
MISSING INFORMATION
IMPROVE sel_HTAP
1 1
2013 01 01 2019 12 16
3.000000
days from file reference point
5
1 1 1 1 1
999.999999 999.999 9.999 999.999 9.999
end_time of measurement, days from the file reference point
pm10_mass, ug/m3, Matrix=pm10
numflag pm10_mass, no unit, Matrix=pm10
pm25_mass, ug/m3, Matrix=pm25
numflag pm25_mass, no unit, Matrix=pm25
0
33
Data definition:              EBAS_1.1
Set type code:                TU
Timezone:                     UTC
File name:                    US9019R.20130101050000.20191216000000.filterpack...52w.3d.US03L_filterpack_US9019.US03L_IMPROVE_Davis.lev2.nas
File creation:                20191218120623
Startdate:                    20130101050000
Revision date:                20191216000000
Version:                      2
Version description:          "Data extracted from http://views.cira.colostate.edu/fed/DataWizard 2019-12-16"
Statistics:                   arithmetic mean
Data level:                   2
Period code:                  52w
Resolution code:              3d
Sample duration:              1d
Orig. time res.:              3d
Station code:                 US9019R
Platform code:                US9019S
Station name:                 Quaker City
Station latitude:             39.9428
Station longitude:            -81.3378
Station altitude:             366.0 m
Regime:                       IMG
Component:                    
Unit:                         ug/m3
Matrix:                       
Laboratory code:              US03L
Instrument type:              filterpack
Instrument name:              filterpack_US9019
Method ref:                   US03L_IMPROVE_Davis
Blank correction:             Blank corrected
Volume std. temperature:      ambient
Volume std. pressure:         ambient
starttime endtime PM10 flag_PM10 PM2.5 flag_PM2.5
  0.208333   1.208333  12.839 0.000  11.178 0.659
  3.208333   4.208333   7.843 0.000   6.563 0.659
  6.208333   7.208333  28.456 0.000  23.591 0.659
  9.208333  10.208333  13.529 0.000  10.977 0.659
 12.208333  13.208333   6.103 0.000   3.650 0.659
 15.208333  16.208333  12.698 0.000  11.156 0.659
 18.208333  19.208333   5.754 0.000   3.396 0.659
 21.208333  22.208333  14.187 0.000   5.024 0.659
 24.208333  25.208333  12.099 0.000   6.861 0.659
 27.208333  28.208333  13.822 0.000  10.615 0.659
 30.208333  31.208333   4.935 0.000   2.784 0.000
 33.208333  34.208333  12.714 0.000  10.348 0.000
 36.208333  37.208333  15.422 0.000  12.462 0.659
 39.208333  40.208333   7.074 0.000   5.534 0.659
 42.208333  43.208333   7.660 0.000   4.243 0.659
 45.208333  46.208333   9.127 0.000   7.332 0.000
 48.208333  49.208333   8.243 0.000   4.595 0.000
 51.208333  52.208333   7.785 0.000   5.171 0.000
 54.208333  55.208333  13.129 0.000  11.129 0.000
 57.208333  58.208333  12.488 0.000   3.678 0.000
 60.208333  61.208333   6.360 0.000   3.929 0.000
 63.208333  64.208333  17.123 0.000   7.925 0.000
 66.208333  67.208333   6.842 0.000   4.781 0.659
 69.208333  70.208333   8.862 0.000   5.377 0.000
 72.208333  73.208333   7.594 0.000   4.359 0.000
 75.208333  76.208333  10.304 0.000   8.356 0.000
 78.208333  79.208333   9.582 0.000   2.725 0.000
 81.208333  82.208333  17.457 0.000  10.877 0.000
 84.208333  85.208333   7.503 0.000   4.620 0.000
 87.208333  88.208333  11.607 0.000   6.861 0.659
 90.208333  91.208333   7.692 0.000   5.314 0.000
 93.208333  94.208333  15.590 0.000   5.288 0.659
 96.208333  97.208333  18.111 0.000   8.978 0.000
 99.208333 100.208333  18.326 0.000   6.857 0.659
102.208333 103.208333   8.853 0.000   4.288 0.659
105.208333 106.208333  14.974 0.000   7.025 0.659
108.208333 109.208333  10.428 0.000   4.336 0.000
111.208333 112.208333  10.815 0.000   5.584 0.659
114.208333 115.208333  14.796 0.000   6.702 0.659
117.208333 118.208333   9.615 0.000   5.982 0.659
120.208333 121.208333   8.631 0.000   2.508 0.659
123.208333 124.208333  11.780 0.000   3.675 0.659
126.208333 127.208333   7.924 0.000   2.899 0.659
129.208333 130.208333  15.415 0.000   7.953 0.000
132.208333 133.208333   7.090 0.000   3.336 0.659
135.208333 136.208333  23.323 0.000  11.266 0.000
138.208333 139.208333  10.861 0.000   6.214 0.659
141.208333 142.208333  18.924 0.000   5.977 0.659
144.208333 145.208333  11.701 0.000   4.700 0.659
147.208333 148.208333  29.034 0.000  10.822 0.659
150.208333 151.208333  24.919 0.000   8.556 0.659
153.208333 154.208333  17.814 0.000   6.062 0.659
156.208333 157.208333  19.437 0.000  11.363 0.000
159.208333 160.208333  19.147 0.000  11.509 0.659
162.208333 163.208333  21.804 0.000  14.147 0.659
165.208333 166.208333  17.506 0.000  11.568 0.659
168.208333 169.208333  26.612 0.000  13.480 0.000
171.208333 172.208333  23.885 0.000  12.185 0.659
174.208333 175.208333  34.826 0.000  15.325 0.659
177.208333 178.208333  12.681 0.000   6.912 0.000
180.208333 181.208333  18.937 0.000  11.622 0.659
183.208333 184.208333  12.321 0.000   7.439 0.659
186.208333 187.208333   8.948 0.000   4.300 0.659
189.208333 190.208333  21.975 0.000  12.227 0.659
192.208333 193.208333  14.529 0.000   7.400 0.659
195.208333 196.208333  22.677 0.000  10.568 0.659
198.208333 199.208333  28.901 0.000  14.911 0.659
201.208333 202.208333  13.258 0.000   9.722 0.659
204.208333 205.208333  10.977 0.000   4.260 0.659
207.208333 208.208333  21.179 0.000  16.646 0.000
210.208333 211.208333  15.901 0.000   5.191 0.659
213.208333 214.208333  19.563 0.000   9.012 0.000
216.208333 217.208333  12.175 0.000   6.973 0.000
219.208333 220.208333  15.909 0.000  10.330 0.000
222.208333 223.208333  22.162 0.000  17.033 0.000
225.208333 226.208333   8.660 0.000   3.774 0.659
228.208333 229.208333  19.211 0.000  10.953 0.659
231.208333 232.208333  26.032 0.000  14.460 0.659
234.208333 235.208333  18.750 0.000  11.622 0.659
237.208333 238.208333  20.989 0.000  13.037 0.659
240.208333 241.208333  22.543 0.000  14.581 0.659
243.208333 244.208333  18.589 0.000  10.498 0.000
246.208333 247.208333  10.142 0.000   4.971 0.659
249.208333 250.208333  13.913 0.000   6.083 0.659
252.208333 253.208333  33.956 0.000  22.899 0.659
255.208333 256.208333   7.035 0.000   2.904 0.659
258.208333 259.208333  10.123 0.000   6.222 0.659
261.208333 262.208333  22.767 0.000  18.900 0.000
264.208333 265.208333   6.425 0.000   3.671 0.000
267.208333 268.208333  13.649 0.000   7.527 0.000
270.208333 271.208333  14.963 0.000   7.136 0.000
273.208333 274.208333  14.222 0.000   8.714 0.000
276.208333 277.208333  11.021 0.000   8.184 0.000
279.208333 280.208333  10.020 0.000   5.871 0.000
282.208333 283.208333  10.167 0.000   3.715 0.000
285.208333 286.208333   9.920 0.000   5.317 0.000
288.208333 289.208333   9.059 0.000   5.181 0.000
291.208333 292.208333  11.822 0.000   7.534 0.000
294.208333 295.208333   8.232 0.000   3.598 0.000
297.208333 298.208333   8.889 0.000   5.559 0.000
300.208333 301.208333   8.875 0.000   4.454 0.000
303.208333 304.208333  15.373 0.000  11.300 0.000
306.208333 307.208333   3.796 0.000   2.216 0.000
309.208333 310.208333   5.595 0.000   1.970 0.000
312.208333 313.208333   7.678 0.000   4.402 0.000
315.208333 316.208333   2.669 0.000   1.704 0.000
318.208333 319.208333  11.570 0.000   6.238 0.000
321.208333 322.208333   4.741 0.000   2.659 0.000
324.208333 325.208333  10.754 0.000   4.716 0.000
327.208333 328.208333   2.829 0.000   1.405 0.000
330.208333 331.208333   8.113 0.000   6.574 0.000
333.208333 334.208333  12.824 0.000   9.250 0.000
336.208333 337.208333  21.176 0.000  17.448 0.000
339.208333 340.208333   7.979 0.000   7.761 0.000
342.208333 343.208333   4.811 0.000   3.960 0.000
345.208333 346.208333   7.367 0.000   5.045 0.000
348.208333 349.208333   7.542 0.000   6.922 0.000
351.208333 352.208333  10.486 0.000   8.156 0.000
354.208333 355.208333   6.905 0.000   5.058 0.000
357.208333 358.208333   8.439 0.000   5.989 0.000
360.208333 361.208333   6.982 0.000   5.010 0.000
363.208333 364.208333   4.373 0.000   3.868 0.000
