scripts/IMPROVE-2019_partial/data/US9024R.20050101080000.20191216000000.filterpack..pm25.52w.1w.US03L_filterpack_US9024.US03L_IMPROVE_Davis.lev2.nas
66 1001
MISSING INFORMATION
US03L, IMPROVE, , , , , , , 
MISSING INFORMATION
IMPROVE sel_HTAP
1 1
2005 01 01 2019 12 16
3.000000
days from file reference point
27
1 1 1 1 1 1 1 1 1 1 1 1 1 1 1 1 1 1 1 1 1 1 1 1 1 1 1
999.999999 999.99 9.999 99.99 9.999 9.999 9.999999 99.99 9.999 9.999 9.999 99.999 9.999 99.999 9.999 99.99 9.999999 999.999 9.999 99.999 9.999 99.999 9.999 9.999 9.999 9.999 9.999
end_time of measurement, days from the file reference point
iron, ng/m3, Revision date=20181210133000
numflag iron, no unit, Revision date=20181210133000
lead, ng/m3, Revision date=20181210133000
numflag lead, no unit, Revision date=20181210133000
magnesium, ug/m3, Revision date=20181210133000
numflag magnesium, no unit, Revision date=20181210133000
nickel, ng/m3, Revision date=20181210133000
numflag nickel, no unit, Revision date=20181210133000
nitrate, ug N/m3, Revision date=20181210133000
numflag nitrate, no unit, Revision date=20181210133000
organic_carbon, ug C/m3, Revision date=20181210133000
numflag organic_carbon, no unit, Revision date=20181210133000
organic_mass, ug/m3, Revision date=20181210133000
numflag organic_mass, no unit, Revision date=20181210133000
phosphorus, ng/m3, Revision date=20181210133000
numflag phosphorus, no unit, Revision date=20181210133000
pm10_mass, ug/m3, Version=2, Version description=Data extracted from http://views.cira.colostate.edu/fed/DataWizard 2019-12-16, Sample duration=1d, Orig. time res.=3d, Matrix=pm10, Blank correction=Blank corrected, Volume std. temperature=ambient, Volume std. pressure=ambient
numflag pm10_mass, no unit, Version=2, Version description=Data extracted from http://views.cira.colostate.edu/fed/DataWizard 2019-12-16, Sample duration=1d, Orig. time res.=3d, Matrix=pm10, Blank correction=Blank corrected, Volume std. temperature=ambient, Volume std. pressure=ambient
pm10_pm25_mass, ug/m3, Revision date=20181210133000, Matrix=pm10_pm25
numflag pm10_pm25_mass, no unit, Revision date=20181210133000, Matrix=pm10_pm25
pm25_mass, ug/m3, Version=2, Version description=Data extracted from http://views.cira.colostate.edu/fed/DataWizard 2019-12-16, Sample duration=1d, Orig. time res.=3d, Blank correction=Blank corrected, Volume std. temperature=ambient, Volume std. pressure=ambient
numflag pm25_mass, no unit, Version=2, Version description=Data extracted from http://views.cira.colostate.edu/fed/DataWizard 2019-12-16, Sample duration=1d, Orig. time res.=3d, Blank correction=Blank corrected, Volume std. temperature=ambient, Volume std. pressure=ambient
potassium, ug/m3, Revision date=20181210133000
numflag potassium, no unit, Revision date=20181210133000
sulphate_total, ug S/m3, Revision date=20181210133000
numflag sulphate_total, no unit, Revision date=20181210133000
0
25
Data definition:              EBAS_1.1
Set type code:                TU
Timezone:                     UTC
File name:                    US9024R.20050101080000.20191216000000.filterpack..pm25.52w.1w.US03L_filterpack_US9024.US03L_IMPROVE_Davis.lev2.nas
File creation:                20191218120644
Startdate:                    20050101080000
Revision date:                20191216000000
Statistics:                   arithmetic mean
Data level:                   2
Period code:                  52w
Resolution code:              1w
Station code:                 US9024R
Platform code:                US9024S
Station name:                 Olympic
Station latitude:             48.0065
Station longitude:            -122.9727
Station altitude:             599.0 m
Regime:                       IMG
Component:                    
Matrix:                       pm25
Laboratory code:              US03L
Instrument type:              filterpack
Instrument name:              filterpack_US9024
Method ref:                   US03L_IMPROVE_Davis
starttime endtime Fe flag_Fe Pb flag_Pb Mg++ flag_Mg++ Ni flag_Ni NO3- flag_NO3- OC flag_OC OM flag_OM P flag_P PM10 flag_PM10 PM10-PM2.5 flag_PM10-PM2.5 PM2.5 flag_PM2.5 K+ flag_K+ SO4-- flag_SO4--
[from data line 84]
252.333333 253.333333   7.59 0.000  0.88 0.000 0.011 0.000000  0.81 0.000 0.110 0.000  0.597 0.000  1.075 0.000 99.99 0.259000   5.192 0.000  2.145 0.000  3.023 0.000 0.021 0.000 0.221 0.000
255.333333 256.333333  16.69 0.000  1.31 0.000 9.999 0.259000  0.87 0.000 0.123 0.000  1.892 0.000  3.405 0.000 99.99 0.259000 999.999 0.456  2.288 0.000  5.928 0.000 0.026 0.000 0.441 0.000
258.333333 259.333333   3.74 0.000  0.52 0.000 9.999 0.259000  0.69 0.000 0.094 0.000  0.321 0.000  0.578 0.000 99.99 0.259000   5.035 0.000  1.960 0.000  3.053 0.000 0.018 0.000 0.414 0.000
261.333333 262.333333   4.96 0.000  1.05 0.000 9.999 0.259000  0.67 0.000 0.093 0.000  0.450 0.000  0.809 0.000 99.99 0.259000   7.112 0.000  3.129 0.000  3.949 0.000 0.026 0.000 0.350 0.000
264.333333 265.333333   6.69 0.000  0.39 0.000 9.999 0.259000  0.23 0.000 0.068 0.000  0.209 0.000  0.377 0.000 99.99 0.259000   3.861 0.000  1.917 0.000  1.923 0.000 0.012 0.000 0.147 0.000
267.333333 268.333333  14.87 0.000  1.97 0.000 9.999 0.259000  1.41 0.000 0.051 0.000  1.167 0.000  2.100 0.000 99.99 0.259000   5.483 0.000  1.827 0.000  3.635 0.000 0.036 0.000 0.295 0.000
270.333333 271.333333  14.12 0.000  1.02 0.000 9.999 0.259000  0.69 0.000 0.082 0.000  0.768 0.000  1.382 0.000 99.99 0.259000   5.815 0.000  1.769 0.000  4.026 0.000 0.018 0.000 0.418 0.000
273.333333 274.333333   2.15 0.000  0.48 0.000 0.011 0.000000  0.29 0.000 0.054 0.000  0.557 0.000  1.003 0.000 99.99 0.259000   3.114 0.000  1.105 0.000  1.997 0.000 0.018 0.000 0.121 0.000
276.333333 277.333333   4.84 0.000  1.39 0.000 9.999 0.259000  0.50 0.000 0.046 0.000  0.904 0.000  1.627 0.000 99.99 0.259000   3.863 0.000  1.068 0.000  2.782 0.000 0.028 0.000 0.201 0.000
279.333333 280.333333   3.48 0.000  0.78 0.000 9.999 0.259000  0.41 0.000 0.069 0.000  0.831 0.000  1.496 0.000 99.99 0.259000   3.992 0.000  1.227 0.000  2.751 0.000 0.027 0.000 0.159 0.000
282.333333 283.333333   1.04 0.000  0.81 0.000 0.005 0.000000  0.40 0.000 0.035 0.000  0.744 0.000  1.338 0.000 99.99 0.259000   3.018 0.000  1.028 0.000  1.979 0.000 0.020 0.000 0.087 0.000
285.333333 286.333333   3.89 0.000  0.41 0.000 0.012 0.000000  0.42 0.000 0.057 0.000  1.208 0.000  2.174 0.000 99.99 0.259000   4.682 0.000  1.389 0.000  3.278 0.000 0.030 0.000 0.143 0.000
288.333333 289.333333   0.68 0.000  0.36 0.000 0.005 0.000000  0.25 0.000 0.017 0.000  0.537 0.000  0.966 0.000 99.99 0.259000   2.531 0.000  0.904 0.000  1.617 0.000 0.016 0.000 0.076 0.000
291.333333 292.333333   3.08 0.000  0.59 0.000 0.005 0.000000  0.45 0.000 0.099 0.000  1.198 0.000  2.156 0.000 99.99 0.259000   4.148 0.000  0.895 0.000  3.241 0.000 0.022 0.000 0.171 0.000
294.333333 295.333333  17.14 0.000  2.45 0.000 9.999 0.259000  0.73 0.000 0.076 0.000  2.268 0.000  4.082 0.000 99.99 0.259000   8.663 0.000  2.936 0.000  5.693 0.000 0.049 0.000 0.208 0.000
297.333333 298.333333   6.78 0.000  0.74 0.000 0.006 0.000000  0.35 0.000 0.077 0.000  2.557 0.000  4.602 0.000 99.99 0.259000   7.341 0.000  1.713 0.000  5.638 0.000 0.051 0.000 0.216 0.000
300.333333 301.333333   1.70 0.000  0.26 0.000 9.999 0.259000  0.31 0.000 0.040 0.000  0.737 0.000  1.326 0.000  3.37 0.000000   2.451 0.000  0.529 0.000  1.916 0.000 0.015 0.000 0.043 0.000
303.333333 304.333333   2.57 0.000  0.21 0.000 0.015 0.000000  0.23 0.000 0.024 0.000  0.190 0.000  0.342 0.000 99.99 0.259000   2.657 0.000  1.018 0.000  1.627 0.000 0.015 0.000 0.072 0.000
306.333333 307.333333   0.84 0.000  0.21 0.000 9.999 0.259000 99.99 0.259 0.012 0.000  0.300 0.000  0.541 0.000 99.99 0.259000   1.213 0.000  0.357 0.000  0.852 0.000 0.014 0.000 0.034 0.000
309.333333 310.333333   1.29 0.000  0.21 0.000 9.999 0.259000  0.18 0.000 0.020 0.000  0.133 0.000  0.240 0.000 99.99 0.259000   1.295 0.000  0.338 0.000  0.953 0.000 0.009 0.000 0.067 0.000
312.333333 313.333333  15.83 0.000  1.59 0.000 9.999 0.259000 99.99 0.259 0.020 0.000  0.858 0.000  1.544 0.000 99.99 0.259000   4.636 0.000  1.004 0.000  3.620 0.000 0.039 0.000 0.338 0.000
315.333333 316.333333   0.23 0.000  0.22 0.000 0.011 0.000000 99.99 0.259 0.009 0.000  0.132 0.000  0.238 0.000 99.99 0.259000   0.915 0.000  0.191 0.000  0.722 0.000 0.006 0.000 0.022 0.000
318.333333 319.333333   6.43 0.000  0.73 0.000 9.999 0.259000  0.31 0.000 0.072 0.000  0.931 0.559  1.675 0.559 99.99 0.259000   3.370 0.000  0.895 0.000  2.482 0.000 0.022 0.000 0.123 0.000
321.333333 322.333333   6.34 0.000  0.72 0.000 0.005 0.000000  0.25 0.000 0.122 0.000  0.793 0.559  1.428 0.559 99.99 0.259000   3.126 0.000  0.959 0.000  2.157 0.000 0.016 0.000 0.125 0.000
324.333333 325.333333   7.32 0.000  0.37 0.000 9.999 0.259000 99.99 0.259 0.006 0.000  0.564 0.559  1.014 0.559 99.99 0.259000   2.286 0.000  0.764 0.000  1.514 0.000 0.009 0.000 0.080 0.000
327.333333 328.333333   7.52 0.000  0.67 0.000 0.004 0.000000  0.22 0.000 0.017 0.000  0.962 0.000  1.732 0.000 99.99 0.259000   3.410 0.000  0.796 0.000  2.605 0.000 0.020 0.000 0.091 0.000
330.333333 331.333333   1.86 0.000  0.36 0.000 9.999 0.259000  0.19 0.000 0.038 0.000  0.540 0.000  0.972 0.000 99.99 0.259000   3.396 0.000  1.527 0.000  1.851 0.000 0.014 0.000 0.091 0.000
333.333333 334.333333   1.19 0.000  0.20 0.000 0.010 0.000000  0.25 0.000 0.024 0.000  0.529 0.000  0.953 0.000 99.99 0.259000   2.217 0.000  0.523 0.000  1.689 0.000 0.016 0.000 0.100 0.000
336.333333 337.333333   1.23 0.000  0.37 0.000 0.004 0.000000  0.22 0.000 0.021 0.000  0.497 0.000  0.894 0.000 99.99 0.259000   1.803 0.000  0.507 0.000  1.290 0.000 0.011 0.000 0.121 0.000
339.333333 340.333333   3.56 0.000  0.86 0.000 9.999 0.259000  0.62 0.000 0.059 0.000  0.716 0.000  1.289 0.000 99.99 0.259000   2.951 0.000  0.159 0.000  2.789 0.000 0.018 0.000 0.276 0.000
342.333333 343.333333   8.09 0.000  1.63 0.000 9.999 0.259000  0.79 0.000 0.151 0.000  1.500 0.000  2.700 0.000 99.99 0.259000   4.728 0.000  0.518 0.000  4.204 0.000 0.034 0.000 0.227 0.000
345.333333 346.333333   5.63 0.000  0.87 0.000 0.015 0.000000  0.74 0.000 0.071 0.000  0.833 0.000  1.499 0.000 99.99 0.259000   3.973 0.000  0.917 0.000  3.045 0.000 0.024 0.000 0.214 0.000
348.333333 349.333333  18.35 0.000  1.19 0.000 9.999 0.259000  0.48 0.000 0.159 0.000  1.246 0.000  2.243 0.000 99.99 0.259000   4.593 0.000  0.936 0.000  3.647 0.000 0.023 0.000 0.164 0.000
351.333333 352.333333   7.66 0.000  0.29 0.000 0.004 0.000000  0.09 0.000 0.016 0.000  0.321 0.000  0.577 0.000 99.99 0.259000   3.858 0.000  2.396 0.000  1.437 0.000 0.008 0.000 0.126 0.000
354.333333 355.333333   1.19 0.000  0.13 0.000 0.003 0.000000 99.99 0.259 0.006 0.000  0.136 0.000  0.244 0.000 99.99 0.259000   0.415 0.000  0.128 0.000  0.285 0.000 0.002 0.000 0.007 0.000
357.333333 358.333333   0.55 0.000  0.12 0.000 9.999 0.259000 99.99 0.259 0.005 0.000  0.166 0.000  0.299 0.000 99.99 0.259000   0.498 0.000  0.162 0.000  0.334 0.000 0.002 0.000 0.012 0.000
360.333333 361.333333   0.74 0.000  0.14 0.000 0.015 0.000000  0.11 0.000 0.021 0.000  0.063 0.000  0.114 0.000 99.99 0.259000   1.707 0.000  0.634 0.000  1.066 0.000 0.007 0.000 0.027 0.000
363.333333 364.333333   0.51 0.000  0.20 0.000 9.999 0.259000  0.06 0.000 0.004 0.000  0.081 0.000  0.146 0.000 99.99 0.259000   0.374 0.000  0.183 0.000  0.189 0.000 0.002 0.000 0.004 0.000
