scripts/IMPROVE-2019_partial/data/US9030R.20060102090000.20191216000000.filterpack..pm25.52w.1w.US03L_filterpack_US9030.US03L_IMPROVE_Davis.lev2.nas
64 1001
MISSING INFORMATION
US03L, IMPROVE, , , , , , , 
MISSING INFORMATION
IMPROVE sel_HTAP
1 1
2006 01 01 2019 12 16
3.000
days from file reference point
25
1 1 1 1 1 1 1 1 1 1 1 1 1 1 1 1 1 1 1 1 1 1 1 1 1
999.999 9999.99 9.999 99.99 9.999 9.999 9.999 9.99 9.999999 9.999 9.999 99.999 9.999 99.999 9.999 999.999 9.999 999.999 9.999 999.999 9.999 9.999 9.999 99.999 9.999
end_time of measurement, days from the file reference point
iron, ng/m3, Revision date=20181210133000
numflag iron, no unit, Revision date=20181210133000
lead, ng/m3, Revision date=20181210133000
numflag lead, no unit, Revision date=20181210133000
magnesium, ug/m3, Revision date=20181210133000
numflag magnesium, no unit, Revision date=20181210133000
nickel, ng/m3, Revision date=20181210133000
numflag nickel, no unit, Revision date=20181210133000
nitrate, ug N/m3, Revision date=20181210133000
numflag nitrate, no unit, Revision date=20181210133000
organic_carbon, ug C/m3, Revision date=20181210133000
numflag organic_carbon, no unit, Revision date=20181210133000
organic_mass, ug/m3, Revision date=20181210133000
numflag organic_mass, no unit, Revision date=20181210133000
pm10_mass, ug/m3, Version=2, Version description=Data extracted from http://views.cira.colostate.edu/fed/DataWizard 2019-12-16, Sample duration=1d, Orig. time res.=3d, Matrix=pm10, Blank correction=Blank corrected, Volume std. temperature=ambient, Volume std. pressure=ambient
numflag pm10_mass, no unit, Version=2, Version description=Data extracted from http://views.cira.colostate.edu/fed/DataWizard 2019-12-16, Sample duration=1d, Orig. time res.=3d, Matrix=pm10, Blank correction=Blank corrected, Volume std. temperature=ambient, Volume std. pressure=ambient
pm10_pm25_mass, ug/m3, Revision date=20181210133000, Matrix=pm10_pm25
numflag pm10_pm25_mass, no unit, Revision date=20181210133000, Matrix=pm10_pm25
pm25_mass, ug/m3, Version=2, Version description=Data extracted from http://views.cira.colostate.edu/fed/DataWizard 2019-12-16, Sample duration=1d, Orig. time res.=3d, Blank correction=Blank corrected, Volume std. temperature=ambient, Volume std. pressure=ambient
numflag pm25_mass, no unit, Version=2, Version description=Data extracted from http://views.cira.colostate.edu/fed/DataWizard 2019-12-16, Sample duration=1d, Orig. time res.=3d, Blank correction=Blank corrected, Volume std. temperature=ambient, Volume std. pressure=ambient
potassium, ug/m3, Revision date=20181210133000
numflag potassium, no unit, Revision date=20181210133000
sulphate_total, ug S/m3, Revision date=20181210133000
numflag sulphate_total, no unit, Revision date=20181210133000
0
25
Data definition:              EBAS_1.1
Set type code:                TU
Timezone:                     UTC
File name:                    US9030R.20060102090000.20191216000000.filterpack..pm25.52w.1w.US03L_filterpack_US9030.US03L_IMPROVE_Davis.lev2.nas
File creation:                20191218120712
Startdate:                    20060102090000
Revision date:                20191216000000
Statistics:                   arithmetic mean
Data level:                   2
Period code:                  52w
Resolution code:              1w
Station code:                 US9030R
Platform code:                US9030S
Station name:                 Simeonof
Station latitude:             55.3255
Station longitude:            -160.5063
Station altitude:             57.0 m
Regime:                       IMG
Component:                    
Matrix:                       pm25
Laboratory code:              US03L
Instrument type:              filterpack
Instrument name:              filterpack_US9030
Method ref:                   US03L_IMPROVE_Davis
starttime endtime Fe flag_Fe Pb flag_Pb Mg++ flag_Mg++ Ni flag_Ni NO3- flag_NO3- OC flag_OC OM flag_OM PM10 flag_PM10 PM10-PM2.5 flag_PM10-PM2.5 PM2.5 flag_PM2.5 K+ flag_K+ SO4-- flag_SO4--
[from data line 93]
280.375 281.375    0.63 0.000  0.12 0.000 0.017 0.000 9.99 0.259000 0.005 0.000  0.174 0.000  0.313 0.000   5.326 0.000   3.867 0.000   1.459 0.000 0.008 0.000  0.056 0.000
283.375 284.375    4.50 0.000  0.39 0.000 0.045 0.000 0.17 0.000000 0.029 0.000  0.228 0.000  0.411 0.000  14.646 0.000  10.751 0.000   3.895 0.000 0.028 0.000  0.222 0.000
286.375 287.375   13.40 0.000  1.01 0.000 0.033 0.000 0.14 0.000000 0.042 0.000  0.259 0.000  0.465 0.000   9.738 0.000   5.188 0.000   4.550 0.000 0.049 0.000  0.408 0.000
289.375 290.375    2.75 0.000  0.17 0.000 0.084 0.000 0.07 0.000000 0.029 0.000 99.999 0.259 99.999 0.259  10.024 0.000   6.186 0.000   3.838 0.000 0.029 0.000  0.153 0.000
292.375 293.375    2.55 0.000  0.16 0.000 0.182 0.000 9.99 0.259000 0.019 0.000 99.999 0.259 99.999 0.259  14.726 0.000   9.880 0.000   4.846 0.000 0.039 0.000  0.206 0.000
295.375 296.375    0.53 0.000  0.12 0.000 0.056 0.000 9.99 0.259000 0.010 0.000 99.999 0.259 99.999 0.259   5.582 0.000   3.701 0.000   1.881 0.000 0.014 0.000  0.086 0.000
298.375 299.375    0.79 0.000  0.12 0.000 9.999 0.259 9.99 0.259000 0.005 0.000 99.999 0.259 99.999 0.259   5.681 0.000   4.060 0.000   1.621 0.000 0.011 0.000  0.063 0.000
301.375 302.375    0.48 0.000  0.69 0.000 0.037 0.000 9.99 0.259000 0.014 0.000 99.999 0.259 99.999 0.259   4.706 0.000   2.695 0.000   2.011 0.000 0.012 0.000  0.164 0.000
304.375 305.375 9999.99 0.456 99.99 0.456 9.999 0.456 9.99 0.456000 0.001 0.000  0.236 0.000  0.424 0.000   5.398 0.000 999.999 0.456 999.999 0.456 9.999 0.456  0.027 0.000
307.375 308.375    3.72 0.000  0.52 0.000 0.012 0.000 9.99 0.259000 0.011 0.000  0.142 0.000  0.255 0.000   4.847 0.000   2.651 0.000   2.196 0.000 0.013 0.000  0.170 0.000
310.375 311.375    1.00 0.000  0.19 0.000 0.043 0.000 9.99 0.259000 0.004 0.000  0.025 0.000  0.044 0.000   6.723 0.000   4.649 0.000   2.074 0.000 0.013 0.000  0.097 0.000
313.375 314.375    2.53 0.000  0.12 0.000 0.027 0.000 9.99 0.259000 0.005 0.000 99.999 0.259 99.999 0.259  18.203 0.000  16.681 0.000   1.522 0.000 0.011 0.000  0.083 0.000
316.375 317.375    2.40 0.000  0.49 0.000 0.128 0.000 9.99 0.259000 0.011 0.000  0.039 0.000  0.069 0.000  13.345 0.000   9.171 0.000   4.175 0.000 0.032 0.000  0.208 0.000
319.375 320.375    4.77 0.000  0.12 0.000 0.071 0.000 9.99 0.259000 0.010 0.000  0.079 0.000  0.142 0.000  16.887 0.000  13.713 0.000   3.174 0.000 0.022 0.000  0.135 0.000
322.375 323.375   11.04 0.000  0.37 0.000 0.103 0.000 9.99 0.259000 0.015 0.000  0.142 0.000  0.255 0.000  15.512 0.000  10.354 0.000   5.158 0.000 0.034 0.000  0.236 0.000
325.375 326.375    2.98 0.000  0.56 0.000 0.038 0.000 0.29 0.000000 0.072 0.000  0.075 0.000  0.134 0.000  20.062 0.000  17.285 0.000   2.777 0.000 0.018 0.000  0.346 0.000
328.375 329.375    2.83 0.000  0.10 0.000 0.045 0.000 9.99 0.259000 0.007 0.000 99.999 0.259 99.999 0.259   6.080 0.000   4.320 0.000   1.760 0.000 0.014 0.000  0.115 0.000
331.375 332.375    2.84 0.000  0.25 0.000 9.999 0.259 9.99 0.259000 0.007 0.000 99.999 0.259 99.999 0.259   2.427 0.000   1.857 0.000   0.571 0.000 0.004 0.000  0.090 0.000
334.375 335.375    3.18 0.000  0.80 0.000 0.072 0.000 9.99 0.259000 0.014 0.000  0.202 0.000  0.363 0.000   8.354 0.000   5.516 0.000   2.838 0.000 0.027 0.000  0.159 0.000
337.375 338.375    1.58 0.000  1.96 0.000 9.999 0.259 9.99 0.259000 0.015 0.000  0.020 0.000  0.035 0.000   3.351 0.000   2.094 0.000   1.257 0.000 0.010 0.000  0.184 0.000
340.375 341.375    0.44 0.000  0.10 0.000 0.064 0.000 9.99 0.259000 0.009 0.000 99.999 0.259 99.999 0.259 999.999 0.456 999.999 0.999   1.859 0.000 0.012 0.000  0.128 0.000
343.375 344.375    0.56 0.000  0.06 0.000 9.999 0.259 9.99 0.259000 0.005 0.000 99.999 0.259 99.999 0.259 999.999 0.456 999.999 0.999   1.092 0.000 0.005 0.000  0.086 0.000
346.375 347.375    1.65 0.000  0.43 0.000 9.999 0.259 0.20 0.000000 0.004 0.000  0.072 0.000  0.130 0.000 999.999 0.456 999.999 0.999   1.274 0.000 0.008 0.000  0.102 0.000
349.375 350.375    6.17 0.000  0.51 0.000 0.101 0.000 9.99 0.259000 0.017 0.000  0.030 0.000  0.054 0.000 999.999 0.456 999.999 0.999   4.305 0.000 0.036 0.000  0.306 0.000
352.375 353.375    2.41 0.000  0.24 0.000 0.034 0.000 9.99 0.259000 0.010 0.000 99.999 0.259 99.999 0.259 999.999 0.456 999.999 0.999   1.703 0.000 0.011 0.000  0.103 0.000
355.375 356.375    0.89 0.000  0.08 0.000 9.999 0.259 9.99 0.259000 0.003 0.000  0.080 0.000  0.144 0.000 999.999 0.456 999.999 0.999   1.109 0.000 0.001 0.000  0.027 0.000
358.375 359.375    0.39 0.000  0.13 0.000 0.031 0.000 9.99 0.259000 0.007 0.000  0.105 0.000  0.188 0.000 999.999 0.456 999.999 0.999   1.232 0.000 0.004 0.000  0.066 0.000
361.375 362.375    0.55 0.000  0.06 0.000 0.148 0.000 9.99 0.259000 0.005 0.000  0.150 0.000  0.270 0.000  12.914 0.000   8.797 0.000   4.117 0.000 0.032 0.000  0.128 0.000
364.375 365.375    1.49 0.000  0.42 0.000 9.999 0.259 0.09 0.000000 0.006 0.000  0.142 0.000  0.257 0.000 999.999 0.456 999.999 0.999   1.597 0.000 0.010 0.000  0.184 0.000
