scripts/IMPROVE-2019_partial/data/US9002R.20030103070000.20191216000000.filterpack..pm25.1y.1w.US03L_filterpack_US9002.US03L_IMPROVE_Davis.lev2.nas
66 1001
MISSING INFORMATION
US03L, IMPROVE, , , , , , , 
MISSING INFORMATION
IMPROVE sel_HTAP
1 1
2003 01 01 2019 12 16
3.000000
days from file reference point
27
1 1 1 1 1 1 1 1 1 1 1 1 1 1 1 1 1 1 1 1 1 1 1 1 1 1 1
999.999999 9999.99 9.999 99.99 9.999 9.999 9.999999 9.99 9.999999 9.999 9.999 99.999 9.999 999.999 9.999 99.99 9.999999 999.999 9.999 999.999 9.999 999.999 9.999 9.999 9.999 9.999 9.999
end_time of measurement, days from the file reference point
iron, ng/m3, Revision date=20181210133000
numflag iron, no unit, Revision date=20181210133000
lead, ng/m3, Revision date=20181210133000
numflag lead, no unit, Revision date=20181210133000
magnesium, ug/m3, Revision date=20181210133000
numflag magnesium, no unit, Revision date=20181210133000
nickel, ng/m3, Revision date=20181210133000
numflag nickel, no unit, Revision date=20181210133000
nitrate, ug N/m3, Revision date=20181210133000
numflag nitrate, no unit, Revision date=20181210133000
organic_carbon, ug C/m3, Revision date=20181210133000
numflag organic_carbon, no unit, Revision date=20181210133000
organic_mass, ug/m3, Revision date=20181210133000
numflag organic_mass, no unit, Revision date=20181210133000
phosphorus, ng/m3, Revision date=20181210133000
numflag phosphorus, no unit, Revision date=20181210133000
pm10_mass, ug/m3, Version=2, Version description=Data extracted from http://views.cira.colostate.edu/fed/DataWizard 2019-12-16, Sample duration=1d, Orig. time res.=3d, Matrix=pm10, Blank correction=Blank corrected, Volume std. temperature=ambient, Volume std. pressure=ambient
numflag pm10_mass, no unit, Version=2, Version description=Data extracted from http://views.cira.colostate.edu/fed/DataWizard 2019-12-16, Sample duration=1d, Orig. time res.=3d, Matrix=pm10, Blank correction=Blank corrected, Volume std. temperature=ambient, Volume std. pressure=ambient
pm10_pm25_mass, ug/m3, Revision date=20181210133000, Matrix=pm10_pm25
numflag pm10_pm25_mass, no unit, Revision date=20181210133000, Matrix=pm10_pm25
pm25_mass, ug/m3, Version=2, Version description=Data extracted from http://views.cira.colostate.edu/fed/DataWizard 2019-12-16, Sample duration=1d, Orig. time res.=3d, Blank correction=Blank corrected, Volume std. temperature=ambient, Volume std. pressure=ambient
numflag pm25_mass, no unit, Version=2, Version description=Data extracted from http://views.cira.colostate.edu/fed/DataWizard 2019-12-16, Sample duration=1d, Orig. time res.=3d, Blank correction=Blank corrected, Volume std. temperature=ambient, Volume std. pressure=ambient
potassium, ug/m3, Revision date=20181210133000
numflag potassium, no unit, Revision date=20181210133000
sulphate_total, ug S/m3, Revision date=20181210133000
numflag sulphate_total, no unit, Revision date=20181210133000
0
25
Data definition:              EBAS_1.1
Set type code:                TU
Timezone:                     UTC
File name:                    US9002R.20030103070000.20191216000000.filterpack..pm25.1y.1w.US03L_filterpack_US9002.US03L_IMPROVE_Davis.lev2.nas
File creation:                20191218120521
Startdate:                    20030103070000
Revision date:                20191216000000
Statistics:                   arithmetic mean
Data level:                   2
Period code:                  1y
Resolution code:              1w
Station code:                 US9002R
Platform code:                US9002S
Station name:                 Mount Zirkel Wilderness
Station latitude:             40.5383
Station longitude:            -106.6766
Station altitude:             3243.0 m
Regime:                       IMG
Component:                    
Matrix:                       pm25
Laboratory code:              US03L
Instrument type:              filterpack
Instrument name:              filterpack_US9002
Method ref:                   US03L_IMPROVE_Davis
starttime endtime Fe flag_Fe Pb flag_Pb Mg++ flag_Mg++ Ni flag_Ni NO3- flag_NO3- OC flag_OC OM flag_OM P flag_P PM10 flag_PM10 PM10-PM2.5 flag_PM10-PM2.5 PM2.5 flag_PM2.5 K+ flag_K+ SO4-- flag_SO4--
[from data line 82]
248.291667 249.291667    6.91 0.000  0.25 0.000 9.999 0.259000 9.99 0.259000 0.023 0.000  0.935 0.000   1.308 0.000 99.99 0.259000   3.430 0.000   0.752 0.000   2.678 0.000 0.009 0.000 0.173 0.000
251.291667 252.291667   12.79 0.000  0.29 0.000 9.999 0.259000 9.99 0.259000 0.016 0.000  0.394 0.000   0.551 0.000 99.99 0.259000   3.512 0.000   1.639 0.000   1.873 0.000 0.013 0.000 0.145 0.000
254.291667 255.291667    6.23 0.000  0.20 0.000 9.999 0.259000 9.99 0.259000 0.067 0.000  0.499 0.000   0.699 0.000 99.99 0.259000   3.012 0.000   1.315 0.000   1.698 0.000 0.005 0.000 0.104 0.000
257.291667 258.291667   18.09 0.000  0.17 0.000 9.999 0.259000 9.99 0.259000 0.011 0.000  0.729 0.000   1.020 0.000 99.99 0.259000   4.685 0.000   2.605 0.000   2.080 0.000 0.014 0.000 0.075 0.000
260.291667 261.291667    2.38 0.000  0.14 0.000 0.045 0.000000 9.99 0.259000 0.007 0.000  0.217 0.000   0.304 0.000 99.99 0.259000   2.104 0.000   1.388 0.000   0.716 0.000 0.003 0.000 0.039 0.000
263.291667 264.291667   27.54 0.000  0.55 0.000 9.999 0.259000 0.03 0.000000 0.021 0.000  0.423 0.000   0.593 0.000 99.99 0.259000   5.104 0.000   3.036 0.000   2.068 0.000 0.026 0.000 0.105 0.000
266.291667 267.291667   31.02 0.000  0.54 0.000 9.999 0.259000 9.99 0.259000 0.014 0.000  0.471 0.000   0.660 0.000 99.99 0.259000   7.277 0.000   5.178 0.000   2.099 0.000 0.022 0.000 0.101 0.000
269.291667 270.291667   41.47 0.000  0.21 0.000 9.999 0.259000 9.99 0.259000 0.015 0.000  0.896 0.000   1.254 0.000 99.99 0.259000   7.405 0.000   4.702 0.000   2.702 0.000 0.031 0.000 0.103 0.000
272.291667 273.291667   32.50 0.000  0.21 0.000 9.999 0.259000 0.04 0.000000 0.022 0.000  1.110 0.000   1.554 0.000 99.99 0.259000   7.652 0.000   4.206 0.000   3.446 0.000 0.025 0.000 0.121 0.000
275.291667 276.291667   10.68 0.000  0.16 0.000 9.999 0.259000 9.99 0.259000 0.028 0.000  1.126 0.000   1.577 0.000 99.99 0.259000   5.598 0.000   2.569 0.000   3.029 0.000 0.009 0.000 0.151 0.000
278.291667 279.291667   16.32 0.000  0.27 0.000 9.999 0.259000 9.99 0.259000 0.019 0.000  1.145 0.000   1.604 0.000 99.99 0.259000   5.815 0.000   1.974 0.000   3.841 0.000 0.033 0.000 0.230 0.000
281.291667 282.291667   19.25 0.000  0.26 0.000 9.999 0.259000 0.05 0.000000 0.014 0.000  0.667 0.000   0.934 0.000 99.99 0.259000   5.323 0.000   2.703 0.000   2.619 0.000 0.015 0.000 0.162 0.000
284.291667 285.291667   31.25 0.000  0.28 0.000 0.032 0.000000 0.04 0.000000 0.013 0.000  0.261 0.000   0.365 0.000 99.99 0.259000   6.526 0.000   4.649 0.000   1.877 0.000 0.019 0.000 0.065 0.000
287.291667 288.291667   27.97 0.000  0.50 0.000 9.999 0.259000 9.99 0.259000 0.013 0.000  0.088 0.000   0.124 0.000 99.99 0.259000   5.808 0.000   3.931 0.000   1.877 0.000 0.018 0.000 0.099 0.000
290.291667 291.291667   44.09 0.000  0.30 0.000 9.999 0.259000 0.04 0.000000 0.013 0.000  0.277 0.000   0.388 0.000 99.99 0.259000   6.317 0.000   3.970 0.000   2.347 0.000 0.026 0.000 0.115 0.000
293.291667 294.291667   37.41 0.000  0.46 0.000 0.025 0.000000 0.06 0.000000 0.019 0.000  0.564 0.000   0.789 0.000 99.99 0.259000   6.510 0.000   3.691 0.000   2.820 0.000 0.025 0.000 0.131 0.000
296.291667 297.291667   76.71 0.000  0.42 0.000 9.999 0.259000 9.99 0.259000 0.026 0.559  0.471 0.000   0.660 0.000 99.99 0.259000  13.084 0.000   9.580 0.000   3.505 0.000 0.054 0.000 0.100 0.559
299.291667 300.291667   55.99 0.000  0.21 0.000 9.999 0.259000 9.99 0.259000 0.015 0.000  0.325 0.000   0.455 0.000 99.99 0.259000  10.690 0.000   8.354 0.000   2.336 0.000 0.031 0.000 0.042 0.000
302.291667 303.291667  117.51 0.699  1.89 0.699 9.999 0.699259 9.99 0.699259 0.423 0.559  9.050 0.000  12.669 0.000 99.99 0.699259  42.774 0.000  20.669 0.000  22.105 0.699 0.351 0.699 0.233 0.559
305.291667 306.291667    3.06 0.000  0.24 0.000 9.999 0.259000 9.99 0.259000 0.051 0.000  0.573 0.000   0.802 0.000 99.99 0.259000   2.244 0.000   0.476 0.000   1.768 0.000 0.043 0.000 0.079 0.000
308.291667 309.291667    1.77 0.000  0.14 0.000 9.999 0.259000 0.09 0.000000 0.048 0.559  0.335 0.000   0.469 0.000 99.99 0.259000   1.832 0.000   0.346 0.000   1.486 0.000 0.004 0.000 0.134 0.559
311.291667 312.291667    4.62 0.000  0.22 0.000 9.999 0.259000 9.99 0.259000 0.060 0.559  0.367 0.000   0.514 0.000 99.99 0.259000   1.960 0.000   0.438 0.000   1.522 0.000 0.004 0.000 0.112 0.559
314.291667 315.291667    2.04 0.000  0.24 0.000 9.999 0.259000 9.99 0.259000 0.039 0.000  0.164 0.000   0.229 0.000 99.99 0.259000   1.101 0.000   0.209 0.000   0.892 0.000 0.002 0.000 0.090 0.000
317.291667 318.291667    0.70 0.000  0.09 0.000 0.035 0.000000 0.07 0.000000 0.016 0.000  0.202 0.000   0.282 0.000 99.99 0.259000   0.804 0.000   0.329 0.000   0.476 0.000 0.002 0.000 0.041 0.000
320.291667 321.291667    1.02 0.000  0.12 0.000 9.999 0.259000 9.99 0.259000 0.008 0.000  0.081 0.000   0.114 0.000 99.99 0.259000   0.634 0.000   0.204 0.000   0.430 0.000 0.002 0.000 0.037 0.000
323.291667 324.291667 9999.99 0.999 99.99 0.999 9.999 0.999000 9.99 0.999000 9.999 0.999 99.999 0.999 999.999 0.999 99.99 0.999000 999.999 0.999 999.999 0.999 999.999 0.999 9.999 0.999 9.999 0.999
326.291667 327.291667 9999.99 0.999 99.99 0.999 9.999 0.999000 9.99 0.999000 9.999 0.999 99.999 0.999 999.999 0.999 99.99 0.999000 999.999 0.999 999.999 0.999 999.999 0.999 9.999 0.999 9.999 0.999
329.291667 330.291667    4.25 0.000  0.40 0.000 9.999 0.259000 0.05 0.000000 0.032 0.000  0.173 0.000   0.242 0.000 99.99 0.259000   1.243 0.000   0.224 0.000   1.019 0.000 0.005 0.000 0.110 0.000
332.291667 333.291667    8.09 0.000  0.71 0.000 9.999 0.259000 0.04 0.000000 0.007 0.000  0.195 0.000   0.272 0.000 99.99 0.259000   1.482 0.000   0.552 0.000   0.930 0.000 0.009 0.000 0.089 0.000
335.291667 336.291667    8.57 0.000  0.32 0.000 9.999 0.259000 9.99 0.259000 0.038 0.000  0.373 0.000   0.522 0.000 99.99 0.259000   2.571 0.000   1.384 0.000   1.187 0.000 0.007 0.000 0.079 0.000
338.291667 339.291667    3.55 0.000  0.20 0.000 9.999 0.259000 0.06 0.000000 0.002 0.000  0.037 0.000   0.052 0.000 99.99 0.259000   2.273 0.000   1.965 0.000   0.307 0.000 0.003 0.000 0.019 0.000
341.291667 342.291667    0.78 0.000  0.12 0.000 0.034 0.000000 0.05 0.000000 0.001 0.000 99.999 0.259 999.999 0.259  2.32 0.000000   0.426 0.000   0.146 0.000   0.280 0.000 0.002 0.000 0.032 0.000
344.291667 345.291667    4.19 0.000 99.99 0.259 9.999 0.259000 0.07 0.000000 0.076 0.559  0.322 0.000   0.450 0.000 99.99 0.259000   1.941 0.000   0.967 0.000   0.974 0.000 0.005 0.000 0.081 0.559
347.291667 348.291667    1.97 0.000  0.70 0.000 9.999 0.259000 9.99 0.259000 0.008 0.000  0.213 0.000   0.298 0.000 99.99 0.259000   0.554 0.000   0.058 0.000   0.496 0.000 0.003 0.000 0.030 0.000
350.291667 351.291667    2.04 0.000  0.13 0.000 9.999 0.259000 0.06 0.000000 0.002 0.000  0.052 0.000   0.073 0.000 99.99 0.259000   1.372 0.000   1.064 0.000   0.307 0.000 0.002 0.000 0.015 0.000
353.291667 354.291667    2.87 0.000  0.22 0.000 9.999 0.259000 0.09 0.000000 0.003 0.000  0.196 0.000   0.275 0.000 99.99 0.259000   0.720 0.000   0.317 0.000   0.403 0.000 0.003 0.000 0.017 0.000
356.291667 357.291667   14.60 0.000  0.15 0.000 9.999 0.259000 0.07 0.000000 0.010 0.000  0.161 0.000   0.226 0.000 99.99 0.259000   1.422 0.000   0.681 0.000   0.741 0.000 0.011 0.000 0.045 0.000
359.291667 360.291667    2.51 0.000  0.17 0.000 9.999 0.259000 9.99 0.259000 0.003 0.000  0.247 0.000   0.345 0.000 99.99 0.259000   5.538 0.000   5.036 0.000   0.503 0.000 0.003 0.000 0.023 0.000
362.291667 363.291667    2.23 0.000  0.18 0.000 9.999 0.259000 0.06 0.000000 0.005 0.000  0.064 0.000   0.090 0.000 99.99 0.259000   0.518 0.000   0.115 0.000   0.403 0.000 0.003 0.000 0.035 0.000
