scripts/IMPROVE-2019_partial/data/US9003R.20030103050000.20191216000000.filterpack..pm25.1y.1w.US03L_filterpack_US9003.US03L_IMPROVE_Davis.lev2.nas
64 1001
MISSING INFORMATION
US03L, IMPROVE, , , , , , , 
MISSING INFORMATION
IMPROVE sel_HTAP
1 1
2003 01 01 2019 12 16
3.000000
days from file reference point
25
1 1 1 1 1 1 1 1 1 1 1 1 1 1 1 1 1 1 1 1 1 1 1 1 1
999.999999 9999.99 9.999 99.99 9.999 9.999 9.999999 99.99 9.999 9.999 9.999 99.999 9.999 99.999 9.999 999.999 9.999 99.999 9.999 999.999 9.999 9.999 9.999 99.999 9.999
end_time of measurement, days from the file reference point
iron, ng/m3, Revision date=20181210133000
numflag iron, no unit, Revision date=20181210133000
lead, ng/m3, Revision date=20181210133000
numflag lead, no unit, Revision date=20181210133000
magnesium, ug/m3, Revision date=20181210133000
numflag magnesium, no unit, Revision date=20181210133000
nickel, ng/m3, Revision date=20181210133000
numflag nickel, no unit, Revision date=20181210133000
nitrate, ug N/m3, Revision date=20181210133000
numflag nitrate, no unit, Revision date=20181210133000
organic_carbon, ug C/m3, Revision date=20181210133000
numflag organic_carbon, no unit, Revision date=20181210133000
organic_mass, ug/m3, Revision date=20181210133000
numflag organic_mass, no unit, Revision date=20181210133000
pm10_mass, ug/m3, Version=2, Version description=Data extracted from http://views.cira.colostate.edu/fed/DataWizard 2019-12-16, Sample duration=1d, Orig. time res.=3d, Matrix=pm10, Blank correction=Blank corrected, Volume std. temperature=ambient, Volume std. pressure=ambient
numflag pm10_mass, no unit, Version=2, Version description=Data extracted from http://views.cira.colostate.edu/fed/DataWizard 2019-12-16, Sample duration=1d, Orig. time res.=3d, Matrix=pm10, Blank correction=Blank corrected, Volume std. temperature=ambient, Volume std. pressure=ambient
pm10_pm25_mass, ug/m3, Revision date=20181210133000, Matrix=pm10_pm25
numflag pm10_pm25_mass, no unit, Revision date=20181210133000, Matrix=pm10_pm25
pm25_mass, ug/m3, Version=2, Version description=Data extracted from http://views.cira.colostate.edu/fed/DataWizard 2019-12-16, Sample duration=1d, Orig. time res.=3d, Blank correction=Blank corrected, Volume std. temperature=ambient, Volume std. pressure=ambient
numflag pm25_mass, no unit, Version=2, Version description=Data extracted from http://views.cira.colostate.edu/fed/DataWizard 2019-12-16, Sample duration=1d, Orig. time res.=3d, Blank correction=Blank corrected, Volume std. temperature=ambient, Volume std. pressure=ambient
potassium, ug/m3, Revision date=20181210133000
numflag potassium, no unit, Revision date=20181210133000
sulphate_total, ug S/m3, Revision date=20181210133000
numflag sulphate_total, no unit, Revision date=20181210133000
0
25
Data definition:              EBAS_1.1
Set type code:                TU
Timezone:                     UTC
File name:                    US9003R.20030103050000.20191216000000.filterpack..pm25.1y.1w.US03L_filterpack_US9003.US03L_IMPROVE_Davis.lev2.nas
File creation:                20191218120525
Startdate:                    20030103050000
Revision date:                20191216000000
Statistics:                   arithmetic mean
Data level:                   2
Period code:                  1y
Resolution code:              1w
Station code:                 US9003R
Platform code:                US9003S
Station name:                 Mohawk Mt.
Station latitude:             41.8214
Station longitude:            -73.2973
Station altitude:             521.0 m
Regime:                       IMG
Component:                    
Matrix:                       pm25
Laboratory code:              US03L
Instrument type:              filterpack
Instrument name:              filterpack_US9003
Method ref:                   US03L_IMPROVE_Davis
starttime endtime Fe flag_Fe Pb flag_Pb Mg++ flag_Mg++ Ni flag_Ni NO3- flag_NO3- OC flag_OC OM flag_OM PM10 flag_PM10 PM10-PM2.5 flag_PM10-PM2.5 PM2.5 flag_PM2.5 K+ flag_K+ SO4-- flag_SO4--
  2.208333   3.208333   13.44 0.000  0.81 0.000 9.999 0.259000  0.65 0.000 0.095 0.000  0.548 0.000  0.767 0.000   3.950 0.000  0.494 0.000   3.457 0.000 0.028 0.000  0.326 0.000
  5.208333   6.208333   20.95 0.000  1.84 0.000 0.039 0.000000  2.02 0.000 0.161 0.000  1.561 0.000  2.185 0.000   7.693 0.000 99.999 0.259   7.981 0.000 0.037 0.000  1.078 0.000
  8.208333   9.208333   38.73 0.000  2.19 0.000 9.999 0.259000  1.03 0.000 0.210 0.559  0.876 0.000  1.227 0.000   5.471 0.000  0.247 0.000   5.224 0.000 0.034 0.000  0.649 0.559
 11.208333  12.208333   17.50 0.000  1.83 0.000 9.999 0.259000  0.49 0.000 0.137 0.000  0.549 0.000  0.768 0.000   4.381 0.000  1.336 0.000   3.045 0.000 0.021 0.000  0.431 0.000
 14.208333  15.208333   30.31 0.000  1.16 0.000 9.999 0.259000  0.79 0.000 0.172 0.559  0.938 0.000  1.313 0.000   5.355 0.000  1.422 0.000   3.933 0.000 0.031 0.000  0.445 0.559
 17.208333  18.208333   24.78 0.000  1.30 0.000 9.999 0.259000  0.76 0.000 0.231 0.000  0.729 0.000  1.021 0.000   7.154 0.000  3.172 0.000   3.982 0.000 0.041 0.000  0.350 0.000
 20.208333  21.208333   13.72 0.000  1.22 0.000 9.999 0.259000  0.38 0.000 0.087 0.000  0.443 0.000  0.621 0.000   3.762 0.000  1.111 0.000   2.651 0.000 0.021 0.000  0.347 0.000
 23.208333  24.208333   24.04 0.000  1.40 0.000 9.999 0.259000  0.55 0.000 0.136 0.000  0.449 0.000  0.629 0.000   3.430 0.000  0.529 0.000   2.901 0.000 0.038 0.000  0.212 0.000
 26.208333  27.208333   25.48 0.000  1.16 0.000 9.999 0.259000  0.61 0.000 0.089 0.000  0.444 0.000  0.622 0.000   4.183 0.000  1.295 0.000   2.888 0.000 0.031 0.000  0.308 0.000
 29.208333  30.208333   47.18 0.000  3.21 0.000 9.999 0.259000  1.35 0.000 0.340 0.000  2.263 0.000  3.168 0.000  12.425 0.000  1.197 0.000  11.227 0.000 0.070 0.000  1.415 0.000
 32.208333  33.208333   38.94 0.000  1.21 0.000 0.024 0.000000  1.59 0.000 0.053 0.000  0.852 0.000  1.193 0.000   5.115 0.000 99.999 0.259   5.751 0.000 0.036 0.000  0.816 0.000
 35.208333  36.208333   23.29 0.000  0.63 0.000 9.999 0.259000  0.43 0.000 0.046 0.000  0.317 0.000  0.444 0.000   4.100 0.000  1.267 0.000   2.833 0.000 0.020 0.000  0.440 0.000
 38.208333  39.208333   30.91 0.000  1.61 0.000 9.999 0.259000  0.51 0.000 0.306 0.000  0.987 0.000  1.381 0.000   6.944 0.000  1.340 0.000   5.604 0.000 0.042 0.000  0.647 0.000
 41.208333  42.208333   23.67 0.000  1.71 0.000 9.999 0.259000  0.98 0.000 0.176 0.000  0.660 0.000  0.924 0.000   5.169 0.000  1.474 0.000   3.695 0.000 0.026 0.000  0.413 0.000
 44.208333  45.208333   31.05 0.000  1.02 0.000 0.028 0.000000  0.53 0.000 0.213 0.000  0.934 0.000  1.308 0.000   6.987 0.000  2.243 0.000   4.743 0.000 0.042 0.000  0.522 0.000
 47.208333  48.208333   31.52 0.000  1.22 0.000 9.999 0.259000  1.15 0.000 0.076 0.000  0.849 0.000  1.188 0.000   6.986 0.000  3.009 0.000   3.977 0.000 0.049 0.000  0.320 0.000
 50.208333  51.208333   46.46 0.000  3.18 0.000 9.999 0.259000  1.82 0.000 0.270 0.000  1.333 0.000  1.866 0.000  13.216 0.000  1.416 0.000  11.799 0.000 0.041 0.000  1.906 0.000
 53.208333  54.208333   31.29 0.000  1.06 0.000 9.999 0.259000  1.23 0.000 0.017 0.000  0.360 0.000  0.504 0.000   1.996 0.000 99.999 0.259   2.407 0.000 0.021 0.000  0.235 0.000
 56.208333  57.208333   41.68 0.000  2.92 0.000 9.999 0.259000  0.50 0.000 0.111 0.000  1.027 0.000  1.438 0.000   9.622 0.000  4.292 0.000   5.330 0.000 0.059 0.000  0.571 0.000
 59.208333  60.208333   99.87 0.000  4.36 0.000 9.999 0.259000  7.27 0.000 0.415 0.000  2.446 0.000  3.425 0.000  16.232 0.000  3.180 0.000  13.052 0.000 0.068 0.000  1.759 0.000
 62.208333  63.208333   60.36 0.000  3.15 0.000 9.999 0.259000  5.03 0.000 0.328 0.000  1.247 0.000  1.746 0.000  10.357 0.000  4.240 0.000   6.117 0.000 0.047 0.000  0.628 0.000
 65.208333  66.208333   39.71 0.000  1.75 0.000 9.999 0.259000  1.78 0.000 0.157 0.000  0.977 0.000  1.368 0.000   7.154 0.000  1.884 0.000   5.269 0.000 0.037 0.000  0.590 0.000
 68.208333  69.208333   30.24 0.000  2.21 0.000 0.028 0.000000  0.62 0.000 0.195 0.000  0.925 0.000  1.295 0.000   7.492 0.000  2.483 0.000   5.009 0.000 0.039 0.000  0.687 0.000
 71.208333  72.208333   47.85 0.000  1.61 0.000 9.999 0.259000  1.43 0.000 0.298 0.000  1.224 0.000  1.713 0.000   7.781 0.000 99.999 0.259   7.923 0.000 0.041 0.000  1.056 0.000
 74.208333  75.208333   77.58 0.000  4.48 0.000 9.999 0.259000  2.16 0.000 0.567 0.000  1.593 0.000  2.230 0.000  13.261 0.000  3.717 0.000   9.545 0.000 0.064 0.000  1.171 0.000
 77.208333  78.208333   39.12 0.000  1.25 0.000 9.999 0.259000  0.93 0.000 0.155 0.000  0.604 0.000  0.846 0.000   9.007 0.000  5.038 0.000   3.968 0.000 0.042 0.000  0.338 0.000
 80.208333  81.208333   32.83 0.000  1.96 0.000 9.999 0.259000  0.78 0.000 0.195 0.000  0.857 0.000  1.200 0.000   8.088 0.000  1.235 0.000   6.852 0.000 0.035 0.000  1.072 0.000
 83.208333  84.208333   58.79 0.000  2.96 0.000 9.999 0.259000  3.10 0.000 0.280 0.000  1.538 0.000  2.153 0.000  14.965 0.000  3.854 0.000  11.111 0.000 0.031 0.000  1.685 0.000
 86.208333  87.208333   56.02 0.000  1.70 0.000 9.999 0.259000  1.81 0.000 0.266 0.000  1.166 0.000  1.632 0.000  11.227 0.000  4.192 0.000   7.035 0.000 0.031 0.000  0.879 0.000
 89.208333  90.208333   15.28 0.000  1.26 0.000 9.999 0.259000  0.29 0.000 0.036 0.000  0.223 0.000  0.312 0.000   4.040 0.000  1.134 0.000   2.906 0.000 0.019 0.000  0.477 0.000
 92.208333  93.208333   27.96 0.000  2.31 0.000 9.999 0.259000  1.78 0.000 0.163 0.000  1.542 0.000  2.159 0.000   9.019 0.000 99.999 0.259   9.218 0.000 0.038 0.000  1.394 0.000
 95.208333  96.208333   14.48 0.000  1.51 0.000 9.999 0.259000  0.37 0.000 0.046 0.000  0.439 0.000  0.614 0.000   4.545 0.000  1.150 0.000   3.396 0.000 0.017 0.000  0.547 0.000
 98.208333  99.208333   17.35 0.000  0.79 0.000 9.999 0.259000  0.70 0.000 0.019 0.000  0.453 0.000  0.634 0.000   5.766 0.000  0.520 0.000   5.246 0.000 0.020 0.000  0.807 0.000
101.208333 102.208333   22.53 0.000  1.78 0.000 9.999 0.259000  0.62 0.000 0.068 0.000  0.636 0.000  0.891 0.000   4.630 0.000  1.711 0.000   2.919 0.000 0.030 0.000  0.301 0.000
104.208333 105.208333  101.41 0.000  4.19 0.000 9.999 0.259000  2.88 0.000 0.223 0.000  3.161 0.000  4.425 0.000  22.301 0.000  7.555 0.000  14.746 0.000 0.087 0.000  1.725 0.000
107.208333 108.208333   32.63 0.000  1.52 0.000 9.999 0.259000  0.48 0.000 0.174 0.000  0.711 0.000  0.996 0.000  11.983 0.000  6.760 0.000   5.223 0.000 0.041 0.000  0.494 0.000
110.208333 111.208333   39.07 0.000  1.27 0.000 9.999 0.259000  0.55 0.000 0.116 0.000  0.545 0.000  0.763 0.000   8.965 0.000  4.858 0.000   4.106 0.000 0.032 0.000  0.359 0.000
113.208333 114.208333   27.76 0.000  0.66 0.000 9.999 0.259000  0.27 0.000 0.038 0.000  0.331 0.000  0.464 0.000   3.451 0.000  1.319 0.000   2.132 0.000 0.019 0.000  0.229 0.000
116.208333 117.208333   30.98 0.000  1.55 0.000 0.016 0.000000  0.39 0.000 0.037 0.000  0.768 0.000  1.075 0.000   6.566 0.000  1.501 0.000   5.064 0.000 0.031 0.000  0.738 0.000
119.208333 120.208333   41.71 0.000  1.50 0.000 9.999 0.259000  0.92 0.000 0.051 0.000  0.859 0.000  1.203 0.000   7.744 0.000  4.287 0.000   3.457 0.000 0.030 0.000  0.304 0.000
122.208333 123.208333   30.83 0.000  1.27 0.000 9.999 0.259000  0.30 0.000 0.099 0.000  0.650 0.000  0.910 0.000   5.167 0.000  1.591 0.000   3.577 0.000 0.032 0.000  0.409 0.000
125.208333 126.208333   25.58 0.000  1.05 0.000 9.999 0.259000  0.46 0.000 0.110 0.559  0.614 0.000  0.859 0.000   4.502 0.000  0.928 0.000   3.574 0.000 0.016 0.000  0.461 0.559
128.208333 129.208333   18.07 0.000  1.18 0.000 9.999 0.259000  0.33 0.000 0.079 0.000  0.839 0.000  1.174 0.000   5.940 0.000  1.502 0.000   4.438 0.000 0.016 0.000  0.543 0.000
131.208333 132.208333   14.69 0.000  0.52 0.000 9.999 0.259000  0.36 0.000 0.025 0.000  0.677 0.000  0.948 0.000   4.117 0.000  1.570 0.000   2.547 0.000 0.007 0.000  0.403 0.000
134.208333 135.208333   16.24 0.000  1.26 0.000 9.999 0.259000  0.38 0.000 0.036 0.000  0.784 0.000  1.097 0.000   4.769 0.000  1.836 0.000   2.933 0.000 0.008 0.000  0.331 0.000
137.208333 138.208333   29.79 0.000  1.52 0.000 9.999 0.259000  0.36 0.000 0.082 0.000  1.065 0.000  1.491 0.000   7.865 0.000  3.075 0.000   4.789 0.000 0.040 0.000  0.598 0.000
140.208333 141.208333   34.36 0.000  1.65 0.000 9.999 0.259000  1.01 0.000 0.106 0.000  1.480 0.000  2.072 0.000   8.556 0.000  2.977 0.000   5.579 0.000 0.023 0.000  0.539 0.000
143.208333 144.208333    9.22 0.000  0.41 0.000 0.018 0.000000 99.99 0.259 0.033 0.000  0.174 0.000  0.243 0.000   1.033 0.000  0.173 0.000   0.861 0.000 0.003 0.000  0.133 0.000
146.208333 147.208333   21.58 0.000  0.70 0.000 9.999 0.259000  0.19 0.000 0.077 0.000  0.563 0.000  0.788 0.000   3.384 0.000  1.263 0.000   2.120 0.000 0.012 0.000  0.231 0.000
149.208333 150.208333   24.48 0.000  1.59 0.000 9.999 0.259000  0.12 0.000 0.050 0.000  2.691 0.000  3.768 0.000  12.725 0.000  3.165 0.000   9.560 0.000 0.027 0.000  0.867 0.000
152.208333 153.208333   13.40 0.000  0.95 0.000 0.055 0.000000 99.99 0.259 0.019 0.000  1.472 0.000  2.061 0.000   8.136 0.000  3.881 0.000   4.255 0.000 0.025 0.000  0.290 0.000
155.208333 156.208333    7.41 0.000  1.01 0.000 9.999 0.259000  0.33 0.000 0.063 0.000  0.756 0.000  1.059 0.000   7.271 0.000  2.070 0.000   5.201 0.000 0.011 0.000  0.830 0.000
158.208333 159.208333   11.72 0.000  2.36 0.000 9.999 0.259000  0.45 0.000 0.078 0.000  1.976 0.000  2.767 0.000  12.286 0.000  2.315 0.000   9.972 0.000 0.016 0.000  1.617 0.000
161.208333 162.208333   46.73 0.000  3.09 0.000 9.999 0.259000  3.19 0.000 0.248 0.000  2.521 0.000  3.529 0.000  23.381 0.000  4.366 0.000  19.015 0.000 0.033 0.000  3.237 0.000
164.208333 165.208333    6.86 0.000  1.53 0.000 9.999 0.259000  0.26 0.000 0.027 0.000  0.639 0.000  0.895 0.000   8.177 0.000  2.460 0.000   5.717 0.000 0.011 0.000  1.026 0.000
167.208333 168.208333   21.84 0.000  0.91 0.000 0.088 0.000000  1.16 0.000 0.128 0.000  1.141 0.000  1.597 0.000   9.592 0.000  3.147 0.000   6.445 0.000 0.012 0.000  0.944 0.000
170.208333 171.208333   17.47 0.000  1.58 0.000 9.999 0.259000  0.36 0.000 0.094 0.000  2.068 0.000  2.895 0.000  13.108 0.000  3.067 0.000  10.041 0.000 0.025 0.000  1.348 0.000
173.208333 174.208333   24.09 0.000  2.35 0.000 9.999 0.259000  0.66 0.000 0.105 0.000  3.861 0.000  5.405 0.000  12.820 0.000  2.990 0.000   9.830 0.000 0.043 0.000  0.426 0.000
176.208333 177.208333   67.64 0.000  4.68 0.000 9.999 0.259000  0.65 0.000 0.116 0.000  5.233 0.000  7.326 0.000  47.821 0.000  7.677 0.000  40.144 0.000 0.087 0.000  6.244 0.000
179.208333 180.208333   40.93 0.000  3.22 0.000 9.999 0.259000  2.72 0.000 0.181 0.000  5.494 0.000  7.692 0.000  27.034 0.000  4.781 0.000  22.252 0.000 0.092 0.000  2.316 0.000
182.208333 183.208333   31.54 0.000  1.57 0.000 0.070 0.000000  0.78 0.000 0.082 0.000  2.356 0.000  3.299 0.000  17.505 0.000  4.668 0.000  12.837 0.000 0.024 0.000  1.642 0.000
185.208333 186.208333   52.46 0.000  6.83 0.000 0.130 0.000000  0.29 0.000 0.088 0.000  2.466 0.000  3.452 0.000  30.589 0.000  3.753 0.000  26.835 0.000 0.355 0.000  4.409 0.000
188.208333 189.208333   44.50 0.000  1.99 0.000 0.202 0.000000  0.86 0.000 0.128 0.000  1.620 0.000  2.268 0.000  20.094 0.000  3.344 0.000  16.750 0.000 0.045 0.000  2.975 0.000
191.208333 192.208333   10.21 0.000  0.99 0.000 0.050 0.000000  0.44 0.000 0.115 0.000  1.101 0.000  1.541 0.000   6.821 0.000  0.662 0.000   6.159 0.000 0.012 0.000  0.739 0.000
194.208333 195.208333   16.50 0.000  1.44 0.000 9.999 0.259000  0.81 0.000 0.038 0.000  1.352 0.000  1.893 0.000  10.293 0.000  2.061 0.000   8.232 0.000 0.015 0.000  1.083 0.000
197.208333 198.208333   13.00 0.000  1.14 0.000 9.999 0.259000  0.15 0.000 0.040 0.000  0.817 0.000  1.144 0.000   6.698 0.000  2.148 0.000   4.550 0.000 0.015 0.000  0.583 0.000
200.208333 201.208333   14.72 0.000  1.61 0.000 9.999 0.259000  0.39 0.000 0.036 0.000  1.736 0.000  2.431 0.000   8.506 0.000  2.313 0.000   6.193 0.000 0.019 0.000  0.534 0.000
203.208333 204.208333   27.69 0.000  1.31 0.000 9.999 0.259000  2.29 0.000 0.308 0.000  1.759 0.000  2.463 0.000  14.998 0.000  1.925 0.000  13.074 0.000 0.027 0.000  1.974 0.000
206.208333 207.208333   26.41 0.000  2.45 0.000 0.055 0.000000  1.59 0.000 0.033 0.000  2.083 0.000  2.917 0.000  20.957 0.000  2.288 0.000  18.669 0.000 0.034 0.000  2.915 0.000
209.208333 210.208333    9.98 0.000  0.58 0.000 9.999 0.259000  0.45 0.000 0.040 0.000  2.334 0.000  3.268 0.000   8.047 0.000  2.360 0.000   5.687 0.000 0.024 0.000  0.274 0.000
212.208333 213.208333    4.83 0.000  0.75 0.000 9.999 0.259000  0.28 0.000 0.367 0.000  0.304 0.000  0.426 0.000   2.737 0.000  0.753 0.000   1.984 0.000 0.005 0.000  0.490 0.000
215.208333 216.208333   30.16 0.000  0.21 0.000 0.043 0.000000  0.63 0.000 0.399 0.000  0.431 0.000  0.604 0.000   9.862 0.000  6.495 0.000   3.367 0.000 0.019 0.000  0.582 0.000
218.208333 219.208333   32.68 0.000  0.69 0.000 9.999 0.259000  1.18 0.000 0.733 0.000  1.459 0.000  2.042 0.000  19.655 0.000  3.328 0.000  16.327 0.000 0.027 0.000  3.163 0.000
221.208333 222.208333   16.48 0.000  0.39 0.000 9.999 0.259000  1.27 0.000 0.106 0.000  0.812 0.000  1.137 0.000  10.967 0.000  4.393 0.000   6.574 0.000 0.018 0.000  0.964 0.000
224.208333 225.208333   20.52 0.000  1.64 0.000 9.999 0.259000  3.27 0.000 0.375 0.000  3.208 0.000  4.491 0.000  23.317 0.000  4.961 0.000  18.355 0.000 0.018 0.000  3.442 0.000
227.208333 228.208333   29.30 0.559  3.37 0.559 9.999 0.559259  2.54 0.559 0.037 0.000  1.814 0.000  2.539 0.000  22.823 0.000  3.563 0.000  19.261 0.559 0.040 0.559  3.025 0.000
230.208333 231.208333   30.04 0.000  1.40 0.000 9.999 0.259000  2.80 0.000 0.087 0.000  3.298 0.000  4.617 0.000  15.037 0.000  3.934 0.000  11.103 0.000 0.046 0.000  0.926 0.000
233.208333 234.208333   65.35 0.000  3.17 0.000 9.999 0.259000  7.63 0.000 0.208 0.000  4.058 0.000  5.682 0.000  40.455 0.000  4.895 0.000  35.560 0.000 0.063 0.000  6.461 0.000
236.208333 237.208333   29.43 0.000  2.97 0.000 9.999 0.259000  1.28 0.000 0.035 0.000  2.037 0.000  2.851 0.000  16.311 0.000  4.816 0.000  11.495 0.000 0.038 0.000  1.564 0.000
239.208333 240.208333   13.28 0.000  1.13 0.000 0.037 0.000000  0.20 0.000 0.016 0.000  1.152 0.000  1.613 0.000   6.652 0.000  3.255 0.000   3.396 0.000 0.017 0.000  0.113 0.000
242.208333 243.208333    5.44 0.000  3.68 0.000 9.999 0.259000  0.15 0.000 0.018 0.000  0.801 0.000  1.121 0.000   4.657 0.000  1.759 0.000   2.899 0.000 0.021 0.000  0.196 0.000
245.208333 246.208333    8.75 0.000  0.88 0.000 0.036 0.000000  0.30 0.000 0.100 0.000  1.048 0.000  1.467 0.000   7.151 0.000  2.912 0.000   4.239 0.000 0.013 0.000  0.478 0.000
248.208333 249.208333    7.07 0.000  1.57 0.000 0.028 0.000000  0.15 0.000 0.018 0.000  0.852 0.000  1.192 0.000   4.698 0.000  1.932 0.000   2.766 0.000 0.016 0.000  0.180 0.000
251.208333 252.208333   20.77 0.000  0.66 0.000 9.999 0.259000  0.63 0.000 0.062 0.000  1.245 0.000  1.743 0.000   8.545 0.000  4.098 0.000   4.447 0.000 0.019 0.000  0.298 0.000
254.208333 255.208333   28.12 0.000  1.18 0.000 9.999 0.259000  0.59 0.000 0.084 0.000  1.501 0.000  2.101 0.000   9.763 0.000  4.555 0.000   5.208 0.000 0.024 0.000  0.314 0.000
257.208333 258.208333    5.56 0.000  0.34 0.000 9.999 0.259000  0.29 0.000 0.064 0.000  0.750 0.000  1.050 0.000   5.229 0.000  2.523 0.000   2.706 0.000 0.019 0.000  0.214 0.000
260.208333 261.208333   17.13 0.000  1.01 0.000 9.999 0.259000  0.39 0.000 0.040 0.000  1.357 0.000  1.900 0.000   8.742 0.000  3.384 0.000   5.358 0.000 0.016 0.000  0.310 0.000
263.208333 264.208333    9.99 0.000  2.41 0.000 9.999 0.259000  0.19 0.000 0.027 0.000  1.194 0.000  1.671 0.000   8.905 0.000  3.464 0.000   5.441 0.000 0.024 0.000  0.575 0.000
266.208333 267.208333   19.09 0.000  1.15 0.000 0.037 0.000000  0.71 0.000 0.044 0.000  1.055 0.000  1.477 0.000   8.905 0.000  2.927 0.000   5.978 0.000 0.019 0.000  0.770 0.000
