scripts/IMPROVE-2019_partial/data/US9025U.20150103080000.20191216000000.filterpack...1y.3d.US03L_filterpack_US9025.US03L_IMPROVE_Davis.lev2.nas
52 1001
MISSING INFORMATION
US03L, IMPROVE, , , , , , , 
MISSING INFORMATION
IMPROVE sel_HTAP
1 1
2015 01 01 2019 12 16
3.000000
days from file reference point
5
1 1 1 1 1
999.999999 999.999 9.999 999.999 9.999
end_time of measurement, days from the file reference point
pm10_mass, ug/m3, Matrix=pm10
numflag pm10_mass, no unit, Matrix=pm10
pm25_mass, ug/m3, Matrix=pm25
numflag pm25_mass, no unit, Matrix=pm25
0
33
Data definition:              EBAS_1.1
Set type code:                TU
Timezone:                     UTC
File name:                    US9025U.20150103080000.20191216000000.filterpack...1y.3d.US03L_filterpack_US9025.US03L_IMPROVE_Davis.lev2.nas
File creation:                20191218120651
Startdate:                    20150103080000
Revision date:                20191216000000
Version:                      2
Version description:          "Data extracted from http://views.cira.colostate.edu/fed/DataWizard 2019-12-16"
Statistics:                   arithmetic mean
Data level:                   2
Period code:                  1y
Resolution code:              3d
Sample duration:              1d
Orig. time res.:              3d
Station code:                 US9025U
Platform code:                US9025S
Station name:                 Puget Sound
Station latitude:             47.5696
Station longitude:            -122.3119
Station altitude:             97.0 m
Regime:                       IMG
Component:                    
Unit:                         ug/m3
Matrix:                       
Laboratory code:              US03L
Instrument type:              filterpack
Instrument name:              filterpack_US9025
Method ref:                   US03L_IMPROVE_Davis
Blank correction:             Blank corrected
Volume std. temperature:      ambient
Volume std. pressure:         ambient
starttime endtime PM10 flag_PM10 PM2.5 flag_PM2.5
  2.333333   3.333333  15.760 0.000  13.633 0.000
  5.333333   6.333333  10.011 0.000   6.846 0.000
  8.333333   9.333333  19.207 0.000  14.079 0.000
 11.333333  12.333333   9.051 0.000   6.088 0.000
 14.333333  15.333333   8.998 0.000   4.928 0.000
 17.333333  18.333333   7.587 0.000   3.834 0.000
 20.333333  21.333333  21.119 0.000  12.934 0.000
 23.333333  24.333333   2.867 0.000   1.919 0.000
 26.333333  27.333333  10.018 0.000   5.654 0.000
 29.333333  30.333333  17.805 0.000  12.687 0.000
 32.333333  33.333333   7.505 0.000   4.096 0.000
 35.333333  36.333333   2.415 0.000   1.468 0.000
 38.333333  39.333333   3.665 0.000   1.604 0.000
 41.333333  42.333333  18.746 0.000   9.527 0.000
 44.333333  45.333333   8.935 0.000   5.138 0.000
 47.333333  48.333333  10.455 0.000   5.206 0.000
 50.333333  51.333333   7.853 0.000   5.236 0.000
 53.333333  54.333333  11.798 0.000   6.885 0.000
 56.333333  57.333333   6.711 0.000   4.531 0.000
 59.333333  60.333333   8.752 0.000   5.915 0.000
 62.333333  63.333333  11.649 0.000   6.635 0.000
 65.333333  66.333333  20.092 0.000  11.506 0.000
 68.333333  69.333333  14.447 0.000   7.479 0.000
 71.333333  72.333333  12.341 0.000   5.772 0.000
 74.333333  75.333333   4.833 0.000   2.306 0.000
 77.333333  78.333333   8.107 0.000   3.642 0.000
 80.333333  81.333333   6.081 0.000   3.701 0.000
 83.333333  84.333333   4.454 0.000   1.978 0.000
 86.333333  87.333333   6.416 0.000   2.214 0.000
 89.333333  90.333333   2.860 0.000   1.355 0.000
 92.333333  93.333333   7.647 0.000   4.049 0.000
 95.333333  96.333333   4.409 0.000   2.289 0.000
 98.333333  99.333333   9.050 0.000   3.979 0.000
101.333333 102.333333   5.893 0.000   2.759 0.000
104.333333 105.333333   6.308 0.000   2.918 0.000
107.333333 108.333333   9.157 0.000   4.287 0.000
110.333333 111.333333  10.790 0.000   5.020 0.000
113.333333 114.333333   4.971 0.000   2.132 0.000
116.333333 117.333333   6.798 0.000   3.023 0.000
119.333333 120.333333   8.464 0.000   3.510 0.000
122.333333 123.333333   9.997 0.000   5.761 0.000
125.333333 126.333333   4.570 0.000   2.491 0.000
128.333333 129.333333  14.014 0.000   8.406 0.000
131.333333 132.333333   8.995 0.000   4.008 0.000
134.333333 135.333333  10.594 0.000   5.800 0.000
137.333333 138.333333  11.360 0.000   6.202 0.000
140.333333 141.333333  18.188 0.000   8.798 0.000
143.333333 144.333333   5.228 0.000   3.022 0.000
146.333333 147.333333  15.671 0.000   6.879 0.000
149.333333 150.333333  16.071 0.000   7.405 0.000
152.333333 153.333333   5.101 0.000   1.880 0.000
155.333333 156.333333  10.313 0.000   3.900 0.000
158.333333 159.333333  12.636 0.000   5.009 0.000
161.333333 162.333333  20.110 0.000   7.305 0.000
164.333333 165.333333  13.420 0.000   6.221 0.000
167.333333 168.333333  12.635 0.000   4.380 0.000
170.333333 171.333333   8.148 0.000   3.291 0.000
173.333333 174.333333  10.232 0.000   4.095 0.000
176.333333 177.333333   9.416 0.000   3.703 0.000
179.333333 180.333333  14.189 0.000   7.153 0.000
182.333333 183.333333  17.073 0.000   7.346 0.000
185.333333 186.333333  37.262 0.000  28.790 0.000
188.333333 189.333333  31.016 0.000  17.645 0.000
191.333333 192.333333   9.361 0.000   5.313 0.000
194.333333 195.333333   6.703 0.000 999.999 0.456
197.333333 198.333333  13.761 0.000   4.698 0.000
200.333333 201.333333  11.798 0.000   4.732 0.000
203.333333 204.333333  12.477 0.000   4.639 0.000
206.333333 207.333333   7.192 0.000   3.325 0.000
209.333333 210.333333  10.495 0.000   4.314 0.000
212.333333 213.333333  11.671 0.000   4.868 0.000
215.333333 216.333333  11.876 0.000   4.317 0.000
218.333333 219.333333   7.708 0.000   2.699 0.000
221.333333 222.333333  13.916 0.000   7.196 0.000
224.333333 225.333333  20.284 0.000   9.344 0.000
227.333333 228.333333  10.845 0.000   5.450 0.000
230.333333 231.333333  13.020 0.000   5.595 0.000
233.333333 234.333333  20.835 0.000  13.489 0.000
236.333333 237.333333  10.133 0.000   3.627 0.000
239.333333 240.333333   8.129 0.000   3.339 0.000
242.333333 243.333333  11.019 0.000   4.385 0.000
245.333333 246.333333   8.744 0.000   2.975 0.000
248.333333 249.333333   6.305 0.000   2.951 0.000
251.333333 252.333333   5.571 0.000   2.451 0.000
254.333333 255.333333  12.875 0.000   6.976 0.000
257.333333 258.333333   9.031 0.000   3.254 0.000
260.333333 261.333333   7.804 0.000   3.313 0.000
263.333333 264.333333   8.273 0.000   3.367 0.000
266.333333 267.333333   9.714 0.000   4.209 0.000
269.333333 270.333333   8.042 0.000   3.974 0.000
272.333333 273.333333  18.247 0.000   9.693 0.000
275.333333 276.333333   9.073 0.000   3.690 0.000
278.333333 279.333333  18.817 0.000   9.471 0.000
281.333333 282.333333  13.329 0.000   7.660 0.000
284.333333 285.333333  11.854 0.000   5.717 0.000
287.333333 288.333333  12.857 0.000 999.999 0.456
290.333333 291.333333   7.722 0.000 999.999 0.456
293.333333 294.333333  14.837 0.000   7.447 0.000
296.333333 297.333333  28.503 0.000  13.260 0.000
299.333333 300.333333  13.270 0.000   5.452 0.000
302.333333 303.333333   7.511 0.000   2.539 0.000
305.333333 306.333333   6.378 0.000   3.257 0.000
308.333333 309.333333  15.289 0.000   9.521 0.000
311.333333 312.333333   5.587 0.000   3.192 0.000
314.333333 315.333333  10.854 0.000   4.436 0.000
317.333333 318.333333   2.824 0.000   1.613 0.000
320.333333 321.333333   4.974 0.000   1.921 0.000
323.333333 324.333333   9.498 0.000   6.035 0.000
326.333333 327.333333  28.431 0.000  22.738 0.000
329.333333 330.333333  11.747 0.000   8.576 0.000
332.333333 333.333333  25.678 0.000  20.308 0.000
335.333333 336.333333   5.319 0.000   3.136 0.000
338.333333 339.333333   2.574 0.000   1.498 0.000
341.333333 342.333333   3.650 0.000   1.826 0.000
344.333333 345.333333   6.210 0.000   3.962 0.000
347.333333 348.333333  11.994 0.000   5.657 0.000
350.333333 351.333333   1.695 0.000   1.139 0.000
353.333333 354.333333   2.534 0.000   1.411 0.000
356.333333 357.333333   4.013 0.000   2.236 0.000
359.333333 360.333333   7.301 0.000   4.749 0.000
362.333333 363.333333   9.111 0.000   6.848 0.000
