scripts/IMPROVE-2019_partial/data/US9033R.20130101060000.20191216000000.filterpack...52w.3d.US03L_filterpack_US9033.US03L_IMPROVE_Davis.lev2.nas
51 1001
MISSING INFORMATION
US03L, IMPROVE, , , , , , , 
MISSING INFORMATION
IMPROVE sel_HTAP
1 1
2013 01 01 2019 12 16
3.00
days from file reference point
4
1 1 1 1
999.99 999.999 999.999 9.999
end_time of measurement, days from the file reference point
pm10_mass, ug/m3, Matrix=pm10
pm25_mass, ug/m3, Matrix=pm25
numflag, no unit
0
33
Data definition:              EBAS_1.1
Set type code:                TU
Timezone:                     UTC
File name:                    US9033R.20130101060000.20191216000000.filterpack...52w.3d.US03L_filterpack_US9033.US03L_IMPROVE_Davis.lev2.nas
File creation:                20191218120728
Startdate:                    20130101060000
Revision date:                20191216000000
Version:                      2
Version description:          "Data extracted from http://views.cira.colostate.edu/fed/DataWizard 2019-12-16"
Statistics:                   arithmetic mean
Data level:                   2
Period code:                  52w
Resolution code:              3d
Sample duration:              1d
Orig. time res.:              3d
Station code:                 US9033R
Platform code:                US9033S
Station name:                 Sipsy Wilderness
Station latitude:             34.3433
Station longitude:            -87.3388
Station altitude:             286.0 m
Regime:                       IMG
Component:                    
Unit:                         ug/m3
Matrix:                       
Laboratory code:              US03L
Instrument type:              filterpack
Instrument name:              filterpack_US9033
Method ref:                   US03L_IMPROVE_Davis
Blank correction:             Blank corrected
Volume std. temperature:      ambient
Volume std. pressure:         ambient
starttime endtime PM10 PM2.5 flag
  0.25   1.25   4.191   3.135 0.000
  3.25   4.25   5.325   3.787 0.000
  6.25   7.25  11.448   9.482 0.000
  9.25  10.25  10.659   7.325 0.000
 12.25  13.25   7.446   3.755 0.000
 15.25  16.25   4.484   3.948 0.000
 18.25  19.25   6.681   5.959 0.000
 21.25  22.25   5.731   3.385 0.000
 24.25  25.25  10.825   7.945 0.000
 27.25  28.25  17.020  12.700 0.000
 30.25  31.25   4.497   2.871 0.000
 33.25  34.25   4.726   3.090 0.000
 36.25  37.25   8.958   6.230 0.000
 39.25  40.25   7.663   6.742 0.000
 42.25  43.25   4.157   2.701 0.000
 45.25  46.25   6.129   4.003 0.000
 48.25  49.25   7.941   4.509 0.000
 51.25  52.25   7.893   5.557 0.000
 54.25  55.25   8.668   6.410 0.000
 57.25  58.25   6.353   5.207 0.000
 60.25  61.25   4.468   3.716 0.000
 63.25  64.25  10.537   7.162 0.000
 66.25  67.25  16.695  11.423 0.000
 69.25  70.25   5.107   3.540 0.000
 72.25  73.25   6.859   4.319 0.000
 75.25  76.25  13.358   9.309 0.000
 78.25  79.25   6.618   3.637 0.000
 81.25  82.25   9.444   7.883 0.000
 84.25  85.25   4.761   3.893 0.000
 87.25  88.25  16.341  10.457 0.000
 90.25  91.25   6.481   4.188 0.000
 93.25  94.25   6.726   3.732 0.000
 96.25  97.25  10.430   6.069 0.000
 99.25 100.25  41.687   6.632 0.000
102.25 103.25  25.978   4.407 0.000
105.25 106.25  45.574   8.511 0.000
108.25 109.25  16.798   2.081 0.000
111.25 112.25  22.979   7.791 0.000
114.25 115.25  14.937   5.151 0.000
117.25 118.25  11.864   6.266 0.000
120.25 121.25  21.242   7.693 0.000
123.25 124.25   6.908   2.068 0.000
126.25 127.25   9.768   3.645 0.000
129.25 130.25  15.236   6.721 0.000
132.25 133.25  12.763   4.182 0.000
135.25 136.25  18.405  10.282 0.000
138.25 139.25  21.259  16.215 0.000
141.25 142.25   6.544   3.201 0.000
144.25 145.25   8.002   5.138 0.000
147.25 148.25  14.435   7.887 0.000
150.25 151.25  13.729   7.738 0.000
153.25 154.25  11.990   7.714 0.000
156.25 157.25   9.771   6.238 0.000
159.25 160.25  11.809   7.726 0.000
162.25 163.25 999.999 999.999 0.999
165.25 166.25  13.893  10.259 0.000
168.25 169.25   9.575   6.660 0.000
171.25 172.25  13.818   9.710 0.000
174.25 175.25  15.939  11.036 0.000
177.25 178.25  21.021  11.543 0.000
180.25 181.25  10.158   5.128 0.000
183.25 184.25  11.698   8.069 0.000
186.25 187.25   7.466   3.952 0.000
189.25 190.25  10.130   5.269 0.000
192.25 193.25  18.193  12.044 0.000
195.25 196.25  11.361   5.569 0.000
198.25 199.25  10.568   6.287 0.000
201.25 202.25   9.497   5.492 0.000
204.25 205.25 999.999 999.999 0.999
207.25 208.25  16.578  12.652 0.000
210.25 211.25  12.344   9.498 0.000
213.25 214.25  15.745  12.388 0.000
216.25 217.25  15.074  10.689 0.000
219.25 220.25  14.187   9.532 0.000
222.25 223.25  11.402   6.299 0.000
225.25 226.25  17.600  11.473 0.000
228.25 229.25   9.036   6.619 0.000
231.25 232.25  13.206   7.299 0.000
234.25 235.25  14.769   8.601 0.000
237.25 238.25  12.171   8.308 0.000
240.25 241.25 999.999 999.999 0.999
243.25 244.25  19.248  14.820 0.000
246.25 247.25  13.515   9.070 0.000
249.25 250.25  18.132  14.685 0.000
252.25 253.25  21.025  17.226 0.000
255.25 256.25  15.063   7.971 0.000
258.25 259.25  14.711   9.351 0.000
261.25 262.25  12.953   9.094 0.000
264.25 265.25   8.407   4.816 0.000
267.25 268.25   9.453   7.720 0.000
270.25 271.25   8.628   6.348 0.000
273.25 274.25   9.367   6.421 0.000
276.25 277.25  14.163  11.224 0.000
279.25 280.25   5.564   2.672 0.000
282.25 283.25 999.999 999.999 0.999
285.25 286.25 999.999 999.999 0.999
288.25 289.25 999.999 999.999 0.999
291.25 292.25   7.901   5.762 0.000
294.25 295.25   8.813   6.421 0.000
297.25 298.25   8.456   4.064 0.000
300.25 301.25  11.815   9.736 0.000
303.25 304.25  11.743   7.803 0.000
306.25 307.25   7.669   5.134 0.000
309.25 310.25  10.824   6.280 0.000
312.25 313.25   8.190   6.002 0.000
315.25 316.25   7.463   3.667 0.000
318.25 319.25  10.629   7.601 0.000
321.25 322.25   6.569   2.843 0.000
324.25 325.25 999.999 999.999 0.999
327.25 328.25   5.636   3.826 0.000
330.25 331.25 999.999 999.999 0.999
333.25 334.25   9.639   7.911 0.000
336.25 337.25  12.428  10.594 0.000
339.25 340.25   1.171   0.865 0.000
342.25 343.25   4.977   3.956 0.000
345.25 346.25   8.563   6.269 0.000
348.25 349.25  10.914   9.843 0.000
351.25 352.25 999.999 999.999 0.999
354.25 355.25 999.999 999.999 0.999
357.25 358.25 999.999 999.999 0.999
360.25 361.25 999.999 999.999 0.999
363.25 364.25 999.999 999.999 0.999
