scripts/IMPROVE-2019_partial/data/US9060R.20000101050000.20191216000000.filterpack..pm25.52w.1w.US03L_filterpack_US9060.US03L_IMPROVE_Davis.lev2.nas
66 1001
MISSING INFORMATION
US03L, IMPROVE, , , , , , , 
MISSING INFORMATION
IMPROVE sel_HTAP
1 1
2000 01 01 2019 12 16
0
days from file reference point
27
1 1 1 1 1 1 1 1 1 1 1 1 1 1 1 1 1 1 1 1 1 1 1 1 1 1 1
999.999999 999.99 9.999 99.99 9.999 9.999 9.999999 9.99 9.999999 99.999 9.999 99.999 9.999 99.999 9.999 99.99 9.999999 999.999 9.999 99.999 9.999 999.999 9.999 9.999 9.999 99.999 9.999
end_time of measurement, days from the file reference point
iron, ng/m3, Revision date=20181210133000
numflag iron, no unit, Revision date=20181210133000
lead, ng/m3, Revision date=20181210133000
numflag lead, no unit, Revision date=20181210133000
magnesium, ug/m3, Revision date=20181210133000
numflag magnesium, no unit, Revision date=20181210133000
nickel, ng/m3, Revision date=20181210133000
numflag nickel, no unit, Revision date=20181210133000
nitrate, ug N/m3, Revision date=20181210133000
numflag nitrate, no unit, Revision date=20181210133000
organic_carbon, ug C/m3, Revision date=20181210133000
numflag organic_carbon, no unit, Revision date=20181210133000
organic_mass, ug/m3, Revision date=20181210133000
numflag organic_mass, no unit, Revision date=20181210133000
phosphorus, ng/m3, Revision date=20181210133000
numflag phosphorus, no unit, Revision date=20181210133000
pm10_mass, ug/m3, Version=2, Version description=Data extracted from http://views.cira.colostate.edu/fed/DataWizard 2019-12-16, Sample duration=1d, Orig. time res.=3d, Matrix=pm10, Blank correction=Blank corrected, Volume std. temperature=ambient, Volume std. pressure=ambient
numflag pm10_mass, no unit, Version=2, Version description=Data extracted from http://views.cira.colostate.edu/fed/DataWizard 2019-12-16, Sample duration=1d, Orig. time res.=3d, Matrix=pm10, Blank correction=Blank corrected, Volume std. temperature=ambient, Volume std. pressure=ambient
pm10_pm25_mass, ug/m3, Revision date=20181210133000, Matrix=pm10_pm25
numflag pm10_pm25_mass, no unit, Revision date=20181210133000, Matrix=pm10_pm25
pm25_mass, ug/m3, Version=2, Version description=Data extracted from http://views.cira.colostate.edu/fed/DataWizard 2019-12-16, Sample duration=1d, Orig. time res.=3d, Blank correction=Blank corrected, Volume std. temperature=ambient, Volume std. pressure=ambient
numflag pm25_mass, no unit, Version=2, Version description=Data extracted from http://views.cira.colostate.edu/fed/DataWizard 2019-12-16, Sample duration=1d, Orig. time res.=3d, Blank correction=Blank corrected, Volume std. temperature=ambient, Volume std. pressure=ambient
potassium, ug/m3, Revision date=20181210133000
numflag potassium, no unit, Revision date=20181210133000
sulphate_total, ug S/m3, Revision date=20181210133000
numflag sulphate_total, no unit, Revision date=20181210133000
0
25
Data definition:              EBAS_1.1
Set type code:                TI
Timezone:                     UTC
File name:                    US9060R.20000101050000.20191216000000.filterpack..pm25.52w.1w.US03L_filterpack_US9060.US03L_IMPROVE_Davis.lev2.nas
File creation:                20191218120930
Startdate:                    20000101050000
Revision date:                20191216000000
Statistics:                   arithmetic mean
Data level:                   2
Period code:                  52w
Resolution code:              1w
Station code:                 US9060R
Platform code:                US9060S
Station name:                 Seney
Station latitude:             46.2889
Station longitude:            -85.9503
Station altitude:             214.0 m
Regime:                       IMG
Component:                    
Matrix:                       pm25
Laboratory code:              US03L
Instrument type:              filterpack
Instrument name:              filterpack_US9060
Method ref:                   US03L_IMPROVE_Davis
starttime endtime Fe flag_Fe Pb flag_Pb Mg++ flag_Mg++ Ni flag_Ni NO3- flag_NO3- OC flag_OC OM flag_OM P flag_P PM10 flag_PM10 PM10-PM2.5 flag_PM10-PM2.5 PM2.5 flag_PM2.5 K+ flag_K+ SO4-- flag_SO4--
[from data line 82]
282.208333 283.208333  15.15 0.000  0.25 0.000 9.999 0.259000 9.99 0.259000  0.025 0.000  0.737 0.000  1.032 0.000 99.99 0.259000   4.183 0.000  1.348 0.000   2.835 0.000 0.058 0.000  0.252 0.000
285.208333 286.208333 999.99 0.999 99.99 0.999 9.999 0.999000 9.99 0.999000 99.999 0.999 99.999 0.999 99.999 0.999 99.99 0.999000 999.999 0.999 99.999 0.999 999.999 0.999 9.999 0.999 99.999 0.999
288.208333 289.208333 999.99 0.999 99.99 0.999 9.999 0.999000 9.99 0.999000 99.999 0.999 99.999 0.999 99.999 0.999 99.99 0.999000 999.999 0.999 99.999 0.999 999.999 0.999 9.999 0.999 99.999 0.999
291.208333 292.208333  19.95 0.000  1.97 0.000 9.999 0.259000 9.99 0.259000  0.266 0.000  1.570 0.000  2.199 0.000 99.99 0.259000   7.931 0.000  0.619 0.000   7.312 0.000 0.086 0.000  0.684 0.000
294.208333 295.208333   6.00 0.000  0.21 0.000 9.999 0.259000 9.99 0.259000  0.011 0.000  0.414 0.000  0.580 0.000 99.99 0.259000   3.831 0.000  2.638 0.000   1.193 0.000 0.029 0.000  0.085 0.000
297.208333 298.208333  21.65 0.000  2.47 0.000 9.999 0.259000 9.99 0.259000  0.083 0.000  1.848 0.000  2.587 0.000 99.99 0.259000  11.184 0.000  1.836 0.000   9.348 0.000 0.073 0.000  1.200 0.000
300.208333 301.208333  19.26 0.000  2.12 0.000 9.999 0.259000 9.99 0.259000  0.478 0.000  0.952 0.000  1.332 0.000 99.99 0.259000   6.739 0.000  0.131 0.000   6.608 0.000 0.033 0.000  0.925 0.000
303.208333 304.208333   5.59 0.000  1.10 0.000 9.999 0.259000 9.99 0.259000  0.033 0.000  0.678 0.000  0.950 0.000 99.99 0.259000   5.424 0.000  3.680 0.000   1.744 0.000 0.024 0.000  0.125 0.000
306.208333 307.208333  69.59 0.559  2.74 0.559 9.999 0.559259 9.99 0.559259  0.299 0.559  2.113 0.000  2.958 0.000 99.99 0.559259  10.674 0.000  0.991 0.000   9.683 0.559 0.069 0.559  1.044 0.559
309.208333 310.208333  14.49 0.559  2.31 0.559 9.999 0.559259 9.99 0.559259  0.271 0.000  1.020 0.000  1.429 0.000 99.99 0.559259   5.316 0.000  0.458 0.000   4.858 0.559 0.042 0.559  0.383 0.000
312.208333 313.208333  11.14 0.000  1.01 0.000 9.999 0.259000 9.99 0.259000  0.212 0.000  0.290 0.000  0.405 0.000 99.99 0.259000   5.822 0.000  0.725 0.000   5.097 0.000 0.013 0.000  1.015 0.000
315.208333 316.208333   1.61 0.000  0.24 0.000 9.999 0.259000 9.99 0.259000  0.008 0.000  0.077 0.000  0.108 0.000 99.99 0.259000   2.079 0.000  1.488 0.000   0.592 0.000 0.006 0.000  0.117 0.000
318.208333 319.208333   1.29 0.000  0.24 0.000 9.999 0.259000 9.99 0.259000  0.007 0.000 99.999 0.259 99.999 0.259  5.53 0.000000   2.599 0.000  2.342 0.000   0.258 0.000 0.012 0.000  0.083 0.000
321.208333 322.208333   2.57 0.000 99.99 0.259 9.999 0.259000 9.99 0.259000  0.008 0.000  0.071 0.000  0.100 0.000 99.99 0.259000   1.788 0.000  1.247 0.000   0.541 0.000 0.007 0.000  0.070 0.000
324.208333 325.208333   2.81 0.000  1.63 0.000 9.999 0.259000 9.99 0.259000  0.070 0.000  0.208 0.000  0.291 0.000 99.99 0.259000   2.620 0.000  0.167 0.000   2.453 0.000 0.017 0.000  0.429 0.000
327.208333 328.208333   6.24 0.000  0.28 0.000 9.999 0.259000 9.99 0.259000  0.043 0.000  0.318 0.000  0.445 0.000 99.99 0.259000   5.947 0.000  4.784 0.000   1.162 0.000 0.014 0.000  0.119 0.000
330.208333 331.208333  31.01 0.000  4.42 0.000 9.999 0.259000 9.99 0.259000  0.601 0.000  1.434 0.000  2.007 0.000 99.99 0.259000   8.182 0.000 99.999 0.259   8.352 0.000 0.049 0.000  0.942 0.000
333.208333 334.208333   4.43 0.000  0.33 0.000 9.999 0.259000 9.99 0.259000  0.023 0.000  0.507 0.000  0.710 0.000 99.99 0.259000   3.153 0.000  0.338 0.000   2.815 0.000 0.024 0.000  0.323 0.000
336.208333 337.208333   1.77 0.000  0.32 0.000 9.999 0.259000 0.22 0.000000  0.008 0.559  0.160 0.000  0.223 0.000 99.99 0.259000   2.115 0.000  1.519 0.000   0.596 0.000 0.008 0.000  0.092 0.559
339.208333 340.208333   2.77 0.000  0.17 0.000 9.999 0.259000 9.99 0.259000  0.009 0.559  0.125 0.000  0.175 0.000 99.99 0.259000   3.952 0.000  3.109 0.000   0.843 0.000 0.005 0.000  0.131 0.559
342.208333 343.208333   6.79 0.000  0.67 0.000 9.999 0.259000 9.99 0.259000  0.028 0.559  0.241 0.000  0.338 0.000 99.99 0.259000   3.831 0.000  2.699 0.000   1.133 0.000 0.009 0.000  0.197 0.559
345.208333 346.208333   9.55 0.000  0.36 0.000 9.999 0.259000 9.99 0.259000  0.040 0.000  0.185 0.000  0.258 0.000 99.99 0.259000   3.432 0.000  2.061 0.000   1.371 0.000 0.011 0.000  0.207 0.000
348.208333 349.208333   6.30 0.000  0.76 0.000 9.999 0.259000 0.08 0.000000  0.084 0.000  0.486 0.000  0.680 0.000 99.99 0.259000   4.853 0.000  2.538 0.000   2.315 0.000 0.028 0.000  0.290 0.000
351.208333 352.208333   7.16 0.000  1.65 0.000 9.999 0.259000 0.11 0.000000  0.037 0.000  0.377 0.000  0.528 0.000 99.99 0.259000   4.058 0.000  0.898 0.000   3.159 0.000 0.013 0.000  0.560 0.000
354.208333 355.208333  17.31 0.559  0.91 0.559 9.999 0.559259 9.99 0.559259  0.133 0.000  0.419 0.000  0.586 0.000 99.99 0.559259   3.430 0.000  0.995 0.000   2.436 0.559 0.019 0.559  0.279 0.000
357.208333 358.208333   5.94 0.000  0.24 0.000 9.999 0.259000 0.08 0.000000  0.033 0.000  0.193 0.000  0.271 0.000 99.99 0.259000   2.217 0.000  0.872 0.000   1.345 0.000 0.016 0.000  0.188 0.000
360.208333 361.208333   7.23 0.000  1.22 0.000 9.999 0.259000 9.99 0.259000  0.209 0.000  0.623 0.000  0.872 0.000 99.99 0.259000   4.608 0.000  1.018 0.000   3.590 0.000 0.037 0.000  0.482 0.000
363.208333 364.208333   8.85 0.000  0.27 0.000 9.999 0.259000 9.99 0.259000  0.047 0.000  0.139 0.000  0.194 0.000 99.99 0.259000   1.590 0.000  0.310 0.000   1.280 0.000 0.013 0.000  0.208 0.000
