scripts/IMPROVE-2019_partial/data/US9070R.20030103070000.20191216000000.filterpack..pm25.1y.1w.US03L_filterpack_US9070.US03L_IMPROVE_Davis.lev2.nas
66 1001
MISSING INFORMATION
US03L, IMPROVE, , , , , , , 
MISSING INFORMATION
IMPROVE sel_HTAP
1 1
2003 01 01 2019 12 16
3.000000
days from file reference point
27
1 1 1 1 1 1 1 1 1 1 1 1 1 1 1 1 1 1 1 1 1 1 1 1 1 1 1
999.999999 9999.99 9.999 99.99 9.999999 9.999 9.999999 9.99 9.999999 9.999 9.999 99.999 9.999 99.999 9.999 999.99 9.999999 999.999 9.999 999.999 9.999 999.999 9.999 9.999 9.999 9.999 9.999
end_time of measurement, days from the file reference point
iron, ng/m3, Revision date=20181210133000
numflag iron, no unit, Revision date=20181210133000
lead, ng/m3, Revision date=20181210133000
numflag lead, no unit, Revision date=20181210133000
magnesium, ug/m3, Revision date=20181210133000
numflag magnesium, no unit, Revision date=20181210133000
nickel, ng/m3, Revision date=20181210133000
numflag nickel, no unit, Revision date=20181210133000
nitrate, ug N/m3, Revision date=20181210133000
numflag nitrate, no unit, Revision date=20181210133000
organic_carbon, ug C/m3, Revision date=20181210133000
numflag organic_carbon, no unit, Revision date=20181210133000
organic_mass, ug/m3, Revision date=20181210133000
numflag organic_mass, no unit, Revision date=20181210133000
phosphorus, ng/m3, Revision date=20181210133000
numflag phosphorus, no unit, Revision date=20181210133000
pm10_mass, ug/m3, Version=2, Version description=Data extracted from http://views.cira.colostate.edu/fed/DataWizard 2019-12-16, Sample duration=1d, Orig. time res.=3d, Matrix=pm10, Blank correction=Blank corrected, Volume std. temperature=ambient, Volume std. pressure=ambient
numflag pm10_mass, no unit, Version=2, Version description=Data extracted from http://views.cira.colostate.edu/fed/DataWizard 2019-12-16, Sample duration=1d, Orig. time res.=3d, Matrix=pm10, Blank correction=Blank corrected, Volume std. temperature=ambient, Volume std. pressure=ambient
pm10_pm25_mass, ug/m3, Revision date=20181210133000, Matrix=pm10_pm25
numflag pm10_pm25_mass, no unit, Revision date=20181210133000, Matrix=pm10_pm25
pm25_mass, ug/m3, Version=2, Version description=Data extracted from http://views.cira.colostate.edu/fed/DataWizard 2019-12-16, Sample duration=1d, Orig. time res.=3d, Blank correction=Blank corrected, Volume std. temperature=ambient, Volume std. pressure=ambient
numflag pm25_mass, no unit, Version=2, Version description=Data extracted from http://views.cira.colostate.edu/fed/DataWizard 2019-12-16, Sample duration=1d, Orig. time res.=3d, Blank correction=Blank corrected, Volume std. temperature=ambient, Volume std. pressure=ambient
potassium, ug/m3, Revision date=20181210133000
numflag potassium, no unit, Revision date=20181210133000
sulphate_total, ug S/m3, Revision date=20181210133000
numflag sulphate_total, no unit, Revision date=20181210133000
0
25
Data definition:              EBAS_1.1
Set type code:                TU
Timezone:                     UTC
File name:                    US9070R.20030103070000.20191216000000.filterpack..pm25.1y.1w.US03L_filterpack_US9070.US03L_IMPROVE_Davis.lev2.nas
File creation:                20191218121019
Startdate:                    20030103070000
Revision date:                20191216000000
Statistics:                   arithmetic mean
Data level:                   2
Period code:                  1y
Resolution code:              1w
Station code:                 US9070R
Platform code:                US9070S
Station name:                 San Pedro Parks
Station latitude:             36.0139
Station longitude:            -106.8447
Station altitude:             2935.0 m
Regime:                       IMG
Component:                    
Matrix:                       pm25
Laboratory code:              US03L
Instrument type:              filterpack
Instrument name:              filterpack_US9070
Method ref:                   US03L_IMPROVE_Davis
starttime endtime Fe flag_Fe Pb flag_Pb Mg++ flag_Mg++ Ni flag_Ni NO3- flag_NO3- OC flag_OC OM flag_OM P flag_P PM10 flag_PM10 PM10-PM2.5 flag_PM10-PM2.5 PM2.5 flag_PM2.5 K+ flag_K+ SO4-- flag_SO4--
[from data line 81]
245.291667 246.291667   11.55 0.000  0.35 0.000000 9.999 0.259000 9.99 0.259000 0.015 0.000  0.769 0.000  1.077 0.000 999.99 0.259000   5.054 0.000   1.598 0.000   3.456 0.000 0.015 0.000 0.310 0.000
248.291667 249.291667    9.22 0.000  0.25 0.000000 9.999 0.259000 9.99 0.259000 0.012 0.000  0.504 0.000  0.706 0.000 999.99 0.259000   2.753 0.000   0.954 0.000   1.799 0.000 0.008 0.000 0.159 0.000
251.291667 252.291667    8.90 0.000  0.17 0.000000 9.999 0.259000 0.11 0.000000 0.027 0.000  0.292 0.000  0.409 0.000 999.99 0.259000   3.363 0.000   1.570 0.000   1.793 0.000 0.011 0.000 0.138 0.000
254.291667 255.291667    4.78 0.000  0.16 0.000000 9.999 0.259000 0.05 0.000000 0.011 0.000  0.463 0.000  0.649 0.000 999.99 0.259000   2.480 0.000   0.906 0.000   1.574 0.000 0.005 0.000 0.123 0.000
257.291667 258.291667   23.94 0.000  0.24 0.000000 9.999 0.259000 9.99 0.259000 0.027 0.000  0.827 0.000  1.157 0.000 999.99 0.259000   7.109 0.000   4.210 0.000   2.899 0.000 0.019 0.000 0.170 0.000
260.291667 261.291667   58.83 0.000  0.41 0.000000 9.999 0.259000 9.99 0.259000 0.022 0.000  0.510 0.000  0.714 0.000 999.99 0.259000  10.191 0.000   6.524 0.000   3.667 0.000 0.054 0.000 0.113 0.000
263.291667 264.291667   24.86 0.000  0.51 0.000000 9.999 0.259000 0.07 0.000000 0.014 0.000  0.485 0.000  0.679 0.000 999.99 0.259000   4.191 0.000   1.960 0.000   2.231 0.000 0.023 0.000 0.119 0.000
266.291667 267.291667   44.93 0.559  0.60 0.559000 9.999 0.559259 0.04 0.559000 0.019 0.000  0.763 0.000  1.068 0.000 999.99 0.559259   6.024 0.000   2.568 0.000   3.456 0.559 0.040 0.559 0.167 0.000
269.291667 270.291667   50.86 0.559  0.29 0.559000 9.999 0.559259 9.99 0.559259 0.022 0.000  1.072 0.000  1.501 0.000 999.99 0.559259  10.521 0.000   6.087 0.000   4.434 0.559 0.047 0.559 0.140 0.000
272.291667 273.291667   32.30 0.559  0.47 0.559000 0.020 0.559000 9.99 0.559259 0.038 0.000  3.242 0.000  4.539 0.000 999.99 0.559259   9.713 0.000   2.273 0.000   7.441 0.559 0.052 0.559 0.177 0.000
275.291667 276.291667   16.70 0.000  0.38 0.000000 9.999 0.259000 0.07 0.000000 0.012 0.000  0.315 0.000  0.440 0.000 999.99 0.259000   1.966 0.000   0.044 0.000   1.922 0.000 0.016 0.000 0.117 0.000
278.291667 279.291667   13.96 0.000  0.20 0.000000 9.999 0.259000 0.05 0.000000 0.014 0.000  0.430 0.000  0.601 0.000 999.99 0.259000   3.096 0.000   0.856 0.000   2.240 0.000 0.012 0.000 0.157 0.000
281.291667 282.291667   13.76 0.000  0.25 0.000000 9.999 0.259000 9.99 0.259000 0.012 0.000  0.730 0.000  1.022 0.000 999.99 0.259000   4.075 0.000   1.126 0.000   2.949 0.000 0.013 0.000 0.175 0.000
284.291667 285.291667   49.35 0.000  0.30 0.000000 9.999 0.259000 9.99 0.259000 0.045 0.000  0.598 0.000  0.837 0.000 999.99 0.259000   8.325 0.000   4.554 0.000   3.771 0.000 0.036 0.000 0.199 0.000
287.291667 288.291667   44.67 0.000  0.53 0.000000 9.999 0.259000 9.99 0.259000 0.032 0.000  0.789 0.000  1.105 0.000 999.99 0.259000   7.027 0.000   3.425 0.000   3.602 0.000 0.032 0.000 0.175 0.000
290.291667 291.291667   26.44 0.000  0.38 0.000000 9.999 0.259000 0.06 0.000000 0.011 0.000  0.577 0.000  0.808 0.000 999.99 0.259000   3.945 0.000   1.874 0.000   2.071 0.000 0.020 0.000 0.081 0.000
293.291667 294.291667   24.88 0.000  0.30 0.000000 9.999 0.259000 9.99 0.259000 0.012 0.000  0.876 0.000  1.227 0.000 999.99 0.259000   5.107 0.000   2.364 0.000   2.743 0.000 0.027 0.000 0.092 0.000
296.291667 297.291667   34.77 0.559  0.35 0.559000 0.030 0.559000 0.05 0.559000 0.020 0.000  1.053 0.000  1.475 0.000 999.99 0.559259   6.903 0.000   3.121 0.000   3.782 0.559 0.033 0.559 0.159 0.000
299.291667 300.291667   25.64 0.000  0.31 0.000000 0.011 0.000000 0.04 0.000000 0.015 0.000  0.240 0.000  0.336 0.000 999.99 0.259000   5.681 0.000   4.094 0.000   1.587 0.000 0.020 0.000 0.057 0.000
302.291667 303.291667   76.58 0.699  1.35 0.699000 9.999 0.699259 9.99 0.699259 0.320 0.000  6.023 0.000  8.433 0.000 999.99 0.699259  23.762 0.000   7.361 0.000  16.401 0.699 0.344 0.699 0.190 0.000
305.291667 306.291667   31.59 0.000  1.01 0.000000 9.999 0.259000 0.11 0.000000 0.073 0.000  1.479 0.000  2.071 0.000 999.99 0.259000   8.192 0.000   2.527 0.000   5.664 0.000 0.142 0.000 0.247 0.000
308.291667 309.291667   12.14 0.000  0.59 0.000000 0.019 0.000000 0.08 0.000000 0.036 0.000  0.192 0.000  0.269 0.000 999.99 0.259000   2.736 0.000   1.064 0.000   1.672 0.000 0.009 0.000 0.095 0.000
311.291667 312.291667    6.23 0.000  0.31 0.000000 0.081 0.000000 9.99 0.259000 0.008 0.000  0.392 0.000  0.549 0.000 999.99 0.259000   1.673 0.000   0.391 0.000   1.282 0.000 0.008 0.000 0.056 0.000
314.291667 315.291667    7.58 0.000  0.76 0.000000 9.999 0.259000 9.99 0.259000 0.034 0.000  0.731 0.000  1.023 0.000 999.99 0.259000   2.410 0.000   0.436 0.000   1.974 0.000 0.009 0.000 0.103 0.000
317.291667 318.291667   25.34 0.394  0.29 0.394000 9.999 0.394259 9.99 0.394259 0.040 0.394  0.400 0.000  0.559 0.000 999.99 0.394259   3.067 0.000   1.040 0.000   2.027 0.000 0.018 0.394 0.121 0.394
320.291667 321.291667    9.44 0.000  0.84 0.000000 0.024 0.000000 9.99 0.259000 0.097 0.000  0.220 0.000  0.308 0.000 999.99 0.259000   2.142 0.000   0.520 0.000   1.622 0.000 0.008 0.000 0.149 0.000
323.291667 324.291667    9.61 0.000  0.24 0.000000 0.026 0.000000 0.08 0.000000 9.999 0.456  0.124 0.000  0.173 0.000 999.99 0.259000   1.841 0.000   0.934 0.000   0.907 0.000 0.006 0.000 9.999 0.456
326.291667 327.291667    6.66 0.000  0.25 0.000000 9.999 0.259000 9.99 0.259000 0.052 0.000  0.207 0.000  0.290 0.000   7.09 0.000000   2.529 0.000   1.184 0.000   1.345 0.000 0.009 0.000 0.072 0.000
329.291667 330.291667   26.69 0.559  1.55 0.559000 9.999 0.559259 0.08 0.559000 0.085 0.000  0.341 0.000  0.478 0.000 999.99 0.559259   3.974 0.000   2.246 0.000   1.728 0.559 0.018 0.559 0.079 0.000
332.291667 333.291667    7.85 0.000  0.59 0.000000 9.999 0.259000 9.99 0.259000 0.004 0.000  0.021 0.000  0.029 0.000 999.99 0.259000   1.289 0.000   0.595 0.000   0.694 0.000 0.008 0.000 0.069 0.000
335.291667 336.291667   23.12 0.000  0.48 0.000000 9.999 0.259000 9.99 0.259000 0.047 0.000  0.336 0.000  0.470 0.000 999.99 0.259000   4.412 0.000   2.475 0.000   1.937 0.000 0.019 0.000 0.098 0.000
338.291667 339.291667   36.96 0.699  0.40 0.699000 0.078 0.699000 0.05 0.699000 0.134 0.000  5.202 0.000  7.283 0.000 999.99 0.699259  14.099 0.000   4.350 0.000   9.750 0.699 0.073 0.699 0.102 0.000
341.291667 342.291667 9999.99 0.999 99.99 0.999000 9.999 0.999000 9.99 0.999000 9.999 0.999 99.999 0.999 99.999 0.999 999.99 0.999000 999.999 0.999 999.999 0.999 999.999 0.999 9.999 0.999 9.999 0.999
344.291667 345.291667 9999.99 0.999 99.99 0.999000 9.999 0.999000 9.99 0.999000 9.999 0.999 99.999 0.999 99.999 0.999 999.99 0.999000 999.999 0.999 999.999 0.999 999.999 0.999 9.999 0.999 9.999 0.999
347.291667 348.291667 9999.99 0.999 99.99 0.999000 9.999 0.999000 9.99 0.999000 9.999 0.999 99.999 0.999 99.999 0.999 999.99 0.999000 999.999 0.999 999.999 0.999 999.999 0.999 9.999 0.999 9.999 0.999
350.291667 351.291667    4.36 0.000  0.27 0.000000 9.999 0.259000 0.06 0.000000 0.001 0.000  0.025 0.000  0.035 0.000 999.99 0.259000   0.502 0.000   0.137 0.000   0.365 0.000 0.004 0.000 0.018 0.000
353.291667 354.291667    8.42 0.000  0.15 0.000000 0.102 0.000000 9.99 0.259000 0.008 0.000  0.160 0.000  0.224 0.000 999.99 0.259000   0.920 0.000   0.337 0.000   0.584 0.000 0.006 0.000 0.026 0.000
356.291667 357.291667 9999.99 0.456 99.99 0.456000 9.999 0.456000 9.99 0.456000 9.999 0.456  0.390 0.000  0.546 0.000 999.99 0.456000   0.851 0.000 999.999 0.999 999.999 0.456 9.999 0.456 9.999 0.456
359.291667 360.291667    7.80 0.000  0.33 0.000000 9.999 0.259000 9.99 0.259000 0.023 0.000  0.250 0.000  0.350 0.000 999.99 0.259000   1.757 0.000   1.103 0.000   0.654 0.000 0.010 0.000 0.067 0.000
362.291667 363.291667    3.21 0.000  0.15 0.000000 9.999 0.259000 0.08 0.000000 0.009 0.000  0.249 0.000  0.348 0.000 999.99 0.259000   0.639 0.000   0.392 0.000   0.247 0.000 0.003 0.000 0.034 0.000
