scripts/IMPROVE-2019_partial/data/US9033R.20020102060000.20191216000000.filterpack..pm25.52w.1w.US03L_filterpack_US9033.US03L_IMPROVE_Davis.lev2.nas
66 1001
MISSING INFORMATION
US03L, IMPROVE, , , , , , , 
MISSING INFORMATION
IMPROVE sel_HTAP
1 1
2002 01 01 2019 12 16
3.00
days from file reference point
27
1 1 1 1 1 1 1 1 1 1 1 1 1 1 1 1 1 1 1 1 1 1 1 1 1 1 1
999.99 99.999 9.999999 9999.99 9.999 99.99 9.999 9.999 9.999 9.99 9.999 99.999 9.999 99.999 9.999 99.999 9.999 999.999 9.999 999.999 9.999 999.999 9.999 9.999 9.999 99.999 9.999
end_time of measurement, days from the file reference point
ammonium, ug N/m3, Revision date=20181210133000
numflag ammonium, no unit, Revision date=20181210133000
iron, ng/m3, Revision date=20181210133000
numflag iron, no unit, Revision date=20181210133000
lead, ng/m3, Revision date=20181210133000
numflag lead, no unit, Revision date=20181210133000
magnesium, ug/m3, Revision date=20181210133000
numflag magnesium, no unit, Revision date=20181210133000
nickel, ng/m3, Revision date=20181210133000
numflag nickel, no unit, Revision date=20181210133000
nitrate, ug N/m3, Revision date=20181210133000
numflag nitrate, no unit, Revision date=20181210133000
organic_carbon, ug C/m3, Revision date=20181210133000
numflag organic_carbon, no unit, Revision date=20181210133000
organic_mass, ug/m3, Revision date=20181210133000
numflag organic_mass, no unit, Revision date=20181210133000
pm10_mass, ug/m3, Version=2, Version description=Data extracted from http://views.cira.colostate.edu/fed/DataWizard 2019-12-16, Sample duration=1d, Orig. time res.=3d, Matrix=pm10, Blank correction=Blank corrected, Volume std. temperature=ambient, Volume std. pressure=ambient
numflag pm10_mass, no unit, Version=2, Version description=Data extracted from http://views.cira.colostate.edu/fed/DataWizard 2019-12-16, Sample duration=1d, Orig. time res.=3d, Matrix=pm10, Blank correction=Blank corrected, Volume std. temperature=ambient, Volume std. pressure=ambient
pm10_pm25_mass, ug/m3, Revision date=20181210133000, Matrix=pm10_pm25
numflag pm10_pm25_mass, no unit, Revision date=20181210133000, Matrix=pm10_pm25
pm25_mass, ug/m3, Version=2, Version description=Data extracted from http://views.cira.colostate.edu/fed/DataWizard 2019-12-16, Sample duration=1d, Orig. time res.=3d, Blank correction=Blank corrected, Volume std. temperature=ambient, Volume std. pressure=ambient
numflag pm25_mass, no unit, Version=2, Version description=Data extracted from http://views.cira.colostate.edu/fed/DataWizard 2019-12-16, Sample duration=1d, Orig. time res.=3d, Blank correction=Blank corrected, Volume std. temperature=ambient, Volume std. pressure=ambient
potassium, ug/m3, Revision date=20181210133000
numflag potassium, no unit, Revision date=20181210133000
sulphate_total, ug S/m3, Revision date=20181210133000
numflag sulphate_total, no unit, Revision date=20181210133000
0
25
Data definition:              EBAS_1.1
Set type code:                TU
Timezone:                     UTC
File name:                    US9033R.20020102060000.20191216000000.filterpack..pm25.52w.1w.US03L_filterpack_US9033.US03L_IMPROVE_Davis.lev2.nas
File creation:                20191218120727
Startdate:                    20020102060000
Revision date:                20191216000000
Statistics:                   arithmetic mean
Data level:                   2
Period code:                  52w
Resolution code:              1w
Station code:                 US9033R
Platform code:                US9033S
Station name:                 Sipsy Wilderness
Station latitude:             34.3433
Station longitude:            -87.3388
Station altitude:             286.0 m
Regime:                       IMG
Component:                    
Matrix:                       pm25
Laboratory code:              US03L
Instrument type:              filterpack
Instrument name:              filterpack_US9033
Method ref:                   US03L_IMPROVE_Davis
starttime endtime NH4+ flag_NH4+ Fe flag_Fe Pb flag_Pb Mg++ flag_Mg++ Ni flag_Ni NO3- flag_NO3- OC flag_OC OM flag_OM PM10 flag_PM10 PM10-PM2.5 flag_PM10-PM2.5 PM2.5 flag_PM2.5 K+ flag_K+ SO4-- flag_SO4--
  1.25   2.25 99.999 0.999000 9999.99 0.999 99.99 0.999 9.999 0.999 9.99 0.999 99.999 0.999 99.999 0.999 99.999 0.999 999.999 0.999 999.999 0.999 999.999 0.999 9.999 0.999 99.999 0.999
  4.25   5.25 99.999 0.999000 9999.99 0.999 99.99 0.999 9.999 0.999 9.99 0.999 99.999 0.999 99.999 0.999 99.999 0.999 999.999 0.999 999.999 0.999 999.999 0.999 9.999 0.999 99.999 0.999
  7.25   8.25 99.999 0.999000 9999.99 0.999 99.99 0.999 9.999 0.999 9.99 0.999 99.999 0.999 99.999 0.999 99.999 0.999 999.999 0.999 999.999 0.999 999.999 0.999 9.999 0.999 99.999 0.999
 10.25  11.25 99.999 0.999000    9.44 0.000  1.99 0.000 9.999 0.259 9.99 0.259  0.379 0.000  0.898 0.000  1.257 0.000   7.680 0.000   4.294 0.000   3.386 0.000 0.030 0.000  0.281 0.000
 13.25  14.25 99.999 0.559999   13.94 0.000  1.79 0.000 9.999 0.259 0.13 0.000  0.123 0.559  1.496 0.000  2.094 0.000   9.804 0.000   4.167 0.000   5.637 0.000 0.035 0.000  0.444 0.559
 16.25  17.25 99.999 0.456000   27.83 0.000  6.68 0.000 9.999 0.259 9.99 0.259 99.999 0.456  3.573 0.000  5.002 0.000  15.469 0.000   4.548 0.000  10.921 0.000 0.090 0.000 99.999 0.456
 19.25  20.25 99.999 0.456000   13.30 0.000  1.08 0.000 9.999 0.259 9.99 0.259 99.999 0.456  1.020 0.000  1.428 0.000  12.059 0.000   2.226 0.000   9.833 0.000 0.025 0.000 99.999 0.456
 22.25  23.25 99.999 0.999000   14.79 0.000  0.80 0.000 9.999 0.259 0.33 0.000  0.104 0.000  1.189 0.000  1.665 0.000  13.317 0.000   5.414 0.000   7.903 0.000 0.047 0.000  1.246 0.000
 25.25  26.25 99.999 0.559999   19.99 0.000  2.07 0.000 9.999 0.259 9.99 0.259  0.184 0.559  1.396 0.000  1.954 0.000   8.474 0.000   2.609 0.000   5.865 0.000 0.033 0.000  0.645 0.559
 28.25  29.25 99.999 0.999000    9.54 0.000  0.76 0.000 9.999 0.259 0.27 0.000  0.079 0.000  1.336 0.000  1.871 0.000  10.703 0.000   2.596 0.000   8.107 0.000 0.040 0.000  1.232 0.000
 31.25  32.25 99.999 0.999000   14.58 0.000  1.64 0.000 9.999 0.259 9.99 0.259  0.213 0.000  0.792 0.000  1.108 0.000   6.118 0.000   1.770 0.000   4.348 0.000 0.027 0.000  0.611 0.000
 34.25  35.25 99.999 0.999000   11.49 0.000  1.66 0.000 9.999 0.259 9.99 0.259  0.534 0.000  1.050 0.000  1.470 0.000   6.986 0.000   1.494 0.000   5.492 0.000 0.028 0.000  0.442 0.000
 37.25  38.25 99.999 0.999000    9.55 0.000  1.09 0.000 9.999 0.259 9.99 0.259  0.196 0.000  0.970 0.000  1.358 0.000   8.143 0.000   1.228 0.000   6.915 0.000 0.026 0.000  1.099 0.000
 40.25  41.25 99.999 0.999000   12.59 0.000  1.04 0.000 9.999 0.259 9.99 0.259  0.126 0.000  1.902 0.000  2.663 0.000  11.452 0.000   3.243 0.000   8.209 0.000 0.037 0.000  0.905 0.000
 43.25  44.25 99.999 0.999000 9999.99 0.999 99.99 0.999 9.999 0.999 9.99 0.999 99.999 0.999 99.999 0.999 99.999 0.999 999.999 0.999 999.999 0.999 999.999 0.999 9.999 0.999 99.999 0.999
 46.25  47.25 99.999 0.999000   21.08 0.000  1.59 0.000 9.999 0.259 9.99 0.259  0.368 0.000  1.457 0.000  2.040 0.000   8.639 0.000   3.072 0.000   5.567 0.000 0.050 0.000  0.504 0.000
 49.25  50.25 99.999 0.999000   59.65 0.000  5.72 0.000 9.999 0.259 9.99 0.259  0.260 0.000  5.455 0.000  7.637 0.000  22.222 0.000   8.279 0.000  13.944 0.000 0.157 0.000  0.789 0.000
 52.25  53.25 99.999 0.999000   11.55 0.000  1.63 0.000 9.999 0.259 9.99 0.259  0.226 0.000  0.861 0.000  1.205 0.000  10.937 0.000   2.042 0.000   8.895 0.000 0.028 0.000  1.629 0.000
 55.25  56.25 99.999 0.999000   23.39 0.000  2.02 0.000 9.999 0.259 9.99 0.259  0.088 0.000  4.384 0.000  6.138 0.000  16.758 0.000   2.265 0.000  14.493 0.000 0.093 0.000  1.337 0.000
 58.25  59.25 99.999 0.999000   19.43 0.000  1.70 0.000 9.999 0.259 9.99 0.259  0.338 0.000  0.906 0.000  1.268 0.000   7.443 0.000   2.597 0.000   4.846 0.000 0.030 0.000  0.403 0.000
 61.25  62.25 99.999 0.999000   79.14 0.000  2.10 0.000 9.999 0.259 0.26 0.000  0.367 0.000  0.788 0.000  1.103 0.000   7.447 0.000   2.068 0.000   5.378 0.000 0.036 0.000  0.645 0.000
 64.25  65.25 99.999 0.559999   49.14 0.000  2.15 0.000 9.999 0.259 0.20 0.000  0.143 0.559  3.874 0.000  5.424 0.000  14.798 0.000   3.890 0.000  10.908 0.000 0.100 0.000  0.677 0.559
 67.25  68.25 99.999 0.999000   35.16 0.000  2.02 0.000 9.999 0.259 9.99 0.259  0.077 0.000  2.591 0.000  3.627 0.000  11.491 0.000   3.613 0.000   7.878 0.000 0.072 0.000  0.615 0.000
 70.25  71.25 99.999 0.999000   38.82 0.000  2.74 0.000 9.999 0.259 9.99 0.259  0.426 0.000  3.064 0.000  4.290 0.000  12.235 0.000   2.086 0.000  10.150 0.000 0.086 0.000  0.818 0.000
 73.25  74.25 99.999 0.999000   36.00 0.000  1.93 0.000 9.999 0.259 0.54 0.000  0.066 0.000  1.599 0.000  2.239 0.000  14.998 0.000   3.561 0.000  11.438 0.000 0.083 0.000  1.776 0.000
 76.25  77.25 99.999 0.999000   69.68 0.000  0.81 0.000 9.999 0.259 0.25 0.000  0.094 0.000  0.888 0.000  1.244 0.000   9.640 0.000   5.001 0.000   4.639 0.000 0.073 0.000  0.356 0.000
 79.25  80.25 99.999 0.999000   38.23 0.000  3.41 0.000 9.999 0.259 0.25 0.000  0.333 0.000  1.270 0.000  1.778 0.000  14.834 0.000   1.937 0.000  12.897 0.000 0.048 0.000  2.252 0.000
 82.25  83.25 99.999 0.999000   47.18 0.000  2.78 0.000 9.999 0.259 0.22 0.000  0.052 0.000  2.165 0.000  3.031 0.000  11.739 0.000   3.317 0.000   8.422 0.000 0.079 0.000  0.844 0.000
 85.25  86.25 99.999 0.999000   36.32 0.000  2.76 0.000 9.999 0.259 0.26 0.000  0.090 0.000  0.963 0.000  1.348 0.000  13.723 0.000   1.065 0.000  12.658 0.000 0.039 0.000  2.493 0.000
 88.25  89.25 99.999 0.999000   15.39 0.000  1.39 0.000 9.999 0.259 9.99 0.259  0.214 0.000  0.622 0.000  0.871 0.000   5.136 0.000   1.399 0.000   3.737 0.000 0.020 0.000  0.499 0.000
 91.25  92.25 99.999 0.999000   65.65 0.000  2.47 0.000 0.155 0.000 0.23 0.000  0.064 0.000  2.135 0.000  2.989 0.000  15.488 0.000   5.485 0.000  10.004 0.000 0.066 0.000  1.175 0.000
 94.25  95.25 99.999 0.999000   40.43 0.000  2.48 0.000 9.999 0.259 0.23 0.000  0.520 0.000  1.223 0.000  1.713 0.000  13.764 0.000   5.231 0.000   8.533 0.000 0.042 0.000  1.095 0.000
 97.25  98.25 99.999 0.999000   51.63 0.000  2.33 0.000 9.999 0.259 0.39 0.000  0.113 0.000  1.409 0.000  1.973 0.000  21.532 0.000  10.291 0.000  11.241 0.000 0.053 0.000  1.614 0.000
100.25 101.25 99.999 0.999000   22.21 0.000  1.45 0.000 9.999 0.259 0.21 0.000  0.129 0.000  1.617 0.000  2.263 0.000  12.949 0.000   2.680 0.000  10.270 0.000 0.036 0.000  1.584 0.000
103.25 104.25 99.999 0.999000   23.51 0.000  1.28 0.000 9.999 0.259 0.41 0.000  0.094 0.000  1.093 0.000  1.530 0.000  10.621 0.000   3.266 0.000   7.355 0.000 0.053 0.000  1.114 0.000
106.25 107.25 99.999 0.999000   28.18 0.000  1.19 0.000 9.999 0.259 0.60 0.000  0.097 0.000  1.857 0.000  2.599 0.000  13.930 0.000   3.807 0.000  10.122 0.000 0.082 0.000  1.488 0.000
109.25 110.25 99.999 0.999000   24.07 0.000  1.14 0.000 9.999 0.259 0.60 0.000  0.076 0.000  2.038 0.000  2.853 0.000  14.498 0.000   4.611 0.000   9.887 0.000 0.046 0.000  1.309 0.000
112.25 113.25 99.999 0.999000   36.83 0.000  2.05 0.000 9.999 0.259 9.99 0.259  0.059 0.000  1.456 0.000  2.038 0.000  10.879 0.000   5.086 0.000   5.793 0.000 0.039 0.000  0.627 0.000
115.25 116.25 99.999 0.559999   47.58 0.000  2.05 0.000 9.999 0.259 0.19 0.000  0.247 0.559  1.363 0.000  1.908 0.000  13.145 0.000   6.786 0.000   6.358 0.000 0.043 0.000  0.734 0.559
118.25 119.25 99.999 0.999000   50.59 0.000  2.07 0.000 9.999 0.259 0.21 0.000  0.109 0.000  1.805 0.000  2.527 0.000  16.136 0.000   7.743 0.000   8.392 0.000 0.072 0.000  0.962 0.000
121.25 122.25 99.999 0.999000   43.49 0.000  1.46 0.000 9.999 0.259 0.64 0.000  0.191 0.000  5.235 0.000  7.329 0.000  26.925 0.000   7.274 0.000  19.651 0.000 0.354 0.000  1.814 0.000
124.25 125.25 99.999 0.999000   32.46 0.000  5.66 0.000 9.999 0.259 0.19 0.000  0.202 0.000  1.526 0.000  2.136 0.000  17.892 0.000   7.826 0.000  10.066 0.000 0.049 0.000  1.536 0.000
127.25 128.25 99.999 0.999000 9999.99 0.999 99.99 0.999 9.999 0.999 9.99 0.999 99.999 0.999 99.999 0.999 99.999 0.999 999.999 0.999 999.999 0.999 999.999 0.999 9.999 0.999 99.999 0.999
130.25 131.25 99.999 0.999000   82.85 0.000  1.99 0.000 9.999 0.259 0.39 0.000  0.164 0.000  3.906 0.000  5.469 0.000  23.879 0.000   7.558 0.000  16.321 0.000 0.107 0.000  1.705 0.000
133.25 134.25 99.999 0.999000   38.32 0.000  1.79 0.000 9.999 0.259 0.24 0.000  0.060 0.000  1.267 0.000  1.774 0.000  14.035 0.000   6.599 0.000   7.436 0.000 0.036 0.000  1.025 0.000
136.25 137.25 99.999 0.999000   38.31 0.000  1.39 0.000 0.163 0.000 0.41 0.000  0.063 0.000  2.194 0.000  3.072 0.000  16.299 0.000   4.755 0.000  11.544 0.000 0.059 0.000  1.523 0.000
139.25 140.25 99.999 0.999000   31.94 0.000  2.07 0.000 9.999 0.259 9.99 0.259  0.055 0.000  1.365 0.000  1.911 0.000  14.670 0.000   6.627 0.000   8.043 0.000 0.034 0.000  1.031 0.000
142.25 143.25 99.999 0.999000   72.19 0.000  3.11 0.000 9.999 0.259 0.29 0.000  0.141 0.000  3.225 0.000  4.515 0.000  24.326 0.000   6.950 0.000  17.376 0.000 0.081 0.000  2.393 0.000
145.25 146.25 99.999 0.999000   28.81 0.000  1.14 0.000 9.999 0.259 0.43 0.000  0.077 0.000  2.827 0.000  3.958 0.000  19.404 0.000   8.310 0.000  11.094 0.000 0.060 0.000  1.147 0.000
148.25 149.25 99.999 0.999000 9999.99 0.999 99.99 0.999 9.999 0.999 9.99 0.999 99.999 0.999 99.999 0.999 99.999 0.999 999.999 0.999 999.999 0.999 999.999 0.999 9.999 0.999 99.999 0.999
151.25 152.25 99.999 0.999000   36.04 0.000  1.06 0.000 9.999 0.259 0.21 0.000  0.032 0.000  2.070 0.000  2.899 0.000  20.305 0.659 999.999 0.999  17.124 0.000 0.058 0.000  2.436 0.000
154.25 155.25 99.999 0.999000   51.95 0.000  1.49 0.000 9.999 0.259 9.99 0.259  0.042 0.000  4.723 0.000  6.612 0.000 999.999 0.456 999.999 0.999  22.619 0.000 0.083 0.000  2.901 0.000
157.25 158.25 99.999 0.999000   20.43 0.000  1.65 0.000 9.999 0.259 9.99 0.259  0.095 0.000  1.177 0.000  1.648 0.000  16.953 0.000   4.423 0.000  12.530 0.000 0.028 0.000  2.175 0.000
160.25 161.25 99.999 0.999000   26.52 0.000  1.55 0.000 9.999 0.259 0.16 0.000  0.073 0.000  3.968 0.000  5.555 0.000  22.498 0.000   4.811 0.000  17.688 0.000 0.064 0.000  1.962 0.000
163.25 164.25 99.999 0.999000 9999.99 0.999 99.99 0.999 9.999 0.999 9.99 0.999 99.999 0.999 99.999 0.999 99.999 0.999 999.999 0.999 999.999 0.999 999.999 0.999 9.999 0.999 99.999 0.999
166.25 167.25 99.999 0.999000   22.20 0.000  1.26 0.000 0.040 0.000 9.99 0.259  0.066 0.000  1.809 0.000  2.533 0.000  14.214 0.000   7.061 0.000   7.153 0.000 0.041 0.000  0.625 0.000
169.25 170.25 99.999 0.999000   33.67 0.000  0.96 0.000 9.999 0.259 9.99 0.259  0.055 0.000  3.690 0.000  5.166 0.000  20.833 0.000   3.280 0.000  17.553 0.000 0.045 0.000  2.273 0.000
172.25 173.25 99.999 0.999000   41.07 0.000  1.34 0.000 9.999 0.259 0.26 0.000  0.073 0.000  3.046 0.000  4.265 0.000  20.955 0.000   5.755 0.000  15.200 0.000 0.042 0.000  1.930 0.000
175.25 176.25 99.999 0.999000   28.51 0.000  0.62 0.000 9.999 0.259 0.22 0.000  0.044 0.000  1.652 0.000  2.313 0.000   9.595 0.000   2.673 0.000   6.921 0.000 0.024 0.000  0.693 0.000
178.25 179.25 99.999 0.999000  217.38 0.000  2.91 0.000 9.999 0.259 0.15 0.000  0.072 0.000  1.182 0.000  1.655 0.000  15.067 0.000   6.721 0.000   8.345 0.000 0.080 0.000  0.550 0.000
181.25 182.25 99.999 0.999000   95.76 0.000  0.85 0.000 0.052 0.000 9.99 0.259  0.052 0.000  3.273 0.000  4.582 0.000  22.945 0.000   6.523 0.000  16.422 0.000 0.074 0.000  1.736 0.000
184.25 185.25 99.999 0.999000   67.03 0.000  1.21 0.000 9.999 0.259 0.16 0.000  0.055 0.000  3.190 0.000  4.466 0.000  22.620 0.000   4.930 0.000  17.690 0.000 0.085 0.000  2.389 0.000
187.25 188.25 99.999 0.999000   67.03 0.000  4.05 0.000 9.999 0.259 9.99 0.259  0.043 0.000  4.579 0.000  6.410 0.000  30.392 0.000   4.560 0.000  25.832 0.000 0.095 0.000  3.365 0.000
190.25 191.25 99.999 0.999000   84.49 0.000  0.79 0.000 9.999 0.259 9.99 0.259  0.029 0.000  2.894 0.000  4.051 0.000  21.767 0.000   4.197 0.000  17.571 0.000 0.073 0.000  2.192 0.000
193.25 194.25 99.999 0.999000   17.64 0.000  1.55 0.000 9.999 0.259 9.99 0.259  0.026 0.000  2.130 0.000  2.982 0.000  17.320 0.000   4.945 0.000  12.375 0.000 0.037 0.000  1.709 0.000
196.25 197.25 99.999 0.999000   41.40 0.000  0.80 0.000 0.040 0.000 9.99 0.259  0.052 0.000  2.123 0.000  2.972 0.000  16.388 0.000   6.862 0.000   9.526 0.000 0.040 0.000  1.074 0.000
199.25 200.25 99.999 0.999000  101.46 0.000  0.70 0.000 0.052 0.000 9.99 0.259  0.042 0.000  1.831 0.000  2.563 0.000  16.258 0.000   6.751 0.000   9.508 0.000 0.062 0.000  0.815 0.000
202.25 203.25 99.999 0.999000   30.57 0.000  0.80 0.000 0.048 0.000 9.99 0.259  0.023 0.000  2.544 0.000  3.562 0.000  23.448 0.000   8.665 0.000  14.783 0.000 0.042 0.000  1.745 0.000
205.25 206.25 99.999 0.559999   23.46 0.000  0.57 0.000 9.999 0.259 9.99 0.259  0.132 0.559  2.185 0.000  3.059 0.000  15.107 0.000   5.469 0.000   9.638 0.000 0.051 0.000  0.945 0.559
208.25 209.25 99.999 0.999000   86.22 0.000  0.68 0.000 0.037 0.000 0.35 0.000  0.157 0.000  1.518 0.000  2.125 0.000  15.229 0.000   6.168 0.000   9.061 0.000 0.059 0.000  1.024 0.000
211.25 212.25 99.999 0.999000   93.76 0.000  0.51 0.000 0.050 0.000 9.99 0.259  0.041 0.000  1.340 0.000  1.875 0.000  12.868 0.000   6.579 0.000   6.289 0.000 0.056 0.000  0.416 0.000
214.25 215.25 99.999 0.999000   25.27 0.000  0.84 0.000 9.999 0.259 0.27 0.000  0.029 0.000  3.967 0.000  5.554 0.000  34.150 0.000   4.539 0.000  29.612 0.000 0.039 0.000  4.708 0.000
217.25 218.25 99.999 0.559999  109.27 0.000  1.43 0.000 0.041 0.000 0.15 0.000  0.041 0.559  2.830 0.000  3.962 0.000  27.368 0.000   6.073 0.000  21.296 0.000 0.064 0.000  3.205 0.559
220.25 221.25 99.999 0.999000   54.86 0.000  2.71 0.000 9.999 0.259 0.12 0.000  0.048 0.000  5.168 0.000  7.236 0.000  34.232 0.000   3.526 0.000  30.706 0.000 0.053 0.000  4.410 0.000
223.25 224.25 99.999 0.999000   39.46 0.000  3.77 0.000 9.999 0.259 9.99 0.259  0.052 0.000  3.558 0.000  4.982 0.000  21.242 0.000   3.970 0.000  17.271 0.000 0.040 0.000  1.956 0.000
226.25 227.25 99.999 0.999000   35.69 0.000  0.33 0.000 9.999 0.259 0.26 0.000  0.040 0.000  1.769 0.000  2.477 0.000  11.601 0.000   3.063 0.000   8.538 0.000 0.045 0.000  1.048 0.000
229.25 230.25 99.999 0.999000   13.40 0.000  1.10 0.000 9.999 0.259 0.17 0.000  0.052 0.000  1.389 0.000  1.944 0.000  11.070 0.000   5.509 0.000   5.562 0.000 0.037 0.000  0.569 0.000
232.25 233.25 99.999 0.999000   23.67 0.000  1.27 0.000 9.999 0.259 0.18 0.000  0.072 0.000  3.219 0.000  4.507 0.000  22.035 0.000   8.499 0.000  13.536 0.000 0.060 0.000  1.376 0.000
235.25 236.25 99.999 0.999000   34.17 0.000  0.81 0.000 9.999 0.259 0.28 0.000  0.030 0.000  2.144 0.000  3.002 0.000  14.451 0.000   4.652 0.000   9.799 0.000 0.049 0.000  1.124 0.000
238.25 239.25 99.999 0.559999 9999.99 0.456 99.99 0.456 9.999 0.456 9.99 0.456  0.065 0.559  1.764 0.000  2.469 0.000  21.093 0.000 999.999 0.999 999.999 0.456 9.999 0.456  2.846 0.559
241.25 242.25 99.999 0.999000   14.91 0.000  1.05 0.000 9.999 0.259 9.99 0.259  0.052 0.000  2.008 0.000  2.811 0.000  14.852 0.000   1.998 0.000  12.855 0.000 0.028 0.000  1.967 0.000
244.25 245.25  0.705 0.000000   12.43 0.000  0.90 0.000 9.999 0.259 9.99 0.259  0.030 0.000  1.570 0.000  2.198 0.000  11.400 0.000   2.278 0.000   9.122 0.000 0.028 0.000  1.305 0.000
247.25 248.25 99.999 0.999000 9999.99 0.999 99.99 0.999 9.999 0.999 9.99 0.999 99.999 0.999 99.999 0.999 99.999 0.999 999.999 0.999 999.999 0.999 999.999 0.999 9.999 0.999 99.999 0.999
250.25 251.25  2.742 0.000000   37.61 0.000  2.62 0.000 9.999 0.259 0.43 0.000  0.062 0.000  3.780 0.000  5.292 0.000  28.666 0.000   4.464 0.000  24.202 0.000 0.047 0.000  3.688 0.000
253.25 254.25  4.771 0.000000   54.82 0.000  3.45 0.000 9.999 0.259 9.99 0.259  0.050 0.000  2.622 0.000  3.670 0.000  41.422 0.000   8.188 0.000  33.234 0.000 0.061 0.000  6.466 0.000
256.25 257.25  0.224 0.000000   41.85 0.000  0.87 0.000 9.999 0.259 0.27 0.000  0.063 0.000  1.143 0.000  1.600 0.000   8.681 0.000   3.007 0.000   5.674 0.000 0.038 0.000  0.731 0.000
