scripts/IMPROVE-2019_partial/data/US9021R.20090101050000.20191216000000.filterpack...52w.3d.US03L_filterpack_US9021.US03L_IMPROVE_Davis.lev2.nas
52 1001
MISSING INFORMATION
US03L, IMPROVE, , , , , , , 
MISSING INFORMATION
IMPROVE sel_HTAP
1 1
2009 01 01 2019 12 16
3.000000
days from file reference point
5
1 1 1 1 1
999.999999 999.999 9.999 999.999 9.999
end_time of measurement, days from the file reference point
pm10_mass, ug/m3, Matrix=pm10
numflag pm10_mass, no unit, Matrix=pm10
pm25_mass, ug/m3, Matrix=pm25
numflag pm25_mass, no unit, Matrix=pm25
0
33
Data definition:              EBAS_1.1
Set type code:                TU
Timezone:                     UTC
File name:                    US9021R.20090101050000.20191216000000.filterpack...52w.3d.US03L_filterpack_US9021.US03L_IMPROVE_Davis.lev2.nas
File creation:                20191218120632
Startdate:                    20090101050000
Revision date:                20191216000000
Version:                      2
Version description:          "Data extracted from http://views.cira.colostate.edu/fed/DataWizard 2019-12-16"
Statistics:                   arithmetic mean
Data level:                   2
Period code:                  52w
Resolution code:              3d
Sample duration:              1d
Orig. time res.:              3d
Station code:                 US9021R
Platform code:                US9021S
Station name:                 M.K. Goddard
Station latitude:             41.4269
Station longitude:            -80.1453
Station altitude:             379.0 m
Regime:                       IMG
Component:                    
Unit:                         ug/m3
Matrix:                       
Laboratory code:              US03L
Instrument type:              filterpack
Instrument name:              filterpack_US9021
Method ref:                   US03L_IMPROVE_Davis
Blank correction:             Blank corrected
Volume std. temperature:      ambient
Volume std. pressure:         ambient
starttime endtime PM10 flag_PM10 PM2.5 flag_PM2.5
  0.208333   1.208333   5.652 0.000   3.316 0.000
  3.208333   4.208333   9.985 0.000   7.567 0.000
  6.208333   7.208333   4.782 0.000   4.430 0.000
  9.208333  10.208333  11.911 0.000  10.925 0.000
 12.208333  13.208333   9.325 0.000   6.509 0.000
 15.208333  16.208333  17.014 0.000  13.997 0.000
 18.208333  19.208333  20.515 0.000  18.423 0.000
 21.208333  22.208333  22.103 0.000  16.281 0.000
 24.208333  25.208333  13.363 0.000  11.135 0.000
 27.208333  28.208333  11.232 0.000  10.353 0.000
 30.208333  31.208333  11.551 0.000   9.270 0.000
 33.208333  34.208333  20.548 0.000  16.326 0.000
 36.208333  37.208333  19.966 0.000  12.749 0.000
 39.208333  40.208333  19.231 0.000  15.110 0.000
 42.208333  43.208333   6.455 0.000   5.451 0.000
 45.208333  46.208333   4.176 0.000   2.918 0.000
 48.208333  49.208333   7.778 0.000   5.690 0.000
 51.208333  52.208333  11.847 0.000   9.091 0.000
 54.208333  55.208333   7.655 0.000   5.739 0.000
 57.208333  58.208333   9.946 0.000   7.572 0.000
 60.208333  61.208333   9.690 0.000   3.182 0.000
 63.208333  64.208333  21.527 0.000  12.417 0.000
 66.208333  67.208333   3.657 0.000   2.820 0.000
 69.208333  70.208333   8.500 0.000   5.187 0.000
 72.208333  73.208333  12.604 0.000   8.432 0.000
 75.208333  76.208333  16.607 0.000  13.088 0.000
 78.208333  79.208333   7.407 0.000   5.176 0.000
 81.208333  82.208333   5.921 0.000   3.170 0.000
 84.208333  85.208333  11.826 0.000  10.204 0.000
 87.208333  88.208333   4.363 0.000   3.423 0.000
 90.208333  91.208333   9.961 0.000   6.835 0.000
 93.208333  94.208333   4.510 0.000   3.528 0.000
 96.208333  97.208333   3.792 0.000   2.297 0.000
 99.208333 100.208333  12.480 0.000   9.754 0.000
102.208333 103.208333   8.685 0.000   4.638 0.000
105.208333 106.208333  10.234 0.000   6.304 0.000
108.208333 109.208333  19.901 0.000  14.976 0.000
111.208333 112.208333   3.703 0.000   2.651 0.000
114.208333 115.208333  12.491 0.000   6.289 0.000
117.208333 118.208333  12.398 0.000   6.820 0.000
120.208333 121.208333   8.668 0.000   5.211 0.000
123.208333 124.208333  12.743 0.000   8.536 0.000
126.208333 127.208333  10.919 0.000   8.033 0.000
129.208333 130.208333   6.679 0.000   4.513 0.000
132.208333 133.208333  16.711 0.000   9.427 0.000
135.208333 136.208333  13.922 0.000   9.447 0.000
138.208333 139.208333  12.012 0.000   6.610 0.000
141.208333 142.208333  24.569 0.000  13.744 0.000
144.208333 145.208333  17.985 0.000   9.982 0.000
147.208333 148.208333  13.241 0.000   8.976 0.000
150.208333 151.208333   9.290 0.000   4.362 0.000
153.208333 154.208333  12.372 0.000   8.442 0.000
156.208333 157.208333  15.832 0.000   9.743 0.000
159.208333 160.208333  19.042 0.000  12.854 0.000
162.208333 163.208333  12.963 0.000   9.135 0.000
165.208333 166.208333  11.343 0.000   7.996 0.000
168.208333 169.208333   6.325 0.000   3.838 0.000
171.208333 172.208333   7.203 0.000   3.587 0.000
174.208333 175.208333  12.805 0.000   8.319 0.000
177.208333 178.208333  13.350 0.000   9.308 0.000
180.208333 181.208333   7.418 0.000   4.521 0.000
183.208333 184.208333   8.812 0.000   6.079 0.000
186.208333 187.208333  13.515 0.000  10.266 0.000
189.208333 190.208333   8.630 0.000   6.097 0.000
192.208333 193.208333   8.586 0.000   5.075 0.000
195.208333 196.208333  15.888 0.000  11.234 0.000
198.208333 199.208333   7.887 0.000   5.205 0.000
201.208333 202.208333  11.953 0.000   9.620 0.000
204.208333 205.208333  14.569 0.000  11.007 0.000
207.208333 208.208333  10.498 0.000   7.016 0.000
210.208333 211.208333  16.964 0.000  14.162 0.000
213.208333 214.208333  16.105 0.000  12.815 0.000
216.208333 217.208333   6.737 0.000   3.751 0.000
219.208333 220.208333  14.653 0.000  10.490 0.000
222.208333 223.208333  11.945 0.000   7.228 0.000
225.208333 226.208333  15.772 0.000  11.501 0.000
228.208333 229.208333  31.773 0.000  28.188 0.000
231.208333 232.208333  17.420 0.000  12.282 0.000
234.208333 235.208333   8.639 0.000   6.096 0.000
237.208333 238.208333  21.724 0.000  17.681 0.000
240.208333 241.208333  14.696 0.000  10.853 0.000
243.208333 244.208333   7.881 0.000   4.946 0.000
246.208333 247.208333  15.365 0.000  11.174 0.000
249.208333 250.208333  18.228 0.000  15.915 0.000
252.208333 253.208333  11.993 0.000   8.239 0.000
255.208333 256.208333  12.701 0.000   9.459 0.000
258.208333 259.208333   6.923 0.000   3.566 0.000
261.208333 262.208333   5.756 0.000   2.782 0.000
264.208333 265.208333  16.338 0.000  12.738 0.000
267.208333 268.208333   6.527 0.000   3.345 0.000
270.208333 271.208333  16.079 0.000   6.119 0.000
273.208333 274.208333   8.887 0.000   5.566 0.000
276.208333 277.208333   7.670 0.000   4.747 0.000
279.208333 280.208333   6.024 0.000   2.592 0.000
282.208333 283.208333   5.699 0.000   3.745 0.000
285.208333 286.208333   8.996 0.000   5.791 0.000
288.208333 289.208333   3.648 0.000   3.303 0.000
291.208333 292.208333  10.043 0.000   6.627 0.000
294.208333 295.208333  18.201 0.000  13.104 0.000
297.208333 298.208333   5.992 0.000   3.963 0.000
300.208333 301.208333   4.176 0.000   2.943 0.000
303.208333 304.208333   6.258 0.000   3.937 0.000
306.208333 307.208333   9.344 0.000   6.084 0.000
309.208333 310.208333   6.331 0.000   4.216 0.000
312.208333 313.208333  24.534 0.000  17.972 0.000
315.208333 316.208333   6.870 0.000   4.682 0.000
318.208333 319.208333  23.209 0.000  16.898 0.000
321.208333 322.208333  11.360 0.000   5.006 0.000
324.208333 325.208333  23.601 0.000  17.848 0.000
327.208333 328.208333   9.312 0.000   7.176 0.000
330.208333 331.208333   2.583 0.000   1.884 0.000
333.208333 334.208333   2.835 0.000   2.150 0.000
336.208333 337.208333   5.427 0.000   4.279 0.000
339.208333 340.208333  15.425 0.000  12.681 0.000
342.208333 343.208333 999.999 0.999 999.999 0.999
345.208333 346.208333  12.693 0.000   8.065 0.000
348.208333 349.208333   4.481 0.000   3.700 0.000
351.208333 352.208333  11.248 0.000   7.933 0.000
354.208333 355.208333  13.692 0.000 999.999 0.456
357.208333 358.208333   6.432 0.000   5.015 0.000
360.208333 361.208333  12.576 0.000   5.929 0.000
363.208333 364.208333  11.563 0.000   7.898 0.000
