scripts/IMPROVE-2019_partial/data/US9029R.20030103070000.20191216000000.filterpack..pm25.1y.1w.US03L_filterpack_US9029.US03L_IMPROVE_Davis.lev2.nas
66 1001
MISSING INFORMATION
US03L, IMPROVE, , , , , , , 
MISSING INFORMATION
IMPROVE sel_HTAP
1 1
2003 01 01 2019 12 16
3.000000
days from file reference point
27
1 1 1 1 1 1 1 1 1 1 1 1 1 1 1 1 1 1 1 1 1 1 1 1 1 1 1
999.999999 9999.99 9.999 99.99 9.999999 9.999 9.999999 99.99 9.999999 9.999 9.999 999.999 9.999 999.999 9.999 99.99 9.999999 999.999 9.999 999.999 9.999 999.999 9.999 9.999 9.999 9.999 9.999
end_time of measurement, days from the file reference point
iron, ng/m3, Revision date=20181210133000
numflag iron, no unit, Revision date=20181210133000
lead, ng/m3, Revision date=20181210133000
numflag lead, no unit, Revision date=20181210133000
magnesium, ug/m3, Revision date=20181210133000
numflag magnesium, no unit, Revision date=20181210133000
nickel, ng/m3, Revision date=20181210133000
numflag nickel, no unit, Revision date=20181210133000
nitrate, ug N/m3, Revision date=20181210133000
numflag nitrate, no unit, Revision date=20181210133000
organic_carbon, ug C/m3, Revision date=20181210133000
numflag organic_carbon, no unit, Revision date=20181210133000
organic_mass, ug/m3, Revision date=20181210133000
numflag organic_mass, no unit, Revision date=20181210133000
phosphorus, ng/m3, Revision date=20181210133000
numflag phosphorus, no unit, Revision date=20181210133000
pm10_mass, ug/m3, Version=2, Version description=Data extracted from http://views.cira.colostate.edu/fed/DataWizard 2019-12-16, Sample duration=1d, Orig. time res.=3d, Matrix=pm10, Blank correction=Blank corrected, Volume std. temperature=ambient, Volume std. pressure=ambient
numflag pm10_mass, no unit, Version=2, Version description=Data extracted from http://views.cira.colostate.edu/fed/DataWizard 2019-12-16, Sample duration=1d, Orig. time res.=3d, Matrix=pm10, Blank correction=Blank corrected, Volume std. temperature=ambient, Volume std. pressure=ambient
pm10_pm25_mass, ug/m3, Revision date=20181210133000, Matrix=pm10_pm25
numflag pm10_pm25_mass, no unit, Revision date=20181210133000, Matrix=pm10_pm25
pm25_mass, ug/m3, Version=2, Version description=Data extracted from http://views.cira.colostate.edu/fed/DataWizard 2019-12-16, Sample duration=1d, Orig. time res.=3d, Blank correction=Blank corrected, Volume std. temperature=ambient, Volume std. pressure=ambient
numflag pm25_mass, no unit, Version=2, Version description=Data extracted from http://views.cira.colostate.edu/fed/DataWizard 2019-12-16, Sample duration=1d, Orig. time res.=3d, Blank correction=Blank corrected, Volume std. temperature=ambient, Volume std. pressure=ambient
potassium, ug/m3, Revision date=20181210133000
numflag potassium, no unit, Revision date=20181210133000
sulphate_total, ug S/m3, Revision date=20181210133000
numflag sulphate_total, no unit, Revision date=20181210133000
0
25
Data definition:              EBAS_1.1
Set type code:                TU
Timezone:                     UTC
File name:                    US9029R.20030103070000.20191216000000.filterpack..pm25.1y.1w.US03L_filterpack_US9029.US03L_IMPROVE_Davis.lev2.nas
File creation:                20191218120707
Startdate:                    20030103070000
Revision date:                20191216000000
Statistics:                   arithmetic mean
Data level:                   2
Period code:                  1y
Resolution code:              1w
Station code:                 US9029R
Platform code:                US9029S
Station name:                 North Absaroka
Station latitude:             44.7448
Station longitude:            -109.3816
Station altitude:             2482.0 m
Regime:                       IMG
Component:                    
Matrix:                       pm25
Laboratory code:              US03L
Instrument type:              filterpack
Instrument name:              filterpack_US9029
Method ref:                   US03L_IMPROVE_Davis
starttime endtime Fe flag_Fe Pb flag_Pb Mg++ flag_Mg++ Ni flag_Ni NO3- flag_NO3- OC flag_OC OM flag_OM P flag_P PM10 flag_PM10 PM10-PM2.5 flag_PM10-PM2.5 PM2.5 flag_PM2.5 K+ flag_K+ SO4-- flag_SO4--
[from data line 80]
242.291667 243.291667   28.82 0.000  0.42 0.000000 9.999 0.259000  0.10 0.000000 0.057 0.559   3.140 0.000   4.396 0.000 99.99 0.259000   9.436 0.000   1.667 0.000   7.769 0.000 0.029 0.000 0.244 0.559
245.291667 246.291667   60.30 0.699  0.25 0.699000 9.999 0.699259  0.06 0.699000 0.028 0.559   4.436 0.000   6.210 0.000 99.99 0.699259  18.518 0.000   6.838 0.000  11.681 0.699 0.069 0.699 0.331 0.559
248.291667 249.291667   26.41 0.559  0.18 0.559000 9.999 0.559259  0.08 0.559000 0.022 0.559   2.782 0.000   3.895 0.000 99.99 0.559259   8.293 0.000   0.912 0.000   7.381 0.559 0.042 0.559 0.313 0.559
251.291667 252.291667   16.84 0.000  0.09 0.000000 9.999 0.259000  0.08 0.000000 0.008 0.559   0.493 0.000   0.690 0.000 99.99 0.259000   2.890 0.000   1.159 0.000   1.730 0.000 0.013 0.000 0.066 0.559
254.291667 255.291667    8.45 0.000  0.21 0.000000 9.999 0.259000  0.09 0.000000 0.005 0.559   0.373 0.000   0.522 0.000 99.99 0.259000   3.904 0.000   2.778 0.000   1.125 0.000 0.007 0.000 0.050 0.559
257.291667 258.291667   30.79 0.000  0.37 0.000000 9.999 0.259000  0.11 0.000000 0.015 0.559   0.696 0.000   0.974 0.000 99.99 0.259000   4.412 0.000   1.855 0.000   2.557 0.000 0.033 0.000 0.070 0.559
260.291667 261.291667   19.55 0.000  0.27 0.000000 9.999 0.259000  0.09 0.000000 0.009 0.559   0.362 0.000   0.507 0.000 99.99 0.259000   3.265 0.000   1.705 0.000   1.561 0.000 0.015 0.000 0.043 0.559
263.291667 264.291667 9999.99 0.999 99.99 0.999000 9.999 0.999000 99.99 0.999000 9.999 0.999 999.999 0.999 999.999 0.999 99.99 0.999000 999.999 0.999 999.999 0.999 999.999 0.999 9.999 0.999 9.999 0.999
266.291667 267.291667   33.29 0.000  0.24 0.000000 9.999 0.259000  0.18 0.000000 0.038 0.000   0.699 0.000   0.979 0.000 99.99 0.259000  11.655 0.000   8.401 0.000   3.254 0.000 0.023 0.000 0.144 0.000
269.291667 270.291667   48.81 0.000  0.25 0.000000 9.999 0.259000  1.46 0.000000 0.018 0.000   0.798 0.000   1.117 0.000 99.99 0.259000   9.010 0.000   4.700 0.000   4.310 0.000 0.031 0.000 0.105 0.000
272.291667 273.291667   35.55 0.000  0.14 0.000000 9.999 0.259000  1.16 0.000000 0.022 0.000   0.650 0.000   0.910 0.000 99.99 0.259000  10.653 0.000   6.258 0.000   4.394 0.000 0.024 0.000 0.252 0.000
275.291667 276.291667   34.72 0.000  0.25 0.000000 9.999 0.259000  0.25 0.000000 0.015 0.000   0.531 0.000   0.743 0.000 99.99 0.259000   8.610 0.000   5.516 0.000   3.093 0.000 0.023 0.000 0.176 0.000
278.291667 279.291667   33.08 0.000  0.26 0.000000 9.999 0.259000  0.10 0.000000 0.019 0.000   2.169 0.000   3.037 0.000 99.99 0.259000   9.503 0.000   3.362 0.000   6.141 0.000 0.038 0.000 0.236 0.000
281.291667 282.291667   39.87 0.000  0.39 0.000000 0.021 0.000000  0.11 0.000000 0.019 0.000   0.729 0.000   1.021 0.000 99.99 0.259000  10.884 0.000   7.727 0.000   3.157 0.000 0.030 0.000 0.084 0.000
284.291667 285.291667   32.66 0.000  0.33 0.000000 9.999 0.259000  0.10 0.000000 0.023 0.000   0.512 0.000   0.717 0.000 99.99 0.259000   8.000 0.000   5.531 0.000   2.469 0.000 0.029 0.000 0.081 0.000
287.291667 288.291667 9999.99 0.999 99.99 0.999000 9.999 0.999000 99.99 0.999000 9.999 0.999 999.999 0.999 999.999 0.999 99.99 0.999000 999.999 0.999 999.999 0.999 999.999 0.999 9.999 0.999 9.999 0.999
290.291667 291.291667 9999.99 0.999 99.99 0.999000 9.999 0.999000 99.99 0.999000 9.999 0.999 999.999 0.999 999.999 0.999 99.99 0.999000 999.999 0.999 999.999 0.999 999.999 0.999 9.999 0.999 9.999 0.999
293.291667 294.291667 9999.99 0.999 99.99 0.999000 9.999 0.999000 99.99 0.999000 9.999 0.999 999.999 0.999 999.999 0.999 99.99 0.999000 999.999 0.999 999.999 0.999 999.999 0.999 9.999 0.999 9.999 0.999
296.291667 297.291667   65.73 0.000  0.25 0.000000 9.999 0.259000  0.05 0.000000 0.019 0.000   0.355 0.000   0.497 0.000 99.99 0.259000   9.673 0.000   6.824 0.000   2.848 0.000 0.041 0.000 0.057 0.000
299.291667 300.291667   15.68 0.000  0.21 0.000000 9.999 0.259000  0.07 0.000000 0.024 0.000   0.596 0.000   0.834 0.000 99.99 0.259000   4.849 0.000   3.113 0.000   1.736 0.000 0.016 0.000 0.042 0.000
302.291667 303.291667    1.21 0.000  0.19 0.000000 9.999 0.259000  0.04 0.000000 0.003 0.000   0.013 0.000   0.018 0.000 99.99 0.259000   2.594 0.000   2.047 0.000   0.547 0.000 0.003 0.000 0.054 0.000
305.291667 306.291667    6.68 0.559  0.19 0.559000 9.999 0.559259  0.04 0.559000 0.057 0.000   0.682 0.000   0.955 0.000 99.99 0.559259   3.202 0.000   0.811 0.000   2.391 0.559 0.013 0.559 0.177 0.000
308.291667 309.291667 9999.99 0.999 99.99 0.999000 9.999 0.999000 99.99 0.999000 9.999 0.999 999.999 0.999 999.999 0.999 99.99 0.999000 999.999 0.999 999.999 0.999 999.999 0.999 9.999 0.999 9.999 0.999
311.291667 312.291667    4.18 0.559  0.45 0.559000 9.999 0.559259 99.99 0.559259 0.013 0.000   0.293 0.000   0.410 0.000 99.99 0.559259   1.562 0.000   0.388 0.000   1.174 0.559 0.006 0.559 0.092 0.000
314.291667 315.291667    9.03 0.000  0.20 0.000000 9.999 0.259000  0.08 0.000000 0.008 0.000   0.131 0.000   0.183 0.000 99.99 0.259000   4.219 0.000   3.584 0.000   0.635 0.000 0.007 0.000 0.020 0.000
317.291667 318.291667    4.99 0.000  0.32 0.000000 0.027 0.000000  0.05 0.000000 0.007 0.000   0.254 0.000   0.356 0.000 99.99 0.259000   4.027 0.000   2.839 0.000   1.188 0.000 0.005 0.000 0.083 0.000
320.291667 321.291667    3.94 0.000  0.20 0.000000 9.999 0.259000  0.07 0.000000 0.006 0.000   0.046 0.000   0.065 0.000 99.99 0.259000   1.109 0.000   0.710 0.000   0.400 0.000 0.004 0.000 0.009 0.000
323.291667 324.291667 9999.99 0.999 99.99 0.999000 9.999 0.999000 99.99 0.999000 9.999 0.999 999.999 0.999 999.999 0.999 99.99 0.999000 999.999 0.999 999.999 0.999 999.999 0.999 9.999 0.999 9.999 0.999
326.291667 327.291667 9999.99 0.999 99.99 0.999000 9.999 0.999000 99.99 0.999000 9.999 0.999 999.999 0.999 999.999 0.999 99.99 0.999000 999.999 0.999 999.999 0.999 999.999 0.999 9.999 0.999 9.999 0.999
329.291667 330.291667    2.11 0.000  0.20 0.000000 9.999 0.259000 99.99 0.259000 0.020 0.559   0.241 0.000   0.337 0.000 99.99 0.259000   2.811 0.000   2.208 0.000   0.603 0.000 0.004 0.000 0.034 0.559
332.291667 333.291667    4.24 0.000  0.26 0.000000 9.999 0.259000 99.99 0.259000 0.003 0.000   0.291 0.000   0.408 0.000 99.99 0.259000   1.849 0.000   1.346 0.000   0.503 0.000 0.003 0.000 0.038 0.000
335.291667 336.291667    6.32 0.000  0.38 0.000000 9.999 0.259000 99.99 0.259000 0.089 0.000   0.390 0.000   0.547 0.000 99.99 0.259000   2.242 0.000   0.686 0.000   1.556 0.000 0.007 0.000 0.105 0.000
338.291667 339.291667    6.86 0.000  0.11 0.000000 9.999 0.259000 99.99 0.259000 0.003 0.000   0.095 0.000   0.132 0.000 99.99 0.259000   2.852 0.000   2.224 0.000   0.628 0.000 0.006 0.000 0.029 0.000
341.291667 342.291667    1.21 0.000 99.99 0.259000 9.999 0.259000 99.99 0.259000 0.012 0.000   0.136 0.000   0.190 0.000 99.99 0.259000   0.909 0.000   0.407 0.000   0.503 0.000 0.003 0.000 0.029 0.000
344.291667 345.291667    2.94 0.000  0.28 0.000000 9.999 0.259000  0.08 0.000000 0.033 0.000   0.233 0.000   0.326 0.000 99.99 0.259000   3.431 0.000   2.466 0.000   0.965 0.000 0.005 0.000 0.075 0.000
347.291667 348.291667    3.79 0.000  0.27 0.000000 0.045 0.000000  0.07 0.000000 0.003 0.000   0.180 0.000   0.252 0.000  3.29 0.000000   3.348 0.000   2.809 0.000   0.539 0.000 0.004 0.000 0.039 0.000
350.291667 351.291667    7.80 0.000  0.38 0.000000 9.999 0.259000  0.06 0.000000 0.026 0.000   0.154 0.000   0.216 0.000 99.99 0.259000   4.216 0.000   3.643 0.000   0.574 0.000 0.007 0.000 0.050 0.000
353.291667 354.291667    5.55 0.000  0.18 0.000000 9.999 0.259000  0.04 0.000000 0.005 0.000   0.114 0.000   0.160 0.000 99.99 0.259000   1.685 0.000   1.202 0.000   0.482 0.000 0.005 0.000 0.038 0.000
356.291667 357.291667   15.01 0.000  0.17 0.000000 9.999 0.259000  0.06 0.000000 0.003 0.000   0.147 0.000   0.206 0.000 99.99 0.259000   1.438 0.000   0.847 0.000   0.592 0.000 0.012 0.000 0.027 0.000
359.291667 360.291667    1.32 0.000  0.12 0.000000 9.999 0.259000 99.99 0.259000 0.002 0.000   0.205 0.000   0.286 0.000 99.99 0.259000   4.258 0.000   4.042 0.000   0.216 0.000 9.999 0.259 0.022 0.000
362.291667 363.291667    3.92 0.000  0.19 0.000000 9.999 0.259000  0.08 0.000000 0.006 0.000   0.286 0.000   0.400 0.000 99.99 0.259000   1.455 0.000   0.895 0.000   0.560 0.000 0.003 0.000 0.057 0.000
