scripts/IMPROVE-2019_partial/data/US9003R.20040101050000.20191216000000.filterpack..pm25.52w.1w.US03L_filterpack_US9003.US03L_IMPROVE_Davis.lev2.nas
66 1001
MISSING INFORMATION
US03L, IMPROVE, , , , , , , 
MISSING INFORMATION
IMPROVE sel_HTAP
1 1
2004 01 01 2019 12 16
3.000000
days from file reference point
27
1 1 1 1 1 1 1 1 1 1 1 1 1 1 1 1 1 1 1 1 1 1 1 1 1 1 1
999.999999 999.99 9.999 99.99 9.999 9.999 9.999 99.99 9.999 9.999 9.999 999.999 9.999 999.999 9.999 999.9 9.999999 999.999 9.999 99.999 9.999 999.999 9.999 9.999 9.999 99.999 9.999
end_time of measurement, days from the file reference point
iron, ng/m3, Revision date=20181210133000
numflag iron, no unit, Revision date=20181210133000
lead, ng/m3, Revision date=20181210133000
numflag lead, no unit, Revision date=20181210133000
magnesium, ug/m3, Revision date=20181210133000
numflag magnesium, no unit, Revision date=20181210133000
nickel, ng/m3, Revision date=20181210133000
numflag nickel, no unit, Revision date=20181210133000
nitrate, ug N/m3, Revision date=20181210133000
numflag nitrate, no unit, Revision date=20181210133000
organic_carbon, ug C/m3, Revision date=20181210133000
numflag organic_carbon, no unit, Revision date=20181210133000
organic_mass, ug/m3, Revision date=20181210133000
numflag organic_mass, no unit, Revision date=20181210133000
phosphorus, ng/m3, Revision date=20181210133000
numflag phosphorus, no unit, Revision date=20181210133000
pm10_mass, ug/m3, Version=2, Version description=Data extracted from http://views.cira.colostate.edu/fed/DataWizard 2019-12-16, Sample duration=1d, Orig. time res.=3d, Matrix=pm10, Blank correction=Blank corrected, Volume std. temperature=ambient, Volume std. pressure=ambient
numflag pm10_mass, no unit, Version=2, Version description=Data extracted from http://views.cira.colostate.edu/fed/DataWizard 2019-12-16, Sample duration=1d, Orig. time res.=3d, Matrix=pm10, Blank correction=Blank corrected, Volume std. temperature=ambient, Volume std. pressure=ambient
pm10_pm25_mass, ug/m3, Revision date=20181210133000, Matrix=pm10_pm25
numflag pm10_pm25_mass, no unit, Revision date=20181210133000, Matrix=pm10_pm25
pm25_mass, ug/m3, Version=2, Version description=Data extracted from http://views.cira.colostate.edu/fed/DataWizard 2019-12-16, Sample duration=1d, Orig. time res.=3d, Blank correction=Blank corrected, Volume std. temperature=ambient, Volume std. pressure=ambient
numflag pm25_mass, no unit, Version=2, Version description=Data extracted from http://views.cira.colostate.edu/fed/DataWizard 2019-12-16, Sample duration=1d, Orig. time res.=3d, Blank correction=Blank corrected, Volume std. temperature=ambient, Volume std. pressure=ambient
potassium, ug/m3, Revision date=20181210133000
numflag potassium, no unit, Revision date=20181210133000
sulphate_total, ug S/m3, Revision date=20181210133000
numflag sulphate_total, no unit, Revision date=20181210133000
0
25
Data definition:              EBAS_1.1
Set type code:                TU
Timezone:                     UTC
File name:                    US9003R.20040101050000.20191216000000.filterpack..pm25.52w.1w.US03L_filterpack_US9003.US03L_IMPROVE_Davis.lev2.nas
File creation:                20191218120526
Startdate:                    20040101050000
Revision date:                20191216000000
Statistics:                   arithmetic mean
Data level:                   2
Period code:                  52w
Resolution code:              1w
Station code:                 US9003R
Platform code:                US9003S
Station name:                 Mohawk Mt.
Station latitude:             41.8214
Station longitude:            -73.2973
Station altitude:             521.0 m
Regime:                       IMG
Component:                    
Matrix:                       pm25
Laboratory code:              US03L
Instrument type:              filterpack
Instrument name:              filterpack_US9003
Method ref:                   US03L_IMPROVE_Davis
starttime endtime Fe flag_Fe Pb flag_Pb Mg++ flag_Mg++ Ni flag_Ni NO3- flag_NO3- OC flag_OC OM flag_OM P flag_P PM10 flag_PM10 PM10-PM2.5 flag_PM10-PM2.5 PM2.5 flag_PM2.5 K+ flag_K+ SO4-- flag_SO4--
[from data line 84]
252.208333 253.208333  25.49 0.000  0.37 0.000 9.999 0.259  0.33 0.000 0.094 0.000   0.846 0.000   1.184 0.000 999.9 0.259000   7.680 0.000  2.548 0.000   5.131 0.000 0.031 0.000  0.630 0.000
255.208333 256.208333  31.43 0.000  2.59 0.000 0.124 0.000  0.81 0.000 0.081 0.000   1.601 0.000   2.241 0.000 999.9 0.259000   9.980 0.000  2.144 0.000   7.835 0.000 0.022 0.000  1.144 0.000
258.208333 259.208333  14.56 0.000  0.79 0.000 0.108 0.000  0.54 0.000 0.103 0.000   0.941 0.000   1.318 0.000 999.9 0.259000   7.192 0.000  3.644 0.000   3.549 0.000 0.016 0.000  0.379 0.000
261.208333 262.208333   3.89 0.000  0.78 0.000 9.999 0.259 99.99 0.259 0.013 0.000   0.422 0.000   0.591 0.000 999.9 0.259000   2.410 0.000  1.119 0.000   1.291 0.000 0.011 0.000  0.126 0.000
264.208333 265.208333  28.81 0.000  1.85 0.000 9.999 0.259  0.20 0.000 0.036 0.000   1.332 0.000   1.864 0.000 999.9 0.259000   7.030 0.000  3.165 0.000   3.865 0.000 0.024 0.000  0.299 0.000
267.208333 268.208333  20.25 0.000  1.40 0.000 9.999 0.259  0.86 0.000 0.060 0.000   1.416 0.000   1.982 0.000 999.9 0.259000   7.150 0.000  2.449 0.000   4.701 0.000 0.020 0.000  0.468 0.000
270.208333 271.208333  19.92 0.000  2.06 0.000 9.999 0.259  1.29 0.000 0.058 0.000   1.443 0.000   2.020 0.000 999.9 0.259000   8.102 0.000  2.026 0.000   6.076 0.000 0.016 0.000  0.754 0.000
273.208333 274.208333  27.68 0.000  2.08 0.000 9.999 0.259  2.87 0.000 0.115 0.000   1.416 0.000   1.982 0.000 999.9 0.259000   7.027 0.000  1.688 0.000   5.340 0.000 0.018 0.000  0.562 0.000
276.208333 277.208333   3.79 0.000  0.78 0.000 0.095 0.000  0.27 0.000 0.011 0.000   0.484 0.000   0.677 0.000 999.9 0.259000   3.431 0.000  1.987 0.000   1.444 0.000 0.017 0.000  0.130 0.000
279.208333 280.208333  13.28 0.000  1.63 0.000 9.999 0.259  0.27 0.000 0.029 0.000   0.715 0.000   1.001 0.000 999.9 0.259000   5.313 0.000  2.302 0.000   3.011 0.000 0.014 0.000  0.346 0.000
282.208333 283.208333  56.98 0.000  3.72 0.000 0.148 0.000  2.82 0.000 0.504 0.559   2.167 0.000   3.034 0.000 999.9 0.259000  19.453 0.000  3.301 0.000  16.152 0.000 0.037 0.000  2.570 0.559
285.208333 286.208333   8.15 0.000  0.94 0.000 9.999 0.259  0.19 0.000 0.028 0.000   0.710 0.000   0.994 0.000 999.9 0.259000   5.456 0.000  2.659 0.000   2.797 0.000 0.011 0.000  0.316 0.000
288.208333 289.208333   3.18 0.000  1.12 0.000 9.999 0.259  0.45 0.000 0.044 0.000   0.722 0.000   1.011 0.000 999.9 0.259000   3.142 0.000  0.451 0.000   2.690 0.000 0.010 0.000  0.265 0.000
291.208333 292.208333   8.30 0.000  1.17 0.000 0.109 0.000  0.17 0.000 0.025 0.000   0.626 0.000   0.876 0.000 999.9 0.259000   4.824 0.000  1.336 0.000   3.488 0.000 0.012 0.000  0.537 0.000
294.208333 295.208333   9.77 0.000  1.08 0.000 9.999 0.259  0.38 0.000 0.062 0.000   0.985 0.000   1.379 0.000 999.9 0.259000   7.402 0.000  3.684 0.000   3.718 0.000 0.020 0.000  0.326 0.000
297.208333 298.208333   3.58 0.000  0.78 0.000 9.999 0.259  0.32 0.000 0.047 0.000   0.034 0.000   0.047 0.000 999.9 0.259000   6.191 0.000  2.192 0.000   3.999 0.000 0.018 0.000  0.609 0.000
300.208333 301.208333  14.30 0.000  2.44 0.000 0.154 0.000  0.55 0.000 0.051 0.000   1.252 0.000   1.753 0.000 999.9 0.259000   7.754 0.000  1.121 0.000   6.633 0.000 0.024 0.000  0.832 0.000
303.208333 304.208333  24.85 0.000  2.62 0.000 9.999 0.259  2.65 0.000 0.197 0.000   1.438 0.000   2.013 0.000 999.9 0.259000   5.958 0.000 99.999 0.259   6.512 0.000 0.023 0.000  0.688 0.000
306.208333 307.208333  12.49 0.000  1.08 0.000 9.999 0.259  0.92 0.000 0.096 0.000   0.761 0.000   1.066 0.000 999.9 0.259000   4.734 0.000  1.798 0.000   2.936 0.000 0.013 0.000  0.311 0.000
309.208333 310.208333   5.68 0.000  0.81 0.000 9.999 0.259  0.49 0.000 0.020 0.559   0.918 0.000   1.286 0.000 999.9 0.259000   4.034 0.000  2.203 0.000   1.831 0.000 0.010 0.000  0.273 0.559
312.208333 313.208333   4.19 0.000  1.17 0.000 9.999 0.259 99.99 0.259 0.014 0.000   0.255 0.000   0.357 0.000 999.9 0.259000   2.315 0.000  0.989 0.000   1.326 0.000 0.014 0.000  0.191 0.000
315.208333 316.208333  43.69 0.000  3.81 0.000 9.999 0.259  1.54 0.000 0.395 0.559   1.423 0.000   1.992 0.000 999.9 0.259000  10.311 0.000  3.335 0.000   6.976 0.000 0.040 0.000  0.731 0.559
318.208333 319.208333  11.90 0.000  2.92 0.000 0.079 0.000  0.45 0.000 0.163 0.559   0.870 0.000   1.217 0.000 999.9 0.259000   4.303 0.000  1.035 0.000   3.268 0.000 0.035 0.000  0.353 0.559
321.208333 322.208333  59.41 0.000  7.44 0.000 9.999 0.259  0.69 0.000 0.413 0.559   1.730 0.000   2.422 0.000 999.9 0.259000  10.078 0.000  2.092 0.000   7.986 0.000 0.060 0.000  0.874 0.559
324.208333 325.208333  13.83 0.000  2.32 0.000 9.999 0.259  0.58 0.000 0.177 0.559   1.230 0.000   1.722 0.000 999.9 0.259000   5.187 0.000  0.964 0.000   4.223 0.000 0.054 0.000  0.435 0.559
327.208333 328.208333  27.36 0.000  2.30 0.000 9.999 0.259  0.68 0.000 0.329 0.000   0.976 0.000   1.367 0.000 999.9 0.259000   7.980 0.000  1.559 0.000   6.421 0.000 0.034 0.000  0.928 0.000
330.208333 331.208333  10.07 0.000  1.34 0.000 9.999 0.259  0.21 0.000 0.064 0.559   0.426 0.000   0.597 0.000 999.9 0.259000   3.059 0.000  0.455 0.000   2.604 0.000 0.020 0.000  0.354 0.559
333.208333 334.208333   6.35 0.000  0.80 0.000 0.121 0.000  0.35 0.000 0.019 0.559   0.311 0.000   0.435 0.000 999.9 0.259000   2.661 0.000  0.481 0.000   2.180 0.000 0.013 0.000  0.358 0.559
336.208333 337.208333  17.90 0.000  2.05 0.000 9.999 0.259  0.30 0.000 0.165 0.000   0.676 0.000   0.947 0.000 999.9 0.259000   4.890 0.000  1.077 0.000   3.813 0.000 0.022 0.000  0.509 0.000
339.208333 340.208333  24.93 0.000  3.47 0.000 9.999 0.259  0.25 0.000 0.223 0.000   0.985 0.000   1.379 0.000 999.9 0.259000   5.746 0.000  1.106 0.000   4.640 0.000 0.032 0.000  0.543 0.000
342.208333 343.208333   6.46 0.000  0.58 0.000 9.999 0.259  0.48 0.000 0.022 0.000   0.400 0.000   0.560 0.000 999.9 0.259000   3.595 0.000  0.645 0.000   2.950 0.000 0.012 0.000  0.491 0.000
345.208333 346.208333   4.33 0.000  1.11 0.000 0.104 0.000  0.36 0.000 0.047 0.000   0.338 0.000   0.473 0.000 999.9 0.259000   2.437 0.000  0.257 0.000   2.180 0.000 0.009 0.000  0.356 0.000
348.208333 349.208333   6.79 0.000  1.64 0.000 0.057 0.000  0.35 0.000 0.071 0.000   0.318 0.000   0.445 0.000 999.9 0.259000   2.812 0.000  0.878 0.000   1.934 0.000 0.016 0.000  0.223 0.000
351.208333 352.208333  28.10 0.000  2.33 0.000 0.103 0.000  1.28 0.000 0.164 0.000   0.893 0.000   1.251 0.000 999.9 0.259000   6.657 0.000  2.172 0.000   4.484 0.000 0.032 0.000  0.489 0.000
354.208333 355.208333   6.31 0.000  1.22 0.000 0.070 0.000  0.38 0.000 0.144 0.000   0.440 0.000   0.616 0.000 999.9 0.259000   4.560 0.000  1.706 0.000   2.854 0.000 0.031 0.000  0.192 0.000
357.208333 358.208333  10.40 0.000  0.70 0.000 9.999 0.259  1.25 0.000 0.115 0.000   0.800 0.000   1.120 0.000 999.9 0.259000   5.383 0.000  1.788 0.000   3.595 0.000 0.025 0.000  0.359 0.000
360.208333 361.208333   9.56 0.000  1.61 0.000 9.999 0.259  0.50 0.000 0.065 0.000   0.821 0.000   1.150 0.000 999.9 0.259000   5.655 0.000  1.191 0.000   4.464 0.000 0.033 0.000  0.605 0.000
363.208333 364.208333  48.11 0.000  5.11 0.000 9.999 0.259  1.86 0.000 0.413 0.000   1.973 0.000   2.762 0.000 999.9 0.259000  13.931 0.000  4.014 0.000   9.916 0.000 0.068 0.000  1.054 0.000
