scripts/IMPROVE-2019_partial/data/US9043R.20170101080000.20191216000000.filterpack...52w.3d.US03L_filterpack_US9043.US03L_IMPROVE_Davis.lev2.nas
52 1001
MISSING INFORMATION
US03L, IMPROVE, , , , , , , 
MISSING INFORMATION
IMPROVE sel_HTAP
1 1
2017 01 01 2019 12 16
3.000000
days from file reference point
5
1 1 1 1 1
999.999999 999.999 9.999 999.999 9.999
end_time of measurement, days from the file reference point
pm10_mass, ug/m3, Matrix=pm10
numflag pm10_mass, no unit, Matrix=pm10
pm25_mass, ug/m3, Matrix=pm25
numflag pm25_mass, no unit, Matrix=pm25
0
33
Data definition:              EBAS_1.1
Set type code:                TU
Timezone:                     UTC
File name:                    US9043R.20170101080000.20191216000000.filterpack...52w.3d.US03L_filterpack_US9043.US03L_IMPROVE_Davis.lev2.nas
File creation:                20191218120818
Startdate:                    20170101080000
Revision date:                20191216000000
Version:                      2
Version description:          "Data extracted from http://views.cira.colostate.edu/fed/DataWizard 2019-12-16"
Statistics:                   arithmetic mean
Data level:                   2
Period code:                  52w
Resolution code:              3d
Sample duration:              1d
Orig. time res.:              3d
Station code:                 US9043R
Platform code:                US9043S
Station name:                 San Gorgonio Wilderness
Station latitude:             34.1939
Station longitude:            -116.9132
Station altitude:             1726.0 m
Regime:                       IMG
Component:                    
Unit:                         ug/m3
Matrix:                       
Laboratory code:              US03L
Instrument type:              filterpack
Instrument name:              filterpack_US9043
Method ref:                   US03L_IMPROVE_Davis
Blank correction:             Blank corrected
Volume std. temperature:      ambient
Volume std. pressure:         ambient
starttime endtime PM10 flag_PM10 PM2.5 flag_PM2.5
  0.333333   1.333333   0.970 0.000   0.572 0.000
  3.333333   4.333333   1.132 0.000   0.356 0.000
  6.333333   7.333333   0.838 0.000   0.386 0.000
  9.333333  10.333333   1.281 0.000   0.699 0.000
 12.333333  13.333333 999.999 0.999 999.999 0.999
 15.333333  16.333333   1.890 0.000   0.832 0.000
 18.333333  19.333333   1.975 0.000   1.078 0.000
 21.333333  22.333333   0.885 0.000   0.480 0.000
 24.333333  25.333333   7.854 0.000   0.829 0.000
 27.333333  28.333333   1.505 0.000   0.589 0.000
 30.333333  31.333333   3.062 0.000   0.849 0.000
 33.333333  34.333333   3.470 0.000   0.657 0.000
 36.333333  37.333333   2.684 0.000   0.926 0.000
 39.333333  40.333333   1.903 0.000   0.653 0.000
 42.333333  43.333333   1.795 0.000   0.654 0.000
 45.333333  46.333333   3.617 0.000   1.158 0.000
 48.333333  49.333333   0.627 0.000   0.332 0.000
 51.333333  52.333333   1.827 0.000 999.999 0.456
 54.333333  55.333333   4.845 0.000   2.472 0.000
 57.333333  58.333333   0.462 0.000   0.180 0.000
 60.333333  61.333333  37.621 0.000 999.999 0.699
 63.333333  64.333333   3.837 0.000   1.691 0.000
 66.333333  67.333333   3.440 0.000   0.804 0.000
 69.333333  70.333333   6.710 0.000   2.335 0.000
 72.333333  73.333333   9.469 0.000   3.247 0.000
 75.333333  76.333333  10.446 0.000   3.982 0.000
 78.333333  79.333333  11.897 0.000   6.234 0.000
 81.333333  82.333333   7.833 0.000   3.194 0.000
 84.333333  85.333333   6.915 0.000   3.769 0.000
 87.333333  88.333333   9.213 0.000   2.684 0.000
 90.333333  91.333333   9.249 0.000   2.638 0.000
 93.333333  94.333333  13.266 0.000   4.827 0.000
 96.333333  97.333333  11.753 0.000   3.409 0.000
 99.333333 100.333333  12.565 0.000 999.999 0.456
102.333333 103.333333   8.113 0.000   2.594 0.000
105.333333 106.333333  10.014 0.000   3.938 0.000
108.333333 109.333333  13.500 0.000   5.249 0.000
111.333333 112.333333  15.276 0.000   4.981 0.000
114.333333 115.333333  14.088 0.000   5.234 0.000
117.333333 118.333333  14.779 0.000   3.716 0.000
120.333333 121.333333  15.467 0.000   5.531 0.000
123.333333 124.333333  14.665 0.000   5.501 0.000
126.333333 127.333333   1.892 0.000   0.785 0.000
129.333333 130.333333   5.742 0.000   3.720 0.000
132.333333 133.333333  16.095 0.000   6.916 0.000
135.333333 136.333333   9.444 0.000   4.596 0.000
138.333333 139.333333   9.102 0.000   1.945 0.000
141.333333 142.333333  14.288 0.000   5.731 0.000
144.333333 145.333333  16.409 0.000   4.772 0.000
147.333333 148.333333  11.851 0.000   4.083 0.000
150.333333 151.333333  23.796 0.000   8.711 0.000
153.333333 154.333333  15.145 0.000   5.502 0.000
156.333333 157.333333  15.954 0.000   6.447 0.000
159.333333 160.333333  10.405 0.000   3.604 0.000
162.333333 163.333333  12.628 0.000   4.026 0.000
165.333333 166.333333  14.690 0.000   5.221 0.000
168.333333 169.333333  13.771 0.000   6.416 0.000
171.333333 172.333333  13.910 0.000   5.267 0.000
174.333333 175.333333  19.530 0.000   8.083 0.000
177.333333 178.333333   8.037 0.000   3.077 0.000
180.333333 181.333333  16.593 0.000   6.442 0.000
183.333333 184.333333   6.019 0.000   2.104 0.000
186.333333 187.333333  18.044 0.000   8.505 0.000
189.333333 190.333333  25.232 0.000   9.072 0.000
192.333333 193.333333  19.462 0.000  11.459 0.000
195.333333 196.333333  12.602 0.000   6.403 0.000
198.333333 199.333333 999.999 0.456 999.999 0.456
201.333333 202.333333 999.999 0.456 999.999 0.456
204.333333 205.333333  11.033 0.000   6.471 0.000
207.333333 208.333333  10.124 0.000   4.510 0.000
210.333333 211.333333  11.390 0.000 999.999 0.456
213.333333 214.333333   6.919 0.000   2.588 0.000
216.333333 217.333333  14.994 0.000   7.764 0.000
219.333333 220.333333   8.841 0.000   3.590 0.000
222.333333 223.333333  15.664 0.000   6.269 0.000
225.333333 226.333333  11.124 0.000   5.570 0.000
228.333333 229.333333  14.277 0.000   5.964 0.000
231.333333 232.333333  10.099 0.000   4.402 0.000
234.333333 235.333333  11.832 0.000   5.181 0.000
237.333333 238.333333  14.219 0.000   4.611 0.000
240.333333 241.333333  14.374 0.000   5.160 0.000
243.333333 244.333333  13.737 0.000   5.381 0.000
246.333333 247.333333  12.973 0.000   7.768 0.000
249.333333 250.333333   8.010 0.000   4.196 0.000
252.333333 253.333333   4.733 0.000   2.618 0.000
255.333333 256.333333  12.019 0.000   4.818 0.000
258.333333 259.333333  10.917 0.000   4.940 0.000
261.333333 262.333333  10.762 0.000   4.983 0.000
264.333333 265.333333  11.656 0.000   3.866 0.000
267.333333 268.333333   3.870 0.000   1.382 0.000
270.333333 271.333333   5.143 0.000   1.901 0.000
273.333333 274.333333  11.104 0.000   4.492 0.000
276.333333 277.333333   8.077 0.000   2.712 0.000
279.333333 280.333333   5.934 0.000   2.201 0.000
282.333333 283.333333   7.696 0.000   2.342 0.000
285.333333 286.333333  16.543 0.000   5.938 0.000
288.333333 289.333333   5.594 0.000   1.985 0.000
291.333333 292.333333  26.140 0.000  10.526 0.000
294.333333 295.333333   3.554 0.000   0.657 0.000
297.333333 298.333333   8.321 0.000   3.640 0.000
300.333333 301.333333  10.240 0.000   3.022 0.000
303.333333 304.333333   7.568 0.000   4.879 0.000
306.333333 307.333333   9.039 0.000   3.800 0.000
309.333333 310.333333   1.696 0.000   0.536 0.000
312.333333 313.333333   3.042 0.000   0.748 0.000
315.333333 316.333333   2.990 0.000   0.811 0.000
318.333333 319.333333   4.012 0.000   1.862 0.000
321.333333 322.333333   3.664 0.000   0.778 0.000
324.333333 325.333333   0.745 0.000   0.301 0.000
327.333333 328.333333   3.949 0.000   1.139 0.000
330.333333 331.333333   7.170 0.000   2.111 0.000
333.333333 334.333333   2.779 0.000   0.959 0.000
336.333333 337.333333   5.287 0.000   2.137 0.000
339.333333 340.333333   4.044 0.000   0.925 0.000
342.333333 343.333333   2.276 0.000   0.477 0.000
345.333333 346.333333   1.556 0.000   0.762 0.000
348.333333 349.333333   5.005 0.000   2.303 0.000
351.333333 352.333333   4.726 0.000   2.166 0.000
354.333333 355.333333   7.644 0.000   1.174 0.000
357.333333 358.333333   3.068 0.000   1.140 0.000
360.333333 361.333333   2.826 0.000   0.628 0.000
363.333333 364.333333   3.581 0.000   0.993 0.000
