scripts/IMPROVE-2019_partial/data/US9044R.20040101080000.20191216000000.filterpack..pm25.52w.1w.US03L_filterpack_US9044.US03L_IMPROVE_Davis.lev2.nas
66 1001
MISSING INFORMATION
US03L, IMPROVE, , , , , , , 
MISSING INFORMATION
IMPROVE sel_HTAP
1 1
2004 01 01 2019 12 16
3.000000
days from file reference point
27
1 1 1 1 1 1 1 1 1 1 1 1 1 1 1 1 1 1 1 1 1 1 1 1 1 1 1
999.999999 9999.99 9.999 99.99 9.999999 9.999 9.999999 9.99 9.999999 9.999 9.999 999.999 9.999 999.999 9.999 99.99 9.999999 999.999 9.999 99.999 9.999 999.999 9.999 9.999 9.999 9.999 9.999
end_time of measurement, days from the file reference point
iron, ng/m3, Revision date=20181210133000
numflag iron, no unit, Revision date=20181210133000
lead, ng/m3, Revision date=20181210133000
numflag lead, no unit, Revision date=20181210133000
magnesium, ug/m3, Revision date=20181210133000
numflag magnesium, no unit, Revision date=20181210133000
nickel, ng/m3, Revision date=20181210133000
numflag nickel, no unit, Revision date=20181210133000
nitrate, ug N/m3, Revision date=20181210133000
numflag nitrate, no unit, Revision date=20181210133000
organic_carbon, ug C/m3, Revision date=20181210133000
numflag organic_carbon, no unit, Revision date=20181210133000
organic_mass, ug/m3, Revision date=20181210133000
numflag organic_mass, no unit, Revision date=20181210133000
phosphorus, ng/m3, Revision date=20181210133000
numflag phosphorus, no unit, Revision date=20181210133000
pm10_mass, ug/m3, Version=2, Version description=Data extracted from http://views.cira.colostate.edu/fed/DataWizard 2019-12-16, Sample duration=1d, Orig. time res.=3d, Matrix=pm10, Blank correction=Blank corrected, Volume std. temperature=ambient, Volume std. pressure=ambient
numflag pm10_mass, no unit, Version=2, Version description=Data extracted from http://views.cira.colostate.edu/fed/DataWizard 2019-12-16, Sample duration=1d, Orig. time res.=3d, Matrix=pm10, Blank correction=Blank corrected, Volume std. temperature=ambient, Volume std. pressure=ambient
pm10_pm25_mass, ug/m3, Revision date=20181210133000, Matrix=pm10_pm25
numflag pm10_pm25_mass, no unit, Revision date=20181210133000, Matrix=pm10_pm25
pm25_mass, ug/m3, Version=2, Version description=Data extracted from http://views.cira.colostate.edu/fed/DataWizard 2019-12-16, Sample duration=1d, Orig. time res.=3d, Blank correction=Blank corrected, Volume std. temperature=ambient, Volume std. pressure=ambient
numflag pm25_mass, no unit, Version=2, Version description=Data extracted from http://views.cira.colostate.edu/fed/DataWizard 2019-12-16, Sample duration=1d, Orig. time res.=3d, Blank correction=Blank corrected, Volume std. temperature=ambient, Volume std. pressure=ambient
potassium, ug/m3, Revision date=20181210133000
numflag potassium, no unit, Revision date=20181210133000
sulphate_total, ug S/m3, Revision date=20181210133000
numflag sulphate_total, no unit, Revision date=20181210133000
0
25
Data definition:              EBAS_1.1
Set type code:                TU
Timezone:                     UTC
File name:                    US9044R.20040101080000.20191216000000.filterpack..pm25.52w.1w.US03L_filterpack_US9044.US03L_IMPROVE_Davis.lev2.nas
File creation:                20191218120822
Startdate:                    20040101080000
Revision date:                20191216000000
Statistics:                   arithmetic mean
Data level:                   2
Period code:                  52w
Resolution code:              1w
Station code:                 US9044R
Platform code:                US9044S
Station name:                 Trinity
Station latitude:             40.7864
Station longitude:            -122.8046
Station altitude:             1014.0 m
Regime:                       IMG
Component:                    
Matrix:                       pm25
Laboratory code:              US03L
Instrument type:              filterpack
Instrument name:              filterpack_US9044
Method ref:                   US03L_IMPROVE_Davis
starttime endtime Fe flag_Fe Pb flag_Pb Mg++ flag_Mg++ Ni flag_Ni NO3- flag_NO3- OC flag_OC OM flag_OM P flag_P PM10 flag_PM10 PM10-PM2.5 flag_PM10-PM2.5 PM2.5 flag_PM2.5 K+ flag_K+ SO4-- flag_SO4--
[from data line 81]
243.333333 244.333333   56.85 0.559  0.61 0.559000 9.999 0.559259 9.99 0.559259 0.038 0.559   1.303 0.000   1.824 0.000 99.99 0.559259   7.799 0.000  3.633 0.000   4.165 0.559 0.053 0.559 0.288 0.559
246.333333 247.333333   32.82 0.559  0.45 0.559000 9.999 0.559259 0.31 0.559000 0.020 0.559   0.676 0.000   0.947 0.000 99.99 0.559259   3.508 0.000  1.540 0.000   1.969 0.559 0.017 0.559 0.070 0.559
249.333333 250.333333   25.56 0.559 99.99 0.559259 9.999 0.559259 0.25 0.559000 0.014 0.559   1.726 0.000   2.416 0.000 99.99 0.559259   4.857 0.000  1.246 0.000   3.611 0.559 0.033 0.559 0.082 0.559
252.333333 253.333333 9999.99 0.999 99.99 0.999000 9.999 0.999000 9.99 0.999000 9.999 0.999 999.999 0.999 999.999 0.999 99.99 0.999000 999.999 0.999 99.999 0.999 999.999 0.999 9.999 0.999 9.999 0.999
255.333333 256.333333 9999.99 0.999 99.99 0.999000 9.999 0.999000 9.99 0.999000 9.999 0.999 999.999 0.999 999.999 0.999 99.99 0.999000 999.999 0.999 99.999 0.999 999.999 0.999 9.999 0.999 9.999 0.999
258.333333 259.333333   26.97 0.559  0.22 0.559000 9.999 0.559259 9.99 0.559259 0.028 0.559   0.606 0.000   0.848 0.000 99.99 0.559259   2.930 0.000  1.200 0.000   1.730 0.559 0.012 0.559 0.095 0.559
261.333333 262.333333    9.52 0.559 99.99 0.559259 9.999 0.559259 9.99 0.559259 0.018 0.559   0.226 0.000   0.317 0.000 99.99 0.559259   3.870 0.000  2.743 0.000   1.127 0.559 0.007 0.559 0.075 0.559
264.333333 265.333333   42.17 0.559  0.22 0.559000 9.999 0.559259 9.99 0.559259 0.010 0.559   0.450 0.000   0.630 0.000 99.99 0.559259   3.396 0.000  1.867 0.000   1.529 0.559 0.017 0.559 0.064 0.559
267.333333 268.333333   36.53 0.559  0.76 0.559000 9.999 0.559259 9.99 0.559259 0.015 0.559   1.095 0.000   1.533 0.000 99.99 0.559259   4.976 0.000  2.282 0.000   2.693 0.559 0.029 0.559 0.079 0.559
270.333333 271.333333   50.16 0.559  0.95 0.559000 9.999 0.559259 0.13 0.559000 0.013 0.559   0.978 0.000   1.369 0.000 99.99 0.559259   4.678 0.000  1.905 0.000   2.772 0.559 0.034 0.559 0.152 0.559
273.333333 274.333333  260.41 0.559  1.71 0.559000 9.999 0.559259 0.66 0.559000 0.136 0.559   4.247 0.000   5.945 0.000 99.99 0.559259  21.379 0.000  4.977 0.000  16.402 0.559 0.208 0.559 0.794 0.559
276.333333 277.333333  398.01 0.559  1.23 0.559000 9.999 0.559259 0.61 0.559000 0.036 0.559   1.861 0.000   2.605 0.000 99.99 0.559259   9.247 0.000 99.999 0.259  10.627 0.559 0.135 0.559 0.310 0.559
279.333333 280.333333   61.26 0.559  0.55 0.559000 9.999 0.559259 0.13 0.559000 0.028 0.000   1.765 0.000   2.470 0.000 99.99 0.559259   8.789 0.000  3.912 0.000   4.877 0.559 0.028 0.559 0.211 0.000
282.333333 283.333333    2.44 0.559  0.24 0.559000 9.999 0.559259 9.99 0.559259 0.013 0.000   0.260 0.000   0.365 0.000  2.43 0.559000   1.259 0.000  0.607 0.000   0.653 0.559 0.006 0.559 0.049 0.000
285.333333 286.333333   34.44 0.559  0.20 0.559000 9.999 0.559259 9.99 0.559259 0.011 0.000   0.682 0.000   0.954 0.000 99.99 0.559259   4.300 0.000  2.204 0.000   2.096 0.559 0.018 0.559 0.087 0.000
288.333333 289.333333   62.63 0.559  0.78 0.559000 0.072 0.559000 9.99 0.559259 0.016 0.000   1.205 0.000   1.686 0.000 99.99 0.559259   8.825 0.000  5.143 0.000   3.683 0.559 0.035 0.559 0.085 0.000
291.333333 292.333333    1.67 0.559  0.35 0.559000 9.999 0.559259 9.99 0.559259 0.111 0.000   2.174 0.000   3.043 0.000 99.99 0.559259   7.493 0.000  2.502 0.000   4.990 0.559 0.090 0.559 0.132 0.000
294.333333 295.333333   16.20 0.559  0.50 0.559000 9.999 0.559259 0.16 0.559000 0.014 0.000   1.062 0.000   1.486 0.000 99.99 0.559259   3.018 0.000  0.791 0.000   2.227 0.559 0.018 0.559 0.047 0.000
297.333333 298.333333    7.27 0.559  1.48 0.559000 9.999 0.559259 9.99 0.559259 0.026 0.559   3.116 0.000   4.362 0.000 99.99 0.559259   7.559 0.000  1.493 0.000   6.066 0.559 0.033 0.559 0.240 0.559
300.333333 301.333333    4.41 0.559  0.72 0.559000 9.999 0.559259 9.99 0.559259 0.048 0.000   5.346 0.000   7.485 0.000 99.99 0.559259  10.101 0.000  1.022 0.000   9.079 0.559 0.028 0.559 0.053 0.000
303.333333 304.333333   13.88 0.559  1.09 0.559000 9.999 0.559259 9.99 0.559259 0.010 0.559   1.012 0.000   1.416 0.000 99.99 0.559259   3.272 0.000  0.642 0.000   2.631 0.559 0.025 0.559 0.118 0.559
306.333333 307.333333 9999.99 0.699 99.99 0.699000 9.999 0.699000 9.99 0.699000 0.167 0.000  34.987 0.000  48.982 0.000 99.99 0.699000 999.999 0.699 99.999 0.999 999.999 0.699 9.999 0.699 0.155 0.000
309.333333 310.333333    9.37 0.000  0.49 0.000000 9.999 0.259000 9.99 0.259000 0.014 0.000   2.162 0.000   3.026 0.000 99.99 0.259000   5.515 0.000  1.595 0.000   3.920 0.000 0.014 0.000 0.102 0.000
312.333333 313.333333   13.18 0.000  1.23 0.000000 9.999 0.259000 9.99 0.259000 0.893 0.000   3.181 0.000   4.454 0.000 99.99 0.259000  13.642 0.000  2.494 0.000  11.149 0.000 0.040 0.000 0.401 0.000
315.333333 316.333333    1.43 0.000 99.99 0.259000 9.999 0.259000 0.23 0.000000 0.037 0.000   1.000 0.000   1.400 0.000 99.99 0.259000   2.055 0.000  0.242 0.000   1.813 0.000 0.010 0.000 0.069 0.000
318.333333 319.333333    1.58 0.000  0.61 0.000000 0.134 0.000000 9.99 0.259000 0.008 0.000   2.068 0.000   2.896 0.000 99.99 0.259000   5.270 0.000  0.949 0.000   4.321 0.000 0.027 0.000 0.110 0.000
321.333333 322.333333    4.02 0.000 99.99 0.259000 0.152 0.000000 9.99 0.259000 0.010 0.000   1.567 0.000   2.194 0.000 99.99 0.259000   3.817 0.000  0.697 0.000   3.120 0.000 0.020 0.000 0.096 0.000
324.333333 325.333333    4.52 0.000  0.46 0.000000 9.999 0.259000 9.99 0.259000 0.016 0.000   0.867 0.000   1.214 0.000 99.99 0.259000   2.274 0.000  0.447 0.000   1.828 0.000 0.017 0.000 0.076 0.000
327.333333 328.333333    4.88 0.000  0.87 0.000000 9.999 0.259000 9.99 0.259000 0.016 0.000   2.530 0.000   3.542 0.000 99.99 0.259000   5.591 0.000  0.643 0.000   4.947 0.000 0.043 0.000 0.067 0.000
330.333333 331.333333    4.12 0.000 99.99 0.259000 9.999 0.259000 9.99 0.259000 0.015 0.000   0.637 0.000   0.892 0.000 99.99 0.259000   1.949 0.000  0.634 0.000   1.316 0.000 0.010 0.000 0.032 0.000
333.333333 334.333333    4.11 0.000  0.65 0.000000 9.999 0.259000 9.99 0.259000 0.016 0.000   1.365 0.000   1.911 0.000 99.99 0.259000   3.186 0.000  0.341 0.000   2.845 0.000 0.028 0.000 0.053 0.000
336.333333 337.333333    2.44 0.000  0.28 0.000000 9.999 0.259000 9.99 0.259000 0.007 0.000   0.861 0.000   1.206 0.000 99.99 0.259000   1.920 0.000  0.145 0.000   1.774 0.000 0.014 0.000 0.063 0.000
339.333333 340.333333    9.16 0.000  1.11 0.000000 0.059 0.000000 0.20 0.000000 0.178 0.000   2.417 0.000   3.383 0.000 99.99 0.259000   4.248 0.000  0.574 0.000   3.675 0.000 0.031 0.000 0.133 0.000
342.333333 343.333333    2.78 0.000  0.55 0.000000 9.999 0.259000 9.99 0.259000 0.016 0.000   0.147 0.000   0.206 0.000 99.99 0.259000 999.999 0.456 99.999 0.999   1.468 0.000 0.014 0.000 0.075 0.000
345.333333 346.333333    1.17 0.000 99.99 0.259000 9.999 0.259000 0.18 0.000000 0.004 0.000   0.399 0.000   0.558 0.000 99.99 0.259000 999.999 0.456 99.999 0.999   0.701 0.000 0.006 0.000 0.036 0.000
348.333333 349.333333    0.65 0.000  0.15 0.000000 0.063 0.000000 9.99 0.259000 0.013 0.000   0.756 0.000   1.058 0.000  3.44 0.000000 999.999 0.456 99.999 0.999   1.589 0.000 0.011 0.000 0.017 0.000
351.333333 352.333333    2.86 0.000  0.44 0.000000 9.999 0.259000 9.99 0.259000 0.003 0.000   0.645 0.000   0.903 0.000 99.99 0.259000   1.706 0.000  0.402 0.000   1.304 0.000 0.010 0.000 0.018 0.000
354.333333 355.333333    1.84 0.000  0.76 0.000000 0.066 0.000000 0.38 0.000000 0.009 0.000   0.853 0.000   1.195 0.000 99.99 0.259000   2.112 0.000  0.429 0.000   1.683 0.000 0.020 0.000 0.022 0.000
357.333333 358.333333    3.03 0.000  0.59 0.000000 9.999 0.259000 0.08 0.000000 0.025 0.000   1.923 0.000   2.692 0.000 99.99 0.259000   4.371 0.000  0.241 0.000   4.130 0.000 0.052 0.000 0.067 0.000
360.333333 361.333333    2.42 0.000  0.56 0.000000 9.999 0.259000 9.99 0.259000 0.254 0.000   0.457 0.000   0.640 0.000 99.99 0.259000   2.152 0.000  0.757 0.000   1.395 0.000 0.011 0.000 0.077 0.000
363.333333 364.333333    0.62 0.000  0.30 0.000000 9.999 0.259000 9.99 0.259000 0.007 0.000   0.141 0.000   0.197 0.000 99.99 0.259000   0.203 0.000  0.017 0.000   0.186 0.000 0.001 0.000 0.015 0.000
