scripts/IMPROVE-2019_partial/data/US9035R.20040101070000.20191216000000.filterpack..pm25.52w.1w.US03L_filterpack_US9035.US03L_IMPROVE_Davis.lev2.nas
64 1001
MISSING INFORMATION
US03L, IMPROVE, , , , , , , 
MISSING INFORMATION
IMPROVE sel_HTAP
1 1
2004 01 01 2019 12 16
3.000000
days from file reference point
25
1 1 1 1 1 1 1 1 1 1 1 1 1 1 1 1 1 1 1 1 1 1 1 1 1
999.999999 99999.99 9.999 99.99 9.999 9.999 9.999999 9.99 9.999999 9.999 9.999 99.999 9.999 99.999 9.999 999.999 9.999 999.999 9.999 999.999 9.999 9.999 9.999 9.999 9.999
end_time of measurement, days from the file reference point
iron, ng/m3, Revision date=20181210133000
numflag iron, no unit, Revision date=20181210133000
lead, ng/m3, Revision date=20181210133000
numflag lead, no unit, Revision date=20181210133000
magnesium, ug/m3, Revision date=20181210133000
numflag magnesium, no unit, Revision date=20181210133000
nickel, ng/m3, Revision date=20181210133000
numflag nickel, no unit, Revision date=20181210133000
nitrate, ug N/m3, Revision date=20181210133000
numflag nitrate, no unit, Revision date=20181210133000
organic_carbon, ug C/m3, Revision date=20181210133000
numflag organic_carbon, no unit, Revision date=20181210133000
organic_mass, ug/m3, Revision date=20181210133000
numflag organic_mass, no unit, Revision date=20181210133000
pm10_mass, ug/m3, Version=2, Version description=Data extracted from http://views.cira.colostate.edu/fed/DataWizard 2019-12-16, Sample duration=1d, Orig. time res.=3d, Matrix=pm10, Blank correction=Blank corrected, Volume std. temperature=ambient, Volume std. pressure=ambient
numflag pm10_mass, no unit, Version=2, Version description=Data extracted from http://views.cira.colostate.edu/fed/DataWizard 2019-12-16, Sample duration=1d, Orig. time res.=3d, Matrix=pm10, Blank correction=Blank corrected, Volume std. temperature=ambient, Volume std. pressure=ambient
pm10_pm25_mass, ug/m3, Revision date=20181210133000, Matrix=pm10_pm25
numflag pm10_pm25_mass, no unit, Revision date=20181210133000, Matrix=pm10_pm25
pm25_mass, ug/m3, Version=2, Version description=Data extracted from http://views.cira.colostate.edu/fed/DataWizard 2019-12-16, Sample duration=1d, Orig. time res.=3d, Blank correction=Blank corrected, Volume std. temperature=ambient, Volume std. pressure=ambient
numflag pm25_mass, no unit, Version=2, Version description=Data extracted from http://views.cira.colostate.edu/fed/DataWizard 2019-12-16, Sample duration=1d, Orig. time res.=3d, Blank correction=Blank corrected, Volume std. temperature=ambient, Volume std. pressure=ambient
potassium, ug/m3, Revision date=20181210133000
numflag potassium, no unit, Revision date=20181210133000
sulphate_total, ug S/m3, Revision date=20181210133000
numflag sulphate_total, no unit, Revision date=20181210133000
0
25
Data definition:              EBAS_1.1
Set type code:                TU
Timezone:                     UTC
File name:                    US9035R.20040101070000.20191216000000.filterpack..pm25.52w.1w.US03L_filterpack_US9035.US03L_IMPROVE_Davis.lev2.nas
File creation:                20191218120739
Startdate:                    20040101070000
Revision date:                20191216000000
Statistics:                   arithmetic mean
Data level:                   2
Period code:                  52w
Resolution code:              1w
Station code:                 US9035R
Platform code:                US9035S
Station name:                 Sycamore Canyon
Station latitude:             35.1406
Station longitude:            -111.9692
Station altitude:             2046.0 m
Regime:                       IMG
Component:                    
Matrix:                       pm25
Laboratory code:              US03L
Instrument type:              filterpack
Instrument name:              filterpack_US9035
Method ref:                   US03L_IMPROVE_Davis
starttime endtime Fe flag_Fe Pb flag_Pb Mg++ flag_Mg++ Ni flag_Ni NO3- flag_NO3- OC flag_OC OM flag_OM PM10 flag_PM10 PM10-PM2.5 flag_PM10-PM2.5 PM2.5 flag_PM2.5 K+ flag_K+ SO4-- flag_SO4--
  0.291667   1.291667    32.75 0.000  0.84 0.000 0.025 0.000000 0.24 0.000000 0.150 0.559  0.729 0.000  1.020 0.000   4.685 0.000   2.223 0.000   2.462 0.000 0.056 0.000 0.154 0.559
  3.291667   4.291667    11.44 0.000  0.24 0.000 9.999 0.259000 0.07 0.000000 0.011 0.559  0.602 0.000  0.843 0.000   1.455 0.000   0.511 0.000   0.944 0.000 0.007 0.000 0.031 0.559
  6.291667   7.291667    60.03 0.000  1.01 0.000 9.999 0.259000 9.99 0.259000 0.016 0.559  0.894 0.000  1.251 0.000   3.000 0.000   0.749 0.000   2.251 0.000 0.018 0.000 0.091 0.559
  9.291667  10.291667    15.71 0.000  0.31 0.000 9.999 0.259000 0.07 0.000000 0.009 0.559  0.533 0.000  0.746 0.000   2.589 0.000   1.248 0.000   1.341 0.000 0.013 0.000 0.078 0.559
 12.291667  13.291667   102.95 0.000  0.83 0.000 9.999 0.259000 0.04 0.000000 0.033 0.559  1.377 0.000  1.928 0.000   5.274 0.000   1.572 0.000   3.702 0.000 0.035 0.000 0.189 0.559
 15.291667  16.291667    44.10 0.000  0.44 0.000 9.999 0.259000 0.05 0.000000 0.022 0.559  0.748 0.000  1.047 0.000   3.390 0.000   1.267 0.000   2.123 0.000 0.011 0.000 0.169 0.559
 18.291667  19.291667    51.49 0.000  0.74 0.000 9.999 0.259000 9.99 0.259000 0.051 0.559  0.761 0.000  1.066 0.000   4.092 0.000   1.590 0.000   2.502 0.000 0.012 0.000 0.221 0.559
 21.291667  22.291667    14.63 0.000  0.57 0.000 9.999 0.259000 0.08 0.000000 0.039 0.559  1.953 0.000  2.734 0.000   5.671 0.000   1.357 0.000   4.314 0.000 0.016 0.000 0.370 0.559
 24.291667  25.291667    12.25 0.000  0.66 0.000 9.999 0.259000 0.10 0.000000 0.208 0.559  2.100 0.000  2.940 0.000   5.498 0.000   1.838 0.000   3.660 0.000 0.013 0.000 0.206 0.559
 27.291667  28.291667    64.17 0.000  0.95 0.000 9.999 0.259000 9.99 0.259000 0.016 0.000  0.714 0.000  1.000 0.000   3.638 0.000   1.893 0.000   1.744 0.000 0.012 0.000 0.056 0.000
 30.291667  31.291667    21.17 0.000  1.41 0.000 9.999 0.259000 9.99 0.259000 0.846 0.000  1.609 0.000  2.253 0.000   8.067 0.000   1.792 0.000   6.276 0.000 0.019 0.000 0.134 0.000
 33.291667  34.291667     7.60 0.000  1.27 0.000 9.999 0.259000 9.99 0.259000 0.026 0.559  0.257 0.000  0.360 0.000   2.035 0.000   1.298 0.000   0.737 0.000 0.007 0.000 0.060 0.559
 36.291667  37.291667    29.91 0.000  0.20 0.000 0.020 0.000000 9.99 0.259000 0.033 0.559  0.782 0.000  1.094 0.000   2.703 0.000   0.719 0.000   1.984 0.000 0.007 0.000 0.163 0.559
 39.291667  40.291667    29.52 0.559  0.17 0.559 9.999 0.559259 9.99 0.559259 0.013 0.559  0.595 0.000  0.833 0.000   1.943 0.000   0.796 0.000   1.147 0.559 0.005 0.559 0.042 0.559
 42.291667  43.291667    18.51 0.000  0.62 0.000 9.999 0.259000 0.07 0.000000 0.077 0.559  0.895 0.000  1.254 0.000   4.242 0.000   1.803 0.000   2.438 0.000 0.008 0.000 0.166 0.559
 45.291667  46.291667    68.35 0.000  0.52 0.000 9.999 0.259000 0.06 0.000000 0.012 0.559  0.837 0.000  1.172 0.000   4.506 0.000   1.728 0.000   2.778 0.000 0.014 0.000 0.056 0.559
 48.291667  49.291667   108.13 0.699  0.93 0.699 9.999 0.699259 9.99 0.699259 0.042 0.000  2.617 0.000  3.664 0.000   9.780 0.000   4.253 0.000   5.527 0.699 0.028 0.699 0.109 0.000
 51.291667  52.291667    19.78 0.000  0.66 0.000 9.999 0.259000 0.10 0.000000 0.215 0.559  0.518 0.000  0.725 0.000   6.451 0.000   4.045 0.000   2.406 0.000 0.016 0.000 0.208 0.559
 54.291667  55.291667     2.42 0.000  0.23 0.000 9.999 0.259000 9.99 0.259000 0.019 0.559  0.339 0.000  0.475 0.000   0.664 0.000 999.999 0.259   0.668 0.000 0.003 0.000 0.040 0.559
 57.291667  58.291667    18.66 0.000  1.06 0.000 0.028 0.000000 0.05 0.000000 0.193 0.559  0.334 0.000  0.468 0.000   2.466 0.000   0.902 0.000   1.563 0.000 0.014 0.000 0.146 0.559
 60.291667  61.291667    13.44 0.000  0.46 0.000 9.999 0.259000 9.99 0.259000 0.058 0.559  0.485 0.000  0.679 0.000   2.026 0.000   0.816 0.000   1.209 0.000 0.005 0.000 0.067 0.559
 63.291667  64.291667    52.70 0.000  0.81 0.000 9.999 0.259000 9.99 0.259000 0.041 0.559  0.567 0.000  0.793 0.000   4.191 0.000   1.316 0.000   2.876 0.000 0.017 0.000 0.318 0.559
 66.291667  67.291667   115.62 0.000  0.83 0.000 9.999 0.259000 9.99 0.259000 0.024 0.559  0.474 0.000  0.663 0.000   4.779 0.000   2.014 0.000   2.765 0.000 0.036 0.000 0.110 0.559
 69.291667  70.291667    97.25 0.559  0.82 0.559 9.999 0.559259 9.99 0.559259 0.030 0.559  1.068 0.000  1.495 0.000   6.407 0.000   2.799 0.000   3.608 0.559 0.050 0.559 0.146 0.559
 72.291667  73.291667    92.16 0.000  0.66 0.000 0.036 0.000000 9.99 0.259000 0.032 0.559  0.797 0.000  1.116 0.000   4.175 0.000   1.203 0.000   2.972 0.000 0.031 0.000 0.171 0.559
 75.291667  76.291667   188.42 0.000  1.12 0.000 9.999 0.259000 9.99 0.259000 0.019 0.559  0.435 0.000  0.609 0.000   8.218 0.000   4.570 0.000   3.648 0.000 0.055 0.000 0.138 0.559
 78.291667  79.291667   288.53 0.559  2.05 0.559 9.999 0.559259 9.99 0.559259 0.020 0.559  0.685 0.000  0.959 0.000  15.039 0.000   9.682 0.000   5.357 0.559 0.081 0.559 0.183 0.559
 81.291667  82.291667   126.50 0.559  0.89 0.559 9.999 0.559259 9.99 0.559259 0.033 0.559  1.077 0.000  1.508 0.000  11.999 0.000   6.662 0.000   5.337 0.559 0.059 0.559 0.384 0.559
 84.291667  85.291667   127.85 0.559  1.19 0.559 9.999 0.559259 0.13 0.559000 0.080 0.559  0.759 0.000  1.062 0.000  10.541 0.000   5.431 0.000   5.110 0.559 0.057 0.559 0.336 0.559
 87.291667  88.291667   117.07 0.000  0.76 0.000 0.058 0.000000 9.99 0.259000 0.024 0.559  0.331 0.000  0.464 0.000   6.536 0.000   3.884 0.000   2.651 0.000 0.039 0.000 0.130 0.559
 90.291667  91.291667   225.46 0.699  1.38 0.699 9.999 0.699259 9.99 0.699259 0.058 0.559  1.212 0.000  1.697 0.000  16.122 0.000   9.413 0.000   6.708 0.699 0.100 0.699 0.342 0.559
 93.291667  94.291667     8.42 0.000  0.34 0.000 9.999 0.259000 9.99 0.259000 0.011 0.000  0.244 0.000  0.342 0.000   1.027 0.000   0.266 0.000   0.761 0.000 0.007 0.000 0.065 0.000
 96.291667  97.291667    25.54 0.000  0.52 0.000 9.999 0.259000 9.99 0.259000 0.149 0.559  0.922 0.000  1.290 0.000   3.945 0.000   0.740 0.000   3.205 0.000 0.018 0.000 0.288 0.559
 99.291667 100.291667    83.53 0.000  1.04 0.000 9.999 0.259000 9.99 0.259000 0.036 0.559  0.494 0.000  0.692 0.000   4.386 0.000   1.246 0.000   3.140 0.000 0.041 0.000 0.207 0.559
102.291667 103.291667   104.84 0.000  2.65 0.000 0.060 0.000000 9.99 0.259000 0.030 0.559  0.481 0.000  0.674 0.000   7.353 0.000   3.072 0.000   4.281 0.000 0.056 0.000 0.382 0.559
105.291667 106.291667   122.82 0.000  2.29 0.000 0.053 0.000000 0.11 0.000000 0.057 0.559  0.510 0.000  0.714 0.000  10.172 0.000   5.357 0.000   4.815 0.000 0.075 0.000 0.334 0.559
108.291667 109.291667    45.20 0.000  1.84 0.000 9.999 0.259000 0.04 0.000000 0.032 0.559  0.313 0.000  0.439 0.000   7.067 0.000   4.394 0.000   2.673 0.000 0.040 0.000 0.266 0.559
111.291667 112.291667   263.49 0.000  3.20 0.000 0.108 0.000000 9.99 0.259000 0.059 0.559  0.685 0.000  0.959 0.000  10.725 0.000   3.463 0.000   7.261 0.000 0.118 0.000 0.547 0.559
114.291667 115.291667   202.93 0.000  1.11 0.000 0.103 0.000000 9.99 0.259000 0.029 0.559  0.760 0.000  1.064 0.000  11.863 0.000   8.018 0.000   3.845 0.000 0.061 0.000 0.188 0.559
117.291667 118.291667   166.71 0.000  4.32 0.000 9.999 0.259000 0.05 0.000000 0.085 0.559  1.166 0.000  1.632 0.000  12.010 0.000   5.524 0.000   6.485 0.000 0.083 0.000 0.613 0.559
120.291667 121.291667   154.86 0.559  0.58 0.559 9.999 0.559259 0.12 0.559000 0.054 0.559  0.275 0.000  0.384 0.000   8.823 0.000   5.623 0.000   3.201 0.559 0.037 0.559 0.182 0.559
123.291667 124.291667   287.62 0.559  1.39 0.559 9.999 0.559259 9.99 0.559259 0.054 0.559  0.843 0.000  1.180 0.000  11.846 0.000   6.149 0.000   5.697 0.559 0.083 0.559 0.246 0.559
126.291667 127.291667   260.12 0.000  1.38 0.000 9.999 0.259000 0.14 0.000000 0.071 0.559  1.226 0.000  1.716 0.000  14.834 0.000   7.976 0.000   6.858 0.000 0.102 0.000 0.330 0.559
129.291667 130.291667   196.92 0.000  1.20 0.000 9.999 0.259000 0.18 0.000000 0.065 0.559  0.902 0.000  1.263 0.000  12.704 0.000   7.172 0.000   5.532 0.000 0.068 0.000 0.332 0.559
132.291667 133.291667   179.01 0.000  1.63 0.000 9.999 0.259000 0.12 0.000000 0.128 0.559  0.815 0.000  1.141 0.000  17.546 0.000  11.264 0.000   6.282 0.000 0.087 0.000 0.305 0.559
135.291667 136.291667   327.66 0.000  1.44 0.000 0.168 0.000000 9.99 0.259000 0.064 0.559  1.058 0.000  1.481 0.000  21.119 0.000  14.089 0.000   7.030 0.000 0.088 0.000 0.275 0.559
138.291667 139.291667    87.93 0.559  1.00 0.559 9.999 0.559259 0.18 0.559000 0.072 0.559  0.321 0.000  0.450 0.000  12.833 0.000   9.604 0.000   3.229 0.559 0.043 0.559 0.244 0.559
141.291667 142.291667   258.45 0.559  1.33 0.559 0.107 0.559000 0.11 0.559000 0.085 0.559  0.498 0.000  0.698 0.000  17.176 0.000  10.940 0.000   6.236 0.559 0.086 0.559 0.242 0.559
144.291667 145.291667   187.97 0.000  1.75 0.000 9.999 0.259000 0.21 0.000000 0.081 0.000  0.591 0.000  0.828 0.000  14.596 0.000   8.181 0.000   6.415 0.000 0.092 0.000 0.325 0.000
147.291667 148.291667   219.21 0.000  1.24 0.000 9.999 0.259000 0.20 0.000000 0.092 0.000  0.758 0.000  1.061 0.000  16.675 0.000  10.431 0.000   6.244 0.000 0.080 0.000 0.288 0.000
150.291667 151.291667   296.75 0.000  0.78 0.000 9.999 0.259000 0.09 0.000000 0.021 0.000  0.472 0.000  0.661 0.000  13.434 0.000   8.987 0.000   4.447 0.000 0.063 0.000 0.128 0.000
153.291667 154.291667 99999.99 0.999 99.99 0.999 9.999 0.999000 9.99 0.999000 9.999 0.999 99.999 0.999 99.999 0.999 999.999 0.999 999.999 0.999 999.999 0.999 9.999 0.999 9.999 0.999
156.291667 157.291667   663.40 0.000  1.65 0.000 9.999 0.259000 0.16 0.000000 0.069 0.000  1.212 0.000  1.697 0.000  32.019 0.000  20.506 0.000  11.513 0.000 0.154 0.000 0.279 0.000
159.291667 160.291667   148.05 0.000  1.08 0.000 9.999 0.259000 0.14 0.000000 0.074 0.000  0.758 0.000  1.062 0.000  12.872 0.000   7.609 0.000   5.263 0.000 0.082 0.000 0.215 0.000
162.291667 163.291667   418.17 0.000  1.03 0.000 9.999 0.259000 0.13 0.000000 0.053 0.000  0.650 0.000  0.910 0.000  20.833 0.000  13.341 0.000   7.493 0.000 0.092 0.000 0.233 0.000
165.291667 166.291667   636.52 0.000  2.00 0.000 9.999 0.259000 0.25 0.000000 0.058 0.000  0.950 0.000  1.330 0.000  23.037 0.000  12.085 0.000  10.952 0.000 0.167 0.000 0.314 0.000
168.291667 169.291667  1110.14 0.000  5.44 0.000 0.540 0.000000 0.36 0.000000 0.099 0.000  1.163 0.000  1.628 0.000  45.098 0.000  27.661 0.000  17.437 0.000 0.219 0.000 0.349 0.000
171.291667 172.291667   559.60 0.000  1.25 0.000 9.999 0.259000 9.99 0.259000 0.050 0.000  0.736 0.000  1.030 0.000  22.621 0.000  13.979 0.000   8.643 0.000 0.144 0.000 0.194 0.000
174.291667 175.291667   606.06 0.000  1.92 0.000 9.999 0.259000 0.15 0.000000 0.044 0.000  0.692 0.000  0.968 0.000  23.703 0.000  14.181 0.000   9.522 0.000 0.117 0.000 0.235 0.000
177.291667 178.291667   261.07 0.000  0.76 0.000 9.999 0.259000 0.24 0.000000 0.042 0.000  1.066 0.000  1.492 0.000  19.056 0.000  13.452 0.000   5.604 0.000 0.074 0.000 0.287 0.000
180.291667 181.291667   513.44 0.000  2.24 0.000 9.999 0.259000 0.23 0.000000 0.042 0.000  1.293 0.000  1.811 0.000  25.189 0.000  16.204 0.000   8.985 0.000 0.111 0.000 0.232 0.000
183.291667 184.291667  1253.03 0.000  1.57 0.000 9.999 0.259000 0.15 0.000000 0.025 0.000  0.763 0.000  1.069 0.000  62.292 0.000  41.611 0.000  20.681 0.000 0.201 0.000 0.079 0.000
186.291667 187.291667   815.04 0.000  1.66 0.000 9.999 0.259000 9.99 0.259000 0.044 0.000  1.134 0.000  1.587 0.000  25.865 0.000  14.729 0.000  11.136 0.000 0.186 0.000 0.190 0.000
189.291667 190.291667   774.50 0.000  2.23 0.000 9.999 0.259000 0.21 0.000000 0.039 0.000  0.510 0.000  0.713 0.000  30.522 0.000  18.385 0.000  12.138 0.000 0.156 0.000 0.235 0.000
192.291667 193.291667   706.14 0.000  0.78 0.000 0.179 0.000000 9.99 0.259000 0.040 0.000  0.951 0.000  1.331 0.000  32.821 0.000  23.086 0.000   9.734 0.000 0.152 0.000 0.324 0.000
195.291667 196.291667   464.31 0.000  0.84 0.000 9.999 0.259000 0.11 0.000000 0.087 0.000  1.608 0.000  2.251 0.000  22.809 0.000  13.035 0.000   9.774 0.000 0.140 0.000 0.334 0.000
198.291667 199.291667   101.48 0.000  0.18 0.000 9.999 0.259000 9.99 0.259000 0.031 0.000  0.923 0.000  1.292 0.000   6.572 0.000   3.777 0.000   2.796 0.000 0.030 0.000 0.180 0.000
201.291667 202.291667   128.45 0.000  2.04 0.000 9.999 0.259000 0.14 0.000000 0.039 0.000  1.117 0.000  1.564 0.000   9.301 0.000   4.731 0.000   4.569 0.000 0.062 0.000 0.333 0.000
204.291667 205.291667   205.26 0.000  0.77 0.000 9.999 0.259000 0.14 0.000000 0.053 0.000  0.980 0.000  1.371 0.000  10.995 0.000   5.901 0.000   5.095 0.000 0.068 0.000 0.298 0.000
207.291667 208.291667    46.36 0.000  0.65 0.000 9.999 0.259000 0.09 0.000000 0.015 0.000  0.826 0.000  1.157 0.000   4.671 0.000   2.014 0.000   2.657 0.000 0.021 0.000 0.215 0.000
210.291667 211.291667   194.00 0.000  0.66 0.000 0.035 0.000000 9.99 0.259000 0.038 0.000  0.991 0.000  1.388 0.000  10.541 0.000   5.197 0.000   5.344 0.000 0.061 0.000 0.285 0.000
213.291667 214.291667   142.23 0.000  0.78 0.000 9.999 0.259000 9.99 0.259000 0.032 0.000  1.497 0.000  2.095 0.000  10.210 0.000   5.271 0.000   4.939 0.000 0.057 0.000 0.361 0.000
216.291667 217.291667   144.69 0.000  0.74 0.000 9.999 0.259000 9.99 0.259000 0.039 0.000  0.771 0.000  1.079 0.000   8.763 0.000   4.023 0.000   4.740 0.000 0.040 0.000 0.369 0.000
219.291667 220.291667    54.72 0.000  0.38 0.000 9.999 0.259000 0.12 0.000000 0.027 0.000  1.117 0.000  1.563 0.000   4.878 0.000   1.901 0.000   2.976 0.000 0.023 0.000 0.232 0.000
222.291667 223.291667    89.38 0.000  0.37 0.000 9.999 0.259000 9.99 0.259000 0.032 0.000  1.249 0.000  1.748 0.000   8.681 0.000   4.490 0.000   4.191 0.000 0.041 0.000 0.291 0.000
225.291667 226.291667    57.26 0.000 99.99 0.259 0.041 0.000000 9.99 0.259000 0.021 0.000  1.179 0.000  1.651 0.000   6.118 0.000   2.464 0.000   3.653 0.000 0.029 0.000 0.251 0.000
228.291667 229.291667    26.49 0.000  0.51 0.000 9.999 0.259000 0.15 0.000000 0.016 0.000  1.161 0.000  1.626 0.000   4.671 0.000   1.785 0.000   2.886 0.000 0.017 0.000 0.174 0.000
231.291667 232.291667    32.86 0.000  0.76 0.000 9.999 0.259000 9.99 0.259000 0.044 0.000  0.833 0.000  1.166 0.000   4.878 0.000   1.721 0.000   3.157 0.000 0.022 0.000 0.219 0.000
234.291667 235.291667    52.71 0.000  0.59 0.000 9.999 0.259000 0.11 0.000000 0.020 0.000  0.538 0.000  0.753 0.000   5.498 0.000   3.112 0.000   2.385 0.000 0.019 0.000 0.221 0.000
237.291667 238.291667    75.13 0.000  0.74 0.000 9.999 0.259000 0.19 0.000000 0.038 0.000  0.297 0.000  0.416 0.000   7.028 0.000   4.472 0.000   2.555 0.000 0.030 0.000 0.246 0.000
240.291667 241.291667   306.28 0.000  0.94 0.000 9.999 0.259000 9.99 0.259000 0.030 0.000  1.170 0.000  1.638 0.000  17.299 0.000  11.537 0.000   5.762 0.000 0.068 0.000 0.154 0.000
243.291667 244.291667   223.79 0.000  0.32 0.000 9.999 0.259000 9.99 0.259000 0.042 0.000  1.244 0.000  1.742 0.000  14.845 0.000   7.871 0.000   6.974 0.000 0.053 0.000 0.498 0.000
246.291667 247.291667   327.61 0.000  0.82 0.000 9.999 0.259000 0.15 0.000000 0.081 0.000  0.599 0.000  0.838 0.000  29.084 0.000  20.059 0.000   9.025 0.000 0.160 0.000 0.376 0.000
249.291667 250.291667   178.18 0.000 99.99 0.259 9.999 0.259000 9.99 0.259000 0.016 0.000  0.918 0.000  1.285 0.000   8.184 0.000   4.682 0.000   3.502 0.000 0.034 0.000 0.101 0.000
252.291667 253.291667   246.77 0.000  0.80 0.000 0.108 0.000000 9.99 0.259000 0.025 0.000  1.418 0.000  1.986 0.000  14.178 0.000   7.871 0.000   6.308 0.000 0.063 0.000 0.277 0.000
255.291667 256.291667   194.23 0.000 99.99 0.259 9.999 0.259000 9.99 0.259000 0.024 0.000  1.048 0.000  1.467 0.000  13.016 0.000   8.064 0.000   4.952 0.000 0.047 0.000 0.290 0.000
258.291667 259.291667    92.60 0.000  0.19 0.000 0.096 0.000000 9.99 0.259000 0.064 0.000  2.352 0.000  3.293 0.000   9.772 0.000   5.397 0.000   4.375 0.000 0.028 0.000 0.278 0.000
