scripts/IMPROVE-2019_partial/data/US9024R.20050101080000.20191216000000.filterpack..pm25.52w.1w.US03L_filterpack_US9024_2.US03L_IMPROVE_Davis.lev2.nas
55 1001
MISSING INFORMATION
US03L, IMPROVE, , , , , , , 
MISSING INFORMATION
IMPROVE sel_HTAP
1 1
2005 01 01 2019 12 16
3.000000
days from file reference point
15
1 1 1 1 1 1 1 1 1 1 1 1 1 1 1
999.999999 999.99 9.999 99.99 9.999 9.999 9.999999 99.99 9.999 99.99 9.999999 99.999 9.999 9.999 9.999
end_time of measurement, days from the file reference point
iron, ng/m3, Revision date=20181210133000
numflag iron, no unit, Revision date=20181210133000
lead, ng/m3, Revision date=20181210133000
numflag lead, no unit, Revision date=20181210133000
magnesium, ug/m3, Revision date=20181210133000
numflag magnesium, no unit, Revision date=20181210133000
nickel, ng/m3, Revision date=20181210133000
numflag nickel, no unit, Revision date=20181210133000
phosphorus, ng/m3, Revision date=20181210133000
numflag phosphorus, no unit, Revision date=20181210133000
pm25_mass, ug/m3, Version=2, Version description=Data extracted from http://views.cira.colostate.edu/fed/DataWizard 2019-12-16, Sample duration=1d, Orig. time res.=3d, Blank correction=Blank corrected, Volume std. temperature=ambient, Volume std. pressure=ambient
numflag pm25_mass, no unit, Version=2, Version description=Data extracted from http://views.cira.colostate.edu/fed/DataWizard 2019-12-16, Sample duration=1d, Orig. time res.=3d, Blank correction=Blank corrected, Volume std. temperature=ambient, Volume std. pressure=ambient
potassium, ug/m3, Revision date=20181210133000
numflag potassium, no unit, Revision date=20181210133000
0
26
Data definition:              EBAS_1.1
Set type code:                TU
Timezone:                     UTC
File name:                    US9024R.20050101080000.20191216000000.filterpack..pm25.52w.1w.US03L_filterpack_US9024_2.US03L_IMPROVE_Davis.lev2.nas
File creation:                20191218120646
Startdate:                    20050101080000
Revision date:                20191216000000
Statistics:                   arithmetic mean
Data level:                   2
Period code:                  52w
Resolution code:              1w
Station code:                 US9024R
Platform code:                US9024S
Station name:                 Olympic
Station latitude:             48.0065
Station longitude:            -122.9727
Station altitude:             599.0 m
Regime:                       IMG
Component:                    
Unit:                         ng/m3
Matrix:                       pm25
Laboratory code:              US03L
Instrument type:              filterpack
Instrument name:              filterpack_US9024_2
Method ref:                   US03L_IMPROVE_Davis
starttime endtime Fe flag_Fe Pb flag_Pb Mg++ flag_Mg++ Ni flag_Ni P flag_P PM2.5 flag_PM2.5 K+ flag_K+
  0.333333   1.333333   5.61 0.000  0.67 0.000 0.006 0.000000  0.24 0.000 99.99 0.259000  1.793 0.000 0.020 0.000
  3.333333   4.333333  22.25 0.000  0.43 0.000 0.007 0.000000  0.24 0.000 99.99 0.259000  1.907 0.000 0.018 0.000
  6.333333   7.333333   2.53 0.000  0.15 0.000 9.999 0.259000  0.07 0.000 99.99 0.259000  0.723 0.000 0.008 0.000
  9.333333  10.333333   8.94 0.000  0.27 0.000 9.999 0.259000  0.37 0.000 99.99 0.259000  2.978 0.000 0.022 0.000
 12.333333  13.333333 999.99 0.999 99.99 0.999 9.999 0.999000 99.99 0.999 99.99 0.999000 99.999 0.999 9.999 0.999
 15.333333  16.333333 999.99 0.999 99.99 0.999 9.999 0.999000 99.99 0.999 99.99 0.999000 99.999 0.999 9.999 0.999
 18.333333  19.333333 999.99 0.999 99.99 0.999 9.999 0.999000 99.99 0.999 99.99 0.999000 99.999 0.999 9.999 0.999
 21.333333  22.333333 999.99 0.999 99.99 0.999 9.999 0.999000 99.99 0.999 99.99 0.999000 99.999 0.999 9.999 0.999
 24.333333  25.333333 999.99 0.999 99.99 0.999 9.999 0.999000 99.99 0.999 99.99 0.999000 99.999 0.999 9.999 0.999
 27.333333  28.333333   0.02 0.000  0.61 0.000 9.999 0.259000  0.13 0.000 99.99 0.259000  1.870 0.000 9.999 0.259
 30.333333  31.333333   6.59 0.000  1.86 0.000 0.035 0.000000  0.24 0.000 99.99 0.259000  2.621 0.000 0.033 0.000
 33.333333  34.333333 999.99 0.259  1.24 0.000 9.999 0.259000  0.35 0.000 99.99 0.259000  2.656 0.000 9.999 0.259
 36.333333  37.333333 999.99 0.259  0.16 0.000 9.999 0.259000  0.13 0.000 99.99 0.259000  0.030 0.000 9.999 0.259
 39.333333  40.333333  14.02 0.000  0.95 0.000 9.999 0.259000  0.68 0.000 99.99 0.259000  3.430 0.000 0.025 0.000
 42.333333  43.333333 999.99 0.259  1.11 0.000 9.999 0.259000  0.38 0.000 99.99 0.259000  2.445 0.000 9.999 0.259
 45.333333  46.333333  12.89 0.000  0.73 0.000 0.006 0.000000  0.33 0.000 99.99 0.259000  2.437 0.000 0.021 0.000
 48.333333  49.333333  20.75 0.000  1.08 0.000 9.999 0.259000  0.34 0.000 99.99 0.259000  2.776 0.000 0.024 0.000
 51.333333  52.333333  13.88 0.000  1.01 0.000 0.006 0.000000  0.39 0.000 99.99 0.259000  3.779 0.000 0.035 0.000
 54.333333  55.333333  35.60 0.000  1.68 0.000 9.999 0.259000  0.57 0.000 99.99 0.259000  4.373 0.000 0.047 0.000
 57.333333  58.333333  30.58 0.000  2.02 0.000 9.999 0.259000  0.30 0.000 99.99 0.259000  5.076 0.000 0.047 0.000
 60.333333  61.333333   6.61 0.000  1.01 0.000 9.999 0.259000  0.58 0.000 99.99 0.259000  3.153 0.000 0.033 0.000
 63.333333  64.333333   5.11 0.000  1.16 0.000 0.007 0.000000  0.69 0.000 99.99 0.259000  2.397 0.000 0.024 0.000
 66.333333  67.333333  13.32 0.000  1.63 0.000 9.999 0.259000  0.79 0.000 99.99 0.259000  4.607 0.000 0.043 0.000
 69.333333  70.333333  20.47 0.000  1.23 0.000 9.999 0.259000  0.54 0.000 99.99 0.259000  2.999 0.000 0.029 0.000
 72.333333  73.333333 999.99 0.259  2.66 0.000 9.999 0.259000  0.64 0.000 99.99 0.259000  3.958 0.000 9.999 0.259
 75.333333  76.333333   0.01 0.000  1.02 0.000 9.999 0.259000  0.56 0.000 99.99 0.259000  3.607 0.000 9.999 0.259
 78.333333  79.333333   3.01 0.000  0.88 0.000 9.999 0.259000  0.12 0.000 99.99 0.259000  0.331 0.000 0.013 0.000
 81.333333  82.333333  13.13 0.000  0.71 0.000 9.999 0.259000  0.28 0.000 99.99 0.259000  3.594 0.000 0.030 0.000
 84.333333  85.333333   0.98 0.000  0.62 0.000 9.999 0.259000  0.24 0.000 99.99 0.259000  0.358 0.000 0.006 0.000
 87.333333  88.333333 999.99 0.259  0.57 0.000 9.999 0.259000  0.22 0.000 99.99 0.259000  0.918 0.000 9.999 0.259
 90.333333  91.333333   2.01 0.000  0.39 0.000 9.999 0.259000  0.34 0.000 99.99 0.259000  0.767 0.000 0.009 0.000
 93.333333  94.333333   0.01 0.000  0.16 0.000 9.999 0.259000  0.25 0.000 99.99 0.259000  1.363 0.000 9.999 0.259
 96.333333  97.333333  21.20 0.000  1.44 0.000 9.999 0.259000  0.20 0.000 99.99 0.259000  2.229 0.000 0.028 0.000
 99.333333 100.333333   7.87 0.000  1.07 0.000 0.007 0.000000  0.15 0.000 99.99 0.259000  2.040 0.000 0.022 0.000
102.333333 103.333333   0.02 0.000  0.59 0.000 9.999 0.259000  0.17 0.000 99.99 0.259000  0.682 0.000 0.001 0.000
105.333333 106.333333   4.06 0.000  0.40 0.000 9.999 0.259000  0.27 0.000 99.99 0.259000  1.275 0.000 0.014 0.000
108.333333 109.333333   9.57 0.000  0.98 0.000 0.004 0.000000  0.12 0.000 99.99 0.259000  1.866 0.000 0.014 0.000
111.333333 112.333333  34.07 0.000  1.45 0.000 9.999 0.259000  0.38 0.000 99.99 0.259000  4.174 0.000 0.033 0.000
114.333333 115.333333  19.06 0.000  0.87 0.000 0.009 0.000000  0.40 0.000 99.99 0.259000  3.555 0.000 0.026 0.000
117.333333 118.333333   0.02 0.000  1.30 0.000 9.999 0.259000  0.91 0.000 99.99 0.259000  4.554 0.000 9.999 0.259
120.333333 121.333333  19.24 0.000  2.08 0.000 9.999 0.259000  0.67 0.000 99.99 0.259000  5.228 0.000 0.034 0.000
123.333333 124.333333 999.99 0.259  2.34 0.000 9.999 0.259000  0.75 0.000 99.99 0.259000  5.140 0.000 9.999 0.259
126.333333 127.333333  21.09 0.000  0.69 0.000 0.030 0.000000  1.08 0.000 99.99 0.259000  5.207 0.000 0.048 0.000
129.333333 130.333333   5.03 0.000  0.49 0.000 9.999 0.259000  0.58 0.000 99.99 0.259000  2.125 0.000 0.013 0.000
132.333333 133.333333 999.99 0.259  2.44 0.000 9.999 0.259000  0.73 0.000 99.99 0.259000  6.449 0.000 9.999 0.259
135.333333 136.333333   6.12 0.000  0.93 0.000 0.020 0.000000  0.47 0.000 99.99 0.259000  2.596 0.000 0.028 0.000
138.333333 139.333333   3.92 0.000  0.30 0.000 9.999 0.259000  0.19 0.000 99.99 0.259000  1.341 0.000 0.014 0.000
141.333333 142.333333   2.26 0.000  0.41 0.000 0.035 0.000000  0.20 0.000 99.99 0.259000  1.485 0.000 0.015 0.000
144.333333 145.333333  14.45 0.000  1.06 0.000 9.999 0.259000  0.41 0.000 99.99 0.259000  2.557 0.000 0.017 0.000
147.333333 148.333333   0.02 0.000  1.12 0.000 9.999 0.259000  0.87 0.000 99.99 0.259000  7.255 0.000 9.999 0.259
150.333333 151.333333   2.78 0.000  0.87 0.000 9.999 0.259000  0.40 0.000 99.99 0.259000  2.319 0.000 0.013 0.000
153.333333 154.333333   5.88 0.000  0.27 0.000 0.021 0.000000  0.44 0.000 99.99 0.259000  3.038 0.000 0.019 0.000
156.333333 157.333333   5.03 0.000  0.71 0.000 0.008 0.000000  0.76 0.000 99.99 0.259000  2.574 0.000 0.020 0.000
159.333333 160.333333   4.05 0.000  0.59 0.000 0.016 0.000000  0.38 0.000 99.99 0.259000  2.649 0.000 0.016 0.000
162.333333 163.333333   3.59 0.000  0.77 0.000 0.014 0.000000  0.37 0.000 99.99 0.259000  2.480 0.000 0.018 0.000
165.333333 166.333333   5.06 0.000  0.64 0.000 0.004 0.000000  0.28 0.000 99.99 0.259000  2.276 0.000 0.017 0.000
168.333333 169.333333   4.25 0.000  1.03 0.000 0.014 0.000000  0.52 0.000 99.99 0.259000  2.643 0.000 0.026 0.000
171.333333 172.333333  12.07 0.000  0.92 0.000 0.006 0.000000  0.38 0.000 99.99 0.259000  3.639 0.000 0.016 0.000
174.333333 175.333333  10.01 0.394  0.64 0.394 0.019 0.394000  0.83 0.394 99.99 0.394259  5.847 0.000 0.038 0.394
177.333333 178.333333   3.31 0.000  0.35 0.000 9.999 0.259000  0.29 0.000 99.99 0.259000  2.104 0.000 0.015 0.000
180.333333 181.333333   6.47 0.000  0.65 0.000 0.005 0.000000  0.73 0.000 99.99 0.259000  3.020 0.000 0.028 0.000
183.333333 184.333333   4.73 0.000  0.74 0.000 9.999 0.259000  0.67 0.000 99.99 0.259000  3.526 0.000 0.019 0.000
186.333333 187.333333   2.30 0.000  0.60 0.000 9.999 0.259000  0.40 0.000 99.99 0.259000  1.985 0.000 0.049 0.000
189.333333 190.333333   2.50 0.000  0.73 0.000 9.999 0.259000  0.73 0.000 99.99 0.259000  2.855 0.000 0.029 0.000
192.333333 193.333333   3.05 0.000  0.33 0.000 9.999 0.259000  0.22 0.000 99.99 0.259000  1.669 0.000 0.016 0.000
195.333333 196.333333   8.22 0.000  0.46 0.000 9.999 0.259000  0.51 0.000 99.99 0.259000  3.934 0.000 0.025 0.000
198.333333 199.333333   8.25 0.000  0.44 0.000 0.013 0.000000  0.50 0.000 99.99 0.259000  3.494 0.000 0.022 0.000
201.333333 202.333333  20.20 0.000  0.59 0.000 0.017 0.000000  0.35 0.000 99.99 0.259000  4.290 0.000 0.019 0.000
204.333333 205.333333  10.76 0.000  0.30 0.000 0.012 0.000000  0.67 0.000 99.99 0.259000  3.779 0.000 0.020 0.000
207.333333 208.333333  19.71 0.000  0.39 0.000 0.008 0.000000  0.39 0.000 99.99 0.259000  2.707 0.000 0.013 0.000
210.333333 211.333333   0.02 0.000  0.19 0.000 9.999 0.259000  0.02 0.000 99.99 0.259000  2.186 0.000 9.999 0.259
213.333333 214.333333   5.95 0.000  0.34 0.000 9.999 0.259000  0.29 0.000 99.99 0.259000  2.159 0.000 0.010 0.000
216.333333 217.333333  16.04 0.000  0.35 0.000 9.999 0.259000  0.39 0.000 99.99 0.259000  2.603 0.000 0.011 0.000
219.333333 220.333333  13.69 0.000  0.50 0.000 9.999 0.259000  0.49 0.000 99.99 0.259000  4.037 0.000 0.019 0.000
222.333333 223.333333  19.57 0.000  0.70 0.000 9.999 0.259000  0.86 0.000 99.99 0.259000  5.515 0.000 0.025 0.000
225.333333 226.333333  40.77 0.699  0.63 0.699 9.999 0.699259  0.68 0.699 99.99 0.699259  7.954 0.659 0.035 0.699
228.333333 229.333333   5.97 0.000  0.59 0.000 9.999 0.259000  0.42 0.000 99.99 0.259000  2.078 0.000 0.020 0.000
231.333333 232.333333  12.99 0.000  1.13 0.000 9.999 0.259000  1.00 0.000 99.99 0.259000  4.230 0.000 0.018 0.000
234.333333 235.333333  16.07 0.000  0.57 0.000 0.005 0.000000  0.44 0.000 99.99 0.259000  3.252 0.000 0.027 0.000
237.333333 238.333333  20.05 0.000  0.34 0.000 9.999 0.259000  0.81 0.000 99.99 0.259000  3.122 0.000 0.013 0.000
240.333333 241.333333   5.03 0.000  0.35 0.000 9.999 0.259000  0.36 0.000 99.99 0.259000  1.843 0.000 0.015 0.000
243.333333 244.333333   4.40 0.000  0.54 0.000 9.999 0.259000  0.34 0.000 99.99 0.259000  1.828 0.000 0.009 0.000
246.333333 247.333333   3.64 0.000  0.84 0.000 9.999 0.259000  0.92 0.000 99.99 0.259000  2.615 0.000 0.018 0.000
249.333333 250.333333   8.22 0.000  0.75 0.000 9.999 0.259000  0.60 0.000 99.99 0.259000  2.397 0.000 0.011 0.000
252.333333 253.333333   7.76 0.000  0.80 0.000 0.010 0.000000  0.84 0.000 99.99 0.259000  2.867 0.000 0.022 0.000
255.333333 256.333333  17.09 0.000  0.83 0.000 9.999 0.259000  0.74 0.000 99.99 0.259000  6.454 0.000 0.024 0.000
258.333333 259.333333   2.69 0.000  0.46 0.000 0.021 0.000000  0.65 0.000 99.99 0.259000  3.183 0.000 0.016 0.000
261.333333 262.333333   4.49 0.000  0.86 0.000 9.999 0.259000  0.69 0.000 99.99 0.259000  3.844 0.000 0.026 0.000
264.333333 265.333333   4.22 0.000  0.39 0.000 9.999 0.259000  0.26 0.000 99.99 0.259000  1.894 0.000 0.010 0.000
267.333333 268.333333  13.60 0.000  1.84 0.000 9.999 0.259000  1.25 0.000 99.99 0.259000  3.856 0.000 0.031 0.000
270.333333 271.333333  13.09 0.000  0.99 0.000 9.999 0.259000  0.75 0.000 99.99 0.259000  4.045 0.000 0.018 0.000
273.333333 274.333333   2.09 0.000  0.47 0.000 0.016 0.000000  0.29 0.000 99.99 0.259000  2.108 0.000 0.018 0.000
276.333333 277.333333   4.51 0.000  1.52 0.000 9.999 0.259000  0.40 0.000 99.99 0.259000  2.854 0.000 0.026 0.000
279.333333 280.333333   3.43 0.000  0.86 0.000 0.013 0.000000  0.45 0.000 99.99 0.259000  2.791 0.000 0.028 0.000
282.333333 283.333333   1.48 0.000  0.99 0.000 9.999 0.259000  0.44 0.000 99.99 0.259000  2.018 0.000 0.022 0.000
285.333333 286.333333   3.65 0.000  0.40 0.000 9.999 0.259000  0.43 0.000 99.99 0.259000  3.199 0.000 0.029 0.000
288.333333 289.333333   0.87 0.000  0.46 0.000 9.999 0.259000  0.26 0.000 99.99 0.259000  1.648 0.000 0.018 0.000
291.333333 292.333333   3.66 0.000  0.54 0.000 0.007 0.000000  0.42 0.000 99.99 0.259000  3.478 0.000 0.024 0.000
294.333333 295.333333  13.65 0.699  2.19 0.699 9.999 0.699259  0.68 0.699 99.99 0.699259  5.835 0.659 0.045 0.699
297.333333 298.333333   6.72 0.000  0.55 0.000 0.005 0.000000  0.36 0.000 99.99 0.259000  5.716 0.000 0.047 0.000
300.333333 301.333333   1.61 0.000  0.28 0.000 0.003 0.000000  0.23 0.000 99.99 0.259000  1.960 0.000 0.017 0.000
303.333333 304.333333   1.78 0.000  0.24 0.000 9.999 0.259000  0.24 0.000 99.99 0.259000  1.692 0.000 0.016 0.000
306.333333 307.333333   0.96 0.000  0.22 0.000 9.999 0.259000  0.14 0.000 99.99 0.259000  0.738 0.000 0.014 0.000
309.333333 310.333333   2.02 0.000  0.22 0.000 9.999 0.259000  0.20 0.000 99.99 0.259000  0.909 0.000 0.009 0.000
312.333333 313.333333  14.73 0.000  1.61 0.000 9.999 0.259000 99.99 0.259 99.99 0.259000  3.493 0.000 0.038 0.000
315.333333 316.333333   0.29 0.000  0.34 0.000 0.008 0.000000  0.10 0.000 99.99 0.259000  0.662 0.000 0.005 0.000
318.333333 319.333333   5.79 0.000  0.66 0.000 9.999 0.259000  0.31 0.000 99.99 0.259000  2.519 0.000 0.020 0.000
321.333333 322.333333   6.03 0.000  0.92 0.000 9.999 0.259000  0.24 0.000 99.99 0.259000  2.227 0.000 0.016 0.000
324.333333 325.333333   7.13 0.000  0.45 0.000 9.999 0.259000 99.99 0.259 99.99 0.259000  1.438 0.000 0.010 0.000
327.333333 328.333333   6.64 0.000  0.80 0.000 9.999 0.259000  0.19 0.000 99.99 0.259000  2.619 0.000 0.019 0.000
330.333333 331.333333   1.73 0.000  0.35 0.000 9.999 0.259000  0.16 0.000 99.99 0.259000  1.888 0.000 0.015 0.000
333.333333 334.333333   2.56 0.000  0.21 0.000 0.004 0.000000  0.24 0.000 99.99 0.259000  1.846 0.000 0.014 0.000
336.333333 337.333333   1.18 0.000  0.33 0.000 9.999 0.259000  0.33 0.000 99.99 0.259000  1.713 0.000 0.011 0.000
339.333333 340.333333   4.06 0.000  0.64 0.000 9.999 0.259000  0.55 0.000 99.99 0.259000  3.140 0.000 0.017 0.000
342.333333 343.333333   7.95 0.000  1.42 0.000 9.999 0.259000  0.80 0.000 99.99 0.259000  4.608 0.000 0.036 0.000
345.333333 346.333333   5.33 0.000  0.67 0.000 0.011 0.000000  0.79 0.000 99.99 0.259000  3.330 0.000 0.024 0.000
348.333333 349.333333  16.82 0.000  1.28 0.000 0.004 0.000000  0.59 0.000 99.99 0.259000  3.567 0.000 0.023 0.000
351.333333 352.333333   8.04 0.000  0.60 0.000 9.999 0.259000 99.99 0.259 99.99 0.259000  1.393 0.000 0.007 0.000
354.333333 355.333333   0.69 0.000  0.14 0.000 9.999 0.259000 99.99 0.259 99.99 0.259000  0.336 0.000 0.002 0.000
357.333333 358.333333   0.32 0.000 99.99 0.259 0.003 0.000000 99.99 0.259 99.99 0.259000  0.337 0.000 0.002 0.000
360.333333 361.333333   0.63 0.000  0.18 0.000 0.021 0.000000  0.09 0.000  4.37 0.000000  1.043 0.000 0.008 0.000
363.333333 364.333333   0.24 0.000  0.16 0.000 9.999 0.259000 99.99 0.259  1.00 0.000000  0.124 0.000 0.001 0.000
