scripts/IMPROVE-2019_partial/data/US9053R.20040101060000.20191216000000.filterpack..pm25.52w.1w.US03L_filterpack_US9053.US03L_IMPROVE_Davis.lev2.nas
66 1001
MISSING INFORMATION
US03L, IMPROVE, , , , , , , 
MISSING INFORMATION
IMPROVE sel_HTAP
1 1
2004 01 01 2019 12 16
3.00
days from file reference point
27
1 1 1 1 1 1 1 1 1 1 1 1 1 1 1 1 1 1 1 1 1 1 1 1 1 1 1
999.99 9999.99 9.999 999.99 9.999 9.999 9.999 9.99 9.999 99.999 9.999 99.999 9.999 99.999 9.999 999.99 9.999 999.999 9.999 999.999 9.999 999.999 9.999 9.999 9.999 99.999 9.999
end_time of measurement, days from the file reference point
iron, ng/m3, Revision date=20181210133000
numflag iron, no unit, Revision date=20181210133000
lead, ng/m3, Revision date=20181210133000
numflag lead, no unit, Revision date=20181210133000
magnesium, ug/m3, Revision date=20181210133000
numflag magnesium, no unit, Revision date=20181210133000
nickel, ng/m3, Revision date=20181210133000
numflag nickel, no unit, Revision date=20181210133000
nitrate, ug N/m3, Revision date=20181210133000
numflag nitrate, no unit, Revision date=20181210133000
organic_carbon, ug C/m3, Revision date=20181210133000
numflag organic_carbon, no unit, Revision date=20181210133000
organic_mass, ug/m3, Revision date=20181210133000
numflag organic_mass, no unit, Revision date=20181210133000
phosphorus, ng/m3, Revision date=20181210133000
numflag phosphorus, no unit, Revision date=20181210133000
pm10_mass, ug/m3, Version=2, Version description=Data extracted from http://views.cira.colostate.edu/fed/DataWizard 2019-12-16, Sample duration=1d, Orig. time res.=3d, Matrix=pm10, Blank correction=Blank corrected, Volume std. temperature=ambient, Volume std. pressure=ambient
numflag pm10_mass, no unit, Version=2, Version description=Data extracted from http://views.cira.colostate.edu/fed/DataWizard 2019-12-16, Sample duration=1d, Orig. time res.=3d, Matrix=pm10, Blank correction=Blank corrected, Volume std. temperature=ambient, Volume std. pressure=ambient
pm10_pm25_mass, ug/m3, Revision date=20181210133000, Matrix=pm10_pm25
numflag pm10_pm25_mass, no unit, Revision date=20181210133000, Matrix=pm10_pm25
pm25_mass, ug/m3, Version=2, Version description=Data extracted from http://views.cira.colostate.edu/fed/DataWizard 2019-12-16, Sample duration=1d, Orig. time res.=3d, Blank correction=Blank corrected, Volume std. temperature=ambient, Volume std. pressure=ambient
numflag pm25_mass, no unit, Version=2, Version description=Data extracted from http://views.cira.colostate.edu/fed/DataWizard 2019-12-16, Sample duration=1d, Orig. time res.=3d, Blank correction=Blank corrected, Volume std. temperature=ambient, Volume std. pressure=ambient
potassium, ug/m3, Revision date=20181210133000
numflag potassium, no unit, Revision date=20181210133000
sulphate_total, ug S/m3, Revision date=20181210133000
numflag sulphate_total, no unit, Revision date=20181210133000
0
25
Data definition:              EBAS_1.1
Set type code:                TU
Timezone:                     UTC
File name:                    US9053R.20040101060000.20191216000000.filterpack..pm25.52w.1w.US03L_filterpack_US9053.US03L_IMPROVE_Davis.lev2.nas
File creation:                20191218120907
Startdate:                    20040101060000
Revision date:                20191216000000
Statistics:                   arithmetic mean
Data level:                   2
Period code:                  52w
Resolution code:              1w
Station code:                 US9053R
Platform code:                US9053S
Station name:                 Viking Lake
Station latitude:             40.969
Station longitude:            -95.045
Station altitude:             371.0 m
Regime:                       IMG
Component:                    
Matrix:                       pm25
Laboratory code:              US03L
Instrument type:              filterpack
Instrument name:              filterpack_US9053
Method ref:                   US03L_IMPROVE_Davis
starttime endtime Fe flag_Fe Pb flag_Pb Mg++ flag_Mg++ Ni flag_Ni NO3- flag_NO3- OC flag_OC OM flag_OM P flag_P PM10 flag_PM10 PM10-PM2.5 flag_PM10-PM2.5 PM2.5 flag_PM2.5 K+ flag_K+ SO4-- flag_SO4--
[from data line 88]
264.25 265.25   63.71 0.000   1.86 0.000 9.999 0.259 9.99 0.259  0.084 0.000  3.518 0.000  4.925 0.000 999.99 0.259  27.415 0.000  11.833 0.000  15.582 0.000 0.103 0.000  1.284 0.000
267.25 268.25   33.71 0.000   0.90 0.000 9.999 0.259 9.99 0.259  0.042 0.000  0.947 0.000  1.325 0.000 999.99 0.259  12.040 0.000   7.861 0.000   4.179 0.000 0.020 0.000  0.237 0.000
270.25 271.25   68.54 0.000   2.25 0.000 9.999 0.259 9.99 0.259  0.098 0.000  1.577 0.000  2.207 0.000 999.99 0.259  32.092 0.000  23.543 0.000   8.549 0.000 0.036 0.000  0.785 0.000
273.25 274.25   86.99 0.000   1.78 0.000 9.999 0.259 9.99 0.259  0.078 0.000  1.616 0.000  2.263 0.000  42.12 0.000  31.705 0.000  23.179 0.000   8.525 0.000 0.055 0.000  0.787 0.000
276.25 277.25   44.64 0.000   2.27 0.000 9.999 0.259 0.12 0.000  0.051 0.000  1.166 0.000  1.633 0.000 999.99 0.259  24.802 0.000  20.438 0.000   4.363 0.000 0.043 0.000  0.208 0.000
279.25 280.25   78.88 0.000   3.98 0.000 9.999 0.259 9.99 0.259  0.068 0.000  1.055 0.000  1.477 0.000 999.99 0.259  33.441 0.000  27.541 0.000   5.900 0.000 0.055 0.000  0.404 0.000
282.25 283.25   43.77 0.000   1.63 0.000 9.999 0.259 9.99 0.259  0.066 0.000  1.025 0.000  1.435 0.000 999.99 0.259  22.724 0.000  18.532 0.000   4.191 0.000 0.050 0.000  0.167 0.000
285.25 286.25   73.67 0.000   3.59 0.000 9.999 0.259 0.16 0.000  0.547 0.000  1.360 0.000  1.904 0.000 999.99 0.259  39.845 0.000  32.470 0.000   7.375 0.000 0.046 0.000  0.452 0.000
288.25 289.25   43.86 0.000   1.03 0.000 9.999 0.259 9.99 0.259  0.076 0.000  0.601 0.000  0.841 0.000 999.99 0.259  27.318 0.000  23.151 0.000   4.167 0.000 0.033 0.000  0.343 0.000
291.25 292.25   29.37 0.000   3.07 0.000 9.999 0.259 0.08 0.000  0.328 0.000  0.883 0.000  1.237 0.000 999.99 0.259  20.501 0.000  14.248 0.000   6.253 0.000 0.032 0.000  0.481 0.000
294.25 295.25   17.68 0.000   1.08 0.000 0.154 0.000 9.99 0.259  0.474 0.000  0.454 0.000  0.636 0.000 999.99 0.259   9.440 0.000   1.627 0.000   7.812 0.000 0.009 0.000  0.921 0.000
297.25 298.25   85.16 0.000   1.17 0.000 9.999 0.259 0.13 0.000  0.116 0.000  1.153 0.000  1.615 0.000 999.99 0.259  20.002 0.000  15.550 0.000   4.452 0.000 0.047 0.000  0.275 0.000
300.25 301.25   10.83 0.000   2.05 0.000 0.119 0.000 0.11 0.000  0.663 0.000  0.573 0.000  0.802 0.000 999.99 0.259  12.029 0.000   2.562 0.000   9.467 0.000 0.014 0.000  1.187 0.000
303.25 304.25 9999.99 0.999 999.99 0.999 9.999 0.999 9.99 0.999 99.999 0.999 99.999 0.999 99.999 0.999 999.99 0.999 999.999 0.999 999.999 0.999 999.999 0.999 9.999 0.999 99.999 0.999
306.25 307.25 9999.99 0.999 999.99 0.999 9.999 0.999 9.99 0.999 99.999 0.999 99.999 0.999 99.999 0.999 999.99 0.999 999.999 0.999 999.999 0.999 999.999 0.999 9.999 0.999 99.999 0.999
309.25 310.25   31.42 0.000   6.46 0.000 9.999 0.259 0.11 0.000  0.159 0.000  1.062 0.000  1.487 0.000 999.99 0.259  18.338 0.000  14.404 0.000   3.934 0.000 0.065 0.000  0.199 0.000
312.25 313.25   35.81 0.000   1.81 0.000 9.999 0.259 9.99 0.259  0.181 0.000  0.745 0.000  1.043 0.000 999.99 0.259  23.079 0.000  19.458 0.000   3.621 0.000 0.031 0.000  0.187 0.000
315.25 316.25   15.29 0.000   0.85 0.000 0.073 0.000 9.99 0.259  0.171 0.000  0.544 0.000  0.761 0.000 999.99 0.259   7.450 0.000   4.731 0.000   2.719 0.000 0.037 0.000  0.170 0.000
318.25 319.25   44.64 0.000   5.21 0.000 9.999 0.259 0.19 0.000  1.338 0.000  1.052 0.000  1.473 0.000 999.99 0.259  25.226 0.000  12.691 0.000  12.535 0.000 0.042 0.000  0.415 0.000
321.25 322.25   37.58 0.000   1.11 0.000 9.999 0.259 9.99 0.259  0.674 0.000  0.917 0.000  1.284 0.000 999.99 0.259  15.997 0.000   4.343 0.000  11.654 0.000 0.032 0.000  1.408 0.000
324.25 325.25   15.34 0.000   1.32 0.000 9.999 0.259 9.99 0.259  0.656 0.000  0.680 0.000  0.951 0.000 999.99 0.259  10.937 0.000   3.873 0.000   7.064 0.000 0.066 0.000  0.456 0.000
327.25 328.25   12.39 0.000   1.73 0.000 9.999 0.259 9.99 0.259  0.450 0.000  0.412 0.000  0.577 0.000 999.99 0.259   8.564 0.000   3.364 0.000   5.200 0.000 0.017 0.000  0.443 0.000
330.25 331.25   38.77 0.000   1.67 0.000 9.999 0.259 9.99 0.259  0.526 0.000  0.918 0.000  1.285 0.000 999.99 0.259  11.964 0.000   4.990 0.000   6.975 0.000 0.019 0.000  0.346 0.000
333.25 334.25    3.05 0.000   1.41 0.000 0.068 0.000 0.15 0.000  0.706 0.000  0.331 0.000  0.463 0.000 999.99 0.259   8.701 0.000   1.196 0.000   7.506 0.000 0.017 0.000  0.549 0.000
336.25 337.25   29.52 0.000   2.01 0.000 9.999 0.259 9.99 0.259  0.965 0.000  0.984 0.000  1.377 0.000 999.99 0.259  12.885 0.000   4.546 0.000   8.339 0.000 0.039 0.000  0.218 0.000
339.25 340.25   18.83 0.000   2.97 0.000 0.031 0.000 0.27 0.000  0.972 0.000  1.039 0.000  1.454 0.000 999.99 0.259  12.500 0.000   2.790 0.000   9.710 0.000 0.038 0.000  0.218 0.000
342.25 343.25   38.32 0.000   1.80 0.000 9.999 0.259 9.99 0.259  1.278 0.000  0.709 0.000  0.993 0.000 999.99 0.259  15.594 0.000   1.944 0.000  13.649 0.000 0.022 0.000  1.110 0.000
345.25 346.25   12.78 0.000   2.31 0.000 0.083 0.000 0.12 0.000  0.917 0.000  0.536 0.000  0.751 0.000 999.99 0.259  12.879 0.000   1.305 0.000  11.574 0.000 0.015 0.000  1.299 0.000
348.25 349.25   19.24 0.000   1.64 0.000 9.999 0.259 0.14 0.000  0.165 0.000  0.290 0.000  0.407 0.000 999.99 0.259   8.894 0.000   6.122 0.000   2.772 0.000 0.018 0.000  0.164 0.000
351.25 352.25   30.94 0.000   1.80 0.000 9.999 0.259 0.13 0.000  0.807 0.000  0.944 0.000  1.322 0.000 999.99 0.259  17.654 0.000   8.632 0.000   9.022 0.000 0.058 0.000  0.416 0.000
354.25 355.25   29.65 0.000   2.33 0.000 9.999 0.259 9.99 0.259  0.389 0.000  0.915 0.000  1.281 0.000 999.99 0.259  15.228 0.000   9.696 0.000   5.532 0.000 0.043 0.000  0.225 0.000
357.25 358.25   21.45 0.000   1.64 0.000 9.999 0.259 0.10 0.000  0.118 0.000  0.514 0.000  0.719 0.000 999.99 0.259  15.667 0.000  12.341 0.000   3.326 0.000 0.022 0.000  0.282 0.000
360.25 361.25   20.50 0.000   2.13 0.000 9.999 0.259 9.99 0.259  1.666 0.000  0.995 0.000  1.393 0.000 999.99 0.259  25.463 0.000  10.215 0.000  15.248 0.000 0.037 0.000  0.733 0.000
363.25 364.25   67.15 0.000   4.86 0.000 9.999 0.259 9.99 0.259  3.042 0.000  1.566 0.000  2.192 0.000 999.99 0.259  57.647 0.000  29.900 0.000  27.748 0.000 0.101 0.000  1.198 0.000
