scripts/IMPROVE-2019_partial/data/US9035R.20090101070000.20191216000000.filterpack...52w.3d.US03L_filterpack_US9035.US03L_IMPROVE_Davis.lev2.nas
52 1001
MISSING INFORMATION
US03L, IMPROVE, , , , , , , 
MISSING INFORMATION
IMPROVE sel_HTAP
1 1
2009 01 01 2019 12 16
3.000000
days from file reference point
5
1 1 1 1 1
999.999999 999.999 9.999 999.999 9.999
end_time of measurement, days from the file reference point
pm10_mass, ug/m3, Matrix=pm10
numflag pm10_mass, no unit, Matrix=pm10
pm25_mass, ug/m3, Matrix=pm25
numflag pm25_mass, no unit, Matrix=pm25
0
33
Data definition:              EBAS_1.1
Set type code:                TU
Timezone:                     UTC
File name:                    US9035R.20090101070000.20191216000000.filterpack...52w.3d.US03L_filterpack_US9035.US03L_IMPROVE_Davis.lev2.nas
File creation:                20191218120740
Startdate:                    20090101070000
Revision date:                20191216000000
Version:                      2
Version description:          "Data extracted from http://views.cira.colostate.edu/fed/DataWizard 2019-12-16"
Statistics:                   arithmetic mean
Data level:                   2
Period code:                  52w
Resolution code:              3d
Sample duration:              1d
Orig. time res.:              3d
Station code:                 US9035R
Platform code:                US9035S
Station name:                 Sycamore Canyon
Station latitude:             35.1406
Station longitude:            -111.9692
Station altitude:             2046.0 m
Regime:                       IMG
Component:                    
Unit:                         ug/m3
Matrix:                       
Laboratory code:              US03L
Instrument type:              filterpack
Instrument name:              filterpack_US9035
Method ref:                   US03L_IMPROVE_Davis
Blank correction:             Blank corrected
Volume std. temperature:      ambient
Volume std. pressure:         ambient
starttime endtime PM10 flag_PM10 PM2.5 flag_PM2.5
  0.291667   1.291667 999.999 0.999 999.999 0.999
  3.291667   4.291667 999.999 0.999 999.999 0.999
  6.291667   7.291667   1.032 0.000   0.848 0.000
  9.291667  10.291667   1.279 0.000   0.467 0.000
 12.291667  13.291667   3.099 0.000   2.162 0.000
 15.291667  16.291667   5.320 0.000   3.748 0.000
 18.291667  19.291667  23.818 0.000 999.999 0.699
 21.291667  22.291667 999.999 0.999 999.999 0.999
 24.291667  25.291667 999.999 0.999 999.999 0.999
 27.291667  28.291667   2.628 0.000   1.581 0.000
 30.291667  31.291667   3.123 0.000   2.106 0.000
 33.291667  34.291667   3.762 0.000   2.355 0.000
 36.291667  37.291667   7.055 0.000   2.916 0.000
 39.291667  40.291667   0.945 0.000   0.549 0.000
 42.291667  43.291667   3.631 0.000   2.165 0.000
 45.291667  46.291667   3.564 0.000   2.063 0.000
 48.291667  49.291667   3.142 0.000   2.123 0.000
 51.291667  52.291667   7.214 0.000   3.878 0.000
 54.291667  55.291667   3.929 0.000   2.225 0.000
 57.291667  58.291667   6.183 0.000   3.467 0.000
 60.291667  61.291667   8.066 0.000   3.506 0.000
 63.291667  64.291667   7.510 0.000   2.923 0.000
 66.291667  67.291667   7.171 0.000   3.077 0.000
 69.291667  70.291667   8.281 0.000   3.802 0.000
 72.291667  73.291667   4.198 0.000   2.828 0.000
 75.291667  76.291667  12.510 0.000   3.888 0.000
 78.291667  79.291667  13.748 0.000   5.974 0.000
 81.291667  82.291667  25.193 0.000   6.001 0.000
 84.291667  85.291667  13.912 0.000   4.356 0.000
 87.291667  88.291667  10.079 0.000   3.925 0.000
 90.291667  91.291667  11.739 0.000   2.865 0.000
 93.291667  94.291667   3.077 0.000   1.564 0.000
 96.291667  97.291667   9.481 0.000   3.443 0.000
 99.291667 100.291667  13.726 0.000   3.825 0.000
102.291667 103.291667   2.800 0.000   1.718 0.000
105.291667 106.291667   6.438 0.000   2.592 0.000
108.291667 109.291667   5.104 0.000   2.818 0.000
111.291667 112.291667  10.003 0.000   3.631 0.000
114.291667 115.291667  11.775 0.000   3.656 0.000
117.291667 118.291667  11.430 0.000   4.713 0.000
120.291667 121.291667  19.894 0.000   7.351 0.000
123.291667 124.291667  16.916 0.000   7.075 0.000
126.291667 127.291667  21.104 0.000   7.707 0.000
129.291667 130.291667  12.895 0.000   6.452 0.000
132.291667 133.291667  29.540 0.000  11.644 0.000
135.291667 136.291667  19.420 0.000   7.992 0.000
138.291667 139.291667  15.718 0.000   4.814 0.000
141.291667 142.291667   3.801 0.000   2.925 0.000
144.291667 145.291667   7.090 0.000   4.212 0.000
147.291667 148.291667   6.285 0.000   3.178 0.000
150.291667 151.291667   6.510 0.000   2.529 0.000
153.291667 154.291667  17.438 0.000   5.327 0.000
156.291667 157.291667  13.930 0.000   3.990 0.000
159.291667 160.291667   7.897 0.000   2.298 0.000
162.291667 163.291667  13.367 0.000   4.708 0.000
165.291667 166.291667  11.060 0.000   4.144 0.000
168.291667 169.291667  10.080 0.000   5.497 0.000
171.291667 172.291667   9.986 0.000   4.022 0.000
174.291667 175.291667  32.570 0.000   9.918 0.000
177.291667 178.291667   8.201 0.000   4.556 0.000
180.291667 181.291667  18.540 0.000   6.141 0.000
183.291667 184.291667  10.919 0.000   5.524 0.000
186.291667 187.291667  17.309 0.000   5.575 0.000
189.291667 190.291667  38.595 0.000  16.004 0.000
192.291667 193.291667  35.486 0.000  14.813 0.000
195.291667 196.291667 999.999 0.999 999.999 0.999
198.291667 199.291667 999.999 0.999 999.999 0.999
201.291667 202.291667 999.999 0.999 999.999 0.999
204.291667 205.291667   7.510 0.000   3.779 0.000
207.291667 208.291667   7.799 0.000   4.307 0.000
210.291667 211.291667  23.451 0.000   8.474 0.000
213.291667 214.291667   8.399 0.000   4.633 0.000
216.291667 217.291667  20.901 0.000  12.456 0.000
219.291667 220.291667  10.440 0.000   4.705 0.000
222.291667 223.291667  13.848 0.000   5.404 0.000
225.291667 226.291667   9.511 0.000   5.440 0.000
228.291667 229.291667   8.391 0.000   4.060 0.000
231.291667 232.291667  21.895 0.000   8.113 0.000
234.291667 235.291667  11.335 0.000   4.206 0.000
237.291667 238.291667   9.694 0.000   4.557 0.000
240.291667 241.291667  16.763 0.000   5.733 0.000
243.291667 244.291667  10.555 0.000   4.742 0.000
246.291667 247.291667  10.457 0.000   5.323 0.000
249.291667 250.291667  10.767 0.000   4.941 0.000
252.291667 253.291667   5.540 0.000   3.365 0.000
255.291667 256.291667   7.977 0.000   4.283 0.000
258.291667 259.291667   9.839 0.000   3.553 0.000
261.291667 262.291667   9.254 0.000   3.602 0.000
264.291667 265.291667   9.043 0.000   2.504 0.000
267.291667 268.291667  23.136 0.000   7.236 0.000
270.291667 271.291667  14.425 0.000   6.967 0.000
273.291667 274.291667  14.098 0.000   7.253 0.000
276.291667 277.291667  10.389 0.000   2.758 0.000
279.291667 280.291667   8.349 0.000   3.775 0.000
282.291667 283.291667  20.084 0.000   8.262 0.000
285.291667 286.291667   5.580 0.000   2.443 0.000
288.291667 289.291667  36.184 0.000  22.668 0.000
291.291667 292.291667  13.155 0.000   6.161 0.000
294.291667 295.291667  11.081 0.000   5.467 0.000
297.291667 298.291667   9.598 0.000   4.291 0.000
300.291667 301.291667  13.918 0.000   5.853 0.000
303.291667 304.291667   9.621 0.000   4.657 0.000
306.291667 307.291667  16.194 0.000   8.749 0.000
309.291667 310.291667  18.967 0.000   9.260 0.000
312.291667 313.291667  16.534 0.000   7.113 0.000
315.291667 316.291667   9.797 0.000   5.083 0.000
318.291667 319.291667   3.011 0.000   1.491 0.000
321.291667 322.291667   9.340 0.000   4.614 0.000
324.291667 325.291667   9.485 0.000   4.447 0.000
327.291667 328.291667   4.134 0.000   1.432 0.000
330.291667 331.291667  18.647 0.000   6.827 0.000
333.291667 334.291667   4.251 0.000   2.990 0.000
336.291667 337.291667   7.310 0.000   4.132 0.000
339.291667 340.291667   8.596 0.000   4.077 0.000
342.291667 343.291667   4.642 0.000   2.629 0.000
345.291667 346.291667   1.929 0.000   0.626 0.000
348.291667 349.291667   6.139 0.000   5.859 0.000
351.291667 352.291667  22.280 0.000 999.999 0.699
354.291667 355.291667   5.154 0.000   3.347 0.000
357.291667 358.291667   2.089 0.000   1.651 0.000
360.291667 361.291667   3.054 0.000   2.423 0.000
363.291667 364.291667   3.437 0.000   1.766 0.000
