scripts/IMPROVE-2019_partial/data/US9021R.20080101050000.20191216000000.filterpack...52w.3d.US03L_filterpack_US9021.US03L_IMPROVE_Davis.lev2.nas
51 1001
MISSING INFORMATION
US03L, IMPROVE, , , , , , , 
MISSING INFORMATION
IMPROVE sel_HTAP
1 1
2008 01 01 2019 12 16
3.000000
days from file reference point
4
1 1 1 1
999.999999 999.999 999.999 9.999
end_time of measurement, days from the file reference point
pm10_mass, ug/m3, Matrix=pm10
pm25_mass, ug/m3, Matrix=pm25
numflag, no unit
0
33
Data definition:              EBAS_1.1
Set type code:                TU
Timezone:                     UTC
File name:                    US9021R.20080101050000.20191216000000.filterpack...52w.3d.US03L_filterpack_US9021.US03L_IMPROVE_Davis.lev2.nas
File creation:                20191218120632
Startdate:                    20080101050000
Revision date:                20191216000000
Version:                      2
Version description:          "Data extracted from http://views.cira.colostate.edu/fed/DataWizard 2019-12-16"
Statistics:                   arithmetic mean
Data level:                   2
Period code:                  52w
Resolution code:              3d
Sample duration:              1d
Orig. time res.:              3d
Station code:                 US9021R
Platform code:                US9021S
Station name:                 M.K. Goddard
Station latitude:             41.4269
Station longitude:            -80.1453
Station altitude:             379.0 m
Regime:                       IMG
Component:                    
Unit:                         ug/m3
Matrix:                       
Laboratory code:              US03L
Instrument type:              filterpack
Instrument name:              filterpack_US9021
Method ref:                   US03L_IMPROVE_Davis
Blank correction:             Blank corrected
Volume std. temperature:      ambient
Volume std. pressure:         ambient
starttime endtime PM10 PM2.5 flag
  0.208333   1.208333   7.641   6.429 0.000
  3.208333   4.208333  14.770   8.818 0.000
  6.208333   7.208333  12.047   7.843 0.000
  9.208333  10.208333  13.980  10.476 0.000
 12.208333  13.208333  12.228  10.696 0.000
 15.208333  16.208333  14.813  12.517 0.000
 18.208333  19.208333  11.962   8.710 0.000
 21.208333  22.208333  11.460   7.099 0.000
 24.208333  25.208333  16.766  10.464 0.000
 27.208333  28.208333  26.243  22.015 0.000
 30.208333  31.208333  14.038   6.302 0.000
 33.208333  34.208333  20.722  17.720 0.000
 36.208333  37.208333   2.755   2.370 0.000
 39.208333  40.208333   9.297   8.034 0.000
 42.208333  43.208333  13.822  11.534 0.000
 45.208333  46.208333  11.027   9.715 0.000
 48.208333  49.208333   7.433   6.479 0.000
 51.208333  52.208333  14.920   8.578 0.000
 54.208333  55.208333  22.612  18.557 0.000
 57.208333  58.208333   3.212   2.520 0.000
 60.208333  61.208333   8.886   7.850 0.000
 63.208333  64.208333   2.621   2.520 0.000
 66.208333  67.208333  13.482  12.719 0.000
 69.208333  70.208333  19.715  16.646 0.000
 72.208333  73.208333  11.277   8.088 0.000
 75.208333  76.208333   5.210   4.066 0.000
 78.208333  79.208333   6.867   6.665 0.000
 81.208333  82.208333   4.851   3.040 0.000
 84.208333  85.208333  13.179   8.239 0.000
 87.208333  88.208333   6.300   4.517 0.000
 90.208333  91.208333   8.222   6.242 0.000
 93.208333  94.208333  11.298   6.513 0.000
 96.208333  97.208333   9.034   7.546 0.000
 99.208333 100.208333  10.702   7.542 0.000
102.208333 103.208333   4.917   3.384 0.000
105.208333 106.208333   7.201   5.038 0.000
108.208333 109.208333  25.590  18.518 0.000
111.208333 112.208333  12.511   7.923 0.000
114.208333 115.208333  12.488   6.764 0.000
117.208333 118.208333  12.201   8.474 0.000
120.208333 121.208333   9.554   5.910 0.000
123.208333 124.208333  12.491   9.585 0.000
126.208333 127.208333  18.905  12.079 0.000
129.208333 130.208333   9.602   7.166 0.000
132.208333 133.208333   4.270   2.913 0.000
135.208333 136.208333   6.386   4.093 0.000
138.208333 139.208333   5.715   4.096 0.000
141.208333 142.208333   7.767   5.041 0.000
144.208333 145.208333  12.550   9.780 0.000
147.208333 148.208333  14.658   9.103 0.000
150.208333 151.208333  20.728  13.525 0.000
153.208333 154.208333   9.692   6.856 0.000
156.208333 157.208333  13.734  10.147 0.000
159.208333 160.208333  17.548  11.312 0.000
162.208333 163.208333  12.427   7.071 0.000
165.208333 166.208333  12.864   9.192 0.000
168.208333 169.208333   6.154   3.606 0.000
171.208333 172.208333  10.868   8.396 0.000
174.208333 175.208333   8.949   6.275 0.000
177.208333 178.208333  23.217  12.507 0.000
180.208333 181.208333  18.494   9.898 0.000
183.208333 184.208333  15.979  10.577 0.000
186.208333 187.208333  18.478  14.241 0.000
189.208333 190.208333  25.865  19.084 0.000
192.208333 193.208333  14.320   9.997 0.000
195.208333 196.208333  12.698   7.034 0.000
198.208333 199.208333  31.070  24.689 0.000
201.208333 202.208333  29.800  24.389 0.000
204.208333 205.208333   9.752   6.552 0.000
207.208333 208.208333  23.714  19.856 0.000
210.208333 211.208333  31.402  26.842 0.000
213.208333 214.208333  18.879  14.582 0.000
216.208333 217.208333  14.236  10.839 0.000
219.208333 220.208333   8.823   6.093 0.000
222.208333 223.208333   5.132   3.320 0.000
225.208333 226.208333  10.488   6.962 0.000
228.208333 229.208333  11.168   8.366 0.000
231.208333 232.208333  11.719   8.194 0.000
234.208333 235.208333  24.676  19.236 0.000
237.208333 238.208333   8.808   5.612 0.000
240.208333 241.208333   7.301   5.220 0.000
243.208333 244.208333  11.920   7.805 0.000
246.208333 247.208333  21.219  18.167 0.000
249.208333 250.208333  12.461  10.251 0.000
252.208333 253.208333   8.066   5.374 0.000
255.208333 256.208333  11.242   8.577 0.000
258.208333 259.208333   4.283   2.251 0.000
261.208333 262.208333   8.547   5.732 0.000
264.208333 265.208333  24.684  21.146 0.000
267.208333 268.208333  16.114  11.930 0.000
270.208333 271.208333   7.081   4.985 0.000
273.208333 274.208333  15.478  12.126 0.000
276.208333 277.208333   5.752   3.981 0.000
279.208333 280.208333   6.377   4.251 0.000
282.208333 283.208333  11.380   8.203 0.000
285.208333 286.208333  14.200  10.471 0.000
288.208333 289.208333  11.357   7.959 0.000
291.208333 292.208333   4.149   2.716 0.000
294.208333 295.208333   4.363   2.724 0.000
297.208333 298.208333   9.748   5.646 0.000
300.208333 301.208333  10.530   3.778 0.000
303.208333 304.208333   5.976   4.374 0.000
306.208333 307.208333  19.036  13.662 0.000
309.208333 310.208333  17.955  14.865 0.000
312.208333 313.208333   8.566   4.904 0.000
315.208333 316.208333   8.820   6.458 0.000
318.208333 319.208333  12.876   9.598 0.000
321.208333 322.208333   3.784   2.814 0.000
324.208333 325.208333   6.149   4.623 0.000
327.208333 328.208333  17.974  13.241 0.000
330.208333 331.208333   7.386   6.264 0.000
333.208333 334.208333  10.522   8.304 0.000
336.208333 337.208333   6.339   5.325 0.000
339.208333 340.208333  10.158   7.030 0.000
342.208333 343.208333  10.241   6.918 0.000
345.208333 346.208333  15.242  12.389 0.000
348.208333 349.208333   8.024   5.529 0.000
351.208333 352.208333   6.838   5.806 0.000
354.208333 355.208333   7.997   6.010 0.000
357.208333 358.208333  17.068  10.230 0.000
360.208333 361.208333  13.121   9.427 0.000
363.208333 364.208333   7.520   5.029 0.000
