scripts/IMPROVE-2019_partial/data/US9061R.19890104060000.20191216000000.filterpack...1y.3d.US03L_filterpack_US9061.US03L_IMPROVE_Davis.lev2.nas
51 1001
MISSING INFORMATION
US03L, IMPROVE, , , , , , , 
MISSING INFORMATION
IMPROVE sel_HTAP
1 1
1989 01 01 2019 12 16
0
days from file reference point
4
1 1 1 1
999.99 999.999 999.999 9.999
end_time of measurement, days from the file reference point
pm10_mass, ug/m3, Matrix=pm10
pm25_mass, ug/m3, Matrix=pm25
numflag, no unit
0
33
Data definition:              EBAS_1.1
Set type code:                TI
Timezone:                     UTC
File name:                    US9061R.19890104060000.20191216000000.filterpack...1y.3d.US03L_filterpack_US9061.US03L_IMPROVE_Davis.lev2.nas
File creation:                20191218120934
Startdate:                    19890104060000
Revision date:                20191216000000
Version:                      2
Version description:          "Data extracted from http://views.cira.colostate.edu/fed/DataWizard 2019-12-16"
Statistics:                   arithmetic mean
Data level:                   2
Period code:                  1y
Resolution code:              3d
Sample duration:              1d
Orig. time res.:              3d
Station code:                 US9061R
Platform code:                US9061S
Station name:                 Voyageurs NP #1
Station latitude:             48.4132
Station longitude:            -92.8303
Station altitude:             425.0 m
Regime:                       IMG
Component:                    
Unit:                         ug/m3
Matrix:                       
Laboratory code:              US03L
Instrument type:              filterpack
Instrument name:              filterpack_US9061
Method ref:                   US03L_IMPROVE_Davis
Blank correction:             Blank corrected
Volume std. temperature:      ambient
Volume std. pressure:         ambient
starttime endtime PM10 PM2.5 flag
  3.25   4.25  10.000   7.098 0.000
  6.25   7.25   7.924   4.855 0.000
 10.25  11.25  10.504   5.594 0.000
 13.25  14.25  14.537   3.624 0.000
 17.25  18.25   7.458   5.226 0.000
 20.25  21.25   8.851   4.704 0.000
 24.25  25.25   6.653   4.120 0.000
 27.25  28.25   7.768   3.509 0.000
 31.25  32.25   8.139   6.969 0.000
 34.25  35.25  12.800   9.380 0.000
 38.25  39.25   8.973   5.784 0.000
 41.25  42.25   6.459   3.162 0.000
 45.25  46.25 999.999   5.793 0.000
 48.25  49.25   5.292   4.170 0.000
 52.25  53.25   6.584   3.940 0.000
 55.25  56.25 999.999 999.999 0.999
 59.25  60.25   8.445   7.086 0.000
 62.25  63.25   6.652   5.149 0.000
 66.25  67.25  30.780 999.999 0.000
 69.25  70.25  24.587  16.146 0.000
 73.25  74.25   7.464   4.367 0.000
 76.25  77.25  11.604   6.288 0.000
 80.25  81.25 999.999   7.200 0.000
 83.25  84.25 999.999   9.536 0.000
 87.25  88.25 999.999   4.871 0.000
 90.25  91.25 999.999   5.552 0.000
 94.25  95.25 999.999   5.081 0.000
 97.25  98.25 999.999   4.531 0.000
101.25 102.25 999.999   4.837 0.000
104.25 105.25 999.999   5.032 0.000
108.25 109.25  15.155   4.935 0.000
111.25 112.25  15.135   6.721 0.000
115.25 116.25   8.864   7.222 0.000
118.25 119.25   6.130   2.541 0.000
122.25 123.25   9.283   5.548 0.000
125.25 126.25   5.551   3.494 0.000
129.25 130.25  10.261   5.191 0.000
132.25 133.25   8.415   4.114 0.000
136.25 137.25 999.999  15.654 0.000
139.25 140.25  35.216 999.999 0.000
143.25 144.25  10.551   5.347 0.000
146.25 147.25   9.044   4.389 0.000
150.25 151.25  18.808   6.364 0.000
153.25 154.25  13.480   6.833 0.000
157.25 158.25   4.096   2.415 0.000
160.25 161.25  29.547   4.020 0.000
164.25 165.25   4.613   2.908 0.000
167.25 168.25  14.006   7.396 0.000
171.25 172.25  23.242  13.544 0.000
174.25 175.25  12.056   4.349 0.000
178.25 179.25   6.426   1.192 0.000
181.25 182.25  12.112   7.890 0.000
185.25 186.25  19.617   8.254 0.000
188.25 189.25  17.292   6.647 0.000
192.25 193.25   9.589   3.265 0.000
195.25 196.25  26.462  20.806 0.000
199.25 200.25  47.463  13.533 0.000
202.25 203.25  43.667  29.379 0.000
206.25 207.25  24.519  13.573 0.000
209.25 210.25  13.541   9.741 0.000
213.25 214.25  28.713  16.453 0.000
216.25 217.25  13.038   3.918 0.000
220.25 221.25  31.672  24.760 0.000
223.25 224.25  22.432  12.698 0.000
227.25 228.25 999.999 999.999 0.999
230.25 231.25  22.170  13.655 0.000
234.25 235.25  13.151   4.441 0.000
237.25 238.25  26.078  15.653 0.000
241.25 242.25  10.269   3.129 0.000
244.25 245.25  10.063   4.527 0.000
248.25 249.25  20.109   8.110 0.000
251.25 252.25   9.281   2.870 0.000
255.25 256.25   9.834   2.522 0.000
258.25 259.25  20.961   6.939 0.000
262.25 263.25  11.783   4.767 0.000
265.25 266.25   3.376   1.715 0.000
269.25 270.25 999.999 999.999 0.999
272.25 273.25  26.262   7.670 0.000
276.25 277.25 999.999 999.999 0.999
279.25 280.25   2.806   1.686 0.000
283.25 284.25 999.999 999.999 0.999
286.25 287.25   7.548   4.157 0.000
290.25 291.25   3.485   2.398 0.000
293.25 294.25   5.030   4.709 0.000
297.25 298.25  30.392  15.076 0.000
300.25 301.25  14.482   6.828 0.000
304.25 305.25   2.685   0.925 0.000
307.25 308.25   8.487   7.066 0.000
311.25 312.25  14.637   5.337 0.000
314.25 315.25   6.764   2.553 0.000
318.25 319.25   5.920   3.058 0.000
321.25 322.25   4.751   3.547 0.000
325.25 326.25   4.029   2.154 0.000
328.25 329.25  13.838   9.226 0.000
332.25 333.25   4.649   2.348 0.000
335.25 336.25   3.894   2.331 0.000
339.25 340.25  10.796   5.000 0.000
342.25 343.25  17.025 999.999 0.000
346.25 347.25   5.677   4.469 0.000
349.25 350.25   6.961   5.495 0.000
353.25 354.25  12.295   6.025 0.000
356.25 357.25  12.853   3.785 0.000
360.25 361.25   8.454   5.200 0.000
363.25 364.25   6.635   5.728 0.000
