scripts/IMPROVE-2019_partial/data/US9028R.20100102080000.20191216000000.filterpack...43w.3d.US03L_filterpack_US9028.US03L_IMPROVE_Davis.lev2.nas
51 1001
MISSING INFORMATION
US03L, IMPROVE, , , , , , , 
MISSING INFORMATION
IMPROVE sel_HTAP
1 1
2010 01 01 2019 12 16
3.000000
days from file reference point
5
1 1 1 1 1
999.999999 999.999 9.999 999.999 9.999
end_time of measurement, days from the file reference point
pm10_mass, ug/m3, Matrix=pm10
numflag pm10_mass, no unit, Matrix=pm10
pm25_mass, ug/m3, Matrix=pm25
numflag pm25_mass, no unit, Matrix=pm25
0
32
Data definition:              EBAS_1.1
Set type code:                TU
Timezone:                     UTC
File name:                    US9028R.20100102080000.20191216000000.filterpack...43w.3d.US03L_filterpack_US9028.US03L_IMPROVE_Davis.lev2.nas
File creation:                20191218120703
Startdate:                    20100102080000
Revision date:                20191216000000
Version:                      2
Version description:          "Data extracted from http://views.cira.colostate.edu/fed/DataWizard 2019-12-16"
Statistics:                   arithmetic mean
Data level:                   2
Period code:                  43w
Resolution code:              3d
Sample duration:              1d
Orig. time res.:              3d
Station code:                 US9028R
Platform code:                US9028S
Station name:                 Makah Tribe
Station latitude:             48.37185
Station longitude:            -124.595
Regime:                       IMG
Component:                    
Unit:                         ug/m3
Matrix:                       
Laboratory code:              US03L
Instrument type:              filterpack
Instrument name:              filterpack_US9028
Method ref:                   US03L_IMPROVE_Davis
Blank correction:             Blank corrected
Volume std. temperature:      ambient
Volume std. pressure:         ambient
starttime endtime PM10 flag_PM10 PM2.5 flag_PM2.5
  1.333333   2.333333 999.999 0.999 999.999 0.999
  4.333333   5.333333 999.999 0.999 999.999 0.999
  7.333333   8.333333 999.999 0.999 999.999 0.999
 10.333333  11.333333 999.999 0.999 999.999 0.999
 13.333333  14.333333   3.062 0.000   1.564 0.000
 16.333333  17.333333   3.415 0.000   2.621 0.000
 19.333333  20.333333   6.850 0.000   3.987 0.000
 22.333333  23.333333   9.174 0.000   6.131 0.000
 25.333333  26.333333   9.493 0.000   5.526 0.000
 28.333333  29.333333   8.389 0.000   5.139 0.000
 31.333333  32.333333   4.187 0.000   3.719 0.000
 34.333333  35.333333   4.244 0.000   2.915 0.000
 37.333333  38.333333   7.462 0.000   4.061 0.000
 40.333333  41.333333   6.813 0.000   5.767 0.000
 43.333333  44.333333   7.499 0.000   4.114 0.000
 46.333333  47.333333  11.750 0.000   4.964 0.000
 49.333333  50.333333   7.869 0.000   3.740 0.000
 52.333333  53.333333  16.271 0.000   8.718 0.000
 55.333333  56.333333   6.357 0.000   2.995 0.000
 58.333333  59.333333   6.635 0.000   3.534 0.000
 61.333333  62.333333   6.408 0.000   2.873 0.000
 64.333333  65.333333  13.653 0.000   8.014 0.000
 67.333333  68.333333   8.210 0.000   3.932 0.000
 70.333333  71.333333   6.854 0.000   2.795 0.000
 73.333333  74.333333   6.671 0.000   4.077 0.000
 76.333333  77.333333   9.019 0.000   4.354 0.000
 79.333333  80.333333   7.930 0.000   3.632 0.000
 82.333333  83.333333  13.960 0.000   6.347 0.000
 85.333333  86.333333  17.296 0.000   7.822 0.000
 88.333333  89.333333   8.111 0.000   3.490 0.000
 91.333333  92.333333   7.117 0.000   3.085 0.000
 94.333333  95.333333   5.840 0.000   3.513 0.000
 97.333333  98.333333  12.387 0.000   4.391 0.000
100.333333 101.333333   9.340 0.000   3.891 0.000
103.333333 104.333333  19.623 0.000   7.718 0.000
106.333333 107.333333   5.906 0.000   4.596 0.000
109.333333 110.333333  11.364 0.000   4.746 0.000
112.333333 113.333333  13.324 0.000   5.758 0.000
115.333333 116.333333   5.527 0.000   3.069 0.000
118.333333 119.333333   7.781 0.000   3.252 0.000
121.333333 122.333333   6.074 0.000   2.087 0.000
124.333333 125.333333   8.281 0.000   3.204 0.000
127.333333 128.333333   8.195 0.000   4.505 0.000
130.333333 131.333333  12.169 0.000   4.950 0.000
133.333333 134.333333  12.084 0.000   4.508 0.000
136.333333 137.333333  11.801 0.000   6.300 0.000
139.333333 140.333333  12.264 0.000   4.183 0.000
142.333333 143.333333   9.014 0.000   3.836 0.000
145.333333 146.333333   4.522 0.000   2.713 0.000
148.333333 149.333333   6.583 0.000   2.917 0.000
151.333333 152.333333   3.568 0.000   1.959 0.000
154.333333 155.333333   8.200 0.000   3.762 0.000
157.333333 158.333333   7.073 0.000   3.324 0.000
160.333333 161.333333  13.375 0.000   5.088 0.000
163.333333 164.333333 999.999 0.999 999.999 0.999
166.333333 167.333333  20.320 0.000   6.869 0.000
169.333333 170.333333  12.951 0.000 999.999 0.456
172.333333 173.333333   4.198 0.000   2.619 0.000
175.333333 176.333333   4.836 0.000   2.664 0.000
178.333333 179.333333   7.162 0.000   2.510 0.000
181.333333 182.333333   4.224 0.000   2.459 0.000
184.333333 185.333333  11.279 0.000   6.615 0.000
187.333333 188.333333  15.470 0.000   5.181 0.000
190.333333 191.333333   4.760 0.000   3.324 0.000
193.333333 194.333333  19.900 0.000   7.821 0.000
196.333333 197.333333  19.050 0.000   6.765 0.000
199.333333 200.333333  12.075 0.000   5.334 0.000
202.333333 203.333333  11.323 0.000   4.911 0.000
205.333333 206.333333  16.039 0.000   7.998 0.000
208.333333 209.333333 999.999 0.999 999.999 0.999
211.333333 212.333333   5.147 0.000   2.739 0.000
214.333333 215.333333   6.034 0.000   2.993 0.000
217.333333 218.333333   3.713 0.000   1.659 0.000
220.333333 221.333333   6.654 0.000   4.851 0.000
223.333333 224.333333   4.397 0.000   2.989 0.000
226.333333 227.333333   9.194 0.000   4.378 0.000
229.333333 230.333333  14.206 0.000   5.729 0.000
232.333333 233.333333  12.858 0.000   4.118 0.000
235.333333 236.333333  17.428 0.000   4.233 0.000
238.333333 239.333333  13.051 0.000   5.225 0.000
241.333333 242.333333  11.050 0.000   3.754 0.000
244.333333 245.333333  24.359 0.000   5.596 0.000
247.333333 248.333333  17.733 0.000   4.661 0.000
250.333333 251.333333   3.866 0.000   1.914 0.000
253.333333 254.333333   5.685 0.000   3.337 0.000
256.333333 257.333333   3.314 0.000   2.233 0.000
259.333333 260.333333   7.231 0.000   5.577 0.000
262.333333 263.333333   8.497 0.000   4.114 0.000
265.333333 266.333333   7.775 0.000   4.834 0.000
268.333333 269.333333   8.867 0.000   4.310 0.000
271.333333 272.333333  10.713 0.000   4.324 0.000
274.333333 275.333333  11.343 0.000   4.792 0.000
277.333333 278.333333  11.596 0.000   5.314 0.000
280.333333 281.333333   7.954 0.000   5.356 0.000
283.333333 284.333333   9.421 0.000   3.863 0.000
286.333333 287.333333  41.441 0.000   3.575 0.000
289.333333 290.333333  10.193 0.000   6.649 0.000
292.333333 293.333333  18.426 0.000  11.172 0.000
295.333333 296.333333   7.888 0.000   5.363 0.000
298.333333 299.333333 999.999 0.999 999.999 0.999
301.333333 302.333333 999.999 0.999 999.999 0.999
