scripts/IMPROVE-2019_partial/data/US9065R.19980103050000.20191216000000.filterpack...1y.3d.US03L_filterpack_US9065.US03L_IMPROVE_Davis.lev2.nas
51 1001
MISSING INFORMATION
US03L, IMPROVE, , , , , , , 
MISSING INFORMATION
IMPROVE sel_HTAP
1 1
1998 01 01 2019 12 16
0
days from file reference point
4
1 1 1 1
999.999999 999.999 999.999 9.999
end_time of measurement, days from the file reference point
pm10_mass, ug/m3, Matrix=pm10
pm25_mass, ug/m3, Matrix=pm25
numflag, no unit
0
33
Data definition:              EBAS_1.1
Set type code:                TI
Timezone:                     UTC
File name:                    US9065R.19980103050000.20191216000000.filterpack...1y.3d.US03L_filterpack_US9065.US03L_IMPROVE_Davis.lev2.nas
File creation:                20191218120953
Startdate:                    19980103050000
Revision date:                20191216000000
Version:                      2
Version description:          "Data extracted from http://views.cira.colostate.edu/fed/DataWizard 2019-12-16"
Statistics:                   arithmetic mean
Data level:                   2
Period code:                  1y
Resolution code:              3d
Sample duration:              1d
Orig. time res.:              3d
Station code:                 US9065R
Platform code:                US9065S
Station name:                 Shining Rock Wilderness
Station latitude:             35.3937
Station longitude:            -82.7744
Station altitude:             1617.0 m
Regime:                       IMG
Component:                    
Unit:                         ug/m3
Matrix:                       
Laboratory code:              US03L
Instrument type:              filterpack
Instrument name:              filterpack_US9065
Method ref:                   US03L_IMPROVE_Davis
Blank correction:             Blank corrected
Volume std. temperature:      ambient
Volume std. pressure:         ambient
starttime endtime PM10 PM2.5 flag
  2.208333   3.208333 999.999   4.743 0.000
  6.208333   7.208333   3.049   0.586 0.000
  9.208333  10.208333   4.936 999.999 0.000
 13.208333  14.208333  12.816   9.024 0.000
 16.208333  17.208333   8.799 999.999 0.000
 20.208333  21.208333  11.431   8.362 0.000
 23.208333  24.208333  11.197   1.968 0.000
 27.208333  28.208333 999.999 999.999 0.999
 30.208333  31.208333   3.935   3.884 0.000
 34.208333  35.208333 999.999 999.999 0.999
 37.208333  38.208333 999.999 999.999 0.999
 41.208333  42.208333 999.999 999.999 0.999
 44.208333  45.208333 999.999 999.999 0.999
 48.208333  49.208333  11.887   1.600 0.000
 51.208333  52.208333 999.999  10.175 0.000
 55.208333  56.208333   5.098   2.393 0.000
 58.208333  59.208333   6.710   3.884 0.000
 62.208333  63.208333   7.472   5.652 0.000
 65.208333  66.208333   0.958 999.999 0.000
 69.208333  70.208333 999.999   3.721 0.000
 72.208333  73.208333  12.584  10.593 0.000
 76.208333  77.208333   1.444   0.550 0.000
 79.208333  80.208333   0.797   0.550 0.000
 83.208333  84.208333  14.933   9.728 0.000
 86.208333  87.208333  18.782  14.696 0.000
 90.208333  91.208333   5.005   2.491 0.000
 93.208333  94.208333   8.535   5.304 0.000
 97.208333  98.208333  24.427  13.416 0.000
100.208333 101.208333   8.475   6.619 0.000
104.208333 105.208333  19.915  14.801 0.000
107.208333 108.208333   5.484   3.413 0.000
111.208333 112.208333   9.060   3.516 0.000
114.208333 115.208333  21.307  17.810 0.000
118.208333 119.208333  12.839   8.310 0.000
121.208333 122.208333  11.224   7.568 0.000
125.208333 126.208333  17.484  12.578 0.000
128.208333 129.208333  18.023  11.990 0.000
132.208333 133.208333  30.851  17.040 0.000
135.208333 136.208333  55.830  38.649 0.000
139.208333 140.208333  42.929  27.162 0.000
142.208333 143.208333  43.854  28.452 0.000
146.208333 147.208333  37.476  24.276 0.000
149.208333 150.208333  30.463  14.066 0.000
153.208333 154.208333  26.640  15.406 0.000
156.208333 157.208333   8.631   6.303 0.000
160.208333 161.208333  19.955   9.289 0.000
163.208333 164.208333  20.988  11.867 0.000
167.208333 168.208333  13.967   7.293 0.000
170.208333 171.208333  16.590   8.982 0.000
174.208333 175.208333  26.091  15.865 0.000
177.208333 178.208333  47.733  37.407 0.000
181.208333 182.208333 999.999 999.999 0.999
184.208333 185.208333 999.999 999.999 0.999
188.208333 189.208333 999.999 999.999 0.999
191.208333 192.208333 999.999 999.999 0.999
195.208333 196.208333  21.383  13.513 0.000
198.208333 199.208333  22.588  16.398 0.000
202.208333 203.208333  17.634  16.068 0.000
205.208333 206.208333  12.409  11.314 0.000
209.208333 210.208333  18.219  16.435 0.000
212.208333 213.208333  22.862  18.750 0.000
216.208333 217.208333  24.425  18.079 0.000
219.208333 220.208333   5.781   4.649 0.000
223.208333 224.208333  19.340  17.603 0.000
226.208333 227.208333   9.899   8.860 0.000
230.208333 231.208333  28.054  24.364 0.000
233.208333 234.208333  25.605  20.627 0.000
237.208333 238.208333  34.525  27.894 0.000
240.208333 241.208333  30.067  24.552 0.000
244.208333 245.208333  23.759  18.451 0.000
247.208333 248.208333  26.100  18.816 0.000
251.208333 252.208333 999.999 999.999 0.999
254.208333 255.208333 999.999 999.999 0.999
258.208333 259.208333  30.492  24.056 0.000
261.208333 262.208333  16.566  13.625 0.000
265.208333 266.208333  13.849  10.762 0.000
268.208333 269.208333  21.657  17.544 0.000
272.208333 273.208333   5.442   3.018 0.000
275.208333 276.208333  14.639  14.631 0.000
279.208333 280.208333   2.152   1.377 0.000
282.208333 283.208333   8.878   8.204 0.000
286.208333 287.208333  10.798 999.999 0.000
289.208333 290.208333  14.126  10.446 0.000
293.208333 294.208333   6.702   5.602 0.000
296.208333 297.208333   4.242   2.976 0.000
300.208333 301.208333  15.286  10.211 0.000
303.208333 304.208333  15.649  10.140 0.000
307.208333 308.208333   6.782   3.908 0.000
310.208333 311.208333  13.179   8.742 0.000
314.208333 315.208333   5.451   2.207 0.000
317.208333 318.208333   7.808   5.340 0.000
321.208333 322.208333  11.008   7.436 0.000
324.208333 325.208333   4.667   4.362 0.000
328.208333 329.208333  11.774   7.597 0.000
331.208333 332.208333   3.217   1.787 0.000
335.208333 336.208333   8.853   6.241 0.000
338.208333 339.208333  12.745   8.556 0.000
342.208333 343.208333   6.625   3.618 0.000
345.208333 346.208333   8.140   2.626 0.000
349.208333 350.208333   2.328 999.999 0.000
352.208333 353.208333   5.852 999.999 0.000
356.208333 357.208333   5.281   1.443 0.000
359.208333 360.208333   7.066   5.532 0.000
363.208333 364.208333   2.510   1.167 0.000
