scripts/IMPROVE-2019_partial/data/US9026R.20060102080000.20191216000000.filterpack..pm25.52w.1w.US03L_filterpack_US9026.US03L_IMPROVE_Davis.lev2.nas
66 1001
MISSING INFORMATION
US03L, IMPROVE, , , , , , , 
MISSING INFORMATION
IMPROVE sel_HTAP
1 1
2006 01 01 2019 12 16
3.000000
days from file reference point
27
1 1 1 1 1 1 1 1 1 1 1 1 1 1 1 1 1 1 1 1 1 1 1 1 1 1 1
999.999999 9999.99 9.999 99.99 9.999 9.999 9.999 9.99 9.999 9.999 9.999 999.999 9.999 9999.999 9.999 999.99 9.999 999.999 9.999 999.999 9.999 999.999 9.999 9.999 9.999 9.999 9.999
end_time of measurement, days from the file reference point
iron, ng/m3, Revision date=20181210133000
numflag iron, no unit, Revision date=20181210133000
lead, ng/m3, Revision date=20181210133000
numflag lead, no unit, Revision date=20181210133000
magnesium, ug/m3, Revision date=20181210133000
numflag magnesium, no unit, Revision date=20181210133000
nickel, ng/m3, Revision date=20181210133000
numflag nickel, no unit, Revision date=20181210133000
nitrate, ug N/m3, Revision date=20181210133000
numflag nitrate, no unit, Revision date=20181210133000
organic_carbon, ug C/m3, Revision date=20181210133000
numflag organic_carbon, no unit, Revision date=20181210133000
organic_mass, ug/m3, Revision date=20181210133000
numflag organic_mass, no unit, Revision date=20181210133000
phosphorus, ng/m3, Revision date=20181210133000
numflag phosphorus, no unit, Revision date=20181210133000
pm10_mass, ug/m3, Version=2, Version description=Data extracted from http://views.cira.colostate.edu/fed/DataWizard 2019-12-16, Sample duration=1d, Orig. time res.=3d, Matrix=pm10, Blank correction=Blank corrected, Volume std. temperature=ambient, Volume std. pressure=ambient
numflag pm10_mass, no unit, Version=2, Version description=Data extracted from http://views.cira.colostate.edu/fed/DataWizard 2019-12-16, Sample duration=1d, Orig. time res.=3d, Matrix=pm10, Blank correction=Blank corrected, Volume std. temperature=ambient, Volume std. pressure=ambient
pm10_pm25_mass, ug/m3, Revision date=20181210133000, Matrix=pm10_pm25
numflag pm10_pm25_mass, no unit, Revision date=20181210133000, Matrix=pm10_pm25
pm25_mass, ug/m3, Version=2, Version description=Data extracted from http://views.cira.colostate.edu/fed/DataWizard 2019-12-16, Sample duration=1d, Orig. time res.=3d, Blank correction=Blank corrected, Volume std. temperature=ambient, Volume std. pressure=ambient
numflag pm25_mass, no unit, Version=2, Version description=Data extracted from http://views.cira.colostate.edu/fed/DataWizard 2019-12-16, Sample duration=1d, Orig. time res.=3d, Blank correction=Blank corrected, Volume std. temperature=ambient, Volume std. pressure=ambient
potassium, ug/m3, Revision date=20181210133000
numflag potassium, no unit, Revision date=20181210133000
sulphate_total, ug S/m3, Revision date=20181210133000
numflag sulphate_total, no unit, Revision date=20181210133000
0
25
Data definition:              EBAS_1.1
Set type code:                TU
Timezone:                     UTC
File name:                    US9026R.20060102080000.20191216000000.filterpack..pm25.52w.1w.US03L_filterpack_US9026.US03L_IMPROVE_Davis.lev2.nas
File creation:                20191218120656
Startdate:                    20060102080000
Revision date:                20191216000000
Statistics:                   arithmetic mean
Data level:                   2
Period code:                  52w
Resolution code:              1w
Station code:                 US9026R
Platform code:                US9026S
Station name:                 Pasayten
Station latitude:             48.3877
Station longitude:            -119.9275
Station altitude:             1627.0 m
Regime:                       IMG
Component:                    
Matrix:                       pm25
Laboratory code:              US03L
Instrument type:              filterpack
Instrument name:              filterpack_US9026
Method ref:                   US03L_IMPROVE_Davis
starttime endtime Fe flag_Fe Pb flag_Pb Mg++ flag_Mg++ Ni flag_Ni NO3- flag_NO3- OC flag_OC OM flag_OM P flag_P PM10 flag_PM10 PM10-PM2.5 flag_PM10-PM2.5 PM2.5 flag_PM2.5 K+ flag_K+ SO4-- flag_SO4--
[from data line 84]
253.333333 254.333333   40.40 0.000  0.84 0.000 0.013 0.000 9.99 0.259 0.036 0.000   6.654 0.000   11.978 0.000 999.99 0.259  19.066 0.000   4.718 0.000  14.348 0.000 0.041 0.000 0.116 0.000
256.333333 257.333333   26.10 0.000  0.22 0.000 9.999 0.259 0.17 0.000 0.034 0.000   1.611 0.000    2.900 0.000 999.99 0.259   5.752 0.000   2.081 0.000   3.671 0.000 0.011 0.000 0.056 0.000
259.333333 260.333333    4.24 0.000  0.15 0.000 0.009 0.000 0.11 0.000 0.018 0.000   1.066 0.000    1.919 0.000  10.67 0.000   3.781 0.000   1.218 0.000   2.563 0.000 0.005 0.000 0.086 0.000
262.333333 263.333333    3.04 0.000  0.31 0.000 9.999 0.259 9.99 0.259 0.006 0.000   0.263 0.000    0.474 0.000 999.99 0.259   2.096 0.000   0.828 0.000   1.269 0.000 0.003 0.000 0.083 0.000
265.333333 266.333333    3.09 0.000  0.19 0.000 9.999 0.259 9.99 0.259 0.006 0.000   0.717 0.000    1.290 0.000 999.99 0.259   2.622 0.000   0.879 0.000   1.742 0.000 0.007 0.000 0.027 0.000
268.333333 269.333333   16.29 0.000  0.26 0.000 0.011 0.000 9.99 0.259 0.007 0.000   0.714 0.000    1.285 0.000 999.99 0.259   3.012 0.000   0.966 0.000   2.046 0.000 0.011 0.000 0.057 0.000
271.333333 272.333333   26.47 0.000  0.59 0.000 9.999 0.259 9.99 0.259 0.008 0.000   1.109 0.000    1.997 0.000 999.99 0.259   5.176 0.000   2.559 0.000   2.617 0.000 0.017 0.000 0.073 0.000
274.333333 275.333333   17.45 0.000  0.43 0.000 0.006 0.000 9.99 0.259 0.017 0.000   0.815 0.000    1.468 0.000 999.99 0.259   4.635 0.000   1.761 0.000   2.874 0.000 0.023 0.000 0.191 0.000
277.333333 278.333333   47.68 0.000  0.62 0.000 9.999 0.259 9.99 0.259 0.026 0.000   1.695 0.000    3.051 0.000 999.99 0.259   8.604 0.000   3.768 0.000   4.836 0.000 0.038 0.000 0.172 0.000
280.333333 281.333333    9.91 0.000  0.49 0.000 9.999 0.259 9.99 0.259 0.014 0.000   0.457 0.000    0.822 0.000 999.99 0.259   2.267 0.000   0.947 0.000   1.320 0.000 0.012 0.000 0.081 0.000
283.333333 284.333333   17.12 0.000  0.23 0.000 9.999 0.259 9.99 0.259 0.004 0.000   0.806 0.000    1.450 0.000 999.99 0.259   4.634 0.000   2.829 0.000   1.804 0.000 0.013 0.000 0.036 0.000
286.333333 287.333333   76.39 0.000  0.78 0.000 9.999 0.259 9.99 0.259 0.023 0.000   3.128 0.000    5.630 0.000 999.99 0.259  13.445 0.000   5.532 0.000   7.913 0.000 0.038 0.000 0.115 0.000
289.333333 290.333333    2.29 0.000  0.19 0.000 9.999 0.259 9.99 0.259 0.019 0.000   0.712 0.000    1.282 0.000 999.99 0.259   1.856 0.000   0.467 0.000   1.389 0.000 0.012 0.000 0.060 0.000
292.333333 293.333333    3.64 0.000  0.13 0.000 0.011 0.000 9.99 0.259 0.005 0.000   0.097 0.000    0.175 0.000 999.99 0.259   0.863 0.000   0.712 0.000   0.240 0.000 0.005 0.000 0.026 0.000
295.333333 296.333333   14.56 0.000  1.13 0.000 9.999 0.259 9.99 0.259 0.014 0.000   1.234 0.000    2.221 0.000 999.99 0.259   4.856 0.000   1.214 0.000   3.642 0.000 0.030 0.000 0.205 0.000
298.333333 299.333333   14.74 0.000  0.39 0.000 9.999 0.259 0.16 0.000 0.017 0.000   0.595 0.000    1.070 0.000 999.99 0.259   1.032 0.000 999.999 0.259   1.438 0.000 0.010 0.000 0.043 0.000
301.333333 302.333333    6.94 0.000  0.52 0.000 9.999 0.259 9.99 0.259 0.010 0.000   0.432 0.000    0.777 0.000 999.99 0.259   3.897 0.000   2.528 0.000   1.369 0.000 0.023 0.000 0.148 0.000
304.333333 305.333333    8.89 0.000  0.81 0.000 9.999 0.259 9.99 0.259 0.059 0.000   2.864 0.000    5.154 0.000 999.99 0.259   8.402 0.000   1.692 0.000   6.711 0.000 0.074 0.000 0.156 0.000
307.333333 308.333333    1.05 0.000  0.40 0.000 9.999 0.259 9.99 0.259 0.016 0.000   0.569 0.000    1.025 0.000 999.99 0.259   1.646 0.000   0.399 0.000   1.247 0.000 0.010 0.000 0.020 0.000
310.333333 311.333333    0.54 0.000  0.18 0.000 9.999 0.259 9.99 0.259 0.001 0.000   0.401 0.000    0.723 0.000 999.99 0.259   0.904 0.000   0.324 0.000   0.580 0.000 0.004 0.000 0.006 0.000
313.333333 314.333333    0.58 0.000  0.22 0.000 9.999 0.259 9.99 0.259 0.029 0.000   0.414 0.000    0.745 0.000 999.99 0.259   1.204 0.000   0.289 0.000   0.916 0.000 0.009 0.000 0.027 0.000
316.333333 317.333333    0.35 0.000  0.20 0.000 0.005 0.000 9.99 0.259 9.999 0.259 999.999 0.259 9999.999 0.259 999.99 0.259   0.289 0.000   0.053 0.000   0.245 0.000 9.999 0.259 0.012 0.000
319.333333 320.333333    0.46 0.000  0.20 0.000 9.999 0.259 9.99 0.259 0.014 0.000   0.021 0.000    0.039 0.000 999.99 0.259   1.571 0.000   0.692 0.000   0.879 0.000 0.004 0.000 0.042 0.000
322.333333 323.333333    1.23 0.000  0.38 0.000 9.999 0.259 9.99 0.259 0.028 0.000   1.018 0.000    1.832 0.000 999.99 0.259   2.771 0.000   0.524 0.000   2.247 0.000 0.014 0.000 0.055 0.000
325.333333 326.333333    0.86 0.000  0.13 0.000 9.999 0.259 9.99 0.259 0.014 0.000   0.046 0.000    0.083 0.000 999.99 0.259   0.868 0.000   0.532 0.000   0.336 0.000 0.004 0.000 0.016 0.000
328.333333 329.333333    1.09 0.000  0.34 0.000 0.009 0.000 9.99 0.259 0.008 0.000   0.090 0.000    0.163 0.000 999.99 0.259   0.995 0.000   0.358 0.000   0.637 0.000 0.005 0.000 0.069 0.000
331.333333 332.333333    1.11 0.000  0.44 0.000 0.011 0.000 9.99 0.259 0.015 0.000   0.336 0.000    0.605 0.000 999.99 0.259   1.879 0.000   0.392 0.000   1.488 0.000 0.014 0.000 0.081 0.000
334.333333 335.333333    1.34 0.000  0.25 0.000 9.999 0.259 9.99 0.259 0.005 0.000   0.036 0.000    0.066 0.000 999.99 0.259   1.034 0.000   0.315 0.000   0.719 0.000 0.003 0.000 0.054 0.000
337.333333 338.333333    2.17 0.000  0.23 0.000 9.999 0.259 9.99 0.259 0.111 0.000   0.319 0.000    0.574 0.000 999.99 0.259   1.453 0.000   0.041 0.000   1.411 0.000 0.008 0.000 0.077 0.000
340.333333 341.333333    6.17 0.000  0.28 0.000 9.999 0.259 0.20 0.000 0.136 0.000   0.673 0.000    1.211 0.000 999.99 0.259   2.781 0.000   0.734 0.000   2.047 0.000 0.012 0.000 0.091 0.000
343.333333 344.333333    0.37 0.000 99.99 0.259 9.999 0.259 9.99 0.259 0.004 0.000   0.077 0.000    0.139 0.000 999.99 0.259   0.330 0.000 999.999 0.259   0.304 0.000 0.002 0.000 0.008 0.000
346.333333 347.333333    0.15 0.000 99.99 0.259 9.999 0.259 0.10 0.000 0.001 0.000 999.999 0.259 9999.999 0.259 999.99 0.259   0.371 0.000 999.999 0.259   0.335 0.000 0.001 0.000 0.005 0.000
349.333333 350.333333    0.58 0.000 99.99 0.259 9.999 0.259 0.19 0.000 0.015 0.000   0.004 0.000    0.006 0.000   1.49 0.000   1.243 0.000   0.391 0.000   0.852 0.000 0.004 0.000 0.034 0.000
352.333333 353.333333    3.29 0.000  0.46 0.000 9.999 0.259 9.99 0.259 0.049 0.000   0.346 0.000    0.623 0.000 999.99 0.259   1.445 0.000   0.205 0.000   1.240 0.000 0.006 0.000 0.046 0.000
355.333333 356.333333    0.47 0.000  0.15 0.000 9.999 0.259 9.99 0.259 0.013 0.000   0.038 0.000    0.069 0.000 999.99 0.259   0.825 0.000   0.223 0.000   0.602 0.000 0.003 0.000 0.030 0.000
358.333333 359.333333    0.47 0.000  0.11 0.000 9.999 0.259 9.99 0.259 0.006 0.000   0.052 0.000    0.093 0.000 999.99 0.259   0.863 0.000   0.258 0.000   0.605 0.000 0.003 0.000 0.019 0.000
361.333333 362.333333    5.61 0.000  0.21 0.000 9.999 0.259 9.99 0.259 0.008 0.000   0.092 0.000    0.165 0.000 999.99 0.259   1.075 0.000   0.417 0.000   0.659 0.000 0.005 0.000 0.037 0.000
364.333333 365.333333    1.25 0.000  0.36 0.000 9.999 0.259 0.08 0.000 0.008 0.000   0.158 0.000    0.285 0.000 999.99 0.259   0.373 0.000 999.999 0.259   0.573 0.000 0.002 0.000 0.028 0.000
